,#10,#11,#12,#13,#17,#18,#26,#49,#50,#51,#52,#53,#54,#58,#101,#102,#201,#202,#301,#302,#401,#402,#501,#502,#601,#602,#701,#702,#801,#802,#901,#902,#1001,#1002,#1101,#1102,#1201,#1202,#1301,#1302,#1401,#1402,#1501,#1502,#1601,#1602,#1701,#1702,#1801,#1802,#1901,#1902,#2001,#2002,#2101,#2102,#2201,#2202,#2301,#2302,#2401,#2402,#2501,#2502,#2601,#2602,#2701,#2702,#2801,#2802,#2901,#2902,#3001,#3002,#3101,#3102,#3201,#3202,#3301,#3302,#3401,#3402,#3455,#3501,#3502,#3601,#3602,#3701,#3702,#3801,#3802,#3901,#3902,#4001,#4002,#4101,#4102,#4201,#4202,#4301,#4302,#4401,#4402,#4501,#4502,#4601,#4602,#4701,#4702,#4801,#4802
#10,1.0,0.4690677026597129,0.33372022403670965,0.22430470534931024,-0.2904128869308706,0.17031995604098984,0.16868113329413012,0.6549487626888261,0.002689597331610963,0.3265711008068792,0.6203214020610606,-0.19440101028602277,0.029963463892878833,-0.03336450309930302,0.1605911330049261,0.20382134904032467,0.1936143753675301,0.13035196128522264,0.2808922907849961,0.02461126160431107,0.18570175354033913,0.10243027773225492,0.46698157770429854,0.19266964225463448,0.4375059045819556,0.2531248493729093,0.2735272285579324,0.17483925076880066,0.11858714198953081,-0.03541977962654121,-0.12665400595760268,-0.006221742357783926,-0.1805192176067404,0.40035668495078713,-0.04253419837467344,0.03836194846384468,0.17550634802811063,0.2735272285579324,0.12389692768935633,0.14892271504728485,-0.35166244107468214,,0.14079415422286062,0.2724012609295017,-0.22352963859138364,0.20617354168875865,-0.2164614924855157,-0.3225916535721516,-0.03519998457578591,-0.05350467064482855,-0.035415923573019197,-0.01946728620593254,0.004775722287025344,0.13941754311549845,0.17819401733296059,0.2671107554972863,-0.030271948174640663,-0.04238381228731455,-0.4964109781843772,-0.2254113927101308,-0.1254586293657756,-0.21359258866513067,-0.08196620169087947,-0.1294535008145913,0.18335727299894922,-0.10298940549294824,0.014566242179441451,0.19507196359885476,0.09730558260148651,0.08021555339188108,0.15061166648993088,0.12467585050080496,0.05988643922377643,-0.1664523343584009,-0.028147262684006052,-0.07645590120790877,-0.5628237879941773,-0.580958807708251,0.3280903858945562,0.3333153384168972,0.19395370807746812,0.18085083820963435,,-0.14232115141758167,-0.2269268217442858,-0.41998014132436157,-0.45287613392073883,-0.3514116679830366,,0.008242314403323918,-0.29070980305206634,-0.30856718691255436,-0.4499918058862657,-0.22450522013245544,-0.2027647903752904,0.2635554741499812,0.4156575053261739,-0.2740053791946632,-0.12668099833225685,-0.25620198008348355,0.013208911339689395,-0.23552967715191886,0.10185958181099554,-0.1997609246816346,0.012954411807235885,-0.0815150434288028,0.025054707759343698,-0.3252754668234795,-0.31090395534690024,-0.37018306614095803,-0.4064338253014952
#11,0.4690677026597129,1.0,0.40745567948483125,0.14573761483809394,0.04311260640297687,-0.014612514821705726,0.3484040758485728,0.48833640210926127,0.27104393008974964,0.5925346803813637,0.28120463112027994,-0.14802811063017554,-0.15621451225743013,0.09154849469310634,0.09754851397337395,0.25923283815179354,0.22888955298699545,0.1946902143001745,0.05394426074633916,0.16450117127625732,0.043020061118448326,0.1184830285444362,0.3072561287150666,0.22608620207648483,0.3468655104932856,0.2103612158136755,0.24226620265489285,0.36147224123470834,0.08719886632026452,-0.3089836406929328,-0.08506646872258587,-0.1387851503378867,0.07575795552042262,0.30704018971783326,-0.14036613228191608,-0.15375820616390157,-0.024364474178901602,-0.024541852640914658,0.031162696538227952,0.05326559532646313,-0.14999855397992923,,0.08851378057127433,0.057399284702071666,-0.2705619233994968,-0.06277076725824954,-0.09493025363192041,-0.03154830189043024,-0.12563986388131068,0.04129254914058207,0.02936963165048731,0.018298901988759605,-0.020273201392035322,-0.08984026298285021,-0.025544426556640607,0.06176819334252359,-0.1988547521039592,-0.13832627996876595,-0.3813810455689125,-0.129738848775221,-0.2590901641714787,-0.24384332854540022,-0.043930089749645726,-0.0681730982426036,0.48883768906712427,0.17227111912313342,0.08245977654169839,0.2449538719597428,0.021306623735937454,0.07714227873482885,0.2728022904957921,0.3794761551290332,0.0748594950497913,0.059863302902644286,0.13525300531171372,0.04373728707354458,-0.41208679976478074,-0.3708617315608341,0.2924334589764106,0.16590091870475163,-0.03901747756258857,0.1744767817377305,,-0.19040613883720706,-0.1525011327157221,-0.43467941735031285,-0.42278734828839426,-0.1499827921871165,,0.05115247799639459,-0.33233204476878137,-0.2329923939344278,-0.44683369805172896,-0.4350611666489931,-0.19234573375878458,0.22133554413735262,0.4113580056491184,-0.003996799475576721,-0.009094502231690976,-0.04303548533253641,0.08292250296434114,-0.08547906644944232,0.13545737614838094,0.14890729083319676,0.23294997734568557,0.20400643960938178,0.17471200100257392,-0.21225453809298872,-0.20602315560139975,-0.3042638311819768,-0.2810966616216633
#12,0.33372022403670965,0.40745567948483125,1.0,0.4993917075569009,-0.15921066584404192,0.42872181465878745,0.3866676949476059,0.21252831789305235,-0.06422449943605217,0.6685374953004348,0.41294284364666983,-0.26546807669690453,-0.005539220884385875,-0.182809713398822,0.10062178863042619,-0.11222465367819305,0.6246324698986822,0.5552929154656666,0.12173753771702352,-0.3480377507639806,-0.13547280036246903,-0.2941686830613209,0.15023762929829465,0.18176086684083176,0.10689173165723541,-0.042595895231025804,0.37600185090569055,0.28115064637097165,0.39907647518147554,0.10093412896571004,0.3277047805423539,-0.05550210636923641,0.4852207108634668,0.05859851734742078,-0.03174496062005341,-0.03845063769485121,-0.14435329162368774,-0.03920256813164567,0.20545245968014036,0.12714758080842162,-0.15429419760346275,,0.1493160325065312,-0.08428754591113724,-0.11888020205720455,-0.031162696538227952,0.13034039312465656,0.04361003730731783,0.24080475837004617,-0.021827190961410545,0.19805654902490047,0.08784282725844235,0.23298468182738377,0.07477466187230679,-0.008974964572508267,-0.04332854540021015,-0.24403998727502338,-0.49043409522524173,0.10742001098975254,0.1676824154319262,-0.1603366334724726,-0.24937676534950304,-0.3514542141844929,-0.3855764318008734,0.30208130488851187,0.33468809347073736,-0.24149499195048826,0.06494943749819247,-0.2175064829899839,-0.21483038184570002,0.08102532463150589,0.2925182921538951,-0.04752778768569308,-0.04147378365611715,-0.20323137285145518,-0.23362093065851755,-0.287790770535895,-0.14028129910443157,0.206910047911465,0.14667463584394552,0.11240588819372813,-0.07856130643093326,,-0.17700635284817753,-0.15626849700673845,-0.1492311993290467,-0.03734395033403064,-0.15443465318673152,,0.22061060607521232,0.2144216401723656,-0.04075270164749887,-0.06134402745510108,-0.07262684006054004,0.07877724542816654,0.49077342793517975,0.11193159361051931,0.354338542218966,0.3989723617363809,0.24300270887759923,0.32659423712801133,0.195449856844013,0.003857981548783897,0.24913769003113764,0.31155948444564413,0.24034974405444748,0.4205277009244888,-0.2220064974501846,0.015642081112085836,-0.05168461338243375,-0.06573607241668514
#13,0.22430470534931024,0.14573761483809394,0.4993917075569009,1.0,-0.2244820838113233,0.38414583594420293,-0.11513597408732033,0.18169916998447938,-0.04524886005417755,0.41993772473561936,0.30739109058833736,-0.05321161057715481,-0.10471306141729247,-0.45314605766728044,-0.13249592704346735,0.007791156141247241,0.4216189640712213,0.16339062786191472,0.1387851503378867,-0.06587489034347797,0.14927747197131097,0.09169116867342118,0.2886391023107401,0.42765368783318713,0.02013823951876452,0.3925019039264265,0.56124666210367,0.47360627765513386,-0.009985250595278262,0.1543211899781169,0.23020446723800525,0.017253911484291402,0.10476704616660079,-0.07639034829803437,-0.13545737614838094,-0.2585618848389616,-0.1878495753521059,-0.11269894826140187,0.357874543298661,0.40042994996770553,-0.10264236067596619,,0.2296029228885697,-0.19719279303596735,0.20197815545679773,0.015275756027493662,0.24516981095697607,0.15428648549641868,0.48080552958075057,0.2708781197883027,0.33146828877984824,0.17824414602874689,0.30006073284297186,0.3009630493671252,0.15318365418912014,0.06730548620014846,-0.0182140688112751,-0.22829572074460394,0.14529802473658335,0.075989318731744,-0.20899617286687938,-0.23889986793016688,-0.4893196957573771,-0.5358584057146714,0.33013795031475035,0.23293455313159747,-0.4944713832627997,-0.1514060135154676,-0.35916246517501665,-0.3719876991892647,-0.2870889687948869,-0.16873897409696045,-0.39852505952782624,-0.30704790182487735,-0.2814282822245573,-0.2979900321016456,-0.2657302883364021,0.10098425766149634,-0.08940452893486162,0.04812547598160662,0.26428812431916554,0.15745230543799948,,-0.047832415913932884,-0.003082914790857297,-0.0955703585165762,-0.14329673295865347,-0.10240437127438384,,0.2365322510676448,0.29600416453780376,-0.06821551483134586,0.12124010681268256,-0.15461425004579063,-0.13484040758485727,0.3994235199984576,0.16937907898161628,-0.015187066796487136,-0.007093210453761098,0.12074653196186363,0.195280190489044,0.09778373323821735,-0.13326328169434992,-0.06879777891317132,0.14950497912911032,0.01933618038618376,0.36007249380621403,-0.02426421678732901,0.2268072840851031,-0.0707489419953149,-0.026874765021738502
#17,-0.2904128869308706,0.04311260640297687,-0.15921066584404192,-0.2244820838113233,1.0,-0.0855446193593167,0.1812788601505789,-0.29776638099736824,0.10696499667415384,-0.05355865539413687,-0.007093210453761098,0.30446048991159996,0.2471286861461637,0.3136301851869704,-0.2972535258789392,-0.21950391871439176,-0.1130729854530381,-0.08654719327504266,-0.1491347979909961,0.0076561942679764395,-0.3223371540396981,-0.2995517337780648,-0.1480358227372196,-0.07258827952531981,0.06599057194913865,-0.2107159727377016,-0.29918540869347265,-0.2221028987882352,-0.29155427877338935,-0.15789960764655414,0.032358073130055044,0.2546055739253661,0.11552929154656667,0.22123528674578002,0.11677479683418006,0.07250730240135733,0.10668350476704616,-0.07467826053425622,-0.18146009466611396,-0.34900562019800835,0.10569249901188628,,-0.09187240318895626,-0.016883730346177205,0.034660137082702706,0.0703633366431126,-0.02748402147821812,0.09427472453317652,-0.30545149566675983,-0.2247520075578649,-0.1701232973113667,-0.22779443378674097,-0.2956147031320795,-0.5181436958344982,-0.38054813800815557,-0.14987901632074654,-0.14815921644992433,0.015784755092400682,0.23670577347613586,0.035111295344779386,-0.0324004897187973,0.13897795301398783,0.3274849854915986,0.15200755786490316,-0.02599172876519526,-0.12145990186343786,0.3146636075308725,0.25812615079097295,0.1944087223930668,0.27196938293503514,0.27060819604176106,0.15607955038415933,0.08077082509905237,0.4585368204910684,0.2610297590930562,0.3594632373497344,0.17692537572421504,0.24762997310402668,-0.14969778180521146,-0.1848688459795822,-0.2432687765706188,0.13896252879989973,,-0.09329914299210473,0.4947451630628633,0.2272430181330917,0.30471113339053146,0.1053137945088659,,0.12312957303847377,0.14984431183904834,0.28643729574966503,0.32064820259705207,0.09157163101423847,0.12315656541312793,-0.25728167506964994,-0.2134460586312938,0.08376697868566416,-0.044585618848389616,-0.02753029412048239,-0.1810783453674337,0.07846104903936067,0.46800728794115665,0.31219187722325586,0.2859822814340663,0.12306402012859939,-0.003919678405136263,0.08735696451466746,0.2221723077516316,0.10625933887962365,0.10690329981780147
#18,0.17031995604098984,-0.014612514821705726,0.42872181465878745,0.38414583594420293,-0.0855446193593167,1.0,0.2219525127008763,0.05148024254576654,-0.3177985790442771,0.16598575188223613,0.20491646824057919,-0.056554808980748654,0.24614153644452585,0.01809453115209239,-0.10879276604359268,-0.042352963859138365,0.10560766583440179,0.26278426344557665,0.1308185437613874,0.08183509587113069,-0.19118891770217772,-0.07584664475142915,0.021383744806377912,0.37862782335418815,-0.22903993907435435,0.18147166282668004,0.04216401723655924,0.1226282860806108,0.323335871901902,0.36119846143464474,0.3859157645108114,0.38187847647325346,0.16388420271273366,0.1895192465271418,0.2507495204033432,0.08706776050051575,-0.07202143965758245,0.15779935025498154,0.18156420811120857,0.14467334406601565,-0.013744902779250575,,-0.044381248011722406,-0.06645715442530342,0.0043284200784706895,0.16909373102098657,-0.022602257719337146,0.06921423269354979,0.13160132262635804,0.02012281530467643,0.04213316880838306,0.0734790278889071,0.07684536261363308,0.18760664398021845,-0.1298892348625799,0.01766265315762583,-0.335640538690677,-0.09071944318587143,0.07963714536357765,-0.047647325344875785,-0.28750542257526535,-0.28100026028361275,0.056635786104711136,0.014273182111767712,0.24747573096314576,0.27968920208612497,0.056234756538420756,0.3500776030771307,0.013293744517173899,0.11224778999932519,0.056743755603327777,-0.054167911850616486,0.08784282725844235,-0.06142886063258558,-0.1787377208795658,-0.12528125090376255,-0.44337096198895243,-0.22780600194730702,0.15884434075944975,0.4856255964832792,0.0657283603096411,-0.05589156777496072,,0.11031590718479173,0.18121716329422652,-0.23190498684121735,-0.05420261633231469,-0.014051608040361294,,0.16624410746821167,0.4591846374827683,-0.07619754562193323,0.21484580605978812,-0.21421341328217636,0.09354978647103622,0.05644298342860999,0.2935979871400615,-0.07296231671695604,0.07947904716917471,-0.09913720802444738,-0.0696885272767586,0.18398966577656098,0.035119007451823434,-0.03314856410206974,0.09247009148486982,0.0008039871593417717,0.2913460518832001,-0.3435145999826478,0.10350997271842133,-0.26305804324564025,-0.24140244666595972
#26,0.16868113329413012,0.3484040758485728,0.3866676949476059,-0.11513597408732033,0.1812788601505789,0.2219525127008763,1.0,0.22774816114447669,-0.015692209807872132,0.4410573298757387,0.4422758427886979,-0.1390704982985164,0.3467922454763672,0.4111729150800613,0.23787415769330877,-0.00960735735012002,0.2406582283362093,0.2506492630117706,0.1107169367510821,0.031606142693260585,-0.15211167130999778,-0.15308725285106958,0.08268728369949775,-0.03482980343767172,-0.04738896975890025,-0.28922907849960955,-0.25247703238120944,-0.1993945995970424,0.37559696528587816,0.04892753511418738,0.13349464490567128,0.12811930629597137,0.23815564960041646,0.26991410640779695,0.25888193728128944,0.2428600348972844,0.14337771008261593,0.12568613652357494,-0.0794096382057783,-0.18826602913248436,0.23770063528481775,,-0.06535046706448286,0.18250122911706015,-0.16585850211600936,-0.1308995208853499,-0.2839270049068281,-0.2724166851435898,-0.35281154502424494,-0.34255444265566404,-0.14969006969816742,-0.20658228336209306,-0.07367183056500824,-0.23653610712116685,-0.2265373603385615,-0.15560525580095053,-0.24795773765339862,-0.04812547598160662,-0.23321990109222715,-0.2495194393298179,-0.31057233474400625,-0.3457626791859871,0.2949321816586814,0.2648164036516827,0.056917278011818805,-0.08178496717534439,0.41296597996780193,0.5494317141121918,0.2624603549497267,0.28872393548822456,0.4736833987255743,0.4581165106571679,0.47391861799041773,0.37383474882631373,0.14199338686820973,0.0929405300145566,-0.3910481717486239,-0.42099813945417563,0.379780783357273,0.2888666094685394,-0.03271668610760317,-0.25013255183981953,,-0.1252735387967185,0.010710188657418565,-0.28090000289204015,-0.24722123143069225,0.2376414584268292,,0.308008059151861,0.11446116472096633,-0.25425081700134,-0.13602807206964032,-0.23704510618607386,-0.08231324650786152,0.05362420830401126,0.19494085777910597,0.18825060491839626,0.17028525155929164,-0.027518725959916324,0.012167776888743216,0.14662836320168124,0.2917278011818804,0.18895626271292645,0.2599115035716696,0.2728909797267986,0.04725400788562945,-0.4909122458619726,-0.20233291238082385,-0.2555850115199599,-0.3915918752952291
#49,0.6549487626888261,0.48833640210926127,0.21252831789305235,0.18169916998447938,-0.29776638099736824,0.05148024254576654,0.22774816114447669,1.0,0.3463719356424667,0.3751188146491473,0.4530535123827519,-0.18272488022133748,0.09909093538218311,0.14561422112538921,0.1700423201874042,0.17115286360174678,0.1164778807129843,0.10745085941792872,0.35131154020417804,0.033896638485342176,0.19687274059363943,0.10619378596974927,0.5365332150810254,0.14449210955048056,0.2952830825291855,0.21567100151350102,0.1864344037095235,0.10700355720937407,0.19584317430325934,-0.10601255145421419,-0.07696490027281579,-0.04984527585242883,-0.14233271957814775,0.18123644356183663,-0.028899193120800516,-0.05398667733508141,0.16642534198374673,-0.012090655818302758,0.16138933608398484,0.11045858116510657,-0.2100758678530458,,0.14394840600387535,0.25639092670606267,-0.10627476309371174,0.02740690040777766,-0.4129235633790597,-0.42853672408973037,-0.14760780079627506,-0.02840947432350361,0.014462128734346833,-0.008423548918858994,0.09630300868576055,0.05790057165993464,0.17867988007673546,0.061058679494471385,0.13476328651441682,-0.12308715644973152,-0.7032959617479491,-0.4090829340711249,-0.33501971407363135,-0.4111767711335833,0.03834266819623457,-0.01736959308995209,0.23439985346996617,-0.09953052548369372,0.1613276392276325,0.24628035437131868,0.18695497093499658,0.051113917461174364,0.28034858723839085,0.15992017969209413,0.21697820365746676,-0.15495358275572865,0.13128127018403016,0.020519988817444785,-0.5506695072927612,-0.5608494885909017,0.49702794674790085,0.2699565229965392,0.256275245100402,0.08081709774131665,,0.05225530930369313,-0.23232915272863988,-0.480026606769302,-0.6589050736024216,-0.20946497655226282,,0.09072715529291546,-0.32485901304310105,-0.2958229300222687,-0.3700249679465551,-0.4235315666181447,-0.5432273239952571,0.2779038493054284,0.3633886998351537,-0.15407054649918542,0.06725921355788418,-0.21968900928344887,0.06890189235826594,-0.0032757174669584416,0.0741692614693492,-0.19957197805905547,-0.06384660619089393,0.007478815805963387,0.0231343931053763,-0.34190662566396424,-0.2827663327966992,-0.4396460142866783,-0.5316437392151003
#50,0.002689597331610963,0.27104393008974964,-0.06422449943605217,-0.04524886005417755,0.10696499667415384,-0.3177985790442771,-0.015692209807872132,0.3463719356424667,1.0,0.0809096430258452,0.06281318384699179,0.014600946661139657,0.07432350361023012,0.14204351556399603,0.19128531904022827,0.06100083869164104,-0.17594979418314327,-0.16447032284808114,0.12988152275553586,-0.0076137776792341875,0.02755343044161453,-0.05571033325942564,0.08335823701232974,0.01646342051227671,0.2538497874350496,-0.037243692942458044,-0.10542643131886671,-0.04164345001108615,-0.22486383311000357,-0.18876731609034733,-0.32045925597447295,-0.16162455534882825,-0.14879160922753606,-0.1615165858502116,-0.011658777823836194,-0.12124781891972661,0.18191125292819063,-0.20858357514002293,-0.0995960783935681,-0.1766670201382395,0.03596733922666846,,0.035647286784340565,0.2057763681759903,0.05239412723048596,-0.08033123499754177,-0.25464799051410836,-0.08394050109415518,-0.20525965700403923,-0.1762582784649051,-0.20443831760384834,-0.1876529166224827,-0.15289445017496842,-0.3140312147532608,-0.18239711567196554,-0.260995054611358,0.03143647633829157,-0.21862473851137054,-0.21988952406659404,-0.22680342803158107,0.00725516470168606,-0.0625779645821484,0.10868479654497605,-0.11516296646197449,0.10960639333673951,-0.17707961786509596,0.19742801230081072,0.06921423269354979,0.22820703151359742,0.11933136031928124,0.23658623581695315,0.17548706776050052,0.0565123923920064,-0.06736718305650083,0.13934813415210204,-0.04380283998341897,0.03911387890063914,-0.006275727107092247,0.07805616341954827,-0.10317449606200534,0.07200215938997233,0.28773678578658674,,0.15534304416145295,-0.04441980854694263,0.08597649735378327,-0.1342542874495098,0.03724794398075464,,-0.12890979726798607,-0.19881233551521696,0.18968505682858877,-0.0684931506849315,-0.03788379782711384,-0.27247452594642013,-0.03141334001715944,-0.12053059296463035,0.04080283034328516,-0.0005533436804102841,-0.09754851397337395,-0.16391505114090985,-0.17597678655779742,-0.020573973566753105,0.031849074065148024,-0.27630744314731087,-0.11441874813222408,-0.2488446299634639,0.03184136195810398,-0.21700519603212093,-0.0214994264120386,-0.06491473301649427
#51,0.3265711008068792,0.5925346803813637,0.6685374953004348,0.41993772473561936,-0.05355865539413687,0.16598575188223613,0.4410573298757387,0.3751188146491473,0.0809096430258452,1.0,0.4233387639420435,-0.136645040633164,0.13265016918434827,-0.10167834729546046,0.15458725767113649,-0.10639815680641647,0.7089026635689704,0.36968563523661707,0.1226938389904852,-0.2512855118429044,0.025020003277645492,-0.22035996259628082,0.4927053107497132,0.14015790539172684,0.22647951953573114,0.04439667222581049,0.4781294284364667,0.3919312080051671,0.3610403632402418,-0.019957005003229444,0.22794481987409984,-0.06829263590178632,0.2949514619262915,0.07093403256437199,-0.021437729555686232,-0.17105646226369622,0.054715471450743736,-0.17773900301736187,0.20488176375888098,0.017550827605487165,0.07334020996211428,,0.18453722537668824,-0.07896233599722365,-0.08307674510522206,-0.07172452353638668,0.1229329143088506,0.1487414805317498,0.1723135357118757,0.09138654044518138,0.3090800420309834,0.08019241707074894,0.30444120964398985,-0.006472385836715414,0.10461280402571987,-0.22280855658276538,-0.08053174978068696,-0.4770497334503003,-0.1509857036815671,-0.015977557768501828,-0.34473696894912903,-0.3786856641570185,-0.33623437093306857,-0.32112249718026087,0.44436967985115633,0.2853961612987188,-0.18146395071963597,-0.005257728977278204,-0.28098869212304667,-0.2576749925288963,0.06442887027271939,0.2736043496283728,-0.04650978955587903,0.08872971956850761,-0.07749703565885495,-0.18562077641637667,-0.4632103573597601,-0.21663887094752876,0.22026741731175228,-0.038007191539818574,0.025918463748276825,0.052579217799543054,,-0.018499416771904795,-0.05961651547723482,-0.32075231604214666,-0.21067741220248137,0.07337762058178789,,0.17971715847415962,0.05452652482816461,-0.16012069447523933,-0.21928797971715847,-0.19777120106427076,-0.13030183258943634,0.5822814340663048,0.22519159765937552,0.23697955327619946,0.32218291189881715,0.28284345386713966,0.2967638070816423,0.19391129148872585,-0.0004646544494037577,0.22361447176886814,0.37586688903241977,0.3735879614009042,0.41879633289310053,-0.311031205113127,-0.08748807033441625,-0.20090617257767537,-0.2797470428889553
#52,0.6203214020610606,0.28120463112027994,0.41294284364666983,0.30739109058833736,-0.007093210453761098,0.20491646824057919,0.4422758427886979,0.4530535123827519,0.06281318384699179,0.4233387639420435,1.0,-0.06512681596020553,0.2932586544301235,0.10479789459477698,-0.06871680178920883,-0.1418044402456306,0.23352838537398898,0.18771461347883509,0.18375444651171757,-0.11493545930417515,-0.09531200293060067,-0.18520046658247616,0.39599934447090124,0.1672081208487174,0.15761425968592443,0.00618703787608572,0.1576065475788804,0.1345589156777496,0.04709205363770449,0.13831085575467789,0.15626078489969442,0.13039437787396488,0.07012811737826921,0.21260929501701484,0.03730538979881041,-0.08589937628334281,0.02557527498481679,-0.02262539404046928,0.13222600329692577,0.14453067008570078,-0.13575814832309874,,0.07610114428388266,0.13739697106995846,-0.03991208197969788,0.12314885330608388,-0.01694157114900755,-0.13003190884289473,-0.016883730346177205,0.004370836667212941,0.10364879064521415,0.015453134489506715,0.06633761676612071,-0.030364493459169212,-0.044897959183673466,-0.031498173194643944,-0.14660137082702707,-0.20876866570908004,-0.17179682453992462,-0.12759488301697627,-0.11854472540078856,-0.135299277953978,-0.0238246266858184,-0.20051671117195108,0.11166166986397771,0.021703797248705813,0.03224624757791638,0.28978049415325885,0.04459333095543366,0.0291151321180338,0.1675821580403536,0.15128647585628488,0.033738540290939235,0.062250200032776454,-0.01070247655037452,-0.0766139994023117,-0.4425958952310258,-0.30164171478700125,0.19396142018451215,0.1633057946844302,0.09171044894103131,0.011836156285849248,,-0.0730240135733084,0.10018219852891558,-0.17989453693617266,-0.24468009215967917,-0.13536819436248168,,0.3439464779771143,0.011990398426730163,-0.17314644327263262,-0.10774777553912449,-0.15934562771731273,-0.14311164238959637,0.16202558491511862,0.23336643112606403,-0.03174881667357543,0.0446665959723521,-0.07245717370557103,0.09250093991304599,-0.008377276276594719,0.280711056269461,-0.11269123615435782,0.11578764713254219,0.09612177417022548,0.12981211379213944,-0.18397424156247288,-0.10854983467170524,-0.10612052095283082,-0.23387543019097104
#53,-0.19440101028602277,-0.14802811063017554,-0.26546807669690453,-0.05321161057715481,0.30446048991159996,-0.056554808980748654,-0.1390704982985164,-0.18272488022133748,0.014600946661139657,-0.136645040633164,-0.06512681596020553,1.0,0.39598392025681317,0.13247664677585724,-0.25682666075405125,-0.24678935343622568,-0.17889967512749078,-0.0022577193371443997,-0.5471527864806763,-0.020018701859581812,-0.13892782431820153,-0.10848042570830883,0.07948675927621876,0.07202143965758245,-0.07328622521280595,0.029886342822438374,-0.023442877387138135,0.07332092969450416,-0.09723231758456807,-0.11523623147889293,0.014967271745731831,0.22693838990485188,-0.05141854568941417,0.020145951625808567,-0.028710246498221396,-0.16484821609323938,0.026381190170919572,-0.13210260958422104,-0.06304069100479115,-0.08562174042975716,0.2696364705542113,,-0.13281597948579527,-0.1450512373111739,-0.10127346167564806,0.03639921722113503,-0.00745567948483125,0.17189708193149722,-0.17092150039042542,0.0813646573414439,0.03892493227806002,-0.04089923168133574,-0.06653427549574388,-0.2869038782258298,-0.12395862454570869,-0.3627948675927622,0.04936326916217597,0.11732235643430731,0.12325682280470053,-0.005415827171681143,-0.03968843087542055,0.27308763845642176,0.16735079482903223,0.16578138104556892,0.012067519497170621,-0.05412163920835221,0.21375454291305562,0.05999440872239307,-0.03593649079849228,-0.002589339940038368,-0.11851002091909035,-0.17155003711451514,-0.14448825349695854,0.11517067856901854,0.08673613989762177,0.1967840513626329,-0.020905594169647074,0.06494172539114842,-0.08494307500988113,-0.05665506637232125,-0.049351701001609904,0.07720783164470323,,0.42023078480329307,0.45193911291488725,0.03538121909132099,0.06253554799340615,0.26971452370556276,,0.3219207002593196,0.2480541389914492,0.039769407999383034,0.16575053261739273,-0.14919649484734848,0.1696027300858936,-0.106656512392392,0.10660252764308369,-0.07146616795041115,-0.029300222687090895,-0.1992403574561615,-0.1807582929251058,0.03962673401906818,0.10012821377960726,0.06118592926069814,0.20082905150723493,0.008913267716155901,0.04564988962046793,0.1226784147763971,-0.03157143821156238,-0.10595856670490586,-0.0009158127114804353
#54,0.029963463892878833,-0.15621451225743013,-0.005539220884385875,-0.10471306141729247,0.2471286861461637,0.24614153644452585,0.3467922454763672,0.09909093538218311,0.07432350361023012,0.13265016918434827,0.2932586544301235,0.39598392025681317,1.0,0.4376948512045347,-0.015048248869694312,-0.3940520374422797,0.11163467748932356,-0.03421283487414805,-0.13410775741567293,-0.15280961699748394,-0.21017226919109638,-0.4097847358121331,0.1795976208149769,-0.038635728263908306,-0.07989164489603116,-0.2702110225289927,-0.1635024534140534,-0.14970934996577753,0.16487520846789352,0.03741335929742705,0.0699931555049984,0.33089373680506684,0.15983534651460962,0.06781062921153345,0.3250710959868123,-0.027291218802116973,0.35686811332941304,0.012437700635284817,-0.009611213403642042,-0.24733305698283092,0.2577559696528588,,-0.006156189447909537,0.022552129023550846,-0.0719635988547521,0.11764626493015723,-0.14584172828318856,-0.05094810715972738,-0.20754629674259878,-0.22625972448497586,-0.11050099775384882,-0.19909382742232462,-0.031131848110051766,-0.3361803861837602,-0.21717100633356792,-0.488795272478382,-0.05027715384689539,-0.18156035205768656,0.012692200167738327,-0.20462726422642746,-0.14005764800015424,-0.016791185061648655,0.3300916776724861,0.1508854462899945,-0.09628372841815044,-0.12983525011327157,0.4221241070826063,0.39825513578128463,0.1798983929896947,0.1810474969392575,0.2885966857219978,0.09948425284142944,0.22106947644433306,0.2911956657958412,0.12027609343217684,0.05562935613546316,-0.20568382289146173,-0.1568314808209538,0.21533552485708501,0.08412559166321229,-0.06794559108480426,-0.10453568295527942,,0.3180299422555985,0.2243316977239644,-0.11739176539770373,-0.07973354670162822,0.25776834321460795,,0.24534333336546713,0.3376341183615629,-0.10250354274917337,0.0818543761387408,-0.03894035649214811,0.04566531383455602,0.01225261006622772,0.012954411807235885,0.09358834700625644,0.1561373911869897,-0.10205238448709668,-0.18723260678858222,0.06514609622781564,0.16335977943373853,0.09436341376418304,0.28071491232298307,0.18018374095032438,0.06654198760278793,-0.18598710150096884,-0.13305119875063867,-0.20119152053830508,-0.219037336238227
#58,-0.03336450309930302,0.09154849469310634,-0.182809713398822,-0.45314605766728044,0.3136301851869704,0.01809453115209239,0.4111729150800613,0.14561422112538921,0.14204351556399603,-0.10167834729546046,0.10479789459477698,0.13247664677585724,0.4376948512045347,1.0,0.047608764809655556,-0.028818215996838037,-0.2440592675426335,-0.03708173869453308,0.06568208766737682,0.2652367134855832,-0.2769359798714006,-0.11905758051921761,-0.10746628363201681,-0.15225820134383466,0.014651075356925954,-0.28182545573732565,-0.5748199705011906,-0.4485727781901613,0.12907946362295508,-0.034540599423519995,0.1418352886738068,0.233027098416126,0.06270907040189717,0.200339332709938,0.535981799427376,0.24677778527565963,0.3347420782200457,0.08360502443773919,-0.39501990687630745,-0.5338648260437855,0.17053589503822314,,-0.18326472771442068,0.16871583777582833,-0.023161385480030463,-0.034895356347546105,-0.433538025507794,-0.22658363298082576,-0.5463353031340075,-0.4991372080244474,-0.3982165752460644,-0.4113194451138982,-0.4489236790606654,-0.6212044383176039,-0.4035726335881542,-0.1976246710304339,-0.18992027609343218,0.13047535499792737,-0.28224962162474815,-0.35185524375078325,-0.324172635516181,-0.27620718575573827,0.7795378519853856,0.6002236511042773,-0.03117426469879402,-0.19501026674250238,0.8503388507032478,0.5930552476068368,0.6498780523073661,0.5843675590217192,0.6941494027937107,0.40248908254846577,0.5973238988557161,0.5120858357514002,0.4873261160864913,0.4374712001002574,-0.12397019270627477,-0.196629809221752,0.3146751756914386,0.2601158744083368,-0.20181620120887278,-0.160406042435869,,0.16385721033807948,0.02597630455110717,-0.22019029624131184,-0.23670191742261382,0.1702118634768353,,0.19252311222079763,-0.1787570011471759,-0.10996886236780966,-0.05471161539722171,-0.24506184145835944,-0.2447842056047738,-0.3504786326434211,-0.007004521222754572,-0.09002920960542932,-0.006769301957911176,-0.2513009360569925,-0.465377459439137,0.047747582736448385,0.4110186729391804,0.009746175276912844,-0.0019839395370807745,-0.03864729642447437,-0.2547251115845488,-0.3207985886844109,-0.08900735542209326,-0.2673151263339535,-0.23913508719501025
#101,0.1605911330049261,0.09754851397337395,0.10062178863042619,-0.13249592704346735,-0.2972535258789392,-0.10879276604359268,0.23787415769330877,0.1700423201874042,0.19128531904022827,0.15458725767113649,-0.06871680178920883,-0.25682666075405125,-0.015048248869694312,0.047608764809655556,1.0,0.41358680458484764,0.1857788746107796,0.06778749289040131,0.34051844639603596,0.011516103843521348,0.5478892927033827,0.24439088814552745,0.09879016320746532,-0.1574561614915215,0.35476656415991054,-0.06113194451138982,-0.08525927139868701,-0.2367636142789662,0.40322558877117215,0.11973624593909364,-0.33046957091764434,-0.10580818061754697,-0.1827788649706458,0.09425544426556641,0.186688903241977,0.3785738386048798,0.5057811882428929,0.486944366787811,-0.12919514522861578,-0.29784735812133073,0.01568449770082809,,0.19677248320206683,0.4540676544590439,-0.136648896686686,-0.02542874495097992,-0.4247346553170158,-0.27384342494673825,-0.17865674375560334,-0.3488166735754292,-0.34187963328931004,-0.3665738000443446,-0.07790192127866735,0.013810455689124965,0.2545438770690137,0.03673854993107304,0.10352925298603144,0.042595895231025804,-0.4098657129360955,-0.2650863273982243,-0.2862175006989097,-0.4183953033268102,0.027225665892242585,0.2166003104123085,-0.17039707711143032,-0.37818437719915554,0.1536965093075492,0.16860401222368968,0.30921114785073217,0.10989559735089123,0.15060781043640886,0.1655114572990273,0.15510782489660957,-0.24565567370075098,-0.09843926233696124,-0.30376640027763585,-0.23858367154136098,-0.42672823498790163,0.38258413426778365,0.23775462003412606,0.045572768550027475,-0.1494818428079782,,-0.06415894652617779,-0.274140341067934,-0.3616650439108095,-0.3465416019974357,0.016185956297864033,,-0.18210791165781381,-0.14183143262028478,-0.4015289252214821,-0.39914588414487195,-0.09247780359191386,-0.11689819054688479,0.2211620217288616,0.08490065842113889,-0.1302247115189959,-0.0031600358612977547,-0.18770690137179105,-0.1657582447244368,-0.18232385065504708,-0.18813492331273557,-0.061382587990321306,-0.2631313082625587,-0.14841371598237785,-0.34768684989347654,-0.4849507871169252,-0.4969701059450705,-0.3785815507119239,-0.4163091783713958
#102,0.20382134904032467,0.25923283815179354,-0.11222465367819305,0.007791156141247241,-0.21950391871439176,-0.042352963859138365,-0.00960735735012002,0.17115286360174678,0.06100083869164104,-0.10639815680641647,-0.1418044402456306,-0.24678935343622568,-0.3940520374422797,-0.028818215996838037,0.41358680458484764,1.0,-0.20177764067365256,-0.12957303847377402,0.3881175710718865,0.577091186025662,0.4617296328073034,0.7364156054486036,0.01811766747322453,0.2428793151648945,0.2677161559002439,0.555520422623466,-0.03245447446810562,0.1632016812393356,0.09358834700625644,0.05574889379464587,-0.1575255704549179,-0.10493285646804777,-0.19796400374037193,0.2570927284470709,-0.051611348365515314,0.13023627967956194,0.0588877213615725,0.32711866040700643,-0.14428388266029132,-0.032076581222947376,-0.029161404760298073,,0.16656030385701753,0.22670702669353052,0.06067307414226909,-0.04406890767643855,-0.3746560882265046,-0.23545641213500043,-0.2665169232548948,-3.277645493719453e-05,-0.2439590101510609,-0.1262491203377903,-0.15695487453365853,0.36523574947220266,0.18735600050128695,0.4601100903280538,-0.0013168422777708154,0.31109675802300135,-0.4749327600667097,-0.3170852091427029,-0.30641165299374357,-0.35904678356935593,-0.04034010392064242,0.24064280412212122,0.21965044874822862,-0.04317815931285126,0.004239730847464163,0.1752132879604369,0.16584307790192127,0.10934803775076397,0.026824636325952205,-0.03968843087542055,-0.09556264640953216,-0.47313198307192506,-0.20352828897265093,-0.2729218281549748,-0.27433314374403517,-0.37316765156700377,0.19138557643180087,0.39246334339120625,0.16107313969517897,-0.0982811641425583,,-0.09812306594815536,-0.3251674973248629,-0.39887981645185233,-0.40935671387118855,-0.029150145713806586,,-0.05211263532337829,-0.2167468404461454,-0.07306257410852862,-0.12912188021169735,-0.33164566724186134,-0.29497459824742367,0.006453105569105299,0.4091677672486094,-0.4651152477996395,-0.4207706322963763,-0.5082490624969874,-0.2294525368012108,-0.2272584423471798,0.03129765841149875,-0.24884848601698592,-0.2934938736949669,-0.250043862608813,-0.1906182217809183,-0.3337047998226215,-0.18439069534285135,-0.39842480213625364,-0.35158146395071965
#201,0.1936143753675301,0.22888955298699545,0.6246324698986822,0.4216189640712213,-0.1130729854530381,0.10560766583440179,0.2406582283362093,0.1164778807129843,-0.17594979418314327,0.7089026635689704,0.23352838537398898,-0.17889967512749078,0.11163467748932356,-0.2440592675426335,0.1857788746107796,-0.20177764067365256,1.0,0.33067008570078954,0.11722595509625673,-0.4657283603096411,0.16853460326029326,-0.21527768405425468,0.37980777573192714,-0.060996982638119014,0.15746387359856553,-0.1240280335091051,0.573381662537476,0.2316890478439841,0.44025912679667994,-0.10093027291218802,0.18617990417706998,-0.18731743996606673,0.3398783415113802,-0.1538160469667319,-0.0809096430258452,-0.17721843579188878,0.1525859658932066,-0.1103968843087542,0.3051507234920421,-0.000792418998775703,0.004050784224885041,,0.4196947933637319,-0.1647556708087108,0.09697396199859254,-0.09663462928865453,0.2277365929839106,0.1613816239769408,0.35443494355701655,0.145409850288722,0.40789912563986386,0.1456759179817416,0.4494866628748807,0.1294843492427675,0.3350235701271534,-0.2151157298063297,0.20316196388805877,-0.473972602739726,0.12100103149431714,0.11474651268159602,-0.220390811024457,-0.22175971002477515,-0.48128753627100346,-0.4126150790972979,0.10642514918107063,0.1941195183789151,-0.35849151186218464,-0.14222089402600907,-0.41584259589523104,-0.47586206896551725,-0.11363596926725343,0.14437642794481986,-0.19023647248223804,-0.038331100035668496,-0.19465165376495425,-0.27943084650014943,-0.20975195935719587,-0.032986609854144776,0.2770709417446714,-0.1574870099196977,-0.0272449461598527,-0.0622579121398205,,-0.10415778971012117,-0.1842441653090145,-0.2261864594680574,-0.11056655066372321,0.003746195722066684,,0.18823518070430817,0.0888955298699546,-0.18425187741605853,-0.23448468664745067,0.026527720204756442,-0.07408828434538671,0.7205055286167372,-0.04677971330242064,0.34228837496264447,0.32076388420271273,0.34767528173291046,0.4350264621672949,0.2822534776782702,-0.05715635333018422,0.18781487087040769,0.3001532781275004,0.30368542315367336,0.31000163882274684,-0.14763093711740718,-0.03243133814697348,-0.10097268950093027,-0.1491695024726943
#202,0.13035196128522264,0.1946902143001745,0.5552929154656666,0.16339062786191472,-0.08654719327504266,0.26278426344557665,0.2506492630117706,0.10745085941792872,-0.16447032284808114,0.36968563523661707,0.18771461347883509,-0.0022577193371443997,-0.03421283487414805,-0.03708173869453308,0.06778749289040131,-0.12957303847377402,0.33067008570078954,1.0,-0.10974135521001031,-0.3554529416868306,-0.25504130797335467,-0.30264814475624924,0.24279448198741,0.03243133814697348,0.17079039457067663,-0.070768222262925,0.1559754369390647,-0.012021246854906346,0.50059094020225,-0.08875671194316177,0.2454243104894296,0.016814321382780793,0.32130373169579596,0.1314779289136533,-0.09615262259840167,0.11176963936259435,-0.13263860102378222,-0.014678067731580114,0.19496013804671608,0.16088804912612187,-0.1416193496765735,,0.06468722585869492,-0.1400846403748084,-0.27996298188618857,-0.06620651094637194,-0.13174785266019493,-0.06790703054958402,0.07388776956224152,-0.09028756519140485,0.0963608494885909,0.0699738752373883,0.24098599288558126,0.12855504034395998,-0.030183258943634137,0.09628758447167246,-0.328217635660783,-0.46380033354862965,0.07936722161703605,0.06057667280421852,-0.0845150530689366,-0.05823604831635063,-0.18810021883103736,-0.10726576884887162,0.17202433169772396,0.17847165318654623,-0.015719202182526294,0.08294563928547329,-0.068913460518832,-0.08564873280441132,0.16427752017198,0.30749134797990996,0.06106639160151543,-0.014774469069630687,-0.07179778855330513,-0.16663356887393596,-0.18556679166706833,-0.15944202905536328,0.34150559609767384,0.2836146645715443,0.02351999845757859,-0.16312841622241717,,0.20466582476164769,0.035805384978743506,-0.189550094955318,-0.07011269316418112,-0.14176738304057707,,0.2861712280566454,0.10428503947634793,-0.2220180656107507,-0.1605410043091398,-0.17256417919080716,0.0756692662894161,0.49554722219544406,0.2493150684931507,0.31639111950873877,0.5073467459728341,0.2749231199329047,0.3534130893736805,0.3223911387890064,0.12990080302314597,0.4200264139666259,0.1746734404673537,0.2201864401877898,0.22681885224566917,-0.05743013313024785,0.07739677826728235,-0.0637232124781892,-0.08918087783058429
