,#10,#11,#12,#13,#17,#18,#26,#49,#50,#51,#52,#53,#54,#58,#101,#102,#201,#202,#301,#302,#401,#402,#501,#502,#601,#602,#701,#702,#801,#802,#901,#902,#1001,#1002,#1101,#1102,#1201,#1202,#1301,#1302,#1401,#1402,#1501,#1502,#1601,#1602,#1701,#1702,#1801,#1802,#1901,#1902,#2001,#2002,#2101,#2102,#2201,#2202,#2301,#2302,#2401,#2402,#2501,#2502,#2601,#2602,#2701,#2702,#2801,#2802,#2901,#2902,#3001,#3002,#3101,#3102,#3201,#3202,#3301,#3302,#3401,#3402,#3455,#3501,#3502,#3601,#3602,#3701,#3702,#3801,#3802,#3901,#3902,#4001,#4002,#4101,#4102,#4201,#4202,#4301,#4302,#4401,#4402,#4501,#4502,#4601,#4602,#4701,#4702,#4801,#4802
#10,1.0,-0.06766409917769658,0.3111237503976555,0.5185485814543106,-0.08566801307202145,-0.13672216170360443,-0.11433005890121754,0.47254971899009957,0.2147262684006054,0.5490191163853354,0.5671232876712329,0.49275929549902153,-0.04975658662142231,-0.012699912274782375,-0.1067220653022664,-0.11111411026385046,0.4921114785073217,0.08270656396710786,-0.06542758813492332,-0.12477996394589957,0.1446347835307954,-0.024599693443744998,-0.020107391090588338,-0.44118843569548744,0.12626454455187838,-0.183322568517251,0.13904350592386222,0.21354245996934437,-0.09736342340431685,-0.15331476000886893,0.08297263166012744,-0.18566704905864093,0.42524751043544484,-0.047454522668774646,0.027133120607714035,-0.21702447629973104,0.123337799928663,-0.21021468577983862,0.11452671763084071,-0.14728774835394715,,,-0.054410843222503925,-0.0845150530689366,0.052471248300926414,-0.13261932075617208,-0.34098117281867873,-0.2910529918155264,-0.4648414679995758,-0.29247587556515287,-0.3245042561190749,-0.0016908794694070353,-0.23923534458658285,-0.077338937464452,-0.07254586293657755,-0.27469946882862734,0.020678087011847725,-0.12907946362295508,-0.30295662903801107,-0.13969132291556208,0.08149576316119268,-0.05452266877464259,-0.08428368985761522,-0.0801847049637049,0.06618723067876182,-0.034201266713581986,-0.02528221491714305,-0.1357388680554886,-0.04304319743958046,0.14142654700047236,0.26762746666923737,0.30022268709089683,0.22703093518938042,0.207916477880713,0.10413850944251106,0.24089730365457473,0.23116848061851097,0.16974926011973046,0.028818215996838037,-0.3446135752364243,0.03915629548938139,-0.1038917220171016,,0.10489043987930552,-0.06082731628315001,0.0699430268092121,0.18340740169473552,,,0.07744305090954662,0.042187153557691384,0.18226600985221675,0.25230736602624043,-0.2533446444236646,-0.12910645599760925,0.39012657495686043,-0.2519371848881262,0.31375357889967515,0.34499532453510456,0.030376061619735283,0.39318442539982457,0.42967811593224914,-0.08104846095263803,0.3976535914318491,0.4610355431733392,0.4145585300723974,0.3834980189525031,-0.17371328314037,-0.04834912708588395,-0.41131173300685414,-0.06818081034964765
#11,-0.06766409917769658,1.0,0.2092159679176347,-0.19160537148255619,0.12026838132513279,0.2621865751496631,0.3670442385740314,-0.0433362575072542,0.28507610885639095,0.13841111314625046,-0.11231334290919957,-0.2468587623996221,0.25445133178448515,0.054684623022567554,0.047901824877329295,0.015098377565480608,0.037128011336797356,0.29259155717081353,-0.14864893524722123,-0.004023791850230881,0.020612534101973334,-0.03807274444969296,0.17115671965526882,0.028760375194007693,0.07071423751361669,-0.21665815121513887,0.17560660541968323,-0.07918598710150097,0.11367838585599568,-0.01794800111825552,0.009495531797981356,0.0774391948560246,0.226957670172462,-0.19785603424175527,-0.09180685027908188,0.05781188242892811,0.042804122121215045,-0.10513337125119297,0.00969990263464857,-0.176578330907233,,,-0.1884279833804093,0.11997146520393703,0.08414101587730037,0.07499445692306209,-0.14283400653601072,-0.20912727868662817,-0.11674009235248185,0.04600079049097201,-0.24721737537717023,-0.11467710371819961,-0.11925038319531875,-0.1582620766776243,-0.110701512536994,-0.28447456450695535,-0.021603539857133217,-0.15479162850780367,-0.06032602932528704,-0.06974251202606692,-0.060110090328053756,-0.014265470004723665,-0.10629018730779984,-0.029697396199859255,0.22830728890517,0.44605863129380235,0.19980334127037683,0.26056317661689143,-0.07198673517588425,0.006491666104325528,0.4887065832473755,0.2426788003817493,-0.11223622183875913,-0.01230659481553604,-0.011142066651885128,-0.0487115961169541,-0.043810552090463015,-0.09963849498231035,0.1356193303963059,0.09041867101115364,0.0007422903029894055,0.1604561711316553,,-0.047793855378712655,0.1014662643517492,-0.10962567360434963,-0.10258451987313584,,,-0.00291324843588829,0.13163602710805625,-0.04167815449278436,-0.06821165877782384,-0.012152352674655123,-0.09051507234920421,0.24562096921905277,0.10701512536994014,-0.12098946333375107,-0.11989820018701859,-0.07438134441306045,-0.06641473783656117,0.07883123017747487,0.048009794375945936,-0.26524442559262723,0.19794857952628384,-0.0022345830160122623,0.0870600483934717,-0.1366951693289503,-0.22962605920970183,-0.11668610760317354,-0.10769379078981617
#12,0.3111237503976555,0.2092159679176347,1.0,0.5009495531797982,0.4548542893775366,0.5289869183384266,0.15216180000578408,0.20751930436794463,0.15807698610856719,0.4350804469166032,0.2422739147619369,0.0009350929790905497,-0.011527672004087417,0.03456759179817416,-0.18859764973537832,0.42289146173348885,0.5568931776773062,0.6734925240762342,-0.32845285492562637,-0.01523333943875141,-0.08031581078345368,0.26730355817338747,0.09187240318895626,0.13775172799398455,0.24265566406061717,-0.08216671647402465,-0.07894305572961352,0.10750484416723705,0.061664079897428975,0.19725063383879768,0.19301283101809452,0.33002612476261173,0.17994080957843694,-0.14925819170370086,0.21978926667502144,0.19451669189168347,-0.047747582736448385,0.18951539047361976,0.04227969884221993,-0.1629818861885803,,,-0.07352915658469339,0.5510204081632653,-0.17751149585956252,-0.16102301099939267,-0.05019617672293292,-0.046660175643237926,-0.20155784562289725,0.11815140794154223,-0.25012098367925345,0.019640808614423567,-0.15084302970125224,-0.04294294004800787,-0.15051140909835828,-0.19641772627804074,0.022293773437575312,-0.011770603375974858,-0.27154907310113463,-0.2309178371395795,-0.17352819257131288,-0.15426720522880857,-0.11102927708636597,-0.2962702322308234,0.22671473880057455,0.11852930118670048,-0.0704134653388989,0.0501768964553228,-0.23428417186430547,0.16568497970751833,0.07198287912236222,0.17477369785892627,0.04086838325315956,-0.09441354245996934,0.20700644924951558,0.2571351450358131,0.4187577723578803,0.21921471470024004,-0.08934283207850925,0.03771798752566686,-0.11443802839983419,0.3586573221636316,,0.0009582293002226871,-0.08966288452083715,-0.4295084495772801,-0.17294978454300947,,,-0.1240434577231932,0.40739398262847887,-0.3267716155900244,-0.11724909141738887,-0.251393481341521,-0.2511621181301997,0.3053743745963194,0.2624912033779029,0.046093335775500566,-0.015445422382462668,-0.214660715490731,-0.00553150877734183,0.22961834710265777,0.47082606306575536,0.033777100826159465,0.25199116963743456,0.04441980854694263,0.1960899617286688,-0.060391582235161424,-0.08472713601264785,-0.29107612813665856,-0.19835346514609623
#13,0.5185485814543106,-0.19160537148255619,0.5009495531797982,1.0,0.07434663993136224,0.09428629269374258,-0.16882380727444496,0.16110013206983312,-0.21740236954488928,0.3327099380139396,0.20679436630580433,0.2721660416646583,-0.07920526736911108,-0.08640451929472781,-0.3402870831847146,-0.07089932808267378,0.5652299653919196,0.27019945436842663,0.17119142413696703,-0.06456768819951221,-0.13118101279245756,-0.06641088178303915,-0.16197545621933232,-0.16758987014739765,0.033738540290939235,0.0725535750436216,-0.09289425737229233,0.35023570127153364,0.04546865510493286,0.14386742887991286,0.077674414120868,0.11857171777544272,0.12602161317999094,0.032782239017477566,0.17909247780359192,0.03071925038319532,0.20644346543530023,0.09739812788601505,0.07791348943923342,0.04413060453279091,,,0.057406996809115714,0.17316186748672072,-0.19657582447244368,-0.14291883971349523,0.015360589204978166,0.16600888820336826,-0.2218869597910019,0.19136629616419076,0.10171305177715867,0.1305139155331476,-0.09560506299827441,0.02662026548928499,-0.0751139945822448,-0.11288403883045897,-0.05348539037721844,0.023562415046320843,-0.28442057975764706,-0.04017429361919544,-0.04141979890680882,-0.021453153769774323,-0.04154704867303558,-0.3380659963560294,0.02668581839915938,-0.06478748325026751,-0.09225800854115855,-0.27456450695535656,0.13064502135289638,0.1362748594950498,-0.026890189235826593,-0.0200842547694562,0.2440091388468472,0.20459255974472926,0.17274541370634225,0.18177629105491985,0.3207407478815806,0.17840610027667184,-0.3003345126430355,-0.26581897756740863,0.07441219284123664,0.00673459747621297,,0.011026385046224442,-0.20504371800680593,-0.10594314249081778,0.05577588616930003,,,-0.07969884221993001,0.03185293011867005,-0.07839549612948628,0.03679639073390339,-0.24398600252571506,-0.05403680603086771,0.17189708193149722,0.04776300695053647,0.1542209325865443,0.09115517723386,-0.05980160604629192,0.005928682290110187,0.1125022895317787,0.23894999662595318,0.16157828270656396,0.23033942911127606,0.06235431347787107,0.038439069534285136,0.04592752547405358,0.01066391601515429,-0.2858820240424937,-0.09183769870725805
#17,-0.08566801307202145,0.12026838132513279,0.4548542893775366,0.07434663993136224,1.0,0.7967666991217838,-0.025062419866387745,-0.12742136060848525,-0.082560033933271,0.004779578340547367,-0.0371010189621432,-0.23242169801316842,-0.018777052625490443,0.25116597418372166,-0.3046841410158773,0.2444294486807477,0.07612042455149277,0.6342880279178275,-0.38357899607646556,0.026489159669536213,-0.2084910298554944,0.1257748257545815,0.03110871178891963,0.31240396016696714,0.14404866339544792,0.08367057734761359,-0.10944058303529253,-0.05466919880847946,0.15915282504121156,0.47257671136475377,0.3022085546547386,0.6836802174814186,0.20392160643189727,0.04243779703662287,0.2747804459525898,0.6222455727685501,-0.11960514011934485,0.44947123866079264,0.15756027493661612,-0.17478912207301436,,,-0.11098686049762371,0.8001021854183336,-0.1219534767142568,-0.08672457173705571,-0.10307809472395477,-0.13795609883065177,0.041138306999701155,0.23599625962808363,-0.15730191935064058,-0.1528713138538363,-0.06840446145392498,-0.14763093711740718,-0.27581386829649196,-0.006167757608475605,-0.07092246440380592,0.13635583661901227,-0.06561653475750244,-0.23845642177513424,-0.23624690310701513,-0.20508227854202615,0.048754012705696355,-0.33294515727878304,0.29908515130190005,0.11106012551454214,0.2314615406861847,0.16463998920305015,-0.1744073727743341,0.06814610586794945,-0.15541245312484936,-0.08092121118641127,-0.11158840484705927,-0.13860005976882958,0.18817733990147784,0.1760423394676718,-0.018221780918319146,0.07065254065726433,-0.09139425255222543,0.3811111218223709,-0.06004453741817936,0.6498279236115797,,0.15837775828328496,0.11098300444410168,-0.34417012908139166,-0.1040112596762843,,,-0.014446704520258742,0.5619677441122882,-0.3032496891056848,-0.32698369853373566,-0.2391042387668341,-0.28039871593417715,0.06535432311800488,0.35810590650998236,-0.16840349744054448,-0.3896908409088718,-0.1743572440785478,-0.25887808122776745,0.07631322722759391,0.638421717293436,-0.07738135405319425,-0.08150733132175875,-0.12116684179576412,-0.09746368079588945,-0.1568469050350419,0.02561383552003702,-0.1803032786095071,-0.2643729574966501
#18,-0.13672216170360443,0.2621865751496631,0.5289869183384266,0.09428629269374258,0.7967666991217838,1.0,0.22561576354679802,-0.14159621335544137,0.137489516354487,0.19312080051671118,-0.0027975668302276037,-0.2983486450791937,0.13350235701271534,0.24737161751805115,-0.10239557325055672,0.4157577627177465,0.16082635226976952,0.7069322202192166,-0.3305466919880848,0.041805404259011116,-0.16743177195299472,0.23123788958190739,-0.01891972660580529,0.45684401299490035,0.1473802936384757,0.14970934996577753,-0.23173917653977036,-0.1745076301659067,0.14807438327243982,0.49768347584664474,0.22932143098146202,0.7459863302902644,0.03476425052779732,0.12082750908582611,0.13577742859070885,0.6057956484436003,-0.006279583160614269,0.5577145170774971,0.15575178583478738,-0.08518600638176858,,,-0.012075231604214667,0.9027387620140167,-0.1816683215563032,0.012391427993020543,-0.1426103554317334,-0.1571708135308918,-0.05218590034029672,0.1526707990706911,-0.2700799167092439,0.0036034820163303866,-0.16720040874167333,0.0503118583285936,-0.14728389230042513,0.09534670741229888,-0.022189659992480695,0.14382115623764857,-0.18777631033518746,-0.34105443783559714,-0.42215495551078247,-0.3341675262452643,0.03634523247182671,-0.20575323185485814,0.2871776580258934,0.20956686878813877,0.21339978598902953,0.38037847165318656,-0.08330039620949939,0.13083011192195348,0.040698716898190546,-0.10711923881503475,-0.12798048836917855,-0.2748614230765523,0.15693945031957043,0.03916786364994746,-0.08486595393944069,-0.11586476820298265,0.1175382954315406,0.4625741085286264,-0.022976294910973364,0.671950102667425,,0.12582109839684574,0.041246276498317795,-0.4848852342070508,-0.32216363163120704,,,-0.11938920112211157,0.5854896705966279,-0.46847001436379937,-0.3314567206192822,-0.25199116963743456,-0.44878486113387256,0.06884019550191357,0.4243798983929897,-0.2599153596251916,-0.31830757810918414,-0.22224942882207205,-0.2389384284653871,-0.0017757126468915389,0.7013409426122834,-0.13857306739417544,-0.005342562154762708,-0.13845738578851474,0.02982464596608601,-0.18473002805278937,-0.12917972101452768,-0.1823585551367453,-0.392760259512402
#26,-0.11433005890121754,0.3670442385740314,0.15216180000578408,-0.16882380727444496,-0.025062419866387745,0.22561576354679802,1.0,-0.20727251694253515,0.41290042705792757,0.29043602325200274,0.08653176906095457,0.03246989868219371,0.31968418921654634,-0.45608437045106187,0.24662739918830073,0.14792785323860294,0.02468067056770748,0.10769379078981617,-0.18225829774517271,-0.008277018885022124,-0.07882351807043082,0.11744575014701204,-0.015036680709128242,0.20560670182102128,-0.13921702833235325,0.029219245563128417,-0.10912053059296463,-0.3565789093152613,0.1439599741644414,-0.07686078682772117,0.036511042773273696,0.028070141613565597,-0.03414342591075164,-0.1679214907502916,-0.13458205199888174,0.014581666393529542,0.1435396643305409,0.061930147590448556,0.012958267860757907,0.027780937599413878,,,0.20833293166109146,0.11183133621894673,0.0405560429178757,0.04992625297639131,-0.02037731483712994,-0.07275023377324477,0.034895356347546105,-0.0019260987342504313,0.057437845237291896,0.18852052866493788,-0.019316900118573645,0.16595875950758196,0.046602334840407586,0.09647653109425158,0.14016176144524886,-0.0006188965902846731,0.134624468587624,-0.12550104595451786,-0.18344210617643372,0.029138268439165935,-0.2376389384284654,0.1832223111256784,0.012699912274782375,0.21016455708405232,-0.4127886015057889,0.2511197015414574,-0.11404085488706583,0.04108432225039284,0.3790365650275226,0.4228027725024823,-0.17834440342031949,-0.2815169714555638,-0.16327880230977607,-0.1138827566926629,-0.16596647161462602,-0.18640741133486932,0.06537745943913702,0.11795860526544108,-0.03761001802705022,0.21387022451871632,,0.1184676043303481,0.05129515197670944,-0.1965141276160913,-0.2332083329316611,,,0.19910925163641272,0.14282243837544464,-0.07313969517896908,-0.10339043505923862,-0.02946217693501586,-0.22743967686271485,-0.02353156661814466,-0.006183181822563697,-0.027526438066960368,-0.31769832165270456,-0.01576933087831259,-0.14456537456739899,0.1287786914482373,-0.03811130498491319,-0.10184030154338543,-0.1550499840937792,-0.018595818109955368,-0.048888974578967154,-0.1692479731618675,-0.06692759295499022,0.10685317112201517,-0.06533504285039476
#49,0.47254971899009957,-0.0433362575072542,0.20751930436794463,0.16110013206983312,-0.12742136060848525,-0.14159621335544137,-0.20727251694253515,1.0,0.22150906654584365,0.30064685297831933,0.41615493623051486,0.10415393365659915,-0.17296906481061958,0.15341501740044153,0.1435203840629308,0.029415904292751583,0.2869655750821821,-0.12393934427809858,0.04419230138914328,-0.012229473745095582,0.3274001523141141,0.037791252542585294,0.18066960369409926,-0.05898797875314509,0.3863013698630137,-0.36328073033653707,0.1071269509220788,-0.04664475142914984,-0.0032988537880905785,-0.15623379252504024,-0.15606412617007123,-0.07202529571110447,0.01857268178882323,-0.18380071915398186,0.03926040893447601,-0.17075569008897842,-0.05841342677836368,-0.22947567312234293,0.40437083666721296,-0.13367202336768436,,,-0.19399226861268834,-0.1729922011317517,0.32268419885668015,-0.005573925366084081,-0.238414005186392,-0.2969643218647875,-0.40342610355431735,-0.4789044951943933,-0.40855079868508576,-0.1015819459574099,-0.020870889687948868,-0.010926127654651847,0.17458089518282513,-0.18451023300203406,0.25101558809636276,0.018996847676245748,-0.07252272661544543,-0.022714083271475807,-0.022124107082606308,-0.10153952936866764,0.18019916516441248,0.15102426421678733,-0.07340190681846664,-0.13000106041471857,0.23522504892367907,0.04728100026028361,0.24862097885918658,0.1869935314702168,0.24656570233194836,0.05576817406225598,0.391237118371203,0.17191636219910733,0.1364985105993271,0.13764761454888993,0.1257632575940154,0.08207031513597408,0.39690551704857663,-0.11177349541611638,-0.24757598835471836,-0.3962307076822226,,-0.3324477263744421,-0.13051777158666963,-0.2563060935285782,-0.14589185697897486,,,-0.1739137979235152,-0.1535808277018885,-0.06579005716599347,0.3683090241292549,-0.16560400258355587,-0.050574069968091155,0.26102204698601217,-0.05805095774729353,-0.24297571650294505,0.10081844736004936,-0.2705117947037105,0.2293831278378144,-0.15338031291874332,-0.000321980469088911,-0.24750272333779993,0.20753472858203273,0.2675811940269731,0.28724321093576777,-0.3111893033075299,0.1115074277230968,-0.20835221192870157,-0.15558597553334041
#50,0.2147262684006054,0.28507610885639095,0.15807698610856719,-0.21740236954488928,-0.082560033933271,0.137489516354487,0.41290042705792757,0.22150906654584365,1.0,0.5493198885600532,0.38505972062892235,0.01225261006622772,0.3065504709205364,0.07429265518205393,0.4558915677749607,0.26576884887162233,0.2285926368657997,0.15489188589937627,-0.1447890256716763,-0.043771991555242785,0.4211331013274464,0.23404509654594005,0.1770179210087436,-0.17050119055652493,0.18884058110726576,-0.32970221626676177,0.17240993704992624,-0.3336855195550114,-0.09857036815671001,-0.3506984276941764,-0.13910134672669255,-0.16487906452141557,0.027387620140167546,-0.2590438915292144,-0.14968235759112336,-0.18360791647788072,0.15788418343246605,-0.2435387003171604,0.10833389567447196,-0.2610760317353205,,,0.13489439233416559,0.06150212564950402,0.19687659664716145,-0.15418622810484608,-0.49179913817203785,-0.4394956281993194,-0.3507022837476984,-0.3684054254673055,-0.35005446675599855,0.0655278455264959,-0.14012320091002864,0.09081198847039997,0.32501325518398194,-0.11323493970096304,0.36001079694986166,-0.0704134653388989,-0.15259753405377266,-0.11491617903656502,-0.12260900581300069,-0.17230582360483163,-0.25424696094781796,0.20227121552447147,-0.09463333751072465,0.14471576065475789,-0.08219756490220084,0.37083473918617993,-0.20897689259926927,0.025609979466514995,0.3649388333510069,0.19541900841583681,-0.1791541746599443,-0.3414863158300637,-0.010640779694022153,0.007860565104643653,-0.009152343034521318,0.050840137661110736,0.35476656415991054,-0.061459709060761765,0.15985462678221973,-0.016097095427684536,,0.13904350592386222,0.1337182960099486,-0.13656020745567948,-0.07415769330878312,,,0.09643025845198731,0.1473455891567775,-0.09433256533600687,-0.11947017824607406,-0.23505538256871006,-0.3162754379030781,0.39009572652868424,-0.3015376013419066,0.12341492099910346,-0.02926166215187067,-0.10927862878736756,0.13985713321700904,0.1891644896031157,-0.12015269971947211,0.12466813839376091,0.19701155852043226,0.09062689790134287,0.36181542999816835,-0.2538497874350496,-0.30976641955790346,-0.30337693887191153,-0.08430682617874737
#51,0.5490191163853354,0.13841111314625046,0.4350804469166032,0.3327099380139396,0.004779578340547367,0.19312080051671118,0.29043602325200274,0.30064685297831933,0.5493198885600532,1.0,0.5983727454137063,0.40996982638119017,0.33381276932123816,-0.03246989868219371,0.2794963994100238,0.18772618163940116,0.6656840156941378,0.33702486190508324,-0.006777014064955221,-0.1367645782923467,0.3601341906625664,0.08991738405329067,0.16092275360782007,-0.270596627881195,0.2522302449558,-0.27164933049270723,0.17783926040893447,-0.0785998669661535,-0.03944935555705513,-0.260320245245004,-0.024229512305630804,-0.09151379021140814,0.19928277404490374,-0.20561441392806531,-0.13120029306006767,-0.24906828106774123,0.3294554288413523,-0.17908090964302584,0.2528896301080659,-0.17259888367250537,,,0.2920208612495541,0.13125042175585397,0.042430084929578823,-0.310861538758158,-0.39092477803591913,-0.3346109724002969,-0.48593793681856307,-0.2475837004617624,-0.20988306517694466,0.1672274011163275,-0.04481312600618897,0.1279534959945244,0.30836667212940916,-0.1686425727589099,0.1430846500149422,-0.27521232394705636,-0.32324718267089547,-0.07091089624323986,-0.02863698148130296,-0.005944106504198278,-0.2878910279274676,-0.23050909546624507,0.01822563697184117,0.043289984864989924,-0.119292799784061,0.12392777611753251,-0.2188522456691699,-0.0974713929029335,0.2604667752788409,0.16406929328179076,-0.08013843232144062,-0.2072917972101453,-0.02957400248715452,0.010498105713707306,0.07221038628016156,0.005843849112625683,0.22887412877290736,-0.2809462755343044,0.2570927284470709,0.13732756210656205,,0.27364291016359304,-0.045611329085247704,-0.10514879546528105,0.007220460219987853,,,0.21706689288847328,0.19970308387880423,-0.07336334628324641,-0.0654777168307096,-0.40136311492003507,-0.2640798974289763,0.4765330222783492,-0.19710024775143878,0.28165578938235664,0.09908322327513906,-0.024765503745191982,0.20537919466322194,0.21488051054148632,-0.003129187433121572,0.318616062390946,0.3496881416714064,0.15751014624082982,0.34641820828473097,-0.13924787676052944,-0.08461531046050919,-0.4424917817859312,-0.13800622752643807
#52,0.5671232876712329,-0.11231334290919957,0.2422739147619369,0.20679436630580433,-0.0371010189621432,-0.0027975668302276037,0.08653176906095457,0.41615493623051486,0.38505972062892235,0.5983727454137063,1.0,0.29653629992384295,0.203204380476801,-0.09456778460085026,0.13538796718498453,0.08090193091880116,0.3682434712193805,-0.0387359856554809,0.07167439484060038,0.00288625606123413,0.2132069833129284,0.1248031002670317,0.14978647103621798,-0.18110533774208787,0.2793421572691429,-0.13029797653591432,0.15121321083936645,0.0788042378028207,-0.065038126729199,-0.18858608157481227,-0.08433381855340152,-0.1458301601226225,-0.015742338503658432,-0.07665641599105395,-0.05748026182603415,-0.2432842007847069,0.2633356790992259,0.021052124203483943,0.24992046889610828,0.03525011327157221,,,0.19019791194701782,0.028710246498221396,0.019810474969392575,-0.122157847550924,-0.2896262520123779,-0.24746030674905767,-0.3472279795243558,-0.27897968823807273,-0.22834584944039024,0.1424252648626763,-0.0011780243509779916,0.18117089065196226,0.29236019395949214,0.027198673517588423,0.10019376668948166,-0.03110871178891963,-0.05831316938679109,-0.027163969035890217,0.0951808971108519,0.06382732592328381,-0.27550924006825217,-0.21177253140273586,-0.09538141189399708,0.014454416627302787,-0.2050205816856738,-0.0020302121793450492,-0.140859707132735,-0.012665207793084167,0.05756509500351865,0.1286900022172308,0.04030925549246624,-0.018167796169010826,0.02844803485872384,0.08220142095572286,0.09702023464085681,0.2328728562752451,0.1269933386675407,-0.21411701194412577,-0.011068801634966693,-0.05786201112471441,,-0.06623735937454812,-0.1974897091571631,-0.00440939720243317,-0.02929251058004685,,,-0.07750860381942101,-0.03761773013409426,-0.030780947239547683,0.1387851503378867,-0.18825831702544032,-0.09661920507456644,0.3456585657408925,-0.14100623716657187,-0.0006458889649388333,0.11018094531152092,0.12124396286620458,0.33683977133602616,0.15073891625615762,-0.05096353137381547,0.218701859581811,0.28636788678626857,0.27389355364252455,0.3572190141999171,-0.21949235055382568,-0.00618703787608572,-0.26820201864401877,0.020612534101973334
#53,0.49275929549902153,-0.2468587623996221,0.0009350929790905497,0.2721660416646583,-0.23242169801316842,-0.2983486450791937,0.03246989868219371,0.10415393365659915,0.01225261006622772,0.40996982638119017,0.29653629992384295,1.0,-0.017674221318191897,-0.20061311251000163,-0.014990408066863968,-0.19325190633645994,0.16979938881551676,-0.13506791474265664,0.016714063991208197,-0.14598440226350343,0.16443561836638293,0.03149431714112192,-0.0996616313034425,-0.3106301755468366,0.07805616341954827,-0.044820838113233015,0.11653957756933667,0.02183104701493257,-0.22451678829302152,-0.27761850134479865,-0.09664234139569858,-0.3041134450946179,0.19634060520760027,-0.07627081063885166,-0.16723125716984952,-0.33530891808778307,0.2720966327012619,-0.16733922666846615,0.17787396489063267,-0.03514214377295557,,,0.20243316977239645,-0.15265923091012504,0.0020957650892194386,-0.054117783154830186,-0.20142288374962644,-0.18484185360492802,-0.2430836860015617,-0.1557556418883094,-0.10131587826439031,0.1028814359943316,-0.12711673238024543,0.11060125514542142,0.157537138615484,0.04045192947278108,0.05766535239509124,-0.021865751496630774,-0.17409888849257227,0.05740314075559369,0.13386096999026348,0.14145353937512653,-0.26740767161848206,-0.22432012956339833,0.10724263252773948,-0.09356906673864633,-0.17716059498905845,-0.29788591865655095,-0.06480676351787763,0.013120222108682869,-0.03389278243182015,0.09079270820278985,0.09576316119267736,0.21794992914501654,0.027688392314885332,0.17102946988904205,0.045561200389461404,0.13118872489950162,0.0013129862242487926,-0.41475518880202056,0.15367337298641706,-0.08839424291209162,,0.2906211138210598,-0.05441469927602595,0.13406534082693067,0.12501132715722094,,,0.36564834719905914,0.00935285781766651,0.1813328448998872,0.11650101703411643,-0.22341395698572297,-0.054002101549169505,0.1298583864344037,-0.36636557315415536,0.18995498057513038,0.15069649966741538,0.14234043168519178,0.10185958181099554,0.22525715056924991,-0.2238766834083657,0.41340171401579057,0.1395486489352472,0.21491907107670655,0.0688132031272594,0.05025787357928528,0.09570532038984701,-0.1832223111256784,-0.061459709060761765
#54,-0.04975658662142231,0.25445133178448515,-0.011527672004087417,-0.07920526736911108,-0.018777052625490443,0.13350235701271534,0.31968418921654634,-0.17296906481061958,0.3065504709205364,0.33381276932123816,0.203204380476801,-0.017674221318191897,1.0,-0.013945417562395765,0.48707932866108183,0.2298072937252369,0.1770179210087436,-0.0533118679687274,-0.013528963782017294,0.0844996288548485,0.2505644298342861,0.30859032323368646,0.18597553334040276,0.04115758726731127,0.0642283554895742,0.06098155842403093,0.26621229502665494,-0.20341646342051228,0.03623726297321007,-0.28711981722306307,-0.26000790490972014,-0.1777081545891857,0.09535056346582091,-0.09830430046369043,-0.21053473822216653,-0.31423944164345,0.2886660946853942,-0.07231449972525619,0.14080186632990466,-0.01549940713177099,,,0.46299056230900487,-0.013914569134219583,-0.17606161973528192,-0.002438953852679475,-0.3117869916034435,-0.24019550191356656,-0.26217115093557497,-0.03306758697810726,-0.06728620593253834,0.32101452768164424,0.18929559542286448,0.24543587864999566,0.3728630233387639,0.06652656338869983,0.14808209537948386,-0.037212844514281855,-0.24499243249496302,-0.32933974723569165,-0.08757675956542277,0.027796361813501973,-0.36712135964447185,-0.0671088274705253,0.07611656849797076,0.10970279467479009,-0.12894835780320632,0.3170312243933946,-0.16028264872316428,-0.03806117628912689,-0.03386193400364397,-0.05563321218898518,-0.2204910684160296,-0.23790115006796295,0.05024630541871921,0.05047381257651856,-0.08907290833196765,-0.008639487916092276,0.2794616949283256,-0.008836146645715443,0.41537986947258826,0.12352674655124213,,0.1427761657331804,0.0649031648559282,-0.13091108904591595,-0.27385113705378233,,,-4.4344615503263186e-05,-0.05237099090935382,-0.2300425129900803,-0.34932567264033626,-0.3535827557286495,-0.4657977692730375,0.3356019781554568,-0.010775741567292954,0.11309997782769225,0.01664851108133381,0.13334811487183443,0.11395216565605931,-0.08744950979919601,-0.10197911947017825,0.1323185485814543,0.2220180656107507,0.13995353455505963,0.23650525869299066,-0.14390213336161106,-0.12605246160816713,-0.3070054852361351,-0.2322674558722875
#58,-0.012699912274782375,0.054684623022567554,0.03456759179817416,-0.08640451929472781,0.25116597418372166,0.24737161751805115,-0.45608437045106187,0.15341501740044153,0.07429265518205393,-0.03246989868219371,-0.09456778460085026,-0.20061311251000163,-0.013945417562395765,1.0,0.23207850924970838,0.3936625760365554,-0.08566801307202145,0.1724484975851465,-0.325699632710902,-0.156696518947683,0.3343024881185351,0.1819536695169329,0.16184435039958356,0.056211620217288615,0.25533436804102844,-0.15858984122699624,0.15602942168837303,-0.09268988653562511,-0.2683986773736419,0.016343882853094002,-0.13811805307857672,0.13409233320158484,0.0379609188975543,-0.08895722672630696,-0.08888781776291055,-0.01024746223477582,-0.27326501691843486,-0.11484677007316861,0.015507119238815035,-0.339677826728235,,,-0.21195762197179296,0.2548060887085113,0.14419133737576278,-0.11532492070989946,-0.2737277433410776,-0.33254027165897065,-0.21120569153499852,-0.16905902653928837,-0.4246151176578331,-0.28292057493758016,-0.20161183037220556,-0.19579690166099506,-0.14829417832319514,-0.23441913373757628,0.09108962432398561,-0.1528713138538363,-0.1812133072407045,-0.13215659433352936,-0.010205045646033566,-0.17430325932923948,0.18560149614876653,-0.034432629924903355,0.14753453577935663,-0.12198046908891096,0.7026635689703373,0.10766294236163998,-0.0355855899279882,0.11750744700336441,0.0368156710015135,-0.13526071741875778,-0.004494230379917673,-0.13396122738183605,0.17364387417697358,-0.026493015723058237,0.21245505287613392,0.0822592617585532,0.29633578514069775,-0.04810233966047449,0.10428503947634793,0.15934948377083474,,0.10865009206327784,0.21935738868055488,-0.011007104778614328,0.02589918348066671,,,-0.09556650246305419,0.17280325450917258,-0.07745076301659067,-0.17237908862175008,-0.2128213779607261,-0.1738675252812509,0.2990273104990697,0.0034723761965816087,-0.12827740449037434,0.0976911879536888,-0.37310209865712934,-0.030850356202944098,-0.25883180858550314,0.16400374037191637,-0.0006111844832406274,0.21229309862820897,-0.028829784157404104,0.1932094897477177,0.009217895944395708,-0.09728630233387639,-0.19982647759150898,-0.057121648848486015
#101,-0.1067220653022664,0.047901824877329295,-0.18859764973537832,-0.3402870831847146,-0.3046841410158773,-0.10239557325055672,0.24662739918830073,0.1435203840629308,0.4558915677749607,0.2794963994100238,0.13538796718498453,-0.014990408066863968,0.48707932866108183,0.23207850924970838,1.0,0.4319994601525069,-0.007833572729989493,-0.23402196022480792,-0.061714208593215275,-0.19336758794212064,0.6963203609266096,0.2349628372841815,0.24176105964350786,-0.06210752605246161,0.174222282205277,-0.350293542074364,0.24550528761339208,-0.5283391013467267,-0.1598623388892638,-0.47311270280431494,-0.4604224306633376,-0.3780494153258847,-0.21188821300839655,-0.29081777255068303,-0.447346553170158,-0.4370161857846587,0.14449982165752462,-0.3127857094656474,0.15097799157452305,-0.26974829610635,,,0.342708684796545,-0.18590612437700635,0.23259907647518147,-0.18949611020600965,-0.3858733479220692,-0.42567167632286734,-0.30215456990543027,-0.39882583170254404,-0.1722518388555233,-0.02397115671965527,0.05783501875006025,0.13782884906442502,0.44551492774719714,-0.00096208535374471,0.41488629462176935,-0.1803379830912053,-0.07794048181388757,0.053365852718035726,0.13986870137757512,0.17213615724986261,-0.339685538835279,0.22155148313458592,-0.07597003846413389,-0.16268882612090657,-0.024699950835317595,0.24027647903752905,-0.14492784359846914,-0.0531422016137584,0.18562077641637667,0.133783848919823,-0.34268940452893487,-0.4659982840561827,-0.21825841342677837,-0.20591518610278312,-0.038331100035668496,-0.07593147792891365,0.5752518484956571,-0.13712319126989483,0.1470756654102359,-0.08854462899945051,,0.1051063788765388,0.18165675339573714,0.13835712839694214,-0.04090694378837978,,,0.1061667935950951,-0.09445210299518958,0.005496804295643623,-0.13840725709272844,-0.2519873135839125,-0.25632151774266626,0.26789353436225694,-0.3085594748055103,0.038103592877869144,0.026504583883624304,-0.16839964138702246,0.0957708732997214,-0.19811053377420879,-0.3328603241012985,0.0590226832348433,0.19472877483539472,0.12155244714796641,0.30265585686329327,0.056770747977981935,0.0799996143946478,-0.06688517636624797,0.11544060231556014
#102,-0.11111411026385046,0.015098377565480608,0.42289146173348885,-0.07089932808267378,0.2444294486807477,0.4157577627177465,0.14792785323860294,0.029415904292751583,0.26576884887162233,0.18772618163940116,0.08090193091880116,-0.19325190633645994,0.2298072937252369,0.3936625760365554,0.4319994601525069,1.0,0.13625557922743967,0.2688614037962847,-0.51103698919341,0.1096372417649157,0.2719346784533369,0.6723665564478035,0.09232356145103295,0.349113589696625,0.21814273182111768,-0.15601785352780698,0.1262336961237022,-0.21442935227940965,-0.19682646795137518,-0.09414747476694976,-0.22522630214107373,0.005188320013881793,-0.08647778431164625,-0.3008782161896407,-0.18816577174091176,-0.08457289387176695,-0.034012320091002864,0.10949842383812287,0.008735889254142848,-0.4491627543790308,,,0.12597919659124868,0.42249814427424254,0.0563273018229493,-0.025872191106012552,-0.11018480136504295,-0.1981992230052153,-0.14645869684671223,0.014759044855542596,-0.18329943219611888,0.028536724089730365,0.013899144920131492,0.13704607019945436,0.030086857605583564,0.020053406341280017,0.11790462051613276,-0.03383108557546779,-0.20587276951404085,-0.33294515727878304,-0.03584008946044171,0.011361861702640433,-0.2704423857403141,0.08555618751988278,0.2835876721968901,0.09868219370884868,-0.06553555763353995,0.14101780532713795,-0.42239788688266994,-0.033025170389365005,-0.08650092063277838,-0.013035388931198365,-0.3691342195829678,-0.49724002969161213,-0.09410120212468549,-0.08038136369332806,0.22266973865597253,0.12448690387822584,0.2999990359866195,0.16835336874475818,-0.0809096430258452,0.27639998843183944,,-0.016652367134855833,-0.009946690060058034,-0.1644818910086472,-0.12478381999942159,,,-0.1953303191848303,0.23330473426971166,-0.2978396460142867,-0.3054437835597158,-0.31221886959791,-0.37764838575959436,0.27986272449461597,0.13429670403825206,0.023018711499715617,-0.09757550634802811,-0.35774729353243423,-0.11620410091292067,-0.11114495869202665,0.06680034318876346,0.10840716069139039,0.03723212478189197,-0.053442973788476185,0.0985857923707981,0.10572720349358448,0.09920276093432177,-0.07681065813193487,-0.04391080948203561
#201,0.4921114785073217,0.037128011336797356,0.5568931776773062,0.5652299653919196,0.07612042455149277,0.16082635226976952,0.02468067056770748,0.2869655750821821,0.2285926368657997,0.6656840156941378,0.3682434712193805,0.16979938881551676,0.1770179210087436,-0.08566801307202145,-0.007833572729989493,0.13625557922743967,1.0,0.32290399390743546,0.12729796689578052,-0.009865712936095552,0.1594111806271871,0.011832300232327224,0.1351141873849209,-0.21134450946179134,0.11146886718787657,-0.2749154078258606,0.06921037664002776,0.04974501846085624,0.0901101867293918,-0.061097240029691614,0.09363847570204274,0.0018913942525522255,0.1589060376158021,-0.13927872518870563,0.022721795378519854,-0.030761666971937572,0.25522639854241175,-0.049008512238149865,0.16211427414612514,-0.13041751419509703,,,0.29681779183095064,0.16381479374933725,-0.1357735725371868,-0.31586669622974367,-0.2882149364233176,-0.21492678318375058,-0.4612129216353523,-0.21236250759160538,-0.10659867158956167,0.0910202153605892,-0.11003827133120608,-0.09764877136494654,0.21882525329451571,-0.1853084360810928,-0.0015057889003499368,-0.14973248628690966,-0.3650583710101896,-0.07993020543125139,0.09051121629568218,0.06905227844562482,-0.1650371627158185,-0.30534738222166524,-0.068913460518832,-0.008415836811814948,-0.07162426614481408,0.00621403025073988,-0.0667386463324111,0.02758042281626869,0.11521695121128281,0.11741875777235788,0.0253747602016716,-0.025185813579092477,-0.0031638919148197775,0.13029026442887026,0.1485949504979129,0.0816345810879855,0.03881310672592136,-0.16108856390926707,0.3254065726432283,0.14871448815709562,,0.14957824414602874,0.027842634455766246,-0.06656512392392007,0.1930089749645725,,,0.12583652261093384,0.1720821725005543,-0.09954209364425978,-0.0051381913180954955,-0.33203898470110765,-0.12958846268786212,0.36577174091176384,-0.06764096285656444,0.28250026510367965,0.238248194884945,0.06427848418536049,0.15557440737277434,0.33778836050244376,0.15633790597013486,0.2544898923197054,0.31801451804151043,0.0738145045453231,0.27053878707836465,0.02927708636595876,-0.11979023068840196,-0.4278310662952002,-0.16703074238670432
#202,0.08270656396710786,0.29259155717081353,0.6734925240762342,0.27019945436842663,0.6342880279178275,0.7069322202192166,0.10769379078981617,-0.12393934427809858,0.15489188589937627,0.33702486190508324,-0.0387359856554809,-0.13506791474265664,-0.0533118679687274,0.1724484975851465,-0.23402196022480792,0.2688614037962847,0.32290399390743546,1.0,-0.34413156854617144,-0.24261710352539692,-0.07761657331803766,0.06258182063567043,0.17557575699150704,0.14545226687746426,0.17453462254056087,0.0343555088544629,0.008708896879488687,0.09261662151870668,0.12590978762785227,0.3585763450396692,0.3051198750638659,0.4983120125707345,0.3504477842152449,0.040131877030453185,0.14828261016262906,0.4044595258982195,-0.08023097760596917,0.20934321768386147,-0.07052143483751555,-0.19008223034135713,,,-0.11094444390888146,0.6754513992654219,-0.07760500515747158,-0.25922126999122747,-0.0459313815275756,0.03138634764250528,0.011678058091446309,0.2696364705542113,-0.1944588510888531,-0.08198162590496756,-0.03811901709195724,-0.1731387311655886,-0.2191067452016234,-0.22170958132898885,-0.16362970318028014,-0.33524336517790865,-0.3053203898470111,-0.1299779240935864,-0.327211205691535,-0.32556467083763124,-0.07538391832878641,-0.27006449249515585,0.34051844639603596,0.15517337780648396,0.11569124579449162,0.13344837226340703,-0.32690272140977317,-0.13870031716040218,0.1045164026876693,0.07829909479143571,-0.23219033480184706,-0.24552071182748017,0.021356752431723754,-0.03567042310547271,0.028960889977152883,-0.22944096864064473,-0.09721303731695796,0.21353860391582236,-0.008905555609111854,0.5574561614915216,,0.3337973451071501,0.11206655548379012,-0.33744517173898375,-0.11498173194643942,,,0.05377845044489218,0.5846182025006507,-0.2530053117137266,-0.36358535856477686,-0.27457607511592264,-0.26500149422073976,0.32505952782624625,0.4476627495589639,0.20174293619195435,0.020678087011847725,-0.1136822419095177,-0.008234602296279873,0.29748488909026055,0.49783386193400364,0.08985954325046032,0.27633829157548706,-0.010451833071443031,0.15918752952290977,-0.09694311357041635,-0.27246295778585405,-0.3048191028891481,-0.2052056722547309
