,#10,#11,#12,#13,#17,#18,#26,#49,#50,#51,#52,#53,#54,#58,#101,#102,#201,#202,#301,#302,#401,#402,#501,#502,#601,#602,#701,#702,#801,#802,#901,#902,#1001,#1002,#1101,#1102,#1201,#1202,#1301,#1302,#1401,#1402,#1501,#1502,#1601,#1602,#1701,#1702,#1801,#1802,#1901,#1902,#2001,#2002,#2101,#2102,#2201,#2202,#2301,#2302,#2401,#2402,#2501,#2502,#2601,#2602,#2701,#2702,#2801,#2802,#2901,#2902,#3001,#3002,#3101,#3102,#3201,#3202,#3301,#3302,#3401,#3402,#3455,#3501,#3502,#3601,#3602,#3701,#3702,#3801,#3802,#3901,#3902,#4001,#4002,#4101,#4102,#4201,#4202,#4301,#4302,#4401,#4402,#4501,#4502,#4601,#4602,#4701,#4702,#4801,#4802
#10,1.0,0.21557460017545044,0.545571804536647,0.44408818794404864,0.2724706698928981,0.2556428523227902,-0.005543076937907898,0.7045144746609083,0.3642563118776089,0.5468712945735686,0.48561788437623515,0.4287835115151398,0.42681692421890816,-0.22733170736409822,-0.41949813463410873,-0.22641396662585678,0.5868007287941157,0.38121523526746554,0.025744941339785797,0.05909209219823971,-0.4934572411865077,-0.25790249968669565,0.1435011037953207,0.015522543452903126,0.16455901207908766,-0.0541023589407421,0.056026529648231516,-0.015919716965671484,0.256950054466756,0.34233850365843077,0.11733006854135135,0.060086954006921614,0.39591836734693875,-0.15298313940597497,0.08804334204158754,0.1361553218358671,-0.044905671290717514,-0.18840099100575516,0.20081362729314683,-0.13013216623446733,,0.05315960510120282,0.08887624960234448,-0.015761618771268544,-0.2561441392806532,-0.07944819874099852,-0.057985404837419145,0.08599963367491541,0.003923534458658286,0.199664523343584,0.009221751997917731,0.2063046475085074,-0.1488263137092343,-0.07775539124483048,-0.42246729584606635,-0.09773746059595308,-0.4071394830960254,-0.028617701213692847,-0.16321324939990167,-0.30150675291373047,-0.10727733700943769,0.05259464201363115,0.021013563668263714,-0.05963579574484494,0.27228943537736305,-0.0012435772608523805,-0.18369274965536522,-0.16965285878167988,-0.10826448671107555,-0.16285463642235354,0.2243625461521406,0.1968650284865954,0.08125668784282726,0.30506203426103556,-0.03452903126295393,0.10548041606817503,-0.1795320679051025,-0.2931583970385509,0.02495059431424908,0.023246218657514965,0.15008724321093578,0.33490788852149267,0.23774305187356,0.0697386559725449,0.28140514590342514,0.08253689761213885,0.03478353079540744,-0.18381999942159197,,0.2540734385393269,0.034031600358612975,0.11581078345367433,0.23761194605381122,-0.07333635390859225,0.21550519121205403,0.17207831644703228,0.2294486807476888,0.524510040199358,0.3540184897766381,0.48784668331196435,0.13649079849228307,0.44518330714430315,0.23574561614915215,0.45030800227507156,0.5125408500669989,0.515085845391534,0.29501701483616594,-0.1532106465637743,-0.09449837563745385,-0.2548562174042976,-0.19017091957236368
#11,0.21557460017545044,1.0,0.39161886766988324,0.13461675648057994,0.14448825349695854,0.3528963782017294,0.3113011288596686,0.09122844225077845,0.19399226861268834,0.4138837207060434,0.30832811159418894,0.2579911889177022,0.39010729468925026,-0.0639430075289445,-0.14513992654218041,0.06182989019887596,0.4244068907676439,0.3973219708289551,-0.028579140678472618,0.1695333211224972,-0.18239711567196554,0.017886304261903154,0.11317324284461068,-0.07053685905160363,-0.021318191896503524,0.08037365158628401,0.03808045655673701,0.048734732438086244,0.16669526573028834,0.23632016812393355,0.349784543009457,0.3274502810099004,0.1332247211591297,-0.005018653658912786,-0.007633057946844302,0.3384477456547097,-0.0010160701030530303,0.0801847049637049,-0.1598661949427858,0.05048152468356261,,0.06404139863055103,0.016205064926301176,0.06299441836252687,-0.03612158136754938,0.17724928422006497,0.059628083637800894,0.21570956204872124,0.20901545313448952,0.33549400865684015,0.0688286273413475,0.09159862338889264,-0.0625625403680603,-0.09798039196784052,-0.2582688247712878,-0.06771037181996085,-0.29443475075434045,-0.19020176800053984,-0.05836329808257738,-0.06703556245360685,-0.0033412703768328305,-0.061667935950951,0.07089547202915177,-0.08353175942082076,0.17265672447533573,-0.018715355769138076,0.14373246700664205,0.1364946545458051,0.10298940549294824,0.1609458899289522,0.2465387099572942,0.2728292828704462,0.050867130035764895,0.1306990061022047,-0.2717920044730221,-0.21112857046455805,-0.3852602354120675,-0.055833726972130376,-0.05492369834093297,0.3748257545814736,0.2874899983611773,0.19563880346659213,0.02722180983872056,0.42601100903280537,0.06697000954373247,-0.25052201324554385,-0.3918232385065505,-0.022309197651663407,,0.015483982917682897,0.00543896349281328,-0.1420203792428639,-0.2367481900648781,-0.3437960918897554,-0.19676862714854482,0.1522813376649668,0.3366161202317488,0.07971041038049607,0.06478362719674549,0.2863910231074007,-0.04445065697511882,0.19507581965237678,0.40754436871583777,0.04275013737190672,0.10056394782759585,0.05463063827325923,0.11030433902422565,-0.07149316032506531,-0.15934562771731273,-0.0740535798636885,-0.10154338542218966
#12,0.545571804536647,0.39161886766988324,1.0,0.6033084939218957,0.11856400566839868,0.45991343159843057,-0.02655085652588858,0.149115517723386,-0.04294679610152989,0.5048441672370413,0.419208930619957,0.14240212854154416,0.4212140784514089,-0.33980122044093974,-0.5953804478806166,-0.06833890854405059,0.8417205710815266,0.7908669372330888,-0.23362478671203957,0.09170273683398726,-0.732262635805385,0.009584221028987882,0.2389577087329972,0.30271755371964565,-0.11371309033769389,0.20077892281144863,0.35066757926600023,0.4428195463353031,0.3801702447629973,0.5656579873328642,0.05180415104161646,0.13553835327234343,0.5193429284798473,-0.055290023425525144,-0.11256784244165309,-0.023739793508333894,-0.25023280923139213,-0.26757733797345107,0.0011278956551916942,-0.10729661727704781,,0.09231786636645123,0.14194711422594547,-0.23896156478651923,-0.040602315560139976,0.13080697560082133,0.32101452768164424,0.3874427617055325,0.2778537206096421,0.5149316032506531,0.3485583179894537,0.5016089383320641,0.04030539943894421,0.29731522273529154,-0.7256340798010277,-0.1687621104180926,-0.4626126690638466,-0.21745249824067558,0.11338918184184396,-0.18695111488147456,0.049128049897332576,0.09546238901795957,-0.19815295036295102,0.07863071539432967,0.25309014489121107,0.03493006082924431,-0.3571457491829987,-0.11000356684950788,-0.21141391842518775,0.033160132262635804,0.3974337963810938,0.4744199049482807,-0.1846837554105251,0.1270087628816288,-0.5446502077448835,-0.11189303307529909,-0.22519159765937552,0.13303577453655058,-0.0668234795098956,0.2858781679889717,-0.050585638128657226,0.23646669815777044,-0.11708328111594189,0.16012069447523933,-0.035273249592704344,-0.1225627331707364,-0.22713504863447503,-0.12383523083300396,,0.0686088322905922,0.026809212111864114,-0.00995440216710208,-0.03742878351151514,-0.24912226581704955,-0.04828743022953159,0.5931670731589754,0.5546952271697532,0.6878331871246373,0.6602161317999093,0.7331302478478401,0.5026192243548341,0.7521984325142433,0.6619744922059518,0.592249332420734,0.5720590361794222,0.6067750860381942,0.5313930957361688,0.12904090308773486,0.004833563089855687,-0.0005302073592781468,-0.1103968843087542
#13,0.44408818794404864,0.13461675648057994,0.6033084939218957,1.0,0.22809520596145874,0.15202683813251328,-0.15894845420454437,0.3357099476540734,0.018688363394483914,0.4527604523150781,0.14227102272179537,0.2933974723569163,0.1853585647768791,-0.20872239306681578,-0.36053136417533477,-0.33711355113608976,0.51677479683418,0.4080649359413109,-0.14935844909527343,0.12821570763402196,-0.44822958942670127,-0.253579863688508,-0.046933955443301555,0.0650882554249853,-0.06876307443147311,0.08694051073428899,0.16201401675455254,0.1424445451302864,0.12536222802772504,0.42804314923891146,0.09761792293677037,0.1381296212391428,0.4163284586390059,0.22952580181812923,0.30821628604205026,0.23557209374066113,-0.13186353426585562,-0.023003287285627526,0.033387639420435156,0.18346138644404383,,0.14447489658543203,0.014947991478121717,-0.07887750281973914,-0.08466929520981752,0.07109598681229695,0.23052066362681115,0.27404393972988345,0.08535181668321556,0.21324939990167063,0.20550258837592666,0.17180453664696865,-0.021696085141661766,-0.01103795320679051,-0.427626695458533,-0.12273239952570542,-0.29966741538372554,-0.10755111680950132,0.016891442453221252,0.02056626145970906,0.0009736535143107786,0.10864623600975581,0.10863081179566772,-0.012753897024090695,0.1836233406919688,-0.06585175402234583,-0.22590496756094974,-0.21573269836985337,-0.07122709263204573,0.1162426614481409,0.22034839443571477,0.2819372812894643,0.06655355576335399,0.16553459362015946,-0.13320158483799754,0.033777100826159465,-0.03857017535403391,0.07951375165087292,-0.15576721004887548,0.06838518118631487,-0.14453838219274484,0.24882534969585376,-0.13967589870147398,-0.015028968602084197,0.0712887894883981,0.0012590014749404722,-0.04303548533253641,-0.06423221154309622,,0.053246315058853015,-0.04615888868537495,-0.09431328506839674,0.18162590496756095,-0.10937888617894016,0.06538517154618106,0.2409937049926253,0.24702071664754707,0.40105463063827324,0.40272430181330915,0.38085276623639536,0.25265826689674453,0.47679908997136883,0.33638861307394946,0.3915918752952291,0.3899376283342813,0.3793257690416743,0.38031291874331213,0.0838749481842808,0.15761811573944645,-0.004494230379917673,-0.006341280016966636
#17,0.2724706698928981,0.14448825349695854,0.11856400566839868,0.22809520596145874,1.0,0.3721689337047998,-0.015144650207744883,0.27173801972371375,0.3227613199271206,0.12171054534236936,0.34580123972120735,0.6308522842297051,0.21352317970173426,-0.01829504593523758,-0.1412992972342456,-0.3750185572575747,0.24267494432822728,0.00021015491695024728,-0.47666798415162004,-0.33655827942891847,0.05107921297947615,-0.2434345868720658,-0.22873531084611454,-0.005061070247655037,-0.2161568642572759,-0.37642216073959106,-0.07733508141092998,-0.28531904022827836,-0.04131182940819218,-0.09409734607116346,-0.05572190141999171,-0.026755227362555794,0.06681962345637357,-0.09487241282909006,0.13482112731724716,-0.23091012503253544,-0.2913769003113763,-0.38804045000144605,-0.21517357060916006,-0.1431000742290303,,0.1474363485452263,-0.002982657399284702,-0.24967753752422084,-0.02858685278551666,-0.03621412665207793,-0.08701763180472945,-0.07061398012204409,0.11780050707103815,0.10764366209402987,0.1053917268371685,0.1005215312388536,0.3256495040151157,-0.064027840706429,0.14674018875381992,-0.3015260331813406,0.2117571071886478,0.040698716898190546,0.08166157346263966,0.17257189129785122,0.13798309120530594,0.3044334975369458,-0.22697309438655008,-0.2301273461675648,-0.2605940250450676,-0.3143011384998024,-0.16064511775423443,-0.05834401781496727,-0.23394098310084543,-0.1494162898981038,-0.32334358400894603,-0.18157963232529667,0.12080437276469397,0.30896050437180067,0.20692161607203108,0.3448834989829659,-0.012757753077612717,-0.10642900523459266,-0.17632383137477947,-0.18634185842499493,0.0856448767508893,0.626437102946989,0.124178419596464,-0.09867448160180463,0.4559802570059672,0.23513635969267255,0.24508112172596955,0.004420965362999238,,0.18267089547202917,0.07815256475759884,0.12953062188503175,0.37023319483674433,0.07967184984527585,0.34010584866917953,0.2535181668321556,-0.12400875324149499,-0.08626184531441296,-0.1227632479538816,0.02088631390203696,-0.03520384062930793,0.2592868229011019,-0.03688122391138789,-0.1789189553951009,-0.13364117493950817,-0.13306662296472674,-0.12856275245100401,0.12433651779086694,0.3777447870976449,0.017485274695612774,0.11571438211562377
#18,0.2556428523227902,0.3528963782017294,0.45991343159843057,0.15202683813251328,0.3721689337047998,1.0,0.1680873010517386,0.012580374615599665,0.11846374827682608,0.4513568488330618,0.4288490644250142,0.11455371000549487,0.3939170755690089,-0.33594516691891685,-0.2376582186960755,-0.008639487916092276,0.5796978782065495,0.4460663434008464,-0.3090684738704173,-0.15533533205440891,-0.28376890671242516,0.030838788042378027,0.09888270849199386,0.05319618636306672,-0.11440332391813599,-0.27786914482373015,0.13183654189120145,-0.016698639777120106,0.4592231980179885,0.4760702958557065,0.1736014575882313,0.051349136726017756,0.28126247192311027,-0.20210926127654652,-0.08388266029132484,-0.14730317256803524,-0.3247047709022201,-0.3691072272083136,-0.08844822766139994,-0.26363259522042165,,0.06569950324345666,-0.041365814157500506,-0.34772926648221875,0.0496216247481515,-0.1738636692277289,-0.10414236549603309,-0.042912091619831685,0.24659269470660253,0.33254412771249264,0.08580297494529224,0.23873020157519786,0.159731233069515,-0.00521145633501393,-0.3586187616284114,-0.36792727483057464,-0.12049588848293215,-0.38860728986918336,0.20465811265460365,0.0061484773408654915,0.024028997522485614,-0.08788138779366257,-0.2704616660079242,-0.0797643951298044,0.010401704375656734,-0.04253034232115142,-0.2625953168229975,0.02498915484946931,-0.31870860767547454,-0.2495040151157298,0.10617450570213914,0.0619378596974926,-0.22519159765937552,0.006256446839482132,-0.36796583536579486,-0.09673488668022712,-0.18474159621335545,0.05868720657842731,-0.015742338503658432,0.14009235248185245,0.2537302497758669,0.2720542161125196,0.0048412751968997325,0.26520200900388496,0.34836165925983054,0.20812856082442424,0.17960147686849892,-0.03349175286552977,,0.23174688864681442,-0.014724340373844388,0.44484011838084314,0.1425795070035572,0.13568873935970233,0.13046764289088333,0.5678019530911089,0.20456942342359713,0.2698254171767904,0.1898238747553816,0.37140157905391724,0.07839549612948628,0.40432070797142666,0.30749134797990996,0.30285637164643847,0.275655770102089,0.11248300926416858,0.09949196494847348,0.06117050504661005,-0.06103939922686127,0.1433507177079618,0.14084813897216894
#26,-0.005543076937907898,0.3113011288596686,-0.02655085652588858,-0.15894845420454437,-0.015144650207744883,0.1680873010517386,1.0,0.039669150607810434,0.22423529638591383,0.25922126999122747,0.08945080157712589,0.14336228586852787,0.36509693154540984,0.5162850780368832,0.0815343236964129,0.22356048701955983,-0.025020003277645492,-0.005377266636460914,0.030368349512691236,0.03601746792245476,-0.059647363905411005,-0.048939103274753454,-0.12635708983640692,-0.29944762033297023,-0.13550750484416724,0.05403294997734569,-0.2887162233811805,-0.23581116905902655,0.16861943643777777,0.12169126507475923,0.13886227140832716,0.3340904051748238,0.07184791724909141,0.14225174245418526,-0.03723212478189197,0.2894835780320631,0.06863196861172433,0.24860555464509848,-0.0674481601804633,0.10893929607742955,,-0.064261193893192,-0.055085652588857933,0.24973152227352916,0.12933781920893062,-0.13459747621296983,-0.06361909903309458,0.01047496939257517,0.052043226359981876,-0.025023859331167516,-0.10148554461935931,-0.19191385576431802,-0.15505769620082327,-0.31992712058843376,-0.08638138297359567,-0.008080360155398958,-0.19884318394339315,-0.11310383388121427,0.09373873309361534,0.00716261941715751,0.07310113464374886,-0.10965266597900379,0.11580692740015232,-0.24939218956359113,-0.014199917094849277,-0.10735831413340018,0.44173985134913674,0.43977712010642706,0.15274792014113156,-0.021325904003547568,0.06165251173686291,-0.17304618588106002,0.17677113358333413,-0.030437758476087647,-0.18896783087349253,-0.25898990677990613,-0.19415036680709127,-0.09898296588356646,0.24698215611232685,0.30439108094820355,0.08253304155861683,-0.13170158001793064,0.3151880308098676,0.26931256205836135,0.1605024437739196,0.07444689732293484,-0.02891847338841063,-0.11956657958412463,,0.052031658199415805,-0.012503253545159207,0.08516287006063644,0.034748826313709236,0.06300598652309294,0.01663694292076774,-0.050635766824443526,0.00363433044450657,-0.08642379956233792,-0.10598555907956002,0.0532771634870292,-0.30402089981008934,-0.15917981741586573,0.2651711605757088,-0.08375541052509809,0.08141092998370818,-0.009175479355653457,-0.013420994283400654,-0.11844832406273799,-0.1716425823990437,0.14238670432745607,0.10866166022384391
#49,0.7045144746609083,0.09122844225077845,0.149115517723386,0.3357099476540734,0.27173801972371375,0.012580374615599665,0.039669150607810434,1.0,0.6024408818794404,0.4678414776397096,0.29192445991150356,0.4707450859417929,0.26539481167998613,-0.03563186257025248,-0.07816798897168693,-0.34281279824163957,0.2073457819594536,8.676120424551493e-05,0.33513925173281406,0.21166841795764124,-0.14536357764645774,-0.39776927303750975,0.03977326405290505,-0.24495772801326482,0.3790944058303529,-0.11222850973171508,-0.12939566001176098,-0.32056336941956753,0.12659616515477234,0.17440351672081209,0.2995941503668071,0.013555956156671455,0.34103901362150907,-0.07958316061426933,0.19323262606884983,0.21727511977866254,0.26483182786577075,0.03962673401906818,0.24587161269798424,0.10757810918415547,,0.035529711403052576,-0.10966423413956985,0.17537138615483983,-0.4238130585252523,-0.17513616688999642,-0.24411710834546382,-0.11681721342292231,-0.19455139637338167,-0.1436553459362016,-0.36497739388622713,-0.22982657399284703,-0.342882207205036,-0.26198991642003994,-0.07695718816577174,0.18590612437700635,-0.33975494779867543,0.09574002487154522,-0.4254634494326781,-0.3291546566666345,-0.5040613883720706,-0.18525445133178448,0.3487973933078191,-0.11969382935035139,0.2398446010430625,0.21734452874205895,0.0708839038685857,-0.2579063557402177,0.2528857740545439,-0.07872326067885822,0.13590082230341358,-0.05778489005427395,0.3685635236617084,0.10280817097741317,0.29975996066825406,0.13268872971956852,-0.10376447225087485,-0.41156237648578564,0.051183326424570776,-0.1302594160006941,0.02206241022625394,0.15898315868624258,0.4167834729546046,-0.11015780899038878,0.2896223959588559,0.15120935478584444,0.08212044383176038,-0.10422719867351758,,0.08397134952233137,-0.1996105385942757,0.010393992268612689,0.286101819093249,0.07427723096796583,0.2511004212738473,-0.12553960648973808,-0.030337501084515054,0.17660532328188716,-0.008739745307664871,0.14084428291864692,-0.25837293821638246,0.07605101558809636,-0.055606219814331025,0.11715654613286032,0.27832415913932884,0.2515361553218359,0.07137747871940463,-0.4561807717891124,-0.020797624671030433,-0.4117590352154088,-0.10788273741239529
#50,0.3642563118776089,0.19399226861268834,-0.04294679610152989,0.018688363394483914,0.3227613199271206,0.11846374827682608,0.22423529638591383,0.6024408818794404,1.0,0.47883123017747486,0.3611329085247703,0.33205826496871776,0.3705879517607704,0.09819247491155177,0.11544060231556014,-0.17062072821570765,0.10435059238622232,-0.11261411508391736,0.09376958152179152,0.043822120251029086,0.06669237369014681,-0.2604243586900986,-0.030622849045144746,-0.25528423934524214,0.30982811641425584,-0.19921336508150733,-0.20665169232548947,-0.3848746300598652,0.07929010054659559,0.09265903810744894,0.3332305052394127,-0.016143368069948812,0.15056924990118864,-0.13038280971339883,0.22470573491560064,0.24425592627225665,0.1391900359576991,-0.05984016658151215,0.0955009495531798,-0.017072676968756327,,0.13160916160645603,-0.05454194904225271,0.05545583372697213,-0.2520991391360512,-0.3058679494471383,-0.29097972679860795,-0.23537157895751593,-0.23236000115681604,-0.16936365476752818,-0.31107747775539124,-0.16620554693299144,-0.1914434172346312,-0.3146250469956523,0.08053560583420898,-0.004127905295325499,-0.16347546103939922,-0.013467266925664929,-0.25166726114158466,-0.14723761965816085,-0.33318808865067046,-0.19930205431251385,0.22240752701647498,-0.4410303375010845,0.1737672678896783,0.26495136552495346,0.1528057609439619,-0.019756490220084254,0.12403188956262713,-0.1957390608581647,-0.20978280778537206,-0.3056134499146848,0.18607964678549738,-0.13121186122063375,0.22405406187037877,0.05030800227507158,-0.325865443012349,-0.4365765956831481,0.22329441932654026,-0.0550625162677258,0.23648983447890257,0.15859755333404027,0.3756432379281424,0.08071298429622203,0.37873964890632683,0.23394098310084543,0.12676968756326337,0.15449471238660792,,0.1271090202732014,-0.09954209364425978,0.21003730731782558,0.28484474564506956,0.1560872624912034,0.19754754995999343,-0.026439030973749916,-0.11503957274926976,-0.07672196890092835,-0.25438192282108874,-0.06026047641541265,-0.4087975861104952,-0.03420897882062603,-0.16308214358015288,-0.15388931198365033,0.05611907493276007,-0.05728360309641098,-0.0929906587103429,-0.4674790086086395,-0.02517424541852641,-0.21478410920343574,-0.04065630030944829
#51,0.5468712945735686,0.4138837207060434,0.5048441672370413,0.4527604523150781,0.12171054534236936,0.4513568488330618,0.25922126999122747,0.4678414776397096,0.47883123017747486,1.0,0.5201025710236858,0.23650525869299066,0.5504805606701821,-0.17143821156237649,-0.23916207956966443,-0.156530708646236,0.5961092419962789,0.34058785535943237,0.07953303191848303,0.04105347382221665,-0.37089257998901026,-0.28189872075424405,0.2623755217722422,-0.05395968496042725,0.27048865838257835,-0.018190932490142964,0.1737017149798039,0.02064338253014952,0.28802598980073846,0.48099833225685173,0.3340557006931256,0.024437739195820037,0.5049906972708781,-0.07330164942689404,0.025636971841169157,0.3459824742367424,-0.001193448565066083,-0.17569529465068975,0.18683543327581387,-0.030341357138037078,,0.03931443158344069,0.16312070411537313,0.007066218079106938,0.06712425168461338,0.013278320303085806,-0.04663703932210579,0.024792496119846144,0.006842566974829611,0.11987506386588646,-0.008142057011751323,0.07385692113406533,-0.16482507977210722,-0.1302594160006941,-0.4127384728100026,-0.20782778864970647,-0.4518041510416165,-0.3106301755468366,0.04028997522485612,-0.01631689047843984,-0.1975591181205595,-0.2501055594651654,0.10890459159573135,-0.2670413465338899,0.3984286581897757,0.20298458542604572,-0.04454705831316939,-0.0072860131298622425,-0.07360627765513385,-0.24948087879459768,0.10013206983312928,-0.003248725092304281,-0.10163207465319618,-0.147765898990678,-0.2949437498192475,-0.22815690281781112,-0.3684748344307019,-0.13527614163284588,0.17315029932615464,0.18601794992914503,0.2720156555772994,0.09509220787984538,0.09985443397954363,0.2852226388902278,0.30659288750927866,0.2941571149007548,0.123673276585079,0.04650978955587903,,0.211290524712483,0.12242777129746561,0.28954913094193746,0.3118139839780976,0.11387504458561885,0.1650525869299066,0.22128927149508834,0.2086915446386396,0.3297754812836802,0.19333288346042243,0.3555879035601014,-0.07557672100488755,0.34327552466428235,0.2711287632672342,0.3076070295855706,0.38451987313583913,0.3301418063682724,0.3005273153191366,-0.19784446608118922,-0.15478777245428166,-0.07138133477292664,0.027507157799350253
#52,0.48561788437623515,0.30832811159418894,0.419208930619957,0.14227102272179537,0.34580123972120735,0.4288490644250142,0.08945080157712589,0.29192445991150356,0.3611329085247703,0.5201025710236858,1.0,0.4383812287314548,0.2768665709080042,-0.2024254576653524,-0.1784138123837159,-0.04076041375454291,0.5789498038232771,0.1471103698919341,-0.007687042696152622,0.07814870870407681,-0.19563109135954806,-0.041354245996934436,0.3496842856178844,0.1446502077448835,0.24194229415904292,-0.1339303789536599,-0.11581463950719637,-0.07085305544040951,0.10804083560679822,0.07123094868556776,0.2359731233069515,0.04677200119537659,0.27437556033277744,-0.25364156054486037,0.1082374943364214,0.012915851272015656,-0.01579246719944473,-0.2926224055989897,0.017701213692846055,-0.39950449712242003,,0.11164442524990029,0.09625673604349629,-0.06777592472983525,-0.06895973316109627,0.03578224865761137,-0.17159630975677942,-0.10432745606509018,0.032840079820307906,0.07613970481910289,-0.00058804816210849,0.14359364907984923,-0.11872981596984566,-0.04957535210588723,-0.28200669025286074,-0.20263368455554162,-0.3385480030462823,-0.00403536001079695,-0.027858058669854337,-0.20287661592742906,-0.022802772502482336,-0.01373719067220653,-0.009156199088043342,-0.11974010199261566,0.020481428282224556,0.0633183268583768,-0.14460393510261924,-0.07755102040816327,0.021599683803611193,0.0230495599278918,0.11491617903656502,0.18496139126411074,0.09754080186632991,0.2519680333163024,-0.060958422102898785,0.12609102214338735,-0.3543693906471422,-0.20845246932027417,0.2128560824424243,-0.04738896975890025,0.23572633588154204,0.3816702495830642,0.2128907869241225,0.4374364956185592,0.41498655201334195,0.11795474921191906,-0.04145064733498501,0.005284721351932365,,0.3602267359470949,0.10219891452093355,0.22902837091378828,0.14747283892300425,-0.16581994158078914,0.08077853720609642,0.23112606402976874,0.24190758967734471,0.041188435695487455,-0.12874784302006112,0.19087657736689384,0.023701232973113665,0.37569722267745076,0.10335573057754041,0.11015395293686676,0.08660117802435098,0.024418458928209923,-0.013239759767865579,-0.07578109184155477,-0.048607482671859485,-0.17409503243905025,-0.08279525319811439
#53,0.4287835115151398,0.2579911889177022,0.14240212854154416,0.2933974723569163,0.6308522842297051,0.11455371000549487,0.14336228586852787,0.4707450859417929,0.33205826496871776,0.23650525869299066,0.4383812287314548,1.0,0.15808469821561122,0.0645831124136003,0.010694764443330474,-0.2808922907849961,0.27144495965604004,-0.0036034820163303866,-0.11784677971330242,0.00696210463401232,0.09430942901487473,-0.26840253342716397,-0.19417735918174545,-0.051306720137275504,-0.046972515978521784,-0.17095620487212362,-0.3783656117146906,-0.4345058949418218,-0.05347767827017439,-0.15488417379233224,0.1396643305409079,0.2064858820240425,-0.0576576402880472,0.08610760317353205,0.34808016735272285,0.12807303365370712,-0.0438761050003374,-0.016764192686994497,-0.22528028689038204,0.023068840195501913,,0.10051391602861623,0.08241735995295614,0.1450011086153876,-0.13700365361071212,0.09795725564670837,-0.250379339265229,-0.16668369756972226,-0.12245476367211977,-0.06236588163843714,-0.076664128098098,-0.1144573086674443,-0.0560573780764077,-0.18690484223921028,0.06287873675686619,-0.047392825812422275,-0.07748546749828887,0.17936625760365554,-0.042595895231025804,-0.03762158618761628,0.030083001552061544,0.14557180453664698,0.16437006545650854,-0.10054466755998573,-0.18150636730837824,-0.24028419114457308,0.1256128715066565,-0.09915648829205749,0.1996143946477977,0.18364262095957892,0.04342880279178275,0.05883373661226418,0.4217269335698379,0.44860748267185946,0.22153605892049782,0.28566222899173843,-0.21049617768694628,-0.31359162465175017,-0.017620236568883577,-0.17205132407237814,0.1758225444169165,0.48358574417012906,0.34759430460894797,0.19164778807129842,0.43442877387138135,0.10680304242622887,0.0037500120501672563,-0.07795590602797567,,0.250036150501769,0.030376061619735283,-0.004737161751805115,0.22675715538931682,-0.19541129630879275,0.22742425264862676,0.0259146076947548,-0.0302102513182883,-0.14150366807091283,-0.2533485004771866,-0.02421408809154271,-0.17778913171314817,0.13518745240183933,-0.042499493892975235,-0.13392652290013785,-0.16209499387851503,-0.15532761994736488,-0.25002843839472494,-0.04036709629529658,0.23101038242410804,-0.1617209566868788,-0.06352269769504401
#54,0.42681692421890816,0.39010729468925026,0.4212140784514089,0.1853585647768791,0.21352317970173426,0.3939170755690089,0.36509693154540984,0.26539481167998613,0.3705879517607704,0.5504805606701821,0.2768665709080042,0.15808469821561122,1.0,0.23232529667511784,-0.3542190045597833,-0.14543298660985415,0.3828694822284133,0.389224258432707,-0.13302806242950652,-0.09260119730461859,-0.42124878293310714,-0.244988576441441,0.07663327966992182,-0.06315637261045183,0.06844687804266723,0.10361023010999393,0.14483144226041858,0.10660252764308369,0.4447514291498366,0.48288779848264296,0.12875555512710515,0.29820597109887886,0.2678549738270367,0.03617171006333568,0.04728100026028361,0.20567225473089568,-0.08801249361341136,-0.08651634484686647,0.10264236067596619,0.10350226061137728,,0.14917157430291825,0.1996490991294959,0.013798887528558896,0.17704491338339776,-0.055397992924141784,-0.04444294486807477,0.19680718768376504,0.19550769764684334,0.34644905671290716,0.09400480078663492,0.2131761348847522,-0.062281048460952636,-0.0869752152159872,-0.42351614240405655,-0.36168046812489757,-0.3145247896040797,-0.2690966230611281,0.11784677971330242,-0.0003335486296549796,0.013328448998872105,-0.09464876172481274,-0.06970780754436871,-0.325526110302411,0.2005552717071713,0.08213201199232645,0.055116501017034115,0.30934610972400295,-0.28192956918242024,-0.38447745654709686,-0.11399843829832358,-0.14703710487501567,-0.24553999209509028,-0.20342803158107833,-0.32617007124058883,-0.21097432832367713,-0.370518542797374,-0.2172365592434423,0.20671724523536386,0.4096574860459063,0.35835654998891386,0.15913354477360145,0.24963126488195655,0.16820683871092132,0.359733161096276,0.2515053068936597,0.10057165993463989,-0.05625403680603087,,0.23463507273480955,0.25359143184907407,0.3018769340518446,0.3841728283188571,0.14723376360463883,0.1875835076590863,0.16901660995054613,0.0962258876153201,0.3269489940520374,0.30264043264920515,0.39488880105655866,-0.05168461338243375,0.3409850288722007,0.5020215360589205,0.2952483780474873,0.4267398031484677,0.373213924209268,0.3135993367587942,-0.0865896098637849,-0.03148274898055585,0.07210627283506695,0.05688642958364262
#58,-0.22733170736409822,-0.0639430075289445,-0.33980122044093974,-0.20872239306681578,-0.01829504593523758,-0.33594516691891685,0.5162850780368832,-0.03563186257025248,0.09819247491155177,-0.17143821156237649,-0.2024254576653524,0.0645831124136003,0.23232529667511784,1.0,0.12292520220180655,-0.08262173078962336,-0.44775915089701446,-0.31854665342754956,0.0481717486238709,-0.022405598989713976,0.04731184868845979,-0.28463651875488033,-0.35648636403073275,-0.32591942776165733,-0.16567341154695228,0.1575872673112703,-0.23232915272863988,-0.10638273259232839,-0.0269750224133111,-0.19300126285752847,-0.10852284229705109,0.4119826863196861,-0.15025305351238274,0.329062111382106,0.1780320630850356,0.19783675397414516,0.14891114688671878,0.31620217288615965,-0.02652386415123442,0.3612254538092989,,-0.007974326370904354,0.01515236231478893,0.3253487318403979,0.19441257844658885,-0.035365794877232896,0.040953216430644056,0.11001513501007394,0.0026124762611705052,-0.11520538305071674,-0.012036671068994437,-0.18838171073814505,-0.05169618154299982,-0.25936394397154233,0.1502106369236405,0.018661371019829755,0.06323349368089229,0.13706149441354246,0.17178911243288056,0.14244840118380844,0.14928904013187702,0.12983525011327157,0.19380717804363123,-0.31101578089903886,-0.09765648347199059,-0.12780696596068752,0.5233416559821851,0.5147850732168162,0.046166600792419,-0.13553835327234343,-0.3398089325479838,-0.43279766323156565,0.18675060009832936,-0.049833707691862766,0.05609593861162793,-0.17636624796352174,0.02406370200418382,-0.075484175720359,0.22010160701030532,0.1912737508796622,-0.07393018615098378,-0.18740227314355123,0.34735137323706056,-0.12637637010401703,0.05708694436678781,0.058718055006603494,0.0911860256620362,-0.09928759411180627,,0.029122844225077844,0.12891750937503013,-0.13257690416742984,0.14220932586544302,0.09299837081738695,0.19603597697936048,-0.3350814109299837,-0.408257738617412,-0.19039457067664098,-0.16578138104556892,-0.08301890430239171,-0.21105916150116164,-0.21978541062149942,0.1155370036536107,-0.24330733710583902,-0.057036815671001516,-0.056535528713138536,-0.041323397568758254,0.07304714989444054,0.15957313487511207,0.3030376061619735,0.25958759507581963
#101,-0.41949813463410873,-0.14513992654218041,-0.5953804478806166,-0.36053136417533477,-0.1412992972342456,-0.2376582186960755,0.0815343236964129,-0.07816798897168693,0.11544060231556014,-0.23916207956966443,-0.1784138123837159,0.010694764443330474,-0.3542190045597833,0.12292520220180655,1.0,0.3161057715481091,-0.4054659558674674,-0.5530564044228934,0.4954315405897834,0.20589976188869502,0.7748411787955617,0.2213779607260949,-0.027881194990986475,-0.11407555936876404,0.2843588829012947,-0.2922830728890517,-0.5765629066931449,-0.6573356598189583,-0.18852052866493788,-0.4055430769379079,0.15379291064559977,-0.23900012532173948,-0.4918993955636104,-0.17980199165164412,0.18366961333423307,0.07343275524664282,0.4038387012811738,0.2626685818399159,-0.23006564931121243,-0.16533022278349224,,-0.2805397323319171,-0.09440968640644733,0.4254094646833698,-0.13972602739726028,-0.07013582948531326,-0.574218426151755,-0.7227883123017748,-0.5544561518513877,-0.6277944337867409,-0.709018345174631,-0.48376312263214216,-0.4313940597495493,-0.16774796834180059,0.5599163236385721,0.315920680979052,0.14387128493343487,0.326204775722287,-0.3726933569837949,-0.10870407681258616,-0.3863013698630137,-0.3978271138403401,0.3593706920652059,0.11629664619744923,-0.3874119132773563,-0.06296356993435069,0.383316784436968,-0.05665506637232125,0.5264342109068474,0.1544715760654758,-0.049212883074817075,-0.2667907030549584,0.47131192580953024,-0.034336228586852785,0.4837515544715761,0.008651056076658344,-0.1969151571823817,-0.38998390097654556,0.1558713234939701,-0.3824183239663366,0.22230726962490238,-0.09535056346582091,0.07736978589262819,0.1242285482922503,0.0730240135733084,-0.1542556370682425,-0.014813029604850916,0.2292828704462418,,-0.046972515978521784,-0.21512344191337376,0.026809212111864114,-0.16625567562877772,0.07272324139859061,-0.11225935815989126,-0.4445624825272575,-0.2070103053030376,-0.6474140341067934,-0.6591017323320447,-0.618200572623948,-0.3696046581126546,-0.5553816046966732,-0.6322944482469417,-0.4822708299191193,-0.487106321035736,-0.6287545911137247,-0.6083907724639218,-0.4384506376948512,-0.004255155061552255,-0.32162764019164586,-0.09729015838739842
#102,-0.22641396662585678,0.06182989019887596,-0.06833890854405059,-0.33711355113608976,-0.3750185572575747,-0.008639487916092276,0.22356048701955983,-0.34281279824163957,-0.17062072821570765,-0.156530708646236,-0.04076041375454291,-0.2808922907849961,-0.14543298660985415,-0.08262173078962336,0.3161057715481091,1.0,-0.03918714391755757,-0.03498404557855263,0.2558626473735455,0.5514484301042099,0.11825166533311482,0.8146742116780581,0.26766988325797963,0.3121687409021237,0.07463584394551397,0.2498240675580577,-0.38050957747293535,0.027549574388092506,0.09286726499763817,-0.0034415277684054254,0.1265884530477283,-0.1019212786673479,-0.33584490952734425,-0.35980642611319447,-0.221906240058612,-0.01285415441566329,0.064027840706429,0.09761021082972632,-0.16838807322645638,-0.40235026462167295,,0.0340779058524503,-0.027252658266896743,0.22919418121523527,-0.1301244541274233,0.016143368069948812,-0.1655423057272035,-0.3216353522986899,-0.1563263378095688,-0.10005494876268882,-0.23004636904360232,-0.0715240087532415,-0.3677691766361717,0.2469281713630185,-0.06177590544956764,0.4945060877444979,-0.32721506174505705,0.3023396604744874,-0.25391534034492397,-0.3877859504689925,-0.1552466428234024,-0.43517299220113176,0.06286331254277809,0.3263513057561239,-0.23662094029865136,-0.06233503321026096,0.14973248628690966,0.08980941455467402,0.3925057599799485,0.33512382751872594,0.3265672447533572,0.158211947981838,0.16129293474593429,0.02542874495097992,-0.093345415634369,-0.19236115797287268,-0.3467652531017131,-0.23493970096304936,0.3396161298718826,0.12521569799388815,0.06190701126931642,-0.19298198258991836,-0.14700625644683948,0.24711711798559763,-0.16728524191915783,-0.44073342137988875,-0.39451861991844445,-0.11146115508083253,,-0.06121677768887432,-0.22801037278397424,-0.1232683909652666,-0.5446039351026192,-0.3223410100932201,-0.5568931776773062,-0.11977095042079185,0.531088467507929,-0.24436775182439532,-0.2143715114765793,-0.12068097905198924,-0.016725632151774267,-0.2646814417784119,-0.10185186970395149,-0.018885022124107084,-0.08907676438548967,-0.17324670066420522,-0.25767884858241835,-0.3161867486720716,-0.4805780224229512,-0.2639989203050138,-0.44532983717814
#201,0.5868007287941157,0.4244068907676439,0.8417205710815266,0.51677479683418,0.24267494432822728,0.5796978782065495,-0.025020003277645492,0.2073457819594536,0.10435059238622232,0.5961092419962789,0.5789498038232771,0.27144495965604004,0.3828694822284133,-0.44775915089701446,-0.4054659558674674,-0.03918714391755757,1.0,0.6864218715355769,-0.23151938148901507,0.031613854800304625,-0.5043081757974801,0.05110620535413032,0.2830015520615426,0.2491338339776156,0.0426614481409002,-0.008974964572508267,0.22064531055691053,0.22016715992017968,0.37368436273895483,0.46536974733209296,0.1589523102580664,0.04059845950661795,0.4281009900417418,-0.15938804430605497,-0.0476164769166996,0.0057782962027512945,-0.22561961960032006,-0.323004251299008,-0.033522601293705954,-0.26060173715211166,,0.009908139076421053,0.15287902596088035,-0.3095890410958904,-0.11449586920266454,0.053207754523632786,0.07732736930388594,0.1038570175354034,0.12033393423500718,0.3734607116346775,0.19418121523526746,0.33786933762640625,0.033777100826159465,0.12890594121446405,-0.6066979649677537,-0.260995054611358,-0.3957101404567495,-0.23264920517096777,0.0931256205836137,-0.1574908659732197,0.028845208371492195,0.022579121398205008,-0.20776223573983207,-0.008932547983766014,0.18108991352799977,-0.03761001802705022,-0.377255068300348,-0.17365544233753966,-0.16890864045192946,4.4344615503263186e-05,0.3403372118805009,0.35497479105009977,-0.1543211899781169,0.15258210983968457,-0.3610133708655876,0.008998100893640403,-0.24570580239653728,0.031100999681875584,-0.04180926031253314,0.13563861066391603,0.10969122651422401,0.30126767759536505,-0.06938004299499677,0.2823575911233648,0.15378905459207773,0.02123335871901902,-0.09170273683398726,-0.06387745461907011,,0.17222484648086916,0.03832724398214647,0.15754870677605004,0.00750966423413957,-0.13248050282937926,0.05576046195521194,0.5970115585204323,0.4981616264833756,0.48288779848264296,0.39519342928479845,0.5405936394397154,0.3050697463680796,0.6144062159582775,0.4396691506078104,0.4906307539548649,0.44673344066015636,0.3779607260948782,0.3677691766361717,0.00616004550143156,-0.13067972583459458,-0.06679648713524143,-0.0436910144312803
