,#10,#11,#12,#13,#17,#18,#26,#49,#50,#51,#52,#53,#54,#58,#101,#102,#201,#202,#301,#302,#401,#402,#501,#502,#601,#602,#701,#702,#801,#802,#901,#902,#1001,#1002,#1101,#1102,#1201,#1202,#1301,#1302,#1401,#1402,#1501,#1502,#1601,#1602,#1701,#1702,#1801,#1802,#1901,#1902,#2001,#2002,#2101,#2102,#2201,#2202,#2301,#2302,#2401,#2402,#2501,#2502,#2601,#2602,#2701,#2702,#2801,#2802,#2901,#2902,#3001,#3002,#3101,#3102,#3201,#3202,#3301,#3302,#3401,#3402,#3455,#3501,#3502,#3601,#3602,#3701,#3702,#3801,#3802,#3901,#3902,#4001,#4002,#4101,#4102,#4201,#4202,#4301,#4302,#4401,#4402,#4501,#4502,#4601,#4602,#4701,#4702,#4801,#4802
#10,1.0,0.1339997879170563,0.3295479741258809,0.36678588298805587,-0.01721149489554915,0.06183760230592,0.04048663395447929,0.5132465078615291,-0.11218994919649485,0.3373410582938891,0.29966741538372554,0.28961082779828984,0.2914038926860305,-0.043155022991719125,-0.14783145190055239,0.12806532154666306,0.42162282012474334,0.3049193602807207,-0.04581955597543694,-0.1920295373699787,-0.4141767807737171,0.0634031600358613,-0.14223631824009716,0.29815584240309256,-0.03526168143213828,0.1877493179605333,-0.1112220797624671,0.2903781824491724,0.23338571139367414,-0.3217163294226524,0.06545072445605545,-0.15864382597630455,0.2839231488533061,0.12242005919042157,-0.07671811284740632,-0.1739137979235152,-0.052922406563003094,-0.1419702505470776,0.24204255155061552,0.1433507177079618,,,0.15362710034415278,-0.1643623533494645,-0.165461328603241,0.12796506415509049,0.023327195781477447,0.2553305119875064,0.08817444786133631,0.13207176115604485,0.010679340229242383,-0.1987891991940848,0.10106523478545883,-0.04019357388680555,0.009595789189553951,-0.10838788042378028,0.002546923351296116,0.0989713977230004,0.04889283063248918,-0.17614645291276643,-0.2093817782190817,-0.13893168037172357,,,-0.03940308291479086,0.20044344615503262,0.03725526110302411,0.0908505490056202,-0.24777264708434152,-0.012109936085912872,-0.060372301967551306,0.1694484879450127,-0.03183750590458195,0.16746647643469292,-0.07144688768280104,-0.015788611145922705,-0.36634243683302326,-0.38864585040440364,0.03996992278252822,-0.017431289946304454,-0.12681596020552766,0.2730220855465474,,0.14456151851387697,-0.11571052606210175,0.05050080495117272,-0.0980806493594131,,,0.19023261642871603,-0.13769774324467624,-0.1373892589629144,-0.08621171661862667,0.0925703488764424,-0.057268178882322884,0.28640644732148884,0.23272632624140824,0.05618848389615648,0.09748296106349956,0.3414284750272334,-0.015337452883846027,0.06501499040806687,-0.2770593735841054,0.32638215418430006,0.33977422806628554,0.3427665255993753,0.28880105655866506,-0.0699931555049984,-0.16520682907078751,-0.3472164113637897,-0.18573645802203734
#11,0.1339997879170563,1.0,0.1311038917220171,0.1836387649060569,-0.08573356598189583,0.22763633559233803,0.07337491444381249,0.00021786702399429305,0.15966953621316263,0.10586602142037732,0.20288432803447312,0.13544580798781486,0.15150241485351817,0.23921220826545073,-0.1765667627466669,-0.21603347054457117,0.08764231247529716,0.13016687071616553,-0.2511004212738473,0.12239692286928942,-0.11548301890430239,0.2623061128088458,-0.10048297070363336,-0.06859726413002612,0.022525136648896688,0.16770940780658036,-0.06311395602170958,0.12461029759093056,0.08464230283516336,0.0032255887711721437,-0.17394079029816933,0.018892734231151127,-0.051484098599288555,-0.20696788871429536,0.07655615859948137,0.0778595046899251,0.163101423847763,-0.14367462620381172,-0.17577627177465224,-0.3077689838334956,,,0.25731252349782613,-0.08758061561894478,-0.1795282118515805,-0.21585223602903608,-0.06569751188146492,-0.005635622222436448,0.1699073583141334,-0.01854954546769109,0.025077844080475836,-0.055313159746657285,-0.08083637800892676,-0.1117272227738521,-0.077504747765899,0.03084264409590005,0.189384284653871,-0.13009746175276912,-0.08978242218001986,-0.168657996972998,0.10689173165723541,0.1810320727251694,,,0.06837746907927082,0.119292799784061,-0.06828106774122025,-0.04624372186285946,-0.017577819980141324,-0.08664745066661525,0.13510647527787686,0.16981481302960486,0.0189891355692017,-0.07161655403777005,0.15424021285415443,0.10148554461935931,-0.07725796034048953,-0.11628893409040518,0.15935719587787878,0.07908572970992837,0.10212950555753714,0.14838672360772368,,0.14658980266646102,0.15257439773264053,0.07423095832570156,0.007459535538353272,,,0.1063518841641522,-0.10726576884887162,-0.020743639921722113,-0.1485062612669064,0.16455515602556564,-0.07443532916236878,0.10377604041144091,-0.05620390811024457,-0.15748315386617567,0.11155370036536107,0.09711277992538536,0.020288625606123413,0.07377980006362489,-0.13759362979958162,-0.009044373535904678,-0.08743408558510792,-0.056134499146848156,-0.2449538719597428,0.005824568845015568,-0.06752142519738175,-0.026789931844254,-0.0026009081006044365
#12,0.3295479741258809,0.1311038917220171,1.0,0.3815661361379696,-0.3317806291151321,0.2419885668013072,0.31230755882891653,0.2690117898836436,0.03997763488957227,0.581953669516933,0.33213924209268025,0.2368677277240608,0.4547231835577878,0.15560139974742848,-0.03526168143213828,0.0038541254952618744,0.37947229907551117,0.7252214820741711,0.1083069032998178,-0.175907377594401,-0.23746927207349638,0.1566001176096324,-0.14128772907367954,0.13293166109145596,0.3414361871342774,-0.1490846692952098,-0.03976169589233899,0.16225694812643998,0.17567987043660166,0.2747226051497595,0.21503475268236724,0.2502559455525243,0.30709031841361956,0.059176925375724214,0.16797547549959993,-0.013278320303085806,0.15968881648077277,-0.17543693906471422,-0.022602257719337146,-0.09068088265065119,,,0.19949100093509298,-0.2583613700558164,-0.045291276642919806,-0.11143416270617836,0.07550731204149114,-0.18017217278975833,-0.11393288538844919,-0.2824270000867612,0.12963473533012637,-0.23301167420203792,-0.03216141440043188,-0.419201218512913,-0.23276103072310644,-0.2975195935719588,-0.014566242179441451,0.008805298217539259,0.1548610374712001,-0.4038039967994756,0.056936558279428916,0.17582640047043854,,,-0.04397636239191,0.027564998602180597,-0.21442935227940965,-0.17913489439233415,-0.14477360145758822,-0.10008965324438703,0.10917451534227295,0.10049068281067741,0.10583131693867912,-0.10060636441633809,0.041099746464480925,0.2412135000433806,-0.012021246854906346,-0.018900446338195175,-0.11404856699410988,-0.05270646756576981,0.1737634118361563,0.2892907753559619,,0.35888097326790896,-0.06948030038656937,0.08876442405020582,-0.3466225791213982,,,0.24092429602922888,-0.2565952975427299,0.05890314557566059,-0.24505798540483742,0.04714603838701281,-0.41816008406196675,0.2222070122333298,0.17313101905854453,0.2152121311443803,0.035913354477360146,-0.1517067856901854,-0.15636489834478903,0.41485544619359316,0.3257459053531663,0.3674491241938438,-0.08384795580962663,0.13180569346302526,-0.03597505133371251,-0.17350505625018076,-0.18824289281135223,-0.15987005099630783,-0.3884993203705667
#13,0.36678588298805587,0.1836387649060569,0.3815661361379696,1.0,0.06902528607097067,0.6495040151157299,0.1067220653022664,0.2169512112828126,9.44733112895607e-05,0.5725179065485428,0.22753993425428745,0.5803418391447274,0.363604638832387,0.12278638427501373,-0.5107940578215225,-0.2107313969517897,0.558894469455236,0.2820221144669488,-0.015383725526110302,-0.2859977056481544,-0.2702418709571689,0.03299432196118882,-0.15774536550567322,0.06808055295807505,0.12457559310923236,0.20293831278378144,-0.24253998245495648,0.04117301148139936,0.39244406312359614,0.02657784890054274,0.31379213943489537,0.1824433883142298,0.26624314345483113,0.3428089421881176,0.09738655972544899,-0.07032092005437035,0.2915080061311251,-0.0012590014749404722,0.04726557604619552,0.345245968014036,,,0.14020032198046908,-0.10992258972554539,-0.04704578099544022,-0.1262336961237022,-0.17326212487829332,-0.12378510213721766,0.14213606084852456,0.2451890912245862,0.11012310450869058,0.16348317314644328,0.08907676438548967,0.13398821975649022,0.05210106716281222,0.13064502135289638,0.23608494885909018,-0.13492138470881976,0.24061581174746705,-0.18944212545670133,-0.14377873964890633,-0.14680574166369428,,,-0.22986899058158927,0.07504844167237042,-0.13166687553623244,-0.04793267330550548,-0.3022509712434809,-0.1879189843155023,-0.07537235016822033,0.0411961478025315,-0.1166629712820414,0.17110659095948252,0.1598122101934775,0.3532627032863216,-0.34292076774025626,-0.41455467401887536,0.05537485660300965,-0.027588134923312736,-0.1221231430692258,0.2541505596097674,,0.3248358767219689,-0.04404962740882844,0.08328882804893332,-0.3067548417572036,,,0.3511071693675108,-0.14056664706506125,0.006900407777659954,-0.15558983158686243,0.06645715442530342,-0.2706544686840253,0.5171912506145585,0.021510994572604667,0.014072667328622522,0.11029277086365959,0.32649397973643873,0.21865558693954673,0.3362420830401126,0.10949071173107883,0.27761850134479865,0.19326733055054804,0.3126623157529427,0.3533591046243722,-0.2695362131626387,-0.08269885186006382,-0.3291970732553768,-0.40951866811911347
#17,-0.01721149489554915,-0.08573356598189583,-0.3317806291151321,0.06902528607097067,1.0,0.22941012021246854,0.05620776416376659,0.08857162137410467,-0.008543086578041703,-0.10976449153114246,0.002142037731483713,0.05138384120771596,0.07673739311501644,0.013286032410129853,-0.23404509654594005,-0.28570078952695865,0.11448044498857644,-0.27495782441460287,-0.06540830786731319,-0.12673112702804315,-0.27223930668157675,-0.17201661959067993,-0.2744064087609536,-0.2068406389480686,-0.3981780147108442,-0.08251376129100672,-0.3682434712193805,-0.1579805847705166,0.06650342706756769,-0.3307780551994062,-0.18080456556737007,0.10949456778460084,0.1360704886583826,0.008419692865336972,-0.2688112751004984,-0.059940423973084744,0.041747563456180775,0.23714536357764646,-0.006730741422690947,0.3099090935382183,,,-0.13481727126372514,0.3165607858637078,0.08359731233069514,0.42883749626444817,-0.4451177542344288,-0.12232751390589301,-0.10271562569288462,0.0881397433796381,-0.18317603848341416,0.060009832936481156,-0.16095360203599626,0.16375695294650688,0.01546084659655076,0.12884038830458966,-0.2249216739128339,-0.4410611859292607,0.01655596579680526,0.42793517974029477,0.1150125803746156,-0.13564246671743804,,,-0.14481601804633049,0.0457617151726066,0.31114688671878765,0.26848351055112646,-0.06909083898084506,-0.2350785188898422,-0.19928663009842576,-0.3136648896686686,-0.09947268468086337,0.2159255010459545,0.09908322327513906,-0.10825291855050947,-0.21854761744093007,-0.18385084784976816,0.09230813723694485,0.17955134817271265,-0.23680988692123048,-0.004374692720734963,,0.13307047901824878,0.3490673170543607,0.29089103756760143,0.48777727434856794,,,0.3345916921326868,0.6432842007847069,0.3808759025575275,0.5920449615840668,-0.0028978242218001987,0.5595847030356781,0.22732399525705416,-0.15663867814485266,-0.15697801085479066,-0.23286514416820106,0.26060173715211166,-0.02020379242863891,-0.06967310306267051,-0.037987911272208456,0.021892743871284932,0.328398870176318,0.14857181417678078,0.046856834372861096,-0.08541736959308996,0.30412886930870603,-0.19051025228230167,0.0718633414631795
#18,0.06183760230592,0.22763633559233803,0.2419885668013072,0.6495040151157299,0.22941012021246854,1.0,0.15813482691139752,0.07221038628016156,0.19166706833890854,0.23109521560159255,0.2070912824270001,0.4513722730471499,0.4834584944039023,0.2555194586100855,-0.5873868489294631,-0.37280903858945563,0.3505634658209056,0.22460547752402804,-0.1374239634446126,-0.17510146240829821,-0.38586949186854713,0.028455746965767886,-0.3323050523941272,-0.15265537485660302,-0.029547010112500362,0.12484166080225194,-0.33824337481804245,0.03344933627678752,0.33613796959501796,0.15346514609622783,0.31197208217250055,0.31095794009620853,0.15328776763421476,0.09623745577588617,0.06005610557874543,0.024622829764877136,0.3057792602161318,0.09858193631727609,-0.2418728851956465,0.21206173541688758,,,0.11608456325373796,-0.025127972776262133,-0.11143801875970039,-0.19178274994456923,-0.4088901313950238,-0.21866715510011278,0.013706342244030348,0.11976709436726982,-0.09286340894411614,0.2636056028457675,-0.004363124560168895,0.14897284374307115,0.0019608032159486376,0.10621306623735938,0.11426064993782113,-0.23721091648752085,0.14005379194663223,0.05072445605545005,0.07098801731368032,0.010220469860121659,,,-0.30412115720166194,0.06947644433304734,0.06199955655384497,-0.021680660927573675,-0.14990215264187867,-0.12838537398899097,0.03465628102918068,0.0031446116472096633,0.12617199926734984,0.1141025517434182,0.2859899935411104,0.457958412462765,-0.24210810446048991,-0.311370537823065,0.1963097567794241,0.201179952377739,0.0647180742868711,0.23039341386058437,,0.3096237455775886,0.060939141835288674,0.153160517867988,-0.2635477620429372,,,0.47928238843955157,0.1350833389567447,0.14071317709889813,-0.08577212651711606,0.12627225665892242,-0.23636258471267582,0.4028476955260139,-0.08800478150636731,-0.07853045800275708,0.1980141324361582,0.26127654651846566,0.18684700143637994,0.35824858049029723,0.18252050938467027,0.19800256427559215,0.11721438693569067,0.3369014681923785,0.15741760095630128,-0.19776348895722673,0.03062670509866677,-0.2151157298063297,-0.14749983129765842
#26,0.04048663395447929,0.07337491444381249,0.31230755882891653,0.1067220653022664,0.05620776416376659,0.15813482691139752,1.0,0.17812460836956417,0.08699835153711934,-0.09208063007914549,0.32256466119749744,0.0956204872123625,0.4276575438867091,-0.06168721621856112,-0.09113204091272786,-0.04961391264110746,0.20046658247616478,0.13838412077159631,0.07415769330878312,0.06435174920227893,-0.04382983235807313,0.1520808228818216,-0.06725150145084013,-0.14610779597620815,-0.09495338995305255,-0.16698832579796208,-0.022521280595374664,-0.1559214521897564,-0.18679687274059364,0.4355855899279882,-0.06664610104788254,0.18383542363568006,0.036059884511197016,-0.28779462658941707,0.09764491531142452,-0.21102445701946343,0.03283622376678588,-0.15070421177445942,-0.11153827615127299,-0.042715432890208516,,,0.02867554201652319,-0.08497777949157935,-0.06425149181070633,-0.06550856525888579,-0.16730066613324593,-0.3986715895616631,-0.2485438577887461,-0.34435136359692675,0.1255743109714363,-0.08822843261064464,-0.14079801027638264,-0.15502684777264708,-0.12627225665892242,-0.14443426874765022,-0.26338195174149015,-0.24270193670288143,0.014570098232963473,-0.11018865741856497,0.3461521405917114,0.25059142220894026,,,-0.04283882660291325,-0.023816914578774353,-0.04357533282561962,-0.016721776098252244,0.0712386607926118,-0.1670770150289686,0.2287083184714604,-0.12393163217105453,0.29102599944087226,-0.2980787213326521,0.3357562202963377,0.011512247789999324,0.1782287218146588,0.07797518629558578,-0.07123480473908977,0.1575718430971822,0.17805519940616776,0.17343950334030636,,-0.03139405974954932,0.2649976381672178,-0.04372186285945649,-0.05306508054331794,,,0.09083126873801009,0.04528356453587576,0.0058939778084119805,-0.18830458966770458,0.058629365775596964,-0.12474911551772339,0.08066671165395775,-0.26280354371318676,0.07077207831644704,-0.1780629115132118,-0.08165386135559562,-0.1628816287970077,0.2506107024765504,0.39892608909411664,0.022845189091224585,0.07541476675696258,0.044674308079396145,-0.18636113869260507,-0.05086327398224287,0.07102272179537852,0.12584809077149992,0.2624796352173368
#49,0.5132465078615291,0.00021786702399429305,0.2690117898836436,0.2169512112828126,0.08857162137410467,0.07221038628016156,0.17812460836956417,1.0,0.25571611733970867,0.20509770275611425,0.5195048827277723,0.29985636200630467,0.41456238612591945,-0.09503051102349301,-0.07490191163853355,-0.07389162561576355,0.17468500862791975,0.22522630214107373,-0.0929251058004685,-0.2692045925597447,-0.4167641926869945,-0.14303066526563388,-0.20476222609969827,0.0614828453818939,-0.022683234843299625,-0.17044720580721662,-0.03301745828232096,-0.030260380014074596,0.17576084756056415,-0.24127519689973298,0.1977095042079184,0.12950748556389963,0.30275997030838786,0.08662431434548312,-0.01271919254239249,-0.017007124058881936,0.09529272266299056,0.1471604985877204,0.09852023946092371,0.04559976092468163,,,0.16433536097481033,-0.14716821069476443,-0.11649330492707238,-0.04540310219505847,-0.14131857750185572,0.02859456489256071,-0.21822756499860219,-0.029577858540676544,-0.18012204409397203,-0.05730288336402109,0.08015000048200668,-0.1649060568960697,-0.012468549063461001,-0.3037509760635478,-0.24570194634301523,-0.3096006092564565,-0.025031571438211563,-0.02513568488330618,0.1403391399072619,0.027996876596647163,,,-0.042449365197188935,-0.03612929347459343,0.0304801750648299,0.24646544494037578,0.14153066044556697,-0.0036073380698524097,0.2889090260572817,0.10816422931950295,0.11470024003933174,0.20156170167641926,0.07377594401010286,-0.12552418227565,-0.11558327629587499,-0.2076157057059952,0.02902644288702727,-0.0016831673623629896,-0.021052124203483943,0.16147416926146935,,0.4084081247047709,-0.0550625162677258,0.3806676756673383,0.04286967503108943,,,0.25017111237503975,-0.19399226861268834,0.04639410795021835,-0.11244830478247038,0.2897342215109946,-0.01794800111825552,0.28920594217847745,0.01304310103824241,0.25099245177523066,0.13773244772637444,0.11151513983014084,0.11620024485939864,0.2017005196032121,0.06981192098946333,0.3696509307549189,0.2533677807447967,0.23219419085536908,0.060430142770381653,0.13487896812007752,0.002947952917586496,-0.3308358960022365,-0.21432909488783705
#50,-0.11218994919649485,0.15966953621316263,0.03997763488957227,9.44733112895607e-05,-0.008543086578041703,0.19166706833890854,0.08699835153711934,0.25571611733970867,1.0,-0.07726181639401154,0.29623167169560316,0.2825426816924219,0.24877136494654545,0.24631505885301688,0.0067885822255212905,-0.27747968341800583,-0.2427289290775356,0.08763460036825312,-0.07729652087570975,-0.03179508931583971,-0.2160373265980932,-0.1870783646477013,-0.13865790057165994,-0.26995266694301717,0.0396460142866783,-0.15029161404760297,-0.09348808961468386,-0.04746609082934071,0.05422960870696885,0.1811940269730944,-0.11111796631737249,0.37763296154550624,0.017843887673160905,-0.11114495869202665,-0.01857268178882323,0.12457944916275437,0.0718787656772676,0.15754485072252802,-0.18263233493680892,-0.22422372822534778,,,0.19932904668716803,0.15616438356164383,-0.3112895606991025,-0.13963348211273172,-0.25154772348240195,-0.05970520470824135,-0.051279727762621345,-0.010027667184020515,-0.07622068194306537,-0.022147243403738442,-0.12514243297696973,-0.022960870696885273,-0.2702804314923891,-0.023149817319464396,0.011766747322452836,-0.3083898084505413,-0.0865549053820867,0.030939045433950624,0.35016629230813723,0.1449355557055132,,,0.03327195781477447,0.16723125716984952,-0.039144727328815326,0.026115122477899995,0.2653909556264641,0.025397896522803737,0.3301032458330522,0.15069649966741538,0.14769649002728158,0.0030096497739388623,0.11746888646814418,0.1692826776435657,0.107666798415162,-0.07573096314576847,0.06745972834102937,0.1689124965054515,0.26512874398696656,0.20107198287912237,,0.07389162561576355,-0.0058785535943238895,0.10140842354891885,-0.12686223284779194,,,0.41914723376360463,0.17867988007673546,0.09940327571746696,-0.10544571158647682,0.11142259454561229,-0.16082249621624747,0.18374673440467354,-0.25070710381460093,-0.03716271581849556,-0.10739301861509838,-0.011331013274464249,-0.0011201835481476482,0.09673874273374915,0.27484985491598624,-0.014828453818939007,0.0563273018229493,-0.06336074344711905,-0.08424898537591702,-0.089975224856121,-0.023762929829466033,-0.10207937686175084,0.020573973566753105
#51,0.3373410582938891,0.10586602142037732,0.581953669516933,0.5725179065485428,-0.10976449153114246,0.23109521560159255,-0.09208063007914549,0.20509770275611425,-0.07726181639401154,1.0,0.22931371887441798,0.44102262539404047,0.20485862743774882,0.21683552967715192,-0.17803591913855765,0.019397877242536127,0.47554972863023337,0.48141864209075225,0.16652559937531933,-0.42936191954344327,-0.14944713832627998,0.04076041375454291,0.08302276035591374,0.32653254027165896,0.4528298612784745,0.006792438279043313,-0.05869106263194933,0.20826737875121706,0.43131693867910886,0.030002024428099062,0.22824944810233966,0.3418603530216999,0.2240116452816365,0.31017130517771585,0.1724832020668447,0.05518976603395255,0.2808113136610336,0.136814706988133,0.1173377806483954,0.14089826766795524,,,0.11292645541920122,-0.05165762100777959,0.2048354911166167,0.011635641502704058,0.20310797913875045,-0.06784147763970964,-0.012692200167738327,0.04355990861153153,0.29889620467932093,-0.022910742001098976,0.17916574282051034,-0.21621084900658422,0.004741017805327138,-0.16194075173763411,0.18583285936008792,-0.05848669179528212,0.17932384101491328,-0.18012590014749405,-0.2187905488128175,0.01103795320679051,,,0.06602527643083686,0.056427559214521895,-0.09907936722161703,0.023045703874369775,-0.21411701194412577,-0.006167757608475605,-0.14691756721583296,0.13116558857836946,-0.2622752643806696,0.12018740420117031,-0.15821966008888202,0.22148593022471152,-0.2653369708771558,-0.23583430538015868,-0.2329268410245534,-0.24759141256880646,0.06007538584635555,0.21565172124589088,,0.2666364609140775,-0.07911272208458253,-0.006873415403005794,-0.16804488446299634,,,0.18102050456460336,-0.16696904553035197,-0.05515891760577637,-0.003499368571235769,-0.030183258943634137,-0.21806946680419925,0.37980391967840516,0.39727955424021283,0.1995141372562251,0.12703189920276092,0.05020388882997696,0.18229685828039294,0.29109155235074663,0.11733006854135135,0.22005919042156305,-0.014971127799253853,0.08325026751371309,0.21337279361437536,-0.07052914694455958,0.07570782682463632,-0.31034097153268486,-0.6922637926214416
#52,0.29966741538372554,0.20288432803447312,0.33213924209268025,0.22753993425428745,0.002142037731483713,0.2070912824270001,0.32256466119749744,0.5195048827277723,0.29623167169560316,0.22931371887441798,1.0,0.32486286909662304,0.4022037345878361,-0.14021189014103516,-0.1783174110456653,-0.15807313005504517,0.39546335303134006,0.30088592829668476,-0.09630686473928259,-0.1654921770314172,-0.1307684150656011,0.05230158194595741,0.019077824800208226,0.07368725477909634,0.17690609545660493,-0.09286340894411614,0.2291324843588829,-0.05224759719664909,0.11427607415190923,0.06142500457906356,0.11861413436418497,0.1041770699777313,0.1320139203532145,-0.1797634311164239,0.057445557344335936,-0.10418863813829736,0.2576672804218523,-0.08748807033441625,-0.18528529975996066,-0.15560911185447254,,,0.3262818967927275,-0.21414400431877995,-0.024931314046638967,-0.16731609034733402,0.04040951288403883,-0.21829311790847658,-0.18042667232221182,-0.007848996944077584,0.18334184878486112,0.060996982638119014,0.10843029701252253,-0.2603048210309159,0.02498915484946931,-0.23923148853306084,-0.14315791503186065,-0.35824086838325314,0.0092333201584838,-0.1739986311009997,0.40159447813135646,0.26639352954219003,,,0.20534449018152373,0.07284277905777332,-0.038975060973846315,0.10400740362276228,0.18718633414631794,-0.10907811400422238,0.41640557970944636,0.18567090511216297,0.17186237744979901,-0.10466678877502819,0.1389895211745539,-0.17635082374943364,-0.11272979668957805,-0.343888637174284,0.05281443706438645,0.14873762447822775,-0.022390174775625885,0.29490518928402726,,0.26665188512816557,0.12290592193419644,0.09446752720927766,-0.04714218233349079,,,0.24634590728119307,-0.04892753511418738,-0.08535952879025961,-0.1803071346630291,0.12657688488716223,-0.11143801875970039,0.4427308571042966,-0.12429024514860267,0.35404162609777023,0.1842441653090145,-0.08656261748913074,0.03077323513250364,0.4293503513828772,0.03740179113686098,0.28623678096651983,0.03282079955269779,0.1694677682126228,-0.061301610866358824,0.08753819903020255,0.11862955857827306,-0.24229705108306904,-0.16231093287574833
#53,0.28961082779828984,0.13544580798781486,0.2368677277240608,0.5803418391447274,0.05138384120771596,0.4513722730471499,0.0956204872123625,0.29985636200630467,0.2825426816924219,0.44102262539404047,0.32486286909662304,1.0,0.3847666605612486,0.023762929829466033,-0.6240656300309448,-0.4204043072117841,0.3960533292202096,0.2422739147619369,-0.04057532318548582,-0.3099553661804826,-0.1798636885079965,0.1337144399564266,-0.3046494365341791,-0.06911783135549922,0.24039216064318972,0.15608340643768134,-0.10205238448709668,-0.030807939614201845,0.20994861808681906,-0.045750147012040526,0.28403497440544473,0.25306700857007897,0.3061687216218561,0.19809125350659867,0.08430682617874737,-0.1257941060221916,0.3665545197767345,0.012661351739562145,0.045414670355624534,0.2367173416367019,,,0.17104875015665216,-0.0581126546036459,0.010540522302449559,-0.05267176308407161,-0.10060250836281608,-0.2941224104190566,0.07113069129399516,0.1887403237156932,0.06806512874398697,0.030553440081748335,0.23596541119990747,0.0034415277684054254,0.02182333490788852,-0.07659857518822362,0.030341357138037078,-0.38133477292664825,0.24377777563552583,-0.09830044441016841,0.04647508507418083,0.0035494972670220663,,,-0.2608793730056973,-0.0524519680333163,-0.14836744334011356,0.021746213837448063,-0.11422980150964496,-0.25369168924064667,0.06813068165386135,-0.05520133419451862,-0.08319242671088274,0.016004550143155986,0.026878621075260525,0.2119460538112269,-0.2382790433131212,-0.3529696432186479,-0.00903280537533861,-0.041138306999701155,0.04726943209971755,0.16430065649311212,,0.17589580943383495,0.1972891943740179,0.09881329952859745,-0.20861442356819912,,,0.4435560525580095,-0.01198654237320814,-0.043652453896060074,-0.025286070970665073,0.17052818293117908,-0.19773264052905054,0.3578244146028747,0.18599481360801287,0.20421852255309303,0.2716416183856632,0.23301167420203792,0.21390878505393654,0.41244155668880683,0.041512344191337376,0.31983457530390524,0.2599500641068898,0.26076369140003663,0.32493227806001945,-0.21508873743167556,-0.03623726297321007,-0.3392228124126363,-0.3391109868604976
#54,0.2914038926860305,0.15150241485351817,0.4547231835577878,0.363604638832387,0.07673739311501644,0.4834584944039023,0.4276575438867091,0.41456238612591945,0.24877136494654545,0.20485862743774882,0.4022037345878361,0.3847666605612486,1.0,0.13453577935661748,-0.29025478873646765,-0.1186025662036189,0.2917817859311887,0.3847820847753367,-0.08722971474844071,-0.28223034135713804,-0.5858058669854338,-0.04027069495724601,-0.28201825841342676,0.11818996847676246,-0.035315666181446596,-0.1701618578465869,-0.3279978406100277,0.15110524134074982,0.26772772406080997,0.1818341318577502,0.13629799581618193,0.2249216739128339,0.23932403381758938,-0.10725805674182758,0.12387764742174621,-0.1096372417649157,0.04732727290254789,-0.16511813983978096,-0.2056414063027195,0.005805288577405455,,,0.21862473851137054,-0.1448352983139406,-0.46487617248127405,0.14857181417678078,-0.42855214830381844,-0.22080340875131346,-0.16920941262664727,-0.14991372080244475,-0.005901689915456027,0.14974405444747574,0.02749944569230621,0.026103554317333924,0.034972477417986564,-0.1469599838045752,-0.016845169810956975,-0.22304763190113078,-0.09143281308744565,-0.04184010874070932,0.21508873743167556,0.10891615975629741,,,-0.11294959174033335,0.020346466408953757,-0.018098387205614415,-0.1789073872345348,-0.08800478150636731,-0.039090742579507,-0.02187731965719684,-0.11324265180800709,0.13347150858453916,0.11281462986706256,0.11758071202028283,0.06808055295807505,-0.38959443957082124,-0.3499889138461242,0.2105308821686445,0.27744883498982964,0.12143676554230573,0.294022153027484,,0.5393866946873223,0.14680188561017227,0.49745982474236744,0.0010006458889649389,,,0.4201459516258086,-0.009561084707855745,0.2965208757097548,0.021958296781159323,0.34802618260341456,-0.0624430027088776,0.3102792746763325,-0.16047930745278743,-0.07828752663086963,0.0718286369814813,-0.017122805664542624,0.1273288153239567,0.29151571823816913,0.09385827075279805,0.28821879247683957,0.0648530361601419,0.2681480338947105,-0.03879382645831124,-0.17704105732987574,-0.04178226793787898,-0.37735918174544264,-0.13919389201122112
#58,-0.043155022991719125,0.23921220826545073,0.15560139974742848,0.12278638427501373,0.013286032410129853,0.2555194586100855,-0.06168721621856112,-0.09503051102349301,0.24631505885301688,0.21683552967715192,-0.14021189014103516,0.023762929829466033,0.13453577935661748,1.0,0.06292886545265249,0.07087619176154165,-0.11498944405348346,-0.0009505171931786413,0.006210174197217857,0.07409985250595279,-0.294693106340316,-0.1330396305900726,0.11167709407806581,0.11473880057455198,0.02827836850375483,0.028127982416395938,-0.2857123576875247,0.18366575728071105,0.23038955780706236,-0.03635680063239278,-0.1394792399718508,0.20585734529995275,-0.082224557276855,0.00990041741779376,0.12372726133438731,0.20638176857894788,0.059932711866040704,0.10848428176183085,-0.19719279303596735,-0.18232385065504708,,,0.15638417861239914,0.07018981423462158,-0.24078162204891404,0.0755034559879691,-0.17508603819421015,0.15574792978126537,0.16466312552418227,-0.05046995652299654,-0.039075318365418915,-0.16450117127625732,-0.17276469397395236,-0.10163207465319618,-0.2627418468568344,-0.05591084804257083,0.11409483963637415,-0.030931333326906577,-0.08954720291517647,0.05387870783646477,-0.13044065051622916,-0.02004569423423597,,,-0.07096488099254818,0.35457376148380937,0.1572363664407662,0.11409869568989618,0.04767046166600793,0.0549622588761532,-0.13133139887981646,0.04301234901140428,0.014037962846924315,0.12206530226639546,-0.10264236067596619,0.24979707518340355,0.03912544706120521,0.16905902653928837,-0.06324120578793634,0.14172346312166814,0.15514252937830778,0.028552148303818456,,0.19259252118419404,-0.12061542614211486,0.14962837284181504,0.09142895703392363,,,0.23201681239335603,-0.013779607260948783,0.10180559706168722,0.1373044257854299,-0.1554317333924595,0.0697039514908467,0.12307558828916546,-0.18806551434933916,-0.36494268940452895,-0.11203570705561393,0.025000723010035378,0.027345203551425293,-0.18204621480146144,-0.07605101558809636,-0.1272594063605603,-0.10322462475779164,-0.015564960041645377,-0.0895549150222205,-0.12621441585609208,-0.1891143609073294,-0.1244637675570937,-0.1178082191780822
#101,-0.14783145190055239,-0.1765667627466669,-0.03526168143213828,-0.5107940578215225,-0.23404509654594005,-0.5873868489294631,-0.09113204091272786,-0.07490191163853355,0.0067885822255212905,-0.17803591913855765,-0.1783174110456653,-0.6240656300309448,-0.29025478873646765,0.06292886545265249,1.0,0.544569230620921,-0.35075626849700675,-0.2779578340547367,0.3332266491858907,0.229487241282909,0.3537447099765745,-0.19425833630570793,0.5318712463728996,0.23426874765021738,-0.035111295344779386,-0.13399207581001224,0.3379040421081045,0.1182478092795928,-0.13252677547164354,-0.011034097153268488,-0.41559195241629954,-0.1477157702948917,-0.42264081825455735,-0.19488687302979765,-0.14939700963049368,0.2915195742916912,-0.3692807496168047,-0.03482980343767172,-0.08889167381643258,-0.38646332411093864,,,0.0915253583719742,0.18174544262674366,0.001467228365129708,0.10456267532993357,0.3427356771711991,0.23555281347305101,-0.1661515621836831,-0.3641637665930803,0.16396903589021816,-0.19996915157182382,-0.16059498905844813,-0.1856593369515969,-0.2398793055247607,-0.1453905700211119,-0.0908004203098339,0.2965710044055411,-0.2216864450078567,-0.11586862425650468,-0.06122834584944039,-0.18118631486605033,,,0.4266318336498511,0.14755767210048876,0.12738280007326502,0.097051083069033,0.37874736101337086,0.35904292751583394,0.002184454320225965,0.1827942891847339,-0.08024640182005727,-0.0837901150067963,-0.3134990793672216,-0.32132686801692806,0.2991699844793846,0.336485014412,-0.16354872605631765,0.08856776532058265,0.03286321614144004,-0.01850327282542682,,-0.1756875825436457,-0.22334454802232656,-0.053415981413822027,0.11448430104209846,,,-0.32544513317844853,0.0240097172548755,-0.01653282947567312,-0.015410717900764462,-0.267897390415779,0.09331842325971484,-0.28908640451929474,-0.23252581145826304,-0.08582225521290235,-0.3157201661959068,-0.35305447639613236,-0.15980064203291142,-0.4671782364339217,-0.028999450512373112,-0.43745963193969134,-0.23293455313159747,-0.49144823730153375,-0.32127673932114176,0.06553555763353995,-0.12956532636672996,0.15535846837554104,0.14900754822476936
#102,0.12806532154666306,-0.21603347054457117,0.0038541254952618744,-0.2107313969517897,-0.28570078952695865,-0.37280903858945563,-0.04961391264110746,-0.07389162561576355,-0.27747968341800583,0.019397877242536127,-0.15807313005504517,-0.4204043072117841,-0.1186025662036189,0.07087619176154165,0.544569230620921,1.0,0.04056375502491975,-0.026396614385007663,0.19884318394339315,0.24381248011722403,0.22466331832685837,0.14357822486576113,0.6131182940819219,0.6377739003017362,0.22823787994177358,0.16245360685606317,0.27562492167391284,0.34939508160373267,0.05353166301948271,-0.0869597910018991,-0.23586900986185688,-0.20854887065832473,-0.2617701213692846,-0.0952156015925501,-0.23596155514638542,0.24201555917596138,-0.455602363760809,-0.08685953361032651,-0.07035176848254654,-0.1372735773572537,,,-0.03316398831615783,0.030618992991622723,-0.08718344210617643,0.11734549275543944,0.44711904601235863,0.35576142596859245,-0.007721747177850829,-0.20311569124579448,0.3316418111883393,0.027780937599413878,0.033962191395216564,-0.19321720185476174,0.02405213384361775,-0.14651268159602054,-0.07871554857181418,0.4376370104017044,-0.30890266356897034,-0.17280325450917258,-0.394271832493035,-0.30247076629423614,,,0.5015819459574099,0.3909517704105733,0.2677739967030742,0.178938235662711,0.17434953197150377,0.3936818563041655,0.00015231411411990398,0.28521107072966173,-0.2318085855031668,-0.11997146520393703,-0.37029874774661875,-0.239597813617653,-0.01060993126584597,0.16742791589947267,-0.02553671444959656,0.05608822650458389,-0.046043207079714266,0.011558520432263599,,-0.20973653514310778,-0.16989964620708936,-0.25080350515265154,-0.01861509837756548,,,-0.3915571708135309,-0.20697174476781738,-0.30779597620814975,-0.07167825089412241,-0.3532434230187115,-0.006757733797345107,-0.12445219939652763,0.08128368021748142,-0.005454387706901371,0.15327234342012666,-0.17938939392478767,0.026770651576643885,-0.08429911407170332,-0.09197651663405088,-0.21855918560149615,-0.1132619320756172,-0.24235489188589937,0.015445422382462668,-0.037652434615792464,-0.17222870253439118,-0.025220518060790682,-0.04033239181359837
#201,0.42162282012474334,0.08764231247529716,0.37947229907551117,0.558894469455236,0.11448044498857644,0.3505634658209056,0.20046658247616478,0.17468500862791975,-0.2427289290775356,0.47554972863023337,0.39546335303134006,0.3960533292202096,0.2917817859311887,-0.11498944405348346,-0.35075626849700675,0.04056375502491975,1.0,0.2949129013910713,-0.03172182429892127,0.011454406987168982,0.024599693443744998,0.22228413330377025,-0.10657939132195154,0.16979553276199474,0.23632788023097762,0.10261151224779,-0.07119238815034752,0.11955501142355857,0.17726470843415307,-0.08343150202924816,0.2253766882284326,0.14556794848312496,0.27163776233214115,0.09384284653870996,-0.026439030973749916,-0.19103853161481882,0.3098396845748219,-0.11747659857518822,0.062103669998939584,0.24048470592771828,,,0.16425438385084784,-0.0950806397192793,0.08517829427472454,-0.08765773668938524,0.05371289753501778,-0.2085411585512807,0.03305987487106321,-0.010802733941947114,0.1980642611319445,-0.006144621287343469,-0.02100585156121967,-0.15300241967358508,-0.052239885089605045,-0.005334850047718663,-0.009067509857036816,-0.19999228789295595,0.31997339323069807,-0.08616544397636239,-0.008897843502067808,-0.07901632074653196,,,-0.01974877811304021,0.06862040045115826,-0.02542874495097992,-0.0066883248339486955,-0.14603453095928973,-0.07146616795041115,-0.004339988239036758,0.091995796901661,-0.23619677441122883,-0.10339043505923862,-0.027040575323185486,-0.04894295932827548,-0.25311713726586527,-0.2281877512459873,0.0135636682637155,-0.02384005089990649,-0.12012570734481795,0.33875622993647153,,0.22105405223024496,0.0890651962249236,-0.033993039823392746,-0.16071452671763084,,,0.20749616804681248,0.04348278754109107,-0.08091735513288924,-0.022012281530467644,-0.045291276642919806,-0.1598314904610876,0.5354226716666828,0.08949321816586814,0.16525310171305177,0.14174659944280027,0.15406283439214136,-0.1000665169232549,0.3377729362883557,0.01330916873126199,0.28376890671242516,0.24186517308860248,0.2973190787888136,0.16587778238361947,-0.15203455023955734,0.02677836368368793,-0.2230669121687409,-0.3811805307857673
#202,0.3049193602807207,0.13016687071616553,0.7252214820741711,0.2820221144669488,-0.27495782441460287,0.22460547752402804,0.13838412077159631,0.22522630214107373,0.08763460036825312,0.48141864209075225,0.30088592829668476,0.2422739147619369,0.3847820847753367,-0.0009505171931786413,-0.2779578340547367,-0.026396614385007663,0.2949129013910713,1.0,-0.03639536116761301,-0.225102908428369,-0.38935922030597786,0.16829167188840582,-0.19951799330974715,0.156696518947683,0.27293725236906285,-0.18750253053512383,-0.2456942342359712,0.08395592530824328,0.16270425033499464,0.2940028727598739,0.3418834893428321,0.3493333847473803,0.43903290177667664,0.15994331601322626,0.09907551116809502,-0.1347594304608948,0.1988701763180473,-0.03529252986031446,0.14876461685288192,0.1284740632199975,,,0.0131086539481168,-0.23294997734568557,-0.07679523391784678,-0.08270270791358585,-0.09938785150337887,-0.1532067905102523,-0.12616428716030578,-0.11367067374895164,0.0024273856921134067,-0.09831201257073448,0.09291739369342447,-0.31870860767547454,-0.018777052625490443,-0.22361832782239016,-0.17102946988904205,-0.05961651547723482,0.1544407276372996,-0.14596512199589332,0.10421563051295152,0.35001205016725634,,,-0.1484060038753338,0.015642081112085836,-0.2320669410891423,-0.23770449133833976,-0.2774912515785719,-0.24476492533716368,0.15643430730818544,0.00045308628883768907,-0.024900465618462785,-0.014238477630069505,0.0029633771316745876,0.23128030617064965,-0.1295344779385538,-0.17200890748363587,-0.07940578215225627,-0.14289184733884105,0.1405897833861934,0.19992287892955954,,0.35186681191134933,-0.051750166292308136,0.07728109666162167,-0.19968380361119412,,,0.1447196167082799,-0.3020890169955559,0.09712820413947346,-0.1895693752229281,0.23542170765330223,-0.3250865202009004,0.19602826487231642,0.4414313670673749,0.2852959039071462,0.20459641579825127,-0.0880549102021536,-0.045387677980970376,0.5960244088187944,0.31155948444564413,0.46993531470216804,0.05931188724899501,0.27669304849951315,0.11530178438876731,-0.08481196919013236,-0.03445962229955752,-0.181972949784543,-0.3971175999922879
