,#10,#11,#12,#13,#17,#18,#26,#49,#50,#51,#52,#53,#54,#58,#101,#102,#201,#202,#301,#302,#401,#402,#501,#502,#601,#602,#701,#702,#801,#802,#901,#902,#1001,#1002,#1101,#1102,#1201,#1202,#1301,#1302,#1401,#1402,#1501,#1502,#1601,#1602,#1701,#1702,#1801,#1802,#1901,#1902,#2001,#2002,#2101,#2102,#2201,#2202,#2301,#2302,#2401,#2402,#2501,#2502,#2601,#2602,#2701,#2702,#2801,#2802,#2901,#2902,#3001,#3002,#3101,#3102,#3201,#3202,#3301,#3302,#3401,#3402,#3455,#3501,#3502,#3601,#3602,#3701,#3702,#3801,#3802,#3901,#3902,#4001,#4002,#4101,#4102,#4201,#4202,#4301,#4302,#4401,#4402,#4501,#4502,#4601,#4602,#4701,#4702,#4801,#4802
#10,1.0,0.15700885928296685,0.5111835192272469,0.47544175913161674,0.1527556322481756,0.37324862869096626,0.24960041645378037,0.6759064135810205,0.31466746358439457,0.5042811834228259,0.5976670876191762,0.18917605776368177,0.3866599828405618,0.15891374972284616,-0.2949321816586814,-0.1953958720947047,0.5146655355576335,0.20829437112587124,-0.28218021266135174,-0.1349985057792602,-0.19856554808980748,0.03626811140138625,0.09457935276141632,0.08997136880259898,-0.04160488947586592,0.014288606325855803,-0.11343545448410824,0.20241774555830835,0.28831904986841217,0.4430663337607126,0.097891702736834,0.10027474381344413,-0.19338686820973075,0.06644944231825937,0.317443822120251,0.1596271196244204,-0.05738000443446155,-0.08530940009447331,0.11868354332758138,-0.06118592926069814,,0.07966799379175384,0.0058939778084119805,-0.05033885070324776,-0.19894729738848776,-0.003753868103689279,0.07594304608947972,-0.15084302970125224,0.025432601004501943,-0.21260158290997078,-0.32602739726027397,-0.24122121215042464,-0.26000790490972014,-0.14132243355537774,-0.1469599838045752,-0.1737325634079801,-0.3281906432861288,-0.2066054196832252,0.041126738839135084,-0.2173715211167131,0.2004704385296868,-0.0026317565287806194,0.13438153721573656,-0.11048942959328276,0.017708925799890102,-0.00015231411411990398,0.14750754340470246,0.16598960793575815,-0.013760326993338668,-0.08277211687698226,0.23450011086153877,0.33122535740796083,0.17701020890169955,0.23501682203348984,-0.06300598652309294,-0.06757926600021208,0.09372330887952725,0.033349078885214926,0.20204370836667213,0.24499243249496302,0.3273153191366296,0.19525705416791186,0.3111700230399198,0.13273114630831076,0.10761281366585368,0.06863968071876837,0.12705503552389308,0.24960812856082443,0.0956012069447524,0.2530438722489468,0.22912091619831684,0.1761541650198105,0.1957737653398629,-0.07086847965449761,-0.01003537929106456,0.020786056510464366,0.12207301437343951,-0.10321305659722557,-0.01841458359442029,-0.24257468693665468,-0.1760037789324516,-0.06989675416694784,0.20367481900648782,-0.10859610731396951,-0.1448700027956388,-0.2098599288558125,-0.2837072098560728,-0.05743398918376987,-0.4055083724562097,-0.14667849189746754,-0.10172076388420272
#11,0.15700885928296685,1.0,0.3467344046735369,0.31760963242169804,-0.22059903791464625,0.18530458002757078,0.3866059980912535,-0.07952146375791697,0.06072320283805539,0.47443532916236875,-0.05772319319792159,-0.18349994697926408,0.260991198557836,-0.12838537398899097,-0.12077352433651779,-0.144060231556014,0.2153008203753868,0.09692768935632827,-0.15993560390618222,-0.20981751226707027,-0.056720619282195635,0.19937146327591027,0.03506887875603713,-0.1692017005196032,-0.08484667367183056,-0.23702582591846375,0.2002853479606297,0.08676313227227594,0.19173262124878293,0.06687746425920392,0.16700375001205017,0.07038261691072271,0.11128763267234149,0.13968361080851802,-0.004440245630609353,0.14738800574551975,-0.10184415759690744,-0.16652559937531933,0.26948994052037445,0.03217683861451997,,0.04390695342851359,-0.011566232539307646,-0.3063383879768251,0.14654353002419673,-0.3508333895674472,0.27965064155090474,0.07469368474834431,0.2108200861827962,0.12065398667733508,-0.03179508931583971,0.10644828550220277,0.24711711798559763,0.038358092410322654,0.047570204274435327,-0.16521454117783155,-0.3831702544031311,-0.4484879450126768,0.37445942949688144,0.27409406842566975,0.10246883826747515,0.1709484927650796,-0.013178062911513211,0.04590438915292144,0.2443446155032632,0.025841342677836367,-0.21381238371588598,-0.04286967503108943,-0.05357407960822496,-0.22100392353445866,-0.12927997840610028,0.056466119749742125,-0.3974916371839241,-0.24298342860998912,-0.24201555917596138,-0.2931892454667271,-0.04154704867303558,-0.10956012069447524,-0.39483867236077236,-0.13276199473648695,0.008508382096343498,0.026624121542807015,0.3520519024804064,-0.06359210665844042,0.034872220026413964,0.08453433333654671,0.28352983139405974,0.0929906587103429,0.008269306777978078,0.3408423548918859,0.07498674481601805,0.4216151080176993,0.3668822843261064,0.09508835182632334,0.3045838836243047,0.11152285193718489,-0.11349715134046061,0.17443436514898827,0.06078875574792978,0.1431502029248166,0.06852014305958566,0.08317700249679466,0.1687081256687843,0.051827287362748595,0.08034665921162985,0.019783482594738416,0.06524635361938824,0.35177426662682076,-0.13742781949813462,0.3186816153008204,0.3925173281405146
#12,0.5111835192272469,0.3467344046735369,1.0,0.529896946969624,-0.06334531923303095,0.3240222494288221,0.4468915388545593,0.28472520798588685,0.2078547810243606,0.5840282263117812,0.36358535856477686,0.04638253978965228,0.2486402591267967,0.07878495753521059,-0.29046687168017893,-0.22785998669661534,0.5766940125128937,0.6084023406244878,-0.33778836050244376,-0.3778450444892175,0.02153027484021478,0.19510281202703095,0.150630946757541,0.02771538468953949,-0.09501894286292693,-0.1266385817435146,0.12049588848293215,0.16506415509047265,0.2047892184743524,0.22581627832994322,0.17493565210685125,0.27911850616486555,0.12528896301080658,0.18349994697926408,-0.1162927901439272,-0.05690956590477476,-0.21296790799456297,-0.3571341810224326,0.09050736024216016,0.046463516913614764,,-0.012665207793084167,0.02437218628594565,-0.4134981153538411,-0.03197246777785276,-0.14530573684362738,0.27318789584799436,-0.022147243403738442,0.184668331196437,-0.08297648771364946,-0.1155177233860006,0.004872123625075916,0.06855099148776185,0.15891760577636818,0.12017583604060425,-0.13447793855378712,-0.4840099100575516,-0.47454329866098544,0.20271851773302613,0.04827200601544349,0.06925279322877001,-0.046933955443301555,-0.07237619658160856,-0.20279949485698862,0.25068396749346883,-0.09742897631419124,-0.12801519285087676,-0.012545670133901458,-0.14080186632990466,-0.36550181716522223,0.050975099534381535,0.2637289965584722,-0.1774420868961661,0.0725535750436216,-0.0819045048345271,-0.0736486942438761,0.05606123412992972,0.0103284393587383,-0.1402890112114756,-0.09520403343198404,0.0971513404606056,0.12063856246324699,0.17842923659780396,0.26220199936375116,0.03864729642447437,0.10656782316138548,0.14753453577935663,0.11857942988248676,0.06782219737209952,0.2528703498404558,0.21736380900966906,0.2819025768077661,0.2909218859957776,0.05231315010652348,0.1215177426662682,0.4145893785005736,0.06875150627090704,0.2778228721814659,0.21051931400807844,0.02257140929116096,0.08732611608649128,0.25234592656146065,0.3515274792014113,0.1775577685018268,0.19799099611502607,0.09539298005456316,0.05574889379464587,0.012669063846606191,-0.3381084129447717,0.17192407430615136,0.1983457530390522
#13,0.47544175913161674,0.31760963242169804,0.529896946969624,1.0,0.02760741519092285,0.24512739436823383,0.3546585946612939,0.21137150183644549,0.07077979042349108,0.7011095794009621,0.6004087416733345,0.04831827865770777,0.21701290813916496,0.060167931130884096,-0.35981799427376054,-0.07128107738135406,0.37742859070883905,0.05468847907608958,-0.16949476058727694,-0.23574947220267417,-0.3498346717052433,0.06920652058650574,-0.048364551299972046,-0.16433536097481033,-0.08670143541592357,-0.0705137227304715,0.01341713822987863,0.2549988913846124,0.12403574561614915,0.49970404789218476,0.1663366527527402,-0.00705464991854087,-0.18227372195926078,-0.004332276131992712,0.13142008811082298,0.3447909536984373,-0.056250180752508844,-0.024129254914058207,0.3033885070324776,0.09350736988229397,,0.19535345550596242,0.08101375647093982,-0.296551724137931,0.01062535547993406,-0.3239798328400798,0.15272478381999943,-0.14065148024254576,-0.13726200919668766,-0.33618424223728227,-0.19646014286678298,-0.21297947615512902,-0.21509259348519758,-0.20518639198712077,-0.18097423192233908,-0.15906413581020504,-0.2769783964601429,-0.2694668041992423,0.36169203628546365,0.1044315695101848,0.3066931449008512,0.24635747544175912,0.15636489834478903,-0.06976564834719906,0.20795889446945523,0.02184647122902066,-0.02974752489564555,0.17889967512749078,0.022232076581222948,-0.21958489583835425,-0.05998669661534902,-0.04110745857152497,-0.09778758929173936,0.09873617845815699,-0.12467199444728293,0.025050851705821678,0.14466177590544957,0.07663713572344384,-0.16811043737287074,0.07985308436081093,0.0701936702881436,0.03414342591075164,0.05857923707981067,0.34152487636528395,0.2956262712926455,0.3942564082789469,0.3547280036246903,-0.01384516017082317,0.06663453288731648,0.28116992663858176,0.09217317536367405,0.5197323898855716,0.42579892608909414,0.14599982647759152,0.20959771721631495,-0.11227092632045733,0.03552389307163584,-0.025178101472048433,0.06014093875622994,-0.2737046070199454,-0.22706563967107862,-0.1945051237311174,0.11328506839674934,-0.0632874784302006,-0.12826969238333027,-0.3479876220681943,-0.34296318432899847,0.2663742492745799,-0.1522312089691805,0.2337636046388324,0.30863659587595077
#17,0.1527556322481756,-0.22059903791464625,-0.06334531923303095,0.02760741519092285,1.0,0.3897563938187462,-0.2732264563832146,0.29615455062516266,0.041354245996934436,-0.13399207581001224,0.12363857210338079,0.5737364194615021,0.14975947866156383,0.24923794742271022,-0.04249563783945321,-0.3158397038550895,0.23404124049241803,-0.08362044865182729,0.015194778903531181,-0.09662306112808845,0.00733614182564854,-0.32375232568228046,0.22494481023396604,-0.048194884945003034,0.057279747042888955,-0.16532251067644818,-0.055224470515650756,-0.239593957564131,0.08724128290900678,0.24447572132301196,0.21594478131356462,0.2159409252600426,-0.009773167651567004,-0.13918232385065504,0.23344740825002652,0.06953428513587769,0.2893409040517482,-0.06121677768887432,0.18231228249448103,-0.06587489034347797,,0.25527267118467606,0.2688652598498067,0.1990861153152806,-0.06396999990359867,0.25623282851165974,0.051113917461174364,-0.019625384400335476,-0.16187519882775972,-0.1905141083358237,0.01113049849131906,-0.08810118284441788,-0.26823286707219496,-0.05602267359470949,0.12298689905815893,-0.28954913094193746,0.21089720725323668,0.12796120810156844,-0.2033856149923361,-0.09530429082355663,0.09970404789218475,-0.03763315434818235,0.34203773148371297,0.21564015308532483,-0.49334155958084697,-0.1744729256842085,0.4122487540127057,0.2802714661679504,-0.1431502029248166,0.1295036295103776,-0.08990195983920257,-0.05321546663067683,0.23739986311009997,0.07226437102946989,0.2760105270261151,0.1787222966654777,-0.08544821802126613,-0.14969006969816742,0.40733614182564853,0.034775818688363394,0.3758900253535519,0.45775018557257574,-0.07700731686155804,0.1373082818389519,0.4605843849112626,0.04383754446511717,-0.2214473696894913,0.08089421881175711,0.352823113184811,-0.18836243047053494,0.24671223236578524,-0.22126999122747823,-0.10969893862126806,-0.17052818293117908,-0.16511428378625895,-0.2585695969460056,-0.1300241967358507,0.02282205277009245,0.05546354583401618,-0.015036680709128242,-0.03730924585233243,0.2802213374721641,0.056535528713138536,0.1765667627466669,0.02079376861750841,-0.08398677373641947,-0.03235421707653302,0.02031176192725555,-0.1494818428079782,-0.19032516171324457,-0.22383426681962346
#18,0.37324862869096626,0.18530458002757078,0.3240222494288221,0.24512739436823383,0.3897563938187462,1.0,0.12113213731406591,0.38876538806358635,0.1978945947769755,0.18457578591190846,0.1884781120761956,0.40170630368349514,0.3361765301302382,0.3033807949254336,-0.158890613401714,-0.5837698707258057,0.5556630966037809,0.27742955472221953,-0.10682232269383898,-0.4415007760307713,-0.1245833052162764,-0.39640808614423567,0.3391225550210637,0.07822582977451727,0.04814475624921674,-0.22756307057541958,0.15827750089171239,-0.1286398735214445,0.06767566733826265,0.3125196417726278,0.1574754417591316,0.27624960234448054,-0.040405656830516806,0.053149913720802446,0.2350283901940559,-0.13646766217115094,0.12248946815381798,-0.3163564150270406,0.3776560978666384,0.18027628623485295,,0.1596309756779424,0.32619320756172093,-0.10656396710786346,0.07895076783665757,0.08236337520364782,0.4489352472212314,0.23258750831461542,0.04905478488041414,0.07363327002978802,0.0810291806850279,0.08886082538825639,0.09989299451476387,0.19434702553671446,0.21423654960330848,-0.20970183066140957,-0.08566801307202145,-0.3312369255685269,0.02128734346832734,0.05362035225048924,0.01950970279467479,-0.01687601823913316,0.3502588375926658,0.14289955944588512,-0.19192542392488407,-0.3156044845902461,0.22541524876365285,0.1671965526881513,-0.3011635641502704,-0.2774835394715279,-0.10570021111893033,-0.0847348481196919,0.02876808730105174,-0.07363712608331004,0.03701232973113667,-0.13126198991642005,-0.035901786316794075,-0.13865404451813793,0.08645850404403613,-0.06475663482209133,0.2570695921259387,0.5444651171758264,0.1360743447119046,0.11630435830449326,0.13802165174052616,0.045923669420531554,-0.043529060183355346,0.17269142895703393,0.15350370663144805,0.02183104701493257,0.1565808373420223,-0.028305360878408993,0.01988373998631101,-0.1361900263175653,0.03735551849459671,-0.1123171989627216,-0.09700866648029075,0.2212815593880443,0.32255309303693136,0.14740728601312986,0.27112490721371213,0.33222407527016473,0.21338050572141942,0.36447225087484214,0.24713639825320777,0.023207658122294736,0.06897515737518436,0.07039804112481081,-0.2765349503051102,-0.015672929540262018,-0.05199309766419558
#26,0.24960041645378037,0.3866059980912535,0.4468915388545593,0.3546585946612939,-0.2732264563832146,0.12113213731406591,1.0,0.09634928132802484,-0.05510878890999007,0.7091494509943798,0.3003769292317777,-0.18792284036902432,0.17891509934157887,0.09170273683398726,-0.1433391495473957,0.05439541900841584,0.08458060597881098,0.11624651750166293,-0.22113888540772947,-0.11980951095601207,0.12958460663434007,0.295876914771577,-0.36567919562723533,-0.32342070507938653,-0.3647383185678617,-0.23386000597688295,-0.12809231392131723,-0.04468973229348423,0.14292269576701724,0.19817223063056116,0.12590207552080823,-0.07254586293657755,-0.0969508256774604,-0.09619503918714392,-0.04863833110003567,0.1260833100363433,-0.17411045665313835,-0.08130296048509153,-0.10485573539760731,-0.12594063605602845,,0.05477331225357408,-0.022343902133361612,-0.25152844321479184,0.04146992760259512,-0.36056221260351096,0.08778113040208999,-0.0862849816355451,0.01973720995247414,-0.12226196099601863,-0.259475769523681,-0.2,-0.2182815497479105,-0.3449721882139724,-0.24084717495878843,-0.14942785805866984,-0.3167188840581107,-0.23555281347305101,0.270592771827673,0.088964938833351,0.22491396180578987,0.048364551299972046,0.12820413947345588,-0.1484098599288558,0.09558192667714228,0.07002785998669661,0.09233127355807699,0.1556708087108249,0.10496370489622396,-0.05635043814408144,0.19032516171324457,0.16875439831104855,0.04656377430518736,0.11477350505625018,0.02902258683350525,0.15498828723742686,0.06285560043573404,0.06233503321026096,-0.16531479856940415,-0.06365380351479279,-0.05527845526495908,0.01071790076446261,0.13481727126372514,-0.05795455640924296,0.015271899973971638,0.3164181118833929,0.3415210203117619,-0.03419741066005996,-0.05014990408066864,0.14200881108229782,-0.11788534024852265,0.35446193593167075,0.2435849729594247,-0.02655085652588858,0.25513385325788324,0.16145103294033722,-0.2124473407690899,-0.003927390512180309,-0.11528636017467922,-0.18398195366951695,-0.22597823257786817,-0.08066285560043573,0.14908852534873185,-0.14186613710198298,-0.12835066950729276,-0.17554490856333085,-0.25274695612775105,0.12499590294313286,-0.07472838923004252,0.21350004338060213,0.2998833543809588
#49,0.6759064135810205,-0.07952146375791697,0.28472520798588685,0.21137150183644549,0.29615455062516266,0.38876538806358635,0.09634928132802484,1.0,0.45282600522495253,0.144735040922368,0.24605670326704135,0.47690705946998546,0.3467652531017131,0.34112384679899355,-0.176073187895848,-0.2559937531932943,0.538511370537823,0.15596772483202068,-0.32339371270473233,-0.16676081864016273,0.06295971388082866,-0.13125042175585397,0.1766631640847175,0.23754639314393683,-0.018352886738067925,-0.017689645532279988,-0.043359393828386335,0.005755159881619157,0.24297957255646707,0.4088669950738916,0.04805606701821021,0.13326713774787194,-0.22799109251636412,-0.0955703585165762,0.20475837004617625,-0.10834931988856006,0.10879276604359268,-0.25743206115700884,0.03155215794395226,-0.1542903415499407,,-0.024136967021102254,-0.02321151417581676,0.009325865443012348,-0.22558491511862186,0.36276787521810805,0.06304069100479115,-0.08613845160170823,-0.04143907917441894,-0.07087233570801962,-0.23739986311009997,-0.2456788100218831,-0.26721872499590293,0.08859090164171479,0.09136340412404924,-0.026531576258278466,-0.05710622463439793,0.02969354014633723,-0.3246469300993898,-0.41655596579680526,0.12513086481640365,-0.10064878100508035,0.13942525522254248,-0.005130479211051449,-0.30826641473783656,-0.28275090858261115,0.33533976651595926,0.12194576460721275,-0.2361543578224866,-0.07408442829186469,0.26263387735821775,0.28622906885947574,0.34216883730346176,0.4031484677007317,0.2533099399419664,0.12130951577607897,-0.007833572729989493,-0.03081179566772387,0.31962634841371595,0.1664369101443128,0.31166745394426076,0.4577424734655317,0.21997050119055653,0.17586110495213675,0.2196273124270965,-0.12729025478873646,-0.21791522466331834,0.11453828579140679,0.21252060578600832,0.05576817406225598,0.3090299133351971,-0.18125572382944674,-0.07134663029122844,-0.297727820462148,-0.375060973846317,-0.017415865732216363,-0.027707672582495443,-0.10136600696017661,-0.02090173811612505,-0.1599471720667483,-0.05600339332709938,0.050153760134190664,0.24529706072320284,0.0934958017217279,-0.07679523391784678,-0.08021169733835906,-0.12632624140823073,-0.20372494770227412,-0.40913691882043324,-0.4321498462398658,-0.4083232915272864
#50,0.31466746358439457,0.06072320283805539,0.2078547810243606,0.07077979042349108,0.041354245996934436,0.1978945947769755,-0.05510878890999007,0.45282600522495253,1.0,-0.08000347044816981,0.1204033431984036,0.13729671367838586,0.3843617749414362,0.3530197719144342,-0.07440833678771461,-0.06543144418844533,0.2854385778874611,0.15527363519805654,-0.26570329596174797,-0.10386858569596946,-0.11666682733556341,-0.0339506232346505,0.09955751785834788,0.20573780764077004,-0.023392748691351835,0.08904205990379147,-0.04111517067856902,0.027133120607714035,0.13286610818158157,0.04207532800555272,-0.17724928422006497,0.09701637858733479,-0.07313198307192503,-0.12290592193419644,0.00928730490779212,-0.015094521511958586,0.1604561711316553,-0.10457424349049965,0.07978367539741452,-0.146250469956523,,0.16291633327870592,-0.2699912274782374,-0.09793411932557623,-0.1250537437459632,0.18784186324506183,-0.0368156710015135,0.04263831181976806,0.09164489603115691,0.18026086202076486,0.038890227796361816,0.10460509191867583,0.06224634397925443,0.11162696538227951,0.13783656117146906,0.16352944578870754,-0.07610500033740468,-0.06555098184762805,-0.15624536068560632,-0.2529551830179403,-0.18587527594883016,-0.28963010806589995,0.14015404933820483,0.1586014093875623,-0.15690474583787223,-0.11982879122362218,0.20984450464172444,-0.022251356848833063,-0.06530419442221858,-0.09799967223545063,0.16887007991670924,0.24011066873608206,0.03659973200428022,0.11117966317372485,0.02866397385595712,-0.09494182179248647,-0.05510878890999007,-0.04817560467739292,0.18184955607183828,0.24721737537717023,0.09439811824588125,0.15948444564410555,0.23865693655827944,0.09889042059903791,0.24987805230736604,-0.1640307327465705,-0.18073130055045164,0.09083126873801009,0.07052914694455958,0.17044334975369457,0.35286167372003124,-0.02005726239480204,0.050917258731551195,-0.40223072696249024,-0.2307173223564343,0.10204467238005263,0.07419239779048133,-0.09258962914405251,-0.12729796689578052,0.01345569876509886,0.07359856554808981,0.0862502771538469,0.06795330319184831,0.028829784157404104,-0.09232356145103295,-0.041894093490017645,-0.10137371906722065,-0.09654208400412598,-0.2534487578687592,-0.27665063191077094,-0.2993820674230958
#51,0.5042811834228259,0.47443532916236875,0.5840282263117812,0.7011095794009621,-0.13399207581001224,0.18457578591190846,0.7091494509943798,0.144735040922368,-0.08000347044816981,1.0,0.5077747679137786,-0.05581830275804228,0.31616746840446147,0.013636933280633935,-0.321145633501393,-0.08006902335804421,0.3016648511081334,0.10951384805221097,-0.22250007230100355,-0.2469243153094965,-0.13335968303240048,0.20186247385113706,-0.1641772627804074,-0.30288722007461466,-0.23340884771480627,-0.245659529754273,-0.010359287786914483,0.1581155466437874,0.10913981086057474,0.44228355489574195,0.22467103043390244,0.06931063403160036,-0.06243143454831153,0.08990967194624662,0.08638909508063972,0.3783501875006025,-0.1715423250074711,-0.057896715606412616,0.18152564757598835,0.007640770053888348,,0.13941754311549845,-0.08319242671088274,-0.323162349493411,0.05494683466206511,-0.4563465820905594,0.23176231286090251,-0.07512170668928884,0.03816528973422151,-0.24383947249187818,-0.19532260707778623,-0.2925375724215052,-0.18955780706236203,-0.2947123866079261,-0.244984720387919,-0.28706197642023273,-0.37599799485216856,-0.37256610721756817,0.39735667531065333,0.1434702553671445,0.2592983910616679,0.15928007480743833,0.16811814947991477,-0.23052066362681115,0.22926359017863168,0.059493121764530095,-0.03204187674124917,0.11994447282928287,0.00831172336672033,-0.18272488022133748,0.03354188156131607,0.15400884964283304,-0.05316533793489053,0.06204968524963127,-0.07001243577260853,0.08503562029440968,0.18876731609034733,0.15714382115623765,-0.2583922184839926,-0.06737103911002285,0.17471200100257392,-0.020801480724552457,0.2540194537900186,0.14377102754186227,0.1008415836811815,0.34555059624227585,0.4284210424840697,0.13172857239258481,-0.11933136031928124,0.3074643556052558,0.060441710930947724,0.5024148535181668,0.44013958913749723,0.17404875979678597,0.2751043544484397,0.03782981307780552,-0.109182227449317,0.049980237725699636,0.022482720060154435,-0.19379175382954317,-0.2584924758755652,-0.09886728427790578,0.25793334811487184,-0.08239422363182401,-0.085930224711519,-0.2579757647036141,-0.29222523208622136,0.23972120733035773,-0.1492350553825687,0.25670712309486854,0.3246507861529118
#52,0.5976670876191762,-0.05772319319792159,0.36358535856477686,0.6004087416733345,0.12363857210338079,0.1884781120761956,0.3003769292317777,0.24605670326704135,0.1204033431984036,0.5077747679137786,1.0,0.03601746792245476,0.13005504516402688,0.11173493488089614,-0.2322635998187655,0.041462215495551076,0.2597418372167006,0.08853691689240646,-0.09811535384111131,0.03322568517251019,-0.40717418757772356,-0.0069158319917480456,-0.20978666383889408,-0.14017332960581494,-0.22454378066767566,0.07732351325036392,-0.4032834295740025,0.0804045000144602,0.19380332199010922,0.3909479143570513,0.138835279033673,-0.011820732071761157,-0.23798212719192544,-0.03933367395139444,0.32110707296617275,0.37096584500592866,-0.0888646814417784,0.08287237426855484,0.040081748334666885,-0.05446868402533427,,0.2731531913662962,0.13995353455505963,-0.10109222716011299,0.014307886593465918,-0.2800709513848052,0.052317006160045504,-0.15780320630850356,-0.12608716608986534,-0.46755612967907995,-0.22944096864064473,-0.26450791936992085,-0.3629992384294294,-0.43751361668899963,-0.4910125032535452,-0.30404789218474354,-0.3050736024216016,-0.13044065051622916,0.2592791107940578,-0.045376109820404305,0.2132262635805385,0.10645599760924682,0.22627900475258597,-0.19239586245457088,-0.004802714661679504,0.17011944125784467,0.1344933627678752,0.2592983910616679,0.23220575901593515,0.08604976237070171,0.18413233975687582,0.07583122053734105,0.12322597437652434,0.13982242873531084,-0.1665178872682753,0.06307925154001137,0.14962451678829303,0.21257459053531663,0.16841892165463257,0.24801557845622899,0.207920333934235,-0.02615368301312022,0.04249178178593119,0.16318240097172548,0.1428648549641869,0.3903232336864836,0.3800352828897265,0.1611772531402736,-0.12371954922734328,0.21392806532154665,0.12714758080842162,0.3962538440033548,0.2276826082346023,0.050446820201864404,0.2088612109936086,-0.11970154145739542,0.14045096545940058,-0.12697020234640857,-0.02421408809154271,-0.2994206279583161,-0.28469435955771066,-0.10193284682791397,0.09136726017757127,-0.21795764125206057,-0.23586129775481285,-0.3187008955684305,-0.3901034386357283,0.05589156777496072,-0.011199907454715472,0.08494693106340316,0.09590969122651423
#53,0.18917605776368177,-0.18349994697926408,0.04638253978965228,0.04831827865770777,0.5737364194615021,0.40170630368349514,-0.18792284036902432,0.47690705946998546,0.13729671367838586,-0.05581830275804228,0.03601746792245476,1.0,0.33909941869993154,0.4228027725024823,-0.11230177474863351,-0.34632566300020245,0.2857470621692229,0.048804141401482655,-0.18369274965536522,-0.2558703594805896,0.13975687582543644,-0.2901699555589832,0.1262529763913123,-0.1402851551579536,-0.01413822023849691,-0.34408143985038514,-0.024618973711355113,-0.346414352231209,-0.16614385007663907,0.12302160353985714,0.2002390753183654,0.019548263329895017,-0.04842624815632441,-0.21104759334059556,-0.018580393895867273,-0.21074682116587778,0.025347767827017437,-0.3616534757502434,0.28378047487299124,-0.10128502983621412,,0.08242892811352222,0.20891519574291692,0.1529754272989309,-0.059481553603964024,0.3731753636740478,0.21923785102137217,0.01138499802377257,-0.02069736727945784,-0.03138634764250528,-0.011284740632199974,-0.037644722508748424,-0.12943036449345918,0.1685230350997272,0.2243316977239644,-0.2176375888097327,0.18617219207002594,0.04545708694436679,-0.23626618337462524,-0.09520788948550606,0.06467951375165087,0.046845266212295025,0.2359037143435551,0.1814138220238497,-0.6675272092776647,-0.4642476357571843,0.4052423047631901,0.2776570618800189,-0.36137969595017977,-0.029053435261681432,0.14154994071317709,0.1372041683938573,0.4051883200138818,0.12917586496100567,0.4686666730934225,0.2734770998621461,0.22083425717948965,0.05338513298564584,0.3300107005485236,-0.09435184560361698,0.5385653552871313,0.551139945822448,6.362488311337762e-05,0.23176231286090251,0.4190585445325981,-0.024657534246575342,-0.17864903164855928,0.02414853518166832,0.365293590275033,-0.021441585609208256,0.17637010401704376,-0.2359885475210396,-0.11358198451794511,-0.14186613710198298,-0.2282224557276855,-0.19499098647489227,-0.4264004704385297,0.16461299682839597,0.12907175151591105,0.04527585242883171,0.10871950102667426,0.21776483857595944,0.08737238872875555,0.41269220016773833,0.2425978232577868,0.01161250518157192,0.10962952965787165,-0.023469869761792293,-0.15170292963666335,-0.3132947085305544,-0.2706853171122015
#54,0.3866599828405618,0.260991198557836,0.2486402591267967,0.21701290813916496,0.14975947866156383,0.3361765301302382,0.17891509934157887,0.3467652531017131,0.3843617749414362,0.31616746840446147,0.13005504516402688,0.33909941869993154,1.0,0.4723222118323002,-0.03128223419741066,-0.1346938775510204,0.21570184994167718,-0.0526370586023734,-0.3619041192291749,-0.19931362247307993,0.0814340663048403,0.06940703536965093,0.09471431463468713,0.003183172182429892,-0.11839048325990764,-0.2931082683427646,-0.1425756509500352,-0.16137005581637473,-0.06685047188454976,0.21015298892348624,-0.00021015491695024728,0.20833678771461348,-0.10628247520075579,-0.04030539943894421,-0.11169251829215389,-0.019598392025681317,0.04357918887914164,-0.27636914000366325,0.3252176260206492,-0.1115074277230968,,0.0945562164402842,-0.14227102272179537,-0.019448005938322424,0.08011529600030848,0.1469946882862734,0.01339014585522447,-0.04113059489265711,-0.05912679667993792,0.13826072705889159,-0.14100238111304986,-0.005782152256273317,-0.08101761252446184,0.152825041211572,0.22135868045848475,-0.04564988962046793,-0.14095610847078557,-0.2092005437035466,-0.009241032265527846,-0.172197854106215,-0.10512951519767094,-0.2432842007847069,0.39945051237311174,0.3206751949717062,-0.25870841487279844,-0.2585503166783955,0.3908283766978686,0.10400354756924027,-0.1672621055980257,-0.1677325441277125,0.28127404008367635,0.2663048403111835,0.03192233908206646,0.0023001359258866512,0.18262076677624287,0.018341318577501854,-0.09998553979929241,-0.1720127635371579,0.0829996240347816,0.09372716493304926,0.3282561961960032,0.11485062612669064,0.35738096844784206,0.1337992731339111,0.2818910086472,0.00541197111815912,-0.12027994948569887,0.25374567398995496,-0.0947760114910395,0.4466177590544957,0.320135347478623,0.07249573424079127,0.116427752017198,-0.11272208458253401,-0.14654738607771875,0.052787444689732295,-0.23544484397443435,-0.05763836002043708,-0.13840725709272844,-0.026284788832869,-0.06574764057725122,0.02120636634436486,0.19712338407257093,0.10860381942101356,0.008404268651248879,-0.020724359654112,-0.09656522032525812,-0.044153740853923054,-0.10922464403805925,-0.10659481553603964,-0.06966539095562646
#58,0.15891374972284616,-0.12838537398899097,0.07878495753521059,0.060167931130884096,0.24923794742271022,0.3033807949254336,0.09170273683398726,0.34112384679899355,0.3530197719144342,0.013636933280633935,0.11173493488089614,0.4228027725024823,0.4723222118323002,1.0,-0.15096256736043495,-0.23876105000337405,0.05067047130614173,0.0057937204168393855,-0.2676814514185457,-0.01305466919880848,0.147260755979293,0.043930089749645726,-0.17409503243905025,-0.0991410640779694,-0.3511765783309072,-0.44576942727965063,-0.4200996789835443,-0.4186343786451756,-0.15987776310335186,0.23586515380833487,0.09080813241687795,0.22196408086144237,-0.1530911089045916,-0.2564757598835472,-0.019968573163795512,-0.10398812335515217,-0.0742039659510474,-0.31914819777698517,0.13467074122988826,-0.32492070989945343,,-0.043664022056626145,-0.03478353079540744,2.5064347893148757e-05,-0.04968332160450387,0.32853383204958886,-0.008974964572508267,-0.13189823874755383,-0.08542508170013399,0.06250855561875199,-0.00948781969093731,-0.09658835664639025,-0.14007307221424234,0.0899598006420329,0.21158744083367878,-0.014342591075164123,0.03924884077390994,0.08721814658787463,-0.1759575062901873,-0.15761811573944645,-0.12061542614211486,-0.10229917191250615,0.5577299412915852,0.3469773360454243,-0.5633250749520403,-0.22307462427578495,0.7729015838739842,0.36554808980748654,-0.24002197950507553,-0.03313699594150367,0.48264872316427754,0.2057455197478141,0.37684632662701356,0.35150434288027915,0.4531537697743245,0.3510454725111585,0.005890121754889958,0.07481322240752701,0.35988740323715696,0.06300984257661496,0.22553093036931351,0.3732949013332305,-0.010822014209557229,0.15476463613314953,0.435886362102706,-0.07026307925154002,-0.1573404798858608,-0.04774372668292636,0.25380351479278535,0.19833418487848611,0.41816779616901084,-0.03202259647363905,-0.1350833389567447,-0.4559802570059672,-0.23389471045858118,-0.21668899964331506,-0.3344066015636297,-0.1620178728080746,-0.2398291768289744,0.014647219303403932,-0.05195453712897535,0.1427761657331804,0.3197690223940308,0.0936307635949987,-0.01615493623051488,-0.07824896609564941,-0.054989251250807364,0.030576576402880473,0.03070768222262925,-0.27851696181543,-0.21825455737325633
#101,-0.2949321816586814,-0.12077352433651779,-0.29046687168017893,-0.35981799427376054,-0.04249563783945321,-0.158890613401714,-0.1433391495473957,-0.176073187895848,-0.07440833678771461,-0.321145633501393,-0.2322635998187655,-0.11230177474863351,-0.03128223419741066,-0.15096256736043495,1.0,0.3521097432832368,-0.2895144264602393,-0.09159862338889264,0.42129119952184935,0.3156738935536425,0.344066015636297,-0.047863264342109066,0.021214078451408904,0.09005234592656146,0.3708000347044817,0.17117985597640095,-0.005018653658912786,-0.26484339602633683,0.21064270772078317,-0.03320640490490008,-0.45556380322558876,-0.23256437199348326,-0.20015809819440294,-0.09181841843964794,-0.0074286871101770895,-0.19526091022143388,0.5319753598179943,0.27381257651856206,-0.3150183644548986,-0.10243798983929897,,0.12209229464104962,0.10948685567755681,0.29438076600503216,-0.2212815593880443,-0.15408982676679553,-0.5243750783260872,-0.15714382115623765,-0.44230283516335206,-0.04735040922368002,-0.16981095697608284,-0.14659365871998303,-0.36444140244666595,-0.12478767605294361,-0.05799311694446319,0.30569828309216934,0.007621489786278234,-0.011917133409811728,-0.3852602354120675,-0.21545891856978974,-0.6036169782036575,-0.5709947654073438,-0.06562424686454647,0.20196273124270964,0.005223024495579999,0.3576393240338176,0.05458050957747294,-0.06843530988210117,0.5308378240289975,0.30684738704173214,0.09007162619417157,0.09576701724619938,-0.1527903367298738,-0.4658093374336036,-0.26688324833948696,-0.3904042108104461,-0.5299702119865424,-0.6124319165550017,0.3370788466543916,0.11235961555146386,0.18076986108567186,-0.17158859764973539,-0.008234602296279873,-0.16230707682222628,-0.07100729758129043,-0.3232201902962413,-0.4521666200726866,-0.06914096767663135,-0.07704587739677826,0.021908168085373023,-0.1746580162532656,-0.3660686570329596,-0.32220219216642726,-0.005307857673064502,-0.12175681798463363,0.3795417080389076,0.056388998679301666,-0.35564188830940974,-0.3023010999392672,-0.22722373786548158,-0.23882660291324845,-0.21156816056606867,-0.24575207503880153,-0.10382616910722721,-0.11977095042079185,-0.0375907377594401,-0.11022336190026318,-0.5760153470930176,-0.12189949196494847,-0.21462986706255482,-0.2109858964842432
#102,-0.1953958720947047,-0.144060231556014,-0.22785998669661534,-0.07128107738135406,-0.3158397038550895,-0.5837698707258057,0.05439541900841584,-0.2559937531932943,-0.06543144418844533,-0.08006902335804421,0.041462215495551076,-0.34632566300020245,-0.1346938775510204,-0.23876105000337405,0.3521097432832368,1.0,-0.49990841872885194,-0.12254730895664832,0.20038174929868027,0.719637916574282,-0.08380939527440641,0.5140524230476319,-0.46572064820259707,0.0033721188050090133,-0.015742338503658432,0.4920574937580134,-0.3414670355624536,0.12361929183577068,0.0678838942284519,-0.07983766014672283,-0.47384149691997723,-0.4927824318201537,-0.3428089421881176,-0.33519323648212235,-0.23200138817926794,0.23310036343304444,-0.03493777293628836,0.6300695053647345,-0.5628315001012214,-0.40146337231160767,,-0.05446868402533427,-0.22690368542315367,0.40826159467093404,-0.20746531961863632,-0.183993521830083,-0.5782595702428349,-0.40204949244695515,-0.06734404673536869,-0.10329403372118805,-0.2847136398253208,-0.30792708202789854,-0.39844408240386375,-0.4932065977075762,-0.4762206819430654,0.43928354525560814,0.012576518562077641,0.4934263927583315,-0.06908698292732303,-0.30567129071751514,-0.2785323860295181,-0.2592444063123596,-0.1915938033219901,-0.0897207253236675,0.16924026105482345,0.5868007287941157,-0.05901497112779926,-0.08094434750754341,0.6252687187298159,0.6329846818273838,0.28942573722923276,0.16742020379242864,0.07022066266279776,-0.0692682174428581,-0.18679301668707163,0.019247491155177234,-0.2020514204737162,-0.10656396710786346,0.06280547173994774,0.44780927959280076,-0.14966693337703527,-0.5404316851917904,-0.0051111989434413346,-0.05871419895308147,-0.1576373960070566,-0.1353995353455506,-0.1264997638167218,-0.09650737952242777,-0.14113734298632066,-0.0728736274859495,-0.31690783068068984,0.03702389789170274,-0.21997821329760056,-0.15345743398918377,-0.21805789864363317,0.15678520817868952,0.16533022278349224,-0.5491579343121282,-0.6025874119132774,-0.47968727405936396,-0.5813829735956735,-0.6298458542604571,-0.48963589214618297,-0.6418458928209924,-0.5998804623408173,-0.3416482700779887,-0.47559985732601967,-0.3037124155283275,0.18827759729305044,-0.20957843694870484,-0.21858617797615032
#201,0.5146655355576335,0.2153008203753868,0.5766940125128937,0.37742859070883905,0.23404124049241803,0.5556630966037809,0.08458060597881098,0.538511370537823,0.2854385778874611,0.3016648511081334,0.2597418372167006,0.2857470621692229,0.21570184994167718,0.05067047130614173,-0.2895144264602393,-0.49990841872885194,1.0,0.5156295489381393,-0.36951596888164806,-0.5797210145276817,-0.1118621846471229,-0.2509885957217086,0.49962307076822227,0.22600136889900033,0.11009611213403642,-0.015996838036111943,0.2951828251376129,0.12177995430576577,0.23867236077236753,0.4202693453385133,0.22542296087069688,0.33401328410438336,0.20746146356511427,0.2103110871178892,0.12886352462572181,-0.20439204496158406,0.06471036217982705,-0.458135790924778,0.4093220093894903,0.2410978184377199,,0.1125369940134769,0.09086211716618627,-0.29232548947779396,-0.05232857432061157,0.025328487559407326,0.5289792062313825,0.2903473340209962,0.10268863331823046,-0.0848852342070508,0.06545843656309949,0.027198673517588423,0.15674279158994728,0.3099399419663945,0.23268776570618802,-0.2843280344731185,-0.30543607145267176,-0.44942110996500634,0.0814494905189284,-0.042029055363288444,0.248690387822583,0.0557373256340798,-0.03456759179817416,-0.20871468095977172,-0.04918974675368494,-0.4052770092448883,-0.10265778489005427,-0.16994591884935362,-0.36946198413233977,-0.43932210579082837,-0.15397800121465685,0.05968978049415326,-0.15347285820327186,0.10858068309988142,-0.02135289637820173,-0.15410139492736158,0.04386839289329336,0.0022577193371443997,-0.024985298795947287,-0.1046166600792419,0.1347247259791966,0.45796998062333105,0.2206028939681683,0.15107824896609565,0.1698765098859572,0.17690995151012695,0.07966799379175384,0.2735349406649764,0.22543452903126296,0.029149836599732006,0.2197468500862792,0.004764154126459275,0.135465088255425,0.028922329441932654,-0.055224470515650756,0.18272102416781544,0.08414872798434442,0.36956224152391237,0.45237099090935384,0.2815709562048721,0.3990032101645571,0.4415547607800796,0.3652203252581146,0.4594275688546557,0.3035504612804026,0.28403497440544473,0.27719433545737615,0.007606065572190142,-0.3284567109791484,-0.004301427703816529,-0.013660069601766073
