,#10,#11,#12,#13,#17,#18,#26,#49,#50,#51,#52,#53,#54,#58,#101,#102,#201,#202,#301,#302,#401,#402,#501,#502,#601,#602,#701,#702,#801,#802,#901,#902,#1001,#1002,#1101,#1102,#1201,#1202,#1301,#1302,#1401,#1402,#1501,#1502,#1601,#1602,#1701,#1702,#1801,#1802,#1901,#1902,#2001,#2002,#2101,#2102,#2201,#2202,#2301,#2302,#2401,#2402,#2501,#2502,#2601,#2602,#2701,#2702,#2801,#2802,#2901,#2902,#3001,#3002,#3101,#3102,#3201,#3202,#3301,#3302,#3401,#3402,#3455,#3501,#3502,#3601,#3602,#3701,#3702,#3801,#3802,#3901,#3902,#4001,#4002,#4101,#4102,#4201,#4202,#4301,#4302,#4401,#4402,#4501,#4502,#4601,#4602,#4701,#4702,#4801,#4802
#10,1.0,0.542220894026009,0.2057609439619022,0.6397944723472762,0.2439590101510609,0.09283641656946198,-0.04878486113387254,0.78869597910019,-0.20672110128888588,0.6316350630946758,0.5354226716666828,0.27629973104026684,0.20825581059065099,-0.201850905690571,0.23448468664745067,-0.037702563311578764,0.5211167130999779,0.08081709774131665,0.19457838874803582,0.1558366190122719,-0.01329760057069592,-0.030661409580364975,0.15719009379850193,-0.19666836975697222,0.1497556226080418,-0.19565808373420224,-0.2299229753308976,-0.2663472568999258,0.2139319213750687,0.20271851773302613,-0.01086443079829948,-0.0023155601399747427,-0.046239865809337435,-0.037899222041201934,0.17097934119325575,0.18173001841265557,0.2362083425717949,0.19707325537678463,0.1073467459728341,-0.02886448863910231,0.37917152690079337,0.08275283660937213,0.338501730404018,0.03592492263792622,-0.3279245755931092,-0.20522880857586304,-0.44551878380071913,-0.4607848996944078,-0.3734568555811555,-0.6703999691515719,-0.21645763643199367,-0.2766313516431608,-0.17384438896011878,-0.3947962557720301,-0.12150231845218011,-0.328391158069274,-0.4944366787811015,-0.4084736776146453,-0.2435194200495503,0.11466167950411152,0.11497401983939537,0.14930832039948713,0.13489824838768763,-0.2878023386964611,0.1832724398214647,0.3379156102686705,-0.22968004395901015,-0.42196215283468136,0.03704317815931285,-0.0371858521396277,0.2055295807505808,0.044809269952666944,0.18912592906789547,-0.037771972274975175,0.17958990870793287,-0.099916130835896,0.22598208863139022,-0.08950864237995623,-0.37004810426768725,-0.1838932644385104,0.25969556457443627,0.30486151947789036,,0.23283429574002487,-0.018352886738067925,0.2854385778874611,0.31746310238786113,0.392081594092526,0.29268024640182005,0.47574253130633454,0.027707672582495443,0.2558742155341116,0.32270733517781225,0.1856092082558106,0.15598314904610877,0.3945224759719665,0.015692209807872132,0.03808816866378106,-0.12130180366903492,0.19648327918791514,-0.07103428995594459,0.1899935411103506,-0.0979611117002304,-0.08804719809510957,-0.0767489612755825,-0.15111680950131587,-0.1590062950073747,0.07900860863948792,-0.09287497710468222,0.05372060964206183,-0.07953688797200505
#11,0.542220894026009,1.0,0.041894093490017645,0.3035697415480127,0.05661650583710102,-0.22128541544156632,0.18001021854183336,0.49595981992230054,0.06317565287806194,0.5143686194364377,0.6250797721072369,0.16671840205142047,-0.021757781998014133,-0.11941233744324371,0.35341694542720253,0.10087243210935767,0.18740998525059527,0.0853248243085614,0.37095813289888463,0.21558231228249447,0.12937637974415084,0.23443455795166437,-0.05613064309332613,-0.17756548060887084,-0.15129804401685096,-0.19193699208545015,-0.39159958740227313,-0.30615329740776803,0.25906317179682453,0.10839559253082433,-0.1958046137680391,-0.06570522398850896,-0.2512315270935961,-0.15692788215900436,-0.03982339274869135,0.1729574966500535,0.1724986262809328,0.2131105819748778,-0.07231449972525619,0.07583507659086308,0.31274714893042715,0.11015780899038878,0.2853768810311087,0.24024177455583084,-0.002651036796390734,-0.017739774228066284,-0.5749433642138952,-0.458810600291132,-0.40937985019232065,-0.5566155418237205,-0.3409734607116347,-0.33210068155746003,-0.20943961902191202,-0.3135145035813097,-0.07945591084804257,-0.13058718055006605,-0.34872412829090066,-0.18495753521058872,-0.2069910250354275,0.05714864122314018,0.08426826564352713,0.05219746850086279,-0.044651171758264004,-0.2770323812094512,0.08484281761830854,0.29167381643257206,-0.17306161009514812,-0.38961371983843135,0.11564882920574937,0.15883277259888368,0.059863302902644286,0.048137044142172694,0.1357041635737904,-0.2212777033345223,0.11195858598517347,-0.21867486720715684,0.19257709697010594,-0.017816895298506743,-0.23850269441739852,-0.12520798588684412,0.19548841737923323,-0.048048354911166165,,0.2471595345743399,0.03510743929125736,0.11641618385663192,0.18121716329422652,-0.04669102407141411,0.08224769359798714,0.2697907126950922,0.2718305650082423,0.12014113155890603,0.2670760510155881,0.06196099601862474,0.14368233831085575,0.10723492042069543,0.01549940713177099,-0.13675686618530264,-0.16558472231594573,-0.054314441884453356,-0.25652203252581146,-0.11416810465329259,-0.1824279641001417,-0.29887306835818883,-0.15323763893842846,-0.3482575458147359,-0.3045800275707827,0.11067066410881783,-0.17937782576422162,0.048059923071732236,-0.12345733758784572
#12,0.2057609439619022,0.041894093490017645,1.0,0.39249419181938244,0.2099756104614732,0.5213326520972111,0.18100508035051527,-0.09519246527141796,-0.2821570763402196,0.173882949495339,-0.0357706804970453,0.2585001879826092,0.25140890555560913,-0.0834199338686821,-0.4414699276025951,-0.030657553526842952,0.5125832666557412,0.7699825513578128,-0.264022056626146,-0.09632228895337067,-0.242119672621056,-0.2619667800989078,0.35083724562096924,0.10047525859658932,0.2816904938640548,0.3305235556669527,0.3661997628527084,0.21786895202105405,-0.15486489352472213,-0.1420049550287758,0.1917249091417389,0.420894026009081,0.41879633289310053,0.3039090742579507,-0.01866522707335178,0.021414593234554094,0.1639921722113503,0.10458966770458775,0.22282012474333143,0.07646746936847483,-0.27255935912390467,-0.2662662797759633,-0.2839231488533061,-0.33480763112992007,-0.35294265084399373,-0.30039235344586585,0.22290495792081594,0.21028795079675705,0.2651403121475326,0.015464702650072782,0.3698553015915861,0.33825494297860853,0.4446627399188301,0.2448381903540821,-0.03729382163824434,-0.025906895587710758,-0.16894720098714971,-0.13528770979341193,0.08827470525290891,-0.2944964476106928,-0.17341636701917423,-0.11432234679417351,-0.015329740776801982,0.1997146520393703,0.0028014228837496265,0.1367298738106485,-0.07198287912236222,0.18228143406630484,-0.1730770343092362,-0.1187028235951915,-0.042499493892975235,0.33706342244030346,-0.30299133351970925,0.06961526225984016,-0.33460711634677487,-0.25529195145228617,-0.2592791107940578,-0.30431781593128515,-0.10299326154647026,0.3089874967464548,-0.037155003711451515,0.11465782345058949,,-0.024969874581859196,0.31677672486094105,0.022216652367134857,-0.11548301890430239,0.00366132281916073,0.04628228239807969,0.07131192580953023,-0.18979302632720543,0.15363866850471886,0.047481515043428804,0.26540252378703016,-0.2942535162388054,0.41367549381585417,0.3680699488108895,0.49754851397337396,0.4812335515216951,0.4832502675137131,0.42949302536319206,0.4095533726008117,0.5709330685509915,0.4712386607926118,0.47544175913161674,0.4631486605034078,0.36679745114862194,-0.29334734366113,0.031023878611435126,-0.0907849960957458,-0.21987024379898393
#13,0.6397944723472762,0.3035697415480127,0.39249419181938244,1.0,0.29021622820124743,0.3292819064328613,0.11804729449644762,0.41774748633511033,-0.43700847367761464,0.6659346591730694,0.23175074470033644,0.36857123576875245,0.2575901593514118,-0.09325287034984045,-0.029338783222311125,-0.17860275900629502,0.5322761319927121,0.2940684256697483,0.23476617855455834,0.09171816104807534,-0.12209615069457164,-0.08422584905478488,0.29673681470698815,-0.04108432225039284,0.1503455987969113,-0.06290958518504237,-0.09049964813511611,-0.12644577906741344,0.10694571640654373,0.32721506174505705,-0.07960244088187944,0.1865385171546181,0.10286215572672149,0.22821474362064145,0.2232365785237099,0.2457752113599337,0.2812971764048085,0.30869829273230315,0.19709639169791676,0.14425303423211513,0.19056038097808797,0.12905247124830094,0.20605400402957594,-0.0208593215273828,-0.5055652492456595,-0.341532588472328,-0.172872663472569,-0.16088419307259985,-0.17299991323879577,-0.5359278146780677,0.006429969247973162,-0.14804739089778565,-0.0724687418661371,-0.3032034164634205,-0.0696885272767586,-0.24484590246112617,-0.3896407122130855,-0.3538835279033673,-0.13766689481650005,0.09193410004530862,0.16046773929222138,0.24591017323320447,0.1519959897043371,-0.13323628931969575,0.27960436890864043,0.3956291633327871,-0.06371935642466718,-0.13389181841843964,0.14714893042715432,-0.14766178554558337,0.11114110263850462,0.05632344576942728,-0.053462254056086296,-0.0716589706265123,-0.004440245630609353,-0.247174958788428,0.06136330772271119,-0.14708723357080197,-0.28112365399631745,-0.04130411730114814,0.022174235778392604,0.5257825378616255,,0.010366999893958529,0.1244984720387919,0.27019945436842663,0.18994726846808635,0.4107526052461608,0.4123335871901902,0.349784543009457,-0.22421601611830372,0.06514224017429363,0.192415142722181,0.171526900793383,-0.03279380717804363,0.2102416781544928,0.3363461964852072,0.18747553816046966,0.026026433246893466,0.3445827268082481,0.017951857171777545,0.20476222609969827,0.14135713803707595,0.06575535268429526,0.13095736168818023,0.1349290968158638,0.02120636634436486,0.10851898624352906,-0.034189698553015915,0.011878572874591499,-0.18387012811737827
#17,0.2439590101510609,0.05661650583710102,0.2099756104614732,0.29021622820124743,1.0,0.49708964360425323,0.001532781275004097,0.12592906789546238,0.15767981259579883,0.10787502530535124,-0.001027638263619099,0.45153808334859685,0.0284248985375917,-0.08860632585580287,0.030233387639420434,0.23884202712733651,-0.026331061475133276,0.24973152227352916,-0.031652415335524854,-0.2755015279612081,-0.355352684295258,-0.4044286774700433,-0.1498597360531364,-0.08087108249062497,-0.152990851513019,-0.297218821397241,-0.1863187221038628,-0.2902586447899897,0.05168846943595577,0.2870581203667107,-0.015052104923216333,0.10727348095591567,-0.139679754754996,-0.06860112018354815,0.09812692200167739,-0.030395341887345398,0.02837091378828338,-0.0007885629452536802,-0.04258432707045974,-0.21461444284846673,0.1522851937184888,0.042765561585994816,0.34750561537794145,-0.04687611464047121,0.044759141256880644,0.09682743196475567,-0.18695111488147456,-0.3816818177436303,-0.2656801596406158,-0.2629654979611117,-0.358715162966462,-0.3544195193429285,-0.2746262038117089,-0.3309670018219853,-0.3037085594748055,-0.36931159804498087,-0.29964042300907134,-0.23970963916979168,0.08149190710767065,-0.19703083878804237,0.003418391447273288,0.1793431212825234,0.31572787830295085,0.26761975456219333,0.00016388227468597263,-0.21550519121205403,0.01573848245013641,0.06334531923303095,-0.1491347979909961,-0.2852149267831838,-0.3462716782508941,-0.18825060491839626,0.12988152275553586,0.04583112413600301,0.026608697328718924,0.07570782682463632,0.06887489998361178,-0.21944222185803938,-0.1435396643305409,0.2958383542363568,0.37614066883248337,0.3999865038126729,,0.5395872094704675,0.5321874427617055,0.1597813617653013,-0.019906876307443148,0.463692364050013,0.11382105983631052,0.36547096873704604,-0.03811901709195724,0.048021362536512006,-0.0012204409397202434,-0.043957082124299884,-0.21793450493092845,-0.20943576296839,-0.008396556544204833,-0.13740082712348048,-0.11873367202336768,-0.13843810552090463,-0.0748787753174014,0.10642514918107063,0.1776580258933994,-0.007332285772126517,-0.2136311492003509,-0.17280325450917258,-0.16485978425380543,-0.08763460036825312,0.21009900417417793,0.2419847107477852,0.2621171661862667
#18,0.09283641656946198,-0.22128541544156632,0.5213326520972111,0.3292819064328613,0.49708964360425323,1.0,0.19418121523526746,-0.07205614413928066,0.07477466187230679,0.13544580798781486,-0.14065148024254576,0.1729382163824434,0.2432340720889206,0.20154627746233117,-0.3197690223940308,0.1442646023926812,0.1724176491569703,0.5212208265450724,-0.1855590795600243,-0.27030742386704326,-0.40457520750388015,-0.50125803746156,0.22477514387899705,0.11723366720330078,0.16796390733903385,0.032840079820307906,0.19840744989540454,0.08545593012831018,-0.03163313506791474,0.19503725911715655,0.25299759960668255,0.5502183490306846,0.30111729150800615,0.4120135347478623,0.16766313516431608,0.022629250093991304,0.1746888646814418,0.23566078297166765,0.3156507572325104,0.16057570879083802,-0.27078943055729615,-0.2109858964842432,-0.04401492292713023,-0.21662730278696268,-0.34299017670365267,-0.09350351382877195,0.11136089768925993,-0.029161404760298073,0.26793209489747716,0.016127943855860718,0.1020215360589205,0.006996809115710526,0.12031079791387504,0.003082914790857297,0.000522495252234101,-0.15156411170987052,-0.16012069447523933,-0.18824674886487425,0.2571042966076369,-0.21708231710256137,-0.11905758051921761,0.07291990012821378,0.4138451601708232,0.5102156497932191,0.051210318799224934,-0.06280161568642573,0.387531450936539,0.4670972593099592,0.021067548417572034,-0.28937946458696845,0.025729517125697706,0.16335977943373853,-0.2175064829899839,0.1604715953457434,-0.2212468549063461,-0.17554876461685287,-0.23077516315926466,-0.4028284152584038,0.3336855195550114,0.5980141324361582,0.22582399043698725,0.40469474516306286,,0.059227054071510514,0.29079849228307286,-0.0005957602691525358,-0.20816326530612245,0.164952329538334,0.37592858588877215,0.004351556399602827,-0.3393654863929511,-0.12017583604060425,-0.051973817396585464,0.12757560274936616,-0.41659067027850344,0.06980806493594131,0.2666711653957757,0.24135231797017342,0.08096362777515352,0.24057725121224682,0.20422237860661507,0.24750272333779993,0.6333702871795861,0.27525859658932067,0.1959087272131337,0.31399265421804057,0.23758109762563503,-0.2813087445653746,0.2772174717785083,0.09392382366267243,-0.03986966539095563
#26,-0.04878486113387254,0.18001021854183336,0.18100508035051527,0.11804729449644762,0.001532781275004097,0.19418121523526746,1.0,-0.07356000501286958,0.23451553507562686,0.27085883952069256,0.28550413079733544,0.027248802213374723,0.17776599539201604,0.3645378037847165,-0.07362555792274397,0.1736477302304956,-0.12375425370904149,0.00716261941715751,0.21737923322375716,0.02626936461878091,-0.038319531875102425,0.05346611010960832,0.07864228355489575,0.1404548215129226,0.026346485689221367,0.01347112297918695,0.003996799475576721,-0.1344740825002651,-0.13564632277096006,0.2412983332208651,-0.11900359576990929,0.07650988595721708,-0.03661515621836831,0.031771952994707565,-0.039877377497999675,-0.009472395476849218,0.03241205787936337,0.11683649369053242,0.004332276131992712,0.1247182670895472,-0.20460798395881735,-0.2531364175334754,-0.16959501797884954,0.04314731088467508,0.039083030472462955,0.25309785699825516,-0.1736515862840176,-0.09196494847348481,0.05458436563099496,-0.04093779221655597,-0.08434924276748962,-0.05495454676910916,-0.038624160103342235,-0.06872451389625288,-0.008450541293513154,0.08202018644018778,-0.08908062043901169,0.14548311530564045,-0.03137863553546123,-0.3426624121542807,0.015854164055797093,-0.0169839877377498,0.14748055103004828,0.15931477928913654,-0.1070112693164181,0.009919697685403874,0.3259734125109657,0.5664176298767027,0.2664166658633222,0.3891471373622666,0.22251549651509164,0.44649050928826894,-0.07216796969141932,-0.20021593899723328,0.009850288722007461,-0.27003750012050165,-0.129233705763836,-0.23321604503870513,0.2533600686377527,0.11168866223863187,-0.16431608070720022,0.01413822023849691,,-0.17964003740371917,0.1699420627958316,-0.1386193400364397,-0.22114274146125149,-0.11318095495165473,-0.06550470920536378,-0.18186112423240436,0.07797904234910781,-0.16984566145778104,0.07034405637550249,0.03960745375145807,-0.2021054052230245,-0.11318866705869877,0.09211919061436573,-0.08035822737219593,-0.12309486855677557,0.02349300608292443,-0.1281038820818833,-0.19650641550904727,0.09394310393028255,-0.11818225636971841,-0.019687081256687843,0.003291141681046533,-0.07843791271822853,-0.1121668128753627,0.10127731772917008,0.06737875121706689,-0.19739330781911252
#49,0.78869597910019,0.49595981992230054,-0.09519246527141796,0.41774748633511033,0.12592906789546238,-0.07205614413928066,-0.07356000501286958,1.0,-0.07283121089720725,0.566471614626011,0.4887258635149856,0.2848408895915475,0.29394888801056557,-0.09850481524683563,0.31750937503012544,-0.1250344634783531,0.3898759314779289,-0.10110379532067905,0.290146819237851,0.11457684632662701,-0.018634378645175594,-0.08480811313661034,0.1340691968804527,-0.2168663781053281,0.07767055806734598,-0.21687794626589418,-0.2559898971397723,-0.20617354168875865,0.3101057522678415,0.2818215996838036,0.10215264187866928,-0.03783366913132754,-0.07435820809192832,-0.07407671618482065,0.16759372620091967,0.17267986079646785,0.17192021825262935,0.10763594998698582,0.0007422903029894055,-0.0675484175720359,0.33043872248946815,0.13329798617604813,0.27997455004675464,0.02552129023550847,-0.15726335881542036,-0.06955742145700983,-0.39655847223159457,-0.4396498703402003,-0.5106783762158619,-0.581625904967561,-0.2099910346755613,-0.3020388882997696,-0.2996249987949833,-0.43384650978955586,-0.30855176269846624,-0.382136832059229,-0.4550817965353359,-0.4276189833514889,-0.28613652357494723,0.08447649253371636,0.12642264274628132,0.11594574532694514,0.14107564612996829,-0.3794067461656368,0.2965941407266733,0.2750850741808296,-0.14834430701898144,-0.3971908650092063,0.10010507745847512,-0.008778305842885099,0.22698851860063818,-0.15076205257728978,0.264704578099544,-0.039622877965546165,0.23970578311626967,-0.09581328988846365,0.23623919099997107,-0.01876162841140235,-0.2784861133872538,-0.25649118409763527,0.3038589455621644,0.15746387359856553,,0.1457607511592261,-0.08596107313969518,0.2511004212738473,0.3163448468664745,0.26260302893004156,0.23928547328236915,0.33990533388603433,0.07165125851946826,0.16156671454599789,0.2645811843868393,0.08699835153711934,0.2428638909508064,0.2514127616091311,-0.011319445113898182,0.0028399834189698553,-0.1811940269730944,0.01573848245013641,-0.10470534931024843,0.13717331996568113,-0.15616052750812182,-0.09407806580355335,-0.08989810378568054,-0.1946555098184763,-0.1575564188830941,0.15165280094087705,-0.053589503822313055,0.007918405907473995,-0.03650333066622965
#50,-0.20672110128888588,0.06317565287806194,-0.2821570763402196,-0.43700847367761464,0.15767981259579883,0.07477466187230679,0.23451553507562686,-0.07283121089720725,1.0,-0.14977104682212988,0.11483905796612456,0.05039283545255608,-0.11199329046687168,0.2144216401723656,0.2713524143715115,0.43287864035552814,-0.43995449856844016,-0.21747949061532973,0.01660995054611358,-0.05215505191212054,-0.24222764211967263,-0.19760153470930175,-0.4018027050215457,-0.02532077545236328,-0.38740805722383426,-0.3277471971310962,-0.3004386260881301,-0.2578755073120415,0.05200080977123962,0.2570001831625423,0.07240704500978473,-0.047257863939151476,-0.35802107333249783,-0.28475605641406304,-0.16607058505972064,-0.10662566396421583,-0.26927785757666317,-0.10160893833206405,-0.4134904032467971,-0.19755140601351548,-0.05638514262577964,-0.1739832068869116,-0.07640191645860045,-0.00966134209942834,0.17899222041201931,0.3132638601023782,-0.2431685191790462,-0.21815815603520577,-0.19022104826814995,0.01830275804228163,-0.4239441643450011,-0.25218397231353573,-0.3902962413118294,-0.18164518523517106,-0.20223265498925125,-0.0719134701589658,-0.07878881358873262,0.19066063836966057,-0.05589542382848274,-0.2560631621566907,0.0030173618809829082,0.17043178159312852,0.11672852419191579,0.25682666075405125,-0.24842046407604138,-0.27692055565731255,0.2983756374538479,0.2211620217288616,0.19097683475846644,0.37825378616255195,0.24635747544175912,0.22521087792698563,0.2574166369429208,0.1598314904610876,0.25165183692749654,0.1729729208641416,0.3079078017602884,0.13322857721265172,0.29010440264910875,0.15232761030723108,0.10644828550220277,-0.07480165424696095,,0.24651171758264004,0.2043611965334079,-0.07651374201073911,-0.10927091668032353,0.018379879112722083,-0.08646621615108017,-0.18469532357109117,0.13536868691737441,-0.0964264023984653,-0.20764655413417138,-0.2983525011327157,-0.15220421659452632,-0.23660937213808528,-0.2815593880443061,-0.3159939459959704,-0.23510165521097434,-0.4475509240068252,-0.2506376948512045,-0.18769147715770296,-0.1710873106918724,-0.2862213567524317,-0.3689182805857345,-0.3768810311087118,-0.3246353619388237,0.12658459699420627,0.06983505731059547,0.16315540859707134,0.29066738646332413
#51,0.6316350630946758,0.5143686194364377,0.173882949495339,0.6659346591730694,0.10787502530535124,0.13544580798781486,0.27085883952069256,0.566471614626011,-0.14977104682212988,1.0,0.6238921076224538,0.3274348567958123,0.49530814687707864,0.17268371684998987,-0.01866522707335178,-0.14920420695439252,0.5602016715992018,0.18739070498298516,0.30049261083743845,0.17458475123634717,-0.12862059325383438,-0.13206790510252284,0.4267436592019897,-0.028397906162937542,0.08892637829813078,-0.05457665352395091,-0.10755111680950132,-0.09702794674790086,0.2479500255463546,0.2868923100652637,0.21636894720098715,0.1397800121465686,0.19461309322973402,0.23859909575544908,0.15317979813559812,0.24835491116616698,0.24734076908987496,0.06799957583411258,0.13223757145749182,0.08599577762139339,0.19128531904022827,-0.045700018316254226,0.08167699767672776,-0.1078518889842191,-0.35817145941985673,-0.2213779607260949,-0.12120540233098435,-0.18720175836040603,-0.2614654931410448,-0.5258905073602421,0.08371299393635584,-0.07609728823036063,-0.06377719722749751,-0.2440129949003692,-0.27562492167391284,-0.33153769774324465,-0.5577145170774971,-0.48282995767981257,-0.29741162407334215,0.00656107506772194,0.12007557864903165,0.2555734433593938,0.008820722431627352,-0.27759922107718854,0.3695545294168683,0.4327359663752133,0.05561007586785305,-0.09739812788601505,0.12376582186960755,0.04496351209354786,0.26237166571872017,0.0736833987255743,-0.08375541052509809,-0.13722344866146743,0.0112384679899357,-0.18314904610875998,0.0558722875073506,-0.0372205566213259,0.009001956947162427,-0.1650217385017304,0.1158879045241148,0.3066815767402852,,-0.09321430981462023,-0.055810590650998235,0.23540628343921413,0.4086587681837024,0.18505779260216132,0.2538690677026597,0.21479953341752384,0.11930436794462707,-0.0012628575284624952,0.3066044556698447,0.16809501315878264,0.17191636219910733,0.1721323011963406,0.236563099495821,0.31307876953332114,0.09424002005147832,0.371363018518697,0.07567312234293812,0.35450435252041296,0.06396228779655462,0.13947152786480677,0.19120048586274377,0.15522736255579228,0.09490711731078827,0.1572710709224644,-0.12865529773553258,-0.07021295055575372,-0.1664330540907908
#52,0.5354226716666828,0.6250797721072369,-0.0357706804970453,0.23175074470033644,-0.001027638263619099,-0.14065148024254576,0.28550413079733544,0.4887258635149856,0.11483905796612456,0.6238921076224538,1.0,0.015827171681142935,0.10247655037451919,-0.10730818543761388,0.38490933454156345,0.18432128637945494,0.1825127972776262,-0.04829128628305361,0.37607897197613105,0.3392266684661583,0.10408066863968071,0.09497267022066266,-0.02102127577530776,-0.31117773514696384,-0.2610914559494086,-0.37510339043505925,-0.2916468240579179,-0.3499272169897718,0.30697078075443684,0.1717929684864026,-0.05927332671377479,-0.17903078094723954,-0.2656107506772194,-0.22456306093528577,-0.08783125909787629,0.22320958614905576,-0.004027647903752904,0.010498105713707306,-0.17254104286967503,-0.16826467951375165,0.31111603829061146,0.0787194046253362,0.1316900118573646,0.1553121957332768,-0.13909749067317054,-0.23082529185505093,-0.4143580152892522,-0.3844234717977886,-0.319969537177176,-0.4953120029306007,-0.26185881060029115,-0.3188358574417013,-0.20496274088284344,-0.3096391697916767,-0.20308869887114034,-0.20031619638880588,-0.5081989338012012,-0.27078943055729615,-0.37345299952763344,-0.15109367318018374,0.12226196099601863,0.19688816480772753,-0.052953254991179276,-0.28903627582350844,0.1336681673141623,0.36900311376321904,-0.18751024264216787,-0.29871111411026385,0.003082914790857297,0.32050167256321516,0.23944742753029413,0.1254277809375994,0.1019714073631342,-0.3019887596039833,0.30467257285531124,0.13819131809549517,0.2658498259955848,0.09057291315203456,-0.1067721939980527,-0.1589021815622801,0.1215485910944444,-0.06855099148776185,,0.06993531470216807,-0.10180174100816519,0.20951288403883045,0.348940067288134,0.059963560294216886,-0.03697376919591644,0.24257083088313267,0.22848852342070508,0.07603559137400827,0.1765976111748431,0.13953322472115912,0.12811545024244936,0.1994293040787406,-0.1705667434663993,-0.1776927303750976,-0.25901304310103823,0.0008733961227381836,-0.19206038579815488,-0.03901747756258857,-0.2604436389577087,-0.2922946410496178,-0.2646467372967137,-0.3549593668360117,-0.2793035967339227,0.15967339226668467,-0.0876500245823412,0.12627996876596648,0.06083888444371608
#53,0.27629973104026684,0.16671840205142047,0.2585001879826092,0.36857123576875245,0.45153808334859685,0.1729382163824434,0.027248802213374723,0.2848408895915475,0.05039283545255608,0.3274348567958123,0.015827171681142935,1.0,0.49111661669863976,0.09972718421331687,-0.08368600156170168,-0.19305139155331477,0.4151793546894431,0.2123856439127375,-0.0581627832994322,-0.34154030057937207,-0.4761088563909267,-0.4853633848437816,0.21527382800073264,0.09291739369342447,0.1305139155331476,0.04344037095234882,-0.06659211629857423,-0.11207041153731213,0.09945340441325326,0.21955019135665604,0.16095360203599626,0.3221057908283767,0.1950488272777226,0.14024273856921135,0.29980623331051837,0.12142134132821764,0.2353291623687737,0.1458301601226225,0.11991748045462872,0.021572691428957035,0.14866435946130932,0.06449442318259377,0.029014874726461203,-0.033777100826159465,0.007833572729989493,0.024487867891606334,-0.019289907743919487,-0.24237417215350948,-0.23647055421129246,-0.27228172327031896,-0.09195338031291875,-0.10315521579439522,-0.16437392151003055,-0.2169010825870263,-0.3784504448921751,-0.36739128339101346,-0.24232018740420116,-0.30944251106205356,-0.11557942024235296,0.019490422527064677,-0.014438992413214696,0.1108827470525291,0.08514358979302633,-0.09745211263532338,0.1656965478680844,-0.06186845073409619,0.10924006825214734,-0.01020890169955559,0.017489130749134798,-0.24718267089547202,-0.044624179383609845,-0.015082953351392517,0.24442559262722566,0.1020215360589205,0.07244946159852698,-0.2520490104402649,0.04280026606769302,-0.20229820789912564,-0.11524008753241495,-0.0890651962249236,0.1545217047612621,0.19245370325740122,,0.3206906191857943,0.5124637289965585,0.07626695458532964,0.06452912766429197,0.21778797489709156,0.18005263513057562,0.24219679369149644,0.10112307558828916,0.1939151475422479,0.15197670943672698,-0.06125919427761657,0.10703054958402823,0.16158213876008598,0.3039090742579507,0.23649369053242458,0.22711962442038697,0.09762949109733643,0.03852004665824762,0.39070112693164183,0.17456547096873704,0.3435377363037799,0.18887528558896396,0.16810658131934872,0.08682097307510628,-0.06687746425920392,-0.00231170408645272,-0.13035967339226667,-0.06280932779346977
#54,0.20825581059065099,-0.021757781998014133,0.25140890555560913,0.2575901593514118,0.0284248985375917,0.2432340720889206,0.17776599539201604,0.29394888801056557,-0.11199329046687168,0.49530814687707864,0.10247655037451919,0.49111661669863976,1.0,0.4816037326598093,-0.36840156941378344,-0.4769494760587277,0.6831635063094675,0.21992037249477023,-0.046698736178458156,-0.36213548244049626,-0.4327128300540812,-0.5475808084216209,0.6111941233744325,0.27165704259975126,0.44115373121378926,0.3451881272112057,0.17271842133168808,0.230998814263542,0.08975157375184367,0.21560930465714864,0.4725150145084014,0.5539432967329586,0.6685143589793027,0.5625500081941137,0.36493497729748486,0.2614346447128686,0.3607897197613103,0.1211128570464558,0.407077786239673,0.2136967021102253,-0.27210048875478393,-0.08847136398253208,-0.3876239962210675,-0.2781467806773158,-0.16460528472135194,-0.09099707903945707,0.34706988132995287,0.15489959800642034,0.21168384217172934,-0.012125360300000963,0.3647151822467296,0.19379175382954317,0.12016041182651616,-0.005400402957593051,-0.2026259724484976,-0.3669401251289368,-0.14833659491193738,-0.49775288481004115,0.10246883826747515,-0.042364532019704436,0.01353667588906134,0.0031523237542537092,0.12466428234023888,-0.269254721255531,0.3426624121542807,0.04055989897139772,0.3483732274203966,0.22905921934196447,0.08660117802435098,-0.28049897332574975,0.0885600532135386,-0.08602276999604755,-0.22834584944039024,0.0216845169810957,-0.20484320322366076,-0.4044980864334397,-0.15766438838171073,-0.14439570821243,0.2604667752788409,-0.15145228615773187,-0.051827287362748595,0.04510618607386271,,-0.2585001879826092,0.022401742936191953,0.1329895018942863,0.22748594950497913,-0.09156777496071646,0.1716734308272199,-0.19602826487231642,0.16861943643777777,0.18479172490914175,0.35262645445518787,0.38481293320351284,0.34356858473195606,0.28192571312889825,0.4031214753260775,0.5678829302150714,0.37237330454146705,0.5129650159544215,0.3207368918280586,0.5384920902702129,0.47393789825802785,0.62865047766863,0.580449808643344,0.6226928749771047,0.5584664475142915,-0.06114736872547791,-0.059863302902644286,0.011859292606981386,0.04695709176443369
#58,-0.201850905690571,-0.11941233744324371,-0.0834199338686821,-0.09325287034984045,-0.08860632585580287,0.20154627746233117,0.3645378037847165,-0.09850481524683563,0.2144216401723656,0.17268371684998987,-0.10730818543761388,0.09972718421331687,0.4816037326598093,1.0,-0.3803052066362681,-0.32255309303693136,0.15934177166379068,0.007031513597408732,0.07643276488677662,-0.18136754938158542,-0.1411489111468867,-0.15429419760346275,0.41266135173956214,0.2910452797084824,0.27933058910857683,0.29879209123422634,0.03990822592617586,0.16435849729594246,0.16548060887085111,0.1824433883142298,0.2729719568507611,0.2762804507726567,0.41211764819295693,0.4869559349483771,0.30580239653726393,0.10113464374885524,0.36630387629780303,0.24318008733961227,0.3323783174110457,0.5178467797133024,-0.22322501036314385,-0.08244049627408828,-0.20807457607511592,0.0666383889408385,-0.05570647720590362,0.3482845381893901,0.20382906114736873,0.10625933887962365,0.15797287266347257,-0.007926118014518042,0.16561942679764396,0.04695709176443369,-0.070093412896571,0.03539664330540908,0.18889070980305206,0.0819546335303134,0.12169897718180328,0.015225627331707365,0.07066025276430837,0.1181976805838065,0.06764481891008647,0.08611145922705407,0.21274811294380766,0.1331745924633434,-0.017963425332343613,-0.18159891259290678,0.7919543443262993,0.6228471171179856,0.4550740844282919,0.013440274551010769,0.29466611396566184,0.11042002062988635,-0.2190566165058371,0.16600117609632423,-0.2704770902220123,-0.478515033788669,-0.15990861153152805,0.0371858521396277,0.7086018913942526,0.12756403458880008,0.0756037133795417,0.1624458947490191,,-0.23942043515563996,-0.021495570358516576,-0.07086462360097558,0.1647518147551888,-0.16161298718826217,0.14429930687437942,-0.2287121745249824,0.06084659655076013,0.018622810484609526,0.19634060520760027,0.20950517193178642,0.17556033277741895,-0.1320293445673026,0.32675233532241427,0.2586158695882699,0.08785825147253044,0.11481977769851445,-0.004976237070170534,0.13606663260486054,0.27526245264284266,0.23593456277173128,0.26362873916689966,0.43412800169666355,0.3280402571987699,0.02390560380978088,0.1751785834787387,-0.1586515380833486,-0.030981462022692877
#101,0.23448468664745067,0.35341694542720253,-0.4414699276025951,-0.029338783222311125,0.030233387639420434,-0.3197690223940308,-0.07362555792274397,0.31750937503012544,0.2713524143715115,-0.01866522707335178,0.38490933454156345,-0.08368600156170168,-0.36840156941378344,-0.3803052066362681,1.0,0.5603867621682589,-0.32012763537157896,-0.40769475480319667,0.30487308763845644,0.40204949244695515,0.35335524857085016,0.29192445991150356,-0.5370846307346746,-0.33680506685432793,-0.4418439647942313,-0.4592231980179885,-0.6381170890651963,-0.6255116501017034,0.18022615753906665,0.0765638707065254,-0.46425534786422834,-0.4145469619118313,-0.5521733681663501,-0.5099110215649794,-0.2527893727164933,-0.10174775625885688,-0.2284268265643527,-0.02668581839915938,-0.3922666846615831,-0.23809009669054207,0.46883248339486955,0.3025324631505885,0.450554789700481,0.32960195887518917,0.19639073390338657,0.1100421273847281,-0.6715490731011347,-0.5782518581357909,-0.573219708289551,-0.41468192378510216,-0.5423558558992799,-0.5291565846933955,-0.33889890391678634,-0.28277018885022126,-0.041030337501084514,0.05569876509885957,-0.1883392941494028,0.0034338156613613795,-0.21941908553690725,-0.007027657543886709,0.006437681355017207,-0.0038811178699160345,-0.10519892416106735,-0.14003451167902212,-0.1796477495107632,0.13584298150058322,-0.34201845121610286,-0.5316321710545342,-0.03251231527093596,0.35883084457212266,0.14813993618231422,0.05590699198904881,0.3805172895799794,-0.13840340103920643,0.44639025189669634,0.24168779462658943,0.3485428937753656,0.10548812817521908,-0.25584722315945746,-0.21303731695795938,0.19799099611502607,-0.07080678279814524,,0.33665082471344704,-0.14419133737576278,-0.03428995594458851,-0.010305303037606161,0.1586014093875623,-0.024406890767643855,0.17863746348799323,0.07607029585570647,-0.06521550519121205,-0.16094203387543018,-0.2578253786162552,0.009645917885340248,-0.05976304551107169,-0.5205460171787184,-0.48843665950083387,-0.4442115816567534,-0.355352684295258,-0.3093306855099149,-0.449872268227083,-0.46370007615705705,-0.6134691949524259,-0.5743996606672901,-0.6389808450541293,-0.5375280768897073,0.10292770863659588,-0.11869896754166948,0.1485910944443909,0.100421273847281
#102,-0.037702563311578764,0.10087243210935767,-0.030657553526842952,-0.17860275900629502,0.23884202712733651,0.1442646023926812,0.1736477302304956,-0.1250344634783531,0.43287864035552814,-0.14920420695439252,0.18432128637945494,-0.19305139155331477,-0.4769494760587277,-0.32255309303693136,0.5603867621682589,1.0,-0.4980305206636268,-0.0804045000144602,-0.09316032506531191,0.33864440438433285,0.2584423471797789,0.24793074527874448,-0.5042117744594296,-0.005334850047718663,-0.39807004521222755,-0.2946699700191839,-0.25220710863466783,-0.4427462813183847,-0.08999836117725314,-0.07164354641242421,-0.19219149161790366,-0.28654912130180366,-0.4608851570859804,-0.4665882602450522,-0.5602248079203339,-0.4553324400142674,-0.45055864575400306,-0.22208361852062505,-0.42116780580914465,-0.3030029016802753,0.19847685885880095,-0.20300772174717785,0.2655914704096093,0.0723492042069544,0.1780783357272999,0.22907464355605256,-0.43065369747332094,-0.36729102599944086,-0.30097076147416923,-0.03632980825773862,-0.3541881561316071,-0.191069380042995,0.01250710959868123,0.11202028284152583,0.02397115671965527,0.33431405627910116,-0.04245322125071096,0.3487973933078191,-0.13609748103303673,-0.3137882833813733,-0.3403834845227652,-0.1254123567235113,-0.1587903560101414,0.3574542334647605,-0.36629230813723695,-0.09241996278908352,-0.2471248300926417,-0.12001002573915726,-0.24662354313477872,0.4065880674423761,0.024028997522485614,0.34913672601775714,0.17764645773283333,0.05103294033721188,0.20410284094743236,0.4361871342774238,0.00624102262539404,-0.08821686445007856,0.03421283487414805,0.2703729767769177,0.27128300540811506,0.10345984402263503,,0.35947094945677843,0.12593292394898442,-0.31007104778614325,-0.3076301659067028,0.18687784986455613,-0.15436746262038117,0.1507697646843338,-0.11874909623745578,-0.34126266472578637,-0.4218503272825427,-0.4068734154030058,-0.475484175720359,-0.10758582129119952,-0.4418940934900176,-0.3378539134123182,-0.2525001687023416,-0.2814475624921674,-0.05387485178294275,-0.29155427877338935,-0.12489564555156026,-0.4756229936471518,-0.4517733026134403,-0.46803042426228875,-0.38619340036439703,-0.19248840773909942,0.11491617903656502,-0.08010758389326444,-0.12344576942727965
#201,0.5211167130999779,0.18740998525059527,0.5125832666557412,0.5322761319927121,-0.026331061475133276,0.1724176491569703,-0.12375425370904149,0.3898759314779289,-0.43995449856844016,0.5602016715992018,0.1825127972776262,0.4151793546894431,0.6831635063094675,0.15934177166379068,-0.32012763537157896,-0.4980305206636268,1.0,0.4458658286177012,-0.08852920478536241,-0.16524153355248572,-0.2490837052818293,-0.3818206356704231,0.6152275553584684,0.0669083126873801,0.4373940790298169,0.33827036719269665,0.20680207841284837,0.2317276083792043,0.16057956484436003,0.05758051921760674,0.3310479789459478,0.4187539163043583,0.6021593899723329,0.4616370875227748,0.23360936249795147,0.262842104248407,0.3323166205546933,0.16304358304493266,0.39350062178863043,0.20764269808064936,-0.044789989685056826,0.03325267754716436,-0.2072763729960572,-0.19127760693318424,-0.3557151533263282,-0.3307973354670163,0.2609063653803515,0.15724407854781025,0.1096218175508276,-0.25683437286109534,0.4124454127423289,0.19728533832049588,0.2564950401511573,0.018144659847878688,-0.03497633347150859,-0.28468664745066663,-0.2146067307414227,-0.48305746483761197,-0.0037808604783434395,0.17035080446916603,-0.04292751583391977,-0.06947644433304734,-0.06723993329027407,-0.30333066622964727,0.25288191800102183,0.23640500130141806,-0.01733103255473186,-0.165792949206135,-0.012487829331071116,-0.29739234380573204,0.14504352520412983,0.03701618578465869,-0.19016320746531962,0.0002757078268246363,-0.1958393182497373,-0.3934736294139763,-0.09808836146645715,-0.14157307703430924,-0.06026047641541265,-0.19187915128261981,0.08786981963309651,0.1388892637829813,,-0.07717698321652705,-0.026982734520355142,0.17618115739446463,0.27161462601100905,0.10934032564371994,0.18236626724378935,0.17824414602874689,0.017018692219448007,0.3333423307915514,0.28149383513443166,0.46412038599095756,0.32106465637743054,0.5689124965054515,0.4075713610904919,0.6365014026394686,0.48598806551434937,0.6673382626550857,0.3637434567591798,0.650707103814601,0.372037827885051,0.6130565972255695,0.6049974453645417,0.5870359480589591,0.5108094820356106,-0.07810629211533456,-0.20463883238699354,-0.09331842325971484,-0.07615127297966896
