,#10,#11,#12,#13,#17,#18,#26,#49,#50,#51,#52,#53,#54,#58,#101,#102,#201,#202,#301,#302,#401,#402,#501,#502,#601,#602,#701,#702,#801,#802,#901,#902,#1001,#1002,#1101,#1102,#1201,#1202,#1301,#1302,#1401,#1402,#1501,#1502,#1601,#1602,#1701,#1702,#1801,#1802,#1901,#1902,#2001,#2002,#2101,#2102,#2201,#2202,#2301,#2302,#2401,#2402,#2501,#2502,#2601,#2602,#2701,#2702,#2801,#2802,#2901,#2902,#3001,#3002,#3101,#3102,#3201,#3202,#3301,#3302,#3401,#3402,#3455,#3501,#3502,#3601,#3602,#3701,#3702,#3801,#3802,#3901,#3902,#4001,#4002,#4101,#4102,#4201,#4202,#4301,#4302,#4401,#4402,#4501,#4502,#4601,#4602,#4701,#4702,#4801,#4802
#10,1.0,0.23940115488802985,0.41490557488937946,0.38332064049049,-0.0759546142500458,0.04202519930976642,-0.014145932345540957,0.4275341501740044,-0.06383889408384988,0.2763537157895752,0.266890960446531,-0.06916796005128552,-0.15687389740969604,-0.10342899559445885,0.0530072397404876,0.27844782127958845,0.13579670885831896,0.20448459024611262,-0.16706930292192457,-0.18499609574580894,0.024912033779028852,0.010151060896725246,-0.014909430942901487,-0.01960224807920334,0.00787213326520972,0.04035167208120849,-0.12988537880905787,-0.1929434220546981,-0.0030327860950709997,0.17434567591798175,0.13528770979341193,0.26052847213519326,-0.14278387784022442,0.015387581579632326,-0.024144679128146298,-0.009001956947162427,-0.26062872952676586,-0.26765831509741356,-0.09328371877801664,0.0755343044161453,,0.03627967956195232,-0.08999450512373111,-0.2599307838392797,0.23293455313159747,-0.18533928450926898,0.028274512450232808,0.13650622270637117,0.028093277934697732,0.00721660416646583,-0.261168577019849,-0.1177079617865096,0.163101423847763,0.12091619831683263,0.21399361823142105,0.08200861827962172,-0.13322857721265172,-0.15282118515805,0.0003991015395293687,0.3059951992133651,-0.2581801355402813,-0.24133689375608533,-0.06725921355788418,0.07763970963916979,-0.19029816933859042,-0.1584124627649832,-0.18678144852650555,-0.0055237966702977835,0.19644086259917287,-0.05033885070324776,0.09632228895337067,0.11763469676959117,-0.07697261237985983,0.18313747794819393,-0.06663067683379445,0.010644635747544175,-0.0008965324438703209,-0.03592492263792622,-0.19112722084582534,-0.10808325219554048,-0.13225299567157991,-0.14566820587469753,,-0.10246883826747515,0.006857991188917703,-0.2726711846760433,-0.1321296019588752,,0.2571814176780774,0.33554413735262645,0.038635728263908306,0.09586341858424995,0.3200813627293147,-0.14320804372764695,0.08343921413629221,-0.1206578427308571,-0.12857046455804808,0.3170350804469166,0.33764568652212895,0.10767065446868403,-0.03784138123837159,0.03968843087542055,0.18213104797894594,0.07035948058959059,0.4224248792573241,0.23664407661978348,0.2758524288317122,-0.25534593620159446,-0.18381614336806995,-0.37259309959222237,-0.08191607299509317
#11,0.23940115488802985,1.0,0.288126247192311,0.2685606316215669,-0.1911040845246932,0.02506627591990977,0.13720802444737934,0.21114785073216816,0.34572411865076685,0.2656801596406158,0.22232269383899048,-0.07797133024206376,-0.2848717380197237,-0.24672765657987333,0.10832618356742792,-0.025039307683494886,0.08209730751062824,0.15437903078094725,-0.2682752836609372,-0.1818842605535365,0.26274570291035637,0.17963618135019713,-0.08805876625567563,-0.06843916593562319,-0.030669121687409023,0.06611782171536541,-0.21435223120896918,-0.32353253063152515,0.13809106070392257,0.026064993782113695,0.054245032921056945,0.24045000144602008,0.026654969970983197,0.15547414998120174,-0.22077641637665932,-0.05311520923910424,-0.37776406736525503,-0.18154492784359846,-0.15031860642225714,0.01875777235788033,,-0.08780426672322211,-0.0751641232780311,-0.263520769668283,0.2310527990128503,-0.2727097452112635,-0.06344943267812557,0.06322192552032622,-0.051183326424570776,-0.17261045183307144,-0.16868113329413012,-0.13457048383831569,0.19120434191626579,0.013120222108682869,0.06267436592019897,-0.11124136003007722,-0.05759594343169483,-0.3338976024987227,-0.21830854212256467,0.20115296000308483,-0.23813636933280635,-0.025370904148149576,-0.28883576104036324,0.3033075299085151,0.0869250865202009,-0.22297436688421235,-0.1969344374499918,0.4739456103650719,0.02167680487405165,0.008342571794896513,0.32743871284933435,0.5449664041336894,0.3363654767528173,0.20259898007384342,-0.05101751612312379,0.07426180675387774,-0.029307934794134943,0.044720580721660415,-0.14283786258953274,-0.05109849324708627,-0.2939450319570436,-0.20015809819440294,,-0.25829581714594196,0.02743389278243182,-0.4424956378394532,0.04888126247192311,,-0.019409445403102195,0.017342600715297928,-0.13566174698504815,-0.07670654468684025,0.29901574233850364,-0.4091677672486094,-0.021248782933107113,-0.06792631081719415,-0.04390695342851359,0.22179055845295131,0.12370026895973316,0.19924806956320554,-0.013544387996105385,0.15671965526881512,0.2419191578379108,0.1330550548041607,0.16849604272507301,0.21810802733941947,0.2494847348481197,0.026732091041423656,0.16372996057185274,0.00017930648877406417,0.06989289811342582
#12,0.41490557488937946,0.288126247192311,1.0,0.342708684796545,-0.016764192686994497,0.10013592588665131,0.14119132773562898,0.24355026847772648,0.3097008666480291,0.3846471229020659,0.3242304763190113,0.0552321826226948,0.04725400788562945,0.032319512594834815,0.003175460075385846,0.22589361716495815,0.4010854790664494,0.6238535470872336,-0.3200505143011385,-0.18528144370643865,0.1514445740506878,0.13841111314625046,0.390222976294911,-0.08634282243837545,0.4707026693530506,0.3399323262606885,0.01318963107207928,-0.020196080321594864,0.012819449933965084,0.004806570715201527,0.060958422102898785,0.15173377806483954,0.2716763228673614,-0.09193795609883065,-0.1397800121465686,-0.17919659124868653,-0.24319936760722238,-0.2162918261305467,-0.007420975003133043,0.09872846635111296,,-0.08431068223226938,-0.20966327012618935,-0.2947393789825803,0.0736988229396624,-0.16467469368474835,0.08500862791975553,0.29899260601737154,-0.3276662200071337,-0.188038521974685,-0.41227574638735986,0.08211273172471634,0.09665005350274262,0.22599365679195627,0.15269393539182324,0.14316562713890468,-0.13927101308166157,-0.2816480772753126,-0.12034935844909528,0.11318481100517676,-0.11220537341058294,-0.191740333355827,-0.2113059489265711,-0.09975032053444902,0.03337221520634706,-0.19558096266376176,-0.03306758697810726,0.12365014026394687,0.011327157220942227,-0.10548812817521908,0.18823518070430817,0.3057291315203455,0.045692306209210186,-0.03297118564005668,-0.08887624960234448,-0.06502655856863293,0.20787406129197072,0.1162927901439272,-0.12017197998708222,-0.04337867409599645,-0.18533928450926898,0.0050263657659568315,,-0.08377854684623022,-0.1631708328111594,-0.3860622945446483,-0.17396392661930146,,-0.08369756972226775,0.1343429766805163,-0.02808556582765369,0.12078894855060589,0.23525204129833321,-0.33294515727878304,-0.019594535972159294,0.27606836782894545,0.1278686628170399,0.5649407613777679,0.5818649802859264,0.218196716570426,0.19683803611194123,0.2499783096989386,0.333616110591615,0.06359596271196244,0.47123094868556775,0.4495252234101009,0.3674144197121456,0.02148400219795051,0.04893524722123143,-0.39830140842354894,-0.33242073399978794
#13,0.38332064049049,0.2685606316215669,0.342708684796545,1.0,0.0432012956339834,0.1975552620670375,-0.059562530727926506,0.35330511987506386,0.343722826872837,0.45094039505268335,0.2874090212372148,-0.08056645426238516,0.02357398320688691,0.07207928046041279,0.08019241707074894,0.18824693033752138,0.25359143184907407,0.12895606991025035,-0.009163911195087387,-0.16491376900311377,0.07531450936539,-0.09791869511148815,-0.16672997021198654,-0.35096063933367394,-0.040532906596743565,0.038759121976613034,-0.12475682762476743,-0.14083271475808085,-0.14019260987342505,0.04566531383455602,0.2217712781853412,0.23326231768096942,0.3206906191857943,0.06504583883624304,0.044300270887759924,0.023512286350534546,-0.03281308744565375,-0.10339814716628266,-0.24536261363307724,0.01115749086597322,,0.21429824645966086,-0.041462215495551076,-0.1737518436755902,0.1073467459728341,-0.3217163294226524,-0.23507466283632017,-0.023874755381604697,-0.12380438240482777,0.024484011838084314,0.006279583160614269,0.15637646650535508,-0.025324631505885303,0.013378577694658401,-0.04853421765494105,-0.13268487366604648,-0.12833524529320467,-0.38212911995218496,0.33074335071770794,-0.043644741789016034,-0.054842721216970494,-0.016818177436302817,-0.1976747997262202,-0.050535509432870926,0.030287372388728754,0.00787213326520972,0.1279534959945244,0.09827730808903627,0.05328101954055122,-0.1790693414824598,0.17852563793585455,0.07514484301042099,0.24094743235036103,0.14229415904292753,-0.06802656820876674,-0.10128502983621412,0.05999826477591509,-0.07185177330261344,-0.14521319155909884,-0.26009659414072667,-0.09448680747688779,-0.15364252455824087,,0.0026548928499127568,-0.1982840561826998,0.08876442405020582,0.12791493545930419,,0.11501643642813762,0.03619099033094579,0.21255531026770652,0.03688122391138789,0.30832811159418894,0.2301080658999547,0.2534603260293253,-0.08581068705233628,-0.1323301167420204,0.25577781419606105,0.08879141642485998,0.08813203127259406,0.17327369303885937,0.17134952233136996,0.15821966008888202,0.055594651653764954,0.28214550817965356,0.23972506338387978,0.14940857779105973,-0.0910703440563755,-0.11172336672033008,0.08178882322886642,0.12902933492716878
#17,-0.0759546142500458,-0.1911040845246932,-0.016764192686994497,0.0432012956339834,1.0,0.32931275486103745,0.10185958181099554,-0.08074383272439821,-0.0318953467074123,0.1713919389201122,0.07153172086028554,0.16912843550268478,0.13911291488725863,0.20149229271302285,0.03346861654439764,-0.15879436514362996,0.28623678096651983,-0.09309477215543752,0.10617836175566117,0.1938650188464616,0.04069486084466852,0.234542527450281,0.11035832377353398,-0.10423105472703961,-0.17786239673006662,-0.227632479538816,-0.10143927197709504,0.10821435801528925,-0.21280980980016004,0.361576354679803,0.01825262934649533,0.04651750166292308,-0.017550827605487165,-0.14664764346929135,0.2412289242574687,0.15611811091937955,0.337826921037664,-0.13256147995334175,0.1724832020668447,0.031332362893196956,,0.2725709272844707,0.3183846991796246,0.06378105328101955,0.2520451543867429,0.04199435088159024,-0.13557305775404163,-0.16708858318953468,-0.1684767624574629,0.26674443041269413,0.585674761165685,0.5092323561451033,0.17586881705918078,0.23792043033557306,0.0882708491993869,0.09991227478237398,-0.2313728514551782,-0.17082895510589688,0.20632778382963957,0.035855513674529806,-0.038134441306045326,-0.12901776676660273,-0.1026616409435763,-0.14568748614230764,0.09119373776908024,0.05529387947904717,0.09830815651721246,0.23274946256254037,-0.12662701358294853,-0.1085266983505731,-0.11729536405965314,-0.054422411383069996,-0.006780870118477244,0.24012223689664813,-0.33396315540859706,0.044504641724427134,-0.2809154271061282,-0.22693453385132986,0.13328641801548205,-0.06431704472058072,0.02003027002014788,0.29338590419635024,,-0.027453173050041933,-0.3926792823884396,0.09332999142028091,-0.04348664359461309,,0.3889234862579893,-0.0035494972670220663,0.5367992827740449,0.1640924296029229,0.05301495184753165,0.3155504998409378,0.1284432147918213,-0.00039524548600734577,-0.1655962904765118,-0.1218030906268979,-0.1621374104672573,-0.08839424291209162,0.07644818910086472,-0.013956985722961834,0.1820037982127192,-0.20165039090742579,-0.13761291006719173,-0.3367780744796738,-0.1687235498828724,-0.17579555204226235,-0.14299981683745772,-0.07517569143859716,-0.11422980150964496
#18,0.04202519930976642,0.02506627591990977,0.10013592588665131,0.1975552620670375,0.32931275486103745,1.0,0.0046561846278426345,0.07273480955915668,0.0591075164123278,0.12103959202953737,0.03758302565239605,0.14374403516720813,0.1304637868373613,0.1975089894247732,0.26152718999739716,-0.025824015331695583,0.35900436698061367,-0.03493777293628836,0.21241263628739168,-0.1532414949919505,0.1130421370248619,-0.3320042802194094,-0.12107044045771355,-0.3404721737537717,-0.03850847849768155,-0.3081545891856979,0.042029055363288444,-0.2815979485795263,0.029446752720927765,-0.27923033171700423,0.39348905362806436,-0.10202924816596454,0.2748652791300743,-0.14963608494885908,0.44497893630763596,-0.07134277423770642,0.5213673565789093,0.004019935796708858,0.3226996230707682,-0.22283554895741953,,0.09895211745539029,0.3953978001214657,0.15103197632383136,0.19748199705011907,-0.11512054987323224,-0.14482373015337452,-0.3867293918039582,-0.08785825147253044,0.16900889784350207,0.12289049772010835,0.057572807110562695,-0.17741509452151197,-0.18197680583806503,0.0814996192147147,-0.30834739186179905,0.15296385913836483,-0.45555994717206677,0.12472597919659124,-0.13787897776021132,-0.04124242044479577,0.06751756914385972,-0.1698572296183471,0.03505731059547106,-0.19205652974463286,-0.16223381180530785,0.38205971098878855,0.36993627871554857,0.11846374827682608,0.08357031995604099,0.1066218079106938,0.054996963357851404,0.12013727550538401,0.20623909459863302,-0.037224412674847926,-0.08967830873492524,0.02460354949726702,-0.1491000935092979,0.2470438529686792,-0.012198625316919398,0.2988769244117108,0.16412327803109908,,0.2530245919813367,0.03310614751332749,0.25312870542643134,0.1603520576865607,,0.17192407430615136,0.38409570724841663,0.45982088631390206,0.33350814109299837,0.24796159370692064,0.11450358130970859,0.28737046070199457,0.09978888106966925,-0.3765995392016041,-0.20932393741625133,-0.31660320245245005,-0.17891124328805683,0.2279371077670558,0.184498664841468,-0.07833765532665593,-0.06808440901159708,0.05942371280113368,-0.213311096758023,0.0008116992663858174,0.07780166388709475,-0.0284248985375917,-0.0317102561383552,-0.18044595258982193
#26,-0.014145932345540957,0.13720802444737934,0.14119132773562898,-0.059562530727926506,0.10185958181099554,0.0046561846278426345,1.0,0.11147272324139859,-0.04925915571708135,0.41509066545843654,0.1962403478160277,-0.20475837004617625,0.2968679205267369,0.4963955539702891,0.005319425833630571,-0.15679885552228423,0.40283998341896987,0.16895876914771576,0.062103669998939584,0.132430374133593,-0.1960089846047063,0.10372591171565461,0.05090954662450715,0.2955183017940289,0.1413147214483337,0.4351382877194335,0.12596377237716058,0.3029142124492688,-0.0496717534439378,-0.0014209557228654333,-0.2764346929135376,-0.07979524355798058,-0.2541505596097674,-0.37712781853412125,-0.14395611811091938,-0.15200370181138115,0.0511871824780928,-0.172533330762631,-0.06636460914077487,0.12388535952879026,,0.007413262896088998,-0.008277018885022124,0.10806011587440834,-0.030322076870426963,0.340017159438173,0.03525011327157221,0.3174669584413832,-0.25679581232587506,0.07248802213374722,0.011593224913961806,0.13631727608379204,-0.056867149316032505,0.04374885523411065,-0.201179952377739,0.15511939305717565,-0.29042445509143666,0.21176481929569183,-0.23805924826236588,0.004393972988345078,-0.04012802097693116,-0.18610663916015155,0.2943961902191202,-0.07160112982368196,0.24881378153528771,0.25309785699825516,0.019887596039833033,0.48329654015597734,-0.12665014990408066,-0.046405676110784416,-0.18981230659481554,-0.30189235826593275,0.03626811140138625,0.1088621750069891,-0.11984807149123229,-0.2481196919013236,-0.2622367038454494,-0.37723964408625993,0.3584683755410525,-0.015275756027493662,-0.15523893071635833,0.06264737354554481,,-0.1613314952811545,-0.3989376572546827,-0.15710526062101743,-0.5249611984614346,,0.20379821271919255,-0.11396373381662538,0.017554683659009186,-0.08132224075270164,-0.04497893630763595,-0.09154849469310634,-0.2438587527594883,0.3791599587402273,0.29841034193554605,0.029072715529291547,0.2080552958075058,0.07160498587720397,0.09604850915330705,0.23572247982802003,0.08510117320428408,0.08392122082654507,0.24808113136610335,0.13866561267870398,0.19057966124569808,-0.09432485322896282,0.17727627659471915,-0.22848081131366105,-0.37990803312349974
#49,0.4275341501740044,0.21114785073216816,0.24355026847772648,0.35330511987506386,-0.08074383272439821,0.07273480955915668,0.11147272324139859,1.0,-0.0879006680612727,0.4625239798328401,0.22915562068001505,-0.36567148352019124,-0.09955366180482585,-0.021888887817762912,-0.1624111902673209,0.21403238509682382,0.06919495242593968,0.1441797692151967,-0.2591171565461329,-0.26633954479288174,0.033063730924585234,-0.17364387417697358,-0.11525551174650304,-0.24540503022181948,0.13636740477957834,0.06948801249361342,-0.29618539905333885,-0.22395380447880617,-0.16657958412462764,0.1913431598430586,0.25154001137535786,0.29994119518378914,-0.11788148419500062,0.23291912891750938,-0.19167092439243058,-0.14858338233734683,-0.20150771692711095,-0.10771307105742628,0.08713716946391216,0.25130864816403653,,0.20365939479239972,-0.12167969691419317,-0.17879556168239616,0.007043081757974801,-0.17010401704375658,-0.17401019926156575,-0.17911561412472404,0.05115633404991661,-0.10524905285685365,-0.1045164026876693,-0.010868286851821504,-0.09136340412404924,-0.1269740583999306,0.11533648887046552,-0.25764800015424216,0.05593398436370297,-0.15476463613314953,0.028579140678472618,0.11492389114360907,-0.07750860381942101,0.09404721737537718,-0.11363596926725343,-0.12042647951953574,-0.3016532829475673,-0.10034415277684054,-0.10757425313063346,-0.03925269682743197,-0.02466524635361939,-0.09905237484696287,0.11810127924575593,0.08179653533591046,0.14377488359538432,0.18214647219303404,0.14406794366305806,-0.029003306565895136,0.1084765696547868,0.16789064232211542,-0.0833196764771095,-0.20718382771152863,0.19384188252532944,-0.2558549352665015,,0.28009408770593736,-0.04661004694745163,0.0785690185379773,-0.05879517607704395,,0.08618086819045048,0.36369718411691554,-0.05083628160758871,-0.07149316032506531,-0.04318972747341733,-0.012541814080379436,0.14080957843694872,-0.13537639902441845,-0.20602315560139975,0.24736776146452913,0.20462726422642746,0.13596251915976593,-0.018526409146558953,0.22293966240251414,-0.03533880250257874,-0.13763219033480184,0.3759632903704703,0.09784928614809174,0.27367375859176923,0.04209075221964081,0.14960523652068292,-0.06484918010661989,0.135295421900456
#50,-0.06383889408384988,0.34572411865076685,0.3097008666480291,0.343722826872837,-0.0318953467074123,0.0591075164123278,-0.04925915571708135,-0.0879006680612727,1.0,0.3437421071404471,0.2018354814764829,0.24835105511264496,0.141700326800536,0.2206568787174766,0.19265807409406843,0.07285634547962615,0.27889485506058825,0.14949726702206625,0.0274300367289098,-0.02989405492948242,0.1705474631987892,-0.18553208718537012,0.050782296858280396,-0.17817088101182846,0.05023088120463112,0.02029633771316746,0.11613854800304628,-0.003653610712116684,0.021264207147195204,-0.16762457462909586,-0.07167053878707837,0.12224653678193054,0.23842171729343603,0.155015279612081,-0.14495869202664532,-0.0009042445509143667,-0.06450984739668186,0.05313448950671435,-0.46883248339486955,-0.015198634957053203,,-0.03950334030636345,-0.16787521810802733,0.010070083772762766,-0.12592521184194036,-0.23644356183663828,-0.11554857181417678,0.10746242757849479,-0.3030337501084515,-0.28204910684160295,-0.25687293339631556,0.03776426016793113,-0.23678675060009832,-0.005913258076022095,-0.1596155514638543,-0.12986609854144776,-0.14939700963049368,-0.287617248127404,-0.16597032766814804,-0.1865385171546181,0.2261324747187491,0.07528366093721381,0.010941551868739938,-0.09062689790134287,0.25006699892994516,0.10377604041144091,0.29148101375647095,0.2555001783424754,0.18339968958769148,0.15889446945523603,0.6572199782132976,0.4941012021246855,0.20737277433410775,0.05916535721515814,0.004413253255955193,0.1197285338320496,0.29138461241842034,0.01271919254239249,0.06664995710140456,0.012217905584529513,-0.0681229695468173,0.18481100517675186,,-0.1677364001812345,-0.0815150434288028,-0.16834951269123616,-0.0056934630252667906,,-0.2299731040266839,-0.034617720493960454,-0.06835047670461666,-0.015815603520576867,-0.048002082268901895,-0.22349107805616342,-0.12147918213104798,0.3348114871834421,-0.009996818755844331,0.17623899819729497,-0.025849054784880414,0.08197776985144554,0.15549728630233386,0.017936432957689454,0.26028939681682783,0.16133920738819854,-0.017685789478757964,0.0822091330627669,0.1098223323339728,0.2765272381980662,0.009040517482382656,0.041971214560458096,-0.1315434818235277
#51,0.2763537157895752,0.2656801596406158,0.3846471229020659,0.45094039505268335,0.1713919389201122,0.12103959202953737,0.41509066545843654,0.4625239798328401,0.3437421071404471,1.0,0.576755709369246,-0.18791127220845824,0.01961381623976941,0.434536743369998,-0.12619127953495995,-0.13314965647356256,0.5649793219129882,0.16607829716676467,-0.23793971060318317,-0.31274714893042715,0.10437758476087648,-0.04382983235807313,-0.025926175855320872,-0.33752614886294624,0.14683659009187047,0.16904360232520027,-0.037567601438307965,-0.06090829340711249,-0.09681971985771162,0.0955202298207899,0.07060626801500004,0.30101703411643355,0.12582109839684574,0.10030559224162032,-0.13854607501952126,-0.09225415248763653,0.042676872354988286,-0.1805693463025267,0.0038001407459535537,0.28424320129563396,,0.19996143946477976,-0.19017091957236368,-0.10708839038685856,0.000827123480473909,-0.16235720551801258,-0.06437102946988904,0.129233705763836,-0.23632788023097762,0.06339930398233927,0.03749433642138953,0.3148795465281058,-0.11552157943952263,-0.03136321132137314,-0.08044306054968042,-0.07377980006362489,-0.08828627341347497,-0.3836214126652078,0.09352279409638206,0.006919688045270068,-0.10652540657264323,-0.0743890565201045,-0.09027599703083879,-0.048333702871795864,0.12223882467488649,-0.01875006025083628,0.028752663086963646,0.34264313188667056,-0.1532414949919505,-0.1968997329682936,0.07465126815960206,0.007960822496216248,0.23198982001870186,0.21830468606904263,-0.012009678694340277,-0.018915870552283266,0.012441556688806841,0.01826805356058342,0.17257960340489525,-0.34073824144679127,-0.026816924218908158,-0.01982975523700269,,-0.055675628777727436,-0.39070883903868586,-0.10629018730779984,-0.15016436428137622,,0.10383002516074923,0.19400383677325442,0.16769783964601429,-0.010937695815217915,0.21230466678877502,-0.04828743022953159,0.13426199955655385,0.1189727473417331,-0.1513751650872914,0.33000298844147957,0.23726490123682917,0.27381257651856206,0.3730635381219091,0.44530284480348586,0.2740208034087513,0.23450396691506079,0.3814003258365226,0.22822631178120753,0.27515062709070404,-0.036472482238053466,0.053697473320929695,-0.08763845642177513,-0.03794935073698823
#52,0.266890960446531,0.22232269383899048,0.3242304763190113,0.2874090212372148,0.07153172086028554,0.03758302565239605,0.1962403478160277,0.22915562068001505,0.2018354814764829,0.576755709369246,1.0,-0.12220026413966625,-0.1361591778893891,0.15912583266655742,-0.12905632730182295,0.016980148053325594,0.2664359461309323,0.2043149238911436,-0.2487597967859794,-0.07858829880558742,-0.03652646698736178,0.03399689587691477,-0.09510763209393347,-0.2178265354323118,0.03900205334850048,-0.01835674279158995,-0.10469378114968236,0.02293002226870909,0.11272979668957805,0.18250508517058217,0.05184656763035871,0.38650188464615887,0.03767171488340258,0.046775857248898614,-0.34000559127760693,0.20570310315907184,-0.10600483934717014,-0.024098406485882025,-0.0457617151726066,0.021117677113358335,,0.001833553449721882,-0.06792245476367212,-0.12274396768627148,0.08233252677547165,-0.011180627187105358,0.1525358371974203,0.19817608668408318,-0.13754350110379532,0.12828511659741837,0.15249727666220006,0.25634079801027637,0.21491907107670655,0.10933646959019791,0.10227989164489604,-0.011342581435030318,-0.0597977499927699,-0.1060318317218243,0.13938669468732226,-0.008797586110495213,-0.0671589561663116,-0.019463430152410515,-0.15712068483510552,0.22504121157201662,0.11788148419500062,0.011971118159120048,0.2626300213046957,0.3815854164055797,0.04222185803938959,0.04497893630763595,0.06267050986667695,0.07195974280123008,0.11167323802454378,0.12671184676043304,-0.006364416338098772,0.07689163525589736,0.05512421312407816,-0.002782142616139512,-0.003996799475576721,-0.09671175035909499,-0.21638051536155323,-0.12220026413966625,,-0.23257594015404934,-0.29956715799215294,-0.10329403372118805,-0.05181957525570455,,0.07670654468684025,-0.07728495271514368,-0.037498192474911554,-0.04287738713813348,0.2529898874996385,-0.016926146934919457,0.06754456151851387,-0.03946863582466525,-0.02524365438192282,0.27835115151398304,0.19055266887104394,0.3607935758148323,0.2633048306710497,0.12357301919350641,0.3685635236617084,0.22253477678270175,0.06876693048499513,0.20667868470014364,0.02656628073997667,-0.02284133303770256,0.10218734636036748,-0.03562029440968641,-0.07234149209991035
#53,-0.06916796005128552,-0.07797133024206376,0.0552321826226948,-0.08056645426238516,0.16912843550268478,0.14374403516720813,-0.20475837004617625,-0.36567148352019124,0.24835105511264496,-0.18791127220845824,-0.12220026413966625,1.0,-0.007332285772126517,0.06481061957139965,0.3069052278445625,0.14171395960208216,-0.0009582293002226871,-0.08136851339496592,0.16012455052876134,0.1061667935950951,-0.1883431502029248,-0.11336604552071183,0.07938650188464616,0.09145209335505577,-0.20681750262693646,-0.2541891201449876,-0.17310017063036834,-0.024379898392989693,0.0602527643083686,-0.013810455689124965,0.1810937695815218,-0.08732226003296925,0.39236308599963365,0.10906268979013428,0.3301418063682724,0.21319927120588433,0.18119017091957237,0.1968804527006835,-0.12427867698803659,-0.019733353898952116,,0.10896628845208371,0.10331717004232019,0.10175546836590092,0.23779703662286833,-0.1503108943152131,-0.2951442646023927,-0.16028264872316428,-0.20986378490933455,-0.13205248088843474,-0.11617710853826652,0.022779636181350198,-0.01891972660580529,0.08782740304435425,-0.035099727184213315,0.06430162050649263,-0.24150270405753232,-0.13419259059315744,0.07616284114023503,0.030753954864893525,0.239597813617653,-0.16299345434914636,-0.17787782094415472,-0.03061128088457868,-0.2036054100430914,0.05406379840552187,0.19054110071047786,-0.12726711846760433,0.2831866426305997,0.08886853749530044,0.19882775972930505,0.04736968949129014,-0.2983833495608919,-0.19143570512758717,-0.007154907310113465,-0.07380679243827905,0.16525310171305177,-0.23776233214117012,-0.06572450425611907,0.03900205334850048,-0.0692335129611599,0.18756808344499823,,-0.083404509654594,0.3652049010440265,0.14878004106697001,0.04897766380997368,,-0.08100990041741779,0.09057676920555657,0.16588549449066353,0.3283178930523556,-0.0654777168307096,0.13399593186353426,0.06671165395775694,-0.03905989415133082,-0.02498915484946931,-0.14016561749877088,-0.09316032506531191,0.046139608417764835,-0.036842663376167664,-0.15393944067943663,0.03938380264718074,0.09457549670789431,-0.05943528096169975,0.07709215003904255,-0.056643498211755176,-0.017007124058881936,-0.3931420088110823,0.018044402456306095,-0.1879999614394648
#54,-0.15687389740969604,-0.2848717380197237,0.04725400788562945,0.02357398320688691,0.13911291488725863,0.1304637868373613,0.2968679205267369,-0.09955366180482585,0.141700326800536,0.01961381623976941,-0.1361591778893891,-0.007332285772126517,1.0,0.5581888116607059,0.16853074720677122,0.03514024962188171,0.37425891471373623,0.04503292105694427,0.528223419741066,0.1186025662036189,-0.08525155929164296,-0.1641309901381431,0.28821108036979554,0.018564969681779182,0.19021333616110592,0.15128261980276286,0.37639131231141487,0.30216228201247436,0.0849700673845353,-0.20816712135964446,-0.22024813704414217,-0.18714777361109772,0.04204447957737653,-0.3344914347411142,0.23067104971417005,-0.021291199521849363,0.4873839568893216,0.04973730635381219,0.007131770988981327,0.18506164865568334,,0.06131703508044692,0.19577762139338495,0.45923091012503253,-0.01950970279467479,0.14606152333394387,-0.011967262105598026,-0.023523854511100614,-0.13115016436428137,0.163436900504179,-0.004702457270106909,0.10502154569905431,-0.32416492340913694,-0.014874726461203282,-0.22510676448189101,0.11367067374895164,-0.06882477128782548,0.03960359769793605,-0.014253901844157597,-0.07259213557884184,0.020026413966625856,-0.08498549159862338,0.43370383580924105,-0.29659028467315124,0.1798289840262983,0.297218821397241,0.32368291671888405,-0.02099042734713158,0.07923225974376524,0.03626811140138625,-0.014053387061012407,-0.3322549236983409,-0.2047699382067423,0.018368310952156016,-0.06365380351479279,-0.06528491415460846,-0.09933386675407055,-0.4213837448063779,0.33520866069621047,0.15912583266655742,-0.10902798530843608,0.6012185129129592,,-0.08439165935623187,-0.3260158290997079,0.05620390811024457,-0.24932278060019472,,0.1736824347121938,-0.039661438500766394,0.02891847338841063,0.010721756817984634,-0.16334049916612842,0.14982117551791618,-0.0792592521184194,0.39370884867881967,0.04685297831933907,-0.031143416270617837,0.060245052201324555,-0.22715047284856313,0.184834141497884,-0.08837496264448151,0.05500081941137343,0.011277028525155929,0.09175286552977355,-0.11131076899347363,0.01704182854058014,-0.1941195183789151,0.00046079839588173484,-0.25581637473128127,-0.24012609295017015
#58,-0.10342899559445885,-0.24672765657987333,0.032319512594834815,0.07207928046041279,0.20149229271302285,0.1975089894247732,0.4963955539702891,-0.021888887817762912,0.2206568787174766,0.434536743369998,0.15912583266655742,0.06481061957139965,0.5581888116607059,1.0,0.11896503523468906,0.034544488778407476,0.4167294882052963,0.04082982271793933,0.39021526418786695,0.09980044923023532,-0.45584915118621844,-0.33599915166822514,0.11214367655423058,-0.04693781149682358,0.15693945031957043,0.24599500641068897,0.22585869491868546,0.42634648568922134,0.04738511370537823,-0.045962229955751784,-0.004579063557402177,-0.10261151224779,0.12371183712029923,-0.1545911137246585,0.11152670799070691,-0.0046561846278426345,0.5486797836753974,0.18867091475229678,-0.0776242854250817,0.27682029826573995,,0.38297745172702996,-0.0728890517000376,0.3049810571370731,-0.15197670943672698,0.30934610972400295,-0.27827403044354254,-0.0005070710381460095,-0.37124733691303635,0.010741037085594748,0.08992895221385673,0.2092853768810311,-0.35118043438442925,-0.12933010710188658,-0.36068175026269367,-0.0379609188975543,-0.3385788514744585,0.019162657977692732,-0.02253284875594073,-0.12280566454262386,0.13195607955038416,-0.24676236106157154,0.3242497565866214,-0.3548822457655712,0.27200794347025536,0.48036593947923995,0.4230341357138037,0.1647209663270126,0.18349223487222002,0.14463863958431744,-0.0681885224566917,-0.4275187259599163,-0.03501489400672882,0.20841390878505395,0.04759719664908949,-0.08786596357957449,0.04116915542787734,-0.4184030154338542,0.42879122362218386,-0.1658970626512296,-0.0441113242651808,0.2697984248021362,,-0.055166629712820416,-0.4098849932037057,0.08485438577887461,-0.4377873964890633,,0.2787868855619716,0.013822023849691034,0.16362584712675812,0.1223429381199811,-0.14519005523796671,0.11949717062072822,-0.03250074711036989,0.4371241552832753,0.11018480136504295,-0.22005919042156305,0.15323763893842846,0.07046745008820722,0.32628960889977154,0.10695728456710979,-0.019987853431405626,0.052629346495329354,0.05843656309949582,0.03722826872836995,0.0320303085806831,-0.05840957072484166,0.0860304821030916,-0.24402456306093528,-0.3394618877310017
#101,0.0530072397404876,0.10832618356742792,0.003175460075385846,0.08019241707074894,0.03346861654439764,0.26152718999739716,0.005319425833630571,-0.1624111902673209,0.19265807409406843,-0.12619127953495995,-0.12905632730182295,0.3069052278445625,0.16853074720677122,0.11896503523468906,1.0,0.10774980743819168,0.04868845979582197,0.06473735455448122,0.5129650159544215,0.08558317989453694,-0.08080167352722856,-0.32662894160970957,0.00032583652261093383,0.19428532868036208,0.07823739793508334,-0.03862801615686426,0.17965546161780727,-0.00386183760230592,0.11205498732322404,-0.2941069862049685,0.021040556042917876,-0.3591431849074065,0.11126064029768733,-0.21969286533697088,0.22137024861905083,-0.02922695767017246,0.3220556621325904,0.2632199974935652,-0.3156854617142086,-0.053978965228037364,,0.19758611049521368,0.17071327350023618,0.3135106475277877,0.047284856313805634,-0.02618838749481843,-0.20217481418642091,-0.34799533417523837,-0.04040180077699478,0.0030173618809829082,-0.047323416849025864,-0.1171179855976401,-0.42230534159814137,-0.4785882988055874,-0.31004019935796706,-0.45335814061099167,-0.13705378230649842,-0.2077699478468761,-0.2808036015539896,-0.22353349464490568,0.015503263185293012,-0.05104836455129997,0.0936500438626088,0.12553189438269402,-0.1939190035957699,0.0026047641541264593,0.35168172134229225,0.24181504439281618,0.6169165068011144,0.44137738231806656,0.39225897255453906,0.24944617431289948,-0.18615676785593785,-0.11396758987014739,0.1336488870465522,-0.23338571139367414,0.16572354024273858,-0.5165550017834247,0.401860545824376,0.08903434779674742,-0.07220267417311753,-0.06822708299191192,,-0.2073265016918435,0.3756702303027966,-0.08719886632026452,-0.28122005533436806,,0.08870658324737547,-0.1377594401010286,0.27831259097876276,-0.06761397048191028,-0.0610278310662952,-0.30105559465165377,-0.23258365226109337,0.18211176771133583,0.169332806339352,-0.4190199839973779,-0.10408838074672476,-0.3602575843752711,0.07654073438539327,-0.15269779144534526,-0.21289464297764452,-0.0658633221829119,-0.22140880915427105,-0.3166301948271042,-0.08951635448700028,0.0871448815709562,-0.22742425264862676,-0.2576364319936761,-0.22300907136591056
#102,0.27844782127958845,-0.025039307683494886,0.22589361716495815,0.18824693033752138,-0.15879436514362996,-0.025824015331695583,-0.15679885552228423,0.21403238509682382,0.07285634547962615,-0.13314965647356256,0.016980148053325594,0.14171395960208216,0.03514024962188171,0.034544488778407476,0.10774980743819168,1.0,-0.1944860309507338,0.29893890944931073,0.16714272906674793,0.2688635910112699,-0.30162079725925467,-0.15163366685022117,-0.05564097793470232,0.08055110770068014,-0.06576505621652504,0.06609089305324718,-0.23598106290300738,0.1262800905017221,0.13235145262502426,0.09946314043090276,0.39667646426561987,0.08061280461650919,-0.026095867367067323,0.08521115287439286,0.046451993533413595,0.1749107563753489,-0.09550682570336512,0.20543530548177003,-0.15571144738079726,0.055301644897642555,,0.2084372460425771,0.048189147319725206,0.0030636374766361265,0.014855460514462779,0.09202094995902395,-0.31590170524505945,-0.056470030241155135,-0.14473903650632514,-0.3147506721591238,-0.22459798193254815,-0.17869740458435668,0.05849253226317609,0.0032622244244608725,0.048833108878690884,-0.07987436965518027,-0.2968951991124736,0.14257771642368883,-0.08046049035555622,-0.024248815949435218,0.054098555038976134,-0.15534897800030162,0.15566710272254514,-0.2540139145826661,-0.20047834390063002,0.31903475175200324,0.31504566053793137,-0.19408500099784498,0.41345609734250105,0.3474423254340402,0.2644310532146768,0.08045663429831691,-0.24017645317938258,0.26104350692993816,0.10205441089572276,0.12317982048131246,0.2752087331985635,-0.07503501781983939,-0.2531540138182987,0.14776025735332882,-0.13109244993638777,-0.02271410516818767,,-0.04802140882981498,0.1120223188593532,0.04068911598925665,-0.2591135502816608,,0.018615116322795344,0.026558594235785174,-0.07463398786695057,0.06645336243374284,-0.20813454554929084,-0.003086773820072019,-0.19780416820516475,-0.005523801995319385,0.11343941989480162,0.0873300563273967,0.17214789136337938,0.16855983010219636,-0.16932718549282014,-0.05507799357776226,0.035147961736360346,-0.06351504681738447,0.18790759730046164,0.22345466096109112,0.061779821059692513,0.03905993180564587,-0.007407485956724983,-0.32804635752028344,-0.2017874753333776
#201,0.13579670885831896,0.08209730751062824,0.4010854790664494,0.25359143184907407,0.28623678096651983,0.35900436698061367,0.40283998341896987,0.06919495242593968,0.27889485506058825,0.5649793219129882,0.2664359461309323,-0.0009582293002226871,0.37425891471373623,0.4167294882052963,0.04868845979582197,-0.1944860309507338,1.0,0.1410100932200939,-0.05502395573250557,-0.3217201854761744,0.22961063499561374,-0.10668350476704616,0.13411161346919495,-0.3061648655683341,0.2533677807447967,0.059882583170254404,0.33029990456267533,-0.08428754591113724,-0.007575217144013959,-0.21898335148891868,-0.15922609005813002,-0.07338648260437855,0.13261546470265007,-0.3829697396199859,0.10518735600050129,-0.23069418603530217,0.2941224104190566,-0.3804208882419288,0.2461338243374818,-0.014049531007490384,,0.008519950256909567,0.06262423722441267,-0.15186488388458833,0.0005147831451900553,-0.2675349213847088,0.17824414602874689,0.10858068309988142,-0.15672351132233717,0.10788273741239529,-0.03058814456344654,0.3427973740275515,-0.09941484387803302,-0.018912014498761242,0.054912130180366905,0.010829726316601274,0.15121706689288847,-0.4032911416810465,-0.06169492832560516,-0.13311289560699102,-0.2084409011597081,-0.20159640615811747,-0.0382308426440959,-0.14756924026105483,0.2647739870629404,-0.11616168432417842,0.023890179595692788,0.35938611627929395,-0.18714777361109772,-0.2624102262539404,-0.030183258943634137,-0.08047390897785661,0.1625307279265036,0.15846259146076946,0.009175479355653457,0.04171285897448256,-0.07995719780590554,-0.10403439599741644,0.3525339091706593,-0.2894874340855851,-0.12895606991025035,0.316086491280499,,-0.10731975359817994,-0.3090453375492852,-0.16988422199300127,-0.13995353455505963,,0.32202095765089217,0.22192552032622212,0.13442780985800082,0.22528028689038204,0.15036487906452142,-0.08512045347189419,0.08179653533591046,0.3556688806840639,-0.25112741364850144,0.26887682801037277,0.15468365900918704,0.09554336614192205,0.46078875574792977,0.4273066430162051,0.17925443205151687,0.2927689356328266,0.22496409050157617,0.17957448449384478,0.20871468095977172,-0.08958190739687467,0.10253439117734954,-0.2476184049434606,-0.32726519044084335
#202,0.20448459024611262,0.15437903078094725,0.6238535470872336,0.12895606991025035,-0.09309477215543752,-0.03493777293628836,0.16895876914771576,0.1441797692151967,0.14949726702206625,0.16607829716676467,0.2043149238911436,-0.08136851339496592,0.04503292105694427,0.04082982271793933,0.06473735455448122,0.29893890944931073,0.1410100932200939,1.0,-0.193768617508411,0.043135742724109014,-0.11134161742164982,0.1316745876432765,0.5180858550316678,0.10154724147571169,0.5102657784890055,0.42464211003248725,-0.033279669921818515,0.15161424040565682,0.18632643421090686,0.23286128811467904,-0.04993396508343536,0.28009408770593736,-0.06610239750127732,-0.028779655461617808,-0.31348365515313353,0.020088110822978223,-0.19964138702245188,0.006302719481746407,-0.05752653446829842,0.2514898826795716,,-0.1483944357147677,-0.0509519632132494,-0.0021266135173956214,0.135804420965363,0.20160026221163949,0.11594188927342311,0.20897303654574725,-0.2994321961188821,-0.3318461820250065,-0.27517376341183614,-0.07721554375174727,0.09189939556361042,0.26438838171073814,0.12973499272169897,0.2825272574783338,-0.347933637318886,-0.04481312600618897,-0.1817840031619639,0.2440631235961555,-0.17982512797277625,-0.2309679658353658,0.11139945822448015,0.030021304695709176,-0.029099707903945705,-0.052660194923505536,0.1207928046041279,0.22708106388516672,0.18043438442925588,0.22377256996327108,0.11741490171883585,0.1964794231343931,-0.31284740632199975,-0.15283660937213808,-0.22302063952647663,-0.03432080437276469,0.011018672939180395,0.004378548774256987,0.11446502077448835,0.23510551126449636,-0.13645609401058487,-0.10355238930716358,,-0.2688151311540204,-0.08288394242912092,-0.34777553912448306,-0.21008743601361188,,-0.28095013158782645,-0.03044161452960967,0.0024350977991574522,-0.04499436052172404,0.16426980806493593,-0.2759719664908949,-0.018885022124107084,0.343896349281328,0.3957525570454918,0.33078962335997225,0.5985732601968515,0.20304628228239807,0.019332324332661736,0.16986879777891317,0.5017246199377248,0.2205913258076022,0.3736458022037346,0.4048027146616795,0.41296212391427994,0.0038734057628719886,0.30339236308599965,-0.4676988036593948,-0.2094820356106543
