,#10,#11,#12,#13,#17,#18,#26,#49,#50,#51,#52,#53,#54,#58,#101,#102,#201,#202,#301,#302,#401,#402,#501,#502,#601,#602,#701,#702,#801,#802,#901,#902,#1001,#1002,#1101,#1102,#1201,#1202,#1301,#1302,#1401,#1402,#1501,#1502,#1601,#1602,#1701,#1702,#1801,#1802,#1901,#1902,#2001,#2002,#2101,#2102,#2201,#2202,#2301,#2302,#2401,#2402,#2501,#2502,#2601,#2602,#2701,#2702,#2801,#2802,#2901,#2902,#3001,#3002,#3101,#3102,#3201,#3202,#3301,#3302,#3401,#3402,#3455,#3501,#3502,#3601,#3602,#3701,#3702,#3801,#3802,#3901,#3902,#4001,#4002,#4101,#4102,#4201,#4202,#4301,#4302,#4401,#4402,#4501,#4502,#4601,#4602,#4701,#4702,#4801,#4802
#10,1.0,0.4441228924257469,0.46855484754128385,0.4669083126873801,0.05850982811641425,0.2653408269306778,0.25389220402379187,0.7166533311482364,0.18452180116260014,0.6069640326607734,0.547106513838412,0.24907213712126325,0.2851647980873975,-0.04008560438818891,-0.25354130315328777,-0.24764539731811477,0.4334261999556554,0.38814456344654064,-0.33395929935507507,-0.106317179682454,-0.3261739272941108,-0.19809125350659867,-0.05283371733199657,0.18969662498915485,0.10037885725853875,0.03350717707961787,0.1973200428021941,0.38937850057358797,-0.08744950979919601,-0.03694292076774026,0.14122603221732719,0.12319512594834817,0.24371222272565143,0.08685182150328247,-0.33909556264640955,-0.1960244088187944,-0.4394107950218349,-0.034374789122073014,-0.3413860584384911,-0.02653928836532251,-0.3658064453934621,-0.20233291238082385,-0.03845449374837323,-0.27251308648164035,-0.17606161973528192,0.2717303076166697,0.37065350467064484,0.34199531489497076,0.2703652646698736,0.2936095553006276,0.3393037895365988,0.18845497575506348,0.042588183123981764,0.015850308002275073,-0.44829514233657564,-0.23433430056009177,-0.1861529118024158,-0.04081439850385123,-0.23926233696123703,-0.2918781872692393,0.14927747197131097,0.05769620082326743,0.12957689452729604,-0.06588645850404404,0.39894536936172675,0.27432543163699113,0.271105626946102,-0.03734780638755266,-0.16278522745895713,0.032007172259550964,0.11439946786461395,0.12708202789854722,-0.12290977798771847,0.03896349281328025,-0.35313545352009484,0.014288606325855803,-0.28122391138789005,-0.008670336344268458,-0.0610278310662952,0.10425804710169377,-0.06205739735667531,-0.2398638813106726,,0.19960668254075367,0.1639960282648723,0.1498944405348346,0.05148795465281058,-0.14844842046407605,-0.2298072937252369,-0.09183384265373604,0.11259483481630725,-0.012541814080379436,0.14949726702206625,-0.3043833688411595,-0.008477533668167314,0.3497729748488909,0.24971995411296308,0.305983631052799,0.22520702187346361,0.29200543703546605,0.21368899000318126,0.31910192513472085,0.08288394242912092,0.33635005253872924,0.14814764828935825,0.30784224885041406,0.1353802550779405,-0.06445586264737355,-0.14039698071009227,-0.10614365727396297,-0.03223082336382829
#11,0.4441228924257469,1.0,0.3728128946429776,0.2639719279303597,0.1537967666991218,0.235888290129467,0.5000472366556448,0.4247847840128021,0.531770988981327,0.5273673758591769,0.4992760259512402,0.06051497594786616,0.0038772618163940118,0.0361254374210714,-0.24444487289483577,-0.27094367269817704,0.24923023531566618,0.4327243982146472,-0.28413137574349534,-0.03031822081690494,-0.4635921066584404,-0.2669565133564054,-0.1596811043737287,0.06846230225675533,-0.06969623938380265,-0.09167188840581107,-0.1646515573636162,0.1766284596030193,0.227293146828878,0.03956889321623784,0.08426055353648308,0.2249718026086202,0.15211167130999778,0.14230187114997156,0.017724350013978193,-0.2079858868441094,-0.33110967580230016,0.008986532733074336,-0.15935333982435676,0.07475152555117465,-0.0009543732467006642,-0.2763652839501412,-0.3052625490441807,-0.3609940905979775,-0.33479991902287604,-0.006807862493131405,-0.008793730056973191,0.0892155823122825,-0.09463719356424667,0.10026317565287807,-0.04007789228114486,-0.012001966587296232,-0.21547819883739985,-0.1943740179113686,-0.5519034444198085,-0.26164672765657987,-0.24088959154753067,-0.08316929038975061,-0.2700413561740237,-0.2758909893669324,0.2920131491425101,0.07072580567418275,0.14091754793556535,-0.10173233204476878,0.3772435001397819,0.27550924006825217,0.3467421167805809,0.13514117975957507,0.009908129524837805,0.18851667261141586,0.30615715346129,0.3768501826805356,0.084414795677364,0.1532414949919505,-0.07924382790433131,0.2788215900436698,0.04668716801789209,0.2728871236732766,0.09365775596965285,0.22755535846837555,0.01253410197333539,0.0022500072301003538,,0.12624526428426827,0.12607559792929926,0.2382983235807313,0.09989685056828589,-0.008824578485149373,-0.336311492003509,-0.01236057956484436,-0.08392122082654507,0.23820192224268072,-0.016019974357244077,-0.0033451264303548532,-0.12986224248792574,0.4076292018933223,0.18838171073814505,0.1923688700799167,0.05035041886381383,0.10932104537610982,0.03006372128445143,0.10913595480705272,0.19588173483847957,0.19187143917557575,0.043359393828386335,0.16531865462292616,0.0573722923274175,0.11364368137429748,0.013949273615917789,0.09595981992230052,0.12712058843376747
#12,0.46855484754128385,0.3728128946429776,1.0,0.6622868325412357,0.004956956802560419,0.34603645898605073,0.40968062236703845,0.3792602161317999,0.17510917451534228,0.5394561036507187,0.4225020003277645,0.20338175893881408,0.3110890459159573,-0.2758562848852342,-0.2513125042175585,-0.2723048595914511,0.7055170485766342,0.8340894411614433,-0.4570483838315676,-0.27011462119094215,-0.5219419085536907,-0.22240752701647498,-0.1416193496765735,0.06036844591402929,-0.03273596637521329,-0.20305013833592012,-0.11863727068531711,0.19017091957236368,0.15520808228818217,-0.30586023734009427,0.4446048991159997,-0.023199946015250692,0.743040305399439,0.3894479095369844,-0.0596126594237128,-0.17412973692074846,-0.22873916689963655,-0.07930166870716165,-0.4091909035697415,0.14269904466273992,-0.16268882612090657,-0.16524538960600774,-0.24612996828395978,-0.22605535364830864,-0.48104846095263804,-0.09270916680323522,0.4324004897187973,0.4518041510416165,0.17148834025816279,0.08886853749530044,0.33527421360608484,0.2902123721477254,0.04665246353619388,0.16814128580104692,-0.3935815989125929,-0.03410872142905343,-0.6666326048605554,-0.43965758244724434,-0.25769812885002846,0.07349445210299518,0.25240376736429104,0.2063007914549854,-0.13225299567157991,-0.2229473745095582,0.29094116626338773,0.26698736178458154,0.04839539972814823,-0.03437093306855099,-0.038743697762524947,-0.03877840224422315,0.2605169039746272,0.3854491820346466,-0.13545352009485892,0.3741046725728553,-0.4557913103833881,-0.009356713871188532,0.047863264342109066,0.19672621055980258,-0.05799311694446319,0.10557296135270358,0.07656001465300338,-0.04649822139531297,,0.1729922011317517,-0.09022586833505249,0.2526428426826564,0.32197854106214996,-0.02097885918656551,-0.36786172192070027,-0.13321700905208564,-0.11188532096825504,0.1528404654256601,-0.10760895761233166,-0.2644924951558328,0.05309592897149412,0.23633944839154367,0.27441797692151965,0.6841892165463257,0.6644038059248263,0.5683610808518023,0.5916632122853865,0.6963396411942198,0.43820385026944175,0.7891162889340904,0.7057831162696538,0.7313256147995334,0.6837727627659472,0.10882361447176887,-0.009615069457164066,-0.061752769128435504,0.05630416550181717
#13,0.4669083126873801,0.2639719279303597,0.6622868325412357,1.0,-0.04349435570165714,0.24189987757030068,0.22437025825918464,0.2696865992499976,0.030183258943634137,0.5415692209807872,0.30174197217857385,0.12392392006401048,0.24028033509105107,-0.30329596174794904,-0.23355923380216517,-0.04954835973123307,0.475997030838788,0.48543664986070006,-0.21904504834527103,-0.1426296356993435,-0.3552524269036854,-0.1110524134074981,0.04531055691052992,0.15224277712974657,0.008674192397790482,-0.13283140369988336,0.1074470033644067,0.265036198702438,0.1469599838045752,-0.20408356067982222,0.47526823672312574,-0.07968727405936395,0.45392498047872903,0.14971320601929955,-0.12484166080225194,-0.025941600069408963,-0.2063354959366836,-0.12826583632980826,-0.32103766400277634,0.05060106234274532,-0.10157037779684382,-0.12177609825224374,-0.03391977480647431,-0.15057696200823267,-0.1532106465637743,0.00451736670104981,0.4615483982917683,0.37304811390782106,0.21424040565683053,0.154340470245727,0.3940211890141035,0.3524953486354391,0.19556939450319571,0.2615927429072716,-0.19777120106427076,-0.008415836811814948,-0.4371357234438414,-0.2321132137314066,-0.14084042686512488,0.021079116578138105,0.06798800767354651,0.015098377565480608,-0.2101761252446184,-0.25252716107699574,0.37633347150858454,0.25992692778575766,-0.07005099630782875,-0.007968534603260293,-0.06426305997127241,-0.08916545361649619,0.11650101703411643,0.11975552620670375,-0.3152882882014402,0.12461415364445258,-0.5914665535557634,-0.2373921510030559,-0.2694668041992423,-0.08065899954691372,-0.1261835674279159,-0.031239817608668407,0.03528096169974839,-0.09557421457009824,,0.04514860266260496,-0.212296954681731,0.11243673662190432,0.11780436312456016,-0.0032757174669584416,-0.19638687784986456,-0.14657437845237292,-0.01960610413272536,-0.01026288644886391,0.15620294409686405,-0.1680024678742541,0.10303567813521251,0.16504101876934052,0.22868518215032824,0.4448478304878872,0.41966780098907774,0.3385711393674144,0.3379850192320669,0.543049945533244,0.21731753636740478,0.4271138403401039,0.3613951201642679,0.4234891500294024,0.4148978627823354,-0.07268082480984836,-0.09923360936249795,0.007949254335650179,0.009094502231690976
#17,0.05850982811641425,0.1537967666991218,0.004956956802560419,-0.04349435570165714,1.0,0.43070768222262923,0.002778286562617489,0.10394956281993194,0.18348066671165394,-0.1420705079386502,0.043822120251029086,0.2731763276874283,0.3952165656059306,0.2413484619166514,-0.07384149691997725,-0.01969864941725391,-0.16440476993820674,-0.011670345984402263,-0.26200148458060596,0.1222928094241948,-0.08953949080813242,-0.006977528848100411,-0.31504150077603077,-0.07357928528047969,-0.16292790143927197,0.1353841111314625,-0.25380351479278535,-0.08567572517906548,0.045750147012040526,0.19983418969855302,0.033777100826159465,0.21783039148583383,0.0579776927303751,0.10162821859967416,0.37629105491984227,0.08747264612032815,-0.0537823064984142,0.14337771008261593,-0.06500727830102282,0.038527758765291666,0.22388825156893177,0.3855263031050871,0.21735995295614702,0.18566704905864093,-0.03250845921741394,0.3881754118747168,0.03720127635371579,-0.06609854144775529,-0.05850982811641425,-0.1382645831124136,-0.05414477552948435,-0.02379763431116424,-0.22461318963107207,-0.16760915041500776,-0.3193795609883065,-0.18651152477996394,-0.09337240800902316,0.09256263676939835,0.009630493671252157,-0.016270617836175567,-0.08076696904553035,0.09442511062053541,0.054302873723887285,-0.09278243182015367,-0.3378577694658402,-0.292333201584838,0.23342427192889437,0.3022201228153047,-0.24225077844080475,0.09551637376726789,-0.22585098281164143,-0.2345271032361929,0.07703045318269018,0.18065032342648915,0.10322848081131367,0.12337636046388324,0.24457597871458456,-0.06548157288423163,-0.05869106263194933,-0.028991738405329065,0.15483790115006796,0.5007066218079107,,0.3298564584076427,0.47809858000829053,-0.011172915080061312,0.20820953794838673,0.2740516518369275,0.23889601187664486,0.4445239219920373,0.3960803215948637,0.27628816287970076,0.17546007538584635,0.017095813289888465,0.26655162773659297,-0.09488783704317816,-0.19316321710545342,0.03439792544320515,0.011161346919495243,-0.02638890227796362,-0.0010160701030530303,0.12662315752942652,0.16353330184222958,0.1346398928017121,0.082899366643209,0.07148930427154329,0.03030279660281685,-0.022498144274242526,0.19123519034444197,0.014034106793402293,0.10196755130961217
#18,0.2653408269306778,0.235888290129467,0.34603645898605073,0.24189987757030068,0.43070768222262923,1.0,0.21088949514619262,0.290308773485776,0.16222609969826382,0.22042937155967726,0.4026587489034348,0.5558019145305737,0.7506830034800883,-0.021784774372668292,-0.34930639237272615,-0.2302623080408356,0.1620564333432948,0.3302960485091533,-0.3803244869038782,-0.30597206289223294,-0.3345531315974666,-0.2780966519815295,-0.04280026606769302,0.34248888974578967,0.03641464143522312,0.08862946217693501,-0.11736862907657158,0.23567235113223373,0.21625326559532645,0.053817010980112406,0.289302343516528,0.059786181832203834,0.45307664870388403,0.29180492225232085,0.13217201854761745,-0.1349985057792602,-0.27547453558655394,-0.07430807939614202,-0.17293050427539935,0.180962663761773,0.23532530631525164,0.16284306826178746,0.3056057378076408,-0.1836194846384468,-0.010347719626348414,0.22088824192879797,0.3187548803177388,0.30147204843203224,0.18763749240839464,0.09655750821821407,0.22374172153509492,0.21606046291922532,0.09663462928865453,0.025941600069408963,-0.35746194557180455,-0.21193062959713882,-0.29424966018528337,-0.4196639449355557,0.009179335409175478,-0.02287989357292279,0.15850886410303375,0.014331022914598054,0.0013939633482112732,-0.017994273760519795,0.017469850481524683,0.08780426672322211,0.12740208034087513,0.21740236954488928,-0.3447639613237832,-0.1486759276218754,-0.15011809163911194,-0.06029132484358883,-0.15351141873849208,0.3460518832001388,-0.3513770931140524,-0.05354323118004878,0.14782759584703037,0.02616525117368629,-0.13113474015019327,0.09180685027908188,0.5191385576431801,0.5251154406023155,,0.543211899781169,0.1842634455766246,0.1553314760008869,0.1254740535798637,0.46290572913152034,0.05265633886998351,0.4990870793286611,0.36719076860786826,0.09130170726769687,0.097051083069033,-0.12592906789546238,-0.0364454898633993,0.08867573481919928,0.16693434104865376,0.34691949524259397,0.3351045472511158,0.19240357456161492,0.23151552543549306,0.5245678810021883,0.2337983091205306,0.418364454898634,0.30572141941330144,0.42754186228104846,0.3349271687891028,0.0568825735301206,-0.010201189592511544,0.05376302623080408,-0.06343400846403748
#26,0.25389220402379187,0.5000472366556448,0.40968062236703845,0.22437025825918464,0.002778286562617489,0.21088949514619262,1.0,0.35581541071790074,0.4882708491993869,0.5351064752778768,0.552659230910125,0.2754552553189438,0.17572999913238796,0.32515207311077476,0.16915542787733895,0.1249187818726924,0.37844658883865306,0.410444120964399,0.10009736535143107,0.2336672033007818,-0.413309168731262,-0.3484889090260573,-0.14685587035948058,-0.01875777235788033,-0.11864883884588318,-0.12142134132821764,-0.549292896185399,-0.23529445788707548,0.16864642881243191,-0.3285415441566329,0.01296212391427993,0.27064290052345924,0.22580085411585513,0.1588019241707075,0.11198172230630561,-0.20327764549371946,0.04231054727039611,0.18756037133795417,-0.08539423327195782,0.07527594883016976,-0.2521492678318375,-0.27493854414699276,-0.2999334830767451,-0.03728610953120029,-0.5262645445518784,-0.01603539857133217,-0.06648029074643556,-0.05505480416068175,-0.35916632122853864,-0.387531450936539,-0.26067885822255216,-0.2241813116366055,-0.52485708501634,-0.42218580393895866,-0.6628189679272748,-0.38886950150868094,-0.5266193014759045,-0.3071250228953178,-0.2820413947345589,-0.09082355663096604,0.4775587325152073,0.36220489140389267,0.17998708222070123,0.3092689886535625,0.24121735609690262,0.1678019530911089,0.46348028110630174,0.3064540695824858,0.38271524008753244,0.5278609507099958,0.6440322751679793,0.6563022374750561,0.39196976854038734,0.3731599394599597,0.006460817676149345,-0.03797248705812037,0.22359519150125803,0.4063412800169666,0.31725873155119394,0.38103785680545244,0.19331745924633434,-0.06339930398233927,,0.2002197950507553,0.09543539664330541,0.40926031253313794,0.2518793440852959,0.19548841737923323,-0.464027840706429,-0.007474959752441364,-0.2683716849989878,0.04231054727039611,-0.2749925288963011,-0.08492765079579305,-0.17190479403854125,-0.006931256205836137,0.15835462196215283,0.1524510040199358,0.02638890227796362,0.07880038174929868,-0.060117802435097796,0.1508661660223844,0.1528057609439619,0.3267253429477601,0.12568999257709698,0.24095514445740507,0.1263840822110611,0.30129081391649715,0.31888213008396554,0.2836378008926764,0.17554105250980884
#49,0.7166533311482364,0.4247847840128021,0.3792602161317999,0.2696865992499976,0.10394956281993194,0.290308773485776,0.35581541071790074,1.0,0.27301437343950336,0.5090704018971783,0.718114775433083,0.3628758447167247,0.2012802097693116,0.04516402687669305,-0.20685220710863467,-0.1915590988402919,0.4098387205614414,0.40066516923254897,-0.13872345348153434,0.1504805606701821,-0.39262529763913123,-0.2555888675734819,-0.004590631717968245,0.0805047574060328,0.10929019694793364,0.07089161597562973,0.05886458504044036,0.22760548716416185,0.12993165145132216,-0.07764356569269182,0.27645782923466977,0.23358622617681934,0.3003383686965575,0.20303857017535404,-0.16966828299576797,-0.18632257815738482,-0.2965208757097548,0.08325412356723512,-0.2018200572623948,0.13615146578234505,-0.36474217462138375,-0.28293985520519027,-0.28678048451312504,-0.13343294804931893,-0.3380467160884193,0.1909691226514224,0.23258365226109337,0.1461000838691641,0.0922155919524163,0.09170273683398726,0.22530342321151417,0.0334801847049637,-0.10767451052220604,-0.13523758109762563,-0.574893235518109,-0.2428793151648945,-0.3424349049964813,-0.0970009543732467,-0.34373053897988104,-0.28251954537128976,0.16599346398928017,0.04920902702129506,0.20659770757618115,-0.02009967898354429,0.4876962972246055,0.41606624699950834,0.38864585040440364,-0.11498173194643942,-0.006348992124010681,0.24154512064627456,0.28933704799822624,0.20400643960938178,0.16606287295267658,0.12743678482257334,-0.2024794424146607,-0.006549506907155871,-0.13183268583767943,0.049849131905950854,-0.06636075308725285,0.19947172066748287,-0.0061330531267774,-0.1262684006054004,,0.20973653514310778,0.16192918357706804,0.18245110042127385,0.09122458619725642,0.002608620207648482,-0.31359162465175017,-0.13478642283554895,0.05099052374846963,-0.07283506695072928,-0.056115218879238045,-0.2872894835780321,-0.20092930889880753,0.2889977152882882,0.28779848264293906,0.26699507389162563,0.16499474612707624,0.17965931767132928,0.078518889842191,0.30411730114813995,0.10639815680641647,0.34838093952744065,0.21208487173801974,0.3274965536521647,0.14230187114997156,0.008909411662633877,-0.04477842152449076,-0.15036487906452142,-0.20334705445711587
#50,0.18452180116260014,0.531770988981327,0.17510917451534228,0.030183258943634137,0.18348066671165394,0.16222609969826382,0.4882708491993869,0.27301437343950336,1.0,0.37577819980141325,0.37300955337260083,0.11136089768925993,-0.009048229589426702,0.4238400508999065,0.1414496833216045,-0.022305341598141383,0.09543154058978338,0.20505914222089403,-0.024726943209971753,0.16868498934765214,-0.2654912130180367,-0.3961921471470024,-0.16164383561643836,0.02560226735947095,0.034579159958740224,0.18555522350650228,-0.3697434760394474,-0.15833534169454272,-0.07336334628324641,-0.060441710930947724,-0.2255116501017034,0.1625268718729816,-0.06251241167227402,-0.057719337144399564,0.034405637550249196,-0.04908948936211235,-0.2646505933502357,0.048634475046513644,-0.3772165077651278,-0.20803987159341772,-0.03482209133062767,-0.03249303500332584,-0.19301283101809452,-0.0370508902663569,-0.4125379580268574,0.06243143454831153,-0.2477379426026433,0.01340171401579054,-0.2613613796959502,-0.30066227719240746,-0.2695207889485506,-0.3000453086288838,-0.48475412838730203,-0.49611020600965944,-0.6052982175392595,-0.5303326810176126,-0.12421698013168422,-0.10068734154030058,-0.22622502000327765,-0.40523073660262404,0.3688064550335959,0.28174447861336316,0.22239981490943095,0.2567418275765668,0.202529571110447,-0.048233445480223264,0.5958161819286052,0.4152834681345377,0.1732775490923814,0.42581820635670425,0.4351459998264776,0.3486894238092025,0.3869993155504998,0.2471248300926417,0.1879691130112886,0.2350322462475779,0.21621084900658422,0.2548639295113416,0.3891162889340904,0.42032333008782163,0.017635660782971668,-0.00403536001079695,,0.10358709378886179,0.35829870918608353,0.4094531152092391,0.2604205026365766,0.08869501508680941,-0.4231382491588983,0.044369679851156335,-0.24081632653061225,0.12018740420117031,-0.21891008647200022,0.013918425187741605,-0.182643903097375,0.02039273905121803,0.21427511013852873,-0.006927400152314114,-0.05461135800564912,-0.04630927477273385,-0.13169772396440863,-0.14107564612996829,-0.09662691718161048,0.12001002573915726,-0.11243673662190432,0.11490461087599896,-0.11793932499783097,0.3239605525724697,0.1480705272189178,0.20163111063981567,0.23261064463574754
#51,0.6069640326607734,0.5273673758591769,0.5394561036507187,0.5415692209807872,-0.1420705079386502,0.22042937155967726,0.5351064752778768,0.5090704018971783,0.37577819980141325,1.0,0.6594140726673287,0.2781622048914039,0.2971532684873666,0.16728909797267985,0.03387350216421004,-0.05891085768270463,0.621239142799302,0.3596521839723135,0.01986831577222292,0.022232076581222948,-0.36953524914925817,-0.42444159524934205,0.010617643372890015,-0.013166494750947144,0.033915918752952294,-0.1478006034723762,-0.06483375589253179,-0.016004550143155986,0.10130816615734627,-0.17770044248214165,0.0707990706911012,0.19548070527218916,0.2440631235961555,0.06555483790115006,-0.03128609025093268,0.008423548918858994,-0.27093981664465505,0.054696191183133624,-0.29839106166793594,-0.03578996076465541,-0.31020215360589204,-0.3132947085305544,-0.12671184676043304,-0.21233937127047323,-0.3594940857779106,-0.07225280286890381,0.080874938544147,0.08985568719693829,0.002130469570917644,-0.1177927949639941,-0.008678048451312504,-0.10827991092516365,-0.1671117195106668,-0.2188522456691699,-0.49492254152487636,-0.35834112577482574,-0.32492070989945343,-0.29468539423327195,-0.1958238940356492,-0.26659404432533523,0.23191269894826141,0.06493786933762641,0.10569635506540831,-0.03538507514484301,0.4535663675011809,0.38384506376948513,0.27685114669391614,0.0700587084148728,0.22002062988634283,0.28166350148940067,0.43767942699044665,0.45461907011269315,0.07446617759054495,0.14453452613922282,-0.4081034964765311,-0.2047545139926542,-0.16635978907387233,0.1410602219158802,0.24760683678289455,0.30622656242468643,0.24570580239653728,-0.22762476743177196,,0.2696403266077333,-0.04832213471122979,0.2818524481119798,0.15562839212208265,0.11471566425341984,-0.4588722971474844,-0.08296877560660541,-0.28265450724456054,-0.06017178718440612,-0.17040478921847435,-0.1204727521618,-0.15531990784032082,0.10806011587440834,0.21746406640124166,0.20217481418642091,0.06587489034347797,0.1957197805905546,0.054592077738039,0.19409252600426094,0.0023001359258866512,0.34519969537177175,0.12781082201420957,0.27208892059421785,0.10131587826439031,0.027649831779665103,-0.14253709041481497,0.053454541949042256,0.023207658122294736
#52,0.547106513838412,0.4992760259512402,0.4225020003277645,0.30174197217857385,0.043822120251029086,0.4026587489034348,0.552659230910125,0.718114775433083,0.37300955337260083,0.6594140726673287,1.0,0.5494201459516258,0.38067924382790436,0.1671772724205412,-0.04248021362536512,-0.11818996847676246,0.4476434692913538,0.3815738482450136,0.0012859938495946323,0.034131857750185575,-0.4085392305245197,-0.4819546335303134,0.010964688189872075,0.12717071712955375,0.03432080437276469,0.012009678694340277,-0.13421958296781158,-0.0597977499927699,0.15479934061484774,-0.08482353735069843,0.18635728263908302,0.21301803669034927,0.2603742299943123,0.1635178776281415,0.011327157220942227,-0.019232066941089143,-0.27722903993907433,0.1337298641705147,-0.14391370152217714,0.0258297745172703,-0.37530776127172644,-0.21883296540155978,-0.17067085691149392,-0.18345753039052182,-0.4128888588973615,0.02791589947268468,0.15173377806483954,0.14763093711740718,-0.04058303529252986,-0.12064627457029103,0.01728090385894556,-0.1112722084582534,-0.23733431020022558,-0.3198191510898171,-0.5615011616361235,-0.3624516788293021,-0.36086684083175075,-0.32933974723569165,-0.1974241562472887,-0.3147253043872249,0.4151292259936568,0.1680371723559523,0.30947721554375174,0.06320650130623813,0.2503060742483106,0.18513491367260176,0.42148014614442847,-0.0033374143233108077,0.1908842894739379,0.35450049646689097,0.4451910192513472,0.43829639555397026,0.2241813116366055,0.23894999662595318,-0.20292674462321536,-0.05195068107545333,0.09052664050977027,0.2665863322182912,0.23814022538632837,0.3659491193737769,0.22607077786239674,0.07061012406852207,,0.40675002169030106,0.2184473600493575,0.3299220113175171,0.19627119624420386,0.17483153866175663,-0.3832820799552698,0.004887547839164007,-0.09614876654487964,-0.042291267002786,-0.170848235373507,-0.2428947393789826,-0.3424271928894373,0.14774276266954586,0.2269075414766757,0.24718652694899404,0.07376823190305881,0.17214386935690668,-0.04159332131529986,0.2781583488378819,0.11180048779077054,0.3765185620776416,0.14602296279872365,0.3474709108962432,0.08612302738762014,0.21125196417726277,-0.029207677402562346,0.022752643806696036,-0.17967088583189536
#53,0.24907213712126325,0.06051497594786616,0.20338175893881408,0.12392392006401048,0.2731763276874283,0.5558019145305737,0.2754552553189438,0.3628758447167247,0.11136089768925993,0.2781622048914039,0.5494201459516258,1.0,0.6752431723752326,0.14802425457665352,-0.05639671078634571,-0.01753154733787705,0.35606605419683224,0.13530313400750002,0.013933849401829698,-0.08969758900253536,-0.1891529214425496,-0.29526765831509744,0.12480695632055373,0.17911175807120203,0.2854385778874611,0.04942882207205036,-0.010906847387041733,-0.10777862396730066,0.11085575467787492,-0.12155630320148844,0.2233214117011944,0.025555994717206675,0.20376736429101636,0.11339689394888801,-0.026304069100479114,-0.04171285897448256,-0.2269113975301977,0.15766824443523275,-0.07479779819343893,0.027572710709224645,-0.13548051246951306,0.029122844225077844,0.16819527055035524,0.03870513722730472,-0.1272247018788621,0.09093538218310471,0.14306536974733208,0.03385807795012195,-0.06496871776580258,-0.1893534362256948,0.028852920478536243,-0.03399689587691477,-0.10949456778460084,-0.1959048711596117,-0.28592444063123595,-0.1672775298121138,-0.2443947441990495,-0.3033190980690812,-0.11521309515776079,-0.2902817811111218,0.29232548947779396,0.14473118486884598,0.14189312947663713,-0.1069765648347199,0.006730741422690947,-0.02435676207185756,0.24544744681056174,-0.07638649224451236,0.014126652077930842,0.18130970857875509,0.1319792158715163,0.11484677007316861,0.20228663973855956,0.40117416829745595,-0.1297735532569192,-0.13920931622530922,0.19461694928325604,0.05867178236433922,0.17346649571496053,0.21487665448796428,0.4786191472337636,0.36947740834642784,,0.5424445451302864,0.24052712251646052,0.22369930494635265,0.114572990273105,0.4417244271350486,-0.08413330377025634,0.3692306209210184,0.12237764260167931,0.013787319367992828,-0.008091928315965025,-0.19281231623494935,-0.228137622550201,0.0002795638803466592,0.1189226186459468,0.23363635487260564,0.06703170640008484,0.14400239075318366,-0.05935815989125929,0.40561248590130433,0.04959848842701937,0.3347035176848255,0.06575149663077323,0.259475769523681,0.05190440843318905,0.13702678993184425,0.047119046012358654,-0.018476280450772656,-0.26299634638928787
#54,0.2851647980873975,0.0038772618163940118,0.3110890459159573,0.24028033509105107,0.3952165656059306,0.7506830034800883,0.17572999913238796,0.2012802097693116,-0.009048229589426702,0.2971532684873666,0.38067924382790436,0.6752431723752326,1.0,0.03920642418516769,-0.12477610789237754,0.029670403825205093,0.21512344191337376,0.12838151793546895,-0.20929694504159718,-0.20754244068907676,-0.08765388063586323,-0.13937898258027823,-0.043702582591846374,0.2959039071462312,0.024703806888839618,0.14687129457356868,-0.08405232664629385,0.05407922261960996,0.06803042426228877,-0.1118120559513366,0.15482247693597986,-0.05894556216440284,0.3170158001793065,0.1477157702948917,0.1360704886583826,-0.0648029074643556,-0.14212834874148053,-0.030310508709860892,-0.13636740477957834,0.04805606701821021,0.06280932779346977,0.11764626493015723,0.41157394464635166,-0.09326829456392854,-0.0007692826776435656,0.18626088130103247,0.21938052500168703,0.17919273519516452,0.14005379194663223,-0.055810590650998235,0.12683524047313777,0.1537157895751593,0.08401762216459564,0.04168972265335043,-0.14891500294024082,-0.12601390107294688,-0.21697434760394474,-0.3739504304319744,0.0012281530467642891,-0.09222716011298236,0.0342205469811921,-0.059227054071510514,-0.04836069524645002,0.024113830699970116,-0.16032506531190652,0.018086819045048344,-0.06538131549265903,0.09388140707393018,-0.2197776985144554,-0.12357301919350641,-0.17746907927082028,-0.06305997127240126,-0.15493044643459652,0.3010633067586978,-0.34354544841082396,-0.22154762708106387,0.05376302623080408,-0.10902798530843608,-0.032261671792004475,0.09332999142028091,0.5600859899935411,0.44503292105694425,,0.6219833611290525,0.1424753935584626,0.06271678250894122,0.12669642254634494,0.48150733132175877,0.11569124579449162,0.4203271861413436,0.23227902403285358,-0.0035109367318018375,0.010282166716474025,-0.21682781757010788,-0.06283632016812393,-0.06381575776271775,0.132264563832146,0.25958373902229764,0.22647951953573114,0.14856795812325876,0.19387658700702765,0.43540821146597514,0.10519892416106735,0.37152882882014404,0.2535374470997657,0.3158397038550895,0.20138817926792824,-0.09394310393028255,-0.05955867467440448,-0.04244550914366691,-0.14297668051632556
#58,-0.04008560438818891,0.0361254374210714,-0.2758562848852342,-0.30329596174794904,0.2413484619166514,-0.021784774372668292,0.32515207311077476,0.04516402687669305,0.4238400508999065,0.16728909797267985,0.1671772724205412,0.14802425457665352,0.03920642418516769,1.0,0.5335524857085017,0.37952242777129747,-0.1663327966992182,-0.20903473340209963,0.4845189091224586,0.4412115720166196,0.02168837303461772,-0.2880414140148265,-0.1655423057272035,-0.18369660570888724,-0.06964996674153837,0.13637897294014442,-0.5295961747949062,-0.5873868489294631,-0.037652434615792464,0.21389336083984845,-0.47589291739369344,0.41166263387735824,-0.4012127288326762,-0.09218474352424012,0.35477427626695457,0.32927033827229524,0.24358111690590264,0.42804314923891146,0.1244329191289175,-0.07728495271514368,-0.028374769841805404,0.2671801644606827,0.09606778942091716,0.4229994312321055,-0.2113252291941812,0.10732746570522399,-0.5085459786181832,-0.4638388940838499,-0.509525416212777,-0.6460991198557836,-0.6386607926118014,-0.6728061465493141,-0.729401444092044,-0.7636393433140852,-0.45973990918993957,-0.45249052856853655,-0.03061128088457868,0.0552321826226948,0.027040575323185486,-0.2594950497912911,0.3027329779337337,0.2565683051680757,0.5683996413870225,0.49011789883643586,-0.10275418622810485,-0.2837958990870793,0.6302931564690117,0.39667029778373325,0.5476579294920614,0.6455168557739581,0.44025912679667994,0.31215331668803564,0.551136089768926,0.09816933859041964,0.3857460981558424,-0.06621036699989395,0.29342446473157047,0.2369332806339352,0.5894845420454435,0.5728148226697387,-0.01549940713177099,0.03916400759642544,,0.1104971417003268,0.44644038059248264,0.32777804555927237,0.1980295566502463,0.2840966712617971,-0.048187172837958994,0.24696673189823876,-0.08935825629259735,0.08507032477610789,-0.2285232279024033,0.2787907416154936,0.07195974280123008,-0.4119479818379879,-0.04075270164749887,-0.42588761532010067,-0.5584664475142915,-0.30200418381807137,-0.5686888454011741,-0.4490123682916719,-0.18302565239605526,-0.197474284943075,-0.34341048653755313,-0.275821580403536,-0.44826429390839945,0.2976429872846635,0.36344268458446205,0.3531971503764472,0.38023965372639373
#101,-0.25354130315328777,-0.24444487289483577,-0.2513125042175585,-0.23355923380216517,-0.07384149691997725,-0.34930639237272615,0.16915542787733895,-0.20685220710863467,0.1414496833216045,0.03387350216421004,-0.04248021362536512,-0.05639671078634571,-0.12477610789237754,0.5335524857085017,1.0,0.38709571688855043,-0.06298670625548283,-0.363103351874524,0.7119219534767143,0.33238988557161175,0.5113107689934736,-0.12598690869829274,-0.15653842075328006,-0.5055960976738357,-0.15237002689597332,-0.24110167449124195,-0.39040035475692403,-0.7749221559195242,-0.044234717977885536,-0.15010266742502387,-0.5217182574494134,0.1933444516209885,-0.26636268111401384,-0.23886516344846867,0.41449297716252304,0.3595249342060868,0.5399535345550597,0.18708607675474537,0.25237677498963684,-0.28885118525445136,-0.21487279843444226,0.09385827075279805,0.09905237484696287,0.33739889909671944,-0.33278320303085807,-0.3046995652299654,-0.4492745799311694,-0.3290351190074518,-0.3270261151224779,-0.6707470139685539,-0.5965796805259657,-0.6454397347035177,-0.5864151234419134,-0.6333972795542402,-0.02366652849141546,-0.4979071269509221,0.11029662691718162,-0.17999093827422324,-0.07056770747977982,-0.20442674944328226,0.03141719607068146,0.16533407883701426,0.24274049723810168,0.40789912563986386,-0.2629307934794135,-0.30943479895500947,0.34681152574397733,0.2265874890343478,0.6397134952233137,0.5017130517771586,0.4250701319734318,0.2665207793084168,0.5378018566897709,0.12695477813232048,0.3589041095890411,-0.1818187076436621,-0.001976227430036729,-0.015804035360010796,0.637234052808653,0.16605516084563254,-0.04966789739041578,-0.18816191568738974,,-0.21458745047381259,0.06864739282581242,0.0354506280547174,0.014516113483655153,0.11205498732322404,-0.1063017554683659,-0.1812634359364908,-0.5399882390367579,-0.2296877560660542,-0.6214473696894913,0.15422478864006633,-0.10324776107892378,-0.379942737605198,-0.2943730538979881,-0.3739311501643643,-0.48240579179239007,-0.21591393288538846,-0.3437382510869251,-0.45828232095861493,-0.3177291700808807,-0.16610528954141884,-0.1425602267359471,-0.21157201661959069,-0.2540387340576287,0.11514368619436438,0.2710516421967937,0.20828665901882717,0.2310373747987622
#102,-0.24764539731811477,-0.27094367269817704,-0.2723048595914511,-0.04954835973123307,-0.01969864941725391,-0.2302623080408356,0.1249187818726924,-0.1915590988402919,-0.022305341598141383,-0.05891085768270463,-0.11818996847676246,-0.01753154733787705,0.029670403825205093,0.37952242777129747,0.38709571688855043,1.0,-0.2557508218214069,-0.34338735021642103,0.5514599982647759,0.4241755275563225,0.15204226234660137,0.2964437546393144,-0.07775539124483048,-0.03174881667357543,0.008053367780744797,0.2538382192744835,-0.3624516788293021,-0.4313632113213731,0.09660763691400037,0.025289927024187097,-0.27241282909006775,0.09674259878727116,-0.33704414217269335,-0.1603404895259946,0.2541698398773775,0.3193487125601303,0.42013052741172047,0.28693472665400593,0.16757444593330956,0.09328757483153866,0.08735310846114544,0.13992654218040546,0.13255762389981973,0.5211090009929338,-0.0372706853171122,0.07499445692306209,-0.40364975465859465,-0.4389750609738463,-0.38341318577501854,-0.5061050967387427,-0.46165636779038494,-0.46315637261045184,-0.42523594227487876,-0.33215081025324633,0.006884983563571863,-0.014118939970886795,-0.13468616544397635,0.09941869993155505,0.0528221491714305,0.03842364532019704,0.04428484667367183,0.005481380081555532,0.07877724542816654,0.454086934726654,-0.0921153345608437,-0.11011539240164653,0.03507273480955916,0.1851888984219101,0.425783501875006,0.2967753752422084,0.19872750233773245,0.13567331514561423,0.23812094511871826,0.0062487347324380865,0.15298699545949698,-0.3513886612746185,0.10832618356742792,-0.12344576942727965,0.337483732274204,0.2751313468230939,0.11723752325682281,0.09949196494847348,,0.032223111256784245,-0.08286851821503283,0.15051140909835828,0.0784494808787946,0.39163814793749335,0.1502453414053387,0.005755159881619157,-0.07482093451457106,-0.029431328506839674,-0.18134055700693125,0.11796246131896311,0.09312947663713572,-0.5092670606268015,-0.000422237860661506,-0.4546730548620015,-0.40749424002005147,-0.4318876346003683,-0.4163207465319619,-0.3305621162021729,-0.2649475094714315,-0.3867293918039582,-0.3109810764173407,-0.4252012377931806,-0.3064000848331775,0.04027069495724601,0.2347276180193381,0.18997040478921848,0.19451669189168347
#201,0.4334261999556554,0.24923023531566618,0.7055170485766342,0.475997030838788,-0.16440476993820674,0.1620564333432948,0.37844658883865306,0.4098387205614414,0.09543154058978338,0.621239142799302,0.4476434692913538,0.35606605419683224,0.21512344191337376,-0.1663327966992182,-0.06298670625548283,-0.2557508218214069,1.0,0.5855320871853701,-0.1718276729681008,-0.12247018788620787,-0.2654256601081623,-0.3420608678048451,0.1517106417437074,-0.21965044874822862,0.09727473417331033,-0.44522957978656746,0.14438414005186392,-0.018048258509828115,0.04420386954970935,-0.42532848755940733,0.29776638099736824,-0.049505943142490814,0.5847608764809655,0.13532627032863215,-0.1827287362748595,-0.22784456248252727,-0.1876683408365708,-0.0061484773408654915,-0.35963675975822545,-0.01977577048769437,-0.32100295952107816,-0.43109328757483156,-0.3159129688720079,-0.18773003769292318,-0.29861085671869125,-0.23522504892367907,0.2526197063615243,0.21067741220248137,0.12607559792929926,0.07525281250903762,0.31828829784157403,0.14220932586544302,0.1391206269943027,0.06592116298574224,-0.22250007230100355,-0.04289666740574359,-0.39404432533523565,-0.3595287902596088,-0.1910500997753849,-0.11776965864286196,0.2068753434297668,0.0678684700143638,-0.13276970684353098,-0.2600194730702862,0.22359133544773602,0.26427655615859946,0.17080581878476472,-0.1047863264342109,0.0774391948560246,0.1491502222050842,0.38347873868489296,0.4515072349204207,0.0784340566647065,0.3281058101086443,-0.4040276479037529,-0.19784061002766717,0.021264207147195204,0.21118255521386636,0.08786596357957449,-0.022671666682733557,0.1642466717438038,-0.24821223718585214,,0.08725285106957284,-0.18186112423240436,0.17262201999363752,0.14222860613305313,0.05321546663067683,-0.5489304271543289,-0.22020957650892195,-0.3012329731136668,-0.07950603954382887,-0.24018007769947847,-0.18441768771750552,-0.0985009591933136,0.3383783366913133,-0.024669102407141413,0.5697723964408626,0.3617151726065958,0.5537929106455998,0.3513385325788322,0.5668302276035592,0.14621190942130277,0.682060675002169,0.4610046947451631,0.5628893409040517,0.43430923621219863,0.031606142693260585,-0.2602662604956957,0.00015231411411990398,-0.10558067345974761
