,#10,#11,#12,#13,#17,#18,#26,#49,#50,#51,#52,#53,#54,#58,#101,#102,#201,#202,#301,#302,#401,#402,#501,#502,#601,#602,#701,#702,#801,#802,#901,#902,#1001,#1002,#1101,#1102,#1201,#1202,#1301,#1302,#1401,#1402,#1501,#1502,#1601,#1602,#1701,#1702,#1801,#1802,#1901,#1902,#2001,#2002,#2101,#2102,#2201,#2202,#2301,#2302,#2401,#2402,#2501,#2502,#2601,#2602,#2701,#2702,#2801,#2802,#2901,#2902,#3001,#3002,#3101,#3102,#3201,#3202,#3301,#3302,#3401,#3402,#3455,#3501,#3502,#3601,#3602,#3701,#3702,#3801,#3802,#3901,#3902,#4001,#4002,#4101,#4102,#4201,#4202,#4301,#4302,#4401,#4402,#4501,#4502,#4601,#4602,#4701,#4702,#4801,#4802
#10,1.0,0.4565933695159689,0.4718787656772676,0.4575342465753425,0.14386357282639084,0.2501595442144737,0.19641001417099668,0.6766814803389471,0.4543298660985414,0.6473176327687429,0.5386463324110938,0.25436649860700067,0.17793566174698505,-0.2301427703816529,-0.14670934032564373,-0.22013631149200352,0.2601621470506011,0.16481351161154117,-0.18467218724995904,-0.20435734047988585,-0.1946439416579102,-0.1543558944598151,-0.11261797113743939,-0.07632479538815999,0.01540686184724244,0.08883768906712425,-0.0032101645570840522,0.3767614934495291,-0.06543530024196736,-0.24694745163062864,-0.07047516219525127,-0.1530718286369815,0.08079396142018451,-0.13103833881214272,-0.2746107795976208,-0.2287623032207687,-0.1930089749645725,-0.13359104624372187,-0.14377873964890633,-0.07914357051275872,-0.2169666354969007,-0.17621586187616284,0.07543019097105068,-0.05116790221048268,0.008373420223072697,0.08404847059277183,0.0012242969932422661,-0.07438134441306045,0.0031060511119894345,0.00750966423413957,0.06248541929761985,0.041323397568758254,-0.0265547125794106,-0.12097789517318501,-0.3117869916034435,-0.35104161645763643,-0.10827991092516365,-0.04322057590159351,0.1576721004887548,0.10746628363201681,0.03247375473571573,-0.039414651075356924,-0.10598555907956002,-0.22129312754861039,0.14534815343236965,0.07581194026973094,-0.26150790972978705,-0.21719799870822207,-0.17188936982445316,-0.14625818206356705,-0.1174226138258799,-0.03118968891288211,-0.35584240309255494,-0.27490769571881657,-0.2809077149990842,-0.19807197323898856,-0.13661804825850982,-0.034845227651759805,-0.2948781969093731,-0.25597061687216216,0.22912862830536088,0.10263464856892214,,0.12695092207879846,-0.023338763942043515,0.23535229868990581,0.1138326279968766,-0.033268101761252444,-0.08272970028824,0.16595875950758196,0.15042271986735176,0.20543317941253025,0.3565711972082172,0.2609295017014836,0.254081150646371,0.07007027657543886,0.15258210983968457,0.16536878331871246,0.07329008126632798,0.21878283670577348,0.04669102407141411,0.13924402070700742,-0.05376302623080408,0.23528674578003142,0.1571361090491936,0.12666557411816876,0.04323600011568161,-0.11295344779385538,-0.4334300560091774,-0.03437864517559504,-0.06915253583719742
#11,0.4565933695159689,1.0,0.1628816287970077,0.02501229117060145,-0.22541910481717486,0.07859215485910945,0.4416357379040421,0.2756673382626551,0.4859803534073053,0.37637203204380476,0.2936095553006276,-0.11845603616978204,0.04012416492340914,0.06513452806724958,0.24787676052943614,0.20031234033528386,0.030086857605583564,0.053901844157596905,-0.06807669690455304,-0.14072860131298623,-0.07064097249669825,-0.11775423442877388,0.19817608668408318,0.20515168750542256,-0.1064020128599385,0.010378568054524596,-0.14443426874765022,0.002516074923119933,0.21694349917576855,-0.026878621075260525,-0.11114881474554866,0.04729256842084968,-0.0553671444959656,-0.10896628845208371,-0.07381836059884511,0.04535297349927217,-0.04000848331774845,-0.14084813897216894,0.08116799861182074,-0.06578234505894942,-0.11620795696644269,0.07902017680005398,-0.09217703141719608,-0.07948290322269673,0.10194827104200206,0.04190951770410573,0.05665892242584327,0.08214743620641454,-0.057534246575342465,0.1075472607559793,-0.09091995796901661,0.02713697666123606,-0.07578494789507678,-0.03265498925125081,-0.1968997329682936,-0.24476106928364166,-0.27572517906548544,-0.16068753434297667,0.15181475518880203,0.1264997638167218,-0.10795600242931372,-0.3835250113271572,0.08383638764906057,-0.08396749346880934,-0.006607347709986214,-0.07236462842104248,0.06578620111247144,0.12969257613295673,-0.05353166301948271,-0.0017949929145016533,0.11968611724330734,0.12990080302314597,-0.08008830362565432,-0.3670827991092516,-0.06994688286273414,-0.17197420300193766,-0.20533677807447967,-0.1665217433217973,-0.02504313959877763,-0.029562434326588453,0.08499320370566743,-0.18167988971686927,,0.0016831673623629896,-0.3172240270694957,0.06435560525580095,-0.19991131076899346,-0.25722769032034165,-0.10638273259232839,-0.15007181899684768,-0.02193130440650516,-0.17943952262057397,0.03547762042937156,0.08911146886718788,0.17357832126709918,0.06140572431145344,0.2802830343285165,-0.08197776985144554,-0.047053493102484266,-0.11934678453336932,-0.14078258606229455,0.08205103486836397,0.03597505133371251,-0.1742377064193651,-0.25654131279342157,-0.25180222301485544,-0.16949476058727694,-0.3686136523574947,-0.35910462437218627,0.15672736737585918,0.17301533745288383
#12,0.4718787656772676,0.1628816287970077,1.0,0.45940057648000154,0.06787618212140785,0.43519227246874187,0.11882236125437422,0.25776368175990283,0.08899193120800516,0.52182622694803,0.21234322732399527,0.01526033181340557,0.14270675676978398,-0.31383455602363763,-0.32230244955799986,-0.2733035774536551,0.7259271398687014,0.6681171854665343,-0.2872277867216797,-0.4588375926657862,-0.20597302690561345,-0.29266096613420994,-0.11330434866435946,-0.31194123374432436,-0.2669565133564054,-0.2027802145893785,0.24462225135684884,0.4870060636441634,0.16169782036574668,-0.10197526341665622,0.1116076851146694,-0.0588375926657862,0.29116096131414304,-0.06649957101404567,-0.2147224123470834,-0.005022509712434809,-0.250205816856738,-0.3614028322713119,-0.12600618896590285,-0.5310229145980546,-0.11002670317064,0.050250161472241234,-0.06619879883932789,-0.20050128695786298,-0.182647759150897,-0.04787868855619716,0.17208988460759836,0.23370961988952407,0.3335428455746966,0.07846490509288269,0.4436061812537958,0.4617990417706998,0.3665005350274262,-0.2268574127808894,-0.11493931535769716,-0.41320119923264537,-0.05580673459747621,-0.32732688729719567,0.23122632142134134,0.14675175691438597,-0.17483925076880066,-0.07473224528356454,-0.475152555117465,-0.21673912833910133,0.2828280296530516,0.09463719356424667,-0.41823720513240725,-0.27548995980064206,-0.38887721361572497,-0.45734915600628534,0.19296270232230822,0.045268140321787664,-0.5687659664716146,-0.03249689105684787,-0.3872113984942111,-0.019363172760837922,-0.2828087493854415,0.09829273230312437,-0.4451216102879508,-0.3719761310286987,0.22260418574609817,0.24730220855465473,,0.023882467488648744,-0.202695381411894,0.2628613845160171,0.2036362584712676,0.05890314557566059,0.060619089392960776,0.19057580519217607,-0.08214358015289253,0.21652704539539008,0.07777852756596261,0.187703045318269,0.2617739774228066,0.40420117031224395,-0.149956137391187,0.5910963724176491,0.584001233937127,0.5252966751178506,0.41298526023541204,0.5258056741827577,0.13869646110688016,0.5075241244348472,0.3998862464211003,0.38534121253603,0.38863428224383756,-0.1327388584153548,-0.1332247211591297,-0.32583459458417285,-0.044300270887759924
#13,0.4575342465753425,0.02501229117060145,0.45940057648000154,1.0,0.1509818476280451,0.3305158435599086,-0.1274136485014412,0.17051661477061303,-0.002377256996327109,0.6267340190681847,0.20251800294988095,0.3227921683552968,0.30277925057599797,-0.4103091590911282,-0.08254846577270493,-0.23992557816702495,0.4255251462890305,0.1632556659886439,-0.1091668032352289,-0.0240097172548755,-0.12745992114370547,-0.20818640162725457,-0.25213384361774943,-0.09802280855658277,-0.1731387311655886,-0.005782152256273317,-0.1744420772560323,0.38706486846037425,0.06631062439146655,0.05626560496659694,0.052093355055768176,0.17126083310036344,-0.036912072339564075,0.1551309612177417,-0.11183519227246874,0.05077844080475837,-0.04516788293021507,-0.059284894874340854,-0.1108827470525291,-0.1530255559947172,-0.029041867101115365,0.0822399814909431,0.03352645734722798,0.011192195347671425,-0.17154618106099312,-0.11316167468404462,0.08911146886718788,0.07892763151552544,0.07279650641550904,-0.038867091475229675,0.139849421109965,0.11995989704337096,-0.019070112693164182,-0.10986089286919302,-0.13032111285704645,-0.2769822525136649,-0.12937637974415084,-0.09525416212777034,0.22253477678270175,-0.07403044354255638,-0.009291160961314143,-0.019143377710082617,-0.18081613372793615,-0.12440207070074133,0.1532067905102523,0.3533706727849383,-0.27306835818881164,-0.17330839752055757,-0.22039466707797906,-0.14297282446280354,0.0019222426807284085,0.0641280980980016,-0.40118188040450004,-0.05933116751660513,-0.2696981674105637,-0.12760645117754235,0.07792891365332151,0.30106716281221985,-0.22527257478333798,-0.2009100286311974,0.2651056076658344,0.3869916034434558,,0.17529426508439938,0.031232105501624363,0.04199820693511226,-0.012958267860757907,0.1946246613903001,0.1693867910886603,0.16014768684989347,0.11297658411498751,0.22177899029238526,0.08552533909170659,0.24098213683205924,0.13387253815082953,-0.055085652588857933,-0.048403111835192275,0.19133159168249256,0.09879787531450937,0.0436910144312803,0.057885147445846545,0.13756663742492745,0.18092024717303076,0.2613806599635603,0.2278715548571814,0.002782142616139512,0.0760741519092285,0.04621287343468327,-0.2188522456691699,-0.017832319512594834,-0.03137863553546123
#17,0.14386357282639084,-0.22541910481717486,0.06787618212140785,0.1509818476280451,1.0,0.44372957496650056,-0.12982753800622754,0.1944742753029412,-0.1566155418237205,0.09587884279833804,0.14479673777872037,0.715920680979052,0.520476608215322,-0.09237369014681923,-0.4063027194817464,-0.1357195877878785,-0.1361206173541689,-0.02795446000790491,-0.3443475075434047,0.05641599105395583,-0.15057310595471066,-0.07829523873791368,-0.3824915889832551,-0.21132137314065919,-0.04369872653832435,0.060341453539375124,-0.3772357880327379,0.03009456971262761,-0.22230341357138036,0.18494596705002264,0.11112567842441654,0.18862078605651048,0.036295103776040415,-0.021888887817762912,-0.04811390782104056,0.12286350534545419,0.05523989472973885,0.0933107111526708,-0.43499175768559667,0.018900446338195175,0.0954508208573935,0.061448140900195694,0.3904119229174901,0.2023753289695661,0.0980806493594131,0.17207831644703228,-0.2609256456479616,-0.2064357533282562,-0.12973113666817696,0.09857808026375406,-0.12672341492099912,-0.1918444468009216,-0.20965555801914532,-0.19130459930783839,-0.169502472694321,-0.08430297012522533,0.07169367510821051,0.27897968823807273,-0.059755333404027645,0.1898084505412935,0.23648597842538055,0.2719115421322048,0.13685326752335322,-0.10700355720937407,-0.4525175209431907,-0.18952695863418584,0.012688344114216306,-0.08623099688623678,-0.06729006198606037,0.0025314991372080244,-0.32135386039158226,-0.2748729912371184,-0.17320428407546296,-0.11636991121436766,-0.003557209374066112,0.0418362526871873,0.0028824000077121072,-0.06150212564950402,-0.2593678000250643,0.020863177580904824,0.12467199444728293,0.5911927737556997,,0.5230948685567756,0.5672196890092834,0.11800487790770536,0.2570001831625423,0.4971551965141276,0.47280036246903107,0.6280913499079367,0.4693414824597765,0.35928200283419937,0.4306806898479751,0.15097799157452305,0.05252908910375676,-0.2722470187886208,-0.028378625895327428,-0.1225935815989126,-0.20618896590284674,-0.07650988595721708,0.003769292317777371,-0.00481042676872355,0.13998052692971377,-0.01679504111517068,0.13742781949813462,0.1754330830111922,-0.012618935150819893,0.25603231372851454,0.21527382800073264,0.14852168548099448,-0.31675358853980895
#18,0.2501595442144737,0.07859215485910945,0.43519227246874187,0.3305158435599086,0.44372957496650056,1.0,-0.10718479172490915,0.18536627688392315,-0.10209094502231691,0.30038078528529977,-0.08086337038358092,0.45387485178294273,0.4757078268246363,-0.16457829234669777,-0.28264293908399446,-0.4451408905555609,0.32565721612215975,0.45385171546181063,-0.31662248272006016,-0.38873453963541016,-0.4891654536164962,-0.4614597090607618,-0.049020080398715936,-0.40744411132426517,-0.4567129071751516,-0.49240839462851743,-0.288292057493758,0.022914598054620997,0.40187982609198614,0.5594921577511496,0.5343815372157366,0.47500602508362816,0.2411826516152044,0.2868344692624334,0.19166321228538652,0.5244483433430056,0.1960051285511843,-0.24817753270415394,-0.012981404181890045,-0.28437430711538275,0.23475461039399226,0.5287632672341492,0.1166976757637396,-0.3345801239721207,-0.3521213114438028,-0.41298526023541204,0.22998852824077198,0.17282639083030474,0.33707499060086954,-0.2050051574715857,0.41455467401887536,0.18456036169782036,0.2559551926580741,-0.5056308021555339,-0.06469493796573897,-0.4147590448555426,-0.20104113445094618,-0.41311636605516083,0.41516778652887704,0.207916477880713,-0.2150810253246315,-0.1901940558934958,-0.13000106041471857,0.08089036275823508,0.12322597437652434,-0.08420271273365275,-0.15103968843087542,-0.02441074682116588,-0.44406890767643853,-0.3594786615638225,0.07001629182613055,-0.03137863553546123,-0.2318085855031668,-0.1833379927313391,-0.06760625837486624,-0.032184550721564016,-0.007787300087725217,0.00811120858357514,-0.4080340875131347,0.12621441585609208,0.3639054110071048,0.5438751409869569,,0.2829514233657563,0.06003682531113532,0.36219717929684864,0.033838797682511836,0.3674067076051016,0.4474429545082086,0.3874311935449664,0.3448834989829659,0.44048277790095725,0.351978637463488,0.45650853633848437,0.32365206829070786,-0.1155022991719125,-0.14896898768954914,0.39080138432321443,0.3461984132339757,0.313738154685587,0.3200852187828367,0.6294062641589465,0.5999074547154715,0.26420714719520305,0.030834931988856007,0.27052336286427653,0.13115787647132543,-0.15009881137150183,-0.05175402234583016,-0.18352693935391823,-0.24894874340855852
#26,0.19641001417099668,0.4416357379040421,0.11882236125437422,-0.1274136485014412,-0.12982753800622754,-0.10718479172490915,1.0,0.16072995093171893,0.33950430431974393,0.23117619272555504,0.4697964967753752,-0.07135819845179452,0.24827779009572654,0.42558684314538286,0.12450232809231392,0.12144062159582775,-0.08061658295817146,-0.053041944222185805,-0.02665882602450522,0.02978608543086578,-0.14610779597620815,-0.16693434104865376,0.13387253815082953,0.24714025430672978,0.24636518754880318,0.24740632199974935,-0.039229560506299825,-0.07533764568652213,-0.04102648144756249,-0.22405791792390078,-0.3522716975311617,-0.2621904312031851,-0.25950276189833515,-0.17171199136244011,-0.30942323079444345,-0.20077121070440457,0.05930417514195097,0.22812991044315695,0.030861924363510165,-0.0029286726499763815,-0.20755786490316486,-0.2681981625904968,-0.1256630002024428,0.09087754138027436,0.06662682078027243,0.09085826111266425,0.10946371935642467,0.006811718546653428,-0.2884462996346389,-0.24105540184897767,-0.3468269499580654,-0.3547434278387784,-0.3779183095061359,-0.27075858212911996,-0.24769552601390107,-0.14229030298940548,-0.14361678540098136,-0.04476685336392469,-0.13223757145749182,0.04185167690127539,0.29640519410409416,0.15746001754504352,0.45227458957130323,0.36465348539037723,-0.005381122689982937,-0.2325335235653071,0.5124830092641686,0.44283882660291324,0.24037673642910162,0.2751621952512701,0.1932943229252022,0.15275948830169764,0.14197410660059961,-0.0742540946468337,0.30875227748161144,0.08347391861799042,0.08351633520673267,-0.2650554789700481,0.21070826063065756,0.01937474092140399,-0.151475422478864,-0.1044161452960967,,0.1000510927091668,0.03195318751024264,-0.009075221964080862,-0.01646342051227671,-0.44666403169675994,-0.20682135868045848,-0.24432147918213104,-0.1316938679108866,-0.12383908688652598,-0.09372716493304926,-0.18601409387562298,0.06350341742743389,-0.18231228249448103,0.4202076484821609,-0.1679330589108577,-0.13374528838460278,-0.0166639352954219,-0.204885619812403,-0.10425419104817175,-0.277340865491213,-0.10292770863659588,-0.1537157895751593,-0.2012146568594372,-0.13402678029171045,0.13996124666210366,0.13970674712965017,0.2777534632180695,0.2656801596406158
#49,0.6766814803389471,0.2756673382626551,0.25776368175990283,0.17051661477061303,0.1944742753029412,0.18536627688392315,0.16072995093171893,1.0,0.31288596685722,0.3804054640278407,0.5712801133679736,0.39584510233002035,0.2256774604031504,-0.12329923939344278,-0.08367057734761359,-0.09321045376109821,0.07611656849797076,0.15854356858473195,0.04981828347777467,-0.11207041153731213,-0.0960909257420493,0.0032333008782161896,-0.10782875266308696,-0.08161915687389741,0.10303567813521251,0.12813473051005947,0.04650207744883499,0.16469783000588048,0.04740825002651037,-0.031085575467787493,-0.06954199724292173,0.01830275804228163,0.17436495618559186,-0.043664022056626145,-0.08896879488687302,-0.028405618269981586,-0.021079116578138105,0.04955992789179914,-0.07119624420386955,0.12290977798771847,-0.05195068107545333,-0.18319917480454628,0.02910356395746773,-0.005820712791493546,-0.047099765744748535,0.05312677739967031,-0.14067076051015587,-0.1973740275515024,-0.11080948203561065,-0.03981953669516933,0.02037731483712994,0.042403092554924665,-0.0287950796757059,0.03642620959578919,-0.09366932413021893,-0.1887788842509134,-0.2781467806773158,-0.07329393731985,-0.04548022326549893,0.12619127953495995,0.08039293185389414,-0.03365370711345474,-0.03730538979881041,-0.18129042831114495,-0.0331755564767239,-0.08369756972226775,-0.19274290727155294,-0.2681364657341444,0.05900725902075521,-0.0984855349792255,-0.07575024341337858,-0.23630088785632344,-0.11270666036844591,-0.06577077689838334,-0.25663385807795014,-0.2599423519998458,-0.13583141334001717,-0.18059633867718083,-0.26780870118477246,-0.024854192976198508,0.10373747987622069,0.04166658633221829,,0.1829485313256148,0.12077738039003981,0.21431367067374896,0.09260505335814061,0.08905748411787956,0.01106494558144467,0.11921567871362054,0.10572334744006247,0.13009746175276912,0.31854665342754956,0.18386241601033423,0.2046696808151697,0.018522553093036933,0.15276720040874167,0.038053464182082844,-0.033946767181128476,0.15934948377083474,0.11552929154656667,0.011095794009620854,0.07252272661544543,0.25469811920989466,0.18091253506598673,0.3158127114804353,0.08900735542209326,-0.10900099293378192,-0.3321353860391582,-0.10907425795070036,-0.06743273596637521
#50,0.4543298660985414,0.4859803534073053,0.08899193120800516,-0.002377256996327109,-0.1566155418237205,-0.10209094502231691,0.33950430431974393,0.31288596685722,1.0,0.4975176655451978,0.6595837390222976,-0.10143541592357302,0.014003258365226109,0.26337038358092413,0.1468404461453925,0.09724002969161212,0.1634214762900909,-0.056103650718671974,0.1649022008425477,0.11267581194026974,-0.04824886969431136,0.03916400759642544,0.17171970346948415,0.38945947769755046,0.3229618347102658,0.24609526380226157,-0.0315251655692981,0.023246218657514965,0.023165241533552487,-0.2592752547405358,-0.1230485959145113,-0.13184811005176753,-0.045622897245813775,-0.05394426074633916,-0.10281973913797923,-0.24896031156912457,-0.013633077227111913,0.15798829687756066,0.12619513558848197,0.1015665217433218,0.012723048595914511,-0.10359866194942786,-0.12514628903049174,0.020519988817444785,0.11855629356135464,0.04123470833775173,0.03300974617527691,-0.022455727685500276,-0.2963936259435281,-0.11764240887663521,-0.24962355277491252,-0.21205016725632153,-0.20209769311598044,0.0911050485380737,-0.07888135887326116,-0.08541351353956793,-0.36043496283728416,-0.16093817782190817,-0.04687611464047121,-0.1339997879170563,0.0699430268092121,-0.08244820838113233,0.15611811091937955,0.028656261748913076,0.1594111806271871,0.2599423519998458,0.18334570483838317,0.24433690339621914,0.20745375145807024,0.2631621566907349,0.241618385663193,0.44965247317632767,-0.025124116722740113,-0.3416714063991208,-0.0768145141854569,-0.17178525637935854,-0.020145951625808567,-0.1455448121619928,0.11379406746165636,0.06626049569568025,0.13364503099303018,-0.15759497941831432,,-0.09331456720619283,-0.1919292799784061,-0.1552967715191887,-0.1126372514050495,-0.17459631939691322,-0.1693983592492264,-0.08867573481919928,-0.07622453799658739,-0.12472212314306923,-0.13849209027021295,-0.20846789353436226,0.006514802425457666,0.12530053117137266,0.41946728620593254,-0.12297918695111489,-0.17672486094106987,0.03707402658748903,-0.3080736120617354,-0.015144650207744883,-0.09039939074354351,-0.029697396199859255,-0.22817618308542123,-0.1965835365794877,-0.16216440284191144,-0.06626435174920228,-0.13429670403825206,0.21288307481707847,0.07843020061118448
#51,0.6473176327687429,0.37637203204380476,0.52182622694803,0.6267340190681847,0.09587884279833804,0.30038078528529977,0.23117619272555504,0.3804054640278407,0.4975176655451978,1.0,0.6333085903232337,0.13769774324467624,0.2580953023627968,-0.05842885099245178,-0.05125659144148921,-0.17252176260206492,0.5931285126237552,0.12159100768318665,-0.044674308079396145,-0.09589812306594815,-0.18529301186700473,-0.25365698475894843,-0.1298738106484918,0.05557537138615484,-0.03572826390830305,0.0439262336961237,-0.16845362613633078,0.3317305004193458,0.022282205277009245,-0.04957149605236521,-0.06868980941455467,0.03577839260408935,-0.145745326945138,0.12610259030395343,-0.2069756008213394,-0.05764607212748113,-0.036989193410004534,0.006884983563571863,-0.011608649128049897,-0.044134460586312936,-0.04125398860536184,0.07371810320727251,-0.1486257989260891,-0.018109955366180482,-0.08365515313352549,-0.012148496621133101,0.14336228586852787,0.1014816885658373,-0.031918483028544435,-0.06413581020504565,0.025359335987583508,-0.00638755265923091,-0.1537157895751593,-0.13389181841843964,-0.26807091282427,-0.3175170871371695,-0.3251597852178188,-0.23515563996028266,0.2669295209817512,0.10584288509924518,-0.011597080967483828,-0.12731724716339063,-0.0463015626656898,-0.012676775953650236,0.12382751872595991,0.19356810272526584,-0.098905844813126,-0.008007095138480523,-0.10481717486238709,-0.029604850915330706,0.08614230765523026,0.12467199444728293,-0.3404220450579854,-0.33673180183740953,-0.2944733112895607,-0.24964668909604465,-0.06556640606171614,0.05510878890999007,-0.15622222436447417,-0.13549208063007914,0.17921972756981866,0.19299740680400643,,0.1476694976526274,-0.22094993878515035,0.16046773929222138,0.08721043448083059,-0.06176433728900157,0.10460123586515381,0.04696094781795571,-0.04380283998341897,0.057738617412009675,0.15754870677605004,0.24456826660754052,0.37747871940462535,-0.004606055932056337,0.12966172770478054,0.16434307308185436,0.02907657158281357,0.06900600580336055,-0.11704086452719964,0.15075819652376776,0.08254075366566088,0.16389962692682175,-0.014620226928749772,-0.13023242362603993,-0.04804449885764414,-0.11375550692643614,-0.15709369246045135,0.04799437016185785,0.04864989926060174
#52,0.5386463324110938,0.2936095553006276,0.21234322732399527,0.20251800294988095,0.14479673777872037,-0.08086337038358092,0.4697964967753752,0.5712801133679736,0.6595837390222976,0.6333085903232337,1.0,0.17158088554269132,0.3106648800285348,0.20687148737624478,0.0033798309120530593,0.05820905594169647,0.145741470891616,-0.05727203493584491,0.05491984228741095,0.1372697213037317,-0.04038252050938467,-0.00733614182564854,-0.138839135087195,0.22346408568150927,0.40317546007538585,0.29466225791213985,-0.05319618636306672,0.1519959897043371,-0.1381489015067529,-0.25724697058795176,-0.3569182420251993,-0.13519130845536137,-0.24329191289175095,-0.18665034270675676,-0.26736911108326183,-0.24872123625075915,-0.0822901101867294,0.2697984248021362,-0.14317333924594874,0.1264033624786712,-0.03388892637829813,-0.2197468500862792,-0.11788534024852265,0.1915089701445056,0.12273625557922745,0.1974550046754649,-0.10655625500081942,-0.18799610538594275,-0.36389769890006074,-0.07016667791348943,-0.2993704992625298,-0.19816837457703912,-0.3789941484387803,-0.022455727685500276,-0.2624603549497267,-0.19000510927091668,-0.23559137400827124,0.01693000298844148,-0.19416193496765735,0.030676833794453066,0.3196996134306344,0.21184194036613227,0.2506646872258587,0.07712299846721872,-0.10679147426566281,0.030487887171873947,0.13170543607145266,0.12931082683427647,0.2602431241745635,0.2538382192744835,-0.0005494876268882612,0.07844176877175055,-0.18233156276209114,-0.2273432755246643,-0.09532742714468877,-0.1936143753675301,-0.0059363943971542325,-0.13567717119913625,0.04750850741808296,0.007976246710304339,-0.042696152622598404,0.07352915658469339,,0.16736621904312032,0.08261787473610134,-0.008253882563889987,0.08778113040208999,-0.18951153442009774,-0.005172895799793701,0.031359355267851115,-0.06159081488051054,-0.041481495763161194,0.11128377661881947,-0.12745606509018345,0.08798164518523517,0.03603289213654286,0.3144438124801172,-0.1368956841120955,-0.23487414805317497,-0.07316283150010122,-0.30571756335977945,-0.19485988065514348,-0.15869009861856884,0.07040960928537689,-0.010251318288297841,-0.13045993078383927,-0.12558587913200236,0.1291141681046533,0.016760336633472473,0.21585223602903608,0.06418208284730992
#53,0.25436649860700067,-0.11845603616978204,0.01526033181340557,0.3227921683552968,0.715920680979052,0.45387485178294273,-0.07135819845179452,0.39584510233002035,-0.10143541592357302,0.13769774324467624,0.17158088554269132,1.0,0.6133612254538093,-0.08276440476993821,-0.2911763855282311,-0.18747939421399168,-0.19164778807129842,-0.019478854366498606,-0.23835616438356164,0.13228770015327812,-0.13225299567157991,-0.11835963483173147,-0.3077844080475837,-0.14925819170370086,-0.04113059489265711,0.014770613016108663,-0.44721544735040925,-0.00730914945099438,0.0620226928749771,0.3797306546614867,0.18026471807428687,0.33897988104074883,0.035855513674529806,0.028282224557276855,0.12259743765243461,0.29662498915484947,0.15522350650227026,0.03559330203503225,-0.37470236086876885,0.06966924700914849,0.2464345965121996,0.08841737923322376,0.46501113435454483,0.12608716608986534,-0.009965970327668149,0.009333577550056395,-0.13063730924585235,-0.11799716580066132,-0.11710641743707402,0.03841207715963098,-0.08861403796284692,-0.167987043660166,-0.19047554780060347,-0.20607714035070807,-0.0597129168152854,-0.09213075877493179,-0.060804179962017875,0.22332526775471642,-0.05166533311482363,0.10865009206327784,0.27294496447610694,0.17225569490904533,0.1225935815989126,-0.007980102763826363,-0.4476511813983978,-0.1463661515621837,0.09840455785526303,0.05883373661226418,0.0030366421485930224,0.0927207349638013,-0.24112095475885206,-0.2647547067953303,-0.0641280980980016,-0.10070662180791069,-0.04964861712280567,-0.04824115758726731,0.0634378645175595,-0.14226716666827335,-0.12447919177118179,0.20879951413725623,0.13379156102686704,0.5100151350100739,,0.49533513925173284,0.5996722354506281,0.012757753077612717,-0.02055469329914299,0.43828482739340424,0.4972670220662663,0.5913277356289706,0.46386974251202606,0.30247076629423614,0.39001474940472175,0.07075665410235894,-0.11657042599751284,-0.4251742454185264,0.012634359364907985,-0.15937262009196687,-0.24388574513414246,-0.046787425409464685,-0.04255347864228355,0.0036034820163303866,0.28706968852727677,0.08623099688623678,0.07834922348722201,0.11678636499474612,-0.14142654700047236,0.2057416636942921,0.0669430171690783,0.1320833293166109,-0.33968168278175703
#54,0.17793566174698505,0.04012416492340914,0.14270675676978398,0.30277925057599797,0.520476608215322,0.4757078268246363,0.24827779009572654,0.2256774604031504,0.014003258365226109,0.2580953023627968,0.3106648800285348,0.6133612254538093,1.0,0.201179952377739,-0.1979292992586737,-0.2881918001021854,-0.08359345627717313,0.05045838836243047,-0.2187365640635092,-0.007201179952377739,-0.3104142365496033,-0.3715442530342321,-0.24452970607232027,-0.16910915523507467,-0.11512440592675427,-0.0882052962895125,-0.3626830420406235,-0.06022191588019242,0.14927747197131097,0.21896407122130856,0.06769880365939479,0.14018875381990303,-0.07609343217683862,-0.021526418786692758,-0.11058197487781131,0.1499407131770989,0.09159862338889264,0.1595268622328478,-0.2578176665092112,-0.16388034665921164,0.03025266790703055,0.10693800429949968,0.011535384111131463,-0.0826602913248436,-0.2607097066507283,-0.20449230235315666,0.07727724060809964,0.05753810262886449,-0.05453038088168664,-0.19041770699777313,-0.04717303076166697,-0.16861943643777777,-0.20615811747467055,-0.4588722971474844,-0.21043448083059393,-0.2846018142731821,-0.26206318143695834,-0.049397973643874174,-0.01568449770082809,0.16634822091330628,0.20830593928643729,0.13268487366604648,0.2660349165646419,0.24273664118457963,-0.20870311279920564,-0.12737508796622096,0.3057754041626098,0.29099129495917403,-0.0514571062246344,0.07631322722759391,0.08753819903020255,0.05987487106321036,-0.12829668475798445,-0.1743572440785478,0.20607714035070807,0.21453346572450427,0.09676959116192532,-0.1617710853826651,-0.19867737364194615,0.006923544098792091,-0.006190893929607743,0.5476463613314952,,0.49569760828280296,0.5399689587691477,0.11876452045154387,-0.03346861654439764,0.11513597408732033,0.28501826805356056,0.33650043862608814,0.08126439994987131,0.31082683427645974,0.19473263088891674,0.08103303673854993,0.08627341347497904,-0.30352732495927043,-0.04984527585242883,0.004528934861615879,0.0018296973961998593,-0.00443638957708733,0.05904581955597544,0.15551271051642196,0.10977605969170852,0.13875815796323254,0.16594333529349387,0.08481582524365439,0.04362160546788389,0.1277491251578572,0.2394782759584703,0.17156546132860323,-0.032300232327224704
#58,-0.2301427703816529,0.06513452806724958,-0.31383455602363763,-0.4103091590911282,-0.09237369014681923,-0.16457829234669777,0.42558684314538286,-0.12329923939344278,0.26337038358092413,-0.05842885099245178,0.20687148737624478,-0.08276440476993821,0.201179952377739,1.0,0.07816027686464289,0.12033007818148515,-0.25619041192291747,-0.30539751091745154,0.101096083213635,0.32193998052692974,0.03438250122911706,-0.05481958489583835,0.04742367424059846,0.15488802984585426,0.2677547164354641,0.14555638032255888,-0.2268766930484995,-0.2486248349127086,-0.15065793913219516,-0.06309081970057745,-0.21670442385740313,-0.0991757685596676,-0.3373873309361534,-0.1419509702794675,-0.10212564950401512,-0.09613334233079156,0.05697897486817117,0.21026481447562492,-0.08412559166321229,0.11990976834758467,0.08721814658787463,-0.13596251915976593,-0.13327099380139396,0.0944405348346235,0.10310123104508691,0.08283766978685664,-0.024271928894373053,-0.016945427202529572,-0.2050707103814601,-0.05576817406225598,-0.27387427337491443,-0.30784224885041406,-0.3577241572113021,-0.1821194798183799,-0.18676988036593947,0.021888887817762912,-0.07389548166928557,0.12651133197728784,-0.26930870600483936,0.14112577482575459,0.09325672640336248,-0.0012358651538083348,0.44849565711972084,0.40421273847281003,-0.11947789035311811,-0.02084389731329471,0.6924103226552785,0.7067548417572036,0.34885523411064945,0.4668466158310277,0.24161067355614896,0.26154647026500727,0.1456257892859553,-0.1610307231064367,0.29666740574359174,0.1456604937676535,-0.004953100749038397,-0.3195299470756654,0.38747746618723067,0.19914395611811092,-0.20886892310065264,-0.09013332305052395,,0.05323860295180897,0.10737759440101029,-0.13794067461656367,-0.12460644153740853,-0.2738781294284365,0.032115141758167605,-0.12642264274628132,-0.12175681798463363,-0.18245110042127385,0.011481399361823142,-0.3318269017573964,-0.09571303249689106,-0.10630561152188793,0.10577733218937078,-0.2550066034916565,-0.2963974819970501,-0.18560535220228858,-0.39196976854038734,-0.18489969440775839,-0.16297417408153625,-0.2722046021998785,-0.41431559870051,-0.31745924633433914,-0.359389972332816,0.04574243490499648,0.33897602498722684,0.18617219207002594,0.18296781159322492
#101,-0.14670934032564373,0.24787676052943614,-0.32230244955799986,-0.08254846577270493,-0.4063027194817464,-0.28264293908399446,0.12450232809231392,-0.08367057734761359,0.1468404461453925,-0.05125659144148921,0.0033798309120530593,-0.2911763855282311,-0.1979292992586737,0.07816027686464289,1.0,0.43152902162282014,-0.055351720281877514,-0.22302835163352067,0.6317623128609026,0.18453722537668824,0.5019559831490461,0.2276864642881243,0.4243644741789016,0.4720985607280229,0.20311954729931653,0.2130218927438713,-0.00931429728244628,-0.39757647036140864,0.3083936645040633,0.14443426874765022,-0.0014248117763874563,0.1228982098271524,-0.24381248011722403,0.156025565634851,0.36966635496900696,0.12746763325074953,0.36586814224981445,0.4279891644896031,0.5444265566406061,0.44297378847618407,0.13565403487800412,-0.013779607260948783,-0.10934032564371994,0.16755902171922146,0.23277645493719454,0.01703797248705812,-0.16843820192224268,-0.24604513510647527,-0.5028814359943315,-0.21096276016311105,-0.3850558645754003,-0.1493854414699276,-0.2843280344731185,0.37947229907551117,0.33398243567620717,0.19895886554905381,-0.27975475499599933,-0.19220305977846971,-0.044388960118766446,-0.12797277626213452,-0.10932875748315386,-0.2814090019569472,0.23045511071693675,0.09787242246922387,-0.09591740333355828,0.10094184107275408,0.2835876721968901,0.10599327118660407,0.5712145604580992,0.36078200765426627,0.20489718797296907,0.08459217413937706,0.4923505538256871,0.0651229599066835,-0.09693540146337232,-0.4915562068001504,-0.0804392044961584,-0.22129312754861039,0.61448719308224,0.3883296540155977,-0.016367019174226137,-0.42952772984489024,,-0.26713774787194045,-0.13288538844919168,-0.4555522350650227,-0.3995623379252504,-0.06806512874398697,-0.28769436919784447,-0.4249583064212931,-0.20461184001233937,-0.44241466071549074,-0.22617103525396934,-0.2750040970568671,-0.1179277568372649,-0.06810754533272922,0.35040536762650265,-0.44361003730731785,-0.3379464586968467,-0.46364994746127075,-0.4223824626685818,-0.27722518388555234,-0.06064222571409291,-0.47099187336720233,-0.4203541785159978,-0.47869241225068204,-0.25440120308869885,-0.23295383339920758,-0.23856824732727291,0.08038136369332806,0.1099418699931555
#102,-0.22013631149200352,0.20031234033528386,-0.2733035774536551,-0.23992557816702495,-0.1357195877878785,-0.4451408905555609,0.12144062159582775,-0.09321045376109821,0.09724002969161212,-0.17252176260206492,0.05820905594169647,-0.18747939421399168,-0.2881918001021854,0.12033007818148515,0.43152902162282014,1.0,-0.1947403429959608,-0.2691506078104364,0.1432003316206029,0.39244406312359614,0.4731782557141893,0.6936982445316341,0.02434904996481351,0.5586708183509587,0.3498038232770671,0.5758109762563505,0.042302835163352065,0.0011086153875815795,-0.18371588597649735,-0.1294149402793711,-0.1558211947981838,0.013158782643903097,-0.16822226292500939,-0.18164518523517106,0.13871574137449028,-0.04319743958046138,-0.0717939324997831,0.2662662797759633,-0.011843868392893293,0.4535470872335708,-0.07983766014672283,-0.20101028602277,-0.05077458475123635,0.4576113676457829,0.5434471190460124,0.5310074903839666,-0.3977230003952455,-0.2711480435348443,-0.5550846885754774,0.25194104094164826,-0.49840841390878504,-0.1350949071173108,-0.337826921037664,0.6209653629992384,0.07599317478526602,0.4097346071163468,-0.11633906278619147,0.25974569327022257,-0.4370933068550992,-0.07925154001137535,0.11119894344133496,-0.1383648405039862,0.12969643218647875,-0.1262491203377903,-0.3618192860516904,0.07357542922695767,0.1264689153885456,0.18939585281443708,0.4286832541235672,0.3942911127606451,-0.1833379927313391,-0.16242275842788698,0.23413764183046862,0.05910366035880578,-0.20359769793604734,-0.3689491290139107,-0.34819970501190556,-0.31214174852746956,0.46454455187838006,0.27538970240906946,-0.1691477157702949,-0.3238795754485072,,-0.09437498192474912,-0.15518880202057206,-0.43660744411132424,-0.3971870089556843,-0.0042860034897284375,-0.1933444516209885,-0.19063750204852845,-0.11023493006082924,-0.6971262761127125,-0.2681364657341444,-0.38647103621798273,-0.33428320785092497,0.22661062535547993,0.47254200688305553,-0.5566463902518967,-0.5135087195010267,-0.5792544320515168,-0.49229656907637875,-0.47925539606489737,-0.040070180174100814,-0.4489468153817975,-0.40265103679639075,-0.3452228316929039,-0.37264708434153065,0.005346418208284731,0.018618954431087503,0.39470756654102357,0.17990224904321672
#201,0.2601621470506011,0.030086857605583564,0.7259271398687014,0.4255251462890305,-0.1361206173541689,0.32565721612215975,-0.08061658295817146,0.07611656849797076,0.1634214762900909,0.5931285126237552,0.145741470891616,-0.19164778807129842,-0.08359345627717313,-0.25619041192291747,-0.055351720281877514,-0.1947403429959608,1.0,0.45694427038647295,-0.01339014585522447,-0.34570098232963475,-0.03664986070006652,-0.14695612775105318,-0.013933849401829698,-0.11448044498857644,-0.2096362777515352,-0.1955346900214975,0.15993560390618222,0.25374181793643297,0.1884742560226736,-0.005064926301177061,0.23732659809318155,0.10807939614201845,0.18655008531518416,0.2308831326578813,0.0019492350553825687,0.09539683610808518,-0.0507668726441923,-0.2235681991266039,0.19622877965546162,-0.24901815237195493,0.053373564825079774,0.146420136311492,-0.2853421765494105,-0.2212777033345223,-0.16302815883084457,-0.13415403005793722,0.14220161375839896,0.12767586014093876,0.25527267118467606,-0.10735060202635613,0.3547087233570802,0.32698369853373566,0.30786538517154616,-0.03678482257333732,0.13724658498259956,-0.15797287266347257,-0.078854366498607,-0.4576036555387389,0.3522215688353754,0.003082914790857297,-0.31609034733402097,-0.21300261247626118,-0.39173840532906595,-0.0552476068367829,0.2910838402437026,0.20647816991699844,-0.35109945726046676,-0.25383436322096153,-0.26056317661689143,-0.3606894623697377,0.2019395949215775,0.13013602228798934,-0.3440775837968631,0.010779597620814978,-0.3936471518224673,-0.2168162494095418,-0.11833649851059933,0.20937406611203763,-0.21390878505393654,-0.1574870099196977,0.32145797383667685,0.0760741519092285,,-0.2494654545805096,-0.4571717775442723,0.12223496862136446,0.11654343362285868,0.03140177185659337,-0.022143387350216422,-0.05854067654459044,-0.1832030308580683,0.022887605679966838,-0.013613796959501798,0.21945764607212748,0.34504930928441285,0.3020697367279458,-0.13419644664667946,0.518448324062738,0.46218850317642407,0.36812778961371984,0.24930735638610663,0.453747602016716,0.25728938717669403,0.39228982098271525,0.18049993733913028,0.20072879411566233,0.3047304136581416,-0.20893447601052703,-0.15114380187597004,-0.34194904225270645,0.05794298824867689
