,#10,#11,#12,#13,#17,#18,#26,#49,#50,#51,#52,#53,#54,#58,#101,#102,#201,#202,#301,#302,#401,#402,#501,#502,#601,#602,#701,#702,#801,#802,#901,#902,#1001,#1002,#1101,#1102,#1201,#1202,#1301,#1302,#1401,#1402,#1501,#1502,#1601,#1602,#1701,#1702,#1801,#1802,#1901,#1902,#2001,#2002,#2101,#2102,#2201,#2202,#2301,#2302,#2401,#2402,#2501,#2502,#2601,#2602,#2701,#2702,#2801,#2802,#2901,#2902,#3001,#3002,#3101,#3102,#3201,#3202,#3301,#3302,#3401,#3402,#3455,#3501,#3502,#3601,#3602,#3701,#3702,#3801,#3802,#3901,#3902,#4001,#4002,#4101,#4102,#4201,#4202,#4301,#4302,#4401,#4402,#4501,#4502,#4601,#4602,#4701,#4702,#4801,#4802
#10,1.0,0.4846345907281193,0.22297436688421235,0.5857056095938612,0.18136754938158542,0.3056057378076408,0.2650053502742618,0.12315270935960591,-0.1855436553459362,0.45163834074016945,0.1588212044383176,-0.11207041153731213,-0.10551635057762138,-0.20637791252542587,-0.27431386347642506,-0.30682810677412203,0.49057291315203455,0.040120308869887114,-0.3386868209730751,-0.03241591393288539,-0.05787357928528048,-0.050643478931487566,-0.3159052567649639,-0.109687370460702,0.055783598276344076,-0.18044980864334398,0.1917943181051353,-0.2524693202741654,0.0529571110447013,-0.18287526630869635,0.27018403015433856,-0.18891770217770623,0.09883257979620758,-0.04915889832550876,0.039923650140263944,-0.24686647450666616,-0.09169502472694321,-0.3453385132985646,-0.06455612003894615,-0.01729247201951163,,,0.1360396402302064,-0.24264023984652908,0.05994428002660677,-0.025849054784880414,0.13310132744642494,0.514561422112539,0.19010151060896724,0.1714767720975967,0.26921230466678875,0.29001571341810223,0.2893177677306161,0.2093702100585156,0.2779616901082587,0.07593147792891365,-0.06498799803341271,-0.3243962866204583,0.3733373179219728,-0.0052384487096680905,-0.16658344017814966,-0.1527209277664774,,,-0.16592019897236174,-0.3666547771683071,0.01582331562762091,0.29957101404567493,-0.3362922117358989,-0.21749877088293987,-0.2803524432919129,0.0014865086327398224,0.13530313400750002,0.12316427752017198,-0.22819160729950932,-0.3180762148978628,-0.11790462051613276,-0.1214329094887837,-0.06344172057108152,-0.2960774295547222,0.03552774912515786,0.15531990784032082,,-0.05950854597861818,0.04445065697511882,0.24606055932056337,0.10127731772917008,,,0.2664243779703662,0.028347777467151242,0.3128204139473456,0.23116462456498896,0.28995401656174985,0.3742319223390821,-0.2017699285666085,-0.09140582071279149,0.15157182381691459,0.32882689211726257,0.3592627225665892,0.3585763450396692,0.3628141478603723,-0.2321170697849286,0.37085787550731203,0.08048547713842268,0.14030829147908572,0.205895905835173,-0.22343323725333308,0.23066333760712598,0.310367963907339,0.38030906268979014
#11,0.4846345907281193,1.0,0.0572527546682348,0.5426759083416077,0.3400017352240849,0.0643825976304551,0.271279149354593,-0.16509114746512682,-0.2717958605265441,0.43882853094000945,0.03448661467421168,-0.1762929829466033,0.08872242799139786,-0.12767971619446078,-0.2789372716493305,-0.28917509375030126,0.2301928990774392,0.08135308918087783,-0.4647836271967455,-0.07677595365023666,-0.05820905594169647,0.042626743659201986,-0.3018576537842345,-0.12329538333992075,0.01804054640278407,0.04153548051246951,0.07536463806117628,-0.26659404432533523,-0.07210627283506695,-0.20235219264843396,0.08584153548051247,-0.21190749327600666,0.12162571216488485,0.026234660137082703,-0.08039293185389414,-0.16180964591788535,-0.16863486065186584,-0.4029479529175865,0.020944154704867303,0.15625307279265035,,,-0.023188377854684625,-0.2856159563494741,0.06078104364088573,0.24230476319011307,0.08744950979919601,0.4902567167632287,0.29724195771837314,0.06493786933762641,0.2383985809723039,0.1215832955761426,0.19706554326974057,0.27727531258133864,0.39050832425554066,0.10049453886419943,-0.09764491531142452,-0.2578408028303433,0.3526650149904081,0.04472829282870446,-0.23082914790857298,-0.09316418111883393,,,-0.19205652974463286,-0.4934958017217279,-0.05364348857162137,0.30939238236626726,-0.4548118727887943,-0.1604870195598315,-0.3696933473436611,-0.07414998120173907,0.3386405483308108,0.289140389268603,-0.14755381604696674,-0.25431636991121437,0.07794048181388757,0.01227960244088188,0.008277018885022124,-0.35800564911840976,-0.016440284191144572,-0.27650795793045607,,-0.04180926031253314,0.0625432601004502,0.0005417755198442154,-0.11800102185418333,,,0.08588780812277674,0.1432543163699112,0.39020755208082286,0.24444101684131375,0.11210897207253237,0.06531576258278465,-0.13592781467806772,-0.09224644038059249,0.23097567794240983,0.40986185688257354,0.3978618183220383,0.3723308879527248,0.0708183509587113,-0.20353214502617295,0.2838884443716079,0.1486605034077873,0.1879189843155023,0.23483173146443273,-0.15784947895076784,0.29856072802290495,0.112382751872596,0.20287661592742906
#12,0.22297436688421235,0.0572527546682348,1.0,0.20198201151031978,-0.2709976574474854,0.2511351257555455,0.17581483230987247,0.3614182564854,0.07532222147243403,0.17554876461685287,0.33769967127143724,0.21069283641656947,0.2043787600708504,-0.2416685143589793,-0.03803418391447273,-0.16916313998438298,0.5121860931429728,0.785167690127539,-0.012341299297234246,-0.26511331977287844,0.2571042966076369,-0.07700731686155804,0.17724157211302094,-0.09945726046677528,0.45381315492659036,0.04101876934051844,0.34340663048403114,-0.30990138143117424,0.3659259830526448,0.11727993984556506,0.25188705619234,-0.008913267716155901,0.41060607521232395,0.4249505943142491,0.08808190257680777,-0.2099601862473851,-0.03648019434509751,0.036487906452141554,0.155350756268497,0.09693154540985029,,,0.07977596329037047,-0.12318741384130412,-0.29554915022220507,-0.4971050678183413,0.2837920430335573,-0.001698591576451081,0.01794800111825552,-0.18319917480454628,0.07908958576345039,-0.16900118573645803,-0.04039023261642872,-0.08294178323195125,0.10570406717245236,0.04505220132455438,-0.012291170601447948,-0.3778566126497836,-0.15057696200823267,-0.2177918309506136,-0.054194904225270644,-0.18818119595499985,,,0.0946757540994669,-0.12290977798771847,-0.15567466476434694,-0.05788129139232453,0.16573510840330463,-0.03525011327157221,0.41238757193949854,-0.0036304743909845467,0.35613546316022865,-0.27429458320881495,0.24734848119691902,-0.015291180241581753,0.17505518976603396,0.10831847146038387,0.08153817974993494,-0.09198422874109492,0.03450203888829977,-0.10782104055604291,,0.25000144602007074,-0.43185293011867004,-0.24864797123384072,-0.2630310508709861,,,0.04846480869154464,-0.3852679475191116,-0.10165521097432832,-0.5266809983322569,-0.2703151359740873,-0.23192812316234948,0.14787386848929462,0.20415296964321863,0.6148458060597881,0.3542575650950035,0.18558992798820048,0.09726702206626628,0.6025334271639691,-0.09073872345348154,0.6471942390560381,0.3608629847782287,0.4251588212044383,0.3730866744430413,-0.10927477273384555,-0.042352963859138365,-0.2280527893727165,-0.20389075800372108
#13,0.5857056095938612,0.5426759083416077,0.20198201151031978,1.0,0.12039177503783753,-0.013891432813087445,-0.011381141970250547,0.07046745008820722,-0.03849691033711548,0.5177079617865096,0.2027802145893785,0.0692335129611599,0.022491516299460088,-0.28556197160016583,-0.43990436987265386,-0.463684651942969,0.40718189968476765,0.038504622444159524,-0.3148602662604957,-0.00032969257613295675,-0.008604783434394069,0.0028361273654478325,-0.3927872518870562,-0.11029662691718162,0.09338397616958924,0.059982840561827,0.10985318076214898,-0.2570850163400268,-0.21288693087060048,-0.26184724243972507,0.12563986388131068,-0.2720657842730857,0.1265691727801182,0.12765657987332865,-0.06423606759661823,-0.3059990552668871,-0.10612823305987487,-0.34347603944742755,-0.16693819710217578,0.06287873675686619,,,0.22871603057850443,-0.29520596145874506,-0.020813048885118524,0.028536724089730365,0.05279901285029836,0.3670133901458552,0.14190855369072522,0.18971976131028698,0.2815285396161299,0.2639912081979698,0.315924537032574,0.3252986031446116,0.3922126999122748,0.18700509963078288,-0.13124656570233195,-0.334460586312938,0.24369294245804132,-0.018807901053666625,-0.3120954758852053,-0.1924691274714893,,,-0.16261941715751016,-0.3727434856795812,-0.1579458802888184,0.18005649118409764,-0.3985096353137382,-0.26907734279351797,-0.058532964437546395,-0.0096883344740825,0.2944887355036488,0.0032371569317382123,0.0499069727087812,-0.270766294236164,-0.047539355846259145,-0.15480319666836975,-0.22006304647508507,-0.3830507167439484,0.044153740853923054,0.08285695005446675,,0.06299056230900485,-0.03442106176433729,0.007983958817348384,-0.14528645657601727,,,0.18537013293744517,-0.1244984720387919,0.4193284682791397,0.07045202587411914,0.257798386241601,0.2958036497546586,-0.037791252542585294,-0.11334290919957969,0.17655133853257884,0.41753540339139905,0.5506000983293649,0.5157799350254981,0.2305823604831635,-0.29598488427019365,0.5453173050041935,0.3717293436032892,0.3257497614066883,0.49679658353657946,-0.23937030645985366,0.2874090212372148,0.11206655548379012,0.2203368262751487
#17,0.18136754938158542,0.3400017352240849,-0.2709976574474854,0.12039177503783753,1.0,0.2633973759555783,0.13449721882139723,0.08203946670779791,0.12888666094685394,0.4373208140128985,0.23119547299316515,0.17601534709301764,0.18413157510208655,0.21916844205797575,-0.012927419432581725,-0.13433140851995026,0.022147243403738442,-0.19392671570281395,0.08335052490528569,-0.10089942448401183,-0.5358198451794511,-0.28286273413474977,-0.2871660898653273,-0.20377122034453837,-0.40251993097664196,0.07045202587411914,-0.4228143406630484,-0.10894315213095158,0.06851628700606364,0.2018007769947847,0.2876018239133159,0.1325344875786876,0.28927535114187386,-0.23566849507871168,0.38341318577501854,0.07126565316726596,0.3532974077680198,0.04631313082625587,0.03461000838691641,0.23482401935738867,,,0.14234814379223584,0.16416955067336333,0.2213124078162205,0.30433709619889526,-0.40199550769764686,0.04540310219505847,-0.17355904099948907,0.02555213866368465,-0.21641521984325143,0.1736323060164075,0.27346553170158,-0.09828502019608032,0.07702659712916815,-0.20704886583825782,-0.26460817676149345,-0.061667935950951,0.21682396151658584,0.3614529609670982,0.19772107236848446,0.26105289541418836,,,-0.1602016715992018,0.009387562299364716,0.32495155832762956,0.32614307886593463,-0.03575140022943518,-0.0964109781843772,-0.21575197863746348,-0.1905835172992201,0.055702621152381594,0.2047005292433459,-0.06432090077410274,0.0941706110880819,0.06444429448680748,0.13889697589002536,-0.08813588732611609,0.09752537765224181,-0.27225087484214283,-0.07259984768588588,,-0.10529918155263995,0.545914993300107,0.3363963251809935,0.2544744681056173,,,-0.05571033325942564,0.6234717977885533,0.1853932692585773,0.46157539066642245,0.0005417755198442154,0.07650217385017304,-0.3742434904996481,-0.03282465560621981,-0.32323947056385144,-0.18430200611184483,0.09470274647412107,0.07020909450223169,0.08662817039900514,0.3071327350023618,-0.0095533726008117,0.024576557122612863,0.015160074421832976,0.03033364503099303,0.20274936616120232,0.22002448593986484,0.026454455187838007,0.1883084457212266
#18,0.3056057378076408,0.0643825976304551,0.2511351257555455,-0.013891432813087445,0.2633973759555783,1.0,0.2644924951558328,0.20296916121195763,0.2397944723472762,0.3132137314065919,0.41610480753472856,0.33159553854607504,0.2268394264551119,0.1654111999074547,0.15666952657302882,-0.05812807881773399,0.3385171546181061,0.16613999402311705,0.09761406688324833,-0.3273654478324159,-0.2541736959308995,-0.5777312909103178,-0.10793286610818158,-0.4021227574638736,-0.186349570532039,-0.24380091195665796,-0.12152931082683428,-0.33088216864450076,0.4458928209923554,0.3270993801393963,0.5953457433989183,0.37010208901699554,0.5018865741856497,0.16110784417687718,0.3199155524278677,0.15769909286340894,0.4021767422131819,0.24141787088004782,0.30654275881349236,0.1685731637955135,,,-0.08192378510213721,0.21188435695487454,0.12633009746175278,-0.05424888897457897,-0.16250373555184947,0.06798800767354651,-0.13627100344152776,0.006954392526968274,-0.18264004704385298,0.05558308349319888,0.03581309708578755,-0.30060443638957707,-0.04135038994341241,-0.2558626473735455,-0.019313044065051622,-0.07292761223525783,0.15997802049492446,0.23860680786249314,0.2209807872133265,0.21214271254085007,,,0.025571418931294766,-0.06735175884241273,0.3913373757627756,0.30716743948406006,0.1495165472896764,-0.027109984286581897,0.028737238872875555,-0.17487395525049887,0.038250122911706014,-0.1567620718575574,0.13606663260486054,0.2158213876008599,0.1309843540628344,0.16855388352790338,-0.06460624873473243,0.12001388179267929,-0.028525155929164298,-0.06943788379782712,,0.024599693443744998,0.2266376177301341,0.04759719664908949,0.26319686117243307,,,0.006777014064955221,0.3254374210714045,-0.04687611464047121,0.12879025960880336,-0.19008608639487917,-0.02521280595374664,-0.29645532279988046,-0.08947393789825803,-0.07635178776281415,-0.1783983881696278,-0.000252571505692499,-0.06881705918078143,0.6425939672042648,0.3644568266607541,0.19604754513992653,0.018221780918319146,0.06101626290572913,-0.013208911339689395,0.22099235537389258,-0.04425785429901767,-0.17166957477369785,-0.03891336411749395
#26,0.2650053502742618,0.271279149354593,0.17581483230987247,-0.011381141970250547,0.13449721882139723,0.2644924951558328,1.0,-0.17428397906162937,-0.2435232761030723,0.24569809028949322,0.3049077921201546,-0.18416704423857402,0.06251349691050964,0.16865028486595393,0.24468780426672324,0.18735600050128695,0.43958431743032594,0.29954016561749874,0.06063836966057089,0.10549584028226312,0.1448352983139406,-0.05480801673527229,0.09634928132802484,0.026809212111864114,0.17267214868942382,-0.09464104961776869,0.3209065581830276,0.05857538102628865,0.4601910674520162,-0.05537871265653167,0.2420232712830054,0.06597514773505056,0.09397780841198076,-0.17898450830497528,0.2198278272102417,0.06329904659076668,0.05545583372697213,-0.04337481804247443,0.1256282957207446,0.002438953852679475,,,0.3498770882939855,0.05033885070324776,-0.07813328448998873,0.0807245524567881,0.21746021034771962,0.2675927621875392,0.12014113155890603,-0.2092313921317228,0.0035726335881542037,-0.043351681721342294,-0.02151485062612669,-0.06041471855629356,-0.012742328863524626,-0.12238921076224538,-0.21798848968023676,-0.22348336594911938,0.06125919427761657,0.001833553449721882,-0.05134142461897371,-0.2152159871979023,,,0.164616852881918,-0.010802733941947114,0.38568825735301204,0.5983650333066622,0.1194431858714199,0.162762091137825,-0.1345743398918377,-0.07489805558501152,0.029527729844890247,-0.01746213837448064,-0.26415701849941675,-0.046347835307954076,0.09468346620651094,0.11599973007625346,0.3208564294872413,0.19756683022760355,-0.022644674308079395,-0.03847377401598334,,-0.11359355267851118,0.06742116780580915,-0.2775529484349243,-0.2910144312803062,,,0.07048287430229531,0.2972843743071154,0.11231334290919957,0.13565789093152614,-0.17910790201768,-0.31542325007471106,-0.016297610210829726,0.11358969662498916,0.11475036873511804,0.15352298689905816,-0.12927612235257827,-0.04873087638456422,0.2506145585300724,0.06876693048499513,-0.007205036005899762,-0.1730731782557142,-0.1903290177667666,-0.0410110572334744,-0.009079078017602884,0.005377266636460914,-0.19476347931709292,-0.30783453674337
#49,0.12315270935960591,-0.16509114746512682,0.3614182564854,0.07046745008820722,0.08203946670779791,0.20296916121195763,-0.17428397906162937,1.0,0.4093721380852766,0.2031349715134046,0.31820732071761154,0.26070199454368426,0.1177984730660535,-0.04122314017718566,0.16834951269123616,-0.18965035234689057,0.18214261613951202,0.13705378230649842,0.3432909488783704,-0.03646477013100942,-0.02345058949418218,-0.2106697000954373,0.1494317141121919,-0.2358073130055045,0.0012397212073303578,0.22316331350679147,0.07295074855638996,-0.0956359114264506,0.06715510011278956,0.24356183663829253,0.26613903000973654,0.015476270810638851,0.24830092641685866,0.10571949138654045,0.36281029180685026,0.01993772473561933,0.3791599587402273,0.257455197478141,0.2807843212863795,0.08007673546508826,,,-0.07954074402552708,0.17370557103332596,-0.16721968900928344,-0.34739378982580277,-0.2093856342726037,-0.2630657553526843,-0.5188840581107266,-0.2278214261613951,-0.3051198750638659,-0.02917297292086414,0.11158454879353726,-0.2398137526148863,-0.31581656753395737,-0.0933107111526708,-0.22531884742560226,-0.3260428214743621,-0.26545265248281646,0.06087744497893631,-0.0427462813183847,0.010602219158801924,,,0.17611560448459024,0.17545621933232433,-0.09772974848890903,-0.08617701213692847,0.3282716204100913,0.08244435232761031,0.4081034964765311,0.22760934321768386,0.27981259579882967,-0.09804980093123693,0.2624564988962047,0.12958460663434007,0.18579044277134565,0.1982840561826998,-0.1891143609073294,0.062446858762399624,-0.08370913788283381,-0.07260755979292993,,0.23953997281482267,-0.05538642476357572,-0.015908148805105413,-0.029234669777216508,,,0.14154222860613305,-0.004744873858849161,-0.2447842056047738,-0.3092150039042542,-0.24560554500496468,0.014828453818939007,0.01257266250855562,0.23975591181205594,-0.06568979977442087,-0.18825060491839626,-0.04096864064473215,-0.041658874225174246,0.29543732467006645,0.12280952059614587,0.28223805346418207,0.06713581984517945,0.08462687862107526,-0.05992114370547463,-0.12050745664349821,-0.1362748594950498,-0.3285916728524192,-0.1544407276372996
#50,-0.1855436553459362,-0.2717958605265441,0.07532222147243403,-0.03849691033711548,0.12888666094685394,0.2397944723472762,-0.2435232761030723,0.4093721380852766,1.0,0.2804372764693974,0.5435512324911069,0.5995989704337096,-0.010866882628697562,0.2965324438703209,0.46396228779655463,0.003310421948656647,0.13758591769253758,0.004856699410987824,0.583823855475114,0.022598401665815122,-0.21279438558607194,-0.32614307886593463,0.28865067047130616,-0.3046455804806571,0.05731059547106514,0.04173213924209268,-0.19791387504458563,0.04792881725198346,0.044897959183673466,0.26025854838865164,0.18093567138711886,0.31884742560226736,0.285928296684758,0.08154589185697897,0.23933560197815545,0.042187153557691384,0.6368561595634947,0.5136783858559957,0.1972737701599298,0.013868296491955309,,,0.036009755815410716,0.6018162012088728,0.02977451727029971,-0.1192079666065765,-0.40032969257613293,-0.6488292057493757,-0.5645165954903454,-0.1848688459795822,-0.5360859128724706,-0.24956571197208216,-0.3188667058698775,-0.4989559735089123,-0.5235498828723743,-0.354168875863997,-0.17217086173156082,-0.09756779424098407,-0.41818707643662095,-0.036607444111324265,0.15040343959974165,0.14205893977808412,,,0.20652829861278474,0.41692229088139743,0.3235363866850472,-0.15436360656685916,0.5525975340537727,0.26421485930224714,0.6500554307693791,0.08743794163862995,0.05422189659992481,-0.20975967146423993,0.3823951876452045,0.23818649802859262,0.10081459130652734,0.1735628970530111,-0.08802791782749944,0.35074084428291863,0.03849691033711548,0.017793758977374605,,0.27656965478680845,0.2869732871892262,-0.13323628931969575,-0.00590554596897805,,,-0.007424831056655067,0.12598690869829274,-0.17182381691457876,-0.22037538681036892,-0.22105790828376698,-0.1179084765696548,0.31192195347671425,0.02247886400663241,-0.4399660667290062,-0.6216941571149007,-0.36564063509201505,-0.4551820539269085,0.17133024206375985,0.4013978194017333,-0.05823219226282861,-0.023975012773177293,-0.00753665660879373,-0.15328005552717072,0.18892155823122825,-0.08473870417321393,-0.31389239682646797,-0.20371723559523006
#51,0.45163834074016945,0.43882853094000945,0.17554876461685287,0.5177079617865096,0.4373208140128985,0.3132137314065919,0.24569809028949322,0.2031349715134046,0.2804372764693974,1.0,0.4924623793778258,0.3695738096844784,0.04073345678031666,0.16452430759738945,0.10929405300145566,-0.31069187240318896,0.5706400084833178,0.16147031320794733,0.13194836744334013,-0.06329133448372264,-0.11512054987323224,-0.2672997021198654,-0.1141526804392045,-0.27294496447610694,0.008982676679552312,-0.05917306932220219,-0.05475788803948599,-0.3075491887827403,0.3032381209451187,0.13372215206347063,0.40778730008772524,0.14410264814475626,0.3556650246305419,0.12046889610827799,0.26887682801037277,-0.11640461569606586,0.3609401058486692,0.047755294843492425,0.10792901005465956,0.14448825349695854,,,0.2470939816644655,0.15629934543491464,0.12695477813232048,0.11233647923033172,-0.20419924228548292,-0.017600956301273462,-0.17349348808961468,-0.081044604899116,-0.07842248850414044,0.13374528838460278,0.16746262038117088,-0.10806011587440834,0.02171536540927188,-0.2907445075337646,-0.25762871988663205,-0.41114206665188513,0.022829764877136494,0.017219207002593197,-0.10661795185717178,0.0038387012811737825,,,-0.04340181041712859,-0.09317189322587797,0.3550326318529301,0.309357677884569,0.08058187847647326,0.01532588472327996,0.08765773668938524,-0.06655355576335399,0.22335997223641463,0.02159197169656715,0.058278464905092885,-0.17427626695458534,0.05323089084476493,0.082224557276855,0.03735551849459671,0.051642196793691496,-0.10772078316447033,-0.14805895905835173,,0.1601515429034155,0.2798318760664398,-0.09486855677556805,-0.027449316996519913,,,0.23242555406669044,0.35099148776185013,0.18456036169782036,0.05997512845478295,-0.06440573395158725,0.08124126362873917,0.06024119614780253,-0.12391235190344442,-0.07028621557267214,-0.03701618578465869,0.1626965382279506,0.08403304637868374,0.39159573134875114,0.14095610847078557,0.2528202211446695,0.07163969035890218,0.08066671165395775,0.11353571187568083,-0.037166571872017586,0.38184762804507727,-0.1350139299933483,0.05520133419451862
#52,0.1588212044383176,0.03448661467421168,0.33769967127143724,0.2027802145893785,0.23119547299316515,0.41610480753472856,0.3049077921201546,0.31820732071761154,0.5435512324911069,0.4924623793778258,1.0,0.4748286466216151,0.19059656045588763,0.22538825638899868,0.35790539172683716,0.00976931159804498,0.6011375357889968,0.25932152738280007,0.3468886468144178,-0.16718884058110728,-0.146250469956523,-0.2986571293609555,0.12302160353985714,-0.18301794028901122,0.11284547829523874,-0.05030414622154956,-0.044782277578012786,-0.23727646939739525,0.2979938881551676,0.28434345868720656,0.4188580297494529,0.277340865491213,0.48161144476685336,0.14056664706506125,0.2728177147098802,0.06523092940530015,0.5576721004887548,0.21399747428494306,0.02108682868518215,-0.012345155350756268,,,0.33045029065003423,0.3062496987458186,0.04602778286562618,-0.09253178834122218,-0.20799745500467545,-0.3310518349994698,-0.25315184174756344,-0.18279043313121185,-0.2395129804401685,-0.0925857730905305,-0.08725670712309487,-0.26401434451910194,-0.1412645927525474,-0.3284104383368841,-0.19502183490306846,-0.37519207966606577,-0.1381334772926648,0.009167767248609411,0.10030173618809829,-0.08255232182622695,,,0.012406852207108635,0.15589445981510222,0.41016648511081333,0.24710169377150956,0.286101819093249,0.11114110263850462,0.32641300261247624,-0.12091619831683263,0.13044836262327322,-0.1386193400364397,0.326374442077256,0.16297031802801423,0.1715577492215592,0.1699420627958316,0.0656936558279429,0.22994996770555176,-0.12710516421967938,0.10770535895038223,,0.2339679754754996,0.20377122034453837,-0.163602710805626,-0.08390194055893496,,,0.07853817010980113,0.1747582736448382,0.07227593919003596,-0.08465001494220739,-0.2404692817136302,-0.03668842123528675,0.13718488812624718,-0.021892743871284932,-0.14825947384149693,-0.19193699208545015,0.006055932056336942,-0.05085556187519883,0.5518725959916324,0.2878524673922474,0.28919437401791137,0.24863254701975263,0.2359731233069515,0.21513501007393981,0.10577733218937078,-0.02372051324072378,-0.29893090916101916,-0.18781487087040769
#53,-0.11207041153731213,-0.1762929829466033,0.21069283641656947,0.0692335129611599,0.17601534709301764,0.33159553854607504,-0.18416704423857402,0.26070199454368426,0.5995989704337096,0.3695738096844784,0.4748286466216151,1.0,0.04680124947593611,0.3196186363066719,0.30939623841978925,-0.08625413320736892,0.2784514089055556,0.2407584857277819,0.3822293773437575,-0.2701801741008165,-0.08885696933473436,-0.21724427135048635,0.1691168673421187,-0.2361427896619205,-0.07189033383783366,0.0351652800940877,-0.2714218233349079,-0.16280836378008925,0.2777341829504594,0.3113551136089769,0.3412086799764781,0.39523970192706276,0.5235267465512421,0.22134325624439669,0.30784224885041406,0.050770728697714325,0.6264216787329008,0.4172384872702033,0.06022191588019242,0.1676322867361399,,,0.11040459641579825,0.37927178429236597,0.19094213027676823,0.19068763074431472,-0.37547742762669545,-0.3969286533697088,-0.3619503918714392,-0.24384332854540022,-0.4417205710815266,-0.2260322173271765,-0.23270318992027608,-0.3404837419143378,-0.36620361890623043,-0.2602662604956957,-0.030634417205710814,-0.02143001744864219,-0.32540271658970626,0.051592068097905196,0.26920844861326676,0.3091995796901661,,,-0.020770632296376275,0.24176105964350786,0.3207561720956687,-0.1465550981847628,0.3585994813608013,0.016212777033345224,0.2656724475335718,-0.1923187413841304,0.003595769909286341,-0.1684227777081546,0.4468067056770748,0.32123817878592154,0.16679166706833892,0.19201025710236858,-0.12378124608369565,0.1931555049984094,-0.041855532954797416,-0.01141199039842673,,0.5148197776985145,0.43394291112760647,-0.048071491232298307,0.09036083020832329,,,0.28396942149557036,0.11888405811072658,0.029793797537909825,-0.08375541052509809,-0.3881252831789305,-0.19050254017525764,0.0612129216353523,-0.11547530679725834,-0.23856824732727291,-0.42368580875902556,-0.18339197748064742,-0.3350428503947635,0.4634147281964274,0.4211138210598363,0.20748459988624643,0.28063779125254257,0.28047583700461765,0.06444043843328545,0.3058640933936163,0.08143021025131829,-0.4298709186083503,-0.2052056722547309
#54,-0.10551635057762138,0.08872242799139786,0.2043787600708504,0.022491516299460088,0.18413157510208655,0.2268394264551119,0.06251349691050964,0.1177984730660535,-0.010866882628697562,0.04073345678031666,0.19059656045588763,0.04680124947593611,1.0,-0.05141331179812287,-0.053216103717539515,-0.23021942028905565,0.028603655748177487,0.25801519388297045,-0.010232531247426891,-0.22671988303371743,-0.05219034403718694,-0.29859054484789443,-0.11825543743493237,-0.06800670993555566,-0.06229176314501989,0.1046139905580631,-0.14441616552332281,-0.2702606820971043,0.09712131740420953,0.16966874923305525,0.11041570273509485,0.10582677784930702,0.2677001391356227,0.21527263637534672,0.07533163667551698,-0.01658375753893324,-0.00128991207924036,0.04263458280442876,0.18951681342393756,0.1013091933924159,,,-0.05564939077882701,-0.0930124943236995,-0.17697053853661765,-0.08299012812356289,-0.07513496846612608,-0.015224433150496087,-0.020156563342868045,0.05031621168887359,-0.04123283978259357,0.04307612221570834,0.11132770335315269,-0.12054411551872656,0.09369697681716785,-0.16023060330199163,-0.019819142395383647,-0.09483456744011526,-0.038217260571933,0.07301403679622415,0.15720152725343167,0.09966065104899212,,,-0.08634120016200796,-0.12622628427436383,-0.06610365579174365,0.07420175853136923,-0.030155792106605725,-0.23665355572765814,0.027213481444541766,-0.22598912566745122,0.23803601755249423,-0.023307110932522378,0.15600994927888676,0.14970114162077847,0.22593899455525354,0.194805645760793,-0.062004473309733174,-0.024924803360747583,0.029301635079545217,-0.13006709871658625,,0.16114646015944928,0.012415162747725975,0.05211900360829024,0.055541416075632004,,,0.032762609940885194,-0.000663273176769333,0.06210473553412854,-0.18599992309130015,-0.14434868133382595,-0.2302811201194528,-0.20175651727897165,0.05145380231182099,0.15567638457080218,0.1262204999152641,0.15948249285842622,0.12691847924663183,0.16720461225656919,0.18594207950030284,0.23017314541625777,0.10966759229152943,0.11979600507516114,0.17111291088828848,0.12255514436573357,0.059999228821825894,-0.07227363883145838,-0.0708024835004264
#58,-0.20637791252542587,-0.12767971619446078,-0.2416685143589793,-0.28556197160016583,0.21916844205797575,0.1654111999074547,0.16865028486595393,-0.04122314017718566,0.2965324438703209,0.16452430759738945,0.22538825638899868,0.3196186363066719,-0.05141331179812287,1.0,0.6043072117840995,0.2732611608649128,0.12892136542855215,0.07192118226600985,0.6397829041867101,0.33882563889986794,-0.21643450011086154,-0.08373227420396595,0.27176886815188994,0.19756683022760355,-0.15722865433372216,0.2905092882689212,-0.2655220614462129,0.40117416829745595,0.4078181485159014,0.4472617199926735,0.3511842904379513,0.728063393519902,0.2541119990745472,0.06766024312417457,0.4742193901651355,0.4372012763537158,0.5874871063210357,0.6302353156661814,0.2618202500650709,0.320810156844977,,,0.20610798877888425,0.653757242150521,0.12122082654507245,0.404043072117841,-0.5217375377170235,-0.35658662142230535,-0.34633723116076853,-0.36987843791271824,-0.48929270338272296,-0.14412192841236637,-0.2010951192002545,-0.23724562096921906,-0.4660638369660571,-0.18779559060279757,-0.26435367722903996,0.053550943287092825,-0.13721188050090136,0.20547173994775048,0.052590785960109125,0.1322144351363597,,,0.1913431598430586,0.6117571071886477,0.776414448632547,0.07872711673238024,0.5393211417774478,0.25850790008965324,0.059793893939247875,-0.11096758023001359,-0.3190749327600667,0.09797653591431849,0.048742444545130284,0.24681248975735784,-0.1313236867727724,0.04659847878688556,0.10281973913797923,0.7432292520220181,-0.1517260659577955,-0.018032834295740024,,-0.012472405116983023,0.5197169656714835,-0.30382809713398823,-0.1120125707344818,,,0.10423876683408366,0.5143801875970039,-0.07312427096488099,0.1738521010671628,-0.3502395573250557,-0.22309776059691708,0.12715529291546568,0.3178101472048432,-0.6014421640172366,-0.5671040074036228,-0.424607405550789,-0.420219216642727,-0.027503301745828233,0.8059518186112423,-0.42381691457877435,-0.2117609632421698,-0.33205826496871776,-0.47913585840571465,0.23781246083695642,-0.09765648347199059,-0.48102146857798384,-0.4352616814321383
#101,-0.27431386347642506,-0.2789372716493305,-0.03803418391447273,-0.43990436987265386,-0.012927419432581725,0.15666952657302882,0.24468780426672324,0.16834951269123616,0.46396228779655463,0.10929405300145566,0.35790539172683716,0.30939623841978925,-0.053216103717539515,0.6043072117840995,1.0,0.42841718643054766,0.12437893437960919,0.07610114428388266,0.6790028245592049,0.27825475017593243,0.14602681885224567,-0.0052962895124984335,0.6433960263368456,0.015534111613469195,0.1729382163824434,0.09157163101423847,0.0797643951298044,0.35829870918608353,0.3459901863437865,0.21638822746859726,0.10496756094974598,0.4159544214473697,0.0869752152159872,-0.031421052124203486,0.30323040883807467,0.24970838595239703,0.5768945272960389,0.49702794674790085,0.2923640500130142,-0.004039216064318973,,,0.17403719163621992,0.6339024225656252,0.023408172905439926,0.09886342822438375,-0.28093085132021633,-0.5202452450040006,-0.5454329866098542,-0.5842750137371907,-0.5547453558655394,-0.365964543587865,-0.4382925395004483,-0.43533494644905674,-0.6500554307693791,-0.28806069428243664,-0.2934823055344008,-0.09082741268448806,-0.42729121880211696,-0.04905092882689212,-0.01083743842364532,-0.02553671444959656,,,0.4156382250585638,0.5820192224268073,0.47483635872865915,0.09977345685558116,0.6727251694253517,0.5652261093383976,0.24698215611232685,0.12287507350602027,-0.16849604272507301,-0.15738289647460307,0.12917586496100567,0.16833023242362605,0.08566801307202145,0.20975967146423993,0.32999527633443554,0.6332160450387051,0.025112548562174042,0.011701194412578447,,0.09684285617884376,0.26174698504815247,-0.4609468539423327,-0.26715702813955056,,,0.08498163554510137,0.37339130267128107,-0.2765465184656763,-0.15952300617932577,-0.3850982811641426,-0.33486932798627245,0.3840571467131964,0.20052827933251713,-0.48789681200775065,-0.6413600300772174,-0.6505798540483742,-0.6828550220277058,-0.016054678838942283,0.4546306382732592,-0.44191337375762774,-0.2749269759864267,-0.27371231912698946,-0.4571833457048384,0.0219544407276373,-0.3948425284142944,-0.5004945388641995,-0.4911821696085142
#102,-0.30682810677412203,-0.28917509375030126,-0.16916313998438298,-0.463684651942969,-0.13433140851995026,-0.05812807881773399,0.18735600050128695,-0.18965035234689057,0.003310421948656647,-0.31069187240318896,0.00976931159804498,-0.08625413320736892,-0.23021942028905565,0.2732611608649128,0.42841718643054766,1.0,-0.17197420300193766,-0.15889446945523603,0.23712222725651433,0.24125977268564489,0.12472983525011327,0.08295720744603935,0.5176192725555031,0.4343632209615069,-0.13477871072850492,-0.08994437642794482,0.0981307780551994,0.5164778807129843,0.03818842605535365,0.20792418998775702,0.011111218223708945,0.2755208082288182,-0.17286880741904698,-0.1635371578957516,0.1870937888617894,0.3829697396199859,0.21813501971407362,0.3394117590352154,0.16249987949832745,-0.032439050254017526,,,0.021426161395120165,0.37067664099177694,-0.042422372822534776,-0.028852920478536243,0.08797007702466911,-0.11345473475171836,0.025131828829784156,-0.12565528809539878,-0.13012059807390128,0.08235566309660378,-0.0830998814263542,-0.2698871140331428,-0.22634455766246037,-0.19268892252224462,0.11495473957178526,0.2360039717351277,-0.09213461482845382,-0.04108432225039284,-0.016000694089633963,-0.21822370894508017,,,0.3420030270020148,0.4826140186825793,0.2241119026732091,0.0016407507736207378,0.2819835539317286,0.36356607829716675,-0.005045646033566946,0.13554992143290948,-0.6211234611936414,-0.3110851898624353,-0.19233802165174052,-0.07348673999595115,-0.25762486383311,-0.16657572807110563,0.3163294226523864,0.46113194451138984,-0.15370807746811527,0.010980112403960168,,-0.2560438818890806,-0.04201748720272237,-0.21553218358670817,-0.12864758562848852,,,-0.23310036343304444,0.19774806474313864,-0.3591200485862744,-0.068913460518832,-0.14813993618231422,-0.14225174245418526,-0.06993145864864604,0.0749289040131877,-0.28293985520519027,-0.3308281838951925,-0.435211552736352,-0.18375444651171757,-0.164281376225502,0.13455120357070557,-0.49847782287218145,-0.20602701165492177,-0.39102503542749173,-0.35633597794337385,-0.05351623880539462,-0.3245929453500815,-0.18386627206385625,-0.27011847724446414
#201,0.49057291315203455,0.2301928990774392,0.5121860931429728,0.40718189968476765,0.022147243403738442,0.3385171546181061,0.43958431743032594,0.18214261613951202,0.13758591769253758,0.5706400084833178,0.6011375357889968,0.2784514089055556,0.028603655748177487,0.12892136542855215,0.12437893437960919,-0.17197420300193766,1.0,0.3966664417302112,0.08947393789825803,-0.11384419615744266,0.17347035176848255,-0.027858058669854337,0.09289425737229233,-0.0700085797190865,0.44428870272719384,-0.10566936269075415,0.33926908505490055,-0.34860073457819596,0.5361553218358671,0.03772955568623292,0.37845815699921914,0.24282147436206414,0.35677171199136243,0.10983775654806088,0.07118467604330347,0.02139145691342196,0.170011471759228,-0.0816345810879855,-0.009241032265527846,0.00408934476010527,,,0.23694484879450126,-0.02876808730105174,0.02024235296385914,-0.03234264891596696,0.17721457973836677,0.091995796901661,0.025301495184753164,-0.06493786933762641,0.1783289792062314,0.11240203214020611,0.1695371771760192,0.024807920333934235,0.09479914781217164,-0.1507659086308118,-0.13550364879064522,-0.5574561614915216,0.0059363943971542325,-0.23634716049858773,-0.12017583604060425,-0.16925568526891152,,,-0.0035032246247577916,-0.16416569461984132,0.3825609979466515,0.37684632662701356,0.057669208448613264,-0.07175151591104084,0.15504227198673518,-0.13893168037172357,0.11633906278619147,-0.034093297214965346,-0.05938129621239143,-0.25144746609082935,-0.041628025796998064,-0.0669083126873801,0.08963974819970501,0.011608649128049897,-0.03990051381913181,0.10498298516383407,,0.1782981307780552,0.050790008965324436,-0.2263214213413282,-0.2027609343217684,,,0.23631631207041154,0.015136938100700837,0.1781323204766082,-0.08131452864565761,-0.17192407430615136,-0.04878486113387254,0.1980449808643344,-0.027873482883942428,0.2224268072840851,0.22515689317767731,0.2463034906924508,0.1591219766130354,0.5751207426759083,0.11680950131587826,0.4400354756924026,0.177253140273587,0.22485997705648153,0.20155398956937523,-0.06971937570493479,0.08962818003913894,-0.2488947586592502,-0.1835539317285724
#202,0.040120308869887114,0.08135308918087783,0.785167690127539,0.038504622444159524,-0.19392671570281395,0.16613999402311705,0.29954016561749874,0.13705378230649842,0.004856699410987824,0.16147031320794733,0.25932152738280007,0.2407584857277819,0.25801519388297045,0.07192118226600985,0.07610114428388266,-0.15889446945523603,0.3966664417302112,1.0,0.1299393635583662,-0.09521945764607213,0.23151552543549306,-0.04898151986349571,0.23094482951423365,0.06927207349638013,0.4030096497739389,0.2649667897390416,0.17557575699150704,-0.09423616399795628,0.48121041520056296,0.2329229849710314,0.21351546759469023,0.21015298892348624,0.4463671155755642,0.5429342639275833,0.15866310624391466,-0.08456903781824492,0.026261652511736865,0.2283728418150444,0.23568391929279978,0.20706814610586796,,,0.12756789064232213,0.04285810687052336,-0.22514532501711124,-0.22066844687804266,0.11653957756933667,-0.0695535654034878,0.02159197169656715,-0.3480570310315907,-0.04294679610152989,-0.38732708009987177,-0.22845381893900688,-0.11051642196793691,-0.0178940163689472,-0.011338725381508295,-0.20097172548754977,-0.2252224460875517,-0.23430345213191558,-0.16737778720368637,0.01405724311453443,0.01812152352674655,,,0.013752614886294623,-0.010633067586978108,0.025490441807332287,-0.04395322607077786,0.2763807081642293,0.023203802068772716,0.2885427009726895,-0.15700885928296685,0.2168162494095418,-0.17038936500438626,0.18325701560737662,0.05112934167526245,0.17040093316495233,0.17863360743447118,0.1932094897477177,0.1196976854038734,0.059932711866040704,-0.11812055951336604,,0.3423577839260409,-0.22986513452806726,-0.3075838932644385,-0.2758023001359259,,,0.18418632450618413,-0.2681364657341444,0.03698533735648251,-0.4188040450001446,-0.4153721573655442,-0.47176694012512893,0.21160286504776687,0.41392999334830766,0.5316128907869241,0.26032795735204806,0.03377324477263744,-0.12102031176192725,0.4883556823768714,0.18352693935391823,0.4510907811400422,0.2690927670076061,0.37006738453529736,0.2576595683148082,0.06522707335177812,-0.0008309795339959318,-0.3957718373131019,-0.3869800352828897
