,#10,#11,#12,#13,#17,#18,#26,#49,#50,#51,#52,#53,#54,#58,#101,#102,#201,#202,#301,#302,#401,#402,#501,#502,#601,#602,#701,#702,#801,#802,#901,#902,#1001,#1002,#1101,#1102,#1201,#1202,#1301,#1302,#1401,#1402,#1501,#1502,#1601,#1602,#1701,#1702,#1801,#1802,#1901,#1902,#2001,#2002,#2101,#2102,#2201,#2202,#2301,#2302,#2401,#2402,#2501,#2502,#2601,#2602,#2701,#2702,#2801,#2802,#2901,#2902,#3001,#3002,#3101,#3102,#3201,#3202,#3301,#3302,#3401,#3402,#3455,#3501,#3502,#3601,#3602,#3701,#3702,#3801,#3802,#3901,#3902,#4001,#4002,#4101,#4102,#4201,#4202,#4301,#4302,#4401,#4402,#4501,#4502,#4601,#4602,#4701,#4702,#4801,#4802
#10,1.0,0.16243818264197507,0.3511148814745549,0.3410081651933329,0.4998004492302353,0.28686917374413157,0.29099129495917403,0.5941349425930031,0.26900793383012156,0.18520817868952022,0.39633867718083926,0.21092419962789083,0.056682058746975406,-0.006850279081873656,-0.3246662103669999,-0.36181542999816835,0.36632701261893513,0.2734848119691901,0.004937676534950305,-0.3036005899761889,-0.3417909440583035,-0.2771596309756779,-0.07037104875015665,-0.12795735204804642,0.009850288722007461,-0.00042609391418352885,0.1434201266713582,-0.05135299277953978,0.22666461010478825,0.23976747997262202,0.38600830979533995,0.15299470756654102,0.04159717736882188,0.09381199811053377,-0.016629230813723694,0.1487954652810581,-0.2242969932422662,-0.09363461964852073,0.14065148024254576,0.07115768366864932,0.2165617498770883,0.07861143512671956,-0.09856265604966596,-0.37285916728524193,-0.06959983804575208,-0.14312321055016244,0.21673912833910133,0.04514860266260496,0.06798029556650247,-0.017392729411084225,-0.006684468780426672,-0.13288153239566966,0.07379522427771297,-0.11658199415807892,-0.21934196446646678,-0.315920680979052,-0.30018027050215457,-0.24602199878534314,-0.05172317391765398,-0.12715143686194363,0.0797296906481062,0.2146915639189072,0.012206337423963445,-0.06317950893158397,0.007972390656782315,-0.017253911484291402,0.13790211408134345,-0.13344451620988498,-0.06862811255820231,-0.13961805789864362,0.10113849980237725,0.22021343256244397,-0.005330993994196639,-0.006896551724137931,-0.2617739774228066,-0.21440235990475548,-0.01850327282542682,-0.08199319406553363,-0.07287748353947153,0.12823113184811005,0.36397867602402323,0.08148805105414864,,0.27861336315348056,0.30997079039457065,0.19319792158715163,0.16971841169155427,0.4068950159498058,-0.013166494750947144,0.3683938573067394,-0.021796342533234363,0.17052432687765706,0.26950150868094047,0.14336614192204988,0.006780870118477244,0.10590072590207553,-0.04767431771952995,0.309689298487463,0.3167998611820732,0.23744613575236423,0.09604465309978502,0.26876500245823415,0.4378876538806359,0.30626126690638467,0.41388757675956545,0.2713794067461656,0.3559889331263918,-0.058054813800815556,0.011076513742010739,0.08273355634176202,0.010000674809366355
#11,0.16243818264197507,1.0,0.3308975928585889,0.30272140977316764,0.09088139743379638,0.11615011616361236,0.3442896667405744,0.046043207079714266,0.17862975138094916,0.37389644568266606,0.31679600512855116,-0.18597167728688074,0.0026664610104788255,-0.20135347478623003,0.14004993589311018,0.05963193969132292,0.34777553912448306,0.31223429381199813,0.051808007095138484,-0.07884279833804093,-0.053296443754639315,-0.05530930369313526,0.42501614722412345,0.15636104229126702,0.462176935015858,0.39731425872191106,0.10378760857200697,-0.02120636634436486,0.058737335274213605,0.115587132349397,0.2296029228885697,0.008462109454079223,0.38797104103804964,0.3370325740121273,-0.0977914453452614,-0.016251337568565453,0.18060019473070285,0.0050263657659568315,-0.027746233117715673,-0.06424377970366228,0.12359229946111652,-0.2562559648327919,-0.09928759411180627,-0.20297687331900166,-0.015271899973971638,-0.07919755526206704,-0.20750002410033452,-0.3845121610287951,-0.45958952310258067,-0.3785198538555715,-0.20305399438944213,-0.2582109839684575,-0.19266193014759045,-0.009996818755844331,0.13795995488417379,-0.21129438076600504,-0.28036401145247897,-0.2940568575091822,-0.16425823990436988,-0.35609304657148644,-0.2539886053618424,-0.03174496062005341,0.11479664137738232,0.12932239499484252,0.22041394734558917,0.15775307761271726,-0.03194161934967658,-0.0756345618077179,0.19712724012609295,0.3412279602440882,0.25642177513423886,0.38971397723000395,-0.10052924334589763,-0.23257208410052732,-0.28518022230148554,-0.2762958749867448,-0.211626001368899,-0.06757540994669006,0.2322173271765012,0.41168577019849034,0.15850115199598971,-0.13419644664667946,,-0.21687409021237214,-0.12933781920893062,-0.2732303124367366,-0.3637434567591798,0.03748087636614619,0.006923544098792091,0.1043467363327003,-0.1195280190489044,-0.1457954556409243,0.0251896696326145,-0.30569057098512525,-0.23548726056317662,0.16391505114090985,0.40278214261613954,0.07865770776898383,0.055390280817097744,0.020307905873733528,-0.147765898990678,0.2778537206096421,0.340186825793142,-0.0741692614693492,0.18531614818813685,0.09976960080205913,0.1906644944231826,-0.28866995073891627,-0.02232847791927352,-0.10644442944868075,-0.07230293156469011
#12,0.3511148814745549,0.3308975928585889,1.0,0.43595962711962444,0.21192291749009476,0.266555483790115,0.4275572864951366,0.362432398561692,0.1494008656840157,0.33727550538401474,0.49917962461318965,-0.051661477061301614,-0.035126719558867474,-0.0036381864980285926,-0.18900253535519074,-0.07944819874099852,0.5817377305196996,0.75533726008117,-0.4032178766641281,-0.3347536463806118,-0.2992625297639131,0.010559802570059673,0.4275572864951366,0.3217201854761744,0.24980478729044758,0.18419018055970618,0.11030048297070363,-0.12859745693270222,0.11020793768617508,0.1609613141430403,0.2949129013910713,-0.12880182776936944,0.22799109251636412,0.24024177455583084,-0.28900542739533225,-0.16174794906153298,-0.15845102330020341,-0.16580451736670104,0.06775278840870311,-0.1288442443581117,-0.0050957747293532436,-0.255438481486123,-0.1573867525281251,-0.20954373246700664,-4.820066902528607e-05,-0.020462148014614445,-0.11607685114669392,-0.23867236077236753,-0.1454792592521184,-0.2937946458696847,0.013810455689124965,-0.08896108277982899,-0.04624372186285946,0.1598276344075656,0.00153663732852612,-0.3129052471248301,-0.37469850481524686,-0.15184560361697821,-0.13975687582543644,-0.49002920960542934,0.014566242179441451,0.05439541900841584,-0.2795118236241119,0.06728234987901632,0.060441710930947724,-0.13324785748026183,-0.08965902846731513,0.07978367539741452,0.057229618347102655,-0.029068859475769523,0.3734298632065013,0.3601573269836985,0.09432099717544079,0.03709330685509915,-0.1596772483202067,-0.03610615715346129,-0.007239740487597968,0.004324564024948666,0.1381296212391428,0.42736062776551337,0.21406688324833947,-0.09392767971619446,,-0.04961776869462948,-0.12724783819999422,-0.1350486344750465,-0.3018769340518446,0.09859359952343713,-0.10882361447176887,0.18471460383870128,0.16507572325103873,-0.07625153037124155,0.11899973971638726,-0.2794347025536714,-0.2691313275428263,0.5438558607193468,0.29067509857036816,0.6351286475856285,0.46459468057416636,0.4948801249361341,0.2645156314769649,0.40936056992471054,0.244984720387919,0.29238718633414634,0.32774334107757414,0.2637174283979062,0.44708434153066046,0.02961256302237475,-0.04612418420367675,0.07855745037741124,-0.18293310711152672
#13,0.3410081651933329,0.30272140977316764,0.43595962711962444,1.0,0.17739581425390186,0.21148718344210618,0.061128088457867796,0.18688941802512218,0.024630541871921183,0.17756162455534882,0.2825156893177677,0.06079646785497383,-0.10585830931333327,-0.020427443532916235,-0.29236019395949214,-0.007702466910240714,0.352653446829842,0.2811583584780157,-0.2822033489824839,-0.22033297022162668,-0.29470467450088206,0.07954074402552708,0.04131182940819218,-0.042676872354988286,-0.13965661843386387,0.04948280682135868,0.11749587884279834,0.10302410997464645,-0.07544561518513877,-0.04143522312089692,0.29370595663867816,0.06705484272121696,0.07786721679696915,0.045349117445750146,-0.06457154425303423,-0.013841304117301148,-0.25760172751197785,-0.17234438414005188,0.13093036931352608,0.04468587623996221,-0.01405724311453443,-0.10748941995314895,-0.16441633809877282,-0.1440795118236241,0.08836339448391543,0.14215148506261266,0.14686358246652464,0.040710285058756616,0.08698678337655327,0.1222735291565847,0.2114062063181437,0.09751380949167575,0.1902788890709803,0.13269258577309054,-0.07303558173387446,-0.21343449047072774,-0.03178737720879566,0.05599182516653331,-0.1479856940414333,-0.2428137622550201,-0.07014739764587932,0.17038165289734222,-0.2181658681422498,-0.060086954006921614,-0.051572787830295085,-0.06329904659076668,-0.09717447678173773,-0.025849054784880414,-0.13881214271254086,-0.045788707547260755,-0.050076639063750206,0.1884241273268873,0.023365756316697676,0.10420406235238545,-0.06200341260736699,0.05643527132156594,-0.08607675474535587,-0.06799957583411258,-0.08630426190315521,0.02568324448343343,0.11372851455178198,0.04125013255183982,,-0.11176963936259435,0.020037982127191926,-0.030962181755082762,-0.10785574503774112,0.060784958291949125,-0.11535962519159766,-0.028671685963001167,0.025494297860854307,-0.08477340865491213,0.2674230958325702,-0.16702303027966028,-0.1688122391138789,0.1901747756258857,-0.14713736226658827,0.24219293763797442,0.2714796641377382,0.31643353609748104,0.29185119489458516,0.27224316273509874,0.3230620921018384,0.3129630879276604,0.3367665063191077,0.31012117648192955,0.37186816153008206,0.03587479394213992,0.19948714488157096,-0.06311781207523161,-0.3055247606836783
#17,0.4998004492302353,0.09088139743379638,0.21192291749009476,0.17739581425390186,1.0,0.4741731175228712,0.14066304840311183,0.45449953245351044,0.29923553738925895,0.15208853498886565,0.2667598546267822,0.4677026597129168,0.08194692142326936,0.006102204698601217,-0.37012136928460565,-0.5292568420849681,0.14686358246652464,0.0676833794453067,-0.12346119364136775,-0.22981114977875894,-0.38079878148708707,-0.24753742781949814,-0.007694754803196669,0.17487395525049887,-0.13296250951963212,0.15512324911069766,0.11591875295229098,0.11199329046687168,0.09336469590197911,0.3327600667097259,0.5111449586920267,0.1543905989415133,0.2398330328824964,0.12965401559773648,-0.0039736631544445835,0.2916969527537042,-0.3082317102561384,-0.09709349965777525,0.21564015308532483,-0.055594651653764954,0.3325865443012349,0.12894064569616226,0.07105742627707673,-0.39050832425554066,0.2747110369891934,0.07987236462842104,0.33957371328314034,0.18432514243297696,0.18538555715153326,0.16327494625625405,0.12429024514860267,0.2295373699786953,0.17144977972294256,-0.040054755960012726,-0.24442559262722566,-0.41903540821146595,-0.3240261054823441,-0.22038309891741298,0.2086761204245515,0.1258789391996761,0.210276382636191,0.45266019492350557,0.11508584539153403,-0.19474805510300483,-0.12188021169733836,0.01912024138895048,0.23044739860989272,-0.1580152892522148,-0.15751400229435183,-0.14133400171594382,0.012942843646669816,0.030927477273384553,-0.14073245736650825,-0.0576075115922609,-0.5176655451977673,-0.2996018624738511,-0.008161337279361438,0.18963492813280247,-0.14684430219891453,0.17519400769282678,0.0819199290486152,0.25314798569404146,,0.3091340267802917,0.3991343159843059,0.360573780764077,0.31213403642042553,0.4946261022300913,-0.09627216025758438,0.2391582235161424,0.08505875661554183,0.2592559744729257,0.32650940395052686,0.2585194682502193,0.02903801104759334,-0.0977605969170852,-0.031351643160807074,0.38064839539972817,0.16873897409696045,0.2343227323995257,0.15874793942139917,0.3386212680632007,0.4385431829793798,0.33268294563928547,0.3313410390136215,0.24670837631226322,0.2527700924488832,0.05329258770111729,0.17389066160238303,0.16329808257738618,0.12777611753251136
#18,0.28686917374413157,0.11615011616361236,0.266555483790115,0.21148718344210618,0.4741731175228712,1.0,0.2190874649340133,0.27726374442077256,0.04474757309631458,0.18211176771133583,0.31121629568218406,0.3617768694629481,0.35478584442752065,-0.054595933791561024,-0.16160527508121814,-0.02990562309004849,0.3727319175190152,0.07837235980835414,0.03729382163824434,-0.18365804517366702,-0.1157375184367559,-0.052023946092371764,0.0019260987342504313,0.12818485920584577,0.02206241022625394,0.1092015077169271,0.07023994293040788,0.08356260784899694,0.21187278879430846,0.2149807679330589,0.4528105810108644,0.18942670124261324,0.2031002670317064,0.2427636335592338,0.2843087542055084,0.26356318625702524,-0.03315242015559176,-0.08020784128483703,0.06112423240434577,0.10546884790760895,0.22836512970800035,0.25174823826554715,0.04180154820548909,0.09260890941166264,0.11407555936876404,0.12889437305389798,0.09615262259840167,0.026743659201989723,0.05710622463439793,0.12746763325074953,-0.25617884376235145,0.0188040450001446,-0.12954219004559783,0.04559976092468163,-0.16142018451216103,-0.29023550846885754,-0.16383793007046937,-0.04782470380688884,-0.15710911667453945,0.00026028361273654476,-0.1549959993444709,0.27148737624478225,0.1278493825494298,-0.06681191134932953,-0.05530930369313526,-0.19254239248840774,0.13087252851069572,0.10688787560371338,-0.25477138422681306,-0.23743071153827616,-0.06760625837486624,0.035415923573019197,-0.02040816326530612,-0.02490817772550683,-0.3836059884511197,-0.2681673141623206,-0.33263281694349917,-0.07738135405319425,0.04981828347777467,0.08598806551434934,-0.10756268497006738,0.30899135279997686,,0.11527864806763517,0.3616958923389857,0.12949591740333355,0.10544185553295479,0.31721083667780703,-0.11728379589908708,0.17581097625635045,0.3168422777708155,0.29761213885648735,0.07561142548658575,0.023998149094309428,-0.07871554857181418,-0.06368079588944695,0.08298419982069351,0.13562318644982793,-0.02410226253940405,0.011732042840754629,0.03026423606759662,0.4365071867197517,0.3038820818832965,0.15117079425062419,0.07367954267205229,-0.02048528433574658,0.21039977634889573,-0.14591113724658497,-0.03682723916207957,0.00040681364657341445,0.2258779751862956
#26,0.29099129495917403,0.3442896667405744,0.4275572864951366,0.061128088457867796,0.14066304840311183,0.2190874649340133,1.0,0.23466977721650775,0.1263185293011867,0.575406090636538,0.45548282610162627,0.15028775799408095,-0.230836860015617,0.050381267291990016,-0.12959231874138413,-0.08584153548051247,0.23615050176896454,0.27967377787203684,0.022714083271475807,0.042098464326684855,-0.12176453009167768,-0.155011423558559,0.12970028824000077,0.09254721255531027,0.3451842711576837,0.31977673450107486,-0.0032949977345685558,0.07954845613257112,-0.02682849237947423,-0.0919610924199628,0.16056799668379398,-0.12676968756326337,0.03027966028168471,0.09795725564670837,-0.08358188811660706,-0.08199319406553363,0.008951828251376128,-0.04352520412983332,-0.15761811573944645,-0.09061147368725478,0.018977567408635633,-0.06941089142317296,-0.12159100768318665,-0.23000009640133806,-0.015217915224663318,-0.07861143512671956,0.013235903714343555,-0.15454869713591624,-0.17588038521974686,-0.15210395920295375,-0.2144563446540638,-0.21436765542305727,-0.17345492755439446,-0.126198991642004,-0.0441113242651808,-0.1649716098059441,-0.37540801866329904,-0.3568758254364571,-0.08080167352722856,-0.21497305582601486,-0.03680795889446946,0.06246999508353176,0.022255212902355086,0.21200389461405725,0.38125379580268576,0.27854395419008415,0.08095977172163149,0.3252253381276932,0.16374924083946285,0.17497035658854945,0.36540155977364963,0.38026279004752583,-0.042048335630898555,-0.24720580721660418,-0.21976998640741133,-0.1407247452594642,0.008300155206154262,0.005169039746271678,0.14540599423519998,0.220722431627351,0.02114081343449047,0.15887904524114796,,0.1220383098917413,0.08198933801201161,0.03968843087542055,-0.09065389027599703,-0.02399624420026006,0.13877743823084265,0.25223410100932203,0.13239566965189478,0.10135058274608852,0.12390463979640037,-0.05116404615696066,0.011234611936413678,0.14137256225116404,0.31077284952715145,0.07434663993136224,-0.0422411383069997,-0.14867978367539741,-0.20015809819440294,0.1658623581695314,0.024183239663366527,-0.10816422931950295,-0.04477456547096874,-0.1849845275852429,-0.060511119894344136,-0.23313121186122063,0.018823325267754716,-0.07948675927621876,0.02055083724562097
#49,0.5941349425930031,0.046043207079714266,0.362432398561692,0.18688941802512218,0.45449953245351044,0.27726374442077256,0.23466977721650775,1.0,0.44666403169675994,0.4514571062246344,0.5424021285415441,0.1864883884588318,0.18756808344499823,0.02763055151205499,-0.1068570271755372,-0.28329846818273835,0.364788447263648,0.37160980594410653,0.027210241678154494,-0.40112018354814766,-0.20850259801606047,-0.41802126613517393,0.03821541843000781,-0.010675484175720359,0.10839944858434634,-0.042996924797316184,0.03248146684275978,-0.10450097847358121,0.3445981510223362,0.22671473880057455,0.3606007731387312,0.061833746252397986,0.09902923852583073,0.11068608832290593,-0.11387118853209682,0.06024890825484658,-0.2613112510001639,-0.15023762929829465,0.06824250720600002,-0.21626097770237052,0.22303606374056473,-0.0670085700789527,-0.005145903425139541,-0.3660840812470477,-0.0877001532781275,-0.0863698148130296,0.08145720262597245,-0.05188898421910096,-0.011381141970250547,-0.07354843685230351,-0.055459689780494155,-0.07243018133091687,-0.05772704925144361,-0.09998939585281444,-0.17470043284200784,-0.3633886998351537,-0.43540821146597514,-0.33807370846307344,-0.16877367857865866,-0.21127124444487289,0.14038155649600417,0.11534805703103158,0.05045067625538643,-0.21990880433420415,0.0007152979283352453,-0.10613594516691892,0.22447437170427925,-0.03463700076157057,0.17782383619484637,-0.22784456248252727,0.3430827219881812,0.19888174447861337,0.13632113213731406,0.008041799620178728,-0.2545361649619697,-0.3308975928585889,-0.04672958460663434,-0.24523536386685046,0.1532260707778624,0.13925173281405145,0.45153422729507486,0.04123085228422971,,0.2680169280749617,0.1306488774064184,0.30408645271996376,0.05156507572325104,0.25203190116165797,0.06014093875622994,0.3511958585985174,-0.07362941397626599,0.15231989820018701,-0.018703787608572008,-0.04343651489882679,-0.24089730365457473,0.3170659288750928,0.056809308513202164,0.3553218358670818,0.2691506078104364,0.177256996327109,0.22509134026780292,0.16865028486595393,0.34717013872152547,0.4001330338465098,0.2515130190007037,0.15116693819710217,0.3568835375435011,-0.06917567215832955,-0.2859899935411104,-0.11043158879045241,-0.059817030260380016
#50,0.26900793383012156,0.17862975138094916,0.1494008656840157,0.024630541871921183,0.29923553738925895,0.04474757309631458,0.1263185293011867,0.44666403169675994,1.0,0.16860015617016763,0.11476964900272815,0.016552109743283236,0.30636538035147926,-0.15864382597630455,-0.1319792158715163,-0.39620757136109047,-0.04567688199512209,0.17820944154704868,-0.0398311048557354,-0.22430084929578822,-0.07436592019897237,-0.25541534516499087,-0.04966018528337173,-0.004324564024948666,0.12493806214030251,0.06930292192455631,0.11485448218021266,-0.054372282687283696,0.22329827538006228,0.39294535008145914,0.26462745702910356,0.13896638485342178,0.2553189438269403,0.28270463594034684,-0.13915147542247885,0.1506155225434529,-0.2565952975427299,-0.1810320727251694,0.1736631544445837,-0.31402735869973875,0.15320293445673025,-0.09761406688324833,0.04555734433593938,-0.4890806204390117,-0.07333249785507023,-0.29077921201546275,-0.05101751612312379,-0.048958383542363565,0.009950546113580056,-0.10306267050986667,0.19185601496148766,0.056840156941378346,0.09070787502530535,-0.22422372822534778,-0.19816066246999509,-0.5481322240752702,-0.0856448767508893,-0.34718556293561353,0.21610287950796758,0.08790452411479471,0.2999334830767451,0.3694388478112076,0.12346119364136775,-0.22155148313458592,0.23982532077545235,-0.0238246266858184,0.22421987217182573,-0.11601515429034155,0.027264226427462814,-0.1624921673912834,0.1382453028448035,-0.007401694735522929,-0.256942342359712,-0.3762100777958798,-0.3542884135231797,-0.25384207532800557,0.20591133004926107,0.29216739128339103,-0.19826091986156769,0.22148593022471152,0.19999614394647797,-0.014072667328622522,,0.08547906644944232,0.05392112442520702,0.37775249920468895,0.2718537013293745,0.049934013220515445,0.0657283603096411,0.3717794722990755,-0.23417620236568884,0.12993550750484417,-0.06008309795339959,0.0654777168307096,0.03284779192735195,0.03991208197969788,0.04103419355460654,0.3332227931323687,0.1324843588829013,0.15810783453674337,0.01291970732553768,0.07343275524664282,0.1729266482218773,0.17274541370634225,0.17070556139319215,0.1272439821464722,0.21776098252243742,0.16598189582871412,0.04711518995883663,0.1665024630541872,0.07222581049424966
#51,0.18520817868952022,0.37389644568266606,0.33727550538401474,0.17756162455534882,0.15208853498886565,0.18211176771133583,0.575406090636538,0.4514571062246344,0.16860015617016763,1.0,0.6813087445653746,0.17997165800661313,0.04664475142914984,0.12079666065764993,0.016509693154540987,-0.03637993695352491,0.4594082885870456,0.3609323937416251,0.18855523314663608,-0.05938129621239143,-0.09704337096198895,-0.17854491820346466,0.21301418063682723,0.19149740198393952,0.35463160228663976,0.30407102850587564,-0.004505798540483742,0.182647759150897,0.15927236270039427,0.10742001098975254,0.2914771577029489,0.007085498346717053,0.24843203223660745,0.24495001590622079,0.03006372128445143,-0.02035032246247578,-0.1323301167420204,0.03675011809163911,-0.1520152699719472,-0.3448719308223998,-0.014118939970886795,-0.07979524355798058,-0.3442472501518321,-0.2847714806281511,-0.06827721168769822,-0.054110071047786146,0.05876432764886776,-0.12366556447803495,-0.1991401000645889,-0.07401501932846828,-0.21412086799764782,-0.16410399776348897,-0.18389712049203244,-0.12213085517626984,-0.11964370065456509,-0.20836378008926765,-0.5869511148814746,-0.47221809838720563,-0.15321450261729633,-0.2605901689915456,-0.015777042985356638,0.04083753482498337,0.14236742405984595,0.029944183625268718,0.3331225357407961,0.2207918405907474,0.21518899482324816,0.24970067384535297,0.40777573192715916,0.13273114630831076,0.5495743880925067,0.5304830671049714,0.058602373400942806,-0.11802801422883749,-0.33894517655905065,-0.4002371472916044,-0.19076089576123317,-0.09607164547443918,0.2851146693916112,0.27303365370711347,0.11657042599751284,-0.14321189978116897,,-0.05321546663067683,0.0051536155321835865,0.12785709465647382,-0.09261662151870668,0.00945312432218183,0.14607694754803197,0.10019376668948166,-0.08143021025131829,0.03549304464345965,-0.002149749838527759,-0.2785863707788264,-0.3076147416926147,0.3015260331813406,0.46499571014045676,0.09661920507456644,0.045877396778267285,-0.25425081700134,-0.08159602055276527,0.17190865009206327,0.174557758861693,-0.015225627331707365,-0.042059903791464626,-0.07449316996519911,-0.07087619176154165,-0.27982030790587376,-0.14586872065784273,-0.18801538565355286,-0.1018210212757753
#52,0.39633867718083926,0.31679600512855116,0.49917962461318965,0.2825156893177677,0.2667598546267822,0.31121629568218406,0.45548282610162627,0.5424021285415441,0.11476964900272815,0.6813087445653746,1.0,0.06711268352404731,0.09321045376109821,0.13199078403208236,-0.06905227844562482,-0.008797586110495213,0.5708058187847648,0.4345058949418218,0.05298024736583344,-0.10681461058679495,-0.20587276951404085,-0.07423095832570156,0.2622675522736256,0.2539346206125341,0.17158474159621337,0.1229329143088506,-0.14728389230042513,0.01882718132127674,0.2157866831191617,0.07589291739369343,0.3072445605545005,0.016178072551647018,0.12058457771393867,0.15318365418912014,-0.10521049232163343,0.021071404471094058,-0.1854781024360618,-0.04442366460046465,-0.11636605516084564,-0.16735850693607626,0.06387745461907011,-0.13635583661901227,-0.20989848939103276,-0.2583498018952503,-0.0974212642071472,0.03920642418516769,0.09344181697241957,-0.08485052972535259,-0.2359924035745616,-0.11564882920574937,-0.2254923698340933,-0.2033007818148516,-0.2811120858357514,-0.1066218079106938,-0.17050119055652493,-0.2205064926301177,-0.505472703961131,-0.17124540888627535,-0.12302545959337916,-0.2472135193236482,-0.02104826814996192,-0.04037866445586265,-0.03852390271176964,-0.02369352086606962,0.04805221096468819,0.03703932210579083,0.03121282523401425,0.013116366055160845,0.24952329538333992,-0.05791985192754476,0.34688479076089573,0.20593446637039323,0.17856805452459681,0.04166273027869627,-0.2008598999354111,-0.24344615503263184,-0.15552042262346602,-0.1928084601814273,0.2904437353590468,0.35365602074556796,0.2614539249804787,0.05134142461897371,,0.00032583652261093383,0.027669112047275218,0.11799330974713929,-0.04063316398831616,0.16267934281224028,0.008959540358420176,0.13115787647132543,0.059346591730693225,-0.01347112297918695,0.19578147744690697,-0.12937252369062882,-0.09315261295826786,0.30794250624198666,0.3324708626955742,0.24449500159062207,0.18167603366334725,-0.06914482373015338,-0.027888907098030522,0.18156035205768656,0.2317738810214686,0.10403439599741644,0.16686493208525735,0.06331061475133275,0.07058698774738993,-0.18568247327272902,-0.23080601158744082,-0.1499754176587971,-0.08509346109724003
#53,0.21092419962789083,-0.18597167728688074,-0.051661477061301614,0.06079646785497383,0.4677026597129168,0.3617768694629481,0.15028775799408095,0.1864883884588318,0.016552109743283236,0.17997165800661313,0.06711268352404731,1.0,0.07422710227217953,0.33392459487337683,-0.2229473745095582,-0.3655056732187443,0.0563427260370374,-0.10722335226012937,-0.007636914000366325,-0.23217491058775896,-0.02716782508941224,-0.24266723222118322,-0.2093509297909055,-0.03643392170283324,-0.08745336585271804,0.06634147281964274,0.1478160276864643,0.25334078837014257,0.05845969942062796,0.06562039081102446,0.16966442694224595,-0.03061128088457868,-0.024784784012802097,-0.009399130459930783,0.2115103197632383,0.10919379560988307,-0.1813328448998872,-0.022255212902355086,0.048676891635255896,-0.11055883855667917,0.05727203493584491,0.254254673054862,-0.17375569972911223,-0.13594709494567783,0.2603009649773939,0.003021217934504931,0.24297571650294505,0.3931420088110823,0.3714748440708357,0.41814851590140073,0.08552148303818458,0.3209991034675561,0.04026298285020196,-0.031505885301687984,-0.1525512614115084,-0.29235633790597015,-0.11288018277693694,-0.33241302189274385,0.0919456682058747,0.15717466958441384,0.12515400113753578,0.42068579911889176,0.002381113049849132,-0.11166166986397771,-0.061918579429882485,0.14824404962740884,0.08472327995912583,0.04050977027561142,-0.16833408847714806,-0.23482016330386665,-0.10974521126353234,0.030449326636653718,-0.2266877464259204,-0.21161828926185494,-0.4488504140437469,-0.29091031783521154,-0.07286205932538344,0.1656965478680844,-0.003055922416203137,-0.07830680689847976,-0.12986224248792574,0.25888193728128944,,0.5663135164316081,0.5798791127220846,0.4194133014566242,0.2871892261864595,0.2314733319902476,0.1509818476280451,0.19573520480464268,0.020627958316061425,0.5267581194026973,0.015615088737431676,0.1478044595258982,-0.0022345830160122623,-0.038388940838498836,-0.11122593581598912,-0.012649783578996076,0.03967300666133246,0.011604793074527874,0.11327350023618328,0.21301418063682723,0.0865549053820867,0.18070045212227545,-0.05014219197362459,0.05304580027570783,-0.015075241244348472,-0.04666403169675995,0.24350013978194018,0.04797508989424773,0.19096141054437835
#54,0.056682058746975406,0.0026664610104788255,-0.035126719558867474,-0.10585830931333327,0.08194692142326936,0.35478584442752065,-0.230836860015617,0.18756808344499823,0.30636538035147926,0.04664475142914984,0.09321045376109821,0.07422710227217953,1.0,-0.05561778797489709,-0.05635429419760346,-0.06750600098329365,0.09867062554828261,-0.06624121542807014,0.03518456036169782,-0.1376051979601477,0.1418545689414169,0.1634021960224808,-0.06986590573877166,0.13284682791397145,0.02026163323146925,-0.04025527074315791,0.16698446974444006,0.09326443851040653,0.3365852718035726,0.3343063441720571,0.2836570811602865,0.28887432157558346,0.3083743842364532,0.2642611319445114,0.2967021102252899,0.2539384766660561,0.018098387205614415,-0.09883643584972959,0.2768781390685703,0.0974713929029335,0.11636605516084564,0.14395611811091938,0.22083811323301167,-0.008411980758292924,0.056281029180685026,0.008751313468230939,0.07511013852872278,0.0890651962249236,0.0929906587103429,0.12137121263243134,-0.1858637077882641,0.021626676178265355,-0.039464779771143224,0.047099765744748535,-0.10065649311212439,-0.11471566425341984,0.061957139965102714,0.060472559359123906,0.017454426267436592,0.23543713186739032,0.0748941995314895,0.25231507813328446,0.10262308040835606,-0.5218609314297282,0.024457019463430152,-0.2708549834671705,0.030383773726779327,-0.1320794732630889,-0.3634812451196823,-0.33737576277558734,-0.21860545824376043,-0.2770902220122815,-0.22682270829919118,-0.09188397134952234,-0.33994389442125456,-0.3418912014498761,-0.21001802705021547,0.25888964938833353,-0.13508719501026675,-0.09029913335197093,0.07008955684304898,0.17670943672698178,,-0.14331601322626358,0.18610663916015155,0.12887509278628786,0.17830969893862128,0.12823703955067467,-0.0051536155321835865,0.10131587826439031,0.020454435907570397,0.06912168740902123,-0.041628025796998064,0.020982715240087532,0.08275283660937213,-0.10817965353359105,0.029593282754764635,0.2139357774285907,0.015376013419066257,-0.03491078056163419,0.031733392459487336,0.1468404461453925,0.1758726731127028,0.06872065784273086,0.06243143454831153,0.12594063605602845,0.17561431752672726,0.0866397385595712,-0.11347015896580645,0.09830044441016841,0.30848620978859187
#58,-0.006850279081873656,-0.20135347478623003,-0.0036381864980285926,-0.020427443532916235,0.006102204698601217,-0.054595933791561024,0.050381267291990016,0.02763055151205499,-0.15864382597630455,0.12079666065764993,0.13199078403208236,0.33392459487337683,-0.05561778797489709,1.0,-0.17336238226986592,-0.21648848486016986,0.13298178978724226,0.09225415248763653,-0.1806040507842249,0.0852746956127751,-0.22233040594603454,-0.25745905353166304,-0.24897187972969065,-0.11808199897814582,-0.23406437681355016,-0.17731869318346138,-0.16553459362015946,0.19165550017834249,-0.050273297793373375,0.044481505403295,-0.04698408413908785,0.29584221028987884,0.0750638658864585,0.14962837284181504,0.07767827017439002,0.11671695603134971,-0.17854491820346466,0.11043158879045241,0.03503803032786095,-0.03953033268101761,0.004891403892686031,0.034139569857229615,-0.1260987342504314,-0.04061388372070605,0.2287237426855485,0.1425640827894691,0.2929463140948396,0.3111738790934418,0.31368416993627873,0.26002718517733026,0.12980440168509538,0.07764742174621383,0.14983274367848226,-0.2024755863611387,-0.3295364059653148,-0.10667579266000211,-0.11255627428108703,-0.012136928460567032,0.20598073901265748,0.0930562116202173,0.16952175296193112,0.00931429728244628,0.1435049598488427,-0.16057570879083802,-0.08601120183548147,0.012777033345222831,0.3555377748643151,-0.10653697473320929,0.12176838614519969,0.213646573414439,0.2602431241745635,0.06666923736901469,0.15122092294641049,0.1710371819960861,0.03640692932817907,0.10071047786143272,0.028336209306585175,0.03349946497257382,-0.09970019183866272,-0.2103110871178892,-0.015098377565480608,0.017253911484291402,,0.20690619185794298,0.10757425313063346,0.14562193323243328,0.062300328728562754,0.024115781974678837,-0.14174274338927825,0.06426305997127241,-0.19475576721004886,0.04159332131529986,0.08455361360415682,0.008307867313198308,0.09585185042368388,-0.09510763209393347,-0.029307934794134943,0.07746233117715674,0.18494982310354469,0.13517588424127328,0.23723405280865298,-0.040717997165800664,0.03182593774401589,0.21926869944954835,0.1472954604609912,0.2256273317073641,0.049498231035446774,-0.01603539857133217,0.14601910674520163,0.09927216989771818,0.0457462909585185
#101,-0.3246662103669999,0.14004993589311018,-0.18900253535519074,-0.29236019395949214,-0.37012136928460565,-0.16160527508121814,-0.12959231874138413,-0.1068570271755372,-0.1319792158715163,0.016509693154540987,-0.06905227844562482,-0.2229473745095582,-0.05635429419760346,-0.17336238226986592,1.0,0.45082085739350064,0.0780291710448941,-0.01634002679957198,0.34343747891220733,-0.21924941918193824,0.7484619166514032,-0.13487125601303346,0.27254393490981654,-0.20376736429101636,0.3933540917547936,-0.31228442250778443,-0.11168866223863187,-0.4272449461598527,0.10245727010690908,-0.3363963251809935,-0.3690146819237851,-0.35925501045954517,-0.26442694224595836,-0.20675580577058408,0.0801345762679186,-0.32025874119132774,0.5080446916603203,0.1589407420975003,-0.4764520451543867,-0.02117551791618868,-0.0692180887470718,-0.12981596984566146,0.05554837901150068,0.4078682772116877,-0.34528067249573424,-0.15592916429680043,-0.48203175460075387,-0.46435174920227895,-0.49697396199859256,-0.40696981674105637,-0.39636952560901545,-0.43670384544937485,-0.5477427626695458,-0.13283140369988336,0.45630802155533917,0.2526351305756124,0.19701541457395427,-0.11252928190643287,-0.3771933714439956,-0.31094637193564245,-0.4513067201372755,-0.46061908939296076,-0.0768145141854569,0.2705040825966664,-0.035601014142076295,-0.18053464182082848,-0.1405357986368851,0.15443687158377759,0.4059672428253304,-0.05140312147532608,0.21194219775770487,-0.013239759767865579,0.08429525801818129,-0.1561065427588135,0.1365987679908997,-0.2397829041867101,-0.2852226388902278,-0.3765147060241196,0.5199020562405406,-0.02818582321922628,0.13186353426585562,-0.19250768800670953,,-0.1603404895259946,-0.3102869867833766,-0.41064077969402213,-0.42047371617518053,-0.06443664449758087,0.1518263233493681,-0.1375087966220971,-0.12514628903049174,-0.14346254326010044,-0.4021343256244397,-0.22705407151051257,-0.21936895684112095,0.4057590159351412,-0.038427501373719065,-0.16505644298342861,-0.152481852448112,-0.22243837544465117,-0.3155389316803717,-0.08610760317353205,-0.20734192590593156,-0.2519371848881262,-0.09600223651104277,-0.12018354814764828,-0.10763980604050784,-0.2477495107632094,-0.34875112066555486,-0.3647575988354718,-0.12098175122670703
#102,-0.36181542999816835,0.05963193969132292,-0.07944819874099852,-0.007702466910240714,-0.5292568420849681,-0.02990562309004849,-0.08584153548051247,-0.28329846818273835,-0.39620757136109047,-0.03637993695352491,-0.008797586110495213,-0.3655056732187443,-0.06750600098329365,-0.21648848486016986,0.45082085739350064,1.0,0.11215138866127462,-0.04561518513876973,0.20669025286070972,0.1745731830757811,0.3511225935815989,0.4507360242160161,0.10681846664031697,-0.05102137217664581,0.049968669565133565,-0.25035234689057484,-0.4380958807708251,-0.37798386241601034,0.17422999431232106,-0.3023010999392672,-0.3221366392565529,-0.19446270714237512,-0.2333085903232337,-0.1222928094241948,0.10867322838440997,-0.16485978425380543,0.22767104007403624,0.271109482999624,-0.42845189091224584,0.004710169377150955,-0.2737855841439079,-0.008327147580808422,-0.14207822004569423,0.6284152584037866,-0.3947461270762438,-0.17351662441074683,-0.4216652367134856,-0.3608706968852728,-0.5432350361023011,-0.30941166263387737,-0.22839597813617654,-0.35322414275110137,-0.49015260331813404,-0.0681036892792072,0.20847946169492831,0.433194836744334,0.060079241899877574,0.4643170447205807,-0.35928200283419937,-0.2603742299943123,-0.35095678328015195,-0.46543144418844534,-0.1546566666345329,0.42409840648588204,-0.25600917740738244,-0.29288076118496525,-0.17616958923389855,0.23028544436196774,0.2514243297696972,0.20698716898190547,-0.1654111999074547,-0.13191751901516394,0.2529744632855504,0.16211813019964716,0.5299586438259763,0.1281038820818833,-0.12189949196494847,-0.3668630040584963,0.3910520278021459,-0.03347247259791966,0.1086423799562338,0.00791069380042995,,-0.24206568787174765,-0.3084939218956359,-0.3000028920401415,-0.268074768877792,-0.26292333483410446,-0.03432851647980874,-0.2380322558877117,0.09777987718469533,-0.16488292057493759,-0.17862203927390513,-0.18188040450001447,-0.07420010989752537,0.2688305553681085,0.10189043023917171,-0.2878910279274676,-0.28917509375030126,-0.21128666865896098,-0.3851869703951491,-0.21147175922801809,-0.29461598526987554,-0.219877955906028,-0.2562058361370056,-0.23426103554317335,-0.23219419085536908,-0.24186517308860248,-0.35497479105009977,-0.3972834102937349,-0.17819016127943857
#201,0.36632701261893513,0.34777553912448306,0.5817377305196996,0.352653446829842,0.14686358246652464,0.3727319175190152,0.23615050176896454,0.364788447263648,-0.04567688199512209,0.4594082885870456,0.5708058187847648,0.0563427260370374,0.09867062554828261,0.13298178978724226,0.0780291710448941,0.11215138866127462,1.0,0.5810205045646033,-0.09281713630185187,-0.3483925076880067,-0.23128030617064965,-0.2674500882072243,0.19045241147947134,0.06861654439763624,0.20884964283304253,-0.07789035311810127,-0.10878119788302662,-0.18279043313121185,0.48269885186006384,0.23048210309159092,0.3255415345164991,0.13180569346302526,0.23130344249178178,0.37975764703614084,0.09571303249689106,0.1103467556129679,-0.13869646110688016,0.07864999566193978,-0.05949697781805211,-0.20069794568748614,0.14668234795098956,-0.009510956012069447,-0.18206163901554953,0.019999421591971697,-0.1766284596030193,-0.10876962972246054,-0.1442453221250711,-0.18537013293744517,-0.27538199030202537,-0.3249978309698939,-0.186519236887008,-0.3660570888723935,-0.30048489873039436,-0.16005899761888695,-0.24561711316553073,-0.37242343323725335,-0.41154309621817553,-0.11952030694186035,-0.20339332709938013,-0.47441604889475864,-0.21338821782846346,-0.029446752720927765,0.10756268497006738,0.13851522659134508,-0.17664388381710738,-0.20949360377122034,0.254755960012725,0.13891625615763548,0.32796313612832945,0.08048162108490066,0.4751024264216787,0.38898903916786365,0.4082885870455882,0.27525859658932067,-0.11443802839983419,-0.24161067355614896,-0.13741625133756857,-0.2293368551955501,0.5040768125861587,0.33569452343998535,0.34919456682058747,-0.004768010179981299,,-0.05847897968823807,0.019224354834045096,-0.22573915725950275,-0.2787907416154936,0.32631305979121117,-0.026624121542807015,0.17338166253747603,0.0029749452922406563,-0.04502906500342225,-0.007120202828415258,-0.30366228683254126,-0.2740362276228394,0.5081835095871131,0.2639912081979698,0.34942978608543085,0.3733450300290168,0.29380621403025076,0.15930321112857046,0.4113965661843386,0.3940674616563678,0.19466707797904234,0.41007393982628476,0.26951307684150655,0.45232471826708953,-0.28630618992991624,-0.133105183499947,-0.051075356925954135,-0.06425149181070633
