,#10,#11,#12,#13,#17,#18,#26,#49,#50,#51,#52,#53,#54,#58,#101,#102,#201,#202,#301,#302,#401,#402,#501,#502,#601,#602,#701,#702,#801,#802,#901,#902,#1001,#1002,#1101,#1102,#1201,#1202,#1301,#1302,#1401,#1402,#1501,#1502,#1601,#1602,#1701,#1702,#1801,#1802,#1901,#1902,#2001,#2002,#2101,#2102,#2201,#2202,#2301,#2302,#2401,#2402,#2501,#2502,#2601,#2602,#2701,#2702,#2801,#2802,#2901,#2902,#3001,#3002,#3101,#3102,#3201,#3202,#3301,#3302,#3401,#3402,#3455,#3501,#3502,#3601,#3602,#3701,#3702,#3801,#3802,#3901,#3902,#4001,#4002,#4101,#4102,#4201,#4202,#4301,#4302,#4401,#4402,#4501,#4502,#4601,#4602,#4701,#4702,#4801,#4802
#10,1.0,0.54979032708974,0.47677980970375866,0.43959202953737,0.29893476521454115,0.3481919929048615,0.13315145614221124,0.5493738733093615,0.39111372465849825,0.5328236915928393,0.5029277086365959,0.09698938621268063,-0.12892907753559618,-0.15219264843396027,-0.39645050273297794,-0.19639844601043063,0.5497787589291739,0.33075877493179606,-0.22860034897284373,-0.37481804247442957,-0.11996375309689299,-0.2627996876596647,0.3370094376909952,0.4059633867718084,0.3942564082789469,0.2087956580837342,0.32513279284316465,0.3249862628093278,0.193259618443504,0.22984971031397916,-0.026273220672302932,-0.18990485187934408,-0.06692373690146819,0.011404278291382684,-0.04154319261951356,0.25857730905304965,-0.2521608359924036,-0.14796255772030115,0.21178795561682395,-0.01035543173339246,-0.01280016966635497,0.1509818476280451,-0.12718228529011982,-0.11079791387504459,0.10077988682482913,0.2069254721255531,0.40634899212401066,0.4737528076889707,0.272451389625288,0.24489603115691247,0.20113753578899676,0.25188705619234,0.19195627235306026,0.10721564015308532,0.12996635593302036,-0.24253612640143446,-0.17160402186382348,-0.22585098281164143,-0.008130488851185254,0.07975668302276036,0.05630802155533919,-0.03497633347150859,-0.0990061022046986,0.12652675619137593,0.18178014710844187,0.044388960118766446,-0.06477591508970144,0.07682608234602296,-0.4185881060029113,-0.269925674568363,0.11987120781236443,0.2688459795821966,-0.20555271707171296,0.15330704790182487,-0.43621798270559997,-0.2006902335804421,-0.16679937917538296,-0.09055748893794646,0.20232134422025777,0.3729131520345502,0.04893139116770941,0.054676910915523506,,-0.09831586862425651,0.1685577395814254,-0.03359972236414641,-0.14803967879074162,-0.031008454397347035,0.17918116703459844,-0.14217847743726683,0.16088804912612187,-0.18766062872952677,-0.16403458880009256,-0.10919379560988307,-0.09392767971619446,0.44964476106928364,0.44869617190286604,0.25546547386077717,0.3857499542093644,0.25679581232587506,0.28853498886564544,0.07902788890709803,-0.09582871410255174,0.2854578581550712,0.04315887904524115,0.17171970346948415,0.04500978473581213,-0.0914405251944897,0.12142134132821764,-0.28628690966230613,-0.36048509153307046
#11,0.54979032708974,1.0,0.2800015424214088,0.039993059103660356,-0.09119373776908024,0.14707180935671388,0.2589204978165097,0.20959000510927092,0.3363654767528173,0.4119209894633338,0.3399361823142105,-0.14258721911060127,-0.21154888029845853,-0.09712049203242941,-0.14573761483809394,0.05079772107236848,0.23777775635525822,0.33395929935507507,-0.21236250759160538,-0.23628546364223535,-0.00561248590130431,-0.167312234293812,0.2563793585454966,0.2843126102590304,0.22666461010478825,0.2612804025719877,0.21510416164576365,0.20164653485390377,0.035978907387234534,0.38902759970308387,-0.1405357986368851,0.007505808180617547,-0.14370547463198788,0.10972978704944425,-0.0452064434654353,0.3779183095061359,-0.3051700037596522,-0.010185765378423452,0.2778074479673778,0.15781863052259165,-0.18870561923399498,0.3387485178294275,-0.2771403507080678,0.01271919254239249,0.014234621576547483,0.017061108808190256,0.14753067972583458,0.15903328738202888,0.03811901709195724,0.08371299393635584,0.08492765079579305,0.007976246710304339,0.23618520625066275,0.20857971908650091,0.013648501441200004,-0.1634523247182671,-0.3886111459227054,-0.3594401010286023,0.06169492832560516,0.1871439175575757,-0.13486354390598942,-0.23680217481418642,-0.1998804623408173,0.11202799494856988,0.16690349262047757,0.033719260023329124,-0.046131896310720795,0.30736024216016117,-0.3556958730587181,-0.19176346967695912,0.2113059489265711,0.3096430258451987,-0.18754494712386607,0.0018991063595962712,-0.4159968380361119,-0.22484069678887142,-0.2079550384159332,-0.1530756846905035,0.14444198085469426,0.4442231498173195,0.03844292558780716,-0.07851503378866899,,-0.09499195048827277,-0.18054620998139453,-0.07723868007287941,-0.2504757406032796,-0.10216035398571333,0.1441142163053223,-0.20880337019077824,0.23180472944964475,-0.43227323995257055,-0.07750860381942101,0.1484599886246421,-0.05071288789488398,0.22418516769012753,0.38117281867872327,0.20374422796988423,0.2964823151745346,0.17510146240829821,0.34700047236655646,-0.05459978984508305,0.07617055324727907,0.17030838788042377,0.19554240212854154,0.280873010517386,0.14715278648067634,-0.27219303403931244,-0.21517742666268208,0.03189149065389028,-0.18300251607492313
#12,0.47677980970375866,0.2800015424214088,1.0,0.722653350428504,0.10984161260158291,0.34950690715587135,0.2571312889822911,0.049351701001609904,-0.03452517520943191,0.5591721053088217,0.0654777168307096,0.03888637174283979,-0.029381199811053377,-0.2010796949861664,-0.2854462899945051,-0.17305004193458204,0.749792255116501,0.6048509153307048,-0.20939720243316978,-0.4141883489342832,-0.0019916516441248204,-0.36801596406158116,0.12886352462572181,0.16678781101481688,0.3854800304628228,0.038369660570888725,0.4977605969170852,0.19868894180251223,0.15692017005196032,0.22346408568150927,0.12392392006401048,-0.0026279004752585967,0.22627514869906395,0.07154328902085161,-0.06028746879006681,0.23494355701657138,-0.1455602363760809,-0.2871660898653273,0.07701502896860209,-0.2063200717225955,0.006946680419924228,0.15606412617007123,-0.07652531017130518,-0.20417224991082877,0.045807987814870874,0.08282224557276854,0.4659828598420946,0.4686898094145547,0.3977230003952455,0.011928701570377797,0.3032689693732949,0.26500149422073976,0.3868257931420088,0.2520065938515227,0.1620680015038609,-0.2338831422980151,-0.07591605371482556,-0.4364763382915755,0.2272430181330917,-0.15864768202982657,-0.11924652714179673,-0.06259724484975851,-0.12710130816615733,-0.02997117599992288,0.027719240743061514,-0.056076658344017816,-0.06180675387774382,0.12316813357369401,-0.37682704635940345,-0.31932172018547617,0.1940192609873425,0.27375859176925377,-0.4312860902509327,0.0585676689192446,-0.4767026886333182,-0.3384708819758418,-0.27845526495907763,-0.0856603009649774,0.11638919148197777,0.21047304136581416,0.11835963483173147,0.14578774353388024,,0.007791156141247241,0.09368860439782904,-0.26441923013891433,-0.33828193535326273,0.08103689279207195,0.16727367375859176,0.02374750561537794,-0.11623494934109685,-0.08142635419779627,-0.5448391543674627,0.03982339274869135,-0.3028023868971301,0.42471151899588366,0.4308002275071578,0.6791146501113435,0.4718594854096575,0.4854019453790019,0.4617681933425236,0.2472443677518244,0.37929877666702017,0.5666721294091562,0.42902258683350525,0.47836079164778805,0.3032072725169425,-0.17126468915388546,0.23124174563542943,-0.2591595731348751,-0.263193005118911
#13,0.43959202953737,0.039993059103660356,0.722653350428504,1.0,0.26277655133853256,0.21412472405116983,0.04638253978965228,0.01650198104749694,-0.15955771066102398,0.5933058910857683,0.13200620824617046,0.17269142895703393,0.14861808681904504,-0.07011654921770315,-0.20095244521993966,-0.22858878081227768,0.6794154222860613,0.19039457067664098,0.05834016176144525,-0.17264515631476965,0.010768029460248909,-0.29037432639565036,0.09980430528375733,0.2780619474998313,0.3324014537321778,0.1389548166928557,0.31907107670654467,0.06503041462215496,0.1465550981847628,-0.019340036439705784,0.15894845420454437,-0.02375521772242199,0.3225261006622772,0.1257439773264053,0.058725767113647534,0.13136224730799265,0.0854944906635304,-0.27916477880712987,0.019725641791908072,-0.04912419384381055,0.1795127876374924,-0.1352144447764935,0.15626464095321643,-0.21730982426036075,-0.007868277211687699,0.00483741914337771,0.3599838045752075,0.3824954450367771,0.35303519612852224,-0.028498163554510136,0.1185524375078326,0.1647556708087108,0.13150492128830749,0.07918213104797894,0.15780320630850356,-0.18540098136562136,0.10352539693250942,-0.21427511013852873,0.1211784099563302,-0.09308320399487145,-0.023944164345001108,0.15614510329403372,0.11429535441951934,-0.016613806599635603,-0.16479808739745308,-0.05283371733199657,0.16673768231903058,0.10846885754774276,-0.06962297436688421,-0.02680535605834209,-0.07102657784890054,0.18176472289435378,-0.469418603530217,-0.08803562993454349,-0.22276999604754513,-0.2699758032641493,-0.1774883595384304,-0.07788264101105723,0.3121378924739475,0.22910549198422875,0.0731088467507929,0.11542517810147204,,-0.04496351209354786,0.34913672601775714,-0.297893630763595,-0.07951760770439494,0.08728755555127105,0.17441894093490018,0.08668215514831346,-0.027962172114948957,0.16908601891394254,-0.3223448661467421,-0.08230553440081749,-0.1744729256842085,0.1741027445460943,0.3420107391090588,0.33608784089923166,0.22823402388825156,0.1642119672621056,0.08949321816586814,0.13474786230032873,0.14831731464432726,0.36759179817415866,0.06609468539423327,0.10564622636962201,0.09947268468086337,-0.02917297292086414,0.19478275958470304,-0.2556621325904004,-0.20900002892040143
#17,0.29893476521454115,-0.09119373776908024,0.10984161260158291,0.26277655133853256,1.0,0.541360994090598,-0.13408076504101876,0.1923148853306084,0.07896233599722365,0.049116481736766505,0.237407575217144,0.6144332083329317,0.3634889572267263,0.22244994360521725,-0.26246421100324874,-0.2621557267214869,0.20618896590284674,-0.1655423057272035,-0.16703074238670432,-0.3409657486045906,-0.2710709224644038,-0.37432832367713265,-0.020678087011847725,-0.002917104489410313,0.055421129245273926,-0.1374702360868769,-0.021908168085373023,-0.10647527787685693,0.17899222041201931,0.2710400740362276,0.11517067856901854,-0.09024900465618463,0.08715259367800025,0.07986079646785497,0.14827489805558502,0.07331707364098214,0.22411961478025316,0.1513751650872914,-0.009136918820433227,0.013787319367992828,0.38294660329885377,0.14410264814475626,0.44972959424676817,0.06596743562800651,0.15574407372774335,0.06488774064184011,0.1750127731772917,0.21838566319300512,0.1471604985877204,0.028374769841805404,-0.19915166822515495,-0.08435695487453365,-0.12873241880597303,-0.21995122092294642,0.0036304743909845467,0.02897245813771895,0.045063769485120454,-0.0314403323918136,-0.2702457270106909,-0.2472944964476107,0.14570676640991778,0.1178583478738685,0.1988393278898711,0.05661650583710102,-0.17583025652396056,0.0036998833543809588,0.25232664629385054,-0.16299731040266838,-0.1329239489844119,-0.022297629491097336,-0.21412472405116983,-0.0643478931487569,-0.08500091581271148,0.043945513963733814,-0.05815507119238815,-0.11062053541303153,-0.008088072262443003,-4.4344615503263186e-05,0.19349483770834738,-0.03948020398523131,0.175232568228047,0.6406158117474671,,0.47409985250595277,0.6397636239191,0.26653234746898286,0.12752161800005785,0.23262221279631362,0.24071992519256166,0.48477726470843413,0.4800690233580442,0.33297600570695923,0.09092381402253863,-0.27469946882862734,0.02985163834074017,0.02303799176732573,-0.09447523931632171,-0.14947413070093413,-0.07288519564651558,0.055498250315714384,-0.1562415046320843,0.11808971108518987,0.015464702650072782,0.10554596897804941,-0.1677711046629327,-0.141869993155505,-0.05078615291180241,0.04906249698745819,0.13034810523170062,-0.2734963801297562,-0.12954990215264187
#18,0.3481919929048615,0.14707180935671388,0.34950690715587135,0.21412472405116983,0.541360994090598,1.0,0.12046889610827799,0.3720686763132272,0.13872730953505635,0.22723916207956965,0.2574436293175749,0.5476502173850173,0.21530853248243087,0.10350997271842133,-0.3333654671126835,-0.3543578224865761,0.38182834777746716,0.18102050456460336,-0.38924353870031714,-0.5576142596859245,-0.2681981625904968,-0.3850867130035765,0.01135800564911841,-0.1417543115498443,0.09557807062362025,-0.06078875574792978,0.13791368224190953,-0.0029248165964543588,0.29361726740767163,0.4776397096391698,0.19502569095659048,0.04993782113695738,0.09497652627418468,0.07999190228760375,0.07893534362256949,0.16061426932605824,0.036194846384467814,0.046532925877011175,0.0037770044248214164,-0.09542768453626137,0.2010488465579902,0.2551608456325374,0.1642428156902818,-0.17395621451225743,0.06096227815642081,-0.07136591055883856,0.3520788948550606,0.2736968949129014,0.13937512652675618,-0.05317305004193458,0.10634031600358614,-0.05326559532646313,0.11981336700953409,-0.025050851705821678,0.09133255569587306,-0.04977972294255444,-0.2055797094463671,-0.331927159148969,-0.2228818215996838,-0.17220942226678107,-0.0039582389403564925,-0.12788023097760598,0.1331938727309535,-0.03959974164441402,0.08666287488070334,0.05520133419451862,0.1729729208641416,-0.1917596136234371,-0.33975109174515344,-0.3027445460942998,-0.06391987120781237,-0.13564246671743804,-0.06570908004203098,0.09649195530833968,-0.28795658083734205,-0.2622868325412357,-0.07954845613257112,-0.0269750224133111,-0.10624005861201354,-0.04784784012802098,0.2068599192156787,0.6114948955491503,,0.6322173271765013,0.3225608051439754,0.3008705040825967,0.007671618482064531,0.34103130151446504,0.17839453211610576,0.39131423944164345,0.37342215109945726,0.17596136234370932,-0.06994688286273414,-0.14485843463507272,0.024175527556322483,0.24595644587546875,0.02553671444959656,0.2089807486527913,0.12260900581300069,0.16412327803109908,0.11048171748623871,0.29642447437170427,0.22038309891741298,0.2229820789912564,0.10186729391803959,0.22455920488176376,0.12677739967030743,-0.3037394079029817,-0.0027281578668311916,-0.14307693790789816,-0.14100623716657187
#26,0.13315145614221124,0.2589204978165097,0.2571312889822911,0.04638253978965228,-0.13408076504101876,0.12046889610827799,1.0,0.21477254104286966,0.16905517048576635,0.4690329981780147,0.26845266212295027,0.20680979051989243,0.2258972554539057,0.13343680410284095,0.01015491695024727,-0.003418391447273288,0.2129910443156951,0.2034010392064242,-0.1644317623128609,-0.11563340499166129,0.14184685683437287,-0.14097153268487367,-0.25109656522032525,-0.22562347565384208,-0.10549584028226312,-0.1741875777235788,-0.16905131443224433,-0.1631708328111594,-0.021148525541534516,0.03988894565856574,-0.10802155533918811,-0.1588366286524057,-0.13044065051622916,-0.016158792284036903,-0.12976969720339718,-0.1270241870957169,-0.15852428831712184,-0.11331977287844755,-0.2688999643315049,-0.31272786866281704,0.06541216392083522,-0.012152352674655123,-0.0033721188050090133,0.0017255839511052414,-0.055351720281877514,0.06949186854713543,0.17424541852640915,0.12538922040237918,-0.21498462398658094,-0.13588154203580347,0.005273153191366296,-0.13797152304473986,-0.1810436408857355,-0.2794578388748036,-0.23562993454349146,-0.0664031696759951,-0.03916400759642544,-0.07925539606489738,-0.026014865086327398,-0.17191636219910733,-0.05056250180752509,-0.02104826814996192,-0.013744902779250575,0.13960648973807757,-0.17873386482604378,-0.18728273548436852,0.07778623967300666,0.0845497575506348,-0.06566280739976671,-0.014882438568247327,0.30163014662643517,0.24962355277491252,0.09564747958701666,0.11713340981172819,0.03161771085382665,0.11438404365052587,0.09501123075588289,-0.024946738260727058,0.027611271244444874,-0.006233310518349995,0.17205518012590015,0.16743948406003875,,0.07235306026047642,-0.006996809115710526,-0.08406389480685991,-0.215501335158532,0.16915928393086097,-0.11786220392739051,0.1405705031185833,-0.04581955597543694,-0.2294371125871227,-0.19824163959395757,0.05323474689828695,-0.28605554645098474,0.20965555801914532,-0.1240280335091051,0.11253313795995488,0.13424657534246576,0.2695747736978589,0.04238766834083657,-0.032065013062381305,-0.07683765050658903,0.1103467556129679,0.1413455698765099,0.21655403777004426,-0.09630686473928259,0.05719491386540445,0.17620429371559676,-0.021507138519082643,-0.08660117802435098
#49,0.5493738733093615,0.20959000510927092,0.049351701001609904,0.01650198104749694,0.1923148853306084,0.3720686763132272,0.21477254104286966,1.0,0.40444410168413136,0.20692161607203108,0.5475461039399226,0.08695593494837708,-0.17501662923081374,-0.03791464625529002,-0.2879141642485998,-0.4703941850712888,0.25232664629385054,0.13852293869838914,-0.26689481650005303,-0.37510724648858124,-0.14060135154675946,-0.3023897891702737,0.0978261498269596,0.0037075954614250047,0.11661669863977712,0.06590188271813213,0.0911204727521618,0.23766593080311954,0.17026597129168153,0.11685191790462052,0.09364618780908679,-0.0034029672331851966,-0.14213606084852456,0.07162812219833611,0.025598411305948927,-0.005990379146462553,-0.06074633915918753,-0.060588240964784594,0.00228471171179856,-0.07152015269971947,-0.08075154483144226,-0.15690474583787223,-0.08095205961458746,-0.2951211282812605,0.10799456296453394,0.1890835124791532,0.4042628671685963,0.3921432909488784,0.003310421948656647,0.13351006911975938,0.08256774604031504,0.015950565393847666,-0.06744044807341926,-0.1955346900214975,0.11771567389355364,-0.08365900918704752,0.0022615753906664224,-0.1215177426662682,-0.2833640210926128,0.023782210097076147,0.14877232895992595,0.14959752441363885,0.2025449953245351,-0.2817097741316649,0.21476868498934765,0.1264881956561557,0.08465772704925144,-0.4626666538131549,-0.18211176771133583,-0.34943749819247494,0.11668610760317354,-0.09879016320746532,0.12436736621904312,0.17479683418005842,-0.04755863611386926,0.11248686531769062,0.2579256360078278,0.018329750416935787,0.02618838749481843,0.06262423722441267,-0.11028891481013757,0.00928730490779212,,-0.0002757078268246363,0.1080871082490625,0.37257767537813424,0.14332758138682966,-0.07795590602797567,-0.10385316148188137,-0.19006680612726903,0.10457038743697762,0.13050234737258154,0.057044527778045556,-0.13800237147291605,0.08058959058351729,0.26349377729362883,0.01317420685799119,0.12959231874138413,0.16814899790809096,0.13751265267561913,0.07343661130016485,0.19181745442626744,-0.0817695429612563,0.014122796024408819,-0.12747920141131558,-0.015696065861394156,-0.13148564102069737,0.03344162416974348,0.10330945793527614,-0.1909999710795986,-0.1872750233773245
#50,0.39111372465849825,0.3363654767528173,-0.03452517520943191,-0.15955771066102398,0.07896233599722365,0.13872730953505635,0.16905517048576635,0.40444410168413136,1.0,0.13681856304165502,0.24129062111382105,-0.10088014421640172,-0.23180472944964475,0.18317603848341416,-0.06148670143541592,-0.07993791753829543,0.018969855301591586,0.08835182632334937,-0.10289300415489767,-0.17392151003055922,0.00836570811602865,-0.17776985144553806,-0.04567688199512209,0.07361013370865588,-0.09799581618192861,0.009306585175402235,-0.12133265209721111,-0.060148650863273985,-0.0627283506695073,0.20987149701637858,-0.15031475036873512,0.014809173551328892,-0.22922117358988942,-0.098905844813126,0.02846345907281193,0.07923611579728726,-0.11653572151581464,0.048256581801355405,-0.03178737720879566,-0.09884414795677364,-0.22922117358988942,0.18774546190701127,-0.03471412183201103,0.11344316659115229,0.0773736419461502,0.25889736149537756,0.10064492495155833,0.08278368503754832,-0.19531103891722018,0.03638379300704694,-0.06324120578793634,-0.08137622550200997,-0.0574224210232038,-0.09867062554828261,-0.006279583160614269,-0.19687274059363943,-0.09008705040825966,-0.06627206385624633,-0.14722219544407275,0.12669256649282293,-0.043556052558009505,-0.23063634523247184,-0.08135694523439985,0.02437218628594565,0.051514947027464744,-0.16890478439840745,0.16384564217751343,0.06080032390849585,-0.01884260553536483,-0.26763903482980345,0.3802743582080919,0.08598806551434934,0.2288432803447312,-0.03372311607685115,-0.0790394570676641,-0.0741191327735629,0.002072628768087301,-0.24325720841005274,0.1485602460162147,0.21768771750551896,-0.1029816933859042,-0.061606239094598635,,-0.01012792457559311,-0.09168345656637714,0.3202664532983718,0.09813849016224345,-0.10390714623118968,-0.08786981963309651,-0.1879344085295904,0.34988480040102954,-0.15780706236202557,0.10839559253082433,0.13546894430894701,0.16973383590564237,0.0392758331485641,0.010043091398108606,-0.08305746483761195,0.0016484628806647836,-0.03393134296704038,-0.018946718980459448,-0.1937300569731908,-0.1581155466437874,-0.05037355518494597,-0.021121533166880355,0.0678838942284519,-0.13092651326000404,-0.1479162850780369,-0.10902412925491406,0.05410621499426412,-0.052278445624825275
#51,0.5328236915928393,0.4119209894633338,0.5591721053088217,0.5933058910857683,0.049116481736766505,0.22723916207956965,0.4690329981780147,0.20692161607203108,0.13681856304165502,1.0,0.3200813627293147,0.037066314480444985,0.034081729054399275,0.16681094733594903,-0.03724754899598007,-0.20222879893572923,0.6373343102002256,0.2247520075578649,-0.09788399062978995,-0.19896657765609788,0.09274001523141141,-0.29692961738308926,-0.08686724571737056,0.020747495975244137,0.13734298632065012,0.058872297147484404,0.10130431010382424,-0.014936423317555647,0.05977846972515979,0.011994254480252186,0.050439108094820356,0.04881956561557074,0.12848563138056357,0.14095225241726356,0.0012127288326761975,0.03771798752566686,-0.04996481351161154,-0.2933627678752181,-0.12705117947037106,-0.09822332333972796,-0.1716271581849556,-0.027491733585262162,-0.2317584568073805,-0.2793845738578851,-0.1556708087108249,-0.011180627187105358,0.332601968515323,0.2976237070170534,0.11990591229406264,-0.23755024919745887,0.03265884530477283,-0.005215312388535953,0.011905565249245659,-0.022482720060154435,-0.12771442067615899,-0.17195106668080554,-0.0021189014103515755,-0.2635477620429372,0.05006892695670616,0.05116404615696066,-0.027414612514821704,0.08610374712001002,0.21062728350669507,0.022710227217953786,-0.06112037635082375,-0.268406389480686,0.2691506078104364,0.19357195877878786,-0.056527816606094496,0.022683234843299625,0.22081112085835752,0.27031899202760934,-0.26467758572488986,-0.006483953997281482,-0.03621412665207793,-0.06632604860555465,-0.1561412472405117,-0.31948367443340114,0.2656608793730057,0.19167863649947461,-0.03921799234573376,-0.14659365871998303,,-0.13761676612071375,0.07254200688305554,-0.16110013206983312,-0.0810291806850279,-0.11641232780310991,-0.11847917249091418,-0.23096410978184378,0.05572190141999171,-0.014099659703276682,-0.14515149470274646,0.11459227054071511,-0.04540310219505847,0.22078798453722537,0.1952493420608678,0.23262606884983564,0.1486412231401772,0.08044306054968042,0.09763334715085846,0.1353995353455506,0.11389046879970693,0.30619185794298825,0.0982965883566464,0.20494731666875537,0.09575544908563331,-0.047481515043428804,0.16541891201449876,0.01039784832213471,-0.0455766246035495
#52,0.5029277086365959,0.3399361823142105,0.0654777168307096,0.13200620824617046,0.237407575217144,0.2574436293175749,0.26845266212295027,0.5475461039399226,0.24129062111382105,0.3200813627293147,1.0,0.26103361514657825,0.05032342648915967,-0.07940192609873425,-0.3816124087802339,-0.11402928672649977,0.35891567774960714,0.14513221443513635,-0.2763151552543549,-0.09678501537601342,-0.11006526370586024,-0.08333124463767558,0.19409638205778296,0.1811438982773081,0.27180742868711016,-0.05950468992509616,0.15537003653610712,0.21339207388198547,0.2493999016706352,0.10504468202018644,-0.006152333394387514,-0.1503455987969113,-0.013532819835539318,-0.03126680998332257,-0.05679388429911407,-0.05343911773495416,-0.06728620593253834,-0.07773996703074239,0.20674038155649602,0.13871188532096826,0.2346427848418536,-0.02877194335457376,0.0711692518292154,0.16732380245437806,0.1820385026944174,0.4016407507736207,0.18909122458619726,0.1353802550779405,-0.14454609429978887,0.20269923746541602,0.11587633636354873,0.11608841930725998,0.025532858396074536,-0.06700471402543068,0.1091668032352289,-0.17262201999363752,-0.05969363654767528,0.026570136793498695,-0.15778006998737143,0.1082374943364214,0.04053676265026559,0.004363124560168895,0.015973701714979804,0.15176462649301573,0.14574918299866002,0.02510869250865202,0.025208949900224615,-0.11171179855976401,-0.278347295460461,-0.14511293416752624,0.06843916593562319,0.09516161684324179,0.04041336893756085,0.016440284191144572,-0.12301774748633511,0.012985260235412067,0.014928711210511602,-0.15189958836628653,0.26087166089865327,0.22630599712724012,0.07944819874099852,0.13490210444120965,,-0.09420531556978011,0.22895124984334783,0.007131770988981327,0.10538015867660243,0.1440101028602277,0.07733122535740795,0.0394609237176212,0.32049781650969317,-0.0803543713186739,0.17876085720069795,-0.42557913103833883,0.09271687891027927,0.35751207426759085,0.16519526091022144,0.09562819931940655,0.09780301350582746,0.1992750619378597,0.08968602084196929,0.29515968881648075,-0.1527556322481756,0.12366556447803495,-0.15409368282031755,0.02535162388053946,-0.0840099100575516,0.07028235951915013,0.04768974193361804,-0.4078837014257758,-0.2881339592993551
#53,0.09698938621268063,-0.14258721911060127,0.03888637174283979,0.17269142895703393,0.6144332083329317,0.5476502173850173,0.20680979051989243,0.08695593494837708,-0.10088014421640172,0.037066314480444985,0.26103361514657825,1.0,0.8056356222224365,0.37162908621171664,-0.14025816278329944,-0.04879642929443861,0.11674394840600387,-0.17710661023975013,-0.16097288230360637,-0.16483279187915129,-0.1537157895751593,-0.12820799552697792,-0.14391370152217714,-0.10824135038994341,-0.07685307472067712,-0.1362748594950498,-0.24847059277182768,-0.2991237118371203,0.43905989415133084,0.08624642110032488,0.15483018904302392,-0.10806011587440834,0.17620429371559676,-0.057113936741441974,0.26413388217828465,-0.1418198644597187,0.2157211302092873,0.23643199367607223,-0.056319589715905255,-0.06756769783964602,0.7116520297301726,0.04644809269952667,0.5898740034511679,0.17933540917547935,-0.048264293908399446,-0.12213085517626984,-0.09692768935632827,-0.08581839915938033,-0.15862454570869444,-0.038381228731454796,-0.17224412674847928,-0.11759613623437093,-0.20844861326675215,-0.3243153094964958,-0.0539673970674713,0.2556428523227902,-0.006827142760741519,0.13651007875989318,-0.20609256456479616,-0.3349156006285367,0.004178033991111796,0.11535576913807563,0.0652386415123442,0.15932249139618057,-0.3612832946121292,-0.008357996008984604,0.16910915523507467,-0.135465088255425,-0.10328246556062198,0.04349435570165714,-0.2698986821937088,-0.08206260302893004,0.05850211600937021,0.12644577906741344,-0.027757801278281743,-0.10770535895038223,0.0017217278975832184,0.01361765301302382,0.14603067490576768,-0.15196514127616093,0.6077429554722219,0.7492678318375059,,0.6240579179239008,0.511549844311839,0.19250768800670953,0.0784996095745809,0.684405155543559,0.21397819401733295,0.6653331148236338,0.2198625316919399,0.16381093769581523,-0.05256379358545497,-0.26310817194142655,-0.1036063740564719,-0.03218069466804199,-0.22765561585994815,-0.08911146886718788,-0.1736014575882313,0.10292385258307385,-0.1883431502029248,0.2450348490837053,-0.07253429477601149,0.1737981163178545,-0.07663327966992182,0.0668234795098956,-0.15262838248194885,-0.011361861702640433,0.26227140832714757,-0.26270714237513615,-0.1380640683292684
#54,-0.12892907753559618,-0.21154888029845853,-0.029381199811053377,0.14861808681904504,0.3634889572267263,0.21530853248243087,0.2258972554539057,-0.17501662923081374,-0.23180472944964475,0.034081729054399275,0.05032342648915967,0.8056356222224365,1.0,0.41387600859899937,0.20051671117195108,0.14629288654526526,-0.0766294236163998,-0.18812335515216952,0.08468471942390561,0.04799822621537987,0.03854703903290178,0.015977557768501828,-0.11521309515776079,-0.02387861143512672,-0.11299586438259764,-0.01731560834064377,-0.3446714160392546,-0.4825446097191829,0.30944251106205356,-0.05282986127847455,0.025505866021420378,-0.039279689202086125,0.13579670885831896,-0.014188348934283208,0.15562839212208265,-0.21317999093827422,0.14785844427520653,0.1403699883354381,-0.085930224711519,-0.0759044855542595,0.7052818293117908,-0.01650198104749694,0.46402012859938496,0.13308204717881483,-0.19041770699777313,-0.27835500756750503,-0.25225723733045413,-0.2431839433931343,-0.22777515351913086,-0.19489458513684169,-0.20229049579208158,-0.13269258577309054,-0.26008888203368263,-0.2570503118583286,-0.19677248320206683,0.19182131047978945,0.048333702871795864,0.13615146578234505,-0.10348298034376717,-0.2645811843868393,-0.16090732939373198,0.12029922975330898,-0.04286581897756741,0.25100787598931873,-0.4639237272613344,-0.12626068849835637,0.08540194537900186,0.08910761281366586,0.11943547376437585,0.2757367472260515,-0.28701955983149047,-0.024765503745191982,-0.023207658122294736,0.02475007953110389,0.09466804199242286,-0.05570647720590362,-0.06877464259203918,-0.025687100536955453,0.33259425640827894,0.005755159881619157,0.6321594863736709,0.5815680641647306,,0.4073322857721265,0.4530072397404876,-0.09715905256764965,-0.07027079135858405,0.6016311106398157,0.09825417176790414,0.5369766612360579,0.10416935787068725,0.04055989897139772,-0.12250874842142809,-0.1452903126295393,-0.2390579661245698,-0.24655799022490432,-0.11965526881513115,-0.18206163901554953,-0.17052818293117908,0.03069611406206318,-0.171523044739861,0.1043467363327003,-0.020381170890651962,0.15365409271880695,0.062331177156738936,0.04976429872846635,-0.1015009688334474,-0.024322057590159353,0.21845892820992355,-0.21095504805606702,-0.022887605679966838
#58,-0.15219264843396027,-0.09712049203242941,-0.2010796949861664,-0.07011654921770315,0.22244994360521725,0.10350997271842133,0.13343680410284095,-0.03791464625529002,0.18317603848341416,0.16681094733594903,-0.07940192609873425,0.37162908621171664,0.41387600859899937,1.0,0.24273664118457963,-0.1358391254470612,-0.14210906847387042,-0.2036555387388777,0.11210897207253237,-0.08572199782132976,-0.011697338359056423,-0.3270800998717862,-0.39178467797133026,-0.20968255039379946,-0.434205122767104,-0.10738916256157635,-0.46584404191530177,-0.43813829735956733,0.15312966943981182,-0.13473243808624064,0.04961005658758544,0.24812354795484562,0.1059469985443398,0.012865722576229357,0.260324101298526,-0.05443783559715809,0.11832107429651123,0.07895076783665757,-0.40568575091822273,-0.14765792949206136,0.21200775066757926,-0.10834160778151601,0.26408375348249835,-0.06379262144158561,-0.13661033615146578,-0.23938573067394175,-0.06356125823026423,-0.12322211832300232,-0.15731734356472868,-0.436568883576104,-0.24303741335929743,-0.23466592116298574,-0.30871757299991326,-0.27141796728138584,-0.49086597321970826,0.025394040469281714,0.0029633771316745876,-0.06108181581560352,-0.052093355055768176,-0.010652347854588221,-0.0005109270916680323,0.14304608947972197,0.33567524317237524,0.0437064386453684,-0.32502867939807006,-0.4165443976362392,0.5804690889109541,0.11002284711711799,0.34376138740805723,0.16019010343863574,0.11009611213403642,-0.036472482238053466,0.08463844678164133,-0.041149875160267226,0.31663405088062624,0.10933646959019791,-0.04244550914366691,-0.07505615377941446,0.2189872075424407,-0.12280566454262386,0.2725555030703826,0.16920941262664727,,0.3795070035572094,0.06632990465907666,0.25242304763190115,0.10133515853200042,0.28868151889948235,-0.3074643556052558,0.11788919630204467,0.14372475489959802,0.18181485159014008,0.1250884482276614,0.2912766429198037,0.0291151321180338,-0.398309120530593,-0.2607366990253825,-0.21854376138740805,-0.1663829253950045,-0.17791638147937494,-0.12854732823691592,0.016891442453221252,0.025529002342552516,0.007100922560805144,0.018888878177629107,0.05772319319792159,-0.08257160209383706,-0.009156199088043342,0.06066150598170303,0.2374229994312321,0.09352279409638206
#101,-0.39645050273297794,-0.14573761483809394,-0.2854462899945051,-0.20095244521993966,-0.26246421100324874,-0.3333654671126835,0.01015491695024727,-0.2879141642485998,-0.06148670143541592,-0.03724754899598007,-0.3816124087802339,-0.14025816278329944,0.20051671117195108,0.24273664118457963,1.0,0.22547308956648318,-0.31685384593138155,-0.37828463459072814,0.5398879816451853,0.23063634523247184,0.6097133988219756,0.179782711384034,-0.045083049752730565,-0.22304377584760876,-0.08434924276748962,0.015198634957053203,-0.32275746387359855,-0.586854713543424,-0.2595606027011655,-0.3145363577646458,-0.14634687129457358,0.18744468973229347,-0.040062468067056774,0.02089788206260303,-0.005342562154762708,-0.3793913219515487,0.21044990504468203,-0.022270637116443177,-0.12164113637897293,-0.19775577685018267,-0.18999739716387262,-0.21540878987400344,-0.12539693250942324,0.0022962798723646285,-0.17128396942149557,-0.25883180858550314,-0.4202076484821609,-0.4385701753540339,-0.3408924835876722,-0.46523092940530014,-0.40283998341896987,-0.3674568363008879,-0.4230187114997156,-0.23118390483259907,-0.13426971166359788,0.023681952705503554,0.1989395852814437,0.07447003364406699,-0.1606065572190142,0.04062159582775009,-0.4002487154521705,-0.14523247182670895,0.03891336411749395,0.00016002622116394975,-0.4416858665998284,-0.3097702756114255,0.0808248098483607,0.22255405705031187,0.5246372899655847,0.32545284528549256,-0.2270579275640346,-0.22748594950497913,0.10263079251540011,-0.15442915947673352,0.345747254971899,-0.05116790221048268,-0.1589870147397646,-0.1931593610519314,0.22494866628748808,-0.12594834816307252,-0.12218483992557817,-0.23834459622299559,,-0.0856950054466756,-0.15799986503812674,-0.09979273712319127,0.004706313323628932,-0.23112992008329075,-0.12205373410582938,-0.20680979051989243,-0.09767190768607868,-0.0961757589195338,0.14625818206356705,0.34857374220354176,0.10596242275842789,-0.44077198191510897,-0.2856892213663926,-0.3662884520837149,-0.35857248898614713,-0.38328979206231384,-0.24791146501113434,-0.3068242507206,-0.07240704500978473,-0.17883026616409436,0.0342706756769784,-0.23121475326077526,-0.020134383465242496,-0.15472993165145132,0.01821021275775308,0.3662074749597524,0.6088380746724764
#102,-0.19639844601043063,0.05079772107236848,-0.17305004193458204,-0.22858878081227768,-0.2621557267214869,-0.3543578224865761,-0.003418391447273288,-0.4703941850712888,-0.07993791753829543,-0.20222879893572923,-0.11402928672649977,-0.04879642929443861,0.14629288654526526,-0.1358391254470612,0.22547308956648318,1.0,-0.3275042657592087,-0.12907175151591105,0.2174563542941976,0.5840744989540455,-0.04736968949129014,0.59866580548138,-0.027067567697839644,0.025247510435444844,-0.15107824896609565,-0.14440342031947404,-0.2360232520027378,-0.13693810070083773,-0.22595895231025806,-0.19113878900639142,-0.4282513761291007,-0.45422575265344683,-0.3923052451968033,-0.4883633944839154,-0.10106909083898084,-0.25994620805336777,-0.18674288799128533,0.20494346061523333,0.10704597379811631,0.1777428590708839,0.1266385817435146,0.22074556794848313,0.11470795214637579,0.6060038753337896,-0.13866175662518196,0.205055286167372,-0.5515216951211283,-0.6223766785882988,-0.23545255608147841,0.1724523536386685,-0.00926031253313796,0.006564931121243963,-0.043930089749645726,0.10659095948251762,-0.23348982483876876,0.12932239499484252,-0.19136244011066875,0.3303114727232414,0.05167304522186768,0.06962297436688421,-0.3336546711268352,-0.36676660272044576,-0.45488899385923476,0.3830198683157722,-0.08627341347497904,-0.1268583767942699,-0.3501932846827914,0.37825764221607394,0.03009456971262761,0.36459178853402485,-0.07153172086028554,0.07243403738443889,0.32555310267706516,0.14980960735735013,-0.014269326058245688,0.10135829485313257,-0.22637540609063653,-0.17950893158397038,-0.023843906953428515,0.07038261691072271,0.10933646959019791,0.005080350515265152,,-0.027144688768280103,-0.3164489603115691,-0.36526659790037885,-0.10430431974395804,0.1270781718450252,0.07945591084804257,0.16590477475827364,0.04348278754109107,-0.312380823845835,0.051036796390733906,-0.07469368474834431,-0.0986012165848862,-0.12203059778469726,-0.026477591508970146,-0.14986744816018047,-0.3429863206501306,-0.029404336132185516,-0.09158705522832657,-0.23617749414361872,-0.3666200726866089,-0.05767306450213529,-0.06537360338561499,-0.05409464683369805,-0.2868576055835655,-0.35438481486123025,-0.13800237147291605,-0.06768723549882873,-0.03250845921741394
#201,0.5497787589291739,0.23777775635525822,0.749792255116501,0.6794154222860613,0.20618896590284674,0.38182834777746716,0.2129910443156951,0.25232664629385054,0.018969855301591586,0.6373343102002256,0.35891567774960714,0.11674394840600387,-0.0766294236163998,-0.14210906847387042,-0.31685384593138155,-0.3275042657592087,1.0,0.5142953544195193,-0.31566618144659847,-0.5063441720571081,0.14100623716657187,-0.4118631486605034,0.15799215293108268,0.13331726644365824,0.45375917017728207,-0.10328246556062198,0.4840908871815141,0.2578947875796516,0.28841159515294074,0.15191501258037463,0.2622906885947577,0.023041847820847755,0.23777004424821416,0.08108316543433623,0.03741721535094907,0.1847531643739215,0.03011770603375975,-0.30208516094203386,0.1439638302179634,-0.27495782441460287,-0.03621412665207793,-0.001837409503243905,0.0010777669594053965,-0.15523893071635833,0.16789835442915949,0.20228663973855956,0.3721380852766236,0.39000318124415567,0.2703459844022635,0.09702409069437884,0.16678395496129486,0.23127645011712764,0.2120964398985858,0.030175546836590093,0.26577656097866637,-0.24588318085855032,0.09568218406871487,-0.2715606412617007,0.026226948030038656,-0.06380418960215167,0.022617681933425237,0.0691833842653736,0.09228500091581271,-0.10091099264457791,0.010351575679870436,-0.09792255116501017,0.1298583864344037,-0.03898277308089036,-0.2719346784533369,-0.3600840619667801,0.2662739918830073,0.17059373584105347,-0.3543192619513559,-0.10036343304445065,-0.3557190093798502,-0.21443320833293167,-0.20368638716705387,-0.22592424782855985,0.09097008666480291,0.10413465338898904,0.06455226398542412,0.037251405049502084,,-0.03621412665207793,0.17008088072262442,-0.10066806127269047,-0.017523835230833004,0.008905555609111854,0.05918463748276826,-0.011870860767547453,-0.06962297436688421,0.021090684738704173,-0.22310547270396114,-0.20565297446328554,0.050153760134190664,0.5999768636788678,0.29138461241842034,0.5117580712020283,0.21754889957872614,0.32398368889360185,0.2921288307481708,0.3952319898200187,0.22499879498327438,0.467729652087571,0.09902923852583073,0.2624989154849469,0.26269557421457007,-0.07714613478835086,0.22088052982175393,-0.2948704848023291,-0.19094598633029025
