,#10,#11,#12,#13,#17,#18,#26,#49,#50,#51,#52,#53,#54,#58,#101,#102,#201,#202,#301,#302,#401,#402,#501,#502,#601,#602,#701,#702,#801,#802,#901,#902,#1001,#1002,#1101,#1102,#1201,#1202,#1301,#1302,#1401,#1402,#1501,#1502,#1601,#1602,#1701,#1702,#1801,#1802,#1901,#1902,#2001,#2002,#2101,#2102,#2201,#2202,#2301,#2302,#2401,#2402,#2501,#2502,#2601,#2602,#2701,#2702,#2801,#2802,#2901,#2902,#3001,#3002,#3101,#3102,#3201,#3202,#3301,#3302,#3401,#3402,#3455,#3501,#3502,#3601,#3602,#3701,#3702,#3801,#3802,#3901,#3902,#4001,#4002,#4101,#4102,#4201,#4202,#4301,#4302,#4401,#4402,#4501,#4502,#4601,#4602,#4701,#4702,#4801,#4802
#10,1.0,0.16752817329104527,0.035188416415219845,0.7029836214126652,0.23194354737643758,0.14169261469349195,0.5999575834112577,-0.14138413041173012,-0.4005610557874543,-0.3917962461318963,-0.329571110447013,0.17441894093490018,0.19301283101809452,-0.12725169425351623,-0.4882708491993869,-0.2477495107632094,0.6634397925443205,-0.27143339149547396,,,,,-0.29515583276295876,0.10269248937175247,-0.07485178294274725,0.04116529937435531,0.2607791156141247,-0.11791618867669883,0.23561836638292538,-0.27064290052345924,0.28688074190469764,-0.028887624960234448,-0.0863852390271177,-0.3370865587614356,-0.02826294428966674,0.13969132291556208,-0.21099746464480926,-0.2876982252513665,-0.07463584394551397,,0.45309592897149414,-0.23848727020331043,0.5473995739060858,-0.16952560901545313,0.33822409455043234,-0.1538854559301283,-0.16919013235903715,,,,-0.3020504564603357,,-0.21594478131356462,,-0.17077111430306652,,,,0.3678308734925241,,0.48539808932547984,0.27741798656165345,-0.18903338378336693,0.5563032014884367,,,0.39844408240386375,0.5043544484397443,-0.26413773823180664,-0.3517472742521666,-0.15914511293416753,-0.1291527286398735,0.3941677190479404,0.25230350997271844,0.30652347854588224,0.20016195424792496,,,0.4602373400942805,0.06741731175228712,0.16543819228210888,0.2968486402591268,0.4324351942004955,0.19340229242381884,0.42782335418815615,0.3942525522254249,0.4066536203522505,0.1888444371607878,0.39030009736535143,0.313063345319233,0.3010286022769996,0.3611521887923804,0.46196485207214677,0.4290148747264612,0.36208535374470996,-0.09702409069437884,-0.014685779838624161,0.37815352877097935,-0.11896889128821109,0.11687119817223063,-0.08490451447466091,0.4371858521396277,-0.251054148631583,0.39225126044749503,-0.2938949032612573,0.19367221617036046,-0.19878148708704077,0.2655104932856468,,,
#11,0.16752817329104527,1.0,0.1287439869665391,0.10892001580981944,0.061104952136735655,0.19944087223930668,0.2785400981365621,-0.11693675108210502,0.24229705108306904,-0.14354737643758494,-0.0075135202876615926,0.05724889861471277,0.16961429824645965,0.12014884366595008,-0.15170292963666335,-0.16755516566569945,0.015588096362777516,0.02278734828839424,,,,,-0.004937676534950305,-0.17555262067037491,0.31896310720792803,0.026654969970983197,0.4374442077256032,-0.11124521608359925,0.4557026211523816,0.14072088920594217,0.2042609391418353,0.03050716743948406,-0.17436495618559186,-0.10209865712936096,0.037860661505981705,0.24372764693973953,-0.049397973643874174,0.1257439773264053,-0.22888955298699545,,0.2113907821040556,0.1435859369728052,0.04234525175209432,0.024048277790095725,0.07013197343179123,-0.046178168952985064,-0.1420049550287758,,,,0.07675281732910452,,0.09693154540985029,,-0.013424850336922676,,,,0.052579217799543054,,-0.033877358217732065,-0.03587479394213992,0.026493015723058237,0.07160112982368196,,,0.065207793084168,0.08337751727993985,-0.1650371627158185,-0.19245755931092323,0.02377064193651008,0.03241976998640741,0.038234698697617926,0.24014922927130228,0.1587710757425313,-0.23791271822852902,,,0.2905131443224432,0.34021381816779617,0.08577983862416011,-0.09509606393336739,0.26859533610326514,-0.0448863910231074,-0.01846856834372861,0.018206356704231055,-0.09799196012840658,0.012410708260630657,0.10161279438558607,0.09319117349348809,-0.09729015838739842,0.04685297831933907,-0.04385296867920527,0.05589542382848274,-0.03476425052779732,0.1673276585079001,-0.0074980960735735016,0.4105790828376698,-0.0997117599992288,0.2651557363616207,0.2815208275090858,0.024048277790095725,-0.15086230996886238,0.23929704144293523,0.014716628266800343,0.17411816876018238,0.07010498105713707,0.1542710612823306,,,
#12,0.035188416415219845,0.1287439869665391,1.0,0.03552389307163584,0.24809655558019145,0.014855446193593167,-0.01376418304686069,-0.06545072445605545,-0.04043650525869299,0.24880221337472164,0.009295017014836166,-0.15288673806792438,-0.07189804594487771,0.026616409435762968,0.11254856217404298,-0.05112934167526245,-0.09057291315203456,0.4418555329547974,,,,,0.30533581406109916,-0.078854366498607,-0.26185109849324706,0.0729391803958239,-0.1873444323407209,0.16950632874784302,0.30172269191096374,0.1177927949639941,-0.008728177147098802,-0.20717225955096258,0.09226957670172461,0.4193516046002719,0.13234554095610848,-0.2932972149653437,0.23620063046475084,0.27830487887171873,0.07783636836879296,,0.17846779713302421,-0.10381845700018316,-0.13554606537938746,0.34081921857075376,-0.17173127163005023,0.0864006632412058,0.14456151851387697,,,,0.014361871342774238,,0.016135655962904765,,0.2329731136668177,,,,-0.22221858039389586,,-0.13733141816008407,-0.04903936066632605,-0.06493786933762641,0.19193699208545015,,,-0.3589773746059595,0.09133255569587306,-0.3001764144486325,0.2032892136542855,-0.020489140389268603,0.13521830083001551,-0.16216440284191144,-0.18689713013216624,-0.005018653658912786,-0.19754369390647142,,,-0.07050986667694947,-0.03441720571081527,-0.0726538324351942,-0.02309197651663405,0.14437642794481986,-0.22006690252860708,-0.019463430152410515,-0.2764809655558019,-0.2912535065986716,-0.13851908264486712,0.02353156661814466,-0.05687486142307655,0.1566810947335949,-0.20247173030761667,-0.09831201257073448,-0.3441392806532155,-0.07797518629558578,0.2307481707846105,-0.2580451736670105,0.2249525223410101,0.2346582090559417,-0.0415162002448594,0.20229820789912564,-0.03441334965729324,0.05361649619696721,0.1215987197902307,0.38839520692547214,-0.04492495155832763,0.2593678000250643,0.2806956320553729,,,
#13,0.7029836214126652,0.10892001580981944,0.03552389307163584,1.0,0.22054890921885995,0.05985944684912227,0.5591528250412116,-0.09894054929482421,-0.4519815295036295,-0.34634879932133456,-0.3444786133631535,0.10221433873502164,0.13840340103920643,-0.19737788360502445,-0.43972699141064076,-0.18743312157172742,0.6010835510396885,-0.30196176722932916,,,,,-0.18604108625027715,0.13876587007027658,-0.06292500939913045,0.002955665024630542,0.2789334155958085,-0.11920411055305448,0.10024003933174593,-0.236898576152237,0.47270010507745847,-0.0034685201430595856,-0.13898180906750987,-0.38501344798665804,-0.10978377179875257,0.19637916574282052,-0.12853190402282783,-0.18904495194393298,-0.02083232915272864,,0.43518456036169784,-0.22600908100604436,0.5099650063142876,-0.14371704279255396,0.29967127143724753,-0.24012609295017015,-0.10174775625885688,,,,-0.2795658083734202,,-0.22799494856988614,,-0.25561585994813607,,,,0.3429284798473003,,0.3439271977095042,0.20652829861278474,-0.19596271196244203,0.531755564767239,,,0.2610991680564526,0.5211861220633742,-0.16278908351247914,-0.38476280450772654,-0.13326713774787194,-0.1582505085170582,0.3208988460759835,0.21571341810224326,0.27685500274743813,0.23060164075077363,,,0.2980285926368658,0.051692325489477796,-0.02696731030626705,0.299744536454166,0.4113464374885523,0.09333770352732496,0.4011433198692798,0.38990292385258307,0.387535306990061,0.22377642601679312,0.2253574079608225,0.2964398985857924,0.1288442443581117,0.4295007374702361,0.24617238487270204,0.4244647315704742,0.28430489815198634,-0.114407179971658,0.08841737923322376,0.377417022548273,-0.13922859649291933,0.0570676640991777,-0.21454503388507032,0.5752557045491792,-0.16009755815410717,0.24502328092313921,-0.2455438481486123,0.008843858752759488,-0.09489169309670019,0.24076234178130393,,,
#17,0.23194354737643758,0.061104952136735655,0.24809655558019145,0.22054890921885995,1.0,0.1072117840995633,0.1110022847117118,0.053149913720802446,-0.246504005475596,-0.2825928103882082,-0.21401289849903116,0.09409349001764145,-0.12801519285087676,-0.5860642225714093,-0.4669738655972545,-0.11412954411807236,0.2533137959954884,-0.06750214492977162,,,,,-0.2958884829321431,-0.03759844986648415,0.12789565519169407,0.06366537167535885,0.03452517520943191,-0.306149441354246,0.11985578359827634,-0.22586640702572952,-0.07338262655085652,-0.2346389287883316,-0.12568228047005292,-0.1286244493073564,-0.06330675869781073,-0.044770709417446715,0.2655220614462129,0.1788379782711384,0.29814041818900444,,0.31715847415962134,0.017003268005359916,0.5016822033489825,0.19941773591817455,0.3237677498963686,-0.18725574310971435,-0.3114129544118072,,,,-0.45173859813174205,,-0.07404586775664446,,0.250710959868123,,,,0.1185832859360088,,0.26863775269200735,0.1265691727801182,-0.3352279409638206,0.3404837419143378,,,0.07589291739369343,0.4918955395100884,-0.3207291797210145,0.08116028650477669,-0.24191530178438878,-0.0590226832348433,0.06510753569259542,0.29975996066825406,0.10157423385036585,0.1620525772897728,,,-0.11749973489632036,-0.14282243837544464,0.22098849932037057,0.48172327031899204,0.38208284730992065,0.10952541621277703,0.47251115845487934,0.39122555021063693,0.17185466534275495,0.07871554857181418,0.17942024235296386,0.3809414554674019,0.5047169174708145,0.39063943007528945,-0.006568787174765986,0.2806956320553729,-0.05928103882081883,0.0011818804045000144,-0.056790028245592046,-0.1211282812605439,-0.08131838469917962,-0.24059653147985693,-0.06297899414843879,0.3387485178294275,-0.1707865385171546,-0.07747004328420079,-0.1543211899781169,-0.284077390994187,0.10428118342282591,0.5281077381354053,,,
#18,0.14169261469349195,0.19944087223930668,0.014855446193593167,0.05985944684912227,0.1072117840995633,1.0,0.053832435194200494,-0.24605284721351933,0.20198201151031978,-0.11707942506241986,0.03416270617836176,-0.15284817753270416,0.13788668986725536,-0.18871718739456103,-0.10590072590207553,-0.3290505432215399,0.11730693222021922,0.15925308243278416,,,,,0.004887547839164007,0.08814745548668215,0.08642765561585995,0.10262308040835606,0.09733257497614067,0.13993811034097153,0.5290447591412569,0.4986821937088487,0.12265527845526496,0.5003171604021864,0.002346408568150926,-0.06031831721824299,0.7479606296935402,0.33016494268940455,-0.20591904215630513,0.019046976372032044,-0.5488764424050205,,0.20621210222397887,0.14670162821859967,0.1354303837737268,0.05474631987891992,-0.11671695603134971,-0.0807245524567881,-0.10260765619426798,,,,0.13254219968573164,,-0.16280836378008925,,-0.5401501932846828,,,,-0.2961198461434645,,-0.14999855397992923,-0.4127346167564806,0.27149894440534833,-0.020504564603356694,,,0.424433883142298,0.3089682164788447,-0.06624892753511419,-0.3276006670972593,-0.16346389287883314,-0.10517578783993521,-0.3382472308715645,-0.3862165366855292,-0.2627418468568344,-0.4358400894604417,,,0.21788052018162013,0.4410573298757387,-0.07806001947307029,0.2565991535962519,0.2880722624430027,0.035111295344779386,0.27515062709070404,0.00931429728244628,-0.3129206713389182,-0.01686445007856709,-0.017789902923852585,0.20441132522919417,0.13487125601303346,-0.024796352173368168,-0.04464731570474198,-0.22389981972949785,-0.08679398070045212,-0.19250768800670953,0.08775799408095784,0.11670153181726162,0.19637530968929848,0.04798280200129178,0.16032892136542856,-0.04787868855619716,0.3341289657100441,0.01618578465869106,-0.12553960648973808,0.16449731522273528,-0.1783791079020177,-0.08877213615724987,,,
#26,0.5999575834112577,0.2785400981365621,-0.01376418304686069,0.5591528250412116,0.1110022847117118,0.053832435194200494,1.0,-0.10297012522533813,-0.31362247307992636,-0.12636480194345098,-0.09832743678482257,0.16460528472135194,0.25233435840089463,-0.14027744305090956,-0.35894652617778333,-0.29382549429786087,0.7304888511852544,-0.3099939267157028,,,,,-0.2457752113599337,-0.03439792544320515,0.05347767827017439,-0.017901728475991245,0.2388034665921163,-0.053951972853383205,0.3280903858945562,-0.3865481572884232,0.1329933579478083,-0.27266347256899925,-0.011874716821069477,-0.2723781246083696,-0.20082519545371288,-0.07160112982368196,-0.06071163467748932,-0.35156603973663153,-0.10749327600667097,,0.4637656290669315,-0.33282561961960033,0.4493979736438742,-0.11649330492707238,0.15884434075944975,-0.20513240723781245,-0.19101539529368666,,,,-0.2086606962104634,,-0.1788688266993146,,-0.09945726046677528,,,,0.19581232587508315,,0.21692036285463642,0.2016696711750359,-0.28467507929010055,0.6194884945003036,,,0.5534728582032719,0.6533060838884444,-0.17862975138094916,-0.27714420676158985,-0.16708472713601263,-0.19076089576123317,0.16148573742203542,0.06858569596946006,0.2755516566569944,0.16381479374933725,,,0.6798318760664398,-0.0799494856988615,0.36503523468905746,0.23136128329461214,0.3690146819237851,0.11162696538227951,0.29542575650950037,0.261492485515699,0.23139598777631035,0.4560226735947095,0.3575274984816789,0.2960774295547222,-0.02552129023550847,0.2674616563677904,0.1933444516209885,0.3204862483491271,0.15643430730818544,-0.03310614751332749,-0.008242314403323918,0.2375926657862011,-0.11567196552688151,0.029535441951934294,-0.12894835780320632,0.5466399313622473,-0.45512035707055615,0.2338330136022288,-0.24477649349772976,0.0907657158281357,-0.0411961478025315,0.08662045829196109,,,
#49,-0.14138413041173012,-0.11693675108210502,-0.06545072445605545,-0.09894054929482421,0.053149913720802446,-0.24605284721351933,-0.10297012522533813,1.0,0.15104354448439744,0.26416473060646084,0.5327041539336566,0.5769716483664793,0.41403025073988026,0.15734819199290487,-0.09223487222002641,-0.03089662884520837,-0.036842663376167664,-0.23638186498028593,,,,,-0.4040237918502309,-0.2712598690869829,-0.12698948261401868,-0.36429101635930705,-0.1591412568806455,-0.23638957708732997,-0.17731483712993937,-0.1879035601014142,-0.1915938033219901,-0.32148882226485304,0.28942573722923276,-0.2787213326520972,-0.31685770198490354,-0.14464635169136147,0.6557122612861866,0.04957149605236521,0.3548128368021748,,-0.20775837968631006,-0.00010604147185562935,-0.09213461482845382,-0.11744189409349001,-0.15537003653610712,0.05182343130922657,-0.22481370441421727,,,,0.1288442443581117,,0.4486113387253815,,0.22089209798231998,,,,-0.010621499426412039,,-0.03372697213037317,-0.07646361331495281,-0.44681441778411884,0.01640943576296839,,,-0.21778026279004753,-0.1294650689751574,-0.20433420415875372,0.14789314875690474,-0.10748556389962692,-0.26330868672457175,-0.07154328902085161,0.08707932866108181,-0.3588192764115566,-0.09951895732312764,,,-0.0962258876153201,-0.4463863958431743,0.23713765147060242,-0.15968496042725072,-0.16012069447523933,0.14765792949206136,-0.057036815671001516,-0.11306141729247202,-0.07537620622174236,-0.019050832425554068,-0.14171575101462408,-0.20276864642881243,-0.3135800564911841,-0.1320332006208246,-0.2610066227719241,-0.002419673585069361,0.11330049261083744,-0.17665545197767346,-0.25643334329480494,-0.2338522938698389,-0.18093181533359684,-0.0076137776792341875,0.17854491820346466,-0.10831461540686185,-0.32883460422430666,-0.0958557064772059,0.22712348047390898,0.16600888820336826,0.5138133477292665,0.11832878640355528,,,
#50,-0.4005610557874543,0.24229705108306904,-0.04043650525869299,-0.4519815295036295,-0.246504005475596,0.20198201151031978,-0.31362247307992636,0.15104354448439744,1.0,0.48491608263522695,0.2992933781920893,-0.06811525743977326,-0.03605602845767499,0.35106089672524654,0.4302873723887288,0.22014016754552554,-0.45884916082635224,0.2991699844793846,,,,,0.23879189843155024,-0.2035707055613932,0.06498414197989068,-0.15403969807100923,-0.192083522119287,0.16936365476752818,0.10606268015000048,0.36218175508276057,-0.1940346852014306,0.2458947490191164,0.0253747602016716,0.1764279448198741,0.258461627447389,0.23003094482951422,0.13367587942120637,0.12670799070691102,-0.16041375454291307,,-0.2820221144669488,0.2993897795301399,-0.48101761252446185,0.14445354901526034,-0.3792409358641898,0.14329287690513146,0.10522977258924354,,,,0.329567254393491,,0.20386376562906694,,-0.07689163525589736,,,,-0.33114438028399834,,-0.3560891905179644,-0.2767778816769977,0.40563562222243643,-0.4027358699738752,,,-0.09541226032217327,-0.34460586312938024,0.4231575294265084,0.06811140138625124,0.5170331524201556,0.27588327725988837,-0.429994312321055,-0.25896291440525193,-0.44567688199512207,-0.41606624699950834,,,-0.17076340219602248,0.20886506704713062,-0.09041095890410959,-0.3408037943566657,-0.2299731040266839,-0.3461020118959251,-0.3344220257777178,-0.4255945552524269,-0.45246353619388235,-0.38077178911243287,-0.2639410795021835,-0.3948926571100807,-0.202190238400509,-0.48031195472993166,-0.3734607116346775,-0.3717254875497672,-0.15874793942139917,0.007814292462379378,-0.05242883171218417,-0.10663337607125987,0.11837891509934158,0.05799311694446319,0.11023878611435127,-0.5115575564188831,0.4631602286639739,-0.301595442144737,0.18422102898788234,-0.04894295932827548,-0.014223053415981414,-0.39788881069669246,,,
#51,-0.3917962461318963,-0.14354737643758494,0.24880221337472164,-0.34634879932133456,-0.2825928103882082,-0.11707942506241986,-0.12636480194345098,0.26416473060646084,0.48491608263522695,1.0,0.40250065070903185,-0.004625336199666452,0.04632084293329992,0.32792843164663127,0.364279448198741,0.12389692768935633,-0.17074026587489036,0.2487405165183693,,,,,0.3043448083059393,-0.3204206954392527,0.012171632942265238,-0.12470669892898113,-0.308000347044817,0.23202066844687805,0.11800102185418333,0.045692306209210186,-0.1820732071761156,-0.2031851002091909,0.2839578533350043,0.3074335071770796,0.06867438520046658,-0.3070247655037452,0.3651046436524539,0.0058361370055816375,0.01733103255473186,,-0.0825291855050948,-0.07216796969141932,-0.4646023926812104,0.22789854723183559,-0.4699160344345579,0.12351903444419808,0.07860372301967551,,,,0.10400740362276228,,0.18794212063663443,,0.12797663231565654,,,,-0.3539452247597197,,-0.26493208525734335,-0.1995642659520114,0.04398021844543202,-0.17417215350949072,,,-0.15273249592704347,-0.20310797913875045,0.127213133718296,0.06730548620014846,0.10495599278917991,-0.030649841419798908,-0.4257565095003519,-0.4025623475653842,-0.2025758437527113,-0.18481486123027388,,,-0.09628372841815044,-0.2775568044884463,0.08333124463767558,-0.35421129245273925,-0.3618077178911243,-0.2102571023685809,-0.30602219158801924,-0.4319647556708087,-0.37176790413850946,-0.19607839356810272,-0.030029016802753224,-0.40483741914337773,-0.30927670076060654,-0.5453982821281559,-0.4083541399554626,-0.4342359711952802,-0.09715519651412761,0.24544744681056174,-0.31193352163728033,-0.12960774295547223,0.18501151995989704,-0.18944598151022335,-0.040444217365737035,-0.1857287459149933,0.1614317526727271,-0.20535605834208978,0.4571409291160961,-0.1736824347121938,0.27277529812113793,-0.25595133660455205,,,
#52,-0.329571110447013,-0.0075135202876615926,0.009295017014836166,-0.3444786133631535,-0.21401289849903116,0.03416270617836176,-0.09832743678482257,0.5327041539336566,0.2992933781920893,0.40250065070903185,1.0,0.4699468828627341,0.2538883479702698,0.3459014971127799,0.2507996490991295,0.030996886236780968,-0.33543231180048777,0.18885214926783184,,,,,-0.222577193371444,-0.310360251800295,-0.17111430306652656,-0.2857470621692229,-0.1732428446106832,0.3746946487617248,-0.03853932692585773,0.10780561634195483,-0.31033325942564083,-0.11465011134354545,0.5492504795966568,-0.040120308869887114,-0.0644828550220277,-0.18412077159630977,0.5575602749366161,-0.03423211514175817,0.29790519892416106,,-0.31785256379358545,0.08707932866108181,-0.35198249351701,-0.11877994466563196,-0.4607617633732756,0.29315068493150687,-0.01984517945109078,,,,0.5465589542382848,,0.7280595374663801,,0.22897824221800198,,,,-0.4647913393037895,,-0.4642283554895742,-0.32660966134209946,-0.19327889871111412,-0.1375704934784495,,,-0.0644982792361158,-0.274977104682213,-0.3155389316803717,0.2737161751805115,0.0376408664552264,0.13606277655133853,-0.041990494828068214,-0.09250093991304599,-0.452397983284008,-0.31781400325836523,,,-0.006553362960677894,-0.18752566685625596,-0.019648520721467614,-0.3471084418651731,-0.39426412038599096,0.0723839086886526,-0.21902576807766092,-0.5284856313805636,-0.5284123663636451,-0.08657418564969682,-0.25728938717669403,-0.2462495059431425,-0.3511572980632971,-0.5557170813530892,-0.38366382925395004,-0.5369573809684478,-0.2514860266260496,-0.11879536887972005,-0.08797778913171315,-0.3149450994379802,0.3559465165376495,0.41313179026924896,0.43767171488340256,-0.4526910433516817,-0.0519121205402331,-0.21493449529079464,0.4262577964582148,0.48107159727377014,0.5286244493073564,-0.09077728398870176,,,
#53,0.17441894093490018,0.05724889861471277,-0.15288673806792438,0.10221433873502164,0.09409349001764145,-0.15284817753270416,0.16460528472135194,0.5769716483664793,-0.06811525743977326,-0.004625336199666452,0.4699468828627341,1.0,0.5642158233156276,0.22587411913277355,-0.24531634099081295,-0.09250479596656802,0.11057040671724523,-0.2763460036825311,,,,,-0.5854819584895838,-0.16307057541958683,-0.09439426219235923,-0.19686117243307338,0.11471952030694187,-0.037058602373400945,-0.02016523189341868,-0.2747303172568035,-0.01031687119817223,-0.2640991776965864,0.23471219380525002,-0.36215476270810637,-0.3150453568295528,-0.054665342754957436,0.48057416636942923,-0.1364946545458051,0.37752884810041165,,0.14584172828318856,-0.16962201035350372,0.24066208438973133,-0.23069032998178016,0.04320900774102745,0.10902798530843608,-0.2919437401791137,,,,0.2295026654969971,,0.41773591817454425,,0.20560284576749926,,,,0.11753058332449655,,0.14866435946130932,0.0856101722691911,-0.4820047622260997,0.19462851744382212,,,-0.03934524211196051,-0.029936471518224674,-0.32428446106831965,0.006696036940992741,-0.18114004222378607,-0.08355489574195289,0.2577444014922927,0.1973701714979804,-0.0869944954835973,0.07232606788582226,,,0.11502800458870369,-0.36877175055189765,0.2250334994649726,0.002014787965256958,-0.21132137314065919,0.46572064820259707,0.036665284914154606,0.011782171536540927,0.024167815449278436,0.006753877743823084,0.12311414882438568,0.16979938881551676,-0.2685105029257806,0.016305322317873773,-0.24525850018798262,0.11251385769234477,0.07877338937464452,-0.13058718055006605,-0.17173127163005023,-0.2798820047622261,0.006696036940992741,0.2740863563186257,0.244144100720118,0.0013978194017332962,-0.344733112895607,0.05356636750118092,0.09131713148178497,0.4270097268950093,0.3919967609150415,0.21800391389432486,,,
#54,0.19301283101809452,0.16961429824645965,-0.07189804594487771,0.13840340103920643,-0.12801519285087676,0.13788668986725536,0.25233435840089463,0.41403025073988026,-0.03605602845767499,0.04632084293329992,0.2538883479702698,0.5642158233156276,1.0,0.3636393433140852,-0.16511813983978096,-0.2404191530178439,0.2580413176134885,-0.3025787357928528,,,,,-0.3160633549593668,-0.10097268950093027,-0.11193930571756336,-0.09443667878110149,0.07149316032506531,-0.05699054302873724,0.2927882159004367,-0.13740082712348048,0.18656550952927226,-0.07384149691997725,0.07525666856255965,-0.34172924720195114,0.018071394830960253,-0.0433863862030405,0.12072725169425351,-0.1662325393076456,-0.27973933078191127,,0.1329740776801982,-0.1979292992586737,0.19026346485689222,-0.11783521155273635,0.019582967811593226,0.03926040893447601,-0.2875632633780957,,,,0.27076243818264195,,-0.007062362025584915,,-0.3088139743379638,,,,0.14058207127914935,,0.18282128155938804,0.052698755458725766,-0.27234342012667134,0.14863736708665518,,,0.24686261845314414,0.08119113493295287,-0.1465550981847628,-0.23133814697347999,-0.2726056317661689,-0.2889013139502376,0.1107516412327803,-0.05680545245968014,-0.07150472848563139,-0.14899212401068126,,,0.46583632980825773,-0.18930716358343053,0.2892676390348298,0.0704635940346852,0.02218194788543665,0.31110832618356743,0.130752990851513,0.08996365669555494,0.11020022557913103,-0.028351633520673266,0.1377748643151167,0.13564246671743804,-0.3115556283921221,0.036715413609940906,-0.11429921047304137,0.08269885186006382,0.36328073033653707,-0.13211032169126508,-0.2914270290071626,0.04768202982657399,-0.08987882351807043,0.08863717428397906,0.23438057320235606,0.1146925279322877,-0.2841776483857596,0.3348153432369641,0.013636933280633935,0.35162388053946186,0.16251530371241552,0.08719115421322048,,,
#58,-0.12725169425351623,0.12014884366595008,0.026616409435762968,-0.19737788360502445,-0.5860642225714093,-0.18871718739456103,-0.14027744305090956,0.15734819199290487,0.35106089672524654,0.32792843164663127,0.3459014971127799,0.22587411913277355,0.3636393433140852,1.0,0.331753636740478,-0.010451833071443031,-0.2957959376476145,0.16507572325103873,,,,,0.03656502752258201,-0.17345878360791647,-0.27207349638012973,-0.21283294612129217,-0.08011529600030848,0.17540223458301601,0.07596232635708984,0.17121456045809916,-0.039584317430325935,0.09233512961159901,0.2,0.16711943161771087,-0.01141199039842673,0.029257806098348646,0.15741760095630128,0.12823884395515409,-0.14326588453047728,,-0.14609237176212006,0.1111025421032844,-0.273966818659443,0.05626946102011896,-0.1272632624140823,0.27909536984373345,0.05581444670452026,,,,0.49588269885186004,,0.15994331601322626,,-0.15208853498886565,,,,-0.0952310258066382,,-0.10139299933483077,-0.035392787251887055,0.1483751554471576,-0.19191771181784004,,,-0.17244464153162445,-0.4922310161665044,0.07394561036507187,-0.0759738945176559,0.24852072146761398,0.09479143570512759,-0.03572826390830305,-0.08945851368416993,0.03328738202886256,-0.2585503166783955,,,0.053766882284326106,0.04341337857769466,-0.19731618674867207,-0.529229849710314,-0.35251077284952714,0.03034906924508112,-0.3408770593735841,-0.26010816230129274,-0.1761078923775462,-0.36024216016118304,0.08040835606798222,-0.24930735638610663,-0.4182140688112751,-0.33753000491646823,-0.09420145951625808,-0.2966828299576798,0.06824636325952205,0.07166668273355634,-0.26026240444217363,0.16859630011664561,0.021777062265624248,0.2246864546479905,0.3693193101520249,-0.34942593003190886,0.13801779568700415,0.04313959877763103,0.31900166774314825,0.3585956253072793,0.06529648231517453,-0.12649590776319974,,,
#101,-0.4882708491993869,-0.15170292963666335,0.11254856217404298,-0.43972699141064076,-0.4669738655972545,-0.10590072590207553,-0.35894652617778333,-0.09223487222002641,0.4302873723887288,0.364279448198741,0.2507996490991295,-0.24531634099081295,-0.16511813983978096,0.331753636740478,1.0,0.5815217915224663,-0.5462234775818688,0.31402350264621676,,,,,0.6004627264226428,-0.020666518851281655,-0.3022432591364368,-0.14151909228500092,-0.35965989607935756,0.42182333490788854,-0.2500554307693791,0.20515168750542256,-0.07232221183230023,0.20225964736390542,0.35001590622077833,0.4464480926995267,0.06154068618472425,-0.1226938389904852,0.05232857432061157,0.028536724089730365,0.04303934138605844,,-0.4724224692238728,0.20554886101819092,-0.6755015279612081,-0.024854192976198508,-0.49932229859350447,0.20232905632730183,0.48486209788591866,,,,0.5860410862502772,,0.24942689404528934,,0.04081439850385123,,,,-0.4823710873106919,,-0.6629693540146337,-0.22977644529706073,0.5371656078586371,-0.3044951943932982,,,-0.3055826014865086,-0.5244406312359615,0.4337809568796815,0.545074373632306,0.6174679224547637,0.589384284653871,-0.1606913903964987,-0.4535933598758351,-0.4639931362247308,-0.3783694677682126,,,-0.15176462649301573,0.1302594160006941,-0.35532569192060387,-0.3512768357224798,-0.5138827566926629,-0.4932760066709726,-0.5746464480926995,-0.735802492938602,-0.48871043930089747,-0.3252176260206492,-0.3986793016687072,-0.5822775780127828,-0.3845815699921915,-0.6756866185302652,-0.3417678077371714,-0.5777814196061042,-0.2746262038117089,0.043459651219958935,-0.0202693453385133,-0.0371858521396277,0.21983939537080774,0.29839877377498,0.16596261556110398,-0.4742733749144438,0.40516132763922763,-0.15800372109164876,0.31210704404577133,0.132430374133593,-0.10079531103891722,-0.46570136793498695,,,
#102,-0.2477495107632094,-0.16755516566569945,-0.05112934167526245,-0.18743312157172742,-0.11412954411807236,-0.3290505432215399,-0.29382549429786087,-0.03089662884520837,0.22014016754552554,0.12389692768935633,0.030996886236780968,-0.09250479596656802,-0.2404191530178439,-0.010451833071443031,0.5815217915224663,1.0,-0.3454888993859235,0.11620024485939864,,,,,0.4818273837640866,-0.17268371684998987,-0.09565904774758274,-0.12169897718180328,-0.2879411566232539,0.11170408645271997,-0.4170456845941022,-0.15648829205749376,-0.059601091263146735,0.13189823874755383,0.04368330232423626,0.13365659915359626,-0.12744064087609536,0.028509731715076207,0.0930407874061292,-0.11984807149123229,0.31956465155736363,,-0.447516219525127,0.23015048248869693,-0.45313448950671437,-0.2390078374287835,-0.21700519603212093,-0.08922715047284856,0.17478912207301436,,,,0.23887673160903472,,0.12594063605602845,,0.23575718430971823,,,,-0.20524037673642911,,-0.4088284345386714,0.06525020967291026,0.4377604041144091,-0.09039939074354351,,,-0.26270328632161416,-0.2784475528520336,0.4619532839115807,0.7391264110745858,0.5383686965575082,0.6158059633867718,0.07202143965758245,-0.05555994717206675,-0.37626791859871017,0.01563436900504179,,,-0.22665689799774422,-0.03676939835924923,-0.09377729362883556,-0.05608051439753984,-0.4122140495310075,-0.5332054408915196,-0.3787435049598488,-0.4615869588269885,-0.10084543973470352,-0.36556737007509665,-0.26418786692759294,-0.5366836011683842,-0.059901863437864515,-0.3276353715789575,-0.29375608533446446,-0.15432890208516095,-0.17618501344798665,0.05548668215514831,0.13494837708347393,-0.2131915590988403,0.08986725535750437,0.04080283034328516,-0.1652569577665738,-0.22718517733026133,0.3403333558269789,-0.10598555907956002,0.04662547116153972,-0.17053975109174516,-0.13488668022712155,-0.2951134161742165,,,
#201,0.6634397925443205,0.015588096362777516,-0.09057291315203456,0.6010835510396885,0.2533137959954884,0.11730693222021922,0.7304888511852544,-0.036842663376167664,-0.45884916082635224,-0.17074026587489036,-0.33543231180048777,0.11057040671724523,0.2580413176134885,-0.2957959376476145,-0.5462234775818688,-0.3454888993859235,1.0,-0.5608610567514677,,,,,-0.30653504670644827,-0.05548282610162629,0.08835182632334937,-0.07710757425313064,0.2014498761242806,-0.31730886024698024,0.3205672254730896,-0.4667347902788891,0.10752798048836917,-0.2176260206491666,-0.17035080446916603,-0.34923698340932974,-0.13545737614838094,-0.05579516643691015,-0.18157963232529667,-0.3897679619793123,-0.174727425216662,,0.6206491666104326,-0.3022586833505249,0.6409165839221849,-0.05266405097702756,0.29216739128339103,-0.24247057349156007,-0.299744536454166,,,,-0.43404702457270106,,-0.31890141035157565,,-0.2174062255984113,,,,0.4352501132715722,,0.49148294178323193,0.30119055652492455,-0.319456682058747,0.6998447938457386,,,0.6486209788591866,0.7874813222407527,-0.1257594015404934,-0.39668186594429933,-0.3569683707209856,-0.3852255309303693,0.06889418025122189,0.10725805674182758,0.35099919986889416,0.2516749732486287,,,0.6424705734915601,-0.24730606460817675,0.5377980006362488,0.4895317787010884,0.42651229599066837,0.2265682087667377,0.5470756654102359,0.5248069563205537,0.47309342253670483,0.45375531412376,0.5079097297870494,0.3867756644462225,0.1068068984797509,0.47911657813810454,0.3029142124492688,0.5841400518639198,0.4618183220383099,-0.007582929251058005,-0.1574368812239114,0.23281501547241476,-0.302451486026626,-0.2632354217076533,-0.2680863370383581,0.6910337115479163,-0.4813260968062237,0.18749867448160182,-0.3992962702322308,-0.11519381489015068,-0.1221231430692258,0.17252176260206492,,,
#202,-0.27143339149547396,0.02278734828839424,0.4418555329547974,-0.30196176722932916,-0.06750214492977162,0.15925308243278416,-0.3099939267157028,-0.23638186498028593,0.2991699844793846,0.2487405165183693,0.18885214926783184,-0.2763460036825311,-0.3025787357928528,0.16507572325103873,0.31402350264621676,0.11620024485939864,-0.5608610567514677,1.0,,,,,0.4058824096478459,0.06096227815642081,-0.14377488359538432,0.35913161674684047,-0.24031118351922726,0.5731927159148968,0.03627967956195232,0.5624960234448054,-0.023554702939276796,0.1647363905411007,0.12820413947345588,0.45335814061099167,0.39283352452932047,0.0051381913180954955,0.16558857836946778,0.3492138470881976,-0.010737181032072725,,-0.1752479924421351,0.1225434529031263,-0.30752219640808615,0.14065148024254576,-0.3649079849228307,0.1446193593167073,0.3668899964331505,,,,0.28718537013293743,,0.012291170601447948,,0.1173879093441817,,,,-0.593425428744951,,-0.3427472453317652,-0.32945157278783027,0.3052432687765706,-0.4097076147416926,,,-0.36704809462755345,-0.36624217944145065,-0.025559850770728698,0.18800767354650882,0.1795282118515805,0.30781140042223787,-0.1099919986889418,-0.28930619957005005,-0.22022500072301004,-0.24439088814552745,,,-0.3953669516932895,0.39679754754996,-0.4395804613768039,-0.2912535065986716,-0.12897920623138248,-0.23227131192580952,-0.23987544947123865,-0.4742348143792236,-0.5511939305717564,-0.3149952281337665,-0.23417620236568884,-0.18027628623485295,0.20444988576441442,-0.47153557691380754,-0.22024813704414217,-0.7181764722894354,-0.5089431521309515,-0.004162609777023705,0.1602363760809,-0.020944154704867303,0.6446106831962828,0.03572440785478102,0.344571158647682,-0.3609786663838894,0.5710564622636962,-0.05311520923910424,0.3347112297918695,-0.003904254191048172,-0.13878129428436467,-0.02078991256398639,,,
#301,,,,,,,,,,,,,,,,,,,,,,,,,,,,,,,,,,,,,,,,,,,,,,,,,,,,,,,,,,,,,,,,,,,,,,,,,,,,,,,,,,,,,,,,,,,,,,,,,,,,,,,,,,,,,,,
#302,,,,,,,,,,,,,,,,,,,,,,,,,,,,,,,,,,,,,,,,,,,,,,,,,,,,,,,,,,,,,,,,,,,,,,,,,,,,,,,,,,,,,,,,,,,,,,,,,,,,,,,,,,,,,,,
#401,,,,,,,,,,,,,,,,,,,,,,,,,,,,,,,,,,,,,,,,,,,,,,,,,,,,,,,,,,,,,,,,,,,,,,,,,,,,,,,,,,,,,,,,,,,,,,,,,,,,,,,,,,,,,,,
#402,,,,,,,,,,,,,,,,,,,,,,,,,,,,,,,,,,,,,,,,,,,,,,,,,,,,,,,,,,,,,,,,,,,,,,,,,,,,,,,,,,,,,,,,,,,,,,,,,,,,,,,,,,,,,,,
#501,-0.29515583276295876,-0.004937676534950305,0.30533581406109916,-0.18604108625027715,-0.2958884829321431,0.004887547839164007,-0.2457752113599337,-0.4040237918502309,0.23879189843155024,0.3043448083059393,-0.222577193371444,-0.5854819584895838,-0.3160633549593668,0.03656502752258201,0.6004627264226428,0.4818273837640866,-0.30653504670644827,0.4058824096478459,,,,,1.0,0.09720918126343593,-0.02097885918656551,0.05545583372697213,-0.25340248522649494,0.17854877425698668,-0.026369622010353505,0.20622752643806697,0.20187789806522516,0.28407353494066495,0.03091976516634051,0.46119364136774216,0.258974482565818,0.008658768183702389,-0.22637926214415857,0.0907155871323494,-0.22047564420194152,,-0.17962075713610906,0.2070103053030376,-0.5549304464345965,0.11345087869819633,-0.3070633260389654,-0.027811786027590064,0.418364454898634,,,,0.18500766390637502,,-0.1464664089537563,,-0.018672939180395823,,,,-0.31353378384891983,,-0.4006343208043728,-0.09614491049135762,0.5569355942660484,-0.3001185736458022,,,-0.24901815237195493,-0.2702727193853451,0.41719221462793904,0.23441527768405426,0.37369207484599887,0.3476212969836021,-0.2574359172105309,-0.3809260312533138,-0.17000375965218398,-0.22064531055691053,,,-0.16894334493362767,0.301101867293918,-0.33003383686965576,-0.2299731040266839,-0.25544619359316706,-0.588713331341039,-0.5182323850655047,-0.4451755950372591,-0.2607058505972063,-0.24370836667212942,-0.13481341521020312,-0.4815651721245891,-0.1049521367356579,-0.4262655085652589,-0.1455409561084708,-0.3905430287372389,-0.20689847975089895,0.18366575728071105,0.07970655432697406,0.19165550017834249,0.1389393924787676,-0.01989530814687708,-0.06324120578793634,-0.156696518947683,0.4699044662739919,-0.06469108191221694,0.1743225395968496,-0.22257333731792198,-0.3290852477032381,-0.3046957091764434,,,
#502,0.10269248937175247,-0.17555262067037491,-0.078854366498607,0.13876587007027658,-0.03759844986648415,0.08814745548668215,-0.03439792544320515,-0.2712598690869829,-0.2035707055613932,-0.3204206954392527,-0.310360251800295,-0.16307057541958683,-0.10097268950093027,-0.17345878360791647,-0.020666518851281655,-0.17268371684998987,-0.05548282610162629,0.06096227815642081,,,,,0.09720918126343593,1.0,0.05202780214589379,0.2697675763739601,0.08222070122333298,0.14381344413060454,-0.17893437960918898,0.20226350341742744,0.21018769340518445,0.27784986455612004,-0.20441903733623823,0.02529763913123114,0.3136186170264043,0.2010989752537765,-0.33705571033325943,0.01999170948492765,-0.1368802598980074,,0.08277597293050427,-0.006460817676149345,0.0929906587103429,-0.05148024254576654,0.1022066266279776,-0.0951654728967638,0.2758601409387562,,,,-0.1325691920603858,,-0.24452585001879826,,-0.1795282118515805,,,,0.05318076214897863,,0.19379175382954317,0.047099765744748535,0.044369679851156335,-0.07758572488986147,,,-0.051221886959791005,-0.09210762245379966,0.11909228500091582,-0.32426903685423153,-0.03398918376987073,-0.13107689934736294,0.21449490518928402,-0.19258095302362796,0.20464654449403757,0.17797422228220527,,,-0.1923148853306084,0.24418266125533822,-0.35967146423992363,0.018900446338195175,0.05957409888849257,0.2442096536299924,0.0022307269624902396,0.2825349695853778,0.11521695121128281,0.07304329384091851,-0.11276064511775423,0.2130604532790915,0.2046696808151697,0.15143686194364378,0.25916342918839713,0.14313863476425054,-0.06493401328410438,-0.2685490634610008,0.48117185466534274,0.06299056230900485,-0.037409503243905025,0.1670461666007924,-0.1619870243798984,-0.03998149094309429,0.19753212574590534,0.04784784012802098,-0.371193352163728,0.06701628218599674,-0.3919350640586891,0.14293426392758332,,,
#601,-0.07485178294274725,0.31896310720792803,-0.26185109849324706,-0.06292500939913045,0.12789565519169407,0.08642765561585995,0.05347767827017439,-0.12698948261401868,0.06498414197989068,0.012171632942265238,-0.17111430306652656,-0.09439426219235923,-0.11193930571756336,-0.27207349638012973,-0.3022432591364368,-0.09565904774758274,0.08835182632334937,-0.14377488359538432,,,,,-0.02097885918656551,0.05202780214589379,1.0,0.20470824135038995,0.4587180550066035,-0.20510927091668033,0.11042387668340836,0.046748864874244456,0.08057416636942921,0.06998544339795436,-0.19660281684709785,0.0718286369814813,0.10406524442559263,0.2197314258721911,-0.03402003219804691,0.08221298911628894,-0.0711692518292154,,0.16759758225444168,0.16851532299268313,0.12726711846760433,0.010922271601129824,0.10275804228162687,-0.27901439271977097,-0.2839771336026144,,,,-0.3054900562019801,,-0.025016147224123472,,0.10160893833206405,,,,0.04597765416983988,,0.1387851503378867,-0.015819459574098887,-0.08886853749530044,-0.09951510126960562,,,0.16119267735436169,0.10246498221395313,0.07110755497286303,-0.2514937387330936,-0.12211157490865973,-0.3303924498472039,-0.056446839482132014,0.2882265045838836,0.2921982397115672,0.15430190971050678,,,-0.06009466611396566,0.10940973460711635,0.1495705320389847,0.1574870099196977,0.11304984913190595,0.19625577203011577,0.0767489612755825,0.28867380679243826,0.09315261295826786,-0.06253554799340615,0.11117966317372485,0.1820192224268073,0.09686213644645388,0.263023338763942,-0.17101404567495396,0.2670991873367202,-0.2514127616091311,0.3204052712251646,0.39386309081970056,0.11072464885812615,-0.1842981500583228,-0.12669642254634494,-0.2144216401723656,0.05326559532646313,0.014928711210511602,-0.07449316996519911,-0.24223921028023868,-0.31094637193564245,0.015310460509191867,0.05483886516344847,,,
