,#10,#11,#12,#13,#17,#18,#26,#49,#50,#51,#52,#53,#54,#58,#101,#102,#201,#202,#301,#302,#401,#402,#501,#502,#601,#602,#701,#702,#801,#802,#901,#902,#1001,#1002,#1101,#1102,#1201,#1202,#1301,#1302,#1401,#1402,#1501,#1502,#1601,#1602,#1701,#1702,#1801,#1802,#1901,#1902,#2001,#2002,#2101,#2102,#2201,#2202,#2301,#2302,#2401,#2402,#2501,#2502,#2601,#2602,#2701,#2702,#2801,#2802,#2901,#2902,#3001,#3002,#3101,#3102,#3201,#3202,#3301,#3302,#3401,#3402,#3455,#3501,#3502,#3601,#3602,#3701,#3702,#3801,#3802,#3901,#3902,#4001,#4002,#4101,#4102,#4201,#4202,#4301,#4302,#4401,#4402,#4501,#4502,#4601,#4602,#4701,#4702,#4801,#4802
#10,1.0,0.4070160893833206,0.4291845410814302,0.4103708559474806,0.1398802695381412,0.36162262732206724,-0.022320765812229474,0.41178217153654095,0.21802705021545699,0.45958181099553663,0.3023435165280094,0.1489805558501152,0.08949707421939017,0.0016523189341868065,-0.06721294091561991,0.15006796294332567,0.1588559089200158,0.13171700423201874,0.19842287410949264,0.15600242931371888,-0.13210646563774306,-0.1505653938476666,-0.21082394223631823,-0.07521039592029537,-0.1342041587537235,0.0748286466216151,-0.17551020408163265,-0.02333490788852149,0.12739051218030906,0.1359239586245457,-0.03203416463420512,0.14201266713581984,0.009121494606345136,-0.20057840802830343,0.036098445046417245,0.23943200331620604,0.09432099717544079,0.12781082201420957,-0.15917981741586573,0.15217722421987218,0.012819449933965084,0.21704375656734115,0.18185726817888231,0.08785439541900841,-0.24087031127992056,-0.3160132262635805,0.028432610644635748,-0.10344827586206896,-0.05216276401916459,-0.22550393799465937,-0.03896349281328025,-0.2847676245746291,-0.1182979379753791,-0.1973200428021941,-0.26782026934533854,0.03255858791320024,-0.23352452932046697,-0.40865491213018035,-0.29081006044363894,0.10586602142037732,0.06641088178303915,0.0006150405367626502,0.2901198268631969,0.3430325932923949,0.08504718845497576,0.24430219891452093,0.19227632479538817,0.08066285560043573,0.2502289531778701,-0.008334859687852468,0.20375965218397232,0.11481977769851445,-0.022964726750407297,0.06828492379474227,-0.2741673334425882,-0.3365544233753964,0.09978502501614722,-0.21212728832676198,0.145070517578784,0.29129206713389183,0.17773514696383985,0.24026105482344096,,0.1353455505962423,0.09414361871342775,-0.04895452748884155,-0.11414882438568247,-0.16324024177455584,0.23623919099997107,0.050643478931487566,0.0038348452276517598,-0.027414612514821704,-0.12145990186343786,-0.30440264910876963,-0.24617624092622406,-0.26216343882853094,0.17800892676390348,0.13882756692662895,0.08171941426547001,0.11168480618510986,-0.07187105357022355,0.07827210241678155,0.016089383320640492,0.08927727916863486,0.18970433709619888,0.1058814456344654,0.022027705744555735,0.15080061311251,0.048607482671859485,0.0767142567938843,0.031448044498857644
#11,0.4070160893833206,1.0,0.1760384834141498,0.021996857316379553,-0.186688903241977,-0.2964514667463584,0.2513240723781246,0.19846143464471286,0.09231199329046687,0.3306276691120473,0.1214984623986581,-0.2839231488533061,-0.24226620265489285,0.09424773215852236,0.3657061880018895,0.498057513038281,-0.05834016176144525,-0.27806965960687535,0.3895250306074248,0.2813280248329847,0.3735956735079483,0.17763488957226725,0.11098686049762371,-0.009106070392257045,0.30929212497469466,0.024541852640914658,0.25513385325788324,0.18384699179624614,-0.23849498231035446,-0.24395129804401686,-0.25374567398995496,-0.0819546335303134,-0.2376582186960755,-0.20202057204554,-0.17581483230987247,-0.16770555175305835,-0.0016561749877088295,-0.003252581145826304,-0.02810099004174178,-0.09302921924556312,-0.17357832126709918,-0.18349609092574204,0.17120299229753308,0.03316784436967985,-0.36709822332333975,-0.2180964591788534,-0.022475007953110387,-0.11126064029768733,-0.09868219370884868,-0.144060231556014,-0.07189033383783366,-0.05767692055565731,-0.02826294428966674,0.04786712039563109,0.08892637829813078,0.12745220903666143,-0.11498944405348346,0.014597090607617633,-0.3282407719819151,-0.25847705166147705,-0.26274570291035637,-0.3254759816066247,0.11855629356135464,0.2397134952233137,0.30361215813675496,0.2598999354111035,0.08894180251221886,0.2682251549651509,0.43654189120144987,0.32979476155129034,0.22836127365447834,0.3277510531846182,-0.0021574619455718047,0.04696094781795571,0.0764443330473427,0.07820269345338514,-0.07891606335495936,-0.29192445991150356,0.22723530602604763,0.04355990861153153,-0.20778922811448622,0.08129910443156951,,-0.23112992008329075,-0.2939218956359114,-0.3023705089026636,-0.36286813260968065,-0.3264245707730423,0.16391890719443186,-0.321481110157809,-0.31896310720792803,-0.24408625991728766,-0.25950276189833515,-0.25863900590940203,-0.4126729199001282,-0.18012204409397203,0.3587575795552042,-0.1818341318577502,-0.11713340981172819,-0.09947268468086337,0.10941359066063837,-0.4209750031330435,-0.046216729488205294,-0.2381325132792843,0.014543105858309313,-0.10061793257690417,-0.243303481052317,-0.13393809106070392,0.12333008782161896,-0.3068049704529899,-0.3491328699642351
#12,0.4291845410814302,0.1760384834141498,1.0,0.5252889630108066,-0.12510772849527152,0.3580133612254538,0.25007856709051124,0.23921606431897274,-0.03757531354535201,0.7047342697116636,0.3930610316871198,0.12037635082374944,0.13404606055932056,0.1639111950873878,-0.13941368706197643,0.06740188753819903,0.6584307790192128,0.5134932952869385,-0.20820953794838673,-0.09512305630802155,-0.20763112992008328,-0.045993078383927966,0.17512459872943037,0.05975918945754967,-0.15761425968592443,-0.05593398436370297,0.20961699748392507,0.45370904148149577,0.2628112558202308,0.09527344239538045,0.14535200948589166,0.2217018692219448,0.3891355692017005,0.17086365958759508,-0.007548224769359799,-0.001968515322992683,-0.023180665747640578,-0.14184685683437287,-0.13846124184203676,-0.12720542161125195,0.2847714806281511,0.41196726210559803,0.2616505837101019,0.056381286572257626,-0.06218850317642409,-0.033584298150058325,0.46763710680304243,0.4172654796448575,0.3066430162050649,0.23812094511871826,0.23978676024023213,0.18966963261450068,0.21554760780079626,0.0769687563263378,-0.13564632277096006,-0.060969990263464856,-0.3270916680323523,-0.1906683504767046,-0.12395476849218667,-0.21243962866204583,-0.18267475152555118,-0.09036854231536734,-0.0060482199492928965,0.29043602325200274,0.11368995401656175,0.03699304946352655,0.2661968708125669,0.11980565490249005,-0.052374846962875844,-0.04307404586775664,0.21044604899115998,0.16687264419230138,-0.01774748633511033,0.18287526630869635,-0.15837004617624093,-0.19648327918791514,-0.16437777756355257,-0.325360300000964,0.2434037384438896,0.1679716194460779,0.10250739880269538,0.11557556418883094,,0.08980941455467402,-0.14551396373381661,-0.30048489873039436,-0.156530708646236,0.018939006873415404,0.20830979533995933,-0.06608311723366721,-0.24683177002496795,-0.21069283641656947,-0.06919495242593968,-0.12304473986098927,-0.10998814263541978,0.29210955048056064,0.2635747544175913,0.4993955636104229,0.4998929945147639,0.419552119383417,0.3231122207976247,0.3983669613334233,0.3120299229753309,0.5550731204149114,0.38772039755911814,0.5082837669786857,0.35929742704828743,-0.19257324091658393,0.016255193622087473,-0.1877994466563196,-0.20680979051989243
#13,0.4103708559474806,0.021996857316379553,0.5252889630108066,1.0,-0.03350717707961787,0.16384564217751343,0.20342417552755632,0.07279265036198702,-0.23450396691506079,0.4792515400113754,0.24788061658295818,0.024368330232423626,0.3282407719819151,0.14239056038097808,-0.3565480608870851,-0.16297031802801423,0.40410476897419334,0.11158840484705927,-0.09768733190016678,0.09076957188165771,-0.34068811275100497,-0.14611165202973017,-0.10151253699401348,0.04546094299788881,-0.09876702688633318,0.09143666914096768,0.012537958026857412,0.16137776792341876,0.11282619802762862,0.05308436081092806,0.06271678250894122,0.1670461666007924,0.15215794395226206,0.07923997185080929,0.1990051381913181,0.20267224509076187,0.0688980363047439,0.11721053088216865,-0.10263850462244416,0.22721988181195954,-0.019822043129958646,0.32805953746638006,-0.12528125090376255,-0.006453105569105299,-0.019586823865115247,0.10302796602816847,0.25883180858550314,0.27105935430383776,0.19445113898180907,0.18096651981529505,0.21210415200562985,0.1285087677016957,0.19220691583199176,-0.027935179740294795,0.03803418391447273,0.06071163467748932,-0.13243808624063702,-0.06669622974366884,-0.09603308493921896,0.127043467363327,-0.01767807737171392,-0.08602276999604755,0.08980941455467402,0.06616795041115171,-0.1023917171970347,0.09663848534217655,0.21446405676110786,0.029766805163255666,-0.1205383050716744,-0.11476579294920614,-0.0343555088544629,-0.10988017313680314,-0.039595885590892,0.2517636624796352,-0.10368735118043439,-0.05412163920835221,-0.030742386704327457,-0.15530448362623273,-0.01290813916497161,0.07029392767971619,0.19409252600426094,-0.0289300415489767,,0.012730760702958557,-0.13871574137449028,-0.0685934080765041,-0.010687052336286428,-0.11077863360743447,-0.07452016233985327,0.007274444969296173,-0.014998120173908013,-0.2070411537312138,0.15299856362006303,0.08090193091880116,0.028089421881175712,-0.0656281029180685,0.04425785429901767,0.1803187028235952,0.07398802695381412,0.16821455081796535,0.007783444034203195,0.20827894691178314,0.22644867110755498,0.3248744372571891,0.08645850404403613,0.2191221694157115,0.03634523247182671,0.012063663443648598,0.10620535413031533,-0.10886603106051113,-0.02160739591065524
#17,0.1398802695381412,-0.186688903241977,-0.12510772849527152,-0.03350717707961787,1.0,0.39611502607656196,-0.4007615705705995,0.2066054196832252,0.37512267070266936,0.020307905873733528,0.16951404085488705,0.6650169184348279,0.2404075848572778,-0.08630426190315521,-0.14546383503803031,-0.3163139984382983,0.07154714507437364,0.13184811005176753,-0.055652492456595294,-0.16181350197140737,-0.10296241311829409,-0.2132609680622367,-0.25478295238737914,-0.21503860873588926,-0.013822023849691034,-0.13950237629298295,-0.3638128657225762,-0.416849025864479,-0.03951876452045154,0.1864845324053098,-0.018595818109955368,0.03698533735648251,-0.025787357928528046,-0.08494693106340316,0.2736544783241591,0.15857056095938613,0.022482720060154435,0.1322992683138442,-0.05930031908842895,0.01286957862975138,0.04684912226581705,0.0025584915118621846,-0.08792380438240482,-0.39685538835279033,0.08830940973460712,-0.27008762881628795,-0.27473802936384756,-0.2750812181273076,-0.3559465165376495,-0.30274069004077775,-0.14270675676978398,-0.1523468905748412,-0.27810436408857353,-0.24288317121841652,-0.34329866098541445,-0.049077921201546276,-0.3702794674790086,-0.42723723405280867,-0.13462061253410199,0.006938968312880183,0.2398291768289744,0.12632624140823073,-0.2190064878100508,0.017361880982908043,-0.38726923929704143,-0.27621489786278236,-0.34497604426749445,-0.5077824800208227,-0.14597669015645937,-0.39640808614423567,-0.42621152381595057,-0.32417649156970296,0.021144669488012493,0.17842152449075993,-0.05456508536338484,-0.0809096430258452,0.16587778238361947,-0.0034029672331851966,-0.26627784793652937,-0.2935594266048413,0.3369014681923785,0.09403950526833313,,0.6398214647219304,0.6123509394310394,0.42194672862059324,0.5258056741827577,0.27338841063113956,0.06363066719366064,0.36793498693761867,0.19714652039370306,0.31833842653736033,0.18070430817579747,0.13922088438587527,0.05003422247500795,0.10420020629886342,-0.25289734221510995,-0.07267696875632634,-0.3043795127876375,-0.059971272401260926,-0.24309525416212777,0.10893929607742955,-0.029550866166022385,-0.12596377237716058,0.15413995546258183,-0.289132677161559,-0.024746223477581868,0.13447022644674309,-0.2906982348915003,0.1269740583999306,-0.022602257719337146
#18,0.36162262732206724,-0.2964514667463584,0.3580133612254538,0.16384564217751343,0.39611502607656196,1.0,-0.20629307934794136,0.2369834093297215,0.20130720214396575,0.12551647016860595,0.22347565384207532,0.4663723212478189,0.43697376919591646,-0.010428696750310894,-0.17950507553044837,-0.33107497132060193,0.39849035504612806,0.520646274570291,-0.24200013496187328,-0.27340769089874967,-0.3796458214840022,-0.34478709764491533,-0.0028746879006680613,-0.09120144987612427,-0.3039900513819132,-0.14892657110080687,-0.2796583536579488,-0.10490586409339361,0.4599597042406949,0.6523073660262404,0.3400518639198712,0.26483182786577075,0.34929482421216007,0.0677836368368793,0.2680554886101819,0.2982830921693193,0.17719529947075666,0.04716917470814495,0.027102272179537854,0.03661130016484629,0.36130643093326137,0.5028621557267214,0.09587498674481602,0.017365737036430066,0.21130209287304907,0.0062063181436958345,0.19864652521376996,0.18311048557353976,0.1809279592800748,0.07203300781814852,0.03548918858993763,-0.026346485689221367,0.01262664725786394,-0.2629693540146337,-0.3169810956976083,-0.2361080851802223,-0.27416347738906616,-0.4358246652463536,0.05800854115855128,0.11667453944260746,0.07074508594179288,0.18336498510599328,0.09334155958084699,0.3344220257777178,-0.2747110369891934,-0.17441508488137816,0.03578610471113339,-0.13598565548089808,-0.12063085035620294,-0.16528009408770594,0.04252263021410737,-0.032250103631438404,0.19884703999691516,0.17144592366942052,-0.16843820192224268,-0.27653880635863226,-0.017820751352028767,-0.11616168432417842,0.1255126141150839,0.09828887624960235,0.23967493468809348,0.02253284875594073,,0.35894267012426134,0.30096690542064725,0.0711692518292154,0.11193544966404134,0.48656647354265276,0.29557614259685927,0.33877551020408164,0.2600117609632422,0.07530294120482392,0.1536965093075492,0.01913566560303857,0.14852168548099448,0.055505962422758424,-0.155181089913528,0.3868874899983612,0.28582032718614137,0.1900899424484012,-0.013860584384911263,0.588377854684623,0.25297831933907244,0.40075000241003345,0.39086308117956675,0.30206202462090176,0.3844311839048326,-0.1160382906114737,-0.29266096613420994,0.1257131288982291,0.024522572373304543
#26,-0.022320765812229474,0.2513240723781246,0.25007856709051124,0.20342417552755632,-0.4007615705705995,-0.20629307934794136,1.0,-0.18645754003065562,-0.2786287873675687,0.1739832068869116,0.12478381999942159,-0.4912554346254326,-0.14169647074701397,0.5787878495753521,0.05389027599703084,0.16659886439223776,0.05195839318249737,-0.0782643903097375,0.139849421109965,0.044720580721660415,0.19357581483230987,0.16049858772039755,0.2190720407199252,0.01090299133351971,-0.018337462523979834,-0.06971166359789074,0.4920999103467556,0.47692248368407353,-0.23771220344538382,-0.2117069784928615,-0.006580355335332054,-0.26255675628777725,-0.14829417832319514,-0.06579776927303752,-0.0518118631486605,-0.2128560824424243,0.11602672245090762,-0.05928875092786288,-0.026172963280730335,-0.17193949852023946,0.28315579420242354,-0.14817078461049038,0.02541332073689183,0.07624767431771953,-0.06847772647084341,0.4143695834498183,0.35000048200669026,0.3119258095302363,0.3397356675310653,0.4452912766429198,0.313394965922127,0.45720648202597053,0.42823595191501257,0.42129119952184935,0.5252619706361524,0.33895674471961673,-0.1004559783289792,0.2654487964292944,-0.14291112760645117,-0.19449741162407333,-0.6547096873704606,-0.5842788697907126,-0.05471161539722171,0.04686069042638312,0.17503590949842385,0.14399853469966162,0.3503436707701503,0.5946246613903001,0.21281366585368205,0.23991015395293686,0.10846114544069872,0.08975157375184367,-0.2878216189640712,-0.06587489034347797,-0.17488937946458696,0.023616399795629163,-0.5110022847117118,-0.46875150627090706,0.23564535875757955,0.06670008579719086,-0.23722248464808693,-0.0029016802753222214,,-0.244984720387919,-0.3929414940279371,-0.6226118978531422,-0.3551213210839366,-0.0986860497623707,-0.3246970587951761,-0.29901574233850364,-0.06301369863013699,-0.3872923756181736,-0.021183230023232722,-0.0882554249852988,-0.04685297831933907,0.014531537697743244,0.0817695429612563,-0.09780686955934949,0.11970925356443947,0.07207156835336874,0.47345589156777496,-0.040012339371270474,0.10122333297986176,0.10714623118968891,-0.146254326010045,0.0454416627302787,-0.07509857036815672,-0.507157799350255,0.04754321189978117,-0.5988470399969151,-0.45259464201363114
#49,0.41178217153654095,0.19846143464471286,0.23921606431897274,0.07279265036198702,0.2066054196832252,0.2369834093297215,-0.18645754003065562,1.0,0.43480281106301755,0.24599115035716695,0.16888550413079734,0.1804073920546017,0.08795850886410303,-0.18695497093499658,0.04491338339776156,-0.007293725236906288,0.10865394811679986,0.05251366488966867,0.12571698495175113,0.09147908572970993,-0.10946757540994669,-0.07756258856872933,-0.13629413976265992,-0.09363461964852073,-0.1324496544012031,-0.00793768617508411,0.07887364676621711,0.10956012069447524,0.21194219775770487,0.12130951577607897,-0.20174293619195435,0.011527672004087417,0.10316292790143927,0.05814350303182208,-0.17254875497671907,-0.04969488976506994,0.014388863717428398,-0.14449596560400257,-0.06940703536965093,-0.0712193805250017,0.08707932866108181,0.3362960677894209,0.2787676052943615,-0.060194923505538254,-0.17837525184849565,-0.3014951847531644,0.20413368937560852,0.09624516788293022,0.15269007933830123,-0.04869231584934399,0.20051285511842903,-0.029712820413947346,0.05921162985742242,-0.02207783444034203,-0.19100768318664263,0.03731695795937648,-0.202695381411894,-0.32990273104990697,-0.03511515139830141,-0.048341414978839904,-0.01034386357282639,-0.0708839038685857,0.1026770651576644,0.3907859601091263,0.12997021198654238,0.22380727444496928,0.057962268516287004,-0.1552967715191887,0.19993830314364763,-0.07231449972525619,0.14169647074701397,0.17849478950767836,0.11431849074065148,0.06063065755352684,-0.24584847637685212,-0.13885841535480511,-0.04178998004492302,0.03700461762409262,0.07810629211533456,0.19095755449085633,-0.13191751901516394,0.18388555233146636,,-0.03874755381604697,-0.03367684343458687,-0.05085170582167681,-0.08282610162629057,-0.15623764857856226,-0.005292433458976411,-0.2121851291295923,-0.3490596049473167,-0.1643469291353764,-0.2014653003383687,-0.28115064637097165,-0.3323474689828695,-0.060225771933714436,0.2720465040054756,0.25737807640770055,0.30511216295682186,0.23673662190431202,0.15649986021805984,-0.0046986012165848865,-0.09392767971619446,0.06230418478208478,0.3534130893736805,0.16960658613941562,0.30981654825368976,-0.011516103843521348,-0.060696210463401234,-0.006109916805645262,-0.05427588134923313
#50,0.21802705021545699,0.09231199329046687,-0.03757531354535201,-0.23450396691506079,0.37512267070266936,0.20130720214396575,-0.2786287873675687,0.43480281106301755,1.0,0.2258124222764212,0.015160074421832976,0.22130469570917644,0.14543684266337617,0.010147204843203224,0.014199917094849277,0.05493526650149904,0.015217915224663318,-0.05153808334859688,0.1084418651730886,-0.1663173724851301,-0.08171170215842596,-0.19206038579815488,-0.16691506078104365,-0.06536589127857095,-0.07944434268747651,-0.022629250093991304,-0.09889427665255994,-0.17291508006131126,0.14974019839395372,0.2020707007413263,0.03694677682126228,-0.0881050388979399,0.033298950189428626,-0.14674790086086395,0.02571023685808759,-0.13869260505335815,0.1071269509220788,-0.08952406659404433,-0.16020938370624585,-0.018059826670394186,0.1642466717438038,0.17635853585647768,0.28548485052972533,-0.02049685249631265,-0.1589368860439783,-0.3093692460451351,-0.03673854993107304,-0.19626348413715983,0.021376032699333868,-0.16821069476444334,-0.057630647913393035,-0.18874803582273722,-0.03209200543703546,-0.12187635564381634,-0.31685384593138155,-0.08166928556968371,-0.37140929116096133,-0.4327745269104335,-0.36340412404924183,-0.240438433285454,0.26054775240280337,0.07958316061426933,0.07234149209991035,0.30550162436254613,0.17131867390319377,0.10902412925491406,-0.07382607270588916,-0.19697685403873405,0.08380553922088439,-0.031845218011626,0.09405492948242121,0.16307443147310885,0.21491521502318453,0.16819141449683322,0.08653948116799862,-0.012256466119749742,0.24791532106465639,0.11986735175884242,0.08043149238911436,0.09223487222002641,-0.014180636827239163,0.05531701580017931,,0.1631708328111594,0.2152969643218648,0.17995237773900302,-0.014473696894912902,-0.028035437131867392,0.07417311752287122,0.012198625316919398,-0.1634021960224808,0.0881551675937262,-0.2610991680564526,-0.33678964264023986,-0.38510213721766456,0.018823325267754716,0.04974887451437826,0.11830179402890112,0.09888270849199386,0.2157211302092873,0.11874138413041173,0.03209586149055749,-0.12812701840301544,0.01321662344673344,0.1730269056134499,0.07623225010363144,0.2100450194248696,0.16324409782807786,-0.13837640866455225,0.17207831644703228,-0.021322047950025548
#51,0.45958181099553663,0.3306276691120473,0.7047342697116636,0.4792515400113754,0.020307905873733528,0.12551647016860595,0.1739832068869116,0.24599115035716695,0.2258124222764212,1.0,0.2740362276228394,0.16263484137159823,0.21497305582601486,0.2927457993116944,-0.09909479143570513,0.1293146828877985,0.5532954797412588,0.1914896898768955,-0.008936404037288037,-0.07282735484368523,-0.13274657052239885,-0.16534564699758034,0.04865375531412376,-0.0002024428099062015,0.02486576113676458,0.027888907098030522,0.13629028370913787,0.2671801644606827,0.06005610557874543,-0.04459718700895569,0.04909334541563437,0.1203377902885292,0.3100749038396653,0.03847377401598334,0.009302729121880212,-0.2174872027223738,0.03505345454194904,-0.12636480194345098,-0.17419143377710083,-0.07897004810426769,0.07948290322269673,0.19928277404490374,0.1886786268593408,-0.10067191732621249,-0.05167304522186768,-0.19478661563822505,0.2327880230977606,0.15190730047333056,0.19641387022451873,0.0016947355229290583,0.08479654497604426,-0.01060993126584597,-0.007467247645397318,-0.14866435946130932,-0.33389374644520065,-0.17097548513973373,-0.3564092429602923,-0.340021015491695,-0.280707200215939,-0.26473928258124224,0.09089296559436245,0.0036651788726827527,0.060071529792833527,0.34432437122227255,0.17680198201151032,0.11867583122053735,0.12139434895356348,0.07302786962683042,0.014570098232963473,0.010779597620814978,0.06364223535422672,0.1776734501074875,-0.0992914501653283,0.28016349666933377,-0.06779906105096739,-0.08717572999913238,0.1661168577019849,-0.1283429574002487,0.1322144351363597,0.14713350621306623,0.1383648405039862,0.14065148024254576,,0.13636740477957834,0.004093200813627293,-0.026161395120164268,-0.04545323089084476,-0.07008184473600494,0.12588665130672014,-0.0380958807708251,-0.2815323956696519,-0.04773987062940434,-0.140184897766381,-0.1735821773206212,-0.22370316099987467,0.1470409609285377,0.2490142963184329,0.24575593109232355,0.13104219486566474,0.388368214550818,0.16797547549959993,0.10852284229705109,0.11096758023001359,0.29811728186787234,0.22054890921885995,0.3055941696470747,0.05817435145999827,0.11869511148814746,0.13928643729574966,-0.00440939720243317,-0.11422208940260091
#52,0.3023435165280094,0.1214984623986581,0.3930610316871198,0.24788061658295818,0.16951404085488705,0.22347565384207532,0.12478381999942159,0.16888550413079734,0.015160074421832976,0.2740362276228394,1.0,0.10552283265691728,-0.10108451505306894,0.10780561634195483,-0.3185158049993734,0.07402658748903435,0.14834816307250345,0.23440370952348819,0.0298400701801741,0.1335293493873695,-0.21739465743784522,-0.06452141555724794,-0.023188377854684625,0.14798955009495532,-0.13445094617913297,0.34836165925983054,-0.10283901940558934,0.22374557758861693,-0.05887615320100643,0.14898441190363723,0.1498905844813126,0.15257054167911852,0.03934138605843849,0.04245322125071096,-0.03673854993107304,0.2375039765551946,-0.07952146375791697,0.28356067982223593,-0.27224316273509874,0.18245495647479587,0.22094222667810628,0.0092333201584838,-0.07910500997753848,0.07777081545891856,-0.19610152988923485,0.10716551145729902,0.09684671223236578,0.11312697020234641,-0.12673498308156517,-0.0231343931053763,0.07929395660011761,0.07414998120173907,-0.09872075424406891,0.09589426701242613,-0.19276218753916305,0.1403352838537399,-0.3175903521540879,-0.06402398465290698,-0.10717322356434307,-0.018017410081651933,-0.09308320399487145,-0.13488282417359954,-0.02573722923274175,0.16713485583179893,0.05361264014344519,0.11990591229406264,0.21540878987400344,-0.1051063788765388,0.030630561152188793,-0.07353686869173744,-0.12813087445653745,0.04846480869154464,-0.24338060212275747,-0.10595856670490586,-0.42411768675349215,-0.2709668090193092,-0.2147224123470834,-0.3042329827538006,-0.02040816326530612,0.2918126343593649,0.048283574176009564,0.03155987005099631,,0.14334300560091773,0.0730085893592203,-0.01948271042002063,0.11518995883662865,0.06698928981134258,0.10935960591133005,-0.18664648665323474,0.008531518417475634,-0.21084707855745038,0.042538054428195464,0.15279804883691786,-0.022363182400971727,-0.1961593706920652,0.3163371347594305,0.13375300049164682,0.12743292876905132,0.0390059094020225,0.14543684266337617,0.24307597389451766,0.1633212188985183,-0.1505846741152767,0.1050716743948406,-0.09660378086047834,-0.021163949755622607,-0.12498819083608881,-0.16356415027040574,-0.24499628854848504,-0.23458494403902327
#53,0.1489805558501152,-0.2839231488533061,0.12037635082374944,0.024368330232423626,0.6650169184348279,0.4663723212478189,-0.4912554346254326,0.1804073920546017,0.22130469570917644,0.16263484137159823,0.10552283265691728,1.0,0.41376032699333865,-0.15057310595471066,-0.2736776146452913,-0.3895211745539028,0.2991584163188185,0.4121022239788688,-0.2740670760510156,-0.23378674095996452,-0.2931892454667271,-0.2591171565461329,-0.1530255559947172,-0.21843579188879142,-0.15185331572402225,-0.19952184936326917,-0.31272786866281704,-0.3128049897332575,0.2693356983794935,0.1338841063113956,0.08481582524365439,0.09780301350582746,0.13061031687119817,-0.04659847878688556,0.09051121629568218,0.06769494760587277,-0.13956792920285735,-0.084414795677364,-0.14486614674211679,-0.19873135839125447,0.16791377864324758,0.1690821628604205,0.12285193718488813,-0.2279371077670558,0.23713379541708038,-0.3237369014681924,-0.11188917702177706,-0.1268082480984836,-0.11963598854752104,-0.24168779462658943,-0.06813068165386135,-0.19515679677633926,-0.29003499368571234,-0.40575130382809715,-0.5227940963820578,-0.4008116992663858,-0.29066738646332413,-0.4416010334223439,0.06713196379165742,-0.12709745211263532,0.29480493189245466,0.27872518870561924,-0.21955404741017806,0.12756789064232213,-0.30142963184328997,-0.27284856313805633,-0.21402061060607522,-0.4218156228008445,-0.4002602836127365,-0.4225444169165068,-0.3117792794963994,-0.267561913759363,-0.19256552880953987,0.10253053512382752,-0.18832772598883674,-0.17777756355258212,0.17903463700076158,0.05492755439445499,-0.20681364657341444,-0.20149229271302285,0.5514407179971658,0.12762187539163045,,0.6574166369429207,0.666397385595712,0.4201883682145508,0.4832039948714488,0.36709822332333975,0.24820452507880808,0.5631631207041153,0.20660927573674723,0.4910703440563755,0.2347738906616024,0.16961429824645965,0.09106648800285348,0.3025787357928528,-0.20980980016002623,0.09295981028216671,-0.04392237764260168,0.11020793768617508,-0.1766477398706294,0.23621991073236095,-0.04062159582775009,0.1731078827374124,0.2136851339496592,0.0023348404075848573,0.10140456749539684,0.2251877416058535,-0.12528896301080658,0.19143570512758717,0.11710641743707402
#54,0.08949707421939017,-0.24226620265489285,0.13404606055932056,0.3282407719819151,0.2404075848572778,0.43697376919591646,-0.14169647074701397,0.08795850886410303,0.14543684266337617,0.21497305582601486,-0.10108451505306894,0.41376032699333865,1.0,0.24456826660754052,-0.20871468095977172,-0.3093075491887827,0.31774845034849086,0.10972593099592222,-0.08138008155553199,-0.15363866850471886,-0.3666007924189988,-0.30627283506695074,-0.06029132484358883,-0.18151793546894432,-0.16071067066410882,-0.18067731580114332,-0.08373227420396595,-0.17300376929231778,0.32679475191115653,0.3040247558636114,0.30791551386733246,0.11156141247240511,0.3225955096256736,0.054002101549169505,0.30658517540223457,0.13374528838460278,0.1563263378095688,0.012063663443648598,0.2137468308060116,0.028313072985453037,0.2585233243037413,0.2722277385210107,0.1598816191568739,-0.019918444468009215,0.2903897506097385,0.03584008946044171,0.14477360145758822,0.07665641599105395,0.3289310055623572,0.06418593890083195,0.03616014190276961,-0.046841410158773,0.028143406630484032,-0.2785362420830401,-0.20540233098435406,-0.21002188310373748,-0.12718614134364184,-0.18831230177474864,0.06670008579719086,0.1662865240569539,0.1399651027156257,0.17166186266665381,0.15901400711441874,0.3088679590872721,-0.2373535904678357,0.032624140823074625,0.09207291797210146,-0.03381951741490172,-0.10282745124502328,-0.11762312860902509,-0.08333895674471961,-0.09756393818746205,0.052093355055768176,0.1321180337983091,-0.06058438491126257,-0.018981423462157653,0.130243991786606,0.16962972246054775,0.08324255540666904,0.03781824491723945,0.08620400451158262,-0.11680564526235625,,0.16944077583796863,0.1507697646843338,0.08360116838421718,0.1633057946844302,0.37826535432311803,0.05335042850394763,0.26127654651846566,-0.022991719125061455,0.0870947528751699,0.1156681094733595,0.055251462890304914,0.14862965497961111,0.05134528067249573,-0.17930456074730317,0.14512450232809232,0.035030318220816904,0.07558057705840956,-0.12679282388439553,0.22670317064000847,0.13154733787704972,0.3225800854115855,0.22551550615522545,0.2372533330762631,0.18866705869877473,0.064193651007876,-0.16434307308185436,0.10612437700635285,0.16925568526891152
#58,0.0016523189341868065,0.09424773215852236,0.1639111950873878,0.14239056038097808,-0.08630426190315521,-0.010428696750310894,0.5787878495753521,-0.18695497093499658,0.010147204843203224,0.2927457993116944,0.10780561634195483,-0.15057310595471066,0.24456826660754052,1.0,0.03270511794703711,0.09960379050061215,0.06542758813492332,-0.026809212111864114,0.20325836522610935,-0.03464471286861462,-0.04741981818707643,-0.20708357031995603,-0.023543134778710728,0.12497662267552273,-0.13965276238034183,-0.022282205277009245,0.15528905941214463,0.12292520220180655,-0.09577472935324342,-0.10143927197709504,0.06671165395775694,-0.2756866185302652,-0.005350274261806754,-0.1760384834141498,-0.029442896667405745,-0.1871631978251858,0.16624025141468965,-0.011103506116664899,0.1591026963454253,0.014597090607617633,0.3526341665622319,-0.061644799629818864,0.19984190180559705,-0.04076426980806493,-0.08897265094039505,0.30827798289840264,0.18747939421399168,0.0911204727521618,0.2870658324737547,0.25009013525107726,0.25000915812711483,0.2627804073920546,0.2896840928152083,0.20222879893572923,0.17375955578263427,0.24538574995420936,-0.24647701310094183,-0.02716782508941224,-0.14263349175286552,-0.06972708781197882,-0.32685259271398687,-0.23411064945581445,0.21918772232558587,0.27815449278435983,0.10866937233088796,0.18975832184550723,0.289803630474391,0.5126796679937917,0.3232818871525937,0.26350148940067286,0.1441797692151967,0.24677007316861557,-0.15372350168220336,0.11554085970713274,0.015765474824790567,0.09811149778758929,-0.07949061532974078,-0.20334705445711587,0.25174823826554715,0.15522736255579228,-0.1779626541216392,0.02380920247173031,,-0.07815256475759884,-0.17050890266356897,-0.3761560930465715,-0.21136378972940145,0.12321055016243626,-0.3716136619976285,-0.21710545342369353,-0.050319570435637645,-0.22739340422045057,-0.14528645657601727,-0.12663086963647055,-0.1587710757425313,0.009175479355653457,0.1745384785940829,-0.10521820442867746,0.017257767537813426,0.25585879132002354,0.38344403420319473,0.00960735735012002,0.027071423751361668,0.21443320833293167,-0.03367684343458687,0.14248310566550665,-0.03149431714112192,-0.2491338339776156,0.08666673093422536,-0.2458947490191164,-0.25365312870542644
#101,-0.06721294091561991,0.3657061880018895,-0.13941368706197643,-0.3565480608870851,-0.14546383503803031,-0.17950507553044837,0.05389027599703084,0.04491338339776156,0.014199917094849277,-0.09909479143570513,-0.3185158049993734,-0.2736776146452913,-0.20871468095977172,0.03270511794703711,1.0,0.5749587884279834,-0.1973586033374143,-0.22851937184888127,0.4446974444005283,0.26761975456219333,0.6993820674230958,0.4322693838990485,0.27211205691535,0.13588539808932548,0.4314441884453356,0.006723029315646901,0.18676988036593947,-0.0004646544494037577,-0.23515949601380468,-0.07391476193689568,-0.3065504709205364,-0.2543240820182584,-0.26222127963136127,-0.13863090819700577,0.05395582890690523,-0.11329663655731542,0.3083049752730568,-0.021410737181032074,0.10024003933174593,-0.14665921162985743,-0.21429439040613885,-0.22885484850529725,0.19103853161481882,0.12939566001176098,-0.2541351353956793,-0.1189226186459468,-0.291319059508546,-0.41207523160421466,-0.19106552398947296,-0.2962470959096912,-0.30624584269229654,-0.22602450522013245,-0.1705474631987892,0.11978637463487993,0.3182690175739639,0.18671975167015317,0.25530737566637424,0.29902345444554773,-0.07242246922387283,-0.048245013640789335,-0.27822004569423425,-0.18262462282976488,0.09100479114650112,-0.08570657360724167,0.2019395949215775,0.10399583546219622,-0.08639680718768376,0.23936259435280963,0.46872451389625286,0.35011616361235093,0.20059768829591354,0.16770555175305835,0.21391264110745858,-0.21299490036921712,0.19431232105501625,-0.013170350804469166,-0.15944974116240734,-0.07357542922695767,0.3686097963039727,0.023489150029402408,-0.10775934369969055,-0.017897872422469225,,-0.2178265354323118,-0.4173850173040402,-0.34484493844774566,-0.4881050388979399,-0.04209460827316283,-0.18294081921857075,-0.39685153229926834,-0.446837554105251,-0.35251077284952714,-0.4838749481842808,-0.4569866869752152,-0.27908765773668937,-0.024395322607077788,0.18673517588424127,-0.3243153094964958,-0.22814147860372302,-0.24123663636451273,0.008971108518986243,-0.3357600763498597,-0.10180559706168722,-0.21650776512777997,-0.18149479914781216,-0.22062603028930042,-0.16543819228210888,-0.3260659577954942,0.07149701637858734,-0.07162041009129207,0.018669083126873803
#102,0.15006796294332567,0.498057513038281,0.06740188753819903,-0.16297031802801423,-0.3163139984382983,-0.33107497132060193,0.16659886439223776,-0.007293725236906288,0.05493526650149904,0.1293146828877985,0.07402658748903435,-0.3895211745539028,-0.3093075491887827,0.09960379050061215,0.5749587884279834,1.0,-0.21114013862512412,-0.24507340961892551,0.40219987853431405,0.39476540734385396,0.4050649263011771,0.47543790307809475,0.11968226118978531,0.3552948434924277,0.2268766930484995,0.2660233484040758,0.04123470833775173,0.24644616467276567,-0.31083454638350383,-0.20405656830516808,-0.29780494153258846,-0.06295585782730664,-0.34169454272025296,-0.2660233484040758,-0.16073380698524095,-0.0928904013187703,0.05547125794106022,0.01824106118592926,-0.19681875584433112,0.10329017766766603,-0.3028139550576962,-0.3361765301302382,0.2856082442424301,0.2657804170321884,-0.5204958884829322,-0.03097374991564883,-0.21544349435570165,-0.3617036044460297,-0.2765156700375001,-0.39025768077660916,-0.2866763710680304,-0.33238217346456767,-0.29160440746917565,0.18519275447543213,0.01253410197333539,0.17384438896011878,0.03809202471730307,0.3208294371125871,-0.3144939411759035,-0.07391861799041771,-0.1737981163178545,-0.19429304078740614,0.229992384294294,0.08800478150636731,0.504138509442511,0.3504015115729806,0.21936895684112095,0.3903617942217038,0.4909392382366267,0.5885860815748123,0.3215697993888155,0.3666046484725208,0.19193699208545015,-0.24963897698900062,0.258966770458774,0.0671088274705253,0.01644799629818862,-0.12264756634822091,0.2788100218831037,0.3667010498105714,-0.10688401955019136,0.05301109579400962,,-0.2615734626396614,-0.423762929829466,-0.32443870320920054,-0.4920613498115354,-0.2366325084592174,-0.009306585175402235,-0.526376370104017,-0.34770998621460864,-0.3757743437478912,-0.6614847734086549,-0.4825754581473591,-0.5013621509066546,-0.20597302690561345,0.4311395602170958,-0.2407584857277819,-0.20736506222706372,-0.25515313352549335,-0.050878698196330965,-0.36767277529812115,-0.1523507466283632,-0.2667559985732602,-0.29289232934553133,-0.21789208834218618,-0.3676149344952908,-0.1255588867573482,0.08222070122333298,-0.08597264130026125,-0.05913065273345994
#201,0.1588559089200158,-0.05834016176144525,0.6584307790192128,0.40410476897419334,0.07154714507437364,0.39849035504612806,0.05195839318249737,0.10865394811679986,0.015217915224663318,0.5532954797412588,0.14834816307250345,0.2991584163188185,0.31774845034849086,0.06542758813492332,-0.1973586033374143,-0.21114013862512412,1.0,0.4949302536319204,-0.49237369014681925,-0.35136166889996434,-0.3653013023820771,-0.23480088303625654,0.15832377353397664,-0.018021266135173956,-0.14212834874148053,-0.17965546161780727,0.1694677682126228,0.11281077381354053,0.4078644211581657,0.3283718778016639,0.26401820057262393,0.3829350351382877,0.5589484542045443,0.2455785526303105,0.28878563234457694,-0.06751756914385972,-0.0804700529243346,-0.30978569982551357,0.012892714950883519,-0.15902943132850683,0.25075723251038723,0.3247471874909624,-0.09277857576663164,-0.16094203387543018,0.2443638957708733,-0.02707527980488369,0.5526862232847792,0.45851368416993626,0.38510984932470865,0.13035581733874466,0.21787666412809809,0.03861644799629819,0.18777245428166542,-0.2131607106706641,-0.22683042040623524,-0.3299374355316052,-0.30161086635882506,-0.28516094203387543,-0.10976834758466447,-0.27382028862560615,-0.023982724880221337,0.08097519593571958,-0.04721930340393125,0.18522745895713033,-0.17237908862175008,-0.25953361032651134,-0.06076947548031967,-0.23372504410361217,-0.2848138972168934,-0.19578147744690697,0.08314615406861847,0.05037355518494597,-0.014735908534410458,0.4252822149171431,-0.004818138875767596,-0.1723173917653977,-0.00027185177330261344,-0.10549198422874109,0.1955501142355856,-0.14075173763411836,0.1497556226080418,-0.1380447880616583,,0.1649022008425477,-0.03819228210887567,-0.03813829735956735,0.022459583739022296,0.1653417909440583,0.17611174843106822,0.19124290245148604,-0.06017949929145017,0.0845998862464211,0.06630676833794454,0.10509095466245072,0.05235171064174371,0.45215119585859853,-0.16806030867708444,0.701942486961719,0.5236231478892927,0.4591537890545921,0.10593543038377373,0.547943277452691,0.3942911127606451,0.546069235440988,0.48708704076812587,0.5558983158686243,0.4353156661814466,-0.09247394753839183,-0.10802541139271013,-0.026369622010353505,-0.041747563456180775
