,#10,#11,#12,#13,#17,#18,#26,#49,#50,#51,#52,#53,#54,#58,#101,#102,#201,#202,#301,#302,#401,#402,#501,#502,#601,#602,#701,#702,#801,#802,#901,#902,#1001,#1002,#1101,#1102,#1201,#1202,#1301,#1302,#1401,#1402,#1501,#1502,#1601,#1602,#1701,#1702,#1801,#1802,#1901,#1902,#2001,#2002,#2101,#2102,#2201,#2202,#2301,#2302,#2401,#2402,#2501,#2502,#2601,#2602,#2701,#2702,#2801,#2802,#2901,#2902,#3001,#3002,#3101,#3102,#3201,#3202,#3301,#3302,#3401,#3402,#3455,#3501,#3502,#3601,#3602,#3701,#3702,#3801,#3802,#3901,#3902,#4001,#4002,#4101,#4102,#4201,#4202,#4301,#4302,#4401,#4402,#4501,#4502,#4601,#4602,#4701,#4702,#4801,#4802
#10,1.0,0.26488195656155705,0.5054958402822631,0.6920825581059065,0.04691081912216941,0.1556708087108249,-0.10749327600667097,0.5881734838479558,0.14091369188204333,0.5603173532048625,0.5648983447890257,-0.018005841921085865,0.01642485997705648,0.3065736072416685,0.0504121157201662,0.23290370470342128,0.45621547627081066,0.3579516643691014,0.3054129351315396,0.04558819276411557,-0.08480811313661034,0.12319512594834817,0.2315926465059335,0.2658112654603646,0.1797981355981221,0.2764038444853615,-0.151305756123895,0.08495464317044721,-0.006672900619860604,0.06505740699680912,0.024684526621229504,-0.20229435184560363,0.03233493680892291,0.036646004646544494,-0.3017998129814042,-0.1197285338320496,-0.160741519092285,-0.009429978888106967,-0.15557055131925232,0.0968158638041896,-0.0748286466216151,-0.06010623427453173,-0.21259001474940473,-0.017500698909700865,0.34218040546402784,0.1730577540416261,-0.3751997917731098,-0.3586033374143233,0.025367048094627552,0.10890844764925336,-0.26650921114785076,0.10549969633578514,0.08982098271524008,0.16528395014122796,-0.04500207262876809,0.16619783482594738,-0.19709639169791676,-0.11298429622203156,-0.06194171575101463,0.02653543231180049,-0.018792476839578534,-0.20597688295913547,-0.11264110745857152,0.09793411932557623,0.10211022528992703,0.17857962268516286,-0.058043245640249486,-0.17214386935690668,0.29724195771837314,0.03573211996182507,0.18531614818813685,0.04646737296713679,-0.35393751265267565,-0.2070912824270001,-0.17345492755439446,-0.152825041211572,-0.34875112066555486,-0.3338166253747602,-0.06506511910385317,0.18821204438317604,0.02773080890362758,-0.28398484570965843,,0.10663723212478189,-0.237237908862175,-0.008612495541438114,-0.15220807264804836,-0.016228201247433315,-0.18462591460769476,-0.061833746252397986,0.06418208284730992,0.13697666123605795,-0.08953563475461039,-0.10738916256157635,-0.10309737499156488,0.2314576846326627,0.3062072821570763,-0.10510252282301678,0.050466100469474515,-0.07563841786123991,0.0368657996972998,0.3158551280691776,-0.034806667116539576,-0.02509712434808595,0.1372735773572537,0.10071818996847676,0.11970925356443947,-0.4591730693222022,-0.30144120000385605,-0.24530091677672486,-0.31161732524847446
#11,0.26488195656155705,1.0,0.17488937946458696,0.20496274088284344,0.13596637521328797,0.10248040642804122,0.3186854713543424,0.4422449943605217,0.21632267455872287,0.41066777206867633,0.3423230794443427,-0.005184463960359769,0.047365833437768116,0.16292018933222793,-0.1887287555551271,-0.10920921982397115,0.07779780783357274,0.18199994215919718,0.017539259444921095,-0.03988894565856574,-0.14626203811708907,-0.21334580123972122,-0.22063374239634445,-0.13608205681894864,-0.3081044604899116,0.030256523960552572,-0.3554876461685288,-0.010845150530689365,0.13925944492109552,0.16388420271273366,-0.12464500207262877,0.11249457742473465,-0.06555869395467209,0.18797296906481062,-0.03229637627370268,0.19555397028910762,-0.15206925472125554,0.032242391524394357,-0.14490856333085902,0.07301630146626435,0.1374393876587007,0.17514387899704048,-0.04495194393298179,-0.03659973200428022,-0.03421283487414805,0.031070151253699402,-0.09656907637878014,-0.04114216305322318,0.01248011722402707,-0.03163699112143677,-0.04943267812557238,-0.08151889948232481,-0.0020649166610432553,0.09950738916256158,-0.3339978598902953,-0.017901728475991245,-0.26853363924691276,-0.30811602865047766,0.254262385161906,0.056975118814649145,0.06755227362555792,0.034725689992577094,-0.03893264438510406,-0.17217471778508286,0.06764096285656444,0.19174804546287103,0.24037673642910162,0.17911175807120203,0.02945060877444979,0.14499725256186555,0.37324091658392217,0.40577444014922925,-0.1248031002670317,-0.15274020803408753,-0.10088785632344577,-0.09061918579429883,-0.23255665988643923,-0.2598690869829273,0.019926156575053262,-0.1590718479172491,0.10345984402263503,-0.06986976179229368,,0.11931593610519314,-0.1450165328294757,0.12040719925192561,0.01811766747322453,0.13184811005176753,0.06384275013737191,-0.012144640567611078,0.2405579709446367,0.20511312697020234,0.23932788987111142,0.23082529185505093,0.392255116501017,-0.19382645831124137,0.012750040970568671,0.10687245138962528,0.07235691631399843,-0.021723077516315928,0.20727251694253515,-0.04831056655066372,0.061351739562145124,0.2300425129900803,-0.04941339785796227,0.024657534246575342,0.24531634099081295,-0.11054341434259107,-0.16908987496746455,0.09552794192783395,0.009067509857036816
#12,0.5054958402822631,0.17488937946458696,1.0,0.679369149643797,0.0728389230042513,0.46656897997744207,0.023882467488648744,0.3697743244676236,-0.017404297571650296,0.6173291045279709,0.5559523006179325,-0.15629934543491464,0.38483992557816704,0.2202365688835761,-0.03368841159515294,0.06201112471441104,0.7337934890536281,0.6691853122921346,0.1891683456566377,-0.32600811699266385,-0.13347150858453916,-0.08989810378568054,0.12481081237407575,0.10481331880886506,0.03088120463112028,-0.10779404818138875,0.13099206616987843,0.12877097934119325,0.1159573134875112,0.10833003962094993,0.4164711326193208,-0.0231343931053763,0.29766226755227365,0.2443484715567852,-0.4214840021979505,-0.12494577424734656,-0.3892049781650969,-0.10568093085132022,-0.40718575573828963,-0.22879700770246691,0.23090626897901342,0.11354728003624691,-0.06528491415460846,-0.052239885089605045,0.14897669979659317,-0.31902866011780245,-0.1372697213037317,-0.05545583372697213,0.04801365042946796,0.2382173464567688,-0.004050784224885041,0.44738896975890025,0.3018345174631024,0.28603626618337463,0.02426807284085103,-0.08455746965767885,-0.20080591518610277,-0.42059710988788523,0.015665217433217974,0.02689790134287064,-0.30116742020379245,-0.39302632720542163,-0.43171796824539926,-0.13947152786480677,0.3515081989338012,0.3248050282937927,-0.2146221549555108,-0.18526601949235055,0.11807043081757974,-0.2343227323995257,0.4816769976767278,0.2203561065427588,-0.047963521733681666,0.05229386983891336,-0.20288432803447312,0.019744922059518187,-0.29438462205855415,-0.3459786181832204,0.026473735455448122,-0.13080697560082133,0.023546990832232752,-0.0627129264554192,,0.07467826053425622,-0.35899665487356963,-0.21286765060299037,-0.2946198413233976,0.11109482999624035,0.1805384978743505,-0.22077256032313727,-0.01552639950642515,0.11335833341366779,-0.08450734096189255,-0.13951780050707105,0.006726885369168924,0.2998756422739148,0.1434008464037481,0.4840330463786837,0.250549005620198,0.19626734019068184,0.36215476270810637,0.6420039910153953,0.44833370287179586,0.32890786924122506,0.49260890941166263,0.3451649908900736,0.4029016802753222,-0.5126796679937917,-0.42749173358526216,-0.23035099727184213,-0.3421225646611975
#13,0.6920825581059065,0.20496274088284344,0.679369149643797,1.0,0.015094521511958586,0.21191134932952868,-0.17855648636403074,0.37138229878630713,0.09240839462851744,0.7536405965314799,0.5130845536136042,-0.10728890517000376,0.19801027638263619,0.1498404557855263,0.15495358275572865,0.03654189120144988,0.6721043448083059,0.5296964321864788,0.3627447388969759,-0.12179537851985385,-0.0025237870301639785,-0.053354284557469656,0.18710150096883343,0.14072088920594217,0.10459737981163178,0.10496370489622396,0.08294563928547329,0.11483134585908053,0.12352289049772011,0.06834276459757262,0.35978714584558436,0.15084302970125224,0.08135694523439985,0.3542035803456952,-0.3616650439108095,-0.06272063856246325,-0.04310875034945485,0.0006304647508507418,-0.15402041780339912,-0.12799591258326665,0.01651740526158503,0.015507119238815035,-0.09013332305052395,0.04429255878071588,0.11219766130353889,-0.08643922377642602,-0.3574542334647605,-0.28486788196620166,-0.00294024081054245,0.08089036275823508,-0.20077892281144863,0.27766863004058495,0.12878640355528134,0.14894199531489496,0.04442366460046465,-0.0008194113734298632,-0.15047284856313806,-0.3635892146182989,-0.06491087696297225,-0.029712820413947346,-0.29804787290447593,-0.3981857268178882,-0.21052702611512247,-0.19123133429091996,0.34929868026568206,0.2756711943161771,-0.21929569182420253,-0.36865221289271494,0.1502414853518167,-0.15589445981510222,0.4435252041298333,0.18201536637328525,-0.17475441759131616,-0.09037625442241139,-0.12513472086992566,-0.052922406563003094,-0.3653013023820771,-0.38422681306816536,0.057545814735908536,-0.05107921297947615,0.09556650246305419,-0.39393249978309697,,0.15405897833861934,-0.32139627698032447,-0.0945407922261961,-0.26143850076639064,-0.033611290524712484,-0.15345743398918377,-0.18970819314972093,0.03419355460653794,0.21274425689028564,0.006086780484513125,-0.1871092130758775,-0.08595336103265114,0.20225193525686136,0.22308233638282898,0.2559204881763759,0.1842094608273163,0.06528491415460846,0.24093200813627294,0.5346900214974983,0.3772010835510397,0.11303056886429584,0.32668292635901786,0.10809867640962857,0.2929386019877956,-0.5638186498028592,-0.3770699777312909,-0.34493748373227423,-0.4326395650371627
#17,0.04691081912216941,0.13596637521328797,0.0728389230042513,0.015094521511958586,1.0,0.4730895664831828,-0.12323754253709042,0.06834662065109463,0.2513009360569925,0.005273153191366296,0.09407420975003133,0.3317420685799119,0.4318953467074123,0.23281887152593678,-0.13361032651133198,-0.33496958537784505,0.1530255559947172,0.29315454098502886,-0.015283468134537707,-0.053161481881368516,-0.268406389480686,-0.27100922560805146,-0.121988181195955,-0.06204968524963127,0.02266395457568951,0.10731975359817994,0.02024620901738116,0.07185177330261344,0.5422633106147513,0.5247144110360252,0.11898431550229917,0.11901130787695333,0.1848842701936703,0.23011577800699873,0.4255752749848168,0.07280421852255309,0.2404191530178439,0.2629500737470236,0.027858058669854337,0.2560747303172568,0.3779684382019222,0.3961612987188262,-0.02773852101067163,0.3313718874417977,-0.12279795243557981,-0.10799070691101192,0.2082905150723492,0.190733903386579,-0.28006323927776117,-0.4145392498047873,-0.04011645281636509,-0.19537273577357253,-0.20698716898190547,-0.2417687717505519,-0.25834594584172826,-0.11421437729555686,-0.31539240164653487,-0.22202963377131674,0.060549680429564365,-0.2867419239779048,-0.013621509066545844,0.1894691178313555,0.2571428571428571,-0.08423741721535095,0.1705320389847011,-0.009707614741692615,0.4771345666277848,0.32465849825995585,0.02830150482488697,0.2164614924855157,0.14363606566859147,0.3542190045597833,0.1330550548041607,0.15958470303567812,-0.13617074604995516,-0.134963801297562,-0.05900725902075521,0.025494297860854307,0.16093817782190817,0.07637492408394629,0.2056105578745433,0.2767971619446078,,0.22386511524779965,0.4623581695313931,0.03617171006333568,0.1796978782065495,0.22846538709957295,0.1559253082432784,0.48133766496678976,0.16072223882467487,0.14337771008261593,-0.07055999537273577,0.0857451341424619,0.06339930398233927,0.13255376784629772,0.16541891201449876,0.023007143339149546,0.17008859282966848,0.03579767287169946,0.10272719385345068,0.24379705590313594,0.00811120858357514,0.06265894170611087,0.011523815950565394,0.14517463102387862,0.23316206028939682,0.11190074518234314,0.096376273702679,0.16071838277115286,0.16591634291883972
#18,0.1556708087108249,0.10248040642804122,0.46656897997744207,0.21191134932952868,0.4730895664831828,1.0,0.2371530756846905,0.10672592135578841,0.08898421910096112,0.270766294236164,0.2903936066632605,0.03744420772560323,0.5766940125128937,0.42329249129977925,-0.15298699545949698,-0.22848466736718306,0.5191886863389664,0.5154483144226042,0.01624748151504343,-0.24973923438057322,-0.2485785622704443,-0.319792158715163,0.017269335698379493,-0.021572691428957035,0.027873482883942428,-0.004872123625075916,0.10639044469937242,0.1456450695535654,0.44640953216430646,0.49838913364117493,0.4015019328468279,0.04580413176134885,0.1478700124357726,0.1951298044016851,0.058922425843270704,-0.16320939334637966,-0.19663752132879606,0.09291739369342447,-0.1937493372408009,-0.04790568093085132,0.21171469059990553,0.3269567061590815,-0.05104065244425593,0.25461714208593217,0.08634282243837545,-0.1876683408365708,0.13080697560082133,0.11419124097442472,-0.023388892637829815,0.01258808672264371,0.03634908852534873,0.06686975215215987,0.09111661669863978,-0.004702457270106909,-0.1936837843309265,-0.19142028091349908,-0.32737701599298197,-0.3739812788601506,0.13274657052239885,-0.16699989395852816,-0.1357041635737904,-0.05196610528954142,-0.04291594767335371,0.018491704664860747,0.3711123750397656,0.2260322173271765,0.20806686396807186,0.3579516643691014,0.14586486460432072,0.011832300232327224,0.42056626145970905,0.42154184300078085,0.053373564825079774,0.03857788746107796,-0.22095765089219438,-0.06062680150000482,-0.24971609805944106,-0.22290110186729392,0.16239962210675485,0.055733469580557776,0.2262365881638437,0.25943335293493874,,0.12868229011018673,0.07654844649243732,-0.10098425766149634,-0.09914492013149143,0.12937637974415084,0.2584346350727348,0.17884569037818246,0.1936683601168384,0.0620728215707634,-0.14506280547173994,-0.02077834440342032,0.18085469426315637,0.35172413793103446,0.0967310306267051,0.2956069910250354,0.21232780310990718,0.02183104701493257,0.12652290013785392,0.47616669719375704,0.22010160701030532,0.1848842701936703,0.3255608147841092,0.16138933608398484,0.2287777274348568,-0.2712521569799389,-0.21704761262086317,0.024954450367771105,-0.039414651075356924
#26,-0.10749327600667097,0.3186854713543424,0.023882467488648744,-0.17855648636403074,-0.12323754253709042,0.2371530756846905,1.0,0.21262471923110293,0.042696152622598404,0.0789893283718778,0.21611830372205565,-0.2491184097635275,0.10229917191250615,0.3348230553440082,-0.228812431916555,-0.07975668302276036,-0.01384516017082317,-0.17569915070421177,-0.2740786442115817,-0.18569789748681712,0.004976237070170534,-0.2240771981915109,-0.2963936259435281,-0.25069553565403485,-0.3765262741846857,-0.3220055334368041,-0.19880847946169491,-0.10740844282918646,-0.17251405049502086,-0.028471171179855977,-0.18897168692701455,-0.23729960571852737,-0.004070064492495156,-0.20928923293455312,0.11937763296154551,-0.0718941898913557,-0.42714083271475806,-0.28187944048663394,-0.20944347507543404,-0.4173078962335997,-0.07632479538815999,0.010189621431945475,-0.05834401781496727,-0.2014498761242806,0.1603057850442964,-0.1514445740506878,0.024699950835317595,-0.039102310740073074,0.22190238400509,0.35642466717438037,0.24983177966510176,0.02504313959877763,0.2580914463092748,-0.00926031253313796,-0.11946246613903001,-0.3054939122555021,0.10497527305679002,-0.08311916169396431,0.21465300338368695,0.2169820597109888,0.2607752595606027,0.14269133255569588,-0.22628671685963,0.03169097587074508,0.029288654526524828,0.09127857094656473,0.1328044113252292,0.4985009591933136,0.09308706004839347,0.06851243095254163,0.18314133400171595,0.15119393057175634,0.1040960928537688,0.10175161231237889,0.18988557161173397,0.29066738646332413,0.17505518976603396,0.10838402437025826,-0.23660166003104124,-0.3350814109299837,0.135299277953978,0.19798714006150406,,0.119797942795446,-0.202359904755478,-0.028744950979919602,-0.01948271042002063,-0.09115517723386,0.2153008203753868,0.21259001474940473,0.17008859282966848,0.04960234448054139,-0.014207629201893323,0.0867901246469301,0.3464721930340393,-0.05061648655683341,-0.4675021449297716,0.11165395775693367,-0.2563947827595847,-0.03432851647980874,-0.02062024620901738,-0.14744970260187212,-0.08789681200775067,0.1582466524635362,0.17872615271899975,0.14752682367231257,-0.020307905873733528,0.16314384043650526,0.09351893804286003,0.17296906481061958,0.17501662923081374
#49,0.5881734838479558,0.4422449943605217,0.3697743244676236,0.37138229878630713,0.06834662065109463,0.10672592135578841,0.21262471923110293,1.0,0.29065581830275805,0.48814359943316016,0.4509866676949476,0.09178371395794974,0.09788399062978995,0.3364927265190441,0.1752171440139589,0.0023502646216729487,0.341359066063837,0.08516287006063644,0.244822766139994,-0.12038020687727145,0.12346504969488976,-0.13544195193429284,0.1824279641001417,-0.06511910385316148,0.158886757348192,-0.02164595644587547,-0.06045327909151379,-0.22346408568150927,0.0565625210877927,-0.08321941908553691,0.08297263166012744,-0.18469532357109117,0.06163708752277482,-0.09170659288750928,-0.1880192417070749,-0.2545747254971899,-0.0921153345608437,-0.2602315560139975,-0.03592492263792622,-0.11960514011934485,-0.0948107159727377,-0.23315049212883074,-0.3236212198625317,-0.26217886304261906,0.2499281810031523,0.08620786056510464,-0.26068271427607415,-0.33183461386444046,-0.12427867698803659,-0.001968515322992683,-0.16969913142394416,0.03750976063547762,0.045426238516190605,0.034521319155909884,0.027268082480984834,-0.061675648057995046,-0.2124319165550018,-0.3548822457655712,-0.09622974366884213,-0.09488783704317816,-0.03228866416665863,-0.17523642428156902,-0.2576055835654999,0.02897245813771895,0.0034839443571476774,0.08132609680622367,0.06407025729517125,0.11362054505316534,0.3965430480175065,0.008408124704770903,0.35416116375695295,0.16553459362015946,-0.06813068165386135,0.006908119884704,-0.18027628623485295,-0.17070556139319215,-0.24545515891760578,-0.2827971812248754,0.10900099293378192,-0.05584143907917442,-0.13417716637906935,-0.10795600242931372,,0.19746657283603097,-0.15103197632383136,0.052787444689732295,-0.1261835674279159,0.11510512565914414,0.017057252754668236,-0.017388873357562205,-0.03785680545245968,0.12157172741557652,-0.13937127047323417,-0.10706911011924845,0.11490461087599896,0.24250142191973625,0.006726885369168924,0.15844331119315935,-0.19410795021834903,0.03839279689202086,0.04363702968197199,0.12137506868595337,-0.16183278223901748,0.05473860777187587,0.13066044556698447,0.21820442867747003,0.023253930764559012,-0.28430489815198634,-0.15699343506887875,-0.223587479394214,-0.2487405165183693
#50,0.14091369188204333,0.21632267455872287,-0.017404297571650296,0.09240839462851744,0.2513009360569925,0.08898421910096112,0.042696152622598404,0.29065581830275805,1.0,0.19967223545062807,0.23077901921278668,0.08116799861182074,0.2142211253892204,0.47268082480984835,0.10622077834440342,-0.14594584172828318,0.16952946506897515,0.01973720995247414,0.31047207735243365,0.09982744160488947,-0.027198673517588423,-0.10804469166032024,0.2120308869887114,0.0892502867939807,0.1223429381199811,0.33256340798010275,-0.14076330579468443,-0.18317218242989214,0.4412192841236636,0.2540695824858049,0.18558607193467846,-0.01554182372051324,-0.0882207205036006,0.032134422025777716,0.38467025922319803,-0.13531855822158811,0.13895867274637771,-0.03947249187818727,0.2845169810956976,0.1818379879112722,0.06460624873473243,0.03982339274869135,-0.41977962654121637,-0.07095331283198211,0.05630416550181717,0.2398446010430625,-0.23589600223651105,-0.23667106899443766,-0.1870783646477013,-0.22710034415277683,-0.3169695275370422,-0.2699063943007529,-0.2554847541283873,-0.04457019463430152,-0.027360627765513384,0.03330280624295065,-0.17166571872017583,-0.2204525078808094,-0.1456604937676535,-0.13789054592077737,0.01318963107207928,0.003283429574002487,0.08050090135251077,0.1756875825436457,-0.07410756461299683,-0.23362478671203957,0.4890844764925337,0.29532549911792777,0.5014701204052713,0.3344297378847618,0.2913460518832001,0.2153625172317392,0.08212044383176038,-0.3032265527845526,-0.13859234766178555,-0.235892146182989,-0.1270588915774151,-0.0974058399930591,0.2511929665583758,0.1655423057272035,0.03441334965729324,-0.025016147224123472,,0.4125688064550336,0.050828569500544665,0.05131443224431955,-0.07291990012821378,0.12964630349069245,0.01918965035234689,0.057946844302198916,-0.17639324033817588,0.07920141131558905,-0.21603347054457117,-0.14190855369072522,-0.11868354332758138,0.15424406890767645,0.3148949707421939,-0.011458263040691004,-0.044504641724427134,-0.19661824106118592,-0.12862059325383438,-0.015364445258500187,0.1314432244319551,-0.06151369381007008,-0.04506762553864248,-0.055772030115778005,0.07300473330569829,-0.06941089142317296,0.029913335197092536,-0.11205113126970202,-0.15525435493044643
#51,0.5603173532048625,0.41066777206867633,0.6173291045279709,0.7536405965314799,0.005273153191366296,0.270766294236164,0.0789893283718778,0.48814359943316016,0.19967223545062807,1.0,0.6100642996924798,-0.17785854067654458,0.3506830034800883,0.3405030221819479,0.2586698543375782,-0.046718016446068274,0.7346186845073409,0.28278946911783137,0.36818563041655017,-0.23928547328236915,0.15153711933521638,-0.16890478439840745,0.1774729353243423,0.08774642592039178,0.009449259155717081,-0.071608841930726,0.01920507456643498,-0.10295084495772801,0.17655519458610086,-0.03378481293320351,0.36469204592559745,0.12519256167275603,-0.01109193795609883,0.31865847897968824,-0.23896542084004127,-0.023199946015250692,-0.11227863842750137,-0.15179547492119191,-0.06722450907618598,-0.24842046407604138,0.12812701840301544,-0.0009736535143107786,-0.1510705368590516,-0.14089826766795524,0.13856535528713138,-0.11254470612052095,-0.3823450589494182,-0.3309708578755073,0.10846500149422074,0.16273895481669284,-0.12636094588992894,0.2182468452662123,0.2203214020610606,0.1601708231710256,0.09729401444092044,-0.09909479143570513,-0.14481601804633049,-0.46950729276122355,-0.01846471229020659,-0.08910375676014383,-0.30338465097895556,-0.35135010073939826,-0.2790336729873811,-0.07309727859022683,0.15230833003962094,0.11965912486865318,-0.1126873801008358,-0.13195607955038416,0.2525888579333481,-0.10555753713861549,0.5460769475480319,0.27926503619870247,-0.135974087320332,-0.13057561238949997,-0.1641271340846211,-0.06089672524654642,-0.4363066719366065,-0.46927978560342415,0.2078547810243606,-0.21267870398041125,0.1279033672987381,-0.3178101472048432,,0.14914636615156218,-0.36861750841101676,-0.096715606412617,-0.22209904273471315,0.005600917740738241,0.0753492138470882,-0.29320081362729317,0.08870658324737547,0.10310894315213096,-0.02031176192725555,-0.15239316321710544,0.06782219737209952,0.2650053502742618,0.06648800285347961,0.2846288066478363,-0.0261498269595982,-0.030430046369043603,0.10831847146038387,0.434201266713582,0.28342571794896515,0.16885851175614316,0.36663549690069697,0.07719240743061513,0.32349011404278294,-0.5343044161452961,-0.4128965710044055,-0.36008020591325807,-0.4146279390357938
#52,0.5648983447890257,0.3423230794443427,0.5559523006179325,0.5130845536136042,0.09407420975003133,0.2903936066632605,0.21611830372205565,0.4509866676949476,0.23077901921278668,0.6100642996924798,1.0,-0.40573587961400903,0.24287545911137245,0.45849440390232615,-0.021904312031851003,0.17077111430306652,0.4328053753386097,0.3276045231507813,0.33079347941349424,-0.13868874899983613,-0.06980035282889727,-0.09103178352115528,0.008122776744141209,0.15093943103930282,-0.04044807341925906,-0.002743582080919283,-0.1571708135308918,-0.05009977538488234,0.10126574956860401,0.10498298516383407,0.04213316880838306,-0.07953688797200505,-0.07436592019897237,-0.07954845613257112,-0.11655114572990273,-0.09211147850732168,-0.4370161857846587,-0.14005764800015424,-0.38710728504911646,-0.19533803129187433,0.03229252022018066,0.07421553411161347,-0.3140890555560911,-0.09520788948550606,0.31043351681721343,-0.1379792351517839,-0.2902432205759016,-0.26799379175382954,0.20866840831750744,0.3433333654671127,0.014068811275100498,0.33831278378143886,0.3308975928585889,0.1983611772531403,0.019771914434172345,-0.03616014190276961,-0.10474390984546865,-0.27434856795812324,0.038184570001831626,0.10592386222320765,-0.22232654989251252,-0.23332401453732177,-0.22601679311308842,0.24334589764105927,0.10755497286302333,0.17983669613334233,0.03486836397289195,-0.025694812643999497,0.30867901246469304,0.09705493912255501,0.33168422777708156,0.23594998698581937,-0.02114081343449047,-0.02541332073689183,0.004459525898219467,0.1119971465203937,-0.2444641531624459,-0.2949398937657255,0.032300232327224704,-0.009098358285212998,0.06462552900234256,-0.11173879093441817,,0.05842885099245178,-0.43017940289011214,-0.14590342513954094,-0.16072609487819692,-0.03602518002949881,0.14015404933820483,-0.1285434721833939,0.10504082596666442,0.13443552196504488,-0.012661351739562145,0.006167757608475605,0.1633173628449963,0.135974087320332,0.12147147002400394,0.05803938958672746,-0.1736477302304956,-0.05842885099245178,-0.028467315126333954,0.20359384188252533,0.22879700770246691,-0.09683900012532173,0.14762322501036315,0.1377594401010286,-0.014473696894912902,-0.4139338494018297,-0.3117792794963994,-0.15341116134691948,-0.23510165521097434
#53,-0.018005841921085865,-0.005184463960359769,-0.15629934543491464,-0.10728890517000376,0.3317420685799119,0.03744420772560323,-0.2491184097635275,0.09178371395794974,0.08116799861182074,-0.17785854067654458,-0.40573587961400903,1.0,0.004147185562935613,-0.13460133226649185,0.027256514320418767,-0.12071182748016543,-0.0814147860372302,-0.009869568989617576,-0.009773167651567004,0.1756528780619475,-0.16458986050726385,-0.10554596897804941,-0.025421032843935872,-0.1706477205903618,0.12756403458880008,0.10027474381344413,-0.05932731146308311,-0.0005610557874543299,0.32573433719260025,0.23859138364840504,0.06618723067876182,0.08161530082037538,0.014431280306170649,0.11279149354593042,0.17993695352491493,0.05291855050948107,0.5039726991410641,0.23428417186430547,0.24697058795176077,0.33762640625451884,0.08010372783974241,0.08458060597881098,0.04644809269952667,0.10180945311520924,-0.2439435859369728,0.1215678713620545,0.07692633973759556,0.06931449008512239,-0.3192407430615137,-0.5636451273943682,-0.23166976757637395,-0.5562145122574301,-0.5195935719587788,-0.3697936047352337,-0.351473494452103,-0.09405878553594324,-0.12266684661583102,-0.10138914328130874,0.011851580499937339,-0.3569529465068975,0.25602845767499255,0.19825706380804567,0.45815121513886614,-0.11930051189110505,0.022991719125061455,-0.10171690783068069,0.28469435955771066,0.17446135752364242,0.12636480194345098,0.16881609516740093,0.03772184357918888,0.16512970800034704,0.09173358526216344,0.09166032024524501,-0.19682261189785313,-0.27106321035735975,0.09593282754764636,0.07533378963300011,0.08712945735686811,0.15034174274338927,-0.03407787300087725,0.09693540146337232,,0.2966481254759816,0.5637916574282051,0.3564130990138143,0.425100980401608,0.21887152593678,-0.08731840397944723,0.2875401270569635,-0.1781168962625201,0.24700529243345898,-0.1484754128387302,0.19059122940626416,0.010255174341819865,0.04590824520644347,0.10130431010382424,-0.2309178371395795,0.15690474583787223,-0.039692286928942576,0.028690966230611282,-0.03479509895597351,-0.20306170649648617,-0.002689597331610963,-0.22791011539240164,-0.2257931420088111,0.13410390136215092,0.17028910761281366,0.09442896667405744,0.228137622550201,0.28937946458696845
#54,0.01642485997705648,0.047365833437768116,0.38483992557816704,0.19801027638263619,0.4318953467074123,0.5766940125128937,0.10229917191250615,0.09788399062978995,0.2142211253892204,0.3506830034800883,0.24287545911137245,0.004147185562935613,1.0,0.408589359220306,0.16705387870783647,-0.2866339544792882,0.5838045752075038,0.31778315483018904,0.11581463950719637,-0.4239634446126112,-0.054850433324014534,-0.45240183933753003,0.21664272700105078,0.011496823575911233,0.13340981172818678,-0.04787483250267514,0.13784041722499107,-0.11281077381354053,0.583330280624295,0.273966818659443,0.5441990494828068,-0.02471923110292771,0.1299277953978001,0.08426440959000511,0.30203503224624756,-0.18548195848958385,0.031127992056529746,-0.18670432745606508,0.06565509529272266,-0.1584818717283796,0.3878476473253449,0.19712724012609295,0.04341337857769466,0.0825793142008811,0.14876847290640394,-0.18648067635178775,-0.027858058669854337,0.01339014585522447,-0.17962461318963108,-0.15106668080552957,-0.08539808932547983,0.043594613093229734,-0.04790953698437334,-0.0766795523121861,0.029161404760298073,-0.40258933994003837,-0.14438414005186392,-0.5719047940385412,-0.018457000183162542,-0.23643199367607223,-0.10662566396421583,0.05261006622771924,-0.1857094656473832,0.07473224528356454,0.23357851406977528,0.032635708983640696,0.20434191626579776,0.2992702418709572,0.24664667945591084,0.04253034232115142,0.42899173840532906,0.33790018605458244,0.055135781284644234,-0.0336652752740208,-0.161412472405117,-0.07784022442231499,-0.1491000935092979,-0.18220816904938641,0.354508208573935,-0.09136726017757127,0.22506434789314875,0.2562945253680121,,0.38451987313583913,0.1501605082278542,0.12664629385055864,0.020627958316061425,0.2266723222118323,0.33100941841072756,0.22132011992326453,0.20574937580133612,0.22305148795465282,-0.06632219255203262,-0.06290572913152034,0.06123991401000646,0.5175845680738048,0.0317102561383552,0.3501470120405271,0.07529522909777987,-0.06636460914077487,0.09833514889186662,0.5156719655268815,0.2217211494895549,0.2555387388776956,0.4208014807245525,0.10063335679099226,0.22230726962490238,-0.134458658286177,-0.04959848842701937,-0.008199897814581667,-0.0606229454464828
#58,0.3065736072416685,0.16292018933222793,0.2202365688835761,0.1498404557855263,0.23281887152593678,0.42329249129977925,0.3348230553440082,0.3364927265190441,0.47268082480984835,0.3405030221819479,0.45849440390232615,-0.13460133226649185,0.408589359220306,1.0,0.15151398301408422,-0.011824588125283178,0.3831239817608668,0.10796371453635777,0.30762630985318073,0.0413812383715886,-0.0021960224807920335,-0.0840291903251617,0.16186363066719367,0.1795629163332787,0.12021439657582447,0.10039428147262684,-0.13256147995334175,-0.11765012098367926,0.31394638157577626,0.20518253593359875,0.21809260312533138,-0.16011298236819527,0.012310450869058062,-0.0652579217799543,0.2932895028582997,-0.23955925308243278,-0.12272468741866137,-0.06521936124473408,-0.00583999305910366,-0.11523623147889293,0.06058438491126257,0.07080292674462321,-0.09072715529291546,0.049594632373497344,0.31305177715866694,0.12750619378596975,-0.3876008598999354,-0.3923476617855456,0.03759844986648415,0.11853701329374451,-0.17950121947692635,0.01951355884819681,0.09283256051593997,0.09884029190325162,0.011469831201257073,-0.023778354043554124,-0.12899463044547058,-0.18387012811737827,-0.018179364329576893,-0.04951365524953486,-0.09129013910713081,-0.09350736988229397,-0.038053464182082844,0.27018788620786055,0.009784735812133072,0.12362700394281473,0.3842113888540773,0.4010623427453173,0.6143329509413591,0.24107468211658778,0.36624217944145065,0.20455785526303105,-0.038504622444159524,-0.16809115710526062,-0.12501518321074295,-0.09734799919022875,-0.2364281376225502,-0.22652579217799543,0.24536646968659925,0.15540474101780533,0.07285049116481737,0.08438780330270984,,0.19958354621962152,-0.16123894999662594,-0.08429140196465927,-0.17160402186382348,0.007814292462379378,0.019016127943855862,0.09504593523758109,0.05028872200746146,-0.04603935102619224,-0.23127645011712764,-0.25987679908997136,-0.04519873135839125,0.3306161009514812,0.16620940298651346,-0.024237224412674847,-0.15331476000886893,-0.28843087542055085,-0.22811834228259087,0.1997609246816346,0.08786981963309651,-0.03455602363760809,0.2113560776223574,0.030144698408413908,0.039534188734539635,-0.25708887239354883,-0.16610914559494086,-0.1867737364194615,-0.23181244155668881
#101,0.0504121157201662,-0.1887287555551271,-0.03368841159515294,0.15495358275572865,-0.13361032651133198,-0.15298699545949698,-0.228812431916555,0.1752171440139589,0.10622077834440342,0.2586698543375782,-0.021904312031851003,0.027256514320418767,0.16705387870783647,0.15151398301408422,1.0,0.024946738260727058,0.36422160739591064,-0.3471392902933493,0.3545467691091552,-0.2018701859581811,0.7274926975986427,-0.07617055324727907,0.5488880105655867,-0.05060106234274532,0.5511515139830141,-0.08542508170013399,0.17519015163930476,-0.5138711885320968,0.17928913653321507,-0.4408606711461155,0.3571573173435647,-0.02689790134287064,0.05515120549873232,0.04627071423751362,0.026196099601862474,-0.2831210897207253,0.554340470245727,-0.38388362430470535,0.6854424339409831,-0.03829639555397029,-0.008716608986532733,-0.3097394271832493,-0.20233291238082385,-0.2275322221472434,0.1359895115344201,0.222411383069997,-0.443980218445432,-0.4861268834411422,-0.4183991593803322,-0.2998332256851725,-0.5469522716975311,-0.0907657158281357,-0.1640114524789604,-0.04211388854077295,0.6792534680381364,0.007050793865018846,0.2294371125871227,-0.2989386212680632,-0.35544137352626454,-0.3331302478478401,-0.3363963251809935,-0.2294525368012108,-0.28398098965613644,0.06713196379165742,-0.3985019232066941,-0.4175585397125312,-0.2964129062111382,-0.18457192985838644,0.21551290331909806,-0.25892820992355375,-0.052374846962875844,-0.2279178274994457,0.015410717900764462,-0.33104412289242574,0.016471132619320757,-0.2293368551955501,-0.13280055527170717,-0.2854887065832474,0.5649176250566358,-0.07120010025739157,-0.24879835732119962,-0.22587026307925154,,0.04163188185052009,-0.012649783578996076,-0.005165183692749656,-0.13775558404750657,-0.057191057811882426,-0.004320707971426643,-0.13565789093152614,-0.2659153789054592,-0.11676708472713601,-0.26642823402388827,-0.3016494268940453,-0.2879025960880337,0.497394271832493,-0.08282995767981259,0.0911050485380737,-0.33397472356916313,-0.2283728418150444,-0.17537138615483983,0.1277028525155929,-0.10277346649571496,-0.2614809173551329,0.16696904553035197,-0.24155668880684064,-0.0031330434866435946,-0.2622058554172732,-0.054218040546402786,-0.36806223670384547,-0.3201199232645349
#102,0.23290370470342128,-0.10920921982397115,0.06201112471441104,0.03654189120144988,-0.33496958537784505,-0.22848466736718306,-0.07975668302276036,0.0023502646216729487,-0.14594584172828318,-0.046718016446068274,0.17077111430306652,-0.12071182748016543,-0.2866339544792882,-0.011824588125283178,0.024946738260727058,1.0,-0.08223226938389905,-0.08888396170938853,0.21648462880664784,0.5118390483259908,0.01664851108133381,0.71290524712483,0.08927342311511284,0.49477215543751746,0.10623620255849152,0.307495204033432,-0.41136186170264044,-0.02708299191192774,-0.3051198750638659,-0.10170919572363664,-0.1508198933801201,-0.26043207079714265,-0.27736785786586715,-0.16125437421071404,-0.39163429188397136,-0.16751660513047922,-0.2949630300868576,-0.0034878004106697,-0.21902962413118293,-0.0632180694668042,-0.2940375772415721,-0.2366325084592174,-0.10954084042686513,0.041647306064608175,0.06279004752585966,0.22216459564458754,-0.42122179055845294,-0.3720493960456171,-0.2039100382713312,0.06592501903926426,-0.2958075058081806,-0.026674250238593312,-0.08087879459766902,0.39395949215775117,0.06189544310875035,0.3945571804536647,0.013810455689124965,0.3913605120839077,-0.32351325036391504,-0.0855600435734048,0.1005562357205518,0.008207609921625713,0.0503619870243799,0.28291286283053607,-0.34405444747573094,-0.03598276344075656,-0.0046561846278426345,-0.04713061417292472,0.3022008425476946,0.37867795204997445,-0.12937252369062882,-0.032045732794771194,-0.019879883932788986,0.028413330377025633,0.21683552967715192,0.15108210501961766,0.09932229859350447,0.0530920729179721,-0.08718729815969846,0.3802357976728717,-0.055155061552254345,-0.07906644944231826,,-0.04944424628613845,-0.1537813424850337,0.006553362960677894,0.006406832926841024,-0.04222185803938959,-0.0697039514908467,-0.3198692797856034,-0.29153114245225725,-0.17354361678540098,-0.18536242083040114,-0.15259367800025064,-0.31667646746936845,-0.06613710198297552,0.23478931487569046,-0.4063181436958345,-0.1426296356993435,-0.3956522996539192,-0.4431203185100209,-0.1796438934572412,-0.07400730722142423,-0.38641319541515234,-0.38371395794973634,-0.30201189592511546,-0.27722903993907433,-0.08861403796284692,-0.15119393057175634,-0.046718016446068274,-0.19584703035678136
#201,0.45621547627081066,0.07779780783357274,0.7337934890536281,0.6721043448083059,0.1530255559947172,0.5191886863389664,-0.01384516017082317,0.341359066063837,0.16952946506897515,0.7346186845073409,0.4328053753386097,-0.0814147860372302,0.5838045752075038,0.3831239817608668,0.36422160739591064,-0.08223226938389905,1.0,0.41428089421881176,0.36280643575332827,-0.38206356704231054,0.14479288172519836,-0.20175836040604245,0.3587074508594179,0.0912554346254326,0.2369641290621114,-0.015892724591017322,0.17902692489371752,-0.06846230225675533,0.3891741297369207,0.08891095408404269,0.6430065649311213,0.06913325556958731,0.21893322279313238,0.3095389124001041,-0.12281337664966789,-0.1433005890121755,-0.0040584963319290875,-0.12944193265402523,0.040093316495232956,-0.1954151523623148,0.2527855166629713,0.0807592569384863,-0.07578109184155477,0.02887605679966838,0.1567157992152931,-0.11383648405039862,-0.2782084775336682,-0.24558626473735456,-0.10417321392420927,0.00773717139193892,-0.23043197439580462,0.20186247385113706,0.1291990012821378,0.1510705368590516,0.22703864729642448,-0.11767711335833342,-0.22081883296540156,-0.582655471257941,-0.18174544262674366,-0.27412491685384593,-0.40185668977085404,-0.4050032294448247,-0.3270916680323523,-0.050223169097587075,0.16031349715134047,0.06792631081719415,-0.1439792544320515,-0.07278108220142096,0.2509693154540985,-0.24837033538025508,0.4575920873781728,0.19215678713620546,-0.06761011442838827,-0.17398706294043362,-0.29884221993001264,-0.1724137931034483,-0.43928354525560814,-0.5149316032506531,0.32551839819536693,-0.11997146520393703,0.1070613980122044,-0.12742136060848525,,0.18751409869568988,-0.24269036854231538,-0.1501412279602441,-0.25530737566637424,0.027522582013438348,0.17448063779125253,-0.1545564092429603,-0.041296405194104095,0.06697386559725449,-0.23390627861914723,-0.1810783453674337,-0.10268092121118641,0.5485679581232588,0.10375290409030877,0.4488812624719231,0.10128502983621412,0.030322076870426963,0.19332131529985636,0.7114592270540715,0.3425968592444063,0.23867236077236753,0.5374740921403989,0.19418121523526746,0.43194161934967656,-0.5910848042570831,-0.425775789767962,-0.31571631014238477,-0.41440043187799447
