,#10,#11,#12,#13,#17,#18,#26,#49,#50,#51,#52,#53,#54,#58,#101,#102,#201,#202,#301,#302,#401,#402,#501,#502,#601,#602,#701,#702,#801,#802,#901,#902,#1001,#1002,#1101,#1102,#1201,#1202,#1301,#1302,#1401,#1402,#1501,#1502,#1601,#1602,#1701,#1702,#1801,#1802,#1901,#1902,#2001,#2002,#2101,#2102,#2201,#2202,#2301,#2302,#2401,#2402,#2501,#2502,#2601,#2602,#2701,#2702,#2801,#2802,#2901,#2902,#3001,#3002,#3101,#3102,#3201,#3202,#3301,#3302,#3401,#3402,#3455,#3501,#3502,#3601,#3602,#3701,#3702,#3801,#3802,#3901,#3902,#4001,#4002,#4101,#4102,#4201,#4202,#4301,#4302,#4401,#4402,#4501,#4502,#4601,#4602,#4701,#4702,#4801,#4802
#10,1.0,0.43466784918974677,0.4848890902605728,0.616673575429227,0.2735272285579324,0.41333616110591614,0.30907232992393935,0.5140909835828521,0.24412096439898587,0.6913923245254644,0.4009466611396566,0.28995401656174985,0.3445094617913297,0.04954835973123307,-0.023323339727955424,0.09855879999614395,0.4356511428378626,0.17159630975677942,-0.2628999450512373,0.0815343236964129,0.24859784253805442,0.2956879681489979,0.03110871178891963,0.10281588308445722,-0.04152391235190345,-0.16685336392469127,0.16234563735744653,-0.1407247452594642,-0.03852004665824762,0.14167719047940386,-0.3626290572913152,-0.3326212487829331,-0.501774748633511,-0.4649918540869347,-0.07894691178313555,-0.28086915446386396,-0.1872788794308465,-0.07180164460682714,-0.06358053849787434,-0.2777264708434153,,,-0.15701271533648886,0.06801885610172269,0.017782190816808537,-0.0065340826930677795,-0.05479644857470622,-0.47371039110022845,0.0022268709089682164,-0.12725169425351623,0.045075337645686525,-0.3903810744893139,0.19359509509991998,-0.02728350669507293,0.10900870504082597,0.11305370518542797,-0.0668234795098956,0.18452565721612216,-0.1453250171112375,-0.17685982281434065,-0.08170013399785989,-0.2558125186777592,-0.06400470438529687,-0.1443455795166437,-0.07413070093412896,-0.056554808980748654,-0.2006246806705677,-0.24548986339930398,-0.16922098078721332,-0.12536222802772504,0.13365659915359626,0.0662836320168124,-0.017257767537813426,-0.1480551030048297,-0.11839048325990764,-0.17704105732987574,-0.2691853122921346,-0.20502443773919582,0.12606402976873318,-0.18364647701310094,0.47819112529281904,0.13040980208805297,,0.3564825079772107,0.232182622694803,-0.12312571698495176,-0.1976902239403083,,,0.23235614510329403,0.2113406534082693,0.02093644259782326,-0.22349107805616342,-0.13655635140215747,-0.30716743948406006,0.21127895655191695,0.1471952030694186,-0.036372224846480866,-0.12253574079608225,-0.17026597129168153,-0.18214647219303404,0.26519429689684093,-0.2868884540117417,0.19739330781911252,-0.06272063856246325,0.01918965035234689,-0.34030636345232473,-0.18606036651788727,-0.2447726374442077,-0.4460509191867583,-0.3821059836310528
#11,0.43466784918974677,1.0,0.44477070941744673,0.28131260061889657,-0.06986204968524963,0.03799947943277453,0.19546913711162311,0.13998438298323582,0.18924546672707818,0.5235807313005505,0.09334155958084699,-0.04170514686743852,0.1613276392276325,-0.29338590419635024,0.013386289801702448,-0.030526447707094173,0.43768328304396864,0.23013891432813088,-0.0354004993589311,0.05371289753501778,0.07618597746136717,0.06445971870089556,0.2781082201420956,0.18743312157172742,0.2676043303481052,0.15255897351855244,0.20878794597669015,-0.015858020109319117,-0.10147783251231528,-0.10467835693559427,-0.10473234168490259,0.2098946333375107,0.03423597119528019,-0.02309197651663405,-0.3266173734491435,0.027881194990986475,0.03479509895597351,0.07386077718758736,0.047296424474371705,0.07465512421312408,,,-0.07489034347796747,-0.011003248725092304,-0.040972496698254174,0.0344403420319474,0.05827075279804884,-0.1732775490923814,0.018194788543664984,0.01595442144736969,0.15211938341704184,-0.14803196668369756,0.1594458851088853,0.07335949022972439,0.12848563138056357,-0.04066401241649234,-0.09962307076822226,0.02330405946034531,-0.07484792688922522,-0.1270935960591133,-0.19307067182092488,-0.10237243692942458,-0.11181591200485863,-0.5591952416299538,0.006456961622627322,-0.0900754822476936,-0.42905343526168144,-0.498743890565201,-0.10326318529301187,-0.08949707421939017,0.1383995449856844,-0.01851869703951491,-0.027688392314885332,-0.2447687813906857,-0.2939527440640876,-0.31302092873049076,-0.19439715423250076,-0.16403844485361457,-0.11798945369361727,0.005049502087088969,0.13031340075000242,0.015584240309255492,,-0.07428879912853191,-0.17347806387552658,-0.08047776503137864,-0.04398021844543202,,,0.016818177436302817,-0.0625933887962365,0.12753704221414594,-0.1724484975851465,-0.19977634889572268,-0.20902702129505557,0.1045318269017574,0.24007596425438385,0.1162773659298391,0.142544802521859,0.07765127779973587,0.06350727348095592,0.020385026944173986,0.06997773129091031,0.16366055160845633,-0.08557932384101491,0.1632865144168201,0.11835192272468742,-0.13085710429660763,-0.33154540985028874,-0.3470775934369969,-0.32667907030549587
#12,0.4848890902605728,0.44477070941744673,1.0,0.6849411469831201,0.025567562877772742,0.2486248349127086,0.47015125369940136,0.08953949080813242,-0.010205045646033566,0.608760953602036,0.10465136456094011,0.11129534477938553,0.3015453134489507,-0.1752634166562232,-0.12560130334609043,0.021827190961410545,0.6849912756789064,0.5108904591595731,-0.20567225473089568,-0.2004858627437749,-0.11234419133737576,0.040825966664417304,-0.07120010025739157,-0.08439165935623187,-0.10682617874736101,-0.09218088747071809,0.4619108673228384,0.2050013014180637,0.1330396305900726,-0.06898286948222841,-0.0013245543848148613,-0.16479423134393106,-0.07795976208149769,-0.2484590246112616,-0.10322462475779164,-0.35831027734664955,-0.1397298834507823,-0.24071606913903965,-0.04311260640297687,-0.42489275351141875,,,-0.24673922474043938,-0.08760760799359896,-0.04397636239191,-0.13018229493025363,0.24375463931439367,-0.09262818967927275,0.17952435579805848,-0.02926551820539269,0.2486749636084949,0.008273162831500102,0.2509384670259223,0.18212719192542393,-0.09479914781217164,0.390905497768309,-0.16110398812335516,-0.1772030115778007,-0.04500592868229011,-0.21815815603520577,-0.26870330560188177,-0.09055363288442443,-0.14229415904292753,-0.179778855330512,0.2916429680043959,0.34872027223737867,-0.3999363751168866,-0.24028033509105107,-0.20378664455862647,-0.32975234496254807,0.18929559542286448,0.3066738646332411,-0.17716059498905845,-0.058660214203773146,-0.24009138846847194,-0.03356887393597023,-0.3212497469464876,-0.14523632788023097,0.13268101761252446,-0.22026741731175228,0.09875545872576712,-0.10887759922107719,,-0.14456923062092103,0.1530255559947172,-0.007983958817348384,0.07874639699999036,,,0.10581974877811304,0.05288770208130489,0.30666229647267507,-0.06728620593253834,-0.05854453259811246,-0.10140456749539684,0.33134875112066553,0.08556389962692681,0.4404056568305168,0.3211109290196948,0.2639912081979698,0.2064704578099544,0.40063817685789477,0.046883826747515255,0.27466862040045115,0.3220556621325904,0.2284075462967426,0.14517463102387862,-0.1825436457058024,-0.15013737190672208,-0.2071452671763084,-0.17566830227603558
#13,0.616673575429227,0.28131260061889657,0.6849411469831201,1.0,0.190899713688026,0.42408683832531596,0.40270502154569904,0.21059643507851888,0.1436052172404153,0.6669950738916256,0.12068869115903329,0.1403699883354381,0.3487087040768126,-0.02644674308079396,0.13210260958422104,0.13555377748643152,0.5512324911069766,0.18472617199926736,-0.21336893756085334,-0.1416694783723598,0.0943904061388372,0.09016417147870012,-0.06492630117706034,-0.08212044383176038,-0.12020282841525841,-0.1705320389847011,0.23631245601688952,-0.11033518745240184,0.15231989820018701,0.21906047255935912,-0.14964765310942515,-0.28388073226456384,-0.26240251414689636,-0.22392295605062998,-0.10583131693867912,-0.24570580239653728,-0.029446752720927765,-0.09048807997455005,0.10676448189100865,-0.26833312446376756,,,-0.13151263339535152,-0.019930012628575286,0.20656685914800496,0.07801374683080602,-0.09394310393028255,-0.4119441257844659,-0.012911995218493632,-0.053951972853383205,0.0830150482488697,-0.19769793604735234,0.17251019444149884,0.014404287931516489,0.13604735233725043,0.16715413609940907,-0.032223111256784245,0.15933020350322463,-0.18871333134103901,0.1168827663327967,-0.2779154174659944,-0.2601158744083368,0.06449442318259377,-0.10994572604667753,0.07860372301967551,0.09734414313670674,-0.2905632730182295,-0.19856554808980748,-0.21127124444487289,-0.23534073052933974,0.08310373747987622,0.07919755526206704,-0.1348442636383793,-0.15505769620082327,-0.20076735465088255,-0.07089932808267378,-0.4889803630474391,-0.193764761454889,0.08889167381643258,-0.1480705272189178,0.28605554645098474,0.04128869308706005,,0.13295094135906607,0.3464529127664292,-0.16601660031041232,-0.1104123085228423,,,0.27453365852718037,0.2574436293175749,0.1951490846692952,0.15550499840937793,0.0017911368609796305,-0.01718835857441701,0.14456151851387697,0.07324766467758573,0.05995970424069486,-0.022482720060154435,-0.08644693588347006,-0.04344422700587084,0.34509943798019915,-0.08665901882718133,0.10848813781535288,-0.01028987882351807,0.026693530506203426,-0.1798135598122102,-0.33360839848457097,-0.3402215302748402,-0.2607366990253825,-0.05646997580326415
#17,0.2735272285579324,-0.06986204968524963,0.025567562877772742,0.190899713688026,1.0,0.5866966153490211,0.2131761348847522,-0.18759121976613036,0.008994244840118381,0.2733652743100074,0.0678838942284519,0.6904977201083551,0.32600811699266385,0.18314519005523797,0.044211581656753395,-0.07714999084187288,0.07453558655394137,-0.2850375483211707,-0.22683042040623524,-0.05916535721515814,0.2685220710863467,0.014689635892146183,-0.470097268950093,-0.008234602296279873,-0.332266491858907,-0.27857480261826034,-0.2769706843530988,-0.15467980295566502,-0.2558125186777592,0.29660570888723936,-0.040494346061523336,-0.23799369535249149,-0.3455158917605776,-0.14806281511187375,0.3680583806503234,0.07401116327494625,0.06610239750127732,0.07065254065726433,0.2271080562598209,-0.21749491482941782,,,0.1032014884366595,0.2707315897544658,0.039160151542903414,0.049594632373497344,-0.24553227998804622,-0.21448333702871797,-0.12145218975639382,-0.15427877338937465,-0.35818688363394485,-0.22909006777014065,-0.057769465840185864,-0.38512912959231876,0.10326704134653389,-0.08320399487144882,0.3380929887306836,0.16083020832329153,0.053119065292626264,0.10693800429949968,0.01286957862975138,0.09733643102966269,0.1456604937676535,0.10292385258307385,-0.2532251067644819,0.06251241167227402,0.18465676303587095,0.18461049039360666,-0.06268207802724302,-0.17668630040584962,-0.1620063046475085,-0.06964611068801635,0.11042002062988635,0.3327523546026819,0.1950989559735089,0.34504930928441285,-0.12994707566541022,0.2461184001233937,-0.02366652849141546,-0.32805953746638006,0.3484542045443591,0.12296376273702679,,0.47168210694764445,0.5989665776560978,0.038624160103342235,0.31151706785690186,,,0.49724002969161213,0.4000096401338051,0.33121378924739475,-0.007120202828415258,-0.11978251858135791,0.1046166600792419,-0.14284943075009882,-0.3298371781400326,-0.3599182516653331,-0.28290515072349204,-0.23721091648752085,-0.3041828540580143,0.0533118679687274,-0.2456248252725748,-0.1536502366652849,-0.08682482912862831,-0.37972294255444267,-0.27363905411007106,-0.0425611907493276,0.06602527643083686,-0.010980112403960168,0.10925934851975745
#18,0.41333616110591614,0.03799947943277453,0.2486248349127086,0.42408683832531596,0.5866966153490211,1.0,0.40435155639960285,-0.1212131144380284,0.06455997609246816,0.3734375753135454,0.18859764973537832,0.5842171729343604,0.5711721438693569,0.2813164566724186,-0.1680525965700404,-0.01423076552302546,0.24301813309168732,-0.11815912004858628,-0.4103400075193044,-0.27807351566039734,0.11048557353976073,0.06085816471132619,-0.4377951085961073,-0.08681711702158426,-0.34312513857692345,-0.2174062255984113,-0.1396990350226061,-0.05745712550490201,-0.07610885639092671,0.41224104190566163,-0.02561383552003702,-0.1246334339120627,-0.24846673671830566,-0.19692672534294775,0.3472086992567457,-0.16115411681914146,0.16871583777582833,-0.02708299191192774,0.2035205768656069,-0.28462495059431425,,,0.1219033480184705,0.13526842952580181,0.2887085112741365,-0.004471094058785536,-0.14427231449972525,-0.1536810850934611,0.059577954942014594,0.12683138441961575,-0.10639815680641647,-0.09877088293985521,0.07023994293040788,-0.15698572296183472,0.04794424146607155,0.014535393751265268,0.22657977692730374,0.10516421967936915,0.07228365129708,0.12105116019010344,0.11354342398272488,0.09145980546209981,-0.08347777467151245,0.12153702293387832,-0.1631708328111594,0.10683003480088303,-0.043664022056626145,0.14592656146067307,-0.3074797798193439,-0.2842123528674578,-0.3119142413696702,0.02958557064772059,-0.16607444111324265,-0.023400460798395882,0.03723983688893602,0.2695477813232048,-0.14998312976584116,0.1425139540936828,-0.09770275611425487,-0.21250518157192022,0.6258394146510754,0.2507803688315194,,0.4595355383532723,0.49611791811670347,0.09354978647103622,0.17787010883711066,,,0.5680256041953863,0.4193284682791397,0.37537717023512285,0.15179547492119191,-0.11930436794462707,0.176242854250817,-0.19239586245457088,-0.16221838759121976,-0.20680207841284837,-0.1738482450136408,-0.1647672389692769,-0.3266173734491435,0.22174042975716504,-0.011473687254779097,-0.022652386415123443,-0.19421591971696567,-0.283067104971417,-0.30028052789372717,0.012537958026857412,0.0713736226658826,-0.0464866532347469,0.06281703990051382
#26,0.30907232992393935,0.19546913711162311,0.47015125369940136,0.40270502154569904,0.2131761348847522,0.40435155639960285,1.0,0.18574802618260342,0.20954373246700664,0.46712425168461336,0.09183769870725805,0.2709552408587431,0.2780580914463093,0.31522273529156586,-0.11074778517925829,0.2248021362536512,0.35140022943518456,0.28868537495300434,-0.22849623552774911,-0.1848688459795822,-0.15666952657302882,0.1125871227092632,-0.2830863852390271,-0.17937396971069958,-0.22185996741634773,-0.37453269451379984,0.13578514069775288,-0.04984141979890681,0.22604378548774257,0.37806483953997283,0.13797537909826188,-0.018800188946622578,-0.22059903791464625,-0.15099727184213316,0.16012840658228336,-0.07972197854106215,-0.08373613025748797,-0.1745423346476049,-0.13254605573925365,-0.3268872971956851,,,0.02359711952801905,0.15523507466283631,0.32132301196340607,-0.03372697213037317,0.045827268082480985,-0.07670654468684025,0.11931979215871516,0.03155215794395226,-0.08788138779366257,0.015962133554413734,-0.19059508545978618,-0.23343584008946044,-0.20370952348818602,-0.0948762688826121,-0.10213336161105917,-0.15969267253429478,-0.07418854173695931,-0.02655085652588858,-0.2757174669584414,-0.15816953139309572,-0.1480049743090434,-0.07448160180463305,0.2787598931873174,0.3050311858328594,-0.07773225492369834,0.20333163024302778,-0.23182400971725486,-0.23357080196273125,-0.002211446694880125,0.25167111719510665,-0.048703884009910055,-0.06543915629548938,-0.007471103698919341,0.0759546142500458,-0.0826602913248436,-0.24818138875767595,0.12525811458263042,-0.10580818061754697,0.15426720522880857,0.19477119142413696,,0.3162060289396817,0.33716367983187606,-0.10592771827672968,-0.020816904938640548,,,0.3192600233291238,0.34615985269875543,0.32135771644510425,0.2336479230331717,0.14581473590853442,0.05981317420685799,-0.05549053820867034,-0.13483655153133525,0.18656550952927226,0.1215832955761426,-0.017061108808190256,-0.11097529233705763,0.3043679446270714,0.09068088265065119,0.1700268959733161,0.17222484648086916,-0.2022056626145971,-0.15776078971976132,-0.3031031590718479,0.026014865086327398,-0.106991989048808,0.030206395264766275
#49,0.5140909835828521,0.13998438298323582,0.08953949080813242,0.21059643507851888,-0.18759121976613036,-0.1212131144380284,0.18574802618260342,1.0,0.4288953370672785,0.3272497662267552,0.07092632045732795,-0.15161809645917884,-0.1170023039919794,0.13268487366604648,0.2214820741711895,0.18024929386019878,0.04114216305322318,0.11979023068840196,0.1068068984797509,0.29532549911792777,0.14204351556399603,0.08884925722769033,0.25474053579863687,-0.12192648433960264,0.18071202028284153,-0.0455264959077632,0.16255772030115778,-0.260995054611358,0.3632845863900591,0.31344123856439127,-0.15189958836628653,-0.09543154058978338,-0.24021478218117667,-0.13639825320775453,-0.2041761059643508,0.02767682415431926,-0.148776185013448,0.07350987631708328,-0.2153008203753868,0.019945436842663377,,,-0.14803196668369756,0.004899115999730076,0.05115633404991661,0.02893389760249872,0.12093933463796477,-0.3067934022924238,0.037987911272208456,-0.29981780147108444,-0.024738511370537824,-0.3449220595181861,-0.18736756866185303,-0.22451678829302152,0.13652550297398128,-0.18927245910173232,-0.2704848023290563,0.0708337751727994,-0.39180010218541833,-0.11011539240164653,-0.18001407459535537,-0.3935546065379387,0.14725689992577096,-0.22974559686888454,0.14691371116231094,-0.10195598314904611,0.008570078952695863,-0.18655779742222822,0.10587758958094338,0.07993020543125139,0.24053097856998254,-0.036607444111324265,0.2714912322983043,-0.13109617961497305,0.004633048306710497,-0.35581541071790074,-0.027788649706457925,-0.5060395438288684,0.25053358140610993,0.13845352973499273,0.15890989366932412,0.003923534458658286,,0.35016629230813723,0.09153307047901825,-0.39379368185630415,-0.5340691968804527,,,-0.20125707344817947,0.1468944308947008,-0.38350958711306915,-0.16644462225135684,0.152316042146665,-0.4633337510724649,0.013328448998872105,0.14926204775722288,-0.0295200177378462,-0.06401627254586294,-0.11124907213712126,-0.1616862522051806,0.12363471604985878,-0.07573867525281251,0.05894556216440284,0.007151051256591441,0.09024514860266261,-0.299243249496303,-0.3092497083859524,-0.13007046937811498,-0.4557913103833881,-0.29873039437787396
#50,0.24412096439898587,0.18924546672707818,-0.010205045646033566,0.1436052172404153,0.008994244840118381,0.06455997609246816,0.20954373246700664,0.4288953370672785,1.0,0.3861972564179191,0.044720580721660415,0.07436977625249439,0.27191925423924884,0.26389480685991923,-0.061625519362208746,-0.25444747573096316,-0.10112693164181119,-0.1239933290274069,0.07872711673238024,0.2115565924055026,-0.024981442742425263,-0.26483953997281484,-0.1074817078461049,-0.23354380958807708,-0.08907676438548967,-0.025116404615696065,0.05068975157375184,-0.067398031484677,0.17179682453992462,0.3128127018403015,0.13732756210656205,0.11107554972863024,-0.07715384689539491,0.11834806667116539,-0.046043207079714266,0.28419307259984766,-0.05480030462822824,0.18327629587498676,-0.06198413233975687,0.0767296810079724,,,0.08059344663703932,-0.24736776146452913,0.2749231199329047,0.04350206780870119,0.03410486537553141,-0.16512585194682503,0.25675339573713285,-0.015356733151456142,-0.10610895279226476,-0.08651634484686647,-0.2468934668813203,-0.3022124107082606,-0.027511013852872277,-0.25387677980970375,-0.04965632922984971,-0.07094174467141603,-0.006769301957911176,0.19080716840349743,-0.15287902596088035,-0.09261276546518465,-0.047601052702611515,-0.1804073920546017,0.09991227478237398,0.006537938746589803,0.06294043361321855,-0.095365987679909,0.06681191134932953,-0.029095851850423685,0.03870513722730472,0.04566531383455602,0.06649185890700163,-0.028293792717842922,0.13940211890141035,0.0005957602691525358,-0.11372080244473794,-0.2139512016426788,-0.0693337703527325,-0.12222725651432041,0.0693183461386444,0.005126623157529426,,0.30696692470091486,0.15338802502578736,-0.11353571187568083,-0.10644057339515872,,,0.006522514532501711,0.044358111690590264,0.01850327282542682,0.23343584008946044,0.31251578571910577,0.028814359943316013,-0.35591181205595135,-0.15432890208516095,-0.1777081545891857,0.0007731387311655886,-0.1694831924267109,-0.1923804382404828,0.009854144775529485,-0.05159592415142722,-0.32998370817386946,-0.24219679369149644,-0.1565499889138461,-0.31335254933338474,-0.1495512517713746,-0.103791464625529,-0.019035408211465977,0.17771201064270772
#51,0.6913923245254644,0.5235807313005505,0.608760953602036,0.6669950738916256,0.2733652743100074,0.3734375753135454,0.46712425168461336,0.3272497662267552,0.3861972564179191,1.0,0.15754870677605004,0.2227931323686773,0.4248310566550664,0.003803996799475577,0.05773476135848766,0.0940703536965093,0.45181957525570454,0.06852399911310769,-0.0755690088978435,0.08052403767364291,0.11118351922724687,0.08020398523131501,-0.06108181581560352,-0.08755747929781266,-0.1007760307713071,-0.21367356578909316,0.19039842673016302,-0.18266703941850712,-0.03319483674433401,0.1870128117378269,-0.16651403121475325,-0.12922213760326992,-0.2858820240424937,-0.2557315415537968,-0.1678366575728071,-0.11746117436110014,-0.14093297214965345,-0.04226813068165386,0.10088400026992375,-0.24450271369766613,,,-0.14634687129457358,-0.0540522302449558,0.13374528838460278,-0.01929761985096353,-0.10601640750773621,-0.48477726470843413,0.0811795667723868,-0.13263088891673816,-0.0312051131269702,-0.35824858049029723,0.105476560014653,-0.11990591229406264,0.10297783733238218,0.05707152015269972,-0.04364859784253806,0.06168721621856112,-0.026932605824568846,0.048341414978839904,-0.2843473147407286,-0.08818601602190239,-0.08964360425322704,-0.26628170399005135,0.07609343217683862,0.18265161520441903,-0.3370364300656493,-0.2629423616399796,-0.12113599336758794,-0.15886747708058188,0.04920902702129506,0.011897853142201613,-0.11766168914424532,-0.1876876211041809,-0.13424271928894374,-0.08344692624333626,-0.36804681248975735,-0.19263879382645832,0.0076831866426306,-0.15199213365081507,0.3327022259068956,0.030846500149422074,,0.28753627100344153,0.2725015183210743,-0.1289984864989926,-0.05037355518494597,,,0.19754369390647142,0.2716917470814495,0.28373034617720494,0.004108625027715385,0.04630541871921182,-0.07376051979601476,0.024831056655066373,0.042021343256244396,-0.0652887702081305,-0.17481611444766854,-0.12206530226639546,-0.1796631737248513,0.20093316495232955,-0.1651721245890893,-0.06466794559108481,-0.09324130218927439,-0.029242381884260555,-0.1851194894585137,-0.2970183066140958,-0.23129573038473775,-0.18324544744681057,-0.0741538372552611
#52,0.4009466611396566,0.09334155958084699,0.10465136456094011,0.12068869115903329,0.0678838942284519,0.18859764973537832,0.09183769870725805,0.07092632045732795,0.044720580721660415,0.15754870677605004,1.0,0.27607607993598954,0.28656068946236973,0.22445123538314712,-0.40695053647344626,0.17420685799118893,0.18525830738530652,0.16876982252513664,-0.227967956195232,0.16194460779115613,-0.08628883768906713,0.3029257806098349,0.11299972043611965,0.2590901641714787,-0.06807284085103102,0.06383889408384988,-0.05962422758427887,-0.011404278291382684,-0.2582611126642438,-0.18150636730837824,-0.29298101857653785,-0.19526862232847791,-0.2200167738328208,-0.36573703643006567,-0.20050899906490702,-0.3114206665188513,-0.4032680053599144,-0.21832011028313072,-0.3533128319821079,-0.195789189553951,,,-0.07594690214300175,-0.13743553160517868,-0.29150415007760305,-0.27064290052345924,-0.21021468577983862,-0.17201661959067993,0.17904620516132763,0.18573260196851532,0.21889466225791213,0.052054794520547946,0.16779809703758689,0.35138480522109644,-0.32020861249554144,0.2190566165058371,-0.21543578224865761,-0.04862290688594758,0.06344943267812557,-0.35584240309255494,0.10256909565904775,-0.08674385200466582,-0.42522823016783473,0.0014710844186517308,-0.26303876297803014,-0.1809973682434712,0.07354072474525947,0.07948290322269673,-0.03783752518484956,0.21625326559532645,0.1602710805625982,0.299239393442781,-0.26790124646930097,-0.030904340952252418,-0.10211408134344904,0.06497642987284663,-0.14127616091311349,-0.09358449095273443,0.07537620622174236,0.0036844591402928673,0.23637800892676392,0.4236511042773274,,0.12152159871979024,0.0682232269383899,0.10535316630194827,-0.07015125369940135,,,0.21488436659500834,-0.006426113194451139,0.1269740583999306,-0.13094193747409213,-0.3202317488166736,-0.1791541746599443,0.2977085401945379,0.3371328314036999,0.09847011076513743,-0.11786991603443456,0.09960764655413418,0.1793431212825234,0.06613710198297552,-0.16019781554567977,0.357199733932307,0.12483009264168586,0.25092689886535624,-0.06132860324101298,0.05587614356087262,-0.12253574079608225,-0.1543597505133371,-0.34701204052712253
#53,0.28995401656174985,-0.04170514686743852,0.11129534477938553,0.1403699883354381,0.6904977201083551,0.5842171729343604,0.2709552408587431,-0.15161809645917884,0.07436977625249439,0.2227931323686773,0.27607607993598954,1.0,0.44423857403140754,0.28907483635872866,-0.3226919109637242,-0.2314075559368764,0.10593543038377373,-0.10293542074363993,-0.46296356993435067,-0.20665940443253353,-0.04722315945745327,-0.09334155958084699,-0.46934919456682056,-0.106656512392392,-0.39072426325277393,-0.199660667290062,-0.1005562357205518,0.03938380264718074,-0.23777004424821416,0.22655664060617162,-0.006341280016966636,-0.11047786143271669,-0.1810127924575593,-0.21773784620130526,0.23494355701657138,0.041226996230707684,-0.024819488494500302,-0.13193679928277405,0.05785815507119239,-0.3838566319300512,,,-0.07562299364715182,0.047284856313805634,-0.08157288423163314,-0.32732688729719567,-0.06788003817492987,-0.0447514291498366,0.22496023444805413,0.07194046253361996,-0.1136475374278195,0.03205730095533726,0.029543154058978338,-0.2477533668167314,-0.0945909209219824,-0.09526187423481437,0.24317623128609026,-0.17372870735445808,0.13332883460422432,-0.09821175517916189,0.3372600811699266,0.2665901882718132,0.06026818852245669,0.19498713042137025,-0.23370961988952407,0.09482999624034781,0.20414140148265258,0.10777476791377864,-0.23917750378375252,-0.19963753096892986,-0.19748199705011907,0.09740969604658113,-0.08028110630175547,0.3526380226157539,0.2811583584780157,0.5379715230447398,0.08379397106031831,0.20698716898190547,0.10494056857509182,-0.32043997570686283,0.25970713273500234,0.17122998467218725,,0.5075742531306334,0.4911706014479481,0.27891799138172035,0.3302806242950652,,,0.3894247732158522,0.24411710834546382,0.3156507572325104,-0.14526717630840716,-0.14760780079627506,0.0534121253603,-0.15365794877232897,-0.27653880635863226,-0.07801760288432803,-0.151645088833833,-0.013039244984720389,-0.16927110948299962,0.19865423732081403,-0.1350447784215245,0.042256562521087795,0.06823093904543395,-0.12019126025469233,-0.17394464635169135,0.34137063422440306,0.13456662778479364,0.01772049396045617,0.052463536193882374
#54,0.3445094617913297,0.1613276392276325,0.3015453134489507,0.3487087040768126,0.32600811699266385,0.5711721438693569,0.2780580914463093,-0.1170023039919794,0.27191925423924884,0.4248310566550664,0.28656068946236973,0.44423857403140754,1.0,0.2912188021169734,-0.24965825725661073,-0.25852718035726335,0.15863225781573848,-0.09477986754456152,-0.2622598401665815,-0.2580490297205325,-0.017685789478757964,-0.1679677633925559,-0.24164923409136918,-0.06620265489284992,-0.2010796949861664,-0.10221048268149963,0.17644722508748423,0.07185177330261344,-0.20517482382655472,0.11037760404114409,-0.08544821802126613,-0.13473243808624064,-0.1776233214117012,-0.1841978926667502,0.1149277471971311,-0.09723231758456807,-0.011149778758929174,-0.09593668360116839,0.19108866031060512,-0.2750156652174332,,,0.1004868267571554,-0.11136475374278194,0.1925346803813637,-0.17039707711143032,-0.16273895481669284,-0.27438327243982147,0.12050745664349821,0.2039794472347276,0.09535827557286496,-0.055968688845401175,0.25106571679214906,-0.015780899038878658,-0.0786345714478517,0.23251038724417494,0.309681586380419,-0.018129235633790597,0.26628170399005135,0.08095205961458746,0.18011818804045,0.17985983245447446,-0.16725053743745963,0.1454754031985964,-0.023944164345001108,0.06400856043881889,-0.004405541148911147,0.12667714227873483,-0.28267378751217065,-0.3204168393857307,-0.2172866879392286,0.08737238872875555,-0.26850279081873657,0.03450589494182179,0.08654719327504266,0.3904620516132764,-0.14425689028563715,0.22031754600753858,0.07358699738752374,-0.421734645676882,0.2796082249621625,0.163945899569086,,0.21347305100594796,0.12906789546238903,0.21838951924652714,0.1767634214762901,,,0.16822226292500939,0.042048335630898555,0.331429728244628,0.020319474034299595,-0.06817695429612564,0.012807881773399015,-0.1435859369728052,-0.057306739417543114,-0.14863736708665518,-0.10426961526225983,-0.11924652714179673,-0.14255251462890306,0.03730924585233243,-0.11726837168499898,-0.13562318644982793,-0.16095360203599626,-0.20349744054447474,-0.2350977991574523,0.15097799157452305,-0.15752942650843993,0.11393288538844919,0.10514879546528105
#58,0.04954835973123307,-0.29338590419635024,-0.1752634166562232,-0.02644674308079396,0.18314519005523797,0.2813164566724186,0.31522273529156586,0.13268487366604648,0.26389480685991923,0.003803996799475577,0.22445123538314712,0.28907483635872866,0.2912188021169734,1.0,-0.057522678414776394,0.03244290630753955,-0.10939431039302826,-0.02895703392363086,-0.19303596733922668,0.006422257140929116,-0.11726065957795494,-0.09204978165096932,-0.31325229194181214,-0.20209769311598044,-0.14698312012570736,-0.20983293648115836,-0.10099582582206242,-0.08689038203850269,0.14464249563783946,0.3980237725699633,0.23107979138750445,0.19306681576740284,-0.11979408674192397,-0.03975398378529494,0.24127134084621094,0.10494828068213587,-0.05680545245968014,0.036996905517048574,-0.013382433748180425,0.0022924238188426057,,,-0.0339506232346505,0.0048412751968997325,0.1707325537678463,-0.11955886747708058,-0.147091089624324,-0.03381180530785767,0.03944164345001109,-0.04719231102927709,-0.07904716917470815,0.02484262481563244,-0.18608735889254144,-0.2402379185023088,-0.13891240010411343,-0.04770516614770613,-0.008782161896407122,-0.010999392671570282,-0.08237879941773592,0.08285695005446675,0.00019473070286215574,-0.17856805452459681,-0.1216334242719289,0.34335650178824484,-0.048792573240916584,-0.11022336190026318,0.40512662315752945,0.36570233194836743,-0.02153798694725883,-0.02509712434808595,-0.05437613874080572,0.07945591084804257,-0.06477977114322347,0.05392883653225107,0.0925202201806561,0.18504236838807323,-0.021854183336064703,-0.22301292741943257,0.23251424329769696,0.005631766168914425,0.15933020350322463,0.23005022509712436,,0.3988104074884559,0.3350659867158956,-0.1310537630262308,-0.14873376842470573,,,0.1175729999132388,0.21464914733016494,0.11060511119894344,0.11137632190334802,-0.04329384091851195,0.03934524211196051,-0.1877878784957535,-0.2121504246478941,-0.06890189235826594,-0.09395081603732659,-0.18486113387253816,-0.10404210810446049,0.2285926368657997,0.06878621075260524,0.044662739918830074,0.16666056124859013,-0.17530583324496543,-0.03368455554163092,-0.12463728996558472,-0.002759006295007375,-0.004046928171363018,0.11343159843058621
#101,-0.023323339727955424,0.013386289801702448,-0.12560130334609043,0.13210260958422104,0.044211581656753395,-0.1680525965700404,-0.11074778517925829,0.2214820741711895,-0.061625519362208746,0.05773476135848766,-0.40695053647344626,-0.3226919109637242,-0.24965825725661073,-0.057522678414776394,1.0,0.3372215206347064,-0.03769485120453472,-0.19064521415557248,0.4376755709369246,0.2764424050205817,0.5955231218609315,0.05585300723974049,0.3855995681220055,0.045156314769649,0.445325981124618,-0.04772059036179422,-0.2020012917779299,-0.5134046060559321,0.29549902152641877,0.21631881850520085,-0.036002043708366675,0.04134267783636837,-0.07111526707990706,0.15197670943672698,-0.016120231748816674,0.34833081083165435,0.15181475518880203,0.48415258403786643,0.14942400200514783,0.41719221462793904,,,-0.020894026009081006,0.3394348953563475,0.07987236462842104,0.4206009659414073,-0.22314788929270338,-0.2865876818370239,-0.5449779722942555,-0.49700866648029074,-0.43632209615069456,-0.4631293802357977,-0.3070826063065755,-0.38774353388025024,0.5035986619494278,-0.24664282340238883,-0.10752798048836917,0.3752113599336759,-0.5025266790703055,0.14009620853537447,-0.3497575506348028,-0.410945407922262,0.4902451486026626,-0.081044604899116,-0.016953139309573616,-0.2922213760326993,0.22371858521396276,-0.047207735243365176,0.48764231247529716,0.32563407980102765,0.2565258885793335,-0.2609449259155717,0.380625259078596,-0.20972882303606374,-0.08365129708000348,-0.3961034579159959,-0.17406418401087406,-0.26242179441450647,0.18916063354959367,0.2731724716339063,0.009414554674018876,-0.05990571949138654,,0.006190893929607743,-0.052178188233252674,-0.5227863842750138,-0.41088756711943164,,,-0.26258374866243145,0.04433883142298015,-0.3791252542585291,-0.04510618607386271,-0.008226890189235827,-0.28557353976073185,-0.0377758283284972,-0.03300974617527691,-0.19453597215929358,-0.17832126709918733,-0.2867226437102947,-0.21695892338985664,-0.06890960446530998,-0.07712299846721872,-0.12666943017169077,-0.08092892329345532,-0.1671271437247549,-0.07429265518205393,-0.30346177204939606,-0.2651557363616207,-0.3198654237320814,-0.11596502559455525
#102,0.09855879999614395,-0.030526447707094173,0.021827190961410545,0.13555377748643152,-0.07714999084187288,-0.01423076552302546,0.2248021362536512,0.18024929386019878,-0.25444747573096316,0.0940703536965093,0.17420685799118893,-0.2314075559368764,-0.25852718035726335,0.03244290630753955,0.3372215206347064,1.0,0.11701001609902345,0.17451534227295074,-0.07094560072493807,0.14570676640991778,0.21810417128589746,0.6151157298063297,0.22342938119981107,0.3025594555252427,0.10536859051603636,-0.13789825802782144,-0.30497720108355103,-0.5298082577386174,0.05143011384998024,0.11658970626512297,-0.2755362324429063,-0.18942284518909122,-0.29840648588202406,-0.28371106590959483,-0.2331774845034849,-0.20597688295913547,-0.3965777524992047,-0.04500207262876809,-0.29773553256919205,0.09563205537292857,,,-0.07415769330878312,0.35578070623620256,-0.04846866474506666,-0.036391505114090984,-0.2671955886747708,-0.21049617768694628,-0.3376765349503051,-0.2837766188194692,-0.22436640220566262,-0.2735542209325865,-0.2124511968226119,-0.10078759893187317,-0.1036410785381701,-0.17446906963068648,-0.3070826063065755,0.26695265730288337,-0.35671001513501005,-0.20546402784070644,-0.3828309216931931,-0.4254017525763258,-0.014597090607617633,0.011068801634966693,-0.07904716917470815,-0.046444236646004645,0.06918724031889563,0.1876683408365708,0.09824260360733807,0.4304570387436978,0.29070980305206634,0.10140456749539684,0.046922387282735484,-0.2444294486807477,-0.04969488976506994,-0.2644539346206125,-0.1281887152593678,-0.3449914684815825,0.13751265267561913,0.49480300386569365,0.04942882207205036,0.29173165723540245,,0.02633877358217732,0.011041809260312533,-0.31896310720792803,-0.3498231035446772,,,-0.026219235922994612,0.1522157847550924,0.008882419287979717,-0.0695381411893997,-0.1196475567080871,-0.21335736940028727,0.3109348037750764,0.2570734481794607,0.011400422237860662,-0.23975976786557798,-0.17795108596107315,-0.11441489207870205,0.05879132002352193,-0.1144727328815324,0.3023743649561856,0.1645667241861317,-0.08248291286283053,-0.06495714960523652,-0.39463430152410517,-0.258800960157327,-0.26578427308571045,-0.27250923042811837
#201,0.4356511428378626,0.43768328304396864,0.6849912756789064,0.5512324911069766,0.07453558655394137,0.24301813309168732,0.35140022943518456,0.04114216305322318,-0.10112693164181119,0.45181957525570454,0.18525830738530652,0.10593543038377373,0.15863225781573848,-0.10939431039302826,-0.03769485120453472,0.11701001609902345,1.0,0.34676910915523507,-0.23055536810850935,-0.14536357764645774,-0.017107381450454533,0.14867978367539741,0.04463960359769793,0.06317565287806194,0.05604195386231961,-0.04364088573549401,0.35261103024109974,0.17855648636403074,0.20980208805298217,0.0918801152960003,0.03792235836233407,-0.04039023261642872,0.009075221964080862,-0.13240338175893882,0.014867014354159236,-0.293008010951192,-0.1244329191289175,-0.19811053377420879,-0.08660889013139503,-0.23603482016330388,,,-0.2120308869887114,-0.07078750253053512,0.024125398860536183,0.035415923573019197,0.017300184126555675,-0.07458571524972767,0.051476386492244515,0.13272729025478874,0.22226485303616014,0.027815642081112087,0.3615262259840167,0.2506107024765504,-0.05114090983582852,0.26344364859784253,-0.12230052153123885,0.033757820558549353,-0.20600773138731165,-0.15604484590246112,-0.2478381999942159,-0.22843068261787475,-0.1836387649060569,-0.13340595567466476,0.09984672187249959,0.15566695265730288,-0.36652367134855834,-0.15444458369082162,-0.16976854038734057,-0.31797210145276816,0.14570676640991778,0.16892792071953958,-0.13119643700654565,-0.10548041606817503,-0.27375859176925377,-0.06379647749510763,-0.4579969729979852,-0.1391052027802146,0.03443648597842538,-0.13537639902441845,0.09885186006381769,-0.10841872885195647,,-0.09967319946400856,0.216006478169917,-0.18486113387253816,-0.10883903868585695,,,0.20974424725015184,0.16333278705908438,0.1988354718363491,-0.06555869395467209,-0.17919659124868653,-0.19136629616419076,0.36424859977056484,0.12401260929501702,0.32951326964418265,0.17237908862175008,0.1565615570744122,0.12763729960571854,0.4121137921394349,0.09362305148795465,0.3600956301273462,0.2571042966076369,0.281382009582293,0.20558356549988913,-0.20238304107661015,-0.24885234207050794,-0.3027329779337337,-0.33735648250797723
#202,0.17159630975677942,0.23013891432813088,0.5108904591595731,0.18472617199926736,-0.2850375483211707,-0.11815912004858628,0.28868537495300434,0.11979023068840196,-0.1239933290274069,0.06852399911310769,0.16876982252513664,-0.10293542074363993,-0.09477986754456152,-0.02895703392363086,-0.19064521415557248,0.17451534227295074,0.34676910915523507,1.0,-0.1432003316206029,-0.051495666759854626,-0.24115180318702822,0.2723164277520172,0.09919890488079974,-0.01101096083213635,-0.033738540290939235,0.024271928894373053,0.4012474333143744,0.18349994697926408,0.32673305505480416,-0.025343911773495417,0.1138673324785748,-0.01035543173339246,-0.015865732216363164,-0.18913749722846154,-0.18364647701310094,-0.2726557604619552,-0.33714439956426595,-0.2773832820799553,-0.46954970934996576,-0.2875478391640076,,,-0.20792804604127904,0.019586823865115247,-0.05561007586785305,-0.3193679928277405,0.4545033885070325,0.24465309978502503,0.07887364676621711,-0.09191481977769851,0.284077390994187,0.1424291209161983,0.03393134296704038,0.1857094656473832,-0.4101202124685491,0.2785478102436062,-0.5110292770863659,-0.337148255617788,-0.2130257487973933,-0.4998428658189776,-0.2570001831625423,-0.228476955260139,-0.15253969325094233,-0.14376717148834026,0.4316871198172231,0.31433198692797854,-0.09467189804594488,-0.15308725285106958,-0.10005880481621085,-0.0864199435088159,0.5387774382308427,0.5551155370036536,-0.06803428031581078,-0.07784793652935902,-0.3447485371096951,-0.32351325036391504,-0.07673739311501644,-0.43719742030019376,0.24319551155370037,0.11425293783077708,0.007706322963762737,0.17242150521049232,,-0.10514879546528105,-0.08985183114341627,-0.10741229888270849,-0.0889803630474391,,,-0.15471450743736323,0.007501952127095524,0.12101259965488322,-0.17712203445383823,-0.034991757685596675,-0.2952329538333992,0.36786172192070027,0.17505518976603396,0.6817444786133632,0.5085883952069254,0.5058544532598113,0.4349686213644645,0.5176771133583334,0.21496148766544879,0.4190701126931642,0.5990398426730164,0.24944231825937743,0.2898383349560892,-0.2131067259213558,-0.16027879266964226,-0.2747534535779357,-0.3755506926436139
