,#10,#11,#12,#13,#17,#18,#26,#49,#50,#51,#52,#53,#54,#58,#101,#102,#201,#202,#301,#302,#401,#402,#501,#502,#601,#602,#701,#702,#801,#802,#901,#902,#1001,#1002,#1101,#1102,#1201,#1202,#1301,#1302,#1401,#1402,#1501,#1502,#1601,#1602,#1701,#1702,#1801,#1802,#1901,#1902,#2001,#2002,#2101,#2102,#2201,#2202,#2301,#2302,#2401,#2402,#2501,#2502,#2601,#2602,#2701,#2702,#2801,#2802,#2901,#2902,#3001,#3002,#3101,#3102,#3201,#3202,#3301,#3302,#3401,#3402,#3455,#3501,#3502,#3601,#3602,#3701,#3702,#3801,#3802,#3901,#3902,#4001,#4002,#4101,#4102,#4201,#4202,#4301,#4302,#4401,#4402,#4501,#4502,#4601,#4602,#4701,#4702,#4801,#4802
#10,1.0,0.044300270887759924,0.3102869867833766,0.20910799841901806,0.07126179711374393,0.23492427674896127,0.11698302372436929,0.3812306594815536,-0.0014267411785467172,0.28841930725998477,0.21924556312841623,0.22231112567842443,0.008354139955462582,-0.015530255559947172,-0.23217876664128098,-0.24766082153220287,0.2557392536608408,0.20583806503234264,-0.35810590650998236,-0.2486248349127086,-0.16957959376476145,-0.06314094839636374,0.18275572864951364,0.030730818543761387,0.04232211543096218,-0.05584143907917442,0.27458378722296667,0.11902673209104142,0.13262703286321614,-0.04942496601852834,-0.10959482517617344,-0.033777100826159465,0.03607916477880713,-0.26651306720137274,-0.1928585888772136,-0.2955722865433372,-0.05079386501884646,-0.32665207793084167,0.2243124174563543,0.12559744729256841,0.0895742816406783,-0.05649696817791831,0.15119007451823432,0.016228201247433315,0.1462697502241331,0.048341414978839904,0.15184560361697821,0.2293447883941455,0.3285916728524192,0.17402176742213182,0.17359374548118728,0.1353147021680661,0.2866763710680304,0.1362594352809617,0.022949302536319206,-0.17960918897554298,0.03479509895597351,0.0158888685374953,0.017365737036430066,0.2468741866137102,0.2853267523353224,0.29894247732158524,-0.25966471614626013,-0.12848177532704155,0.181803283429574,0.139845565056443,-0.28119306295971386,0.040239846529069825,-0.3111507427723097,-0.35784755092400683,-0.1309650737952243,-0.008149769118795369,-0.37587845719298585,0.019409445403102195,-0.14828261016262906,0.026327205421611252,-0.10972978704944425,0.08995594458851089,0.11630435830449326,-0.24071992519256166,0.2945697126276113,0.19559253082432784,,0.1479548456132571,0.3179065485428938,0.09026442887027272,0.04664475142914984,,-0.12639565037162717,0.03547376437584954,0.034845227651759805,0.04096478459121013,0.20396402302063954,-0.061459709060761765,-0.048048354911166165,0.18607579073197536,0.09699709831972468,0.13242651808007094,0.3082934071124907,0.1285897448256582,0.19235344586582862,0.16213355441373525,0.051777158666962295,0.1008917123769678,0.20033162060289397,-0.06049183962673402,0.19810667772068677,0.0852052866493787,0.24218522553093036,0.21502704057532318,0.06909469503436708
#11,0.044300270887759924,1.0,0.09984672187249959,0.16828781583488378,0.12059228982098272,0.2585695969460056,0.28223805346418207,-0.010764173406726885,0.18420385432209915,0.3319734317912333,0.0988557161173397,-0.05292626261652512,0.18510020919090356,0.07169367510821051,-0.0324004897187973,-0.12344576942727965,0.2477379426026433,-0.11526322385354709,-0.2083252195540474,0.16438934572411865,-0.042460933357755005,-0.07337491444381249,-0.2302584519873136,0.019714073631342,-0.30811217259695567,-0.07543790307809473,-0.16052943614857373,-0.14492784359846914,-0.16750503696991315,-0.0026394686358246653,-0.05602267359470949,-0.061301610866358824,-0.17529426508439938,-0.20316196388805877,-0.08136851339496592,-0.1495358275572865,-0.13355248570850164,-0.1564805799504497,-0.05009591933136032,0.04384525657216122,0.21765707890178035,-0.03449818283477775,-0.026558568632932624,-0.04559590487115961,0.19741258808672266,0.00400836763614279,-0.31883971349522333,-0.25085001961780773,0.042029055363288444,0.026223091976516635,-0.06007538584635555,-0.010131780629115131,-0.02024620901738116,-0.17748064743138633,-0.136139897621779,-0.13279284316466314,0.1314740728601313,0.25067239933290275,0.13501007393982628,0.2934128965710044,0.0519121205402331,0.21688565837293822,0.09891355692017005,-0.06913711162310933,-0.25582794289184735,-0.041805404259011116,-0.08583382337346843,0.2217211494895549,-0.11793546894430895,-0.04734269711663598,-0.10386472964244743,0.23294997734568557,0.00958036497546586,0.19464779771143223,0.07375666374249275,0.3357099476540734,0.30001060414718556,0.2885966857219978,-0.18255135781284645,-0.10981847628045077,-0.037116443176231285,0.12483394869520789,,-0.4399159380332199,-0.056635786104711136,-0.010714044710940588,0.1879344085295904,,0.07627466669237369,-0.1686425727589099,0.09497652627418468,-0.03748662431434548,0.0015173570609160055,0.16821455081796535,0.09092767007606066,-0.022347758186883632,-0.005789864363317363,-0.0286099891066488,-0.053003383686965576,-0.009800160026221165,0.01678732900812663,-0.04163573790404211,-0.04494423182593774,-0.08634282243837545,-0.2492842200649745,-0.21768386145199695,-0.0829996240347816,0.3498231035446772,0.17473899337722806,0.2301928990774392,0.23337028717958605
#12,0.3102869867833766,0.09984672187249959,1.0,0.6701454696191184,0.17198577116250374,0.4366267243789344,0.3446984084139088,0.11387504458561885,-0.08194314436407302,0.6806686396807188,-0.08156902817811111,0.1738482450136408,0.3564478034955125,-0.1714266434018104,-0.47781708810118284,-0.36361235093943106,0.739176539770372,0.4907464355605256,-0.5082644867110756,-0.30619185794298825,-0.13934813415210204,0.2426788003817493,0.23782788505104452,0.23860680786249314,0.2580297494529224,0.1761040363240242,0.4757155389316804,0.39486952078894855,0.2710477861432717,-0.09882872374268555,0.13866175662518196,0.1094020225000723,0.17327369303885937,-0.3019694793363732,-0.29054013669709733,-0.21539336565991535,-0.2993589311019637,-0.49338397616958923,0.5309843540628344,0.3040324679706554,0.011990409985651398,0.27422517424541853,-0.007305293397472357,-0.10425419104817175,0.3644683948213201,0.11646631255241822,0.24861712280566453,0.4054952671719343,0.2642919803726876,0.4313863476425053,0.3667203300781815,0.5418622810484609,0.45839029045723156,0.297214965343719,0.3048885118525445,0.09334927168789103,-0.06161009514812066,-0.10487501566521744,0.24896416762264661,0.21697049155042272,0.10580818061754697,0.2235180704308176,-0.47555744073727746,-0.3604542431048943,0.1284740632199975,-0.11244444872894836,-0.6224692238728273,-0.19694600561055786,-0.5559600127249766,-0.5001205016725632,-0.47757415672929543,-0.3569182420251993,-0.3912679667993792,-0.1070768222262925,-0.2802406177397742,-0.015757762717746523,-0.13819131809549517,0.051075356925954135,-0.1705474631987892,-0.36689770854019454,0.06943017169078307,0.2607598353465146,,-0.09732486286909663,-0.08496235527749126,0.09384670259223198,0.05254065726432283,,0.20316196388805877,-0.166976757637396,0.15672736737585918,0.08485438577887461,0.13522601293705958,0.05501624362546152,0.1397144592366942,0.3194489699517029,0.2036902432205759,0.48508574899019596,0.5481245119682261,0.4656088226504584,0.5255704549179142,0.5032631852930118,0.4040083676361428,0.26290380110475936,0.2535682955279419,0.19880076735465088,0.35456604937676534,0.13279669921818515,-0.008751313468230939,0.018090675098570368,-0.10814494905189284
#13,0.20910799841901806,0.16828781583488378,0.6701454696191184,1.0,0.07272709745211263,0.24712097403911967,0.015669073486739998,-0.13035967339226667,-0.13909569673658698,0.5917133409811728,-0.09676187905488128,0.08798935729227922,0.24610297590930563,-0.2752778768569308,-0.10077217471778509,-0.286271485448218,0.7179990938274223,0.15221964080861441,-0.3822910742001099,-0.30588722971474847,0.056211620217288615,0.14415663289406458,0.1923650140263947,0.23315049212883074,0.30099775384882343,0.23704896223959587,0.26404519294727813,0.1635872865915379,-0.07692248368407353,-0.18553208718537012,0.010775741567292954,-0.01991073236096517,0.3070556139319214,-0.12380052635130576,-0.1940192609873425,-0.18987785950468994,-0.12522726615445423,-0.33953129669439813,0.4114197025054708,0.2688961082779829,0.07159927081960932,0.09432870928248484,0.04481312600618897,-0.12589821946728622,0.11598044980864335,0.10981076417340672,-0.16390733903386578,-0.035714802150539716,-0.05538642476357572,0.24825465377459438,0.07804073920546017,0.2813164566724186,0.3223795706284403,0.2596801403603482,0.2980131684227777,0.12076966828299576,0.016872162185611137,-0.09343796091889756,0.25274695612775105,0.1517761946535818,0.18636499474612708,0.2449191674780446,-0.3286996423510358,-0.19598584828357418,-0.09793026327205422,-0.15743302517038937,-0.46488774064184013,-0.1958046137680391,-0.3097625635043814,-0.35322414275110137,-0.4211138210598363,-0.2835568237687139,-0.32434230187115,-0.12506531190652925,-0.24323021603539857,0.02728736274859495,-0.043529060183355346,-0.01953669516932895,-0.16769783964601429,-0.07270010507745847,0.019941580789141353,0.13385325788321942,,-0.20542161125196418,-0.1332247211591297,0.11915398185726818,0.08684410939623842,,0.08983255087580616,-0.14377873964890633,0.16074537514580703,0.016432572084100528,0.06675407054649919,0.029014874726461203,0.2147224123470834,0.21142934263927585,0.024819488494500302,0.1553970289107613,0.1698726538324352,0.20534449018152373,0.26631255241822754,0.16154743427838777,0.04460104306247771,-0.12092391042387668,-0.09445981510223361,-0.07029392767971619,0.22452450040006555,0.24718652694899404,0.09990070662180792,-0.10051381913180955,-0.03164084717495879
#17,0.07126179711374393,0.12059228982098272,0.17198577116250374,0.07272709745211263,1.0,0.5450165328294757,-0.19053724465695585,0.02119479818379879,0.27410590082811925,0.22177513423886325,0.16258856872933397,0.556183663829254,0.5804305283757338,-0.13571187568083445,-0.12250103631438404,-0.10394185071288789,0.2933126391794318,-0.04924758755651529,-0.06991989048807998,0.09011404278291382,-0.01288114679031745,-0.1566463902518967,-0.19350254981539144,-0.19343699690551705,-0.1096218175508276,-0.16844977008280876,-0.0851551579535924,-0.2016696711750359,-0.00291324843588829,0.18985086713003577,0.24604513510647527,0.09354593041751419,-0.20331620602893968,-0.20556814128580106,-0.00431685191790462,0.029762949109733643,0.04787868855619716,-0.08522071086346679,0.010721756817984634,-0.20665940443253353,0.20383311369883444,0.12671570281395506,0.12009871497016379,-0.15397414516113483,0.20509770275611425,-0.09571303249689106,-0.16202944096864064,-0.0713852596428273,0.06322578157384824,-0.15125177137458667,-0.0460663434008464,-0.06209210183837351,-0.05389027599703084,-0.3117754234428774,-0.0715587132349397,-0.16686878813877937,-0.03810744893139117,-0.018457000183162542,0.07869626830420406,-0.07520268381325133,-0.18028014228837497,0.10546113580056492,-0.0855600435734048,0.11937763296154551,-0.2676120424551493,-0.2440592675426335,-0.20946275534304415,-0.09930687437941639,-0.2772483202066845,-0.1286938582707528,-0.20505914222089403,-0.20654372282687283,-0.09980816133727936,0.08313458590805241,0.04745837872229666,0.09460634513607048,-0.05268333124463768,-0.054996963357851404,-0.16054871641618385,-0.04837611946053811,0.2209615069457164,0.471265653167266,,0.28957612331659166,0.44445451302864086,0.14543684266337617,0.2555850115199599,,0.07248416608022519,0.24235489188589937,0.4643787415769331,0.33657370364300654,0.2889977152882882,0.08649320852573433,0.2842084968139358,0.009464683369805172,-0.16838421717293436,0.17370557103332596,0.025397896522803737,-0.03353802550779405,-0.09283256051593997,0.21415557247934602,0.02715240087532415,0.05284914154608466,-0.09039167863649948,-0.07286205932538344,-0.047951953573115595,-0.06709725930995922,0.07964100141709966,0.0065880674423761006,-0.10109993926715703
#18,0.23492427674896127,0.2585695969460056,0.4366267243789344,0.24712097403911967,0.5450165328294757,1.0,0.0988210116356415,0.03760230592000617,-0.024395346124529208,0.3172008907483636,-0.014261613951201643,0.44391852158907963,0.5592723627003943,-0.11500101221404953,-0.3316109627601631,-0.26846808633703834,0.5303558173387447,0.23918135983727454,-0.3483462350457424,-0.10310123104508691,-0.15924537032574013,-0.0678684700143638,-0.06301369863013699,0.03181436958344982,-0.10142384776300695,-0.08552919514522861,0.12127481129438077,0.13047921105144938,0.09525030607424831,0.11143416270617836,0.10053309939941966,-0.005473667974511486,-0.20469667318982387,-0.43192233908206645,-0.1824626685818399,-0.18683157722229185,-0.25117754234428774,-0.3935121899491965,0.15553199078403207,0.0963261450068927,-0.054133259554129974,0.23513635969267255,-0.007378558414390792,-0.13665275274020802,0.32824462803543714,0.19477119142413696,0.09448680747688779,0.18325912029846686,0.2760915041500776,0.17773900301736187,0.25409271880693707,0.3261122304377585,0.17980584770516614,0.05414477552948435,0.08795465281058101,-0.05727589098936693,-0.16071067066410882,0.038477630069505366,0.21221983361129051,0.24479191771181785,-0.1540859707132735,0.2063162156690735,-0.18553208718537012,-0.1759922107718855,-0.0484069678887143,-0.11490075482247694,-0.4011356077622357,-0.060703922570445275,-0.40349936857123575,-0.33461868450734095,-0.37812268034280316,-0.20046272642264273,-0.32116491376900314,-0.13975301977191443,-0.16563870706525408,0.007525088448227662,-0.19990359866194943,0.04974887451437826,-0.2591904215630513,-0.27539355846259145,0.2431839433931343,0.510034415277684,,0.21502704057532318,0.225102908428369,0.10035186488388459,0.26503234264891595,,0.331078827374124,0.08109087754138028,0.4696653909556265,0.3081892936673961,0.24259011115074278,0.05960494731666875,0.11053955828906906,0.15657312523497827,0.006252590785960109,0.4016523189341868,0.3919620564333433,0.18033412703768328,0.2943344933627679,0.3600262211639498,0.2889977152882882,-0.005751303828097134,0.0738337848129332,-0.03025266790703055,0.14648954527488842,0.07012040527122516,0.10848813781535288,0.04232597148448421,0.008608639487916092
#26,0.11698302372436929,0.28223805346418207,0.3446984084139088,0.015669073486739998,-0.19053724465695585,0.0988210116356415,1.0,0.2678742540946468,-0.09916429599485582,0.2545438770690137,-0.06436717341636702,0.04918974675368494,0.016313034424917817,0.33223949948425285,-0.2913961805789864,-0.3095890410958904,0.12186478748325026,0.3126353233782885,-0.13558462591460768,-0.07285049116481737,-0.16806416473060645,-0.2003046282282398,-0.02235547029392768,-0.0980806493594131,-0.13954093682820318,-0.26835240473137767,0.03814215341308937,0.020724359654112,0.1493006082924431,0.12421312407816221,0.13953708077468116,0.31272786866281704,0.013432562443966723,-0.066048412751969,-0.07969884221993001,0.05367048094627554,-0.04254576653523951,-0.13343680410284095,0.07607800796275052,-0.009171623302131433,-0.03700272526847108,-0.02193901651354921,-0.0734443234072089,-0.01193255762389982,0.18519275447543213,0.0017757126468915389,0.20214782181176674,0.18707276090814984,0.3502434133785777,0.04661390300097366,0.2328420078470689,0.14156536492726518,-0.00015617016764192686,-0.0537321778026279,-0.06953042908235567,-0.06766409917769658,-0.019501990687630744,-0.037957062844032274,0.07331321758746011,0.25160170823171024,-0.09442896667405744,0.03736708665516277,0.0867554201652319,-0.1539355846259146,0.08419114457308667,0.03326424570773042,0.06789546238901796,0.2553844967368147,-0.028004588703691206,-0.10769764684333819,0.10202539211244252,0.27490769571881657,0.19072619127953497,0.20288432803447312,0.05853682049106842,0.1686117243307337,0.2469783000588048,0.3141931690011857,-0.05189284027262298,-0.24716724668138393,-0.11531720860285541,-0.1303095446964804,,-0.07952531981143898,-0.13840340103920643,-0.20036632508459218,-0.08536338484378163,,0.16039447427530293,-0.30299133351970925,-0.1791580307134663,-0.0495020870889688,-0.22990369506328748,0.12816943499175767,0.013093229734028709,0.0625933887962365,-0.029469889042059903,0.18942670124261324,0.20838691641039978,0.34203001937666894,0.3341559580846982,0.17134566627784795,0.3040825966664417,0.27675088930234354,0.2874899983611773,0.13179026924893716,0.19319792158715163,0.22869675031089431,0.1944549950353311,0.17566444622251356,0.1456296453394773
#49,0.3812306594815536,-0.010764173406726885,0.11387504458561885,-0.13035967339226667,0.02119479818379879,0.03760230592000617,0.2678742540946468,1.0,0.2834375593472626,0.19389201122111574,0.2606094492591557,0.14187770526254903,-0.045946805741663696,0.2101568449770083,-0.3282870446241794,-0.34233850365843077,0.015063673083782403,0.27071230948685565,-0.08253689761213885,-0.17904620516132763,-0.3309014489121109,-0.34615985269875543,0.07204071992519256,-0.02433362575072542,-0.1426296356993435,-0.12784552649590777,0.013019964717110274,0.07651374201073911,0.28572392584809075,0.006680612726904649,0.07776695940539655,0.2913884684719424,0.08955105896869849,-0.1823585551367453,0.07035562453606856,-0.12022596473639054,-0.06700085797190865,-0.2584114987516027,-0.10428889552986996,-0.19409638205778296,-0.0853461148777689,-0.07731194508979784,0.08592636865799698,-0.19302054312513858,-0.01795571322529957,0.0401858617797615,0.3504902008039872,0.31148073562018425,0.491490653890276,-0.03716271581849556,0.1561258230264236,-0.07929781265363964,-0.04331697723964409,-0.1638919148197777,-0.25189091224586196,-0.32581917037008473,-0.2410284094743235,-0.22167102079376863,-0.10502540175257633,-0.007154907310113465,0.05348924643074046,0.07243789343796092,-0.009962114274146125,-0.13418102243259136,0.3763103351874524,0.02386704327456065,-0.04367173416367019,0.2487096680901931,0.009429978888106967,-0.10171305177715867,0.2696094781795571,0.12029922975330898,0.16387263455216758,0.23850269441739852,0.09752923370576383,0.07690705946998544,0.10074518234313093,0.0014248117763874563,0.16898190546884792,-0.1336643112606403,0.17856419847107477,0.119628276440477,,0.12452932046696809,0.21609516740092352,-0.06602913248435888,-0.13202163246025855,,-0.04968332160450387,-0.04558819276411557,-0.0829649195530834,-0.03827325923283815,0.07061012406852207,-0.24601043062477707,-0.2255926272256659,0.150634802811063,0.02663183364985106,0.2986185688257353,0.2222224364474179,0.4174390020533485,0.05918463748276826,0.2943190691486798,0.262175006989097,0.5253660840812471,0.4842335611618289,0.36756094974598247,0.2139473455891568,-0.1478661563822506,-0.005492948242121601,0.0552321826226948,-0.07752017197998708
#50,-0.0014267411785467172,0.18420385432209915,-0.08194314436407302,-0.13909569673658698,0.27410590082811925,-0.024395346124529208,-0.09916429599485582,0.2834375593472626,1.0,0.1996570037086558,0.4761420918534327,0.21721363231925905,0.13201597564520381,0.281131637118152,-0.291839908071731,-0.08404469555949994,0.040550297928641295,-0.11780833274694603,-0.07066417693907531,0.2966021387622856,-0.3731737953919922,-0.31939914916111856,-0.25908270182374626,-0.02388634656893957,-0.31934902041700747,-0.024991106968003444,-0.4483013585855751,-0.21001244542483746,0.004270583392541863,-0.013376662563185303,-0.045526539795977886,0.1655386092551927,-0.20685047848859878,-0.14640485323370941,0.12138675386503077,0.0466795009105332,-0.03191080168395502,0.15533933785720333,-0.2752858543433498,-0.22426636100996702,0.270124782132556,0.012713420718023045,0.14774483312437153,-0.08202219353747899,-0.002539213692089225,0.06371748982244853,-0.10188667240581253,-0.14308878194746502,0.18049239922925803,-0.12737713878630733,-0.13021134085720418,-0.21083378561681165,-0.25484103886049925,-0.5975809024911942,-0.5720711558245029,-0.4907912533055921,0.02898791029655391,0.2877274230260011,0.12717662380986292,-0.029313747133276065,0.05499316031849732,0.13989004452788598,0.24873111616480392,0.18497313774134258,-0.1837951122547317,-0.07140646795764354,0.20560111594306058,0.19787164920685277,0.02903032692618638,0.21163391749396962,0.24507171784469356,0.14294211383280414,0.33381887520753867,0.5020663646733505,0.42910976170550214,0.47675327692586417,0.35042498570865066,0.2686399396913896,-0.010895289729685809,-0.10795996255773437,0.03951494655988509,0.1330744633573959,,0.023670407363537902,0.2776457613738108,0.12724410481155093,0.1776061403856304,,0.12446195951338485,0.13593180177172864,0.11384623393354941,0.26691628210541557,0.10280827008600892,0.045329880876772796,0.2045966130322189,-0.1843465284399538,-0.17687156148154082,0.07205814163108785,-0.17851038580824988,0.07655430437212966,-0.2338775836789608,0.03523472302424494,-0.1424793869640863,0.35870972468731993,0.11074596391313977,0.1945361596948449,-0.12063482270336426,0.11426847220125444,-0.03991983257001322,0.10097664289733409,0.05209918936039107
#51,0.28841930725998477,0.3319734317912333,0.6806686396807188,0.5917133409811728,0.22177513423886325,0.3172008907483636,0.2545438770690137,0.19389201122111574,0.1996570037086558,1.0,0.07796361813501972,0.33610712116684177,0.30413658141575006,-0.092670606268015,-0.2285926368657997,-0.2955877107574253,0.5652453896060078,0.05084784976815478,-0.37545429130556335,-0.13160517867988009,-0.09229656907637877,0.013343873212960196,0.10875806156189448,0.07777081545891856,0.0922001677383282,0.12494191819382452,0.153326328169435,0.05909594825176173,-0.012977548128368021,-0.11797017342600716,0.026072705889157742,0.21380852766236397,0.0798993570030752,-0.2891905179643893,-0.27388969758900256,-0.1847878688556197,-0.1294342205469812,-0.3422922310161665,0.2388188908062044,0.07372581531431656,0.03256633141463865,0.27159920179692093,-0.021248782933107113,-0.1665333114823634,0.35153519130845534,0.1269933386675407,-0.09649195530833968,0.05770396855773608,0.22551936220874746,0.1943393134296704,0.11877223255858792,0.2517366701049811,0.1752788408703113,-0.06939546720908486,0.01271919254239249,-0.13003190884289473,0.09836985337356483,0.06028746879006681,0.3143512671955887,0.3216199280846018,0.09230813723694485,0.3458899289522139,-0.1959395756413099,-0.07297774093104412,-0.20437662074749596,-0.1382645831124136,-0.450373555184946,0.07035176848254654,-0.3883874948184281,-0.35217529619311116,-0.39308802406177396,-0.2749539683610808,-0.23468520143059585,0.04024755863611387,-0.07436206414545034,0.1260833100363433,0.13910905883373662,0.15698572296183472,-0.29579979370113657,-0.2978126536396325,0.015237195492273432,0.20793961420184512,,-0.11246372899655847,0.018846461588886854,0.11146886718787657,0.16876982252513664,,0.20675966182410613,-0.22594352809616997,0.16265412163920837,0.1325190633645995,0.20250257873579286,0.175568044884463,0.2673613989762178,0.0012744256890285636,-0.11431463468712946,0.11640847174958788,0.17441508488137816,0.2705542112924527,0.14537900186054584,0.14827489805558502,0.06418208284730992,0.15261295826786075,0.0018566897708540194,0.00908679012464693,0.030345213191559098,0.20691390396498704,0.09727473417331033,0.06339930398233927,0.07327465705223989
#52,0.21924556312841623,0.0988557161173397,-0.08156902817811111,-0.09676187905488128,0.16258856872933397,-0.014261613951201643,-0.06436717341636702,0.2606094492591557,0.4761420918534327,0.07796361813501972,1.0,0.3024939026153683,0.01973720995247414,0.09403950526833313,-0.1386848929463141,-0.20883036256543241,0.03224624757791638,0.07908958576345039,-0.028706390444699373,-0.09149450994379801,-0.3740352636094589,-0.2644307982994804,-0.1285781766650921,-0.0291151321180338,-0.43703932210579083,-0.14736872547790963,-0.23143840436505259,-0.09631457684632663,0.18120173908013842,0.02227834922348722,-0.13470544571158646,0.11020022557913103,-0.07183249303500333,-0.08655104932856468,0.02760741519092285,-0.06291729729208641,-0.029018730779983227,-0.1681027252658267,-0.04475528520335862,-0.22396922869289426,0.2560672650626016,-0.09833514889186662,0.14045096545940058,-0.12320283805539221,0.14663221925520326,0.25830352925298605,0.14929675223892108,0.10555185481178186,0.38554558337269723,-0.11665525917499735,0.024676814514185456,-0.17008088072262442,-0.1621027059855591,-0.34639507196359887,-0.3662074749597524,-0.47252658266896747,-0.17943181051352994,-0.07388005745519748,-0.011751323108364744,0.06354969006969817,-0.12968100797239066,0.11774652232172983,0.20433420415875372,0.10071047786143272,0.07950218349030684,0.11029662691718162,0.11947403429959608,0.2011105434143426,0.11511669381971022,0.1147619368956841,0.22378028207031514,0.2533369323166206,0.13617845815699922,0.256618433863862,0.04772830246883827,0.1441103602518003,0.15597929299258673,0.15701271533648886,0.20816712135964446,0.08117185466534275,0.18260148650863273,0.09033383783366913,,0.07587749317960533,0.38799032130565975,-0.11705628874128773,0.08969758900253536,,-0.10620921018383735,0.12942650843993714,0.15720166195906798,0.19894729738848776,0.22971860449423037,-0.1564111709870533,0.15419008415836813,0.04649822139531297,0.13626714738800574,0.20503986195328391,0.08287623032207687,0.2110167449124194,0.02909199579690166,0.17173512768357224,-0.11126064029768733,0.2766352076966828,0.2094511871824781,0.16065282986127846,0.05045838836243047,-0.05034656281029181,0.12351132233715403,-0.20641261700712407,-0.16781352125167498
#53,0.22231112567842443,-0.05292626261652512,0.1738482450136408,0.08798935729227922,0.556183663829254,0.44391852158907963,0.04918974675368494,0.14187770526254903,0.21721363231925905,0.33610712116684177,0.3024939026153683,1.0,0.5317748450348491,-0.007887557479297813,-0.005169039746271678,-0.2534641820828473,0.318785728745915,0.07033248821493643,-0.11756143175267272,-0.1568314808209538,-0.04977586688903242,-0.3439734703517685,0.03340691968804527,-0.21181494799147813,-0.03181436958344982,-0.26272642264274626,0.03806888839617094,-0.10244184589282099,0.09705493912255501,0.042364532019704436,0.23934717013872153,0.17785082856950055,0.0012474333143744035,-0.2585850211600937,-0.1745230543799948,-0.059099804305283755,0.07600088689231006,-0.20072879411566233,0.013756470939816644,-0.18959251154406023,-0.027061809705515843,0.23623147889292703,0.1238236626724379,-0.20906943788379784,0.28301312022210867,0.11154984431183905,0.042295123056308025,0.052594692715643106,0.2830169762756307,-0.09420917162330213,0.1196629809221752,0.09551637376726789,0.01380274358208092,-0.2837573385518591,-0.11788148419500062,-0.23484715567852082,-0.14690214300174487,-0.13055247606836784,0.043879961053859426,0.045329837178140035,-0.2568690773427935,0.13740082712348048,-0.0037422999431232108,-0.03934138605843849,-0.0843299624998795,-0.15114380187597004,-0.18057705840957072,-0.08493921895635911,-0.1863341463179509,-0.1894344133496573,-0.17190479403854125,-0.16489063268198162,-0.15671965526881512,-0.05231315010652348,-0.089805558501152,-0.05956638678144853,-0.017053396701146212,-0.038890227796361816,-0.17775442723144996,-0.14221318191896504,0.06679648713524143,0.2153625172317392,,0.37952242777129747,0.3166379069341482,0.05344682984199821,0.11612312378895819,,0.0971860449423038,0.13588154203580347,0.2366479326733055,0.40664590824520647,0.24876365283950141,0.17982127191925423,0.2269268217442858,0.03538121909132099,-0.033437768116221456,0.19355653456469976,0.16670297783733237,0.24637675570936923,0.15030318220816904,0.2903589021815623,0.047805423539278726,0.2243278416704424,0.11085961073139695,-0.002373400942805086,0.2173908013843232,-0.04603935102619224,0.0738839135087195,-0.20696403266077334,-0.06040700644924952
#54,0.008354139955462582,0.18510020919090356,0.3564478034955125,0.24610297590930563,0.5804305283757338,0.5592723627003943,0.016313034424917817,-0.045946805741663696,0.13201597564520381,0.30413658141575006,0.01973720995247414,0.5317748450348491,1.0,0.046070199454368424,-0.12983139405974956,-0.19876606287295268,0.48636595875950756,0.11232491106976565,-0.17234052808652983,-0.0020957650892194386,-0.08660889013139503,-0.07438134441306045,-0.1661168577019849,-0.17606161973528192,-0.06931449008512239,-0.20420309833900493,-0.030996886236780968,0.03345704838383157,0.08645464799051411,0.21243962866204583,0.4345058949418218,-0.05379001860545824,-0.0304801750648299,-0.15759883547183634,-0.0662335033210261,0.022509712434808597,-0.09507678366575728,-0.26637039322105793,0.17169271109483,0.021518706679648714,-0.10143358568019296,0.12769128435502686,0.12779154174659943,-0.2739359702312668,0.2672919900128214,0.10135058274608852,-0.15285203358622618,-0.0036825346635462565,0.009194759623263571,0.0744391852158908,0.14772733845545777,0.27628816287970076,0.0955009495531798,-0.0326704134653389,0.04027455101076803,0.020396595104740053,-0.03774497990032102,-0.06581704954064763,0.08846750792901005,0.16707315897544658,-0.1947094945677846,0.02530920729179721,-0.22834584944039024,-0.16924026105482345,-0.08157674028515516,-0.20041645378037848,-0.3213654285521483,-0.16769012753897025,-0.33006468529783195,-0.21963888058766257,-0.3810417128589745,-0.355518494596705,-0.2519063364599501,-0.1692826776435657,-0.08225154965150916,0.013945417562395765,-0.029604850915330706,-0.027329779337337202,-0.25536521646920457,-0.13534169454272024,0.010933839761695893,0.47406129197073255,,0.1744420772560323,0.09018345174631023,0.07141989530814688,0.10051381913180955,,0.32580374615599667,0.2734539635410139,0.35708019627312426,0.41471662826680034,0.13728128946429777,0.29177407382414466,0.11795860526544108,0.17888039485988066,0.0012628575284624952,0.2063200717225955,0.19483674433401135,0.09357677884569038,0.20272237378654814,0.31763276874283014,0.0900909064617817,0.09434413349657293,-0.04126170071240589,-0.06567437556033277,0.16140476029807294,0.014234621576547483,-0.1619677441122883,-0.08242507206000019,-0.11100614076523382
#58,-0.015530255559947172,0.07169367510821051,-0.1714266434018104,-0.2752778768569308,-0.13571187568083445,-0.11500101221404953,0.33223949948425285,0.2101568449770083,0.281131637118152,-0.092670606268015,0.09403950526833313,-0.007887557479297813,0.046070199454368424,1.0,-0.2860786827721169,-0.12817329104527972,-0.18982001870185958,0.23033557305775404,-0.09429014874726462,0.19477119142413696,-0.24691660320245246,-0.1982802001291778,-0.2109704722701551,-0.2128560824424243,-0.3375338609699903,-0.1687428301504825,-0.22130083965565442,0.03450975099534381,0.2584423471797789,0.17146905999055267,0.18469917962461319,0.08167314162320573,-0.1307838392796892,-0.03601746792245476,0.06903685423153673,-0.024271928894373053,-0.3013987834151138,-0.0978107256128715,-0.2939141835288674,-0.2240270694957246,-0.1322531231654217,-0.12119769022394031,0.05757666316408472,-0.10255367144495965,-0.10151253699401348,-0.13194836744334013,0.24226620265489285,0.12436941413964127,0.11371309033769389,-0.17705648154396383,0.09145594940857779,-0.13741625133756857,-0.18304878871718738,-0.3500891712376968,-0.5301244541274233,-0.3962731242709649,-0.07462041973142587,-0.07838007191539818,-0.14409879209123422,0.17325441277124926,0.01959067991863727,-0.10686859533610327,0.12247404393972988,-0.02918454108143021,0.2314615406861847,0.4249583064212931,0.3449413397857962,0.4195945359721593,0.10959096912265143,0.14417205710815267,0.5176308407160691,0.441786123991401,0.29035119007451826,0.43386579005716597,0.335127683572248,0.2592058457771394,0.3525840378664456,0.33656984758948455,0.16637906934148247,-0.021237214772541042,-0.2690542064723858,-0.10578118824289282,,0.0351807043081758,0.07960244088187944,0.24882534969585376,0.3192176067403816,,0.17732640529050545,-0.01731560834064377,-0.06537745943913702,0.18330714430316292,-0.1676014383079637,0.19920950902798532,-0.12175681798463363,0.06097384631698688,0.09830815651721246,0.18859764973537832,0.16730837824028996,0.007139483096025373,0.005145903425139541,0.14783145190055239,0.09772203638186498,0.3528578176665092,0.33478835086230996,0.23264149306392373,0.16926339737595558,0.27826246228297646,-0.22615561103988124,0.13640210926127655,-0.0762438182641975
#101,-0.23217876664128098,-0.0324004897187973,-0.47781708810118284,-0.10077217471778509,-0.12250103631438404,-0.3316109627601631,-0.2913961805789864,-0.3282870446241794,-0.291839908071731,-0.2285926368657997,-0.1386848929463141,-0.005169039746271678,-0.12983139405974956,-0.2860786827721169,1.0,0.44720773524336516,-0.3813617653013024,-0.5246295778585407,0.7073640982136832,0.11639690358902181,0.5503648790645214,-0.05547125794106022,-0.04199820693511226,-0.07360627765513385,0.04019742994032757,-0.035766824443523276,-0.29881137150183645,-0.48662817039900513,-0.4092294641049618,0.05366662489275351,-0.19820693511225937,-0.024630541871921183,0.12247018788620787,0.5048981519863496,0.2912380823845835,0.286101819093249,0.5879305524760684,0.41468577983862415,-0.3028987882351807,-0.1953148949707422,0.11006922586763992,-0.14399082259261758,0.04704963704896224,0.2083753482498337,-0.2479693058139647,-0.11382105983631052,-0.5380794925433565,-0.5602600525004796,-0.4802541139271013,-0.46654584365630997,-0.5349098165482536,-0.3740622559841131,-0.38231421052124204,-0.05685172510194442,0.09838142153413089,0.18383927968920208,-0.046922387282735484,-0.0885253487318404,-0.35882313246507863,-0.27200794347025536,-0.10080302314596126,-0.2748922715047285,0.35916632122853864,0.24427135048634474,-0.3232741750455496,-0.13461675648057994,0.35104161645763643,0.0643980218445432,0.5354265277202047,0.3873309361533938,0.036302815883084455,-0.07450088207224316,0.03978483221347112,-0.3643951298044017,-0.15371964562868132,-0.3638012975620102,-0.053913412318162976,-0.4232693549786471,0.13672601775712648,0.5744767817377305,-0.28612495541438115,-0.280032390849585,,-0.04322057590159351,-0.15866696229743668,-0.20392931853894133,-0.24454898633993039,,-0.2817676149344953,0.02854058014325239,-0.18914520933550558,-0.2338137333346187,-0.11577993502549816,-0.10431203185100209,-0.007609921625712165,-0.3242728929077536,-0.10655625500081942,-0.567142567938843,-0.5325614799533418,-0.4802541139271013,-0.4884135231797017,-0.5092554924662355,-0.2933203512864759,-0.49780301350582745,-0.4814263541977963,-0.507848032930697,-0.38169724195771837,-0.13393809106070392,0.029099707903945705,-0.22073014373439503,0.03584780156748576
#102,-0.24766082153220287,-0.12344576942727965,-0.36361235093943106,-0.286271485448218,-0.10394185071288789,-0.26846808633703834,-0.3095890410958904,-0.34233850365843077,-0.08404469555949994,-0.2955877107574253,-0.20883036256543241,-0.2534641820828473,-0.19876606287295268,-0.12817329104527972,0.44720773524336516,1.0,-0.4393876587007028,-0.5225048923679061,0.4555715153326328,0.5439098454686551,0.3985867563841786,0.41051738598131743,-0.3609786663838894,0.19185215890796564,-0.24986648414679996,0.1902403285357601,-0.1513751650872914,-0.20528664937869337,-0.4825099052374847,-0.003927390512180309,-0.20747688777920237,-0.2493497729748489,-0.3163062863312543,0.2292982946603299,0.1906490702090945,0.12213471122979187,0.24650786152911802,0.45829003306565896,-0.17552948434924276,-0.03344933627678752,0.2553249740440333,-0.2123162349493411,0.03685808759025575,0.3118139839780976,-0.18120173908013842,-0.29357485081892937,-0.2735272285579324,-0.34101234998748164,-0.38740805722383426,-0.26375213287960436,-0.4022538632836224,-0.24519294727810823,-0.21096276016311105,0.05745712550490201,0.028178111112182238,0.27533186160623907,0.02457270106909084,0.1745230543799948,-0.27841284837033536,-0.4403555281347305,-0.05855610075867853,-0.18761050003374047,0.15919524162995383,0.2798473002805279,-0.30358516576210076,-0.07098801731368032,0.18972361736380902,0.15675435975051333,0.18260148650863273,0.3790442771345666,-0.11891105048538074,-0.2153817974993493,-0.04635940346852014,-0.06679648713524143,-0.10324004897187973,-0.37032188406775085,-0.11995989704337096,-0.2526891153249207,-0.16435464124242044,0.2836262327321103,-0.16863100459834382,-0.05013062381305852,,-0.1480859514330059,-0.25168268535567273,-0.002516074923119933,-0.016232057300955338,,-0.11465011134354545,0.04503292105694427,-0.2647508507418083,-0.2856583729382164,-0.19182516653331147,0.1333095543366142,-0.041608745529387946,-0.42572951712569773,0.0010777669594053965,-0.4365187548803177,-0.3785429901767037,-0.2938023579767287,-0.31141681046532926,-0.41738116125051816,-0.3158397038550895,-0.4884906442501422,-0.3309477215543752,-0.35279226475663483,-0.5040151157298063,0.006129197073255377,-0.06799571978059056,0.06597129168152854,-0.0005340634128001697
#201,0.2557392536608408,0.2477379426026433,0.739176539770372,0.7179990938274223,0.2933126391794318,0.5303558173387447,0.12186478748325026,0.015063673083782403,0.040550297928641295,0.5652453896060078,0.03224624757791638,0.318785728745915,0.48636595875950756,-0.18982001870185958,-0.3813617653013024,-0.4393876587007028,1.0,0.3973528192571313,-0.5880770825099052,-0.30550162436254613,-0.15716695747736978,0.005870841487279843,0.22553093036931351,0.1626425534786423,0.26703749048036785,0.1166822515496515,0.300083869164104,0.21353860391582236,0.18558221588115642,-0.19271977095042078,0.22958364262095957,-0.07409599645243076,0.20559898971397722,-0.3990224904321672,-0.31242709648809924,-0.3446714160392546,-0.33673951394445356,-0.4119325576238998,0.3914916179036565,0.2658999546913711,0.03843717856149643,0.12039948714488156,0.007297581290428311,-0.1760886121099361,0.3415017400441518,0.27281385865635815,0.03451746310238786,0.13869466678369818,0.2147262684006054,0.27837428783511514,0.3232163342427193,0.36098637849093346,0.40678087011847724,0.10758967734472155,0.0949263975783984,-0.07838778402244223,0.056007249380621404,0.01218705715635333,0.3212188985183114,0.22437025825918464,-0.006183181822563697,0.30672784938254943,-0.3854299017670365,-0.2814321382780793,0.022012281530467644,-0.2876480965555802,-0.5468944308947008,-0.20585734529995275,-0.5382645831124137,-0.47959858482835743,-0.39979370113657176,-0.19335987583507658,-0.3522986899058159,-0.09597910018991064,-0.2188908062043901,0.09321816586814224,-0.03960745375145807,0.10822978222937735,-0.22351421437729554,-0.3715442530342321,0.22068772714565277,0.3363230601640751,,-0.15011423558558992,0.03618713427742377,0.13438539326925858,0.17866445586264737,,0.2834912708588395,-0.006965960687534343,0.31582813569452345,0.21123268390965266,0.16613999402311705,0.1840976352751776,0.21758360406042435,0.37507254200688306,0.10962952965787165,0.4750291614047603,0.396627881194991,0.43365756316697673,0.3709812692200168,0.467066410881783,0.13870802926744624,0.10422334261999557,0.10284287545911137,0.18258220624102262,0.4705330029980816,0.23813636933280635,0.08198933801201161,-0.10231845218011626,-0.03601361186893274
