,#10,#11,#12,#13,#17,#18,#26,#49,#50,#51,#52,#53,#54,#58,#101,#102,#201,#202,#301,#302,#401,#402,#501,#502,#601,#602,#701,#702,#801,#802,#901,#902,#1001,#1002,#1101,#1102,#1201,#1202,#1301,#1302,#1401,#1402,#1501,#1502,#1601,#1602,#1701,#1702,#1801,#1802,#1901,#1902,#2001,#2002,#2101,#2102,#2201,#2202,#2301,#2302,#2401,#2402,#2501,#2502,#2601,#2602,#2701,#2702,#2801,#2802,#2901,#2902,#3001,#3002,#3101,#3102,#3201,#3202,#3301,#3302,#3401,#3402,#3455,#3501,#3502,#3601,#3602,#3701,#3702,#3801,#3802,#3901,#3902,#4001,#4002,#4101,#4102,#4201,#4202,#4301,#4302,#4401,#4402,#4501,#4502,#4601,#4602,#4701,#4702,#4801,#4802
#10,1.0,0.5116809501315879,0.7399516065282986,0.7132985645840765,0.23896156478651923,0.47790577733218936,-0.09279399998071973,0.5936760722238825,0.20776223573983207,0.6390386858569597,0.5260563176616891,0.241282909006777,0.37354168875863997,-0.21711702158425958,-0.5140061504053677,-0.17929684864025913,0.5714497797229425,0.48637367086655164,-0.03896349281328025,0.09108191221694158,-0.2195116308214358,-0.11010382424108046,-0.21141777447870977,-0.2985491598623389,-0.18140996597032766,0.28558125186777594,0.20416839385730673,0.31540782586062294,0.034717977885533054,0.3395852814437064,0.3385827075279805,0.12519641772627804,-0.10693800429949968,0.23339342350071818,0.20764655413417138,0.07333249785507023,-0.2218869597910019,-0.04431569510184801,-0.2595683148082095,-0.2013303384650979,0.2435232761030723,-0.0722990755111681,-0.2896571004405541,-0.043833688411595156,-0.23901554953582757,-0.40219987853431405,0.16118882130083967,0.33753771702351226,-0.0363606566859148,0.2735773572537187,0.13924787676052944,0.18617990417706998,0.015160074421832976,0.03519998457578591,-0.44486325470197524,-0.06218079106938004,-0.1159727377015993,-0.1380987728109666,-0.09919890488079974,0.13480184704963705,0.019143377710082617,0.032300232327224704,-0.0922657206482026,-0.1768289743861645,0.25618269981587344,0.36951211282812607,-0.11911927737556997,-0.1571862377449799,0.03062670509866677,0.15230447398609892,0.24474564506955357,0.3471277221327832,0.07815642081112086,0.4303567813521252,-0.029122844225077844,0.22003991015395294,0.0041163371347594305,0.10800227507157799,-0.2867419239779048,-0.1019868315772223,-0.23087927660435928,0.09682357591123365,,0.034170418285405804,-0.01693000298844148,-0.021163949755622607,0.11515139830140843,-0.03190305881445635,0.18600638176857895,-0.11344702264467431,0.037945494683466204,0.052571505692499014,0.024418458928209923,-0.2150810253246315,0.057349156006285366,0.16621325904003548,-0.0015829099707903947,0.2694860844668524,0.13237253333076263,0.3255800950517193,0.4003104123085228,0.31327157220942226,0.40871275293301074,0.4533774208786018,0.2432533523565307,0.15570936924604514,0.2979784639410795,0.2542353927872519,0.04551107169367511,-0.48887239354882245,-0.23129187433121573
#11,0.5116809501315879,1.0,0.27828945465763066,0.3495840282263118,0.1566309660378086,0.11008454397347035,0.38270367192696636,0.41617421649812497,0.3065890314557566,0.4470265007278301,0.4123721477254104,0.004332276131992712,0.09613334233079156,-0.024399178660599808,-0.24510040199357966,0.017631804729449644,-0.0568825735301206,0.14341241456431414,-0.016428716030578504,0.11473880057455198,-0.20142288374962644,-0.018838749481842807,-0.20575323185485814,-0.20756172095668687,-0.3160247944241466,0.516759372620092,-0.08365129708000348,0.3317459246334339,0.11299972043611965,0.184328998486499,0.1758726731127028,0.15434818235277106,-0.009611213403642042,0.4127654651846568,0.0544571158647682,0.15909498423838123,0.0025199309766419558,0.09939556361042291,-0.05243654381922821,-0.21276353715789575,0.001058486691795282,-0.09366932413021893,-0.29554915022220507,-0.1346745972834103,0.03871284933434876,-0.3038319531875102,0.1272786866281704,0.0777592472983525,-0.02608427404972381,0.09562434326588454,0.00753665660879373,0.029620275129418797,-0.10423105472703961,-0.00438240482777901,-0.3894170611088082,-0.05592627225665892,-0.033572729989492255,-0.17215543751747275,0.21478025314991372,0.03128223419741066,-0.023068840195501913,-0.11094444390888146,-0.02357398320688691,0.11725680352443292,0.4180945311520924,0.46858183991593805,-0.05510107680294603,-0.12449461598526987,-0.026782219737209952,-0.03902133361611059,0.07417311752287122,0.241618385663193,-0.1446502077448835,-0.06634532887316476,-0.2485747062169223,-0.14052808652984103,0.020342610355431733,-0.10271948174640665,-0.2246170456845941,0.1315280576094396,-0.12263985424117686,-0.17689452729603886,,-0.03501103795320679,0.05063962287796554,0.19624420386954972,0.10903955346900215,-0.09916420039910154,0.0482218773196572,-0.25881252831789303,0.10985703681567101,0.1487453365852718,0.21070826063065756,-0.02679378789777602,0.13741625133756857,-0.15279419278339584,0.11252928190643287,-0.13097278590226832,-0.11451900552379667,0.03826940317931613,-0.046120328150154724,-0.03633366431126064,0.3392459487337684,7.904909720146916e-05,-0.01109193795609883,-0.02992104730413658,0.34792592521184196,0.14515920680979053,-0.046405676110784416,-0.12688922522244608,0.08620400451158262
#12,0.7399516065282986,0.27828945465763066,1.0,0.7989183769870726,0.07945205479452055,0.5292144254962259,-0.10126574956860401,0.40248908254846577,0.15259367800025064,0.6972573819324612,0.45113319772878446,0.08460374229994312,0.41356752431723753,-0.19542672052288085,-0.45957024283497055,-0.08845208371492197,0.6679436630580432,0.7487202722373787,-0.19052953254991178,0.032574012127288325,-0.33254027165897065,-0.004220450579854048,-0.13871188532096826,-0.23028158830844572,-0.1394792399718508,0.2585503166783955,0.2877020813048885,0.354176587971041,0.15560911185447254,0.3283410293734877,0.4965189476829938,0.05140312147532608,0.05969363654767528,0.09961921471470024,0.22232269383899048,-0.034833659491193734,-0.19713495223313698,-0.20001156816056606,-0.24063509201507716,-0.2889167381643257,0.3476907059469985,-0.13805250016870235,-0.2173368166350149,-0.04185938900831943,-0.48486595393944065,-0.5097490673170544,0.13547665641599105,0.3653822795060395,-0.12985067432735967,0.2554886101819093,0.13723116076851147,0.3054129351315396,0.1008917123769678,0.2339332709938014,-0.4588607289869183,0.08939296077429555,-0.22980343767171488,-0.1915590988402919,-0.07554972863023339,0.024541852640914658,-0.0324351942004955,0.11217452498240675,-0.17825571418931294,-0.1796631737248513,0.23362093065851755,0.23889601187664486,-0.10777862396730066,-0.10039428147262684,-0.10918993955636104,0.047176886815188994,0.331260061889659,0.48786210752605247,0.1027117696393626,0.5270781718450253,-0.060518832001388176,0.20640876095360203,0.05868335052490529,0.23810166485110815,-0.1344046735368687,0.07088004781506367,-0.16058342089788205,-0.04192494191819383,,-0.05095967532029345,-0.151980565490249,-0.08390965266597901,0.11628122198336113,0.05660108162301293,0.2543626425534786,-0.06057667280421852,-0.2102918068502791,0.03285936008791802,-0.10281588308445722,-0.2513240723781246,-0.13251520731107747,0.3796496775375242,0.04168201054630638,0.47398031484677006,0.31541553796766697,0.36476145488899386,0.4126767759536502,0.4964611068801635,0.4598787271167324,0.5612273818360599,0.26932798627244947,0.2956879681489979,0.2711480435348443,0.2169666354969007,0.1332092969450416,-0.40054563157336626,-0.36791185061648657
#13,0.7132985645840765,0.3495840282263118,0.7989183769870726,1.0,0.18430200611184483,0.6404114409107998,-0.1389046879970694,0.4199839973778836,0.02744546094299789,0.6366595008338716,0.26731898238747553,-0.0038348452276517598,0.4762283940501094,-0.3057252754668235,-0.41125003615050176,0.014431280306170649,0.5581232587508315,0.6355913740082713,-0.12888666094685394,0.101936702881436,-0.47889292703382724,-0.2405039861953284,-0.26588838653080504,-0.3077882641011057,-0.3065311906529263,0.27025729517125696,0.23384072570927283,0.4576075115922609,-0.044770709417446715,0.43670384544937485,0.3993965276238034,0.19540744025527074,0.1603559137400827,0.2696865992499976,0.1581656753395737,0.09961921471470024,-0.18209248744372572,-0.04822958942670124,-0.35805577781419606,-0.2838344596222996,0.32966365573154155,0.03774497990032102,-0.21822370894508017,-0.024449307356386108,-0.2674616563677904,-0.38103785680545244,0.3774671512440593,0.5823354188156131,0.10234544455477042,0.3948810889495146,0.3441469927602595,0.359389972332816,0.16625953168229976,0.07709600609256456,-0.5672274011163275,-0.14903454059942353,-0.28341029373487703,-0.27752595606027014,0.028467315126333954,-0.05954325046031639,-0.010205045646033566,-0.11323108364744103,-0.06177976150308966,-0.06636460914077487,0.2725516470168606,0.28481004116337133,-0.1990205624054062,-0.16885079964909913,-0.13016301466264352,0.015225627331707365,0.19671849845275852,0.3212690272140977,-0.06563581502511255,0.2852033586226177,-0.18398195366951695,-0.025116404615696065,-0.1738983737094271,-0.05003422247500795,-0.21567100151350102,0.09193410004530862,-0.07687235498828723,-0.11584163188185052,,-0.048422392102802386,-0.007224316273509876,0.034405637550249196,0.0017564323792814245,-0.06359981876548447,0.23697955327619946,-0.07497517665545197,-0.04726557604619552,0.1212632431338147,-0.03827711528636017,-0.09295981028216671,-0.15167979331553122,0.10278117860275901,0.042086896166118784,0.4256254036806031,0.40843511707942504,0.47580037210916487,0.525196417726278,0.3734375753135454,0.476826082346023,0.4743697762524944,0.39681297176404806,0.39377440158869403,0.39783868200090616,0.15727878302950846,-0.04805221096468819,-0.2703806888839617,-0.29847203879189843
#17,0.23896156478651923,0.1566309660378086,0.07945205479452055,0.18430200611184483,1.0,0.29801702447629974,-0.04197507061398012,0.3493835134431666,0.2433227613199271,0.2504873087638456,0.1918444468009216,0.40337983091205304,0.23840629307934794,0.11176578330907233,-0.027854202616332313,-0.19571592453703257,0.2921326868016928,-0.06821937088486789,-0.10043284200784706,-0.19572363664407663,0.006368272391620796,-0.29160440746917565,-0.14480830593928642,-0.33552485708501634,0.06386203040498202,-0.28134344904707276,0.040178149672717454,-0.056840156941378346,0.05009977538488234,0.004332276131992712,0.15198442154377104,-0.1620217288615966,-0.14648954527488842,-0.27164933049270723,0.36570233194836743,-0.20083290756075695,0.0005610557874543299,-0.20696403266077334,-0.16881609516740093,-0.22293580634899213,0.24418266125533822,0.0755690088978435,0.04423857403140755,-0.02510869250865202,-0.10378760857200697,-0.12024138895047863,0.129233705763836,0.1724832020668447,0.075653842075328,0.15983920256813164,0.22828029653051585,0.1254740535798637,-0.0926359017863168,-0.1308031195472993,-0.07336720233676844,-0.38115739446463515,0.12374268554847541,-0.03907917441894093,-0.18424030925549248,0.011774459429496882,0.11589947268468086,0.11377864324756827,-0.01658681422498144,-0.08681326096806223,-0.2290476511813984,-0.11557556418883094,0.1672968100797239,0.13190209480107584,0.015102233619002632,-0.06233888926378298,0.007717891124328806,0.13183654189120145,0.29181649041288693,0.3729941291585127,0.15578263426296357,0.18830073361418256,0.2196118882130084,0.13420030270020147,0.13107689934736294,-0.3394580316774797,0.1166976757637396,0.34309429014874726,,0.09753308975928586,0.29789748681711703,0.06491087696297225,0.00963434972477418,0.06582861770121369,-0.053832435194200494,0.1358545496611493,0.22235354226716667,0.027534150174004415,-0.0677180839270049,-0.012071375550692643,-0.002624044421736574,0.12377739003017361,-0.29534863543905987,0.06799571978059056,-0.038936500438626086,0.18786114351267197,0.08311530564044228,0.11202028284152583,-0.0032333008782161896,0.16647932673305504,0.05700982329634735,-0.020932586544301236,-0.073968746686204,0.13912833910134673,0.012858010469185312,-0.10392642649879981,0.015765474824790567
#18,0.47790577733218936,0.11008454397347035,0.5292144254962259,0.6404114409107998,0.29801702447629974,1.0,0.026921037664002775,0.2770478054235393,0.11829408192185707,0.5825552138663684,0.17480454628710246,0.23789343796091889,0.4425457665352395,0.12720156555772993,-0.1879883932788987,-0.199660667290062,0.42564854000173524,0.2490991294959174,-0.10323233686483568,0.0012628575284624952,-0.41683745770391295,-0.257790674134557,-0.2994630445470583,-0.2754513992654218,-0.22919032516171325,-0.1380640683292684,0.1530062757271071,0.1741875777235788,-0.06838903723983689,0.3647074701396855,0.2571428571428571,0.034239827248802215,-0.029053435261681432,-0.01361765301302382,0.20376736429101636,-0.10467450088207224,-0.2921018383735166,-0.01844157596907445,-0.46892117262587607,-0.2041799620178728,0.23077130710574262,-0.014971127799253853,-0.08220527700924489,0.10995343815372158,-0.08465387099572942,-0.18766062872952677,0.31919832647277147,0.4743235036102301,0.10207166475470679,0.39537080774681155,0.4198451794510908,0.27403237156931737,0.16164769166996037,-0.14076716184820645,-0.39567543597505134,-0.4358709378886179,-0.12856275245100401,-0.08131067259213558,-0.042900523459265615,-0.18575188223612543,0.1619677441122883,-0.30019183866272064,0.21389336083984845,-0.08821300839655655,-0.12699719472106272,-0.04763961323783174,0.21530467642890883,0.2944887355036488,0.02784649050928827,-0.0019260987342504313,-0.037166571872017586,0.006815574600175451,-0.046216729488205294,0.23652453896060077,0.02360868768858512,0.06444043843328545,-0.15995488417379233,-0.14848312494577426,-0.05122574301331302,-0.1216180000578408,0.114407179971658,0.1788688266993146,,0.16442019415229484,0.009796303972699141,0.0031716040218638234,-0.2285078036883152,-0.16969527537042214,0.11231334290919957,0.16932509423230793,0.01281559388044306,0.1114418748132224,0.08432610644635748,0.16008598999354112,-0.15484175720358997,-0.10367578301986831,-0.11838662720638563,0.2553690725227266,0.22445509143666914,0.3418873453963541,0.4494866628748807,0.20214782181176674,0.23527517761946537,0.31739754947798676,0.36617662653157623,0.24890247076629424,0.20287661592742906,-0.015063673083782403,-0.11600358612977549,-0.023546990832232752,-0.2835221192870157
#26,-0.09279399998071973,0.38270367192696636,-0.10126574956860401,-0.1389046879970694,-0.04197507061398012,0.026921037664002775,1.0,0.06077718758736371,0.12674269518860923,0.27715577492215593,0.2527855166629713,-0.04862290688594758,-0.02438761050003374,0.5410370855947481,0.10135058274608852,0.0780291710448941,-0.33729478565162485,-0.25532665593398435,-0.008963396411942198,0.14674018875381992,-0.11828636981481302,0.06122063374239634,-0.32473947538391834,-0.2273779800063625,-0.4016330386665767,0.0759546142500458,-0.2788871429535442,-0.08331582042358748,0.14919263879382647,0.03936452237957063,-0.00851223814986552,0.003896542084004126,-0.13259232838151794,0.09291739369342447,0.002481370441421727,0.137319849999518,0.0796448574706217,0.12823113184811005,-0.08161144476685336,-0.19415807891413533,-0.1700230399197941,0.09716676467469368,-0.15757955520422623,0.048206453105569105,0.12998178014710846,0.031100999681875584,0.018457000183162542,-0.12883653225106764,-0.017381161250518157,-0.0885600532135386,-0.032701261893515084,-0.21634581087985502,-0.1140022943518456,-0.17112972728061465,-0.12060771403507081,-0.10722720831365139,0.12826583632980826,0.057102368580875904,0.25542305727203496,-0.16814899790809096,-0.017342600715297928,-0.22984585426045714,0.1376746069235441,0.2993704992625298,0.14718749096237455,0.15392016041182652,0.35373699786953045,0.35790539172683716,-0.023068840195501913,-0.12397790481331881,0.005392690850549006,0.05093268294563928,-0.06398542411768675,-0.26627784793652937,-0.006977528848100411,-0.008037943566656705,0.1542710612823306,-0.03613314952811545,0.07350216421003923,0.08577598257063808,0.05834401781496727,-0.11934678453336932,,0.08863331823045704,0.007918405907473995,0.05968978049415326,-0.19453597215929358,-0.12713986870137758,-0.11591104084524693,-0.1554008849642833,0.02703286321614144,0.18520046658247616,0.2847830487887172,0.16309756779424098,0.07701502896860209,-0.26885754774276266,-0.14146896358921462,-0.24954257565095003,-0.2877483539471528,-0.14037770044248213,-0.290648106195714,-0.3309670018219853,0.05173474207822005,-0.286938582707528,-0.12100874360136119,-0.24675464895452748,0.04485554259493122,-0.19259637723771605,0.16089190517964388,0.17044720580721662,-0.003938958672746378
#49,0.5936760722238825,0.41617421649812497,0.40248908254846577,0.4199839973778836,0.3493835134431666,0.2770478054235393,0.06077718758736371,1.0,0.16475952686223286,0.554679802955665,0.3602190238400509,0.3965469040710285,0.5352452932046696,-0.09452151195858599,-0.4657784890054274,-0.24996674153837256,0.4510907811400422,0.3632537379618829,-0.2442983428609989,-0.2692238728273548,-0.3289232934553132,-0.2716300502250971,-0.10015520615426142,-0.2142211253892204,-0.10732746570522399,0.16112326839096527,0.3921124425207022,0.3647383185678617,0.03167169560313497,0.24937290929598102,0.1115074277230968,0.10718479172490915,-0.13662190431203186,0.08994437642794482,0.12676197545621934,-0.17565673411546953,-0.2518099351218995,-0.18393568102725266,-0.2563947827595847,-0.49017959569278824,0.2858087590255753,-0.14852939758803851,-0.25932152738280007,-0.17136494654545806,-0.01771663790693415,-0.4306189929916227,0.277842152449076,0.37039129303114726,0.21074296511235577,0.3714401395891375,0.24809269952666943,0.27364291016359304,0.184837997551406,0.13892782431820153,-0.3395467209084862,-0.17525184849565711,0.04487096680901931,-0.3731946439416579,0.0018913942525522255,-0.10314750368735118,0.25600917740738244,0.021723077516315928,-0.17856034241755275,-0.33783077709118603,0.2012493613411354,0.10763209393346379,-0.25298217539259443,-0.30186150983775656,-0.1450859417928721,-0.2211273172471634,0.09161404760298072,0.11313468230939046,0.2176761493449529,0.2613189631072079,0.08414872798434442,0.03334136677817088,0.13380312918743312,0.11801259001474941,-0.279022104826815,-0.19435088159023647,-0.11917711817840032,-0.060441710930947724,,0.28391929279978406,-0.09561277510531846,0.1916400759642544,0.10467064482855022,-0.005230736602624044,0.1524355798058477,-0.012977548128368021,0.07633636354872606,0.2815362517231739,0.014716628266800343,0.05384785940828859,-0.09541611637569529,0.1890141035157568,-0.0681538179749935,0.3170350804469166,0.25546547386077717,0.3177407382414468,0.34139377054553516,0.3325904003547569,0.32572662508555617,0.4009775095678328,0.054430123490114043,0.09521945764607213,0.2060154434943557,0.18363105279901284,0.03608302083232915,-0.14201652318934188,-0.2439628662045829
#50,0.20776223573983207,0.3065890314557566,0.15259367800025064,0.02744546094299789,0.2433227613199271,0.11829408192185707,0.12674269518860923,0.16475952686223286,1.0,0.21262471923110293,0.3845854260457135,0.16956416955067335,0.022991719125061455,0.40421273847281003,0.13416945427202528,0.09678887142953545,0.2292867264997638,0.00438240482777901,0.05515891760577637,0.12386607926118015,0.020014845806059788,0.10184030154338543,-0.03595962711962442,0.016251337568565453,0.11616168432417842,0.11931593610519314,-0.22135868045848475,-0.08578755073120414,-0.11161925327523546,-0.15034174274338927,0.15635718623774497,-0.05872962316716956,-0.3113049849131906,-0.050419827827210245,0.1093827422324622,-0.07969113011288596,0.006719173262124878,0.1374548118727888,-0.05561007586785305,0.142714468876828,-0.08285695005446675,-0.19026346485689222,0.00156362970318028,0.09070787502530535,-0.09016802753222215,-0.12410129852602354,-0.3087291411604793,-0.10494442462861385,-0.41318191896503526,-0.08515130190007038,-0.18789199194084813,-0.07424252648626763,-0.45091340267802915,-0.27193853450685895,-0.12880182776936944,-0.18967734472154474,0.12639565037162717,0.1729266482218773,-0.27288326761975457,0.04276941763951684,0.09720532520991391,0.23683687929588462,0.16804102840947432,0.36019203146539674,-0.05461135800564912,0.05875661554182372,0.4115970809674838,0.3015337452883846,0.20908486209788593,0.1292529860314461,0.01736959308995209,0.12661158936886044,-0.03000973653514311,0.1900282455920488,-0.1225280286890382,0.05584529513269644,0.12043033557305775,0.010980112403960168,0.33384361774941435,0.12761030723106437,0.018753916304358305,0.23687158377758283,,-0.11685191790462052,0.09724388574513414,-0.006572643228288009,0.16531094251588213,-0.2357880327378944,0.04319743958046138,-0.192083522119287,-0.0014903646862618454,-0.17040478921847435,-0.2254113927101308,-0.14867207156835338,-0.027248802213374723,0.07104585811651065,0.14034299596078392,-0.08974000559127761,-0.2136812778961372,-0.22146279390357937,-0.20161954247924962,-0.07597003846413389,0.0066459082452064435,0.12139049290004145,-0.11842133168808383,-0.14387128493343487,-0.16426980806493593,0.20218638234698696,0.2530361601419028,-0.022174235778392604,0.031031590718479173
#51,0.6390386858569597,0.4470265007278301,0.6972573819324612,0.6366595008338716,0.2504873087638456,0.5825552138663684,0.27715577492215593,0.554679802955665,0.21262471923110293,1.0,0.5443764279448199,0.18624545708694437,0.5793816818177436,0.0851551579535924,-0.3856419847107478,-0.2142905343526168,0.5577607897197613,0.4125688064550336,-0.2409975610461473,-0.023061128088457866,-0.31860835028390194,-0.05475788803948599,-0.19128531904022827,-0.33967397067471294,-0.23947441990494828,0.14689828694822285,0.2980787213326521,0.2986070006651692,0.21390492900041452,0.2771519188686339,0.3600994861808682,0.0060058033605506446,-0.04928614809173551,0.05973219708289551,0.1813289888463652,-0.11447658893505441,-0.25663385807795014,-0.2181504439281617,-0.3455968688845401,-0.45310749713206017,0.31692711094829995,-0.10099196976854038,-0.16848833061802898,-0.03715114765792949,-0.2239769407999383,-0.37038358092410323,0.250888338330136,0.36266761782653545,0.03963444612611223,0.3348037750763981,0.2414140148265258,0.24078162204891404,0.14725689992577096,0.17894980382327708,-0.36116761300646855,-0.09800352828897266,0.027198673517588423,-0.19581232587508315,0.03993136224730799,-0.07800603472376197,0.025818206356704232,-0.08596878524673922,-0.12522726615445423,-0.17074026587489036,0.17679426990446628,0.1627119624420387,0.012275746387359857,0.09270531074971321,-0.20471595345743399,-0.16930581396469782,0.14771191424136967,0.3493719452826005,0.08879912853190403,0.344571158647682,0.043421090684738706,0.14984431183904834,0.062242487925732407,0.1262182719096141,-0.02456113290852477,-0.043930089749645726,0.02346601370827027,-0.03586708183509587,,0.15926850664687225,-0.01638244338831423,-0.02605728167506965,-0.03781824491723945,0.013876008598999354,0.24230861924363511,0.04947123866079261,-0.14523632788023097,0.1736014575882313,0.052023946092371764,-0.09873232240463498,-0.14325817242343325,0.24213124078162204,-0.14118361562858492,0.33540917547935567,0.1932943229252022,0.27556322481756046,0.3244155668880684,0.2965825725661072,0.3766380997368243,0.37678462977066124,0.08103689279207195,0.13650236665284915,0.20373651586284017,0.051094637193564246,0.13706920652058652,-0.2980787213326521,-0.39994023117040867
#52,0.5260563176616891,0.4123721477254104,0.45113319772878446,0.26731898238747553,0.1918444468009216,0.17480454628710246,0.2527855166629713,0.3602190238400509,0.3845854260457135,0.5443764279448199,1.0,0.13392266684661583,0.320806300791455,0.09837756548060887,-0.20377893245158243,-0.016309178371395797,0.261330531267774,0.20820953794838673,-0.08707161655403776,0.09277471971310962,-0.007008377276276595,0.16196388805876624,-0.0677836368368793,-0.19153210646563773,-0.12029537369978695,0.27623417813039247,0.12871699459188493,0.11119123133429092,0.08218214068811275,0.16590091870475163,0.2332738858415355,0.016833601650390908,-0.32170861731560835,0.1118968891288211,0.021780918319146268,-0.03414728196427366,-0.07539163043583046,-0.07677209759671465,-0.12105887229714749,-0.12548176568690775,0.05284142943904061,-0.0741191327735629,-0.06608697328718922,-0.03507659086308118,-0.1391206269943027,-0.17938168181774364,-0.09645339477311946,-0.0641280980980016,-0.3075800372109165,-0.024511004212738472,-0.12722084582534005,-0.05029257806098349,-0.31868932740786443,0.05973219708289551,-0.18273259232838152,0.07331707364098214,0.15367722903993908,0.12870157037779684,-0.15030318220816904,0.14414892078702052,0.1570512758717091,0.24230861924363511,-0.1581309708578755,0.06036073380698524,0.15500756750503697,0.2797663231565654,0.08922329441932654,0.12940722817232703,-0.004312995864382598,0.05761907975282697,0.09421688373034617,0.27072002159389974,0.12560130334609043,0.33992461415364444,-0.027842634455766246,0.20006555290987438,0.3065813193487126,0.2531749780686956,0.07435049598488427,0.024730799263493777,-0.09011404278291382,0.10858839520692547,,-0.10541486315830063,0.004305283757338552,-0.11731078827374124,0.06863196861172433,0.007852852997599608,0.12922213760326992,-0.14762322501036315,-0.12407045009784735,-0.09456392854732824,0.07534150174004416,-0.3569683707209856,-0.029689684092815208,0.19502569095659048,0.009792447919177117,0.017176790413850944,-0.21190749327600666,-0.05944684912226582,-0.058278464905092885,0.023446733440660155,0.355853971253121,0.10929019694793364,-0.10070662180791069,-0.2605361842422373,0.05614992336093625,0.15999730076253457,0.33473822216652366,-0.2951326964418266,-0.17177368821879246
#53,0.241282909006777,0.004332276131992712,0.08460374229994312,-0.0038348452276517598,0.40337983091205304,0.23789343796091889,-0.04862290688594758,0.3965469040710285,0.16956416955067335,0.18624545708694437,0.13392266684661583,1.0,0.3067047130614173,0.1040768125861587,-0.11956657958412463,-0.5753289695660976,0.3597832897920623,-0.04435039958354622,-0.18524673922474044,-0.3008589359220306,-0.01309708578755073,-0.3266906384660619,0.09805365698475894,-0.18397424156247288,0.23789729401444093,-0.4785844427520654,0.19500641068898036,-0.2616814321382781,-0.032369641290621115,-0.2298574224210232,0.16969141931690013,-0.24004897187972968,-0.1983804575207504,-0.5279342157269142,0.22831114495869204,-0.4338310855754678,-0.33116366055160845,-0.32435772608523805,-0.2541814080379436,-0.24309525416212777,0.15335717659761117,-0.28654912130180366,-0.05642370316099987,-0.3104142365496033,0.018553401521213115,-0.052062506627591994,-0.08097519593571958,0.06162166330868672,0.07029392767971619,0.27532414949919504,0.0919109637241765,0.2913460518832001,0.01663694292076774,-0.05111777351469638,0.07714999084187288,-0.3423269354978647,0.4123335871901902,0.14137256225116404,-0.18596010912631467,0.19184830285444363,0.1399303982339275,0.13258461627447388,0.013559812210193478,-0.33508912303702776,-0.4086780484513125,-0.3581945957409889,0.18829687756066055,0.164447186526949,0.08782740304435425,-0.13422343902133363,0.1826978878466833,0.04831827865770777,0.3785352780696596,0.29377922165559656,0.5664137738231807,0.48787753174014054,0.258800960157327,0.34738607771875873,0.020998139454175623,-0.6417764838575959,-0.04290823556630966,0.3627524510040199,,0.4157192021825263,0.17695622415239123,0.10860381942101356,0.07906644944231826,0.1353339824356762,-0.15411681914144967,0.26797836753974147,0.09279785603424176,0.06508054331794125,-0.15810783453674337,-0.10919379560988307,-0.0342706756769784,0.2186864353677229,-0.3889928952213857,0.16172866879392286,-0.020358034569519824,0.052432687765706185,0.26650921114785076,0.3660763691400037,-0.14039312465657022,0.46675021449297716,-0.025162677257960342,-0.05923091012503254,-0.11947403429959608,0.22167487684729065,0.2583690821628604,-0.3052818293117908,-0.06004453741817936
#54,0.37354168875863997,0.09613334233079156,0.41356752431723753,0.4762283940501094,0.23840629307934794,0.4425457665352395,-0.02438761050003374,0.5352452932046696,0.022991719125061455,0.5793816818177436,0.320806300791455,0.3067047130614173,1.0,-0.1901786316794077,-0.24355798058477052,-0.2971185640056684,0.5260100450194248,0.44874630059865234,-0.3959376476145489,-0.41874234814379224,-0.24009910057551598,-0.3582023078480329,-0.004232018740420117,-0.2972535258789392,0.01809453115209239,-0.1014816885658373,0.4787271167323802,0.226622193516046,-0.005982667039418507,0.14522475971966492,0.1973393230698042,-0.05013062381305852,-0.001567485756702303,-0.126198991642004,-0.0156189447909537,-0.3934813415210203,-0.30052345926561463,-0.3926522900137854,-0.38122294737450957,-0.5419933868682097,0.18085083820963435,-0.20206298863428224,-0.0852901198268632,-0.1658122294737451,-0.16386106639160153,-0.21778797489709156,0.2439281617228847,0.42352771056462263,0.3157857191057812,0.5574368812239114,0.2843164663125524,0.34922927130228565,0.2258278464905093,0.13005118911050487,-0.12605246160816713,-0.20807457607511592,0.22981500583228096,-0.1700731686155804,-0.050134479866580546,-0.03529252986031446,0.3262741846856834,0.1327041539336566,-0.3167497324862869,-0.29902345444554773,-0.05263320254885138,-0.08687110177089258,-0.26723414920999106,-0.10566550663723212,-0.3682396151658585,-0.4298554943942622,0.03250074711036989,0.07064482855022028,0.17776213933849402,0.3019077824800208,0.1344895067143532,0.14330830111921952,0.17967088583189536,0.2525850018798261,-0.15183017940289012,-0.25504130797335467,0.13743167555165667,-0.057102368580875904,,0.4684545901497113,0.040151157298063296,0.09416289898103786,0.0774391948560246,0.05582601486508633,0.07477080581878476,0.12303702775394522,-0.15050755304483626,0.25455930128310184,0.009630493671252157,-0.1706670008579719,-0.24437546393143936,0.27851696181543,-0.20593446637039323,0.4161472241234708,0.31962249236019397,0.29032419769986406,0.5126719558867477,0.4105829388911918,0.17834440342031949,0.434201266713582,0.06610625355479934,0.1419548263329895,0.18023386964611068,0.17669015645937167,0.15921452189756394,-0.19289714941243385,-0.3712550490200804
#58,-0.21711702158425958,-0.024399178660599808,-0.19542672052288085,-0.3057252754668235,0.11176578330907233,0.12720156555772993,0.5410370855947481,-0.09452151195858599,0.40421273847281003,0.0851551579535924,0.09837756548060887,0.1040768125861587,-0.1901786316794077,1.0,0.25653360068637754,-0.011354149595596387,-0.08492379474227102,-0.37773321893707884,0.13593167073158977,0.11619638880587663,-0.01606239094598633,0.12039948714488156,-0.1230833003962095,0.010725612871506656,-0.014327166861076032,-0.16902432205759016,-0.24834334300560093,-0.23812480117224027,0.09428629269374258,-0.1368494114698312,-0.09122844225077845,-0.08085180222301486,-0.37069206520586506,-0.1647171102734906,0.05750339814716628,-0.05403294997734569,-0.06007538584635555,0.22687283699497748,-0.03854703903290178,0.07923611579728726,-0.3068628112558202,0.00624102262539404,-0.04423086192436351,0.1993598951153442,0.006996809115710526,0.11616939643122247,-0.20967483828675543,-0.2159563494741307,-0.24427135048634474,-0.19133159168249256,-0.08401376611107363,-0.29353629028370914,-0.21275968110437374,-0.319961825070132,0.008647200023136322,-0.17193564246671744,0.06540059576026916,0.1306488774064184,-0.0911050485380737,-0.21123653996317468,-0.036626724378934376,-0.0381305852525233,0.39244020707007415,0.31457877435338805,-0.10096883344740824,-0.057160209383706244,0.7439156295489381,0.6655876143560873,0.24433690339621914,0.10350611666489931,-0.04563446540637984,0.013467266925664929,-0.07865385171546181,0.06622193516046003,0.07429265518205393,0.0025662036189062305,0.11426064993782113,-0.05741085286263773,0.40064588896493886,0.07959087272131338,0.0658633221829119,0.20749231199329046,,0.004914540213818167,0.05062034261035543,0.01568835375435011,-0.08460374229994312,-0.23612736544783242,-0.056635786104711136,0.05773476135848766,0.10832618356742792,-0.005180607906837747,0.008708896879488687,0.15916439320177764,0.06077718758736371,-0.08421042484069678,-0.04253419837467344,-0.3017342600715298,-0.3796419654304802,-0.26866860112018354,-0.3928682290110187,-0.2735040922368002,-0.14575303905218204,-0.1996298188618858,-0.1720975967146424,-0.25958759507581963,-0.3089682164788447,-0.23776233214117012,0.0754687515062709,0.2258972554539057,0.021796342533234363
#101,-0.5140061504053677,-0.24510040199357966,-0.45957024283497055,-0.41125003615050176,-0.027854202616332313,-0.1879883932788987,0.10135058274608852,-0.4657784890054274,0.13416945427202528,-0.3856419847107478,-0.20377893245158243,-0.11956657958412463,-0.24355798058477052,0.25653360068637754,1.0,0.393604735233725,-0.23789729401444093,-0.4789893283718778,0.39836310527990126,0.2911725294747091,0.5180010218541833,0.18538170109801125,0.11523623147889293,0.2493497729748489,0.2799012850298362,-0.21316842277770814,-0.5358853980893254,-0.5569548745336586,-0.2086067114611551,-0.5059315743302517,-0.18415162002448593,-0.19010151060896724,-0.15352684295258018,-0.27606451177542346,-0.16300116645619042,0.0670085700789527,0.41778604687033055,0.36056221260351096,0.25219554047410175,0.3939055074084428,-0.23868392893293358,0.06010623427453173,0.4726654005957603,0.31667261141584646,0.12413214695419972,0.5069148679783675,-0.5485332536415606,-0.4392874013091302,-0.43009071365910556,-0.39462658941706114,-0.48148033894710457,-0.5066719366064801,-0.5648674963608495,-0.4387938264583112,0.4187192118226601,-0.059296463034906925,0.22086124955414382,0.5470718093567138,-0.2606750021690301,-0.0995613739118699,-0.021171661862666655,0.17168114293426393,0.3283410293734877,0.5458147359085345,-0.333616110591615,-0.18358092410322654,0.3687139097490673,0.47470525290891036,0.34871256013033464,0.09871689819054688,-0.11287632672341492,-0.2961584066786847,0.024002005147831452,-0.285427009726895,-0.004139473455891568,0.0051381913180954955,0.004108625027715385,-0.15108981712666172,0.5148274898055585,0.11631978251858135,0.1368339872557431,0.12102416781544928,,-0.11421052124203485,0.08385952397019271,-0.310194441498848,-0.18638041896021518,-0.12110514493941175,-0.1761040363240242,-0.12101259965488322,-0.15984305862165366,-0.47481707846104904,-0.23269547781323205,-0.1662518195752557,-0.20048200669025287,-0.2613806599635603,0.060939141835288674,-0.5660513047921105,-0.5415152362314789,-0.5951529407228172,-0.49904851879344087,-0.48472327995912584,-0.489300415489767,-0.3301726547964486,-0.30229724388574514,-0.36572161221597754,-0.507485563899627,-0.0053965469040710284,0.03758688170591808,0.10387629780301351,0.05537485660300965
#102,-0.17929684864025913,0.017631804729449644,-0.08845208371492197,0.014431280306170649,-0.19571592453703257,-0.199660667290062,0.0780291710448941,-0.24996674153837256,0.09678887142953545,-0.2142905343526168,-0.016309178371395797,-0.5753289695660976,-0.2971185640056684,-0.011354149595596387,0.393604735233725,1.0,-0.18174544262674366,0.00920632778382964,0.20967869434027744,0.33530120598073904,-0.018001985867563842,0.2784822573337318,-0.05546354583401618,0.2287121745249824,-0.03091976516634051,0.41546084659655075,-0.3571457491829987,0.04706506126305033,-0.10359866194942786,0.04721930340393125,-0.058725767113647534,0.16221453153769774,0.023635680063239278,0.3039746271678251,-0.18150636730837824,0.3981780147108442,0.2709475287516991,0.41080658999546915,0.20640490490008,0.31302092873049076,-0.12606788582225523,0.2698755458725767,0.11126064029768733,0.35960591133004927,-0.061135800564911844,-0.06472193034039313,-0.12243548340450966,-0.19640615811747467,-0.16143946477977114,-0.28191414496833217,-0.19547299316514513,-0.39997107959858486,-0.2578485149373873,-0.2476184049434606,-0.07488648742444545,0.22415817531547338,-0.3415788611145923,0.023442877387138135,-0.11803572633588154,-0.1976747997262202,-0.06919495242593968,0.1166976757637396,-0.07462427578494789,0.6814938351344316,0.22615561103988124,0.2744603935102619,-0.023354188156131606,-0.023014855446193593,0.007987814870870408,0.15166436910144312,-0.14804739089778565,-0.07237619658160856,-0.29610442192937636,-0.21518899482324816,-0.4836397289194374,-0.44540310219505846,-0.04696480387147774,-0.22775587325152072,0.2274126844880607,0.6364975465859466,0.06258182063567043,-0.17786625278358864,,-0.41113049849131905,-0.12184936326916218,-0.21495763161192677,-0.2528240771981915,-0.2751159226090058,0.04484783048788717,-0.2888897457896716,-0.0452565721612216,-0.2463189149065389,-0.08134537707383378,-0.14964765310942515,-0.2688151311540204,-0.12032236607444112,0.5142606499378212,-0.20687148737624478,-0.13291623687736787,-0.2414641435223121,-0.3651817647228944,-0.3834363220961507,0.12708974000559128,-0.2590361794221704,-0.08215514831345859,-0.14530573684362738,-0.05752653446829842,-0.045522639854241174,-0.08491222658170496,0.24709012561094348,-0.02626936461878091
#201,0.5714497797229425,-0.0568825735301206,0.6679436630580432,0.5581232587508315,0.2921326868016928,0.42564854000173524,-0.33729478565162485,0.4510907811400422,0.2292867264997638,0.5577607897197613,0.261330531267774,0.3597832897920623,0.5260100450194248,-0.08492379474227102,-0.23789729401444093,-0.18174544262674366,1.0,0.5269663462928865,-0.31298236819527053,-0.18689713013216624,-0.16150116163612352,-0.059176925375724214,0.20745375145807024,-0.0008348355875179548,0.32147339805076497,-0.10737759440101029,0.4515804999373391,0.12530438722489468,-0.031239817608668407,-0.094860844668524,0.37545814735908534,-0.19201025710236858,-0.02986320650130624,-0.3319464394165791,0.12380438240482777,-0.3828502019608032,-0.33242459005330993,-0.3408153625172317,-0.35124213124078163,-0.2587739677826728,0.27825089412241044,-0.15859755333404027,-0.11687119817223063,-0.045464799051410834,-0.4184762804507727,-0.1878495753521059,0.028949321816586816,0.3484156440091388,-0.0036034820163303866,0.3785661264978358,0.18070045212227545,0.37742859070883905,0.12798048836917855,0.19335601978155456,-0.13609362497951472,-0.004185746098155843,0.03703160999874678,0.00010218541833360647,-0.2715028004588704,0.1380486441151803,0.034139569857229615,0.3222793132368677,-0.2116607058505972,-0.21178409956330194,-0.10228760375194007,-0.07630165906702785,-0.08017313680313883,0.037262973210068155,-0.1605525724697059,-0.04887740641840109,0.15795744844938447,0.3047188454975755,0.13664118457964197,0.5695487453365853,0.13191751901516394,0.32763922763247955,0.06552013341945186,0.3176559050639623,0.13997281482266974,-0.18651538083348596,-0.05973990918993956,0.08729526765831509,,0.06279390357938168,-0.1048364551299972,-0.24713254219968572,0.16080321594863736,0.0626435174920228,0.14866821551483134,-0.0221395312966944,-0.20064781699169984,-0.14084813897216894,-0.3670249583064213,-0.36652367134855834,-0.19319792158715163,0.5927429072715529,-0.020358034569519824,0.549967705551753,0.2763652839501412,0.2964321864787483,0.4682540753665661,0.6101915494587065,0.0778595046899251,0.6905170003759652,0.05347382221665237,0.250718671975167,-0.06589031455756605,0.21855918560149615,0.12480695632055373,-0.48677084437932,-0.4052423047631901
