,#10,#11,#12,#13,#17,#18,#26,#49,#50,#51,#52,#53,#54,#58,#101,#102,#201,#202,#301,#302,#401,#402,#501,#502,#601,#602,#701,#702,#801,#802,#901,#902,#1001,#1002,#1101,#1102,#1201,#1202,#1301,#1302,#1401,#1402,#1501,#1502,#1601,#1602,#1701,#1702,#1801,#1802,#1901,#1902,#2001,#2002,#2101,#2102,#2201,#2202,#2301,#2302,#2401,#2402,#2501,#2502,#2601,#2602,#2701,#2702,#2801,#2802,#2901,#2902,#3001,#3002,#3101,#3102,#3201,#3202,#3301,#3302,#3401,#3402,#3455,#3501,#3502,#3601,#3602,#3701,#3702,#3801,#3802,#3901,#3902,#4001,#4002,#4101,#4102,#4201,#4202,#4301,#4302,#4401,#4402,#4501,#4502,#4601,#4602,#4701,#4702,#4801,#4802
#10,1.0,0.25405801432523883,0.17331225357407962,0.2810928055681413,-0.056859437208988464,0.18854752103959202,0.22816075887133314,0.7231392131722788,-0.08294563928547329,0.2596107313969518,0.4466987361784582,0.08251761734452874,0.14642784841853604,-0.17250633838797683,0.25829581714594196,-0.018449288076118498,0.35515602556563486,0.374393876587007,0.018634378645175594,-0.24307982994803967,0.05899569086018914,-0.0018566897708540194,0.1721670056780388,0.1894151330820472,0.24283689857615223,0.16737393115016436,0.2206375984498665,0.20546402784070644,0.22201420955722864,-0.39594921577511494,-0.018834893428320783,-0.27569433063730925,-0.12425554066690446,-0.30936538999161306,-0.069588269885186,-0.25868913460518833,-0.08628112558202308,-0.11522080726480484,-0.2969257613295673,-0.15950758196523768,0.04346350727348096,0.17832512315270935,0.02957400248715452,-0.06893659683996414,-0.27909536984373345,-0.0900754822476936,0.060295180897110855,-0.05871419895308147,-0.11594188927342311,0.02120636634436486,-0.04712290206588068,0.03469098551087889,0.1903791464625529,0.018437719915552427,-0.042244994360521725,-0.12654218040546403,-0.2161414400431878,-0.25048345271032363,-0.5129110312051132,-0.46798029556650245,-0.17952435579805848,-0.16922098078721332,-0.1151475422478864,-0.24740246594622733,0.3311058197487781,0.08921172625876048,-0.10895086423799562,-0.17222099042734712,0.18199994215919718,0.019100961121340364,0.35363674047795784,0.17854491820346466,0.0845304772830247,0.12835066950729276,-0.15987776310335186,-0.016455708405232666,0.0502270251511091,-0.39086308117956675,-0.10307038261691072,-0.01391071308069756,0.07816798897168693,-0.14963608494885908,,-0.040201285993849596,-0.25080350515265154,-0.14838672360772368,-0.17587652916622482,0.04879642929443861,0.15637261045183307,0.06953428513587769,-0.0047564420194152295,-0.34100045308628885,-0.08410631139560217,-0.4736139897621779,-0.48126054389634926,0.2633665275274021,0.27980102763826364,0.22717360916969528,0.2647739870629404,0.3156199088043342,0.27823932596184436,0.2887817762910549,-0.29966741538372554,0.10864623600975581,0.07790577733218937,0.26436910144312803,-0.0312051131269702,-0.2633665275274021,-0.07514484301042099,-0.20947432350361023,-0.18263233493680892
#11,0.25405801432523883,1.0,0.04317044720580722,-0.0779096333857114,0.21838951924652714,0.20228278368503755,0.43895963675975824,0.11289560699102504,0.013328448998872105,0.14598440226350343,0.12004087416733344,0.20087918020302123,0.19046783569355943,0.07701502896860209,0.2636711557556419,0.2767778816769977,-0.10555753713861549,-0.038732129601958876,0.25886265701367933,0.06424377970366228,0.018032834295740024,0.08523227902403285,-0.05342754957438809,0.029766805163255666,-0.039376090540136695,0.05537871265653167,-0.2847329200929309,-0.24088573549400866,0.06089672524654642,-0.05221289271495088,0.006707605101558809,0.13163602710805625,-0.11011924845516856,-0.006661332459294535,0.14306151369381007,0.18110148168856582,0.09576316119267736,0.10918608350283902,-0.0738337848129332,-0.11256398638813107,-0.12027609343217684,0.01877319657196842,0.19293570994765408,0.06821551483134586,-0.2581685673797152,-0.3433642138952889,-0.1358198451794511,-0.13628642765561585,-0.3598835471836349,-0.22990369506328748,-0.3590197911947018,-0.39662402514146894,-0.34341048653755313,-0.19991902287603752,-0.08798935729227922,-0.06344172057108152,-0.1880847946169493,-0.08030038656936558,0.0038387012811737825,0.049791291103120514,0.08340836570811602,0.10955240858743119,0.05155736361620699,-0.05644298342860999,0.312893678964264,-0.05565634851011732,0.03990436987265383,0.10682617874736101,0.32914308850606844,0.15901015106089672,0.19068763074431472,0.09265132600040489,-0.28464423086192436,-0.1928431646631255,-0.32725362228027727,-0.2907522196408086,0.12320669410891423,0.06756384178612398,0.021318191896503524,0.20224422314981733,0.034980189525030604,0.07204457597871458,,0.1346553170158002,0.05330029980816134,0.017816895298506743,0.1621566907348674,-0.02375907377594401,0.12017197998708222,0.12311414882438568,0.1156526852592714,0.0545072445605545,0.3355210010314943,-0.04773987062940434,-0.011138210598363105,-0.013598372745413706,-0.03736708665516277,-0.0738839135087195,0.011982686319686117,-0.11284547829523874,-0.0823093904543395,-0.06346100083869165,0.1868238651152478,-0.2098946333375107,-0.09782229377343757,-0.15345357793566175,-0.05471161539722171,-0.051318288297841574,0.07501759324419423,0.14820934514571063,0.15426720522880857
#12,0.17331225357407962,0.04317044720580722,1.0,0.6307443147310885,-0.008454397347035177,-0.06507668726441923,0.4485766342436833,0.10511409098358285,0.3621084900658421,0.7791406784726173,0.4500727830102282,0.0781641329181649,0.04585811651065717,0.22528799899742608,0.12302931564690119,-0.1424638253978965,0.5881310672592136,0.21198461434644714,-0.06314480444988577,-0.03546605226880549,0.15314509365389992,-0.22174042975716504,-0.17948193920931624,-0.13850751448430104,-0.1225434529031263,-0.2703961130980498,0.1338802502578736,0.32021246854906343,-0.22545380929887307,-0.12441749491482942,-0.16163226745587228,-0.18431743032593292,0.09995469137111623,-0.22084582534005573,-0.20424937098126922,-0.15746772965208758,-0.18725574310971435,-0.2595413224335554,-0.06763325074952041,-0.2839964138702245,0.26497835789960766,-0.18051536155321835,-0.09528501055594651,-0.28769436919784447,-0.17338166253747603,0.14941243384458175,0.4474429545082086,0.28569307741991457,-0.05087098608928692,0.019417157510146242,0.10256909565904775,0.069248937175248,-0.0767643854896706,-0.22510676448189101,-0.15337260081169926,-0.19490615329740776,-0.09086211716618627,-0.14265662807399768,-0.253576007634986,-0.14278773389374644,-0.3249245659529754,-0.21962345637357447,0.04210232038020688,0.2890786924122507,-0.2401183808431261,0.11403314278002179,0.18578658671782364,0.2132262635805385,0.14225174245418526,0.1782788505104451,0.21832011028313072,0.328387302015752,0.3717948965131636,0.21526997194721062,0.13480570310315906,0.21603347054457117,-0.16711557556418882,-0.10332873820288625,0.2798820047622261,-0.20100257391572596,-0.10727733700943769,0.07217182574494134,,-0.07690320341646342,-0.05722576229358063,-0.26055932056336945,-0.13082239981490942,0.3154386742887991,0.5060279756683023,-0.07909729787049444,0.09943412414564314,-0.07012040527122516,-0.17076340219602248,-0.1786875921837795,-0.24061195569394503,0.25889736149537756,-0.12430952541621278,0.30053502742618066,0.29783578996076465,0.0957708732997214,-0.0035109367318018375,0.12132108393664504,-0.20465425660108164,0.3765455544522958,0.3114206665188513,0.24176105964350786,0.036098445046417245,-0.3147985694041433,0.07907030549584028,-0.26128425862550975,-0.23239084958499223
#13,0.2810928055681413,-0.0779096333857114,0.6307443147310885,1.0,0.005169039746271678,-0.03282465560621981,0.27955424021285413,0.05825918463748277,0.2486441151803187,0.6426942245958374,0.3635005253872924,0.14817464066401242,0.25431636991121437,0.15601399747428493,0.10453568295527942,0.03817685789478758,0.45433372215206347,0.1081218127307607,-0.06246228297648771,0.062038117089065196,0.10323619291835771,-0.09353436225694813,-0.04946352655374857,-0.07556515284432148,-0.20444988576441442,-0.1396142018451216,0.08230167834729546,0.2962625201237793,-0.15543944549950353,-0.10030559224162032,-0.2972573819324612,-0.17067085691149392,0.27119431617710854,-0.05196996134306344,-0.10235315666181447,-0.04351363596926725,0.02375907377594401,-0.08385952397019271,0.0394107950218349,-0.02435676207185756,0.3652203252581146,0.011512247789999324,0.0392758331485641,-0.034895356347546105,-0.11749587884279834,-0.0034800883036256542,0.46070006651692325,0.17495878842798337,-0.1012464693009939,-0.14452295797865675,0.17958990870793287,0.007046937811496823,0.01361765301302382,0.016305322317873773,0.025563706824250722,0.09980816133727936,-0.17958990870793287,-0.20612341299297235,-0.27156449731522275,-0.175398378529494,-0.2573433719260023,-0.22631370923428418,0.05960494731666875,0.2232867072194962,-0.0625779645821484,0.18983544291594767,0.12321055016243626,0.11032747534535779,0.062065109463719355,0.23711065909594825,0.14980189525030607,0.2521299875642274,0.09878630715394329,0.034455766246035496,-0.18355778778209442,-0.10228374769841805,-0.3638244338831423,-0.2907830680689848,0.1227285434721834,-0.06366537167535885,-0.05574118168760182,0.05367048094627554,,-0.016976275630705754,-0.0449712242005919,-0.20772753125813387,-0.17513616688999642,0.2845593976844399,0.46005610557874543,-0.06248156324409783,0.0771345666277848,-0.15636489834478903,-0.16510657167921491,-0.3233860005976883,-0.3257459053531663,0.0992914501653283,0.09686984855349792,0.2113406534082693,0.21124425207021874,0.11920025449953245,0.11364368137429748,0.02129891162889341,-0.13684169936278714,0.2987882351807043,0.37385402909392385,0.3495917403333558,0.11591489689876895,-0.26043207079714265,0.14101780532713795,-0.35397607318789587,-0.28587431193544965
#17,-0.056859437208988464,0.21838951924652714,-0.008454397347035177,0.005169039746271678,1.0,0.4296704038252051,0.3554953582755729,-0.1624767431771953,0.1404548215129226,0.11202028284152583,0.0660137082702708,0.4709648809925482,0.3668552919514523,0.4510715008724321,0.22123914279930204,0.29077535596194076,-0.11430306652656338,-0.2839462851744382,0.20570695921259388,0.17374027551502416,0.04609719182902259,-0.10411922917490095,-0.2518639198712078,-0.27035755256282956,-0.21643835616438356,-0.14315791503186065,-0.3737884761840494,-0.37467151244059266,0.10109993926715703,0.25144746609082935,0.14384429255878073,0.2918781872692393,0.20376736429101636,0.272451389625288,0.2939527440640876,0.290482295894267,0.21345377073833785,0.2254576653523951,0.06343015241051546,-0.08779269856265605,0.23636258471267582,0.29455043236000117,0.09051892840272623,0.14161549362305148,0.08794308465001494,-0.19364136774218427,-0.18928788331582042,-0.22931757492794,-0.40536955452941686,-0.42276806802078415,-0.2930465714864122,-0.39628469243153097,-0.38246459660860094,-0.23189341868065128,-0.024607405550789045,0.07262298400701801,-0.03915243943585937,0.019382453028448036,0.222577193371444,0.2964437546393144,-0.19015163930475354,-0.010482681499619215,0.3102252899270242,0.43631824009717257,-0.014716628266800343,-0.08098290804276363,0.41485544619359316,0.524687418661371,0.2518060790683775,0.1813829735956735,-0.09155620680015039,0.0013206983312928384,-0.10864623600975581,-0.2011953765918271,-0.41123075588289165,-0.39397491637183923,-0.24161067355614896,0.07805230736602624,0.075484175720359,0.16812586158695883,0.02434904996481351,0.1492697598642669,,0.2568150925934852,0.21000260283612737,-0.18873646766217114,0.06124762611705051,0.2218522553093037,0.22893196957573772,0.2557546778749289,0.37748257545814734,0.16365283950141227,0.41739272941108424,0.04212545670133901,0.19946786461396085,-0.1715114765792949,-0.14695612775105318,-0.04130411730114814,-0.0682733556341762,-0.41296597996780193,-0.29011597080967483,-0.14098310084543975,0.41306623735937453,-0.18144467045202586,0.11452671763084071,-0.08212815593880443,-0.11472337636046388,-0.11343159843058621,0.39928084601814273,0.04234910780561634,0.03560487019559831
#18,0.18854752103959202,0.20228278368503755,-0.06507668726441923,-0.03282465560621981,0.4296704038252051,1.0,0.2740786442115817,0.17871458455843367,-0.08444564410554019,-0.15843945513963734,-0.02588375926657862,0.08216671647402465,0.3129746560882265,0.15726335881542036,0.13113474015019327,0.3364657341443899,-0.009591933136031927,-0.027322067230293158,0.39234380573202354,0.31638340740169474,-0.23490885253487317,0.027410756461299684,-0.25522639854241175,0.07925539606489738,0.0752990851513019,0.2491145537100055,-0.24684333818553403,-0.07280807457607512,0.29765455544522956,0.33980122044093974,-0.10855369072522726,0.12842007847068918,-0.0882052962895125,0.22361447176886814,0.3603848341414979,0.2605747447774575,0.23064405733951587,0.43409329721496537,-0.21581367549381586,-0.16888550413079734,-0.08480040102956629,0.3369284605670327,0.06758697810725613,0.09097779877184696,-0.008724321093576778,-0.09183384265373604,0.015819459574098887,-0.07162041009129207,-0.41246083695641694,-0.18762978030135058,-0.1488610181909325,-0.1922184839925578,-0.4076793305891086,-0.2485438577887461,-0.2787868855619716,0.0710034415277684,-0.1612273818360599,0.09850867130035765,-0.08140707393018615,-0.02635419779626541,-0.22942554442655663,-0.12305630802155534,0.3437382510869251,0.31561605275081217,0.08629654979611116,-0.17314644327263262,0.3464837611946054,0.5233647923033171,0.36834758466447515,0.26873801008357995,-0.05439927506193786,-0.09734799919022875,0.061810609931265845,-0.08204332276131993,-0.4060906365380351,-0.27413262896088997,-0.21497305582601486,-0.1387735821773206,0.10556524924565953,0.4008271234804739,-0.0778942091716233,-0.0034415277684054254,,0.032211543096218175,-0.006908119884704,-0.14306536974733208,-0.03546990832232751,-0.12470669892898113,0.0700432842007847,0.29288076118496525,0.23537929106456,-0.03781824491723945,0.29032419769986406,-0.12616428716030578,-0.013949273615917789,-0.2819835539317286,0.02960870696885273,-0.07030549584028227,0.05949697781805211,-0.21152960003084842,-0.14035456412135,-0.011924845516855773,0.2642225714092912,-0.39282581242227643,-0.07407671618482065,-0.2308522842297051,-0.17645493719452826,-0.28713138538362915,0.2821570763402196,0.0536820491068416,0.06296356993435069
#26,0.22816075887133314,0.43895963675975824,0.4485766342436833,0.27955424021285413,0.3554953582755729,0.2740786442115817,1.0,0.15289830622849046,0.13049463526553748,0.46897515737518436,0.403028930041549,0.06251626772579603,0.2418844533562126,0.39895693752229283,0.29093731020986574,0.17794337385402909,0.15361938823710874,0.18363490885253486,-0.04434654353002419,-0.1289637820172944,-0.04302391717197035,-0.08001118255521386,-0.015584240309255492,0.040748845593976846,-0.14987901632074654,0.010775741567292954,-0.18156035205768656,-0.0013592588665130672,-0.11132619320756172,0.009750031330434866,0.0564622636962201,0.037625442241138306,0.10730047333056983,0.041315685461714206,-0.054040662084389735,-0.03678482257333732,-0.00992740979244792,-0.029527729844890247,-0.06371550037114515,-0.19109251636412714,0.13712319126989483,0.10120790876577367,0.11462697502241331,-0.05256379358545497,-0.0765638707065254,0.020531556978010856,0.10871178891963021,0.001332266491858907,-0.3343564728678434,-0.07702274107564613,-0.1383147118081999,-0.1040266838903724,-0.22596666441730212,-0.05078615291180241,0.016621518706679647,-0.06287488070334417,-0.09477215543751748,-0.06720908486209788,-0.14508208573935005,-0.055478970048104266,-0.1365833437768116,-0.10022461511765783,-0.021603539857133217,0.38995305254836937,-0.039561181109193794,-0.134624468587624,0.15985462678221973,0.4378298130778055,0.1396604744873859,0.06642244994360522,0.09534285135877686,-0.034579159958740224,-0.09898296588356646,-0.17928913653321507,-0.21820442867747003,-0.1609767383571284,0.04877329297330647,0.06518465676303586,0.2811159418892734,0.10489429593282755,-0.2047005292433459,0.16799089971368802,,-0.08163843714150752,-0.03308686724571737,-0.16105771548109088,-0.03782981307780552,0.06913325556958731,0.4475933405955675,-0.13640210926127655,0.08184666403169676,-0.016509693154540987,0.2130103245833052,-0.2746724764539732,-0.14143425910751642,0.11111025421032844,0.043833688411595156,0.12601004501942487,0.31194123374432436,-0.04275784947895077,0.041003345126430356,0.13283140369988336,0.13466302912284422,0.12170668928884733,0.22607077786239674,0.15485718141767807,0.07370267899318443,-0.08273355634176202,0.33117522871217453,-0.08269885186006382,-0.06729391803958239
#49,0.7231392131722788,0.11289560699102504,0.10511409098358285,0.05825918463748277,-0.1624767431771953,0.17871458455843367,0.15289830622849046,1.0,-0.22914019646592695,0.12379667029778374,0.3420223072696249,-0.08435695487453365,0.08874514378259571,0.02204698601216585,0.27801953091108905,0.133783848919823,0.14898441190363723,0.42509712434808594,0.11136475374278194,-0.23181244155668881,0.0061639015549535825,0.14673247664677586,0.045962229955751784,0.3663308686724572,0.3493912255502106,0.33319580075771454,0.21474940472173754,0.1901593514117976,0.1662826680034319,-0.3184695323571091,0.198314904610876,-0.033800237147291606,-0.09179142606499378,-0.061957139965102714,-0.059755333404027645,-0.30243606181253796,-0.05803553353320544,0.013181918965035235,-0.012460836956416955,0.10765523025459593,-0.20260669218088748,0.27443725718912976,-0.15023762929829465,-0.15738289647460307,-0.3255762389981973,-0.04957535210588723,-0.10461280402571987,-0.12418613170350805,-0.1902596088033702,0.04313959877763103,-0.1664870388400991,0.17476984180540425,0.12466042628671686,0.18558992798820048,-0.05284914154608466,-0.0891500294024081,-0.14884945003036643,-0.1457761753733142,-0.43564343073081857,-0.46299056230900487,-0.16356029421688373,-0.2634706409724967,0.04366787811014817,-0.06368465194296896,0.46485689221366394,-0.1525011327157221,-0.019019983997377882,-0.07494818428079782,0.19655654420483357,-0.05686329326251048,0.22861962924045387,0.02316909758707451,0.12435965411199908,-0.05550210636923641,-0.020639526476627496,0.015148506261266906,0.07060626801500004,-0.35974087320332004,-0.025648540001735224,0.09393153576971648,-0.07533764568652213,-0.041207715963097566,,-0.14068618472424396,-0.35483597312330695,-0.17756933666239288,-0.2822110610895279,-0.043047053493102484,-0.04167815449278436,-0.03498790163207465,-0.030433902422565624,-0.34400046272642265,-0.10756654102358941,-0.47650602990369506,-0.5007953110389172,0.1927891799138172,0.4957361688180232,0.22757078268246364,0.4173387446617759,0.3354284557469658,0.4652347854588222,0.3360916969527537,-0.20437662074749596,-0.035149855879999616,0.10614365727396297,0.14696383985809722,0.02539018441575969,-0.2427790577733219,-0.21996278908351247,-0.2248869694311357,-0.2456788100218831
#50,-0.08294563928547329,0.013328448998872105,0.3621084900658421,0.2486441151803187,0.1404548215129226,-0.08444564410554019,0.13049463526553748,-0.22914019646592695,1.0,0.28054910202153605,0.3089682164788447,0.2937522292809424,0.2945388641994351,0.17498192474911553,-0.17111430306652656,-0.3416598382385547,0.2511004212738473,0.21886381382973596,-0.16220296337713166,-0.1831876066439802,0.018183220383098917,-0.248524577521136,0.014905574889379464,-0.1440101028602277,-0.11704472058072166,-0.2512623755217722,0.03977326405290505,0.09771432427482094,0.13292009293088988,0.04450849777794916,0.04355990861153153,-0.050419827827210245,0.17495493237446136,-0.06566280739976671,-0.07886979071269509,-0.161921471470024,-0.2029151764626493,-0.31250807361206173,-0.13441238564391272,-0.18447552852033586,0.13075684690503503,-0.2741904697637203,0.10477861432716686,-0.2539616129871883,0.13691110832618356,-0.0020996211427414613,0.17219014199917096,0.08160373265980932,-0.008940260090810061,-0.1419046976372032,-0.058907001629182616,0.047284856313805634,-0.023061128088457866,-0.11038917220171016,-0.15907956002429313,-0.31290910317835213,-0.3467421167805809,-0.417859311887249,-0.024449307356386108,0.12883267619754563,-0.06650728312108972,-0.08227082991911927,-0.07714613478835086,0.0910549198422874,-0.30114813993618234,0.11763855282311318,0.25302844803485874,0.15810783453674337,-0.04061002766718402,0.05157664388381711,0.156700375001205,0.30873685326752337,0.1417890160315425,0.2208766737682319,0.09023743649561856,0.18233541881561316,-0.1473802936384757,0.13033653707113455,0.36221260351093676,0.07993791753829543,0.27657351084033044,0.059793893939247875,,0.4349609092574205,0.408762881628797,-0.09342253670480946,-0.07550731204149114,0.24573665082471344,0.25606701821021277,0.45913836484050397,0.4452372918936115,0.4210405560429179,-0.10700741326289609,0.2600426093914184,0.036048316350630945,0.26236395361167614,-0.033476328651441685,0.2513394965922127,0.0933608398484571,0.037906934148245974,0.10432360001156817,0.15601785352780698,0.027117696393625945,0.3650583710101896,0.21652318934186807,0.17055903135935527,0.266555483790115,-0.09547781323204767,0.05196610528954142,-0.055945552524269034,-0.07540319859639652
#51,0.2596107313969518,0.14598440226350343,0.7791406784726173,0.6426942245958374,0.11202028284152583,-0.15843945513963734,0.46897515737518436,0.12379667029778374,0.28054910202153605,1.0,0.5290524712483009,0.2068406389480686,0.18423259714844842,0.3336623832338793,0.2487096680901931,-0.056045809915841634,0.6462957785854068,0.11766554519776734,-0.09341868065128744,-0.09410120212468549,0.10430817579748007,-0.16378780137468307,-0.043077901921278666,-0.18564776879103081,-0.22120829437112588,-0.2795465281058101,-0.00454435907570397,0.0674134556987651,-0.09759864266916025,-0.22223786066150597,-0.08663588250604919,-0.24919167478044596,0.1729729208641416,-0.19214136292211736,-0.2470438529686792,-0.2339988239036758,-0.22095765089219438,-0.3311559484445644,0.029982744160488947,-0.1551116809501316,0.3330068541351354,-0.16431993676072223,-0.12956532636672996,-0.23315434818235278,-0.2513742010739109,-0.17392536608408124,0.23627003942814725,0.08833640210926128,-0.11788534024852265,-0.15701271533648886,-0.05876047159534575,-0.2029151764626493,-0.04401877898065225,-0.21259772685644876,-0.08207802724301813,-0.14737258153143165,-0.21712087763778162,-0.2391080948203561,-0.12196890092834489,0.021869607550152798,-0.21680468124897573,-0.09661920507456644,-0.026874765021738502,0.2658652502096729,-0.01857268178882323,0.07580808421620892,0.03859716772868808,0.13337125119296656,0.16209884993203705,0.1705667434663993,0.32576518562077644,0.33680892290785,0.0959058351729922,0.09024129254914058,-0.005782152256273317,0.07241861317035081,-0.07315511939305717,-0.10537630262308041,0.2490490008001311,-0.156866185302652,-0.006595779549420146,0.12610259030395343,,0.025525146289030493,0.05424888897457897,-0.12395476849218667,0.02658941706110881,0.40371145151494703,0.48617315608340644,-0.046316986879777894,0.15130961217741704,-0.052895414188348935,0.051376129100671915,-0.1420512276710401,-0.07798675445615186,0.36629230813723695,-0.015510975292337057,0.3007008377276277,0.19037529040903087,0.08823228866416666,0.0011086153875815795,0.17053975109174516,-0.20664398021844543,0.43868971301321663,0.278007962750523,0.28950671435319525,0.07519497170620729,-0.19014778325123152,0.1693675108210502,-0.12351132233715403,-0.08261401868257931
#52,0.4466987361784582,0.12004087416733344,0.4500727830102282,0.3635005253872924,0.0660137082702708,-0.02588375926657862,0.403028930041549,0.3420223072696249,0.3089682164788447,0.5290524712483009,1.0,0.008454397347035177,0.04915889832550876,0.2794655509818476,0.175228712174525,-0.16516441248204525,0.41423076552302546,0.4439493700172558,-0.09623359972236414,-0.3377420878601795,0.09519246527141796,-0.19980334127037683,0.13182497373063537,0.09030684545901498,0.10883518263233494,0.0038464133882178285,0.28642572758909896,0.2951018480136504,0.01210608003239085,-0.35583083493198886,0.24824308561402833,-0.08608446685239991,0.22191395216565607,-0.1545911137246585,-0.1984498664841468,-0.3447215447350409,-0.04853036160141903,-0.19796400374037193,-0.04514860266260496,-0.044331119315936106,0.051534227295074855,-0.11651644124820452,-0.07942891847338841,-0.21585994813608012,-0.12712058843376747,0.15922223400460797,0.22032525811458262,0.038651152477996394,-0.1207426759083416,-0.05407536656608794,-0.042919803726875726,0.12934553131597468,0.09657678848582418,0.11099457260466775,0.04123085228422971,-0.14240212854154416,-0.07727338455457762,-0.2535297349927217,-0.39544407276372995,-0.3480531749780687,-0.2594256408278947,-0.30281009900417416,-0.14317719529947076,0.17901150067962943,-0.05148795465281058,0.05648540001735224,0.013328448998872105,0.020828473099206615,0.1002863119740102,0.026955742145700984,0.09552794192783395,0.07212555310267707,0.1613623437093307,-0.03270897400055913,-0.019162657977692732,0.08058187847647326,-0.11366296164190759,-0.2361736380900967,0.1976092468163458,-0.11715654613286032,-0.10856911493931536,-0.0326704134653389,,-0.07372967136783859,-0.17458089518282513,-0.23763508237494335,-0.2648164036516827,0.11879536887972005,0.2835568237687139,-0.044184589282099236,-0.12100874360136119,-0.32153895096063934,-0.2448728948357803,-0.3989029527729845,-0.3788861789401637,0.30335380255077943,0.2024755863611387,0.436225694812644,0.4042590111150743,0.2619205074566435,0.18771461347883509,0.4868633896638485,-0.1373738347488263,0.42510483645513,0.43094675754099465,0.4525290891037568,0.15001397819401732,-0.32111478507321684,-0.06077718758736371,-0.2714719520306942,-0.302952772984489
#53,0.08251761734452874,0.20087918020302123,0.0781641329181649,0.14817464066401242,0.4709648809925482,0.08216671647402465,0.06251626772579603,-0.08435695487453365,0.2937522292809424,0.2068406389480686,0.008454397347035177,1.0,0.4334184878486113,-0.020728215707634022,0.10399969151571824,-0.002581627832994322,0.06484146799957584,-0.13736612264178227,0.08650477668630041,-0.048364551299972046,0.11846374827682608,0.11465396739706747,0.060703922570445275,-0.08701763180472945,0.04740053791946632,0.009156199088043342,-0.09796882380727444,-0.06642244994360522,0.2897072291363404,0.011172915080061312,-0.18508092892329345,-0.020184512161028796,0.07573096314576847,-0.02390174775625886,0.136645040633164,0.0760394474275303,0.04252263021410737,-0.03928354525560815,0.04833755892531788,0.006684468780426672,0.27180742868711016,0.0602026356125823,0.17908476569654788,-0.02148400219795051,-0.08442636383793008,-0.30745278744468973,-0.15494201459516257,-0.27564420194152295,-0.30096690542064725,-0.326023541206752,-0.3675840860671146,-0.2361042291267003,-0.23491656464191724,-0.06268979013428706,-0.0049839491772145795,-0.07735821773206213,-0.1692518292153895,-0.17074412192841237,-0.010043091398108606,0.08668215514831346,-0.1417697357639324,-0.1380640683292684,0.05339670114621191,-0.006483953997281482,-0.05023088120463112,-0.07066410881783039,0.054499532453510455,0.027302786962683043,0.0656782316138548,-0.002516074923119933,0.03451746310238786,0.1001012214049531,-0.14017718565933696,-0.048460952638022615,-0.14551781978733866,-0.162596280836378,-0.19166706833890854,-0.1883084457212266,-0.0031446116472096633,0.03816528973422151,0.41844157596907444,-0.031390203696027304,,0.6188368214550818,0.47508700220759065,-0.11792004473022086,-0.026616409435762968,0.37650313786355355,0.23154637386366922,0.41242613247471877,0.5247992442135097,0.40258162783299434,0.15542787733893745,0.3136147609728823,0.039800256427559216,0.15392016041182652,0.07876953332112249,-0.05316919398841256,-0.12619513558848197,-0.30084736776146453,-0.07576952368098869,-0.1448700027956388,0.06853556727367376,-0.013062381305852525,0.048314422604185746,-0.033329798617604815,-0.007039225704452778,-0.17240608099640423,0.02430277732254924,-0.16034820163303867,-0.1104624372186286
#54,0.14642784841853604,0.19046783569355943,0.04585811651065717,0.25431636991121437,0.3668552919514523,0.3129746560882265,0.2418844533562126,0.08874514378259571,0.2945388641994351,0.18423259714844842,0.04915889832550876,0.4334184878486113,1.0,0.1832184550721564,0.25738193246122254,0.15896387841863244,0.19963753096892986,0.05625789285955289,0.1994293040787406,0.022012281530467644,-0.1478353079540744,-0.043047053493102484,-0.07573867525281251,0.048460952638022615,-0.19882775972930505,-0.033464760490875614,-0.2099601862473851,-0.12598690869829274,0.20746146356511427,0.12971571245408886,-0.015796323252966753,0.1488108894951462,0.3120376350823749,0.252064434654353,0.10352539693250942,0.07490576769205556,0.012460836956416955,0.08499320370566743,0.0996809115710526,0.1862030404982021,0.06222706371164432,0.28192956918242024,0.05210492321633424,-0.1598276344075656,-0.004633048306710497,-0.28453626136330773,0.03423597119528019,-0.15871709099322298,-0.3306161009514812,-0.27448352983139407,-0.3131134740150193,-0.2419230138914328,-0.23259136436813743,-0.05378616255193622,-0.16181350197140737,-0.03218069466804199,-0.4543182979379754,-0.22967233185196612,0.01729247201951163,0.14461550326318529,-0.21489979080909644,-0.18739841709002922,0.17702948916930966,0.23642042551550616,0.1610461473205248,-0.10035957699092864,0.23985616920362854,0.24115180318702822,0.19749742126420713,0.0930909161019155,0.15464509847396682,0.11379406746165636,-0.16067982223593263,-0.083404509654594,-0.29803630474390985,-0.2681981625904968,-0.30039620949938783,-0.17540994669006005,0.15173377806483954,0.25449760442674946,0.05510878890999007,0.29443089470081846,,0.1997107959858483,0.16553844967368148,-0.20085218782836706,-0.13571187568083445,0.14282629442896666,0.3091494509943798,0.3485891664176299,0.4066883248339487,0.2883923148853306,0.30061600455014315,0.05403294997734569,-0.10171690783068069,0.06260110090328054,0.1513944453549015,0.10667579266000211,0.0033682627514869906,-0.031849074065148024,0.11062824752007558,0.08393278898711114,0.17685596676081863,0.06012165848861982,0.11604600271851773,0.0970356588549449,0.19442029055363289,-0.28182545573732565,0.07417311752287122,0.07875410910703441,0.026454455187838007
#58,-0.17250633838797683,0.07701502896860209,0.22528799899742608,0.15601399747428493,0.4510715008724321,0.15726335881542036,0.39895693752229283,0.02204698601216585,0.17498192474911553,0.3336623832338793,0.2794655509818476,-0.020728215707634022,0.1832184550721564,1.0,0.3111507427723097,0.23097182188888782,0.03903290177667666,0.05712936095553006,0.0578427308571043,-0.07804459525898219,0.07052529089103757,-0.08453818939006874,-0.20096401338050573,-0.03653417909440583,-0.20086761204245515,-0.07911657813810456,-0.26117628912689306,-0.24901044026491087,0.048364551299972046,0.18991256398638814,0.3927679716194461,0.39822043129958645,0.3850365843077902,0.39962017872808075,0.18316061426932606,0.017246199377247355,0.15981992230052153,0.0067037490480367865,0.3832049588848293,0.1639111950873878,0.030861924363510165,0.0542874495097992,-0.11703315242015559,-0.1335833341366778,-0.049351701001609904,-0.14198181870764368,-0.16216440284191144,-0.07990321305659723,-0.4171459419856748,-0.35074084428291863,-0.20825195453712897,-0.11070536859051604,-0.21301418063682723,0.10612052095283082,0.10497141700326801,0.12742907271552928,-0.04161260158290997,-0.04412289242574687,0.2152314114119904,0.17233667203300782,-0.2228432610644636,-0.16502559455525243,0.24234717977885534,0.6504101876934052,-0.0018451216102879507,-0.2594256408278947,0.3793489053628064,0.5091590911281848,0.2313574272410901,0.14061291970732553,0.019278339583353416,0.0777091186025662,0.05561778797489709,-0.29716098059441065,-0.07012040527122516,-0.11136860979630397,-0.14430701898142345,0.023500718189968475,0.38433092651326,0.11406013515467595,-0.22551550615522545,0.340684256697483,,-0.046872258586949184,-0.15658469339554432,-0.25756316697675763,-0.15546258182063566,0.2019010343863573,0.1649022008425477,0.05827460885157086,0.18002564275592145,0.00045308628883768907,0.17736496582572567,-0.12479538815998766,0.03577839260408935,0.0801345762679186,0.16024408818794406,0.26519429689684093,0.36199666451370344,-0.11842518774160585,0.042225714092911606,0.15928393086096035,0.38843376746069236,0.16103843521348077,0.40589012175489,0.13038280971339883,0.17923515178390675,-0.16518754880317738,0.17154618106099312,-0.05432986609854145,-0.09574388092506723
#101,0.25829581714594196,0.2636711557556419,0.12302931564690119,0.10453568295527942,0.22123914279930204,0.13113474015019327,0.29093731020986574,0.27801953091108905,-0.17111430306652656,0.2487096680901931,0.175228712174525,0.10399969151571824,0.25738193246122254,0.3111507427723097,1.0,0.5371694639121591,0.12865529773553258,-0.034629288654526524,0.3972487058120367,0.11697145556380323,0.5164624564988962,0.02720638562463247,0.15252426903685423,-0.07449702601872114,0.009881137150183645,-0.11803187028235952,-0.13272343420126673,-0.3545776175373314,0.27361977384246094,-0.012021246854906346,0.1205730095533726,0.283067104971417,0.17888425091340268,0.08862175006989097,0.2425939672042648,0.2535682955279419,0.40405464027840704,0.2806917760018509,0.2262018836821455,0.08409859928855813,0.10637116443176231,0.23502067808701185,0.3614182564854,0.2108162301292742,-0.5506078104364088,-0.34717013872152547,-0.21859389008319435,-0.34708530554404093,-0.6010372783974242,-0.5309419374740921,-0.3819054688479076,-0.29610056587585437,-0.39068955877107575,0.022205084206568786,0.3253101713051777,0.25617884376235145,-0.2043457723193198,-0.0863196861172433,-0.22676486749636085,-0.1580654179480011,-0.22071471952030694,-0.10860381942101356,0.09994697926407219,0.05551367452980247,0.15528520335862261,0.011863148660503408,0.13045993078383927,0.1449509799196013,0.5792274396768627,0.12828511659741837,0.40799938303143646,0.07213712126324313,0.025486585753810263,-0.265371675358854,-0.4073592781467807,-0.46001368899000317,-0.38347873868489296,-0.40489911599973005,0.26027782865626176,0.05383629124772252,-0.11015780899038878,0.040081748334666885,,-0.14493169965199118,-0.2573433719260023,-0.2695554934302488,-0.09734028708318472,0.294353773630378,0.005454387706901371,0.007606065572190142,-0.04358690098618569,-0.29310055623572057,0.09348037750763981,-0.40369602730085896,-0.1931439368378433,0.1730076253458398,0.016922290881397434,-0.10122333297986176,0.007725603231372852,-0.21925327523546026,-0.24034588800092546,-0.13234168490258644,0.13258076022095186,-0.08639680718768376,0.11304599307838392,0.10439300897496458,-0.2145720262597245,-0.37044142172693356,-0.015827171681142935,-0.18462977066121677,-0.004324564024948666
#102,-0.018449288076118498,0.2767778816769977,-0.1424638253978965,0.03817685789478758,0.29077535596194076,0.3364657341443899,0.17794337385402909,0.133783848919823,-0.3416598382385547,-0.056045809915841634,-0.16516441248204525,-0.002581627832994322,0.15896387841863244,0.23097182188888782,0.5371694639121591,1.0,-0.328055681412858,-0.28693472665400593,0.5493160325065312,0.5218493632691622,0.1803187028235952,0.3270299711759999,-0.31424715375049406,-0.03341077574156729,-0.0715587132349397,0.2264679513751651,-0.48728755555127107,-0.47652531017130517,0.019702505470775934,0.16688035629934544,0.05472318355778778,0.3786355354612322,-0.04226041857460982,0.31998881744478613,0.3629838142153413,0.6087725217626021,0.486096035012966,0.6662778479365293,0.1868084409011597,0.10986474892271504,0.03721670056780388,0.5459496977818052,0.24956571197208216,0.4710535702235547,-0.46905613449914685,-0.47281193062959714,-0.2382289146173349,-0.35269971947210627,-0.6318934186806513,-0.5593494837708347,-0.3324477263744421,-0.46160623909459864,-0.6159910539558289,-0.061644799629818864,0.1456913421958297,0.578938235662711,-0.15767981259579883,0.15824279641001418,-0.022359326347449703,0.014909430942901487,0.11580692740015232,0.10293927679716194,0.3896754166947837,0.15793431212825235,0.32323947056385144,0.012225617691573558,0.1812634359364908,0.22546537745943915,0.4371742839790616,0.2868383253159554,-0.02482720060154435,-0.16910529918155265,-0.1945552524269037,-0.5439291257362652,-0.5636451273943682,-0.6133959299355075,-0.311374393876587,-0.16597803977519207,0.11791618867669883,0.4066574764057725,-0.10103053030376062,0.05863707788264101,,-0.030075289445017497,-0.09024129254914058,-0.01500583228095206,0.11690590265392883,0.12105887229714749,-0.024715375049405686,0.04476685336392469,0.021657524606441537,-0.2196620169087947,0.30275997030838786,-0.28551955501142356,-0.01451225743013313,-0.30299133351970925,0.12062699430268092,-0.2974000559127761,-0.10774777553912449,-0.42262153798694724,-0.253414053387061,-0.3429824645966086,0.3699902634648569,-0.49440968640644734,0.009341289657100441,-0.22122371858521397,-0.35986812296954684,-0.07724639217992346,0.22017872808074576,-0.05255993753193294,0.08271042002062988
#201,0.35515602556563486,-0.10555753713861549,0.5881310672592136,0.45433372215206347,-0.11430306652656338,-0.009591933136031927,0.15361938823710874,0.14898441190363723,0.2511004212738473,0.6462957785854068,0.41423076552302546,0.06484146799957584,0.19963753096892986,0.03903290177667666,0.12865529773553258,-0.328055681412858,1.0,0.27434471190460125,-0.13968746686204003,-0.22519930976641955,-0.06269750224133111,-0.3578321267099187,0.10110765137420108,-0.15630705754195867,-0.1818225636971841,-0.34550432360001154,0.2778614327166861,0.23423018711499716,0.1290833196764771,-0.16722354506280548,-0.17822486576113677,-0.38866513067201375,0.06123605795648444,-0.3187008955684305,-0.3476212969836021,-0.4173387446617759,-0.4416511621181302,-0.47992249332420733,-0.21102445701946343,-0.2532135386039158,0.12698177050697465,-0.21196533407883703,-0.20291903251617133,-0.40938756229936474,-0.03680024678742541,0.04470515650757233,0.3641830468606904,0.23192812316234948,0.15833919774806474,0.023820770632296377,0.2549564747958702,0.07357157317343564,0.23003865693655828,-0.31857750185572575,-0.2528433574658016,-0.3776560978666384,-0.24679320948974773,-0.3156006285367241,-0.19140485669941099,-0.03830796371453636,-0.2440631235961555,-0.05648540001735224,-0.22445894749019116,0.022976294910973364,-0.07141603925462485,0.12654603645898604,-0.08611145922705407,-0.026477591508970146,0.007887557479297813,0.007501952127095524,0.37600956301273464,0.3495030511023493,0.21072754089826767,0.332092969450416,0.06496486171228057,0.20711827480165423,-0.018055970616872162,-0.10558452951326965,0.12366942053155698,-0.30224711518995884,-0.12263214213413282,0.09493410968544243,,-0.1753482498337077,-0.021017419721785738,-0.08883768906712425,0.056466119749742125,0.24363124560168894,0.2003547569240261,-0.0002564275592145219,0.003626618337462524,0.03680024678742541,0.01679504111517068,-0.001841265556765928,-0.007000665169232549,0.5380563562222244,-0.06786075790731975,0.403032786095071,0.14950883518263233,0.3816741056365862,0.032612572662508554,0.3774748633511033,-0.38730394377873967,0.4287063904446994,0.15939575641309903,0.34267012426132476,0.1267735436167854,-0.25374567398995496,-0.04167044238574032,0.05728360309641098,0.09281328024832984
