,#10,#11,#12,#13,#17,#18,#26,#49,#50,#51,#52,#53,#54,#58,#101,#102,#201,#202,#301,#302,#401,#402,#501,#502,#601,#602,#701,#702,#801,#802,#901,#902,#1001,#1002,#1101,#1102,#1201,#1202,#1301,#1302,#1401,#1402,#1501,#1502,#1601,#1602,#1701,#1702,#1801,#1802,#1901,#1902,#2001,#2002,#2101,#2102,#2201,#2202,#2301,#2302,#2401,#2402,#2501,#2502,#2601,#2602,#2701,#2702,#2801,#2802,#2901,#2902,#3001,#3002,#3101,#3102,#3201,#3202,#3301,#3302,#3401,#3402,#3455,#3501,#3502,#3601,#3602,#3701,#3702,#3801,#3802,#3901,#3902,#4001,#4002,#4101,#4102,#4201,#4202,#4301,#4302,#4401,#4402,#4501,#4502,#4601,#4602,#4701,#4702,#4801,#4802
#10,1.0,0.48373613025748796,0.5710950227989164,0.46794559108480427,-0.06916796005128552,0.16883923148853305,0.1387388776956224,0.41006622771924073,0.20896532443870322,0.5872904475914126,0.3102869867833766,-0.10135829485313257,0.32245283564535876,-0.010644635747544175,-0.49595210781525645,-0.21115556283921222,0.4828453818939007,0.2139357774285907,-0.44395322607077786,-0.31692711094829995,-0.27818919726605806,-0.16166311588404847,-0.14912322983043005,-0.2724783819999422,-0.2434384429255878,-0.28343728610953123,0.3116443176231286,0.40513047921105144,-0.2624950594314249,-0.20542161125196418,0.36699796593176714,-0.06964996674153837,0.28896301080659,-0.3879247683957853,-0.3525840378664456,-0.5292529860314461,-0.46010623427453173,-0.6003046282282398,-0.11141102638504623,-0.23473533012638215,-0.24289088332546055,-0.21289464297764452,-0.23947441990494828,-0.40432456402494865,-0.14669006005803362,-0.23805924826236588,0.3262163438828531,0.2608485245775211,0.4395457568951057,0.39008801442164015,0.3162253092072918,0.4272449461598527,0.37331803765436267,0.18585213962769803,-0.12246633183268583,-0.1783829639555397,-0.23834459622299559,-0.19435088159023647,0.27550924006825217,0.4604031503957275,0.2958344981828348,0.20633935199020562,-0.27918020302121793,-0.0361755661168577,0.04836840735349407,0.3279862724494616,-0.20566839867737363,-0.09142124492687959,-0.4806937040286119,-0.24584076426980805,0.06311395602170958,0.23424175527556323,-0.31903251617132444,0.08984026298285021,-0.23281501547241476,0.0852052866493787,0.15403969807100923,0.4270328632161414,-0.14677489323551812,-0.3041558616833602,-0.28964553227998807,-0.17708732997214002,,-0.15897544657919851,-0.08397134952233137,0.18340740169473552,0.17677498963685617,,0.03963830217963425,0.011728186787232607,-0.06678491897467537,0.27879459766901565,-0.07045588192764116,0.15771837313101905,0.0058130006844495,0.2491338339776156,0.08231324650786152,0.41211764819295693,0.4344943267812557,0.38194017332960584,0.5092053637704491,0.36556737007509665,0.08282610162629057,0.20354756924026104,0.2225964736390541,0.23264920517096777,0.3288153239566965,0.30446048991159996,0.0743736323060164,0.25895134624468585,0.2601428667829909
#11,0.48373613025748796,1.0,0.26058245688450155,0.3974106600599616,-0.06789546238901796,0.22130469570917644,0.07682222629250093,0.14015404933820483,0.2317276083792043,0.4624969874581859,0.15404741017805326,-0.12651518803080986,0.2667868470014364,-0.11997146520393703,-0.3113551136089769,-0.2047506579391322,0.42797374027551505,0.13337510724648857,-0.23924691274714893,-0.12991237118371202,-0.04900080013110582,0.0039312465657023316,-0.2728524191915784,-0.33916882766332795,-0.2061349811535384,-0.1576759565422768,0.13061031687119817,0.2032892136542855,-0.31320216324602584,-0.3144553806406833,0.20140360348201633,-0.13643295768945274,0.1548109087754138,-0.15089701445056058,-0.08218214068811275,-0.22160546788389424,-0.2853074720677123,-0.31140909835828523,-0.07268082480984836,-0.3542267166668273,-0.040004627264226426,-0.2128560824424243,-0.08628883768906713,-0.010081651933328835,-0.21260158290997078,-0.22006304647508507,0.05697126276112712,0.19398841255916632,0.24095514445740507,0.297558154107179,0.34273182111767714,0.44526428426826564,0.37685789478757964,-0.04979514715664254,-0.05447639613237832,-0.28856969334734367,-0.13204476878139068,-0.016143368069948812,0.10977605969170852,0.17412973692074846,0.24058496331929088,0.1804073920546017,-0.1539818572681789,-0.021252638986629133,-0.056759179817415864,0.346082731628315,-0.15090858261112663,-0.06957284567109792,-0.28802984585426045,-0.04883498982965884,0.028108702148785827,0.2577366893852487,-0.18639198712078123,0.1611464047120974,-0.07534535779356617,0.23830217963425332,0.1320794732630889,0.11926195135588483,-0.1509818476280451,-0.26868788138779365,0.08210887567119432,0.2109010633067587,,0.07686849893476522,-0.10550355238930717,0.1620024485939865,0.14791242902451485,,0.001706303683495127,0.19216064318972748,-0.344571158647682,0.10911281848592058,-0.24514667463584394,-0.007810436408857355,-0.07244560554500497,0.21107844176877175,-0.1523970192706275,0.27803881117869916,0.2209962114274146,0.2716608986532733,0.3902923852583074,0.2718614134364185,0.021210222397886884,0.16085720069794568,0.2397944723472762,0.1266038772618164,0.16474410264814476,0.23904254191048172,0.0882207205036006,0.04035167208120849,0.09855494394262192
#12,0.5710950227989164,0.26058245688450155,1.0,0.7051815719202182,-0.24301427703816528,0.2580760220951867,0.15355383532723435,0.19026346485689222,-0.05215505191212054,0.6587585435685848,0.3638128657225762,-0.21359258866513067,0.26125726625085555,-0.07190575805192176,-0.4710844186517309,-0.4473658334377681,0.639771336026144,0.5739716387263455,-0.45673218744276173,-0.5101385287227787,-0.20979823199946016,-0.3864363317362845,-0.07875410910703441,-0.33943103930282553,-0.2347738906616024,-0.42151099457260466,0.4660908293407113,0.3471971310961796,0.008176761493449529,-0.06022962798723646,0.531747852660195,0.026504583883624304,0.5728418150443928,-0.3274425689028564,-0.40430528375733854,-0.4634147281964274,-0.468238651152478,-0.7747910500997753,-0.1849035504612804,-0.2570040392160643,-0.3058448131260062,-0.2689308127596811,-0.10959482517617344,-0.6243047053493103,-0.3491405820712791,-0.4602489082548466,0.42475393558462593,0.36487328044113254,0.5695950179788496,0.37040286119171334,0.3219207002593196,0.49170273683398724,0.5260601737152112,0.22898981037856805,-0.025945456122930987,-0.26802849623552777,-0.2964591788534025,-0.5173069322202192,0.23416077815160075,0.45702524751043544,0.32410708260630655,0.22538054428195464,-0.5522774816114447,-0.10829147908572971,0.07127336527431001,0.29847203879189843,-0.2995941503668071,-0.08612302738762014,-0.5408982676679552,-0.45935044778421524,0.2599115035716696,0.24255155061552255,-0.3030260380014075,0.21016841313757434,-0.3506984276941764,-0.06145199695371772,0.11378635535461232,0.4447013004540503,-0.21544349435570165,-0.37854684623022566,-0.18280585734529994,-0.051036796390733906,,-0.08634282243837545,-0.13550750484416724,0.31590911281848594,0.16944463189149064,,-0.05927718276729681,-0.06655741181687602,-0.10651383841207716,0.38091446309274773,-0.2624487867891606,0.11613854800304628,0.097390415778971,0.5615320100642996,0.14718363490885253,0.5148274898055585,0.673453963541014,0.4144736968949129,0.595954999855398,0.5975552620670375,0.19967223545062807,0.3105646226369622,0.4642900523459266,0.5306912939951607,0.5988856005321354,0.12585194682502193,0.06875921837795108,0.267573481919929,0.24686647450666616
#13,0.46794559108480427,0.3974106600599616,0.7051815719202182,1.0,-0.29225608051439755,0.19398070045212226,-0.1572710709224644,-0.011546952271697532,-0.0024273856921134067,0.5537235016822033,0.0911860256620362,-0.20858357514002293,0.22093451457106225,-0.28361080851802223,-0.184328998486499,-0.5486874957824415,0.6485014412000039,0.34197989068088264,-0.2776030771307106,-0.5104778614327167,0.1396951789690841,-0.2828164614924855,-0.0029980816133727936,-0.3146558954238285,-0.15329933579478083,-0.3865057406996809,0.5999460152506917,0.19541129630879275,-0.1308146877078654,-0.1974087320332006,0.3743051873560005,-0.09886728427790578,0.45340826930677797,-0.25147831451900554,-0.1923148853306084,-0.4438761050003374,-0.33536290283709136,-0.6379975514060136,-0.16034434557951666,-0.21311443802839983,-0.041805404259011116,-0.25499117927756837,-0.08012686416087456,-0.38587720397559117,-0.33318423259714847,-0.4792438279043313,0.28496813935777426,0.326031253313796,0.6027339419471143,0.3793758977374606,0.21116327494625625,0.3550403439599742,0.3696509307549189,0.12403188956262713,0.02733749144438125,-0.2510194441498848,-0.2092853768810311,-0.47346745972834103,0.042595895231025804,0.2727058891577415,0.32396440862599174,0.21644221221790558,-0.5823778354043554,-0.2937637974415085,-0.00975388738395689,0.45321932268419884,-0.46779520499744537,-0.3405415827171681,-0.45911522851937187,-0.44176298767026884,0.10707296617277048,0.2703305601881754,-0.1118968891288211,0.21317999093827422,-0.2405386906770266,0.030738530650805434,0.09565904774758274,0.27663906375020486,-0.3135299277953978,-0.5775076398060405,-0.07050986667694947,-0.006923544098792091,,-0.085930224711519,-0.07670654468684025,0.3459014971127799,0.14724918781872692,,-0.22981886188580297,0.05170389365004386,-0.27448352983139407,0.2898653273307433,-0.3760404114409108,0.0033374143233108077,-0.007652338214454417,0.4898942477321585,-0.11853701329374451,0.5508893023435165,0.5424059845950662,0.23729574966500536,0.5444612611223044,0.39226282860806105,0.09302921924556312,0.2788215900436698,0.44513317844851685,0.5145421418449289,0.5441373526264545,0.2572662508555619,0.13179798135598123,0.10979919601284066,0.11803572633588154
#17,-0.06916796005128552,-0.06789546238901796,-0.24301427703816528,-0.29225608051439755,1.0,0.06727078171845025,0.21046147320524808,0.1306180289782422,0.08182352771056463,-0.007579073197535982,0.06735561489593475,0.4287333828193535,-0.1587055228326569,0.162426614481409,-0.12582495445036776,0.1367838585599568,-0.04012802097693116,-0.296038869019502,0.07966028168470979,0.21339978598902953,-0.09907936722161703,0.19227632479538817,-0.0605728167506965,0.24587546875150626,-0.08586081574812258,0.3441392806532155,-0.17336623832338793,0.04938640548330811,-0.01566136137969595,-0.009665198152950362,-0.13620545053165337,0.06574378452372918,-0.14903839665294555,0.17188551377093114,0.1092323561451033,0.16767470332488216,0.07833765532665593,0.38638234698697616,-0.1303442491781786,-0.0065764992818100314,0.0004415181282716204,-0.09362305148795465,-0.06506511910385317,0.1306141729247202,0.037047034212834874,0.3102368580875903,-0.2013611868932741,-0.20058226408182545,-0.3794800111825552,-0.4924353870031716,-0.07206000019280268,-0.4569365582794289,-0.41545699054302876,-0.26846423028351635,-0.34737450955819266,-0.23380987728109667,0.086605034077873,0.20205913258076022,-0.2132763922763248,-0.29802088052982173,-0.21070440457713552,-0.17072098560728022,0.4270251511090974,0.12236221838759122,0.018298901988759605,-0.10445856188483896,0.2697097355711297,0.24940761377767923,0.04573472279795244,0.32931275486103745,-0.04043650525869299,-0.041793836098445045,0.0736139897621779,0.11716425823990437,0.17278011818804045,-0.15173763411836155,-0.0029325287034984047,-0.18977760211311734,0.17434567591798175,0.1756875825436457,0.04590053309939942,-0.03568970337308282,,0.1605024437739196,0.3522986899058159,-0.24373535904678356,0.17296906481061958,,0.09247009148486982,0.1467903174496062,0.2418227564998602,-0.0671589561663116,0.19960282648723165,-0.12486479712338407,0.18458735407247454,-0.2484243201295634,0.1412607366990254,-0.28727405936394396,-0.5528019048904399,-0.29719568507610883,-0.39985154193940214,-0.16260784899694408,0.04829899839009765,-0.06930292192455631,-0.2632431338146973,-0.28983062284904515,-0.3953052548369371,-0.0457462909585185,-0.19849228307288905,-0.24403613122150136,-0.18085469426315637
#18,0.16883923148853305,0.22130469570917644,0.2580760220951867,0.19398070045212226,0.06727078171845025,1.0,0.17448449384477457,0.02360868768858512,-0.22901294669970018,-0.02238246266858184,-0.14347796747418853,-0.03943007528944502,0.07295460460991199,0.18033412703768328,-0.12361157972872663,0.13070671820924876,0.2526197063615243,0.2138355200370181,-0.31760192031465395,-0.09266675021449297,-0.12614115083917365,0.03188763460036825,-0.13131983071925038,0.004424821416521262,-0.15548571814176781,0.052725747833379924,0.197809761599491,0.12071568353368745,0.11952416299538238,0.15553199078403207,0.03233879286244493,-0.18943826940317932,-0.03273982242873531,-0.3246662103669999,-0.13178255714189313,-0.17879170562887414,-0.27029971175999923,-0.2040295759305139,-0.4246806705677075,0.12026452527161077,0.06543530024196736,0.09771046822129892,0.4084968139357774,-0.09192638793826459,0.008099640423009072,0.12325682280470053,-0.05990957554490856,-0.19952570541679118,0.037448063779125254,0.26561846278426343,-0.06274763093711741,0.39070112693164183,0.1694677682126228,0.3581791715269008,0.034775818688363394,-0.05958566704905864,-0.13588154203580347,-0.016228201247433315,0.10357938168181774,0.5303866657669208,-0.11288789488398099,-0.022656242468645466,0.004652328574320612,0.24336517790866938,-0.04636325952204216,0.026091986156767857,0.04429255878071588,0.31847338841063116,-0.5169868797778913,-0.3916921326868017,-0.2505759979948522,-0.01801355402812991,-0.33904929000414524,0.06351498558799996,-0.17512074267590835,0.05976304551107169,-0.3453269451379985,-0.05413320736891828,0.27291411604793075,0.1999151668225155,0.08092121118641127,0.04232597148448421,,0.04529513269644183,0.018850317642408878,-0.006310431588790452,0.26535239509124386,,-0.10927477273384555,0.17023897891702736,0.1521001031494317,0.23771605949890584,0.23092169319310152,-0.0031446116472096633,0.2900195694716243,0.006549506907155871,0.15380833485968784,-0.03862030404982021,0.11499330010700548,-0.0259647363905411,0.018607386270521435,0.22612861866522707,-0.04570773042329827,-0.014909430942901487,0.06294428966674058,-0.014010970472270155,-0.04717303076166697,-0.19915938033219902,-0.07218724995902943,0.18790741615493622,0.2396826467951375
#26,0.1387388776956224,0.07682222629250093,0.15355383532723435,-0.1572710709224644,0.21046147320524808,0.17448449384477457,1.0,0.21264399949871304,0.08094434750754341,0.2970645792563601,0.3990340585927333,0.04574243490499648,0.21805789864363317,0.49130941937474093,-0.2233715403969807,0.12221183230023233,0.0136986301369863,0.062242487925732407,-0.2049858772039756,0.0038464133882178285,-0.3014836165925983,0.03469484156440091,-0.29158512720156554,0.002103477196263484,-0.1519959897043371,0.15347671425679388,-0.28305553681085094,0.050820857393500625,0.16860015617016763,0.13707691862763055,0.030730818543761387,0.2243124174563543,0.04199435088159024,-0.0009312369255685269,0.13408462109454078,0.11214367655423058,0.03589793026327205,0.012692200167738327,-0.058590805240376735,0.0790394570676641,-0.034991757685596675,0.0324004897187973,0.07594690214300175,-0.01868065128743987,0.0638234698697618,0.2077853720609642,0.04984141979890681,-0.021148525541534516,0.007771875873637126,0.00805722383426682,0.11613854800304628,0.14443426874765022,0.07546489545274888,0.01158551280691776,-0.14194325817242343,0.012129216353522987,-0.027040575323185486,0.132268419885668,0.124178419596464,0.1762929829466033,0.005859273326713775,-0.09202278927631516,0.298907772839887,0.48896108277982897,-0.23306180289782422,-0.2640760413754543,0.5277876856930774,0.623074624275785,-0.1406399120819797,0.07407671618482065,-0.1647710950227989,-0.12228509731715076,-0.26818273837640866,-0.1967801953091109,0.014265470004723665,-0.12129409156199088,0.09397009630493672,-0.0003798212719192542,0.4153143165627139,0.26735368686917377,-0.1737981163178545,-0.04542238246266858,,-0.050369699131423945,-0.12850491164817368,-0.1302247115189959,-0.07331707364098214,,0.20606942824366403,-0.13143165627138906,0.13479799099611503,0.14007692826776436,0.17190865009206327,0.14632759102696347,-0.13572344384140053,-0.043313121186122065,0.018352886738067925,-0.13515660397366316,-0.06777978078335728,0.12263214213413282,0.03056115218879238,0.07736592983910617,0.24255540666904457,0.025841342677836367,-0.1366990253824723,-0.1435396643305409,-0.11697916767084728,-0.12738280007326502,-0.0653080504757406,0.11646631255241822,-0.010486537553141238
#49,0.41006622771924073,0.14015404933820483,0.19026346485689222,-0.011546952271697532,0.1306180289782422,0.02360868768858512,0.21264399949871304,1.0,0.09189168345656638,0.3918270945600725,0.3963463892878833,0.31082297822293775,0.26274570291035637,0.20437276469397395,-0.3237677498963686,-0.013741046725728553,0.17697550442000134,-0.052093355055768176,-0.32506338387976824,-0.13835712839694214,-0.2808652984103419,-0.044770709417446715,-0.12304473986098927,-0.09539298005456316,-0.1494317141121919,-0.012796313612832946,-0.028197391379792353,0.11711027349059605,-0.1581309708578755,0.052189756393818745,0.2050167256321518,0.03880153856535529,0.0302102513182883,-0.04607405550789045,-0.2959578918955395,-0.26217886304261906,-0.22297436688421235,-0.1693520866069621,-0.2127211205691535,-0.10763209393346379,-0.052737315993945995,-0.28283959781361767,-0.24504256119074933,-0.23369033962191396,-0.08850606846423029,-0.12928769051314432,0.11208583575140023,0.09079656425631187,0.08252532945157279,-0.10361023010999393,0.10137757512074268,0.0030289300415489765,-0.030630561152188793,-0.17893437960918898,-0.31089624323985615,-0.31504150077603077,-0.059913431598430586,-0.14661679504111516,0.10478247038068889,0.12354988287237427,0.09129785121417486,0.030823363828289936,0.12451004019935796,0.09299837081738695,-0.04938640548330811,-0.06778749289040131,0.2599307838392797,0.20566839867737363,-0.09137497228461532,0.1366836011683842,0.22914405251944897,0.22784841853604929,-0.05504323600011568,-0.04067558057705841,-0.036873511804343846,-0.20208226890189235,0.24197699864074113,0.1595808469821561,0.11466167950411152,-0.003518648838845883,0.020519988817444785,-0.3791445345261392,,-0.03728225347767827,0.08084794616949283,0.04409590005109271,0.27884472636480195,,0.13416174216498125,0.0038194210135636683,0.0424763575718431,0.14097538873839568,0.10286215572672149,0.063353031340075,0.1813983978097616,0.02961256302237475,-0.02080533677807448,0.05662807399766709,0.08374384236453201,0.08780812277674414,0.12302931564690119,0.0796294332565336,0.09600994861808682,-0.023882467488648744,0.039013621509066544,0.03230794443426875,0.1092824848408896,0.1676322867361399,0.012688344114216306,0.2641300261247626,0.21669285569683708
#50,0.20896532443870322,0.2317276083792043,-0.05215505191212054,-0.0024273856921134067,0.08182352771056463,-0.22901294669970018,0.08094434750754341,0.09189168345656638,1.0,0.2956147031320795,0.3501585802010932,-0.047099765744748535,0.2815362517231739,-0.18636499474612708,-0.07160112982368196,-0.2617546971551965,0.15639960282648724,-0.25153229926831383,0.2161221597755777,-0.16072609487819692,-0.19708096748382867,-0.1841786123991401,-0.09736342340431685,-0.0017602884328034472,0.09938785150337887,0.02146086587681837,-0.02059325383436322,0.17780069987371425,-0.1750320534449018,-0.3160132262635805,0.012792457559310924,0.09611020600965942,0.05921934196446647,-0.1940192609873425,0.20010411344509463,-0.03564343073081854,-0.0944058303529253,-0.0804546287102465,0.20853344644423666,-0.17296906481061958,0.1310036343304445,-0.19926734983081565,-0.09912178381035928,-0.1439946786461396,-0.06450213528963782,-0.10745085941792872,0.11129920083290756,0.17270685317112203,0.11682492552996636,0.013340017159438174,0.22583555859755333,0.0014093875622993646,-0.03105472703961131,-0.2376890671242517,-0.3732370605304002,-0.14954739571785255,-0.23772762765947192,0.035805384978743506,0.003387543019097105,-0.05601110543414343,0.2412289242574687,0.3538719597428012,0.16110784417687718,0.16467854973827037,0.19767865577974222,0.3571341810224326,0.16267340190681848,0.0671936606480098,0.10975292337057638,0.11901516393047536,0.10334416241697435,0.22742039659510474,-0.17864131954151524,0.17181996086105675,-0.09405878553594324,0.31539240164653487,0.13774015983341847,0.09761406688324833,0.2293484233561162,-0.09069245081121725,-0.2721660416646583,0.011246180096979747,,-0.3409349001764144,-0.03693135260717419,0.08835182632334937,-0.13934042204505798,,0.0030674905767692057,-0.3694696962393838,-0.38925896291440526,-0.17714517077497036,-0.19827248802213374,0.34481023396604743,-0.43297889774710074,-0.07677209759671465,-0.00040681364657341445,0.16592405502588375,-0.08796236491762506,0.21110929019694794,0.1144727328815324,-0.044250142191973624,-0.1788379782711384,0.11778893891047208,-0.219037336238227,-0.021183230023232722,-0.10844572122661063,0.30018027050215457,0.33372408009023163,-0.06863196861172433,-0.08841352317970173
#51,0.5872904475914126,0.4624969874581859,0.6587585435685848,0.5537235016822033,-0.007579073197535982,-0.02238246266858184,0.2970645792563601,0.3918270945600725,0.2956147031320795,1.0,0.6309409734607117,-0.10196755130961217,0.4255945552524269,0.009711470795214637,-0.38770882939855206,-0.5597543693906472,0.6313651393481341,0.05990571949138654,-0.33069322202192164,-0.4430856140283227,-0.2477495107632094,-0.3624748151504343,-0.15845873540724745,-0.2644462225135685,-0.23417234631216682,-0.35215987197902304,0.2518484956571197,0.26861461637087525,-0.24229705108306904,-0.20219795050755304,0.39058930137950315,0.062389017959569276,0.46025662036189063,-0.1405049502087089,-0.19222234004607983,-0.3638128657225762,-0.3226302141073718,-0.629309862820896,0.023145961265942372,-0.31465203937030645,-0.13281212343227325,-0.4976757637396007,-0.23851426257796457,-0.472110128888589,-0.16008984604706314,-0.400333548629655,0.3302960485091533,0.36640413368937563,0.48789681200775065,0.12585965893206597,0.3357407960822496,0.20165424696094783,0.3159862338889264,-0.08585310364107854,-0.2671955886747708,-0.4755150241485352,-0.1021757781998014,-0.34369583449818286,0.32803254509172586,0.23100652637058602,0.39690551704857663,0.28185630416550184,-0.279361437536753,-0.013783463314470805,0.021306623735937454,0.28440515554355894,-0.09690455303519613,-0.022775780127828174,-0.44505991343159845,-0.23402967233185196,0.09903695063287478,0.22934071124907213,-0.3333230505239413,0.14982888762496024,-0.2846827913971446,0.018834893428320783,0.3811419702505471,0.4392372726133439,-0.054156343690050415,-0.5021680660927573,-0.21183037220556622,-0.1710680304242623,,-0.20334705445711587,-0.025448025218590034,0.3475326077525956,0.16176337327562107,,0.012896571004405541,-0.04492109550480561,-0.20830208323291527,0.2462495059431425,-0.15385460750195212,0.20906172577675378,-0.011153634812451197,0.32483202066844685,-0.12289049772010835,0.38586949186854713,0.3668205874697541,0.42201613758398965,0.508187365640635,0.26986397771201065,0.148776185013448,0.23578032063085036,0.26278811949909864,0.36345425274502813,0.4664648665323475,0.336481158358478,0.16187519882775972,0.2629115132118034,0.2748459988624642
#52,0.3102869867833766,0.15404741017805326,0.3638128657225762,0.0911860256620362,0.06735561489593475,-0.14347796747418853,0.3990340585927333,0.3963463892878833,0.3501585802010932,0.6309409734607117,1.0,0.013127934215726915,0.47047516219525126,0.028926185495454677,-0.5396219139521656,-0.2755979292992587,0.23217876664128098,0.18988557161173397,-0.15115537003653612,-0.09308706004839347,-0.5172568035244329,-0.1457800314268362,-0.19421591971696567,-0.05545583372697213,-0.2896840928152083,-0.052590785960109125,-0.15953843039341387,0.36555194586100853,-0.1516103843521348,-0.08670914752296761,0.3448680747688778,0.38556486364030734,0.35138480522109644,-0.015082953351392517,-0.17164643845256572,-0.13187124637289965,-0.19755140601351548,-0.27378944019742996,0.08713716946391216,-0.12473754735715732,-0.29734221510994574,-0.448530361601419,-0.3427588134923313,-0.4811255820230785,0.02524365438192282,-0.1839780976159949,0.44513317844851685,0.5002323272247019,0.35182439532260706,0.061047111333905314,0.45493912255502106,0.12815015472414756,0.2605438963492813,-0.16304358304493266,-0.410444120964399,-0.3216353522986899,-0.35269200736506223,-0.18005263513057562,0.32569577665738003,0.11587633636354873,0.3461020118959251,0.3103294033721188,-0.16834951269123616,-0.06514609622781564,0.09199194084813897,0.12207301437343951,0.068238651152478,0.0022230148554461936,-0.11035061166648993,0.06270135829485313,0.2641415942853287,0.305644298342861,-0.3365235749472203,0.14108335823701232,-0.28101954055122286,-0.016602238439069536,0.3299914202809135,0.41743514599982645,-0.09603308493921896,-0.21145247896040797,-0.34494519583931826,-0.15729420724359655,,-0.3387832223111257,-0.0803042426228876,0.25967242825330417,0.09398166446550278,,0.04018200572623948,-0.309519632132494,-0.16541505596097675,0.1942043515563996,-0.09185312292134615,0.32036285463642233,-0.17910790201768,0.09314490085122382,0.060341453539375124,0.29967127143724753,0.25454773312253576,0.5633250749520403,0.3592511544060232,0.20017352240849104,0.33577550056394784,0.1820847753366817,0.04110360251800295,0.28570078952695865,0.27178814841950005,0.2689462369737692,-0.019494278580586697,0.18494982310354469,0.08532096825503938
#53,-0.10135829485313257,-0.12651518803080986,-0.21359258866513067,-0.20858357514002293,0.4287333828193535,-0.03943007528944502,0.04574243490499648,0.31082297822293775,-0.047099765744748535,-0.10196755130961217,0.013127934215726915,1.0,-0.17846779713302421,0.45384014730124456,-0.17330068541351354,0.003938958672746378,-0.09034154994071318,-0.20769668282995768,-0.2932895028582997,0.1261334387321296,0.060449423037991765,0.07225665892242585,0.02890304917432254,-0.05052394127230486,-0.06285560043573404,0.1546605226880549,-0.3150453568295528,-0.2409281520827509,0.1088621750069891,0.015881156430451255,0.23239470563851428,0.08400219795050755,-0.01875006025083628,0.08021940944540311,0.047257863939151476,0.016482700779886825,0.00466389673488668,0.3334734366113002,-0.22680342803158107,-0.1475653842075328,-0.10119248455168557,-0.23084457212266107,-0.1434355508854463,0.09872075424406891,-0.2794077101790173,0.15376206221742358,-0.30407102850587564,-0.2013958913749723,-0.3671946246613903,-0.43218455072156403,-0.27812364435618364,-0.4546923351296116,-0.4048335630898557,-0.4182256369718412,-0.16538806358632258,-0.17923900783742877,0.20696403266077334,0.21473012445412742,-0.22381498655201335,-0.052286157731869315,0.07654844649243732,0.11641618385663192,0.18005263513057562,0.029334927168789104,-0.44352906018335536,-0.04879642929443861,0.18563234457694272,0.10804083560679822,-0.04918589070016292,0.25967628430682616,0.09587498674481602,0.05111006140765234,0.2600426093914184,0.08374384236453201,0.3168924064666018,0.03700461762409262,0.09109348037750764,-0.05478873646766217,-0.009572652868421813,-0.10487115961169541,0.3826921037664003,-0.05604966596936366,,0.540859707132735,0.4753954864893525,0.04454320225964736,0.5901554953582756,,0.2478844726364802,0.4967310306267051,0.2862329249129978,0.12036863871670539,0.10024389538526794,-0.41020118959251156,0.40632971185640054,-0.11429149836599732,-0.3486778556486364,-0.17181996086105675,-0.32952869385827077,-0.25697319078788816,-0.30779597620814975,-0.010906847387041733,0.2644115180318703,0.20624295065215506,0.11848688459795823,-0.02978608543086578,-0.1331398879816452,0.1184328998486499,-0.008153625172317392,-0.060021401097047226,0.06221549555107825
#54,0.32245283564535876,0.2667868470014364,0.26125726625085555,0.22093451457106225,-0.1587055228326569,0.07295460460991199,0.21805789864363317,0.26274570291035637,0.2815362517231739,0.4255945552524269,0.47047516219525126,-0.17846779713302421,1.0,-0.052386415123441915,-0.20491261218705717,-0.15582890690522785,0.12951519767094366,-0.05057021391456913,0.0014093875622993646,-0.13194065533629606,-0.3165607858637078,-0.1147773611097722,-0.16292018933222793,-0.004929964427906259,-0.17113358333413667,0.019555975436939065,0.2132262635805385,0.2918589070016292,-0.39571399651027156,-0.14357822486576113,0.010505817820751351,0.13759748585310363,-0.026215379869472588,-0.08228625413320736,-0.09976960080205913,-0.1498558799996144,-0.008130488851185254,-0.256444911455371,0.0627283506695073,0.055351720281877514,-0.017566251819575256,-0.0841602961449105,0.15339188107930937,-0.12128252340142481,0.18828530940009447,-0.07896233599722365,0.42223207658122297,0.28311337761368127,0.39011500679629435,0.31683842171729343,0.32790143927197707,0.3301803669034926,0.3178795561682396,0.1077169271109483,-0.19229174900947626,-0.20933936163033942,-0.25541534516499087,-0.11911156526852593,0.1841439079174419,0.16747418854173696,0.22261575390666422,0.10942130276768242,-0.08839424291209162,0.23315434818235278,0.1177927949639941,0.2686994495483597,0.19389586727463778,0.07996490991294959,-0.22470573491560064,-0.25758244724436774,-0.09038396652945543,-0.047138326279968765,-0.3306276691120473,-0.04452006593851523,-0.33323821734645676,-0.0176240926224056,-0.0054659558674674405,0.18848582418323967,0.10014363799369536,-0.09680043959010151,-0.2511505499696336,-0.08331582042358748,,-0.48433767460692356,-0.2980247365833438,0.34465599182516654,-0.04418844533562126,,-0.10131973431791233,-0.3125350659867159,-0.15117465030414623,0.05036584307790192,0.05968978049415326,0.4297012522533813,-0.19771336026144043,-0.13731213789247396,-0.059639651798366965,0.13264245707730424,0.24304512546634147,0.3360916969527537,0.23852968679205266,0.03643392170283324,-0.09641483423789922,-0.1380486441151803,-0.14441884453356213,0.018630522591653573,0.09184155476078008,0.03545834016176144,-0.07680294602489082,0.17052432687765706,0.07045202587411914
#58,-0.010644635747544175,-0.11997146520393703,-0.07190575805192176,-0.28361080851802223,0.162426614481409,0.18033412703768328,0.49130941937474093,0.20437276469397395,-0.18636499474612708,0.009711470795214637,0.028926185495454677,0.45384014730124456,-0.052386415123441915,1.0,-0.06161009514812066,0.13272729025478874,-0.013613796959501798,-0.17385595712068483,-0.4546923351296116,0.006642052191684421,-0.02902258683350525,0.011627929395660012,-0.017230775163159264,-0.010806589995469138,0.03194933145672062,0.10131587826439031,-0.35383725526110305,-0.2544127712492649,0.41061764337289003,0.29911214367655425,0.21417870880047815,0.04193651007875989,-0.12595220421659453,-0.00438240482777901,-0.09918348066671165,-0.030059865230929406,-0.08926956706159081,0.15580962663761774,-0.11030819507774768,0.022976294910973364,-0.0947760114910395,0.01143898277308089,0.1278493825494298,0.011766747322452836,-0.1478700124357726,0.25308243278416703,-0.25800275707826825,-0.31818418439647944,-0.24732148882226485,-0.20055912776069332,-0.33594902297243884,-0.11561026867052915,-0.19022104826814995,-0.10408452469320274,-0.0732438086240637,-0.1003865693655828,0.23881117869916035,0.20477379426026432,0.09363461964852073,0.3284412867650603,-0.01560737663038763,0.007355422093258655,0.31482170572527546,0.41603539857133215,-0.5711143030665266,-0.40540040295759305,0.5091089624323986,0.4695419972429217,-0.25638321459901864,-0.023994293040787405,-0.1617710853826651,-0.2373574465213577,-0.09400094473311289,-0.11029277086365959,0.1819845179451091,0.05925019039264265,-0.03078865934659173,-0.02116780580914463,0.39720628922329443,0.11601515429034155,0.22730471498944405,-0.12131337182960099,,0.41702254827297003,0.2648356839192928,-0.07263455216758409,0.5161231237889582,,0.16967599510281203,0.40064974501846085,0.4883055536810851,0.16802560419538623,0.28507610885639095,-0.3244232789951125,0.3458783607916478,-0.022640818254557372,-0.28327533186160625,-0.28295527941927834,-0.18255135781284645,-0.1720628922329442,-0.18164132918164905,0.018044402456306095,0.25255800950517193,0.1692364050013014,0.10487115961169541,-0.07514484301042099,-0.1141873849209027,-0.10649455814446704,-0.004336132185514735,0.2446183953033268,0.32865336970877157
#101,-0.49595210781525645,-0.3113551136089769,-0.4710844186517309,-0.184328998486499,-0.12582495445036776,-0.12361157972872663,-0.2233715403969807,-0.3237677498963686,-0.07160112982368196,-0.38770882939855206,-0.5396219139521656,-0.17330068541351354,-0.20491261218705717,-0.06161009514812066,1.0,-0.015973701714979804,-0.14648954527488842,-0.5215524471479664,0.5483327388584154,0.06683504767046167,0.6904360232520027,0.04626300213046957,0.364109781843772,0.13258847232799592,0.5636219910732361,0.10315135974087321,0.09554336614192205,-0.610099004174178,0.10197911947017825,0.13637897294014442,-0.5358622617681933,-0.30910317835211554,-0.4660021401097047,0.12430566936269076,0.33307626309853183,0.30174197217857385,0.473633270029788,0.3788437623514214,0.20119152053830508,0.35878071587633636,0.5335139251732814,0.3225492369834093,0.28652984103419354,0.3930571756335978,0.1935488224576557,0.006923544098792091,-0.5981606624699951,-0.5469869761792294,-0.4237089450801577,-0.35684112095475884,-0.5618674867207157,-0.4015482054890922,-0.3744941339785796,0.03440949360377122,0.42795446000790494,0.43455216758408605,0.374050687823547,0.18548967059662788,-0.3145132214435136,-0.272447533571766,-0.17899607646554133,-0.22087281771470987,0.1900745182343131,0.07504844167237042,-0.0763440756557701,-0.11433777100826159,0.14772348240193575,-0.021615108017699284,0.3555531990784032,-0.17564902200842547,-0.24524693202741654,-0.3096044653099785,0.49515390473619775,-0.2939180395823894,0.1622068194306537,-0.09153307047901825,-0.0843800911956658,-0.34718170688209155,0.32838344596222996,0.13028255232182623,0.13175170871371694,-0.03487993213345801,,-0.04337867409599645,-0.01540686184724244,-0.298059441065042,-0.3222870253439118,,-0.22751294187963328,-0.0371858521396277,-0.11518995883662865,-0.543396990350226,-0.08702919996529551,-0.1694369197844466,-0.09102792746763325,-0.0637733411739755,-0.18201151031976323,-0.258299673199464,-0.28216478844726367,-0.5187028235951915,-0.37825764221607394,-0.4419018055970617,-0.3916535721515815,-0.2734038348452277,-0.2538382192744835,-0.29526765831509744,-0.29508642379956235,-0.058617797615030894,0.09976188869501508,-0.1163776233214117,-0.09840070180174101
#102,-0.21115556283921222,-0.2047506579391322,-0.4473658334377681,-0.5486874957824415,0.1367838585599568,0.13070671820924876,0.12221183230023233,-0.013741046725728553,-0.2617546971551965,-0.5597543693906472,-0.2755979292992587,0.003938958672746378,-0.15582890690522785,0.13272729025478874,-0.015973701714979804,1.0,-0.5380023714729161,0.012075231604214667,-0.010629211533456084,0.633871574137449,-0.16516441248204525,0.6836339448391544,-0.12565143204187673,0.42340431685191793,-0.13934042204505798,0.4565432408201826,-0.4601023782210097,0.19863110099968187,-0.005273153191366296,0.1906991989048808,-0.43063441720571083,-0.10435830449326637,-0.43152902162282014,-0.009711470795214637,-0.09962692682174429,0.23350139299933484,0.08350862309968862,0.40809964042300906,-0.07715384689539491,0.20895761233165916,-0.01031687119817223,0.3761368127789614,0.1121321083936645,0.48838653080504757,0.37333346186845073,0.7088910954084042,-0.12724783819999422,-0.314243297696972,-0.37085401945379004,0.07995719780590554,-0.11436090732939373,0.09223101616650439,-0.20996404230090715,0.1826593273114631,-0.00233869646110688,0.2172211350293542,-0.019286051690397463,0.4428928113522216,0.0628980170244763,-0.04893524722123143,-0.6149499195048828,-0.3975340537726664,0.36606094492591557,0.11733006854135135,-0.07634021960224809,-0.4083734202230727,0.20505143011385,0.1640962856564449,0.18616062390945987,0.31958393182497374,-0.14494712386607927,-0.15385846355547414,-0.1788032737894402,-0.11087889099900707,0.19010151060896724,-0.07032477610789238,-0.36724860941069865,-0.3491829986600214,0.042919803726875726,0.5831143416270618,0.059608803370190776,0.15264766274955896,,0.03689664812547598,-0.052471248300926414,-0.4942901487472646,-0.15422864469358835,,0.1797133024206376,0.0354506280547174,0.36580258933994003,0.04084139087850539,0.5341771663790693,-0.00346080803601554,0.14893813926137295,-0.3690262500843512,0.29697974607887556,-0.46443658237976343,-0.30906076176337327,-0.35091051063788764,-0.42439146655355575,-0.3112432880568382,-0.12187249959029431,-0.27914549853951975,-0.4134981153538411,-0.4911397530197719,-0.5294650689751573,-0.5448815709562048,-0.39704047892184746,-0.055193622087474574,0.05338898903916786
#201,0.4828453818939007,0.42797374027551505,0.639771336026144,0.6485014412000039,-0.04012802097693116,0.2526197063615243,0.0136986301369863,0.17697550442000134,0.15639960282648724,0.6313651393481341,0.23217876664128098,-0.09034154994071318,0.12951519767094366,-0.013613796959501798,-0.14648954527488842,-0.5380023714729161,1.0,0.1886940510734289,-0.312720156555773,-0.5636335592338022,0.02883749626444815,-0.42579892608909414,0.012302738762014017,-0.4057975764703614,-0.08550220277057445,-0.4816345810879855,0.3407768019820115,0.04866146742116781,-0.055517530583324495,-0.1640962856564449,0.5508700220759064,-0.23604638832386993,0.5005793720416839,-0.33253255955192657,-0.23128801827769369,-0.5636798318760664,-0.4945754967078943,-0.6643074045867756,-0.15603327774189507,-0.34304416145296096,-0.1191925423924884,-0.36564834719905914,-0.10964880992548176,-0.48095591566810947,-0.4075520808228818,-0.5568430489815198,0.11334290919957969,0.22509519632132494,0.46870523362864275,0.16983409329721497,0.16159370692065206,0.31441682010546307,0.38423838122873144,0.04623600975581541,-0.09429014874726462,-0.38566512103187994,-0.28277404490374325,-0.5007066218079107,0.20996789835442917,0.3532087185370133,0.36647354265277204,0.34622926166215184,-0.3490403246797066,-0.06722450907618598,-0.04725015183210743,0.32451968033316303,-0.2804372764693974,-0.1190228760375194,-0.42191202413889506,-0.3450223169097587,0.25028293792717843,0.3036815671001514,-0.09538526794751911,0.31053377420878603,-0.3146751756914386,0.11911927737556997,0.20403343198403595,0.38503272825426815,-0.07094560072493807,-0.5078904495194393,0.08718729815969846,-0.07913585840571467,,0.01792100874360136,0.11538661756625182,0.21169541033229541,0.292676390348298,,-0.29729594246768143,0.22895124984334783,-0.2845478295238738,0.16824154319261952,-0.40076928267764356,-0.030807939614201845,0.07402273143551233,0.5482864662161511,-0.008496813935777428,0.6500168702341589,0.5129303114727233,0.28711981722306307,0.5639960282648723,0.5980565490249005,0.10010893351199715,0.5120125707344818,0.4755535846837554,0.5557826342629636,0.5590795600242932,0.35824858049029723,0.28573163795513484,0.24856313805635621,0.3376032699333867
