,#10,#11,#12,#13,#17,#18,#26,#49,#50,#51,#52,#53,#54,#58,#101,#102,#201,#202,#301,#302,#401,#402,#501,#502,#601,#602,#701,#702,#801,#802,#901,#902,#1001,#1002,#1101,#1102,#1201,#1202,#1301,#1302,#1401,#1402,#1501,#1502,#1601,#1602,#1701,#1702,#1801,#1802,#1901,#1902,#2001,#2002,#2101,#2102,#2201,#2202,#2301,#2302,#2401,#2402,#2501,#2502,#2601,#2602,#2701,#2702,#2801,#2802,#2901,#2902,#3001,#3002,#3101,#3102,#3201,#3202,#3301,#3302,#3401,#3402,#3455,#3501,#3502,#3601,#3602,#3701,#3702,#3801,#3802,#3901,#3902,#4001,#4002,#4101,#4102,#4201,#4202,#4301,#4302,#4401,#4402,#4501,#4502,#4601,#4602,#4701,#4702,#4801,#4802
#10,1.0,0.37533475364638064,0.6337134759430461,0.46421293127548613,-0.2582649687177658,0.12498047872904476,0.09017573963926619,0.37480261826034145,-0.08505875661554183,0.3596136234370933,0.4562116202172886,0.0023579767287169946,0.0025045067625538643,-0.4388246748864874,-0.0910549198422874,-0.28760567996683795,0.5815989125929067,0.5148814745548668,-0.057792602161318,-0.19990745471547144,0.11654343362285868,-0.0514571062246344,0.3914530573684363,0.24756827624767433,0.3163371347594305,0.2522610933839762,0.3441277124926494,0.29936664320900774,0.1886092178959444,-0.05758823132465079,0.23237542537090414,0.10208708896879488,0.31365717756162453,0.24615696065861395,-0.08822843261064464,-0.32941301225261005,0.048665323474689826,-0.045522639854241174,0.35238737913682244,-0.13715018364454898,-0.07895847994370161,-0.37979620757136107,-0.14168875863996994,-0.15366180482585098,0.053415981413822027,0.13462832464114602,0.25819555975436936,0.2967830873492524,-0.18647296424474372,0.21402832271311925,0.32603896542084004,0.19900128213779608,0.42249814427424254,-0.02569866869752152,0.10871178891963021,-0.1986850857489902,0.02604571351450358,-0.12441749491482942,-0.09752923370576383,-0.15252812509037625,-0.21343063441720572,-0.1331938727309535,-0.18680458484763768,-0.005581637473128127,0.31549265903810747,-0.013239759767865579,-0.31677286880741906,-0.31935256861365235,-0.0025199309766419558,0.042619031552157946,0.4485766342436833,0.17176212005822641,-0.039514908466929524,-0.2610451833071443,-0.3721380852766236,-0.31468288779848264,-0.31155948444564413,-0.2566300020244281,-0.05952011413918425,0.060754051266231575,0.34860844668524,-0.048499513173242845,,0.08193149720918126,0.03098917412973692,-0.13084168008251953,-0.03916400759642544,0.08513202163246025,-0.12432494963030087,-0.016498124993974916,-0.22947952917586495,0.014369583449818283,-0.16455901207908766,0.053971253120993316,-0.06137487588327726,0.38823325267754716,0.3196996134306344,0.22385354708723357,0.3629452536801211,-0.10630946757540995,0.1456759179817416,0.42254827297002884,0.008705040825966664,0.17571071886477785,0.25825725661072174,0.10395341887345397,0.2640721853219323,-0.29579979370113657,-0.1314432244319551,-0.26255675628777725,-0.17099090935382183
#11,0.37533475364638064,1.0,0.26319686117243307,0.007544368715837775,0.029789941484387805,-0.08106388516672611,0.3168692701454696,0.154510136600696,0.10179402890112114,0.16523767749896368,0.32608909411662634,0.15607955038415933,0.08954720291517647,-0.12569770468414102,-0.10379917673257305,0.05432601004501943,0.27098223323339726,0.21633424271928894,-0.14677874928904014,0.11198172230630561,0.2337327562106562,0.24539731811477544,0.35606605419683224,0.12934553131597468,0.1894652617778335,0.09671946246613904,0.2344923987544947,0.26642823402388827,-0.08604205026365766,-0.132943229252022,-0.15997030838788043,-0.1642968004395901,-0.10413465338898904,-0.03264727714420676,-0.21141777447870977,-0.12660773331533842,-0.1781824491723945,-0.096376273702679,0.16326337809568797,-0.34137449027792505,0.15346900214974984,-0.1545564092429603,0.016043110678376216,0.15360782007654267,0.026971166359789075,0.08641223140177186,0.07082606306575535,0.2286736139897622,-0.07135434239827249,0.10484802329056327,0.08321556303201488,-0.03696605708887239,0.17955520422623467,-0.10633260389654209,-0.024915889832550876,-0.16776339255588868,0.0621229502665497,0.13451649908900737,-0.020076542662412156,-0.31770217770622655,0.08222070122333298,0.05657023319483674,-0.08999836117725314,-0.23481630725034464,0.19775577685018267,-0.056369718411691555,-0.019968573163795512,0.132430374133593,-0.06767952339178468,0.045399246141536446,0.21695892338985664,0.09396624025141469,-0.21162985742242102,-0.3794067461656368,-0.331931015202491,-0.18306035687775346,-0.239088814552746,-0.12189563591142645,-0.15480319666836975,0.15924537032574013,0.30223169097587077,-0.07317054360714527,,0.049390261536830134,0.13092265720648202,-0.007594497411624074,-0.1387195974280123,0.1980835413995546,0.000287275987390705,0.2971532684873666,-0.0608928691930244,0.090985510878891,-0.21673527228557932,0.18810021883103736,-0.05117561431752673,0.36282957207446037,0.13614375367530102,-0.07177079617865095,-0.14834816307250345,-0.31199136244011066,-0.2544860362661834,-0.0024852264949437497,-0.10251511090973943,-0.1286900022172308,-0.054225752653446826,-0.29768540387340575,-0.14713350621306623,-0.1322799880462341,-0.09951895732312764,0.009464683369805172,0.029859350447784216
#12,0.6337134759430461,0.26319686117243307,1.0,0.6260399294342206,-0.250714815921645,0.3331765204901044,0.12353060260476416,0.026454455187838007,-0.24533176520490105,0.5044122892425746,0.21934196446646678,-0.06489930880240617,0.024526428426826563,-0.38490933454156345,-0.18879816451852352,-0.18252436543819228,0.6903589021815623,0.6170360444602971,-0.22615946709340326,-0.34261999556553846,-0.02826294428966674,-0.2546248541929762,0.29074065148024253,0.19930205431251385,0.11938920112211157,0.13051777158666963,0.32605824568845015,0.29956715799215294,0.14760780079627506,-0.06262038117089065,0.2248522649494375,0.2146414352231209,0.4573530120598074,0.32183972313535714,-0.12740208034087513,-0.3996972997985212,-0.15183789150993415,-0.15948444564410555,0.20216324602585484,-0.22555021063692365,-0.3159361051931401,-0.280711056269461,-0.14974019839395372,-0.24158368118149479,0.2611300164846288,0.11717968245399246,0.35841053473822215,0.5567119431617711,0.18321459901863438,0.4622617681933425,0.544044807341926,0.44811005176751856,0.5233185196610529,-0.0071587633636354875,-0.05894170611088082,-0.2987650988595722,0.062103669998939584,-0.3492022789276315,0.15844331119315935,0.02853286803620834,-0.04715375049405686,-0.17974029479529177,-0.2506492630117706,0.01268063200717226,0.34056857509182226,-0.059431424908177724,-0.4103400075193044,-0.2758524288317122,-0.15689317767730615,-0.0399660667290062,0.4053579863688508,0.16191375936297997,0.002616332314692528,-0.3134489506714353,-0.5235421707653303,-0.3934543491463662,-0.18103978483221347,-0.1716233021314336,-0.035766824443523276,0.0548774256986687,0.27891413532819836,-0.04900465618462784,,-0.06063836966057089,0.0017795687004135618,-0.053608784089923166,-0.0132436158213876,0.04413060453279091,-0.15384303934138605,0.0748286466216151,-0.07356000501286958,0.2947200987149702,0.0221395312966944,0.11989048807997454,0.005157471585705609,0.25530351961285225,0.2553690725227266,0.40730143734395036,0.3165068011143995,0.2383985809723039,0.4742695188609218,0.5100035668495079,0.0884752200360541,0.22639854241176868,0.4073322857721265,0.33800044344615504,0.4186498028592637,-0.11746503041462215,-0.3119180974231922,-0.08828241735995296,-0.00428985954325046
#13,0.46421293127548613,0.007544368715837775,0.6260399294342206,1.0,-0.04428870272719385,0.27786914482373015,-0.03316398831615783,0.0375907377594401,-0.3192098946333375,0.47972197854106213,0.22836512970800035,-0.18954623890179595,-0.01909710506781834,-0.2034010392064242,-0.09177214579738367,-0.1911040845246932,0.4354621962152835,0.4016600310412308,-0.01980661891587055,-0.2581454310585831,-0.00931429728244628,-0.11419124097442472,0.2610760317353205,0.15496900696981675,0.3773051969961343,0.14912708588395207,0.4329557614259686,0.14221703797248705,0.16305129515197672,0.028397906162937542,0.26033181340557005,0.0867554201652319,0.3603077130710574,0.3671560641261701,0.1994601525069168,-0.31972274975176657,0.04328227275794588,-0.014616370875227748,0.3266250855561875,0.09790327089740006,-0.2169666354969007,-0.2600348972843743,-0.20038174929868027,-0.19116578138104556,0.034914636615156217,0.013918425187741605,0.2992124010681268,0.32500168702341586,0.2136967021102253,0.21405531508777342,0.26207860565104646,0.17245620969219053,0.3815931285126238,0.18374287835115152,0.15685461714208593,-0.009456971262761127,-0.1182131047978946,-0.2518137911754215,-0.0932952869385827,0.11090588337366122,-0.28855426913325555,-0.20684449500159063,-0.16988036593947925,0.05224759719664909,0.2292867264997638,0.06733633462832464,-0.3668552919514523,-0.4384313574272411,-0.04088766352076967,0.06818466640316967,0.21673912833910133,0.12617585532087186,0.01262664725786394,-0.07380293638475702,-0.26365187548803176,-0.2784514089055556,-0.2750927862878737,-0.21225839414651076,-0.023550846885754775,0.027109984286581897,0.13732370605304,0.02544416916506801,,0.024784784012802097,-0.10244570194634302,-0.20273779800063624,-0.10700741326289609,0.06056124859013043,-0.18006034723761966,0.04135038994341241,0.010255174341819865,0.03588636210270599,-0.02039273905121803,-0.0890304917432254,-0.01856111362825716,0.15624536068560632,0.2548060887085113,0.2309178371395795,0.3312793421572691,0.156021709581329,0.48552148303818454,0.5107670654468685,0.1306990061022047,0.15122863505345455,0.4457925636007828,0.22353349464490568,0.4879006680612727,-0.19344470901256108,-0.040922368002467874,-0.364113637897294,-0.1938688748999836
#17,-0.2582649687177658,0.029789941484387805,-0.250714815921645,-0.04428870272719385,1.0,0.37335274213606084,0.4062217423577839,0.19793701136571776,0.2864835683919293,-0.08734154030057938,-0.08138393760905402,0.5986349570532039,0.49968476762457464,0.5345781959453597,-0.04566531383455602,-0.3205363770449134,-0.09549709349965778,-0.2320630850356203,-0.1694523439985347,0.016764192686994497,-0.10529918155263995,-0.17443050909546626,-0.5192812316234949,-0.39208930619957005,-0.17421842615175498,-0.3267870398041125,-0.2872123625075916,-0.334121253603,0.12295990668350476,-0.0016176144524886005,0.08738395688932163,0.19881233551521696,0.1323686772772406,-0.06784918974675369,0.4040083676361428,0.2462842104248407,0.17094463671155755,-0.15773379734510715,-0.0919109637241765,-0.07693790789816163,0.3987834151138018,0.254085006699893,0.08903434779674742,-0.1523468905748412,-0.24205797576470361,-0.4291652608138201,-0.2550066034916565,-0.22760163111063983,-0.05978232577868181,-0.4587720397559118,-0.2913460518832001,-0.482733556341762,-0.40499937339130265,-0.10759738945176558,-0.10720792804604128,0.020172944000462725,-0.3374528838460278,-0.17561431752672726,-0.08541351353956793,0.04167429843926234,-0.018823325267754716,0.1638417861239914,0.014597090607617633,0.042194865664735424,-0.14750368735118044,-0.1800333548629655,0.3557267214868942,0.2526698350573106,-0.10147012040527123,-0.12671570281395506,-0.10020533485004772,0.0605728167506965,0.23909652665979003,0.3584490952734424,0.3125196417726278,0.39335794780831557,0.15168750542257525,0.10381460094666115,0.0314750368735118,-0.22003991015395294,0.3629761021082973,0.362089209798232,,0.4638851667261142,0.43003287285627523,0.06823093904543395,0.07947519111565268,0.41579246719944474,0.3175402234583016,0.5256707123094868,0.36972805182535934,0.07162041009129207,0.0543221539914974,0.12419769986407411,0.3121995893302999,-0.09373873309361534,-0.4597283410293735,-0.04568845015568816,-0.2470592771827673,0.12538536434885716,-0.27943855860719347,0.14519005523796671,0.5351141873849209,0.2028958961950392,0.15678906423221153,0.10846114544069872,-0.13416559821850327,-0.005685750918222745,0.1545718334570484,0.009210183837351662,0.06209595789189554
#18,0.12498047872904476,-0.08106388516672611,0.3331765204901044,0.27786914482373015,0.37335274213606084,1.0,0.32866493786933765,0.15874408336787715,-0.26932027416540544,-0.03838508478497681,-0.19530718286369814,0.3825455737325634,0.6655297735532569,0.2940530014556602,-0.1457260466775279,-0.3668591480049743,0.22941397626599058,0.08033509105106379,-0.10828376697868566,-0.4082962991526322,-0.3437343950334031,-0.509525416212777,-0.33495801721727897,-0.33085903232336866,-0.2690233580442096,-0.24469937242728929,-0.27950025546354584,-0.3055826014865086,0.26186266665381314,0.27941927833958335,0.04910876962972246,0.4236086876885851,0.44035938418825255,0.09227728880876866,0.45296482315174535,0.015850308002275073,0.08317314644327263,-0.2852226388902278,-0.06497257381932461,-0.0349956137391187,0.21800391389432486,0.1945398282128156,0.12342263310614751,-0.29606200534063415,0.16761300646852978,-0.21726355161809646,-0.18949225415248763,0.12637637010401703,-0.09339940038367732,0.03433237253333076,0.1974087320332006,0.17333538989521174,-0.012275746387359857,-0.10570021111893033,-0.15553584683755411,-0.18147937493372407,-0.11736862907657158,-0.6129409156199088,0.2164807727531258,0.176582186960755,-0.005847705166147706,-0.21461829890198875,-0.10924392430566936,0.36645426238516193,-0.2620940298651345,-0.17690995151012695,-0.03004058496331929,0.019532839115806926,-0.14029286726499765,-0.09886342822438375,-0.10001253217394658,-0.06251241167227402,0.2763807081642293,0.2510734288991931,0.013031532877676342,-0.037505904581955594,0.23250653119065293,-0.07149316032506531,0.29325479837660146,-0.0959405396546904,0.31242709648809924,0.6457597871458456,,0.2337983091205306,0.3637203204380477,0.09876702688633318,0.21210800805915186,0.47991863727068534,0.3051044508497778,0.30379724870581204,0.32101452768164424,0.4175006989097009,0.20641261700712407,0.17899607646554133,0.1524162995382376,-0.2441595249342061,-0.2308021555339188,0.23228673613989761,0.023153673372986416,0.5367722903993908,0.17271456527816606,0.45151494702746475,0.6732611608649128,0.31741297369207483,0.358040353600108,0.5276103072310644,0.2529551830179403,-0.08937753656020746,-0.26403362478671205,0.07335949022972439,0.07312427096488099
#26,0.09017573963926619,0.3168692701454696,0.12353060260476416,-0.03316398831615783,0.4062217423577839,0.32866493786933765,1.0,0.1254933338474738,0.07934408529590391,0.26178940163689474,0.01699555589831587,0.30783453674337,0.4750098811371502,0.41236057956484434,-0.21353860391582236,-0.11126449635120936,0.18370046176240926,0.23126488195656156,-0.40968062236703845,-0.2883537543501104,-0.0072281723270318995,-0.21312986224248792,-0.06951114881474554,-0.3389413205055286,-0.17482382655471257,-0.3265055478970048,0.017886304261903154,-0.11966683697569722,0.08504333240145373,-0.17439580461376805,0.08162686898094146,0.2068907676438549,0.29238718633414634,-0.07056385142625779,0.13457819594535972,-0.20878794597669015,-0.14099081295248378,-0.36329615455062514,0.24161067355614896,-0.3888502212410708,0.3158551280691776,0.049879980334127036,0.05115633404991661,-0.23529060183355344,0.21417485274695613,-0.06164094357629684,-0.10892001580981944,0.14311549844311838,0.009044373535904678,0.13248821493642332,0.186688903241977,0.13237253333076263,0.19565037162715818,-0.1561258230264236,-0.06505740699680912,-0.3398783415113802,0.10802541139271013,-0.12543549304464346,0.10069505364734463,-0.18942284518909122,-0.004212738472810003,0.0010816230129274194,-0.48791609227536076,0.11591104084524693,0.009375994138798647,-0.2516441248204525,0.018206356704231055,0.31965334078837015,-0.4042975716502945,-0.3293860198779559,-0.07473610133708655,-0.06236202558491512,-0.11766940125128937,-0.12157172741557652,-0.14600368253111354,0.025571418931294766,0.0076561942679764395,-0.013806599635602943,0.012618935150819893,-0.24236646004646545,0.3729632807303365,0.26421485930224714,,0.2548870658324738,0.35793624015501335,0.06439416579102118,0.047716734308272196,0.29376765349503053,0.24934591692132688,0.3283294612129216,0.11180048779077054,0.3025517434181986,0.04718459892223304,0.15400499358931102,-0.035843945513963735,0.1261488629462177,-0.26272642264274626,0.16349474130700933,-0.005647190383002516,0.27904909720146914,-0.05992885581251868,0.34796062969354014,0.44435425563706826,0.2987034020032198,0.2601312986224249,0.27698996462070896,0.08908062043901169,-0.22246922387282736,-0.059431424908177724,0.006649764298728466,0.10905497768309023
#49,0.37480261826034145,0.154510136600696,0.026454455187838007,0.0375907377594401,0.19793701136571776,0.15874408336787715,0.1254933338474738,1.0,0.16103843521348077,0.07903174496062006,0.22681885224566917,0.34144389924132146,0.2688806840638948,0.0822746859726413,0.054441691650680114,-0.40623716657187203,0.297056867149316,0.21043062477707192,-0.21761830854212255,-0.2875478391640076,0.2913460518832001,-0.18226215379869473,0.09863977712010642,-0.10436987265383244,0.1047863264342109,-0.03332208651056077,0.15926465059335024,0.11259483481630725,0.34162513375685655,-0.16896262520123778,-0.08547135434239828,0.17931227285434723,0.0715240087532415,0.011593224913961806,0.05600339332709938,-0.15087387812942843,-0.020292481659645437,-0.23107207928046042,0.04916275437903078,-0.25339091706592887,-0.056701339014585524,-0.24039987275023378,-0.04923601939594922,-0.30055430769379077,-0.03014855446193593,-0.15669266289416098,0.008813010324583306,0.0903299817801471,-0.27516990735831415,-0.06532733074335072,-0.0949611020600966,-0.028239807968534602,0.04749693925751689,-0.08804334204158754,0.09046494365341791,-0.20994861808681906,0.15218879238043825,-0.061987988393278896,-0.3214117011944126,-0.2714912322983043,-0.3116366055160846,-0.05363577646457733,-0.27235884434075947,-0.10431588790452412,0.16809115710526062,-0.2181157394464635,0.004540503022181948,-0.04573472279795244,-0.20912342263310615,-0.3299374355316052,0.07575795552042262,-0.1465358179171527,0.2529628951249843,0.1461502125649504,0.0730085893592203,0.2383484522765176,-0.10070662180791069,-0.1411643353609748,0.08902663568970337,-0.3377073833784813,0.29451572787830294,0.041735995295614704,,0.31389625287998996,0.0792245476367212,-0.0707180935671387,0.01508680940491454,0.050928826892117265,-0.11469638398580972,-0.048619050832425556,0.027773225492369834,-0.1350833389567447,-0.1086423799562338,0.022162667617826537,-0.04346350727348096,0.39456489256070876,-0.15544330155302555,0.36811236539963177,0.2977779491579343,-0.0874302295315859,-0.03591721053088217,0.34638735985655483,0.07314740728601313,0.33407498096073573,0.21624940954180444,0.14460779115614125,0.10190199839973779,-0.19759382260225772,0.16297417408153625,-0.3277664773987063,-0.16832637637010403
#50,-0.08505875661554183,0.10179402890112114,-0.24533176520490105,-0.3192098946333375,0.2864835683919293,-0.26932027416540544,0.07934408529590391,0.16103843521348077,1.0,0.16827239162079569,0.20854887065832473,0.3381469734799919,0.08471556785208179,0.18385084784976816,0.13018615098377564,-0.2100758678530458,0.01230659481553604,-0.13175556476723896,-0.066218079106938,-0.03354959366836012,0.22627900475258597,-0.12981982589918348,-0.24468009215967917,-0.18169531393095736,-0.15401270569635506,-0.25592820028341995,-0.1088814552745992,-0.07586978107256129,-0.09705493912255501,-0.18371588597649735,-0.10139685538835279,-0.04411903637222485,-0.18097037586881706,-0.2564063509201508,-0.16568497970751833,0.14249081777255068,0.0664031696759951,-0.16895876914771576,-0.21918001021854183,-0.32526389866291344,0.015376013419066257,-0.10229917191250615,-0.16846519429689685,0.04029383127837814,-0.21127895655191695,-0.23082143580152892,-0.08665130672013728,-0.13362189467189806,0.00268574127808894,-0.28280489333191944,-0.2544050591422209,-0.3480878794597669,-0.39010729468925026,-0.2300772174717785,-0.09412819449933965,-0.09452151195858599,-0.09327986272449462,0.05302652000809771,0.012032815015472416,-0.12589436341376417,0.20136889900031812,0.44297378847618407,0.04721930340393125,-0.18978145816663936,0.2176414448632547,0.055664060617161365,0.4431048942959328,0.45827075279804885,0.06480676351787763,-0.27069302921924554,0.23518648838845882,0.05818591962056433,0.09624131182940819,0.027472453317652048,0.2713215659433353,0.42574879739330784,0.15869781072561287,0.343048017506483,0.16472482238053465,-0.23620448651827286,0.1510705368590516,-0.0721486894238092,,0.09823874755381605,0.06737103911002285,0.20974424725015184,0.09614876654487964,0.074979032708974,-0.04912033779028853,0.025085556187519883,-0.11059354303837737,-0.07564227391476194,-0.24772251838855525,0.24950787116925183,0.32710323619291837,0.1633366431126064,-0.3028255232182623,-0.01054437835597158,-0.20150771692711095,-0.17217471778508286,-0.31983843135742723,-0.1606566859148005,-0.08165771740911763,-0.09702409069437884,-0.07308571042966076,-0.22338310855754678,-0.24017622164595645,0.15586746744044808,0.22941397626599058,0.25324053097856997,0.2860671146115508
#51,0.3596136234370933,0.16523767749896368,0.5044122892425746,0.47972197854106213,-0.08734154030057938,-0.03838508478497681,0.26178940163689474,0.07903174496062006,0.16827239162079569,1.0,0.29544118072358844,-0.0381305852525233,0.044388960118766446,-0.07121552447147966,-0.13368744758177242,-0.23786258953274272,0.4911937377690802,0.3903116655259175,-0.31497209181263436,-0.3898103785680545,0.1500255463545834,-0.25510300482970705,0.26460817676149345,0.1091668032352289,0.19532646313130828,-0.022926166215187067,0.3854800304628228,0.16585464606248734,0.023762929829466033,-0.2808267378751217,0.2506993917075569,0.15377748643151168,0.30922657206482024,0.16507572325103873,-0.11070536859051604,-0.35744266530419444,-0.1643816336170746,-0.21532010064299692,0.26321228538652114,-0.30589108576827045,-0.1931555049984094,-0.2369679851156334,-0.1336797354747284,-0.21983939537080774,0.1722981114977876,0.007902981693385904,0.20376350823749434,0.25232664629385054,0.2862406370200418,0.34636036748190063,0.2925568526891153,0.22826101626290574,0.33766496678973906,-0.045337549285184076,-0.04399178660599809,-0.34836165925983054,0.043644741789016034,-0.14357436881223912,0.10015520615426142,-0.03104315887904524,-0.14871834421061764,0.053736033856149924,-0.43463314470804854,-0.10701512536994014,0.4406177397742281,-0.10255367144495965,-0.3539220884385875,-0.08251761734452874,-0.2918396267340191,-0.1722171343738251,0.25602074556794846,0.08120270309351894,-0.11323879575448507,-0.20594989058448132,-0.30317256803524434,-0.16726981770506974,-0.2108316543433623,0.031359355267851115,-0.09859350447784215,-0.28118149479914784,0.26430740458677565,-0.15028390194055893,,0.006784726171999268,0.01902769610442193,0.04757406032795735,0.003464664089537563,0.028112558202307847,-0.05663964215823316,0.15904871159611694,-0.0505972062892233,0.22093837062458427,-0.02271793932499783,0.19687274059363943,0.08110630175546836,0.3023820770632296,0.022270637116443177,0.2107352530053117,0.20706814610586796,0.09986600214010971,0.32783203030858066,0.3756856545168847,0.016374731281270184,0.08081709774131665,0.2908447649253372,0.08576827046359403,0.3242227642119673,-0.16532251067644818,0.10310123104508691,-0.08571042966076368,0.13128512623755217
#52,0.4562116202172886,0.32608909411662634,0.21934196446646678,0.22836512970800035,-0.08138393760905402,-0.19530718286369814,0.01699555589831587,0.22681885224566917,0.20854887065832473,0.29544118072358844,1.0,-0.023743649561855918,-0.18444082403863765,-0.28309409734607116,0.1665718720175836,-0.08698292732303124,0.35236038676216824,0.2849334348760761,0.009823296347353301,0.07450859417928721,0.42068579911889176,0.19747814099659702,0.3397665159592415,0.21021468577983862,0.4429815005832281,0.25426624121542807,0.3995623379252504,0.24366980613690917,0.11175421514850627,-0.03233879286244493,0.051075356925954135,-0.026196099601862474,0.03259329239489844,0.12800748074383272,-0.0450714815921645,-0.04987226822708299,0.10784417687717505,0.03627967956195232,0.11065523989472974,-0.2003547569240261,0.01290813916497161,-0.22487540127056962,-0.24382404827779008,0.14464635169136147,-0.2823537350698428,-0.19265421804054642,0.1826940317931613,0.0988210116356415,-0.15913354477360145,-0.0727193853450686,-0.05175402234583016,-0.1769986407411335,0.10290842836898575,0.058679494471383264,0.2228471171179856,0.03496476531094252,-0.02193130440650516,0.06337616766120714,-0.3308667444304127,-0.437737267793277,-0.24909141738887336,-0.16190990330945793,0.00435541245312485,-0.06949186854713543,0.44257275890989367,0.2202558491511862,0.02604185746098156,-0.1887287555551271,0.26662874880703347,0.09461791329663656,0.5272748305746484,0.368825735301206,0.034189698553015915,-0.2364975465859466,-0.05530544763961324,-0.05092497083859524,-0.35874215534111614,-0.14036227622839406,-0.011735898894276653,0.20934707373738348,0.1402735869973875,-0.1557710661023975,,0.09821561123268391,0.06359981876548447,-0.3155003711451515,-0.38856872933396314,0.05178487077400634,-0.17041635737904043,-0.03254316369911214,-0.3694889765069939,-0.28851956465155737,-0.5059585667049059,-0.17849093345415634,-0.2739051218030906,0.38452758524288316,0.2781622048914039,-0.0751641232780311,0.1293339631554086,-0.19733161096276017,-0.08068599192156788,0.02291845410814302,-0.11201642678800382,-0.1805076494461743,0.031235961555146387,-0.16497932191298814,0.03676939835924923,-0.20551415653649271,-0.051221886959791005,-0.41559966452334357,-0.35728071105626946
#53,0.0023579767287169946,0.15607955038415933,-0.06489930880240617,-0.18954623890179595,0.5986349570532039,0.3825455737325634,0.30783453674337,0.34144389924132146,0.3381469734799919,-0.0381305852525233,-0.023743649561855918,1.0,0.605390762823788,0.4619609960186247,-0.20789719761310288,-0.5156835336874476,0.07295460460991199,-0.14064762418902374,-0.34423568199126603,-0.11588404847059278,-0.12061542614211486,-0.3726316601274426,-0.4136716377623321,-0.36924218908158446,-0.3885725853874852,-0.463684651942969,-0.4269133255569587,-0.29651701965623284,0.04523343584008946,-0.16010912631467325,0.15454869713591624,0.2505065890314558,0.2205026365765957,-0.25395775693366623,0.20254113927101308,0.2131105819748778,-0.09877859504689925,-0.4659790037885726,-0.3038203850269442,-0.3905970134865472,0.18804237802820703,-0.003391399072619128,0.2486094106986205,-0.19944087223930668,0.04708434153066045,-0.24421736573703642,-0.34503002901680274,-0.1553661804825851,-0.191740333355827,-0.2693164181118834,-0.07362941397626599,-0.23884202712733651,-0.33379348905362805,-0.5029778373323822,-0.4574031407555937,-0.4008078432128638,0.027742377064193652,-0.1629124772251839,0.03804189602151678,-0.0074980960735735016,0.27981259579882967,0.3161559002438954,0.02367809665198153,-0.11665911522851938,-0.18165675339573714,-0.3127124444487289,0.3244926879585089,0.4040237918502309,-0.290813916497161,-0.21811959549998555,-0.09360762727386657,-0.06660368445914029,0.3704067172452354,0.4098040160797432,0.3427356771711991,0.4541679118506165,0.28952599462080536,0.32246440380592484,-0.0002024428099062015,-0.452062506627592,0.38991449201314915,0.4342398272488022,,0.48282995767981257,0.6089421881175711,0.439094598633029,0.35333596830324004,0.5276103072310644,0.31684613382433746,0.4764520451543867,0.2767470332488215,0.2279525319811439,0.10365264669873618,0.3766149634156922,0.3232047660821532,0.0222243644741789,-0.6219910732360965,0.0415162002448594,-0.24071606913903965,0.13318616062390945,-0.35284239345242113,0.13233782884906442,0.38954045482151295,0.37395814253901843,0.15099727184213316,0.2190026317565288,-0.12442135096835144,0.23918521589079655,0.19776348895722673,0.28044884462996345,0.30037307317825573
#54,0.0025045067625538643,0.08954720291517647,0.024526428426826563,-0.01909710506781834,0.49968476762457464,0.6655297735532569,0.4750098811371502,0.2688806840638948,0.08471556785208179,0.044388960118766446,-0.18444082403863765,0.605390762823788,1.0,0.5998457578591191,-0.27586399699227826,-0.40556235720551803,0.0892155823122825,0.059323455409561084,-0.4115778006998737,-0.522848081131366,-0.3442395380447881,-0.5743186835433276,-0.37767923418777055,-0.47920526736911107,-0.4875960398330329,-0.4608620207648482,-0.33578321267099187,-0.20976352751776195,0.27434856795812324,0.03503803032786095,-0.05798154878389712,0.22679957197805906,0.3532087185370133,-0.2576595683148082,0.21262471923110293,0.013582948531325615,-0.24681634581087986,-0.6290553632884425,-0.18538170109801125,-0.25909787627852277,0.2525310171305178,0.21397433796381093,0.3053628064357533,-0.3714709880173137,0.3277741895057503,-0.10110379532067905,-0.16873126198991642,0.09631843289984865,0.06836975697222678,0.08953177870108837,0.24798087397453078,0.1635680063239278,-0.002041780339911118,-0.388711403314278,-0.3333269065774633,-0.41824877329297333,0.046120328150154724,-0.40442482141652125,0.32511351257555454,0.15914511293416753,0.09328757483153866,-0.01848013650429468,-0.25074566434982115,0.16531094251588213,-0.16537263937223448,-0.3920430335573058,0.18814649147330165,0.45464991854086934,-0.41999170948492764,-0.4250200032776455,-0.25512614115083915,-0.3341019733353899,0.135129611599009,0.17392922213760326,0.06862040045115826,0.15222735291565848,0.3262317680969412,0.19987660628729526,0.27155678520817866,-0.34047602980729375,0.4695034367077015,0.6458600445374182,,0.37690802348336594,0.4702206626627978,0.25767884858241835,0.30799263493777296,0.5102734905960494,0.41468577983862415,0.4771037181996086,0.4608928691930244,0.5105858309313334,0.3045954517848708,0.2636711557556419,0.24321479182131048,-0.1740024871545217,-0.49191867583122056,0.21699362787155485,-0.0419210858646718,0.4246845266212295,-0.0045983438250122915,0.4477360145758823,0.5446810561730597,0.4955549343024881,0.39673970674712966,0.5624921673912834,0.15553970289107613,0.0012512893678964265,-0.13230312436736621,0.2349975417658797,0.28908640451929474
#58,-0.4388246748864874,-0.12569770468414102,-0.38490933454156345,-0.2034010392064242,0.5345781959453597,0.2940530014556602,0.41236057956484434,0.0822746859726413,0.18385084784976816,-0.07121552447147966,-0.28309409734607116,0.4619609960186247,0.5998457578591191,1.0,-0.16234949341096855,-0.11323879575448507,-0.3449220595181861,-0.21090491936028072,-0.24830478247038068,-0.146585946612939,-0.21955790346370008,-0.28615580384255734,-0.4627591990976835,-0.5662209711470795,-0.45736458022037346,-0.5045819555975437,-0.43771413147214483,-0.33392073881985485,-0.0238246266858184,-0.04453163409908129,-0.02620766776242854,0.08520914270290071,0.06445200659385152,-0.3694581280788177,0.20842933299914204,0.18223516142404056,-0.15050369699131425,-0.43227709600609254,-0.3484233561161829,-0.18597553334040276,0.31043351681721343,0.2844475721323012,0.25679581232587506,-0.3012252610066228,0.12086606962104635,-0.19008223034135713,-0.29201700519603213,-0.11852158907965643,0.09179913817203783,-0.11683649369053242,-0.0592926069813849,-0.07469368474834431,-0.26057088872393547,-0.26999893958528143,-0.27468790066806126,-0.20508227854202615,0.012915851272015656,-0.09173744131568547,0.19734317912332625,0.1789690840908872,0.21703218840677507,0.18448324062737992,-0.12001002573915726,0.10328246556062198,-0.26699507389162563,-0.3429361919543443,0.48297263166012744,0.6911609613141431,-0.2781082201420956,-0.2846172384872702,-0.35910462437218627,-0.26509403950526833,0.0975215215987198,0.3227420396595105,0.37962268516287007,0.41691072272083135,0.44708434153066046,0.409098358285213,0.19327118660407006,-0.3764684333818553,0.07185562935613546,0.4234698697617923,,0.23232144062159582,0.30179210087436015,0.24930735638610663,0.2505605737807641,0.3176597611174843,0.4513722730471499,0.3006738453529735,0.3030376061619735,0.23836002043708368,0.16032506531190652,0.13275813868296493,0.20739205460171786,-0.29426122834584945,-0.5770526254904418,-0.03218069466804199,-0.2450040006555291,0.26412617007124056,-0.25475210395920295,0.05532858396074537,0.36197352819257134,0.2777920237532897,0.14084042686512488,0.22900137853913413,-0.08997136880259898,0.18754109107034406,0.0948107159727377,0.25926368657996973,0.3013486547193275
#101,-0.0910549198422874,-0.10379917673257305,-0.18879816451852352,-0.09177214579738367,-0.04566531383455602,-0.1457260466775279,-0.21353860391582236,0.054441691650680114,0.13018615098377564,-0.13368744758177242,0.1665718720175836,-0.20789719761310288,-0.27586399699227826,-0.16234949341096855,1.0,0.3952281337664967,-0.10794443426874765,-0.14073631342003026,0.668240579179239,0.3179798135598122,0.5806618915870553,0.2656223188377855,0.010023811130498491,-0.2048354911166167,0.1293840918511949,0.005034077873000877,0.20489718797296907,-0.22895896195039186,-0.08530168798742926,0.123337799928663,-0.2246170456845941,-0.24617238487270204,-0.5203377902885292,-0.24668523999113107,0.20248329846818275,0.2106697000954373,0.6373921510030559,0.4179325769041674,0.09529272266299056,0.29746175276912845,0.011516103843521348,-0.0012011606721101288,-0.03727839742415625,0.4298593504477842,-0.5845950661795186,-0.2649860700066517,-0.21042676872354987,-0.23591142645059912,-0.43618327822390174,-0.43090434095225244,-0.3941908553690725,-0.2271581849556072,-0.33412510965652203,0.5278648067635179,0.6501556881609517,0.6612688344114216,-0.24929193217201856,-0.032211543096218175,-0.45143396990350226,-0.2764346929135376,-0.2375579613045029,-0.22133554413735262,0.1762081497691188,0.05407536656608794,-0.013933849401829698,0.18935729227921683,0.12331466360753088,-0.11736477302304955,0.6827817570107874,0.23182400971725486,0.1828791223622184,0.21600262211639498,0.08612302738762014,-0.10299711759999229,0.1276180193381084,-0.08078239325961845,-0.1709986214608659,-0.29296559436244973,0.39635024534140534,0.3154348182352771,-0.1804035360010797,-0.26693723308879524,,-0.38627823354188157,-0.34159428532868036,-0.49632228895337066,-0.42699815873444324,-0.2434538671396759,-0.16769783964601429,-0.42002255791310383,-0.3416289898103786,-0.5102850587566156,-0.39994023117040867,-0.39007644626107413,-0.111202799494857,0.052151195858598516,0.10768607868277212,-0.23856439127375087,-0.08498549159862338,-0.4141690686666731,-0.11776580258933994,-0.2972689500930273,-0.26216343882853094,-0.3456392854732824,-0.4204698601216585,-0.44179769215196707,-0.5580846982156112,-0.27033441624169746,-0.07729266482218773,-0.3676804874051652,-0.39051989241610674
#102,-0.28760567996683795,0.05432601004501943,-0.18252436543819228,-0.1911040845246932,-0.3205363770449134,-0.3668591480049743,-0.11126449635120936,-0.40623716657187203,-0.2100758678530458,-0.23786258953274272,-0.08698292732303124,-0.5156835336874476,-0.40556235720551803,-0.11323879575448507,0.3952281337664967,1.0,-0.3666933377035273,-0.07205614413928066,0.4278310662952002,0.5079367221617036,0.16770940780658036,0.6306402012859939,0.12132108393664504,0.07011654921770315,0.09576701724619938,0.22359904755478005,0.08804334204158754,0.005330993994196639,-0.21009900417417793,0.228137622550201,-0.1713071057426277,-0.31740911763855284,-0.38649031648559284,-0.15563996028264873,-0.12113213731406591,0.19619407517376342,0.13326328169434992,0.38130006844495,0.05292626261652512,0.3359104624372186,-0.013679349869376188,0.19544600079049096,0.026782219737209952,0.5506964996674154,-0.25454002101549167,0.12635708983640692,-0.009445403102195058,-0.16878139068570272,-0.05438770690137179,-0.005967242825330415,-0.08390579661245698,0.05023859331167516,-0.028378625895327428,0.5054649918540869,0.3062844032275168,0.48731840397944726,-0.06472193034039313,0.3383860487983573,-0.1063865886458504,-0.1893033075299085,-0.02422565625210878,-0.2645811843868393,0.20252185900340297,-0.02987863071539433,-0.02722952194576461,0.17545621933232433,0.0974212642071472,0.028401762216459566,0.332436158213876,0.24238574031407556,0.028451890912245863,0.00469088910954084,-0.21249746946487616,-0.3021237214772541,-0.05549053820867034,-0.1761040363240242,-0.09236212198625317,-0.18748325026751372,0.06361524297957255,0.5630782875266309,-0.3675301013178063,-0.16019010343863574,,-0.38195945359721595,-0.34470612052095284,-0.39294535008145914,-0.487110177089258,-0.39530139878341514,0.043085614028322713,-0.3865982859842095,-0.3256417919080717,-0.32930889880751546,-0.21497691187953688,-0.4846307346745973,-0.31750166292308135,-0.15304483626232732,0.3598488427019367,-0.34708144949051895,-0.24659269470660253,-0.3400480078663492,-0.07366026240444218,-0.4314557566059017,-0.4543375782055855,-0.3400711441874813,-0.32479346013322663,-0.36669719375704934,-0.34541949042252706,-0.13541881561316071,-0.23438057320235606,-0.14133785776946584,-0.2331080755400885
#201,0.5815989125929067,0.27098223323339726,0.6903589021815623,0.4354621962152835,-0.09549709349965778,0.22941397626599058,0.18370046176240926,0.297056867149316,0.01230659481553604,0.4911937377690802,0.35236038676216824,0.07295460460991199,0.0892155823122825,-0.3449220595181861,-0.10794443426874765,-0.3666933377035273,1.0,0.5379483867236077,-0.3152612958267861,-0.3845622897245814,0.09633385711393674,-0.2969026250084351,0.38633221829118986,0.22759391900359577,0.29620467932094896,0.11004983949177215,0.3526033181340557,0.3606778942091716,0.2213316880838306,-0.18565162484455283,0.18462977066121677,0.08446106831962828,0.4033528385373989,0.19798328400798204,-0.19380332199010922,-0.49899067799061053,-0.18295238737913683,-0.15768366864932085,0.19405782152256273,-0.38111497787589294,-0.3518475316437392,-0.46634918492668676,-0.31642196793691496,-0.3103486836397289,0.18854752103959202,0.021888887817762912,0.3710506781834132,0.49690840908871814,0.09117831355499215,0.27001436379936955,0.30866744430412696,0.2658421138885408,0.44780927959280076,-0.0481216199280846,-0.06450213528963782,-0.27380872046504007,-0.08372841815044393,-0.3587035948058959,0.11262953929800545,-0.07190961410544379,-0.0968158638041896,0.06234274531730501,-0.30383580924103226,-0.21916072995093172,0.49012946699700194,-0.018244917239451285,-0.4049723810166485,-0.26645137034502037,-0.13088795272478382,-0.15912583266655742,0.47802145893785003,0.15181861124232404,-0.07342118708607676,-0.18430200611184483,-0.563105279901285,-0.3292009293088988,-0.34167526245264285,-0.2630927477273385,0.05799697299798521,-0.043879961053859426,0.4126690638466062,-0.08046619687081256,,0.06366537167535885,0.040432649205170965,-0.012557238294467527,0.029689684092815208,0.03241591393288539,-0.31828829784157403,0.10539558289069052,0.04327070459737981,0.20070951384805222,0.105141083358237,0.14546383503803031,0.13240338175893882,0.46131317902692487,0.23810552090463016,0.5793701136571776,0.48632354217076534,0.2094164827007799,0.4231883778546846,0.5725641791908072,0.11641232780310991,0.23519420049550288,0.3293860198779559,0.2801866329904659,0.3409464683369805,-0.04915889832550876,-0.07942506241986638,-0.08051246951307685,-0.003595769909286341
