,#10,#11,#12,#13,#17,#18,#26,#49,#50,#51,#52,#53,#54,#58,#101,#102,#201,#202,#301,#302,#401,#402,#501,#502,#601,#602,#701,#702,#801,#802,#901,#902,#1001,#1002,#1101,#1102,#1201,#1202,#1301,#1302,#1401,#1402,#1501,#1502,#1601,#1602,#1701,#1702,#1801,#1802,#1901,#1902,#2001,#2002,#2101,#2102,#2201,#2202,#2301,#2302,#2401,#2402,#2501,#2502,#2601,#2602,#2701,#2702,#2801,#2802,#2901,#2902,#3001,#3002,#3101,#3102,#3201,#3202,#3301,#3302,#3401,#3402,#3455,#3501,#3502,#3601,#3602,#3701,#3702,#3801,#3802,#3901,#3902,#4001,#4002,#4101,#4102,#4201,#4202,#4301,#4302,#4401,#4402,#4501,#4502,#4601,#4602,#4701,#4702,#4801,#4802
#10,1.0,0.37192214627939035,0.4236742405984595,0.5223120896918049,-0.024125398860536183,-0.10081073525300531,0.14013862512411673,0.769334734366113,0.41566136137969595,0.5916709243924305,0.6330849392189564,0.040482777900957265,-0.2041645378037847,-0.16003586129775482,0.4528529975996067,0.5772801326482412,0.4530110957940096,0.37914839057966127,0.27008377276276596,0.26128425862550975,0.18957323127645012,0.6013920353214502,0.4338156613613797,0.4204698601216585,0.1442453221250711,0.401852833717332,0.055397992924141784,0.18612591942776166,-0.26820201864401877,-0.243978290418671,-0.2080514397539838,-0.38340932972149655,-0.4809250672399333,-0.5540705464991854,-0.5140948396363741,0.09578629751380949,-0.1790577733218937,0.025278358863621026,-0.5840089460441711,-0.09185697897486818,0.08348934283207851,0.24240116452816365,0.27601823913315915,0.24642302835163352,-0.28312494577424735,0.3027136976661236,-0.07763585358564777,-0.317274155765282,-0.36029228885696934,-0.0745394426074634,-0.26130739494664185,0.10385316148188137,-0.04161645763643199,0.33842075328005555,0.20084447572132302,0.3764298728466351,-0.5680525965700404,0.18600252571505693,-0.5602633684555541,-0.5232722470187886,-0.5677016956995363,-0.5320756172095669,-0.1700616004550143,-0.17515930321112858,0.3946420136311492,-0.003491656464191723,-0.25210299518957324,-0.2971648366479327,0.39596849604272505,0.18711692518292153,0.4572103380794925,0.4485920584577714,0.37315222735291564,-0.06879777891317132,-0.23557594979418314,-0.5156295489381393,-0.6083869164103998,-0.6370952348818602,0.03732467006642052,0.20031234033528386,0.4520856429487241,0.06371164431762313,,0.07267696875632634,-0.15194971706207283,-0.5040691004791147,-0.617853527806966,0.20605014797605392,-0.015264187866927592,-0.09178757001147175,0.037918502308812045,-0.19916323638572103,0.20129177792987768,-0.2725053743745963,-0.5989665776560978,0.19444728292828706,0.24046542566010817,0.050809289232934554,0.015615088737431676,0.12900619860603665,-0.1266385817435146,0.16733537061494413,-0.2197468500862792,0.08921943836580452,0.12598690869829274,-0.15037259117156546,-0.30532810195405513,-0.6852342070507939,-0.2977008280874939,-0.5900321016455709,-0.4282243837544465
#11,0.37192214627939035,1.0,0.5801798848968024,0.3283564535875758,-0.05039283545255608,0.13950623234650497,0.4784032082365303,0.27351951645088834,0.36137198384313574,0.6038329172008907,0.15810783453674337,-0.010178053271379406,0.03297889774710073,-0.2307327465705224,-0.07308571042966076,0.04774372668292636,0.27323416849025867,0.27697454040662084,0.013262896088997715,0.1012464693009939,-0.05936201594478131,0.19575062901873078,0.2878331871246373,0.20468124897573578,-0.13641367742184263,0.2631660127442569,0.01368320592289821,0.09790712695092207,-0.12221183230023233,-0.23823662672437892,0.11834806667116539,-0.06915253583719742,-0.03442877387138134,-0.377417022548273,-0.0690484223921028,0.04134653388989039,-0.1210280238689713,-0.18720561441392808,-0.10569249901188628,-0.11587633636354873,0.18745240183933753,0.030194827104200208,-0.016158792284036903,-0.04459718700895569,-0.14017718565933696,0.008897843502067808,-0.04521415557247935,-0.054021381816779616,-0.23824048277790097,-0.09626830420406235,-0.2959771721631496,-0.06993917075569009,-0.26212102223978867,0.18627244946159852,-0.2632662701358295,-0.0016214705060106234,-0.34893621123461194,-0.14729931651451322,-0.0380958807708251,-0.11252928190643287,-0.006175469715519652,-0.17491251578571912,-0.35871130691293995,-0.4260804179962018,0.17611174843106822,0.08514358979302633,-0.17347420782200457,-0.3050003374046832,0.06825793142008811,0.10736602624044422,0.3045260428214744,0.22752836609372137,0.1809935121899492,-0.12312571698495176,-0.2785670905112163,-0.2464885812615079,-0.15417851599780205,-0.2056915349985058,-0.24120578793633657,-0.059284894874340854,0.3402678029171045,-0.1081218127307607,,0.13589696624989156,-0.11549844311839048,-0.0036458986050726385,-0.053817010980112406,0.03364599500641069,-0.13262703286321614,-0.07011654921770315,-0.09410505817820751,0.08734154030057938,0.20230206395264766,0.1404741017805327,-0.12237764260167931,0.17649349772974848,0.22893968168278175,0.2703459844022635,0.12328381517935469,0.009229464104961777,-0.09449451958393182,0.2588202404249371,0.005550789044951944,0.19657196841892166,0.09725545390570021,0.007104778614327167,-0.14162706178361756,-0.14076716184820645,0.08355875179547492,0.007625345839800257,0.01945957409888849
#12,0.4236742405984595,0.5801798848968024,1.0,0.6976545554452296,-0.06192629153692653,0.13742781949813462,0.506822322693839,0.2990890073554221,0.2271581849556072,0.6271466167950411,0.27176886815188994,-0.15054611358005648,-0.07641348461916651,-0.15898315868624258,0.0031638919148197775,0.04142751101385287,0.41760481235479546,0.5470602411961478,0.14591884935362903,0.0360406042435869,-0.10024775143878997,0.2543703546605227,0.43387735821773205,0.1877184695323571,0.01587730037692923,0.0678337655326656,0.1647672389692769,0.06506897515737518,-0.0803890758003721,-0.2890478439840745,-0.002535355190730047,-0.21177253140273586,-0.04659847878688556,-0.18449095273442395,-0.3047072773370094,-0.03754832117069785,-0.23340884771480627,-0.12871313853836291,0.009958258220624102,-0.12887509278628786,0.16587392633009745,0.06721679696914193,-0.033495608919051796,0.09415518687399381,-0.026635689703373083,-0.20726866088901313,-0.08129524837804748,-0.10404982021150454,-0.2253921124425207,-0.012206337423963445,-0.14418748132224074,0.23877647421746215,-0.04780927959280075,0.30772656724475334,-0.14735715731734356,0.10450097847358121,-0.44927072387764744,-0.3725815314316563,-0.03454831153056404,0.07874639699999036,-0.14344326299249033,-0.2586197256417919,-0.5039765551945861,-0.29632421698013167,0.37545814735908534,0.029547010112500362,-0.33232433266173733,-0.2680169280749617,0.04147378365611715,-0.013633077227111913,0.26949379657389644,0.49628372841815044,-0.01798656165347575,0.02748787753174014,-0.5225550210636923,-0.43448275862068964,-0.3579323841014913,-0.10331717004232019,-0.19303211128570463,0.1339997879170563,0.2999951799330975,0.02458812528317893,,0.04569616226273221,-0.13535326270328632,-0.045827268082480985,-0.13693810070083773,0.11753058332449655,-0.03720898846075984,-0.28501826805356056,-0.21723270318992027,0.15827364483819034,0.2426980806493594,0.020319474034299595,-0.258642861962924,0.383143262028477,0.31187568083445,0.3126430354853325,0.17367086655162772,0.24005282793325172,0.37459824742367426,0.24044228933897602,0.057368436273895485,0.2044653099785025,0.2785285299759961,7.904909720146916e-05,0.10108065899954691,-0.2338831422980151,0.13429284798473004,-0.19601284065822833,0.061544542238246264
#13,0.5223120896918049,0.3283564535875758,0.6976545554452296,1.0,-0.04937483732274204,0.005404259011115074,0.24598343825012292,0.44191337375762774,0.22381884260553536,0.6685953361032652,0.6008059151861028,0.02385161906047256,-0.1664176298767027,-0.040405656830516806,0.1745230543799948,0.25883180858550314,0.49377343757531356,0.41918193824530287,0.13712319126989483,0.2607752595606027,0.15259367800025064,0.5333095543366142,0.3956484436003972,0.15156411170987052,0.29814041818900444,0.2510849970597592,0.21921085864671802,0.16309371174071896,-0.11748431068223227,-0.301094155186874,-0.20803987159341772,-0.3345531315974666,-0.2522880857586303,-0.268410245534208,-0.48441865173088605,-0.06735175884241273,-0.08386723607723676,0.06036844591402929,-0.23168519179046204,0.13846124184203676,0.23847184598922233,0.10101510608967253,0.06587103428995594,0.10784803293069707,-0.06888646814417784,-0.008373420223072697,-0.26859533610326514,-0.34617527691284355,-0.3168846943595577,-0.036657572807110565,-0.09148679783675398,0.19972622019993638,0.0875150627090704,0.39039264264988,0.08909218859957777,0.2878717476598575,-0.5405820712791494,-0.08294563928547329,-0.37852370990909356,-0.0906654584365631,-0.3874311935449664,-0.41363693328063394,-0.3690262500843512,0.0035764896416762264,0.42029248165964544,0.1352799976863679,-0.3161944607791156,-0.1535808277018885,0.22556949090453376,0.12362700394281473,0.342878351151514,0.5808893987448546,0.09636856159563495,-0.1702235547029393,-0.3126546036458986,-0.41392613729478567,-0.44706506126305035,-0.3825108692508652,-0.10322076870426962,0.11775037837525185,0.5859331167516605,0.20317738810214686,,0.1790037885725854,-0.024248792573240918,-0.3955520422623466,-0.40602508362816075,0.27146809597717214,0.09233127355807699,-0.15621451225743013,-0.15618751988277596,-0.045414670355624534,0.06624121542807014,-0.2543395062323465,-0.4496910337115479,0.33451842711576835,0.2524346157924672,0.12854732823691592,0.058228336209306585,0.2912535065986716,0.25420840041259773,0.13319772878447553,-0.2025102908428369,0.28290515072349204,0.21537408539230524,-0.1494818428079782,-0.009680622367038455,-0.3874003451167902,0.009044373535904678,-0.4359943316013226,-0.2911648173676651
#17,-0.024125398860536183,-0.05039283545255608,-0.06192629153692653,-0.04937483732274204,1.0,0.6871776580258934,0.018634378645175594,-0.14519005523796671,0.016401723655924343,0.018661371019829755,-0.17132638601023784,0.6444795773765339,0.6424358690098618,0.24915311424522574,-0.17493179605332923,-0.031370923428417186,-0.02722952194576461,-0.051083069032998175,-0.388873357562203,-0.2511042773273693,-0.35501335158532,-0.2520451543867429,-0.2562289724581377,-0.07727338455457762,-0.44778999932519065,-0.3385094425110621,-0.598141382202385,-0.4764636133149528,0.43466784918974677,0.6303818457000183,0.06248156324409783,0.30162243451939114,0.01888116607058506,0.29231777737074993,0.2844591402928673,0.0029286726499763815,0.08365900918704752,-0.09262818967927275,0.15567852081786895,0.03490692450811217,-0.019879883932788986,0.10067191732621249,0.3327407864421158,0.1070613980122044,0.397302690561345,-0.2094203387543019,0.059774613671637764,0.08142249814427424,0.17746907927082028,0.037968631004598345,-0.06409724966982541,-0.11132619320756172,-0.16970298747746618,-0.20451929472781083,-0.4009081006044364,-0.11881850520085219,0.06506511910385317,-0.25443205151687504,0.40890555560911185,0.3480338947104586,0.3089759285858888,0.4247886400663241,0.16797547549959993,0.3208255810590651,-0.5650834353580828,-0.2602855407633058,0.2656801596406158,0.22337539645050272,-0.36941185543655347,-0.1559561566714546,-0.4140456749539684,-0.15599857326019684,-0.3426469879401926,0.24007596425438385,-0.29370595663867816,0.02600329692576133,0.1796323252966751,0.18482642939083996,0.005739735667531065,-0.1085768270463594,-0.12344576942727965,0.6835992403574561,,0.04636325952204216,0.5245794491627543,0.37207253236674925,0.42511640461569605,0.3270068348548678,0.49040324679706554,0.5001744864218716,0.39025768077660916,0.35832955761425966,0.3187008955684305,-0.08515901400711443,0.2511891105048538,-0.09268988653562511,-0.05639671078634571,-0.21874042011703124,-0.2251376129100672,0.07920141131558905,-0.07664484783048789,-0.016509693154540987,0.4364801943450975,-0.2749308320399487,-0.1739176539770372,-0.18969662498915485,-0.06176433728900157,0.13522601293705958,0.1953843039341386,0.26164672765657987,0.42281819671657045
#18,-0.10081073525300531,0.13950623234650497,0.13742781949813462,0.005404259011115074,0.6871776580258934,1.0,0.07371039110022846,-0.21678925703488763,-0.045719298583864344,-0.018198644597187008,-0.15756798704366018,0.537150183644549,0.7497035658854945,-0.00469088910954084,-0.26230225675532376,-0.17412588086722644,0.11087889099900707,0.016104807534728583,-0.35153133525493335,-0.36709822332333975,-0.48864103033750106,-0.2787676052943615,-0.045044489217510336,0.08758832772598883,-0.33517010016099025,-0.17481611444766854,-0.40040681364657343,-0.25155929164296803,0.5695371771760191,0.7213654285521484,0.18740227314355123,0.3047072773370094,0.10350611666489931,0.24087416733344258,0.21352703575525628,0.10367192696634629,-0.03162927901439272,-0.27476502173850176,0.3298988749963849,0.07466283632016812,0.15861683360165038,0.05962037153075685,0.14951269123615435,-0.020840041259772686,0.43244290630753957,-0.14979032708974,0.05827460885157086,0.12137892473947538,-0.03685423153673373,-0.08071298429622203,-0.16427366411845795,0.028991738405329065,-0.14732630888916737,0.000857971908650092,-0.4300405849633193,-0.1196629809221752,-0.10493285646804777,-0.5119315936105193,0.49442896667405745,0.5057464837611946,0.30139107130806975,0.35337452883846027,-0.014153644452585002,0.19730076253458398,-0.48554847541283874,-0.4175585397125312,0.019162657977692732,0.058933994003836775,-0.49922204120193187,-0.3822409455043236,-0.4105598025700597,-0.18306035687775346,-0.5316013226263581,-0.028016156864257277,-0.4995420936442598,-0.16772483202066846,0.027904331312118613,0.09608321363500526,0.027472453317652048,-0.07318211176771133,0.028525155929164298,0.7074065148024254,,0.29625095196321327,0.42654700047236654,0.34722026741731177,0.4082731628315001,0.44134653388989037,0.6092275360782008,0.45439927506193784,0.39722556949090454,0.5605140119344857,0.4473234168490259,-0.1413494259300319,0.10885831895346708,0.04767046166600793,-0.03245833052162764,0.06580162532655953,0.032624140823074625,-0.021507138519082643,0.1367452980247366,0.12970028824000077,0.5388198548195849,-0.11756528780619475,-0.05749954209364426,-0.06873993811034097,0.1178429236597804,0.1561720956686879,0.20214396575824473,0.252912766429198,0.40359576990928636
#26,0.14013862512411673,0.4784032082365303,0.506822322693839,0.24598343825012292,0.018634378645175594,0.07371039110022846,1.0,0.05818206356704231,0.4506319107709215,0.4362758235084303,0.10763209393346379,-0.055166629712820416,0.030445470583131694,0.17763103351874523,0.039144727328815326,0.14181215235267466,0.0016638870947528752,0.29847203879189843,-0.09310634031600358,0.1704973345030029,0.13464760490875613,0.14822476935979872,0.15333404027647904,-0.0464365245389606,-0.019729497845430096,-0.10075289445017496,-0.22846538709957295,-0.1739986311009997,-0.1023068840195502,-0.12732110321691265,0.17140350708067828,0.08767316090347334,0.02044286774700433,-0.09481457202625973,-0.01827962172114949,-0.05317305004193458,0.01897371135511361,-0.13711547916285077,-0.09457164065437228,-0.1742724109010633,-0.01928219563687544,0.05918078142924624,-0.10945986330290264,-0.0003875333789633,-0.11658970626512297,-0.22642939083994487,-0.41998785343140566,-0.03211899781168963,-0.37625249438462205,0.015422286061330531,-0.34030636345232473,-0.12014884366595008,-0.28465965507601243,0.03605602845767499,-0.16526466987361785,-0.11011153634812451,-0.12424397250633838,-0.2657958412462765,0.010748749192638794,-0.004852843357465802,-0.09983515371193352,-0.03166783954961295,-0.34714314634687127,-0.1369496688614038,0.04264987998033413,0.1112375039765552,0.13784041722499107,0.11608456325373796,-0.049833707691862766,0.04548793537254297,0.3009129206713389,0.27579844408240384,0.21851291295923186,0.23627003942814725,-0.1632865144168201,-0.013949273615917789,-0.1365293590275033,0.019316900118573645,-0.2722046021998785,-0.18533928450926898,0.03950719635988548,-0.06430933261353668,,0.1321797306546615,0.14388285309400095,0.030819507774767912,0.016791185061648655,-0.10175161231237889,-0.051680757328911725,-0.032331080755400886,-0.046444236646004645,0.0494866628748807,0.07386463324110938,0.0103284393587383,0.06691216874090213,0.15524278676988038,-0.0014286678299094792,0.12215399149740198,0.0448863910231074,-0.06659211629857423,-0.05686329326251048,0.14450367771104664,0.19364136774218427,0.04774372668292636,0.04637097162908621,-0.23252581145826304,-0.032504603163891914,-0.1710873106918724,0.10199839973778836,-0.036873511804343846,0.1600165810301447
#49,0.769334734366113,0.27351951645088834,0.2990890073554221,0.44191337375762774,-0.14519005523796671,-0.21678925703488763,0.05818206356704231,1.0,0.3593745481187279,0.5406283439214137,0.5269971947210628,0.02293387832223111,-0.24498086433439697,-0.10942130276768242,0.3522215688353754,0.43810744893139114,0.5807660050321498,0.31266617180646467,0.3191944704192494,0.3230196755130961,0.13608591287247068,0.5211090009929338,0.3558385470390329,0.5530641165299375,0.10358323773533977,0.46036458986050727,0.06178747361013371,0.1987699189264747,-0.38767798097037587,-0.3688758639969923,-0.0576576402880472,-0.44423471797788555,-0.49818861885802973,-0.5645320197044335,-0.34001330338465097,0.12787637492408394,-0.047334985009591934,0.14825947384149693,-0.6597765416983987,-0.08075154483144226,0.0774893235518109,0.11399458224480155,0.22892040141517164,0.20929308898807517,-0.3804363124560169,0.2942458041317613,-0.07764356569269182,-0.4060829244309911,-0.31219187722325586,-0.11532492070989946,-0.2301928990774392,0.10170533967011462,-0.014014826525792178,0.2880645503359587,0.25685750918222744,0.41708038907580036,-0.5189303307529909,0.2792727483057465,-0.6677855648636403,-0.6093162253092073,-0.4534352616814321,-0.478518889842191,-0.05520904630156267,-0.22212989116288934,0.34396190219120243,0.14479288172519836,-0.14531730500419346,-0.2931198365033307,0.5084572893871767,0.2633202548851378,0.42024235296385914,0.35075626849700675,0.4345058949418218,-0.11278763749240839,-0.004293715596772483,-0.39697106995845105,-0.40356877753463216,-0.5297118564005668,0.13349078885214927,0.33190016677431483,0.4026279004752586,-0.03843135742724109,,-0.052856853653128706,-0.16214512257430133,-0.45241340749809605,-0.5908418728851956,0.03533880250257874,-0.11554471576065475,-0.2011452478960408,-0.03335293493873695,-0.2625606123412993,0.08068213586804585,-0.13820674230958327,-0.48666673093422536,0.05908823614471769,0.12186864353677229,-0.004725593591239047,-0.0881551675937262,0.16213355441373525,-0.13911677094078065,0.19857711625037355,-0.20094858916641764,0.1585165762100778,0.009190903569741548,-0.16138548003046282,-0.3087754138027436,-0.444473793296251,-0.2930697078075444,-0.4949379657389645,-0.47862300328728563
#50,0.41566136137969595,0.36137198384313574,0.2271581849556072,0.22381884260553536,0.016401723655924343,-0.045719298583864344,0.4506319107709215,0.3593745481187279,1.0,0.5001976227430037,0.16204100912920671,0.16344075655770102,0.024591981336700954,0.11492389114360907,0.18767605294361486,0.38327822390174776,0.1275987390704983,0.2676544590438915,0.1742878351151514,0.21784195964639988,0.12386993531470217,0.2984836069524645,0.21592935709947655,0.15780320630850356,-0.1000510927091668,0.12890208516094204,-0.2998139454175624,-0.17010016099023453,-0.3118679687274059,-0.16056799668379398,0.1480859514330059,0.04205219168442058,-0.0644982792361158,-0.23662479635217337,-0.1245486007345782,-0.10051381913180955,0.14039312465657022,0.05549053820867034,-0.34103901362150907,0.07403429959607839,-0.07957159245370325,0.10361794221703798,0.0931256205836137,0.07623610615715345,-0.07427723096796583,0.1456951982493517,-0.11933907242632527,-0.05608437045106186,-0.39151861027831064,-0.22298979109830044,-0.34871256013033464,-0.1706361524297957,-0.46830034800883036,0.12822727579458804,-0.20793961420184512,0.09219245563128416,-0.41326675214251973,-0.007725603231372852,-0.23911580692740014,-0.29065967435628004,-0.34529995276334435,-0.17909247780359192,0.05121417485274696,-0.0032371569317382123,0.07403429959607839,-0.0624931314046639,0.14096767663135165,-0.08596878524673922,0.2086568401569414,0.25884723279959126,0.2825426816924219,0.22829186469108192,0.2595451784870774,0.08394821320119923,-0.21421341328217636,-0.20896532443870322,-0.4443658237976343,-0.39134508786981964,0.012391427993020543,0.07535306990061022,0.20108740709321046,-0.11660898653273308,,0.018869597910018993,0.19723135357118757,-0.13936741441971215,-0.25283178930523553,-0.13318230457038743,-0.11943161771085382,0.07733508141092998,0.06934148245977655,0.056693626907541476,0.2550490200803987,0.001976227430036729,-0.17201661959067993,0.008373420223072697,-0.0014170996693434106,0.10671435319522235,0.06148670143541592,0.10093798501923207,-0.17065928875092787,0.22408491029855496,0.08971686927014547,0.0670934032564372,0.15556283921220826,-0.007066218079106938,-0.041747563456180775,-0.43546605226880547,-0.17788167699767674,-0.21611830372205565,-0.1697569722267745
#51,0.5916709243924305,0.6038329172008907,0.6271466167950411,0.6685953361032652,0.018661371019829755,-0.018198644597187008,0.4362758235084303,0.5406283439214137,0.5001976227430037,1.0,0.5514021574619455,0.17171970346948415,-0.08996365669555494,-0.09282099235537389,0.2732033200620825,0.3786933762640625,0.5651104277327369,0.40779501219476927,0.32343998534699664,0.2802329056327302,0.16174794906153298,0.4219698649417254,0.3408269306777978,0.20550258837592666,0.043945513963733814,0.17049347844948087,-0.08196234563735745,-0.1479702698273452,-0.24519294727810823,-0.37938360984450464,0.051318288297841574,-0.26668273355634176,-0.21810417128589746,-0.3878862078605651,-0.27721361572498626,-0.14962451678829303,0.10203310421948657,-0.004640760413754543,-0.3129360955530063,-0.14899212401068126,0.18020687727145654,0.03622955086616602,0.1323686772772406,0.1540512662315753,-0.1521348076311299,0.00016388227468597263,-0.21180337983091205,-0.44813318808865066,-0.30736024216016117,-0.15718238169145787,-0.2769783964601429,-0.07515641117098705,-0.23278416704423857,0.20082133940019087,0.02453414053387061,0.18687013775751207,-0.4556563485101173,-0.10629789941484388,-0.31729729208641416,-0.2551647016860594,-0.247849768154782,-0.3787203686387167,-0.27291797210145274,-0.22382655471257942,0.3112317198962722,0.16740477957834055,-0.0892849912756789,-0.26194749983129767,0.3342562154762708,0.24408625991728766,0.43415885012483973,0.48635439059894153,0.3536945812807882,0.036626724378934376,-0.2782084775336682,-0.33519323648212235,-0.3380081555531991,-0.28492572276903205,-0.02862155726721487,0.003561065427588135,0.4656088226504584,0.008878563234457694,,0.14977104682212988,-0.004991661284258626,-0.254925626367694,-0.2985144553806407,0.09959993444709013,-0.1242285482922503,-0.04142365496033085,-0.10615522543452903,-0.007313005504516403,0.16456286813260967,-0.09382742232462186,-0.3762602064916661,0.17675185331572402,0.1916747804459526,0.0881551675937262,-0.03565114283786259,0.22703864729642448,0.04120385990957554,0.27808893987448546,-0.10258066381961381,0.2421042484069679,0.11844061195569394,-0.19898200187018597,-0.16137391186989675,-0.3414169068666673,-0.08799321334580124,-0.2865375531412376,-0.15791503186064224
#52,0.6330849392189564,0.15810783453674337,0.27176886815188994,0.6008059151861028,-0.17132638601023784,-0.15756798704366018,0.10763209393346379,0.5269971947210628,0.16204100912920671,0.5514021574619455,1.0,-0.01810609931265846,-0.4134595548186209,-0.05067818341318577,0.5426566280739976,0.47224123470833773,0.42767296810079725,0.29118024158175315,0.3062689790134287,0.27674317719529945,0.4590034029672332,0.6160334705445711,0.46310624391466554,0.13996895876914772,0.3443282272757946,0.23787415769330877,0.1849343988894566,0.14461164720966327,-0.17119913624401106,-0.3178949803823277,-0.32955183017940287,-0.5438057320235605,-0.4290071626194172,-0.5879883932788987,-0.6464268844051555,-0.09980816133727936,-0.18460663434008465,-0.036765542305727206,-0.4320765812229474,-0.10077988682482913,0.005897833861934003,0.13092265720648202,0.26356318625702524,0.13150106523478547,-0.2930774199145884,0.42509326829456395,-0.3578629751380949,-0.4464249563783945,-0.4581974877811304,-0.037135723443841404,-0.26148862946217694,0.040455785526303106,0.18666962297436687,0.41821021275775305,0.44721930340393123,0.3129245273924402,-0.296370489622396,0.09535056346582091,-0.6503986195328391,-0.35327427144688767,-0.5583584780156748,-0.49979659317671327,-0.3894864700722046,-0.0362758235084303,0.5297658411498751,0.09072329923939344,-0.41240685220710865,-0.21879826091986157,0.3002843839472492,-0.0851744382212025,0.5787300087725218,0.5466399313622473,0.39751477350505626,-0.25435878649995664,-0.040679436630580434,-0.4182641975070614,-0.4692412250682039,-0.5476733537061494,-0.09693540146337232,-0.030545727974704288,0.6222262925009399,0.10986474892271504,,0.2198625316919399,-0.06355354612322019,-0.6121080080591519,-0.6256041953862319,0.23000395245486008,0.0981809067509857,-0.13269644182661255,0.04445451302864084,-0.3926522900137854,0.06761397048191028,-0.30847849768154784,-0.5538815998766062,0.309006777014065,0.10442000134961874,0.005562357205518013,0.06954970934996578,0.11950102667425024,0.11570667000857972,0.11886863389663849,-0.43433237253333074,0.07417697357639325,0.04997638167217761,-0.2816596454358786,-0.21289464297764452,-0.5182593774401588,-0.1833379927313391,-0.5277992538536435,-0.43566656705195067
#53,0.040482777900957265,-0.010178053271379406,-0.15054611358005648,0.02385161906047256,0.6444795773765339,0.537150183644549,-0.055166629712820416,0.02293387832223111,0.16344075655770102,0.17171970346948415,-0.01810609931265846,1.0,0.6875285588963975,0.040278407064290055,-0.1328391158069274,0.04118457964196543,0.3440467353686869,-0.04878871718739456,-0.1569510184801365,0.023535422671666684,-0.17439966066729007,-0.07232606788582226,0.005917114129544118,0.20772367520461185,-0.0937155967724832,0.08665130672013728,-0.5072657688488716,-0.2498896204679321,0.35305062034261037,0.489126893081276,0.09432485322896282,0.1353339824356762,-0.06381575776271775,0.10470920536377044,0.2757907319753598,-0.07627081063885166,0.36863678867862687,0.1286437295749665,-0.011616361235093943,0.30664687225858694,0.27082027898547234,-0.06508439937146328,0.4414005186391987,0.19919408481389722,0.30785381701098014,0.057611367645782924,-0.02665882602450522,-0.21381238371588598,-0.018607386270521435,-0.11610384352134807,-0.15846259146076946,-0.12585194682502193,-0.16528780619474998,-0.011600937021005852,-0.13622087474574146,0.1821734645676882,-0.1279534959945244,0.05465377459439137,0.06927592954990215,0.07682222629250093,0.07322452835645359,0.03874755381604697,0.215162002448594,0.24230476319011307,-0.4683389085440506,-0.08171555821194798,0.30840137661110734,0.1654111999074547,-0.07970269827345204,0.07938650188464616,-0.2576557122612862,-0.21670442385740313,-0.1544754321189978,0.03510358323773534,-0.12139049290004145,-0.0018142731821117677,-0.031154984431183905,-0.1271244444872895,0.34428581068705233,0.14230572720349358,0.21170312243933945,0.6772251838855523,,0.3741432331080755,0.45471932750426575,0.06081960417610596,0.1043968650284866,0.4783954961294863,0.404378548774257,0.7172548754976719,0.42335418815613163,0.2892213663925655,0.09823874755381605,-0.26063258558028785,-0.08041606817502626,-0.15857056095938613,0.13677614645291278,-0.11579150318606422,-0.16257314451524588,0.14393683784330927,-0.13003190884289473,0.1825590699198905,0.25167111719510665,0.03126680998332257,-0.16666056124859013,-0.12614115083917365,-0.14899983611772533,-0.036048316350630945,-0.15786490316485594,-0.04596994206279583,-0.038732129601958876
#54,-0.2041645378037847,0.03297889774710073,-0.07641348461916651,-0.1664176298767027,0.6424358690098618,0.7497035658854945,0.030445470583131694,-0.24498086433439697,0.024591981336700954,-0.08996365669555494,-0.4134595548186209,0.6875285588963975,1.0,0.003981375261488629,-0.3230929405300146,-0.1824935170100161,0.09601766072513086,-0.08334281279824164,-0.36362777515351913,-0.22465560621981434,-0.4572219062400586,-0.33577550056394784,-0.15578263426296357,0.16216054678838943,-0.2651595924151427,-0.03410100932200939,-0.38126536396325184,-0.1566656705195068,0.348616158792284,0.6613845160170824,0.27231257169849515,0.45153808334859685,0.16243432658845305,0.4112037635082375,0.3309361533938091,0.10961410544378355,0.2961584066786847,0.025016147224123472,0.274973248628691,0.26881898720754244,0.10706911011924845,-0.01824106118592926,0.1272786866281704,0.04539539008801442,0.473128127018403,-0.16599732004280218,0.21269798424802136,0.0682733556341762,0.18679687274059364,-0.08729526765831509,-0.015576528202211446,-0.06838903723983689,-0.17808604783434395,-0.16309756779424098,-0.40339525512614116,-0.022671666682733557,-0.10845343333365468,-0.17784697251597853,0.5238737913682242,0.35588481968129715,0.39448391543674627,0.3094887837043178,0.32272275939190037,0.2329885378809058,-0.6152236993049464,-0.1832878640355528,0.3102754186228105,0.16029807293725237,-0.3617344528742059,-0.07108441865173089,-0.5836310527990128,-0.4037422999431232,-0.5201719799870822,0.05898412269962307,-0.37411624073342137,-0.03557402176742213,0.11244059267542633,0.16710400740362277,0.21522369930494636,0.020693511225935816,-0.14751139945822447,0.5277992538536435,,0.19015163930475354,0.32967907994562967,0.3644259782325779,0.4020726287680873,0.2718035726335882,0.28268921172625877,0.5891220730143735,0.3596097673835713,0.5689780494153259,0.1655615859948136,-0.12494963030086857,0.10431588790452412,-0.239597813617653,0.0928904013187703,-0.07050215456990543,-0.10366807091282428,0.008427404972381017,-0.08655876143560873,0.08778113040208999,0.49542768453626135,0.009048229589426702,-0.12290977798771847,0.040914655895423827,0.019262915369265325,0.25429708964360426,0.06864739282581242,0.29336662392874013,0.33500814591306527
#58,-0.16003586129775482,-0.2307327465705224,-0.15898315868624258,-0.040405656830516806,0.24915311424522574,-0.00469088910954084,0.17763103351874523,-0.10942130276768242,0.11492389114360907,-0.09282099235537389,-0.05067818341318577,0.040278407064290055,0.003981375261488629,1.0,0.09096237455775887,0.10948685567755681,-0.1708366672129409,-0.1253776522418131,-0.26944366787811014,0.1708019627312427,0.2462880664783627,0.08488909026057281,-0.31546566666345327,-0.46668080552958074,-0.0852901198268632,-0.43678867862685933,-0.3771702351228635,-0.42386704327456065,0.016232057300955338,0.10322076870426962,-0.16406929328179076,0.13853065080543317,-0.09883643584972959,0.18812335515216952,0.008581647113261932,-0.23842557334695805,-0.0021921664272700103,0.056828588780812275,-0.028887624960234448,0.01777447870976449,-0.23301553025555996,0.15091243866464865,-0.025833630570792323,-0.0035109367318018375,0.06983505731059547,-0.30715972737701597,-0.2733961227381836,0.0007075858212911995,-0.14426845844620323,0.17104489410313015,0.13170543607145266,0.006530226639545757,-0.1168326376370104,-0.15211167130999778,0.013440274551010769,-0.1477196263484137,0.14725304387224894,0.07547646361331495,0.016378587334792208,0.18855137709311406,-0.133105183499947,0.18342668196234563,0.127213133718296,0.5439291257362652,-0.29822910742001096,-0.24179190807168405,0.2989386212680632,0.28657996972997984,-0.06671165395775694,0.029805365698475896,0.09540069216160721,0.19681104373728708,0.11606913903964987,0.12020282841525841,0.2444988576441441,0.36727174573183075,0.045800275707826826,0.10686859533610327,-0.216847097837718,-0.11976709436726982,-0.08641608745529387,0.15062323465049696,,-0.06972323175845681,0.36198124029961537,-0.1133120607714035,-0.024834912708588393,-0.007208892059421785,0.2959964524307597,0.05477331225357408,-0.016633086867245718,-0.08053174978068696,-0.0882207205036006,-0.21889851831143417,0.13800622752643807,-0.18376987072580567,-0.4098772810966616,-0.2683755410525098,-0.2778575766631641,0.2005552717071713,0.0131086539481168,-0.29840648588202406,-0.019274483529831393,-0.18060019473070285,-0.2150463208429333,-0.25272767586014094,-0.030325932923948983,-0.01115749086597322,0.03949177214579738,-0.04987226822708299,0.03985809723038956
#101,0.4528529975996067,-0.07308571042966076,0.0031638919148197775,0.1745230543799948,-0.17493179605332923,-0.26230225675532376,0.039144727328815326,0.3522215688353754,0.18767605294361486,0.2732033200620825,0.5426566280739976,-0.1328391158069274,-0.3230929405300146,0.09096237455775887,1.0,0.7028833640210926,0.24299114071703315,-0.041755275563224815,0.5267195588674771,0.4726885369168924,0.6553767846297707,0.4696923833302806,0.2609564940761378,0.022016137583989667,0.47796747418854174,0.14807823932596184,0.11657042599751284,0.015603520576865607,-0.15047670461666007,-0.32667907030549587,-0.3623629895982956,-0.4101394927361592,-0.47540705464991856,-0.3709002920960543,-0.5896889128821108,-0.1087619176154165,0.033896638485342176,0.24536646968659925,-0.5521270955240859,-0.09510763209393347,-0.2175720358998583,0.16728524191915783,0.1529561470313208,0.31773302613440274,-0.29451572787830294,0.3438770690137179,-0.1288288201440236,-0.25452845285492565,-0.22051420473716174,-0.038585599568122006,-0.1071423751361669,-0.20820182584134267,0.0658980266646101,0.1082066459082452,0.6497777949157935,0.27235884434075947,-0.23497054939122555,0.30195405512228507,-0.45153422729507486,-0.4398658093374336,-0.4608350283901941,-0.3741740815362517,0.11132619320756172,0.25864671801644606,0.3520403343198404,0.09421302767682416,0.04824115758726731,-0.03129380235797673,0.5740371916362199,0.24152198432514244,0.45009977538488233,0.25584722315945746,0.5210280238689713,-0.2242314403323918,0.12699719472106272,-0.2834141497883991,-0.3793951780050707,-0.4301446984084139,0.2638485342176549,0.1775076398060405,0.16700375001205017,-0.08474641628025797,,-0.16278908351247914,-0.19628662045829195,-0.46587103428995597,-0.5517530583324497,0.00673459747621297,-0.10836088804912612,-0.26512874398696656,-0.002678029171044894,-0.3779453018807901,-0.016953139309573616,-0.1433391495473957,-0.46646872258586947,-0.09999325190633646,-0.0741538372552611,-0.26791281462986705,-0.1279882004762226,-0.06898672553575044,-0.18015674857567024,-0.19795629163332787,-0.4277847936529359,-0.14799726220199935,-0.05202009003884974,-0.3418912014498761,-0.2960581492871121,-0.441450647334985,-0.18875574792978125,-0.39522427771297464,-0.2977779491579343
#102,0.5772801326482412,0.04774372668292636,0.04142751101385287,0.25883180858550314,-0.031370923428417186,-0.17412588086722644,0.14181215235267466,0.43810744893139114,0.38327822390174776,0.3786933762640625,0.47224123470833773,0.04118457964196543,-0.1824935170100161,0.10948685567755681,0.7028833640210926,1.0,0.16301659067027852,-0.07795590602797567,0.27974318683543326,0.5901670635188416,0.5471489304271543,0.7079810667772068,0.09006777014064955,0.11551386733247858,0.29515583276295876,0.24891018287333827,-0.07729652087570975,0.05262163438828531,-0.3899491964948473,-0.2813357369400287,-0.40359962596280835,-0.37971523044739863,-0.540342995960784,-0.318454108143021,-0.5584240309255493,-0.024445451302864084,0.10762823787994177,0.40565104643652455,-0.6768125861586959,0.10462051613276392,-0.21749877088293987,0.09449451958393182,0.28882033682627517,0.43189149065389026,-0.29955558983158687,0.39545949697781807,-0.19032516171324457,-0.3333153384168972,-0.37614838093952746,-0.2795079675705899,-0.18774546190701127,-0.24303355730577542,-0.1601515429034155,0.210781525647576,0.44056375502491973,0.46208824578485147,-0.4317603848341415,0.4651846567630359,-0.5394291112760645,-0.5607145267176309,-0.5959087272131337,-0.4267745076301659,0.12194190855369072,0.23404124049241803,0.25365312870542644,0.05584529513269644,0.12977740931044124,0.12920671338918185,0.49649195530833967,0.4424108046619687,0.4252243741143127,0.26140765233821445,0.4938119981105338,-0.06563967107863457,0.13742781949813462,-0.17768501826805355,-0.5434316948319242,-0.5945012676775954,0.15420936442597824,0.17812460836956417,0.2159717736882188,0.03356501788244821,,0.02882592810388208,-0.012098367925346803,-0.5879575448507225,-0.5727646939739524,0.04630541871921182,-0.07911657813810456,-0.004918396267340191,0.10571949138654045,-0.27952339178467794,-0.09464104961776869,-0.44007789228114486,-0.574565470968737,-0.1797133024206376,-0.03617942217037973,-0.346591730693222,-0.22605149759478663,0.046120328150154724,-0.3622935806348992,-0.315411681914145,-0.3078885214926783,-0.13720031234033528,-0.06093142972824463,-0.3226494943749819,-0.2860709706650728,-0.6490721371212632,-0.3501971407363134,-0.5753482498337077,-0.4733209296945042
#201,0.4530110957940096,0.27323416849025867,0.41760481235479546,0.49377343757531356,-0.02722952194576461,0.11087889099900707,0.0016638870947528752,0.5807660050321498,0.1275987390704983,0.5651104277327369,0.42767296810079725,0.3440467353686869,0.09601766072513086,-0.1708366672129409,0.24299114071703315,0.16301659067027852,1.0,0.3259425640827895,0.40184897766380995,0.16946391215910075,0.052579217799543054,0.249365197188937,0.49665390955626465,0.5062670509866677,0.27983958817348387,0.3684247057349156,0.13693810070083773,0.13353706149441355,0.09625287998997425,-0.16243818264197507,0.0322153991497402,-0.28922907849960955,-0.18980459448777148,-0.2756210656203908,-0.19153210646563773,0.027079135858405715,0.19296270232230822,0.19252696827431964,-0.22617874736101337,0.09734028708318472,0.4268593408076504,0.0857451341424619,0.303789536598768,0.36949668861403795,-0.1783829639555397,0.0830150482488697,-0.018059826670394186,-0.3297176404808499,-0.1694677682126228,-0.05606123412992972,-0.13880828665901881,0.08930427154328902,0.05390955626464095,0.2406736525502974,0.2963280730336537,0.33319965681123653,-0.4506858955202298,0.03978483221347112,-0.39668957805134336,-0.2743369997975572,-0.22319801798848968,-0.42366267243789346,-0.06691216874090213,-0.10156266568979977,0.2472250874842143,0.13366045520711828,-0.07718855137709311,-0.28588588009601573,0.3667203300781815,0.17894209171623301,0.23938573067394175,0.2583652261093384,0.11106783762158619,-0.2407237812460837,-0.22057975764703613,-0.42719096141054436,-0.35924729835250113,-0.3767190768607868,0.4542720252957111,0.38723839086886525,0.493013795031475,0.1997994852168548,,0.14239827248802214,-0.0373208140128985,-0.3192793035967339,-0.39943123210550163,0.3867872326067886,0.05088255424985299,0.03193390724263253,-0.007432543163699112,0.017045684594102165,-0.02532077545236328,-0.22067615898508672,-0.5189688912882111,0.15550885446289994,0.34280123008107355,0.20042802194094453,0.06749443282272757,0.28664552263985427,0.15703585165762102,0.3625635043814408,-0.058386434403709525,0.2914077487395525,0.08321941908553691,-0.07745076301659067,-0.07919369920854502,-0.22780600194730702,-0.17328911725294746,-0.4290302989405493,-0.38164325720841
