,#10,#11,#12,#13,#17,#18,#26,#49,#50,#51,#52,#53,#54,#58,#101,#102,#201,#202,#301,#302,#401,#402,#501,#502,#601,#602,#701,#702,#801,#802,#901,#902,#1001,#1002,#1101,#1102,#1201,#1202,#1301,#1302,#1401,#1402,#1501,#1502,#1601,#1602,#1701,#1702,#1801,#1802,#1901,#1902,#2001,#2002,#2101,#2102,#2201,#2202,#2301,#2302,#2401,#2402,#2501,#2502,#2601,#2602,#2701,#2702,#2801,#2802,#2901,#2902,#3001,#3002,#3101,#3102,#3201,#3202,#3301,#3302,#3401,#3402,#3455,#3501,#3502,#3601,#3602,#3701,#3702,#3801,#3802,#3901,#3902,#4001,#4002,#4101,#4102,#4201,#4202,#4301,#4302,#4401,#4402,#4501,#4502,#4601,#4602,#4701,#4702,#4801,#4802
#10,1.0,0.4267706515766439,0.47500602508362816,0.4023271283005408,-0.002986513452806725,0.2779424098406486,0.2770285251559292,0.6598690869829273,0.45972448497585144,0.43665757280711054,0.5783058428850992,0.25087677016956994,0.12675040729565326,-0.006268015000048201,0.024484011838084314,0.03902133361611059,0.48206645908245205,0.20717225955096258,-0.27156835336874474,-0.07755102040816327,0.027838778402244222,0.14117590352154089,-0.07848032930697078,-0.07718855137709311,-0.10128888588973615,-0.10292770863659588,-0.04341337857769466,-0.061810609931265845,-0.03489921240106813,-0.1215678713620545,0.044477649349772976,-0.359559638687785,-0.1433005890121755,-0.23198210791165783,-0.16668369756972226,-0.27530101317806294,-0.13693810070083773,-0.003730731782557142,0.07683379445306701,-0.08931198365033306,-0.07690705946998544,-0.056928846172384875,0.039221848399255785,0.062134518427115766,0.14003065562550007,0.20091388468471943,-0.16120810156844978,-0.25824568845015566,-0.025879903213056596,0.0003605410043091398,0.08677084437931999,0.05362420830401126,-0.07365255029739813,-0.08174640664012417,-0.08059344663703932,-0.17424927457993117,-0.03325267754716436,-0.016228201247433315,-0.19154753067972582,-0.14827104200206298,0.08829784157404105,-0.18834700625644685,-0.03450589494182179,0.08876828010372784,0.06156382250585638,0.18660792611801452,0.039437787396489066,0.18485727781901612,-0.12590978762785227,-0.006649764298728466,0.2814090019569472,0.17125312099331938,0.07946362295508662,-0.02946603298853788,-0.09290968158638042,-0.10770535895038223,-0.12165270453953901,-0.18856680130720213,0.1279882004762226,-0.02652386415123442,-0.40574359172105307,-0.08120270309351894,,-0.15803456951982495,-0.08834797026982734,-0.017215350949071173,-0.12576711364753743,0.06300984257661496,0.11867197516701532,-0.31820346466408955,0.08266800343188764,0.02255598507707287,0.19254239248840774,-0.0814996192147147,-0.04613575236424282,0.17679041385094424,-0.1584317430325933,-0.02612283458494404,-0.1565654131279342,0.04003547569240261,0.05105607665834402,0.28720465040054755,0.07155100112789566,0.1397954363606567,-0.22814147860372302,-0.007652338214454417,-0.18749096237455776,-0.006892695670615908,-0.02135289637820173,-0.20468896108277984,-0.32506338387976824
#11,0.4267706515766439,1.0,0.3573539760731879,0.20476608215322029,-0.09525416212777034,0.15374278194981347,0.5117272227738521,0.5283506695072928,0.5532569192060386,0.5212863794549468,0.41030144698408416,0.14120289589619503,0.12307944434268747,-0.02142230534159814,0.14772733845545777,0.05082471344702264,0.3156893177677306,0.2897843502067809,-0.19803341270376834,-0.272617199926735,0.28477533668167315,0.24238574031407556,-0.14059363943971542,-0.268067056770748,0.02876808730105174,-0.1336296067789421,0.33548244049627407,0.08380939527440641,0.18511563340499165,-0.1988740323715693,-0.05522832656917278,-0.21964273664118458,-0.16019395949215776,-0.21711316553073756,-0.24279448198741,-0.26401820057262393,-0.04241851676901275,-0.1964948473484812,-0.024190951770410574,-0.14036227622839406,-0.11879536887972005,-0.0009775095678328015,-0.05896098637849093,0.0198991642003991,0.19475576721004886,0.24825850982811642,-0.2797856034241755,-0.13392652290013785,0.0023965372639372234,0.08510117320428408,0.22137410467257285,0.2284268265643527,0.13217201854761745,0.03415885012483973,0.04348278754109107,-0.21458359442029054,-0.08690195019906877,-0.26958248580490296,-0.2364782663183365,-0.11629664619744923,-0.09523873791368224,-0.13508719501026675,-0.09278628787367568,0.08901892358265932,0.2730066613324593,0.21503475268236724,0.052004665824761646,0.28997329682936,-0.11277992538536435,-0.1428147262684006,0.3245351045472511,0.12396248059923072,-0.009823296347353301,-0.257119720821725,-0.3091340267802917,-0.2019704433497537,-0.22578542990176703,-0.16311299200832907,0.08861403796284692,-0.3321122497180261,-0.14495869202664532,-0.08641223140177186,,-0.06718594854096575,-0.2836030964109782,-0.2660850452604282,-0.20386376562906694,-0.05873347922069158,-0.2442096536299924,-0.3073563861066392,-0.021148525541534516,0.04806377912525426,0.35530641165299376,-0.22143965758244724,0.03582852129987564,0.23653996317468887,-0.30191549458706485,0.15561682396151658,-0.13692267648674963,0.0945562164402842,0.1789729401444092,0.3123384072570927,0.020836185206250663,-0.08455746965767885,-0.07161655403777005,-0.0721988181195955,0.0068464230283516335,0.01735802492938602,-0.13689182805857344,-0.31692325489477796,-0.3106610239750128
#12,0.47500602508362816,0.3573539760731879,1.0,0.6006825214733981,-0.2779732582688248,0.31801451804151043,0.23395640731493353,0.32576518562077644,0.34423182593774404,0.6228162686898094,0.34354544841082396,0.08610374712001002,0.03913701522177128,-0.19243827904331312,0.2551994061677576,0.21186893274078644,0.5192079666065765,0.3499387851503379,-0.22233426199955655,-0.010513529927795398,0.26280354371318676,0.47867313198307193,0.17853720609642063,-0.014126652077930842,-0.09728244628035437,-0.2132224075270165,0.16427752017198,0.2063046475085074,0.06224634397925443,-0.19530332681017612,0.03432851647980874,-0.4406871487376245,-0.2517790866937233,-0.25669555493430246,-0.16969141931690013,-0.2981134258143503,-0.33699015742338506,-0.09401251289367897,0.08799321334580124,0.02603028930041549,-0.02142230534159814,0.06912168740902123,0.03695448892830633,0.16089190517964388,0.10355624536068561,0.23718778016638872,-0.41462408298227177,-0.39790037885725854,-0.17117985597640095,0.06422449943605217,0.009938977953013987,0.17809761599491,0.0929752344962548,0.200335476656416,0.09784543009456971,0.06504969488976507,-0.06165636779038493,0.05083242555406669,-0.4491241938438105,-0.12364628421042484,0.10723106436717342,-0.26245264284268266,-0.2831288018277694,0.03925269682743197,0.3872113984942111,0.36743755603327777,-0.3352665014990408,0.13864633241109386,-0.19350640586891346,-0.22111960514011936,0.34986937618694147,0.13805635622222437,0.0673131983071925,-0.06492244512353831,-0.03350332102609584,-0.13700750966423414,-0.19870822207012234,-0.2754051266231575,0.19365679195627236,-0.030831075935333983,-0.2515747158570561,-0.18958094338349415,,-0.22674558722875074,-0.06563967107863457,-0.0786345714478517,-0.2569924710554983,-0.25570840523266464,-0.18583285936008792,-0.23281115941889274,0.07512170668928884,-0.10141999170948493,0.2910529918155264,-0.364279448198741,-0.2479037529040903,0.4456228972458138,-0.06016021902384005,0.00288625606123413,-0.093850558645754,-0.11768868151889948,-0.021160093702100584,0.28846943595577107,-0.12695477813232048,-0.1262992490335766,-0.2676506029903695,-0.11136089768925993,-0.2673845352973499,-0.04054833081083165,0.057484117879556165,-0.31835770680497044,-0.38343246604262865
#13,0.4023271283005408,0.20476608215322029,0.6006825214733981,1.0,-0.2801673527228558,0.2552302545959338,0.2190026317565288,0.29399901670635187,0.24911069765648347,0.5884009910057552,0.2918974675368494,-0.03623726297321007,-0.027888907098030522,-0.06331061475133275,0.1987197902306884,0.12956532636672996,0.4037268757290351,0.05630416550181717,-0.07459342735677171,0.18017602884328035,0.25154001137535786,0.33123306951500486,0.12109357677884569,0.1328545400210155,-0.07232606788582226,0.0005957602691525358,0.26071356270425033,0.15805770584095707,-0.06250084351170794,0.010559802570059673,0.008354139955462582,-0.2775529484349243,-0.2821917808219178,-0.2430836860015617,0.1684613382433748,-0.18388169627794435,-0.14920420695439252,-0.034540599423519995,0.17441122882785612,0.10802541139271013,-0.03848534217654941,0.015418430007808508,0.025313063345319232,0.13349078885214927,0.02068194306536975,0.11464625529002342,-0.3846047063133236,-0.4950575033981472,-0.20757714517077497,0.012965979967801954,-0.025733373179219726,0.026901757396392664,-0.07758572488986147,0.042218001985867566,0.05395582890690523,0.13344837226340703,0.10805625982088632,0.15260524616081672,-0.28592444063123595,-0.1879845372253767,-0.09033769388719115,-0.5448468664745066,-0.19961825070131972,0.024746223477581868,0.3571496052365207,0.29129206713389183,-0.09642254634494327,0.3407459535538353,-0.15535461232201903,-0.04343651489882679,0.12676968756326337,0.052617778334763284,0.06087744497893631,-0.09085826111266425,-0.0029903695063287477,-0.13239181359837274,-0.14358208091928315,-0.14505894941821793,0.08051246951307685,0.0022615753906664224,-0.06868595336103266,-0.04792496119846144,,-0.11514368619436438,0.039426219235922995,-0.1740024871545217,-0.3481572884231633,-0.008716608986532733,-0.17928142442617104,-0.11711027349059605,0.19305139155331477,0.05358564776879103,0.314069775288481,-0.2542932335900822,-0.2512893678964264,0.16117339708675157,0.10017063036834951,-0.1866541987602788,-0.1635872865915379,-0.19175190151639304,-0.1508700220759064,0.10385316148188137,-0.2733614182564854,-0.17079425062419867,-0.3646380611762891,-0.23793971060318317,-0.4602411961478025,-0.1390743543520384,-0.19470178246074055,-0.18878274030443543,-0.40385026944173985
#17,-0.002986513452806725,-0.09525416212777034,-0.2779732582688248,-0.2801673527228558,1.0,0.3225068203946671,-0.1167979331553122,-0.025039283545255607,0.06551242131240782,-0.22621345184271158,-0.046444236646004645,0.5974048759796786,0.35318172616235916,0.21992037249477023,-0.45912679667993794,-0.4147281964273664,-0.13848437816316891,-0.09038396652945543,-0.11015780899038878,-0.1870128117378269,-0.5384458176279486,-0.37600185090569055,-0.04236838807322646,-0.36272931468288777,0.17897679619793122,0.08675927621875391,-0.15298313940597497,-0.22097307510628247,0.2384641338821783,0.06899058158927246,0.11383648405039862,-0.14164634205122767,0.21550904726557604,-0.010579082837669786,-0.1472260514975948,0.14712193805250018,0.31475229676187905,0.028073997667087618,0.003499368571235769,-0.2173368166350149,0.30118670047140256,-0.1731888598613749,0.25355672736737583,-0.240268766930485,0.305983631052799,0.21690879469407034,0.2808267378751217,0.3654131279342157,0.2199666451370345,0.08585310364107854,0.1044971224200592,-0.005361842422372823,0.088625606123413,-0.24080475837004617,-0.39020755208082286,-0.4638157577627178,-0.08917316572354024,-0.03127066603684459,0.1877878784957535,0.09951895732312764,0.022590689558771075,0.18895240665940444,0.6632354217076533,0.3036314384043651,-0.3517588424127327,-0.22850394763479318,0.5445460942997888,0.012557238294467527,0.2053406341280017,0.2517366701049811,-0.13163217105453423,-0.1627775153519131,-0.018823325267754716,0.2362584712675812,-0.07311270280431492,0.16563870706525408,-0.03945321161057715,-0.10787502530535124,0.14474660908293407,-0.18224287353108462,-0.0985510878890999,0.2784167044238574,,0.24983177966510176,0.5472106272835067,0.09060376158021073,0.26367886786268596,0.25674568363008876,0.09118216960851416,0.25479066449442317,0.20782393259618442,0.1188377854684623,-0.255095292722663,0.10107680294602489,0.2557199733932307,-0.19950256909565905,-0.38514455380640683,0.00966134209942834,-0.2114447668533639,0.1943585936972805,0.03356501788244821,0.1943932981789787,0.3317305004193458,0.3690570985125273,0.37992345733758787,0.20295759305139155,0.15884434075944975,0.013675493815854164,0.3097317150762053,-0.025382472308715646,-0.03169868797778913
#18,0.2779424098406486,0.15374278194981347,0.31801451804151043,0.2552302545959338,0.3225068203946671,1.0,0.054862001484580605,0.17068242507206,0.22420059190421562,0.25537292857624866,0.17483539471527865,0.46747129650159547,0.3221366392565529,0.031074007307221423,-0.2939951606528299,-0.28276247674317717,0.2520760028149191,0.28118149479914784,-0.2578755073120415,-0.24704770902220122,-0.27444882534969584,-0.08362430470534932,0.04767046166600793,-0.35882313246507863,-0.10981847628045077,-0.02484262481563244,-0.06377719722749751,0.02530920729179721,0.25074566434982115,0.265880674423761,0.33062381305852523,-0.2704732341684903,0.11698687977789132,-0.1538970240906944,-0.21682396151658584,-0.06165251173686291,-0.011546952271697532,-0.04703806888839617,0.06321035735976015,-0.18595239701927063,0.24095900051092708,-0.07206385624632469,0.29141160479307454,-0.16530323040883807,0.4032525811458263,0.27023415885012486,-0.1405859273326714,-0.05348924643074046,0.22957978656743755,0.16470939816644656,0.2533754928518408,0.1931439368378433,0.2129254914058207,0.05407922261960996,-0.14834430701898144,-0.23682145508179653,-0.11653572151581464,-0.21226996230707681,-0.058324737547357154,-0.05139540936828203,0.14662450714815922,-0.021711509355749857,0.2974000559127761,0.20592675426334917,-0.009202471730307617,0.03285164798087398,0.21751805115054998,0.0293850558645754,-0.12884038830458966,-0.027133120607714035,0.0024235296385913836,-0.29458513684169935,-0.07735821773206213,0.020562405406187038,-0.09463333751072465,-0.07834536743369998,-0.04564988962046793,-0.10582360483163507,0.15375820616390157,-0.010366999893958529,-0.0829996240347816,0.3327292182815497,,0.2927149508835183,0.3177870108837111,0.041913373757627756,0.02023078480329307,0.0233696123702197,-0.03603674819006488,0.09258962914405251,0.15403969807100923,0.1943393134296704,-0.03635680063239278,-0.09554336614192205,-0.06358439455139638,0.031752672727097454,-0.17438423645320197,0.1419046976372032,-0.13628642765561585,0.12071568353368745,0.21663887094752876,0.4186343786451756,0.009730751062824752,0.41228731454792594,0.17362459390936347,0.1465358179171527,0.11387118853209682,0.07933637318885986,0.35734626396614383,-0.26871487376244785,-0.20670182102127577
#26,0.2770285251559292,0.5117272227738521,0.23395640731493353,0.2190026317565288,-0.1167979331553122,0.054862001484580605,1.0,0.4550046754648954,0.4408568150925935,0.5296385913836484,0.4174505702139146,0.002242295123056308,-0.08672457173705571,-0.05694812643999499,0.3304657148641223,0.1413995546258182,0.22989983900976546,0.1433699979755719,0.06940317931612891,0.01704182854058014,0.26445779067413455,0.2461993772473562,-0.14362449750802542,-0.1512903319098069,-0.11581849556071838,-0.004845131250421756,0.1003210164557084,0.20388690195019907,0.06880549102021537,0.02699044662739919,-0.20989848939103276,-0.05958181099553662,-0.35485139733739507,-0.17710275418622812,-0.12395091243866464,-0.1580152892522148,-0.11019251347208699,-0.06622193516046003,-0.1284740632199975,-0.12602161317999094,-0.1397645879324805,0.19166321228538652,0.025316919398841255,-0.07843791271822853,0.024819488494500302,0.17455390280817099,-0.2531055691052992,-0.2808151697145556,-0.14174659944280027,-0.10509095466245072,-0.006499378211369574,0.0813646573414439,-0.07879266964225463,-0.04138895047863264,-0.09257420492996443,-0.14288799128531904,-0.01352510772849527,-0.18717090993222987,-0.25585107921297945,-0.3197497421264207,0.03459844022635034,-0.21057715481090877,-0.2196620169087947,0.07023994293040788,0.2643729574966501,0.33323436129293477,0.11640461569606586,0.3997088679590873,0.11431463468712946,0.04837997551406013,0.4074479673777872,0.12807303365370712,0.13634426845844622,-0.09049193602807207,-0.09353821831047016,-0.14742271022721795,-0.25520711827480164,-0.2394975562260804,0.20671338918184184,0.01815622800844476,-0.059951992133650815,0.018981423462157653,,-0.05148795465281058,-0.2597302690561345,-0.08190064878100509,-0.23921220826545073,0.04400335476656416,0.06395843174303259,-0.1099418699931555,0.10002795638803466,-0.216176144524886,0.16662585676689193,-0.16551531335254932,-0.07423095832570156,0.0038811178699160345,-0.05542498529879595,-0.18803080986764095,-0.12535451592068098,-0.1241629953823759,0.0366305804324564,0.07850732168162494,-0.15107439291257363,-0.20123779318056934,-0.297558154107179,-0.26477013100941843,-0.31304792110514496,-0.03239663366527527,-0.1821734645676882,-0.15167208120848719,-0.266729006198606
#49,0.6598690869829273,0.5283506695072928,0.32576518562077644,0.29399901670635187,-0.025039283545255607,0.17068242507206,0.4550046754648954,1.0,0.7506791474265663,0.5134547347517183,0.6372456209692191,0.2851031012310451,0.2382173464567688,0.07138904687997069,0.1987544947123866,0.11177349541611638,0.45060106234274533,0.008944116144332083,-0.1184830285444362,-0.01866522707335178,0.1935835269393539,0.2243471219380525,-0.1426257796458215,-0.14880317738810214,-0.02406370200418382,0.022073978386820008,0.12141362922117359,0.032223111256784245,-0.012464693009938977,-0.056115218879238045,-0.035539317285723925,-0.2481389721689337,-0.23456180771789112,-0.3858733479220692,0.0581627832994322,-0.2923948984411904,0.03826940317931613,-0.03495705320389847,0.09351893804286003,-0.08246363259522042,-0.13150492128830749,-0.07138904687997069,-0.017045684594102165,-0.03909845468655105,0.2531788341222176,0.31812248754012706,-0.18327629587498676,-0.3509452151195859,-0.2607675474535587,-0.10892387186334146,-0.0804392044961584,-0.05104065244425593,-0.21074296511235577,-0.21471470024003933,-0.03176809694118554,-0.2442597823257787,-0.0010237822100970762,-0.006345136070488659,-0.3397973643874177,-0.3608321363500525,-0.19165550017834249,-0.22255405705031187,0.002373400942805086,0.2300232327224702,0.19955269779144535,0.17389066160238303,0.14665921162985743,0.25735108403304635,0.06031831721824299,0.025648540001735224,0.4362603992943422,0.1246334339120627,0.1394291112760645,-0.015414573954286486,0.05065504709205364,-0.09517704105732988,-0.26718787656772675,-0.2040257198769919,0.3032381209451187,-0.19486373670866552,-0.3356713871188532,-0.07297774093104412,,-0.03323725333307626,-0.020080398715934176,-0.10177860468703305,-0.2884887162233812,0.0693684748344307,0.03607530872528511,-0.3348616158792284,0.0780291710448941,-0.13618617026404325,0.32737701599298197,-0.14676332507495204,-0.11731464432726327,0.18521589079656425,-0.3271495088351826,-0.050427539934254285,-0.18958094338349415,-0.16334049916612842,-0.16428908833254605,0.23060935285781767,-0.04724243972506338,-0.09329914299210473,-0.2654989251250807,-0.11315010652347855,-0.2469937242728929,-0.09354207436399217,-0.17756162455534882,-0.2343420126671358,-0.3611136282571602
#50,0.45972448497585144,0.5532569192060386,0.34423182593774404,0.24911069765648347,0.06551242131240782,0.22420059190421562,0.4408568150925935,0.7506791474265663,1.0,0.6358612977548128,0.5262761127124445,0.3136803138827567,0.3123114148824386,0.2845092689886536,0.2567649638976989,-0.03477967474188542,0.5776888743215756,0.09124386646486653,0.060422430663337606,-0.2057802242295123,0.1179084765696548,0.06367693983592493,0.024645966086009274,-0.19238815034752682,-0.014223053415981414,-0.06962297436688421,0.30544763961323784,0.0770343092362122,0.2551145729902731,-0.038242410804661967,0.06725535750436216,-0.19840359384188253,-0.32539500448266223,-0.3851252735387967,-0.0626126690638466,-0.1932249139618058,-0.04221414593234554,-0.11979408674192397,0.07305100594796256,-0.11256013033460904,-0.17930841680082518,-0.10959482517617344,0.11783906760625837,-0.011304020899810089,0.3220903666142886,0.22163246025854838,-0.2315579420242353,-0.3201044990504468,-0.1555011423558559,-0.06960755015279613,-0.021441585609208256,0.017392729411084225,-0.06826564352713216,-0.1237581097625635,-0.03186449827923612,-0.20552186864353678,-0.15232761030723108,-0.23458108798550123,-0.34531152092391043,-0.2519988817444786,-0.09832358073130056,-0.12972728061465494,0.060333741432331084,0.12995478777245428,0.34121253603000007,0.07850732168162494,0.19207195395872095,0.5033750108451506,0.12450618414583595,-0.042919803726875726,0.38750831461540686,0.0463516913614761,0.025999440872239307,-0.06085816471132619,-0.07008570078952696,-0.1285280479693058,-0.26996809115710524,-0.21594478131356462,0.3780262790047526,-0.30287950796757057,-0.15023377324477263,-0.04195964639989203,,-0.019671657042599752,-0.06589417061108808,-0.06531961863630667,-0.21428282224557277,-0.054684623022567554,0.02632334936808923,-0.35753135453520096,0.042753993425428745,-0.11782364339217029,0.3860738627052143,-0.1961053859427569,-0.12744064087609536,0.23190884289473937,-0.3614491049135762,0.00621403025073988,-0.18899482324814668,-0.11103698919341,-0.02577578976796198,0.35666759854626784,-0.0028399834189698553,-0.04125398860536184,-0.19509124386646487,-0.1384496736814707,-0.15828906905227844,-0.10013206983312928,-0.03057272034935845,-0.23722248464808693,-0.35229097779877183
#51,0.43665757280711054,0.5212863794549468,0.6228162686898094,0.5884009910057552,-0.22621345184271158,0.25537292857624866,0.5296385913836484,0.5134547347517183,0.6358612977548128,1.0,0.501597370171498,0.043860680786249315,0.10499069727087812,-0.06162166330868672,0.3144630927477273,0.17512074267590835,0.5801914530573684,0.16235334946449057,0.0039312465657023316,0.0025623475653842077,0.31550808325219554,0.3370325740121273,0.09340711249072137,-0.14403709523488187,-0.032045732794771194,-0.15281732910452797,0.3486778556486364,0.14064376813550172,0.0576576402880472,-0.17422613825879904,-0.10906654584365631,-0.2387880423780282,-0.4298516383407402,-0.3827422324621866,-0.06988904205990379,-0.32355952300617935,-0.30499648135116114,-0.13564246671743804,0.17690609545660493,-0.054592077738039,-0.06630676833794454,0.018487848611338724,-0.1324843588829013,0.09620275129418797,0.10876577366893853,0.13481341521020312,-0.4529609670982233,-0.4602334840407585,-0.16723896927689355,-0.027935179740294795,0.008701184772444642,0.0397809761599491,0.04353677229039939,0.017944145064733498,0.09830430046369043,-0.018190932490142964,0.03155215794395226,-0.14705252908910377,-0.37075761811573943,-0.19394213991690204,-0.054989251250807364,-0.29968669565133566,-0.28647971233840724,0.01161250518157192,0.3914222089402601,0.31230755882891653,-0.16098830651769447,0.3483655153133525,-0.05601496148766545,-0.1816528973422151,0.3371019829755237,0.14576460721274812,-0.027842634455766246,-0.1484754128387302,-0.18252050938467027,-0.2527700924488832,-0.21737923322375716,-0.185508950864238,0.14723376360463883,-0.16492533716367982,-0.0971513404606056,-0.2665169232548948,,-0.11760384834141498,-0.15618366382925394,-0.12934553131597468,-0.33928836532251067,-0.12354602681885224,-0.013879864652521378,-0.3730134094261228,-0.04639025189669633,0.022868325412356724,0.33579863688507994,-0.25107728495271514,-0.19671849845275852,0.2993435068878756,-0.09194181215235267,-0.13411546952271697,-0.19538815998766063,-0.17867988007673546,-0.054009813656213546,0.17163872634552169,-0.23196668369756973,-0.18609507099958547,-0.2785285299759961,-0.18298323580731302,-0.2547251115845488,-0.05594940857779106,0.004721737537717024,-0.26012744256890286,-0.3556033277741895
#52,0.5783058428850992,0.41030144698408416,0.34354544841082396,0.2918974675368494,-0.046444236646004645,0.17483539471527865,0.4174505702139146,0.6372456209692191,0.5262761127124445,0.501597370171498,1.0,0.20341260736699027,0.18914135328198356,0.06875921837795108,0.032358073130055044,0.044223149817319465,0.43411643353609747,0.1562260804179962,-0.1345049309284413,-0.046374827682608234,0.09391225550210637,0.24234332372533332,-0.007305293397472357,-0.14184685683437287,-0.21665429516161686,-0.027426180675387775,0.1495512517713746,0.18649610056587584,-0.06687746425920392,-0.13906664224499435,0.03386964611068802,-0.14414120867997648,-0.2204525078808094,-0.37124733691303635,-0.006395264766274956,-0.29729208641415944,-0.13844581762794866,-0.10668350476704616,-0.07616669719375704,-0.04307404586775664,-0.16593947923997185,-0.11040845246932027,-0.180453664696866,-0.11571052606210175,0.15886362102705986,0.3025247510435445,-0.24147185562935614,-0.2944386068078625,-0.0467565769812885,0.06896744526814032,0.1064521415557248,0.13811034097153269,0.019386309081970057,0.009264168586659982,-0.11422980150964496,-0.13631342003027003,-0.17407960822496216,-0.1143724754899598,-0.21688951442646023,-0.10784032082365304,-0.14748826313709235,-0.160402186382347,-0.030175546836590093,0.09511148814745549,0.09437498192474912,0.3180299422555985,0.0865896098637849,0.18036497546585947,0.014635651142837863,-0.08717187394561036,0.4778286562617489,0.2447533571765976,0.15815796323252967,0.07176694012512894,0.054333722152063474,0.0018644018778980651,-0.2487597967859794,-0.1503957274926976,-0.015672929540262018,-0.21140235026462167,-0.20636248831133777,-0.1067066410881783,,-0.04048663395447929,-0.08048547713842268,-0.09386983891336412,-0.26752720927766477,0.012981404181890045,-0.010509673874273375,-0.2564796159370692,0.11035832377353398,-0.006491666104325528,0.359228018084891,-0.09611791811670346,0.021850327282542683,0.1758225444169165,-0.2182314210521242,-0.007748739552504989,-0.07313969517896908,-0.02287989357292279,-0.035215408789874,0.18108605747447776,-0.0919610924199628,-0.04007403622762284,-0.25835365794877235,-0.09605236520682907,-0.3183654189120145,-0.057306739417543114,-0.02653543231180049,-0.2470939816644655,-0.3638090096690542
#53,0.25087677016956994,0.14120289589619503,0.08610374712001002,-0.03623726297321007,0.5974048759796786,0.46747129650159547,0.002242295123056308,0.2851031012310451,0.3136803138827567,0.043860680786249315,0.20341260736699027,1.0,0.450373555184946,0.2145064733498501,-0.36356222224364476,-0.33341945186199184,0.19780590554596897,0.08437237908862175,-0.11431463468712946,-0.1777235788032738,-0.33431405627910116,-0.2962818003913894,0.0035147927853238603,-0.44523343584008945,0.11608456325373796,-0.04179769215196707,-0.11154984431183905,-0.2144216401723656,0.24369679851156334,0.04116529937435531,0.2548485052972535,-0.21419027696104423,0.16410399776348897,-0.23685230350997272,-0.277340865491213,0.08191221694157115,0.26798222359326346,-0.1119470178246074,0.07130421370248619,-0.45908052403767363,0.2861712280566454,-0.3446289994505124,0.22137024861905083,-0.3077844080475837,0.4263349175286553,0.24373535904678356,0.08667058698774739,0.1314779289136533,-0.01854954546769109,-0.17003075202683812,-0.12068483510551127,-0.09740969604658113,-0.10019762274300367,-0.37898258027821424,-0.26928942573722925,-0.6055989897139772,-0.13013602228798934,-0.1765629066931449,0.11909228500091582,0.013058525252330502,0.15761811573944645,0.24516595490345405,0.582640047043853,0.25024052133843616,-0.056115218879238045,-0.029030298940549294,0.5186295585782731,0.09631843289984865,0.1957197805905546,0.07778238361948464,0.1426797643951298,-0.17308474641628027,-0.004301427703816529,0.10305110234930061,0.056878717476598575,0.03956503716271582,-0.002184454320225965,-0.04118072358844341,0.3661650583710102,-0.37609825224374116,-0.044358111690590264,0.30869829273230315,,0.41858039389586726,0.5115305640442289,0.19746657283603097,0.19766708761917615,0.2646968659925,0.06842374172153509,0.14587643276488677,0.07487491926387939,0.256279101153924,-0.0792592521184194,0.11731464432726327,0.35091051063788764,0.13959106552398948,-0.5414882438568247,0.13635198056549025,-0.4550548041606817,0.06505740699680912,-0.09726702206626628,0.3613449914684816,0.1669459092092198,0.35322414275110137,0.26267629394695996,0.10384544937483732,0.09540840426865124,0.19438558607193468,0.22893582562925974,0.04851493738733094,-0.004660040681364657
#54,0.12675040729565326,0.12307944434268747,0.03913701522177128,-0.027888907098030522,0.35318172616235916,0.3221366392565529,-0.08672457173705571,0.2382173464567688,0.3123114148824386,0.10499069727087812,0.18914135328198356,0.450373555184946,1.0,0.28319435473764376,-0.12189563591142645,-0.07827210241678155,0.20177764067365256,0.1301437343950334,-0.00759064135810205,-0.24659655076012454,-0.14665149952281337,-0.20245630609352858,0.1328931005562357,-0.21370827027079137,0.024966018528337172,-0.06217693501585802,0.06309467575409947,0.021453153769774323,0.3230698042088824,0.1961593706920652,-0.007725603231372852,-0.11835963483173147,-0.019563687543983112,-0.09944954835973123,-0.17038550895086424,-0.09301379503147504,-0.011782171536540927,-0.07557286495136553,0.004980093123692557,-0.28534988865645455,0.07334792206915831,-0.030221819478854366,0.11869896754166948,-0.049274579931169446,0.41161250518157194,0.18470689173165725,-0.033719260023329124,0.07230678761821215,0.09894054929482421,0.013887576759565423,0.14425689028563715,0.09319502954701012,0.2860169859157645,0.005219168442057976,-0.1553006275727107,-0.20791262182719097,-0.3160363625847127,-0.3360531364175335,0.08304204062352386,-0.0008039871593417717,0.10421948656647355,0.19620178728080745,0.2984990311665526,0.11595345743398919,0.2139473455891568,0.09532742714468877,0.1781631689047844,0.04760490875613353,0.07411142066651885,-0.06760625837486624,0.1372697213037317,-0.15864382597630455,-0.09961921471470024,-0.1655461617807255,-0.3125813386289802,-0.28900542739533225,-0.18558607193467846,-0.04175141950970279,0.39771914434172345,-0.23672119769022393,-0.0967657351084033,0.02450329210569443,,0.24548600734578196,0.13895867274637771,0.16541891201449876,0.07833379927313391,0.1148621942872567,-0.05896484243201296,-0.02735291565846934,-0.1294496447610693,0.05930417514195097,0.09849710313979158,0.04410746821165878,0.09285184078355008,0.20751159226090057,-0.2853961612987188,0.16239576605323283,-0.12518484956571196,-0.09778758929173936,0.03159843058621654,0.2794616949283256,0.03865886458504044,0.18803080986764095,0.15773379734510715,0.10209865712936096,0.16578523709909093,0.010420984643266849,0.1536463806117629,0.024669102407141413,0.033522601293705954
#58,-0.006268015000048201,-0.02142230534159814,-0.19243827904331312,-0.06331061475133275,0.21992037249477023,0.031074007307221423,-0.05694812643999499,0.07138904687997069,0.2845092689886536,-0.06162166330868672,0.06875921837795108,0.2145064733498501,0.28319435473764376,1.0,0.030059865230929406,0.053855571515332636,-0.015476270810638851,-0.17717987525666856,0.2202905536328844,-0.018430007808508383,-0.20143445191019252,-0.2811352221568835,-0.06482989983900976,-0.17025440313111545,0.014782181176674732,0.0029633771316745876,-0.049205170967773035,-0.1950796757058988,0.1585165762100778,0.09689684092815208,0.03858174351459998,-0.0582129119952185,-0.08060887085112742,-0.0178091831914627,-0.020597109887885243,0.15624536068560632,0.16448960311569125,0.08423356116182892,-0.04841467999575834,-0.17648192956918243,0.2194615021256495,0.09403179316128908,0.1773919582003798,0.07030935189380429,0.185678617219207,-0.12145218975639382,0.1538468953949081,0.05377845044489218,0.052297725892435386,-0.09596753202934456,-0.04987226822708299,-0.15854356858473195,-0.127043467363327,-0.27004906828106773,-0.06740574359172105,-0.15395872094704674,-0.006553362960677894,-0.028220527700924487,0.21859389008319435,0.025779645821484003,-0.1879189843155023,0.09854723183557788,0.22012474333143744,0.15479162850780367,-0.09174900947625153,-0.26740381556496007,0.3587498674481602,0.3186816153008204,0.22308233638282898,0.22499879498327438,-0.15530833967975474,-0.055193622087474574,-0.1271437247548996,-0.044026491087696296,-0.0018644018778980651,0.026651113917461174,0.0999508353175942,0.19830333645030992,0.2646004646544494,-0.009595789189553951,0.19098840291903252,0.11973238988557161,,0.08126054389634928,0.11676708472713601,-0.025995584818717284,-0.028178111112182238,-0.05164605284721352,0.2402186382346987,-0.0028669757936240154,-0.14397154232500747,0.04044807341925906,0.01960610413272536,0.15752942650843993,0.056770747977981935,-0.18981230659481554,-0.04479770179210087,-0.025945456122930987,-0.26423413956985725,0.09507292761223526,0.009884993203705667,0.00943383494162899,-0.1668417957641252,0.1268583767942699,0.0025623475653842077,0.04115373121378925,-0.024545708694436678,-0.06444429448680748,-0.01642485997705648,0.17837139579497363,0.15818495560718382
#101,0.024484011838084314,0.14772733845545777,0.2551994061677576,0.1987197902306884,-0.45912679667993794,-0.2939951606528299,0.3304657148641223,0.1987544947123866,0.2567649638976989,0.3144630927477273,0.032358073130055044,-0.36356222224364476,-0.12189563591142645,0.030059865230929406,1.0,0.6391389432485323,0.16253844003354767,-0.07034791242902451,0.44298921269027214,0.3023435165280094,0.7506752913730442,0.29884607598353463,-0.04757406032795735,0.1278378143888637,0.23739600705657796,-0.04459718700895569,0.20936249795147158,0.04903936066632605,0.2630696114062063,0.1336835915282504,0.027873482883942428,0.04752393163217106,-0.30779212015462776,0.0851744382212025,0.2913884684719424,0.10557296135270358,0.03869742512026067,0.21212343227323996,0.2614809173551329,0.1434856795812326,-0.3447523931632171,0.34786037230196754,-0.23815950565393848,0.30731011346437487,-0.329405300145566,-0.2123817878592155,-0.39276411556592405,-0.6169782036574668,-0.4700047236655645,-0.4152487636528395,-0.42206241022625396,-0.3526148862946218,-0.18354236356800632,-0.008774449789363077,0.4561229309862821,0.39697106995845105,0.14014633723116077,0.07082606306575535,-0.4321151417581676,-0.5662826680034319,-0.15304483626232732,-0.27218917798579045,-0.49741355210010313,0.027171681142934265,0.47165125851946826,0.3743206115700886,-0.3490017641444863,0.2990080302314596,0.12631081719414267,0.007077786239673006,0.21318770304531826,0.18889070980305206,0.12694706602527642,-0.15489188589937627,-0.10288914810137564,-0.39995565538449673,-0.14767720975967147,-0.22930600676737392,0.22641011057233473,0.26465830545727975,0.06609854144775529,-0.18820433227613198,,-0.26238323387928625,-0.39730654661486703,-0.2778228721814659,-0.3321662344673344,-0.20878408992316813,0.08032737894401974,-0.23868007287941156,-0.22108875671194317,-0.47814099659703274,0.12135964447186527,-0.3400672881339593,-0.4195328391158069,0.26559532646313133,0.29741162407334215,-0.2352289049772011,-0.03920642418516769,-0.47086847965449763,-0.34037577241572115,0.0016368947200987149,-0.2652598498067153,-0.456273317073641,-0.30816615734626396,-0.27550924006825217,-0.3145247896040797,-0.10005494876268882,-0.21864401877898065,-0.029882486768916354,-0.2072108200861828
#102,0.03902133361611059,0.05082471344702264,0.21186893274078644,0.12956532636672996,-0.4147281964273664,-0.28276247674317717,0.1413995546258182,0.11177349541611638,-0.03477967474188542,0.17512074267590835,0.044223149817319465,-0.33341945186199184,-0.07827210241678155,0.053855571515332636,0.6391389432485323,1.0,-0.04622444159524934,-0.16416955067336333,0.31340267802917104,0.5108403304637869,0.5128570464558048,0.49524259396720427,-0.07705358950382231,0.21268256003393327,0.15918752952290977,0.08806262230919765,0.021102252899270244,0.1626772579603405,-0.1578263426296357,-0.1375704934784495,-0.08389422845189091,-0.20674038155649602,-0.30292192455631284,0.08972458137718951,0.0435714767720976,0.04750850741808296,-0.005940250450676255,0.3461174361100132,0.09249708385952397,0.14716435464124242,-0.06009466611396566,0.3243230216035399,-0.1409946690060058,0.4308156517212459,-0.22723916207956965,0.05857538102628865,-0.24550143155987006,-0.443640885735494,-0.40053020735927813,-0.26038194210135635,-0.302609584221029,-0.30346562810291805,-0.19515679677633926,-0.09609863784909335,0.11594574532694514,0.13579285280479694,-0.06380418960215167,0.24217751342388633,-0.22771345666277848,-0.48193149720918127,-0.11160382906114737,-0.17348577598257064,-0.3402678029171045,0.278015674857567,0.3604542431048943,0.4923814022538633,-0.31666489930880243,0.02260996982638119,0.1413494259300319,0.13662576036555388,0.0697039514908467,0.1522157847550924,0.24248599770564816,-0.09909479143570513,-0.16155129033190982,-0.43995835462196214,-0.16150116163612352,-0.21598334184878487,0.0360907329393732,0.4441923013891433,0.06283632016812393,-0.18789584799437017,,-0.15372350168220336,-0.37239644086259915,-0.16630966037808606,-0.22159004366980614,-0.1491695024726943,0.21655789382356627,-0.1515949601380467,-0.22229184541081431,-0.3261160864912805,0.14383658045173667,-0.1654459043891529,-0.15893302999045628,0.08213201199232645,0.3655558019145306,-0.252064434654353,-0.03423597119528019,-0.3196803331630243,-0.3251366488966867,-0.3274464249563784,-0.3092998370817387,-0.3854376138740806,-0.23616592598305264,-0.1902596088033702,-0.3665390955626464,-0.0100083869164104,-0.13308590323233688,0.11459998264775915,-0.07287748353947153
#201,0.48206645908245205,0.3156893177677306,0.5192079666065765,0.4037268757290351,-0.13848437816316891,0.2520760028149191,0.22989983900976546,0.45060106234274533,0.5776888743215756,0.5801914530573684,0.43411643353609747,0.19780590554596897,0.20177764067365256,-0.015476270810638851,0.16253844003354767,-0.04622444159524934,1.0,0.42863698148130297,-0.22029440968640646,-0.3321778026279005,0.18672746377719723,-0.005454387706901371,0.20764269808064936,-0.2006902335804421,-0.040081748334666885,-0.4393568102725266,0.27607607993598954,-0.07275023377324477,0.19010536666248928,-0.017473706535046707,0.09231970539751091,-0.13436611300164847,-0.26184724243972507,-0.46487617248127405,-0.16834565663771414,-0.2063547762042937,-0.4314441884453356,-0.32956339833996895,0.018113811419702506,-0.35177426662682076,-0.12835452556081478,-0.011307876953332113,-0.01352510772849527,-0.06866667309342253,0.24373150299326155,-0.08768087301051739,-0.3169695275370422,-0.37028332353253063,-0.05249824067558058,-0.1455101076802946,0.03944935555705513,0.04718459892223304,0.15618366382925394,0.02562925973412511,0.2069910250354275,-0.1074315791503186,-0.031340075000241004,-0.442457077304233,-0.11525165569298101,-0.08838653080504758,0.13802165174052616,-0.04620516132763923,-0.264361389336084,-0.12937252369062882,0.43329123808238457,0.1413108653948117,-0.23979061629375414,0.06732091041423655,-0.20435734047988585,-0.37225376688228434,0.4773582177320621,0.2049704529898875,-0.09355749857808027,-0.06201112471441104,-0.11660127442568903,-0.10993801393963348,0.01023589407420975,0.02858685278551666,0.2065552909874389,-0.3114900754822477,-0.01573848245013641,-0.009345145710622463,,-0.018657514966307732,-0.07107285049116482,0.036696133342330794,-0.026219235922994612,-0.10457809954402167,-0.09448295142336575,-0.18060019473070285,-0.12794578388748035,0.07853817010980113,0.24395515409753887,-0.12019126025469233,-0.1390357938168182,0.5690127538970241,-0.21771470988017314,0.27633443552196507,0.02153798694725883,-0.040640876095360205,0.19001667743148276,0.5728186787232606,-0.016698639777120106,-0.0012204409397202434,-0.2100951481206559,-0.010066227719240744,-0.10417321392420927,0.13945224759719665,0.25140890555560913,-0.04280797817473707,-0.16846519429689685
