,#10,#11,#12,#13,#17,#18,#26,#49,#50,#51,#52,#53,#54,#58,#101,#102,#201,#202,#301,#302,#401,#402,#501,#502,#601,#602,#701,#702,#801,#802,#901,#902,#1001,#1002,#1101,#1102,#1201,#1202,#1301,#1302,#1401,#1402,#1501,#1502,#1601,#1602,#1701,#1702,#1801,#1802,#1901,#1902,#2001,#2002,#2101,#2102,#2201,#2202,#2301,#2302,#2401,#2402,#2501,#2502,#2601,#2602,#2701,#2702,#2801,#2802,#2901,#2902,#3001,#3002,#3101,#3102,#3201,#3202,#3301,#3302,#3401,#3402,#3455,#3501,#3502,#3601,#3602,#3701,#3702,#3801,#3802,#3901,#3902,#4001,#4002,#4101,#4102,#4201,#4202,#4301,#4302,#4401,#4402,#4501,#4502,#4601,#4602,#4701,#4702,#4801,#4802
#10,1.0,0.15560911185447254,0.46828106774122025,0.33676265026558566,0.3476328651441682,0.44357918887914166,0.15319907840320823,0.7352665014990408,0.10400740362276228,0.3453269451379985,0.162592424782856,0.42722180983872055,0.31409676766313516,-0.009152343034521318,0.17711046629327215,0.0948454204544359,0.40936056992471054,0.4977914453452614,0.2767778816769977,0.1285280479693058,0.06219235922994611,0.17328140514590343,0.557706804970453,0.4260495695680256,0.2616235913354477,0.27581386829649196,-0.05397510917451534,-0.09518475316437393,0.36717920044730223,0.29156199088043344,0.3253988605361842,0.30177282060675004,0.34058014325238833,-0.03237349734414314,0.09010247462234776,0.11350486344750466,0.23040112596762843,0.13340209962114274,0.25275852428831713,0.4185765378423453,,0.16590477475827364,0.4454108143021025,0.2887123673276585,0.1353956792920286,0.22383041076610144,-0.4492167391283391,-0.5625615763546798,-0.4415123441913374,-0.4010777669594054,-0.15205383050716745,0.11170023039919794,0.28796043689086404,0.3767614934495291,0.22529185505094812,0.24130604532790914,-0.4278194981346341,0.04789796882380727,-0.4885639092670606,-0.46316408471749587,-0.5318365418912014,-0.6159486373670866,-0.038242410804661967,-0.08968216478844726,0.03387350216421004,-0.20565297446328554,0.09223872827354844,-0.13731213789247396,0.24817753270415394,0.2990273104990697,0.295873058718055,0.18613748758832774,0.1352491492581917,-0.13307047901824878,-0.14839829176828975,-0.26065186584789796,-0.5047130614172924,-0.5160267224509076,0.014971127799253853,0.37305196996134304,0.23047053493102485,0.1921683552967715,,0.21564015308532483,0.23133043486643595,-0.41836059884511195,-0.4529224065630031,,0.16344461261122303,0.37387330936153396,0.39813945417562396,-0.03405859273326714,0.22112346119364137,-0.2203522504892368,-0.44762804507726567,0.3866484146799958,0.46450599134315984,0.2961391264110746,0.2826583632980826,-0.19292028573356598,0.09522331369959415,0.5325614799533418,0.3192253188474256,0.43965372639372235,0.21508488137815354,0.29173165723540245,0.3735069842769418,-0.4689905815892725,-0.14578774353388024,-0.5618559185601496,-0.5533109039553469
#11,0.15560911185447254,1.0,0.07021295055575372,0.1045665313834556,0.017728206067500217,-0.1312889822910742,-0.1989203050138336,0.35714189312947664,0.04265373603385615,0.1514947027464741,0.15412067519497172,-0.041863245061841456,-0.05512421312407816,-0.31709677730326896,0.042264274628131836,0.21599876606287297,0.01030144698408414,0.007660050321498462,0.11617710853826652,0.05096353137381547,0.016027686464288125,0.12535065986715896,0.0900407777659954,0.03396990350226061,0.25884723279959126,0.12120540233098435,-0.03140562791011539,0.09396238419789267,-0.04295450820857394,-0.05543655345936201,-0.07868855619716002,0.135804420965363,0.11210125996548832,0.20648202597052048,-0.3227806001947307,-0.16110013206983312,0.13273500236183278,0.1690975870745086,0.21435223120896918,0.2056915349985058,,-0.0386858569596946,-0.010694764443330474,0.06310238786114351,-0.18799610538594275,0.24623022567553238,-0.24237417215350948,-0.17043563764665054,-0.20988692123046668,-0.13195607955038416,0.15803456951982495,0.34932567264033626,0.34120096786943405,0.23788186980035284,0.2895028582996732,0.19287015703777968,-0.18351151513983013,0.060391582235161424,-0.2890208516094203,-0.08569886150019762,-0.09907165511457298,-0.010698620496852496,-0.17968631004598343,-0.12675040729565326,-0.047685885880096014,-0.06524635361938824,-0.006857991188917703,-0.19730076253458398,0.3050041934582052,0.31848881262471923,0.14634301524105153,0.19121205402330985,0.23023145961265942,0.2789025671676323,0.09096237455775887,0.15115922609005814,-0.10282359519150126,-0.12093547858444276,-0.14319647556708087,0.06969238333028062,-0.0912554346254326,0.0169338590419635,,-0.13867332478574804,-0.20719925192561672,-0.33088216864450076,-0.28292443099110215,,0.09961535866117821,-0.13312831982107912,-0.049810571370730625,-0.30772656724475334,-0.3000337404683177,-0.10918608350283902,-0.3351045472511158,0.033495608919051796,0.2421389528886661,0.16764385489670597,0.059570242834970547,0.16699989395852816,0.1307144303162928,0.0014749404721737538,0.27183442106176436,-0.07148544821802126,0.11074392912573626,0.046455804806570716,0.23275331861606238,-0.12020282841525841,0.12221954440727638,-0.21275196899732968,-0.3129630879276604
#12,0.46828106774122025,0.07021295055575372,1.0,0.6869964235103583,0.31450165328294755,0.5702852515592917,0.06777206867631323,0.260154434943557,0.03552003701811381,0.6806262230919765,0.4259840166581512,0.3600956301273462,0.4101973335389895,-0.09600223651104277,0.17345107150087244,0.179782711384034,0.6317006160045502,0.465207793084168,0.33273307433507177,0.19395370807746812,0.04789025671676323,0.2976275630705754,0.40808036015539895,0.4593620159447813,0.3109502279891645,0.2409628565644491,0.04227198673517588,0.14621190942130277,0.5765976111748431,0.17052432687765706,0.33884877522100004,0.4325393076455901,0.39549420145951625,0.1521810802733942,0.2486094106986205,0.1797981355981221,0.34519969537177175,-0.06317179682453992,0.25547704202134325,0.43026809212111866,,0.19862724494615985,0.5631901130787695,0.1879536887972005,-0.06975793624015501,0.16283535615474343,-0.4777399670307424,-0.49191867583122056,-0.4506280547173995,-0.30046561846278425,-0.1292684102455342,0.18179557132252996,0.3733450300290168,0.42745317305004193,0.21919929048615194,0.3738617412009679,-0.4039428147262684,0.08126825600339332,-0.4175778199801413,-0.18049222523208622,-0.4212757753077613,-0.48694822284133304,-0.15455255318943828,-0.10811410062371665,0.10457809954402167,-0.18771075742531307,-0.04810619571399651,-0.1796978782065495,0.2651711605757088,0.3104489410313015,0.3296212391427993,0.18828145334657245,-0.09606393336739515,-0.1594767335370615,-0.43251617132445797,-0.4506126305033114,-0.4666075405126623,-0.21719799870822207,0.2466389673488668,0.39645050273297794,0.37285916728524193,-0.003996799475576721,,0.3938052500168702,0.2725979196591249,-0.40066516923254897,-0.3681239335601978,,0.2295682184068715,0.39560988306517697,0.3732601968515323,0.04376427944819874,0.1654111999074547,-0.5320062082461705,-0.35153133525493335,0.4282205277009245,0.4386164479962982,0.3261854954546769,0.43779896464962936,-0.04227198673517588,0.36991699844793846,0.5014971127799254,0.4450213528963782,0.332601968515323,0.2846827913971446,0.21171469059990553,0.4554674018875382,-0.25593205633694194,-0.2669102407141411,-0.5239354882245766,-0.48986725535750436
#13,0.33676265026558566,0.1045665313834556,0.6869964235103583,1.0,0.36064704578099543,0.55888290129467,0.4044595258982195,0.26740381556496007,0.011415846451948753,0.7576470361408616,0.41900455978328977,0.3942486961719029,0.45416019974357247,-0.015965989607935757,-0.027511013852872277,0.1353841111314625,0.5145305736843627,0.3685943720898846,0.2927149508835183,0.26806320071722595,0.13553835327234343,0.4164094357629684,0.2621171661862667,0.4625625403680603,0.14207822004569423,0.19570821242998854,0.03487993213345801,0.2902123721477254,0.5484137159823779,0.19926349377729363,0.35646708376312264,0.3062149942641204,0.28858511756143174,0.06622964726750408,0.35419972429217317,0.14016561749877088,0.27451437825957026,-0.04494423182593774,0.12874013091301706,0.33398243567620717,,0.13097664195579034,0.43931439368378433,0.1483404509654594,-0.09948810889495147,0.2078663491849267,-0.41461251482170575,-0.4159891259290679,-0.4511216295682184,-0.2655066372321248,-0.07732351325036392,0.24451042580471016,0.274479673777872,0.3781496727174573,0.2647547067953303,0.2666480290746436,-0.4149325672640336,0.10880047815063673,-0.49407420975003136,-0.35035523893071635,-0.3044257854299018,-0.34428581068705233,0.06757926600021208,-0.026824636325952205,-0.002342552514628903,-0.11043158879045241,0.10937503012541815,0.034895356347546105,0.33230119634060523,0.24739860989270532,0.2965208757097548,0.22328285116597418,-0.27101308166157345,-0.11842904379512788,-0.4401357330839752,-0.46124377006352846,-0.5966066729006199,-0.3757820558549353,0.30959675320293445,0.2888280489333192,0.4484725207985887,0.009865712936095552,,0.40585541727319174,0.3030684545901497,-0.3370595663867815,-0.3456662778479365,,0.23514021574619456,0.3301032458330522,0.2963627775153519,0.011354149595596387,0.04323214406215958,-0.4829649195530834,-0.4217500698909701,0.24487675088930233,0.23692556852689114,0.2271427607415191,0.43826554712579413,-0.2011452478960408,0.4434982117551792,0.48848678819662017,0.28898614712772214,0.23736515862840177,0.3006892695670616,0.15675821580403537,0.48182352771056464,-0.23336643112606403,-0.2763460036825311,-0.39672428253304154,-0.39538237590737757
#17,0.3476328651441682,0.017728206067500217,0.31450165328294755,0.36064704578099543,1.0,0.4697926407218532,0.2176568690773428,0.2713369901574234,-0.06507668726441923,0.26897708540194537,0.0351807043081758,0.6576865606894624,0.35879614009042443,-0.019852891558134828,-0.0380110475933406,-0.1185832859360088,0.4172153509490712,0.09165260813820096,-0.06743273596637521,0.035951915012580375,0.08974771769832166,0.02348143792235836,0.27973933078191127,0.1025112548562174,-0.1233030954469648,-0.1713418102243259,-0.12417070748941995,-0.08348548677855648,0.14443812480117224,0.1634021960224808,0.22187924768395786,0.022629250093991304,0.02780792997406804,-0.22437025825918464,0.19953727357735726,0.23210935767788457,0.18240482777900957,-0.2180617546971552,0.18153721573655443,-0.16378008926763904,,0.03536965093075492,0.4375367530101318,0.014346447128686147,0.20533677807447967,0.021453153769774323,-0.1225935815989126,-0.1627466669237369,-0.2317276083792043,-0.1453250171112375,-0.05545197767345011,-0.19737788360502445,0.017057252754668236,-0.13720031234033528,-0.13911677094078065,-0.2494538864199435,-0.12344191337375762,-0.2042300907136591,-0.23348982483876876,-0.23548726056317662,-0.01274618491704665,-0.10501383359201026,-0.044446800921596794,-0.12813087445653745,-0.16585850211600936,-0.15046128040257198,-0.040660156362970316,-0.23648212237185853,-0.06151369381007008,0.125019039264265,0.029836214126652078,0.16849989877859506,-0.23530216999411951,-0.12131722788312302,-0.2527508121812731,-0.2283419933868682,-0.17401019926156575,-0.10239942930407873,-0.10991487761850134,0.025193525686136524,0.2839385730673942,0.2831712184165116,,0.31769832165270456,0.43210357359760154,0.16795619523198982,0.05158821204438318,,-0.015333596830324005,0.2875015665217433,0.5061282330598749,0.13020543125138576,0.21645378037847166,-0.16470939816644656,-0.12449075993174785,0.08901121147561528,-0.14159621335544137,0.0651383841207716,0.15381219091320988,-0.1775731927159149,0.018580393895867273,0.3096738742733749,-0.0505817820751352,0.17673642910163592,-0.08648164036516827,-0.04603549497267022,0.06285174438221203,-0.029500737470236085,-0.1046166600792419,-0.03721670056780388,-0.17776599539201604
#18,0.44357918887914166,-0.1312889822910742,0.5702852515592917,0.55888290129467,0.4697926407218532,1.0,0.3165607858637078,0.2298419982069351,0.006992953062188503,0.5060703922570445,0.23569163139984384,0.6052635130575612,0.4874263734780639,-0.02084775336681673,-0.0016099023454445548,-0.05009977538488234,0.3868373613025749,0.3178988364358497,0.1731927159148969,0.08536724089730366,-0.1498944405348346,-0.023816914578774353,0.4069466804199242,0.269085054900562,0.05333114823633752,0.05668591480049743,-0.2105655866503427,-0.2502559455525243,0.4183027580422816,0.3190363722248465,0.4292192455631284,0.2768858511756143,0.24745259464201363,-0.021588115643045126,0.33977037201276356,0.2971995411296309,0.33898759314779287,-0.13965661843386387,0.16352944578870754,0.09633771316745876,,0.2167159920179692,0.6434268747650217,0.11465782345058949,0.11020793768617508,-0.04610490393606663,-0.19719664908948936,-0.2596608600927381,-0.21734838479558097,-0.29326636653716753,-0.3106494558144467,-0.15477234824019356,-0.0012859938495946323,0.013941561508873743,-0.16150501768964554,7.133699015742339e-05,-0.41248782933107114,-0.3395467209084862,-0.16242275842788698,-0.1114572990273105,-0.183654189120145,-0.4577617537331418,-0.10976063547762042,-0.047747582736448385,-0.15565924055025884,-0.07083763122632142,-0.05601496148766545,-0.13913219515486874,0.15906027975668302,0.14031214753260776,0.3230736602624044,0.06634147281964274,-0.2305476560014653,-0.17643951298044017,-0.3199309766419558,-0.44825272574783337,-0.2922483684073535,-0.1821040556042918,0.05998669661534902,0.25796805259657,0.5269856265604966,0.09956908601891394,,0.6402996153586612,0.4149209991034676,-0.074979032708974,-0.04077969402215303,,0.09193795609883065,0.5126758119402697,0.39495821001995507,0.3094000944733113,0.2937522292809424,-0.36481543963830215,-0.1469908322327514,0.23295383339920758,0.2861403796284692,0.2240463497633347,0.19976863678867862,-0.23576875247028428,0.018287333828193534,0.43325267754716434,0.34666885176366247,0.3073640982136832,0.16991507042117746,0.15049598488427018,0.18519661052895414,-0.1921336508150733,-0.4963569934350689,-0.12933781920893062,-0.08455361360415682
#26,0.15319907840320823,-0.1989203050138336,0.06777206867631323,0.4044595258982195,0.2176568690773428,0.3165607858637078,1.0,0.0748941995314895,0.07361784581569993,0.26858376794269906,0.2495194393298179,0.3748758832772599,0.40199936375116885,0.2586929906587103,-0.2055295807505808,-0.19003595769909287,0.18474159621335545,0.18303722055662133,0.06253169193988413,0.0027474381344413062,0.028293792717842922,0.014701204052712252,-0.007316861558038425,0.1350139299933483,-0.1896542084004126,-0.09708193149720919,-0.12593292394898442,-0.06710111536348125,0.32760837920430336,0.21508488137815354,0.25139733739504305,0.005863129380235798,0.0712039563109136,-0.2763652839501412,0.31978444660811894,0.010286022769996048,-0.11266424377970366,-0.22604764154126458,-0.04147378365611715,-0.1320293445673026,,-0.008296299152632238,0.14740728601312986,-0.23463507273480955,0.17709889813270607,-0.022845189091224585,0.028324641146019108,0.08306903299817801,0.036715413609940906,-0.1301437343950334,-0.21175325113512575,-0.10932104537610982,-0.1455448121619928,-0.0782296858280393,-0.16077622357398322,-0.130583324496544,-0.19236115797287268,-0.2772097596714642,0.012927419432581725,-0.2528626377334117,-0.04942496601852834,-0.08703691207233956,0.3041442935227941,0.32927033827229524,-0.10615908148805106,-0.01741200967869434,0.317100633356791,0.4615522543452903,0.0901256109434799,-0.042765561585994816,0.1478854366498607,0.07409214039890874,-0.418364454898634,-0.17237137651470602,-0.25663385807795014,-0.359559638687785,-0.31013274464249563,-0.3102291459805462,0.32515207311077476,-0.029149836599732006,0.28556197160016583,0.11087117889196302,,0.31984614346447127,0.3060299036950633,0.04636711557556419,0.06588260245052201,,0.18263619099033093,0.34201845121610286,0.2493536290283709,0.22965690763787802,0.13303577453655058,-0.07646361331495281,-0.12354217076533022,0.11011153634812451,-0.0929752344962548,0.12134036420425516,0.20543317941253025,-0.08173098242603608,0.21089720725323668,0.3218937078846654,0.06090443735359047,0.18338040932008137,0.11605371482556177,0.13494452102995189,0.1493314567206193,-0.15371193352163728,-0.25510686088322904,0.057160209383706244,0.08947393789825803
#49,0.7352665014990408,0.35714189312947664,0.260154434943557,0.26740381556496007,0.2713369901574234,0.2298419982069351,0.0748941995314895,1.0,0.07062554828261017,0.19662595316822998,0.20524423278995113,0.2567186912554346,0.13167844369679851,-0.04696094781795571,0.15413224335553777,0.1413108653948117,0.20274936616120232,0.414832309872461,0.38757001147175923,0.24044228933897602,0.12333394387514099,0.17242150521049232,0.3686946294814572,0.21832782239017479,0.19037143435550885,0.12497662267552273,0.041454503388507036,-0.04752393163217106,0.3087445653745674,0.21465300338368695,0.22695381411893997,0.24527392440207071,0.2976237070170534,0.008003239084958499,-0.04199820693511226,-0.020813048885118524,0.06884405155543559,0.23522119287015703,0.1226128618665227,0.3167998611820732,,0.13359490229724388,0.31585898412269964,0.2850645406958249,0.09133641174939508,0.15814253901844158,-0.3949312176453009,-0.4772849527151437,-0.47308571042966074,-0.5167169560313497,-0.1081565172124589,0.027171681142934265,0.3151880308098676,0.37200312340335284,0.2666673093422537,0.24499243249496302,-0.3891625615763547,0.09520403343198404,-0.540531942583363,-0.42514339699035025,-0.48977856612649784,-0.5213519323648212,-0.01802512218869598,-0.12288664166658633,0.20525965700403923,0.003399111179663174,0.17248705812036672,-0.011219187722325585,0.3855610075867853,0.3878515033788669,0.4348567958123259,0.26622771924074307,0.19807197323898856,-0.14503966915060781,-0.11339303789536599,-0.2898653273307433,-0.42276806802078415,-0.4624430027088776,0.03867043274560651,0.3368667637106803,0.03758688170591808,0.19552312186093143,,0.03364599500641069,0.010039235344586582,-0.3792949206134981,-0.45889928952213854,,0.08908062043901169,0.15951915012580375,0.17048191028891482,-0.300083869164104,0.14965150916294717,-0.1053415981413822,-0.4728543472183394,0.42142230534159814,0.35370614944135426,0.3283178930523556,0.4260765619426798,-0.16238034183914474,0.2530361601419028,0.34814957631611926,0.21746792245476368,0.29982165752460643,0.32481274040083674,0.3322317873772088,0.4418940934900176,-0.3224798280200129,0.017658797104103806,-0.5436823383108558,-0.5293648115835847
#50,0.10400740362276228,0.04265373603385615,0.03552003701811381,0.011415846451948753,-0.06507668726441923,0.006992953062188503,0.07361784581569993,0.07062554828261017,1.0,0.2789604079704626,0.34054543877069016,-0.002219158801924171,0.1454406987168982,0.028467315126333954,-0.26255290023425526,-0.26975215215987197,-0.045426238516190605,-0.1559908611531528,-0.2206915831991748,0.24240502058168567,-0.14329287690513146,0.0037808604783434395,-0.1856439127375088,0.07022066266279776,-0.1471797788553305,0.18117089065196226,0.11558327629587499,0.10399969151571824,-0.10762052577289773,0.09580557778141961,-0.05141854568941417,-0.026277076725824956,-0.10127731772917008,0.11694831924267109,-0.011230755882891654,0.21552447147966414,-0.07015125369940135,0.3340287083184715,-0.4652155051912121,0.0036458986050726385,,0.11318481100517676,-0.16752817329104527,-0.030163978676024022,-0.30152217712781854,-0.050986667694947606,0.2047506579391322,0.10425804710169377,-0.029616419075896773,-0.03324882149364233,0.10576962008232674,-0.03847377401598334,-0.36181157394464636,-0.11748431068223227,-0.04654835009109926,0.0624430027088776,-0.1728379589908708,0.2550297398127886,-0.05921162985742242,-0.2798318760664398,0.15205383050716745,-0.018433863862030404,0.4434557951664369,0.11686734211870861,0.008014807245524568,-0.017685789478757964,0.3783501875006025,0.18496524731763278,0.26876500245823415,0.35060588240964785,0.11703700847367761,0.1752788408703113,0.1721824298921269,0.06278619147233763,-0.03924884077390994,-0.2505104450849778,0.013841304117301148,-0.0007808508382096343,0.07701502896860209,0.11947403429959608,0.045075337645686525,-0.24572122661062534,,0.10700741326289609,-0.006992953062188503,-0.11967069302921925,-0.07217953785198539,,0.24604513510647527,-0.028135694523439985,0.08980170244762997,0.09418603530217,-0.20671724523536386,-0.18381228731454793,-0.1909189939556361,-0.17169656714835202,0.00807264804835491,0.08079396142018451,-0.12489564555156026,0.2295026654969971,0.10558838556679166,-0.1059469985443398,-0.01031687119817223,0.2696904553035196,0.22027512941879634,0.21868257931420088,0.013633077227111913,0.07631322722759391,0.1336488870465522,-0.0023001359258866512,0.05972062892232944
#51,0.3453269451379985,0.1514947027464741,0.6806262230919765,0.7576470361408616,0.26897708540194537,0.5060703922570445,0.26858376794269906,0.19662595316822998,0.2789604079704626,1.0,0.38279621721149487,0.3607241668514359,0.5117310788273741,0.006977528848100411,-0.06939932326260688,-0.0017217278975832184,0.5830063721284452,0.27747968341800583,0.17330068541351354,0.2902586447899897,0.07649060568960697,0.37192214627939035,0.19163621991073235,0.4458619725641792,0.03552774912515786,0.21251289367896425,-0.01028987882351807,0.25119682261189785,0.4647836271967455,0.16084948859090165,0.23600011568160567,0.14917721457973837,0.12924141787088006,0.06873608205681894,0.3839221848399256,0.20837149219631168,0.33155697801085476,0.048727020331042196,0.0463516913614761,0.18563620063046474,,0.12517328140514591,0.4149209991034676,0.22002834199338686,-0.24854771384226812,0.11328506839674934,-0.3257960340489526,-0.3631958971590526,-0.4497411624073342,-0.17616187712685452,-0.07957544850722528,0.22265817049540648,0.10443928161722885,0.14250238593311676,0.17042406948608446,0.15036487906452142,-0.4797759632903705,0.15945359721592936,-0.43334136677817087,-0.3340209962114274,-0.15443301553025557,-0.2869231584934399,0.13167073158975445,0.03897120492032429,-0.11416810465329259,-0.22551936220874746,0.2213471122979187,-0.046521357716445104,0.43185293011867004,0.38049029720532523,0.37982705599953726,0.157537138615484,-0.24844745645069555,-0.14108335823701232,-0.465373603385615,-0.4505355094328709,-0.4928865452652483,-0.31745924633433914,0.33293358911821697,0.26170842451293225,0.5337568565451688,-0.17667087619176153,,0.5087734857759826,0.3924864797123384,-0.2767354650882554,-0.24670452025874118,,0.2911879536887972,0.456951982493517,0.3906355740217674,0.25396546904071027,-0.05550210636923641,-0.5286167372003123,-0.36569847589484544,0.17871072850491165,0.2426942245958374,0.2368291671888406,0.24901815237195493,-0.14071317709889813,0.29979080909643024,0.3380621403025074,0.2685991921567871,0.1897737460595953,0.17421071404471095,0.10586602142037732,0.30036150501768966,-0.10391871439175576,-0.2567495396836108,-0.2778730008772522,-0.3222600329692576
#52,0.162592424782856,0.15412067519497172,0.4259840166581512,0.41900455978328977,0.0351807043081758,0.23569163139984384,0.2495194393298179,0.20524423278995113,0.34054543877069016,0.38279621721149487,1.0,0.059894151330820475,0.16612071375550694,0.1769677923129573,-0.05597640095244522,-0.0026664610104788255,0.07879652569577665,0.19323648212237185,0.13444709012561093,0.18410534738222167,-0.03787608572006979,0.2543433622858685,-0.03474111420666519,0.25899761888695016,0.08506261266906384,0.25505287613392075,-0.034201266713581986,0.15563996028264873,0.29893476521454115,-0.056936558279428916,0.14570291035639574,0.147260755979293,0.38673324785748026,0.3856304165501817,0.24342687476502173,0.16897419336180386,0.15736361620699296,0.24311453442973788,0.027187105357022356,0.18927631515525437,,0.18008733961227383,0.04881956561557074,0.039622877965546165,-0.29306199570050034,-0.02827836850375483,-0.23284971995411297,-0.17609632421698013,-0.2361736380900967,-0.31429728244628036,-0.0592424782855986,0.07559214521897564,0.08287623032207687,0.22993454349146367,0.23777004424821416,0.35794780831557943,-0.2858087590255753,0.3891162889340904,-0.18611049521367357,-0.1463198789199194,-0.14640856815092593,-0.2414834237899222,0.29086018913942524,0.20721853219322683,0.09854337578205585,-0.11389046879970693,0.24301813309168732,0.22160932393741625,0.46469493796573896,0.36027300858935923,0.32299653919196397,0.37067664099177694,0.014577810340007519,-0.025220518060790682,-0.2945889928952214,-0.5670962952965787,-0.22528414294390406,-0.21296790799456297,0.37883990629789943,0.3092381402253863,0.052081786895202105,0.00954180444024563,,0.16072609487819692,-0.05692113406534083,-0.35023570127153364,-0.1655268815131154,,0.22619802762862348,0.10418478208477534,0.17955134817271265,-0.03689664812547598,-0.060480271466167954,-0.4986166407989743,-0.2673421187086077,0.18230071433391495,0.26545265248281646,0.30668543279380717,0.2971571245408886,0.07297774093104412,0.5055382568710054,0.21571341810224326,0.31173300685413513,0.2961082779828984,0.3861008550798685,0.23950141227960245,0.471107554972863,-0.17572999913238796,-0.021881175710718865,-0.2384988383638765,-0.14831345859080525
#53,0.42722180983872055,-0.041863245061841456,0.3600956301273462,0.3942486961719029,0.6576865606894624,0.6052635130575612,0.3748758832772599,0.2567186912554346,-0.002219158801924171,0.3607241668514359,0.059894151330820475,1.0,0.684929578822554,0.06368850799649099,-0.08450734096189255,-0.22814533465724504,0.4955202298207899,0.2565297446328555,0.007297581290428311,-0.14180829629915262,-0.0035764896416762264,-0.09675416694783724,0.3689182805857345,0.14516306286331254,-0.06583632980825774,-0.17744979900321017,-0.2787830295084496,-0.20293831278378144,0.3375338609699903,0.4120520952830825,0.4062718710535702,0.20799359895115344,0.1981336700953409,-0.1990745471547145,0.18056549024900465,0.27749896368561594,0.2182468452662123,-0.23151938148901507,0.2140360348201633,-0.07489034347796747,,0.05415248763652839,0.5377517279939845,-0.1007413262896089,0.13892782431820153,-0.05045067625538643,-0.17314644327263262,-0.17928528047969305,-0.2585348924643074,-0.296883344740825,-0.05208949900224615,-0.206235238545111,0.034170418285405804,-0.13726200919668766,-0.16283535615474343,-0.14348182352771058,-0.3770699777312909,-0.3938476666056125,-0.290482295894267,-0.2600117609632422,-0.07392633009746176,-0.2449731522273529,-0.02712540850066999,0.03755217722421987,-0.21200003856053523,-0.1967493468809347,0.0893852486672515,-0.06395843174303259,0.07679523391784678,0.22376485785622705,0.2658999546913711,0.2838537398899097,-0.16543048017506484,-0.13826843916593562,-0.3747100729758129,-0.4012281530467643,-0.2681480338947105,-0.1848225733373179,-0.05611136282571602,0.15804228162686898,0.5467170524326878,0.05353551907300473,,0.6581569992191492,0.6746724764539732,0.004972381016648511,-0.02599172876519526,,-0.11323493970096304,0.5972776262134518,0.48260630657553527,0.3227111912313343,0.19262722566589224,-0.43839665294554286,-0.3028756519140486,0.23340884771480627,0.04663703932210579,0.3011751323108365,0.25731252349782613,-0.049274579931169446,0.09795339959318636,0.45474631987891995,0.20460412790529534,0.37818823325267753,0.1761927255550307,0.16266568979977442,0.22041394734558917,-0.08162686898094146,-0.33745673989954983,-0.14525175209431906,-0.20026606769301958
#54,0.31409676766313516,-0.05512421312407816,0.4101973335389895,0.45416019974357247,0.35879614009042443,0.4874263734780639,0.40199936375116885,0.13167844369679851,0.1454406987168982,0.5117310788273741,0.16612071375550694,0.684929578822554,1.0,0.22474043939729885,-0.32055951336604555,-0.227293146828878,0.4842258490547849,0.2324525464413446,-0.11952030694186035,-0.22787926696422547,-0.08087108249062497,-0.027252658266896743,0.31055305447639614,0.1966143850076639,-0.1265691727801182,-0.1428957033923631,0.02307655230254596,-0.010868286851821504,0.34253130633453194,0.47430036728909797,0.32210964688189875,0.19267735436167854,0.13234554095610848,-0.267399959511438,0.1423250074711037,0.1721515814639507,-0.040043187799446656,-0.4126536396325181,0.06217693501585802,-0.08169627794433787,,-0.0675484175720359,0.4329750416935787,-0.18738684892946314,0.03128609025093268,0.023778354043554124,-0.05759594343169483,-0.05387485178294275,-0.14896513163602712,-0.0971860449423038,0.01988373998631101,-0.05640056683986774,0.08662431434548312,0.00019087464934013285,-0.10959868122969547,-0.10994572604667753,-0.3949235055382569,-0.24216208920979823,-0.2550374519198326,-0.18002564275592145,0.05997512845478295,-0.08970915716310142,0.1583160614269326,0.2763845642177513,-0.1891991940848139,-0.16881609516740093,0.19661824106118592,0.22705021545699056,0.05829003306565895,0.21636894720098715,0.2128599384959463,0.2314229801509645,-0.3409618925510686,-0.09985443397954363,-0.48717958605265443,-0.3734954161163757,-0.34279351797402946,-0.03284779192735195,0.15273635198056548,0.08382096343497247,0.449872268227083,0.03272439821464722,,0.5606759661824106,0.6049974453645417,0.02559069919890488,0.05454580509577473,,0.08272584423471797,0.44132339756875827,0.305304965632923,0.3308860246980228,0.20974039119662982,-0.41456624217944144,-0.24068522071086346,0.27427530294120483,-0.08850221241070826,0.348947779395178,0.36731030626705097,0.04178226793787898,0.2240463497633347,0.4393066815767403,0.07718855137709311,0.3822255212902355,0.2801673527228558,0.2769591161925328,0.29851059932711865,0.10202539211244252,-0.3088988075154483,-0.1271784292365978,-0.22150135443879962
#58,-0.009152343034521318,-0.31709677730326896,-0.09600223651104277,-0.015965989607935757,-0.019852891558134828,-0.02084775336681673,0.2586929906587103,-0.04696094781795571,0.028467315126333954,0.006977528848100411,0.1769677923129573,0.06368850799649099,0.22474043939729885,1.0,-0.07708829398552051,-0.1036565027522582,0.15413995546258183,-0.015510975292337057,-0.019409445403102195,-0.17359374548118728,0.2290476511813984,0.024383754446511717,0.08687110177089258,0.02068579911889177,-0.25531508777341827,0.0774044903743264,-0.08655104932856468,-0.19057194913865405,0.09347266540059576,-0.09728244628035437,-0.02896860208419693,-0.139849421109965,-0.146929135376399,-0.1974550046754649,0.15160267224509077,0.014566242179441451,-0.13983399689587692,-0.1636566955549343,0.15356154743427838,-0.2779038493054284,,0.10507553044836263,0.06474506666152526,-0.06476049087561335,0.2322983043004637,-0.04079897428976314,-0.043822120251029086,0.020253921124425207,0.07507157799350254,-0.16474024659462275,-0.3288114679031745,-0.1839588173483848,-0.08647778431164625,-0.01763951683649369,0.09166417629876702,-0.02606113772859167,0.17534439378018568,0.0031716040218638234,0.07838392796892021,-0.0048142828222455724,0.010991680564526235,-0.040532906596743565,0.5390435059238622,0.5870513722730472,0.11604985877203976,0.05872191106012552,0.3893746445200659,0.5803225588771173,0.01980276286234853,-0.10062178863042619,0.05478488041414015,-0.004467238005263513,-0.12206915831991748,-0.21542421408809154,-0.09595210781525648,-0.22408491029855496,-0.10002795638803466,-0.05193911291488726,0.4266086973287189,0.009973682434712194,0.016309178371395797,0.05906509982358555,,0.04413831663983496,0.03296347353301264,0.19055652492456596,0.14780831557942023,,0.12631081719414267,0.07866156382250586,0.04353291623687737,0.04715375049405686,0.12156015925501046,0.1399149740198394,0.11122593581598912,0.05286456576017275,-0.2018894662257912,-0.07428108702148786,0.01551483134585908,-0.1030665265633887,-0.04517945109078114,-0.010120212468549064,-0.2318085855031668,-0.02748402147821812,-0.16548060887085111,-0.053951972853383205,-0.12097403911966298,-0.1127375087966221,-0.006422257140929116,0.14252166620072687,0.19375704934784496
#101,0.17711046629327215,0.042264274628131836,0.17345107150087244,-0.027511013852872277,-0.0380110475933406,-0.0016099023454445548,-0.2055295807505808,0.15413224335553777,-0.26255290023425526,-0.06939932326260688,-0.05597640095244522,-0.08450734096189255,-0.32055951336604555,-0.07708829398552051,1.0,0.7472935324342301,0.08926185495454676,0.25230350997271844,0.6017005196032121,0.37373449143474113,0.4814649147330165,0.3727319175190152,0.2461492485515699,0.12127095524085875,0.3119142413696702,0.1276835722479828,-0.34388092506723994,-0.18223130537051854,0.28526119942544803,-0.028471171179855977,0.09130941937474092,0.11237889581907397,0.16396903589021816,0.18502694417398513,-0.045144746609082936,-0.1113223371540397,0.37077689838334954,0.3642640239846529,0.3470236086876886,0.3525840378664456,,0.08496235527749126,0.30373555184945966,0.38617797615030897,0.13601264785555223,0.06489545274888416,-0.6631737248513009,-0.5699574870099197,-0.5013004540503022,-0.39309573616881804,-0.2837766188194692,0.06255097220749424,0.21518899482324816,0.24461068319628276,0.2250527797325827,0.24180733228577211,-0.03967686271485448,0.06236202558491512,-0.2608562366845652,-0.011728186787232607,-0.4120790876577367,-0.37755198442154375,-0.33764954257565094,-0.26861847242439724,0.20769282677643566,-0.21552447147966414,-0.06730163014662643,-0.24596801403603483,0.15678520817868952,-0.11291103120511313,0.08739552504988769,-0.05352009485891664,0.15707826824636326,-0.2257584375271129,-0.18417090029209607,-0.2548947779395178,-0.2738472810002603,-0.20169666354969007,0.11581849556071838,0.4381691457877435,-0.032897920623138246,0.18407064290052347,,-0.011994254480252186,-0.08055874215534112,-0.25303230408838073,-0.3119990745471547,,-0.3052818293117908,0.16881609516740093,0.06753684941146983,0.07670268863331824,0.2477996394589957,-0.0077988682482912864,-0.17687524702842874,0.2744025527074316,0.3371983843135743,-0.023836194846384468,0.1094521511958586,-0.417018692219448,-0.11055498250315714,0.09452922406563002,0.27751438789970406,-0.12654603645898604,-0.2443446155032632,-0.25445904389152924,0.09113204091272786,-0.30948492765079577,-0.06155996645233436,-0.3534477938553787,-0.2399988431839434
#102,0.0948454204544359,0.21599876606287297,0.179782711384034,0.1353841111314625,-0.1185832859360088,-0.05009977538488234,-0.19003595769909287,0.1413108653948117,-0.26975215215987197,-0.0017217278975832184,-0.0026664610104788255,-0.22814533465724504,-0.227293146828878,-0.1036565027522582,0.7472935324342301,1.0,-0.06073862705214348,0.12914116047930746,0.45387099572942075,0.2943961902191202,0.5022374750561538,0.5710988788524385,0.2686955934948377,0.23261450068926956,0.3165068011143995,0.12383523083300396,-0.017419721785738387,0.0644134460586313,0.16680323522890497,-0.07434663993136224,-0.047863264342109066,-0.004424821416521262,0.006345136070488659,0.016575246064415374,-0.19234573375878458,-0.34483722634070163,0.16527238198066188,0.23550268477726471,0.36874861423076555,0.42547887364676623,,0.006507090318413619,0.29841034193554605,0.3714439956426595,0.18277500891712378,0.3745057021391457,-0.5653263667299702,-0.5092709166803235,-0.4037153075684691,-0.17466958441383165,-0.043791271822852904,0.41360608485245776,0.4351498558799996,0.463865886458504,0.3549825031571438,0.2598498067153172,0.010278310662952001,0.15208853498886565,-0.27719433545737615,0.028351633520673266,-0.37502241331109676,-0.29104913576200436,-0.21912602546923352,-0.1712569770468414,0.08225540570503119,-0.17359374548118728,-0.19389201122111574,-0.1599163236385721,-0.0302950844957728,-0.1697723964408626,-0.1218532193226842,-0.17923515178390675,-0.01928219563687544,-0.16829938399544986,-0.13802550779404818,-0.0995459496977818,-0.34091947596232636,-0.1299277953978001,0.11093673180183741,0.3313063345319233,-0.17025054707759343,0.20593832242391524,,-0.15683533687447582,-0.23350524905285686,-0.2741210608003239,-0.35148506261266904,,-0.1271090202732014,-0.05056635786104711,-0.02876808730105174,-0.09281328024832984,0.241618385663193,0.09780686955934949,-0.16856930774199147,0.21914530573684363,0.21414014826525793,-0.035373506984276944,0.11307684150656011,-0.3932422662026549,0.03137477948193921,0.016798897168692702,0.14980189525030607,-0.32265720648202595,-0.2542315367337299,-0.22972631660127443,0.11016937715095486,-0.21056173059682068,0.08422970510830691,-0.31751323108364743,-0.2673806792438279
#201,0.40936056992471054,0.01030144698408414,0.6317006160045502,0.5145305736843627,0.4172153509490712,0.3868373613025749,0.18474159621335545,0.20274936616120232,-0.045426238516190605,0.5830063721284452,0.07879652569577665,0.4955202298207899,0.4842258490547849,0.15413995546258183,0.08926185495454676,-0.06073862705214348,1.0,0.5105202780214589,0.22981886188580297,-0.06184531441296405,0.271780436312456,0.16745876432764886,0.40807650410187696,0.30711731078827376,0.17413744902779252,0.046787425409464685,-0.07942506241986638,0.03240434577231932,0.565627138904688,0.10492900041452576,0.48620400451158263,0.3277356289705301,0.2877714902682849,-0.08393664504063317,0.3211687698225251,0.10249583064212932,0.24741017805327137,-0.33650043862608814,0.29545660493767656,0.1453905700211119,,-0.08592636865799698,0.43150202924816594,-0.015456990543028737,-0.01816008406196678,0.049930109029913336,-0.42489660956494074,-0.3575082182140688,-0.39640037403719164,-0.24611068801634967,-0.18323002323272247,0.05210106716281222,0.29974839250768803,0.2519564651557364,0.22796024408818794,0.1257131288982291,-0.2213625365120068,-0.09043795127876375,-0.4339506232346505,-0.2899154560265296,-0.3458320881493835,-0.413471122979187,-0.041334965729324324,-0.1215177426662682,0.06760240232134422,-0.08580683099881427,0.0777245428166543,-0.10147397645879325,0.23498211755179163,0.18553594323889216,0.4041471855629356,0.26376370104017044,-0.1463353031340075,-0.053601071982879125,-0.4078682772116877,-0.3625827846490509,-0.47604330348105234,-0.2722971474844071,0.19754369390647142,0.12654603645898604,0.33289502858299674,0.09299451476386492,,0.30284094743235035,0.42215495551078247,-0.19926734983081565,-0.2546248541929762,,0.12103959202953737,0.35180511505499695,0.38019723713765147,0.07881194990986475,0.05940057648000154,-0.41964080861442354,-0.25240376736429104,0.47780551994061676,0.18604494230379917,0.33929993348307674,0.46123220190296244,-0.0985356636750118,0.27834343940693895,0.5811631785449182,0.2708048547713842,0.34748633511033133,0.14742271022721795,0.11459612659423712,0.3335852621634388,-0.2585426045713515,-0.29522909777987716,-0.3969016609950546,-0.36300695053647347
#202,0.4977914453452614,0.007660050321498462,0.465207793084168,0.3685943720898846,0.09165260813820096,0.3178988364358497,0.18303722055662133,0.414832309872461,-0.1559908611531528,0.27747968341800583,0.19323648212237185,0.2565297446328555,0.2324525464413446,-0.015510975292337057,0.25230350997271844,0.12914116047930746,0.5105202780214589,1.0,0.583488378818698,0.1432350361023011,0.17505904581955598,0.2107699574870099,0.6430451254663415,0.5323879575448507,0.5608996172866879,0.32477032381209453,-0.02644674308079396,0.06597900378857259,0.8338580779501219,0.15931092323561452,0.7352626454455188,0.4492822920382135,0.6106851243095254,0.04347507543404702,0.31124714411036025,0.051757878399352183,0.20280720696403265,-0.06474892271504729,0.2771095022798916,0.5357851406977528,,-0.1655423057272035,0.3232433266173734,0.19741258808672266,0.11800873396122738,0.1549458706486846,-0.510867322838441,-0.5744343651489883,-0.4602103477196263,-0.44157789710121176,-0.18952695863418584,0.10418092603125331,0.5101578089903888,0.5401501932846828,0.1990899713688026,0.446004646544494,-0.4471923110292771,0.025475017593244196,-0.5350602026356126,-0.39619600320052445,-0.6811892069061919,-0.6843897313294709,-0.09321816586814224,-0.05808951828251376,0.3596290476511814,0.01253410197333539,0.14555638032255888,0.030352925298603145,0.40327957352048044,0.2071953958720947,0.649025864478999,0.3230698042088824,0.040748845593976846,-0.046725728553112314,-0.2284114023502646,-0.37818823325267753,-0.4667540705464992,-0.4567283313892397,0.35612389499966257,0.45089026635689705,0.041863245061841456,0.2084563253737962,,0.1123673276585079,0.11810513529927795,-0.5609805944106504,-0.5686155803842557,,-0.06725150145084013,0.2621248782933107,0.18194595740988884,-0.18630715394329672,0.11202799494856988,-0.30006073284297186,-0.4091677672486094,0.8011818804045,0.6067635178776282,0.6858665998284056,0.681382009582293,-0.13399593186353426,0.3692383330280624,0.8605920970183066,0.524182275649986,0.6568613652357495,0.4999431232105502,0.5293146828877985,0.6375078326087166,-0.5285241919157838,-0.3024283497054939,-0.6618973711355114,-0.5560949745982474
