,#10,#11,#12,#13,#17,#18,#26,#49,#50,#51,#52,#53,#54,#58,#101,#102,#201,#202,#301,#302,#401,#402,#501,#502,#601,#602,#701,#702,#801,#802,#901,#902,#1001,#1002,#1101,#1102,#1201,#1202,#1301,#1302,#1401,#1402,#1501,#1502,#1601,#1602,#1701,#1702,#1801,#1802,#1901,#1902,#2001,#2002,#2101,#2102,#2201,#2202,#2301,#2302,#2401,#2402,#2501,#2502,#2601,#2602,#2701,#2702,#2801,#2802,#2901,#2902,#3001,#3002,#3101,#3102,#3201,#3202,#3301,#3302,#3401,#3402,#3455,#3501,#3502,#3601,#3602,#3701,#3702,#3801,#3802,#3901,#3902,#4001,#4002,#4101,#4102,#4201,#4202,#4301,#4302,#4401,#4402,#4501,#4502,#4601,#4602,#4701,#4702,#4801,#4802
#10,1.0,0.0985510878890999,0.34492977162523014,0.603370190778248,0.06619494278580587,0.12123239470563851,-0.06385046224441596,0.7680622367038454,-0.31402735869973875,0.5224316273509876,0.42506627591990975,0.0550123875719395,0.3200158098194403,-0.35046706448285503,-0.0435714767720976,-0.2035051526515188,0.3796689578051343,0.040856815092593486,-0.18280200129177793,-0.1738636692277289,-0.05213577164451043,0.050917258731551195,-0.08111786991603444,0.05741085286263773,-0.08229782229377344,0.05483886516344847,-0.4160778151600744,-0.5045626753299336,0.22780985800082906,0.004694745163062864,0.20524037673642911,-0.023350332102609585,0.2226967310306267,0.208591287247067,0.11355113608976893,-0.04607791156141247,-0.014010970472270155,0.0622579121398205,0.01786702399429304,0.0017911368609796305,0.2898229107420011,0.22789469117831357,0.06021420377314837,-0.0016176144524886005,0.1832030308580683,0.12818485920584577,-0.5633636354872605,-0.522848081131366,-0.5614587450473812,-0.44551878380071913,-0.23166591152285193,0.14792785323860294,-0.12140206106060752,0.25070710381460093,0.11305756123895,0.2891905179643893,-0.08575670230302797,-0.01774748633511033,-0.026381190170919572,-0.08277211687698226,-0.21779954305765764,-0.14370547463198788,-0.1798289840262983,-0.1761233165916343,-0.2921943836580452,-0.3033345222831693,-0.35553006275727106,-0.3414786037230197,-0.05313448950671435,-0.37739774228066286,0.03077323513250364,0.020250065070903184,0.3633000106041472,0.03292491299779241,0.08491222658170496,0.10532617392729411,-0.22211832300232326,-0.3026944173985135,-0.20715683533687448,-0.16101915494587066,0.28604397829041867,0.4585908052403767,-0.22661833746252397,0.18189197266058052,0.3205055286167372,0.14288799128531904,0.14240212854154416,0.37349156006285367,0.4764096285656445,0.34521126353233783,0.048549641869029145,0.1851387697261238,0.18801152960003084,0.13298178978724226,0.49218474352424013,0.15259367800025064,-0.07595075819652376,0.19786374634879933,0.14346639931362248,-0.0859803534073053,0.3114630831075935,0.1990706911011925,0.0768492186671551,-0.02482720060154435,0.18220045694234235,0.19788302661640944,0.24115951529407229,-0.38573452999527635,-0.26590381074489317,-0.04003933174592463,0.11318866705869877
#11,0.0985510878890999,1.0,0.1988740323715693,-0.028050861345955483,0.25870841487279844,-0.009800160026221165,0.2127211205691535,-0.011492967522389212,0.13429670403825206,0.035126719558867474,0.05073602421601612,0.10082230341357137,-0.001328410438336884,0.05718720175836041,0.04266916024794424,0.056439127375087966,0.01230659481553604,0.10806397192793037,-0.066383889408385,0.011103506116664899,-0.049733450300290166,0.06498414197989068,-0.19406167757608475,-0.10177089257998902,-0.13192908717573,-0.04168972265335043,0.03398147166282668,0.0651383841207716,0.008554654738607772,-0.09774902875651914,-0.041685866599828404,0.12951519767094366,-0.0673633270029788,-0.06674250238593311,0.11782364339217029,-0.026948030038656937,0.024449307356386108,-0.0004569423423597119,0.0057358796140090425,-0.07366026240444218,0.2426633761676612,0.08799321334580124,-0.03538507514484301,0.050173040401800775,-0.1900398137526149,-0.12549718990099581,0.05842113888540773,0.022270637116443177,-0.07026693530506203,-0.2484088959154753,0.12629153692653253,-0.12315656541312793,0.10106909083898084,0.04332468934668813,-0.022852901198268633,-0.07209084862097886,-0.17613488475220035,-0.1865539413687062,0.004594487771490268,-0.12904475914125688,0.20196658729623168,-0.05828232095861491,-0.06395843174303259,-0.06398542411768675,-0.028282224557276855,-0.12349589812306595,-0.06172192070025932,-0.07236462842104248,-0.22688826120906558,0.006599635602942169,-0.12412057879363365,-0.06648800285347961,-0.056153779414458274,0.0822399814909431,-0.3554182372051324,-0.2805838065032343,0.023392748691351835,-0.05799697299798521,-0.09815005832280953,-0.08337751727993985,0.18820433227613198,0.09299837081738695,-0.08378625895327427,0.03142490817772551,0.19400769282677643,0.227293146828878,0.1136976661236058,0.2763614278966192,0.06722450907618598,0.12548947779395178,-0.00981944029383128,0.1171681142934264,-0.0680882650651191,0.09122844225077845,0.03033364503099303,-0.1413147214483337,0.17940867419239778,0.1060819604176106,0.19268121041520056,0.09475287516990735,-0.023581695313930957,0.015055960976738357,0.06145199695371772,0.18113618617026403,0.14595740988884925,-0.08465387099572942,0.009102214338735022,0.11922339082066459,-0.3851368416993628,0.007478815805963387,-0.09578629751380949
#12,0.34492977162523014,0.1988740323715693,1.0,0.47847261719992673,0.31234611936413675,0.41848013650429466,0.3469773360454243,0.20214396575824473,-0.06169492832560516,0.5621605467883894,0.260825388256389,0.2703459844022635,0.5463854318297938,0.05718720175836041,-0.029300222687090895,-0.031505885301687984,0.7352433651779087,0.7432948049318925,-0.048861982204312995,-0.45062419866387743,-0.20678279814523826,-0.17835982763440755,0.1655615859948136,-0.23561065427588135,0.04531055691052992,-0.2372533330762631,-0.12907560756943307,-0.16529551830179404,0.6111092901969479,0.21314914251009803,0.41050581782075135,0.2988190836088805,0.4741037085594748,0.14241369670211024,0.18483028544436197,-0.05655866503427068,0.08684410939623842,-0.3623822698659057,0.16398446010430626,-0.032840079820307906,0.4785458822168452,0.2664745066661525,0.08765773668938524,0.098566512103188,0.2791724909141739,0.08451119701541457,-0.2969643218647875,-0.2028958961950392,-0.20068252147339805,-0.22009389490326126,0.30012242969932423,0.4439994987130421,0.3171623302131434,0.040679436630580434,0.057287459149933,-0.03843135742724109,-0.5071847917249092,-0.3824684526621229,-0.09027599703083879,-0.06852785516662971,-0.37257767537813424,-0.273804864411518,-0.14414120867997648,-0.04812933203512865,0.17493950816037326,-0.049625480801673526,-0.20486248349127087,-0.06350341742743389,-0.1782480020822689,-0.5030626705098666,0.3551637376726789,0.36673575429226957,0.24976622675522736,0.16808344499821656,-0.23746927207349638,0.13933656599153596,-0.29975610461473207,-0.2815015472414757,0.10939816644655027,-0.00972689500930273,0.24425207021873463,0.5344162416974347,-0.05216276401916459,0.22533041558616834,0.13198307192503833,-0.2904475914125688,-0.21281752190720407,0.5147002400393318,0.6594256408278947,0.12679282388439553,0.03271283005408115,0.17746136716377622,-0.20446916603202453,-0.23263763701040172,-0.10995343815372158,0.6704732341684903,0.2381479374933724,0.5287478430200612,0.48554847541283874,0.17508989424773216,0.45557537138615484,0.6269846625471162,0.5324959270434674,0.5320409127278687,0.7328140514590342,0.5202645252716108,0.5049212883074817,-0.38467797133024206,-0.1308493921895636,-0.3231854858145431,-0.35656734115469524
#13,0.603370190778248,-0.028050861345955483,0.47847261719992673,1.0,-0.029685828039293184,0.11285704645580481,0.09024514860266261,0.440444217365737,-0.22397308474641628,0.6602816847097838,0.31028313072985453,0.1047014932567264,0.27268275283660937,-0.17586110495213675,0.04961005658758544,-0.011018672939180395,0.504300463690436,0.26117243307337107,0.07796747418854173,-0.043945513963733814,0.11796246131896311,0.16885079964909913,0.06225405608629848,-0.026971166359789075,0.006557219014199917,0.05714864122314018,-0.19055266887104394,-0.15311424522572373,0.21298333220865107,-0.001035350370663145,0.07173223564343073,-0.15890989366932412,0.17581868836339448,-0.17111815912004857,0.056790028245592046,-0.12384294294004801,0.10947528751699073,-0.13425814350303183,-0.007725603231372852,-0.27918405907474,0.19996915157182382,0.22983814215341308,0.24318779944665633,0.05922319801798849,0.0029093923823662673,-0.06516152044190374,-0.35068685953361034,-0.23461579246719944,-0.312380823845835,-0.26216343882853094,-0.0930754918878274,0.07343275524664282,0.03426296356993435,0.15383147118082,0.20250257873579286,0.1977750571177928,-0.15249727666220006,0.014180636827239163,-0.1166629712820414,-0.23792428638909507,-0.3081430210251318,-0.24590631717968245,-0.07343275524664282,-0.035226976950440074,0.03160999874678261,-0.08757675956542277,-0.1648674963608495,-0.1595114380187597,0.07825667820269346,-0.13537254297089643,0.1639921722113503,0.31517646264930155,0.27571361090491936,-0.07613584876558087,0.17947037104875016,0.26116472096632704,-0.186183760230592,-0.2639796400374037,0.04154319261951356,-0.06973094386550086,0.31785256379358545,0.3403834845227652,-0.1583661901227189,0.23702196986494173,0.10658324737547357,-0.13496765735108404,-0.057063808045655674,0.13360647045780996,0.37752884810041165,0.00018701859581810997,-0.20491646824057919,-0.10585445325981124,0.07021680660927573,0.03708173869453308,0.3477022741075646,0.2965941407266733,0.01416521261315107,0.1322298593504478,0.18548581454310586,0.060117802435097796,0.25224181311636606,0.18494982310354469,0.05858309313333269,-0.07471296501595442,0.13002034068232868,0.16212969836021324,0.026126690638466062,-0.38224865761136767,-0.06498799803341271,-0.14871834421061764,0.060703922570445275
#17,0.06619494278580587,0.25870841487279844,0.31234611936413675,-0.029685828039293184,1.0,0.7267870398041125,-0.154510136600696,-0.016656223188377856,-0.08097133988219757,0.03877454619070113,-0.055849151186218464,0.5782942747245332,0.4618028978242218,0.02361254374210714,0.32917008088072264,0.37823836194846383,0.35048634475046514,0.3008010951192003,0.002670317064000848,-0.1590062950073747,-0.054040662084389735,-0.16318240097172548,-0.1465512421312408,-0.20319281231623496,-0.20723781246083695,-0.14295740024871545,-0.11813212767393211,-0.212975620101607,0.41348654719327504,0.6363394483915437,0.3850982811641426,0.28149383513443166,0.27149894440534833,0.07127336527431001,0.28575091822274495,0.638572103380795,0.16680323522890497,0.05531701580017931,0.0073438539326925855,0.005720455399920951,0.14276845362613633,0.13474015019328467,0.10445084977779491,0.6388690195019907,0.20217867023994293,0.07809472395476849,-0.20519410409416483,-0.1540358420174872,-0.29013139502376295,-0.29845661457781036,-0.08402533427163969,0.09011789883643585,-0.14701782460740556,-0.03180665747640577,-0.19147040960928538,0.008612495541438114,-0.4979919601284066,-0.3260543896349281,-0.1446000790490972,-0.017708925799890102,-0.10501768964553228,-0.11059739909189939,0.569340518446396,0.5958238940356492,-0.2167661207137555,-0.08562559648327919,0.41340171401579057,0.42871795860526546,-0.15929935507504844,-0.3995122092294641,0.07502916140476029,0.06806898479750899,0.1330743350717708,0.1628122198336113,-0.3057985404837419,-0.07919755526206704,-0.18150251125485622,-0.13213731406591925,0.49852795156796775,0.583823855475114,0.19252311222079763,0.5886130739494664,0.2856776532058265,0.09188782740304435,0.7222368966481255,-0.11759999228789296,-0.01115749086597322,0.39382067423095835,0.19811824588125282,0.4546229261662152,0.5960051285511843,0.050527797325826886,-0.1530255559947172,-0.33004926108374383,-0.1460499551733778,0.27788842509134026,0.09134412385643913,0.12970028824000077,0.16169010825870264,-0.04899308802406177,0.10823363828289936,0.38972554539057,0.5694446318914906,0.2978319339072426,0.25162098849932035,0.0896551724137931,0.1597659375512132,-0.07495589638784186,-0.15611425486585753,-0.26473928258124224,-0.2621557267214869
#18,0.12123239470563851,-0.009800160026221165,0.41848013650429466,0.11285704645580481,0.7267870398041125,1.0,-0.07744690696306865,0.10363336643112607,-0.2535490152603318,0.1992750619378597,-0.028791223622183875,0.47171681142934263,0.5589908707932866,0.005901689915456027,0.46710111536348126,0.6290476511813984,0.5126796679937917,0.49183384265373603,0.16887393597023126,-0.18021458937850057,0.07722325585879132,-0.03595962711962442,0.05822062410226254,-0.09971561605275081,0.12469127471489304,-0.11874909623745578,-0.09276700760606557,-0.15796516055642854,0.6024794424146607,0.9186681191134933,0.4054890921885996,0.40630657553526844,0.3365659915359625,-0.008851570859803534,0.2756711943161771,0.7328101954055122,0.2906134017140158,-0.005072638408221106,0.18350765908630812,-0.15371193352163728,0.23212863794549468,0.19130074325431637,0.28057609439619025,0.8115006796294333,0.4009350929790905,-0.032585580287854396,-0.382811641425583,-0.2852226388902278,-0.34258914713736227,-0.29301572305823603,0.008813010324583306,0.26849507871169254,0.014647219303403932,0.023801490364686262,0.10495984884270193,-0.05399824549564748,-0.4923621219862532,-0.4331254277809376,-0.18283670577347613,-0.19321720185476174,-0.47353686869173744,-0.43860873588925414,0.7137651470602412,0.7827885051044509,-0.012549526187423481,-0.05138384120771596,0.5454946834662066,0.6197468500862792,0.018730779983226167,-0.44521415557247934,0.2375078326087166,0.2062699430268092,0.21699748392507687,-0.11231334290919957,-0.24477649349772976,-0.12810773813540532,-0.46981192098946334,-0.40191838662720636,0.7113011288596686,0.809090646178169,0.33903000973653513,0.7080196273124271,0.25278166060944923,0.3713013216623447,0.6114177744787098,-0.4388246748864874,-0.39897621778990294,0.36255579227439677,0.3576508921943837,0.4564237031609999,0.7038473774015983,-0.010193477485467499,-0.09931458648646044,-0.5133506213066238,-0.39714459236694205,0.4875304869231585,0.15508854462899946,0.12357301919350641,0.22573915725950275,-0.04344037095234882,0.208757097548514,0.478013746830806,0.7493256726403362,0.2310875034945485,0.2827971812248754,0.17136880259898007,0.16556929810185766,-0.4193400364397058,-0.18285984209460826,-0.5273018229493025,-0.49445981510223364
#26,-0.06385046224441596,0.2127211205691535,0.3469773360454243,0.09024514860266261,-0.154510136600696,-0.07744690696306865,1.0,-0.1722479828020013,0.4435059238622232,0.4226138258799032,0.2218561113628257,0.01286957862975138,0.17269914106407797,0.42901101867293917,0.09668861403796285,0.10170919572363664,0.28711210511601903,0.39016899154560264,0.30213528963782016,-0.03916400759642544,-0.04076426980806493,0.0035302169994119517,0.4153027484021478,0.06484532405309786,0.26541409194759624,-0.04248406967888714,0.056242468645464797,0.06274377488359538,0.1782132976005707,-0.08969758900253536,0.07199830333645031,0.21424811776387456,-0.06343015241051546,-0.07897776021131173,-0.024364474178901602,-0.2525850018798261,0.0029016802753222214,-0.251728957997937,0.09541226032217327,-0.27483443070189817,0.11365910558838557,-0.05216276401916459,-0.031112567842441652,-0.15716310142384776,0.04727714420676159,-0.07704202134325625,-0.20375579613045028,-0.1663713572344384,0.0047140254306729775,-0.0023348404075848573,0.04729256842084968,0.09889813270608196,0.141029373487704,-0.054187192118226604,0.1359895115344201,-0.14186613710198298,-0.2691621759710025,-0.2223766785882988,-0.11913470158965807,-0.15906799186372708,-0.3713244579834768,-0.3311366681769543,-0.17023126680998332,-0.13128127018403016,0.28635631862570254,0.13779800063624884,-0.00251221886959791,0.1078673131983072,0.20563755024919747,0.05968978049415326,0.46663067683379444,0.32945928489487436,0.008620207648482162,-0.06713196379165742,-0.20137661110736216,-0.11298044016850954,-0.33395929935507507,-0.26653234746898286,0.13795609883065177,-0.0833196764771095,0.18518118631486605,-0.0903454059942352,0.0934456730259416,0.20750773620737856,-0.18987014739764588,-0.24243201295633984,-0.21259001474940473,0.006221742357783926,0.16204872123625075,-0.053392845092689885,-0.13389567447196168,0.11465396739706747,0.14558722875073507,-0.09506907155871323,-0.11188917702177706,0.39553276199473647,0.21973913797923514,0.16185977461367163,0.05125659144148921,0.014882438568247327,-0.049752730567900284,0.19523777390030173,0.1806079068377469,0.21467999575834112,0.11013081661573462,0.10048297070363336,-0.060549680429564365,-0.36120617354168877,-0.053462254056086296,-0.2875825436457058,-0.2269962307076822
#49,0.7680622367038454,-0.011492967522389212,0.20214396575824473,0.440444217365737,-0.016656223188377856,0.10363336643112607,-0.1722479828020013,1.0,-0.4257449413397858,0.3951548687495782,0.5086308117956677,0.0400508999064907,0.16216825889543346,-0.29595403584201746,0.04282725844234718,-0.21096276016311105,0.17104103804960813,-0.06949958065417948,-0.27346938775510204,-0.1147773611097722,-0.014743620641454503,0.1902596088033702,-0.1417851599780205,-0.058617797615030894,-0.10293542074363993,0.07298545303808816,-0.48711403314278,-0.5122709263204573,0.2443600397173513,0.03453674336999798,0.21098975253776522,-0.007339997879170563,0.19715037644722508,0.09544696480387148,0.09454850433324015,0.05576817406225598,-0.06724764539731812,0.09135183596348317,-0.027734664957149605,-0.06806512874398697,0.18301022818196716,0.338328207995527,0.16705002265431443,0.05200852187828367,0.23996028264872316,0.22962605920970183,-0.5373892589629145,-0.46584404191530177,-0.6501402639468635,-0.4628864488639102,-0.2532868036208343,0.21097818437719915,-0.16022480792033394,0.2041953862319609,0.12108200861827963,0.25152073110774775,0.018815613160710672,-0.02853286803620834,0.1724137931034483,-0.061930147590448556,-0.11193544966404134,-0.02431820153663733,-0.12400875324149499,-0.1231334290919958,-0.34801847049637047,-0.3738000443446155,-0.3512691236154358,-0.3367356578909315,-0.09481457202625973,-0.35616245553488285,-0.09515390473619774,-0.09712049203242941,0.4000983293648116,-0.025104836455129998,0.12273625557922745,0.011928701570377797,-0.17569529465068975,-0.3317112201517357,-0.15547800603472375,-0.11647016860594026,0.35102619224354836,0.42266009852216746,-0.38356357186237744,0.2921789594439571,0.2314114119903984,0.23107207928046042,0.16752046118400124,0.39345820519988817,0.4501036314384044,0.33053897988104075,0.0400161954247925,0.16457829234669777,0.2055450049646689,0.18515804999373392,0.4388439551540975,0.07425023859331167,-0.23917750378375252,0.05941214464056761,0.09913720802444738,-0.13920931622530922,0.15477234824019356,0.06556640606171614,-0.010459545178487078,-0.08380553922088439,0.10722335226012937,0.16157828270656396,0.15273249592704347,-0.30947335949022975,-0.13832242391524394,0.09648809925481766,0.18370817386945332
#50,-0.31402735869973875,0.13429670403825206,-0.06169492832560516,-0.22397308474641628,-0.08097133988219757,-0.2535490152603318,0.4435059238622232,-0.4257449413397858,1.0,-0.04256504680284962,0.015163930475354997,-0.20997175440795118,-0.1854279737402755,0.4574224210232038,0.1462157654748248,-0.01657139001089335,-0.09873232240463498,0.10952156015925502,0.4363490885253487,0.18761050003374047,0.1270087628816288,-0.18069274001523142,0.3429477601149104,0.11090973942718325,0.2985028872200746,-0.06112037635082375,0.3939864845324053,0.2458600445374182,-0.2622791204341916,-0.22774816114447669,-0.24659655076012454,-0.0548774256986687,-0.31183326424570773,-0.17273384554577617,-0.25362613633077224,-0.14283786258953274,0.04877329297330647,-0.10831075935333982,-0.1673970674712965,-0.24073149335312774,-0.03077323513250364,-0.16239576605323283,-0.16054871641618385,-0.28729333963155407,-0.22120058226408182,-0.2986070006651692,0.24014922927130228,0.19436630580432457,0.2852342070507939,0.17664388381710738,0.08565258885793335,-0.018541833360647044,0.12963473533012637,-0.07548031966683698,0.039241128666865896,-0.17665159592415142,-0.14741499812017392,-0.12637637010401703,-0.2384834141497884,-0.224937098126922,0.04003933174592463,0.039329817897872425,-0.15589831586862427,-0.13765147060241195,0.19833804093200813,0.2771326386010238,0.1662672437893438,0.11773109810764174,0.3782923466977722,0.4309197651663405,0.3545699054302874,0.28509538912400106,-0.2438934572411865,0.28420464076041374,-0.29100671917326215,-0.1172876519526091,-0.04748922715047285,0.0808595143300589,0.07660628729526765,-0.12024524500400066,-0.03840436505258693,-0.39519342928479845,0.19748585310364108,-0.13765147060241195,-0.1517607704394937,-0.08639680718768376,-0.03253930764559012,-0.2748459988624642,-0.34197989068088264,-0.17948965131636027,-0.18039967994755768,-0.06174891307491348,0.04900080013110582,-0.07650988595721708,-0.14965922126999123,-0.014747476694976527,0.23502067808701185,0.08395592530824328,-0.15448700027956389,0.08082095379483867,-0.17264515631476965,0.01079887788842509,-0.06816538613555956,0.02108297263166013,-0.19648713524143716,-0.2509885957217086,-0.23712222725651433,0.09040324679706555,0.17052818293117908,-0.06685818399159381,-0.09760249872268227
#51,0.5224316273509876,0.035126719558867474,0.5621605467883894,0.6602816847097838,0.03877454619070113,0.1992750619378597,0.4226138258799032,0.3951548687495782,-0.04256504680284962,1.0,0.5549882872374269,0.10650227025151109,0.46867438520046656,0.03688122391138789,0.13272729025478874,-0.013447986658054814,0.7085826111266424,0.49427858058669855,0.13863090819700577,-0.17222099042734712,0.119628276440477,0.07217568179846336,0.2721274811294381,-0.16089576123316593,0.09523873791368224,-0.04040951288403883,-0.1967840513626329,-0.28156324409782807,0.41537986947258826,0.03187606643980218,0.33271379406746165,-0.03715114765792949,0.29539876413484617,0.06643787415769331,0.2439628662045829,-0.09475673122342938,0.17775057117792795,-0.14764636133149528,0.06278619147233763,-0.3247009148486981,0.332941301225261,0.20853344644423666,0.30638466061908937,0.09177985790442772,0.0960909257420493,-0.12284422507784408,-0.43348404075848573,-0.40012532173946574,-0.33362382269865903,-0.3217240415296964,-0.10529918155263995,0.09837756548060887,0.07029778373323822,0.23004636904360232,0.2971455563803226,0.2785362420830401,-0.34272025295711106,-0.04349049964813512,-0.22596280836378008,-0.1828791223622184,-0.45978232577868183,-0.31552736351980565,-0.052178188233252674,0.004166465830545728,0.15254740535798636,-0.0035649214811101578,-0.06699700191838663,-0.08271042002062988,0.13278513105761908,-0.3165877782383619,0.46528105810108644,0.34768684989347654,0.3011789883643585,0.0756692662894161,0.10682617874736101,0.3117291508006131,-0.3878360791647788,-0.43197246777785275,0.1815333596830324,-0.024545708694436678,0.37895173185003805,0.3445171738983737,-0.08316929038975061,0.24267108827470527,0.15323378288490644,-0.3081083165434336,-0.12087378172809038,0.2728292828704462,0.4460933357755006,0.053053512382751876,-0.10197911947017825,-0.07322067230293157,0.003599625962808364,-0.20602701165492177,0.20489718797296907,0.5855745037741124,-0.04541852640914656,0.36719848071491235,0.25347189418989136,0.02217037972487058,0.3032535451592068,0.4260572816750697,0.2487790770535895,0.17570686281125583,0.27875603713379543,0.308339679754755,0.16052943614857373,-0.5185832859360088,-0.034833659491193734,-0.39185794298824866,-0.18965035234689057
#52,0.42506627591990975,0.05073602421601612,0.260825388256389,0.31028313072985453,-0.055849151186218464,-0.028791223622183875,0.2218561113628257,0.5086308117956677,0.015163930475354997,0.5549882872374269,1.0,0.06655741181687602,0.19669150607810437,0.10189814234621576,0.046023926812104154,-0.15286360174679225,0.3227111912313343,0.14385586071934678,0.11500486826757156,0.11641232780310991,-0.009796303972699141,0.1940192609873425,0.08898421910096112,0.03573211996182507,-0.13881599876606288,0.22088438587527595,-0.25109270916680326,-0.2622598401665815,0.21628411402350264,-0.12460644153740853,0.2181504439281617,-0.17128396942149557,0.15939190035957698,0.10855369072522726,0.17927371231912698,-0.04720002313632113,-0.0892502867939807,0.05705609593861163,-0.053500814591306525,-0.04962933685519555,0.08904977201083551,0.17862589532742715,0.13675301013178062,-0.07490576769205556,0.09297137844273279,0.0999662595316823,-0.35077940481813885,-0.4841063113956022,-0.3103949562819932,-0.22659134508786982,-0.22934071124907213,0.22001291777929877,-0.05728360309641098,0.29061725776753783,0.025810494249660185,0.3747100729758129,-0.23197053975109175,0.10526447707094175,-0.15451399265421803,-0.12159100768318665,-0.12670027859986696,-0.036996905517048574,-0.17930070469378115,-0.1542055083724562,-0.12371569317382125,-0.15293301071018867,-0.16199473648694243,-0.21663501489400672,0.20891133968939488,-0.09910250354274917,0.2612187057156353,0.060873588925414286,0.1827595847030357,0.11045472511158455,0.01790558452951327,0.002354120675194972,-0.21391264110745858,-0.33999402311704086,-0.04141979890680882,-0.17640866455226398,0.3844504641724427,0.24534718941898914,-0.13266173734491435,0.15175305833244965,0.07251115845487935,0.06908312687380101,0.09867833765532666,0.27004521222754574,0.34194518619918446,0.08238651152477997,-0.09547395717852564,0.028498163554510136,0.10154724147571169,-0.06470265007278302,0.1973238988557161,0.20710285058756617,-0.18745625789285955,0.037987911272208456,-0.05967050022654315,-0.16902817811111218,0.1767634214762901,0.19782904186710112,-0.052660194923505536,0.07852660194923505,0.12189949196494847,0.17076340219602248,0.13330569828309216,-0.24434075944974115,-0.11129920083290756,-0.15874793942139917,-0.0826101626290573
#53,0.0550123875719395,0.10082230341357137,0.2703459844022635,0.1047014932567264,0.5782942747245332,0.47171681142934263,0.01286957862975138,0.0400508999064907,-0.20997175440795118,0.10650227025151109,0.06655741181687602,1.0,0.4370855947480551,0.10369891934100045,0.11733392459487338,0.22386511524779965,0.45088255424985296,0.40396980710092256,-0.26718787656772675,-0.12621441585609208,-0.21153345608437046,-0.090480367867506,-0.012730760702958557,-0.10856525888579334,-0.09088139743379638,-0.18006805934466372,-0.2598922233040595,-0.19838816962779443,0.5268198162590497,0.3585262163438829,0.576751853315724,0.1678867862685934,0.5481129438076601,0.11192002544995325,0.4710034415277684,0.36569076378780135,0.41768578947875795,-0.033144708048547716,0.5329817897872422,0.1378944019742994,0.15934177166379068,-0.04670259223198018,0.2570657360724167,0.3351469638398581,0.43310229145980544,0.25359143184907407,-0.17136494654545806,-0.20066324120578793,-0.22807592569384863,-0.262340817290544,0.05230929405300146,0.10730047333056983,0.0874148053174978,-0.003534073052933975,0.04459333095543366,-0.0833852293869839,-0.24755285203358623,-0.35237966702977835,0.06457540030655626,0.14878004106697001,-0.11643160807072002,-0.17883026616409436,0.4269904466273992,0.3951355884819681,-0.2644115180318703,-0.4178130392449847,0.24893717524799244,0.20296916121195763,-0.1951490846692952,-0.3861008550798685,0.09790327089740006,0.05452652482816461,0.11783906760625837,0.10345984402263503,-0.06293657755969653,-0.13170158001793064,-0.13265788129139233,-0.2594410650419828,0.36581801355402815,0.35238737913682244,0.2726480483549112,0.441450647334985,0.19171334098117282,0.3729941291585127,0.3969286533697088,-0.0780291710448941,-0.05283757338551859,0.3679311308840967,0.18821975649022007,0.42786191472337637,0.3803861837602306,0.02230148554461936,0.061625519362208746,-0.2637752692007365,-0.07183249303500333,0.1421399169020466,0.06550470920536378,0.1992249332420734,0.15979292992586738,0.2462880664783627,0.28083059392864373,0.619877955906028,0.40645696162262734,0.4882708491993869,0.387022451871632,0.3820674230958326,0.2286234852939759,-0.10679533031918483,-0.12356530708646236,-0.2948704848023291,-0.30729083319676476
#54,0.3200158098194403,-0.001328410438336884,0.5463854318297938,0.27268275283660937,0.4618028978242218,0.5589908707932866,0.17269914106407797,0.16216825889543346,-0.1854279737402755,0.46867438520046656,0.19669150607810437,0.4370855947480551,1.0,0.1508507418082963,0.16912843550268478,0.26386781448526503,0.6473060646081767,0.4527218917798579,0.015584240309255492,-0.20199743572440784,-0.1782480020822689,-0.03425910751641233,-0.11015009688334475,-0.15984305862165366,-0.20137661110736216,-0.0890150675291373,-0.3623437093306855,-0.4771962634841372,0.6390078374287835,0.38489005427395334,0.5532646313130827,0.2867959087272131,0.3562704250334995,0.10569249901188628,0.5507119238815035,0.2645002072628768,0.21751419509702793,-0.09165260813820096,0.11830950613594517,-0.13675301013178062,0.4559802570059672,0.22000906172577675,0.2667559985732602,0.3393924787676053,0.4944366787811015,0.11259483481630725,-0.5392401646534853,-0.5143840436505259,-0.4418516769012754,-0.4299441836252687,-0.026034145353937513,0.15739832068869117,-0.07700731686155804,-0.18366575728071105,-0.12016426788003817,-0.019609960186247385,-0.4166330868672457,-0.3473899337722808,0.01772049396045617,-0.063353031340075,-0.4065417948001118,-0.29633578514069775,0.21428667829909478,0.2579179239007837,-0.12587508314615406,-0.18585599568122005,0.09252793228770015,0.16853074720677122,-0.09326829456392854,-0.4840137661110736,0.3145864864604321,0.2622367038454494,0.28913653321508104,-0.07641734067268853,-0.21223911387890063,0.049664041336893755,-0.3564979321912988,-0.29774710072975813,0.29992962702322307,0.2706544686840253,0.17153461290042707,0.5658546460624874,0.2948473484811969,0.26572643228288007,0.5126372514050495,-0.23200910028631197,-0.039553469002149746,0.5414573954286486,0.5749317960533292,0.42707142375136165,0.3734182950459352,0.3233551521695121,0.08513587768598228,-0.24064666017564323,-0.046571486412231404,0.3605583565499889,-0.1270241870957169,0.3510840330463787,0.15532761994736488,0.08419885668013072,0.22268516287006063,0.5396026336845555,0.4971012117648193,0.32349397009630493,0.36359692672534294,0.41824877329297333,0.23222503928354526,-0.42064338253014955,0.024946738260727058,-0.3587035948058959,-0.2965208757097548
#58,-0.35046706448285503,0.05718720175836041,0.05718720175836041,-0.17586110495213675,0.02361254374210714,0.005901689915456027,0.42901101867293917,-0.29595403584201746,0.4574224210232038,0.03688122391138789,0.10189814234621576,0.10369891934100045,0.1508507418082963,1.0,0.09600223651104277,0.12613729478565164,-0.002342552514628903,0.25924826236588167,0.2505143011384998,0.12167969691419317,-0.1916940607135627,-0.17279554240212855,0.10680304242622887,0.013394001908746494,0.013744902779250575,-0.026543144418844533,-0.04593909363461965,-0.05122574301331302,0.18367732544127713,0.007825860622945446,0.11515911040845248,0.18383927968920208,-0.04332468934668813,-0.0618028978242218,0.19859254046446165,0.006696036940992741,0.12504603163891914,-0.025031571438211563,-0.0034685201430595856,-0.24445258500187983,0.19939074354352038,0.0692335129611599,0.09046108759989589,0.03302131433584298,0.09646881898720754,-0.11021950584674116,0.011288596685721998,0.00042994996770555176,0.03546605226880549,-0.018260341453539376,0.15948830169762757,-0.030969893862126806,0.1545255608147841,-0.24014537321778026,-0.15979292992586738,-0.34464442366460046,-0.13570801962731244,-0.3532935517144978,0.07081449490518929,-0.051514947027464744,0.053111353185582216,-0.004702457270106909,0.13909363461964852,0.09561663115884049,0.2151465782345059,0.09850867130035765,0.3863013698630137,0.38433863862030404,0.22120058226408182,0.24225463449432677,0.3668244435232761,0.28546942631563726,0.04757406032795735,0.06439030973749915,-0.2902123721477254,-0.19145498539519729,-0.012314306922580086,-0.05928103882081883,0.3095504805606702,0.09952281337664967,0.034178130392449844,-0.055155061552254345,0.2751159226090058,0.04752778768569308,0.03643777775635526,-0.11071308069756008,-0.028432610644635748,-0.11875295229097779,-0.015025112548562173,0.02818196716570426,-0.0017872808074576075,0.035766824443523276,0.0064762418902374365,-0.119967609150415,-0.208086144235682,-0.013795031475036874,0.16214512257430133,0.19001667743148276,0.011342581435030318,0.29083705281829314,-0.05765378423452518,0.22823016783472955,0.1672466813839376,0.33449914684815824,0.06572450425611907,0.15719780590554597,-0.051484098599288555,0.048356839192928,0.17123769677923129,-0.02569866869752152,-0.13608591287247068
#101,-0.0435714767720976,0.04266916024794424,-0.029300222687090895,0.04961005658758544,0.32917008088072264,0.46710111536348126,0.09668861403796285,0.04282725844234718,0.1462157654748248,0.13272729025478874,0.046023926812104154,0.11733392459487338,0.16912843550268478,0.09600223651104277,1.0,0.6337481804247443,0.14177744787097646,0.02211639497556226,0.5374548118727888,0.12601004501942487,0.6270270791358584,0.15040343959974165,0.25449760442674946,0.10338272295219457,0.2969951702929637,0.01810224325913644,0.18995112452160837,-0.0667887750281974,0.12327224701878862,0.49236597803977517,-0.039669150607810434,0.08023868971301322,-0.09288654526524828,-0.2825272574783338,0.04388381710738145,0.5105704067172452,0.3011751323108365,0.156700375001205,-0.060372301967551306,-0.3671753443937802,0.07699960475451399,0.08712174524982406,0.4685162870060636,0.5083531759420821,-0.04126941281944994,-0.2411286668658961,-0.17739967030742387,-0.11276450117127626,-0.10826448671107555,-0.14354352038406293,-0.3273461675648058,-0.04374499918058863,-0.19111565268525926,0.16036748190064878,0.3067239933290274,0.20091774073824145,-0.4241446791281463,-0.024730799263493777,-0.3707653302227835,-0.48271042002062986,-0.4502308812046311,-0.5645474439185216,0.5481592164499244,0.6099640423009072,-0.08191221694157115,-0.030206395264766275,0.5640808614423568,0.5145421418449289,0.5188994823248146,0.12171440139589138,0.28343728610953123,0.28408124704770904,0.12083907724639217,-0.1835539317285724,-0.0052384487096680905,-0.1147272324139859,-0.49298294660329883,-0.4726654005957603,0.6055874215534112,0.5659047747582736,0.26531383455602364,0.1884279833804093,0.14486229068859477,0.20645888964938833,0.2758794212063663,-0.4504159717736882,-0.4718093567138712,0.025471161539722172,0.0498067153172086,0.09539298005456316,0.463692364050013,-0.3695815217915225,3.277645493719453e-05,-0.5038300251607493,-0.3229425544426557,0.13067586978107257,0.10969893862126806,-0.28862367809665196,-0.24278291382684392,-0.24670452025874118,-0.23921992037249476,-0.08224769359798714,0.24597187008955684,-0.18112461800969798,-0.27834343940693895,-0.23641271340846212,-0.23028158830844572,-0.4088785632344577,-0.13294708530554403,-0.5103004829707036,-0.34679995758341126
#102,-0.2035051526515188,0.056439127375087966,-0.031505885301687984,-0.011018672939180395,0.37823836194846383,0.6290476511813984,0.10170919572363664,-0.21096276016311105,-0.01657139001089335,-0.013447986658054814,-0.15286360174679225,0.22386511524779965,0.26386781448526503,0.12613729478565164,0.6337481804247443,1.0,0.12238921076224538,0.10574648376119461,0.423755217722422,0.1673469387755102,0.21796535335910464,0.3271302285675725,0.15944974116240734,0.24074306151369382,0.1487954652810581,0.1665718720175836,0.09722846153104606,0.1448854270097269,0.1686271485448218,0.7144669488012494,0.014631795089315839,0.24300270887759923,-0.11896503523468906,-0.3156893177677306,0.2054408915195743,0.6560168895144265,0.3026944173985135,0.09998168374577039,0.026824636325952205,-0.442457077304233,-0.040482777900957265,0.2198663877454619,0.22177513423886325,0.7346109724002969,0.18691641039977636,-0.13709619889524066,-0.15143686194364378,-0.09971947210627284,-0.11422594545612293,-0.08640451929472781,-0.09636856159563495,-0.001598334184878486,-0.15731348751120666,-0.06769880365939479,0.049791291103120514,-0.11715654613286032,-0.3544696480387148,-0.2644346543530024,-0.21616072031079792,-0.40250450676255384,-0.38582707527980487,-0.5166398349609093,0.7804131761348847,0.8167140639912082,-0.03680795889446946,-0.022455727685500276,0.7497344143136707,0.792771827672968,0.2939951606528299,0.0895549150222205,0.06551627736592984,0.13346765253101714,-0.07240704500978473,-0.4254017525763258,-0.25426624121542807,-0.43001744864218716,-0.44811005176751856,-0.37185273731599394,0.7572421505210493,0.8330791551386734,0.20033162060289397,0.2745914993300107,0.29751573751843674,0.24723665564478034,0.4096883344740825,-0.3916921326868017,-0.44298921269027214,-0.06308696364705542,0.02063181436958345,0.2919591643932018,0.6166118785728746,-0.08583767942699044,0.04132725362228028,-0.32642071471952033,-0.4362372629732101,0.10994958210019955,0.18314133400171595,-0.36351594960138045,-0.20540618703787608,-0.29161597562974173,-0.24427520653986678,-0.0031060511119894345,0.3675648057995045,-0.17212844514281858,-0.2659963560294217,-0.24370451061860737,-0.28811853508526697,-0.31795282118515805,-0.1672968100797239,-0.4258451987313584,-0.3439734703517685
#201,0.3796689578051343,0.01230659481553604,0.7352433651779087,0.504300463690436,0.35048634475046514,0.5126796679937917,0.28711210511601903,0.17104103804960813,-0.09873232240463498,0.7085826111266424,0.3227111912313343,0.45088255424985296,0.6473060646081767,-0.002342552514628903,0.14177744787097646,0.12238921076224538,1.0,0.761260158290997,0.032624140823074625,-0.23038570175354034,-0.05722576229358063,-0.03281694349917577,0.2487752210000675,-0.06381575776271775,0.15993560390618222,-0.06687746425920392,-0.19961825070131972,-0.2442636383793007,0.6612187057156353,0.3151109097394272,0.536143753675301,0.1918444468009216,0.5774343747891221,0.18834700625644685,0.3646997580326415,0.16939450319570434,0.3098936693241302,-0.14575303905218204,0.394271832493035,0.018021266135173956,0.49158319917480453,0.19242285482922503,0.2368792958846269,0.2484898730394378,0.3468925028679398,0.03886323542170765,-0.39803148467700733,-0.3789671560641262,-0.32033971831529023,-0.389212690272141,0.03538893119836503,0.24857085016340028,0.20064781699169984,0.1820230784803293,0.1952146375791696,0.18735600050128695,-0.5974010199261566,-0.34706988132995287,-0.2058264968717766,-0.10605882409647846,-0.5266038772618163,-0.40747495975244136,0.1050716743948406,0.17102175778199802,0.07736978589262819,-0.11115652685259271,0.008099640423009072,0.046189737113551135,0.009198615676785593,-0.48039293185389415,0.5269740583999306,0.4518272873627486,0.24231633135067915,0.07979909961150261,-0.11041616457636431,0.1538160469667319,-0.5064328612881147,-0.471095986812297,0.3119258095302363,0.18748325026751372,0.2964437546393144,0.5616785400981366,0.05631187760886121,0.27466862040045115,0.2752778768569308,-0.38784379127182284,-0.210110572334744,0.5267349830815652,0.5822004569423423,0.23941272304859593,0.1716734308272199,0.08478112076195618,-0.05057021391456913,-0.34439378018566896,-0.0651383841207716,0.6500592868229012,0.11854086934726654,0.5117272227738521,0.43300203406823284,0.17871072850491165,0.5173532048624835,0.7612755825050852,0.5575949794183144,0.5025382472308716,0.5337568565451688,0.5152863601746792,0.34049916612842585,-0.5416849025864479,-0.20404114409107998,-0.5669150607810436,-0.47892377546200343
