,#10,#11,#12,#13,#17,#18,#26,#49,#50,#51,#52,#53,#54,#58,#101,#102,#201,#202,#301,#302,#401,#402,#501,#502,#601,#602,#701,#702,#801,#802,#901,#902,#1001,#1002,#1101,#1102,#1201,#1202,#1301,#1302,#1401,#1402,#1501,#1502,#1601,#1602,#1701,#1702,#1801,#1802,#1901,#1902,#2001,#2002,#2101,#2102,#2201,#2202,#2301,#2302,#2401,#2402,#2501,#2502,#2601,#2602,#2701,#2702,#2801,#2802,#2901,#2902,#3001,#3002,#3101,#3102,#3201,#3202,#3301,#3302,#3401,#3402,#3455,#3501,#3502,#3601,#3602,#3701,#3702,#3801,#3802,#3901,#3902,#4001,#4002,#4101,#4102,#4201,#4202,#4301,#4302,#4401,#4402,#4501,#4502,#4601,#4602,#4701,#4702,#4801,#4802
#10,1.0,0.1926480738843475,0.3750048963401996,0.48090199143188,0.06340636961568959,0.09685055989412496,0.1633107246013048,0.42669960049666955,0.1984879340867042,0.40473851641842695,0.432934970897675,-0.06677276988341957,0.02927041678788674,-0.01062249121986374,0.10724791453937323,0.16348490120801745,0.4100756223105782,0.31846100896933466,0.14754545990420287,0.1772486561209957,0.05096110879762998,0.20613839434268297,0.2891651121974965,0.28055249732365095,0.24299652217233977,0.21419957672802778,0.06740406500818592,0.04024430360731922,0.05975702743661854,-0.20272940066894465,0.1673068988007294,0.015045360075907534,0.1818080520552269,0.3040697619142694,0.07622584392939383,-0.014583677978638646,0.004425150645651384,0.12401298338286719,0.20546870862770497,0.28341424178983576,,0.08189114722676996,0.043567349872505004,0.02134157819978209,0.008836230255389302,0.0323097605451956,0.0816975754083928,0.06665297592902113,-0.015977090832339804,0.0440701041827105,-0.007254189460794101,-0.12391981030722396,0.13946260051758594,0.052966041266165054,0.22473307815319554,0.298100220002548,-0.25995250074633536,-0.053339874463541756,-0.27670578034352344,-0.012788289855733851,-0.37581797403703726,-0.3212820615208508,-0.30687826462294376,0.06023087907846124,0.18411798373464308,0.266225900974134,-0.12192058231270786,-0.016780661072479146,0.10455007862666689,0.09652844726118695,0.14283812794374628,0.2387246317286648,-0.06460545005447772,-0.0284029564387349,-0.23982407402125486,-0.21959524855344045,-0.30013063245503446,-0.22479734856047598,-0.11314824216633106,0.21576564499536988,-0.04252685381144432,-0.01806264653367636,0.02806715306815135,-0.17099122842045017,-0.17444471699153646,-0.331263369860982,-0.3451522429041097,,0.008871408688618349,-0.09324000813838293,-0.11774072404987232,-0.2806449098027583,-0.17442646267467574,-0.2764007811326423,-0.29646189506429893,0.148466922607401,0.372108544731633,0.09678628948684453,0.25203735289587625,0.24382481179989465,0.17530913495454484,0.188723395759294,-0.011145781636537537,0.3205058727560025,0.2025852676253986,0.09299699754517468,0.044059075532940487,-0.362948680650234,-0.3753703629756818,-0.3306221869812494,-0.2900428405998825
#11,0.1926480738843475,1.0,0.5160027609654252,0.3823648087194787,0.08215469392644652,0.284229601276281,0.39210006408025816,-0.0074055481714308535,0.10066152883706692,0.508065936113694,0.3693445369203066,-0.06677276988341957,0.14860040729944496,0.10176173172619285,-0.02524914290277865,-0.15789565756422763,0.38268501986107706,0.24434962340964017,-0.0681068562073234,-0.10966471003207816,-0.07327663086158474,-0.06346417495241517,0.09690570314297503,-0.21278144448691108,0.032717440288418206,-0.3055350511406096,0.18303527456584198,0.08955377702732253,0.1315037183663147,0.14701114083775904,0.09579295041100735,0.06068115222769218,0.20735002462431285,0.017956163018655533,-0.1595571806968205,-0.15191660819580796,-0.05408601966522344,-0.19568019197456565,-0.10125689540246968,-0.28801128725259223,,-0.20337324563655274,-0.012672298884014733,-0.22050035843111754,0.1158932350642609,-0.2081828778310829,0.07737168261067155,0.08573672331209367,0.10151111516762597,0.04904554642205882,0.2543822720159421,0.16682392000045637,0.2423697906267886,0.22408657109771193,0.011595294189232615,-0.3042234024145137,-0.10367995618963953,-0.2649948754808396,0.02211814726289829,0.022388539331397617,-0.1416820212092344,0.04322203904522317,-0.16618539920859932,-0.12817116464443062,0.21113969686425063,0.24605564143958106,-0.2509147124089423,0.03822910308555,-0.08431212600042214,0.04075618507595507,0.20876283268967852,0.2237990656071557,-0.0618775705786048,0.03387582881253767,-0.019736719509110996,-0.0318708963440026,-0.09863758145513526,0.18420697352933907,-0.07047459322346517,-0.19356763509620595,-0.035966708689625274,-0.08523130691401266,0.0018345588445017426,0.06623122514988505,0.02960850194807788,-0.07947016845311779,-0.09490989783287032,,-0.010205495139359885,0.10335023759134289,0.02351156011659945,-0.07491419520329795,-0.06654383032612478,-0.07523250485355665,-0.1022686693173456,0.2625103868964429,-0.1270279880510284,0.1999288842238968,0.1758875686200687,0.1954082787129946,0.2858085996847327,0.29632346649477187,0.24278089305442258,0.17510415418812975,0.26469101716476234,0.17896988608165385,0.22597018841877684,-0.07506593421220263,0.16217173128884985,-0.10760729640256854,-0.09336512626853241
#12,0.3750048963401996,0.5160027609654252,1.0,0.476957918095162,0.09789599983266876,0.44360195701488675,0.3752676824433403,0.11275159107287847,0.16866836659992432,0.6069130619144595,0.5161332032713257,-0.08397023785755167,0.16745217273907925,0.2294894685902153,0.12092458114899515,-0.04371148291605106,0.6654786148776486,0.6115439539230618,0.06091693715380973,0.045940030766129875,0.04816857861620869,-0.07223537420398819,0.08834252704396058,-0.18650131297977005,0.10534262021703622,-0.2776679349613902,0.07618287022511756,-0.01473541698754333,0.3003238239751437,0.22366329912550414,0.2752005597990504,0.21460421408510694,0.35570970312015715,0.08525032182740924,-0.16810172218070632,-0.18476867407107395,0.06709336132328585,-0.0929802644213857,-0.0236819359921827,-0.20519297284860516,,-0.18089571651045916,-0.11610239911162325,-0.15775076392414572,0.0005658838226821295,-0.25289910877100913,-0.07632510177732396,-0.005768364127985579,0.18767225134673124,0.08400446470166552,0.297894858937865,0.2893160906098653,0.39876593212056216,0.4011538249449043,0.16590626027993755,-0.08141881677799899,-0.3156825498238268,-0.3424585902723506,-0.19107401935337887,-0.05605254200869742,-0.38908087613114967,-0.33062751115700045,-0.3386799466821828,-0.17064743878624006,0.14760060315305293,0.1712064772400994,-0.19880890582483843,-0.006338431231614956,0.14199234459586654,0.1930470067674077,0.5216562750164955,0.4723525060705111,0.03934946178287631,0.3005550453220461,-0.029314531386966797,0.014159265111627049,-0.21831288279397532,0.04775139141628779,-0.2129890873412017,-0.002813826884425455,-0.1372891959163572,-0.10510493379957901,-0.16794427869778267,0.14665784374685065,-0.06131358824726233,-0.22007936824851732,-0.2685662565149847,,-0.06681270755374193,-0.13040655786333222,-0.2213503250599445,-0.3677431009140469,-0.017604006822550925,-0.25614685597914444,-0.3469742519057697,0.43004128137698394,0.03696347044987384,0.3363525212824418,0.4197823553012628,0.33996307303818385,0.5706272829780397,0.4673120328273465,0.41307921803070147,0.33274995579032635,0.27656659117746046,0.2650245387457383,0.32571976200934394,-0.3501299669330656,-0.1680401138613014,-0.343056419149539,-0.35181506855827027
#13,0.48090199143188,0.3823648087194787,0.476957918095162,1.0,0.005351937524600545,0.5608901261259206,0.38352053515572265,0.22711222411737525,-0.07533898836857747,0.7349378117257365,0.5056472391296494,-0.10826559270435802,0.1866587564626937,0.0815237790999481,0.17991758936533925,0.023406597794650343,0.6037139928846194,0.1901795578272039,0.07700507508038555,-0.08889776251514063,0.064365101549145,-0.0033667805659979124,0.1569924491778902,-0.017414998583388953,0.024556239458607385,-0.10536733960445177,0.15781845701583752,-0.00834868787590107,0.16785719039442634,0.09288975343361798,0.1611510107377216,0.01213075415048022,0.15895136555600559,0.042749328298184265,0.04543157198190541,-0.052864881926895264,0.08021821514613911,0.0019786918880477958,0.10738045869489848,-0.057336428961234295,,0.03737457287750783,0.13993797335250036,-0.0369992184870594,0.19519150870027363,0.013145389929321566,0.060020954434563026,0.07500508648933359,0.12384565214497731,0.08765913105648761,0.25120526028564205,0.19765508087993414,0.3337782823068132,0.1643356284333803,0.24796930232381256,-0.042999564558483215,-0.023451472990266266,-0.1292789734989152,-0.04382709358950224,0.044076569253265335,-0.351233212208335,-0.3054700201367933,-0.16594923398421382,-0.07494537966126834,0.06041950701935528,0.0394928342298865,0.0021897574267498,-0.08058634386949684,-0.07446316145753114,-0.04772743262540811,0.00515798540795546,-0.026009739438641728,-0.11039982658398982,-0.09258209213486138,-0.27487464418343305,-0.34667343597583583,-0.346255868477647,-0.15091794494421976,-0.013978243136091638,-0.04575862849232653,-0.19513446396008388,-0.09600173416010177,-0.028414745685040776,0.0517547912828031,-0.02650450748522066,-0.3009703310306273,-0.33322837101138425,,-0.011296380824636992,-0.032158782132826774,-0.06878949159826052,-0.16781497728668596,-0.08506283478131899,-0.22925710634850913,-0.22174469436378952,0.11162134462058593,-0.029699393234113514,0.16667636427249893,0.15023188686887126,0.22508979792851533,0.2523469156859725,0.3622002536589447,0.17684858234313172,0.013161362456574692,0.022637634696892773,0.12527139035145265,0.09404205718545054,-0.34551086417076915,-0.2660954586682335,-0.2826125730410361,-0.2116013789615195
#17,0.06340636961568959,0.08215469392644652,0.09789599983266876,0.005351937524600545,1.0,0.3964974529523505,-0.1380391441007182,0.01326936716466725,-0.011708623073076213,0.0038463366818595824,0.18720790716158683,0.4606146000308042,0.17692844497939733,0.19024763121716362,-0.011321859734589839,-0.1294056128221364,0.04021882362336781,-0.06898724669758492,-0.03899350260409239,-0.018028799987830454,-0.15125641040267881,-0.09883609715099552,-0.03472199245868535,0.042960013538618336,-0.014594706628408661,0.031940110628766144,-0.22851096114682745,-0.1413625706641719,0.10224280903512625,0.22185231877361414,-0.09798879261004406,0.2757048353023276,0.05579660127437949,0.20347250348448287,0.289917722469733,0.3404198112579696,0.20367824484743385,0.13315763553354895,0.15866596679102177,0.0698722007670616,,0.07426540635820675,0.08681448860341165,0.1779491655305256,-0.06701692137143161,-0.04292426550143277,-0.15669125294968844,0.08900196424055387,0.12048533664953423,0.0647583299581862,0.08040684308703316,0.11056563662880797,-0.09272622517840742,-0.14475901449506848,-0.1815258707404217,-0.1018803847857875,-0.1388084874967437,0.006453661606798212,-0.09335257642569067,-0.06982466348357017,-0.17736046381176757,-0.05800042973704276,0.3683158301055518,-0.02282664293605475,-0.25046862254065866,-0.07654567477272425,0.28190635915748724,0.12296297986510821,0.12227349910534832,0.051310602905859065,-0.009269009684295393,-0.09934531653175585,0.019770566054956903,0.19840008518681201,0.02283234741007372,0.0938606549116472,0.012860166228372914,-0.22481864526348014,0.1378763764420435,6.0087126333183114e-05,0.11956159215672853,0.5000827148732752,0.20127057651315927,0.29418999321167594,0.36827057461166796,-0.027440041224332242,-0.05898540225098545,,-0.062257114169068935,0.1199316223714259,0.4131663063340578,-0.018322009952405672,0.27978467512069716,-0.26514699478801224,-0.13481231329731908,-0.1622976100155352,-0.09134802425542353,0.03318330566663434,-0.11723682884486303,0.17385411378143878,0.12450128635889128,-0.0429752254693356,0.21794285257927792,0.24063981380596802,0.008784889989218544,0.019751931439828257,0.0012131514747016085,-0.12013241985689377,0.17869226834606383,-0.0923314755762945,-0.0656060147974056
#18,0.09685055989412496,0.284229601276281,0.44360195701488675,0.5608901261259206,0.3964974529523505,1.0,0.30321104842527996,0.11413815855775684,-0.049032235982681215,0.5288248973670049,0.3982422614056204,0.1425658343839073,0.38256408501187483,0.3491153311542243,0.09356858584187579,-0.24345706337480486,0.5024645229253303,0.0657916003521562,0.010111750646031682,-0.22226380149951608,-0.12485154106365623,-0.33032365284092313,-0.010550234548956747,-0.2327896969593252,-0.16019912417308896,-0.29254406230806823,0.09445772319229973,-0.11743154155804397,0.35388465173235367,0.49564235229690645,0.04808947657647893,0.1772342047868143,0.09978494132948472,-0.0892134100775238,0.1166409014590143,0.11536195838396054,0.20515798540795546,-0.09469464901322107,0.04352133791985785,-0.24712960374821974,,-0.02795344388603982,0.1560793530365866,-0.057343274330057065,0.18823433218673405,-0.10971605029824892,0.02145490708362569,0.2096861968842163,0.2757455272169963,0.16754724730606216,0.39747177711479115,0.44998982702133283,0.29866382203562253,0.13590757230896192,0.004002258971711513,-0.2716926885756499,-0.07382464066567408,-0.16227098913677998,-0.002899393994710051,0.06242558038269415,-0.33465525011266334,-0.21248937541713966,0.20229928332791408,-0.015981654411554982,-0.12108240493018675,-0.13433351777799327,0.16431547262517993,0.07158126118314594,0.01664375369602379,-0.11916456076500799,0.0168958914476624,-0.12735466426318162,-0.07138312578555361,0.06155165496298747,-0.1291884625111475,-0.14118192898690443,-0.2156911065348553,-0.16409984350726275,0.1755316094412848,-0.12451383620173302,-0.008797059533792354,0.32281656503195455,0.00022247448673995014,0.41329218506074317,0.27075905632787794,-0.17206823311523228,-0.2455677187618249,,0.01749866586601205,0.25948929745599475,0.15641743819677772,-0.02452277321102941,0.18420355084492768,-0.29355337391115854,-0.23762633033087852,0.06909943468662472,-0.31461885556842234,0.0701060842018395,-0.027565539652749653,0.2710682388197063,0.45533758126498614,0.3042640943291824,0.4158721285103907,0.0218336841584855,-0.10575220145159848,0.09636225691810087,0.16746206049404547,-0.2817146888304497,0.032690819409663,-0.2583069501409956,-0.22557696000973562
#26,0.1633107246013048,0.39210006408025816,0.3752676824433403,0.38352053515572265,-0.1380391441007182,0.30321104842527996,1.0,0.23951869451210583,0.21052171217886187,0.4976214244832222,0.5179639591331481,-0.183263073228333,0.14973635822575646,0.19127785922499016,0.21006307246773645,0.12461081226005556,0.27442893461341733,0.19695038818945698,0.018684434201744426,-0.03562558114329068,0.15399607912485763,0.1302304797652799,-0.09174657684021578,-0.29715517880673814,-0.30106122231666294,-0.32769198882683687,0.027931386586499792,0.053307168812499646,0.06882371844237435,0.15542524001574434,0.2056116812415978,-0.10969361270044095,0.2182345413507814,-0.1520303173779195,-0.26118200504655803,-0.2798957222149332,-0.05439862484146316,-0.17192295917688244,-0.08208301550694895,-0.19948165346080932,,-0.2762650146509908,0.011270899766687013,-0.1082013222970776,0.14742224326539305,0.10833670848046123,0.07394215283046493,0.13059556610249418,0.2168692705689072,0.29919091543497567,0.2505910785829326,0.2081345799510556,0.2547097088246312,0.33551852718086794,0.20510132096603367,-0.022382454559110712,-0.12701886089259806,-0.07030117721328838,-0.09303198498582438,0.05893368168654676,-0.2625594453730061,-0.11819403958524671,-0.2094895826796957,-0.06153378094439469,0.010521712178861881,-0.05448875553096293,-0.03345635982300919,0.27356489694867686,0.01402882280572653,0.07383604961371204,0.27703663983662385,0.12188597517032608,0.23199069029840103,0.13323255429233147,0.058451463482809565,-0.02717155064717258,-0.14282215541649315,0.1322525256558719,-0.017087181476431967,-0.17800012549842842,0.07168242052241573,-0.1292196469691179,-0.09518257169097723,0.12537863446300934,-0.03485928013340863,-0.18924858766730748,-0.29008010983013977,,-0.02484983208403767,-0.10258545777453257,-0.20295872052450736,-0.23473568319633087,-0.11294059931204044,-0.16317153543524185,-0.4066221337394919,0.06329494222318564,-0.2599962350471475,0.12407535229880795,0.13553982388387212,0.15787550175602724,0.3291884625111475,0.28868251369549136,0.22204170731104406,-0.11179856361344202,0.04072652181105641,0.1467776377012491,0.17469533355010333,-0.2721608357434736,-0.18989015084530797,-0.40068948075975985,-0.3659811790387201
#49,0.42669960049666955,-0.0074055481714308535,0.11275159107287847,0.22711222411737525,0.01326936716466725,0.11413815855775684,0.23951869451210583,1.0,0.2731275539405556,0.13037803549323734,0.3748261561542718,-0.016740729754346335,0.10412908844406668,0.0813876323200286,0.0785840734888373,0.11487745839061576,0.11763538142965528,0.37863484330760616,0.14198245684090033,0.11129238661882515,-0.0013280015516169332,0.10765749577393549,0.05717936577657857,0.11665687398626742,-0.03309583706501009,0.13882712211187234,0.0044319960144741525,0.1924769396637783,0.15125831189401848,-0.0022734230456947385,0.08714002392076105,-0.006440351167420608,0.28357054437795565,0.05069832269448929,-0.07148656691443099,0.03160430725818259,-0.009764538327410187,0.0019033928309973513,-0.05207272558558595,0.09962027217947036,,-0.002184433250998758,0.06339838335206302,-0.0494950589747539,-0.043719469179677624,0.16110689613864154,0.1669992375019728,0.16571535054943592,-0.0330718782741304,0.08626267581664299,0.039094661943362176,-0.026265680172959653,0.14819995322331306,-0.022749442387664645,0.12910593778700635,0.15206606541510506,-0.31199175513355126,-0.029191695046424913,-0.27504615870227017,-0.023762937271702197,-0.08410448314613152,0.11153501691376547,-0.032573687543140085,-0.05368822767696704,0.12057090375981883,0.06837610738101893,0.07535686238717025,-0.14001251181301494,0.1915569981536519,0.1158437962894298,0.15225355246119532,0.08208053576419987,0.2589815992683061,-0.06157028957811612,-0.05553077278509535,-0.16954799649364996,-0.11983844929578268,-0.16773701614175998,0.04571755627938993,0.16008351349963776,0.21750056569367354,0.04010093116030903,-0.13407263316619225,-0.1834912521890919,-0.11528627902864216,-0.16238888159983875,-0.18179436131758137,,-0.007187257648963592,-0.17740267691950798,-0.16112667164857397,-0.37150995525790875,-0.17583851014350554,-0.31749276957918093,-0.31433705455188504,0.07383262692930065,0.08789567657914102,0.22573858677360653,0.14446922721490466,0.15589680986797946,0.13423311903525936,0.20657992063175148,0.06057504901093928,0.1463832683974041,0.1605927328803981,0.23339665299494394,0.27704956997773356,-0.13910207775958686,-0.1309781461600333,-0.3686744513722112,-0.3501949979368819
#50,0.1984879340867042,0.10066152883706692,0.16866836659992432,-0.07533898836857747,-0.011708623073076213,-0.049032235982681215,0.21052171217886187,0.2731275539405556,1.0,0.017756886726259406,0.2883474709214437,-0.21496435654483811,-0.1162754348235321,0.2049149748147472,-0.12980644719653625,-0.045353230538711514,0.014769263533389237,0.32231989549403595,-0.0005871805256862958,0.11080902752028415,-0.20169917266111811,-0.02178918926113751,-0.09393405247735799,0.19880320135081944,-0.029942023529053837,0.20195891637811536,-0.02911259300669515,0.20015364050024434,0.1350332665909873,0.04546427763294752,0.1725831569700116,0.372647427377292,0.46198519498842944,0.41321004063486994,0.12394262820329985,0.19028984432490403,0.030320420305645718,0.1923708364470254,-0.08193222722937797,0.26283554191552433,,-0.14574474760554704,-0.06464424047780674,0.026189240221105414,-0.17568372874845742,-0.15013795319669215,0.08452357183739206,0.1665493446510098,0.034795770322664066,0.08245322806677277,0.1449088520126335,-0.031789892812933186,0.05163994120588778,0.002017482311376813,-0.03233257844127149,0.21823834433346073,-0.3473853543334037,-0.10632607153790719,-0.06884083186443127,-0.00562765376885091,-0.0645917593168322,0.09514530246071995,0.07353865636818957,0.07718990003860027,0.20703209527232208,0.2596166973757518,0.13488038668727884,0.10984306991973805,0.1563748447907694,0.20740554817143086,0.21456808574965344,0.291434351962244,-0.10761566296446302,-0.0039273402129290005,-0.09101792535885896,0.03791155403182716,-0.21323932360150066,-0.15237182522252202,-0.07350024624312848,0.21442433300437533,0.03497755289473534,0.028221173866663625,-0.15848816226566495,-0.1882480229243796,-0.10997883640138961,-0.06756721296512855,-0.09121796224779094,,-0.06177451562118096,-0.22584012641114426,-0.14555307727850952,-0.19720062444975595,-0.10519392359427499,-0.02306889293272714,-0.1097217547722679,0.0731674852586884,0.18112503636602187,0.2862508865703371,0.38205600652591826,0.28594626765772396,0.18636820858599398,0.09177395831550685,0.2516102779409891,0.38175937387693165,0.4075481600219052,0.36627514959983115,0.3169614928988806,-0.09243377581036807,0.0335035168082327,-0.18506150373738123,-0.15871215794547663
#51,0.40473851641842695,0.508065936113694,0.6069130619144595,0.7349378117257365,0.0038463366818595824,0.5288248973670049,0.4976214244832222,0.13037803549323734,0.017756886726259406,1.0,0.5215577777651011,0.031266982694527316,0.28966748620943406,0.16698440586952346,0.2677041203415839,-0.08549675510502887,0.7485863362635314,0.2934963291709688,0.0633691003854323,-0.21593677921593907,0.19772315426989387,-0.10317339889675473,0.1790101976980546,-0.1928446880888681,0.07027189424665765,-0.2750872309152068,0.3305624801531841,-0.016421659507551773,0.191173277201309,0.11262571234619312,0.23285739005101702,0.06048187593529605,0.20930475772148097,-0.03097605451955969,-0.12311471887401289,-0.23041625546916447,0.04552322386447691,-0.18126650732169242,0.062262248196174125,-0.18199858148746062,,-0.18675915520542763,0.1377025801335988,-0.20894575615655359,0.30006408025814646,-0.14799116947421864,0.027839734703928292,0.05978745129805306,0.1882434593451644,0.1137167880768887,0.33716902166369084,0.21664793697697105,0.3783226184296344,0.2462454102752789,0.32768590405455,-0.15455968115793217,0.011430244740950328,-0.26982352258876635,-0.08840299446856169,0.01034335229120199,-0.48834785121971164,-0.3586912415407404,-0.30335708296016567,-0.16043757118708202,0.13592088274833952,0.0657387388929137,-0.11001382384203931,-0.03722093237726349,-0.040178892305235,-0.07530019794524846,0.21086892449748337,0.0873769497416824,-0.05311816057333767,0.03634244337834163,-0.19059940711500029,-0.25590498628074,-0.3255942635809265,-0.06386691081815468,-0.00985657050824962,-0.23252995324232795,-0.08015964921287766,-0.04066909677259875,-0.12412745316151458,0.21399193387373716,-0.0018322770548941535,-0.33646014569226645,-0.3575069927344016,,0.045961712137192065,0.023518025187154287,-0.10992597494214712,-0.18867357668619497,-0.020933137860023616,-0.2843376059843735,-0.31689189831584913,0.3209280038334065,-0.10234967284841501,0.2943033220955195,0.1788573177943461,0.24769586786916978,0.34339108162531873,0.4273274729370245,0.20261835357470864,0.06431071889683078,0.07115418622825882,0.12175515256615764,0.16599448947809767,-0.43992751515013223,-0.2431151752319344,-0.4015181506855827,-0.3262696733047729
#52,0.432934970897675,0.3693445369203066,0.5161332032713257,0.5056472391296494,0.18720790716158683,0.3982422614056204,0.5179639591331481,0.3748261561542718,0.2883474709214437,0.5215577777651011,1.0,-0.04273373606919907,0.14279515423947,0.4033279901426689,0.1791722047601934,0.11872227387940362,0.42673496823558715,0.4219648870609219,0.14779645676103767,0.15372758854769797,0.02033568928110317,0.12235982681216878,0.11122697531674092,-0.005702192229365491,0.022381313664306915,-0.008364280104886263,-0.09639077928819573,0.061431480710321104,0.2846095192459446,0.1018853286632706,0.16839417154874567,0.15177551753840537,0.20687731387727396,0.1540656737078891,-0.044870251738438456,0.03225842027902484,0.09891862187513667,0.06683399790455655,0.04554965892471246,0.04645001074342607,,-0.09536131187690505,-0.13084504176625728,-0.016142520578890023,-0.04357267404825605,0.0186406999009323,-0.01686850997237133,0.029302361842392988,0.029824511364262993,0.07811592632101357,0.11553499409586938,0.1289777772707134,0.12082646419586882,0.17117301099252144,0.10946277165180651,0.13434378583122744,-0.4419225598637011,-0.19813539759233167,-0.2546754819805173,-0.019261726972464505,-0.34645020089256,-0.13612358172514702,-0.07607296402568535,0.03672958701509594,0.15588768270954909,0.1308454220645252,0.11743154155804397,0.1351937524600544,0.23039191638001685,0.3027056320271989,0.36839873512796084,0.29543128675820446,0.07488034865745204,0.16781269549707836,-0.09359634761543478,-0.11314786186806312,-0.2858310372825407,-0.08848057531521973,0.05229557541980175,0.18659410575714533,-0.051960912944022,0.03399714396000783,-0.14231787991321593,0.04958138668157436,0.030538711511438422,-0.22819151060176496,-0.2919576423789178,,-0.008789644553239379,-0.19688079360642552,-0.1300661909135335,-0.30275925408297727,-0.038861919403388075,-0.30325706451569967,-0.43036681669433335,0.19314664491360575,0.0875058708545112,0.11432260321770364,0.18909076388611587,0.08371695921110928,0.25658610047860536,0.30515893615362527,0.20901877342399644,0.20930741980935647,0.13439626699220197,0.10327113555161313,0.17201156867331047,-0.33364555821130515,-0.05785895878137223,-0.4479829930614581,-0.4268585651726649
#53,-0.06677276988341957,-0.06677276988341957,-0.08397023785755167,-0.10826559270435802,0.4606146000308042,0.1425658343839073,-0.183263073228333,-0.016740729754346335,-0.21496435654483811,0.031266982694527316,-0.04273373606919907,1.0,0.5059628866920326,0.17455994736671973,0.04926345732958359,-0.22411661466087854,-0.020425059374067082,-0.05106493022477529,-0.02717725512119155,-0.16598422142486352,0.004767799385057701,-0.19601827713475678,-0.012069526129343243,-0.13535728071526498,-0.08346824414388204,-0.17499196619908994,0.009996900569116358,-0.1440535612080555,-0.06548013607072027,-0.08274263504866868,0.07819426776420747,-0.05776958868840832,-0.06389619378478541,-0.005285385327712525,0.25869751646216127,0.12190765217159819,0.06818443705398143,-0.06673435975835848,0.04723533115758357,-0.10056379218220851,,-0.01942639612247886,0.07837452914320701,0.06076709963624471,0.1232656972863817,-0.05035529365681504,-0.1365632065228759,-0.060405435983441814,-0.02519057696951719,0.00019889599412819473,0.06752499985738815,0.12199702226456209,-0.07356413635214099,-0.22563058206551398,-0.09177053563109547,-0.2607758464964071,0.124475045778404,0.02589412876519054,-0.1424487025173844,-0.1290139056061669,-0.00797827736293575,-0.04980386116831431,0.21601017678164985,-0.09649992489109209,-0.27393492716337425,-0.21041751045344864,0.29136285588787286,0.14007640192202744,0.010511063827359798,-0.08447033007988165,-0.07650574345459143,-0.19459976459537215,0.062301983445616396,0.07487160179728962,0.04883524147989268,-0.06395475971804686,0.06835595157281857,-0.24432984789970774,0.20435327427301234,-0.23132859101393222,0.2954754013572845,0.3407248104688507,0.14808814553254118,0.5366643658621457,0.5185503790622985,0.1311142929399528,0.13570069005120716,,0.025183733995027144,0.4505321323514032,0.28205885876292774,0.11880593949834856,0.2966360716710116,-0.18628796565146044,-0.0604510717755936,-0.1716982029005349,-0.27330135024900026,0.047227720701346065,-0.32527747512373956,-0.20477464475388046,-0.09156821695255589,0.1533990108442051,-0.008271487327510967,0.22464560955157128,-0.09102971460516483,-0.12009362943356475,0.007333671798791792,-0.00474041790976663,0.07540363907412584,-0.05153992276142178,-0.0014420910319963948
#54,0.02927041678788674,0.14860040729944496,0.16745217273907925,0.1866587564626937,0.17692844497939733,0.38256408501187483,0.14973635822575646,0.10412908844406668,-0.1162754348235321,0.28966748620943406,0.14279515423947,0.5059628866920326,1.0,0.03143545482722099,-0.16355297459797719,-0.29413979384030897,0.233890660444987,0.029452579658225946,-0.24826821676240676,-0.2776086084315929,-0.2000844262154808,-0.14453045523604163,-0.12866327060313404,-0.1964875651973843,-0.24628838397955516,-0.284129582831815,0.2031614195013149,0.12711317486304508,0.08246958089229382,0.12237922202383329,0.3402117881054111,-0.2354316290266456,0.016273723481326403,-0.2224657398797877,0.013402851856711218,-0.08510618878386318,-0.20602354426576763,-0.34260424450896837,-0.1990680980207479,-0.2853028029883838,,-0.1146295039199244,-0.15616073686592394,-0.24620585925541402,0.24633668185958246,0.008392041878445264,0.06816199945617347,0.04881394477688852,0.2600095454865251,0.18316229418733113,0.3338102273613195,0.40697048695291715,0.3162777166131397,0.19645333835327047,-0.055657412108316554,-0.3072798595938795,0.17259989009380056,0.01697727527699975,0.1133007417717716,0.15196072279488804,-0.043517150501138045,-0.029438508622312478,0.016873834148122373,-0.17631806625936722,-0.11729615537466034,-0.1395995078940413,-0.002621395960852096,-0.047081305868192425,-0.29467373260848484,-0.24261166032519305,-0.1170170164459986,-0.18672226627343827,0.002617592978172781,-0.01341311990994537,-0.06975012502305558,-0.20040197526920364,0.06311277935284644,-0.002862505062720692,0.10914484229981575,-0.3277996132366615,0.16226984824197618,0.11740872366196808,0.4529557732129309,0.5501885328663271,0.49469997318897213,0.11781107922943965,0.07168508261029125,,-0.044589595856041706,0.5959057088474491,0.2465732273822359,0.15175384053713328,0.3339756571078697,-0.016716770963466646,0.0158299154026503,0.023322551877437474,-0.3530670104563009,0.18462682281713547,-0.08509401923928937,-0.05164792746951434,0.08449466916902927,0.4405812478727066,0.16583476420556642,0.004077558028761958,-0.2278979203389218,-0.038094477498702234,-0.022407934543062124,0.002447979950675315,-0.007620036394544241,-0.00048183790546925956,0.007018024236408615
#58,-0.01062249121986374,0.10176173172619285,0.2294894685902153,0.0815237790999481,0.19024763121716362,0.3491153311542243,0.19127785922499016,0.0813876323200286,0.2049149748147472,0.16698440586952346,0.4033279901426689,0.17455994736671973,0.03143545482722099,1.0,0.1658910483492203,-0.09783401121499592,0.1543322627937091,0.19489715784089462,0.2386557977421692,0.014481758042832993,-0.033042975605767605,-0.20924847357782708,0.010516768301378772,-0.28072020885980875,-0.006347178091777381,-0.2943443943084561,-0.10400359001564928,-0.1465897703568909,0.35681675137810587,0.26818101436957004,0.007878258918469756,0.38431764032530713,-0.011206629359406582,0.012131895045284016,0.12528926437004542,0.2095078369965564,0.30323158453174825,0.06793534168848628,0.13702585239348883,-0.2177903529738374,,-0.04634162573706558,0.06286672637349473,-0.01442623449571499,-0.16332555623375414,-0.19434534505412596,-0.13430043182868323,-0.041036464899420616,0.06777789820556263,0.051913755958798484,0.11399440581247873,0.15935638321135268,-0.05986883512739041,-0.08949102781311383,-0.0656516505895574,-0.11470099999429553,-0.19621070805833016,-0.19499679598709269,-0.1726109187435706,-0.17311975782606298,-0.17100910243904294,-0.09207971812292381,0.3759354862018281,-0.022700383911101477,-0.08955643911519805,-0.13643580660311883,0.3951188717310987,0.2934814975385195,0.3671764564948289,0.2517007889287568,0.2735261065253478,0.14683125975702743,0.12357487977821005,0.2818413281536709,0.0649439155129368,0.08825277665272874,-0.10802676539209702,-0.07791512883554572,0.26361971694399916,0.06817530989555108,-0.09005957372367147,0.19204910411235532,-0.2434996567808132,0.250799862332027,0.25241651026900397,-0.01796072659787071,-0.08825505844233632,,0.14219809947824089,-0.025513069900723138,-0.08116553813155658,-0.014126179162317004,0.02113165355588388,-0.1568574432927745,-0.2727849052011493,-0.010729355033152501,-0.2421047227340403,0.0064019410423595225,-0.08926817302810594,-0.007944050518821912,0.255993595777168,0.1702466044118402,0.37187123861244376,0.16526926068115222,0.06442442807894232,-0.06687316862615349,0.12663057636103997,-0.15611586167030803,0.12647541466772388,-0.2481879738278732,-0.21248481183792448
#101,0.10724791453937323,-0.02524914290277865,0.12092458114899515,0.17991758936533925,-0.011321859734589839,0.09356858584187579,0.21006307246773645,0.0785840734888373,-0.12980644719653625,0.2677041203415839,0.1791722047601934,0.04926345732958359,-0.16355297459797719,0.1658910483492203,1.0,0.48523472959842406,0.25305160837644963,0.13100248524918093,0.6535087268945033,0.07090927414371091,0.8214484420130709,0.12507401555039618,0.45458497099274964,-0.13261571050174653,0.2892879485380384,-0.07205891580766795,-0.0784152210578757,-0.4673542459350869,0.23846032443245238,-0.0207737928857603,-0.27813874421708945,0.018406436167886474,-0.009422650184539735,0.0758010507641143,0.012795135224556619,0.025994527507924466,0.45968324957263984,0.306438259526947,0.4682940074779979,0.08381545646250355,,0.0945972926566306,0.23491708547013423,0.2673941772532197,0.02682395803028315,-0.02669731870706195,-0.3135563022078216,-0.1621397862343436,-0.37736730918059036,-0.2644016101828664,-0.2395373291272345,-0.1603683569023185,-0.12504853556644477,-0.12206357446145012,0.7308975229272319,0.2649739590761034,-0.16415080347516559,-0.3341190295548799,-0.6058295921491226,-0.5113106409356859,-0.45969922209989295,-0.3824397274782612,-0.017319924016406068,0.23472845752924018,-0.1718925353154479,-0.26999123412492415,0.0005366008560514011,0.059034460727548616,0.5597077788109214,0.32681616191579055,0.26534817257174803,0.10613782389528106,0.25075118415373177,-0.014251297292466481,0.017089082967771622,-0.10007472860964854,-0.3359303902050378,-0.2413060963713841,0.23573738883406256,0.22072397381266126,0.1555667109714149,0.016130351034316214,-0.21101800141851254,0.0998438875610141,-0.1807454986946262,-0.5012525123454326,-0.46725841077156816,,0.1186872977228979,-0.1914558388143821,-0.22010522853073666,-0.4434669511297711,-0.37196060870540765,-0.5267910622301071,-0.5911717560082372,0.05740678414080163,0.13513366533372123,-0.12071237471548936,-0.15967583375641517,-0.009568684719425445,0.015747770976777088,-0.14612998975096167,0.04054740132686065,-0.02060341926172697,0.0011458386812777262,-0.1214653652859938,0.011150345215752715,-0.4955921529255395,-0.2988178428341348,-0.6171970876758642,-0.6377628574090659
#102,0.16348490120801745,-0.15789565756422763,-0.04371148291605106,0.023406597794650343,-0.1294056128221364,-0.24345706337480486,0.12461081226005556,0.11487745839061576,-0.045353230538711514,-0.08549675510502887,0.11872227387940362,-0.22411661466087854,-0.29413979384030897,-0.09783401121499592,0.48523472959842406,1.0,-0.1954204482575684,0.07329716696805304,0.3928195884031846,0.6221831782667145,0.4571276452121399,0.7609593404106841,0.11863442497951143,0.2088746403804504,0.016271061393450883,0.32098695006493594,-0.4630937644394499,-0.22990969817627965,-0.06792887661793144,-0.25753190227095113,-0.08864258237735856,-0.23730231620660083,-0.06463853600378777,0.12635714190639719,-0.03575716434399499,0.09440334053998552,0.09431244925394987,0.4772393388134314,0.26462182803880574,0.37954261527315875,,0.13299068459392702,-0.012882603826180873,0.5790113385928584,-0.2631892193047007,0.34846882409874064,-0.34899667809462964,-0.32052412707286326,-0.3714369379904659,-0.007249245583310991,-0.3243955634404063,-0.20308612044426444,-0.25243286309452506,-0.027917695848854257,0.36031739693441567,0.600388664829826,-0.28425203887408895,0.23649950656299737,-0.545200540784137,-0.26250278093108426,-0.2592383005991599,-0.34812883744720985,-0.07574514691872836,0.19283213824602635,-0.11813281156410974,0.04387615206606541,-0.03534111803887789,-0.01760286592774713,0.3171318665229139,0.5026185437238426,0.056869802986482296,0.07574704841006802,0.30440860767099637,0.18872263516275814,0.15913961319863168,0.14016539171672343,-0.11298053063017324,-0.09007364475958494,-0.06905227770140121,0.6066947707086668,-0.08574927315493541,-0.1430929277832604,-0.06596843904674436,-0.23219453017001235,-0.24098892761592916,-0.4563210325858571,-0.41062173062332785,,0.0986493800804887,-0.23743770238998446,-0.13048870228920542,-0.443067257650175,-0.25868116363664023,-0.3286294240572881,-0.44074021254870194,-0.25708391091132776,0.45225982738261616,-0.21496359594830225,-0.09484828951346541,-0.13149953508536746,-0.2237967838175481,-0.1672958701509594,-0.14574626879861877,-0.07984133956261896,-0.1334173792505462,-0.24271205906792698,-0.28271867625778896,-0.2713504201345115,-0.2232240546260432,-0.43720610074481414,-0.47377025801335987
#201,0.4100756223105782,0.38268501986107706,0.6654786148776486,0.6037139928846194,0.04021882362336781,0.5024645229253303,0.27442893461341733,0.11763538142965528,0.014769263533389237,0.7485863362635314,0.42673496823558715,-0.020425059374067082,0.233890660444987,0.1543322627937091,0.25305160837644963,-0.1954204482575684,1.0,0.464015227142648,0.1958087327891265,-0.2113180567519105,0.17426141322639346,-0.3172102079661078,0.2912780493741241,-0.2650222569561307,0.2530835534309559,-0.3035092022673383,0.38493752650203555,-0.18357643900110857,0.43658811605942544,0.21256885775513734,0.21119293862176106,0.1533278950681019,0.1660226315499246,0.01083774003951299,-0.17955516511600048,-0.16423560998891432,0.14027529791615564,-0.10254628705293561,0.07050692527965506,-0.1943628387744508,,-0.11502995799605631,0.003604466983455124,-0.27804443024664244,0.1896410554798128,-0.39229896007438636,-0.02817553807451184,-0.026886707244491857,0.156488173674613,-0.0930262805118054,0.37120799843317115,0.12559388328265858,0.48622160360370636,0.10739775205693826,0.387123861244374,-0.13292070971262762,-0.14692557372747445,-0.5458751899114476,-0.07264609633335425,-0.17835380288760475,-0.39421109976554614,-0.24304710184197467,-0.3539873322646952,-0.13443543771379893,0.21129447825929876,0.1370963846945159,-0.185746040619658,-0.0392251042492627,0.1690634965003052,0.00120364401800332,0.40925760073625744,0.2963291709687908,-0.12800763638922005,0.041523246682372984,-0.24237435420600376,-0.2220797371378372,-0.30719315158879107,-0.10668050952361938,-0.07266016736926771,-0.1532358628872625,-0.12550413289142676,-0.21787706097892579,-0.173247538044088,0.14495372720824942,-0.08141805618146312,-0.23645463136738143,-0.22375419041153977,,-0.09125752194392563,-0.007121845663553925,-0.29830101748801585,-0.21661485102766098,-0.1769896730005343,-0.20523404506154178,-0.26249099168477835,0.6015558002141079,0.038418871921247835,0.45135661899627877,0.24840664533193382,0.35004021654183376,0.34792081429465127,0.508643228884414,0.3028079322612725,0.17314675900308613,0.20005248116097454,0.20229738183657442,0.28795994698642147,-0.35736666267353484,-0.23426297244929198,-0.31721172915917956,-0.31619329039765887
