,#10,#11,#12,#13,#17,#18,#26,#49,#50,#51,#52,#53,#54,#58,#101,#102,#201,#202,#301,#302,#401,#402,#501,#502,#601,#602,#701,#702,#801,#802,#901,#902,#1001,#1002,#1101,#1102,#1201,#1202,#1301,#1302,#1401,#1402,#1501,#1502,#1601,#1602,#1701,#1702,#1801,#1802,#1901,#1902,#2001,#2002,#2101,#2102,#2201,#2202,#2301,#2302,#2401,#2402,#2501,#2502,#2601,#2602,#2701,#2702,#2801,#2802,#2901,#2902,#3001,#3002,#3101,#3102,#3201,#3202,#3301,#3302,#3401,#3402,#3455,#3501,#3502,#3601,#3602,#3701,#3702,#3801,#3802,#3901,#3902,#4001,#4002,#4101,#4102,#4201,#4202,#4301,#4302,#4401,#4402,#4501,#4502,#4601,#4602,#4701,#4702,#4801,#4802
#10,1.0,0.28557353976073185,0.5148159216449925,0.3472279795243558,0.5020755208082288,0.33611868932740785,0.4576769205556573,0.7306315251655693,0.38274608851570857,0.5367337298641706,0.583303288249641,0.4260996982638119,0.44469358834700623,0.19349483770834738,0.07903174496062006,0.014392719770950422,0.2940028727598739,0.14742271022721795,0.21449876124280606,0.02919610924199628,0.10413850944251106,0.028536724089730365,0.004135617402369545,-0.1309843540628344,0.00018316254229608706,0.0013631149200350901,-0.20931236925568528,-0.2339988239036758,0.062261768193342525,-0.28912496505451496,-0.33403256437199347,-0.36479615937069204,-0.25209142702900716,-0.0196292404538575,0.011203763508237494,-0.23728032545091726,0.0017294400046272641,0.008196041761059644,-0.2852881918001022,-0.07848804141401483,,0.0819546335303134,-0.018283477774671514,0.17514387899704048,-0.20657842730857104,-0.060441710930947724,-0.3876162841140235,-0.367487684729064,-0.37320235604870194,-0.4255444265566406,-0.3104180926031253,0.031023878611435126,-0.35505576817406226,0.11855629356135464,-0.01359066063836966,-0.005388834797026983,-0.3328873164759527,-0.0619031552157944,-0.30692836416569463,-0.12088920594217847,-0.009584221028987882,-0.1716772868807419,0.06737489516354488,-0.12787637492408394,-0.10816037326598094,-0.2675002169030106,0.16185977461367163,0.19082259261758552,0.42943518456036167,-0.06915253583719742,0.6443947441990495,0.4857142857142857,0.267731580114332,0.07576566762746667,-0.057183345704838386,0.08308445721226611,-0.3487973933078191,-0.09547010112500362,0.2521107072966173,0.28489487434085586,-0.11763469676959117,0.062038117089065196,0.24535104547251116,0.28845015568816096,0.16530323040883807,0.2235681991266039,-0.2893640403728804,,-0.15692788215900436,0.10624777071905758,0.1395447928817252,-0.08406389480685991,-0.27461463565114286,-0.12306016407507736,-0.07971041038049607,-0.034286099891066485,-0.1114071703315242,-0.16822997503205345,-0.14797412588086722,-0.19026732091041423,0.23237156931738212,-0.2549564747958702,-0.1567312234293812,-0.14589956908601892,-0.05778489005427395,-0.04822958942670124,0.06228490451447466,-0.19623649176250565,-0.00730914945099438,-0.21148718344210618,0.16690349262047757
#11,0.28557353976073185,1.0,0.21294862772695286,0.06936461878090867,0.34814572026259727,0.11978251858135791,0.4670394185071289,0.5167092439243056,0.6658228336209306,0.4921808874707181,0.3906162937541573,0.32384487096680903,0.3596097673835713,0.299243249496303,0.18230071433391495,0.17413744902779252,-0.022748787753174016,0.030190971050678184,0.2508189293667396,-0.03353031340075,0.3293744517173898,0.071103698919341,-0.08721043448083059,-0.17609632421698013,-0.10096883344740824,-0.220390811024457,-0.27971233840725707,-0.3139309573616882,0.059227054071510514,-0.04723472761801934,-0.24980093123692557,-0.23875333789633,-0.3200003856053522,-0.19886632026452528,0.42412925491405823,-0.031945475403198594,0.03846991796246132,-0.09283256051593997,-0.09281713630185187,-0.13200620824617046,,0.2572199782132976,-0.008246170456845942,0.1677209759671464,0.06948030038656937,-0.16823768713909748,-0.2823228866416666,-0.246504005475596,-0.24516981095697607,-0.21370827027079137,-0.13703835809241033,0.01579246719944473,-0.23783174110456654,0.014161356559629048,-0.07541476675696258,-0.03524240116452816,-0.051414689635892144,-0.03831181976805838,-0.01118448324062738,0.15029932615464703,-0.06902143001744865,0.013232047660821531,0.14073245736650825,0.31296694398118247,0.04289281135222157,-0.27384342494673825,0.04232982753800623,0.17304618588106002,0.14987130421370248,-0.08325412356723512,0.200670953312832,-0.032261671792004475,-0.0988711403314278,-0.2586737103911002,-0.14116819141449682,-0.007594497411624074,-0.13621316263869743,0.03275139058930138,-0.14618877310017064,0.188709475287517,0.07289290775355962,-0.0006343208043727646,0.1764780735156604,0.3052625490441807,0.2598999354111035,0.01210608003239085,-0.14804353484426364,,0.1148429140196466,-0.014454416627302787,-0.06370007615705706,0.06071934678453337,-0.0460663434008464,-0.013532819835539318,-0.21555531990784033,-0.13388796236491762,0.004987805230736602,-0.25016725632151776,-0.2665979003788573,-0.23264534911744575,-0.11065138384120772,-0.13716560785863707,-0.32408780233869644,-0.1781168962625201,-0.26865703295961746,-0.3860353021699941,-0.23577646457732834,-0.016108663588250603,0.013293744517173899,-0.15595230061793258,0.0454416627302787
#12,0.5148159216449925,0.21294862772695286,1.0,0.5651644124820453,0.32960967098223326,0.6448034858723839,0.20802830343285164,0.35908534410457615,-0.06769880365939479,0.48886853749530046,0.27225087484214283,0.2087918020302122,0.4550239557325056,-0.1508314615406862,0.129738848775221,-0.07077979042349108,0.5783405473667974,0.47018210212757755,0.11854086934726654,-0.3585377845044489,-0.16415412645927527,-0.16720040874167333,0.18016060462919226,-0.044250142191973624,0.3254374210714045,-0.06816924218908159,0.2102571023685809,0.18105520904630157,0.37893630763595,-0.029045723154637385,-0.02442617103525397,-0.14207436399217221,0.1514252937830777,0.21737923322375716,-7.133699015742339e-05,-0.3638128657225762,0.07009726895009302,-0.033306662296472674,0.2203059778469725,0.15190344441980855,,-0.11016166504391081,-0.06063836966057089,-0.13558076986108566,-0.041805404259011116,0.1769986407411335,-0.19421206366344365,-0.08444178805201816,-0.2070295855706477,-0.09153692653254027,-0.0020302121793450492,0.4250508517058217,0.11991362440110669,0.3481727126372514,-0.15496515091629473,-0.08123740757521715,-0.3358217732062121,-0.44476299731040264,-0.25623282851165974,-0.05640056683986774,-0.12303702775394522,-0.054511100614076526,-0.23795899087079328,-0.05034656281029181,0.2512122468259859,-0.07478623003287285,-0.1279534959945244,-0.2004048856198124,0.13674144197121457,-0.33503899434124146,0.3435223120896918,0.16499474612707624,-0.04612418420367675,0.07939035793816818,-0.34843106822322695,0.11177349541611638,-0.3173358526216344,0.19996143946477976,0.1335833341366778,0.16891635255897353,-0.02416010334223439,0.2679243827904331,0.14899983611772533,0.23106436717341636,0.017215350949071173,0.049625480801673526,-0.10277346649571496,,-0.13344066015636297,0.04063702004183818,0.09797653591431849,-0.1750667579266,-0.14444583690821627,-0.37097355711297275,-0.27225858694918686,0.19328661081815815,-0.018206356704231055,0.30421755853971255,0.3541573077034309,0.11957429169116868,0.614822669738656,0.0375907377594401,0.15450242449365198,0.08596107313969518,0.28572006979456877,0.2612418420367675,0.4411305948926571,-0.13040980208805297,0.008716608986532733,-0.2934090405174824,-0.052062506627591994
#13,0.3472279795243558,0.06936461878090867,0.5651644124820453,1.0,0.07085305544040951,0.4979109830044441,0.08676698832579796,0.08588780812277674,-0.049370981269220016,0.4418054042590111,0.08178882322886642,0.21007201179952378,0.2984257661496342,-0.16302430277732255,-0.0948261401868258,0.0721833939055074,0.5427645975726143,0.08796622097114708,0.22507977210723684,-0.06841602961449104,-0.19054110071047786,-0.13125427780937599,0.1328082673787512,-0.055421129245273926,0.11925423924884078,0.04896223959588559,0.22895896195039186,0.10829919119277376,0.13283525975340538,0.04745066661525262,-0.27146423992365015,-0.028012300810735254,0.07544947123866079,0.11356270425033499,0.17994080957843694,-0.1729729208641416,0.11756528780619475,-0.10191742261382589,0.1352298689905816,0.10762052577289773,,-0.04059460345309593,0.006981384901622435,-0.17431868354332758,-0.02573722923274175,0.07339805076494461,0.04463189149065389,0.09913720802444738,-0.12080051671117195,-0.067058698774739,0.11724909141738887,0.09932229859350447,0.08301119219534767,0.21417099669343412,-0.046671743803804,0.10132744642495638,-0.49606007731387314,-0.47984151620024484,-0.201179952377739,-0.19598199223005217,-0.10127731772917008,-0.1278031099071655,-0.14133785776946584,-0.03168326376370104,0.026624121542807015,-0.04316273509876317,-0.000321980469088911,-0.33935006217886304,-0.03247375473571573,-0.14435714767720975,0.11087117889196302,0.12700105077458476,-0.15197670943672698,0.03667299702119865,-0.4610972400296916,-0.22310932875748316,-0.3483539471527865,0.003989087368532675,-0.06784918974675369,0.04388381710738145,0.15835847801567485,0.05643527132156594,-0.21994350881590236,0.267230293156469,0.25174052615850306,0.05806638196138163,-0.06410110572334744,,0.0959058351729922,0.37104296607636916,0.06809212111864113,0.18833158204235875,0.08087879459766902,-0.1547067953303192,-0.2261324747187491,0.02397115671965527,0.10325547318596782,0.2589860507263841,0.3044836262327321,0.28347584664475145,0.32860324101298527,-0.07905102522823017,0.25121995893303,0.20746146356511427,0.10423105472703961,0.2781969093731021,0.18395110524134076,-0.12243933945803168,0.06311395602170958,-0.19253082432784166,-0.12034550239557325
#17,0.5020755208082288,0.34814572026259727,0.32960967098223326,0.07085305544040951,1.0,0.2660966134209943,0.36162262732206724,0.49913335197092534,0.39768058380650323,0.3364464538767798,0.46214608658768186,0.6285078036883152,0.5884511197015414,0.41256109434798954,-0.20413368937560852,-0.07648289358256292,0.13574272410901064,0.23631631207041154,0.11724137931034483,0.14197796265412163,-0.028259088236144717,0.03408944116144332,-0.26263387735821775,-0.25474053579863687,-0.14415663289406458,-0.14595740988884925,-0.13007046937811498,0.07723868007287941,0.11064367173416367,-0.014462128734346833,-0.06413195415152362,-0.15412838730201575,-0.09908707932866108,-0.10713080697560082,0.25375724215052103,-0.16020938370624585,-0.20927380872046503,-0.13056790028245593,-0.32072146761397047,-0.3235903714343555,,0.16687264419230138,-0.1033518745240184,0.003992943422054698,-0.199494856988615,-0.20807843212863794,-0.11305756123895,-0.06869752152159872,-0.10502154569905431,-0.12051902480406428,-0.137994659365872,0.04668716801789209,-0.32405309785699826,-0.20094087705937358,-0.38098387205614415,-0.3544233753964505,-0.20931236925568528,-0.09084283689857615,-0.07720783164470323,0.11178891963020447,0.08043534844263639,0.0757039707711143,0.1520846789353436,0.0007885629452536802,0.1513944453549015,-0.12054987323224046,0.21495763161192677,0.24360039717351276,0.15494972670220664,-0.2165309014489121,0.4616100951481207,0.2570194634301524,0.05401752576325759,0.02406755805770584,-0.05744941339785796,0.20192417070748941,-0.14238670432745607,0.15980449808643343,0.15413995546258183,0.09019501990687631,0.03952647662749559,0.1640114524789604,0.3866715510011279,0.4456267532993358,0.36043496283728416,0.33057368436273893,-0.20079049097201468,,-0.10983775654806088,-0.051545795455640926,0.35301591586091213,0.009892705310749714,-0.19527247838199993,-0.21802705021545699,-0.15852814437064386,-0.062319608996172865,-0.3035813097085788,-0.03327195781477447,-0.08442250778440805,-0.09738270367192696,0.16152044190373363,-0.05237870301639787,-0.04698794019260987,-0.029400480078663492,-0.061478989328371876,0.026107410370855948,0.09772203638186498,0.10157037779684382,0.23158879045241149,0.0004183818071394831,0.12136735657890932
#18,0.33611868932740785,0.11978251858135791,0.6448034858723839,0.4979109830044441,0.2660966134209943,1.0,0.29090646178168955,0.26471229020658804,0.025224374114312706,0.382641975070614,0.22650651191038532,0.20230592000616968,0.5956310913595481,0.0659982840561827,0.18317218242989214,0.051962249236019394,0.5761271726451563,0.4846500149422074,0.15530833967975474,-0.2931198365033307,-0.223252002737798,-0.1187028235951915,0.25864671801644606,0.1259984768588588,0.32350939431039305,0.018904302391717198,0.03210742965112356,0.023924884077390993,0.613484619166514,0.38235277105646226,0.03633366431126064,0.16386106639160153,0.04318201536637328,0.3016262905729131,0.11526707990706911,-0.043594613093229734,0.20637405647190382,0.07793662576036556,0.29109926445779066,0.37333346186845073,,-0.01844157596907445,-0.06442115816567534,-0.12554731859678211,-0.0031446116472096633,0.2966211331013274,-0.21525840378664457,-0.19264650593350235,-0.22560033933270993,-0.27000279563880347,-0.001197304618588106,0.31224586197256415,0.17606161973528192,0.43838894083849883,-0.14678646139608417,0.07175151591104084,-0.3315531219573328,-0.5589947268468086,-0.17555647672389693,0.004197314258721911,-0.2449538719597428,-0.2002390753183654,-0.19388815516759372,-0.04644809269952667,0.1550654083078673,-0.048646043207079714,-0.16346003682531113,-0.1713919389201122,0.1537157895751593,-0.18130970857875509,0.27886400663241206,0.031089431521309517,-0.15457954556409242,-0.005473667974511486,-0.29308513202163244,-0.06457540030655626,-0.39982840561827,-0.034405637550249196,0.13094193747409213,0.41834131857750184,0.09068473870417322,0.42681692421890816,-0.046178168952985064,0.04644809269952667,-0.09335698379493508,-0.05938129621239143,-0.07563841786123991,,0.11923110292770864,-0.0017178718440611957,0.2592791107940578,-0.11980179884896802,0.16275437903078094,-0.11206269943026809,-0.06300213046957091,0.21106301755468365,0.11854858145431059,0.17520557585339286,0.2098406485882024,-0.06789931844253998,0.3418912014498761,0.16246517501662924,0.3311867968727406,-0.04170514686743852,0.021040556042917876,0.0765792949206135,0.2367173416367019,-0.14720677122998468,0.021850327282542683,-0.10699970115585204,-0.013852872277867218
#26,0.4576769205556573,0.4670394185071289,0.20802830343285164,0.08676698832579796,0.36162262732206724,0.29090646178168955,1.0,0.5815796323252966,0.43936452237957063,0.5902210482681499,0.5416694783723598,0.4237744979900321,0.4913749722846153,0.48949707421939015,0.18075443687158377,0.12081208487173802,0.04537225376688228,-0.0710882747052529,0.057376148380939525,0.10479403854125495,0.2018701859581811,0.0004685105029257806,-0.2549564747958702,-0.2225309207291797,-0.24253612640143446,-0.1946246613903001,-0.4230148554461936,-0.3639941002381113,0.07606258374866243,0.060086954006921614,-0.2892020861249554,-0.053589503822313055,-0.23574947220267417,-0.007409406842566975,0.2047005292433459,0.13826843916593562,0.07873097278590227,0.07689549130941938,-0.20054370354660522,-0.04432726326241408,,0.43838894083849883,-0.06573607241668514,0.27325730481139077,-0.36843627389548167,-0.11827865770776898,-0.2202558491511862,-0.3024900465618463,-0.1729883450782297,-0.32860324101298527,-0.2888588973614954,-0.08480811313661034,-0.3572190141999171,-0.13757820558549352,-0.01600840619667801,-0.017604812354795486,-0.10409994890729084,0.10512565914414893,-0.23278031099071655,0.1805192176067404,-0.10167449124193843,-0.22922502964341146,0.21257459053531663,0.2927457993116944,-0.13230312436736621,-0.3057445557344336,0.1975745423346476,0.31544253034232117,0.2920594217847744,0.004505798540483742,0.4765523025459593,0.15716310142384776,0.0043438442925587805,-0.05543269740583999,0.10474776589899068,0.09475673122342938,-0.2792573240916584,-0.2416685143589793,-0.07062169222908814,0.21180723588443406,0.08054717399477505,0.2101761252446184,0.01305466919880848,0.21478796525695776,0.3537986947258828,0.0529571110447013,-0.041246276498317795,,0.18639198712078123,0.05146867438520047,0.1404548215129226,-0.022613825879903213,-0.2768781390685703,-0.03713957949736342,-0.24821609323937416,-0.228812431916555,-0.360909257420493,-0.2937329490133323,-0.3027021295055575,-0.3574041047689742,-0.2558395110524134,-0.13186739031937764,-0.09559735089123036,-0.1640924296029229,-0.2110707296617277,-0.3252253381276932,-0.24698986821937088,-0.30543607145267176,-0.12868614616370874,-0.169502472694321,0.04810619571399651
#49,0.7306315251655693,0.5167092439243056,0.35908534410457615,0.08588780812277674,0.49913335197092534,0.26471229020658804,0.5815796323252966,1.0,0.565966471614626,0.4275302941204824,0.49029913335197095,0.5101153924016465,0.4802888184087995,0.295703392363086,0.07005485236135077,-0.003981375261488629,0.07516797933155313,0.22165945263320255,0.23751554471576067,-0.03874755381604697,0.24154897669979658,0.0003991015395293687,-0.06875921837795108,-0.31517646264930155,-0.053500814591306525,-0.20201285993849594,-0.20101799812981405,-0.2962201035350371,0.04086838325315956,-0.2553112317198963,-0.14080957843694872,-0.3245543848148612,-0.3053319580075771,-0.09879787531450937,0.10299711759999229,-0.01141199039842673,0.042619031552157946,-0.03991208197969788,-0.3076301659067028,-0.14962837284181504,,0.13465146096227815,-0.059315743302517036,0.260316389191482,-0.09744825658180135,-0.1852737315993946,-0.3682396151658585,-0.40122044093972026,-0.33689375608533445,-0.49973875237388293,-0.22314017718565934,-0.0454416627302787,-0.37314837129939366,0.04950979919601284,-0.0021960224807920335,-0.08664745066661525,-0.1412453124849373,0.09627987236462843,-0.3829658835664639,-0.0018181292356337906,-0.11610384352134807,-0.17193178641319543,0.06583632980825774,-0.013567524317237524,-0.005701175132310836,-0.30724070450097846,0.10531074971320602,0.23530216999411951,0.36506222706371166,-0.06996230707682223,0.6405155543558945,0.36951211282812607,0.2804604127905295,-0.03593263474497026,0.03801875970038464,0.12919128917509376,-0.21153731213789248,-0.0359056423703161,0.15945359721592936,0.2722470187886208,-0.10095340923332016,0.050369699131423945,0.2751352028766159,0.363604638832387,0.22002062988634283,0.09872075424406891,-0.2850028438394725,,-0.1148621942872567,-0.10428889552986996,0.06282089595403584,-0.09957294207243597,-0.3256302237475056,-0.14023117040864527,-0.10880819025768078,-0.08988267957159245,-0.16566569943990822,-0.26112230437758477,-0.19147040960928538,-0.23412221761638052,0.06953042908235567,-0.1775423442877387,-0.13930957361688182,-0.23325074952040334,-0.12906018335534497,-0.2191067452016234,0.0048258509828116415,-0.24856313805635621,-0.09101635930706718,-0.24834334300560093,0.05227458957130325
#50,0.38274608851570857,0.6658228336209306,-0.06769880365939479,-0.049370981269220016,0.39768058380650323,0.025224374114312706,0.43936452237957063,0.565966471614626,1.0,0.2413831663983496,0.39078981616264835,0.43818457000183164,0.29818669083126875,0.39195820037982126,0.17044720580721662,0.3568256967406708,-0.2189910635959627,-0.051622916526081385,0.31994640085604387,0.2654410843222504,0.3437035466052269,0.3513732370605304,-0.10506781834131858,-0.16437777756355257,-0.19793701136571776,-0.06396999990359867,-0.4466987361784582,-0.4425072060000193,0.011809163911195087,-0.07605872769514041,-0.30417899800449233,-0.2012455052876134,-0.4061986060366518,-0.09967705551753059,0.32530245919813366,0.0433863862030405,0.05721419413301457,0.016359307067182093,-0.3319965681123654,-0.25792177995430576,,0.20969411855436554,0.06629905623090049,0.15420936442597824,0.0165289734221511,-0.27468790066806126,-0.3397163872634552,-0.3400981365621355,-0.32329731136668177,-0.4423761001802705,-0.32593870802926744,-0.3152612958267861,-0.4497488745143783,-0.06144428484667367,-0.006302719481746407,0.09111276064511775,-0.09302150713851909,0.1485949504979129,-0.17762717746522322,-0.12691621759710026,-0.08785439541900841,-0.12430566936269076,0.3305042753993425,0.11131462504699566,-0.08092506723993328,-0.2822843261064464,0.24411710834546382,0.3154001137535789,0.34693106340316004,0.10024003933174593,0.30827798289840264,0.23030086857605583,-0.0032872856275245103,-0.3437382510869251,0.05038512334551203,-0.24596030192899077,-0.22974174081536253,-0.13316688035629934,0.033291238082384586,0.2508112172596956,0.011188339294149403,-0.06681191134932953,0.21384323214406217,0.3422575265344683,0.2342726037037394,0.10361023010999393,-0.34246960947817956,,0.13987255743109714,-0.03370383580924103,0.09011789883643585,0.07768212622791204,0.028513587768598227,0.19608224962162474,-0.14969392575168944,-0.16711943161771087,0.011519959897043372,-0.42593774401588697,-0.419544407276373,-0.4245187163197825,-0.39921529310826837,-0.2118265161520442,-0.2558626473735455,-0.3607511592260901,-0.44763961323783175,-0.47288133959299355,-0.3655558019145306,-0.13184039794472346,0.008103496476531094,0.04098792091234226,0.04866146742116781
#51,0.5367337298641706,0.4921808874707181,0.48886853749530046,0.4418054042590111,0.3364464538767798,0.382641975070614,0.5902210482681499,0.4275302941204824,0.2413831663983496,1.0,0.6599423519998457,0.436399217221135,0.5740718961179181,0.30539751091745154,0.11958971590525677,0.0603877261816394,0.4230187114997156,-0.016012262250200034,0.2196812971764048,0.02872952676583151,0.1331553121957333,0.031166552591749972,0.023820770632296377,-0.02348143792235836,0.04435425563706824,-0.06624892753511419,-0.23802068772714566,-0.2964090501576162,0.13937512652675618,-0.11128763267234149,-0.24153740853923053,-0.26809404914540214,-0.07711528636017467,-0.07481707846104904,0.1687929588462688,-0.2553999209509028,0.08120270309351894,-0.16483279187915129,-0.0652579217799543,-0.034579159958740224,,0.25561585994813607,-0.03272439821464722,0.0026587489034347795,-0.17669401251289368,0.07418854173695931,-0.3375415730770343,-0.3559040999489073,-0.3182921538950961,-0.32870349840455787,-0.29259926927785757,0.09840455785526303,-0.1626965382279506,0.07830295084495772,-0.049031648559282,-0.06348413715982378,-0.2843897313294709,-0.16373381662537476,-0.14885716213741046,0.10236858087590256,0.030437758476087647,-0.09443282272757945,0.07589677344721545,0.09959993444709013,-0.10583131693867912,-0.431849074065148,0.1015009688334474,0.13125427780937599,0.17426469879401926,-0.20083290756075695,0.45200080977123963,0.0658131934871256,-0.043448083059392864,0.012738472810002602,-0.11257555454869714,0.05931188724899501,-0.3251752094319069,-0.11412568806455034,0.04757406032795735,0.06418208284730992,0.22048335630898558,0.17276083792043034,0.016721776098252244,0.28214550817965356,0.34422411383069995,0.0524172635516181,0.021387600859899936,,0.056566377141314725,0.09054592077738038,0.0773543616785401,0.07667569625866406,-0.07635178776281415,-0.042842682656435274,-0.20853344644423666,0.023500718189968475,-0.17549477986754455,-0.08290322269673103,-0.20223651104277326,-0.10254981539143763,0.044828550220277055,0.011708906519622492,-0.17036622868325413,0.05517819787338648,-0.08145334657245043,-0.08984411903637222,-0.1197478140996597,-0.09030684545901498,-0.10495599278917991,-0.19056038097808797,0.12253188474256023
#52,0.583303288249641,0.3906162937541573,0.27225087484214283,0.08178882322886642,0.46214608658768186,0.22650651191038532,0.5416694783723598,0.49029913335197095,0.39078981616264835,0.6599423519998457,1.0,0.4555059624227584,0.4759237658218696,0.33294901333230503,0.11539047361977384,0.03393134296704038,0.06971551965141276,-0.01747756258856873,0.125019039264265,0.05650853633848438,0.19091128184859205,0.11542903415499407,0.0054081150646370976,0.0034299596078393568,0.0372205566213259,0.025039283545255607,-0.4656589513462447,-0.4832155630320149,0.0454416627302787,-0.20270309351893803,-0.2916391119508739,-0.40362661833746255,-0.07941349425930032,-0.07902788890709803,0.05596097673835713,-0.23837158859764973,0.08200861827962172,-0.12819642736641185,-0.36452237957062844,-0.12563600782778864,,0.20370181138114196,0.08233638282899367,0.030545727974704288,-0.252399911310769,-0.05746869366546808,-0.4669275929549902,-0.5121745249824068,-0.42510483645513,-0.4570483838315676,-0.5163660551608457,-0.07740834642784841,-0.3834980189525031,-0.056300309448295144,-0.1092516364127134,-0.004301427703816529,-0.18213876008599,0.04535297349927217,0.004482662219351605,0.08721814658787463,0.10700355720937407,0.009391418352886738,0.1245331765204901,-0.054295161616843245,-0.26293850558645754,-0.46201498076793307,0.0767990899713688,0.3905276045231508,0.26061330531267773,-0.14074788158059634,0.5275254740535799,0.061313179026924895,0.1141873849209027,0.04102262539404047,0.08397906162937542,0.24981249939749164,-0.33138345560236376,-0.009719182902258683,0.21888309409734608,0.17448063779125253,0.1315280576094396,0.1406244878678916,0.1173724851300936,0.21628797007702466,0.3863977712010643,0.10243027773225492,0.09493796573896446,,-0.0191742261382588,0.06242372244126748,0.04553806406832927,0.12122468259859447,-0.14007307221424234,0.05608822650458389,0.08340065360107199,0.06228490451447466,-0.0752142519738174,-0.2853961612987188,-0.3571496052365207,-0.26350920150771695,-0.09270531074971321,-0.04765118139839781,-0.39289522138567284,-0.13597794337385402,-0.1431502029248166,-0.21845507215640153,-0.14113734298632066,-0.03582852129987564,-0.1316938679108866,-0.07778623967300666,0.3527344239538045
#53,0.4260996982638119,0.32384487096680903,0.2087918020302122,0.21007201179952378,0.6285078036883152,0.20230592000616968,0.4237744979900321,0.5101153924016465,0.43818457000183164,0.436399217221135,0.4555059624227584,1.0,0.593263474497026,0.5055768174062256,-0.34145546740188754,-0.05744941339785796,0.08051246951307685,0.21298718826217308,0.047901824877329295,0.28664937869337626,-0.09705879517607705,-0.04003547569240261,-0.24697058795176077,-0.3464876172481274,-0.23003865693655828,-0.2058612013534748,-0.16630580432456402,-0.05988643922377643,0.03300974617527691,-0.18012975620101607,-0.1166321228538652,-0.18536242083040114,-0.04986455612003895,-0.04072956532636673,0.13672216170360443,-0.0056780388111787,-0.1940848138972169,-0.20974039119662982,-0.4753029412048239,-0.29483578032063085,,0.1825976304551107,0.014169068666673093,0.05239027117696394,-0.120133419451862,-0.3238795754485072,-0.07009726895009302,-0.08855619716001659,-0.11331591682492553,-0.32310836474410265,-0.18044209653629992,-0.18661563822505856,-0.4768993473629414,-0.257794530188079,-0.42996731994640086,-0.303619870243799,-0.4506858955202298,-0.11282619802762862,-0.056211620217288615,0.10483259907647519,0.2367674703324882,-0.013424850336922676,0.3662653157625828,-0.03912544706120521,-0.01693000298844148,-0.33845545776175373,0.46938775510204084,0.3401097047227016,0.12511929665583757,-0.08801249361341136,0.6285309400094473,0.23111063981568064,0.05916921326868017,0.03345319233030954,-0.20652444255926272,-0.036302815883084455,-0.31880886506704714,-0.10436601660031042,0.1465512421312408,-0.010455689124965055,0.2577251212246826,0.27159534574339894,0.05016918434827875,0.7245389606007732,0.6308947008184473,0.4103901362150907,-0.14316177108538267,,0.016270617836175567,0.2472289435377363,0.3068512430952542,0.2396479423134393,-0.11106012551454214,-0.10053309939941966,-0.24486132667521426,0.028093277934697732,-0.3847975089894248,0.0032255887711721437,-0.07147773611097721,0.008805298217539259,-0.015310460509191867,0.03411257748257546,0.04340566647065061,0.08423356116182892,0.024634397925443204,0.01347112297918695,0.00981944029383128,0.06493786933762641,0.06026047641541265,0.09911021564979322,0.178772425361264
#54,0.44469358834700623,0.3596097673835713,0.4550239557325056,0.2984257661496342,0.5884511197015414,0.5956310913595481,0.4913749722846153,0.4802888184087995,0.29818669083126875,0.5740718961179181,0.4759237658218696,0.593263474497026,1.0,0.3780301350582746,0.015946709340325643,0.16884694359557711,0.35239894729738847,0.3016532829475673,0.22426614481409002,0.1869279785603424,-0.10384930542835935,0.06948030038656937,-0.16211813019964716,-0.05860622945446483,-0.09072329923939344,-0.13365659915359626,-0.13316302430277732,-0.0829147908572971,0.21835867081835095,0.026651113917461174,-0.06759469021430017,-0.1813636933280634,-0.15427491733585263,-0.06356511428378626,0.08805876625567563,-0.0073631342003027,-0.14991372080244475,-0.16956031349715134,-0.09138654044518138,-0.034710265778489006,,0.2658999546913711,0.09590969122651423,0.06765253101713052,-0.009869568989617576,0.06655355576335399,-0.25227266154454225,-0.2777727434856796,-0.26165829581714595,-0.3648347199059123,-0.13643295768945274,0.20987920912342264,-0.21948463844678165,0.07272709745211263,-0.36408664552263986,-0.13276199473648695,-0.2585156121966973,-0.24098213683205924,-0.011331013274464249,0.14867978367539741,-0.14545226687746426,-0.16480965555801916,0.0359056423703161,0.17912718228529012,0.20267224509076187,-0.07247259791965913,0.05286456576017275,0.08617315608340644,0.09938399544985685,-0.07763585358564777,0.3775172799398456,0.08390965266597901,-0.15180318702823595,-0.09589812306594815,-0.16477880712984297,0.016509693154540987,-0.31490268284923795,0.024337481804247444,0.05283371733199657,0.33198885600532135,0.11690975870745086,0.40798010276382635,0.25829581714594196,0.4472617199926735,0.33953900880144217,0.22145508179653534,-0.12793035967339228,,0.2446183953033268,-0.05330415586168336,0.2918434827875411,0.1338648260437855,-0.10929790905497769,-0.15263609458899288,-0.24688961082779828,0.013066237359374549,-0.055968688845401175,-0.029099707903945705,-0.011450550933646959,-0.13861162792939566,0.16896648125475983,0.029346495329355172,-0.03923727261334387,-0.0778749289040132,-0.0925356443947442,-0.11275293301071018,-0.009144630927477273,-0.12710130816615733,0.06166022384390695,-0.022309197651663407,0.056319589715905255
#58,0.19349483770834738,0.299243249496303,-0.1508314615406862,-0.16302430277732255,0.41256109434798954,0.0659982840561827,0.48949707421939015,0.295703392363086,0.39195820037982126,0.30539751091745154,0.33294901333230503,0.5055768174062256,0.3780301350582746,1.0,0.120303085806831,-0.017820751352028767,-0.1978945947769755,-0.09740969604658113,0.014867014354159236,0.22179055845295131,0.224431955115537,-0.07532993357947808,-0.12646120328150154,-0.12667328622521282,-0.21326482411575873,-0.15663482209133062,-0.3900918704751622,-0.21927255550307037,0.07878110148168857,0.07683765050658903,-0.10996115026076562,0.01115749086597322,-0.14831731464432726,-0.10500997753848823,0.1699112143676554,0.1624613189631072,-0.01060993126584597,-0.0948762688826121,-0.11218994919649485,-0.16966442694224595,,0.17126468915388546,0.016313034424917817,0.05502395573250557,-0.1271090202732014,-0.12777611753251136,-0.17990224904321672,-0.2110167449124194,-0.16145874504738125,-0.29972911224007787,-0.2518793440852959,-0.30551704857663425,-0.34184492880761186,-0.43785294939893765,-0.05269104335168172,-0.3712858974482566,0.058972554539057004,0.05431829793797538,-0.04574243490499648,0.15108210501961766,-0.15660782971667647,-0.321993965276238,0.40703536965093073,0.13233782884906442,-0.32230244955799986,-0.22866975793624014,0.3645185235171064,0.3889350544185553,0.3137188744179769,-0.0029093923823662673,0.42068194306536977,0.041755275563224815,0.19321334580123972,0.05835558597553334,0.2724051169830237,0.009422266781062921,-0.24685105029257806,-0.37693887191154213,0.19029816933859042,0.14941243384458175,0.2010796949861664,0.11598044980864335,-0.1813482691139753,0.24929578822554058,0.38220238496910336,-0.023269354978647103,-0.2854964186902914,,0.02355855899279882,0.11195858598517347,0.141700326800536,0.19931747852660195,0.029435184560361698,0.1754485072252803,-0.16094203387543018,-0.016779616901082588,-0.2810156844977008,-0.39146848158252434,-0.37141700326800536,-0.3484040758485728,-0.4424262288760568,-0.12398561692036285,-0.12044961584066786,-0.21012985260235412,-0.14479673777872037,-0.28564294872412826,-0.24226620265489285,-0.24130604532790914,-0.2054755960012725,-0.0546923351296116,-0.01946728620593254
#101,0.07903174496062006,0.18230071433391495,0.129738848775221,-0.0948261401868258,-0.20413368937560852,0.18317218242989214,0.18075443687158377,0.07005485236135077,0.17044720580721662,0.11958971590525677,0.11539047361977384,-0.34145546740188754,0.015946709340325643,0.120303085806831,1.0,0.3842615175498636,-0.048684603742299944,-0.09499195048827277,0.22587026307925154,-0.11675551656656995,0.48018084891018287,0.2964283304252263,0.4760047429458321,0.3897101211764819,0.37063422440303473,0.2541351353956793,-0.3318731743996607,-0.5161963888058766,0.2745799311694446,0.08476184049434606,-0.1156681094733595,-0.08262558684314539,-0.08080552958075059,0.24414024466659598,0.03790307809472396,-0.022910742001098976,0.571526900793383,0.3695198249351701,0.40523073660262404,0.32957882255405707,,-0.03708173869453308,0.26170842451293225,0.13117715673893554,0.17834440342031949,0.33226263580538495,-0.6093470737373835,-0.6133188088650671,-0.6226388902277964,-0.47931709292124974,-0.4843261064463575,0.04764346929135376,0.0539673970674713,0.3023319483674433,0.5018133091687312,0.353332112249718,0.17888039485988066,0.03182593774401589,-0.21724041529696433,-0.23033171700423202,-0.5921914916179036,-0.5156025565634851,-0.09691997724928422,0.17394464635169135,-0.16665670519506812,-0.22317488166735755,-0.18999739716387262,0.1051063788765388,0.4789006391408713,0.1084765696547868,0.04405733951587248,0.034266819623456374,-0.034617720493960454,-0.25752075038801536,0.11524008753241495,-0.09162947181706882,-0.28083830603568777,-0.18334184878486112,0.18626473735455448,0.5267388391350872,-0.151641232780311,0.0302102513182883,0.077169271109483,-0.3850751448430104,-0.3658295817145942,-0.43040305399438944,-0.31391553314760007,,0.016216633086867247,-0.12810002602836126,0.02277192407430615,-0.1475152555117465,0.12140977316765157,0.24351170794250623,0.03933367395139444,0.1477543308301119,0.286267629394696,-0.44743909845468655,-0.3501932846827914,-0.5532684873666046,-0.21259387080292674,-0.2672495734240791,-0.33084360810928054,-0.4678646139608418,-0.2556698446974444,-0.3539336565991536,-0.26564545515891763,-0.508337751727994,-0.3541958682386512,-0.3249708385952397,-0.20447302208554655
#102,0.014392719770950422,0.17413744902779252,-0.07077979042349108,0.0721833939055074,-0.07648289358256292,0.051962249236019394,0.12081208487173802,-0.003981375261488629,0.3568256967406708,0.0603877261816394,0.03393134296704038,-0.05744941339785796,0.16884694359557711,-0.017820751352028767,0.3842615175498636,1.0,-0.04565760172751198,-0.38595432504603167,0.36029228885696934,0.5228827856130643,0.017890160315425178,0.5958393182497373,0.037390222976294914,0.30801191520538307,-0.044038059248262366,0.17842538054428195,-0.33526264544551876,-0.3751111025421033,0.004309139810860575,-0.08714102551743418,-0.4656165347575024,-0.2789719761310287,-0.2898653273307433,-0.16479037529040902,-0.15840089460441711,-0.061995700500322944,-0.045329837178140035,0.02126035109367318,0.06143657273962962,-0.05210877926985626,,0.10709610249390261,0.1902094801075839,0.12113984942110996,0.21362729314682888,0.29859157645108114,-0.4444005282793325,-0.4291845410814302,-0.42602257719337144,-0.339508160373266,-0.3985019232066941,0.020867033634426845,-0.10761666971937571,0.23062863312542778,-0.0782142616139512,0.3615532183586708,-0.10305110234930061,0.00010604147185562935,0.1932249139618058,-0.33382048142828225,-0.2531749780686956,-0.23232529667511784,-0.18083927004906827,0.37385788514744583,-0.03229637627370268,-0.19633674915407826,-0.3005581637473128,-0.1877493179605333,0.0727540898267668,0.19033287382028863,-0.07676824154319262,0.24472250874842144,-0.4022962798723646,-0.6065938515226591,-0.014963415692209808,-0.42883749626444817,-0.4332256851725102,-0.2644963512093548,-0.24558240868383252,0.36708665516277367,0.039807968534603264,-0.08888781776291055,-0.04476685336392469,-0.0570175354033914,0.013112510001638824,0.1383648405039862,-0.25347189418989136,,0.3932461222561769,-0.08107545332729219,0.08126054389634928,0.2741172047468019,0.43749819247491156,0.48577212651711604,-0.25063383879768253,0.11706014479480975,0.18308734925240763,-0.2033393423500718,-0.3496572932432302,-0.46200726866088904,-0.3107612813665854,-0.3410775741567293,-0.35983727454137066,-0.2940877059373584,-0.5369920854501461,-0.43035292529860314,-0.549111661669864,-0.27875603713379543,0.04846480869154464,0.24125977268564489,-0.26671743803804
#201,0.2940028727598739,-0.022748787753174016,0.5783405473667974,0.5427645975726143,0.13574272410901064,0.5761271726451563,0.04537225376688228,0.07516797933155313,-0.2189910635959627,0.4230187114997156,0.06971551965141276,0.08051246951307685,0.35239894729738847,-0.1978945947769755,-0.048684603742299944,-0.04565760172751198,1.0,0.3409079078017603,0.099746464480927,-0.24064666017564323,-0.21918772232558587,-0.054696191183133624,0.23945128358381615,0.19805654902490047,0.3009900417417794,0.077674414120868,0.438080456556737,0.26092178959443957,0.21694349917576855,0.08241735995295614,0.02359711952801905,0.09106648800285348,0.13948309602537284,0.10056780388111787,-0.02926551820539269,-0.40790683774690795,0.003588057802242295,-0.13089566483182788,0.32777804555927237,0.22539596849604274,,-0.05959723520962471,-0.1515602556563485,-0.2023252002737798,0.1634021960224808,0.3320659770757618,0.023782210097076147,0.033642138952888666,0.04846480869154464,0.09104335168172134,0.25122767104007404,0.4068579911889177,0.44335939382838635,0.43811516103843523,0.02045829196109242,-0.01675648057995045,-0.31231527093596056,-0.5551965141276161,-0.23229059219341963,-0.08570271755371965,-0.024545708694436678,-0.015726914289570338,-0.4095842210289879,-0.21328796043689086,0.26608890131395024,0.07168210694764443,-0.17919273519516452,-0.4057975764703614,-0.1119470178246074,-0.3353474786230033,0.07205614413928066,0.070768222262925,-0.12198046908891096,0.17318114775433083,-0.31613276392276324,0.08228625413320736,-0.16063354959366835,0.14599597042406948,-0.015680641647306065,-0.022189659992480695,-0.05091340267802917,0.10131202221086828,0.09985057792602162,-0.05801625326559533,-0.18544725400788564,0.002670317064000848,0.032782239017477566,,0.05060106234274532,-0.058991834806667115,0.22395766053232818,-0.21455274599211438,0.055390280817097744,-0.3235903714343555,-0.176917663617171,0.18063489921240106,0.08667829909479144,0.3822910742001099,0.3052702611512248,0.21941908553690725,0.459304175141951,0.23851040652444255,0.2514050495020871,0.3169001185736458,0.23655153133525494,0.37824607405550786,0.3136803138827567,0.04458947490191164,0.03804960812856083,-0.15858984122699624,-0.07436592019897237
