,#10,#11,#12,#13,#17,#18,#26,#49,#50,#51,#52,#53,#54,#58,#101,#102,#201,#202,#301,#302,#401,#402,#501,#502,#601,#602,#701,#702,#801,#802,#901,#902,#1001,#1002,#1101,#1102,#1201,#1202,#1301,#1302,#1401,#1402,#1501,#1502,#1601,#1602,#1701,#1702,#1801,#1802,#1901,#1902,#2001,#2002,#2101,#2102,#2201,#2202,#2301,#2302,#2401,#2402,#2501,#2502,#2601,#2602,#2701,#2702,#2801,#2802,#2901,#2902,#3001,#3002,#3101,#3102,#3201,#3202,#3301,#3302,#3401,#3402,#3455,#3501,#3502,#3601,#3602,#3701,#3702,#3801,#3802,#3901,#3902,#4001,#4002,#4101,#4102,#4201,#4202,#4301,#4302,#4401,#4402,#4501,#4502,#4601,#4602,#4701,#4702,#4801,#4802
#10,1.0,0.20847600106616365,0.5441637791400981,0.5460500686855432,-0.04229115835947485,0.2587838899937807,-0.18679734005836562,0.45894928204812774,-0.18978396517198723,0.5235205270675716,0.09863380695603442,-0.01598220326820167,0.34519782119888737,0.08156151969327292,-0.1945987875805603,-0.1833596457056158,0.5725162145722702,0.26180810421066303,0.044238957346619374,-0.0936002843103083,-0.027327278070517158,0.024593525106103787,0.48831320607713286,0.4785707939502047,0.5000239203384386,0.3844442621942468,0.5331980125615948,0.5217777595527581,-0.2713557364388767,-0.2494139517082539,0.17600243304013832,-0.07501418134350289,0.20139899807953854,-0.04944675674382684,-0.2719947511943083,-0.17414348102433724,-0.3524969416138711,-0.386422815902241,0.0625004271489007,0.10961324229935962,-0.42844401615648003,-0.5302797312720836,-0.4000676603858692,-0.5917344979120962,-0.06544262877685059,-0.31802089954141294,0.29465756326929515,0.17127645760290872,0.3660392703613338,0.14327257567369925,0.3603769845337926,0.29810209200445603,0.4884293905781204,0.1573274831019895,0.1082190282875088,0.10045858705978035,0.04172390461935907,-0.12689739541686315,-0.03859375747510576,0.0374148265092025,0.3255250514287276,0.37533403044033925,-0.08215269377182731,0.03984444945632488,0.3460179470882114,0.11931123094061605,-0.3340885325897525,-0.03821103206008789,0.20799759429739131,0.026250862840779394,0.30808712470697586,0.3346181972266076,0.01739692042728559,0.16719633130352177,0.03663570691434469,0.1489656162220901,-0.05046507972307082,0.13944190433231501,0.046378119041272835,-0.07712942269971775,-0.20939522550044765,-0.036799732092209485,0.16206029292163013,-0.0583519570254034,-0.004814822408573049,0.07733103698084323,0.1853997088553093,-0.21406310868718348,-0.4527504972013204,-0.10127871294910436,-0.3281494542745645,0.06352900170176122,-0.05000375891032607,0.028584804434147307,-0.023482937964310856,0.40657399244117304,0.23063990322514505,0.31286777520349374,0.17328576603175255,0.2986215050676946,0.35106172130755403,0.2880213779481817,0.20339122055235478,0.3170333312830186,0.05615812027146167,0.42091936112193223,0.16740477996705827,0.43286244438521315,0.20475467984335596,-0.10996179580232232,-0.24742514642664315
#11,0.20847600106616365,1.0,0.19100048524115118,0.18113847142202996,0.18611048462605675,0.1545253863134658,-0.07229751433511711,0.26116225507282037,0.2299906368960969,0.36183954236975374,0.42470902616885026,-0.0038921807830835367,0.05364306754420137,0.43529548452354105,0.21407336026080004,0.17386668853669038,0.3033611492697462,0.018203377551787532,0.010911091519214867,-0.2203814952261839,-0.1644079032798201,-0.0014864781743997703,0.14181001783773808,0.022867843547317846,0.152013750777411,0.04208954407834936,-0.06534694742309612,0.018182874404554433,-0.12244479527607488,-0.1573924097348943,0.02313438446134815,-0.04121474312973708,-0.01354916312987377,-0.11162596791940896,-0.19476281275842508,-0.11637928088628272,0.015736165501404466,0.010354089352715642,-0.064096255441877,-0.1460678380798119,-0.18312385951243515,-0.08494453898673446,0.09735919463637668,-0.09173449791209617,-0.2664657358237823,-0.17328234884054702,0.033737928772066515,-0.1323819873017175,-0.04946725989105995,-0.26423430996657987,-0.22242155837587738,-0.04891709210697175,0.1343058659504234,-0.02976715259125609,0.21537189291889638,-0.09093829236121077,0.19082620848966983,-0.0424859382581893,-0.029473274147581652,-0.10894005563187283,0.05452470287522468,0.093029613378987,0.16674867925559908,0.25978854420820263,0.029814993268133326,-0.036225643969682676,0.12505552935708963,0.2160929202632604,0.2095284959574628,-0.17507295703223777,0.23519843629330436,-0.0581059192586062,0.3456898967324818,0.2357588556510091,-0.006865137131883078,0.27342997150062537,0.04994224946862677,0.09469378549607364,0.3590955378317238,0.10483942618525277,-0.08815669871992017,0.11432896616297268,-0.002207505518763797,-0.13307567711643736,0.09394542062206548,0.06398007094088942,0.10813018131616536,-0.03239155543709293,-0.20678107422822736,-0.17028205496210336,-0.09239743300596641,-0.10205441535275665,-0.20705786671587423,0.15763161311928048,0.06316336224277093,0.05288786828778218,-0.011058030741052084,0.08433969614335801,0.17433826092305169,-0.10763127140015992,-0.02744004538029921,0.07031554343591741,0.06498472515531134,0.17281419364539125,-0.03660153500228952,0.10969867207949753,-0.03317750941436177,0.005211216588412988,0.09148504295409346,0.014734928478188069,0.055853990254170684
#12,0.5441637791400981,0.19100048524115118,1.0,0.7117940937267204,-0.09690812539724848,0.28133051756778,-0.12298471148654652,0.07338418113847142,-0.09913613406324537,0.6896985353918493,0.15118679050567596,0.07179177003670063,0.3295402510952098,-0.08291472741065753,-0.2755144581359905,-0.14718525960401588,0.6847231049966169,0.6367184029415182,0.1143733896486444,-0.007883460111127057,-0.22360390653298615,-0.08405606927330012,0.3846014529897006,0.2660249181582706,0.43797797961987167,0.4641194923420745,0.3474292470560898,0.5126367730780008,0.014581154873939817,0.040760256699403356,0.31978417020345956,0.1351294090309529,0.2706449606681292,0.21136352763482527,-0.11143460521190003,-0.1733985333415346,-0.2906321120291965,-0.341134780855528,0.2356358367676105,0.03147233100280893,-0.10754925881122752,-0.25874288369931453,-0.5078868773023326,-0.5998434926427874,-0.2392956485487189,-0.33906738017619037,0.483440291418066,0.41266684436060935,0.23302851987780124,0.10397145961905152,0.35905111434605214,0.4376943527498138,0.33012117360014764,0.13937697769941018,0.04438931375966211,0.17105434017455012,-0.1905152440899678,-0.2962465571798604,-0.18949692111072383,-0.10677013921636971,0.08327011529603127,0.2513036584449046,-0.16866914071309946,-0.08118221146946056,0.4838195996418784,0.34153800941777895,-0.24591133072259924,0.011245976257355505,0.3817617670979162,0.2654269096973052,0.5985893834703627,0.6284863893274284,-0.12410213301075049,0.2020619331734088,-0.09829550502668827,0.10009294760079006,-0.0702711199502457,0.11779058085416111,-0.0182170463166096,-0.025892057764200137,-0.08076873133359304,0.03900382041976777,0.021456543579439442,-0.06265420075314894,-0.11053588392484913,0.02922723638078445,0.23826707399585836,0.027576733028519877,-0.20361333798071338,-0.11103479384085457,-0.22937895967030938,0.11953676556018016,0.005880986064694264,0.056954325822347066,0.021880275288923515,0.6824199181240987,0.40866189626774374,0.6665094758712129,0.5561649546538727,0.4354765956574334,0.48911624601042925,0.4601760536909082,0.37763721731285754,0.4654795344418702,0.3304287208086441,0.5157498342662266,0.3331214674785913,0.23075608772613262,0.3233312146747859,-0.34144574525523,-0.3755322275302592
#13,0.5460500686855432,0.18113847142202996,0.7117940937267204,1.0,-0.1907373615183264,0.22171078260512989,-0.07185327947839994,0.18186975034001052,-0.1354130359010108,0.6998817651842891,0.21137377920844183,-0.0747100513262119,0.26314422597202003,-0.048510446353515264,-0.24533724260007245,-0.1851605054709231,0.6562784054018959,0.47019867549668876,0.08111728483655574,-0.15728305961631778,-0.2379082689192791,-0.16232683383566043,0.5122369617069553,0.36380101012172034,0.3372733547932941,0.33487448656702135,0.41059944368127177,0.5394241349380463,-0.08424401478960354,-0.046808685133167945,0.21430572926277516,-0.0798392553256925,0.2068665040083653,0.14134869702499334,-0.3241274202256713,-0.24073770323744695,-0.3706148893855207,-0.3719100048524115,0.15171987233373657,0.07062650783561944,-0.10806183749205503,-0.37314361087760306,-0.3600762717077071,-0.5018487004421845,-0.12659326539957216,-0.2703955057101265,0.2925389047218748,0.31902213656462935,0.24053608895632148,0.1899992482179348,0.39044484995113415,0.4759532254867789,0.3965069471497208,0.20810352722476233,-0.00704966545698098,0.07492875156336498,-0.14975498739056445,-0.24451711671074844,-0.08537510507862957,-0.018295641714336484,0.09923523260820535,0.16735693929018106,-0.11807079053301349,-0.026852288492950335,0.5555908665313459,0.28979148299263935,-0.28415653469474234,-0.08642076558751768,0.17356939290181042,0.03588050765792549,0.42824923625776556,0.4778019259289634,-0.13811261695336902,0.21184535159480314,-0.09404451916702547,0.12091731080720891,-0.05465797333223983,0.0597427538460487,0.03737382021473629,-0.10538617677813544,-0.06719906505648617,-0.04314203896964851,-0.12090022485118132,0.002241677430818964,-0.10711185833692138,0.018094027433210997,0.12358955432992298,-0.040579145565510975,-0.1350644823980481,-0.11768806511799561,-0.16630102720767637,0.11829290796137207,0.02585788585214497,0.1310356139667439,0.09477921527621157,0.48894538645015345,0.21842686185662832,0.635857270757728,0.342570001161845,0.36262207915581707,0.5120319302346243,0.4466063874138014,0.2918417977159494,0.4793704166922956,0.2570582084349948,0.48369316356727426,0.3285936891312817,0.25222288287918865,0.249130324838196,-0.23054080468018506,-0.29060135730834685
#17,-0.04229115835947485,0.18611048462605675,-0.09690812539724848,-0.1907373615183264,1.0,0.4073667808008529,-0.05370457698590067,0.18089585084643825,0.41671621593914665,-0.14339559455709786,0.022051134849199353,0.48864125643286244,0.180431112842488,0.1674287003054969,-0.12366473253644435,-0.2775989447713557,-0.031198955706367593,-0.1327544611431188,-0.5521634237522126,-0.29477374777028276,-0.3898980993582515,-0.23469269199488788,-0.25678825032975894,-0.33429698125328905,-0.3010237904851728,-0.1977289347248136,-0.37661889433361356,-0.21022560296338821,0.1165808951674082,0.2992024275726324,0.2158878887909294,0.2523664049098203,0.2104067140972806,0.16269247329465072,0.28353460589533824,0.08298990561717891,0.19020086249906026,-0.03515264593115043,-0.20955925067831246,-0.015295347835892809,0.16362194930255128,0.007951803935237393,0.12271133619010519,0.0764049781641482,-0.023107046931704015,-0.11536095790703874,0.15587175964843936,0.20804885216547406,-0.03673480545930467,-0.21961946158735365,-0.050089188690463984,-0.08055003109643998,-0.3186906690176942,-0.36749157662367843,-0.1967892071432965,-0.32967352155222496,0.0461662531865308,-0.3100041689732707,0.36929927077139674,0.12089339046877029,-0.06389805835195703,-0.03289046535309837,0.053889105310998574,0.046771096029907255,-0.1645445909280408,-0.08155468531086188,0.005036939836931636,0.12761158837881614,-0.2301136557794955,0.06862745098039216,-0.17137213895666317,-0.28263588460828737,-0.03224803340646123,0.11015657570103678,-0.2076661267504562,-0.16980706538453652,0.05919942044437154,0.11388131411505,0.03933528796670289,-0.2356187508115829,0.26838278009007716,0.44510965766578503,0.06858644468592595,0.4349674341678114,0.5824363206418852,0.4255838271174625,0.3055447344500714,0.29601077098667977,0.13118938757099216,0.3776884751809403,0.13708404240050848,0.22875703087090535,0.13989297357144323,0.42248101750285333,0.26077269527539143,-0.22584900115501064,-0.25592370095476324,0.03592493114359721,0.2215467574272651,-0.05540975539745351,0.017468681442601438,-0.0033932708670780967,-0.14801563706695645,0.03215918643511779,-0.048175561615374625,0.06745877158810544,0.12535965937438062,-0.09500474989577566,-0.08441145715867386,0.17104067140972806,0.23341124529281912
#18,0.2587838899937807,0.1545253863134658,0.28133051756778,0.22171078260512989,0.4073667808008529,1.0,-0.10156575701036775,0.03209425980221297,0.14386033256104813,0.1412393469064168,-0.13020865369500886,0.4457794271420663,0.591170661363186,-0.0423629193747907,-0.12595766783534607,-0.2877753401813845,0.3370307342177024,0.32325945365947006,-0.3151504589287789,-0.4479049200718977,-0.4709197028410528,-0.3617541125896158,0.09882858685474886,0.009410944579993029,0.12442676617527457,-0.05955480832974528,-0.06973462093097957,0.20616597981123436,0.36540367279710767,0.45498875744093387,0.5929988586581374,0.2908029715894723,0.37868287782174564,0.30622475549996925,0.22005002767924878,0.11334823228698938,0.12481632597270348,-0.22543893821034863,0.007907380449565675,0.27460890246652864,0.10095749697578578,-0.24435992591529465,-0.19510111468777125,-0.3398670029182813,0.007449476828026436,-0.16512893062418416,0.4207450843704509,0.4713571033153589,0.16084035566126068,0.1365543777636534,0.2179313691318284,0.3283954920413617,0.14836419056991915,-0.03952665067421182,-0.12417731121727185,-0.12868116922614287,-0.11687135641987711,-0.47987274379950656,0.1092817747524245,0.038788537373820216,-0.00898379567930344,0.06505306897942167,0.13093651542178392,-0.0795556284556346,0.2158468824964632,-0.0013395389525625518,-0.025717781012718786,0.20534585392191035,-0.03804358969101757,0.08484202325056896,0.2464307437858378,0.05790430497748071,-0.08739466508108995,0.06911269213157553,-0.11311928047621976,-0.06480361402141896,-0.037209795036871496,-0.03586000451069239,0.12341869476964715,-0.036167551719188895,0.14443783787478046,0.22109227099693135,0.06853860400904872,0.23326772326218742,0.22274619154040146,0.2024514929708377,0.15241014495725094,0.0813325678825033,0.06152652765532843,0.18213970844524635,-0.0917413322945072,0.14674785912970975,0.14231576213615457,0.26946261251102044,0.1326348594509257,0.2760987978321339,-0.057682187549122126,0.4374722353214552,0.40131835236708835,0.2961269554876674,0.4224912690764699,0.453382677574341,0.3702595015001469,0.3085484455197206,0.18979079955439826,0.4039871786985969,0.5195394993131446,0.08965342846793649,0.10985928006615682,-0.13311668341090357,-0.20714329649601212
#26,-0.18679734005836562,-0.07229751433511711,-0.12298471148654652,-0.07185327947839994,-0.05370457698590067,-0.10156575701036775,1.0,-0.03145524504678135,0.06354608765778881,0.14486840396667555,0.4013901133824042,0.19882585310178447,-0.056961160204758096,0.2610631565278604,-0.04253719612627205,-0.04442690286292279,-0.07463487311969054,-0.18050629104900937,-0.02531796964167333,-0.07435124624963266,0.07970940205988286,-0.11829632515257758,0.008946206576042755,-0.24909273573493532,-0.2238567786821944,-0.3238164558259693,-0.05066327681299079,-0.06791325801843916,0.08596627915718397,0.02720084199591304,-0.14603708335896226,0.1254109172424634,-0.01927637559031978,0.03119212132395656,0.2160143248655335,0.10112152215365058,0.02390325248258941,0.20917652526329458,-0.13807844504131384,-0.1146604337099078,0.17428700305496894,0.3505867317299872,0.1893055584032149,0.11687819080228815,0.2089988313206077,-0.001776939426868691,0.05248805691673672,0.12344261510808575,0.06944074248730514,0.18960627122930038,0.030040527887697427,0.008867611178315872,0.006725032292456892,-0.07171659183017927,-0.039632583601582845,-0.26671177359057946,0.0721949985989516,-0.05117927268502382,0.09436915233154956,-0.043111284248798856,-0.4146009745829318,-0.40352927507705766,0.3273190768116239,0.26711500215283046,0.026185936207874575,0.048103800600058776,0.2457814774567896,0.16541255749424202,0.04206562373991074,0.05387885373738202,0.018712539041409522,0.11657406078499716,-0.00487633185027235,-0.1300753832379937,0.07944627833705807,0.08307875258852233,0.11191301198067237,-0.03445212173401951,0.12896137890499526,-0.184524907906697,0.2604309761548398,0.286548568538604,-0.11363185915704728,0.1127160519139688,0.2271919572987787,-0.08350931868041744,-0.19178643921842004,0.29159234275794665,0.2123510958932196,0.2664383982941381,0.11712081137787984,0.18660256015965118,0.08336579664978574,-0.12875293024145873,-0.030648787922279402,-0.1452306262344603,-0.34270668881006566,-0.056240132860394074,0.037004763564540494,0.011693628305278194,-0.007046248265775463,-0.11564800196830213,0.17433484373184618,0.006919812191171344,0.027679248764685378,0.00437742193426691,-0.12110525632351232,-0.33341192873106024,-0.13971869681996185,-0.058926045147930206,0.137497522536376
#49,0.45894928204812774,0.26116225507282037,0.07338418113847142,0.18186975034001052,0.18089585084643825,0.03209425980221297,-0.03145524504678135,1.0,0.13870720822312893,0.20104019300295928,0.3499887232690218,0.24535432855610004,0.06876072143740732,0.23179833104381523,-0.041139564923215716,-0.2144970919702841,0.21516002706415435,-0.1257013784949323,0.007196604678818198,-0.05413172588659026,-0.06019040589397139,-0.09842194110129238,0.22750633888968624,0.14464286934711146,0.14726727219294827,0.11027959458443538,0.07704399291957982,0.02190761281856765,-0.001742767514813524,-0.019078178500399813,-0.0568176381741264,0.04590996384611704,0.05864241827787232,-0.08684108010579623,0.007159015575557514,0.07282034458956116,-0.08068330155345513,-0.12420464874691599,0.1762416364245245,-0.13562831894695837,-0.1920222254116007,-0.17600585023134385,0.041399271454834984,-0.1628291609428714,0.049477511464676494,-0.1888954954585529,0.005190713441179888,-0.10596709928307328,-0.04966887417218543,-0.1790266472570206,0.02098155400187262,0.055809566768498964,0.15312775511040944,-0.025095852213314743,0.06128048988853122,-0.0722360048934178,-0.06822080522693567,-0.063382062479924,-0.02045188936501753,-0.12183311805028739,0.2457951462216117,0.21077918793868192,0.008153418216362878,0.010712894429294897,-0.04103363199584469,-0.15959649806245257,-0.03126729953047793,-0.06511799561232649,0.12937485904086277,-0.21841319309180626,0.105092298334461,-0.07325432787266178,0.2738742063573425,0.2517376417280052,0.047324681005200965,0.04912895796171379,-0.15005911740785544,-0.17774520055495185,-0.08104552382123989,-0.23350692664657358,-0.01947457268023975,0.2860940821082703,0.05268283681545117,0.1984704652164107,0.4175602621669093,0.23393407554726317,0.149765238964181,0.1554480279389553,-0.2540544973653456,0.0020844866353651953,-0.1951557897470595,-0.0410746382903109,-0.02953820078048647,-0.09121508484885764,-0.13337297275131732,-0.007869791346304991,-0.03190973147711507,-0.05449736534558055,0.012387318119998086,-0.16581920324769853,-0.05034547803087774,0.041617971691988054,-0.0053684073838667565,-0.07269390851495705,-0.14231576213615457,0.02972956348799541,-0.0734627765361983,0.12735188184719687,-0.07958296598527874,-0.00011618450098756825,-0.1659593080871247
#50,-0.18978396517198723,0.2299906368960969,-0.09913613406324537,-0.1354130359010108,0.41671621593914665,0.14386033256104813,0.06354608765778881,0.13870720822312893,1.0,-0.08251149884840657,0.1726433340851154,0.35970721505751135,0.024627697018158954,0.01805985552115583,-0.06893499818888867,-0.17841838722243863,0.037578851687067295,-0.10659586246488836,-0.3889071139086516,-0.35623876598391185,-0.34141157334317485,-0.2844948366240885,-0.03896623131650708,-0.36103991962766285,-0.17095865882079567,-0.12181944928546531,-0.4075034684490736,-0.3848543251389088,0.2023523944258777,0.23369487216287702,0.038969648507712604,0.03441794982196434,0.016911679276102216,0.10441569447576869,0.08614055590866532,0.05194130632385405,-0.023954510350672163,-0.14885968329471908,-0.27665921718983866,-0.26124768485295824,0.2994040418537579,0.04897860154867106,0.030987089851625557,0.08138382575058604,0.04572885271222466,-0.13653045742521477,0.06692227256883931,-0.06755445294185991,-0.07611451691167928,-0.43067885920488796,-0.3098093890745563,-0.3494351382937281,-0.34744633301211736,-0.2762730745836153,-0.10601152276874501,-0.23565292272363808,0.0632180373020592,-0.28538672352872835,0.1130030959752322,-0.09260588166950294,0.11495772934478776,0.17801515866018766,0.03975901967618696,0.1161947525611848,-0.3133769366931157,-0.15929920242757264,0.1291151525092435,0.021870023715306965,-0.03778046596819278,0.06456099344582726,0.03569256214162207,-0.1609907120743034,0.06990889768246092,0.11513884047868014,-0.22198757509277675,0.029910674621887793,0.10955515004886583,0.11675858911009507,0.04209979565196591,-0.25147110081397495,0.3542670466583287,0.2032306125656955,-0.016474278801796076,0.3246058269944436,0.38367197698180006,0.4383846253733281,0.3438548650551193,0.4315639117271168,0.10324018070107095,0.10317183687696062,0.04823365386586841,0.1475133099597455,-0.11109630328255388,0.34526958221420323,0.24581906656005031,-0.06177598261333114,-0.1512551343297863,0.09287583977473876,0.06267470390038204,-0.1423225965185656,-0.09611191984636308,0.05961290058023907,-0.1334276478106056,-0.0833965513706354,-0.05766851878430006,-0.0448164626603517,0.0773036994511991,0.044163779140098,-0.0639527334112453,0.23146344630567459,0.32411375146084925
#51,0.5235205270675716,0.36183954236975374,0.6896985353918493,0.6998817651842891,-0.14339559455709786,0.1412393469064168,0.14486840396667555,0.20104019300295928,-0.08251149884840657,1.0,0.4578011058030741,-0.03804358969101757,0.2854653189264552,0.14779010244739235,-0.1386832878846903,-0.18045845037213212,0.6421209822374401,0.43460862909123216,0.16760297705697824,-0.19024186879352648,-0.1961946158735366,-0.2638686705075896,0.484762744414601,0.2082983071234768,0.30755404287891525,0.22163560439860852,0.37884006861719943,0.44398540175917,-0.09328931991060628,-0.09943684688933084,0.18707071535480696,0.10887854619017352,0.19021111407267682,0.0900839945598316,-0.269882927029299,-0.2028205496210335,-0.34731989693751325,-0.36082121939050976,0.15558471558717596,-0.02495574737388856,-0.08663263144225972,-0.13241615921377264,-0.25531885811138677,-0.5154901277346072,-0.12031246796383245,-0.3844510965766578,0.20240365229396046,0.28185676501342954,0.25033317614253786,0.26275808336579665,0.34049918329130185,0.4826816749704413,0.48114052173675326,0.19503618805486642,0.12508286688673378,-0.018521176333900588,-0.03126046514806689,-0.2988436224960531,-0.043111284248798856,0.031062268058146925,0.006376478789494188,0.10058160594317894,-0.07417355230694578,0.10508546395204997,0.5017085956027584,0.22998380251368586,-0.13449722865793232,0.07958638317648425,0.349011406584244,0.08152734778121776,0.5282430853135957,0.5519618094710872,0.01788557876967448,0.08384078622735257,-0.10972259241793615,0.1199331597400201,0.0170107778210622,0.08720330237358101,0.1369234344138492,-0.22388753340304404,-0.04753312966873748,0.0439792508150001,-0.00784928819907189,-0.13470567732146885,0.013139100185211763,-0.000929476007900546,0.1534831429957832,0.04223306610898106,-0.08971493790963579,-0.12808999514758848,-0.15175062705458622,0.056137617124228566,0.018220463507815116,0.07465195907571812,0.0966279157183961,0.44727957408128816,0.13423752212631307,0.5407158332137316,0.37091218502040063,0.30348416815314483,0.3946206576042756,0.42797586096132423,0.3697230024808808,0.48980993582514915,0.19477306433204164,0.5083003574382001,0.15803142449032592,0.1827445512886228,0.201388746505922,-0.16855637340331742,-0.17958364942351984
#52,0.09863380695603442,0.42470902616885026,0.15118679050567596,0.21137377920844183,0.022051134849199353,-0.13020865369500886,0.4013901133824042,0.3499887232690218,0.1726433340851154,0.4578011058030741,1.0,0.12407137828990084,-0.09937875463883707,0.3711137993015261,-0.09185068241308374,-0.013108345464362113,0.1681838995619161,-0.03145524504678135,0.014427381269691564,-0.1746697284699868,-0.08296598527874029,-0.044696860968158614,0.10877944764521354,0.003328344234173279,-0.05193447194144301,-0.08277120538002583,0.040972122554145396,0.05381050991327169,-0.08972860667445787,-0.11193009793669995,-0.08453447604207245,0.05953430518251218,-0.03366616775675066,-0.07007634005153124,-0.09656982346790233,0.012011427087391249,-0.11780424961898318,0.10416623951776598,0.13751119130119807,-0.2578714999419077,0.019146522324510147,0.13581626446326178,0.10735447891251307,0.007678428638796055,-0.03170128281357855,-0.08654378447091629,-0.03419924958481127,-0.03906874705267258,-0.06582193700066294,-0.11489621990308846,-0.1797374230277681,0.06648145490332766,0.023305244021623987,0.08106944415967851,0.16030043945078903,-0.12157682870987363,0.13311326621969805,-0.008061154053813926,0.03626665026414888,-0.06264053198832688,-0.06572625564690847,-0.027655328426246763,0.224899021999877,0.36510979435343327,0.016515285096262277,0.07402319589390305,0.15483293352196228,0.16891859567110218,0.11723016149645638,-0.19580163888490218,0.06238424264791312,0.006171447317163185,0.1278063682775306,-0.028171324298279787,-0.17851748576739862,0.11986823310711528,0.0860756292757605,0.08649936098524456,0.1899377387762355,-0.13548821410753217,0.0181760400221434,0.29155817084589153,-0.1941511355326376,-0.04190501575325146,0.32815287146577,0.13887123340099372,0.13683800463371126,0.316599347999918,0.05991019621511902,-0.08398430825798427,0.022816585679235096,0.07003191656585953,-0.030833316247377306,0.05788380183024761,0.08496504213396756,-0.10815410165460398,-0.1273997225240741,-0.08078581728962063,0.12350412454978506,-0.2463692343441385,-0.027983378781976365,0.07975040835434906,0.019549750886761117,0.1332226163382746,-0.06581851980945742,0.050687197151429414,-0.14521354027843275,-0.03349872538768034,0.04013832789999932,0.046480634777438336,0.0653059411286299
#53,-0.01598220326820167,-0.0038921807830835367,0.07179177003670063,-0.0747100513262119,0.48864125643286244,0.4457794271420663,0.19882585310178447,0.24535432855610004,0.35970721505751135,-0.03804358969101757,0.12407137828990084,1.0,0.2610084814685721,-0.007972307082470492,-0.1758930829215618,-0.1978553707994177,0.037513925054162484,0.0728476821192053,-0.33000498909916004,-0.1997314087712464,-0.4408210827028616,-0.26676303145866226,-0.13775722906799526,-0.25605013702936735,-0.23071508143166644,-0.06006396981936727,-0.2560433026469563,-0.13536519522413357,0.37453782488945386,0.46098251081541014,0.3042462017919751,0.4322165952473705,0.16721683445075486,0.26462386976400876,0.5005399162104717,0.26250521121658843,0.17587941415673972,0.16383723234849884,0.06388438958713497,0.033621744271078946,0.19385383989775765,0.15083140262030223,0.01797784293222343,-0.03239155543709293,-0.07283059616317772,-0.17533266356385704,0.4523404342566584,0.27012554760489066,0.012541091724246339,-0.25757078711582226,-0.08981745364580129,-0.110713577867536,-0.18623350350945536,-0.34116211838517213,-0.23963053328685954,-0.20960367416398418,-0.17473465510289163,-0.38459461860728955,0.23308661212829504,-0.09573602881375624,-0.18758329403563448,-0.12474798214859315,0.1479028697571744,-0.009281091314183395,-0.013149351758828313,-0.02041088307055133,0.001503564130427354,0.021538556168371845,-0.12358271994751194,0.02094054770740642,-0.05187637969094923,-0.1134746683615935,-0.082805377292081,0.08089858459940268,-0.1466590121583663,-0.11068965752909739,-0.00588440325589978,0.009858596627915718,-0.06951933788503202,-0.2358647885783801,0.4253890472187481,0.37701187132224795,0.09144403665962725,0.43400378624785574,0.48578106739384497,0.41213034534134324,0.19616386115268694,0.45307171317463896,0.1766927056636527,0.36079388186086564,0.0008132915069129778,0.286350371448684,0.19010176395410028,0.16079934936679446,0.06255510220818895,0.0040562059609483385,-0.12777219636547543,0.09885934157559852,0.30164913647578234,-0.1069717534974952,0.031048599293324857,0.2375426294602888,0.10299756012547927,-0.049740635187501284,-0.10851974111359428,0.014236018562182628,0.02904954243809758,-0.22005002767924878,-0.19126360896397598,-0.05889187323587504,-0.008057736862608411
#54,0.34519782119888737,0.05364306754420137,0.3295402510952098,0.26314422597202003,0.180431112842488,0.591170661363186,-0.056961160204758096,0.06876072143740732,0.024627697018158954,0.2854653189264552,-0.09937875463883707,0.2610084814685721,1.0,0.0461252468920646,0.035586629214251056,-0.18351000211865856,0.35774916449675026,0.27588009759498083,-0.11971787669407254,-0.22812485049788475,-0.16474278801796075,-0.0984868677341972,0.25263978020626165,0.12464888360363316,0.31335985073708816,0.14560310007586164,0.1024542267238021,0.198836104675401,0.21530354909478605,0.23828074276068043,0.3240009841510672,0.06472843581489758,0.21367354888975457,0.18056438329950314,0.08725114305045825,-0.0012916982756853177,-0.02605608294206494,-0.22066853928744729,0.03338254088669278,0.15551637176306563,0.035760905965732406,-0.2847682119205298,-0.3838223333948428,-0.39739199967194966,0.09192244342839959,-0.12227735290700456,0.18593962506578093,0.385503591467957,0.06255510220818895,0.1116122991545869,0.2503570964809765,0.28981540333107797,0.15265276553284263,0.12053116820098551,-0.07068460008611321,-0.046668580293741754,-0.17281761083659675,-0.28703380968978737,-0.10754584162002201,-0.07956929722045668,-0.012582098018712538,0.07264606783807981,0.05553960866326314,0.07167216834450754,0.1762211332772914,-0.05320566706989523,0.04102679761343366,0.33460794565299107,0.10410814726727219,0.24522105809908487,0.35322822053185166,0.1828880733192545,-0.03591467956998066,-0.05415222903382336,-0.12178186018220463,-0.025420485377838833,-0.17177195032770864,-0.04051421893260616,0.22523390673801763,0.12668894675332665,0.012008009896185732,-0.026090254854120108,0.42148319767084247,0.09051797784293222,0.09659032661513542,0.012035347425829864,0.08483518886815793,-0.039085833008700166,-0.07496292347542015,-0.02421421688229143,-0.1997792494481236,-0.035265413240932485,-0.01678182601029258,-0.010777821062199714,-0.06128390707973674,0.42977672072663153,0.06055262816175616,0.5112323074925335,0.29197165098175903,0.34100834478092384,0.278360978410186,0.3004223648330019,0.3830705513296291,0.33838052474388153,0.02528721492082368,0.49191834279895297,0.29642425112254733,0.052652082094601524,-0.00121652006916395,-0.19209398642691652,-0.2627478317921801
#58,0.08156151969327292,0.43529548452354105,-0.08291472741065753,-0.048510446353515264,0.1674287003054969,-0.0423629193747907,0.2610631565278604,0.23179833104381523,0.01805985552115583,0.14779010244739235,0.3711137993015261,-0.007972307082470492,0.0461252468920646,1.0,0.19126360896397598,0.11818697503400105,0.011570609421879591,-0.4253548753066929,-0.06250384434010621,-0.01021056732208394,0.14390475604671984,0.16390215898140365,-0.013251867494993816,-0.04071925040493716,-0.10577915376676987,-0.15999972662470355,-0.10408080973762807,-0.11195743546634408,-0.1148210416965671,-0.22538426315106036,-0.2439942864563044,-0.07886877302332575,-0.16371763065630573,-0.2890123633977816,0.00945195087445923,0.20375686001134508,0.08741858541952856,0.16325972703476652,-0.08185539813694735,-0.1835612599867413,0.07175076374223444,0.1805575489170921,0.33998318741926886,0.11771198545643423,-0.15828087944832867,-0.0754857537298642,-0.16919197096754351,-0.24179703251115714,-0.00314039871786986,-0.11414443783787478,-0.06425344623733076,-0.08404581769968357,-0.06282847750463029,-0.22119136954189134,0.05755233428331249,-0.1872005686206166,0.2522433860264217,0.2063573425187433,0.05997854003922935,-0.010405347220798392,0.10914166991299831,0.013046836022662812,0.5157054107805548,0.49199693819667983,-0.2337803019430149,0.06130441022696984,0.3625708212877343,0.36901222671013334,0.07496292347542015,-0.07433416029360507,-0.0158660187672141,-0.14697339374927385,0.37874780445465045,0.16425412967557187,0.22446162152557084,0.3705738830910545,0.016628052406044327,0.03859375747510576,0.4133536997929182,0.020414300261756845,-0.1399920721164032,0.16226874158516666,0.01534660570397556,-0.07718068056780049,0.36205824260690683,0.014591406447556366,-0.031137446264668293,-0.05357472372009103,-0.03508088491583458,0.09806313602471313,0.03810509913271687,0.04190843294445697,-0.07542082709695938,-0.0649744735816948,-0.0461662531865308,-0.20612839070797367,-0.19402469945803347,-0.18298375467300898,-0.23188717801515865,-0.17131062951496387,-0.2844606647120333,-0.2667903689883064,-0.13540961870980528,-0.05532090842611007,-0.15055802732386087,-0.07022327927336847,-0.2858822162535283,-0.045069334809559936,0.14023127550078937,0.1587182799226348,0.07316206371011283
#101,-0.1945987875805603,0.21407336026080004,-0.2755144581359905,-0.24533724260007245,-0.12366473253644435,-0.12595766783534607,-0.04253719612627205,-0.041139564923215716,-0.06893499818888867,-0.1386832878846903,-0.09185068241308374,-0.1758930829215618,0.035586629214251056,0.19126360896397598,1.0,0.5247609674751741,-0.06776973598780746,-0.2864597215672606,0.3982428802821233,0.24006451656996017,0.4291787122656661,0.13472618046870194,-0.08908275753661521,2.733752964413371e-05,0.007128260854707864,-0.03233688037780466,-0.007811699095811207,-0.2786446052802439,0.16374496818594989,-0.17528824007818533,-0.2293413705670487,-0.23478153896623133,-0.26310663686875935,-0.10200657467587941,0.1345143146139599,0.08745617452278925,0.4547358852917256,0.2566720658287714,-0.01506639602512319,-0.22125287898359064,0.15173354109855863,0.16048155058468141,0.12294712238328584,0.14965930603681,-0.17913941456680266,0.12458053977952283,-0.21340359078451876,-0.26487332472201147,-0.09030611198819019,-0.15129272343304698,-0.24091539718013383,-0.276522529541618,0.05312707167216835,-0.006168030125957668,0.20974036181220485,-0.03026606250726153,-0.14710324701508348,0.08021172916709382,-0.4298826536540026,-0.34959574628038736,-0.3491480942324647,-0.3370649061297576,0.19768451123914188,0.1869340277065863,-0.2598329676938743,-0.14323840376164407,0.286131671211531,0.20014830609831943,0.37764405169526855,0.18457616577477975,0.1480293058317785,0.0825183332308176,0.42045120592677643,0.04804912554077051,0.24696040842269287,0.11806053895939693,-0.3318195176292894,-0.33176825976120666,0.3014338534298348,0.3424333135136243,-0.2368831115576241,-0.24256590053239838,0.11810496244506866,-0.29446620056178624,-0.18518784300056726,-0.48064502901195333,-0.4939925778607016,-0.19729153425050747,-0.10599443681271742,-0.35513159603332445,-0.1770993514171092,-0.5713407007975724,-0.44173688994594,-0.48929735714432165,-0.4671573753237789,-0.08489328111865171,0.011861070674348512,-0.2326116225507282,-0.23842426479131212,-0.24408655061885332,-0.33523670883480616,-0.33999002180167986,-0.14596873953485193,-0.23717357281009302,-0.24839221153780439,-0.22101709279040999,-0.2340810147691004,-0.39864269165316873,-0.1679002726918582,-0.34014037821472265,-0.22066170490503625
#102,-0.1833596457056158,0.17386668853669038,-0.14718525960401588,-0.1851605054709231,-0.2775989447713557,-0.2877753401813845,-0.04442690286292279,-0.2144970919702841,-0.17841838722243863,-0.18045845037213212,-0.013108345464362113,-0.1978553707994177,-0.18351000211865856,0.11818697503400105,0.5247609674751741,1.0,-0.1664445492383081,-0.18023291575256803,0.3279922634791107,0.5061680301259577,0.23581694790150287,0.4855418640094588,-0.18727232963593246,0.28729693341261214,-0.10767569488583165,0.1002057149105721,-0.020103335862054827,-0.14627286955214291,-0.21274407288185404,-0.19931792863537887,-0.3648535050130195,-0.2769735987807462,-0.4709470403706969,-0.24290761965295007,-0.07027453714145121,-0.07168583710932962,0.02582713113129532,0.5044423485671717,-0.1371250486949747,0.12332984779830371,-0.08410390995017736,0.04486772052843445,0.13163020523650382,0.24239162378091703,-0.2832543962164859,0.2643573288499785,-0.0709067175144718,-0.3362379458580225,0.10199632310226286,-0.11100403912000492,-0.3734169861740444,-0.26312372282478697,0.010569372398663195,0.15344213670131698,-0.01934813660563563,0.2713933255421374,-0.27647468886474075,0.2840540189585768,-0.3780609490223416,-0.19200855664677863,-0.34374551493654276,-0.29813284672530566,0.1465291588925567,0.2430750620220204,-0.0028670234214285225,0.23570076340051532,0.1270545862123169,0.04428338083229109,0.1252332232997765,0.018719373423820556,-0.07851338513795202,-0.03083673343858282,0.05449053096316951,-0.006824130837416877,0.19082962568087536,0.07960346913251184,-0.30708588768375944,-0.3024795139387229,0.07249229423383156,0.553051893465647,-0.1942946575632693,-0.39954483013142517,0.181251238731812,-0.35658731948687455,-0.4525215453905508,-0.48110976701590363,-0.5769004708889481,-0.3571101497413186,-0.11558649252660283,-0.2756648145490333,-0.12087972170394823,-0.4715587175964844,-0.2818875197342792,-0.4113512257464854,-0.5463815362324783,-0.05050266882633151,0.16414136236578983,-0.2539178097171249,-0.15365741974726455,-0.21334549853402499,-0.1504213396756402,-0.3073797661274339,-0.15374284952740247,-0.2333258155126812,-0.32035484113478085,-0.3399524326984192,-0.4440469112008693,-0.39783965171987234,-0.058772271543681955,-0.2084418291541085,-0.15813735741769694
#201,0.5725162145722702,0.3033611492697462,0.6847231049966169,0.6562784054018959,-0.031198955706367593,0.3370307342177024,-0.07463487311969054,0.21516002706415435,0.037578851687067295,0.6421209822374401,0.1681838995619161,0.037513925054162484,0.35774916449675026,0.011570609421879591,-0.06776973598780746,-0.1664445492383081,1.0,0.5232847408743909,0.055525939898441075,-0.32708670780964877,-0.2385814555867659,-0.19651583184685517,0.5517909499108113,0.17579398437660182,0.4526411470827439,0.3205051975478236,0.36799048653968386,0.3745275733158373,0.16435664541173736,-0.03433252004182642,0.31646607754290285,0.15008303774629406,0.3576534831429958,0.2231870092059131,-0.07768300767501145,-0.13484236496968952,-0.17436559845269584,-0.34385144786391375,0.11683376731661643,-0.08543661452032887,-0.1342443565087241,-0.3570725606380579,-0.3985709306378529,-0.507579330093836,-0.25288240078185337,-0.45705274092906595,0.37482828614192276,0.29737423027768095,0.23762805924042674,-0.00951346031615853,0.18859478263246743,0.30281439867686355,0.3993466330415052,0.09468011673125158,0.10343154340857988,0.05182853901407199,-0.0630950184186606,-0.4155851256501206,-0.11796144041443694,-0.13126798296871903,0.07956929722045668,0.18399866046104743,-0.0076545083003574385,0.11935565442628777,0.5139933979865909,0.2822702451492971,-0.16719974849472727,-0.09389074556277723,0.40934875170005264,0.16181425515483294,0.7128841777212802,0.5350159582829298,0.18767897538938894,0.38395902104306345,-0.022444111837833774,0.28150479431926134,0.03478017208974911,0.2186899855794531,0.22074713468517418,-0.20406099002863606,-0.007439225254409885,0.024535432855610002,0.003492369412038081,0.03803333811740102,-0.04566392607931984,0.018555348245955755,0.19227851475201443,-0.09908145900395711,-0.30876372856566814,-0.10539301116054647,-0.3019737696403065,0.0316295217982627,-0.1416118207478181,0.07715676022936187,0.025868137425761523,0.6076107682529268,0.16128800770918336,0.6119950245696048,0.418021582979654,0.24308189640443142,0.4520704761514226,0.6142503707652458,0.42240583929633196,0.507070168604214,0.26259747537913736,0.5080167305681422,0.3356160170586185,0.20536977426034897,0.04250302421421688,-0.18633260205441535,-0.20658629432951292
