,#10,#11,#12,#13,#17,#18,#26,#49,#50,#51,#52,#53,#54,#58,#101,#102,#201,#202,#301,#302,#401,#402,#501,#502,#601,#602,#701,#702,#801,#802,#901,#902,#1001,#1002,#1101,#1102,#1201,#1202,#1301,#1302,#1401,#1402,#1501,#1502,#1601,#1602,#1701,#1702,#1801,#1802,#1901,#1902,#2001,#2002,#2101,#2102,#2201,#2202,#2301,#2302,#2401,#2402,#2501,#2502,#2601,#2602,#2701,#2702,#2801,#2802,#2901,#2902,#3001,#3002,#3101,#3102,#3201,#3202,#3301,#3302,#3401,#3402,#3455,#3501,#3502,#3601,#3602,#3701,#3702,#3801,#3802,#3901,#3902,#4001,#4002,#4101,#4102,#4201,#4202,#4301,#4302,#4401,#4402,#4501,#4502,#4601,#4602,#4701,#4702,#4801,#4802
#10,1.0,0.4202598432192675,0.6334344821930167,0.49153903457514064,0.09532254867788872,0.3628236934369426,-0.003386436484667063,0.5205509879099776,0.057220866736377364,0.5735516235075417,0.35738352503775994,-0.12282068630868172,-0.06463958884355415,-0.07819558635583895,-0.29506762621395716,-0.2019799205844764,0.5272384310991737,0.5904906403132881,-0.17817234945564145,-0.28766599006280796,-0.2113054353843315,-0.3210587825231173,0.30402066717241094,0.2825265344897108,0.22528858179730588,0.01799834607945653,0.09288950853956082,0.21243652567335752,-0.1558990971780835,-0.2798132846725306,0.308835489580984,0.07897470595069676,0.5038204197677677,0.1872791640183435,0.08562797722783781,-0.10552286442635611,0.05327742808521108,-0.1873850969457145,0.14098989194841408,-0.10530758138040856,-0.3970058570657263,-0.45542615791524,-0.39927487202618933,-0.30111605464772173,-0.090470137166055,-0.19196755035231242,0.41652485323163774,0.39382103486218467,0.2736828436498336,0.2061728141936454,0.3346523691386628,0.36600851564048414,0.44150110375275936,0.3233038771451418,0.13790758548103801,0.3810714944744018,-0.10561854578011058,0.05503044717364115,0.1421209822374401,0.11815280312194588,-0.1419569570595753,0.08038258872736966,-0.16077201183715034,-0.3485774233011434,0.05756942023934007,0.23965445362529814,-0.1624601042926756,-0.07030870905350638,0.2273183933733828,0.1350029729563488,0.4499518176040022,0.3967905740197787,0.30450590832359437,0.2950539574491351,0.05257006950566912,0.2270518524593525,-0.04376396776905255,0.0840116457876284,-0.2321400501643669,-0.1707433757748481,-0.41898181370840426,-0.17899247534496546,-0.07119717876694072,0.031612435842235116,-0.18545438391459756,-0.0910442252885818,-0.1256193659059999,-0.14250029046125248,-0.22307082470492554,-0.20663071781518463,-0.3923174707317573,-0.009667233920406783,0.11095961563433321,-0.03838872600277476,-0.018425494980146118,0.0811890458518716,0.4790218631893329,0.44444330538070925,0.6658636267333702,0.39189032183106776,0.44876946944689344,0.2680273922047034,0.55122027897949,0.42338315598110976,0.4116963620582426,0.5937335547673235,0.5073640470478885,-0.06705896021705998,-0.3568606947833159,-0.20493237378604282,-0.1588242128500058
#11,0.4202598432192675,1.0,0.3785496073647305,0.3665313458949282,-0.061007114592089885,0.012896479609620077,0.06409967263308251,0.2406283531188704,0.1521538556168372,0.3323560166485556,0.3002310021254929,-0.11049829482158845,0.02802096788523705,-0.07404028184993063,-0.23341466248402462,0.15811685427046385,0.13572741749191836,0.22233612859573945,-0.03651952241335712,0.0019272958399114263,-0.1914515544802794,0.1492731634305866,0.30786842446982277,0.38146447146303625,0.2098531291219869,0.3099119048107218,0.2515223586820577,0.1385192627068255,-0.23558457889952775,-0.2432630075383238,-0.10177762286510979,-0.08782181398177953,0.1356351533293694,-0.04945359112623788,-0.1446736240679611,0.05746007012076354,-0.22991204149837,-0.1664274632822805,-0.2102426889194158,-0.0304642595971815,-0.0849513733691455,-0.1187268912444727,-0.12781320265994164,-0.08455497918930556,-0.06422610870768664,0.13435712381850615,0.2193187487612682,0.17359673043145457,0.16789685550065267,0.0895919190262372,0.2350617486450837,0.19195046439628483,0.27398697366712454,0.18083775859594448,-0.0013566249085901353,0.22169711384030782,-0.11712764576029087,0.22730130741735524,-0.015271427497454193,-0.00559394200343086,-0.1891859567110218,-0.2092175315577608,-0.20761145169116793,-0.1742801686725579,0.22383627553496127,0.2342279539909376,-0.1498062452586472,-0.07052740929065945,-0.0795556284556346,0.03640333791236955,0.13531393735605082,0.040483464211756505,-0.01669981342136018,0.12099590620493579,-0.14754406468059514,-0.006376478789494188,-0.18115214018685202,-0.014936542759313555,-0.16853928744728983,-0.06788250329758952,-0.1312406454390749,-0.11383005624696724,0.11544638768717665,-0.03827595869299271,-0.1629077563405983,-0.12183995243269842,-0.1198545643422932,0.046641242764097625,-0.14196037425078084,-0.13344131657542765,-0.14743813175322412,-0.04561950259364812,0.010736814767733513,-0.12562620028841093,-0.06277380244534203,0.23567342587087117,0.2423813722073005,0.33344268345190986,0.26752164790628696,0.20800784587100787,0.2850176668785325,0.04229115835947485,0.044006588344644236,0.28690737361518326,-0.06189900149672975,0.2998790314313247,0.008406290365571115,-0.18602505484591886,0.03753101101019007,-0.10818827356665915,-0.03450337960210226
#12,0.6334344821930167,0.3785496073647305,1.0,0.7302059199420444,-0.038539082415817494,0.238601958733999,0.10354089352715642,0.23188376082395315,-0.10528707823317546,0.5907503468449073,0.49756012547926104,-0.17942987581927158,0.029579207074952672,-0.09023093378166883,-0.48638932742842694,-0.33793628988716434,0.5911023175390756,0.5549313486286812,-0.2450399469651925,-0.15570431727936904,-0.1309330982305784,-0.24681346920085567,0.29209466986515764,0.3618463767521648,0.30348416815314483,0.07403686465872511,0.3011502265597769,0.40561034452121736,-0.27363158578175084,-0.40404185375788515,-0.012934068712880761,-0.20201750968773707,0.5437024583273532,0.06799868779857708,-0.04211688160799349,-0.14877425351458115,0.016682727465332597,-0.3583950136345929,-0.03961549764555526,-0.2308893581831478,-0.3341568764138629,-0.35536054784409404,-0.27134890205646567,-0.17242805103916783,-0.043562353487927065,-0.12228418728941559,0.41093432841941235,0.32487920229088496,0.506830965219828,0.38428365420758753,0.35427046384953426,0.37214579104559214,0.6028882100069027,0.5477313267586574,0.22939604562633698,0.6654262262590641,0.013716605498944087,0.19958446954940917,-0.07654850019477989,0.16732276737812588,-0.23711889775080475,-0.0487018090610242,-0.24168084801016956,-0.37605847497590883,0.17158742200261073,0.36075629275760496,-0.20358600045106923,-0.1357786753600011,0.2642958194082792,0.2134719346086291,0.5758001353207718,0.5603407623070141,0.26664001257526365,0.4827466016033461,0.24893212774827603,0.2888175834990671,0.0698815601528168,0.13717630656305743,-0.24780103745925,-0.3288499784716954,-0.39645568928163805,-0.1820679474299305,0.0022621805780520645,-0.12397569693614637,-0.08991655219076128,-0.2087322904065774,-0.21498233312146747,-0.08037575434495861,-0.26506810462072594,-0.21287392614766368,-0.2731429274393619,-0.06130099303576432,-0.01500488658342389,-0.12841121112090706,-0.18488029579207074,0.3470806935531271,0.46602628503475285,0.6481284043767385,0.6395717575981247,0.5580136550960573,0.515421783910497,0.25734525249625817,0.3802684545411054,0.5776385841893398,0.4479015028806922,0.5780247267955632,0.5198538809040522,-0.09416753805042408,-0.3018815054777575,-0.23282348840547024,-0.2441207225309085
#13,0.49153903457514064,0.3665313458949282,0.7302059199420444,1.0,-0.11018391323068091,0.3124918841708869,0.18958576808206726,0.17797415236572148,-0.1903102126176368,0.6078909779317792,0.475160437127099,-0.14688796396913592,0.07830151928320997,-0.06962527081240304,-0.24654351109561984,-0.24429841647359538,0.2996910859150213,0.35584920618648297,-0.12901947115548903,-0.08997806163246058,-0.07397877240823134,-0.1711705246755377,0.055249147410794223,0.16737060805500312,0.19014960463097752,0.09840827233647031,0.26660242347200297,0.47011324571655083,-0.15940855254614916,-0.3067749232840574,-0.08898024180044971,0.03316384064953971,0.5406679925368544,0.19035121891210302,0.11178315871486273,0.007087254560241664,0.15535576377640634,-0.08905883719817659,0.0808029032456482,-0.03425734183530505,-0.07962055508853942,-0.12765259467328235,-0.1317532241199024,0.05962656934506114,-0.13832106561690552,-0.10510254990807756,0.5109589321960921,0.4868574826235827,0.4808671464403119,0.36480566433614225,0.25020332287672825,0.4307711233674369,0.46049385247302127,0.5281303180038136,0.19178643921842004,0.6100301396264327,-0.07232143467355573,0.20424210116252844,-0.25968944566324265,-0.002778176450085088,-0.16613700202981158,0.0040254512400986885,-0.08504705472289996,-0.23516084719004368,0.2599901584893281,0.3765437161270922,-0.12551343297862888,0.03511505682788975,0.26939768587811563,0.2554042878915247,0.42107313472618046,0.47692712498035117,0.20363042393674097,0.381727595185861,0.19416480429745966,0.1772052843444802,0.08284980077775272,0.1060730322104443,-0.23087910660953123,-0.2680786500727862,-0.3724977617397604,-0.02868732017031281,0.11879865225978854,-0.15182238806990206,-0.0364750989276854,-0.15302865656544945,-0.1886733780301943,0.14271557350720002,-0.033744763154477546,-0.2631954838401028,-0.13245716550823886,-0.22523390673801763,-0.12295395676569687,-0.1388438958713496,-0.3716195435999426,0.1722127679932203,0.2894224263424436,0.4855179436710202,0.5961358401848017,0.5009909854495999,0.5257963764104456,0.06538111933515128,0.3833815157293311,0.531287802677711,0.36302189052686257,0.5467813476035238,0.5282875087992673,-0.14019026920632316,-0.159784443578756,-0.19458853600694373,-0.28158680690819377
#17,0.09532254867788872,-0.061007114592089885,-0.038539082415817494,-0.11018391323068091,1.0,0.32311251443763284,0.18596696259542506,0.01856901701077782,-0.02284392320887923,-0.10673938449552006,-0.01891415332253501,0.6487640019409646,0.4365495936959657,0.4270703052918623,-0.027040234009253754,0.023838325849684594,0.026595999152536583,-0.14449593012527423,-0.24870659312871193,-0.09257170975744777,-0.08483860605936344,-0.10737156486854066,0.0034889522208325645,0.1520581742630827,0.005163375911535754,0.05772661103479384,-0.3859990841927569,-0.23703688516187235,-0.01532610255674246,0.1322384652710858,0.007463145592848502,-0.024562770385254135,0.02782277079531708,0.17057593340577779,0.014331699915937097,0.10939454206220654,-0.04565367450570329,0.12731770993514172,0.10859150212891013,0.02948694291240372,-0.205991703059753,-0.18868021241260532,-0.16416528270422842,-0.3155946937854961,0.10162726645206706,0.16143152973981506,-0.0537114113683117,-0.14445150663960252,-0.13500980733875984,-0.2372521682078199,-0.10387577826529705,-0.004288574962923475,-0.16346817569830302,-0.10642842009581804,-0.29874110675988763,-0.3658547420362359,0.20905350637989598,-0.12354171365304574,0.339706394931622,0.2888141663078616,0.021299352783985676,0.09457418380388057,0.16706647803771213,0.058628749513050256,-0.27938271858063546,-0.08793799848276711,0.1076688605034206,0.33464211756504625,-0.22087698795098382,-0.07414963196850717,-0.16396025123189742,-0.2515223586820577,0.06678216772941313,0.05558061495772935,0.035535371346168305,-0.016952685570568414,0.1349824698091157,0.07305613078274181,0.10086865000444235,0.20884505771635947,0.021548807741988394,0.4081322316308887,0.20753627348464657,0.19068268645903813,0.6326519454069534,0.16062848980651864,0.1579835838134487,-0.020134090582904475,-0.07289893998728805,0.05366698788263999,-0.059616317771444584,0.37545021494132685,0.3966026285034753,0.09838093480682618,0.3447091628564985,-0.1788797080351834,0.09229150007859539,-0.19729153425050747,-0.08381344869770843,-0.09153288363097069,0.026062917324475975,-0.21737094977412366,-0.04186059226757974,-0.12293687080966928,0.0355968807878676,0.006386730363110738,0.0686342853628032,0.0014147171590839194,0.040367279710768936,0.12182286647667083,0.2924944812362031
#18,0.3628236934369426,0.012896479609620077,0.238601958733999,0.3124918841708869,0.32311251443763284,1.0,0.2425864036796315,0.1350063901475543,-0.03079914433532214,0.294418359884909,0.24629747332882265,0.22560979777062445,0.3828005932243933,0.3980720207218475,0.008136332260335295,-0.30777616030727384,0.21507801447522196,0.076363971869682,-0.14696314217565729,-0.10759368229689924,-0.10167168993773877,-0.3212877343338869,-0.04320696560255333,-0.021685495390209062,0.054172732181056456,-0.08857701323819873,-0.018603188922832987,0.09135860687948934,0.18038327216561076,0.1176026353378577,0.09137911002672243,0.241769694981513,0.22941313158236457,0.2327961508758261,0.4049679125745802,0.2577177263376595,0.4098749991457022,0.1739111120223621,0.24454445424039256,0.10083447809238719,0.03487585344350358,-0.11023175390755814,-0.12226710133338801,-0.13309959745487598,0.054739985921172234,-0.31913148668320585,0.1534831429957832,0.16803012595766784,0.15570431727936904,0.013555997512284802,0.023247151771130202,0.22039174679980045,0.1196905391644284,0.3165480901318352,0.12436525673357528,0.23794244083133428,-0.021883692480129033,0.08546736924117852,-0.006540503967358989,0.10028089311709347,-0.050680362769018376,0.05461354984656811,0.06215870802834902,-0.0819032388138246,0.021716250111058714,0.09622810434735066,0.02392375562982251,0.24113068022608136,0.11385397658540586,0.1454527436628189,0.15114236702000425,0.1429752800388193,0.24511170798050835,0.16753805042407344,0.19680287590811857,0.1339812327858993,0.011061447932257601,0.00510528366104197,0.031820884505771634,-0.04091403030365161,-0.24554910845481448,0.2504732809819641,0.21019484824253856,0.3472447187309919,0.17253398396653885,0.032114762949446075,-0.0721505751132799,0.18755253931478483,0.053533717425624835,0.01040876441200391,-0.0721505751132799,-0.15841073271413827,-0.034202666776016785,-0.08184856375453632,-0.08774663577525817,-0.0881396127638926,0.05384126463412134,0.05648617062719127,0.19890786569071686,0.1982654337440797,0.18770289572782756,-0.03788981608676932,0.403696717446128,0.18601138608109677,0.12147089578250261,0.1897771307895762,0.28232150301737985,-0.09595814624211484,-0.0279902131643874,-0.00751782065213677,-0.13410766886050343
#26,-0.003386436484667063,0.06409967263308251,0.10354089352715642,0.18958576808206726,0.18596696259542506,0.2425864036796315,1.0,-0.16359119458170163,-0.06966285991566372,0.2863196167278344,0.07555068036276902,0.16862471722742775,0.19213840991258824,0.19339935346742393,0.07646307041464198,0.011314320081465839,0.09199420444371545,-0.002351027549395499,-0.08361183441658294,-0.033372289313076224,0.029210150424756866,0.016525536669878826,-0.22054210321284318,-0.13855343461888067,0.01877746567431434,-0.05424449319637231,-0.03655027713420677,-0.11712764576029087,-0.15706777657037022,-0.17903006444822614,-0.05995461970079074,-0.13205393694598788,0.21385124283244145,-0.004804570834956499,0.059093487517000526,0.13640402135061067,0.15344897108372801,0.05632556264053199,0.038060675647045156,0.07290577436969908,-0.06874021829017421,-0.03376868349291616,-0.10824294862594741,-0.1399920721164032,-0.3491139223204095,-0.22442403242231015,0.1801850750756908,0.09539772688441009,0.09247944559489882,0.07387967386327135,0.05667411614349469,0.13772989153835113,0.06389464116075151,0.07134070079757243,0.04655581298395971,0.10679405955480833,0.15398547010299415,0.21360178787443873,-0.06591420116321188,-0.21792453474941736,-0.2426479131213308,-0.19980658697776776,0.11624601042926756,0.24530990507042832,0.25181965431693765,0.0788995277441754,0.0706196734532084,0.292368045161599,0.12466938675086625,0.2114933809006349,0.16226532439396113,0.12837703920885188,0.08714521012308722,0.30843909540114406,0.24450686513713188,0.2344944949049679,-0.031530423253302714,0.03307499367819627,0.0510733397576528,-0.13111420936447077,-0.017338828176791804,0.17204190843294445,0.10828737211161914,-0.1811282198484134,0.07445376198579816,-0.1929243638898571,-0.13643819326266582,-0.2167285178274865,0.06709996651152618,-0.15750517704467637,-0.21022560296338821,-0.0016129142490038887,-0.16044396148142073,-0.16603448629364606,-0.22947464102406387,0.010521531721785961,-0.07635713748727097,0.06420902275165905,0.06095243953280162,0.19127386053759252,0.04885899985647797,0.07480914987117189,0.01636492868321954,0.15657911822798132,0.1500898721287051,0.15024364573295335,0.1080960094041102,-0.167045974890479,-0.1385021767507979,-0.23114564752356154,-0.14715450488316623
#49,0.5205509879099776,0.2406283531188704,0.23188376082395315,0.17797415236572148,0.01856901701077782,0.1350063901475543,-0.16359119458170163,1.0,0.3955432992297651,0.3321270648377859,0.3480990165323711,-0.186059226757974,-0.16743895187911345,-0.017762559886275876,-0.06500181111133893,-0.044748118836241364,0.249844517800149,0.5490674485200144,0.005019853880904052,-0.162032955391986,-0.3516733985333415,-0.2384618538945728,0.1817433142654064,0.04622434543702458,0.28741653510480525,0.04357943944395465,0.11481420731415605,0.20786432384037618,0.16220723214346736,0.0059254095503659815,0.4110060894347282,0.32016347842727194,0.27973468927480366,0.2443667602977057,-0.04346325494296708,0.007681845830001572,0.06507015493544926,-0.11339607296386663,0.20714671368721765,-0.0865266985148887,-0.31409454684627425,-0.11478345259330641,-0.0666523144636035,-0.08210143590374455,0.09484072471791087,-0.1623405026004825,0.22315625448506346,0.24778736869442794,0.03967700708725456,0.15777513514991218,0.3153794107395485,0.3838530881156924,0.3016764740054265,0.26829735030993923,0.08013655096057244,0.18630868171597673,-0.34031123777499844,-0.10807208906567158,0.07161065890280825,0.06389464116075151,-0.19862423882065897,-0.030115706094218795,0.05187637969094923,-0.12950812949787793,0.06202885476253938,0.1791257458019806,0.0510118303159535,-0.11510125137541946,0.1541016546039817,0.044652437482486894,0.25302592281248504,0.16543306064147514,0.118583369213841,0.08369384700551534,-0.13097068733383907,0.044051011830315956,-0.24350221092270996,-0.13448697708431578,0.012370232163970502,0.01440004374004743,-0.2280906785858296,-0.12612169301321086,-0.21965705069061434,0.013730274263766155,-0.1481113184207109,-0.04459776242319863,-0.13275787833432431,-0.05058809860646943,-0.07606667623480204,0.14233626528338766,-0.07818191759101689,0.0380709272206617,0.10614479322576015,-0.03787614732194725,0.03390878833234235,0.20978136810667103,0.28422146132764714,0.1997792494481236,0.33961754796027854,0.276741229778771,0.23834566939358526,0.21976640080919088,0.34267935128042154,0.2138409912588249,0.24237795501609496,0.3618497939433703,0.2827486519180694,-0.16550482165679098,-0.3076668101886973,-0.29079613720706127,-0.3828723542397091
#50,0.057220866736377364,0.1521538556168372,-0.10528707823317546,-0.1903102126176368,-0.02284392320887923,-0.03079914433532214,-0.06966285991566372,0.3955432992297651,1.0,-0.06950908631141547,-0.03199516125725299,-0.022847340400084747,-0.15962383559209672,0.1927432527559647,0.20512031930234625,0.08687183482664589,-0.07669885660782264,0.2585583553742166,-0.031134029073462778,-0.1490066225165563,-0.18257027453714145,0.014574320491528783,0.004951510056793717,-0.043562353487927065,-0.08562797722783781,-0.07948728463152427,-0.06439013388555143,-0.19647482555238896,0.10456946808001695,0.27559988791612844,0.17183345976940795,0.08040992625701379,-0.039225937848126356,0.05155516371763066,-0.13814678886542417,0.24017728387974221,0.062288561294158655,0.12869825518217046,-0.07036338411279465,0.0043022437277455425,-0.07410862567404096,0.18158270627874712,0.10472665887547072,0.1929482842282957,0.10359556858644468,0.10713577867536,-0.030587278480580102,0.004206562373991075,-0.1577170428994184,-0.03360807550625688,0.18614465653811194,0.126764124959848,0.007323040753422317,-0.04003581216383382,-0.07947703305790772,-0.08344097485630711,-0.3894504473103288,0.006038176860148033,-0.02047580970345615,-0.20084883029545036,-0.32541570131015113,-0.2403583950136346,0.3350658492745303,0.13738475522659394,-0.15563939064646423,-0.19236052734094683,0.2358989604904353,0.08406973803812219,0.13505423082443155,0.09025143692890192,0.04498732222062753,-0.06851810086181562,-0.11225131391001852,0.09173449791209617,-0.10974992994758029,-0.03734989987629768,-0.4893759525420485,-0.49199010381426883,0.23160696833630628,0.15785031335643354,0.26800688905747033,-0.032986146706852834,-0.289207143296496,0.08637634210184597,0.11921554958686158,-0.1694755978376014,-0.21434673555724137,0.0500926058816695,0.13818779515989038,0.5416794811336874,0.15980836391719463,0.0017017612203473233,-0.0033830192934615464,-0.2777903074788647,-0.04202120025423903,0.08501630000205032,0.0014112999678784026,0.02137794818171256,-0.059209672017988095,0.09136544126190037,0.10436443660768595,-0.0030959752321981426,-0.0447959595131186,-0.041211325938531565,-0.05526623336682181,0.0871588788879093,-0.07793929701542521,-0.3449620350057067,-0.1486819893520322,-0.333880083926216,-0.2802506851468367
#51,0.5735516235075417,0.3323560166485556,0.5907503468449073,0.6078909779317792,-0.10673938449552006,0.294418359884909,0.2863196167278344,0.3321270648377859,-0.06950908631141547,1.0,0.3925805944545821,-0.12513412475481653,0.022966942092277832,-0.1541597468544755,-0.22118795235068583,-0.10402955186954531,0.5531680779666346,0.44101927979278155,-0.07339101552088245,-0.13303808801317668,-0.2575947074542609,-0.21957845529288747,0.09896869169417506,0.11868930214121201,0.2534838264340243,0.07976749431037665,0.25959718150069366,0.2875634743266425,-0.09984007545158181,-0.2648562387659839,0.2021507801447522,0.11313636643224735,0.4204648746915985,0.23168214654282765,0.20030207970256766,0.07114933809006349,0.23146002911446908,-0.12309747879632857,0.10903231979442178,0.010654802178801112,-0.20624457520896125,-0.22321434673555723,-0.20545178684928136,-0.24383026127843957,-0.26888852438849364,-0.2157648699075308,0.39827705219417847,0.3422863742917871,0.3689199625475844,0.2790615026073169,0.3649833582788291,0.35580478270081123,0.5333757065042818,0.44042810571422714,0.20353132539178098,0.5032360800716243,-0.01354916312987377,0.2162740313971528,-0.0628318946958358,-0.02734436402654474,-0.23579644475426978,-0.0120831881027071,-0.07584114161523794,-0.11623234166444549,0.3277325569474914,0.44545137678633673,-0.03153725763571375,-0.07757365755643492,0.3117161817672346,0.2676959246577683,0.5560111810496244,0.48835421237159904,0.371800654733835,0.429568272063095,0.24595917139947648,0.3741448479008194,-0.12041840089120347,0.12113942823556749,-0.18583369213840992,-0.20406099002863606,-0.35465660645575764,-0.0917823385889734,0.0134534817761193,-0.048045708349564994,-0.25737600721710785,-0.2462872217552061,-0.2899930972737649,-0.019310547502374948,-0.013562831894695836,-0.19058017072287262,-0.30533970297774043,-0.08026640422638208,-0.06856594153869286,-0.1777759552758015,-0.2382534052310363,0.14317005993753373,0.38184719687805413,0.40565476800688904,0.4962650100123702,0.4508676248470807,0.36052734094683536,0.2155393352879667,0.5170415325419119,0.3584599402674977,0.30410267976134336,0.47408402189736126,0.39082415817494653,-0.1255168501698344,-0.23289183222958057,-0.3084015062978834,-0.31554685310861885
#52,0.35738352503775994,0.3002310021254929,0.49756012547926104,0.475160437127099,-0.01891415332253501,0.24629747332882265,0.07555068036276902,0.3480990165323711,-0.03199516125725299,0.3925805944545821,1.0,-0.010080714056274304,0.30027884280237016,-0.00997136393769777,-0.24546709586588208,-0.20047635645404904,0.2956519659101005,0.17019662518196543,-0.01697660590900703,-0.014977549053779755,-0.16167415031540674,-0.09207963422385336,-0.021651323478153895,0.02620302216390216,0.39685550065268355,0.18357492875156337,0.16724417198039898,0.3117093473848236,0.052303528591638816,0.005457254355210191,-0.021029394678749855,0.09725326170900567,0.3444562907072902,0.14701098285253453,-0.023660631906997725,0.2625598862758767,0.211818014065159,-0.026288451944040076,0.10643525447822907,-0.018804803203958474,0.02995509810755951,0.09526103923618942,0.13883364429773304,0.10277202550591516,-0.05389935688461512,-0.19599983597482212,0.30116731251580453,0.2747250869675162,0.36323033919039904,0.21147287775340182,0.07021986208216295,0.22867843547317845,0.4429124037206378,0.44204443715443653,0.2333463186599143,0.4962752615859868,-0.14336142264504267,0.12624471189660946,-0.3064332041635058,-0.11371045455477416,-0.13108345464362112,-0.10292921630136892,-0.16536129962615928,-0.2677130106137959,0.2916401834348239,0.4198976209514827,-0.19027604070558163,-0.14642664315639117,0.222756443114018,0.0543435917413323,0.4177482076832127,0.3667363773672592,0.1546108160936037,0.2619755465797333,0.12842829707693465,0.12499060272418483,0.07947703305790772,0.055204723925122504,-0.16932524142455868,-0.13798276368755938,-0.2329601760536909,0.20818553981369473,0.330097253261709,0.035156063122355946,0.06257902254662757,-0.08848474907564978,-0.18775757078711583,0.136472365174721,-0.08851892098770495,-0.15930261961877815,0.08001694926837936,-0.24739780889699903,-0.2561458183831218,-0.15594693785496075,-0.3946309091778921,0.3101955316807797,0.14615668505115537,0.506130441022697,0.31587490346434843,0.35357335684360885,0.4177482076832127,-0.05465797333223983,0.2236175752978082,0.39269336176436415,0.1552669168050629,0.3770767979551528,0.2962397227974494,-0.08325302934000368,-0.0744640135594147,-0.0903095291793957,-0.3418148019054258
#53,-0.12282068630868172,-0.11049829482158845,-0.17942987581927158,-0.14688796396913592,0.6487640019409646,0.22560979777062445,0.16862471722742775,-0.186059226757974,-0.022847340400084747,-0.12513412475481653,-0.010080714056274304,1.0,0.539150759641605,0.35756463617165235,0.0413616823515743,-0.08142824923625777,-0.016546039817111925,-0.23601514499142284,-0.22532617090056656,-0.15889255667411614,-0.02303870310759368,-0.1751549696211702,-0.09115015821595282,-0.12900921958187248,0.04989782598295505,-0.05203698767760851,-0.2847852978765574,-0.40935216889125814,0.12116676576521163,0.1463719680971029,-0.07214374073086885,-0.10475057921390933,-0.07390017701050444,0.005050608601753702,0.017400337618491104,0.21961262720494262,0.04977480709955645,0.21562818225931013,0.08409707556776631,-0.017369582897641456,0.12283435507350378,-0.004086960681797989,0.04012465913517725,-0.20825046644659956,-0.004121132593853156,0.026657508594235883,-0.09324831361614008,-0.24322883562626862,-0.0957496975785783,-0.3957414963196851,-0.2728012083188103,-0.2337153753101101,-0.1879147615825696,-0.2779440810831129,-0.22613946240747954,-0.4539430969320457,0.11395307513036584,-0.24944812362030905,0.29829003752075944,-0.02982866203295539,0.22887663256309843,0.08287030392498582,0.08386128937458566,0.09242135334440503,-0.2706996357274175,-0.2515496962117018,0.0949705779837205,0.3813346181972266,-0.410760051667931,-0.27142066307178153,-0.4168494863961618,-0.37013989980795386,-0.07790170791216451,0.12646682932496806,-0.07174734655102892,-0.1804345300336935,0.24131520855117927,0.06227489252933659,0.04155987944149427,0.08804734860134364,0.33015534551220277,0.473004189476418,0.2921425105420349,0.34143549368161347,0.6841661028301178,0.2748070995564486,0.20041826420355524,0.2149276580621792,0.010682139708445247,0.20505880986064695,-0.13085792002405702,0.3946377435603032,0.10418674266499908,0.22324168426520138,0.2466186893021412,-0.10276177393229861,-0.017608786282027625,-0.12827794066389192,-0.22688099289907668,-0.15305257690388807,0.008645493749957284,-0.13554288916682045,-0.2552129251840157,-0.03716195435999426,0.11790334816394317,-0.016231658226204388,0.0698644741967892,0.11495431215358225,0.20968568675291657,0.32569249379779797,0.3444631250897013
#54,-0.06463958884355415,0.02802096788523705,0.029579207074952672,0.07830151928320997,0.4365495936959657,0.3828005932243933,0.19213840991258824,-0.16743895187911345,-0.15962383559209672,0.022966942092277832,0.30027884280237016,0.539150759641605,1.0,0.3025376061892167,-0.07692780841859226,-0.023356501889706737,0.014089079340345409,-0.3695726460678381,-0.19762300179744258,0.0066156821738803575,-0.056516925348040925,-0.12424565504138219,-0.14212439942864563,-0.001981970899199694,0.2021883692480129,-0.020332287672824446,-0.18966436347979415,-0.04788168317170019,0.06944757686971617,0.09871923673617233,-0.3946240747954811,-0.06026216690928724,-0.054914262672653584,-0.02964413370785749,-0.05184904216130509,0.21575803552511977,0.07760099508607905,0.14639588843554152,-0.1260875211011557,-0.035265413240932485,0.13716263779823537,0.08240898311224107,0.22697325706162563,0.07687313335930399,0.1849520568073866,0.05148340270231481,-0.09730451957708841,-0.18369111325255094,-0.04449182949582761,-0.2817064086003868,-0.34319192996124903,-0.18739876571053657,-0.09499791551336463,0.019676186961365236,-0.00044423485671717274,0.03438036071870366,0.047854345642056054,0.001800859765307308,-0.05669461929072779,0.07152864631387584,0.06368960968842051,-0.030105454520602246,-0.2637490688153965,-0.17319008467799807,0.043124953013620924,0.15308674881594325,-0.24540558642418278,0.24755841688365832,-0.11398724704242101,-0.09025143692890192,0.007668177065179505,-0.07967864733903321,0.1244541037049187,0.02802096788523705,0.06613973578277599,-0.08944156261319446,0.2343851447863914,0.12415680807003875,-0.12122827520691093,-0.16052255687914763,0.050629104900935626,0.5971302428256071,0.8552648664903396,0.45568244725565377,0.4720268727916402,0.19289702636021297,0.1796964167333019,0.2570172021405286,0.01629316766790369,-0.10002460377667972,0.07254013491070879,-0.0009533963463391631,-0.0797777458839932,0.18923038019669353,0.038125602279949974,0.09851762245504685,-0.1982039243023804,0.07163799643245237,-0.152522912267033,-0.13192066648897272,0.0471879933569803,-0.43227468749786424,-0.13454506933480956,-0.004999350733670952,-0.19962547584387536,-0.07425214770467267,-0.14799855111092886,-0.029750066635228507,0.22265734456905803,0.27625598862758766,0.127068254977139
#58,-0.07819558635583895,-0.07404028184993063,-0.09023093378166883,-0.06962527081240304,0.4270703052918623,0.3980720207218475,0.19339935346742393,-0.017762559886275876,0.1927432527559647,-0.1541597468544755,-0.00997136393769777,0.35756463617165235,0.3025376061892167,1.0,0.06248675838407862,-0.27878812731087554,0.007425556489587818,-0.11941716386798706,-0.06656688468346558,-0.1686554719482774,0.008669414088395902,-0.13003437694352749,-0.09967605027371701,-0.1325255093323492,-0.13486628530812814,-0.12478215406064831,-0.28743703825203837,-0.17175144718047552,0.033888285185109245,0.18853669038197363,-0.05713201976503393,-0.03629740498499853,0.12731770993514172,-0.03508088491583458,0.14297869723002482,0.21467820310417648,0.2529370758411416,0.1603756176573104,0.038962814125301566,-0.11486888237344432,-0.006393564745521771,-0.03624614711691578,0.012397569693614637,-0.148124987185533,0.07848263041710236,-0.08393305038990152,0.14979599368503066,0.06966969429807475,0.06218262836678764,-0.05464430456741776,-0.012537674533040822,0.13386846547611725,-0.02763482527901366,0.058410049275897186,-0.08046801850750757,-0.17920775839091302,-0.05294254334707044,-0.11245634538234953,0.04996275261585987,-0.05769243912273867,-0.012100274058734683,0.0032702519836794947,0.24441118378337742,0.24474606852151806,-0.20693484783247562,-0.23527703169103123,0.35333415345922264,0.40810831129245007,-0.001120838715409482,0.07433416029360507,-0.08120271461669366,-0.16031752540681662,-0.04528120066430197,0.0015889939105652718,0.15268010306248675,0.01506639602512319,0.048896588959738654,-0.18072499128616243,0.1996528133735195,0.05218734409065125,-0.05999220880405142,0.19040247678018576,0.1293201839815745,0.2613433662067127,0.3380148852848912,0.03078889276170559,-0.01642985531612436,0.12111209070592335,-0.10981827377169062,0.2799636410855733,0.028390024535432854,-0.0032839207485015616,-0.08525550338643649,-0.07996910859150212,-0.0496415366425413,-0.04294725907093405,-0.16535104805254272,-0.14230892775374354,-0.06646095175609457,0.01141683581763134,0.15919668669140713,-0.27710686923776134,0.11752745713133633,-0.04879749041477867,0.0231651391821978,0.06453365591618314,0.11967345320840082,-0.03183797046179922,0.07889611055296988,0.03771212214408245,0.024822476916873407
#101,-0.29506762621395716,-0.23341466248402462,-0.48638932742842694,-0.24654351109561984,-0.027040234009253754,0.008136332260335295,0.07646307041464198,-0.06500181111133893,0.20512031930234625,-0.22118795235068583,-0.24546709586588208,0.0413616823515743,-0.07692780841859226,0.06248675838407862,1.0,0.5090521395034138,-0.32618115214018684,-0.2920263260410473,0.4039666755513638,0.108670097526637,0.4310752533847279,0.26439833514444466,-0.15168911761288692,-0.3172076080345,-0.21967755383784746,-0.10679405955480833,-0.18802411170114613,-0.26980774882277764,0.3608998147882367,0.3740149946350098,0.08851208660529392,0.32864152980815886,-0.33948769469446893,-0.019601008754843868,0.23967837396373676,0.21739145292135675,0.3255592233407828,0.4035463610330852,0.2434851249666824,0.2881273108755527,0.23321304820289915,0.33669926667076727,0.4242545397385165,0.3710796273894709,0.11431529739815062,0.07731395102481564,-0.18772339887506065,0.059021726501684676,-0.35104805254273197,-0.2081787054312837,-0.1943595841961741,-0.02043138621778443,-0.4692999542096378,-0.2647913121330791,-0.02928191144007272,-0.32471859430422567,-0.3068945249762505,-0.13405641099242066,-0.2665921718983864,-0.2732146884546778,-0.22708944156261318,-0.39287105570705105,0.3664630020708179,0.48514888702082437,-0.08919894203760277,-0.2784566597639404,0.09280066156821738,0.2586301163895325,0.04376396776905255,-0.11855603168419686,-0.3792330456058338,-0.30467676788387016,-0.14100697790444167,-0.25418776782236074,-0.15466207396168646,-0.35873673275514456,-0.40727109944709844,-0.585867180612224,0.6419159507651091,0.4478707481598425,0.33287201252058857,0.07572837430545588,-0.06313602471312679,-0.025324804024084362,0.09985032702519837,-0.2195271974248047,-0.23285766031752542,0.009154655239579276,0.27480368236524305,0.27717521306187165,0.3162644632617774,-0.3037131199639145,-0.10446011796144042,-0.2696027173504466,-0.1724588057600175,-0.29029039290864483,-0.4350972874336211,-0.4241691099583786,-0.24601726364997026,-0.15050676945577812,-0.27514540148579475,-0.11699779249448124,-0.11153712094806553,-0.2742466801987438,-0.1639329137022533,-0.3722209692521135,-0.17161134234104936,-0.33907763174980693,-0.11651596853450338,-0.2017783063033509,-0.15996213752144287
#102,-0.2019799205844764,0.15811685427046385,-0.33793628988716434,-0.24429841647359538,0.023838325849684594,-0.30777616030727384,0.011314320081465839,-0.044748118836241364,0.08687183482664589,-0.10402955186954531,-0.20047635645404904,-0.08142824923625777,-0.023356501889706737,-0.27878812731087554,0.5090521395034138,1.0,-0.40448267142339683,-0.3273805862533232,0.2554418769947854,0.3063409400009568,0.2041122478967188,0.5863626733370239,0.08761678250944853,0.22611554206904094,-0.08143850080987432,0.3204334365325077,-0.1270887581243721,-0.08563481161024884,0.01728073592629802,0.12955597017475515,-0.08289080707221892,0.04206562373991074,-0.5141300856348117,-0.042352667801174144,-0.0514628995550817,-0.08892214954995592,-0.14955337310943898,0.22382944115255024,-0.01798809450583998,0.3660256015965117,0.01889365017530191,0.13986563604179908,0.172660420041143,0.2525885223381789,-0.004483354861637928,0.487229956464984,-0.2527217927951941,-0.0916183134111086,-0.4847080693553127,-0.27267477224420616,-0.24537824889453866,-0.200575454999009,-0.5418981813708404,-0.4467225719147889,-0.21417929318817105,-0.370782331754591,-0.20011071699505875,0.1300753832379937,-0.22099317245197136,-0.09990841927569215,-0.15848932811186517,-0.2555580614957729,0.06528543798139681,0.24122977877104135,0.026476397460343495,0.03926352695138704,-0.10993445827267818,0.07746089024665286,-0.05196864385349818,-0.01788557876967448,-0.30818622325193584,-0.3251252400576822,-0.06997382431536574,-0.22464956704187425,-0.20757386258790725,-0.231856423294309,-0.27524450003075474,-0.2640121925382213,0.288896178896794,0.5318755595650599,0.15529767152591256,0.011290399743027221,0.06141717753675189,-0.028506209036420423,0.02014092496531551,-0.14325548971767166,-0.11986481591590976,-0.1110211250760325,0.2525270128964796,-0.023681135054230824,0.22889030132792051,-0.12647024651617356,0.13609647414211415,-0.2112268399866046,-0.03186189080023784,-0.218973612449511,-0.05866633861631094,-0.4066833425597496,-0.25668915178479895,-0.3237891182963252,-0.39588501835031675,-0.260584749759088,-0.34754884874828285,-0.4184418974979326,-0.46284488002241675,-0.45809840143795405,-0.49483320689725874,-0.1880411976571737,0.0411976571737095,-0.12350412454978506,0.00604159405135355
#201,0.5272384310991737,0.13572741749191836,0.5911023175390756,0.2996910859150213,0.026595999152536583,0.21507801447522196,0.09199420444371545,0.249844517800149,-0.07669885660782264,0.5531680779666346,0.2956519659101005,-0.016546039817111925,0.014089079340345409,0.007425556489587818,-0.32618115214018684,-0.40448267142339683,1.0,0.5389047218748078,-0.25633718109063075,-0.34283312488466977,-0.18894333613543013,-0.4480040186168577,0.3364737320512032,0.1228992817064086,0.3165241697933966,-0.11880548664219957,0.1977289347248136,0.05848522748241855,-0.13429219718560131,-0.4000984151067189,0.20898516255578564,-0.09968288465612805,0.4248525481994819,-0.006930063764787895,0.018866312645657773,-0.08126080686718745,0.11954018275138567,-0.3344405032839208,0.04902302503434277,-0.3037609606407917,-0.31957230434871753,-0.40712757741646677,-0.3295231651391822,-0.35918438480306725,-0.0798802616201587,-0.31510603544310717,0.20365092708397406,0.1437304792952385,0.40393933802171966,0.20481618928505527,0.38072977535385016,0.3115760769278084,0.5432103827937589,0.37877855917550013,0.2461436997245744,0.41880070257451185,0.09870215078014476,0.1479507104340516,0.21055365331911782,0.10243030638536349,-0.1373779208441829,-0.004466268905610344,-0.16425412967557187,-0.2331207840403502,0.14317005993753373,0.165716687511533,-0.14784819469788613,-0.11507391384577532,0.13452798337878197,0.021972539451472466,0.5185724342019833,0.3730137576117934,0.35104121816032097,0.4175192558724431,0.37394665081089945,0.3687354342224865,0.043080529527949205,0.07237269254163847,-0.025092435022109227,-0.2863640402135061,-0.3218823256036468,-0.1466180058639001,-0.07971623644229389,0.005347904236633657,-0.16484872094533176,-0.17340536772394563,-0.16447282991272494,-0.10432001312201424,-0.23391015520882455,0.03926010976018152,-0.3374954722216527,0.09172766352968514,-0.08255250514287277,-0.03945147246769046,-0.024374824868950717,0.4256419193679563,0.41000826960271736,0.6160512305305531,0.37621908296256806,0.5521941784730623,0.3898160867693191,0.35136926851605055,0.3633396893089756,0.44380770781648315,0.3912888961788968,0.47487681025704115,0.4036010360923735,0.006048428433764583,-0.26113833473438175,-0.19985101046343948,-0.07765567014536731
