,#10,#11,#12,#13,#17,#18,#26,#49,#50,#51,#52,#53,#54,#58,#101,#102,#201,#202,#301,#302,#401,#402,#501,#502,#601,#602,#701,#702,#801,#802,#901,#902,#1001,#1002,#1101,#1102,#1201,#1202,#1301,#1302,#1401,#1402,#1501,#1502,#1601,#1602,#1701,#1702,#1801,#1802,#1901,#1902,#2001,#2002,#2101,#2102,#2201,#2202,#2301,#2302,#2401,#2402,#2501,#2502,#2601,#2602,#2701,#2702,#2801,#2802,#2901,#2902,#3001,#3002,#3101,#3102,#3201,#3202,#3301,#3302,#3401,#3402,#3455,#3501,#3502,#3601,#3602,#3701,#3702,#3801,#3802,#3901,#3902,#4001,#4002,#4101,#4102,#4201,#4202,#4301,#4302,#4401,#4402,#4501,#4502,#4601,#4602,#4701,#4702,#4801,#4802
#10,1.0,0.3693710317867126,0.6478413603154751,0.7043070277954333,0.08502313438446135,0.6237262419781436,0.5238964181001784,0.6623063306884274,-0.15981519829960567,0.4353706627300624,0.5945297603182088,0.3547010299414293,0.4236496968951401,-0.011529603127413392,-0.45838202830801195,-0.49900559735919464,0.6717651159452976,0.09015233838394193,-0.30204894784682784,-0.2578817515155243,0.06813879263800326,-0.2708670780964878,0.33698289354082517,0.11306802260813702,0.31061926339026374,0.09681927842590504,0.3163806477627649,0.08492061864829585,0.028068808562114283,-0.14093863408033133,0.19452702656524443,0.061318078991791904,0.02175042202311388,-0.02455935319404862,-0.17328918322295805,-0.1576726194137467,-0.3942242634244357,-0.38029920926195504,0.053749000471572383,0.1713140467061694,0.03802650373498999,-0.33344610064311536,-0.43693573630218907,-0.49947375255435045,-0.23077317368216022,-0.24720986338069562,0.17421524203965308,0.020427969026578913,0.2135539471975615,0.029876502709832626,0.15825695910989004,0.06006396981936727,0.10305565237597304,-0.07785045004408177,0.37207744722148184,-0.052593989844107736,0.36012411238458436,0.015561888749923113,0.06541187405600093,-0.10277202550591516,0.2714958412783029,0.28377380927972445,-0.2880213779481817,-0.18951742425795692,0.37463350624320835,0.2333702389983529,-0.24262057559168665,-0.04769715484660229,0.2834594276888169,0.09560275835674109,0.4984793499135451,0.46669605451103413,0.08895632146201109,0.12889645227209043,0.20536635706914344,0.48964591064728435,0.4055180803586684,0.31963381379041683,-0.1995263772989154,-0.21884034199249586,-0.2882469125677458,-0.0790430497748071,-0.1500522830254444,0.0856074740806047,-0.11393598917433827,0.246365817152933,0.21996801509031635,0.1568832482452723,-0.1675312160416624,-0.25774848105850917,-0.37341015179163334,0.16871014700756568,-0.08079948605444269,0.18855377633800122,0.11504657631613119,0.3179047150404254,0.05393694598787581,0.3651439662654884,0.43538774868609,0.377838831593983,0.41152891968917227,0.2417321058782523,-0.06674799581735796,0.05376608642759997,0.2138819975532911,0.2024378242060156,0.1266616092236825,0.3287235423970913,0.32203609920789505,0.03134589492820481,-0.2096754351793
#11,0.3693710317867126,1.0,0.2058686841763544,0.1789651378153213,-0.1741127263034876,0.07376007217107826,0.40931799697920296,0.4154996958699827,0.31726570028499373,0.1672851782748652,0.39591235587996093,0.15219144472009788,0.11878498349496648,-0.054340174550126775,-0.15789473684210525,-0.2659702430989824,0.3529070045585331,0.07204805937711439,0.021675243816592513,-0.09837751761562066,0.1672475891716045,0.021442874814617378,0.16468127857626147,-0.07849971637312994,0.14734586759067517,0.04153937629426117,-0.07072902357178494,0.07103315358907593,0.028027802267648085,-0.007176101531585099,-0.23294650728886884,-0.005399162104716407,-0.004250985859662792,-0.19152673268680076,-0.24746615272110936,-0.0606619782803327,-0.14350494467567437,-0.13001729098749992,-0.012749540387782858,0.11866196461156787,0.22904407493216875,0.15564622502887526,-0.12463863203001661,-0.09942317812450878,-0.24977959116724416,-0.10722462564670343,-0.2684032832373103,-0.15776830076750115,-0.10897764473513351,-0.031011010190064175,-0.07100239886822628,0.056858644468592595,-0.1214264722968309,-0.0012506919812191172,0.07566003048134555,0.03573698562729379,0.054572543552101914,-0.10711185833692138,-0.32159869873358893,-0.2512011427087391,0.11544638768717665,0.019590757181227318,-0.11002330524402162,-0.12260540326273417,0.2563474326642473,0.0895304095845379,-0.12503844340106207,0.3053362857865349,0.3299195593190221,0.12617978526370466,0.35965253999822305,0.37899725941265316,0.09301252742295943,0.13329437735359045,0.15649710563904892,0.2868629501295116,0.06825155994778531,-0.009366521094321312,-0.09467328234884055,-0.10941846240064516,0.037988914631729306,0.09307403686465872,0.03858692309269473,0.19944436470998297,0.10765860892980406,0.170821971172575,-0.11236066402859506,0.1849896459106473,0.07885168706729816,0.02844811678592664,-0.0880610173661657,-0.11109972047375939,-0.23176415913176004,-0.09964529555286737,-0.14956704187426104,0.19525488829201948,0.14957045906546654,0.26177734948981335,0.18851618723474053,0.25690785202195204,0.26206097635987124,0.11197110423116616,-0.13211544638768719,0.024186879352647298,-0.006868554323088594,-0.026988976141171003,-0.14507685263021208,0.04407493216875457,-0.027706586294329514,-0.026633588255797265,-0.07753948564437975
#12,0.6478413603154751,0.2058686841763544,1.0,0.7423642862512729,-0.1384577532651262,0.4242682085033386,0.4146385636861925,0.4951612572529883,-0.09680560966108298,0.3860025013839624,0.36195572687074135,0.07842112097540306,0.2755691331952788,-0.11514225766988566,-0.4771697455559428,-0.1739316151695952,0.5769859006690861,0.384789398506004,-0.340413753511164,-0.25412284118945594,0.028280674416856322,-0.05257348669687464,0.4482466391924494,0.36838004633711274,0.4630157395826926,0.037934239572441034,0.4920686992119957,0.13519433566385775,0.017308073455942152,-0.11437680683984992,0.29344446039133676,0.034564889043801554,0.22126996493961823,-0.062264640955720034,-0.12123852678052748,-0.36537291807625805,-0.36650059117407857,-0.45771567602293617,-0.08569632105194815,0.17925559906779023,-0.07318940123975697,-0.2925218187658472,-0.37776365338746165,-0.47804796369576064,-0.2245162965848591,-0.11819039222520657,0.21043746881813025,0.030563358142141485,0.26727902733069525,0.1675961426745672,0.33461136284419657,0.3448629364607467,0.21268598063136024,0.26731319924275043,0.3089311709347385,0.06703162268741585,0.24170818553981369,-0.12051408224495794,-0.020000820125889322,-0.14985750312672996,0.1452032887048162,0.3083024077529234,-0.1996733165207526,-0.12855131596033326,0.5598965274502969,0.01569174201573275,-0.18760037999166204,-0.09919080912253364,0.20888948120203119,0.0851153985470103,0.43303330394548895,0.47358852917256133,-0.22450262782003705,0.20517841155284003,-0.047659565743341605,0.3641017229478058,0.24691256774581566,0.26727219294828425,-0.13374202940151314,-0.20303583266698105,-0.18700237153069663,-0.18082750702232792,-0.08752451834689959,-0.05507487065931287,-0.30113655779495485,0.03424367307048298,0.25504890000615094,-0.03326977357691072,-0.0368851618723474,-0.22736281685905455,-0.2561321496182997,0.02509926940452026,-0.027945789678715683,-0.020943964898611937,-0.0717644325070565,0.5790635529220401,0.30254444057162777,0.6727014263356091,0.4432472884587784,0.4871342751112296,0.5991908091225336,0.42287399449148777,0.067369924616762,0.2513036584449046,0.20178172349455642,0.28330565408456865,0.15686957948045024,0.3168488029579207,0.2945413787683076,-0.13771622277352907,-0.28106397665374966
#13,0.7043070277954333,0.1789651378153213,0.7423642862512729,1.0,-0.08682057695856314,0.40031711534387193,0.46088341227045015,0.43926626070435143,-0.20181247821540607,0.4553851516207738,0.27827213143884255,0.238601958733999,0.2759313554630636,-0.1536300822176204,-0.4226689630191568,-0.403491685973797,0.5990096979886412,0.025427319760249863,-0.34205058809860645,-0.3740320805910374,-0.005149707146713687,-0.27559305353371744,0.31761083659675093,0.09502867023421428,0.395932859027194,0.006509749246509339,0.4160737839925095,-0.014912622420874938,-0.03123312761842276,-0.17079463364293085,0.1072177912642924,-0.003506038176860148,-0.02107723535562709,-0.09745487599013115,-0.11601705861849794,-0.18901167995954046,-0.3259385315645952,-0.46903683048681305,-0.00579213909335083,0.21360520506564423,-0.07910797640771192,-0.31037322562346653,-0.3041881095414813,-0.5151279054668225,-0.18036276901837767,-0.2742125082866887,0.14752014434215652,-0.08359133126934984,0.22831963039659922,-0.027569898646108846,0.20391063361559333,0.1494406057996569,0.17261257936426574,0.02602874541242081,0.43318707754973723,-0.03843656667965199,0.4584298689848892,0.07927883596798775,0.13726515353440086,0.03136981526664343,0.40068275480286225,0.42869688830568825,-0.2968240624935928,-0.24691598493702116,0.42411101770788484,0.137292491064045,-0.24207382499880398,-0.1147629494460733,0.25423219130803243,0.09987424736363698,0.42532070339463773,0.4376260089257034,-0.0021323273122424292,0.14282834081698206,0.15744366760297707,0.45582255209507994,0.5123189742958878,0.45841961741127263,-0.20614205947279574,-0.33666851194991765,-0.3538774868608998,-0.1287290099030201,-0.24363889857093063,-0.019447235150595616,-0.182474593183387,0.29974234378310405,0.3797148695658117,0.0634640750688564,-0.052170258134623664,-0.2899828457001483,-0.33331966456851125,0.22501178930965904,0.0410746382903109,0.25093801898591434,0.20021664992242977,0.461464334775388,0.07441617288253748,0.41743040890109967,0.4043767384960258,0.3123346933754331,0.4287447289825655,0.1142503707652458,-0.15642192743252756,0.026090254854120108,0.1334071446633725,0.07066751413008564,0.06314969347794887,0.4955234795207731,0.42383080802903245,0.07957954879407322,-0.09927965609387708
#17,0.08502313438446135,-0.1741127263034876,-0.1384577532651262,-0.08682057695856314,1.0,0.4034335937233032,-0.24582590094246135,-0.03959841168952768,0.05546443045674178,-0.07104682235389799,0.036024029688557196,0.3940363179081322,0.17694216062165544,0.10354089352715642,-0.03502279266534079,-0.11494064338876017,-0.192189667780671,-0.05265549928580704,0.021617151566098728,0.02737853593859991,-0.17588283134794525,-0.18548855582665272,-0.15200008201258894,-0.030115706094218795,-0.19679604152570754,0.10477791674355347,-0.07546866777383662,-0.23803812218508874,0.07699615224270259,0.2188471763749069,0.07438541816168782,0.21867973400583657,0.032500905555669465,0.18788742405292547,0.19693956355633924,0.10904940575044936,0.12677437653346454,0.29016395683404067,0.38921124392594264,0.29762026804447816,-0.15149092052296695,-0.08143166642746329,-0.006393564745521771,0.18411826215324054,0.1362297445991293,0.28011741468982154,0.14230892775374354,0.08279170852725894,-0.0464327941005611,-0.10407397535521702,-0.018692035894176423,-0.28488439642151736,0.046873611766072756,-0.2694079374517322,0.011823481571087828,-0.1507015493544926,-0.019532664930733534,0.0984663645869641,0.35200486608027665,0.2520178514068576,-0.02266622926619236,-0.048175561615374625,-0.06520000820125889,-0.07275200076545082,-0.25829864884259734,0.07438541816168782,0.12918007914214832,0.02282342006164613,-0.2708397405668437,-0.20774130495697757,-0.31201006021090905,-0.22757468271379658,0.18054388015227005,0.10634982469809116,0.007323040753422317,-0.1689869394952125,0.04945359112623788,0.07512011427087391,0.2104648063477744,0.2145961905152441,-0.03977268844100903,0.15423492506099687,-0.12336060251915336,0.02483956287290099,0.18565599819572304,0.049310069095606174,0.06272254457725927,-0.019611260328460417,-0.2703955057101265,0.06777315317901297,0.15180530211387447,0.04185717507637422,0.04113273054080468,0.11207020277612613,0.1592103554562292,-0.14503242914454034,-0.20915260492485596,-0.2909157388992544,-0.05475707187719982,-0.21264155714568853,-0.09613925737600722,-0.11065548561704222,0.2777561355668095,-0.16596272527833023,0.07731395102481564,-0.008064571245019444,0.21534455538925226,-0.02954845235410302,0.0063047177741783365,0.04516843335451992,0.02726235143761234
#18,0.6237262419781436,0.07376007217107826,0.4242682085033386,0.40031711534387193,0.4034335937233032,1.0,0.1862369207006609,0.46586567704809356,-0.06854885558266527,0.2068323320963101,0.39416617117394187,0.3819497126142196,0.36207874575413995,0.10638399661014633,-0.28327148217251347,-0.43483416371079625,0.44881389293256513,0.006496080481687272,-0.21801679891196632,-0.11741810701275979,-0.14640272281795255,-0.22685707256063806,0.24084021897361246,0.1535036461430163,0.15453563788708233,0.018422077788940602,0.15072205250172568,-0.040025560590217266,0.16651631025362393,0.004483354861637928,0.2128192510883754,0.18435063115521566,0.1272151941989762,0.03393612586198648,0.10219110300097732,-0.00021870023715306967,-0.19874725770405757,-0.1863462708192374,0.18544754953218653,0.24662894087575776,0.03380285540497133,-0.20814453351922854,-0.1858712812416706,-0.3003881929209467,0.020735516235075416,0.1162972682973503,0.2558143508361867,0.25222288287918865,0.11103479384085457,0.05073162063710113,0.17162842829707695,-0.032135266096679174,0.05856724007135095,-0.18618908002378365,0.08577491644967503,-0.0519925641919368,0.11614349469310206,-0.06856252434748734,0.13535494365051703,0.06727082607180203,0.003485535029627048,0.08703586000451069,-0.12586198648159158,-0.15435794394439548,0.11867221618518442,0.1423225965185656,-0.10828395492041362,0.016580211729167092,0.0205885770132382,-0.15112186387277113,0.13599054121474313,0.14981307964105822,-0.00434666721341726,0.048561704221598015,0.02550591515797675,0.14207997594297392,0.10885804304294043,0.11282198484133982,0.02338383941935087,-0.056940657057525,-0.29427142066307177,0.19398027597236175,-0.15650735721266548,0.02148388110908358,-0.03480409242818773,0.06759545923632611,0.07553017721553591,0.1572454705130571,-0.2567404096528817,-0.05719694639793875,-0.1464129743915691,0.08697435056281139,0.16003731572796423,-0.057244787074815985,0.02170941572864768,0.1333900587073449,0.01638543183045264,0.17614937226197555,0.2626179785263705,0.23439881355121345,0.2769565128247186,0.23814063792125426,0.08393988477231255,0.08405606927330012,0.2875258852233818,0.2809648781087897,0.2439977036475099,0.1097328439915527,0.16008515640484147,-0.09727718204744429,-0.23699246167620064
#26,0.5238964181001784,0.40931799697920296,0.4146385636861925,0.46088341227045015,-0.24582590094246135,0.1862369207006609,1.0,0.43435233975081844,-0.1920495629412448,0.14441391753634183,0.35016983440291416,0.18277530600947245,0.13316452408778082,-0.005183879058768854,-0.11552156589369801,-0.286541734156193,0.6144280647079327,0.3387461642028718,-0.08988579746991163,-0.03360465831505136,0.29314374756525124,0.013627758527600653,0.30160129579890516,0.13942140118508192,0.18933973031527007,0.21446633724943445,0.049655205407363366,0.0806798843622496,0.10904940575044936,-0.06526493483416371,0.18360568347241302,0.03586683889310342,0.11605806491296414,0.1336736855774028,-0.18134350289436096,-0.12168617882845016,-0.15718054388015226,-0.24103158168112138,-0.009903020113587435,0.045462311798194356,0.19447576869716168,-0.024596942297309302,-0.24538166608574416,-0.31242354034677655,-0.1419740430156029,-0.23244418018165788,-0.08541269418189025,-0.0785509742412127,0.0738079128479555,0.11904810721779126,0.21569310889221496,0.25184357465537627,0.18655471948277394,0.059893110259091435,0.2817747524244972,0.13442205045141095,0.04044245791729031,-0.1397631203056336,-0.16009882516966353,-0.16363903525857887,0.032849459058632166,0.024005768218754914,-0.2275849342874131,-0.17862341869476964,0.32117496702410486,0.21029052959629302,-0.20219862082162945,0.27967317983310436,0.4707420088983659,0.4310786705759334,0.5173149078383532,0.5833897169882244,0.028205496210334954,0.006205619229218352,0.02623377688475181,0.21901120155277168,0.14666584654077736,-0.0014693922183721868,-0.2978526370464533,-0.07330900293195006,-0.06650537524176628,-0.12307355845788995,0.061663215303549096,0.0015548219985101045,-0.1401150909998018,0.051524408996781006,-0.05461354984656811,0.19248696341555097,-0.005170210293946788,-0.12348362140255195,-0.413722756443114,-0.05177044676357821,-0.1959930015924111,0.05357814091129655,-0.10517772811459893,0.22481359221973907,0.2974186537633527,0.35204587237474283,0.32494071173258426,0.3967769052549566,0.36726945919531984,0.20536635706914344,0.07234193782078882,0.2609333032620507,0.27448588358313003,0.18107696198033066,0.14826509202495916,0.10751508689917236,-0.0653059411286299,-0.01432828272473158,-0.08616789343830945
#49,0.6623063306884274,0.4154996958699827,0.4951612572529883,0.43926626070435143,-0.03959841168952768,0.46586567704809356,0.43435233975081844,1.0,0.13687559373697195,0.3795132552846862,0.6461601022423609,0.09898236045899712,0.19851488870208245,0.07665785031335644,-0.4023093378166882,-0.27342997150062537,0.5763503031048599,0.22281111817330626,-0.2226334242306194,-0.1464129743915691,0.1215084848857633,-0.03702868390297911,0.26107682529268245,0.1715635016641721,0.1849520568073866,0.2190556250384434,0.21910346571532063,0.1538761199844176,-0.04723241684265202,-0.13585043637531694,0.1371250486949747,0.08940739070113929,0.008471216998475932,-0.26294261169089456,-0.2412161100062193,-0.15621006157778553,-0.3934314750647558,-0.31362980884232394,-0.1880822039516399,-0.042834491761152005,0.019365222561663214,-0.23446715737532378,-0.3295094963743601,-0.36246830555156884,-0.3028554049713298,-0.1344323020250275,0.11227181705725162,0.12439601145442492,0.04581428249236258,0.0499285807038047,-0.007189770296407165,0.12489492137043036,-0.0586595042338999,-0.043350487633185025,0.20687333839077632,0.10247814706224072,0.1979954756388439,-0.030915328836309708,-0.20027132498171804,-0.33359645705615815,0.15930261961877815,0.2069929400829694,-0.2549600530348075,-0.08065254683260548,0.5370321010941846,0.06126340393250364,-0.1436518838975116,0.06151285889050636,0.23269705233086613,0.03848440735652923,0.4574183803880562,0.44348990903437013,-0.04806279430559258,0.1055194472351506,0.0025936481249871856,0.26262823009998704,0.30379171536164135,0.20404048688140297,-0.12510337003396688,-0.18297692029059795,0.009619393243529548,-0.0521770925170347,0.25973386914891433,0.08788332342347883,0.01145784211209754,0.04010757317914967,0.03220360992078951,0.13194800401861687,-0.09379506420902275,-0.23167189496921112,-0.2552470970960709,0.1773078000806457,-0.21000348553502962,-0.047550215624765066,-0.16469836453228903,0.35685044320969933,0.14996001886289545,0.4273744353091533,0.35332731907681164,0.2712737238499443,0.3424298963224188,0.32354991491193896,-0.04094478502450126,0.3789801734566256,0.1467991169977925,0.3207170634025656,0.02327107210956882,0.29427483785427727,0.19344719414430114,-0.09720883822333395,-0.23187692644154212
#50,-0.15981519829960567,0.31726570028499373,-0.09680560966108298,-0.20181247821540607,0.05546443045674178,-0.06854885558266527,-0.1920495629412448,0.13687559373697195,1.0,0.21986208216294534,0.10467198381618245,-0.2026565244431687,-0.07231801748235021,0.0742589820870837,0.014830609831942537,0.20009704823023666,-0.15730356276355087,0.08832072389778498,-0.045018076941477185,-0.15488419139004503,-0.21771608608588086,-0.022057969231610384,-0.09059999043186462,-0.08097717999712956,-0.02758698460213643,-0.007258114120517499,-0.09001906792692678,-0.1342887799943958,0.04918363302100206,0.178288533956629,-0.16739794558464724,-0.0962178527737341,-0.03110669154381864,-0.16387823864296502,-0.04339149392765123,0.04444057162774486,0.1064830951551063,0.18419002316855637,-0.15574874076504078,0.02035620801126306,0.0821937000662935,0.2544918978396517,0.10783972006369645,0.16088819633813792,-0.22065487052262522,-0.06854202120025424,-0.26800347186626483,0.1059705164742788,-0.4190023168556373,-0.17650476014734928,-0.3625400665668847,0.03865184972559955,-0.34612046282437686,0.175424927726406,-0.02847887150677629,0.06142742911036844,-0.18078991791906723,-0.20480935490264424,-0.18622666912704433,-0.3174297254628585,-0.020041826420355523,-0.0393387051579084,0.2958433286176095,0.1559366862813442,-0.037862478557125184,-0.3048783821649957,0.2991238321749055,-0.011919162924842297,0.11334139790457835,-0.15232129798590752,0.025191533567069213,-0.03221044430320054,-0.1812307355845789,0.1398690532330046,-0.29302072868185264,-0.11587353658786624,-0.0707016860421408,0.010306248675838408,0.3062350070735858,0.051189524258640366,0.10596709928307328,0.18235157429998838,0.25094143617711984,0.05727554179566564,0.13538228118016116,-0.10543401745501267,-0.10669154381864283,0.04201436587182799,0.1688980925238691,0.04596122171419979,0.19064851454698295,0.05451445130160813,-0.060227994997232075,-0.127782447939092,-0.0194438179593901,0.17790922573281664,-0.02135402784327394,0.04135143077795775,-0.15032907551309127,-0.0547946609804605,0.0020981554001872622,0.14411662190146188,0.02224933193911932,0.02926824267525065,-0.07031554343591741,-0.09837068323320963,-0.18109404793635822,-0.06077132839890923,-0.05112801481694107,-0.012947737477702828,-0.06616365612121461
#51,0.4353706627300624,0.1672851782748652,0.3860025013839624,0.4553851516207738,-0.07104682235389799,0.2068323320963101,0.14441391753634183,0.3795132552846862,0.21986208216294534,1.0,0.4755089906300617,0.04347008932537811,0.12783712299838026,0.0328972997355094,-0.1527689500338302,-0.014386374975225364,0.277038525413651,-0.07706449606681293,-0.2934137056704871,-0.3066655731654809,-0.0367826461361819,-0.2467587941415674,0.2347781217750258,0.07248545985142052,0.30929339320252325,0.07288185403126046,0.24236770344247843,-0.046989796267060326,-0.20815478509284507,-0.19422631373915897,0.041255749424203285,-0.1533225350091239,-0.09332690901386696,-0.10641133413979045,-0.33259863722414723,-0.22946780664165284,-0.36907373615183264,-0.24460254649088636,0.06472843581489758,-0.03515264593115043,-0.13629808842323962,-0.20008679665662013,-0.3179457213348916,-0.37307868424469826,-0.23149761821772977,-0.3853634866285308,-0.11789309659032661,-0.2523390673801762,-0.04040828600523514,-0.13877896923844477,-0.11407609401376445,-0.020779939720747136,-0.019061092544372226,-0.12706142059472797,0.3416166048155058,-0.05334577190932142,0.2264982674840588,0.10399879714869566,0.048824827944422805,-0.08344439204751262,0.290331399203111,0.2572017304656265,-0.007241028164489916,0.02824991969600667,0.2116369029312666,0.1498062452586472,-0.0901455040015309,-0.31166492389915185,0.33297452825675405,0.05783937834457589,0.4149597796595111,0.2960927835756122,-0.013747360219793739,0.19291069512503503,0.0011140043329984485,0.2328952494207861,0.29326334925744435,0.2741578332274004,0.17505245388500468,-0.2904646696601262,-0.23210929544351724,-0.23043145456160855,0.06975512407821267,0.032644427586301164,-0.11617766660515723,0.09286900539232772,0.20878013108345464,0.16823515742999884,-0.14999760796615613,-0.3213253234371476,-0.35556216212521957,0.22801891757051373,-0.03625639869053233,0.17825777923577935,0.14742788017960756,0.40441774479049203,-0.011956752028102981,0.1388643990185827,0.19448602027077824,-0.018295641714336484,0.17553086065377702,0.18175356583902297,-0.14899978813414524,0.026490066225165563,-0.06843608827288322,-0.09181309330982305,0.04615600161291425,0.3349804194943924,0.2745678961720624,0.19509428030536022,0.057682187549122126
#52,0.5945297603182088,0.39591235587996093,0.36195572687074135,0.27827213143884255,0.036024029688557196,0.39416617117394187,0.35016983440291416,0.6461601022423609,0.10467198381618245,0.4755089906300617,1.0,0.16613016764740055,0.23868738851413693,0.20992489013730276,-0.15500379308223813,0.02467212050383067,0.4982982387796527,0.18958576808206726,5.467505928826742e-05,0.12201422918417977,0.14503584633574587,0.14178609749929946,0.20216444890957427,0.2544611431188021,0.11462284460664712,0.16381672920126572,-0.005693040548390845,0.1372514847695788,0.018637360834888154,-0.07904988415721813,0.06638577354957319,0.03266493073353426,0.03363199584469549,-0.07653824862116335,-0.23560166485555534,-0.12912882127406558,-0.34169178302202724,-0.12685297193119144,0.014717842522160485,-0.08823187692644154,0.0534858767487476,-0.13058112753641019,-0.29396387345457525,-0.21888476547816757,-0.26481181528031217,-0.16478379431242696,-0.13929838230168332,-0.1047027385370321,-0.08545711766756198,0.011478345259330641,0.016279498903081623,-0.0439177413733008,-0.1119403495103165,-0.13288773160013395,0.10956881881368791,0.017971008549812397,-0.13916169465346265,-0.1962561253152359,-0.2518299058905542,-0.376707741304957,-0.008044068097786343,-0.014133502826017127,-0.046538727027932124,0.11507733103698084,0.36293646074672464,0.09154313520458723,-0.016901427702485664,0.02610734081014769,0.29133947060873844,0.05739856067906424,0.46539752185293776,0.34921643805657504,0.09766332465366767,0.050577847032852875,-0.026384133297794543,0.18198935203220362,0.023148053226170216,-0.06395615060245081,0.08955091273177099,-0.03798208024931827,0.10812676412495985,-0.05170210293946788,0.26968814713058453,0.17478591297097437,-0.045096672339204065,-0.044587510849582075,-0.1254109172424634,0.17151566098729487,-0.20872203883296087,-0.08154101654603982,-0.1941545527238431,-0.10148032723022984,-0.3025341889980112,-0.16225165562913907,-0.18873830466309913,0.17885237050553926,0.15333620377394597,0.1442259720200384,0.207215057511328,0.2052535897593614,0.2366780800852931,0.3685884950006493,-0.04606032025915978,0.21090220682208052,0.07015493544925813,0.1463890540531305,0.11717206924596259,0.03433935442423745,0.02366404909820324,-0.07519187528618976,-0.19463295949261544
#53,0.3547010299414293,0.15219144472009788,0.07842112097540306,0.238601958733999,0.3940363179081322,0.3819497126142196,0.18277530600947245,0.09898236045899712,-0.2026565244431687,0.04347008932537811,0.16613016764740055,1.0,0.5548698391869819,0.24521764090787937,-0.1392949651104778,-0.5590456468401233,0.1368209186776837,-0.10113860810967817,-0.14217565729672837,-0.19007784361566166,-0.04073291916975923,-0.49657255722086674,0.1856457466221065,-0.08791407814432849,0.1805609661082976,0.08169479015028806,-0.0059561642712156315,-0.31659251361750695,0.10521531721785961,-0.03236421790744879,-0.04185717507637422,0.06852835243543218,-0.11439730998708302,0.0738079128479555,0.02471312679829687,0.09650147964379199,-0.1848119519679604,-0.07128602573828416,0.4162207232143467,0.2676378324072745,0.005740881225268078,-0.20790191294363686,-0.11337556981663352,-0.12025095852213315,0.2722920468291883,0.026114175192558726,0.11179341028847928,0.003724738414013218,0.2186250589465483,-0.08854284132614357,0.04832591802841736,-0.3180653230270847,0.23842426479131212,-0.4339251908501288,0.33360329143856915,-0.47564567827828236,0.27827896582125355,0.1118173306269179,0.28456659763940434,0.34640408969443476,0.15930603680998368,0.14954995591823345,-0.024272309132785216,-0.0032053253507746773,-0.14206972436935736,0.2691926544057846,0.001312201422918418,0.11162596791940896,-0.03328685953293831,-0.1195470171337967,-0.00036905665019580506,0.11083317955972909,0.24997437106595863,0.38747531079354014,0.28741653510480525,0.2847647947293243,0.1368038327216561,0.18392348225452607,0.028981198613987246,-0.04006656688468346,-0.11513200609626911,0.16150670794633643,-0.13767521647906286,0.5784962991819245,0.24047457951462217,0.43505628113915484,0.2090945126743622,0.26484598719236735,-0.30350808849158345,0.2634005153124338,-0.0759129026305538,0.20360650359830235,0.26797613433662065,0.22941313158236457,0.22221652690354637,-0.02628503475283456,-0.2013135682994006,-0.021846103376868348,0.18220121788694565,0.01317327209726693,0.004520943964898612,0.024108283954920415,0.03568572775921104,-0.3180619058358791,0.06148210416965671,-0.07802814398676863,0.029961932489970543,0.04792268946616639,0.20076340051531244,0.1932695002016143,0.12397911412735188
#54,0.4236496968951401,0.11878498349496648,0.2755691331952788,0.2759313554630636,0.17694216062165544,0.36207874575413995,0.13316452408778082,0.19851488870208245,-0.07231801748235021,0.12783712299838026,0.23868738851413693,0.5548698391869819,1.0,0.25678141594734794,-0.26901154327189225,-0.32882605813325677,0.10455238212398936,0.11512175452265257,-0.1248812526056083,-0.18727232963593246,-0.16472228487072765,-0.2962123852678053,-0.032791366808138385,-0.06546996630649471,0.15167886603927036,0.01969327291739282,0.12848297213622292,-0.16733301895174243,0.20336730021391616,0.0324872367908474,0.11284248798857291,-0.06538795371756231,-0.25355558744934015,-0.08447638379157868,0.2698590066908604,0.016556291390728478,-0.10178787443872635,-0.054288916682044025,-0.04899227031349312,0.0849308702219124,0.024408996781005884,-0.18626767542151054,-0.12445752089612422,-0.2130892091936112,-0.06915028123483621,0.00022211742835858637,0.03176620944648337,-0.0815581025020674,0.15817494652095762,-0.044826714233968244,-0.03529958515298765,-0.2619789637709388,0.006971070059254096,-0.21284658861801953,0.1626822217210342,-0.26517062035689143,0.2643470772763619,0.16642062889986947,0.0744640135594147,-0.041597468544754955,0.02889576883384933,-0.025905726529022205,0.2113874479732639,0.019765033932708672,-0.022317675763229655,0.12068835899643929,0.12489833856163587,-0.11687135641987711,0.15131322658028007,-0.008242265187706313,0.23775107812382534,0.2882503297589513,0.22890738728394808,0.4395498875744093,0.19380941641208593,0.4191629248422966,0.1382937280872614,0.12422515189414908,0.15972976851946774,0.06779365632624608,-0.05715252291226703,0.03838530881156924,-0.015322685365536944,0.6168406016990274,0.1783500433983283,0.25709238034704995,0.16101804960394753,0.04794319261339949,-0.26243003301006707,0.09181651050102857,-0.07952487373478495,0.04793294103978294,0.0028465202741954224,0.19391534933945695,0.20340488931717685,-0.00047157238636130646,-0.10630881840362495,0.021682078199003547,-0.049436505170210296,-0.02376998202557426,-0.08526917215125855,0.17301580792651672,0.09340550441159384,-0.2569556926988293,-0.11385739377661137,-0.13267928293659745,-0.1853826228992817,-0.0046815519515578975,0.11866196461156787,0.06157778552341118,0.023130967270142633
#58,-0.011529603127413392,-0.054340174550126775,-0.11514225766988566,-0.1536300822176204,0.10354089352715642,0.10638399661014633,-0.005183879058768854,0.07665785031335644,0.0742589820870837,0.0328972997355094,0.20992489013730276,0.24521764090787937,0.25678141594734794,1.0,0.24012260882045394,-0.0063354724950279865,-0.044908726822900646,0.09497741236613154,-0.02556742459967605,0.19984075888982292,-0.09072300931526323,-0.08754160430292716,-0.15377702143945762,-0.20136140897627786,-0.035241492902493864,-0.03852883084220095,-0.30289299407459047,-0.3615627498821069,0.2231289169554193,0.20005945912697598,0.0035880507657925493,-0.032282205318516395,-0.17019662518196543,-0.08074481099515442,0.197711848768786,0.34738824076162356,0.08262768334939413,0.20928929257307663,0.06578776508860777,-0.23326772326218742,0.03795132552846862,0.08756552464136579,0.18755253931478483,0.19457145005091614,0.1768772339887506,0.27408607221208453,-0.06651562681538283,0.01211394282355675,0.08404581769968357,-0.07402661308510856,-0.3536485350501302,-0.3443059342942475,-0.17749916278815464,-0.3362516146228446,-0.17310123770665464,-0.08483860605936344,-0.16455825969286286,-0.040541556462250286,-0.1044567007702349,-0.05601801543203548,-0.20726631537941073,-0.2674567212733821,0.4667097232758562,0.5071761015315851,-0.1484154484380019,0.05625038443401062,0.635354943650517,0.2294370519208032,0.2086331918616174,0.06410308982428803,0.2083632337563816,0.29243980617691484,0.26939768587811563,0.2632501588993911,0.1662224318099495,-0.004582453406597913,-0.14175875996965534,-0.24118877247657516,0.398174536458013,0.2743013552580321,0.2962123852678053,0.4105345170483669,0.27441753975901967,0.4575106445506052,0.5365161052221517,0.010186646983645322,-0.2206104470369535,0.03414115733431748,-0.04776549867071262,0.49394473718382437,0.2196057928225316,-0.148640983057566,0.119198463630834,-0.24442485254819948,-0.22112644290898653,-0.1352729310615846,-0.3092694728640846,-0.14500850880610175,-0.29220060279252863,-0.07521579562462838,-0.25153944463808525,0.12462838045640005,0.20101627266452068,-0.020667172410965082,-0.15782981020920045,0.04307711233674369,-0.14359379164701783,-0.27819011884991013,-0.19188553776338002,-0.17775886931977392,-0.09086311415468941
#101,-0.45838202830801195,-0.15789473684210525,-0.4771697455559428,-0.4226689630191568,-0.03502279266534079,-0.28327148217251347,-0.11552156589369801,-0.4023093378166882,0.014830609831942537,-0.1527689500338302,-0.15500379308223813,-0.1392949651104778,-0.26901154327189225,0.24012260882045394,1.0,0.4528974364231576,-0.36373608348881553,-0.23296701043610193,0.6148517964174167,0.6005235136926852,0.3586342170189791,0.2759826133311463,-0.09745487599013115,-0.08523158304799787,-0.15057169608868295,0.08843349120756702,-0.4980043603359782,-0.19579480450249112,0.12492909328248553,0.22391487093268816,-0.29449012090022486,-0.14955679030064448,-0.16110347938408545,0.09551391138539767,-0.09195661534045475,0.3374544659271865,0.3204060990028636,0.46897873823631925,0.009390441432759928,-0.3361730192251177,-0.060504787484878926,0.2565353781805507,0.4204887950300371,0.4518791134439136,0.17392136359597865,0.18518442580936173,-0.4630943349804195,-0.319046056903068,-0.38123893684347215,-0.35367587257977434,-0.254143344336689,-0.22931061584619905,-0.27227154368195516,-0.2967215467574273,-0.26355428891668203,0.041037049187050215,-0.5142496873270047,-0.14532289039700927,-0.20784040350193755,-0.06460541693149899,-0.2401977870269753,-0.42512250630471776,0.27868902876591556,0.3625708212877343,-0.418312044232123,0.10265925819613311,0.2373341807967523,0.22824103499887233,0.29261066573719063,0.19614677519665935,-0.033198012561594874,-0.06119164291718779,0.34611362844196586,-0.3614328966162973,-0.11715840048114053,-0.4498595534414533,-0.5108119929742548,-0.5128315529767152,0.316599347999918,0.49442656114380223,0.014673419036488767,0.11228206863086818,-0.17037773631585781,-0.04675742726508519,0.15950081670869812,-0.2623924439068064,-0.4454274564478981,-0.11925313869012227,0.07620678107422822,0.223569734620931,0.2667937861795119,-0.32366609941292657,0.010815410165460398,-0.23781942194793568,-0.1164168699895434,-0.3986734463740184,-0.04191185013566249,-0.5193173818847859,-0.4003444528735161,-0.37671799287857355,-0.4074043699041136,-0.45107949070182274,0.05555669461929073,-0.2217722920468292,-0.18995824192346858,-0.2808452764165966,-0.08377927678565326,-0.48091156992598366,-0.44912485733226715,-0.10007586164476247,0.1028232833739979
#102,-0.49900559735919464,-0.2659702430989824,-0.1739316151695952,-0.403491685973797,-0.11494064338876017,-0.43483416371079625,-0.286541734156193,-0.27342997150062537,0.20009704823023666,-0.014386374975225364,0.02467212050383067,-0.5590456468401233,-0.32882605813325677,-0.0063354724950279865,0.4528974364231576,1.0,-0.3085826174317758,0.13053670405073844,0.35026209856546314,0.4408860093357664,0.14906129757584455,0.6118139134357123,-0.17566071391958665,0.20698268850935286,-0.22917392819797838,0.053749000471572383,-0.16791394145668026,0.16696737949275214,0.05087172547652731,0.16987882639985238,0.01593094540011892,-0.12787812929284645,0.040503967358989604,0.009626227625940582,-0.05885086694140884,-0.04214763632884314,0.2215467574272651,0.2559988791612846,-0.283989092325672,-0.39103260683848307,-0.006919812191171344,0.20456331713584702,0.22275986030522352,0.3580806320436854,-0.08531359563693026,0.05558061495772935,-0.26326724485541864,-0.14717159083919382,-0.3189708786965466,-0.11248710010319918,-0.07739254642254252,0.08628407793929702,-0.25402715983570145,0.20545178684928136,-0.21975956642677985,0.15895748330702097,-0.6313773330872956,-0.3113300391610112,-0.30829215617930683,-0.3940089803784881,-0.3859375747510576,-0.338271174625305,0.32806060730322106,0.36142947942509174,-0.037978663058112754,-0.12687347507842453,0.09593422590367622,-0.10344862936460747,0.049361326963688924,0.1282403515606312,-0.03429493093856573,-0.15944955884061537,-0.09247261121248779,-0.23080392840300987,-0.463097752171625,-0.40795795487940734,-0.47443599259152947,-0.39831122410623365,0.2840095954729051,0.3373724533382541,0.23620309050772628,-0.09027535726734054,0.1633793287269596,-0.21293543558936295,-0.12156315994505157,-0.5471640730185416,-0.3727882229922293,-0.19044348307465195,0.0453290413411792,0.03515948031356147,0.21571702923065358,-0.4315297398150616,-0.2301785824124003,-0.37814637880247953,-0.316804379472249,-0.040462961064523406,0.2383183318639411,-0.13486628530812814,-0.23239633950478064,-0.13647919955713203,-0.0856894866695371,0.011215221536505853,0.05929851898933153,0.11767781354437906,-0.17053150992010607,-0.14001940964604734,-0.029773986973667125,-0.36512688030946083,-0.36748815943247287,-0.21812614903054287,-0.07142954776891586
#201,0.6717651159452976,0.3529070045585331,0.5769859006690861,0.5990096979886412,-0.192189667780671,0.44881389293256513,0.6144280647079327,0.5763503031048599,-0.15730356276355087,0.277038525413651,0.4982982387796527,0.1368209186776837,0.10455238212398936,-0.044908726822900646,-0.36373608348881553,-0.3085826174317758,1.0,0.3185984048551453,-0.2793963873454575,-0.1818424128103664,0.13924712443360054,-0.018514341951489554,0.451643327250733,0.2844401615648002,0.3362413630492281,0.15671922306740751,0.21317463897374914,0.1730978205154491,0.07943602676344153,-0.2071364621136011,0.18819497126142196,0.12839070797367397,0.17847989666413794,0.06254485063457241,-0.20955925067831246,-0.23943575338814507,-0.34772654269096975,-0.4249413951708254,0.026384133297794543,0.18067031622687416,0.14860681114551083,-0.2519529247739528,-0.3194868745685796,-0.4828867064427723,-0.1513029750066635,-0.24553885688119792,0.17829195114783453,0.042376588139612766,0.2047000047840677,0.11530286565654495,0.24457862615244774,0.18435404834642116,0.18600113450748024,0.13260068753887055,0.3208947573452525,0.08865560863592561,0.11395990951277687,-0.20819579138731129,-0.12141963791441987,-0.1841353481092681,0.07544816462660352,0.16744236907031895,-0.3291916975922471,-0.19620828463835865,0.47248477641317943,0.10133680519959813,-0.31217750257997934,0.15038716776358504,0.35936207874575415,0.24458204334365324,0.5330613249133742,0.4670172704843527,-0.012117360014762267,0.07402661308510856,0.03233688037780466,0.3122048401096235,0.19393926967789557,0.09781026387550489,-0.2375392122690833,-0.2748481058509148,-0.14285909553783172,-0.01793683663775723,0.00559394200343086,-0.10244397515018555,-0.22969675845242243,0.06852151805302113,-0.014205263841332978,0.14153322535009125,-0.07990076476739179,-0.26698856607822635,-0.41873235875040155,0.043729795856997385,-0.07243761917454329,-0.012400986884820154,-0.15173354109855863,0.43744831498301656,0.3009417778962404,0.5107026428556783,0.5487428153554904,0.5084609654248594,0.5449599846909834,0.43444802110457287,-0.05233086612128295,0.31391343571238184,0.37764063450406304,0.34625373328139203,0.2063744284747709,0.20726631537941073,0.14558943131103957,-0.07414279758609613,-0.21427155735072
