,#10,#11,#12,#13,#17,#18,#26,#49,#50,#51,#52,#53,#54,#58,#101,#102,#201,#202,#301,#302,#401,#402,#501,#502,#601,#602,#701,#702,#801,#802,#901,#902,#1001,#1002,#1101,#1102,#1201,#1202,#1301,#1302,#1401,#1402,#1501,#1502,#1601,#1602,#1701,#1702,#1801,#1802,#1901,#1902,#2001,#2002,#2101,#2102,#2201,#2202,#2301,#2302,#2401,#2402,#2501,#2502,#2601,#2602,#2701,#2702,#2801,#2802,#2901,#2902,#3001,#3002,#3101,#3102,#3201,#3202,#3301,#3302,#3401,#3402,#3455,#3501,#3502,#3601,#3602,#3701,#3702,#3801,#3802,#3901,#3902,#4001,#4002,#4101,#4102,#4201,#4202,#4301,#4302,#4401,#4402,#4501,#4502,#4601,#4602,#4701,#4702,#4801,#4802
#10,1.0,0.2315078697913463,0.46173429288062384,0.4418257369172835,0.2456960476766517,0.10660953122971042,0.3003608553913026,0.5711049146043917,-0.050307888927617055,0.4796813810919976,0.18021582979654044,0.17444761104162823,0.24274017728387975,-0.3087398082272296,-0.013115179846773146,0.08066963278863305,0.16197828033269773,0.28889959608799953,0.10069779044416652,-0.17796390079210492,-0.1469255530723966,0.02843786521231009,0.013176689288472447,0.023636711568559107,0.10593976175342915,0.11899684934970851,0.10858808493770461,0.25482678257779234,-0.06116430538754365,0.05558403214893486,-0.003506038176860148,0.04048688140296202,-0.09469036830486813,0.16870331262515462,-0.1064181685222015,-0.01313226580280073,0.023523944258777057,-0.006202202038012835,-0.06788933768000055,-0.16117524039940131,0.18461717206924597,0.00459612217141998,-0.07028820590627329,-0.10273785359385999,-0.1397050280551398,-0.08476684504404759,0.046962458737416196,-0.06906143426349277,-0.09068200302079703,-0.10671888134828696,-0.009103397371496525,0.004582453406597913,-0.08118562866066607,0.120732782482111,0.04203145182785557,0.13104586554036043,0.14761240850470547,-0.01443079846089708,-0.026695097697496565,-0.08346489519474573,0.05076920974036181,0.12153582241540743,0.03692275097560809,0.13224529965349682,0.1044977070647011,0.07813407691413965,0.1501172096583492,-0.0011242559066149988,0.2314429431584415,0.23000430566091895,0.2389470950457562,0.10232437345799247,0.12949104354185034,-0.0416897327073039,0.01811111338923858,0.18075232881580655,0.2147362953546703,0.19442451082907894,0.0940274332109979,-0.07140221023927174,-0.21403577115753936,-0.19691906040910614,-0.018630526452477123,0.17897538938893787,0.16472570206193318,-0.02601165945639322,0.042127133181610044,0.08823529411764706,0.012927234330469727,-0.060511621867289964,-0.1304034335937233,-0.0800442867980235,-0.12931334959916346,0.11239483594065022,0.03624272992571026,0.14767733513761028,0.3257164141362366,0.06073373929564855,0.3086475440646806,0.1049077700093631,-0.00628079743573972,0.12601576008583984,0.032309542848160525,-0.16461635194335664,-0.03770870495287693,0.07655191738598542,-0.11347125117038799,0.06922204225015206,-0.037602772025505916,0.03697059165248532,-0.04215105352004866
#11,0.2315078697913463,1.0,0.26010634299031565,0.4151784798966641,-0.10148716161264087,0.04774499552347952,0.3222035415769654,0.1519488241445062,0.2234296297815048,0.4076606592445274,0.235533321031445,-0.09198395287009889,0.15072205250172568,-0.05250172568155879,0.09504575619024187,0.24652300794838675,0.153753101101019,0.2308927753743533,-0.09018309310479158,0.002228008665996897,0.15754618333914255,0.04116348526165433,0.04124208065938122,-0.03173887191683923,-0.0945810181862916,-0.03605478440940684,-0.07726952753914393,0.17472098633806957,0.14063792125424587,0.05166451383620719,0.12665477484127147,-0.15069813216328706,0.13944532152352052,0.1414648815259809,0.14487523834908658,0.024709709607091356,0.04827466016033461,0.01680232915752568,-0.10769961522427025,-0.1213034534134323,0.18376287426786678,0.03348847381406379,0.03724054975772114,-0.14684695767466974,-0.05266233366821807,-0.2647092995441467,0.06505306897942167,0.14382616064899295,-0.10625756053554221,0.11650913415209235,0.013002412536991095,0.007346961091860934,-0.09157388992543689,0.01161503290755131,-0.16908945523137803,-0.09205571388541474,-0.09377114387058413,-0.028502791845214908,-0.14646764945085738,-0.19872675455682448,0.21571702923065358,0.07329191697592247,0.13272028923106363,0.3686089981478824,-0.03720296065446046,0.24331768259761208,0.2044163779140098,0.14856580485104465,0.25444063997156896,0.372210717678497,0.153038908139066,0.01505614445150664,0.010060210909041205,-0.020339122055235477,0.08263451773180516,0.20119738379841307,0.1647325364443442,0.07664759873973988,0.1509680902685229,0.04732126381399545,-0.024248388794346598,0.057019252455251884,-0.18786008652328132,0.09982298949555424,0.1380271871732311,0.09889009629644817,-0.029732980679200924,0.052054073633636094,0.20058570657262556,0.1433853429834813,-0.06571600407329192,-0.010432684750442527,-0.13227947156555198,-0.006328638112616953,-0.16706989522891763,0.08015363691660003,0.09085627977227838,0.1717856190925307,-0.013573083468312387,0.09054873256378188,0.04078417703784198,0.13191041491535618,0.06653612996261593,0.2817713352332916,0.13493804632344397,0.08347856395956779,0.0229396045626337,0.08571682419918124,0.02196912226026695,-0.023708472583874957,-0.20165187022874678
#12,0.46173429288062384,0.26010634299031565,1.0,0.32239832147567987,0.08781839679057402,0.23731709484072472,0.20794633642930857,0.510627464649157,-0.029240905145606517,0.5795522112644291,0.35955002426205757,0.056967994587169134,0.3130625551022082,-0.2676720043193297,-0.19918807536956923,-0.09418120681524614,0.5084541310424483,0.6559776925758104,0.16132901400364957,-0.07582747285041587,-0.3182190966313329,-0.11100745631121044,-0.10256357684237864,0.10118986597776092,-0.11007456311210438,0.11652622010811993,0.09342259036762143,0.291766619509428,-0.0702506168030126,0.0906990889768246,0.21147287775340182,0.022331344528051723,0.19240153363541304,0.1014939959950519,-0.13965718737826258,-0.37874780445465045,-0.17492943500160607,-0.11571976298361798,0.020896124221734702,-0.12039106336155933,0.04973721799629576,-0.21890526862540066,-0.2728285458484544,-0.26784969826201654,-0.2947874165351048,-0.14827876078978122,0.3064639588843554,0.15631599450515654,0.04594413575817221,0.04488138929325652,0.1480873980822723,0.24685105830411636,0.13529343420881773,0.2876523212979859,0.09980932073073216,0.17125595445567562,-0.13613748043658036,-0.2939741250281918,-0.06470793266766449,-0.06887007155598385,-0.09991867084930871,-0.0020571491057210615,0.012482999473752554,0.18415585125650122,0.3299776515695159,0.3382985121549491,0.3313650311989557,0.08323594338397611,0.21626036263233073,0.23957585822757127,0.36803491002535554,0.26077269527539143,-0.042591871185560314,0.04292333873249544,-0.14284200958180415,0.019167025471743246,0.1390079210492144,-0.048196064762607724,0.08942447665716688,0.002990042304827124,0.012565012062684955,-0.12066785584920618,0.16900060826003457,-0.10975676432999132,-0.15018555348245954,-0.004739644202051681,-0.05761384372501179,0.174915766236784,-0.10861200527614322,-0.1866504008365284,-0.22084281603892864,-0.2438781019553168,-0.2790512510337003,-0.053940363179081324,-0.1914139653770187,0.08406973803812219,0.3318092660556729,0.38639547837259686,0.46005986918992064,-0.1351054886925143,0.3053533717425625,0.38838770084541313,0.04047321263813995,0.10828395492041362,0.3538911556257219,0.42897709798454065,0.32203609920789505,-0.05665019580505608,-0.069413404957661,-0.11235382964618403,-0.029825244841749875
#13,0.4418257369172835,0.4151784798966641,0.32239832147567987,1.0,0.023575202126859807,-0.05320224987868971,0.43396619714459506,0.3309583854454992,0.17541809334399497,0.5054504199727992,0.33221249461792385,-0.15817494652095762,0.013648261674833753,-0.0780623158988238,-0.026271365988012493,0.12656592786992804,0.35051155352346586,0.21871390591789172,0.06062438917707201,-0.01452647981465155,0.00876509544215037,0.20050369398369317,0.19397685878115625,0.09654248593825819,0.1595213198559312,0.1497823249202086,0.12395861098011877,0.21119950245696048,-0.027921869340277065,-0.14255496552054073,0.010026038996986038,-0.13156527860359898,0.05834170545178685,0.15610071145920898,-0.0856655663310985,-0.0011515934362591324,0.00583314538781703,0.03278794961693286,-0.040934533450884714,-0.04389382103486218,0.012148114735611917,-0.007432390871998852,-0.12834970167920776,-0.18896725647386875,-0.13346523691386628,0.03512189121030078,0.14807031212624472,0.05293912615586493,0.04569126360896398,0.08703244281330517,0.0440612634039325,-0.04415011037527594,-0.003109643997020209,0.06493688447843411,-0.0056144451506639605,0.10062261223764514,0.06883248245272316,0.1488255113826639,-0.12767993220292648,-0.11047095729194431,0.06402449442656115,-0.00806798843622496,-0.015609729426800348,0.11360110443619763,0.12093097957203097,0.06384680048387427,0.02157272808042701,-0.0644038026503735,0.15637750394685584,0.1822729789022615,0.06253801625216138,-0.07957613160286771,0.1410548185813189,-0.12366473253644435,0.20325453290413412,0.32111345758240556,0.29469515237255584,0.24716543989502388,0.1899377387762355,0.03896623131650708,-0.14861022833671636,-0.2725004954927248,-0.23476787020140924,0.18561840909246236,0.024200548117469366,-0.15333620377394597,-0.10455579931519489,0.012072936529090549,-0.008440462277626282,-0.0880986064694264,-0.11050171201279396,0.050506086017537026,0.01511765389320594,-0.12839412516487947,-0.22254116006807045,0.21593914665901215,0.25259535672058997,0.2461881232102461,0.20881772018671532,-0.05943178944634668,0.06013914802588864,0.25155994778531837,-0.1170114612593033,0.34897381748098333,0.2697940800579556,0.08837881614827876,-0.013890882250425441,0.17857557801789242,0.08287372111619133,-0.20645985825490878,-0.21350610652068425
#17,0.2456960476766517,-0.10148716161264087,0.08781839679057402,0.023575202126859807,1.0,0.30596163177714447,0.2610699909102714,0.19081253972484777,-0.022567130721232377,0.18297350309939242,0.09717124912007326,0.5581605943178944,0.24108283954920415,-0.05818451465633308,-0.2970325111571293,-0.018035935182717212,-0.004879749041477867,-0.02769633472071296,0.012236961706955351,-0.013487653688174468,-0.27142749745419253,0.08491720145709034,-0.0026893294787416534,0.043124953013620924,0.09190535747237201,0.08804734860134364,-0.10428925840116458,-0.16248402463111422,-0.18800360855391302,-0.086178145011926,0.04745795146221612,0.323153520732099,0.022567130721232377,0.33425939215002837,-0.13979045783527771,0.020404048688140296,0.16281549217804933,0.2498889412858207,0.08308216977972785,0.23265946322760545,-0.14168358176313398,-0.07107757707474764,-0.3087910660953123,-0.1465735823782284,-0.1849315536601535,0.10062261223764514,-0.1458354690778368,-0.2657310397145962,-0.2462052091662737,-0.16247377305749766,-0.13507473397166464,-0.14013559414703491,-0.11001988805281611,-0.03654002556059022,0.059770091375692835,0.14070284788715068,-0.007640839535535371,0.10526657508594237,0.03295197479479767,0.27999097861521743,0.0962178527737341,0.11620842132600688,-0.247496907441959,-0.24915424517663462,-0.15245456844292266,-0.33496675072957033,0.15198299605656135,-0.10721437407308688,-0.003885346400672503,0.10393387051579084,0.02174017044949733,-0.044047594639110434,0.22450946220244808,0.05119977583225692,0.1912909464936201,0.17986727629357774,0.22854858220736884,0.10500345136311758,-0.07494925471059807,0.023001114004333,-0.2589239948332069,-0.23523944258777055,0.004418428228733111,0.39566290092195816,0.24245313322261633,0.293188171050923,0.09809047355435727,0.030491597126825636,-0.07432390871998852,-0.025116355360547845,-0.19475597837601405,-0.0902890260321626,-0.0523206145476664,0.012459079135313937,0.07196262959697647,0.04961419911289716,0.13382404199044554,-0.06941682214886652,0.08592869005392327,0.06009814173142244,-0.10526999227714788,-0.017742056739042777,0.10322992912745439,-0.1687545704932374,-0.022006711363527633,-0.07697564909546949,-0.07730711664240461,0.0888982292115173,0.013388555143214484,-0.008337946541460781,0.18061564116758588
#18,0.10660953122971042,0.04774499552347952,0.23731709484072472,-0.05320224987868971,0.30596163177714447,1.0,0.09568135375446797,0.12409188143713393,-0.16605840663208468,0.097526637005447,0.1871356419877118,0.38269807748822776,0.3441077372043275,0.07756682317402389,-0.19007442642445616,-0.3057907722168686,0.1921930849718765,0.01135532637593204,-0.09096904708206043,-0.08508122663495513,-0.2627136598801249,-0.10312057900887786,0.0376608642759997,0.2695924657768301,0.10806183749205503,0.06891107785045004,0.14940301669639622,0.09288950853956082,0.22018329813626392,0.22410281644899158,0.2313233414662484,0.23620650769893178,0.21325665156268153,0.22788222992229307,-0.11599313828005932,-0.11727116779092257,0.2394425877705561,0.20774472214818307,0.15147041737573383,0.19155407021644488,-0.2934410432001312,-0.20253008836856456,-0.13928471353686125,-0.17522331344528053,-0.23530436922067538,0.024812225343256857,0.10915192148661486,0.21315413582651604,-0.12076353720296065,-0.07541057552334283,0.06324537483170334,0.06079866592855337,-0.02311388131411505,-0.012582098018712538,0.05720378078034978,0.018203377551787532,-0.11403167052809272,-0.14115049993507336,-0.08690600673870105,0.014222349797360562,0.017297821882325603,0.0031164783794312427,0.021904195627362132,0.25165562913907286,-0.1105290495424381,-0.21305503728155606,0.3596593743806341,0.254242442881649,0.011362160758343072,0.046087657788803915,0.01502538973065699,-0.009995284276136386,-0.04233899903635208,-0.19733937492738468,0.001240440407602567,-0.10235512817884213,0.010620630266745945,-0.1355736438876701,0.11221030761555233,0.24407629904523678,0.04467294062971999,-0.022474866558683426,0.07997594297391317,0.21495499559182335,0.06065514389792166,0.098855924384393,0.047519460903915414,-0.06690518661281174,-0.039492478762156655,-0.16108297623685236,-0.32630075383237994,-0.13041368516733987,-0.10509913271687205,-0.0366596272527833,-0.11692261428795987,-0.024388493633772785,0.05409071959212406,-0.039225937848126356,0.031831136079388186,0.045141095824875785,0.15160027064154347,0.06647120332971111,0.29879578181917593,0.025697277865485684,0.09966579870010046,0.207115958966368,0.15813394022649144,-0.10199974029346838,0.07758732632125698,0.020916627368967804,0.2638071610658903
#26,0.3003608553913026,0.3222035415769654,0.20794633642930857,0.43396619714459506,0.2610699909102714,0.09568135375446797,1.0,0.18477094567349422,0.09821007524655034,0.4309283141628907,0.34347897402251243,0.1276047539964051,0.20761828607357896,0.13159945051565416,-0.12628571819107567,0.0827233647031486,0.09495690921889843,0.07395485206979271,-0.08470191841114277,0.03041300172909875,-0.08874787279847457,0.033785769448943744,-0.05891237638310814,-0.010736814767733513,-0.12257464854188452,0.06256535378180551,-0.1360486334652369,0.023920338438616993,-0.0028055139797292217,0.02860530758138041,-0.03372426000724445,0.3372323484988279,0.2124946179238513,0.4206494030166964,0.015476458969785195,0.2735871622960791,0.14973790143453686,0.21252195545349545,0.08825579726488016,0.175325829181446,-0.041436860558095666,0.08185539813694735,-0.22129388527805685,-0.141584483218174,-0.18674949938148838,-0.10209200445601734,0.12386634681756983,0.03591809676118617,0.030577026906963553,0.06401082566173907,0.005839979770228063,-0.03901407199338432,0.014605075212378433,-0.03246673364361429,-0.18270696218536212,0.0010149057880384639,-0.010101217203507405,0.24658451739008605,-0.10849923796636117,-0.0182785557583089,0.2742535145811549,0.12247896718813005,0.03744558123005215,0.14020052077993972,-0.05067011119540183,-0.09580095544666106,0.2449408484202325,0.17946063054012124,0.2946370601220621,0.2754461143118802,0.20428310745699466,-0.009301594461416493,0.10324701508348198,-0.038402394767596826,0.24400795522112645,0.3602027077823112,0.4356303692616817,0.32487920229088496,-0.01962151190207697,0.16060456946808002,-0.21655082388479965,-0.29747674601384644,-0.16768498964591064,0.2707645623603223,0.18109063074515272,0.18570725606380578,0.1078089653428468,0.08220053444870454,0.04548623213663297,-0.14207997594297392,-0.13112104374688183,0.060962691106418165,-0.12461812888278351,-0.017027863777089782,-0.10582357725244158,0.01406857619311231,0.2897778142278173,-0.04467977501213103,-0.04906061413760346,-0.08410390995017736,0.023954510350672163,-0.06503256583218857,-0.09126634271694038,0.1391958665655178,0.06606455757625462,-0.018760379718286757,-0.010217401704494974,0.26923707789145634,0.07341835305052659,-0.10360240296885571,-0.1032504322746875
#49,0.5711049146043917,0.1519488241445062,0.510627464649157,0.3309583854454992,0.19081253972484777,0.12409188143713393,0.18477094567349422,1.0,0.2003670063354725,0.49998974842638344,0.27195374489984214,0.23783309071275774,0.3292566242251519,-0.21247753196782374,-0.11182416500932893,-0.040121241943971736,0.33515811343707924,0.41541768328105033,0.15005911740785544,-0.10804133434482192,-0.11487571675585535,-0.006595179026647257,-0.0327947839993439,0.0006902726235143761,0.20785748945796514,0.10800716243276676,0.011392915479192722,0.1288691147424463,-0.06914002966121967,-0.05497235492314737,0.06102420054811747,0.10205783254396217,-0.04977138990835093,0.047775750244329174,-0.21859772141690417,-0.28646655594967163,-0.06616707331242012,-0.030747886467239388,0.05874493401403782,-0.11805028738578038,0.025355558744934014,-0.2795364921848837,-0.09555833487106938,-0.16706647803771213,-0.30366186209583174,-0.16690928724225834,0.1110211250760325,-0.07710208517007361,-0.09371988600250139,-0.17249639486327817,-0.028735160847190043,-0.04621409386340803,-0.1007353795474272,0.06026900129169827,0.0642397774725087,0.22765669530272897,-0.11869613652362304,-0.23864296502846521,-0.20647694421093638,-0.17921117558211852,-0.0027474217292354376,0.18094710871452102,-0.06550755540975539,0.008648910941162801,0.16129142490038886,0.04404417744790492,0.25171713858077216,0.002538973065698918,0.27976202680444784,0.2071330449223956,0.29181104299509975,0.08325302934000368,0.2076490407944286,0.08279512571846445,-0.01622140665258784,0.16430880473486015,0.20299824356372037,0.22216868622666913,0.18273771690621177,-0.15228712607385234,-0.07373273464143412,-0.19633472071296276,0.12433450201272563,0.07856806019724027,0.005450419972799158,0.20716721683445075,0.1363527634825279,-0.02444316869306105,-0.29401854851386355,-0.06296174796164544,-0.19647482555238896,-0.15461423328480922,-0.2487646853792057,0.10575865061953676,-0.06252776467854482,0.2636260499319979,0.291151525092435,0.1843984718320929,0.2332267169677212,-0.034421367013169855,-0.007001824780103746,0.221632187207403,0.02334283312488467,-0.18410801057962398,0.1670630608465066,0.1992222472816244,0.013412475481653101,0.020038409229150008,0.06521367696608096,-0.012670944990055973,0.022638891736548226
#50,-0.050307888927617055,0.2234296297815048,-0.029240905145606517,0.17541809334399497,-0.022567130721232377,-0.16605840663208468,0.09821007524655034,0.2003670063354725,1.0,0.07566344767255107,-0.11620158694359584,0.014519645432240515,-0.2158673856436963,0.14057299462134104,0.09798454062698624,0.07511327988846288,0.07050348895222083,0.019935893492984507,-0.006776290160539643,-0.07989734757618627,0.11839884088874308,-0.14891777554521285,-0.050280551397972925,-0.047557050007176103,0.06126682112370915,-0.04698637907585481,-0.15394788099973347,-0.18520492895659485,0.0869367614595507,-0.019587339990021803,-0.14628653831696498,-0.1923741961057689,0.01736274851523042,-0.06279088840136961,0.003482117838421531,0.0889187323587504,0.07696539752185294,-0.09451609155338678,0.15804167606394248,-0.07293311189934322,-0.10369808432261018,-0.09601965568381413,0.1200766817706518,0.12187070715354807,-0.06200835161530628,-0.137391589609005,-0.17371974931485315,-0.20575591686657235,0.019272958399114266,-0.10806525468326054,-0.30853135956369304,-0.28340133543832313,-0.17721211872689124,-0.22928669550776043,0.022573965103643408,-0.19983050731620636,0.043729795856997385,-0.029647550899063006,-0.07221550174618471,0.011539854701029941,0.2509551049419419,0.2766728859546607,-0.15507213690634847,-0.1095278125192217,-0.04700688222308791,0.09389757994518826,0.07539348956731524,0.002897778142278173,0.08407657242053322,0.0848898639274462,0.18033201429752801,0.03055994095093597,0.038351136899514075,0.12064393551076757,0.07344227338896521,0.11762655567629632,0.22079839255325692,0.39834539601828883,-0.1223456967311149,-0.1828265638775552,0.01923536929585358,0.04834983836685598,0.14131452511293818,0.2840095954729051,0.056035101388063065,0.2556981663351991,0.39044484995113415,-0.18263178397884075,-0.2615347289142217,-0.025956984397104955,0.09125609114332384,0.09922839822579432,-0.05823577252441583,0.3349154928614876,0.2077925628250603,0.1517472098633807,0.09092462359638871,0.08358107969573329,-0.20532193358347173,0.1169704549648371,-0.07243761917454329,-0.07048982018739877,-0.2354308052952795,-0.001431803115111503,0.04142660898447912,0.1269452360937404,-0.013996815177796459,0.22612237645145197,0.3215474408655062,0.22573281665402306,0.02116949951817604
#51,0.4796813810919976,0.4076606592445274,0.5795522112644291,0.5054504199727992,0.18297350309939242,0.097526637005447,0.4309283141628907,0.49998974842638344,0.07566344767255107,1.0,0.34944197267613913,0.08916818731675312,0.3429185546648077,-0.15122779680014214,-0.09569160532808453,-0.004514109582487579,0.5484215993821718,0.4044655854673692,0.07659975806286265,-0.11866196461156787,-0.18796601945065233,-0.045862123169239814,0.013511574026613085,-0.04193577047410111,0.05252906321120292,0.020745767808691966,0.1769387434304499,0.2929250473280982,-0.14270190474237796,-0.03791715361641345,0.009557883801830248,-0.0440612634039325,0.053605478440940685,0.22989837273354793,-0.16361853211134575,-0.1681668136058885,-0.23026742938374373,-0.1309946076722777,-0.14770467266725443,-0.3169854906061414,0.028472037124365256,-0.13900108666680336,-0.2743389443612928,-0.31759375064072337,-0.16088819633813792,-0.12813783582446572,0.18897067366507425,0.03710386210950047,0.1402346926919949,0.1155796581441918,0.2738332000628763,0.19236052734094683,0.12424223785017667,0.25431078670575935,0.039441220894073904,0.08553229587408334,-0.053191998305073165,-0.22484776413179422,-0.027600653366958494,0.012978492198552478,0.0513398806716831,-0.0067181979100458585,-0.09946418441897498,0.03488268782591461,0.34361907886193865,0.24126395068309653,0.11352250903847073,-0.0025560590217265015,0.17380176190378557,0.24132546012479583,0.37064564410637035,0.1805575489170921,0.11894559148162576,-0.0355763776406345,-0.05728579336928218,0.046764261647496225,0.23931956888715752,0.19051182689876228,-0.008290105864583546,-0.24353980002597064,-0.04029210150424757,-0.1361067257157307,0.07712942269971775,0.14553817344295683,-0.011638953245989927,0.024326984192073485,-0.009557883801830248,0.11564800196830213,-0.00657125868820864,-0.06432520725264662,-0.038422897914829925,-0.15423492506099687,-0.10017154299851694,0.02211606148210417,-0.008789015780588987,0.17021371113799302,0.24541925518900484,0.3855445977624232,0.2769360096774855,-0.09652198279102508,0.051087008522474865,0.14407561560699567,0.004479937670432412,0.008929120620015172,0.12095148271926408,0.1478413603154751,0.03633841127946473,0.17336436142947942,0.10390995017735222,-0.11518326396435186,-0.07906697011324572
#52,0.18021582979654044,0.235533321031445,0.35955002426205757,0.33221249461792385,0.09717124912007326,0.1871356419877118,0.34347897402251243,0.27195374489984214,-0.11620158694359584,0.34944197267613913,1.0,0.04840109623493873,0.18871096713345498,-0.06446872928327832,-0.16847777800559052,0.12360322309474504,0.11438022403105544,-0.007223942208462332,0.21403235396633383,0.22184405306214505,-0.03411381980467335,0.14787894941873578,-0.2013272370642227,0.09943684688933084,-0.19739746717787848,0.14321106623199995,-0.18604897518435748,0.05441535275664815,-0.22876386525331638,-0.12540408286005236,-0.06654638153623248,0.2670466583287201,-0.08971835510084131,0.17971008549812395,-0.09494665764528189,-0.028888934451438295,0.00628079743573972,0.3758226887827282,-0.06704870864344344,0.2688680212412605,-0.10002802096788524,-0.04423212296420834,-0.29512913565565646,-0.22135881191096166,-0.21928799404041854,0.017414006383313172,0.14654282765737875,0.19853880904052104,-0.05087514266773283,0.18931922716803695,0.19861740443824794,0.11148244588877726,-0.01672031656859328,-0.05071453468107354,-0.22654610816093604,0.10849582077515565,-0.12427982695343735,0.09649122807017543,-0.10810284378652123,-0.034086482275029216,-0.0996521299352784,-0.08380319712409189,0.09057948728463153,0.22117086639465824,0.15184630840834068,-0.021900778436156617,0.3797729618163055,0.2051305708759628,0.19814583205188663,0.30794360267634413,0.0353098367266042,0.020718430279047833,0.01832981362639165,-0.1987506748952631,0.24090172841531174,0.1063805794189408,0.163461341315892,-0.022430443073011706,0.098855924384393,0.13830056246967243,-0.04436539342122349,-0.2416500932893199,-0.024002351027549395,-0.05930877056294808,0.1754044245791729,-0.09176183544174031,-0.1982791025089018,-0.0040562059609483385,-0.007234193782078882,-0.06501206268495548,-0.17946746492253227,-0.06428761814938593,-0.15087924329717944,-0.2413015397863572,-0.32689534510213986,-0.014765683199037719,0.18014065159001907,-0.1533601241123846,-0.031229710427217245,-0.3701262310431318,0.04782017373000089,0.028940192319521045,-0.18959943684688932,0.09385657365072206,0.04966887417218543,-0.051531243379192036,0.023428262905022586,-0.026824950963306202,-0.039748768102570414,-0.3094915902924432,-0.09520978136810668
#53,0.17444761104162823,-0.09198395287009889,0.056967994587169134,-0.15817494652095762,0.5581605943178944,0.38269807748822776,0.1276047539964051,0.23783309071275774,0.014519645432240515,0.08916818731675312,0.04840109623493873,1.0,0.49685276689971913,0.08648227502921699,-0.15310725196317634,-0.32478352093713053,0.026606250726153132,-0.010555703633841129,-0.08291131021945201,-0.1793307772743116,-0.0017871910004852412,-0.03191314866832059,0.1215084848857633,1.025157361655014e-05,0.2708431577580492,-0.08917843889036967,-0.14370997614800538,-0.2540784177037842,-0.02317539075581435,0.01991197315454589,-0.08854625851734908,0.2986864317005994,-0.0970140583246195,0.19988518237549463,-0.31391343571238184,-0.07401636151149202,0.15994163437420977,0.1763646553079231,0.08542294575550681,0.09150896329253207,-0.167145073435439,-0.31745022861009164,-0.14705882352941177,-0.0859970338780336,-0.04617308756894183,0.10933303262050725,-0.030918746027515223,-0.1533874616420287,-0.05856040568893992,-0.1384987595595924,-0.08918527327278071,-0.11368311702513002,-0.12466255236845522,-0.1035989857776502,-0.036560528707823316,-0.09281433033303946,-0.025481994819538133,-0.03133222616338274,-0.21913080324496476,0.14444125506598596,0.040548390844661324,0.05420690409311162,0.034595643764651206,-0.08003403522440694,-0.3847449750203323,-0.3428194561198477,0.29441152550249794,-0.01249666823857462,0.07385575352483273,0.1299762846930337,-0.08939030474511171,-0.21373164114024837,0.17187104887266863,-0.046453297247794206,0.13442546764261648,0.12305305531065686,0.16965329178028826,0.12151531926817433,0.18624717227427742,0.03018404991832913,0.0038272541501787193,-0.10227994997232075,0.26575837724424034,0.39129914775251334,0.3491993521005474,0.2754221939734416,0.09918397474012261,0.052170258134623664,-0.21172916709381556,-0.1342887799943958,-0.05900805773686261,-0.07167216834450754,0.008734340721300719,-0.0006219287994040419,-0.0488043247971897,0.14838469371715224,0.05512954571860114,-0.20315201716796863,-0.024272309132785216,0.0698439710495561,-0.024822476916873407,-0.13890540531304887,0.227967659702431,-0.250353679289771,-0.0696765286804858,0.06782782823830125,0.030293400036905664,0.048664219957763516,-0.037120948065528056,0.10591925860619605,0.2991375009397276
#54,0.24274017728387975,0.15072205250172568,0.3130625551022082,0.013648261674833753,0.24108283954920415,0.3441077372043275,0.20761828607357896,0.3292566242251519,-0.2158673856436963,0.3429185546648077,0.18871096713345498,0.49685276689971913,1.0,-0.1930473827732557,-0.018989331529056377,-0.20827096959383265,0.14341951489553648,0.18706388097239593,0.020810694441596785,-0.07450160266267539,-0.13217012144697543,-0.14024152707440593,-0.022088723952460036,0.09757106049111872,0.10803791715361641,0.046982961884649295,0.07471688570862293,0.07213007196604679,0.2272090432548063,0.26112124877835413,0.22604036386251955,0.11984772995988217,0.10487359809730794,0.11374804365803484,-0.0757317914966614,-0.19732912335376815,-0.013685850778094437,0.11994341131363664,0.0881635331023312,-0.12220559189168871,0.02922040199837342,-0.209569502251929,-0.19422973093036447,-0.21851229163676625,-0.14013901133824042,-0.04893076087179382,0.30708247049255394,0.3009930357643232,0.030805978717733173,-0.1626070435145128,0.14632071022902016,0.05844080399674684,0.00819442451082908,-0.014464970372952248,-0.09694229730930365,-0.13598028964112657,-0.17972717145415154,-0.30242483887943467,-0.12167934444603913,0.04243468039010655,-0.16396708561430845,-0.1832537127782448,0.1251272903724055,0.22215501746184707,-0.12303255216342375,0.005166793102741271,0.377845665976394,0.21125759470745425,0.15202741954223306,0.14914672735598247,0.050430907811015654,-0.014758848816626686,-0.09308087124706976,-0.23562216800278843,-0.20343906122923203,-0.1594358900757933,-0.13015056144451506,-0.22307424189613106,0.35535371346168304,0.15606653954715383,0.13013347548848747,0.06643019703524491,0.2011666290775634,0.08609271523178808,0.27555546443045675,0.03403864159815198,-0.14147513309959744,0.26622994963060165,0.026821533772100684,-0.036065035983023394,-0.03828962745781477,-0.026435391165877297,-0.020544153527566483,-0.11885674451028233,-0.14933467287228588,-0.0007073585795419597,0.039871786985969014,0.027904783384249482,0.13384454513767863,-0.07324407629904524,0.15946664479664296,0.15414949528085894,0.3749068815396497,-0.015531134029073463,0.23415619297562176,0.28611116806429787,0.21558717596484395,-0.1909799820939181,-0.06298908549128958,-0.08274728504158722,0.20253008836856456
#58,-0.3087398082272296,-0.05250172568155879,-0.2676720043193297,-0.0780623158988238,-0.05818451465633308,0.07756682317402389,0.13159945051565416,-0.21247753196782374,0.14057299462134104,-0.15122779680014214,-0.06446872928327832,0.08648227502921699,-0.1930473827732557,1.0,-0.059383948769469445,-0.10823611424353638,0.01887998141047984,-0.2765669530272897,-0.2671423396824746,-0.01244541037049187,0.25384263151060354,0.12099248901373028,-0.05110067728729693,-0.1516857004216814,0.08451397289483936,-0.15420758753135272,-0.04085252086195231,-0.16098046050068684,0.0036393086338753,-0.05592233407828102,-0.20824704925539403,0.09729768519467738,-0.00318140501233606,0.17846281070811038,-0.2441412256781416,0.22789248149590963,0.10352722476233435,0.10455579931519489,0.09931041081472673,0.2603694667131405,-0.3292566242251519,-0.17247589171604508,-0.018254635419870283,0.01873645937984814,-0.05318858111386764,0.08744250575796718,-0.04659340208722039,-0.02748105167476541,0.020158010921343093,0.06294124481441235,0.02285417478249578,-0.17363773672592075,-0.0001537736042482521,-0.26048565121412803,-0.14700756566132903,-0.28320997273081416,0.06703845706982689,0.1855842371804072,-0.031229710427217245,0.026879626022594468,0.2406078499716373,0.0770405757283743,0.13843383292668757,0.07999986331235177,-0.2853764719551118,-0.17708909984349264,0.12067469023161723,0.2716427805001401,0.004483354861637928,0.12003225828498008,-0.12032955391986003,0.005228302544440571,0.23280298525823714,-0.004449182949582761,0.2948899322712703,0.12049357909772483,0.22503229245689213,0.14788236660994128,0.08318810270709888,0.15148750333176142,-0.24526548158475658,-0.12442676617527457,-0.15721471579220744,0.152013750777411,0.05542000697107006,0.24262057559168665,0.19680287590811857,-0.35715799041819585,-0.18945249762505212,-0.20808985845994027,-0.12692131575530177,0.21153780438630662,0.12779611670391405,0.002723501390796821,0.04039803443161859,-0.10672229853949249,-0.21916497515701994,-0.15391712627888382,-0.33476513644844486,0.0008337946541460781,-0.2709525078766257,-0.19783828484339014,-0.07805889870761828,0.004213396756402108,-0.20409174474948572,-0.33809348068261813,-0.2449203452729994,0.19302004524361155,0.052091662736896784,-0.01188499101278713,0.02422446845590798
#101,-0.013115179846773146,0.09504575619024187,-0.19918807536956923,-0.026271365988012493,-0.2970325111571293,-0.19007442642445616,-0.12628571819107567,-0.11182416500932893,0.09798454062698624,-0.09569160532808453,-0.16847777800559052,-0.15310725196317634,-0.018989331529056377,-0.059383948769469445,1.0,0.41791906724348854,-0.13723781600475674,-0.0768970536977426,0.3340031028096146,0.19446893431475065,0.5855220443004668,0.08514615326785994,-0.08342730609148505,0.00656100711459209,-0.13581968165446728,0.09193269500201615,-0.2169677212118727,-0.36331235177933147,0.5556762963114839,0.4691666837526227,-0.05912082504664466,-0.0428960012028513,0.016778408819087064,-0.10910408080973763,0.2890191977801926,0.24814617377100717,0.27450980392156865,0.0023578619318065323,0.317617670979162,-0.16984807167900273,0.31649341507254697,0.3717699000129853,0.16670083857872184,0.13368051995981384,-0.11733609442382739,-0.4527983378781976,-0.2822804967229136,-0.16466077542902835,-0.15762477873686945,-0.41781996869852855,-0.16531345894928204,-0.070332629391945,-0.1943561670049686,-0.06139667438951879,0.12675387338623145,0.07639814378173716,-0.3252311729850532,-0.30679542643129054,-0.2804693853839898,-0.4573466193727404,-0.18934314750647557,-0.15150117209658348,0.5317627922552779,0.3544481577922211,0.05578222923885483,0.28187726816066266,0.08171529329752117,0.12964139995489307,0.4117681230735585,0.23239292231357514,0.24221734702943568,0.248621163348574,0.012301888339860168,-0.11597946951523726,0.10612770726973257,0.014994635009807338,-0.2216936966491023,-0.11265795966347501,0.15435794394439548,0.06818321612367498,0.09001223354451575,0.2106083283784061,-0.10221844053062146,-0.06182382329020838,0.0782263410766886,-0.23282348840547024,-0.3455532090842611,0.22026872791640184,0.3669448260307957,0.042673883774492716,-0.030211387447973265,-0.18831799014482056,-0.25131049282731566,-0.2529712477531968,-0.05662285827541194,-0.06849759771458253,0.0097526637005447,-0.10008953040958454,-0.2219123968862554,0.10623022300589807,-0.08424059759839803,-0.11359085286258107,0.022734573090302693,0.08323936057518162,0.005662285827541194,0.13768546805267942,-0.037790717541809335,-0.255062568770973,-0.10782946849007989,-0.22075055187637968,-0.24893212774827603
#102,0.08066963278863305,0.24652300794838675,-0.09418120681524614,0.12656592786992804,-0.018035935182717212,-0.3057907722168686,0.0827233647031486,-0.040121241943971736,0.07511327988846288,-0.004514109582487579,0.12360322309474504,-0.32478352093713053,-0.20827096959383265,-0.10823611424353638,0.41791906724348854,1.0,-0.25423219130803243,-0.05194472351505956,0.48354964153664254,0.6600749048312249,0.2541980193959773,0.567786821943835,-0.07559168665723522,0.2567369924616762,-0.3722722271201963,0.5210738181644216,-0.36445369364197405,-0.2422002610734081,0.19573329506079185,0.33385274639657186,-0.2175178889959609,0.19851488870208245,-0.11333456352216732,0.06018698870276588,0.3050902480197377,0.4568784641775846,0.26175342915137473,0.39256692568976004,0.08847449750203323,0.11147219431516071,0.16375180256836092,0.3760789781231419,0.20966518360568348,0.4193508703586,-0.1100403912000492,-0.1940110306932114,-0.42332506373061596,-0.2154983289935005,-0.32813236831853687,-0.11072382944115255,-0.13328070858876837,0.01766687853252141,-0.36081438500809876,-0.08640709682269562,-0.34880637511191304,0.32945482131507187,-0.5169800231002125,0.05981109767015903,-0.29044416651289306,-0.43107183619352235,-0.16582262043890403,-0.09678510651384988,0.2524347487339307,0.1594119697373547,0.19351553796841148,0.23953143474189956,-0.007360629856683001,0.01715771704289942,0.4838879434659887,0.29455504753312967,0.4115494228364054,0.3272541501787191,0.0348382643402429,-0.03929428167223669,0.33935442423745377,0.1909458101818629,-0.07079053301348423,-0.17440318755595652,-0.15274502969539158,0.3603701501513816,-0.07584455880644346,0.21941443011502265,-0.1438569153698426,-0.04904011099037035,0.07933009383607051,-0.2849048995687505,-0.41219868916545355,-0.02390325248258941,0.25065439211585644,0.21705998537442164,0.12635064482398048,-0.23572810093015945,-0.11473561191642917,-0.3289046535309837,-0.181046207259481,-0.28242743594475084,0.3002412536991095,-0.006844633984649977,-0.12090705923359235,-0.07652457985634128,-0.14560310007586164,-0.1293611902760407,-0.3540620151859977,0.0486813059137911,-0.09029927760577916,-0.05637340331740922,-0.30846643293078824,-0.20555771977665238,-0.3619078861938641,-0.43966948926660243,-0.5303173203753443
#201,0.16197828033269773,0.153753101101019,0.5084541310424483,0.35051155352346586,-0.004879749041477867,0.1921930849718765,0.09495690921889843,0.33515811343707924,0.07050348895222083,0.5484215993821718,0.11438022403105544,0.026606250726153132,0.14341951489553648,0.01887998141047984,-0.13723781600475674,-0.25423219130803243,1.0,0.6012718785666933,-0.06277380244534203,-0.3682877821745638,-0.22704501807694147,-0.23153179012978492,0.021258346489519474,0.09243160491802159,0.18232765396154976,-0.0008918869046398622,0.3184993063101853,0.23676692705663652,-0.13400173593313242,-0.10213984513289456,0.17284153117503537,-0.1420389696485077,0.2362509311846035,0.14698022813168488,-0.3988682262727329,-0.46811077167011805,-0.3924165692767173,-0.3029886754283449,-0.0317525406816613,-0.1909628961378905,-0.09566768498964591,-0.33734169861740443,-0.38586581373574175,-0.4608253200199564,-0.20115979469515238,0.028079060135730836,0.22373717699000129,0.04329581257389676,0.1574710051326212,0.05043432500222118,0.16810872135539473,0.168064297869723,0.26452818841025433,0.31428932674498866,0.38503885346400674,0.0770200725811412,0.022840506017673713,-0.2721621935633786,0.09696280045653674,0.12601917727704537,-0.039048243905439484,-0.11375487804044587,-0.17465947689637026,-0.05933610809259221,0.2527730506632768,0.02534872436252298,0.002467212050383067,0.017089373218789086,0.06041935770474101,0.0863626733370239,0.3237583635754755,0.29984827671047504,0.1903307157648699,0.12229785605423765,-0.28668525618682467,-0.10037315727964242,-0.017468681442601438,-0.009527129080980598,0.10105659552074577,-0.24539533485056622,-0.04937157853730548,-0.2040678244110471,-0.010524948912991477,-0.09050089188690463,-0.3178739603195757,-0.024057026086837664,0.0750756907852022,-0.12200739480176874,-0.22254116006807045,-0.31693423273805865,-0.2557801789241315,-0.15404356235348793,-0.05116560392020175,0.13070414641980876,0.030597530054196652,0.3719920174413439,0.15350022895181076,0.49589937055337996,0.40982715846882495,-0.03462981567670637,0.10996521299352784,0.40331057483990457,0.13879605519447236,0.1558170845891511,0.2941108126764125,0.23638420164161866,0.27236722503570965,-0.022269835086352423,0.19463295949261544,0.0970960709135519,0.2068289149051046
