,#10,#11,#12,#13,#17,#18,#26,#49,#50,#51,#52,#53,#54,#58,#101,#102,#201,#202,#301,#302,#401,#402,#501,#502,#601,#602,#701,#702,#801,#802,#901,#902,#1001,#1002,#1101,#1102,#1201,#1202,#1301,#1302,#1401,#1402,#1501,#1502,#1601,#1602,#1701,#1702,#1801,#1802,#1901,#1902,#2001,#2002,#2101,#2102,#2201,#2202,#2301,#2302,#2401,#2402,#2501,#2502,#2601,#2602,#2701,#2702,#2801,#2802,#2901,#2902,#3001,#3002,#3101,#3102,#3201,#3202,#3301,#3302,#3401,#3402,#3455,#3501,#3502,#3601,#3602,#3701,#3702,#3801,#3802,#3901,#3902,#4001,#4002,#4101,#4102,#4201,#4202,#4301,#4302,#4401,#4402,#4501,#4502,#4601,#4602,#4701,#4702,#4801,#4802
#10,1.0,0.41213376253254874,0.48111660139831464,0.350942119615361,0.17672004319329684,0.36227352565285437,0.23905986235553825,0.49233524012602603,-0.007627170770713305,0.3861938640914714,0.3671225199734826,0.014369289019197781,0.1942502340775976,-0.023530778641188087,0.14514519645432242,-0.23798344712580047,0.39340413753511166,0.2386668853669038,0.14004332998448596,-0.3009178575578018,0.285523411176949,-0.24236770344247843,0.2502887526568662,-0.04370245832735325,0.23791852049289566,-0.18895017051784116,0.2953751734224537,-0.20761145169116793,0.10750825251676133,-0.1189319227168037,0.37210136755992046,0.20562606360076272,0.36290570602587496,0.1827889747742945,-0.12187070715354807,-0.19522071637996433,-0.12931334959916346,-0.3059479630123224,0.18522884929503344,-0.21127126347227632,-0.1347979414840178,-0.35592438439300433,-0.06984738824076163,-0.23074241896131056,-0.12239353740799212,-0.09163198217593067,0.23523602539656505,0.0678175766646847,-0.06855910715628183,-0.121652006916395,0.2044608013996815,0.09036078704747845,0.2831313773330873,0.032500905555669465,-0.0024262057559168667,-0.11658772954981923,0.0305462721861139,-0.3686124153390879,-0.006622516556291391,-0.11822456413726173,-0.06242866613358484,0.001120838715409482,-0.31704016566542964,-0.1693696649102304,0.14729460972259242,-0.05432308859409919,-0.15446045968056096,-0.17429042024617444,0.18472652218782248,0.10211934198566147,0.4053164660775429,0.24091881437133933,0.05543025854468661,-0.014485473520185348,-0.1748713427511123,-0.08723747428563618,0.02656524443168693,0.07076319548384011,-0.06108570998981677,-0.10833862997970188,-0.3582685775599888,0.03732256234665354,0.24487250459612217,0.14061058372460172,0.009397275815170962,-0.04733834977002303,-0.23589212610802424,-0.2704535979606203,-0.1181152140186852,0.013077590743512462,-0.1295217982627,-0.20197308620206536,-0.13079641058235772,-0.10326751823071507,-0.034055727554179564,0.43137254901960786,0.019826543374407972,0.28662032955391986,0.2650373498998763,0.12575605355422056,0.2607214374073087,0.29459263663639035,0.3519194363001387,0.2132293140330374,0.41161776666051575,0.39056786883453276,0.3681647632911652,-0.08663263144225972,-0.0775702403652294,0.058211852185977214,0.13174297254628586
#11,0.41213376253254874,1.0,0.33221249461792385,0.2809477921527621,0.13525584510555705,0.19348820043876735,0.2772777287980372,0.2875532227530259,0.13640060415940514,0.3978157313814337,0.060156233981916225,0.09207279984144233,0.21092270996931362,0.09062391077030324,0.014362454636786747,0.08857359604699322,0.10289504438931375,0.07566003048134555,-0.0182170463166096,0.11522427025881807,0.010131971924357056,0.09252728627177605,0.18093343994969893,0.17796731798331045,0.19389142900101833,0.03484509872265393,0.1627881546484052,0.055679713502689326,-3.075472084965042e-05,0.04138901988121843,0.09693888011809813,0.03874069669694298,0.03996405114851796,-0.0865266985148887,-0.04142660898447912,-0.0739514348785872,-0.09915322001927296,-0.21362229102167182,0.1551404807304588,0.030354909478604968,0.09169690880883549,-0.0026756607139195865,0.2892857386942229,0.06031000758616448,0.2209590005399162,0.08506072348772203,0.04509325514799855,0.12247213280571902,-0.24958822845973525,-0.22296830896876005,0.012295053957449136,0.10846164886310049,0.014943377141724588,0.04460459680560966,-0.154467294062972,0.06077132839890923,-0.1054784409406844,-0.1784730622817269,0.028960695466754147,0.037507090671751446,-0.3632064188519604,-0.2899930972737649,-0.19904455333893753,-0.06471476705007552,0.13002412536991095,0.009154655239579276,-0.0783288568128541,0.04412619003683732,-0.005002767924876469,-0.0628079743573972,0.10613795884334912,0.17618696136523623,-0.2594502422788565,-0.13033850696081847,-0.3179969792029743,-0.2853081281310014,-0.2985839159644339,-0.21274749007305954,-0.04143344336689015,0.09788544208202626,-0.2331652075260219,0.14644031192121323,0.31135395949944983,0.20727314976182176,0.19300295928758399,-0.1856457466221065,-0.16491023038703106,-0.03654685994300125,-0.14623528044888223,0.17716769524121953,0.10272418482903792,0.035678893376800004,0.09198395287009889,-0.0026756607139195865,0.09724642732659464,0.24736021979373835,0.25349066081643534,0.19695664951236683,0.08919552484639726,0.043757133386641514,0.08602437140767774,0.12949787792426137,0.1102625086284078,0.14473855070086591,0.1181972266076176,0.16858712812416707,-0.02190761281856765,-0.2889200992352326,-0.3204983631654126,-0.016689561847743627,0.049091368858453104
#12,0.48111660139831464,0.33221249461792385,1.0,0.4378857154573227,0.30606414751330996,0.13795200896670973,0.06929722045667343,0.21060149399599506,-0.11407267682255894,0.35715799041819585,0.3517964174167401,0.1328398909232567,0.19028970947040372,-0.07152522912267033,-0.10339053711411368,-0.12062001517232895,0.1963791441986345,0.4472043958747668,-0.07487749369528222,-0.15706777657037022,0.25024432917119444,-0.06316336224277093,0.32834423417327896,0.20493579097724834,0.1755035231241329,-0.11148244588877726,0.41029873085518626,-0.03429493093856573,-0.09519269541207909,-0.19179669079203657,0.3272028923106364,-0.016969771526595998,0.39850258681374257,0.048541201074364916,-0.22532275370936106,-0.25444405716277446,-0.3105338336101258,-0.3935920830514151,0.2177058345122643,-0.2141075321728552,-0.14584913784265885,-0.22331686247172275,-0.10861542246734873,-0.21258004770398922,-0.14437974562428665,-0.13478768991040124,0.4125164879475666,0.14271215631599452,0.01630341924152024,-0.010606961501923879,0.3161141068487346,0.3500946561963928,0.41648726412837705,0.2486382493046016,-0.02904954243809758,-0.010268659572577724,-0.10962691106418168,-0.43394911118856744,-0.05686206165979811,0.1057449818547147,0.01410958248757851,0.1262925525734867,-0.37093952255004475,-0.2862820276245737,0.35832325261927706,0.24413439129573056,-0.1825224338602642,-0.14630020708178706,0.09630328255387202,0.1701282813578551,0.3872634449387981,0.5004066457534565,0.04470711254177516,0.229402880008748,-0.1213034534134323,-0.023670883480614274,0.041894764179634905,0.16105905589841374,-0.253535084302107,-0.12969265782297582,-0.4015507213690635,-0.008594235881874534,0.0887752103281187,0.06855227277387078,0.2858822162535283,0.05877568873488747,-0.07272124604460117,-0.16061823823290208,-0.2327551445813599,-0.14864781743997704,-0.11417860974992995,-0.28061290741462147,-0.12329909307745406,-0.178083502484298,-0.08674539875204178,0.36337044402982527,0.18862895454452258,0.4781573138143372,0.26729953047792837,0.3524046774513221,0.4519782119888736,0.487633185027235,0.18882715163444255,0.25413309276307244,0.4232738058625332,0.44974678613167124,0.3238198730171748,0.005911740785543914,0.06709996651152618,0.07901912943636848,0.1195880234282629
#13,0.350942119615361,0.2809477921527621,0.4378857154573227,1.0,0.08124713810236538,0.33296769387434305,0.22699034301765322,0.13490729160259432,-0.06923571101497414,0.5221160614821042,0.421090220682208,0.1649546538727028,0.2527252099863996,0.029158892556674115,0.21679344446039134,0.03172178596081165,0.3472481359221974,0.06571942126449744,-0.08101135190918472,-0.08158544003171153,0.37875122164585595,-0.3220839398847723,0.2594844141909116,-0.006396981936727287,0.22797449408484202,-0.1542246734873803,0.03355681763817413,-0.2951974794797668,-0.16646505238554118,-0.2841804550331809,0.1476978382848434,0.2705116902111141,0.3074139380394891,0.30255810933644983,0.035600297979073124,-0.07183277633116683,-0.02619277059028561,-0.040309187460275155,-0.04497023626459995,-0.011225473110122404,-0.3546361033085245,-0.43151265385903403,-0.3111010873502416,-0.2922108543661452,-0.26878942584353366,-0.12542116881607993,0.2539212269083304,-0.03031732037534428,-0.03669379916483847,-0.29704959711315687,0.12805924042673883,-0.015619981000416897,0.11957435466344084,-0.09198053567889337,0.33641563980070943,0.0684326710816777,0.10403980344316185,-0.03406597912779612,-0.14813182156794402,-0.20123497290167375,-0.017314907838353186,0.001681258073114223,-0.11460575865061953,-0.5317593750640723,-0.08942447665716688,-0.03896623131650708,-0.18413876530047363,-0.1570438562319316,0.19896254075000513,0.15977077481393395,0.2330592745986509,0.289101210369125,0.35543914324182097,0.24386443319049475,0.16945851188157382,0.02781251922170053,0.12794647311695678,0.0168877589376636,-0.2908849841784047,-0.38453310916559025,-0.49093760892296967,-0.16815656203227194,0.10573814747230366,0.02855404971329766,0.10104976113833473,0.114291377059712,-0.10874527573315837,-0.10450795863831765,-0.2669988176518429,-0.19100048524115118,-0.3886952480539096,-0.20412249947033537,-0.26386183612517855,-0.1910039024323567,-0.12356221680027885,0.2794339764487182,0.1955795214565436,0.2642958194082792,0.2765669530272897,0.007001824780103746,0.1670186373608349,0.17860974992994758,0.17949480245217642,0.22329635932448963,0.375286189763462,0.22691516481113183,0.2018808220395164,0.023366753463323287,0.03490660816435323,0.04270463849534237,0.05226935667958365
#17,0.17672004319329684,0.13525584510555705,0.30606414751330996,0.08124713810236538,1.0,0.23729659169349163,0.013839624382342689,0.21878224974200206,0.1264155714568853,0.024795139387229274,0.26327066204662414,0.43173818847859813,0.39470950457561904,0.1734190364887677,0.027006062097198587,0.02982182765054436,-0.18556031684196858,-0.14239435753388144,-0.18794551630341924,-0.06566474620520917,-0.04285841209959062,0.02170258134623665,-0.15000444234856716,0.032432561731559124,-0.012301888339860168,-0.032548746232546694,-0.11184808534776755,-0.19514895536464846,-0.07045223108413808,0.08319493708950991,0.08880596504896834,-0.10849923796636117,0.06462933726993761,0.028017550694031532,0.006379895980699704,0.030488179935620117,0.11883965855425474,-0.03307499367819627,-0.011984089557747114,-0.06628325781340769,0.11863804427312925,0.03732939672906458,0.10438835694612457,0.08633875299858529,0.13521825600229634,0.25032292456892136,-0.04884191390045039,-0.07656216895960197,-0.17699000129853265,-0.10140173183250295,-0.19814583205188663,-0.004172390461935907,0.07576938059992208,0.14852821574778396,0.0023783650790396324,0.021183168282998106,-0.12593374749690744,-0.03606845317422891,-0.06697694762812759,0.19447918588836718,-0.08770562948079197,-0.018117947771649615,0.07447768232423677,-0.037517342245368,-0.007394801768738168,0.09191560904598856,-0.08163328070858877,0.0500721027344364,-0.1683889310342471,-0.0471879933569803,-0.04683260547160656,0.018968828381823278,0.11710372542185225,0.035716482480060686,0.08643443435233975,-0.06239791141273519,-0.033321031444993474,-0.12391418749444706,-0.11965636725237323,-0.08048168727232964,-0.1653032073756655,0.23936399237282924,0.22033023735810114,0.38529172561321495,0.5101627266452067,0.006239791141273519,0.09290659449558841,0.048250739821895997,0.001729098749991457,0.20748501561656382,0.14028595056007764,0.07051374052583738,0.2095660850607235,-0.057340468428570456,0.17642958194082792,-0.09159097588146448,-0.08137699136817501,-0.0646498404171707,-0.08174604801837082,0.03618122048401096,0.13654754338124236,-0.18469235027576733,-0.06380579418940807,0.04700004784067688,0.07547891934745317,0.027880863045810864,0.08348198115077331,-0.0937233031937069,0.08442170873229041,-0.133205530382247,0.2069519337885032
#18,0.36227352565285437,0.19348820043876735,0.13795200896670973,0.33296769387434305,0.23729659169349163,1.0,0.1846889330845618,0.3364634804775866,0.2377442437414143,0.2185430463576159,0.20168945933200746,0.3871130885257554,0.31384850907947703,0.2774383367846964,0.09030611198819019,-0.24977617397603866,0.09245210806525468,0.10213642794168905,0.0244944265611438,-0.18916545356378872,0.04593046699335015,-0.20883138895153738,0.12849664090104498,-0.12380142018466501,-0.02709490906854202,-0.09962820959683978,-0.2125971336600168,-0.35607474080604706,0.160088573596047,0.06452340434256658,0.3415209234617514,0.19013593586615546,0.19823809621443558,-0.009530546272186113,0.1274817351130065,-0.06518633943643683,0.05059493298888046,-0.099775148818677,0.14554159063416233,-0.003663228972313917,-0.003406939631900163,-0.020448472173812012,0.08484544044177447,-0.037770214394576236,-0.085768082067264,0.15034616146911883,-0.0596812444043494,-0.008597653073080051,-0.32775647728593005,-0.27157785386723526,-0.12741339128889617,0.04551356966627711,-0.05830069915732065,-0.021330107504835327,-0.007118009281091314,-0.14721601432486553,-0.14984383436190787,-0.26836227694284404,-0.09761890116799596,0.08443537749711247,0.11712764576029087,0.16450016744236906,0.05852965096809027,-0.1642165405723112,-0.09057607009342601,0.001312201422918418,0.13910360240296885,-0.10541351430777958,0.08789357499709538,-0.10891955248463972,0.14468729283278317,-0.03223436464163916,0.08664971739828731,0.005457254355210191,-0.12314873666441133,-0.2066409693888012,0.1496627232280155,0.089041751242149,0.049224639315468256,-0.03588050765792549,-0.15248190597256678,0.09320730732167387,-0.012558177680273922,0.324575072273594,0.19707283401335438,0.2531796964167333,0.21295935592780157,-0.17296455005843397,-0.0013600420997956519,0.22229853949247877,0.0634435719216233,0.1394589902883426,0.08936638440667309,0.19740771875149501,0.3058522816585679,0.031219458853600696,0.054989440879174956,0.04282765737874097,0.03084015062978834,-0.1666974213875163,0.10762101982654337,0.1311962219534032,0.35173832516624637,0.22878095120934397,0.295132552846862,-0.005768218754912212,0.29289087541604303,0.05459646389054053,0.08733315563939065,0.1373334973585112,0.25535986440585295
#26,0.23905986235553825,0.2772777287980372,0.06929722045667343,0.22699034301765322,0.013839624382342689,0.1846889330845618,1.0,0.23029818410459338,0.10721095688188137,0.4314648131821568,0.1454527436628189,-0.03178329540251095,0.17040507384550196,0.28229074829653017,0.15190781785003998,-0.029179395703907218,0.15400939044143275,0.08592527286271776,0.21474654692828682,-0.029982435637203646,0.13127140015992456,-0.17408538877384344,0.025980904735543573,-0.1971138403078206,-0.007862956963893959,-0.18995824192346858,-0.02577587326321257,-0.09194294657563269,0.1539786357205831,0.010196898557261873,0.25488145763708064,0.10814726727219295,0.21408019464321107,-0.028953861084343113,-0.04663440838168659,-0.0156609872948831,0.14898611936932318,0.015329519747947976,0.07112883494283039,-0.1370293673412202,0.08200233735878458,-0.012510337003396687,0.1414033720842816,0.015500379308223813,0.09196003253166028,-0.07686971616809847,-0.04557507910797641,0.09867823044170614,-0.15707802814398678,-0.24887403549778225,-0.162337085409277,-0.1656517608786282,-0.12133762532548746,-0.11412051749943616,-0.1252913155502703,-0.11797510917925902,-0.09859963504397926,-0.2564738687388514,0.10609695254888292,-0.13720706128390708,-0.14286251272903724,-0.062069861057005585,0.007825367860633274,0.05648617062719127,0.17322425659005325,0.02841736206507699,0.24909957011734635,0.20736199673316522,0.21411094936406072,0.016587046111578126,0.313325678825033,0.17367532582918144,-0.08722380552081412,-0.1442669783145046,-0.27179655410438835,-0.38257164141362365,-0.05400528981198614,-0.10271735044662689,0.25157019935893493,0.15170962076012,-0.19665935387748687,0.017711302018193126,0.016723733759798794,-0.031134029073462778,-0.1121658841298806,-0.0009978198320108804,0.06602355128178843,-0.14570903300323265,-0.0020776522529541617,-0.04426287768505799,0.048240488248279444,0.04319329683773126,-0.04103021480463918,0.11910619946828505,-0.016402517786480223,0.279399804536663,-0.0686171994067756,0.06239791141273519,0.24005084780513808,-0.1163382745918165,0.11265112528106398,0.033686670903983765,0.2583464895194746,0.015623398191622414,0.15261517642958194,0.11284248798857291,0.24521422371667384,-0.1952788086304581,-0.2870782331754591,0.15772729447303493,-0.0035948851482035826
#49,0.49233524012602603,0.2875532227530259,0.21060149399599506,0.13490729160259432,0.21878224974200206,0.3364634804775866,0.23029818410459338,1.0,0.43836412222609505,0.35000580922504937,0.3432021815348656,-0.010176395410028773,0.12412947054039462,-0.005221468162029538,0.084134664671027,-0.3193980275972362,0.2548951264019027,0.3501800859765307,0.20943623179491386,-0.25608772613262804,0.1567568121706682,-0.1368072499128616,0.26863223504807987,0.028451533977132158,0.111837833774151,-0.2210375959376431,0.23384181138471422,0.08074481099515442,0.30565408456864795,0.07907038730445123,0.47535179983460796,0.15872853149625135,0.3512291636766244,-0.10306932114079512,-0.1563091601227455,-0.28610775087309237,-0.08924336552327448,-0.3277462257123135,0.31636356180673736,-0.06979271318147336,0.04311470144000437,-0.11098353597277182,-0.056793717835687776,-0.049289565948373075,0.11488596832947191,0.011013607255380368,-0.023206145476664,0.11796144041443694,-0.2108133598507371,-0.08745617452278925,0.06364176901154327,0.1788797080351834,0.22278378064366214,0.22929011269896596,-0.12220559189168871,-0.06634135006390147,-0.11030009773166848,-0.44051011830315956,-0.07457336367799124,0.07299803853224804,-0.05746690450317457,0.10442252885817974,-0.3434516364928683,-0.054828832892515666,0.2257669885660782,0.113167121153097,0.013169854906061413,-0.014786186346270819,0.026220108119929742,-0.1299489471633896,0.2616953369008809,0.049187050212207574,-0.23918629843014236,-0.03641017229478058,-0.4227578099905002,-0.29123695487257295,-0.11270580034035224,-0.02860189039017489,0.04786801440687812,0.009516877507364047,-0.0792480812471381,-0.03956423977747251,0.09771458252175043,0.21915472358340338,-0.04055864241827787,-0.027446879762710243,-0.033919039905958896,-0.21317805616495467,-0.11665607337392957,-0.06098319425365127,-0.06257560535542206,0.07801105803074106,0.016118890916422338,0.06655321591864351,0.09962137521442875,0.395932859027194,-0.020287864187152727,0.17217517888995962,0.20487428153554904,-0.08302066033802856,0.16071391958665654,0.26535514868198934,0.2739357157990418,0.30894142250835505,0.3598644058529651,0.16253869969040247,0.45003724738414014,-0.028670234214285228,-0.16087452757331583,0.06081916907578647,0.19223750845754822
#50,-0.007627170770713305,0.13640060415940514,-0.11407267682255894,-0.06923571101497414,0.1264155714568853,0.2377442437414143,0.10721095688188137,0.43836412222609505,1.0,-0.08310950730937199,0.09357978116307519,0.10845139728948394,0.06957059575311476,0.027276020202434408,-0.08855992728217114,-0.22387386463822195,-0.09664841886562921,0.0006253459906095586,0.12348020421134644,-0.10263533785769449,-0.12966873748453722,0.06198784846807318,0.12549976421380682,0.12170668197568327,0.045506735283866076,0.11077167011802978,-0.04824390543948496,0.19132170121446976,0.20783356911952652,0.11832366268222172,0.04454650455511588,-0.1212624471189661,0.032644427586301164,-0.3382062479924002,-0.06477627649177482,-0.18240283216807113,-0.05497577211435289,-0.246365817152933,0.042622625906409965,-0.02096105085463952,0.24672462222951222,0.1911884307574546,0.08967051442396408,0.12815833897169882,0.3402633970981212,0.29316766790368987,-0.33086270409174473,0.011943083263280913,-0.14590381290194712,-0.005009602307287502,-0.18604555799315195,0.06479677963900791,-0.0009568135375446798,0.17403754809696623,-0.2725790908904517,-0.18902876591556805,-0.009598890096296449,-0.20433094813387187,-0.11712422856908536,0.08295231651391823,0.025656271571019486,0.16368687593545608,-0.1502914864098306,0.07165166519727445,0.0390106548021788,0.12826085470786433,0.14237043719544284,0.02163765471333183,-0.18240283216807113,-0.3627690183776543,-0.14921848837129834,-0.31912465230079484,-0.3311770856826523,-0.008566898352230401,-0.3392553256924938,-0.16537838558218687,-0.07662709559250679,-0.018951742425795694,0.16913729590825524,0.06522392853969751,0.41488118426178416,0.06297883391767303,-0.038371640046747174,0.2608444562907073,-0.09510726563194118,0.07617260916217305,0.2315249557473739,-0.015602895044389314,0.12508628407793929,0.20013805452470287,0.30789917919067245,0.290635529220402,0.23270388671327716,0.19696690108598336,0.26007900546067153,0.08249099570117346,0.03802650373498999,0.009103397371496525,-0.24008843690839876,-0.207830151928321,-0.07807940185485139,0.0798802616201587,-0.13401540469795448,0.3082819046056903,0.09732502272432152,-0.15608704269438692,0.14966614041922102,0.014519645432240515,-0.037886398895563805,-0.015062978833917672,0.13006171447317164
#51,0.3861938640914714,0.3978157313814337,0.35715799041819585,0.5221160614821042,0.024795139387229274,0.2185430463576159,0.4314648131821568,0.35000580922504937,-0.08310950730937199,1.0,0.29477716496148826,0.09043596525399983,0.3331624737730575,0.10749458375193925,0.207215057511328,0.05432308859409919,0.22417457746430744,0.2209590005399162,0.16641379451745844,0.02842761363869354,0.2513344131657543,-0.059667575639527334,0.11792043411997075,-0.10927152317880795,0.23073558457889953,-0.18829748699758747,0.07384550195121618,-0.030959752321981424,0.17453645801297166,-0.0665703018746711,0.3917878060949022,0.31446702068767557,0.3200370423526678,0.1162118385172124,0.0008611321837902118,0.008877862751932421,0.088327558280196,-0.08352982182765055,0.18667773836617255,-0.08165378385582187,-0.07237269254163847,-0.16631811316370396,0.02252954161797169,-0.07899179190672435,-0.10381085163239225,-0.2634381044156945,0.21295593873659607,0.0962998653626665,-0.1279088840136961,-0.22055918916887077,-0.0488863373861221,-0.05287419952296011,0.02627478317921801,0.15842781867016587,0.1577204600906239,0.2637832407274517,-0.14359379164701783,-0.20601562339819163,-0.025478577628332617,-0.2513275787833432,-0.2058037575434496,-0.13809894818854695,-0.18856744510282328,-0.24664602683178535,0.049347658198866856,0.06966285991566372,-0.07581722127679932,0.08992338657317231,0.25937164688112957,0.1409352168891258,0.2999234549169964,0.3924746615272111,-0.0018794551630341924,0.033539731682146544,-0.24047799670582767,-0.21305503728155606,-0.17050417239046192,-0.09986057859881492,-0.09409577703510823,0.008925703428809656,-0.45850846438261605,0.003246331645240878,0.223675667548302,0.03721321222807701,-0.10277544269712068,-0.1575735208687867,-0.17226744305250857,-0.21352660966791737,-0.16534763086133722,-0.15807584797599764,-0.2598022129730247,-0.19728811705930194,-0.349831532473568,-0.04770740642021884,-0.05056759545923633,0.26146638509011133,0.13142859095537832,0.06527860359898578,0.3838462537332814,-0.12334351656312577,0.18570042168139475,0.1338821342409393,0.3599840075451582,-0.04621409386340803,0.1792692678326123,0.295740812881444,0.18678025410233803,-0.18520834614780035,-0.24462646682932496,0.07370539711179,0.08973202386566338
#52,0.3671225199734826,0.060156233981916225,0.3517964174167401,0.421090220682208,0.26327066204662414,0.20168945933200746,0.1454527436628189,0.3432021815348656,0.09357978116307519,0.29477716496148826,1.0,0.2620746451246933,0.36428966846410926,0.16735693929018106,0.14555525939898442,-0.026623336682180716,0.12340844319603059,0.13318161004380838,0.017359331324024903,-0.2303050184870044,0.16527245265481585,-0.21739828730376778,0.026490066225165563,-0.1157231801748235,0.05424791038757783,-0.19276717309440333,-0.08182122622489219,-0.21855671512243796,0.04088327558280196,0.09903361832707987,0.297897060532125,0.18001421551541494,0.4304567417765294,0.24710393045332457,0.013108345464362113,-0.005050608601753702,0.04157013101511082,-0.035801912260198604,-0.1869306105153808,-0.1537941073954852,-0.016139394063655436,-0.1655731654809013,-0.06283531188704133,0.02451834689958242,-0.07075977829263459,-0.16909628961378906,0.05684497570377053,0.012640190269206323,-0.16014666584654078,-0.1612948420915944,-0.07232826905596676,0.00927425693177236,0.08277462257123135,0.140156097294268,0.04988074002692747,-0.09086653134589492,-0.04980897901161162,-0.19702499333647716,-0.11938982633834294,-0.2220593361080926,0.07178151846308409,0.13641769011543273,-0.012578680827507023,-0.05274092906594496,0.0509913271687204,-0.12179894613823222,-0.027245265481584756,0.07727636192155496,0.21605533115999973,0.22213451431461395,0.316606182382329,0.2571231350678996,0.2432014980966245,0.08116170832222747,-0.018811637586369508,-0.1401766004415011,0.11176607275883514,0.12179552894702671,-0.09829208783548275,-0.05059493298888046,-0.2513378303569598,0.1785516576794538,0.068388247596006,0.23023667466289408,0.06974487250459613,0.04324455470581401,-0.03185847360903232,0.07199338431782612,0.08810202366063191,-0.030201135874356713,-0.13627416808480103,-0.12708534093316656,-0.07010026038996986,-0.011792726850238178,-0.14019026920632316,0.11329355722770112,0.08423376321598698,0.05744298416473596,0.2179757926175001,-0.09424613344815096,0.29037923987998826,0.03626665026414888,0.18801386012752958,0.11931123094061605,0.3265604603639992,0.2158263793492301,0.385814555867659,0.019549750886761117,-0.03703551828539014,0.14218932606155044,0.09649464526138095
#53,0.014369289019197781,0.09207279984144233,0.1328398909232567,0.1649546538727028,0.43173818847859813,0.3871130885257554,-0.03178329540251095,-0.010176395410028773,0.10845139728948394,0.09043596525399983,0.2620746451246933,1.0,0.39882380278706114,0.245962588590682,-0.04973038361388473,-0.08267210683506585,-0.2708636609052823,-0.13758978669892497,-0.21599382171830042,-0.040534722079839255,-0.1611547372521682,-0.07743013552580322,-0.2400132587018774,-0.2103076155523206,-0.0896739316151696,-0.15548219985101047,-0.37773631585781753,-0.25220921411436653,-0.0521975956642678,0.09654932032066922,0.15201033358620547,0.07329533416712798,0.06946466282574375,0.04985340249728333,0.1150499935073367,0.07669885660782264,0.1370669564444809,-0.005248805691673672,-0.08147950710434052,-0.004274906198101409,0.047228999651446495,0.11338582139025007,0.19383333675052453,0.09882858685474886,0.01311176265556763,0.23271755547809922,0.033796021022560296,-0.006656688468346558,-0.21655082388479965,-0.1812888278350727,-0.27030324154757757,-0.05295962930309803,-0.15735823782283914,-0.036850989960292235,0.014967297480163205,-0.012800798255865609,-0.21033153589075923,-0.03394637743560303,-0.01390113382404199,0.024477340605116218,0.11730533970297774,0.031451827855575834,0.2623958610980119,-0.08418250534790424,-0.09088361730192251,-0.06943049091368858,0.03578824349537654,0.1483744421435357,-0.17980576685187843,-0.14236702000423732,-0.1388917365482268,0.0005501677840881909,0.17602977056978247,0.07956246283804563,0.034609312529473274,-0.12627546661745911,0.007931300788004293,-0.05588132778381481,-0.1496217169335493,-0.03324585323847211,0.03817002576562169,0.36050342060839674,0.0785919805356789,0.4140644755636657,0.4254983973373246,0.26265215043842566,0.30789576199946694,0.10792856703503988,0.0829694024699458,0.33517861658431236,0.16403201224721328,0.30211729167093815,0.23668149727649862,0.36721820132723704,0.27038183694530443,-0.30019341302223224,-0.14912622420874938,-0.05785988149180899,0.028126900812608067,-0.22305373874889795,0.06331030146460816,0.014191595076510912,0.09949835633103014,0.034858767487475996,0.07006267128670918,-0.0019375474135279766,-0.041160068070448814,-0.07443325883856505,0.06295491357923441,0.13749410534517048,0.2261326280250685
#54,0.1942502340775976,0.21092270996931362,0.19028970947040372,0.2527252099863996,0.39470950457561904,0.31384850907947703,0.17040507384550196,0.12412947054039462,0.06957059575311476,0.3331624737730575,0.36428966846410926,0.39882380278706114,1.0,0.3691249940199154,-0.00806798843622496,-0.1570404390407261,-0.20635050813633227,-0.10481208865560863,-0.03264784477750668,-0.05485275323095429,-0.11937957476472638,-0.15517123545130845,-0.09819298929052277,-0.27647810605594625,0.005320566706989523,-0.065630574293154,-0.18426178418387223,-0.025106103786931296,0.20255059151579768,0.23448082614014584,0.26980433163157214,0.17655601801543203,0.04008023564950553,0.007145346810735448,0.2857489457965131,0.22512797381064661,0.3034363274762676,0.0030242142168822915,-0.06451656996015555,0.019259289634292198,0.26269315673289184,0.10301464608150684,0.25672332369685413,0.11980672366541598,0.11511150294903601,-0.0018931239278562593,0.14570219862082162,0.07862273525652855,-0.24948229553236423,-0.14570903300323265,-0.17396236989044486,0.0003758910326068385,-0.055853990254170684,0.18838291677772537,-0.004182642035552457,0.19800231002125493,-0.2481700941094458,-0.09487831382117155,0.03402497283332992,0.06925621416220723,-0.10835229874452396,-0.18499989748426385,0.0451035067216151,-0.10775087309235301,0.001513815704043904,0.08297623685235683,-0.08577833364088054,-0.039639417983993876,-0.028663399831874194,-0.007910797640771192,0.09668259077768437,0.09943001250691981,0.04420136824335869,-0.020021323273122425,-0.1606831648658069,-0.248105167476541,-0.15047601473492847,-0.1526630171064592,-0.14494699936440245,0.1184808534776755,-0.23815430668607632,0.43178944634668087,0.38729078246844223,0.48250739821895994,0.20661704905036257,-0.017034698159500816,0.12955255298354965,0.049347658198866856,0.22413698836104676,0.29878553024555937,0.1474552177092517,0.08175971678319288,0.16176299728675017,0.10968500331467547,0.23611766072758836,-0.04038436566679652,0.046494303542260404,-0.22572939946281753,0.16925689760044835,-0.1149474777711712,0.18291199365769312,-0.17414689821554274,0.03406939631900163,-0.008662579705984868,-0.08363917194622708,-0.022016962937144186,-0.006728449483662409,-0.1654672325535303,-0.03668696478242744,0.12356221680027885,0.2248375125581777
#58,-0.023530778641188087,0.09062391077030324,-0.07152522912267033,0.029158892556674115,0.1734190364887677,0.2774383367846964,0.28229074829653017,-0.005221468162029538,0.027276020202434408,0.10749458375193925,0.16735693929018106,0.245962588590682,0.3691249940199154,1.0,0.24725770405757283,0.28042154470711256,-0.3476171925723932,-0.28541064386716697,0.15634333203480066,0.31022970359283486,-0.277243556885982,0.07309713707720802,-0.28609066491706475,-0.23664732536444344,-0.05727895898687115,0.1007968889891265,-0.5418947641796349,-0.22967283811398384,0.20160744674307507,0.4377251074706634,0.02610734081014769,-0.016675893082921563,0.09800846096542486,-0.007565661329014004,0.3115111502949036,0.39201675790567186,0.48549744052378707,0.4152775784416241,-0.2791059260929886,0.13891223969545993,0.3590271940076135,0.41551336463480476,0.5158796875320362,0.45177659770774814,0.015787423369487217,0.10906649170647695,-0.1304068507849288,0.10675647045154765,-0.5412728353802309,-0.36596750934601796,-0.4753415482609914,-0.32249742002063986,-0.6177529917509005,-0.20734832796834313,-0.03112036030864071,0.1526459311504316,-0.43582856635160167,0.15758035525119773,-0.10737839925095169,-0.20984971193078136,-0.29538884218727574,-0.27356665914884604,0.6160409789569365,0.3145182785557583,-0.16832058721013676,-0.007979141464881526,0.505634948297897,0.37520417717452964,0.23871814323498658,0.1209993233961413,0.05184904216130509,0.03268543388076736,0.17388377449271797,-0.08595944477477292,-0.04309078110156576,-0.24991286162425932,-0.04270122130413685,-0.2896752984916518,0.3285287624983768,0.4264654624484858,-0.061953676556018016,0.3890779734689275,0.32335855220443005,0.4311401800176327,0.2766182108953724,-0.19103123996200083,-0.02787402866339983,0.27040234009253755,0.30732509106814565,0.45911672441719803,0.20255400870700319,0.2801584209842878,0.21329424066594221,0.12066785584920618,-0.00656100711459209,-0.30657672619413745,0.1035989857776502,-0.2784088190870632,0.0512168617882845,-0.3847108031082771,-0.03950614752697872,-0.3959294418359885,0.045991976435049445,0.0019136270750893596,0.045250445943452317,-0.11838517212392102,0.04734176696122855,-0.17684306207669545,-0.09103397371496524,-0.18163396414682986,-0.11585303344063314
#101,0.14514519645432242,0.014362454636786747,-0.10339053711411368,0.21679344446039134,0.027006062097198587,0.09030611198819019,0.15190781785003998,0.084134664671027,-0.08855992728217114,0.207215057511328,0.14555525939898442,-0.04973038361388473,-0.00806798843622496,0.24725770405757283,1.0,0.37941757393093173,0.19740088436908398,-0.0790430497748071,0.5858330087001689,0.21180434530033693,0.5027029982435637,-0.013897716632836473,0.07422822736623405,-0.036850989960292235,0.275200076545083,0.046866777383661726,-0.31994819538132435,-0.5652717692165747,0.40944101586260157,0.15708144533519228,0.13220087616782508,0.3125602279949972,0.15063320553038226,0.3937492738468688,0.3337399790867898,0.30123907353112034,0.4384153800941778,0.3997122725004955,-0.05524231302838319,0.23161721990992284,-0.015281679071070742,-0.12331959622468716,-0.08254908795166725,0.002299769681312748,-0.3769845337926038,-0.026278200370423527,-0.1717856190925307,-0.25680533628578656,-0.41702034595643767,-0.46991504862663086,-0.43396961433580056,-0.47735085668983523,-0.4652198279102509,-0.32435978922764647,0.47529029039290865,0.248925293365865,-0.2578817515155243,0.16161947525611847,-0.5064174850839603,-0.5452709490906854,-0.319674820084883,-0.2774725086967516,0.2511362160758343,0.04359652539998223,-0.29864542540613315,-0.3703107593682297,0.04285157771717959,0.2894839357841429,0.6360212959355928,0.27078848269876094,0.1798809450583998,0.16939700243987452,0.3740730868855036,-0.306070981895721,0.07380449565674997,-0.09053848099016533,0.017304656264736637,-0.2401157744380429,0.1469426390284242,0.07067093132129115,-0.3259009424613345,-0.3129361190276041,-0.010835913312693499,-0.06292757604959028,-0.16241226361579836,-0.3499921404602273,-0.38914973448424334,-0.10534858767487476,-0.08895632146201109,-0.1685973796977836,-0.30691844531468915,-0.38611526869374446,-0.30315270060620975,-0.3435780725674724,-0.37283264647790104,0.2065623739910743,0.18500673186667488,-0.3196782372760886,0.1229402880008748,-0.6162391760468565,-0.20173388281767918,-0.37064906129757585,0.14570219862082162,-0.013679016395683405,0.08862143672387045,-0.08956116430538755,0.10865301157060943,-0.12910831812683246,-0.09483389033549983,-0.3574142797586096,-0.3694632959492615
#102,-0.23798344712580047,0.08857359604699322,-0.12062001517232895,0.03172178596081165,0.02982182765054436,-0.24977617397603866,-0.029179395703907218,-0.3193980275972362,-0.22387386463822195,0.05432308859409919,-0.026623336682180716,-0.08267210683506585,-0.1570404390407261,0.28042154470711256,0.37941757393093173,1.0,-0.15290563768205087,-0.2694694468934315,0.117459113307226,0.7773870789166137,-0.015185997717316276,0.5129955781545801,-0.24742514642664315,0.28785735277031693,-0.005276143221317806,0.44969211107238294,-0.3375193925600913,-0.11964611567875669,-0.16460610036974008,0.11434605211900027,-0.25103028314846326,-0.10812676412495985,-0.09463911043678538,0.1633827459181651,0.09556516925348041,0.39749451540811515,0.2680889016464027,0.56266103513556,-0.16891517847989668,0.3096897873823632,0.030471093979592533,0.11894900867283129,0.15410848898639273,0.3156015281679071,-0.14862389710153842,0.15156268153828278,-0.0812915615880371,-0.0893492984506455,-0.23069457828443332,-0.24773269363513967,-0.23707447426513303,-0.29041682898324894,-0.4386785038170026,-0.032726440175233566,0.11977255175336081,0.30341240713782897,-0.33584496886938814,0.5372337153753101,-0.37233031937069005,-0.33303603769845336,-0.499080775565716,-0.47615142257669885,0.42503024214216883,0.24591816510501027,-0.18943882886023006,-0.12719127386053758,0.11894559148162576,0.37710413548479693,0.35444132340981005,0.4008604487455491,-0.07662026121009576,0.18036276901837767,0.2108953724396695,-0.11380955309973415,0.15698918117264332,-0.07614527163252893,-0.1982415134056411,-0.3694086208899733,0.004561950259364812,0.32208735707597785,-0.0868752520178514,-0.05079313007880043,0.18423444665422808,0.0030857236585815923,0.03341329560754242,-0.4157867399312461,-0.4650797230708247,0.08608929804058256,-0.047427196741366466,0.058293864774909616,-0.07373273464143412,-0.2609128001148176,-0.19920516132559682,-0.4157867399312461,-0.527313609305695,-0.23840717883528456,0.39182881238936845,-0.2239012021678661,-0.09507992810229704,-0.14873666441132047,-0.15187706312919033,-0.49185683335725366,-0.2721519419897621,-0.27711370362017235,-0.18834191048325918,-0.2227188540107573,-0.23648330018657865,-0.2822770795317081,-0.2969334126121693,-0.4866558683424572,-0.5385630027542561
#201,0.39340413753511166,0.10289504438931375,0.1963791441986345,0.3472481359221974,-0.18556031684196858,0.09245210806525468,0.15400939044143275,0.2548951264019027,-0.09664841886562921,0.22417457746430744,0.12340844319603059,-0.2708636609052823,-0.20635050813633227,-0.3476171925723932,0.19740088436908398,-0.15290563768205087,1.0,0.38238369589732024,0.16394316527586986,-0.27922211059397617,0.5296748884287071,-0.32095626678695177,0.30281439867686355,0.0659791277961167,0.28710557070510323,-0.17922484434694058,0.41709894135416453,-0.19167025471743246,-0.03835455409071959,-0.19127044334638701,0.10870426943869217,0.26723460384502357,0.13344473376663318,0.2496668238574621,-0.1628120749868438,-0.1780014898953656,-0.23460384502354445,-0.10530416418920305,0.10507179518722791,-0.033785769448943744,-0.40448950580580784,-0.43327250732987516,-0.46852425180598556,-0.43131103957790856,-0.4119799889283005,-0.4348820043876735,0.2119820392430238,-0.0756907852021952,0.19705916524853231,-0.13856710338370273,0.30313903184138763,0.02248853532350549,0.28179183838052474,-0.05416931498985094,0.3132846725305668,0.06903751392505417,0.3246160785680602,-0.2390461935907162,-0.07914898270217811,-0.24542267238021037,0.11542930173114907,0.20362700674553544,-0.4706292415885838,-0.3437899384222145,0.009571552566652314,-0.07281692739835564,-0.26006191950464397,-0.19179669079203657,0.33043213799984966,0.15817494652095762,0.332041635057648,0.26911747619926324,0.04673008973544106,0.05456570916969088,0.049996924527915036,0.08916818731675312,0.1913900450385801,0.29301047710823613,-0.05648275343598576,-0.25552388958371774,-0.3229314033037405,-0.49902610050642776,-0.16752779885045688,-0.3981027754426971,-0.24895604808671465,0.0331433375023066,-0.22110935695295894,-0.27729481475406476,-0.3827766728859547,-0.5070018247801037,-0.5176497925764938,-0.2703169103123996,-0.4645705615812027,-0.2906526151764296,-0.16456167688406836,0.5907332608888798,0.24376875183674027,0.30784108694017864,0.2788564711349859,0.18861528577970052,0.1138642281590224,0.3262870850675579,0.24508778764206973,0.07612476848529583,0.20084883029545036,0.2780670999665115,0.07328166540230592,0.17807666810188696,0.09563693026879626,0.041508621573411515,-0.07193870925853785
