,#10,#11,#12,#13,#17,#18,#26,#49,#50,#51,#52,#53,#54,#58,#101,#102,#201,#202,#301,#302,#401,#402,#501,#502,#601,#602,#701,#702,#801,#802,#901,#902,#1001,#1002,#1101,#1102,#1201,#1202,#1301,#1302,#1401,#1402,#1501,#1502,#1601,#1602,#1701,#1702,#1801,#1802,#1901,#1902,#2001,#2002,#2101,#2102,#2201,#2202,#2301,#2302,#2401,#2402,#2501,#2502,#2601,#2602,#2701,#2702,#2801,#2802,#2901,#2902,#3001,#3002,#3101,#3102,#3201,#3202,#3301,#3302,#3401,#3402,#3455,#3501,#3502,#3601,#3602,#3701,#3702,#3801,#3802,#3901,#3902,#4001,#4002,#4101,#4102,#4201,#4202,#4301,#4302,#4401,#4402,#4501,#4502,#4601,#4602,#4701,#4702,#4801,#4802
#10,1.0,0.25261244267661753,0.2965985278740287,0.49948058693676145,0.07733445417204875,0.3491310082764371,0.14871957845529288,0.6311688844237591,0.05686889604220915,0.47976339368093,0.46100643115384876,0.0633000498909916,-0.1511116122991546,-0.2925969969723686,-0.14797463077249023,-0.3186906690176942,0.3952323348300631,0.21926749089318542,0.013344131657542765,-0.3780643662135471,-0.06267128670917653,-0.3317545909963846,0.44905309631695134,0.32065897115207187,0.5157190795453769,0.3861836125178548,0.41098900347870065,0.136472365174721,0.13403249065398204,0.024180044970236264,0.4532049836316541,0.28592663973919996,0.22323826707399586,0.23649355176019518,-0.02298744523951093,0.10080030618033202,-0.11984431276867666,-0.08953724396694893,0.11284248798857291,0.03756860011345075,-0.46635775258168793,-0.33959362762184,-0.3345396018288807,-0.37021507801447523,-0.23500707358579542,-0.38551726023277905,0.3079162651467,0.266920222254116,-0.002180167989119663,-0.00827643709976148,0.15826379349230107,0.11628018234132273,0.2896718813004463,0.13490387441138882,0.2225890007449477,0.10352380757112883,0.04918021582979654,-0.20735516235075419,-0.11744886173360944,-0.010524948912991477,0.06907510302831485,0.1566132901400365,-0.34529350255264185,-0.39044826714233966,0.3432876113150035,0.027617739322986078,-0.2693156732891832,-0.23794927521374531,-0.007750189654111906,-0.19174885011515935,0.36256056971411776,0.07115958966368004,-0.03491685973796978,0.06263369760591585,-0.06496080481687272,0.08873762122485801,0.04340857988367881,0.06036468264545274,0.019279792781525296,-0.1410103950956472,-0.048103800600058776,-0.08857017885578769,,0.13940431522905433,-0.21886426233093448,-0.12529814993268135,0.2625598862758767,-0.3163259727034767,-0.17434851249666825,0.2320751235314621,-0.3689848891804892,0.17085956027583568,-0.14049781641481968,0.13556339231405354,-0.006448239804810039,0.26316131192804765,0.14285226115542068,0.20082490995701174,0.3898570930637853,0.3185266438398294,0.21047847511259646,0.3658342388890028,0.3441419091163827,0.270802151463583,0.02970564314955679,0.2581824643416098,0.3180106479677964,0.15859867823044171,-0.08406290365571115,-0.06786200015035641,-0.10476766516993692
#11,0.25261244267661753,1.0,0.4103465715320635,0.2149891675038785,0.10816777041942605,0.2578988374715519,0.1667555136380101,0.339183564677178,0.41187405600092947,0.3066621559742754,0.15309700038955978,0.0622988128677752,0.24292812280018317,-0.22290679952706074,-0.16852220149126224,-0.0991634715928895,0.28985299243433865,0.31356146501821364,-0.16841968575509675,-0.2790580854161114,-0.18057121768191417,-0.11475611506366228,0.13304833958679324,0.18207478181234152,0.24482808111045046,0.3019669352578954,0.204761514225767,0.12885202878641872,-0.012670944990055973,-0.0024774636239996172,0.03580874664260964,0.23937082675524027,0.079941771061858,-0.007534906608164353,-0.20431044498663878,-0.03707652457985634,-0.1483778593347412,-0.15169253480409242,-0.00170517841155284,0.09447166806771506,-0.11199844176081028,-0.18826673227673782,-0.28744387263444937,-0.1921930849718765,-0.10670862977467041,-0.11607856806019724,0.2204054155646225,0.067574956089093,0.17101675107128944,0.09369596566406277,0.20449155612053116,0.21378973339074214,0.23301143392177365,0.15766920222254116,-0.09668259077768437,0.21370088641939872,-0.24224468455907983,-0.3319527880863046,-0.10841380818622325,0.06963552238601958,0.006185116081985251,-0.0027713420676740547,-0.23033235601664856,-0.17093132129115152,0.11025909143720228,-0.1803525174447611,0.020766270955925068,0.008351615306282848,0.04536321325323437,0.15513706353925327,0.21377606462592008,0.25478235909212066,-0.07332950607918315,0.12159391466590122,-0.3370102310704693,-0.11970420792925048,-0.16937991648384693,-0.11162255072820344,-0.2308278487414485,-0.07348669687463692,0.17834320901591727,-0.05678004907086571,,-0.040336524989919284,-0.11379930152611759,0.1323033919039906,0.08867952897436424,0.0921684811951968,-0.09237009547632229,-0.07211982039243024,-0.20532876796588276,-0.0705171577170429,-0.039929879236462795,0.21646197691345623,-0.2287467792972888,0.16986515763503032,0.09664841886562921,0.4022136564629337,0.31567670637442846,0.40416487264128376,0.27756135566809503,0.2444043494009664,0.15992113122697668,0.22123579302756308,0.1509305011652622,0.07545158181780903,0.092619550434325,-0.079326676644865,-0.12978492198552477,0.19334809559934116,0.0560009294760079
#12,0.2965985278740287,0.4103465715320635,1.0,0.4791380476903205,0.15149433771417245,0.3715785373054764,0.44740942734709777,0.3002993459496033,0.17849698262016553,0.4585255503386437,0.06989522891763886,0.12742706005371823,0.27520691092749405,-0.1198306440038546,-0.30493989160669493,-0.03304765614855214,0.6591044225288581,0.6209856546313193,-0.260372883904346,-0.5469487899725941,-0.41243789254983976,-0.1498267484058803,0.4593764309488173,0.19929400829694024,0.3775859594447748,0.42219055625038443,0.3908788332342348,0.5313356433545883,0.086793239428919,0.05347220798392553,0.333575953908925,0.4213225896841832,0.38478598131479846,0.26556701453673137,-0.39569023845160234,-0.08920919361121932,-0.5083755356447215,-0.21192394699253003,-0.0316705280927289,0.24245655041382186,-0.20580034035224407,0.01173805179094991,0.021682078199003547,-0.023325747168857085,-0.07100581605943179,-0.354420820262577,0.4777096617664145,0.3694667131404671,0.5051155352346586,0.30821014359037446,0.49616249427620474,0.4479698467048025,0.5655553960866326,0.5398581182211469,0.016788660392703613,0.4028492540271598,-0.41432076490407943,-0.48279102508901783,-0.19684729939379028,0.23617917016928766,-0.08104552382123989,2.733752964413371e-05,-0.40804338465954526,-0.07936084855692016,0.4219786903956424,0.07349011406584244,-0.12681538282793076,-0.013258701877404848,-0.03818027733923824,0.1106520684258367,0.4687942099112214,0.28903286654501464,-0.20729023571784935,0.175325829181446,-0.5426397118624375,-0.25112596450221775,-0.2450228610091649,-0.18320587210136757,-0.19536765560180155,-0.01760536909082211,-0.1092817747524245,-0.054429021521470215,,-0.17531899479903498,-0.09697988641256433,0.09770433094813387,0.1506229539567657,0.07437174939686575,-0.015165494570083175,-0.10601152276874501,-0.013159603332444864,-0.3670951824438385,0.11383005624696724,-0.09016942433996952,-0.16407985292409052,0.4674341678114257,0.16000656100711458,0.7278036345245662,0.7330011823481571,0.48913333196645686,0.5383443025171031,0.5361094594686951,0.5044731032880214,0.4008160252598774,0.4242272022088724,0.4768177748617746,0.4695220716379964,-0.12695548766735693,-0.3312454295067626,0.08312659326539958,-0.031393735605082046
#13,0.49948058693676145,0.2149891675038785,0.4791380476903205,1.0,0.010870085224748666,0.29015370526042417,0.3228767282444522,0.27580150219725397,0.1306733916989591,0.5511245976257355,0.2250425440305087,0.15936754625168298,0.15255366698788264,-0.2659736602901879,-0.020352790820057545,-0.19179669079203657,0.5001571907954537,0.3272541501787191,0.01687750736404705,-0.36094423827390837,-0.033481639431652756,-0.30687743902022296,0.4890034787006472,0.3043555519105516,0.527703169103124,0.32649211653988885,0.465042133967564,0.3009246919402128,0.04949118022949856,0.07608376219082963,0.2333053123654481,0.30520301532951977,0.2709251703469816,0.2774315024022854,-0.12180578052064325,-0.06694619290727793,-0.33053807092722065,-0.1706613631859157,0.05022587633868465,0.08565531475748193,-0.24226860489751845,-0.011252810639766537,-0.06323170606688126,-0.014065159001906793,-0.07079395020468976,-0.2182184131930918,0.5250035880507657,0.39487011256227833,0.34500645849137845,0.2327551445813599,0.4517526773693095,0.25153944463808525,0.4592260745357746,0.2211845351594803,0.13241957640497817,0.207320990438699,-0.11595213198559312,-0.31361955726870744,-0.1501342956143768,0.055795898003676896,-0.03809484755910032,-0.02753230954284816,-0.40501233606025194,-0.3856266103513556,0.4322781046890698,0.3165822620438904,-0.29156158803709703,-0.26866982415134055,0.043968999241383554,0.1352695138703791,0.4233489840690546,0.38261264770808984,-0.2215911809129368,-0.017355914132819387,-0.25459783076702275,-0.07010026038996986,-0.03145524504678135,-0.04421161981697524,-0.05942153787273013,-0.1410308982428803,-0.06103445212173402,-0.014041238663468176,,-0.10865984595302046,-0.12312823351717822,-0.06200835161530628,0.0847463418968145,-0.1580075041518873,-0.08623623726241979,-0.07222575331980126,-0.17729413131582364,-0.07699273505149708,0.0306077816278132,-0.04006314969347795,-0.05885428413261436,0.31823959977856603,0.1212624471189661,0.43071986549935415,0.5047840676877234,0.4341233879400488,0.4063006171447317,0.2770043535015958,0.39146317293037813,0.3475556831306939,0.2910045858705978,0.527815936412906,0.582825880439314,-0.09997334590859697,-0.17899589253617096,-0.22477942030768389,-0.14310855049583443
#17,0.07733445417204875,0.10816777041942605,0.15149433771417245,0.010870085224748666,1.0,0.39328795303412406,-0.04018616857687655,0.18311702513002412,0.15870802834901823,-0.05005501677840882,0.12654200753148942,0.19578113573766906,0.006045011242559066,-0.06495397043446169,-0.1782646136181904,-0.006492663290481756,0.07601883555792481,0.05408730240091854,-0.2854755705000718,-0.173890608875129,-0.22971726159965555,-0.1311347125117039,-0.013306542554282083,0.0546716420970619,-0.02158639684524908,0.13316452408778082,-0.11014974131862575,-0.153753101101019,0.026643839829413814,-0.05615470308025615,0.1524887403549778,0.1939700243987452,0.030624867583840785,0.25394514724676903,0.012038764617035382,0.11200869333442684,-0.0648958781839679,0.1015110819510795,0.09217531557760783,0.27353248723679086,-0.16970796683957654,-0.331023312078404,-0.02193153315700627,-0.1410343154340858,-0.18728599840075452,0.08417225377428769,-0.1079114810790123,-0.0736848939645569,-0.13736766927056637,-0.1623029134972218,-0.016843335451991882,-0.07283059616317772,-0.10737839925095169,-0.11789993097273765,-0.177468408067305,-0.04486772052843445,-0.09664158448321818,-0.12687005788721903,0.07171317463897375,0.18570042168139475,0.08825579726488016,0.16484530375412626,-0.0773652088928984,-0.01486819893520322,0.0004784067687723399,-0.4049474094273471,-0.05441535275664815,-0.1059910196215119,-0.2751043951913285,-0.054770740642021885,-0.040920864686062645,-0.08393646758110704,0.06862745098039216,0.020615914542882332,-0.010716311620500414,-0.08388179252181877,0.044901892440489616,0.07931300788004292,-0.13120647352701972,0.0955036598117811,0.18615149092052297,0.1559161831341111,,0.21794162070544496,0.24633506243208333,0.20919019402811664,0.35055597700913754,-0.07322699034301765,-0.2155188321407336,0.07545499900901455,0.08294548213150718,-0.012168617882845017,-0.035921513952391695,0.11989215344555389,-0.023137801652553667,0.04193577047410111,0.03387119922908166,0.031485999767631,0.10359215139523917,0.018524593525106103,-0.07032921220073948,0.047126483915280994,0.12612511020441639,0.12199030884574115,0.007835619434249824,0.06674116143494693,0.06202202038012835,0.12546559230175164,0.07412229443886303,0.3030672708260718,0.2682700127802951
#18,0.3491310082764371,0.2578988374715519,0.3715785373054764,0.29015370526042417,0.39328795303412406,1.0,0.2815389662313165,0.33037062855815036,0.0909622126996494,0.1171754864371681,0.2936016511867905,0.4817897880658014,0.328463835865472,-0.13546087657788805,-0.24556277721963654,-0.19745555942837226,0.35999767630998025,0.4103670746792966,-0.13857393776611376,-0.22476233435165632,-0.267422549361327,-0.2330387714514178,0.34902507534906607,0.1197930549005939,0.3647270689384154,0.29499928238984685,0.2713010613795884,0.21536847572769086,0.310978068466843,0.2161544297049597,0.4491351089058837,0.3392143193980276,0.3275548630048046,0.41785414061058374,0.09049747469569912,0.2852226983508635,0.012910148374442144,0.10239271728210281,0.15695159206938264,0.22642992365994846,-0.3009862013819121,-0.08165720104702738,-0.007886877302332574,-0.06462250288752656,-0.11172848365557446,-0.06414751330995974,0.018193125978170983,0.02495233018268304,0.1369849438555485,0.19009834676289478,0.19971090562401328,0.25511382663905574,0.3253986153541235,0.3408853258975253,0.0674724403529275,0.019313964693580463,-0.2666297610016471,-0.3510753900723761,-0.26341760126846137,0.29813284672530566,0.06677875053820762,0.043060026380716106,-0.2204259187118556,0.028533546566064556,0.3021856354950485,-0.020800442867980235,-0.14686746082190283,-0.07288185403126046,-0.22842898051517574,-0.04803545677594844,0.28741653510480525,0.13700544700278158,-0.264572611895926,-0.1665880712689398,-0.19630738318331864,-0.14748938962130687,-0.008156835407568395,-0.19148914358354008,0.04930323471319514,0.14339217736589233,0.2411990240501917,0.11529944846533943,,0.1408497871089879,0.21315071863531052,0.19789295990267838,0.14577054244493196,0.10478133393475898,0.07144321653373793,-0.009229833446100642,0.07353453755151415,0.05796923161038553,0.010330169014277024,-0.07508594235881874,-0.1090357369856273,0.34703285287624985,0.03511505682788975,0.264565777513515,0.3203480067523698,0.29254573910428583,0.3485056622858275,0.5040903778730035,0.33816182450672844,0.3723132334146625,0.30198743840512854,0.3424025587927747,0.440598965274503,0.0954797394733425,-0.07686288178568744,-0.14965247165439896,-0.2040063149693478
#26,0.14871957845529288,0.1667555136380101,0.44740942734709777,0.3228767282444522,-0.04018616857687655,0.2815389662313165,1.0,0.16487264128377038,0.19465004544864303,0.37249092735734934,0.17005652034253924,0.06521025977487545,0.12383559209672018,0.18523910086865,-0.14402435773891292,-0.08546736924117852,0.4129436368482562,0.24740122608820453,-0.13382062479924,-0.2553086065377702,-0.31761083659675093,-0.24466063874138014,0.31593983009725324,0.08198183421155147,0.15412899213362585,0.32880213779481815,0.1945817016245327,0.31484974610269345,0.17985702471996118,0.12636431358880254,0.2588180619058359,0.10240638604692487,0.24008160252598773,0.26190036837321196,-0.19046398622188507,-0.0008748009486122787,-0.1590258271311313,-0.04708889481202031,-0.11319445868274114,0.05653059411286299,-0.030874322541843507,0.09661082976236852,0.16945851188157382,0.10379718286757017,0.001298532658096351,-0.11483812765259467,0.07823317545909964,0.15836630922846656,0.25184699184658177,0.3361183441658295,0.35496415366425416,0.4572851099310411,0.3537954742719674,0.46941955590183093,0.07083495649915596,0.19110983535972773,-0.1180947108714521,-0.2378467594775798,-0.06645753456488904,0.19797155530040528,-0.05117927268502382,0.10301122889030133,-0.1333900587073449,-0.04134801358675223,0.1734600427832339,0.06962527081240304,0.09646389054053131,0.22078814097964036,0.052156589369801595,0.06173155912765943,0.32818704337782517,0.26009609141669915,-0.16590463302783645,-0.05512954571860114,-0.30630676808890167,-0.13995790020434803,-0.13797251211394282,-0.06528543798139681,0.16760297705697824,0.1423396824745932,0.08227571265522592,0.002863606230223006,,0.028902603216260363,-0.03253166027651911,-0.03995721676610693,0.18163054695562436,0.03738065459714733,0.021005474340311237,0.06101736616570644,0.06586977767754017,-0.03805725845583964,0.09037103862109501,-0.0749560890930091,-0.06907852021952036,0.17087322904065774,0.08651644694127215,0.33426622653243937,0.2821096371626378,0.2011256227830972,0.27928020284446997,0.24286661335848386,0.16703914050806798,0.20702027761261355,0.07082128773433388,0.3355545076169192,0.2682665955890896,0.01381912123510959,0.01893465646976811,-0.09326198238096214,-0.09812464546641243
#49,0.6311688844237591,0.339183564677178,0.3002993459496033,0.27580150219725397,0.18311702513002412,0.33037062855815036,0.16487264128377038,1.0,0.2604617308756894,0.2585378522269835,0.46631674628722175,0.19409646047334933,-0.06445164332725073,-0.1355565579316425,-0.24736363698494385,-0.30819305763434685,0.1662395177659771,0.2810093015944614,-0.16738085962861965,-0.4165761110997205,-0.19308497187651638,-0.1473492847818807,0.22574990261005065,0.07811015657570104,0.37353317067503194,0.29992687210820196,0.23027084657494926,0.11023175390755814,0.27862751932421626,0.17811425720514765,0.42307560877261324,0.2819626979408006,0.11344733083194937,0.2056226464095572,-0.004326164066184159,0.23006923229382376,-0.04736568729966716,0.04745111707980508,0.17538733862314532,0.029948263725148475,-0.1405832461949576,-0.1299728675018282,0.0625858569290386,-0.23683527088074685,-0.195357404028185,-0.13587093952255005,0.09856204594071857,0.08627040917447495,-0.0895919190262372,0.008748009486122787,0.0006595179026647257,0.12230810762785421,0.13434003786247856,0.24520055495185178,0.12304622092824583,0.09877049460425509,-0.1291732447597373,-0.21143870584134664,-0.2644051695268557,0.034493128028485705,-0.050984492786309364,0.10275152235868205,-0.29086448103117163,-0.21517711302018194,0.11471510876919608,-0.21467136872176545,-0.08226887827281487,-0.06328979831737505,-0.00976291527416125,-0.19055966757563952,0.3277393913299025,-0.05559770091375693,-0.04858904175124215,0.1770173388281768,-0.1532781115234522,0.07635372029606545,0.02342484571381707,0.06053895939693409,-0.21027686083147096,-0.20285813872429417,0.12695890485856245,0.07232143467355573,,0.2717487134275111,0.02823966812239012,0.13452798337878197,0.34045817699683567,0.00830719182061113,-0.011563775039468559,0.21430572926277516,-0.038248621163348574,0.1274988210690341,0.06934164394234515,0.1415673972621464,0.11356009814173142,0.24995045072752,0.015384194807236243,0.2233476171925724,0.3227776296994922,0.2957442300726495,0.06364176901154327,0.25938189845474613,0.2624573705397112,0.18322979243980617,0.031147697838284843,0.1253152358887089,0.12808316076517745,-0.017393503236080073,-0.03399763530368578,0.009516877507364047,-0.09681586123469953
#50,0.05686889604220915,0.41187405600092947,0.17849698262016553,0.1306733916989591,0.15870802834901823,0.0909622126996494,0.19465004544864303,0.2604617308756894,1.0,0.26006191950464397,0.3856915369842604,-0.014174509120483328,0.23149420102652424,0.07056499839392014,-0.23806204252352736,-0.24594550263465442,0.1857277592110389,0.2718443947812656,-0.3076873133359304,-0.08371093296154293,-0.2413015397863572,-0.07581722127679932,0.014017318325029558,-0.0024877151976161675,-0.03278794961693286,0.01550379649942933,-0.06652246119779386,0.10634299031568012,0.04650797230708247,0.06608506072348772,0.028564301286914208,0.3185266438398294,0.2350617486450837,0.23965103643409263,0.041546210676672204,0.08539560822586267,-0.06580485104463535,-0.04981581339402265,0.11364894511307486,-0.05312707167216835,-0.0436717036065036,-0.10138806306768089,-0.04532562414997369,-0.04781675653879537,0.014499142285007415,0.13352332916436005,-0.04810721779126429,0.21480805636998612,0.03256241499736876,0.1483915280995633,0.32174222076422065,0.3524593525106104,0.19422289654795344,0.14978915930261963,-0.12955255298354965,-0.055235478645972155,-0.19541207908747327,-0.26500317798782114,-0.14333750230660405,0.12317607419405545,0.07138854147444966,0.12238670302558109,0.043743464621819446,0.011902076968814713,0.002292935298901715,-0.19528564301286913,0.35338882851851094,0.1308750059800846,0.05928826741571498,0.041990445533389376,0.19438350453461273,0.22154334023605957,-0.18772339887506065,0.1346134131589199,-0.16853928744728983,-0.04258161961194377,0.1636287836849623,0.16084035566126068,-0.12399961727458499,-0.2063368393715102,-0.0006048428433764583,0.07907722168686226,,-0.012072936529090549,0.19798864125643287,0.08707344910777137,0.19267149174064885,-0.040295518695453086,-0.18408409024118536,-0.17311148928027117,0.03805384126463412,-0.06516583628920372,-0.023178807947019868,0.13859444091334686,-0.20071897702964073,0.12695890485856245,-0.12699307677061764,0.3878306986789139,0.26882701494679434,0.21360862225684976,0.27484127146850373,0.13705670487086435,0.07778552341117695,0.34197882708329064,0.35922197390632793,0.10835229874452396,0.2890157805889871,0.009633062008351616,-0.048722312208257304,0.06631742972546285,-0.018910736131329493
#51,0.47976339368093,0.3066621559742754,0.4585255503386437,0.5511245976257355,-0.05005501677840882,0.1171754864371681,0.37249092735734934,0.2585378522269835,0.26006191950464397,1.0,0.3823153520732099,0.056175206227489255,0.15922402422105125,-0.15073913845775327,-0.06560323676350986,-0.28704747845460943,0.4501363459291001,0.2106903409673385,-0.1508484885763298,-0.46315584442211877,-0.18748077829946896,-0.3689233797387899,0.4403426759340892,0.10232437345799247,0.3296906075082525,0.16496490544631934,0.42573418353050524,0.19937260369466714,0.0055426841353481094,0.07497659224024221,0.19579480450249112,0.2903108960558779,0.33322056602355127,0.2467143706558957,-0.17563337638994253,-0.09768041060969526,-0.3505833145387817,-0.32927371018117946,0.1191369541891347,0.07006267128670918,-0.21761015315850984,-0.032090842611007454,-0.1190549416002023,-0.13989980795385426,0.06607822634107668,-0.13619557268707413,0.30783425255776764,0.25754686677738364,0.31014769100390244,0.199550297637354,0.3255147998551111,0.246061687135642,0.4153390878833234,0.3057019252455252,0.17707543107867058,0.12879735372713044,0.054449524668703314,-0.2465127563747702,0.05970516474278802,0.1103650243645733,-0.028502791845214908,-0.028065391370908768,-0.3986871151388405,-0.3514854530170381,0.4203008495137337,0.09944368127174188,-0.2009991867084931,-0.23248176928491857,-0.12346653544652438,-0.08955432992297652,0.3386709859963504,0.21290468086851333,-0.18110088231876925,-0.0510323334631866,-0.16302735803279136,-0.047557050007176103,-0.03049501431803115,0.05408046801850751,-0.07278275548630048,-0.20386621012992162,-0.12783370580717474,-0.10539301116054647,,-0.18382096651836058,-0.1956239449422153,-0.05407705082730199,0.20102310704693171,-0.23750504035702813,-0.18612757058208435,-0.14089421059465962,-0.2022327927336846,-0.03282212152898803,0.1084240597598398,0.16409352168891259,-0.02382123989365701,0.29739815061611957,-0.08525208619523096,0.3778114940643389,0.4098579131896746,0.3501937547413528,0.43644024357738914,0.2751761562066444,0.2996637483853772,0.3567342587087118,0.26474347145620186,0.4132887731600134,0.4642766831375283,-0.12697599081459005,-0.11521401868520151,0.0168877589376636,0.06746902316172199
#52,0.46100643115384876,0.15309700038955978,0.06989522891763886,0.2250425440305087,0.12654200753148942,0.2936016511867905,0.17005652034253924,0.46631674628722175,0.3856915369842604,0.3823153520732099,1.0,0.11713106295149639,0.05051292039994806,-0.15246823720774472,-0.2323450816366979,-0.39167162159391467,0.05699874930801878,0.010986269725736233,-0.023640128759764623,-0.08333845912014161,-0.17940253828962746,-0.13566932524142455,0.272343304697271,0.17513446647393707,0.1789822237713489,0.05203015329519748,0.2292798611253494,0.1594153869285602,0.01629316766790369,0.1506229539567657,0.17581107033262938,0.1881437133933392,0.20758411416152378,0.11553523465852009,0.026705349271113114,0.23034260759026512,-0.11902076968814713,-0.021777759552758014,0.15421783910496928,-0.12398594850976291,-0.24157491508279855,-0.008232013614089763,-0.032019081595691605,-0.19139687942099112,0.05148340270231481,0.1399920721164032,0.039974302722134515,0.15997922347747046,0.023250568962335717,0.24075478919347454,0.08168453857667152,0.2915171645514253,0.06895891852732727,0.16443524080946426,-0.029059794011714133,-0.13272028923106363,0.08966026285034753,-0.0013156186141239346,-0.1332875429711794,0.1412188437591837,0.11688160799349367,0.06074057367805958,-0.11742835858637635,-0.2009410944579993,0.1784491419432883,-0.06456099344582726,-0.06569891811726433,-0.19395635563392313,-0.14065842440147897,-0.17390086044874556,0.17925901625899576,-0.0500721027344364,-0.053598644058529654,-0.11815280312194588,0.00824568237891183,0.08960558779105926,0.16948926660242347,0.15526349961385738,-0.06323512325808678,-0.1213034534134323,0.011601364142729243,0.016843335451991882,,-0.011474928068125124,0.11768123073558458,0.204457384208476,0.2713557364388767,-0.30635119157457336,-0.23615524983084904,-0.17038457069826884,-0.004739644202051681,0.21526595999152537,0.11431529739815062,0.2323860879311641,-0.09822374401137242,0.11178999309727376,-0.14862731429274392,0.08275753661520377,0.25456707604617307,0.10953806409283826,0.15686616228924474,0.12956963893957724,0.08730923530095203,0.22963183181951763,0.16202270381836945,0.15564280783766976,0.2763892590846028,0.16741503154067483,0.03239838981950396,-0.03718929188963839,-0.15181897087869656
#53,0.0633000498909916,0.0622988128677752,0.12742706005371823,0.15936754625168298,0.19578113573766906,0.4817897880658014,0.06521025977487545,0.19409646047334933,-0.014174509120483328,0.056175206227489255,0.11713106295149639,1.0,0.5539745350911365,-0.00980392156862745,0.054480279389552966,-0.18800702574511854,0.22740382315352073,0.2978731401936864,0.1012479582282547,-0.28216431222192606,-0.11878498349496648,-0.4417881478140228,0.1182587360493169,-0.035292750770576614,0.2228384557029504,0.09461177290714125,0.15287488296120122,-0.10421066300343769,0.4461313978362345,0.2548712060634641,0.252906321120292,0.22920468291882803,0.33147779850873776,0.29933228083844204,0.18911419569570595,0.25840116457876283,0.1583936467581107,0.11876448034773338,0.04431413555314074,-0.0030344657904988414,-0.005248805691673672,0.16095312297104272,0.23764856238765983,-0.05107675694885832,-0.08624990602724185,0.0946835339224571,0.030166963962301546,-0.08656087042694387,0.026090254854120108,0.06606455757625462,0.19452360937403892,0.14107190453734647,0.2629118569700449,0.19422289654795344,0.07044539670172704,-0.1134541652143604,-0.2862410213301075,-0.2973605615128589,-0.17396578708165036,0.0510528366104197,-0.0003724738414013218,-0.00608260034581975,-0.06267470390038204,0.09965896431768943,0.06220654870522625,-0.14176217716086087,-0.1435083618668799,-0.048199481953813246,0.0035812163833815157,-0.06446189490086729,0.28381139838298514,0.18700920591310766,-0.13013005829728197,-0.07670227379902815,-0.08573391015520883,-0.21334549853402499,0.021565893698015978,-0.13578892693361763,0.09252386908057053,0.10575181623712573,0.07962055508853942,0.19817658677273628,,0.22840164298553162,0.30063081349653836,0.3577799192175999,0.254235608499238,0.24226860489751845,0.12284118945591482,0.015821595281542384,0.11890800237836507,0.036160717336777864,0.213550530006356,0.10296680540462962,0.02937075841141615,0.2397706381262857,-0.016460610036974008,0.29636957606325903,0.11580177557255039,0.31244062630280417,0.30549689377319417,0.35259604015883106,0.3311497481530081,0.3770597119991252,0.27607146030248975,0.40195394993131445,0.40870290256221,-0.022109227099693138,-0.12065760427558964,-0.04464902029128138,-0.24684764111291083
#54,-0.1511116122991546,0.24292812280018317,0.27520691092749405,0.15255366698788264,0.006045011242559066,0.328463835865472,0.12383559209672018,-0.06445164332725073,0.23149420102652424,0.15922402422105125,0.05051292039994806,0.5539745350911365,1.0,0.10149741318625742,-0.06828573185984048,-0.10843772852466187,0.3261503974193372,0.4056855227277387,0.006171447317163185,-0.2557870133065426,-0.2505962998653627,-0.28723200677970734,0.2253910975334714,-0.09517219226484598,0.1394179839938764,-0.028263588460828735,0.2664964905446319,0.12641215426567978,0.14707932667664486,0.03241547577553154,0.12249947033536314,0.3126524921575462,0.34415216068999926,0.07048640299619324,-0.07987684442895318,-0.03904482671423397,-0.11726775059971706,-0.1998783479930836,-0.045875791934061876,0.025488829201949167,0.015695159206938265,0.17854140610583724,0.0729707010026039,0.08141116328023018,0.13655096057244787,-0.010166143836412223,0.07383866756880514,0.10397829400146255,0.3612757058208435,0.28447433347685536,0.2859368913128165,0.30918746027515226,0.4426697831450461,0.3972245573028793,0.0754857537298642,0.08097717999712956,-0.3918527327278071,-0.4792029743232253,-0.1910859150212891,0.29692316103855276,-0.04603298272951565,-0.15588884560446695,-0.010043124953013622,0.33523670883480616,0.28971972197732354,0.02080727725039127,0.04650455511587696,0.21294910435418504,-0.05121344459707899,0.156312577313951,0.2336914549716715,0.2995475638843896,-0.24106575359317656,0.058423718040719254,-0.24249755670828804,-0.28036003526541325,-0.15488760858125056,-0.15058878204471052,0.06312919033071576,0.09679535808746642,0.025263294582385062,0.09537722373717698,,-0.21698480716790028,0.015510630881840362,0.30986406413384454,-0.006198784846807318,0.30859970338780335,0.0006697694762812759,-0.26519112350412455,0.19019061092544373,-0.12910148374442143,0.13194800401861687,-0.0048660802766558,-0.25456365885496757,0.4225083550324975,-0.10746724622229513,0.5046268768922696,0.26750456195025935,0.36169602033912207,0.4996924527915035,0.45111024542267236,0.27224420615231104,0.44548213150718635,0.49606339573124475,0.3357048640299619,0.4606476260772695,-0.16997792494481237,-0.21885401075731792,-0.1402996193248997,-0.10519139687942099
#58,-0.2925969969723686,-0.22290679952706074,-0.1198306440038546,-0.2659736602901879,-0.06495397043446169,-0.13546087657788805,0.18523910086865,-0.1355565579316425,0.07056499839392014,-0.15073913845775327,-0.15246823720774472,-0.00980392156862745,0.10149741318625742,1.0,-0.03511163963668423,0.060955856724007135,-0.1675927254833617,0.06353583608417225,-0.11703879878894743,0.029056376820508614,-0.408412441309741,-0.13410766886050343,-0.2399722524074112,-0.3494556414409612,-0.33945010559120825,-0.18036276901837767,-0.2927371018117948,-0.0793095906888374,0.11049146043917742,0.039304533245853236,0.1513166437714856,-0.17739322986078362,0.040025560590217266,0.20853067612545192,-0.006116772257874917,0.0060245080953259655,0.1620534585392191,0.1282540203254533,-0.13513624341336394,0.012729037240549758,0.16381331201006022,0.1335540838852097,0.23644912827452347,0.15466207396168646,0.09516194069122944,-0.02708807468613099,-0.2446127980645029,0.06926646573582378,-0.01939256009130735,0.09572919443134521,-0.0769380599922088,0.14472146474483832,-0.03125704795686138,0.17807325091068146,-0.3450372132122281,-0.17927610221502335,-0.11991265659278699,-0.1601535002289518,0.04998667295429848,0.04538713359167299,0.19454411252127202,0.15942222131097122,0.395615060245081,0.638204881115918,-0.07547208496504214,-0.12117701733882817,0.6476465804167606,0.6068931580997683,-0.039827363500297294,0.08619864815915909,-0.06732208393988477,-0.2273354793294104,-0.048852165474066934,-0.144448089448397,-0.07613843725011789,-0.12466255236845522,0.10631223559483047,0.13842699854427654,0.37384413507473396,0.24302038696273212,0.019484824253856302,-0.07853730547639062,,0.13853634866285308,0.16758589110095065,0.20054811746936488,0.06313260752192128,0.3252072526466146,0.126863223504808,0.0447959595131186,0.2537572017304656,0.06733233551350132,0.006895891852732728,0.05303822470082491,-0.15760085839843083,0.01906792692678326,-0.10371858746984329,0.047034219752732045,-0.1411402483614568,-0.12868116922614287,-0.03390195394993131,0.0416077201183715,0.05488009076059842,0.011908911351225746,0.07511327988846288,-0.057747114182026944,-0.04926222841872894,0.1960340078868773,-0.03894572816927398,0.15432718922354582,0.03510822244547871
#101,-0.14797463077249023,-0.16852220149126224,-0.30493989160669493,-0.020352790820057545,-0.1782646136181904,-0.24556277721963654,-0.14402435773891292,-0.24736363698494385,-0.23806204252352736,-0.06560323676350986,-0.2323450816366979,0.054480279389552966,-0.06828573185984048,-0.03511163963668423,1.0,0.3698460213642794,-0.02855063252209214,-0.12397911412735188,0.5836494235198436,0.20234897723467218,0.5629549135792344,-0.006414067892754872,-0.07568395081978417,-0.1246591351772497,0.03273669174885011,-0.06779023913504056,-0.23230065815102618,-0.47833842494822953,0.24410705376608643,0.10822927986112535,-0.28160731005542683,-0.2610289846158052,-0.21467136872176545,-0.1496422200807824,0.04921438774185171,-0.03637600038272541,0.06732208393988477,0.12500768868021242,0.006608847791469324,-0.17968958235089086,0.29882653654002556,0.09341917317641592,0.11317053834430252,0.16849828115282361,-0.052296694209227786,-0.10418332547379357,-0.18136058885038853,-0.3065425542820823,-0.2630827165303207,-0.3803743874684764,-0.28193877760236197,-0.34855350296270476,-0.28767965882763,-0.3024111701146126,0.059107156281822594,-0.05211900026654091,-0.14355961973496265,-0.08447638379157868,-0.12468988989809936,-0.5327742808521108,-0.4298553161243584,-0.3164421572044642,0.161827923919655,0.10394412208940738,-0.1439833514444467,0.10209883883842837,-0.06588002925115671,0.11686452203746608,0.537305476390626,0.32436662361005747,0.19295511861070674,0.315885155037965,0.322432493387735,-0.08760653093583198,0.1215289880329964,-0.20168604214080194,-0.06365543777636534,-0.18812662743731162,0.3287132908234747,0.14247637012281386,0.0169492683793629,0.00802698214175876,,0.10090623910770304,-0.0573302168549539,-0.34466132217962125,-0.31957230434871753,-0.08981061926339026,0.15210259774875443,0.1110006219287994,-0.060135730834683127,-0.27686424866216963,-0.3617848673104655,-0.2137828990083311,-0.2280086659968972,-0.14800880268454542,0.23245443175527444,-0.25692835516918516,-0.3315666454800812,-0.268758671122684,-0.2056636527040234,-0.24131179135997374,-0.04493264716133927,-0.15737874097007223,-0.22655294254334707,-0.01833323081759717,-0.1304854461826557,-0.3271311312953205,-0.17628605991019622,-0.29765443995653335,-0.3131650708383737
#102,-0.3186906690176942,-0.0991634715928895,-0.03304765614855214,-0.19179669079203657,-0.006492663290481756,-0.19745555942837226,-0.08546736924117852,-0.30819305763434685,-0.24594550263465442,-0.28704747845460943,-0.39167162159391467,-0.18800702574511854,-0.10843772852466187,0.060955856724007135,0.3698460213642794,1.0,-0.08419275692152078,-0.04694878997259413,0.22499128616242592,0.3795747647263855,0.04812088655608636,0.30540462961064524,-0.2955631189387571,-0.06897258729214935,-0.22423608690600674,0.17627239114537416,-0.4813489704002898,-0.25824397378330904,-0.08188273566659149,-0.07295361504657631,-0.3079777745883993,-0.10039024323567002,-0.19580163888490218,-0.17789555696799458,0.03603428126217374,-0.1913114496408532,0.04993541508621573,0.3872224386443319,-0.12228418728941559,0.13713530026859122,0.3000020503147233,0.07740963237857011,0.10853340987841634,0.438859614950895,-0.2439772005002768,-0.15304574252147704,-0.1627915718396107,-0.3406051162186729,-0.030501848700442185,-0.3540449292299701,-0.2857865348997738,-0.2717897197219773,-0.3305449053096317,-0.22781730328938826,-0.24470847941825738,0.20531168200985517,-0.3404752629528633,0.08195449668190734,-0.12982251108878545,-0.3383566044054429,-0.12458053977952283,-0.08554938183011092,0.28498349496647735,0.2041703401472126,-0.22847340400084745,0.027549395498875744,0.08480785133851379,0.173275514458136,0.48439368776440517,0.6260909382923612,-0.00682071364621136,0.04607740621518736,0.17410589192107656,-0.1020031574846739,0.03535426021227592,-0.13711479712135813,0.0133509660399538,0.045940718566966694,-0.007035996692158913,0.5088436908398772,-0.18156220313151403,0.034130905760700936,,-0.14555867659018992,0.04185034069396319,-0.0714363821513269,-0.237272671355053,0.09489881696840465,0.14670343564403804,-0.03906874705267258,0.14621819449285464,-0.3287884690299961,-0.38380524743881517,-0.21618518442580936,-0.22380893800531715,-0.11902418687935265,0.5398376150739138,-0.12071227933487791,-0.25143692890191977,-0.28409844244424853,-0.2793485466685803,-0.23390332082641352,-0.05027029982435637,-0.14864781743997704,-0.1729884703968726,-0.13313718655813667,-0.30733192545055665,-0.12451219595541249,-0.11024200548117469,-0.035607132361484155,-0.15190098346762895
#201,0.3952323348300631,0.28985299243433865,0.6591044225288581,0.5001571907954537,0.07601883555792481,0.35999767630998025,0.4129436368482562,0.1662395177659771,0.1857277592110389,0.4501363459291001,0.05699874930801878,0.22740382315352073,0.3261503974193372,-0.1675927254833617,-0.02855063252209214,-0.08419275692152078,1.0,0.6264941668546122,-0.09416412085921856,-0.5714671368721765,-0.26045147930207285,-0.38060333927924606,0.5279902131643874,0.22407206172814192,0.5176805472973435,0.41943630013873795,0.42594946657645283,0.27382294848925975,0.3395833760482234,0.0798631756641311,0.37059438623828755,0.500707358579542,0.4355791113935989,0.2651774547393025,-0.23222547994450482,-0.015114236702000424,-0.4876434366008516,-0.32839207485015615,0.060176737129149324,0.07144663372494345,-0.21309262638481674,-0.14064133844545137,-0.04847969163266561,-0.09892768539970885,-0.053779755192422035,-0.45032087425419803,0.329694024699458,0.3044580676467171,0.3312420123155571,0.2261702171283292,0.4914911938982634,0.4298518989331529,0.6398963907626487,0.4610508546395205,0.25770064038163193,0.3937014331699916,-0.38365489102577244,-0.6291800791421484,-0.19628346284488002,0.15709853129121987,-0.12074986843813859,0.0007210273443640265,-0.4039632583601583,-0.14630020708178706,0.3609954961419911,0.03344746751959759,-0.20453597960620287,0.013921636971275091,0.2327551445813599,0.14898611936932318,0.723583403385753,0.6177564089421059,-0.12269766742528311,0.15970584818102912,-0.41769694981512995,-0.2851748576739863,-0.2326936351396606,-0.216930132108612,0.02001448889071139,-0.03923960661294842,-0.17209658349223272,0.033160423458334184,,-0.09779317791947731,-0.16985832325261926,-0.10673596730431455,0.0969730520301533,0.011471510876919607,-0.02152488740354978,-0.011420253008836857,-0.2034527299940541,-0.3263417601268461,-0.02482931129928444,-0.1950703599669216,-0.2881990718908686,0.5837382704911871,0.14895878183967906,0.7057285793369282,0.6133277291397563,0.46555812983959705,0.5394241349380463,0.5926708083024077,0.5585193993944737,0.4231815416999843,0.37948250056383653,0.5755609319363856,0.5681046207259481,-0.059435206637552196,-0.32626999911153026,-0.07778894060238246,-0.1284590517977843
