,#10,#11,#12,#13,#17,#18,#26,#49,#50,#51,#52,#53,#54,#58,#101,#102,#201,#202,#301,#302,#401,#402,#501,#502,#601,#602,#701,#702,#801,#802,#901,#902,#1001,#1002,#1101,#1102,#1201,#1202,#1301,#1302,#1401,#1402,#1501,#1502,#1601,#1602,#1701,#1702,#1801,#1802,#1901,#1902,#2001,#2002,#2101,#2102,#2201,#2202,#2301,#2302,#2401,#2402,#2501,#2502,#2601,#2602,#2701,#2702,#2801,#2802,#2901,#2902,#3001,#3002,#3101,#3102,#3201,#3202,#3301,#3302,#3401,#3402,#3455,#3501,#3502,#3601,#3602,#3701,#3702,#3801,#3802,#3901,#3902,#4001,#4002,#4101,#4102,#4201,#4202,#4301,#4302,#4401,#4402,#4501,#4502,#4601,#4602,#4701,#4702,#4801,#4802
#10,1.0,0.2688441009028219,0.4665559496716079,0.4742138751631709,0.07666810188697298,-0.0607849971637313,0.17537708704952876,0.4378686295012951,0.23660631906997723,0.4364539123422112,0.33999002180167986,-0.09537038935476595,0.05667411614349469,0.10935695295894586,0.0002050314723310028,-0.004110881020236606,0.17609128001148175,0.12358955432992298,-0.1780424961898318,-0.06968336306289682,0.0937848126354062,0.06539478809997334,0.11990582221037596,-0.16925348040924282,0.1509680902685229,-0.11986139872470425,-0.05422740724034473,0.047447699888599565,-0.3272028923106364,-0.28598131479848826,-0.07181910756634477,-0.08722722271201963,-0.02029469856956376,-0.05753866551849042,-0.20169971090562402,-0.31560836255031816,-0.10976359871240235,-0.29999521593231226,0.004719141054818582,-0.16290433914939276,-0.31826352011700465,-0.302705048558287,-0.3664288301587627,-0.13154135826516036,0.09959403768478461,-0.05019512161783501,0.025895474955405656,-0.036270067455354396,0.007784361566167073,-0.21837902117975108,0.009810755951038485,0.15503454780308779,-0.12223634661253836,0.14329991320334337,0.17253056677533335,-0.018733042188642624,0.11097670159036079,-0.16116498882578476,-0.009540797845802664,-0.13567274243263008,0.18565599819572304,0.17480299892700196,-0.22596860284720371,-0.0987739117954606,0.04133092763072465,-0.0801878088286552,-0.20718088559927283,0.14400385459167983,-0.186872518264887,-0.26519454069533005,0.17968616515968536,0.17181295662217483,-0.05100499593354246,0.012534257341835305,-0.18029784238547283,0.07689021931533158,0.009393858623965445,-0.008454131042448349,-0.15108085757830494,-0.32354649772073346,-0.09697988641256433,-0.008529309248969717,0.08598336511321154,0.11283223641495636,-0.0016607549258811228,-0.12465571798604419,0.1326519454069533,-0.2792494481236203,-0.06654638153623248,-0.14625236640490982,-0.2776057791537668,0.0018760379718286758,-0.17925559906779023,0.13999890649881425,0.08688208640026245,0.2812348362140255,-0.10125820980187125,0.06729474641024064,0.20522625222971727,0.007555409755397454,0.14384324660502054,0.04627218611390182,0.07792562825060313,-0.006461908569632105,0.056328979831737507,-0.05038990151654946,0.1271126784628107,0.10072171078260513,0.12436867392478079,-0.003280503557296045,-0.03318092660556729
#11,0.2688441009028219,1.0,0.2147192093986427,0.3176210881703675,-0.036211975204860615,-0.01693901680574635,-0.00021528304594755295,0.21802021610317185,0.46499087609948125,0.3473404000847463,-0.026162015869435958,-0.051428727643026535,-0.1766277790307479,0.14585597222506988,-0.043497426855022246,-0.08587401499463501,0.20832906184432642,0.1308750059800846,-0.17858241240030345,-0.0884061536779229,-0.0901865102959971,-0.08423376321598698,0.09233592356426712,-0.014441050034513632,0.02708807468613099,-0.08316759955986577,-0.02219807407103657,0.004343250022211743,-0.11191642917187788,-0.12027146166936625,0.054695562435500514,-0.02349660672913292,0.07562244137808487,-0.0792070749526719,-0.15318926455210874,-0.19148230920112905,-0.12107108441145716,-0.1574505019853881,-0.2562039106336156,-0.30402066717241094,-0.1906792692678326,-0.15638092113806135,-0.1813161653647168,0.0268659572577724,-0.1383757406761938,-0.20558847449750203,0.011372412331959623,-0.04010757317914967,-0.02736828436498336,-0.2091389361600339,0.03870994197609333,0.15128930624184145,-0.0011618450098756826,-0.025598179320525702,-0.1737265836972642,-0.10384844073565293,0.08066963278863305,-0.26519112350412455,0.19468763455190372,-0.16253528249919696,0.3169239811644421,0.20632317060668812,-0.09850395369022479,-0.035883924849131006,-0.019853880904052105,0.06733575270470683,0.02335308469850122,0.09617001209685687,0.01592069382650237,0.12165542410760051,0.15572823761780766,0.2920878354827466,-0.1470041484701235,-0.06443455737122315,-0.1686110484626057,-0.11234016088136195,0.10575181623712573,0.24414806006055262,-0.027569898646108846,-0.024094615190098347,0.28890301327920503,-0.15908733657283058,-0.03599669215891306,0.03028998284570015,-0.13197875873946652,0.09659032661513542,0.20330237358101136,-0.07152864631387584,-0.050591515797674944,-0.034646901632733956,-0.12086947013033167,0.1653886371558034,0.11619133536997929,0.2790273306952617,0.2152522912267033,0.09807680478953519,-0.11364552792186934,0.06614657016518702,0.01135532637593204,0.26936693115726595,0.19829618846492936,0.25595103848440737,0.053947197561492355,0.15052727260301124,0.17157717042899417,0.1867119102782277,0.04678818198593484,0.22959424271625695,-0.07516795494775115,0.3681442601439321,0.27451663830397965
#12,0.4665559496716079,0.2147192093986427,1.0,0.5030447173641154,-0.15265276553284263,-0.027433210997888174,-0.0915533867782038,0.22522707235560657,-0.0605799656914003,0.24100766134268276,0.12178869456461566,-0.15946664479664296,-0.17484400522146817,-0.15675339497946267,-0.14618060538959396,-0.08903833405094348,0.5044491829495827,0.44975703770528774,-0.2505962998653627,-0.12068494180523377,-0.2080556865478851,-0.16419262023387257,0.3678606332738742,0.21913080324496476,0.3872292730267429,0.1897566276423431,0.2105502361279123,0.31735454725633716,-0.34867310465489787,-0.25190166690587007,0.06465667479958173,0.13237515291930646,0.25121822866476673,0.26132969744189066,-0.34861501240440407,-0.30258202967488845,-0.24758233722209694,-0.4392560091307349,-0.06490271256637895,0.0639766537496839,-0.5074494768280264,-0.28502450126094353,-0.4712033297111107,-0.39808910667787506,-0.0549791893055584,-0.11273655506120189,0.15706094218795918,0.12569112692131576,0.19479015028806923,0.029784238547283674,0.0654665491152892,0.1864419521729919,0.16259679194089627,0.41817193939269676,0.2799363035559292,0.2909225732816654,0.2837874780445465,0.2008795850163,-0.050577847032852875,0.011772223703005078,0.18003471866264806,0.1438159090753764,-0.30689794216745603,-0.15759060682481427,0.1715190781785004,0.10179129162993186,-0.22319726077952967,-0.014673419036488767,-0.15631599450515654,-0.12392102187685809,0.14305387543654619,0.11069649191150842,0.05954797394733425,0.15930945400118918,-0.14776618210895373,0.026944552655499287,0.08405948646450563,0.19735304369220674,-0.2936870809669284,-0.30097253261709006,-0.1926817433142654,-0.4272753367641933,-0.09559250678312455,-0.08024248388794347,-0.20769688147130586,-0.002884109377456106,0.2801925928963429,-0.2899042503024214,-0.22239080365502772,-0.37444556072690494,-0.5101353891155626,-0.05490742829024255,-0.041597468544754955,0.10495561068624033,0.095582255209508,0.5370799417710619,0.2619311230940616,0.23370170654528805,0.21471579220743717,0.23891634032490655,0.28937116847436084,0.2911310219452019,0.27183414320764904,0.2262898188205223,0.1835646771779468,0.20188765642192744,0.27789282321503017,0.12638139954483013,0.07033946377435603,0.08042701221304137,0.07974357397193803
#13,0.4742138751631709,0.3176210881703675,0.5030447173641154,1.0,-0.09154655239579275,-0.18465134398130112,-0.04314545616085402,0.21982449305968466,0.14256863428536282,0.29298313957859196,0.1488665176771301,-0.26214982333121467,-0.07556093193638556,-0.08483860605936344,-0.18129566221748372,-0.16291800791421482,0.16355702266964645,0.1520547570718772,-0.3136708151367902,-0.3142073141560563,-0.18071132252134037,-0.21281241670596437,0.09543873317887629,0.13847483922115378,0.25681558785940306,0.09183017926585064,0.33837369036147047,0.42192401533635415,-0.2632467417081855,-0.20831539307950436,0.025041177154026477,0.06884615121754523,0.1386251956341965,-0.020021323273122425,-0.1843403795815991,-0.32664930733534264,-0.1738256822422242,-0.34476725510699224,-0.07541399271454835,-0.18226272732864496,-0.24268891941579698,-0.31362639165111844,-0.35074050533423545,-0.2701357991785072,-0.07474764042947259,-0.22296489177755452,0.23916921247411477,0.1583526404636445,0.13638351820337755,-0.12054141977460207,0.2878402668142893,0.2541023380422228,0.1697831450460979,0.2980200794155236,0.2162330251026866,0.13726515353440086,0.24972149891675038,-0.11398041266000998,0.04670616939700244,-0.1455962656934506,0.20993172451971379,0.0900224851181323,-0.33907421455860143,-0.20562948079196824,0.22706210403296906,0.37723057155940104,-0.3535289333579371,-0.19607843137254902,-0.3408511539854701,-0.1055399503823837,-0.06369302687962602,0.18330155345512203,-0.10175370252667118,0.17999371236818185,-0.21998510104634394,-0.12484708069355313,0.1436928901919778,0.13192408368017824,-0.3666748679255599,-0.41276936009677484,-0.21632528926523556,-0.24268891941579698,0.09218556715122438,-0.05687573042462018,-0.20297090603407622,-0.07330558574074454,0.16125383579712818,-0.16065241014495726,-0.09069567178561909,-0.3097820515449121,-0.462786787771923,-0.2216731935018692,-0.30783425255776764,0.14036796314901004,0.15339429602443974,0.3266561417177537,0.1006328638112617,0.31479165385219965,0.16063532418892967,0.22031998578448458,0.33174092223156254,0.14586964098989194,0.10472665887547072,0.2926448376492458,0.20729023571784935,0.22178937800285678,0.23769640306453707,0.08994730691161093,-0.11848768786008652,0.20885872648118153,0.06557248204266021
#17,0.07666810188697298,-0.036211975204860615,-0.15265276553284263,-0.09154655239579275,1.0,0.24767460138464586,0.26418988648090813,0.2849937465400939,0.2801925928963429,-0.07481598425358292,0.1210403296906075,0.5555293570896466,0.6852664383982942,0.4429978335007757,-0.20767637832407274,-0.262734163027358,-0.3115111502949036,-0.42234432985463266,-0.16226874158516666,-0.22796082532001996,-0.03339620965151484,-0.14273949384563864,-0.1609497057798372,-0.1532644427586301,-0.11147561150636623,-0.12383559209672018,-0.3423376321598699,-0.3938654583478564,0.15365400255605902,0.05447344500714193,-0.30211729167093815,-0.21722059336108093,-0.3123346933754331,-0.16057039755602484,0.2270279321209139,0.1447966429513597,0.05668778490831676,0.12869825518217046,-0.06960135047396442,-0.1069102440557959,0.17350788346011112,0.2246358982770522,0.10397487681025704,0.1328535596880788,0.4280817938886953,0.29945871691304615,-0.19264757140221023,-0.18682126039680425,-0.04472078130659723,-0.11359768724499211,-0.19441425925546238,-0.19671744612798064,-0.28463494146351465,-0.37043036106042276,-0.24305114168358177,-0.23885824807441275,-0.13817412639506832,-0.23550598350180085,0.3751289989680083,0.05708076189695118,0.13983146412974393,0.22274277434919593,0.27609538064092837,0.07600516679310274,-0.41949780958043725,-0.17163867987069348,0.08132231630888674,0.17872251723972962,0.09124583956970728,-0.029244322336812033,0.017222643675804235,0.025311135259262298,0.22623856095243952,-0.04353159876707741,0.11986139872470425,0.19495759265713955,0.04724608560747408,-0.011929414498458846,0.1216315037691619,0.04446790915738899,-0.25337105912424224,0.5138259556175206,0.48287987206036126,0.4138184377968685,0.6229334536184638,0.00995086079046467,0.0230831265932654,0.07561902418687935,0.28194219479356747,0.34950348211783844,0.2618901167995954,0.19710017154299853,0.221632187207403,0.039318202010675304,0.10023988682262727,-0.2094225630300918,-0.04224331768259761,-0.20385937574751056,-0.3567786821943835,0.08635583895461287,-0.0013805452470287522,-0.29888462879051936,-0.3328925156678217,-0.3629330435555191,-0.22431468230373364,-0.2666639329137023,-0.2780739343489226,0.08636609052822941,0.1628701672373376,-0.1951967960415257,0.15318926455210874
#18,-0.0607849971637313,-0.01693901680574635,-0.027433210997888174,-0.18465134398130112,0.24767460138464586,1.0,-0.1352865998264067,0.05905248122253433,0.1607207539690676,0.08260376301095551,0.004702055098790998,0.47108031082771207,0.13744968185949877,0.15133031253630766,-0.27610904940575043,-0.2631783978840752,0.15998947505108702,0.3379807133728361,-0.023455600434666723,-0.12406112671628429,-0.3480272555170552,-0.25627908884013695,0.14906813195825558,0.13511232307492532,0.0028055139797292217,0.07183961071357786,-0.19552142920604978,-0.20830514150588783,0.3891907407787095,0.24607535590046406,0.15586834245723385,0.05118610706743485,0.04732126381399545,0.2654269096973052,0.3580191226019861,0.10413548479691632,0.20745767808691967,0.12367498411006089,0.08117195989584401,0.1462694523609374,-0.06258927412024412,-0.025762204498390503,0.09360711869271933,-0.12105058126422406,0.007483648740081603,-0.09312871192394699,-0.0445909280407876,0.08990971780835025,0.16235758855651009,0.10578257095797539,-0.11751378836651426,-0.1345929100116868,-0.008430210704009733,-0.21621252195545348,-0.2800251505272726,0.0411361477320102,-0.19173176415913176,0.06798501903375502,0.0013702936734122022,0.09352852329499245,-0.017003943438651168,0.19087746635775257,0.30129033139920314,-0.12011085368270696,-0.21133277291397562,-0.16689220128623078,0.3599224981034589,0.035678893376800004,0.26041389019881217,0.038357971281925106,0.2910968500331468,-0.18783958337604822,0.17941962424565505,0.1032094259802213,0.10279594584435378,0.1174830336456646,0.07379082689192791,0.15047259754372297,0.320276245737054,0.27983037062855814,0.2573281665402306,0.08784573432021815,0.0341855808199892,0.5040391200049208,0.27081240303719956,-0.04852069792713182,-0.08549470677082266,0.13710454554774157,0.40574019778702697,0.20736541392437072,0.20945673494214695,0.3744865670213711,0.17398970742008898,-0.1179716919880535,-0.12087972170394823,0.03765402989358867,0.2533847278890643,0.16284282970769345,0.05461354984656811,0.1188294069806382,0.2551514157423164,0.21589130598213493,0.21273040411703195,0.13902158981403645,0.27977227837806434,0.0981588173784676,0.17506612264982674,0.10625756053554221,0.041276252571436384,-0.12681538282793076,-0.049747469569912314
#26,0.17537708704952876,-0.00021528304594755295,-0.0915533867782038,-0.04314545616085402,0.26418988648090813,-0.1352865998264067,1.0,0.16253869969040247,0.16361511492014025,0.17897538938893787,0.20299482637251484,0.08855651009096563,0.3171700189312393,0.363937697769941,0.29030064448226134,0.1782236073237242,-0.1707638789220812,-0.32111687477361106,-0.0046473800395027305,-0.008146583833951846,0.26423089277537437,0.10360582016006123,-0.22681264907496634,-0.2712463863203002,0.00675920420451206,-0.16459926598732905,-0.1479677963900792,-0.20366801304000165,-0.13658171529329752,-0.1321393667261258,-0.15118337331447043,-0.2325330271530013,-0.2194622707918999,-0.2964413370785749,-0.008392621600749049,0.022457780602655842,-0.09138594440913347,0.04146761527894532,-0.12903655711151663,-0.13055379000676604,-0.006776290160539643,0.09234275794667815,-0.06767747182525852,0.16718949692111074,0.04818239599778566,0.17731463446305676,-0.3038976482890124,-0.28307670227379905,-0.3064981307964106,-0.18466159555491768,-0.2087937998482767,-0.09919422631373916,-0.27455764459844584,-0.13038293044649021,-0.12542458600728545,-0.1578810680772832,-0.05813667397945585,-0.24227885647113498,-0.05798290037520759,-0.060976359871240234,-0.018756962527081242,-0.012202789794900184,-0.01525434154142661,0.12772777287980372,-0.09110915192148661,0.06582535419186845,0.07398218959943685,0.3573664390817324,0.030782058379294555,-0.17611178315871487,0.1781586806908194,0.20804543497426856,0.04333340167715744,-0.005450419972799158,0.056691202099522275,0.1601090767432801,0.04433463870037384,-0.0795727144116622,-0.11513884047868014,-0.1063395731244746,-0.11818697503400105,0.4048722312208257,0.26334925744435106,0.17553086065377702,0.2600482507398219,-0.11663557022669646,0.047950026995810524,0.03578824349537654,0.11298601001920461,0.14436949405067012,0.028154238342252204,-0.0231446360349647,-0.00636281002467212,-0.08332820754652506,-0.043080529527949205,-0.05611369678578995,-0.13611697728934724,-0.23806204252352736,-0.18112138546600237,-0.10746724622229513,-0.257622044983905,-0.331023312078404,-0.3197294951441713,-0.34292538904721875,-0.2857831177085683,-0.23564950553243255,-0.20691776187644803,-0.03720296065446046,-0.05784279553578141,-0.20103335862054825,0.03621539239606613
#49,0.4378686295012951,0.21802021610317185,0.22522707235560657,0.21982449305968466,0.2849937465400939,0.05905248122253433,0.16253869969040247,1.0,0.4179361531995161,0.4267012486416665,0.48117469364880844,0.11504657631613119,0.21523520527067572,0.23141560562879734,0.1875662080796069,0.0522180988115009,0.11555232061454766,-0.028622393537407993,-0.06157436833220566,0.002101572591392779,0.16528612141963792,-0.11047779167435534,0.028465202741954222,-0.1064591748166677,0.14431140180017632,0.04960053034807509,0.06187508115829113,-0.01706203568914495,-0.12669578113573768,-0.15853375159753688,-0.20358941764227476,-0.3499579685481721,-0.20767637832407274,-0.16434981102932633,-0.032593169718218414,-0.22301273245443176,-0.10402955186954531,-0.10157259139277879,0.014540148579473616,-0.21148654651822388,-0.06459516535788243,-0.22029264825484046,-0.10393387051579084,0.024156124631797646,0.23066382356358367,-0.05337652663017106,-0.05523206145476664,-0.10945263431270033,-0.20976086495943794,-0.33209289292573074,-0.03565497303836139,0.01039851283838736,-0.0849718765163786,-0.2544235540155414,-0.03335520335704864,-0.04620042509858597,0.01818629159575995,-0.23516084719004368,0.02151121863872771,-0.24259323806204253,0.17081855398136947,0.05683472413015398,-0.09743779003410356,-0.08868636335677527,-0.05166451383620719,0.02886501411299968,-0.2316923981164442,-0.04592363261093911,0.014782769155065302,-0.15136790163956834,0.21150021528304594,0.2647366370737908,0.2397433005966416,-0.008867611178315872,0.02158297965404356,-0.07591631982175931,0.10828737211161914,-0.18427203575748877,-0.24413097410452506,-0.23924097348943063,-0.31577238772818295,0.11024883986358573,0.1741161434946931,0.06218262836678764,0.14650865574532357,-0.0475160437127099,0.059790594522925934,0.005638365489102577,0.21121317122178254,0.03618122048401096,-0.14921848837129834,-0.07594365735140345,-0.09303986495260355,0.024426082737033467,0.06602696847299394,0.18204402709149187,0.029357089646594087,0.044573842084760014,-0.007856122581482924,0.17409905753866553,0.07341493585932107,-0.07350036563945898,-0.22066512209624178,-0.06392539588160116,0.044799376704324115,-0.08329745282567541,-0.0824568237891183,0.01188499101278713,-0.12965848591092066,0.039970885530929,-0.04406809778634354
#50,0.23660631906997723,0.46499087609948125,-0.0605799656914003,0.14256863428536282,0.2801925928963429,0.1607207539690676,0.16361511492014025,0.4179361531995161,1.0,0.33378781976366706,0.25212378433422866,0.20849992140460227,0.051247616509134154,0.4443305380709272,0.0122267101333388,-0.2587599696553421,-0.0038204197677676856,-0.13589144266978315,-0.31863599395840597,-0.23282690559667577,0.030542854994908386,-0.16082326970523309,-0.2030700045790362,-0.21818424128103664,-0.19017694216062164,-0.1990206330004989,-0.3614978232492021,-0.30742418961310564,-0.1365988012493251,-0.24321516686144656,-0.24877835414402777,-0.2829741865376335,-0.22832304758780472,-0.33133427647810604,-0.13116888442375904,-0.20965834922327245,-0.24238820658971152,-0.13967085614308464,-0.3166711090152338,-0.4333852746396572,-0.1847675284822887,-0.17601268461375488,-0.007521237843342287,0.03330394548896589,0.18311702513002412,-0.15410848898639273,-0.2608137015698576,-0.2851543545267532,-0.26415229737764745,-0.2856259269131145,-0.188406837116164,-0.16059431789446346,-0.22961816305469557,-0.2651159452976032,-0.32164995660167167,-0.39788407520554403,0.05073503782830664,-0.4548759901311518,0.3238813824588741,-0.29857708158202284,0.45682720630950185,0.3581694790150288,-0.05554302585446866,-0.11527894531810633,-0.1469392218372187,-0.12162125219554534,0.14533314197062583,0.011809812806265762,0.08738783069867892,0.08489669830985723,0.3340270231480532,0.2565387953717562,0.02452859847319897,-0.044194533860947655,-0.03582241540743171,0.03633841127946473,0.33239360575181626,0.25819613310643186,-0.024771219048790656,-0.12594058187931848,0.02411170114612593,0.14513836207191136,0.23905302797312722,0.33123176074194055,0.25032292456892136,0.07002849937465401,0.2850723419378208,-0.1674252831142914,0.4111325255093323,0.14272582508081658,0.0388261264770809,0.1232068289149051,0.005067694557781286,0.45206705896021704,0.33196303965992113,-0.05721744954517185,-0.22271201962834627,-0.006222705185245935,-0.14427381269691564,0.21195470171337968,-0.0023817822702451494,-0.001301949849301868,-0.1160512305305531,-0.04073975355217026,0.05891237638310814,-0.07137828990083311,-0.07645623603223095,0.3444597078984957,0.03943780370286839,0.39992755554644305,0.3580908836173019
#51,0.4364539123422112,0.3473404000847463,0.24100766134268276,0.29298313957859196,-0.07481598425358292,0.08260376301095551,0.17897538938893787,0.4267012486416665,0.33378781976366706,1.0,0.215805876201997,-0.0060245080953259655,-0.053800258339655134,0.014294110812676413,0.23498998762976783,0.2154983289935005,0.41164510419015987,0.05318858111386764,0.03428126217374367,0.1118583369213841,0.22590367621429888,0.12013135682994006,0.16319480040186168,-0.20818212262248922,0.19990226833152222,-0.033919039905958896,0.059698330360376986,0.038088013176689285,-0.1524408996781006,-0.2676685871281242,-0.08717938203514239,-0.02999952159323123,-0.07257430682276396,-0.0279287037226881,-0.17296796724963948,-0.24431550242962294,-0.004948092865588201,-0.1838483040480047,0.07963764104456701,0.024983084903532692,-0.2562278309720542,-0.315885155037965,-0.20268386197281282,-0.16108639342805786,0.009028219164975157,-0.01092817747524245,-0.007924466405593258,-0.058358791407814435,-0.07817850039981138,-0.2628127584250849,-0.03444528735160847,0.025153944463808527,0.03579166068658206,-0.0035743820009704825,0.028513043418831457,0.11243584223511642,-0.012161783500433983,-0.12666844360609353,-0.28874923967495675,-0.41964816599348,0.051473151128698255,-0.044748118836241364,-0.13825272179279519,-0.09123558799609073,0.16997450775360684,0.052607658608929804,-0.00992010606961502,0.16238834327735974,-0.01971377606462592,-0.07427606804311128,0.2867023421428523,0.28259146112261563,0.031052016484530376,-0.22585241834621614,-0.09547632228213697,-0.10494535911262379,0.05437434646218194,-0.07157306979954757,-0.04382547721075185,-0.12438917707201388,0.08528625810728614,-0.12954230140993309,0.004934424100766134,0.027153001319035804,-0.16529295580204895,-0.0014044655854673692,-0.056800552218098814,-0.11368653421633554,7.859539772688442e-05,-0.14179976626412155,-0.2677745200554952,-0.06248675838407862,-0.15562572188164217,-0.09976831443626596,0.0009499791551336464,0.2092038627929387,0.06283872907824685,0.1483539389963026,0.0609900286360623,0.0738489191424217,-0.0025731449777540855,0.03208059103739091,-0.06055604535296168,-0.07446059636820919,0.01429752800388193,-0.004374004743061394,-0.009516877507364047,-0.030201135874356713,-0.21091587558690258,-0.020786774103158167,-0.12761842276122717
#52,0.33999002180167986,-0.026162015869435958,0.12178869456461566,0.1488665176771301,0.1210403296906075,0.004702055098790998,0.20299482637251484,0.48117469364880844,0.25212378433422866,0.215805876201997,1.0,-0.029428850661909936,0.2557152522912267,0.12475823372220969,0.09913613406324537,-0.06852835243543218,0.013713188307738572,-0.12352462769701816,-0.3076326382766421,-0.23481229368708098,0.14748597243010136,-0.1357171659183018,-0.02237576801372344,-0.15837656080208312,0.03533375706504282,-0.17440318755595652,-0.03962233202796629,-0.05114851796417417,-0.2478454609449217,-0.25425269445526555,-0.07634005153124337,-0.32204976797271717,-0.1465769995694339,-0.07654850019477989,-0.12874267866784217,-0.1823925805944546,-0.264975840458177,-0.23928539697510234,-0.05988969306788592,-0.32920878354827465,-0.07466221064933468,-0.13285014249687327,-0.12965165152850963,0.07132019765033933,0.2999781299762847,-0.11385397658540586,-0.21641071904537346,-0.19619119868233106,-0.17686698241513404,-0.2932565148750333,0.025444405716277447,0.0786329868301451,-0.04813113812970291,-0.13581284727205625,-0.005546101326553626,-0.15833897169882244,0.22708260718020215,-0.2818089243365523,0.02288834669455095,-0.2139264210389628,0.2586813742576152,0.20165528741995228,-0.25150868991723563,-0.11676884068371161,-0.055112459762573555,0.1347364320423185,-0.3320074631455929,-0.039304533245853236,-0.22264367580423594,-0.2784908316759956,0.06253801625216138,0.025393147848194696,-0.03141765594352067,-0.07141246181288828,-0.09242477053561055,0.09352852329499245,0.18425153261025567,-0.028731743655984528,-0.25267395211831684,-0.43444460391336737,-0.44611431188020695,0.22347747045838204,0.2146371968097103,0.06530935831983543,0.2652389641810018,-0.004797736452545466,0.3512154949118023,-0.24582590094246135,0.1912123510958932,0.02607658608929804,0.022399688352162057,0.02147021234426151,-0.1043541850340694,0.20274537141451213,0.20791558170845892,0.22984369767425966,-0.032039584742924704,0.07680478953519365,-0.1779194773064332,0.1266786951797101,0.01987096686007969,-0.17324817692849187,-0.16977631066368687,-0.08866244301833665,-0.034763086133721526,-0.06376820508614739,-0.03941046617322426,0.22235321455176704,0.0625004271489007,0.03488268782591461,0.11008823187692644
#53,-0.09537038935476595,-0.051428727643026535,-0.15946664479664296,-0.26214982333121467,0.5555293570896466,0.47108031082771207,0.08855651009096563,0.11504657631613119,0.20849992140460227,-0.0060245080953259655,-0.029428850661909936,1.0,0.3809484755910032,0.24324250439109069,-0.14225425269445527,-0.21989625407500052,0.02332232997765157,-0.16316746287221756,-0.023370170654528802,-0.023930590012233546,0.039393380217196676,-0.17391452921356762,0.046029565538310134,-0.2629562804557166,0.0002699581052358204,-0.1471476705007552,-0.3815738215816128,-0.37432595903471183,0.22908849841784046,-0.048657385575352485,-0.10886146023414595,-0.31510603544310717,-0.30189175705137405,-0.16985490606141376,0.16563125773139512,-0.046412290953328,0.06452340434256658,0.06346749226006192,-0.20112903997430273,-0.14359720883822333,0.11091177495745597,0.02460035948851482,0.013282622215843466,-0.031574846738974434,0.4669352578954203,0.2773153179012979,-0.09855521155830753,-0.05837587736384202,-0.03170811719598959,-0.006906143426349278,-0.19260656510774404,-0.22203199857844846,-0.19346428010032873,-0.38001899958310265,-0.34125096535651556,-0.13667397945584647,-0.0958077898290721,-0.16208079606886325,0.07543449586178146,0.012486416664958071,0.026660925785441398,0.12150165050335227,0.31216725100636283,0.09052481222534325,-0.37595937643094884,-0.24847080693553128,0.2802472679556312,0.10062602942885066,0.25574600701207634,0.025864720234556004,0.15793232594536594,-0.013979729221768876,0.25213061871663967,0.022327927336846205,0.0876099481270375,-0.01680232915752568,-0.08688892078267348,-0.06929722045667343,0.27758527600653365,0.18173647988299538,0.1581646949473411,0.3103903115794941,0.2444692760338712,0.5833760482234023,0.563276129552553,0.17467314566119232,0.004172390461935907,0.205680738660051,0.21665675681217067,0.32357725244158314,0.2801310834546436,0.4288028212330593,0.3519501910209884,-0.06048086714644031,0.1456953642384106,-0.02517103041983611,-0.05825285848044341,-0.12932701836398555,-0.2156213478768991,0.02882059062732796,-0.1488015910442253,-0.10600468838633396,-0.23756313260752193,-0.2922040199837342,-0.16406618415926844,-0.2962123852678053,-0.24108283954920415,0.0364545957804523,0.09328590271940077,-0.19418530744469276,-0.0038204197677676856
#54,0.05667411614349469,-0.1766277790307479,-0.17484400522146817,-0.07556093193638556,0.6852664383982942,0.13744968185949877,0.3171700189312393,0.21523520527067572,0.051247616509134154,-0.053800258339655134,0.2557152522912267,0.3809484755910032,1.0,0.32623582719947514,-0.1175240399401308,-0.1502163082033092,-0.2705595308879913,-0.4466132217962124,-0.17778278965821254,-0.11392915479192722,0.0874664260964058,-0.12574580198060403,-0.27793041231829085,-0.3028280674416856,-0.19402469945803347,-0.308319493708951,-0.2938203514239436,-0.20934738482357043,0.12064393551076757,0.06357684237863845,-0.296759135860688,-0.3881860865642876,-0.38297486997587465,-0.20235922880828874,0.26471955111776324,0.1258654036727971,-0.059442041019963233,0.09884567281077646,-0.15496278678777192,-0.15902240993992578,0.3527122246598186,0.3299810687607214,0.20911159863038978,0.292679009561301,0.5040049480928656,0.4059930699362352,-0.1880992899076675,-0.17307731736821602,-0.06615340454759806,-0.03846390420929613,-0.04124891504179225,0.03226853655369433,-0.17099966511526185,-0.2231460029114469,-0.2992434338670986,-0.1507869791346305,-0.04667541467615279,-0.1801030624867584,0.25630300917857557,0.03894231097806847,0.004261237433279341,0.03850149331255681,0.22656319411696363,0.1538146105427183,-0.33596798775278675,-0.05816401150909998,-0.0110409447850245,0.20382178664424988,0.03969409304328214,-0.1285820706811829,-0.011423670200042374,-0.026606250726153132,0.10062602942885066,-0.25650120626849554,0.06883248245272316,0.09726351328262221,-0.08821137377920844,-0.13930863387529985,-0.06523418011331406,-0.008604487455491085,-0.34122704501807694,0.7612442676617528,0.5625175131049283,0.4786903956423978,0.6927398355647592,-0.044098852507193184,0.0033590989550229293,0.06962527081240304,0.28494590586321666,0.5414471121317123,0.31644899158687523,0.11631093706217238,0.1542212562961748,-0.04517185054572544,0.04299168255660577,-0.22476233435165632,-0.15769312256097978,-0.3023325747168857,-0.36967516180400356,0.06348116102488399,-0.07147055406338207,-0.38348403146549664,-0.3152222199440948,-0.356167004968596,-0.2317709935141711,-0.30123907353112034,-0.27881546484051967,-0.02891627198108243,0.07209590005399162,-0.34493128028485703,0.013245033112582781
#58,0.10935695295894586,0.14585597222506988,-0.15675339497946267,-0.08483860605936344,0.4429978335007757,0.15133031253630766,0.363937697769941,0.23141560562879734,0.4443305380709272,0.014294110812676413,0.12475823372220969,0.24324250439109069,0.32623582719947514,1.0,-0.00675920420451206,-0.0791250623637395,-0.23570759778292635,-0.15913517724970783,-0.05533457719093214,0.04405784621272699,0.09256145818383121,0.0069949903976927125,-0.1760776112466597,-0.23794585802253979,-0.273963053328686,-0.13817412639506832,-0.46824404212713316,-0.491111885674451,0.09312871192394699,-0.08067304997983857,-0.24230961119198463,-0.1557931642507125,-0.24809149871171893,-0.2585788585214497,0.2127611588378816,0.10447036953505696,0.0132894565982545,0.11411710030823065,-0.1996938196679857,-0.2878402668142893,0.02288492950334543,0.140771191711261,0.27972785489239266,0.22129046808685132,0.05558744934014038,0.032572666570985315,-0.3426588481331884,-0.3578653489977378,-0.26622994963060165,-0.2380688769059384,-0.2622557562585857,-0.2072765669530273,-0.4372467007018911,-0.32918144601863053,-0.3271687203985812,-0.5112767309782051,-0.16130851085641645,-0.22584900115501064,0.09758472925594079,-0.013292873789460015,0.13586752233134453,0.2177878471011967,0.31536574197472644,0.25903676214298893,-0.35772524415831164,-0.28770699635727415,0.4588023428262905,0.2619789637709388,0.25131391001852116,-0.04348717528140569,0.1706374428474771,0.16617117394186676,0.13889515373943234,0.04539055078287851,0.2795364921848837,0.3928676385158455,0.35466344083816864,0.13325678825032977,0.21171208113778797,0.11463651337146918,-0.09809047355435727,0.4941155967441002,0.18986597776091962,0.3033645664609518,0.5095066259337475,-0.11755821185218597,0.09584196174112726,0.18041060969525488,0.3386675688051449,0.4394029483525721,0.27001961467751967,0.1952309679535809,0.13495171508826606,-0.0025697277865485684,-0.013036584449046262,-0.14178268030809396,-0.10307957271441166,-0.2821472262658985,-0.2053800258339655,0.07004558533068159,-0.0031540674826919263,-0.1993076770617623,-0.13404957661000963,-0.21989625407500052,-0.0170312809682953,-0.21245702882059062,-0.10983194253651268,0.14815574190638264,0.27964584230346023,-0.12534257341835306,0.014451301608130181
#101,0.0002050314723310028,-0.043497426855022246,-0.14618060538959396,-0.18129566221748372,-0.20767637832407274,-0.27610904940575043,0.29030064448226134,0.1875662080796069,0.0122267101333388,0.23498998762976783,0.09913613406324537,-0.14225425269445527,-0.1175240399401308,-0.00675920420451206,1.0,0.6989249516467444,0.034130905760700936,-0.26159623835592094,0.546094492171215,0.5137541946022047,0.6425276279908966,0.3585556216212522,-0.12458053977952283,-0.29193406187849835,-0.08176996835680944,-0.12523664049098204,0.06963210519481407,-0.151193624888087,-0.030368578243427032,-0.048554869839186984,-0.013019498493018679,-0.12594058187931848,-0.26860148032723025,-0.2189531093022779,-0.026322623856095243,0.12103691249940199,0.1927808418592254,0.17371974931485315,0.2702280633410562,0.08556988497734402,0.06157095114100014,-0.03751050786295696,0.20952507876625728,0.2887765772046009,-0.054668224905856384,0.06792692678326123,-0.3411006089434728,-0.2931710850948954,-0.5206774239845816,-0.17383593381584073,-0.3137938340201888,-0.2249605314415763,-0.12665477484127147,-0.21796212385267805,0.15515756668648636,-0.10905624013286039,-0.23633636096474142,-0.13049569775627226,-0.4959711315686958,-0.2921903512189121,-0.27163252892652356,-0.3368632918486321,0.12202789794900183,0.30657672619413745,0.11591796007353795,-0.03200883002207505,0.03137323245784895,0.09854154279348547,0.20137849493230545,-0.01969327291739282,0.10318208845057716,0.19314306412701016,-0.05326717651159453,-0.27432869278767624,0.06906143426349277,-0.13122697667425284,-0.21681053041641893,-0.35719557952145653,-0.004780650496517882,0.09210013737108647,0.057477156076791124,0.037985497440523784,-0.15212651808719305,-0.19856272937895966,-0.10333927924603094,-0.17273901543886985,-0.2692507466562784,0.017701050444576576,-0.18510583041163486,0.08066279840622202,0.028738578038395562,-0.18562182628366788,-0.14785502908029716,-0.25396223320279665,-0.09055214975498739,-0.10569714117783746,-0.1356180673733418,-0.3572058310950731,-0.11775640894210594,-0.15390004032285623,-0.44253309549682546,-0.18615149092052297,-0.24736021979373835,-0.4151067188813483,-0.16812922450262782,-0.30408217661411024,-0.143019703524491,-0.2679009561300993,-0.09786152174358764,-0.15592643470772763,-0.23679768177748617
#102,-0.004110881020236606,-0.08587401499463501,-0.08903833405094348,-0.16291800791421482,-0.262734163027358,-0.2631783978840752,0.1782236073237242,0.0522180988115009,-0.2587599696553421,0.2154983289935005,-0.06852835243543218,-0.21989625407500052,-0.1502163082033092,-0.0791250623637395,0.6989249516467444,1.0,0.040729501978553705,-0.09521319855931219,0.5372473841401322,0.7360732372419166,0.5378112206890424,0.6518804803203958,0.06546996630649471,-0.07949070182272978,0.06339573124474607,0.14155372849732434,0.19230585228165856,0.03770528776167142,-0.08842665682515599,-0.051110928860913486,-0.005816059431789446,-0.027856942707372247,-0.11637244650387167,-0.08221420321352661,-0.1232273320621382,0.049142626726535854,0.13900450385800886,0.1595384058119588,0.23946992530020025,0.24200548117469364,-0.01506639602512319,-0.07164483081486342,0.10463439471292177,0.1982175930672025,-0.2027419542233066,0.2053936945987876,-0.15698918117264332,-0.12189804468319221,-0.2878949418735776,-0.015001469392218372,-0.2609674751741059,-0.11723016149645638,-0.04756730158079265,-0.05414197746020681,0.22628640162931676,0.09438965547878266,-0.38743430449907396,0.11142093644707796,-0.6149713981096099,-0.21124050875142666,-0.5074392252544099,-0.5090111332089475,0.04829858049877323,0.4135792344124823,0.29120961734292883,-0.011755137746977494,0.03503987862136838,0.03943096932045736,0.1391514430798461,0.04679843355955139,-0.009520294698569564,0.08527258934246407,-0.0398888729419966,-0.18277188881826695,0.050704283107457,-0.08892556674116144,-0.33395526213273735,-0.4249243092147978,0.15274502969539158,0.25191533567069213,0.11367628264271899,-0.10451821021193419,-0.23665415974685447,-0.34659545240194367,-0.24811883624136305,-0.22610870768662988,-0.394603571648248,-0.04251669297903895,-0.34874828286141923,-0.04352134719346086,0.09391124871001032,-0.2972990520711596,-0.12369207006608848,-0.3464792679009561,-0.19217941620705445,-0.0979777062445752,0.020622748925293366,-0.3223949042844743,0.10235854537004764,-0.3200199563966402,-0.238396927261668,-0.1805131254314204,-0.14476930542171557,-0.286640832701153,-0.15148408614055592,-0.22514505976667418,-0.013118597037978663,-0.4424408313342765,-0.07193870925853785,-0.3078820932346448,-0.4680458450372132
#201,0.17609128001148175,0.20832906184432642,0.5044491829495827,0.16355702266964645,-0.3115111502949036,0.15998947505108702,-0.1707638789220812,0.11555232061454766,-0.0038204197677676856,0.41164510419015987,0.013713188307738572,0.02332232997765157,-0.2705595308879913,-0.23570759778292635,0.034130905760700936,0.040729501978553705,1.0,0.4592739152126518,0.0328357902938101,0.05274092906594496,-0.05693723986631948,-0.07742671833459769,0.2452894019231952,0.009916688878409503,0.3471524545684429,0.058379294555047534,0.19956738359338158,0.1256808753476992,-0.2037807803497837,-0.17092106971753498,0.10953122971042721,0.017243146823037337,0.08602095421647223,0.18587811562408163,-0.2419132170121447,-0.351570882797176,-0.12914249003888764,-0.28868773023325744,-0.0012780295108632508,0.06140350877192982,-0.4224468455907982,-0.4381693423273806,-0.4267627580833658,-0.5060928519194363,-0.10545452060224578,-0.255472631715635,0.05058468141526391,0.014205263841332978,0.027026565244431686,-0.08248074412755692,-0.1906177598261333,-0.15257417013511573,0.037616440790327985,0.106315652786036,0.15691058577491646,0.23777158127105844,0.29287378946001547,0.16738769401103068,-0.2104853094950075,-0.1803080939590894,0.10368783274899364,0.05036256398690532,-0.25362051408224495,-0.07350378283066451,0.17690798870960026,0.0736268017140631,-0.07024719961180707,0.13268953451021398,-0.018534845098722653,0.18064297869723003,0.18904926906280115,0.16180058639001085,0.013094676699540045,-0.08860776795904839,-0.020041826420355523,-0.08463699177823795,0.14303337228931307,0.07537298642008215,-0.12695207047615142,-0.1673911112022362,0.14004332998448596,-0.5375207594365735,-0.17190180359351828,0.002648323184275453,-0.26528680485787903,0.06713755561478688,-0.04146078089653429,-0.17901639568340408,-0.1862198347446333,-0.30461184125096535,-0.4194397173299435,0.024330401383279,-0.020749184999897485,-0.03696375727007429,0.01630341924152024,0.4775729741181938,0.12286510979435343,0.1869955371482856,-0.007066751413008564,-0.0032907551309125952,-0.06945782844333272,0.37169813899766946,0.19327633458402532,0.093948837813271,0.009424613344815095,-0.014649498698050151,0.021497549873905644,0.14197062582439737,-0.12292320204484722,0.07713625708212878,0.010289162719810825
