,#10,#11,#12,#13,#17,#18,#26,#49,#50,#51,#52,#53,#54,#58,#101,#102,#201,#202,#301,#302,#401,#402,#501,#502,#601,#602,#701,#702,#801,#802,#901,#902,#1001,#1002,#1101,#1102,#1201,#1202,#1301,#1302,#1401,#1402,#1501,#1502,#1601,#1602,#1701,#1702,#1801,#1802,#1901,#1902,#2001,#2002,#2101,#2102,#2201,#2202,#2301,#2302,#2401,#2402,#2501,#2502,#2601,#2602,#2701,#2702,#2801,#2802,#2901,#2902,#3001,#3002,#3101,#3102,#3201,#3202,#3301,#3302,#3401,#3402,#3455,#3501,#3502,#3601,#3602,#3701,#3702,#3801,#3802,#3901,#3902,#4001,#4002,#4101,#4102,#4201,#4202,#4301,#4302,#4401,#4402,#4501,#4502,#4601,#4602,#4701,#4702,#4801,#4802
#10,1.0,0.09529521114824459,0.3433525379479083,0.4343728428980515,0.20669564444808944,0.1812717418790451,0.05761384372501179,0.3217285519993986,-0.1977289347248136,0.4156637210478475,0.20479226894661665,0.18569017010777822,0.1552840027610905,-0.18426861856628327,-0.013299708171871049,-0.11226156548363507,0.5348245955754208,0.1344698911282882,0.006574675879414156,-0.10859491932011564,0.19095264456427394,-0.008385787218338015,0.07571128834942831,0.16338616310937062,0.41652485323163774,0.04789535193652226,0.32864152980815886,0.06823105680055222,-0.2522399688352162,-0.17860974992994758,0.0893868875539062,-0.03908925019990569,0.12744414600974582,0.2777287980371654,-0.22629665320293332,-0.06884615121754523,-0.15175746143699725,-0.12084213260068753,-0.18009964529555286,0.06623199994532494,-0.13871404260553996,-0.16122308107627853,-0.31551951557897473,-0.228483655574464,-0.21986208216294534,-0.09432131165467232,0.26494850292853284,-0.0003861426062233886,0.27360083106090116,0.008737757912506236,0.15110136072553804,-0.05942153787273013,0.29313691318284024,-0.08936638440667309,0.12429691290946493,-0.017902664725702063,0.3512872559271181,0.06526151764295819,0.10525290632112029,-0.07958296598527874,0.030474511170798052,0.17794681483607733,-0.1484974610269343,-0.3730479295238486,0.1488870208243632,0.0877329670104361,-0.16306494713605205,-0.2188505935661124,-0.007384550195121618,-0.056807386600509845,0.03984103226511936,0.20191157676036606,0.28694837990964944,0.10655485617042217,0.238601958733999,0.12609435548356673,0.11977596894456632,0.1408292839617548,-0.25160095407978456,-0.28404035019375473,-0.08956116430538755,-0.22180646395888434,0.03289046535309837,-0.048175561615374625,-0.02723159671676269,-0.06886323717357282,0.13606230223005897,-0.20563289798317375,-0.16159897210888538,-0.16139394063655438,-0.35970721505751135,-0.0015992454841818218,-0.10841380818622325,-0.03748317033331283,-0.007210273443640266,0.10295313663980754,-0.12810366391241054,0.18530744469276034,0.17117735905794873,0.18871096713345498,0.06212453611629385,0.016317088006342306,0.17430408901099653,0.11739076948311566,0.12393469064168017,0.19412379800299345,0.18616857687655056,0.0494160020229772,0.018825306351191576,0.0810250206740068,0.11170114612593034
#11,0.09529521114824459,1.0,0.08494112179552894,0.02112507603250432,0.05415222903382336,0.012277968001421552,0.41531858473609035,0.1968097102905296,0.3944429636615887,0.19771526595999153,0.11887041327510439,-0.004927589718355101,0.040948202215706775,-0.1118993432158503,0.05840321489348615,-0.12636431358880254,0.22012862307697564,0.14846670630608466,-0.22836405388227093,-0.41930302968172284,0.12213724806757838,-0.20485036119711042,-0.0804953560371517,-0.1539957216766107,0.047522878095120936,-0.39445663242641077,0.04788851755411122,-0.04634052993801215,-0.14047047888517555,-0.2083427306091485,-0.09789569365564281,-0.23227332062138206,-0.07301512448827562,-0.10309665867043924,-0.1819244253992988,-0.3221659524737047,-0.1905528331932285,-0.30157737546046653,-0.1712969607501418,-0.1269247329465073,-0.10205099816155114,-0.12025779290454418,-0.12239012021678661,-0.15951106828231468,0.09728743362106083,-0.03545677594844142,-0.04537688201805644,-0.027727089441562613,0.053663570691434466,0.07055474682030358,-0.03576774034814344,0.1751173805179095,-0.04359994259118775,-0.1746492253227537,-0.1649580710639083,-0.5076100848146857,0.10790122950539574,-0.07097506133858214,0.01861002330524402,0.2779748358039626,0.0053342354718115895,-0.09317655260082423,-0.20374660843772852,-0.17296455005843397,0.05914816257628879,0.11101429069362147,-0.2051749943616345,0.1702718033884868,-0.0863421701897908,-0.09957695172875704,-0.017130379513255283,0.1586396845249079,-0.08764070284788715,-0.005054025792959219,-0.13833131719052208,0.07956588002925116,-0.045554575960743304,0.00026312372282478693,-0.026490066225165563,-0.26300753832379936,0.17357281009301595,-0.03153725763571375,-0.03377893506653271,0.29496169328658617,-0.023585453700476357,0.06878122458464041,0.06512824718594304,0.12328200712142648,-0.21258346489519475,0.04762197664008092,-0.12160758343072328,-0.02126176368072499,0.08907250596299865,0.0837040985791319,0.08782181398177953,0.04925539403631791,-0.19107566344767254,0.13883364429773304,0.012411238458436703,0.1004688386333969,0.06841900231685563,-0.08776030454008024,-0.037185874698432875,0.09279382718580635,0.006205619229218352,0.08623623726241979,0.050673528386607346,-0.020715013087842318,-0.08524525181281993,0.045455477415783326,0.158250124727479
#12,0.3433525379479083,0.08494112179552894,1.0,0.4447064291035341,-0.05067011119540183,0.2864802247144937,0.12236278268714247,0.13811603414457452,-0.11573684893964557,0.42913770597119993,-0.010104634394712922,-0.17056909902336675,0.05018828723542397,-0.0047123066724075475,-0.2702041430026176,-0.05076920974036181,0.5037520759436573,0.4595575420827097,-0.05165426226259064,-0.03859375747510576,-0.008115829113102194,-0.034007886877302336,0.16189626774376534,0.16839576541665813,0.09972389095059425,0.03816660857441617,0.31710850948954,0.3387256610556387,-0.15846540777342655,-0.10688632371735728,0.04357260506154361,-0.06534011304068507,0.08321885742794852,0.23948017687381679,-0.24315365741974726,-0.18328788469029997,-0.36169602033912207,-0.26416938333367507,-0.28776167141656245,0.06874363548137973,-0.27069621853621195,-0.20807277250391268,-0.5617930685693587,-0.3099016532371052,-0.32912335376813673,-0.3465202741954223,0.2499060272418483,0.18891599860578598,0.39603879195456504,0.3164797463077249,0.3759388732837157,0.23189401239756968,0.4901721580929339,0.31489075239715963,-0.034872436252298064,0.1139018172622831,0.19670377736315858,0.14647790102447392,0.2504083543490592,0.12489492137043036,0.04703080256152653,0.2422412673678743,-0.4135006390147554,-0.4750579213909335,0.2731941853074447,0.23411518668115555,-0.3348471490373772,-0.2079121645172534,-0.03274352613126115,-0.020086249906027243,0.3448800224167743,0.3846697968138109,0.07671594256385021,-0.04435855903881246,-0.022307424189613106,0.24768485295826242,0.12706142059472797,0.1688810065678415,-0.22465298423307978,-0.18725866087111037,0.10094382821096372,-0.34270668881006566,0.06306768088901646,0.10641133413979045,-0.1646300207081787,-0.11638611526869375,-0.0043671703606503595,-0.1813537544679775,-0.21216998475932722,-0.24035156063122357,-0.3789835906478311,-0.22363124406263027,-0.15217094157286476,0.05058126422405839,-0.024057026086837664,0.3505662285827541,0.10379718286757017,0.3371264155714569,0.32079907599149804,0.12482999473752554,0.187282581209549,0.10479158550837553,0.07368831115576241,0.19342669099706805,0.21330449223955877,0.2548746232546696,0.2075636110142907,0.14214148538467322,0.13428194561198478,0.03663228972313917,0.054326505785304714
#13,0.4343728428980515,0.02112507603250432,0.4447064291035341,1.0,-0.2899930972737649,0.2828169957421798,0.24666652997901845,-0.16605157224967365,-0.34507821950669426,0.6576111099720474,0.20993855890212482,-0.09795720309734211,0.12720494262535967,0.2487407650407671,-0.0019341302223224598,-0.05539950382383696,0.592513617506954,-0.0720924828627861,0.3382677574340995,0.16475987397398834,0.13944190433231501,0.0415667138239053,0.13321236476465803,0.2782858002036646,0.20596436553010888,0.21987916811897293,0.40217265016846754,0.398591433785086,-0.11368653421633554,-0.014505976667418449,-0.18430279047833842,0.016600714876400195,0.3222479650626371,0.27173504466268905,-0.1282130140309871,0.18602163765471333,0.11862779269951271,0.06299933706490612,-0.11320129306515217,0.15225295416179718,-0.046982961884649295,-0.010624047457951463,-0.2723501390796821,-0.13249817180270504,-0.21344117988777944,-0.2366404909820324,0.4013935305736097,0.48281152823625095,0.4996309433498042,0.3346762894771014,0.38526097089236533,0.08467458088149864,0.5253316384064954,0.1425652170941573,0.24726453843998386,0.3310540667992537,0.27016313670815134,0.31536232478352094,0.07423506174864508,-0.052470970960709136,0.009294760079005461,0.047563884389587134,0.07937451732174222,-0.19753073763489362,0.20768321270648377,0.06407575229464389,0.10238930009089729,0.0825593395252838,0.2888756757495609,0.27406898625605697,0.13156527860359898,0.2735017325159412,-0.1399100595274708,-0.06709313212911515,0.26230701412666846,0.046384953423683865,0.2379048517280736,0.013962643265741292,-0.009486122786514397,-0.04762197664008092,0.019918807536956924,-0.14984383436190787,0.040896944347624024,-0.13550871725476527,-0.297586096132423,-0.4461587353658787,-0.19717193255831436,0.131056117113977,0.0219588706866504,-0.11124324250439109,-0.19757174392935983,-0.19927692234091265,-0.04126600099781983,-0.3709600256972779,-0.16368004155304505,-0.10176053690908221,-0.12511362160758344,0.07820925512066103,0.10753217285519993,0.2573896759819299,0.1143118802069451,-0.10467540100738797,-0.0012506919812191172,0.060497953102467895,0.3180687402182902,0.35251402756989864,0.2635884608287372,0.2571641413623658,0.10824294862594741,-0.18101203534742583,-0.21537189291889638
#17,0.20669564444808944,0.05415222903382336,-0.05067011119540183,-0.2899930972737649,1.0,0.37194075957326117,-0.08792774690915056,0.38630321421004793,0.17995612326492116,-0.15748809108864878,-0.09076401560972942,0.6594905651350815,0.3326362263274079,-0.02379048517280736,-0.1631982175930672,-0.26190036837321196,0.017523356501889707,-0.028513043418831457,-0.2892618183557843,-0.28507575912902633,-0.22142032135266096,-0.36015828429663954,-0.0849513733691455,0.004425262611144144,0.19479015028806923,-0.09752321981424149,-0.152013750777411,-0.14225083550324974,-0.11344391364074385,0.02854379813968111,0.27030665873878307,0.21076210198265433,-0.1610283011775641,0.13599395840594863,0.18800702574511854,-0.07899862628913538,0.15535234658520083,0.02854038094847559,-0.002145996077064496,0.13873112856156752,0.03233688037780466,-0.17353863818096077,0.08729556653612996,-0.29303439744667475,0.295429848481742,0.21865923085860348,0.0828258804393141,-0.06323512325808678,-0.07381133003916102,-0.30947792152762116,-0.14920140241527075,-0.12443360055768561,-0.28422829571005814,-0.40230250343427715,-0.2427094225630301,-0.20179197506817295,-0.17343270525358975,-0.2246358982770522,-0.020281029804741696,-0.08474292470560897,0.04807988026162016,0.05918575167954948,0.21895994368468893,-0.040541556462250286,-0.014834027023148053,-0.1572933111899343,0.1836227694284406,-0.08741516822832304,-0.20761486888237343,-0.3412783028861597,-0.34273744353091534,-0.2488296120121105,0.23218789084124414,0.26961638611526867,0.15656886665436479,-0.21378631619953664,-0.25419460220477175,-0.1382732249400283,-0.029514280442047854,-0.13693368598746575,0.11721307554042878,0.0817836371216315,0.14151272220285813,0.3439778839385179,0.619106199468285,0.5411258961583937,0.3987520417717453,-0.10217401704494973,-0.04108147267272193,0.2847716291117353,0.11484837922621122,0.3419002316855637,0.33670610105317833,0.10438152256371352,0.0029763735400050576,0.1127809785468736,-0.16782851167654234,0.09201129039974303,0.15543777636533876,-0.021477046726672545,0.049094786049658626,0.27218611390181724,0.26648282177980986,-0.1233879400487975,-0.02579637641044567,0.04668566624976934,-0.08836173019225117,0.06075082525167613,-0.05040698747257704,0.09908145900395711,0.011755137746977494
#18,0.1812717418790451,0.012277968001421552,0.2864802247144937,0.2828169957421798,0.37194075957326117,1.0,0.1513781532131849,-0.01788557876967448,-0.0930466993350146,0.1767132088108858,-0.01945406953300665,0.4596293030980255,0.4443237036885162,0.3731333593039865,-0.11325938531564596,-0.21164373731367764,0.39340755472631717,0.04222623172657003,0.09761206678558491,-0.0557753948564438,-0.27632091526049246,-0.3766359802896411,0.29699150486266307,0.07205147656831991,0.10329485576035921,0.026103923618942173,-0.04473103288021378,0.2082197117257499,0.28542772982319453,0.2921049214387742,0.39717671662600207,0.25813462366473255,0.016535788243495376,0.2282547037636944,0.26313397439840347,0.05236503803333812,0.23509250336593335,0.004216813947607624,0.2098155400187262,0.1902487031759375,0.23382472542868663,-0.03028656565449463,0.11323204778600182,-0.19723344200001366,0.1436108776030454,-0.13439471292176683,0.3239838981950396,0.40035812163833817,0.10719728811705931,-0.07983242094328145,0.12252680786500728,0.02763824247021918,0.0834375576651016,-0.013398806716831033,0.03869969040247678,-0.004247568668457275,-0.14000232369001975,-0.2229580573951435,-0.021996459789911084,-0.14671368721765457,-0.07533198012561595,-0.0070633342218030465,0.23316862471722744,-0.06486170627191273,0.17940595548083296,-0.10275152235868205,0.21578537305476392,0.09286900539232772,0.06543579439443954,0.05686889604220915,0.10937745610617897,0.21244336005576855,-0.19385383989775765,-0.06684367717111243,0.02773050663276813,-0.23627826871424765,-0.2412434475358634,-0.25279697100171544,0.339904592021542,0.21370772080180975,0.3257471688570862,0.16447966429513597,0.1365167886603927,0.21190686103650244,0.2664999077358374,-0.047369104490872685,0.04892050929817727,0.0650599033618327,0.1362058242606907,0.17587941415673972,0.08092933932025233,0.09456734942146953,0.2471722742774349,-0.3140501233606025,-0.08517007360629857,0.10725538036755308,0.03824520397214306,0.06897258729214935,0.24265816469494733,0.12490175575284139,0.043292395382691244,0.41181254655923016,0.2903074788646724,0.0038614260622338863,-0.0416077201183715,0.13578892693361763,-0.05558061495772935,0.14458819428782319,0.015090316363561807,-0.19821417587599696,-0.15156951592069381
#26,0.05761384372501179,0.41531858473609035,0.12236278268714247,0.24666652997901845,-0.08792774690915056,0.1513781532131849,1.0,0.08108653011570609,-0.008536143631380751,0.5464840519686438,0.26326041047300763,0.0453495444884123,0.15656203227195375,0.19774602068084118,0.1493961823139852,-0.06905459988108174,0.41058577491644965,0.07911139359891743,0.07348669687463692,-0.06167004968596013,0.0965459031294637,-0.106315652786036,0.0888572229170511,-0.1381502060566297,-0.02658574757892003,-0.3385240467745132,0.06744168563207786,0.0729707010026039,0.11130816913729591,-0.035002289518107695,-0.0004989099160054402,-0.17743423615524984,-0.04037753128438549,-0.08013655096057244,-0.23940158147608992,-0.14226792145927733,-0.16235075417409905,-0.2180509708240215,-0.0380504240734286,-0.14484790081944246,-0.0882011222055919,-0.1399920721164032,-0.16879215959649807,-0.15370184323293626,-0.15813394022649144,-0.34998188888661075,-0.2133489157252305,-0.013504739644202051,0.181661301676474,0.21352319247671184,0.09892768539970885,0.17145073435439007,0.23849260861542246,0.04008023564950553,-0.015411532336880378,-0.2738297828716708,0.07717726337659497,-0.1637928088628271,0.20622748925293366,0.25061338582139026,0.21145237460616872,0.015746417075021016,-0.114086345587381,-0.04325480627943056,0.042646546244848586,-0.08802684545411053,0.07925833282075465,0.36821260396804245,0.07254013491070879,0.03423000430566092,0.24842296625865404,0.22415407431707435,-0.016498199140234693,0.04572885271222466,-0.15760427558963636,0.12147431297370813,-0.03323901885606107,0.11370020298115761,0.4007374298621505,0.06268495547399859,0.08191007319623562,-0.04557166191677089,0.0003246331645240878,0.2641181254655923,-0.08201942331481216,-0.06652587838899938,0.19056991914925608,0.09892085101729782,-0.13908651644694128,-0.004896834997505451,-0.18798993978909095,-0.01048052542731976,0.05574805732679966,0.07698248347788052,0.3704371954428338,-0.04554432438712676,-0.16645480081192462,-0.2321605533116,-0.3005248805691674,-0.07836644591611479,-0.04233558184514656,-0.07586847914488207,-0.12201764637538529,-0.103352948010853,-0.23313445280517225,-0.08818745344076982,-0.05086489109411628,0.04284816052597407,0.2415475775531544,0.058263110054059965,0.07214715792207438
#49,0.3217285519993986,0.1968097102905296,0.13811603414457452,-0.16605157224967365,0.38630321421004793,-0.01788557876967448,0.08108653011570609,1.0,0.31475406474893897,0.041816168781908025,-0.0392361894217429,0.27782447939091987,-0.018979079955439827,-0.08946206576042756,-0.1695781135737669,-0.29057743696990823,0.2192367361723358,0.0706811828949077,-0.37745268898775963,-0.22363807844504133,-0.03741140931799698,-0.24373799711589061,-0.24087439088566762,-0.2567164893144431,0.09833651132115447,-0.18856744510282328,0.010750483532555581,-0.08125397248477641,-0.1337967044608014,-0.04700688222308791,0.12071569652608342,-0.01094868062247555,-0.13719339251908502,0.038152939809594104,-0.11304751946090391,-0.14648131821567945,-0.16657781969532323,-0.0403399421811248,-0.20644960668129225,-0.14515203083673345,-0.09998701467341904,-0.018015432035484114,-0.17806641652827043,-0.14611226156548363,0.07057524996753668,0.0017906081916907578,-0.02389300090897286,-0.18106329321550857,-0.09419145838886268,-0.16848802957920708,-0.11019074761309194,-0.22660761760263534,-0.15167886603927036,-0.35490606141376035,-0.33689746376068724,-0.2162330251026866,0.035193652225616635,-0.1365543777636534,0.2779782529951681,0.031195538515162078,0.011266479404588605,0.20851700736062986,-0.13928471353686125,-0.2210991053793424,-0.035460193139646934,-0.17522673063648603,-0.1251067872251724,-2.733752964413371e-05,-0.25674382684408725,-0.3924746615272111,-0.16188601617014878,-0.04034677656353584,0.34295956095927393,0.10639083099255736,-0.03862792938716093,-0.023605956847709456,-0.16323238950512237,-0.042086126887143846,-0.08894948707960006,-0.2371906587661206,0.06894524976250521,-0.0837451048735981,-0.19087063197534154,0.2407479548110635,0.2873242709422563,0.37564841203124677,0.2908200575454999,-0.2019833377756819,-0.1146604337099078,-0.02605608294206494,-0.12730062397911412,0.1553455122027898,0.05442218713905918,0.25001537736042484,0.24393961139701612,0.0775497372179963,-0.138826809915322,0.11207020277612613,-0.05128520561239484,0.03236763509865431,-0.09431447727226129,-0.05416931498985094,-0.002600482507398219,-0.13834156876413864,-0.21602457643915007,-0.1229607911481079,-0.08877862751932422,-0.042810571422713384,-0.03298956389805835,0.12171009916688878,0.21577512148114736
#50,-0.1977289347248136,0.3944429636615887,-0.11573684893964557,-0.34507821950669426,0.17995612326492116,-0.0930466993350146,-0.008536143631380751,0.31475406474893897,1.0,-0.16237467451253768,-0.023048954681210234,-0.1259815881737847,-0.17959048380593087,-0.13748043658034842,-0.06808070038750948,-0.19281843096248608,-0.086588207956588,0.20794291923810304,-0.5062090364204239,-0.3637736725920762,-0.19561027617739324,-0.3212501452306262,-0.18545780110580307,-0.38721218707071536,-0.11935907161749329,-0.22198757509277675,-0.16921930849718766,-0.007897128875949126,-0.07441959007374299,-0.22689807885510427,-0.033474805049241725,-0.20821287734333888,-0.2849698262016553,-0.16551849042161304,-0.04438589656845659,-0.2699444364709983,-0.07894395122984711,-0.16319138321065618,-0.21471237501623167,-0.023452183243461204,-0.19571962629596976,-0.14119150622953958,0.04761172506646437,-0.20385595855630506,0.15624081629863518,-0.05045824534065979,-0.04370929270976428,-0.1521982791025089,-0.10636349346291323,-0.07048982018739877,0.014365871827992264,-0.008252516761322864,-0.18673241342546082,-0.2822531591932695,-0.19308155468531085,-0.2964003307841087,0.04870522625222972,0.05045824534065979,0.15515756668648636,0.15910100533765267,0.141075321728552,0.4068439505464089,-0.10475741359632036,-0.09314238068876905,-0.2360048934178063,-0.10480183708199209,-0.10876919607159699,0.01663488678845536,-0.17848331385534347,-0.2972341254382548,-0.20417717452962364,-0.106315652786036,0.055963340372747215,0.22846315242723092,-0.05261791018254636,0.03666646163519434,0.0451035067216151,0.07621019826543374,0.009947443599259153,-0.1289101210369125,0.0927630724649567,-0.17533949794626807,-0.2603626323307294,0.2048879503003711,0.06588344644236224,0.26648623897101537,0.19727786548568538,-0.001062746464915698,-0.25942973913162337,0.007244445355695433,-0.07862273525652855,-0.034390612292320204,0.023742644495930124,0.21930849718765164,0.02484981444651754,0.1545458894606989,-0.08852233817891046,0.26500317798782114,-0.016597297685194676,0.15208209460152133,0.10445328357902939,0.05617862341869477,-0.011290399743027221,0.20994197609333032,-0.10763468859136543,0.04462851714404828,-0.06727424326300754,0.2228589588501835,-0.01585576719359755,0.1300924691940213,0.29417573930931734
#51,0.4156637210478475,0.19771526595999153,0.42913770597119993,0.6576111099720474,-0.15748809108864878,0.1767132088108858,0.5464840519686438,0.041816168781908025,-0.16237467451253768,1.0,0.30053513214278393,-0.027016313670815136,0.06137617124228569,0.2337153753101101,0.07145688529856,-0.1459448191964133,0.6510159309454001,0.022471449367477907,0.18325029558703929,0.013087842317129013,0.26432999132033436,0.056305059493298885,0.2537742876864932,0.15909417095524164,0.16750387851201826,-0.19395293844271763,0.5029729563487996,0.3137630792993391,-0.12014160840355662,-0.09625544187699478,-0.11012923817139264,-0.17198039899124515,0.0759129026305538,0.08018439163744968,-0.32684067004285156,-0.05246071938709258,-0.18199618641461465,-0.12979859075034683,-0.09244869087404917,0.0038340885325897525,-0.1284590517977843,-0.06748952630895509,-0.3533444050328392,-0.13548479691632664,-0.23604931690347802,-0.23118323662682222,0.126354062015186,0.23679426458628067,0.44378378747804453,0.4776481523247152,0.3540073401267094,0.08224837512558178,0.5061748645083687,0.07843478974022512,0.09127317709935141,0.006393564745521771,0.2886672270860244,0.15378385582186865,0.21084411457158675,0.2589786698924952,0.15193857257088964,0.08191007319623562,-0.13856710338370273,-0.24124686472706894,0.1346578366445916,0.05619912656592787,0.038402394767596826,0.07881068077283196,0.08126080686718745,0.028683902979107292,0.2137828990083311,0.1951147834525933,-0.0886111851502539,-0.07565661329014003,-0.048824827944422805,0.02552641830520985,0.04654897860154867,0.08614055590866532,0.11777349489813353,-0.18784641775845926,-0.06036809983665826,-0.3095086762484708,-0.03840581195880234,-0.0280107163116205,-0.2894326779160601,-0.2856703503987862,-0.024586690723692753,0.058727848058010235,-0.09489539977719913,-0.22762594058187932,-0.34530375412625836,-0.15707461095278125,-0.0005911740785543915,-0.24717910865984596,-0.04871206063464075,0.022495369705916524,-0.2902733069526172,-0.03764719551117763,-0.17381884785981314,0.006048428433764583,-0.16461635194335664,-0.11002672243522714,-0.17040507384550196,-0.08077556571600407,-0.012834970167920776,0.07820925512066103,-0.04426287768505799,0.10193139646935805,0.24693990527545978,-0.03898673446374019,0.017027863777089782
#52,0.20479226894661665,0.11887041327510439,-0.010104634394712922,0.20993855890212482,-0.09076401560972942,-0.01945406953300665,0.26326041047300763,-0.0392361894217429,-0.023048954681210234,0.30053513214278393,1.0,0.014427381269691564,0.006919812191171344,0.21073818164421573,0.3171802705048558,0.15668163396414683,0.3217080488521655,0.10881703674847422,0.044508915451855195,-0.07799055488350795,0.2833124884669797,0.23323696854133777,-0.004842159938217183,0.11082292798611254,0.12053458539219103,-0.16482821779809867,0.10516747654098238,-0.03692275097560809,-0.049101620432069656,-0.25495321865239645,-0.2922108543661452,-0.41155967441002195,0.0448984752492841,-0.1655287419952296,-0.21153438719510112,-0.12169984759327224,-0.15311066915438187,-0.2582815628865698,-0.061516276081711875,-0.173381447385507,-0.3098367266042004,-0.33565360616187917,-0.109589321960921,0.019970065405039674,-0.20205851598220326,-0.09517219226484598,-0.08254908795166725,-0.09643655301088717,0.11467068528352435,0.19865157635030312,0.050184870044218455,0.10195189961659115,0.17385985415427935,0.08780472802575195,0.1942536512688031,-0.059035395266506745,0.25181281993452664,0.24857332267169677,-0.11675175472768404,-0.01951557897470595,0.19602033912205524,0.030194301491945682,-0.18266937308210143,0.07686288178568744,0.06048086714644031,-0.15954524019436983,0.11000621928799403,0.3434482193016628,0.13834498595534414,-0.039690675852076626,0.2025950150014694,0.060402271748713425,0.03263759320389013,0.09131418339381762,0.139335971404944,0.19522071637996433,0.054442690286292277,0.10925785441398587,0.15915226320573542,-0.09522686732413425,-0.05529357089646594,-0.06332738742063573,0.0905965732406591,-0.15526349961385738,-0.09012841804550331,-0.13902500700524198,0.07774451711671075,-0.1217545226525605,-0.2673644571108332,-0.028502791845214908,-0.2582098018712539,-0.089041751242149,-0.005573438856197759,-0.08333845912014161,0.009103397371496525,-0.10139831464129744,-0.18316828299810686,-0.22163902158981405,-0.2219602375631326,-0.1450597666741845,-0.13073148394945291,-0.14166649580710639,-0.05946596135840185,0.023708472583874957,0.1473527019730862,-0.0388056233298478,0.032521408702902564,0.15437502990042304,0.11832366268222172,0.17064086003868262,0.12169643040206672
#53,0.18569017010777822,-0.004927589718355101,-0.17056909902336675,-0.09795720309734211,0.6594905651350815,0.4596293030980255,0.0453495444884123,0.27782447939091987,-0.1259815881737847,-0.027016313670815136,0.014427381269691564,1.0,0.568295983433457,0.3270491187063881,-0.13705670487086435,-0.4126770959342259,0.05510904257136804,-0.25582801960100876,-0.1383586547201662,-0.2840130126641106,-0.12497009957695172,-0.3390161223081076,-0.04274564478980857,-0.056226464095572005,0.18443606093535359,-0.04510692391282062,-0.010108051585918439,0.012277968001421552,0.08214244219821076,0.2827896582125356,0.1798365215727281,0.310885804304294,-0.06934506113355067,0.16502299769681314,0.40855938053157825,0.14495725093801898,0.4094820221570678,0.14277366575769382,0.2219602375631326,-0.016576794537961577,0.35525119772551755,0.06319411696362058,0.3707686629897689,-0.15337037568600115,0.45939351690484487,0.24755158250124729,0.26187303084356783,0.20399948058693676,0.018668115555737805,-0.367515496962117,-0.1264565777513515,-0.2004729392628435,-0.3404855145264798,-0.5162043206965603,-0.09800162658301383,-0.17090056657030187,-0.06693252414245587,-0.15476800688905748,-0.06690176942160622,-0.2012076353720296,-0.1626856389122397,-0.13889515373943234,0.43290003348847383,0.06208352982182765,-0.0029387844367443736,-0.2442471586055126,0.2753162610460706,0.14767733513761028,-0.15610071145920898,-0.2507056499839392,-0.30097253261709006,-0.2613843725011789,0.08889481202031178,0.04492922997013375,0.22604378105372508,-0.3870584134664671,-0.4097724834095367,-0.28979148299263935,0.11598630389764829,-0.1665504821656791,0.21678319288677478,0.31857790170791217,0.28318605239237554,0.21511902076968814,0.6168781908022881,0.38591707160382455,0.21197520486061278,0.05361573001455724,0.19248696341555097,0.49106746218877934,0.2120811377879838,0.42626384816736035,0.46543852814740394,-0.34086140555908667,-0.004640545657091697,-0.045366630444439886,-0.2959116724417198,-0.10499319978950102,0.019317381884785982,0.02460035948851482,-0.19496784423075608,0.1418544413234098,0.22156042619208716,-0.3519570254033994,-0.03833405094348649,-0.10050984492786309,-0.1989147000731279,-0.056414409611875424,-0.13969135929031773,-0.12340502600482507,-0.18175356583902297
#54,0.1552840027610905,0.040948202215706775,0.05018828723542397,0.12720494262535967,0.3326362263274079,0.4443237036885162,0.15656203227195375,-0.018979079955439827,-0.17959048380593087,0.06137617124228569,0.006919812191171344,0.568295983433457,1.0,0.41532541911850135,0.03322193290003349,-0.32532001995639664,0.11077850450044081,-0.09878416336907715,0.03918493155366015,-0.3043999753962233,0.03833405094348649,-0.19328316896643635,0.0869538474155783,-0.15587859403085041,0.1825976120667856,-0.07439225254409886,-0.018504090377873005,-0.06430470410541352,0.29894613823221866,0.29752800388192924,0.1679446961775299,0.1902692063231706,-0.10846848324551152,0.15000444234856716,0.39430969320457354,0.10381426882359776,0.34530033693505285,0.06382288014543566,0.09741386969566496,-0.19316015008303775,0.2651842891217135,0.07519187528618976,0.2499060272418483,-0.09243160491802159,0.318946958358108,0.036574197472645384,0.1768943199447782,0.12764576029087132,0.11117148148907524,-0.3439232088792296,0.02539998223060573,-0.06725374011577444,-0.05155516371763066,-0.24789330162179896,0.0991395512544509,-0.1452853012937486,0.004524361156104129,-0.27504972013204027,-0.23998933836343878,-0.33545882626316476,-0.19665251949507584,-0.21635604398608518,0.17434509530546272,-0.24640682344739917,0.10918609339867003,-0.21131226976674253,0.06691202099522277,0.06342648596559572,-0.018938073660973626,-0.1276389259084603,-0.01556530594112863,0.013583335041928936,0.023916921247411477,-0.03037199543463255,0.1720692459625886,-0.20282396681223902,-0.3288123893684347,-0.2928601206951934,0.09256487537503673,-0.20399264620452573,0.24079237829673522,0.362191513063922,0.7104101312884861,0.40870290256221,0.5579931519488242,0.29335903061119883,0.22517581448752383,0.2066853928744729,0.08561089127181022,0.436207874575414,0.14808056369986125,0.09595131185970379,0.25701378494932303,-0.21771950327708636,-0.0005980084609654248,0.047519460903915414,-0.13213594953492028,0.08200233735878458,0.1458969785195361,0.1263916511184467,0.09486464505634948,-0.1929653701843233,0.19123627143433183,-0.29316425071248436,0.07123818506140693,-0.029688557193529207,0.0009021384782564124,-0.09898236045899712,-0.2222609503892181,0.04403734306549389,-0.11064523404342566
#58,-0.18426861856628327,-0.1118993432158503,-0.0047123066724075475,0.2487407650407671,-0.02379048517280736,0.3731333593039865,0.19774602068084118,-0.08946206576042756,-0.13748043658034842,0.2337153753101101,0.21073818164421573,0.3270491187063881,0.41532541911850135,1.0,0.14911597263513282,-0.20381836945304438,0.08864193987110355,-0.2258421667725996,0.15268352025369228,0.015766920222254115,0.11358401848017004,-0.049870488453310914,-0.010931594666447966,0.03636574880910887,0.04703080256152653,-0.09056240132860394,0.08533751597536889,0.05553960866326314,0.23846527108577834,0.2302571778101272,-0.16839918260786363,0.00388876359187802,-0.01615648001968302,-0.08937321878908412,0.20984629473957586,0.16295901420868103,0.28173374613003094,0.10140173183250295,0.15998947505108702,-0.06953984103226513,0.10741598835421237,-0.02341459414020052,0.22791640183434825,0.07237269254163847,0.21117216492731633,0.009267422549361326,0.16868964386033256,0.35253453071713176,0.18184924719277742,0.015264593115043159,0.03418899801119472,-0.11892850552559818,-0.1361272288629638,-0.11661164988825785,0.07852705390277408,0.10790806388780678,0.028639479493435576,0.07772743116068316,-0.1153746266718608,-0.09962137521442875,0.11496114653599328,-0.029210150424756866,0.2754256111646471,0.18577559988791612,0.1812546559230175,-0.13061529944846534,0.391634032490654,0.4708171871048873,0.21547099146385637,0.05116902111140727,0.06032025915978103,0.024863483211339608,-0.20612155632556264,-0.1619304396558205,0.18334597694079374,-0.18219438350453462,-0.12281385192627069,-0.2036406755103575,0.34730281098148563,0.009595472905090932,0.17776912089339048,0.29766127433894435,0.1797989324694674,0.07807940185485139,0.2294985613625025,-0.018299058905542,0.09331665744025042,0.114291377059712,0.13098777328986666,0.32714138286893707,0.13529343420881773,0.19280817938886952,0.427928020284447,-0.4646867460821903,0.003758910326068385,-0.25252017851406855,-0.254864371681053,-0.3407691413965377,-0.2709627594502423,-0.12583123176074193,-0.24594550263465442,-0.043685372371325665,-0.2164585597222507,-0.33539731682146545,-0.06539137090876783,-0.14529213567615962,-0.24883302920331604,0.2300145572345355,0.16835134193098641,-0.08347514676836228,-0.0936412906047745
#101,-0.013299708171871049,0.05840321489348615,-0.2702041430026176,-0.0019341302223224598,-0.1631982175930672,-0.11325938531564596,0.1493961823139852,-0.1695781135737669,-0.06808070038750948,0.07145688529856,0.3171802705048558,-0.13705670487086435,0.03322193290003349,0.14911597263513282,1.0,0.23917946404773133,0.1865068788058967,0.03944805527648494,0.4453317750941436,0.02344876605225569,0.6327681299079408,0.23219472522365517,0.00998161551131432,0.05393694598787581,0.3820795658800292,-0.06989181172643334,0.1581681121385466,-0.3518100861815622,-0.006444822613604522,-0.11353617780329281,-0.2084008228596423,-0.15291930644687293,-0.003963941798399388,-0.09654248593825819,-0.26563877555204723,0.0031711534387195103,-0.10667787505382076,0.00485582870303925,0.004831908364600633,-0.18265570431727937,-0.07976407711917112,-0.09804263287748002,-0.05494160020229772,0.02894702670193208,-0.2902869757174393,-0.18769947853662203,-0.280100328733794,-0.2631134712511704,-0.042185225432103825,-0.11464334775388021,-0.2037226880992899,-0.2290714124618129,0.16081643532282205,0.06624225151894149,0.43014577737682735,0.05536533191178179,0.11696020339122055,-0.10337003396688059,-0.39616864522037465,-0.32196433819257925,0.09451267436218126,-0.0036905665019580504,-0.06625933747496908,0.10186305264524771,0.15487052262522297,-0.10220135457459387,0.1403816319138321,0.21080994265953157,0.5299277605779154,0.2537640361128767,0.25580751645377564,0.09977856600988251,-0.03753101101019007,0.0702916230974788,0.04645671443899972,0.18066348184446313,0.05766510159309454,-0.10238246570848625,0.24628038737279506,0.031820884505771634,-0.17274243263007538,-0.10017154299851694,0.004322746874978642,-0.11537804386306631,-0.016740819715826378,-0.13902842419644748,-0.03427101060012712,0.05314074043699041,-0.16696737949275214,-0.2532992981089264,-0.22415065712586882,-0.14569878142961612,-0.2541399271454835,-0.10017496018972245,-0.2089954141294022,-0.3274625988422556,-0.03613679699833924,-0.3123141902282,-0.3351478618634627,-0.2117770077706928,-0.13174638973749137,-0.15623056472501862,-0.2125117038798789,0.1363493462913224,-9.90985449599847e-05,-0.18778832550796548,0.03304765614855214,0.09132101777622866,0.06821055365331911,0.05668095052590573,-0.045848454404417746
#102,-0.11226156548363507,-0.12636431358880254,-0.05076920974036181,-0.05539950382383696,-0.26190036837321196,-0.21164373731367764,-0.06905459988108174,-0.29057743696990823,-0.19281843096248608,-0.1459448191964133,0.15668163396414683,-0.4126770959342259,-0.32532001995639664,-0.20381836945304438,0.23917946404773133,1.0,-0.12648733247220115,0.08404240050847805,0.18461033768683494,0.40602724184829037,-0.04905377975519242,0.6221440824499894,-0.03854249960702301,0.29602443975150183,-0.17310465489786014,0.21549149461108946,-0.39722797449408487,-0.2610734081014769,-0.09996651152618594,-0.12629938695589774,0.01736274851523042,-0.2703510822244548,-0.00390926673911112,-0.27183414320764904,-0.24317074337577485,-0.18421052631578946,-0.3655198572980953,-0.04867447153138007,-0.1472296830896876,0.1280694920003554,-0.3004907086571122,-0.1132901400364956,-0.10601835715115604,0.19572987786958632,-0.36521914447200976,0.059981957230434875,-0.46859259563009587,-0.41557487407650406,-0.3388896862335035,0.09350802014775934,-0.12593716468811295,0.11405217367532583,0.13633909471770583,0.4839699560549211,-0.09267080830240776,0.15660645575762547,-0.34396421517369585,-0.08659504233899903,-0.17560262166909288,-0.09110231753907558,0.06948174878177134,-0.14044655854673693,-0.229296947081377,0.2385233633362721,0.15996213752144287,0.010859833651132116,0.039762436867392476,0.19553851516207738,0.272951564731853,0.3484988279034165,0.3425016573377347,0.10730322104443032,0.14540148579473616,0.19169417505587108,-0.12483682911993657,0.2988777944081083,0.10715286463138758,0.10299072574306822,0.08998489601487161,0.4320559872607112,-0.19544625099952842,-0.11117489868028076,-0.07874575413992714,-0.18606947833159057,-0.1840328323731026,-0.15782297582678942,-0.2519085012882811,-0.0983843519980317,-0.13374202940151314,-0.23070824704925538,-0.11621867289962343,-0.3492540271598357,-0.22540818348949898,0.19849096836364383,-0.029586041457363706,-0.13591878019942727,0.30638536348662854,-0.13505764801563708,-0.0998161551131432,-0.2019218283339826,0.1281754249277264,-0.22816585679235096,-0.1873030843567821,0.11276389259084603,-0.10692049562941244,-0.11362502477463624,0.09978540039229356,-0.11239483594065022,-0.033570486402996196,0.20700660884779146,-0.03593176552600824
#201,0.5348245955754208,0.22012862307697564,0.5037520759436573,0.592513617506954,0.017523356501889707,0.39340755472631717,0.41058577491644965,0.2192367361723358,-0.086588207956588,0.6510159309454001,0.3217080488521655,0.05510904257136804,0.11077850450044081,0.08864193987110355,0.1865068788058967,-0.12648733247220115,1.0,0.31483266014666583,0.16061140385049105,-0.10415598794414943,0.26596682590777687,0.028003881929209468,0.10167852432014982,0.1318318195176293,0.388473130625551,-0.10749458375193925,0.3775552047239251,0.19711042311661506,-0.09946418441897498,-0.12696915643217901,0.017007360629856683,-0.18070790533013484,0.09502183585180325,0.12791571839610713,-0.3659777609196345,-0.18577559988791612,-0.24890137302742638,-0.3106705212583465,-0.17655943520663755,-0.035846335745870324,-0.21281583389716988,-0.16342716940383684,-0.4345300336935053,-0.21822866476670835,-0.2660283353494761,-0.39923044854051765,0.20923461751378836,0.1814596873953485,0.31878293318024314,0.2052365038033338,0.24815984253582926,0.057224283927582886,0.5007551992564192,0.11870297090603407,0.1724348854215789,-0.022902015459373013,0.24820084883029545,0.004941258483177168,0.08716913046152584,-0.0536088956321462,0.20022006711363527,0.25608772613262804,-0.2696949815129956,-0.36265966825907775,0.2761398041266001,-0.05313732324578489,-0.03723371537531011,0.0785509742412127,0.19365905999904318,0.0044389313759662105,0.2743389443612928,0.32332779748358037,0.11086051708937322,0.06768088901646403,0.0633000498909916,0.14696655936686281,0.06402791161776666,-0.007524655034547803,0.13098435609866113,-0.13245033112582782,0.16304786118002446,-0.2481290878149796,-0.05919942044437154,0.1339436436826386,-0.1278268714247637,-0.1354301218570384,0.056035101388063065,-0.06297541672646752,-0.2168071132252134,-0.22517239729631833,-0.3782283913914119,-0.09269814583205188,-0.1140453392929148,-0.11655355763776407,-0.0813940773242026,0.1138642281590224,-0.08499921404602273,0.10474032764029279,0.08400481140521737,0.13581626446326178,0.03275719489608322,0.10305565237597304,0.011245976257355505,0.17007360629856683,0.06966969429807475,0.1569174201573275,0.08129497877924262,0.23057839378344575,0.17293721252878982,0.06884273402633971,-0.013231364347760715
