,#10,#11,#12,#13,#17,#18,#26,#49,#50,#51,#52,#53,#54,#58,#101,#102,#201,#202,#301,#302,#401,#402,#501,#502,#601,#602,#701,#702,#801,#802,#901,#902,#1001,#1002,#1101,#1102,#1201,#1202,#1301,#1302,#1401,#1402,#1501,#1502,#1601,#1602,#1701,#1702,#1801,#1802,#1901,#1902,#2001,#2002,#2101,#2102,#2201,#2202,#2301,#2302,#2401,#2402,#2501,#2502,#2601,#2602,#2701,#2702,#2801,#2802,#2901,#2902,#3001,#3002,#3101,#3102,#3201,#3202,#3301,#3302,#3401,#3402,#3455,#3501,#3502,#3601,#3602,#3701,#3702,#3801,#3802,#3901,#3902,#4001,#4002,#4101,#4102,#4201,#4202,#4301,#4302,#4401,#4402,#4501,#4502,#4601,#4602,#4701,#4702,#4801,#4802
#10,1.0,0.3074105208482835,0.677666605157225,0.5240877808076874,0.3622017646375385,0.42942816722366883,0.21669434591543135,0.6579357431365714,0.014335117107142614,0.4521114824458888,0.43255489717671664,0.09674068302817816,0.3733383907763175,0.14868540654323772,-0.3487277797141861,-0.08339313417942988,0.5064789945256597,0.35740402818499306,-0.0769380599922088,-0.03705943862382876,-0.24530307068801727,0.11321837902117975,-0.11571976298361798,-0.15492519768451124,0.021770925170346983,-0.16097362611827581,0.022536376000382725,0.2178049330572243,0.23893684347213964,-0.05896021705998537,0.2805138088696615,-0.0462687689226963,-0.002292935298901715,-0.10205783254396217,0.07273491480942325,0.23394774431208523,0.028683902979107292,0.004418428228733111,-0.11021466795153056,0.020486061277072698,-0.10706401766004416,-0.048660802766558,-0.4069327975177523,-0.07584455880644346,-0.20161086393428057,-0.22408231330175848,0.4353159876707741,0.24834437086092714,-0.005050608601753702,0.008242265187706313,0.19773576910722462,0.10288821000690272,0.1743177577758186,0.03816660857441617,0.06370327845324257,0.061341999330230525,-0.1995913039318202,-0.2765840389833173,-0.09866456167688407,-0.06940657057524997,0.21139769954688045,0.3400549484345847,-0.14291377059712,-0.2322630690477655,0.20450522488535325,0.006878805896705144,-0.28702697530737636,-0.034325685659415385,0.21659524737047137,0.16241226361579836,0.34413165754276615,0.04654897860154867,0.27052535897593616,0.307506202202038,-0.12600550851222328,0.07102973639787041,-0.04331289852992434,0.009366521094321312,0.0038819292094669864,0.025970653161927024,0.23499682201217886,0.26234802042113464,0.17923851311176264,0.31205106650537523,0.053803675530860656,0.27265768628817855,0.28927548712060636,0.2386839713229314,-0.08975252701289647,0.020615914542882332,-0.019676186961365236,-0.03332444863619899,-0.15869094239299067,0.032282205318516395,0.028485705889187325,0.15006253459906096,0.1109391124871001,0.13575133783035695,0.29643108550495834,-0.01626241294705404,0.10343837779099092,0.025956984397104955,0.1502128910121037,-0.015148408614055591,0.13967427333429014,0.20659312871192395,0.006742118248484476,0.09524395328016184,0.02686937444897792,-0.1562852397843069,-0.011249393448561022
#11,0.3074105208482835,1.0,0.17357964447542698,0.21736411539171263,0.22748583574245312,0.07576596340871657,0.05916183134111086,0.4272958399114264,0.21776050957155257,0.18743635481379725,0.18597037978663059,0.02713591536300822,0.21360862225684976,0.10189380736609736,-0.12979517355914133,0.12308722722271202,0.139951065821937,0.0664267798440394,0.10970550646190858,0.16090528229416548,-0.027395621894627492,0.10790122950539574,-0.002108406973803812,0.07063334221803047,-0.05981793205257007,0.12612169301321086,-0.011912328542431263,-0.007962055508853942,-0.060323676350986545,0.052259105105967096,0.11189592602464478,-0.10090623910770304,0.023274489300774335,-0.1890629378276232,-0.07909089045168434,0.12822326560460365,-0.0878764890410678,-0.017926585064140677,-0.24454103704918706,0.020694509940609215,-0.026828368154511718,0.05682788974774294,-0.04100287727499505,0.10857441617288253,-0.07835277715129273,-0.04976797271714541,0.1776358504363753,0.04672667254423554,-0.15237597304519576,-0.13732324578489466,-0.03405231036297405,-0.07466221064933468,-0.046764261647496225,-0.025089017830903712,-0.15323710522898598,-0.004391090699088977,-0.19409646047334933,-0.13092968103937289,-0.15948714794387606,-0.08438753682023524,-0.07138854147444966,-0.0485377838831594,-0.059958036891996254,-0.09136202407069485,0.07020277612613536,-0.0398683697947635,-0.1888749923113198,0.07377374093590033,0.0121652006916395,0.05029763735400051,0.048343003984444945,0.13205735413719338,0.057897470595069674,0.24431891962082847,-0.10499661698070654,-0.0011618450098756826,0.009151238048373759,-0.0850743922525441,-0.00857714992584695,0.23315153876119984,-0.03204300193413022,0.12957989051319377,0.08074481099515442,0.1751993931068419,0.040264763974603435,-0.05408730240091854,-0.15045209439648985,-0.05570705103233346,-0.15169253480409242,-0.03272985736643908,-0.04209979565196591,-0.2023934007203439,-0.21434331836603585,-0.2589752527012896,-0.2351061721307554,0.08990288342593922,0.22219260656510775,0.06747927473533855,0.10849582077515565,-0.09108864877425352,-0.0696765286804858,-0.1319992618866996,-0.08252516761322863,0.0008918869046398622,0.06769114059008058,0.09475871212897846,-0.030436922067537366,-0.14012534257341835,-0.18548855582665272,-0.30514150588782046,-0.02780226764808398
#12,0.677666605157225,0.17357964447542698,1.0,0.6306289682132874,0.04201778306303351,0.46887622250015376,0.319873017174803,0.48029989270019613,-0.10512647024651617,0.5312502135744503,0.4907633321714883,0.09180625892741202,0.43062418414559966,0.22382602396134474,-0.1466180058639001,-0.22574990261005065,0.6580006697694762,0.6259337474969074,-0.03303398738373007,-0.18383805247438814,-0.025690443483074654,-0.10070462482657755,0.07491849998974842,-0.08508806101736617,0.16249427620473075,-0.23674300671819792,0.23771348902056466,0.3666133584838606,0.07252304895468122,0.0010935011857653484,0.31520513398806715,-0.04317279369049816,0.21379656777315317,-0.036270067455354396,-0.10806867187446606,-0.16600373157279644,-0.13047861180024467,-0.23948701125622784,-0.16071391958665654,-0.19126019177277045,-0.14756115063662273,-0.20502463794859177,-0.28886884136714985,-0.2619892153445554,-0.3258804393141014,-0.4318680417444078,0.4760591584141499,0.424555252564602,-0.03938312864358012,0.09864405852965097,0.48301997689978743,0.37012281385192625,0.2400576821875491,0.3615969217941621,0.06652246119779386,0.0327742808521108,-0.17050758958166745,-0.3896930678859205,-0.15063320553038226,-0.3342183858555622,0.1747722442061523,0.15847224215583758,-0.24140747271372823,-0.30568825648070314,0.38326533122834355,0.1271707707133045,-0.078308353665621,0.10751166970796684,0.16292484229662588,0.17867125937164688,0.5272110935695296,0.30407875942290474,0.11403508771929824,0.20912526739521184,-0.16928423513009247,0.015609729426800348,-0.029671471237501624,0.029032456482069997,0.05798290037520759,-0.2445307854755705,-0.11953334836897464,0.10491118720056862,0.05673904277639951,0.19872333736561895,0.13134999555765142,0.13744284747708774,0.15218802752889235,0.12427982695343735,-0.10463097752171625,-0.07975724273676009,-0.20352790820057545,-0.14319739746717788,-0.2353146207942919,0.031800381358538535,-0.02294985613625025,0.4011406584244015,0.27780055905248124,0.4685345033796021,0.6770275904017934,0.3210758684791449,0.4945427456447898,0.3452456618757646,0.27176921657474423,0.23111147561150636,0.45160915533867785,0.44503789665046917,0.3161995366288725,0.07107757707474764,0.04427996364108557,-0.04971329765785715,-0.07733787136325426
#13,0.5240877808076874,0.21736411539171263,0.6306289682132874,1.0,0.14866832058721013,0.6564014242852945,0.3560405688939919,0.5692459625885907,-0.04935107539007238,0.5672058994388972,0.544057846212727,0.20325795009533965,0.4561266821123709,0.2472952931608335,-0.03916101121522154,-0.11036844155577881,0.6340359078451876,0.3066484872094533,-0.13934280578735503,-0.16361169772893472,-0.159473479179054,-0.2196057928225316,-0.04314887335205954,-0.232676549183633,-0.07592657139537586,-0.12222267784771629,0.008406290365571115,0.16868280947792152,0.11025567424599676,0.25036734805459304,0.2006984738824076,0.05349954551356967,0.3006171447317163,0.057128602573828416,0.11887383046630991,0.02472679556311894,0.00585364853505013,-0.20326136728654515,-0.2645111024542267,-0.15864993609852446,0.0019272958399114263,0.03230612565695501,-0.12550318140501235,-0.16826249495964296,-0.2524894237932189,-0.2818875197342792,0.34928136468947985,0.2855849206186483,0.016412769360096776,0.03571989967126621,0.3034773337707338,0.15920010388261266,0.14260280619741797,0.20285472153308867,-0.12352121050581265,-0.06473868738851414,-0.22816243960114543,-0.42932565148750335,-0.04477203917467998,-0.08716229607911481,0.1553660153500229,0.11089127181022287,-0.0385800887102837,-0.03383361012582098,0.27555888162166225,-0.021716250111058714,-0.07684579582965985,0.17633390058707346,0.15253999822306058,0.27316684777780054,0.34457589239948333,0.1530730800511212,0.10790806388780678,-0.08635925614581838,-0.0462277626282301,0.022953273327455764,0.07108099426595316,0.06008789015780589,0.08560405688939919,-0.13132949241041833,-0.19262365106377163,0.17702417321058783,0.05151074023195894,0.198426041730739,0.34627765361983065,0.1701727048435268,0.32525509332349184,0.04593046699335015,0.054675059288267415,0.07607009342600755,-0.04463535152645931,-0.1936214708957825,-0.13937697769941018,0.030016607549258813,0.05291520581742631,0.396435186134405,0.18122390120216786,0.37007839036625456,0.4585289675298492,0.2779372467007019,0.3034260759026511,0.18584736090323198,0.07557801789241315,0.06806019724027638,0.22546627573999276,0.26699198326943185,0.24370382520383546,0.05394378037028684,-0.01675107128944293,-0.0434256658397064,-0.008170504172390462
#17,0.3622017646375385,0.22748583574245312,0.04201778306303351,0.14866832058721013,1.0,0.332133899220197,0.08835147861863463,0.2432800934943514,0.2938716092920263,-0.07743696990821425,0.045920215419733595,0.37881273108755525,0.25517191888954954,0.2174222076422064,-0.3443366890150972,0.1838072977535385,0.034872436252298064,-0.23037677950232027,-0.38389409441015865,0.04671642097061899,-0.42963319869599986,-0.03727130447857079,-0.3506243208332479,-0.2567609128001148,-0.3529377592793827,-0.11428112548609545,-0.47324339286080414,-0.2701733882817679,0.1783910496927945,-0.004114298211442123,0.12317607419405545,0.11679276102215023,-0.008044068097786343,-0.0329998154716749,0.12033638830227107,0.2944764521354028,0.1403201224721328,0.2873276881334618,0.10535542205728579,0.21930507999644613,-0.1164578762840096,0.12230127324544318,-0.054405101183031594,0.19941019279792782,0.10164435240809465,0.13602471312679829,-0.03045742521477047,-0.1249427620473076,-0.07417013511574026,-0.22517923167872936,-0.18959943684688932,-0.12684272035757488,0.04224673487380313,-0.2652663017106459,-0.10828737211161914,-0.09640921548124304,-0.22503912683930316,-0.02154539055078288,0.16792761022150232,0.3043179628072909,0.013026332875429711,0.08809518927822087,0.08633533580737976,0.09602649006622517,-0.33250295587039275,-0.23094061605123054,-0.18661964611567874,0.062100615777855236,0.020096501479643793,-0.012465913517724971,-0.05368749102987309,-0.25155311340290737,0.23709497741236613,0.35102413220429335,-0.03587367327551446,0.041816168781908025,-0.14141704084910367,-0.16535788243495378,-0.10980118781566303,0.2976510227653278,0.4890205646566748,0.3304253036174386,0.2830049412584832,0.4273573493531257,0.3948222718854011,0.19800572721246046,0.092414518961994,0.1484120312467964,-0.08817720186715328,0.20919361121932217,0.2804078759422905,-0.0017735222356631743,0.08103868943882886,-0.04780650496517882,0.07275200076545082,-0.3491070879379985,-0.11845009875682584,-0.17080146802534188,-0.1949917645691947,-0.31002125492929833,-0.28806921862505896,-0.1545903129463706,0.05898072020721847,-0.22858617131062953,-0.2588419822442745,-0.0711083317955973,-0.19615019238786488,-0.1525673357527047,-0.15310383477197084,-0.1849315536601535,0.23033235601664856
#18,0.42942816722366883,0.07576596340871657,0.46887622250015376,0.6564014242852945,0.332133899220197,1.0,0.4223033235601665,0.3746061687135642,-0.03646484735406885,0.2727055269650558,0.284809218214996,0.23958952699239333,0.40706606797476746,0.3469303371400843,-0.24251805985552116,-0.21829359139961318,0.392143193980276,0.16433614226450427,-0.2999200377257909,-0.1473492847818807,-0.3958645152030837,-0.29195456502573147,-0.17945721334891573,-0.1786541734156193,-0.2197117257499026,0.03633841127946473,-0.1672680923188376,0.09610850265515757,0.24616420287180749,0.12448827561697387,0.3970707836986311,0.25879072437619177,0.26960955173285767,0.08380319712409189,0.15527375118747394,0.08979011611615717,0.011150294903601036,-0.07602908713154136,-0.13692685160505472,0.04540080235649505,0.004114298211442123,0.0035162897504766983,-0.04555799315194883,-0.014895536464847354,-0.09087678291951148,-0.08456864795412762,0.2147362953546703,0.3181610043808391,0.11100403912000492,0.032688851071972884,0.13251867494993816,0.1599689719038539,0.14175875996965534,-0.0010832496121487981,-0.24572680239750136,-0.13466125383579713,-0.31124802657207884,-0.3163328070858877,0.10958248757850997,0.12162808657795639,0.2446743075062022,0.16960203391220552,0.13577184097759007,0.16810872135539473,0.009069225459441358,-0.15288513453481775,0.07232826905596676,0.27839515032224116,0.13088525755370117,0.16956444480894484,0.17930002255346195,-0.12111550789712888,0.05633581421414854,0.010142223497973606,-0.06804652847545431,-0.039776105632214544,-0.040992625701378495,-0.01012855473315154,0.15228712607385234,-0.022861009164906812,0.1789788065801434,0.28684586417348396,0.06828573185984048,0.2824103499887233,0.3544686609394542,0.33616276765150116,0.35335465660645576,-0.00024603776679720337,0.07439566973530437,0.2968206453023873,0.09479630123223914,-0.041160068070448814,0.09756422610870769,0.1261866196461157,0.15419391876653066,0.09216506400399128,0.06418851960442594,0.1305264524771219,0.17439635317354546,0.1270067455354397,0.14894169588365147,0.2146201108536827,0.3227742125082867,0.05416248060743991,0.14988825784757961,0.20729707010026038,0.09431447727226129,0.058656087042694385,-0.08641734839631217,0.17588624853915075,0.15750859423588187
#26,0.21669434591543135,0.05916183134111086,0.319873017174803,0.3560405688939919,0.08835147861863463,0.4223033235601665,1.0,0.307506202202038,0.2175418093343995,0.31894012397569693,0.36764535022792666,0.257211982039243,0.3998182054278665,0.577084999214046,0.1258654036727971,-0.01887998141047984,0.2863845433607392,0.0629344104320013,-0.23637736725920763,-0.19508061154053813,-0.04679159917714036,-0.2252919989885114,0.007845871007866375,0.05152099180557549,-0.04857195579521457,-0.04122841189455915,-0.0846848324551152,0.008604487455491085,0.13357800422364832,-0.06523759730451957,-0.015784006178281698,-0.09498082955733705,0.18790792720015856,-0.08012288219575038,-0.15560521873440908,-0.10679747674601385,-0.04900252188710967,-0.20494262535965937,-0.33170675031950736,-0.20013122014229184,0.05329793123244418,-0.050943486491843167,-0.0974241212692815,-0.07961372070612839,-0.21755889529042707,-0.21466795153055995,-0.00847463418968145,-0.041013128848611594,-0.09179600735379548,0.01879113443913641,0.24575413992714548,0.3380763947265905,0.14220982920878356,0.14769442109363787,-0.07483307020961051,0.0076545083003574385,-0.10071145920898858,-0.14965588884560446,0.024026271365988013,-0.07505177044676357,-0.038976482890123634,-0.08603120579008879,-0.020113587435671376,-0.0219793738338835,-0.07522604719824492,-0.080860995496142,0.10500686855432309,0.2524586690723693,0.011314320081465839,0.05014728094095777,0.16061482104169655,0.06410992420669906,0.22190897969504986,0.04180591720829147,0.023407759757789488,0.002955870392771957,-0.06026558410049276,0.08854284132614357,0.09402059882858685,-0.15218461033768685,-0.05521155830753354,0.07197288117059301,-0.060767911207703716,0.18037985497440523,0.21055707051032332,0.033256104812088655,0.0684907633321715,-0.058867952897436425,0.04237317094840725,0.10428925840116458,-0.18036276901837767,-0.18489738174809833,-0.11448273976722094,0.044922395587722715,0.055717302605950016,0.17151224379608937,0.19130119806723667,0.22240447241984979,0.0862806607480915,0.18663331488050083,0.18458300015719079,0.09287925696594428,0.06714780718840342,0.3544105686889604,-0.0061133550666694,0.2579364265748126,0.03228562250972191,0.0004032285622509722,0.03743191246523008,0.03221386149440606,0.07541399271454835
#49,0.6579357431365714,0.4272958399114264,0.48029989270019613,0.5692459625885907,0.2432800934943514,0.3746061687135642,0.307506202202038,1.0,0.3314914672735598,0.5224065227345731,0.6228787785591755,0.17727362816859055,0.3809040521053315,0.1997519119184795,-0.023404342566583972,0.08570998981677021,0.5617520622748925,0.3249817180270505,0.14507343543900655,0.10837963627416808,-0.07695172875703087,0.08455497918930556,0.03331077987137692,-0.09589663680041553,0.050752123784334226,0.00827643709976148,-0.04860954489847525,0.03506721615101251,0.3537544679775012,0.24754133092763073,0.14620110853682708,0.09245210806525468,0.23222889713571032,0.033618327079873424,0.1747927473533854,0.21210847531762791,0.09543531598767077,0.05468189367067845,-0.1465564964222008,0.02231425857202414,0.12456687101470075,0.10070804201778306,-0.25364101722947807,-0.016464027228179526,-0.3556783466262071,-0.2577450638673036,0.3464553475625175,0.13826980774882278,-0.08188273566659149,-0.13730615982886707,0.08156151969327292,-0.050119943411313636,-0.0031643190563084766,0.0686342853628032,-0.009400693006376479,0.07315181213649628,-0.349513733691455,-0.3548992270313493,-0.20344589561164306,-0.10546135498465681,-0.023906669673794928,0.07459044963401883,-0.04414669318407042,-0.0990199495622578,0.13963668423102946,-0.0661602389300091,-0.16611308169137295,0.1052734094683534,0.38351136899514077,0.10611062131370498,0.42044095435315987,0.27309850395369023,0.25892741202441244,0.20124180728408478,-0.14031328808972177,0.0030344657904988414,-0.059055898413739843,-0.029391261558649254,0.07387625667206583,0.1826215324052242,-0.08108994730691162,0.08863852267989802,-0.001107169950587415,0.11320129306515217,0.1485999767630998,-0.029606544604596805,0.08860435076784286,0.16579870010046543,-0.05390619126702616,-0.05003451363117572,-0.07372248306781758,-0.2567404096528817,-0.29528974364231575,-0.10771328398909233,-0.127068254977139,0.18339040042646546,0.22647092995441467,0.2794647311695679,0.22972751317327209,0.10949022341596101,-0.053625981588173784,0.11361135600981417,-0.00536499019266124,0.1011454424920892,0.22597885442082027,0.3854694195559018,0.054261579152399896,-0.07140904462168277,-0.04606032025915978,-0.32351574299988384,-0.2610289846158052
#50,0.014335117107142614,0.21776050957155257,-0.10512647024651617,-0.04935107539007238,0.2938716092920263,-0.03646484735406885,0.2175418093343995,0.3314914672735598,1.0,-0.03599669215891306,0.24883986358572707,0.21652006916395,0.10933986700291828,0.318536895413446,0.14764658041676065,0.1102625086284078,0.11163280230182,-0.16515626815382828,-0.08070380470068822,0.009140986474757208,0.14251737641728005,0.035033044238957346,0.18870071555983844,0.1267231186653818,0.0039229355039331875,0.03458539219103466,-0.20661363185915704,-0.35854878723884115,0.08275753661520377,-0.033327865827404504,-0.14209364470779598,0.13618190392225207,0.03191998305073162,-0.02142920604979531,-0.0824978300835845,0.05088539424134938,0.07057524996753668,0.12975758445588065,0.0718464450959889,0.06216212521955453,0.023161721990992284,0.12372624197814365,0.0022485118132299976,0.17518914153322535,-0.06239449422152967,-0.06894866695371073,-0.1728312796014188,-0.24192346858576125,-0.26557384891914243,-0.32630417102358544,-0.20307342177024174,-0.15881396127638925,-0.13006171447317164,-0.128192510883754,0.06414409611875423,0.029698808767145757,-0.03751050786295696,0.02635679576815041,0.17899589253617096,0.058816695029353674,-0.12224659818615491,-0.039711178999309725,-0.007982558656087043,0.005009602307287502,-0.26307246495670417,-0.18625400665668848,0.04315912492567609,0.105806491296414,0.03617096891039441,-0.07890294493538091,-0.017109876366022184,0.08671122683998661,0.2500017085956028,0.20020298115760768,-0.07376690655348929,0.09521661575051771,-0.022953273327455764,0.0815786056493005,0.19311572659736603,0.2790204963128507,-0.025663105953430517,-0.16220381495226183,0.008741175103711753,0.0741769694981513,0.1252058857701324,-0.18167838763250158,-0.014519645432240515,0.07030870905350638,-0.16588071268939783,0.016918513658513247,0.03440086386593676,-0.015185997717316276,-0.06763304833958679,0.08035866838893103,0.019853880904052105,-0.052426547475037416,0.1281104982948216,-0.09608799950792446,-0.2266998817651843,-0.10350330442389573,-0.2580833657966498,-0.15190781785003998,-0.2024959164565094,0.06646436894730008,-0.19891128288192236,0.029521114824458888,-0.12409188143713393,-0.07607009342600755,0.046087657788803915,-0.13138075027850107,0.01304000164025178
#51,0.4521114824458888,0.18743635481379725,0.5312502135744503,0.5672058994388972,-0.07743696990821425,0.2727055269650558,0.31894012397569693,0.5224065227345731,-0.03599669215891306,1.0,0.5338882851851092,0.07503126729953048,0.35263362926209174,0.0931902213656463,0.16514601658021172,-0.15977760919634498,0.6098182737716906,0.4178370546545561,0.21195470171337968,-0.1278678777192299,0.2172752684203692,-0.013778114940643389,0.32510131971924355,-0.06499155953772237,0.24034814344001804,-0.1592513617506954,0.33599532528243087,0.34045134261442467,0.12068152461402826,0.0486813059137911,-0.00016060798665928553,-0.025697277865485684,0.19691906040910614,0.07990418195859732,0.11473219472522365,-0.10428584120995907,0.01905767535316671,-0.4012705116902111,-0.14930391815143623,-0.415561205311682,0.046576316131192806,-0.15447754563658855,-0.3838154990124317,-0.5093733554767323,-0.272032340297569,-0.3385377155393353,0.42642103896281414,0.38171734361224446,0.06794742993049432,0.16448991586875253,0.3282793075403741,0.1312406454390749,0.1402381098832004,0.22691174761992633,0.21491398929735714,-0.13292532070339463,-0.09853129121986892,-0.44677724697407717,-0.1867563337638994,-0.4076674936269384,0.14892460992762388,0.1469221358811911,-0.16683410903573698,-0.16506058680007382,0.505508512223293,0.11419227851475201,-0.14757140221023926,0.021651323478153895,0.2313028383190153,0.19795105215317219,0.37545704932373786,0.35582528584804435,-0.017858241240030343,-0.06754078417703784,-0.045752773050663276,-0.1430402066717241,0.06700086796656621,0.008867611178315872,0.11948209050089188,-0.22847340400084745,-0.14014926291185698,0.19078520219520362,0.039813694735475226,0.10232437345799247,0.025082183448492678,0.02079702567677472,0.13470567732146885,0.33817891046275605,-0.0779598001626583,-0.17639882721997827,-0.07533539731682147,-0.150889494870796,-0.17294404691120088,-0.02939467874985477,-0.05244705062227052,0.5246242798269535,0.2880282123305927,0.3805008235430805,0.5176737129149325,0.3478495615743683,0.3588221625352825,0.1634852616543306,0.05699874930801878,0.10813359850737088,0.34581291561588035,0.3914050806798844,0.31884444262194245,0.04142660898447912,0.10773720432753094,-0.06799185341616605,-0.12356905118268988
#52,0.43255489717671664,0.18597037978663059,0.4907633321714883,0.544057846212727,0.045920215419733595,0.284809218214996,0.36764535022792666,0.6228787785591755,0.24883986358572707,0.5338882851851092,1.0,0.11449299134083749,0.31585781750832087,0.21193078137494106,0.15222903382335856,0.16275056554514453,0.5175165221194786,0.3037062855815034,0.16423362652833876,0.1485179641741674,0.008320860585433198,0.14977207334659204,0.08107286135088403,-0.03922935503933187,-0.01985046371284659,-0.02702314805322617,-0.10510254990807756,0.032258284980077774,0.289716304786118,0.23862929626364313,0.11510466856662498,-0.05788380183024761,0.1405217367532583,0.05721744954517185,0.07968206453023872,0.04144711213171222,0.061072041224994704,-0.024593525106103787,-0.09885934157559852,-0.04762197664008092,0.2225274913032484,0.08001694926837936,-0.2540544973653456,-0.10285062090364204,-0.36385568518100864,-0.2952350685830275,0.1344698911282882,0.002648323184275453,-0.1491091382527218,-0.037797551924220366,0.07357212665477485,0.16970454964837103,-0.13958884355415224,0.15859184384803068,0.006256877097301102,0.20180564383299504,-0.24219000949979155,-0.23725900259023094,-0.20830855869709333,-0.17230503215576926,-0.1032709354219206,0.01446155318174673,-0.026261114414395943,-0.04133776201313568,0.07135095237118898,0.06271229300364273,0.07177126688946753,0.27063470909451265,0.2834184213943507,0.08671806122239764,0.2659770774813934,0.26272391145374147,0.07979483184002077,0.0006766038586923092,-0.16038245203972143,-0.12379458580225398,-0.16026968472993938,-0.07749847934991355,0.234614096597161,0.22446845590798187,-0.10582357725244158,0.04792268946616639,-0.08781839679057402,0.08651302975006664,-0.005088197705014386,-0.0796581441918001,0.048414764999760794,0.3010613795884335,0.16088136195572686,-0.05705684155851257,-0.11273997225240741,-0.300965698234679,-0.3064024494426561,-0.027053902774075822,-0.09829208783548275,0.21690962896137891,0.17996637483853772,0.21237501623165822,0.27330695261722676,0.10633273874206357,0.04131725886590258,0.16686486375658663,0.030857236585815923,0.14388767009069225,0.17114660433709908,0.27954332656729475,0.0440612634039325,-0.13458949282048127,-0.035460193139646934,-0.16798911966320162,-0.2538357971281925
#53,0.09674068302817816,0.02713591536300822,0.09180625892741202,0.20325795009533965,0.37881273108755525,0.23958952699239333,0.257211982039243,0.17727362816859055,0.21652006916395,0.07503126729953048,0.11449299134083749,1.0,0.6537223463801694,0.38980925238690806,-0.18788058967051444,-0.14422938921124392,0.26098456113013346,-0.25178206521367696,-0.3803128780267771,-0.27208359816565175,-0.13742234432985465,-0.3954578694496272,-0.20992489013730276,-0.18498281152823626,-0.22095558334871068,-0.1821533772100684,-0.2871773317204191,-0.2499060272418483,0.14639588843554152,0.246881813024966,-0.15260492485596538,0.07409837410042441,-0.029070045585330682,-0.008583984308257984,0.0002528721492082368,0.2068460008611322,-0.1626207122793349,-0.0587415168228323,-0.13547112815150458,-0.19295511861070674,-0.08993363814678887,0.28005248805691674,0.07258797558758603,0.1709074009527129,-0.025868137425761523,-0.049580027200841995,-0.1613973578277599,-0.26522187822497423,-0.09559592397433006,-0.2575742043070278,-0.0572687074132546,-0.17278002173333606,-0.05237870679816018,-0.14568852985599956,-0.11529603127413392,-0.36006602013409056,-0.09083577662504527,-0.23737860428242402,0.20983946035716483,0.13170196625181965,0.016754488480648446,-0.006116772257874917,0.11096986720794975,0.05954797394733425,-0.11517301239073531,-0.005846814152639097,0.008460965424859383,0.11713789733390742,0.017345662559202838,-0.03736698583232526,0.13611356009814174,-0.017680547297343474,0.3104073975355217,0.15621689596019656,0.01556530594112863,0.014765683199037719,-0.04601931396469358,-0.08375877363842016,-0.003605136721820133,0.01037800969115426,-0.034100151039851284,0.3295368339040043,0.3927446196324469,0.6430812129661904,0.6150465763161312,0.3655745323573835,0.23033577320785406,-0.011478345259330641,0.16070025082183448,0.3695931492150712,-0.07840403501937547,-0.05962998653626665,-0.04001530901660071,0.06037835141027481,0.13887123340099372,-0.14607808965342847,-0.09269472864084637,-0.19109616659490566,-0.0642602806197418,-0.16500591174078555,-0.1016546039817112,-0.1143528865014113,0.008498554528120067,-0.1933754331289853,-0.22254457725927596,-0.06809778634353707,-0.13638010101217204,-0.02910080030618033,-0.10420382862102666,-0.07170975744776824,0.23465852008283272
#54,0.3733383907763175,0.21360862225684976,0.43062418414559966,0.4561266821123709,0.25517191888954954,0.40706606797476746,0.3998182054278665,0.3809040521053315,0.10933986700291828,0.35263362926209174,0.31585781750832087,0.6537223463801694,1.0,0.39209535330339873,-0.13822880145435656,-0.15607337392956486,0.3985299243433867,0.016839918260786364,-0.27586642883015877,-0.29923659948468756,-0.03822470082490996,-0.2588180619058359,-0.014441050034513632,0.08061154053813926,-0.0806149577293448,-0.19392560091307348,-0.012055850573062965,-0.08617472782072048,0.15253316384064955,0.17034356440380266,-0.10164435240809465,-0.016945851188157383,0.0015309016600714876,-0.16092236825019307,-0.051531243379192036,0.17157375323778867,-0.20869470130331672,-0.20269753073763488,-0.27703169103124,-0.30726699881765185,-0.1635023476103582,0.07988367881136421,-0.022509038470738593,0.003974193372015938,-0.1983611150978342,-0.13116546723255354,0.16750387851201826,0.011129791756367935,-0.15649710563904892,-0.11205311682009855,0.20890656715805878,0.03830329622263684,0.04242442881649,0.06646436894730008,-0.08020489478468278,-0.24115118337331448,-0.10632932155085806,-0.32623924439068064,0.1077713762395861,-0.09203862792938716,-0.10226286401629317,-0.0768355442560433,-0.12045598999446415,-0.16717582815628865,0.10614821041696568,0.005986918992065282,-0.17185738010784654,0.1405422399004914,0.1190754447474354,0.13205735413719338,0.2857455286053076,0.04283107456994649,0.28991450187603796,0.16034144574525522,-0.032815287146577,0.013907968206453025,-0.16882291431734772,-0.1269896595794121,0.1143118802069451,-0.17979209808705637,-0.05461354984656811,0.5328494590586321,0.512465913517725,0.6545151347398492,0.4611191984636308,0.27387762354854805,0.2246974077187515,0.1497208154785093,0.0067523698221010255,0.29209808705636314,-0.18598404855145265,-0.25463541987028343,-0.2017373000088847,-0.011474928068125124,0.10280619741797033,0.05748740765040767,0.19408279170852727,0.07680137234398814,0.20632658779789365,0.06032709354219206,0.13513966060456947,-0.06766380306043644,0.010337003396688058,-0.03756860011345075,-0.07330558574074454,0.17943671020168261,-0.04542130550372816,-0.16214572270176805,-0.20252667117735906,-0.16173907694831158,0.12384584367033673
#58,0.14868540654323772,0.10189380736609736,0.22382602396134474,0.2472952931608335,0.2174222076422064,0.3469303371400843,0.577084999214046,0.1997519119184795,0.318536895413446,0.0931902213656463,0.21193078137494106,0.38980925238690806,0.39209535330339873,1.0,-0.031311723016149644,-0.20034308599703388,0.2937622591734498,-0.105297329806792,-0.24478024043357322,-0.21270990096979886,-0.1663044443988819,-0.3723132334146625,-0.03687149310752534,0.02272090432548063,-0.21452784669113376,-0.1398280469385384,-0.22494002829434318,-0.17842522160484967,0.09631695131869408,-0.0661841592684477,0.12172376793171086,0.009824424715860551,0.07870474784546094,-0.21015384194807235,-0.17198381618245068,-0.09517902664725703,0.017349079750408353,-0.13275104395191328,-0.1797818465134398,-0.20925512066102148,-0.046654911528919686,0.06256193659059998,0.07809990500208448,-0.018490421613050936,-0.12179211175582119,-0.1922306740751372,-0.13390947177058346,-0.15578632986830146,-0.10831470964126327,-0.08747667767002235,0.08230305018487004,0.16332465366767132,-0.07081103616071734,-0.09448191964133161,-0.23317887629084397,-0.1630171064591748,-0.1000006834382411,-0.1981389976694756,0.283274899363719,0.0085463952049973,0.07337392956485488,0.054900593907831516,0.12922450262782004,0.13564882209419146,-0.1405012336060252,-0.1513200609626911,0.36366090528229417,0.40908904516843336,-0.04321721717616987,0.09153288363097069,0.13038634763769572,0.06672065828771383,0.31494884464765344,0.15872169711384032,0.05578222923885483,0.16279840622202174,0.04699321345826584,0.12144014106165296,0.3487346140965972,-0.06643703141765595,0.033932708670780964,0.0536293987793793,0.0004784067687723399,0.26465804167606394,0.39737491371592204,0.288387017407172,0.26461703538159775,-0.1428932674498869,-0.07682870987363227,0.26228992817064084,-0.09836043165959309,-0.03752417662777903,-0.06301984021213923,0.09870215078014476,0.04590312946370601,0.053926694414259256,0.1737675899917304,-0.019918807536956924,-0.10678722517239729,-0.08655061885332732,-0.045018076941477185,-0.10238930009089729,0.027904783384249482,0.055102208188957,-0.15574190638262975,0.015524299646662429,-0.16829666687169814,0.1294432028649731,0.13390605457937793,0.10312399620008338,0.1757119717876694
#101,-0.3487277797141861,-0.12979517355914133,-0.1466180058639001,-0.03916101121522154,-0.3443366890150972,-0.24251805985552116,0.1258654036727971,-0.023404342566583972,0.14764658041676065,0.16514601658021172,0.15222903382335856,-0.18788058967051444,-0.13822880145435656,-0.031311723016149644,1.0,0.2474764042947259,0.07526705349271114,-0.05266916805062911,0.4724335185450967,-0.014222349797360562,0.5673220839398848,0.029182812895112733,0.3369897279232362,0.22217552060908016,0.26827684716270617,-0.02768608314709641,0.09990841927569215,-0.22738332000628764,0.09557883801830247,-0.05685522727738708,-0.21243310848215202,-0.027607487749369528,0.09610166827274653,0.13349599163471593,0.12066785584920618,-0.21379315058194767,0.2429178712265666,-0.14594823638761883,0.11013265536259816,-0.18786008652328132,0.18803094608355717,-0.2057422481017503,0.056684367717111245,-0.2178083502484298,-0.4004708889481202,-0.3136639807543791,-0.08253541918684518,-0.16390557617260917,-0.043008768512633355,-0.1369678578995209,-0.1119608526575496,-0.16500249454958002,-0.29690607508252514,-0.015131322658028008,0.06554172732181056,0.04736227010846165,-0.00217333360670863,-0.25333347002098155,-0.16005781887519735,-0.31724519713776067,-0.09768382780090078,-0.08181097465127564,-0.01895515961700121,-0.029753483826434023,0.0690853546019314,0.07938818608656428,0.1424456154019642,0.09553441453263076,0.15581366739794558,-0.017776228651097944,-0.0397863572058311,0.1957503810168194,-0.08972177229204682,-0.197711848768786,0.006191950464396285,-0.23897784976660585,0.0621347876899104,-0.06810120353474258,0.2688680212412605,0.06205619229218352,-0.37355709101347057,-0.3475010080714056,-0.41532200192729585,-0.37738434516364927,-0.29183154614233286,-0.23826707399585836,-0.19707283401335438,-0.2206275329929811,-0.08362208599019949,-0.33777568190050505,-0.3285595172192265,-0.42515326102556744,-0.3439813011297234,-0.1623405026004825,-0.16112398253131854,0.0868752520178514,0.07490483122492636,0.07479889829755534,0.009117066136318592,0.13000362222267786,-0.04066115815444337,0.04084226928833576,-0.1710475057921391,0.16169807065384537,-0.03863818096077748,-0.03487585344350358,0.017003943438651168,-0.014970714671368722,-0.013118597037978663,0.0452470287522468,-0.18322979243980617
#102,-0.08339313417942988,0.12308722722271202,-0.22574990261005065,-0.11036844155577881,0.1838072977535385,-0.21829359139961318,-0.01887998141047984,0.08570998981677021,0.1102625086284078,-0.15977760919634498,0.16275056554514453,-0.14422938921124392,-0.15607337392956486,-0.20034308599703388,0.2474764042947259,1.0,-0.31011351909184726,-0.15643901338855515,0.25228780951209345,0.5590388124577123,0.08259351143733897,0.5536225643969682,-0.17198381618245068,0.1387858036208558,-0.1786336702683862,0.3456728107764542,-0.31950054333340167,-0.1261080242483888,0.05198572980952576,0.09768041060969526,-0.07584114161523794,-0.09938900621245361,-0.12371599040452709,0.022348430484079307,0.12217141997963354,0.15231104641229096,0.17771786302530773,0.37100444918294956,0.06276013368051996,0.32610939112487103,0.07017885578769674,-0.0500926058816695,-0.001647086161059056,0.04044245791729031,-0.16924322883562626,0.08267894121747689,-0.1241465564964222,-0.3841093774561062,-0.14930733534264176,-0.13826297336641175,-0.23017174802998927,-0.15352414929024938,-0.1515250924350221,-0.027884280237016383,-0.027781764500850882,0.43100349236941204,-0.20773788776577204,0.3063101852801072,-0.4603981711192668,0.04047321263813995,-0.37666331781928525,-0.24931143597208838,0.11156445847770965,0.06739384495520062,-0.38136195572687076,-0.02887184849541071,0.0003963941798399388,0.04604665149433772,0.28378064366213546,0.058577491644967505,-0.016402517786480223,0.20610447036953505,0.10320259159781027,0.12924158858384763,0.14589014413712506,0.04570493237378604,-0.13341739623698903,-0.11706613631859157,-0.14956704187426104,0.4969689514007067,0.10571422713386505,-0.0633000498909916,-0.015302182218303843,-0.19123627143433183,-0.17388377449271797,-0.36897122041566716,-0.4879885729126088,-0.048343003984444945,0.02928191144007272,-0.1954838401027891,-0.07180885599272822,-0.4664260964057983,-0.2856669332075807,-0.4682337905535166,-0.5016710064994977,-0.35161872347405326,-0.06911269213157553,-0.12336401971035887,-0.173381447385507,-0.1835168365010696,-0.3536519522413357,-0.13223504807988026,-0.2875258852233818,0.06475919053574723,-0.16834792473978089,-0.06259269131144964,-0.2941723221181118,-0.35873673275514456,-0.195357404028185,-0.5023886166526562,-0.453587709046672
#201,0.5064789945256597,0.139951065821937,0.6580006697694762,0.6340359078451876,0.034872436252298064,0.392143193980276,0.2863845433607392,0.5617520622748925,0.11163280230182,0.6098182737716906,0.5175165221194786,0.26098456113013346,0.3985299243433867,0.2937622591734498,0.07526705349271114,-0.31011351909184726,1.0,0.392255961290058,-0.0031335643354588262,-0.2411170114612593,0.0585364853505013,-0.2753025922812485,0.16696396230154661,-0.18968144943582174,0.09081527347781218,-0.3631790813223163,0.15505163375911535,0.12906047744995525,0.20356891449504166,0.1013504739644202,0.14802247144936748,0.11218980446831922,0.2733411245292819,0.10664370314176559,0.08280879448328651,0.03455463747018501,0.10379376567636465,-0.19434933262255757,-0.18664014926291186,-0.3297897060532125,-0.015862601576008585,0.008990630061714473,-0.1791428317580082,-0.17631681463104587,-0.3744011372412332,-0.4999692452791504,0.39275487120606345,0.24934219069293803,0.12384584367033673,-0.08838906772189531,0.30366869647824274,0.11684401889023298,0.020964468045845036,0.12743047724492376,-0.0042988265365400255,-0.13991347671867632,-0.23255353030023443,-0.6295628045571662,-0.004090377873003506,-0.2626418988648091,0.25864378515435454,0.29111393598917434,-0.031875559565059906,-0.03684757276908672,0.4686951113662614,0.1306289682132874,0.0843772852466187,0.22193290003348848,0.29594584435377497,0.12533573903594203,0.41195265139865633,0.24699116314354252,0.10062261223764514,0.09792303118528695,-0.1762792255277852,-0.0802493182703545,0.025738284159951885,0.06194342498240146,0.3290755130912595,-0.15038716776358504,-0.23394774431208523,0.0343085997033878,-0.07254013491070879,0.11346441678797696,0.14086687306501547,0.18127857626145613,0.36046583150513606,0.11696703777363159,-0.019252455251881163,-0.06984055385835058,-0.21603824520397213,-0.08306508382370027,-0.21062199714322816,0.1738256822422242,0.09064441391753635,0.5184254949801461,0.19430149194568033,0.357390359420171,0.5325316602765191,0.2140426055399504,0.2614356303692617,0.2114489574149632,0.19763325337105914,0.02568360910066362,0.30584544727615687,0.31271058440803995,0.2438781019553168,0.14244219821075868,0.0705786671587422,0.10914508710420383,-0.03802650373498999
