,#10,#11,#12,#13,#17,#18,#26,#49,#50,#51,#52,#53,#54,#58,#101,#102,#201,#202,#301,#302,#401,#402,#501,#502,#601,#602,#701,#702,#801,#802,#901,#902,#1001,#1002,#1101,#1102,#1201,#1202,#1301,#1302,#1401,#1402,#1501,#1502,#1601,#1602,#1701,#1702,#1801,#1802,#1901,#1902,#2001,#2002,#2101,#2102,#2201,#2202,#2301,#2302,#2401,#2402,#2501,#2502,#2601,#2602,#2701,#2702,#2801,#2802,#2901,#2902,#3001,#3002,#3101,#3102,#3201,#3202,#3301,#3302,#3401,#3402,#3455,#3501,#3502,#3601,#3602,#3701,#3702,#3801,#3802,#3901,#3902,#4001,#4002,#4101,#4102,#4201,#4202,#4301,#4302,#4401,#4402,#4501,#4502,#4601,#4602,#4701,#4702,#4801,#4802
#10,1.0,-0.11887383046630991,0.6100711459208988,0.6285410643867166,0.22573281665402306,0.3956868212603968,0.14647106664206289,0.6799834607945653,0.20039434386511662,0.44984246748542567,0.5100909656298909,0.04772790956745194,0.19745555942837226,-0.04327530942666366,-0.11666974213875163,-0.0780623158988238,0.5620425235273615,0.12865383169649874,0.004602956553831013,-0.24268208503338595,0.0021425788858589795,-0.19244253992987922,0.1832742159254779,0.3379533758431919,0.2406420218836925,0.38822709285875384,0.3646928970263602,0.3457172342621259,-0.28326464779010246,0.11135259262296762,0.23338390776317497,0.4132306809095196,0.4211790676535515,0.4956054921097055,0.01742767514813524,0.24761992632535762,-0.051350132245299655,0.2586642883015876,0.04459434523199311,0.2112063368393715,-0.3771588105440852,-0.4071139086516447,-0.28194561198477297,-0.30802561526527655,0.07024036522939604,-0.009537380654597147,0.21021193419856615,-0.06910244055795899,-0.019768451123914187,0.03443161858678641,0.46120121105256323,0.3642247418312044,0.33606708629774673,0.13716605498944087,0.05082388479965008,0.08740149946350098,-0.05047874848789289,0.09100663618532111,0.0019272958399114263,0.15082115104668567,0.01708253883637805,-0.0497440523787068,0.02271065275186408,-0.06173155912765943,0.03424367307048298,0.16207737887765772,0.0015719079545376882,-0.14771150704966546,0.1391343571238185,0.2708670780964878,0.2502272432151669,-0.0037725790908904517,0.037011597946951524,0.3571374872709628,-0.08287372111619133,-0.019689855726187304,-0.11543955330476562,-0.09983324106917078,-0.05138088696614931,-0.12241062336401971,-0.19503618805486642,0.24283244144642868,0.13884047868014407,0.12297104272172445,-0.1333456352216732,-0.02259446825087651,0.03971801338172076,0.08124713810236538,-0.0940718566966696,0.06448923243051141,-0.11481420731415605,0.0632590435965254,0.13394706087384414,-0.01721922648459872,-0.00999186708493087,0.17711302018193126,0.22052843444802112,0.3156254485063457,0.4784067687723399,0.27659770774813935,0.3379226211223423,0.24340311237774997,0.3113642110730664,0.21377606462592008,0.15047601473492847,0.2699239333237652,0.17343270525358975,-0.08004086960681799,0.08967051442396408,-0.11518326396435186,-0.16733985333415347
#11,-0.11887383046630991,1.0,0.019648849431721103,-0.07297411819380942,0.06728107764541857,0.060439860851974114,0.07438200097048231,0.04304294042468852,-0.041139564923215716,-0.05372508013313377,0.108670097526637,0.09153288363097069,0.10222185772182697,0.2741202441241397,-0.12689739541686315,-0.14990534380360718,0.19347111448273976,0.2082812211674492,-0.0644038026503735,-0.09642971862847614,-0.027846691133755697,-0.16346475850709752,0.16808138382575058,0.1763646553079231,0.3962540750005126,-0.018053021138744796,0.14580813154819264,0.08801317668928847,0.365670213711138,0.21021193419856615,0.2177707611451691,0.1690074426424456,0.17749574559694914,0.07944969552826359,0.21908979695049857,0.057607009342600754,0.001920461457500393,-0.03574723720091034,0.023530778641188087,0.06426711500215283,0.11189592602464478,0.04078759422904749,-0.15951448547352018,-0.15945297603182088,0.09742753846048702,-0.1921930849718765,0.02348977234672189,0.10360240296885571,0.1921691646334379,0.18529377592793828,0.17347712873926147,0.005836562579022547,0.059202837635577064,0.029630464943035423,-0.07276908672147842,0.012506919812191172,-0.10105659552074577,-0.19788270832906185,0.0219383675394173,-0.15259467328234885,-0.10638399661014633,0.02153172178596081,0.18471627061420595,0.27890431181186315,0.14090446216827615,0.1307895761999467,0.0292579911016341,0.32636568046528475,-0.021090904120449155,0.12581414580471437,0.07097164414737663,0.3812491884170887,-0.1910449087268229,-0.29064236360281304,-0.21997143228152188,0.019884635624901757,-0.06678216772941313,-0.01958050560761077,0.34144232806402447,0.24400112083871542,-0.22697325706162563,0.05085463952049973,0.20001161845009877,-0.2516487947566618,0.001001237023216397,-0.042229648917775545,-0.07365072205250173,0.11421619885319063,0.1359256145818383,-0.21155830753353974,-0.09295443517246564,0.02452859847319897,-0.20191499395157156,-0.13096043576022254,-0.011580860995496142,0.0069574012944320284,0.173275514458136,0.22664862389710153,0.11931123094061605,0.08850183503167736,0.041013128848611594,0.24406604747162022,0.06492321571361204,0.015486710543401746,0.06973803812218508,0.06441405422399005,0.15265959991525366,0.006048428433764583,-0.2477190248703176,-0.17216151012513753,-0.14854188451260603
#12,0.6100711459208988,0.019648849431721103,1.0,0.6636697899794285,0.19857298095257622,0.3051654262262591,0.1866298976892953,0.42291500078595395,0.19755807516453774,0.47115890622543893,0.34836897463760685,-0.029712477531967825,0.2640121925382213,-0.06276355087172547,-0.06526835202536922,0.02477463623999617,0.6504315912492568,0.32882605813325677,-0.17457062992502684,-0.3447091628564985,-0.11842617841838722,-0.2789248149590962,0.28291951147834526,0.3885278056848393,0.27491986686623066,0.35922197390632793,0.365868410801058,0.349011406584244,-0.17226402586130304,0.11980330647421046,0.20045243611561042,0.3210416965670897,0.5034957866032436,0.5125035026209857,0.10461730875689418,0.1457978799745761,-0.09132101777622866,0.301778989741592,0.13928129634565573,0.24836487400816026,-0.4322883562626863,-0.36022662812074985,-0.4127351881847197,-0.35728442649279996,-0.021224174577464307,-0.056684367717111245,0.1872791640183435,0.04386648350521805,0.14424647516727152,0.06093193638556852,0.41235246276970183,0.3865458347856396,0.42910011686793925,0.25785783117708566,0.20258476342785284,0.16790368988306373,-0.0056110279594584435,0.03210109418462401,0.14400727178288533,0.19503960524607195,-0.01591727663529685,-0.03860742623992783,-0.050622270518524595,-0.11413418626425822,-0.08312317607419406,0.12837362201764638,-0.07823317545909964,-0.03127755110409448,0.3751016614383641,0.4148914358354007,0.39124105550201954,0.10847531762792255,0.014895536464847354,0.3197499982914044,-0.11056663864569878,0.09536355497235492,-0.08767829195114783,0.08174604801837082,-0.03474600017769394,-0.18598746574265818,-0.3541987028342184,0.16438056575017598,0.12943295129135657,-0.2753470157669202,-0.24303063853634865,-0.08580567117052468,0.018135033727677198,-0.05141164168699895,-0.11665265618272405,-0.25048694974678615,-0.18654446790915738,-0.010999938490558301,0.16584995796854818,-0.02002474046432794,0.09868164763291165,0.24082313301758487,0.4122670329895639,0.5504514109582488,0.5441911166697422,0.32496804926222844,0.5224372774554228,0.40647147670500755,0.2921732652628845,0.36392744619632444,0.3405162692473295,0.4132306809095196,0.42847477087732966,-0.09741045250445944,0.03264784477750668,-0.2627751693218242,-0.10812334693375433
#13,0.6285410643867166,-0.07297411819380942,0.6636697899794285,1.0,0.09247944559489882,0.3377210068412168,0.1359392833466604,0.40011208387154096,0.21424080262987036,0.33413637326662976,0.4590688837403208,0.011994341131363665,0.19790662866750047,-0.07371564868540655,-0.11298942721041014,0.0006014256521709415,0.4854598514205264,0.23542055372166293,-0.040534722079839255,-0.19943411313636644,-0.20199700654050395,-0.3111625967919409,0.2789179805766852,0.31219458853600696,0.22690149604630977,0.26779160601152274,0.2947088211373779,0.29725121139428234,-0.06602696847299394,0.1587011939666072,0.2380073674642391,0.37498889412858205,0.48619113033850697,0.4742036235895543,0.1911235041245498,0.25541453946514125,0.05999904318646246,0.37692644154211,0.19549067448520013,0.332034800675237,-0.2841428659299202,-0.2527115412215775,-0.3040685078492882,-0.28783001524067275,-0.1849315536601535,-0.08513931888544891,0.2542697804112931,0.02956212111892509,-0.026018493838804255,0.09886275876680403,0.3524866900402545,0.2390735311203603,0.23213321578195587,-0.036611786575906066,-0.013706353925327538,0.010172978218823256,-0.20938839111803662,-0.0784108694017865,0.06920837348533,0.22833671635262678,0.12393469064168017,0.08865902582713113,0.0244329171194445,-0.26544399565333276,0.07802472679556312,0.12883836002159665,-0.023370170654528802,0.0022245914747913804,0.2444077665921719,0.33307362680171404,0.2166635911945817,-0.15418708438411963,0.05508512223292942,0.2808247732693635,-0.10404322063436737,-0.025656271571019486,0.02327107210956882,0.05219076128185676,0.10104634394712922,-0.15656203227195375,-0.2543244554705814,0.14677177946814837,0.16082668689643861,-0.1832332096310117,-0.18463425802527356,-0.04712990110648651,0.051377469774943785,0.04465585467369241,-0.042086126887143846,-0.15195907571812273,-0.12049016190651932,0.03816660857441617,0.18140159514485474,0.055068036276901836,0.17378809313896348,0.299735509400693,0.21634237522126312,0.4109206596545903,0.4989372535350843,0.35483771758965,0.46426984875511723,0.3719305079996446,0.24104525044594347,0.4463774356030317,0.4154996958699827,0.4774328692787676,0.44760079005460673,0.009086311415468942,0.0364750989276854,-0.08549470677082266,-0.014717842522160485
#17,0.22573281665402306,0.06728107764541857,0.19857298095257622,0.09247944559489882,1.0,0.47901502880692187,0.1749772756784833,0.31055433675735894,0.07818191759101689,0.14773884457930958,-0.0020366459584879614,0.49941907749506215,0.39097793177919477,0.0823543080529528,-0.09346017947088212,-0.07693122560979777,0.1473732051203193,0.08351615306282847,-0.252602191103001,-0.10930911228206863,-0.2904988415721813,-0.3181951762928943,0.041409523028451536,0.2758527600653367,0.05365331911781792,-0.10776795904838059,-0.1847026018493839,-0.12565695500926058,0.016112056534011304,0.08870003212159733,0.29696075014181345,0.24378925498397339,0.2372282478693813,0.22060702984574798,0.21655765826721068,0.15889597386532167,0.12116676576521163,0.20537319145155447,0.2991921759990159,0.17599901584893282,-0.25640210772353556,-0.42084418291541087,-0.25499080775565713,-0.31002125492929833,-0.024303063853634867,0.045889460698883944,-0.1523452183243461,-0.345440441774479,-0.2667356939290181,-0.2149242408709737,-0.02823966812239012,-0.19853880904052104,-0.03704576985900669,-0.0350843021070401,-0.08169820734149359,-0.2465127563747702,-0.12345286668170231,-0.24994361634510898,0.23957244103636574,0.3866722708602437,0.07645965322343647,0.10737498205974617,0.08971152071843028,0.15803142449032592,-0.020318618908002378,0.15738215816127776,0.07785045004408177,0.07494242032818704,-0.09316288383600216,0.138925908460282,0.20344589561164306,0.12656592786992804,0.21510193481366055,0.1038826126477081,-0.02855404971329766,0.07224625646703435,-0.0004852411511833733,0.06821055365331911,0.13538228118016116,0.0918848543251389,0.04884874828286142,0.1720555771977665,0.30939249174748323,0.27853525516166733,0.10530758138040856,0.22152283708882647,0.177164278050014,-0.0893868875539062,-0.17188130044628516,-0.019372056944074248,-0.17854482329704277,0.19591440619468423,0.06001612914249004,0.23982873037677951,0.11730192251177222,0.01249666823857462,0.08385103780096911,0.03388486799390373,0.20931663010272078,-0.14349811029326334,0.02294643894504473,0.363619898987828,0.2337768847518094,0.08927070305291862,-0.0084438794688318,0.09465277920160745,-0.007046248265775463,0.058772271543681955,0.0303412407137829,0.11232649211653989,0.041720487428153555
#18,0.3956868212603968,0.060439860851974114,0.3051654262262591,0.3377210068412168,0.47901502880692187,1.0,0.31023653797524586,0.3733588939235506,-0.04752971247753197,0.3810270709887301,0.2991340837485221,0.4718662648049809,0.6170593019361805,0.25643627963559074,-0.19080570534243674,-0.05691331952788086,0.40463644502764506,0.11174556961160205,-0.3216328706456441,-0.22569864474196788,-0.20520916627368968,-0.5032394972628298,0.19526172267443054,0.389894682167046,0.24665969559660741,0.08182122622489219,0.10817118761063156,-0.041450529322917734,0.1299489471633896,0.2909977514881868,0.4383538706524785,0.5980392156862745,0.4697407718751495,0.436829803374818,0.3622359365495937,0.48718553297931233,0.23198969375132417,0.29442519426732006,0.27580150219725397,0.3477538802206139,-0.3796157710208517,-0.43689473000772283,-0.3587162296079115,-0.4962786787771923,-0.019717193255831437,-0.006502914864098305,-0.004910503762327517,-0.22117428358586377,-0.12685297193119144,0.019867549668874173,0.18007914214831977,-0.008344780923871814,0.02383149146727356,-0.03324585323847211,-0.033765266301710645,-0.31978417020345956,-0.13609647414211415,-0.27971076893636504,0.1576726194137467,0.29633540415120385,0.2835653606161879,0.298710352039038,0.21427839173313104,0.10095066259337475,-0.05778128609408211,-0.024330401383279,0.1768328105030789,0.10923735126675278,0.10244397515018555,0.06769114059008058,0.3376321598698734,-0.006813879263800326,0.12720835981656517,0.019590757181227318,-0.14332725073298752,-0.07091355189688284,0.07506543921158565,0.16819756832673816,0.2618525276963347,0.046015896773488066,-0.031082771205380024,0.38216157846896165,0.20969593832653313,0.2935025526418305,0.21754864371681054,0.29677280462551003,0.33417396236989044,0.24353638283476514,-0.12229785605423765,-0.007350378283066451,-0.20889973277564772,0.34026681428932676,0.2347610358189982,0.30938907455627773,0.12073961686452203,0.3803709702772709,0.13912068835899644,0.16583628920372612,0.33425597495882287,0.13809553099734143,0.1754044245791729,0.4835906478311087,0.33088320723897785,0.24516980023100213,0.18556373403317408,0.33400993719202565,0.2856464300603476,0.24044382479377252,0.14037138034021557,0.002826017126962322,-0.05691673671908638
#26,0.14647106664206289,0.07438200097048231,0.1866298976892953,0.1359392833466604,0.1749772756784833,0.31023653797524586,1.0,0.32690217948455086,0.25053137323245783,0.29427483785427727,0.2902733069526172,0.11386081096781689,0.3162918007914215,0.3260718020216103,0.05168843417464581,0.2511943083263281,0.2058891873235875,-0.11734634599744394,-0.13285014249687327,-0.12501110587141792,-0.20029866251136216,-0.4192175999015849,0.031489416958836516,0.24204990466036536,0.31141205174994363,0.09408552546149167,0.003041300172909875,-0.20528092728900552,0.13855685181008617,-0.05349954551356967,0.19633130352175726,0.14078486047608307,0.2523834908658479,0.1894114913305859,0.3765710536567363,0.040657740963237855,0.03404547598056302,0.18409092462359639,0.21223832858343755,0.20454964837102496,-0.2482281863599396,-0.290331399203111,-0.23347958911692945,-0.3287098736322692,-0.1542212562961748,-0.1391138539765854,-0.18920987704946043,-0.3569222042250152,0.02468578926865274,0.009356269520704761,0.14286934711144827,-0.03473574860407739,0.12983959704481304,-0.03950614752697872,0.16202953820078048,-0.13180448198798517,-0.051879796882154744,-0.1741605669803648,-0.014116416869989544,-0.060562879735372714,0.25940240160197925,0.19228193194321996,0.12629938695589774,0.022321092954435174,-0.3252140870290256,-0.18714247637012282,0.1576760366049522,0.2702314805322617,0.26895686821260395,0.39834539601828883,0.26682795809156706,0.04707180885599273,0.1564526821533772,0.02096105085463952,-0.08402531455245046,-0.05274434625715047,0.26772667937861794,0.3801488528489123,0.17393844955200624,0.09155680396940931,-0.1716215939146659,0.25664814549033277,0.24820426602150097,-0.1869306105153808,0.11386081096781689,0.29569297220456675,0.356881197930549,0.20702711199502458,-0.023018199960360582,-0.3432226846820987,-0.28095804372637867,-0.06609872948830979,-0.08253883637805069,0.24522105809908487,0.12389710153841949,0.07761808104210663,0.10286428966846412,0.06523759730451957,0.177574340994676,-0.011861070674348512,0.0973831149748153,0.12978492198552477,0.10144615531817468,0.062097198586649714,0.1916360828053773,0.14501534318851278,0.14644372911241876,0.2155393352879667,0.0414847012349729,0.06030659039495896,-0.05018145285301294
#49,0.6799834607945653,0.04304294042468852,0.42291500078595395,0.40011208387154096,0.31055433675735894,0.3733588939235506,0.32690217948455086,1.0,0.3699177823795953,0.3378269397685878,0.5090658082682359,0.08728189777130789,0.2637559031978075,0.14496408532043,-0.14193987110354772,-0.050191704426629485,0.443469405887137,0.10058502313438446,-0.06648828928573869,-0.2367840130126641,-0.11650571696088682,-0.23789801734566257,0.0597017475515825,0.22863059479630124,0.20015855767193597,0.10918951058987554,0.15069129778087603,0.1957879701200801,-0.07572837430545588,0.13321919914706906,0.3928881416630786,0.4097929865567698,0.44065364033379123,0.40900703257950094,0.08967051442396408,0.25470034650318824,0.004469686096815861,0.1774649908760995,0.04144711213171222,0.15329519747947976,-0.4258230305018487,-0.49144677041259166,-0.34282287331105327,-0.39385862396544535,-0.002101572591392779,-0.1099378754638837,-0.05045824534065979,-0.24069669694298074,-0.06260636007627171,0.1472296830896876,0.2895454452258422,0.19299612490517296,0.2287843684005495,0.06660447378672626,0.11530970003895598,-0.015227004011782475,0.0005057442984164736,0.039581325733500095,-0.09904386990069643,0.09193952938442718,0.11107921732652629,0.06345040630403434,0.10550919566153405,0.04876673569392902,-0.06282847750463029,0.015848932811186517,0.0013566249085901353,-0.04986023687969437,0.2436730704829858,0.2343065493886645,0.31387242941791565,0.06001271195128452,0.11757871499941908,0.1873850969457145,0.05941128629911358,0.11302018193125977,0.05647933624478024,0.09911221372480676,-0.09456734942146953,-0.11614691188430758,-0.20017222643675806,0.18892625017940254,0.11624601042926756,0.0829283961754796,-0.015999289224229253,0.11562749882106903,0.1743826844087234,-0.126354062015186,-0.17201457090330033,-0.07082812211674493,-0.17940595548083296,0.01927637559031978,0.0266814289326745,0.10025697277865486,0.11777691208933905,0.04607740621518736,-0.029244322336812033,0.20386621012992162,0.4206528202079019,0.17366165706435938,0.3385001264360746,0.3376424114434899,0.4463808527942372,0.18791817877377512,0.09758131206473528,0.19664226792145928,0.11147219431516071,0.03465031882393947,0.060549210970550646,-0.09811781108400139,-0.19664226792145928
#50,0.20039434386511662,-0.041139564923215716,0.19755807516453774,0.21424080262987036,0.07818191759101689,-0.04752971247753197,0.25053137323245783,0.3699177823795953,1.0,0.13838940944101585,0.05914132819387776,-0.06482069997744654,-0.018005180461867564,-0.07283743054558875,-0.18518100861815623,-0.13120647352701972,0.07675353166711091,0.09616659490565135,-0.02057832543962165,-0.07612818567650134,-0.14270190474237796,-0.11180707905330135,0.05907981875217846,0.11074433258838565,0.02959971022218577,0.07829810209200445,0.02741954223306611,0.2421763407349695,-0.04382206001954633,-0.050970824021487296,0.13713188307738572,0.06938265023681135,0.20406099002863606,0.09147137418927138,0.02078335691195265,0.011474928068125124,-0.1825019307130311,-0.02486006602013409,-0.05472973434755568,0.08138382575058604,-0.1483539389963026,-0.22685365536943253,-0.16493756791667522,-0.2108953724396695,-0.08610980118781567,-0.17152932975211696,-0.01094868062247555,-0.053072396612880074,-0.025994573500365638,0.1536095790703873,0.1621593914665901,0.24262399278289218,0.2006506332055304,0.022047717657993834,-0.09172082914727411,0.12888278350726837,0.02727260301122889,0.03615730014557234,0.11598630389764829,0.18561499190125685,0.035993274967707545,0.060767911207703716,-0.02853012937485904,-0.18021582979654044,0.045411053930111606,-0.15132347815389663,-0.1092407684579583,-0.05353030023441931,0.15137131883077384,0.14644372911241876,0.09661424695357404,0.035002289518107695,-0.0902275165904633,0.060207491849998976,0.02432014980966245,0.14596532234364643,-0.07448451670664781,-0.0004852411511833733,-0.24136304922805651,-0.0041963108003745244,-0.008966709723275856,0.04475153602744688,0.08809177208701535,-0.09430080850743923,-0.08132915069129779,-0.023182225138225383,-0.04303610604227749,0.003027631408087808,-0.06502914864098305,-0.14820358258325986,-0.052136086222568497,0.02772025505915158,0.0690853546019314,0.03166369371031787,0.05478099221563843,0.012301888339860168,-0.04928614875716756,0.13045127427060055,0.2568190050506086,0.12562961747961646,0.24922942338315598,0.061946842173606985,0.2729173928197978,0.15318584736090324,0.26208489669830987,0.15469624587374162,0.10196556838141321,0.01115712928601207,0.16277448588358312,-0.07554384598035799,-0.0782058379294555
#51,0.44984246748542567,-0.05372508013313377,0.47115890622543893,0.33413637326662976,0.14773884457930958,0.3810270709887301,0.29427483785427727,0.3378269397685878,0.13838940944101585,1.0,0.5332014297528004,0.14329649601213787,0.4259597181500694,0.2737033467970667,-0.10815410165460398,0.14899637094293974,0.6937957476472638,-0.021808514273607665,0.02613809553099734,0.02628503475283456,-0.1373540005057443,-0.13869695664951237,0.025188116375863694,0.2457951462216117,0.10013395389525626,0.2797381064660092,0.13333880083926217,0.0742589820870837,-0.03965650394002146,0.10034581974999829,0.3137323245784895,0.25602963388213423,0.3566317429725463,0.2945994710188014,0.23391357240003008,0.35199803169786564,0.17868151094526344,0.18725182648869934,0.13517041532541912,0.09173791510330169,-0.38956663181131634,-0.27944081083112926,-0.11597946951523726,-0.1470827438678504,0.16765423492506099,-0.027956041252332232,0.07429315399913887,-0.1556735625585194,-0.1161332431194855,-0.10357506543921159,0.074115460056452,0.04125233223299776,0.0037213212228077008,-0.060761076825292686,0.008717254765273135,-0.18868704679501636,-0.05065644243057976,0.05668095052590573,-0.029117886262207914,0.1211189250883344,0.1687169813899767,0.029719311914378856,0.26958563139441905,0.26834177379561097,-0.08833780985381257,-0.011433921773658923,0.21565893698015978,0.17391794640477312,0.23239633950478064,0.14836077337871365,0.17525748535733568,-0.13411450324291446,-0.21416220723214346,0.21091587558690258,-0.19207348327968343,-0.14620110853682708,0.12347678702014092,0.08182806060730322,0.08969101757119718,0.09332690901386696,-0.18375262269425024,0.3140808780814522,0.17595459236326108,-0.029439102235526485,0.11452032887048162,0.13900450385800886,0.16351601637518026,0.21178384215310384,0.023059206254826783,-0.30528502791845213,0.04348034089899466,0.27136257082128773,0.27755793847688953,0.06319411696362058,-0.21305503728155606,-0.053212501452306264,0.21667042557699273,0.18704337782516284,0.20871862164175534,-0.05057442984164736,0.15980152953478358,0.23598780746177872,0.1202612100957497,0.23290891818560816,0.2433450201272562,0.29588091772087016,0.27474217292354375,0.12228077009821008,0.10709477238089381,-0.17796390079210492,-0.26893294787416533
#52,0.5100909656298909,0.108670097526637,0.34836897463760685,0.4590688837403208,-0.0020366459584879614,0.2991340837485221,0.2902733069526172,0.5090658082682359,0.05914132819387776,0.5332014297528004,1.0,0.03468790792720016,0.360763127140016,0.24417539759019677,-0.264162548951264,-0.06593128711923947,0.45815307649724235,0.1683103356365202,0.06418510241322042,0.016857004216813947,-0.10991395512544509,-0.12746464915697894,-0.008324277776638715,0.16124358422351165,0.13287064564410636,0.1117148148907524,0.22048059377114387,0.2419952296010771,0.017543859649122806,0.19706599963094334,0.37944491146057585,0.33695897320238655,0.35614991901256843,0.2012076353720296,0.19674136646641927,0.22923543763967769,0.1273347958911693,0.05507145346810736,-0.006632768129907941,0.0649983939201334,-0.17002234843048408,-0.1580075041518873,0.0046097909362420465,-0.054377763653387465,0.12216458559722251,-0.1845624970099577,0.001062746464915698,-0.06302325740334475,-0.039318202010675304,0.18471968780541145,0.3002856771847812,0.2308927753743533,0.2478181234152776,-0.0010456605088881143,0.034564889043801554,-0.10862567404096529,-0.1337727841223628,0.04375029900423048,-0.06859669625954251,-0.057220866736377364,0.0916183134111086,0.07655533457719094,0.20402340092537538,0.18315803142449033,0.11686452203746608,-0.007657925491562955,0.1068282314668635,0.19023845160232095,0.15627498821069033,0.05596675756395273,0.11121590497474695,-0.14772859300569305,-0.2228179525557173,0.12372965916934917,-0.31191779604836006,-0.20412249947033537,0.16793102741270785,0.08892556674116144,0.06119164291718779,-0.024877151976161672,-0.19972799158004087,0.23523602539656505,0.08648227502921699,-0.0563904892734368,0.270392088518921,0.009674068302817815,0.07958638317648425,0.17261941374667678,-0.017673712914932443,-0.16663932913702253,0.018729624997437105,0.14209022751659045,0.12117018295641714,-0.008583984308257984,-0.024887403549778225,-0.044895058058078585,0.046603653660836936,0.35048763318502724,0.24355688598199823,0.21051948140706264,0.3465817836371216,0.2927097642821506,0.1315447754563659,0.46866777383661723,0.3800292511567192,0.3361115097834184,0.2917392819797839,0.14280783766974897,0.01680232915752568,-0.12279334877903758,-0.18651713037951326
#53,0.04772790956745194,0.09153288363097069,-0.029712477531967825,0.011994341131363665,0.49941907749506215,0.4718662648049809,0.11386081096781689,0.08728189777130789,-0.06482069997744654,0.14329649601213787,0.03468790792720016,1.0,0.5001469392218372,0.33293352196228787,-0.09926257013784949,0.06276013368051996,0.09600598691899206,-0.056342648596559575,-0.3222616338274592,-0.021234426151080857,-0.3086031205790089,-0.5474101107853389,0.22851099310410813,0.378453926010976,0.09081185628660667,-0.022509038470738593,-0.12082846383586547,-0.2581585440031712,-0.013012664110607645,0.14953628715341138,0.09466303077522399,0.23938791271126786,0.20154252011017024,0.09541139564923215,0.07974357397193803,0.18377312584148334,0.044727615689008265,0.06641311107921732,0.09788885927323178,0.026103923618942173,-0.23660973626118276,-0.3123483621402552,-0.24039598411689528,-0.2500324633164524,0.02640121925382213,0.020034992037944493,-0.13076565586150807,-0.4249208920235923,-0.1955829386477491,-0.2809443749615566,-0.163256309843561,-0.3650004442348567,-0.18772681606626618,-0.2308722722271202,-0.13037609606407918,-0.36196256125315235,0.04692145244294999,-0.3169547358852917,0.2064803614021419,0.2562312481632597,0.35045346127297206,0.42388548308832075,0.09833651132115447,0.05629480791968234,-0.14306412701016272,0.1046617322425659,0.14398676863565224,0.07181227318393374,-0.18781908022881513,0.011693628305278194,0.09520978136810668,0.09026168850251846,0.16200561786234188,-0.09348409980932074,-0.23676692705663652,-0.11106213137049871,0.2698453379260383,0.30013190358053293,0.29643108550495834,0.016747654098237412,-0.1738290994334297,0.2328337399790868,0.5265515756668648,0.25077741099925505,0.453184480484421,0.43587640702847885,0.3911624601042927,0.11800586390010867,-0.0985688803231296,-0.17955972908508122,-0.132901400364956,0.2617055884744975,0.148740081602526,0.2755076237535795,0.10933303262050725,0.16508792432971794,-0.0677389812669578,0.004090377873003506,0.0844627150267566,-0.1895105898755459,-0.13561123299093078,0.3560337345115809,0.006116772257874917,0.04582111687477361,0.007497317504903669,0.11127058003403523,0.047034219752732045,0.36464505634948297,0.33321373164114026,0.2681469938968965,0.19989885114031672
#54,0.19745555942837226,0.10222185772182697,0.2640121925382213,0.19790662866750047,0.39097793177919477,0.6170593019361805,0.3162918007914215,0.2637559031978075,-0.018005180461867564,0.4259597181500694,0.360763127140016,0.5001469392218372,1.0,0.46193932435295487,-0.28849636752574853,0.0439382445205339,0.32218987281214334,-0.10411498164968323,-0.15524983084903532,-0.08762703408306509,-0.40316021842686184,-0.5590319780753013,0.1261080242483888,0.3916887075499422,0.15612804898885313,-0.036792897709798454,-0.07351745159548657,-0.11552498308490353,0.23675325829181446,0.28852028786418715,0.12302913497221823,0.279591167244172,0.17623480204211348,0.1528714657699957,0.38030262645316054,0.39534851933105064,0.21490032053253508,0.13055037281556053,0.06621833118050287,0.19119526513986562,-0.1288246912567746,-0.12718785666933208,-0.05328767965882763,-0.1007148764001941,0.13186257423847894,0.10833862997970188,-0.16654364778326808,-0.3092831416289067,-0.1595589089591919,-0.012267716427805001,-0.10848556920153911,-0.18395081978417022,-0.1667145073435439,-0.09353535767740348,-0.26089571415879004,-0.3826536540025561,-0.24574047116232342,-0.3248894538645015,-0.006837799602238944,0.11410001435220306,0.348601343639582,0.306586977767754,0.28510651384987595,0.2358408682399415,-0.07002166499224298,-0.08618497939433703,0.15924452736828437,0.2775886931977392,0.005419665251949508,0.03045742521477047,0.08603804017249982,-0.033153589075923154,0.0587415168228323,-0.03223436464163916,-0.18668798993978908,-0.1592308586034623,0.3230202502750839,0.21452101230872272,0.3377244240324223,0.15249899192859437,0.07710891955248464,0.520243440701481,0.07580696970318278,0.22722612921083385,0.3635515551637176,0.3316589096426301,0.353091532883631,0.23573151812136497,0.06206302667459455,-0.1475748194014448,0.14552108748692924,0.17696949815129956,0.17550010593292736,0.2850313356433546,0.05575147451800518,0.25349749519884635,0.04274222759860305,0.16743211749670242,0.18267279027330696,0.029473274147581652,0.1912089339046877,0.21238868499648028,0.005904906403132881,0.162132053936946,0.08886747449066765,0.10429609278357561,0.18052337700503693,0.3785701105119636,0.17756067222985394,0.10622680581469256,-0.05254956635843602
#58,-0.04327530942666366,0.2741202441241397,-0.06276355087172547,-0.07371564868540655,0.0823543080529528,0.25643627963559074,0.3260718020216103,0.14496408532043,-0.07283743054558875,0.2737033467970667,0.24417539759019677,0.33293352196228787,0.46193932435295487,1.0,-0.119198463630834,0.3701569857639814,0.17358989604904354,-0.2111824165009329,0.0329383060299756,0.21029736397870408,-0.232266486238971,-0.24536458012971657,0.03453413432295191,0.3417157033604658,0.017017612203473233,-0.139130939932613,-0.1336531824301697,-0.23587162296079114,0.09279724437701187,0.05825285848044341,-0.053967700708725454,-0.00877534701576692,0.05050950320874254,-0.13941456680267086,0.18819838845262749,0.25803552511977257,0.2856669332075807,-0.05195155789747059,-0.03116136660310691,-0.02367771786302531,-0.053103151333729726,-0.06803285971063225,0.1384543360739207,0.0716414136236579,0.25065097492465094,0.11429821144212303,-0.19788954271147288,-0.28357902938101,-0.10357506543921159,-0.08960217059985374,-0.27293789596703094,-0.2986898488918049,-0.31602525987739116,-0.29984827671047504,-0.19821075868479146,-0.3454985340249728,-0.042229648917775545,-0.05561136967857899,-0.19405545417888312,-0.08323936057518162,0.2633014167674738,0.21639021589814036,0.4318065323027085,0.4403563446989113,0.017670295723726925,-0.1437954059281433,0.380398307806915,0.4237590470137166,-0.06825155994778531,-0.043664869224092566,-0.0015343188512770044,-0.15551295457186012,-0.08802342826290502,-0.15870461115781273,-0.08856334447337666,-0.11078533888285184,0.37807461778716367,0.34905924726112125,0.15693450611335508,0.2825880439314101,-0.09710632248716845,0.26077611246659693,0.16921589130598214,-0.010422433176825976,0.3453447604207246,0.3341261216930132,0.305561820406099,0.1440619468421736,0.08954407834935996,-0.1539376294261169,0.19009492957168925,0.2592520451889365,0.28757372590025904,0.11141068487346141,-0.01884239230721916,-0.07368147677335138,0.04738619044690027,-0.07064701098285253,-0.15967167626897397,-0.17745815649368846,-0.11978280332697736,0.038344302517103045,-0.2889371851912602,0.11861070674348513,0.003222411306802261,0.14259938900621244,-0.042215980152953476,0.3038395560385186,0.027146166936624774,-0.04593730137576118,-0.24421298669345745
#101,-0.11666974213875163,-0.12689739541686315,-0.06526835202536922,-0.11298942721041014,-0.09346017947088212,-0.19080570534243674,0.05168843417464581,-0.14193987110354772,-0.18518100861815623,-0.10815410165460398,-0.264162548951264,-0.09926257013784949,-0.28849636752574853,-0.119198463630834,1.0,0.5063320553038224,-0.06308818403624956,-0.13782899008331112,0.009626227625940582,-0.1016375180256836,0.37272671355053,0.13496538385308812,-0.014454718799335698,-0.2901502880692186,0.03445212173401951,0.000536499019266124,-0.009592055713885415,-0.19977241506571258,-0.09179259016258996,-0.31010668470943625,-0.2748549402333258,-0.34859450925717095,-0.18196201450255947,-0.21661575051770446,-0.0966894251600954,-0.2797483580396257,0.08622256849759771,-0.10813359850737088,0.08543661452032887,-0.20070530826481864,0.019939310684190022,-0.03069321140795112,0.10384160635324188,0.04366828641529808,-0.3095872716461977,-0.12097198586649717,-0.03360807550625688,-0.014256521709415729,0.06474893896213069,-0.2894258435336491,-0.04561266821123709,-0.11416494098510788,-0.004760147349284782,0.005775053137323246,0.37653688174468114,0.08563822880145436,0.06487879222794032,-0.1790437332130482,-0.23744011372412333,-0.23738202147362952,-0.2012076353720296,-0.30448540517636125,-0.11909936508587401,-0.16234733698289355,-0.2748788605717644,0.20581400911706613,-0.043319732912335374,-0.016788660392703613,0.19433566385773549,0.2708909984349264,0.10988320040459544,0.16361169772893472,0.46050410404663783,0.32027282854584843,0.2885886316882975,0.02311388131411505,-0.17517547276840328,0.047034219752732045,-0.028636062302230057,-0.20269069635522385,0.05169526855705684,-0.11127058003403523,0.06607139195866565,-0.023441931669844655,-0.2345730903026948,-0.23955535508033818,-0.20377736315857817,-0.02940493032347132,-0.1387823864296503,0.08107286135088403,-0.2688372665204109,-0.4040931116259679,-0.28283749888941284,-0.2883050048182396,-0.073910428584121,-0.06355292204019984,-0.08683766291459072,-0.09156705554302585,-0.04786801440687812,-0.12141280353200883,-0.20017222643675806,-0.1288725319336518,-0.11787259344309352,-0.1035374763359509,-0.06022457780602656,-0.14192278514752013,-0.15509605724478706,-0.3373143610877603,-0.13648603393954306,-0.001800859765307308,0.08585692903860742
#102,-0.0780623158988238,-0.14990534380360718,0.02477463623999617,0.0006014256521709415,-0.07693122560979777,-0.05691331952788086,0.2511943083263281,-0.050191704426629485,-0.13120647352701972,0.14899637094293974,-0.06593128711923947,0.06276013368051996,0.0439382445205339,0.3701569857639814,0.5063320553038224,1.0,0.09952569386067428,-0.17812109158755868,0.1954018275138567,0.26376273758021856,0.0606824814275658,0.06863086817159768,0.006584927453030707,0.027265768628817858,-0.06696669605451104,0.09279040999460084,-0.018999583102672926,-0.11589403973509933,-0.16151012513754195,-0.24386785038170025,-0.1635023476103582,-0.3243290345067968,-0.08175971678319288,-0.2915342505074529,0.001766687853252141,-0.0649744735816948,0.12101982654337441,0.016539205434700895,0.1261695336900881,-0.09160464464628654,-0.11561724724745248,-0.046589984896014874,0.22073688311155762,0.16991299831190754,0.010647967796390078,0.11886357889269336,-0.06009814173142244,-0.07867057593340578,-0.13961276389259084,-0.29448670370901936,-0.2925969969723686,-0.24833070209610508,-0.3080802903245648,-0.20755335944067416,0.09027194007613502,-0.05852965096809027,-0.057952145654357946,-0.0007722852124467772,-0.23057839378344575,-0.021401868520151177,-0.057272124604460115,-0.18815738215816127,0.15057511327988846,0.1382322186455621,-0.05647591905357472,0.23402975690101763,0.18692377613296973,0.19373423820556454,0.0012609435548356673,0.10407739254642254,0.01776939426868691,-0.1263916511184467,0.18053704576985902,0.22932770180222664,0.0581264224058393,-0.20217811767439636,0.05189688283818233,0.23554015541385603,-0.14840861405559086,0.10978410185963546,-0.16002022977193667,0.09255462380142018,0.27163252892652356,-0.22154334023605957,0.008102160348280128,-0.063177031007593,-0.028495957462803874,0.00612360664028595,0.0205680738660051,-0.13544379062186046,-0.013805452470287522,-0.10324701508348198,0.12471381023653798,-0.24664602683178535,-0.09972047375938874,-0.2375152919306447,0.04912554077050827,-0.16784901482377546,-0.2747490073059548,-0.24347829058427134,-0.24295887752103282,-0.055351663146959725,-0.28068808562114284,0.0793505969833036,0.04573226990343018,0.12944662005617863,-0.08610296680540463,-0.15339087883323424,-0.021777759552758014,-0.1922750975608089,-0.10617896513781531
#201,0.5620425235273615,0.19347111448273976,0.6504315912492568,0.4854598514205264,0.1473732051203193,0.40463644502764506,0.2058891873235875,0.443469405887137,0.07675353166711091,0.6937957476472638,0.45815307649724235,0.09600598691899206,0.32218987281214334,0.17358989604904354,-0.06308818403624956,0.09952569386067428,1.0,0.3317545909963846,-0.11891825395198163,-0.30808712470697586,-0.09938217183004258,-0.347781217750258,0.23366411744202736,0.2450194438179594,0.33979865909417095,0.2248853532350549,0.3230954284816053,0.14802247144936748,-0.0181760400221434,0.07520212685980632,0.3845194404007682,0.4260314791653852,0.6032196775538379,0.46600919907872523,0.21527962875634743,0.17469364880842542,0.00807824000984151,0.14261989215344556,0.0814555867659019,0.07729344787758254,-0.4484106643703142,-0.4172082914727411,-0.3421770241732106,-0.4230824431550243,0.13681750148647817,-0.19234685857612477,0.1944176764466679,-0.07145005091614896,0.07962397227974494,-0.08544003171153439,0.2007565661329014,0.11157812724253173,0.2225753319801256,0.04207929250473281,0.23314128718758328,0.010747066341350064,0.03770528776167142,-0.09477238089380054,0.03647168173647988,0.14086345587380997,0.19081253972484777,0.11521743587640702,0.04293359030611199,0.05606927330011823,-0.09953936262549634,0.02872832646477901,0.0023031868725182647,0.004592704980214463,0.34365666796519934,0.181965431693765,0.3915930261961878,0.0531783295402511,-0.019888052816107272,0.2705834512264299,-0.13234098100725128,-0.030925580409926257,0.03147233100280893,0.14048756484120312,0.11547372521682078,-0.10212959355927802,-0.3938449552006233,0.3109541481284044,0.3055789063621266,-0.21430572926277516,-0.07468271379656777,0.1304068507849288,0.17842522160484967,0.08894265269718901,-0.06345382349523986,-0.32150301737983444,-0.13380695603441795,0.21662600209132102,0.16195777718546464,0.08432944456974145,0.053554220572857934,0.2147841360315475,0.3351376102898462,0.47039345539540317,0.333575953908925,0.08461307143979935,0.2930036427258251,0.5626781210915875,0.3186599142968446,0.33342218030467674,0.33572878436840053,0.4010244739234139,0.43663502347610356,0.08948256890766065,0.014912622420874938,-0.22178596081165125,-0.11136967857899521
