,#10,#11,#12,#13,#17,#18,#26,#49,#50,#51,#52,#53,#54,#58,#101,#102,#201,#202,#301,#302,#401,#402,#501,#502,#601,#602,#701,#702,#801,#802,#901,#902,#1001,#1002,#1101,#1102,#1201,#1202,#1301,#1302,#1401,#1402,#1501,#1502,#1601,#1602,#1701,#1702,#1801,#1802,#1901,#1902,#2001,#2002,#2101,#2102,#2201,#2202,#2301,#2302,#2401,#2402,#2501,#2502,#2601,#2602,#2701,#2702,#2801,#2802,#2901,#2902,#3001,#3002,#3101,#3102,#3201,#3202,#3301,#3302,#3401,#3402,#3455,#3501,#3502,#3601,#3602,#3701,#3702,#3801,#3802,#3901,#3902,#4001,#4002,#4101,#4102,#4201,#4202,#4301,#4302,#4401,#4402,#4501,#4502,#4601,#4602,#4701,#4702,#4801,#4802
#10,1.0,0.24042663085480823,0.21592026165655362,0.5121556235805274,0.12530535666424167,0.2119333444842339,0.06768529471628683,0.4114073712826693,-0.39418124512567937,0.1893330216455102,0.3147806530531636,0.024001708909099338,-0.06660191083444339,-0.14888346569989702,-0.3610114807253997,-0.0781305985413816,0.2652577570971116,-0.05045030157812113,-0.1664054265924796,-0.13493973475634946,0.0110389885192746,0.13370883655130858,0.0617943948587631,0.15683069910100902,0.014782466753858648,0.18863978493540204,0.2269193487605371,0.4033916202997443,-0.2561191238616509,-0.2150182478442152,0.06993912011333614,-0.16102800555395458,0.21386070375617414,-0.12295318838506075,-0.12152157396976762,-0.06062798378954623,-0.19617268848884473,-0.15332662935817162,0.16931137815054925,-0.033252388543054234,-0.12830803892604736,-0.22750779387493122,-0.08646717302503108,-0.14177375897529942,0.03429546796500767,0.046252189035977775,0.10984698411802758,0.21819101492675672,0.08679363915014016,0.17822188814303247,0.1209645663340877,0.20240214580944454,0.26150702405974735,0.20904432079931806,0.256328707053079,-0.022720027084597045,0.04304234185033745,0.020909550746337838,-0.03520957311531307,0.2256110659925074,-0.00984194606054133,-0.09913647694685655,-0.203537925489145,-0.2877653796780883,0.29398758219590787,0.30203718892514053,-0.06878157602529508,0.022315370307301356,-0.12108144926776873,-0.0653694004510069,-0.058308059078277304,0.09825139100767195,-0.03867333839826046,0.1469657794983304,-0.10396898168766865,-0.07969118722832275,-0.1541327185559718,0.06783119686108867,-0.35357288960809957,-0.11278195488721804,-0.27434157626712186,-0.3108421012327119,-0.10127664376701603,0.07805643833518398,-0.006954534554021076,-0.20891857088446122,-0.1311833590946006,-0.11314953156141493,-0.16449902563968216,-0.02489727400785534,-0.04006303617526798,-0.024480525892592645,0.12264606840069887,-0.11248692624082318,-0.032959778164252766,-0.01540960414974719,0.30621031270215204,0.02813452822622087,0.24762778025202378,0.13769655981282608,0.16677542153426989,0.2207833977868821,-0.24823879586395634,0.24589710674434678,0.0016101631726058647,0.30689629460948004,0.08452691632592604,-0.08486386161060652,0.1448570501568851,0.07050821908698307,0.20096891921575583
#11,0.24042663085480823,1.0,0.14716047969572038,0.31952132801610567,0.2495217371064546,0.15667676763809485,0.42117080852174343,0.06998387216712632,0.26788687100092057,0.4782693422653505,0.11328296215269618,-0.045501729162439816,0.20936478344712045,0.18013678933399047,0.14643580536085996,0.3470363822387147,0.1408290508156746,0.12917380475588955,0.18260060146357984,0.26304670743732833,-0.2908588055891877,-0.17653518207241498,-0.2612849991405125,-0.13854822097086086,-0.20594091888947905,-0.15313803534661852,-0.2169109889930557,-0.16434348354338676,0.1980722775994457,0.14391355175265277,-0.04059466018194728,-0.012971993029745565,-0.14740915826335602,0.13092422780166194,0.3144824634252131,0.07758851919167935,0.1976365863002332,0.16098410613456496,-0.1722407410057088,0.15688554478239836,0.13616058428581465,0.1906905142830005,0.007273747342172385,0.2740534546067962,-0.35017610029686963,-0.30695520097924356,0.09391303787068461,0.05779499495085894,-0.16392794447818038,-0.40528681767811214,-0.2751453026452483,-0.3730617833235906,-0.23881646735771847,-0.2753782624703591,-0.29680613288907665,-0.17837185667973363,-0.3722794735994726,-0.36158226474433897,0.04503621255689823,-0.18265783380815726,0.11180540035536676,0.10052216453533484,0.27525170644080066,0.21060293670445704,0.31469970450779916,0.06859780151218473,0.2752033410791859,0.177912788789074,0.21960050614351376,0.20684011157083254,0.4248546368980639,0.2721377832421735,0.17599590829041095,0.13621136791551008,-0.1447039223703732,-0.18178121162889063,-0.10620469148038325,-0.08508313501855891,-0.039188034248319445,0.08339558694288562,-0.22602302312126724,0.09169427690660975,0.028003947419597688,-0.07969442764531988,0.16201710964971916,0.06458549172156434,-0.07024464207516563,-0.18033710254001137,0.06406233972676521,-0.29506497987094704,-0.14600938408929026,-0.24563437116667222,-0.389653117580837,0.19073968573397543,0.030636232225478326,0.01015471071568866,0.12283431498224132,0.0023755453446425464,0.23917195276558662,0.12057363737143371,-0.06287053660764272,-0.24128390688942897,0.18410637638851785,-0.08661672002642537,0.0342309877274917,0.0034154006193588293,0.07142314471984408,0.15021999186253096,0.04686039277913307,0.17708050152462085,0.002752392120557168
#12,0.21592026165655362,0.14716047969572038,1.0,0.3832861435282121,-0.027654905153529762,0.44623123071683496,0.005805857447155815,-0.12911009767785855,-0.07146585305396969,0.4309590647753127,0.3271500917934074,-0.24616311617962086,0.015137952090088528,-0.25588374581589324,-0.22177972403536314,-0.26689653643623934,0.5529743683787329,0.44001870126938897,-0.28483443935488684,-0.3442665898194965,-0.022808696896355066,-0.08454384419907984,0.2980720361611614,0.13030230360140502,0.14048965888320372,0.10981232228252218,0.5306311879941075,0.23028396507215507,-0.1673380717943344,-0.09287558214754253,0.16167529517978813,0.08156534461320818,0.08102848920747326,-0.07299661644059223,-0.1928540192615014,-0.15072457342767265,-0.34320577643519146,-0.3136658316926059,-0.361720033130266,-0.1615358417485687,-0.048329480898708845,-0.16809579564026658,-0.020746720728382198,-0.11399350695151172,-0.01912325708401263,-0.09141091807513961,0.3099215473688241,0.005929189094419243,0.17610187355281798,0.12151915570217423,0.32741529513948364,0.27357498544001385,0.24930767014023936,0.12818873772477293,-0.02931947934698714,-0.08651070184171229,0.00653536817116498,-0.20562489042224968,0.2622889305816135,0.32163563559125635,0.21396791361948156,0.020472650401130138,-0.3170272236474327,-0.1531726663213918,0.25576444461461884,-0.17730617081433145,-0.28056377878494143,-0.2727253674255325,-0.40275158547669093,-0.28355114535198894,-0.03650657063457357,0.10412536299204188,-0.4233286244289362,-0.1973423239148528,-0.31542552441140376,-0.17103157249865483,-0.19530291824441834,0.26475153308089305,-0.064053862880197,-0.07122563847302524,-0.008138679585589543,0.057979174685574834,-0.027388089629057904,-0.11233135102564774,-0.2975408233798111,0.006607916198966997,0.20866626496554977,0.16395169107437582,0.01594001084189971,-0.10051730774268827,0.022842552642662675,0.12661766987826037,0.09189618377221531,0.28762028362248426,0.2039643466747813,0.2996560014348388,0.16577506483979984,0.6429290863180466,0.31820572605461656,0.22541760458503535,0.5674976774554988,0.30789987566074123,0.2726697472708843,0.3167015636115214,0.680396112231799,0.11491244863700392,0.48226744830449214,0.009323630706355812,-0.1849212954659498,0.07388815109335924,0.10583910862656508
#13,0.5121556235805274,0.31952132801610567,0.3832861435282121,1.0,0.05262271196619262,0.41353383458646614,0.33572043214441893,0.07798147203978856,-0.2519766314741558,0.5709872375927758,0.3067882786569748,-0.08045213543104612,0.19184882603184455,-0.019713314376802366,-0.025876672383182562,0.12556572347513115,0.39539440936836867,0.03434544549527128,0.09189537768301752,0.11205405634160448,-0.15334436332052323,-0.10558760879685142,-0.2573830717238016,-0.07013741805599498,-0.14991042333789445,-0.027704076594595575,-0.03151768458938824,0.11308665660398651,0.0362067054529919,0.11950796315366277,0.02040574499771272,-0.15728936385455733,0.2600617061280916,0.11295284579715169,0.17362798580476924,-0.027786297692771193,0.059476888415087574,0.01629307791053619,-0.05125316641913011,-0.07122402629462964,0.07957511038383952,0.0812203384365497,0.10394318683333904,0.006159730604990095,-0.2436182925821657,-0.22059719118219026,0.20149126501593034,0.3540009229721315,0.03850889620190922,0.0023952940512632424,-0.08287443347043567,-0.006332233693319334,-0.017667459992785503,-0.09248221061901604,-0.02996596288362289,-0.24022223879183352,-0.1611158692765148,0.01907892217813362,-0.019971262920098425,0.05411317089292516,0.0834451446224782,-0.056275102121425245,0.11690429504476818,-0.006380599045187345,0.14369708780125065,0.14313201927359273,0.06162672830562066,0.13886216479284516,-0.016933112733589537,0.0834072584301816,0.025171344335107402,0.22592060424446267,-0.09989500688198652,-0.09738565120923456,-0.15974712981865008,-0.12476850125850676,-0.1863005140833859,-0.045621827283298035,-0.0891844997108155,0.09123841498681036,-0.10352724480727415,0.017741620198983118,-0.11363802161528185,-0.003567347744864708,-0.04655366639595505,-0.17821624551864787,-0.02172611910370942,-0.09236210332854382,0.056974787545115806,0.017975386066345172,-0.0626964086711015,-0.057479399382938716,0.02661424399916973,0.11727509607575626,0.1571644200288983,-0.19305554156095142,0.09775403397262925,0.03284773176575854,0.22088899547179394,0.15090836176477107,0.1523496492504378,0.1493147234207201,-0.0918582975799187,0.2671311083927992,0.20552654754011807,0.2572436182925822,0.2058288309892931,-0.03474849009417137,0.024273360968757998,0.150460982259992,0.22627689566989034
#17,0.12530535666424167,0.2495217371064546,-0.027654905153529762,0.05262271196619262,1.0,0.3056250919445491,0.06776993408205585,0.10978813960658816,0.10010942660860138,0.06119144013880856,0.13632701426576357,0.4888209534826076,0.394307801129734,0.1412884932782237,0.007570386701140415,0.18924677010134555,-0.11530743234392601,0.12314423152493939,0.2605824397498705,0.3452500186408127,-0.3527176289692336,-0.2520935144078368,-0.25815852953208535,-0.07719069853674658,0.006226636008407511,-0.08175235730709782,-0.3394953478577172,-0.11108191276905746,0.287613028819704,0.4162761500373824,-0.1594359793882992,0.04607484941246173,-0.03848310134757962,0.33099997380210106,0.32489304203956687,0.26504011301370556,0.2969346443030654,0.41803826102377356,0.0635718215399125,0.2943632197620828,0.1633487363544213,0.34683559609288567,0.04995536281067182,0.319099678974977,-0.10608093538590513,-0.07511340667401552,0.24164579231514863,0.31461540476761457,-0.2111111335024777,-0.22063104692849786,-0.16568639502804183,-0.2798866638587893,-0.31072360612063527,-0.1288537613129581,-0.33498447270682735,-0.10706678247481476,-0.29739330905661365,-0.10539334130018158,-0.2401545272992183,-0.21620158678658588,-0.10319836041457167,-0.10768827724631869,0.3746085933138931,0.23776769718453195,-0.16975714547693274,-0.04049348780689327,0.21229044199885938,0.08103171356426446,0.1659870662988213,0.24992835882254552,0.12906737495037512,0.021555228193775783,0.15692017500196484,-0.10281627413481438,0.015443459896054798,-0.21124978084449936,-0.24184005981181847,-0.3749785882556834,-0.02057341155085516,0.3178720051267273,0.22272204230759154,0.32532429976039,-0.10001350199406316,0.3162009822196875,0.550569804301695,-0.04409025780747769,-0.28224125040556364,0.31631867124256635,0.33746561525765634,0.28139324456947784,0.2812521789598628,-0.10600677517970751,-0.20587719634116114,-0.17323622645463835,-0.20784727834058478,-0.24307176410605716,0.12569630992517478,-0.3558105932211929,0.11237165548553775,-0.14735189622407668,-0.37655046219139376,-0.20628346529685243,0.20123976518621667,-0.27407959727783676,-0.0817201137391858,-0.08159275164593338,-0.03336765929833966,-0.12211646779774415,-0.1699522190628004,-0.15125739838741856,-0.21485058129107276
#18,0.2119333444842339,0.15667676763809485,0.44623123071683496,0.41353383458646614,0.3056250919445491,1.0,0.13887506222000995,0.10810099491559239,-0.25410631913474385,0.35073948607783195,0.2542240081576227,0.14255566549716558,0.45008272490392426,0.03382874231948136,-0.024862612172349932,0.05016897644808886,0.31637670966480796,0.27591425629203,0.14105069696487266,0.1214127519280646,-0.20713872593571842,-0.08378450817475208,0.04274408884715138,0.12070984214758285,-0.020413805889690724,0.06461570705106373,0.0009145081949043072,0.10350789866652695,0.1937987558013232,0.3276006956549777,0.1897860437746739,0.04657381862590005,0.17361911882359343,0.1707462169226336,0.21428551276341484,0.12168682225531666,0.037963979904196296,0.10344260544150513,-0.09881968389212108,0.08233596588630515,0.2710511201617015,0.1837178042936341,0.1717715623822354,0.17651700948968507,-0.19844344175904785,-0.16099495589684476,0.28095553813507235,0.21483284732872115,-0.008203166721413559,-0.11784741940619439,0.09820625001259514,-0.03055682626561042,-0.028443260388978344,-0.030924402939807305,-0.20630442361599524,-0.14364711027098703,-0.35348421979634154,-0.19784612966347792,-0.10647108255764041,0.02494483327052555,-0.21342622167855985,-0.194787827247024,0.13210149469089502,0.04961277490160674,0.06737656255352936,-0.009276877532883402,0.0037849918282707572,0.0812461332908793,0.05578983642434954,0.10454614155329357,0.19795817606197214,0.1156290619338483,-0.10746740880612145,-0.08514679891903439,-0.3196308917563273,-0.34896205939668257,-0.4022896963663514,-0.2058256066325019,0.15173943972770307,0.2758263925694698,0.13057637392865706,0.30039034869403475,-0.24687972947646522,0.24229550020857557,0.190269697293354,-0.1712242278169291,-0.026437710464851487,0.04246598807391032,0.2684031171469279,0.13526620088145855,0.17290572988354028,-0.09730020575426773,-0.07631689784633118,0.07627659338644117,0.10502576462598469,-0.03978412931282911,0.22858311686479668,0.18120199990729974,0.35793463825739635,0.10959467819911613,0.1121040338718681,0.1915191355499443,0.09499720891615261,0.3330240637777773,0.417895583235763,0.35338829518180337,0.33542862785481525,-0.26501351207017815,-0.2939617873415783,-0.16814335490293678,-0.02499158644399796
#26,0.06768529471628683,0.42117080852174343,0.005805857447155815,0.33572043214441893,0.06776993408205585,0.13887506222000995,1.0,0.045466252068122597,0.21642164913758533,0.5234078226926201,0.03970916301743369,0.08842274541889433,0.45262271196619264,0.5098115161933243,0.30308026834709395,0.4785924876517211,0.23024688496905626,0.012456899418205122,0.3618280490827713,0.30392101938039956,-0.2018781878308744,-0.23409434871015652,-0.4149702855369461,-0.19888920908543134,-0.17374406264925246,-0.13577242489767705,-0.3018340544472949,-0.2867021480261898,0.4066732094239888,0.35819742333587923,-0.19528357210367114,-0.011285651813801456,0.053091855879312325,0.38060186649953753,0.331456220288056,0.09795878062887049,0.3133877309193649,0.37149547683198886,-0.20329045610542035,0.07131833873077226,0.18598613929624383,0.2952765188231904,-0.06655354548257537,0.2505288952749066,-0.5066564830731345,-0.4291405275450755,0.006724799132648023,0.051395038117942944,-0.2590403911144788,-0.32120357178123543,-0.23853106365484872,-0.42752593088188173,-0.23735578560445605,-0.40332632707472243,-0.37382265634603795,-0.18263038996580166,-0.43561987251699336,-0.22818974533627018,-0.16983049959393257,-0.30736302025500634,0.14290631429820866,0.08517984857614419,0.554059364438972,0.4290752343200537,0.017675520884763502,-0.049528135535837715,0.5433367659298339,0.5931168043399843,0.4075244396168658,0.485285446261056,0.41552971144021944,0.3134167501304857,0.2622929610276025,0.08456157816143145,-0.10637193358631099,-0.14593479141434396,0.023455180432990812,-0.2198088359467417,0.2247469383724656,0.1602178859101654,-0.05089687499370243,0.03283886478458274,0.005071510187959849,0.07699481886168114,0.26984843507858364,0.12604051001263544,0.05548352252918547,-0.18208708584648434,0.10354497876962575,-0.18927014668808176,-0.2883578552384714,-0.20151061115667754,-0.39404259778365774,0.07512066147679572,0.07072747534878472,-0.07356652150343697,-0.04588300018338529,-0.09782658200043126,0.1231909846984118,0.05851764226970536,-0.22888540031397175,-0.21799029871650447,0.16240238763620388,-0.0025806945667572845,-0.006388659937165347,0.09747029057500357,0.031181545393905562,0.06745233493812258,-0.028315898295725915,0.05997988807451488,-0.02674886089520236
#49,0.4114073712826693,0.06998387216712632,-0.12911009767785855,0.07798147203978856,0.10978813960658816,0.10810099491559239,0.045466252068122597,1.0,0.09548408679162393,-0.002080919264121171,-0.1651140716976037,0.30663109126340377,0.1196054999465966,0.10842907321909706,-0.03659282217873819,-0.019541617377670926,-0.038471010009612616,-0.14362212150585524,0.06140344159783001,0.05876027511824321,0.14752278713401032,0.005557581974233359,-0.12919634922202317,-0.05184161153352424,-0.07743413747448225,-0.06367661313562652,-0.03201423553523315,0.049477351916376304,0.04375492470119281,-0.001885039589055727,0.0741952710777211,-0.2159565356704546,-0.06478176142581057,-0.19373991128988377,0.10261475183536434,0.04601922925781352,0.0689242538133057,0.027176894259234256,-0.08685328975077737,-0.17362959798316482,-0.19061792782680367,-0.10120328965001622,-0.00944938062121264,-0.0609294611495235,-0.08790846051069781,-0.05862727040060618,-0.1305731495718659,-0.13258514820957512,0.04568147788393525,0.07788877178204154,-0.0021075202076485775,0.039668052468345885,0.0070569078821416985,-0.043567912007303165,-0.018429214284706674,-0.2506344929598185,-0.14141343710388274,-0.10339988271402172,-0.33192213984438446,-0.14672072838219913,-0.13793113176938593,-0.21357534818015286,0.031097712117334343,-0.13046352144096504,0.13231430223911428,0.34359672969612454,0.17775435640830836,0.07089997843711396,0.07359554071455778,0.05645889045852369,0.125784173647735,-0.08200949976119608,0.30225966954373334,0.14469260796053388,0.12170697448526166,-0.12418489267929943,-0.04800220868440197,-0.12391001626284956,-0.1916400489296143,-0.26907136509190427,-0.09255959518200486,-0.2879314340528351,-0.17292910647027646,0.458688533179639,0.20445847935303282,0.1214361285148008,-0.2268879112818229,-0.010119240744584592,-0.10455420244527158,0.022556390977443608,0.05672973642898455,-0.15119049298400114,-0.04166231714370354,-0.28504805299230385,-0.2684498703204003,-0.244984613772437,-0.12225914558575479,-0.09213075572877517,-0.024132295359142967,-0.18856078819401761,-0.08789878744032421,0.04824403544374203,-0.23590885549440474,0.046807584493262104,-0.08924011986546371,0.202722969310169,-0.040778037293716735,-0.1809190625988719,-0.0370869548569897,-0.28107483933634675,-0.2163595802693547
#50,-0.39418124512567937,0.26788687100092057,-0.07146585305396969,-0.2519766314741558,0.10010942660860138,-0.25410631913474385,0.21642164913758533,0.09548408679162393,1.0,0.10087359916811595,-0.3820068799713032,0.08732404584229268,0.1810480368705199,0.2718684946082709,0.38314830227538826,0.15168301348385704,-0.09310531756891559,0.15120258432196815,0.24871358240146063,0.09166080572645766,-0.0075526527387888105,-0.24030526597920693,-0.17634208813376245,-0.23108199337797725,-0.16406051311607886,-0.3118730893166983,-0.22439870783901592,-0.5174395382721075,0.40256054233681227,0.19092262954357214,-0.013430655169147742,0.18483988045697197,-0.268765857285938,0.18694216108483483,0.23388234725113508,0.11000336542240081,0.31458477337809815,0.23371709896558604,-0.26519326996128756,0.062136982767828176,0.057629331973729554,0.16786283586210232,-0.00701902168984509,0.23245153892503975,-0.33444519903349906,-0.24879177305364725,-0.11574916922432052,-0.3709030012716057,-0.25396686570352445,-0.43714096283324233,-0.2654004348851222,-0.42087811326762364,-0.31141442456315005,-0.3311595794632655,-0.3490805545087592,-0.04225721097168007,-0.32414176690721713,-0.38293468863797125,-0.026242636878983844,-0.33227681909141654,0.12958004768017606,0.15766580750993,0.24614538221726925,0.25936524506119224,-0.11062244192631136,-0.3474264594748732,0.2512269685202016,0.03452036685119392,0.25499059898473064,0.1046428722570296,0.3360501226263192,0.06874127156540508,0.30433696140646443,0.07992575918488261,0.06545242763838033,-0.08769887731926976,0.15872259044824605,-0.1298549240966259,0.13265205361299254,0.030252930638039754,0.08888544061843164,0.17110653879405024,0.2277359171179087,0.03294285029109896,0.1566993065617676,0.22970599911733233,-0.030566499335984022,0.1615648609596895,0.12224786033698559,-0.16455787015112158,-0.18224427324005538,-0.06595784556540103,-0.395021996158985,0.13342992968886971,0.034069762989623616,0.0419573457900984,-0.22930053625083885,0.0071020488772185085,-0.22082128397917872,-0.1218456218272833,-0.22317990097194204,-0.21349151490358165,0.43946733625809364,-0.35023487424000904,-0.08091402454138563,-0.29644131771401167,-0.08583842345074694,0.22547967345326597,0.06589980714315942,-0.01315577875269788,-0.15041745344331076
#51,0.1893330216455102,0.4782693422653505,0.4309590647753127,0.5709872375927758,0.06119144013880856,0.35073948607783195,0.5234078226926201,-0.002080919264121171,0.10087359916811595,1.0,0.22247457292386688,0.12728914218002793,0.39861876615956937,0.31547227758487617,0.30973856512092346,0.21874802256243664,0.48443663433577244,0.204381094790044,0.2803445225231398,0.18777001469097562,-0.13672844668626807,-0.31228258262918085,-0.24998881551238053,-0.1275801403804338,-0.045676641348748444,-0.12633473256983252,-0.04667135541883387,-0.1654663326770424,0.25846806778404063,0.2314398969818005,-0.07553418523526721,0.011946644955997605,0.07787506826567894,0.27313244247042157,0.24880628265920765,0.07999266458830002,0.23060075812689054,0.16972651408741635,-0.12793078918147688,0.0989212511310439,0.20064567744743794,0.26596792168037353,-0.06573617103600599,0.15076165353077145,-0.35807570386701143,-0.3515350961160607,0.2723690760001048,0.09894059727179111,-0.028135334315418672,-0.22846542784191784,-0.03654929336205698,-0.21316988531365938,-0.09661502993613759,-0.19722624707036956,-0.35701086003671734,-0.196445952726899,-0.3120326949778628,-0.2766429609268414,0.07707542778146116,-0.09381548215217755,0.1338273316633852,-0.05346829953468501,0.27825272105484833,0.1717957450581694,0.1880811651213265,0.0003558883808287806,0.22719744953377816,0.06967069241046868,0.25094080685498255,0.26383178530620305,0.3314626690016384,0.35120621172335825,0.08933282012321074,-0.1293430574560228,-0.17162162979144457,-0.2665724885787237,-0.17320478897592412,-0.1985635490495201,0.18524534332346546,0.07628304210002358,-0.07042116145362065,0.03430272276778787,-0.15334194505292983,0.11500273062715755,0.09090550014811889,-0.08014662762507985,-0.06833339043131818,-0.1337813845791106,0.17096869754122643,-0.23454414648252903,-0.15959880940625484,-0.15473728545432194,-0.2782212835761341,0.15922478401847556,0.17206417276103686,-0.03924646781789639,0.08693309258135959,0.17382144721224127,0.2622550748353059,0.17894333797506362,0.01969154996846176,-0.04597489435193451,0.18257476981115345,0.06438838989728408,0.2821259796502782,0.13971742543171115,0.23851494187089273,-0.016346279797591002,-0.1337934759170776,0.11208065728513189,0.0816395048194058
#52,0.3147806530531636,0.11328296215269618,0.3271500917934074,0.3067882786569748,0.13632701426576357,0.2542240081576227,0.03970916301743369,-0.1651140716976037,-0.3820068799713032,0.22247457292386688,1.0,-0.20728382199132245,0.06274396793377171,-0.08401585577452073,-0.10174981812612474,0.06711297138584871,0.23845770953784892,0.15170155353540646,-0.030030450019446903,0.027568653609365144,-0.10191990294686058,0.1011178441950494,-0.040216999212047806,0.1360739022576543,0.12044383271230878,0.1837178042936341,0.1536256884505555,0.3167999064936531,-0.07216876283445145,0.02534707178022784,-0.29285663905139425,-0.031385485960949006,0.05301285913792791,0.10126132807225784,0.036665370206540204,-0.08824701797377389,-0.011110730457878817,-0.03205050954913416,0.11672856759964774,0.1249885636095062,0.09869715833405546,0.018550127664376703,0.1488052750477104,0.041426939097945883,-0.07141426334531048,0.011855556876646186,0.1572006940427993,0.20477607849696608,0.04904286983876201,0.11260461526370201,0.09955080679452585,0.0993783037061966,0.03616559490390409,0.14063394884960995,0.049541032963002524,0.17696358290526637,-0.06347186647938528,0.131060833536535,0.0379720407961743,0.2754443062897125,0.07954044854833411,0.00816769879671035,0.006901332666966263,0.1174854853563821,0.11265136843717441,0.08160242471630698,-0.08100350044234145,0.08586099394828535,-0.08448016315245363,0.022257331885059742,-0.06692998913794806,0.05702154071858821,-0.30827873758370733,-0.14765256749485614,-0.17379968280390068,-0.09264504063697168,-0.2733984519056956,0.16966202695159233,0.1532742335603146,0.20766671436027753,0.05700944938062121,-0.05351263444056402,-0.26152556411129674,-0.1192145466856635,-0.10691281943803492,-0.2278302295540513,-0.013545119835235368,0.07565106816894823,0.01134127196844967,0.06304302702615558,0.08341048278697279,-0.12152318614816322,-0.01046182865364967,0.0446029305372786,0.015133921644099527,0.08845418289760854,0.31518369765206367,0.11297299802709669,0.3236871325996578,0.28528101277046813,0.16982243870195457,-0.10296540063640743,-0.06362341124857171,0.045446099838177594,0.15660418803642717,-0.0273800287370799,0.15976728204859508,-0.00012292860266452783,0.10084699822458854,-0.030339988271402173,0.03985667734063113
#53,0.024001708909099338,-0.045501729162439816,-0.24616311617962086,-0.08045213543104612,0.4888209534826076,0.14255566549716558,0.08842274541889433,0.30663109126340377,0.08732404584229268,0.12728914218002793,-0.20728382199132245,1.0,0.5296695235811318,0.310462433220548,0.2508610040244003,0.1209556993529119,-0.12090894617943948,-0.09961851828714106,0.27516781769486703,0.24704336558361867,-0.07371322973743659,-0.23729049237943425,-0.16609750051891992,-0.10579719198827946,-4.030445989000913e-07,-0.13028860008504242,-0.33073960699121163,-0.22887653333279595,0.2727576109934445,0.2775691574151138,-0.09079748419561366,-0.011141361847395224,0.16861330490525428,0.14267899714442903,0.2331326842971809,0.19136033597797764,0.30084498300159407,0.31668624791676325,0.1129947624354373,0.05544563633688886,0.026330500601544064,0.18159778970341964,-0.1553990846857159,0.07894958516634658,-0.06722340560594732,-0.11023632520056507,0.11976188125096983,0.08920787629755171,-0.10520874687388533,-0.16103526035673477,-0.15868873470193845,-0.1903027469504638,-0.13534922806883196,-0.11016135890516965,-0.3066375399769862,-0.12907221148556194,-0.22350072447266653,-0.18484310481376318,-0.2862289736670811,-0.33012697920088346,-0.27430852661001204,-0.26127648254917646,0.37896872978479434,0.1774996322218035,-0.12734315015628053,0.10615187123531154,0.2655737440626493,0.06349201870933029,0.366121280150255,0.31863456550784625,0.16674317796635788,0.06876303597374568,0.41208126185203026,-0.08855655622572915,0.11411119597439055,-0.18531869744046528,-0.12708520161298448,-0.5205889287679129,0.10361994506502117,0.1041656674519319,0.23213152151351307,0.2406712304750082,0.07474179955382963,0.550384403786201,0.5096954393488411,0.014002978499585872,-0.36186512918587005,0.11348567075689761,0.2834141101883629,0.12149819738303141,-0.010222420161903015,-0.10220203416609065,-0.19064049832434207,-0.34804956642477275,-0.32056111869058873,-0.31762211747540925,-0.09640222238791833,-0.26252995125175577,-0.010571456784550494,-0.20781584086187058,-0.3624116576619786,-0.03329914171652664,0.031581365636014457,-0.06447867188743771,-0.12746164526835718,0.21531730693659906,-0.016834769851457914,-0.23214280676228227,-0.1929265672893034,-0.22284456786565718,-0.22678795622129566
#54,-0.06660191083444339,0.20936478344712045,0.015137952090088528,0.19184882603184455,0.394307801129734,0.45008272490392426,0.45262271196619264,0.1196054999465966,0.1810480368705199,0.39861876615956937,0.06274396793377171,0.5296695235811318,1.0,0.5288723013645075,0.5180650634896005,0.37335351243291826,0.006253236951934916,0.060370841335447976,0.45137811024478913,0.39673412961511256,-0.1796446355771498,-0.24160387567686303,-0.3170626915721359,-0.22721195913933856,-0.0820876904133827,-0.2511794092575314,-0.4180342305777846,-0.3727602307833373,0.5290520592556169,0.4968036548084228,-0.20110273002259066,0.1548727084395524,0.0635581180235499,0.3602086158843907,0.4711023068257618,0.2025625575598068,0.4824907350122828,0.44140114424361626,-0.12968403318669228,0.17283882448012286,0.2891067121032278,0.3636925333972831,0.02405894124214315,0.2893017856890954,-0.38915689115579083,-0.44554444272030924,0.11133180042037552,0.08792458229465382,-0.2821703145561572,-0.3771235916110297,-0.264392823387872,-0.4446392045511796,-0.3960094554262902,-0.291671687930628,-0.5561995312591315,-0.04445380403568557,-0.5876861814144044,-0.39056512898434775,-0.33486517150555295,-0.39280605695423226,-0.20320339847205793,-0.1576246969608422,0.6093441859808997,0.4700398812630612,-0.04073128412024433,-0.09911310036012035,0.42894867831599903,0.35033402321133844,0.520213291201738,0.38953494698955915,0.4331016498630656,0.248494326139659,0.3964874663205857,0.03491938100410501,-0.03058665156592903,-0.21095233393051108,-0.20901610767739504,-0.5146327356853673,0.40762358858819525,0.2922262772987145,0.1734619314300224,0.39760228768114336,0.09562434631204116,0.2765438119555119,0.390745692964655,-0.045951517765198305,-0.33366974122521526,0.01204982437331603,0.2743069144316164,-0.13937725579023946,-0.16412822460869408,-0.37766125310596244,-0.47649101311305603,-0.1254375552926809,-0.08189825945189964,-0.21233880735072738,-0.07908420206237922,-0.1995727727251659,0.08905713761756306,0.020125225956878257,-0.26768569776088574,-0.3059475276236692,0.25587890928070645,-0.03171517644284928,0.06212730969745457,0.13168394048643453,0.08545391890339625,-0.16831827625885942,-0.20459632060585664,-0.30034762596655135,-0.28674406466447544
#58,-0.14888346569989702,0.18013678933399047,-0.25588374581589324,-0.019713314376802366,0.1412884932782237,0.03382874231948136,0.5098115161933243,0.10842907321909706,0.2718684946082709,0.31547227758487617,-0.08401585577452073,0.310462433220548,0.5288723013645075,1.0,0.389043232578901,0.4487833091170704,-0.1121451444209559,-0.13905159575432818,0.5710452760150174,0.5635180150859593,-0.3219548469135852,-0.28180999268474055,-0.618585192544481,-0.28769766818547304,-0.08020950258250827,-0.25726941314691176,-0.4833588930783136,-0.45006015440638586,0.5591482055446846,0.49922756502620796,-0.3147419607716692,0.040100116278366786,-0.22599234618306688,0.47448223883213797,0.4570723243380496,0.23698659675186357,0.622760734589086,0.5883826424813038,-0.05796869552600343,0.22888781858156515,0.21783875394731805,0.38086626375641597,-0.08727245613363346,0.20656075998089568,-0.5103354741718945,-0.43692573701742965,0.045710497095056056,0.08806726008266445,-0.1699643104007674,-0.36265670877810985,-0.27917005056194494,-0.5219463829770083,-0.45395517741015634,-0.4474435888703264,-0.5039980008987894,-0.1307126030030853,-0.47599043172122213,-0.05727223445910407,-0.33937927101323395,-0.4627205913470355,-0.0031634970567668164,0.22813573736001758,0.7918589021468171,0.505052365569512,-0.1978082434711813,-0.004828877339421994,0.7898735044526352,0.48938521592106776,0.5719198827946307,0.6205399588491465,0.402105908029253,0.18032175050330193,0.5651229386787795,0.1677129032713115,0.3376856776086558,0.1222696247453262,0.1417576371913434,-0.3576928114980563,0.30787005036042264,0.2666321391793609,0.07954367290512532,0.1086072189318109,-0.13103826303899657,0.33440489457360906,0.5251489753598685,0.06057800625928262,-0.09849724821300102,-0.2043988287523956,0.24005296006029547,-0.0384153898549644,-0.21090558075703866,-0.23078454646398897,-0.4804158614171451,-0.19047283177119964,-0.12339734353304865,-0.2944905818553352,-0.16273207811810417,-0.37985945834836354,-0.05675794955090756,-0.053285317286784366,-0.4300433474466117,-0.45764384157928995,0.10948343788981969,-0.31271545252839955,-0.15288247421018372,-0.07413884483387509,-0.14076775965644478,0.12293061788752234,0.15423267361649903,-0.2932870906830195,-0.34193215550266715
#101,-0.3610114807253997,0.14643580536085996,-0.22177972403536314,-0.025876672383182562,0.007570386701140415,-0.024862612172349932,0.30308026834709395,-0.03659282217873819,0.38314830227538826,0.30973856512092346,-0.10174981812612474,0.2508610040244003,0.5180650634896005,0.389043232578901,1.0,0.4393053123293358,-0.06358633114547291,-0.021074799031886873,0.6656253337713085,0.4078299474228321,0.25289476707045017,-0.09772743302910183,-0.2114375996275868,-0.24823637759636294,0.019851961718823998,-0.27833736042061735,-0.34951020005118666,-0.5088796770806674,0.5766927369348055,0.3082118321802899,-0.29012883320603844,0.19552298059541778,-0.10385451702158102,0.2777086108463332,0.39744348810917673,0.1853420740272015,0.5849744973530046,0.37367836637963175,0.05840398369281553,0.16605235952384312,0.226415543011912,0.3941893060176574,-0.003952658381413196,0.3938265658786473,-0.362619628675011,-0.3258232689738283,-0.10614300425413574,-0.17999770264578627,-0.41352899805127935,-0.5187171896506207,-0.3814514845140189,-0.5030726104997149,-0.4813331909242417,-0.26370119885615945,-0.36410847542334795,0.11146964167319935,-0.4265142889386425,-0.32212976826950784,-0.22628334438347275,-0.45227286925434734,-0.15486222927998097,-0.1540529157253896,0.46249004983646463,0.39755392232927533,-0.19035433665912302,-0.1090674958637548,0.262508992932613,0.14937598619975292,0.7105301447131632,0.3875108570138829,0.42366879407040786,0.26562613986050626,0.3695656992924552,-0.07161256128796932,0.015725591115284862,-0.2476092402004744,-0.15502586538713442,-0.48194823698216327,0.5754545839269845,0.2716484322572714,0.034107649181920226,0.13712665474998137,0.047007494614316546,-0.02234600169681776,0.15383768990957694,-0.18564355138717875,-0.3548199095970965,-0.13183387307722536,0.07887381278175337,-0.24589227020916,-0.20500339565074574,-0.43334670097919686,-0.517804696678711,-0.09912116125209836,-0.020964364811788247,-0.13134457693416066,-0.20071016458326196,-0.22378608004868777,-0.171769144114642,-0.14374867750990986,-0.41134610850363645,-0.3820141347740834,0.17869748076973457,-0.2225850071439655,-0.16233709441118208,-0.1659886784772169,-0.1218359487569097,-0.004253329652192664,-0.06232480155091562,-0.16505764545375767,-0.15529671135759526
#102,-0.0781305985413816,0.3470363822387147,-0.26689653643623934,0.12556572347513115,0.18924677010134555,0.05016897644808886,0.4785924876517211,-0.019541617377670926,0.15168301348385704,0.21874802256243664,0.06711297138584871,0.1209556993529119,0.37335351243291826,0.4487833091170704,0.4393053123293358,1.0,-0.20935063469448212,0.061441327790126614,0.5133695939124143,0.6265549964431314,-0.2295060889962779,0.19835719021488324,-0.47266370160190074,-0.025455087732733066,-0.04076997640173873,0.037153860260407116,-0.5148310336280261,-0.16144636584761288,0.41212882111470045,0.3893374551360981,-0.28551397254863237,-0.061075363294325336,-0.13079804845805212,0.5344286742049441,0.33171578100974763,0.17809855649576903,0.48363618776235684,0.6409106389667548,-0.0865082835741189,0.43902076284251235,0.276902521648533,0.5077221329926263,0.10867251215683271,0.5381455514960007,-0.5788820751960309,-0.31847899029267085,0.059882351281581064,0.283042503068177,-0.38341592388905793,-0.4637088567035385,-0.5718666809075759,-0.563696966887871,-0.5861997529336609,-0.25467622419758856,-0.49902362445916454,0.1408008093135546,-0.6180838050634493,-0.08360233201604923,-0.4768400497357035,-0.6013179558384033,-0.20915153066262548,-0.13468259230225121,0.668067784040643,0.4997700630563275,0.09553970694627215,0.154103699344851,0.6209567069644092,0.561732527512832,0.5585275168623784,0.5997452758134951,0.4172434570747426,0.23509389931542876,0.32566527549105945,-0.009732317929640504,-0.08332100688601697,-0.11307295308762391,-0.1433786825681196,-0.49442004905052767,0.31238898640329044,0.5077640496309119,0.04659316476664725,0.0683841740507796,-0.016799301926754703,0.06721615080316712,0.4052230549571463,-0.16183812519774377,-0.37636425558670195,-0.2123944275053756,0.2356686409134603,-0.06192014477361992,-0.061891931651696916,-0.5250917430268246,-0.5851026655354549,-0.0728434594930102,-0.21564377306170815,-0.23528010592012058,0.14064442800918137,-0.5178458072277988,0.1990536512817826,-0.18573625164492577,-0.5129955685246351,-0.5555788425768253,0.1063703214079154,-0.3206030353288743,-0.1460855300943326,-0.055700360523393715,-0.115255036546069,-0.13997134352901822,-0.05448800236990224,-0.206192377217501,-0.3398089165556615
#201,0.2652577570971116,0.1408290508156746,0.5529743683787329,0.39539440936836867,-0.11530743234392601,0.31637670966480796,0.23024688496905626,-0.038471010009612616,-0.09310531756891559,0.48443663433577244,0.23845770953784892,-0.12090894617943948,0.006253236951934916,-0.1121451444209559,-0.06358633114547291,-0.20935063469448212,1.0,0.39263516604429866,0.0019946677199565517,-0.20776666942080477,0.12683370178327083,-0.22016915781815838,0.17958579106571038,-0.10478635613423803,0.17375131745203265,-0.024847296477591728,0.4495434512305959,0.1209202314282087,0.11993035389331007,0.03233344685756202,0.15659532105525137,0.06908224729607455,0.14145535374216833,-0.00935829254186122,0.002495249111790465,-0.014473734591101179,-0.10132339694048845,-0.15926025194317878,-0.004438730167686706,-0.0688871737102069,0.06767803991350663,-0.017687612222730506,-0.15474131590031096,-0.005634966537222176,-0.13086334168307395,-0.27434480062391303,0.2569115095430885,0.02233955298323536,0.2261519518442313,0.04245550891433891,0.31937455539142684,0.09258861439312567,0.34145898114355844,-0.014914665382297878,0.1103790029885757,-0.01708143314598477,0.04116173575186962,-0.1607619961186805,0.252814964239868,0.28770331080985767,0.15121467565993515,-0.062060404294037155,-0.19263718126729312,-0.1386138893199227,0.1950570610390893,-0.007093181896042707,-0.14147711815050895,-0.09878099161062667,-0.12611628239722866,-0.10793735880843895,0.07426701301632532,0.2785114756873422,-0.2997349981762232,-0.18920324128466434,-0.24475729661865733,-0.1540013260167304,-0.14314572278995533,0.1182891562865889,0.11090134878875021,-0.07142393641568408,0.06501230293638142,-0.025932292537830772,-0.09381790041977095,-0.060474826841964195,-0.27358546459958527,-0.1863005140833859,0.07073231188397153,0.09695923002359826,-0.08635351444814125,-0.15869115296953185,-0.13742651993156302,0.06342994984109966,-0.036185747133849096,0.07896570695030258,0.2852447387565671,0.4111478105609776,0.13970452800454633,0.5094786013546329,0.37813603964346676,0.39285764666289147,0.3903845650040405,0.4168839412925237,0.1611585920039982,0.3288452973763812,0.46776832190366024,0.2719555522416333,0.3908085679220834,-0.04764833552656769,-0.13760708391187026,0.0816564326925596,0.2830900623308472
