,#10,#11,#12,#13,#17,#18,#26,#49,#50,#51,#52,#53,#54,#58,#101,#102,#201,#202,#301,#302,#401,#402,#501,#502,#601,#602,#701,#702,#801,#802,#901,#902,#1001,#1002,#1101,#1102,#1201,#1202,#1301,#1302,#1401,#1402,#1501,#1502,#1601,#1602,#1701,#1702,#1801,#1802,#1901,#1902,#2001,#2002,#2101,#2102,#2201,#2202,#2301,#2302,#2401,#2402,#2501,#2502,#2601,#2602,#2701,#2702,#2801,#2802,#2901,#2902,#3001,#3002,#3101,#3102,#3201,#3202,#3301,#3302,#3401,#3402,#3455,#3501,#3502,#3601,#3602,#3701,#3702,#3801,#3802,#3901,#3902,#4001,#4002,#4101,#4102,#4201,#4202,#4301,#4302,#4401,#4402,#4501,#4502,#4601,#4602,#4701,#4702,#4801,#4802
#10,1.0,0.4868919820322718,0.4277314836273208,0.5952392371977921,0.21560588686941154,0.349307065573341,-0.07287247870413101,0.6938344252483258,0.21866821973185444,0.688597263730218,0.7070921742845454,0.07090884541828976,0.1524318703486134,-0.42811598817467145,-0.19153525733390028,-0.04349052744431435,0.3490676570815944,0.0016569163460782752,-0.0057977965551778135,-0.012470602934567724,0.18961031632955344,0.1871727025954057,0.0437041410817314,-0.0021687829866813913,0.17462673032084366,0.08135817968937353,-0.007791255141337665,0.12137405964657019,-0.019276414031594667,0.08191196296826225,0.141614153314135,-0.07147552612434328,-0.15193693158116411,-0.270605352835318,-0.19376006351982877,0.018205927576916022,-0.04573790412778126,-0.01249317343210613,0.021335971931974132,0.09398314870531999,0.07300145297577904,-0.11661329684436231,0.11768458938823875,0.06510822755091965,-0.22005630533046636,0.028624630458483385,-0.03573836762907,0.04865433484542232,0.013944940077344259,0.18424982316418223,0.03463966805246835,0.03493630887725881,0.08850335433867434,0.14288696815746146,0.2644540861669048,0.09129403514145858,0.09548166852403053,0.18773293458787682,-0.2309393155899666,-0.07874886895609434,0.08947469182202357,0.08582471993438434,-0.2675059398697763,-0.24272837010779427,0.34982618701672435,0.14281442012965945,-0.5056472593974887,-0.32831166632743747,-0.002882171926734553,-0.10538850476499477,0.32387092093675623,0.1592924955110908,0.2357540863684271,0.3501115425927456,0.15428909986034506,0.2437537155673961,0.054585539162836066,-0.031187188018290166,-0.1535773230986875,-0.20337590156038715,-0.32546778363759843,0.20546447867188744,0.23732354203654404,0.11095052022981602,0.027131753264157444,0.21041467243557835,0.09232582931464281,-0.07035022560421424,-0.028505329257208955,0.041079514653694006,-0.090517771243977,-0.04210486011329584,0.18202985351344053,-0.026598122215213724,-0.10548281720113739,0.17647025631621266,-0.061867748975762915,0.10202308236417901,-0.031909443939519125,0.19099517757137416,-0.010785876511165342,0.11834397035203931,0.09258458394713667,0.19949619425137488,-0.1165931446144173,-0.09408390985504501,-0.31291294438186057,0.09196792571081953,0.051669914534392805,-0.14022848598311646,-0.27662522696448977
#11,0.4868919820322718,1.0,0.5147044776239715,0.40807499853896334,0.23695999580833618,0.31622032836043473,0.22985915606491436,0.2693680059166947,0.1884729244714574,0.5103346680826967,0.36231815131503375,0.17143784145434612,0.14027846351338008,-0.21663929322099137,-0.15874596703498225,-0.1249925940554952,0.31715619791908073,0.09415403961525362,-0.16862217188643008,-0.17611396489078499,0.06025315231256915,-0.18260862555746107,-0.10263974060049615,-0.21912769057460052,0.06954494249561186,-0.18467705043901633,-0.06897906787875613,-0.006521664654802377,-0.09740822170677296,-0.04286500222682141,0.006890047418197061,-0.013882065119915844,-0.03820580666353635,-0.16308836954353184,-0.24087758930964506,-0.19451133865217857,-0.14289019251425267,-0.17775999903269296,-0.0878866961023572,-0.13443915336451556,-0.13558783047138082,-0.19444523933795893,-0.227311108110668,-0.040672439608804914,-0.3120931516676978,-0.15563688099906695,0.1006624037982923,0.0503414795364181,0.02939847608837156,-0.0021349272403737834,0.018391328092410064,-0.023414069883903002,0.08488078948376032,-0.018637185297739122,0.1827158354207685,-0.06616259222164228,0.10921904063294124,0.0004445581925868007,-0.19282419396118278,-0.1813688603712444,0.03230523373563902,0.022446762846542786,-0.16489400934660425,-0.15762550305004,0.1076761859083517,0.07738012949822963,-0.2424405962641796,-0.09702452324862007,-0.03116139316396056,-0.1275358054745548,0.26597356430475816,0.037014406829187683,0.03611481128444268,0.19988956577990138,0.04632231879618639,0.07872065583417133,-0.02097242570376625,0.1465901419321555,-0.2335308923608942,-0.2256296060440568,0.0030466141230857903,0.05534326300876823,0.03112592523925735,0.14648857469323268,0.07442742476668755,0.08746269318431431,0.018066474145696593,0.047687833897259904,-0.09077894414406426,-0.0247271891871195,-0.18925644317171916,-0.0838989728408397,-0.034575180916644334,-0.024166957194648373,-0.13425858938420832,0.21309411292906616,-0.08525884531752861,0.21848362530555818,-0.058004163450706636,0.13152030437928108,-0.035211185293708674,0.20628991401043484,-0.03956084260503846,0.1659556288201071,-0.06828421899025236,0.02128438222331492,-0.11396932427557771,0.08791168486748902,0.009063263895466352,-0.028763277800505013,-0.18035883060640076
#12,0.4277314836273208,0.5147044776239715,1.0,0.5726977588705078,0.07661112040352826,0.3530739203946613,0.17246238082475016,0.3288920505498536,0.04710503140725037,0.5879191411925687,0.43635583195458494,0.16552275892088839,0.4325502848517703,-0.16525352512882313,-0.1435648891728114,-0.21871739117292024,0.5752861112846442,0.49684234708991726,-0.05808719063808006,-0.31601638779339125,-0.17517003444016097,-0.29869514311106093,0.04624332205480197,-0.2847280355807772,0.14387362133556889,-0.3431283918722026,0.11190170548322025,0.14762596655132873,-0.0050578066715972455,-0.031112221722894746,0.4401847556441358,0.18648672068807773,0.13528715920060133,-0.08648893743337169,-0.19953891697885828,-0.17342888177291257,-0.1897892681314651,-0.19062276436199047,-0.23938632429371473,-0.33577121576388036,-0.012294875489447285,-0.1572281010755245,0.0079460242673153,-0.0256171116614909,-0.3694826721050818,-0.45708764003280783,0.25639883681328757,0.3027860457898969,0.295451440179113,0.2573161663203842,0.576230847824466,0.48332826168879717,0.48282768029696327,0.338495797252445,0.131145472902304,-0.20767316307385994,0.02224604663629054,-0.17253573494174998,0.14373255572595386,0.027744381054485585,0.0949141817287792,0.058067038408135055,-0.15391991100775257,-0.08187568895436124,0.3426237800343797,0.352921569536277,-0.2636560578610826,-0.21126993307444436,-0.09410406208499002,-0.1589466832452345,0.5234666672040594,0.2870068497429583,0.03103322498151033,0.14683519304828677,-0.11499063928919055,0.10442039163843675,-0.014603514951947007,0.12456697895905672,-0.035217634007291075,-0.184004772048051,-0.03875717167483168,0.1055223155718296,0.16008085074653935,0.09041297964826298,-0.10557148701289541,0.2388220618552546,0.22399324497252243,0.08205786511306408,0.12639115881367852,-0.24835406661924175,-0.18656410525106656,-0.04970789342694716,0.15250441837641543,0.20074160206197617,0.11477299520578449,0.3117231567259075,0.005528562763112552,0.589854561356487,0.3638900252507441,0.5657347603799099,0.43106627463862013,0.6101373777515351,0.5051257196865119,0.5184979333888191,0.46628269951211454,0.3283608377685033,0.2180475310495483,0.19450408384939835,0.03402945852973361,0.10312742456516526,-0.0543050201220016
#13,0.5952392371977921,0.40807499853896334,0.5726977588705078,1.0,-0.021784963615148836,0.36347327713548144,-0.07444193437224796,0.3241361242828325,0.004177557267599446,0.7169103407137517,0.3507338434534473,-0.05641777990943588,0.1616769073581837,-0.3793000324450902,-0.14196480211517806,-0.14068150811228017,0.4818490880108338,0.06906854377971194,-0.10679190605836489,-0.03294285029109896,0.05376332818107988,0.009640423761091284,0.03994534715238915,-0.1072908752718032,0.1338652178556818,-0.08272127652285363,0.1832228655261848,0.3606181091968732,0.010052335341167177,0.05092428202642763,0.1765363556304323,0.015735264185658463,-0.02543332332439246,-0.11855355354346735,-0.1950860802502101,-0.1385711665924393,-0.022924773740838292,-0.13930631994083306,-0.10405039669664647,-0.11399673130830291,-0.035786732980938006,-0.24423817517527402,0.02715190549410245,-0.10801554946062557,-0.19833945625253163,-0.12393903547397037,0.22749812080455764,0.296250274574133,0.31578262192602924,0.27232715936181917,0.33441456764398264,0.24519983958824965,0.2977310604304919,0.10437928108934894,0.08392960423035611,-0.07428555306787472,-0.02861173303131858,0.004182393802786248,0.049510401573486115,0.08174268423672422,0.08117358526307729,0.005204514905596879,-0.12509254911602244,-0.03490728966613801,0.39732902344308907,0.3494352337557913,-0.40161016317260584,-0.3438982070561018,-0.12350858384234507,-0.20808507465393583,0.2534703147576795,0.09849079949941861,-0.0009419152276295133,0.2544368157058419,-0.02847147351090135,0.017408705360291644,-0.06512031888888666,-0.06482770851008518,-0.035556191470367156,-0.2370470534416986,-0.23590482504841573,0.1478806907378336,0.14943402462199454,0.009913687999145545,-0.1347099993349764,0.06942241693754622,0.096685965785544,-0.10872007141950292,-0.07207041995231983,0.0009902805794975243,-0.13387327874765984,-0.04731542068787622,0.09080473899839386,0.08814867509164226,0.041958151879296204,0.10221170723646425,-0.18625779135590248,0.2560884924721345,0.2057570890506889,0.4166679093875133,0.18554682068344272,0.269742031304474,0.08660985081304172,0.3506959572611507,0.09665211003923639,0.16695195506858812,-0.07392361901806245,0.07687229330361552,-0.10616638084087195,0.011668544182756544,-0.09412582649333062
#17,0.21560588686941154,0.23695999580833618,0.07661112040352826,-0.021784963615148836,1.0,0.46744991667052915,0.13846476281832967,0.20556846417840366,0.07211233659060544,-0.08219006374150331,0.22893295957664195,0.6102679642015787,0.4183961646275969,0.0913641649016672,-0.21253549311499065,-0.21967986167509365,-0.09410889862017681,-0.11550008766220025,-0.13196365343807118,-0.15376997841696172,-0.19812906697190577,-0.06471888646838216,-0.08884836051533282,-0.042170153338317654,-0.18295605000171294,-0.11592731493703436,-0.24402053109186797,-0.20943688623864673,-0.0476813851836775,0.2312794852314383,0.03805023144836092,0.2980599448231944,0.050220566156748074,-0.081650790068175,0.15511695346648582,0.2273651160869206,-0.006678045959175613,0.10473799078237002,-0.20731122902404767,-0.0055325932091015535,0.11932014437057532,0.2122686775905188,0.18108995350880552,0.16192357065271057,0.21132474713989477,0.1385768092168239,0.1902068223359256,0.1731386896617045,-0.12827257100134415,-0.011813640238360576,-0.1831906219582728,-0.2994673765625535,-0.30565088679887875,-0.24692003393635523,-0.2896258335466111,-0.22816072612514937,-0.10576656059876306,0.07129657432243165,-0.1766072914798387,-0.18090294081491587,0.015396706722582388,0.054827365922176116,0.15831470931415917,0.03470979781267696,-0.261032237522243,-0.368614514039051,0.09813531416318873,0.0547427265564071,0.04785872480719354,-0.05756887528389454,0.06461490096186594,-0.2601269993531134,0.1779204107830552,0.16060722699270288,0.2238352514897536,0.1735715595609232,0.09390818240992457,-0.1099364600189834,0.10042783184173244,0.21171166995483887,-0.025451863375941866,0.3592437271146239,-0.18992872156268453,0.4459386203380335,0.6210631107385187,0.34225942771697404,0.12215677225763417,0.15029170352845395,0.24537476094417227,0.22635105587608798,0.4919356821429075,0.22732239335943719,0.2211292100527384,0.06999796462477556,-0.003523012838985698,-0.1501603109892125,-0.06856070758509783,-0.09124325152199717,-0.3239450811429539,-0.0318070706113985,-0.1337104487297042,-0.015965805696229317,0.20103501852997543,0.13327919100888108,0.02520923052740401,-0.16850125850676007,-0.0530023799783565,-0.019728630071560567,0.15666545081546,-0.0724492818752859,-0.09240482605602723
#18,0.349307065573341,0.31622032836043473,0.3530739203946613,0.36347327713548144,0.46744991667052915,1.0,0.13934581831152526,0.30129155641717537,0.27583848390743676,0.2944744600713792,0.4296370784909204,0.4823335476187117,0.5099332356621922,-0.0896512253563418,-0.20746035552564068,-0.3750148622695844,0.3240555153630525,0.1360069968542369,-0.11654639144094489,-0.2932661323638767,-0.2922536843314397,-0.2935402026911288,0.014825189481342057,-0.07705930599750516,-0.045172835600123334,-0.2039627344963857,-0.05713197493868684,-0.11245307049451557,0.315577875269788,0.48376435594480705,0.27387968715678235,0.34857513658173844,0.16405325831329864,-0.07895925823672019,0.1376377153013867,0.1915675009018123,0.03248740989434186,-0.023872734637451307,-0.19310793735880843,-0.11283515677427286,0.1319023906590384,0.11541706047482685,0.2111030726104997,0.06521946786021607,-0.14287407073029665,-0.23568959923260308,0.22886927853001574,0.22635911676806597,-0.032127088022925174,0.057036050324148616,0.04096988652279318,-0.08815754207281806,-0.07497153497520267,-0.07411788651473229,-0.26212610056365787,-0.345684500718427,-0.1143530227337306,-0.20104952813553584,-0.06912497002355796,-0.22480175243791603,-0.04200974158795542,0.0494531692404423,0.009837109525354527,-0.08487917730536472,0.10939476807806167,-0.16750573834747684,-0.10137015011396086,-0.1470165631177918,0.08270354256050204,-0.12136680484378999,0.4113759338039551,0.10573995965523565,0.2260374871781437,0.1943146528879153,0.04075224243938713,0.12651046001495295,0.013679736731267999,-0.16217345830402863,0.17102189942828125,0.07171332243769435,-0.02234600169681776,0.5519240341539993,0.20186770867130302,0.47223728041626445,0.340375597261715,0.29650499876063785,0.1077108477438571,0.23763469246689492,0.3725087309536237,0.27077221329926265,0.23723326004639042,0.08511777970791358,0.03854517021581023,0.09417419184519862,-0.15562237139350654,0.08095997162566024,-0.12613159809198687,0.1659387009469533,-0.18306890248940497,0.3277409551753949,0.08685409583997518,0.34584007593360244,0.3098159496839123,0.4115153872351745,0.12873849055767267,0.037178042936341124,-0.13634716649570858,-0.022360511302378164,0.008362772382577995,-0.19626297047899835,-0.2554266932407406
#26,-0.07287247870413101,0.22985915606491436,0.17246238082475016,-0.07444193437224796,0.13846476281832967,0.13934581831152526,1.0,0.11590232617190255,0.12030760363788055,0.159432755031508,0.20099955060527222,0.27443266434647323,0.2772644556983453,0.4658796549132144,0.18478184203473036,-0.08361119899722504,0.13660914548499364,-0.0344373396638205,-0.20918377423053747,-0.0904992311924276,0.0534054245772566,-0.27097292950951485,-0.22775445716945808,-0.1890097798771923,-0.09810629495206792,-0.35830463319918665,-0.2052299067153276,-0.2996584197024322,-0.13253355850091592,-0.020735435479612995,-0.3594516981276563,-0.0410480771749798,-0.029664485523645617,-0.044004006263313064,-0.06106246586716053,-0.08424156074990478,0.19105724643960478,-0.10563033152433482,-0.13549916065962278,-0.18757010456992118,-0.27568855131664594,-0.07204462509799021,-0.14007855339232564,-0.18132210719777198,-0.048236780640961825,-0.24795505246633065,0.18434735995711604,0.016584076110942057,-0.10181833570793776,-0.24734645512199152,-0.055108691052208385,-0.15966249045288106,-0.18086183026582806,-0.3942296104775474,-0.06527025147967748,-0.37162848154962586,0.03247048202118805,-0.1686914955574409,-0.10725298907950659,-0.3387069926222686,0.2074821199339813,0.2635149922514676,0.1209589237097031,0.2414821562079952,-0.36085348724263083,-0.2834858521269671,0.2843548162821957,0.5493638948617859,0.1134260201562604,0.1770030812759586,0.1372475681296514,0.0900147715845497,0.14054286077025854,-0.017201540436456997,0.18729280988587793,0.1134937316488756,0.18946602636314722,0.1925477053663373,-0.012647136468885965,-0.14233640923536395,0.17501123486819434,0.04961277490160674,-0.002433180243559851,0.32072636697613777,0.21652885900089275,0.04751613689812846,0.0068247541931752455,0.09259022657152127,-0.2101414081975241,0.06165091098155467,-0.04892115036989418,0.11155669930656177,-0.1659338644117665,-0.167343714418719,-0.15113084238336394,0.0971414061823011,-0.07959445652458673,0.0811969618498135,-0.2687102371312898,-0.025139906856393193,-0.1373636449741346,-0.04717193681066779,-0.17092275045695182,-0.000746035552564069,-0.047794237671369526,0.012456899418205122,-0.03152090894617944,0.16966525130838353,0.11752417763787652,0.15515403356958465,0.010922105585593573
#49,0.6938344252483258,0.2693680059166947,0.3288920505498536,0.3241361242828325,0.20556846417840366,0.30129155641717537,0.11590232617190255,1.0,0.5375305054380792,0.5821604399634842,0.7765432073886136,0.18380566801619433,0.2926494741275596,-0.13049495891967924,0.022416131457026377,-0.18174772229421046,0.46644311126247673,0.10650171394715682,-0.05312087509043313,-0.16855365430461708,0.22056655979267387,-0.08095191073368224,0.03942945006579703,-0.1301725232405592,0.2906197415274987,-0.11283918722026186,0.051627191806909396,-0.0317957853626293,0.16947017772251588,0.007649383442524833,0.030876037587939293,-0.11359691106619403,-0.21819101492675672,-0.374927804636222,-0.16251201576710472,-0.06829631032821937,0.17861284140396555,-0.12719402365468752,0.03073013544313746,-0.14048079190202792,0.052854865655159074,-0.14054769730544533,0.20238763620388414,0.13447865173520776,-0.10399880698798726,-0.10980667965813758,-0.04030889338059703,0.035680329206828384,-0.15209089461794395,-0.07492397571253247,0.021605205724039393,-0.08581021032882394,-0.03184495680369511,-0.05778329501050939,0.29558202662915667,-0.09928802171604299,0.08679363915014016,-0.1292439084846934,-0.2892235950369088,-0.2976730220082503,0.026927812697114,0.14329726755914177,-0.32312528842879107,-0.29803253779046923,0.23295373249526927,-0.006696586010725016,-0.30294806971865473,-0.08597868297116418,0.19703601001968873,0.06413447179997703,0.4507074440322194,0.19621057468114134,0.34506784248210987,0.3025248728898096,0.17012069170514063,0.29246004316607654,0.0675611569798256,-0.06509291185616144,0.009357486452663419,-0.2485572010970874,-0.1496411895458292,0.2336058586562896,0.24887157588422948,0.22458169008691656,0.03411812834149163,0.2573355124611314,0.06606183107191727,0.042439387130382915,-0.06348718217414348,-0.05262190587699482,0.046163519224219754,0.002631478186218696,0.10912714646439202,-0.175198247562084,-0.20195476630466544,0.34308728132311483,-0.07258309268212074,0.1545397936008609,-0.05488137389842873,0.1443016546996008,-0.12387616051654196,0.17770437887804474,0.1501595049000147,0.17145154497070875,-0.11646013989678028,-0.15723454978910692,-0.350077686846438,0.035331292584180905,0.06784328819905566,-0.2316889785439208,-0.3701734905475965
#50,0.21866821973185444,0.1884729244714574,0.04710503140725037,0.004177557267599446,0.07211233659060544,0.27583848390743676,0.12030760363788055,0.5375305054380792,1.0,0.30437968413394784,0.4219091013516101,0.08285508732968846,0.049822358093034785,-0.07371564800503,0.07155049241973871,-0.13360888149078137,0.2653746400307926,0.09947100396394364,-0.033801335286756155,-0.07988867908178379,0.01421497995860732,-0.31908033283422976,-0.24205931607362013,-0.25018711345503936,0.06766997902152863,-0.19350130888733494,-0.10628568204214638,-0.20323080550478312,0.21711246758010008,0.006774776662911634,-0.04401690369047787,-0.041063392869738,0.008444187391555813,-0.3002178456057055,-0.09337052091499184,-0.08093659503892403,0.15657516882530637,-0.09463527486634034,0.013755509115861216,-0.22397309274257743,0.001519075093254444,-0.08153954975887857,0.09689151853098305,0.11262799185043822,-0.16683426604570928,-0.15377642713054412,-0.252173317238419,-0.1695669084262519,-0.3171021899428281,-0.2087992696831868,-0.2401488846748337,-0.27177498826132607,-0.2149876164546988,-0.13518639805087632,0.09950163535346004,-0.11319547864568955,-0.06830114686340617,-0.28360273506064815,-0.2908575378408498,-0.31449449138794455,-0.043544535420566965,0.1545148048357291,-0.3514262740743577,-0.3851820653214381,0.11687930627963637,-0.023692170657144067,-0.12356178572939988,0.13315102282643085,0.35560584656495164,0.2304911299959897,0.48276722360712826,0.2993400144693011,0.4119103709420966,0.3456990103239874,0.05914397357639609,0.282034085481729,0.005553551528244358,-0.12706504938303947,-0.048560828498477496,-0.17413501591018554,-0.07878514296999535,0.26365444568268703,0.1977622963869067,0.2551534290026863,-0.04030163857781683,0.1457735735747839,-0.1421421417386941,0.01928125056678147,-0.04176388438262636,0.0675450351958696,-0.03981476070234552,-0.15329519187945742,-0.22648244841532938,-0.23018642827922123,-0.33591308746269316,0.2078682366597276,-0.104600955618744,-0.042856941334843406,-0.0644593257466905,-0.05503453084601077,-0.10360221110266957,0.05723354217760966,-0.038537915413030026,0.1213901814305262,-0.17450501085197584,-0.15123079744389115,-0.276023078333733,-0.0816620753169442,0.07874967504529214,-0.3757733922047144,-0.33307484739723875
#51,0.688597263730218,0.5103346680826967,0.5879191411925687,0.7169103407137517,-0.08219006374150331,0.2944744600713792,0.159432755031508,0.5821604399634842,0.30437968413394784,1.0,0.6829933316271112,-0.004957851611070023,0.1974374424401932,-0.35952505224465614,0.02935736553928375,-0.07090803932909195,0.6704787968312633,0.23479080977705588,-0.022752270652509052,-0.15443016546996008,0.3001380427751233,-0.059132688327626894,0.04922665817586045,-0.19626780701418514,0.34161133200194266,-0.09040330657788938,0.22892651086305954,0.1850139957236968,0.03787934053842728,-0.12325466574503802,0.13858728837639528,-0.1121499809561427,-0.041227835066089236,-0.21005757492095287,-0.3691658790503463,-0.27914989833199993,-0.11842457927181932,-0.3142679803233627,0.0027435245847129215,-0.17959062760089717,-0.18914439677322495,-0.36356275303643726,-0.04348488481992975,-0.10186025234622337,-0.2921488927357257,-0.2353526539479226,0.025725127613996125,0.033527264959504095,0.12068324120405544,0.04512688851584872,0.2558506961587835,0.18743871203067974,0.30750650413221475,0.1642305979368147,0.357205933622585,-0.039043333340050744,0.10032545851361183,-0.14121675133961947,-0.10929320083913885,-0.048436690762016274,0.04666974324043827,0.04317776483556788,-0.31461782303520797,-0.19245984164377708,0.44023231490680603,0.34854611737061764,-0.4597058177472628,-0.21791533242110905,0.06572166143044558,-0.12328207277776322,0.44002111953698236,0.313702105706507,0.1484159339651729,0.22342011555288652,-0.09289976482347655,0.02535432658300804,-0.13936274618467906,-0.023381826315990995,-0.044155551032499504,-0.41703709824010576,-0.24738675958188153,0.06219340901167419,0.26333039782517137,0.04295609030617283,-0.25226198705017705,0.06141472684659921,-0.010362679682320247,-0.11128101680091411,-0.21793145420506507,-0.14583322417542113,-0.2970620063963178,-0.17340711736457198,-0.0010467068233435371,-0.08202320327755867,-0.08951741454950697,0.46819151873250536,-0.03747307158273599,0.40031719609933436,0.19039302894061744,0.36699588692986823,0.08645266341947068,0.3200484459607878,0.07971698208265235,0.3165677528046866,0.023502739695661024,0.14454106319134744,-0.1553765141881775,0.0028805597483389524,-0.14547693274999346,-0.08939005245625455,-0.21137633684855398
#52,0.7070921742845454,0.36231815131503375,0.43635583195458494,0.3507338434534473,0.22893295957664195,0.4296370784909204,0.20099955060527222,0.7765432073886136,0.4219091013516101,0.6829933316271112,1.0,0.23848269830298072,0.36189011795100184,-0.16901393123656097,-0.026206362865082836,-0.13538308381513955,0.4523865278312372,0.16063140966863687,-0.09024128264913155,-0.2242262047506867,0.12833867031556376,-0.015438623360867997,-0.010224032340298615,-0.09306017657383878,0.22889023684915855,-0.0697682292034025,0.03748355074230739,0.007782388160161862,0.08994786618113228,0.10633485348321219,0.1249426165252316,-0.02480779810689952,-0.07047678160826887,-0.20782148348625518,-0.21556155196353252,-0.022539463104289805,-0.07086370442321295,-0.12932532349367118,-0.030493951308182006,-0.06015883987642653,-0.05403981677592534,-0.12211082517335956,0.08848078384113595,-0.0033126235583598503,-0.16889785439207775,-0.10795025623560375,-0.010489235686374877,0.02127632133133692,-0.06284553517269453,0.05713197493868684,0.09034123770965877,-0.02565257958619411,0.09815707857152933,0.09020097818924153,0.18921533262263135,-0.044786718874377046,0.037120810603297305,-0.11561938886347468,-0.17855480298172394,-0.15382398639321435,-0.05305719404380692,0.07013661196679719,-0.26517553599893595,-0.23321490539535653,0.24516598384194202,0.04675357651700949,-0.33255008332947084,-0.10360624154865856,0.15069636030574962,-0.03857660769452444,0.4229739451819041,0.2833923457800223,0.24975424355582068,0.25279239374232954,0.017778700302081927,0.13148080600858889,-0.05572373711012992,-0.09485775548493318,0.03681852715412224,-0.22197399153203298,-0.2154519238326317,0.3214510411649601,0.3395993333642334,0.26769698300965494,0.06023622443941534,0.18204355702980313,0.02413955016192317,-0.049122672669344225,-0.06698883364938747,0.03456067131108393,0.02909780481759209,-0.0017141486791220882,0.11042172571605911,-0.07980081535922358,-0.16315124450096025,0.39512598166550117,0.0010934599968159477,0.310442280990603,-0.04498179246024469,0.33001412671319147,0.07227516660856106,0.17155794874481836,0.18990695715434391,0.31234062105142246,0.019543229556066525,0.03170630946167348,-0.1601493683283524,-0.008091120322919332,-0.01787946145180695,-0.17815981927480184,-0.287633181049649
#53,0.07090884541828976,0.17143784145434612,0.16552275892088839,-0.05641777990943588,0.6102679642015787,0.4823335476187117,0.27443266434647323,0.18380566801619433,0.08285508732968846,-0.004957851611070023,0.23848269830298072,1.0,0.6123355829939362,0.38444771806224215,-0.1762123077729166,-0.40916563722358695,-0.002760452457866725,0.04472384391694863,-0.22056494761427825,-0.2905101133965979,-0.29958345340703674,-0.26732698806786465,-0.07827166415099662,-0.14137555091158613,-0.14414366121683195,-0.24083003004697484,-0.1999645320752968,-0.23999169728126266,0.045716139719440656,0.2459841643777092,0.09295296671053135,0.38478466334692263,0.0644093482164269,-0.12025601392922133,0.16350028112360773,0.27072142967980123,-0.011704012107459751,0.04394516175187366,-0.20383779067072666,-0.16066929586093348,0.12678130598541382,0.17805986421427464,0.12063245758459402,0.09842792454199019,0.0918252479228089,-0.1709235565461496,0.19191814970285537,0.2158356222907846,-0.10930690435550146,-0.057498745523685925,-0.09292555967780615,-0.2282002244958416,-0.17012714041872304,-0.19462660940746399,-0.3103971399955262,-0.3806437831378231,-0.04621994546806577,-0.11538239863932144,-0.15047952231154138,-0.21493119021085277,0.08375629505282907,0.07861102770327051,0.33797022709547925,0.21488040659139138,-0.2507634672314665,-0.30266110196423784,0.3585907948644057,0.1937802157497738,-0.05452024593781425,-0.15932635125739839,0.03792528762270189,-0.1667987981210061,0.09203483111423695,-0.08630837345306445,0.19798638918389513,0.08856945365289397,0.13808025827097897,-0.0896012478260782,0.09511247967143804,0.19036804017548561,0.4517078007266894,0.274320617947979,-0.1390991550169984,0.6723223228266324,0.6427557771405195,0.39934585861598515,0.15992366335296831,0.38053012456093327,0.25182025016978254,0.28055249353617223,0.43903446635887494,0.35746791261187005,0.15507745509579363,0.08113811733837407,0.005647057875189179,-0.09353657528973869,-0.043742027274028004,0.012446420258633718,-0.2662492468104058,0.040728059763453124,-0.044516678993113984,0.10748191841168185,0.30388555145569635,0.03945766318772004,0.011298549240966259,-0.015191960066341142,-0.010251439373023821,0.08239561648694237,0.10363364858138377,0.05346910562388281,-0.036052742416212064
#54,0.1524318703486134,0.14027846351338008,0.4325502848517703,0.1616769073581837,0.4183961646275969,0.5099332356621922,0.2772644556983453,0.2926494741275596,0.049822358093034785,0.1974374424401932,0.36189011795100184,0.6123355829939362,1.0,0.258188354832404,-0.1951860353107373,-0.3082795436729051,0.20318405233131073,0.1378182792816939,-0.12801059201205908,-0.26141996642638493,-0.13576839445168806,-0.16803292068283815,0.03032789693343517,-0.19790819853170852,-0.03830898608085478,-0.2145579709122713,0.05723354217760966,0.020505700058239946,-0.014576914008419602,0.1029194535521328,0.2921222917921983,0.30602571827585584,0.02601048319001739,-0.16184538000052395,0.09291830487502595,0.14316345675230693,-0.05222853434846833,-0.023408427259518402,-0.2401754856183611,-0.20585704411121614,0.15788425768253386,0.052218055188896925,0.13927568855131664,0.1139257954588965,0.10514425973806131,-0.2410162366516667,0.2603559286852887,0.33711496645661326,0.07587113051994769,0.13899516951048219,0.30563798937171394,0.11352678130598541,0.11059261662599275,0.02877698131686762,-0.08538056478639644,-0.3546393456167892,0.05906336465661608,-0.1285853336100906,-0.0009975353822777259,-0.05015043639653946,-0.04739683569685404,0.013325863573433717,0.20236748397393914,0.16673914752036886,0.004876436602092205,-0.14649179905002388,0.16633771509986436,0.03293801375591216,-0.020946630849436643,-0.12772846079282904,0.2634585660076216,-0.02114331661369989,0.11140837889416653,0.04991667052917741,0.06096412298502891,0.1266571682489526,0.07811367066822779,-0.04919683287554184,0.12217128186319458,-0.03347325698325148,0.14059364438971994,0.2733355769482672,0.09794910755849688,0.37326323044276466,0.3052373630404072,0.30107471842296707,0.1487851228177654,0.27791416359177223,0.3046803554047273,-0.10174175723414675,0.24550454130501811,0.2556378886105642,0.2632691350461385,0.10853950743919569,0.015400737168571389,0.045066431826013706,-0.01430284368116754,0.21878187830874427,-0.006943249305251873,0.27890081676987966,0.1610691161030424,0.3360734992130554,0.5266120272538758,0.2582197923111182,0.2566019712911332,0.09729214486228974,0.08715960364594144,0.10192876992803639,0.0931512646531902,-0.1261904426034263,-0.13885087954407596
#58,-0.42811598817467145,-0.21663929322099137,-0.16525352512882313,-0.3793000324450902,0.0913641649016672,-0.0896512253563418,0.4658796549132144,-0.13049495891967924,-0.07371564800503,-0.35952505224465614,-0.16901393123656097,0.38444771806224215,0.258188354832404,1.0,-0.010054753608760578,-0.29255193733462576,-0.3044409469129807,-0.24132496881442417,-0.25085294313242235,-0.04631748226099959,-0.22458249617611437,-0.20813827654099065,-0.08849932389268535,-0.06109067898908354,-0.26234858118225074,-0.29651144747422026,-0.21492393540807259,-0.17031737746940387,-0.15861779885253202,0.022973945181904102,-0.2322427618228095,0.014371361262980555,-0.13160574983424791,0.14114823375780647,0.17953420135705117,0.1685633273749907,0.28809507015998853,0.10313226110035206,-0.23433536938029878,-0.21202685083117873,-0.1553934420613313,-0.040379023140805645,-0.17167080123251038,-0.1601928971450336,0.2706996652714606,-0.17115732241351167,0.19832655882536682,0.2216201183741987,-0.03405605947326101,-0.09133433960134858,-0.11114236945889247,-0.13936194009548128,-0.2618262353820762,-0.4552545931970102,-0.23998766683527364,-0.4409287759737054,0.10895544946526058,-0.00790249545063409,-0.029642721115305012,-0.18430705549722604,0.15217230962692177,0.13850023074303286,0.506678247481475,0.4358133339244654,-0.5164964139106812,-0.27866060218893524,0.8085852530011708,0.5426096734734182,-0.07421622939686391,0.17893366490469004,-0.22818974533627018,-0.14574374827446532,-0.005909842953672038,-0.09350352563262888,0.3874681342863995,0.16331085016212468,0.4458910610753633,0.26258154096041497,0.08770855038964337,0.09661180557934639,0.45426955219729837,-0.014736519669584038,-0.1722189418870145,0.30353490265465327,0.44396047744663186,0.07123289327580544,0.14598476894460757,0.17461060853688765,-0.02671822950568595,0.12604857090461344,0.2485580071862852,0.43078091906259885,0.02445795539505424,0.03137742506897101,0.07038005090453284,-0.3080997857817957,-0.10123392103953263,-0.13270283723245396,-0.2252378466939259,-0.2016919812261826,-0.011695145126283949,-0.21919782033480914,-0.12792675873548787,-0.23430151363399118,-0.03138951640693801,-0.020849094056502822,0.1621202564169738,0.2879330462312307,0.17889739089078902,0.17258410029361798,0.08769081642729176
#101,-0.19153525733390028,-0.15874596703498225,-0.1435648891728114,-0.14196480211517806,-0.21253549311499065,-0.20746035552564068,0.18478184203473036,0.022416131457026377,0.07155049241973871,0.02935736553928375,-0.026206362865082836,-0.1762123077729166,-0.1951860353107373,-0.010054753608760578,1.0,0.32605381048439913,0.27301555953674056,-0.021089308637447277,0.4809317585037372,-0.013279916489159108,0.3341018050352362,-0.03292269806115396,0.29372076667143604,0.20172180652650118,0.2988329843638848,0.1417165266422556,0.2976302992807669,-0.14130622724057532,0.27650673185241315,0.16111667536571259,-0.03297509385901097,0.05192141436410646,0.010797967849132346,0.22571182714223242,0.16155760615690928,0.15980436215169389,0.06982546153644631,0.07693678043943952,0.46025476449096475,0.14796452401440482,0.04115206268149602,0.1823200456246486,-0.05791307537135522,0.11922099539924591,-0.018641215743728123,-0.0016754563976276796,-0.16638124391654557,-0.31731499749104736,-0.18702035173702147,-0.5084258488623059,-0.08021433911769507,-0.19966305471531953,0.00582842794469422,-0.15969070357480408,0.13144372590549008,0.20958278838344857,-0.12158686719478944,-0.25227085403135285,-0.02644738353522509,-0.1236649651467183,-0.15840015476912597,-0.14447093343113881,-0.09029287235779075,0.05678132613764376,-0.06369031665198913,-0.1165455853517471,0.08998091583824208,0.23693178268641316,0.42569691449207314,0.27356773063723366,0.018301852191454245,0.2532800777069987,0.1535458856199733,-0.138144745406803,-0.15302273373060096,-0.2781374502995629,-0.20817293837649606,-0.16712768251370855,0.29430195698304995,0.1328656672504096,-0.0032166989438216285,-0.06734754334240856,0.005515665335947749,-0.19230829687459067,-0.18599581236661744,-0.33891496363530105,-0.2808781535720835,0.06423362077130645,0.06900808708987693,-0.172660678767409,-0.014584974900397604,-0.2202932955546196,-0.2774546927490261,-0.3639319418890297,-0.0966811292503572,0.23590321287002014,0.08052548954804593,0.009835497346958927,0.03805345580515212,-0.21255483925573784,-0.2685635288972901,0.054708870810099494,-0.08585132087791175,-0.18880906366694006,-0.1894877907714878,-0.07668528060972588,0.00679976542804344,-0.21166169242457525,-0.2150367878957646,-0.0392714565830282,-0.09364781559903511
#102,-0.04349052744431435,-0.1249925940554952,-0.21871739117292024,-0.14068150811228017,-0.21967986167509365,-0.3750148622695844,-0.08361119899722504,-0.18174772229421046,-0.13360888149078137,-0.07090803932909195,-0.13538308381513955,-0.40916563722358695,-0.3082795436729051,-0.29255193733462576,0.32605381048439913,1.0,-0.0706170411286861,-0.05620416627201883,0.3634055656428662,0.49460625565521954,0.3207755384172036,0.5147738012949823,0.0481464986508082,0.17819448111030725,0.12824355179022334,0.3849281472241311,-0.06702510766328848,-0.10601402998248771,-0.14988059803757584,-0.08722086642497426,-0.046918018713360723,-0.2869375260719475,0.02861495738810978,-0.06381445438845035,-0.014956582020583488,-0.0649276635706124,-0.19981137512771477,0.09264262236937829,0.26416389405569674,0.44676083131978966,0.09143268248348022,0.16358492048937676,0.1191613447986087,0.10015456760367819,-0.0803336403189695,0.38044226083837307,-0.3982536077529659,-0.4381695326496353,-0.33018098717713606,-0.09620392444525949,-0.13097377590317258,-0.05786954655467401,-0.13750229231615624,0.07758407006527307,0.1307198578058655,0.5092690181632048,-0.15920946832371735,0.30521398645367104,-0.14202525880501307,0.054047877667903345,-0.05258643795229161,-0.07227758487615447,-0.24927300830473395,0.017947172944422166,0.04861644865312571,0.03191347438550813,-0.21774202324358202,0.10651380528512383,0.30966521100392363,0.3894986729756581,-0.053752849021508474,0.2119768733009151,0.0034415978300078795,-0.16220731405033623,-0.19186172345900937,-0.16795876047664055,-0.21201637167160733,-0.04050799741245367,-0.0322238187266612,0.0746249166201486,-0.24568268701773194,-0.1505923747992334,0.03693621617700107,-0.4013465720049252,-0.2238191297057976,-0.35125377098602845,-0.3108936909413711,-0.08711688091845803,-0.1231434254357416,-0.1695749693182299,-0.17168208648127958,-0.2880660509488677,-0.1209887490100217,-0.27572401924134915,-0.17031576529100828,0.08932637140962833,0.3716736225447027,-0.12455891806707871,0.10260749703258414,-0.24693051309592662,-0.1677185458956961,-0.1876410404193276,-0.22593188949323187,-0.28859242719503125,-0.06317119520860581,-0.09032350374730716,-0.02159069611847899,-0.1610997474925588,-0.18573544555572796,0.029601610566217205,-0.018295403477871845
#201,0.3490676570815944,0.31715619791908073,0.5752861112846442,0.4818490880108338,-0.09410889862017681,0.3240555153630525,0.13660914548499364,0.46644311126247673,0.2653746400307926,0.6704787968312633,0.4523865278312372,-0.002760452457866725,0.20318405233131073,-0.3044409469129807,0.27301555953674056,-0.0706170411286861,1.0,0.5500305306283667,0.20301961013495948,-0.42227990238259816,0.10820820477889981,-0.29254145817505434,0.1854976492423769,-0.13803834163269338,0.4672580674414527,-0.11504303508704755,0.37665364160871223,0.06777799497403385,0.32286733988549504,-0.028073265447188057,0.319922696045931,0.11891951803926863,0.18510750207064164,-0.02215173420014792,-0.26558744757901187,-0.2225527635760535,-0.047267861425206004,-0.22859037166757687,-0.008658607118170661,-0.18901058596639012,-0.12042368048236378,-0.21642971002956332,0.06156304725899445,0.01355076245961997,-0.43506850750569803,-0.40108620519403576,0.08837760442381752,-0.06614888870527968,0.09566223250433777,-0.1928910993646002,0.29177809170473756,0.12701265358518246,0.35220737450702605,0.19972431749435235,0.27832123863666136,-0.06434324890220727,-0.1090554045257878,-0.5018094687267619,0.01716849077934719,-0.11026453832248807,-0.010835047952231154,-0.0159029307388009,-0.38172555484127096,-0.2539620291683376,0.4714553738943983,0.18246352950185704,-0.36761093298778974,-0.2128079512638471,0.2719700618471937,-0.018700866344365335,0.5525052244656132,0.4053036638769263,0.07655066371369323,-0.04569437531110005,-0.2888939045550085,-0.16884304032662734,-0.25780788073104227,-0.0808148755700562,0.1244839517716833,-0.22047144126733342,-0.1581357575122475,-0.015532129707812817,0.3060765018953172,0.05023830011909968,-0.3023709098530298,0.07333436781447052,-0.04051767048282728,-0.09020178427843933,-0.06902179060623953,-0.290812396845773,-0.2313076983533613,-0.3070816951249741,-0.13789566384468274,0.013796619664949024,-0.08550309034446206,0.7363798131082195,0.16121421215864642,0.6157026175731476,0.3731108795843804,0.4102272566970898,0.05079853211157081,0.6634666268995996,0.27527583364737224,0.4927466078758945,0.23021141704435305,0.30606199228975683,0.011783814938041969,-0.11541383611803564,-0.23459493010199042,-0.014277854916035735,-0.16282316619745557
