,#10,#11,#12,#13,#17,#18,#26,#49,#50,#51,#52,#53,#54,#58,#101,#102,#201,#202,#301,#302,#401,#402,#501,#502,#601,#602,#701,#702,#801,#802,#901,#902,#1001,#1002,#1101,#1102,#1201,#1202,#1301,#1302,#1401,#1402,#1501,#1502,#1601,#1602,#1701,#1702,#1801,#1802,#1901,#1902,#2001,#2002,#2101,#2102,#2201,#2202,#2301,#2302,#2401,#2402,#2501,#2502,#2601,#2602,#2701,#2702,#2801,#2802,#2901,#2902,#3001,#3002,#3101,#3102,#3201,#3202,#3301,#3302,#3401,#3402,#3455,#3501,#3502,#3601,#3602,#3701,#3702,#3801,#3802,#3901,#3902,#4001,#4002,#4101,#4102,#4201,#4202,#4301,#4302,#4401,#4402,#4501,#4502,#4601,#4602,#4701,#4702,#4801,#4802
#10,1.0,0.4440580142395657,0.40744463678628356,0.37111258446303375,0.05231962242781975,0.2627016482508872,0.1223010622240404,0.43421969558041446,-0.046590746499053856,0.3363225807751757,0.5255834574374827,0.08500976375540835,0.048729301140817735,-0.11892032412846644,-0.36450023477347887,-0.3368812005892512,0.496855244517082,0.285475280267138,-0.13628106718148897,-0.20990361188417303,-0.04003724132093837,-0.14167057955798099,0.20078593696785518,0.09643365986663255,-0.05752857082400453,-0.021548779480193382,0.276006956549777,0.30634896004417367,-0.22755535313760145,-0.24283477388190391,0.3828113569907078,-0.13971984369930454,0.40860379305272027,0.06215955326536658,-0.08824379361698269,-0.23657549126098548,-0.1677830330315201,-0.20848570098524252,0.1377336399159249,-0.14523107554466438,0.09391060067751797,-0.13546772318090858,-0.11048701894108093,-0.2446323527929983,0.00993384022909055,-0.1889493231873573,0.22396986838578622,0.25162517658391487,0.10745209311136324,0.1766621055452891,0.1253561402837031,0.14316023239551573,0.2806806617186225,0.27872589541395704,0.20588445114394133,-0.16838840601906804,-0.25408213645880984,-0.2795295663441638,0.1872331592852407,0.11705664590315241,0.17512892389107318,0.13885087954407596,-0.29915703222140044,-0.20102937590559083,0.305903998806988,-0.012570557995094947,-0.1029081683033636,-0.11730653355447047,-0.19497000340572687,-0.18625537308830908,0.1033071824562747,0.08983823805023144,-0.3849176680645597,-0.10324914403403308,-0.41847757963657467,-0.419174040703474,-0.42987648698266706,-0.34004751895821034,-0.11934271486811374,0.06788681701573687,-0.004247687027808062,-0.07080727817936694,-0.16146732416675566,-0.053967268748123326,-0.09088776618576729,0.23491333533512151,0.18258927941671385,0.04038708403278365,0.04132537185902306,0.006067836436440874,-0.10946167348147909,0.06765869377275942,-0.09354221791412329,0.12689496456230365,-0.06846800732735081,0.17814692184763706,-0.018876593789485776,0.403146569183613,0.2751887760140098,-0.019926121925021613,0.13792710132339694,0.38696191027018095,0.14957186587481838,0.25943053828621404,0.17896187802661304,0.22936744165425627,0.1707720117769632,0.024628846304987878,-0.11059181053679495,0.21030826866146873,0.07818702478522761
#11,0.4440580142395657,1.0,0.3042652194678602,0.35851985901499933,-0.08236256682983256,0.04067647005479391,0.31510711917827267,0.06486237034559059,0.18596921142309003,0.3801262738728354,0.3063239712790419,-0.14713505822986842,-0.1263339264806347,0.05157479600905238,-0.31198029918000575,-0.06858650243942743,0.02009378847816405,0.17142575011637912,-0.18356545343524988,-0.07886978233576436,0.03845005169046981,0.002400936675647844,0.07482643891959864,0.17763666738542955,-0.06565959256221497,0.13315021673723307,0.3475143231974334,0.3572639720448266,-0.3000348633578049,-0.2732589984744762,0.2536137986348879,0.011368679001174876,0.1686648946139135,-0.05940434038728556,-0.1747968151415795,-0.11583219641169394,-0.13236750412616907,-0.14149243384526713,0.030316611684665967,-0.102882373449034,0.0022888902771536182,-0.3099102621200549,-0.1792319179078761,-0.0869983858063814,0.04721707780574459,0.064009527974318,0.16035814543058263,0.17347482885718718,0.26254607303571176,0.35727928773958484,0.217588866296,0.3177849474933649,0.29611888203489156,0.3802197802197802,0.2806580912210841,-0.04711873492361297,-0.07038005090453284,-0.027093867071860837,0.17118231117864346,0.24777932502121022,0.22949883419349767,0.19576238908716445,-0.14032118624086348,-0.04390324511358804,0.40260326506429567,0.30916704787968313,0.19728106113581997,0.21707619356619906,-0.20651561898581888,0.021735792174083023,0.002060767034176167,0.17936814698230433,-0.1880827772997221,-0.09346402726193667,-0.21819988190793252,-0.09189457159381971,-0.24962365710577705,0.028759247354516015,-0.13979642217309557,-0.03251239865947366,-0.20308570944917909,-0.2017645292539846,-0.12217934275517257,-0.228351769265028,-0.18921130217664237,0.12337557912470805,0.15825667089191756,-0.034549386062314724,-0.17295167696781488,-0.027509003008727932,0.019708477841615564,0.009265592284114199,0.03284128305217614,0.10954550675805032,0.042702172208865775,-0.16102075075117436,0.010929360388373775,0.0918325027255891,0.17687813745029957,-0.11936206100886093,0.11420228405374197,0.20675341529916993,0.13823744566455,0.012475439469754525,0.04732670593664542,-0.0830130808124573,0.060956062093050906,0.06518158166791946,0.1602243346237478,0.10847098985738267,0.07085483744203715
#12,0.40744463678628356,0.3042652194678602,1.0,0.6599972189922676,0.028097448123122065,0.32696227301031994,0.2724158291735772,-0.0768352132005167,-0.3881726562452768,0.45952364158855996,0.10560373058080742,0.013225102423708696,0.14200994311025486,-0.13163235077777533,-0.3478601354632897,-0.11604903440590218,0.5080485991177354,0.702309647073997,-0.2552912702555101,-0.03629456917555212,-0.1531831454809632,0.18705743184012028,0.06757566658538601,0.14739058850557107,-0.06427473132039425,-0.10263006753012255,0.0904952007464386,0.41849370142053066,-0.12772684861443342,-0.37024845684299196,0.20733057516479486,-0.27433754582113284,0.39534201357051163,-0.01801891488302638,-0.24499186857521718,-0.3342227184149062,-0.4224564359169164,-0.40504168488764125,-0.11585879735522134,-0.2591782323673026,-0.301482599557054,-0.1884793731850398,-0.4062854805198469,-0.27026598928304413,-0.15375708098979693,-0.17691279928580497,0.44416280583527973,0.36126620491190453,0.3232244374001205,0.26071947491349656,0.25810371546663496,0.5306650437404151,0.5302998853338116,0.526933656843798,0.017825453475554337,-0.31630254945861036,-0.3356043552999357,-0.18343728525279965,0.0291429458126689,0.13227157951163085,0.2074353667605089,0.09285381773920193,-0.12213903829528257,-0.044315962782861734,0.43110093647412556,0.06521301914663367,-0.07486513120109306,0.02941056742633856,-0.1827867712701749,-0.011346914592834271,0.2261172900087259,0.32513809315569814,-0.32122694836797167,0.1386525816014171,-0.3722499763211298,-0.24689182081443223,-0.39941276401940257,-0.18391045961190836,-0.10919485795700723,-0.1440034016964147,-0.044167642370466505,-0.14679005205320994,0.09411292906616582,-0.08029011150228829,0.021008699717667258,0.06295596939279316,0.16803936939642056,-0.12998712272506513,-0.05006902138756164,0.0675643813366168,-0.04744117060273305,0.12608565100771227,0.0034754535763154874,0.09009860486112091,0.027039859095608226,0.24136849763110538,-0.11407492196048954,0.30185984930162446,0.6520878717834522,0.20066502358818514,0.44967323159144174,0.2733009151127618,0.3070881438385565,0.3584158735084831,0.48101801004790185,0.5649593025716261,0.3452516308192083,0.044174091084048905,0.012265856278326479,0.07622580976697976,-0.03059551854710483
#13,0.37111258446303375,0.35851985901499933,0.6599972189922676,1.0,0.04791112060505055,0.3469129806558745,0.2953256902642562,-0.11991745646614527,-0.30833677600594894,0.5157523935811117,0.20526537464003078,-0.047343633809799224,0.22235204736580128,-0.05156754120627218,-0.14052351462951132,-0.022005832055346085,0.3877438167920471,0.33601384861241823,-0.26341020065575355,-0.08175880602068022,-0.023428579489463405,0.10319191170098928,0.030560856711599423,0.06657369771252038,-0.010207104467144812,-0.12565922982207597,0.02123843513904031,0.41121310378599946,-0.09219524286459918,-0.2639970335917521,-0.01602142585087753,-0.2071266345977514,0.24523288924535944,-0.017718243612246914,0.010705267591385325,-0.2513478818998716,-0.1717240031195652,-0.29468001281681827,0.11822547523996267,-0.09563643765000816,-0.16610233705410674,-0.09685524451708204,-0.18622635387718828,-0.10428093820721732,0.08501540637979296,-0.09469653764537315,0.44033307605653105,0.4184324386414979,0.20471884616392227,0.2022457645050713,0.26469994337223385,0.3984494874280313,0.4008395418995089,0.4678569917154183,0.13928536162169025,-0.11556054435203528,-0.1986635041100473,-0.15572393863242937,0.16029446438395642,0.2164143943348051,0.09723652470764152,0.09679801218403822,-0.05620174800442543,0.10295089103084702,0.3352948170479804,0.005169046980893671,-0.07667399536095666,0.044698049062619025,-0.19963322941500092,-0.019150664116737836,0.038487937882766415,0.20603035328874317,-0.28797738113710974,-0.06446738663866851,-0.3227698030925612,-0.2513116078859706,-0.37118835684762697,-0.14008983864109484,-0.17281544789338665,-0.021607623991632793,-0.0945095249514835,-0.14716246526259363,0.06912255175596456,-0.11398463997033592,-0.07072989361637812,0.07072505708119133,0.16049195623741744,0.06823182319239536,-0.08257698655644741,0.12410428375951942,-0.006808632409219242,0.3518615622411698,0.05147081050253616,0.20034581226585627,0.05716260632820325,0.11163327778035279,-0.11116252168883747,0.13412880902336247,0.5181335810714135,0.08095835944726464,0.2674358101095677,0.0631720012978036,0.12652335744211776,0.250374126148929,0.2927679692396362,0.31343609627123287,0.10474766385274363,-0.023277840809474773,0.12373831926371813,0.07403324714896327,-0.08661226908063512
#17,0.05231962242781975,-0.08236256682983256,0.028097448123122065,0.04791112060505055,1.0,0.42849404400843977,0.07291278316402101,0.04401045497689547,0.16371711911781597,0.02018084611152647,-0.04341717332731453,0.48593031761929617,0.21797014648655946,0.19767765702113768,-0.10682495571547469,-0.1942501657520913,0.14746555480096651,0.09077894414406426,0.058477337809815344,-0.051901262134161456,-0.3924820090967166,-0.37204845402167974,-0.11471253851594948,-0.09437813241224208,-0.150565773855706,-0.19252916531478792,-0.3323493671192186,-0.17998883566461046,0.2704465532633514,0.26911408781938767,0.06335578963490204,-0.1431642628415047,0.10933914792341347,0.13146307204623728,0.0004219876950483956,0.09850127865899001,0.21969356519145625,0.13709763553886056,0.10397059386606425,0.023113398613123535,0.13461649298803158,0.16574040300429443,0.33961706732658503,0.19195281153836077,-0.08770774430044556,-0.030165066915479533,0.08724746736850165,0.12281534713223692,-0.18839957035445756,-0.3595081243715023,-0.024270136611966798,-0.04883086837974056,-0.1324182877456305,-0.14691902632485798,-0.30661980601463457,-0.2820050662706082,-0.4683720827128126,-0.40112006094034336,0.24615263702004944,0.05379476565979408,-0.037738274928812245,-0.09541718138820651,0.10909973943166681,0.16445630291219876,-0.1897941046666519,-0.08230372231839314,0.10542074833290678,-0.0724210687533629,-0.10855401704475609,-0.030527000965291814,0.04410154305624689,0.20897338494991163,-0.20715162336288323,0.011821701130338577,-0.17220604445984972,-0.18020244930202753,-0.18315757230116297,-0.2088452167674614,0.03244871761284745,0.2079544882038922,0.2256110659925074,0.15084790507493606,-0.1355152824435788,0.36627766145462826,0.4987221470991873,0.06735237987759536,0.17382144721224127,0.15904905657335514,0.1245000735556393,0.3294377729367643,0.4670831460855301,0.17985099441178665,0.17029883741785448,0.07165609010465053,0.2171044066881221,-0.041422102562759085,0.014197245996255716,0.05005451178200124,0.10309356881885764,0.19167793512191092,0.12246792268798504,0.12792272828949888,0.08836390090745491,0.2445976909574929,0.29144598295524393,0.25313981818658143,0.10193199428482759,-0.02714223242372885,-0.028902731231724446,0.039755110101708305,0.144429822882051
#18,0.2627016482508872,0.04067647005479391,0.32696227301031994,0.3469129806558745,0.42849404400843977,1.0,0.1783379649875157,0.1938858134346856,-0.1757310725218299,0.0706396116262245,-0.03290657627719795,0.5276172204835327,0.5013508039732136,0.2640276649812685,-0.38651856121139083,-0.4542413390753754,0.24704497776201426,0.3540847562487027,-0.1601920910558358,-0.11688091845803197,-0.32468507102653443,-0.3883540263147819,-0.20813827654099065,-0.18432881990556665,-0.23298113952799446,-0.2553726852644879,-0.28235813333924464,0.04354211715297356,0.05565924997430591,0.1681941385223982,0.10920453102738084,-0.09013810323181312,0.30148098737865836,0.007778357714172862,-0.05382378487091489,-0.022016311214917487,-0.022270229312224544,0.013682154998861398,-0.10867493042442611,-0.2047744663185705,0.0229570173087503,-0.06266819554917849,-0.012634239041721161,0.10456065115885398,-0.19730443772255618,-0.07025107663288481,0.5332276013002218,0.5009171279847972,0.12030357319189156,-0.19793963601042272,0.26380276609508224,0.08934491146117773,0.17333215106917657,0.016649369335963872,-0.3095757351029678,-0.29324759231232733,-0.3124566978959057,-0.29833965777483107,0.1678209192238167,0.0401702460385754,0.2935127956584036,0.17376663314679086,0.2118640208132231,0.12956795634220905,0.012121566311920245,0.07030186025234622,0.052910485809807284,0.0432632102905347,-0.20639712387374226,-0.17807276164143943,0.08597142816838398,0.09731874580581715,-0.22789874713586433,0.07586226353877189,-0.10905459843659,-0.08247783758511798,-0.022039687801653694,-0.15764162483399602,-0.06275605927173872,0.08525965140672641,0.10590520794078469,0.008243471181303566,-0.016989538977435548,0.3235033442625594,0.3882371433811008,0.3685532512600182,0.3556517936492263,0.07102250399517959,0.05243972971829198,0.2820848691011904,0.18339698079290964,0.32780060577603215,0.1369130411125643,0.1766532385641133,0.2058401162380623,-0.09461915308238433,-0.16947340207930708,0.0869871005576122,0.36765526789366876,0.3464244906020076,0.19082751101823173,0.192948331697644,0.3215316500847401,0.2888697218790745,0.3524145394308607,0.35511171388670015,0.31324505313135426,0.2595885317689829,-0.005395558045475522,0.1682376673390794,0.17995417382910506
#26,0.1223010622240404,0.31510711917827267,0.2724158291735772,0.2953256902642562,0.07291278316402101,0.1783379649875157,1.0,0.16697291338773093,0.019352992505385684,0.4088641598636097,0.2984670198680835,0.05398016617528813,0.27918617234590093,0.446376326772439,-0.09249833240297205,0.06547338595752313,0.08054644786718874,0.145180291925203,-0.27715805192423565,0.0007911765476408792,-0.027958800781100433,0.14059445047891775,0.1562672427517467,0.16328263704020168,0.15639218657740572,-0.04167521457086834,0.15325811177635862,0.14822730909288767,-0.03713935065484671,-0.19571724809208763,0.15506616984702443,-0.15603508906278024,0.3055130455460549,0.015565985454120426,-0.18572012986096978,-0.21754856183611,-0.04097552914717778,-0.21880847925227165,-0.025027860457898968,-0.11154218970100137,-0.11066758292138816,-0.16500121920991168,-0.17058096863708452,-0.13110194408562278,-0.16253136190785192,0.03969384732267549,0.23941695568323113,0.22575858031570484,-0.004462912843620711,0.23636993851554644,0.30735657154142393,0.26988229082489124,0.20144048139646892,0.13537341074476597,0.09461028610120853,-0.03870477587697466,-0.017382104416764237,-0.08338146357585198,-0.21002855570983206,-0.22892167432787275,0.19199553426584418,0.1809480818099927,0.30659481724950277,0.2497832627669415,0.11889775363092803,0.11691235593674618,0.5202358616992764,0.6126991292221441,-0.007308407711855355,0.13794725355334195,0.10146123819331228,0.2494672758014038,0.059939583614624876,-0.018956396620067994,-0.10813243239430659,-0.06359358594825311,-0.09615233473660027,0.03297831821580217,0.19085491805095692,0.12025682001841914,-0.15138717874826438,-0.2303798896866933,0.12559474268625195,0.056668473649951735,0.10788415692138413,0.06643182601370755,0.15901036429186072,-0.16757586810768546,-0.2636931379641814,0.16961366159972432,0.0724057530586047,-0.05469919773972589,-0.03465095330123755,-0.056150158295766216,-0.1806208095956858,0.01802455750741098,0.06643988690568554,0.13327113011690309,0.16833923457800223,0.02082571746976662,0.06541212317849032,0.2198580073878075,0.24272111530501408,0.15346044016500646,0.1615962984384037,0.09068624388631724,0.038339617470371186,0.11976591169695883,0.17410438452066915,-0.19637662905588818,-0.2744439495952425
#49,0.43421969558041446,0.06486237034559059,-0.0768352132005167,-0.11991745646614527,0.04401045497689547,0.1938858134346856,0.16697291338773093,1.0,0.3428261084230276,0.04651013757927384,0.5075044889092203,0.25179606749384853,0.12780020273143325,0.41644704094731605,-0.1449118642223355,-0.15179747814994468,0.29178937695350676,0.01619957156359137,0.06572972232242359,-0.0013876825540130144,-0.09996916708818414,-0.14819506552497566,0.024378958653669822,0.04650610713328483,0.025467179070700067,0.09707853122487269,0.06859456333140544,-0.2476342289656062,0.12988233112935113,0.1373104430870798,0.1263242534102611,-0.08838002269141092,0.11843747669898412,0.12912783164021016,-0.0953978352474593,-0.04322371191984249,0.08416014574092696,0.13335093294748532,0.026310348371599058,0.10049957378033667,0.13357825010126495,0.08969959070820982,0.1818904000822211,0.06853249446317482,-0.30924926897785876,-0.1633060136269379,-0.041378573746077875,0.07994752359322321,-0.2653915679039464,-0.1625305558186541,-0.0798951277953662,-0.3109871972883159,-0.13975289335641436,-0.1991802072858372,-0.05157882645504138,0.009267204462509799,-0.11011379964249944,-0.1382189056130006,-0.06821973185442835,-0.2604647507269917,0.08995592707311027,0.15706527105756887,0.11617639649915461,-0.026592479590829124,-0.04533808388567237,-0.11451504666248843,0.2539007663893048,-0.04694865010287713,0.21512303943992922,-0.04205649476142782,0.18946038373876262,-0.017186224741698793,0.1284273401273218,-0.0944998518811099,-0.07517950598823513,-0.06245619409015705,-0.022697456587058643,-0.2225656610032183,0.1452302694554666,0.2347972584906383,0.1447627377207425,0.18818434453864494,-0.11708969556026222,0.2520008141500898,0.28491021173948006,0.23165028626242637,0.04003240478575157,-0.004201739943533451,0.21910270180946873,0.14113533633064168,0.10312097585158286,-0.12461050777573793,-0.1951094568369463,-0.188482597541831,-0.2123597656698702,0.10183284531349816,0.1081687064082076,0.20947477243094334,-0.11137855359384792,-0.05975015265314183,-0.08947872226801257,0.211477097998279,-0.006427352218659756,0.07653696019733064,0.1023938833951671,0.016122187000602552,0.1593569826469148,0.09569447607224978,-0.04740973312401884,-0.07898585918024759,-0.008848844168851504
#50,-0.046590746499053856,0.18596921142309003,-0.3881726562452768,-0.30833677600594894,0.16371711911781597,-0.1757310725218299,0.019352992505385684,0.3428261084230276,1.0,-0.020414611978888525,0.3523234513515093,0.18156151568951862,-0.054122037874100956,0.302329799303942,0.3236105541258668,0.2974892336711519,-0.2025907706817298,-0.29033357986227964,0.29913607390225766,0.19391241437821302,-0.07499249329434549,-0.2172712671520667,-0.12326030836942262,-0.17457514061218443,-0.09366474347218892,-0.05903515153469307,-0.1182891562865889,-0.378530217261191,0.18789898896262366,0.11912910123069669,-0.1417858503132664,0.08021756347448628,-0.1796672060746882,0.048094102852951195,0.023909008651352315,0.1139419172428525,0.10080911203229194,0.2741319930756938,0.06119869494158876,0.23780397119843297,0.1691654760057474,0.09931623483796599,0.15684682088496502,0.2543497580724795,-0.1426330500601544,-0.09811435584404592,-0.17063497661333715,-0.021313401434435726,-0.2666281087333719,-0.2908655987328278,-0.008934289623818323,-0.3225634442579244,-0.3143905058814283,-0.34460434119337474,-0.14764289442448253,-0.028556112876670366,-0.15007808989103688,-0.17555534507670947,0.16048389534543944,0.04542675369743039,-0.2710293557533609,-0.12346102457967487,0.20917329507096608,0.05604778496764559,-0.32621664050235477,-0.12441865854666148,0.44434578808318037,0.11774585216727157,0.3157697244988644,0.2772015807409169,0.06387007454309857,0.14913899597559968,0.22212231194442822,-0.3019267547050419,-0.08802131299838983,-0.147068152826451,-0.11555973826283747,-0.14973953242796081,0.0006581718300038491,0.12114674249279055,0.1086064128426131,0.1540819349365104,-0.11666811090981273,0.16147538505873368,-0.10073656400448992,-0.09984664153011852,-0.2459704608613466,0.01072622591052813,0.05924312254772552,-0.1285369682582226,0.12509093693762682,-0.19925678575962824,-0.20590137901709513,-0.0503293881984511,0.06601265963085146,-0.30217180582117315,0.19538836369938514,-0.16751944186383944,-0.2573621134046588,-0.2186005082392392,-0.11889694754173023,-0.1669447002658079,-0.1351597971073489,-0.20463743115494445,0.0189829975635954,-0.2574112848457246,-0.09852626742412182,-0.3224062568643533,-0.012036120856953426,-0.06895407911362432,0.13233284229066367
#51,0.3363225807751757,0.3801262738728354,0.45952364158855996,0.5157523935811117,0.02018084611152647,0.0706396116262245,0.4088641598636097,0.04651013757927384,-0.020414611978888525,1.0,0.3204788975924131,-0.17555050854152265,0.07191081429115538,0.16945566811695548,-0.24754797742144158,-0.17387545518849387,0.49603464571372147,0.21527055376312665,-0.37689305010045887,-0.26745031971512806,-0.10848066292775627,-0.02136499114309494,0.11056762786086094,0.010379607555474051,0.0015085959336830416,-0.2485515584727028,0.34243918560808345,0.2309933235662192,-0.10761331095092327,-0.22126624521636443,0.27817372431346393,-0.1226992702877537,0.14668123001150693,-0.05805414098097025,-0.18889934565709368,-0.2699862763314074,-0.13041515608909704,-0.301385868853318,0.1143586653581152,-0.20214097290935729,-0.002234882300901006,-0.11888001966857642,-0.09628130900824831,-0.12459035554579292,0.030530225322083014,-0.23541552890535103,0.37164863377957086,0.33180525691070345,0.11149059999234215,0.21289259062961613,0.29685322929408753,0.27768926470558597,0.32977713648903817,0.2627177700348432,0.07617825050430956,-0.3983817759354161,-0.1381995594722534,-0.3488355033926279,0.1634180600254321,0.16718975138193917,-0.08524433571196821,-0.003148181362008613,-0.06122932633110517,0.1889831789336649,0.4037438812791829,0.14356085872682242,0.10094292283912676,0.13567569419394104,-0.3679253077749318,-0.13038694296717404,-0.021825268075038845,0.2883909048955812,-0.3082948593676633,0.004315398520423277,-0.4900010680681871,-0.37956120534517745,-0.39978840158557744,-0.13917492740159162,-0.21159075657516882,-0.10675240768767268,-0.043769434306753216,0.014505978159013186,0.0038083684150069627,-0.13920797705870144,-0.018072116770081192,-0.052392976544819565,0.053054775776213516,-0.03545946076663113,-0.10913520735637001,0.13052317204160227,-0.12739312768654415,0.08149843920979076,-0.09806115395699111,0.14383895950006348,0.05175213563256842,0.1404203352121929,-0.12913428035379254,0.4092470522325648,0.4301223441879961,-0.041391471173242676,0.12419859619566204,0.34547169317020776,0.11439816372880741,0.30116419432392294,0.2712292658744153,0.17280255046622184,0.05502566386483496,-0.21287485666726452,-0.05745038017181791,0.07742124004731743,-0.021535075963830776
#52,0.5255834574374827,0.3063239712790419,0.10560373058080742,0.20526537464003078,-0.04341717332731453,-0.03290657627719795,0.2984670198680835,0.5075044889092203,0.3523234513515093,0.3204788975924131,1.0,0.08189745336270185,0.09563482547161256,0.20501306872111932,-0.017679551330752503,0.01674126350451309,0.2652819397730456,0.023584154704638843,-0.05441384216370462,-0.029265471370734528,0.0896165635208364,-0.00225100408485701,0.2176864030889338,0.19657895744453602,-0.016260834342624184,0.12035274463295736,0.07706817297868096,0.037377953057395566,-0.10568756385737864,-0.15559657653917694,0.0029023241566795573,-0.18304713808106435,0.13920958923709703,0.017074178343204568,0.04249823164182233,-0.1324070024968613,-0.10488389292717186,-0.10077767455357772,0.04971031169454056,0.0016053266374190635,0.01276321331336919,-0.11687930627963637,-0.04640615207275761,-0.11161634990719899,-0.13400547737609905,-0.14821279948732727,-0.0014513636006392287,0.10688460631611191,-0.020299341223603096,0.07341739500184392,0.12382054036189374,0.018340544472948653,0.10003607249160155,0.05243892362909418,0.14759855951860354,-0.032071467868276964,-0.07657565247882504,-0.14846832976302993,0.019441662317143702,-0.09786285601433227,0.1292729276958142,0.20935708340806453,-0.10828317107429522,-0.12385197784060795,0.02817886313209988,-0.03660571960590299,0.22091801468291475,-0.0055559697958377586,0.1320885972637302,0.020431539852042328,0.21701734905475967,0.09347450642150808,0.03364253571478952,-0.11265136843717441,-0.22642844043907678,-0.17805905812507683,-0.1717393188143234,-0.09417177357760523,0.189374132194598,0.17957369972774337,0.027172057724047453,0.10442119772763456,-0.08283090465375446,0.0406119829189699,-0.0551997791315598,0.2756667869083053,0.10429947825876672,0.09869312788806646,0.1413271855597181,-0.007411587129173778,0.005730085062562598,-0.0931190210852782,-0.19521666670025373,-0.05634200752484266,-0.22435920946832372,0.14082499198948858,0.09904861322429634,0.1209734333152635,-0.013354076695356725,-0.11888888664975222,0.02804021579007825,0.0022356883900988066,-0.0322512257593864,0.07751474639426226,0.18712514333273547,0.030585845476731228,0.13351779341142994,0.020240496712163686,0.03892886867396312,0.1024261269630791,-0.025047206598646173
#53,0.08500976375540835,-0.14713505822986842,0.013225102423708696,-0.047343633809799224,0.48593031761929617,0.5276172204835327,0.05398016617528813,0.25179606749384853,0.18156151568951862,-0.17555050854152265,0.08189745336270185,1.0,0.6064938545774783,0.20364674753084802,-0.07539392571484997,-0.17626228530318022,0.020169560862757268,0.1201068874276283,-0.013350046249367723,-0.004631385485960949,-0.24973973395026028,-0.29521525604415755,-0.13973354721566714,-0.14863841458376575,-0.307844255506093,-0.349161969517737,-0.31783089457763947,-0.2523014854208692,0.05229624584108355,0.08032960987298049,0.06992299832938013,-0.24804936490247328,0.21045981343065517,-0.0847937318503979,-0.1549984583544092,-0.18576124041005757,-0.08445356220892623,-0.033127444717395205,-0.16265066310912635,-0.24602849928358822,-0.04786759178836934,-0.022271035401422345,0.07587999750112348,0.06737817473192496,-0.1474816765849225,-0.06639716417820214,0.14807737650209685,0.24797117425028667,-0.06780298373916566,-0.2574040300429444,-0.015385421473813185,0.053452983839926804,0.0079484425349087,-0.12363836420319091,-0.3091259373305953,-0.3204942132871713,-0.35377924844273645,-0.35784516235644054,0.01081731398987955,-0.14247102613139656,0.07255649173859334,-0.0984464645935396,0.3091992914475951,0.1081533907134494,-0.2088734298893844,-0.15464377910737712,0.18121328515606894,-0.04171068249557155,0.16320444638801507,0.1663941413437104,0.3121640875171042,0.1633987138846849,0.09145847733780982,-0.03565211608490537,-0.03334428271160345,-0.014929174987858281,-0.09611122418751247,-0.3179244009245843,0.013580587759938575,-0.07717457675279057,0.5110327413279917,0.25671804813561644,-0.08527657927988022,0.7658012627387284,0.41256572145990816,0.4507445241353182,0.06653178107423477,0.19049620835793585,0.08870245837053099,0.2251370855442009,0.29918202098653224,0.06934906282054641,-0.05060345852570316,-0.09901556356718652,-0.009732317929640504,-0.14053963641346734,-0.17868861378855877,0.02233391035885076,0.18186299304949588,0.24166191409910465,0.1835751265056235,0.12555040778037294,-0.009824212098189726,0.17333940587195676,0.3550552876428541,0.3187449997279449,0.22726113058040437,-0.04760319453149088,-0.15119291125159454,-0.14925023628489612,0.035867341900718025
#54,0.048729301140817735,-0.1263339264806347,0.14200994311025486,0.22235204736580128,0.21797014648655946,0.5013508039732136,0.27918617234590093,0.12780020273143325,-0.054122037874100956,0.07191081429115538,0.09563482547161256,0.6064938545774783,1.0,0.19634599766637179,0.07884882401662156,-0.050520431338329744,0.21763884382626358,0.24313463906348556,-0.1606741323961203,-0.22733932123259099,-0.14050819893475314,-0.04068211267917851,0.1077068172978681,-0.06924507731403018,0.0737051688454586,-0.22319199230990905,-0.19085975458614374,-0.12253402200220466,0.1390507896651304,-0.05452991900818785,0.05187546727983185,-0.25016212468990756,0.2607323723406614,-0.13806333039782517,-0.11421840583769798,-0.35376876928316503,-0.0728934370232738,-0.26658619209508627,-0.01911600228123243,-0.2865860711817066,-0.09720750549652071,-6.892062641191561e-05,-0.0763846093389464,-0.11266345977514142,-0.03635260759779373,-0.06725806744145274,0.2468490980869488,0.32932169609228107,-0.03847181609881042,-0.07780977504065713,0.14505534809954396,0.1258091624128668,0.14158352192461857,0.08882175957180542,0.008966533191730332,-0.2021272693929947,-0.15737722757711756,-0.35053554551078847,-0.11956841984349778,-0.2119414053762119,0.02365992708923206,-0.0843769837351352,0.18217978610423136,0.09962416091152566,-0.19267667963798535,-0.2361321422021954,0.10034480465435903,0.012462542042589723,0.13394260241867065,0.03420841033164525,0.3576186512918587,0.10245917662018891,0.05686596550341278,-0.1773980649828807,-0.17629775322788344,-0.2057627316750735,-0.15291471777809573,-0.20421987695048396,0.25262553327838494,0.012471409023765525,0.3258006984762899,0.19752208180596223,0.3678350257847782,0.5196707931716184,0.18396446758816096,0.26417034276927914,0.019752006658296774,0.2450515191758544,0.04885666323407017,0.09034365597725216,-0.04450216938755358,0.12727463257446753,-0.01033043611440824,-0.05656610032183111,-0.13176293722781895,0.12545528925503252,-0.08270112429290863,0.11420712058892876,0.2791079816937143,0.14146744508013534,0.12565842373287817,0.10825012141718542,0.06208458696997116,0.14286359157072526,0.27797139592481607,0.24334422225491362,0.1642289857584191,-0.013682154998861398,-0.08597626470357077,-0.19065258966230908,-0.14060573572768695
#58,-0.11892032412846644,0.05157479600905238,-0.13163235077777533,-0.05156754120627218,0.19767765702113768,0.2640276649812685,0.446376326772439,0.41644704094731605,0.302329799303942,0.16945566811695548,0.20501306872111932,0.20364674753084802,0.19634599766637179,1.0,-0.1699103024245148,-0.14853442907724954,-0.07889718936848956,-0.056898209071324785,-0.06070456226333725,0.09706724597610349,-0.37054026113259564,-0.2998349532367504,-0.27076173413969123,-0.1271932175654897,-0.18650526073962714,-0.10539656565697277,-0.184924519822741,-0.31727308085276174,0.13757967687914507,0.26074204541103496,-0.0128099664868416,0.06994718100531415,-0.010663350953099716,0.1753215792093474,-0.004721667476114569,0.1612069573558662,0.23816187480225626,0.2731566251463556,0.02530112469595323,0.12408977415395901,0.09990709821995353,0.08078101982374859,0.2212146555077052,0.275986804319832,-0.209782698504503,-0.032265735364946806,0.026111244339742413,0.13232639357708126,-0.22366436057981995,-0.21323276027108778,0.0033271331639202536,-0.2993005160986089,-0.1977211858378189,-0.29865000211598414,-0.2940383658153693,-0.09085068608266848,-0.003692291570523736,-0.1329172569590688,0.0834427263548848,-0.029462963224195574,0.1200722255921229,0.18773293458787682,0.4732279640403609,0.2202529910947296,-0.10401734703953666,0.05396888092651892,0.7098917220685055,0.3828041021879276,0.10302102079105563,0.09398959741890239,0.08954482158223218,0.20082543533854738,0.21845299391604178,0.15199255173581233,0.052862926547137076,0.1952061875406823,0.21664412975617817,0.09142623376989781,0.056849037630258975,0.15510083168252983,0.0326494338230997,0.15498717310564,-0.14659175411055111,0.28257980786863973,0.4061992289756823,0.136393919669181,0.14927038851484112,0.00025270896351035725,-0.026236994254599244,0.27922647680579094,0.21578886911731218,0.08504764994770496,-0.023647835751265056,0.06701704677131048,0.0543026018544082,-0.28820872873687836,-0.011763662708096964,-0.061492111409588025,-0.10770842947626369,-0.034718664793852765,-0.13914268383367961,0.04905657335512461,0.05615338265255742,-0.06569506048691819,0.11351146561122721,-0.1828222391948781,0.11535096116060722,0.1404017951606435,0.0886855304973772,0.05406399945185934,0.04781358381211673
#101,-0.36450023477347887,-0.31198029918000575,-0.3478601354632897,-0.14052351462951132,-0.10682495571547469,-0.38651856121139083,-0.09249833240297205,-0.1449118642223355,0.3236105541258668,-0.24754797742144158,-0.017679551330752503,-0.07539392571484997,0.07884882401662156,-0.1699103024245148,1.0,0.7520808185029715,-0.35922841141986567,-0.3783464289240926,0.46329533294506703,0.35827238963127467,0.4239194878109237,0.33308532655681017,0.1307101847354919,-0.09689635506616985,0.35578963490205007,0.03292592241794516,-0.15465506435614632,-0.2313939498975259,0.36902400735153346,0.0825963326971946,-0.5258994444030204,0.04079980170205734,-0.31958736293964607,-0.20865175535998937,0.16532043053224055,0.04792159976462195,0.033520010156723894,0.12688529149193004,0.13058927135582188,0.17725458110567224,0.034737204845402166,0.08894347904067325,0.06775542447649545,0.21180840065857487,0.040341943037706836,-0.02159311438607239,-0.25234098379156145,-0.17067769934082055,-0.2083736545867483,-0.20127845746771109,-0.1262105948333713,-0.22371272593168798,-0.20646161100956625,-0.1588257698655645,0.06916769275104137,0.3214655507705205,0.051775512219304626,0.06584982961289582,-0.29909738162076327,-0.15428748768194944,-0.5060793232075095,-0.40583165230148543,0.16694308808741232,0.12572532913629558,-0.36848312149980955,-0.3001243392587607,-0.006740114827406227,0.0004244059626417961,0.5861731519901334,0.37272315068023854,0.03163698579066267,-0.0220646765667855,0.3053969687015717,-0.32968282405289556,0.15295663441638135,-0.16169302914213973,-0.03673872432354002,-0.14503842022639016,0.1819484385044627,-0.01756186230787368,0.01846065176342088,0.024644968088943883,0.3497093040830433,-0.08686376891034878,-0.25776112755756986,-0.4670831460855301,-0.5242203606040027,0.13401918089246165,0.017109646267907775,-0.3041983140644428,-0.07256938916575814,-0.2586961910270181,-0.28686497804414546,-0.36759964773902054,-0.20811893040024343,-0.1461185797514424,0.19342553650274172,-0.3425810573068963,-0.30474967907573813,-0.16302307631851,-0.017770639410103924,-0.5039826852040312,-0.22989139963282637,-0.3133611299758375,-0.24215362850976274,-0.17055436769355714,-0.2124202223597052,-0.4022195666061428,-0.05810814895722286,-0.3985188110990422,-0.21513190642110502
#102,-0.3368812005892512,-0.06858650243942743,-0.11604903440590218,-0.022005832055346085,-0.1942501657520913,-0.4542413390753754,0.06547338595752313,-0.15179747814994468,0.2974892336711519,-0.17387545518849387,0.01674126350451309,-0.17626228530318022,-0.050520431338329744,-0.14853442907724954,0.7520808185029715,1.0,-0.36011349735905024,-0.23067250006549475,0.4432398337037985,0.49582667470068903,0.3831740971297179,0.5210846736245599,0.10748997930365985,0.036559772521628384,0.2615263702004945,0.21857874383089862,-0.09244029398073043,-0.11525100610008,0.22152661202725388,-0.06834064523409838,-0.41071574675095673,-0.013695858515224002,-0.23639089683468925,-0.1505391729121786,0.09942586296886682,0.05185209069309565,-0.12340459833582886,0.06747974197084779,-0.08510971881593558,0.24714654500093708,0.0031409265592284115,0.07805240788919499,-0.12043738399872637,0.12795980839259768,-0.11156153584174856,0.03541431977155432,-0.24357315158708887,-0.18554440241584932,-0.18608045173238644,-0.06679295397432203,-0.10655088538822263,-0.06342994984109966,-0.19970980788879195,-0.019903551427483207,0.04310360462937026,0.3604214234326099,-0.02269826267625644,0.20983993083754682,-0.26381405134385144,-0.1699352911896466,-0.35957583586411757,-0.2767340490061928,0.1890130042339835,0.16395410934196925,-0.23613053002379977,-0.1691058254051102,0.09021468170560414,0.14419525092549115,0.5853436862055971,0.5404412935313357,0.13361533020436375,0.11280452538475645,0.4468116149392511,-0.2555435761744216,0.1527091650326567,-0.07246298539164851,-0.08275190791237004,-0.03335073142518585,0.10278000012091337,0.01991000014106561,-0.01245045070462272,-0.013331506197818319,0.2782752915523867,-0.10490565733551246,-0.21264512124589147,-0.4149614185557703,-0.4146422072334414,-0.05941078910086796,0.01667919463628248,-0.39632624848102566,0.015372524046648382,-0.2518412084889253,-0.1682973179397166,-0.2918280692350012,-0.2066107375111593,-0.09991757737952493,0.2251975422340359,-0.33212608041142794,-0.24172962559171984,-0.24541828976085348,-0.06039341183298638,-0.40684813077991144,-0.2207576029325525,-0.36878540494898465,-0.2396362119450328,-0.20305104761367368,-0.23192274441128283,-0.32920320098020445,0.02750819691953013,-0.38290405724845483,-0.19835235367969642
#201,0.496855244517082,0.02009378847816405,0.5080485991177354,0.3877438167920471,0.14746555480096651,0.24704497776201426,0.08054644786718874,0.29178937695350676,-0.2025907706817298,0.49603464571372147,0.2652819397730456,0.020169560862757268,0.21763884382626358,-0.07889718936848956,-0.35922841141986567,-0.36011349735905024,1.0,0.4495837556904859,-0.2822509234759372,-0.39617631589023483,-0.2702869476021869,-0.06778363759841845,0.14945014640595056,-0.044979374192651286,0.05053171658709894,-0.1501417709376631,0.1912265251711428,0.1584678662617412,0.021870409070115653,-0.16751138097186144,0.34783675887655346,-0.25884612361780895,0.36353534600371207,0.09365829475860651,-0.05803076439423405,-0.20861386916769276,-0.12790499432714728,-0.24530785554075485,0.08580134334764813,-0.15384172035556595,-0.1014999304748067,0.08747478452228132,-0.03781565949180107,-0.2825386973195519,-0.1690671331236158,-0.4098886992340137,0.32018386894601825,0.2543086475233917,0.09950244144265784,0.07736078335748242,0.1641830386741445,0.17637030125568545,0.27967708066736124,0.19005044103155236,0.05702073462939042,-0.33085810210328825,-0.2335381471636744,-0.4164083486658216,0.049329031503981075,-0.11422243628368697,0.06305431227492478,0.09652958448117076,-0.29453975329640103,-0.10976395693065416,0.31208347859732416,-0.11684545053332876,-0.21168184465452025,-0.2224874703510317,-0.23511002109938475,-0.2874058638958694,0.1571579713153159,0.1130721469984261,-0.4264691479435657,0.06786344042900067,-0.5182472396483033,-0.38832097665767207,-0.38213262988616004,-0.29419797147653376,0.06745958974090278,0.17774145898114355,-0.035074956219280445,0.009077773501026756,0.08891607200794804,0.0008193896695638856,0.08056660009713375,0.13277216090346478,0.1809827436454981,-0.14317312982268052,0.1863335637404957,0.16752589057742184,-0.11001465067117001,0.11776681048641438,-0.11839394788230291,0.1112213662002769,-0.053191810939839546,0.554934777307783,-0.1730669477231003,0.6414563613536656,0.3982294250770319,0.12645483986030473,0.12426066506389265,0.4477071800380071,0.16487627538425265,0.5578326679738747,0.3824276585325549,0.4890281184064423,0.20909510441877946,-0.03808569937306413,-0.10526597920692914,0.10951890581452291,-0.050971035199900046
