,#10,#11,#12,#13,#17,#18,#26,#49,#50,#51,#52,#53,#54,#58,#101,#102,#201,#202,#301,#302,#401,#402,#501,#502,#601,#602,#701,#702,#801,#802,#901,#902,#1001,#1002,#1101,#1102,#1201,#1202,#1301,#1302,#1401,#1402,#1501,#1502,#1601,#1602,#1701,#1702,#1801,#1802,#1901,#1902,#2001,#2002,#2101,#2102,#2201,#2202,#2301,#2302,#2401,#2402,#2501,#2502,#2601,#2602,#2701,#2702,#2801,#2802,#2901,#2902,#3001,#3002,#3101,#3102,#3201,#3202,#3301,#3302,#3401,#3402,#3455,#3501,#3502,#3601,#3602,#3701,#3702,#3801,#3802,#3901,#3902,#4001,#4002,#4101,#4102,#4201,#4202,#4301,#4302,#4401,#4402,#4501,#4502,#4601,#4602,#4701,#4702,#4801,#4802
#10,1.0,0.517631387501184,0.21294418033827534,0.5562567635921752,0.29999052845192586,0.23015176644371582,0.10544976754402759,0.7603948224890825,0.3550972042811397,0.5412473827291359,0.4834370837305002,0.30275702657877607,0.030380292731292183,0.09083940083389927,0.05528038805133982,0.10341358623038432,0.2649224239908267,0.08924415031145272,0.2834939130189451,0.10151766443715829,0.0459144376620995,0.11581204418174894,0.1748024577659641,0.07287570306092221,0.22002244958415873,0.22307269110863462,-0.16353977949429993,-0.33593082142504477,0.23722842351120363,0.023717159422275872,-0.04628120824709858,-0.1266563621597548,0.007140741158712918,-0.0715440437061563,0.04771443484078731,-0.02751706390070593,0.02706404177154223,-0.007933126840150496,-0.014817128589364056,-0.02666180326183994,0.2357839116687457,0.04579191210403387,0.23288682709185185,0.10561582191877442,-0.11721866983191025,-0.0015432577691884496,-0.32779979968683437,-0.3205143655171163,-0.33282576583511847,-0.22812848255723736,-0.15946499859942,-0.25401684323378804,-0.25797877164097593,-0.147019787474583,-0.05107502070641627,-0.0016786807544188801,-0.28229042184662945,-0.15398117378678539,-0.32081261852030235,-0.33925835763356393,-0.28021554825149175,-0.2189229439183593,0.01576025295079027,-0.17913679938253568,0.1381076653037042,0.2643799259607072,0.05855633455119976,0.05499180811852736,0.3518825205603126,0.2449273814393932,0.14033488975722608,0.19546091172718716,-0.04277230196907439,-0.3255451682005872,-0.1748556596530189,-0.3169861130983449,-0.300603156242254,-0.3130596526158602,0.33180928735669246,0.3054163148423189,0.04752258561171086,-0.16537685677608654,,0.03042543372636899,-0.034955655018006015,-0.14406950101063434,-0.3023306053931398,-0.06526944539047969,-0.07320297527522908,-0.0560687432867884,0.10607609885071832,-0.15562478966109994,-0.33051793246181654,0.005364120566761315,-0.3403667302805392,0.19145867886010925,0.2344296818164414,-0.1796422173095564,-0.08489771735691413,-0.09098691515709671,-0.15427539634398243,-0.016529262045491645,-0.14935825223740132,0.07427910435429233,-0.0679972512358355,-0.08178540696420762,-0.15247298089770123,-0.3491184407010558,-0.29335560826483253,-0.16593708876855767,-0.24629289654046668
#11,0.517631387501184,1.0,0.3813031641016237,0.4026105198670759,0.2123267160127604,0.26300876823524905,0.17882967939817382,0.4578800257142454,0.4014690975629908,0.5151655606451132,0.5111762252052001,-0.04808926631776439,-0.04144225479270409,0.054671790707000685,0.008158831815534548,0.0905113225303946,0.42888660944776846,0.19321514722211586,0.0366387692630128,-0.08807451488544465,0.027660547777914365,0.10104610225644518,0.1987304095134647,0.2031010251439373,0.22283328261688798,0.16610636750009572,0.05002226821408923,-0.04363884785670959,0.1770482222710354,0.0032707069200742407,0.13689450106101492,-0.07852074571311689,0.09893979118259331,0.11338007307198578,-0.004315398520423277,-0.06325099803918803,-0.07126916728970645,-0.08246574624715097,0.04795384333253396,0.1903083895748484,0.11458517642269705,-0.053415903736828,0.15726518117862331,0.12224786033698559,-0.034855699957478795,0.033216114529153226,-0.1806498288068066,-0.206962998490598,-0.16059674783313146,0.010920493407197973,0.05484509988452772,0.05029553245214349,-0.0013312563101670015,0.20122686775905188,0.14319328205262552,0.31224227816929084,-0.20169359340457818,-0.2030333136513221,-0.10810663753997699,0.024570807882746265,-0.14761629348095515,-0.22213359719319742,-0.09924771725615297,0.10925128420085324,0.12572774740388898,0.16969588269789992,0.23726469752510465,0.11418777444818157,0.2036459414416502,0.06265287985442029,0.21479496113642454,0.2167553700654746,-0.21468855736231493,-0.20556604591081026,-0.2991804088081367,-0.294374505010852,-0.3571833631250466,-0.24531914078952408,0.3088986201768157,0.3108283977163493,-0.13299222325446422,-0.029656424631667618,,-0.17683460863361836,-0.177957490886154,-0.2123855605241998,-0.1898755196756297,-0.39133897461423595,-0.1002303399882714,-0.12243406694167742,0.012419819315106313,-0.12836607734828898,-0.18507122805674062,0.05794612502846502,-0.05333529481704798,0.40873034905677486,0.3072227607345891,0.1444169254548862,-0.02056938110486616,-0.018750843874628945,-0.0022276274981208044,0.23212990933511748,0.11077640496309119,0.16674479014475346,-0.02524469845210722,-0.022566064047817212,0.03421163468843645,-0.308582633211278,-0.22527170244023353,-0.13893068237465817,-0.15352815165762168
#12,0.21294418033827534,0.3813031641016237,1.0,0.6319630488711728,-0.03304844797601079,0.46204508859927895,0.06292695018167235,-0.016092361700283945,0.023648641840462857,0.4777751132051517,0.12134745870304278,-0.17897799981056903,0.08158388466475758,0.016843636832633714,-0.03681852715412224,0.04617158011619776,0.753760708391187,0.6228913210391296,-0.07323118839715209,-0.1810028958754431,-0.10398268520403126,0.08496945929551834,0.47889154674410495,0.3286276532929751,0.38122174909264583,0.1305876591774263,0.2781600207971013,0.1505762530152774,0.24517888126910684,0.08084067042438581,0.4450744927179917,0.14627415496661783,0.4776138953655917,0.35428466636975714,-0.06077307984515026,-0.019655275954560753,-0.19648786936518461,-0.13272460164079455,0.10790511524052694,0.03686205597080345,0.1664618528363256,-0.025362387474986044,0.05300157388915871,-0.019873726127164603,-0.050800950379164204,0.00556080633102456,0.050040002176440834,0.010437645977715664,0.010860036717362959,0.019638348081406947,0.26277500236788703,0.18215237907150617,0.32811014402798744,0.3511336636955562,0.17499833744102955,0.2048083220648781,-0.20363707446047444,-0.4548289781005717,-0.27302523260711414,-0.31975986602797535,-0.19501353222240808,-0.22400453022129163,-0.13713390955276156,0.037240111804571735,0.4798169371431796,-0.0794477482905871,-0.1721842800515091,-0.19192943495162457,0.24116939359924872,0.08411581083504795,0.3956072169165879,0.31227371564800505,-0.03866447141708466,0.058671605306485186,-0.3108743448006239,-0.2458777606035996,-0.3342565741612138,-0.20323161159398093,0.420743496371591,0.29248825628799957,-0.23220648780890848,-0.048678517521356324,,-0.1964677171352396,-0.18046201002371917,-0.3384804815576868,-0.11403703576819293,-0.2388309288364304,0.013058241959764058,-0.09705596072733429,-0.14071213950179656,0.11868172172591758,-0.23449900548745223,-0.03540464670118072,-0.25831732910405203,0.6091910290333177,0.2295471995453657,0.5565550165953613,0.4804021579007825,0.4445110363687294,0.47439518119877555,0.6268242302351966,0.5004826459071828,0.4477684428170399,0.5376328787661999,0.4671661732729035,0.4010386459313655,-0.21695447409733123,-0.10805907827730678,-0.28189624422890514,-0.3267430167485183
#13,0.5562567635921752,0.4026105198670759,0.6319630488711728,1.0,0.08054644786718874,0.3179582566708919,-0.0653484421318641,0.18733553261336133,-0.08493802181680414,0.5846206241951704,0.15940615408798062,0.07268224165345016,-0.0028450918236357444,-0.19306924507731402,-0.10137982318433446,-0.0379801016881523,0.5994784602890233,0.24447919584541628,-0.016522813331909244,-0.1420784606920679,-0.04884537798530096,0.10998079492486242,0.3222643851655405,0.11972802550466222,0.25004604784542434,0.2163136331850801,0.08724182474411706,-0.046465802673394827,0.1170131170864712,0.19941236097480367,0.07694725959901093,0.22364420834987495,0.2613119504738797,0.26126036076522047,0.1107715684279044,0.12126120715887817,-0.13483171880384423,-0.07717618893118618,-0.07531412288426775,0.01867507149003573,-0.00029301342340036637,0.051046001495295465,0.023593827775012444,0.05257031616833561,0.03768587913095524,-0.07047355725147766,0.0808374460675946,0.03297509385901097,0.00860459914191805,0.0538834354715521,0.23453930994734223,0.10958419903954472,0.051358764104041936,0.0189813853851998,0.04119478540897943,0.08810998281014785,-0.2308417787970328,-0.2016887568693914,-0.1597680881377929,-0.22363372919030355,-0.18075703867011403,-0.1960227558980539,-0.16479808473206603,-0.024256433095604196,0.3402885396283526,0.10476700999349083,-0.2972191937898888,-0.0692636173655796,0.2264808362369338,0.16974586022816354,0.15955205623278243,0.3290040969483478,-0.18220880531535216,-0.19758495676339066,-0.19343440348391752,-0.31152969531843544,-0.31730210006388254,-0.25582490130445384,0.2295681578645085,0.15649536599472413,-0.04796512858130316,-0.007225380524481936,,-0.1669068140735113,-0.1404034073390391,-0.2630829284414467,-0.1143385131281702,-0.14858279442911757,-0.10175707292890494,-0.11235795196917515,0.08778351668503878,0.07912450652226923,-0.2957932219989803,0.18295201955572393,-0.1603210653274838,0.3236008810554932,0.10411327165407488,0.27755948434474015,0.248615239519329,0.4070399800089879,0.32375403800307523,0.11228056740618633,0.22398357190214882,0.47045340502153266,0.35077334182413955,0.34605530174941507,0.2105646050263692,-0.22221178784538403,-0.10090745491442356,-0.10319594214697828,-0.15164432120236265
#17,0.29999052845192586,0.2123267160127604,-0.03304844797601079,0.08054644786718874,1.0,0.39826005646654833,0.25392656124363444,0.33091291616873864,0.28193816086719076,0.24666611583904818,0.29285502687299864,0.5200843169300899,0.29547965330103604,0.2701144445138577,0.016663072852326474,0.018119676032751404,0.05525620537540581,-0.2512761399612674,0.05646856352889729,-0.04270942701164598,-0.10665890134072786,-0.3708844612200563,0.04225640488248227,0.02179947322070924,0.0025935919939220876,-0.29467437019243364,-0.40460800889922477,-0.44078851645328815,0.07028815673598363,-0.14326744225882315,-0.2418997104124557,-0.05890778944144064,-0.11031290367435609,-0.1938535698667736,0.011821701130338577,-0.09021065125961514,0.08900474181970607,-0.14938888362691774,0.04201860856913122,-0.13561040096891921,0.13232719966627907,-0.06159126038091745,0.20514768561715196,0.030830896592862485,0.17789542201792338,0.05555445837859188,-0.5281661672272345,-0.4188854607706616,-0.32513809315569814,-0.09781932719765106,-0.34424321323276025,-0.26595179989641754,-0.33033817457070713,-0.06649308879274037,-0.1771231885664308,-0.19879409056009092,-0.045714527541045054,-0.14556157211576248,-0.11960791821418999,-0.10945200041110549,-0.10276065398016618,-0.12665313780296358,0.13704685191939914,-0.1381560306555722,-0.3435209573115313,-0.06527428192566649,0.36152818390118957,0.3169578999764219,0.07016643726711579,0.17863299363391055,0.013739387331905212,0.036577506483979984,0.09940893509571301,-0.1179151308988096,-0.029550020857557993,-0.05849910221815595,-0.02018084611152647,-0.009684758666970293,0.05565924997430591,-0.08396749042265272,0.27424081511739684,0.011280815278614655,,0.34853644430024405,0.28638696714984996,0.1681973628791894,-0.22499037731020127,0.07983467110553118,-0.09705596072733429,0.12620011567379988,0.3809887893144816,0.11093439844586003,0.136434224129071,0.031063050281828937,-0.24708367004350867,-0.04522442530878255,-0.06696384488425566,-0.3065053413485469,-0.36045608526811534,-0.3266664382747273,-0.28415329398274564,-0.17907714878189845,-0.08986483899375886,-0.1906856393194189,-0.17444858460812981,-0.21293289508950614,-0.22102361236782656,-0.1598027499732983,-0.18293267341497674,-0.13741604077199163,-0.26177222740582357
#18,0.23015176644371582,0.26300876823524905,0.46204508859927895,0.3179582566708919,0.39826005646654833,1.0,0.3758225636457802,0.23776366673854296,0.2693897703250353,0.33790090342446844,0.32917095741229246,0.36800027407032726,0.5387041713100763,0.1646634678360334,-0.04908075603105862,-0.04162604312980253,0.33363104894372086,0.1982685204031252,-0.0777251356748881,-0.24431152929227384,-0.09451597366506591,-0.22101796974344196,0.3212398457951365,0.47347704560248116,0.151481491184407,-0.034903259220149,-0.08352414136386262,-0.10175707292890494,0.14870048345199638,0.05355132672205843,0.1367751998597405,-0.06958685913389746,0.231712355130657,0.1240631732104316,-0.0979877998399913,-0.20347746879930997,-0.1386356537282633,-0.2065913913704121,-0.002345316520999631,-0.06300514083385897,0.22280184513817378,-0.06898229223554732,0.07275478968125218,-0.11778132009197478,-0.02423869913325259,0.0340109184781842,-0.28111272552864336,-0.26487486472815647,-0.18308663645175657,-0.025449445108348463,-0.08106556931057206,0.050352764785187305,0.09248221061901604,0.3360936514430004,-0.08244962446319498,-0.06723388476551873,-0.09680123654082942,-0.3311644159984523,-0.31867245170014286,-0.2640526537464003,-0.1192024553476965,-0.07448626927812697,0.1646521825872642,-0.01850418058010209,-0.08840984799172953,-0.2512197137174214,-0.03613415742518988,-0.03492824798528081,0.11115123644006827,-0.058915850333418646,0.31815010589996834,0.16844322008451845,0.1059817864145757,-0.00896492101333473,-0.13273749906795937,-0.02866171056158219,-0.02482069553406432,0.06657853424770718,0.18212174768198974,0.16155196353252468,0.2826434889152659,0.17756008891163852,,0.2484596643041536,0.1511082718858255,0.021078023388678074,-0.07545680067227839,0.02531079776632683,0.07351735006237115,0.21448945333045827,0.17363362842915384,0.06726935269022194,0.00918095291834518,-0.08988821558049506,-0.4770165832700217,0.21137069422416938,0.15764726745838062,0.08843322457846572,-0.003791440541853159,-0.01377082481061942,0.07481918411681844,0.32596594676183893,0.2503467191162038,0.060444195452447794,0.1549928157300246,0.07212523401777024,0.13501470105174487,-0.09821592308296874,-0.1090142939767,-0.3368433143969546,-0.40270402621402074
#26,0.10544976754402759,0.17882967939817382,0.06292695018167235,-0.0653484421318641,0.25392656124363444,0.3758225636457802,1.0,0.34453179316557275,0.4266271414263345,0.4452179765952001,0.4194182857304075,0.23641024297543645,0.6616601810073294,0.43773505057202106,0.38962200462292157,0.26658216164909726,0.20791579592239778,-0.1483699868808983,0.300792587203737,0.2721014543864351,0.24974860093143605,-0.005544684547068556,0.14785167152671277,0.09557839922776655,-0.005204514905596879,-0.1289456554815073,-0.25614330653758494,-0.2282848638616106,0.17595516531881836,0.020581472442833162,0.05234461119295156,-0.1907662482391989,-0.2402810833032729,-0.1518192425582853,-0.14590980264921216,-0.19630972365247076,-0.0015021472201006403,-0.12086299909516487,-0.19536579320184674,-0.24199885938378513,0.12784211936971884,-0.024427324005537834,0.08750622200099552,-0.030058663141369908,-0.08277367232071065,0.1425685629243304,-0.58308905471935,-0.5272681838608851,-0.4830203356152375,-0.3055581865411317,-0.3593227238560083,-0.2578538278153169,-0.37201701654296554,-0.03451472422680932,-0.22195222712369236,-0.12066470115250603,-0.1782718656732961,-0.3251816219723794,-0.15964072604454047,-0.16307144167037804,-0.34429641511981507,-0.2763753393131717,0.3941957547312398,0.35127795366196246,-0.01143316613699889,0.21782746869854883,0.29435354669170916,0.20023860240254884,0.29739572732420705,0.1951038142125617,0.24941488000354678,0.32464879701263344,-0.016462356642074228,-0.08281800722658966,-0.334130824246357,-0.35338023428982535,-0.24796553162590207,-0.2868528867061785,0.3642906515820508,0.2637382789592582,0.19309503993164365,0.1871549686330541,,0.13010884219393298,0.18540978551981668,-0.071065226722663,-0.2631329059717103,0.13712020603639896,0.15204817189046055,0.10606400751275133,0.2268967782629987,-0.0010055962742557278,0.12083317379484627,-0.07503118557583989,-0.25228697581530884,0.16668836390090747,0.037514988221021596,-0.1823780840468902,-0.33943730943547556,-0.45223740132964413,-0.3769615676822719,0.07220826120514366,-0.06718793768124412,-0.2974731118871959,-0.28754934777307783,-0.3306670589634096,-0.35551556457479805,-0.3492804646298136,-0.2185190932302614,-0.33803310205290765,-0.3575114414285513
#49,0.7603948224890825,0.4578800257142454,-0.016092361700283945,0.18733553261336133,0.33091291616873864,0.23776366673854296,0.34453179316557275,1.0,0.6672721740024142,0.4648599520779972,0.6128087573530449,0.29295578802272365,0.3191383712564714,0.33534560066744185,0.21385103068580052,0.15421897010013644,0.08314044290570972,0.01465510466060622,0.3370762741751189,0.1465691836130127,0.20847199746887993,0.08972538556253942,0.1858329823486618,0.09333988952547544,0.21254597227456204,0.020007536933999433,-0.16141654054729426,-0.29989944037257443,0.2914717778095735,0.018737946447464144,-0.0035028606090406933,-0.1859361617659802,-0.05001259514371563,-0.13091331921333754,0.03068580053725845,-0.03688220820074845,0.09073460923818526,0.023432609935452407,-0.037258651856121136,-0.059383382068142754,0.27923937423295575,0.05816376911187107,0.259160498404951,0.11653913663816469,-0.07402518625698527,0.14146744508013534,-0.5506729837190134,-0.5527148076570413,-0.5184173244690391,-0.34053842727967065,-0.3439280323564204,-0.2927776423100098,-0.36404560046591955,-0.09779595061091485,-0.1558698407772312,-0.0578244055595972,-0.23891879255899062,-0.1381866620450886,-0.3409051978646697,-0.29251646940992254,-0.3488435642846059,-0.13133087341779803,0.11708727729266882,-0.09372761842961733,-0.047530646503688864,0.31764468797294765,0.3718291977598781,0.10447278743629376,0.3790686848453216,0.2535178740203497,0.17148217636022514,0.12562134362977936,0.027251054465431874,-0.30469808936707893,-0.3064174776259867,-0.24933991370815137,-0.2962011031330672,-0.24386737414428594,0.33229858349975716,0.22671298992590025,0.2189551874862713,-0.060687634390183445,,0.08613506427553741,0.00348673882508469,-0.13614403201786293,-0.3758024114158352,0.05629847870816145,0.04163329793258273,0.03364817833917412,0.17253734712014557,-0.2596820381159277,-0.1717981633257628,-0.1550218349411454,-0.3951050233463584,0.16800148320412395,0.23804257360098183,-0.31293793314699236,-0.2084107346898471,-0.3367062792333286,-0.30284247203374287,-0.018180938811784217,-0.12882312992344166,-0.12017379283104572,-0.2388825185450896,-0.24962929973016165,-0.25889368288047915,-0.3839551975623863,-0.2247275922317184,-0.34054165163646183,-0.38887556602575857
#50,0.3550972042811397,0.4014690975629908,0.023648641840462857,-0.08493802181680414,0.28193816086719076,0.2693897703250353,0.4266271414263345,0.6672721740024142,1.0,0.23210733883757909,0.5734885323735498,0.1603267079518684,0.4025686032287903,0.43464450458765513,0.3249752631377425,0.21072179241994024,-0.02579445128500694,0.11581285027094673,0.3784157525951034,0.21298287261976975,0.12283469327298412,0.09772582085070623,0.09132386044177719,0.17689990185864016,0.07677314433228609,-0.03942541961980803,-0.16310690959508126,-0.1691558029353738,0.3370222661988662,-0.05146758614574496,0.10937945238330347,-0.1739600945542629,-0.008598150428335647,-0.052660598158489225,-0.00953643825457506,-0.09123035409483236,0.18665599941961578,0.03553926359721335,0.08017887119299186,0.051120161701493076,0.38905935436285705,0.05454281643535265,0.29113483252489303,0.09896155559093392,-0.13925876067816284,0.26738502649010626,-0.513621093742128,-0.5130334547169317,-0.4966996693019066,-0.30608375669809745,-0.4021510490243298,-0.19708518146075454,-0.2885553470919325,0.10462755656227139,-0.08768194944611596,0.07732209107598802,-0.31143538288229283,-0.22231093681671346,-0.27435769805107785,-0.1244976552880459,-0.3942417018155144,-0.21925747093544637,0.22263176031743792,0.06482932068848078,-0.16367842683632158,0.13364515550468237,0.5251280170407256,0.0110365702516812,0.2772717105011255,0.005523726227925751,0.23062091035683555,-0.010719777196945729,0.02454743129601006,-0.1367921277328943,-0.22616646144979172,-0.13544515268337018,-0.3220676994012773,-0.25969251727549914,0.3204361748649297,0.34590214480183307,0.15221906280039418,-0.02724057530586047,,0.002928119011009163,-0.059845271178482255,-0.2366157957208755,-0.461407472043819,0.03746017415557119,0.09333747125788204,0.03159506915237706,0.07937600635198287,-0.3433661881855537,-0.02522051577617321,-0.3038267069442569,-0.304153173069366,0.10281949849160558,0.2167843892765954,-0.30778944144064263,-0.12281454104303911,-0.3735292398780387,-0.28708262212755153,0.16175509801037033,0.07721891165866959,-0.30810542840618027,-0.27385469839165055,-0.2589960562085998,-0.15576424309231937,-0.43034079436059997,-0.16973054453340533,-0.44223786483093286,-0.38461296634779124
#51,0.5412473827291359,0.5151655606451132,0.4777751132051517,0.5846206241951704,0.24666611583904818,0.33790090342446844,0.4452179765952001,0.4648599520779972,0.23210733883757909,1.0,0.5097881396065882,0.17338777122382476,0.265244053580749,0.16944921940337307,0.2559667730032667,0.18222815145609939,0.7022870765764586,0.14813299665674506,0.28797093242352734,0.07522706525090533,0.23073215066613195,0.11769506854781016,0.3725200162023929,-0.010045080538386975,0.3394695530033876,0.09958385645163566,0.05933824107306594,-0.10841778797032786,0.31014886452260376,0.11602646390836378,0.13568859162110583,0.05499342029692295,0.03534580218974131,0.12308699919189559,-0.011367872911977075,-0.06367500095723093,-0.08627612988515244,-0.09971444290167929,-0.0944579352428243,-0.08935780888834254,0.21069277320881943,0.09248865933259845,0.21788711929918606,0.11784903158459,-0.08642283811915208,-0.09604673705168845,-0.26857884459204834,-0.2953829225973,-0.37859148004022386,-0.25943859917819206,-0.06434969761578968,-0.15126304101180316,-0.16894621974394577,-0.050464811183681534,-0.01901927157749641,0.042813412518162196,-0.3263657670039478,-0.45287663006349965,-0.2961599925839794,-0.3380250411609297,-0.3435491704334543,-0.30480932967637536,0.05292499541536769,0.14062427577923636,0.3580200837123632,0.3833941594807173,0.0344292787718425,0.12905850796919932,0.4696561828049083,0.35536563198400717,0.2720192332882595,0.4930617887522344,-0.24608008899224743,-0.26079363511969417,-0.46252068122598106,-0.5859950062774196,-0.48576668151214275,-0.520789644978165,0.4864034919784049,0.30746539358312697,0.03635099541939813,0.021224731622677708,,-0.06892828425929472,-0.119640161782102,-0.3046650397099691,-0.27712661444552145,-0.0834000036274014,-0.047492760311392254,-0.040323402986157435,0.1813519324980906,0.034417993523073294,-0.2542683430635017,-0.006151669713012093,-0.3892608766623071,0.48633739266418524,0.22360632215757834,0.14931552950991792,-0.11555973826283747,-0.041888828208285385,-0.04728640147675541,0.17688216789628855,0.13179679297412655,0.14986367016442204,0.04867690534296073,-0.019900327070692007,-0.06076743722076566,-0.3858374158392497,-0.2813134417388956,-0.3280384020893832,-0.41970928393081336
#52,0.4834370837305002,0.5111762252052001,0.12134745870304278,0.15940615408798062,0.29285502687299864,0.32917095741229246,0.4194182857304075,0.6128087573530449,0.5734885323735498,0.5097881396065882,1.0,0.2837897477545378,0.23148100753088832,0.25410470695634824,0.11978848219449723,0.2177202588352414,0.19143369009497746,0.13496149916469008,0.1876861814144044,0.05645244174494129,-0.016636471908799067,0.09400330093526499,0.1108271885825526,0.11686076622808697,0.13498648792982187,0.08287040302444668,-0.1391015732845918,-0.2021732164772693,0.25547425250341077,0.07487883471745566,0.008864159863609708,-0.08362490251358765,-0.10247046186895811,-0.20462614590617526,-0.06732658502326574,-0.08524836615795721,-0.09883822394367049,-0.1439719642177005,-0.12574709354463617,-0.04210566620249364,0.2870237776161121,0.07306674620080085,0.1664457310523696,0.11234263627441694,-0.11549444503781565,0.03250111341070446,-0.35386469389770325,-0.42618540454594,-0.3117739403453689,-0.18877520792063246,-0.13302285464398064,-0.13858487010880188,-0.2070766570674878,0.10501286719881989,-0.16679718594261048,0.0498803965152764,-0.24342160681790243,-0.266232318937252,-0.23337934759170775,-0.09743482265030037,-0.3117150958339295,-0.27340006408409123,-0.06496232540611781,-0.08501621246899076,0.034844414708709595,0.222018326437912,0.37334706371933585,0.19535289577468196,0.15968506095041946,-0.005157761732124468,0.19786547580422512,0.15421010311896063,-0.10100418561815958,-0.296351035723858,-0.31815010589996834,-0.21907045824155671,-0.33151345262109977,-0.30658917462511814,0.23988529350715304,0.19843860522386106,0.15210621031270216,-0.02234922605360896,,0.09366393738299111,-0.16194372288265557,-0.15576988571670397,-0.3806607110109769,-0.12036564206012217,-0.03573997980746559,-0.04287467529719501,0.05988476954917447,-0.1973802101071494,-0.08913452218055189,-0.11805377824083124,-0.30394762032392697,0.21400741199017378,0.3284148457447559,-0.06055301749415082,-0.15000312359564147,-0.2693551084895299,-0.24221811564558676,0.14195754731239785,0.031998113751277146,-0.06217164460333358,-0.17374970527363706,-0.2206906975291351,-0.23959429530674717,-0.4188733694326946,-0.3309677302341891,-0.30261193052317203,-0.33681913172102057
#53,0.30275702657877607,-0.04808926631776439,-0.17897799981056903,0.07268224165345016,0.5200843169300899,0.36800027407032726,0.23641024297543645,0.29295578802272365,0.1603267079518684,0.17338777122382476,0.2837897477545378,1.0,0.45575195023205295,0.17945036808047996,0.015791690429504478,-0.18470203920414813,-0.026056430274292,-0.2494971011017224,0.1293680462211546,0.031760317437926094,-0.02255155444225681,-0.2757836698419864,-0.014597066238364606,0.06210635137831177,-0.0838731779865101,-0.16625146355569975,-0.3771308464138099,-0.47882625351908314,0.03652511068612297,0.14583080590782774,-0.23991108836148264,-0.12692317768422665,-0.3061305098715698,-0.3696616239069934,-0.01563369694673564,-0.094939170493911,-0.010275622048957827,-0.12372300356895992,-0.1417858503132664,-0.27973511908960286,0.3077443004455658,0.09176720950056728,0.03562470905218017,-0.10743355305981384,-0.10006589779192017,-0.050096428420286845,-0.3515439630972365,-0.21933163114164397,-0.3258047289222789,-0.22085917017147533,-0.4097323179296405,-0.33388013050584114,-0.38556253942279983,-0.27841555107280397,-0.19615253625889972,-0.35664892598690506,-0.004468555468005312,-0.06101571269368812,-0.2756151971996461,-0.2477809371996058,0.008858517239225107,0.012067558335667633,0.3247753530166881,-0.01933445245383628,-0.256453650878738,0.034636443695677144,0.04833431743389565,0.07442742476668755,0.07915030137659883,0.11671405799408734,0.03280420294907733,0.12134504043544939,0.11360819631496323,-0.11446103868623582,0.10528693752607195,0.01779320990764233,0.09661261166854418,0.07252102381389013,-0.0031626909675690163,-0.12395112681193737,0.5394433551044591,0.14827083790956888,,0.5351944589428543,0.40687311954504324,0.31761969920781585,-0.09683186793034583,0.3806147639267023,0.12909720025069374,0.25751446426304303,0.19544156558643996,-0.05108146941999867,-0.032236716153826,-0.03747548985032939,-0.3683315767306231,-0.15860167706857603,-0.07236303033112129,-0.25647541528707857,-0.3098739881061539,-0.2834665059862199,-0.3358268359185286,-0.17446148203529463,-0.2682862342132469,-0.17712802510161763,-0.20475673235621888,-0.335211789860607,-0.3470209966083797,-0.006128293126275888,0.007480104710986794,-0.10520068598190732,-0.21289420280801172
#54,0.030380292731292183,-0.04144225479270409,0.08158388466475758,-0.0028450918236357444,0.29547965330103604,0.5387041713100763,0.6616601810073294,0.3191383712564714,0.4025686032287903,0.265244053580749,0.23148100753088832,0.45575195023205295,1.0,0.34705162799789613,0.20552332318332686,-0.022122714989027112,0.10849356035492107,-0.009111629247334364,0.2070814936026746,0.04250468035540473,0.08853882226337756,-0.17523129721919378,0.274022364944793,0.18623844521515528,0.06352587445563788,-0.12234378495152382,-0.18614252060061706,-0.17983003609264384,0.31149825783972124,0.2872091781316062,0.15377400886295073,0.02489243747266854,-0.05418813718832057,-0.0481327951344456,0.10099854299377498,0.020252588050130686,0.11733071623040447,-0.0010346154853765343,-0.07444435263984137,-0.19573336987604364,0.37732511391047974,0.1607015394288455,0.12833947640476157,-0.00463783419954335,-0.055178820812417,0.12963163738883526,-0.49456836946292293,-0.4133210270382469,-0.4685139544116254,-0.3641471677048424,-0.3725917581409971,-0.24778980418078161,-0.28535920342265475,-0.010749602497264334,-0.23625386167106321,-0.23449578113066102,-0.1907573812580231,-0.33654586748296633,-0.24948984629894222,-0.26037446873683806,-0.3392003192113223,-0.1633350328380587,0.33229455305376815,0.23367598841649823,-0.11695749693182299,0.047113092299228373,0.11814244805258926,-0.015171001747198336,0.22221823655896644,0.15527011041406788,0.20534598355981082,0.22318473750712886,0.12127894112122976,-0.025601795966732697,-0.23424669956854074,-0.16398474073148564,-0.17289041418878207,-0.15400293819512598,0.19789771937213713,0.15379899762808252,0.4356166481602022,0.1491518934027645,,0.18787400019749184,0.26168275150486775,-0.01522984625863775,-0.26430334748691614,0.33847967546848895,0.1836299405710739,0.20817858100088066,0.3482970358084974,0.04353566843939116,0.16238626585224789,-0.1337725175979348,-0.3098586724113957,0.11235633979077955,0.1470979781267696,-0.177041773557453,-0.12407365237000301,-0.27422549942263863,-0.22318473750712886,0.060825475643007276,0.09501010634331741,-0.19965579991253932,-0.13788276641751793,-0.21648210582742033,-0.21533504089895067,-0.2971426153160978,-0.17955757794378738,-0.3967712097182114,-0.4310356432491037
#58,0.09083940083389927,0.054671790707000685,0.016843636832633714,-0.19306924507731402,0.2701144445138577,0.1646634678360334,0.43773505057202106,0.33534560066744185,0.43464450458765513,0.16944921940337307,0.25410470695634824,0.17945036808047996,0.34705162799789613,1.0,0.2962857424988362,0.19529002081725352,0.038700745430985665,0.03589555502264103,0.1792843137057331,0.18211449287920956,0.23109166644835083,0.034075405614008215,0.12968000274070327,0.037957531190613895,0.07955979468908132,-0.2506232077110493,-0.0909562837675803,-0.25935879634760983,0.09274902614348791,-0.3131991060470796,0.3126122731110811,-0.17822269423223028,-0.14142633453104753,-0.18658828792700055,-0.286616702571223,-0.295435318395157,-0.005597886434123368,-0.11621992531583582,0.04051202785844268,-0.3587544309715592,0.3117320237070833,-0.14155853315948677,0.017549770969906675,-0.06568135697055558,-0.04910252043939922,0.15043196304887116,-0.4702277000461486,-0.46737495037513377,-0.3880606098467826,-0.22544420552856276,-0.22003292874373015,-0.12967436011631867,-0.1828133722137023,0.07575021714027766,-0.056368608468370066,-0.13943771248007447,-0.06748135414924339,-0.12741086164889576,-0.5356458688936224,-0.45375607337829965,-0.34097129717888935,-0.2163144392742779,0.3523822958629487,0.14317151764428493,-0.010539213216638487,-0.030438331153533796,0.5561535841748568,0.07368179225872239,0.3233437386013949,0.24002958347355927,0.2193783843151164,0.09862138594946224,0.1403921220902699,0.028026512273715647,-0.12942286028660502,0.0036882611245347354,-0.11138097186144133,-0.12041884394717697,0.23955640911445056,0.16794425087108014,0.18039268635270836,-0.04880104307942195,,0.37095056053427594,0.2529052462300216,-0.10346195158225234,-0.395078422402831,0.24126854257057814,0.14493040427388493,0.24862733085729602,-0.06484705465083239,-0.18195246895045172,-0.07829665291612843,-0.412816415200424,-0.5103064549607736,0.11948861701291556,-0.10367959566565839,-0.17377388794957105,-0.1554853362298805,-0.2940939859700175,-0.14277814611575845,0.2503048024779182,0.06630204565286171,-0.30357923756053223,-0.19894805359687076,-0.23259018626706138,-0.26474024783212385,-0.2676711881553253,-0.20009673070373601,-0.3937088768557685,-0.38423168615723174
#101,0.05528038805133982,0.008158831815534548,-0.03681852715412224,-0.10137982318433446,0.016663072852326474,-0.04908075603105862,0.38962200462292157,0.21385103068580052,0.3249752631377425,0.2559667730032667,0.11978848219449723,0.015791690429504478,0.20552332318332686,0.2962857424988362,1.0,0.6502016230605998,0.18464803122789553,-0.025807348712171746,0.7335633374511057,0.5301322187806692,0.5501409648484653,0.24936651465167878,0.04560892985613323,-0.21257418539648504,0.1311059745316118,-0.23987078390159264,-0.10614703470012474,-0.2899885736856212,0.3167620203013565,0.06551288432821534,0.12286854901929173,-0.19832817100376243,-0.1713290194126431,0.03759962758679062,-0.004857090461345,-0.05158527516862378,0.22237945439852647,0.2167674614034416,-0.09557195051418414,-0.08638575801605326,0.2857267800968516,0.1316218716182039,0.26457177518978364,0.17843953222643852,-0.40903666295193897,0.07955979468908132,-0.4600475995671301,-0.45097345346749346,-0.5673058282264224,-0.4984988603913966,-0.4278451422042106,-0.3448784115206268,-0.3448921150369894,-0.10536029164307176,0.13300753894922243,0.1792456214242387,-0.28940254683882044,-0.15551677370859474,-0.36918038865590674,-0.3454192973723507,-0.37996021949808856,-0.2322564653391721,0.4044459849704669,0.4564838792236555,0.1157024160508481,0.3020122001600087,0.08379095688833448,-0.044830247691058256,0.6443163658274607,0.45620497236121665,0.2768364223343134,0.2559691912708601,0.0393012818833468,-0.15290585079691993,-0.25884854188540235,-0.33886821046182863,-0.2999744066679698,-0.4039961871980944,0.5086660634432503,0.30224757820576637,0.1412336792127733,0.10330395809948349,,0.07495944363723568,0.017110452357105576,-0.4400767396916306,-0.36403592739554597,0.11397013036477552,0.17463640339121725,-0.010675442291066718,-0.03059471245790703,-0.21832482573359155,-0.2615465224304395,-0.4512434933487565,-0.32977713648903817,0.2184876557515472,-0.016281792661766988,-0.17066480191365577,-0.251156838759993,-0.38992670633969,-0.3566980974279709,0.05421635031024358,-0.011891024801349393,-0.3399741648412105,-0.299715652035476,-0.27050297950719737,-0.1845416274537859,-0.30555496218434053,-0.12018265981222152,-0.4016915781815837,-0.23150035367163554
#102,0.10341358623038432,0.0905113225303946,0.04617158011619776,-0.0379801016881523,0.018119676032751404,-0.04162604312980253,0.26658216164909726,0.15421897010013644,0.21072179241994024,0.18222815145609939,0.2177202588352414,-0.18470203920414813,-0.022122714989027112,0.19529002081725352,0.6502016230605998,1.0,0.11958534771665158,0.08877258813073961,0.5861626728305621,0.5341675013048569,0.33448389131499345,0.4229328346328163,-0.08137752583012073,-0.14729788824782405,-0.006249206505945916,-0.05515544422568079,-0.19520457536228672,-0.26897382829897043,0.17072928904947976,0.02344470127341941,0.12521749294168147,-0.13363628852350656,-0.20730719857805865,-0.10582862946699367,-0.026475596657148097,-0.004313786342027677,-0.012062721800480833,0.15492591032660719,-0.27216352325466575,-0.1262508992932613,0.24066639393982142,0.034642892409259544,0.3188062625069777,0.14762677264052654,-0.35433786825681196,0.07005036042263256,-0.418085014197246,-0.5014596260149167,-0.4087158394512145,-0.3585553269397025,-0.18690105053574704,-0.2882192078964498,-0.27976010785473465,-0.02198809809299448,-0.004349254266730885,0.2886182220493609,-0.41866378624126654,-0.19356176557716995,-0.23829649169828887,-0.24576168375911636,-0.40960737410398146,-0.33657488669408714,0.039398818676280624,0.2985137730415559,0.16184779826811735,0.32475923123273204,0.051025043176152654,-0.005709932832617593,0.5274640635359505,0.45659834388974313,0.24673302124246557,0.22272607275358056,-0.08974311952489103,-0.15522496941899105,-0.3378291614858642,-0.34894432543433096,-0.31936810667784443,-0.42100547536087607,0.3162122674684567,0.4717197711512767,0.035128964195533054,0.09013890932101092,,0.017975386066345172,0.038252559837008766,-0.3732761278699294,-0.3701372165336955,-0.12243890347686423,0.02954195996557999,-0.12124669755331777,-0.020637898686679174,-0.17489273975611772,-0.22702655862384452,-0.31584146643746863,-0.20030550780596626,0.28150609705716984,0.1320523232498292,-0.18241677632838463,-0.27958760476640543,-0.36934966738744474,-0.3266132363876725,0.07272335220253798,-0.002773349885031528,-0.3126219461814547,-0.31379480596425396,-0.2230122344187996,-0.26653702065402046,-0.3903208839574143,-0.23150841456361354,-0.22873385554478531,-0.13471161151337202
#201,0.2649224239908267,0.42888660944776846,0.753760708391187,0.5994784602890233,0.05525620537540581,0.33363104894372086,0.20791579592239778,0.08314044290570972,-0.02579445128500694,0.7022870765764586,0.19143369009497746,-0.026056430274292,0.10849356035492107,0.038700745430985665,0.18464803122789553,0.11958534771665158,1.0,0.4424458358439653,0.11211773738823069,-0.19886825076628856,-0.01973991532032977,0.011141361847395224,0.44164055273536296,0.02230166679093875,0.441180275803419,-0.003245718154942435,0.2066341140978955,-0.03631310922710153,0.32337033954492234,0.17034317232373347,0.2947178990091149,0.14732851963734048,0.24924318300441536,0.22244313544515268,0.03672743907477082,0.015424919844505393,-0.13810121659012178,-0.06619644796794989,-0.049554736479365126,-0.06502278209595283,0.16325281173988307,0.02344631345181501,0.10985101456401658,0.1654776179258116,-0.20770057010658513,-0.2498147002456557,-0.06823585363838436,-0.08186198543799864,-0.15819782638047813,-0.17201500131997105,0.1452665434693676,-0.01461802455750741,0.14008661428430363,0.10044717798247965,0.09190666293178672,0.09721879074528993,-0.2564165707756392,-0.5188566430818402,-0.17515633092379837,-0.362426167267539,-0.1329140326022776,-0.08976891437922063,-0.002438822867944452,0.3023830011909968,0.568215096841541,0.16627887058842497,-0.10882728128281034,0.09061692021530643,0.47974761347216877,0.36257851812592323,0.5369122350233665,0.6031880827772997,-0.12144660767437221,-0.07428877742466593,-0.3752292819961993,-0.4021768438786594,-0.295298283231531,-0.21657883653115637,0.5750442845253041,0.2869351078043541,-0.1218456218272833,-0.09157939071747984,,-0.09497705668620761,-0.18069819415867464,-0.22147744058618807,0.0012458108552001821,-0.15734014747401873,-0.11496968097004774,-0.1496814940057192,0.009245440054169194,0.14994347299500427,-0.3997190779145666,0.13315344109402427,-0.2419198626424007,0.680565390963337,0.20273828500492722,0.5336322580775176,0.1735014298007146,0.28501822769198526,0.25169450025492573,0.48597545861437297,0.32783284934394413,0.4462481585899888,0.3954992009640827,0.3409011674186807,0.20424970225080255,-0.15247781743288805,-0.17519663538368838,-0.19796946131074133,-0.2775288529552238
