,#10,#11,#12,#13,#17,#18,#26,#49,#50,#51,#52,#53,#54,#58,#101,#102,#201,#202,#301,#302,#401,#402,#501,#502,#601,#602,#701,#702,#801,#802,#901,#902,#1001,#1002,#1101,#1102,#1201,#1202,#1301,#1302,#1401,#1402,#1501,#1502,#1601,#1602,#1701,#1702,#1801,#1802,#1901,#1902,#2001,#2002,#2101,#2102,#2201,#2202,#2301,#2302,#2401,#2402,#2501,#2502,#2601,#2602,#2701,#2702,#2801,#2802,#2901,#2902,#3001,#3002,#3101,#3102,#3201,#3202,#3301,#3302,#3401,#3402,#3455,#3501,#3502,#3601,#3602,#3701,#3702,#3801,#3802,#3901,#3902,#4001,#4002,#4101,#4102,#4201,#4202,#4301,#4302,#4401,#4402,#4501,#4502,#4601,#4602,#4701,#4702,#4801,#4802
#10,1.0,0.5016353534600371,0.03868462364702966,0.45746166542058714,0.23555901278255945,0.1381866620450886,0.45788566833863004,0.7289758838264249,0.40942922839126766,0.6906165171707075,0.7005128742521004,0.13350328380586954,0.30399195522980593,0.1642813815562761,0.22855167938608248,0.2820494011764872,0.14236623453568253,-0.24275980758650847,0.3808678759348116,0.23113761353262546,0.03566985004725698,0.23771207702988373,-0.09100223085185491,0.04578707556884707,-0.10298232850956122,-0.0005235549339712186,-0.41791412328731237,-0.347463539577972,0.16847788192002386,0.2923504150351757,-0.1960114706492847,-0.251164899651971,-0.26951471415069433,-0.28850617565086667,-0.06308171930764998,0.05064698734238437,-0.07800968516171157,-0.07084435828246574,-0.25205804648313357,-0.0979990850887605,0.10366427997090018,-0.013717622923564607,0.1942114734705969,0.04318018310316128,-0.15737642148791975,0.14195271077721106,-0.48200949976119606,-0.438582250318909,-0.4899140104348247,-0.44739522351845845,-0.5178055027679088,-0.43007639710372153,-0.3369295659411192,-0.2123871727025954,-0.12549075717973573,-0.012524610910820336,-0.4164260826281732,-0.07041390665084045,-0.23023398754189145,-0.25335504400239406,-0.41183701682509677,-0.4911973044377226,0.02300054612543151,-0.04695429272726174,-0.06854861624713082,-0.06351942574205549,0.18934027644829038,0.2261116473843413,0.380289103890791,0.16770887282532249,0.30853184959181656,0.18299554837240514,0.30237816465580997,0.1744268201997892,0.17468315656468966,0.03041817892358879,-0.3836569445592002,-0.5703528453941071,0.016133472249371755,0.207894837603255,-0.1412965541702017,0.18192344973933092,-0.10218026975775005,-0.040461244238981266,-0.14983868139929024,-0.15655904704135037,-0.40082422620475067,0.12947444999526422,0.29123478758542026,0.09056694268504281,0.09213398008556636,0.13207892419335662,0.1257946528073064,-0.37414267375756466,-0.24566656523377595,-0.15436809660172945,0.05590349500123936,-0.14720196363328583,-0.3487694040784083,-0.1072650804174736,-0.30303754561961055,0.10591488101115829,-0.08750219155500652,-0.3260699322683552,-0.3182960080447702,-0.2817390568353341,-0.36973094757800423,-0.5387154565588456,-0.1832792917700308,-0.10667824748147506,-0.17056484685312853
#11,0.5016353534600371,1.0,0.1968441607906123,0.5887300669255556,0.08012405712754145,0.32490432728833607,0.555741672594781,0.4811953496714179,0.3197663147415577,0.6216185061958031,0.5362351200972144,0.04809813329894019,0.38651614294379744,0.21966777033712664,0.04311569596733727,0.19443798453517874,0.11145835642443015,-0.19004802276395893,0.18450132299389588,0.17846855143755933,-0.21309169466147276,0.005239982830300087,-0.23410885831571693,-0.25216767461403444,-0.2370930005259732,-0.01761587028412629,-0.25622472154656273,-0.07203253376002322,0.01956499396440713,0.39051998798927096,-0.15787942114734707,-0.12565439328688915,-0.2145233090767659,-0.15557884257682533,0.04051202785844268,0.06808350278000012,-0.02679158362268577,0.05470484036411049,-0.1633463180868279,-0.07521819826972953,0.1460774692023546,0.16089016430113073,0.006761073146549031,0.08944164216491376,-0.2111054908780931,-0.19059535732926527,-0.18813436700838132,-0.1831704697283278,-0.26958645608929854,-0.33003992156752104,-0.3135916714864083,-0.3058951318258122,-0.33705612194517387,-0.1859385800335736,-0.1447732168803139,-0.06552578175538014,-0.3275918286738019,-0.13601505774621492,-0.09393075290746297,-0.20716613296844363,-0.16346158884211331,-0.23283846173998385,0.1783734329122189,-0.014081975240970289,0.1381995594722534,0.1881101843324473,0.17383515072860387,0.4692047728541402,0.28595570942902687,0.1293994836998688,0.1963919447506464,0.15774077380532542,0.0922718213383902,0.1716982082652356,0.061330087480830194,0.046552054217559445,-0.2321798868653811,-0.24910372957319593,-0.16590806955743687,0.10348694034738413,-0.21394211876515196,0.27959566565838345,-0.09620473053445729,0.006818305479592844,0.05599700134818418,-0.012818833468017404,-0.1771231885664308,0.1073182823045284,0.14976290901469702,0.059345495875846144,-0.028273175568242503,0.015749773791218866,0.007854936187963879,-0.2843000022167453,-0.2256416973820238,-0.16437246963562754,0.13088833044820575,-0.06245216364416804,-0.21352295238229585,-0.20322193852360734,-0.17100174719833622,-0.03215852550163938,-0.1607007333396477,-0.2879209548932637,-0.20316631836895913,-0.28364626387732933,-0.3020516985307009,-0.22889265511675194,-0.14440886456290822,-0.05704491730532442,-0.10803570169057057
#12,0.03868462364702966,0.1968441607906123,1.0,0.22277201983785516,0.14339802870886678,0.300828861217638,0.026429649572873488,0.05318858658304835,-0.007921841591381294,0.23075391507447257,0.1063904736378604,0.13632378990897237,0.27932885013391157,-0.022200905641213728,-0.16351962726435493,-0.24137091589869877,0.46511709453209543,0.4454993017252324,-0.09473926037285656,-0.41578765998351547,-0.04833915396908245,-0.16362038841407997,0.2519605096901998,0.1682537891230354,0.20453183347003262,-0.20503483312945994,0.16481098215923082,0.005684137978287988,0.10750771326601145,0.039541496464291254,0.31105652095932673,-0.19326834910917068,0.26424692124307014,-0.15196272643549372,-0.22355231418132573,-0.31136041658689745,-0.24531188598674386,-0.3292596272240505,-0.06747571152485879,-0.30573713834304334,0.057660769452443764,-0.27750467027928977,0.04936772378547548,-0.42249351602001517,0.10261072138937534,-0.21529715470665406,-0.20501468089951494,-0.24741739097139795,0.11330107633060137,0.20462292154938405,0.1797703854920066,0.12021087293414452,0.18551215884793731,0.12941721766222042,0.22646229618538438,-0.030236002764885948,0.035910870717399235,-0.20583931014886453,-0.024607887985845074,-0.048641437418257515,-0.050913802866856234,0.021000638825689255,-0.22961652321637652,0.058111373314014066,0.38472501274628546,-0.11055795479048734,6.247191282951414e-05,0.05681518188395137,-0.016150400122525558,-0.18083442323310286,0.24166997499108264,0.09853110395930861,0.015462806036802001,0.09003976034968149,-0.06346783603339627,0.029262247013943327,-0.08884110571255262,-0.06205637384804816,-0.12234539712991942,-0.004386334369829693,0.11164456302912198,0.35135695040334686,0.1893072267911806,-0.054427545680067226,0.05878606997257282,0.07485303986312605,-0.02714142633453105,0.35446603643926217,0.05937370899776915,-0.07465796627725842,-0.24258166187379465,0.015218561009868547,-0.003064348085437394,0.012327119057359292,-0.10327413279916489,0.38603571378190854,0.046250576857582174,0.43730701720798915,0.19930031457630945,0.20893791702520842,0.2852576361837319,0.3947672719724801,0.14822489082529428,0.0847977622963869,0.14854007170163414,0.05239458872321517,0.1598607883955399,0.026163640137599427,0.051955270110414065,-0.015003335194055898,-0.050458362470099126
#13,0.45746166542058714,0.5887300669255556,0.22277201983785516,1.0,0.19961630154184712,0.19370686163277398,0.3209786728950492,0.4914181728779198,0.3545651854105916,0.6182329315650423,0.40248638213061466,0.18780790088327223,0.30940242592544076,-0.00966380034782749,-0.030014328235490897,0.22442853313933453,0.15092287137033147,-0.17537478109640223,0.13143163456752308,0.24052371615181078,-0.14678440942882534,0.12189479326834911,-0.24707480306233287,-0.1722310332249815,-0.26484342724944226,-0.011544406446295315,-0.2079286933495626,0.033164524820494014,-0.08039973963318911,0.2802340883030412,-0.22682019978920767,-0.1421792218417929,-0.21798385000292209,-0.015967417874624915,0.0132500911888405,0.056018765756524785,-0.14816927067064606,0.02541881371883206,-0.1938447028855978,0.11543318225878285,-0.06580791297461021,0.06198463190944394,-0.020813626131799615,0.09182041138762209,-0.3734349274418961,-0.0017729931905615015,-0.1487794801933808,-0.14186887750063984,-0.35723011629851903,-0.30390973413163036,-0.3645808436932589,-0.3405102141577476,-0.2611990979861877,-0.21033083915900713,-0.26332153084399557,-0.03305650886798879,-0.4992654512185046,-0.2084816705392535,-0.2839187220261858,-0.3948124129675569,-0.29646388821155006,-0.29515157499753136,0.03809779071103113,-0.0680117608413959,0.17209077370456427,0.22140811691517726,0.06235140249444302,0.21484816302347937,0.2163660289829371,0.02458934793429567,0.14238235631963855,0.1703165713802061,0.16878338972599014,0.27005318173482484,0.09278771842498232,0.09192197862654491,-0.265308540716573,-0.26506510177883735,-0.3299214264554444,0.0998015005350417,-0.1704374847598761,0.32999155621565307,-0.1404114682310171,0.10283562027556159,-0.010943063904736379,-0.20496873381524033,-0.34912488941463815,0.1165455853517471,0.20060940343353695,0.031729686048409686,0.05327483812721297,-0.12829997803406937,-0.17160712018588417,-0.4365468750944636,-0.42876166562210943,-0.12159009155158064,-0.008366802828566996,-0.00384222416131457,-0.2215475703463967,-0.17679188590613495,-0.1902793703637276,-0.08099140910437444,-0.1562962619628675,-0.10627762115016837,-0.04366947924622599,-0.24749799989117796,-0.20232153688966453,-0.2707552854261088,-0.25046763249587384,-0.31894571593819715,-0.3664509706321553
#17,0.23555901278255945,0.08012405712754145,0.14339802870886678,0.19961630154184712,1.0,0.3499986901050536,0.0019269562273413364,0.1828190148380869,0.18295443782331733,0.17454612140106363,0.2837542798298346,0.5253118053778241,0.25928221787381883,0.11991745646614527,-0.09731874580581715,-0.2330778702317305,0.21666911852131,0.09433702186315426,-0.043056851455897854,-0.21055976849118238,-0.013736162975114012,-0.09308274707137719,0.04999969771655083,0.005194841835223276,0.10180785654836635,-0.242370466503971,-0.03202068424881555,-0.15307271126086458,0.13991572337437,0.11463192959616947,0.23294244724650007,0.16503910540220829,0.04675277042781169,0.1686012135672873,0.06836079746404339,0.035305497729851296,0.06376286467979114,-0.3099932893074283,0.08135979186776912,-0.20052718233536132,0.024697363886800893,-0.3105970501165807,0.0172233048447976,-0.14143681369061895,-0.033233848491504826,0.0635774641642971,-0.18945796547116922,-0.1731274044129353,-0.131956398635291,-0.22406176255433544,-0.08922319199230991,-0.22058913029021227,-0.014093260489739492,-0.24586566926563258,-0.054215544221045776,-0.11769023201262335,-0.2671101500736564,-0.25166548104380493,-0.18039510462030175,-0.1889517414549507,-0.08266001374382083,-0.12544158573866993,-0.11271343730540503,-0.38745281859164127,0.07806046878117298,-0.1897852376854761,0.1435270029805148,-0.06504535259349123,-0.05954701817529619,-0.04524941407391435,0.07718505591236198,0.06168396063866447,-0.03997033591752095,0.11883084822751061,0.01337100456851053,0.08987451206413245,-0.09702774760541127,-0.0869661422384694,-0.1553394340850787,-0.13446172386205396,-0.0591560649143631,0.28939851639283143,-0.052249492667611135,0.3364837986147357,0.34498481529473646,-0.02468124210284489,-0.08561191238616508,-0.02349467880368302,0.0979821572156067,0.17425673537905337,0.23562753036437248,0.18886145946479707,0.055300540281284824,-0.09826831888082575,-0.10148461478004848,0.12880217160429888,-0.03993244972522435,0.0657796998526872,0.15385219951513734,-0.10297829806357223,-0.02529467598237083,0.26366976137744524,0.15088095473204588,0.04092958206290317,0.1311583703294688,-0.03742954276605478,0.040361289178454045,-0.06598605868732405,0.03441638134467769,-0.07160288821759572,-0.003425476046051876
#18,0.1381866620450886,0.32490432728833607,0.300828861217638,0.19370686163277398,0.3499986901050536,1.0,0.12134100998946039,0.18844874179552337,0.25754509565255945,0.4104207181045619,0.32298099846238487,0.569235605765956,0.6587066701865895,0.2515526285561129,-0.024574838328735266,-0.14458942854321544,0.39412723714942677,0.029649975918085214,0.1152010285698164,-0.18921049608744456,0.0064910332652859705,-0.1064291659193548,0.07634511096825419,-0.05302172611910371,0.09614346775542448,-0.17421401265156997,-0.010348976165957645,-0.15247620525449243,0.3999842812606429,0.30166235744816344,0.25618361099747494,0.1272125637062369,0.1289230849839689,0.09150281224368882,0.1280726608802897,0.1479177708409324,0.10449374575543657,-0.1771320555476066,-0.019046678610221614,-0.17944150109930415,-0.013015519232280648,-0.16476261680736282,0.04955796083615632,0.019139378867968636,0.14800482847429483,-0.0777291661208771,-0.10539495347857718,-0.11222575334073592,-0.10137418055994986,-0.14338190692491076,-0.06285440215387034,-0.23705753260127,0.004259778365775065,-0.20807217722677102,0.1709130773865782,-0.1739141474699883,0.014996080391275696,-0.08995512098391248,-0.2607928290304964,-0.19849503146770706,0.014015875926750675,-0.2154712699733789,0.07307803144957005,-0.08098576647998984,0.11946604651537716,-0.10533207852114876,0.11780872712469999,0.14250971841289098,0.011751571370129962,0.14773720686062516,0.12198668743689833,0.17296135003818847,0.02290381542169549,0.11051200770621274,0.051505472338041564,-0.07179312526827657,-0.02334394012369439,-0.12346505502566386,0.25174205951759593,0.07122483238382743,0.110817515512179,0.5133502477716672,0.3342340036636754,0.24857574114863681,0.16161483848995312,0.205308903456712,0.07804192872962358,0.06203702770730095,0.18916535509236776,-0.00472408574370797,0.10651702964191502,0.14493282254147832,0.14285150023275825,0.03165633193140987,-0.0600282534263829,0.12914717778095736,-0.04293432589783223,-0.0016891599139902825,0.05191012911533726,-0.1407742083700272,-0.1351420631449973,0.09961045739516307,0.11941445680671794,-0.08085598611914402,0.08470667421703548,-0.048306104311972645,0.056886923822555585,0.04278761766383259,-0.10072850311251191,0.1519506350975267,0.09199694492194034
#26,0.45788566833863004,0.555741672594781,0.026429649572873488,0.3209786728950492,0.0019269562273413364,0.12134100998946039,1.0,0.5614600693639755,0.33356333745110567,0.48332664951040155,0.5880972869052825,-0.10033190722719422,0.2782648123928153,0.4827777027666996,0.2132085775951538,0.3528836833439804,-0.1385840640196041,-0.3007176209083416,0.20683241204055436,0.3264963534539915,-0.18336796158178884,0.09017195897812072,-0.3611525463350147,-0.22373287816163298,-0.4083369775282484,0.07884559965983036,-0.4794211473470597,-0.32068041989186313,0.02612736612369842,0.27085604657583384,-0.37633443028638336,-0.2627314735512058,-0.2745987187212201,-0.2785251792037048,0.09778063491615664,0.127567242953269,0.07271367913216437,0.17107429522613826,-0.3420159887792384,-0.07605169450025492,0.04948944325434331,0.20483008647321868,0.021432702635710156,0.10793655271924114,-0.23380254442055284,0.11026937485767488,-0.3540799197135159,-0.3005999318854628,-0.49288364303952054,-0.4430512088315133,-0.5578173522791164,-0.505520703393434,-0.5909500365762973,-0.3930003244509021,-0.325421030464126,-0.08680250613131596,-0.1651237447679773,0.08077215284257279,-0.14812251749717364,-0.33751156234193097,-0.1567726606787674,-0.3148685167757238,0.40862072092587404,0.32527190396253297,-0.1815244355864198,0.05506919268151617,0.43702891643474806,0.61662881406142,0.47386074406063405,0.34507267901729666,0.30162688952346023,0.21341493642979065,0.4639063485569996,0.12211243735175516,0.3694504285371698,0.21287243839967113,-0.08542812404906665,-0.29875963024688496,0.08720796899780946,0.3072590347484901,-0.08117842179826408,0.09345999681594767,-0.223914248231138,-0.16261277691682974,0.07202608504644081,-0.019017659399100807,-0.1934505252678735,0.04012429895430079,0.1262799185043821,0.03641387037682655,0.17650814250850927,-0.05195204575362287,-0.0019616180628467443,-0.22010870112832334,-0.14325535092085614,-0.3889964794054286,0.04758304230154588,-0.3532165981826719,-0.3917774871378392,-0.18521229366635564,-0.36974787545115806,-0.17593098264288434,-0.28329722725468187,-0.33301842115339275,-0.36588267774770616,-0.27892983598100046,-0.42620878113267624,-0.16681975644014888,-0.13077870231730493,-0.09192681516173172,-0.17815901318560406
#49,0.7289758838264249,0.4811953496714179,0.05318858658304835,0.4914181728779198,0.1828190148380869,0.18844874179552337,0.5614600693639755,1.0,0.5823692170657144,0.6449048109418548,0.6926293218976146,0.20348956013727698,0.4138240266976742,0.2978406885613928,0.28599923824570805,0.29168377926859496,-0.10083007035143474,-0.29012238449245603,0.349125695503836,0.3377429099416996,-0.10364896427614198,0.013161421377082481,-0.2516606445086181,-0.13530650534134855,-0.326272260657003,-0.08927800605776032,-0.45452024593781426,-0.34549748802453734,0.11051845641979513,0.25170578550369493,-0.3377743474204138,-0.22550063177240878,-0.36501451968167536,-0.28971611553676474,-0.07808545754630479,0.18305116852705336,-0.064005497528329,0.08923528333027692,-0.5327576512979044,-0.22901518067481758,-0.030547959284434618,0.08934974799636454,0.19891258567216755,0.058883606765506635,-0.2583987441130298,0.06087303490567749,-0.4331137412010326,-0.4092559192137406,-0.5476106508565706,-0.5107151421840583,-0.5571410434421621,-0.4703115333227198,-0.465034067344722,-0.304185416637278,-0.29178454041831997,-0.20950782208805316,-0.42805069494964965,-0.14818942290059106,-0.32561852231758703,-0.4459442629624181,-0.4845970460861347,-0.6283251683215006,0.2566406635726276,0.06432470885065787,-0.05433565151151801,0.1461395380705852,0.327155734417792,0.2954159722544098,0.5040423358046685,0.24446388015065806,0.41599885535333914,0.16182764603817235,0.5409305896744004,0.2846135709146896,0.27752079206324576,0.08283251683215007,-0.34031433448268217,-0.5606539801661753,-0.015445878163648199,0.19391322046741083,-0.17592130957251076,0.23957494916599997,-0.22275509196470136,-0.022721639262992647,-0.010926136031582575,-0.22234721083061446,-0.5452415547042357,0.1160587074762758,0.20448669247495582,0.07386799886341423,0.07851993962391908,-0.024382989099658824,-0.0414922323229677,-0.44393629477069785,-0.42266440692994883,-0.3111556699306562,-0.05406399945185934,-0.20029664082479046,-0.3725707998218543,-0.0904887520328562,-0.4380550679835477,-0.02327945298787037,-0.19313615048073143,-0.33759378344010654,-0.3789187522545307,-0.36328062181720716,-0.45148773837568995,-0.5969489523863263,-0.26196971925928464,-0.2040755869840777,-0.26467495460710205
#50,0.40942922839126766,0.3197663147415577,-0.007921841591381294,0.3545651854105916,0.18295443782331733,0.25754509565255945,0.33356333745110567,0.5823692170657144,1.0,0.39135832075498317,0.45642503471221607,0.21212358153491476,0.4013328684885626,0.19452020563335437,0.15411176023682902,0.2374928207680821,-0.0830050199204793,-0.30135281919620815,0.06678569917154183,0.34593277619134943,-0.22026750070029,-0.07526333926480634,-0.29464938142730185,-0.18443683585807188,-0.38573746077872245,-0.03169260594531088,-0.47954850944031213,-0.35810472307813224,0.05533117167080123,0.23966603724535138,-0.34274227514645633,-0.11754997249220613,-0.3734913536857421,-0.16142943797445905,0.11307778962281072,0.20277858946481722,-0.020566156748074958,0.18619330422007846,-0.4415905752050993,-0.07581147991931048,-0.15314928973465558,0.08946098830566096,0.08132513003226371,0.03736908607621976,-0.035782702534949,0.14135298041404773,-0.28469740419126077,-0.2509287155170155,-0.37426439322643246,-0.4132105928181483,-0.5001900355283814,-0.4646552054217559,-0.4902009781892415,-0.3535809505000776,-0.4231472543594311,-0.33571317734163875,-0.12607033531295406,0.17238419017256354,-0.08972860991933063,-0.22856780117003847,-0.23059108505651693,-0.44573145541419884,0.43595439953408044,-0.053853610171233496,-0.32301727247628587,0.015777180823944074,0.2972619165173722,0.2807669132627871,0.41342581863396094,0.28022602741106317,0.4156095142708016,0.2463082122352249,0.3602650421282367,0.1417487702101676,0.30969100585825327,0.1387323844319993,-0.06575068064156639,-0.2515590772696953,0.09859156064914364,0.2612797069059677,-0.11842699753941273,0.2737748955610683,-0.05454442861374825,-0.06717826461087052,0.02790479280484782,-0.1222978378672492,-0.29114047514927766,0.003948627935424194,0.1691017949591212,-0.04966920114545275,0.07482482674120305,0.1603049435435278,0.1297791517120327,-0.2800664217498987,-0.23207267700207365,-0.3369859921849652,-0.02424595393603279,-0.3285615539787555,-0.3181912164490562,-0.003536716355348301,-0.35084105331675475,-0.22686614687348228,-0.26069206788077137,-0.1712129425681599,-0.25246834588481387,-0.3636788298809205,-0.4121231784903158,-0.24498058332644798,-0.21067100880047882,-0.17375615398721947,-0.1267071457792162
#51,0.6906165171707075,0.6216185061958031,0.23075391507447257,0.6182329315650423,0.17454612140106363,0.4104207181045619,0.48332664951040155,0.6449048109418548,0.39135832075498317,1.0,0.7268808580013422,0.250317699905083,0.5141877744481815,0.14319650640941672,0.2375468287443347,0.23514145857809896,0.33653216396660374,-0.2109740983388517,0.3959232038821256,0.062098290486333765,-0.012901860655390823,0.08998091583824208,0.03767943041737284,-0.020013179558384032,-0.04118672451700143,-0.14592995487915716,-0.27321143921180596,-0.2905342960725319,0.2792047123974503,0.31341110750610107,-0.17095338184646822,-0.24126451212458916,-0.23308028849932388,-0.2657768785404949,0.05139181376115174,-0.028012808757353045,-0.05796224681242103,-0.16352688206713514,-0.17170465697881798,-0.12662492468104058,0.21047835348220456,0.006823142014779645,0.17341679043494557,-0.007288255481910351,-0.1827738738430101,-0.05615902527694202,-0.426915721359147,-0.4463247370637798,-0.3985704008077014,-0.41198050070230524,-0.455961533423481,-0.41439231958212336,-0.26556971361666026,-0.22305334496788742,-0.028501298811219957,-0.00785574227716168,-0.40956706964409145,-0.18560888955167335,-0.29029327540238964,-0.32173720283017915,-0.3463011589547441,-0.47849817521557847,-0.030747869405489063,0.09335762348782704,0.027525124792683934,0.012503652591677532,0.14493040427388493,0.2767058358842698,0.2537597007796898,0.07186164285008957,0.18028225213260973,0.21003500442341447,0.25933300149328026,0.10734649542645142,0.06699286409537647,-0.04715662111590958,-0.414539027816123,-0.5326923580728825,0.03213192455811198,0.2397135965080216,-0.09585569391180981,0.3398339053207933,0.026001616208841588,-0.021760780939214828,-0.18174933447260608,-0.16614505978159014,-0.33235742801119655,0.2592016089540388,0.36085348724263083,-0.043867777188884835,-0.07057915493638948,0.039461693633709036,0.07406710289527088,-0.4215205663582704,-0.3570761532617392,0.06816411169978014,0.0068021836956368405,-0.11124957932219989,-0.27920148804065914,-0.2644839114672234,-0.350162326212207,0.03348534832121849,-0.19171582131420753,-0.3001735106998265,-0.2517251316444421,-0.3733639915924897,-0.3094878713804076,-0.40677558275210945,-0.18600951588298004,-0.17301052147925428,-0.25230067933167144
#52,0.7005128742521004,0.5362351200972144,0.1063904736378604,0.40248638213061466,0.2837542798298346,0.32298099846238487,0.5880972869052825,0.6926293218976146,0.45642503471221607,0.7268808580013422,1.0,0.17047053441698592,0.4799152800253112,0.23855685850917832,0.17643075794552046,0.310410037422691,0.10768747115712089,-0.32132851560689446,0.3046997015454745,0.3033430534255768,-0.137333819673816,0.1408685208061698,-0.1346076260068558,0.08091644280897903,-0.24137817070147896,0.022541075282685407,-0.49457481817650534,-0.4340858847735796,0.3370827228887012,0.36441075887252306,-0.35471673017977806,-0.18186057478190248,-0.4128148030220284,-0.3752800656156607,0.14523671816904898,0.18746450688500937,-0.08310175062421532,-0.142590327332671,-0.27381923046694734,-0.12730445787478614,0.15879594456524587,0.04379522916108282,0.2189503509510845,0.0322576744729688,-0.0631647464950234,0.199088313117288,-0.5299347269272081,-0.46653903587701495,-0.5727767556118922,-0.5247983265588254,-0.601533181654216,-0.4590399880698799,-0.49959997823559166,-0.28093699808352296,-0.22541760458503535,-0.09786285601433227,-0.3527353629315852,0.11813680542820466,-0.25761119496677903,-0.3010360261414727,-0.3585134103014169,-0.5390773906086578,0.2449652676316898,0.08859121806123457,-0.17800988668401102,-0.10136853793556526,0.15788183941494047,0.2852165256346441,0.3631040882828889,0.1730975791126167,0.3009618659352751,0.21471757657343574,0.3312812989321333,0.05921893987179151,0.32822622087247066,0.10656700717217864,-0.2420254603273125,-0.4759589942425079,0.10174256332334454,0.3460561078386129,-0.1572152036483597,0.25716784590798897,-0.1850325357752462,0.03804942535916312,-0.022400815762268173,-0.1408266041678842,-0.3779909435878627,0.026960056265026008,0.34325736614385066,0.1430586651565929,0.1650705428809225,0.17881516979261342,0.15178377463358209,-0.41735389129484124,-0.2932355009743603,-0.2159250981917404,0.0688799189074267,-0.3229560096972531,-0.28101680091410514,-0.23333017615064194,-0.452520338638072,-0.10087601743570934,-0.30445787478613445,-0.28403641104906463,-0.3202257855843038,-0.4226200720240698,-0.5225179002182486,-0.3826783522730708,-0.2052903634051626,-0.17804616069791201,-0.19276373727134777
#53,0.13350328380586954,0.04809813329894019,0.13632378990897237,0.18780790088327223,0.5253118053778241,0.569235605765956,-0.10033190722719422,0.20348956013727698,0.21212358153491476,0.250317699905083,0.17047053441698592,1.0,0.4758316321492555,0.303430917148137,-0.034581629630226735,-0.23006309663195781,0.36388357653716175,0.008851262436444905,-0.007560713630766812,-0.29377638682608426,0.06554674007452295,-0.09872778972357187,0.024779584984976514,-0.07160772475278251,0.2438077235436487,-0.2578248086041961,0.0631470125326718,-0.1354435405049746,0.24711349534382726,0.10143624942818047,0.19000288176888214,0.11795543535869962,-0.02733327556360749,0.1981621166290156,0.11488101115828972,0.01963673590301135,0.0962329436563803,-0.16481662478361542,-0.002587143280339686,-0.33262666180326184,0.044979374192651286,-0.21468533300552373,0.016096392146272946,-0.14611213103786,-0.14234930666252874,-0.10943265427035828,-0.029630629777338012,-0.07381802133315062,-0.07740189390657023,-0.23552918748224086,-0.09286026645278433,-0.29867821523790716,0.03374329686451454,-0.2932298583499757,-0.003248942511733636,-0.23601928971450337,-0.2536113803672945,-0.32211122821795846,-0.4872740683120291,-0.3607736844120486,0.020779770385492006,-0.1218214391513493,-0.03691122741186926,-0.29203281589124247,0.10810421927238359,-0.12022457645050713,0.2754265723273609,-0.07609441722773834,-0.03678064096182563,-0.053583570289970434,0.12113142679803234,0.25749834247908704,-0.022541881371883205,0.17550778581403925,-0.021823655896643243,-0.006443474002615759,-0.0710789302390256,-0.041160123573474025,0.08794151016780762,-0.013799844021740226,0.23960638664471418,0.43514347380109347,0.08423914248231137,0.46728305620658456,0.33750591971754634,0.17295248305701266,0.041930744846571,0.12883038472622188,0.08672834592511834,0.18738470405442714,0.03077043990302747,0.28491988480985364,-0.016676776368689077,-0.09105946318489873,-0.2500734548781495,0.18920162910626875,-0.0022776050283844157,0.08161209778668059,0.09945649435838323,-0.13451653792750437,-0.1372709447163876,0.12197701436652472,0.1263564969781731,-0.05876672383182561,0.08834213649911431,-0.03781646558099887,0.06294710241161736,0.02556713413122729,-0.06518238775711727,-0.11449731270013683,-0.09251042374093905
#54,0.30399195522980593,0.38651614294379744,0.27932885013391157,0.30940242592544076,0.25928221787381883,0.6587066701865895,0.2782648123928153,0.4138240266976742,0.4013328684885626,0.5141877744481815,0.4799152800253112,0.4758316321492555,1.0,0.30475854605691394,-9.874592673052236e-05,-0.11264411363439421,0.3165556614667196,-0.20191204357718204,0.06448915104700911,-0.019136960600375234,-0.1050846091374241,-0.14235253101931994,-0.17624455134082861,-0.19349244190615913,-0.12517638239259365,-0.21753082787375838,-0.19966305471531953,-0.3234856103002078,0.36399642902485374,0.3698123625869821,-0.008932677445422723,0.1258373755347898,-0.0896197878776276,-0.042539342190910136,0.1522424393871304,0.27359674984835447,0.13135425000453424,-0.08713219661321624,-0.09546393456167893,-0.25544603938148774,0.02543332332439246,-0.054859609490088126,0.0750352160218289,0.07458703042785199,-0.06894198777565731,-0.04968774119700215,-0.19511590555052868,-0.20295512299913546,-0.30799418809688384,-0.2552138856925213,-0.3052889527490664,-0.3678898398502286,-0.20937159301362493,-0.35258543034079437,0.06479868929896437,-0.24871841893664742,-0.023642999216078254,0.022536238747498605,-0.3425278554198415,-0.3683783299040955,-0.036659727582155605,-0.3339688003175991,0.23901471717352885,-0.12901900959850712,-0.05899968360998986,-0.0724452514292969,0.20549672223979945,0.11821418999119347,0.10996467314090641,0.08593596024368076,0.20758610544049752,0.18708483887284547,0.2971111778373836,0.22345800174518313,0.34981248350036176,0.20432063810020898,0.05732704852455448,-0.17340631127537418,0.10105013270243418,0.07753328644581166,0.031574110833234255,0.4158537592977351,0.11679708518146076,0.1077052051194725,0.16975714547693274,0.18070867331824603,-0.11026131396569687,-0.01307355765452226,0.1685867039617269,0.040499130431277876,0.00843209605358881,0.20722417139068525,0.05355374498965183,-0.180559546816653,-0.28119575271601677,-0.055770490283602335,-0.1729863388033203,-0.16676333019630288,-0.13870497739927412,-0.08807773924223584,-0.22988898136523297,-0.05094685252396604,-0.020074442337416846,-0.2012566930593705,-0.10205129548610202,-0.1112584463033757,-0.12700701096079786,-0.017311168567357822,-0.0962385862807649,-0.11946846478297056,-0.1126038091745042
#58,0.1642813815562761,0.21966777033712664,-0.022200905641213728,-0.00966380034782749,0.11991745646614527,0.2515526285561129,0.4827777027666996,0.2978406885613928,0.19452020563335437,0.14319650640941672,0.23855685850917832,0.303430917148137,0.30475854605691394,1.0,-0.06651565929027876,-0.056132424333414616,-0.10250834806125472,-0.1417858503132664,-0.04661815353177906,0.03283644651698934,-0.1907243316009133,-0.109098933342469,-0.36350955114938244,-0.292849384248614,-0.1628167174838732,-0.01885079893515617,-0.22306221194906323,-0.2295915344512447,0.07751232812666886,0.15794713263996227,-0.02362204089693545,0.026204750686687234,-0.06820522224886795,0.09134643093931559,0.17623649044885062,-0.014115830987277898,0.285793685500269,0.20341620602027718,-0.14333757201903177,-0.2570082402468245,0.00874163430554408,0.07656114287326464,0.009961247261815756,-0.04039272665716825,-0.19310551909121504,0.017239426628753603,-0.13625688450555495,-0.12650965392575517,-0.2246389224199604,-0.2536363691324264,-0.315747154001326,-0.2918683736948912,-0.35121507870453406,-0.32365488903174583,-0.20504934273502035,-0.17379323409031827,-0.018745201250244346,0.0029385981705805655,-0.2714831839717224,-0.25062401380024707,0.1248950572625614,-0.02622329073823664,0.5074198495434512,0.1426419170413302,-0.029568560909107398,-0.025055267490624176,0.6445033785213503,0.4510290736221417,0.35947991124957934,0.3144114642005711,0.42304326885291493,0.43157491692243205,0.2207479298621789,0.10958419903954472,0.2857420957916098,0.21653047117928834,0.10977282391182996,-0.027156742029289253,0.27804555613101367,0.04025085495835542,-0.016175388887657363,0.03725945794531894,-0.14724307418237365,0.17982681173585263,0.37540339726292415,0.26598807391031853,0.1620622179947322,0.036086598162519676,0.06115194176811635,0.18508896201909222,0.2587977582659409,0.18438605223861046,0.24471215562358054,0.023069063707244524,0.05266865905046723,-0.22835015708663242,0.10606239533435573,-0.20902819901536204,-0.09037992999115317,-0.035818170459652215,-0.1581325331554563,-0.1245065222692217,0.01098901098901099,-0.3187030830896593,-0.16313834707379546,-0.02070641626849219,0.003165915324360217,0.07687148721441771,0.12364561900597111,0.058604699903067776,-0.033569987686987504
#101,0.22855167938608248,0.04311569596733727,-0.16351962726435493,-0.030014328235490897,-0.09731874580581715,-0.024574838328735266,0.2132085775951538,0.28599923824570805,0.15411176023682902,0.2375468287443347,0.17643075794552046,-0.034581629630226735,-9.874592673052236e-05,-0.06651565929027876,1.0,0.4673652773047602,-0.00044213992499340016,-0.06289954314894715,0.5610876561545918,0.15950288479171662,0.49072009963262486,0.2405938459120194,0.1951336395128803,0.0847808344232331,0.014103739649310894,-0.10923919286288625,-0.4224773942360592,-0.5211056319437027,0.36388196435876613,0.09557114442498635,-0.08802373126598324,-0.13741765295038721,-0.22506050707040987,-0.3725925642301949,-0.02194698754390667,0.042506292533800324,0.1809448574532015,0.004544327852598529,-0.24007230620104267,-0.0979934424643759,0.1558690346880334,0.16132545246794283,0.2031381052470361,0.014001366321190272,-0.10512330141891851,0.035024172599819034,-0.4353272621381919,-0.5130084659517999,-0.37811911177031293,-0.4501826799644515,-0.37154948480824146,-0.32348238594341655,-0.16044923350993404,-0.1845456578997749,0.047288013655151014,0.028321540920110515,-0.12272022860689649,-0.1303095584041852,-0.1590184251838387,-0.2383666214584975,-0.3752405672449685,-0.44394113130588464,0.08511697361871579,0.29277603013161424,-0.29899984482782943,0.023723608135858273,0.06774010878173724,-0.01973427269594517,0.3687870171273802,0.14358020486756962,0.05250018640812699,-0.023480169198122618,0.3361001001565828,-0.1805909842953672,-0.006348355477275338,-0.2636165594903904,-0.35358901139205556,-0.45144340346981093,0.3858035600929421,0.24523369533455724,0.06610213553180727,-0.042495007285031125,0.13274394778154178,-0.022753076741706853,-0.2300768001483204,-0.14155047226750875,-0.2755087934255365,-0.011737061764569559,-0.02808777505274846,-0.03950764071798365,-0.02989422094501867,-0.12159895853275644,0.0029861574332507765,-0.25720089556509873,-0.23910580525288025,0.003280379990447843,-0.045146234656595924,-0.29355471229668917,-0.3943110254865252,-0.19385840640196042,-0.3796764761004629,0.17955435358699617,0.008841589366071302,-0.24044149505363516,-0.33311273358953536,-0.36408590492580956,-0.3555711847294462,-0.4471703246322722,-0.12902868266888073,-0.019488415490616116,-0.17025933904716226
#102,0.2820494011764872,0.19443798453517874,-0.24137091589869877,0.22442853313933453,-0.2330778702317305,-0.14458942854321544,0.3528836833439804,0.29168377926859496,0.2374928207680821,0.23514145857809896,0.310410037422691,-0.23006309663195781,-0.11264411363439421,-0.056132424333414616,0.4673652773047602,1.0,-0.1801766544476979,-0.22130654967625443,0.40479502159311437,0.5857967083347608,0.06012982066530572,0.5655993373946794,-0.126711982314403,0.10317740209542887,-0.296218031006221,0.385481124413822,-0.4717286381324525,-0.16845531142248546,0.05003677781964963,0.22099298097831016,-0.4887580785251792,-0.33347144328255646,-0.42000995520159284,-0.37005338325712434,0.0830388756667869,0.17914163591772247,0.0432664346473259,0.33162549901959404,-0.25226440531777045,0.3212737015414441,0.034001245407810604,0.3969469371633318,0.12738426070536835,0.3059112536097682,-0.2062157538042372,0.4539696870157167,-0.23063138951640694,-0.22311460774692024,-0.4452969733365846,-0.30923798372908956,-0.49425560685417647,-0.2742915987368582,-0.44178081225578014,-0.07338192707714072,-0.3443665448800237,0.17859349526321835,-0.2644605348804872,0.3056952217047577,0.020561320212888156,0.04581609477996788,-0.37107792262752837,-0.4224870673064328,0.2764849674440725,0.36713534036108764,-0.34234729143953424,0.15373128613546733,0.04658429778547145,0.12965582006476928,0.43868704191462304,0.23646102659489787,0.007317274693031157,-0.13135263782613865,0.22716843032265735,-0.19354967423920294,0.10126697069664244,-0.1778962281071212,-0.3065246874892941,-0.38956477228987774,0.08863313469952018,0.5274519721979836,-0.07202447286804521,-0.03208597747383737,-0.04276101672030518,-0.20042158465044949,-0.34584652464718485,-0.27393369513303495,-0.3258853378420589,-0.0755059721133442,0.16852382900429846,-0.12001418716988128,0.17783335314969279,-0.22930376060763002,0.08231581365636015,-0.30252406680061183,-0.19180690939355893,-0.3659697353810686,0.20105758902751383,-0.3867297565812145,-0.39315106313089077,-0.1389669563885592,-0.4579606346340254,-0.21467001731076552,-0.32373146750553683,-0.1867140378418574,-0.2993021282770045,-0.37856890954268546,-0.561235976566987,-0.38379478581202403,-0.28182611446869654,-0.2830658796549132,-0.3192431628521854
#201,0.14236623453568253,0.11145835642443015,0.46511709453209543,0.15092287137033147,0.21666911852131,0.39412723714942677,-0.1385840640196041,-0.10083007035143474,-0.0830050199204793,0.33653216396660374,0.10768747115712089,0.36388357653716175,0.3165556614667196,-0.10250834806125472,-0.00044213992499340016,-0.1801766544476979,1.0,0.3310950923274415,0.11070063257849798,-0.4778710378196899,0.28446041396710753,0.0419621823252852,0.3907585903918198,0.25585150224798126,0.38667736078335746,-0.252080616980672,0.28514397760684207,0.011180860218087433,0.24434780330617484,-0.10085908956255554,0.4726556407099228,0.02671258688130135,0.21790162890474646,0.042583677096789146,-0.030005461254315097,-0.2418247441170603,-0.0803779752248485,-0.4751786998990373,0.14867307641927116,-0.09004701515246169,0.13057073130427246,-0.2692075941663325,-0.12316841420087339,-0.39542181640109386,0.046545605503977044,-0.22465423811471857,-0.06309219846722139,-0.14663528292723232,0.0697674231142047,0.11917101786898229,0.19235182569127188,0.07826843979420543,0.35164794860375276,0.09727038045394913,0.3663889017639247,0.048147304740006,-0.022667631286740035,-0.26734714029780965,-0.23586532667772353,-0.14616775119250822,0.05509176317905458,-0.016310811872887795,-0.3862686735600728,-0.14458297982963306,0.3270372393057154,-0.24646781789638933,-0.09750737067810239,-0.26522954397518855,-0.1443782331733918,-0.17778740606541818,-0.00918256509674078,0.17664920811812432,-0.13237314675055367,-0.04967564985903515,-0.13918863091795422,-0.09651426878641256,-0.09613621295264428,-0.04528810635540876,0.08597304034677958,-0.09998287060454675,0.13838818434453865,0.19085249978336352,0.37543967127682515,0.1713620690697529,-0.031509623697410234,0.08281397678060065,0.12209309121100795,0.14314491670075752,0.11176547640879202,-0.18780064608049205,-0.25288831835686776,0.11865592687158798,0.05991217658189967,-0.011707236464250951,-0.17683219036602496,0.5457026377253775,-0.11474155772707029,0.41342743081235656,0.3153457215808215,-0.04892195645909198,0.1359529888779843,0.42364702966206724,0.23386380719958566,0.1297976917635821,0.26861270033835594,0.08684764712639277,0.2410936212146555,0.09414839699086902,0.03598906136958585,-0.008686014150895868,-0.09969832111772328
