,#10,#11,#12,#13,#17,#18,#26,#49,#50,#51,#52,#53,#54,#58,#101,#102,#201,#202,#301,#302,#401,#402,#501,#502,#601,#602,#701,#702,#801,#802,#901,#902,#1001,#1002,#1101,#1102,#1201,#1202,#1301,#1302,#1401,#1402,#1501,#1502,#1601,#1602,#1701,#1702,#1801,#1802,#1901,#1902,#2001,#2002,#2101,#2102,#2201,#2202,#2301,#2302,#2401,#2402,#2501,#2502,#2601,#2602,#2701,#2702,#2801,#2802,#2901,#2902,#3001,#3002,#3101,#3102,#3201,#3202,#3301,#3302,#3401,#3402,#3455,#3501,#3502,#3601,#3602,#3701,#3702,#3801,#3802,#3901,#3902,#4001,#4002,#4101,#4102,#4201,#4202,#4301,#4302,#4401,#4402,#4501,#4502,#4601,#4602,#4701,#4702,#4801,#4802
#10,1.0,0.4539318008234201,0.06645681477883936,0.44874622901397154,0.31720939980613555,0.06959411393667767,0.19934384339299066,0.6605921128202441,0.16129159672163523,0.6200039095326093,0.3120173792831046,0.2611878127374185,0.017271670196665614,-0.1765669870199487,-0.03257849797369328,0.11635212394427505,0.47828294939976584,0.0003059108505651693,-0.0724275174669453,0.017906868484532157,0.13049012238449245,0.07427749217589673,0.2017532440052154,0.15531605749834249,0.246795896199894,0.08628983340151504,0.05199073803511728,0.11381858559558908,-0.10449374575543657,-0.2649304848828047,0.1130737591768217,0.20944736539821815,-0.01086164889575856,0.10803489560137278,-0.13696060037523453,-0.3469919773972589,-0.004084857009852425,-0.18247642692902183,0.24805097708086887,0.07488689560943367,-0.04010656499194919,-0.2326812743464128,-0.02380663532323169,-0.14808866175086605,0.19222043315203044,0.028145813474990074,0.011221970767175241,-0.006734472203021626,-0.2521507467408806,-0.14198092389913405,0.04603615713096733,0.13669620311835606,-0.004623324593982947,0.12199394223967854,0.09055243307948241,0.13219903148382883,-0.14888265961069921,0.027209943916344063,0.14269270066079162,0.06836240964243899,0.009738766643222907,0.020229211463394483,-0.18340423559568983,-0.07186083676089178,-0.09588229485533721,0.056899821249720386,-0.05313216033920234,-0.012656003450061766,0.003711637711270941,-0.11795462926950182,-0.08904665845799167,0.16959915199416392,-0.21516656825661043,-0.13618594865614855,-0.23528897290129638,-0.3793016446234858,-0.20720563133913583,-0.01350562146454316,-0.054377568149803615,-0.052480034178181985,-0.2030961886087505,-0.15732483177926054,,-0.10919243968941383,-0.017326484262116023,0.2785759628231662,0.26765667854976494,-0.0437065593493248,-0.19745840075933602,-0.07783718207338233,0.08527819145827581,0.09828927719996856,0.014691378674507228,0.154079516668917,0.1231450376141372,0.03894499045791912,0.11967885406359641,0.10855401704475609,-0.04066518480602471,0.10977443609022557,-0.16240803026058848,0.14960813988871938,-0.1615769522976565,-0.049783665811540374,-0.13840591830689025,-0.0556334551199763,-0.0913601344556782,0.00913984236925737,0.023299605217815378,0.012503652591677532,0.047562890071600875
#11,0.4539318008234201,1.0,0.06148243833921443,0.1700247670906024,0.09082005469315207,-0.08890962329436564,0.029431525745481368,0.40734629390415195,0.46849702653847164,0.46767803991350665,0.07743010702849323,0.1413304099165093,0.0035536442285021047,-0.07739141474699883,0.21441771139185406,0.03793173633628429,0.30938630414148477,0.07050902517618086,0.146200800849618,-0.11895014942878504,0.1858071874943322,-0.05400112449443093,0.08643492945711907,-0.04851326923580729,0.1987118694619153,-0.04279084202062379,0.019706865663219962,-0.10165147524399312,-0.026777880106323166,-0.20013300471763704,0.01823333460964123,0.05500551163488996,0.029418628318316563,-0.02644254700003829,-0.21689240522910064,-0.19761639424210486,0.04807959324739079,-0.14810881398081105,0.18137692126322238,-0.018739558625859746,0.018482416171761485,-0.0901050535747033,0.03637517809533214,-0.0574004026415543,-0.12697396130368807,-0.0953688160363385,-0.08203529461552568,-0.09950405362105344,-0.24889414638176788,-0.22795839773650153,-0.04570163011388025,0.024772330182196312,-0.017953621658004567,-0.016794465391567905,0.15743204164256797,-0.02062016472432757,-0.19145545450331805,-0.20201361081610486,-0.01386352506836644,-0.07955657033229012,0.015821515729823085,0.08471231684142008,0.042834370837305,-0.010481174794396874,-0.06903791239019554,-0.05004242044403424,0.03813003427894314,0.022159795092125917,0.25097143824449897,0.10786319860224133,0.14101764730776284,0.32367262299409744,-0.03271714531571491,-0.1854734665664429,-0.1399608643694468,-0.3200935869558646,-0.09438780548261567,-0.23070635581180235,0.06630688218804852,-0.057429421852675105,-0.1611868051259212,-0.21532133738258807,,0.004361345604697888,-0.10028999058890861,0.10810824971837259,0.06199027453382854,0.04963131495315614,0.03023761494328155,0.012778529008127395,-0.010534376681451687,-0.12090088528746148,-0.25796909857060235,-0.0949319156911308,-0.16306499295679563,0.13445205079168035,-0.010863261074154161,0.1716974021760378,0.0059017820616940365,0.12718596276270952,-0.09293362056978414,0.10454049892890897,-0.0009862501335085234,0.14982336570453203,-0.18947005680913623,0.055214288737120205,-0.07981290669719057,-0.021467364471215562,-0.10181430526194876,-0.11329220934942556,-0.09237419466651083
#12,0.06645681477883936,0.06148243833921443,1.0,0.49688345763900504,0.06387894152427437,0.33210350991388954,-0.03342972816657027,-0.09206143205776435,-0.1747976212307773,0.3257329869836747,0.096718209353456,-0.1324634287407073,-0.0715569411333211,-0.23666980369712812,-0.3390165308742239,-0.29419394103054475,0.48067219778204556,0.807971819121645,-0.4313725885337842,-0.5480959165536462,-0.4754076292312126,-0.4795960687029823,0.11708808338186662,-0.02979507197368925,0.2823025131845964,-0.18029273129218112,0.20389260473617707,0.21172053693601464,0.09017195897812072,-0.17040685337035968,0.5477581651797679,0.3982270068094385,0.41220056305330466,0.33841599442186276,-0.13302366073317842,-0.20426098749957178,-0.08238191297057976,-0.2568824903319677,0.5104821824058942,0.14472323935005027,-0.10370055398480119,-0.33323928959359,-0.025798481730995942,-0.40280478736374575,0.03351517362153709,-0.33223006591794413,0.12673294063354582,0.16382674724871682,0.19986135265797836,0.32740159162312105,0.5047226750876118,0.6221505250663513,0.5707067185519413,0.5359666923943469,-0.18205887272456134,-0.21239281532698,-0.4865090896633167,-0.40166094679206726,0.09114410255066774,0.2268943599954053,0.06814718382662634,0.06501310902557922,-0.22920058119031161,-0.0649026748054806,0.5380891252521548,-0.010939033458747378,-0.17813644268806564,-0.27366204307337627,-0.2690375093455966,-0.20118656329916187,0.4537754195190469,0.06535247257785311,-0.15349913244650087,0.09711319306037809,-0.3009255919213741,-0.14012127611980904,-0.13526378261386512,0.2000177339623516,-0.14118934430689428,-0.225673134860738,-0.08094062548491303,0.0636258295161651,,-0.008137873496391744,-0.1421751913958039,0.10556584438851081,0.08710075913450203,0.1059680828982131,-0.035904422003816834,-0.08592145063812036,-0.12558426352668053,0.027572684055354145,-0.08807693315303805,0.04123025333368264,-0.06418847977622964,0.6568276762665173,0.38114436452965705,0.6833947640476157,0.7063836218796791,0.2326828865248084,0.639272665716825,0.6144322209974145,0.5818452590871442,0.49592985411800744,0.3821487516701161,0.2833996005828025,0.30746861793991814,0.07269272081302157,0.12902304004449613,-0.1515008373251542,-0.10304036693180284
#13,0.44874622901397154,0.1700247670906024,0.49688345763900504,1.0,0.041921071776197395,0.1391596117068334,0.06696626315184907,0.25441585738669914,-0.03333219137363645,0.579567251014161,0.2869326895367607,0.03745130717439538,-0.012024835608184223,-0.30072890615711084,-0.14021881291274285,0.03350550055116349,0.4035197884821945,0.32489304203956687,-0.14363904937900904,-0.23161804269451436,-0.12322161608792821,-0.17430510073092137,0.1319370524945438,0.04748550550861205,0.3147314816120978,-0.13172263276792895,0.23761534632614772,0.27229652797230275,-0.1090916785396888,-0.28570259742091764,0.23454092212573782,0.2840235136218998,-0.017779506391279728,0.1121427261533625,-0.14585579467295953,-0.22846784610951124,-0.10324511358804409,-0.2531357877405924,0.47786781346289875,0.10734810760484702,-0.1160998180253636,-0.2993682275912241,-0.11521311990778339,-0.34015472882151776,0.1298250987963073,-0.11542834572359605,0.14230094131066073,0.1178965908472602,0.0019833824711873492,0.06510580928332625,0.3567529114934213,0.40070814936026744,0.3245423932385238,0.362466471727429,0.09442891603170349,0.08446081701170643,-0.22994540760907897,-0.19804603978453236,0.18111333009554173,0.22348621486710613,-0.010664963131495316,0.00989111750160714,-0.3183395368614514,-0.07295469980230662,0.34859125836569443,0.21048560828498478,-0.16747107651197143,-0.021606817902434995,-0.2158759267506746,-0.21246294508718863,0.04384117624535743,0.10829203805547102,-0.1915884592209551,-0.09793137359614529,-0.31055271521070166,-0.36712969773670306,-0.26105158366299025,0.004234789600643259,-0.22007162102522454,-0.20636891075181923,-0.18446182462320368,-0.11940962027153115,,-0.050538971389879145,-0.2414902170999732,0.1974027806046878,0.1846117572139945,-0.03386259806578897,-0.15389734051021417,-0.1550589150442442,-0.07667560753935226,0.08312915765694052,-0.01041829983696846,0.15382076203642314,0.1669414759090167,0.3024184691157,0.16127144449169023,0.28367770135604353,0.32997704661009264,0.17529497826582,0.1889154674410497,0.37631508414563614,0.08044085018227692,0.024915007970206942,-0.047981250365259166,-0.10215850534940944,-0.09249107760019185,0.028228034573165695,0.08791893967026922,-0.06591431674871982,0.08053999915360634
#17,0.31720939980613555,0.09082005469315207,0.06387894152427437,0.041921071776197395,1.0,0.30658836853592036,0.07362617210407417,0.45501034817007674,0.34269955241897293,0.2555008534469382,0.027180924705223257,0.5730427650471663,0.2419013225908513,0.005227085403135284,-0.03656863950280418,-0.24270499352105807,0.2490618129349103,-0.15470342970801435,-0.16100785332400958,-0.23375659733627824,-0.032833222160198135,-0.24361023169018767,-0.008327304457874786,-0.07853364314028169,-0.1134808342217108,-0.23637155069394203,-0.07611537554688114,-0.15305094685252396,0.19363108924818076,0.1337281826920558,0.028090193320341864,0.16394927280678243,-0.09253057597088406,0.041351972802550464,0.25408616690479885,0.0005848177130040325,0.2163257245230471,0.040724029317464126,-0.029037348127757077,-0.21465067117001832,0.02199696507417028,0.07319491438325108,0.20682435114857634,0.09200258754632494,0.1881206634920187,-0.05944383875797776,0.018755680409815748,0.06371288714952753,-0.0644835084226245,0.05105406238727346,-0.03743921583642838,-0.025031084814690168,-0.2537580886012942,-0.14683841740507797,-0.18292703079059214,-0.33023257688579527,-0.22193288098294517,-0.25312530858102106,0.04284646217527201,0.01460835148713381,-0.32034589287477605,-0.19525052244656133,0.07809271234908499,-0.10689186111889211,-0.05356503023842103,-0.00702063386824069,0.07319894482924008,0.006042847671309069,-0.12883844561819988,-0.10123714539632384,-0.09879388903779147,-0.26380760263026903,-0.2198265699090933,-0.07225179002182487,-0.13398613123535186,-0.05909399604613248,-0.20589170594672154,-0.08966654105110002,0.04200651723116421,-0.02791365978602362,0.04428130094735633,0.14507953077547797,,0.4108084470087037,0.3748979793359034,0.13179840515252214,0.11031935238793848,0.010178085256024006,-0.035210379204510873,0.10078331717796232,0.22062621039331107,0.26259363229838195,-0.046169967937802155,-0.05231075544664395,-0.04908881692303662,-0.08399409136618012,-0.0032900530608214454,0.040491875628497674,-0.11395965120520411,0.08137510756252733,-0.06292614409247456,-0.05318858658304835,-0.18355174991888729,-0.006669178977999811,-0.08731598495031467,0.0022445553712746084,-0.185880541611332,-0.22185872077674756,-0.10043831100130385,-0.2622349226053609,-0.08268500250895262
#18,0.06959411393667767,-0.08890962329436564,0.33210350991388954,0.1391596117068334,0.30658836853592036,1.0,0.32350656861935057,0.0817168893823946,0.12597199243082244,0.1500788959802347,-0.0038204597529739653,0.34333878115282845,0.5658202058348767,0.33665952605985616,-0.3841833208053637,-0.4636185747133849,0.20563214522502987,0.23327133163920252,-0.43773585666121884,-0.3597765520743698,-0.387385107099026,-0.42407828738289033,-0.1077309999738021,-0.08668320493004153,-0.14898180858202864,-0.13091654357012875,-0.24511842457927183,-0.18776759642338223,0.344147288618222,0.3557654522261161,0.4530338174570707,0.31371822749046296,0.19173839181174593,0.30360986895004866,0.267846109511248,0.06110196423785274,0.20553219016450266,0.1298170379043293,0.03426080612950226,-0.07214054971252844,0.1739971746573617,-0.0025952041723176877,0.15737883975551314,0.052748461881049445,0.21522218841125865,-0.09277240273022411,0.03396174703711839,0.15517499188872744,-0.04518895738407933,0.16066687759334009,0.1731241800561441,0.217653353431824,-0.05780828377564119,0.04879459436583955,-0.4106133734228361,-0.3748899184439254,-0.22415768716887366,-0.1678007669938717,0.07585984527117848,0.2339790779548711,0.11208307555272529,0.1624789661099949,0.1875515645183718,-0.149641995635027,-0.07395425040757884,-0.3515149438861157,0.34760138083079584,0.16542360994955896,-0.22201348990272518,0.0054157102754205265,0.24661613830878457,-0.0414865896985831,0.0036141009183371185,0.2742174385306606,-0.03976558926127971,-0.028681056702329396,0.08935539062074914,0.3324428734661634,0.24259455930095944,0.04384681886974203,0.11648996519709888,0.2848586220308208,,0.312148771822346,0.4188580537379364,0.18062000350648802,0.22798822303682015,0.06456734169919573,0.12748421576589558,0.20468095997162566,0.19413892544279487,0.2490045806018665,0.12559957922143875,0.09593146629640303,0.18562098088964035,0.028020869649331048,0.06602072052282945,0.2725141720557088,0.19482732561771623,-0.019473905885055712,0.2211896667425734,0.3002799144739361,0.39834308365392174,0.25439570515675414,0.4122239396400409,0.18594341656876043,0.17910374972542586,0.21226787150132098,0.1646586313008466,0.04365738790825899,0.20165812547987497
#26,0.19934384339299066,0.029431525745481368,-0.03342972816657027,0.06696626315184907,0.07362617210407417,0.32350656861935057,1.0,0.23318911054102692,0.004682169105422361,0.3605487855258624,0.29685887191847216,0.13345814281079274,0.27367816485733226,0.22358616992763333,0.02190990744080786,0.06337191141885805,0.055562519270569884,-0.02543251723519466,-0.1430086876263293,0.05041967018860472,0.07992737136327821,0.12170213795007487,-0.011063977284406406,0.023293156504232977,-0.06109067898908354,0.0008226140263550863,-0.4180148844370374,-0.3500752685788446,-0.0004074780894879923,0.05222289172408373,0.1068314044290571,0.045216364416804544,0.016529262045491645,0.034800885892028385,-0.00023819935794995394,0.01429961932437634,0.14517948583600518,0.1240317357317174,-0.05322083015096035,-0.06209022959435576,-0.016546996007843248,-0.17407536530954834,-0.09041862227264758,-0.13221031673259803,0.015135533822495129,0.07582034690048628,-0.24517243255552443,-0.13807461564659437,-0.34208047591506235,-0.17691441146420056,-0.1699852687199102,-0.0873949816916991,-0.19080655269908892,-0.030048990070996307,-0.03361593477126212,0.06953929987122726,0.011891024801349393,0.05130475612778932,-0.21496020942197358,-0.05713197493868684,0.0706404177154223,-0.011885382176964792,0.1933408971369727,0.06943128391872203,-0.2730195899827295,-0.2925737017429664,0.1761010674636202,0.36310731263968016,0.04045237725780546,0.18123101911842054,0.22045612557257524,0.14979192822581783,0.15909016712244292,0.08895234602184905,0.10812114714553739,-0.0878600951588298,0.1850962168218724,0.18404346432954538,0.09727521698913594,0.08555790440991248,-0.052617069341808015,-0.10215366881422264,,0.06885170578550369,0.11839314179310512,0.04467789683267402,0.12117414952551575,-0.24651698933745514,-0.2035999943573756,-0.08930218873369433,-0.09098852733549231,-0.03802927312921811,-0.014274630559244533,-0.002816878701712738,-0.00490142536722401,-0.11441347942356561,0.0777090138909321,-0.1368614514039051,-0.09499962718374602,-0.09839971142006719,-0.10853386481481109,-0.0031643031459646165,-0.013890126011893846,-0.08097367514202285,0.027139008066937646,-0.03850325357752462,0.01868313238201373,0.12389631274648696,0.22336852584422728,0.12376330802884994,0.08769323469488516
#49,0.6605921128202441,0.40734629390415195,-0.09206143205776435,0.25441585738669914,0.45501034817007674,0.0817168893823946,0.23318911054102692,1.0,0.5245766520294303,0.6466177504871802,0.29590365621907894,0.5008961696656543,0.19589297553720808,0.11068773515133318,0.14503680804799454,-0.11598374118088037,0.4618733916001475,-0.22344268605042492,0.06275444709334312,-0.11956277721911318,0.24790185057927586,-0.058302416453892704,-0.08050211296130973,-0.213320623993648,0.056531438486325705,-0.20699524205850997,-0.09200339363552273,-0.17889577871239343,0.1240559184076514,0.013183185785423086,0.026466729675972293,0.19840716774514683,-0.0741799553829629,0.06963038795057867,0.10008121348667837,-0.11410313508241254,0.37276345514012854,0.030260185440819955,0.1801339317202145,-0.06227563010984981,-0.06261983019731049,0.02463610110776808,0.0005485436991030242,0.08537895260800084,-0.021798667131511438,-0.10801313119303216,-0.12155784798366863,-0.13584739119307246,-0.3241740104751291,-0.3354834419202657,-0.3164702160117528,-0.21866580146426104,-0.2833625204797037,-0.21658286697714535,0.060768243309963464,-0.08960044173688039,-0.1121112886746483,-0.2792425985897469,-0.030136853793556528,-0.2503926662004784,0.013800650110938026,0.05757451790827914,0.07627659338644117,-0.12916088129731995,-0.14526251302337861,0.010140199063727397,0.13432710696602132,-0.003318266182744452,0.11412086904476415,-0.15122837917629775,-0.01421659213700292,-0.016788016677985504,0.05113467130705348,-0.11327125103028275,0.07180199224945236,-0.1006753012254571,-0.05186982465544725,-0.08173784770153741,-0.017892358878971754,-0.2397426157191424,-0.2533155456317019,-0.4101103737634088,,0.22497828597223427,0.11775068870245838,0.4305326435896764,0.4123577504468757,-0.24292989240724433,-0.18193473498810012,-0.11817066117451226,0.06082708782140288,0.14833371286699729,-0.1907291681361001,0.13853569866773607,-0.057198074252906454,-0.08413999351098196,-0.11448522136216983,0.13369190867815478,-0.21244762939243042,0.13006128293126276,-0.14326986052641655,-0.0728821517745046,-0.23387428635915708,-0.13671232490231205,-0.11663506125270291,-0.01263020859573216,-0.11413376647192895,0.10176513382088295,0.11472543594311428,-0.0741469057258531,-0.14015835622290784
#50,0.16129159672163523,0.46849702653847164,-0.1747976212307773,-0.03333219137363645,0.34269955241897293,0.12597199243082244,0.004682169105422361,0.5245766520294303,1.0,0.30162850170185584,0.1391152768009544,0.4962555141539187,0.3798917019162755,0.31239301684927945,0.0063757625100005445,-0.3767334444392944,0.11618445739113262,-0.29254548862104335,0.1192443719859821,-0.14108616488957584,-0.05132732662532773,-0.2498687082219083,-0.205224264090943,-0.3067141184507772,-0.16723166802022477,-0.1580543425032697,-0.10459853735115059,-0.24801067262097887,0.19855387597914648,0.20026520334607625,-0.05690626996330279,0.16013163436600078,-0.1385719726816371,-0.11003560899031282,0.2048260560272297,0.10622844970910256,0.3673255774117685,0.11573224135116672,-0.07709154956541717,-0.3188530156804501,0.03548283735336734,0.20155010952736976,0.05215921067745751,0.2109192842734013,-0.09744691398826737,-0.20247630601564215,-0.044478792800817374,-0.04075707897457393,-0.048941302599839184,-0.20974884275819541,-0.3541178059058125,-0.27975527131954786,-0.4680722175312309,-0.4364936732074088,-0.24168851504263203,-0.29967292930799255,-0.1527381842437775,-0.24290329146371692,-0.07697627881013173,-0.21271928145208907,0.10215366881422264,0.12329900065091702,0.29960682999377297,-0.2004449612371857,-0.08921513110033191,-0.04868335405654313,0.4090632638954664,0.1099396843757746,0.1518805053373181,0.05367546445851966,0.05989121826275687,0.02763475292358476,0.12376895065323454,0.10944877605431429,0.131060833536535,0.102862221219089,0.08088903577625382,-0.016797689748359105,0.18690346880334044,-0.12130876642154838,0.004524981711851325,-0.2569727723221213,,0.47146746523236527,0.3063546026685583,0.2763132704449411,0.25213220668933123,-0.06816169343218674,-0.023345552302089987,0.09387674493121036,-0.03439300475794149,0.15603589515197805,-0.2114787101766746,-0.04202828163950482,-0.13519284676445872,-0.2604478228538379,-0.39131479193830193,0.0675289134119136,-0.21079111609095105,0.029306581919822338,-0.1222438298909966,-0.125852691229548,-0.15036425155625596,0.09143832510786482,-0.151477460738418,0.04497050721147548,-0.1769482672105082,0.09729939966506994,0.08932798358802393,0.004840968677388997,0.01421659213700292
#51,0.6200039095326093,0.46767803991350665,0.3257329869836747,0.579567251014161,0.2555008534469382,0.1500788959802347,0.3605487855258624,0.6466177504871802,0.30162850170185584,1.0,0.4083998524856768,0.2225092347593723,0.11496806879165214,-0.057167442863390046,0.04522039486279354,-0.06744427404614457,0.6164708205786511,0.15902164954062992,-0.07874403242090754,-0.23144553960618514,0.10183526358109156,-0.0989019049902967,0.025758177271105933,-0.06963844884255667,0.21862710918276662,-0.17869264423454778,0.00759618155547002,-0.04277310805827219,0.029160679775020504,-0.23296179338724726,0.2029978457266189,0.2871325996578151,0.060551405315755216,0.09650540180523676,-0.14599686028257458,-0.28049767947072185,0.13569826469147944,-0.15683311736860242,0.35657073533471845,0.10295572756603381,-0.09033075855008736,-0.24402214327026356,-0.07944452393379589,-0.1800823420115553,-0.064844636383239,-0.19663860804517325,-0.07352379877595355,-0.10918196052984243,-0.28215096841541,-0.18354207684851367,0.020950661295425645,0.15909903410361873,0.02852064495196716,0.14544468918208145,0.08735225896421568,0.023763912595748282,-0.3729867418479192,-0.3257910254059163,-0.08546681633056105,-0.05719726816370865,0.045491240833254405,0.03597374567482765,-0.05686354723581938,-0.1050950882969955,0.061375228475907,0.0035705721016559087,-0.03233747730355102,-0.1827561398806585,0.04543159023261719,-0.11844714976935773,0.2149940651682812,0.21663365059660677,0.07178022784111175,-0.023127102129486137,-0.10850000906850348,-0.3465792597279852,-0.11578624932741932,-0.025499422638612077,-0.0635943920374509,-0.22572230630180382,-0.3134304536468483,-0.32290119563180264,,0.08424720337428938,-0.09273693480552091,0.2897088607339845,0.2932209913687999,-0.16410323584356226,-0.22038922016915782,-0.2194186887750064,-0.08732323975309488,0.010563395892572493,-0.14848042110099693,0.06776106710088005,-0.14579533798312452,0.19168035338950432,0.0719599857322212,0.3103608659816252,0.14547612666079565,0.22177408141097854,0.12960261817771446,0.20406510782450632,0.02441603875676863,0.03822273453669016,-0.04714614195633818,-0.0005146879527954166,0.03699747895603388,0.0733190521197123,0.1612101817126574,-0.07631447957873778,-0.13583126940911647
#52,0.3120173792831046,0.07743010702849323,0.096718209353456,0.2869326895367607,0.027180924705223257,-0.0038204597529739653,0.29685887191847216,0.29590365621907894,0.1391152768009544,0.4083998524856768,1.0,0.1113019751200569,0.09808533663292511,0.08443099171138782,0.08110748594885767,0.15299290843028235,0.3493167386437146,0.06068521612259004,0.12687642451075423,0.12104678743226331,0.1257865919153284,0.11123668189503509,0.04111095213240821,0.040079964048421776,0.13434645310676854,0.0830477426479627,-0.007979880013622907,0.003336000145096056,0.004543521763400729,-0.18062000350648802,-0.0037729004903037547,0.11679305473547176,-0.24166433236669804,-0.07796615634503036,-0.004752298865630976,-0.02640063036175268,0.06987785733430332,-0.04349294571190775,0.0737728803380738,-0.11500595498394875,-0.26958645608929854,-0.18869137464406124,-0.17333537542596775,-0.29728126265811944,-0.0944684144023957,-0.060988305660962916,-0.11456260592515864,-0.1320112127007414,-0.0693095644498542,-0.1363810222420162,-0.05874979595867181,0.06868484532155905,-0.027168833367256253,0.14452494140739144,0.10234068150811228,0.1589378162640587,-0.02790559889404562,-0.003931700062270391,-0.19574384903561504,-0.03288964840404415,0.1730419589579685,0.002984545254855176,-0.030581815030742227,0.04139227726244048,0.11515105103955278,0.06298740687150736,0.1514597267760664,0.03541512586075212,0.1399874653129742,-0.016165715817283762,0.1461596903005302,0.1854105916090145,-0.09730746055704793,0.052106814879600505,0.05168523022915101,-0.04401851586887347,-0.07660547777914366,0.031666811090981274,-0.013578169492345176,-0.017247487520731606,-0.05173278949182122,-0.23991753707506505,,-0.05771397133949857,-0.09779675670011265,0.19718352434288616,0.22014255687463097,-0.3476110539011694,-0.39974729103648965,-0.2728736878379277,-0.2557628324362232,0.014233520010156724,-0.05416395451238657,-0.02789753800206762,0.007355160885327766,0.056569324678622315,0.17887240212565722,-0.015288690770077162,-0.11108997366103546,0.05196655535918327,-0.19934142512539726,0.0670775034611455,-0.11343972367262299,-0.12950105093879163,-0.2428379982386951,-0.3029101835263581,-0.23684150069625953,0.13005080377169137,0.16226777074017126,-0.010165187828859203,0.07168269104817794
#53,0.2611878127374185,0.1413304099165093,-0.1324634287407073,0.03745130717439538,0.5730427650471663,0.34333878115282845,0.13345814281079274,0.5008961696656543,0.4962555141539187,0.2225092347593723,0.1113019751200569,1.0,0.3715962379817139,0.24846208257174698,-0.15471955149197034,-0.43648964276141977,0.2472142564935523,-0.2935780888834254,-0.23555740060416386,-0.2745874334724509,-0.10493548263583106,-0.36215209694028694,-0.20195154194787424,-0.22644536831223058,-0.2808539708961495,-0.19596632965420788,-0.1881150208676341,-0.1973673126799846,0.10270422773632017,0.17250510355223359,-0.09249349586778526,0.2865288388486628,0.02136015460790814,0.0733117973169321,0.2462735503997195,0.10234551804329908,0.29103568355356363,0.13309217831499146,-0.16727519683690598,-0.3566368346489381,0.15530960878476008,0.13838415389854963,0.0825391003641508,0.06969003855121589,0.08971651858136362,-0.09719218980176252,0.11609256322258339,0.08616488957585601,-0.04433289065601554,-0.06913947962911836,-0.09916469006877957,-0.18225314022123118,-0.450015013411309,-0.39140346175005997,-0.30296822194859974,-0.39845916049840496,-0.13905723837871278,-0.23985708038523001,0.06879044300647089,-0.006727217400241424,0.04114158352192462,0.14913012899442388,0.20639309342775325,-0.2110692168641921,-0.2494511540174478,-0.13059652615860207,0.28857872367866866,0.1854234890361793,-0.12197862654492032,0.0004808322064878089,-0.12564068977052656,-0.1642700963075069,-0.08580295552604374,0.07160046995000231,0.03033837609300657,0.08672995810351394,0.037333618151516555,0.04128748566672645,0.06775542447649545,-0.12075175878586845,0.22098250181873874,0.01672272345296369,,0.6326087263186108,0.4849581740467491,0.4756792812908712,0.3543999371250426,0.01738371659515984,0.0335675694193941,0.29339188227873353,0.196466104956844,0.5003472229219524,-0.04580077908520967,0.18824883167446893,0.22476386624561942,-0.3619134945377381,-0.2611023672824516,0.07491510873135666,-0.1811084935603549,0.01174431656734976,-0.17285414017488104,0.005685750156683588,-0.1527325416193929,0.1298122013691425,0.04584914443707769,0.10395285990371264,-0.08136462840295593,0.14644504587655147,0.14686743661619878,-0.029906312282985674,0.15369420603236852
#54,0.017271670196665614,0.0035536442285021047,-0.0715569411333211,-0.012024835608184223,0.2419013225908513,0.5658202058348767,0.27367816485733226,0.19589297553720808,0.3798917019162755,0.11496806879165214,0.09808533663292511,0.3715962379817139,1.0,0.6735806280643984,-0.09265068326135628,-0.3610114807253997,-0.05784536387874,-0.2366544880023699,-0.08337985139745639,0.015794914786295678,-0.20898870064466984,-0.2343531033426504,-0.42011797115409805,-0.4111429740257908,-0.4696666619644797,-0.19985167958760477,-0.30969584239344006,-0.25588777626188225,0.3045683090062331,0.5409612210639169,0.06850186307365841,0.1654550474282732,-0.03495162457201702,0.13145742942185268,0.5095551798284239,0.3526886097581128,0.3517664437158294,0.46906773769051413,-0.3265632588574089,-0.26517795426652935,0.30434985883362925,0.333315868067381,0.2739030637435185,0.31403099009920943,-0.10490807560310586,-0.19545526910280256,0.18029111911378554,0.15178377463358209,0.04079012863168374,0.056663637114764936,-0.05590430109043716,-0.12596876807403123,-0.3737114160367416,-0.3307468617939918,-0.4675321377687048,-0.333448872785018,-0.049564409549738724,-0.15399648948154357,-0.05852328489408996,0.15694435767789885,0.010717358929352327,-0.03052216443010501,0.5720778762773995,-0.029024450700592275,-0.11254174030627359,-0.11320273344846975,0.6400787549146251,0.19148044326844987,0.11412409340155535,0.2811901100916322,0.32008552606388657,0.08678315999056875,0.23349220007939978,0.21471032177065552,0.36041336254063194,0.191221688635956,0.2797681687467127,0.24917144106581113,0.17052776675002973,-0.03350630664036129,0.03226815363254021,-0.10470494112526021,,0.36441478931851207,0.2693591389355189,0.014306874127156541,0.08580779206123054,-0.0595784556540104,0.03107594770899374,0.02402186113904434,-0.011869260393008788,-0.08449306057961843,-0.12220433152030438,-0.20452216039965904,-0.013207368461357092,-0.3948438504462711,-0.21967180078311566,-0.09507701174673483,-0.12485394671347358,0.0869725909520518,0.019968038563307224,-0.17136368124814852,-0.00507634672314665,0.04515751990536513,0.13713390955276156,0.11467304014525727,0.07543181190714658,0.12600020555274544,0.14411947854089793,0.1116913162025944,0.3694552650723566
#58,-0.1765669870199487,-0.07739141474699883,-0.23666980369712812,-0.30072890615711084,0.005227085403135284,0.33665952605985616,0.22358616992763333,0.11068773515133318,0.31239301684927945,-0.057167442863390046,0.08443099171138782,0.24846208257174698,0.6735806280643984,1.0,0.07093947680780617,-0.37105212777319874,-0.1302918244418336,-0.31180940827007214,0.11623685318898963,0.07493203660451048,-0.017952815568806766,-0.09110460417997554,-0.5266563621597548,-0.5283160998180254,-0.5588564012550808,-0.18622393560959488,-0.4079702069432493,-0.36931339337354374,0.3991927016684031,0.5937721548577958,-0.0042041582111268525,0.18952648305298223,0.07558577494392642,0.07034135862303843,0.33363588547890766,0.49452564673543953,0.48055934529435357,0.5734055051861764,-0.3700807902898495,-0.289134119135953,0.2889253420337227,0.3603021222313355,0.26911973044377224,0.40457576533131273,-0.32388865489910784,-0.2012308982050409,0.023202068424881556,0.05574791978606393,-0.08899103830334346,-0.12825161268220134,-0.305968485942812,-0.41796571299597157,-0.5534588279866108,-0.5336524103074626,-0.3427245411841047,-0.2881676181877906,0.17290653597273806,-0.12072112739635205,-0.09722201510208112,-0.11356869794427102,0.2224931129754163,0.1411788651473229,0.6672794288051944,-0.05421957466703478,-0.15217150353772396,-0.26513442544984817,0.7169828887415537,0.12218417929035938,0.2999357143864754,0.2685554680053121,0.35655058310477344,0.03140725036928961,0.45459037569802285,0.22375303039157798,0.6579312123783058,0.4089109130370821,0.54895198328171,0.28840138405515264,0.2678727104547754,-0.07556723489237702,0.15243348252700903,-0.15196353252469152,,0.3376211904728318,0.33540122082209006,0.1867027525930882,0.25279561809912077,-0.06491557223264541,0.13521299899440373,0.0944466499940551,-0.10737712681596782,-0.009749245802794309,-0.2069686411149826,-0.037558517037702806,-0.06639071546461973,-0.5109448776054314,-0.3625640085203628,-0.12394387200915717,-0.343728122235366,0.10709821995352896,-0.0203041777587899,-0.2146611503295897,0.08501460029059515,-0.03894579654711692,0.22086481279585993,0.21653047117928834,0.24043343416165716,0.3133965979005407,0.18347678362349185,0.26504494954889235,0.3104293835634382
#101,-0.03257849797369328,0.21441771139185406,-0.3390165308742239,-0.14021881291274285,-0.03656863950280418,-0.3841833208053637,0.02190990744080786,0.14503680804799454,0.0063757625100005445,0.04522039486279354,0.08110748594885767,-0.15471955149197034,-0.09265068326135628,0.07093947680780617,1.0,0.5407379343561262,-0.05955588515647199,-0.2562811477904087,0.6586510500319412,0.2901925142526646,0.6829868829135288,0.3562716762423346,-0.11824885182669888,-0.18603128029132063,0.06196286750110334,-0.23236286911328172,-0.1372483742188492,-0.3439046557696842,0.3130798048458052,0.12190043589273371,-0.29720710245192183,-0.30234914544468916,-0.3003669721072985,-0.17383998726379069,-0.010193400950782208,0.22441321744457632,0.25448356887931434,0.17240273022411295,-0.11717433492603124,-0.05691271867688519,0.028991401043482468,0.269681574614639,0.1028646394866824,0.25937975466675267,-0.38829921224933145,-0.18220799922615438,-0.26860625162477353,-0.43292753459634076,-0.37677939152356904,-0.5210266352023183,-0.3721613065093718,-0.4458604296858469,-0.2819486400267622,-0.27357740370760725,0.5051894007331381,0.30535021552809927,0.20268750138546582,-0.16193324372308418,-0.2695469577186064,-0.3727489455345681,-0.17053985808799674,-0.18910409231333494,0.11627393329208843,0.2950338859746525,-0.17594226789165354,0.030528613143687416,0.029391221285591358,0.03361271041447091,0.5988408437335634,0.23968941383208758,0.033084721989911796,0.16215572434167702,0.18345179485836005,-0.3471193394905113,0.1394651195127997,-0.2770911465208183,-0.07132075699836565,-0.5244428412225954,0.25007506705654514,0.19828706045467462,-0.16799342231214595,-0.3258264933306195,,-0.12469272887391354,-0.17212624162926748,-0.14577599184237733,-0.17566900365359928,-0.30138022622893335,-0.015482958266747006,-0.23328825951235635,-0.17589793298577455,-0.38355860167706857,-0.4017633201201879,-0.08893461205949744,-0.30571618002390055,-0.18737341880565794,-0.0022026387329889987,-0.39152518121892776,-0.31155226581597384,0.018909643446595584,-0.2524715702416051,-0.36709342372280207,-0.41068833971823154,-0.4855595165883081,-0.4102256445186942,-0.3189223393514609,-0.17770599105644036,-0.1950651219310673,-0.12065099763614343,-0.10395285990371264,-0.25411679829431527
#102,0.11635212394427505,0.03793173633628429,-0.29419394103054475,0.03350550055116349,-0.24270499352105807,-0.4636185747133849,0.06337191141885805,-0.11598374118088037,-0.3767334444392944,-0.06744427404614457,0.15299290843028235,-0.43648964276141977,-0.3610114807253997,-0.37105212777319874,0.5407379343561262,1.0,-0.2606670791156395,-0.11594504889938596,0.40812900651521594,0.5746017415557119,0.49232905367143404,0.7219830600355083,0.30140682717246076,0.397716752347231,0.259108102607094,0.29068342257412494,0.02246369071969659,0.0821215461596903,-0.19369235202721358,-0.2613216235442533,-0.2531922139844385,-0.43205453999512317,-0.40200031034434114,-0.25198872281212276,-0.25768938561896565,-0.1250151645530336,-0.3712939545325388,-0.15335081203410564,-0.18328090394842642,0.13666476563964186,-0.16801679889888216,-0.025324501282689437,-0.137366063241728,-0.07056222706323569,0.0027177297303833154,0.28711647787385913,-0.18683736948912083,-0.2521257579757488,-0.243197514020914,-0.18866880414652284,-0.05268961736961003,-0.0746007339442146,0.14141585537147613,0.23406049296384893,0.544478188233919,0.6901497915251812,0.28414120264477866,0.44266912255175594,-0.2353220225584062,-0.05130878657377832,-0.22394407353145662,-0.3164790829929286,-0.2934434719873928,0.3735606773567529,-0.11769184419101895,0.13089558525098594,-0.3179195643893975,0.1090239670470736,0.22666784893082345,0.2000298253003186,-0.26876746946433355,0.27213692231113834,-0.18160665668459544,-0.36355711041205263,-0.23252892348802856,-0.35110786884122663,-0.3226771028348142,-0.3064158654475911,-0.08110426159206648,0.39703721915348544,-0.21471354612744672,0.027662966045507765,,-0.5339643668270112,-0.29164589307629835,-0.43991390967367494,-0.4076179459638106,-0.11154541405779257,-0.1289666138006501,-0.3210786279555764,-0.020371889251405113,-0.3678511475687342,0.11838749916872052,-0.14715359828141783,0.0025371657500760747,0.0331137412010326,0.25727586186049417,-0.5565703322901195,-0.22404080423519265,-0.16278608609435677,-0.40288862064031694,-0.24694341052309143,-0.3977828516614506,-0.5025091541504525,-0.4533723749201468,-0.45674343994534716,-0.2859057318987633,-0.34408602583918924,-0.1514484415272972,-0.0662544863901915,-0.07713749664969177
#201,0.47828294939976584,0.30938630414148477,0.48067219778204556,0.4035197884821945,0.2490618129349103,0.20563214522502987,0.055562519270569884,0.4618733916001475,0.11618445739113262,0.6164708205786511,0.3493167386437146,0.2472142564935523,-0.05784536387874,-0.1302918244418336,-0.05955588515647199,-0.2606670791156395,1.0,0.3986115113567892,-0.18244095900431861,-0.4349403393232478,-0.03140321992330061,-0.3599659830358528,0.18566612188471715,-0.05788163789264101,0.33441859808997165,-0.27619719360045786,0.17108558047490746,0.010253857640617222,0.0865179566444925,-0.3271380004554404,0.3124212299712025,0.38169089300576553,0.3549633934743049,0.21206312484507972,-0.22685566771391089,-0.2766671436027754,0.23380576877734405,-0.22448576547237833,0.5281701976732235,-0.009478399832333447,-0.21357051164496607,-0.3669088292965058,-0.0163366067272174,-0.2829272323128916,0.09101432218982192,-0.26833459956511485,0.03286304746051674,-0.01884515631077157,-0.017413541895478443,-0.05728996842145568,0.05395034087496952,0.279363511969417,0.1910548281720114,0.18873812781753366,0.0785852328489409,-0.18827543261799634,-0.35263943831704697,-0.45138697722596494,0.0781241498277992,-0.07317959868849287,0.15335403639089684,0.21301914663367075,-0.21668201594847478,-0.21382604192066873,0.16671093439844586,-0.026033859776753595,-0.1275140410662142,-0.2515695564292667,-0.0432470885065787,-0.30743234392601715,0.24713848410895908,0.020510536593426745,-0.02812163079905607,0.0582629180832005,-0.15209411897473515,-0.20651239462902768,-0.17979779252473183,-0.06748135414924339,-0.02728813456853068,-0.3218492492286734,-0.1283959026486076,-0.20255288448943318,,0.20938852088677873,0.0331226081822084,0.387219858813477,0.36166280079722224,-0.2171503537723967,-0.28592507803951045,0.08578119111770313,0.04145515221986889,0.2617956039925598,-0.14361809105986623,0.12779778446383985,-0.0891707961944529,0.4482263014813904,0.127668004102994,0.5484054548056015,0.1461355076245962,0.2476527690171556,0.17126372618762128,0.5040915072457343,0.1788595046984924,0.3252896379248846,0.05086624360418602,0.1422066288745181,0.07365196695840379,0.20851633237475892,0.17316851496202312,-0.205183959631053,-0.25889771332646816
