,#10,#11,#12,#13,#17,#18,#26,#49,#50,#51,#52,#53,#54,#58,#101,#102,#201,#202,#301,#302,#401,#402,#501,#502,#601,#602,#701,#702,#801,#802,#901,#902,#1001,#1002,#1101,#1102,#1201,#1202,#1301,#1302,#1401,#1402,#1501,#1502,#1601,#1602,#1701,#1702,#1801,#1802,#1901,#1902,#2001,#2002,#2101,#2102,#2201,#2202,#2301,#2302,#2401,#2402,#2501,#2502,#2601,#2602,#2701,#2702,#2801,#2802,#2901,#2902,#3001,#3002,#3101,#3102,#3201,#3202,#3301,#3302,#3401,#3402,#3455,#3501,#3502,#3601,#3602,#3701,#3702,#3801,#3802,#3901,#3902,#4001,#4002,#4101,#4102,#4201,#4202,#4301,#4302,#4401,#4402,#4501,#4502,#4601,#4602,#4701,#4702,#4801,#4802
#10,1.0,0.23050805786914352,0.3742813210995863,0.43652188632933175,0.26781305985413817,0.2608194299740238,0.20189027916884142,0.4812332358637145,0.27801008820631046,0.5021383531194644,0.4061685975861659,0.08897169216259625,0.29594557285736456,0.11696878218059219,-0.25896945526507237,0.03623733684250831,0.21707296920940786,0.11715095833929504,0.10756978213424206,0.0710716754362454,-0.2097617401853602,-0.02326333120391437,0.04177597572059336,0.12112255981685653,-0.0675289134119136,-0.0025057282713618675,0.02486422435074553,0.1687035868954079,0.14804755120177823,0.09575251449449139,0.31552306120433754,-0.021654377165105206,0.3884821944972321,0.024795706768932516,0.05328209292999317,-0.016190704582415567,-0.05450654242145164,-0.046563339466328645,-0.03306618193836239,0.05496681935339555,-0.053060418400598115,0.04577982076606687,-0.14543985264689463,0.013793395308157824,-0.23770482222710354,-0.07631689784633118,-0.02600967710081959,-0.0055680611338047616,-0.04529858551498016,0.04321081449267769,0.014775211951078447,0.16898652420383578,-0.11821015954520447,-0.00047115913611420673,-0.20467209299044986,-0.11174693635724262,-0.2502193570229514,-0.12721981850901712,-0.052749267970247246,-0.1447603194531491,0.26644996302065804,0.18743548767388857,-0.12250983932627064,-0.34684768743085265,0.36007480507755585,0.17017389359219545,0.02167533548424801,-0.12962357649685727,-0.020066381445438847,-0.06333080086977025,0.13395388766743985,-0.11409507419043455,0.10868944002998651,0.0631534612462542,-0.11516878500190439,-0.07280234894392239,-0.11756931863295333,-0.1634237026498167,-0.17544894130259983,0.0993742732602076,-0.05328612337598217,0.03961404449209327,-0.2335341167176854,-0.027653292975134164,0.20725963931538843,0.24130239831688574,0.26420984113997137,0.12881103858547469,0.05364160871221205,0.09970073938531668,0.029103447441976692,0.030835733128049284,-0.13590301134772068,0.23595883302466836,0.10568433950058743,-0.07951223542641112,0.10561985236476343,0.109038476652634,0.159376328787662,0.15379980371728033,0.14412673334367815,0.21709070317175946,0.13305267994429923,0.18787238801909625,0.17495400253515053,0.3319205276659889,0.14736721191883487,0.06645681477883936,0.03830334345647018,0.26165615056134034,0.21960489537969824
#11,0.23050805786914352,1.0,0.3845766923338902,0.1903728767106724,0.23825376897080547,0.19007865415347536,0.26171821942957096,0.15646070415921873,0.4745015849728852,0.3243981032721176,0.24405116248138436,0.07166334490743073,0.14770979982789995,0.29427132559353353,-0.19170776042222953,-0.03510236325200565,0.19234860133448067,0.19856193687112447,-0.061042313637215524,-0.2366335296832271,-0.23910258089608905,-0.04669876245155908,0.11602082128397918,0.14598315676621196,0.07513517108235612,0.015514395745461214,-0.038475846544799415,0.04391372427315945,0.07664497614983586,-0.0025548997124276787,0.20848489489604471,-0.07381802133315062,0.18971349574687188,0.05933985325146154,-0.05058572456335156,-0.08533703596971523,-0.11240954167783436,-0.072005126727298,-0.07874000197491854,0.14424361627735918,-0.058822343986473825,-0.1077253573494175,-0.09860768243309964,-0.24487740390912957,-0.26698198189120614,-0.03028436811675396,-0.21250808608226543,-0.17768422664809974,-0.0587199706583532,-0.1125675351606032,0.04576369898211086,0.07610247811971634,0.03050604264614901,-0.002961168668118971,-0.3210576696364336,-0.14847639065500792,-0.15939164448242021,-0.18756688021312998,-0.12954457975547284,-0.00587195676137543,0.001382039929628413,-0.05071711710259299,-0.0067320539354282245,-0.21337624414829623,0.21735348825024234,-0.04534130824246357,0.2714372368874478,0.19407040786098187,0.12628878548555791,-0.00032525699131237366,0.2630539092303259,0.10987761550754399,0.022595889348135816,0.149654086972994,-0.10445989000912896,-0.018088238554037198,0.09930011305400999,0.04216692898152645,0.07745106534763604,0.09866894521213244,-0.06854700406873522,0.11230475008212033,-0.029333182863349745,0.25271742744693415,-0.00966380034782749,0.06484060593724998,0.024914201881009145,-0.14050739284555533,-0.18918147687632375,0.004341193374752883,-0.25128823129923444,-0.03959631052974167,-0.15929975031387097,-0.03573353109388319,-0.04951201375188172,0.1112721498197383,0.15350074462489646,0.2044262357851208,0.16545424133907538,0.19528437819286892,0.20029905909238388,0.24259617147935505,0.1686173353512433,0.17564079053167628,0.19682078420387608,0.17247608434111278,0.14582999981862993,0.08536686127003383,-0.11677532077312015,0.022462884630498788,0.18840601906803997
#12,0.3742813210995863,0.3845766923338902,1.0,0.5573869006474912,0.20985121608631604,0.5419188550309034,0.39938374480828176,0.2641114982578397,0.2772330182196311,0.5649472112336591,0.3675915868470426,0.05530295854887823,0.29327902979104153,0.24875066250455943,-0.1633189110541027,-0.06750795509277079,0.5505883443532444,0.6269612653988227,0.07298936163781203,-0.33738258807028293,-0.28328916636270385,-0.14625319664747502,0.34102288688754856,0.22192078964497816,0.16037184894694523,0.18210159545204474,0.192920118575721,0.22478966109994902,0.41164033106083353,0.2070347404292022,0.6343079623475736,0.012129627203898248,0.6225430905056799,0.33187296840331865,0.14279829834570346,-0.002625835561834095,0.07773158438847051,0.012359362625271299,0.053766552537871076,0.2715323554127882,0.052824234265642665,0.07620082100184795,-0.3306646406958162,0.04644484435425202,-0.2423116219925316,-0.1462096678307938,0.07694725959901093,0.05952202941016438,0.0750505317165871,-0.1453020113940708,0.1554716327135179,0.17113313973757766,0.21579934827688357,0.2830191264814408,-0.2278761766383259,-0.0295895192282502,-0.4764039554796936,-0.6193501711931934,-0.061848402835015706,-0.10052536863466627,0.011281621367812454,-0.0008830707161901,-0.14183179739754104,-0.3329450670363929,0.47217359936963826,-0.054028531527156136,0.29516366633549834,-0.030051408338589707,0.11651817831902189,-0.1501143639049379,0.5599059293906167,0.036479969691046166,-0.06653419934182817,-0.13099957075750218,-0.44431515669366395,-0.3871545655884552,-0.23551145351988925,-0.2914878995935295,-0.016571178683777252,0.1876362038841408,-0.0630784949508588,0.13983350227619437,-0.12873929664687045,0.10171193193382813,0.016622768392436465,0.13514125705579952,0.03165794410980547,0.008240246824512366,-0.15690566539640444,-0.20368463372314463,-0.3659616744890906,-0.2705948736757466,-0.36048994101442294,0.1364753346781588,0.12837091388347577,0.2100914306672605,0.37325436346158886,0.6405196857058217,0.463009171279848,0.36949476344304877,0.6165256346441016,0.5749830217462714,0.5437841454346131,0.5685028706851557,0.6384448121106842,0.6077239466933213,0.5896264381135095,-0.20800204746656242,-0.13893310064225156,0.26971381818255097,0.3425270493306437
#13,0.43652188632933175,0.1903728767106724,0.5573869006474912,1.0,0.047662845132128095,0.37871078124149826,0.22042871853985002,-0.010257888086606224,0.09146492605139221,0.6043295050813848,0.30483028799551815,0.03349985792677889,0.24309836504958457,-0.11598212900248477,0.065808719063808,0.10579880416667506,0.37066359277985905,0.3827404211413014,0.29066004598738876,-0.09540831440703071,-0.1381584489231656,-0.04606275807449473,0.2930847622943717,-0.01859204430266231,0.08836309481825712,0.20599004882885316,0.32785703201987815,0.17149507378738996,0.33394784199845634,0.3206989599434125,0.4282909095305941,0.13569665251308383,0.46304383311535335,0.4985246552457262,0.32374920146788844,0.15427539634398243,0.28266283505601314,0.13984881797095258,0.22618177714454993,0.18438363397101706,0.12448637003927669,0.19440009834288213,-0.26673693077507493,0.11389355189098449,-0.18017907271529132,-0.17310241564780351,0.3112072596393154,0.23868099624563957,0.09553728867867874,-0.04296253901975523,0.20991892757893124,0.07949772582085071,0.19404541909585005,0.22110583346600218,0.0874393165975781,0.15836549293362057,-0.3981109299649553,-0.425056073579822,-0.1338015368090556,-0.2339242638894207,-0.026548950774147914,-0.056375057181952466,-0.04753870739566687,-0.17050680843088692,0.3305953170248054,-0.13184515832599455,0.12190285416032712,-0.2198773535285547,0.117869183814535,-0.0472267508761182,0.2618238171144828,0.10094695328511577,-0.028061980198418855,-0.1986747893588165,-0.2865667250409594,-0.40328279825804125,-0.31368275956575975,-0.3443858910207709,0.05266462860447823,0.22978015932352994,-0.1784467870292187,-0.11511558311484957,0.002230045765714205,-0.04299961912285404,0.0007855339232562779,0.10176110337489395,-0.021938120562730867,0.002458169008691657,0.02568804751089732,-0.1438921613871183,-0.25576444461461884,-0.23277961722854443,-0.2983259542584685,0.15564655406944056,0.30935567275196835,0.029836182522777057,0.311341876535348,0.4407603033313651,0.2734057067084758,0.2392347795245283,0.5318137208472804,0.26015198811824525,0.5410893892463671,0.38482013127162584,0.5331010452961672,0.5036054354594608,0.5693403973616701,-0.1747911725171949,-0.08706932165578782,0.3495271279243405,0.39022173498608487
#17,0.26781305985413817,0.23825376897080547,0.20985121608631604,0.047662845132128095,1.0,0.21726401234928652,0.17726989680043045,0.012781753364918595,0.22586417800061664,0.2840976738280975,0.13918379438276743,0.1721044772209269,0.15615197199646128,0.32950790269697294,-0.43724897878574753,-0.1665061877422046,0.20911042011353767,-0.055245726215834415,-0.25054985359404947,-0.09043474405660358,-0.29203281589124247,-0.2056885714688759,-0.05425584868093579,0.19146190321690046,-0.07579052160016767,-0.08574894754979112,-0.07877869425641294,0.13263593182903655,-0.15265838141319527,-0.05438965948777062,0.22974952793401354,-0.01157423174661392,0.34241419684295166,-0.05478947972987951,-0.0847219899117937,0.08085598611914402,-0.16448612821251735,0.03502336651062123,-0.008943962694191926,0.3492159774939896,-0.19304748066897343,-0.24123791118106175,0.22354747764613894,0.059135106595220296,0.047239648303283,0.197337487379666,0.030617282955445434,0.0476789669160841,0.004033267301193214,0.021526208982654976,0.02282481868031107,0.05999117332328409,-0.08542086924628645,-0.034668687263589154,-0.36485330184211534,-0.11233779973923015,-0.05072759626216439,-0.02344228300582601,0.16102558728636118,0.2958673822051779,0.07615003738238654,0.10778984448524151,0.07656678549764924,-0.012707593158720979,0.05775105144259738,0.05621706369918363,0.13444318381050455,0.09054679045509781,-0.24402939807304377,0.12907301757475972,-0.06812864377507694,-0.04561215421292443,-0.15211507729387796,0.01284785267913821,-0.09186313411510551,-0.025490555657436274,-0.11790465173923821,-0.11509784915249797,-0.04877524822509235,0.009419555320894033,-0.21737041612339614,0.30924362635347413,-0.13077870231730493,0.21073146549031382,0.13038049425359163,0.2137784826579985,0.3118352031244017,-0.013384708084873131,-0.2600286564709818,0.06600298656047784,0.15787539070135806,0.2648627733901895,0.31955834372852526,0.02000350648801043,0.0529652998752577,-0.09352690221936509,-0.02459982709386707,0.09367361045336471,0.2586325099803919,0.1064460937925086,0.15129770284730856,0.22670251076632886,0.111672776151045,0.19899158241355197,0.05866273832530939,0.12471691154984754,0.19791384115609312,-0.028415853356253136,-0.04803284007391838,0.010353812701144445,0.15114696416731993
#18,0.2608194299740238,0.19007865415347536,0.5419188550309034,0.37871078124149826,0.21726401234928652,1.0,0.29154916237256234,0.1509389931542875,0.16951290044999928,0.4335466111002513,0.27459549436442887,0.23720101647847844,0.5600977786196931,0.1275720794884558,-0.1267490624175018,-0.23088288934612058,0.4499739028622212,0.47491833308814785,0.10561420974037883,-0.20689286873038937,-0.1378472984928147,-0.16488353018703283,0.1652261180960979,0.043156806516425075,0.20189672788242383,0.09791363963379368,0.1695153187175927,0.17497576694349112,0.28282244071717755,0.3514359471447313,0.544377427084194,0.12634118128341493,0.5743760365803278,0.29018042291469764,0.2551155428103897,0.08298970422572109,0.19286933495625957,-0.008092732501314932,0.06061024982719463,0.08546278588457205,0.06740235740785896,0.16750815661507024,-0.2118761121511901,-0.03483312945994039,-0.11383228911195169,-0.214159762848558,0.2512785582288608,0.1863545220596385,0.06674942515764082,-0.14365839551975623,0.06775461838729764,-0.011142974025790824,0.0005791750886194312,-0.004652343805103753,-0.12294754576067615,-0.14825229785801947,-0.3363274173103625,-0.477245512602197,-0.023634938324100255,-0.032390679190605835,-0.008728736878379276,0.03957132176460986,-0.06449479367139371,-0.0838772084324991,0.2706706460603398,-0.04264735814341536,0.2459148407066984,0.06974565870586409,0.07626692031606758,-0.07743010702849323,0.3599023019892266,0.16769113886297088,-0.19584138582854885,-0.0913754501504364,-0.3539404662822965,-0.39004036491657984,-0.3279618236155922,-0.33932687521537697,0.20737652224906947,0.030747869405489063,-0.09417338575600083,0.07455962339512678,0.22199414376197799,0.1394683438695909,0.11246758010007597,0.21566795573764214,0.12082430681367047,0.1297968856743843,0.03910701438667696,-0.08458979128335446,-0.24563754602265514,-0.17635982209611403,-0.2269644897556139,0.07202366677884742,0.07740028172817463,0.05098635089465825,0.1721955653002783,0.47668608669892365,0.3355253585585513,0.38781475264145354,0.4260507876499074,0.5472946638910329,0.5886268875082372,0.42627810480368705,0.47346011772932733,0.437408584446912,0.42929529667105315,-0.19622830864349294,-0.11539126562049723,0.15474534634629994,0.23968296511850518
#26,0.20189027916884142,0.26171821942957096,0.39938374480828176,0.22042871853985002,0.17726989680043045,0.29154916237256234,1.0,0.25410551304554607,0.27449473321470386,0.37150676208075806,0.5047049411252602,0.15781412792232524,0.3739846802747958,0.5418092269000027,-0.08160806734069158,-0.09236290941774163,0.25232244374001206,0.09110541026917333,0.11052409904417973,-0.1717465736171036,-0.04141645993837448,-0.08472279600099149,0.09063223591006463,-0.012045793927327028,0.1849180711091586,0.04662782660215266,0.0388337501486227,0.028362651469198325,0.16958706065619691,0.11459484949307065,0.09590244708528223,-0.09696809700477406,0.17202386830114685,0.07323602493233888,0.16010100297648436,-0.05903273326709967,0.08410694385387216,-0.09415323352605583,0.06414575704874623,0.08394895037110331,0.13284309675287118,0.21422344389518422,-0.08382400654544428,0.025084286701744982,-0.09028964800099955,-0.05903756980228647,-0.0035149519470076963,-0.06855345278231763,-0.06847848648692222,-0.09639577367433594,0.0050698980095642485,0.024072644758505752,0.02710757058822344,0.0016101631726058647,-0.19436221215058552,-0.09338422443135445,-0.11814083587419366,-0.2030478232568825,0.048979188792135794,0.055376312665878044,-0.05924634690451672,0.03351517362153709,-0.05374478812953047,-0.2216749324396491,0.26639111850921865,0.029942586296886682,0.3483937665122334,0.3245504541305018,0.13856713614645028,-0.032471288110385854,0.2792047123974503,0.08227792746406354,0.0016698137732430783,-0.014476152858694578,-0.07211153050140763,-0.061891931651696916,-0.05808154801369546,0.002719341908778916,0.07402196190019407,0.0033408366802828568,-0.17103963339063283,0.11573062917277112,0.12108386753536213,0.13750309840535405,-0.04815858998877521,-0.007846069206788077,0.03192798399106853,0.0971341513795209,0.07474421782142303,0.05049705475159354,-0.08411822910264136,-0.029261440924745526,-0.14636121259998025,0.07833856955441404,-0.00034460313205957803,0.25665678535658365,0.12106935792980172,0.1585097829000268,-0.014223846939783121,0.09639577367433594,0.21788389494239485,0.13731850397905782,0.15391023793737896,0.15418108390783983,0.0967254641562362,0.14846107496024974,0.1845319543834123,-0.20201602908369826,0.05977997795346044,-0.014767151059100444,0.09386626577163897
#49,0.4812332358637145,0.15646070415921873,0.2641114982578397,-0.010257888086606224,0.012781753364918595,0.1509389931542875,0.25410551304554607,1.0,0.2932000330496571,0.23194692708721684,0.4616041578080822,0.2727326222283127,0.34270358286496194,0.3283221454870089,-0.03373039943734974,-0.11005173077426883,0.18699133252590067,0.008226543308149764,0.07512549801198251,-0.07830793816489763,-0.002525880501306872,-0.08447129617127783,0.09698583096712567,0.018116451675960203,0.014108576184497696,-0.08705158769343621,0.02274904629571785,0.01373374470752061,0.18359286046797507,0.04957327653091453,0.22487268828732243,-0.0520995600768203,0.16268935539062074,-0.15386267867470874,0.06766756075393522,-0.058117015938398665,-0.0018060428476713091,-0.18300683362117434,-0.12154011402131702,-0.11210161560427469,0.06850992396563642,0.016176194976855164,-0.14370917913921766,-0.01408923004375049,-0.24065510869105222,-0.14728015428547245,-0.11709372600625122,-0.0684244785106696,-0.11940155937955314,-0.10624779584984977,-0.04566858045677044,0.051488544464887764,-0.019130511886792833,-0.12103872654028532,-0.11866398776356597,-0.18913633588124695,-0.16982405088035016,-0.25496641630879663,-0.1151921615886406,-0.21736961003419833,0.08817205167837847,0.11483345189561951,-0.06882994137716308,-0.40598803360585867,0.19810730256356518,0.024299155823087604,0.14496990264457713,-0.16622647479056796,0.13932082954639347,-0.14731239785338446,0.2631377425068971,-0.046995403276349546,0.24077037944633764,0.20609645260296278,-0.03818807270118475,0.0030038913956023806,-0.03042543372636899,-0.07255407347099993,-0.09602094219735885,-0.030214238356545343,0.15719746968600812,0.08097045078523164,-0.18160746277379322,0.08757473958280854,0.1267490624175018,0.13281730189854157,0.12738587288376396,0.1924437198598211,-0.03745453153118658,0.17856366996289974,-0.021885724764873857,-0.032198023872331595,-0.24089129282600766,0.12105887877023032,-0.1581325331554563,0.13570310122666623,0.0031417326484262115,0.05767205470121296,0.017682775687543704,0.1456905463874105,0.020030107431537835,0.1743421808340202,-0.05099441178663625,-0.004174332910808246,0.09905264367028534,0.22668477680397725,-0.06644552953007014,0.015974672677405117,-0.04972643347849656,-0.07839983233344686,-0.10269939120113336
#50,0.27801008820631046,0.4745015849728852,0.2772330182196311,0.09146492605139221,0.22586417800061664,0.16951290044999928,0.27449473321470386,0.2932000330496571,1.0,0.2282663238100612,0.3024184691157,0.06997055759205034,0.17291620904311167,0.3593807622782499,-0.1651100412516147,-0.1558158328009786,0.09542846663697571,0.15268498235672268,-0.12769863549251043,-0.19506189757427608,-0.0957646058324584,-0.07117324267516822,0.17789300375033,0.13267139975373976,0.09039927613190038,-0.13559427918496322,-0.08902408796045326,-0.0024493020275158546,-0.0033617949994256616,-0.06694530483270626,0.22635750458967038,-0.12921327709517696,0.29121302317707964,-0.06469792814923936,-0.11796591451827101,-0.1482950205855029,-0.0724162322181761,-0.14628302194779363,-0.14870290171958978,-0.07477001267575263,-0.09795394409368369,-0.019578697480769736,-0.0375286917373842,-0.131980581311225,-0.17810984174453826,0.0007097615386630607,-0.19363915014015876,-0.1756730340995883,-0.25857285937975466,-0.04011543197312498,-0.06648341572236675,0.05044224068614313,-0.06215632890857538,-0.07103701360074,-0.19842570779669624,-0.2835269626760549,-0.023344746212892186,-0.03777938547790006,0.021578604780511986,0.04395725308984066,0.17566336102921468,0.1588402794711249,-0.09113926601548095,-0.10406087585621787,0.22814944087638017,-0.07840305669023806,0.3086543751498822,0.21091525382741227,0.06393294950052698,0.023728444671045075,0.26639192459841643,0.06371046888193413,0.03682175151091344,0.1381866620450886,-0.12001338108068348,0.007597793733865621,0.10533772114553336,0.024849714745185127,-0.044135398802554494,-0.11098518206532144,-0.035330486494983104,0.030275501135578156,-0.010059590143947379,0.19884326200115673,0.037552874413318206,0.19270166840311714,0.19231716385576647,-0.018618645246189718,-0.050834000036274016,0.06331790344260545,-0.3084810659723552,-0.002062379212571767,-0.05043014934817612,0.1606588167013621,0.027932199837573026,-0.03831543479443718,-0.07788151697926134,0.03917150152250097,0.09828605284317736,-0.006915842272526666,0.06350411004729728,0.28269588471312296,0.10989615555909339,0.192012462138998,0.06987705124510553,0.11343408104823839,0.03987038085699373,0.2392371977921217,-0.024439415343504835,0.14277653393736284,0.2167626248682548
#51,0.5021383531194644,0.3243981032721176,0.5649472112336591,0.6043295050813848,0.2840976738280975,0.4335466111002513,0.37150676208075806,0.23194692708721684,0.2282663238100612,1.0,0.44794497635135816,0.24524820494011765,0.48978342398478103,0.29156770242411173,-0.16789669160840992,-0.162833645357027,0.6763632479752048,0.22542405329861775,0.06284069863750773,-0.29229398879132973,-0.24096384085380967,-0.11291495960485508,0.2682967133728183,0.13319132728632085,0.11702198406764701,0.076390251963331,0.20283340353026763,0.2989845291330712,0.24111296735540272,0.09528417667056949,0.37770397583344584,-0.14733255008332946,0.4872756804904247,0.3244899974406668,0.10214399574384904,-0.07300790168936144,0.017632798157280093,-0.05769462519875137,-0.026960056265026008,0.17315642362405612,0.03231410071681482,0.016010140602108328,-0.21849491055432738,-0.07384865272266702,-0.18697279247435125,-0.13126558019277623,0.22057703895224526,0.2613450001309895,0.0490082080032566,0.0029289251002069636,0.22545710295572757,0.16509553164605428,0.13961424601439273,0.14824826741203048,-0.21359953085608688,-0.13435451399874654,-0.3311450698577051,-0.43372233854537173,0.022094501867104103,-0.05988476954917447,0.08599641693351578,0.10789382999175774,-0.14102973864572985,-0.33050584112384956,0.3275886043170107,0.007129455909943715,0.2273925231196458,0.026347428474697867,0.06542582669485292,-0.056655576222786934,0.24379805047327513,0.14451768660461123,-0.05212857928794111,-0.12332479550524664,-0.4106665753098909,-0.38572617552995325,-0.27578286375278854,-0.23200415942026065,0.1209839124748349,0.10470977766044702,-0.2990812598368072,0.07915191355499443,0.01664695106837047,0.08242060525207417,-0.051282185630250915,0.22349105140229292,0.1509833280601665,-0.012003877289041419,-0.03536434224129071,-0.13390149186958283,-0.2436860040747809,-0.08715799146754584,-0.1686229779756279,0.2722860488127314,0.18033384184126894,0.059563946048449994,0.21215340683523334,0.4199172549438458,0.36576095827883837,0.23818847574578364,0.418928183498145,0.40331746009354663,0.29514028974876216,0.28061536849360064,0.3611219149454983,0.39229741467042034,0.5077962931988239,-0.16119325383950361,-0.09518019116405325,0.3250534537899291,0.3434347057673667
#52,0.4061685975861659,0.24405116248138436,0.3675915868470426,0.30483028799551815,0.13918379438276743,0.27459549436442887,0.5047049411252602,0.4616041578080822,0.3024184691157,0.44794497635135816,1.0,0.30976758433204427,0.42940170044516274,0.34022727684931975,-0.23518659957317578,-0.024253208738812992,0.18079170050561946,0.1642378527395949,0.11943944557184975,-0.24247122765369603,-0.17499914353022733,-0.08293972669545749,0.04010092236756458,-0.02538657015092005,0.2017500196484242,0.07340127321788792,-0.09876890027265967,0.01253831442718294,0.15728533340856832,0.2715766903186672,0.14335530598138338,0.018928989587342786,0.1863907960735395,0.043068942793864855,0.16669642479288546,0.07203978856280342,0.002905548513470758,0.0034577196139638834,0.05516108685006539,0.10481618143455664,0.07674493121036308,0.16263776568196153,-0.1187623306456976,0.07963959751966354,-0.3585754791696475,-0.2767912813392366,-0.029460544956602174,-0.04122622288769364,-0.24912065744634973,-0.28557039879247836,-0.13207892419335662,-0.13401434435727486,-0.08216023844118471,-0.0490017592896742,-0.36223512412766035,-0.056806314902775566,-0.3056339589257249,-0.3094636887044736,-0.20543223510397543,-0.27839378666446335,0.0927054973268067,0.19523359457340753,-0.007522021349272404,-0.19739633189110542,0.41798183477992756,-0.2701345967438027,0.24521031874782104,-0.014555955689276798,0.27258510790511525,-0.007093987985240507,0.46471404993319537,0.1858507163110134,0.21382684800986654,0.0874062669404683,-0.020303371669592098,-0.07611215119008993,0.12571484997672416,0.07002214730070956,-0.027650874707540764,0.10808970966682319,-0.09685846887387324,0.0834532055144562,0.06620047841393889,0.1916174784320759,0.10258089608905674,0.18619088595248506,0.12901739742011153,-0.02097968050654645,-0.014503559891419784,0.12108144926776873,-0.00834262015263299,-0.11221769244875791,-0.26342954679650077,0.21027844336115012,-0.0022784111175822163,0.25405069898009564,0.2710204887721851,0.17979295598954503,0.018160786581839214,0.1845940232516429,0.23819492445936605,0.17033027489656868,0.171829600804477,0.09872456536678066,0.12921488927357258,0.24191825046400509,0.1889799545768737,0.03920052073362178,0.04317857092476568,0.10008201957587617,0.14462409037872087
#53,0.08897169216259625,0.07166334490743073,0.05530295854887823,0.03349985792677889,0.1721044772209269,0.23720101647847844,0.15781412792232524,0.2727326222283127,0.06997055759205034,0.24524820494011765,0.30976758433204427,1.0,0.502809825421232,0.17328217353891295,-0.039132809241006566,-0.17449694995999782,0.16267484578506033,-0.19454438830928836,-0.10386096573516343,-0.12089604875227468,0.09970396374210788,-0.2708342821674932,-0.16957335713983432,-0.27695491744639,-0.045940232516429105,-0.2157953178308946,-0.04221610042259226,-0.29904014928771944,-0.012635851220116762,-0.006183107191726301,-0.008020184473512916,-0.06255050652629966,-0.016980671996259748,-0.10847502030337167,-0.0203211056319437,0.04346392650078695,0.018297015656267443,-0.17242207636486015,-0.09805551133260651,-0.14863760849456797,0.027614600693639756,-0.021345645002347736,-0.09427898344091265,0.010660932685506315,0.048822807487762555,-0.2269193487605371,-0.06391279727058198,-0.0560848650707444,0.044199079849180714,-0.11206292332278028,0.01756589275386268,-0.16735903011347722,-0.11497290532683895,-0.35427096285339454,-0.04182595325085697,-0.1982798056518944,-0.03518458435018127,-0.14690612889769317,0.05537550657668024,-0.034088303041173024,0.17563837226408288,0.3112483701884032,0.17107107086934706,-0.016692898152645082,-0.12848296028197,-0.1824062971688132,0.19534402879350615,-0.11618687565872601,0.06990607045622634,0.158484794134895,0.14091124353365322,0.12467580100075974,0.17538364807757803,0.17809613822817563,0.10718285931929798,-0.022358899123982565,-0.053660148763761455,0.021044167642370465,0.01619554111760237,-0.1766854821320253,0.07481676584922504,0.16443373241466033,0.10313387327874766,0.3462092647861949,0.37853182943958663,0.3952509254911602,0.34291235996719216,0.2796803050241524,0.1739697676246365,0.367880166779855,0.1770522527170244,0.20146466407240293,0.11330591286578816,0.15435197481777346,0.03369170715585533,-0.024264493987582195,-0.1844795585855553,-0.06784731864504467,-0.11716788621244884,0.2066107375111593,-0.1466102941621005,0.01858881994587111,-0.025488137389842874,-0.12039466127124297,-0.09113926601548095,-0.031246032529729576,-0.023493066625287422,0.13432871914441694,0.11748790362397551,-0.0353393534761589,-0.055820467813865945
#54,0.29594557285736456,0.14770979982789995,0.29327902979104153,0.24309836504958457,0.15615197199646128,0.5600977786196931,0.3739846802747958,0.34270358286496194,0.17291620904311167,0.48978342398478103,0.42940170044516274,0.502809825421232,1.0,0.3751720496631555,-0.17368038160262625,-0.31327649061006846,0.3025724321524798,0.07123934198938783,0.11901866701059806,-0.14811848705118466,-0.08848239601953155,-0.24887480024102068,-0.013853045908795037,-0.012156228147425653,-0.02542284416482106,0.047031677290250554,0.03331203914369144,0.09063142982086683,0.23219197820334808,0.1884390687251498,0.28497872932129303,0.029352529004096947,0.35344149706885813,0.11413940909631355,0.20888390904895582,0.0141287284144427,0.09156649329031503,-0.11974575946701382,-0.028236095465143697,0.020945018671041045,0.07721891165866959,0.11203309802246167,-0.14984754838046604,0.03857741378372224,-0.11261348224487781,-0.162914254276807,0.17948986645117215,0.1787103781968994,0.03937544208954442,-0.0626859295115301,0.02445473103826304,-0.025093153682920782,-0.09012439971545051,-0.1699723712927454,-0.21919540206721574,-0.21932357024966598,-0.21081368658848945,-0.31504182595325086,0.06362744169456071,-0.005585795096156365,0.1541504525183234,0.21288936627282493,0.08468490980869488,-0.17372955304369206,0.1390193521864162,-0.09779836887850825,0.29307025268881126,-0.09372197580523273,0.150565773855706,0.0076106911610304235,0.23017514303045203,0.04799011734643497,0.2732057965874214,0.1391596117068334,-0.03946975452568704,-0.15788183941494047,-0.14325454483165834,-0.14688839493534156,0.14623465659592563,-0.049641794112727546,-0.21724063576255032,0.27652769017155593,0.24930605796184377,0.0344542675369743,0.2627782267246782,0.388914258307253,0.3160639470560615,0.23724373920596184,0.12367383212789411,0.11185253404215444,-0.039561648694236264,0.057291580599851274,-0.030830090503664684,0.2574048361321422,0.11096825419216763,0.06323165189844082,0.05050672782196714,0.1501562805432235,0.10587054610527928,0.23450384202263902,0.14231464482702333,0.19871106337271752,0.2712784373154811,0.08068187085241918,0.19637985341267938,0.22412544360096168,0.2472714888265961,0.0189950889015624,0.11643998766683528,0.08279140628306225,0.11462789915018046
#58,0.11696878218059219,0.29427132559353353,0.24875066250455943,-0.11598212900248477,0.32950790269697294,0.1275720794884558,0.5418092269000027,0.3283221454870089,0.3593807622782499,0.29156770242411173,0.34022727684931975,0.17328217353891295,0.3751720496631555,1.0,-0.2840863885793282,-0.2593370319392692,0.1796986435534024,-0.03469045167192976,-0.10231246838618928,-0.1827182536883619,-0.3264624977076838,-0.2591701714753246,-0.14961136424551058,-0.07133204224713485,-0.03879022133194149,-0.09398234261612219,-0.1951005898557705,0.07936069065722468,0.09292314141021275,0.061086648543094535,0.1280549269179381,0.07104346231432239,0.2102034770657547,-0.021252138655402913,0.04672375121669088,0.07955576424309233,-0.019352992505385684,0.04253692392331673,-0.05941884999284596,0.1497621029254992,0.041302801361484655,0.039817178969938916,0.17959465804688618,0.08265598329783182,-0.07175040254079315,-0.004278318417324469,-0.03289287276083535,0.044672254208289415,-0.11975462644818963,-0.2021103415198409,-0.08594160286806536,-0.02287399012137688,-0.1493147234207201,-0.15342658441869886,-0.38773817416766254,-0.11398544605953372,-0.1655300137236686,-0.14276686086698923,-0.02066127527341538,0.07112810168009141,0.008844813722862504,0.1527349598869863,0.17948099946999635,-0.0882969955040375,0.15825022217833515,0.0680391678741211,0.5137291096946333,0.25231518893723187,-0.03256398836813287,0.024083930007274955,0.19232925519373345,0.016305975337700993,0.0009386908708383126,0.17308548777464972,-0.008449830015940414,0.09306017657383878,0.0587119097663752,0.1028436811675396,0.18573302728813457,0.13471402978096542,-0.11236843112874655,0.32627064847860743,-0.10967045058370933,0.19273794241701817,0.14576148223681692,0.0432696590041171,0.18469075395537893,0.041776781809791164,0.02074752681758,0.15608587268224167,0.1492373388577313,0.12206729635667835,-0.052798439411313056,0.06769899823264944,-0.17743192072918829,0.13266414495095954,-0.029560500017129395,0.01223038835362327,0.16323749604512489,0.1134751915973262,0.10663230039720045,0.12980978310154911,-0.0011982515925299715,0.07008582834733577,0.015383003206219784,0.09265148935055409,0.05528683676492222,0.003203801516656826,0.026676312867400343,-0.11394111115365471,0.049640988023529745
#101,-0.25896945526507237,-0.19170776042222953,-0.1633189110541027,0.065808719063808,-0.43724897878574753,-0.1267490624175018,-0.08160806734069158,-0.03373039943734974,-0.1651100412516147,-0.16789669160840992,-0.23518659957317578,-0.039132809241006566,-0.17368038160262625,-0.2840863885793282,1.0,0.2843443371226243,-0.0009878623119041238,0.03469125776112756,0.5966176497260305,0.1804894170564444,0.35649899339611424,0.14537697768946622,0.15166930996749445,-0.3608631603130044,-0.013132402165961675,0.03597858221001445,0.06679053570672863,-0.2703232216160879,0.35125135271843505,0.27780775981766265,-0.13049012238449245,0.23274576148223683,-0.263485166951149,0.27414005396767177,0.3769535067902939,0.3480286081056299,0.5645377179211766,0.20981736034000842,0.14020833375317146,-0.2958230472992989,0.28889954717939315,0.39632221803503664,0.001399773891980017,0.21221547570346397,-0.10640659542181641,-0.3810242572391848,0.009422779677685234,-0.03686689250599025,-0.08088016879507802,-0.08011115970037665,-0.10349983777454894,-0.13302527291157404,0.041085157278078606,0.1121153191206373,0.5853452983839926,0.34459063767701215,-0.14848606372538153,-0.21873754340286525,-0.23285377743474203,-0.36903690477869827,-0.2843467553902177,-0.3942142947827892,0.2176428742722526,0.15712572774740388,-0.17626550965997143,0.058665962682100586,0.09868426090689066,-0.03240921924215524,0.5245419901939249,0.16797004572540974,0.09562676457963457,0.16236530753310507,0.12692559595182004,-0.16412419416270507,0.10576253015277405,-0.11121975402188129,-0.06195964314431213,-0.12513930228949485,0.2122541679849584,0.1170066683728888,0.27763767499692676,-0.4716053064851891,0.0322181761022766,-0.044698855151816826,0.025221321865371012,-0.3871319950909168,-0.4361986445610139,0.04387019545647824,0.21048883264177598,0.09308838969576179,-0.05109194857957007,-0.41991806103304363,-0.39614165405472945,-0.3114966456613257,0.058347557448969516,0.032940432023505564,-0.009812120760222722,-0.07053240176291707,-0.2281913575146658,-0.03513541290911546,-0.16888173260812175,-0.2367342908329521,0.0021051019400551768,-0.05024958536786888,-0.1139532024916217,-0.15120903303555056,-0.17871279646449278,-0.15482434308768436,-0.2371357232534566,0.013831281500454432,-0.06038373876261278
#102,0.03623733684250831,-0.03510236325200565,-0.06750795509277079,0.10579880416667506,-0.1665061877422046,-0.23088288934612058,-0.09236290941774163,-0.11005173077426883,-0.1558158328009786,-0.162833645357027,-0.024253208738812992,-0.17449694995999782,-0.31327649061006846,-0.2593370319392692,0.2843443371226243,1.0,-0.3602336046495225,0.14554464424260866,0.3254161939289392,0.5243864149787495,-0.2207463176837833,0.5855726155377723,-0.15968586703961726,0.006017858906177263,-0.4025436144636585,0.4643811350945039,-0.36626879447345245,-0.10026580791297461,0.049067052514696015,0.3029222748643251,-0.22625674343994534,0.43567791093923497,-0.24875952948573524,0.2785614532176058,0.2472376330802885,0.4449971081550029,0.35301507588322184,0.6130538084691761,0.13317842985915607,0.14424281018816137,0.1302410408223722,0.1623870719414457,0.10432446702389853,0.380176251403099,-0.338850476499477,-0.061086648543094535,-0.05987106603281186,-0.08273014350402944,-0.17950115169994135,-0.1650777976837027,-0.2048599117735373,-0.06773930269253944,-0.11462467479338927,0.4008379297211133,0.17330635621484694,0.6741207078269246,-0.5056367802379172,-0.05845234904468354,-0.36185303784790307,-0.4436501331054788,-0.13132361861501785,-0.23419027332469475,0.23053868925865992,0.12042529266075938,-0.03849599877474442,0.026814154120224174,0.04481412590710225,-0.05260255973624761,0.29469291024398303,0.3576847506060783,0.08950532321153998,0.22433341461399411,0.017627155532895494,-0.08814786900244446,0.06956993126074366,-0.1042430520149207,-0.0556036298196577,-0.20947396634174553,-0.29998488582754124,0.470205935637808,-0.11550250592979366,-0.24039151752337154,-0.19282258178278716,-0.13522912077835972,-0.02623376989780804,-0.25506395310173047,-0.3339059253601707,-0.15000957230922388,0.0410601685129468,-0.11043059269723492,0.09685363233868644,-0.40257666412076826,-0.3820012373469186,-0.25664388792941883,-0.1276252813755106,-0.21969598345904967,0.41517825654997853,-0.1394054689121625,0.07253956386543953,-0.14949851175781856,-0.01081650790068175,-0.38342237260264034,-0.05094282207797704,-0.12607920229412986,0.015618381251977438,-0.1373394622982006,-0.12120881136102116,-0.12048252499380319,-0.22746265287985443,0.07873838979652294,0.011949063223591006
#201,0.21707296920940786,0.19234860133448067,0.5505883443532444,0.37066359277985905,0.20911042011353767,0.4499739028622212,0.25232244374001206,0.18699133252590067,0.09542846663697571,0.6763632479752048,0.18079170050561946,0.16267484578506033,0.3025724321524798,0.1796986435534024,-0.0009878623119041238,-0.3602336046495225,1.0,0.2264703570773624,0.04798366863285257,-0.471307053482003,-0.10326687799638469,-0.22060525207416826,0.40736160959891016,0.1642942789834409,0.3805583376828563,-0.04584511399108868,0.2996697049512014,0.10548120502274179,0.36458164978245666,-0.08315817686806133,0.47347946387007456,-0.28144402818893927,0.5034466358874942,0.22723533572607477,-0.0005904603373886337,-0.1209831063856371,-0.006310469284978729,-0.20500903827513034,-0.01651233417233784,0.1827706494862189,-0.08184344538644923,-0.0485519615173017,-0.20841718340342952,-0.2623832430177561,-0.04386616501048923,-0.12286854901929173,0.16261600127362094,0.14103699344851003,0.08070202308236418,-0.0370869548569897,0.24625339816977448,0.11803201383249064,0.2083825215679241,0.13315747154001326,-0.07919544237167564,-0.1952206971462427,-0.13049254065208585,-0.48932234096363936,0.12348762552320228,0.11431755480902739,0.07645796345594622,-0.005675270997112186,-0.2706464633844058,-0.37322050771528126,0.19020601624672778,-0.053927770377431114,0.07707945822745016,-0.07670301457207747,0.13125187667641364,-0.13534439153364516,0.2754975081767673,0.10395285990371264,0.03282032473303333,-0.09100223085185491,-0.34713626736366515,-0.274360922407869,-0.12301203289650016,-0.10364815818694417,0.2525312208422423,-0.09361960247711211,-0.05233413203338015,-0.10028031751853501,0.006381405134385145,0.1753006208902046,-0.037859188308482276,0.17680236506570635,0.08849448735749854,-0.12289595605201693,-0.192121284180701,-0.17028835825828306,-0.3488548495333751,-0.047263024890019205,-0.07950175626683971,0.1474179955382963,0.17909004620906327,0.3037178849025539,0.0812243688825387,0.5498144987233562,0.24874501988017483,0.33227440082382315,0.40984758868492593,0.6248114255082896,0.3354342704791999,0.3751204599544963,0.35378408497792324,0.4458531748830667,0.4962869516326329,-0.1443435713378864,-0.06167267538989527,0.14226627947515533,0.16133512553831644
