,#10,#11,#12,#13,#17,#18,#26,#49,#50,#51,#52,#53,#54,#58,#101,#102,#201,#202,#301,#302,#401,#402,#501,#502,#601,#602,#701,#702,#801,#802,#901,#902,#1001,#1002,#1101,#1102,#1201,#1202,#1301,#1302,#1401,#1402,#1501,#1502,#1601,#1602,#1701,#1702,#1801,#1802,#1901,#1902,#2001,#2002,#2101,#2102,#2201,#2202,#2301,#2302,#2401,#2402,#2501,#2502,#2601,#2602,#2701,#2702,#2801,#2802,#2901,#2902,#3001,#3002,#3101,#3102,#3201,#3202,#3301,#3302,#3401,#3402,#3455,#3501,#3502,#3601,#3602,#3701,#3702,#3801,#3802,#3901,#3902,#4001,#4002,#4101,#4102,#4201,#4202,#4301,#4302,#4401,#4402,#4501,#4502,#4601,#4602,#4701,#4702,#4801,#4802
#10,1.0,0.7151313018542067,0.3251074617661817,0.5674412512116528,0.17234711006946474,0.3571349977731786,0.47357216412782155,0.8241218161995716,0.3408858517239225,0.6410887846794687,0.37896872978479434,0.3293853771389073,0.19923663352968324,0.11490761210181713,0.11818275251247927,-0.02260878677530062,0.5256068340242189,0.02595244476777578,0.2472876106105521,-0.17728279422759524,-0.014798588537814652,-0.1960227558980539,0.3224892840517267,-0.08192727866302045,0.20476721151579028,-0.12900530608214453,0.14897132942245725,0.08750219155500652,0.1606846115556917,-0.18263442041179068,0.2162362486220913,-0.12946316474649502,0.33691102588956984,0.09616281389617168,-0.08902973058483786,-0.43832349568641515,-0.03670003204204561,-0.272203021625358,-0.15324440825999602,-0.3087257762590221,0.22850653839100565,-0.23254826962877578,0.061086648543094535,-0.18352756724295327,-0.3926303295091118,-0.4201211955108893,0.11020649990024646,0.13502598630051407,-0.010129719904155994,-0.06563137944029196,-0.11942251769869595,-0.2393355406742533,-0.05357470330879464,-0.26716980067429363,-0.08711043220487563,-0.3218822988857832,-0.4172877919806216,-0.34677916984903967,-0.43728364062125297,-0.4225330143907074,0.11664473432307652,-0.02937026296644855,0.05830483472148611,0.2097077322091076,0.19364479276454336,0.04889616160476237,0.2648079593247391,0.38438161874802257,0.11859466409255516,0.01196437891834921,0.41069720669940735,0.3812983275664369,0.3883628932959577,0.24709092484628886,-0.14033730802481947,-0.3244384077320076,0.059877514746394266,0.0891611231240793,0.1769313393373544,-0.06940226470760122,0.04612482694272535,-0.004420996205335101,,0.2773652168480703,-0.0008048800640034823,0.11158571851768258,0.02679158362268577,0.10916906310267763,0.1174669453048327,0.0016391823837266712,-0.14649744167440848,-0.3796047341618587,-0.47120548624308023,-0.22800273264238055,-0.3677487742406136,0.2822291590675966,-0.05805494707016805,-0.03843554208490941,-0.07921962504760964,0.046875295985877315,-0.07227113616257207,0.45859502683269415,0.08746349927351212,0.04189124647587879,0.30739848817970955,0.26473379911854145,0.2861902813855867,0.058703042785199396,-0.17471943057859068,0.1619429167934578,-0.0847759978880463
#11,0.7151313018542067,1.0,0.332460607428515,0.4953978352474593,0.15647601985397694,0.3289887812535896,0.48045052325265053,0.5407798509944118,0.3924731421155408,0.6773176575854001,0.3845758862446924,0.22370224677211656,0.18479796381868635,0.028683474969922795,0.18291655163102072,0.005467299984079738,0.4519036804017549,0.08288410654080927,0.18622312952039707,-0.3352496760529036,-0.13038694296717404,-0.31207219334855496,0.3692045713318407,-0.1293898106294952,0.10341681058717553,-0.15612295278534047,-0.053174076977487945,-0.05113708957464688,0.12971547066540648,-0.09263939801258708,0.10313629154634106,-0.03520312440173067,0.26387853847967546,0.21870288156735984,0.08913210391295849,-0.26550683865923186,0.10760444396974747,-0.14455960324289685,0.061611412610862455,-0.16550707353490068,0.17457836496897564,-0.10236405809484848,0.017893971057367352,-0.0015569612855510526,-0.38925442794872467,-0.38097427970892117,0.043436519468061735,0.04904931855234441,-0.13171537796514873,-0.10315080115190146,-0.04043867374144286,-0.27171936810667785,-0.11668020224777972,-0.2463638323898731,-0.18431431030000625,-0.24412371050918638,-0.39715652035475985,-0.3731068491383914,-0.22804061883467716,-0.3319842087126151,0.08071411442033118,-0.02892046519407605,0.22641957345790098,0.38480159122007646,0.10433494618346993,-0.11189203241284665,0.155810190176594,0.44000338557463076,0.2662234519560762,0.13930309558404186,0.48588920707020833,0.43518942088536805,0.42378567700408887,0.2137188320573613,0.0019398536545061395,-0.35383809295417584,0.19216803735417343,0.05380685699776109,0.27213289186514933,0.11717997755041584,-0.10213593485187103,-0.07565590470413504,,0.21484574475588597,0.062233713471564193,-0.007355160885327766,-0.0083893733261054,0.06165816578433487,0.13959973640883233,-0.009370383879828222,-0.17689184096666216,-0.21801125703564728,-0.37138584870108804,-0.1658846929707007,-0.2901006200841154,0.3041725192101132,0.1183157572301163,-0.12088315132510988,-0.1341949083375821,0.21616853712947606,-0.08572960140904391,0.29046094195553207,0.1611545615580092,0.04666651888364707,0.3610622643448611,0.2625025442190306,0.3218532796746624,0.03538449447123571,-0.22122835902406782,0.06874691418978968,-0.1394627012452063
#12,0.3251074617661817,0.332460607428515,1.0,0.4927506383218835,0.02123682296064471,0.13313651322087044,-0.13757000380877146,0.13918943700715203,0.04569115095430885,0.2879008026633187,0.024356388156131416,-0.1554345526104191,-0.13350408989506735,-0.3081070405845759,-0.16927752240424165,-0.1470085022258138,0.538140714960814,0.4821094548217233,-0.054026919348760534,-0.2048929614306471,-0.11507447256576177,-0.00847965531625902,0.3130959266297612,0.3728206874731723,0.14951543963097236,0.2635037070026984,0.374730312782761,0.2744399191492535,0.050826745233493814,0.02454904347440566,0.15589079909637402,0.09526483052982228,0.4745539807707422,0.1978501601094669,-0.010007194346090367,-0.18875908613667644,-0.11046606062193812,-0.02667711895659814,0.10471219592804042,0.039516918707299474,0.02490211054304214,-0.23824409590043186,-0.23012274723259502,-0.3523814897737509,-0.328995229967172,-0.16705594057510434,0.38976548850013,0.3854867670382066,0.137337850119805,0.18575317951807957,0.30188645024515187,0.15213039298863615,0.3081239684577297,0.1787708348867344,0.004184812070379648,0.09611041809831466,-0.21793548465105406,-0.14816604631385485,-0.21622738164091548,-0.12751565324460978,0.16711962162173055,0.24043665851844837,-0.18202824133504492,-0.12918103352726495,0.42504881877704176,0.29512013751881716,-0.14574939089884992,-0.06963844884255667,0.0011063574239807506,-0.07995558448520121,0.34953115837032944,0.45410833435773834,0.2379861473571358,0.28275392313536457,-0.1390217704540096,-0.2286935510848953,-0.011867648214613188,0.12721498197383033,0.10671774585216727,0.14360277536510802,-0.2891518530983046,-0.12459438599178192,,-0.185053494094389,-0.109074750666535,-0.04695429272726174,0.13173391801669815,-0.10098725774500578,0.12125798280208697,-0.25101899750716916,-0.40113134618911256,-0.39929265672893033,-0.3725877276950081,-0.20391598132291328,-0.23815865044546505,0.28016557072122816,0.3563643765000816,0.4719075899343642,0.48000798028305824,0.5449771574473573,0.5292785703201988,0.3051100009471548,0.45052043133832975,0.578021978021978,0.49696487264798284,0.6019950707645555,0.4813210995862747,0.1681731802032554,0.027750829768067985,0.05660721087091892,-0.10417614661150329
#13,0.5674412512116528,0.4953978352474593,0.4927506383218835,1.0,0.13835755295502225,0.2746736850166155,0.25263036981357173,0.3699365003234433,0.09184781842034731,0.684531349816514,0.3184265944948138,0.15030863140160775,0.1430618895133841,-0.1470294605449566,0.1310398752173922,-0.01443746057720017,0.5159619767725397,0.016615513589656263,0.2374871781436975,-0.07926395995348866,-0.0600621091726905,-0.09809259143570531,0.3788333067995639,-0.02922919735683352,0.20268427702867461,-0.04486410343736586,0.2045197421320656,0.2626629559693928,0.18285206449519673,-0.10738357552955022,0.1875741350159102,-0.13306396519306843,0.20909994095396625,0.0017399435334516941,0.029067979517273485,-0.3342323914852798,-0.01828411822910264,-0.1902447085282222,0.013341179268191922,-0.22243914982561716,0.1200859291084855,-0.2618544485039992,0.027872549236935815,-0.11372588533784206,-0.5055174790366428,-0.29246004316607654,0.18391932659308416,0.22106875336290338,0.03537079095487311,0.15158225233413203,0.11328495454664536,-0.021311789256040128,0.13712826692837696,-0.04616593749181316,-0.02909941699598769,-0.19105966470719818,-0.44331479999919393,-0.22570376625025443,-0.3903603823281065,-0.34237550456145727,-0.08780931153936838,-0.12034307156258375,0.0944506804400441,0.18793929342251367,0.2909639416149594,0.2445831813519325,0.010159545204474601,0.2825201572680025,0.1024535339958043,0.05753743780518033,0.36708939327681306,0.3974354272171987,0.44648273054654863,0.23493913018945112,-0.11953375800799237,-0.2584172841645792,0.038282385137327374,0.12239779292777642,0.23947660628386835,0.08480743536676051,-0.09437893850143987,0.0014392722626722259,,0.08863071643192677,-0.08131223260509891,-0.03912716661662196,-0.13930067731644846,0.025296288160766428,0.11368719305634765,-0.019223212144539856,-0.26260411145795337,-0.47544309715591576,-0.567718545895696,-0.48230694667518437,-0.5395199335782501,0.147092335502385,0.0030836942261845985,0.0428255038561292,-0.040696622284738915,0.2564560691463314,0.1381955290262644,0.2206882792615417,0.16596368971208508,0.1655920825918992,0.2083752667651439,0.2356597739322845,0.12017540500944132,-0.06681310620426703,-0.11051523206300393,-0.16788943680562973,-0.3267180279833865
#17,0.17234711006946474,0.15647601985397694,0.02123682296064471,0.13835755295502225,1.0,0.6948968508110265,0.3240095682787779,0.3353512432918265,0.3614919098872886,0.0017826662609351038,0.01298085739677524,0.6190656217063699,0.37720097617401854,0.2101534995354911,-0.05389955725550811,0.0556552195283169,-0.05896824613127566,0.30734931673864374,0.08984952329900064,-0.2420028898297741,-0.19315469053228085,-0.15989545023104532,0.03537885184685111,-0.26805811097026944,-0.06815685689699993,-0.02703018602523462,-0.2652142282804304,-0.21841752599133857,0.24577377509708337,0.3615515604879258,0.26511266104150755,0.056931258728434596,0.15435197481777346,0.04605066673652773,0.051382140690778136,0.025880702829171563,0.14587917125969574,-0.0053351013556405084,-0.18396688585575438,-0.22696372940467335,0.43042865808316016,0.28101680091410514,0.3773549392107984,0.29208359951070384,-0.23065476610314314,-0.23432166586393618,-0.26464512930678347,-0.26519165778289194,-0.4727773601787906,-0.42092486644109606,-0.3705031810294968,-0.4530313991894773,-0.3853231309310532,-0.22445110363687293,-0.24921093943650335,-0.2498687082219083,-0.5433311233054494,-0.3720444235756908,-0.2578022381066577,-0.4401710521277732,-0.07618792357468315,-0.21539630367798349,0.034643698498457345,0.25587729710231083,0.048591459887993904,-0.11396126338359971,0.011117179171461218,0.2561892536218595,0.1209790759396481,0.4144971111778374,0.2926027209540872,0.1713427229290057,0.0746007339442146,0.15969715228838646,-0.4155627610973292,-0.33476844080181695,-0.04840122283731306,-0.1677636868907729,0.07403485932735887,0.20082462924934957,0.15061978183195862,0.5588346368467403,,0.542497627074924,0.6242374899994559,0.12260334567321547,-0.07972101252864136,0.4649349183733926,0.4384951926855466,0.5394344881232833,0.4395108650747748,0.15815994018818152,-0.0945022701487033,0.0591560649143631,-0.19853694810599268,0.20899111891226324,0.09962980353591026,-0.2352591476009778,-0.05112902868266888,-0.2770782490936535,-0.2693744546302771,0.2760093748173704,0.2604768420649587,-0.04762173458304029,0.12865626945949704,-0.12705860066945707,0.052256747470391336,-0.04296818164413983,-0.19578899003069183,0.004034879479588814,-0.026074970325841405
#18,0.3571349977731786,0.3289887812535896,0.13313651322087044,0.2746736850166155,0.6948968508110265,1.0,0.5316766856836543,0.47169236411855153,0.3340969685000494,0.1408217676326974,0.09216380538588498,0.7143735780082745,0.5141345725611267,0.43866205314949125,-0.02259508325893802,0.18513007256818004,0.012380320944414104,0.3670031417326484,0.09641915026107215,-0.12165780304419585,-0.04984734685816659,0.02577913559024874,0.06493572446259041,-0.19299266660352302,-0.09167773359961147,0.050800144289966404,-0.24697565409100344,-0.16365343807118976,0.3126590262845535,0.45800738780749783,0.36144999324900295,0.15518869540509006,0.16766292574104788,0.10583669035897167,0.13308169915542004,0.08902328187125547,0.2088476350350548,0.08495494968995794,-0.15889589962577308,-0.1136831855200579,0.4180035991882682,0.3214341132918063,0.43812358556536074,0.40335050975065645,-0.2517944553154529,-0.1651245508571751,-0.21219048693833217,-0.2365771034393811,-0.4398631260542135,-0.39788764325716464,-0.3263722157175302,-0.4144963050886396,-0.3692464879701263,-0.28004949387674494,-0.12088718177109888,-0.18106093429768472,-0.5365357913679938,-0.3055485134707581,-0.3214462046297733,-0.4670702486583653,-0.15930781120584897,-0.35685931526753095,0.005217412332761681,0.2718169048996117,0.034779927572885574,-0.04731542068787622,0.28887455841426135,0.3536526924386818,0.11329301543862336,0.2930742831348003,0.27875007808989105,0.14691902632485798,0.03525955064557668,0.02370023154912207,-0.3619151067161337,-0.38342479087023373,-0.04132456576982526,-0.1911789659084726,0.044977762014255684,0.29160075208122155,0.14854813259361216,0.45259127448747843,,0.5571555530477225,0.39712266460845225,0.03630263006753012,-0.19757447760381924,0.36151931692001377,0.44484475729661865,0.4141375953956185,0.4286770262563404,0.07484417288195025,-0.16723489237701597,0.038599984281260644,-0.15918367346938775,0.22637685073041758,0.126699890976436,-0.14509162211344495,0.005289154271365898,-0.284018677086713,-0.35602501294780775,0.3768922440112611,0.3001517462914859,-0.15520642936744167,0.14130622724057532,-0.170821183218029,-0.044611797518454406,-0.12413975168422262,-0.4520721530440951,0.02246449680889439,-0.11021053034623546
#26,0.47357216412782155,0.48045052325265053,-0.13757000380877146,0.25263036981357173,0.3240095682787779,0.5316766856836543,1.0,0.5413916726955421,0.3562636153503566,0.4624255627006406,0.322661787140056,0.6149505363516,0.5980210510194005,0.4630801071292544,0.23036215572434168,0.08423108159033338,0.09241772348319204,-0.15572474472162717,0.11640693800972547,-0.11229910745773573,-0.003599591312776715,-0.18869701726844584,0.04377830128792901,-0.36918038865590674,-0.05789614749820141,-0.33542379131962846,-0.11453519889243344,-0.090457314554142,0.15494848082414558,-0.009916912355936747,0.2131964862571868,-0.17241643374047555,0.046427916481098216,-0.11575078140271612,0.001049931180134738,-0.24860476035975762,0.09116344869141495,-0.2265614451567138,-0.2834342624183079,-0.43916796262325747,0.25594581468412386,0.14285633676794507,0.24047373862154717,0.3765786753133168,-0.13625527232715937,-0.30578389151651575,-0.1108465347232998,-0.15793665348039088,-0.15963347124176025,-0.23593223208114095,-0.27349195825264044,-0.45979771191581204,-0.23644006827575506,-0.5032257674472969,-0.19523117630581413,-0.5644409872174405,-0.41683557594065573,-0.4144406849339914,-0.27650270140642413,-0.4185872077674755,0.0005977151401688354,-0.23038150186508888,0.20941109138431713,0.3836045487613432,-0.0441442657837303,-0.08560385149418709,0.4163398310840086,0.7238459321716244,0.20997777209037066,0.13718308099382737,0.3624132698403742,0.2476293924304194,0.12821614475749815,0.040499130431277876,-0.29209166040268186,-0.36926825237846694,0.05140954772350335,-0.06299385558508977,0.2137051285409987,0.013800650110938026,0.2997817513496956,0.2255868833165734,,0.4755922236575088,0.1704519943654365,0.13574985440013865,-0.09868990353127526,0.20144209357486453,0.18880100277496206,0.1982677143139274,0.27217239023584155,-0.06953446333604045,-0.2671415875523706,-0.13576275182730346,-0.21669974991082638,0.13882830904653753,-0.2388454384419908,-0.23328100470957613,-0.3669983051974616,-0.289138149581942,-0.49959997823559166,0.2904681967583123,-0.08066736124685878,-0.34185396485048053,0.006101692182748482,-0.13234332145023509,-0.21160365400233364,0.005073928455553249,-0.23579036038232812,0.24411564961720839,0.03835332098673379
#49,0.8241218161995716,0.5407798509944118,0.13918943700715203,0.3699365003234433,0.3353512432918265,0.47169236411855153,0.5413916726955421,1.0,0.5218738349492063,0.5204664032098472,0.28186722501778433,0.500348835100348,0.332436424752581,0.34140739143489923,0.16285863412215879,-0.008975400172906134,0.38523204285170176,0.07829665291612843,0.3195389975877781,-0.21081368658848945,0.04243213232760271,-0.20211679023342327,0.23592739554595413,-0.225604617278925,0.13782795235206752,-0.155854525082473,0.13269316416208035,-0.036305048335123526,0.2963179860667482,-0.06954333031721625,0.2754555915384817,-0.15316057498342478,0.2610032183111222,0.017103197554325374,-0.08561836109974749,-0.31060672318695426,-0.0397268969797853,-0.2780858605909037,-0.27579092464476657,-0.334830174101202,0.27997291540295394,-0.07519885212898234,0.09067495863754804,-0.07100799438961919,-0.3880662524711672,-0.4432970660368423,0.05230994935744615,-0.0055430723686729555,-0.09377114724629854,-0.2820429524629048,-0.3389318915084549,-0.45279360287612624,-0.13339365567496872,-0.38478466334692263,-0.1439348841146017,-0.3894059727179111,-0.4595510486212852,-0.4655169147742043,-0.48361522944321406,-0.5587999750112349,0.17720218530781523,-0.020346900486273307,0.07654099064331964,0.19974285754590174,0.2012647539513485,-0.05359485553873964,0.40414934414567644,0.46175570257726867,0.2344740167223204,0.032827579535813535,0.46100603962331455,0.3628493640963841,0.27749016067372934,0.2614183542479893,-0.23028557725055065,-0.2805146073438756,0.09836585567375958,0.04741134530241444,0.26748820590742467,-0.04954345123059592,0.22137829161485864,0.07848850214520488,,0.41612863571418496,0.13754823940043084,0.23595722084627274,0.07660467168994585,0.21531005213381887,0.06286488131344174,0.07437099852284154,0.0569602779395554,-0.2349326814758687,-0.3764948420367456,-0.11179691388750622,-0.33365603770885266,0.36256481460956064,-0.06732577893406795,-0.03051168527053361,-0.16665128379780864,-0.0993468662274824,-0.2269209609389327,0.5373797667580906,0.08575297799578012,-0.02585893842083096,0.24621309370988448,0.1853791541303003,0.20656075998089568,0.11173645719767121,-0.2206802183695637,0.18601274023977124,-0.07501667597027949
#50,0.3408858517239225,0.3924731421155408,0.04569115095430885,0.09184781842034731,0.3614919098872886,0.3340969685000494,0.3562636153503566,0.5218738349492063,1.0,0.24845079732297778,0.33504009286147557,0.4652210800386117,0.42867863843473597,0.22958508573766231,0.19668536121864566,-0.16146490589916226,0.09848112642904501,0.1532427960816004,0.08878064902271761,-0.27405219024511157,-0.08107121193495666,-0.35431207340248233,0.18961918331072924,-0.26963079099517756,0.04675357651700949,-0.17214558777001468,-0.12515139362746186,-0.20960213452419577,0.2641002130090705,0.17338051642104457,0.22097685919435414,0.07492961833691707,0.123161965487291,0.07399294268907326,0.10826060057675682,-0.028294939976583108,0.1377924844273643,-0.07587032443074988,-0.12038982473605617,-0.22910510579016466,0.24380611136525313,0.20845668177412172,0.17421804309755895,0.17766649268574813,-0.19594859569185627,-0.37185660479260335,-0.09085391043945967,-0.14937518011055514,-0.26693442262853595,-0.30349943472995006,-0.26901171449126704,-0.43091311769103813,-0.22698383589636112,-0.24648071532355412,-0.23074746636089016,-0.24519339087466724,-0.27570306092220637,-0.393226835515484,-0.21912204795021592,-0.3773549392107984,0.14058880785453315,0.03934642287842361,0.12830078412326715,0.26085247963113356,0.02234519560761996,-0.1681135296026182,0.15572071427563816,0.333993789082731,0.22051819444080584,0.06367580704642872,0.3173383740777836,0.16216378523365502,0.12660074200510657,0.07882786569747875,-0.2269741628259875,-0.3333134497997876,0.13142921629992968,0.031748226099959094,0.3585142163906147,0.0746265287985442,0.24253410261112443,0.13347829504073774,,0.4162156933475474,0.2189906554109745,0.11280694365234985,0.1090537923473922,0.2988869923401374,0.196514470308712,0.2495164472424696,0.15433021040943284,0.13740959205840922,-0.10104287789965398,0.14064362191998356,-0.14516578231964258,0.30398389433782796,0.014779242397067448,-0.09422981199984684,-0.10252366375601292,-0.032165780304419585,-0.1929297916460946,0.37982157215606693,0.19570515675412062,-0.04894613913502598,0.21832321355519596,0.09188409243424832,0.16146087545317328,0.09264423454777389,-0.14723178893360445,0.192101131950756,0.12022860689649613
#51,0.6410887846794687,0.6773176575854001,0.2879008026633187,0.684531349816514,0.0017826662609351038,0.1408217676326974,0.4624255627006406,0.5204664032098472,0.24845079732297778,1.0,0.49336246002301387,0.15420446049457603,0.317514101522904,-0.015384615384615385,0.18798765877438167,-0.21950977685435782,0.6214645431590232,-0.2277826702913811,0.16974586022816354,-0.2587364954869081,-0.05493135142869234,-0.31096785114756875,0.3306469067334646,-0.18859303176192962,0.14417509869554615,-0.292696227301032,0.14521334158231278,0.027710525308177976,0.12115802774155975,-0.30935083621678156,0.19370041291919157,-0.19623072691108634,0.19177547191484473,-0.017956846014795767,0.12529568359386808,-0.3902910586570957,-0.07413723265547949,-0.3745392696428823,-0.08512261624310039,-0.280463880244146,0.07756472392452587,-0.3009908851463959,-0.14069037509345597,-0.15308238433123816,-0.2738361583401011,-0.38706508968749936,0.10358528322951577,0.07953964245913632,0.092276657873577,0.05526749062417502,0.024882764402294935,-0.1947120548624308,0.13847927242389008,-0.17003685842856942,-0.15344512447024825,-0.3218419944258932,-0.36093006571642183,-0.371381818255099,-0.25183395368614514,-0.2974908458495475,0.16433941997851773,0.07804757135400818,0.15074391956841984,0.22178778492734114,0.17761006644190214,0.06332918869137465,0.06919913022975557,0.44172599819032976,0.15510889257450783,0.02556632804202949,0.4123166398977879,0.4408997567625846,0.3901798183477993,0.16705432839670875,-0.03647110270987036,-0.2291933263875314,0.14778396003409758,0.14500214621248914,0.3605197663147416,-0.1403921220902699,0.05714729063344504,-0.1580898104279729,,0.14007291076794104,-0.06713312361579371,0.15478403862779436,0.1253271210725823,-0.008063713290194126,-0.030766409457038468,-0.0997877970186791,-0.33434685615136744,-0.28538419218778655,-0.4272196169867177,-0.2522345800174518,-0.3126429045005975,0.18616589718735327,-0.13888554137958137,0.03785032132730647,-0.3022870765764586,0.27309778063491613,-0.026336143225928664,0.3192705698849106,0.006673209423988811,0.0878278515909178,0.1831986828502508,0.3298109922353458,0.12395193290113518,0.192076949274822,0.024610306253438474,0.11533967591183802,0.0016577224352760755
#52,0.37896872978479434,0.3845758862446924,0.024356388156131416,0.3184265944948138,0.01298085739677524,0.09216380538588498,0.322661787140056,0.28186722501778433,0.33504009286147557,0.49336246002301387,1.0,0.292889688708504,0.4070254704034275,-0.020782994742283206,0.23240478575156734,-0.234423233102859,0.30134234003663674,-0.12690786198946843,-0.001355438986101007,-0.22359020037362234,-0.07279590023034,-0.5015837637513779,0.24419545244779062,-0.27613754299982063,0.04594184469482471,-0.4416534501625277,-0.28904383714579934,-0.24908035298645972,0.23744042497022508,0.06857763545825163,0.043630786964731584,-0.02966045507765662,0.14939372016210453,0.048805073525410955,0.15377884539813752,-0.13783359497645212,0.010386862358254253,-0.25130193481559704,-0.24494269713415137,-0.2965425416682765,0.19709404844193035,-0.08764970587820395,0.08935619670994693,0.06456492343160232,-0.3210334869604996,-0.37015253222845373,-0.2664709213398009,-0.23497056766816532,-0.21791936286709807,-0.13262222831267395,-0.27269715430360947,-0.3301729262851581,-0.23504956440954974,-0.21619675025139906,-0.1204905858857812,-0.3018638797476135,-0.24648232750194973,-0.2504531228903134,-0.3081602424716307,-0.33194874078791187,0.12127813503203197,0.04347924219554515,0.2030574963272561,0.3144372590549007,-0.26694973832329416,-0.12753177502856577,0.175226460684007,0.2791644079375603,0.2711567178466133,0.2247396835696854,0.315020867634108,0.2856719660314012,0.27248676502298363,0.005245625454684688,0.20020958319142804,-0.085224989571221,0.207083911870268,0.18990695715434391,0.16712365206771956,-0.16746946433357582,0.17538929070196263,0.10532482371836856,,0.36622687783516683,0.19198666728466837,0.2163410402178053,0.19520215709469332,0.16192437674190838,0.2265759547622742,0.14860697710505155,-0.1535829657230721,-0.14730353087220865,-0.3607446652009278,-0.14857150918034834,-0.25120923455785,0.1336927147673526,-0.2268887173710207,-0.34110591407492197,-0.40331665400434885,-0.10135886486519166,-0.2663363044437682,0.08537250389441843,-0.05370690193723386,-0.13836803211459364,0.15662434026637218,0.037852739594899876,0.10518617637634692,0.17226891941727812,0.06927329043595319,0.154091608006884,-0.00755104056039321
#53,0.3293853771389073,0.22370224677211656,-0.1554345526104191,0.15030863140160775,0.6190656217063699,0.7143735780082745,0.6149505363516,0.500348835100348,0.4652210800386117,0.15420446049457603,0.292889688708504,1.0,0.7259441823534983,0.49774919743744245,0.11163408386955058,0.05112983477186668,-0.10854192570678908,0.09218476370502778,0.053091049790114524,-0.21264915169188048,-0.015141176446879729,-0.23244267194386395,-0.038201776217547355,-0.40474585015204856,-0.1236085389028723,-0.30132621825268074,-0.3815949683912273,-0.34981570785715294,0.44818519093230264,0.36763672784211937,0.35167454954728017,0.05061796813126356,0.007139935069515117,-0.008541724184489634,0.18947569943352083,0.03053989839245662,0.24957287348631563,-0.08641397113797628,-0.3261779482208604,-0.37293079380255073,0.580466846558906,0.24394556479647256,0.5399310390691282,0.43388839292011855,-0.2146087545317327,-0.32431023954955734,-0.43196506409416735,-0.4424426114871741,-0.5112914959604855,-0.4882389570817959,-0.5529566344163813,-0.5270295814583362,-0.4941814466479788,-0.4337142776533937,-0.16848352454440846,-0.40600012494382565,-0.4667010598057728,-0.3669515520239892,-0.39758213545119836,-0.5792923745977111,-0.06511790062129325,-0.2807056504837543,0.036883820379144054,0.31452351059906536,-0.24363119000933048,-0.2229171158934592,0.2796440310102514,0.36433901693391885,0.1589200823017071,0.18157763747347463,0.27254319126682963,0.029913567085765876,0.07694484133141753,0.03602211102669566,-0.29122672669344224,-0.36716194130461505,0.049921507064364205,-0.09207594166332475,0.06996572105686355,0.018427602106311072,0.48628741513392165,0.6154293533350933,,0.8110688138195932,0.5290843028235289,0.29409317988081973,-0.04674632171422929,0.5446627826602153,0.4237348933846275,0.6148199499015563,0.49510603095785566,0.2127934416582867,-0.17229955080679452,0.022193650838433526,-0.19679257108195308,0.20076578473791018,-0.1995477839600341,-0.36485007748532416,-0.3309894946425297,-0.528374138240267,-0.541823736505563,0.31593739105200686,0.050740493689329196,-0.4053995884914645,-0.007007736441075887,-0.34101805035236177,-0.18440539837935765,0.02398478103594553,-0.24698855151816823,0.12030921581627615,0.022459660273707587
#54,0.19923663352968324,0.18479796381868635,-0.13350408989506735,0.1430618895133841,0.37720097617401854,0.5141345725611267,0.5980210510194005,0.332436424752581,0.42867863843473597,0.317514101522904,0.4070254704034275,0.7259441823534983,1.0,0.4075784475931184,0.14517061885482938,-0.07602751182432092,0.02618298627834663,0.025442996394766063,0.12091781316061528,-0.10252124548841952,-0.007083508825669105,-0.23937342686654992,-0.07904067324569801,-0.41291153372576445,-0.2561819988190793,-0.3878381292281897,-0.2688851584872124,-0.23950884985178034,0.3872045431187188,0.24880225221321867,0.20556685200000807,-0.022055809585609695,-0.0547499813591873,-0.14704719450730822,0.23546711861401023,-0.00410259097220403,0.06310509589438619,-0.192996697049512,-0.47039294833169765,-0.3555120088170126,0.38779460041150854,0.20227155935940092,0.37424585317488307,0.42543412941359027,-0.10665084044874985,-0.3859784814488647,-0.27629392430419386,-0.3227311108110668,-0.34066014674853845,-0.34273018380848935,-0.3395009904821018,-0.4301070284932379,-0.3502743726107012,-0.3139350654846712,-0.32729357567061584,-0.40319332235708544,-0.46556769839366574,-0.3991499789409197,-0.3130016141936186,-0.465832901739742,-0.013601546079081381,-0.20258996459253198,0.2847280355807772,0.3938249537002517,-0.08729019009598507,-0.09127065855472237,0.20076659082710796,0.4583338539326069,0.14636201868917806,0.19081380750186913,0.23199529243908484,0.10039155782783143,-0.0035157580362054964,-0.14751150188524112,-0.3103906912819438,-0.3006886016972208,-0.08764567543221495,-0.18312855309004217,0.21052833101246818,0.06322681536325402,0.4467197207707019,0.4441499084081149,,0.6326417759757206,0.3650475693387852,0.24790829929285826,-0.006033980690133267,0.34012409743200134,0.3193036195420204,0.4272978076389043,0.3981875084387463,0.19041640552735362,-0.20819712105243005,-0.027167221188860655,-0.14710442684035202,0.1518676079101533,-0.1460968153431018,-0.30013481841833206,-0.28374702502705434,-0.2980164160065132,-0.4326155780767921,0.28730268447855095,0.08076247977219919,-0.3595169913526781,0.016040771991624733,-0.18734923612972393,-0.21293611944629734,0.06635847189670772,-0.19230507251779946,0.14495781130661015,0.1262331653309097
#58,0.11490761210181713,0.028683474969922795,-0.3081070405845759,-0.1470294605449566,0.2101534995354911,0.43866205314949125,0.4630801071292544,0.34140739143489923,0.22958508573766231,-0.015384615384615385,-0.020782994742283206,0.49774919743744245,0.4075784475931184,1.0,0.0851790424869464,0.1439115075278655,-0.2963937584513414,0.009692819558948296,0.09555099219504135,0.001332868488562602,0.13222482633815844,-0.033925473023217384,-0.21531005213381887,-0.4021204176348134,-0.07536087605774017,-0.1572732420706013,-0.22450914205911454,-0.18644399796059433,0.14466278266021526,0.2115101476553888,0.042544178726096935,0.01460673930873821,-0.10706758856401255,-0.07896490086110479,0.1350332411032943,0.13005725248527375,0.12197298392053572,0.025814603514951948,-0.2693881581466397,-0.13868203180466157,0.22047385953492685,0.3872835398601032,0.30233141148233755,0.45500470554569217,0.04009124929719098,-0.0476870278080621,-0.33550923677459527,-0.3788284702643771,-0.3525177188481791,-0.39536861451403904,-0.4177609663397303,-0.3250195980436215,-0.3873738218502568,-0.3454370313347023,-0.09284817511481733,-0.2587066701865895,-0.18605868732404585,-0.2163200818986625,-0.25986018382864157,-0.28092651892395154,-0.19330865356906068,-0.30788052951999406,0.171765113668653,0.27044574717415354,-0.08906197415274987,-0.13144614417308348,0.5461475989625632,0.2348980196403633,0.1289480737491007,-0.07232111369283568,0.07981774323237738,-0.07023817920572001,-0.10938267674009468,-0.07121274104586044,-0.13966583572305194,-0.1628602463005544,0.034450237090985304,-0.12426550159907944,0.05508047793028538,-0.053255491986465765,0.27890081676987966,0.18425304752097343,,0.45549641995635026,0.280384020893832,0.0666462457403224,-0.10959790255590732,0.1545212535493115,0.06571521271686319,0.30040888874558414,0.5004955433343476,0.2794852314382848,0.04732751202584322,0.09077007716288846,-0.016044802437613734,0.10032465242441402,-0.1173952033662285,-0.12491279122491299,-0.2500670061645671,-0.5088675857427004,-0.5622879229701162,0.09548892332681073,-0.1316218716182039,-0.4105642019817703,-0.07983547719472898,-0.3505436064027665,-0.23588789717526193,-0.08947952835721036,-0.3130451430102998,-0.08966895931869341,-0.04269572349528337
#101,0.11818275251247927,0.18291655163102072,-0.16927752240424165,0.1310398752173922,-0.05389955725550811,-0.02259508325893802,0.23036215572434168,0.16285863412215879,0.19668536121864566,0.18798765877438167,0.23240478575156734,0.11163408386955058,0.14517061885482938,0.0851790424869464,1.0,0.24081552044141444,0.03238745483381464,-0.13586109470943508,0.518833266495104,0.028972860991933063,0.5993559347309576,-0.06893715124047052,0.5563438212255377,-0.21023652672286453,0.4013812338404306,-0.3859043212426671,-0.24346110518859465,-0.25665920362417705,0.41701372165336953,-0.09068463170792164,-0.06823182319239536,-0.2834431293994837,-0.09855851099203382,0.021517342001479173,0.06955864601197445,-0.26743661619876546,0.09318270213190441,-0.27883713572325347,-0.14130622724057532,-0.3702219305074468,0.19855951860353108,-0.14106923701642204,0.26250173812983274,0.10403749926948166,-0.12704731542068787,-0.28110788899345657,-0.2512584059989158,-0.2522450591770232,-0.23994333192939465,-0.262549297392503,-0.3699751926049377,-0.35123603702367684,-0.29251243896393353,-0.40518113831886066,0.043544535420566965,-0.36941737888006,-0.26203098203831743,-0.27970126334329526,-0.32332439246064776,-0.19676435796003006,-0.032439850631671645,-0.16492141637932944,0.2023021907489173,0.3148322427618228,-0.3306469067334646,-0.03378198914600895,0.13179195643893976,0.11896465903434544,0.6061827041471274,0.29122189015825545,0.343227540843532,0.09296263978090495,0.35135695040334686,-0.1368767670986633,0.12955264064745084,-0.3815054924902715,0.07003020819268756,-0.002759646368668925,0.4039115478323254,-0.013650717520147192,0.24512326111445862,0.05212213057435871,,0.07057190013360928,-0.0918413697067649,0.03459613923578714,-0.11243936697815297,0.1937076677219718,0.011672574628745543,0.13393292934829704,0.1134864768460954,-0.20733944214597066,-0.23086515538376898,-0.21399290238461338,-0.34684043262807246,0.2658244378031651,-0.21752518524937378,-0.2463090183244227,-0.39761357292991256,-0.2813698679827416,-0.2473021202161125,0.15326697875753442,-0.21815474091285572,-0.12732864055072013,0.15114132154293533,-0.0852096738764628,0.132057159785016,0.058078323656904254,-0.03344907430731748,-0.013080812457302462,-0.10980426139054417
#102,-0.02260878677530062,0.005467299984079738,-0.1470085022258138,-0.01443746057720017,0.0556552195283169,0.18513007256818004,0.08423108159033338,-0.008975400172906134,-0.16146490589916226,-0.21950977685435782,-0.234423233102859,0.05112983477186668,-0.07602751182432092,0.1439115075278655,0.24081552044141444,1.0,-0.3328604276706239,0.16666337513577564,0.45943013524161513,0.4310017875027961,0.2901280271168406,0.6297019686713433,0.16884707077261635,0.2961873996167046,0.1722036261922563,0.38837982116911146,-0.197397944069501,-0.06464069581619554,0.13924022062661343,0.2034395826070134,-0.06616501048923569,-0.10892804243253537,-0.2841758644802841,-0.0909675690163495,0.02410488832641776,0.11364688859645763,0.04286822658361261,0.26408489731431234,-0.05842494201195833,0.12750923022698324,-0.12020039377457313,0.1947120548624308,0.2626532828990192,0.2984726624924681,0.08816076642960927,0.3080683483030815,-0.20639792996294004,-0.1960227558980539,-0.3249639778889733,-0.27083347607829544,-0.290969584239344,-0.1474703913361533,-0.40243559851115324,-0.14769287195474615,0.09835215215739698,0.15487754497473918,-0.16359298138135475,0.27963435793987784,-0.06499698724162323,0.07000280115996235,-0.47405420546810606,-0.49380016645741936,0.22614953357663792,0.27094310420919626,-0.09053389302793301,0.02370023154912207,0.139068523627482,0.11091827666190403,0.21867063799944783,0.2749082569731754,-0.04159944218627512,-0.21933969203362197,-0.0997337890424265,-0.36585124026899196,-0.07424363642958912,-0.23915417060474828,-0.20877831136404398,-0.2620583890710427,-0.025848459261259556,0.45500712381328556,-0.010481174794396874,0.09508829699550404,,-0.03527809069712609,-0.14906644794779766,-0.3373729149999093,-0.5378835725067157,-0.13481559701988824,0.04423535386308172,-0.027514645633112532,0.2778134024420472,-0.11145996860282574,0.1073327919100888,-0.11822144479397367,-0.07456445993031359,0.09663034563089579,0.28060408324483144,-0.2305233735639017,0.029824091184810057,-0.3557727070288963,-0.27958679867720765,0.010172442631639404,-0.10347243074182373,-0.17938588094465593,-0.0918244418336111,-0.3575662554940017,-0.19630649929567956,-0.4464472626218454,-0.492200079399786,-0.4392835479209952,-0.3709167047879683
#201,0.5256068340242189,0.4519036804017549,0.538140714960814,0.5159619767725397,-0.05896824613127566,0.012380320944414104,0.09241772348319204,0.38523204285170176,0.09848112642904501,0.6214645431590232,0.30134234003663674,-0.10854192570678908,0.02618298627834663,-0.2963937584513414,0.03238745483381464,-0.3328604276706239,1.0,0.09356640059005729,0.170833274555996,-0.1213901814305262,-0.020843451432118222,-0.2127644224471659,0.39055868027076535,0.05657738557060032,0.14491670075752233,-0.14563815058955348,0.41613186007097613,0.3137109726876828,0.04704699298500876,-0.24583987441130298,0.21626929827920108,-0.13803995381108897,0.4062032594216713,-0.02525759587927202,-0.06792389711883569,-0.34045136964630823,-0.26699890976435997,-0.350981312837172,-0.10178125560483896,-0.2186557694133064,0.03294365638029676,-0.40765825042370063,-0.2393186128010995,-0.459531702480538,-0.3148249879590426,-0.4454533546409578,0.38777686644915693,0.41316303355547807,0.29781086326107414,0.26652573540525126,0.2489529908932073,0.060461929414799394,0.3664888568244519,0.008677147169720066,-0.0896512253563418,-0.21250969826066105,-0.3122124528689722,-0.3619497685516391,-0.2109918323012033,-0.16713977385167555,0.3019791505028989,0.21337705023749404,-0.0018157159180449112,0.021760780939214828,0.4233963359215514,0.3443891153775621,0.06105762933197373,0.14938485318092873,0.13269477634047597,0.05440658736092442,0.424931129754163,0.6015597825977433,0.38742621764811386,0.2666345574469543,-0.011452512277746093,-0.08071411442033118,0.04405720815036788,0.10125487935867543,0.20715645989807002,-0.0909772420867231,-0.12012462138997991,-0.19557134594728579,,-0.0556495769039323,-0.15325891786555643,0.08148392960423036,0.20116399280162348,0.033102455952263396,-0.008940738337400726,-0.20083349623052538,-0.45060990723928557,-0.44797157729488557,-0.5257986832532954,-0.3096813327878796,-0.30712119349566624,0.2618971712314826,0.0905121286195924,0.23066202090592333,0.10145156512293868,0.44715984547270077,0.2972353155738448,0.46338642102441846,0.2326796621680172,0.4113783520715485,0.2852656970757099,0.5634333757201904,0.3805680107532299,0.2362296789951292,0.03375538820248154,0.18864220320299543,-0.03980266936437851
