,#10,#11,#12,#13,#17,#18,#26,#49,#50,#51,#52,#53,#54,#58,#101,#102,#201,#202,#301,#302,#401,#402,#501,#502,#601,#602,#701,#702,#801,#802,#901,#902,#1001,#1002,#1101,#1102,#1201,#1202,#1301,#1302,#1401,#1402,#1501,#1502,#1601,#1602,#1701,#1702,#1801,#1802,#1901,#1902,#2001,#2002,#2101,#2102,#2201,#2202,#2301,#2302,#2401,#2402,#2501,#2502,#2601,#2602,#2701,#2702,#2801,#2802,#2901,#2902,#3001,#3002,#3101,#3102,#3201,#3202,#3301,#3302,#3401,#3402,#3455,#3501,#3502,#3601,#3602,#3701,#3702,#3801,#3802,#3901,#3902,#4001,#4002,#4101,#4102,#4201,#4202,#4301,#4302,#4401,#4402,#4501,#4502,#4601,#4602,#4701,#4702,#4801,#4802
#10,1.0,0.5570507614520085,0.26337553882024817,0.4944547108860331,0.10805262956372437,0.15397230680560958,0.29411575037835813,0.7184838268278576,0.34184267960171133,0.6231718400799641,0.43997839680949896,-0.05380202046257428,0.0609302672387213,-0.10569884910614784,0.17104446992581965,0.06859939986659223,0.586397244787122,0.08974795606007782,0.28200990280579497,0.16450063781807775,0.13977465776475495,0.133771711508737,0.10761411704012107,0.15253021323074506,0.18273356938312008,0.2819712105243006,0.3046336022312549,0.21308766421548375,0.2423148463493228,0.10960354518029193,0.09783464289240926,0.14060654181688476,0.15172976665732946,0.1271746775139403,0.011979694613107413,0.0060291441549464656,-0.1668648974352257,-0.09750253414291558,0.03865802270350226,0.05355616325724523,0.0671105531182553,0.15520562327824386,-0.0163486980651844,-0.022437895865366982,-0.18084490239267426,-0.21946382977008322,0.39552096537242326,0.2388720393855182,0.15996396781285832,0.018222049360872027,0.26409860083067493,0.08426090689065198,0.30310686929062136,0.18111333009554173,0.1572498654838651,0.15708542328751388,-0.08057788534590295,-0.12603244912065745,-0.06859698159899884,0.0706621821237629,-0.26155297114402193,-0.19665956636431603,-0.056593507354556316,0.009791162441079918,0.36356114085804164,0.15705156754120628,-0.04318501963834808,-0.07174234164881516,0.25612315430763993,-0.012215878748062866,0.15712814601499728,0.15072537951687043,0.14023009816151205,0.08348544908236821,-0.22148872583495727,-0.09561870368765656,-0.18638434735995713,-0.006553908222714384,0.1903067773964528,0.05345540210752021,-0.12640486233004114,0.0834604603172364,,-0.4741106317119521,-0.17073734994145778,-0.29254307035344995,-0.18178963893249608,-0.02403153420941794,0.15446402121626768,-0.42464013155375707,-0.2106024912186658,-0.28391469158019683,-0.11816824290691887,-0.30827148278092714,-0.2531470729893616,0.3124389639335541,0.27002335643450626,0.3364273723708897,0.20020716492383464,0.49081763642555865,0.16576055523423944,0.02273937322534425,-0.016965356301501543,-0.12652819397730455,0.01086406716335196,0.381963351154622,0.13957635982209612,-0.21294418033827534,-0.061730713812136885,-0.19132728632086785,0.17774629551633037
#11,0.5570507614520085,1.0,0.47575666585386006,0.43255350920856145,0.1444024158493258,0.32766598887999954,0.42925982874634994,0.318308905471935,0.27702424111740087,0.6250226208781132,0.22545629686652977,-0.10538528040820357,0.30400888310295976,0.17455418229304165,0.05963488189785641,0.07676024690512129,0.5614221831716789,0.34888225656610033,0.1165568706005163,0.017626349443697693,-0.06473258998474476,-0.08836551308585051,0.056575773392204716,-0.04374605772001701,-0.07996364537717922,0.11688736717161438,0.2781777547594529,0.27242389006555523,0.11204841371721988,0.06509371794535924,0.11696636391299879,0.11161151337201218,0.056442768674567684,0.05868208446605659,-0.03540545279037852,0.049740136994859165,-0.13529199573578815,-0.14641522057623285,-0.15117195293245175,-0.09615314082579808,0.0037398508331939473,0.049173456288805636,-0.08841629670531193,0.01213849418507405,-0.0035334919985571004,-0.2755587709558001,0.17256152979607958,0.18657136005384675,0.16370019124466217,0.0710781241498278,0.08948275271400156,0.22461715801161977,0.13712101212559677,0.20653415903736827,0.12678533643140283,0.10590682011918029,-0.0993670184574274,-0.2423898126447182,-0.1420808789596613,0.059265693045263926,-0.2837695955245928,-0.060020192534404895,-0.04995616889986962,0.24443727920713065,0.4051150390046411,0.26470477990742064,0.25946842447851065,0.22588997285494627,0.2257045723394522,0.08287201520284226,0.3283535829657231,0.3877260828296955,-0.04933709239595908,0.060812578215842475,-0.15297678664632636,0.14758001946705412,-0.3011174411504505,-0.04613208174550555,0.19935996517694665,0.06243281750342084,0.2484685312853294,-0.054720156058868694,,-0.07069361960247711,-0.10033513158398542,-0.3287687189025902,-0.3788292763535749,0.05147887139451416,0.005942892610781846,0.1006583733523033,0.03280742730586853,-0.20988910227861263,-0.14161254113573937,-0.36849843719456776,-0.3486863768910349,0.3678608206391078,0.2586059090368645,0.44678985053091047,0.34194344075143634,0.3885724764873857,0.19318612801099505,0.2513857680921682,0.11489552076385012,0.1447901447534677,0.08572637705225272,0.1845400152753903,0.01126388740546085,-0.2901151296896758,-0.06928699395231579,-0.3915703222140046,-0.03603339627546486
#12,0.26337553882024817,0.47575666585386006,1.0,0.6664604421802295,-0.04097552914717778,0.2168811199803314,0.15282604796633772,-0.09510925531464684,-0.1818097911624411,0.6343692251266064,0.39141958353401596,-0.18193473498810012,-0.08241979916287637,-0.19575513428438424,-0.011637912793240135,0.19323932989804987,0.5674420573008506,0.597172239094117,0.14195593513400226,-0.16437085745723193,-0.0900599125796265,0.03381826315990996,0.1549275225050028,0.1482829292475359,0.014644625501034817,0.2264751936125492,0.19489181275354026,0.17935041301995272,-0.1959848697057573,0.018006017455861577,-0.04084977923232095,0.3015922276879548,0.39178554802981724,0.3412784171632512,-0.09737920249565216,0.045492046922452206,-0.25597967043043146,-0.006148445356220893,-0.007743695878667454,0.12300316591532436,-0.1107844658550692,-0.05115966007218529,-0.1889444866521705,-0.05750841859405952,-0.16492625291451626,-0.19361093701823576,0.12129425681598797,-0.005672046640320985,0.11502933157068496,0.04535017522363937,0.14638217091912306,0.28149481180840064,0.1642402710071883,0.27980524884981145,0.10366589214929578,0.23321571148455433,-0.20112530052012906,-0.2639543108642687,-0.04171713120915395,0.01712818631945718,-0.21367691541907569,-0.07625482897810057,-0.17709336326611222,-0.1316307385993797,0.2874405257313748,0.11122378446787029,0.12240343555216103,0.020228405374196682,0.1801355438986101,0.1986231996501573,0.45865064698734237,0.3731705301850176,-0.10075591014523712,0.055481910350789865,-0.19897949107558496,0.1669084262519069,-0.02347855701972702,0.08949242578437518,-0.07400019749185346,0.1134832524893042,0.014872748744012268,-0.14184872527069484,,-0.16267887623104935,-0.3685468025464358,-0.10834846429931703,-0.23482466552336348,-0.05594299337193157,0.014046507316267082,-0.03712484104928631,-0.1462153104551784,-0.10231488665378267,-0.08020627822571706,-0.3795974793590785,-0.4327856628975279,0.4037148620680621,0.395066331064864,0.441260884723199,0.34671226444562225,0.29515641153271815,0.3859623596649087,0.23332533961545515,0.3615894466802224,0.5398488179709525,0.30889700799842007,0.31563913804882077,0.18835201109178737,-0.13187417753711536,-0.06636572669948793,-0.3631089248180757,0.02242016190301538
#13,0.4944547108860331,0.43255350920856145,0.6664604421802295,1.0,0.19101210544452796,0.0794912771072683,0.11108674930424427,0.22311621992531583,0.04427001569858713,0.6294424079496517,0.4910699423444701,-0.024216934724911984,-0.23155113729109694,-0.31953174278499785,0.28623864673745475,0.350884582133436,0.4228022481827727,0.12363110940041071,0.34431898561735347,0.20893308049002163,0.0034230577784584754,0.17404634609842753,-0.151360577804737,0.22743685802552482,-0.010136168617738396,0.3254750384403786,-0.019491639847407316,0.04317857092476568,0.039043333340050744,0.228311464805138,-0.3359590345469678,0.10484358846728185,0.2136124282832517,0.2851762211747541,0.14674249279053975,0.19837250590964142,-0.22922476386624563,0.17716913565070544,0.2558079734313,0.26458950915213525,0.14648293206884808,0.2502314483609184,0.08536766735923164,0.18467946870660973,-0.39521545756645704,-0.012145748987854251,0.2531986626980208,0.13194188902973059,-0.03714338110083571,-0.20432628072459358,0.12208664249742555,-0.05730689629460948,0.03402300981615121,-0.06354602668558289,-0.2013090888572275,-0.06781588116633046,-0.3150434381316465,-0.19007220543989295,-0.051370855442008936,-0.10800748856864756,-0.15972375323191387,-0.12963324956723085,0.12779536619624646,-0.16193163154468856,0.17510151685834796,0.07053482003051048,0.1236101510812679,-0.14464827305465486,0.44472303782775086,0.3154964602608102,0.2975416294690089,0.26150057534616494,0.176077690876884,0.12413813950582701,-0.06960781745304026,-0.04556781930704542,-0.07425653385675392,-0.07406468462767747,0.0838804327892903,0.2733420256618496,0.0015416455907928492,0.0012998188314527943,,-0.34672354969439145,-0.20828901522097928,-0.0366484423333864,-0.13181452693647816,0.00033573615088377607,0.26771068652601754,-0.3203716877291057,-0.19046074043323263,-0.19524971635736352,-0.09513746843656985,-0.30622321012931686,-0.3664735411296937,0.11842860971780833,0.49467719150462597,0.26168275150486775,0.18179528155688068,0.25980295149559773,0.3067044453804036,-0.2357677898847897,-0.06459958526710773,0.18645689538775914,0.21302881970404436,0.3549617812959093,0.120588122678715,-0.1774335329075839,-0.021348869359138937,-0.19554232673616498,0.1646473460520774
#17,0.10805262956372437,0.1444024158493258,-0.04097552914717778,0.19101210544452796,1.0,0.33432025520784003,0.1112519975897933,0.15992930597735291,0.2631522521124575,0.007707421864766446,0.22262450551465773,0.34149203080066826,0.166456210211941,0.1528502306422717,-0.0028192969693061386,0.0016762624868254796,-0.05179808271684303,-0.19539561850216536,0.09876728809426408,0.3725804728922279,-0.14641119013024387,0.16199289432372138,-0.2647595939728711,0.034825068567962386,-0.16179459638106256,0.03396174703711839,-0.15421413356494962,0.040984396128353584,0.26785658867081935,0.17154263305006015,-0.07601783875394731,-0.18340423559568983,-0.151457308508473,-0.20551203793455766,0.17674835708945374,0.06943531436471102,0.15398197987598317,0.09077571978727306,0.0931649681695528,0.12911977074823214,0.2017693657891714,0.2547382930658192,0.2756264824484153,0.29737557509426205,0.05526507235658162,0.2136857824002515,-0.036441277409551755,0.12809684355622372,-0.16348174107205832,-0.10401089832595425,-0.11224671165987872,-0.1258035197884822,-0.13944980381804148,-0.13056186432309666,-0.27696620269515926,-0.09482228756022998,-0.15652519129504275,0.18474879237762054,-0.1333638303746501,0.007924259858974695,-0.15830423015458775,-0.19662329235041504,0.1589079909637401,0.030659199593731045,-0.10676530511483748,-0.13939498975259107,0.27178063088571064,0.09675448336735701,-0.046119990407538544,0.0958113590059308,-0.2510496288966856,-0.033626413930833515,0.00019870098725774502,0.16350592374799233,-0.09904619495670293,-0.21098054705243408,-0.3001799594134089,-0.2260503846053085,0.14534957065674103,0.1483861086648543,0.3380766308695889,0.3227722213601546,,0.03472753177502857,0.37032261704918956,-0.011104281744296415,-0.014342342051859748,0.26888596457641023,0.20940867311672373,-0.06477611880142597,0.31358844712961714,0.06814718382662634,0.13473821245689943,-0.0077727150897882605,-0.01840503160877267,-0.2709060241060975,0.19172307611698772,-0.20629313836722601,-0.07470713771832423,-0.17641302398316885,-0.10116217910092841,-0.18232730042742878,-0.23582421612863572,-0.14623788095271684,-0.1686810163978695,-0.13706781023854195,-0.2348665821616491,-0.22314443304723885,-0.1032717145315715,-0.1381939168478688,-0.07612424252805694
#18,0.15397230680560958,0.32766598887999954,0.2168811199803314,0.0794912771072683,0.33432025520784003,1.0,0.4282804303710227,0.10922387716812804,0.30120691705140634,0.24246155458332241,-0.16985629444826217,0.40493447502433383,0.637045441263303,0.40370921944367755,-0.18302053713753696,-0.08307918012667692,0.2775578721663446,0.23810141811242122,-0.20894839618477984,-0.0869451839193266,-0.1889920459148407,-0.028016839203342046,0.12566326026806496,0.010795549581538945,-0.12146514772592161,-0.01095031870751658,0.07703270505397775,0.13102375343343617,0.3151280774974155,0.2717475812286009,0.41279223252449,0.3362548692825605,0.11432642179020319,0.014713143082847832,0.053540847562487025,0.07735755900069122,0.31989770728079914,-0.06191933868442213,-0.1863916021627373,0.09692376209889506,-0.07306916446839425,0.07495702536964227,0.24971152082833725,0.09752671681884958,0.10793977707603235,-0.025855714064039758,0.16398715899907904,0.16013566481198976,-0.06462860447822853,0.1028678638434736,-0.08192808475221826,0.10967851147568734,-0.058378188838485924,0.2504241036791926,-0.04841976288886247,0.10685478101579331,-0.2662307067588564,-0.03590039155782783,-0.4109833683646264,0.13256660815802573,-0.3223466062637161,-0.13240861467525689,0.11650608698105488,0.06413366571077922,0.1563849317746255,-0.07784604905455814,0.19375764525223538,0.16412177589511168,-0.07356974586022816,-0.06220146990365219,0.18046765264810377,0.15084790507493606,0.09129967776584318,0.3316142137708248,-0.06478256751500837,-0.06366532788685732,-0.16258295161651112,-0.0984948299454076,0.19221156617085464,0.1625273314618629,0.17018840319775586,-0.11913232558748789,,0.1739528397514827,0.3214325011134107,-0.3126146913786745,-0.2970515272367464,-0.10011184487619477,-0.06455363818283312,0.22482674120304783,0.1832454360237232,-0.20939900004635012,0.00908825266059816,-0.29908770855038963,-0.20078835523544858,0.04961277490160674,-0.11661007248757112,0.35307069603787006,0.253734712014558,0.15729420038974412,0.1704802074873595,0.29612371857007835,0.24476213315384415,0.10088730268447856,0.052550163938390605,0.08773676351156637,0.14242427295792415,-0.35566388498719326,-0.20338073809557397,-0.51149140608154,-0.19617671893483374
#26,0.29411575037835813,0.42925982874634994,0.15282604796633772,0.11108674930424427,0.1112519975897933,0.4282804303710227,1.0,0.26289349747996366,0.3735405251268079,0.4306986979644232,0.04404995334758768,0.12460889559734233,0.4203364213267019,0.34112687239406475,0.088722610600476,0.010446512958891466,0.3576460583245839,0.16395088498517804,-0.05705136601890682,-0.06949254669775484,-0.02843761776459374,-0.1730532442067377,0.05137407979880013,-0.17519099275930378,-0.1571837661696455,0.021121552205359283,0.2075796567269151,0.22056091716828927,0.2696388518871556,0.2053282495974592,0.275926347629997,0.37905498132895893,0.05528119414053762,0.10999691670881842,0.0975380020676188,0.12858291534249722,0.13175568242503874,-0.0684285089566586,-0.18350257847782148,-0.023608337380572848,0.03519667568814827,0.15967700005844146,-0.011558109962657917,0.0794662883421365,-0.06394504083849398,-0.18433365644075345,0.3594831356063705,0.44575321982253946,0.18039429853110395,0.10026822618056801,0.1593731044308708,0.1655945008594926,0.18660924624614336,0.16047825272105484,0.059757407455922035,-0.13481720919828383,-0.17501607140338113,-0.2969435112842412,-0.1907589934364187,0.04895661829459739,-0.3461713785938983,-0.1986377092557177,0.1333396476987161,0.21489975273213857,0.31505955991560247,0.10872652013308533,0.3374374021357333,0.43819290923637155,0.13031358885017422,0.14415414037640334,0.27833977868821075,0.4123932183715789,0.07780090805948132,0.10718527758689138,-0.15476146813025596,-0.043900826845994646,-0.22396422576140163,-0.14246538350701196,0.14728579690985705,0.04781035945532553,0.0441257257321809,-0.02092406035189824,,-0.02631437881758806,0.1250441837641544,-0.35737763062171646,-0.3876091998960145,-0.049079949941860816,-0.002380784445702839,-0.03956326087263186,0.15580212928461598,-0.337729206425337,-0.1708945373350288,-0.2777593944657946,-0.25219911209274865,0.16926140062028563,-0.0520923052740401,0.36665249293160534,0.14238880503322096,0.13578693450323745,0.26153846153846155,0.1126312162072294,0.22088335284740934,-0.10933914792341347,0.1629013568496422,0.1258156111264492,0.16942020019225226,-0.31970182760573373,-0.13186692273433517,-0.3166032207293898,-0.040990844841935985
#49,0.7184838268278576,0.318308905471935,-0.09510925531464684,0.22311621992531583,0.15992930597735291,0.10922387716812804,0.26289349747996366,1.0,0.6604188036427171,0.22930617887522345,0.22983658556737596,0.2552364561900597,0.1364567946266094,0.01117118714771383,0.3063892645040637,0.10856610838272308,0.30756696082204976,-0.15442774720236668,0.3154561558009201,0.36975916069992726,0.10071963613133611,0.19023664763624418,-0.013708755942388805,0.16705916493189554,0.060239448796206546,0.2672874896971724,0.07647489132910003,0.05646695135050169,0.42853112411153854,0.2937102875118646,0.13206763894458742,0.11438768456923601,0.029375905590833154,-0.04466902985149822,0.17906989397911827,0.13804720861386915,-0.011793488008415572,-0.008881087736763512,0.11287223687737166,0.07610892683329874,0.1619912821453258,0.2957190617927827,0.14795243267643782,0.13356615876329794,-0.28067260082664447,-0.040861064481090156,0.36193445285688086,0.1981903297509386,-0.07458299998186299,-0.20633183064872043,0.05374317595113487,-0.11551620944615626,0.07051789215735667,0.023819532750396496,-0.061747641685290684,-0.027751635857265786,-0.26075171848140855,-0.10963256439141274,-0.09561306106327196,-0.10184251838387176,-0.21427342142544784,-0.12685466010241364,0.2185424698169976,0.036448532212331956,0.19590184251838388,0.02405571688535195,-0.03281387601945093,-0.025670313548545716,0.3558783047138081,-0.05876188729663881,0.11713886700132803,0.052637221571753025,0.342065966309502,0.026078194682632606,-0.06636169625349893,-0.2370059428926108,-0.25137609502179464,-0.2772660678767409,0.2544795384333253,0.15509518905814523,-0.1395554015029533,0.04927744179532186,,-0.2676671577093363,0.12107419446498853,-0.18898801546885172,-0.15752716016790838,5.844146684051324e-05,0.2818341753606745,-0.4665938499424654,-0.12691834114903985,-0.39344447959889,-0.16814577317053017,-0.26157151119557137,-0.1986925233211681,0.10186105843542118,0.13807219737900098,0.26279031806264525,0.18205564836777013,0.3972919433399903,-0.013889319922696045,-0.2171963008566713,-0.20547576392065664,-0.38569876849722806,0.01833006531337725,0.395078422402831,0.13362016673955057,-0.24605510022711563,-0.10871039834912932,-0.14417590478474396,0.06991332525900654
#50,0.34184267960171133,0.27702424111740087,-0.1818097911624411,0.04427001569858713,0.2631522521124575,0.30120691705140634,0.3735405251268079,0.6604188036427171,1.0,0.008969757548521532,0.01579975132148248,0.3694472041803786,0.30086191087474784,0.1951094568369463,0.13494940782672307,-0.00031961436692777237,0.1161119093633306,-0.17538284198838022,0.18123666174280514,0.1363511969416976,-0.023419712508287605,0.02976121622738164,-0.10458483383478799,0.032738909724055514,-0.019018465488298608,0.11972157679107982,-0.0887613028819704,-0.026773043571136364,0.5466562412463751,0.34288495293446697,0.18964175380826764,0.1536869512295883,-0.13673650757824607,-0.1726348839130794,0.261754493443472,0.1676919449521687,0.1792214387483047,-0.04598537351150592,0.01523226452623115,-0.013033253194632253,0.2370236768549624,0.3439949377598378,0.2419343722479611,0.16439262186557255,-0.24051323699223937,-0.023189977086914552,0.2578062685526467,0.1421824461985841,-0.2287040302444667,-0.2556362764321686,-0.0251697321567118,-0.11024599827093867,-0.11559923663352968,-0.062085393059168964,-0.1717626954010596,-0.18443602976887408,-0.2771838467785653,-0.1731249861453419,-0.2627758084570848,-0.23732273594734626,-0.1633535728896081,-0.0900937683259341,0.29967051104039916,0.21539227323199447,0.07997009409076161,-0.1518095694879117,0.16770806673612468,0.13388859444241802,0.1964290248537452,-0.07179796180346336,0.03565292217410317,-0.004890946207652608,0.21514964038345663,0.052049582546556686,-0.064053862880197,-0.3674747039133615,-0.19130632800172503,-0.32961430647108253,0.3203853912454683,0.19801863275180714,-0.059401116030494354,-0.015354790084296778,,-0.039406073479060826,0.22480336461631162,0.01403602815669568,-0.034980643783137824,-0.020551647142514555,0.14196157775838686,-0.29294289059555884,0.16976601245810855,-0.2886109672465807,-0.1897771767934981,-0.05907948644057208,-0.1024825532069251,-0.08265517720863402,0.057813120310828,0.18875666786908304,0.14526815564776321,0.29685725974007654,0.015615156895186237,-0.19990649365305518,-0.10237131289762869,-0.333489177244908,-0.09059031927177902,0.04439012298905935,-0.040640196040892904,-0.21076048470143463,-0.019670591649318954,-0.13446091777285615,-0.18118668421254153
#51,0.6231718400799641,0.6250226208781132,0.6343692251266064,0.6294424079496517,0.007707421864766446,0.24246155458332241,0.4306986979644232,0.22930617887522345,0.008969757548521532,1.0,0.4319457179534201,-0.19199311599825078,0.11892354848525763,-0.012117535865931244,0.04349133353351215,0.034270479199875865,0.7413638626182181,0.3907142554859408,0.042476467233481724,-0.12084284686521987,0.011205848983219238,-0.03806232278632792,0.22330484479760107,-0.02091922381671144,0.026107213893753412,0.10571013435491704,0.48009261964882727,0.3471112785985333,-0.03823724414225056,-0.059627627095076206,0.09748480018056398,0.1973004072765672,0.32108104622316985,0.20491875628497672,-0.2089000308329118,-0.13058040437464608,-0.2940230501206111,-0.21566311920245534,-0.16917917952211,-0.01651233417233784,-0.09072977270299845,-0.060948807290270704,-0.2587244041489411,-0.12333688684321363,-0.0203082082047789,-0.31017788373372457,0.37354858601878593,0.3364418819764501,0.36039965902426935,0.15798501883225888,0.36897644808886326,0.33100239206969445,0.4901066657530989,0.3858503132664145,0.31671365494948844,0.18386612470602934,-0.033719920277778336,-0.3036856413346419,0.06190241081126832,0.2193654868879516,-0.37826420782591696,-0.24714090237655248,-0.20250371304836737,0.013387932441664332,0.46276976278810134,0.2798665116288443,0.10391577980061384,0.0953277054872507,0.16973054453340533,0.1288658526509251,0.36799382535674485,0.38611954705847973,-0.02962418106375561,0.03200214419726615,-0.3584827789119005,0.06547338595752313,-0.13918540656116302,0.11998113751277148,0.112568341249801,-0.06828905552543917,-0.03076882772463187,0.045777402498473466,,-0.34410134153394745,-0.29741507346495427,-0.37304155591336957,-0.3591066919509978,-0.0163486980651844,-0.049816715468650186,-0.1633576033355971,-0.18678497369126382,-0.19491921978626545,-0.13571438647543543,-0.4229763634494975,-0.29205699856717643,0.44971595431892514,0.20328884392702473,0.4098169572954095,0.1916392428404165,0.36457278280128086,0.4587223889259466,0.20438593132523078,0.24179169445995047,0.17200290998200407,0.2083647876055725,0.3400064084091225,0.2696928598634082,-0.2984710503140725,-0.1757995901036429,-0.31198674789358816,0.22443256358532354
#52,0.43997839680949896,0.22545629686652977,0.39141958353401596,0.4910699423444701,0.22262450551465773,-0.16985629444826217,0.04404995334758768,0.22983658556737596,0.01579975132148248,0.4319457179534201,1.0,-0.08542893013826446,-0.349121665057847,-0.30693901733696344,0.037022467721165686,-0.01876454739099155,0.2839324255425484,0.01099384752419779,0.2030389562757067,0.14648051380125468,0.06728708665257355,0.10706678247481476,0.014181930301497512,0.1589378162640587,-0.020504893969042145,0.23041535761139648,0.07055497226045548,0.08362812687037884,-0.16984581528869078,-0.19101210544452796,-0.35815873105438484,-0.056898209071324785,0.2035975760897822,-0.06865421393204266,-0.19083557191020972,-0.17369892165417564,-0.43241647404493544,-0.07957269211624612,0.06575390499835759,-0.002525880501306872,-0.08728293529320487,-0.05840398369281553,-0.1811052692035637,-0.12560925229181236,-0.2039901415291109,-0.06051674348024981,0.1876063785838222,0.1558843503827916,0.036060803308190066,-0.10795831712758175,0.1377981270517489,0.06453026159609691,0.2613498366661763,0.10388192405430623,0.086088311102065,0.11154702623618816,-0.09603625789211705,-0.09819496476382594,0.20157026175731477,0.030841375752433887,-0.15436970878012507,-0.1363681248148514,-0.13664461340969686,-0.14275879997501123,-0.008466757889094218,-0.07657323421123165,0.04344458036003974,0.0538769867579697,0.09202596413306115,0.11163408386955058,0.06498167154686502,0.0662214367330817,0.015607902092406036,-0.16860201965648508,-0.2295818613808711,-0.0014376600842766257,-0.10931335306908387,-0.06257388311303587,-0.10040848570098525,-0.08757070913681954,0.010827793149450952,0.16099092545085578,,-0.38924153052155985,-0.32766598887999954,0.16660533671353403,-0.024121010110373764,0.05347555433746521,0.014530160834947192,-0.48501540637979296,-0.2813513279311922,-0.13168474657563234,-0.10507009953186369,-0.22493233888795966,-0.2673818021333151,0.05222289172408373,0.3231486650155273,0.06771431392740763,0.08760053443713814,0.09294732408614675,0.09870844358282466,-0.22923604911501483,-0.13831241195994542,0.07229370666011048,0.14867388250846897,0.26088149884225437,0.019095850051287427,-0.05284761085237887,0.015514395745461214,-0.08263905542467802,0.21001888263945848
#53,-0.05380202046257428,-0.10538528040820357,-0.18193473498810012,-0.024216934724911984,0.34149203080066826,0.40493447502433383,0.12460889559734233,0.2552364561900597,0.3694472041803786,-0.19199311599825078,-0.08542893013826446,1.0,0.09073541532738305,0.10643077809775041,0.04891550774550958,-0.03015055730991913,-0.18079250659481724,-0.23345028344111418,0.027630722477595758,0.15878627149487226,-0.11756851254375553,0.019188550309034446,-0.18700584213146107,0.11235795196917515,-0.1840990844841936,0.10303714257501163,-0.37066198060146344,-0.30769271073690657,0.24161596701483,0.2569268252378467,-0.09396863909975958,0.02348742400090282,-0.13486315628255843,-0.19896739973761796,0.13605455611690712,0.11553071905171666,0.21690933310225444,0.07060656196911469,0.0918155748524353,0.16817801673844218,0.012846240500742609,0.2551195732563787,0.39678652541296955,0.24102994016802928,-0.1514742363816268,0.2194057913478416,0.04879459436583955,0.002834612664064342,-0.3200694042799306,-0.30795791408298284,-0.28627653292975136,-0.35208887939494943,-0.2869520356775079,-0.21394534312194316,-0.3611525463350147,-0.2344804654359028,-0.28974997128307234,-0.018746007339442147,-0.16524143379085612,-0.16592983396577748,-0.04891308947791618,0.0807858563589354,0.4177069583634777,-0.0918300844579957,-0.24055192927373378,-0.3020267097655691,0.2026528395499604,-0.019494864204198516,0.08266807463579882,-0.03899013145299593,0.09145041644583181,-0.10983731104765398,0.3559113543709179,0.23683505198267715,0.1831567662119652,-0.10706194593962795,-0.16303274938888362,-0.24715138153612387,0.16235402228433587,0.20216596167448908,0.2101083585404143,-0.08440842121384942,,0.36144596280301394,0.47168913976176036,0.14712860951628604,0.07072505708119133,0.04791434496184175,0.08911114559381568,0.0007291076794102651,0.12019152679339733,0.0132436424752581,-0.03690155434149566,-0.06602313879042286,0.04689302994822892,-0.313923780235902,-0.09639496758513813,-0.05369319842087126,0.07214941669370424,-0.05162316136092039,-0.07920833979884044,-0.31233820278382907,-0.25239257350022065,-0.1690356956449016,0.09305292177105857,0.03703778341592389,0.037583505802834614,-0.10944152125153409,-0.05198025887554587,-0.0971365696471143,-0.14272413813950582
#54,0.0609302672387213,0.30400888310295976,-0.08241979916287637,-0.23155113729109694,0.166456210211941,0.637045441263303,0.4203364213267019,0.1364567946266094,0.30086191087474784,0.11892354848525763,-0.349121665057847,0.09073541532738305,1.0,0.5878619088595248,-0.20401916074023171,-0.1815067016240682,0.15166366734310985,0.16591290609262369,-0.2511060551405316,-0.04432966629922434,-0.14951947007696137,-0.1218899567331623,0.0688758884614377,-0.23484481775330848,-0.20248436690762017,-0.21243634414366122,0.26714964844434863,0.40344482218679906,0.44928711486569545,0.21154883993688323,0.6224439415343505,0.2379498733432348,-0.07742930093929544,-0.08506618999925437,0.17109605963447885,0.09274418960830111,0.42063144997309676,-0.12131037859994398,-0.3505677890787005,-0.1502231859466409,-0.001699639073561685,0.015533741886208418,0.14428875727243598,0.09632725609252292,0.33753977546385394,-0.1434383331687568,0.24134834540116037,0.35298283231530986,0.1716458124673786,0.3019130511886793,0.026304705747214458,0.29683871968852715,-0.005776838236035009,0.19063566178915528,0.025945996054193378,-0.053411873290839,-0.10634775091037699,-0.011620984920086333,-0.3887780292328248,0.087004028430766,-0.1929717082843802,-0.0476733242916995,0.089614145253243,0.4260435328471272,0.3892157356672303,0.18177996586212247,0.17676528496260754,0.37346797709900587,-0.10665648307313445,-0.11078365976587139,0.07479983797607125,0.2728624025891585,-0.0022034448221867993,0.13978513692432637,-0.07002859601429196,-0.04100777271508979,-0.1420494414809471,-0.0992952765188232,0.32530414753044495,0.1315452931444129,0.32662774599323285,-0.08621647928451523,,0.24075345157318384,0.35478847211838227,-0.49730746055704794,-0.37611275575698827,-0.05162880398530499,-0.02175916876081923,0.43942945006579703,0.33034704155188294,-0.22108809950365058,-0.05766479989843276,-0.20325337600232155,-0.1985691916739047,0.07989432170616839,-0.3217291419382012,0.2773063723366309,0.14756873421828492,0.001753647049814297,0.08227309092887673,0.4528419682279943,0.33532947888348585,-0.039698683857862294,-0.06376125250139554,-0.10120651400680743,-0.04173002863631875,-0.2592403012355332,-0.21092170254099468,-0.31430183606967027,-0.2801962021107446
#58,-0.10569884910614784,0.17455418229304165,-0.19575513428438424,-0.31953174278499785,0.1528502306422717,0.40370921944367755,0.34112687239406475,0.01117118714771383,0.1951094568369463,-0.012117535865931244,-0.30693901733696344,0.10643077809775041,0.5878619088595248,1.0,-0.08378853862074108,-0.10348935861497754,0.03501611170784103,0.15914336900949774,-0.12124911582091116,0.006228248186803111,-0.2383650092801019,-0.06016448250081113,0.04923149471104725,-0.21899952239215031,-0.24921496988249234,-0.08789314481593961,0.08354751795059882,0.1731161191641661,0.05678455049443496,0.06333402522656144,0.30444497735896964,0.10414712740038248,-0.10235357893527708,-0.1315984950314677,-0.003258615582107238,0.07218166026161625,0.4176190946409175,0.07801210342930497,-0.28958149864073207,-0.09040894920227398,-0.06731771804208994,0.012002265110645819,0.08505006821529837,0.13567972463993003,0.26373908504845606,0.09423867898102264,0.10923758068449065,0.30748877016986315,0.2455198569997763,0.19033740878596922,-0.08160161862710918,0.15798018229707209,-0.09502864639486683,-0.06187661595693871,-0.12381167338071794,-0.25097305042289453,-0.11860111280613757,0.025736412862765328,-0.35605241998053294,0.0626746442627609,-0.06773607833574824,-0.023381826315990995,0.12351825691271867,0.2291280331625096,0.12790660650554286,0.22612535090070393,0.46901776016025054,0.5175265959054699,-0.04451426072552058,0.02652073765222491,-0.04563794906725404,0.30431600308732165,-0.11022181559500467,0.12569711601437258,-0.03295010509387916,0.06437549247011928,-0.23078293428559338,-0.2762318554359633,0.41204337565973365,0.18280853567851552,0.1571740930992719,-0.2972127450763064,,0.47532379595464136,0.5216191107627014,-0.3266083998524857,-0.2843274092494705,-0.08934410537197994,-0.07029782980635722,0.5189694955695322,0.26686993549271193,0.001704475608748486,-0.024613530610229674,-0.06502520036354623,-0.0006098064781358382,-0.14589368086525614,-0.21423553523315123,0.11234102409602134,0.08983904413942925,-0.05585512964937135,-0.030221493159325544,0.39742333587923173,0.1911676806597034,-0.07928733654022486,-0.04318260137075468,-0.1510204081632653,-0.060781946826326066,-0.08325168321500616,-0.2772362425764223,-0.23500200514687952,-0.3418434856909091
#101,0.17104446992581965,0.05963488189785641,-0.011637912793240135,0.28623864673745475,-0.0028192969693061386,-0.18302053713753696,0.088722610600476,0.3063892645040637,0.13494940782672307,0.04349133353351215,0.037022467721165686,0.04891550774550958,-0.20401916074023171,-0.08378853862074108,1.0,0.7144058215761865,-0.06525009924973248,-0.3422287963274576,0.5476146813025595,0.5020778964296294,0.36361273056670085,0.2821678962885638,-0.26858690548402636,0.25805454402556915,0.09996513664219514,0.41266245216364417,-0.32511229830136856,-0.2714420734226346,0.19268715879755674,0.335905832659913,-0.3010424748550551,-0.006001737122221259,-0.09815627248233154,0.425249534987294,0.44217498987350445,0.4713272057119481,0.23632076707448063,0.45854746757002396,0.5482522978580194,0.46520818261144686,0.3011311446668131,0.2917337567988586,0.2666925958691959,0.46071907186889766,-0.5729508708786171,0.2189205256507659,0.20424083526962675,-0.0556221698712071,-0.1916271515024495,-0.3796643847624959,0.014145656287596503,-0.3863460581230616,-0.13398613123535186,-0.4358334861544104,-0.3152248082011515,-0.20431338329742876,-0.31491204559240504,-0.1404026012498413,-0.014842923443693663,-0.16804904246679417,-0.10162648647886131,-0.15860006489018041,0.4177408141097853,-0.04075304852858493,-0.17754638539527592,0.0927522505002791,-0.04450619983354258,0.00586873240458423,0.6171253650072649,0.48325007103661055,-0.015308036910824368,0.26736084381417224,0.22895794834177377,0.0163430554407998,0.24386979241187934,-0.1783444137010981,-0.30448286355126625,-0.5073150579477372,0.3641503920616336,0.4141359832172229,-0.1725768454908378,-0.08429879308294859,,-0.16575733087744823,-0.05532230468962543,-0.15638090132863652,-0.2875654695570338,-0.14415575255479895,0.4341294135902608,-0.2163740898749151,-0.017929438982070563,-0.33938168928082735,-0.3432299591111254,-0.27893870296217627,-0.2940383658153693,-0.14645794330371628,0.4793703637275983,-0.08825024233056508,-0.06768771298388022,-0.02581540960414975,-0.21434919381004106,-0.4598767086571965,-0.35292398780387046,-0.27348309127146464,0.08747962105746812,0.12305636780237918,0.09823204486692474,-0.19988392315551679,-0.2030042944402013,-0.09321736396740982,0.08156937505919717
#102,0.06859939986659223,0.07676024690512129,0.19323932989804987,0.350884582133436,0.0016762624868254796,-0.08307918012667692,0.010446512958891466,0.10856610838272308,-0.00031961436692777237,0.034270479199875865,-0.01876454739099155,-0.03015055730991913,-0.1815067016240682,-0.10348935861497754,0.7144058215761865,1.0,-0.10316450466826407,-0.10570287955213684,0.4558478748465912,0.4826366371570846,0.07698353361291194,0.4770190015376151,-0.2845394107084919,0.4058485801746392,-0.010169218274848204,0.4902283852219667,-0.3298214713949172,-0.2216741263504513,0.07873758370732513,0.49965640447943765,-0.2746599815002529,0.13054009991475607,-0.12394548418755277,0.44162523704060475,0.4308486305552141,0.5701738935921954,0.21355922639619687,0.5952029631838911,0.47780252023787695,0.6284710704663025,0.33853529562313717,0.39572248767187335,0.3156770242411174,0.6119913829064755,-0.5712193912817423,0.3549496899579423,-0.04357677898847897,-0.2649159752772443,-0.17292426993508966,-0.4109793379186374,-0.02436122469131822,-0.3651660644508618,-0.23343496774635597,-0.3576226817378477,-0.3920483331083001,-0.07708429476263697,-0.41736678872200605,0.051900456044963655,-0.088714549708498,-0.11835606169000631,-0.12351583864512528,-0.2111345100892139,0.3672522232947687,-0.12196169867176652,-0.012615698990171757,0.23297469081441208,-0.017462713336544256,0.03407137516801922,0.42419839467336257,0.41040540240980367,-0.021251332566205112,0.26043492542667307,0.07950175626683971,0.11509543088490456,0.16263212305757693,-0.13463906348557,-0.270629535511252,-0.35031790142738245,0.12255739858894085,0.6122017721871014,-0.1297928552283953,-0.1147641282246087,,-0.11786998990373279,-0.07441855778551175,-0.16268210058784055,-0.3827654099064332,-0.1430788173865379,0.5689849120254402,-0.14774768602019656,0.05154658288712938,-0.38875707091368195,-0.3664961116272321,-0.2700741400539677,-0.3952710777211052,-0.094894835588032,0.656360950620991,-0.039497967647610044,0.014986407320902095,0.009234154805399991,-0.10918034835144683,-0.3577427890283199,-0.25053292572089564,-0.1345778007065372,-0.041227835066089236,0.006794122803658839,-0.04049106953929987,-0.22101232711905736,-0.3005983197070672,-0.12812183232135552,0.07899230789383
#201,0.586397244787122,0.5614221831716789,0.5674420573008506,0.4228022481827727,-0.05179808271684303,0.2775578721663446,0.3576460583245839,0.30756696082204976,0.1161119093633306,0.7413638626182181,0.2839324255425484,-0.18079250659481724,0.15166366734310985,0.03501611170784103,-0.06525009924973248,-0.10316450466826407,1.0,0.6091902229441198,0.02008330931859265,-0.29999939543310167,-0.10807761832885618,-0.17119279033821488,0.42409360307764854,-0.10674112243890348,0.22422781692908228,0.002565378871999081,0.5568008738006904,0.2980567204664032,0.008009705313941514,-0.13749826187016725,0.35161973548182973,0.31262597662744374,0.48239319821934895,0.23113035872984525,-0.2251322490090141,-0.18516151004689424,-0.2867021480261898,-0.33576718531789135,-0.17650411206252029,-0.13885732825765834,-0.1863416246324737,-0.21110952132408212,-0.34363461588842115,-0.2795053836682298,0.034775091037698776,-0.4095638452873003,0.33926883679313535,0.22388119857402822,0.3818770996104574,0.22759485150829364,0.3651749314320376,0.46077146766675464,0.5373644510633324,0.4908627774206355,0.4168428307434359,0.2119285079490471,0.01082376270346195,-0.38349814498723356,0.1276454336054556,0.22520802139360732,-0.3055162699028461,-0.15089949478359527,-0.33590180221392396,-0.046301360477043585,0.5330526799442993,0.1837153860260407,0.07646521825872642,0.02901155327342747,0.09243948789153264,-0.060213653941876936,0.43912474834902854,0.32746688484814285,-0.17369327902979104,-0.039887308730147536,-0.48150246965577975,0.01823736505563023,-0.1368735427418721,0.15238431108594322,0.15398359205437878,-0.20567325577411769,-0.16900667643378078,-0.08526610012030882,,-0.26700132803195337,-0.34060372050469245,-0.3459577649564813,-0.31892717588664776,-0.10226007258833227,-0.14537536551107064,-0.18346872273151385,-0.3355027880610129,-0.19888114819345334,-0.1072763656662428,-0.3478859303176193,-0.27842441805397977,0.6905439691429055,0.1625015366075333,0.6694582879068484,0.34648655947023815,0.42057824808604194,0.5245444084615183,0.3962690161479819,0.45504339782718656,0.28681580660307965,0.32830763588144846,0.4737495037513376,0.41485420869246287,-0.2127926355690889,-0.06664302138353119,-0.2790209240603519,0.0874102973864573
