,#10,#11,#12,#13,#17,#18,#26,#49,#50,#51,#52,#53,#54,#58,#101,#102,#201,#202,#301,#302,#401,#402,#501,#502,#601,#602,#701,#702,#801,#802,#901,#902,#1001,#1002,#1101,#1102,#1201,#1202,#1301,#1302,#1401,#1402,#1501,#1502,#1601,#1602,#1701,#1702,#1801,#1802,#1901,#1902,#2001,#2002,#2101,#2102,#2201,#2202,#2301,#2302,#2401,#2402,#2501,#2502,#2601,#2602,#2701,#2702,#2801,#2802,#2901,#2902,#3001,#3002,#3101,#3102,#3201,#3202,#3301,#3302,#3401,#3402,#3455,#3501,#3502,#3601,#3602,#3701,#3702,#3801,#3802,#3901,#3902,#4001,#4002,#4101,#4102,#4201,#4202,#4301,#4302,#4401,#4402,#4501,#4502,#4601,#4602,#4701,#4702,#4801,#4802
#10,1.0,0.25798925080054735,-0.16771935198489388,0.03360706779008631,0.04155107683440711,0.37543483474163836,0.33300068719104114,0.7694641320535324,0.6508529431324224,0.3543596326651526,0.19613399620735034,0.3910536190382147,0.051644119680063195,0.12152802268335003,0.04803928878750078,0.09657069503025857,0.09302551473833337,-0.14071375168019218,0.22996636592822178,0.17255588717169498,0.10290010741138561,0.014900155776737475,-0.13528957746819475,-0.09306662528742118,-0.10763265709167048,-0.11589990790430915,-0.09723007599405913,-0.1139193467453141,0.22746910159343683,0.41095999177789017,0.24861362734093342,-0.3249494682834129,-0.26742533094999626,-0.4172466814315338,0.26071383228911194,-0.10392222851419623,-0.16991433287050378,-0.3018405031608773,-0.330737994812816,-0.33560757965672694,-0.025327725639480637,0.23645296570291985,0.23547356732759264,0.041996844160790615,-0.152248082011515,-0.3417620706819313,-0.17405037654441652,-0.20686062516247736,-0.17588825991540094,-0.18865832498695143,-0.05776556104815778,-0.02375665779296808,-0.0923040649063022,0.005529368852310352,0.2384037015615963,0.0547378900212203,0.0034222516892606753,0.06950866848171085,-0.3073710811469843,-0.39775302636113197,-0.056973981455918005,-0.12941157503783582,-0.04252563867454753,-0.05376413427027768,0.10316289248986847,0.19687479218012868,-0.024536952136438656,0.07663369090106666,0.19097180098463795,0.14654338875868309,0.014355239479024551,-0.032991215642966976,0.32868730389361234,0.35164149989017035,0.1421381112927051,0.047919181497028555,-0.033301559984120044,-0.054644383674275473,-0.18775228072862402,-0.03200859291084855,0.27528389453935026,-0.17179090852298262,0.02638331007765275,0.3840462856417377,0.045191375651672736,0.037184491649923525,-0.13905723837871278,0.02551312615497468,0.19231555167737086,-0.471884213347628,-0.08637769712407527,-0.1444040280277214,-0.09000751678176949,-0.02548168867626047,-0.2733178429859156,-0.03181996803856331,-0.027499329938354328,-0.16975311503094376,-0.09133433960134858,-0.06298498860391397,-0.06487123732676639,-0.11644885464801108,-0.10898205040878799,-0.496601326419775,-0.3753719597842099,-0.24798004123146247,-0.19907460960092538,-0.2233725562902163,0.011985337237492014,0.07124498461377243,-0.16655213482647924
#11,0.25798925080054735,1.0,0.24559079284918273,0.434866985206248,0.07665464922020947,-0.0181043603379932,0.128531325633838,0.028929332175251853,0.33801214373376487,0.6069194696739167,0.284849755049645,0.09433218532796747,0.2026560639067516,0.175230491129996,0.1505464277149588,0.1588950935365753,0.2759771312494584,0.045678253527144046,0.15340482001035824,0.08950048667635317,0.14183905220032123,0.014337505516672948,0.11787724470651299,0.0644569074790971,0.12148852431265782,0.10863381987533831,-0.08376354985560927,-0.10216898450898085,-0.06311799332155099,0.05195123966442507,-0.13886377697124075,0.03970432648224689,-0.21583078575559778,-0.020822493112975415,-0.09418789536156123,-0.06872998631663586,-0.15705559798719526,0.05996860282574568,-0.08603430312581238,-0.04736378603974423,-0.06731207541770534,-0.12374234970970713,-0.017077402699995768,-0.14725194116354945,-0.013838536303234634,-0.009841139971343529,-0.21780167384421922,-0.21975805232728027,-0.3331232127491068,-0.008607017409511449,-0.19223897320357985,-0.09990467995236013,-0.11560084881192528,0.020390429302954517,-0.015904542917196503,0.026329694512346263,0.03873621335568887,-0.06504212823670003,0.13585222772825928,0.05854907974841956,-0.14106440048123525,-0.11450940403810383,-0.0799297896308716,0.018957202709265795,0.014254478329299528,0.07228242141134127,0.2013630968334801,-0.06301561999343037,0.06876787250893247,0.031406444280091816,-0.04809087849615999,0.002122835902406781,-0.147007696136616,-0.20095118525340422,-0.19484586566926562,-0.20059247556038312,-0.30487945943658395,-0.23511566372376935,0.06927973914953559,0.13574340568655624,0.04265219467860216,-0.11062324801550916,0.1447535260371064,0.03789304405478988,-0.053885047649947705,-0.24305161187611216,-0.17448405253283303,0.03897723402583113,0.04660928655060326,-0.17207465192060828,-0.06386765627550517,-0.05736493471685109,-0.00604768420649587,-0.06951028066010645,0.2525779740157147,0.19885615942832155,0.24787444354655064,-0.1770836901957386,-0.12412282381106882,-0.33842969793822536,-0.3336802203847867,-0.13525813998948052,-0.10528774361526974,-0.12442268899265048,-0.12336913041112564,-0.2825120963760245,-0.3175116832553106,-0.22083982403072813,-0.007015797333053889,-0.032464839396803453,-0.007311632068646556
#12,-0.16771935198489388,0.24559079284918273,1.0,0.5221140495301507,0.11767330413946955,0.03220689085350739,-0.24221408519959775,-0.2793215953311314,-0.1240889680647612,0.32719039625329743,0.2061552971144022,-0.10781483325037332,0.29203120371284685,-0.027362294774728298,0.0029926061468331776,-0.11562422539866149,0.5666198463190945,0.4371732064011543,-0.43553442706202655,-0.4494241500293215,0.018770996104573952,0.0317691844191019,0.19978719245178075,-0.1642467197207707,0.12562779234336174,-0.11406524889011593,0.32706061589245156,0.22932874937276185,-0.04970466907015596,-0.3605157358687526,0.015971448320613917,0.3540702466431423,0.40512309989661904,0.14064362191998356,-0.508279946717504,-0.2887117283963057,-0.2965356301501543,-0.05491522964473634,0.17994369466953367,-0.08154035584807637,-0.20069968542369057,-0.5569814377809976,-0.1505931808884312,-0.480843894781177,0.17022870765764586,0.3019098268318881,0.08481710843713411,0.14371159740681105,-0.0847292447145739,0.08908212638269487,0.30490202993412235,0.3063554087577561,0.42630228747962107,0.36313875011839436,-0.13575710920291884,0.019086983070111623,-0.31313058846526665,-0.4975500934055858,-0.00024626024992795576,-0.1196385496037064,-0.16783784709697053,-0.05498697158334055,-0.31546018624690914,-0.10410198640530569,0.21609437692327846,-0.06598847695491744,0.02391787563252812,-0.3611323941050697,-0.21137956120534518,-0.36676453933009956,0.08347819427958801,-0.17187957833474063,-0.4530281748326861,-0.447078430463723,-0.5475647037722959,-0.3396114247022004,-0.44178000616658236,-0.2822202920864208,0.21878268439794205,0.04820050662706082,-0.036385657254903545,0.07124337243537683,0.09291713319098548,-0.05186660029865605,-0.16920336219804402,-0.15421332747575184,-0.06172023465256548,0.03522972534525808,-0.24995334758767732,0.20468579650681246,0.08505490475048516,-0.17362959798316482,0.1416254385629042,-0.10513700493528111,0.06279878199922212,0.4653565030238421,0.1863569403272319,0.582056454456968,0.518780870697247,0.12285162114613793,0.08487675903777132,0.28755982693264925,0.07200915717328701,0.5946765869377276,0.3244956400650514,0.36045286091132417,0.3205522517094129,0.0016786807544188801,0.01373374470752061,-0.2335365349852788,-0.17469605399185448
#13,0.03360706779008631,0.434866985206248,0.5221140495301507,1.0,-0.0010829808372445453,-0.015117799860143524,-0.16899619727420936,-0.2546431745404788,0.056526601951138906,0.5573465961876012,0.3316448451603412,0.041914623062614995,0.23414271406202453,-0.03193765706144214,0.1911918633356374,-0.017856890954268543,0.2710180705045917,-0.041714712941560546,0.03940123694387403,-0.07905921329724741,0.2437383998726379,0.0064894210868903695,0.033601425165701714,-0.017329708618907227,0.009158382420806774,-0.013407278582411537,-0.07613875213361734,-0.04668586502439427,-0.10176432773168514,-0.059144779665593894,-0.23556787976373525,0.05381088744375009,0.07333678608206391,0.1350138949625471,-0.03749886643706559,-0.09253057597088406,-0.08730792405833668,0.07473535084024722,0.01885724764873857,0.11106337271750806,0.006416873059088353,-0.1161634990719898,-0.17446712465967923,-0.0940347384139792,0.03244549325605625,0.09612976423906187,-0.04716145765109638,-0.0587385107099026,-0.16276512777521396,-0.12829675367727816,-0.10252850029119973,-0.011534733375921712,-0.0045846323124885385,0.034014948924173206,0.004335550750368282,0.024266912255175598,0.05520380957754881,-0.18907668528060972,-0.0013739790376504112,-0.08138236236530753,0.03384889454942637,-0.0017375252658582935,-0.12200039095326093,-0.1201068874276283,-0.023634938324100255,-0.18344857050156885,-0.05956717040524119,-0.42796121904869383,0.049678874215826355,-0.15264548398603048,-0.07854251012145749,-0.00039619284071878974,-0.099336387067911,-0.23463684674027604,-0.13623350791881875,-0.2419504940319171,-0.04540579537828759,-0.02989422094501867,0.006557938668703385,-0.04202828163950482,0.03219479951554039,0.004477422449181114,0.012404105575157974,0.047929660656599954,-0.0918308905471935,-0.10442361599522795,-0.011325956273691465,0.01960529842429714,-0.10732634319650641,0.025990330960072385,-0.15379174282530234,0.002192965662615397,0.04743069144316164,-0.13972468023449136,0.13699768047833333,0.18289639940107572,-0.029163098042613904,0.1590063338458717,-0.033108098576647996,-0.08586744266186774,-0.11057891310963014,-0.16631272633473257,-0.23994333192939465,0.1749491659999637,0.04877041168990555,0.008303121781940781,-0.062198245546860986,0.08545472499259406,-0.0012691874419363874,-0.11407572804968734,-0.11276099656807524
#17,0.04155107683440711,0.07665464922020947,0.11767330413946955,-0.0010829808372445453,1.0,0.4659522029410164,0.011816864595151777,0.02627488044689585,0.01778756728325773,-0.08902570013884886,-0.18119716337211295,0.6481235251086709,0.4657748633175004,-0.041696978979208946,-0.17102028724988563,-0.11504545335464096,0.13097216372477696,0.24297906384831014,-0.27968755982693266,-0.22669444987435083,-0.19721818617839157,-0.0587054610527928,0.5670938267674009,0.20335171888445316,0.20108177170344785,-0.007013379065460489,0.12762125092952162,0.18170822392351826,0.1545156109249269,0.20564423656299688,0.3140696823807038,0.10686929062135371,0.06195722487671873,0.17992031808279746,-0.031904607404332326,-0.038508090112711425,0.12588815915425122,-0.04021780530124561,0.14416784389276596,0.08631643434504245,0.07535845779014677,-0.0949278852451418,0.371293148443341,-0.07624112546173797,0.32336550300973554,0.2670803247733378,0.13096813327878795,0.2101825187466119,-0.12985331191823032,0.22238267875531767,0.011854750787448385,0.019797953742571383,-0.009343782936300817,-0.02830058260096771,-0.3418249456393597,-0.08923608941947471,-0.0670839521747279,-0.03082444787928008,-0.006106528717935283,0.13325581442214487,-0.13522509033237073,-0.05144179129141535,0.2296060440568051,0.1426016125814402,-0.21531005213381887,-0.18089891036892689,-0.022018729482510886,0.0653436055966773,-0.2859508728938401,-0.13792468305580355,-0.11384841089590769,-0.21646195359747533,-0.12886665874012287,0.05205683734933689,-0.2415224606678852,-0.22083256922794792,-0.3344669634418397,-0.10911586121562282,0.2548729099618518,0.27764412371050917,0.5023809859680023,0.5390838393222402,0.08748610503185973,0.4642989139963283,0.6088500533026482,-0.1324924479518281,-0.15145650241927522,0.039541496464291254,-0.04231605548311949,0.2473222724460575,0.6143862739131398,0.2181765053211963,0.27800847602791484,0.005622875199255173,-0.12866755470826624,0.11268280591588863,0.25068930702526887,-0.0640079157959224,0.11598615944847378,-0.0101563208476834,-0.16740175284096062,0.3153844138623159,0.22398840843733564,-0.06155821072380764,-0.18096984621833329,-0.11841410011224793,-0.06022735745823954,-0.1602291711589346,-0.09111830769633814,-0.23993285276982323,0.09330845204676123
#18,0.37543483474163836,-0.0181043603379932,0.03220689085350739,-0.015117799860143524,0.4659522029410164,1.0,0.23389121423231088,0.4609955604637431,0.2570171072280003,0.06722662996273852,-0.25800134213851433,0.6837196179943291,0.5308125580636125,0.15788022723654485,-0.147850865437515,-0.0251673138891184,0.2322967697990621,0.3236024932338888,-0.16325845436426767,-0.13127364108475423,-0.12174486067755827,-0.035790763426927004,0.2348972135511655,-0.12912138292662775,0.018546903307585502,-0.24378595913530812,0.19087990681608874,0.19983958824963777,0.5426112856518138,0.45353601102730023,0.6226349846742292,-0.04183723849962618,-0.02883018320392243,-0.1589039605177511,0.23304240230702727,0.006457983608176163,-0.012956674720841235,-0.32836567430369007,-0.10836539217247085,-0.257228302597824,0.10538286214061017,0.09039524568591137,0.4370095702940009,-0.020023658717955434,0.0732771354814267,-0.25970380252426833,0.0379559190122183,0.1161449590204404,-0.06312524812433119,0.2415667955737642,0.14072020039377459,0.18513007256818004,0.06903871847939334,0.0304560651158854,0.06160980043246685,0.10887806490227177,-0.05772042005308097,0.008680371526511266,-0.24696759319902545,-0.22677667097252646,-0.252056434304738,-0.21712939545325388,0.2654818498941,0.30628366681915187,-0.06820038571368114,0.01968832561167056,-0.006266940468297519,0.13345653063239712,-0.03291786152596716,0.06918139626740397,0.15599962113807703,-0.0529830338376093,0.06344929598184687,0.45362145648226704,-0.06646810002760856,-0.054591181787220666,-0.3077700952998954,-0.11674065893761475,0.2067195595528623,0.2745914639184399,0.6500412113102375,0.42182123762904983,-0.093014670023231,0.5472325950228022,0.49427575908412147,-0.18253930188645023,-0.23336241971855395,0.028731034232593006,0.05257837706031361,-0.027421945375365513,0.373931478387741,0.06062153507596383,0.07669737194769287,0.10078412326716013,-0.30836982566305876,0.1254004751895821,0.04088444106782636,0.03290577018800015,-0.034430890950238095,0.006426546129461956,-0.09674561638618122,0.41743691848221465,0.2829240079561004,-0.3148411097429986,-0.49251526027612585,-0.24928026310751417,-0.16804823637759636,-0.33105398177835366,0.009872577450057736,-0.25454080121235817,-0.09810548886287013
#26,0.33300068719104114,0.128531325633838,-0.24221408519959775,-0.16899619727420936,0.011816864595151777,0.23389121423231088,1.0,0.33046876102075073,0.17413985244537233,0.2566849984785066,0.1400100358105126,0.24304113271654074,0.19853775419519046,0.2468902086360366,0.20065696269620714,-0.09891963895264831,0.22281232429774517,0.052213218653710126,0.16405487049169426,-0.06815363254020873,-0.03679998710257284,-0.2778198511556296,-0.001743973979440695,-0.1815010589996836,-0.0803594351732991,-0.20853567851550614,-0.13877752542707614,-0.18486728748969716,0.35165117296054393,0.2510996064269492,0.13437466622869154,0.08851544567664135,-0.18127454793510175,-0.20819470278483665,0.2065897791920165,0.09600965694858965,0.06639635808900433,-0.07270884259697757,-0.16536879588410855,-0.2834165284559563,0.0679585589543411,0.08534590295089103,-0.020076054515812448,0.01876696565858495,-0.11202826148727488,-0.2910316531075746,-0.2630893771550291,-0.2875549903974624,-0.20376201828613344,-0.169982044363119,-0.14691822023566017,-0.20118817547755746,-0.21523669801681905,-0.2568671746372095,0.14918413697067648,-0.11268361200508642,-0.11013314578324665,-0.15325005088438062,-0.09994579050144793,-0.17368924858380205,0.1381761828855172,0.12297817715019256,0.0958113590059308,0.0953446333604045,0.09437329587705527,0.1104064100213009,0.1028630273082868,0.3498882558849549,0.25949099497604905,0.13747972181861784,0.2918111413618474,0.15481628219570637,0.20377330353490267,0.2653875374579574,0.16092240786904274,0.07008663443653357,0.08434312798882761,-0.019321555026671475,0.028636721796450385,-0.06029023241566796,0.07113051994768481,-0.12306845914034617,0.004718445021067533,0.23211378755116147,0.14515933360606018,0.13671554925910326,0.0472299752329094,-0.11585234864163894,-0.1986772076264099,-0.08888302235083823,-0.12398820691503619,0.09740016081479497,-0.04135680933773727,0.11514863277195939,0.02411617357518696,0.0759702794912771,-0.16946937163331807,-0.03348051178603168,-0.08480421100996931,0.022274259758213545,-0.06687839942928885,0.13414734907491188,0.07070168049445512,-0.15984144225479271,-0.13488169633410785,-0.21992571888042273,-0.17070994290873256,-0.0370885670353853,0.15735385099038135,-0.0038309389125453677,-0.07120145579709122
#49,0.7694641320535324,0.028929332175251853,-0.2793215953311314,-0.2546431745404788,0.02627488044689585,0.4609955604637431,0.33046876102075073,1.0,0.541896284533365,0.08702579283910661,0.01209738363598624,0.3542024452715815,0.010499714845946279,0.2380143604790588,0.03421566513442545,0.08743448006239131,0.030971962202477516,0.04123347769047384,0.2602205057000582,0.16836099898634282,-0.028751186462538013,-0.07761873190077848,-0.067503118557584,-0.09641189545829194,-0.09861332505748424,-0.18999320869850853,-0.10753753856633005,-0.15286474024783211,0.4198140755265274,0.3408947187050983,0.3621053437668145,-0.17576654044653311,-0.35018328453134984,-0.45053897138987914,0.22885235065686194,-0.09330925813595903,-0.159396481017607,-0.3087728702619588,-0.431566856030454,-0.5482934084071073,-0.11330107633060137,0.20988426574342584,0.24126451212458916,-0.005239176741102287,0.023825175374781096,-0.31716667707865215,-0.2867513194672556,-0.28137470451792845,-0.28683112229783786,-0.2571493058564395,-0.04473351698732223,-0.04375895514718181,-0.09227020915999459,-0.09024208873832934,0.25460609443737997,-0.02229279980976295,-0.1165326879245823,0.00825556251927057,-0.31072844265582206,-0.48010229271920085,-0.14530281748326862,-0.21348909663598825,0.14622256525795863,0.10275098090979257,0.12021732164772693,0.20774732328005754,0.016742875682908692,0.18120038772890415,0.34985198187105393,0.32684458398744115,0.3080804396410485,-0.006658699818428408,0.4494709032027939,0.5889186917978408,0.12829594758808036,0.13809073743055036,-0.11520586510500319,-0.2123307464587494,-0.05989927915473487,0.1209492506393295,0.3264939351863981,-0.1572587324650409,0.0017580812489874928,0.4361841349554535,0.2110853386481481,0.09944117866362502,-0.2640212162676861,-0.009023765524774144,0.1788828812852286,-0.40681911156879064,0.020680621414162582,-0.033676391461097126,-0.13165814563210493,0.07424766687557811,-0.33101528949685927,0.05302092002990591,0.01505170054592391,-0.20800446573415582,-0.17338777122382476,-0.12510222218639602,-0.13095523585162316,0.09946536133955904,0.10767699199754949,-0.5298976468241093,-0.5423823563196386,-0.3601852392976545,-0.2606896496131779,-0.3893551890984497,-0.0024742907926476603,0.013742611688696412,-0.2754773559468223
#50,0.6508529431324224,0.33801214373376487,-0.1240889680647612,0.056526601951138906,0.01778756728325773,0.2570171072280003,0.17413985244537233,0.541896284533365,1.0,0.3636449741346129,0.2552920763447079,0.35118525340421547,0.16671496484443485,0.15696612208623945,-0.020212283590240677,0.007397077523613375,0.03395610441273379,-0.19357224473674134,0.18611269530029845,0.11799170937260063,0.10600274473371851,0.031010654483971924,-0.17910697408221707,-0.15353863081719307,-0.11940075329035535,-0.12968322709749447,-0.0357601320374106,-0.11638597969058266,0.20024424502693344,0.3076249992442914,0.01951340425574792,-0.3239474994105473,-0.24797036816108886,-0.41111717917146123,0.06732013630968335,-0.28998293106123657,-0.2941616974626327,-0.3930220888592427,-0.2565552181176608,-0.24447274713183387,-0.062355432940432026,0.17598015408395015,0.1510083168252983,-0.008105629928479735,-0.044760924020047436,-0.25034188258101703,-0.031853017695673114,-0.04608452248283534,-0.24392944301251654,-0.1364406728426534,-0.10087198698972034,-0.008491746654226024,-0.06087545317327089,-0.0027749620634271287,0.1394602829776129,-0.05921732769339591,-0.03562632123057577,-0.0011216731187389541,-0.194731401003178,-0.29031584589992804,0.1345640971901746,0.07917287187413723,0.11517845807227799,0.0216382553811492,0.06172023465256548,0.021994546806576882,0.01182976202231658,-0.16496575128520846,0.22984545254855177,0.18933705209149918,-0.0900518516876485,-0.03645175656912315,0.29202394891006667,0.25071671405799406,0.13166862479167632,0.05922458249617611,0.027133365442553046,0.016182643690437565,-0.12655882536682098,0.028630273082867985,0.2701757072928905,-0.09058387055819661,-0.04876599785419365,0.40078392174486066,0.1307222760734589,0.16547278139062477,0.04931774625521187,0.06370240798995613,0.07377610469486501,-0.42628294133887384,-0.1316186472614127,-0.19213659987545922,0.018692805452387332,-0.15387396392347796,-0.32293263311051684,-0.07090642715069637,-0.01748367165568706,-0.18644641622818772,-0.06833661478810937,-0.04483669640464066,-0.02450148421173545,-0.29557315964798087,-0.25049584561779686,-0.466010241363258,-0.20827450561541888,-0.16921706571440662,-0.09720669940732292,-0.0693208496986234,0.1377707200190237,-0.007098018431229508,-0.17817191061276885
#51,0.3543596326651526,0.6069194696739167,0.32719039625329743,0.5573465961876012,-0.08902570013884886,0.06722662996273852,0.2566849984785066,0.08702579283910661,0.3636449741346129,1.0,0.4017270461062869,0.11871074093703839,0.340387688599682,0.12433321309169466,0.19231393949897527,-0.03279936641389053,0.5265281939773045,0.03233908948194662,0.019259486158440864,-0.13396033638102225,0.1708066736124686,-0.05762046499255375,0.0088375589200823,-0.21620803550016826,0.0693135948958432,-0.04189850127865899,0.007039173919790094,-0.1509897767737489,0.07066701865894971,0.05746488977737831,-0.09239515298565362,0.05503533693520857,-0.03276470457838512,-0.0932149456998164,0.011261469137867451,-0.10484278237808405,-0.12303218512644516,-0.004455658040840509,0.01557888288128523,-0.16813529401095878,0.038599984281260644,-0.1475389089179663,-0.01179429409761337,-0.124105895937915,-0.05271863658073084,-0.20498727386678972,-0.2547608635633576,-0.2729115740302243,-0.2685216122590045,-0.1448215822321819,-0.023107755988738935,-0.02671258688130135,0.04748389333021646,0.0551884938827906,0.16141251010130525,0.12660719071868898,-0.12460647732974893,-0.31150712482089704,-0.025517962690161478,-0.17315078099967152,-0.03770764353929584,-0.08529914977741862,-0.1818452590871443,-0.07436293763086355,0.17578991703326932,0.07445725006700617,0.060780334647930465,-0.173491756730341,0.10439701505170054,-0.035199093955741674,0.09122551755964556,0.08652037491208589,-0.1316339629561709,-0.17354415252819802,-0.06813912293464833,-0.08518710337892439,-0.11405880017653354,-0.22465262593632299,-0.07172218941887014,-0.06413608397837263,0.08948114053560596,-0.13057476175026148,0.08864123131787491,0.0856804299679781,-0.16617004854672193,-0.12752693849337898,-0.07464184449330241,-0.002623417294240694,-0.10754962990429706,-0.15749572268919418,-0.18111655445233293,-0.22213601546079081,-0.025400273667282654,-0.16665047770861086,0.030619701223038837,0.2985129669523581,-0.01655183254303005,0.10938187065089687,-0.0012635448175517862,-0.1589410406208499,-0.17935847391193072,-0.09506975694395463,-0.18483181956499398,0.011447675742559293,-0.04560651158853983,-0.1002327582558648,-0.15944565245867282,-0.09023805829234034,-0.015819903551427483,-0.060537701799392614,-0.1902301989226618
#52,0.19613399620735034,0.284849755049645,0.2061552971144022,0.3316448451603412,-0.18119716337211295,-0.25800134213851433,0.1400100358105126,0.01209738363598624,0.2552920763447079,0.4017270461062869,1.0,-0.1801008820631047,0.04888810071278437,0.38523284894089954,0.2268935539062075,-0.12377298109922354,0.18679384067243962,-0.05762449543854275,0.027890283199287418,-0.2862982973380919,0.16464573387368178,-0.1488213968316664,-0.008985879332477536,-0.2049324598013393,0.11087877829121182,-0.03927306876142379,0.007293898106294952,-0.17984454569820424,-0.09412340822573721,-0.08667272577047014,-0.3846677804132416,0.1527776826144697,0.0680335252497365,0.006079927774407877,-0.11858821537897277,-0.2119099678974977,-0.09551874862712934,0.034463134518150106,0.04707520610693176,-0.07521336173454274,0.11147447820838614,-0.046145785261868154,-0.3258305237766085,-0.13632459599817018,-0.1170372997624052,-0.05712794449269784,-0.07260002055527455,-0.09899057480205473,-0.10124923673429083,-0.35576948267210506,-0.11695024212904279,-0.2078916132464638,0.0176521442980273,-0.07182375665779296,0.18662698020849497,-0.03717723684714332,-0.20279068080278423,-0.43807844457028394,-0.13549109976764478,-0.1399294268907326,0.1321087494936752,0.2013235984627879,-0.2268588920707021,-0.09219524286459918,0.2163410402178053,-0.17062046700777675,0.3124212299712025,-0.08629063949071285,0.11748790362397551,-0.10080427549710513,0.08604881273137278,0.16934684607525247,-0.13898307817251518,-0.3478149944682129,-0.13959893031963452,-0.14491428248992894,-0.07890121981447858,-0.031803846254607304,-0.09024128264913155,-0.11662861253912052,-0.30147615084347157,-0.2773644107588725,0.15111397541589403,-0.05693448308522579,-0.19723350187314978,0.20464871640371365,0.22756099576198605,0.030929239474994104,-0.1213643865761966,-0.05053574703308795,-0.298832178274687,-0.08534590295089103,-0.11438607239084041,-0.0680045060386157,-0.06670912069775081,0.24584793530328097,0.015548251491768821,0.19923985788647441,0.1514943886115718,0.21000114867710687,0.16310449132748783,-0.1801210342930497,-0.2031324626226515,0.1765847209823003,0.23189211302176643,0.19451859345495875,0.15355958913633588,0.20626492524530302,0.135655541963996,0.16882046982908894,-0.037546425699735805
#53,0.3910536190382147,0.09433218532796747,-0.10781483325037332,0.041914623062614995,0.6481235251086709,0.6837196179943291,0.24304113271654074,0.3542024452715815,0.35118525340421547,0.11871074093703839,-0.1801008820631047,1.0,0.5952964695308359,0.06651001666589416,-0.12420746317683783,-0.0644496526763169,0.12091539489302189,-0.014523712121364789,-0.07664336397144025,-0.05498777767253835,-0.12999437752784535,-0.05542387192854825,0.22488236135769604,-0.021251332566205112,-0.0720067389056936,-0.248550752383505,0.023658314910836458,0.10323785878526388,0.4042509113845993,0.5250554690129237,0.36365303502659085,-0.19321756548970925,-0.16398554682068345,-0.14809914091043744,0.2834721486106045,-0.04275456800672278,0.012656003450061766,-0.3087954407594972,-0.10514022929207231,-0.03238745483381464,0.1386517755122193,0.1716917595516532,0.46654145414460835,0.11002835418753262,0.056499194918413695,-0.1332719362061009,0.11582332943051814,0.14458297982963306,-0.19745356422414923,0.1346293904151964,-0.09662873345250018,-0.028443260388978344,-0.20741360235216827,-0.16668272127652287,-0.1290093365281335,-0.06752971950111139,0.0317877244706513,0.06792389711883569,-0.17723362278652943,-0.10766893110557149,0.024656253337713086,0.012576200619479548,0.5051007309213801,0.3250220163112149,-0.22664527843328502,-0.10969140890285214,-0.11954262498916818,0.1399423243178974,-0.020383980589372117,0.12529165314787907,-0.0949182121747682,-0.14588078343809135,0.20069565497770156,0.42173337390648963,0.09385659270126535,0.04787887703713854,-0.07173750511362835,0.034981449872335625,0.16408711405960627,0.1690929279779454,0.7027433230624135,0.4427916481098216,0.04441553270023423,0.6701547489737477,0.7335052990288641,0.003425476046051876,-0.029745900532623437,0.05678293831603936,0.1257833675585372,0.06583773827492881,0.3726643061687991,0.20385633072227607,0.15695886728345926,-0.00017451831132373952,-0.21906320343877653,0.009500970329871851,-0.024529697333658455,-0.1885970622079186,-0.10169661623906993,-0.10812437150232859,-0.2720047236826991,0.07274511661087858,0.03613818787117889,-0.4164413983229314,-0.3964794054286077,-0.33796136011430344,-0.2820131271625862,-0.19273310588183135,-0.06028620196967895,-0.17760603599591313,0.028729422054197408
#54,0.051644119680063195,0.2026560639067516,0.29203120371284685,0.23414271406202453,0.4657748633175004,0.5308125580636125,0.19853775419519046,0.010499714845946279,0.16671496484443485,0.340387688599682,0.04888810071278437,0.5952964695308359,1.0,0.13755307593561766,-0.07009953186369838,-0.21990476056127992,0.44476414837683864,0.2799688849569649,-0.3620642332177267,-0.44039111447877266,-0.1350912795255359,-0.20771507971214553,0.29704749679075737,-0.17785269929043998,0.10755285426108827,-0.2246937364854108,0.205361299254569,0.21137230640256496,0.39060462735504,0.1593666557172884,0.2939577568955893,0.1752643468763036,0.17118150508944568,0.14375028968830547,0.04390163293519244,-0.09871166793961586,-0.007675178296854438,-0.1850083530993122,0.12356984662137789,0.00949613379468505,0.22765450210893087,-0.14691177152207777,0.200104791595714,-0.09741628259875096,-0.06547983467110553,-0.07863117993321551,0.1222438298909966,0.19758898720937965,-0.1262186557253493,0.21343831301652685,0.09500849416492183,0.10358205887272456,0.07753812298099846,-0.02091922381671144,-0.16197838471816098,-0.0322254309050568,-0.2591637227617422,-0.3351279565840358,-0.178744233943207,-0.1394336820340855,-0.0988882014739341,-0.009662994258629688,0.24422366556971362,0.26512233411188113,-0.05685064980865458,-0.12221561676907358,0.06626093510377391,-0.07927524520225786,-0.10189813853851998,-0.08434474016722321,0.037912390195537084,-0.06139538070585201,-0.19591796430233988,0.028545633717098964,-0.1492276657873577,-0.04798286254365477,-0.2066212166707307,-0.05086704969338382,0.19713757725861156,0.10227216392629926,0.5029146170169461,0.43819290923637155,0.12699416471795558,0.4415204454448907,0.4548241415653849,-0.057412493979521306,0.03522650098846688,0.03301136787291198,-0.05754469260796053,0.23411691920769492,0.27833091170703494,-0.025416395451238655,-0.009441319729234638,-0.015489406980329409,-0.11845037412614894,0.20057635377642713,-0.03460178186017174,0.21949204289200622,0.2636350995419398,0.07619759664505676,-0.07235738770673669,0.2684813077991145,0.17458723195015144,0.13353552737378155,-0.025926649913446172,-0.015428144201296595,0.013934460917772857,-0.118724444453401,0.1200786743057053,-0.39508245284882,-0.12200119704245874
#58,0.12152802268335003,0.175230491129996,-0.027362294774728298,-0.03193765706144214,-0.041696978979208946,0.15788022723654485,0.2468902086360366,0.2380143604790588,0.15696612208623945,0.12433321309169466,0.38523284894089954,0.06651001666589416,0.13755307593561766,1.0,0.15640669618296613,0.11223220205431832,0.1744501967865254,0.20252789572430138,0.02696731106780621,-0.08488965646493613,0.13564345062602903,-0.003942985311039593,0.0706436420722135,0.0021397637755605848,0.0397277030689831,0.009324436795553613,0.02128196395572152,-0.08514357456224318,0.1297630299280767,0.18928707456123559,0.08150005138818636,0.21441448703506286,-0.14686098790261637,-0.0074027201479979765,0.03611481128444268,0.007555877095580012,-0.015168583479604935,0.012390800103985506,-0.0582862946699367,-0.0176553686548185,0.16268613103382956,0.03668552243648521,-0.018580759053893108,-0.03876603865600748,-0.06587562446722542,-0.19537224191542915,-0.09862138594946224,-0.060287814148074555,0.002530717036493673,0.004488707697950317,-0.06383944315358216,-0.08429476263695959,-0.09822479006414454,-0.07314090640699847,0.10187073150579477,0.06569264221932478,-0.0807487762558366,-0.08505974128567197,-0.03947217279328044,-0.024960955054481555,-0.030490726951390806,0.016716274739381285,0.04514462247820032,0.11694218123706479,-0.007488165602964796,-0.13369674521334157,0.5543189251606636,0.426052399828303,0.0397293152473787,0.07449594234850057,0.12033823502739696,0.1695419196611201,-0.0971454366282901,0.07965974974960854,-0.12314020107895039,-0.05167152671278841,-0.31289762868710236,-0.1928854567402156,0.21479254286883115,0.2697613774452212,-0.07070248658365291,-0.002176843878659393,0.1685871749544898,0.016038353724031333,0.08591177756774676,-0.11032499501232308,0.0326760347666271,-0.09453290153821971,-0.056799060099995365,0.010360261414726847,0.013205756282961492,0.13950139352670068,0.044691600349036624,0.1497355019819718,-0.10751416197959385,0.20895242663076882,0.13756194291679347,-0.07573731971311286,-0.06294549023322175,-0.02242741670579558,0.016923439663215932,0.10838151395642685,0.1982588473327516,-0.19490471018070504,-0.24138703768265476,-0.17277030689830983,-0.08689762465665639,-0.049996473359759624,0.21394856747873436,-0.03141289299367422,-0.014353627300628951
#101,0.04803928878750078,0.1505464277149588,0.0029926061468331776,0.1911918633356374,-0.17102028724988563,-0.147850865437515,0.20065696269620714,0.03421566513442545,-0.020212283590240677,0.19231393949897527,0.2268935539062075,-0.12420746317683783,-0.07009953186369838,0.15640669618296613,1.0,0.36796883659161306,0.21293370117870392,0.07929056089701605,0.30481174794396876,0.04374444554162141,0.6045390882728128,0.07003907517386336,-0.004278318417324469,-0.22071568629426688,0.19746726774051182,-0.3029609671458195,-0.3408028245365491,-0.4000826241427745,0.22459378142488357,-0.13387489092605542,-0.23515113164847257,0.10209643648117883,-0.18609657351634246,-0.1762010225241474,-0.12555605040475754,-0.15877014971091627,-0.241486992743182,-0.1324722957218831,-0.20768283614423355,-0.04270297829806357,-0.24464202586337191,-0.2476946856554412,-0.4335982008089105,-0.24848707133687878,-0.19465401644018918,-0.10481053881017204,-0.2967863238906701,-0.2758086586071182,-0.27839781711045236,-0.45320229009941093,-0.45630895786773285,-0.411941002331613,-0.2506925313820601,-0.2901771985579064,0.3178840964646943,-0.2548406663939398,-0.2853269598547427,-0.30531635978179167,-0.15875564010535587,-0.28636762100910274,0.0005630533046634275,-0.09660374468736838,-0.014939654147429683,0.08747800887907252,-0.07251376901110992,-0.08203045808033887,0.12042529266075938,0.0604643476823928,0.3866983191025003,0.013140463057939677,0.15441081932921288,0.029289654046668535,0.2092474552771637,-0.1474711974253511,-0.10123472712873043,-0.1848955006116202,-0.05720694123408226,-0.3709787736561989,0.218500553178712,0.008587671268764245,-0.10412858734883308,-0.2499984885827541,-0.05277266582672567,0.06642295903253174,-0.01837359413005846,0.094919018263966,-0.11444652908067542,-0.18918067078712594,-0.2665249293160535,-0.06014916680605292,-0.3284237127259317,-0.1788820751960308,-0.2937215727606338,-0.2584978930843593,-0.04355340240174276,0.31508777303752544,0.0005823994454106319,-0.08367568613304906,-0.1615954923492059,-0.2451111697764916,-0.2914596864716065,-0.12194235253101932,-0.18253607752965906,-0.03594392037450904,0.0684365698486366,-0.18017020573411552,-0.07708751911942816,-0.13280682273897018,-0.020105073726933254,-0.07135864319066226,-0.18646737454733053
#102,0.09657069503025857,0.1588950935365753,-0.11562422539866149,-0.017856890954268543,-0.11504545335464096,-0.0251673138891184,-0.09891963895264831,0.08743448006239131,0.007397077523613375,-0.03279936641389053,-0.12377298109922354,-0.0644496526763169,-0.21990476056127992,0.11223220205431832,0.36796883659161306,1.0,-0.08646797911422889,0.10291139266015481,0.35252497365095936,0.5513283342368249,0.31723277639287173,0.6228300582600967,-0.04491246878923387,0.15601735510042863,0.07211959139338564,0.09788623260106848,-0.1761655545994442,-0.12781632451538924,-0.07793391277711835,0.06288100309739775,-0.03329269300294424,0.09328185110323382,-0.3014922726274276,-0.12488296592459439,-0.020117165064900258,-0.008017766205919517,-0.13892100930428455,0.0207451085499866,-0.14241137553075936,0.01863154267335452,-0.11813761151740246,-0.00043327294381759814,0.03950925289637925,0.03775520280196605,-0.1320079883439502,-0.0675103733603642,-0.19930998764668303,-0.14565749673030068,-0.13489862420726165,-0.0392706504938304,-0.3796555177813201,-0.1266910239952602,-0.18828591177756776,0.05832579304062891,0.13429244513051591,0.16355590127825595,-0.08246413406875538,0.39589982729538936,0.029155843239833702,-0.0043879465482252935,-0.3094564339016934,-0.4206959371089208,0.018819361456441964,0.2017572744512044,-0.19355854122037874,0.12133617345427358,0.12425260417191464,0.11425387376240118,0.10867089997843711,0.1418261547731564,-0.1143441557525548,-0.1253964447435931,0.03512815810633526,-0.019879368751549203,-0.06381687265604376,-0.11587330696078174,-0.21790082281554865,-0.40070573109267404,0.035305497729851296,0.28327385066794564,-0.09160034903662265,-0.13171860232193994,-0.01298892352386977,-0.13931921736799785,-0.0993710489034164,-0.28051299516548006,-0.3513617869385337,-0.17070188201675457,0.10337892439487892,-0.2583769797046892,-0.057892117052212415,-0.1840337912591718,-0.10584233298335627,-0.08749251848463292,-0.0024041610324390447,0.054932963607087944,0.4221404489513787,-0.4226627947515532,-0.24035040697428373,-0.4447448022360914,-0.3241989992402609,-0.18155023044074942,0.007081896647273504,-0.3032850150033352,-0.26121199541335244,-0.353700251701352,-0.31580680460196325,-0.26421951421034495,-0.08526126358512201,-0.19706019269562272,-0.19807344681725755
#201,0.09302551473833337,0.2759771312494584,0.5666198463190945,0.2710180705045917,0.13097216372477696,0.2322967697990621,0.22281232429774517,0.030971962202477516,0.03395610441273379,0.5265281939773045,0.18679384067243962,0.12091539489302189,0.44476414837683864,0.1744501967865254,0.21293370117870392,-0.08646797911422889,1.0,0.5878143495968546,-0.4562219002343704,-0.5827690373078233,0.004270257525346467,-0.07834501826799645,0.27353306880172823,-0.3921523186148163,0.2506320746922251,-0.2826555802532329,0.42918808680774573,0.2327239970738962,0.34411504505031004,-0.173588487434077,0.314625883927186,0.34775776213516907,0.37600715807207646,-0.04321484493866669,-0.3247124780592596,-0.31500555193934987,-0.22644536831223058,-0.2564673543951006,0.18953212567736683,-0.27777874060654184,-0.10172160500420174,-0.5630706355811802,-0.07139088675857427,-0.5239599937931132,-0.014272212291651133,-0.12460164079456212,-0.08046986939339773,-0.004429057097313103,-0.056761173907698755,0.05249212551614899,0.3027320378136443,0.19178353280682273,0.45047367816485734,0.24832746567571434,0.028588356444582377,0.03478315192967678,-0.3132192582770246,-0.5899375885438604,-0.02574366766554553,-0.21910431398786434,-0.08806564790426885,0.017333739064896225,-0.2705521509482632,0.05390923032588171,0.37027828214331054,0.09638771278235793,0.10082765208384134,-0.10439943331929395,-0.09740096690399276,-0.40115794713263997,0.3173746480916846,-0.0344341153070293,-0.3673626575148673,-0.26521342219123256,-0.4789189537768302,-0.20249081562120255,-0.44386858327808265,-0.24357315158708887,0.23819653663776166,0.13328241536567229,0.08323636752024795,-0.008877057290774511,-0.0014912656169770114,0.055738246715690325,-0.08625436547681184,-0.18284319751402092,-0.04917829282399244,-0.12509013084842904,-0.39977953460440163,0.05642100426622708,-0.05443963701803423,-0.08921351892193631,-0.06787795003456107,-0.020472650401130138,-0.027440485426914914,0.7424512769460505,0.17183443733966383,0.548016113723064,0.49691731338531264,0.04154785247761591,-0.0357633563942018,0.4578953414090036,0.23956850045241757,0.39790295895192285,0.15617212422640628,0.18493983551749918,0.23549452564673545,-0.11314308284783253,0.179595464136084,-0.22642521608228558,-0.07027606539801662
