,#10,#11,#12,#13,#17,#18,#26,#49,#50,#51,#52,#53,#54,#58,#101,#102,#201,#202,#301,#302,#401,#402,#501,#502,#601,#602,#701,#702,#801,#802,#901,#902,#1001,#1002,#1101,#1102,#1201,#1202,#1301,#1302,#1401,#1402,#1501,#1502,#1601,#1602,#1701,#1702,#1801,#1802,#1901,#1902,#2001,#2002,#2101,#2102,#2201,#2202,#2301,#2302,#2401,#2402,#2501,#2502,#2601,#2602,#2701,#2702,#2801,#2802,#2901,#2902,#3001,#3002,#3101,#3102,#3201,#3202,#3301,#3302,#3401,#3402,#3455,#3501,#3502,#3601,#3602,#3701,#3702,#3801,#3802,#3901,#3902,#4001,#4002,#4101,#4102,#4201,#4202,#4301,#4302,#4401,#4402,#4501,#4502,#4601,#4602,#4701,#4702,#4801,#4802
#10,1.0,0.0821304131408661,-0.09396541474296838,0.32191615463209083,-0.08820993787067508,0.026441740910840488,-0.06256985266704687,0.6121945173843212,0.4521132635931829,0.44633441013415337,0.14143197715543213,0.26908748687586026,0.34540478776679034,-0.10541591179771997,-0.03765282947384543,-0.26363832389873104,0.03835412707593159,-0.46872837413824026,0.09834650953301237,0.40009068503475254,0.19850148018128946,0.18216447040947317,-0.0794533909149717,-0.23782492951757578,-0.14673120754177055,0.07827408241859003,0.08351930482867581,0.030388353623270182,0.0914189789671176,-0.04390243902439024,0.2299042970599912,-0.10835974954808625,-0.352082430681367,-0.23318588618423572,0.1453003992156752,0.023462435235771014,0.04586929666702269,-0.11077801714148679,0.05202136942463368,-0.31632753822374216,0.18175981363217747,0.26120957714575904,0.18052246671355418,-0.09809097925730972,0.199076221779321,0.20729107679410266,0.18115444064462954,0.023873540726649108,0.19756561062264344,0.1285127855822886,0.27028130497780234,0.21167862029772905,0.10011345705459038,0.4118869943553604,0.1915675009018123,0.2729833159688285,0.3705322002406176,0.36640341136948507,0.11344697847540319,0.06683728888020103,-0.022891724083728485,-0.13523556949194213,-0.14420089354987575,-0.1444394959524246,0.1143973576396096,-0.23820540361893747,-0.3321607422469333,-0.3807058520060537,-0.09300939295437737,-0.02979507197368925,-0.09795878062887049,-0.142586296886682,0.42318272228413434,0.2742464577417814,0.4220880531535217,0.29203845851562704,0.09998448278294235,-0.010446512958891466,-0.15261485259651406,-0.2886907700771629,-0.604864748308724,-0.13010884219393298,0.31194563734450037,-0.19011895861336536,0.22311057730093123,0.301510812678977,0.29563684069460705,-0.0015617978207378537,-0.06319054134935301,-0.3293273387166657,-0.20815117396815544,0.1712935514879399,0.20343474607182657,0.0918615219367099,-0.01382402669767423,-0.20918135596294407,-0.5701843727517668,-0.17384562988817528,-0.12113384506562573,0.05686274114662158,-0.06704122944724449,-0.1315896280502919,-0.35089425520380957,-0.2855978058252036,-0.2163079905606955,-0.23896877008925424,0.014777630218671848,0.06029909939684376,0.21695608627572685,-0.30576857582175754,-0.2622792575112399
#11,0.0821304131408661,1.0,-0.04734847034498602,0.21977498020043407,-0.12726012296890712,-0.3807082702736471,0.1734683801436048,0.015744131166834267,0.20823258897713326,0.20025875463249385,0.17867168591540497,-0.14974033851715862,-0.15678797637352562,0.18471413054211513,-0.039318209756500605,-0.013237193761675698,-0.2471360658413657,-0.016055281597185136,-0.037584311892032415,0.011935359707228404,-0.003261033849700639,-0.086064128426131,-0.25499624160911527,-0.15040858646213498,-0.09868909744207745,-0.20317196099334373,-0.10315321941949486,-0.01964318461659375,-0.2687706938211248,-0.24694179834469585,-0.11843183407459952,-0.10505155948031429,0.019358635129770284,-0.07747524802357005,-0.0710628084550696,-0.06957073734994146,-0.10646463384405802,-0.018882236413870376,-0.1762002164349496,-0.11725816820260246,-0.08265034067344722,-0.03989536962212554,0.03168696332092628,0.09957498947045985,-0.16394121191480443,-0.056979624080302604,-0.10764313625124187,-0.09473281165927416,0.04669150764877888,0.07520046430737794,-0.00962833242312428,-0.08886287012089322,-0.021760780939214828,-0.2109845774984231,-0.24581166128937998,-0.12124589146411996,0.1196393556929042,0.06836321573163678,-0.07659580470877005,-0.13226916124403745,0.23067572442228595,0.19063566178915528,0.15748927397561177,0.05655723334065531,0.05924473472612112,0.1517757137416041,0.0967028936586978,0.02666422152943334,0.12656769234799678,0.054896689593186936,0.13620932524288476,0.1413312160057071,-0.037951082477031495,0.023257688579529767,0.12590750529499842,0.16802889023684917,0.21607583687172904,0.1811286457902999,-0.052424414023533775,-0.1368936949718171,-0.018855635470342972,-0.24074377850281023,-0.15747315219165578,-0.04227413884483387,-0.051432118221041746,-0.02740743576980511,0.04343329511127054,0.10048425808557845,-0.1015370105779055,-0.17239144497534375,-0.0330927828818898,-0.005572091579793762,-0.053772195162255676,-0.0993138165703726,-0.08661146299143732,-0.17911906542018408,-0.32339452222085635,0.05006418485237484,0.09839809924167159,0.08142669727118654,0.0948779077148782,-0.07010114404209397,0.04997712721901242,0.08285589341888627,0.16598948456641469,0.15013290395648732,0.07692791345826372,0.3905506193787874,0.23198481327951345,-0.11251433327354839,-0.04013316593547659
#12,-0.09396541474296838,-0.04734847034498602,1.0,0.479064855921632,-0.14169315005551938,0.308630998563146,0.21881573405505186,-0.41793024507126836,-0.43776245760474625,0.2868254796734533,0.22372239900206156,-0.329858551498016,-0.24992271619816092,-0.2632989603464571,-0.3103471624652626,0.07520610693176254,0.5396932427557771,0.6112562295580818,-0.28138357149910426,-0.4830493548263583,-0.23144795787377853,-0.2821606414857836,0.4159754787666029,0.12026488091039714,-0.00511987553982786,-0.1663973657005016,0.41292523724212704,0.47739463910379004,-0.16666659949256685,-0.1774246659264081,0.31628078505026974,0.008291836533171578,0.506541212317849,0.35996517694665503,-0.37459005326234374,-0.3534938928667152,-0.326453630726508,-0.2080350971236722,-0.22025379718392737,-0.0804078005251671,-0.3130894779161788,-0.18505833062957583,-0.36665813555599,-0.3611735046541575,-0.27158475121064524,-0.3139245863250998,0.40728906157110817,0.46418525541943845,0.3619465441948479,0.260979841724386,0.4682471388871536,0.42344711954101283,0.5458606312081463,-0.05481688676260472,0.04424019039826852,-0.2675809061651717,-0.26117249704266027,-0.43348212396442726,0.08019982951213467,0.26421145331836693,-0.33436539620291683,-0.19612190486938333,-0.3166838296491698,0.07889396501169837,0.4256034081451283,-0.01342098209877414,-0.09292555967780615,0.12158525501639383,-0.08721038726540285,-0.13807542173579218,0.41755138314830226,0.5922841141986567,-0.17664598376133311,-0.032664749517857895,-0.4344752258561171,-0.08953434242266078,-0.371995252134625,-0.13844219232079125,0.18698004727713144,-0.09415000916926462,0.09960723303837186,-0.0812195323473519,0.021787381882742235,-0.2051984692366134,-0.40770419750797526,-0.32195162255679405,-0.30482142101434234,-0.2309272242519996,-0.28850214520487766,-0.12329658238332362,-0.3563434181809388,-0.0715182488518267,-0.28764849674440723,0.027269594516981275,-0.1819355410772979,0.501264552429049,0.30481416621156215,0.6878999965741209,0.5878554601459425,0.3291411321119739,0.5889670571497089,0.6852278108834133,0.39655275954560754,0.6106000729510724,0.584710906185324,0.5951924840243197,0.6285565159212693,-0.2504168488764124,-0.29236331246234054,-0.026279716982082653,0.03920616335800638
#13,0.32191615463209083,0.21977498020043407,0.479064855921632,1.0,-0.24333938571972683,0.20083913885490998,0.15564494189104494,-0.1209565054421097,-0.09273451653792751,0.47564864990135486,0.07853203096188609,-0.1876265308137672,0.07583969304123347,-0.17203515354991605,-0.1310342325930076,-0.07384704054427142,0.32728873913542905,0.023892886867396313,-0.04661492917498786,-0.09891963895264831,-0.10827752844991062,-0.09492869133433961,0.16106669783544897,-0.1311116171559964,-0.03187720037160712,-0.18163809416330964,0.27041592187383495,0.2795150567386034,-0.008331334903863787,-0.0061669854077702965,0.2967178063088571,0.11166471525906699,0.2204021175963226,0.23932828587147312,-0.0750424708246091,-0.02786126398816661,-0.06393778603571378,0.0022034448221867993,-0.05832740521902451,-0.1453358671403784,-0.05744715581502671,0.1549363894861786,-0.03562470905218017,-0.05181098014400783,-0.07223244388107766,-0.06305431227492478,0.3550182075397553,0.15972294714271607,0.22574971333452903,0.17890787005036043,0.2995254149847951,0.2402206266134379,0.23645538397051324,0.025510707887381277,0.027832244777045805,-0.12122896359096616,0.04852213621698309,-0.02643609828645589,0.11108030059066186,0.16068058110970268,-0.19653945907384382,-0.006835233352746648,-0.15307593561765578,0.00507957107993785,0.24444775836670207,-0.14680778601556155,-0.18504946364840003,-0.10122182970156562,-0.046726169484284284,0.008814182333346096,0.1797196018725452,0.2096553364112506,0.15471632713517913,0.2168029293281448,0.03467916642316055,0.17196663596810305,-0.0631276663919246,0.09039443959671357,0.24514018898761242,-0.03523294970204928,-0.16856574564258409,-0.10781563933957113,0.19951312212452868,-0.38610664963131497,-0.28496986234011723,-0.08768356162451156,0.017918959822499157,-0.07010275622048957,-0.1342384371542633,-0.22663157491692243,-0.18205484227857233,0.16723731064460937,-0.1956124564963736,0.11045638755156452,-0.05144098520221755,0.12191575158749192,-0.20198539769418186,0.28190511121008094,0.16188810272800735,0.0821247705164815,0.15158386451252764,0.35872460567124054,0.03517168692301647,0.30518899768853924,0.2739030637435185,0.2618093075089224,0.2996132787073554,-0.11303426080612951,0.05098715698385605,-0.07745912623961404,-0.015448296431241598
#17,-0.08820993787067508,-0.12726012296890712,-0.14169315005551938,-0.24333938571972683,1.0,0.12992989039202132,0.01840180725198147,0.1270698859182263,0.09261279706905967,-0.17014326220267903,-0.13187740189390657,0.3752623316533091,0.1628304210002358,0.2582133435975358,-0.023030371425750117,-0.22227869324880145,0.11622798620781383,0.05149338100007456,-0.12576724577458118,-0.03758189362443901,-0.05048496341362654,-0.0454638338005292,-0.18292622470139433,0.11091505230511282,0.11542673354520044,0.13682840174679528,-0.20953522912077835,-0.06907579858249215,-0.03359658863051491,-0.039225509498753586,-0.15861860494172983,0.10275098090979257,-0.06999715853557775,-0.09273854698391651,0.011246959532307048,0.08766018503777535,0.164612684216572,0.14168186480675019,0.004175945089203846,0.09549537204039313,0.06281893422916712,-0.020565350658877157,0.2388414079960018,0.07967425935516895,-0.011531509019130512,0.0003429909536639777,-0.1664433127847762,-0.17943827674251295,-0.17822994903501047,-0.2274231545091622,-0.08664531873774492,-0.12557217218871355,-0.14375754449108566,-0.027434842802530314,0.037556904859307204,0.22000713388940052,-0.0185485154859811,0.13395549984583544,-0.18339939906050304,-0.21970888088621446,0.16725504460696097,0.014422144882441966,0.153236347368018,0.007853324009568279,-0.48509601529957297,0.09843114889878139,0.25979730887121316,0.04858178681762031,-0.03690719696588026,0.009870159182464335,-0.17576170391134632,-0.144349213962271,-0.04740328441043644,0.04616835575940656,0.1978412931282911,0.11138177795063912,0.14927925549601692,-0.09334311388226664,-0.0020164321282971566,0.14065410107955495,-0.04330835128561151,0.060769049399161265,-0.10673709199291448,0.2983856048591057,0.3696664604421802,0.20816810184130924,0.09911310036012035,-0.010963216134681384,0.28798624811828555,0.21504081834175362,0.13655352533034543,0.08014985198187105,0.27235617857294,-0.07049854601660947,-0.14735592667006567,-0.16725585069615878,0.09153183145480963,-0.05929954879157153,0.015333831765153972,0.06133573010521479,-0.04340105154335853,-0.11956841984349778,0.20281728174631164,-0.1894329767060374,-0.016038353724031333,-0.05579950949472314,-0.17549166403008326,0.08711446265086463,0.16755732805613605,0.012765631580962592,-0.10163777172763053
#18,0.026441740910840488,-0.3807082702736471,0.308630998563146,0.20083913885490998,0.12992989039202132,1.0,0.1660096367963597,-0.022234761387521337,-0.07213007055295703,-0.020505700058239946,-0.21786938533683445,-0.050696158783450185,0.45490797484195616,0.059544599907702785,-0.08358782241048883,-0.13101166209546916,0.4429544781277772,0.26417679148286155,0.0742154233076661,-0.1523464248936466,-0.04652948372002104,-0.2763850123835453,0.2128385826533635,-0.040361289178454045,0.19815163746944417,-0.1677467590176191,0.19667971859426106,0.18806826769416168,0.45845476731227697,0.3757758104723078,0.359856354904952,0.04013558420306999,0.2292400795610038,0.1227637574235777,-0.042002486785175215,0.11239422598307616,0.17329910141206675,0.09777418620257425,0.17255024454731038,-0.09525596354864647,0.04923955560302525,0.07956060077827912,0.028813255330768627,-0.010693176253418321,0.1160949814901768,-0.09082730949593228,0.07411869260393009,0.03430272276778787,0.017761772428928124,0.0019309866733303374,0.018826616259222165,0.051008921392196656,0.097593622222267,-0.09744127136388277,-0.08189422900591065,-0.21865290403709622,-0.09081441206876747,-0.16308111474075163,-0.051275736916668514,0.04749598466818346,-0.27683400406672,-0.1042140328037999,-0.09484727632536179,0.016301138802514194,0.010486011329583675,-0.20297366305068487,0.20918135596294407,0.25804728922278897,-0.05632749791928226,-0.009421973588487434,0.11239745033986735,0.046344083204526994,0.24927220221553617,0.40238481489169187,-0.026471566211159096,0.001311104080221997,-0.11772569993732657,-0.12975013250091189,0.49412179604734163,0.23105781070204323,0.24996221456885312,0.28624831980782833,0.48370792970096105,-0.14369547562285503,-0.13115917641866662,-0.05945351182835137,-0.0565298263079301,-0.21121189465220275,-0.017286179802226017,0.1531944307297324,0.04953780860621132,0.16535992890293275,-0.35028162741348146,-0.05955830342406539,-0.18079492486241064,0.30716552840154526,0.15176039804684588,0.15729178212215073,-0.008975400172906134,-0.05820004312577208,-0.047825675150083735,0.5245161953395953,0.16176235281315055,0.24887157588422948,0.0997942457322615,0.07259921446607674,0.12653464269088696,-0.2734097371544648,-0.11129391422807891,-0.08232387454833814,-0.1130229755573603
#26,-0.06256985266704687,0.1734683801436048,0.21881573405505186,0.15564494189104494,0.01840180725198147,0.1660096367963597,1.0,0.022362929569971567,0.21365112056474608,0.31156032670795186,0.33361412107056704,0.005667210105134183,0.1796212589904136,0.38743266636169627,0.03455986522188613,0.1941743933674981,0.17382547765823028,0.07829584682693064,0.016103646949053148,-0.09824171793729836,-0.041260078634001246,-0.16749928963389443,0.05337076274175119,-0.2330947981048843,-0.24861282125173562,-0.41451806949698017,-0.12499178796629741,-0.06205798602644376,0.1254012812787799,0.11806345131120484,0.12455085717510071,0.06472533518196456,-0.009916912355936747,0.0004179572490593947,-0.051763420881337625,0.03390693297166798,-0.10359253803229597,-0.036036620632256065,-0.1289021266648261,-0.32481968792256705,-0.13657125929269703,0.0786158642384573,-0.03823482587465716,0.10219800372010165,-0.026295032676840857,-0.13433274959040592,-0.20315986965537672,-0.03231490680601262,-0.06286004477825494,-0.05611065992507401,-0.1112503854113977,-0.04158009604552792,0.04068856139276092,-0.23963218149904378,-0.14472001499325907,-0.25372503894418436,-0.05820649183935448,-0.1970110212545569,-0.1593295756141896,-0.22149517454853968,-0.08132674221065932,-0.09940409856052622,0.1849503146770706,0.4470131372387012,0.07041793709682945,0.05904321242667107,0.5686173353512433,0.5529114934213045,0.14976855163908162,0.10832992424776763,0.24441632088798787,0.23630867573651362,0.2013308532655681,0.121378896181757,-0.06053931397778821,0.06333724958335264,0.09749769760772878,0.17810984174453826,0.3077185055912362,0.045941038605626906,0.09248382279741164,0.16496010866082386,0.21873754340286525,-0.23701400378458878,-0.06161463696765366,0.08834536085590551,0.08263018844350221,-0.047419406194392444,-0.16969991314388894,-0.010524703611078084,-0.10051327729669926,0.020555677588503556,-0.25506395310173047,-0.022633775540432426,-0.06688242987527784,-0.08225777523411854,-0.03685480116802325,0.0671024922262773,-0.08634625964536105,-0.01796732517436717,0.07400584011623806,0.24784219997863863,0.1360311795301709,0.08581665904240633,0.22184179290359374,0.0211844271627877,0.1823135969110662,-0.16987483449981158,0.0012861153150901914,-0.061267212523401775,0.0229505685951679
#49,0.6121945173843212,0.015744131166834267,-0.41793024507126836,-0.1209565054421097,0.1270698859182263,-0.022234761387521337,0.022362929569971567,1.0,0.604590677981472,0.24490722920944819,0.01642930698496442,0.49247253754864245,0.4427997090017996,0.22710797363282234,0.18126003832954135,-0.09110702244756894,-0.0295766218010854,-0.4689605278272067,0.157556985468227,0.391572740481598,0.2256465339172106,0.16636673431098517,-0.19607273342831752,-0.2886690056688223,-0.13049495891967924,0.0011361827242993574,-0.3523581131870147,-0.24924479518281095,0.25465123543245677,0.0023557956805710335,0.029524226003228387,-0.1836500928010189,-0.5023414875973101,-0.3250155675976325,0.24081793870900783,0.07187212200966098,0.06302206870701277,-0.1722358697601683,-0.03982201550512572,-0.30430471783855245,0.22318151315033766,0.20881539146714279,0.26196085227810884,0.04576934160649547,0.15989383805264973,0.11761204136043674,-0.19722624707036956,-0.15299774496546914,-0.17382950810421927,-0.14018898761242427,-0.1341683073940547,-0.13826404660807742,-0.23904212420625404,0.25486404298067605,0.022790156844805662,0.23073134457693417,0.22485979086015764,0.2109990871039835,-0.09210334869604996,-0.28070645657295207,0.09741628259875096,-0.12216563923880996,0.026557011666125917,-0.0211924880547657,-0.24670722638813597,-0.016327739746041597,-0.04980623630907878,-0.1532008794433148,0.08982775889066004,0.1704665039709969,-0.10260346658659514,-0.17764311609901193,0.3740072507723342,0.1253448550349339,0.35473285196373405,0.1178595107441614,0.2533179638992953,0.042140328037999046,-0.22838159456534662,-0.2997067850543002,-0.4374472767284064,-0.009870965271662136,0.10115976083333501,0.1545470484036411,0.37549529143147337,0.3951283999330946,0.2916039764380127,0.08023690961523347,0.02105948333712867,-0.12551655203406534,-0.05554156095142708,0.09369134441571632,0.18517843792004804,0.047026840755063755,0.12674986850669961,-0.259104072161105,-0.4653734308969959,-0.33970896149513424,-0.23016224560328724,-0.07798630857497536,-0.15560544352035274,-0.33979843739609006,-0.23508906278024194,-0.520676792490473,-0.2613587036473521,-0.3957885869860929,-0.1562164591322853,0.10431398786432712,0.1916545585351747,-0.24233661075766338,-0.23962573278546137
#50,0.4521132635931829,0.20823258897713326,-0.43776245760474625,-0.09273451653792751,0.09261279706905967,-0.07213007055295703,0.21365112056474608,0.604590677981472,1.0,0.27247306150662104,0.1527817130604587,0.4054044250266513,0.4277734002656064,0.2831400398611108,0.2600858888040256,-0.10881922039083235,-0.18083764758989407,-0.5560673326306923,0.20119946072632666,0.31181424480525893,0.30656418585998635,0.09671337281826921,-0.2861233759821693,-0.2005376614949327,-0.012038539124546827,-0.1337185096216822,-0.18521068148796005,-0.2326716012760392,0.21078305519897303,0.02750336038434333,-0.019922897568230413,-0.21843848431048138,-0.47257986832532956,-0.4016883538247925,0.2735604758344535,0.12644436070073334,0.21398161713584415,-0.04747905679502965,-0.04464001064037741,-0.3505024958536787,0.14114017286582847,0.22741106317119522,0.29307025268881126,0.17071477944391936,0.3843969344427808,0.2973538106859214,-0.277818238977234,-0.20948686376891035,-0.17949309080796336,-0.12213178349250237,-0.1474695852469555,-0.07318765958047088,-0.2952612031284322,0.14944772813835716,-0.08269951211451303,0.0829574606578091,0.37326726088875367,0.31424379764742866,-0.12776070436074105,-0.22455992567857597,0.19109352045350578,-0.015738488542449663,0.15326053004395201,0.05010851975825385,-0.10484681282407304,0.15826070133790654,0.24141041426939097,0.06306559752369398,0.07776947058076711,0.10160230380292731,-0.28858356021385545,-0.3085971428168384,0.32310271793125267,0.21921232994036954,0.4559550847098986,0.17697244988644217,0.3146710249222628,0.01426173313207973,0.004753104954828777,-0.2570735334718463,-0.25994643537280615,-0.10921097974096323,0.28091765194277574,-0.0795065928020265,0.2405648267008986,0.4502544219030557,0.2111167761268623,0.099328326175933,0.14318441507144974,-0.21841268945615178,0.064049832434208,-0.12522555383365946,0.05104922585208666,-0.20013864734202164,-0.18427561801851183,-0.3844864103437366,-0.5223744163410402,-0.42608061295022603,-0.40943648319404785,-0.18293186732577893,-0.30134153394743896,-0.22879350614542251,-0.3625204797036816,-0.43507415013008266,-0.32389268534509685,-0.3969106631494308,-0.2707012774498562,0.19627989835215215,0.31130479643224923,-0.3013044538443401,-0.2842927474139651
#51,0.44633441013415337,0.20025875463249385,0.2868254796734533,0.47564864990135486,-0.17014326220267903,-0.020505700058239946,0.31156032670795186,0.24490722920944819,0.27247306150662104,1.0,0.32061754493443473,0.003020013179558384,0.13100198902509558,-0.054060775095068146,-0.005361702299167915,0.004316204609621077,0.3125953452379273,-0.13927004592693204,-0.006471687124538766,0.04268685651410757,0.025447832929952865,-0.12484104928630878,0.12140227276849319,-0.12238167114382043,-0.2583560213855464,-0.18536061407875087,0.0953921926230747,0.2158235309528176,0.05184322371191984,-0.03814534997370134,0.4516779754263708,0.04710341922885477,0.10675160159847488,0.0962555141539187,-0.043232578901018295,-0.1610884622437896,-0.21116836583552154,-0.2521717050600234,-0.05765915727404816,-0.10867493042442611,0.0520858565604577,0.16676736064229186,-0.03462032191172114,-0.1628304210002358,0.1059600220062351,0.011334017165669468,0.35547526011490804,0.3111516394846672,0.13259562736914654,0.07208976609306703,0.12244938263643564,0.19853936637358607,0.16372921045578298,0.18598452711784821,-0.009693625648146095,0.0891756327296397,-0.007320499049822358,-0.0971309270227297,0.2543392789129081,0.2883296421165484,-0.17688297398548636,-0.1884559965983036,-0.09703258414059808,0.22579001779441904,0.24479357063255835,-0.024483750249383845,-0.08446081701170643,0.04472626218454203,-0.07921720678001624,0.06231351630214641,0.1262549297392503,0.17249220612506877,0.0034633622383484844,-0.03050362437855561,-0.07554385830564081,-0.0415131906421105,-0.21787664013961464,-0.10012071185737058,0.08237223990020616,-0.21050898487172098,-0.2993029343662023,0.0012990127422549942,0.17118795380302806,-0.30407659459557496,-0.03395207396674479,0.08406180285879535,0.0905008433708232,0.0799007704197508,-0.30302706646003913,-0.25228697581530884,-0.1955431328253628,0.20164764632030358,0.06840352019152679,0.1907348107604847,0.13405464881716486,-0.05818956396620068,-0.33841196397587375,0.16318832460405905,0.20608436126499577,-0.0014997289525072396,0.17593178873208215,0.3018300240013059,0.02312871430788174,0.034314008016557075,0.19988472924471457,0.1938003679797188,0.3311402333225183,-0.14881817247487522,0.13705088236538815,0.038375891484272194,0.19050023880392486
#52,0.14143197715543213,0.17867168591540497,0.22372239900206156,0.07853203096188609,-0.13187740189390657,-0.21786938533683445,0.33361412107056704,0.01642930698496442,0.1527817130604587,0.32061754493443473,1.0,0.16593467050096428,-0.2526198906540003,0.04256030051005294,0.17203757181750948,0.18207983104370415,-0.06915963185906336,-0.05373430896995907,0.15927717981633258,-0.05081384780632901,0.11931530783538853,-0.011756407905316762,0.009061651717070752,-0.039268232226236995,-0.18488905189803778,-0.10269697293353997,0.013042926265005854,-0.04162201268381353,-0.09390415196393558,-0.03644288958794736,-0.035918125520179436,-0.08529834368822083,-0.1642580049695399,-0.09368973223732072,-0.044660162870322415,-0.18250464005094483,-0.10156361152143291,-0.09344629329958506,-0.26866912658220193,-0.18949746384186142,-0.044828635512662654,-0.02830380695775891,-0.023367316710430592,0.0013844581972218136,-0.07121032277826703,-0.033532101494690894,0.027962025137891634,0.1218069295457889,-0.0006420500460478455,-0.13309701485017825,-0.011163932344933628,0.00891655566146672,0.038657216614304456,-0.08238110688138196,-0.04039353274636605,-0.04157364733194552,-0.10701841712294674,-0.1651277752139663,-0.22489284051726743,-0.12170536230686607,0.1478419984563392,0.012118341955129045,0.07466602716923641,0.20515252215233876,0.5023277840809475,-0.057953379831245225,0.07602831791351872,0.10742871652462703,0.2016573193906772,0.07668447452052807,0.36774716206221797,0.40462735503997194,-0.02437331602928522,-0.3103568355356362,-0.10625424456343216,-0.09072251790021825,0.01938281780570429,-0.06683890105859663,-0.0220816044399393,-0.1607765057242409,-0.022593471080542417,-0.08748606977105051,-0.0640385471854388,-0.08780044455819258,0.016004497977723724,0.09884870310324188,0.10651461137432162,0.18068126628552084,-0.017763384607323723,-0.05587850623610756,-0.3037630258976307,-0.20159444443324875,-0.042096799221317836,-0.09477634047595537,-0.1068644540861669,-0.010052335341167177,-0.03116784187754296,0.0737051688454586,0.07863762864679791,0.002978902630470575,0.14059686874651114,0.09030818805254895,-0.03408266041678842,0.07536571259292697,0.09428946260048406,0.018570279894321706,0.08098737865838544,0.1240607549428382,0.0229473442383767,-0.11308101397960191,-0.153183951570161
#53,0.26908748687586026,-0.14974033851715862,-0.329858551498016,-0.1876265308137672,0.3752623316533091,-0.050696158783450185,0.005667210105134183,0.49247253754864245,0.4054044250266513,0.003020013179558384,0.16593467050096428,1.0,0.4792712147562689,0.2790023840088025,0.3629968784195815,-0.15617937902918647,-0.034830711192346986,-0.311983523536797,0.2881426294226588,0.19532710092035235,0.12436626274880447,0.03230684591403462,-0.1315444870552151,0.045129306783442125,-0.15162094461562645,0.21936306862035818,-0.294406748578764,-0.25364281784600873,0.16986193707264677,-0.10132500911888405,-0.1965725087309536,-0.27078430463722963,-0.4628221585859583,-0.4484689343299283,0.073731769788986,-0.12475479774214415,0.03417294240694204,-0.19835154759049864,-0.03567307440404818,-0.10746982707371484,0.10502576462598469,0.13524121211632673,0.33325460528834816,-0.0012893396718813921,0.13889843880674616,0.12728672391243454,-0.10040364916579844,-0.0697222821191279,-0.29305896744004206,-0.41823011025285,-0.18706629882129608,-0.27577157850401934,-0.3059894442619548,0.15757794378736978,-0.023065839350453324,0.3138206008185836,-0.18252559837008764,0.03824933548021756,-0.14935825223740132,-0.3222361720436175,0.25459319701021516,-0.07577923635139847,0.22313879042285423,-0.033345088800801254,-0.16051694500254926,-0.16410968455714467,0.08219328809829451,-0.30004937296336526,0.16749848354469662,0.09196792571081953,-0.1607079881424279,-0.15558529129040774,0.24854994629430718,0.11067564381336617,0.28407590941975686,-0.07058479756077408,0.0728329803334388,-0.24643960477446633,0.009320406349564611,-0.08279301846145785,-0.23819653663776166,0.042395858313701705,0.07456445993031359,0.29388923931377625,0.5823482587465716,0.6840557571898118,0.4386564105251067,0.037376340878999964,0.21450154466842528,-0.04471981347095963,-0.17542556471586362,-0.0038784981752155783,0.17106059170977564,0.056350068416820664,0.08959560520169359,-0.23766774212400474,-0.13215550266714762,-0.2731542068787622,-0.13053687555796487,-0.027030992114432422,-0.2212815609111226,-0.26950101063433174,-0.3125897026135427,-0.39680103501853,-0.2756579199271295,-0.3369005467299984,-0.2873365402248586,0.07478049183532404,0.009971726421387158,-0.1209315166769779,-0.2836535186801096
#54,0.34540478776679034,-0.15678797637352562,-0.24992271619816092,0.07583969304123347,0.1628304210002358,0.45490797484195616,0.1796212589904136,0.4427997090017996,0.4277734002656064,0.13100198902509558,-0.2526198906540003,0.4792712147562689,1.0,0.2859549033398291,0.11463354177456507,-0.2621341614556359,0.09002847510091229,-0.2358089004338775,0.2545609534423032,0.2980647813583812,0.07424524860798472,-0.03056246888999502,-0.2005142849081965,-0.1403647150575447,0.0015327786096170472,-0.0172160500420174,-0.0927522505002791,-0.07441694560711616,0.504625138294678,0.2853471120846877,0.17947777511320515,-0.18437396090064345,-0.2318501963834808,-0.3297714938646536,0.12202215536160153,0.12994601217597734,0.10288156735983621,-0.015481346088351406,0.07364309997722798,-0.2454908377886555,0.2335623298396084,0.38345864661654133,0.4166937042418429,0.17113636409436886,0.3585456538693289,0.3064561699074811,-0.08324362232302815,-0.12445573864976028,-0.13610937018235753,-0.12150061565062482,-0.14997410438452066,-0.025829919209710152,-0.29786003470213995,0.16081116755974634,-0.16702369700719233,0.05523202269947181,0.040653093468057705,0.16963461991886714,-0.014725234420814835,-0.05169651547792021,-0.03713128976286871,-0.21197848547931072,0.12722304286580832,-0.03377392825403095,-0.19321756548970925,-0.09638690669316013,0.21601941062788302,0.05360855905510224,0.026559429933719316,0.07790489356599754,-0.18991340586792632,-0.31939470762137184,0.4914222033239088,0.5211080502112961,0.3329329756984259,0.10577784584753226,0.06614888870527968,-0.1589974668646959,0.3676294730393392,0.04916861975361884,-0.15620678606191168,0.2620938569957459,0.5873468178621305,-0.10379647859933941,0.2811481934533466,0.48270031820371084,0.2674269431283919,-0.09479568661670257,0.12310070270825818,0.018067280234894394,0.08375548896363127,0.21140454997047697,0.0163333823704262,0.05549561386715247,-0.028539991092714365,-0.20781342259427718,-0.30182115702013007,-0.2534493564385367,-0.25816497824566775,-0.14319973076620793,-0.27535563647795447,0.05196736144838107,-0.22374335732120437,-0.23623129117352482,-0.17023918681721725,-0.2829691489511772,-0.12974932641171408,-0.12595990109285543,0.11350018036245801,-0.24085260054451324,-0.2897757661374019
#58,-0.10541591179771997,0.18471413054211513,-0.2632989603464571,-0.17203515354991605,0.2582133435975358,0.059544599907702785,0.38743266636169627,0.22710797363282234,0.2831400398611108,-0.054060775095068146,0.04256030051005294,0.2790023840088025,0.2859549033398291,1.0,0.1619969247697104,-0.06073519365285366,-0.09087728702619588,-0.08885561531811302,0.061847596745817905,0.08364827910032385,-0.03876845692360088,-0.1615334234809753,-0.2692906213537059,-0.043063300169480255,-0.21253791138258404,-0.21446285238693089,-0.3429510522486866,-0.24109281512545772,-0.0073454878149541636,-0.004738595349268373,-0.29467437019243364,-0.27133970009451397,-0.2578876835616245,-0.26950020454513396,-0.0423805426189435,0.049079949941860816,-0.08810756454255446,-0.015299976018846365,-0.14727612383948346,-0.08104058054544025,-0.051775512219304626,0.16986435534024016,0.25328249597459207,0.241595814784885,-0.024087960453263956,0.014594647970771205,-0.2676461993901935,-0.16268048840944493,-0.23651584066034828,-0.2944897757661374,-0.4132404181184669,-0.30394197769954234,-0.35434109261360314,-0.27899029267083547,-0.2534171128706247,-0.05669749286107254,-0.04332850351555651,0.035037070026983835,-0.25752494342261445,-0.38973243884302017,0.31409950768102246,0.05079933820076861,0.19437510957775034,0.1404630579396763,-0.31018030200131796,0.010172442631639404,0.5902084345143211,0.3000711373717059,0.19475155323312301,0.06351942574205549,-0.07929378525380726,-0.029418628318316563,0.0979918302859803,0.15754408804106218,0.22100990885146396,0.11402172007343472,0.3122003615310052,0.15286635242622773,0.12949943876039602,-0.03921503033918218,0.2061665823631714,0.07564300727697024,0.060899635849204894,0.2052436102316902,0.3504178564879097,0.12357387706736689,0.07045985373511506,0.165471975301427,0.22664930887927404,0.12830159021246496,0.13061506621015148,-0.14950012393621417,-0.11909443939519128,-0.20106161947350285,-0.06831726864736218,-0.28690770077162886,-0.06285037170788134,-0.13249164186263032,-0.0975920100438714,-0.012901054566193022,-0.10030208192687562,-0.1522335724059546,-0.028718942894626006,-0.08758360656398434,0.046419855589120214,-0.14104424825129025,-0.18866719196812723,0.22093091211007954,0.15210862858029556,-0.011205042894021439,-0.0927240373783561
#101,-0.03765282947384543,-0.039318209756500605,-0.3103471624652626,-0.1310342325930076,-0.023030371425750117,-0.08358782241048883,0.03455986522188613,0.18126003832954135,0.2600858888040256,-0.005361702299167915,0.17203757181750948,0.3629968784195815,0.11463354177456507,0.1619969247697104,1.0,0.40986532264727754,-0.1788538620741078,-0.27975607740874564,0.6609097119641774,0.17556259987948966,0.4680560957472749,0.14854974477200775,-0.13716937747746477,0.00393089397307259,-0.001885845678253527,0.34620765260779934,-0.41793991814164194,-0.5117001831837702,0.36969144920731206,0.14412753943287596,-0.15391346229417016,-0.005063449295981847,-0.33130064507288054,-0.31606314096686366,0.28846264683418543,0.20015718739357102,0.32429411776560135,0.1324868053274435,0.03198118587812335,0.13000324450902115,0.2902086360366206,0.1302426530007678,0.231829238064338,0.35337136730864954,0.07822007444233742,0.15382398639321435,-0.30446029305372785,-0.2660090322294614,-0.5663215933159084,-0.467607910153298,-0.5445668580456771,-0.40943003448046544,-0.5337692932411436,-0.1125997787285152,-0.16528738087513073,0.11155992366335298,-0.26122247457292386,-0.02732521467162949,-0.24646378745040032,-0.31014080363062574,0.17934477039556812,-0.08539588048115464,0.4785803963137541,0.30520431338329745,-0.10384887439719642,-0.03435431247644708,0.20845668177412172,0.09699792230509267,0.47267901729665895,0.45056637842260433,0.010495684399957277,-0.06315507342464981,0.006208095956858106,-0.21683114245006782,0.00256054233681228,-0.30884541828976086,0.01937717518131969,-0.3107228000314375,0.25364281784600873,0.16046454920469225,0.16130288197040443,-0.015141176446879729,0.00636044681524234,0.07741479133373504,0.12843217666250858,0.21222756704143098,0.08019902342293686,0.2462711321321261,0.2585938176988975,0.030445585956313997,-0.012196532607315663,0.01638094163309641,-0.061167257462874554,-0.1006656281550835,0.13370077565933058,-0.05848620479099115,0.15043115695967338,-0.4301763521642487,-0.34237228020466604,-0.2963357200290998,-0.4410222823206502,-0.27482926023179094,-0.36837349336890873,-0.265260175364705,-0.32347271287304297,-0.37288195025220516,-0.4842867017449816,-0.011770111421679367,-0.07142313032648628,-0.009866128736475334,-0.07279993067632899
#102,-0.26363832389873104,-0.013237193761675698,0.07520610693176254,-0.07384704054427142,-0.22227869324880145,-0.13101166209546916,0.1941743933674981,-0.09110702244756894,-0.10881922039083235,0.004316204609621077,0.18207983104370415,-0.15617937902918647,-0.2621341614556359,-0.06073519365285366,0.40986532264727754,1.0,-0.1037505315150648,-0.0009201508192889084,0.282038115927718,-0.09512618318780064,0.05276216539741205,0.29293805406037204,0.22079871348164032,-0.04278600548543699,-0.24873695898819684,0.11604097351392419,-0.3691126771632915,-0.38960104630377873,0.0339891540698436,0.028818091865955426,0.04337848104582012,0.20739345012222327,0.06212569751905897,0.04821421014342342,0.036222021147750104,0.11087474784522282,-0.0679940268790443,0.059769498793889035,-0.13485590147977825,0.10913681953476562,-0.15253988630111864,-0.14429036945083157,-0.3310725218299031,0.05994683841740508,-0.2344538644923754,-0.20634553416508303,-0.13591107223969867,-0.10884420915596416,-0.20567567404171108,-0.2247227556965316,-0.36485330184211534,-0.23738964135076368,-0.13549109976764478,-0.2115045050310042,-0.09868264872849505,-0.20383214804634206,-0.40342870040284307,-0.34453662970075954,-0.0711160103421244,-0.11671970061847194,-0.029151812793844704,-0.07753248035661386,0.10740937038387983,0.3752599133857157,0.10937542193731448,0.05402450108116714,0.12172309626921766,0.2921980641767915,0.33129580853769375,0.2393250615146819,0.25667532540813304,0.2171527720399901,-0.1430030450019447,-0.37145275410450546,-0.3295062905185773,-0.2216934724911985,-0.08688230896189818,0.10869991918955792,-0.0006364074216632441,0.204401247019989,0.11143739810528734,-0.10698939791182593,-0.18646173192294593,-0.021570543888533987,-0.2211380770339142,-0.10269697293353997,-0.10523615390661054,-0.06836724617762578,-0.22850008967742325,-0.1112624767493647,-0.2335752272667732,-0.16178653548908453,-0.13384667780413242,0.17342243305933017,0.28064438770472144,0.1377811991785951,0.35331977759999034,-0.0467721165685589,-0.085164532881386,-0.22262208724706434,-0.02608464339621501,-0.0689113563861409,-0.07586387571716749,-0.025315634301513634,-0.08975521086285802,-0.0932149456998164,-0.13528474093300794,-0.13458263724172398,-0.22179745799771475,0.19482248908252942,0.16667385429534706
#201,0.03835412707593159,-0.2471360658413657,0.5396932427557771,0.32728873913542905,0.11622798620781383,0.4429544781277772,0.17382547765823028,-0.0295766218010854,-0.18083764758989407,0.3125953452379273,-0.06915963185906336,-0.034830711192346986,0.09002847510091229,-0.09087728702619588,-0.1788538620741078,-0.1037505315150648,1.0,0.33457820375113606,-0.29151047009106795,-0.41786978838143335,-0.08991884697001147,-0.3115732241351167,0.44388470506203864,0.08810514627496105,0.12695864560892986,-0.0635428023287917,0.2334655991358724,0.3368626605377018,0.15831551540335695,-0.12780665144501566,0.423172243124563,0.07295873024829562,0.3859623596649087,0.2729123801194221,-0.26247191282951415,-0.3252582004461704,-0.094955292277867,-0.2536968258222614,-0.03744163410402178,-0.10176190946409175,-0.13944657946125028,-0.2322443740012051,-0.288303041173021,-0.3742901880807621,-0.07448707536732477,-0.24510149670611803,0.3278062484004167,0.23426927006607917,0.18836813287574336,0.04361547126997338,0.362458410835451,0.12642823891677735,0.36766897141003135,0.005161792178113469,0.11061921756952016,-0.08847594730594914,-0.1218988237143381,-0.38042694514361486,0.17206256058264127,0.09859639718433043,-0.3740975327624878,-0.15571910209724257,-0.205264568550833,0.23682134846631453,0.004786154611938584,-0.06389506330823037,0.029469411937777974,0.16017758145027539,-0.24870793977707603,-0.05855633455119976,0.15853235339756522,0.31335548735145285,-0.0865308540716573,0.014862269584440866,-0.24557870151121572,-0.10846212287620687,-0.2938860149569851,-0.13570713167265525,0.31559399705374397,-0.09002122029813209,0.03184415071449731,0.14472726979603928,0.10730054834217681,-0.10279773408326498,-0.27674936470095096,-0.04005739355088337,-0.0940613393575066,-0.3159204631788531,-0.31402857183161603,-0.07655953069486904,-0.20734669694875085,0.08348947952835721,-0.2711107707623387,0.1855460145942449,-0.025817827871743148,0.38867404372630854,0.0997547473615693,0.5468271321563087,0.34032561973145137,0.3842510322979789,0.33663695556231776,0.6376282437533125,0.2730574761750261,0.4105746811413417,0.34691056238828105,0.4309461673481479,0.41759168760819226,-0.35707292890494796,-0.048953393937806185,0.014449551915167173,0.10700310142818853
