,#10,#11,#12,#13,#17,#18,#26,#49,#50,#51,#52,#53,#54,#58,#101,#102,#201,#202,#301,#302,#401,#402,#501,#502,#601,#602,#701,#702,#801,#802,#901,#902,#1001,#1002,#1101,#1102,#1201,#1202,#1301,#1302,#1401,#1402,#1501,#1502,#1601,#1602,#1701,#1702,#1801,#1802,#1901,#1902,#2001,#2002,#2101,#2102,#2201,#2202,#2301,#2302,#2401,#2402,#2501,#2502,#2601,#2602,#2701,#2702,#2801,#2802,#2901,#2902,#3001,#3002,#3101,#3102,#3201,#3202,#3301,#3302,#3401,#3402,#3455,#3501,#3502,#3601,#3602,#3701,#3702,#3801,#3802,#3901,#3902,#4001,#4002,#4101,#4102,#4201,#4202,#4301,#4302,#4401,#4402,#4501,#4502,#4601,#4602,#4701,#4702,#4801,#4802
#10,1.0,0.41318560405301646,0.22794469422013894,0.4600185803560093,0.39443758149057984,0.10642110502737681,0.06501391511477703,0.5824449894503076,0.15020787025188273,0.3796313351053861,0.47088224447476235,0.16385173601384861,0.12506594817249503,-0.21974999143530227,0.13867595818815331,0.10617444173284994,0.20632780020273142,0.16879951150994613,0.12826773446615736,0.0521172940391719,0.05935033241103294,-0.0074954204057449975,0.30007033128250804,0.1929459134300506,0.15925702758638757,0.10490888169230367,0.029417822229118762,0.01616007319289916,1.9749185346104472e-05,-0.050882365388142024,0.04993198622393561,-0.2585962359664909,-0.09017195897812072,-0.32121002049481784,-0.13977304558635936,-0.29663961565667046,-0.3371883205736131,-0.325344451990335,-0.23500361732527514,-0.13253920112530052,-0.035418350217543325,-0.059085129064956686,-0.05035437696358291,-0.07016563117791799,-0.1775528341088583,0.07146424087557408,-0.1638428690326728,-0.2886117733357785,-0.23849559573014553,-0.20517025611469036,-0.08993496875396748,-0.026251503860159647,0.010133750350144995,-0.04582415567194588,-0.061480020071621025,-0.13010723001553737,-0.4044532397732471,-0.2352994520608678,-0.16822960644710142,-0.15396021546764257,-0.254783434060896,-0.2683869953629719,-0.04523893491434295,-0.015114575503352323,-0.06695981443826667,-0.08505087430449616,-0.08762632929146774,-0.1625732785461375,-0.016342249351602,-0.07792423970674475,-0.02507219536377798,-0.18613284753024345,0.05080578691435101,0.025753340735919134,-0.3044723843916949,-0.37167765299069166,-0.4410045483582986,-0.3006853773404296,0.11026373223329028,0.008072580271369928,-0.20145982753721614,-0.10700229533899074,,0.09307388009020139,0.07365035478000818,-0.14514885444648878,-0.19861030222299247,0.20374509041297964,0.1351743067129093,0.10075671623443493,-0.05786793437627841,-0.06433438192103147,-0.3046416631232329,-0.1774996322218035,-0.04555008534469382,0.20806572851318864,0.03653317157810097,0.06261741192971708,-0.05933179235948354,-0.16133754380590984,-0.2185303784790306,0.13520090765643672,-0.11465450009370787,-0.028067622822803458,-0.21082739010485205,-0.014013457659157274,-0.14693595419801178,-0.33429768471030163,-0.21818376012397653,0.08639946153241587,0.14458056156203966
#11,0.41318560405301646,1.0,0.1240510818724646,0.5397472507320298,0.10967851147568734,-0.05400112449443093,0.4415510768344071,0.3027223647432707,0.07851429699953448,0.5197780030349258,0.2990788415692138,-0.04778940113618273,0.1752240424164136,0.014829219927331059,0.07443226130187436,0.3252783526761154,0.14889716921625962,-0.03934884114601701,0.20596344788532575,0.3346846075252457,-0.18917986469792816,0.16531640008625154,0.1019860022610802,0.3117344419746767,-0.034563089578677327,0.23110133951872444,-0.0512088315132511,0.06369595927637373,-0.05179082791406283,0.027841917847419406,-0.16958786674539472,-0.207890807157266,-0.27920874284343933,-0.30852943132422317,-0.1762042468809386,-0.07011162320166538,-0.3838963530509468,-0.08442776735459662,-0.24954143600760142,0.05041160929662672,-0.059508325893801776,-0.1805571285490596,-0.06126398816661058,-0.012876065801061216,-0.12260576394080887,0.2264381135094504,-0.08736112594539149,-0.12465484268161693,-0.20682515723777414,-0.03329511127053764,0.03535950570610391,0.013692634158432802,-0.08904988281478286,-0.07033007337426923,-0.2511108916757184,0.03805264971595432,-0.2931024962567233,0.06453832248807492,0.06827615809827436,0.04552993311474881,-0.2702111752175937,-0.2855091360134456,-0.013373422836103929,0.03449295981846871,-0.02308921593718953,-0.132860024626025,0.19741890238864382,0.19360932483984014,0.13786745072275972,0.1055263460178186,0.029152618883042502,-0.19490551626990285,-0.10747143925211045,-0.23667867067830392,-0.405744594668123,-0.35903172565560243,-0.3886280966420339,-0.24560207809795193,0.00763729210455783,0.21707377529860566,-0.38504180580102093,-0.1629602013610816,,-0.13041999262428383,0.0768311827545277,-0.04528085155262856,-0.19817582014537818,0.01629872053492079,0.00031316565334537093,-0.1827359876507135,-0.28978866356456673,-0.09413388738530862,0.051351509301261734,-0.05395275914256292,0.07103943186833339,-0.0012683813527385873,0.18695828286879085,-0.2855180029946214,-0.12208099987304095,-0.19664022022356883,-0.16939601751631828,-0.11468513148322428,-0.22966247030065112,-0.14470066885251187,-0.3410446512958891,-0.28634585660076217,-0.30891071151478267,-0.2630909893334247,-0.07913014914665382,0.011535539465119513,0.012722908853479181
#12,0.22794469422013894,0.1240510818724646,1.0,0.48466314540035427,0.09430397220604446,0.48441245165983843,0.2066357262762911,-0.016250355183052782,-0.16229840212968766,0.4603369855891404,0.04762012240464469,0.07081211471455374,0.35322546516384773,-0.2715637928915024,-0.3586012740239771,0.03307263065194479,0.5045775790320078,0.7508096158380405,-0.27626732336066645,-0.13455926065498777,-0.18464158251431312,0.0649437853545684,0.4804263405767165,0.23416044802437613,0.08715637928915024,0.40380756232580917,0.2265703121378896,0.2910187556804098,-0.03248257335915506,0.0648518911860192,0.524719329817441,-0.24473875656710795,0.2931871356224923,-0.08933926883679313,-0.37637715301386676,-0.40846514571069864,-0.3689280827369953,-0.44485443036699224,-0.48201836674237186,-0.13049576500887705,0.03943509269018163,-0.33172384190172566,0.046677804132416276,-0.33190440588203285,0.12869334956259584,0.1305844348206351,0.054908780931153936,-0.002145406399945186,0.06535811520223771,0.18700906648825225,0.04963292713155174,0.34721365192665393,0.25661889916428704,0.34099628594402115,-0.16664161072743505,-0.27660588082374254,-0.3120794481513352,-0.29648726479828624,0.09614266166622668,0.1621057468114134,-0.00688521088301026,-0.08514518674063878,-0.3347450642150807,0.027576714501343146,0.35430965513488893,0.1474873192093071,0.016326933656843796,0.14980966218816943,-0.1942429109493111,-0.20150013199710615,0.22706041437015212,0.10146526863930128,-0.4044064865997747,-0.26075333065980416,-0.4878971752619286,-0.5322207958921694,-0.4891820814432221,-0.30091027622661587,0.38671524697565407,0.3929172972635287,0.14928167376361032,0.25007990359173193,,-0.05590430109043716,-0.19018022139239818,-0.10301618425586884,-0.027677475651068168,0.31279686753737734,-0.06730723888251855,-0.02985069212833746,0.011086547781944811,0.04318098919235908,0.13091493139173316,-0.1174435687180965,0.09919290319070256,0.5761155770691806,-0.017794822086037932,0.477189086358351,0.5304764188681299,-0.14102490211054305,0.11375409845976507,0.5611948660178993,0.30011224792079366,0.2242229803938955,0.2101204498783813,0.06745636538411158,0.26113461085036366,0.03205453999512316,-0.18481408560264237,0.16238787803064347,0.16570009854440443
#13,0.4600185803560093,0.5397472507320298,0.48466314540035427,1.0,0.07665061877422046,0.2666571279444927,0.5007583284128305,0.3188417304316809,0.014735713580386238,0.7268107282411336,0.23808771459605862,-0.06637136932387254,0.45754872305394956,-0.043817799658621225,-0.008503837992193026,0.1382164873454072,0.37193560153398775,0.20105114031393143,0.06191369606003752,0.13085044425590914,-0.12520943204970347,0.022399203583872575,0.33258152080818504,0.2255506093026724,0.08442051255181642,0.2636189777579838,0.1315823732475117,0.04895178175941059,0.07093464027261936,0.18118507203414594,0.2822267408000032,-0.18607077866201285,-0.09172368068388607,-0.15915868470425595,-0.2180128692140429,-0.10810018882639459,-0.27399898835805675,-0.25576605679301445,-0.33339567089796324,0.010495684399957277,0.02511008155607459,-0.22430842584886232,0.10416647354112969,-0.1011388025141922,0.07840628104702926,0.12724964380933573,-0.15480177259014596,-0.24367391273681388,-0.07696741182895593,-0.024953700251701353,0.028648007045219588,0.14902936784469886,0.03127747000844378,0.08781656634214859,-0.1421260199547381,-0.08184183320805363,-0.29367159523037023,-0.1484119035191839,0.056182401863678226,0.06595300903021424,-0.20770943708776093,-0.27785048254514605,-0.19313856874832486,-0.13257063860401472,0.04058941242143149,-0.07370355666706299,0.038682205379436264,0.25285688087815356,0.05627671429982085,-0.08681701573687636,0.09918403620952676,-0.13266414495095954,-0.11957325637868459,-0.17985421876857785,-0.45629041781618346,-0.5641072662895513,-0.5014999304748067,-0.3099715248990877,0.24973570350427127,0.2549801198251593,-0.26021002654048686,-0.1297622238388789,,-0.1439800251096785,-0.11886873441980722,0.04178564879096697,-0.10740856429468203,0.08135737360017573,0.10653315142587103,-0.20512027858442675,-0.2805194438790624,-0.08637527885648186,0.07074279104354292,-0.13564022626923783,0.13626413930833517,0.12996777658431793,0.09036703256398837,-0.004760359757608979,0.10611156677542154,-0.26850710265344413,-0.07052272869254347,0.23195418188999703,-0.0697134151379521,-0.06792470320803348,-0.09232663540384062,-0.2278648913895567,-0.056388760698315075,-0.2154849734897415,-0.10734165889126461,0.062496498550047054,0.07487399818226886
#17,0.39443758149057984,0.10967851147568734,0.09430397220604446,0.07665061877422046,1.0,0.14442659852525983,-0.12919070659763857,0.389870280095844,0.25447389580894075,-0.0335530598138337,0.1699554434195916,0.45614693393897504,0.0582613059048049,-0.044609379250861,-0.026561848201312716,-0.04732267549065642,-0.11313179759906332,0.13926359721334963,-0.15641717534253752,-0.22437049471709292,-0.0944845361863517,-0.21362451962121867,0.14011402131702883,0.023875958994242507,-0.01010392504982639,-0.08040941270356271,-0.10806069045570238,-0.059345495875846144,-0.08887093101287123,-0.14944289160317034,-0.05074210586772479,-0.2185311845682284,0.013208174550554891,-0.33171255665295646,-0.08032799769458489,-0.3257644244623889,-0.156778303303152,-0.3263818887879038,-0.12962115822926387,-0.39744993682275914,-0.1345753824389438,-0.10188765937894857,0.006693361653933816,-0.18280289305413092,0.0927054973268067,0.07304820614925145,-0.04672294512749308,-0.1669414759090167,-0.0719478943942542,-0.20372251991544124,-0.07047758769746666,-0.011542794267899715,-0.02971446305390923,-0.22758114799193105,-0.10859109714785489,-0.1721633217323663,-0.1421961497149467,-0.1858773172545408,-0.04206778001019703,-0.1699723712927454,-0.14065893761474177,0.009736348375629506,0.11452391364366424,0.20574419162352411,-0.16748558611753184,-0.06009112838381131,0.06436340113215228,-0.13727013862718979,-0.0861028207076254,0.061505008836752834,0.00035830664842218115,-0.06261257539453029,3.6274013901008214e-06,0.05492167835831874,-0.11410716552840154,-0.05926327477767052,-0.2286355126626537,-0.1116671335266604,0.04843830294041187,-0.11794415010993041,0.07057673666879609,0.09500285154053721,,0.4922226498973244,0.4160875251650971,-0.020013179558384032,-0.013385514174070932,0.08758199438558874,-0.04404592290159868,0.2548503394643134,0.2981953678084248,0.08866860262422338,-0.08577151804732953,-0.15094302360027648,-0.13913139858491042,0.12415426128978302,-0.14670621877663872,0.11971835243428862,0.07972262470703696,-0.19190041574050376,-0.1148157179332679,0.13936516445227246,0.024208873832933984,0.11007510736100504,-0.0626770625303543,0.02684962204492738,-0.04650530104408703,-0.1280186529040371,0.034743653558984566,-0.011596802244152327,0.08823412054660909
#18,0.10642110502737681,-0.05400112449443093,0.48441245165983843,0.2666571279444927,0.14442659852525983,1.0,0.15219971665964696,0.19554232673616498,0.09336165393381604,0.21440884441067826,-0.029479891097349376,0.2865876833601022,0.4773914147469988,0.06879850389844888,-0.2725528643372032,-0.32254490420637494,0.4269874632977512,0.5937012190083893,-0.14893989194374305,-0.30673507676991996,-0.2847917166274034,-0.328862225249535,0.2846949859236674,0.08834294258831211,0.09165113265608406,0.26280321548981,0.10563194370273042,0.04965469153989235,0.19699248120300752,0.19231313340977746,0.5446885775145449,0.07034135862303843,0.25981584892276255,0.04991908879677081,-0.17495803298113952,-0.1099558061597306,-0.02795315815671583,-0.1955149197034398,-0.3846653621456482,-0.10208998776759642,0.16325523000747647,-0.0017641262093856995,0.053261134610850365,-0.0741936588993255,0.1430989696164829,-0.1399302329799304,-0.05675794955090756,-0.11182029047424243,0.1046178834918978,-0.08865489910786079,-0.024844072120800528,0.16717121133038976,0.1033329773106043,0.009034244684345546,-0.33890287229733407,-0.3299415786853894,-0.2123573474022768,-0.3692827619840273,0.0009475578520141147,0.011893443068942794,0.09484082761177938,0.020116358975702457,-0.10978007871461017,0.025829919209710152,0.18662859238689058,0.11630859512759384,0.10013925190891998,0.2617939918141642,0.047492760311392254,-0.01497109162614389,0.41270114444513856,0.37650129075032795,-0.07145698607279388,0.05832176259463991,-0.16303355547808143,-0.3164790829929286,-0.14157465494344276,-0.160227558980539,0.3440715162336288,0.17212301727247628,0.17915050289889828,0.10915374740791943,,0.2558506961587835,0.058838465770429824,0.22452445775387275,0.13536938029877696,0.1906759662490453,0.021448018330468357,0.2944478591278518,0.22146293098062766,0.06731126932850755,0.14255808376475898,-0.1709437087760946,-0.024797318947328117,0.3160840992860065,0.0680020877710223,0.3394324729002888,0.3219774174111236,-0.22011756810949915,0.059789651023834045,0.649800996729293,0.3454733053486034,0.23595722084627274,0.46478176142581057,0.2035604959866834,0.24006102095227347,0.045234904468353945,-0.18029111911378554,0.03982040332673012,-0.016590524824524458
#26,0.06501391511477703,0.4415510768344071,0.2066357262762911,0.5007583284128305,-0.12919070659763857,0.15219971665964696,1.0,0.16412580634110066,0.07907049854601661,0.49310773583650896,0.10344824806588973,0.022899784975706487,0.2709463285659875,0.38124754394697546,0.10867493042442611,0.2564044794376722,0.22760533066786506,0.054209095507463376,0.18528403560495987,0.19638146559107497,-0.12652900006650236,0.0882986076824331,0.12820324733033334,0.12390034319247596,-0.077277756170109,0.08969878461901201,-0.06187661595693871,-0.05324662500528996,0.00018741573848854245,0.059215715515000315,0.2547221712818632,-0.016438980055338025,-0.14155289053510217,-0.10723041858196819,-0.17813563659886786,-0.07698837014809874,0.0022977572583294205,-0.09982165276498671,-0.1934440765542911,0.12133778563266918,-0.00962027153114628,-0.12727946910965432,0.04355420849094056,0.14539712991941123,0.08640832851359168,0.20107532298986544,-0.05629686652976585,-0.1827545277022629,-0.25992547705366337,-0.03292511632874736,-0.12061149926545121,0.02666180326183994,-0.14520769895792818,0.14771544245228455,-0.20284710704663025,0.05290161882863148,-0.14531087837524662,-0.001069277320881942,0.13279795575779438,0.1823337491410112,-0.1704108838163487,-0.1457115047065533,0.029957901991644886,0.08222633775540432,0.02039526583814132,-0.0011192548511455534,0.3803834163269337,0.5824860999993954,0.15471793931357475,0.12271136162572069,0.1527325416193929,0.07447740229695117,-0.03809779071103113,-0.22195061494529678,-0.3753211761647485,-0.4637419063606483,-0.2278850436195017,-0.21450476902521648,0.26950020454513396,0.35429111508333955,-0.26919792109595886,-0.2485620376322742,,-0.10310969060281365,-0.11783129762223839,-0.044653714156740014,-0.04822146494620362,-0.029782174546524445,0.06580065817183,-0.08486547378900212,-0.11752982026226112,-0.06874368983299847,0.14324164740449355,-0.07867551483909452,0.15085838423450748,-0.07113374430447601,0.015337862211142974,-0.21530199124184088,0.022049360872027295,-0.21356245075298808,-0.09993289307428313,0.1130439338765031,0.00534477442601411,-0.20672439608804913,-0.05310072286048813,-0.23763066202090594,-0.1558891869179784,-0.13589736872333608,-0.012800293416468,0.010019285684057369,0.11352033259240302
#49,0.5824449894503076,0.3027223647432707,-0.016250355183052782,0.3188417304316809,0.389870280095844,0.19554232673616498,0.16412580634110066,1.0,0.49552761560830516,0.22988736918683736,0.32686796057417733,0.2087162424958134,0.0574036269983455,0.18255058713521946,0.418169653563015,0.11279646449277844,-0.05749632725609252,0.09547038327526132,0.4523051128222593,-0.07773561483445951,-0.08372566366331266,-0.24266952559635485,0.07872952281534713,-0.025561491506842688,0.1174516296100745,-0.2004538282183615,-0.24286056873623352,-0.3069059676798536,0.3346765466332677,-0.054052714203090144,0.0031030403669318027,-0.18555004504023392,-0.4420710043669882,-0.4561195269062498,0.037539976986153405,-0.27001287727493484,-0.021393204265017944,-0.23038795057867129,0.006551489955120984,-0.15680732251427282,0.034024621994546804,0.08905391326077187,0.13390310404797842,0.052649312909720025,-0.13691223502336652,0.001527942074430246,-0.4990518375810875,-0.5195466554351572,-0.4809873786583854,-0.4241613145702638,-0.28659332598448684,-0.20335977977643116,-0.30886637660890365,-0.1687350243741221,-0.14694320900079197,-0.0008072983315968829,-0.5665424617561057,-0.33731729484526113,-0.3462221622133597,-0.48713542097000745,-0.3171166995483885,-0.2525118747014951,0.17639770828841064,-0.04930162447125587,-0.25984325595548774,-0.24660082261402635,0.11799573981858963,0.026473984478752495,0.40671512606227445,0.12385842655419035,0.27573691666851396,-0.013881259030718044,0.45844509424190333,0.3027247830108641,-0.059444644847175564,-0.1898311847697507,-0.22225048012687845,-0.21131346189112557,0.022172692519290722,-0.15262775002367887,-0.26842165719847727,-0.14797500317397622,,0.35698345300399215,0.31241558734681785,0.029681413396799423,-0.22439951392821372,0.024956924608492553,0.1840071903156444,0.15775931385687483,0.1911958937816264,0.006672403334791011,-0.29200379668012166,-0.2529697333658456,-0.2353034825068568,-0.030608415974269634,0.08593273588688956,-0.19837653635563043,-0.1717780110958178,-0.5029339631576932,-0.30009693222603545,0.12454118410472712,-0.3182613462092648,-0.2808241455958309,-0.2754354393085367,-0.3425552624525667,-0.39772078279322,-0.4616742875682909,-0.158557342162697,-0.08840501145654273,-0.16233709441118208
#50,0.15020787025188273,0.07851429699953448,-0.16229840212968766,0.014735713580386238,0.25447389580894075,0.09336165393381604,0.07907049854601661,0.49552761560830516,1.0,-0.14595816800108016,0.15078664229590324,0.08128643775076931,0.021489128879556167,0.34322915302192764,0.2004562464859549,0.10812840194831759,-0.25234501423755046,-0.05047932078924194,0.16087243033877913,-0.07408000032243568,-0.1623725623358853,-0.11333090163091997,-0.24336679275245202,-0.006367701618022542,-0.0984722594478692,-0.21724627838693492,-0.4482472598005332,-0.3923627078954422,0.19276534944974336,-0.055007929902483356,-0.2561247664860355,-0.06304705747214458,-0.39276817076193565,-0.3096813327878796,0.01603109892125113,-0.08615602259468022,0.09420401714551724,-0.003192516267887623,0.09034284988805437,-0.0962127914264353,-0.10089858793324775,0.07133929704991505,0.12619124869262408,0.011312252757328863,0.010172442631639404,0.12924068412790218,-0.3703758189362444,-0.4030280740715364,-0.37981431735328675,-0.3336100906245781,-0.29087365962480577,-0.31067846512555847,-0.41345000130989495,-0.23589515197804212,-0.10447198134709597,0.04035645264326724,-0.22009580370115855,-0.05438079250659482,-0.30718406845309465,-0.4052536863466627,-0.1898779379432231,-0.047121153191206376,0.2794747522787134,0.25310999288626285,-0.4433768688674245,-0.2933717300487885,0.3275974712981865,0.10279934626166058,0.2894525243690841,0.17243819814881617,0.2899950223992036,0.15621968348907647,0.3835626321230576,0.2658179890895827,0.1475759890210651,0.19477251155226583,-0.04186222726475798,0.02653363507938971,-0.033569987686987504,-0.0688718580154487,-0.1911870268004506,0.0322060847643096,,0.2608379700255732,0.26510943668471637,0.08267291117098563,-0.16094336618818555,-0.10961563651825892,-0.025355132672205842,0.028818897955153227,0.22023364495398237,0.1744066679698442,-0.10476459172589743,-0.16771693371730048,-0.2908277125405312,-0.21650387023576093,0.0273792226478821,-0.2689319116606848,-0.3045304228139365,-0.38356988692583777,-0.3190948424397902,-0.07568573000445364,-0.257349215977494,-0.22355312027052354,-0.26734794638700743,-0.28759448876815463,-0.37155270916503264,-0.253113217243054,-0.11094165324864023,-0.16385818472743102,-0.22064313826646487
#51,0.3796313351053861,0.5197780030349258,0.4603369855891404,0.7268107282411336,-0.0335530598138337,0.21440884441067826,0.49310773583650896,0.22988736918683736,-0.14595816800108016,1.0,0.4588207318080782,-0.10227297001549707,0.4210119240744585,-0.12265896582786369,0.06527589410406208,0.1457098925281577,0.49566142641514,0.2017290613292814,0.13490104247485504,0.04111981911358401,-0.06602716923641186,-0.009524346916608058,0.43953504775070884,0.20330093526499174,0.24035604959866835,0.21123527123893895,0.168271523085387,0.08688311505109599,0.10323705269606609,0.06820522224886795,0.3258256872414217,-0.22858795339998347,-0.05333368263865238,-0.17444858460812981,-0.17454773357945924,-0.1960437142171967,-0.3148177331562624,-0.24123468682427054,-0.34098338851685633,0.014389095225332158,0.09422013892947324,-0.22016029083698258,-0.0017697688337703008,-0.21130298273155415,0.06665591881069599,0.11350018036245801,-0.13082384331238173,-0.1664715259066992,-0.11907509325444407,0.049216179016289045,-0.007060938328130699,0.19812584261511457,0.14949931784701637,0.2577466179520095,-0.05822583798010169,-0.012696307909951776,-0.25315513388133964,-0.11199279356257166,0.06071584751210645,0.12427598075865084,-0.22228514196238386,-0.3597080344925568,-0.22104537677616717,-0.1694975847552411,0.18950149428785043,0.020316269096756902,0.05668217716631434,0.18919840474947755,0.034001245407810604,-0.1095285788848965,0.01744014283900585,-0.0918308905471935,-0.18576446476684877,-0.2529503872250984,-0.5285651813801456,-0.6010116419432392,-0.47972826733142154,-0.3006531337725176,0.2699209831063856,0.19868526851838791,-0.2256465339172106,-0.07466441499084081,,-0.2547898827744784,-0.31828875324199,-0.14018334498803967,-0.16947823861449388,0.21804591887115268,0.04420955900875211,-0.14273945383426404,-0.28304895178175943,-0.2225503453084601,-0.06513805285123825,-0.12054136950524261,0.21479496113642454,0.2783679918101338,0.038395237625019396,0.02834733577444012,0.18711950070835087,-0.21598877923836662,-0.019707671752417763,0.2508424639728509,0.013749060402278815,-0.06083756698097428,-0.05214550716109491,-0.23417173327314533,-0.027478371619211524,-0.23313752083236772,-0.14686179399181418,0.1580333841841269,0.21141422304085059
#52,0.47088224447476235,0.2990788415692138,0.04762012240464469,0.23808771459605862,0.1699554434195916,-0.029479891097349376,0.10344824806588973,0.32686796057417733,0.15078664229590324,0.4588207318080782,1.0,-0.08304290611277591,0.1985893439038497,-0.15277123390088732,0.3079675871533565,0.15745541822930417,0.12003111504303508,-0.0927224251999605,0.31673380717943345,-0.07116034524800342,0.06849460827087821,-0.01055533500059449,0.2882167896288564,0.12201812491561254,0.26994919622830865,-0.03439139257954589,-0.013998141964399071,-0.13473095765411922,0.2660920594168348,0.041078708564496205,-0.1275817525588294,-0.19129504275295584,-0.27145255258220596,-0.20804154583725462,-0.03424710261313966,0.018952366174078993,-0.2344014686945184,0.004717637030125569,-0.0839328285871473,-0.050177037340066864,-0.06337513577564925,0.005318979571684505,-0.21119577286824673,0.004554807012169932,-0.012252152761963874,0.09892205722024171,-0.2658341108735387,-0.30514869322864924,-0.2884142814823174,-0.1482603587499975,-0.20499936520475673,-0.09292878403459735,-0.10024565568302961,-0.09612009116868828,0.08460591306731047,0.09253783077366426,-0.28368576224802156,-0.004027624676808612,-0.23548888302235083,-0.22805835279702877,-0.19437430348855253,-0.26151830930851655,0.07482321456280745,-0.05968727769571342,-0.12771475727646642,-0.2114496909655538,-0.1342980877549005,-0.15738690064749114,0.19087587637009973,0.06782877859349526,0.01867587757923353,-0.11460049211745525,0.07915271964419222,-0.0733359799928661,-0.1572442228594805,-0.19491680151867205,-0.25310999288626285,-0.26148284138381334,0.20549107961541485,0.036017274491508856,-0.19062760089717729,0.11594827325617717,,-0.20364513535245243,-0.089646388821155,-0.14951624572017017,-0.2489836222827237,0.06996007843247895,0.017374849613984035,-0.20779891298871678,-0.2686223734087295,-0.30167847923211943,-0.24612845434411545,-0.16618375206308453,0.06877432122251488,0.14522543292027978,0.005015083944113836,-0.1174338956477229,-0.18068852108830102,-0.13493086777517366,-0.13716615312067357,-0.04176630265021976,-0.14254034980240737,-0.14243636429589115,-0.343050201220016,-0.37635780687311954,-0.27002577470209965,-0.2680419891863134,0.012377902676820703,0.05951799896417538,0.11298508936506368
#53,0.16385173601384861,-0.04778940113618273,0.07081211471455374,-0.06637136932387254,0.45614693393897504,0.2865876833601022,0.022899784975706487,0.2087162424958134,0.08128643775076931,-0.10227297001549707,-0.08304290611277591,1.0,0.30081918814726444,-0.07270481215098856,-0.17933429123599673,-0.3409051978646697,0.02953873560878879,0.15380867069845613,-0.22369257370174297,-0.2520999631214192,-0.06027088627492075,-0.36711276986354924,0.1452899200561038,-0.07807659056512899,-0.004044552549962416,0.006457177518978363,0.07834501826799645,0.10830896592862484,-0.10262281272734235,-0.09148749654893062,0.07526656362159755,-0.08355396666418123,0.23779107377126815,-0.1125901056581416,-0.11726622909458045,-0.16457963455946217,-0.11198876311658267,-0.23810383638001464,-0.1863682255760011,-0.26240984396128353,-0.046502076687295835,-0.04264735814341536,0.0023590200373622343,-0.03385292499541537,0.18449648645870909,-0.07010275622048957,0.2930960475431409,0.2318437476698984,0.13304864949831025,-0.12606146833177825,0.10694345082755133,0.0008911316081681018,0.09390092760714437,-0.3173343436317946,-0.33610816104856084,-0.44040239972754186,-0.0437065593493248,-0.3037251397053341,0.17634289422296023,0.1218383670245031,0.026458668783994294,0.21560991731540052,0.09480858404386737,0.1894797298795098,0.029120375315130495,0.009887893144815939,0.043567912007303165,0.0971099687035869,-0.2234442982288205,0.032215757834683195,-0.0666655918810696,0.05595911515588758,-0.08727890484721587,0.17891915529912963,-0.15965846000689207,-0.14018253889884186,-0.07551806345131121,-0.1266660352301284,0.17772130675119854,-0.0366565032253644,0.457909851014564,0.2071290528653448,,0.4817346233447462,0.39407564744076756,0.14554141988581745,0.23076278205564837,0.16671899529042386,-0.08190873861147105,0.41746432551493984,0.25276659888799996,0.1575021714027766,-0.02551715660096368,-0.14950334829300535,0.011380770339141878,0.036147860941552486,-0.21509885676399523,0.24404632594619757,0.2172648184384843,0.07143119121846428,0.020699161465711987,0.11776439221882097,0.06593527506786263,0.2449733285236678,0.30394197769954234,0.3428035379254891,0.18080137357599305,0.12205198066192015,-0.057298835402631476,-0.08374178544726867,0.12519169808735187
#54,0.12506594817249503,0.1752240424164136,0.35322546516384773,0.45754872305394956,0.0582613059048049,0.4773914147469988,0.2709463285659875,0.0574036269983455,0.021489128879556167,0.4210119240744585,0.1985893439038497,0.30081918814726444,1.0,-0.08926510863059552,-0.12572694131469117,-0.1686229779756279,0.26068400698879335,0.16924447274713184,-0.08171769547159241,-0.15309125131241397,-0.21780973473619725,-0.16898329984704458,0.18478103594553255,0.05191335347212846,0.030081233638908314,0.23944516880515412,0.06037729004903038,-0.07723342126423,0.22000310344341154,0.27033289468646154,0.2745608325289235,-0.06030635419962396,0.07392281292886464,0.012328731235754892,-0.11606273792226479,0.09784754031957406,-0.08112925035719827,-0.13220628628660905,-0.29475497911221366,-0.07249361678116492,0.03902559937769914,-0.14140053967671792,0.00013260167303813004,-0.13352746648180355,0.11164214476152859,-0.09275628094626812,0.04476253619844304,-0.06299707994188097,0.12348520725560887,-0.11395481467001731,-0.0896608984267154,-0.04694381356769033,0.02834088706085772,0.021975200665829676,-0.14495055650382993,-0.20541047069563484,-0.11193636731872565,-0.22272365448598716,0.09550020857557993,0.12207455115945855,-0.05139020158275614,-0.06920074240815118,-0.014505978159013186,0.059975857628525885,0.009694431737343896,-0.12595667673606423,0.12076304403463765,0.2599004882885316,-0.007314856425437757,0.09654570626512676,0.21178179971504746,0.23056206584539612,-0.11111657460456287,0.022058227853203095,-0.19716014775614996,-0.282275912241069,-0.2423325803116744,-0.20848247662845132,0.42052585228818495,0.3156689633491394,0.11101258909804665,0.191229749527934,,-0.20226994718100533,-0.007721125381129049,0.20517670482827277,0.048056216660654585,0.13733301358461822,-0.018522720631651494,-0.21820955497830613,-0.27871219189759444,-0.13516463364253573,0.05920684853382451,-0.16943551588701047,0.1678120522426409,0.1519562777219113,0.007628425123382028,0.16898410593624238,0.12566567853565835,-0.08894831557586004,-0.02035496137825131,0.21467001731076552,0.03764799293865863,0.14237832587364954,0.09844807677193519,-0.11353081175197441,0.05363757826622305,0.08799068160887343,-0.004068735225896422,0.011334823254867267,0.10364493383015297
#58,-0.21974999143530227,0.014829219927331059,-0.2715637928915024,-0.043817799658621225,-0.044609379250861,0.06879850389844888,0.38124754394697546,0.18255058713521946,0.34322915302192764,-0.12265896582786369,-0.15277123390088732,-0.07270481215098856,-0.08926510863059552,1.0,0.24628725391608208,0.1378416558684301,-0.06382896399401075,-0.14941306630285175,0.2625541339276898,0.1669132627870937,0.014598678416760207,0.02799668697339704,-0.26878762169427856,-0.06335901399169325,-0.13888634746877915,-0.14813863928112966,-0.18402331209960038,-0.24699016369656385,0.0036576297350183287,-0.01580781221346048,-0.008676341080522265,0.28590895625555446,-0.2322991880666555,0.009378444771806225,0.0949294974235374,0.11081348506619,0.42185106292936847,0.12526505220435166,0.21527619638751125,0.16747349477956483,-0.02538495797252445,0.08629789429349305,0.12245099481483124,0.30128994423877975,-0.05259208057667621,0.0428408195508874,-0.20148481630234794,-0.253016486539318,-0.16215008171729242,-0.14359793882992122,-0.15435519917456467,-0.1223050926700294,-0.3076999655396868,-0.12532389671579108,-0.08491867567605693,0.1929265672893034,0.0388393927730073,0.07909951775713742,-0.0892102945651451,-0.14200833093185927,-0.011266305673054252,0.16220650796113845,0.1510228264308587,0.15686213657972323,-0.2291602767304216,0.053990645334859526,0.3365781110508783,0.3585569391180981,0.2564947614278258,0.24600673487524763,0.14248069920177017,0.10608496583189413,0.16018564234225338,-0.0097161961456845,0.1685689699993753,0.19555441807413199,0.19038980458382623,0.04489554091608007,-0.015358014441087978,-0.00105960425050834,-0.2720498646777759,-0.39400148723456996,,0.24484677251961315,0.13839946959330784,0.1002311460774692,0.009339752490311815,-0.3180920674777267,-0.04382183010461022,0.00035266402403757985,0.17161759934545556,0.028734258589384207,0.0816701362089222,-0.067523270787529,-0.18029918000576353,-0.356209607374104,0.04603051450658273,-0.42595083258938016,-0.26703276551066757,-0.21889553688563407,-0.29011351751128023,0.012040151302942427,-0.0344341153070293,-0.35701086003671734,-0.09059354362857022,-0.15788667595012726,-0.22766014473331547,-0.008935095713016124,0.0830146929908529,-0.17469524790265667,-0.24832907785410996
#101,0.13867595818815331,0.07443226130187436,-0.3586012740239771,-0.008503837992193026,-0.026561848201312716,-0.2725528643372032,0.10867493042442611,0.418169653563015,0.2004562464859549,0.06527589410406208,0.3079675871533565,-0.17933429123599673,-0.12572694131469117,0.24628725391608208,1.0,0.4388547084677655,-0.12325305356664241,-0.4039792593249406,0.6578772044020531,0.10737229028078102,0.37458682890555256,0.07662724218748426,-0.16170028394491992,-0.13500099753538228,0.24600270442925862,-0.4754245571043664,-0.3188102929529667,-0.557589229036139,0.40329327741761267,-0.027959606870298234,-0.28209534826076177,-0.06298579469311176,-0.5405759104273683,-0.2817438933705209,0.2684659921043563,-0.11484070669839971,0.26468865812346465,0.028364263647593924,0.4647632213742612,0.07542375101516859,0.10832266944498743,0.28736717161437497,0.11843022189620392,0.1338104037902314,-0.2649627284507167,0.08139687197086794,-0.29571986788198046,-0.40947436938634446,-0.5990028676623211,-0.517470169661624,-0.4918566854015231,-0.4925031689381589,-0.5372741690731788,-0.10529016188286315,0.30528492230307747,0.461431654719753,-0.15036908809144275,0.034649341122841945,-0.47042680407800525,-0.6028463009574324,-0.3972532510584959,-0.35831994889394486,0.4679779050950883,0.08777384361466518,-0.4370853426785941,-0.3064513333722943,-0.03858063814051344,-0.014954163752990086,0.6607355966974525,0.33921079837089374,0.12519895289013205,-0.01608349471910814,0.5217875834050417,0.17854512991135035,0.1447949812886545,0.029990145559556893,0.021747077422852226,-0.10874102973864573,0.22951979251264049,-0.058035600929420846,-0.20650272155865407,-0.1601985397694182,,0.04914363098848703,0.08865489910786079,-0.2499670511040399,-0.39444161193656885,-0.1987304095134647,0.2909236371550694,-0.045414662359463384,-0.10916019612150182,-0.24217136247211435,-0.40502798137127866,-0.18376536355630432,-0.2746704606598243,-0.23745977111097227,0.02547362778428247,-0.4696553767157105,-0.37466985609292597,-0.34815758237727795,-0.42035979791343814,-0.29871851969779717,-0.4209151933707224,-0.43871525503654607,-0.3950598823512816,-0.43467674815556717,-0.5411845077717075,-0.5235432456778505,0.01761425810573069,-0.08632530132621825,-0.14539954818700462
#102,0.10617444173284994,0.3252783526761154,0.03307263065194479,0.1382164873454072,-0.04732267549065642,-0.32254490420637494,0.2564044794376722,0.11279646449277844,0.10812840194831759,0.1457098925281577,0.15745541822930417,-0.3409051978646697,-0.1686229779756279,0.1378416558684301,0.4388547084677655,1.0,-0.16547358747982258,-0.08291715619791908,0.4298128059360409,0.5712226156385335,0.1594593559750354,0.6340556564286621,-0.040515252215233874,0.4084401569455668,0.07360440769573356,-0.0047805119875539825,-0.24442680004755926,-0.2678928626847204,0.027343754723178893,0.02944925970783297,-0.2427912450652227,-0.15089707651600187,-0.568969596330682,-0.31246717705547705,0.0005348401827404212,-0.23944758707274755,-0.23287392966468703,-0.060058884815899306,-0.009837109525354527,0.011765274886492564,0.04405156552598328,-0.007313244247042157,0.16743641467646603,-0.10882002648003014,-0.34416341040217807,0.34806085167354195,-0.23731709332296166,-0.3859510744161395,-0.4668945212132449,-0.17825332562174667,-0.35120218127736924,-0.2021385546417639,-0.39062316740658937,0.09147218085417241,-0.022589440634553416,0.32867763082323875,-0.2791910088810877,0.201666186371853,-0.2551558472702797,-0.3333505299028864,-0.3589277401490862,-0.4114815314888669,0.1465014721203975,0.26161987654743935,-0.1391297864065148,-0.10911989166161182,0.12565036284090017,0.06877270904411928,0.43657992475157337,0.3196752266622063,0.07404533848693028,-0.048235974551764024,0.03306537584916459,-0.20006609931421962,-0.22937308427864087,-0.22002406176255435,-0.27268909341163144,-0.25003879304264415,0.08360313810524704,0.41203853912454685,-0.2905286534481473,-0.12208261205143656,,-0.1775504158412649,-0.09457643035490092,-0.27010638362187966,-0.36363449497504147,-0.14652243043954027,0.10886677965350255,-0.18789092807064567,-0.14666833258434211,-0.24396329875882417,-0.17691521755339837,-0.102870282111067,-0.17982842391424822,-0.013649105341751592,0.24402939807304377,-0.3902926708354913,-0.21489330401855616,-0.33191972157679106,-0.36008367205873165,-0.27527341537977884,-0.33360202973260006,-0.4154039615253626,-0.48283735336733685,-0.47905921329724743,-0.5331195853477166,-0.3571930361954202,-0.0362067054529919,0.0022018326437911987,-0.058827986610858425
#201,0.20632780020273142,0.14889716921625962,0.5045775790320078,0.37193560153398775,-0.11313179759906332,0.4269874632977512,0.22760533066786506,-0.05749632725609252,-0.25234501423755046,0.49566142641514,0.12003111504303508,0.02953873560878879,0.26068400698879335,-0.06382896399401075,-0.12325305356664241,-0.16547358747982258,1.0,0.4063354580501105,-0.18371377384764512,-0.1712879088635553,0.05038259008550591,-0.03417294240694204,0.5490785392857647,0.08417949188167417,0.30556382916551633,0.3071534370635783,0.3778635814946103,0.267148036265953,-0.019837452113263595,-0.10579477372068606,0.43592215596616846,-0.10472751162279863,0.3890456508464944,-0.02406619604492335,-0.28031147286603,-0.23368485539767403,-0.12175130939114068,-0.2468958512604212,-0.32468507102653443,0.08895637646783805,0.05331917303309198,-0.28511092794973225,-0.021517342001479173,-0.2009165234178988,0.11301410857618449,0.004267033168555267,0.05659753780054532,0.06871305844348206,0.0980168190511121,0.22619548066091252,0.2000499775302636,0.41612057482220693,0.3597910616799302,0.2980921883911064,0.015532129707812817,-0.1302208885924272,-0.0033626010886234617,-0.14068795682586258,0.09227020915999459,0.21344314955171365,-0.022189620392444525,-0.1024414426578373,-0.30706718551941364,-0.17535704713405062,0.3649734091325876,0.14359793882992122,0.0005348401827404212,0.14638700745430985,-0.13187820798310437,-0.2396652311561536,0.0962200462292155,0.12855309004217863,-0.3235460669900428,-0.2738152000209583,-0.43649447929660656,-0.42986036519871107,-0.2066389506330823,-0.13396678509460463,0.4282699512114513,0.1550105496923762,0.0684325394026476,-0.026784328819905567,,-0.02379938052045149,-0.4453259925477054,-0.12820324733033334,0.0027669011714491266,0.12898757211979292,0.01072945026731933,0.15915868470425595,-0.0794735431449167,-0.15006438637467429,-0.05359001900355284,-0.07482885718719205,0.12423406412036524,0.5286748095110464,-0.08451563107715684,0.36181918210159547,0.3285414017488105,0.04815133518599501,0.11869058870709338,0.523731064460938,0.23211378755116147,0.17284930363969425,0.3067802177649968,0.22840819550887403,0.21425326919550283,-0.018596880837849113,-0.1359384792724239,0.15778349653280885,0.13057556783945928
