,#10,#11,#12,#13,#17,#18,#26,#49,#50,#51,#52,#53,#54,#58,#101,#102,#201,#202,#301,#302,#401,#402,#501,#502,#601,#602,#701,#702,#801,#802,#901,#902,#1001,#1002,#1101,#1102,#1201,#1202,#1301,#1302,#1401,#1402,#1501,#1502,#1601,#1602,#1701,#1702,#1801,#1802,#1901,#1902,#2001,#2002,#2101,#2102,#2201,#2202,#2301,#2302,#2401,#2402,#2501,#2502,#2601,#2602,#2701,#2702,#2801,#2802,#2901,#2902,#3001,#3002,#3101,#3102,#3201,#3202,#3301,#3302,#3401,#3402,#3455,#3501,#3502,#3601,#3602,#3701,#3702,#3801,#3802,#3901,#3902,#4001,#4002,#4101,#4102,#4201,#4202,#4301,#4302,#4401,#4402,#4501,#4502,#4601,#4602,#4701,#4702,#4801,#4802
#10,1.0,0.4776670972526465,0.08501863073658415,0.5998661891931651,0.29564409549738724,0.1500942116749929,0.22674523349381226,0.7370432245180091,0.38774945941643174,0.6462542042589723,0.5373644510633324,0.38607763042019416,0.16486902058147243,0.2370760726528194,-0.2476761456038918,0.018329259224179453,0.10579638589908166,-0.2693164162080355,0.16791523165995934,0.009862904379684134,-0.068418835886285,-0.12631458033988752,-0.09068946824310845,-0.0031014281885362025,-0.1720698153854215,-0.2508722892731695,-0.3312006900123533,-0.5342069996755491,-0.3906183308714026,-0.23983854033368063,-0.1584340105154336,-0.0768642324116375,-0.02632163362036826,-0.1853880211114761,-0.3583820177621755,-0.04387100154567604,-0.41828089387231143,-0.22544420552856276,-0.28795722890716474,-0.42266843737593784,0.09569770042904098,0.06298740687150736,-0.15782944361708345,-0.35382035899182424,-0.36756014936832837,-0.2273723708897008,-0.5724438407732008,-0.5730072971224631,-0.3973282173538913,-0.4689734252543715,-0.41612379917899817,-0.28020829344871157,-0.34855740261938684,-0.23552838139304305,-0.3707965974974961,-0.47490946610697204,-0.4093486194714876,-0.3801222434268464,-0.16474891329100022,-0.3049979545486606,0.30780959367058763,0.10529741668564335,-0.2640542659247959,-0.2366520697347765,-0.029874068715073667,0.053460238642707006,0.28808217273282377,0.16102800555395458,0.05159252997140398,0.13448429435959236,0.32694776340475956,0.1408523990222138,0.3855746307607668,0.2840323806030756,0.0944837300971539,0.08030220284025529,0.148839130794018,-0.09751301330248699,-0.3369190867815478,-0.3558130114887863,-0.2352357710142416,-0.1867261291798244,-0.2914363098848703,0.270403830535868,0.23918963852945146,0.543683384284888,0.35907444838308583,-0.04624170987640638,0.127591425629203,-0.13809718614413277,-0.29122592060424446,0.12509013084842904,-0.020116358975702457,0.24578667252424818,0.34281965970944517,-0.2158186944176308,-0.29836948307514966,-0.25012504458680873,-0.24482178375448135,-0.020044617037098242,-0.09215413231551137,-0.002270350225604214,-0.15569572551050637,-0.31664594345687325,0.054547652970539456,0.06439967514605328,-0.013271049507983307,-0.16398635290988126,0.018118869943553603,0.46968197765923786,0.22968020426300273
#11,0.4776670972526465,1.0,0.03492582971768741,0.20715484771967443,0.18795541520646966,-0.053578733754783635,0.28017524379160175,0.3438514538826294,0.2056917958256671,0.39108344433853326,0.2970039679740762,0.08401424359612512,0.047425854907974845,0.3689264705585997,0.036803211459364035,0.2768356162451156,0.020857961037678625,-0.1252876227018901,0.17902072253805246,0.12516832150061566,0.1332840275440679,0.13296723448933243,0.01655989343500805,0.09152618883042503,0.13476723166802024,-0.0034383734732166787,-0.2821453257910254,-0.33830878455855534,-0.28862870120893225,-0.2163684472505305,-0.33000445364281783,-0.27394417429260637,-0.10525469395815994,-0.20294141948277286,-0.2807854533143365,0.01002170395165077,-0.1448296431241599,-0.08265517720863402,0.0006186734593116401,-0.06507114744782083,0.041794515772142764,0.04365335746226999,-0.09440795771256068,-0.016140727052151957,-0.06528556717443569,0.11229991354693354,-0.41397234711006947,-0.384521072179242,-0.314625883927186,-0.3305139020158276,-0.4139384913637619,-0.33099352508851865,-0.3159228814464465,-0.0724508940536815,-0.11948297438853096,-0.2127531371983967,-0.2507288053959611,-0.20682273897018075,-0.18473428277206014,-0.07618872966388096,-0.16393395711202424,-0.1563051289440433,-0.13758209514673847,-0.10633807784000339,-0.12125072799930676,0.06381687265604376,0.34078992710938427,0.34451244702482553,0.15775689558928144,0.12700781704999567,0.19933739467940825,-0.017199122168863594,0.22581823091634204,0.09412985693931962,-0.03894821481471032,-0.09942989341485582,-0.08809950365057645,-0.2330069343823241,-0.019568218321198334,-0.16139477613895364,-0.2503765444165224,0.0035899182424031133,-0.2375315130495765,0.136434224129071,0.02243628368697138,0.00993706458588175,-0.10798249980351576,0.18094324527480588,-0.04790870233745715,-0.17638722912883925,-0.08822686574382889,-0.12260818220840228,0.10907636284493061,0.033495021391592085,0.1673582240242794,-0.006508767227637574,-0.001549706482770851,-0.24358524292505587,-0.25577734204178365,-0.2282937308427864,-0.25844066075131544,-0.08661952388341532,-0.28150690314636767,-0.08996882450027507,-0.1342489163138347,-0.06870257928391066,-0.22497022508025624,-0.22278975380020677,-0.08967057149708901,0.08862507380754217,0.056083252892348806
#12,0.08501863073658415,0.03492582971768741,1.0,0.38471695185430743,0.17954306833822697,0.47151018795984867,0.18246514168025263,-0.035692420544795385,-0.19699006293541413,0.23720182256767622,0.1956245478343406,0.02318191619493655,0.21406948085840438,-0.24049227867309658,0.0020293295554619597,-0.05064537516398877,0.4767981330974179,0.40382610237735855,-0.023511606676836827,-0.04980623630907878,0.12320307603637881,0.03325400072144983,0.30347767032160944,0.2640018701269389,0.08398683656339992,0.10744161395179183,0.09553406432188753,0.013267825151192104,0.2260294262861657,-0.0445763295937512,0.25767326383500966,-0.019439244049550303,0.180495059680829,0.06603684230678546,0.05717630984456585,-0.010617403868825105,-0.09311660281768479,-0.1235972536541031,-0.044991465530618294,-0.06349363088772589,0.14493604689826953,-0.07189872295318839,-0.0167831801427987,0.06775220011970425,-0.21342460950016423,-0.17370940081374706,-0.15292842129445833,-0.07359392853616217,-0.07540359878522358,0.060944776844281706,0.007223768346086336,0.15697579515661306,0.18473589495045575,0.2304322854845503,-0.003036941052712188,-0.05877478472380361,-0.2627935424194364,-0.2150117991306328,-0.08877097595234401,-0.060031477783174095,0.056774071334863556,0.11518893723184939,-0.17164500637818078,0.05308218280893872,0.18028063995421414,0.13479060825475642,-0.0036318348806887225,0.01575944686159247,0.10532079327237956,0.11292221440763528,0.44167521457086834,0.2936103324513374,-0.08731840321790808,-0.06128817084254458,-0.14818861681139325,0.10164905697639973,-0.17053905199879893,-0.20860500218651695,0.1473494779564833,-0.024360418602120418,0.17448727688962423,0.05506032570034037,0.07703995985675795,0.005157761732124468,-0.12725206207692913,-0.047437140156744044,-0.03967611336032389,0.15375305054380792,-0.027865294434155613,0.14575825788002572,0.10704501806647415,0.015298363840450765,-0.16666821167096246,-0.12346747329325726,-0.21826920557894333,0.14854007170163414,0.08824621188457608,0.3850176231250869,0.3536623655090554,0.00015839652736773587,0.08363779994075245,0.26907378335949766,0.27047154202848317,0.3599361577355342,0.5253118053778241,0.2861161211793891,0.3583771812269887,-0.021560064728962585,-0.19252352269040332,-0.029737033551447637,-0.15263258655886566
#13,0.5998661891931651,0.20715484771967443,0.38471695185430743,1.0,0.2038805133982101,0.3053203902277807,-0.02233310426965296,0.4163003327133164,0.12888439270247448,0.6286790414793348,0.48379095688833446,0.2709511651011743,0.230130808124573,-0.12462421129210052,-0.12646854337666735,0.0591673501631323,0.32703804539491316,-0.11461338954462005,0.20910800184594427,-0.04428936183933433,-0.003038553231107788,-0.018970906225628397,-0.06837208271281259,-0.10103159265088478,-0.16588630514909627,-0.1766298619773771,-0.12876509150120005,-0.35027517869989905,-0.07605653103544173,-0.09166241790485326,0.04204843386944982,-0.040334688234926634,-0.05666444320396274,0.0036060400263591167,-0.20077465171908598,0.13725482293243157,-0.37025248728898097,-0.16988773192697637,-0.33838213867555517,-0.3235347817412736,0.18646334410134152,0.13700896572710253,-0.16577828919659104,-0.17872649998085538,-0.49013729714261534,-0.33528998051279363,-0.4203090142939767,-0.4119522875803822,-0.23333340050743315,-0.250273364999204,-0.2220175203487142,-0.15696854035383284,-0.148742400090282,-0.23169300898990977,-0.2773337793693561,-0.3535745017864952,-0.3492280688319566,-0.3678471171227452,-0.09276031139225711,-0.32692841726401234,0.37641665138455893,0.2252185005531787,-0.20429403715668157,-0.07176733041394695,0.16320605856641066,0.033275765129790434,0.08690890990542559,-0.17721105228899103,0.10697408221706772,0.196514470308712,0.34977701557565855,0.26162471308262614,0.037152248082011514,0.021391592086622346,-0.06377173166096695,0.04632554315297759,0.052025399870622685,-0.11454890240879605,-0.2031534209417943,-0.2593209101553132,-0.028485177027263952,-0.18021051019400552,-0.027252666643827472,0.2353325017179776,0.04973852481646356,0.4631776439221882,0.3532230468962543,0.05884733275160563,0.24443727920713065,0.12014396753072712,-0.20159928096843557,0.120563940002781,-0.1598914197850563,0.1360110273002259,0.16978213424206456,-0.2168174389337052,-0.12960019991012106,0.04429178010692773,-0.007527663973657005,0.15290746297531554,0.011377545982350678,0.05615418874175522,0.0618105166427191,-0.027339724277189892,0.22131219230063903,0.10611156677542154,0.11645852771838468,0.030298877722314363,0.056344425792436065,0.41449549899944177,0.13624801752437915
#17,0.29564409549738724,0.18795541520646966,0.17954306833822697,0.2038805133982101,1.0,0.40540120066986013,0.21855859160095362,0.2912879894724751,0.22083095704955233,0.2274183179739754,-0.008362772382577995,0.5088885440618431,0.2859283023963017,0.24877645735888904,-0.19540126112654996,-0.20207164923834647,0.09664727350404959,0.00565270049957378,-0.05007063356595724,-0.22699592723432813,-0.12082430681367047,-0.2583761736154914,-0.08350560131231322,0.05205280690334789,-0.14324164740449355,-0.11870671049104939,-0.14115871291737786,-0.16976681854730635,-0.08457125123180506,-0.06566845954339078,0.03425838786190886,0.09968703586895408,0.05986139296243826,-0.17322332902747353,-0.11732910405200887,-0.15349510200051186,-0.0825810170024364,-0.2026439725687846,-0.26883437486775097,-0.26653460238642707,0.2021699921204781,-0.06088512624364449,0.038121167297767336,-0.20646241709876406,-0.1250127462854402,-0.07960332350576253,-0.14271043462314323,-0.12376572629644333,-0.12455972415627652,-0.27238358560566517,-0.23094173385756,-0.14403322699673332,-0.1567049491861522,-0.14197931172073847,-0.18076348738369644,-0.31586323084580925,-0.30565814160165894,-0.3549029367844699,-0.09254266730885106,-0.10852499783363528,0.08177250953704282,-0.002309042507098623,-0.11826497361065488,-0.0264925245303019,-0.03715708461719831,-0.14243958865268236,0.2581633660672722,0.20239247273907093,-0.041353584980946066,0.15241897292144863,0.055612496800833494,0.07252586034907693,0.06814073511304393,0.11492695824256433,-0.07830148945131524,-0.14466761919540208,-0.021252944744600714,-0.09408390985504501,-0.16177766850790876,-0.1425717872811216,0.07818299433923862,0.033226593688724625,-0.01956580005360493,0.46727015877941974,0.45713116884948907,0.21232187947757358,0.1514468293489016,0.15259147600977785,0.18245143816389003,0.005036042263256641,0.15500893751398062,0.2039562857828033,0.3072203424669957,0.18942652799245502,0.3487702101676061,-0.24266791341795926,-0.1422300054612543,-0.04166151105450574,-0.024433772719120235,0.15888219610941048,-0.05348200305104761,0.22787214619233692,0.07984434417590479,-0.06653097498503698,0.018288954764289444,0.1364898442837192,0.015420889398516394,-0.0322230126374634,-0.017469968139324457,0.19007220543989295,0.06208378088077336
#18,0.1500942116749929,-0.053578733754783635,0.47151018795984867,0.3053203902277807,0.40540120066986013,1.0,0.10202630672097021,0.10655894628020064,0.04626347428474698,0.31467183101146057,0.11905816538129027,0.4353812701144445,0.599225348280914,-0.18152604776481543,-0.09199533274354474,-0.21795805514859246,0.4269302309647074,0.1042140328037999,0.12684498703204003,-0.1854912005287945,0.09467316105863695,-0.08000798028305822,0.09399765831088039,0.03372475681296514,-0.034787182375665776,-0.292010245393704,0.03792689980109749,-0.21526329896034646,0.38160464146160095,0.18642303964145152,0.4195400051992753,-0.11190089939402245,0.06727660749300214,-0.02199696507417028,0.14761306912416394,-0.21786616098004324,-0.07976534743452036,-0.07875934811566573,-0.25796023158942655,-0.4167936593023701,0.286411149825784,-0.10316692293585747,0.2229920821888546,0.08866537826743218,-0.3652063689107518,-0.43913280924100656,-0.2074998538963329,-0.17896752065099764,-0.15465022782095952,-0.1522335724059546,-0.1010743153783682,-0.04545093637336439,0.13627542455710437,0.0918155748524353,0.001024136325805132,-0.24349657311329787,-0.31451544970708734,-0.32680911606273794,-0.20869609026586836,-0.3080570630543123,0.21387440727253673,0.058828792700056226,0.08984065631782485,0.3286050827954367,0.10059872275166609,-0.11210483996106589,-0.0038196536637761652,0.023786483093286688,0.05548997124276787,0.18338327727654705,0.30476096432450733,0.2630007073432711,0.009622689798739679,0.022656346037970832,-0.004828877339421994,0.04887681546401517,0.062321577194124414,-0.13410301416903286,0.21338269286187864,-0.00392766961628139,0.4914705686757768,0.16720587316589516,0.33976135729299123,0.2017588866296,0.12150948263180063,0.16659082710797363,-0.024884376580690537,-0.03450263288884232,0.1394917204563271,0.2661525161066698,0.18077880307845465,0.2608000838332766,-0.15579890492782478,-0.1580954530523575,-0.13672441624027906,0.029866813912293465,-0.31016982284174655,0.24465734155813013,0.12333205030802684,0.046552860306757246,0.10435429232421714,0.2504885908150166,0.2515929330160029,0.03706357827025349,0.35917279126521745,0.0825149176882168,0.19659991576367883,-0.050889620190922226,-0.16984420311029516,0.012722908853479181,-0.014732489223595036
#26,0.22674523349381226,0.28017524379160175,0.18246514168025263,-0.02233310426965296,0.21855859160095362,0.10202630672097021,1.0,0.3182589279416714,0.41066415704229753,0.19132889849926343,0.22102683672461776,0.19625732785461375,0.18434171733273144,0.2529745699010324,0.13217726707548824,0.2118567660104429,-0.2800003224356791,-0.02622167855984104,0.12161911076270145,0.36834769851457916,0.04244825411155871,0.17723523496492505,-0.11665198912585673,0.09855206227845142,-0.10495644095497388,-0.011015611932538395,-0.49198565967317115,-0.34783917714414686,-0.04980381804148538,0.04410396132384029,-0.376771330631591,-0.2552856276311255,-0.2525521791613851,-0.08786734996161,-0.06670912069775081,-0.06839948974553779,0.034830711192346986,0.1646634678360334,-0.12477494997208916,-0.007014991243856089,-0.06697351795462927,-0.041471274003824894,-0.0019358232085171384,0.0026371208106032973,0.15290343252932653,0.23090142939767,-0.4706968439592683,-0.3811774141867668,-0.4520342668517985,-0.293636127305667,-0.5782533256217467,-0.38781072219546453,-0.4888733492804646,-0.01156617085463592,-0.15088417908883708,-0.009198686880696784,-0.09166564226164446,0.08787702303198361,-0.24466540245010812,-0.2733492804646298,0.02821836150279209,0.05761965890335595,0.13189271758866478,0.1606249609550545,-0.4038535094100838,-0.13543064307780978,0.31678942733408166,0.42760815198005736,0.3147782347855702,0.3435596495930257,0.25744675277042783,0.10380776384810861,0.423268973828299,0.32567414247223525,0.3628614554343511,0.2277552632586559,0.2652287378859908,0.058291937294321305,0.029391221285591358,0.018492895331332887,-0.11924275980758652,0.13787389943634212,0.07751071594827326,0.2800027407032725,0.3309741789477715,0.08572315269546152,-0.0028096238989325363,-0.023761494328154883,-0.14871418696835897,-0.11144223464047415,0.022330686002059556,0.12993150257041694,0.11406524889011593,0.07874886895609434,0.015917440344361305,-0.05058733674174716,-0.0006823545059378546,-0.3791767007978268,-0.3203466989639739,-0.35860288620237274,-0.49843356716637477,-0.2513454636322782,-0.14199704568309007,-0.2674285553067875,-0.15856056651948822,-0.19433964165304712,-0.34439314582355113,-0.10605030399638872,-0.058071874943321854,0.07717699502038398,-0.11468110103723528
#49,0.7370432245180091,0.3438514538826294,-0.035692420544795385,0.4163003327133164,0.2912879894724751,0.10655894628020064,0.3182589279416714,1.0,0.6660686828300986,0.44952652335744214,0.3400233362822763,0.5677983487262783,0.31729081481511334,0.1815099259808594,-0.12145225029875681,-0.013300068719104113,-0.009750857981189909,-0.23411933747528832,0.2510181914179714,0.06741928528101276,0.0031320595780526092,-0.04886794848283937,-0.19637259860989917,-0.17998480521862148,-0.11298670154345929,-0.3999189880356211,-0.2769500809112032,-0.4521600167666553,-0.25446905927375396,-0.11597568028890237,-0.08791813358107141,-0.13971420107491994,-0.08037555695725511,-0.21904305120883152,-0.3396025577210246,0.04972562738929876,-0.14574939089884992,-0.03917150152250097,-0.3435612617714213,-0.458640167827771,-0.02397591405476973,0.02926788963832793,-0.23556868585293306,-0.29835981000477607,-0.38134427465071147,-0.25050310042057705,-0.42088698024879945,-0.4642763434987899,-0.33836279253480794,-0.4753681308605204,-0.4344292787718425,-0.3682574165244255,-0.3668612700338356,-0.319918665599942,-0.2657930003244509,-0.4128946058526106,-0.41448018330468356,-0.30979740963236285,-0.3982124972038781,-0.5128270958822948,0.17771324585922055,0.018478385725772484,-0.08956255554458378,-0.11277470008443784,-0.07214780451530864,-0.0220719313695657,0.1978009886684011,0.1420494414809471,0.21869885112137083,0.08909341163146407,0.30046692716782575,0.0318022340762117,0.637154263305006,0.387909871166794,0.30211537957732715,0.11775955568363418,0.2877008925422643,-0.10300812336389083,-0.18253124099447224,-0.3031761929616322,-0.13712987910677257,-0.12944543078414342,-0.21008175759688688,0.35427096285339454,0.4846510540623873,0.5098421475828407,0.2339065299270691,-0.09110944071516233,0.05982834330532845,-0.2882853072106694,-0.2295754126672887,0.03515878949585166,-0.09429591131406646,0.05906578292420948,0.30615146819071265,-0.11353161784117222,-0.38193110758671,-0.2983372395072377,-0.302390255993777,0.01227311108110668,-0.13835352250903324,-0.019610941048681742,-0.13061506621015148,-0.477088325208626,-0.12289837431961034,-0.022003413787752685,-0.1465853053969687,-0.22594720518799008,0.01571994849090026,0.2798915003939761,0.0028571831616027474
#50,0.38774945941643174,0.2056917958256671,-0.19699006293541413,0.12888439270247448,0.22083095704955233,0.04626347428474698,0.41066415704229753,0.6660686828300986,1.0,0.21170038470606964,0.08485418854023292,0.5342924451305159,0.24211413013907054,0.29288807653010845,0.02998530902437009,0.10984053540444517,-0.1956100382287802,-0.24950919243968941,0.32019112374879843,0.08791490922428022,-0.008805315352170294,0.02532853172867844,-0.2984484798165341,-0.28491021173948006,-0.19933981294700165,-0.3442190305568263,-0.1996009858470889,-0.3002291308544747,-0.018621063513783117,0.12881023249627688,-0.05155867422509638,0.00940423962613583,-0.16857864306974887,0.007251175378811542,-0.09440795771256068,0.16128595409725063,0.07118855836992642,0.2206479748016517,-0.23901632935192443,-0.31935117880469066,0.05272589138351104,0.1814486632018266,-0.006907781380548665,-0.05985252598126246,-0.11542431527760705,-0.08528464017185822,-0.20242471630698294,-0.25112701345967436,-0.1699925235226904,-0.2799003673751519,-0.3191947975003174,-0.34120748131384476,-0.2701305662978137,-0.3120085123019288,-0.20872349729859357,-0.1823684109765166,-0.22303964145152483,-0.09900750267520853,-0.27317274693031157,-0.3938999199956471,0.09455144158976912,-0.1465780505941885,0.12157316367842684,0.020679009235766984,-0.06897906787875613,-0.044621470588828004,0.17275902164954063,0.14012933701178704,0.20036193404981228,0.18501722008048802,0.10910538205605141,0.022264586687839944,0.48763358409424795,0.2815576867658291,0.34408118930400244,0.05142647559665715,0.20868319283870357,-0.0591689623415279,-0.09111427725034914,-0.14192288547689244,-0.05144743391579995,0.05063086555842837,-0.0626939904035081,0.3724748752073161,0.4767360642291873,0.3630170306495265,0.11774020954288697,-0.0019325988517259378,0.14326986052641655,-0.1439308536686127,-0.1363745735284338,0.08792780665144502,0.08163144392742779,-0.12198426916930492,0.236161967502514,-0.1698869258377786,-0.2475858636137382,-0.37371947692871954,-0.40061544910252045,0.02552924793893068,-0.09459013387126353,-0.12485072235668238,-0.049198445053937445,-0.49842470018519897,-0.32945873125590713,-0.18990212061915712,-0.22951979251264049,-0.16341080522265192,-0.027699240059408773,0.11309874794195351,-0.05612033299544761
#51,0.6462542042589723,0.39108344433853326,0.23720182256767622,0.6286790414793348,0.2274183179739754,0.31467183101146057,0.19132889849926343,0.44952652335744214,0.21170038470606964,1.0,0.591104805702275,0.27768926470558597,0.321762191595311,0.08792458229465382,-0.1920511544204924,-0.048448782099983274,0.3325960304137454,-0.1937536148062464,0.140859653824994,-0.09384933789848515,0.13839705132571445,-0.09195422219445692,-0.0887484054548056,-0.06699931280895888,-0.08036830215447491,-0.2624146804964703,-0.19228572637705224,-0.5151212257392341,-0.13849942465383508,-0.1585073646324334,-0.029543572143975592,-0.1840555556675124,-0.05657819165979811,-0.2074418154740913,-0.21193495666262951,-0.1156653359477493,-0.4981119375764525,-0.2643372032332238,-0.3369722886686026,-0.3601763723164787,0.3275918286738019,-0.0006162551917182396,-0.12655157056404076,-0.2308522579566042,-0.3934960693075492,-0.26197374970527365,-0.5077076233870659,-0.5730363163335839,-0.3155528865046562,-0.34012974005638597,-0.2994359390838393,-0.2040320581673965,-0.15386267867470874,-0.13932405390318467,-0.22505486444602527,-0.43023600276488594,-0.3550343293237113,-0.4290002680246583,-0.14866985206247998,-0.2476406776791886,0.16635222470542477,-0.0010297789501897332,-0.18509863508946583,-0.014190797282673313,0.04419021286800491,0.05945431791754917,0.1378327888872543,0.11157040282292437,0.0006331830648720434,0.21204780915032154,0.38084611152647097,0.399644917708369,0.16662468285428125,0.039082025621545155,-0.01801569052623518,-0.03984458600266413,0.06926281127638179,-0.08761826839948975,-0.15389572833181855,-0.3425391406686107,0.013351658427763324,-0.1280831400398611,-0.020368664894613912,0.18608528826757326,0.030342406538995573,0.31087595697901954,0.10996789749769761,0.186683406452341,0.21124091386332355,-0.032504337767495665,-0.11308826878238211,0.06788520483734127,0.04553315747154001,0.06540486837571012,0.12079689978094527,-0.16015178659594578,-0.34584249420119584,0.05045997464849473,-0.1395973181412389,0.08395136863869672,-0.024887600937481737,0.10828800760948203,-0.1673364596159388,-0.06496474367371122,0.1333493207690897,0.03460097577097394,-0.013097740330456267,-0.16709463285659876,-0.0958170016303154,0.32298583499757166,0.2070355465184
#52,0.5373644510633324,0.2970039679740762,0.1956245478343406,0.48379095688833446,-0.008362772382577995,0.11905816538129027,0.22102683672461776,0.3400233362822763,0.08485418854023292,0.591104805702275,1.0,0.14737043627562607,0.2145491039310955,0.15931990254381598,-0.0803787813140463,0.09059515580696582,0.035916513341783834,-0.40008181805357673,0.118748627129335,0.09285542991759753,0.086979845754832,-0.06058687324045842,-0.06810284892074732,-0.012381127033611904,-0.14931391733152233,-0.24748268419641975,-0.39753780054531934,-0.514476354380994,-0.2689988170641022,-0.043380093224215724,-0.21568568969999374,-0.2719474913496553,-0.10583185382378488,-0.2141605689377558,-0.2719176660493367,-0.10103884745366498,-0.3995215860611056,-0.23171880384423937,-0.29919491841369705,-0.3363314477563515,0.011313864935724463,-0.037070833073033695,-0.0468003296904819,-0.22446964368842234,-0.16328183095100388,-0.014850178246473864,-0.481521815796527,-0.49692214992049943,-0.31804208994746314,-0.2123154307639912,-0.23413787752683773,-0.1214103336604712,-0.29905143453648864,-0.1690163495041544,-0.2252346223371347,-0.35738246715690325,-0.18334861544104164,-0.14810720180241543,-0.31979855830946974,-0.23898086142722122,0.40509891722068503,0.21973064529455508,-0.017238620539555806,0.008719869897203475,-0.1823974301876374,-0.0604772451095576,0.32468668320493005,0.2669489322340964,0.1417205570882446,0.1403389202032151,0.3186861552165055,0.2442083498749554,0.23466022332701225,0.08222150122021753,0.16123678265618482,-0.06391118509218638,0.19905203910338698,-0.06500101768761223,-0.18749997480971256,-0.2816963341078507,-0.030282755938358358,0.07868438182027032,-0.05348200305104761,0.12911412812384754,0.021352899805127938,0.5032467257664397,0.33757040685337036,0.1301862267569218,0.07485142768473045,-0.051237850724371904,-0.3099820040586591,0.10971800984637956,-0.048229525838181624,0.14181728779198063,0.04393307041390665,-0.06482287197489839,-0.17977522202719343,-0.2401859647779325,-0.3447147754134734,-0.13275765129790437,-0.19257430630986472,-0.13795612053451775,-0.308683394361003,-0.10270342164712236,0.03204889737073856,-0.0940331262355836,-0.10337166959209872,0.0185485154859811,0.040728865852650925,0.33823704261995113,0.05094604643476824
#53,0.38607763042019416,0.08401424359612512,0.02318191619493655,0.2709511651011743,0.5088885440618431,0.4353812701144445,0.19625732785461375,0.5677983487262783,0.5342924451305159,0.27768926470558597,0.14737043627562607,1.0,0.6563230644286944,0.08467765500591468,-0.13516785799932693,-0.10834443385332804,-0.048728495051619934,-0.28793465840962634,0.12395032072273958,-0.02966367943444782,-0.13095926629761218,-0.14973792024956523,-0.31510550699987705,-0.20233765867362052,-0.3218194239283548,-0.40503039963887205,-0.20778601556155196,-0.2552759545607519,0.04222980393895487,0.0896246244128144,0.22172652214830832,-0.07703592941076895,-0.12375766540446533,-0.14104263607289463,-0.05460327312518767,-0.08724746736850165,-0.1117316206624844,-0.05053574703308795,-0.4648792982187444,-0.45173198340262344,0.09002283247652769,-0.003711637711270941,0.08720071419502926,-0.15670172482936098,-0.25239741003540744,-0.17847983668632852,-0.1809819375563003,-0.12925277546586916,-0.10351434738010934,-0.19486359963161723,-0.25178881269106834,-0.2446267101686137,-0.22596413306114388,-0.30947416786404497,-0.2966355852106815,-0.32789249994458136,-0.2905020525046199,-0.2242004098963571,-0.2673979239172711,-0.3559629440795771,0.23517289605681316,-0.06914189789671175,0.13986171539811737,0.19707631447957874,-0.001020105879816131,-0.05582933479504174,0.07966539237399314,0.1231603533088954,0.0883316573395429,0.16143427450964587,0.09837069220894638,0.05321518752657575,0.25412485918629324,0.15643410321569134,0.1443871001545676,-0.11432077916581859,0.11840603922026992,-0.11279162795759165,-0.13033132281252582,-0.15423347970569684,0.31784217982640867,0.21382442974227314,0.18202985351344053,0.5575980960173148,0.5997218992267589,0.5100033654224008,0.21429841019057963,0.02578558430383114,0.16396055805555163,-0.003493187538667091,-0.07557287751676162,0.31577617321244683,0.1540609766173676,0.019309463688704474,0.31046082104215245,-0.20412959496033034,-0.32352269040330656,-0.16764761004628967,-0.2202932955546196,0.05009239797429785,-0.08886609447768443,-0.0273695495775085,-0.03901350803973214,-0.478972155663885,-0.1528445880178871,-0.09811838629003493,-0.08913694044814528,-0.131089046658458,-0.1828448096924165,0.16486257186789005,0.04038305358679465
#54,0.16486902058147243,0.047425854907974845,0.21406948085840438,0.230130808124573,0.2859283023963017,0.599225348280914,0.18434171733273144,0.31729081481511334,0.24211413013907054,0.321762191595311,0.2145491039310955,0.6563230644286944,1.0,-0.15342658441869886,-0.14317312982268052,-0.09475538215681256,0.015656267444274046,-0.2900788556757748,0.027202689113563862,0.023422130775881005,0.030312581238676965,-0.044523933795894186,-0.2040175485618361,-0.12351664473432308,-0.11412086904476415,-0.4120514365517116,-0.09363411208267251,-0.24126612430298475,0.12074047353709924,0.22624707036957176,0.17455982491742625,-0.5301918693813064,-0.1765452226116081,-0.28624509545103716,-0.029117957047537096,-0.248554782829494,-0.17725699937326564,-0.09330361551157443,-0.44173567126070334,-0.46865905046722944,-0.10450906145019477,-0.30106343317419787,0.07313042724742706,-0.05834272091378272,-0.21340203900262583,-0.1174516296100745,-0.21827484820332793,-0.17625664267879562,-0.09357929801722209,0.01448260157227698,-0.16440471320353953,-0.09254911602243346,-0.08780366891498378,-0.05844267597430994,-0.052305112822259345,-0.26009636796359703,-0.2212533477891996,-0.1403856733766875,-0.3535583800025392,-0.27716691890541145,0.14846107496024974,-0.021222313355084305,0.15743849035615037,0.35518668018209554,-0.0892038458515627,0.0357593259482128,-0.09412743867172622,0.25108026028620195,0.01937798127051749,0.13626252712993955,0.0874610810059187,0.12119752611225196,0.10530305931002795,0.0618226079806861,0.20286161665219066,0.05758419097865274,0.16900022772019838,-0.20732251427281687,0.1386388780850545,-0.10676127466884848,0.5558456581012972,0.3751003077245513,0.46800369994941793,0.054403363004133225,0.19765831088039046,0.3297851973810162,-0.019984966436461027,-0.028856784147449837,-0.08776336445509378,-0.19129584884215362,0.17028110345550287,0.07951223542641112,0.022069513101972298,-0.11429901475747799,0.010849557557791557,-0.02171967039012702,-0.3916565737581692,-0.03559407766266376,-0.0847477847661233,-0.024829562515240124,-0.01002251004084857,-0.13989718332282058,-0.17060676349141415,-0.26784530342205015,0.03094536125895011,-0.11219592804041731,-0.07210911223381423,-0.08935055408556233,-0.19879731491688213,0.006828784639164247,-0.1747516741465027
#58,0.2370760726528194,0.3689264705585997,-0.24049227867309658,-0.12462421129210052,0.24877645735888904,-0.18152604776481543,0.2529745699010324,0.1815099259808594,0.29288807653010845,0.08792458229465382,0.15931990254381598,0.08467765500591468,-0.15342658441869886,1.0,-0.17186829308597143,0.012728551477863783,-0.12417441351972802,-0.13019106329210858,-0.10923032588171044,-0.03327254077299924,-0.06832774780693357,-0.05876349947503441,-0.15168543175145047,-0.023523698014803827,-0.17756008891163852,-0.1488020506909192,-0.25748060851673543,-0.20101809065682164,-0.36796077569963503,-0.2523982161246053,-0.18182591294639708,0.1094866622466109,0.01740386882510484,-0.27744501967865254,-0.3505887473978433,-0.2132005167031758,-0.10837587133204225,-0.14092011051482903,-0.05673134860738015,-0.200028213121923,-0.14416381344677695,-0.11757334907894233,-0.14914222033239088,-0.24849835658564798,0.2936530551788208,0.21043563075472116,-0.13277699743865157,-0.10677417209601328,-0.007736441075887252,-0.0864969983253497,-0.1492518484632917,-0.032116608863353775,-0.22575454986971583,-0.11333090163091997,-0.29342170757905217,-0.3085898880140582,-0.0029168337622399606,-0.11103677177398065,-0.08144362514434035,0.09558565403054675,0.12224302380179879,0.01580297567827368,-0.1245057161800239,-0.17915614552328288,-0.2281800722658966,-0.13055460952031647,0.4987422993291323,0.4337497455780969,-0.1749064432724803,0.006370119885615943,0.03143304522361922,-0.08905874979595867,0.2589081924860395,0.12308619310269778,0.14888185352150143,-0.08172253200677922,0.12856034484495882,0.0639821209415928,-0.2997906183308714,-0.2198733230825657,-0.41640915475501944,-0.055843844400602145,-0.3821777708812369,0.27085524048663606,0.31813398411601235,0.17242368854325577,0.123170026379269,0.07824103276148023,-0.0878463916424672,-0.09474490299724116,-0.10335796607573611,0.0737083932022498,0.273183226089883,0.07634349878985859,0.23012113505419943,-0.2225108469377679,-0.15069797248414524,-0.2225422844164821,-0.14069924207463178,0.06603764839598326,-0.012575394530281747,0.06290518577333175,-0.03302345921087898,-0.1347051627997896,-0.11910330637636708,-0.06705412687440929,-0.12908752718032013,0.14595091319829995,0.1779220229614508,0.11572821090517771,0.03722963264500033
#101,-0.2476761456038918,0.036803211459364035,0.0020293295554619597,-0.12646854337666735,-0.19540126112654996,-0.09199533274354474,0.13217726707548824,-0.12145225029875681,0.02998530902437009,-0.1920511544204924,-0.0803787813140463,-0.13516785799932693,-0.14317312982268052,-0.17186829308597143,1.0,0.43783016909736144,0.03219560560473819,0.023763912595748282,0.571966635968103,0.18217978610423136,0.48049969469371634,0.25008635230531434,-0.03784709697051527,-0.21754130703332977,0.17164823073497198,0.00869649331046727,-0.2459333807582478,-0.21707055094181446,0.38662335280710486,0.13267381802133316,-0.2793925311805378,0.0772721135457244,-0.2286951632632909,0.34198132694373296,0.2526182784756047,0.28114899954254435,0.576908768839816,0.44740489658883204,0.28705521509482634,0.2164458318135193,0.1253472733025273,0.3305638795460912,0.23629497222015103,0.4736946896858872,-0.10262926144092474,-0.018714569860727937,-0.1765565078603773,-0.141662518666003,-0.17919080735878828,-0.20361047351694703,-0.2789919048492311,-0.434810558962402,-0.09501171852171302,-0.16485612315430764,0.26901332666966266,0.18556133028900312,-0.008573161663203842,0.05551012347271287,-0.3315779397569238,-0.29427132559353353,-0.2616811393264722,-0.24657744602729015,0.385271541222394,0.2669650540180524,-0.20021200145902146,-0.16501250445868088,-0.013163839644675882,-0.05978803884543844,0.5919826368386794,0.31985256628572234,0.2136777215082735,0.181394655225574,0.19684657905820568,0.12556008085074655,0.2476035975760898,-0.10387708751911943,-0.08109539461089067,-0.1814406023098486,0.3873359356579602,0.20075933602432777,0.1160998180253636,-0.031196054999465966,-0.009687983023761493,-0.05801947914546484,-0.11868817043949999,-0.2736628491625741,-0.29953508805516876,0.10345953331465893,0.04304556620712865,0.09864556862539624,0.10217865757935445,-0.3853811693532948,-0.283014289946254,-0.32382094340649265,-0.2659171380609121,0.23329390213674095,0.3204305322405451,-0.2817511481733011,-0.3303099614487841,-0.18430705549722604,-0.329596572508731,-0.2273764013356898,0.020555677588503556,-0.09652394185678616,-0.21528103292269807,-0.2185311845682284,-0.18869862944684143,-0.13941352980414048,-0.11095616285420064,-0.30404273884926736,-0.3215082734980039
#102,0.018329259224179453,0.2768356162451156,-0.05064537516398877,0.0591673501631323,-0.20207164923834647,-0.21795805514859246,0.2118567660104429,-0.013300068719104113,0.10984053540444517,-0.048448782099983274,0.09059515580696582,-0.10834443385332804,-0.09475538215681256,0.012728551477863783,0.43783016909736144,1.0,-0.2717927222236777,-0.1280291320636085,0.3027747605411277,0.5550702002930135,0.0750207064162685,0.5979605943295655,-0.12153930793211923,0.04056764801309089,0.11269006071866883,0.3717759958728233,-0.3642592141033366,-0.1655098614937236,-0.08269386949012843,0.015223397545055348,-0.48195549178494346,-0.24028269548166853,-0.45501196034847236,0.21375107562527332,-0.02438137692126322,0.17197711512767444,0.11765153973112895,0.41975845537187917,0.1143683384284888,0.35881811201818536,-0.14065329499035717,0.21655223558762896,0.08104944752661605,0.3579289956330118,-0.018164817027828215,0.3412622953792952,-0.33536333462979345,-0.23427410660126596,-0.32963204043343414,-0.11709936863063582,-0.46557253492885253,-0.48378612035314766,-0.5002666140021724,-0.20150658071068855,-0.05014318159375926,0.3211519820725762,-0.050139957236968055,0.3294998418049949,-0.14641199621944168,-0.15647521376477913,-0.14722453413082426,-0.1460952031647062,0.24145474917527,0.14468938360374267,-0.3759797510393513,-0.11425951638678578,-0.037820496026987865,0.14204863539174928,0.3820205834876658,0.16700838131243412,-0.012635045130918962,-0.12222045330426039,0.05157237774145898,0.1765186216680807,0.1421405295602985,-0.01844775433625608,0.05587125143332736,0.016434949609349023,0.2162741348143879,0.3123132140186972,-0.1721383329672345,0.13425939547340612,0.0004614860657406045,-0.042756986274316185,-0.20123412256183207,-0.19756964106863245,-0.2009020138123384,0.04241520445444891,0.012782559454116394,-0.05267188340725843,-0.028825346668735628,-0.15375305054380792,0.02198003720101648,-0.06406917857495521,-0.05150305407044817,0.06894682431084412,0.4369603988529351,-0.4287423194813622,-0.3832571243170913,-0.42532047083670044,-0.5030629374293413,-0.5090408949202274,-0.27125264246115155,-0.1730290615308037,-0.3566980974279709,-0.37150111945637343,-0.43561503598180656,-0.13664541949889464,-0.12580190761008658,-0.09524870874586627,-0.14695610642795678
#201,0.10579638589908166,0.020857961037678625,0.4767981330974179,0.32703804539491316,0.09664727350404959,0.4269302309647074,-0.2800003224356791,-0.009750857981189909,-0.1956100382287802,0.3325960304137454,0.035916513341783834,-0.048728495051619934,0.015656267444274046,-0.12417441351972802,0.03219560560473819,-0.2717927222236777,1.0,0.4237751978445175,0.1271988601898743,-0.4753205715978502,0.32815770329065763,-0.15785362629301744,0.36756256763592177,0.11137210488026553,0.26397526918341147,-0.0503108481469017,0.3656867980726407,-0.054202646793880975,0.2777287630762782,-0.15464136083978372,0.5090030087279308,0.3228866860262422,0.5109690602813655,0.10376826547741641,0.04198797717961481,0.003767257865919153,-0.01584328013816369,-0.17713366772600223,0.21347942356561464,-0.12158041848120704,0.39043293035590854,0.040871543640661555,0.0379728468853721,-0.05148773837568996,-0.404816786001455,-0.5297735090876481,0.0119192379232724,-0.04684627677475651,0.0662399767846311,-0.14613631371379399,0.15909903410361873,0.15598269326492323,0.4873409737154465,0.16859637703210048,0.16395088498517804,-0.12742617734365397,-0.36792933822092083,-0.5473607632052525,-0.054165566690782166,-0.07221229165113266,-0.11136726834507872,-0.10041412832536985,-0.3059910564403504,-0.056874832484588585,0.46654306632300396,-0.02665857890504874,0.014318965465123543,-0.11371782444586406,-0.0056583431239583815,-0.002998248771217779,0.38194803545986383,0.3536083575328028,-0.08632771959381165,-0.23991189445068045,-0.3360275521287808,-0.1377481495214853,-0.31647827690373076,-0.24001507386799886,0.16336243987078392,-0.09894946425296691,0.09959917214639386,-0.13546127446732617,-0.04116415401946302,-0.1148310336280261,-0.1858652259165738,-0.1333694729990347,-0.13362258500714397,0.19367864851085098,0.14972260455480702,0.11595230370216617,-0.019610941048681742,-0.18563629658439854,-0.28803622564854914,-0.28713663010380414,-0.19783162005791752,0.22827599688043482,-0.08373775500127967,0.62398679625894,0.4619048290788617,0.32291651132656085,0.4089326774454227,0.6927663570612406,0.49686491758745566,0.41658165784334866,0.5740785896663395,0.43890871644401813,0.5208613869167693,-0.19067838451663868,-0.07020835390540141,-0.07471922905629122,0.0002922073342025662
