,#10,#11,#12,#13,#17,#18,#26,#49,#50,#51,#52,#53,#54,#58,#101,#102,#201,#202,#301,#302,#401,#402,#501,#502,#601,#602,#701,#702,#801,#802,#901,#902,#1001,#1002,#1101,#1102,#1201,#1202,#1301,#1302,#1401,#1402,#1501,#1502,#1601,#1602,#1701,#1702,#1801,#1802,#1901,#1902,#2001,#2002,#2101,#2102,#2201,#2202,#2301,#2302,#2401,#2402,#2501,#2502,#2601,#2602,#2701,#2702,#2801,#2802,#2901,#2902,#3001,#3002,#3101,#3102,#3201,#3202,#3301,#3302,#3401,#3402,#3455,#3501,#3502,#3601,#3602,#3701,#3702,#3801,#3802,#3901,#3902,#4001,#4002,#4101,#4102,#4201,#4202,#4301,#4302,#4401,#4402,#4501,#4502,#4601,#4602,#4701,#4702,#4801,#4802
#10,1.0,0.18859032022450314,0.26708953215699843,0.1510321762195825,0.07800715027101833,0.1757428977818783,0.08786376042747857,0.147949102371891,-0.3600507438588398,0.10751547303271441,0.1993849229231538,0.03479798562257333,-0.05898589166954984,-0.18531503479029715,-0.0730865336562488,0.02982354976357975,0.2887940645062084,0.08902471841002575,0.13257986391419674,-0.14009149271518087,-0.02682504901395456,-0.08446545957790336,0.2863568215892054,0.119294199054319,0.3051012955060931,0.12285395763656633,0.14731095990466306,-0.028355053242609465,0.007357859531772575,-0.054234421250913004,0.007204090262561027,-0.09384538499980778,0.0267097220620459,0.1172183139199631,0.04438549955791335,-0.03219159650943759,-0.04383961865221236,0.01794487371698766,0.15272363818090953,0.11890977588129012,-0.13530157997924114,0.04172529120055357,-0.1385153577057625,-0.06302233498635297,-0.1560066120785761,-0.3275285434205974,0.1353169569061623,-0.1318802137392842,0.024864490831507324,-0.022035136278014837,-0.3032560642755545,0.04073347941413909,0.24177911044477762,0.1386537500480529,0.10839964633068082,0.21173259524084112,0.08418867489332257,-0.050267174105255066,-0.12988890170299466,0.09419136585553377,0.17673470956829276,0.08909391458117095,-0.079414139084304,-0.11317418213969938,-0.21601506938838272,-0.0803675085534156,-0.1044247107215623,-0.17160650444008765,0.10485526467535464,-0.001122515665244301,-0.009057009956560181,0.025479567908353516,-0.07204859108907084,-0.1259293430207973,-0.0447776111944028,-0.03070772306154615,0.054703417522008226,-0.0032368431169030867,0.10141852150847654,0.22142005920116864,0.02816284165609503,0.17528927843770423,,0.06947295582977742,0.017106831199784723,-0.005051320493599354,0.06888094414331296,-0.0057663475954330525,0.06531349709760505,-0.12699803944181756,-0.039334179064313995,0.06429861992080883,0.02690962211202091,-0.21330873025025948,0.04856033521700688,0.07660016145773267,0.2915619113520163,-0.09203090762311152,0.042824741475416137,0.09045477261369315,0.12573713143428286,0.0025448814054511207,0.07648483450582401,-0.15984315534540422,0.06834275170107254,0.14455848998577633,0.014523507477030715,0.036197285972398414,0.12429938876715488,0.025394994810287164,0.034021450813055014
#11,0.18859032022450314,1.0,0.13088840195286972,0.3494022219659401,0.21831391996309538,0.07880675047091838,0.2948679506400646,0.07602352669818936,0.29965017491254375,0.5188021373928421,0.26517510475531464,-0.033859993080382886,-0.10453234921001038,-0.09309960404413178,0.33017337485103604,0.3879137354399723,0.2586937300580479,-0.3552685195863607,0.05700226809672087,-0.20055356936916158,0.02454157536616307,-0.19065851689539845,-0.04244800676584785,-0.2515511475031715,-0.11687233306423711,-0.35334640372121634,-0.1921423903432899,0.1764963672010149,-0.03206858109406835,0.051182101257063774,-0.13840003075385385,0.003913427901433899,-0.020528197439741668,0.46120016914619616,0.10512436089647484,0.19537923346019298,0.08970130319455656,0.195978933610118,-0.2548494983277592,-0.290585476492523,0.07321723753507861,0.19341098681428517,-0.18469995771345096,0.13094990966055434,-0.33629339176565565,-0.21120977972552185,0.3114365893976089,0.3251835620651213,0.07671548840964133,-0.14036827739976165,-0.06101564602314227,-0.30031907123361395,-0.06435243916503287,-0.2567101064852189,-0.02910852266174605,-0.03558220889555223,0.12100872640602775,-0.06911159804713028,-0.03891131357398224,-0.18095567600814977,0.051920193749279205,-0.060431322800138396,0.29273055779802404,0.30663898819820856,0.11199015876677046,0.09194633452504516,0.23194556567869912,0.2482835505324261,0.34738015607580824,0.4899319570983739,0.04463153038865183,0.12339983854226733,0.36568638757544303,-0.07633106523661247,0.280013839234229,0.23172260023834237,0.3260292930457848,0.11714142928535733,0.3390612386114635,0.08590320224503133,0.03371391227463191,-0.049467573905355014,,-0.45850920693499403,0.011601891362011302,0.07755353092684426,0.04696113481720678,-0.10420174528120556,0.14020681966708953,-0.21931342021297043,-0.03941875216238035,-0.03493637796486372,-0.210679275746742,-0.17234459693230308,-0.04924460846499827,0.041133279514089106,-0.02244262484142544,0.18726021604582324,0.20396724714565795,0.005258909007034944,-0.07380924922154307,-0.17298273939953102,-0.04664590781532311,0.08685657171414293,0.21101756813900743,0.2889247683850383,-0.06472148541114059,-0.05935493791565755,-0.13677007650021145,-0.20070733863837312,-0.03944950601622266
#12,0.26708953215699843,0.13088840195286972,1.0,0.40769615192403796,-0.01716833890746934,0.3904739937723446,-0.0577403605889363,0.09396071195171644,0.07672317687310191,0.049913504786068506,0.06235343866528274,-0.2618536885403452,-0.0019682466459078154,-0.2716949217698843,-0.0886710490908392,-0.014315918963595126,0.5819474877945643,0.49705916272632916,0.19872371506554415,-0.1947949102371891,-0.21434667281743744,-0.24743781955176258,0.3129050859185792,0.22502594856417946,0.2363049244608465,-0.03713527851458886,0.21553069619036636,0.24009533694691115,0.0308614923307577,-0.00031522700188367357,0.3632952754392035,0.07835313112674432,0.29539076615538384,0.0733940721946719,-0.12413793103448276,-0.2963210702341137,-0.301664552339215,-0.29321493099604046,0.09514473532464537,0.02478760619690155,-0.0602237342867028,-0.09735901280129167,-0.18277784184830662,-0.34371275900511283,-0.13830008072886635,-0.26455233921500787,-0.02341905970091877,0.08459616345673317,0.27998308538038674,0.200745780955676,0.10531657248298927,0.3798331603429055,0.3159881597662707,0.27460884942144315,-0.16436397186022372,-0.1041479260369815,0.16753161880598164,-0.3742513358705263,-0.24288624918310076,0.19491792565255833,0.12477607350171069,0.062384192519125053,-0.2620997193710837,-0.3325721754507362,0.10241033329489102,0.17725752508361203,-0.3063852689040095,-0.20811901741436975,0.18209356860031523,0.0024679967708453464,0.34942528735632183,0.4682658670664668,-0.05853227232537577,0.1345327336331834,-0.2915619113520163,-0.10043439818552262,-0.06703571291277438,0.03567447045707915,-0.09057009956560182,0.07431668780994119,-0.08119017414369738,0.14382808595702148,,-0.0653596278783685,-0.16177295967400915,0.23659708607234844,0.14039903125360398,0.05152039364932918,0.04907546226886557,-0.1657017645023642,-0.09080844193287971,0.024080267558528427,-0.1792795909737439,-0.06463691231307424,-0.19205781724522356,0.5463037711913274,0.1846845807865298,0.4630915311574982,0.6117941029485258,0.29631338177065314,0.4172067812247722,0.4113251066774305,0.059416445623342175,0.1721677622727098,0.22514127551608812,0.2767923730442471,0.3102064352439165,0.029385307346326838,0.1025179717833391,0.09725137431284357,-0.13033483258370815
#13,0.1510321762195825,0.3494022219659401,0.40769615192403796,1.0,0.03221466189981932,0.07556221889055473,0.06204590012685965,-0.0037442817053011954,0.16867719986160765,0.4037750355591435,0.29386076192672894,-0.267443201476185,-0.009287663860377503,-0.2730480913389459,0.040833429439126594,0.09093145734824895,0.47749971168262023,0.18583016184215584,0.11796409487563911,-0.37395148579556375,-0.13479414139084303,-0.14528120555107063,-0.06561334717256756,-0.020420558951293584,-0.07156421789105448,-0.11635720601237842,0.07390919924653058,0.32615230846115406,-0.09068542651751048,0.01916733940721947,0.19797024564640756,0.03707377080690424,0.2554953292584477,0.40338292392265407,-0.08988582631761043,-0.16278014838734478,-0.12677507400146082,-0.025740975666013147,-0.09958097874139853,0.027916810825356554,-0.07281743743512858,-0.0800599700149925,-0.1808403490562411,-0.0754315150117249,-0.25480336754699573,-0.28392726713566296,0.39311882520278324,0.18212432245415755,0.12616768538807518,0.001699150424787606,-0.10242571022181217,-0.08589551378157076,0.023465190481682236,-0.06256102717871834,-0.06858109406835045,0.04391650328681813,0.0020605082074347443,-0.19241917502787068,-0.06615153961480798,-0.023972629070080343,0.21023334486602852,0.10247184100257564,-0.17721908276630916,-0.13973013493253372,0.3284742244262484,0.24722254257486642,-0.07625418060200669,-0.24880636604774536,0.08445777111444278,-0.014592703648175913,-0.01803713527851459,0.2656825433437128,-0.07285587975243148,-0.0379041248606466,-0.1411755660631223,-0.04474685734056049,0.028155153192634452,0.1467573905355015,-0.010979125821704532,0.11448890939145812,-0.15530696190366355,-0.08329681313189559,,-0.10610848421942874,-0.25085149732825895,0.2261023334486603,0.21746050051897128,-0.06125398839042018,-0.1846845807865298,-0.20672740552800523,-0.09396840041517703,0.03292968900165302,-0.3387306346826587,0.06426786606696652,0.0604620766539807,0.2892784377042248,0.0859493330257948,0.47204090262561027,0.3932956598623765,0.052166224580017684,0.08704878330065736,0.1673009649021643,0.0682889324568485,0.1865990081882136,0.2766155383846538,0.3539922346519048,0.21944412409180025,-0.05727905278130166,0.09239995386921923,0.0727482412639834,0.02655595279283435
#17,0.07800715027101833,0.21831391996309538,-0.01716833890746934,0.03221466189981932,1.0,0.23765809402990812,0.02532579863914197,0.21167877599661708,-0.14465844001076386,-0.12812824357052244,-0.03492868950140315,0.339853150347903,0.04413946872717488,-0.11948641064083343,-0.08524968285088225,0.14246722792449928,-0.11454272863568216,-0.2174528120555107,-0.12982739399531004,0.11723369084688424,-0.14884096413331796,-0.006681274747241763,-0.044846807365548,0.07537000730404028,-0.1958559181947488,-0.0646830430938377,-0.2191519624802983,-0.15609118517664244,-0.0058509206934994045,-0.0027370929919655557,-0.1327643870372506,-0.18078652981201707,0.07854534271325876,0.022596394110636988,0.1465805558759082,0.26102333448660286,-0.18878253181101756,0.06153846153846154,-0.033560143005420366,-0.11199784723023104,0.10810748471917887,0.18418483066159227,-0.02384192519125053,0.05632568331219006,-0.013201091761811402,0.1577057625033637,-0.061846000076884636,0.12008611079075847,-0.028970130319455657,-0.015707530849959635,0.0146311459654788,0.043662783992619074,-0.17599661707607733,-0.047837619651712605,-0.24213277976396416,-0.09781263214546573,0.07435513012724407,0.20964133317956407,-0.11018336985353477,-0.12381501556913851,0.0964594625764041,0.08614923307576981,0.43854226732787455,0.038326990350978356,-0.36922308076730864,0.035459193480182984,0.2516280321377773,0.11791027563141507,0.17074539653250298,0.21559989236151156,0.14710337139122745,0.07616960750394033,0.39174259024333985,0.2946142313458655,0.3068696421020259,0.4315995848229731,0.30776919232691347,0.22105101295506094,0.021981317033790797,0.08529581363164572,-0.021304732249259984,0.2155537615807481,,0.0037827240226040826,0.4651904816822358,0.0970053434821051,0.12493753123438281,-0.06481374697266751,0.163595125514166,0.4172452235420751,0.2951370468611848,0.2241263983392919,0.27231768731019107,-0.02922384961365471,-0.015738284703801945,-0.20155306961903663,-0.04639987698458463,0.016837734978664514,-0.271917887210241,-0.021996693960711952,-0.2083727367085688,-0.09490639295736747,-0.26713566293776186,-0.042032829738976665,-0.2216814669588283,-0.11066774305155115,-0.3044862184292469,0.2005766347595433,0.11688770999115827,-0.051105216622458004,-0.059770114942528735
#18,0.1757428977818783,0.07880675047091838,0.3904739937723446,0.07556221889055473,0.23765809402990812,1.0,0.22318071733364087,0.4349748202821666,-0.13124975973551686,0.07098758313151117,0.0681197862607158,0.3736670126475224,0.444846807365548,-0.03499788567254834,0.07173336408718718,-0.19880059970014993,0.21940568177449737,0.14504286318379273,0.0020297543535924343,0.04107177180640449,0.020028447314804135,-0.09601353169569062,0.09166954984046438,0.11097528158997425,-0.05657171414292854,-0.045761734517356704,0.09133125744819898,-0.0016683965709452966,0.1432822050513205,0.024441625341175565,0.08872486833506324,0.14750317149117748,0.14186752777457426,-0.015699842386499057,0.2715949717448968,0.07427055702917772,-0.04907546226886557,-0.019136585553377158,-0.04116403336793142,0.03291431207473187,0.22080498212432245,0.1730211817168339,0.17169876600161457,0.04346288394264406,-0.33316418713720064,-0.06136931534232883,0.03877292123169185,0.11850228731787953,0.07332487602352669,0.16620920309076231,0.0716564794525814,0.16231115211624958,0.13764656133471725,-0.004459308807134894,-0.016084265559527928,-0.004090262561027179,-0.20621227847614654,-0.13124975973551686,-0.45078230115711376,-0.035551455041709916,-0.3344404720716565,-0.2974128320455157,0.1518855956637066,-0.012832045515703687,-0.11119824703033099,0.051874062968515745,-0.2399723215315419,0.12522969284588475,-0.026586706646676662,-0.0668588782531811,-0.01477722677122977,0.0869718986660516,0.13224925998539191,0.09812785914734941,0.027009572137008418,0.04127936031984008,0.02161995925114366,-0.36803136893091914,0.17943336024295545,0.12551416599392612,0.4741859839311114,0.4349748202821666,,-0.0808749471418137,0.013493253373313344,-0.23264521585361164,-0.3060931072925076,0.2520739630184908,0.3758505362703264,0.26846576711644177,0.49432975819782415,-0.14686502902394957,-0.027786106946526737,-0.3456886941144812,-0.3288586475992773,0.08963979548687195,0.04588474993272595,0.0872409948871718,0.23656633221850612,0.17018413869988083,0.22256564025679468,0.2166685887825318,0.15733671625725598,-0.11485026717410525,-0.07134125245069772,0.12709798946680506,0.07357859531772576,-0.2438549955791335,-0.12796678583785032,-0.3443662783992619,-0.4814592703648176
#26,0.08786376042747857,0.2948679506400646,-0.0577403605889363,0.06204590012685965,0.02532579863914197,0.22318071733364087,1.0,0.07231768731019106,0.12077807250221044,0.5451505016722408,0.49673624726098486,0.13326413716218813,0.31971706454465076,0.23377541998231655,0.3714219813170338,-0.06034674970207204,0.25309652865874754,0.008072886633606273,-0.035243916503286815,-0.2372506054664975,0.02440318302387268,-0.34189059316495596,-0.08389651328182063,-0.2544420097643486,0.05291969399915427,-0.24129473724676123,0.17478183984930612,0.2114327451658786,0.005920116864644601,-0.27367854534271324,-0.023465190481682236,-0.012739783954176758,0.3040864183292969,0.24663821935186253,0.2168761772959674,0.003482873947641564,0.30328681812939684,0.08107484719178872,-0.11215930496290316,-0.1793795409987314,0.08709491408142082,-0.08514204436243417,0.1620881866758928,0.024064890631607272,-0.1598508438088648,-0.1464421635336178,0.2786376042747857,0.16806981124822204,-0.1325952408411179,-0.07837619651712605,0.2176219582516434,-0.19365701764502363,0.05132049359935417,-0.19617883366009303,-0.0804367047245608,-0.14630377119132743,-0.21865990081882136,-0.31199015876677044,-0.043255295429208473,-0.22774766462922386,-0.26972667512397647,-0.21420059201168645,0.1438972821281667,0.47194864106408335,0.15904355514550417,0.04307846076961519,0.07307115672932764,0.5278207050320993,0.03394456617844924,-0.09615961250144159,0.0028216660900319073,0.0027063391381232462,0.14934071425825549,0.024741475416138085,-0.01877522777073002,-0.05463422135086303,0.045469572905854766,-0.07566216891554223,0.4200361357782647,-0.07862991581132511,0.061953638565332717,-0.06980355975858225,,0.02256564025679468,-0.22416484065659478,-0.3518548418098643,-0.21200169146196132,-0.12679045092838195,0.11944796832353054,-0.21870603159958482,0.08169761273209548,-0.23734286702802446,-0.26841963633567834,-0.04771460423634337,-0.10059585591819475,0.13190327912966593,-0.05784799907738439,0.06567485488025218,0.1699611732595241,0.04779917733440972,0.00841117902587168,0.1334179064313997,0.21434667281743744,-0.1107523161496175,0.27732287702302694,0.43734286702802444,0.05068235113212625,-0.22224272479145044,-0.13645484949832776,-0.18398493061161728,-0.16018144773766962
#49,0.147949102371891,0.07602352669818936,0.09396071195171644,-0.0037442817053011954,0.21167877599661708,0.4349748202821666,0.07231768731019106,1.0,-0.4051358935916657,-0.031568830969130816,-0.08666436012762849,0.48409641333179565,0.2706339138123246,-0.1630876869257679,0.13151116749317648,-0.23148425787106447,0.0772383039249606,0.03330642371122131,0.017076077345942412,-0.14929458347749203,0.09489101603044632,-0.14040671971706453,0.04122554107561604,-0.03934186752777458,0.03341406219966939,-0.15101679929266137,0.0063968015992004,-0.10841502325760197,0.39822396494060663,0.1280359820089955,0.10873793872294622,0.11651866374505056,-0.084380886479837,-0.18205512628301235,0.21846000076884634,0.13342559489486025,0.08870180294468151,0.03384461615346173,-0.19114289009341484,-0.17006881174797217,0.055380002306539035,0.18052512205435745,0.3291969399915427,0.14659593280282934,-0.19344174066812747,-0.29181563064621535,-0.11398147080306001,-0.11788721024103332,-0.07047245607965248,-0.10257179102756314,-0.06926536731634184,-0.04902164302464153,0.07687694614231345,0.000438242417252912,0.038903625110521665,-0.06743551301272441,-0.15232383808095953,-0.15255449198477683,-0.27350171068311996,-0.20828047514704187,-0.231638027140276,-0.20073809249221544,0.07387075692922769,-0.04299388767154884,-0.15422288855572214,0.19896205743282205,-0.23220697343635874,-0.025264290931457347,-0.056779302656364126,-0.21423903432898936,-0.04689962710952216,0.10569330719255757,0.016191904047976012,-0.060777303655864374,0.07390919924653058,0.05493407142582555,0.03585899358013301,-0.1482797063006958,0.20457463575904355,0.030330988351977856,0.3571137508168992,0.4107638488448084,,0.045761734517356704,0.12183139199630953,-0.24726867335562988,-0.21547687694614232,-0.05234305923961096,0.22883942644062585,0.18617614269788182,0.4974051435820551,-0.06694345135124745,0.03565140506669742,-0.2733633183408296,-0.1673701610733095,0.06654365125129742,0.01423903432898935,0.10974512743628186,-0.03312958905162803,0.06369123130742321,0.04447776111944028,0.20232191596509438,-0.03396763156883097,0.2125245069772806,-0.179587129512167,-0.1505631799484873,-0.1227309422211971,-0.12429170030369431,0.010256410256410256,-0.30257179102756315,-0.2845577211394303
#50,-0.3600507438588398,0.29965017491254375,0.07672317687310191,0.16867719986160765,-0.14465844001076386,-0.13124975973551686,0.12077807250221044,-0.4051358935916657,1.0,0.314727251758736,0.14629608272786684,-0.2690654672663668,-0.0421558451543459,-0.09539845461884443,0.12439165032868181,0.38902856264175606,0.14405105139737823,-0.13213393303348325,0.1548456540960289,0.08855572213893054,-0.12423788105947027,0.08015992003998001,-0.04272479145042863,-0.06291469649790489,-0.1643716603236843,-0.07596201899050475,-0.1279052781301657,0.1894898704493907,-0.023119209625956254,0.09866605158958983,-0.16017375927420904,-0.10552416099642487,0.020189905047476264,0.04879867758428478,-0.09045477261369315,-0.03357551993234152,-0.08554184446238419,0.015976627071079844,-0.11458885941644563,-0.14155998923615115,0.22886249183100757,-0.0032291546534425094,-0.29346096182677894,-0.014577326721254757,-0.08319686310690809,0.08416560950294084,0.10975281589974244,0.2263637412063199,-0.06915004036443317,0.08138238573021182,0.13170337907969093,-0.06512897397455118,-0.22431860992580632,-0.12496059662476454,-0.26951908661054086,-0.10709260754238266,-0.022734786452927383,-0.09389151578057126,0.1257217545073617,-0.10831507323261447,0.167670011148272,0.09708991658017145,0.033767731518855953,0.24337062238111715,0.3447199477184485,-0.005012878176296467,0.1949333025794795,0.2723253757736516,0.310452466074655,0.28055203167646947,0.14792603698150925,0.054103717372083186,0.20141467727674625,0.03552838965132818,-0.007342482604851421,0.06783531311267443,0.04899857763425979,-0.002860108407334794,0.04842194287471649,0.05090531657248299,-0.3513474032214662,-0.3255910506285319,,-0.26061584592319226,-0.08990120324453157,0.33993003498250873,0.09116211125206627,0.14062199669396072,0.03558220889555223,-0.19707838388498058,-0.26645907815323105,0.14126013916118862,-0.39075846692038596,0.13117287510091108,-0.07498558413101142,0.10846115403836543,-0.05785568754084496,0.06929612117018413,0.25299657863376,0.08365048245108216,0.028331987852227732,-0.04592319225002883,-0.1138507669242302,0.06751239764733018,0.3033406373736209,0.45343482105101296,0.015000192211586515,0.14006842732479913,-0.11559604812978126,0.11155960481297812,0.05646407565448045
#51,0.10751547303271441,0.5188021373928421,0.049913504786068506,0.4037750355591435,-0.12812824357052244,0.07098758313151117,0.5451505016722408,-0.031568830969130816,0.314727251758736,1.0,0.485472648291239,0.007288663360627379,0.2901395456118095,0.14547341713758505,0.39175027870680046,0.1832237727290201,0.39048937069926576,-0.15918963595125515,0.07902971591127513,-0.30409410679275745,-0.10134932533733133,-0.24632299234997887,-0.07081074847191789,-0.2579171952485296,-0.14105255064775304,-0.30501672240802674,-0.12562949294583478,0.45176642448006765,-0.01344712259254988,-0.193395609887364,0.010064198669895821,-0.023864990581632262,0.23146119248068273,0.33170337907969094,0.11040633529389152,-0.06221504632299235,0.14707261753738515,0.1049321493099604,-0.31624956752393035,-0.28621074078345443,0.039956944604620764,0.07975243147656941,-0.03716603236843117,0.07700765002114328,-0.43475185484180984,-0.26324530042670974,0.5088532656748549,0.2665590281782186,-0.18760619690154923,-0.08421942874716488,-0.08059816245723292,-0.41921347018798294,-0.15242378810594703,-0.29253065774804904,-0.0796217275977396,-0.051566524430092645,-0.15716757006112328,-0.21952100872640604,-0.06283012339983854,-0.24755314650367125,-0.027186406796601698,-0.126844270172606,0.0811517318263945,0.3567985238150156,0.32549110060354436,0.067097220620459,0.17286741244762235,0.30066505208933997,0.07424749163879599,0.03881905201245531,-0.09334563487487026,0.06588244339368778,0.041540768077499714,-0.08389651328182063,-0.06146926536731634,-0.14292084726867335,0.03465190481682236,0.00932610617768039,0.395379233460193,0.06582093568600315,-0.026755852842809364,-0.19379540998731404,,-0.13516318763695076,-0.2517202936993042,-0.014077576596317226,0.032852804367047246,-0.11519624802983124,-0.028331987852227732,-0.28763310652366125,-0.13499404144081806,-0.13683158420789604,-0.30058816745473416,0.037019951562680196,0.09256141160189137,0.16011225156652442,-0.19633260292930457,0.1762195825164341,0.18981278591473494,-0.06766616691654173,-0.1537538922846269,-0.01836005074385884,0.16489447583900357,0.1265674854880252,0.35987390919924656,0.4655287740745012,0.0001691461961327029,-0.17440510513973784,0.009103140737323646,-0.08571867912197748,0.02138161688386576
#52,0.1993849229231538,0.26517510475531464,0.06235343866528274,0.29386076192672894,-0.03492868950140315,0.0681197862607158,0.49673624726098486,-0.08666436012762849,0.14629608272786684,0.485472648291239,1.0,-0.011102141237073771,0.23060008457309808,0.19268827124899088,0.06857340560488986,0.11910967593126513,0.2818975127820705,-0.017429746665128976,-0.013723907277130666,-0.16732403029254603,-0.19600199900049975,-0.24214046822742474,-0.16637066082343444,-0.14202898550724638,-0.1455964325529543,-0.20382116633990696,-0.009487563910352517,0.3262676354130627,-0.11940183754276708,-0.3033406373736209,-0.19346480605850921,-0.23411371237458195,0.18962826279168107,0.16387191019874678,0.1124514665744051,-0.10321762195825164,0.12798216276477145,0.19182716334140623,-0.09918886710490908,-0.21250144158689885,-0.06646676661669165,0.031345865528774074,-0.08308922461846,0.035843616653211854,-0.22343443662783993,0.026663591281282435,0.307123361396225,0.22640987198708337,-0.13785414984815283,-0.08975512243878062,-0.0021989005497251375,-0.26656671664167914,-0.1511013723907277,-0.28621074078345443,-0.10324837581209395,-0.138415407680775,-0.17552762080498213,-0.09903509783569754,0.0262330373274901,-0.021058701418521508,0.06546726636681659,0.14061430823050014,0.19890054972513743,0.297789566755084,0.12013224157152193,-0.010463998769845845,0.17881828316610926,0.17639641717602736,0.08185907046476762,0.1686695113981471,0.02720947218698343,0.19361857532772075,0.09716680121477722,0.017099142736324145,0.06963441356244955,0.057786491369699766,0.13687771498865953,0.09379156575558374,0.20406719717064545,0.14241340868027524,-0.006043132280013839,-0.28151308960904164,,0.1311651866374505,-0.15269288432706724,-0.07337869526775075,0.004713028101333948,-0.12213124207127206,-0.043993387921423904,-0.1681851382001307,-0.10257947949102372,-0.005489562910852266,-0.22107407834544265,-0.04799138892092415,0.07483181486179986,0.14122169684388575,-0.025033637027640027,0.06674355130127244,0.07577749586745089,-0.05667166416791604,-0.19298043286049282,-0.021696843885749433,0.22232729788951677,-0.004044131780263714,0.14264406258409257,0.3838696036597086,-0.052273863068465765,0.053319494099104296,-0.00903394456617845,-0.02502594856417945,0.14050666974205206
#53,0.03479798562257333,-0.033859993080382886,-0.2618536885403452,-0.267443201476185,0.339853150347903,0.3736670126475224,0.13326413716218813,0.48409641333179565,-0.2690654672663668,0.007288663360627379,-0.011102141237073771,1.0,0.3338869027024949,0.12864337062238113,0.11825625648714104,-0.19853919194249028,-0.23821935186253027,-0.30740783454426635,-0.17554299773190327,0.018583016184215585,0.1398839042017453,-0.017883366009303042,-0.41082535655249297,-0.2933379464114097,-0.3604582324222504,-0.3033406373736209,-0.1992849728981663,-0.1391996309537539,0.3323261446199977,0.1969707453965325,-0.11943259139660939,0.07932956598623765,-0.09112366893476338,-0.021220159151193633,0.5818552262330373,0.5147887594664207,0.1808095952023988,0.36014300542036676,-0.3561219390304848,-0.3079306500595856,0.13919194249029332,0.3398762157382847,0.26204590012685963,0.4465844001076385,-0.04224041825241225,0.08183600507438589,0.03665090531657248,-0.009587513935340023,-0.35548379656325685,-0.2567331718756007,-0.18855187790720024,-0.3443816553261831,-0.2743397532003229,-0.4280244493138046,0.16100411332795142,-0.1528082112789759,-0.326698189366855,0.19125052858186292,-0.16559412601391613,-0.44666128474224426,-0.3042863183792719,-0.21663014646522893,0.502756314150617,0.11897897205243532,-0.19103525160496676,-0.06903471341252451,0.18287779187329412,0.4489293814631146,-0.12569868911697998,0.006873486333756199,-0.2246030830738477,-0.14689578287779187,0.22533348710260254,-0.043755045554146006,0.3623957252143159,0.10869180794218275,0.16768538807519318,-0.26653596278783687,0.2585168953984546,0.06007765348095183,0.5662092030907623,0.2556567869911198,,0.13513243378310844,0.42148925537231385,-0.2567485488025218,-0.2380809595202399,0.03931880213739284,0.2940452850497828,0.4997655018644524,0.5563218390804597,0.01607657709606735,0.23202245031330487,-0.25033637027640027,-0.08827124899088917,-0.39253450197977935,-0.1413754661130973,-0.2790450928381963,-0.4075577595817476,-0.016537884903701994,-0.2599238842117403,-0.1537231384307846,0.01981317033790797,0.010448621842924692,-0.2870334063737362,-0.10757698074039904,-0.3466805059008957,-0.0831584207896052,-0.1783646638219352,-0.37050705416522506,-0.24144081805251222
#54,-0.05898589166954984,-0.10453234921001038,-0.0019682466459078154,-0.009287663860377503,0.04413946872717488,0.444846807365548,0.31971706454465076,0.2706339138123246,-0.0421558451543459,0.2901395456118095,0.23060008457309808,0.3338869027024949,1.0,0.30146465228924,-0.1006112328451159,-0.26605927805328106,0.20045361934417408,0.0359666320685811,-0.11558835966632068,-0.17171414292853573,-0.16175758274708799,-0.04626148464229424,0.05108215123207627,0.1260292930457848,-0.14119094299004345,0.01436204974435859,-0.10959904663053088,0.08622611771037558,0.0880252181601507,-0.04210971437358244,0.23900357513550916,-0.07437050705416523,0.07086456771614193,-0.12995040941067929,0.2250413254911006,-0.04207896051974013,-0.05191250528581863,0.021366239956944606,-0.0627378618383116,-0.0032522200438242417,-0.03462883942644063,0.11286664360127628,0.11897897205243532,0.1349786645138969,-0.24330142620997194,0.23641256294929458,0.02384192519125053,-0.17942567177949487,-0.29876600161457734,-0.15258524583861915,0.021012570637758046,0.008718717564294775,-0.1253757736516357,-0.08395033252604467,-0.06703571291277438,0.062438011763349094,-0.4274862568715642,-0.030131088302002843,-0.06615922807826856,-0.10030369430669281,-0.12372275400761158,-0.06226117710375582,0.11736439472571407,0.17503555914350516,-0.10868411947872218,-0.12509130050359435,-0.019882366509053166,0.1678468458078653,-0.2451159035866682,-0.17439741667627726,-0.06698189366855034,-0.10078806750470919,-0.13814631145965478,0.0029293045784799907,-0.24583861915196248,-0.31662630223349864,-0.13115749817398992,-0.25660246799677083,0.28378118632991195,0.07050320993349479,0.18001768346595934,0.0964594625764041,,0.12482989274593473,-0.09698996655518395,-0.19237304424710722,-0.05983931111367393,-0.00598162457232922,0.012255410756160382,0.036143466728174374,0.14999423365240458,-0.09360704263252989,-0.0004920616614769538,0.07306346826586707,0.0002460308307384769,0.14193672394571946,-0.18566870410948372,0.1688386575942798,0.11886364510052666,-0.06106177680390574,-0.08837119901587667,0.23784261715296198,0.17896436397186022,-0.02475685234305924,-0.19273440202975436,0.086764310152616,-0.09609041633029639,-0.14147541613808481,0.07942951601122515,0.0060892630607773035,0.01087148733325645
#58,-0.18531503479029715,-0.09309960404413178,-0.2716949217698843,-0.2730480913389459,-0.11948641064083343,-0.03499788567254834,0.23377541998231655,-0.1630876869257679,-0.09539845461884443,0.14547341713758505,0.19268827124899088,0.12864337062238113,0.30146465228924,1.0,0.024241725291200552,-0.09894283627417061,-0.27177180640449006,-0.1273517087610041,-0.2813670088032907,-0.05028255103217622,-0.006942682504901395,-0.008242032829738977,-0.15075539153500173,0.002837043016953062,-0.1814477376696267,0.010118017914119863,-0.012808980125321955,0.14979433360242955,-0.0006227655403067697,-0.1850920693499404,-0.06874255180102257,0.03503632798985123,0.03112290008841733,0.12988890170299466,0.23459039710913773,0.12606773536308769,0.16889247683850384,0.25069003959558683,-0.01160957982547188,-0.0759773959174259,0.010164148694883328,0.11209779725521854,0.06054664975204705,0.15251604966747395,0.1870680044593088,0.23556683196863107,0.051843309114673435,0.1356552492984277,-0.2305923961096375,-0.13440971821781417,0.16048898627609273,-0.11873294122169685,-0.0671971706454465,-0.1508399646330681,0.11886364510052666,-0.00012301541536923846,-0.19131203628954754,0.1617191404297851,0.052904317072233115,-0.05645638719101988,-0.2248029831238227,-0.06898858263176104,0.27428593395609885,0.17608887863760428,-0.1313035789797409,-0.1261984392419175,0.42398031753354093,0.22151232076269559,-0.07918348518048668,0.02873178795217776,-0.012486064659977704,-0.23364471610348672,0.1668934763387537,-0.11242840118402338,0.11749509860454388,-0.05543382155076308,-0.008895552223888057,-0.07766116941529236,0.28300465152039367,-0.05398839042017453,0.014338984353976857,-0.1657017645023642,,0.2168761772959674,0.022788605697151423,-0.29134663437512015,-0.18551493484027218,-0.01513089609041633,-0.022796294160612,0.12396878483835005,-0.08141313958405412,-0.16021220159151195,0.12143928035982009,-0.06631299734748011,0.05191250528581863,-0.3144581555376158,-0.1436204974435859,-0.20317533540921848,-0.12808211278975898,-0.27629262291930956,-0.2730173374851036,-0.14516587859916197,0.185099757813401,0.05052089339945412,-0.041671471956329524,-0.07059547149502172,-0.02395725214315919,-0.13144965978549186,-0.04945219697843386,-0.1800253719294199,-0.043831930188751776
#101,-0.0730865336562488,0.33017337485103604,-0.0886710490908392,0.040833429439126594,-0.08524968285088225,0.07173336408718718,0.3714219813170338,0.13151116749317648,0.12439165032868181,0.39175027870680046,0.06857340560488986,0.11825625648714104,-0.1006112328451159,0.024241725291200552,1.0,0.2261638411563449,0.19188098258563027,-0.15836697036097336,0.20465920885710992,0.06432168531119056,0.4209818167839157,-0.09401453119594048,0.05856302617921808,-0.2740552800522815,0.12931995540691194,-0.3235920501287818,-0.11897128358897474,0.08229731288202052,0.14700342136623995,-0.02292699803944182,-0.07861453888440395,0.13802329604428554,0.022757851843309116,0.025172029369930418,0.10347902971591127,-0.02772459923884212,0.3255756737016107,0.007480874947141814,-0.23224541575366164,-0.25837081459270367,0.44899857763425977,0.18606850420943374,0.356244954445854,0.14438165532618305,-0.0730865336562488,-0.4151770268711798,0.18871333563987236,0.14235190097259062,-0.1219774728020605,-0.01380079191173644,-0.0891784876792373,-0.2140237573520932,0.13610886864260177,-0.03656633221850613,0.2837965632568331,-0.07205627955253142,0.05578749086994964,-0.18553031176719334,-0.3236843116903087,-0.39289585976242647,-0.4540268327374774,-0.38977434359743207,0.054734171375850536,0.29034713412524504,0.11138277015338485,0.26765078998962055,-0.09011648022142775,0.3027870680044593,0.25813247222542574,-0.030108022911621114,-0.0506285318879022,-0.019790104947526237,0.14306692807442434,-0.16830046515203936,0.20914158305462655,0.041625341175566065,-0.03133048860185292,-0.2062968515742129,0.24447776111944028,-0.07287125667935263,0.23556683196863107,0.1523315265444201,,-0.19408757159881598,-0.13254911006035444,-0.34398185522623304,-0.3717218313919963,0.11579594817975628,0.41017183715834393,-0.1006496751624188,0.2149079306500596,-0.3154499673240303,-0.4087033406373736,-0.2357897974089878,-0.343528235882059,0.1450121093299504,-0.29202321915965096,0.03472110098796755,-0.11454272863568216,-0.13199554069119288,0.001868296620920309,-0.12424556952293084,0.05112828201283973,-0.04349363779648637,0.24390881482335755,0.09981163264521585,0.0011994002998500749,-0.30849190789220776,-0.3409833544766078,-0.4675662168915542,-0.4761849844308615
#102,0.02982354976357975,0.3879137354399723,-0.014315918963595126,0.09093145734824895,0.14246722792449928,-0.19880059970014993,-0.06034674970207204,-0.23148425787106447,0.38902856264175606,0.1832237727290201,0.11910967593126513,-0.19853919194249028,-0.26605927805328106,-0.09894283627417061,0.2261638411563449,1.0,-0.04866028524199439,-0.30716180371352786,0.2701649175412294,0.45795563756583246,-0.21631491946334525,0.44321685311190556,-0.03482105101295506,-0.004543881905201245,-0.23266828124399339,0.1437973321031792,-0.33400222965440357,0.0015146273017337486,0.14275938953600123,0.16381040249106216,-0.28055203167646947,-0.40196055818244725,-0.24527736131934033,-0.0552569868911698,0.040964133317956404,0.2117402837043017,-0.03539768577249837,0.39471033713912274,-0.059201168646446006,-0.0031907123361396227,0.35271594971744896,0.34072194671894823,-0.1751278207050321,0.2688117479721678,-0.19609426056202667,-0.09682082035905125,0.08335832083958021,-0.03817322108176681,-0.04915234690347134,-0.10900703494406642,-0.250559335716757,-0.09719755506861953,-0.3303886518279322,-0.020335985853227233,-0.21410833045015953,0.21732979664014146,0.05178948987044939,0.2971129819705532,-0.009764348594933303,-0.13400991811786414,0.15231614961749895,0.02108176680890324,0.21851382001307038,0.1506246876561719,0.11050628531887902,-0.1089839695536847,0.15589128512666744,-0.06848114404336293,0.34238265482643293,0.4378503056164226,0.09735132433783109,-0.028308922461846,0.11541152500672741,-0.05626417560450544,0.09834313612424557,0.130865336562488,0.06836581709145427,0.08152077807250221,-0.0036750855341559988,0.5405528005228155,-0.20913389459116596,-0.026110021912120862,,-0.43973397916426404,0.16805443432130088,0.16282627916810824,0.07275592972744398,0.11179794718025603,0.24742244262484142,-0.22743243762734017,-0.12740552800522814,-0.000399800099950025,-0.30536270326375275,-0.027678468458078653,-0.057294429708222815,-0.11275131664936762,0.15515319263445201,-0.10861492330757698,-0.1437896436397186,-0.3160112251566524,-0.2079575596816976,-0.30214123707377083,-0.09360704263252989,-0.1835313112674432,-0.042417252912005536,0.053580901856763924,-0.340399031253604,0.10674662668665667,-0.019298043286049282,-0.00897243685849383,0.05932418406181525
#201,0.2887940645062084,0.2586937300580479,0.5819474877945643,0.47749971168262023,-0.11454272863568216,0.21940568177449737,0.25309652865874754,0.0772383039249606,0.14405105139737823,0.39048937069926576,0.2818975127820705,-0.23821935186253027,0.20045361934417408,-0.27177180640449006,0.19188098258563027,-0.04866028524199439,1.0,0.37355168569561376,0.25942413408680276,-0.3100372890477838,-0.20768077499711682,-0.40796524814515817,0.3521008726406028,-0.004928305078230116,0.25588744089493715,-0.25191250528581866,0.19946949602122016,0.3427055702917772,-0.020351362780148388,-0.09289201553069619,0.4222888555722139,0.1349017798792911,0.3630031138277015,0.06160765770960674,-0.15347710760004613,-0.41226309921962095,-0.1289585976242648,-0.39284204051820243,-0.1251143658939761,-0.19352631376619384,-0.14771076000461308,-0.1779187329412217,-0.2522046668973206,-0.2894629608272787,-0.2328374274401261,-0.2925460346749702,0.21955176258024833,0.06163841156344904,0.14934071425825549,0.1553915350017299,0.13931495790566256,0.13196478683735055,0.31138277015338484,0.20382885480336754,-0.138815207780725,-0.13081151731826393,0.020705032099334948,-0.5356244954445853,-0.0944912159304963,0.11458885941644563,0.1470264867566217,0.0687656171914043,-0.3281820628147465,0.11484257871064468,0.2076192672894322,0.1809864298619921,-0.25796332602929306,-0.029546765078998963,0.2164302464152539,0.027824549263829625,0.31365855533771575,0.389320724253258,-0.2271479644792988,-0.08841732979664015,-0.37831853304117175,-0.27048014454311303,-0.17930265636412562,0.04220966439856995,0.04876792373044247,-0.05208165148195133,-0.019136585553377158,-0.12428401184023373,,-0.025394994810287164,-0.33889978087879136,0.17364394725714066,0.21560758082497214,-0.09226924999038942,-0.1160266020835736,-0.3558682197362857,-0.1454964825279668,-0.02754007611578826,-0.3113366393726214,0.00035366931918656057,-0.12524506977280592,0.6998039441817553,-0.05042094337446661,0.5007265597970245,0.5499711682620229,0.29703609733594744,0.3421904432399185,0.37977934109868144,0.24779148887094915,0.21167877599661708,0.3552685195863607,0.44569253834621153,0.3643716603236843,-0.09885057471264368,0.06032368431169031,0.10327144120247568,-0.035105524160996424
