,#10,#11,#12,#13,#17,#18,#26,#49,#50,#51,#52,#53,#54,#58,#101,#102,#201,#202,#301,#302,#401,#402,#501,#502,#601,#602,#701,#702,#801,#802,#901,#902,#1001,#1002,#1101,#1102,#1201,#1202,#1301,#1302,#1401,#1402,#1501,#1502,#1601,#1602,#1701,#1702,#1801,#1802,#1901,#1902,#2001,#2002,#2101,#2102,#2201,#2202,#2301,#2302,#2401,#2402,#2501,#2502,#2601,#2602,#2701,#2702,#2801,#2802,#2901,#2902,#3001,#3002,#3101,#3102,#3201,#3202,#3301,#3302,#3401,#3402,#3455,#3501,#3502,#3601,#3602,#3701,#3702,#3801,#3802,#3901,#3902,#4001,#4002,#4101,#4102,#4201,#4202,#4301,#4302,#4401,#4402,#4501,#4502,#4601,#4602,#4701,#4702,#4801,#4802
#10,1.0,-0.14591165955483795,0.41167877599661706,0.13017337485103603,0.036143466728174374,0.050451697228308924,0.0769307653865375,0.19954638065582594,-0.11879444892938146,0.03555914350517049,0.1465805558759082,0.20568946296082727,-0.02564102564102564,0.2733863837312113,0.015392303848075961,0.22730942221197092,0.2675047091838696,0.06411409679775497,-0.019559451043708913,0.20470533963787338,-0.01543074616537885,0.17493560911851766,0.21290893015030946,0.332210817668089,0.13306423711221313,0.34254411255910505,0.021781416983815784,0.2105101295506093,0.061353938415407684,0.16788528812516818,0.005174335908968593,-0.1257217545073617,-0.16170376350286395,-0.23103832699035098,0.10875331564986737,-0.07710760004613078,-0.032222350363279896,-0.12203898050974513,-0.1686695113981471,-0.09777418982816284,-0.01077922577172952,-0.06850420943374466,-0.14340522046668974,0.12220043824241725,0.018467689232306923,0.08483450582401107,0.07424749163879599,0.06990350978356975,-0.008011378925921655,0.16011225156652442,0.25638719101987467,0.21472340752700572,0.13659324184061816,0.18486910390958367,0.030492446084649984,0.004059508707184869,-0.12274631914811825,-0.020297543535924344,-0.1006496751624188,-0.22801676085034406,0.04370891477338254,0.07870680044593088,-0.042409564448544955,0.02061277053780802,0.014431245915503786,0.003598200899550225,-0.04456233421750663,0.0986737400530504,0.21096374889478337,0.16128858647599278,0.16639372621381618,0.034459693230307925,0.1293660861876754,0.01569215392303848,0.020766539807019566,0.08105178180140699,-0.1117748817898743,-0.1324952908161304,0.013600891861761426,0.16371814092953524,-0.036935378464613845,0.2558105562603314,,-0.019859301118671433,0.16787759966170762,0.12079344942913159,0.09143889593664706,0.06984200207588513,0.06861953638565332,-0.04595394610387114,-0.07840695037096836,-0.03805789412985815,0.002329604428554953,0.09878137854149849,-0.21438511513474032,-0.013685464959827778,0.1481797562757083,0.08017529696690116,0.10360973359474109,0.0803982624072579,0.06114634990197209,-0.07813785414984815,-0.11110598546880406,-0.10259485641794487,-0.27263291431207476,0.08128243570522431,-0.13583977242148157,0.028239726290700803,-0.027578518433091146,-0.023165340406719716,-0.039933879214239035
#11,-0.14591165955483795,1.0,-0.14104486218429246,0.17228308922461846,0.05202014377426671,0.15656018144773767,0.3215469188482682,0.04730711567293276,0.2963902664052589,0.29381463114596545,0.29511398147080303,-0.16715488409641333,-0.17318263944950602,0.24280167608503442,-0.059062776304155615,-0.09522930842271173,-0.1240533579364164,-0.29498327759197324,-0.07684619228847114,-0.16622458001768348,-0.1705685618729097,-0.20419790104947527,-0.23352170068811748,-0.2052819743974167,-0.2828278168608004,-0.3651635720601238,-0.25401914427401684,-0.11243608964748394,-0.00201437742667128,-0.1336870026525199,-0.117656556337216,-0.050866874255180106,-0.1475339253450198,-0.027378618383116133,0.14210587014185216,-0.032007073386383735,0.07027255602967747,0.24881405451120595,0.010417867989082381,0.009441433129589052,0.01690693114980971,0.02082035905124361,-0.061584592319225,0.24200207588513437,0.0016530196440241417,-0.06658209356860031,-0.25082074347441663,-0.06522123553607811,-0.03424441625341176,0.040041517702687116,-0.08734094491215931,-0.05321185561065621,-0.01386229961942106,-0.037973321031791796,-0.15888209741283205,-0.06892707492407642,-0.03825779417983316,-0.07236381809095452,0.111944027986007,0.1050320993349479,0.20396724714565795,0.04820666589782032,0.29735132433783107,0.25244300926459845,-0.22040518202437243,0.11147503171491177,0.27068773305654864,0.2761080997962557,-0.22559489486026219,-0.1700918771383539,-0.17669626725098989,0.20601237842617154,-0.21374697266751239,0.016245723292200052,0.09206166147695383,0.14634990197209088,0.21079460269865066,0.21940568177449737,0.3300119171183639,0.002744781455426133,-0.11199015876677046,0.03875754430477069,,-0.3974781839849306,-0.1552915849767424,-0.03169184638450006,0.0226271479644793,-0.006104639987698459,-0.14254411255910507,-0.08973974551185945,0.09776650136470226,0.08498827509322263,0.13318725252758237,-0.1263060777303656,0.2346365278899012,0.0031138277015338484,-0.22641756045054395,-0.15722138930534732,-0.2646446007765348,-0.2676661669165417,0.04209433744666129,-0.00834967131818706,0.08381194018375428,-0.07563141506169992,0.12635989697458963,-0.24104870641602275,0.038250105716372586,0.21216314919463344,0.07295582977741898,0.13233383308345828,0.36983815784415486
#12,0.41167877599661706,-0.14104486218429246,1.0,0.4513973782339599,0.08386575942797832,0.13962249644408564,-0.15825933187252528,-0.009572137008418868,-0.14489678237804174,0.15041709914273632,0.19405681774497366,0.014769538307769193,-0.04574635759043555,0.07405528005228156,0.02754776457924884,0.16680890324068734,0.3425364240956445,0.5022873178795217,0.13568600315227003,-0.010433244916003536,-0.12160842655595279,0.11542690193364856,0.3707223311421212,0.12175450736170376,0.3003036943066928,0.26282243493637797,0.23298350824587707,0.2897858762926229,0.13444816053511705,0.16307230999884673,0.03212240033829239,-0.22230423249913506,0.04057202168146696,0.052712105485718676,-0.055303117671933265,-0.1946642063583593,-0.11861761426978819,-0.04531580363664322,-0.051328182062814746,0.10141083304501596,0.12549878906700496,0.06421404682274247,-0.18114788759466421,0.14302079729366085,-0.07964479298812133,-0.17538922846269173,0.145565678699112,0.3052089339945412,0.08461154038365433,0.37180640449006264,0.2856110406335294,0.4315073232614462,0.2816976127320955,0.3452888940145312,0.1473647791488871,0.08352746703571291,-0.15833621650713106,-0.0173528620305232,-0.31917118363894975,-0.26555952792834353,-0.18634528889401453,-0.2696651674162919,-0.30916080421327796,-0.07779956175758275,0.13737746511359705,0.18699880828816362,-0.14138315457655787,0.11046784300157614,0.09885826317610426,0.005043632030138777,0.420958751393534,0.2856033521700688,-0.041648406565947794,0.15656786991119825,0.05543382155076308,0.20788836351055243,-0.2713950716949218,-0.295952023988006,-0.0818667589282282,0.14152154691884827,-0.13570906854265175,0.15718294698804444,,0.036120401337792644,0.15002498750624688,0.024510821512320764,-0.08207434744166378,0.2086033906123861,0.16591704147926037,0.17731134432783607,-0.04427786106946527,-0.05740975666013147,-0.08854034521200937,-0.08766386037750355,-0.44159458732172374,0.08994733402529505,0.23796563256833123,0.4955368469611348,0.3063314496597855,0.35217775727520856,0.27579287279437203,0.17221389305347326,0.1708069042401876,0.102956214200592,-0.05245838619151962,0.26289163110752317,0.1756045054395879,-0.19956175758274708,-0.15509937339022797,-0.23737362088186675,-0.3302502594856418
#13,0.13017337485103603,0.17228308922461846,0.4513973782339599,1.0,0.021719909276131166,0.03645100526659747,0.07642332679813939,0.03313727751508861,0.1038788298158613,0.40743474416637837,0.2102102794756468,-0.10615461500019222,-0.25260446699727057,0.16768538807519318,-0.12819743974166764,-0.08538807519317264,0.18338523046169222,0.3454811056010456,0.2103102295006343,-0.04237112213124207,-0.1782262714796448,-0.21465421135586052,-0.06268404259408757,-0.1847922192749779,-0.10924537731134433,0.07863760427478568,0.05520316764694576,0.15248529581363165,0.28940914158305464,0.09239995386921923,0.04639987698458463,0.06369123130742321,0.1998616076577096,0.1481182485680237,-0.0143928035982009,0.038134778764463924,-0.15789797408987813,0.1240918002537193,-0.09742820897243686,-0.003521316264944451,0.1399761657632722,0.26808134394341293,-0.08247414754161381,0.07127205627955253,-0.2789143889593665,-0.31377388228962444,0.19148887094914083,0.29437588897858763,0.1613116518663745,0.43625110521662247,0.29559835466881945,0.47796870795371543,0.24711490408641834,0.24231730288701803,-0.20957213700841887,0.09266136162687887,-0.23975704455464575,-0.1460346749702072,-0.07400146080805751,-0.07914504286318379,0.009933494791066005,-0.03752739015107831,-0.04243262983892669,0.05747895283127667,0.18467689232306925,0.048483450582401104,0.142836274170607,0.15728289701303194,-0.08543420597393611,-0.020359051243608966,0.20379041248606466,0.39524852958136314,-0.18277015338484603,0.06529812017068388,0.031376619382616384,0.08694114481220928,-0.10616999192711336,0.07252527582362665,-0.01332410717718064,0.06216122707876831,-0.17415138584553877,0.23883442893937645,,-0.10520893399454119,0.03689693614731096,0.06549033175719833,0.15037865682543344,0.3178641448506516,0.26166916541729135,0.1651558835966632,-0.0538961288586476,0.17527390151078306,-0.0773382539499481,-0.09970399415676777,-0.10191827163341406,0.009748971668012148,0.11019105831699536,0.2899627109522162,0.26200745780955675,0.06576711644177911,0.22814746472917388,0.33591665705608736,0.263422135086303,0.13825394994810286,0.12559105062853188,0.2139468727174874,0.24461615346173068,0.024526198439241916,0.008818667589282281,-0.01320878022527198,0.01812170837658094
#17,0.036143466728174374,0.05202014377426671,0.08386575942797832,0.021719909276131166,1.0,0.6290623918809826,0.3636643216853112,0.2722792449928882,0.16096567101064851,0.10702341137123746,0.12830507823011572,0.2786991119824703,0.3018336985353477,0.20337523545919348,0.20202206589013186,0.2230653903817322,0.30148771767962174,-0.1483873447891439,-0.3029639026640526,-0.046422942374966365,-0.08702571791027564,0.003083073847691539,-0.32137777265213546,0.05431130588551878,-0.18347749202321917,-0.22231192096259564,-0.24741475416138084,-0.3041863683542844,0.07007265597970246,0.33631645715603736,0.27004190212586016,0.47295582977741896,0.08343520547418598,0.10177987929112367,0.09763579748587245,0.2618613770038058,0.32261561526928845,0.2706646676661669,0.19861607657709607,-0.2815515319263445,-0.003521316264944451,0.041671471956329524,0.06735093991465806,0.17814938684503903,-0.03398300849575212,0.009995002498750625,-0.06477530465536463,-0.12156998423864991,-0.13713143428285857,-0.1595125514165994,-0.05357321339330335,-0.12113943028485757,-0.364940606619767,-0.17580440548956291,-0.18852112405335794,-0.2779148887094914,-0.33968400415177025,-0.35367700765002114,-0.12828201283973398,-0.18010994502748626,0.0918694498904394,0.033859993080382886,0.45483412140083807,0.385591819474878,-0.1584207896051974,-0.20199900049975011,0.37885672548341215,0.3383231461192481,-0.12760542805520317,0.15642947756890785,-0.228508822511821,-0.24112559105062853,0.03775804405489563,0.04081036404874486,-0.1089839695536847,-0.04359358782147388,-0.13391765655633722,-0.06390650828431937,0.4957598124014916,0.41435436128089803,0.020828047514704188,0.185845538769077,,-0.1670626225348864,0.4176527121054857,0.06624380117633491,0.007711528850959136,-0.1410294852573713,-0.10447084150232576,0.19590973743897283,0.4076192672894322,0.17581978241648408,0.15266213047322494,0.027932187752277706,-0.07422442624841426,-0.21707607734594242,-0.27831468880944144,-0.17565832468381193,-0.33241840618152463,-0.08559566370660823,-0.1971475800561258,0.22012070887633106,0.36065813247222545,0.015284665359627879,-0.011017568139007419,0.0666205358859032,-0.01965940106869642,0.007127205627955253,-0.043063083842694035,0.12127013416368738,0.03769653634721101
#18,0.050451697228308924,0.15656018144773767,0.13962249644408564,0.03645100526659747,0.6290623918809826,1.0,0.4749317648867874,0.29194633452504515,0.14460462076653982,0.08731787952177757,0.0023988005997001498,0.22416484065659478,0.4784992119324953,0.19501018721408528,0.195978933610118,0.10587783031561143,0.3815630646215354,-0.11849459885441894,-0.25418060200668896,-0.044646907315572984,-0.2597009187713835,-0.14162918540729635,-0.08315073232614462,-0.021458501518471534,-0.1923807327105678,-0.43779648637219853,-0.24180986429861992,-0.31691077538154,0.21159420289855072,0.462530273324876,0.44751470418636835,0.3900511282820128,0.28225887056471766,-0.11899434897935647,0.3033713912274632,0.3621343174566563,0.30693114980971054,0.2990504747626187,0.15172413793103448,-0.26439088148233575,-0.04809902740937224,0.11053703917272133,-0.11107523161496174,0.27462422634836425,-0.0673048091338946,0.08218198593011186,-0.21850613154960982,-0.09187713835389998,-0.22962364971360474,-0.04226348364279399,-0.14768000615077076,-0.12539883904201746,-0.3185330411717218,-0.2992503748125937,-0.2339983854226733,-0.3253450197977934,-0.4019298043286049,-0.4547187944489294,-0.2440548956291085,-0.22295006342982354,0.190612386114635,0.23978779840848807,0.5510244877561219,0.4384192519125053,-0.25527236381809093,0.07621573828470381,0.5604274785684081,0.6899319570983738,-0.26712028601084076,0.10145696382577941,-0.1742359589436051,-0.15888209741283205,0.01474647291738746,0.2577172951985546,-0.16258793680083036,-0.013754661130972975,-0.0024833736977665014,-0.027839926190750777,0.6286625917810326,0.441025641025641,-0.07447045707915273,0.24443163033867682,,-0.17154499673240303,0.3462653288740245,0.04171760273709299,-0.0331065236612463,-0.1310344827586207,-0.17146811209779725,0.12828201283973398,0.46699727059547147,0.04951370468611848,0.05278130165686388,-0.10427862991581133,-0.24211740283704303,-0.27282512589858915,-0.35833621650713104,-0.030661592280782687,-0.24160227578518434,0.13454811056010457,-0.08558028677968708,0.33677007650021146,0.5578441548456541,0.17643485949333026,0.12124706877330566,-0.002114327451658786,0.10147234075270058,0.10417867989082381,0.03888824818360051,0.15130127244070274,-0.057455887440894936
#26,0.0769307653865375,0.3215469188482682,-0.15825933187252528,0.07642332679813939,0.3636643216853112,0.4749317648867874,1.0,0.17840310613923807,0.33195709837389,0.3621266289931957,0.4185983931111367,0.018552262330373274,0.03804251720293699,0.3284050282551032,0.11955560681197863,-0.029546765078998963,0.23220697343635874,-0.2680736554799523,0.011148272017837236,-0.1198016376427171,-0.27596201899050476,-0.3688617229846615,-0.27793795409987315,-0.29188482681736055,-0.4225502633298735,-0.42032060892630607,-0.47120286010840734,-0.4079268058278553,0.12341521546918849,0.2516434090646984,0.07500096105793257,0.3092453773113443,-0.050128781762964675,-0.14402029754353593,0.3972013993003498,0.2788759466420636,0.4192903548225887,0.3502787068004459,0.10376350286395264,-0.2791450428631838,-0.020382116633990695,0.1675700611232845,-0.006327605428055203,0.30483988774843346,-0.0598162457232922,0.010494752623688156,-0.23792719025102832,-0.1480490523968785,-0.24782993118825203,-0.12181601506938838,-0.24234036827739977,-0.11974012993503248,-0.25030561642255794,-0.2680736554799523,-0.3226924999038942,-0.23685080536654748,-0.15860531272825126,-0.3009418367739207,0.012355360781147887,0.12659823934186754,0.2743089993464806,0.17913351016799292,0.7255910506285319,0.5127820705032099,-0.23731211317418213,0.011263598969745896,0.5202245031330489,0.6018682966209203,-0.22671741052550648,-0.005158958982047438,-0.24230961442355745,-0.07425518010225657,-0.24454695729058548,-0.029861992080882634,-0.23548994733402528,-0.1345327336331834,0.11953254142159689,0.22977741898281628,0.6804367047245607,0.3632183908045977,-0.007749971168262023,0.1304886018529197,,-0.24760696574789529,0.1496021220159151,0.06824280167608504,0.032875869757428976,-0.2318840579710145,-0.09003959558682198,1.5376926921154808e-05,0.20848037519701687,0.246138469226925,0.0164686887325568,-0.0974820282166609,-0.0036827739976165765,-0.28426555952792837,-0.17598892861261678,-0.24636143466728175,-0.437296736247261,-0.2439241917502787,-0.3405143582055126,0.015361549994233652,0.11900972590627763,0.014608080575097066,-0.050859185791719524,-0.12055510706185368,0.017844923692000154,0.22088186675892824,0.11337408218967439,0.2139468727174874,0.38272402260408256
#49,0.19954638065582594,0.04730711567293276,-0.009572137008418868,0.03313727751508861,0.2722792449928882,0.29194633452504515,0.17840310613923807,1.0,0.19978472302310382,0.09113135739822396,0.23296044285549533,0.5643793487871449,0.3081613039634029,0.14551185945488795,0.06237650405566447,0.2521431591896359,0.07507015722907777,-0.1039787798408488,-0.11377388228962441,0.20882635605274286,-0.03939568677199862,0.15557605812478376,-0.181278591473494,0.07626955752892785,-0.28049821243224543,-0.11730288701802945,-0.19487179487179487,-0.11645715603736594,0.3017721908276631,0.32270018836735476,0.09665167416291855,0.07315572982739399,-0.045138968977049936,-0.02952369968861723,0.05147426286856572,0.16754699573290277,0.11360473609349171,-0.0279014338984354,-0.013600891861761426,-0.17285972398416177,0.2652981201706839,0.21365471110598547,0.14461999769346096,0.048429631338177064,-0.07646945757890286,0.1661400069196171,-0.02843193787721524,-0.0954753392534502,-0.22827048014454313,-0.054680352131626496,-0.013262599469496022,-0.13792334601929804,-0.25661015646023144,-0.38213969938107867,-0.10624687656171913,-0.2916003536693192,-0.2241571521931342,-0.1381078691423519,-0.02978510744627686,-0.12711336639372622,-0.0198362357282897,0.05002883173797717,0.23675854380502057,-0.008165148195133202,-0.1307961403913428,-0.06777380540498981,0.25741744512359205,0.28538038672971205,-0.010802291162111252,0.20745780955676008,-0.06937300580478992,-0.002037442817053012,0.16147310959904662,-0.03532080113789259,-0.07506246876561719,-0.13733902279629415,-0.25509552915849765,-0.4065582593318725,0.15094760312151617,0.15271594971744898,-0.14910237189097758,0.15006342982354975,,0.36241110214123706,0.3756660131472725,-0.06797370545496483,-0.1876523276823127,0.21537692692115482,0.1981317033790797,0.25037481259370314,0.18087110291008343,-0.2673355629877369,0.23877292123169186,-0.3131588052127782,-0.1650482451082151,-0.14340522046668974,-0.32227732287702304,-0.17057625033637028,-0.21068696421020258,-0.01836005074385884,-0.22597931803329105,-0.02244262484142544,0.12153154192134702,-0.05812478376196517,-0.21766808903240686,-0.11997847230231039,-0.30580863414446624,-0.11773344097182178,-0.0924460846499827,-0.04473916887709991,0.05282743243762734
#50,-0.11879444892938146,0.2963902664052589,-0.14489678237804174,0.1038788298158613,0.16096567101064851,0.14460462076653982,0.33195709837389,0.19978472302310382,1.0,0.036474070656979204,0.26764310152616,-0.011209779725521854,-0.013224157152193133,-0.012032445315803636,0.3308960904163303,-0.08687194864106408,-0.06836581709145427,-0.16163456733171874,0.0323914965594126,-0.23245300426709722,-0.0897935647560835,-0.10374043747357091,-0.07695383077691924,-0.07034944066428324,-0.21656095029408373,-0.2877330565486488,-0.21809095452273863,-0.28484219428747165,0.14673432514511975,0.09725906277630415,0.14907930650059587,0.12923538230884557,0.02490293314881021,-0.033452504516972285,-0.15384615384615385,-0.055956637066082345,0.05577980240648906,0.06691269749740514,-0.04457002268096721,-0.16211125206627455,0.2302464152539115,0.20471302810133396,0.28769461423134585,0.2336831584207896,0.13440971821781417,0.0763541306269942,-0.25584899857763427,-0.09545996232652905,-0.22963902664052588,0.07483950332526045,0.0071733364087187175,-0.0879560219890055,-0.017629646715103985,0.03536693191865606,-0.11074462768615692,-0.15368469611348173,-0.10055741360089186,-0.34364356283396763,0.06815822857801869,0.02907776880790374,0.07207934494291315,-0.14405105139737823,0.28850959135816706,0.3257909506785069,-0.33683158420789605,-0.22968515742128937,0.09429900434398185,0.2698189366855034,-0.04725329642870872,-0.1335870526275324,-0.020189905047476264,0.2820205281974397,-0.21809864298619921,0.10849959635566832,-0.2528120555107062,-0.2864875254680352,0.03029254603467497,0.16099642486449084,0.3600891861761427,-0.01021796793910737,0.03053088840195287,0.1425979318033291,,-0.07919117364394726,0.04310152615999693,0.06794295160112251,-0.018759850843808865,0.19736285703302195,0.20824203282973897,0.2926152308461154,0.18139391842540267,-0.013508630300234498,0.11846384500057663,-0.13793103448275862,0.06819667089532157,0.1189866605158959,-0.39521777572752087,-0.12992734402029754,-0.20575865913197247,-0.10600084573098066,-0.1782877791873294,0.16956906162303464,0.188974743397532,0.10377887979087379,0.1741052550647753,-0.06529812017068388,-0.028531887902202745,0.08484219428747165,-0.029738976665513398,-0.08494983277591973,0.13590896859262677
#51,0.03555914350517049,0.29381463114596545,0.15041709914273632,0.40743474416637837,0.10702341137123746,0.08731787952177757,0.3621266289931957,0.09113135739822396,0.036474070656979204,1.0,0.5421673778495367,-0.037650405566447546,-0.15844385499557914,0.1546457540460539,-0.0820666589782032,-0.049175412293853075,0.2947910660054588,0.059424134086802756,0.164540806519817,-0.10930688501902895,-0.14295160112251568,-0.26313766193826166,-0.21729135432283858,-0.40904163302963903,-0.20971052935070927,-0.12811286664360128,-0.15463037711913274,-0.11970937608119017,0.1520316764694576,0.11515011724906778,-0.10460923384461615,0.21515396148079807,0.07385538000230654,0.16453311805635643,0.263622035136278,0.09925806327605428,0.20602006688963212,0.1741052550647753,0.057755737515857455,-0.05839387998308538,0.0068504209433744665,0.06599777034559644,-0.14754930227194096,-0.037496636297236,-0.25551070618536886,-0.34378195517625804,-0.1012955060931073,-0.09402990812286165,-0.06831968631069081,0.12215430746165379,0.08069042401875985,0.3571829469880444,0.18351593434052205,0.08355822088955522,-0.1644408564948295,-0.023780417483565908,-0.035897435897435895,-0.16168069811248223,0.028862491831007572,0.048706416022757854,0.055364625379617886,-0.008180525122054357,0.1983008495752124,0.10729250759235767,0.19131972475300812,0.10168761772959674,0.24888325068235112,0.198508438088648,-0.14012993503248375,-0.13573982239649407,-0.0684965209702841,-0.034844116403336796,-0.3616345673317188,-0.16816976127320954,-0.06648214354361281,-0.08585707146426787,0.03115365394225964,0.12992734402029754,0.23336793141890594,0.14714181370853036,-0.18554568869411447,0.06984200207588513,,-0.014508130550109561,0.003259908507284819,0.12915080921077923,0.09276131165186638,0.08238188598008687,0.024441625341175565,0.06843501326259947,0.09881213239534078,0.3187560066120786,0.0524660746549802,-0.08197439741667628,-0.0007380924922154307,0.022642524891400454,0.10091108292007842,-0.026256102717871835,-0.1496790066505209,-0.0966286087725368,-0.03708914773382539,0.02987736900780379,0.10858416945373467,0.04717641179410295,-0.05777111444277861,-0.04156383346788144,0.09357628877868758,0.04411640333679314,0.12610617768039056,0.20198362357282898,0.31185945488794065
#52,0.1465805558759082,0.29511398147080303,0.19405681774497366,0.2102102794756468,0.12830507823011572,0.0023988005997001498,0.4185983931111367,0.23296044285549533,0.26764310152616,0.5421673778495367,1.0,0.02125860146849652,-0.17927190251028333,0.2098335447660785,0.05943182255026333,0.10992196209587514,0.13251066774305156,0.03226079268058279,0.260439011263599,-0.11624956752393034,-0.18180909545227386,-0.2040902625610272,-0.1631568830969131,-0.2302156614000692,-0.29060085341944414,-0.07383231461192481,-0.2979664014146773,-0.17952562180448237,0.243954945604121,0.16197285972398417,-0.09869680544343214,-0.030577019182716336,-0.09103909583669703,-0.051328182062814746,0.17601968246645908,0.03227616960750394,0.1742052050897628,0.10424787606196902,0.10224887556221889,-0.1356552492984277,0.1741052550647753,0.24713028101333948,0.08858647599277285,0.20259870064967517,-0.11244377811094453,-0.34654980202206587,-0.1814477376696267,-0.1517856456387191,-0.12843578210894552,0.10014223657402069,-0.0051205166647445505,0.13118825202783224,0.039634029139276515,-0.06820435935878215,-0.04133317956406412,-0.13128820205281974,-0.031099834698035598,-0.14327451658785992,0.0471917887210241,0.0307922961596125,-0.011102141237073771,-0.06642832429938876,0.19245761734517355,0.23668934763387536,-0.02638680659670165,-0.0006842732479913889,0.06016991504247876,0.26282243493637797,-0.11544227886056972,-0.14427401683773497,0.022527197939491792,0.1290585476492523,-0.33830008072886636,-0.006381424672279245,-0.15581440049206166,-0.08468073655479952,-0.10190289470649291,-0.06644370122630992,0.2607773036558644,0.17179102756314152,-0.07239457194479683,0.032107023411371234,,0.019136585553377158,0.07387075692922769,0.08614154461230923,-0.013608580325222004,0.17212163149194634,0.16188059816245723,0.14051435820551264,0.010625456502517972,0.21210164148694882,0.05427286356821589,-0.22101257063775803,-0.05875523776573252,0.02061277053780802,0.10747703071541152,0.139707069542152,-0.24247107215622957,-0.07368623380617384,-0.1891515780571253,-0.13923807327105678,-0.10557029177718832,-0.030976819282666358,-0.14006073886133857,0.01495406143082305,0.005043632030138777,-0.053911505785568754,0.012662899319570984,0.0034598085572598316,0.3392073194172145
#53,0.20568946296082727,-0.16715488409641333,0.014769538307769193,-0.10615461500019222,0.2786991119824703,0.22416484065659478,0.018552262330373274,0.5643793487871449,-0.011209779725521854,-0.037650405566447546,0.02125860146849652,1.0,0.11677238303924961,0.08943989543689694,-0.06209203090762311,0.023519009725906277,0.04332449160035367,-0.009172336908468843,-0.30682351132126245,0.014231345865528775,0.028716411025256603,0.10015761350094184,0.019682466459078153,0.2658363126129243,0.014423557452043208,-0.02185061315496098,-0.013485564909852766,0.04853726982662515,0.059201168646446006,0.32018606081574597,0.061246299926959596,0.1970014992503748,-0.13384077192173144,-0.038303924960596626,-0.04121785261215546,0.059747049552147005,0.15412293853073464,-0.21120977972552185,-0.07263291431207473,-0.11591896359512552,0.13071156729327643,0.08956291085226617,0.26549033175719833,0.03669703609733595,0.06030830738476915,0.3037711913274132,0.1509706685118979,-0.036635528389651326,-0.17222926998039442,-0.10663898819820859,-0.09834313612424557,-0.023565140506669743,-0.2103102295006343,-0.2360358282397263,0.10602391112136239,-0.10016530196440242,-0.16033521700688116,0.0031907123361396227,-0.3577211394302849,-0.15153192634452003,-0.08897089916580171,-0.015353861530773075,-0.011863299119670934,-0.11658785991619575,0.025863991081382386,-0.2656210356360281,0.10740014608080575,0.06404490062660977,-0.05422673278745243,-0.06814285165109753,-0.06851189789720524,-0.24453158036366432,0.41979779341098683,0.024257102218121707,0.13451735670626225,0.06727405528005229,-0.1934955599123515,-0.32243109214623455,0.05491100603544382,-0.02650213354861031,0.03324491600353669,0.1217083765809403,,0.3221543074616538,0.5285818629146964,0.2962364971360474,0.034890247184100255,0.12722869334563489,0.06023911121362396,0.2820897243685849,0.006758159381847538,-0.13587821473878445,0.08328912466843501,-0.2244954445853996,-0.042394187521623806,-0.10927613116518664,-0.2307615423057702,-0.0422250413254911,-0.031207473186483682,-0.04433168031368931,-0.1320570483988775,0.041671471956329524,-0.045077461269365314,-0.014900242186599008,-0.23811940183754277,0.03801945181255526,-0.2978203206089263,-0.15980471302810134,-0.12750547803021567,-0.16673970706954216,-0.17864913696997656
#54,-0.02564102564102564,-0.17318263944950602,-0.04574635759043555,-0.25260446699727057,0.3018336985353477,0.4784992119324953,0.03804251720293699,0.3081613039634029,-0.013224157152193133,-0.15844385499557914,-0.17927190251028333,0.11677238303924961,1.0,-0.06322223503632798,0.1841463883442894,0.16183446738169377,0.08056740860339061,-0.030669280744243264,-0.2022142774766463,0.01912889708991658,-0.06073117287510091,-0.014085265059777804,0.07290201053319494,0.10746165378849037,0.07410141083304501,-0.1386537500480529,0.2634375120132242,-0.043316803136893095,0.29511398147080303,0.4140775765963172,0.29609041633029637,0.20824972129319955,0.20736554799523316,-0.04785299657863376,0.11553454042209664,0.17142966978049437,0.180332910467843,0.07845308115173183,0.26782762464921384,-0.026248414254411257,0.11501941337023795,0.07447814554261331,-0.093022719409526,-0.022419559451043708,0.0882251182101257,0.07633875370007304,0.04051820243724292,0.0563795025564141,-0.00497443585899358,-0.03332180063814247,0.02873178795217776,-0.2228270480144543,-0.20789605197401298,-0.2439241917502787,0.006842732479913889,-0.22907008034444315,-0.11635720601237842,-0.09797408987813785,-0.16936916157305962,-0.08336600930304079,-0.07989851228232038,0.009602890862261177,0.14146003921116365,0.06197670395571445,-0.11502710183369853,0.13894591165955483,0.14958674508899397,0.15306193057317496,-0.011378925921654558,0.1489639795486872,-0.0212662899319571,-0.09649021643024641,0.21934417406681275,0.1549840464383193,-0.26483681236304923,-0.16270326375273902,-0.22557182946988044,-0.2940991042940068,0.1206166147695383,0.17893361011801792,-0.09994233652404567,0.12090877638104025,,0.1978933610118018,0.1823472878945143,-0.3775804405489563,-0.4144927536231884,-0.06199208088263561,-0.020497443585899357,0.12373813093453273,0.22295775189328412,-0.2434859493330258,0.0007304040287548534,-0.24460077653480952,-0.300372890477838,-0.1266674355130127,-0.14356667819936186,-0.095952023988006,0.00781916733940722,0.3848691039095837,0.023080767308653365,0.13349479106600545,0.32675200861107906,0.0691039095836697,-0.05623342175066313,0.06442932379963864,-0.049851997078383885,-0.1423288355822089,-0.04449313804636144,-0.20356744704570792,-0.24922154307461653
#58,0.2733863837312113,0.24280167608503442,0.07405528005228156,0.16768538807519318,0.20337523545919348,0.19501018721408528,0.3284050282551032,0.14551185945488795,-0.012032445315803636,0.1546457540460539,0.2098335447660785,0.08943989543689694,-0.06322223503632798,1.0,-0.268188982431861,-0.25897051474262867,0.1370545496482528,0.13552454541959788,-0.08115942028985507,-0.07613885365009802,-0.30583169953484796,-0.2735401530004229,0.016476377196017376,-0.07247914504286318,-0.1677699611732595,-0.3003036943066928,-0.1678468458078653,-0.14455848998577633,0.21295506093107291,0.07692307692307693,0.169853534771076,0.045654096028908624,-0.06577480490523968,-0.06654365125129742,0.3197939491792565,-0.09038557644254795,-0.19201937492792065,0.05235074770307154,-0.1285818629146965,-0.30620843424441624,-0.11125975473801561,0.024287856071964018,0.023611271287433205,0.20934148310460154,-0.036881559220389805,-0.16883096913081921,0.11990927613116519,0.18156306462153537,0.09369161573059624,0.11359704763003114,-0.03507477030715411,0.0657363625879368,-0.18203974935609119,-0.17412063199169647,-0.4061353938415408,-0.36112712874332065,-0.1130665436512513,-0.2855341559989236,0.012739783954176758,0.05748664129473725,0.10247184100257564,0.24698420020758852,0.33124975973551685,0.2733940721946719,-0.18120939530234884,0.016299542536424096,0.4601007188713336,0.2393418675277746,-0.2988198208588014,-0.17869526775074002,0.013577826471379695,-0.006465997770345597,0.0003382923922654058,0.24523891900203745,0.1253757736516357,0.30630838426940377,0.10550878406950372,0.20412870487833007,0.29534463537462036,0.13667012647522392,-0.1831545765578749,0.31679544842963137,,-0.10444008764848345,0.19318802137392843,0.1590973743897282,0.20459001268596472,0.07402452619843924,0.02226579018183216,-0.0025602583323722753,0.15179333410217968,0.1764194825664091,0.12009379925421905,0.12359205012878176,0.03095375389228463,-0.17167570061123286,-0.10910698496905394,0.21198631453504016,-0.17571214392803597,-0.024180217583515934,-0.03822704032599085,0.3712835889747434,-0.02537961788336601,0.1684926767385538,-0.01912889708991658,0.2510821512320763,0.1990466305308884,0.1335870526275324,0.14775689078537654,0.16644754545804022,0.3068388882481836
#101,0.015392303848075961,-0.059062776304155615,0.02754776457924884,-0.12819743974166764,0.20202206589013186,0.195978933610118,0.11955560681197863,0.06237650405566447,0.3308960904163303,-0.0820666589782032,0.05943182255026333,-0.06209203090762311,0.1841463883442894,-0.268188982431861,1.0,0.5541613808480376,0.1839080459770115,-0.04852958136316457,0.24562334217506632,-0.09680544343213009,0.2175296966901165,0.14868719486410642,0.21069465267366316,0.3793487871448891,0.2848268173605505,0.0354207511628801,0.01104832199284973,-0.2483527467035713,0.13087302502594855,0.3953023488255872,-0.0974820282166609,0.0755699073540153,-0.016791604197901048,-0.05286587475493023,-0.23124591550378656,0.11280513589359166,0.371691077538154,0.23700457463575905,0.2034059893130358,0.056502517971783336,0.16160381347787645,0.09708222811671087,0.15496098104793757,0.08907853765424979,-0.043370622381117135,0.09980394418175528,-0.3770653134970976,-0.247776111944028,-0.29764348594933304,-0.12204666897320571,-0.07253296428708722,-0.20637373620881866,0.10733094990966055,0.2043824241725291,0.43336793141890595,0.263422135086303,-0.13628570330219505,-0.16255718294698804,-0.1481797562757083,-0.19880059970014993,-0.17379002806289162,-0.358482297312882,0.08187444739168877,0.2688732556798524,-0.07858378503056164,-0.21904432399185023,-0.15391535001729903,0.09283819628647215,0.5146503671241303,0.10320224503133049,0.02416484065659478,0.05434205973936109,-0.0582862414946373,-0.02191980932610618,-0.48368123630492443,-0.5711144427786107,-0.35269288432706725,-0.2989120824203283,0.35408449621343174,0.555499173490178,0.020189905047476264,-0.05927805328105178,,-0.14090646984200209,-0.15488409641333178,-0.38961288586475995,-0.4941836773920732,-0.23676623226848115,-0.09303040787298658,-0.0869334563487487,-0.027493945335024795,-0.40947987544689196,0.02795525314265944,-0.23826548264329372,-0.34061430823050015,0.34022988505747126,0.1515857455887441,-0.2352823588205897,-0.004728405028255103,0.010294852573713143,-0.19753200322915465,-0.16976127320954906,0.1342713258755238,-0.32749778956675507,0.010994502748625687,-0.18877484334755698,-0.18767539307269443,-0.2664283242993888,-0.2477684234805674,-0.18789835851305117,-0.16431784107946026
#102,0.22730942221197092,-0.09522930842271173,0.16680890324068734,-0.08538807519317264,0.2230653903817322,0.10587783031561143,-0.029546765078998963,0.2521431591896359,-0.08687194864106408,-0.049175412293853075,0.10992196209587514,0.023519009725906277,0.16183446738169377,-0.25897051474262867,0.5541613808480376,1.0,0.09632107023411371,-0.16030446315303887,0.17055318494598853,0.5440971821781417,0.29348402721716066,0.6252412255410756,0.03504401645331181,0.4282474147541614,0.18797524314765693,0.48051358935916655,-0.07712297697305194,0.10220274478145543,-0.009672087033406374,0.2613154960981048,-0.2182370353284896,-0.012539883904201745,-0.11021412370737708,-0.04194056817744974,0.062491831007573134,0.015476876946142314,0.19234229039326492,0.2574558874408949,0.1470264867566217,0.2086341444662284,0.02102025910121862,0.037535078614538885,0.1468880944143313,0.07077999461807558,-0.20670434013762348,0.2861338561488487,-0.16289547533925344,-0.17266751239764733,-0.31410448621842924,-0.12856648598777534,0.011855610656210356,-0.23230692346134624,0.024480067658478454,0.09144658440010764,0.26535962787836853,0.27340944912159304,-0.2767616191904048,0.1018721408526506,0.0031984007996002,-0.3687694614231346,-0.11958636066582093,-0.24623073078845192,0.014623457502018222,0.125352708261254,0.06941913658555338,0.08647214854111406,-0.18078652981201707,0.050259485641794485,0.6271325875523777,0.5237842617152962,-0.1199015876677046,-0.12143928035982009,0.029193095759812403,-0.11076769307653865,-0.2581709145427286,-0.3881520778072502,-0.38062507207934493,-0.528135932033983,0.1002729404528505,0.5518163994925614,-0.14857186791219776,-0.12576019682466458,,-0.10969130819205782,0.15275439203475186,-0.3968861722984662,-0.30772306154615,-0.0001999000499750125,-0.07825318110175682,-0.12263868065967017,0.07429362241955945,-0.37475877445892436,0.1465421135586053,-0.1673009649021643,-0.2880713489409142,0.20917233690846884,0.31498097105293504,-0.3321493099604044,0.06753546303771191,-0.00079960019990005,-0.26979587129512167,-0.4698420020758851,0.0733940721946719,-0.4662822434936378,-0.2934302079729366,-0.2508822511821013,-0.5010802291162111,-0.298281628416561,-0.17195248529581364,-0.0961903663552839,-0.13020412870487832
#201,0.2675047091838696,-0.1240533579364164,0.3425364240956445,0.18338523046169222,0.30148771767962174,0.3815630646215354,0.23220697343635874,0.07507015722907777,-0.06836581709145427,0.2947910660054588,0.13251066774305156,0.04332449160035367,0.08056740860339061,0.1370545496482528,0.1839080459770115,0.09632107023411371,1.0,0.2119786260715796,0.062384192519125053,0.016537884903701994,-0.021074078345442664,-0.14182908545727135,0.10805366547495483,0.10873793872294622,0.20553569369161573,-0.03884980586629762,-0.10371737208318918,-0.11979394917925652,0.191558067120286,0.27559297274439704,0.14621150962980048,0.00595087071848691,0.27886056971514245,0.0014684965209702842,0.11648022142774767,0.2194287471648791,0.19783185330411718,-0.005305039787798408,0.1572290777688079,-0.13843847307115673,-0.018129396840041518,0.012339983854226733,-0.10097259062776304,0.2034367431668781,-0.08623380617383616,-0.14312843578210896,-0.17232153154192134,-0.008741782954676508,-0.17160650444008765,-0.007450121093299504,-0.0019298043286049282,0.13797716526352208,-0.0067043401376234955,0.08085957021489255,-0.0659055087840695,-0.14852573713143427,-0.22594856417944872,-0.43860377503555914,-0.17884134855649098,-0.11390458616845424,0.10148002921616114,0.10111867143351401,0.16534040671971706,0.21757582747087995,0.07779187329412217,-0.032445315803636646,0.17492792065505708,0.3198323914965594,0.15418444623841926,0.050259485641794485,0.2670280244493138,0.022288855572213894,-0.06955752892784377,0.18021758351593434,-0.3469496021220159,-0.13955330027294044,-0.1311651866374505,-0.005889363010802291,0.3382078191673394,0.46695113981470804,-0.045138968977049936,0.25401914427401684,,-0.04590781532310768,0.08750240264483143,0.10862261177103756,0.041979010494752625,-0.09582900857263676,-0.06840425940875716,0.06455233921500789,0.30862261177103756,0.20232960442855497,-0.06875024026448315,0.010094952523738132,-0.3098450774612694,0.06435243916503287,0.00577403605889363,0.17671164417791105,-0.0552569868911698,0.16657824933687002,0.030584707646176913,0.1259600968746396,0.2137854149848153,0.06103871141352401,0.010756160381347787,0.22165071310498596,0.17172183139199632,0.08329681313189559,0.10194902548725637,0.13221081766808904,0.00908776381040249
