,#10,#11,#12,#13,#17,#18,#26,#49,#50,#51,#52,#53,#54,#58,#101,#102,#201,#202,#301,#302,#401,#402,#501,#502,#601,#602,#701,#702,#801,#802,#901,#902,#1001,#1002,#1101,#1102,#1201,#1202,#1301,#1302,#1401,#1402,#1501,#1502,#1601,#1602,#1701,#1702,#1801,#1802,#1901,#1902,#2001,#2002,#2101,#2102,#2201,#2202,#2301,#2302,#2401,#2402,#2501,#2502,#2601,#2602,#2701,#2702,#2801,#2802,#2901,#2902,#3001,#3002,#3101,#3102,#3201,#3202,#3301,#3302,#3401,#3402,#3455,#3501,#3502,#3601,#3602,#3701,#3702,#3801,#3802,#3901,#3902,#4001,#4002,#4101,#4102,#4201,#4202,#4301,#4302,#4401,#4402,#4501,#4502,#4601,#4602,#4701,#4702,#4801,#4802
#10,1.0,-0.012293853073463269,0.19507169492176987,0.24782224272479145,0.18056356437166032,0.12619075077845693,-0.02507207934494291,0.30632376119632493,-0.07004190212586014,0.38453081151731827,0.02424941375466113,0.11711836389497558,0.08177449736670127,-0.17331334332833584,0.07721523853457886,0.08191288970899166,0.3311651866374505,0.2622919309575981,0.04562334217506631,0.08038288548033676,-0.09937339022796295,0.10108022911621113,-0.1880521277822627,0.024441625341175565,-0.1410756160381348,0.10793065005958559,0.15911275131664937,0.3093991465805559,0.27235612962749395,0.08375043247606966,0.11188252027832238,-0.04746857340560489,-0.15872063968015993,-0.0846884250182601,0.10709260754238266,0.05251220543574367,0.17231384307846076,-0.002475685234305924,-0.004928305078230116,0.12026294545035175,0.14788759466420637,-0.020028447314804135,-0.07613116518663746,-0.112489908891708,-0.19143505170491676,-0.028062891631107523,0.19587129512166992,0.23363702764002614,0.07384000307538538,-0.14842578710644677,0.04533886902702495,0.1563756583246838,0.07666935762887787,0.15291584976742398,-0.08159766270710798,0.15388459616345673,-0.3036327989851228,-0.021066389881982086,-0.3168877099911583,-0.16228039826240725,-0.19275746742013608,-0.22028216660900318,0.019644024141775265,-0.0653596278783685,0.1993234152154692,0.20474378195517626,-0.1563756583246838,-0.05418829047014954,0.17978702956214201,-0.011455810556260331,0.15111674931764887,0.21064083342943912,-0.10001922115865144,0.09674393572444547,-0.022911621112520663,-0.03563602813977627,-0.27330181063314496,-0.14616537884903702,0.06612847422442625,0.23548994733402528,0.23959558682197363,-0.09346096182677892,,0.09997309037788799,-0.13561680698112483,-0.17106831199784722,-0.18491523469034712,-0.08290470149540614,-0.11686464460077653,-0.28426555952792837,-0.00956444854495829,-0.17746511359704764,0.0429400684273248,-0.34412024756852344,-0.17326721254757238,-0.01732210817668089,0.2818667589282282,0.14373582439549457,0.06771998616076577,0.18262407257909508,0.06498289316880021,0.061077153730826894,0.2930150309460654,0.18791373543997233,-0.0002383423672778995,-0.04689193864606159,0.020320608926306077,-0.15446891938646062,-0.03656633221850613,-0.43608195902048974,-0.368069811248222
#11,-0.012293853073463269,1.0,-0.0947603121516165,0.015215469188482681,-0.13321800638142467,-0.10029600584323223,0.030515511475031714,0.053365624879867755,0.43622035136278015,-0.02715565294275939,0.299481028716411,0.05543382155076308,-0.05314265943951101,0.17599661707607733,0.029777418982816283,0.063968015992004,0.008987813785414986,-0.045192788221273976,0.03604351670318687,0.19970783838849807,0.28828662591781035,0.23795794410487064,0.001445431130588552,-0.025095144735324645,0.05171260523584362,-0.17984084880636605,-0.1573982239649406,-0.26659747049552146,0.09944258639910813,-0.02197362857033022,-0.30050359435666785,-0.06908084419328797,-0.2993503248375812,0.08377349786645139,-0.0016453311805635644,-0.1681159420289855,-0.19437973321031793,-0.011056010456310307,-0.04829123899588667,-0.04578479990773844,0.11154422788605697,-0.14147541613808481,-0.16058124783761965,-0.16474070656979203,0.09013954561180948,-0.06768154384346288,-0.23189174643447508,-0.229600584323223,-0.322223503632799,-0.07035712912774382,-0.05758659131972475,-0.2542728635682159,-0.08378118632991197,-0.4051743359089686,0.16786991119824704,-0.3463806558259332,0.1585899358013301,0.11379694768000614,-0.1610733094990966,-0.3291200553569369,-0.17323645869373006,-0.11283588974743397,0.07288663360627379,-0.19634029139276515,-0.15694460462076654,-0.10736939222696344,-0.003736593241840618,0.10516280321377773,0.1392303848075962,0.2919155806712029,0.11695690616230346,-0.028578018682966208,0.23955714450467075,0.13214162149694383,0.11641102525660246,-0.012193903048475762,-0.1652942759389536,-0.20386729712067042,-0.10551647253296428,-0.08331987852227732,0.23517472033214162,-0.13067312497597355,,0.03595125514165994,0.13645484949832776,-0.15769807403990313,-0.09757428977818783,-0.08754853342559489,0.1102756314150617,-0.1279052781301657,-0.1095298504593857,0.010225656402567947,-0.08294314381270904,-0.07306346826586707,-0.37014569638257794,0.08657209856610157,-0.046884250182601006,-0.1456963825779418,-0.3953023488255872,-0.2776073501710683,-0.11421981317033791,0.048544958290085725,-0.09352246953446354,-0.21962095875139354,-0.17191404297851073,-0.16822358051743358,-0.17688847883750433,0.06505208933994541,0.08953984546188444,-0.00758082497212932,-0.14408949371468113
#12,0.19507169492176987,-0.0947603121516165,1.0,0.10604697651174413,-0.04247876061969016,0.009810479375696768,-0.03186099258063276,-0.12246953446353746,0.18323146119248068,0.3247683850382501,0.024956752393034253,-0.19289585976242649,-0.09587513935340022,-0.08447314804136394,0.15960481297812631,0.17749586745088994,0.3743820397493561,0.1880598162457233,0.04018759850843809,-0.23262215046322993,-0.08674893322569484,-0.2682504901395456,-0.16119632491446584,-0.06418329296890017,-0.111398147080306,-0.05922423403682774,0.1390535501480029,0.03911121362395725,0.1772729020105332,-0.1566524430092646,-0.056417944873716985,-0.033483258370814596,0.2754238265482643,-0.11645715603736594,-0.19212701341636873,-0.15701380079191174,-0.06954984046438319,-0.22224272479145044,0.03239918502287318,-0.1957482797063007,-0.07711528850959136,0.26126936531734135,-0.22169684388574942,-0.4052512205435744,-0.4421020259101219,-0.3531541921347019,0.2750932226194595,0.13766193826163842,0.15453811555760583,0.11617268288932457,0.1629416061200169,0.22979279590973745,0.18733710068042903,0.21007957559681698,0.23145350401722214,0.1735593741590743,-0.16941529235382308,-0.4101795256218045,-0.24238649905816323,-0.14155230077269057,0.12878945142813208,0.09551378157075309,-0.24417022258101717,0.143382155076308,0.3631184407796102,0.3318802137392842,-0.1751970168761773,0.018798293161111753,-0.003429054703417522,0.01406219966939607,0.20669665167416293,0.1265059777803406,-0.13605504939837773,0.31225925498789064,-0.1579748587244839,0.13770806904240188,-0.1417752662130473,0.0878176296467151,0.11251297428208973,-0.10131088302002844,-0.10708491907892208,0.11635720601237842,,-0.13465574904855265,-0.04557721139430285,0.0665897820320609,-0.02046668973205705,0.06732018606081575,0.013762349594433553,-0.14209818167839158,-0.07100296005843232,-0.09664398569945797,-0.0763541306269942,-0.113781570753085,-0.24551570368661824,-0.08878637604274786,0.06789682082035906,0.4014069888132857,0.18889785876292622,0.2779840848806366,0.1168415792103948,0.08777149886595163,0.24832199284972897,0.20065351939414908,0.22191980932610617,0.14496597854918694,0.18069426825049015,0.0727097989466805,-0.07214085265059778,-0.09837388997808788,-0.256125783262215
#13,0.24782224272479145,0.015215469188482681,0.10604697651174413,1.0,0.06129243070772306,0.1795794410487064,0.13822319609426056,-0.10928381962864721,0.15346941913658554,0.26295313881520777,0.04995194710337139,-0.09801253219544075,-0.06981124822204282,-0.11614961749894284,0.1783646638219352,0.10597778034059893,0.1653942259639411,-0.021927497789566756,0.06649752047053396,0.02816284165609503,-0.2773075000961058,0.03969553684696114,-0.03705839387998309,0.15443047706915772,-0.016414869488332758,0.0737323645869373,0.08375043247606966,0.3145888594164456,0.1074847191788721,0.11291277438203975,-0.00538961288586476,-0.06739707069542152,0.108268942451851,0.11199015876677046,-0.058463076154230575,0.08774074501210934,-0.016576327221004883,0.17160650444008765,-0.10047284050282551,-0.0398416176527121,-0.1289585976242648,0.09406835044016454,-0.2123861146349902,-0.017222158151693385,-0.052519893899204244,0.027993695459962328,0.24195594510437088,0.22577941798331602,0.09569830469380694,0.21087148733325645,0.18952831276669357,0.32060892630607774,0.16099642486449084,0.05446507515473033,-0.11434282858570714,-0.023757352093184178,-0.4285780186829662,-0.07194095260062276,-0.05796332602929304,0.17246761234767233,-0.08871717987160266,-0.10767693076538654,0.0582170453234921,-0.08052127782262715,-0.022811671087533156,-0.05896282627916811,-0.10235651405066698,-0.07104140237573521,0.21784492369200015,0.19256525583362166,0.08717179871602661,0.1345711759504863,-0.3185022873178795,-0.09534463537462039,-0.10029600584323223,-0.16135009418367738,-0.3264060277553531,-0.2627455503017722,-0.19129665936262638,0.17052243109214624,0.24496213431745667,0.16803136893091916,,-0.12699035097835698,-0.17888747933725446,-0.15881290124168684,-0.11301272440702725,-0.09778187829162342,0.056633221850613154,-0.21124822204282473,-0.19259600968746396,-0.09393764656133471,0.2814823357551993,-0.24663821935186253,-0.15422288855572214,-0.14592703648175911,0.23116134240572023,0.11794102948525736,0.008403490562411102,0.06907315572982739,-0.044677661169415295,-0.0084726867335563,0.07853765424979818,-0.04277861069465267,0.20752700572790528,0.334394341290893,0.08943220697343636,-0.24570022680967207,-0.10940683504401645,-0.09157728827893745,-0.037911813324107174
#17,0.18056356437166032,-0.13321800638142467,-0.04247876061969016,0.06129243070772306,1.0,0.09618267789182332,-0.042063583592818976,0.04228654903317572,0.08118248568023681,0.28745627186406797,0.22518740629685158,0.2646830430938377,0.03877292123169185,-0.10161842155845155,-0.11944027986006997,-0.1878137854149848,0.3489870449390689,0.16327221004882175,0.03758120939530235,0.12481451581901357,-0.28508822511821014,-0.14190597009187714,-0.040318302387267906,0.32641371621881365,-0.09876600161457733,-0.07879906200745782,0.10499365701764503,0.2020066889632107,0.08092107792257718,0.21944412409180025,0.2746626686656672,0.22690193364856034,0.11680313689309192,-0.09502171990927613,0.16127320954907162,-0.027024949063929573,0.0606312228501134,-0.03230692346134625,0.2648137469726675,0.1980240648906316,0.13098835197785721,0.02890862261177104,0.21340868027524698,0.2645446507515473,0.043232230038826744,0.1821320109176181,0.3273670856879253,0.3363087686925768,0.12202360358282398,0.11713374082189675,0.17289047783800407,-0.06792757467420137,0.10083419828547265,-0.050505516472532964,-0.09566755083996463,0.1596125014415869,-0.28471149040864185,-0.18287010340983353,-0.04001076384884481,0.03459808557259832,-0.1102756314150617,0.038296236497136045,0.17781109445277363,0.015177026871179795,0.05829392995809787,-0.03017721908276631,0.13892284626917312,-0.0001691461961327029,0.10097259062776304,0.056333371775650634,0.06412178526121555,0.20422865490331757,-0.14138315457655787,-0.13726982662514897,-0.30639295736747013,-0.38497674239803176,-0.21283973397916425,-0.19573290277937955,0.23741206319916966,0.27818398493061164,0.06959597124514666,-0.17525083612040135,,0.16520970284088726,-0.1272517587360166,-0.0848575712143928,-0.011232845115903587,0.009164648445008266,0.04969822780917234,0.05795563756583247,-0.03566678199361858,0.042140468227424746,-0.09718986660515896,-0.05718679121977473,-0.045707915273132664,-0.25458809057009957,0.055034021450813056,0.16101949025487255,0.3455964325529543,0.24573866912697498,0.1250374812593703,0.15769038557644255,0.09023180717333641,0.007388613385614885,0.015676776996117327,0.08258178603006189,0.10058047899127359,-0.20427478568408103,0.0010302541037173721,-0.14326682812439934,-0.1081689924268635
#18,0.12619075077845693,-0.10029600584323223,0.009810479375696768,0.1795794410487064,0.09618267789182332,1.0,-0.030923000038442318,-0.02314996347979856,-0.05902433398685273,0.24148694883327568,0.0728481912889709,0.24155614500442088,0.33457886441394685,0.21926728943220697,0.022865490331757197,0.06202283473647791,0.17471264367816092,0.08888632606773536,-0.014354361280898013,-0.029923499788567256,-0.15996617076077346,-0.10846115403836543,-0.14002229654403567,-0.03435974320532042,-0.0870334063737362,-0.19081228616461,0.041709914273632416,-0.005305039787798408,0.2553569369161573,0.22123553607811478,0.24989812785914736,0.10336370276400261,0.2924153307961404,0.014000691961711453,0.0024141775266213047,-0.07827624649213855,0.18171683389074694,-0.03670472456079652,0.033144965978549185,-0.05724829892745935,-0.012693653173413293,-0.022827048014454312,-0.09715911275131665,-0.13274132164686886,0.006196901549225388,0.05612578326221505,0.2162611002191212,0.13484796063506707,0.21264752239264983,-0.13748510360204513,0.1844846807365548,0.2594395110137239,-0.004743781955176258,-0.0379041248606466,-0.037150655441510014,0.02060508207434744,-0.07255602967746896,-0.029915811325106678,-0.09597508937838772,0.09238457694229808,-0.048737169876600164,-0.07340176065813248,-0.024679967708453467,-0.17470495521470034,-0.1164340906469842,-0.13954561180947989,0.10694652673663169,-0.16654749548302772,-0.0809133894591166,0.0013608580325222004,0.1127590051128282,0.02170453234921001,-0.004320916464844501,0.20059970014992504,-0.14558105562603313,0.011009879675546843,-0.12102410333294891,0.038273171106754315,0.12707492407642332,-0.06466766616691653,0.21740668127474724,0.2387575443047707,,0.11229000884173299,0.0015223157651943259,-0.10999115826702034,0.020881866758928228,0.23502863952639066,-0.1919424902933149,0.014769538307769193,0.026010071887133356,-0.011870987583131511,-0.024779917733440973,-0.22254257486641293,0.06129243070772306,-0.13564756083496712,-0.13567062622534887,0.27296351824087955,0.1302118171683389,0.10577788029062392,0.06094644985199708,0.36881559220389803,0.20716564794525813,0.2769999615576827,0.27384769153884597,0.3920731941721447,0.08856341060239112,0.04844500826509822,-0.040918002537192945,-0.1257217545073617,0.02690962211202091
#26,-0.02507207934494291,0.030515511475031714,-0.03186099258063276,0.13822319609426056,-0.042063583592818976,-0.030923000038442318,1.0,-0.06449851997078383,-0.1737746511359705,0.16500211432745165,0.13512474531964788,0.07663091531157498,0.10670818436935378,-0.16652443009264598,0.391012186214585,0.13339484104101795,0.22344981355476107,-0.08199746280705801,0.1836697036097336,-0.09768192826663591,0.05490331757198324,-0.06569023180717333,0.07275592972744398,-0.26945757890285627,-0.08393495559912352,-0.20774228270480144,0.09332256948448853,0.07194864106408334,0.27987544689193866,0.16796217275977396,0.04891400453619344,-0.021281666858878254,0.16677814938684504,-0.05125129742820897,-0.018767539307269442,0.2189597508937839,0.16864644600776535,0.1165340406719717,-0.06443701226309922,-0.09639026640525891,-0.03047706915772883,-0.054595779033560145,-0.10308691807942183,0.14067581593818476,-0.06316072732864338,-0.05210471687233306,0.0011763349094683427,0.009556760081497712,0.004466997270595472,-0.10199515626801983,-0.18425402683273748,-0.02857033021950563,-0.1387921423903433,-0.08121323953407912,0.053911505785568754,0.09532156998423864,-0.01794487371698766,-0.08438857494329759,0.00337523545919348,-0.15173182639449506,-0.15816707031099836,-0.18153231076769308,0.24139468727174873,-0.0006304540037673471,-0.04156383346788144,-0.15104755314650367,0.25500326759697073,0.3068773305654865,0.31498097105293504,-0.07547764579248838,-0.013370237957944104,0.053888440395187025,-0.0987044939068927,-0.33644716103486716,0.2341905970091877,-0.09480644293237997,0.01851382001307039,-0.10400953369469111,-0.07016491754122939,0.03357551993234152,-0.1958097874139853,-0.11089839695536848,,-0.010348671817937185,-0.31791027563141505,-0.000361357782647138,-0.2341214008380425,0.03591281282435705,0.08063660477453581,0.10049590589320724,-0.10558566870410949,-0.15707530849959636,0.10294852573713144,-0.10030369430669281,-0.21050244108714875,-0.1631876369507554,-0.03455964325529543,-0.14812593703148424,-0.03432130088801753,-0.33594741090992963,-0.21563064621535386,0.0724407027255603,0.11101372390727714,0.08975512243878062,0.04043362933917657,-0.05463422135086303,-0.17348248952446854,-0.19674777995617576,-0.07431668780994119,0.06411409679775497,-0.07403990312536039
#49,0.30632376119632493,0.053365624879867755,-0.12246953446353746,-0.10928381962864721,0.04228654903317572,-0.02314996347979856,-0.06449851997078383,1.0,0.061269365317341326,0.11145965478799062,-0.057648099027409375,-0.09893514781071003,0.1327643870372506,-0.16957675008649523,-0.029385307346326838,-0.07445508015223158,0.10374043747357091,-0.008595702148925537,-0.06626686656671664,-0.06209203090762311,0.01652250797678084,-0.04193287971398916,-0.030454003767347096,0.10956829277668857,0.0070272556029677465,0.21475416138084805,-0.11862530273324876,-0.07011878676046591,0.03684311690308692,0.06269941952100873,0.15594510437089149,0.04908315073232614,-0.191358167070311,-0.02757082996963057,0.07271748741014109,0.06547495483027717,-0.14817206781224773,-0.21026409871987084,-0.0960212201591512,0.06527505478030216,0.08287394764156383,-0.1643485949333026,-0.012424556952293084,0.03819628647214854,-0.008849421443124592,0.06380655825933187,-0.23901126359896974,0.004805289662860877,0.09102371890977588,-0.32295390766155385,-0.054980202206589016,-0.11234382808595703,0.06003152270018837,0.0531119055856687,-0.15384615384615385,-0.04098719870833814,0.10424018759850844,0.01290893015030946,0.033144965978549185,-0.10303309883519779,-0.022073578595317726,-0.1201091761811402,-0.11804097951024488,-0.17800330603928805,0.16494829508322761,0.026632837427440124,-0.15276208049821244,-0.039718602237342866,0.06265328874024526,-0.06288394264406258,0.1322569484488525,0.31566524430092646,0.24965978549186946,0.12641371621881367,0.09206934994041441,0.2826048514204436,0.13764656133471725,0.24064121785261217,0.17558144004920617,0.000361357782647138,-0.13280282935455348,-0.17671164417791105,,0.36371814092953525,-0.002890862261177104,0.08239726290700804,0.004059508707184869,0.010963748894783378,0.016953061930573176,0.09662092030907624,0.12093953023488256,0.09322261945950101,0.06399108138238573,-0.14164456233421752,-0.20226809672087034,0.07913735439972322,0.164886787375543,-0.25235074770307153,-0.09966555183946488,0.10778456925383462,-0.023826548264329374,0.22333448660285243,0.03149963479798562,0.10090339445661785,-0.21950563179948487,-0.1457348248952447,-0.20165301964402413,0.06242263483642794,0.029631338177065314,-0.22601776035059393,-0.31264367816091954
#50,-0.07004190212586014,0.43622035136278015,0.18323146119248068,0.15346941913658554,0.08118248568023681,-0.05902433398685273,-0.1737746511359705,0.061269365317341326,1.0,0.17578902856264175,0.1276900011532695,-0.1574751085995464,-0.08798677584284781,0.11499634797985622,-0.08498827509322263,0.13750816899242688,0.06051589589820475,0.09900434398185523,0.08545727136431784,-0.051135970476300315,-0.026725098988967053,0.0431092146234575,-0.10663129973474801,0.21829854303617421,0.0184753776957675,0.18301618421558452,-0.17980240648906315,-0.03836543266828124,-0.05641025641025641,-0.2145311959404913,-0.372236958443855,-0.07414754161380847,-0.1497789566755084,0.00698881328566486,-0.3021335486103102,-0.364740706569792,-0.4007842232729789,-0.19230384807596201,0.029977319032791296,-0.1297043785799408,-0.11252835120901088,-0.040372121631491946,-0.042578710644677664,-0.224833736977665,-0.049959635566831966,-0.14486602852419944,-0.09735901280129167,-0.04019528697189867,-0.14671894821819859,0.25203552070118784,0.10221812170837657,-0.04324760696574789,0.19896205743282205,-0.049306116172682886,0.16203436743166877,-0.1263983392918925,-0.12399185022873178,-0.2188136700880329,-0.03272210048821743,-0.1339560988736401,0.14388190520124552,0.24031061392380731,-0.1579133510167993,-0.20602006688963212,0.0619613270287933,0.07536231884057971,-0.22080498212432245,-0.13962249644408564,0.012324606927305578,0.15570676200361358,0.1819628647214854,0.11288202052819744,-0.06033906123861146,0.1448429631338177,-0.17449736670126476,0.08767154884096413,-0.21086379886979587,0.03083073847691539,-0.23321416214969437,-0.023741975166263023,0.2216814669588283,0.019713220312920464,,0.17869526775074002,0.07087994464306309,0.06714335140122246,0.06575942797831853,-0.14205973936108868,-0.052496828508822514,-0.08501134048360436,-0.20069965017491254,-0.09309960404413178,-0.08422711721062545,-0.07848383500557414,-0.37937185253527084,0.18160919540229886,0.021889055472263868,0.02789374543497482,-0.11102910083419829,-0.06540575865913197,-0.03095375389228463,0.0769999615576827,-0.10151078307000345,-0.18774458924383963,-0.027163341406219968,-0.038511513474032213,-0.03495175489178488,0.06275323876523277,0.12134701879829315,0.05059777803405989,-0.14175988928612618
#51,0.38453081151731827,-0.02715565294275939,0.3247683850382501,0.26295313881520777,0.28745627186406797,0.24148694883327568,0.16500211432745165,0.11145965478799062,0.17578902856264175,1.0,0.28661822934686504,-0.05544919847768424,0.17591973244147158,-0.11158267020335985,0.25550301772190825,0.014400492061661477,0.40760389036251105,0.33597816476377196,0.29950409410679274,-0.24772998116326453,-0.36263406758159383,-0.40773459424134084,-0.1696843885749433,0.07558528428093646,-0.07167954484296313,0.026517510475531466,0.27622342674816436,0.2762388036750855,0.5480721177872602,0.3715988159766271,0.09737438972821282,0.01616883865759428,0.0829892745934725,-0.0008841732979664014,0.07052627532387652,0.20485142044362434,0.12080113789259217,-0.03507477030715411,0.15471495021719908,-0.04487756121939031,-0.06632837427440126,0.1382462614846423,0.27487794564256335,-0.1291584976742398,-0.0989120824203283,-0.25299657863376,0.35597585822473377,0.3829623649713605,0.2830584707646177,-0.02739399531003729,0.23602813977626572,0.19681697612732096,0.1941490793065006,0.08995502248875563,0.09007034944066428,0.25629492945834775,-0.29341483104601546,-0.4480375197016876,-0.20887248683350632,-0.13015030946065428,-0.11923269134663438,-0.17179102756314152,0.08657209856610157,0.11098297005343483,0.24659977703455965,0.18537654249798177,-0.0016068888632606775,-0.15303886518279322,0.29824318609925804,0.22005920116864644,0.43772729020105333,0.16469457578902857,0.11458117095298505,0.1566908853265675,-0.1149732825894745,-0.025979318033291048,-0.11266674355130127,-0.013454811056010456,0.21658401568446545,0.10242571022181217,0.13627801483873447,-0.004520816514819513,,0.08241263983392919,-0.13148810210279477,-0.11611117518163995,-0.23136124245569523,-0.0660439011263599,-0.21603813477876446,0.004144081805251221,-0.19018952062430322,-0.16404105639487948,0.04465459577903356,-0.3233460192980433,-0.2727713066543651,-0.16187290969899665,0.05820935686003152,0.3047860685042094,0.16508668742551802,0.07692307692307693,0.03160727328643371,0.2311075231614962,0.06293776188828662,0.07493176488678738,-0.01765271210548572,0.03521316264944451,-0.052881251681851385,-0.043716603236843114,-0.10607004190212586,-0.3528158997424365,-0.4361280898012532
#52,0.02424941375466113,0.299481028716411,0.024956752393034253,0.04995194710337139,0.22518740629685158,0.0728481912889709,0.13512474531964788,-0.057648099027409375,0.1276900011532695,0.28661822934686504,1.0,0.10730019605581824,0.3658785991619575,-0.012662899319570984,0.02306539038173221,-0.02265790181832161,0.059032022450313304,0.2302848575712144,0.14581939799331103,0.1984084880636605,0.0942836274170607,-0.01373928420405182,-0.1403913427901434,-0.03878060969515242,-0.049529081613039636,-0.14642678660669664,0.010264098719870834,0.1224541575366163,0.14288240495137047,0.16061969015492253,0.00034598085572598315,0.06330680813439434,0.27003421366239955,0.2583554376657825,0.269080844193288,-0.1287817629646715,0.18231653404067197,0.16500211432745165,-0.047753046553646254,0.049828931688002155,0.4692115480721178,-0.19939261138661438,0.01723753507861454,0.058301618421558454,-0.08274324376273402,-0.022404182524122553,0.020889555222388806,0.1699919271133664,-0.06725867835313112,0.06448314304386268,0.003844231730288702,0.031407373236458695,-0.13381770653134972,-0.35693691615730594,0.008933994541190943,-0.06841963633567831,-0.07257140660439011,0.003721216314919463,-0.03894206742782455,-0.09609041633029639,-0.16272632914312074,-0.2040902625610272,0.26414485065159726,0.08222042824741475,-0.002360358282397263,0.033690846884250183,0.30823818859800867,0.015407680774997117,0.22152000922615614,0.2749548302771691,0.16593241840618153,0.20568177449736672,0.13302579479491022,0.0759081997462807,-0.03822704032599085,-0.14076807749971168,-0.2038519201937493,-0.2669665167416292,0.1633183408295852,-0.0886710490908392,-0.03969553684696114,-0.0734248260485142,,-0.06691269749740514,0.004805289662860877,-0.4018144773766963,-0.21201706838888248,-0.16287240994887173,-0.14128320455157037,0.14711105985468803,-0.14798754468919387,-0.03026179218083266,-0.0801291661861377,-0.14911774881789874,-0.0722715565294276,0.14979433360242955,-0.1191558067120286,0.11401222465690232,-0.21064083342943912,-0.0753315649867374,-0.05754046053896129,0.15095529158497675,-0.006112328451159036,0.08401952869718987,0.17452812055510705,0.10097259062776304,0.11620343674316688,-0.18039441817552762,-0.15143966478299312,0.014877176796217277,-0.06922692499903894
#53,0.11711836389497558,0.05543382155076308,-0.19289585976242649,-0.09801253219544075,0.2646830430938377,0.24155614500442088,0.07663091531157498,-0.09893514781071003,-0.1574751085995464,-0.05544919847768424,0.10730019605581824,1.0,0.12319225002883173,0.11301272440702725,-0.17174489678237803,0.012209279975396918,0.006035443816553262,-0.11985545688694114,-0.07862991581132511,0.4026602083573598,-0.026348364279398764,0.12462230423249913,-0.13743897282128167,-0.07520854957136816,-0.049529081613039636,-0.27766885787875295,-0.11379694768000614,-0.24628455003267596,0.05049782800907239,0.1192557567370161,0.12985045938569176,0.0599853919194249,-0.027640026140775768,0.014269788182831662,0.09965017491254373,-0.00778841348556491,0.21018721408526506,0.22342674816437935,0.1796486372198516,0.22709414523507476,0.16779302656364126,-0.227217160650444,0.052904317072233115,0.3396148079806251,0.24054126782762464,0.35749048552646756,-0.01842155845154346,-0.019851612655210855,-0.16470226425248913,0.06212278476146542,0.021627647714604237,0.033806173836158845,-0.09925806327605428,-0.13185714834890247,-0.05943182255026333,-0.002875485334255949,-0.0532502979279591,0.3406296851574213,-0.0031138277015338484,0.05148195133202629,-0.14625764041056394,-0.3331411217468189,0.35210856110406336,0.02178910544727636,-0.5074155230077269,-0.25530311767193326,0.29460654288240495,0.03161496174989428,0.04689962710952216,0.09519855456886941,-0.06673586283781187,-0.047422442624841424,0.03641256294929458,-0.005674086033906124,0.14048360435167032,-0.36952293084227117,-0.10526275323876523,-0.010018067889132357,-0.04346288394264406,0.0399800099950025,0.04864490831507323,-0.04902164302464153,,-0.11437358243954945,0.23728904778380042,-0.12556029677468958,-0.15575289278437704,0.031461192480682736,-0.1400146080805751,0.0869334563487487,0.14029139276515587,0.027286356821589204,-0.05986237650405567,-0.11641871372006304,0.08920155306961904,-0.024303232998885173,-0.09574443547457041,-0.20306000845730982,-0.1690308691807942,-0.016030446315303887,-0.2192980432860493,0.09865067466266866,-0.12951985545688693,-0.15182408795602198,-0.09128512666743552,-0.14510437089147735,-0.004305539537923346,-0.14223657402068196,-0.1578364663821935,-0.07556221889055473,0.1149732825894745
#54,0.08177449736670127,-0.05314265943951101,-0.09587513935340022,-0.06981124822204282,0.03877292123169185,0.33457886441394685,0.10670818436935378,0.1327643870372506,-0.08798677584284781,0.17591973244147158,0.3658785991619575,0.12319225002883173,1.0,0.3302271940952601,-0.1685234305923961,-0.18656825433437127,0.1039787798408488,0.1953023488255872,-0.09120055356936917,-0.1164340906469842,0.014769538307769193,-0.09478337754199823,0.1320801137892592,-0.049828931688002155,0.19229615961250143,-0.12327682312689808,0.2916003536693192,0.19970014992503748,0.06992657517395148,0.03780417483565909,-0.07810710029600584,0.13720063045400377,0.329627493945335,0.2249413754661131,-0.037512013224157155,-0.11077538153999923,0.15119363395225463,-0.08971668012147772,-0.016484065659477954,0.10014223657402069,0.1001037942567178,-0.020205281974397415,-0.029031638027140275,-0.10870718486910391,0.09273055779802407,-0.12110867643101526,0.2548802521816015,0.197216776227271,0.20332910467843002,-0.05548764079498712,0.15170107254065274,0.07856840810364049,0.1449813554761081,-0.014669588282781686,0.1982624072579095,0.16840810364048744,0.11998616076577096,-0.12047822242724791,0.08511897897205244,0.03575135509168493,0.1011571137508169,-0.1257909506785069,-0.010487064160227579,0.11674931764886787,0.03981855226233037,-0.029985007496251874,0.25371160573559376,-0.023695844385499557,-0.2931303578979741,-0.2653673163418291,-0.07711528850959136,0.0017683465959328027,0.012001691461961327,0.09729750509360705,-0.06758928228193596,0.09289201553069619,-0.19049705916272633,-0.009264598469995772,0.3768961673009649,-0.1995925114365894,-0.14017606581324724,-0.18270095721370083,,0.22588705647176413,0.0029293045784799907,0.015884365509552915,0.0653596278783685,-0.07879137354399723,-0.22561027178718332,0.13118825202783224,-0.3143889593664706,0.0518202437242917,-0.1806481374697267,-0.24177911044477762,-0.03812709030100334,0.23761196324914466,-0.10974512743628186,0.2732479913889209,0.09107753815399992,0.05679467958328528,-0.06333756198823665,0.37255987390919926,0.10448621842924692,0.27024180217583516,0.07908353515549918,0.24635374620382117,0.07620036135778264,-0.015707530849959635,-0.02883942644062584,-0.021289355322338832,-0.09522161995925114
#58,-0.17331334332833584,0.17599661707607733,-0.08447314804136394,-0.11614961749894284,-0.10161842155845155,0.21926728943220697,-0.16652443009264598,-0.16957675008649523,0.11499634797985622,-0.11158267020335985,-0.012662899319570984,0.11301272440702725,0.3302271940952601,1.0,-0.25291969399915426,-0.09615961250144159,0.06424480067658478,-0.1739668627224849,-0.26682043593587823,0.046199976934609616,0.13996078883635105,-0.0018759850843808865,0.3481336254949448,0.12010148771767962,0.3967554684196363,-0.07600046130780763,-0.02931611117518164,-0.30348671817937184,-0.22828585707146426,-0.25098220120708875,-0.30407872986583634,0.003098450774612694,-0.09063160727328644,-0.157736516357206,-0.18636835428439627,-0.2743166878099412,-0.1761503863452889,-0.2577480490523969,-0.07255602967746896,-0.1038788298158613,-0.017952562180448238,-0.0877868757928728,-0.24407027255602967,-0.21962864721485412,0.05509552915849768,0.026248414254411257,-0.04411640333679314,-0.41532310767693076,-0.24993657017645024,-0.09669011648022142,-0.007365547995233153,-0.27127205627955253,-0.10916849267673856,-0.05599507938338523,0.24415484565409604,0.012232345365778649,0.33557836466382196,0.14674201360858033,0.09338407719217315,0.044646907315572984,0.3945642563333718,0.3068696421020259,-0.1728751009110829,-0.01975166263022335,-0.2719563295275439,-0.08278937454349748,0.0805366547495483,0.052658286241494635,-0.4422327297889517,-0.037481259370314844,-0.14483527467035712,-0.2600545880905701,0.06384500057663475,0.25465728674124477,0.21632260792680583,0.059424134086802756,0.0960212201591512,0.25680236804674583,-0.055303117671933265,-0.3491331257448199,0.03270672356129627,-0.06801983623572828,,-0.07095682927766886,0.13789259216545574,0.15810556260331374,0.2942067427824549,0.07529312266943451,-0.08857109906585169,-0.10677738054049898,-0.11498097105293507,0.18150155691385075,-0.11923269134663438,0.10234113712374582,0.09866605158958983,0.19331872525275823,-0.23299119670933763,0.05488025218160151,-0.16132702879329566,0.11119824703033099,-0.3709683619728597,0.18392342290393265,-0.1020412870487833,-0.0831199784723023,-0.030415561450044207,0.035190097259062775,-0.2275938953600123,0.4702494906392957,0.2981278591473494,0.1899281128666436,0.03761196324914466
#101,0.07721523853457886,0.029777418982816283,0.15960481297812631,0.1783646638219352,-0.11944027986006997,0.022865490331757197,0.391012186214585,-0.029385307346326838,-0.08498827509322263,0.25550301772190825,0.02306539038173221,-0.17174489678237803,-0.1685234305923961,-0.25291969399915426,1.0,0.24722254257486642,0.12263868065967017,-0.059470264867566215,0.33212624457002266,-0.24013377926421406,0.13030407872986582,-0.07980625072079345,0.02048975512243878,-0.16159612501441586,-0.03841925191250529,-0.00026909622112020914,-0.04121785261215546,-0.060477453580901855,0.6473455579902356,0.06695882827816861,-0.04078729865836313,-0.04153307961403913,-0.02209664398569946,-0.12662130473224925,0.19308038288548035,0.06032368431169031,0.18851343558989736,-0.032737477415138584,-0.014508130550109561,-0.328681812939684,0.05887056471764118,0.03000038442317303,0.10925306577480491,0.04972129319955407,-0.15390766155383848,-0.18162457232922,-0.1568600315227002,-0.1849306116172683,-0.0698881328566486,-0.18687579287279438,-0.2445700226809672,0.21016414869488334,-0.18930534732633683,0.11654941759889285,0.2668588782531811,0.04146388344289394,0.11673394072194672,-0.23309114673432516,-0.27467035712912774,-0.20696574789528313,-0.33015030946065427,-0.3341636873870757,-0.04580786529812017,-0.06266097720370584,0.10579325721754507,-0.11262830123399839,-0.13380232960442856,0.18419251912505286,0.41077153730826893,0.0077576596317226005,0.23557452043209165,-0.16555568369661322,0.13100372890477838,-0.16667819936185754,-0.018052512205435745,-0.024941375466113098,-0.05907046476761619,-0.07260216045823242,0.04243262983892669,-0.0730865336562488,0.222996194210587,0.028024449313804635,,-0.14706492907392457,-0.3094375888978588,-0.32983508245877063,-0.38331603429054706,0.06721254757236766,-0.11714142928535733,0.014292853573213393,0.08863260677353631,-0.2521585361165571,0.0780532810517818,-0.20322915465344252,-0.16525583362165072,0.03378310844577711,-0.09787413985315035,0.04789912735939723,0.031845615653711606,-0.1204474685734056,-0.1606965747895283,0.03874216737784954,0.03230692346134625,0.1876215738284704,-0.009687463960327528,-0.08446545957790336,-0.1416138084803752,-0.11029869680544344,-0.10767693076538654,-0.16068888632606773,-0.2663591281282436
#102,0.08191288970899166,0.063968015992004,0.17749586745088994,0.10597778034059893,-0.1878137854149848,0.06202283473647791,0.13339484104101795,-0.07445508015223158,0.13750816899242688,0.014400492061661477,-0.02265790181832161,0.012209279975396918,-0.18656825433437127,-0.09615961250144159,0.24722254257486642,1.0,0.06515203936493291,0.17868757928727944,0.2932687502402645,0.22734786452927383,0.08803290662361127,0.3900741936723946,-0.42531042171222083,-0.046584400107638486,-0.4757621189405297,-0.15892053973013492,-0.44020297543535925,-0.26646676661669166,0.13091915580671204,-0.16078114788759468,-0.003867297120670434,-0.039003575135509165,0.0010225656402567946,-0.24638450005766346,-0.24473148041363935,-0.18775996617076077,-0.10144158689885827,0.05923192250028832,-0.08811747972167762,-0.17231384307846076,0.15004036443316804,-0.19039710913773883,-0.11247453196478684,-0.014254411255910506,-0.37345173567062623,0.12850497828009072,-0.09167723830392496,-0.3255910506285319,-0.08431937877215238,-0.2244646907315573,-0.21226309921962097,-0.11106754315150118,-0.1676776996117326,-0.030546265328874025,-0.013631645715603737,0.017929496790066505,-0.25105908584169456,0.15451505016722408,-0.451850997578134,-0.29763579748587243,-0.02209664398569946,-0.11842540268327374,-0.033483258370814596,-0.1297351324337831,-0.02248106715872833,-0.08365048245108216,-0.20369815092453772,-0.008049821243224542,0.31311267443201474,0.12711336639372622,0.3291969399915427,0.1795794410487064,-0.2052742859339561,-0.044131780263714296,-0.132156998423865,-0.02588705647176412,-0.17902587167954484,0.09605966247645407,-0.1303502095106293,0.12403029254603468,0.18320070733863839,0.30168761772959674,,-0.11721062545650252,0.06198439241917503,-0.011440433629339176,-0.12231576519432591,0.15335409218467688,0.036520201437742664,-0.11429669780494368,0.07320954907161804,-0.3495329258447699,-0.2856648598777534,-0.06698189366855034,-0.145419597893361,0.12230807673086534,0.1443739668627225,-0.05247376311844078,-0.032791296659362625,-0.2017683465959328,-0.2488601852919694,0.05622573328720255,-0.093568600315227,-0.006619767039557144,0.056364125629492945,-0.15829008572636757,-0.018752162380348287,-0.001545381155576058,-0.026778918233191097,0.07021873678545343,0.04022604082574097
#201,0.3311651866374505,0.008987813785414986,0.3743820397493561,0.1653942259639411,0.3489870449390689,0.17471264367816092,0.22344981355476107,0.10374043747357091,0.06051589589820475,0.40760389036251105,0.059032022450313304,0.006035443816553262,0.1039787798408488,0.06424480067658478,0.12263868065967017,0.06515203936493291,1.0,0.18384653826932687,0.056910006535193944,-0.20065351939414908,-0.10423249913504785,-0.30740783454426635,-0.047753046553646254,-0.05207396301849075,-0.1566908853265675,-0.13937646561334718,0.24765309652865874,0.024833736977665014,0.23394456617844925,-0.007957559681697613,-0.01969015492253873,0.1901741436973821,-0.037289047783800405,-0.29291508092107793,-0.010417867989082381,-0.06787375542997733,-0.003844231730288702,-0.2709798946680506,0.0856110406335294,-0.06534425095144736,0.010233344866028525,0.10301003344481606,-0.2679352631376619,-0.3434590397109138,-0.15705224310921462,-0.19713220312920463,0.3577826471379695,0.1650559335716757,0.11927113366393727,-0.09017029946565179,0.04811440433629339,-0.10998346980355976,0.0992503748125937,0.015830546265328874,0.2407949871218237,0.18453849998077884,-0.09169261523084611,-0.3538000230653904,-0.2411640333679314,-0.21107907584669203,0.1048321992849729,0.16030446315303887,-0.24792219274977895,0.03648175912043978,0.2020451312805136,0.10231038326990351,-0.02250413254911006,0.04601545381155576,0.014846422942374966,-0.06381424672279246,0.18656825433437127,0.100372890477838,-0.15692922769384537,0.21570753084995964,-0.11603429054703418,-0.15354630377119133,-0.05972398416176527,0.13564756083496712,0.20090723868834814,-0.049498327759197325,0.11648790989120825,0.017668089032406874,,0.014177526621304733,-0.1495021719909276,0.24024910621612272,0.10204897551224387,-0.09862760927228693,0.1762503363702764,-0.20198362357282898,-0.12073194172144697,-0.0742782454926383,-0.1455579902356514,0.003090762311152116,-0.23353707761503864,-0.16916157305962404,0.12029369930419406,0.19786260715795947,0.11098297005343483,0.12070887633106524,-0.08474224426248414,0.16105024410871488,0.10614692653673163,0.009902740937223696,0.03176873101910583,-0.08742551801022566,-0.16534809518317764,0.2746626686656672,0.30028831737977163,-0.10921462345750202,-0.305885518779072
