,#10,#11,#12,#13,#17,#18,#26,#49,#50,#51,#52,#53,#54,#58,#101,#102,#201,#202,#301,#302,#401,#402,#501,#502,#601,#602,#701,#702,#801,#802,#901,#902,#1001,#1002,#1101,#1102,#1201,#1202,#1301,#1302,#1401,#1402,#1501,#1502,#1601,#1602,#1701,#1702,#1801,#1802,#1901,#1902,#2001,#2002,#2101,#2102,#2201,#2202,#2301,#2302,#2401,#2402,#2501,#2502,#2601,#2602,#2701,#2702,#2801,#2802,#2901,#2902,#3001,#3002,#3101,#3102,#3201,#3202,#3301,#3302,#3401,#3402,#3455,#3501,#3502,#3601,#3602,#3701,#3702,#3801,#3802,#3901,#3902,#4001,#4002,#4101,#4102,#4201,#4202,#4301,#4302,#4401,#4402,#4501,#4502,#4601,#4602,#4701,#4702,#4801,#4802
#10,1.0,0.40171452735170876,0.38736016607081075,0.3188252027832238,0.05682543343712759,0.21117902587167955,-0.0718256256487141,0.4698881328566486,0.0613462499519471,0.38916695498404646,0.09176181140199131,0.16680890324068734,0.14338984353976858,0.06932687502402644,-0.14835659093530157,-0.24084880636604775,0.44357821089455274,0.279614039134279,-0.12216199592511437,0.10280244493138047,0.020766539807019566,-0.15855149348402722,-0.12516818513820013,-0.08602621766040057,-0.05564909852765925,0.13913812324606928,0.30241033329489103,0.2559720139930035,-0.05451889439895437,-0.07646176911544228,-0.09370699265751739,-0.042463383692769,0.2248029831238227,-0.016276477146042363,-0.1603659708607235,-0.2572021681466959,-0.19593280282935455,-0.24147157190635452,-0.08534194441240918,-0.15378464613846923,-0.19358013301041788,-0.08953215699842386,-0.004582324222504133,-0.17475877445892438,0.20453619344174068,0.06788913235689847,0.23971860223734287,0.2892630607773037,0.2388267404759159,0.21812170837658093,0.2602621766040057,0.2311305885518779,0.11235920501287817,-0.04557721139430285,-0.2367816091954023,-0.2697804943682005,-0.07896051974012994,-0.23260677353630876,-0.14681889824318609,0.03819628647214854,0.08956291085226617,0.04673048091338946,-0.011232845115903587,-0.1933648560335217,0.26407565448045206,0.1587590819974628,0.005504939837773421,-0.0914927151808711,-0.18852881251681852,-0.22492599853919193,0.08906316072732864,-0.060208357359781646,-0.039303425210471685,0.44054126782762465,-0.16542497981778342,-0.001560758082497213,-0.18677584284780688,0.03283742744012609,-0.05368854034521201,-0.1664552339215008,0.18616845423442124,0.06605927805328105,0.28153615499942336,0.08160535117056857,0.2570868411947872,-0.012647522392649829,0.05967785338100181,0.0802291162111252,0.0241571521931342,0.014069888132856648,0.0007534694191365856,0.03319878522277323,0.0015915119363395225,-0.11877138353899973,-0.2511129050859186,0.04563871910198747,0.18321608426555952,0.29827393995310036,0.1903356014300542,0.29236151155191636,0.23336024295544536,0.30510898396955366,0.11528850959135817,0.312543728135932,0.2828278168608004,0.3978318533041172,0.2729788951678007,0.03498250874562719,-0.12146234575020182,-0.07156421789105448,-0.3024872179294968
#11,0.40171452735170876,1.0,0.18173989928112866,0.3083150732326145,0.03815784415484565,0.17249836620151462,0.1587360166070811,0.29474493522469536,0.24729942720947218,0.236204974435859,0.22522584861415446,0.08102102794756467,0.14017606581324724,0.12435320801137893,-0.06807365547995232,-0.021635336178064814,0.13098835197785721,0.32416868488832506,-0.031976319532541424,0.01613808480375197,-0.08615692153923038,-0.023265290431707223,-0.008149771268212048,0.10122630992196209,-0.19307269442201977,0.12608311229000885,0.1932572175450736,0.20670434013762348,0.18726790450928382,0.004013377926421404,0.1445046707415523,0.16264944450851498,0.16939991542690194,0.12165455733671626,-0.11431976319532541,-0.18749086994964057,-0.015561450044208665,-0.06520585860915697,0.02039749356091185,0.05753277207550071,0.03636643216853112,0.08155153192634453,-0.0434859493330258,-0.07255602967746896,0.09368392726713566,-0.13672394571944796,0.1467881443893438,0.14315150117249067,-0.021066389881982086,0.06373736208818667,-0.023050013454811055,0.08125937031484258,-0.035551455041709916,-0.010287164110252565,-0.27317110675431516,-0.14747241763733518,-0.2861184792219275,-0.18077884134855648,-0.14820282166609003,-0.03727367085687925,-0.1766193826163841,-0.08235113212624456,0.03294506592857417,-0.11125975473801561,0.2618613770038058,0.10907623111521163,0.022842424941375467,0.037258293929958095,-0.03871141352400723,-0.18327759197324414,0.23199169645946258,0.028854803367546995,-0.061461576903855765,0.2940452850497828,-0.2462076653980702,0.04383961865221236,-0.2639372621381617,-0.11501941337023795,-0.04779917733440972,0.03806558259331873,0.1606350670818437,0.013301041786798909,0.15656018144773767,0.06618229346865029,0.17361319340329834,-0.12476838503825011,-0.17076077345942414,0.1499481028716411,0.1780494368200515,-0.06520585860915697,-0.10377887979087379,-0.11386614385115135,-0.19722446469073154,-0.107523161496175,-0.22224272479145044,0.10678506900395957,0.2789758966670511,0.05872448391189021,0.24586168454234422,0.1359243455195479,0.2838196286472148,0.2592780532810518,0.12431476569407604,0.27770730019605583,0.1790720024603083,0.2007150271018337,0.16858493830008073,-0.1043170722331142,-0.1511013723907277,-0.19793180332910468,-0.1497712682120478
#12,0.38736016607081075,0.18173989928112866,1.0,0.2894475839003575,0.09988082881636105,0.4685657171414293,-0.009295352323838081,0.22358820589705147,0.12166224580017683,0.36152692884327065,0.08069811248222043,0.25561834467381694,0.22945450351747204,-0.05066697420520509,-0.2482527966785838,-0.21413139584054128,0.4567485488025218,0.5444662284242494,-0.18279321877522778,-0.14101410833045017,-0.2697574289778188,-0.436058893630108,-0.20244493138046363,-0.1897589666705109,-0.24466997270595472,-0.10708491907892208,0.271917887210241,0.45517241379310347,0.15191634951754893,0.03672010148771768,0.48335063237611964,0.06708184369353784,0.47572367662322684,-0.17788797908737938,-0.08029062391880983,-0.11349709760504363,-0.20984892169299965,-0.44092569100065354,-0.20396724714565795,-0.2042517202936993,-0.02896244185599508,-0.07259447199477184,0.10723099988467305,-0.09234613462499519,0.058678353131126744,-0.09217698842886249,0.29316880021527697,0.3777188328912467,0.43959558682197364,0.374274401260908,0.44445469572905855,0.38027140276015836,0.3839080459770115,-0.13550148002921616,-0.28787144889093913,-0.40247568523430594,-0.1775112443778111,-0.4448698727559297,-0.08785607196401798,0.2668511897897205,0.13408680275246992,0.23652020143774266,-0.2759466420635836,-0.15550686195363855,0.1273978395417676,0.08678737554299773,-0.21324722254257486,-0.16381040249106216,-0.3315572982739399,-0.23295275439203475,0.20033060392880483,0.21967477799561758,-0.13297197555068618,0.37332103179179643,-0.24417791104447775,0.09746665128973975,0.03908814823357552,0.19490254872563717,-0.13268750240264482,-0.20832660592780533,0.41610733094990965,0.24608464998270096,-0.0421250913005036,-0.04065659477953331,0.12999654019144274,0.0633221850613155,0.1319186560565871,0.03632030138776766,0.15200861107907584,-0.09935801330104178,0.094114481220928,0.07311728751009111,-0.0527736131934033,-0.11867143351401223,-0.17828009072386883,0.24219428747164878,-0.12512974282089726,0.5303502095106293,0.3209164648445008,0.3717987160266021,0.4571714142928536,0.5345327336331834,0.5315649867374005,0.4794833352554492,0.46283781186329914,0.6275785184330911,0.5626263791181333,0.11400453619344174,0.05428055203167647,-0.012801291661861378,-0.28209741283204554
#13,0.3188252027832238,0.3083150732326145,0.2894475839003575,1.0,0.13706992657517394,0.28437319801637645,0.15673701610733096,0.1399454119094299,-0.06333756198823665,0.3411601891362011,0.1682543343712759,0.22132779763964172,0.19477184484680737,0.16663975704455464,0.20076115788259716,0.03043862684042594,0.32032445315803637,0.21867527774574252,-0.09646715103986468,-0.005251220543574367,0.1518855956637066,-0.08341214008380425,0.12327682312689808,-0.11675700611232845,0.027286356821589204,-0.06563641256294929,0.13519394149079306,0.10740014608080575,0.2815284665359628,0.12509130050359435,0.14338984353976858,0.13716987660016144,0.1988390420174528,0.09043939568677199,0.06109253065774805,-0.17662707107984468,0.10307922961596125,-0.15488409641333178,0.04986737400530504,-0.13743897282128167,0.005066697420520509,-0.08088263560527428,0.11383538999730904,0.056779302656364126,0.12433014262099719,0.05857071464267866,-0.00918002537192942,0.12449928881712989,0.03166109253065775,0.14332833583208396,0.15138584553876908,0.278668358128628,0.21416214969438357,0.1906431399684773,0.1530081113289509,-0.016591704147926038,-0.15509937339022797,-0.33483258370814595,-0.24304770691577288,-0.034098335447660784,-0.11485026717410525,-0.06469842002075885,0.018436935378464615,-0.013254911006035444,-0.1577442048206666,-0.17443585899358013,-0.08453465574904856,0.07745358090185676,0.03342943912659055,-0.12106254565025179,0.17925652558336216,0.043801176334909465,0.04430861492330758,0.15361549994233653,-0.03440587398608388,-0.04356283396763157,-0.11482720178372352,-0.15874370507054164,0.19208857109906585,-0.05252758236266482,0.32870487833006573,0.33966093876138853,0.1170799215776727,0.03558220889555223,0.1411678775996617,-0.08653365624879868,-0.01981317033790797,0.3572905854764925,0.09471418137085304,0.07672317687310191,0.07751508860954139,-0.13653173413293354,-0.14894091415830546,-0.20533579364164073,-0.34748010610079577,0.07746895782877791,-0.06974205205089763,0.15174720332141622,0.14211355860531272,0.19205012878176297,0.10382501057163726,0.11965555683696613,0.34375888978587626,0.06666666666666667,0.2950447852996579,0.12468381194018376,0.14774920232191596,0.0018221658401568446,0.05383462115096298,-0.1853688540345212,-0.21293968400415178
#17,0.05682543343712759,0.03815784415484565,0.09988082881636105,0.13706992657517394,1.0,0.45275054780302154,0.13873063468265867,-0.030784607696151923,-0.09998846730480913,0.04970591627263291,0.17062238111713374,0.22407257909506786,0.38189366855034024,0.3367085687925268,0.06534425095144736,0.08786376042747857,-0.05043632030138777,0.10930688501902895,-0.052389190020374427,-0.02756314150616999,-0.12788990120324453,-0.07244839118902087,-0.04352439165032868,0.1325952408411179,-0.1561373159574059,0.055410756160381346,-0.260692730557798,-0.1576365663322185,0.18044823741975166,0.25561065621035634,0.10790758466920386,-0.05375773651635721,0.2953753892284627,0.05583362165071311,0.11536539422596394,-0.030930688501902896,-0.007726905777880291,-0.015200092261561528,0.020528197439741668,0.12022450313304886,0.18649905816322607,0.3555991235151655,0.07586975742897782,0.25788644139468725,0.004267097220620459,0.060808057509706685,0.008088263560527428,0.0017222158151693383,-0.040910314073732364,-0.12722869334563489,-0.06206896551724138,0.052250797678084035,-0.10436320301387768,0.07354015300042287,-0.11428132087802252,-0.08446545957790336,-0.3004882174297467,-0.2821742974666513,0.04662284242494138,0.0413408680275247,0.19779341098681427,0.15298504593856918,0.05517241379310345,-0.028877868757928728,-0.14966362972359973,-0.058024833736977664,0.03447507015722908,0.08395033252604467,-0.11268212047822243,-0.026110021912120862,-0.21978241648406566,0.018928997039941567,-0.17190635451505018,0.1212316918463845,-0.33030407872986584,-0.12559873909199246,-0.08242801676085035,0.0544420097643486,-0.04690731557298274,0.02881636105024411,0.19321877522777073,0.24866028524199438,0.22844731480413638,-0.12862799369545996,0.4175143197631953,-0.01767577749586745,0.13597816476377195,0.17954099873140353,0.18443854995579134,-0.14410487064160227,0.22647906815822857,-0.08534194441240918,0.17363625879368008,0.16201899050474763,0.0859493330257948,-0.20049206166147696,0.0773382539499481,0.06352208511129051,0.1941106369891977,0.12672125475723678,0.20797293660861876,0.03514396647829931,0.1956790835351555,0.07417060700419022,0.2837350555491485,0.22443393687771498,0.19115057855687542,0.14989428362741705,0.06536731634182909,0.1909199246530581,0.06570560873409449
#18,0.21117902587167955,0.17249836620151462,0.4685657171414293,0.28437319801637645,0.45275054780302154,1.0,-0.016722408026755852,-0.014116018913620113,-0.02463383692769,0.15084765309652867,0.07909122361895975,0.3178948987044939,0.5471341252450698,0.3115365394225964,-0.35591435051704917,-0.25703302195056316,0.1878137854149848,0.5414446622842425,-0.3741052550647753,-0.28491139045861685,-0.34774151385845536,-0.48166685887825317,-0.16149617498942836,-0.09082381885980087,-0.31026794295160115,-0.08323530542421097,0.026156152692884328,0.3803713527851459,0.12883558220889554,0.1197324414715719,0.3396301849075462,0.08248183600507439,0.5372083189174643,-0.04357052243109215,-0.03672010148771768,-0.08180525122054358,-0.22808595702148926,-0.4448083650482451,-0.07584669203859609,-0.14114481220927996,0.038603775035559146,0.0014223657402068198,-0.03360627378618383,-0.1483181486179987,0.0941836773920732,-0.11469649790489371,0.2086033906123861,0.2982893168800215,0.273647791488871,0.21501556913850767,0.2583477492023219,0.20464383193018876,0.14912543728135932,-0.0127936031984008,-0.33077307500096104,-0.5421827547764579,-0.14987890670049592,-0.4776073501710683,0.13628570330219505,0.3561065621035636,0.3121900588167455,0.4299542536424096,-0.21212470687733057,-0.1703302195056318,-0.10066505208933994,-0.014415868988582633,-0.28150540114558104,-0.09023180717333641,-0.46988044439318805,-0.3888363510552416,-0.16252642909314574,-0.1084380886479837,-0.42930842271172104,0.20196824664590782,-0.403675085534156,0.08152846653596278,0.08772536808518817,0.2971821781416984,-0.21149425287356322,-0.2285780186829662,0.3862914696497905,0.4784223272978895,0.28102102794756467,-0.11556529427593895,0.5349709760504363,0.20508976281090224,0.23628185907046476,0.13231076769307654,0.021420059201168646,-0.06288394264406258,0.11804866797370546,0.17347480106100796,0.14238265482643295,0.2219736285703302,0.11490408641832929,0.11406604390112636,-0.1431130588551878,0.42069734363587435,0.5054626532887403,0.2776996117325952,0.5382231960942606,0.4784838350055741,0.5494175988928612,0.4109868142851651,0.566032368431169,0.4778303156114251,0.5444277861069465,0.3010187214085265,0.03585899358013301,0.21988236650905316,0.0488601852919694
#26,-0.0718256256487141,0.1587360166070811,-0.009295352323838081,0.15673701610733096,0.13873063468265867,-0.016722408026755852,1.0,0.01975166263022335,-0.04823741975166263,0.1660477453580902,0.43633567831468884,0.24271710298696805,0.3577672702110483,0.315473032714412,0.30202591012186214,0.4706569792027063,-0.20334448160535118,-0.02756314150616999,0.1715526851958636,-0.005243532080113789,0.0023526698189366853,0.1021412370737708,-0.010325606427555454,0.012755160881097913,0.048737169876600164,-0.19668627224849114,-0.18517664244800677,-0.19855456886941145,0.21775266213047323,0.1944489293814631,-0.06314535040172221,0.25700995656018144,0.014246722792449928,-0.02940068427324799,0.24583861915196248,0.055795179333410216,0.3207165647945258,0.05612578326221505,0.18879022027447814,0.06968823280667359,0.18685272748241263,0.05970860723484411,0.25268904009533694,0.3060469765117441,-0.3374235958943605,-0.08426555952792834,-0.06336062737861839,-0.05556452542959289,-0.3197247530081113,-0.31222081267058777,-0.1308192057817245,-0.16491754122938532,0.08973205704839887,0.024818360050743858,0.0658747549302272,0.14036058893630107,-0.2601314727251759,-0.12468381194018376,-0.03801176334909468,-0.12431476569407604,-0.19337254449698227,-0.006096951524237881,0.10916849267673856,0.25860915695998155,0.07606196901549225,-0.20747318648368124,0.17228308922461846,0.4455310806135394,0.2065967016491754,0.3412678276246492,0.19393380232960442,0.2980586629762042,0.2832968131318956,-0.11734132933533234,0.10699265751739515,0.013131895590666205,-0.13476338753700073,-0.12024756852343059,0.24896782378041749,0.1117748817898743,0.34871026025448815,0.2918079421827548,0.08561872909698996,0.09110060354438165,0.02384192519125053,-0.22535655249298428,-0.21790643139968477,0.07909891208242033,0.33464806058509206,0.008803290662361128,0.1199400299850075,-0.3261599969246146,-0.025625648714104485,-0.1812555260831123,-0.2748164379348787,-0.011824856802368047,0.0274247491638796,-0.1280974897166801,-0.019490254872563718,-0.06080036904624611,-0.077376696267251,-0.18896705493407143,0.0014377426671279745,-0.07703840387498559,-0.1950255641410064,-0.027255602967746897,-0.050451697228308924,-0.016545573367162572,0.05265059777803406,-0.2096259562526429,-0.016845423442125092
#49,0.4698881328566486,0.29474493522469536,0.22358820589705147,0.1399454119094299,-0.030784607696151923,-0.014116018913620113,0.01975166263022335,1.0,0.10488601852919693,0.1349017798792911,0.0313689309191558,0.306831199784723,-0.08926306077730366,-0.2576788528812517,0.08916311075231614,-0.03225310421712221,0.3850690039595587,0.054980202206589016,0.18705262753238766,0.06936531734132934,0.013408680275246991,-0.053173413293353324,-0.04109483719678622,-0.0296697804943682,-0.01092530657748049,0.08566485987775344,0.15925883212240033,0.14364356283396762,0.07776880790374044,0.03256064275554531,-0.15207011878676047,0.012862799369545996,-0.05902433398685273,0.1973397916426402,-0.17021489255372313,-0.004090262561027179,-0.06370660823434436,0.019244224041825242,-0.2120093799254219,-0.08446545957790336,0.15759812401491563,0.05829392995809787,0.002875485334255949,-0.00657363625879368,-0.08730250259485642,-0.14256717794948678,0.31065236612463,0.12210817668089033,0.09974243647407066,-0.06194595010187214,0.10603928804828355,-0.08760235266981893,-0.12884327067235612,-0.1997616576327221,-0.24472379195017877,-0.10879944643063084,-0.3553300272940453,-0.26832737477415136,-0.17071464267866068,-0.17451274362818592,-0.15676008149771267,-0.09459885441894438,0.14180602006688964,-0.01628416560950294,0.2710644677661169,0.010517818014069888,0.06589782032060892,-0.0009610579325721755,-0.04622304232499135,-0.05647176411794103,0.16113481720678122,-0.07024949063929574,0.2408949371468112,0.14874101410833046,-0.044323991850228735,-0.11628800984123323,-0.1776419482566409,-0.14598854418944374,-0.011694152923538231,-0.059470264867566215,0.15097835697535847,0.12335370776150387,0.14348979356475608,0.3346019298043286,0.07412447622342674,0.07566985737900281,-0.07016491754122939,0.17957175258524583,0.20462076653980701,0.09260754238265483,0.05066697420520509,0.1010879175796717,-0.07664629223849613,-0.21224003382923923,-0.1901741436973821,0.030492446084649984,0.17149886595163957,0.1649559835466882,0.005627955253142659,0.10122630992196209,0.022104332449160036,0.10696190366355283,0.05244300926459847,0.16347211009879675,0.06030830738476915,0.19484872948141313,-0.007058009456810056,-0.17384384730711566,-0.13390996809287664,-0.2701649175412294,-0.26235343866528277
#50,0.0613462499519471,0.24729942720947218,0.12166224580017683,-0.06333756198823665,-0.09998846730480913,-0.02463383692769,-0.04823741975166263,0.10488601852919693,1.0,0.16510975281589974,0.2345288894014531,0.2547034175220082,0.1629108522661746,0.1159574059124284,-0.02140468227424749,0.0559720139930035,0.09875831315111674,0.30994502748625685,0.16956137315957406,0.15160112251566524,-0.05345788644139469,0.07954484296313381,-0.05534924845269673,0.11337408218967439,-0.13934571175950486,0.2741706070041902,0.022911621112520663,0.12172375350786145,0.28702571791027565,0.13571675700611233,0.10520124553108061,0.08148233575519932,0.08936301080229116,0.022780917233690846,-0.16838503825010573,0.01362395725214316,0.15224695344635375,0.10191058316995348,-0.03477492023219159,0.07459347249452197,-0.08010610079575597,0.13169569061623035,-0.14588090570099566,0.010094952523738132,0.002214277476646292,-0.038303924960596626,0.16789297658862876,0.030853803867297122,-0.055333871525775576,-0.008549571368162073,-0.13169569061623035,-0.02066658978203206,-0.14153692384576944,0.19467189482181985,-0.05283512090108792,0.11315880521277823,-0.12659055087840695,0.00716564794525814,-0.02200438242417253,-0.12644447007265597,-0.13672394571944796,-0.18704493906892708,0.011063698919770883,0.017621958251643408,0.4004382424172529,0.26254565025179716,-0.017514319763195327,-0.07321723753507861,0.12236189597508938,0.016084265559527928,0.17195248529581364,0.0789374543497482,-0.23639718602237342,-0.2192211586514435,-0.3017491254372814,-0.2777149886595164,-0.1599507938338523,-0.13853842309614423,-0.06120785760965671,0.2305231999384923,0.20373659324184062,-0.0581478491523469,-0.07026486756621689,0.14438165532618305,-0.03109214623457502,-0.24418559950793833,-0.23871141352400724,-0.002798600699650175,0.034505824011071384,-0.2425325798639142,-0.28012147772267715,-0.17575827470879946,-0.3237073770806904,-0.20233729289201552,-0.20494368200515128,0.10410179525621804,0.3145888594164456,0.12571406604390112,0.13678545342713258,-0.044677661169415295,0.08874793372544497,0.14602698650674661,0.2473993772344597,0.06762772459923884,0.019105831699534847,0.14818744473916887,0.04897551224387806,-0.13484796063506707,-0.12403798100949526,-0.17934878714488908,-0.025518010225656404
#51,0.38916695498404646,0.236204974435859,0.36152692884327065,0.3411601891362011,0.04970591627263291,0.15084765309652867,0.1660477453580902,0.1349017798792911,0.16510975281589974,1.0,0.2243954945604121,0.2098950524737631,0.13986852727482413,0.2328681812939684,0.164340906469842,0.14189059316495597,0.2589551378157075,0.16860800369046247,0.18666051589589822,0.25122823203782724,0.12363818090954523,0.07227924499288817,-0.0769307653865375,0.07967554684196364,-0.006681274747241763,0.12778995117825703,0.07762272709798947,0.18358513051166725,0.07841463883442894,0.08338138622996194,0.010148771767962172,0.18895936647061085,0.259347249452197,-0.038565332718256254,-0.038573021181716835,-0.024995194710337138,0.07884519278822127,-0.08520355207011879,0.020812670587783032,0.0753315649867374,-0.2053050397877984,-0.16589397608887863,-0.09273824626148464,0.13220312920462846,-0.17708069042401875,0.18412332295390765,0.23169953484796063,0.16123476723176874,-0.13193403298350825,-0.0618229346865029,0.000438242417252912,-0.03937262138161688,-0.04016453311805636,0.1427978318533041,-0.0338907469342252,0.08267404759158882,-0.13156498673740052,-0.06915772882789374,-0.15017106831199784,-0.07227924499288817,-0.05607965248145158,-0.04544650751547303,0.02091262061277054,0.022880867258678352,0.24397032253104217,0.010879175796717025,0.04550032675969708,-0.012524506977280591,0.1862530273324876,0.0714181370853035,0.2881251681851382,-1.5376926921154808e-05,-0.02925460346749702,0.03372928920155307,-0.14511205935493793,-0.17442048206665897,-0.13357167570061124,-0.03635874370507054,0.20196824664590782,0.08103640487448584,0.21039480259870064,0.09636720101487718,0.22294237496636296,0.03894206742782455,-0.0710798446930381,-0.21771421981317035,-0.14048360435167032,-0.08528812516818514,0.18867489332256948,-0.21771421981317035,-0.03793487871448891,-0.23125360396724715,-0.39260369815092455,-0.26918079421827545,-0.34043747357090687,-0.00825740975666013,0.24304770691577288,0.0376657824933687,0.11447353246453697,-0.09057009956560182,0.015561450044208665,0.09134663437512013,0.2522969284588475,0.02484142544112559,0.16747011109829701,0.18178603006189212,0.10749240764233269,-0.0036904624610771537,-0.08627993695459962,-0.17518163994925615,-0.28117479721677624
#52,0.09176181140199131,0.22522584861415446,0.08069811248222043,0.1682543343712759,0.17062238111713374,0.07909122361895975,0.43633567831468884,0.0313689309191558,0.2345288894014531,0.2243954945604121,1.0,0.239534079114289,0.23199938492292316,0.26392188521124055,0.27242532579863915,0.40440548956291084,-0.12488371199015877,0.0544420097643486,0.14987890670049592,0.2449775112443778,0.004736093491715681,0.2826509822012071,0.10068811747972167,0.2680044593088071,0.06738169376850037,0.2713104985968554,-0.21788336600930305,-0.11205935493791566,0.14954830277169107,0.1904355514550417,0.12567562372659824,0.3048552646753546,0.26968054434321304,0.1848537269826625,0.22025910121862147,-0.0638296236497136,0.054295928958597625,0.17200630454003768,0.1575673701610733,0.24806058509206935,0.035459193480182984,-0.06934994041440819,0.04202514127551609,0.16700880329066237,-0.299081228616461,0.1088455772113943,-0.12238496136547111,0.026256102717871835,-0.3462038211663399,-0.25897051474262867,-0.2732633683158421,-0.13983008495752125,0.0006381424672279245,0.13195709837388997,-0.006765847845308115,0.21590743089993464,-0.2585553377157575,0.060100718871333565,-0.2627147964479299,-0.3016722408026756,-0.26384500057663474,-0.11125975473801561,0.32798216276477143,0.32015530696190364,0.1823088455772114,-0.13151885595663707,0.4805443432130089,0.5108445777111444,0.29415292353823086,0.367869911198247,0.19735516856956137,0.08211278975896667,-0.11257448198977435,-0.14353592434551954,-0.05075923576673202,-0.2165301964402414,-0.27537000730404027,-0.24870641602275786,0.32581401606888866,0.2717256756237266,0.35081689924268633,0.200545880905701,0.10608541882904701,-0.08218967439357244,-0.07160266020835736,-0.34292853573213394,-0.3168415792103948,-0.08191288970899166,0.19999231153653943,-0.19576365663322184,0.24499288817129897,-0.32149309960404415,-0.07613885365009802,-0.24536193441740667,-0.3395456118094799,-0.11123668934763388,0.30131088302002845,-0.2081036404874486,0.004420866489832007,-0.18756006612078577,-0.11834082958520739,-0.22995425364240957,0.06738169376850037,0.0736324145619498,-0.03495944335524545,0.059685541844462384,-0.006688963210702341,-0.24313996847729982,0.06783531311267443,-0.24051820243724292,-0.051812555260831124
#53,0.16680890324068734,0.08102102794756467,0.25561834467381694,0.22132779763964172,0.22407257909506786,0.3178948987044939,0.24271710298696805,0.306831199784723,0.2547034175220082,0.2098950524737631,0.239534079114289,1.0,0.3905816322607927,0.2493061161726829,0.08233575519932342,-0.059362626379118134,0.20043055395379233,0.22431092146234574,0.11645715603736594,-0.22351900972590627,-0.11807942182754777,-0.2867950640064583,-0.10202591012186214,-0.21622265790181833,-0.09416061200169146,-0.12969669011648022,0.041271671856379505,-0.08634144466228424,0.20159151193633953,0.03687387075692923,0.08348902471841002,-0.11955560681197863,0.1603582823972629,-0.10430938376965364,-0.18460769615192404,0.024126398339291893,0.14427401683773497,-0.19404144081805252,-0.061161726828893245,-0.24076423326798138,0.1756429477568908,-0.013593203398300849,0.2465075154730327,0.07452427632337677,-0.1479029715911275,-0.4026602083573598,0.046507515473032716,0.024749163879598662,-0.025979318033291048,-0.19675546841963634,-0.0810440933379464,-0.08894783377541998,-0.02653288740245262,-0.11282051282051282,-0.17927190251028333,-0.19831622650213354,-0.28630300234498135,-0.5511859454887941,-0.029323799638642217,-0.12341521546918849,0.16619382616384115,0.26475223926498287,-0.17102218121708376,-0.11253603967247146,0.1784338599930804,-0.028293545534924844,-0.15165494175988928,0.032107023411371234,-0.07671548840964133,-0.12047822242724791,0.046361434667281744,-0.08630300234498135,0.11876369507553915,0.07988313535539922,-0.043962634067581594,-0.09891977088378888,0.16538653750048052,0.056986891169799714,0.0014069888132856648,-0.1664091031407373,0.4059816245723292,0.3094452773613193,0.13792334601929804,0.4819282666359128,0.27930650059585593,0.2994579633260293,0.1631568830969131,0.016722408026755852,0.13533233383308346,-0.006043132280013839,0.046446007765348095,0.04754545804021067,-0.21305501095606044,0.06673586283781187,-0.04694575789028563,-0.042463383692769,0.014700342136623995,0.08382731711067543,0.03272210048821743,-0.024218659900818822,0.22654826432937378,0.06125398839042018,0.2055818244723792,0.187137200630454,0.12427632337677315,0.16599392611386615,0.2083419828547265,0.1694460462076654,0.18044054895629108,0.03689693614731096,-0.048429631338177064
#54,0.14338984353976858,0.14017606581324724,0.22945450351747204,0.19477184484680737,0.38189366855034024,0.5471341252450698,0.3577672702110483,-0.08926306077730366,0.1629108522661746,0.13986852727482413,0.23199938492292316,0.3905816322607927,1.0,0.5263983392918925,-0.09401453119594048,-0.050505516472532964,-0.01577672702110483,0.4661438511513474,-0.20184523123053857,-0.25747895283127664,-0.056910006535193944,-0.2730634682658671,-0.12849728981663014,-0.1282743243762734,-0.15187790720024602,-0.03828085957021489,-0.017814169838157843,0.026655902817821858,0.44574635759043557,0.3965017491254373,0.23585899358013301,0.00532810517818014,0.4400107638488448,-0.2009533694691116,0.222050513204936,-0.08530350209510629,0.06399108138238573,-0.28353515549917346,0.2541421596893861,0.06550570868411948,-0.04009533694691116,0.02691731057548149,0.10096490216430247,0.029323799638642217,-0.04608464998270096,-0.05646407565448045,-0.07087225617960251,-0.03586668204359359,-0.02332679813939184,-0.10979125821704533,-0.014246722792449928,0.05780186829662092,0.11726444470072656,0.11004497751124438,-0.03823472878945143,-0.23536693191865607,-0.10553953792334601,-0.27676930765386537,0.06352977357475109,0.18988967054934072,0.17066082343443661,0.30181832160842653,-0.1186483681236305,-0.06797370545496483,-0.01589974243647407,0.043370622381117135,-0.1645100526659747,0.12153154192134702,-0.2552262330373275,-0.2165301964402414,-0.19338023296044285,0.0315073232614462,-0.2266405258909007,-0.0717256756237266,-0.2084649982700957,0.043747357090685425,0.05683312190058817,0.11387383231461193,-0.07096451774112944,-0.14676507899896205,0.5086610540883404,0.45681005651020645,0.34315150117249066,-0.09280744243262984,0.5842463383692769,-0.0328681812939684,0.09436051205166647,-0.020989505247376312,0.17454349748202821,-0.08582631761042556,0.008049821243224542,-0.09120824203282973,0.0388574943297582,0.11208242032829739,0.03386768154384346,0.2257563525929343,-0.10806904240187598,0.14809518317764195,0.3218852112405336,0.07224849113904586,0.32012455310806137,0.1984315534540422,0.47129512166993426,0.15170107254065274,0.30103409833544764,0.44696882328066734,0.41408526505977783,0.2894475839003575,0.1461730673124976,0.06984200207588513,0.1418213969938108
#58,0.06932687502402644,0.12435320801137893,-0.05066697420520509,0.16663975704455464,0.3367085687925268,0.3115365394225964,0.315473032714412,-0.2576788528812517,0.1159574059124284,0.2328681812939684,0.26392188521124055,0.2493061161726829,0.5263983392918925,1.0,0.13875370007304041,0.13911505785568754,-0.07141044862184293,0.13343328335832083,0.07230231038326991,0.009987314035290048,0.061138661438511516,-0.09662092030907624,-0.1143582055126283,-0.12433014262099719,-0.054541959789336104,-0.14350517049167724,-0.14050666974205206,-0.23549763579748587,0.16064275554530427,0.09143120747318649,-0.007811478875946642,0.06405258909007035,0.2052358436166532,0.053257986391419675,0.22963133817706533,-0.06270710798446931,0.16489447583900357,-0.06572098566101564,0.1860915695998155,-0.10739245761734517,0.019797793410986815,0.017668089032406874,0.04204820666589782,0.04588474993272595,-0.06705877830315611,0.026163841156344906,-0.18411563449044707,-0.07533925345019797,-0.20791911736439472,-0.29067004959058934,-0.23451351247453198,-0.11690308691807942,-0.07736131934032983,0.07190251028331988,0.03522853957636567,-0.1356552492984277,-0.1416061200169146,-0.21579979241148656,-0.05689462960827279,-0.06652058586091569,0.16347979856225733,0.20141467727674625,0.0727789951178257,0.1123822704032599,0.05103602045131281,0.01572290777688079,0.07667704609233844,0.17645792488371198,0.056640910314073735,0.02073578595317726,0.0005381924422404183,0.10335601430054203,-0.06768923230692346,-0.06469842002075885,-0.15578364663821936,-0.10417867989082381,-0.022704032599085072,-0.033836927690001156,0.11842540268327374,0.01915965094375889,0.296643985699458,0.35077845692538345,0.3688617229846615,0.054380502056663976,0.40253719294199053,-0.026048514204436244,0.06569023180717333,-0.15745204320916464,0.06168454234421251,-0.08022142774766462,-0.09182331910967594,-0.17532003229154652,-0.1336870026525199,0.11032945065928575,-0.07421673778495368,-0.05524160996424864,0.027939876215738284,-0.03202245031330488,0.14132164686887325,0.004436243416753162,0.10726944220197593,0.0018759850843808865,0.3309499096605543,0.10143389843539768,0.20531272825125899,0.07146426786606697,0.20908007534694192,0.25910890708491907,0.12234651904816822,0.15433052704417022,0.0834967131818706
#101,-0.14835659093530157,-0.06807365547995232,-0.2482527966785838,0.20076115788259716,0.06534425095144736,-0.35591435051704917,0.30202591012186214,0.08916311075231614,-0.02140468227424749,0.164340906469842,0.27242532579863915,0.08233575519932342,-0.09401453119594048,0.13875370007304041,1.0,0.6202283473647792,-0.08990889170799216,-0.4653211855610656,0.6068196670895322,0.36141929035482256,0.6880790374043747,0.5391919424902933,0.2883250682351132,0.20059970014992504,0.46344520047668475,0.14674201360858033,-0.1263983392918925,-0.562249644408565,0.2963902664052589,0.3500480528966286,-0.3897820320608926,0.1975858224733787,-0.3005420366739707,0.24003382923922653,0.3346019298043286,-0.029239226540575865,0.46602852419943874,0.4800522815515319,0.22183523622803983,0.22811671087533156,0.33944566178449237,0.13396378733710068,0.29519086610540884,0.5282589474493522,-0.2795448429631338,0.19871602660208357,-0.3911275131664937,-0.4385115134740322,-0.4514435090147234,-0.41075616038134777,-0.32830507823011573,-0.23944950601622267,-0.15020182216584016,0.2779687079537155,0.5418982816284166,0.6154538115557606,-0.1961173259524084,0.12047822242724791,-0.5233767731518856,-0.6870487833006573,-0.4266251489639796,-0.46317610425556455,0.48339676315688307,0.42367277899511785,-0.01190174143697382,-0.24764540806519816,0.5161265521085611,0.4288778687579287,0.7047322492599853,0.3872371506554415,0.182716334140622,0.2588628762541806,0.4358897474339753,-0.3873294122169684,0.3489947334025295,-0.3529466036212663,-0.3233767731518856,-0.6580325222004383,0.4384884480836505,0.3268827124899089,0.16810056510206436,0.07514704186368354,-0.056694729558297775,0.08172067812247723,-0.20252181601506938,-0.39837773420981815,-0.4435935878214739,0.07745358090185676,0.028455003267596972,0.1820320608926306,0.08901702994656518,-0.5150501672240803,-0.14517356706262252,-0.520147618498443,-0.4578479990773844,-0.22660208357359782,0.1848306615922808,-0.411171337408219,-0.45054395878983583,-0.39021258601468495,-0.5862607157959482,-0.4151693384077192,-0.2168454234421251,-0.35088609541383153,-0.3809402990812286,-0.4388882481836005,-0.5976934609618267,-0.3660784992119325,0.03149963479798562,-0.5065621035636028,-0.3164802214277477
#102,-0.24084880636604775,-0.021635336178064814,-0.21413139584054128,0.03043862684042594,0.08786376042747857,-0.25703302195056316,0.4706569792027063,-0.03225310421712221,0.0559720139930035,0.14189059316495597,0.40440548956291084,-0.059362626379118134,-0.050505516472532964,0.13911505785568754,0.6202283473647792,1.0,-0.31165186637450504,-0.1948564179448737,0.5619036635528389,0.5041402375735209,0.14393572444546957,0.6820128397339792,0.10737708069042402,0.5511551916349517,0.22268096720870334,0.3274362818590705,-0.4451159035866682,-0.3915965094375889,0.17725752508361203,0.2538730634682659,-0.23983392918925153,0.32151616499442587,-0.1640718102487218,0.29891977088378885,0.33750816899242686,0.09183869603659708,0.2788759466420636,0.5863222235036328,0.10616999192711336,0.42760927228693346,0.28083650482451084,0.14478914388959366,0.12870487833006575,0.46038519201937494,-0.6044362434167532,0.24594625764041056,-0.231984007996002,-0.2883865759427978,-0.5113212624457002,-0.29609041633029637,-0.4222581017183716,-0.18454618844423942,-0.2439626340675816,0.2584938300080729,0.1871756429477569,0.5878906700495906,-0.4868642601776035,0.27048783300657364,-0.4239572521431592,-0.5549225387306347,-0.4628070580094568,-0.4098335447660785,0.56071964017991,0.5801022565640257,0.15812093953023487,-0.27796101949025487,0.5482105101295506,0.47428593395609886,0.7030946065428824,0.6081805251220543,0.31586514435090146,0.2922384961365471,0.1877215238534579,-0.4522584861415446,0.1724753008111329,-0.38351593434052206,-0.2949986545188944,-0.5278207050320993,0.49412985814784915,0.6467458578403106,0.19617883366009303,0.19094299004343981,-0.07221004882174298,-0.02442624841425441,-0.39225771729519854,-0.45511859454887943,-0.4582862414946373,0.08135163187636951,0.22664821435436128,-0.060485142044362436,0.10290239495636797,-0.6120170683888825,-0.07018798293161112,-0.4494368200515127,-0.4591704147926037,-0.29382231960942606,0.48538038672971207,-0.45154345903971094,-0.1287125667935263,-0.3844231730288702,-0.40242955445354245,-0.3737823395994311,-0.18199361857532773,-0.277176796217276,-0.2943066928074424,-0.3013570138007919,-0.4217199092761312,-0.43832699035097833,-0.1802329604428555,-0.3998385422673279,-0.3058163226079268
#201,0.44357821089455274,0.13098835197785721,0.4567485488025218,0.32032445315803637,-0.05043632030138777,0.1878137854149848,-0.20334448160535118,0.3850690039595587,0.09875831315111674,0.2589551378157075,-0.12488371199015877,0.20043055395379233,-0.01577672702110483,-0.07141044862184293,-0.08990889170799216,-0.31165186637450504,1.0,0.19041248606466,-0.19460269865067467,-0.30869180794218276,0.09003959558682198,-0.4004151770268712,-0.028524199438742168,-0.40330603928804826,0.04739168877099911,-0.1626725098988967,0.4566793526313766,0.35699073540153,0.07337869526775075,-0.17183715834390498,0.10887633106523661,-0.07264060277553532,0.1927882212739784,-0.061438511513474035,-0.2098642986199208,-0.052881251681851385,-0.025533387152577556,-0.41995156268019834,-0.08014454311305885,-0.27752277707300194,-0.0592396109637489,-0.25195094760312153,-0.08348902471841002,-0.36477146042363434,0.25082843193787724,-0.23931880213739284,0.30886864260177604,0.24958290085726367,0.35309268442701724,0.19913120362895476,0.4106562103563603,0.1832929689001653,0.294114481220928,-0.16095029408372738,0.08530350209510629,-0.27844539268827123,0.0673048091338946,-0.49430669280744244,-0.043147656940760386,0.10146465228924,0.0670280244493138,0.1267135662937762,-0.31766424480067657,-0.31876369507553914,0.01886748933225695,0.05882443393687772,-0.315672932764387,-0.34465844001076384,-0.3082458770614693,-0.35176258024833734,0.11688002152769769,0.07533925345019797,0.16302617921808327,0.2887248683350632,-0.0558028677968708,0.13952254641909814,0.19027409372236959,0.09931188252027832,-0.23026948064429323,-0.37858762926229195,0.1270134163687387,0.08411179025871679,0.03668165917041479,0.013462499519471033,0.14825664091031407,0.1500864952139315,0.12893553223388307,0.20124553108061355,-0.20998731403529006,-0.027939876215738284,-0.10903010033444815,0.13767731518855958,-0.17235228539576367,-0.024687656171914044,-0.041571521931342025,0.4283550532426095,-0.1850228731787952,0.431038326990351,0.08769461423134586,0.45125129742820896,0.2104486218429247,0.40254488140545114,0.2384115634490447,0.292476838503825,0.23765040556644754,0.3100680429016261,0.3702917771883289,0.10209510629300735,0.20452081651481951,0.017014569638257794,-0.10267942951601122
