,#10,#11,#12,#13,#17,#18,#26,#49,#50,#51,#52,#53,#54,#58,#101,#102,#201,#202,#301,#302,#401,#402,#501,#502,#601,#602,#701,#702,#801,#802,#901,#902,#1001,#1002,#1101,#1102,#1201,#1202,#1301,#1302,#1401,#1402,#1501,#1502,#1601,#1602,#1701,#1702,#1801,#1802,#1901,#1902,#2001,#2002,#2101,#2102,#2201,#2202,#2301,#2302,#2401,#2402,#2501,#2502,#2601,#2602,#2701,#2702,#2801,#2802,#2901,#2902,#3001,#3002,#3101,#3102,#3201,#3202,#3301,#3302,#3401,#3402,#3455,#3501,#3502,#3601,#3602,#3701,#3702,#3801,#3802,#3901,#3902,#4001,#4002,#4101,#4102,#4201,#4202,#4301,#4302,#4401,#4402,#4501,#4502,#4601,#4602,#4701,#4702,#4801,#4802
#10,1.0,0.055364625379617886,0.5726598239341868,0.5365163572060124,-0.03186099258063276,0.1506631299734748,-0.017445123592050128,0.6985507246376812,-0.45605658709106983,0.48434244416253414,0.3094452773613193,0.004320916464844501,-0.014669588282781686,-0.14340522046668974,0.15882058970514742,0.3048321992849729,0.32134701879829314,0.09047783800407488,0.31988621074078344,0.3617191404297851,0.24279398762157384,0.13080382885480338,0.009487563910352517,-0.11099834698035597,-0.30357897974089876,0.036228039826240725,0.06373736208818667,0.26809672087033404,-0.022365740206819668,-0.08918617614269789,0.13075000961057934,0.2408949371468112,0.11341252450697728,-0.23003113827701535,-0.02760158382347288,0.029600584323223003,-0.06514435090147234,-0.3157498173989928,-0.13680083035405374,-0.1352477607350171,-0.1632798985122823,-0.09850459385691769,-0.03904201745281206,-0.07180256025833237,-0.11448890939145812,-0.06352977357475109,0.13264137162188136,0.14520432091646485,-0.060100718871333565,0.020543574366662824,0.18107100296005843,0.17025333487102604,0.2576096567101065,0.2060815745973167,0.07567754584246339,0.017783415984315536,-0.11291277438203975,-0.12966593626263792,-0.28992426863491333,-0.23220697343635874,0.1949333025794795,-0.08424249413754661,-0.24184061815246222,0.13244916003536694,0.21855995079383386,0.20910314073732364,-0.2557029177718833,-0.03417522008226656,0.2977434359743205,-0.029508322761696074,0.1878906700495906,0.027993695459962328,-0.07493176488678738,-0.12842040518202438,-0.10305616422557952,-0.07224080267558529,0.07340944912159304,0.10763079998462308,-0.17898742936224196,0.03109214623457502,-0.13061161726828893,-0.2927074924076423,,-0.211025256602468,-0.2536731634182909,0.01012570637758044,-0.09467573905355015,-0.032114711874831815,-0.009895052473763119,-0.23000038442317303,-0.2252796678583785,-0.19301887517779573,-0.17630415561450044,-0.21485411140583555,-0.30367124130242573,0.012216968438857494,0.13557067620036137,0.11830238726790451,0.22261177103755814,0.14350517049167724,0.3101756813900742,-0.14958674508899397,0.07060315995848229,-0.12709798946680506,0.18191673394072194,-0.04044131780263714,0.06581324722254257,0.06066197670395571,0.016422557951793332,-0.1682850882251182,-0.3068542651751048
#11,0.055364625379617886,1.0,0.23529773574751087,0.19143505170491676,0.1299427209472187,0.04590781532310768,0.22540268327374774,0.1103448275862069,0.2150001922115865,0.43541306269941954,0.22793987621573827,-0.2126859647099527,0.27204859108907087,0.10119555606811978,0.02365740206819667,-0.04994425863991082,0.1638642217352862,0.29229231538077116,0.21161726828893246,0.232929689001653,0.3127513166493676,-0.2082343443662784,0.005374235958943605,-0.25298889017029946,-0.15429208472686734,-0.10793065005958559,0.3190481682235805,0.1552915849767424,0.02550263329873525,-0.17772652135470726,0.19516395648329682,-0.009795102448775612,0.16571714142928537,-0.06562103563602814,-0.033560143005420366,-0.11538845961634567,-0.1364394725714066,-0.1571598815976627,-0.021235536078114788,-0.1381386229961942,-0.19099680928766385,-0.16667819936185754,-0.226125398839042,-0.010517818014069888,0.009110829200784223,-0.007288663360627379,0.18419251912505286,0.23320647368623382,0.07239457194479683,-0.0788375043247607,0.22550263329873524,0.09051628032137778,0.1529081613039634,-0.09102371890977588,-0.17724983662015145,-0.3492330757698074,-0.36639372621381616,-0.4667819936185753,-0.24581555376158074,-0.2650982201207089,-0.25261984392419173,-0.14106023911121363,0.02813208780225272,-0.0486218429246915,0.32744397032253103,0.17255987390919925,-0.05817091454272864,-0.18360819590204897,-0.02478760619690155,-0.09733594741090992,0.3064083342943913,0.06771229769730519,-0.139161188636451,0.1510014223657402,-0.24353208011378927,-0.19920808826356054,-0.2736247260984892,-0.23030023449813555,0.05078230115711375,-0.07995233152654442,-0.08074424326298389,-0.07824549263829624,,-0.005958559181947488,-0.12627532387652327,-0.0381424672279245,-0.31053703917272135,-0.1893437896436397,-0.056771614192903545,-0.15217775727520855,-0.05586437550455541,-0.3004036443316803,-0.11557298273939953,-0.3232306923461346,-0.3184792219274978,0.21634567331718757,0.01954407411678776,-0.11281282435705224,0.13264137162188136,-0.10419405681774498,0.23199169645946258,0.196324914465844,0.056018144773766966,0.15779033560143005,0.1239534079114289,0.10693114980971052,0.19421058701418523,-0.21390074193672395,-0.20588167454734171,-0.2400492061661477,-0.11766424480067658
#12,0.5726598239341868,0.23529773574751087,1.0,0.48308922461846,0.00618921308576481,0.3305270441702226,-0.11094452773613193,0.3279129665936263,-0.1718602237342867,0.530319455656787,0.314927151808711,-0.10568561872909699,-0.05269672855879753,-0.21892899703994156,-0.049798177834159844,0.4302694806442932,0.33833083458270863,0.46258409256910005,0.05899358013301042,0.25078230115711375,0.012416868488832507,0.24485449582900856,-0.15022488755622188,-0.055410756160381346,-0.17245992388421175,-0.028239726290700803,0.11521931342021297,0.13248760235266982,-0.0028293545534924846,-0.2005151270518587,0.34911774881789875,0.24775304655364624,0.22101257063775803,-0.1742820897243686,-0.4037212163149195,-0.1502556414100642,-0.3241225541075616,-0.40096874639603275,-0.039603275285434204,0.1102448775612194,-0.1387229462191981,-0.13917656556337216,-0.047776111944027984,-0.0779840848806366,0.12151616499442586,0.2116403336793142,0.1241917502787068,0.27879137354399725,0.08286625917810325,0.2439241917502787,0.2589397608887864,0.418575327720755,0.4522584861415446,0.2115326951908661,-0.0932610617768039,-0.08723330642371122,-0.16626302233498635,-0.14924845269672857,-0.20186060815745974,0.07450121093299504,-0.048521892899703996,-0.18501518471533465,-0.4778533810018068,-0.06174605005189713,0.21179410294852574,0.1582208895552224,-0.4195363856533272,-0.2300849575212394,-0.021889055472263868,-0.2855341559989236,0.12081651481951332,-0.009641333179564063,-0.17543535924345519,-0.05446507515473033,-0.3833698535347711,-0.32045515703686617,-0.09095452273863068,-0.01563833467881444,-0.08169761273209548,-0.033690846884250183,-0.18259331872525275,-0.3793180332910468,,-0.0844193287971399,-0.2962211202091262,0.03328335832083958,0.07111828701034098,0.05137431284357821,-0.10822281167108753,0.02218121708376581,-0.36175758274708797,-0.21075616038134778,-0.22674816437934878,-0.15286203052319994,-0.23158420789605197,0.2398108637988698,0.0570945296582478,0.26700495905893207,0.3391227463191481,-0.1114980971052935,0.3974935609118518,0.030607773036558643,0.15340791142890092,0.02552569868911698,0.33297966401414675,0.1851305116672433,0.24693806942682506,-0.07249452196978434,0.0030369430669280745,-0.06432937377465113,-0.07418598393111137
#13,0.5365163572060124,0.19143505170491676,0.48308922461846,1.0,0.12001691461961327,0.22178910544727637,0.06957290585476493,0.3562065121285511,-0.03703532848960135,0.5243839618652212,0.2438549955791335,0.08021373928420406,0.1339560988736401,0.1686310690808442,0.07157190635451505,0.0400492061661477,0.3305885518779072,0.14723407527005727,0.21627647714604237,0.344127936031984,0.06163841156344904,-0.03040787298658363,-0.19645561834467382,-0.16048898627609273,-0.23795794410487064,-0.05191250528581863,0.00900319071233614,0.3507938338523046,0.024772229269980395,-0.06132318456156537,0.09922730942221197,0.15742128935532235,0.27171029869680546,-0.10138776765463423,-0.006519817014569638,0.13279514089109293,0.048491139045861685,-0.08401952869718987,-0.2798293161111752,-0.09045477261369315,-0.014308230500134548,-0.09854303617422058,0.1262291930957598,-0.009187713835389997,-0.18463076154230576,0.12063968015992003,0.14135240072271557,0.06051589589820475,-0.08566485987775344,-0.21033329489101604,0.06901933648560335,-0.10640833429439127,0.08209741283204551,0.007834544266328375,0.043585899358013304,-0.08232806673586283,-0.21702225810171838,-0.18903625110521663,-0.06153846153846154,-0.21883673547841465,0.267843001576135,-0.3260908007534694,-0.03298350824587706,0.06602083573597817,0.38351593434052206,0.2602237342867028,0.04136393341790643,-0.04145619497943336,0.22698650674662668,-0.04972129319955407,0.14244416253411757,0.2662438011763349,-0.08975512243878062,-0.09226924999038942,-0.06289931957098374,-0.09481413139584054,0.11391996309537539,0.0064121785261215545,-0.05907815323107677,0.01436204974435859,-0.22703263752739014,-0.1991158267020336,,-0.12087802252719794,0.1124207127205628,-0.18223964940606618,-0.14219813170337908,-0.07264829123899588,-0.16763156883096914,-0.17249836620151462,-0.32281551531926345,-0.24380117633490947,-0.1435205474185984,-0.09602890862261178,-0.13025794794910237,-0.007872986583631262,-0.029000884173297967,-0.04254026832737477,0.059747049552147005,0.018237035328489602,0.1988467304809134,-0.047122592549878904,0.2674355130127244,0.12608311229000885,0.29975781340099183,0.23301426209971937,-0.0069965017491254375,0.07916041979010495,-0.33901510783070005,-0.029592895859762425,-0.08542651751047553
#17,-0.03186099258063276,0.1299427209472187,0.00618921308576481,0.12001691461961327,1.0,0.31581901357013803,-0.1151039864683043,0.06161534617306731,-0.05924729942720947,0.0002614077576596317,0.0023911121362395725,0.2827201783723523,0.1275208549571368,-0.0017068388882481836,0.03550532426094645,-0.07773036558643755,0.041486948833275666,-0.04916003536693192,-0.3175258524583862,-0.12422250413254911,0.03199938492292315,-0.06367585438050205,-0.0022527197939491792,0.05335793641640718,0.28209741283204554,-0.03324491600353669,-0.13006573636258795,-0.09001653019644024,0.04201745281205551,-0.014131395840541268,0.12413793103448276,0.09778956675508399,0.17966401414677277,-0.024679967708453467,0.062361127128743324,-0.1026871179794718,0.17181409295352323,0.11878676046592089,0.23103832699035098,0.01907507784569254,0.0863568215892054,-0.0655672163918041,-0.06735093991465806,-0.14242109714373583,-0.08464229423749664,0.022765540306769694,-0.1743051551147503,-0.13883058470764617,-0.1279283435205474,-0.005697151424287856,-0.14330527044170221,-0.16854649598277785,-0.09858147849152347,-0.08058278553031177,-0.17392842040518203,0.017022258101718372,-0.0024064890631607275,0.015238534578864414,0.16168069811248223,0.14044516203436744,-0.04527736131934033,-0.20655057086841194,-0.09370699265751739,0.10950678506900396,-0.04164071810248722,-0.22132779763964172,-0.00841117902587168,-0.1305270441702226,-0.04935993541690693,0.07707684619228847,-0.020743474416637833,-0.15041709914273632,0.05863991081382386,0.1287510091108292,0.08626456002767847,0.07975243147656941,0.02812439933879214,-0.08235113212624456,0.03304501595356168,-0.08412716718563795,0.09288432706723561,0.09772805904739938,,0.13794641140967978,0.38895167800715025,0.03775035559143505,-0.02345750201822166,0.0769307653865375,0.1947949102371891,0.20712720562795525,0.03392150078806751,-0.0452542959289586,0.017967939107369393,0.030976819282666358,0.0848575712143928,-0.18986660515895898,0.05922423403682774,-0.0538961288586476,-0.19773959174259023,0.12571406604390112,0.18190904547726136,0.06228424249413755,0.12094721869834314,-0.03898819820858802,-0.04071041402375735,0.19221927497789568,-0.036420251412755164,-0.13292584476992272,-0.23813477876446393,0.10670818436935378,0.08155153192634453
#18,0.1506631299734748,0.04590781532310768,0.3305270441702226,0.22178910544727637,0.31581901357013803,1.0,-0.01394687271748741,0.17035328489601353,-0.2558797524314766,0.220412870487833,0.23269134663437513,0.40110713873832315,0.41979779341098683,0.31384307846076964,0.08340445162034367,0.13577057625033637,0.019966939607119517,0.09965017491254373,-0.01629185407296352,0.016276477146042363,-0.06127705378080191,0.05454964825279668,0.04327067235612963,0.13237227540076116,-0.03811940183754277,-0.30986045438819054,0.10534732633683158,0.10509360704263253,0.16294929458347748,0.1565524929842771,0.35411525006727407,0.3144658440010764,0.3581055626033137,-0.03907277130665437,-0.12162380348287395,-0.19954638065582594,0.1276900011532695,0.008334294391265906,-0.06142313458655288,-0.01712220812670588,0.0941836773920732,-0.022250413254911006,-0.004420866489832007,0.14631145965478798,0.01631491946334525,0.20330603928804827,0.09487563910352516,0.05114365893976089,0.027501633798485373,0.05796332602929304,0.07236381809095452,0.14529658247799176,0.12443778110944528,0.009787413985315034,-0.14199823165340406,-0.10320993349479107,-0.0251105216622458,0.009533694691115981,0.06157690385576443,0.2028524199438742,-0.1568907853765425,-0.26644370122630995,-0.16168069811248223,0.24166378349286896,0.16875408449621343,-0.27919886210740785,-0.024080267558528427,-0.12888940145311958,0.10429400684273248,0.2643063083842694,0.11475800561257833,0.07221773728520355,0.11453504017222157,0.15609118517664244,-0.07803790412486064,-0.003713527851458886,-0.23839618652212355,-0.12891246684350133,0.2182754776457925,0.1853611655710606,-0.054234421250913004,-0.2716487909891208,,0.08939376465613347,0.3224849113904586,-0.5378849037019952,-0.07619267289432206,-0.06869642102025911,-0.2858801368546496,0.10869180794218275,-0.047483950332526045,-0.30483988774843346,-0.18852112405335794,-0.11155960481297812,-0.08520355207011879,-0.22111252066274556,0.09293814631145965,-0.16897704993657017,-0.10640833429439127,0.04663053088840195,0.14851804866797372,0.08212047822242725,-0.022704032599085072,0.06093107292507592,0.11852535270826126,0.3197247530081113,-0.0693422519509476,-0.2216737784953677,-0.1489639795486872,-0.007742282704801445,-0.002552569868911698
#26,-0.017445123592050128,0.22540268327374774,-0.11094452773613193,0.06957290585476493,-0.1151039864683043,-0.01394687271748741,1.0,0.16999961557682697,0.1694460462076654,0.2162611002191212,0.35721370084188675,-0.013108830200284473,0.34937915657555835,0.27905278130165684,0.17664244800676585,-0.008280475147041864,0.13377926421404682,-0.07198708338138624,0.13101141736823896,0.18726021604582324,0.05629492945834775,-0.21124822204282473,-0.40332910467843003,-0.18004074885634105,-0.27069542152000925,-0.1953407911428901,0.022857801868296623,0.10931457348248952,0.22682504901395456,-0.12301541536923846,-0.08345058240110714,0.04561565371160574,-0.09259985391919424,0.12440702725560297,-0.017829546765079,-9.995002498750625e-05,-0.032714412024756855,0.017245223542075118,-0.2782993118825203,-0.18334678814438934,0.007073386383731211,0.1144965978549187,0.04757621189405297,0.18538423096144235,-0.1084380886479837,0.028701034098335448,0.2224887556221889,0.01584592319225003,-0.20949525237381308,-0.37883366009303043,0.03822704032599085,-0.2670664667666167,-0.05266597470495522,-0.38655287740745015,-0.06487525468035213,-0.14121400838042517,-0.3126974974051436,-0.3947718448468074,-0.06070810748471918,-0.30823818859800867,0.0631530388651828,0.09249990389420674,0.1804328604928305,0.04453158036366432,0.13192634452004767,-0.01838311613424057,0.18334678814438934,0.3457578902856264,0.22292699803944183,0.0611771037558144,0.1879829316111175,0.1713835389997309,-0.03537462038211663,0.037896436397186026,-0.010202591012186214,0.09660554338215507,-0.09583669703609733,-0.029408372736708568,0.22601776035059393,0.019559451043708913,0.044347057240610464,0.3049013954561181,,0.09082381885980087,-0.07086456771614193,-0.04714565794026064,-0.22241187098758314,0.01972090877638104,-0.007949871218237035,-0.22805520316764694,-0.021781416983815784,-0.0321531541921347,-0.15023257601968246,-0.19005881674547342,-0.04115634490447084,0.07009572137008419,-0.2710414023757352,-0.10109560604313228,-0.10401722215815169,-0.03796563256833122,-0.13833083458270864,0.0944912159304963,0.14338984353976858,-0.005973936108868642,0.010740783454426632,0.07769961173259524,0.09821243224541576,0.10864567716141929,-0.4119324952908161,-0.0255872063968016,0.015392303848075961
#49,0.6985507246376812,0.1103448275862069,0.3279129665936263,0.3562065121285511,0.06161534617306731,0.17035328489601353,0.16999961557682697,1.0,-0.44340137623495945,0.4075116288009841,0.392503748125937,0.191904047976012,0.07966785837850306,-0.13210317917964096,0.21317802637142966,0.14199823165340406,0.2786299158113251,0.0130319455656787,0.3785645638719102,0.26797370545496485,0.2674816437934879,-0.04424710721562296,0.07947564679198862,-0.11874062968515742,-0.2907084919078922,0.08277399761657633,-0.028293545534924844,0.10122630992196209,0.015338484603851921,-0.11617268288932457,0.07293276438703725,0.2704955214700342,0.1599507938338523,-0.03745819397993311,0.09080844193287971,0.06180755775958175,0.023849613654711107,-0.1413754661130973,-0.004728405028255103,-0.17940260638911312,-0.14635759043555147,-0.04024141775266213,0.0235113212624457,-0.09059316495598355,-0.1560066120785761,0.01960558182447238,0.10237189097758813,0.01886748933225695,-0.2370814592703648,-0.16347979856225733,0.16534040671971706,0.06732787452427633,0.2060815745973167,0.055656786991119825,0.14091415830546267,0.07572367662322685,-0.30153384846038517,-0.3543689693614731,-0.3390535501480029,-0.2870641602275785,-0.002421865990081882,-0.0164686887325568,-0.10437089147733826,0.11152116249567524,0.20395955868219737,0.07365547995233153,-0.1548533425594895,-0.051812555260831124,0.37388997808787916,0.061546150001922116,0.4062430323299889,0.129773574751086,0.08684119478722177,-0.19757044554645753,0.20311382770153386,0.07702302694806443,0.08827893745434975,0.01560758082497213,-0.08288163610502441,-0.026963441356244955,-0.16822358051743358,-0.24039518702187368,,-0.015784415484565408,-0.1382078191673394,0.07693845384999808,-0.22168915542228887,-0.19643255295429207,-0.07093376388728713,-0.21981317033790798,0.0623688155922039,-0.1796255718294699,-0.243755045554146,-0.3517856456387191,-0.24000307538538423,-0.014323607427055704,0.14903317571983238,0.1395379233460193,0.17085303502095106,0.3006804290162611,0.12686733556298774,-0.12815899742436473,0.1212624457002268,-0.23268365817091455,0.08413485564909853,0.004812978126321455,0.09892745934724945,-0.07653865375004805,-0.04383961865221236,-0.22115096298004844,-0.22877023026948065
#50,-0.45605658709106983,0.2150001922115865,-0.1718602237342867,-0.03703532848960135,-0.05924729942720947,-0.2558797524314766,0.1694460462076654,-0.44340137623495945,1.0,-0.07842232729788952,-0.05581824472379195,-0.17913351016799292,-0.10610848421942874,0.17536616307231,-0.18187829162341906,-0.2366124629992696,0.029100834198285474,0.12649060085341945,-0.25115903586668203,-0.15053242609464498,-0.12178526121554607,-0.15605274285933957,-0.08581094068350441,-0.03237611963249145,0.27770730019605583,-0.05578749086994964,-0.0075577595817475874,-0.03355245454195979,-0.11791796409487564,-0.040610463998769844,-0.05251220543574367,0.0035751355091684926,-0.022281167108753316,0.010248721792949679,0.02860877253680852,0.020597393610886864,-0.10320993349479107,0.10883788874793372,0.017045323492100105,-0.03741975166263022,0.11862530273324876,-0.030108022911621114,0.041410064198669896,-0.08623380617383616,0.08755622188905547,-0.07057240610463998,0.02934686502902395,-0.1413062699419521,0.012993503248375811,-0.10248721792949679,-0.19255756737016108,-0.24339368777149886,-0.07011109829700535,-0.2181063314496598,0.026702033598585324,-0.03747357090685426,-0.005750970668511898,-0.011002191212086265,0.28522661746050054,0.046007765348095184,-0.045738669126974975,0.04244800676584785,0.18474608849421442,-0.38816745473417136,-0.024287856071964018,-0.15452273863068466,0.25188175143197633,-0.08518048667973706,-0.10555491485026718,-0.10332526044669972,-0.04466228424249414,0.1275977395917426,-0.0156844654595779,0.18022527197939492,-0.009287663860377503,0.04697651174412794,-0.03459808557259832,-0.030100334448160536,-0.004859108907084919,-0.13124207127205628,-0.0033444816053511705,0.29432975819782414,,0.012055510706185369,0.01886748933225695,0.06765078998962057,0.14530427094145235,0.115819013570138,0.09187713835389998,-0.08042132779763964,-0.04788375043247607,0.20294468150540115,0.025387306346826587,0.22661746050051898,0.3465190481682236,0.28412716718563796,-0.11914042978510744,0.06101564602314227,0.06931918656056588,-0.0705339637873371,0.051843309114673435,-0.014385115134740322,-0.016845423442125092,0.27714604236343365,-0.05009033944566178,0.11580363664321686,0.014961749894283628,-0.06339906969592127,-0.04248644908315073,0.2915157805712528,0.21407757659631724
#51,0.48434244416253414,0.43541306269941954,0.530319455656787,0.5243839618652212,0.0002614077576596317,0.220412870487833,0.2162611002191212,0.4075116288009841,-0.07842232729788952,1.0,0.33655479952331524,-0.022511821012570637,0.2367816091954023,0.052604466997270595,0.04792988121323953,0.25809402990812286,0.4040902625610272,0.22202744781455427,0.20526659747049553,0.3346096182677892,-0.004067197170645446,-0.07523930342521047,-0.09031638027140276,-0.261184792219275,-0.4136854649598278,-0.12413024257102218,0.14801061007957558,0.28914004536193444,0.1471187483181486,-0.08987813785414984,0.16321070234113713,0.28854803367546994,0.32072425325798637,-0.11378925921654558,-0.0860492830507823,-0.10374043747357091,-0.2282089724368585,-0.31611117518163995,-0.31159035866682044,-0.1770345596432553,-0.11393534002229655,-0.08871717987160266,0.005097451274362818,0.10297159112751317,-0.017199092761311652,0.07417060700419022,0.3305270441702226,0.20416714719563295,-0.06844270172606004,-0.21849844308614924,0.27568523430592395,0.07382462614846423,0.23030023449813555,-0.024795294660362125,-0.21992849728981664,-0.31427363241456197,-0.2686964210202591,-0.3632183908045977,-0.2724560796524815,-0.274793372544497,-0.016045823242225043,-0.20612001691461962,-0.20559720139930035,0.17655018644523893,0.47219467189482184,0.15030177219082766,-0.14165993926113865,-0.07350939914658056,0.23614346672817438,-0.021819859301118672,0.26254565025179716,0.10207204090262562,-0.17617345173567062,-0.02250413254911006,-0.29793564756083496,-0.3494791066005459,-0.09112366893476338,-0.049136969976550184,0.005643332180063815,-0.015945873217237536,-0.08071348940914158,-0.19171952485295812,,-0.12836658593780034,-0.10887633106523661,-0.07926036981509245,-0.12985814784915234,0.0203129204628455,-0.20161457732672125,-0.13046553646253797,-0.16048129781263215,-0.17893361011801792,-0.20550493983777343,-0.2928381962864722,-0.279414139084304,0.14496597854918694,-0.006304540037673471,0.11630338676815438,0.20239880059970014,0.11182870103409834,0.23140737323645869,0.08238188598008687,0.1839003575135509,0.08691807942182755,0.3219928497289817,0.29233075769807404,0.25088993964556183,-0.05123592050128782,-0.234021450813055,-0.27879137354399725,-0.28120555107061856
#52,0.3094452773613193,0.22793987621573827,0.314927151808711,0.2438549955791335,0.0023911121362395725,0.23269134663437513,0.35721370084188675,0.392503748125937,-0.05581824472379195,0.33655479952331524,1.0,-0.019313420212970438,0.11594202898550725,-0.007519317264444701,0.37765732518356204,0.2744550801522316,0.2277245992388421,0.08158228578018684,0.22650213354861032,0.2798216276477146,0.3892515280821128,0.28218967439357245,-0.07160266020835736,0.09970399415676777,-0.03492868950140315,0.11823319109675931,-0.1098297005343482,-0.05024410871487333,0.05827855303117672,-0.09945027486256872,0.15632952754392035,0.12975819782416484,0.08437319801637642,0.1864221735286203,0.08301233998385422,0.08575712143928035,0.12100103794256718,0.24919078922077423,0.17551224387806097,0.13972244646907317,-0.2348441164033368,0.01934417406681275,0.09785876292622919,0.10583938799830854,-0.10109560604313228,0.1702225810171837,-0.030992196209587514,-0.04629223849613655,-0.26878099411832546,-0.09043939568677199,-0.024433936877714987,0.027470879944643062,0.0776765463422135,0.27902202744781457,0.23782724022604082,0.22998500749625186,-0.39793949179256527,-0.11894052973513243,-0.326844270172606,-0.1555606811978626,-0.01765271210548572,-0.049605966247645406,0.07695383077691924,0.04428554953292584,0.08544958290085726,-0.07184869103909583,0.050259485641794485,0.015907430899934648,0.3751047553146504,0.08159766270710798,0.3988005997001499,0.16175758274708799,0.26875792872794374,0.16544804520816514,0.05261984392419175,0.10924537731134433,-0.05496482527966786,-0.10302541037173721,-0.06617460500518971,0.1289585976242648,-0.24540037673470957,-0.11208242032829739,,0.023549763579748587,0.08307384769153885,-0.24287856071964017,-0.4203129204628455,-0.03580517433590897,-0.1436512512974282,-0.1015338484603852,-0.10101872140852651,-0.45261984392419174,-0.34818744473916885,-0.4160227578518433,-0.3399684772998116,0.030992196209587514,-0.007773036558643755,-0.05054395878983585,0.14455080152231575,0.2451159035866682,0.2134471225925499,-0.11234382808595703,0.22940837273670858,-0.14629608272786684,0.08373505554914851,0.12661361626878867,0.22339599431053703,-0.014231345865528775,-0.19801637642717104,-0.2226963441356245,-0.10847653096528659
#53,0.004320916464844501,-0.2126859647099527,-0.10568561872909699,0.08021373928420406,0.2827201783723523,0.40110713873832315,-0.013108830200284473,0.191904047976012,-0.17913351016799292,-0.022511821012570637,-0.019313420212970438,1.0,0.4732249259985392,0.24987506246876562,0.09328412716718563,-0.11402760158382347,0.017729596740091492,-0.2829892745934725,-0.16738553800023065,-0.17171414292853573,0.01664552339215008,-0.23346788144389344,-0.04725329642870872,-0.2093184177142198,-0.006965747895283128,-0.11893284127167186,0.13247222542574866,-0.0033444816053511705,0.02073578595317726,0.05081305501095606,0.17024564640756545,0.2334448160535117,0.19310344827586207,-0.11608042132779764,-0.07364010302541037,-0.10088801752969669,0.11127513166493676,0.04589243839618652,-0.12725944719947718,-0.07949871218237035,0.15677545842463383,0.005397301349325337,0.07253296428708722,0.2098950524737631,0.08894783377541998,0.04557721139430285,0.0988428862491831,0.07826855802867796,-0.008964748395033252,-0.017053011955560683,0.1253834621150963,0.0019913120362895476,0.07035712912774382,-0.23281436204974437,-0.015000192211586515,-0.008987813785414986,-0.06200745780955676,0.0262330373274901,0.16667051089839696,0.16800830354053742,-0.23356014300542036,-0.17857225233537077,-0.10801522315765194,0.1878214738784454,0.14860262176604006,-0.2600238342367278,-0.0033598585322723255,-0.08306615922807827,-0.00621996693960712,0.09794333602429554,-0.0438934378964364,0.11678775996617076,-0.026140775765963173,-0.07583900357513551,0.13898435397685774,0.19797793410986814,-0.2094644985199708,-0.11370468611847923,-0.08797139891592665,-0.14767231768731018,0.12384576942298081,0.19569446046207664,,0.3021719909276131,0.28933994541190944,-0.2583246838119402,-0.10363279898512283,0.045730980663514394,-0.012878176296467151,-0.025564141006419867,0.16115019413370238,-0.10413254911006035,0.1364394725714066,0.024111021412370738,0.03228385807096452,-0.3452273863068466,0.12644447007265597,-0.10734632683658171,-0.040233729289201554,0.26140006919617115,-0.07142582554876407,0.09692845884749933,-0.13299504094106793,-0.10499365701764503,-0.2937608119017414,0.0017683465959328027,-0.2618613770038058,-0.3316188059816246,-0.08500365202014377,-0.002452619843924192,0.12534501979779342
#54,-0.014669588282781686,0.27204859108907087,-0.05269672855879753,0.1339560988736401,0.1275208549571368,0.41979779341098683,0.34937915657555835,0.07966785837850306,-0.10610848421942874,0.2367816091954023,0.11594202898550725,0.4732249259985392,1.0,0.42652519893899205,0.11239764733018107,-0.17299042786299157,-0.008341982854726484,-0.049060085341944414,0.22243493637796485,0.01637642717102987,0.05514165993926114,-0.47561603813477876,-0.2025525698689117,-0.3388536500980279,-0.3765501864452389,-0.49004728405028253,0.36299542536424095,0.32551416599392613,0.0951678007150271,0.14019144274016837,0.18473840003075384,0.026002383423672778,0.2334140621996694,-0.1381770653134971,-0.012124706877330565,-0.2596394110636989,0.02736324145619498,-0.0918694498904394,-0.3194556567869911,-0.27081843693537844,0.1596125014415869,0.12003998000999501,-0.024864490831507324,0.3542536424095645,0.00808057509706685,0.14136777764963673,0.35459962326529043,0.2757851843309115,0.1699611732595241,-0.09725906277630415,0.2912851266674355,-0.0008534194441240918,0.12924307077230615,-0.29953484796063506,-0.20393649329181562,-0.3576288778687579,-0.19155037865682542,-0.31232845115903585,0.07359397224464691,-0.04531580363664322,-0.3868681044093338,-0.266005458809057,-0.0007073386383731211,0.1226924999038942,0.34466612847422445,-0.08967054934071426,-0.07916810825356553,-0.1421212470687733,0.03342943912659055,0.10343289893514782,0.20803444431630339,0.22761696075039403,-0.06710490908391958,0.2386191519624803,-0.1291892515280821,0.06928843270672357,-0.43464421635336176,-0.2045515703686618,0.18479990773843846,-0.19090454772613694,0.0743781955176258,0.056748548802521816,,0.22341905970091877,0.20100718871333564,-0.4857878752931227,-0.29878906700495905,-0.13090377887979088,0.04289393764656133,0.004574635759043555,-0.03477492023219159,-0.3433667781493868,0.039987698458463075,-0.266351439664783,-0.1150424787606197,-0.16148848652596778,-0.050528581862914694,-0.2637527390151078,-0.09249221543074616,0.20465152039364934,0.036235728289701306,0.315965094375889,-0.14826432937377465,-0.01752969669011648,-0.13262599469496023,0.137523545919348,-0.023380617383615885,-0.3910506285318879,-0.26366816591704145,-0.21515396148079807,-0.06266866566716642
#58,-0.14340522046668974,0.10119555606811978,-0.21892899703994156,0.1686310690808442,-0.0017068388882481836,0.31384307846076964,0.27905278130165684,-0.13210317917964096,0.17536616307231,0.052604466997270595,-0.007519317264444701,0.24987506246876562,0.42652519893899205,1.0,0.05000576634759543,-0.2926844270172606,-0.0465459577903356,-0.12828970130319456,0.014315918963595126,-0.11737977165263522,0.011540383654326683,-0.28727174874101413,0.049206166147695386,-0.10939914658055587,-0.1939107369392227,-0.2533579364164072,0.20522815515319262,0.19271133663937262,0.06482912389958867,0.34360512051666475,0.06987275592972744,0.17585053627032637,0.1912197747280206,0.02607926805827855,0.19003575135509168,0.14693422519509475,0.36691654172913546,0.21498481528466537,-0.2772690577788029,-0.2287471648790989,0.15343097681928267,0.08212047822242725,-0.109560604313228,0.12795909737438974,-0.16319532541421597,-0.12142390343289894,0.10763848844808364,-0.11356629377618883,-0.04531580363664322,-0.33091146734325144,-0.04393188021373928,-0.23257601968246647,-0.1901664552339215,-0.26061584592319226,0.057017645023642025,-0.2114711874831815,0.028508822511821012,-0.12938915157805714,0.10188751777957175,-0.21145581055626034,0.024464690731557298,-0.0761849844308615,0.4018144773766963,0.18518433091146735,0.2398416176527121,-0.18377734209818167,0.4546572867412448,0.317656556337216,0.19324184061815247,0.09383000807288663,0.045815553761580745,0.10181832160842656,0.09881213239534078,0.0016760850344058739,0.2218813670088033,0.21287048783300658,-0.06624380117633491,0.036420251412755164,0.1696843885749433,0.09834313612424557,0.09522930842271173,-0.06283781186329912,,0.05972398416176527,0.22744012609080075,-0.4498827509322262,-0.2326298389266905,0.034567331718756006,-0.08338138622996194,0.025594894860262177,-0.2109945027486257,-0.13777726521354708,-0.1852689040095337,-0.04040287548533426,-0.0871410448621843,-0.3576519432591397,-0.07359397224464691,-0.46339906969592126,-0.27406296851574213,0.008103640487448584,-0.003544381655326183,0.09773574751085995,0.02497212931995541,0.16949986545188944,-0.03870372506054665,0.23711990158766771,-0.18812132395340792,-0.070772306154615,-0.4365278899012032,0.03626648214354361,-0.024826048514204436
#101,0.15882058970514742,0.02365740206819667,-0.049798177834159844,0.07157190635451505,0.03550532426094645,0.08340445162034367,0.17664244800676585,0.21317802637142966,-0.18187829162341906,0.04792988121323953,0.37765732518356204,0.09328412716718563,0.11239764733018107,0.05000576634759543,1.0,0.4625687156421789,-0.16364125629492945,-0.17498173989928112,0.1142890093414831,0.21016414869488334,0.4181293968400415,0.2148079806250721,0.26253027332487605,0.15847460884942144,0.001791411986314535,0.18828278168608004,-0.4083727367085688,-0.27654634221350866,0.07830700034598086,0.17040710414023758,-0.03942644062584093,-0.13557067620036137,-0.10296390266405259,0.14285165109752815,0.29019336485603353,0.22781686080036906,0.48185138200130706,0.35030946065428825,0.12338446161534618,0.10113404836043517,-0.013962249644408564,0.0984353976857725,0.24722254257486642,0.3743205320416715,-0.3722062045900127,0.02963902664052589,-0.31530388651827934,-0.3499481028716411,-0.5473801560758083,-0.31475800561257833,-0.2735632183908046,-0.2755160881097913,-0.21865990081882136,0.13401760658132472,0.38470764617691156,0.4747549302271941,-0.27028793295659864,-0.052035520701187866,-0.36881559220389803,-0.3435897435897436,0.01632260792680583,-0.20567408603390613,0.41892130857648097,0.32344596932303077,-0.31662630223349864,-0.315419213470188,0.38426171529619807,0.21128666436012764,0.6632453004267097,0.30855341559989236,0.4044285549532926,0.05784799907738439,0.4031215161649944,0.11575750586245338,0.34803367546995734,0.23136124245569523,0.23568215892053973,-0.008034444316303386,0.08840195286971898,0.38446161534617307,0.044977511244377814,-0.015523007726905777,,0.165632568331219,0.3272825125898589,-0.3601276284934456,-0.2856648598777534,-0.042332679813939185,0.05063622035136278,-0.03738130934532734,0.01817552762080498,-0.37382078191673396,-0.3435051704916772,-0.31012955060931074,-0.33251835620651216,-0.21110214123707377,0.1438203974935609,-0.2672663668165917,-0.12246953446353746,-0.08293545534924845,-0.15578364663821936,-0.36856956137315955,-0.1831930188751778,-0.17238303924960596,-0.00396724714565794,-0.11251297428208973,0.05211240533579364,0.011255910506285318,-0.06894245185099758,-0.22692499903894206,-0.15044016453311806
#102,0.3048321992849729,-0.04994425863991082,0.4302694806442932,0.0400492061661477,-0.07773036558643755,0.13577057625033637,-0.008280475147041864,0.14199823165340406,-0.2366124629992696,0.25809402990812286,0.2744550801522316,-0.11402760158382347,-0.17299042786299157,-0.2926844270172606,0.4625687156421789,1.0,0.018544573866912696,0.03156114250567024,-0.10512436089647484,0.369307653865375,0.026110021912120862,0.6089109291508092,0.0999654019144274,0.21459270364817593,-0.13228001383923424,0.34904855264675355,-0.32243109214623455,-0.2496751624187906,0.043255295429208473,-0.11698766001614577,-0.007411678775996617,-0.09812017068388883,-0.026778918233191097,-0.00601237842617153,-0.14302848575712143,-0.17142966978049437,-0.11944027986006997,0.06504440087648483,0.06644370122630992,0.329573674701111,-0.07312497597355169,-0.11448122092799753,0.21587667704609234,0.16491754122938532,0.020089955022488757,0.2333371775650636,-0.22929304578479992,0.013039634029139276,-0.25548764079498715,0.22676354130626994,0.020881866758928228,0.19042017452812054,0.12434551954791835,0.3801022565640257,0.20039211163648946,0.3294429708222812,-0.19378772152385346,0.2183062314996348,-0.28055972013993,0.01172490677738054,-0.017522008226655904,-0.2734863337561988,-0.23918040979510244,0.11094452773613193,-0.29858147849152344,-0.1288202052819744,-0.0600545880905701,0.11352785145888594,0.2921154807211779,0.10778456925383462,0.10769999615576827,-0.19672471456579402,0.028170530119555608,0.03491331257448199,-0.19926190750778458,-0.24200207588513437,0.023173028870180294,-0.0879560219890055,-0.048521892899703996,0.4037904124860647,0.07347864529273825,-0.1959481797562757,,-0.05136662438011763,0.0032675969707453966,-0.0697189866605159,0.11700303694306693,0.12622150463229923,-0.015046322992349979,-0.037296736247260986,-0.1632183908045977,-0.2126936531734133,-0.36528658747549303,-0.13876138853650097,-0.26965747895283126,0.00423634336677815,0.16620920309076231,0.03304501595356168,-0.017129896590166456,-0.23985699457963325,0.060777303655864374,-0.37865682543343715,-0.1495790566255334,-0.15820551262830124,0.13271825625648714,-0.11031407373236458,0.06651289739745511,-0.0235113212624457,0.11901741436973821,-0.13899973090377887,-0.11923269134663438
#201,0.32134701879829314,0.1638642217352862,0.33833083458270863,0.3305885518779072,0.041486948833275666,0.019966939607119517,0.13377926421404682,0.2786299158113251,0.029100834198285474,0.4040902625610272,0.2277245992388421,0.017729596740091492,-0.008341982854726484,-0.0465459577903356,-0.16364125629492945,0.018544573866912696,1.0,0.3067466266866567,0.12470687733056549,0.11045246607465498,0.0772383039249606,-0.20220658901318572,-0.02570253334871026,-0.3061853688540345,-0.05584131011417368,-0.10550109560604314,0.27928343520547416,0.466697420520509,0.11818706031599585,-0.29316880021527697,0.3076461769115442,0.28052127782262715,0.3121208626456003,-0.19800099950024988,-0.08351977857225233,-0.19845461884442395,-0.23099988467304808,-0.3774958674508899,-0.13873832314611925,-0.16003536693191867,-0.041486948833275666,-0.16098104793756968,-0.10560104563103064,-0.2316457156037366,0.011032945065928574,-0.007411678775996617,0.4492753623188406,0.4339830084957521,0.1240918002537193,-0.0960212201591512,0.4077269057778803,0.3448967823780417,0.40831891746434473,0.16652443009264598,-0.05016722408026756,-0.1529081613039634,-0.16557874908699496,-0.33971475800561257,-0.2599546380655826,-0.20345980855725984,-0.042032829738976665,-0.04758390035751355,-0.29485257371314344,-0.08334294391265905,0.4934917156806212,0.28950140314458156,-0.2908084419328797,-0.2073194172144697,0.019144274016837735,-0.16890785376542497,0.1332718256256487,0.12217737285203552,-0.1778572252335371,-0.20898781378541498,-0.24781455426133087,-0.17612732095490716,-0.23506708184369354,-0.04706108484219429,-0.0672663668165917,-0.19859301118671432,-0.1951024487756122,-0.0972129319955407,,-0.21041786798908238,-0.27809172336908466,0.10683119978472302,-0.2057432822050513,0.04254795679083535,-0.012624457002268098,-0.2787068004459309,-0.36411794102948525,-0.10140314458155537,-0.18627609272286932,-0.24332449160035366,-0.23761196324914466,0.3281589974243647,-0.08556490985276592,0.24738400030753854,0.24295544535424596,0.26839657094529656,0.4183292968900165,0.3209625956252643,0.30522431092146235,0.15445354245953946,0.32729788951678007,0.2587936800830354,0.16816976127320954,-0.21328566485987777,-0.12714412024756852,-0.25282743243762734,-0.14079114289009342
