,#10,#11,#12,#13,#17,#18,#26,#49,#50,#51,#52,#53,#54,#58,#101,#102,#201,#202,#301,#302,#401,#402,#501,#502,#601,#602,#701,#702,#801,#802,#901,#902,#1001,#1002,#1101,#1102,#1201,#1202,#1301,#1302,#1401,#1402,#1501,#1502,#1601,#1602,#1701,#1702,#1801,#1802,#1901,#1902,#2001,#2002,#2101,#2102,#2201,#2202,#2301,#2302,#2401,#2402,#2501,#2502,#2601,#2602,#2701,#2702,#2801,#2802,#2901,#2902,#3001,#3002,#3101,#3102,#3201,#3202,#3301,#3302,#3401,#3402,#3455,#3501,#3502,#3601,#3602,#3701,#3702,#3801,#3802,#3901,#3902,#4001,#4002,#4101,#4102,#4201,#4202,#4301,#4302,#4401,#4402,#4501,#4502,#4601,#4602,#4701,#4702,#4801,#4802
#10,1.0,0.35183177641948254,0.5479183485180487,0.33893822319609423,-0.02773997616576327,0.24061815246223042,0.1820013070387883,0.7901972090877638,-0.05493407142582555,0.41836005074385885,0.34809518317764193,0.08543420597393611,0.32747472417637336,-0.040618152462230425,0.13476338753700073,0.22352669818936685,0.50905316572483,0.4027217160650444,0.17987929112366893,0.13151885595663707,0.12216199592511437,0.140252950447853,0.042793987621573826,0.30164917541229386,0.10377887979087379,-0.27892207742282704,0.29568292776688576,0.1753969169261523,0.07181024872179295,-0.20362126628993196,0.30927613116518665,-0.20515895898204745,0.24129473724676123,-0.17953331026794295,-0.3536539422596394,-0.18464613846922692,-0.28827893745434974,-0.3263829623649714,0.04760696574789528,0.12621381616883864,-0.15486103102295007,0.03918809825856302,-0.18588398108637988,-0.0477376696267251,-0.20575865913197247,-0.1657094529658248,0.12014761849844309,-0.19097374389728214,0.1465805558759082,0.003944181755276208,0.2681428516510975,0.2814823357551993,0.3917656556337216,0.2917618114019913,0.05265059777803406,0.009256910006535194,-0.2966670510898397,-0.3392688271248991,-0.38690654672663666,-0.2935609118517664,-0.4148848652596778,-0.5534232883558221,-0.05481105601045631,-0.14462768615692154,0.33651635720601236,0.2447776111944028,0.14212893553223388,-0.23619728597239842,0.12762080498212433,-0.0012685964709952715,0.40243724291700306,0.0069965017491254375,0.37538153999923113,0.11634951754891786,0.0949294583477492,-0.1770345596432553,-0.32735939722446467,-0.4999038942067428,0.2240572021681467,0.08898627609272287,0.21256294929458347,0.10953753892284628,0.18313151116749318,0.03986468304309384,-0.088055972013993,-0.3208933994541191,-0.48427324799138893,0.16000461307807634,0.1877830315611425,-0.07583131511167493,0.02082035905124361,-0.21113289509091607,-0.2039134279014339,-0.4050666974205205,-0.3540921846768923,0.1464421635336178,-0.11644946757390535,0.49463729673624723,0.3539922346519048,0.3759812401491562,0.43013108830200286,0.3770960673509399,0.041617652712105484,0.3902740937223696,0.322077422827048,0.4739322646369123,0.10138776765463423,-0.47302502594856416,-0.3313343328335832,-0.5487717679621728,-0.537577365163572
#11,0.35183177641948254,1.0,0.38097105293507094,0.30578556875408447,0.3265597970245646,0.34519663245300425,0.08219736285703302,0.41525391150578556,0.4072194671894822,0.4837427440126091,0.26365278899012035,-0.05193557067620036,0.10863030023449814,-0.17173720831891748,0.27609272286933456,0.464513896897705,0.18660669665167418,0.2556952293084227,0.19464882943143813,0.09591358167070312,0.10071887133356398,0.41082535655249297,-0.015184715334640372,0.09098527659247299,0.07886056971514242,-0.17820320608926307,0.11421212470687733,-0.15674470457079154,0.06290700803444432,0.0015146273017337486,0.20397493560911853,-0.05299657863376004,0.3616576327221005,-0.05074385883981086,0.004597701149425287,-0.0060892630607773035,-0.1675085534155999,-0.1388920924153308,-0.08466535962787837,-0.09429900434398185,-0.0618229346865029,0.10760004613078077,-0.09881213239534078,0.13873832314611925,-0.28184369353784644,-0.1771037558144005,-0.08918617614269789,-0.20671971706454464,-0.019205781724522353,0.0008380425172029369,0.11899434897935647,0.15389228462691731,-0.008218967439357244,0.19902356514050668,0.06898858263176104,0.31780263714296697,-0.41039480259870065,-0.18633760043055395,-0.4231115211624957,-0.3626033137277515,-0.5273363318340829,-0.4281551531926345,-0.28039057394379735,-0.07370161073309499,0.21392380732710567,0.2904778380040749,0.028016760850344057,0.060100718871333565,0.3600584323223004,0.19215007880675047,0.2465152039364933,0.03682005151270518,0.2870718486910391,0.15342328835582209,-0.011471187483181487,-0.08750240264483143,-0.43412908930150307,-0.46299926959597126,0.07440894937146811,0.12196209587513936,0.17726521354707261,-0.1041171721831392,0.046745857840310615,0.12675200861107908,0.0024295544535424597,-0.41570753084995965,-0.47466266866566714,0.07541613808480375,0.07931418905931649,-0.06487525468035213,0.10558566870410949,-0.2367201014877177,-0.19090454772613694,-0.45987006496751626,-0.4582170453234921,0.1940106869642102,0.053042709414523506,0.3551993234152155,-0.10637758044054896,0.19554837965632568,0.13005035943566678,0.27214854111405834,0.12991196709337638,0.3155883596663207,0.2342290393264906,0.30236420251412754,0.16883096913081921,-0.4961673009649022,-0.3811094452773613,-0.5398608388113636,-0.5635489947334025
#12,0.5479183485180487,0.38097105293507094,1.0,0.6688425018260101,0.005428055203167647,0.459201168646446,0.12074731864836813,0.49388382731711067,-0.005243532080113789,0.5665474954830277,0.459946949602122,0.05491100603544382,0.3094375888978588,-0.049390689270749244,0.07908353515549918,0.1659093530157998,0.4367892976588629,0.752423788105947,0.22437242917003036,0.02437242917003037,0.019651712605235842,0.012339983854226733,-0.04583861915196248,0.3311344327836082,0.07397839541767577,-0.1874062968515742,0.379587129512167,0.15646791988621075,0.026663591281282435,0.12123938030984507,0.5306961903663553,-0.0020912620612770537,0.5224849113904586,0.10291777188328913,-0.29981932110867643,-0.011217468188982432,-0.3972244646907316,-0.28355822088955523,0.09653634721100988,0.26493676238803676,-0.1687694614231346,0.18494598854418945,-0.0970053434821051,0.06350670818436935,-0.42495675239303426,-0.140798831353554,0.1018029446815054,0.049498327759197325,0.1550224887556222,0.43016953061930574,0.5465344250951447,0.4606004689962711,0.5312343828085957,0.5124207127205628,0.05631799484872948,0.25184330911467345,-0.5012878176296467,-0.3666320685810941,-0.5300426709722063,-0.33372544496982276,-0.574366662822435,-0.6131011417368238,-0.3203321416214969,-0.15636796986122323,0.4611540383654327,0.29008572636758545,0.222796294160612,-0.05185099757813401,0.14594241340868028,0.12502210433244915,0.6017222158151694,0.10438626840425941,0.038872871256679355,0.11741821396993811,-0.14945604121016415,-0.1497789566755084,-0.6146618998193211,-0.636297235997386,0.10079575596816977,0.3294199054318994,0.29067004959058934,-0.007396301849075462,0.15124745319647867,0.3385538000230654,-0.13287971398915926,-0.4270480144543113,-0.5216853111905586,0.2033675469957329,0.21699919271133664,-0.09780494368200515,0.18742167377849536,-0.16698573790028062,-0.2233037327490101,-0.5984161765271211,-0.5423365240456695,0.25311959404912926,0.07480106100795755,0.6705954714950217,0.3915350017299043,0.6128243570522431,0.6769076999961557,0.5923499788567255,0.30951447353246453,0.6242494137546611,0.39737054549648254,0.7036789297658863,0.3177411294352824,-0.5489562910852266,-0.3706531349709761,-0.6727021104832199,-0.7084995963556683
#13,0.33893822319609423,0.30578556875408447,0.6688425018260101,1.0,0.1776111944027986,0.43717372083189177,0.21819090454772613,0.3441971322031292,-0.07926805827855303,0.6225041325491101,0.48531119055856686,0.09223080767308653,0.4538269326875024,0.0398416176527121,0.046807365547995236,0.30394033752354593,0.24051051397378234,0.49995771345096685,0.19362626379118134,0.044808365048245105,-0.1274977895667551,0.04063352938915158,-0.1428670280244493,0.1960481297812632,-0.1506631299734748,-0.15888978587629263,0.11455041709914274,-0.08111328950909161,-0.0006842732479913889,0.18579171952485296,0.4486064659977703,-0.06458309306885018,0.43106908084419326,-0.04604620766539807,-0.27534694191365855,0.0986045438819052,-0.29150040364433166,-0.2927536231884058,-0.12154691884826817,-0.030892246184600007,-0.025225848614154462,0.099081228616461,0.19416445623342174,0.026602083573597817,-0.18646830430938377,-0.025648714104486218,0.028139776265713297,-0.24839118902087418,-0.0055895129358397725,0.24592319225002884,0.4209971937108369,0.39088917079921576,0.17868757928727944,0.293222619459501,-0.23750432476069658,0.07008034444316304,-0.3484104101795256,-0.15662937761888288,-0.33730826894245186,-0.24792988121323953,-0.5189328412716718,-0.5027255602967747,-0.08328143620497444,-0.04207127205627955,0.3051243608964748,0.19131203628954754,0.2427632337677315,0.07157190635451505,0.12584476992273094,0.10053434821051013,0.35203936493291815,0.038949755891285125,-0.009356860031522701,0.09976550186445239,-0.14067581593818476,-0.3002652519893899,-0.5370853035020952,-0.5058624533886903,0.15305424210971438,0.4557182946988044,0.2480836504824511,0.02333448660285242,0.10303309883519779,0.35129358397724214,0.030753853842309616,-0.41669934263637415,-0.46259178103256066,-0.06843501326259947,-0.021550763079998463,0.11668012147772268,0.21058701418521508,0.038603775035559146,-0.12294621919809326,-0.41703763502863955,-0.24465459577903356,0.11732595240841118,0.035543766578249335,0.3511782570253335,0.20246030830738476,0.34236727789951177,0.374474301310883,0.46682043593587824,0.22071272056279553,0.4085034405873986,0.2607619267289432,0.5147426286856571,0.28704878330065736,-0.5089839695536847,-0.4585476492522969,-0.5151039864683044,-0.5198631453504017
#17,-0.02773997616576327,0.3265597970245646,0.005428055203167647,0.1776111944027986,1.0,0.19978472302310382,0.0411025256602468,0.0470226425248914,0.14169838157844156,0.24480067658478452,0.08998577634259793,0.2548187444739169,0.19415676776996119,-0.12090877638104025,0.11421212470687733,0.09975012493753123,0.13920731941721448,0.07648483450582401,-0.09608272786683582,-0.03975704455464575,-0.1481182485680237,0.08255103217621958,-0.1360934917156806,0.014838734478914388,-0.030515511475031714,-0.1129665936262638,-0.09732825894744936,-0.29042401875985085,0.39311113673932263,0.21842924691500404,0.35717525852458387,0.14002229654403567,0.41311651866374505,0.014262099719371084,0.19029715911275133,0.0732941221696844,0.14226732787452429,-0.0713873832314612,-0.05841694537346711,-0.2442009764348595,0.2980355975858225,0.06411409679775497,0.18409256910006536,0.22601007188713335,0.09740514358205513,0.12918156306462153,0.21325491100603544,-0.08007534694191366,0.03455964325529543,-0.11236689347633876,-0.04394725714066044,-0.18613770038057895,-0.11829469880444393,-0.11847153346403722,-0.12709030100334448,-0.03204551570368662,-0.27064929073924576,-0.016353361780648137,0.08973974551185945,-0.01768346595932803,-0.2824664590781532,-0.1834698035597586,-0.012193903048475762,0.09419905431899435,-0.0987044939068927,-0.00139161188636451,0.15177795717525852,0.09767423980317534,-0.05078998962057433,-0.016122707876830816,-0.08338138622996194,-0.19927728443470571,-0.016737784953677007,0.149240764233268,-0.27487794564256335,-0.1533925345019798,-0.28318148617998695,-0.2562795525314266,0.2449083150732326,0.21297812632145466,-0.09637488947833775,-0.05567216391804098,0.062130473224926,0.17074539653250298,0.2269480644293238,-0.2642909314573482,-0.2024910621612271,-0.04638450005766347,-0.026302233498635297,0.28423480567408604,0.13560143005420366,-0.04255564525429593,0.03705839387998309,-0.17069926575173952,-0.1252835120901088,0.05481105601045631,-0.2869334563487487,0.11384307846076962,-0.14119863145350403,0.17618882866259178,-0.1566140006919617,0.3446507515473033,0.2429400684273248,0.128481912889709,0.1483181486179987,0.1032329988851728,0.2947603121516165,-0.2635220851112905,-0.04220197593510937,-0.1595433052704417,-0.12702110483219928
#18,0.24061815246223042,0.34519663245300425,0.459201168646446,0.43717372083189177,0.19978472302310382,1.0,0.01625341175566063,0.2342674816437935,0.06340675815938185,0.5335639872371507,0.4887633106523661,0.38454618844423943,0.38935916657056086,0.07742282704801445,0.2335140122246569,0.16640141467727676,0.2364433168031369,0.29994233652404567,-0.10711567293276439,-0.1541690693114981,-0.10874562718640679,-0.0803982624072579,-0.10254872563718141,-0.014661899819321108,-0.12903548225887057,-0.4440010763848845,-0.11622650213354861,-0.3969092376888479,0.2868335063237612,0.39933110367892977,0.36453311805635646,-0.017360550493983776,0.42877023026948063,-0.08954753392534502,-0.08930150309460655,0.0006688963210702341,-0.08727943720447469,-0.14708799446430632,-0.17674239803175334,-0.1872063968015992,0.13231845615653712,0.26266097720370585,0.10613923807327105,0.0833275669857379,-0.10950678506900396,-0.05965478799062007,-0.11260523584361665,-0.24914465844001077,-0.2239880059970015,-0.029569830469380696,0.1936723945719448,0.1809402990812286,0.04177911044477761,0.06912697497405143,-0.312689808941683,0.15606811978626073,-0.42421097143735825,-0.24230961442355745,-0.17200630454003768,-0.06688963210702341,-0.43505170491677236,-0.36668588782531814,-0.11611117518163995,0.05523392150078807,0.06243032329988852,-0.030815361549994234,0.3409602890862261,0.13530926844270172,0.04918310075731365,0.05421904432399185,0.2614077576596317,-0.15343097681928267,0.033483258370814596,-0.1414369738207819,-0.12341521546918849,-0.17734978664513898,-0.3831391996309538,-0.39408757159881597,0.2954522738630685,0.32336139622496446,0.26299158113251064,0.20213739284204052,0.039933879214239035,0.18476915388459617,0.23486718179371852,-0.2891784876792373,-0.27496251874062966,0.2927766885787875,0.3127051858686042,0.13707761503863453,0.26027755353092685,0.03218390804597701,0.10620074578095567,-0.19707838388498058,0.022381117133740823,-0.07932956598623765,-0.09899665551839465,0.28907084919078924,0.11376619382616385,0.3722062045900127,0.3085457271364318,0.39777034559643254,0.19953869219236536,0.3568907853765425,0.16567869911198246,0.38962826279168106,0.24285549532925846,-0.48442701726060045,-0.2643831930188752,-0.3228923999538692,-0.2707261753738515
#26,0.1820013070387883,0.08219736285703302,0.12074731864836813,0.21819090454772613,0.0411025256602468,0.01625341175566063,1.0,0.1795486871948641,0.1548149002421866,0.2299081228616461,0.26880405950870717,-0.02516434090646984,0.27397839541767577,0.2836120401337793,0.0805366547495483,0.1205166647445508,0.03395994310537039,-0.08879406450620843,0.20271402760158383,0.13440971821781417,0.007296351824087956,0.15364625379617883,-0.21090992965055932,0.10191058316995348,0.10866874255180102,-0.0217429746665129,-0.07719986160765771,-0.0289547533925345,0.10999115826702034,-0.19328797139891593,0.0721024103332949,-0.18386191519624803,-0.10567024180217584,-0.1901664552339215,0.02365740206819667,-0.17918732941221696,0.1471264367816092,-0.11574212893553223,0.03422135086303002,-0.03189174643447507,0.04261715296198055,-0.15483027716910774,0.21603044631530388,0.05148195133202629,0.2577019182716334,0.05226617460500519,-0.15472263868065966,-0.17804174835659092,-0.17289047783800407,-0.20104563103063852,-0.13077307500096105,-0.05962403413677776,-0.22808595702148926,-0.01889824318609926,-0.08418098642986199,-0.14698804443931882,-0.07595433052704417,0.07573136508668743,0.08418098642986199,0.1344404720716565,-0.20974128320455157,-0.30297159112751315,0.26922692499903894,0.2625610271787183,0.03629723599738592,-0.07569292276938454,0.1626033137277515,0.25455733671625724,0.10230269480644293,0.17986391419674777,0.0866951139814708,0.07367854534271326,-0.01851382001307039,-0.07773036558643755,0.07909891208242033,0.04243262983892669,-0.21282435705224312,-0.24945219697843385,0.3116672433014262,0.18875946642063585,0.0023834236727789952,0.1100757313650867,-0.2325606427555453,-0.2461000269096221,-0.09266136162687887,-0.2728558797524315,-0.3078230115711375,-0.027278668358128626,-0.07976011994002999,0.12712874332064736,0.2597009187713835,0.12873563218390804,0.11417368238957444,-0.11937108368892477,-0.02490293314881021,0.10577019182716334,-0.0934686502902395,-0.08054434321300888,-0.0807749971168262,-0.16266482143543612,-0.0398108637988698,0.12095490716180371,-0.2103794256717795,-0.19812401491561912,-0.21682235805174335,-0.14810287164110253,-0.2298696805443432,-0.2513358705262753,-0.34943297581978244,-0.1526698189366855,-0.10270249490639295
#49,0.7901972090877638,0.41525391150578556,0.49388382731711067,0.3441971322031292,0.0470226425248914,0.2342674816437935,0.1795486871948641,1.0,0.12536039672471458,0.5315419213470188,0.4544420097643486,0.00849575212393803,0.36320301387767656,-0.006650520893399454,0.37633490946834275,0.4300772690577788,0.4833890746934225,0.37259831622650214,0.20433629339176565,0.28139776265713295,0.18260100718871333,0.23522085111290508,0.2562411102141237,0.16174220582016685,0.1491408142082805,-0.3116441779110445,0.1508399646330681,0.07274055280052281,-0.041917502787068,-0.30090339445661785,0.1741129435282359,-0.26401414677276747,0.15241609964248645,-0.2799215776727021,-0.4705416522507977,-0.20118402337292893,-0.43255295429208473,-0.29034713412524504,-0.19274209049321492,-0.06727405528005229,-0.33166493676238806,-0.013723907277130666,-0.22151232076269559,0.03339868527274824,-0.3543228385807096,-0.11942490293314881,-0.05740975666013147,-0.30834582708645675,-0.07336331834082958,-0.0575712143928036,0.21317802637142966,0.2912928151308961,0.19412601391611886,0.17245223542075117,0.06120785760965671,0.08209741283204551,-0.2824433936877715,-0.21911352016299543,-0.548041363933418,-0.3963018490754623,-0.4306154615000192,-0.5130050359435667,-0.006342982354976358,-0.10886864260177603,0.245046707415523,0.16732403029254603,0.1040864183292969,-0.20039980009995004,0.34571175950486294,0.17210625456502518,0.46044669972705954,0.13107292507592358,0.4515819013570138,0.23737362088186675,0.12439933879214239,-0.2557951793334102,-0.3050705416522508,-0.4574635759043555,0.3215392303848076,0.22853957636566333,0.15468419636335679,-0.015769038557644256,0.08855572213893054,-0.015822857801868297,-0.10521662245800177,-0.34836427939876213,-0.46392188521124056,0.0823050013454811,0.13390996809287664,-0.15963556683196864,0.07553146503671242,-0.415992003998001,-0.33856148848652595,-0.35109368392726714,-0.46266097720370586,0.14765694076038904,-0.17388997808787915,0.4335755199323415,0.2163610502441087,0.27240226040825744,0.20777303655864376,0.29118517664244803,-0.07778418483066159,0.3293583977242148,0.26119248068273554,0.4396955368469611,-0.03605120516664745,-0.4893553223388306,-0.25082843193787724,-0.5582516434090647,-0.5588744089493715
#50,-0.05493407142582555,0.4072194671894822,-0.005243532080113789,-0.07926805827855303,0.14169838157844156,0.06340675815938185,0.1548149002421866,0.12536039672471458,1.0,0.157882597162957,0.02357282897013032,0.1811786414485065,0.13282589474493522,0.021412370737708068,0.36241110214123706,0.3183408295852074,0.14497366701264752,-0.005458809057009957,-0.20539730134932535,0.0006381424672279245,0.01477722677122977,0.2842194287471649,0.13326413716218813,-0.12982739399531004,0.27177949486795067,-0.09080844193287971,-0.07350939914658056,-0.2042517202936993,0.1462038211663399,-0.07364779148887095,0.08807134894091416,0.04033367931418906,-0.022765540306769694,-0.050866874255180106,0.19219620958751393,-0.007519317264444701,0.09851997078383885,-0.07382462614846423,0.012739783954176758,-0.0869334563487487,-0.02061277053780802,-0.3313112674432015,-0.08456540960289086,0.019820858801368548,0.05688694114481221,-0.09457578902856265,-0.2434244416253412,-0.13790028062891632,-0.20247568523430592,-0.20290623918809825,-0.1567216391804098,-0.1956790835351555,-0.12838965132818206,0.05728674124476223,0.15022488755622188,0.22996963056933073,-0.18459231922500288,0.032083958020989505,-0.1211624956752393,-0.12432245415753662,-0.2245646407565448,-0.12489908891707992,-0.022458001768346596,0.048867873755429975,-0.13414831046015455,-0.10936839272671357,0.15332333833083459,0.1889132356898474,0.2184446238419252,0.18323146119248068,-0.056202667896820824,0.08160535117056857,0.14707261753738515,-0.00016145773267212547,0.03928804828355053,-0.037781109445277364,-0.16294929458347748,-0.15566063122285012,0.09963479798562257,-0.08542651751047553,0.10674662668665667,-0.11630338676815438,0.04534655749048553,0.012124706877330565,0.2217737285203552,-0.1524699188867105,-0.15599892361511553,-0.011970937608119018,-0.020497443585899357,0.08727174874101411,0.0287856071964018,-0.076284934455849,-0.020212970437857993,-0.16990735401530005,-0.17899511782570254,0.22584861415446122,-0.1427670779994618,0.13962249644408564,-0.19559451043708914,-0.043639718602237344,-0.06439088148233575,0.03640487448583401,-0.1364087187175643,-0.07359397224464691,-0.2256179602506439,-0.16096567101064851,-0.11590358666820436,-0.1453504017222158,-0.11814092953523238,-0.08673355629877369,-0.1499404144081805
#51,0.41836005074385885,0.4837427440126091,0.5665474954830277,0.6225041325491101,0.24480067658478452,0.5335639872371507,0.2299081228616461,0.5315419213470188,0.157882597162957,1.0,0.6673432514511974,0.12304616922308077,0.3908353515549917,0.017875677545842465,0.3892515280821128,0.42043593587821476,0.47374774151385846,0.3278668358128628,0.16789297658862876,0.12263099219620958,-0.057079152731326646,0.10445546457540461,0.007726905777880291,0.06483681236304925,0.04683811940183754,-0.37127590051128284,0.023972629070080343,-0.1700918771383539,0.061707607734594244,0.07255602967746896,0.4073424826048514,-0.06931918656056588,0.44472379195017875,-0.25031330488601855,-0.19890054972513743,0.028331987852227732,-0.26775842847806863,-0.2542651751047553,-0.20840349056241111,-0.22434936377964865,-0.03155345404220966,0.06918848268173605,0.09605966247645407,-0.015100142236574021,-0.19879291123668935,-0.12319225002883173,-0.0727789951178257,-0.3282051282051282,-0.0846884250182601,0.17273670856879253,0.2574097566601315,0.2746626686656672,0.05078998962057433,0.1717295198554569,-0.18895167800715026,-0.003067696920770384,-0.4300080728866336,-0.23070772306154616,-0.43309114673432514,-0.2905470341752201,-0.6116480221427748,-0.6024449313804636,-0.007134894091415831,0.047345557990235654,0.23845769422980817,0.22704032599085072,0.240825740975666,0.12583708145927036,0.23932649060085343,0.10857648099027409,0.4309306885019029,0.018998193211086763,0.12263099219620958,0.0319148118248568,-0.03471341252450698,-0.2997039941567678,-0.5687771498865951,-0.6064198669895822,0.3772421481566909,0.2965978549186945,-0.030108022911621114,-0.07337869526775075,-0.006881174797216776,0.2221889055472264,0.09505247376311844,-0.4850344058739861,-0.501118671433514,0.0066735862837811865,0.06902702494906393,0.03639718602237343,0.37325183562065123,-0.09994233652404567,-0.17712682120478224,-0.46024679967708454,-0.3261984392419175,-0.04662284242494138,-0.19037404374735709,0.36843885749432975,-0.022757851843309116,0.27222542574866415,0.21985161265521086,0.5278899012032445,0.22539499481028716,0.41536923845769425,0.19387229462191982,0.4425633337177565,0.09599046630530889,-0.6218736785453427,-0.40769615192403796,-0.6259408757159881,-0.584753776957675
#52,0.34809518317764193,0.26365278899012035,0.459946949602122,0.48531119055856686,0.08998577634259793,0.4887633106523661,0.26880405950870717,0.4544420097643486,0.02357282897013032,0.6673432514511974,1.0,0.0949294583477492,0.31474262868565717,0.1814938684503902,0.26177680390573943,0.3206166147695383,0.2202744781455426,0.3769576750086495,0.01217083765809403,0.13753892284626917,0.039034328989351476,0.0711105985468804,-0.0709414523507477,0.057132971975550687,-0.10288701802944682,-0.27700765002114325,-0.12149309960404413,-0.14410487064160227,-0.017275977395917425,0.020835735978164762,0.2669434513512475,-0.13620113020412872,0.20832660592780533,-0.16109637488947834,-0.33176488678737553,-0.06779687079537154,-0.24025679467958327,-0.22030523199938493,-0.18275477645792487,-0.11953254142159689,-0.06957290585476493,0.06061584592319225,0.0671356629377619,-0.006081574597316727,-0.07569292276938454,-0.12858955137815709,-0.2409948871717987,-0.16144235574520432,-0.12156998423864991,0.06582093568600315,0.1318417714219813,0.18190135701380078,0.01637642717102987,0.14446622842424942,-0.2536731634182909,0.06742782454926383,-0.36762388036750854,-0.14353592434551954,-0.25963172260023837,-0.14801829854303616,-0.48407334794141393,-0.467443201476185,0.05615653711605736,0.09644408564948295,0.11213623957252143,0.15459962326529042,0.28718717564294777,0.033390996809287664,0.2413793103448276,0.19304194056817744,0.42207357859531774,0.07401683773497866,0.1288202052819744,0.01957482797063007,0.1386229961942106,-0.13714681120977973,-0.4177680390573944,-0.49844308614923305,0.34789528312766693,0.31451966324530045,0.13484027217160652,0.022204282474147543,0.020474378195517624,0.16976127320954906,0.04847576211894053,-0.3429054703417522,-0.4006458309306885,0.04243262983892669,0.019228847114904087,-0.1307961403913428,0.3122515665244301,-0.003605889363010802,0.02073578595317726,-0.30043439818552264,-0.17322877023026947,-0.04562334217506631,-0.22072040902625611,0.22441855995079382,-0.01350094183677392,0.10906085418829047,0.14527351708761005,0.27957559681697614,0.142836274170607,0.22934686502902396,0.12353823088455772,0.28235882058970513,0.0336831584207896,-0.49012416868488834,-0.45877830315611423,-0.49297658862876254,-0.42108176680890325
#53,0.08543420597393611,-0.05193557067620036,0.05491100603544382,0.09223080767308653,0.2548187444739169,0.38454618844423943,-0.02516434090646984,0.00849575212393803,0.1811786414485065,0.12304616922308077,0.0949294583477492,1.0,0.38637604274785686,0.3438665282743244,0.09305347326336831,-0.15582977741898282,0.32474531964786835,0.14754930227194096,-0.25952408411179023,-0.29138507669242303,-0.27545458040210663,-0.30697728059047397,0.05654096028908623,-0.18207050320993348,0.076284934455849,-0.09472955829777419,0.057640410563948793,-0.1810479375696767,0.4994041440818052,0.2810902241187099,0.327936031984008,0.11430438626840426,0.13564756083496712,0.019228847114904087,0.1739437973321032,-0.01972859723984162,0.2696036597086072,-0.04350901472340753,-0.057040710414023754,-0.10885326567485488,0.2536193441740668,-0.16633221850613156,0.11544227886056972,-0.0007380924922154307,0.1861530773075001,-0.10436320301387768,0.20083804251720294,-0.025156652443009266,-0.00532810517818014,-0.025802483373697768,0.12343059239610964,-0.06144619997693461,0.08152077807250221,-0.17814169838157845,-0.2837273670856879,-0.15606043132280015,-0.25530311767193326,-0.05491100603544382,0.1584207896051974,0.16890785376542497,-0.13602429554453543,-0.14897166801214778,0.1865528774074501,0.2680044593088071,-0.07317110675431515,-0.2336524045669473,0.3877984084880637,0.279068158228578,-0.15064775304655365,-0.0377349786645139,0.022634836427939876,-0.17903356014300542,-0.09800484373198017,-0.15692922769384537,-0.2864721485411141,-0.12580632760542806,-0.20867258678353132,-0.10666205358859032,0.32532964287087224,0.19414139084304002,0.22632529888901703,0.22925460346749701,0.22621766040056895,0.16814669588282782,0.22331910967593127,-0.06251489639795486,-0.05943182255026333,0.022827048014454312,0.25235843616653214,0.2706031599584823,0.2553184945988544,0.1144274016837735,0.1200092261561527,-0.025002883173797716,0.08993964556183447,0.17408987813785415,-0.09370699265751739,0.29872755929727446,0.11509629800484374,0.3061546150001922,0.007219467189482182,0.24283242993887671,0.0431092146234575,0.17741898281628415,-0.00675047091838696,0.11333563987237151,0.12599853919194248,-0.18042517202936992,-0.041540768077499714,-0.04095644485449583,-0.006712028601084073
#54,0.32747472417637336,0.10863030023449814,0.3094375888978588,0.4538269326875024,0.19415676776996119,0.38935916657056086,0.27397839541767577,0.36320301387767656,0.13282589474493522,0.3908353515549917,0.31474262868565717,0.38637604274785686,1.0,-0.023888055972013992,0.14079114289009342,0.08112097797255219,0.3360704263252989,0.31460423634336676,0.033068081343943415,-0.04627686156921539,0.031845615653711606,-0.03964940606619767,0.13316418713720063,0.15721370084188674,0.12115480721177872,-0.22213508630300235,0.08329681313189559,-0.11338177065313497,0.31709529850459384,0.10203359858532272,0.3680236804674586,0.0460000768846346,0.22100488217429748,-0.10580863414446623,-0.024641525391150578,-0.12690577788029062,-0.008072886633606273,-0.3334409718217814,0.023941875216238036,-0.10141852150847654,0.11688770999115827,-0.1907815323107677,0.10277937954099874,-0.2220120708876331,-0.07833775419982317,-0.022188905547226388,0.11226694345135124,-0.1408295852073963,-0.0821358551493484,-0.07117210625456502,0.3571137508168992,0.26246107715373085,0.28643370622381115,0.22087417829546765,8.457309806635144e-05,-0.031845615653711606,-0.2355591435051705,-0.20889555222388806,-0.1835620651212855,-0.07616191904047977,-0.2507899896205743,-0.2439318802137393,-0.15465344250951446,-0.12835120901087918,0.18164763771960174,-0.05052089339945412,0.08249721293199554,-0.16448698727559297,-0.019790104947526237,-0.0635605274285934,0.18362357282897013,-0.06912697497405143,0.10212586014684966,0.0941836773920732,-0.019359550993733904,-0.1860915695998155,-0.26477530465536464,-0.24357821089455273,0.26688963210702343,0.17552762080498213,0.08958597624264791,0.24450851497328258,0.13114212124706878,0.24353208011378927,0.1529773574751086,-0.17954099873140353,-0.23731211317418213,-0.024572329220005382,-0.009887364010302541,-0.023995694460462076,0.04247876061969016,-0.1687925268135163,-0.21486179986929613,-0.13822319609426056,-0.21899050474762619,0.32801291661861376,-0.13407142582554876,0.349094683427517,0.26320685810940686,0.31338945911659555,0.2010533194940991,0.43342175066313,0.040018452312305386,0.10448621842924692,0.08906316072732864,0.25032868181293966,0.1522315765194326,-0.27568523430592395,-0.16966901164802214,-0.27354784146388345,-0.30148771767962174
#58,-0.040618152462230425,-0.17173720831891748,-0.049390689270749244,0.0398416176527121,-0.12090877638104025,0.07742282704801445,0.2836120401337793,-0.006650520893399454,0.021412370737708068,0.017875677545842465,0.1814938684503902,0.3438665282743244,-0.023888055972013992,1.0,0.09019336485603352,-0.05335024795294661,-0.03464421635336178,-0.12964287087225618,-0.17679621727597739,-0.02754776457924884,-0.15438434628839426,-0.12857417445123592,-0.05857071464267866,-0.14699573290277937,0.007250221043324492,0.04693038096336447,-0.15684465459577904,-0.13743897282128167,0.002837043016953062,0.024387806096951525,-0.09000884173297967,-0.16518663745050552,-0.36534040671971707,-0.1151731826394495,-0.05762503363702764,0.01922115865144351,0.025863991081382386,0.19219620958751393,-0.05368854034521201,0.038596086572098565,0.004021066389881982,-0.12060123784261716,0.2612309230000384,0.03360627378618383,0.11968631069080844,0.024641525391150578,-0.23288355822088955,-0.162157382847038,-0.25571060623534386,-0.1306577480490524,-0.1947872217737285,-0.0914927151808711,-0.24124860646599777,-0.29975781340099183,-0.247976011994003,-0.18933610118017913,-0.09689770499365702,0.12406104639987699,0.14768769461423134,0.20470533963787338,0.140252950447853,-0.002152769768961673,0.40029216161150194,0.4097720370583939,-0.2809133894591166,-0.33859993080382883,0.6039057394379733,0.53781570753085,0.0033444816053511705,0.14195978933610118,0.058732172375350784,0.08702571791027564,-0.09509091608042133,-0.13808480375197016,-0.0554953292584477,-0.0570945296582478,0.08024449313804637,0.09332256948448853,0.2435858993580133,0.2842040518202437,0.2758313151116749,0.13155729827393994,-0.08786376042747857,-0.15825933187252528,-0.07016491754122939,0.06011609579825472,0.12487602352669819,0.09409141583054627,0.24000307538538423,0.14772613693153425,0.4930919155806712,0.10809979625571829,0.09201553069619037,0.1833237227540076,0.19659401068696422,-0.030515511475031714,-0.0303156114250567,-0.10667743051551147,-0.15476108099796257,-0.08865567216391804,-0.1362703263752739,0.01673009649021643,-0.3452350747703071,-0.2035366931918656,-0.31453504017222156,-0.20140698881328567,-0.27460884942144315,0.04757621189405297,-0.09532156998423864,0.14049898127859148,0.10242571022181217
#101,0.13476338753700073,0.27609272286933456,0.07908353515549918,0.046807365547995236,0.11421212470687733,0.2335140122246569,0.0805366547495483,0.37633490946834275,0.36241110214123706,0.3892515280821128,0.26177680390573943,0.09305347326336831,0.14079114289009342,0.09019336485603352,1.0,0.5361473109599046,0.3344404720716565,-0.04354745704071041,-0.10916849267673856,0.04912159304962903,0.1730519355706762,0.1240226040825741,0.42737861838311614,0.15292353823088456,0.11582670203359859,-0.32308461154038365,-0.2850267174105255,-0.35223926498289315,0.1167416291854073,0.12432245415753662,0.12030907623111521,-0.10499365701764503,0.056148848652596776,-0.4277707300196056,-0.08552646753546304,0.024203282973897667,-0.11882520278322377,-0.15682927766885787,-0.2605389612885865,-0.3505170491677238,-0.23476723176873102,-0.006719717064544651,0.12794372044746857,0.09334563487487026,-0.13669319186560566,0.1456656287240995,-0.26439088148233575,-0.46234575020182217,-0.31445046707415525,-0.2159228078268558,-0.008980125321954408,0.03944950601622266,-0.13859224234036827,-0.03065390381732211,0.09829700534348211,0.03403682773997616,-0.21174797216776228,0.048514204436243415,-0.36151155191634954,-0.2827586206896552,-0.3341252450697728,-0.2653980701956714,0.09861223234536577,0.12022450313304886,-0.23498250874562718,-0.3078845192788221,0.21227078768308152,0.0540652750547803,0.3821012570637758,0.05624111021412371,0.20911082920078422,-0.030184907546226887,0.24195594510437088,-0.1306577480490524,0.06282243493637797,-0.3467189482181986,-0.1577057625033637,-0.23097681928266636,0.4933302579479491,0.24162534117556606,0.0611771037558144,-0.08266635912812824,0.06715872832814362,0.008072886633606273,0.028062891631107523,-0.23696613231845615,-0.26988044439318803,0.05245069772805905,0.3302733248760235,0.07428593395609888,0.15713681620728098,-0.35343866528274326,-0.12118556106562103,-0.21638411563449045,-0.1852381501556914,0.04604620766539807,-0.39311113673932263,0.0901318571483489,-0.19265751739514858,-0.074447391688771,-0.12173913043478261,0.14481989774343598,-0.03082305001345481,0.04313996847729981,-0.007142582554876408,-0.012609080075346942,-0.30643908814823356,-0.29814323607427057,-0.18724483911890208,-0.2847191788721024,-0.3010494752623688
#102,0.22352669818936685,0.464513896897705,0.1659093530157998,0.30394033752354593,0.09975012493753123,0.16640141467727676,0.1205166647445508,0.4300772690577788,0.3183408295852074,0.42043593587821476,0.3206166147695383,-0.15582977741898282,0.08112097797255219,-0.05335024795294661,0.5361473109599046,1.0,0.2113635489947334,0.022165840156844654,0.1936723945719448,0.42382654826432936,0.07058009456810056,0.6054972513743129,0.12867412447622342,0.06365278899012032,-0.2072502210433245,-0.13831545765578748,-0.31059854688040595,-0.18354668819436434,-0.13153423288355823,-0.1817629646715104,0.008810979125821704,-0.36637066082343445,0.03526698189366855,-0.39012801291661864,-0.15449967324030292,0.018698343136124247,-0.272609848921693,-0.11408910929150809,-0.33777726521354706,-0.43298350824587706,-0.17000730404028755,-0.17678852881251683,0.023203782724022605,0.2207819167339407,-0.4098027909122362,0.08874793372544497,-0.29355322338830586,-0.4359205012878176,-0.3085457271364318,-0.16802368046745858,-0.009818167839157345,0.18817514319763196,-0.2991196709337639,0.13364087187175644,0.03779648637219852,0.3791104447776112,-0.19699381078691425,0.1874524276323377,-0.5334640372121632,-0.5163033867681543,-0.37289816630146466,-0.3536539422596394,-0.030492446084649984,0.015584515434590397,-0.02208895552223888,0.04692269249990389,0.12236958443854995,0.10598546880405951,0.5617652712105485,0.36490216430246414,0.1564832968131319,0.285272748241264,0.26231499634797983,0.2273863068465767,0.11488870949140814,-0.12842040518202438,-0.1774420482066659,-0.23166878099411833,0.21722984661515396,0.38583016184215585,0.10833045015953562,-0.21057163725829392,-0.1781186329911967,0.015061699919271134,0.03163033867681544,-0.24527736131934033,-0.2799984623073079,-0.14359743205320416,-0.10390189520624303,-0.08818667589282282,0.002552569868911698,-0.3815861300119171,-0.21410833045015953,-0.2818975127820705,-0.23189943489793566,-0.13294891016030447,0.013823857302118171,0.030046515203936492,-0.212316918463845,-0.10167224080267559,-0.020543574366662824,0.01178641448506516,-0.07074155230077268,0.06873486333756199,0.03406758159381847,0.06351439664782993,-0.15231614961749895,-0.34054511205935495,-0.1768269711298197,-0.3819013570138008,-0.4835659093530158
#201,0.50905316572483,0.18660669665167418,0.4367892976588629,0.24051051397378234,0.13920731941721448,0.2364433168031369,0.03395994310537039,0.4833890746934225,0.14497366701264752,0.47374774151385846,0.2202744781455426,0.32474531964786835,0.3360704263252989,-0.03464421635336178,0.3344404720716565,0.2113635489947334,1.0,0.45489562910852266,-0.057317495098604544,-0.19049705916272633,-0.2206512128551109,-0.18138622996194212,0.3574520432091646,0.18018682966209204,0.2606004689962711,-0.19787798408488064,0.30882251182101256,0.06133856148848653,0.4205820166839657,0.07380924922154307,0.6125398839042018,0.23165340406719717,0.4907161803713528,-0.0662822434936378,0.021181716833890748,0.06385268904009533,-0.05085149732825895,-0.1320186060815746,-0.11610348671817937,0.04213277976396417,-0.08407334794141391,-0.21093299504094107,-0.15949717448967823,-0.039034328989351476,-0.1870372506054665,-0.23592050128781764,0.3271210548571868,0.004144081805251221,0.21149425287356322,0.029977319032791296,0.41809095452273864,0.14012993503248375,0.33527851458885943,0.056802368046745856,-0.05653327182562565,-0.06946526736631684,-0.5083919578672202,-0.4455464575404605,-0.33379464114096796,-0.2631530388651828,-0.29788951678007153,-0.29195402298850576,-0.07141044862184293,-0.004920616614769538,0.1877907200246031,-0.010856110406335294,0.24506208434244417,0.043124591550378656,0.02833967631568831,-0.025564141006419867,0.3554222888555722,-0.014016068888632606,0.005581824472379195,-0.03810402491062161,-0.3307961403913428,-0.2733633183408296,-0.27417829546765077,-0.23930342521047168,0.523914965594126,0.2694883327566986,0.041002575635259296,0.011555760581247838,0.06492907392457617,-0.023918809825856303,-0.10086495213931496,-0.20753469419136586,-0.243209164648445,0.19956175758274708,0.3060162226579018,0.07384769153884596,0.1158574558874409,-0.23607427055702918,-0.31039095836697034,-0.2903163802714028,-0.32373813093453274,0.15649098527659247,-0.12804367047245607,0.6636066582093568,0.3309883519778572,0.5610579325721754,0.24969822780917234,0.5794487371698765,0.40008457309806633,0.5568600315227001,0.309960404413178,0.4870795371544997,0.166724330142621,-0.30051897128358895,-0.0925460346749702,-0.32616768538807517,-0.35489178487679235
