,#10,#11,#12,#13,#17,#18,#26,#49,#50,#51,#52,#53,#54,#58,#101,#102,#201,#202,#301,#302,#401,#402,#501,#502,#601,#602,#701,#702,#801,#802,#901,#902,#1001,#1002,#1101,#1102,#1201,#1202,#1301,#1302,#1401,#1402,#1501,#1502,#1601,#1602,#1701,#1702,#1801,#1802,#1901,#1902,#2001,#2002,#2101,#2102,#2201,#2202,#2301,#2302,#2401,#2402,#2501,#2502,#2601,#2602,#2701,#2702,#2801,#2802,#2901,#2902,#3001,#3002,#3101,#3102,#3201,#3202,#3301,#3302,#3401,#3402,#3455,#3501,#3502,#3601,#3602,#3701,#3702,#3801,#3802,#3901,#3902,#4001,#4002,#4101,#4102,#4201,#4202,#4301,#4302,#4401,#4402,#4501,#4502,#4601,#4602,#4701,#4702,#4801,#4802
#10,1.0,0.5463331447377858,0.5567866506227638,0.6338404162914678,0.25359035453306666,0.4228928431974117,0.39746910087736775,0.7827092414474576,0.191546669429193,0.6223477755022353,0.7008853365633642,0.0734279498601471,0.2408561706603766,-0.03450820390631848,0.20303612268804436,0.39100160173401655,0.4499661324897003,0.1724358310290145,0.3065734845285244,0.36768322323072145,0.19047406545593637,0.38720525305006814,-0.11354461347209716,0.08873128322004319,0.033041939930989965,0.22962012606682658,0.014420387444317829,-0.10146387332754266,-0.1786355776203492,-0.21850998892333193,-0.056804978922455354,-0.27512849731849004,-0.4571173568998079,-0.430644917084366,-0.4118480504267306,-0.23646056626477222,-0.4136553801528421,-0.2250970204559762,-0.2819179370303373,-0.017142538389819027,-0.29058323837149075,-0.0420116504235431,-0.11668751842791002,0.2427607200631131,-0.12482209596060212,0.18374040752575924,-0.43878746344301095,-0.353261242021213,-0.26004032225932155,-0.18129875925379912,-0.32202981934671565,-0.06496505669819666,-0.13848066364382536,0.10085824255512435,0.05384216943317741,0.14701687000454222,-0.42517830248069555,-0.11312226569659492,-0.4630525384695073,-0.29872737849532627,-0.13469865884659213,-0.03521583565093355,-0.29887400489285915,-0.22792914119962707,0.2785072795225079,0.03889583947597001,-0.119672640629856,-0.2157384312569229,0.5527910812899935,0.36462000653443727,0.5577923164580162,0.5034656424069042,0.2613376471244492,0.11618229486249791,-0.3700244642956753,-0.08737498904286431,-0.23782961056347568,-0.3205523990150531,0.07389332929579485,0.3093944489158412,0.2201786610778634,-0.011871956904589247,-0.11547466311788285,0.3522938265505343,0.11840240977296815,-0.14428037517232586,-0.2303102263943453,-0.11103283953175179,0.033359099203914284,-0.0765373857469579,-0.1924758345352979,-0.4015443584696667,-0.35286598825395055,-0.24085138936480488,-0.3936823147845628,0.47517790403939786,0.30675676752544045,-0.1311780315406131,-0.2282000812820247,-0.2351568663388823,-0.11156834463578481,0.17692706133605335,-0.20532636326689988,-0.21095872945039007,-0.21521567627441449,-0.2673780171967264,-0.3516164763445402,-0.2442413279251568,0.06497143175895895,-0.3167719879830105,-0.3366701463873328
#11,0.5463331447377858,1.0,0.4490847803393126,0.5364964259815601,0.07575962833395755,0.24668456996230745,0.5070436452597439,0.5893440859358191,0.5137390528253473,0.6270621329359546,0.6107371960889002,0.18250364573787345,0.4469618851054674,0.1889297069862697,0.1538939668018711,0.3514618811210544,0.26205165392982654,0.2982508427033445,0.10748033692196128,0.0831116671580776,0.027312354070874737,0.26846018376112646,-0.009597653977639474,0.15163560152682706,0.05444939397078628,0.2191602451210863,-0.02546358644980835,-0.03340372462925037,-0.11015308114655468,-0.1969351895385253,-0.09131796412434556,-0.3143606212496713,-0.27940775685518254,-0.3713743834120919,-0.40021515830072757,-0.2763620715759947,-0.36708715504944656,-0.3220569133549554,-0.38905402067113454,-0.11292623257815426,-0.15917411087824432,-0.1404760576624246,-0.03831730271179147,0.03352803831411518,-0.2669094502306975,0.06260469045095586,-0.36353465243965605,-0.20904939875208187,-0.1728788977519942,-0.06002757213779694,-0.09660607702667166,0.10734327311557189,0.029991473356230428,0.23958434603829817,0.0008255703687175768,0.08843165536421518,-0.3598163982500458,-0.2931205125548853,-0.4215492991417574,-0.3360103275984349,-0.0044577612380368,-0.00408003888787065,-0.23573380933787025,-0.21557905473786548,0.26862274781056505,0.028711679908199124,0.06989297866745292,-0.055064587334348034,0.4368303197889855,0.26376813904007523,0.4686992485397126,0.4152905832383715,0.18779813370096185,0.15808556925308195,-0.3669038720525305,-0.09946688554375284,-0.1728342723266581,-0.23847030417008663,0.07175768394042506,0.21608746583365873,0.3243439664034298,0.052710596147869535,-0.023541505629975534,0.2656934073902892,0.08974969917682028,-0.07352357577158157,-0.12485556502960418,-0.10818318737100463,0.026427814390105907,-0.05093036042999785,-0.1408187171783981,-0.32628198487516835,-0.2738232036274096,-0.11116512204256947,-0.38316346452677125,0.44353528994573227,0.3391643889105818,0.040852983129995454,-0.02196527185649738,-0.028668648248053614,0.08715186191618389,0.10789312210632007,-0.3018543457992334,-0.061893871175959646,-0.0006247559547051933,-0.17616046027938703,-0.226783224027604,-0.1346890962554487,-0.023538318099594387,-0.20026456502163537,-0.2263146570615751
#12,0.5567866506227638,0.4490847803393126,1.0,0.6040481635840591,0.21711066308600754,0.48606013276064036,0.22391604044976054,0.3654806397373475,-0.007987951135159257,0.522025038051144,0.42075401031166076,0.06932878578998956,0.2301110057455235,-0.07493724549562113,0.07371960889002223,0.14035811903832207,0.7787152658798779,0.5903194702324507,0.09510634398234108,0.010399317868498435,0.0025484305397285817,0.1730589932185291,-0.08412530181928296,-0.15520722931890443,-0.056283817705137504,-0.002124488999035772,0.18489269975854458,0.04749101514873814,-0.17293308576847374,-0.3237941174126816,0.0886181258915124,-0.2781805576584402,-0.11051645961000565,-0.39754082031094357,-0.4184924575062356,-0.4662384750854657,-0.466267162858896,-0.42817936233454723,-0.36473953892373034,-0.275780347281435,-0.1752456390599973,-0.261098582345863,-0.13908788818143422,-0.023865039963662155,-0.015886651419646344,0.12322036194407478,-0.22366581931484034,-0.21172851803743756,-0.21421319796954313,-0.08907553650120728,-0.09861103363641435,0.07348691917219836,0.10711536469331974,0.4233725665197746,0.030260819673437512,0.29773286901640783,-0.33450740702372317,-0.36054634270732894,-0.23943771964076532,-0.2544366438492617,-0.11194925451633211,-0.057271952123293675,-0.5126170421311829,-0.35009761811792267,0.49680051637992173,0.1967598753675621,-0.18569914494497525,-0.3910621648112584,0.5466040848201834,0.23331606754376877,0.747471093083856,0.7074787431567707,0.3200615193363562,0.37996955908486,-0.2628389739339703,0.0004558168445042992,-0.16496425981560137,-0.23207133692993012,-0.01933396552685893,0.1276510291738718,0.08266063160914502,-0.06068739092669477,-0.2050761421319797,0.24459355003227373,0.04567412283148324,-0.14888635657308608,-0.19789144865286998,-0.2030775605829993,-0.11632732749484019,-0.12726215046737163,-0.19089481946624803,-0.19342731235407087,-0.25843380694722246,-0.17660830829793847,-0.31391755452669157,0.6390074030393103,0.35841069735195913,0.4671357648877591,0.1855031118265346,0.04792292551538382,0.2632501653531385,0.6325080285921475,0.011358764513224267,0.19818788897831682,0.1376216242061057,0.05360788595016296,-0.12747890253328978,-0.15035740184398633,0.08129318107563213,-0.1969845962594331,-0.3704802811401796
#13,0.6338404162914678,0.5364964259815601,0.6040481635840591,1.0,0.09928679007721793,0.3831762146482959,0.3430292694977249,0.5842408497955996,0.15414418793679127,0.701964315597383,0.6168413167688005,-0.04828152268326307,0.24108567284781934,-0.059128688570312934,0.2402457585923866,0.3438373084493462,0.47895034624548766,0.28017435791184886,0.27305500880555267,0.16884189052426907,0.19191642295340627,0.32780562439735755,-0.006717720278271402,0.17484401023197252,0.0551602132457825,0.3358493573141869,0.11620460757516594,0.10749627457386703,-0.20739188295388442,-0.19323924806158307,-0.17264461426897976,-0.2678449903975647,-0.24247224856361912,-0.37891289276350915,-0.36851835619058243,-0.19271171178350294,-0.31172772115484226,-0.14583429623313598,-0.2122066475946099,0.07619313246579382,-0.15284845683685422,-0.029149965335607105,0.004926328204065695,0.12743587087314426,-0.10311979536054953,0.04492983448748496,-0.32892922885671255,-0.21339559642677844,-0.2835356086987704,-0.09820621727800843,-0.2673987361442039,-0.022233024408513893,-0.07777414753484369,0.19746113205141486,0.056631258516682735,0.22184255193682315,-0.37806341591693293,-0.20128935603917475,-0.2655627186446621,-0.28003888787065,-0.2512124568687295,-0.1852975161169505,-0.28195618739491113,-0.33631473674983464,0.5046115595789272,0.15234642080182326,-0.08788340013865757,-0.20245121086310353,0.45216712221788363,0.2441154204751014,0.5405716835738591,0.539392297332834,0.2889878794157257,0.2808756145957016,-0.24167058467276017,-0.05835411868769374,-0.26573803281562525,-0.3479906605359832,-0.002953246898134498,0.24393691877375706,0.13011499015849995,-0.11013554972945835,-0.022852999067647362,0.2009546653491541,-0.11261066707042051,-0.2643323319175386,-0.31624604547012086,-0.09512228163424682,0.08124058682434317,-0.08483771485946975,-0.22762951334379905,-0.28907553650120726,-0.203520627305979,-0.3105738351568663,-0.45010638382647083,0.46092008064451867,0.409052586282463,0.004687263425479524,-0.08301604124664314,-0.16159185267234577,0.038420897449178815,0.16186119898955287,-0.2509590482034282,-0.06948019348309413,-0.13683908549753365,-0.14316792706930487,-0.23581509136258955,-0.3324833252316936,-0.1054562551299317,-0.35068252994286353,-0.3818326705926416
#17,0.25359035453306666,0.07575962833395755,0.21711066308600754,0.09928679007721793,1.0,0.38174023221158826,0.09887878618843086,0.08607607041254611,0.015296958299133788,0.1856832072930695,0.1669229972348174,0.5384774761134442,0.20381866139661645,-0.047771517822279244,-0.09577731912757294,-0.12908382408019825,0.2668616372749803,0.08136649427439856,-0.060985425017332194,-0.11986707998310608,-0.18237933205300863,-0.17629752408577645,-0.12403796348683949,-0.1701184964419192,-0.10713448987560663,-0.09426802349209891,-0.13469865884659213,-0.06780355250260979,-0.004685669660288949,-0.06456342787017189,0.1449704754998446,-0.07140705559849868,-0.07021810676633011,-0.13343161552008542,-0.11743021300671772,-0.08853843763198369,-0.12650033070627703,-0.08460183761126473,-0.16815019643155973,-0.18327502809011148,-0.06634366358804357,-0.14579923339894332,-0.051730430555666236,0.020228067798771208,0.10675357999505933,-0.013389221366016144,0.016465188183824878,-0.06393548438508555,0.06445505183721283,-0.2602236052562376,-0.022374869510475022,-0.15722174851979057,-0.14441743897871526,-0.20807720198583143,-0.3110949963741842,-0.3317485994788388,-0.07678441935149695,-0.24558805951119222,-0.014469794165225638,0.006022838655180932,0.11592251113643427,0.18010821665644,-0.10756958777263345,-0.052571938576289556,0.12212863278853127,-0.1902541258596371,-0.14645905218784117,-0.12903441735929044,0.03994931826693973,-0.010646351473037477,0.1185554112312633,0.05007610228784993,-0.025066738917355304,0.09630326164046252,-0.19134426124999004,0.05818517957749285,0.08830096661858808,0.0830367601941206,0.08158005880993553,0.015378240323853086,-0.003560471435743372,0.2615575867207484,0.03164261409366558,0.2423798101825658,0.3882746694929436,0.14946967463283634,0.18661715369474616,0.1888930503868865,0.019834407796699313,0.11851078580592721,0.1172437424794205,0.15835172803990788,0.033532819609686904,0.1428172987273785,0.1897855588936082,0.22754982508427032,0.005874618492457506,0.19705472192781837,0.05603519033540789,0.06505112001848767,0.013021061606993442,0.2822956593805035,0.13830056817729044,0.13110312457665613,0.08383683031978899,0.01927021491923595,-0.027468543059551036,0.1102949262485158,0.0654240610730821,0.0672473284510993,0.08280088294591557
#18,0.4228928431974117,0.24668456996230745,0.48606013276064036,0.3831762146482959,0.38174023221158826,1.0,0.19092031970929724,0.2242379810182566,-0.01290631051327208,0.2505080126544956,0.2889623791726765,0.227446230346883,0.2742009259775757,-0.05226434189450868,0.06364223159001985,0.10271019770657189,0.37133294551713697,0.2509845484464774,0.1486536668552622,0.03668050586107149,-0.08325988732080103,0.07456908573659843,-0.19229255153838185,-0.06740032990939444,-0.13242276215445178,0.08495405971838169,-0.032514403652909814,0.0012686370916972802,-0.08026998382328332,-0.15240539011387452,0.06922519105260222,-0.3328403286343823,0.001423232315183004,-0.23385316641299236,-0.30298113778896957,-0.21301149901584998,-0.2680840551761509,-0.14696746328363441,-0.2538294193116528,-0.06968578919267825,-0.17603455282933164,-0.19154985695957413,-0.1539800301221621,0.01854345799233399,0.03939468798061981,0.03482855070962395,-0.07217684418554614,-0.07919419231964554,-0.10181290790427847,-0.24898915442787814,-0.14686386854624708,-0.07387261034831738,-0.13536007140068054,0.09328945166508618,-0.22467786021085515,0.060528014407637325,-0.24149845803217812,-0.2926567268844281,-0.07551418849460909,-0.11267601144323407,-0.06535871670026855,-0.011506984675947693,-0.260210855134713,-0.15297755181729075,0.21685247312513448,-0.022365306919331574,-0.24274478241120737,-0.19940393181872515,0.2341751069814884,0.16159504020272694,0.33296942361481885,0.35938448788340016,-0.08420339631362111,0.09962785582800086,-0.21596793344436563,-0.18576767684816997,-0.10390711536469333,-0.15067615488210123,-0.057479141598068356,0.19659890508331407,0.012466431320673526,0.18853445321900725,-0.033512100662209436,0.21894189928997762,0.039930193084652836,-0.0737403278374997,-0.1439536533082581,-0.06285650535106663,-0.05464383332403637,-0.12053168006757564,-0.08738136410362661,-0.0594426603128561,-0.1946672616723378,-0.06807449258500745,-0.10850194040911952,0.2464821617831045,0.10483468670560767,0.21700228705304847,0.024182199236586474,0.03079154348189881,0.00043350413183625657,0.4507024520077457,0.055649499159288865,0.16143885121405063,-0.04902421726207078,0.07546478177370128,-0.0088406155121166,-0.1609479715353537,-0.07985082357816223,-0.019002462367219437,-0.11925029285435376
#26,0.39746910087736775,0.5070436452597439,0.22391604044976054,0.3430292694977249,0.09887878618843086,0.19092031970929724,1.0,0.4821697519304481,0.29048442492967513,0.6085202687088112,0.5932631545394417,0.2529990676473635,0.5651236363346588,0.5396138306943238,0.07693582704460152,0.09873534732127916,0.17154491628748336,0.13528994573229527,-0.00501717281992844,-0.020911793065527654,-0.1367976476025787,0.043940106304138214,-0.05527655810469444,0.18378184542071416,0.09042386185243328,0.08942138354756193,-0.20036497222864155,-0.11877535082756258,0.1436795256954793,0.028697336021483954,-0.06012638557961256,-0.20198423766226523,-0.23342444357672784,-0.23220840073631951,-0.12301635999968125,-0.1973352246013595,-0.14288104933500148,-0.09987807696292106,-0.28109396042681034,-0.03632190869319223,0.017792794587573414,-0.05798277139828989,-0.004115101722063288,-0.06030966857652862,-0.1573205619616062,-0.03998119357075122,-0.23515846010407288,-0.1416060371825419,-0.0844042107276335,-0.036611973957876784,-0.11197794228976245,0.08576847373076525,-0.14102750041836337,0.022546996151057066,-0.14484456804978924,-0.041732741515192566,-0.3233558319852736,-0.3112671230147662,-0.21264493302201787,-0.19316752862800723,0.118024687422802,0.1585126983241559,0.10988054729896644,0.11448015363896437,0.09988604578887393,-0.2116440484823371,0.2673397668321526,0.21181139382734743,0.3134983942815705,0.2915331224250731,0.3438548398664425,0.27888818940305526,0.22127995282455035,0.16206998222951813,-0.11530572400768195,0.0947557156404147,-0.011505390910757118,-0.1348389101833627,0.3401716485110249,0.18939508642191746,0.21739754082031093,0.3225222927906032,0.010129971551291347,0.208228609678936,0.3078421216202217,0.10426890006295372,-0.016745690857365984,0.2288073058196336,0.08465443186255368,0.22818573739530956,0.09233478631593207,-0.13691399246149064,-0.17790722692825667,-0.08667373235901155,-0.2617918702037629,0.24580481157711034,0.1711496625202209,-0.04328985010638382,-0.201872674098925,-0.08968116727362557,-0.13740805967056874,0.05132561419726032,-0.2020352381483636,-0.10744368032257808,-0.1480129732486513,-0.20859198814238697,-0.3078038712556479,0.019617655730781183,0.04880109013539035,-0.1160834814206823,-0.2164890946616835
#49,0.7827092414474576,0.5893440859358191,0.3654806397373475,0.5842408497955996,0.08607607041254611,0.2242379810182566,0.4821697519304481,1.0,0.3948298257217764,0.61689550478528,0.7055933189363212,0.11246563443807824,0.3647809768186853,0.13026639785160452,0.19652559188454766,0.3422100741897696,0.3203531783662313,0.13856035190335408,0.18461219708500345,0.2575524547968348,0.12335264445489245,0.2811561172692427,-0.04082110782618397,0.1453450103196296,0.175400234283483,0.20970921754097968,-0.08554853413446598,-0.19409031867334986,-0.0028751524037963485,-0.058291961845261336,-0.13097243583102902,-0.19705472192781837,-0.36861716963239805,-0.3168198009387277,-0.2677031452956036,-0.0903043294631402,-0.26973041461801434,-0.16162372797615726,-0.21939612236929132,0.01883511702220912,-0.22321000247033604,0.05148658448150834,0.024752767174812135,0.15052315342380607,-0.17745300384894294,0.09259775757237686,-0.4965104511152372,-0.3874315677071297,-0.3902907824590203,-0.25634278701718877,-0.3844225390273251,-0.09039039278343122,-0.1760249902381882,0.06591494075177905,0.08565053510666273,0.13539832176525432,-0.4095817163257337,-0.15480241296049854,-0.31859047406545593,-0.27237128353879625,-0.08700523551865104,0.01663412729402577,-0.16557785941397254,-0.12937707687526398,0.15236395221891957,-0.006123245862187124,0.03685900756241583,-0.04627178477794867,0.4415765525265163,0.29032026711504594,0.4785279984699854,0.40333893807425353,0.3367354907601463,0.15928886197196568,-0.22433360692969104,0.03586768561387851,-0.13098359218736302,-0.24212162022169273,0.11491047024041948,0.2913084015332021,0.21617512291914032,0.16645124273840736,-0.04934456406537625,0.2713241798085888,0.13974770697033206,-0.08327901250308792,-0.16937102056753978,0.09660607702667166,0.11836575317358494,0.05118217533010862,-0.11173728374598571,-0.3999968124696189,-0.19025890715520882,-0.18879742447545203,-0.4029229653595136,0.46716445266118944,0.3717664496489732,-0.17465275840910358,-0.23405876212257648,-0.3223087282550662,-0.2569340739028919,0.051832431527863,-0.35737953127365746,-0.31555435137741156,-0.20017690793615375,-0.2904637059821976,-0.33653308258094333,-0.17030815449959757,0.11434787112814669,-0.27793352405390115,-0.33243073098040465
#50,0.191546669429193,0.5137390528253473,-0.007987951135159257,0.15414418793679127,0.015296958299133788,-0.01290631051327208,0.29048442492967513,0.3948298257217764,1.0,0.2668935125787918,0.306372670114512,0.3459809226306688,0.36774697383834437,0.2597566320553993,0.04894771653292321,0.02890133796587749,0.050437886986110333,0.034237263823920824,-0.12542613296782984,-0.1332961454788866,-0.03606212496712859,0.01242499342571859,-0.025860433982261392,0.0638318896476982,0.06352429296591733,0.07713823522380447,-0.18276024193355592,-0.24710213644223797,-0.019654312330164396,-0.07374989042864315,-0.1584441664209612,-0.2244244515455538,-0.18362087513646613,-0.25945381666919015,-0.17163257337296495,-0.16140697591023914,-0.20665396967064842,-0.21869008438986684,-0.2647514921626597,-0.22401166636119502,-0.11768043414163791,-0.07594609886125477,-0.11433033971105037,-0.23405876212257648,-0.17119110041517582,0.018218329893456797,-0.31127190431033797,-0.29543944090717117,-0.19905649100717993,-0.0889990357720597,0.006308122624293763,0.10991561013315908,0.02046394504697623,0.04415367083967519,-0.06617791200822383,-0.1255408840615512,-0.019209651841994118,-0.12526994397915356,-0.17592298926599145,-0.14235829435249306,0.1894173991345855,0.1613543816589502,0.013040186789280336,0.12947429655188902,-0.008306704173274152,-0.09309023101626437,0.20003346906900207,0.10830112599510715,0.16510291738718136,0.08447752392639993,0.16747762752113732,0.20284805839555659,0.15619376997187004,0.14926089139287108,-0.2007921012997155,0.11852034839707067,0.10818956243176693,0.035885217030974824,0.27662026153686775,0.06343982341081689,0.2979400584911825,0.136654208735427,0.20655356246364223,0.3014989361617353,0.17745300384894294,0.12515678665062277,0.1024536015108894,0.13444046888571906,0.0038425678744750534,-0.03413685661691463,0.02865589812652902,-0.10263529074261489,-0.10417168038632868,0.10439640127819969,-0.10590888444405486,0.37551817290758555,0.10967973288495406,0.0035222210711695844,-0.012697527273306823,0.012837778610077377,-0.007044442142339169,-0.04999322649794006,-0.26576990811943674,-0.14627098789535337,0.045588059511192214,-0.00920399397556758,-0.13644064419989002,0.08040545386448214,0.13787662663659764,-0.008075608220640853,0.03227533887432365
#51,0.6223477755022353,0.6270621329359546,0.522025038051144,0.701964315597383,0.1856832072930695,0.2505080126544956,0.6085202687088112,0.61689550478528,0.2668935125787918,1.0,0.7841181298759253,0.15287714461028457,0.40468566966028896,0.23000741100813618,0.23152148793918192,0.2722437823235503,0.461023675381906,0.3103299890827084,0.1850855453466041,0.14110240738232036,0.09341854664552271,0.21143526524237183,0.07916072325064348,0.09334363968156571,0.07433002095801225,0.17165647985082358,0.057716612611463956,-0.050936735490760145,-0.11067742989425368,-0.16916383109276512,-0.12602060738391413,-0.2628915681852593,-0.3003769254675709,-0.3309357792316458,-0.30730183522061694,-0.17288367904756594,-0.29495812381961767,-0.15484544462064403,-0.17403597128035125,0.00018806429248778778,-0.08061583086963797,-0.01781351353505088,0.02163058116647674,0.08719011228075768,-0.17798054012702308,0.0581070850831547,-0.3745188821330953,-0.3111204966172334,-0.18259927164930792,-0.10923507239678378,-0.2075608220640853,0.020919761891480527,-0.03198686737482967,0.10812740558933452,0.061045988094574025,0.09412617839013777,-0.33162428579397396,-0.16679549601957144,-0.3151463474886245,-0.24123867430611448,-0.14391062164811258,-0.08774793009745874,-0.13591948298257217,-0.21448095052155966,0.3269465849596379,0.08921260030759669,0.12650670576703935,-0.00735841388488234,0.44178374200129095,0.3125867605925619,0.5197108909944298,0.42883599359306396,0.2683406513718334,0.17072093968395635,-0.3358716700268549,-0.00643881136992087,-0.28198965646391316,-0.32638876714293685,0.23338778697734464,0.2417566479930512,0.3419949158890421,0.030040880077138236,-0.010086939891145837,0.32104487245894064,0.08912653698730566,-0.21315175035262054,-0.2689048442492967,0.1143972778490545,0.14385165233606134,0.07242228402489462,-0.14415765525265162,-0.24624150323932775,-0.15196551092127597,-0.2450143040425854,-0.42859692881447775,0.45387882603256063,0.36805457052012525,0.05339113388424484,-0.11291985751739196,-0.1651746368207572,-0.03445879718541067,0.15582720397803793,-0.22570105746320396,-0.09471905904103148,-0.12659276908733036,-0.22701272621504673,-0.2872235813497597,-0.27095920757994724,0.0010008845396807689,-0.33194941389285115,-0.40561005347082213
#52,0.7008853365633642,0.6107371960889002,0.42075401031166076,0.6168413167688005,0.1669229972348174,0.2889623791726765,0.5932631545394417,0.7055933189363212,0.306372670114512,0.7841181298759253,1.0,0.11797846823227534,0.35613320689462824,0.19195307955278948,0.23891974595382862,0.31167672066874386,0.33672114687343113,0.1750209181681263,0.18907314585342141,0.22891568185259265,0.10758393165934863,0.22577437066197037,0.0009721967662504283,0.11804062507470775,0.055914064180924226,0.23981862952131264,-0.13091506028416833,-0.11547147558750169,-0.07322554168094415,-0.1142283387388536,-0.12341958259289659,-0.24032225932153417,-0.3788937675812223,-0.29845803217811917,-0.36641299237383357,-0.16115834854050953,-0.26515312099068444,-0.12882244658894404,-0.2145526699551355,0.10158978077759803,-0.07712707886747046,-0.023737538748416196,-0.022532652264341896,0.17638358740606747,-0.20462670034823768,0.06994876044912303,-0.48670401389763246,-0.310620054347393,-0.21412075958848983,-0.1362812676808326,-0.25581046944353686,-0.04004813170875535,-0.14209054180047653,0.03488114496091291,0.0073966642494561275,0.05759867398736144,-0.3381937859095219,-0.12420371506665923,-0.34844328985010636,-0.27662185530205835,-0.07277131860163043,0.0015650774171441322,-0.09152674736431081,-0.1793958036162532,0.19673915642008463,0.029991473356230428,0.11160181370478688,-0.06027301197714541,0.4710867087951932,0.36492122815545586,0.49988285825849277,0.45659300815210896,0.2385340547777096,0.14085218624740017,-0.287784586696842,0.006990254125859637,-0.17390687629991472,-0.2392576241742304,0.20346803305469005,0.27945716357609035,0.2078174182597678,0.09053223788539234,-0.1551912916669987,0.2823434723362207,0.1395134234873176,-0.08887950338276662,-0.16989855684561994,0.06669429192996995,0.09069798946521208,0.023508036560973472,-0.19954258939030511,-0.37580186311150776,-0.30549609925969606,-0.1574209691686124,-0.38309971391914827,0.4476312664855087,0.3410609694873654,-0.14172078827626325,-0.19013618723553458,-0.29790340189179926,-0.13851732024320856,0.06390998414203636,-0.18812804309541076,-0.19608093139637736,-0.2501717281992844,-0.37890014264198457,-0.40333096924830064,-0.23589956091769,-0.024770298591908452,-0.26455386527902847,-0.3163209524340779
#53,0.0734279498601471,0.18250364573787345,0.06932878578998956,-0.04828152268326307,0.5384774761134442,0.227446230346883,0.2529990676473635,0.11246563443807824,0.3459809226306688,0.15287714461028457,0.11797846823227534,1.0,0.450334292248723,0.24058523057797895,-0.07880212608276423,-0.17624174230410633,0.16403031341392474,0.1467140546183331,-0.2303548518196814,-0.2850895297595805,-0.274334802253584,-0.2628134736909211,-0.11227119508482815,-0.21944234155981798,-0.08400258189960873,-0.19537011212138117,-0.2901863908390377,-0.2953485962913084,0.08675501438373084,-0.04223477755022353,-0.04390026217437385,-0.13542063447792238,-0.00042394154069280975,-0.11309039039278343,-0.035043709010351504,-0.12150387683382607,-0.11187912884794683,-0.17786897656368286,-0.20849954976133367,-0.298934567970101,-0.005221174764321972,-0.08823562224577453,-0.004548605853899545,-0.17349887241112766,0.09847078229964379,-0.027996079337631187,0.06268278494529402,-0.12985839396281745,-0.051612491931563725,-0.24322928702914198,0.05214162197483445,-0.06147789846121971,-0.01833308098717816,-0.20814892141940727,-0.20079369506490607,-0.3352612579588649,-0.055560248308616694,-0.32480137701312467,0.014479356756369084,-0.08562822239399469,0.2858035365649579,0.2568256978699328,-0.005949525456414507,0.08857031293579518,-0.04988325669979042,-0.25431233016439686,0.04035413462534565,0.12637601702141224,0.015571085911912598,-0.0715425256396975,0.10948688729689454,0.051896182135485976,0.04235590370470719,0.12827897265895816,-0.1819442341559818,0.05415932870610173,0.162527392839213,0.08279769541553443,0.18370215716118543,-0.030407446070970363,0.26491086868171715,0.3460829236028656,0.3010941198033294,0.4309987329566735,0.49508562503486364,0.22830048848903092,0.20791304417120227,0.30346086111133247,0.05844496330355649,0.12794109443855636,0.09824924893815394,0.16718278096088104,-0.07680354453378384,0.26544796755094074,0.19642518467754147,0.272495597223661,-0.09386639466407415,0.2587700914024337,-0.014351855541123126,0.015429240809951469,-0.10912032130306241,0.21701184964419193,0.01982962650112759,0.13618882929977927,0.15050084071113803,0.10809871781590419,-0.060821267202703026,0.23120114113587645,0.15211532484918996,0.23032138275067934,0.1957542095323096
#54,0.2408561706603766,0.4469618851054674,0.2301110057455235,0.24108567284781934,0.20381866139661645,0.2742009259775757,0.5651236363346588,0.3647809768186853,0.36774697383834437,0.40468566966028896,0.35613320689462824,0.450334292248723,1.0,0.43811011323701676,-0.00973153025364773,0.066042441967025,0.2352317733028393,0.3166907059582912,-0.01671540931874507,-0.12864075735721855,-0.3034767987632382,-0.05436333065049526,-0.049199531433033974,0.025283490983273434,0.02195730303054451,0.01525073910860713,-0.06574122034600642,-0.04552749643395038,0.07502809011148387,-0.07464080517017428,-0.036003155655077335,-0.28553897154332253,-0.11461721744535378,-0.26274175425734525,-0.17201029572313112,-0.23811489453258852,-0.27461211739674396,-0.3065814533544773,-0.41497023643506603,-0.23443648447274262,-0.12937707687526398,-0.11333423646694132,-0.14446365816924192,-0.2025850871391118,-0.23470423702475915,-0.013135812700714804,0.003593940504745436,-0.09041908055686156,-0.010410474224832456,-0.1289945732295261,-0.08461777526317048,0.09994023380535345,-0.04815720899839827,0.04569643554415128,-0.21713297579867558,-0.06987704101554718,-0.349515893823363,-0.44377913601989016,-0.08531106312107037,-0.18734709815202927,0.1999489995139016,0.22035556901401718,-0.0776737403278375,0.06499055694124585,0.26120217708325033,-0.16274095737474997,0.22812517431806772,0.1871622213899226,0.24102829730095865,0.13771725011754019,0.32023205221174766,0.18178485763692434,0.15443744073185697,0.2629409749061671,-0.26336013515128814,0.053990389595900835,0.04299022225055583,-0.05382463801608109,0.3261353584776355,0.2276390759349425,0.23818820773135493,0.4977105563037398,0.12566838527679716,0.33511781909171323,0.2688379061112926,0.11580297874714118,0.0462446907697089,0.1430531759755835,0.14675230498290687,0.1464510833618883,0.020994668855437527,-0.10681892436787288,-0.15932870610173003,0.023237096478575813,-0.17723306425264365,0.4054124265871909,0.22149511112527792,0.16743300209580123,0.03145773733155894,0.006999816717003084,-0.07846584162755302,0.14712683980269187,-0.19354046968260166,-0.018704428276582013,-0.04650447449577254,-0.04636900445457371,-0.11256763541027501,0.09012423399660528,0.18205739148451258,0.03695782100423144,-0.10597422881686841
#58,-0.03450820390631848,0.1889297069862697,-0.07493724549562113,-0.059128688570312934,-0.047771517822279244,-0.05226434189450868,0.5396138306943238,0.13026639785160452,0.2597566320553993,0.23000741100813618,0.19195307955278948,0.24058523057797895,0.43811011323701676,1.0,-0.013148562822239399,-0.11077464957087872,0.009239056809760218,0.014531951007658042,-0.2152013323876993,-0.22489939357234498,-0.2080341703256859,-0.1312848138083816,-0.03494330180334531,0.039262405469802135,0.056637633577445036,-0.07323988556765931,-0.17542732829172278,-0.14719218417550542,0.27478743156770713,0.1649546972244579,-0.0004064101235964905,-0.012944560877845866,0.06675485500721179,0.005460239542908143,0.12516794300695677,-0.04831658551745571,0.061081050928766666,0.014144666066348444,-0.1450963829499,-0.07812158834638892,0.08548318976165241,0.05948728573819219,-0.09199212679995857,-0.23546446302066318,-0.14254476487979026,-0.205831586832312,0.006161496226760911,-0.07390607941731944,0.017630230538134818,-0.0683773079712166,0.045074867119827236,0.021485548534134466,-0.017754544222999626,-0.05695638661555993,-0.18129557172341798,-0.18822366900684523,0.027371323382925992,-0.2295930320585868,-0.06279434850863422,-0.24451067424236386,0.13060108854162517,0.11089896325574353,0.378759891305214,0.24809983345153758,-0.12381005506458734,-0.1609607216568783,0.6112727011929332,0.48088677095203564,0.09633991823984572,0.16203332563013492,0.0823434723362207,0.041294456087784585,0.20130369992588992,0.1567037748328539,0.1729219294121397,0.2102000972196766,0.12223541505629976,0.03143701838408147,0.38757819410466254,0.04492345942672266,0.286480886770952,0.4239829785877647,0.05512515041158986,0.26147471093083857,0.368336666958857,0.09396998940146148,0.06250428324394967,0.1614723202830527,0.12104805998932178,0.28210281379244395,0.0615655555467013,0.04363569715273849,-0.018747459936727523,-0.006923315987855509,-0.13010383380216592,0.05052873160197308,-0.0071671620620134035,0.025920997059503223,-0.1556407334507407,0.07336898054809585,-0.134920192208082,0.029342810923666616,-0.03129676704731092,0.06024751173409622,-0.04313684864808868,0.030286319916486705,-0.09618851054674114,0.1329343607806262,0.11794659292846385,0.04824645984907044,-0.05548852887504084
#101,0.20303612268804436,0.1538939668018711,0.07371960889002223,0.2402457585923866,-0.09577731912757294,0.06364223159001985,0.07693582704460152,0.19652559188454766,0.04894771653292321,0.23152148793918192,0.23891974595382862,-0.07880212608276423,-0.00973153025364773,-0.013148562822239399,1.0,0.6912064005610054,0.22101379403772442,-0.01678712875232092,0.7189490712333352,0.5937078150276119,0.6252866785136546,0.43175099012662466,-0.1459442660312856,0.05630772418299612,0.10628023173345871,0.2607192662305063,-0.05845452589469993,-0.17052809409589686,0.10624676266445665,0.04447720517336181,-0.37102853636573724,-0.3182796898532939,-0.24935412665651968,-0.1798468391651858,0.038127644654113106,0.11862234936926742,0.23882412004239414,0.2038585055263808,0.27359370143996686,0.2983209683717298,-0.060357481532245856,0.48306226043716977,0.31664767429814566,0.4188287419614468,-0.28001816892317255,-0.08821809082867821,-0.3556965152324108,-0.3326697957589908,-0.4486688076245727,-0.2383029588250763,-0.42720397803791565,-0.21645562559268142,-0.3188502577915196,-0.10910757118153783,0.27271234928957916,0.15240539011387452,-0.48376192335583196,0.05379116894707903,-0.29438436835101084,-0.3560072994445728,-0.2936416737722031,-0.20869398911458376,0.1950497653180757,0.13654105140689624,0.1551657914239495,-0.09538206536031046,0.312204256946824,0.12904716748081504,0.5351002876746169,0.42134848472774505,0.3159145423104814,0.3084875965224044,0.16375299827076475,-0.1360246714851501,-0.1283698172748209,-0.2740925499446167,-0.4196272183219246,-0.47157918223908074,0.1806453155256636,0.37121022559746275,0.11897138394600323,-0.12405708866912638,-0.1233685821067982,0.12791081289993544,-0.2005562240515105,-0.4531568504012304,-0.5148515009283682,0.13422212305461037,0.09847715736040609,-0.0762441329518922,-0.1091521966068739,-0.429307748089474,-0.1888372686052164,-0.4805903306265888,-0.49756233614101636,0.11569141518380097,0.18518914008399143,-0.3512642542374232,-0.11361473914048244,-0.4293571548103818,-0.336343424523265,-0.24426842193339654,-0.24160205276956545,-0.2953278773438309,-0.3152260357481532,-0.3284271928216816,-0.1937954721130936,-0.38145494824247544,-0.10697033206097746,-0.4281267680832583,-0.4205707273147447
#102,0.39100160173401655,0.3514618811210544,0.14035811903832207,0.3438373084493462,-0.12908382408019825,0.10271019770657189,0.09873534732127916,0.3422100741897696,0.02890133796587749,0.2722437823235503,0.31167672066874386,-0.17624174230410633,0.066042441967025,-0.11077464957087872,0.6912064005610054,1.0,0.14830781980890756,0.07877981337009618,0.6780211811393827,0.7702762791957861,0.4727043804636263,0.7221206639625783,-0.11800078094494339,0.22234140044147296,0.08427830327757811,0.5476065631250547,-0.012203460064228738,-0.08826909131477659,-0.06950888125652448,-0.04172158515885854,-0.1402640868920782,-0.24777629911785096,-0.17298408625457212,-0.09646263815951996,-0.12475993911816972,0.064544302687885,0.043938512538947636,0.2330020958012256,0.0855214401262262,0.3821928615257114,-0.14470112918263753,0.38305030719824046,0.20546023954290815,0.476742981456542,-0.35594354883694984,-0.02448342085760505,-0.3845946656679071,-0.28404083226418253,-0.4052418937117994,-0.18364956290989648,-0.4184303006638032,-0.16578186135836606,-0.28954569723242674,0.0637506076229789,0.19142713703989991,0.345343416554439,-0.6273027914797313,0.08209165743610994,-0.32221150857844116,-0.33290567300719587,-0.2959940711934911,-0.2640119851142331,-0.02851405302456789,0.03187530381148945,0.20891233494569245,-0.10031636239032904,0.12475356405740742,-0.0748766824183793,0.514964658256899,0.526178390137781,0.290717114647499,0.27530381148945327,0.12013961383069433,-0.09575022511933316,-0.2913036202376304,-0.32827897265895817,-0.42575524547968346,-0.5335814294479995,0.0022918343440460915,0.49325279506570296,0.10815131206719314,-0.20575189857278328,-0.10346723617209476,0.08237853517041334,-0.321620221692738,-0.430891950688905,-0.5247073448668808,-0.10398680362422204,0.11907019738781885,-0.1968666576353306,-0.0989823809258182,-0.6091896500888524,-0.2546406457936552,-0.43397269880228545,-0.49801815298552066,0.1397763947437624,0.3452318529910988,-0.3815059487285738,-0.08094892779446804,-0.36431081608746585,-0.2472503566049614,-0.21868052179872338,-0.2011299795201173,-0.31268716779956807,-0.2015794213038593,-0.24626700348237693,-0.14088565531640224,-0.4099594386758999,-0.1470933707336898,-0.41242021213014685,-0.39476288758377226
#201,0.4499661324897003,0.26205165392982654,0.7787152658798779,0.47895034624548766,0.2668616372749803,0.37133294551713697,0.17154491628748336,0.3203531783662313,0.050437886986110333,0.461023675381906,0.33672114687343113,0.16403031341392474,0.2352317733028393,0.009239056809760218,0.22101379403772442,0.14830781980890756,1.0,0.37581620699822293,0.14122831483237575,0.03352485078373403,0.08731601973081306,0.1438468710404896,-0.14059080875614596,-0.18246698913849022,-0.016202216927380088,0.03847986676123007,0.11926623050625951,-0.05127780124154308,-0.1176437775422547,-0.3000517973686937,0.03692435193522938,-0.4060961518539474,-0.12282988947238403,-0.42468742280199856,-0.282349847396983,-0.41318840695200376,-0.32918901258277616,-0.32879216505032316,-0.2036337846345098,-0.22362916271545713,-0.15368996485747755,-0.12820087816462,-0.12812118990509128,-0.07914319183354716,0.0501031962960897,0.11943038832088869,-0.15842822876905546,-0.2854465331622692,-0.2953661277084047,-0.2462207842918503,-0.17080222170867565,-0.07626644566456024,-0.002734901067025795,0.20063909984142037,0.005747117277211548,0.16648471180740942,-0.3584266350038649,-0.3220393819378591,-0.2335949764521193,-0.2948306226043717,-0.07596841157392281,-0.021169983026400722,-0.4124249934257186,-0.14651802149989243,0.49207181505948727,0.05305803695941477,-0.034291451840400354,-0.2515136784897481,0.6154117093928552,0.3021364422379651,0.7325183880658862,0.6846639944536972,0.3540868123899306,0.32177959821179547,-0.2557833754352971,0.021689550478527997,-0.17230832981376853,-0.25661850839515815,0.15318314752687487,0.1050068133461897,0.125354413534254,-0.028013610754727507,-0.18662352875550844,0.30511200184876763,0.07603375594673636,-0.14980277155766641,-0.19956808963335432,-0.029688657970021275,-0.07230275163560153,-0.10671692339567611,-0.08117842998191077,-0.10664679772729084,-0.2371666042441967,-0.17386862593534094,-0.2546087704898437,0.6251400521161218,0.25707273147447185,0.4606523280925021,0.13414243479508164,-0.016882754663755387,0.10441074516491486,0.5747181027819172,-0.07604650606826097,0.24484217740200337,0.047835268429902225,0.13463012694339743,-0.19235630214600483,-0.12024639609846281,0.1348883169042705,-0.19472782474957964,-0.3952744862099467
