,#10,#11,#12,#13,#17,#18,#26,#49,#50,#51,#52,#53,#54,#58,#101,#102,#201,#202,#301,#302,#401,#402,#501,#502,#601,#602,#701,#702,#801,#802,#901,#902,#1001,#1002,#1101,#1102,#1201,#1202,#1301,#1302,#1401,#1402,#1501,#1502,#1601,#1602,#1701,#1702,#1801,#1802,#1901,#1902,#2001,#2002,#2101,#2102,#2201,#2202,#2301,#2302,#2401,#2402,#2501,#2502,#2601,#2602,#2701,#2702,#2801,#2802,#2901,#2902,#3001,#3002,#3101,#3102,#3201,#3202,#3301,#3302,#3401,#3402,#3455,#3501,#3502,#3601,#3602,#3701,#3702,#3801,#3802,#3901,#3902,#4001,#4002,#4101,#4102,#4201,#4202,#4301,#4302,#4401,#4402,#4501,#4502,#4601,#4602,#4701,#4702,#4801,#4802
#10,1.0,0.11112136239572522,0.1987390919924653,0.3824472379195018,0.19079690923768886,-0.01972090877638104,-0.0884634605774036,0.47496251874062967,-0.023549763579748587,0.41988236650905314,0.4966362972359974,0.4315765194325914,0.10932995040941068,-0.12003229154653443,0.017714219813170336,0.1305577980240649,0.3179410294852574,-0.24861415446123092,-0.29201553069619035,-0.04698420020758851,-0.023003882674047592,-0.027970630069580595,-0.01981317033790797,0.08789451428132088,-0.10976819282666359,-0.0635605274285934,-0.09818167839157345,-0.1732210817668089,-0.19155037865682542,0.0004459308807134894,-0.07510859954638066,-0.20974128320455157,-0.18416176527121056,-0.15463037711913274,-0.10648521892899704,-0.14223657402068196,-0.2556029677468958,-0.08854034521200937,0.031491946334525046,0.019951562680198362,0.26657440510513974,-0.01646100026909622,0.2468919386460616,-0.044462384192519126,0.06868104409333795,0.23458270864567715,-0.1279052781301657,-0.09300734248260485,-0.034728789451428134,0.09534463537462039,-0.06870410948371967,0.19427209472186985,-0.0008457309806635144,0.03321416214969438,0.02424941375466113,-0.1579056625533387,-0.04679198862107408,0.08236650905316573,-0.08035982008995503,0.13529389151578058,-0.12717487410141085,-0.20918771383539,-0.08682581786030062,-0.029216161150194132,-0.18688348133625496,-0.1221158651443509,-0.1910506285318879,-0.08591857917195249,-0.230692346134625,0.1446430630838427,-0.09783569753584746,-0.12441471571906354,-0.030492446084649984,0.05753277207550071,-0.09674393572444547,-0.0913927651558836,-0.05453427132587552,-0.20507438588398108,-0.0021989005497251375,-0.2749086994964056,0.15415369238457693,-0.044108714873332566,,0.11630338676815438,0.10456310306385269,-0.022165840156844654,0.06880405950870719,0.2897628109022412,0.04419328797139892,0.20714258255487641,0.30106485218928997,0.24671510398646831,0.0034751854841809865,0.017729596740091492,0.20933379464114096,-0.1403913427901434,-0.1905816322607927,0.12413024257102218,-0.10024987506246877,-0.28760235266981893,0.12308461154038365,0.15449967324030292,0.03052319993849229,0.1407603890362511,-0.06513666243801176,-0.23125360396724715,-0.00944912159304963,-0.10075731365086688,-0.14090646984200209,0.12777457425133587,0.20147618498443087
#11,0.11112136239572522,1.0,0.28137469726675124,0.09597508937838772,0.24250951447353247,0.16916926152308462,0.14857186791219776,0.10391727213316419,0.22982354976357974,0.500319071233614,0.07613885365009802,0.10743858839810864,0.3407603890362511,-0.028947064929073923,0.025694844885249684,-0.001906738938223196,0.24329373774651136,0.20171452735170875,-0.3305885518779072,-0.12584476992273094,0.10746165378849037,-0.05738669126974974,0.0004536193441740668,-0.033560143005420366,-0.17745742513358706,-0.2534040671971706,0.06080036904624611,-0.10014992503748125,-0.31345865528774075,-0.0699880828816361,0.13311805635643717,-0.09396071195171644,-0.04340906469842002,-0.037857994079883134,0.010179525621804483,0.00867258678353131,-0.12084726867335563,-0.06378349286895015,-0.25710221812170836,-0.17054549648252795,-0.24979048937069925,-0.24976742398031754,-0.17991004497751126,-0.2039134279014339,-0.1503248375812094,0.0965671010648522,-0.11045246607465498,-0.052496828508822514,0.0033675469957329027,-0.2601545381155576,0.12334601929804329,-0.12198516126552109,0.1028947064929074,-0.01140199131203629,-0.12040902625610272,0.07844539268827125,-0.062253488640295236,-0.0626071579594818,-0.233275669857379,-0.29136969976550187,-0.06741244762234268,-0.019774728020605082,0.009018567639257295,-0.09882750932226195,0.0513435589897359,-0.1508630300234498,0.12489140045361935,-0.0467843001576135,0.09890439395686772,0.26747395533002727,0.35136278014838734,0.2960596624764541,0.06254565025179717,0.34099104294006843,-0.1732595240841118,0.02306539038173221,-0.07236381809095452,-0.04320147618498443,-0.09231538077115288,-0.24663053088840195,-0.1739745511859455,-0.2168684888325068,,0.06322992349978857,0.20922615615269288,-0.2030292546034675,0.07766116941529236,-0.011271287433206474,0.03189174643447507,0.0007304040287548534,0.01666858878253181,0.11501172490677739,-0.20116095798254718,0.09086994964056433,0.04383961865221236,-0.04653826932687503,-0.08252027832237727,0.07577749586745089,0.2771691077538154,0.02795525314265944,0.23697382078191673,0.002767846845807865,-0.07527774574251336,-0.03841925191250529,0.1687002652519894,0.09245377311344327,0.1353169569061623,0.05008265098220121,-0.13475569907354015,0.03534386652827432,0.13688540345212008
#12,0.1987390919924653,0.28137469726675124,1.0,0.5585284280936454,0.044047207165647945,0.08434244416253411,-0.2603544381655326,0.3785030561642256,-0.06848883250682351,0.6007611578825972,0.14734171375850535,-0.022035136278014837,-0.012032445315803636,-0.11703379079690923,-0.027140276015838235,0.08228193595509938,0.4960827278668358,0.09376081190174143,-0.12067812247722293,-0.18639910813823857,-0.1333487102602545,-0.17178333909968094,-0.0958828278168608,-0.20478222427247914,-0.06540575865913197,-0.2381809095452274,0.05107446276861569,0.012086264560027678,-0.27357090685426516,-0.19800868796371046,0.1344635374620382,-0.09296121170184139,0.04426248414254411,-0.045331180563564374,-0.0611771037558144,-0.19594049129281513,-0.024395494560412102,-0.08997808787913736,0.12037058393879983,0.08039057394379734,-0.00010763848844808364,-0.29457578902856263,0.0932610617768039,-0.2601545381155576,-0.0013993003498250875,0.22942374966362972,-0.032798985122823206,-0.09780494368200515,-0.20194518125552607,-0.049905816322607925,0.09821243224541576,0.1506631299734748,0.14132933533233383,0.2559028178218583,0.16799292661361626,0.14232114711874833,-0.14780302156614,-0.25597970245646406,-0.07817629646715105,0.023357551993234152,-0.1865528774074501,-0.07013416368738708,-0.2895782877791873,-0.22307307884519278,0.19876215738284703,0.03496713181870603,-0.14365893976088878,-0.3127666935762888,-0.12619075077845693,-0.14887940645062084,0.09222311920962596,0.13846153846153847,0.059800868796371046,0.07986775842847807,0.008149771268212048,-0.05483412140083804,-0.03605889363010802,-0.10301772190827663,-0.282197362857033,-0.17219082766309154,-0.025756352592934302,0.06628993195709837,,-0.04948295083227617,0.03591281282435705,-0.09047783800407488,-0.10254872563718141,0.004789912735939723,0.1997924114865644,0.024795294660362125,0.15060931072925077,0.010517818014069888,0.03378310844577711,0.008880175296966901,-0.14485834006073886,0.2593395609887364,-0.09649021643024641,0.335832083958021,0.3493945335024795,0.05268135163187637,0.0661130972975051,0.002229654403567447,-0.14232114711874833,-0.04280936454849498,0.060123784261715295,0.08403490562411102,0.11192096259562527,-0.14471994771844846,-0.00497443585899358,-0.08907853765424979,-0.12158536116557106
#13,0.3824472379195018,0.09597508937838772,0.5585284280936454,1.0,0.022942374966362974,0.02567946795832853,-0.17129896590166455,0.36051974012993504,-0.03319878522277323,0.5856533271825626,0.34877945642563335,0.22139699381078692,0.02122784761465421,-0.10739245761734517,0.007219467189482182,-0.16799292661361626,0.3465190481682236,-0.43673547841463883,0.04376273401760658,0.008864798370045746,-0.009910429400684274,-0.042655595279283434,-0.08135163187636951,0.02138161688386576,-0.0941836773920732,-0.11561142505670242,0.054511205935493794,0.16447929881213239,-0.27330181063314496,0.006073886133856149,0.035082458770614694,-0.11297428208972436,-0.150186445238919,-0.016145773267212546,0.02149694383577442,0.11094452773613193,-0.0646446007765348,0.08106715872832815,0.015745973167262523,-0.06548264329373775,0.1541690693114981,0.06163072309998847,0.2520970284088725,0.021043324491600353,0.18759850843808865,0.13219544074116787,0.011686464460077654,0.07304809133894591,-0.07448583400607389,0.0161611501941337,0.038511513474032213,-0.012570637758044055,-0.15795179333410217,-0.08461922884711491,-0.06720485910890708,-0.1487563910352516,-0.033560143005420366,0.021858301618421557,0.04868335063237612,0.09752047053396379,-0.27823011571137507,-0.27477030715411527,-0.026840425940875715,-0.024480067658478454,0.05617960250643909,-0.21655326183062315,-0.003006189213085765,-0.26421404682274247,-0.1050013454811056,-0.014823357551993235,-0.09882750932226195,-0.20456694729558297,-0.054265175104755314,0.040971821781416985,-0.08950140314458156,-0.068388882481836,-0.12838196286472148,-0.1648560335217007,-0.12632145465728675,-0.14483527467035712,0.14446622842424942,-0.0625687156421789,,-0.0073501710683119975,0.06343751201322416,-0.09850459385691769,-0.15448429631338176,-0.0064121785261215545,0.18497674239803175,0.18879790873793872,0.3164340906469842,0.11866374505055165,0.1743820397493561,-0.06791988621074078,-0.02715565294275939,-0.09450659285741744,0.009372236958443855,0.011870987583131511,0.18729096989966554,-0.09944258639910813,-0.10690039595586821,-0.15378464613846923,-0.1742436474070657,-0.059447199477184486,-0.20365202014377426,-0.25531080613539386,-0.15982777841848306,-0.23345250451697228,-0.20695805943182255,-0.06212278476146542,-0.07632337677315189
#17,0.19079690923768886,0.24250951447353247,0.044047207165647945,0.022942374966362974,1.0,0.38552262330373277,0.17652712105485718,0.0918310075731365,0.3474647291738746,0.341344712259255,0.11574981739899282,0.5599200399800099,0.47823780417483563,-0.03730442471072156,-0.09536770076500212,0.03597432053204167,0.038303924960596626,0.04214815669088533,-0.386737400530504,-0.1733594741090993,0.052896628608772533,-0.22384192519125054,0.062676354130627,-0.10308691807942183,-0.03506708184369354,-0.01456963825779418,0.05963941106369892,-0.249613654711106,-0.2510437089147734,-0.0865951639564833,-0.1810171837158344,-0.11677238303924961,-0.1549148502671741,-0.20393649329181562,-0.32542959289585977,-0.24041825241225542,-0.3499481028716411,-0.16395648329681314,-0.008526505977780341,-0.2420866489832007,-0.0591012186214585,-0.2551109060854188,-0.14424326298389267,-0.1451581901357014,-0.05905508784069504,0.202383423672779,-0.05683312190058817,-0.0003844231730288702,0.4100949525237381,0.07623111521162496,0.2506977280590474,0.15200092261561526,0.18324683811940184,-0.04115634490447084,-0.05907815323107677,-0.11997847230231039,0.1482873947641564,-0.03947257140660439,-0.08194364356283397,0.05105139737823396,0.023903432898935147,0.0955445354245954,0.07936800830354054,0.21809095452273863,-2.306539038173221e-05,0.0636989197708838,-0.018467689232306923,0.05943182255026333,-0.05335793641640718,0.20328297389766656,0.11670318686810441,0.0014069888132856648,0.12588321224003382,0.36759312651366627,-0.06768154384346288,0.12863568215892054,0.03013877676546342,0.15691385076692424,-0.09618267789182332,-0.22583323722754006,-0.16169607503940336,0.21556913850766923,,0.2775381539999231,0.39531772575250834,-0.11601891362011302,0.2420866489832007,0.13811555760581248,0.057079152731326646,0.29199246530580864,0.11219005881674547,0.2954984046438319,-0.15047091838696036,-0.1318802137392842,-0.11837927190251028,-0.1467881443893438,-0.15710606235343866,-0.15268519586360665,-0.13425594894860263,0.1216391804097951,0.13465574904855265,-0.004343981855226233,0.11149040864183293,-0.0789067004959059,-0.0008303540537423596,-0.038842117402837044,-0.05682543343712759,0.03425979318033291,-0.051182101257063774,-0.09419905431899435,0.11654172913543229
#18,-0.01972090877638104,0.16916926152308462,0.08434244416253411,0.02567946795832853,0.38552262330373277,1.0,0.07485488025218161,0.11345865528774074,-0.026525198938992044,0.21196324914465844,-0.09768961673009649,0.1807480874947142,0.5328950909160804,-0.0020758851343558988,-0.062253488640295236,0.026994195210087266,0.07757659631722601,0.19157344404720716,-0.19158113251066775,-0.06811209779725522,-0.0808441932879714,-0.15748279706300697,0.01335486103102295,-0.05032099334947911,-0.02664821435436128,0.0139161188636451,0.16071195171644947,0.018790604697651175,0.2565717141429285,0.11464267866066967,0.31315111674931767,0.12958136316457156,0.06438319301887518,-0.09655172413793103,0.1359243455195479,-0.06755083996463307,-0.13471725675623727,0.023972629070080343,0.02442624841425441,-0.23570522431092147,-0.16610925306577481,-0.2094568100565102,-0.14514281320878022,0.05414215968938608,-0.27646945757890284,-0.061784492369200014,0.20468227424749164,0.20644293237996386,0.2137085303502095,0.10626994195210088,0.03961865221235536,-0.14615769038557644,0.12296159612501442,-0.04961365471110599,0.01033329489101603,-0.060315995848229734,-0.13333333333333333,-0.19838542267327874,-0.07500864952139315,-0.13108830200284474,0.12280782685580287,0.16840041517702686,0.01794487371698766,0.0970053434821051,0.2897858762926229,-0.09142351900972591,0.2463153038865183,0.2700726559797025,-0.02497212931995541,0.052796678583785034,0.27530849959635567,0.15054780302156615,0.0795525314265944,0.27996001999000497,0.042740168377349785,0.03070772306154615,0.06738169376850037,0.2191904047976012,0.03973397916426402,0.15932033983008495,-0.329573674701111,0.2187906046976512,,0.04802214277476646,0.21160957982547188,-0.09614423557452043,0.14002229654403567,-0.24034136777764964,0.14970207204090263,0.1973859224234037,0.19080459770114944,-0.04433936877714988,-0.11270518586860416,-0.3389920424403183,-0.3573136508668743,0.07586975742897782,-0.10419405681774498,-0.14630377119132743,0.024526198439241916,0.12018606081574597,0.16456387191019875,-0.11606504440087649,0.13946103871141352,0.03734286702802445,0.17667320186060817,0.1751278207050321,0.11947103371391228,0.009987314035290048,0.07377849536770076,-0.26592088571099065,-0.12477607350171069
#26,-0.0884634605774036,0.14857186791219776,-0.2603544381655326,-0.17129896590166455,0.17652712105485718,0.07485488025218161,1.0,-0.04267866066966517,0.012839733979164264,0.07640794987121824,0.1677084534655749,0.014246722792449928,0.3500096105793257,0.5976396417176028,0.3083381386229962,-0.036966132318456156,-0.2501210932995041,0.006504440087648483,-0.013078076346442164,0.10008072886633607,0.292476838503825,0.032491446584400105,-0.05492638296236497,-0.07312497597355169,0.00017683465959328028,0.008680275246991888,-0.27426286856571713,-0.12682889324568486,0.030254103717372083,0.11734132933533234,-0.1402452619843924,0.2366432168531119,0.12566793526313766,0.11690308691807942,0.06257640410563949,0.1277284434705724,0.14805674086033907,0.03479798562257333,-0.24175604505439588,-0.06710490908391958,-0.13508630300234498,0.016445623342175066,-0.15303117671933264,0.010133394841041019,-0.0006612078576096567,-0.1971706454465075,-0.2413793103448276,-0.08814054511205935,-0.007872986583631262,-0.15584515434590396,-0.3998385422673279,-0.11089839695536848,-0.34652673663168415,-0.23241456194979435,-0.17871064467766118,-0.043009264598469994,0.18579940798831354,0.0384807596201899,-0.21392380732710567,-0.18086341444662285,0.09605197401299351,0.0022373428670280243,0.38333141121746817,0.23385999308038288,-0.21329335332333832,-0.18413869988082882,0.4016760850344059,0.37764194825664094,0.2687041094837197,0.2840425940875716,0.2650290239495637,0.11964017991004498,0.17000730404028755,0.0030523199938492294,0.2516741629185407,0.2165993926113866,0.27943720447468573,0.2304232499135048,0.13663937262138162,0.0235113212624457,-0.1352477607350171,0.018075577595817478,,-0.056556337216007384,-0.10186445238919002,-0.20466689732057047,0.019013570138007918,-0.11288970899165801,0.14801829854303616,-0.19939261138661438,0.043716603236843114,-0.12249259985391919,-0.05384230961442356,-0.19089685926267635,-0.2693806942682505,-0.14390497059162727,-0.1975550686195364,-0.19793949179256526,0.021420059201168646,-0.17343635874370508,-0.12488371199015877,-0.1503248375812094,0.15476108099796257,-0.21882904701495406,0.053888440395187025,-0.2241263983392919,0.09555991235151655,0.17252143159189637,-0.037373620881866756,-0.07253296428708722,-0.11845615653711605
#49,0.47496251874062967,0.10391727213316419,0.3785030561642256,0.36051974012993504,0.0918310075731365,0.11345865528774074,-0.04267866066966517,1.0,0.2381040249106216,0.455872063968016,0.32689040095336946,0.08744858340060739,0.04466228424249414,-0.04962134317456656,0.029323799638642217,0.080705800945681,0.18929765886287625,-0.12136239572521432,-0.09242301925960097,0.018114019913120363,-0.02249644408564948,-0.18433859993080384,-0.20648137469726674,0.08719486410640834,-0.27786875792872795,-0.09926575173951485,-0.04207896051974013,-0.006927305577980241,-0.3173567062622535,-0.11145965478799062,-0.021604582324222504,-0.02872409948871718,-0.07416291854072964,0.00361357782647138,-0.0802291162111252,-0.05621804482374197,-0.07879137354399723,-0.021243224541575366,0.03400607388613386,0.032499135047860686,0.014869488332756699,0.011063698919770883,0.13738515357705763,-0.0367124130242571,-0.06562103563602814,0.15677545842463383,-0.1116364894475839,-0.04111790258716796,-0.07693845384999808,0.10830738476915389,-0.13068850190289472,0.05123592050128782,-0.007988313535539922,0.045707915273132664,-0.050567024180217586,-0.13468650290239495,-0.059908507284819126,-0.05040556644754546,-0.3393226463691231,-0.12461461576903855,-0.25983162265021337,-0.13584746088494215,0.010494752623688156,-0.04179448737169877,-0.04503901895206243,0.11356629377618883,0.051927882212739786,0.021189405297351326,0.07369392226963441,0.22341905970091877,0.20864952139314957,0.049206166147695386,0.2400184523123054,0.17894898704493906,0.06401414677276747,-0.1426056202667897,0.10130319455656787,-0.01765271210548572,0.09429131588052128,-0.1062238111713374,-0.14965594126013917,-0.19743974166762773,,0.08572636758543806,0.0084726867335563,-0.15469957329027795,-0.17704993657017645,0.01012570637758044,-0.09636720101487718,0.18130165686387575,0.17438972821281667,0.023034636527889903,0.053173413293353324,-0.259946949602122,-0.16554030676969209,-0.011209779725521854,-0.14921769884288624,0.18975127820705032,0.10121093299504094,-0.0637988697958713,-0.05987006496751624,-0.19098912082420327,-0.10277169107753815,0.03570522431092146,0.19185791719524853,-0.01723753507861454,0.05708684119478722,-0.09752815899742437,0.008980125321954408,-0.21443124591550378,-0.2829892745934725
#50,-0.023549763579748587,0.22982354976357974,-0.06848883250682351,-0.03319878522277323,0.3474647291738746,-0.026525198938992044,0.012839733979164264,0.2381040249106216,1.0,0.2201053319494099,0.0973436358743705,0.13281820628147464,0.0602237342867028,-0.02910852266174605,0.04166378349286895,0.038250105716372586,-0.012109329950409411,-0.02597162956983047,-0.0472609848921693,0.06542113558605313,0.31564217891054475,-0.0002306539038173221,-0.05142813208780225,0.17219082766309154,-0.13500941836773922,-0.06287625418060201,-0.0011686464460077654,-0.05220466689732057,-0.45059777803405987,-0.14581170952985045,-0.11690308691807942,-0.19205012878176297,-0.18694498904393958,0.027916810825356554,-0.28555722138930534,-0.12794372044746857,-0.1881520778072502,-0.10229500634298236,-0.09958097874139853,-0.04729942720947219,-0.16582477991773345,-0.013608580325222004,-0.01471571906354515,-0.11029869680544344,0.13528620305232,0.11826394495060162,-0.26293007342482605,-0.2184061815246223,0.11690308691807942,-0.10890708491907893,0.1277668857878753,0.11033713912274631,0.010118017914119863,0.008534194441240917,-0.06160765770960674,-0.18586091569599816,0.16041979010494753,0.15006342982354975,-0.23891900203744282,-0.06856571714142928,-0.15684465459577904,0.10879175796717026,0.02245031330488602,-0.07693845384999808,-0.1489947334025295,-0.052958136316457155,0.06677430515511475,-0.10865336562487987,0.1415061699919271,0.14691115980471303,0.07967554684196364,0.07799177334409718,-0.018629146964979047,0.012609080075346942,-0.2745242763233768,-0.026571329719755506,-0.17218313919963096,0.016437934878714488,0.26289163110752317,-0.24770691577288279,-0.18058662976204207,-0.23342943912659056,,-0.03155345404220966,0.2731864836812363,-0.21685311190558568,0.04703801945181255,0.09517548917848768,-0.15330027294045284,0.1416830046515204,-0.0399800099950025,0.10483988774843347,-0.046138469226925,0.03869603659708607,0.010856110406335294,-0.1360012301541537,-0.2302156614000692,-0.18858263176104256,-0.14785684081036404,-0.2278014838734479,-0.20346749702072042,0.1590743089993465,-0.1522623303732749,0.050920693499404146,0.012447622342674816,-0.1710068042901626,-0.10332526044669972,0.019536385653327184,-0.019559451043708913,-0.12193134202129705,-0.013654711105985469
#51,0.41988236650905314,0.500319071233614,0.6007611578825972,0.5856533271825626,0.341344712259255,0.21196324914465844,0.07640794987121824,0.455872063968016,0.2201053319494099,1.0,0.45788644139468726,0.23872679045092837,0.2790066505208934,-0.046715103986468304,0.11742590243339869,-0.0016453311805635644,0.46871179794718026,-0.07225617960250644,-0.25438819052012457,-0.16544804520816514,0.10495521470034214,-0.1752277707300196,-0.22684042594087572,-0.09426825049013955,-0.25193557067620037,-0.31865605658709106,-0.01838311613424057,-0.1194633452504517,-0.41896743935724445,-0.19657094529658248,-0.060531272825125895,-0.22445700226809673,-0.19903125360396726,-0.14488909391458116,-0.22571022181217085,-0.22191980932610617,-0.25984699957713453,-0.14302079729366085,-0.23612808980125322,-0.24979048937069925,-0.06115403836543267,-0.24473148041363935,0.028824049513704687,-0.25271979394917926,-0.0739399531003729,0.05501095606043132,-0.09849690539345712,-0.057294429708222815,0.026548264329373773,0.030930688501902896,0.08468073655479952,0.14990197209087763,-0.00695805943182255,-0.12599853919194248,-0.15592203898050974,-0.24980586629762042,0.03774266712797447,-0.17911813324107176,-0.31495790566255333,-0.193941490793065,-0.17684234805674087,-0.07906815822857802,0.05943182255026333,0.0004997501249375312,0.06951139814708031,-0.10726175373851536,0.017552762080498212,-0.03728135932033983,0.07778418483066159,0.21833698535347712,0.31591127513166495,0.2204820666589782,0.12764387037250605,0.2575865913197248,-0.02664821435436128,0.14392803598200898,0.07825318110175682,-0.028854803367546995,-0.06589782032060892,-0.3155883596663207,-0.16819282666359128,-0.04128704878330066,,0.2353823088455772,0.09922730942221197,-0.11192096259562527,0.12353823088455772,0.07493945335024796,0.13823088455772115,0.21128666436012764,0.13032714412024757,0.14071425825548764,-0.16800061507707684,-0.024087956021989005,-0.08345827086456771,-0.16351055241609963,-0.31309729750509363,0.11828701034098335,0.1784569253834621,-0.1038788298158613,0.02025910121862146,-0.006489063160727329,-0.1708069042401876,-0.0038057894129858148,-0.0002152769768961673,-0.02650982201207089,-0.012724407027255602,-0.14125245069772807,-0.14438165532618305,-0.02196594010686964,-0.06647445508015223
#52,0.4966362972359974,0.07613885365009802,0.14734171375850535,0.34877945642563335,0.11574981739899282,-0.09768961673009649,0.1677084534655749,0.32689040095336946,0.0973436358743705,0.45788644139468726,1.0,0.3622188905547226,-0.007957559681697613,0.18014838734478913,0.27467035712912774,0.1251066774305155,0.20158382347287895,-0.29480644293237995,-0.16702418021758353,0.120585860915696,0.24619228847114905,0.15075539153500173,-0.05264290931457348,0.04931380463614347,0.0771691077538154,0.03738130934532734,-0.3206550570868412,-0.13703148425787107,-0.10556260331372776,0.13434821051012955,0.03819628647214854,0.1203475185484181,0.07202552569868911,0.20372890477838004,0.018098642986199207,0.047976011994003,0.13917656556337216,0.19389536001230154,0.025894744935224694,0.18871333563987236,0.16048129781263215,0.2359589436051205,0.24926767385538,0.0037981009495252375,0.029323799638642217,0.1532848960135317,-0.22178910544727637,-0.18799830853803867,-0.2357897974089878,-0.01394687271748741,-0.19980009995002498,0.21979779341098682,-0.1104140237573521,-0.01832929689001653,-0.11894821819859301,-0.09206166147695383,-0.118748318148618,0.10112635989697459,-0.28981663014646525,-0.09157728827893745,-0.3124284011840234,-0.24534655749048553,0.04653826932687503,0.06875024026448315,-0.22982354976357974,-0.10478606850420943,-0.06657440510513973,0.05383462115096298,0.08623380617383616,0.0721639180409795,0.11026794295160113,-0.054541959789336104,0.08501902894706492,0.032745165878599165,-0.05919348018298543,-0.16075039403375235,-0.017422058201668398,-0.25138968977049936,-0.018875177795717527,-0.1573982239649406,0.13364087187175644,0.0025448814054511207,,-0.019328797139891593,0.10098027909122362,-0.22604082574097567,-0.14073732364586938,0.07439357244454696,0.23835774420482067,0.017752662130473225,0.3158267020335986,0.10797678084034906,0.06857340560488986,-0.07222542574866413,0.058978203206089264,-0.1426286856571714,-0.16446392188521125,0.21046399876984584,0.03946488294314381,-0.31978626071579597,-0.11828701034098335,0.0024295544535424597,0.009057009956560181,0.08620305231999385,-0.09069311498097106,-0.17205243532080114,0.060477453580901855,-0.2878637604274786,-0.22633298735247762,-0.16599392611386615,-0.15232383808095953
#53,0.4315765194325914,0.10743858839810864,-0.022035136278014837,0.22139699381078692,0.5599200399800099,0.1807480874947142,0.014246722792449928,0.08744858340060739,0.13281820628147464,0.23872679045092837,0.3622188905547226,1.0,0.3734209818167839,-0.15524545419597893,-0.08240495137046862,0.06779687079537154,0.21363164571560372,-0.20920309076231114,-0.42028985507246375,-0.16146542113558604,0.13730826894245185,0.09572905854764925,0.2393418675277746,0.1543689693614731,0.1663475954330527,0.06994964056433321,-0.15623726598239343,-0.3964633068081344,-0.12163149194633452,0.06742013608580326,-0.1718986660515896,-0.0957136816207281,-0.2263637412063199,-0.042324991350478604,-0.19358782147387846,-0.07889132356898473,-0.13098066351439666,0.03339868527274824,0.07710760004613078,0.05776342597931804,0.09469880444393187,-0.04607696151924038,0.15682927766885787,0.010548571867912198,0.09927344020297543,0.2589166954984046,-0.14375120132241573,-0.2723023103832699,0.14877945642563334,-0.1250144158689886,0.17721139430284857,0.15726752008611078,0.09913504786068504,-0.08401184023372929,-0.02496444085649483,-0.1137431284357821,0.019082766309153117,0.13540153000422867,0.0679813939184254,0.1571598815976627,0.012509130050359436,-0.008957059931572675,0.06565178948987045,0.22509514473532463,-0.1719986160765771,-0.2151693384077192,-0.16550955291584976,0.02507976780840349,-0.12598316226502135,-0.020412870487833006,-0.08425787106446776,-0.14332833583208396,-0.020174528120555108,0.25276592472994275,-0.14541190942990043,-0.0588628762541806,-0.0071118287010340986,0.004759158882097413,-0.05850151847153347,-0.25838619151962483,0.1667550839964633,0.21713758505362704,,0.16441779110444776,0.5659708607234845,-0.06497520470533964,0.35892053973013494,0.12549878906700496,0.248521892899704,0.30578556875408447,0.2822742474916388,0.4479990773843847,0.17764963672010148,0.09363010802291162,0.21598431553454042,-0.12277707300196056,-0.11637258293929958,0.009456810056510206,-0.08464998270095721,-0.025756352592934302,0.06839657094529658,0.016899242686349132,0.04667666166916542,0.01530773075000961,-0.16129627493945334,-0.28881712989659014,-0.15991235151654942,-0.029946565178948985,0.034621150962980046,0.11108292007842233,0.187137200630454
#54,0.10932995040941068,0.3407603890362511,-0.012032445315803636,0.02122784761465421,0.47823780417483563,0.5328950909160804,0.3500096105793257,0.04466228424249414,0.0602237342867028,0.2790066505208934,-0.007957559681697613,0.3734209818167839,1.0,0.3198708338138623,0.0521585361165571,-0.12162380348287395,0.12142390343289894,-0.04722254257486641,-0.23604351670318688,-0.08476530965286587,0.08975512243878062,-0.16021220159151195,0.025394994810287164,-0.1489639795486872,-0.15985853227232538,-0.22998500749625186,-0.011040633529389152,-0.23665859378003307,-0.030592396109637487,0.02715565294275939,-0.009226156152692884,-0.024064890631607272,-0.1421212470687733,-0.18116326452158535,-0.007688463460577404,0.027055702917771884,-0.20665820935686002,-0.08272786683581286,-0.3106600545880906,-0.44503901895206244,-0.19365701764502363,-0.19490254872563717,-0.1923115365394226,-0.08247414754161381,-0.2824049513704686,-0.18787529312266943,0.04910621612270788,0.039172721331641874,0.2606312228501134,-0.03259908507284819,0.047976011994003,-0.06540575865913197,0.05913966093876139,-0.335632183908046,-0.19157344404720716,-0.31604966747395535,0.07365547995233153,-0.11605735593741591,-0.10498596855418445,-0.13450197977934109,0.14594241340868028,0.14404336293391765,0.39089685926267637,0.27289432206973435,-0.06767385538000231,-0.20266789682082037,0.357336716257256,0.36878483835005577,0.2381424672279245,0.21938261638411563,0.3439741667627725,0.1834698035597586,0.16447161034867183,0.43964171760273707,0.20478991273593972,0.342836274170607,0.18240110713873833,0.2297389766655134,0.07410141083304501,-0.08121323953407912,-0.23966478299311883,0.17861838311613423,,0.13350247952946603,0.2758313151116749,-0.03434436627839926,0.35980471302810135,-0.19307269442201977,0.1602198900549725,0.19467189482181985,0.11457348248952447,0.2082727866835813,-0.3221158651443509,-0.09120055356936917,-0.2095952023988006,-0.32393803098450774,-0.255672163918041,-0.2271479644792988,-0.09565986237650406,0.05973167262522585,0.053204167147195634,-0.23471341252450698,0.060723484411640334,-0.2713104985968554,0.014854111405835544,-0.06393726213816169,-0.0671356629377619,0.220412870487833,0.07139507169492176,-0.02280398262407258,-0.006919617114519663
#58,-0.12003229154653443,-0.028947064929073923,-0.11703379079690923,-0.10739245761734517,-0.03730442471072156,-0.0020758851343558988,0.5976396417176028,-0.04962134317456656,-0.02910852266174605,-0.046715103986468304,0.18014838734478913,-0.15524545419597893,0.3198708338138623,1.0,0.3448122092799754,-0.09674393572444547,-0.2028524199438742,-0.02689424518509976,0.12509898896705493,0.17790335601430055,0.3364164071810249,-0.05929343020797294,-0.14391265905508785,-0.27058009456810056,-0.10428631837927191,-0.09892745934724945,-0.3031868681044093,-0.01715296198054819,0.08623380617383616,0.11429669780494368,0.06938838273171107,0.39143505170491677,0.27157190635451506,0.2435858993580133,0.2150386345288894,0.19311882520278323,0.2602621766040057,0.01445431130588552,-0.16208049821243226,-0.07558528428093646,-0.07196401799100449,0.11930188751777958,-0.12648291238995887,0.008841732979664015,0.016068888632606772,-0.27392457617345173,-0.02913158805212778,0.12070887633106524,-0.0537269826625149,0.09439126590550878,-0.44861415446123093,-0.16191135201629955,-0.27157190635451506,-0.24177142198131704,-0.2139468727174874,-0.0666205358859032,0.08729481413139584,-0.025064390881482337,-0.18018682966209204,-0.16974589628262793,0.11709529850459385,0.09776650136470226,0.440572021681467,0.27770730019605583,-0.30009610579325724,-0.1376311844077961,0.5372083189174643,0.4188828662591781,0.40270633913812326,0.22583323722754006,0.32481451581901355,0.10736939222696344,0.22448006765847844,0.1321877522777073,0.42382654826432936,0.3237535078614539,0.2733940721946719,0.2452850497828009,0.14878714488909392,0.04836043516703187,0.036850805366547494,0.08583400607388614,,-0.1849998077884135,-0.07387844539268827,-0.20981816783915735,-0.03642793987621574,-0.20093799254219044,0.2868104409333795,-0.2351439664782993,0.08242032829738977,-0.24278629915811326,-0.10993733902279629,-0.21137123745819397,-0.4075962018990505,-0.21525391150578557,-0.15768269711298197,-0.34819513320262946,0.007096451774112943,-0.16790066505208934,-0.21400838042517203,-0.2497136047360935,0.28415792103948023,-0.11608042132779764,0.23839618652212355,-0.046991888671049094,0.20344443163033868,0.2741090992965056,0.07181793718525353,-0.2899319570983739,-0.4075577595817476
#101,0.017714219813170336,0.025694844885249684,-0.027140276015838235,0.007219467189482182,-0.09536770076500212,-0.062253488640295236,0.3083381386229962,0.029323799638642217,0.04166378349286895,0.11742590243339869,0.27467035712912774,-0.08240495137046862,0.0521585361165571,0.3448122092799754,1.0,0.5519009725906278,-0.0953369469111598,0.13389459116595548,0.13425594894860263,0.09439126590550878,0.49954253642409563,0.25390381732210815,-0.1717295198554569,0.1451581901357014,-0.02940068427324799,-0.18658363126129243,-0.5694691115980471,-0.42931611117518165,0.06660515895898204,-0.12898166301464653,-0.17647330181063314,-0.15135509168492678,-0.3093068850190289,-0.17726521354707261,-0.1810863798869796,-0.18213969938107868,0.04585399607888364,-0.05994694960212202,-0.2497828009072387,-0.048191288970899165,0.23356014300542036,-0.055795179333410216,0.26657440510513974,0.18193979933110369,0.2087033406373736,0.03565140506669742,-0.42393418675277744,-0.27293276438703723,-0.37500480528966285,-0.2397416676277246,-0.3344789143889594,-0.17069157728827894,-0.39248837119901586,-0.1303809633644716,0.054565025179717834,-0.12023219159650944,0.1531772575250836,-0.05401145581055626,-0.19122746319148118,-0.22098950524737632,-0.061761426978818285,-0.024887556221889054,0.2445392688271249,0.15799023565140508,-0.3940260638911314,-0.46179986929612116,0.27134125245069773,0.21644562334217507,0.44979048937069926,0.2160612001691462,0.4197285972398416,0.3882981586130012,0.15193172644447006,-0.007296351824087956,0.06402952369968862,0.09595971245146658,0.2098335447660785,0.03956483296813132,0.5365932418406182,0.1258217045323492,-0.05436512512974282,0.17322877023026947,,-0.03708145927036482,-0.060477453580901855,-0.18106331449659785,0.0030446315303886517,0.07553146503671242,0.1960481297812632,0.09269211548072118,0.2617076077345942,-0.06362972359973859,-0.06474455080152232,0.05058240110713874,0.11231307423211472,0.10798446930380963,-0.2372506054664975,-0.142090493214931,-0.11831776419482566,-0.26018529196939993,-0.5258217045323492,-0.0848575712143928,-0.19042786299158113,-0.12725944719947718,-0.17262907008034445,-0.22494906392957367,-0.2764925229692846,0.022081267058778303,0.13640103025410372,-0.08975512243878062,-0.1482181985930112
#102,0.1305577980240649,-0.001906738938223196,0.08228193595509938,-0.16799292661361626,0.03597432053204167,0.026994195210087266,-0.036966132318456156,0.080705800945681,0.038250105716372586,-0.0016453311805635644,0.1251066774305155,0.06779687079537154,-0.12162380348287395,-0.09674393572444547,0.5519009725906278,1.0,0.0682197362857033,0.38855187790720025,-0.18350824587706147,0.010294852573713143,0.057509706685118976,0.2675277745742513,0.023672778995117827,0.24871410448621842,0.07980625072079345,-0.031484257871064465,-0.444300926459847,-0.5348556490985277,0.09195402298850575,-0.3220159151193634,-0.13005804789912737,-0.34254411255910505,-0.357136816207281,-0.3296659362626379,-0.41324722254257484,-0.43648944758390035,-0.26346826586706645,-0.18733710068042903,0.07284050282551033,0.1906738938223196,0.29924268634913315,-0.1497712682120478,0.20199131203628956,-0.04723023103832699,0.12735939722446468,0.3887902202744781,-0.45751739514857953,-0.4320916464844501,-0.3012109329950409,-0.17533540921846769,-0.18875946642063585,0.06407565448045208,-0.186937300580479,0.2279014338984354,0.3300964902164302,0.08011378925921654,0.10613923807327105,0.042747856840810367,-0.0002614077576596317,0.09081613039634029,0.0951678007150271,0.10844577711144428,-0.33797716526352206,-0.19859301118671432,-0.28729481413139585,-0.3576058124783762,-0.24694575789028564,-0.18088647983700457,-0.12913543228385807,-0.1130972975050936,0.013869988082881635,0.13424826048514205,0.038380809595202396,-0.09076999961557683,-0.17459731672625226,-0.14407411678775997,0.14292853573213393,0.07106446776611694,0.4242263483642794,0.1808172836658594,-0.14234421250913004,0.13097297505093608,,0.02138161688386576,-0.08474224426248414,0.05484180986429862,0.07625418060200669,0.27606196901549224,0.11448890939145812,0.11767193326413716,0.14529658247799176,-0.1070772306154615,0.058847499327259446,0.2504286318379272,0.09532925844769922,0.4617921808326606,-0.1413754661130973,0.12745165878599163,-0.1509706685118979,-0.26958828278168606,-0.3693307192557567,0.30648521892899705,-0.32760542805520315,-0.0016453311805635644,-0.23149194633452505,-0.2947603121516165,-0.35275439203475184,0.009587513935340023,0.22811671087533156,0.17365932418406183,0.12222350363279899
#201,0.3179410294852574,0.24329373774651136,0.4960827278668358,0.3465190481682236,0.038303924960596626,0.07757659631722601,-0.2501210932995041,0.18929765886287625,-0.012109329950409411,0.46871179794718026,0.20158382347287895,0.21363164571560372,0.12142390343289894,-0.2028524199438742,-0.0953369469111598,0.0682197362857033,1.0,-0.037504324760696574,-0.22781686080036906,-0.22104332449160036,-0.022434936377964863,-0.12525275823626647,-0.18510744627686157,-0.2758390035751355,-0.02655595279283435,-0.3818321608426556,0.1335870526275324,-0.18004074885634105,-0.1797255218544574,-0.27666935762887784,0.0037673470956829276,-0.35157036866182295,-0.1022796294160612,-0.4061277053780802,-0.127590051128282,-0.2460692730557798,-0.19773190327912968,-0.25476492522969285,-0.021297043785799406,-0.10253334871026025,0.0440625840925691,-0.3061315496098105,0.10778456925383462,-0.21112520662745551,-0.04520816514819513,-0.019021258601468496,0.1238842117402837,-0.0803982624072579,-0.08588782531811018,0.036858493830008075,0.11312805135893592,0.31255910506285317,0.2237189097758813,0.18770614692653673,0.17656556337216006,0.09821243224541576,0.07817629646715105,-0.18845961634567332,0.07671548840964133,0.06828124399338792,-0.1475646791988621,-0.07670011148272018,-0.1632875869757429,-0.15716757006112328,0.16627839926190752,0.10957598124014915,-0.28792526813516317,-0.16355668319686312,-0.06228424249413755,-0.04438549955791335,0.06160765770960674,0.1429054703417522,0.00778841348556491,0.24816053511705685,0.07261753738515357,0.12958905162803214,-0.10274862568715643,-0.18369276900011533,-0.2357282897013032,-0.2380732710567793,-0.19341867527774576,0.05340406719717065,,0.21811401991312035,0.02111252066274555,0.05125129742820897,0.04966747395533003,0.19288048283550532,0.14316687809941184,0.22740937223695845,-0.05136662438011763,0.15656018144773767,-0.014231345865528775,0.22248106715872834,-0.023672778995117827,0.032360742705570295,-0.29794333602429557,0.3522085111290509,0.37348248952446855,0.07520854957136816,0.1796255718294699,0.13535539922346518,-0.19846230730788453,0.11478107100296006,-0.054265175104755314,0.06274555030177219,-0.10084188674893323,-0.16324914465844,-0.028416560950294083,0.04150232576019682,-0.03126129243070772
