,#10,#11,#12,#13,#17,#18,#26,#49,#50,#51,#52,#53,#54,#58,#101,#102,#201,#202,#301,#302,#401,#402,#501,#502,#601,#602,#701,#702,#801,#802,#901,#902,#1001,#1002,#1101,#1102,#1201,#1202,#1301,#1302,#1401,#1402,#1501,#1502,#1601,#1602,#1701,#1702,#1801,#1802,#1901,#1902,#2001,#2002,#2101,#2102,#2201,#2202,#2301,#2302,#2401,#2402,#2501,#2502,#2601,#2602,#2701,#2702,#2801,#2802,#2901,#2902,#3001,#3002,#3101,#3102,#3201,#3202,#3301,#3302,#3401,#3402,#3455,#3501,#3502,#3601,#3602,#3701,#3702,#3801,#3802,#3901,#3902,#4001,#4002,#4101,#4102,#4201,#4202,#4301,#4302,#4401,#4402,#4501,#4502,#4601,#4602,#4701,#4702,#4801,#4802
#10,1.0,0.5059777803405989,0.47398608388113633,0.6530196440241418,0.08198208588013685,0.15576058124783762,0.38879790873793874,0.6430015761350094,-0.07361703763502864,0.5095221619959251,0.2352131626494445,-0.09579825471879445,0.03798869795871295,-0.0754315150117249,0.21129435282358822,0.3062699419521009,0.2723407527005728,0.1897897205243532,0.34438934378964364,0.19557144504670743,0.11535770576250336,0.1837081459270365,0.3096682428016761,0.436204974435859,0.21465421135586052,0.16670895321569984,-0.27320954907161804,-0.24274785684081038,0.11165955483796564,0.037996386422173525,-0.25258140160688886,-0.13197247530081113,-0.44207127205627955,-0.4961826778918233,-0.20609695152423788,-0.03432130088801753,-0.23166109253065775,-0.08498827509322263,-0.06778918233191097,-0.03612808980125322,-0.0018221658401568446,0.02230423249913505,0.009633644716103488,-0.049913504786068506,0.10410179525621804,0.12948910160304464,-0.5730519355706762,-0.5427901433898435,-0.4619613270287933,-0.24646907315572983,0.12287702302694807,0.23114596547879906,-0.15383846538269327,0.22484911390458617,0.28644139468727176,0.3248683350632376,-0.35037096836197285,-0.18362357282897013,-0.1647176411794103,0.07966016991504248,-0.1846538269326875,0.14092184676892322,-0.20281397762657133,-0.044700726559797024,-0.21845231230538578,-0.2287471648790989,-0.1498481528466536,-0.02682504901395456,0.2272940452850498,-0.03672010148771768,0.5205704839887748,0.3046015453811556,0.1777803405989313,-0.025664091031407373,-0.3226002383423673,0.06286087725368085,-0.22037442817053013,-0.1909506785069004,0.0978203206089263,0.19003575135509168,-0.18874408949371468,-0.04809133894591166,,0.07150271018336986,-0.260239111213624,-0.2473301810633145,-0.2933533233383308,-0.10101872140852651,0.24836812363049243,-0.015968938607619266,0.22822434936377964,-0.24462384192519124,0.08205897051474263,-0.23904970591627264,-0.06582093568600315,0.4311997847230231,0.40515127051858685,0.19630184907546228,-0.13617806481374697,0.09933494791066005,0.16356437166032367,-0.12764387037250605,-0.23415215469188483,-0.06825817860300619,-0.19812401491561912,-0.08291238995886673,-0.4360973359474109,-0.41748356590935304,0.09659016645523393,-0.35680621227847614,-0.1151424287856072
#11,0.5059777803405989,1.0,0.4617614269788183,0.41144812209279974,0.11552685195863607,0.1653942259639411,0.2971052935070926,0.26547495483027717,-0.09756660131472725,0.31731057548149,0.19298043286049282,-0.2663360627378618,-0.09383769653634721,0.08976281090224118,0.2700572790527813,0.25208165148195133,0.21315496098104794,0.32038596086572096,0.28938607619267287,0.12830507823011572,0.1575673701610733,0.13775419982316534,0.07390919924653058,0.10151078307000345,0.1069388382731711,0.08811747972167762,-0.13173413293353323,0.06269173105754815,0.24597701149425288,0.19750124937531235,-0.04065659477953331,0.04329373774651136,-0.3798946680505901,-0.3246299926959597,-0.16251874062968516,-0.1594433552454542,-0.01651481951332026,0.05630261792180832,-0.10216430246415253,-0.027609272286933457,-0.10297159112751317,0.040587398608388114,-0.05522623303732749,-0.0749240764233268,-0.10597009187713835,-0.1285126667435513,-0.24719947718448468,-0.22810133394841042,-0.1428670280244493,-0.043286049283050784,0.12466074654980203,0.16312612924307077,0.009964248644908314,0.24550032675969707,0.2408949371468112,0.11805635643716603,-0.271717987160266,-0.005620266789682082,-0.14799523315265445,-0.1961480798062507,-0.08377349786645139,0.01995925114365894,-0.07906815822857802,-0.12957367470111097,0.12771306654365125,0.05720985661015646,0.011732595240841118,-0.004159458732172375,0.3599431053703917,-0.04486987275592973,0.39042017452812056,0.1537231384307846,0.03811940183754277,0.058078652981201705,-0.12016299542536424,0.007780725022104333,-0.24588474993272594,-0.27401683773497865,-0.05031330488601853,0.1951716449467574,-0.1754661130972975,-0.2055510706185369,,0.014884865259677853,-0.16486372198516128,-0.18649905816322607,-0.2675277745742513,-0.11783339099680928,0.055249298427709224,-0.08101333948410411,-0.04860646599777035,-0.28419636335678317,-0.21166339906969592,-0.12495290816130396,-0.3657940260638911,0.2913158805212778,0.23440587398608387,0.21924422404182525,0.18410025756352594,0.18558413101141738,0.31140583554376655,-0.05780186829662092,-0.015615269288432706,0.07504709183869604,0.017137585053627034,-0.05617960250643909,-0.16602467996770845,-0.3812939684004152,0.006727405528005228,-0.35715219313420216,-0.28024449313804634
#12,0.47398608388113633,0.4617614269788183,1.0,0.34526582862414945,0.20722715565294275,0.3241225541075616,0.394487371698766,0.19521777572752086,-0.12359205012878176,0.41257063775804403,0.3397455118594549,-0.10065736362587936,-0.10327144120247568,0.0763541306269942,0.07839926190750779,0.10675431515011725,0.40525890900703493,0.6576250336370276,0.2892169299965402,0.10448621842924692,-0.18699880828816362,-0.004697651174412794,0.08465767116441779,0.1344327836081959,0.2117402837043017,0.20358282397262906,-0.08123630492446085,0.02999269595971245,0.2911774881789874,0.31793334102179677,0.0823050013454811,0.11753354092184677,-0.07956021989005498,-0.04381655326183062,0.10563179948487295,0.02451850997578134,0.02230423249913505,0.13132664437012262,-0.11907892207742282,0.1477722677122977,0.0998962057432822,0.0993503248375812,0.11321262445700227,0.041133279514089106,-0.03607427055702918,0.01632260792680583,-0.24433168031368932,-0.2643755045554146,-0.02671741052550648,-0.15856687041094839,0.3081997462807058,0.06591319724753009,-0.011694152923538231,0.13090377887979088,0.0756006612078576,0.23686618229346865,-0.5054088340445162,-0.23230692346134624,-0.041709914273632416,-0.015038634528889401,-0.2749317648867874,-0.1351478107100296,0.09440664283242994,0.14249029331488103,0.1542382654826433,0.07299427209472187,0.1357936416407181,0.026702033598585324,0.4039749356091185,0.16486372198516128,0.5492023219159651,0.5184869103909584,0.003213777726521355,0.13704686118479223,-0.11142890093414831,0.08649521393149578,-0.0932610617768039,-0.17991004497751126,0.19219620958751393,0.3275977395917426,0.08747164879098912,0.08563410602391112,,-0.014208280475147042,0.007257909506785069,-0.35320801137892593,-0.2999038942067428,0.11073693922269634,0.12176988428862492,0.045077461269365314,0.04275554530427094,-0.14901779879291124,-0.058432322300388265,-0.2928381962864722,-0.37750355591435053,0.47567754584246336,0.40389036251105215,0.493714681120978,0.11136739322646369,0.19183485180486679,0.45621804482374195,0.2997885672548341,0.24646138469226925,0.19564832968131318,-0.007650021143274516,0.41774497366701263,-0.06239188098258563,-0.3208703340637374,-0.0021758351593434053,-0.4295544535424595,-0.35190097259062775
#13,0.6530196440241418,0.41144812209279974,0.34526582862414945,1.0,0.06694345135124745,0.11261292430707723,0.2024141775266213,0.41084842194287474,0.012447622342674816,0.46266097720370586,0.24057202168146696,0.05887825318110176,-0.11924037981009496,-0.22285780186829662,0.29773574751085996,0.3080613539384154,0.33353323338330837,0.14129089301503095,0.33667012647522393,0.11635720601237842,0.16747011109829701,0.23340637373620882,0.31305116672433014,0.3844539268827125,0.5071848691039096,0.3496866951139815,-0.2682043593587822,-0.2000307538538423,0.15775958174758775,0.26082343443662787,-0.19556375658324684,-0.22993118825202782,-0.2475992772844347,-0.17708837888747933,0.04932918156306462,0.02798600699650175,0.007872986583631262,0.1604274785684081,0.23811940183754277,0.311198247030331,-0.019966939607119517,0.15099373390227963,0.05864759927728443,-0.021273978395417677,0.23302195056317995,0.1062622534886403,-0.40677353630876867,-0.4830661592280783,-0.49417598892861264,-0.4699880828816361,-0.20174528120555107,-0.0810440933379464,-0.2206819667089532,0.3111751816399493,0.19685541844462384,0.4736247260984892,-0.2033367931418906,-0.1362626379118133,-0.3114289009341483,0.048598777534309766,-0.38607619267289434,-0.1810094952523738,0.005158958982047438,-0.0214354361280898,-0.18223196094260563,-0.21290893015030946,-0.18068657978702957,-0.1124207127205628,0.3294199054318994,0.02043593587821474,0.3582516434090647,0.2887709991158267,0.33008111328950906,0.07636950755391535,-0.24611540383654326,0.04316303386768154,-0.1438203974935609,-0.11604197901049475,0.06183062314996348,0.2542805520316765,-0.10761542305770191,0.07840695037096836,,0.1424979817783416,-0.06974205205089763,-0.36334140621996697,-0.43026179218083266,-0.14104486218429246,0.23490562411102142,0.006619767039557144,0.23141506169991927,-0.16921539230384808,0.13018875177795716,-0.39106600545880904,-0.1576673201860608,0.3060008457309807,0.46810440933379466,-0.0907469342251951,-0.19627878368508053,-0.06084649982700957,-0.06542113558605313,-0.20223734286702802,-0.007081074847191789,-0.362649444508515,-0.25190481682235805,-0.10909160804213278,-0.4090493214930996,-0.4689732057048399,0.05419597893361012,-0.47912966593626266,-0.18334678814438934
#17,0.08198208588013685,0.11552685195863607,0.20722715565294275,0.06694345135124745,1.0,0.2743781955176258,0.17203705839387998,0.08648752546803522,0.13139584054126782,0.15735978164763773,-0.011824856802368047,0.12132395340791143,0.3045861684542344,0.021043324491600353,0.0803982624072579,0.10181063314496598,0.02292699803944182,0.12353823088455772,0.3631876369507554,0.37136816207280976,-0.15970476300311381,0.18240110713873833,-0.08730250259485642,0.06856571714142928,-0.09484488524968285,0.18981278591473494,-0.16445623342175067,-0.02330373274901011,0.22409564448544958,0.40083804251720295,0.08657209856610157,0.03568984738400031,0.10357897974089877,0.046799677084534655,0.3020797293660862,0.11661861377003806,0.1727443970322531,0.32482220428247416,-0.3625341175566063,0.18988967054934072,0.3017260600468996,0.15140891092915082,0.31855610656210354,0.32593703148425784,0.1199400299850075,0.39426440625840925,-0.045984699957713454,-0.08325068235113213,-0.026694345135124746,-0.1619267289432207,-0.013654711105985469,-0.15504555414600393,-0.19667858378503056,0.10825356552492985,-0.342690193364856,0.01868296620920309,-0.2980279091223619,0.06752008611079076,0.014585015184715335,-0.03788105947026487,-0.17650405566447547,-0.14618844423941876,0.4848575712143928,0.3413677776496367,-0.11209010879175797,-0.07994464306308384,0.24776073501710683,0.17759581747587744,0.31713374082189677,0.28297389766655134,0.07667704609233844,0.11242840118402338,0.0015915119363395225,0.05035174720332142,-0.015392303848075961,-0.0932610617768039,-0.1359320339830085,-0.2060815745973167,0.24768385038250107,0.3995617575827471,-0.005243532080113789,0.43336024295544534,,0.1048629531388152,0.31491946334525045,-0.24815284665359627,-0.23719678622227347,0.20467458578403105,0.13976857724983663,0.4777457425133587,0.08817898742936224,-0.034129089301503095,0.1069388382731711,-0.1986083881136355,-0.2849652097028409,-0.061569215392303846,0.2176911544227886,-0.06098489216929997,-0.0878868258178603,-0.23791950178756777,-0.168961673009649,0.08994733402529505,0.1374235958943605,-0.026817360550493982,0.010648521892899703,0.04724560796524815,-0.18327759197324414,-0.24476992273094222,-0.39102756314150616,-0.27282512589858915,-0.38418483066159226
#18,0.15576058124783762,0.1653942259639411,0.3241225541075616,0.11261292430707723,0.2743781955176258,1.0,0.3483873447891439,-0.14983277591973243,-0.11992465305808635,0.14095260062276554,0.1483873447891439,0.035628339676315686,0.31638027140276015,0.12153154192134702,0.09878137854149849,0.06552877407450121,0.17263675854380503,0.45836312612924307,0.2699573290277938,0.17912582170453234,-0.12188521124053357,0.03129973474801061,0.009349171568062123,0.13193403298350825,-0.09783569753584746,-0.05354245953946104,-0.276085034405874,0.057048398877484335,0.36106562103563605,0.25071310498596855,0.1593664706108484,0.2086341444662284,-0.0011302041287048782,-0.07473186483681236,0.2986352977357475,-0.08262791681082536,0.13649329181563064,-0.12679045092838195,0.04021066389881982,0.12039364932918156,0.10482451082151233,0.038603775035559146,0.26469842002075883,0.04836043516703187,-0.19554837965632568,0.10332526044669972,-0.25653327182562563,-0.13084227117210626,0.06796601699150424,0.05138968977049937,0.1788721024103333,0.03224541575366163,0.0024910621612270786,0.13893822319609425,0.029715911275131665,0.06263791181332411,-0.25082074347441663,-0.030284857571214394,0.1505631799484873,0.0740706569792027,-0.2410333294891016,-0.19647099527159498,0.16389497558912852,0.22203513627801483,0.08988582631761043,0.25925498789067003,0.2600392111636489,0.2988198208588014,0.1235459193480183,0.05148195133202629,0.11997847230231039,0.17312882020528197,-0.10053434821051013,-0.013539384154076808,0.16208049821243226,-0.03242993887671549,-0.083635105524161,-0.3445431130588552,0.22373428670280243,0.1884980586629762,-0.022281167108753316,0.08886326067735363,,0.06602852419943875,0.25031330488601855,-0.11711836389497558,-0.17322877023026947,0.04008764848345058,0.006196901549225388,0.06797370545496483,0.2290623918809826,0.030515511475031714,-0.0034213662399569444,-0.13287202552569868,-0.18229346865029025,0.3255756737016107,0.130719255756737,0.11651097528158998,0.1578057125283512,0.005243532080113789,0.10226425248914005,0.2654826432937377,0.19517933341021798,0.10374043747357091,0.08980894168300466,0.28542651751047554,-0.14816437934878715,-0.13896897704993658,-0.1384461615346173,-0.34326682812439935,-0.38946680505900894
#26,0.38879790873793874,0.2971052935070926,0.394487371698766,0.2024141775266213,0.17203705839387998,0.3483873447891439,1.0,0.21918271633414063,-0.2231653404067197,0.277376696267251,0.26095413831545766,-0.03801176334909468,0.2573174950986045,0.21646868873255679,0.20172221581516933,0.1828162841656095,0.07114135240072271,0.33058086341444665,0.40177603505939335,0.05122823203782724,-0.17617345173567062,-0.019890054972513744,0.04698420020758851,0.03277591973244147,-0.12808211278975898,-0.058078652981201705,-0.32594471994771845,-0.07136431784107947,0.4169530619305732,0.20420558951293585,-0.022996194210587014,0.32011686464460076,-0.1349017798792911,-0.05206627455503018,0.09604428554953293,-0.04220966439856995,0.1831930188751778,0.011909429900434398,-0.0011994002998500749,0.13540921846768922,0.25548764079498715,0.36081190174143696,0.23169953484796063,0.20716564794525813,-0.0654980202206589,0.157536616307231,-0.45601814477376695,-0.24806827355552993,-0.1299427209472187,0.018998193211086763,0.0772383039249606,0.14462768615692154,-0.11327413216468689,0.21590743089993464,0.07490101103294507,0.11268212047822243,-0.43273747741513857,-0.2355514550417099,-0.1828085957021489,-0.06423711221312421,-0.06324530042670973,-0.05539537923346019,-0.0033521700688117478,0.06562103563602814,0.09361473109599047,0.07114904086418329,0.2511744127936032,0.2743243762734018,0.2743858839810864,0.11713374082189675,0.41860608157459733,0.26722792449928884,0.008188213585514935,-0.10616230346365278,-0.07453965325029793,0.04234805674086034,0.03296813131895591,-0.0435167031868681,0.2928843270672356,0.21240149156191135,0.027578518433091146,-0.10916080421327798,,0.23056164225579517,-0.026163841156344906,-0.11461192480682736,-0.16142697881828316,0.031515011724906776,0.26439856994579636,0.05395763656633222,0.258601468496521,-0.19707069542152,-0.2589782032060893,-0.19477953331026795,-0.2825817860300619,0.44353976857724986,0.11579594817975628,0.15422288855572214,0.08042901626110022,0.24423941875216237,0.3272825125898589,0.10979125821704533,0.22215815169338407,0.07599277284434705,-0.005420366739707069,0.22528735632183908,-0.0323223003882674,-0.21040249106216122,-0.03881136354899473,-0.3045554146003921,-0.3151501172490678
#49,0.6430015761350094,0.26547495483027717,0.19521777572752086,0.41084842194287474,0.08648752546803522,-0.14983277591973243,0.21918271633414063,1.0,0.16252642909314574,0.38794448929381464,0.21937492792065505,0.09145427286356822,-0.023388305847076463,-0.10640833429439127,0.13906892707492408,0.283981086379887,0.31369699765501863,-0.030338676815438434,0.3313497097605044,0.10138776765463423,0.06641294737246761,0.15187021873678547,0.2823050013454811,0.3791796409487564,0.23124591550378656,0.14883327566985738,-0.187137200630454,-0.2580171452735171,0.01610733094990966,-0.010340983354476608,-0.3256448698727559,-0.17568907853765425,-0.46827355552992733,-0.42125860146849653,-0.1291277438203975,-0.05218160150693884,-0.09350709260754238,0.06682043593587822,-0.09572905854764925,0.011302041287048783,0.058432322300388265,-0.02261945950101872,-0.21250913005035943,-0.021150962980048437,0.19301118671433515,0.1264675354630377,-0.42233498635297734,-0.38620689655172413,-0.4976742398031753,-0.3128666436012763,-0.04127936031984008,0.18872102410333294,-0.26884250182601005,0.15708299696305694,0.12462999269595972,0.29091608042132777,-0.320985661015646,-0.06234575020182217,-0.2439241917502787,0.08664898320070734,-0.19260369815092454,0.13206473686233805,-0.11661861377003806,-0.18569945796332604,-0.22962364971360474,-0.16972283089224618,-0.055026332987352475,-0.07102602544881405,0.280106100795756,-0.09419905431899435,0.2924383961865221,0.2708799446430631,0.30953753892284624,-0.08601084073347941,-0.34887171798716027,-0.02245031330488602,-0.1649559835466882,-0.07246376811594203,-0.012547572367662322,0.1943259139660939,-0.13176488678737555,0.0699880828816361,,0.20291392765155883,-0.04363203013877676,-0.20060738861338562,-0.32587552377657325,-0.16576327221004883,0.24545419597893361,-0.05850920693499404,0.2996963056933072,-0.27296351824087955,0.06815822857801869,-0.29807403990312537,-0.10144927536231885,0.3232998885172798,0.3373390227962942,0.05993926113866144,-0.09379156575558374,-0.07670011148272018,-0.0016760850344058739,-0.20310613923807327,-0.3666320685810941,0.001752969669011648,-0.21872909698996656,-0.14486602852419944,-0.3894437396686272,-0.3282666359128128,0.10932995040941068,-0.23275285434205975,-0.027463191481182484
#50,-0.07361703763502864,-0.09756660131472725,-0.12359205012878176,0.012447622342674816,0.13139584054126782,-0.11992465305808635,-0.2231653404067197,0.16252642909314574,1.0,0.03699688617229847,0.012924307077230615,0.002306539038173221,-0.08595702148925537,-0.12017068388882482,-0.20281397762657133,-0.07066466766616691,-0.01965940106869642,-0.1648790989120824,-0.09137738822896244,-0.019374927920655056,0.06393726213816169,0.14901779879291124,-0.03186099258063276,0.1609426056202668,-0.038519201937492795,0.11811017568139008,0.1660708107484719,0.09341483104601546,-0.2224887556221889,0.0636604774535809,-0.2378041748356591,-0.24173297966401414,0.07281743743512858,-0.005612578326221505,0.10913773882289625,0.058847499327259446,0.05244300926459847,0.17451274362818592,-0.162157382847038,0.11431207473186483,0.15656786991119825,-0.09479106600545881,-0.19089685926267635,0.061584592319225,0.024833736977665014,0.044185599507938336,0.1055779802406489,-0.07252527582362665,-0.055902817821858304,-0.12927382462614848,-0.08388882481836005,-0.10563948794833353,-0.021535386153077308,-0.06490600853419444,-0.16838503825010573,0.056371814092953526,0.14508899396455618,0.1218083266059278,-0.09298427709222312,-0.018283166109253065,-0.06657440510513973,-0.0010456310306385269,0.19712451466574404,-0.010164148694883328,-0.1481797562757083,0.04908315073232614,0.0558028677968708,-0.11005266597470495,0.1185099757813401,0.12736708568792526,-0.11056010456310307,-0.02763233767731519,0.12906623611271287,0.2145311959404913,0.027078768308153617,0.019774728020605082,0.01290893015030946,0.11681851382001307,-0.16294929458347748,0.04912159304962903,-0.15871295121669934,0.3251681851382001,,0.043016953061930575,0.13516318763695076,-0.027493945335024795,0.01859839311113674,0.14721100987967556,-0.038872871256679355,-0.18256256487141045,-0.0021681466958828276,0.006819667089532157,0.07918348518048668,-0.02043593587821474,-0.008503440587398608,-0.06286856571714143,-0.0331065236612463,-0.10506285318879022,-0.250013454811056,-0.10863030023449814,-0.12121631491946334,-0.17099142736324147,-0.11868681044093338,-0.1303502095106293,-0.03356783146888095,0.03819628647214854,-0.09406066197670396,0.031076769307653865,-0.23465959328028294,-0.04403183023872679,0.011571137508168992
#51,0.5095221619959251,0.31731057548149,0.41257063775804403,0.46266097720370586,0.15735978164763773,0.14095260062276554,0.277376696267251,0.38794448929381464,0.03699688617229847,1.0,0.177203705839388,0.13936108868642602,0.1327643870372506,0.0775458424633837,0.2943220697343636,0.24841425441125592,0.16686272248491138,0.05386537500480529,0.19317264444700727,0.006950370968361973,0.1616268788682582,0.19620189905047478,0.3976780840349056,0.20951062930073425,0.4074424326298389,0.19131972475300812,-0.22095106293007344,-0.28250490139545614,0.041679160419790105,0.24204820666589782,-0.22951601122515666,-0.07820705032099334,-0.32853573213393306,-0.16204974435858993,-0.018698343136124247,0.02073578595317726,0.004044131780263714,0.19030484757621188,0.1435205474185984,0.08873255679852382,0.14615000192211586,0.20793449429131589,0.19173490177987929,0.11395840541267828,0.21526159996924615,0.3192250028831738,-0.41026409871987085,-0.5172106254565025,-0.3931265136662438,-0.31880982585630263,-0.17741898281628415,-0.00867258678353131,-0.08298158613001191,0.12609080075346943,0.1642717102986968,0.3497558912851267,-0.1977472802060508,-0.02404951370468612,-0.25218160150693886,-0.015999692461461577,-0.376657824933687,-0.2081728366585938,0.09420674278245493,-0.060123784261715295,-0.21588436550955292,-0.2226963441356245,-0.05684081036404875,0.09143120747318649,0.21726828893245684,0.1630799984623073,0.20256794679583284,0.1328412716718564,0.21849844308614924,-0.04855264675354631,-0.2526659747049552,-0.11461961327028793,-0.16368738707569291,-0.14138315457655787,0.10853035020951063,0.30307922961596123,0.054626532887402456,0.18311613424057202,,0.07061084842194287,-0.026340675815938186,-0.4336908468842502,-0.3432514511974782,-0.06831199784723023,0.17269057778802907,0.06452158536116558,0.3547457040710414,-0.14152923538230885,0.234021450813055,-0.34315150117249066,-0.11119824703033099,0.2885403452120094,0.24969822780917234,0.01954407411678776,-0.21553838465382694,-0.1282435705224311,0.11999384922923154,-0.05990081882135855,-0.06040825740975666,-0.08754084496213432,-0.2935993541690693,-0.04923692000153769,-0.28947833775419984,-0.5213085764809903,-0.13491715680621227,-0.3551301272440703,-0.150932226194595
#52,0.2352131626494445,0.19298043286049282,0.3397455118594549,0.24057202168146696,-0.011824856802368047,0.1483873447891439,0.26095413831545766,0.21937492792065505,0.012924307077230615,0.177203705839388,1.0,0.14187521623803484,0.06932687502402644,0.13396378733710068,-0.10858416945373467,0.08335063237611963,0.23130742321147119,0.10614692653673163,0.04321685311190559,0.049821243224541574,-0.027586206896551724,0.01992080882635605,0.02581786030061892,0.17640410563948794,0.10710029600584323,0.29534463537462036,-0.37649636720101487,-0.14185983931111368,0.07592357667320186,0.18262407257909508,-0.08950909160804213,-0.019351862530273326,-0.1196709337638873,-0.0506285318879022,0.03260677353630877,-0.025748664129473724,-0.008365048245108215,0.09347633875370007,-0.1372544496982278,0.2589782032060893,-0.11258217045323492,-0.06831968631069081,-0.1792795909737439,-0.11944796832353054,0.015561450044208665,0.11710298696805443,-0.2288932456848499,-0.21839080459770116,-0.3039480259870065,-0.3012955060931073,0.14701110982970053,0.23016184215584515,-0.3204859108907085,0.11192865105908584,-0.08372736708568793,0.013516318763695075,-0.1823395994310537,-0.11694921769884288,-0.3453196478683735,-0.16820820359051245,-0.15622957751893285,-0.050559335716757005,0.2517433590896859,-0.2591781032560643,0.1175566063122285,0.28225118210125705,0.21093299504094107,0.08025218160150693,0.3788029062391881,0.17874908699496406,0.26846576711644177,0.30008841732979663,0.2421558451543459,0.026702033598585324,-0.030815361549994234,0.07309422211970938,-0.006512128551109061,-0.0751624187906047,-0.025571829469880444,0.12078576096567101,0.15878214738784455,-0.10171837158343905,,0.23974935609118517,0.19387998308538038,-0.03182255026332988,-0.06729712067043402,-0.12020143774266713,0.021681466958828277,-0.14487371698766002,0.14214431245915504,-0.003275285434205974,0.096697804943682,-0.12193903048475763,-0.12614461999769347,0.2042517202936993,0.24292469150040363,0.20655825933187252,-0.07380924922154307,0.008864798370045746,0.017129896590166456,-0.10961442355745205,-0.23979548687194865,0.004528504978280091,-0.34711105985468804,0.1361396224964441,-0.2086033906123861,-0.2486218429246915,0.1302810133394841,-0.17977165263522085,-0.06789682082035906
#53,-0.09579825471879445,-0.2663360627378618,-0.10065736362587936,0.05887825318110176,0.12132395340791143,0.035628339676315686,-0.03801176334909468,0.09145427286356822,0.002306539038173221,0.13936108868642602,0.14187521623803484,1.0,0.3910198746780456,0.10049590589320724,-0.006719717064544651,-0.03353707761503864,0.0925152808211279,-0.1564525429592896,0.019713220312920464,0.005135893591665706,0.06599008188213586,0.04057971014492753,0.23425210471687233,0.16691654172913542,0.3050551647253296,0.17435128589551377,-0.03413677776496367,-0.18124014915619113,-0.03844231730288702,0.2410025756352593,-0.04788375043247607,-0.009702840887248683,-0.02828585707146427,0.09415292353823089,-0.01972859723984162,0.1373543997232153,0.24949832775919734,0.2235805174335909,0.24942913158805213,0.14099104294006842,0.16098104793756968,-0.11708761004113329,0.011824856802368047,0.038980509745127435,0.2557721139430285,0.2814977126821205,-0.05561065621035636,0.005820166839657095,-0.1741129435282359,-0.24041056394879484,-0.12243109214623457,-0.22498750624687655,-0.19229615961250143,-0.13054242109714373,-0.16806212278476146,-0.15908199746280705,0.04523123053857687,-0.16431784107946026,-0.031230538576865412,0.07081074847191789,-0.07979856225733287,-0.10184138699880829,0.2850959135816707,0.013554761080997962,-0.05632568331219006,-0.011186714335140123,0.0255872063968016,0.14052973513243378,-0.050913005035943565,0.033775419982316535,-0.2276630915311575,0.06953446353746204,0.12152385345788644,-0.030838426940375967,-0.19001268596470997,-0.11888671049090839,-0.1719294199054319,-0.097243685849383,-0.002629454503517472,0.17444354745704072,0.4214046822742475,0.2794525814016069,,0.4584323223003883,0.40157613500941836,-0.003913427901433899,-0.07419367239457195,-0.19086610540883406,-0.08181293968400415,0.07919117364394726,0.10954522738630684,0.3391996309537539,0.30663898819820856,-0.09561373159574059,0.06710490908391958,0.12233883058470765,0.03871910198746781,-0.20774228270480144,-0.21166339906969592,-0.35444585399607886,-0.3689386076192673,-0.18150924537731133,0.03173797716526352,-0.13619344174066814,-0.17266751239764733,-0.07347864529273825,-0.1715911275131665,-0.040179910044977514,-0.1838311613424057,-0.016922308076730865,-0.02721716065044401
#54,0.03798869795871295,-0.09383769653634721,-0.10327144120247568,-0.11924037981009496,0.3045861684542344,0.31638027140276015,0.2573174950986045,-0.023388305847076463,-0.08595702148925537,0.1327643870372506,0.06932687502402644,0.3910198746780456,1.0,0.284872948141314,0.004866797370545496,0.012624457002268098,-0.1764502364202514,0.01566908853265675,0.07820705032099334,0.06450620843424441,-0.06618229346865029,0.0006458309306885019,0.07515473032714412,0.09570599315726752,-0.0802675585284281,0.015799792411486564,-0.23530542421097145,-0.1141890593164956,0.24297851074462767,0.23730442471072155,0.2357897974089878,0.27372467612347673,0.08864798370045747,0.045877061469265366,0.11505785568754084,0.10277169107753815,0.18483835005574137,0.05512628301233998,0.006896551724137931,0.02239649406066198,0.1995925114365894,-0.057132971975550687,0.15421520009226156,0.10375581440049206,-0.0390958366970361,0.27994464306308386,-0.20742705570291778,-0.06941913658555338,0.09057009956560182,0.1028562641756045,0.08790989120824204,0.024441625341175565,-0.05927805328105178,-0.14186752777457426,-0.12332295390766156,-0.18943605120516666,-0.11876369507553915,-0.11664936762388037,0.10134932533733133,0.15243916503286817,0.014708030600084573,-0.022903932649060085,0.203129204628455,0.07644639218852112,-0.02410333294891016,0.04288624918310076,0.19304962903163803,0.3048321992849729,-0.09615961250144159,0.21458501518471534,-0.09632875869757429,-0.02075116288009841,-0.10489370699265751,-0.13393303348325838,-0.02138161688386576,-0.20412870487833007,-0.07852227732287702,-0.19232691346634376,0.14990197209087763,0.20339061238611464,0.14834890247184102,0.12558336216507132,,0.38153999923115367,0.17932572175450737,0.04972898166301465,-0.01798331603429055,-0.11662630223349864,0.18896705493407143,0.08068273555529927,0.1357321339330335,0.15061699919271135,0.1769653634721101,0.020113020412870487,-0.01178641448506516,0.08241263983392919,-0.006404490062660978,-0.05779417983316034,-0.17452043209164647,-0.08946296082727867,-0.07563141506169992,0.04385499557913351,0.1537538922846269,-0.049198477684234805,0.046199976934609616,0.027078768308153617,-0.0363049244608465,0.0284780686579787,-0.12802060508207436,0.0018759850843808865,-0.2001383923422904
#58,-0.0754315150117249,0.08976281090224118,0.0763541306269942,-0.22285780186829662,0.021043324491600353,0.12153154192134702,0.21646868873255679,-0.10640833429439127,-0.12017068388882482,0.0775458424633837,0.13396378733710068,0.10049590589320724,0.284872948141314,1.0,-0.0882943143812709,-0.16670126475223926,-0.17245992388421175,0.18666051589589822,-0.045062084342444166,0.018413869988082882,-0.11250528581862915,-0.050620843424441626,-0.09702072040902626,-0.05660246799677084,-0.12992734402029754,-0.041979010494752625,0.07984469303809634,0.06528274324376274,0.08697958712951216,0.0716564794525814,0.10029600584323223,0.2541421596893861,0.13267981393918427,0.06825817860300619,0.036281859070464766,0.05104370891477338,0.06285318879022027,-0.09016261100219121,0.026302233498635297,-0.08328143620497444,0.14585015184715336,0.08183600507438589,0.13633183408295851,0.05442663283742744,-0.08324299388767155,-0.01930573174950986,0.0004920616614769538,0.1587590819974628,0.1597816476377196,0.07177949486795064,-0.0761157882597163,-0.002798600699650175,-0.07417829546765078,-0.19977703455964327,-0.12398416176527122,-0.3091069849690539,-0.05833237227540076,-0.19354937915657555,0.16091954022988506,-0.14108330450159537,0.17678084034905625,0.04812209279975397,0.1562757082996963,-0.11071387383231461,0.3740360588936301,0.1613808480375197,0.13506323761196326,0.32506823511321264,-0.005635643716603237,0.0735632183908046,0.14667281743743513,0.13313343328335833,-0.0899627109522162,0.11577288278937455,0.02680198362357283,-0.056856187290969896,-0.021520009226156152,-0.0763541306269942,0.09881982085880137,0.01874447391688771,0.3412524506977281,0.02830123399838542,,0.35606043132280013,0.2766616691654173,0.07812247722292699,0.11958636066582093,0.11591127513166494,0.08912466843501327,0.0065275054780302155,-0.07479337254449699,0.04460077653480952,-0.06475992772844347,-0.004197901049475262,-0.10700034598085573,0.17808019067389383,-0.16452542959289587,0.10744627686156921,0.10675431515011725,-0.03808095952023988,0.2659747049552147,0.21707607734594242,0.2778764463921885,0.2995194710337139,0.3108138238573021,0.27206396801599203,0.2726790450928382,0.20914158305462655,0.24761465421135587,-0.006373736208818668,-0.16367201014877178
#101,0.21129435282358822,0.2700572790527813,0.07839926190750779,0.29773574751085996,0.0803982624072579,0.09878137854149849,0.20172221581516933,0.13906892707492408,-0.20281397762657133,0.2943220697343636,-0.10858416945373467,-0.006719717064544651,0.004866797370545496,-0.0882943143812709,1.0,0.5422519509476031,-0.024410871487333258,0.11071387383231461,0.5193018875177796,0.16848498827509323,0.5702764002614078,0.3642025141275516,0.5939184254026832,0.312835889747434,0.2509360704263253,0.13068081343943413,-0.31265136662438014,-0.3843155345404221,0.37609656710106487,0.32427632337677315,-0.1337869526775074,0.027693845384999808,-0.27698458463076153,-0.08565717141429285,-0.044047207165647945,-0.02324222504132549,0.21130204128704877,0.17252143159189637,0.23286049283050783,0.05161265521085611,0.13615499942336523,0.41782185830161844,0.32704417022258103,0.2621074078345443,0.5440202975435359,0.2510821512320763,-0.4111636489447584,-0.4194748779456426,-0.3021489255372314,-0.1550532426094645,-0.2043516703186868,0.2523661246299927,0.08616461000269096,0.4079729366086188,0.18148617998692962,0.26086187675393074,0.004866797370545496,0.12013224157152193,-0.2506823511321262,0.029216161150194132,-0.4815899742436474,-0.4778533810018068,0.11481951332026294,0.17536616307231,-0.35429208472686735,-0.30425556452542957,0.2502825510321762,0.12090108791757967,0.29150809210779227,-0.08654134471225926,0.20825740975666013,-0.16673970706954216,-0.05924729942720947,-0.2702341137123746,-0.3556068119786261,-0.3546150001922116,-0.45739437973321034,-0.4768385038250106,0.38358513051166726,0.4824664590781532,-0.08146695882827817,0.11631107523161496,,0.05177411294352824,-0.18697574289778188,-0.5075154730327144,-0.5526928843270672,-0.1508399646330681,0.21644562334217507,0.18307769192326914,0.2878945142813209,-0.4356975358474609,-0.02848575712143928,-0.42960827278668356,-0.3327336331834083,0.236950755391535,0.2977203705839388,-0.21887517779571752,0.11495021719909276,-0.15650636220351363,-0.043801176334909465,-0.025787106446776613,0.062168915542228885,-0.06537500480528967,-0.27324030292546037,-0.17001499250374813,-0.23479798562257334,-0.5955406911928651,-0.3254526582862415,-0.533740821896744,-0.4254180602006689
#102,0.3062699419521009,0.25208165148195133,0.10675431515011725,0.3080613539384154,0.10181063314496598,0.06552877407450121,0.1828162841656095,0.283981086379887,-0.07066466766616691,0.24841425441125592,0.08335063237611963,-0.03353707761503864,0.012624457002268098,-0.16670126475223926,0.5422519509476031,1.0,-0.045792488371199015,0.059554837965632566,0.4852112405335794,0.4179371852535271,0.3050782301157114,0.624833736977665,0.33687771498865954,0.4494060661976704,0.134394341290893,0.4675662168915542,-0.4002690962211202,-0.23812709030100335,0.21886748933225694,0.2895244685349633,-0.30543189943489796,-0.1448814054511206,-0.4052973513243378,-0.11394302848575712,0.06218429246915004,-0.0665897820320609,0.13543997232153154,0.41304732249259984,-0.16838503825010573,0.21317802637142966,0.175566063122285,0.38074808749471417,0.1748587244839119,0.1479721677622727,0.352769768961673,0.43592818975127823,-0.4904317072233114,-0.45720985661015645,-0.4122092799753969,-0.21460808057509706,0.05466497520470534,0.2284088724868335,-0.3200861107907585,0.41741436973820784,0.1306577480490524,0.48933994541190945,-0.15250836120401337,0.4142544112559105,-0.3819321108676431,-0.016476377196017376,-0.5668473455579902,-0.4697112981970553,0.2235805174335909,0.2907008034444316,-0.4166070810748472,-0.0777149886595164,0.24043362933917656,0.22517202936993042,0.46851189789720527,0.21576903855764426,0.1607273286433706,-0.04075654480452082,-0.08615692153923038,-0.36391035251604964,-0.2920462845500327,-0.27998308538038674,-0.39232691346634374,-0.3695844385499558,0.2760081497712682,0.6167685388075194,-0.14696497904893707,0.1906046976511744,,-0.10009610579325721,-0.09546765078998962,-0.5169799715526852,-0.6076807749971168,-0.16890785376542497,0.19944643063083842,0.11992465305808635,0.4010302541037174,-0.4931534232883558,-0.029177718832891247,-0.5547841463883443,-0.3333563987237151,0.11044477761119441,0.5961480798062507,-0.23679698612232344,0.11205166647445508,-0.2572713643178411,-0.11090608541882904,-0.13820013070387882,-0.2086110790758467,0.06990350978356975,-0.4482835505324261,-0.2949755891285127,-0.4787068004459309,-0.6255103217621958,-0.28722561796025065,-0.564886787375543,-0.3943874216737785
#201,0.2723407527005728,0.21315496098104794,0.40525890900703493,0.33353323338330837,0.02292699803944182,0.17263675854380503,0.07114135240072271,0.31369699765501863,-0.01965940106869642,0.16686272248491138,0.23130742321147119,0.0925152808211279,-0.1764502364202514,-0.17245992388421175,-0.024410871487333258,-0.045792488371199015,1.0,0.48405797101449277,0.3397378233959943,-0.08292776688578787,-0.14528889401453118,-0.15472263868065966,0.03219159650943759,0.08407334794141391,0.16949986545188944,0.17850305616422557,-0.13461730673124975,-0.13937646561334718,0.3259062776304156,0.14384346288394265,0.012755160881097913,0.08932456848498828,-0.18932841271671857,-0.09921193249529081,-0.012916618613770038,-0.17555068619536385,0.08556490985276592,0.0816284165609503,0.06522123553607811,0.11272825125898589,-0.020889555222388806,0.03242993887671549,-0.07721523853457886,-0.04254795679083535,-0.06698958213201092,-0.040425940875715986,-0.1718525352708261,-0.18177065313497098,-0.1541998231653404,-0.32666743551301275,0.022065890131857148,-0.1670933763887287,-0.14815669088532657,-0.024610771537308267,0.05267366316841579,0.1703686618229347,-0.3855456886941145,-0.2931303578979741,0.01954407411678776,0.09485257371314343,-0.1359012801291662,0.028001383923422905,-0.1449813554761081,-0.021504632299234997,0.06865029023949563,0.176857724983662,-0.008611079075846692,-0.15662937761888288,0.16008149771268212,-0.3033713912274632,0.1741436973820782,0.3128820205281974,0.011140583554376658,-0.0015146273017337486,-0.2074885634106024,-0.1477799561757583,0.013008880175296967,-0.019298043286049282,-0.049959635566831966,0.12998116326452158,0.00441317802637143,-0.14087571598815976,,0.13505554914850268,0.013231845615653711,0.02113558605312728,-0.06843501326259947,-0.03825779417983316,0.12745165878599163,-0.13374082189674394,0.024126398339291893,-0.12176219582516434,-0.1168415792103948,0.08313535539922347,-0.04019528697189867,0.3313035789797409,0.2750932226194595,0.40947218698343135,0.08883250682351132,0.11161342405720216,0.0653288740245262,0.23255295429208472,0.07976780840349056,-0.011478875946642063,0.016261100219121208,0.20500518971283588,-0.20430553953792335,-0.0956444854495829,0.1285818629146965,-0.07661553838465383,0.05428055203167647
