,#10,#11,#12,#13,#17,#18,#26,#49,#50,#51,#52,#53,#54,#58,#101,#102,#201,#202,#301,#302,#401,#402,#501,#502,#601,#602,#701,#702,#801,#802,#901,#902,#1001,#1002,#1101,#1102,#1201,#1202,#1301,#1302,#1401,#1402,#1501,#1502,#1601,#1602,#1701,#1702,#1801,#1802,#1901,#1902,#2001,#2002,#2101,#2102,#2201,#2202,#2301,#2302,#2401,#2402,#2501,#2502,#2601,#2602,#2701,#2702,#2801,#2802,#2901,#2902,#3001,#3002,#3101,#3102,#3201,#3202,#3301,#3302,#3401,#3402,#3455,#3501,#3502,#3601,#3602,#3701,#3702,#3801,#3802,#3901,#3902,#4001,#4002,#4101,#4102,#4201,#4202,#4301,#4302,#4401,#4402,#4501,#4502,#4601,#4602,#4701,#4702,#4801,#4802
#10,1.0,0.20828816361050245,0.013424057202168146,0.1437973321031792,0.08828662591781032,0.18746780455925882,-0.029631338177065314,0.3538692192365356,-0.16078883635105523,0.14724176373351786,0.1019720908776381,0.30978356975358473,0.1187098758313151,-0.02667896820820359,0.1433129589051628,0.23506708184369354,0.20628916311075232,-0.08302771691077539,0.012324606927305578,0.2937608119017414,0.040941067927574674,0.31213623957252146,0.0684965209702841,0.3595663706608234,0.1542690193364856,0.3876369507553915,0.026217660400568946,0.26551339714758004,-0.257563525929343,0.2722946219198093,0.13797716526352208,0.3331103678929766,-0.17892592165455734,0.1710529350709261,-0.07137969476800061,0.03881905201245531,-0.17994848729481414,0.08837888747933725,-0.4861953638565333,-0.014369738207819168,-0.07247914504286318,0.037127590051128284,0.03223772729020105,0.11751047553146504,-0.3849921193249529,-0.04163302963902664,0.14629608272786684,0.1149732825894745,-0.15200092261561526,0.15979702456464076,0.24357821089455273,0.020151462730173375,0.06898089416830047,-0.0011302041287048782,-0.04763771960173759,0.11465805558759082,-0.19770883788874793,0.14635759043555147,-0.3824164840656595,-0.3273517087610041,-0.2024833736977665,-0.03224541575366163,-0.14546572867412447,0.19250374812593704,-0.016384115634490447,-0.1550532426094645,0.09768961673009649,-0.09522161995925114,0.1567216391804098,0.04867566216891554,-0.27091838696036596,0.004912928151308961,-0.01776803905739438,-0.23694306692807443,-0.16294929458347748,-0.18447699227309422,-0.05940106869642102,-0.21865221235536078,-0.081797562757083,0.22233498635297735,0.2324606927305578,0.3410909929650559,,0.3038865182793219,0.06721254757236766,0.02910852266174605,-0.12868950140314458,-0.15605274285933957,0.16126552108561104,0.09655941260139161,0.04353208011378926,-0.025602583323722755,-0.1050320993349479,-0.03479029715911275,0.02354207511628801,0.13954561180947989,0.19554837965632568,0.11213623957252143,-0.008680275246991888,-0.14529658247799176,0.019382616384115633,0.24355514550417098,-0.2663591281282436,-0.11841771421981317,-0.16976896167300964,-0.2661822934686503,-0.507869142351901,0.014031445815553762,-0.025656402567946796,-0.08554184446238419,-0.26394495060162226
#11,0.20828816361050245,1.0,0.035105524160996424,-0.18037904124860646,0.08806366047745358,0.05986237650405567,-0.005812478376196517,0.110306385268904,0.27297120670434016,0.11318187060315996,-0.022896244185599508,0.10019605581824473,0.09640564333218006,-0.0002306539038173221,0.02733248760235267,-0.00048437319801637643,0.0004459308807134894,-0.13911505785568754,0.07758428478068657,0.0692730557798024,-0.17023795794410487,0.17660400568946297,-0.07265597970245646,-0.021273978395417677,-0.08544189443739669,0.1399761657632722,-0.1863529773574751,0.019136585553377158,-0.17558912851266675,-0.03627417060700419,-0.1256218044823742,0.1347326336831584,0.1442663283742744,0.16705493407142583,0.20865720985661015,0.10543958789835851,0.2110867643101526,0.17188328912466844,-0.02471841002575635,0.08393495559912352,0.19429516011225156,-0.032491446584400105,0.00805750970668512,0.09111598047130282,-0.021220159151193633,-0.14987890670049592,0.0015761350094183678,0.08121323953407912,-0.26144619997693463,-0.1620651212855111,0.0023757352093184175,-0.08028293545534924,-0.18592242340368278,-0.15743666628224348,-0.4478145542613309,-0.22577941798331602,-0.14079114289009342,0.045192788221273976,0.06231499634797986,0.2508591857917195,0.1277668857878753,0.12517587360166071,0.11282051282051282,-0.1335870526275324,-0.017491254372813594,0.06435243916503287,0.24060277553530926,-0.16599392611386615,0.09286126167685388,-0.09821243224541576,-0.19841617652712107,0.06779687079537154,-0.07336331834082958,0.0018221658401568446,0.016414869488332758,-0.07306346826586707,-0.062176604005689466,-0.012847422442624842,-0.090639295736747,0.008534194441240917,0.004928305078230116,0.2659747049552147,,0.017606581324722256,0.27824549263829623,0.17527390151078306,-0.027117210625456502,0.11774112943528237,0.0934686502902395,0.02196594010686964,0.18235497635797485,0.26705108983969555,0.057863376004305536,0.22142774766462922,0.08223580517433592,-0.01445431130588552,0.023257601968246645,0.01682235805174336,0.13823857302118173,-0.2736708568792527,-0.013216468688732557,-0.018275477645792487,0.11181332410717718,-0.017522008226655904,0.13455579902356515,0.08945527236381809,-0.0741090992965056,0.13683158420789604,0.10052665974704955,0.15102448775612193,0.07076461769115443
#12,0.013424057202168146,0.035105524160996424,1.0,0.29263060777303657,0.09456810056510206,0.10482451082151233,-0.12474531964786838,0.11872525275823627,0.002306539038173221,0.1812170837658094,0.09942720947218699,-0.18293161111751816,-0.05327336331834083,-0.08967054934071426,0.11328182062814747,-0.08298158613001191,0.35732133933033483,0.11152116249567524,-0.1797178333909968,-0.21926728943220697,-0.21104832199284973,-0.2130319455656787,0.1574981739899281,0.047291738746011606,0.2241263983392919,-0.1714142928535732,0.20062276554030678,0.29123130742321146,-0.10774612693653174,-0.18599161957482796,0.20055356936916158,-0.2711490408641833,0.2619536385653327,0.21080229116211124,-0.033498635297735745,-0.3080997962557183,-0.23070772306154616,-0.3443970322531042,0.10923768884788375,0.006819667089532157,0.22193518625302733,-0.20566639757044555,-0.075739053550148,-0.3323492100103794,-0.07146426786606697,-0.08904778380040748,0.1908507284819129,0.3117825702533349,0.002629454503517472,0.04041056394879483,0.14375888978587628,0.4439933879214239,0.13104985968554184,0.31512705185868606,0.21416214969438357,0.18195517625802482,-0.05615653711605736,-0.4323453657786491,0.20073040402875486,0.08685657171414293,-0.05928574174451236,0.05631799484872948,-0.23505939338023296,-0.21341636873870756,0.2999961557682697,0.08103640487448584,-0.37746511359704765,0.023649713604736094,-0.03514396647829931,0.1501556913850767,0.12454541959789336,0.30117249067773805,-0.3418213969938108,0.1566140006919617,-0.3524314765694076,-0.26935762887786874,0.012447622342674816,0.10764617691154423,-0.0679506400645831,0.02688655672163918,0.09296890016530196,0.12173913043478261,,-0.08518048667973706,-0.26848114404336293,-0.020989505247376312,0.10804597701149425,0.26157690385576443,0.04983662015146273,0.2619536385653327,0.07508553415599892,0.1351170568561873,-0.12023988005997001,0.24606158459231922,0.07570829969630569,0.34367431668780996,0.2134394341290893,0.35822857801868296,0.25219697843386,0.09639026640525891,0.35987390919924656,0.1487948333525545,-0.006212278476146542,0.03706608234344366,0.2273863068465767,0.2011917118363895,0.2366432168531119,0.021335486103102295,0.05398070195671395,0.38578403106139236,0.15363856533271825
#13,0.1437973321031792,-0.18037904124860646,0.29263060777303657,1.0,0.14104486218429246,0.342036673970707,-0.05717141429285357,-0.06552877407450121,-0.24707646176911544,0.3036404874485834,0.06520585860915697,0.28837888747933726,0.24081805251220545,0.0920001537692692,-0.12138546111559605,-0.21155576058124784,0.3451889439895437,-0.0016837734978664514,0.05255833621650713,0.10258716795448429,-0.030369430669280745,-0.13461730673124975,0.029454503517472034,0.15466881943643562,0.27545458040210663,-0.09519855456886941,0.35812862799369544,0.33955330027294045,-0.14342828585707146,0.22032829738976664,0.07368623380617384,-0.028470380194518124,-0.0666205358859032,0.11446584400107639,-0.104047976011994,-0.17385153577057624,-0.08378887479337255,-0.261438511513474,0.140053050397878,-0.10630838426940376,0.19063545150501673,-0.0707031099834698,0.11338177065313497,0.1481105601045631,0.040641217852612155,0.17844154845654095,0.3559220389805097,0.3430054203667397,0.11152885095913581,0.08830969130819205,0.03547457040710414,0.13206473686233805,0.26809672087033404,0.05930111867143351,0.042770922231192096,0.001276284934455849,-0.08874024526198439,-0.2853726982662515,0.014400492061661477,0.037181409295352325,0.0061584592319225,0.2642371122131242,-0.08715642178910545,-0.078868258178603,0.3451428132087802,0.2994887171798716,-0.12363049244608465,0.14482758620689656,-0.08842501826010071,-0.021996693960711952,-0.03220697343635874,0.31502710183369853,-0.25013647022642527,0.12114711874831816,-0.13407142582554876,-0.059124284011840236,0.11756429477568908,-0.1392995809787414,0.12076269557528928,-0.023288355822088956,0.1698842886249183,0.33274132164686887,,-0.0076115788259716296,0.01453888440395187,-0.1440356744704571,0.19671702610233344,0.0338907469342252,0.036281859070464766,0.03940337523545919,0.1945950101872141,0.04619228847114904,-0.08952446853496329,-0.02768615692153923,-0.13581670703109983,0.1953715449967324,0.3056164225579518,0.24149463729673626,0.023380617383615885,0.1577134509668243,0.19514857955637566,0.08503440587398609,-0.14832583708145927,0.005404989812785915,-0.002006688963210702,0.07691538845961635,-0.004543881905201245,0.0988428862491831,0.08391189020874178,0.04996732403029255,-0.1361626878868258
#17,0.08828662591781032,0.08806366047745358,0.09456810056510206,0.14104486218429246,1.0,0.3760043055395379,-0.08159766270710798,-0.023519009725906277,0.008388113635489948,-0.029715911275131665,0.012632145465728674,0.2303848075962019,0.16218044823741976,-0.18236266482143543,-0.3415830546265329,-0.22800907238688348,0.34724945219697845,0.005712528351209011,-0.07744589243839618,-0.02707107984469304,-0.4084034905624111,-0.29968861722984663,-0.32623688155922037,-0.08263560527428593,0.1658017145273517,-0.20277553530926845,-0.05656402567946796,0.06321454657286742,-0.10337907969092378,0.02584861415446123,-0.1717602737092992,0.015538384653826932,0.1943259139660939,-0.23064621535386154,0.23560527428593395,0.053365624879867755,0.17043785799407987,-0.05491100603544382,0.06128474224426248,0.05575673701610733,0.1849613654711106,0.08191288970899166,0.0694114481220928,0.27997539691692613,-0.014585015184715335,-0.08794833352554492,0.12030138776765463,0.2576788528812517,0.07709222311920963,-0.10787683081536155,0.18296236497136048,0.0682197362857033,-0.02611771037558144,0.046830430938376966,-0.37071464267866067,-0.29185407296351823,-0.09348402721716065,-0.08554184446238419,-0.02869334563487487,0.14888709491408142,0.30765386537500483,0.17473570906854266,0.23319878522277324,-0.09442201975935109,0.0673663168415792,-0.07991388920924153,0.1352170068811748,0.22120478222427248,-0.003121516164994426,0.12595240841117902,-0.16694729558297774,0.10713873832314612,-0.012017068388882482,0.07901433898435398,0.08086725867835313,0.08835582208895552,0.05014415868988582,0.07100296005843232,-0.09729750509360705,0.06555183946488294,0.20825740975666013,0.31467343251451196,,0.06996501749125437,0.34486602852419945,-0.1581747587744589,0.3147964479298812,-0.0010917618114019913,0.010833045015953561,0.24935993541690693,0.46805827855303117,0.08854034521200937,0.12677507400146082,-0.1876446392188521,0.022727097989466805,0.01989774343597432,-0.032552954292084726,0.143036174220582,-0.12062430323299889,0.0384807596201899,0.1843847307115673,0.05049782800907239,0.2025525698689117,0.06304540037673471,0.05725598739091992,0.10030369430669281,0.24417022258101717,0.2259331872525276,0.22792449928881714,0.11788721024103332,0.25925498789067003
#18,0.18746780455925882,0.05986237650405567,0.10482451082151233,0.342036673970707,0.3760043055395379,1.0,-0.07147964479298811,0.19521777572752086,0.004097951024487756,0.11943259139660939,-0.011025256602467996,0.4017068388882482,0.30029600584323224,-0.03716603236843117,-0.035274670357129126,-0.050528581862914694,0.16714719563295274,0.235313112674432,0.02363433667781494,0.010940683504401645,-0.23679698612232344,-0.0988428862491831,-0.02733248760235267,0.03073847691538846,0.08751009110829201,-0.00379041248606466,-0.07011878676046591,0.07830700034598086,0.01732210817668089,0.3142890093414831,-0.03316803136893092,0.1174874101410833,0.06677430515511475,-0.13669319186560566,0.1997924114865644,0.03165340406719717,-0.012416868488832507,-0.18692192365355784,0.06996501749125437,-0.12930457847999077,0.07691538845961635,0.09818167839157345,0.08046745857840311,0.25627186406796604,-0.2900011532695191,-0.04453158036366432,0.027409372236958444,-0.005481874447391689,-0.11032945065928575,-0.21603813477876446,-0.05428055203167647,-0.10336370276400261,0.0479068158228578,-0.009349171568062123,-0.27081843693537844,-0.0808441932879714,-0.383116134240572,-0.3710144927536232,-0.18772921231691847,0.045823242225041326,-0.0009379925421904433,0.1075846692038596,0.02824741475416138,-0.05541844462384193,0.14857186791219776,-0.09839695536846961,0.05723292200053819,-0.06393726213816169,0.15602967746895782,0.20994118325452657,0.008311229000884173,0.20312151616499444,-0.02350363279898512,0.03465190481682236,-0.09038557644254795,-0.24565409602890861,-0.1945873217237535,-0.2535578364663822,0.15902048975512245,0.07512397647330181,0.3255064775304655,0.487856071964018,,0.258801368546496,0.4138238573021182,0.020320608926306077,0.06612078576096567,-0.04762234267481644,0.018998193211086763,0.3056625533387153,0.12494521969784339,-0.05324260946449852,-0.14628839426440626,-0.17724983662015145,-0.08271248990889171,0.21338561488486527,0.0939760888786376,0.1923807327105678,-0.1938107869142352,0.027555453042709413,0.07596201899050475,0.3454119094299004,-0.12247722292699804,0.2755699073540153,0.19882366509053165,0.01646100026909622,-0.11882520278322377,0.12316149617498943,0.06295313881520778,0.08885557221389305,0.05095913581670703
#26,-0.029631338177065314,-0.005812478376196517,-0.12474531964786838,-0.05717141429285357,-0.08159766270710798,-0.07147964479298811,1.0,-0.1320570483988775,0.03329873524776074,0.21630723099988466,0.5479798562257333,-0.2533886902702495,0.09375312343828086,0.14207511628800984,0.3628954753392534,0.2453158036366432,-0.05300426709722062,-0.22946219198093262,0.09670549340714259,-0.12509130050359435,0.034621150962980046,-0.17728059047399378,0.081251681851382,-0.20748087494714182,-0.11461192480682736,-0.06868873255679853,-0.2491369699765502,-0.3585207396301849,0.034505824011071384,-0.07254834121400838,0.05664859877753431,0.08556490985276592,-0.13247222542574866,0.23693537846461385,0.10029600584323223,0.19076615538384653,0.07663860377503556,0.15624495444585398,-0.002967746895782878,-0.3122131242071272,0.209387613885365,0.31709529850459384,-0.09676700111482721,0.03158420789605197,-0.17852612155460731,-0.2799984623073079,-0.36830046515203935,-0.23388305847076463,-0.2513128051358936,-0.347749202321916,-0.3533540921846769,-0.2718563795025564,-0.24896782378041749,-0.14278245492638297,-0.01089455272363818,-0.20708876331065237,-0.03826548264329374,-0.01708376580940299,-0.16270326375273902,-0.00858801368546496,0.24444700726559798,-0.043401376234959446,0.05875523776573252,0.24719947718448468,-0.14363587437050707,-0.19414139084304002,0.12937377465113598,0.6113789259216545,0.16334140621996693,0.017867989082381887,0.19285741744512358,-0.012063199169645947,0.16039672471456579,-0.41502325760196823,0.12689040095336948,-0.043662783992619074,0.0981970553184946,0.1585207396301849,0.38695267750740014,0.08884788375043248,-0.1616499442586399,-0.28511897897205246,,-0.04240187598508438,-0.13999923115365395,0.14119863145350403,0.07658478453081152,0.08723330642371122,-0.31725675623726596,0.18249336870026525,-0.11458117095298505,-0.14822588705647177,-0.09832007073386384,-0.027962941606120017,0.21581516933840772,-0.2990120324453158,0.05923192250028832,-0.21356244954445855,-0.20934917156806213,-0.275339253450198,-0.048760235266981894,-0.421504632299235,0.06058509206934994,-0.35436128089801255,-0.15706762003613578,-0.1728520355207012,0.2727482412639834,0.1268827124899089,-0.1870064967516242,0.27859147349402225,0.3433206473686234
#49,0.3538692192365356,0.110306385268904,0.11872525275823627,-0.06552877407450121,-0.023519009725906277,0.19521777572752086,-0.1320570483988775,1.0,-0.07383231461192481,0.08257409756660132,0.31705685618729096,0.18077884134855648,0.08483450582401107,0.07936031984007996,0.22443393687771498,-0.16091954022988506,0.13270287932956598,-0.09595971245146658,0.13604736093491715,0.05307346326836582,-0.1879521777572752,0.043339868527274825,-0.010317917964094876,-0.017614269788182833,-0.03229154653442509,0.2916464844500827,-0.045815553761580745,-0.20329066236112714,-0.1434129089301503,0.16639372621381618,-0.0006227655403067697,0.13527851458885942,-0.02105101295506093,0.22301925960096874,-0.04656133471725676,0.07034944066428324,0.028047514704186368,0.05962403413677776,-0.11620343674316688,0.053342559489486026,-0.10274093722369584,0.11389689770499366,-0.22859339560988737,0.020981816783915735,-0.12341521546918849,-0.06767385538000231,-0.018529196939991544,-0.09766655133971476,-0.35037096836197285,-0.11345865528774074,0.1038096336447161,0.14628070580094568,0.04776842348056741,-0.08103640487448584,-0.028493445584899857,0.018928997039941567,-0.19287279437204474,-0.14826432937377465,-0.2841041017952562,-0.2883942644062584,-0.07866835812862799,-0.04144081805251221,0.22123553607811478,0.08273555529927344,-0.247230231038327,-0.30938376965363473,-0.04391650328681813,-0.2029216161150194,0.06874255180102257,0.3010264098719871,-0.02697881828316611,-0.10878406950370968,-0.013893053473263368,-0.14350517049167724,-0.051351247453196476,-0.22890093414831045,-0.04898320070733864,-0.02357282897013032,-0.12652904317072233,0.1396686272248491,0.06436781609195402,0.06899627109522162,,0.23954945604121017,-0.05146657440510514,0.16423326798139393,-0.22570253334871027,-0.06128474224426248,0.049767423980317534,0.225925498789067,-0.020766539807019566,0.006942682504901395,-0.2589166954984046,-0.039741667627724596,0.036474070656979204,-0.0019528697189866604,-0.11986314535040173,-0.04133317956406412,-0.25741744512359205,-0.024180217583515934,0.027224849113904586,0.21250144158689885,-0.281051781801407,0.08005228155153192,-0.15319263445200476,-0.19956175758274708,-0.1575443047706916,0.1305577980240649,0.02451850997578134,0.021573828470380193,-0.06722792449928881
#50,-0.16078883635105523,0.27297120670434016,0.002306539038173221,-0.24707646176911544,0.008388113635489948,0.004097951024487756,0.03329873524776074,-0.07383231461192481,1.0,-0.20250643908814822,-0.1362703263752739,0.0820666589782032,-0.007596201899050475,0.21927497789566755,0.12133933033483259,-0.05840156844654596,-0.02442624841425441,0.2111636489447584,0.21577672702110484,-0.30746934225195094,-0.19118133241071772,-0.014154461230923,-0.3156268019836236,-0.2620612770537808,-0.15713681620728098,-0.09393764656133471,-0.31465036712413025,-0.2609003190712336,0.19977703455964327,0.022842424941375467,-0.1330334832583708,0.037911813324107174,0.3180409795102449,-0.07017260600468997,0.099081228616461,0.10356360281397763,0.32645984699957714,0.036850805366547494,0.06369123130742321,0.023964940606619765,0.1059547149502172,0.2057432822050513,-0.1636258793680083,0.09312266943451351,-0.04085649482950832,-0.30753853842309614,-0.020712720562795526,-0.010971437358243954,-0.20059970014992504,-0.4024141775266213,-0.16119632491446584,-0.23927267135662939,-0.3426978818283166,-0.36834659593280283,-0.3483104601545381,-0.30238726790450926,0.013677776496367202,-0.060315995848229734,0.18698343136124246,0.29446815054011455,0.33774651135970474,0.20018452312305385,0.3569753584746089,-0.11873294122169685,-0.09959635566831969,-0.2043901126359897,0.398508438088648,0.1673317187560066,0.24649982700957213,0.215246223042325,-0.0009841233229539077,-0.008803290662361128,0.11934032983508246,0.08180525122054358,0.1517164494675739,-0.11655710606235344,0.1186099258063276,-0.0037596586322223504,0.21063314496597854,-0.14237496636297237,-0.16338753700073042,0.060315995848229734,,-0.2189597508937839,0.3543382155076308,0.19364932918156305,0.022811671087533156,0.07299427209472187,-0.1870680044593088,0.12745165878599163,-0.010963748894783378,0.1771729519855457,-0.042932379963864224,0.09997309037788799,0.17095298504593856,-0.1965325029792796,-0.19811632645215854,-0.03533617806481375,0.09296890016530196,-0.21868296620920308,-0.1606043132280014,-0.061077153730826894,0.5264521585361166,0.25138968977049936,0.09430669280744243,0.2485910890708492,0.03153807711528851,0.045408065198170144,-0.10401722215815169,0.19242686349133126,0.2780225271979395
#51,0.14724176373351786,0.11318187060315996,0.1812170837658094,0.3036404874485834,-0.029715911275131665,0.11943259139660939,0.21630723099988466,0.08257409756660132,-0.20250643908814822,1.0,0.17977165263522085,0.10722331142121247,0.15127051858686041,0.2350132625994695,0.06895014031445816,0.11178257025333486,0.2511129050859186,0.0002614077576596317,-0.0519893899204244,0.03604351670318687,-0.00698881328566486,-0.1515857455887441,0.20522046668973207,0.02297312882020528,0.226271479644793,0.00980279091223619,0.17994079883135355,0.09953484796063507,-0.2777149886595164,-0.0041210164148694885,0.30524737631184407,0.0939453350247953,-0.03577442048206666,0.20276784684580787,-0.019136585553377158,-0.08430400184523124,-0.3230692346134625,-0.30002690962211204,0.044323991850228735,-0.18297005343482106,0.16956137315957406,-0.09609041633029639,-0.08062122784761465,-0.15948948602621765,-0.12711336639372622,-0.027017260600468995,0.06871179794718026,0.1343712759005113,0.229746665128974,0.09000884173297967,0.05654096028908623,0.1184100257563526,0.33109599046630533,0.10999115826702034,0.06958828278168608,0.0518202437242917,-0.21486179986929613,-0.18267020335985854,0.03121516164994426,0.027224849113904586,-0.12172375350786145,-0.03708145927036482,-0.3023488255872064,-0.1023488255872064,0.24426248414254412,0.012893553223388306,-0.06096182677891823,0.10956829277668857,-0.017091454272863568,0.03978779840848806,0.2751162880098412,0.27841463883442896,-0.09991927113366393,-0.04052589090070349,-0.18576096567101064,-0.1135124745319648,-0.051681851382001306,-0.09019336485603352,0.08297389766655133,-0.0775074001460808,0.11553454042209664,0.07505478030215662,,-0.23801176334909468,-0.17796486372198517,-0.16591704147926037,-0.15322338830584709,0.031169030869180794,-0.3001268596470995,-0.10751547303271441,-0.15274670357129128,-0.05613347172567562,-0.07285587975243148,0.23761965171260524,0.09569061623034636,0.2904701495406143,0.07297120670434014,0.2509283819628647,0.2042517202936993,-0.21466958828278168,0.09472955829777419,0.27330181063314496,-0.1565217391304348,-0.01850613154960981,0.20313689309191557,0.023319109675931263,0.026702033598585324,-0.19418752162380348,-0.11977857225233537,-0.07194095260062276,-0.19658632222350364
#52,0.1019720908776381,-0.022896244185599508,0.09942720947218699,0.06520585860915697,0.012632145465728674,-0.011025256602467996,0.5479798562257333,0.31705685618729096,-0.1362703263752739,0.17977165263522085,1.0,-0.18656825433437127,-0.012462999269595971,0.235313112674432,0.4492984277092223,0.040971821781416985,0.19777803405989314,-0.4234113712374582,0.14271325875523777,0.022734786452927383,-0.033144965978549185,-0.11966324530042671,0.1754661130972975,-0.13474801061007957,0.0307922961596125,0.004613078076346442,-0.07025717910275632,-0.19617883366009303,-0.09723599738592242,0.06406027755353093,-0.08140545112059355,-0.029423749663629723,-0.16361050244108716,0.2658440010763849,-0.0429400684273248,0.07888363510552417,0.10896859262676355,0.337523545919348,-0.01690693114980971,-0.14523507477030714,0.05120516664744551,0.3492792065505709,-0.1686003152270019,0.04613078076346442,-0.08193595509937339,-0.14154461230923,-0.1810171837158344,-0.13550916849267675,-0.31709529850459384,-0.20618921308576482,-0.1562142005920117,-0.020981816783915735,-0.09046246107715374,-0.09102371890977588,0.04622304232499135,0.034106023911121365,-0.06796601699150424,-0.05899358013301042,-0.2461461576903856,-0.2518202437242917,0.02245031330488602,0.009141583054626532,0.16960750394033752,0.171345096682428,-0.2085341944412409,-0.26555952792834353,-0.013593203398300849,0.31858686041594586,0.20559720139930035,0.1002037442817053,0.016614769538307768,-0.1386845039018952,0.162503363702764,-0.2459693230307923,0.07674624226348364,-0.09799715526851958,0.16064275554530427,0.18299311882520278,0.3683389074693422,0.1703302195056318,-0.04779148887094914,-0.2340598931303579,,0.0472609848921693,-0.19471802560258333,-0.029000884173297967,-0.14973282589474493,0.10174912543728136,-0.1607734594241341,0.1579133510167993,0.01869065467266367,-0.06526736631684157,-0.14397416676277247,-0.05561834467381694,0.12313843078460769,-0.1947949102371891,-0.05387306346826587,-0.17824933687002653,-0.13838465382693269,-0.02013608580325222,-0.03904201745281206,-0.23464421635336177,-0.10373274901011033,-0.32526813516318764,-0.22344212509130051,-0.13271056779302656,0.22295775189328412,-0.01128666436012763,0.005251220543574367,0.15592203898050974,0.0338907469342252
#53,0.30978356975358473,0.10019605581824473,-0.18293161111751816,0.28837888747933726,0.2303848075962019,0.4017068388882482,-0.2533886902702495,0.18077884134855648,0.0820666589782032,0.10722331142121247,-0.18656825433437127,1.0,0.3366855034021451,0.1496713181870603,-0.17109137738822897,-0.1910429400684273,0.2802214277476646,0.07074924076423326,0.2847653096528659,0.0239880059970015,-0.06737400530503979,0.10992196209587514,-0.19607888363510553,-0.020328297389766655,0.16949217698842886,-0.014354361280898013,-0.05820166839657095,-0.034536577864913695,-0.09410679275746742,0.4430323299888517,0.010963748894783378,0.47045707915273133,-0.11815630646215354,-0.057786491369699766,0.2062968515742129,0.2708799446430631,0.10031907123361396,-0.0020605082074347443,-0.18950524737631183,0.028624149463729674,-0.10864567716141929,0.15775958174758775,0.12358436166532119,0.43548225887056474,-0.0844500826509822,0.00805750970668512,0.24059508707184868,0.1308192057817245,0.039995386921923656,-0.10012685964709953,0.1958866720485911,-0.18597624264790683,-0.11558835966632068,-0.39664782993118824,-0.45527236381809094,-0.3021796793910737,-0.20875715988159765,0.006881174797216776,-0.20897243685849384,-0.20755775958174758,0.03420597393610887,0.0626071579594818,0.2057432822050513,-0.06259946949602122,-0.011294352823588205,-0.009064698420020759,0.43937262138161687,-0.18938223196094262,0.16647061084842193,0.12175450736170376,-0.10188751777957175,0.12866643601276284,0.29780494368200516,0.3640333679314189,0.20669665167416293,0.10405566447545458,-0.03951870218736785,-0.32700572790527815,-0.06906546726636682,-0.09333025794794911,0.2951754891784877,0.6238649905816323,,0.23339099680928765,0.617375927420905,0.07480874947141813,-0.0313381770653135,-0.1215392303848076,-0.012270787683081536,-0.03991850228731788,0.1833621650713105,0.24796832353054243,-0.07103371391227463,-0.07183331411217468,-0.007081074847191789,0.2116403336793142,-0.08544958290085726,0.01693768500365202,-0.26367585438050206,-0.03159189635951255,-0.11192865105908584,0.32556798523815017,-0.08004459308807135,0.16715488409641333,0.050974512743628186,0.13773882289624417,-0.5331411217468189,0.16407949871218236,0.07198708338138624,-0.20277553530926845,-0.2598546880405951
#54,0.1187098758313151,0.09640564333218006,-0.05327336331834083,0.24081805251220545,0.16218044823741976,0.30029600584323224,0.09375312343828086,0.08483450582401107,-0.007596201899050475,0.15127051858686041,-0.012462999269595971,0.3366855034021451,1.0,0.3875139353400223,-0.19226540575865914,-0.21015646023142276,0.13466343751201323,0.1295044785299658,0.14504286318379273,-0.13618575327720756,-0.14050666974205206,-0.16395648329681314,-0.10357129127743821,-0.16442547956790834,0.16412562949294585,-0.06559028178218583,-0.11438895936647062,-0.13823088455772115,0.2169146196132703,0.2302464152539115,-0.04509283819628647,0.23326798139391844,0.1852612155460731,0.18087110291008343,0.3373543997232153,0.23836543266828125,0.11298197055318494,-0.0008687963710452466,0.1451812555260831,-0.13384077192173144,-0.048298927459347246,0.16926921154807212,-0.16075039403375235,0.26387575443047706,0.06333756198823665,0.00515127051858686,-0.05210471687233306,-0.17906431399684772,-0.016038134778764465,-0.21848306615922808,0.009256910006535194,-0.18556106562103564,-0.009026256102717872,-0.12138546111559605,-0.3434513512474532,-0.37595817475877447,-0.08744089493714681,-0.029631338177065314,0.0023757352093184175,-0.12993503248375812,0.23704301695306193,-0.10111867143351401,0.13696228808672586,-0.04460077653480952,0.048898627609272285,0.001752969669011648,0.29482950832276167,0.14305155114750318,0.1624726098489217,0.029416061200169145,0.03471341252450698,-0.01134048360435167,0.012870487833006573,-0.007888363510552415,0.14042978510744628,0.0684965209702841,0.06367585438050205,-0.08359666320685812,0.2056125783262215,-0.059201168646446006,0.29026256102717873,0.2949986545188944,,0.21427747664629224,0.26500595855918196,0.16116557106062354,0.0269480644293238,-0.023549763579748587,0.1008188213585515,0.07727674624226348,-0.08139776265713297,-0.0490985276592473,-0.16524045669472956,-0.025010571637258294,-0.16025064390881483,-0.13751585745588743,0.12476838503825011,-0.05604889862760927,-0.31528082112789757,-0.08398877484334756,-0.005612578326221505,0.024172529120055356,0.13747741513858455,0.26203052319993847,0.21440818052512206,0.09532156998423864,-0.015061699919271134,0.30511667243301427,0.03757352093184177,0.16693960711951716,0.03823472878945143
#58,-0.02667896820820359,-0.0002306539038173221,-0.08967054934071426,0.0920001537692692,-0.18236266482143543,-0.03716603236843117,0.14207511628800984,0.07936031984007996,0.21927497789566755,0.2350132625994695,0.235313112674432,0.1496713181870603,0.3875139353400223,1.0,0.1495021719909276,-0.17046092338446162,0.007473186483681236,0.013808480375197017,0.23340637373620882,-0.09933494791066005,0.07673086533656248,-0.09755891285126668,-0.06296082727866836,-0.13411755660631222,0.048168223580517436,-0.08119017414369738,-0.04461615346173067,-0.3504709183869604,0.18548418098642985,0.4269865067466267,-0.029854303617422057,0.2550493983777342,-0.05514934840272172,0.13876138853650097,0.2694037596586322,0.25897051474262867,0.2276323376773152,0.054511205935493794,0.1259908507284819,-0.26045438819052014,0.05319647868373505,0.29559835466881945,-0.22214277476646294,0.04154845654096029,0.17092223119209626,-0.01836005074385884,-0.07006496751624187,-0.02165071310498597,-0.1523622803982624,-0.16217275977395917,-0.07074924076423326,-0.1271825625648714,-0.0925152808211279,-0.30077269057778805,-0.22839349555991234,-0.23113827701533848,-0.0741398531503479,0.004482374197516626,-0.1006496751624188,-0.21320878022527198,0.1290585476492523,-0.2711951716449468,0.26011609579825473,-0.040395187021873676,-0.1797485872448391,-0.18596855418444624,0.38521508476530963,0.09152346903471341,0.2002075885134356,0.16989966555183947,0.06548264329373775,-0.03440587398608388,0.23145350401722214,-0.03065390381732211,0.20924153307961404,0.04216353361780648,0.12313843078460769,-0.1678468458078653,0.25322723253757734,-0.09515242378810594,0.061815246223042325,-0.01418521508476531,,0.11806404490062661,0.0376657824933687,0.0998962057432822,-0.21325491100603544,-0.031107523161496176,-0.219667089532157,-0.15272363818090953,-0.18886710490908393,-0.11733364087187176,-0.205912428401184,0.009987314035290048,0.12373044247107215,-0.02910852266174605,-0.20291392765155883,-0.2802675585284281,-0.18636835428439627,-0.14182908545727135,-0.1240918002537193,-0.01107138738323146,0.045054395878983584,0.019667089532156998,0.13879983085380387,-0.005228155153192635,-0.12753623188405797,-0.08155922038980509,-0.11023718909775881,-0.029454503517472034,-0.016537884903701994
#101,0.1433129589051628,0.02733248760235267,0.11328182062814747,-0.12138546111559605,-0.3415830546265329,-0.035274670357129126,0.3628954753392534,0.22443393687771498,0.12133933033483259,0.06895014031445816,0.4492984277092223,-0.17109137738822897,-0.19226540575865914,0.1495021719909276,1.0,0.4186599008188214,0.02819359550993734,0.0454234421250913,0.36174220582016686,-0.11531926344520048,0.2087033406373736,0.11907123361396225,0.32353054242109713,-0.04343213008880175,0.047806865797870295,0.08408103640487448,-0.1546765078998962,-0.2395417675777496,0.054626532887402456,-0.028324299388767155,0.11978626071579594,0.12359205012878176,-0.13736977665013647,0.18877484334755698,-0.19058932072425325,0.10177987929112367,0.04234036827739976,0.2361050244108715,-0.12287702302694807,-0.11029100834198285,0.08185907046476762,0.210279475646792,-0.010233344866028525,-0.06931918656056588,-0.4287856071964018,-0.3787721523853458,-0.15745973167262522,-0.18534578864413948,-0.4892861261676854,-0.36360281397762656,-0.37489716680121477,-0.24510821512320763,-0.3294660362126629,-0.16697804943682004,0.131811017568139,0.08260485142044363,-0.1927190251028332,-0.11131357398223965,-0.2548648752546804,-0.25080536654749547,-0.1901664552339215,0.0025448814054511207,0.012070887633106524,0.1520931841771422,-0.23751970168761774,-0.23404451620343675,0.04456233421750663,0.16093491715680622,0.4502210433244916,0.13006573636258795,0.15606811978626073,-0.03826548264329374,0.15590666205358858,-0.21046399876984584,-0.04303232998885173,-0.25628724099488714,0.00831891746434475,0.1932264636912313,0.21011801791411985,0.07307115672932764,0.07511628800984123,-0.36214969438357747,,0.11055241609964249,-0.26905009033944566,0.1784338599930804,-0.10854572713643178,-0.04427786106946527,-0.24851420443624342,-0.09138507669242302,-0.14684196363356783,-0.31250528581862913,-0.453488640295237,0.12308461154038365,0.07986775842847807,0.08785607196401798,-0.03904970591627263,-0.11025256602467996,0.0974820282166609,-0.2856341060239111,-0.23812709030100335,-0.0551877907200246,-0.20482835505324262,-0.22261177103755814,0.053965325029792795,-0.05825548764079499,-0.02928535732133933,-0.140252950447853,-0.07466266866566716,0.18290854572713644,0.08780994118325453
#102,0.23506708184369354,-0.00048437319801637643,-0.08298158613001191,-0.21155576058124784,-0.22800907238688348,-0.050528581862914694,0.2453158036366432,-0.16091954022988506,-0.05840156844654596,0.11178257025333486,0.040971821781416985,-0.1910429400684273,-0.21015646023142276,-0.17046092338446162,0.4186599008188214,1.0,-0.28446545957790337,0.11125975473801561,-0.02633298735247761,0.21590743089993464,0.4349978856725483,0.5583362165071311,0.22535655249298428,0.38655287740745015,-0.04653826932687503,0.4602544881405451,-0.21240149156191135,0.019705531849459886,-0.09363010802291162,-0.3123515165494176,0.19230384807596201,-0.07089532156998424,-0.23272210048821743,0.04187137200630454,-0.35350786145388846,-0.11576519432591396,-0.4179679391073694,0.19985391919424902,-0.39167339407219465,0.049813554761081,-0.15268519586360665,0.007711528850959136,0.1204474685734056,-0.1334409718217814,-0.4237112213124207,-0.11631876369507554,-0.2609387613885365,-0.2355207011878676,-0.1647176411794103,0.11283588974743397,-0.4530427094145235,-0.28711797947180256,-0.18631453504017223,0.022765540306769694,0.29229231538077116,0.4223196094260562,-0.003029254603467497,0.2820897243685849,-0.2348748702571791,-0.03911890208741783,-0.16108868642601776,-0.12016299542536424,-0.2851420443624342,0.15218544573866913,-0.06660515895898204,0.019259600968746397,-0.10394033752354592,0.14191365855533772,0.24377042248106714,-0.03747357090685426,-0.10624687656171913,-0.10783838849805866,-0.1338869027024949,-0.2899627109522162,-0.3214700342136624,-0.2021450813055011,-0.24220966439856995,0.1153115749817399,0.05853227232537577,0.3478414638834429,0.033529389151578055,-0.20440548956291085,,-0.02471841002575635,-0.34877176796217274,-0.17142966978049437,-0.14547341713758505,-0.1302887018029447,-0.028939376465613346,-0.3679544842963134,-0.33044247107215624,-0.3638872871256679,-0.09639026640525891,0.049113904586168454,-0.028201283973397915,-0.03659708607234844,0.3160957982547188,-0.05688694114481221,0.2708415023257602,-0.3116288009841233,-0.16426402183523622,0.0030446315303886517,-0.21346249951947102,-0.2445392688271249,0.05572598316226502,-0.2722561796025064,-0.11230538576865413,-0.24979048937069925,-0.17272902010533195,0.0038365432668281243,-0.06090800753469419
#201,0.20628916311075232,0.0004459308807134894,0.35732133933033483,0.3451889439895437,0.34724945219697845,0.16714719563295274,-0.05300426709722062,0.13270287932956598,-0.02442624841425441,0.2511129050859186,0.19777803405989314,0.2802214277476646,0.13466343751201323,0.007473186483681236,0.02819359550993734,-0.28446545957790337,1.0,-0.01750663129973475,0.20263714296697805,-0.1621650713104986,-0.27222542574866415,-0.35309268442701724,0.0569561373159574,0.10460154538115557,0.2667204859108907,-0.1589974243647407,0.26221504632299236,0.20852650597778033,-0.0494368200515127,0.14611924806827356,0.2109176181140199,0.16389497558912852,0.12787452427632337,0.25810171837158347,0.004851420443624342,-0.1520547418598393,-0.14036827739976165,-0.15942028985507245,-0.014208280475147042,0.048137469726675125,0.0852343059239611,-0.03894206742782455,-0.11935570676200362,-0.07598508438088648,-0.0709106984969054,-0.0014761849844308614,0.2811440433629339,0.29667473955330026,0.10882251182101257,0.029023949563679697,0.20136854649598276,0.30196440241417755,0.25132818206281476,0.08068273555529927,0.024472379195017876,-0.08537269826625149,-0.18549955791335102,-0.2828124399338792,0.15002498750624688,-0.09981163264521585,-0.07806096951524238,0.1990158766770461,-0.0927536231884058,-0.2008534194441241,0.23668934763387536,0.019820858801368548,0.06964210202591012,-0.03711221312420713,-0.03808864798370046,-0.0390958366970361,0.15888978587629263,0.30330988351977856,-0.10535501480029216,0.06822742474916388,-0.2206819667089532,-0.09665936262637911,-0.05125129742820897,-0.0531811017568139,0.1314727251758736,-0.1111905585668704,0.3180102256564026,0.29729750509360703,,-0.03324491600353669,0.09561373159574059,-0.12730557798024064,0.11832545265828624,0.002837043016953062,-0.17587360166070812,0.09865067466266866,0.23626648214354362,0.3032022450313305,-0.01495406143082305,0.034897935647560836,-0.021712220812670588,0.255872063968016,0.06825817860300619,0.2866028524199439,0.11142890093414831,0.1287125667935263,0.31627263291431207,0.3528774074501211,-0.10256410256410256,0.08069811248222043,0.1230692346134625,0.3624264790681582,0.09576750086495214,0.007181024872179295,0.15782877791873295,-0.018706031599584824,-0.1786337600430554
