,#10,#11,#12,#13,#17,#18,#26,#49,#50,#51,#52,#53,#54,#58,#101,#102,#201,#202,#301,#302,#401,#402,#501,#502,#601,#602,#701,#702,#801,#802,#901,#902,#1001,#1002,#1101,#1102,#1201,#1202,#1301,#1302,#1401,#1402,#1501,#1502,#1601,#1602,#1701,#1702,#1801,#1802,#1901,#1902,#2001,#2002,#2101,#2102,#2201,#2202,#2301,#2302,#2401,#2402,#2501,#2502,#2601,#2602,#2701,#2702,#2801,#2802,#2901,#2902,#3001,#3002,#3101,#3102,#3201,#3202,#3301,#3302,#3401,#3402,#3455,#3501,#3502,#3601,#3602,#3701,#3702,#3801,#3802,#3901,#3902,#4001,#4002,#4101,#4102,#4201,#4202,#4301,#4302,#4401,#4402,#4501,#4502,#4601,#4602,#4701,#4702,#4801,#4802
#10,1.0,0.3253378824565265,0.48497248514197666,0.20267884657715166,0.2604424389170152,0.18374642306845695,-0.02103675985031917,0.4968236847897865,-0.060121065375302665,0.4506317411402157,0.40745102355271845,0.21777019590578914,0.023376623376623377,0.061930442438917016,-0.07078362315650451,-0.12800352190182698,0.299537750385208,0.4859652212194585,-0.18796169931763151,-0.27709002861545234,-0.09355051727933084,0.09016949152542372,0.04605546995377504,0.25310807836231564,0.08187761391151221,0.24914153642967202,0.11915034118423949,0.3969667620515078,0.03687211093990755,-0.07830508474576271,0.08899405679066696,-0.014508034338542813,0.42312128549416683,0.24073739819502532,-0.21710543693594542,-0.20379484921857804,-0.1476931543033238,-0.30678846577151664,-0.13024873431653092,0.14134712744882236,-0.00898084965881576,-0.21987012987012988,-0.2208430552498349,0.1345366497908871,-0.2501188641866608,0.08595861765353291,0.17446401056570549,0.24959278010125469,-0.07924939467312349,0.353317191283293,0.1613911512216597,0.33819722650231127,0.210561303103676,0.3525952014087607,0.10427250715386309,0.318564825005503,-0.2971516618974246,-0.2567510455646049,-0.4028461369139335,-0.1338564825005503,-0.2347259520140876,-0.31289236187541275,-0.38569007263922517,-0.24461809377063615,0.35277349768875194,0.23846577151661896,-0.1835329077701959,-0.11991635483160906,-0.3822562183579133,-0.27687211093990755,-0.0684305524983491,0.03820162887959498,-0.22903367818622056,-0.07840193704600484,-0.18439137134052389,-0.12254237288135593,-0.0249636803874092,-0.14622716266784064,0.21050407219898745,0.13792648029936166,0.0475016508914814,0.09223860884877834,0.08934404578472376,0.20634602685450143,-0.06543913713405239,-0.23080783623156503,-0.2526062073519701,-0.04199207572088928,-0.1254853620955316,0.0033392031697116443,-0.09757649130530487,-0.4416817081223861,-0.4044706141316311,-0.33220779220779223,-0.3215562403697997,0.27934624697336563,0.37570548095971823,0.3725819942769095,0.46432093330398416,0.08814219678626459,0.27233546114902046,0.2648206031256879,0.5471230464450804,0.293251155624037,0.18141316310807837,0.37762931983270964,0.43283733215936604,-0.20414703940127668,-0.045461149020471055,-0.31711644287915475,-0.22060312568787144
#11,0.3253378824565265,1.0,0.26552058111380145,0.22112920977327757,0.2365727492846137,0.03456086286594761,0.2634602685450143,0.16184019370460048,0.2912590799031477,0.5403720008804754,0.22925819942769096,0.20122165969623595,0.08482940788025534,0.1248976447281532,-0.04981289896544134,0.12216156724631301,0.2633083865287255,-0.028375522782302442,-0.0862821923838873,0.023554919656614572,0.07219678626458287,0.011716927140655954,-0.16325775918996258,-0.03199647809817301,-0.13346246973365616,0.10232885758309487,-0.03642086726832489,-0.07856922738278671,-0.242590799031477,-0.31340964120625137,-0.10612590799031477,-0.10033458067356373,-0.07046885318071759,0.027512656834690733,-0.2625687871450583,-0.2409024873431653,-0.31086946951353733,-0.09176755447941888,-0.18311908430552498,-0.09824565265243232,0.08947171472595201,0.006304204270305965,0.07093770636143518,-0.09083425049526744,-0.011948051948051949,0.10210433634162448,-0.24474796390050627,-0.12658375522782303,0.23750605326876514,-0.008648470173893903,-0.10690512876953555,0.06019370460048426,0.2483975346687211,0.015591019150341185,0.06525203609949373,-0.0035637244111820384,-0.06468192824125027,-0.10367378384327537,0.058989654413383226,0.16904688531807177,-0.16197446621175435,-0.24450803433854282,-0.19618534008364516,-0.134884437596302,-0.05916354831609069,-0.025877173673783845,0.07428791547435615,0.1412656834690733,-0.02539291217257319,0.22780101254677526,0.19801893022232006,0.3079242791107198,-0.1312656834690733,0.001904028175214616,-0.08948932423508695,-0.012540171692714066,-0.08602025093550517,-0.06950473255558001,-0.07760290556900726,-0.15687871450583316,-0.022086726832489544,0.012896764252696456,-0.06832709663218138,0.07440457847237508,0.08802553378824565,-0.11318952234206471,-0.1177591899625798,-0.0301056570548096,-0.23860004402377283,0.06454325335681269,-0.08004402377283733,-0.11637904468412943,-0.1123794849218578,-0.09135593220338983,-0.025337882456526524,0.07174334140435835,0.10309927360774819,0.02295839753466872,-0.05581113801452785,0.17643407440017608,-0.11648690292758089,-0.006335020911292098,0.08149460708782742,-0.025337882456526524,-0.1444089808496588,0.04206251375742901,-0.01100594320933304,-0.23541272287034998,-0.14092009685230025,-0.12586616773057452,-0.07718688091569448
#12,0.48497248514197666,0.26552058111380145,1.0,0.4832357473035439,0.302458727712965,0.5619018269865728,0.05023112480739599,0.3633678186220559,-0.2701254677525864,0.49427690953114684,0.2734206471494607,0.13235527184679727,0.4491283292978208,0.028743121285494166,-0.21552718467972706,-0.3178450363196126,0.7001871010345586,0.784637904468413,-0.3763680387409201,-0.4701540832049307,-0.3163284173453665,-0.14664538850979528,0.07990975126568346,0.17308606647589697,0.14683028835571207,0.22044904248294078,0.007829627999119524,0.37464230684569666,0.30419546555139776,-0.1468170812238609,0.4552432313449263,-0.04812898965441338,0.4466784063394233,0.2499603786044464,-0.38625797930882677,-0.25679286814880037,-0.25300242130750605,-0.4033524103015628,-0.29358793748624257,-0.12981289896544135,-0.26966101694915257,-0.24411622276029055,-0.2915144177856042,0.04799471714725952,-0.3052366277790007,0.03619854721549637,0.09915474356152322,0.05195025313669382,-0.013792648029936166,0.041278890600924496,0.16338322694254898,0.458102575390711,0.4065617433414044,0.567012987012987,0.28125687871450583,0.6212722870349989,-0.3519568567026194,-0.37816420867268324,-0.23223860884877834,0.03505392912172573,-0.10899405679066695,0.0010961919436495709,-0.47436715826546333,-0.46328857583094873,0.4124961479198767,0.25535769315430334,0.02430992736077482,-0.09707682148360114,-0.40250275148580233,-0.36318732115342284,0.16679506933744223,0.18561963460268546,-0.20298921417565485,-0.043226942548976445,-0.5556174334140436,-0.33384767774598284,-0.03076601364736958,0.1332357473035439,0.4342637023992956,-0.008472375082544574,0.20724631300902488,0.08471494607087827,-0.060909090909090906,0.2030464450803434,-0.02985031917235307,-0.046374642306845695,0.01475676865507374,-0.055806735637244115,-0.0986682808716707,0.07533348007924279,-0.06429231785163989,-0.21632401496808276,-0.3536099493726612,-0.016517719568567027,-0.1834404578472375,0.737096632181378,0.3662315650451244,0.7010983931322914,0.6635373101474796,0.028523002421307505,0.39295179396874313,0.6278538410741801,0.4145894783182919,0.4369865727492846,0.4214836011446181,0.5557362976007044,0.5830112260620736,-0.09800352190182698,-0.10981289896544134,-0.13609509134932865,-0.21984591679506935
#13,0.20267884657715166,0.22112920977327757,0.4832357473035439,1.0,0.3112062513757429,0.3590182698657275,0.05730794629099714,0.07465991635483162,-0.13793088267664538,0.5411754347347568,0.18024873431653093,-0.018269865727492847,0.27387189082104335,0.02316530926700418,-0.11046885318071759,-0.09335461149020471,0.39752586396654194,0.276418666079683,-0.10370019810697777,-0.28655954215276247,-0.18193924719348448,-0.10738058551617874,0.062040501871010345,0.0523794849218578,0.10555580013207132,-0.003911512216596962,0.13557340964120626,0.18951353731014747,0.07612590799031477,0.11440677966101695,0.3015914593880696,0.11486902927580894,0.2901034558661677,0.35306185340083646,-0.18511116002641426,0.18443979749064496,0.03943209333039842,0.05481620074840414,-0.04457186880915694,0.10832489544353952,0.05709663218137794,-0.03388729914153643,-0.1422474136033458,0.07994937266123707,-0.03211974466211754,0.08054809597182479,0.06432313449262601,0.14046224961479198,-0.1352410301562844,0.0486220559101915,0.19578912612810917,0.2071252476337222,0.20023992956196346,0.40803874092009684,0.15978648470173895,0.36604006163328195,-0.2583182918776139,-0.18320052828527406,-0.19022011886418666,0.15140655954215276,-0.1795135373101475,-0.10357693154303324,-0.020389610389610388,-0.09333700198106978,0.31437156064274707,0.1907373981950253,0.23394673123486684,0.041157825225621836,-0.13868368919216376,-0.060132071318512,0.09042262821923838,0.15878274268104778,0.03726832489544354,-0.012597402597402597,-0.1288399735857363,-0.18016288795949814,-0.003984151441778561,-0.06720008804754568,0.20838432753686992,0.009916354831609069,-0.022696456086286596,-0.18718908210433635,0.1824455205811138,0.023110279550957517,-0.018859784283513096,-0.2111864406779661,-0.11503411842394894,0.06013427250715386,0.09961259079903148,-0.022119744662117545,-0.10136693814659917,-0.1150297160466652,-0.27113141096191945,-0.19647589698437157,-0.06875852960598723,0.20422848338102575,0.10012766894122826,0.3587805414924059,0.2326370239929562,0.011703720008804755,0.38159145938806954,0.32039181157825225,0.15095091349328638,0.30811138014527845,0.2289060092449923,0.42043803653973144,0.36204490424829405,-0.19899405679066695,-0.19269205370900286,-0.20250715386308607,-0.18495487563284174
#17,0.2604424389170152,0.2365727492846137,0.302458727712965,0.3112062513757429,1.0,0.25818842174774376,0.07383447061413163,0.21679947171472594,-0.10784943869689632,0.3508034338542813,0.04014968082764693,0.4930464450803434,0.2144684129429892,-0.0526502311248074,-0.10644508034338543,-0.3700858463570328,0.33002861545234424,0.1824389170151882,-0.3150099053488884,-0.35451683909311027,-0.26605987233105877,-0.35810477657935286,0.025423728813559324,-0.1726502311248074,-0.11845916795069338,-0.14580453444860225,-0.14415804534448604,0.0287211093990755,0.2571340523882897,0.16898745322474137,0.2712766894122826,0.229933964340744,0.134323134492626,0.17340964120625138,0.018243451463790448,0.009555359894342945,0.0037244111820383006,-0.2464406779661017,-0.08193924719348449,-0.1555976227162668,0.33669601584855824,0.15875852960598724,0.01723750825445741,-0.055784723750825445,-0.1924521241470394,-0.19201408760730795,0.16421307506053268,0.0724521241470394,-0.13234426590358794,-0.1812524763372221,-0.12287915474356152,0.06718027734976888,0.1264340744001761,0.06576051067576491,-0.14074620294959278,0.08979308826766454,-0.3205591019150341,-0.39819062293638563,-0.057101034558661674,0.10629760070438037,0.16908870790226724,0.11359674224081004,-0.0401915034118424,-0.004369359454105217,-0.03398635263042043,-0.1439489324235087,0.22088047545674663,0.08027514858023332,0.07976667400396215,-0.050845256438476774,0.29928021131410965,0.3739753466872111,0.053147699757869246,0.019009465111160025,-0.06177856042262822,-0.12010565705480959,-0.08170151882016288,-0.02784503631961259,0.015084745762711864,-0.04033237948492186,0.27054369359454106,0.31553819062293637,0.07572749284613692,0.26831609068897205,0.30818181818181817,0.0658331499009465,0.04495267444419987,0.2613097072419106,0.09362755888179616,0.33895663658375524,0.04136913933524103,0.0024058991855602026,-0.15966762051507813,-0.036246973365617434,0.06649570768214837,0.19369359454105217,-0.04907770195905789,0.25803213735417124,0.07924058991855602,0.1817125247633722,0.2515562403697997,0.21933964340744003,0.13389830508474576,-0.023130090248734317,0.058450363196125905,0.17001100594320934,0.1664208672683249,0.030788025533788246,-0.11949372661237068,0.11713845476557341,0.2102179176755448
#18,0.18374642306845695,0.03456086286594761,0.5619018269865728,0.3590182698657275,0.25818842174774376,1.0,0.11825225621835792,0.13727272727272727,-0.18488663878494388,0.3864670922298041,0.1064604886638785,0.33478098173013426,0.7164582874752367,0.02902487343165309,-0.1986550737398195,-0.3346753246753247,0.4960796830288356,0.5415980629539952,-0.34520360994937266,-0.49162447721769753,-0.24343825665859564,-0.26432973805855164,-0.08865287255117764,-0.1892273827867048,-0.06776359233986352,-0.20967202289236186,-0.08803433854281312,0.1296852300242131,0.5787761391151222,0.16700638344706142,0.6238080563504292,0.3247655734096412,0.31896103896103895,0.37163108078362317,0.02953334800792428,-0.020699977988113582,0.18046445080343385,-0.33388509795289456,0.03346246973365617,-0.11088707902267224,-0.06349548756328417,-0.0760510675764913,-0.16809817301342725,-0.10943869689632402,-0.1492626018049747,-0.23207572088928022,0.17635923398635264,0.011353731014747964,-0.09178296279991195,-0.13726612370680166,0.017065815540391813,0.11853400836451684,0.18044904248294077,0.25532907770195906,0.11320713185119964,0.4513977547875853,-0.3133744221879815,-0.43167070217917675,-0.19497468633061854,0.20747743781642086,0.12404578472375083,0.15679727052608408,-0.1791745542593,-0.22447941888619855,0.17550737398195027,0.045174994497028394,0.2984019370460048,0.026299801893022234,-0.180528285274048,-0.19642306845696675,0.21869249394673124,0.18543693594541052,-0.07686550737398196,0.18975786924939467,-0.303548316090689,-0.22702839533348007,-0.11995817741580453,0.11342504952674444,0.14318291877613912,-0.11410961919436495,0.38993836671802773,0.140363196125908,0.09627118644067796,0.08675985031917235,0.07435615232225402,0.23922738278670483,0.1869601584855822,0.06695575610829849,0.011212854941668501,0.2178978648470174,0.03753026634382567,0.05138234646709223,-0.1936583755227823,0.08453224741360335,0.06486242570988333,0.3998591239269205,-0.03048206031256879,0.5429165749504733,0.4160026414263702,0.060002201188641864,0.32464450803433853,0.6405943209333039,0.07375522782302443,0.4263504292317852,0.4276469293418446,0.49947611710323575,0.5038014527845036,0.09151441778560422,-0.17184239489324235,0.036264582874752364,-0.04622716266784063
#26,-0.02103675985031917,0.2634602685450143,0.05023112480739599,0.05730794629099714,0.07383447061413163,0.11825225621835792,1.0,0.09637684349548756,0.4286286594761171,0.304950473255558,0.22208452564384767,-0.008584635703279771,0.0013273167510455645,0.33110279550957517,0.009542152762491745,0.15261281091789566,-0.029251595861765352,-0.0725181598062954,0.07161347127448822,-0.08810257539071098,-0.11313229143737619,-0.08655513977547875,-0.13475456746643188,-0.13480959718247854,-0.25180937706361434,-0.20975346687211094,0.04747963900506273,-0.032828527404798594,-0.13049966982170372,-0.2281069777679947,0.00362095531587057,-0.11437156064274709,-0.059524543253356814,-0.1239621395553599,-0.10964560862865948,-0.13879374862425709,-0.06707682148360114,-0.18484921857803213,-0.21657935285053928,-0.23968743121285493,0.11782962799911953,-0.15888839973585736,-0.032357473035439135,-0.19032577591899627,-0.008567026194144838,-0.09855822143957738,0.00933083865287255,0.05479418886198547,0.007556680607528065,-0.017153863086066475,-0.09318291877613911,-0.11492846136913934,-0.08250275148580233,-0.10428131190843055,-0.07440017609509135,-0.0034954875632841735,-0.2331763152102135,-0.3904468412942989,0.02875192604006163,-0.015335681267884657,0.04921637684349549,-0.02669601584855822,0.28366277790006605,0.2880497468633062,0.09591019150341185,0.09784943869689633,0.28357693154303326,0.5386352630420427,0.15877613911512217,0.3495003301782963,0.41040721989874535,0.4135130970724191,0.07397094430992736,0.2730684569667621,-0.14602025093550516,-0.2054919656614572,-0.1742526964560863,-0.20616773057451024,-0.15808716707021792,-0.19267444419986793,-0.07916795069337443,-0.08651111600264143,-0.037200088047545675,0.16671362535769316,0.2100528285274048,0.08140215716486902,0.02423728813559322,0.15069337442218797,-0.011195245432533567,0.14003521901826987,-0.19755007704160246,0.03791547435615232,-0.15612810917895664,-0.06610389610389611,0.06587717367378385,-0.12484041382346467,-0.1732621615672463,0.051113801452784505,0.02187541272287035,0.1824983491085186,-0.01099933964340744,-0.028815760510675765,-0.2099207572088928,-0.14981069777679948,-0.007250715386308606,-0.04946951353731015,-0.06152102135152983,0.025458947831829188,-0.06593220338983051,0.006544133832269426,0.05615452344265904
#49,0.4968236847897865,0.16184019370460048,0.3633678186220559,0.07465991635483162,0.21679947171472594,0.13727272727272727,0.09637684349548756,1.0,0.15574730354391372,0.2758199427690953,0.3192471934844816,0.0737574290116663,-0.03180277349768875,-0.0035901386748844375,0.06151882016288796,0.0948910411622276,0.19976447281532028,0.45268545014307726,-0.0586022452124147,-0.21154743561523223,0.021157825225621835,0.15790666960158486,0.32315430332379486,0.33937486242570986,0.25934404578472375,0.2844199867928682,0.022931983270966322,0.2498811358133392,-0.03548316090688972,-0.2831719128329298,-0.010567906669601584,-0.030548095971824785,0.26302883557120843,0.26694254897644726,-0.3833546114902047,-0.2793286374642307,-0.152524763372221,-0.16113141096191944,-0.12209112920977327,0.0224851419766674,-0.11981950253136694,-0.2749394673123487,-0.34623156504512437,0.06624477217697557,-0.23879594981289898,0.23749944970283954,0.04469953775038521,0.13737838432753688,-0.1340413823464671,0.20952014087607307,0.10197666740039621,0.3161985472154964,0.13418445960818842,0.4014769975786925,0.26329738058551616,0.32898084965881574,-0.3818005723090469,-0.301402157164869,-0.35491525423728815,-0.15392031697116443,-0.40844155844155844,-0.49487343165309267,-0.28548316090688974,-0.0450627338762932,0.3558463570327977,-0.05093770636143517,-0.1810807836231565,-0.01952674444199868,-0.374323134492626,-0.21658155403918117,-0.013524103015628439,-0.0640545894783183,-0.10425709883337002,-0.28687871450583313,-0.2903433854281312,-0.19548095971824786,-0.017556680607528064,-0.2513603345806736,0.2460708782742681,0.10228923618754127,0.033270966321813776,-0.04905348888399736,0.08511336121505612,0.258696896324015,-0.25486022452124146,-0.3528791547435615,-0.478481179837112,-0.04961919436495708,-0.1667972705260841,-0.05731454985692274,-0.2582390490865067,-0.4200726392251816,-0.3876117103235747,-0.2771736737838433,-0.4893198327096632,0.3595817741580453,0.4690248734316531,0.21323574730354392,0.4424389170151882,0.012929782082324455,0.09019370460048426,0.22878934624697336,0.5105987233105878,0.08870570107858243,-0.08508254457407,0.17315210213515297,0.18921417565485363,-0.2697116442879155,-0.2395443539511336,-0.3623640766013647,-0.3150187101034559
#50,-0.060121065375302665,0.2912590799031477,-0.2701254677525864,-0.13793088267664538,-0.10784943869689632,-0.18488663878494388,0.4286286594761171,0.15574730354391372,1.0,0.1269997798811358,0.1618269865727493,-0.06204490424829408,-0.19282412502751486,0.14528945630640547,0.28586396654193263,0.3170680167290337,-0.24570988333700197,-0.2763416244772177,0.16489324235086947,0.11881576051067576,0.22165089148139996,0.0034910851860004404,0.05912612810917896,0.03429011666299802,0.009207572088928022,-0.017761391151221658,-0.14371340523882897,-0.1861303103675985,-0.17585516178736518,-0.24788025533788247,-0.14848558221439578,-0.055031917235307065,-0.27905348888399734,-0.13254017169271406,0.1559718247853841,-0.12256218357913273,-0.03839313229143738,0.036550737398195025,-0.03086286594761171,-0.09213295179396874,0.2143363416244772,-0.15720228923618754,-0.007913273167510455,-0.12985031917235307,-0.04622055910191503,0.08320272947391591,-0.210561303103676,-0.03435395113361215,-0.07173013427250716,-0.11363636363636363,-0.13798151001540832,-0.30621395553598946,-0.31352410301562844,-0.29103235747303546,-0.11870349988994057,-0.3416596962359674,-0.04388509795289456,-0.11422187981510015,-0.0011534228483381025,-0.08278670482060313,-0.10594761171032357,-0.21509134932863747,0.2790072639225182,0.3853312788906009,-0.16622496147919877,-0.3006251375742901,0.2624565265243231,0.38384547655734097,0.354125027514858,0.46593440457847235,0.17000880475456748,0.1847457627118644,0.13565265243231345,-0.04622055910191503,0.18768434954875632,-0.04676205150781422,-0.08949592780101255,-0.2949218578032137,-0.22583535108958838,-0.026563944530046225,-0.18508694695135372,-0.09800132071318512,-0.02524323134492626,0.1316354831609069,0.042835130970724195,-0.04336121505613031,-0.17660796830288356,-0.10987673343605547,-0.014706141316310808,0.017712965001100596,-0.25454325335681266,0.016000440237728373,0.07455866167730575,-0.1975214615892582,0.04396654193264363,-0.2208320493066256,-0.12845256438476776,-0.3162029495927801,-0.338069557561083,0.0014549856922738279,-0.19207351970063835,-0.1969535549196566,-0.18478758529605988,-0.27953114681928243,-0.2738168611049967,-0.2520493066255778,-0.30094430992736076,-0.0983843275368699,-0.1449900946511116,-0.1712062513757429,0.047219898745322474
#51,0.4506317411402157,0.5403720008804754,0.49427690953114684,0.5411754347347568,0.3508034338542813,0.3864670922298041,0.304950473255558,0.2758199427690953,0.1269997798811358,1.0,0.48780101254677527,0.17044684129429893,0.3228967642526965,0.17540171692714066,-0.0840677966101695,-0.16809377063614353,0.47598723310587715,0.19415584415584416,-0.10898525203609949,-0.21373981950253138,-0.14458507594100814,-0.11637904468412943,0.03718908210433634,-0.0761435174994497,-0.12212194585075942,-0.07991855602025094,0.14082764692934185,0.1734404578472375,0.02330398415144178,-0.11144177856042263,0.2313713405238829,0.06699977988113581,0.1411336121505613,0.21621395553598943,-0.24235527184679728,-0.15672022892361875,-0.20312348668280872,-0.3237486242570988,-0.1489456306405459,-0.09602025093550517,-0.03359013867488444,-0.19327977107638125,-0.21054369359454106,-0.10251595861765353,-0.11318732115342285,0.08066475896984372,0.06164648910411622,0.027790006603565925,0.006922738278670482,0.08054589478318291,-0.023713405238828967,0.1441206251375743,0.2956284393572529,0.32340523882896766,0.004345146379044684,0.3433215936605767,-0.35465771516618977,-0.4618688091569447,-0.09072639225181597,0.13812018489984593,-0.1403279771076381,-0.15638564825005502,-0.05583314990094651,-0.0835857362976007,0.3734932863746423,0.11685890380805634,0.2337706361435175,0.1558133392031697,-0.12272727272727273,-0.0125379705040722,0.17750605326876515,0.2188795949812899,-0.006176535329077702,0.1709817301342725,-0.17138014527845036,-0.1710279550957517,-0.1302377283733216,-0.17018710103455867,0.06490865067136253,-0.21691613471274487,0.03088267664538851,-0.0437508254457407,0.04223200528285274,0.14105657054809598,0.0326766453885098,-0.014677525863966543,-0.10554699537750385,0.07338542813119084,-0.0011468192824125028,0.03429451904028175,-0.2616486902927581,-0.28624697336561744,-0.3439753466872111,-0.2205921197446621,-0.07293638564825006,0.23942769095311467,0.10090468853180717,0.26404578472375084,0.17814439797490644,0.1557340964120625,0.20695795729694036,0.14440677966101695,0.18406999779881136,5.062733876293198e-05,-0.019141536429672024,0.2444904248294079,0.29629980189302224,-0.23902047105436935,-0.2323464670922298,-0.19199647809817302,-0.22850099053488884
#52,0.40745102355271845,0.22925819942769096,0.2734206471494607,0.18024873431653093,0.04014968082764693,0.1064604886638785,0.22208452564384767,0.3192471934844816,0.1618269865727493,0.48780101254677527,1.0,-0.055628439357252916,-0.02475676865507374,0.19980409421087386,-0.1188729914153643,-0.03466872110939907,0.06420647149460709,0.21493286374642306,-0.0187277129650011,-0.11132731675104557,-0.2525731895223421,0.12998239049086507,-0.15054369359454106,0.074554259300022,-0.1693660576711424,0.049333039841514416,0.04092449922958397,0.2716795069337442,-0.18773717807616114,-0.2983579132731675,-0.025315870570107857,-0.029678626458287474,0.2647171472595201,0.20030816640986132,-0.2376865507373982,-0.34291657495047323,-0.2708540611930442,-0.3040281752146159,-0.11716266784063394,-0.04084305524983491,-0.2281333920316971,-0.3570614131631081,-0.2916905128769536,-0.03744001760950914,-0.30609509134932866,0.23464010565705481,0.14911292097732776,0.0538168611049967,-0.08547875852960599,0.0985890380805635,0.004778780541492406,0.14705260840854062,0.17229804094210874,0.3182324455205811,0.028547215496368038,0.3844309927360775,-0.2932357473035439,-0.2813823464670922,-0.24071318511996478,-0.09850099053488884,0.0004952674444199868,-0.17049966982170373,-0.1709222980409421,-0.012786704820603127,0.4840039621395554,0.08143077261721329,-0.12557781201849,-0.008712304644508034,-0.27686550737398197,-0.11631741140215716,-0.09845256438476778,-0.0012854941668500991,-0.16937046004842615,0.24509355051727932,-0.23121725731895224,-0.09353951133612151,0.07542593000220119,-0.16620515078142198,0.022502751485802334,-0.10935725291657496,-0.14083425049526743,-0.059145938806955754,-0.1256614571868809,0.15245432533568126,-0.13202069117323353,-0.029755668060752808,-0.12227382786704821,-0.0697160466651992,-0.004514637904468413,-0.2403764032577592,-0.353860884877834,-0.31577591899625795,-0.26485582214395775,-0.08948932423508695,-0.112722870349989,0.20712744882236409,0.27353510895883776,0.2138432753686991,0.28206691613471274,-0.006425269645608629,0.08763592339863527,-0.03154963680387409,0.24782082324455207,-0.04400396213955536,-0.2663482280431433,0.22830068236847897,0.2262887959498129,0.005877173673783843,-0.13606867708562623,-0.03106977767994717,-0.18599603786044464
#53,0.21777019590578914,0.20122165969623595,0.13235527184679727,-0.018269865727492847,0.4930464450803434,0.33478098173013426,-0.008584635703279771,0.0737574290116663,-0.06204490424829408,0.17044684129429893,-0.055628439357252916,1.0,0.4473563724411182,-0.0010213515298261062,-0.12234426590358793,-0.4332643627558882,0.27024653312788904,0.13159806295399515,-0.4386396654193264,-0.3114109619194365,-0.1319722650231125,-0.3185692273827867,-0.14258859784283512,-0.23790666960158485,-0.1902245212414704,-0.256682808716707,-0.1934008364516839,-0.005599823904908651,0.36164428791547437,0.11970283953334801,0.16633061853400835,0.1824455205811138,0.05569447501650891,-0.0035659255998239047,0.14511116002641428,0.03784503631961259,0.10939247193484482,-0.25677525863966544,0.029790887079022672,-0.2180475456746643,0.2121087387189082,0.09120845256438477,0.13748624257098832,-0.1282280431432974,-0.03041602465331279,-0.2809090909090909,0.06557120845256438,0.03347127448822364,0.03210873871890821,-0.0512260620735197,-0.010592119744662117,0.019740259740259742,-0.01198547215496368,-0.10325335681267885,-0.2948558221439577,-0.14519040281752146,-0.17314990094651111,-0.3664825005502972,0.1128747523662778,0.2624719348448162,0.21353070658155404,0.16349108518600045,-0.0758991855602025,-0.029018269865727492,-0.24604226282192385,-0.23998239049086506,0.13817521461589258,0.052676645388509795,0.0737706361435175,-0.0849042482940788,0.28209993396434074,0.30211534228483383,-0.02174554259300022,0.13589038080563504,-0.0488663878494387,0.07873211534228483,-0.0814637904468413,0.01604226282192384,-0.044915254237288135,-0.11102355271846798,0.633614351749945,0.4412414703940128,0.23164428791547437,0.31925379705040724,0.44657715166189743,0.30952894563064054,0.22850099053488884,0.2750957517059212,-0.0397754787585296,0.612326656394453,0.253563724411182,0.27559322033898304,0.08825885978428351,0.0661831388950033,0.19066475896984372,0.006889720449042483,-0.1880761611270086,0.12790446841294298,-0.015183799251595862,0.07111160026414264,0.21522342064714947,0.25498789346246975,-0.06955976227162668,0.13092449922958396,0.12029495927801012,0.2007329958177416,0.07892802113141097,0.16847457627118645,-0.010424829407880256,0.13455205811138016,0.20983050847457627
#54,0.023376623376623377,0.08482940788025534,0.4491283292978208,0.27387189082104335,0.2144684129429892,0.7164582874752367,0.0013273167510455645,-0.03180277349768875,-0.19282412502751486,0.3228967642526965,-0.02475676865507374,0.4473563724411182,1.0,0.09061853400836452,-0.22292097732775698,-0.4082148360114462,0.5527294739159146,0.32764252696456087,-0.4338366718027735,-0.3820096852300242,-0.18510675764913054,-0.3575346687211094,-0.006810477657935285,-0.26745982830728593,-0.00026634382566585957,-0.2908694695135373,-0.12886638784943868,0.004475016508914814,0.5498877393792648,0.09756988773937926,0.4704798591239269,0.3402487343165309,0.08684129429892141,0.0764736957957297,0.0060004402377283736,0.07003521901826987,0.008928021131410962,-0.23966762051507814,0.09868589038080564,-0.19830728593440458,-0.04457186880915694,-0.12474356152322254,0.014408980849658816,-0.12926920537090028,0.009421087387189083,-0.19120184899845916,0.030052828527404797,-0.08695795729694035,0.0010235527184679727,-0.251897424609289,0.006817081223860885,0.05989654413383227,0.16906009244992296,0.1036781862205591,-0.07444199867928682,0.18857142857142858,-0.12277129650011005,-0.37935285053929124,0.084818401937046,0.24417565485362094,0.0863746423068457,0.19931543033237947,-0.002073519700638345,-0.24843495487563283,-0.03759189962579793,-0.11192163768434955,0.3304798591239269,0.03703059652212195,-0.020488663878494386,-0.132425709883337,0.27787145058331497,0.20693154303323794,0.05371340523882897,0.1308034338542813,-0.19923178516398857,-0.12386748844375962,-0.061470394012766896,0.1591613471274488,0.29333700198106977,-0.15438256658595642,0.48925819942769094,0.24401496808276468,0.11112480739599384,0.013660576711424169,0.2222011886418666,0.3137684349548756,0.29629980189302224,0.002678846577151662,-0.0775544794188862,0.2260312568787145,0.16626458287475238,0.2205877173673784,0.09446841294298922,0.17454985692273828,0.1799141536429672,0.2575280651551838,-0.169867928681488,0.2884899845916795,0.16439577371780761,0.0058793748624257096,0.17551617873651773,0.486913933524103,-0.13072859344045784,0.2799867928681488,0.23581333920316971,0.3294739159145939,0.2946092890160687,0.10140655954215276,-0.015020911292097733,0.13081003742020691,-0.014604886638784944
#58,0.061930442438917016,0.1248976447281532,0.028743121285494166,0.02316530926700418,-0.0526502311248074,0.02902487343165309,0.33110279550957517,-0.0035901386748844375,0.14528945630640547,0.17540171692714066,0.19980409421087386,-0.0010213515298261062,0.09061853400836452,1.0,-0.2229077701959058,-0.06774158045344486,-0.06147259520140876,-0.026676205150781424,-0.31399735857362976,-0.07368038740920096,-0.03691833590138675,-0.2068897204490425,-0.27980629539951574,-0.2938234646709223,-0.4027074620294959,-0.33229804094210874,0.11542372881355932,0.137673343605547,-0.13001540832049308,-0.13045344486022453,-0.11541932643627559,-0.18436715826546335,-0.0035835351089588377,-0.2079352850539291,-0.18026854501430772,-0.07234206471494607,-0.24650451243671584,-0.1707043803653973,-0.27830728593440457,-0.16434954875632843,0.018798151001540832,-0.23703720008804754,-0.0012480739599383668,-0.1272705260840854,-0.06962139555359895,-0.09661016949152543,0.08384547655734097,0.352293638564825,-0.04537750385208012,0.2621021351529826,0.2621109399075501,0.07250275148580233,0.12590138674884438,0.13930442438917015,-0.04700858463570328,-0.019194364957076823,-0.21863746423068456,-0.29786704820603127,-0.14927360774818402,-0.19574510235527184,0.07149240589918555,-0.01383447061413163,0.10534448602245212,0.17649570768214837,0.031027955095751705,0.14217037200088048,0.3249020471054369,0.25035879374862424,0.0973827867048206,0.00589918556020251,0.15806515518379924,0.24628659476117104,0.12271846797270526,0.19392692053709004,-0.04328197226502311,-0.20312128549416686,0.02900726392251816,0.005122165969623596,-0.11544133832269425,-0.30283953334800795,0.08939907550077042,-0.0225313669381466,-0.015890380805635044,0.18890160686770857,0.13025313669381466,0.12408320493066256,0.026427470834250497,-0.09817741580453444,-0.3230904688531807,0.1363548316090689,-0.16575170592119745,-0.0690050627338763,-0.2813383226942549,-0.00976007043803654,-0.06412062513757429,-0.12641866607968302,-0.2813053048646269,0.030380805635042925,-0.05143957737178076,0.07643847677745982,0.30987012987012985,-0.11743341404358354,-0.032760290556900724,-0.14112260620735198,0.027908870790226723,0.07519700638344706,0.17569667620515078,0.008375522782302443,-0.15142196786264583,-0.11508254457407,-0.1385031917235307
#101,-0.07078362315650451,-0.04981289896544134,-0.21552718467972706,-0.11046885318071759,-0.10644508034338543,-0.1986550737398195,0.009542152762491745,0.06151882016288796,0.28586396654193263,-0.0840677966101695,-0.1188729914153643,-0.12234426590358793,-0.22292097732775698,-0.2229077701959058,1.0,0.46081443979749065,-0.14690732995817743,-0.24851860004402376,0.30644287915474355,0.3691613471274488,0.5237926480299362,0.2609289016068677,0.06923178516398855,0.12132291437376183,0.12276469293418446,0.2803103675985032,-0.09918115782522562,-0.3338212634822804,-0.05373541712524763,-0.102392692053709,-0.1481796169931763,-0.021208452564384767,-0.19353070658155405,0.07565265243231345,0.15580013207131851,0.04220779220779221,0.3621219458507594,0.4008166409861325,0.16824785384107419,0.3339863526304204,0.04074620294959278,0.2647347567686551,-0.010055029716046665,0.27559322033898304,0.12596302003081664,0.2798789346246973,-0.21354831609068897,-0.2279506933744222,-0.008300682368478978,0.029181157825225623,-0.187475236627779,-0.31319612590799034,-0.3393682588597843,-0.23280431432973805,0.05053268765133172,-0.3283645168390931,-0.059421087387189084,0.1946335020911292,-0.06849218578032137,-0.10503411842394893,-0.36629980189302225,-0.4082148360114462,0.19320272947391592,0.1285626238168611,-0.20820383006823684,-0.16943429451904027,0.08582214395773718,0.015461149020471054,0.4925159586176535,0.3206581554039181,0.1800726392251816,-0.10326436275588818,0.07983270966321813,-0.3005480959718248,0.1727360774818402,-0.042577591899625795,-0.30178956636583754,-0.46938366718027735,-0.2408166409861325,-0.06549636803874093,-0.13857142857142857,-0.3442350869469514,-0.17218357913273166,0.027193484481620074,-0.0212260620735197,-0.2517455425930002,-0.34840854061193044,-0.10185780321373542,0.018745322474136034,0.025064935064935064,-0.08104556460488664,-0.19009024873431654,-0.08690512876953554,-0.15536209553158706,-0.0948117983711204,-0.10469733656174335,0.053825665859564165,-0.21768875192604006,-0.24293198327096632,-0.09098613251155624,-0.23928021131410962,-0.2006999779881136,-0.07627338762931983,-0.128102575390711,-0.15879815100154082,-0.263977547875853,-0.21257979308826766,-0.41162667840633943,-0.3285097952894563,-0.2862491745542593,-0.03066255778120185
#102,-0.12800352190182698,0.12216156724631301,-0.3178450363196126,-0.09335461149020471,-0.3700858463570328,-0.3346753246753247,0.15261281091789566,0.0948910411622276,0.3170680167290337,-0.16809377063614353,-0.03466872110939907,-0.4332643627558882,-0.4082148360114462,-0.06774158045344486,0.46081443979749065,1.0,-0.2977569887739379,-0.25795949812898966,0.5218247853841074,0.5932863746423068,0.4515650451243672,0.6567400396213956,0.009738058551617874,0.2132555580013207,0.1394871230464451,0.4118511996478098,-0.002240810037420207,-0.2771978868589038,-0.501600264142637,-0.32975346687211093,-0.3630706581554039,-0.18875632841734535,-0.1312260620735197,0.09950913493286374,-0.14676645388509796,-0.1564142637023993,0.06538410741800572,0.5013273167510456,0.07705480959718247,0.2422738278670482,-0.023592339863526303,0.13363636363636364,-0.03919656614571869,0.07410521681708122,0.06299361655293859,0.38918556020250933,-0.32347127448822366,-0.05717807616112701,0.07077701959057892,0.1492692053709003,0.04012987012987013,-0.17908650671362536,-0.22028175214615892,-0.21744001760950912,0.2416200748404138,-0.24219898745322474,0.21538190622936385,0.4759278010125468,-0.04618093770636143,-0.2706559542152763,-0.396418666079683,-0.41170592119744664,0.1582984811798371,0.28691173233546113,-0.1332115342284834,0.07665639445300462,-0.0613779440898085,0.20524763372221,0.14939687431212856,0.5029495927801012,-0.10645828747523663,-0.22968743121285495,-0.07174114021571648,-0.25623816861105,0.0685890380805635,0.17438036539731455,-0.08681708122386088,-0.21473695795729694,-0.22976007043803653,0.08350209112920977,-0.33424609289016066,-0.3965331278890601,-0.06303984151441779,-0.320594320933304,-0.34731234866828087,-0.4161765353290777,-0.4009883337001981,-0.34422848338102574,-0.11196125907990315,-0.2762557781201849,-0.2455381906229364,-0.16049526744442,-0.05417345366497909,-0.15604226282192385,-0.23961919436495707,-0.2529187761391151,0.17553158705701077,-0.3388355712084526,-0.19392692053709004,-0.02266123706801673,-0.3715694475016509,-0.25830728593440455,-0.07386088487783403,-0.16328637464230686,-0.2855580013207132,-0.29812018489984593,-0.3002377283733216,-0.3795179396874312,-0.16045784723750825,-0.24393352410301564,-0.16032797710763813
#201,0.299537750385208,0.2633083865287255,0.7001871010345586,0.39752586396654194,0.33002861545234424,0.4960796830288356,-0.029251595861765352,0.19976447281532028,-0.24570988333700197,0.47598723310587715,0.06420647149460709,0.27024653312788904,0.5527294739159146,-0.06147259520140876,-0.14690732995817743,-0.2977569887739379,1.0,0.5132555580013207,-0.21384547655734096,-0.36111160026414263,-0.0776601364736958,-0.14642526964560862,0.06834030376403258,0.02513317191283293,0.18823684789786485,0.09885097952894563,0.06166409861325116,0.2591195245432534,0.292392692053709,-0.16651111600264143,0.40722209993396435,-0.03276469293418446,0.2232093330398415,0.06786264582874753,-0.2694673123486683,-0.20382126348228044,-0.19183359013867488,-0.3384855822143958,-0.10064935064935066,-0.13530486462689853,-0.22068677085626237,-0.1184107418005723,-0.21756548536209552,-0.07867928681488004,-0.19609949372661237,-0.07077701959057892,0.10819282412502751,0.03567906669601585,0.01895443539511336,-0.057277129650011006,0.17958177415804535,0.3314571868809157,0.41845476557340966,0.36919656614571866,0.215544794188862,0.4059586176535329,-0.2745080343385428,-0.36224301122606206,-0.08755888179616993,0.09527624917455425,-0.14719348448162006,0.05094430992736077,-0.3257825225621836,-0.5153863086066476,0.34522342064714945,0.23415584415584415,0.14047105436935944,-0.01933083865287255,-0.2538630860664759,-0.3290160686770856,0.255725291657495,0.18250935505172794,-0.1736979969183359,-0.20097732775698876,-0.46497468633061856,-0.24410301562843936,-0.09256878714505833,0.18003081664098614,0.24733436055469954,-0.1831917235307066,0.21773497688751925,0.06423068456966761,0.026966762051507814,0.097640325775919,-0.00012987012987012987,0.0074422187981510015,0.05996918335901387,-0.07181157825225622,-0.17362755888179618,0.1415826546335021,-0.040147479639005064,-0.10671802773497689,-0.23891481399955977,-0.06902927580893682,-0.09255558001320713,0.5688179616993176,0.1553004622496148,0.537739379264803,0.41408540611930444,0.11561082984811798,0.2166850099053489,0.5149548756328417,0.25552718467972707,0.30359013867488444,0.35627118644067796,0.3954281311908431,0.3933348007924279,-0.164488223640766,-0.07302883557120846,-0.0836649790887079,-0.20350429231785164
