,#10,#11,#12,#13,#17,#18,#26,#49,#50,#51,#52,#53,#54,#58,#101,#102,#201,#202,#301,#302,#401,#402,#501,#502,#601,#602,#701,#702,#801,#802,#901,#902,#1001,#1002,#1101,#1102,#1201,#1202,#1301,#1302,#1401,#1402,#1501,#1502,#1601,#1602,#1701,#1702,#1801,#1802,#1901,#1902,#2001,#2002,#2101,#2102,#2201,#2202,#2301,#2302,#2401,#2402,#2501,#2502,#2601,#2602,#2701,#2702,#2801,#2802,#2901,#2902,#3001,#3002,#3101,#3102,#3201,#3202,#3301,#3302,#3401,#3402,#3455,#3501,#3502,#3601,#3602,#3701,#3702,#3801,#3802,#3901,#3902,#4001,#4002,#4101,#4102,#4201,#4202,#4301,#4302,#4401,#4402,#4501,#4502,#4601,#4602,#4701,#4702,#4801,#4802
#10,1.0,0.5312238608848778,0.5731058771736738,0.6326942548976447,0.40082104336341623,0.42399735857362975,0.17163988553819062,0.7246797270526084,0.4059167950693374,0.7247765793528506,0.6381069777679947,0.41606647589698437,0.3741976667400396,-0.03070878274268105,-0.21409861325115562,-0.2198943429451904,0.5743935725291658,0.27787145058331497,-0.16875192604006164,-0.002088928021131411,-0.021776359233986353,-0.08572749284613691,0.2645124367158265,0.1436253576931543,0.13426150121065375,0.3261479198767334,-0.19928461369139336,0.08897204490424829,-0.021217257318952236,-0.3086440677966102,-0.1688333700198107,-0.14348228043143296,0.23805414924058993,-0.00863746423068457,-0.013761831388950032,-0.05352850539291217,-0.11130310367598503,-0.1587145058331499,0.057226502311248074,0.21851860004402376,-0.03965441338322694,-0.09248073959938367,-0.3241294298921418,-0.027959498128989655,-0.10261281091789566,-0.10156284393572529,-0.09050187101034558,-0.11805635042923178,-0.3198921417565485,-0.28610829848117986,0.19117763592339865,0.15756988773937927,0.004131631080783623,0.2494078802553379,0.15882896764252696,0.22077922077922077,-0.2394475016508915,-0.45063394232885756,-0.1369557561082985,-0.2236055469953775,0.087541272287035,0.18926920537090028,-0.22229143737618315,-0.24803433854281312,0.33556020250935503,0.25936385648250054,0.039711644287915474,-0.0287409200968523,0.09330398415144178,0.08105216817081223,0.2312128549416685,0.26900946511116003,-0.28362095531587056,0.1124521241470394,-0.43376843495487566,-0.16873651771956857,-0.4758265463350209,-0.37236187541272286,0.14693154303323794,0.049293418445960815,-0.17186220559101914,-0.027820823244552057,0.052557781201849,-0.0724785384107418,0.09240810037420207,-0.0012392692053709003,-0.1380299361655294,0.16385208012326657,0.04081223860884878,-0.27433634162447723,0.1950033017829628,-0.03277349768875193,-0.14865067136253576,-0.22838212634822805,-0.2664802993616553,0.37114902047105436,0.22844155844155845,0.5297468633061854,0.467508254457407,0.23771076381245873,0.27581774158045347,0.3468545014307726,0.16901386748844377,0.2227624917455426,0.3399933964340744,0.2587277129650011,0.08125467752586396,-0.107574290116663,-0.05800132071318512,-0.22410521681708123,-0.23391151221659695
#11,0.5312238608848778,1.0,0.5040854061193044,0.5124301122606207,0.21229804094210875,0.20231785163988553,0.41774818401937047,0.42914813999559764,0.36226502311248077,0.6373343605546995,0.4786946951353731,0.2218269865727493,0.21437816420867267,0.05021571648690293,-0.053675985031917235,-0.06891701518820163,0.5153378824565266,0.28141316310807835,-0.1979154743561523,0.014924058991855602,0.07671802773497689,0.11816200748404138,0.26882896764252695,0.24875632841734538,0.33106977767994716,0.34177195685670264,-0.15394673123486682,-0.0024455205811138012,-0.010204710543693594,-0.33684349548756326,-0.23440017609509134,-0.03990314769975787,0.2839357252916575,0.012234206471494606,-0.09389390270746203,-0.08304864626898525,0.02033678186220559,-0.011591459388069558,0.18508694695135372,0.11899625797930882,0.0037310147479639004,0.01713185119964781,-0.31813559322033896,-0.062322254017169273,-0.043605546995377505,0.0834800792427911,-0.07070658155403918,-0.1408562623816861,-0.2288003521901827,-0.09568567026194146,0.05769535549196566,0.0388333700198107,0.09384107418005723,0.21602905569007264,0.2572331058771737,0.19939247193484483,-0.09052388289676425,-0.3101915034118424,-0.0889390270746203,-0.16688751926040063,-0.026918335901386748,0.16193044243891702,-0.10627779000660356,-0.2039357252916575,0.128168611049967,0.10179176755447941,0.10411622276029056,-0.043638564825005506,0.19548095971824786,0.23428791547435615,0.297046004842615,0.2904204270305965,-0.33149240589918555,-0.029315430332379485,-0.3196544133832269,-0.1480871670702179,-0.33057230904688534,-0.21836891921637686,0.25832929782082326,0.04489984591679507,-0.43303984151441777,-0.00837112040501871,0.10965441338322694,-0.19992295839753466,0.19311468192824124,-0.13677305745102356,-0.020017609509134934,0.18329958177415803,-0.06755007704160247,-0.1466365837552278,-0.04563284173453665,-0.14356152322254018,-0.022698657274928462,-0.14170372000880477,-0.10378164208672683,0.42525643847677747,0.3443913713405239,0.37744662117543476,0.3758947831829188,0.26879594981289895,0.16215056130310368,0.25785163988553816,0.09757649130530487,0.3007528065155184,0.19621175434734756,0.24775038520801232,0.08666299801893022,0.0875610829848118,0.10204050187101034,-0.19028835571208452,-0.2654831609068897
#12,0.5731058771736738,0.5040854061193044,1.0,0.4742262821923839,0.22248954435395113,0.4027823024433194,0.30306185340083647,0.33826546335020913,0.13854941668500992,0.6152586396654193,0.4666696015848558,0.15423728813559323,0.3668082764692934,-0.21853180717587498,-0.352623816861105,0.03693814659916355,0.7020471054369359,0.49810697776799473,-0.37753246753246755,-0.20967202289236186,-0.04988994056790667,-0.027666740039621395,0.4578120184899846,0.2951353731014748,-0.09738939027074621,0.13977327756988775,-0.16988994056790668,0.053359013867488446,-0.0777591899625798,-0.3553444860224521,-0.02833810257539071,-0.15633281972265023,0.3753180717587497,-0.027728373321593662,-0.16373541712524764,-0.11909311027955095,-0.22958837772397095,-0.30440017609509135,0.03163768434954876,-0.06460048426150121,-0.1809090909090909,-0.14263262161567247,-0.22178956636583755,-0.2523860884877834,-0.03521681708122386,-0.07987233105877174,-0.08367158265463351,-0.1578912612810918,-0.40659696235967424,-0.3450319172353071,0.09411402157164869,0.17093110279550958,0.16394673123486683,0.2910543693594541,0.37793308386528723,0.2005745102355272,0.062372881355932205,-0.28944970283953336,-0.04672903367818622,-0.13124367158265463,-0.008628659476117103,0.11036539731454986,-0.5212568787145059,-0.43372220999339645,0.4165859564164649,0.11521241470394013,-0.318976447281532,-0.235709883337002,-0.08212634822804314,0.011626678406339424,0.4235197006383447,0.3822187981510015,-0.338003521901827,0.04093550517279331,-0.44574730354391373,-0.08188641866607968,-0.16032797710763813,0.019018269865727494,0.20538850979528947,0.08492626018049747,-0.2858397534668721,0.004765573409641206,0.18741800572309048,-0.1905216817081224,-0.11180937706361435,0.012597402597402597,0.15295399515738498,0.2884965881576051,0.08055690072639225,-0.2385163988553819,0.018652872551177636,0.21039401276689412,0.027701959057891263,0.07890600924499229,0.059528945630640547,0.7251089588377724,0.1887673343605547,0.7196279991195246,0.5363350209112921,0.25497468633061854,0.2433744221879815,0.6339841514417786,0.0712788906009245,0.40772397094430995,0.2998613251155624,0.41223200528285275,0.13162007484041383,-0.14016288795949813,0.0448778340303764,-0.0989126128109179,-0.09092449922958397
#13,0.6326942548976447,0.5124301122606207,0.4742262821923839,1.0,0.3024323134492626,0.291386748844376,0.2556350429231785,0.32597622716266783,0.325181598062954,0.6879683028835571,0.20571208452564385,0.2055910191503412,0.3252388289676425,0.02717807616112701,-0.11797050407219899,-0.2136979969183359,0.5431829187761391,0.2511468192824125,-0.04138014527845036,0.023781642086726833,-0.05675764913053049,-0.07954435395113361,0.19478098173013428,0.18298481179837112,0.06307946290997138,0.2491239269205371,-0.026823684789786483,0.185544794188862,-0.03415804534448602,-0.2652190182698657,-0.014902047105436935,-0.030244331939247193,0.27275368699097513,-0.0028681488003521904,-0.01633281972265023,-0.09434734756768655,-0.12063614351749945,-0.1694254897644728,0.08775478758529606,0.25690292758089367,0.05723310587717367,-0.0786088487783403,-0.3342262821923839,-0.06970063834470615,-0.14943869689632402,-0.06757208892802113,0.057323354611490206,-0.11687651331719129,-0.1492670041822584,-0.11313229143737619,0.1263482280431433,-0.005434734756768655,0.049044684129429895,0.21513757429011665,-0.004279110719788686,0.2795905789126128,-0.227739379264803,-0.3590358793748624,-0.07302883557120846,-0.018958837772397093,0.08314109619194365,0.19121945850759411,-0.07921417565485363,-0.11739819502531366,0.4312987012987013,0.34464010565705483,-0.024039181157825225,-0.045881576051067574,0.07073519700638345,0.18426150121065377,0.19955535989434295,0.2222474136033458,-0.29405679066696017,0.0036319612590799033,-0.21583094871230465,-8.584635703279771e-05,-0.3111842394893242,-0.13844596081884217,0.24355712084525644,0.007589698437156065,-0.31963900506273385,0.004840413823464671,-0.024662117543473475,-0.12992956196346025,0.09695135373101475,-0.06809597182478538,0.017292537970504073,0.04364296720228924,0.03491305304864627,-0.15536429672022892,-0.036654193264362755,-0.09623816861104997,-0.1414769975786925,-0.13397314549856923,-0.16220338983050847,0.37078802553378826,0.28033237948492185,0.36333259960378606,0.475610829848118,0.25389390270746204,0.23111600264142637,0.2893022232005283,0.20754347347567687,0.20732775698877393,0.32618754127228705,0.2749878934624697,0.20572088928021132,0.0738366718027735,0.028076161127008583,-0.05429011666299802,-0.18733436055469954
#17,0.40082104336341623,0.21229804094210875,0.22248954435395113,0.3024323134492626,1.0,0.2622342064714946,0.1376007043803654,0.20740479859123928,0.2689346246973366,0.23119744662117545,0.3103697996918336,0.3986946951353731,0.39250055029716047,0.13733215936605767,-0.2925775918996258,-0.3698415144177856,0.25178956636583755,0.19502091129209773,-0.38420647149460707,-0.2556152322254017,-0.32303103675985034,-0.37898745322474137,0.28132291437376183,0.3022496147919877,0.1382808716707022,0.25211093990755007,-0.11570327977107638,0.03287034998899405,0.08714725952014088,0.020944309927360776,0.14443099273607748,0.12015408320493066,0.3722540171692714,0.1474158045344486,0.2083314990094651,0.052256218357913276,0.010794629099713845,0.0038762931983270968,-0.06089588377723971,0.26926480299361655,0.005841954655513977,0.1850297160466652,-0.11888839973585737,-0.04556020250935505,0.1284459608188422,0.20146599163548315,-0.00424389170151882,0.016704820603125687,-0.16286594761171033,-0.12120845256438477,0.013026634382566587,0.009559762271626679,0.051741140215716484,0.11989214175654854,0.14680607528065157,0.18262601804974687,-0.1509883337001981,-0.38893242350869467,-0.038084965881576054,-0.04019590578912613,0.2113053048646269,0.29342284833810256,0.16228923618754126,-0.001415364296720229,0.06465551397754787,0.0863746423068457,0.15889940567906669,0.12633942328857584,-0.21451683909311028,-0.10935725291657496,-0.15057671142416906,-0.08779000660356592,-0.35519040281752146,0.0700858463570328,-0.3089368258859784,-0.09605326876513318,-0.28966982170372,-0.1646026854501431,0.28215716486902925,0.18815100154083206,-0.1521681708122386,0.2335130970724191,0.005734096412062514,0.16774158045344487,0.3286748844375963,0.24569227382786704,0.23338542813119084,0.1339489324235087,0.16019590578912613,0.10776799471714726,0.433086066475897,0.20158265463350208,0.18691833590138676,0.13606867708562623,0.07889720449042482,0.18801893022232005,0.3412194585075941,0.3210807836231565,0.2636605767114242,0.25436715826546336,0.23088047545674664,0.3718908210433634,0.17655734096412062,0.2066696015848558,0.2821637684349549,0.055498569227382784,0.12189522342064715,0.20142637023992957,0.18338322694254897,0.04710103455866168,0.05381465991635483
#18,0.42399735857362975,0.20231785163988553,0.4027823024433194,0.291386748844376,0.2622342064714946,1.0,0.3546797270526084,0.3804160246533128,0.14144177856042262,0.4129407880255338,0.27772837332159367,0.4629319832709663,0.6953995157384988,0.1806867708562624,-0.4266916134712745,-0.2795663658375523,0.32220559101915036,0.1824125027514858,-0.3426502311248074,-0.0990050627338763,-0.1807462029495928,-0.1851419766674004,0.1859982390490865,0.019079903147699757,0.047103235747303546,0.25177635923398634,0.016335020911292096,0.24635703279771076,0.3794078802553379,0.1985692273827867,0.1903037640325776,-0.045571208452564384,0.3181201848998459,-0.007915474356152322,0.3013449262601805,-0.06768434954875632,0.13843935725291656,-0.140693374422188,0.03768434954875633,-0.10792868148800353,-0.012799911952454326,-0.08823244552058111,-0.14773277569887738,-0.2579903147699758,-0.025331278890600925,-0.19246753246753245,0.19708342504952675,0.212656834690733,0.015740699977988114,-0.015544794188861986,0.2745652652432313,0.07148360114461809,0.24780321373541714,-0.026244772176975566,0.047886858903808054,-0.2226172132951794,-0.0896632181377944,-0.2997094430992736,0.08322914373761832,-0.1454589478318292,-0.15822364076601364,-0.08441778560422628,-0.2067906669601585,-0.07917455425930002,-0.014006163328197227,0.01878494386968963,0.07294078802553379,0.10566365837552279,0.07179616993176315,0.0512788906009245,0.09449482720669161,0.12565925599823904,-0.15177635923398636,0.05585296059872331,-0.3630750605326877,-0.16476337222099935,-0.4044111820383007,-0.2946907329958177,0.17303764032577593,0.04404358353510896,0.1403896103896104,0.3619172353070658,0.23411622276029057,0.015725291657495047,0.21854721549636805,-0.08958837772397095,0.014446401056570548,0.36654193264362755,0.04835130970724191,0.09970724191063174,0.10513757429011666,0.23808716707021793,0.16644728153202729,-0.0211864406779661,0.040600924499229585,0.14599603786044463,0.029172353070658155,0.4685626238168611,0.10285714285714286,0.3395465551397755,0.1852344265903588,0.438084965881576,0.12186660796830288,0.13778120184899845,0.07101254677525864,0.2661369139335241,0.08414703940127669,-0.18723090468853182,-0.12163548316090689,-0.17503191723530706,-0.2071934844816201
#26,0.17163988553819062,0.41774818401937047,0.30306185340083647,0.2556350429231785,0.1376007043803654,0.3546797270526084,1.0,0.03169931763152102,0.14432533568126787,0.4913603345806736,0.2361171032357473,0.15498789346246974,0.3368699097512657,0.09398855381906229,0.014853620955315871,-0.024166850099053488,0.2644904248294079,0.11786484701738939,-0.28689192163768434,-0.13882896764252697,-0.13928241250275147,-0.003268765133171913,0.4296764252696456,0.24491745542593,0.2408694695135373,0.2107572088928021,-0.029187761391151222,0.07857803213735418,0.04365397314549857,-0.014677525863966543,-0.060605326876513314,0.06555580013207132,0.21485362095531588,0.22834030376403258,0.10668500990534889,-0.04775038520801233,0.020367598503191725,0.08439797490644949,0.220099053488884,-0.04289016068677086,-0.15102575390710984,0.11589698437156064,-0.2409619194364957,-0.17055249834910852,0.05616773057451024,0.06796610169491525,-0.13255998239049085,-0.1334668721109399,-0.015091349328637465,0.07215936605767115,-0.14325555800132073,-0.026907329958177417,0.15604226282192385,0.04927140655954215,0.13953334800792427,-0.0614175654853621,-0.05732775698877394,-0.1925313669381466,0.13211534228483382,0.06539291217257319,-0.01049966982170372,0.11703499889940568,-0.03966982170372001,-0.05923838872991415,-0.0860576711424169,0.17560422628219238,-0.06531366938146599,0.04705480959718248,0.107508254457407,0.1627823024433194,0.20494607087827427,0.3664494827206692,-0.20791547435615232,-0.09176975566806075,-0.2363350209112921,-0.1347391591459388,-0.14761831388950034,-0.041393352410301565,0.39169931763152105,0.16554259300022012,-0.1050099053488884,0.24610609729253796,0.13518379925159585,0.07830728593440457,0.17147919876733436,-0.05792207792207792,0.3501915034118424,0.11745762711864406,0.061672903367818624,0.11447721769755669,0.027712965001100594,0.01698217037200088,0.2582852740479859,0.15723530706581554,0.20174994497028395,0.23556020250935505,0.12250715386308607,0.16605326876513318,0.07032797710763812,0.14493506493506494,0.04698877393792648,0.30583755227823023,0.1409817301342725,0.1096896324014968,0.07116883116883117,0.027862645828747524,0.08431432973805855,0.20558661677305745,-0.009597182478538411,-0.008892802113141095,-0.26500770416024655
#49,0.7246797270526084,0.42914813999559764,0.33826546335020913,0.32597622716266783,0.20740479859123928,0.3804160246533128,0.03169931763152102,1.0,0.5135835351089588,0.41537090028615453,0.6619172353070658,0.5986154523442659,0.321171032357473,0.1641932643627559,-0.21888839973585736,-0.284653312788906,0.3358793748624257,0.04705480959718248,-0.10506493506493507,0.0072617213295179395,0.09792648029936166,-0.12196786264582875,0.014058991855602025,-0.21111600264142638,0.1524785384107418,0.2729077701959058,-0.15769535549196567,0.03264142637023993,0.1424719348448162,-0.24709443099273606,-0.07276029055690073,-0.19804534448602246,0.07686110499669822,-0.2075016508914814,0.07191503411842395,-0.1555095751705921,0.029471714725952013,-0.20883557120845256,-0.08401056570548096,0.05306405458947832,-0.0023684789786484702,-0.2220493066255778,-0.1349438696896324,-0.012196786264582874,-0.06079903147699758,-0.08913933524103015,-0.0599471714725952,-0.04048426150121066,-0.28279110719788686,-0.35468853180717586,0.2038961038961039,0.02560642747083425,-0.10807616112700859,0.024254897644728154,0.10919436495707682,-0.10421527624917455,-0.1150363196125908,-0.317805414924059,-0.3354699537750385,-0.43364076601364737,-0.06487343165309267,0.05165089148139996,-0.10615892581994277,-0.08491965661457188,0.1933942328857583,0.021708122386088487,0.14384547655734095,0.11862645828747524,0.23717587497248513,0.08816861104996698,0.1862953995157385,0.18862205591019152,-0.04110279550957517,0.11488883997358573,-0.27034118423948933,-0.16600044023772836,-0.3390028615452344,-0.35616112700858465,-0.08421307506053269,-0.10611049966982171,0.09830288355712084,0.03535329077701959,0.2060378604446401,0.07702399295619634,0.1823200528285274,0.08826986572749285,-0.21547655734096413,0.21738718908210433,-0.03339423288575831,-0.0452410301562844,0.17656394453004623,-0.007310147479639005,-0.20094651111600265,-0.31232445520581115,-0.3773123486682809,0.20820162887959498,-0.0526634382566586,0.37257098833370017,0.1995905789126128,0.08709883337001981,0.14692273827867047,0.16242791107197888,0.019634602685450142,0.06050407219898745,0.15675324675324676,0.0784965881576051,-0.019632401496808276,-0.15132071318511997,-0.001694915254237288,-0.42475456746643186,-0.35022892361875413
#50,0.4059167950693374,0.36226502311248077,0.13854941668500992,0.325181598062954,0.2689346246973366,0.14144177856042262,0.14432533568126787,0.5135835351089588,1.0,0.3993682588597843,0.25714065595421526,0.37874532247413606,0.06786484701738939,0.20102355271846797,0.028038740920096852,-0.21119084305524982,0.19146379044684128,0.013026634382566587,-0.10428791547435615,-0.07319392471934845,-0.010710983931322915,-0.21772176975566807,0.19357473035439138,-0.06779220779220779,0.08950253136693814,0.15985912392692053,-0.06474796390050627,-0.1453378824565265,-0.007266123706801673,-0.2585846357032798,-0.11293638564825005,-0.05466211754347348,0.01184239489324235,-0.19203389830508474,0.05607528065155184,-0.061373541712524765,-0.05219018269865727,-0.16193484481620074,-0.1161501210653753,0.06608848778340304,0.03559542152762492,-0.035304864626898524,-0.0825445740699978,0.018060752806515517,0.02200528285274048,-0.003755227823024433,-0.07406999779881136,-0.09177415804534449,-0.2385163988553819,-0.29354171252476335,-0.08021351529826107,-0.02800792427911072,-0.038349108518600045,0.15389390270746203,0.1578582434514638,0.014268104776579353,0.016321813779440898,-0.20460708782742681,-0.36608188421747745,-0.24684569667620515,0.0038652872551177635,0.030398415144177855,-0.10871890821043363,-0.03172132951793969,0.2588861985472155,0.011153422848338103,0.021611270085846356,0.07920757208892802,0.10954215276249174,0.1159982390490865,0.17813999559762272,0.2447919876733436,0.087376183138895,0.06935725291657495,-0.023319392471934843,0.09827206691613471,-0.009284613691393353,-0.045518379925159586,0.1085758309487123,-0.040490865067136256,-0.1550429231785164,-0.0426502311248074,-0.09314990094651111,-0.08055249834910852,0.08504072198987453,0.08674224081003742,-0.1754985692273828,0.11220559101915034,0.08541932643627559,0.048040942108738716,0.18728813559322033,-0.1138168611049967,-0.14462909971384547,-0.17272066916134712,-0.3167026194144838,0.13126128109178956,0.06755007704160247,0.09917015188201629,0.22267444419986793,0.00938366718027735,0.03421747743781642,0.16198106977767995,0.13357473035439138,0.13151882016288796,0.209240589918556,0.11768434954875633,0.10678406339423288,0.043720008804754566,-0.15019370460048426,-0.29394893242350867,-0.2503499889940568
#51,0.7247765793528506,0.6373343605546995,0.6152586396654193,0.6879683028835571,0.23119744662117545,0.4129407880255338,0.4913603345806736,0.41537090028615453,0.3993682588597843,1.0,0.49252696456086287,0.2639357252916575,0.43298261060972926,0.03458287475236628,-0.09094210873871891,-0.1164472815320273,0.5984349548756328,0.1998877393792648,-0.1283843275368699,-0.012736077481840193,-0.06317411402157165,-0.061259079903147697,0.418168611049967,0.1974950473255558,0.14151221659696236,0.2007373981950253,5.5029716046665196e-05,0.08940567906669601,-0.06397754787585296,-0.3283909311027955,-0.16709222980409422,-0.08154523442659035,0.20836011446180938,-0.04354391371340524,-0.031098393132291437,-0.14823684789786484,-0.19538190622936386,-0.19511996478098173,0.13665859564164648,0.08337662337662338,-0.021223860884877835,-0.023909311027955096,-0.3933281972265023,-0.14480739599383669,-0.11139555359894343,-0.18576931543033237,-0.01597622716266784,-0.13428131190843054,-0.24579132731675105,-0.18487563284173453,0.03705921197446621,0.04553158705701078,-3.7420206911732333e-05,0.21914593880695576,0.18052168170812238,0.2205260840854061,-0.13678846577151663,-0.355974025974026,-0.09082764692934185,-0.14627338762931982,0.06448382126348227,0.12468192824125028,-0.24517279330838654,-0.21571208452564386,0.3919436495707682,0.3052036099493727,-0.07204490424829407,-0.021637684349548755,0.09197006383447061,0.27524543253356815,0.36269865727492845,0.4730266343825666,-0.19588597842835132,0.08321373541712525,-0.26974686330618536,-0.07871230464450804,-0.28889500330178297,-0.15566585956416465,0.367046004842615,-0.02972925379705041,-0.29504512436715824,-0.05834910851860004,0.04224081003742021,-0.16708342504952675,0.01963680387409201,-0.0796434074400176,-0.06702399295619635,0.08176535329077703,-0.014492626018049747,-0.21188421747743783,-0.040261941448382126,-0.07212634822804315,-0.10755007704160247,-0.1993682588597843,-0.2155756108298481,0.4299801893022232,0.11901606867708563,0.4301232665639445,0.33290997138454764,0.1874554259300022,0.07187101034558661,0.37881796169931764,0.1458991855602025,0.24056350429231785,0.22511116002641426,0.29985912392692055,0.055163988553819064,-0.024769975786924938,-0.1602707462029496,-0.16972705260840854,-0.23382786704820605
#52,0.6381069777679947,0.4786946951353731,0.4666696015848558,0.20571208452564385,0.3103697996918336,0.27772837332159367,0.2361171032357473,0.6619172353070658,0.25714065595421526,0.49252696456086287,1.0,0.5384635703279771,0.34072859344045786,0.1011204050187101,-0.23020691173233546,-0.2036187541272287,0.3680475456746643,0.09540832049306626,-0.18142196786264583,-0.09152542372881356,-0.009955976227162667,-0.08025093550517279,0.18775258639665418,0.09976447281532028,0.2479881135813339,0.3772419106317411,-0.1729605987233106,0.07063174114021571,-0.08702619414483821,-0.3607329958177416,-0.1606449482720669,-0.11817081223860885,0.21080783623156504,-0.021199647809817302,-0.09526524323134493,-0.23969183359013868,-0.18528505392912173,-0.1153004622496148,0.06113141096191944,0.020510675764913052,-0.1483975346687211,-0.24799911952454326,-0.1945740699977988,-0.0749108518600044,-0.023475676865507375,0.06178516398855382,-0.11069557561082985,-0.02419986792868149,-0.31898305084745765,-0.3137684349548756,0.14362755888179618,0.09218357913273167,-0.04884877834030377,0.041468192824125026,0.16770195905789126,-0.009304424389170151,-0.13728593440457848,-0.3778296279991195,-0.23530266343825665,-0.3795509575170592,0.05030596522121946,0.2139027074620295,-0.17766453885097952,-0.11540171692714066,0.16428571428571428,-0.08402817521461589,0.07454765573409641,0.08259300022011887,0.10606427470834251,-0.035315870570107856,0.15490644948272067,0.13511996478098173,-0.2213647369579573,-0.05018710103455866,-0.3554061193044244,-0.16258859784283514,-0.3025181598062954,-0.2728725511776359,0.06340964120625138,-0.04310367598503192,-0.019683028835571208,0.10839753466872111,0.003988553819062293,0.15960598723310587,0.15550297160466653,0.21303103675985033,-0.007561082984811798,0.17254897644728154,0.0016795069337442218,-0.22271186440677967,0.20159366057671144,0.0501452784503632,-0.018586836891921636,-0.1890380805635043,-0.22732775698877394,0.3441932643627559,0.08511776359233986,0.48172573189522344,0.20810917895663658,0.17108298481179837,0.08821263482280431,0.21158485582214395,0.07188861985472154,0.24868589038080563,0.20972044904248294,0.21274708342504953,0.03046224961479199,-0.05050187101034559,0.12596302003081664,-0.3410345586616773,-0.36430992736077483
#53,0.41606647589698437,0.2218269865727493,0.15423728813559323,0.2055910191503412,0.3986946951353731,0.4629319832709663,0.15498789346246974,0.5986154523442659,0.37874532247413606,0.2639357252916575,0.5384635703279771,1.0,0.46738498789346244,0.33441338322694253,-0.42484481620074843,-0.5629738058551618,0.12011446180937706,-0.16146158925819942,-0.17612150561303103,-0.12299141536429672,-0.21331278890600924,-0.30383447061413166,-0.026834690732995818,-0.0885163988553819,0.16917015188201628,0.41529605987233104,0.025518379925159585,0.1740017609509135,0.11464891041162227,0.014327536869909752,0.107343165309267,-0.10607748184019371,0.15728813559322033,-0.22405899185560202,0.19648910411622275,-0.28404358353510895,-0.09293198327096633,-0.23952674444199867,-0.08964560862865947,-0.06442218798151002,-0.016205150781421967,-0.13050407219898746,0.06936605767114241,-0.1058397534668721,-0.0025225621835791327,0.12860664758969845,-0.09808496588157604,0.02071318511996478,-0.18167290336781863,-0.2825643847677746,-0.030818842174774378,-0.15973145498569227,-0.085049526744442,-0.2269227382786705,-0.043209333039841515,-0.3444331939247193,-0.05170372000880476,-0.3524323134492626,-0.23217697556680608,-0.38754347347567686,0.13984371560642747,0.20669381465991635,0.05078802553378824,0.0024961479198767336,0.10295179396874313,-0.10146599163548316,0.19378824565265243,0.2402245212414704,0.014686330618534008,-0.18754567466431873,-0.15241030156284394,-0.07592780101254677,-0.13696896324014968,0.030151882016288795,-0.2532907770195906,-0.16884437596302004,-0.36337882456526527,-0.30797270526084086,-0.035258639665419325,-0.12016729033678186,0.33824125027514856,0.22273167510455646,0.10670922298040943,0.3205657054809597,0.4487541272287035,0.427376183138895,0.15715606427470835,0.21992956196346028,0.06465771516618975,0.22382786704820604,0.32209773277569886,0.2034800792427911,-0.059801893022232,-0.06750385208012327,-0.1608298481179837,0.03262821923838873,-0.07308826766453885,0.25401276689412283,-0.06984591679506934,0.0653202729473916,-0.1085031917235307,0.13665419326436276,0.07569227382786704,-0.025274047985912394,0.011465991635483161,0.006770856262381686,-0.07614791987673343,0.04230024213075061,0.14109619194364956,-0.14248073959938368,-0.22231785163988554
#54,0.3741976667400396,0.21437816420867267,0.3668082764692934,0.3252388289676425,0.39250055029716047,0.6953995157384988,0.3368699097512657,0.321171032357473,0.06786484701738939,0.43298261060972926,0.34072859344045786,0.46738498789346244,1.0,0.22450583314990094,-0.39162007484041383,-0.26937046004842613,0.22942328857583094,0.041774158045344484,-0.3401540832049307,0.008736517719568567,-0.07760290556900726,-0.02824125027514858,0.16029055690072638,0.06272947391591459,0.03646268985252036,0.22278450363196126,-0.04173233546114902,0.15265903587937485,0.29111820383006826,0.10729914153642967,0.40825665859564164,-0.06643847677745983,0.37206471494607085,-0.09067136253576931,0.37858683689192163,-0.3530794629099714,0.11245432533568127,-0.28702399295619635,0.07338322694254898,-0.03663438256658596,-0.009183359013867489,-0.20576051067576492,-0.04327756988773938,-0.15451023552718468,0.0036297600704380366,-0.0034558661677305744,0.1467884657715166,0.20386528725511777,-0.04631300902487343,-0.01393792648029936,0.22437376183138896,0.011250275148580234,0.22525643847677745,0.11283292978208233,0.17232005282852741,-0.10362095531587057,-0.09383226942548976,-0.3250957517059212,0.016075280651551838,-0.04785384107418006,-0.09184239489324235,0.011776359233986353,0.01891701518820163,0.004276909531146819,0.0361237068016729,-0.050114461809377064,0.1542394893242351,0.16526744441998678,0.024785384107418006,-0.0689258199427691,0.04535329077701959,-0.00990975126568347,-0.17282412502751485,0.08781862205591019,-0.2308848778340304,-0.11950253136693814,-0.3692648029936165,-0.24548756328417345,0.15279110719788686,-0.16481620074840414,0.21054809597182478,0.3543913713405239,0.3438983050847458,0.19171472595201408,0.22155403918115782,0.008564825005502971,0.0487607307946291,0.16485362095531586,0.0006669601584855823,0.17318071758749726,0.23339643407440017,0.3545828747523663,0.22969843715606428,-0.07294739159145938,0.09513977547875853,0.12489324235086947,-0.06783403037640326,0.4128945630640546,-0.04813559322033898,0.2644574069997799,0.0300396213955536,0.4466299801893022,0.01072639225181598,0.13326216156724632,-0.00026194144838212637,0.1336715826546335,-0.03183138895003302,-0.1912458727712965,0.07610829848117984,-0.2458925819942769,-0.211897424609289
#58,-0.03070878274268105,0.05021571648690293,-0.21853180717587498,0.02717807616112701,0.13733215936605767,0.1806867708562624,0.09398855381906229,0.1641932643627559,0.20102355271846797,0.03458287475236628,0.1011204050187101,0.33441338322694253,0.22450583314990094,1.0,-0.18578472375082544,-0.38136253576931545,-0.117112040501871,-0.21163768434954874,-0.005518379925159586,0.1317257318952234,-0.3440479859123927,-0.2274290116662998,-0.23987233105877173,-0.2538542813119084,0.17598062953995158,0.21443979749064496,0.1686682808716707,0.33969183359013866,0.22827426810477658,0.13467532467532467,0.12809817301342724,0.19306625577812017,0.031056570548095973,0.06721769755668061,0.32993176315210215,-0.13061633281972265,0.13712524763372222,0.018214836011446182,0.00848778340303764,0.09678846577151662,0.06515078142196787,0.049700638344706144,0.025445740699977987,-0.053951133612150565,-0.11476337222099935,0.08596742240810037,0.2030134272507154,0.32267224301122605,0.20465771516618975,0.19670261941448383,0.1784635703279771,0.024895443539511335,0.06766233766233766,-0.2920757208892802,-0.18424169051287695,-0.30335681267884657,-0.2632555580013207,-0.2098811358133392,-0.06846136913933525,-0.05641866607968303,-0.11775478758529606,-0.15983711204050188,0.4419810697776799,0.5432533568126788,0.02090248734316531,-0.028769535549196566,0.5942438917015188,0.52656834690733,0.28139335241030156,0.1599801893022232,-0.06392692053709002,-0.0909949372661237,0.09187761391151221,0.1681554039181158,0.17960818842174775,0.02724851419766674,-0.17707462029495927,-0.23000220118864187,0.11864626898525203,-0.20120405018710102,0.1931168831168831,0.10246753246753247,-0.09572969403477878,0.3084393572529166,0.4470988333700198,-0.058203830068236845,-0.09789566365837553,-0.13188861985472156,0.15650231124807396,0.4223222540171693,0.0841404358353511,-0.10421087387189082,0.11399955976227162,-0.10548316090688972,-0.21755227823024434,-0.26716927140655955,-0.1893858683689192,0.00909090909090909,-0.09270746202949592,0.1635197006383447,0.1138630860664759,-0.16241690512876952,0.06672683248954435,-0.0005569007263922518,-0.03680167290336782,0.09692273827867048,0.07674003962139556,-0.016973365617433414,-0.08465771516618974,-0.09118423948932423,-0.2061501210653753
#101,-0.21409861325115562,-0.053675985031917235,-0.352623816861105,-0.11797050407219899,-0.2925775918996258,-0.4266916134712745,0.014853620955315871,-0.21888839973585736,0.028038740920096852,-0.09094210873871891,-0.23020691173233546,-0.42484481620074843,-0.39162007484041383,-0.18578472375082544,1.0,0.44660136473695794,-0.13996478098173012,-0.24690072639225183,0.24348668280871671,0.0022892361875412725,0.34307065815540394,0.2008848778340304,0.08917015188201628,-0.0070988333700198105,0.21813779440898085,-0.15237288135593222,-0.0961303103675985,-0.32623156504512435,-0.1297160466651992,-0.1336979969183359,-0.36644728153202727,0.1078318291877614,-0.503119084305525,0.04074840413823465,-0.2612238608848778,0.23017389390270745,0.09242350869469514,0.2244177856042263,-0.040211314109619194,0.055692273827867046,-0.1099207572088928,-0.015456746643187321,0.09064714946070879,0.2034206471494607,0.01046665199207572,-0.06826326216156725,-0.19625357693154302,-0.16140655954215277,0.07664098613251155,0.10605546995377504,-0.22674664318732116,-0.0699801893022232,-0.3889126128109179,0.0537178076161127,-0.1882390490865067,0.2188267664538851,0.09814880035219019,0.27309927360774816,-0.0775544794188862,0.11439797490644948,-0.1362821923838873,-0.08924058991855602,0.08014968082764692,0.014309927360774818,-0.2992978208232446,-0.14372881355932204,-0.22772176975566807,-0.2799977988113581,0.04714505833149901,0.07729914153642967,-0.021837992515958617,0.050988333700198105,0.1494783182918776,-0.21485362095531588,0.2677459828307286,-0.0022650231124807397,0.2998569227382787,0.18902487343165308,0.21598062953995156,0.22443539511336122,-0.08154523442659035,-0.30167950693374423,-0.11277790006603566,-0.3232137354171252,-0.23779661016949152,-0.20715166189742462,-0.25176095091349326,-0.19726612370680166,-0.1239489324235087,-0.0840017609509135,-0.22167950693374422,-0.30513977547875853,-0.09020911292097733,-0.0364802993616553,-0.12319832709663218,-0.1441536429672023,0.13322694254897643,-0.4859850319172353,-0.17722650231124806,-0.39314549856922737,-0.11924279110719789,-0.4849746863306185,0.12465111160026414,-0.23689192163768436,0.010515078142196786,-0.2399603786044464,-0.029095311468192823,0.1406977767994717,-0.09256658595641647,-0.007429011666299802,-0.10854501430772617
#102,-0.2198943429451904,-0.06891701518820163,0.03693814659916355,-0.2136979969183359,-0.3698415144177856,-0.2795663658375523,-0.024166850099053488,-0.284653312788906,-0.21119084305524982,-0.1164472815320273,-0.2036187541272287,-0.5629738058551618,-0.26937046004842613,-0.38136253576931545,0.44660136473695794,1.0,-0.05665859564164649,0.02364076601364737,0.01570327977107638,0.21959498128989655,0.22780541492405898,0.5197446621175434,-0.00038080563504292315,-0.00212854941668501,-0.10836891921637684,-0.29948932423508695,-0.3736121505613031,-0.4261082984811798,-0.18966541932643627,-0.12549196566145718,-0.23164428791547437,-0.22395113361215055,-0.17551177635923398,0.08477657935285055,-0.20164208672683248,0.1400066035659256,0.18384767774598282,0.3818071758749725,-0.09897864847017389,-0.15933524103015628,-0.2777988113581334,-0.09737178076161127,0.018459167950693373,0.2129407880255338,-0.21466211754347347,-0.1687937486242571,-0.1754919656614572,-0.21930662557781203,-0.17193484481620075,-0.14380585516178737,-0.09966101694915254,-0.06195685670261941,-0.32097072419106315,0.04659476117103236,0.010986132511556241,0.17186440677966103,0.09966982170372,0.5062623816861105,-0.01576931543033238,-0.006949152542372881,-0.17556900726392252,-0.16560422628219237,-0.17065155183799252,-0.020677966101694915,-0.11360114461809377,-0.14612590799031477,-0.37561963460268544,-0.3548117983711204,-0.03903587937486243,0.21429011666299802,0.19060752806515519,0.1589852520360995,0.2151617873651772,-0.01985692273827867,0.23913053048646268,0.12074400176095092,0.39846357032797713,0.2746995377503852,-0.11186000440237728,0.18456306405458947,-0.05471274488223641,-0.32982390490865066,-0.10265243231344927,-0.2354963680387409,-0.3730134272507154,-0.242260620735197,-0.14589478318291876,-0.2683050847457627,-0.08430992736077482,-0.3330156284393572,-0.3927977107638125,-0.15529165749504734,-0.19863306185340085,0.009264802993616553,0.06149020471054369,0.03338983050847458,0.10203830068236848,-0.1792361875412723,-0.043702399295619636,-0.3304710543693595,-0.16041162227602906,-0.16032137354171253,-0.22221879815100154,-0.06015408320493066,-0.13171252476337222,-0.06954655513977548,-0.13374202069117325,-0.10407880255337883,-0.07227602905569007,-0.08836671802773498,-0.026403257759189964
#201,0.5743935725291658,0.5153378824565266,0.7020471054369359,0.5431829187761391,0.25178956636583755,0.32220559101915036,0.2644904248294079,0.3358793748624257,0.19146379044684128,0.5984349548756328,0.3680475456746643,0.12011446180937706,0.22942328857583094,-0.117112040501871,-0.13996478098173012,-0.05665859564164649,1.0,0.5788928021131411,-0.304950473255558,-0.23134272507153864,-0.00012326656394453004,-0.15425049526744442,0.3480959718247854,0.1358991855602025,0.25923838872991417,0.22035219018269867,-0.009881135813339203,0.16295619634602684,0.17011446180937706,-0.17819062293638566,-0.11705921197446621,0.031989874532247414,0.3771252476337222,0.1479947171472595,0.021996478098173015,0.08963240149680828,0.11900946511116002,-0.006088487783403038,0.34958837772397094,0.30556020250935506,0.07276689412282633,0.10682588597842835,-0.26895663658375524,-0.040578912612810915,-0.13672903367818623,-0.2422408100374202,0.08705921197446621,-0.024708342504952675,-0.2467554479418886,-0.3125687871450583,0.20375302663438258,0.016086286594761173,0.06049306625577812,0.09557781201848999,0.3144265903587937,0.3008188421747744,-0.10578252256218358,-0.42082104336341625,0.0838168611049967,-0.11861325115562403,-0.14576051067576493,0.007059211974466212,-0.3078560422628219,-0.24745762711864408,0.22502091129209773,0.24649130530486463,-0.19016949152542373,-0.1433546114902047,0.03425489764472815,0.09130310367598503,0.3073211534228483,0.3274686330618534,-0.4063064054589478,0.07038520801232666,-0.4263460268545014,-0.08140655954215276,-0.26951573849878935,-0.08783182918776139,0.3053312788906009,0.22821263482280432,-0.28213295179396874,-0.01552938586836892,0.10460268545014308,-0.20727272727272728,-0.06161787365177196,-0.2532291437376183,-0.00225181598062954,0.24174334140435835,0.14461589258199428,-0.06582434514637904,-0.0065661457186880915,0.016574950473255558,-0.06489544353951134,-0.0661699317631521,-0.08949592780101255,0.7452344265903588,0.3495003301782963,0.6692846136913934,0.4887717367378384,0.39681267884657717,0.42563944530046227,0.4145234426590359,0.26780981730134273,0.4062425709883337,0.41644287915474354,0.4355580013207132,0.24918115782522562,0.005122165969623596,0.018036539731454984,-0.2393550517279331,-0.24126788465771518
