,#10,#11,#12,#13,#17,#18,#26,#49,#50,#51,#52,#53,#54,#58,#101,#102,#201,#202,#301,#302,#401,#402,#501,#502,#601,#602,#701,#702,#801,#802,#901,#902,#1001,#1002,#1101,#1102,#1201,#1202,#1301,#1302,#1401,#1402,#1501,#1502,#1601,#1602,#1701,#1702,#1801,#1802,#1901,#1902,#2001,#2002,#2101,#2102,#2201,#2202,#2301,#2302,#2401,#2402,#2501,#2502,#2601,#2602,#2701,#2702,#2801,#2802,#2901,#2902,#3001,#3002,#3101,#3102,#3201,#3202,#3301,#3302,#3401,#3402,#3455,#3501,#3502,#3601,#3602,#3701,#3702,#3801,#3802,#3901,#3902,#4001,#4002,#4101,#4102,#4201,#4202,#4301,#4302,#4401,#4402,#4501,#4502,#4601,#4602,#4701,#4702,#4801,#4802
#10,1.0,0.3656812678846577,0.1854853620955316,0.38351529826106096,0.15205370900286155,-0.10047985912392692,-0.038635263042042706,0.4563020030816641,0.10176535329077702,0.16234206471494608,0.3564472815320273,0.2130706581554039,-0.2514747963900506,-0.13418225841954656,0.017173673783843275,0.007301342725071539,0.03865067136253577,-0.14480959718247854,0.19546775258639665,0.10597402597402597,0.04207351970063834,0.16533568126788467,0.11490865067136254,0.08084525643847677,0.18738278670482061,0.06724631300902488,-0.10893462469733656,0.07732775698877394,-0.20987673343605548,-0.004844816200748404,-0.3122474136033458,-0.04010345586616773,0.09697996918335901,-0.057186880915694474,-0.034987893462469735,-0.11053488883997359,-0.16209112920977328,-0.06699757869249395,0.012093330398415144,0.026909531146819283,-0.0174686330618534,0.012243011226062073,0.0700066035659256,-0.00539291217257319,0.06921637684349549,0.18826986572749285,-0.03475676865507374,0.0738895003301783,-0.16127008584635702,-0.04887519260400616,-0.17839313229143738,-0.0032203389830508474,-0.19384767774598283,0.09497908870790227,-0.1594342945190403,0.01971604666519921,-0.3350231124807396,-0.20922077922077922,-0.21760510675764913,-0.00712524763372221,0.07786044464010566,0.12150561303103675,0.11643187321153423,-0.11204930662557781,-0.032449922958397534,0.02644948272066916,-0.2502179176755448,-0.10326216156724631,0.02404138234646709,0.031107197886858905,0.015480959718247854,0.0013339203169711645,-0.09858683689192163,0.07010345586616773,-0.10632621615672463,-0.11857583094871231,-0.29532907770195904,-0.25696015848558224,-0.15323134492626017,-0.011118203830068236,-0.23708782742681048,-0.15695355491965662,0.04699537750385208,-0.2812106537530266,-0.002705260840854061,0.12826986572749285,0.05693154303323795,0.059271406559542154,-0.18295399515738497,-0.10043143297380586,-0.11443099273607749,-0.05094871230464451,0.16590358793748625,0.05222099933964341,-0.1360048426150121,-0.12201408760730795,-0.13032797710763813,-0.023488883997358573,0.10456746643187322,0.14541712524763373,0.032879154743561526,-0.16943869689632401,0.20260840854061193,-0.07261281091789566,0.09242350869469514,0.10686770856262381,0.27097952894563065,0.0912326656394453,0.21649570768214835,0.012738278670482061,-0.20717587497248513
#11,0.3656812678846577,1.0,0.1865595421527625,0.1862755888179617,-0.028320493066255777,-0.17923838872991416,0.4176249174554259,0.32662777900066037,0.40331278890600925,0.38669381465991637,0.26327977107638123,0.09872331058771737,0.07906229363856483,0.28983491085186003,0.07972044904248295,-0.013088267664538852,0.06542593000220119,-0.07192163768434955,0.08899405679066696,-0.13071978868589038,0.21428571428571427,0.002885758309487123,0.03924058991855602,-0.14679947171472596,0.03413383226942549,-0.1796764252696456,0.1451221659696236,-0.07857142857142857,0.040132071318512,-0.07870349988994056,-0.053273167510455646,-0.11886858903808056,-0.01398415144177856,-0.09034558661677305,-0.1927294739159146,-0.18966982170372002,-0.222359674224081,-0.15432533568126788,-0.10120184899845917,-0.15448382126348228,0.040037420206911735,-0.10081223860884878,-0.036850099053488884,-0.09475896984371561,0.029218578032137354,-0.05729473915914594,-0.11697116442879155,-0.1470349988994057,-0.02818401937046005,0.05439577371780761,-0.22396434074400176,-0.04965221219458508,-0.017666740039621397,0.049958177415804536,-0.04471274488223641,-0.2157935285053929,0.1526106097292538,-0.15027074620294958,-0.027539071098393132,-0.23686770856262382,0.09113581333920318,0.08448822364076601,-0.09943869689632401,-0.16637244111820382,0.013248954435395113,-0.05357473035439137,0.2071318511996478,0.046396654193264365,0.1350693374422188,0.017756988773937925,0.1811864406779661,0.12524763372220998,-0.14953554919656614,-0.07539511336121506,-0.11057891261281091,0.03605546995377504,-0.048529605987233104,0.010173893902707462,-0.010783623156504512,-0.2748117983711204,-0.02465331278890601,0.04556680607528065,-0.010611930442438917,0.1624323134492626,-0.11476337222099935,0.08906449482720669,0.06925599823904909,-0.07852740479859124,-0.05148360114461809,-0.06503852080123267,-0.2373299581774158,0.06690953114681929,-0.044598283072859346,-0.014043583535108959,-0.18109178956636585,0.0948448162007484,-0.1578648470173894,-0.14929121725731895,-0.18559982390490865,-0.162689852520361,-0.03139995597622716,-0.1121021351529826,-0.05576491305304865,-0.1970195905789126,0.142788906009245,-0.07157384987893463,0.16824565265243233,0.10997138454765573,0.19131410961919437,0.26524763372221,-0.12177195685670263
#12,0.1854853620955316,0.1865595421527625,1.0,0.41427030596522124,0.01917015188201629,0.1452344265903588,0.10162887959498129,0.004851419766674004,0.030204710543693593,0.3342064714946071,0.18197666740039622,0.00688531807175875,0.1889654413383227,0.245544794188862,-0.19693374422187981,-0.0724983491085186,0.2751111600264143,0.27353951133612153,-0.32153863086066475,-0.03311248073959938,-0.24827426810477657,0.1802883557120845,0.10825885978428351,0.1648117983711204,-0.14580453444860225,-0.15167730574510235,0.33684789786484703,0.283746423068457,-0.08470173893902708,-0.03410521681708122,0.4227712965001101,-0.12691613471274488,0.31064274708342504,-0.11900946511116002,-0.17778340303764031,-0.3232907770195906,-0.35928461369139336,-0.30531587057010784,-0.25336561743341407,-0.18122386088487782,0.09294298921417565,-0.236979969183359,0.014990094651111601,0.03305745102355272,0.10097952894563064,0.21698217037200088,0.289537750385208,0.2969337442218798,0.2420184899845917,0.1523860884877834,0.04560862865947612,0.2451948051948052,0.22251375742901167,0.3903235747303544,-0.4284503631961259,-0.2684767774598283,-0.21768875192604006,-0.3872198987453225,0.10221659696235967,0.19109178956636583,-0.032436715826546336,0.22942548976447283,-0.0006449482720669161,-0.053779440898084965,0.3139423288575831,0.05712744882236408,0.3656878714505833,0.15419766674003962,-0.07336341624477218,-0.09921197446621176,0.23156504512436715,0.05733876293198327,-0.17574290116662997,0.1947655734096412,-0.2540479859123927,-0.172392692053709,-0.21955095751705922,0.11346467092229805,0.22887739379264804,0.004919656614571869,0.04003081664098613,0.2923068456966762,0.22453664979088708,0.029093110279550957,-0.09882676645388509,-0.015221219458507594,0.11906009244992295,0.07270526084085406,-0.038142196786264584,0.17729473915914593,-0.04240369799691834,0.207904468412943,0.23918115782522562,0.020781421967862646,0.11609949372661237,0.2668104776579353,0.056306405458947835,0.41308606647589696,0.17506053268765134,0.16719568567026194,0.41790666960158485,0.44763812458727714,0.03042703059652212,0.17846797270526085,0.24478318291877613,0.30368919216376844,0.41556900726392254,0.0034228483381025755,0.09298040942108739,-0.036090688972044906,0.22208232445520582
#13,0.38351529826106096,0.1862755888179617,0.41427030596522124,1.0,-0.07294519040281752,0.21744441998679287,-0.03587277129650011,-0.08197006383447061,-0.03844816200748404,0.38569447501650894,0.17285053929121727,0.008567026194144838,0.07391371340523883,0.06831829187761392,-0.12655513977547875,-0.08566365837552278,0.12543033237948492,-0.23336341624477216,-0.11874972485141977,0.10565045124367159,-0.25025974025974024,0.23227823024433195,0.22973805855161789,0.33981069777679945,-0.003926920537090028,0.07162007484041383,0.3465991635483161,0.5115254237288136,-0.21193484481620076,0.0056130310367598505,0.298795949812899,-0.05929121725731895,0.2960510675764913,0.033442659035879375,-0.011237068016729034,-0.1647391591459388,-0.19857362976007042,-0.23470834250495268,-0.05038961038961039,-0.03435835351089588,-0.011945850759410081,-0.053746423068456964,0.1974950473255558,0.06126788465771517,0.08884877834030376,0.37815760510675767,0.5142306845696676,0.4972331058771737,0.2957671142416905,0.020735197006383446,0.05172132951793969,0.1263416244772177,0.06981950253136694,0.4305348888399736,-0.30795509575170593,-0.05226942548976447,-0.3635989434294519,-0.25581333920316973,0.1568677085626238,0.32288355712084527,-0.2114836011446181,-0.014717147259520141,0.023125687871450584,-0.07494827206691614,0.21386528725511778,0.13692934184459607,0.25301562843935727,0.17144838212634822,-0.29571208452564385,-0.39008364516839095,-0.07054149240589919,-0.23353510895883778,-0.33780101254677525,-0.22817961699317632,-0.37913053048646267,-0.3594254897644728,-0.4393022232005283,-0.17975346687211094,0.07152982610609729,0.07101254677525864,-0.0848580233325996,0.12712744882236407,-0.03613911512216597,-0.3337596302003082,-0.09501430772617213,-0.04243671582654634,0.13848778340303763,0.23347787805414924,-0.19427690953114682,0.01861104996698217,0.014041382346467093,0.08271186440677966,0.29760290556900726,0.24710543693594542,0.1937640325775919,-0.03315870570107858,0.07941448382126348,0.17560642747083424,0.24971824785384109,0.2908122386088488,0.1223398635263042,0.19850099053488884,0.06598283072859344,0.2162887959498129,0.16521681708122385,0.34517059211974466,0.3772220999339643,-0.11049306625577812,0.054492626018049745,0.018732115342284833,0.04663218137794409
#17,0.15205370900286155,-0.028320493066255777,0.01917015188201629,-0.07294519040281752,1.0,0.38561303103675987,0.25173233546114904,0.2939467312348668,0.20584635703279772,0.19713185119964782,0.0548976447281532,0.56016508914814,0.221699317631521,0.1915430332379485,-0.34574510235527184,-0.43702619414483823,-0.07,-0.06025093550517279,-0.1857296940347788,-0.2910609729253797,-0.39580013207131853,-0.29177856042262823,0.25366057671142417,0.17174554259300023,-0.021303103675985032,0.09401496808276469,-0.1041536429672023,0.07591459388069557,0.026079683028835572,0.28197226502311246,0.029088707902267225,0.2468765133171913,0.18238388729914154,-0.02200528285274048,0.28448822364076604,0.08357032797710764,0.1526436275588818,-0.11744662117543474,-0.1532247413603346,0.06151441778560423,0.06989654413383227,0.07918115782522563,0.10287475236627779,-0.11081664098613252,0.2441206251375743,0.07729914153642967,0.045960818842174775,0.2071318511996478,-0.12206691613471274,-0.02768434954875633,0.04704160246533128,0.10176755447941889,0.12750385208012327,-0.020398415144177857,-0.25982390490865065,-0.20764472815320273,-0.08943209333039842,-0.18793308386528726,0.03927360774818402,0.2898987453224741,0.1088333700198107,-0.040015408320493065,0.36833810257539074,0.07466651992075721,-0.17800792427911072,-0.13744001760950914,0.021661897424609288,0.14641866607968304,-0.09768875192604007,-0.046764252696456086,0.02275148580233326,-0.22986572749284614,0.20168611049966984,0.3188685890380806,0.10074400176095091,0.006117103235747303,-0.0035659255998239047,0.16295399515738498,-0.09699757869249395,-0.0312458727712965,0.01694915254237288,0.38683248954435395,-0.07366057671142417,0.1295245432533568,0.4184591679506934,0.1499933964340744,0.10918556020250936,0.1899273607748184,0.04134272507153863,0.4625841954655514,0.34771076381245875,0.2247655734096412,0.3330640545894783,0.12296940347787805,0.09940347787805415,-0.1527492846136914,-0.06132951793968743,0.11823024433193925,0.10139115122165969,-0.014957076821483601,0.2346268985252036,0.10050407219898745,0.3100396213955536,-0.11836231565045124,0.09075060532687651,0.03179616993176315,0.06946731234866828,-6.823684789786485e-05,-0.04777900066035659,0.06070658155403918,0.24840633942328857
#18,-0.10047985912392692,-0.17923838872991416,0.1452344265903588,0.21744441998679287,0.38561303103675987,1.0,0.17627338762931982,-0.03790887079022672,-0.07869909751265683,0.1506845696676205,-0.07857142857142857,0.3507990314769976,0.34648910411622275,0.21254237288135594,-0.37169931763152103,-0.3326084085406119,0.3261435174994497,-0.0324191063174114,-0.1188795949812899,-0.05516618974246093,-0.5862887959498129,-0.1295245432533568,0.27327977107638124,0.3828153202729474,-0.09094430992736077,0.3201474796390051,0.019269205370900287,0.19333259960378604,0.1869073299581774,0.4539973585736298,0.30207351970063834,0.2667774598283073,0.1751287695355492,0.05284613691393352,0.3284459608188422,0.1250759410081444,0.07865067136253577,-0.13226942548976448,0.05510455646048867,0.10797050407219899,0.21218798151001542,0.17233546114902046,0.18472595201408762,0.0883975346687211,0.05378164208672683,0.1211005943209333,0.3430640545894783,0.43504072198987453,0.11804754567466431,-0.023035439137134052,0.13063614351749944,0.1589786484701739,0.04010345586616773,0.12784723750825447,-0.3425621835791327,-0.12924499229583974,-0.3135879374862426,-0.17377283733215937,0.10372881355932204,0.34655954215276247,0.0062689852520361,-0.10851860004402378,0.4453312788906009,0.12489984591679507,-0.17376623376623376,0.20916795069337443,0.18701959057891263,0.3517081223860885,-0.1529451904028175,-0.14680167290336782,0.038809156944750164,-0.18708122386088488,-0.19374642306845696,0.1239819502531367,-0.03605987233105877,-0.10139115122165969,-0.10444860224521242,0.1800066035659256,-0.02894783182918776,0.30623376623376625,-0.019632401496808276,0.5638961038961039,-0.1631829187761391,-0.1125379705040722,0.37507373981950254,0.018430552498349108,0.14786044464010567,0.2991547435615232,0.08078142196786264,0.5039885538190623,0.4056812678846577,0.21401937046004843,0.31472375082544574,-0.045701078582434516,0.2077195685670262,-0.2050693374422188,0.3013515298261061,0.2656460488663879,0.17503852080123267,0.010134272507153864,0.22105216817081225,0.36992515958617656,0.1936517719568567,0.08049526744441998,0.07026414263702399,0.09227823024433193,0.06651111600264142,0.0035241030156284393,-0.015080343385428132,-0.1524851419766674,0.18715606427470835
#26,-0.038635263042042706,0.4176249174554259,0.10162887959498129,-0.03587277129650011,0.25173233546114904,0.17627338762931982,1.0,0.20086726832489543,0.41849878934624696,0.49342284833810257,0.3027470834250495,0.20170372000880477,0.3388201628879595,0.5324807395993837,-0.1286550737398195,-0.2999229583975347,0.00887739379264803,-0.04394012766894123,-0.15583975346687212,-0.2655029716046665,-0.2982654633502091,-0.2720383006823685,0.022249614791987674,0.057651331719128326,-0.21249394673123487,-0.12382786704820603,0.009665419326436275,0.05429011666299802,0.2551573849878935,-0.019478318291877614,0.12599603786044464,0.015324675324675324,0.04341844596081884,-0.057574290116663,0.010660356592559983,-0.16152762491745543,-0.2859938366718028,-0.2549636803874092,-0.32464450803433853,-0.13243011226062074,-0.09717147259520141,-0.14968523002421308,-0.08088487783403038,-0.17825665859564166,0.04559982390490865,-0.15016508914814,0.04395333480079243,0.06510455646048867,0.10571648690292758,0.2979947171472595,0.015705480959718247,0.3757208892802113,0.1503169711644288,-0.012157164869029275,-0.30437596302003084,-0.4320228923618754,0.08477437816420867,-0.1585031917235307,0.33596081884217477,0.17736297600704382,0.06438036539731455,0.10450363196125909,0.11187101034558662,0.06815980629539951,-0.19883777239709444,-0.11674884437596302,0.31793968743121287,0.37032577591899624,-0.029722650231124807,0.10982610609729254,0.17033898305084746,0.04518379925159586,-0.0883182918776139,0.07254897644728153,-0.16680607528065156,-0.015923398635263042,-0.0326304204270306,0.18663438256658596,0.09728593440457847,-0.12480739599383667,0.17318511996478098,0.3551882016288796,0.020202509355051728,0.24528945630640545,0.09227162667840634,0.23663658375522784,0.21376183138895002,0.006808276469293419,0.11871670702179177,0.18888399735857364,-0.047413603345806736,0.24696015848558223,0.1150429231785164,0.14940127668941228,0.137937486242571,0.01842394893242351,-0.2279771076381246,0.0362821923838873,-0.15260840854061192,-0.07416024653312789,0.31356152322254016,0.08135152982610609,0.009167950693374421,0.009071098393132292,0.24946731234866829,-0.028415144177856042,0.12307506053268766,0.1129672022892362,-0.016753246753246753,0.2846555139775479,0.22084525643847677
#49,0.4563020030816641,0.32662777900066037,0.004851419766674004,-0.08197006383447061,0.2939467312348668,-0.03790887079022672,0.20086726832489543,1.0,0.3137574290116663,0.24154523442659037,0.3288003521901827,0.3688069557561083,0.21914813999559762,-0.024397974906449484,-0.08217697556680607,-0.3619766674003962,-0.009621395553598944,-0.03319832709663218,0.01654193264362756,-0.1875808936825886,-0.030176095091349327,-0.22654413383226943,-0.054142637023992954,-0.09665859564164649,-0.035355491965661456,-0.13937926480299362,-0.12054149240589919,-0.18519260400616333,0.27386748844375963,0.10971824785384107,-0.11174774378164208,-0.12195245432533568,-0.09678626458287476,-0.35273167510455644,0.1849768875192604,-0.0962821923838873,-0.03938366718027735,-0.17127448822364078,-0.2659057891261281,-0.2215474356152322,0.007182478538410742,0.06879154743561523,0.09042923178516399,-0.19065595421527626,0.21625137574290115,-0.11822364076601365,-0.2525269645608629,-0.23388509795289456,-0.2979418886198547,-0.14923838872991416,-0.3527602905569007,-0.006273387629319832,0.013337001981069777,-0.1064604886638785,-0.16922077922077922,-0.1861237068016729,0.0072969403477878055,-0.1519260400616333,-0.16864626898525203,-0.10103015628439357,0.2395135373101475,0.2724058991855602,0.23834690732995817,0.008252256218357913,-0.11800572309046885,0.13078362315650452,-0.09984811798371121,-0.05267884657715166,0.11990534888839974,0.11416464891041163,0.15,0.04024873431653093,-0.058542813119084304,0.2543979749064495,0.17961479198767336,0.21806735637244112,0.06113141096191944,0.13052388289676425,-0.058835571208452564,-0.152920977327757,0.01236847897864847,0.03720228923618754,0.12429892141756549,0.10275588817961699,0.21130750605326876,0.35704820603125687,0.08142857142857143,0.06459828307285935,-0.0997292537970504,0.2022540171692714,0.018637464230684568,0.12323574730354392,0.06059432093330398,-0.15694915254237288,-0.13355491965661456,-0.07854721549636803,-0.17854501430772618,-0.0937442218798151,-0.2723002421307506,-0.21543693594541052,0.0025269645608628657,-0.23855161787365178,0.023667180277349768,-0.2414703940127669,-0.15143517499449702,-0.10401937046004843,-0.12065155183799252,0.32195465551397756,0.2694188861985472,0.1986286594761171,-0.015115562403697998
#50,0.10176535329077702,0.40331278890600925,0.030204710543693593,-0.03844816200748404,0.20584635703279772,-0.07869909751265683,0.41849878934624696,0.3137574290116663,1.0,0.33999559762271625,0.29230464450803434,0.18856482500550298,0.09174114021571649,0.3795465551397755,0.12251595861765353,-0.07580893682588598,-0.04035219018269866,0.013753026634382567,-0.05464670922298041,-0.3497226502311248,-0.0037244111820383006,-0.1842196786264583,-0.06265903587937487,-0.02154523442659036,0.00917015188201629,-0.15111160026414264,0.08561963460268544,-0.1290975126568347,-0.0033942328857583096,-0.04589478318291878,-0.056491305304864625,-0.09524983491085186,0.11692493946731235,-0.00807836231565045,-0.013493286374642307,-0.2594320933303984,-0.11432093330398416,-0.20462469733656174,-0.18633281972265023,-0.2265573409641206,-0.012339863526304205,-0.1001782962799912,-0.10356372441118204,-0.010563504292317852,0.23081003742020692,-0.15106317411402156,-0.1393990755007704,-0.17263262161567247,-0.07828527404798591,-0.04694034778780541,-0.04871010345586617,0.06084085406119304,0.14279110719788685,-0.11771076381245872,-0.029031476997578694,-0.30575610829848116,0.10626458287475236,-0.3389720449042483,0.16497468633061854,-0.05423508694695135,-0.10402377283733216,-0.02093330398415144,-0.04955976227162668,0.12680607528065155,-0.04102355271846797,-0.00040061633281972264,0.16714285714285715,0.3044750165089148,0.05242130750605327,0.1325511776359234,0.3071406559542153,0.0625841954655514,-0.015811138014527847,0.002729473915914594,-0.27011666299801895,-0.18147259520140877,-0.15855822143957737,0.02272507153863086,0.20855381906229364,-0.10840633942328858,-0.029407880255337884,0.09565925599823905,-0.10885758309487123,0.3668611049966982,-0.08581554039181158,0.01464010565705481,-0.07548536209553158,-0.06646268985252037,-0.07173673783843275,0.10833810257539071,-0.01618534008364517,0.13357693154303324,-0.02708562623816861,0.10086726832489544,0.043845476557340966,0.1657803213735417,-0.22124367158265462,-0.08053709002861545,-0.13012766894122826,-0.0015870570107858243,0.05838872991415364,-0.020347787805414925,-0.01339423288575831,0.025694475016508914,0.04776139115122166,-0.0961963460268545,0.09685890380805635,-0.0847325555800132,0.009374862425709883,0.32502751485802334,0.0549768875192604
#51,0.16234206471494608,0.38669381465991637,0.3342064714946071,0.38569447501650894,0.19713185119964782,0.1506845696676205,0.49342284833810257,0.24154523442659037,0.33999559762271625,1.0,0.3875456746643187,0.10824565265243231,0.4048932423508695,0.33626018049746864,-0.055921197446621176,-0.38650231124807394,0.18327316751045564,-0.0599075500770416,-0.17371340523882897,-0.2985692273827867,-0.23610829848117984,-0.11788025533788246,0.22725952014087608,0.14707462029495927,0.021151221659696236,-0.16907550077041603,0.31841074180057233,0.2283116883116883,0.2250099053488884,-0.017662337662337664,0.1957737178076161,-0.2803433854281312,-0.021543033237948494,-0.30452344265903586,-0.08202949592780101,-0.3945938806955756,-0.39277129650011006,-0.4770680167290337,-0.3413581333920317,-0.3520647149460709,0.0575610829848118,-0.11323354611490205,-0.026315210213515298,-0.18794629099713844,-0.01036319612590799,0.05205370900286155,-0.0007219898745322474,0.10134272507153863,0.07855381906229364,0.20982610609729255,-0.059933964340744,0.12057451023552719,0.202689852520361,0.142458727712965,-0.32257539071098396,-0.45214615892581994,0.1124653312788906,-0.20550077041602466,0.1895641646489104,0.19649570768214836,-0.014283513097072419,0.20086726832489543,0.02859784283513097,-0.08744441998679287,0.1495971824785384,0.07647809817301343,0.358250055029716,0.3110609729253797,-0.16494827206691615,-0.09742681047765793,0.1725445740699978,0.03045344486022452,-0.16198106977767995,-0.061358133392031694,-0.2284635703279771,0.010035219018269866,-0.1589126128109179,0.14460928901606868,0.2383447061413163,-0.17541932643627559,0.05915254237288135,0.3166784063394233,0.10067796610169491,0.08915694475016508,0.16214395773717807,0.15042042703059652,0.2880013207131851,0.2267422408100374,0.004129429892141757,0.18242130750605326,-0.04170151882016289,0.2500198106977768,0.24394673123486682,0.08872551177635923,0.06867048206031257,0.19461149020471055,-0.11404578472375082,0.0523794849218578,-0.0587937486242571,0.1173893902707462,0.22276029055690072,0.11203830068236847,-0.05550077041602465,0.06205591019150341,-0.018595641646489105,-0.030917895663658376,0.0013053048646268985,0.03528505392912173,0.13033458067356374,0.17352190182698657,0.14839313229143739
#52,0.3564472815320273,0.26327977107638123,0.18197666740039622,0.17285053929121727,0.0548976447281532,-0.07857142857142857,0.3027470834250495,0.3288003521901827,0.29230464450803434,0.3875456746643187,1.0,0.14034558661677304,0.09316090688972045,0.2273299581774158,-0.0525511776359234,-0.09108298481179837,0.12093770636143518,0.03654633502091129,-0.039867928681488,-0.13235527184679727,-0.07659476117103235,-0.1164010565705481,-0.1492890160686771,-0.13482940788025533,-0.00975346687211094,0.009691833590138674,-0.017277129650011006,0.08469073299581774,0.1302443319392472,0.03421747743781642,-0.17579793088267665,-0.017446621175434735,-0.06450363196125908,-0.0038762931983270968,0.025676865507373983,-0.08229804094210874,-0.1811005943209333,-0.03673783843275369,-0.16524983491085185,-0.023999559762271628,-0.04422187981510015,0.0055359894342945195,-0.11898305084745762,-0.009953775038520801,0.016700418225841954,-0.18079462909971383,0.06922298040942108,0.10572969403477878,0.14430332379484923,0.17196786264582875,-0.07685009905348889,0.12700198106977767,-0.0678120184899846,-0.0751683909311028,-0.2185560202509355,-0.12541052168170813,-0.031113801452784504,-0.1616024653312789,0.020431432973805855,0.03564604886638785,0.022839533348007923,0.11304424389170152,0.0014593880695575611,-0.09388509795289457,0.11948051948051948,-0.05939027074620295,-0.00711204050187101,0.020605326876513317,0.04315430332379485,-0.03515078142196786,0.12169051287695355,0.0027823024433193924,-0.14720669161347127,0.035648250055029716,-0.1360840854061193,-0.13013647369579573,-0.10941888619854721,-0.0673827867048206,0.016792868148800353,0.0003059652212194585,0.11724851419766674,-0.01847457627118644,0.15340303764032578,0.11192163768434955,-0.0901915034118424,0.09581774158045345,0.02798811358133392,0.06364736957957297,0.17198327096632182,-0.027373981950253135,-0.05303543913713405,0.30359013867488444,0.026614571868809157,0.08150121065375303,-0.08933744221879815,0.04136693814659916,-0.11912172573189522,-0.06315430332379485,0.015276249174554259,0.1668016729033678,0.06930882676645389,-0.14429231785163987,0.02546995377503852,0.10369799691833591,0.03445080343385428,0.045007704160246534,-0.011325115562403698,0.015617433414043584,-0.0512788906009245,0.09816420867268325,0.014611490204710543
#53,0.2130706581554039,0.09872331058771737,0.00688531807175875,0.008567026194144838,0.56016508914814,0.3507990314769976,0.20170372000880477,0.3688069557561083,0.18856482500550298,0.10824565265243231,0.14034558661677304,1.0,0.13317411402157164,0.23712084525643848,-0.2780343385428131,-0.2945498569227383,0.048498789346246976,-0.19146599163548317,-0.15285053929121725,-0.11523882896764252,-0.2601672903367819,-0.1522077922077922,0.18401716927140657,0.21066255778120185,-0.07869689632401497,0.15839313229143737,-0.05573629760070438,0.07541712524763372,-0.07831388950033018,0.24697996918335902,0.0024631300902487343,0.24707682148360113,0.18565705480959718,0.014283513097072419,0.08906229363856483,-0.03680607528065155,0.06407660136473696,-0.03826546335020911,-0.07935285053929121,0.14602025093550516,0.018430552498349108,0.036310807836231564,0.08148800352190183,0.03545674664318732,0.21658815760510675,0.1152740479859124,0.1338630860664759,0.23222980409421087,-0.11167510455646049,-0.06264142637023994,-0.08628439357252916,-0.045714285714285714,-0.1127492846136914,-0.08901826986572749,-0.23658155403918116,-0.13924499229583975,-0.30096412062513755,-0.27667400396213954,-0.14762491745542594,0.18856702619414484,0.0884107418005723,0.012692053709002862,0.4792559982390491,0.011904028175214616,-0.2023002421307506,0.04143517499449703,0.11775698877393792,0.31182698657274927,-0.04878934624697336,0.05692493946731235,0.0601188641866608,-0.18415584415584416,-0.04439577371780762,0.12219678626458287,-0.1513053048646269,-0.27143517499449704,-0.31762931983270964,-0.0238300682368479,0.007444419986792868,0.10981069777679947,-0.0150429231785164,0.36719128329297823,-0.29969403477878054,0.19852520360994938,0.4778274268104777,0.29440898084965883,0.157178076161127,0.13356812678846577,-0.07674884437596302,0.3771758749724851,0.32276469293418447,0.19165309267004182,0.2993022232005283,0.07993836671802773,0.18720228923618754,-0.09086726832489544,-0.10658155403918115,0.0526502311248074,0.06902267224301123,-0.1606449482720669,-0.05350429231785164,0.01593000220118864,0.2729605987233106,-0.08158045344486023,0.22319612590799032,-0.023072859344045786,0.10933083865287255,-0.1037112040501871,-0.08308606647589699,-0.12261941448382126,0.15842174774378165
#54,-0.2514747963900506,0.07906229363856483,0.1889654413383227,0.07391371340523883,0.221699317631521,0.34648910411622275,0.3388201628879595,0.21914813999559762,0.09174114021571649,0.4048932423508695,0.09316090688972045,0.13317411402157164,1.0,0.28635703279771074,-0.21578252256218358,-0.4339819502531367,0.21810477657935284,-0.0078032137354171255,-0.38459828307285937,-0.4215540391811578,-0.25210653753026635,-0.2133810257539071,0.09935064935064936,0.03478978648470174,-0.011549636803874093,-0.3056482500550297,0.22382126348228043,-0.025053929121725733,0.5087079022672243,0.2412722870349989,0.4748051948051948,-0.0688333700198107,0.14587717367378383,-0.11152542372881356,0.2857406999779881,-0.04794188861985472,-0.061151221659696234,-0.28811798371120406,-0.2747281532027295,-0.2773629760070438,-0.021937046004842614,-0.044525643847677744,0.07589038080563504,-0.23671582654633502,0.17322254017169272,-0.05619414483821263,0.02763812458727713,-0.04403918115782523,0.2428021131410962,0.07452124147039402,-0.09680607528065155,0.12252916574950473,0.2749570768214836,0.10081443979749065,-0.35452564384767776,-0.4662095531587057,0.18190622936385648,-0.18053709002861545,0.09510675764913053,0.04199427690953115,0.10542152762491745,0.029152542372881354,0.1364274708342505,-0.128069557561083,0.07555359894342945,0.008025533788245652,0.5936781862205591,0.20115122165969623,-0.16170372000880476,-0.140033017829628,0.15822364076601364,-0.12676645388509794,-0.11802993616552938,0.03692273827867048,0.0313383226942549,0.10668941228263262,0.05537310147479639,0.29911512216596964,0.3361831388950033,-0.22263482280431432,0.28773497688751926,0.4324851419766674,0.3837816420867268,0.27943649570768214,0.3894475016508915,0.20828747523662777,0.09286154523442659,0.21867268324895445,0.053204930662557784,0.4550011005943209,0.2007241910631741,0.15787805414924058,0.1897556680607528,0.035661457186880914,0.08300242130750606,0.1775016508914814,-0.14606867708562624,0.17553598943429452,-0.25066255778120183,-0.06401716927140656,0.21752586396654194,0.23898965441338324,-0.10932203389830508,0.18670041822584196,-0.12631741140215716,0.07094651111600264,0.06154303323794849,0.11398635263042042,-0.08803874092009685,0.22804534448602246,0.16209112920977328
#58,-0.13418225841954656,0.28983491085186003,0.245544794188862,0.06831829187761392,0.1915430332379485,0.21254237288135594,0.5324807395993837,-0.024397974906449484,0.3795465551397755,0.33626018049746864,0.2273299581774158,0.23712084525643848,0.28635703279771074,1.0,-0.1725511776359234,-0.06995377503852081,0.18608188421747743,-0.09875632841734537,-0.3753598943429452,-0.2915144177856042,-0.2945300462249615,-0.062062513757429015,-0.02534008364516839,0.1847457627118644,-0.21362095531587058,-0.1405392912172573,0.18363636363636363,0.06192383887299142,-0.023898305084745764,-0.085346687211094,0.20913273167510454,-0.02713845476557341,0.37320052828527406,0.04922077922077922,-0.07161127008584636,-0.14958837772397093,-0.22141976667400395,-0.15506493506493507,-0.22010125467752586,-0.0003896103896103896,-0.17361655293858683,-0.10390050627338764,-0.1061369139335241,-0.0449108518600044,0.13088487783403038,-0.02807175874972485,0.28978648470173896,0.2927712965001101,0.28865947611710324,0.16178516398855383,0.13309487123046446,0.15524763372220998,0.12936385648250054,-0.02972705260840854,-0.32773717807616115,-0.3985230024213075,-0.07578472375082544,-0.37423508694695135,0.25610169491525425,0.10647589698437156,0.0832621615672463,0.1431983270966322,0.15761171032357474,0.17898965441338321,-0.14196786264582875,-0.08930662557781202,0.4502509355051728,0.49164648910411624,-0.11677085626238169,0.07061633281972265,0.17604886638784945,0.01864406779661017,-0.13926040061633282,-0.005599823904908651,-0.32018710103455866,-0.16033898305084746,-0.1930640545894783,0.022243011226062072,0.21343825665859564,-0.07769975786924939,0.18594320933303984,0.44691173233546116,-0.004618093770636144,0.24745102355271847,0.07921417565485363,0.1658727712965001,0.12366057671142416,0.07548095971824785,-0.004422187981510016,0.1469205370900286,0.1014439797490645,0.2417125247633722,0.11589478318291878,0.09609509134932864,0.008252256218357913,0.09583975346687211,-0.16579572969403478,0.2798833370019811,0.05799251595861765,0.06116222760290557,0.3008320493066256,0.2750099053488884,-0.08666519920757208,0.36556020250935506,0.3152784503631961,0.21146158925819944,0.29709663218137794,-0.05086506713625358,-0.1051221659696236,0.23548095971824787,0.18051067576491306
#101,0.017173673783843275,0.07972044904248295,-0.19693374422187981,-0.12655513977547875,-0.34574510235527184,-0.37169931763152103,-0.1286550737398195,-0.08217697556680607,0.12251595861765353,-0.055921197446621176,-0.0525511776359234,-0.2780343385428131,-0.21578252256218358,-0.1725511776359234,1.0,0.40602245212414706,-0.15354831609068897,0.055157384987893465,0.517112040501871,-0.07725511776359234,0.6426876513317191,-0.12022011886418667,-0.43099053488884,-0.44030596522121945,0.09206251375742901,-0.3533766233766234,-0.11067576491305305,-0.46252916574950476,0.01584635703279771,-0.14925379705040723,-0.4093528505392912,-0.10440237728373322,-0.31818401937046004,0.10964560862865948,-0.15154523442659035,0.007189082104336342,-0.018318291877613913,0.2806185340083645,0.030845256438476777,-0.12314990094651111,-0.054946070878274265,-0.030211314109619195,-0.06098833370019811,0.3439423288575831,-0.08063174114021572,-0.3150231124807396,-0.3838256658595642,-0.32276469293418447,-0.026004842615012107,-0.0038102575390710986,0.079702839533348,-0.12467092229804094,-0.2661523222540172,-0.27607968302883557,0.4489302223200528,0.04179396874312129,0.24355271846797272,0.08009465111160026,-0.17325996037860444,-0.4851287695355492,-0.386682808716707,-0.33163768434954877,-0.16341404358353512,0.06975346687211094,-0.07118423948932423,-0.20348888399735857,-0.19395773717807616,-0.22208892802113142,0.3787827426810478,0.3382390490865067,0.1736319612590799,0.1887805414924059,0.13705701078582436,-0.3293198327096632,-0.2780629539951574,-0.2288531807175875,-0.06811358133392031,-0.3503830068236848,0.29463570327977107,-0.06474136033458068,-0.08093990755007704,-0.4740083645168391,0.029112920977327757,0.1710873871890821,-0.2659718247853841,-0.34949372661237066,-0.22881796169931762,-0.3768214836011446,-0.07935064935064935,-0.42280211314109617,-0.5305635042923178,-0.25632621615672463,-0.5770636143517499,0.03517059211974466,-0.21140215716486904,0.1754325335681268,-0.2954963680387409,-0.3551265683469073,-0.26979528945630643,0.02153202729473916,-0.39588157605106755,-0.44579132731675103,-0.16,-0.12252696456086287,-0.09179616993176315,-0.1792692053709003,-0.22823464670922297,-0.24138234646709222,-0.1736451683909311,0.1985890380805635,-0.21385208012326656
#102,0.007301342725071539,-0.013088267664538852,-0.0724983491085186,-0.08566365837552278,-0.43702619414483823,-0.3326084085406119,-0.2999229583975347,-0.3619766674003962,-0.07580893682588598,-0.38650231124807394,-0.09108298481179837,-0.2945498569227383,-0.4339819502531367,-0.06995377503852081,0.40602245212414706,1.0,-0.08353510895883777,0.17651111600264144,0.3748998459167951,0.35532907770195904,0.405049526744442,0.3564538850979529,-0.12086286594761171,-0.1411798371120405,0.2982456526524323,0.12043583535108959,-0.08159366057671143,-0.2847721769755668,-0.20172793308386527,-0.14021351529826107,-0.31123486682808715,0.028089368258859784,-0.0887871450583315,0.39153863086066476,-0.36890821043363414,0.0006603565925599824,0.214125027514858,0.4301276689412283,0.48301122606207353,0.3356944750165089,0.12140876073079462,-0.0774950473255558,-0.11036759850319172,0.2929561963460269,-0.1443429451904028,-0.035091349328637465,-0.12629980189302223,-0.16046445080343386,0.0035174994497028395,-0.16773497688751926,0.1295641646489104,-0.3185428131190843,-0.3728153202729474,-0.13569227382786705,0.3766431873211534,0.5076755447941889,0.007041602465331279,0.17805414924058993,-0.22626458287475237,-0.3302773497688752,-0.22796169931763152,-0.27336561743341403,-0.2691019150341184,0.05639885538190623,0.1311600264142637,0.022659035879374862,-0.20035879374862425,-0.25255337882456524,0.3244838212634823,0.20548756328417345,0.007411402157164869,0.20784063394232885,0.03667400396213955,-0.25202729473915914,-0.057076821483601145,-0.18111820383006824,-0.09646929341844596,-0.30440898084965884,0.01158265463350209,0.2902817521461589,-0.31368919216376845,-0.4425731895223421,-0.2133766233766234,-0.1300858463570328,-0.4521439577371781,-0.4084965881576051,-0.1702905569007264,-0.3806075280651552,0.059414483821263485,-0.4465661457186881,-0.21546775258639667,-0.3254831609068897,-0.3117961699317632,-0.22948051948051948,-0.30876953554919656,0.1185230024213075,0.20982610609729255,-0.23483601144618094,0.017550077041602465,0.026143517499449702,-0.3287497248514198,-0.24847457627118644,-0.19301782962799913,-0.07892802113141097,-0.006313009024873432,-0.1027426810477658,-0.06104996698217037,-0.3003411842394893,-0.14667620515078142,-0.1338895003301783,-0.4518247853841074
#201,0.03865067136253577,0.06542593000220119,0.2751111600264143,0.12543033237948492,-0.07,0.3261435174994497,0.00887739379264803,-0.009621395553598944,-0.04035219018269866,0.18327316751045564,0.12093770636143518,0.048498789346246976,0.21810477657935284,0.18608188421747743,-0.15354831609068897,-0.08353510895883777,1.0,0.25240149680827645,-0.11093330398415144,-0.20254677525863968,-0.2566453885097953,-0.18019370460048426,0.11591019150341184,0.026960158485582215,-0.0735857362976007,0.06936825885978429,0.1896896324014968,0.044800792427911074,0.22329297820823243,0.35322694254897646,0.23120845256438477,0.21781862205591018,0.23707682148360115,0.21431432973805856,0.08371340523882896,0.15558441558441558,0.008016729033678185,0.04583755227823024,0.03629099713845477,0.13299581774158045,0.14487563284173455,0.2940986132511556,-0.2550759410081444,0.20581994276909532,-0.2488003521901827,-0.0462359674224081,0.3036055469953775,0.27575170592119747,0.2857076821483601,0.04742460928901607,0.21285053929121725,0.013064054589478319,0.1782984811798371,-0.092590799031477,-0.2003367818622056,-0.09684789786484702,-0.37332599603786043,-0.3874378164208673,-0.006658595641646489,-0.025271846797270524,-0.10597182478538411,0.08049746863306186,0.0822408100374202,-0.04351089588377724,0.3514571868809157,0.0963416244772177,0.08302223200528286,0.049925159586176535,0.0562623816861105,-0.1333964340744002,0.2551463790446841,0.16919876733436057,-0.04195905789126128,-0.14431432973805855,-0.2294342945190403,-0.1909289016068677,-0.14448162007484042,-0.11962359674224081,0.14289896544133832,0.1245674664318732,0.08606647589698437,0.07536649790887079,0.15566585956416465,0.07279110719788685,0.1417081223860885,-0.005566806075280651,-0.1165133171912833,0.21274488223640767,0.20389830508474577,0.08077701959057891,0.0225775918996258,0.039134932863746426,-0.0664538850979529,0.023266563944530045,0.18795949812898965,0.2396390050627339,0.15193484481620076,0.565610829848118,0.3470394012766894,0.3808826766453885,0.23046004842615012,0.4313075060532688,0.07456746643187322,0.28987233105877175,0.2509289016068677,0.3592978208232446,0.27865287255117765,-0.08060312568787145,-0.1677657935285054,-0.053389830508474574,0.12355491965661457
