,#10,#11,#12,#13,#17,#18,#26,#49,#50,#51,#52,#53,#54,#58,#101,#102,#201,#202,#301,#302,#401,#402,#501,#502,#601,#602,#701,#702,#801,#802,#901,#902,#1001,#1002,#1101,#1102,#1201,#1202,#1301,#1302,#1401,#1402,#1501,#1502,#1601,#1602,#1701,#1702,#1801,#1802,#1901,#1902,#2001,#2002,#2101,#2102,#2201,#2202,#2301,#2302,#2401,#2402,#2501,#2502,#2601,#2602,#2701,#2702,#2801,#2802,#2901,#2902,#3001,#3002,#3101,#3102,#3201,#3202,#3301,#3302,#3401,#3402,#3455,#3501,#3502,#3601,#3602,#3701,#3702,#3801,#3802,#3901,#3902,#4001,#4002,#4101,#4102,#4201,#4202,#4301,#4302,#4401,#4402,#4501,#4502,#4601,#4602,#4701,#4702,#4801,#4802
#10,1.0,0.4136055469953775,0.3891305304864627,0.47040281752146157,-0.03246313009024873,-0.08962359674224081,0.10254017169271407,0.4406779661016949,0.1650231124807396,0.3512854941668501,0.1740677966101695,0.17170592119744663,-0.1252674444199868,-0.0032203389830508474,-0.16796390050627338,-0.1836451683909311,0.38191723530706584,0.025485362095531587,-0.13164428791547436,0.10915914593880696,-0.18207131851199648,-0.14321813779440898,0.1335923398635263,0.21051948051948052,-0.13072859344045784,0.1373563724411182,-0.06183799251595862,-0.026594761171032356,-0.005806735637244112,0.18883557120845257,0.014576271186440677,-0.05343825665859564,0.10899625797930883,-0.15698877393792648,-0.03390710983931323,0.1099867928681488,-0.26379484921857804,-0.22607748184019372,-0.11025753907109839,-0.25184679727052606,0.16095311468192824,0.2311071978868589,0.0007726172132951794,0.11319832709663218,-0.03519920757208893,-0.2538256658595642,0.23052608408540612,0.05270746202949593,0.10400616332819723,0.11494827206691613,0.1764208672683249,-0.053590138674884435,0.13949372661237067,0.021917235307065814,-0.26282412502751484,-0.09017609509134933,-0.14460268545014307,-0.1304600484261501,-0.04304644508034339,-0.10567026194144838,-0.05388729914153643,0.006830288355712084,-0.0043077261721329516,-0.017937486242570987,0.10779000660356593,0.23435395113361215,-0.07232005282852741,0.11882236407660136,0.012099933964340745,0.08174114021571649,0.16271186440677965,0.1854259300022012,-0.10115562403697997,-0.012722870349988993,-0.22137574290116663,-0.16316310807836232,-0.1311336121505613,-0.07958617653532908,-0.2882874752366278,0.16044904248294078,0.07237068016729034,0.08563944530046225,,-0.00275148580233326,0.18549196566145718,-0.0174290116662998,0.030198106977767994,0.23346467092229803,0.11130530486462689,0.14887079022672242,-0.06543913713405239,0.015064935064935066,-0.08056130310367599,-0.0512392692053709,-0.015412722870349988,-0.087805414924059,0.15138014527845037,0.18080343385428133,0.3464913053048646,0.31981730134272507,0.23188421747743782,-0.0961567246313009,0.05564604886638785,0.3215034118423949,0.36177856042262824,0.3235086946951354,0.22805635042923178,0.04105657054809597,-0.040832049306625574,-0.05850759410081444,-0.08178956636583755
#11,0.4136055469953775,1.0,0.25283733215936605,0.27846797270526086,-0.13850539291217256,0.046335020911292095,0.3642725071538631,0.24566145718688093,0.33915254237288134,0.3261853400836452,0.2344155844155844,-0.10681488003521902,-0.041543033237948494,0.0412128549416685,-0.1042460928901607,0.04951573849878935,0.1833546114902047,0.04383226942548976,0.054554259300022015,0.19010565705480958,-0.1464076601364737,-0.16194144838212635,-0.09240149680827647,-0.022637023992956196,-0.07035659255998239,0.02745102355271847,-0.07365617433414044,0.06356152322254018,-0.07432093330398415,-0.04307506053268765,0.0028769535549196565,-0.045707682148360115,0.07375963020030817,0.005980629539951574,0.08088267664538851,0.007873651771956857,-0.03157384987893463,-0.05952674444199868,0.06022232005282853,-0.04146599163548316,0.10788906009244992,0.10420427030596523,-0.15191723530706583,0.057147259520140874,-0.2020911292097733,-0.21457186880915693,-0.04677305745102355,-0.03579352850539291,0.07467532467532467,-0.02090909090909091,0.08060972925379704,0.007783403037640326,0.05743121285494167,0.01548316090688972,-0.23716707021791766,-0.042077922077922075,-0.10257539071098393,-0.19840633942328859,-0.135775918996258,-0.03924279110719789,-0.12820823244552057,-0.1000132071318512,-0.01300462249614792,0.015498569227382786,0.2914373761831389,-0.06534008364516838,-0.010198106977767995,0.15364296720228923,0.001038961038961039,0.016095091349328638,0.117673343605547,0.20080343385428132,0.11854281311908431,-0.04318732115342285,0.029511336121505614,0.03794188861985472,-0.1299471714725952,-0.15425269645608627,-0.2692802113141096,0.1291833590138675,0.0038674884437596303,-0.11171252476337222,,-0.07448822364076602,-0.07924058991855602,-0.033229143737618316,-0.18417565485362095,0.06341184239489324,0.10804094210873871,-0.07797490644948273,-0.2560180497468633,-0.23644287915474357,-0.11249614791987674,-0.08314769975786925,-0.15880475456746643,-0.019029275808936826,0.061976667400396215,0.04205591019150341,0.24567906669601586,0.05176755447941889,0.16021351529826106,0.11298040942108739,0.043845476557340966,0.18674224081003743,0.23600044023772837,0.06470834250495268,0.26173233546114905,-0.1108496588157605,0.057926480299361656,-0.09049086506713626,-0.12486902927580894
#12,0.3891305304864627,0.25283733215936605,1.0,0.3821703720008805,0.025971824785384106,0.1027030596522122,0.37196786264582876,0.0004776579352850539,0.0838168611049967,0.2871736737838433,0.1323530706581554,-0.03834470614131631,-0.03254897644728153,-0.012372881355932203,-0.28805855161787364,-0.11082544574069998,0.3351221659696236,0.5949988994056791,-0.19563944530046226,-0.14044684129429894,-0.29408320493066253,-0.07469513537310148,-0.004692934184459608,-0.12252916574950473,-0.07955756108298481,-0.10089588377723971,-0.007120845256438477,0.2576667400396214,0.19820823244552058,0.16033017829628,0.13241470394012766,0.2910785824345146,0.21390710983931324,0.022075720889280212,-0.3138762931983271,-0.06918996257979308,-0.34372000880475456,-0.22897424609289016,-0.09127448822364076,-0.20770856262381687,-0.0030112260620735196,0.16201408760730795,-0.31716266784063396,-0.18208452564384767,-0.2177922077922078,-0.3333898305084746,0.14399295619634603,0.31651551837992514,0.1024191063174114,0.2924455205811138,0.12438036539731455,0.10605546995377504,0.2528813559322034,0.18113801452784503,-0.03806075280651552,-0.11953334800792428,-0.21837772397094432,-0.39228923618754125,-0.027270526084085405,0.07187321153422849,0.12532907770195906,0.24354831609068897,-0.10235307065815541,0.05792427911071979,0.4271142416905129,0.04527624917455426,-0.05093990755007704,0.22554919656614572,0.012031697116442879,-0.011047765793528506,0.38514637904468413,0.14967862645828747,-0.0688465771516619,0.09368699097512657,-0.29153642967202287,-0.0436253576931543,0.05882456526524323,0.10160466651992076,-0.0815166189742461,0.12128109178956636,-0.0836847897864847,-0.019029275808936826,,-0.3393528505392912,0.00487343165309267,0.1758991855602025,0.10749064494827207,0.14517719568567025,0.07570327977107638,-0.21628659476117104,-0.2571318511996478,-0.23075500770416024,-0.18274488223640767,-0.016544133832269426,0.028567026194144838,0.23526084085406118,-0.024924058991855604,0.20384767774598284,0.4092956196346027,0.16381906229363857,0.2541338322694255,0.4353664979088708,0.3509024873431653,0.34389170151882015,0.3166585956416465,0.18232445520581114,0.3048117983711204,0.13929341844596083,-0.23494166850099055,0.06531587057010786,-0.05576271186440678
#13,0.47040281752146157,0.27846797270526086,0.3821703720008805,1.0,-0.04699097512656835,-0.14838432753686992,0.17865287255117765,0.07670922298040943,-0.12374642306845697,0.41835571208452565,0.1933083865287255,0.21651111600264142,-0.11223200528285274,0.2414241690512877,-0.0949702839533348,0.08430332379484921,0.4980145278450363,0.22217257318952235,-0.0537244111820383,0.08761831388950032,-0.20613251155624038,-0.20303103675985032,-0.005300462249614792,0.021873211534228484,-0.10302003081664099,0.13344045784723751,-0.035740699977988115,0.07242130750605327,-0.17035439137134054,0.2917807616112701,-0.1765441338322694,0.17088047545674664,0.2534602685450143,0.16753246753246753,-0.06965881576051068,0.1465199207572089,-0.11999779881135814,0.05138234646709223,0.035941008144397976,0.052102135152982613,0.07793088267664539,0.15095091349328638,-0.08660136473695795,-0.07294959278010126,-0.14851860004402379,-0.10263482280431432,0.19432093330398414,0.2151353731014748,-0.013664979088707903,0.047926480299361654,-0.02177856042262822,-0.18802993616552938,-0.06228923618754127,-0.32062293638564826,-0.04346467092229804,-0.14416244772176975,-0.08079242791107198,-0.05563284173453665,0.12458067356372442,-0.03308166409861325,0.08821043363416245,0.07220338983050847,0.22332159366057672,0.20809156944750165,0.11367378384327537,0.13008364516839094,0.09737178076161127,0.2215826546335021,0.06913053048646269,0.18288355712084525,0.14040281752146158,0.12840193704600483,-0.18308606647589698,-0.11319172353070658,-0.3122474136033458,-0.2974488223640766,-0.22629760070438038,-0.028848778340303763,-0.11682148360114462,0.2831587057010786,-0.12533788245652652,-0.14940788025533788,,-0.07974686330618534,0.04582654633502091,0.1067048206031257,-0.031206251375742903,0.02403037640325776,0.2862095531587057,0.06391151221659697,-0.16794629099713845,-0.2124125027514858,-0.038003521901826987,0.1834690732995818,0.16712304644508033,-0.2366101694915254,0.20861765353290776,0.0137310147479639,0.20773497688751927,-0.01569227382786705,0.010887079022672243,-0.007935285053929122,0.23854721549636804,0.17532907770195905,0.19828967642526965,0.14380585516178737,0.28856042262821924,0.10182918776139115,0.04679506933744222,0.16396874312128548,0.12700198106977767
#17,-0.03246313009024873,-0.13850539291217256,0.025971824785384106,-0.04699097512656835,1.0,0.19508694695135373,0.19497908870790226,0.1199471714725952,0.0816354831609069,0.12322033898305085,-0.08274047985912393,0.540810037420207,0.1597754787585296,0.1954105216817081,0.026656394453004623,-0.022982610609729254,0.1421175434734757,0.11648250055029716,-0.09504072198987454,-0.08628439357252916,-0.24190182698657275,0.007528065155183799,-0.12083204930662558,0.08603345806735638,-0.1592868148800352,0.060281752146158926,0.12117103235747304,0.09808496588157604,0.10861325115562404,0.06510015408320494,0.18685890380805634,-0.02960378604446401,0.14813339203169712,0.13893462469733656,-0.16381465991635483,-0.1374950473255558,-0.08655734096412063,0.02272507153863086,-0.1287541272287035,0.10155183799251596,0.016583755227823023,-0.12759189962579792,-0.039630200308166406,0.20319612590799033,0.07939907550077041,0.1610675764913053,0.1083777239709443,-0.012667840633942329,0.2131300902487343,0.06983711204050187,0.10587717367378384,0.20714946070878273,0.18036539731454987,0.13901606867708563,-0.05801672903367819,-0.22371340523882896,-0.07250935505172794,-0.14126128109178956,-0.06368699097512656,0.042020691173233544,-0.1976007043803654,-0.2514307726172133,0.06540171692714065,0.14013427250715385,-0.11943209333039842,0.08241910631741141,0.10878494386968963,0.04714065595421527,-0.08166629980189302,-0.07517279330838653,-0.10450363196125909,-0.059456306405458945,-0.00911071978868589,0.14237508254457407,-0.22162007484041382,-0.29613471274488223,-0.23368919216376843,-0.21886418666079682,0.11310807836231565,-0.005141976667400397,0.19651551837992515,0.26405679066696014,,0.15030376403257759,0.26903367818622054,0.10804094210873871,-0.22900726392251816,0.38655734096412064,0.18286594761171032,0.19897424609289016,0.07749284613691393,0.0888861985472155,-0.05155183799251596,-0.01596522121945851,-0.1362755888179617,0.04767554479418886,-0.06325335681267885,0.048890600924499227,-0.07329958177415805,0.05698657274928461,0.22135593220338984,0.20943649570768214,0.20161347127448823,0.08069557561082985,0.05965881576051068,0.09706801672903367,0.11889720449042483,-0.1890182698657275,-0.1382214395773718,-0.11045564604886639,-0.17429231785163987
#18,-0.08962359674224081,0.046335020911292095,0.1027030596522122,-0.14838432753686992,0.19508694695135373,1.0,0.1547655734096412,0.04581554039181158,0.1286352630420427,-0.002073519700638345,0.06475456746643188,0.2771186440677966,0.39625137574290115,-0.11044243891701519,-0.0897754787585296,-0.12238388729914154,0.06152762491745543,0.018844375963020032,0.16202729473915914,-0.13509134932863748,-0.12908870790226723,0.023519700638344705,-0.07352410301562844,0.05355712084525644,-0.041831388950033015,-0.08091129209773278,0.15459828307285933,-0.022163768434954875,0.31603565925599825,-0.07730134272507154,0.3797094430992736,-0.0339225181598063,0.017252916574950473,-0.07667840633942329,-0.08049086506713625,-0.20572088928021132,-0.006640986132511556,-0.07359454105216817,0.1438036539731455,0.006376843495487563,-0.06318732115342285,-0.16056790666960158,-0.1895113361215056,0.0036583755227823024,0.003385428131190843,0.09740039621395553,0.017946290997138455,-0.04409641206251376,0.13899625797930884,0.08152542372881356,0.1503235747303544,0.3103874092009685,0.19165969623596743,0.28893022232005283,-0.026097292537970503,0.14848558221439578,-0.11591019150341184,-0.0814968082764693,-0.15863966541932645,0.03510455646048866,-0.338003521901827,-0.3201760950913493,-0.0809090909090909,0.06924279110719789,0.1526436275588818,-0.11040721989874533,0.06585736297600704,0.2346335020911292,0.08583314990094651,-0.07822364076601365,0.20802553378824565,-0.0638036539731455,0.27810477657935284,0.19566365837552277,-0.043805855161787366,-0.07631741140215717,-0.25077041602465333,-0.2101716927140656,0.12858463570327977,-0.01669161347127449,0.4351375742901167,0.10887519260400616,,0.00611930442438917,0.03825225621835791,-0.20090468853180718,-0.15339203169711643,0.16714725952014087,0.22594100814439796,-0.18319392471934845,-0.019790887079022674,0.16313229143737618,-0.12412722870349989,-0.045643847677745986,-0.1582060312568787,0.04016068677085626,-0.09876513317191284,-0.05471274488223641,-0.0915628439357253,-0.10884877834030376,0.17105657054809598,0.15681267884657715,-0.06227382786704821,-0.031380145278450365,0.03764913053048646,-0.19369359454105217,-0.000662557781201849,-0.38168390931102797,-0.07022672243011226,-0.2690248734316531,-0.330561303103676
#26,0.10254017169271407,0.3642725071538631,0.37196786264582876,0.17865287255117765,0.19497908870790226,0.1547655734096412,1.0,-0.04985031917235307,0.08281972265023113,0.3796434074400176,0.3528417345366498,0.10692273827867048,-0.004314329738058551,0.20773717807616113,-0.1713911512216597,0.004133832269425489,0.23299581774158046,0.30259300022011887,-0.07676205150781422,0.004805194805194805,-0.2218798151001541,0.04314109619194365,-0.2595509575170592,-0.22570548095971824,-0.09071098393132292,-0.021296500110059433,-0.07294739159145938,0.06523882896764252,0.026973365617433413,0.24225841954655514,0.14696676205150783,0.38099053488884,0.13670041822584195,0.4524477217697557,-0.10851199647809817,0.05935064935064935,-0.07666299801893023,0.22854061193044245,0.04086286594761171,0.18617433414043583,0.1691767554479419,0.0901254677525864,-0.21690512876953555,0.06453004622496147,-0.11767774598283073,-0.02526304204270306,-0.17884437596302002,-0.1910477657935285,0.11880695575610829,0.3019128329297821,0.1163218137794409,0.16086726832489545,0.177871450583315,0.10519260400616333,-0.1063152102135153,0.06066255778120185,-0.005976227162667841,-0.08338322694254897,0.08581554039181158,0.21423508694695134,-0.025260840854061193,-0.04023992956196346,0.03761831388950033,0.3403147699757869,0.03769535549196566,-0.015436935945410521,0.06168611049966982,0.32918335901386747,0.0575214615892582,0.09800132071318512,0.07655293858683689,0.09401276689412283,-0.04114241690512877,-0.03239049086506714,-0.057554479418886195,-0.02221219458507594,-0.1127823024433194,-0.2023200528285274,0.03972485141976667,0.1783645168390931,-0.06976887519260401,-0.027455425930002202,,-0.1437970504072199,0.03649130530486463,0.053405238828967645,0.013475676865507375,0.15703499889940567,0.2538476777459828,-0.3334558661677306,-0.05830948712304645,-0.30635703279771076,-0.10585075941008144,-0.0007418005723090469,-0.0112326656394453,0.12060092449922959,0.03581994276909531,-0.05075280651551838,0.1257605106757649,-0.06591899625797931,0.09377283733215937,0.24116442879154742,0.3962425709883337,0.2076205150781422,0.14416905128769536,-0.04483381025753907,0.23757208892802112,-0.1138961038961039,-0.17519260400616332,0.002425709883337002,-0.12329077701959058
#49,0.4406779661016949,0.24566145718688093,0.0004776579352850539,0.07670922298040943,0.1199471714725952,0.04581554039181158,-0.04985031917235307,1.0,0.6236165529385869,0.15508694695135372,0.16776799471714726,0.270462249614792,-0.010464450803433854,0.04695135373101475,-0.09293418445960819,-0.2915232225401717,0.013535108958837772,-0.325313669381466,-0.04860444640105657,-0.021930442438917015,-0.16101034558661678,-0.07691393352410301,0.13513977547875852,0.34039841514417785,-0.10931763152102135,0.25259960378604446,0.17213955535989434,0.13449482720669162,0.1321351529826106,-0.015698877393792648,0.3030046224961479,-0.5345916795069338,-0.11990534888839974,-0.20467532467532468,-0.10661457186880915,-0.09737398195025314,-0.08901606867708563,-0.30745762711864405,-0.005679066696015848,-0.1425181598062954,0.12900946511116002,-0.06335020911292098,0.23281972265023113,0.3088465771516619,-0.01290116662998019,-0.06015408320493066,0.14798371120405018,0.05692493946731235,0.2055183799251596,0.2650363196125908,0.17336561743341405,0.16253356812678846,0.24853180717587497,0.22644728153202728,-0.09441558441558441,0.05360554699537751,-0.09542152762491746,-0.16156064274708343,-0.376814880035219,-0.2283799251595862,-0.35523882896764253,-0.33301342725071537,0.12796830288355712,0.030955315870570106,0.24074180057230904,-0.05534668721109399,0.159933964340744,0.07889720449042482,-0.09851860004402377,-0.08655513977547875,0.0760576711424169,-0.06480519480519481,0.08602685450143077,0.010200308166409862,-0.07431873211534229,-0.15961038961038962,-0.20010345586616773,-0.22639885538190624,-0.2021505613031037,-0.027750385208012325,0.25143297380585516,0.18392471934844817,,0.5584635703279771,0.30659476117103235,-0.1762755888179617,-0.20463130090248735,0.1533149900946511,0.19611490204710544,0.32721549636803876,0.12475896984371561,0.11315210213515298,-0.2148448162007484,-0.3069601584855822,-0.295643847677746,-0.07638784943869689,0.17167950693374423,0.0935593220338983,0.15976447281532027,0.3552674444199868,0.2833568126788466,-0.1449900946511116,-0.2819788685890381,0.1663086066475897,0.192821923838873,0.17388509795289456,0.21267224301122606,-0.23662337662337662,-0.03696235967422408,-0.3710345586616773,-0.2920559101915034
#50,0.1650231124807396,0.33915254237288134,0.0838168611049967,-0.12374642306845697,0.0816354831609069,0.1286352630420427,0.08281972265023113,0.6236165529385869,1.0,0.07495487563284173,0.09139555359894343,-0.026552938586836893,-0.10932863746423069,0.10730794629099714,-0.1454589478318292,-0.3014109619194365,-0.13158265463350208,-0.017572088928021132,-0.02264802993616553,-0.1344772176975567,-0.18537310147479638,-0.10878274268104776,0.02517059211974466,0.1995905789126128,-0.06254897644728154,-0.0008628659476117103,0.09370680167290336,0.11876293198327097,0.04647149460708783,-0.11456526524323135,0.1848712304644508,-0.32416905128769535,0.09094210873871891,-0.15545894783182918,-0.20552058111380145,-0.10785604226282193,-0.033792648029936166,-0.3174950473255558,-0.06455646048866388,-0.05559762271626678,0.011725731895223421,-0.015111160026414263,0.24272727272727274,0.21246973365617433,-0.25331058771736736,-0.08701738939027075,0.0563548316090689,0.03618754127228704,0.26144838212634824,0.18457406999779882,0.029366057671142417,0.23478758529605986,0.20366938146599164,0.360363196125908,-0.04814219678626458,0.015943209333039842,-0.12849878934624698,-0.18231344926260182,-0.4131036759850319,-0.04907109839313229,-0.3232907770195906,-0.1861831388950033,-0.08782742681047766,-0.12644948272066917,0.34542152762491746,-0.13039181157825225,0.08812018489984591,0.0651551837992516,-0.1515496368038741,-0.2614703940127669,0.12040942108738718,-0.039779881135813336,0.16398635263042044,0.21203830068236848,0.011879815100154083,0.026387849438696896,-0.004809597182478538,-0.07871890821043363,-0.15185340083645169,-0.09832049306625577,0.09879815100154084,-0.020570107858243453,,0.33435395113361216,0.08141316310807836,-0.011767554479418886,-0.12278230244331939,0.01830508474576271,0.15399735857362976,0.14187981510015407,0.08656614571868809,-0.10315650451243671,-0.14489324235086948,-0.3346092890160687,-0.32688531807175875,0.27674884437596303,0.04901826986572749,0.17216376843495487,0.1713185119964781,0.11588377723970944,0.27088707902267223,0.06684789786484702,-0.04974906449482721,0.12044243891701518,0.16056350429231786,0.09192604006163328,0.17945630640545895,-0.18607307946290996,-0.20426590358793748,-0.3657384987893462,-0.30511556240369797
#51,0.3512854941668501,0.3261853400836452,0.2871736737838433,0.41835571208452565,0.12322033898305085,-0.002073519700638345,0.3796434074400176,0.15508694695135372,0.07495487563284173,1.0,0.13915474356152321,0.2672969403477878,-0.10118423948932423,0.21536429672022891,-0.2228747523662778,-0.24324455205811138,0.3163548316090689,0.157838432753687,-0.20503191723530706,-0.2114968082764693,-0.4806713625357693,-0.08436935945410522,-0.022256218357913273,0.07872991415364297,-0.04882896764252696,0.06621395553598944,0.08476117103235747,0.19638344706141317,-0.13068016729033677,0.16660136473695797,0.07178956636583755,0.19371560642747082,0.1610873871890821,0.34760290556900725,-0.006425269645608629,0.11682148360114462,-0.10196125907990315,-0.021331719128329298,-0.0499933964340744,-0.07503411842394893,0.1175148580233326,0.04653312788906009,0.06442659035879375,0.07103675985031917,0.1394254897644728,-0.018146599163548317,0.24205370900286155,0.13608628659476116,0.22630640545894784,0.1780871670702179,0.224884437596302,0.011034558661677307,0.11763592339863527,-0.1150891481399956,-0.22829407880255337,-0.12459388069557562,0.07052828527404799,-0.044001760950913495,0.14379925159586177,0.06711424169051287,-0.0017169271406559542,-0.10154523442659036,0.13985912392692054,0.185511776359234,0.025326876513317192,0.06719568567026195,-0.052837332159366056,-0.10522782302443319,-0.0936583755227823,-0.03559542152762492,0.013713405238828968,0.04215056130310368,-0.03204270305965221,-0.14662998018930223,-0.1836517719568567,-0.10162667840633942,-0.14582214395773718,-0.03594320933303984,-0.10308606647589698,0.08764692934184459,-0.27869689632401495,-0.03154523442659036,,-0.1184437596302003,0.14728153202729474,-0.0049350649350649355,-0.03732995817741581,0.2809355051727933,0.12546335020911292,0.09556460488663879,0.0375346687211094,0.04380145278450363,0.084818401937046,0.22855822143957738,0.04734756768655074,-0.15493286374642307,0.14235086946951353,0.28065375302663437,0.42979308826766455,0.19196125907990313,0.33014087607307946,-0.0286484701738939,0.17847237508254457,0.36174114021571646,0.4407241910631741,0.42604006163328195,0.40515738498789344,0.1086880915694475,-0.18792207792207793,0.06928461369139335,0.06877613911512216
#52,0.1740677966101695,0.2344155844155844,0.1323530706581554,0.1933083865287255,-0.08274047985912393,0.06475456746643188,0.3528417345366498,0.16776799471714726,0.09139555359894343,0.13915474356152321,1.0,-0.04069337442218798,0.1004424389170152,0.20102135152982611,-0.09324675324675324,-0.17907550077041604,0.17754787585296058,0.03613911512216597,-0.04166629980189302,0.060334580673563724,0.03140215716486903,0.02410741800572309,0.10391371340523883,-0.13188861985472156,-0.09186660796830289,0.06177195685670262,0.005241030156284393,-0.07950693374422188,-0.01794849218578032,-0.031558441558441556,-0.055628439357252916,-0.04644508034338543,0.0002685450143077262,0.03635923398635263,0.14548756328417345,-0.02230464450803434,0.049768875192604006,0.019627999119524543,0.31127668941228265,0.03540391811578252,0.1647985912392692,0.0388003521901827,0.08755888179616993,0.12018489984591679,-0.1650099053488884,-0.07517939687431213,-0.24826986572749285,-0.14447941888619856,-0.015857362976007042,0.20616773057451024,0.0698415144177856,0.09066255778120184,0.06424169051287695,0.10539071098393132,0.0018423948932423508,0.043398635263042044,0.02352410301562844,0.032053709002861544,0.008780541492405898,0.11382566585956416,-0.03275588817961699,-0.08745982830728594,-0.0006471494607087827,0.012110939907550078,-0.0864472815320273,0.00017389390270746203,0.020508474576271186,0.017684349548756327,-0.008782742681047766,0.15767114241690514,-0.045036319612590796,-0.012912172573189523,-0.07476997578692494,0.023812458727712964,0.07853620955315871,-0.05325115562403698,-0.2565969623596742,-0.3766123706801673,0.01849438696896324,-0.012962799911952455,0.049936165529385866,0.16470394012766895,,-0.03890821043363416,0.07405679066696016,-0.03212414703940128,-0.03678186220559102,0.05653312788906009,0.1536451683909311,-0.06552058111380145,-0.03090909090909091,-0.0997160466651992,-0.1509311027955096,-0.05229583975346687,-0.04745762711864407,0.12065595421527625,-0.058236847897864846,-0.21992956196346028,0.058536209553158705,0.010325775918996258,-0.05438036539731455,0.09373321593660577,0.03714725952014088,0.1997490644948272,0.1437310147479639,-0.07812678846577152,0.09951793968743121,-0.04601364736957957,-0.1834404578472375,-0.1252542372881356,-0.13861325115562403
#53,0.17170592119744663,-0.10681488003521902,-0.03834470614131631,0.21651111600264142,0.540810037420207,0.2771186440677966,0.10692273827867048,0.270462249614792,-0.026552938586836893,0.2672969403477878,-0.04069337442218798,1.0,0.3723992956196346,0.28182918776139115,-0.08635042923178517,-0.1288928021131411,0.22176315210213515,0.06935725291657495,-0.0015518379925159587,-0.1673035439137134,-0.39983270966321816,-0.07732775698877394,0.0033303984151441778,0.20275148580233326,-0.3550363196125908,0.1494210873871891,0.11507814219678626,0.028100374202069116,0.06561743341404358,0.37157164869029274,0.40798151001540833,0.009172353070658156,0.06911292097732775,0.027349768875192602,-0.149900946511116,-0.022826326216156725,-0.00888399735857363,0.029641206251375743,0.019361655293858682,0.21928021131410963,0.17798591239269204,-0.09474576271186441,-0.06720889280211315,0.20294298921417567,0.18977988113581334,0.2161765353290777,0.3258727712965001,-0.04034558661677306,0.20228923618754127,-0.01707241910631741,0.3175676865507374,-0.0014065595421527625,0.15164428791547435,-0.07016288795949813,-0.1887475236627779,0.010039621395553599,-0.10430552498349109,-0.03430332379484922,-0.027779000660356594,-0.1123464670922298,-0.22274488223640765,-0.3125819942769095,0.32376183138895004,0.3211093990755008,-0.1015232225401717,0.05839753466872111,0.3956680607528065,0.2014836011446181,0.08704160246533128,0.12327977107638124,0.0976271186440678,0.05670261941448382,0.1222342064714946,-0.027473035439137133,-0.14549416685009905,-0.27951573849878936,-0.2802201188641867,-0.2606691613471275,0.24123706801672903,0.12183138895003302,0.349867928681488,0.05588597842835131,,0.39905128769535547,0.37675324675324673,-0.13370019810697778,-0.2113185119964781,0.31805194805194803,0.18243671582654633,0.13237728373321594,0.16361655293858685,0.0062909971384547654,-0.10373981950253136,-0.029738058551617874,-0.20832489544353952,-0.24487563284173453,0.2373827867048206,0.06835130970724192,-0.08084085406119304,0.2240523882896764,0.36958177415804533,-0.08161567246313009,0.19469513537310149,0.11873211534228484,0.1124389170151882,0.1981069777679947,0.12900946511116002,-0.30196346026854504,-0.10343825665859564,-0.267838432753687,-0.24524323134492626
#54,-0.1252674444199868,-0.041543033237948494,-0.03254897644728153,-0.11223200528285274,0.1597754787585296,0.39625137574290115,-0.004314329738058551,-0.010464450803433854,-0.10932863746423069,-0.10118423948932423,0.1004424389170152,0.3723992956196346,1.0,-0.15550077041602464,0.09688751926040062,-0.13659696235967422,-0.028666079683028835,-0.0872507153863086,0.0825709883337002,-0.06552058111380145,-0.0399141536429672,0.022659035879374862,-0.074884437596302,0.18224521241470393,-0.18447941888619854,0.18071098393132293,0.18856482500550298,-0.030541492405899186,0.3873299581774158,0.14441998679286816,0.4415936605767114,-0.2508342504952674,-0.15153202729473916,-0.21296059872331058,-0.08681267884657715,-0.11686330618534008,0.10894783182918776,0.06864406779661017,0.13365617433414043,0.16644728153202729,0.027510455646048867,-0.09951133612150562,-0.08786044464010566,0.2673277569887739,0.2364406779661017,0.2681862205591019,0.06544794188861985,-0.06986132511556241,0.0025049526744441997,0.07184239489324235,0.1736451683909311,0.07622055910191504,0.15404578472375083,0.06372220999339644,0.008749724851419767,0.0339753466872111,0.004239489324235087,0.053922518159806296,-0.1328945630640546,0.05070658155403918,-0.2533083865287255,-0.40999119524543254,0.20560642747083424,0.21250275148580233,-0.1747457627118644,-0.09916354831609069,0.04813999559762271,0.09968743121285494,0.04036979969183359,-0.04451463790446841,-0.06983931322914373,-0.1690578912612811,0.31153202729473917,0.14849438696896325,0.01437376183138895,-0.023702399295619635,-0.28551617873651775,-0.22675544794188862,0.4412458727712965,0.18383887299141535,0.5000814439797491,0.1693660576711424,,0.13678406339423288,0.15167730574510235,-0.21693814659916355,-0.08484701738939027,0.3289830508474576,0.07346467092229804,0.05062953995157385,0.1720228923618754,0.21325335681267885,-0.08834250495267444,-0.10415804534448603,-0.2000264142637024,-0.05593220338983051,0.0962491745542593,0.03837112040501871,-0.2996257979308827,0.0683711204050187,0.11354171252476337,0.10910191503411842,-0.20288575830948713,-0.2957274928461369,-0.14583755227823025,-0.08084525643847677,-0.16081884217477438,-0.441864406779661,-0.08812458727712966,-0.2950979528945631,-0.3013933524103016
#58,-0.0032203389830508474,0.0412128549416685,-0.012372881355932203,0.2414241690512877,0.1954105216817081,-0.11044243891701519,0.20773717807616113,0.04695135373101475,0.10730794629099714,0.21536429672022891,0.20102135152982611,0.28182918776139115,-0.15550077041602464,1.0,0.08560862865947612,0.2213185119964781,-0.059553158705701076,0.1629275808936826,0.2706559542152763,0.14545014307726173,-0.2358353510895884,0.17287695355491967,-0.08068897204490424,0.0016993176315210213,0.02143297380585516,0.23364736957957297,-0.1966718027734977,-0.0776271186440678,-0.1004094210873872,0.10999779881135813,-0.18434734756768656,0.2120757208892802,0.1464142637023993,0.18100594320933305,0.14155844155844155,0.13327756988773937,0.3847589698437156,0.23970724191063175,0.13146158925819942,0.35596302003081665,0.1127690953114682,0.1510939907550077,0.021521021351529827,0.18329297820823245,-0.3119700638344706,-0.0786022452124147,0.06681488003521902,0.05083645168390931,-0.12286814880035218,-0.08451683909311028,-0.21590138674884438,-0.3038718908210434,-0.35939027074620294,-0.18088707902267223,-0.22886858903808055,0.12758309487123046,-0.47321813779440897,-0.2197160466651992,-0.15411842394893244,-0.23422187981510015,0.10299801893022233,0.04515298261060973,0.47550737398195025,0.4087981510015408,0.1437904468412943,-0.1357142857142857,0.39467092229804096,0.12270526084085406,0.26589038080563504,0.31596302003081667,0.011532027294739159,0.12374202069117324,-0.03630640545894783,-0.08189522342064715,-0.033053048646268984,-0.2552344265903588,-0.09172353070658155,-0.10132951793968743,0.190396213955536,0.22106537530266343,-0.08269865727492846,-0.08399955976227162,,-0.005560202509355051,0.13542813119084304,0.15284393572529165,-0.14234206471494606,-0.0012656834690732996,0.11974025974025974,-0.19557120845256437,-0.08576051067576491,-0.3676293198327097,-0.22095751705921196,-0.09039401276689413,-0.06697336561743342,-0.27126128109178954,0.20387189082104337,-0.3328593440457847,0.013528505392912173,-0.15035219018269866,-0.04098393132291438,-0.2010741800572309,0.3961347127448822,0.18790666960158486,0.23081884217477439,0.008745322474136034,0.18635923398635262,-0.02907109839313229,-0.07692934184459609,-0.01655954215276249,0.026993176315210213
#101,-0.16796390050627338,-0.1042460928901607,-0.28805855161787364,-0.0949702839533348,0.026656394453004623,-0.0897754787585296,-0.1713911512216597,-0.09293418445960819,-0.1454589478318292,-0.2228747523662778,-0.09324675324675324,-0.08635042923178517,0.09688751926040062,0.08560862865947612,1.0,0.5390160686770856,-0.14625797930882678,-0.39151441778560425,0.6465969623596742,0.33524103015628437,0.6218027734976888,0.3742306845696676,-0.1415298261060973,0.06982390490865067,0.4057979308826766,0.2851551837992516,-0.09090028615452345,-0.3185736297600704,0.26133612150561303,0.08690072639225181,-0.19370239929561964,-0.21693154303323794,-0.187442218798151,-0.032471934844816204,0.3501716927140656,0.07814439797490645,0.6218556020250936,0.4036055469953775,0.3872661237068017,0.24087387189082105,-0.08444419986792868,0.20952234206471496,0.0873629760070438,0.21546775258639667,-0.04684129429892142,0.0713119084305525,-0.3185450143077262,-0.1406911732335461,-0.49425269645608627,-0.22453224741360334,-0.1437310147479639,-0.2860598723310588,-0.32855822143957736,-0.2282588597842835,0.1894078802553379,0.21881135813339203,-0.20489324235086948,0.09847457627118644,-0.019933964340744,-0.23441338322694255,-0.23211974466211754,-0.38195025313669384,0.36828087167070217,0.24017389390270746,-0.1423068456966762,0.07138674884437596,0.17327756988773937,-0.1632093330398415,0.5997006383447061,0.38073299581774156,-0.020647149460708784,0.22140876073079463,-0.0034294519040281753,-0.20727492846136913,0.0013185119964780982,-0.1807770195905789,-0.4006185340083645,-0.2657120845256438,0.3277635923398635,0.20010785824345145,0.2505260840854061,0.04160466651992076,,0.07030816640986133,-0.2160642747083425,-0.3304424389170152,-0.23279991195245434,-0.23789566365837553,-0.1395245432533568,0.029969183359013867,-0.05285494166850099,-0.07765793528505392,-0.0763614351749945,-0.11341624477217697,-0.09888839973585736,-0.14564604886638785,0.09491745542593,-0.47059211974466214,-0.5005877173673784,-0.17950913493286375,-0.4274554259300022,-0.33884877834030375,-0.1386022452124147,-0.5317081223860884,-0.442887959498129,-0.34092449922958395,-0.39718027734976885,-0.39699977988113583,-0.04730574510235527,-0.07572969403477878,0.06421087387189083
#102,-0.1836451683909311,0.04951573849878935,-0.11082544574069998,0.08430332379484921,-0.022982610609729254,-0.12238388729914154,0.004133832269425489,-0.2915232225401717,-0.3014109619194365,-0.24324455205811138,-0.17907550077041604,-0.1288928021131411,-0.13659696235967422,0.2213185119964781,0.5390160686770856,1.0,-0.003389830508474576,-0.09068456966762052,0.5921043363416245,0.6305084745762712,0.2839819502531367,0.4892317851639886,-0.41283072859344044,0.06818401937046005,0.10607968302883557,0.3240545894783183,-0.5242659035879375,-0.4251793968743121,-0.013552718467972706,0.0021373541712524763,-0.3187475236627779,0.11111600264142638,-0.0537640325775919,0.03539731454985692,0.3357473035439137,0.1459586176535329,0.5005502971604666,0.6190931102795509,0.31963240149680827,0.4301452784503632,0.10339203169711644,0.09483601144618094,-0.16230464450803433,0.1323992956196346,-0.3561259079903148,0.0586352630420427,-0.3022738278670482,-0.1568104776579353,-0.4698173013427251,-0.42015628439357255,-0.44323354611490207,-0.4757671142416905,-0.5860158485582214,-0.264290116662998,-0.1398415144177856,0.32902707462029496,-0.3908452564384768,0.12454985692273828,-0.11860444640105657,-0.42124367158265463,0.010169491525423728,-0.06430112260620735,0.3670812238608849,0.24476997578692494,0.013064054589478319,0.0001364736957957297,0.17834030376403257,0.10100814439797491,0.5373233546114902,0.5141448382126348,-0.009196566145718689,0.44186220559101913,0.058496588157605105,-0.1498547215496368,0.17135593220338982,-0.04667840633942329,-0.22643187321153424,-0.2668589038080563,0.06434074400176096,0.35231344926260183,0.09187101034558662,-0.17894342945190403,,-0.08141316310807836,-0.28435615232225403,-0.12301122606207351,-0.3200726392251816,-0.3392427911071979,-0.029872331058771736,-0.22672463130090248,-0.1553532907770196,-0.31734756768655076,-0.2587079022672243,-0.08053048646268986,-0.11038300682368479,-0.32646929341844594,0.20871670702179176,-0.5362998018930222,-0.28086286594761173,-0.4122474136033458,-0.45423068456966764,-0.20141536429672022,0.10678626458287475,-0.2833017829627999,-0.29432753686990976,-0.37303984151441777,-0.2720537090028615,-0.17444860224521241,0.05591459388069558,-0.011424169051287696,-0.02948712304644508
#201,0.38191723530706584,0.1833546114902047,0.3351221659696236,0.4980145278450363,0.1421175434734757,0.06152762491745543,0.23299581774158046,0.013535108958837772,-0.13158265463350208,0.3163548316090689,0.17754787585296058,0.22176315210213515,-0.028666079683028835,-0.059553158705701076,-0.14625797930882678,-0.003389830508474576,1.0,0.17446401056570549,-0.2018401937046005,-0.03732775698877394,-0.2857671142416905,-0.324323134492626,-0.04403477878054149,-0.04730794629099714,-0.15672903367818622,-0.100066035659256,0.03686550737398195,0.0009289016068677085,0.09065595421527625,0.22260620735197006,-0.016198547215496368,0.11979528945630641,0.37492626018049746,0.1570327977107638,-0.03088928021131411,0.13537530266343825,-0.21586396654193266,-0.06838872991415364,-0.034655513977547875,0.0033281972265023115,0.16982390490865068,0.043962139555359894,-0.08574950473255558,-0.06026634382566586,-0.042557781201849,-0.04135593220338983,0.1813581333920317,0.16458507594100816,0.12853841074180059,0.04449042482940788,0.16673563724411183,0.0629407880255338,0.17683909311027954,-0.04633722209993396,-0.0925445740699978,-0.2061369139335241,-0.08548536209553159,-0.1960180497468633,0.09199207572088929,0.16867268324895443,-0.04668941228263262,-0.13879815100154083,-0.02352410301562844,0.012058111380145278,0.04377944089808496,0.10640986132511557,-0.05277129650011006,0.1923200528285274,0.021683909311027955,0.08107197886858904,0.24476777459828308,0.13401276689412284,-0.1141272287034999,-0.028073959938366717,-0.2788509795289456,-0.19378164208672682,-0.22455646048866387,-0.2564538850979529,-0.03223860884877834,0.12574730354391372,0.09360774818401937,-0.02690512876953555,,-0.10909311027955096,0.009821703720008805,-0.004787585296059872,-0.13727272727272727,0.16205591019150342,0.13794629099713845,0.18685890380805634,-0.02606647589698437,-0.05236847897864847,-0.0601254677525864,0.10456306405458948,0.03835791327316751,0.049407880255337884,-0.028283072859344047,0.34570548095971826,0.11767114241690513,0.13796830288355713,0.3076007043803654,0.24218357913273167,0.10600264142637024,0.291699317631521,0.2461104996698217,0.2988135593220339,0.3579616993176315,0.08661897424609288,0.006277790006603566,0.015441338322694256,-0.038481179837112044
