,#10,#11,#12,#13,#17,#18,#26,#49,#50,#51,#52,#53,#54,#58,#101,#102,#201,#202,#301,#302,#401,#402,#501,#502,#601,#602,#701,#702,#801,#802,#901,#902,#1001,#1002,#1101,#1102,#1201,#1202,#1301,#1302,#1401,#1402,#1501,#1502,#1601,#1602,#1701,#1702,#1801,#1802,#1901,#1902,#2001,#2002,#2101,#2102,#2201,#2202,#2301,#2302,#2401,#2402,#2501,#2502,#2601,#2602,#2701,#2702,#2801,#2802,#2901,#2902,#3001,#3002,#3101,#3102,#3201,#3202,#3301,#3302,#3401,#3402,#3455,#3501,#3502,#3601,#3602,#3701,#3702,#3801,#3802,#3901,#3902,#4001,#4002,#4101,#4102,#4201,#4202,#4301,#4302,#4401,#4402,#4501,#4502,#4601,#4602,#4701,#4702,#4801,#4802
#10,1.0,0.3604204270305965,0.22891481399955976,0.44960598723310585,-0.222689852520361,0.2525687871450583,0.26510675764913055,0.409636803874092,0.2549196566145719,0.5984129429892142,0.4206141316310808,0.16988333700198108,-0.03265903587937486,0.044985692273827864,-0.14280431432973806,0.04053488883997359,0.32935064935064934,0.02551617873651772,0.08260180497468633,0.09784723750825446,-0.0006053268765133172,0.07397094430992736,-0.17305524983491086,0.056227162667840634,0.02948272066916135,0.18699097512656834,0.06165309267004182,0.1087012987012987,-0.14285934404578474,0.1061986056563036,-0.06459608188421748,0.09180057230904688,0.08953334800792428,-0.1599603786044464,-0.3209289016068677,0.06718467972705261,-0.28059652212194586,-0.0926172132951794,-0.16607968302883558,-0.020691173233546113,-0.22259300022011885,0.15567686550737397,-0.08348668280871671,-0.16924058991855603,-0.0137442218798151,-0.20359233986352632,0.04429672022892362,0.06989874532247414,0.09228703499889941,0.10606427470834251,0.12087607307946291,0.0033546114902047106,0.037032797710763815,-0.14357693154303325,-0.02848117983711204,0.030810037420206913,0.005591019150341184,0.09332379484921857,0.03529165749504733,-0.13953554919656613,0.11539071098393132,0.11599163548316091,-0.0704094210873872,-0.18555139775478757,0.010033017829628,-0.059900946511116,0.11178516398855382,-0.12833810257539072,0.05470614131631081,-0.21454105216817082,-0.04759630200308167,-0.1290644948272067,-0.038199427690953115,0.08563944530046225,-0.1473167510455646,-0.060880475456746644,0.0413053048646269,0.004125027514858023,-0.13740259740259742,0.00711864406779661,0.3824411182038301,-0.0399735857362976,-0.041457186880915695,-0.22950253136693816,-0.2657076821483601,0.04391811578252256,0.0027492846136913936,-0.10808056350429232,-0.0112194585075941,-0.37821043363416246,-0.31241030156284394,-0.15738718908210433,-0.23275588817961698,0.1923860884877834,0.14777679947171474,0.07943209333039841,0.2890490865067136,-0.027728373321593662,0.16145938806955756,0.19915914593880696,0.11553819062293638,-0.08459167950693375,-0.1302443319392472,0.20675544794188863,0.15956856702619415,0.2760378604446401,0.2854303323794849,0.04567686550737398,0.030037420206911733,0.15100594320933303,0.027398195025313668
#11,0.3604204270305965,1.0,0.1900198106977768,0.31591679506933745,-0.10996478098173014,-0.05918776139115122,0.212194585075941,0.4039225181598063,0.31102575390710985,0.35703059652212193,0.35655073739819504,0.023103675985031918,-0.03468192824125028,0.020030816640986132,-0.139933964340744,0.1172044904248294,0.06705480959718248,0.07813779440898085,0.11344486022452124,0.13923838872991415,-0.1655910191503412,0.07920537090028615,-0.09368699097512657,0.0017213295179396874,-0.02846797270526084,0.04970283953334801,-0.04432093330398415,0.10655734096412063,-0.1179308826766454,0.19088388228259676,-0.19405679066696016,-0.072788906009245,-0.043416244772176975,-0.2928417345366498,-0.31405899185560204,-0.13588157605106757,-0.33044023772837333,-0.11595641646489104,-0.1388729914153643,-0.03572529165749505,-0.20036759850319172,0.3048624257098833,-0.20387409200968523,-0.25915474356152324,-0.09298261060972926,-0.06232445520581114,-0.10374642306845697,-0.033213735417125245,0.05333920316971164,0.1464076601364737,0.05198987453224741,0.058806955756108295,0.06942989214175654,-0.055709883337001984,-0.10316751045564605,-0.05222980409421087,-0.04182918776139115,-0.07275808936825887,0.01770856262381686,-0.1514571868809157,0.11568787145058332,0.08307726172132952,-0.1620096852300242,-0.24572088928021132,-0.0364802993616553,-0.026286594761171032,0.002082324455205811,-0.00425049526744442,0.05648910411622276,-0.07647809817301343,-0.04718688091569447,-0.042795509575170594,-0.01425049526744442,-0.16036539731454985,-0.1432049306625578,-0.0660048426150121,0.16541932643627558,0.09079903147699758,-0.20071098393132292,0.02743121285494167,0.005894783182918776,-0.18423068456966762,-0.020101254677525864,-0.11144838212634822,-0.23609729253797052,0.18393792648029936,0.07799031476997578,0.12584415584415584,-0.06655513977547876,-0.35281091789566366,-0.40123046445080346,-0.23021571648690292,-0.2575544794188862,0.12740479859123927,0.02261501210653753,0.06762271626678407,0.19010565705480958,-0.02479418886198547,0.202194585075941,0.14994497028395334,-0.012447721769755667,-0.031124807395993836,-0.10132951793968743,0.19336341624477218,0.15425269645608627,0.2726458287475237,0.2082852740479859,0.19074180057230905,0.09679506933744222,0.16427911071978868,0.016927140655954215
#12,0.22891481399955976,0.1900198106977768,1.0,0.4571670702179177,-0.05595861765353291,0.23814219678626458,0.004276909531146819,-0.1421747743781642,-0.25234426590358794,0.336385648250055,-0.07057891261281092,-0.09291877613911512,-0.04181157825225622,-0.3464935064935065,-0.48529605987233104,0.013169711644287915,0.5225291657495047,0.7702509355051728,-0.11949592780101255,-0.451732335461149,-0.5165639445300462,-0.36790226722430114,-0.04293638564825006,0.05902047105436936,0.16558221439577372,0.030788025533788246,0.21212634822804313,0.33966982170372,0.19721989874532247,0.26331623559118866,0.3300440237728373,0.3722980409421087,0.2934140435835351,-0.08272066916134713,-0.11809597182478539,0.022454325335681268,-0.15581554039181159,-0.31231124807395994,0.2550957517059212,0.1463746423068457,0.34941668500990536,0.1850297160466652,-0.11505833149900946,-0.2812062513757429,-0.10840413823464672,-0.2463482280431433,0.27810917895663656,0.31286374642306847,0.3812194585075941,0.1714505833149901,0.27453444860224524,0.37802553378824566,0.3838961038961039,0.43055690072639224,-0.277970504072199,0.1656570548095972,-0.1826700418225842,-0.5089698437156064,0.11860444640105657,0.4176667400396214,0.12372661237068017,0.10108298481179837,-0.6384239489324235,-0.3846731234866828,0.584668721109399,0.13464450803433856,-0.2854633502091129,-0.13792648029936166,-0.33029275808936825,-0.44281311908430554,0.23366718027734976,-0.09740039621395553,-0.4579484921857803,0.19409641206251377,-0.5061831388950033,-0.12103235747303544,-0.4961104996698217,0.2939357252916575,-0.3701694915254237,-0.08078362315650452,0.10441338322694255,-0.022780101254677526,0.30229143737618314,-0.1890909090909091,-0.41607528065155186,0.12587497248514198,0.33516398855381907,0.08028615452344266,-0.12991195245432532,-0.40522342064714945,-0.2763724411182038,-0.06808716707021792,0.09134932863746423,0.3988994056790667,0.24537090028615452,0.3792097732775699,0.14165969623596741,0.7323046445080343,0.5904754567466431,0.399900946511116,0.3584921857803214,0.6113625357693154,0.42326216156724633,0.3153510895883777,0.24619414483821264,0.3797754787585296,0.1496103896103896,0.06370900286154524,-0.11388950033017829,0.30322914373761833,0.39735857362976007
#13,0.44960598723310585,0.31591679506933745,0.4571670702179177,1.0,-0.013149900946511117,0.20583094871230465,0.009639005062733876,0.03955976227162668,0.02368038740920097,0.512359674224081,0.0638234646709223,0.02711204050187101,0.02079903147699758,-0.17918335901386748,-0.34075500770416023,-0.06194144838212635,0.338102575390711,0.10066696015848559,0.1384305524983491,-0.09958177415804534,-0.24287695355491964,-0.07395113361215055,-0.0011952454325335682,0.18496588157605107,0.12515518379925158,0.35663658375522783,0.162458727712965,0.17287255117763592,-0.022348668280871672,0.11899742405759234,-0.11454545454545455,0.22060752806515518,0.19645608628659475,0.05165529385868369,-0.13649570768214836,0.12528065155183798,-0.2767642526964561,-0.07280211314109619,0.0924983491085186,0.2425841954655514,0.10661677305745103,0.12963240149680827,-0.1425049526744442,-0.18248073959938366,0.04392031697116443,-0.10852740479859124,0.2448646268985252,0.23034778780541493,0.1666387849438697,0.04956416464891041,0.18709663218137795,0.030695575610829848,0.08779881135813339,0.07915474356152322,-0.1893418445960819,0.029139335241030156,-0.036607968302883556,-0.06390490865067136,0.09163768434954876,0.10958177415804535,0.06147259520140876,0.1991173233546115,-0.3321153422848338,-0.2679837112040502,0.3057208892802113,0.15299801893022233,-0.13557561082984812,-0.10493506493506494,-0.16309487123046446,-0.2367048206031257,-0.07941668500990536,-0.15079242791107197,-0.26817961699317633,0.07430992736077482,-0.31364736957957295,-0.15305524983491084,-0.188168611049967,0.03778780541492406,-0.2687079022672243,0.06407440017609509,0.1834932863746423,0.11477437816420867,-0.057290336781862204,-0.2834470614131631,-0.3408232445520581,-0.08843495487563284,0.0924323134492626,0.049942769095311465,-0.2887805414924059,-0.3347083425049527,-0.23033237948492186,-0.11933744221879815,-0.10648910411622275,0.2837992515958618,0.20068016729033678,0.05742460928901607,0.2571802773497689,0.31242791107197887,0.4612150561303104,0.2256284393572529,0.21881796169931764,0.06086066475896985,-0.06326876513317191,0.2720493066255778,0.3076491305304865,0.3901254677525864,0.27470394012766897,0.05610829848117984,0.008666079683028835,0.1315694475016509,0.18457627118644068
#17,-0.222689852520361,-0.10996478098173014,-0.05595861765353291,-0.013149900946511117,1.0,0.07999779881135813,0.2389456306405459,-0.018054149240589918,0.036068677085626236,-0.157178076161127,0.11818842174774379,0.25852520360994935,0.48316090688972047,0.24153863086066477,-0.0020977327756988772,0.0762689852520361,0.02085626238168611,0.037739379264802995,-0.0028659476117103237,0.3103697996918336,-0.06317411402157165,0.05579352850539291,-0.05217477437816421,0.10814439797490645,0.03013647369579573,-0.027312348668280872,-0.2114505833149901,-0.022086726832489544,0.4950561303103676,0.229945096822122,0.3247633722209993,0.172524763372221,0.1704226282192384,0.2740633942328858,0.4080453444860225,0.24321593660576712,0.32596522121945853,0.40428351309707244,-0.010567906669601584,-0.03347567686550738,0.16478758529605989,0.04288795949812899,0.056616773057451025,0.2474818401937046,-0.23155403918115783,0.3294563064054589,0.07459167950693374,-0.007739379264802994,-0.13862425709883336,-0.15168831168831168,-0.23947611710323574,-0.12948932423508694,-0.3264076601364737,-0.030651551837992515,-0.08133612150561303,0.018318291877613913,-0.32302883557120843,0.1383513097072419,-0.4978912612810918,-0.19243011226062073,-0.27174334140435835,0.03705921197446621,0.1359123926920537,0.24829627999119525,0.11050847457627119,0.04382126348228043,0.05068236847897865,0.025390710983931322,0.08644067796610169,0.337277129650011,0.043312788906009245,-0.10868589038080563,0.19388729914153643,0.3115870570107858,0.38178956636583755,0.31239709443099273,0.17186220559101914,-0.07670922298040943,0.1028087167070218,0.2810257539071098,0.15420427030596523,0.33150561303103676,0.006711424169051287,0.3572309046885318,0.4699449702839533,-0.08564825005502971,-0.2620383006823685,0.14499889940567906,0.0637640325775919,0.45841514417785606,0.4821351529826106,0.002291437376183139,0.19745762711864406,-0.38070878274268105,-0.4653907109839313,-0.14082764692934185,0.04991195245432534,0.08195465551397754,-0.08299581774158045,0.1821153422848338,-0.056854501430772614,0.23030156284393571,0.09902707462029496,0.18682148360114462,0.042559982390490865,0.002705260840854061,-0.10781421967862646,-0.23432533568126787,0.19465551397754788,-0.446682808716707,-0.33163108078362313
#18,0.2525687871450583,-0.05918776139115122,0.23814219678626458,0.20583094871230465,0.07999779881135813,1.0,0.019385868368919215,0.045628439357252915,-0.029938366718027735,0.3179616993176315,0.1255646048866388,0.5218137794408981,0.3131454985692274,0.06739379264802993,-0.08013647369579573,0.021593660576711426,0.25722650231124805,0.23283072859344045,0.07287034998899405,0.030261941448382127,-0.011846797270526083,0.08541272287034998,-0.16799251595861767,0.17260180497468633,0.15893462469733657,0.007228703499889941,-0.0712260620735197,0.047569887739379264,0.15363636363636363,0.448098419600783,0.448910411622276,0.3554391371340524,0.19278010125467754,0.1444970283953335,-0.031483601144618095,0.15708122386088488,0.2541536429672023,-0.023766233766233765,-0.003088267664538851,0.07335461149020471,0.3243473475676866,-0.022152762491745543,-0.05977327756988774,0.03131631080783623,-0.07175434734756769,0.22589038080563503,0.19521901826986574,0.18942548976447282,0.05107858243451464,-0.028943429451904028,-0.15410521681708123,0.01929341844596082,-0.1460972925379705,0.09851199647809818,-0.0888135593220339,0.07634602685450143,-0.18426810477657934,-0.009793088267664538,-0.3051045564604887,-0.15925159586176535,0.16631080783623156,0.1416222760290557,-0.011930442438917015,-0.10721989874532248,0.36854061193044246,0.049925159586176535,0.05156944750165089,-0.2969359454105217,0.007466431873211534,-0.14874972485141977,0.1087937486242571,0.04539291217257319,-0.10420647149460709,0.13347347567686552,0.02047985912392692,0.14565265243231346,-0.09792207792207792,0.18134932863746422,0.025881576051067577,0.1537706361435175,0.49759630200308164,0.25197886858903806,-0.3050561303103676,0.02414703940127669,-0.1064604886638785,0.011314109619194365,0.02443759630200308,0.02939027074620295,0.02073959938366718,0.014604886638784944,0.09843275368699098,0.06871230464450803,-0.01329077701959058,-0.02757208892802113,-0.16931102795509576,0.013601144618093771,-0.0174686330618534,0.1340479859123927,0.05922298040942109,0.19221659696235968,0.11071758749724851,0.18187541272287036,0.14684569667620515,0.16101254677525864,0.04425269645608629,-0.06331499009465111,0.034855822143957736,0.0976535329077702,0.15320933303984152,-0.08399295619634603,-0.1473827867048206
#26,0.26510675764913055,0.212194585075941,0.004276909531146819,0.009639005062733876,0.2389456306405459,0.019385868368919215,1.0,0.2016552938586837,0.37469733656174337,0.17846797270526085,0.3382258419546555,0.15438036539731456,0.10087827426810478,0.25255337882456524,0.23657054809597183,0.18850539291217258,0.10893022232005282,0.005958617653532908,-0.043169711644287914,0.24163108078362316,0.11316751045564605,0.012747083425049526,-0.05685670261941449,-0.11597622716266784,-0.21397314549856922,-0.18375302663438256,-0.36781642086726835,-0.13550737398195026,0.21982830728593442,0.04627011130867491,0.05250715386308607,0.12040501871010345,0.22060312568787144,0.27933964340744,0.10976227162667841,0.06004402377283733,0.10445080343385428,0.16400396213955537,-0.3608694695135373,-0.3095685670261941,-0.13072198987453224,0.1944772176975567,-0.18112920977327757,0.11103896103896103,-0.316370239929562,0.09583755227823025,0.10690292758089369,0.03176535329077702,-0.14520581113801453,-0.1983447061413163,-0.24019590578912614,-0.2619722650231125,-0.2685428131190843,-0.3104798591239269,0.055421527624917456,-0.15538850979528945,-0.2155822143957737,0.014858023332599604,-0.2891217257318952,-0.36604006163328195,0.019172353070658156,0.03212414703940128,0.25352850539291216,0.13181598062953995,-0.144653312788906,-0.2230662557781202,0.30923838872991416,0.2792868148800352,0.3547611710323575,0.30525203609949375,0.3375676865507374,0.005296059872331059,0.23786704820603125,0.0238300682368479,0.3670526084085406,0.2998569227382787,0.2872309046885318,-0.14007043803653974,0.01685230024213075,0.05813779440898085,0.1372639225181598,-0.04455425930002201,-0.09299361655293858,0.10279991195245433,0.2530244331939247,0.0399471714725952,-0.10960158485582214,0.20159806295399516,0.04182698657274928,0.11010345586616772,0.04024213075060533,-0.20108298481179837,-0.038859784283513096,-0.2427360774818402,-0.26351970063834473,-0.072095531587057,0.1548382126348228,-0.015507373981950253,0.019955976227162667,0.22589258199427692,0.00020471054369359455,-0.03797270526084085,0.10234206471494607,0.3792097732775699,0.2508782742681048,0.1819854721549637,0.39018049746863304,-0.0950561303103676,0.19283072859344047,-0.19615892581994276,-0.32301562843935727
#49,0.409636803874092,0.4039225181598063,-0.1421747743781642,0.03955976227162668,-0.018054149240589918,0.045628439357252915,0.2016552938586837,1.0,0.5458793748624257,0.37484921857803216,0.5043517499449702,0.3739225181598063,0.06618754127228703,0.3108342504952674,0.2804578472375083,0.07751265683469073,0.06535549196566146,-0.18900286154523444,0.1909355051727933,0.268877393792648,0.2726700418225842,0.07663878494386969,-0.18515518379925158,-0.09626018049746864,-0.009817301342725071,-0.041071978868589036,-0.11223640766013647,-0.1879550957517059,-0.19938366718027736,-0.1772508129269545,-0.15245652652432312,-0.3007726172132952,-0.3147215496368039,-0.3065793528505393,-0.289702839533348,-0.10286374642306846,-0.16833149900946512,-0.042353070658155405,-0.4249702839533348,-0.3103984151441779,-0.43825665859564167,0.012762491745542594,-0.22105216817081225,-0.10179616993176316,0.08662337662337663,-0.05548316090688972,-0.36738058551617875,-0.32184239489324235,-0.08158485582214396,0.03078582434514638,-0.05097292537970504,-0.17215276249174555,-0.1969887739379265,-0.3359388069557561,0.026110499669821704,-0.33279550957517057,0.15034558661677305,0.11284393572529165,-0.12450143077261722,-0.5014483821263482,-0.007323354611490205,-0.04254017169271407,0.328712304644508,0.09917015188201629,-0.32788025533788245,-0.07691173233546116,0.3900154083204931,0.03507814219678627,0.4432247413603346,0.1763680387409201,0.07741360334580674,0.0186616773057451,0.36558881796169934,0.06052608408540612,0.13532907770195907,-0.003537310147479639,0.17899405679066696,-0.19358133392031698,0.06797930882676645,0.042170372000880474,0.09825665859564164,-0.1265001100594321,-0.06678846577151662,0.16149240589918556,0.13011446180937705,0.2064274708342505,-0.20500550297160466,-0.13292097732775698,-0.2120228923618754,-0.16189742460928902,-0.2055888179616993,-0.06170592119744662,-0.32880915694475016,-0.1340545894783183,-0.0887607307946291,-0.011212854941668501,0.03304204270305965,-0.3328681488003522,-0.34217917675544796,-0.07513317191283293,-0.3221417565485362,-0.26567246313009024,-0.34532687651331717,0.026337222099933964,-0.22106977767994718,-0.0350099053488884,-0.07681928241250276,-0.0651023552718468,0.17673343605546996,-0.07712304644508035,-0.2344816200748404
#50,0.2549196566145719,0.31102575390710985,-0.25234426590358794,0.02368038740920097,0.036068677085626236,-0.029938366718027735,0.37469733656174337,0.5458793748624257,1.0,0.2958463570327977,0.4260994937266124,0.2378164208672683,0.1350957517059212,0.2778516398855382,0.28606647589698436,0.05785604226282193,0.004888839973585736,-0.32311688311688314,0.12268985252036099,0.2990556900726392,0.2317873651771957,0.03801452784503632,-0.11587717367378385,-0.01464010565705481,-0.2793682588597843,-0.16378604446401057,-0.33622716266784064,-0.2955954215276249,0.04069997798811358,-0.04994279657869818,-0.10574290116662997,-0.14266784063394233,-0.16384547655734097,-0.2335857362976007,-0.010213515298261061,-0.12433193924719349,-0.004402377283733216,0.06553598943429452,-0.30754347347567684,-0.22091569447501652,-0.23028395333480078,-0.0039049086506713626,-0.06712084525643848,0.10137354171252476,-0.009588377723970944,0.06320493066255778,-0.38731454985692276,-0.296022452124147,-0.1381862205591019,0.07442218798151001,-0.1764538850979529,-0.17458507594100814,-0.27633722209993394,-0.24936385648250056,-0.036286594761171034,-0.2563482280431433,0.0953070658155404,0.18949372661237068,-0.20676645388509796,-0.48401056570548096,-0.24210433634162448,0.040997138454765575,0.43577151661897423,0.11756548536209553,-0.2752586396654193,-0.011688311688311689,0.32925159586176533,0.09436935945410521,0.39145278450363197,0.19283953334800794,0.2580871670702179,0.1704424389170152,0.5329407880255338,0.06999779881135813,0.30969843715606427,0.31509355051727933,0.20147259520140876,-0.30023332599603786,0.15107638124587278,-0.009738058551617874,0.11077261721329518,0.07966321813779441,-0.18397094430992736,0.3121747743781642,0.20796610169491525,-0.09705040721989874,-0.3491107197886859,-0.006570548095971825,-0.039062293638564824,-0.007147259520140876,0.03140876073079463,-0.12367378384327538,-0.28047325555800134,-0.4000924499229584,-0.2679506933744222,-0.1896566145718688,0.06920537090028615,-0.2554193264362756,-0.32526964560862864,-0.15024653312788905,-0.19246092890160688,-0.19985031917235307,-0.2594364957076821,-0.04434954875632842,-0.29746643187321153,-0.0705018710103456,-0.054342945190402815,-0.11716707021791768,0.17618093770636142,-0.3456328417345366,-0.4296434074400176
#51,0.5984129429892142,0.35703059652212193,0.336385648250055,0.512359674224081,-0.157178076161127,0.3179616993176315,0.17846797270526085,0.37484921857803216,0.2958463570327977,1.0,0.41562623816861105,0.16654193264362757,0.02487343165309267,0.1051023552718468,-0.17545454545454545,0.033171912832929785,0.4275720889280211,0.09983270966321814,0.1895597622716267,-0.047862645828747524,-0.1270922298040942,-0.018679286814880035,-0.12562843935725293,0.13255558001320714,0.025487563284173453,0.18561303103675986,0.05103896103896104,0.15761831388950032,-0.06419766674003963,0.09559107175385101,0.057616112700858466,0.07791767554479419,0.03952014087607308,-0.22063174114021572,-0.144950473255558,-0.005551397754787585,-0.19668941228263262,-0.2461699317631521,-0.013889500330178297,-0.04883777239709443,-0.005916795069337442,0.01552278230244332,-0.20958617653532907,-0.27088707902267223,-0.03658595641646489,-0.11839973585736298,0.08178296279991196,0.1175346687211094,0.112623816861105,0.214983491085186,0.10141976667400396,0.16066475896984372,0.1336583755227823,0.11522562183579133,-0.1433568126788466,-0.0864802993616553,-0.007090028615452344,-0.1617213295179397,0.05792207792207792,-0.042289236187541275,0.05672463130090249,-0.021626678406339424,-0.17428791547435615,-0.26443979749064495,0.2372837332159366,0.012293638564825005,0.013812458727712964,-0.18571208452564386,0.012681047765793528,-0.20370900286154522,0.028038740920096852,-0.020501871010345587,-0.0137376183138895,0.21110719788685892,-0.19516618974246092,-0.0026150121065375304,-0.19022011886418666,0.03172793308386529,-0.1975941008144398,-0.03894342945190403,0.2441536429672023,-0.09004402377283734,-0.14814439797490644,-0.09963900506273388,-0.2823244552058111,0.02703499889940568,-0.04401716927140656,-0.08351749944970284,-0.14971384547655733,-0.34832269425489765,-0.3028329297820823,-0.029731454985692275,-0.2677327756988774,0.13185780321373541,0.1593748624257099,0.1492295839753467,0.20296940347787806,0.12746643187321152,0.18599383667180278,0.1135857362976007,0.14436055469953776,0.04090688972044904,0.04290556900726392,0.07124807395993836,0.018672683248954436,0.16645608628659475,0.11321593660576712,0.0010213515298261062,0.003856482500550297,0.09703279771076381,0.017534668721109398
#52,0.4206141316310808,0.35655073739819504,-0.07057891261281092,0.0638234646709223,0.11818842174774379,0.1255646048866388,0.3382258419546555,0.5043517499449702,0.4260994937266124,0.41562623816861105,1.0,0.30360334580673565,0.04637244111820383,0.35109619194364955,0.1949702839533348,0.07411402157164869,0.15501430772617214,-0.10820603125687872,0.20305965221219457,0.2695927801012547,0.017915474356152324,0.05785163988553819,-0.23225181598062955,-0.0898943429451904,-0.18978428351309706,-0.07983931322914374,-0.033513097072419104,-0.05819502531366938,0.06715826546335021,0.15011124263222758,-0.020211314109619193,-0.08207131851199648,-0.09030376403257759,-0.1360906889720449,-0.1650033017829628,0.06920537090028615,0.038223640766013645,0.15762491745542592,-0.25250055029716045,-0.23239049086506713,-0.3186506713625358,0.1401584855822144,-0.04587717367378384,0.03770856262381686,0.04007704160246533,0.038153202729473916,-0.1216420867268325,-0.10850759410081444,-0.09307506053268765,0.023215936605767113,-0.10353510895883777,-0.1672573189522342,-0.19746643187321153,-0.23950253136693814,0.03449702839533348,-0.07796169931763153,-0.1012788906009245,0.0739027074620295,-0.1014769975786925,-0.27106977767994717,0.03616773057451023,-0.014772176975566806,0.23098613251155625,-0.06038300682368479,-0.15179616993176315,-0.23466211754347346,0.36075941008144397,0.027686550737398195,0.48409200968523003,0.09798591239269205,0.13208232445520582,-0.22582874752366278,0.32533127889060093,0.14901606867708564,0.16093550517279331,0.039229583975346684,0.20842835130970724,-0.0911071978868589,0.11024873431653093,0.1487673343605547,0.2971912832929782,-0.1640193704600484,-0.004272507153863086,0.17655513977547876,0.17886198547215496,0.16532687651331718,-0.16631741140215717,-0.03213515298261061,0.01889720449042483,0.00024213075060532688,-0.18518379925159587,0.01904028175214616,-0.21493946731234867,-0.15701298701298702,-0.1305260840854061,0.0024983491085186,0.21169491525423728,-0.22409861325115563,-0.2727492846136914,-0.13750385208012328,-0.2690777019590579,-0.1902839533348008,-0.14572749284613692,-0.09383447061413164,-0.11568567026194145,-0.12353510895883778,0.01917675544794189,-0.04873211534228483,0.0636319612590799,-0.1123200528285274,-0.22029055690072638
#53,0.16988333700198108,0.023103675985031918,-0.09291877613911512,0.02711204050187101,0.25852520360994935,0.5218137794408981,0.15438036539731456,0.3739225181598063,0.2378164208672683,0.16654193264362757,0.30360334580673565,1.0,0.49810697776799473,0.4126106097292538,0.23638564825005504,0.043882896764252693,0.008848778340303764,-0.14672022892361875,0.24403918115782522,0.2945146379044684,0.24311027955095751,0.1238895003301783,-0.31049966982170374,-0.0676601364736958,-0.035144177856042264,-0.057961699317631524,-0.25577812018489987,-0.33549196566145717,0.11260840854061194,0.3480389324449858,0.011155624036979969,0.04166850099053489,-0.21647589698437156,0.062524763372221,0.15954215276249176,0.2359982390490865,0.2107462029495928,0.27355051727933083,-0.2423530706581554,-0.08090468853180717,0.13364076601364738,0.019438696896324013,-0.043163108078362315,0.2231829187761391,-0.09777239709443099,0.008439357252916575,-0.1494475016508915,-0.21541492405899185,-0.2422033898305085,-0.1770327977107638,-0.239636803874092,-0.3719524543253357,-0.47782082324455205,-0.28911952454325335,-0.005494166850099054,-0.14577591899625797,-0.13641866607968303,0.16160026414263703,-0.3777107638124587,-0.5314549856922738,0.016850099053488884,0.005861765353290777,0.422458727712965,0.24395773717807617,-0.048062953995157386,-0.06042262821923839,0.4399955976227163,-0.16057671142416904,0.37442438917015186,0.32148580233325996,0.0534998899405679,0.08580013207131851,0.27813779440898084,0.225874972485142,0.33617873651771957,0.2322804314329738,0.3451727933083865,-0.03476777459828307,0.2368897204490425,0.16246313009024874,0.47177635923398636,0.4133105877173674,-0.47941668500990536,0.2511798371120405,0.2893528505392912,0.16388509795289458,-0.2846599163548316,0.16353510895883777,0.06891041162227603,0.27805635042923177,0.11385208012326656,-0.09084085406119305,-0.14838652872551178,-0.2910983931322914,-0.36990314769975785,-0.19705040721989875,-0.03713405238828968,-0.27854941668500993,-0.403746423068457,-0.12981730134272507,-0.31534228483381027,-0.20250935505172793,-0.16839533348007923,0.10259300022011886,-0.1150759410081444,-0.19690953114681928,-0.165445740699978,-0.08073959938366718,0.3184239489324235,-0.3179528945630641,-0.36117103235747305
#54,-0.03265903587937486,-0.03468192824125028,-0.04181157825225622,0.02079903147699758,0.48316090688972047,0.3131454985692274,0.10087827426810478,0.06618754127228703,0.1350957517059212,0.02487343165309267,0.04637244111820383,0.49810697776799473,1.0,0.162458727712965,-0.13509795289456306,-0.20965661457186882,-0.07738058551617874,-0.06018049746863306,-0.2722143957737178,0.13898084965881577,-0.10900726392251817,-0.12076161127008585,-0.264521241470394,-0.001140215716486903,-0.060937706361435175,-0.14155403918115783,-0.21292978208232446,-0.11763592339863527,0.3249240589918556,0.3489139054116231,0.13109399075500772,0.046293198327096635,-0.013398635263042042,-0.10784503631961259,0.30279771076381246,0.03469073299581774,0.07957517059211974,0.07238168611049967,-0.18133392031697115,-0.08449042482940788,0.19902707462029495,0.09723750825445741,0.009848117983711204,0.1072903367818622,-0.24538190622936384,0.17785604226282192,-0.04922077922077922,-0.07403697996918336,-0.004285714285714286,0.04327756988773938,-0.025401716927140657,-0.1441602465331279,-0.31819722650231125,-0.19026194144838213,-0.17046224961479198,-0.232029495927801,-0.03343825665859564,0.24960598723310587,-0.36919656614571866,-0.198102575390711,0.0004094210873871891,0.16197446621175435,0.2626436275588818,0.1454061193044244,0.09587057010785824,0.030501871010345585,0.07880255337882457,-0.13458287475236627,-0.12794849218578033,0.13196786264582874,0.006114902047105437,0.011426370239929562,0.10404358353510895,0.21823684789786485,0.3209112920977328,0.31400396213955534,0.2512326656394453,0.1968368919216377,0.08418886198547215,-0.02265463350209113,0.21048866387849438,0.46551617873651774,-0.13693814659916353,0.3287012987012987,0.2952080123266564,0.024166850099053488,-0.048958837772397096,0.3229958177415804,0.09117763592339863,0.4223112480739599,0.2922584195465551,0.06171032357473035,0.09343605546995377,-0.1307770195905789,-0.28176755447941887,-0.24284613691393353,-0.2026766453885098,-0.050895883777239706,-0.21230244331939246,0.22047545674664318,0.06547655734096412,0.06027514858023333,-0.09070878274268104,0.15019370460048426,0.12730794629099715,0.009678626458287475,-0.0949966982170372,0.04094871230464451,0.24153642967202288,-0.3007726172132952,-0.15584415584415584
#58,0.044985692273827864,0.020030816640986132,-0.3464935064935065,-0.17918335901386748,0.24153863086066477,0.06739379264802993,0.25255337882456524,0.3108342504952674,0.2778516398855382,0.1051023552718468,0.35109619194364955,0.4126106097292538,0.162458727712965,1.0,0.4193638564825006,0.12016508914813999,-0.04719788685890381,-0.25287475236627777,0.1466696015848558,0.4132687651331719,0.31976667400396214,0.20607528065155184,-0.19631080783623156,-0.055267444419986794,-0.1646004842615012,-0.042876953554919654,-0.23014747963900506,-0.14470173893902707,0.04197886858903808,-0.004328639846269557,-0.027420206911732335,-0.1536913933524103,-0.20204050187101036,0.03214175654853621,0.14029275808936825,-0.07300022011886419,0.1811005943209333,0.21981069777679949,-0.2574840413823465,-0.0763482280431433,-0.3055690072639225,-0.002586396654193264,-0.2640876073079463,0.058903808056350426,-0.07152102135152982,0.15285934404578472,-0.20757208892802112,-0.13431212854941668,-0.2692758089368259,-0.14736297600704382,-0.2250759410081444,-0.2713449262601805,-0.3281818181818182,-0.2367312348668281,0.17534228483381026,-0.15114461809377064,0.009735857362976007,0.12467972705260841,-0.29131410961919435,-0.38558661677305744,-0.15825445740699978,-0.1394607087827427,0.49268545014307724,0.2920823244552058,-0.25628659476117105,-0.28814439797490643,0.5932423508694695,0.2016927140655954,0.4683711204050187,0.4420669161347127,0.23587497248514197,0.01850759410081444,0.37910631741140216,0.0015276249174554259,0.39337222099933966,0.24394673123486682,0.3121373541712525,-0.31341844596081886,0.262458727712965,0.1430838652872551,0.10447501650891482,0.08097072419106317,-0.242920977327757,0.17804314329738058,0.3346995377503852,-0.0029870129870129872,-0.3364098613251156,-0.19220779220779222,0.13011005943209333,0.2512612810917896,0.11184679727052609,0.05982390490865067,-0.13763812458727712,-0.3591745542593,-0.3124058991855602,-0.2668875192604006,0.08015408320493066,-0.38455205811138016,-0.36494827206691616,-0.21639445300462248,-0.4238366718027735,-0.32871450583314993,-0.2161831388950033,0.07007043803653973,-0.10306625577812019,-0.15927801012546774,-0.10301782962799912,-0.24365617433414044,0.24022011886418665,-0.35099053488883997,-0.4054567466431873
#101,-0.14280431432973806,-0.139933964340744,-0.48529605987233104,-0.34075500770416023,-0.0020977327756988772,-0.08013647369579573,0.23657054809597183,0.2804578472375083,0.28606647589698436,-0.17545454545454545,0.1949702839533348,0.23638564825005504,-0.13509795289456306,0.4193638564825006,1.0,0.4405414924058992,-0.36410521681708125,-0.4236121505613031,0.390033017829628,0.3425379705040722,0.6802575390710984,0.35121725731895226,0.00934404578472375,-0.2116552938586837,-0.16608188421747744,-0.2337178076161127,-0.2870085846357033,-0.5664582874752366,-0.17370680167290337,-0.21624158939117813,-0.18563944530046225,-0.3603764032577592,-0.3280167290336782,0.13699537750385207,0.01796169931763152,-0.18799251595861766,0.29657054809597183,0.22508034338542812,-0.4048073959938367,-0.2952696456086287,-0.23690292758089368,-0.1512920977327757,0.07338762931983271,0.3996412062513757,-0.0675148580233326,0.16931322914373761,-0.20775478758529606,-0.3688817961699318,-0.371600264142637,-0.23768875192604005,-0.322425709883337,-0.40128329297820825,-0.336616773057451,-0.3678670482060313,0.3901342725071539,-0.18346467092229804,0.025238828967642526,0.19935945410521683,-0.28061193044243893,-0.5446621175434735,-0.3246797270526084,-0.40801012546775256,0.6249438696896324,0.5351243671582655,-0.6354545454545455,-0.26059652212194584,0.46305524983491086,0.19784943869689633,0.7827823024433194,0.411732335461149,0.21434734756768656,0.12047985912392692,0.5005040721989874,-0.2540325775918996,0.44756328417345365,0.10669601584855821,0.21849438696896323,-0.4980607528065155,0.5643627558881796,0.11016068677085626,-0.03603125687871451,-0.15147479639005063,-0.1509751265683469,0.28539511336121504,0.3317543473475677,-0.16768875192604007,-0.5106493506493507,-0.14767554479418887,0.022405899185560203,0.2696830288355712,0.08714725952014088,-0.11944530046224962,-0.1812722870349989,-0.5422892361875413,-0.39408320493066257,-0.18508474576271186,-0.01867048206031257,-0.4927294739159146,-0.5418423948932424,-0.40584415584415584,-0.6264010565705481,-0.48303543913713404,-0.4605128769535549,-0.2963306185340084,-0.4797226502311248,-0.4194188861985472,-0.2177459828307286,-0.4172022892361875,-0.014118423948932424,-0.5084393572529166,-0.5772265023112481
#102,0.04053488883997359,0.1172044904248294,0.013169711644287915,-0.06194144838212635,0.0762689852520361,0.021593660576711426,0.18850539291217258,0.07751265683469073,0.05785604226282193,0.033171912832929785,0.07411402157164869,0.043882896764252693,-0.20965661457186882,0.12016508914813999,0.4405414924058992,1.0,-0.23183138895003302,-0.053209333039841517,0.49587497248514195,0.5589896544133832,0.17596081884217477,0.7218798151001541,-0.15525643847677745,0.21222099933964342,-0.23049086506713626,0.09815760510675765,-0.36883116883116884,-0.19937486242570987,-0.08256658595641647,0.047267250312163396,-0.011567246313009025,-0.10231565045124368,0.030052828527404797,0.11473475676865508,0.03465771516618974,0.013226942548976448,0.12140655954215276,0.31062293638564825,-0.21654413383226942,0.1570327977107638,0.09000880475456746,-0.27698437156064276,0.23563944530046224,0.4613141096191944,-0.4093528505392912,0.35178296279991195,0.04996257979308827,-0.03141096191943649,-0.23373321593660576,-0.06281972265023113,-0.31809817301342724,-0.009381465991635482,-0.24724191063174114,0.12301562843935725,-0.021727933083865288,0.3579506933744222,-0.5252190182698657,0.2759916354831609,-0.39411842394893243,-0.359042482940788,-0.24935725291657496,-0.21464450803433854,0.08780321373541712,0.24367598503191723,-0.21584195465551398,-0.054100814439797494,0.12058771736737839,0.17687871450583315,0.4453973145498569,0.31246313009024873,0.2538872991415364,0.18132951793968743,0.20634382566585957,-0.277112040501871,0.2578626458287475,0.09116883116883116,0.10817741580453445,-0.25436275588817964,0.008080563504292319,0.5141690512876953,0.0629407880255338,0.02839753466872111,-0.10265463350209113,-0.07641646489104116,0.03791547435615232,-0.2972881355932203,-0.40452124147039403,0.06156064274708342,0.09348448162007485,0.07934184459608189,-0.0376337222099934,-0.42580673563724414,-0.21392031697116443,-0.42524763372221,-0.4870548095971825,-0.2726216156724631,0.28043143297380585,-0.16329297820823244,-0.061637684349548756,-0.061534228483381026,-0.15209553158705702,-0.16058991855602026,-0.24348668280871671,-0.006698217037200088,-0.18828527404798592,-0.09976887519260401,-0.08625797930882677,-0.28252036099493727,-0.14124367158265463,-0.40504732555580014,-0.49037640325775916
#201,0.32935064935064934,0.06705480959718248,0.5225291657495047,0.338102575390711,0.02085626238168611,0.25722650231124805,0.10893022232005282,0.06535549196566146,0.004888839973585736,0.4275720889280211,0.15501430772617214,0.008848778340303764,-0.07738058551617874,-0.04719788685890381,-0.36410521681708125,-0.23183138895003302,1.0,0.3852740479859124,-0.12063834470614132,-0.3448316090688972,-0.27529826106097294,-0.4004336341624477,-0.04295839753466872,0.00860444640105657,0.22497248514197668,-0.030724191063174113,0.3435901386748844,0.4823640766013647,0.13387849438696897,0.0623674127049471,0.3826216156724631,0.3669381465991636,0.2929804094210874,0.028586836891921638,-0.1817147259520141,-0.02550297160466652,-0.11304204270305965,-0.30194144838212633,0.18574730354391372,-0.0437970504072199,0.2006075280651552,0.15550297160466653,-0.1323200528285274,-0.3870680167290337,0.015293858683689193,-0.1679506933744222,0.28630420427030595,0.48037420206911735,0.544439797490645,0.21737838432753687,0.3313911512216597,0.32208672683248957,0.38567246313009024,0.19115562403697997,-0.05710323574730354,-0.04462689852520361,-0.06088707902267224,-0.3871208452564385,0.09537530266343826,0.26206911732335464,0.06325115562403698,0.067640325775919,-0.3831565045124367,-0.3089192163768435,0.4444265903587937,0.16077922077922077,-0.16289896544133833,-0.21007484041382346,-0.1883513097072419,-0.2966894122826326,0.09981510015408321,-0.07156284393572529,-0.30327977107638127,0.2878120184899846,-0.32964780981730135,-0.13696235967422407,-0.4185494166850099,0.10830948712304644,-0.26642967202289236,-0.21683469073299583,0.1885428131190843,0.0424719348448162,0.24901606867708562,-0.08819942769095311,-0.22798811358133392,0.058685890380805635,0.1354985692273828,-0.08633281972265024,-0.10284173453664978,-0.2607440017609509,-0.09972265023112481,0.009024873431653093,0.09575170592119744,0.21166409861325117,0.19271846797270525,0.34229363856482503,-0.01611270085846357,0.4419480519480519,0.3853532907770196,0.274818401937046,0.32658815760510673,0.425841954655514,0.36247633722209993,0.32246313009024874,0.16584855822143957,0.296766453885098,0.24178956636583757,-0.00576931543033238,0.18438696896324014,0.2259586176535329,0.17211974466211755
