,#10,#11,#12,#13,#17,#18,#26,#49,#50,#51,#52,#53,#54,#58,#101,#102,#201,#202,#301,#302,#401,#402,#501,#502,#601,#602,#701,#702,#801,#802,#901,#902,#1001,#1002,#1101,#1102,#1201,#1202,#1301,#1302,#1401,#1402,#1501,#1502,#1601,#1602,#1701,#1702,#1801,#1802,#1901,#1902,#2001,#2002,#2101,#2102,#2201,#2202,#2301,#2302,#2401,#2402,#2501,#2502,#2601,#2602,#2701,#2702,#2801,#2802,#2901,#2902,#3001,#3002,#3101,#3102,#3201,#3202,#3301,#3302,#3401,#3402,#3455,#3501,#3502,#3601,#3602,#3701,#3702,#3801,#3802,#3901,#3902,#4001,#4002,#4101,#4102,#4201,#4202,#4301,#4302,#4401,#4402,#4501,#4502,#4601,#4602,#4701,#4702,#4801,#4802
#10,1.0,0.49412502751485804,0.3713647369579573,0.4887079022672243,0.05292537970504072,0.3974334140435835,0.32736737838432756,0.6105965221219458,0.21213295179396874,0.5317103235747304,0.5663042042703059,0.08463570327977107,0.13027294739159145,0.10068677085626238,-0.077046004842615,0.15746643187321152,0.45823684789786484,0.23225621835791327,0.04494166850099054,0.041325115562403696,0.01777459828307286,0.1922011886418666,0.3359211974466212,0.2111468192824125,0.3097160466651992,0.25026634382566587,0.23807836231565044,0.18076161127008586,0.07944970283953334,0.10234206471494607,0.09286814880035218,-0.029914153642967203,0.016629980189302222,-0.18522121945850759,0.10964780981730134,0.16725511776359234,0.0043847677745982834,-0.11464891041162227,-0.09544133832269426,-0.09049526744441999,-0.05192824125027515,0.008622055910191504,0.2597644728153203,0.051107197886858906,-0.4205062733876293,0.16447061413163108,-0.21470394012766894,0.021021351529826107,-0.07446180937706362,0.09200308166409861,0.13256658595641646,0.27546775258639666,0.11498789346246974,-0.02796169931763152,0.04932863746423068,0.1035064935064935,-0.2872903367818622,-0.0188201628879595,-0.5653488883997358,-0.254554259300022,0.0048910411622276025,0.03893682588597843,-0.09535108958837772,-0.4280893682588598,0.24940567906669603,-0.05608628659476117,-0.14995817741580453,-0.15919216376843495,0.21677966101694915,-0.004585075941008145,0.1975544794188862,0.17169271406559541,0.172425709883337,0.041457186880915695,-0.06843935725291657,-0.0054413383226942546,-0.47606647589698436,-0.4576887519260401,0.09072639225181597,-0.015324675324675324,-0.12059432093330398,0.10955535989434295,0.16048646268985253,0.2019436495707682,0.04139555359894343,-0.32619854721549635,-0.42059652212194587,-0.06242130750605327,0.0034294519040281753,0.0951089588377724,0.15335020911292097,0.12246313009024873,0.02653532907770196,-0.424488223640766,-0.42172132951793967,0.2775676865507374,0.024028175214615893,-0.008316090688972044,0.10564164648910411,0.03781862205591019,0.17137574290116664,0.24377944089808495,0.07197226502311248,0.1963878494386969,0.08859123926920537,0.2283909311027955,0.06987673343605547,0.09856482500550297,0.0638168611049967,-0.21993836671802774,-0.39275808936825884
#11,0.49412502751485804,1.0,0.48590138674884437,0.4622958397534669,-0.10067356372441118,0.1734404578472375,0.3998613251155624,0.3593968743121285,0.3643253356812679,0.6526326216156725,0.5773893902707462,0.047856042262821925,0.01449702839533348,-0.015390710983931324,0.28691173233546113,0.46232665639445303,0.5308342504952674,0.23786704820603125,0.14066916134712745,0.031237068016729035,-0.011851199647809818,0.29094871230464453,0.15928461369139335,0.19871890821043364,0.14170592119744663,0.23655734096412062,-0.10798591239269205,-0.0649900946511116,0.31656834690732993,0.17852740479859125,-0.01635923398635263,0.22585956416464892,0.10602685450143078,0.06485362095531587,0.07273607748184019,0.05165529385868369,0.14154083204930662,0.17715606427470834,0.24948932423508693,0.22983491085186,0.2122342064714946,0.3102223200528285,0.18664318732115343,0.08299801893022232,-0.28099053488883996,-0.04852520360994937,-0.12755227823024434,-0.03694475016508915,-0.15022672243011226,-0.06170592119744662,0.0787277129650011,0.19795289456306406,0.1481201848998459,0.32695575610829847,-0.050132071318511995,0.3764406779661017,-0.3026722430112261,-0.0739687431212855,-0.15335901386748843,0.08751926040061633,-0.20174334140435835,-0.15740479859123926,-0.0187475236627779,-0.09612810917895663,0.13239049086506713,-0.009366057671142416,-0.08906669601584856,0.11400836451683909,0.4511864406779661,0.2699141536429672,0.37891701518820164,0.40938366718027736,0.05692493946731235,0.011474796390050628,-0.23204930662557782,-0.11433634162447721,-0.060638344706141316,-0.2041866607968303,0.14146158925819943,0.14795289456306404,-0.22902047105436935,0.1995839753466872,0.19938586836891922,-0.21347787805414925,-0.13217917675544794,-0.36445740699977985,-0.12468412942989214,0.012465331278890601,0.32404138234646707,-0.1115892581994277,0.044686330618534005,-0.16933964340744,-0.11769755668060752,-0.28533568126788467,-0.12820383006823685,0.3233215936605767,0.3749438696896324,0.13703720008804754,0.30049086506713624,0.09220338983050848,0.26259520140876075,0.2686088487783403,-0.023471274488223642,0.3015254237288136,0.27966982170372,0.1846995377503852,0.18171032357473035,-0.18987673343605546,-0.17099273607748183,-0.32064274708342505,-0.2299537750385208
#12,0.3713647369579573,0.48590138674884437,1.0,0.6208540611930442,0.2806515518379925,0.5412084525643848,0.5294386968963241,0.05275808936825886,0.15304424389170151,0.5586858903808056,0.38883777239709444,0.172557781201849,0.03902047105436936,0.18936605767114242,0.16393792648029937,0.1605546995377504,0.749291217257319,0.6174642306845697,-0.3299823904908651,-0.3661038961038961,-0.31221219458507593,-0.17978648470173894,0.41853620955315873,0.34894342945190404,0.3816310807836232,0.3309817301342725,-0.0175280651551838,0.18911292097732776,0.48767554479418884,0.38512656834690734,0.23624477217697556,0.34866387849438696,0.4091217257318952,0.26494166850099055,0.34266343825665857,0.272326656394453,0.38294519040281755,0.20765573409641205,0.23975786924939468,0.31810257539071096,0.24104336341624477,0.3359211974466212,0.3515562403697997,0.20922518159806294,-0.3015870570107858,-0.06139995597622716,0.0928813559322034,0.2081598062953995,-0.2230640545894783,0.043209333039841515,0.19755888179616993,0.4501716927140656,0.29455646048866385,0.36190182698657275,-0.14027294739159146,0.11346907329958178,-0.6086000440237729,-0.33956196346026857,-0.0399537750385208,0.2472903367818622,-0.2424653312788906,-0.13730134272507155,0.12064494827206691,-0.013031036759850319,0.10171472595201408,-0.11972485141976667,0.08911952454325335,0.1538961038961039,0.29176315210213516,0.23660356592559983,0.4317587497248514,0.5353202729473916,-0.31287475236627776,-0.03785163988553819,-0.46792427911071977,-0.2322804314329738,-0.12732775698877394,-0.1187805414924059,0.4416552938586837,0.49088707902267226,-0.2067884657715166,0.38246313009024874,0.13512436715826545,-0.0023728813559322033,0.12669601584855822,-0.3319920757208893,0.07153863086066475,0.09537530266343826,0.39494827206691613,0.17602685450143077,0.06483381025753907,0.05159586176535329,0.20213075060532687,-0.07222980409421087,-0.03160906889720449,0.5252124147039401,0.4512194585075941,0.5070261941448382,0.4303169711644288,0.38012766894122824,0.5389896544133832,0.6590688972044905,0.2568721109399075,0.5886814880035219,0.5456702619414484,0.42325335681267884,0.4279220779220779,-0.20612150561303103,-0.17231785163988553,-0.3468368919216377,-0.3162469733656174
#13,0.4887079022672243,0.4622958397534669,0.6208540611930442,1.0,0.13504072198987455,0.47674003962139555,0.3625445740699978,0.17882896764252695,0.24468192824125026,0.7084723750825446,0.40747303543913715,0.17160026414263702,0.1609156944750165,0.036207351970063834,0.31546114902047107,0.2771670702179177,0.6389830508474577,0.36585075941008144,0.014349548756328417,-0.02765793528505393,0.06086066475896985,0.29387849438696895,0.292227602905569,0.35957957296940346,0.30216596962359676,0.45592339863526304,-0.11691613471274488,0.08326656394453004,0.45866607968302886,0.38484701738939026,0.24524543253356812,0.18461149020471054,0.22578912612810917,0.17843495487563285,0.32627779000660356,0.31556240369799693,0.3550891481399956,0.16997578692493948,0.2613559322033898,0.28613251155624037,0.1886418666079683,0.3557076821483601,0.10391591459388069,0.16440017609509136,-0.48812898965441337,0.12478098173013427,-0.08478318291877614,0.1496896324014968,-0.27884437596302003,-0.02782522562183579,0.06282632621615672,0.37109619194364957,0.18053929121725731,0.2874532247413603,-0.06722870349988994,0.24330178296279992,-0.4437310147479639,-0.013110279550957516,-0.1787739379264803,0.153251155624037,-0.22721329517939687,-0.1861369139335241,0.1893198327096632,-0.16660356592559983,0.07343605546995377,-0.016616773057451024,-0.0776601364736958,-0.045040721989874535,0.33231124807395995,0.11350429231785164,0.1420823244552058,0.2826656394453005,-0.08929782082324456,0.03566365837552278,-0.2610763812458728,-0.2917389390270746,-0.20976007043803654,-0.2754391371340524,0.22714285714285715,0.3403808056350429,-0.19734756768655073,0.19900286154523442,0.0009465111160026414,-0.028100374202069116,0.12966541932643627,-0.37372661237068017,-0.033878494386968966,0.1258815760510676,0.37025974025974023,0.07580673563724412,0.019064494827206693,-0.06511776359233987,0.03858683689192164,-0.3197204490424829,-0.12128769535549197,0.2821219458507594,0.38797050407219896,0.20119744662117545,0.3679837112040502,0.18157164869029277,0.31611270085846355,0.40939687431212857,0.17256658595641647,0.2782786704820603,0.42222320052828527,0.20545674664318733,0.3451882016288796,-0.16490644948272068,-0.14438036539731455,-0.4716817081223861,-0.39206691613471273
#17,0.05292537970504072,-0.10067356372441118,0.2806515518379925,0.13504072198987455,1.0,0.33163768434954877,0.12470394012766894,0.003306185340083645,0.07753907109839313,-0.021184239489324234,0.000865067136253577,0.2713339203169712,-0.03066255778120185,0.20877834030376402,0.054858023332599606,-0.1521813779440898,0.1012260620735197,0.16804534448602246,-0.4272551177635923,-0.2744486022452124,-0.26461809377063616,-0.1727096632181378,0.33454545454545453,0.09012106537530266,0.2214505833149901,0.12090909090909091,-0.3667862645828748,-0.11528285274047986,0.24351529826106097,0.11157384987893462,0.09738718908210434,0.0586484701738939,0.16716707021791768,0.01297160466651992,0.34062513757429014,0.2058617653532908,0.3086110499669822,0.008523002421307506,0.17909971384547654,0.1517411402157165,0.12608408540611932,0.11327977107638125,0.2882060312568787,0.15664538850979529,0.015963020030816642,0.06532907770195906,-0.12736077481840194,-0.12668060752806515,-0.36454545454545456,-0.23677745982830728,-0.24377503852080123,-0.08575610829848118,-0.2760488663878494,-0.052962799911952456,0.10699537750385207,0.0412524763372221,-0.13413603345806735,0.03188201628879595,0.021133612150561303,0.08470834250495267,0.1541470394012767,0.2399207572088928,0.3118291877613911,0.11101254677525864,-0.25683248954435395,-0.20913273167510454,0.17687211093990754,0.2390909090909091,-0.1336847897864847,0.0401518820162888,0.005828747523662778,-0.09169051287695355,-0.1344177856042263,-0.15194364957076822,-0.10093990755007703,-0.009977988113581334,-0.12649790887079024,-0.08666960158485582,0.38004402377283736,0.26961919436495707,0.0577129650011006,0.3155822143957737,-0.0069271406559542155,0.1364208672683249,0.2775985031917235,-0.048179616993176314,0.029414483821263483,0.26966762051507814,0.14837772397094431,0.28690072639225184,0.2147061413163108,0.30598283072859345,0.17318071758749726,0.18981730134272506,0.09967642526964561,0.21765133171912832,0.1162689852520361,0.3358023332599604,-0.026759850319172353,0.10946951353731015,0.07567026194144838,0.3525379705040722,0.23486682808716708,0.16217697556680608,0.09743781642086727,0.1065199207572089,0.04050187101034559,0.19375522782302443,0.09381906229363857,0.03414703940127669,0.0027801012546775257
#18,0.3974334140435835,0.1734404578472375,0.5412084525643848,0.47674003962139555,0.33163768434954877,1.0,0.4667224301122606,0.09746423068456966,-0.10663438256658596,0.30039181157825223,0.14173013427250716,0.2721879815100154,0.2386286594761171,0.10227382786704821,-0.04817521461589258,-0.1725115562403698,0.4117521461589258,0.5500242130750606,-0.30732775698877396,-0.12857803213735416,-0.21278450363196125,-0.05962579793088268,0.14137574290116664,0.0690050627338763,0.10651771956856702,0.04643407440017609,0.2278890600924499,0.4030068236847898,0.3775148580233326,0.5143143297380586,0.25481399955976225,0.1946665199207572,0.3903565925599824,0.31818842174774375,0.3897886858903808,0.2972881355932203,0.232491745542593,0.16594100814439797,0.04543473475676865,0.2925489764472815,0.18276469293418446,0.24620515078142197,0.28606647589698436,0.032696456086286595,-0.11336781862205592,0.024591679506933743,0.3258067356372441,0.4663724411182038,0.07035659255998239,0.24587717367378384,0.39913273167510455,0.4925115562403698,0.4126766453885098,0.24219018269865727,-0.02913053048646269,0.05565045124367158,-0.42751926040061633,-0.09618754127228704,-0.17924499229583976,0.21942328857583096,-0.4625181598062954,-0.35186880915694474,0.18048206031256878,0.01134272507153863,0.2435923398635263,-0.04094430992736078,-0.07966101694915254,-0.004248294078802554,-0.042760290556900726,-0.07987673343605547,0.18657715166189742,0.23686770856262382,-0.07332599603786044,0.04175434734756769,-0.16169271406559543,-0.10906669601584856,-0.14853180717587497,-0.2768368919216377,0.08970724191063174,0.1693088267664539,-0.0560972925379705,0.42534888839973584,0.195181598062954,-0.03307946290997139,0.10144838212634823,-0.5668346907329959,-0.2112987012987013,0.2510807836231565,0.3024829407880255,0.23470834250495268,0.05611930442438917,0.06664979088707902,0.445692273827867,-0.25463130090248737,-0.12732115342284833,0.11761831388950034,0.18341624477217697,0.33012326656394453,0.45130750605326875,0.4329914153642967,0.44219238388729915,0.4860796830288356,0.15633281972265023,0.3899075500770416,0.544932863746423,0.46110279550957517,0.4562689852520361,-0.3333039841514418,-0.3397270526084085,-0.48803874092009686,-0.42950473255558
#26,0.32736737838432756,0.3998613251155624,0.5294386968963241,0.3625445740699978,0.12470394012766894,0.4667224301122606,1.0,0.36690732995817743,0.2614373761831389,0.5075852960598723,0.5254083204930663,0.4050451243671583,0.2659013867488444,0.34870570107858245,0.2753048646268985,0.0999603786044464,0.5002773497688752,0.28132291437376183,-0.12460488663878494,-0.010092449922958397,-0.04413603345806735,0.08048866387849439,0.32528945630640543,0.03682368478978648,0.2548866387849439,0.06974686330618533,0.06743341404358354,0.09322033898305085,0.3497468633061853,0.2907506053268765,0.1278956636583755,0.12760950913493285,0.18885097952894564,0.24093110279550958,0.19795729694034778,0.18097952894563063,0.17636583755227822,0.11672243011226062,0.22224521241470394,0.0314241690512877,0.1449372661237068,0.23813339203169712,0.07976227162667841,0.038256658595641646,-0.18006823684789786,-0.14118864186660796,0.1978230244331939,0.06973145498569228,-0.032254017169271405,-0.10080783623156504,0.0637574290116663,0.2204688531807176,0.07605987233105878,0.15281752146158925,-0.048908210433634164,0.14030596522121946,-0.26554919656614573,-0.1746268985252036,-0.14073959938366717,0.1335329077701959,-0.13606647589698437,-0.135379705040722,0.21610829848117985,-0.027266123706801672,0.03618534008364517,0.1587937486242571,0.22260620735197006,0.21380145278450363,0.3203323794849219,0.33242130750605325,0.4047325555800132,0.5830266343825666,0.06153863086066476,0.16672022892361876,-0.10571648690292758,-0.062126348228043145,-0.12158485582214396,-0.22840193704600484,0.3240523882896764,0.12633942328857584,-0.20408980849658817,0.3901100594320933,0.4095443539511336,-0.06961038961038961,0.06615012106537531,-0.32674224081003744,-0.020248734316530927,-0.053968743121285495,0.19648470173893903,0.17548756328417345,0.0702839533348008,-0.10460048426150122,0.08971824785384107,-0.24548976447281531,-0.04330398415144178,0.06268104776579353,0.24581333920316972,0.16560202509355051,0.24210213515298262,0.21257979308826766,0.17067576491305306,0.45611270085846356,-0.04974025974025974,0.2926150121065375,0.3263086066475897,0.19203169711644288,0.22720889280211315,-0.2510675764913053,-0.3123508694695135,-0.3560444640105657,-0.31648250055029714
#49,0.6105965221219458,0.3593968743121285,0.05275808936825886,0.17882896764252695,0.003306185340083645,0.09746423068456966,0.36690732995817743,1.0,0.3771186440677966,0.3359982390490865,0.5356570548095971,0.01341404358353511,0.06850539291217257,0.2621153422848338,0.1209949372661237,0.26365617433414046,0.18338322694254897,0.007600704380365397,0.3603257759189963,0.3146599163548316,0.19565265243231345,0.38701298701298703,0.2799471714725952,-0.07186440677966102,0.24394673123486682,0.017299141536429672,0.11907329958177416,-0.08757649130530487,0.029282412502751487,-0.0966982170372001,-0.07894122826326216,-0.07430992736077482,-0.12545894783182918,-0.22672243011226062,-0.08423948932423508,0.08337662337662338,-0.023259960378604446,-0.11093110279550958,0.055456746643187324,-0.177904468412943,-0.23640545894783183,0.017882456526524322,0.02184899845916795,-0.00525643847677746,-0.4208518600044024,0.2348382126348228,-0.2548250055029716,-0.19712304644508033,-0.21930442438917014,-0.18802773497688752,-0.1689324235086947,-0.0412326656394453,-0.17701738939027076,-0.10660576711424169,0.20693594541052168,0.25660796830288357,-0.15052168170812238,-0.05009024873431653,-0.5980431432973806,-0.41583535108958836,0.08922298040942109,0.16295839753466873,-0.055232225401716926,-0.36725291657495046,0.21775918996257979,-0.013006823684789786,0.058525203609949374,-0.10930222320052828,0.46581774158045347,0.24026634382566586,0.41238388729914155,0.2804424389170152,0.580840854061193,0.2157274928461369,0.18896764252696457,0.12986572749284614,-0.2439687431212855,-0.3797116442879155,0.054968082764692935,-0.090297160466652,-0.1838828967642527,-0.030187101034558662,0.12172353070658155,0.06160026414263702,0.004320933303984151,-0.16148139995597624,-0.4516883116883117,-0.3012392692053709,-0.14563284173453664,-0.08423508694695135,0.07556240369799692,-0.10221659696235967,-0.31885097952894564,-0.4768567026194145,-0.4048910411622276,0.0950693374422188,-0.09767774598283073,-0.18752366277790006,-0.16841514417785605,-0.13279330838652872,-0.12528505392912173,0.10351529826106097,-0.14532247413603347,0.02699977988113581,-0.12226942548976447,0.07697556680607529,-0.11635042923178517,0.18734756768655073,-0.032460928901606866,-0.15211093990755006,-0.3458661677305745
#50,0.21213295179396874,0.3643253356812679,0.15304424389170151,0.24468192824125026,0.07753907109839313,-0.10663438256658596,0.2614373761831389,0.3771186440677966,1.0,0.34034558661677305,0.4785824345146379,0.13167290336781862,-0.12817521461589257,0.1419920757208893,0.4644089808496588,0.4488465771516619,0.3037001981069778,-0.004552058111380145,0.24254677525863966,0.1734404578472375,0.2839071098393132,0.33532247413603344,0.3617521461589258,0.0823662777900066,0.2888531807175875,0.09517499449702839,-0.3734800792427911,-0.37291217257318954,0.2375148580233326,-0.10208012326656395,0.05622496147919877,-0.02788465771516619,-0.11067356372441119,-0.1738895003301783,-0.15159366057671142,0.11093330398415144,0.17991855602025095,-0.04034998899405679,0.25424829407880256,-0.08587717367378385,0.055388509795289455,0.052020691173233546,0.013112480739599384,0.21126348228043143,-0.22433854281311907,0.042623816861104995,-0.4448338102575391,-0.40280431432973807,-0.4863262161567246,-0.43421967862645827,-0.32510675764913055,-0.09505392912172574,-0.11843275368699098,-0.11107858243451464,0.24992956196346028,0.205643847677746,-0.15098173013427252,-0.15954215276249176,-0.2723332599603786,-0.2014703940127669,0.1790490865067136,0.12159366057671142,0.0008584635703279771,-0.08727933083865287,-0.2144045784723751,-0.06365397314549857,0.07653532907770196,0.04614571868809157,0.5013141096191943,0.2710169491525424,0.24518820162887958,0.20659696235967423,0.12694695135373102,-0.19613911512216597,-0.15616552938586836,-0.2363218137794409,-0.14961479198767336,-0.20092009685230025,0.2428153202729474,0.06453664979088708,0.030248734316530926,0.02359674224081004,0.11860664758969844,0.09097952894563065,-0.05030156284393573,0.11260180497468633,0.02426810477657935,-0.22834030376403258,0.13917015188201629,-0.07580893682588598,-0.10087827426810478,-0.12081884217477437,-0.40123046445080346,-0.11991855602025094,-0.16805855161787364,0.18251595861765355,0.10301122606207352,-0.04446621175434735,-0.03994276909531147,-0.21841514417785604,-0.10121505613031037,0.11561082984811798,-0.09205150781421968,-0.022287034998899405,-0.12395553598943429,-0.18407219898745322,-0.08466211754347347,0.06176095091349328,-0.08611930442438917,-0.1077261721329518,-0.17627999119524543
#51,0.5317103235747304,0.6526326216156725,0.5586858903808056,0.7084723750825446,-0.021184239489324234,0.30039181157825223,0.5075852960598723,0.3359982390490865,0.34034558661677305,1.0,0.5999933964340745,0.37087827426810477,0.23513317191283292,0.10688972044904248,0.3335219018269866,0.3135263042042703,0.7296654193264362,0.23800792427911072,0.08733876293198327,-0.1023728813559322,0.049592780101254674,0.203053048646269,0.2972969403477878,0.20461149020471053,0.31182258419546555,0.2659586176535329,-0.07314109619194364,0.05028395333480079,0.4430772617213295,0.33851199647809815,0.08254677525863967,0.0987805414924059,0.11974025974025974,0.18782742681047765,0.07210433634162448,0.08155844155844155,0.21204490424829409,0.07712304644508035,0.26544133832269423,0.1384041382346467,0.26438256658595644,0.33968743121285494,0.09267444419986792,0.09583975346687211,-0.421633281972265,-0.012137354171252477,-0.023086066475896984,0.11801452784503631,-0.1987541272287035,-0.08841514417785604,0.12576931543033237,0.21819722650231124,0.11937266123706802,0.25434074400176093,-0.13014087607307948,0.14886198547215496,-0.35580233325996036,-0.24994276909531146,-0.12165309267004182,0.10392031697116443,-0.16777019590578912,-0.15082104336341626,0.05139335241030156,-0.1837706361435175,0.09537970504072199,-0.01073959938366718,-0.08234206471494607,0.018637464230684568,0.39234866828087167,0.21923178516398856,0.22871670702179175,0.4002619414483821,-0.03151661897424609,0.04928461369139335,-0.1938828967642527,-0.23593440457847237,-0.1342328857583095,-0.2437442218798151,0.2598437156064275,0.2200792427911072,-0.1980409421087387,0.23920096852300243,0.16897644728153202,-0.13675104556460488,0.014888839973585736,-0.38841954655513977,-0.050671362535769315,0.10476777459828307,0.3368368919216377,0.09078362315650451,0.03184239489324235,-0.11362095531587058,-0.055610829848117986,-0.31151882016288795,-0.16833149900946512,0.28242791107197884,0.34238828967642526,0.08926480299361655,0.312326656394453,0.1141140215716487,0.25046224961479197,0.39909971384547654,0.026024653312788908,0.28538410741800574,0.3273519700638345,0.13083204930662556,0.23281311908430552,-0.18792648029936165,-0.28001760950913496,-0.4027162667840634,-0.3227933083865287
#52,0.5663042042703059,0.5773893902707462,0.38883777239709444,0.40747303543913715,0.000865067136253577,0.14173013427250716,0.5254083204930663,0.5356570548095971,0.4785824345146379,0.5999933964340745,1.0,0.23405458947831828,0.1226964560862866,0.2788135593220339,0.14015628439357253,0.2989984591679507,0.4459520140876073,0.03488223640766014,0.1249966982170372,0.11414703940127668,0.1845498569227383,0.24507373981950253,0.2596962359674224,0.06239489324235087,0.3133744221879815,0.152293638564825,-0.08408760730794629,-0.04239489324235087,0.1160510675764913,0.007580893682588598,-0.04471054369359454,-0.05117543473475677,-0.12320052828527404,-0.17479859123926922,-0.002667840633942329,0.08224961479198767,0.03255998239049086,-0.11451243671582655,0.25216817081223863,-0.10670261941448382,-0.08344265903587937,0.06555580013207132,0.002813119084305525,0.12162447721769756,-0.2997380585516179,0.0837046004842615,-0.22029495927801013,-0.08537090028615453,-0.3120889280211314,-0.16239709443099273,-0.08878494386968963,0.06231344926260181,-0.06781421967862646,-0.02839753466872111,0.11280211314109619,0.1753004622496148,-0.25550957517059214,-0.07503852080123266,-0.2921153422848338,-0.17942989214175656,0.03686330618534008,0.07321373541712525,0.014147039401276689,-0.30145278450363194,0.08744662117543474,-0.050147479639005066,-0.006486902927580893,-0.05736077481840194,0.47710323574730357,0.2760774818401937,0.37061633281972267,0.42931983270966323,0.34817521461589257,0.27166409861325114,0.052802113141096195,0.050235527184679725,-0.2515166189742461,-0.3020052828527405,0.1855756108298481,0.0010543693594541052,-0.20284613691393352,0.13681928241250274,0.22222540171692715,0.11617433414043583,-0.0427360774818402,-0.22958837772397095,-0.24326656394453006,-0.26026854501430774,0.12898965441338323,0.06434734756768655,0.13176315210213516,-0.10185340083645168,-0.15350209112920976,-0.36631080783623154,-0.20829848117983712,0.11885318071758749,0.17541272287034998,0.0014175654853620955,0.0027250715386308608,0.014505833149900947,0.009947171472595202,0.20211754347347569,-0.13737398195025313,0.08198327096632181,0.06191503411842395,0.02716927140655954,-0.07502091129209773,-0.00023112480739599384,-0.0412920977327757,-0.2133149900946511,-0.24432753686990974
#53,0.08463570327977107,0.047856042262821925,0.172557781201849,0.17160026414263702,0.2713339203169712,0.2721879815100154,0.4050451243671583,0.01341404358353511,0.13167290336781862,0.37087827426810477,0.23405458947831828,1.0,0.5824983491085186,0.166979969183359,0.2620911292097733,-0.17592119744662119,0.27317411402157166,-0.23325115562403698,-0.2101122606207352,-0.16290997138454766,-0.03214615892581994,-0.08459828307285934,0.04475676865507374,0.09790666960158485,0.02161787365177196,0.07486682808716708,-0.10435835351089588,0.03151001540832049,0.4433215936605767,0.3882478538410742,-0.21178516398855382,-0.0886616773057451,-0.08711424169051288,0.27428791547435616,0.045111160026414264,0.1430178296279991,0.05573629760070438,-0.08354171252476338,0.055071538630860666,0.24581554039181158,0.34690953114681927,0.3045916795069337,0.003389830508474576,-0.17255337882456526,0.04456086286594761,-0.16671582654633502,0.24179396874312128,0.07196125907990315,-0.15181818181818182,-0.1675280651551838,-0.020889280211314108,-0.05324235086946951,-0.17133392031697117,0.08726832489544353,-0.06622055910191503,-0.025681267884657716,0.017660136473695794,-0.019425489764472816,0.11983931322914373,0.09438696896324016,0.10716707021791767,-0.05964780981730134,0.21764913053048646,0.0627096632181378,-0.27218357913273167,0.03598943429451904,-0.09612150561303104,0.18199867928681487,-0.023739819502531366,0.19447501650891483,-0.03965661457186881,0.18172132951793968,-0.1323662777900066,0.0008628659476117103,-0.08019370460048426,-0.1838498789346247,0.06325115562403698,0.04342504952674444,0.256436275588818,0.22358793748624256,-0.07930002201188642,0.5982302443319393,0.4715430332379485,-0.3209817301342725,-0.2749020471054369,-0.10801893022232005,0.3102245212414704,0.3741008144397975,0.23562843935725292,0.2635835351089588,-0.03515738498789346,-0.20227823024433195,0.13279110719788687,0.13606647589698437,0.25176975566806076,-0.18384547655734096,0.20642967202289236,0.018826766453885098,0.011782962799911952,-0.04162227602905569,-0.20852080123266564,0.33947391591459386,-0.3112458727712965,0.007873651771956857,0.06920096852300242,-0.20636583755227822,-0.031254677525863965,-0.10219458507594101,-0.23981950253136694,-0.07321593660576711,0.029355051727933085
#54,0.13027294739159145,0.01449702839533348,0.03902047105436936,0.1609156944750165,-0.03066255778120185,0.2386286594761171,0.2659013867488444,0.06850539291217257,-0.12817521461589257,0.23513317191283292,0.1226964560862866,0.5824983491085186,1.0,0.037492846136913935,0.10184019370460048,-0.09750605326876513,0.14170372000880477,-0.2055513977547876,-0.16351089588377724,-0.1236055469953775,-0.006277790006603566,-0.09116883116883116,-0.1794783182918776,0.14863746423068458,-0.10136693814659917,0.0758529605987233,0.11832269425489765,0.18556680607528064,0.4158661677305745,0.39687651331719126,-0.11060532687651332,-0.03636583755227823,-0.14683469073299582,0.2469073299581774,0.04757869249394673,0.05566806075280652,-0.17406559542152764,-0.11467092229804095,-0.11514197666740039,0.14334360554699538,0.12644508034338542,0.14893902707462028,-0.07331719128329298,-0.3156416464891041,-0.045494166850099056,-0.12047325555800133,0.39706361435174997,0.16596302003081664,0.13653973145498569,0.04047765793528505,0.1737904468412943,0.10325335681267885,0.009984591679506934,0.07674444199867929,-0.0911336121505613,-0.05208232445520581,0.2289654413383227,0.1575808936825886,0.08399735857362976,0.0387343165309267,-0.0727624917455426,-0.22921197446621175,0.06392471934844816,-0.07425049526744441,-0.17819722650231123,0.006656394453004623,-0.2714571868809157,-0.23653532907770197,-0.152755888179617,-0.03698437156064275,-0.10934624697336562,-0.01182258419546555,-0.03280871670702179,0.07220559101915035,0.08005723090468853,-0.08767114241690513,0.10627779000660356,0.11607528065155184,0.09025974025974026,0.16943649570768216,-0.04929121725731895,0.38903587937486245,0.39193704600484264,-0.2987431212854942,-0.25442879154743564,-0.10759410081443979,0.19586396654193264,0.3428615452344266,-0.006478098173013427,0.16863966541932643,-0.09248073959938367,-0.3095399515738499,0.12586616773057452,0.02664979088707902,0.10581994276909532,-0.2845894783182919,0.1786682808716707,-0.05160246533127889,-0.0010257539071098394,-0.0029782082324455207,-0.14482500550297162,0.20272507153863087,-0.346865507373982,-0.07017389390270747,0.043359013867488444,-0.16569667620515077,-0.034688531807175876,-0.17902267224301122,-0.20842615012106538,-0.1318181818181818,-0.04542372881355932
#58,0.10068677085626238,-0.015390710983931324,0.18936605767114242,0.036207351970063834,0.20877834030376402,0.10227382786704821,0.34870570107858245,0.2621153422848338,0.1419920757208893,0.10688972044904248,0.2788135593220339,0.166979969183359,0.037492846136913935,1.0,0.14940788025533788,0.24451683909311028,0.2089192163768435,0.1798151001540832,-0.20673563724411181,0.0614241690512877,-0.022040501871010344,-0.05370680167290337,0.1388333700198107,0.02927801012546775,0.22585075941008145,-0.02156284393572529,0.14321373541712526,-0.06662998018930222,0.05926040061633282,0.0399735857362976,0.18407880255337883,0.08168170812238609,0.1973893902707462,0.2114505833149901,0.1301584855822144,0.27638344706141316,0.17810477657935286,0.19186660796830288,0.12729253797050408,0.010528285274047986,-0.23572088928021132,0.007668941228263262,0.05950033017829628,0.24376843495487563,-0.06161787365177196,0.16311248073959939,0.09975346687211094,0.1148976447281532,-0.0003653973145498569,0.06440677966101695,0.015458947831829188,-0.024246092890160685,-0.08200308166409861,-0.14789346246973364,0.0212722870349989,-0.009812898965441338,-0.11096852300242131,-0.023209333039841514,-0.24855381906229365,-0.09213735417125248,-0.08272507153863086,-0.17652212194585076,0.36140435835351087,0.2112260620735197,-0.01903808056350429,-0.065115562403698,0.43714065595421525,0.2130728593440458,0.31979088707902265,0.46023552718467975,0.35319392471934846,0.3924521241470394,0.0349042482940788,0.10432533568126788,0.15425269645608627,0.13572749284613692,-0.01704160246533128,-0.1390050627338763,0.47962139555359895,0.13926700418225843,-0.11197006383447061,0.227541272287035,0.14390050627338763,0.1139753466872111,0.26717587497248513,-0.25833590138674883,-0.0018974246092890161,-0.2883381025753907,0.11075280651551837,0.40959718247853844,0.3168104776579353,0.0675016508914814,0.14182038300682367,-0.2589346246973366,-0.21326876513317192,0.1223860884877834,-0.004968082764692934,0.16019810697776798,0.09996918335901386,0.09231344926260181,0.03385208012326656,0.3270878274268105,0.0487673343605547,0.33188861985472157,0.23386528725511777,0.20732555580013207,0.1934932863746423,-0.09359454105216818,-0.16296279991195245,-0.2980805635042923,-0.2689632401496808
#101,-0.077046004842615,0.28691173233546113,0.16393792648029937,0.31546114902047107,0.054858023332599606,-0.04817521461589258,0.2753048646268985,0.1209949372661237,0.4644089808496588,0.3335219018269866,0.14015628439357253,0.2620911292097733,0.10184019370460048,0.14940788025533788,1.0,0.4515738498789346,0.2684745762711864,0.019317631521021353,0.34841294298921416,0.1856020250935505,0.4589544353951134,0.4540721989874532,0.2842438917015188,0.02831388950033018,0.29511996478098174,0.16916574950473257,-0.3714836011446181,-0.3829143737618314,0.5857847237508255,0.2862293638564825,0.038531807175874976,0.15962799911952455,0.05621835791327317,0.21343165309267004,0.16872991415364297,0.17846136913933525,0.5702443319392472,0.26191503411842393,0.4923332599603786,0.28900946511116005,0.4297292537970504,0.46206031256878716,0.13966541932643628,0.07403477878054149,-0.25313009024873434,-0.1317587497248514,-0.17247633722209993,-0.2991877613911512,-0.3904336341624477,-0.43368919216376844,-0.2840413823464671,-0.0686022452124147,-0.13015408320493066,0.25109178956636585,0.3282918776139115,0.2718600044023773,-0.1296764252696456,-0.20577591899625797,-0.1621901826986573,0.12240149680827647,-0.12690953114681927,-0.1957869249394673,0.3659476117103236,0.001926040061633282,-0.2815716486902928,-0.058047545674664316,0.24679286814880036,0.31995597622716265,0.49197886858903805,0.49324675324675327,0.14210433634162448,0.21353510895883776,-0.08660576711424169,-0.20611490204710545,-0.16255337882456528,-0.32893242350869467,0.11434514637904468,-0.0036363636363636364,0.3821329517939687,0.1847325555800132,-0.13372000880475457,0.271551837992516,0.0612392692053709,-0.20118203830068238,-0.008778340303764032,-0.19751265683469074,0.18342725071538632,0.14599603786044463,0.36368258859784286,0.21046224961479199,0.005591019150341184,-0.33053929121725734,-0.16328857583094872,-0.21262161567246313,0.022262821923838872,0.14418005723090468,0.3329341844596082,-0.0011798371120405019,0.13131410961919437,-0.16946951353731016,-0.10491305304864627,0.1584107418005723,-0.04888839973585736,-0.06237728373321594,0.09210213515298261,-0.1886682808716707,0.10295179396874313,-0.17983270966321813,-0.24053709002861545,-0.41154523442659036,-0.2772375082544574
#102,0.15746643187321152,0.46232665639445303,0.1605546995377504,0.2771670702179177,-0.1521813779440898,-0.1725115562403698,0.0999603786044464,0.26365617433414046,0.4488465771516619,0.3135263042042703,0.2989984591679507,-0.17592119744662119,-0.09750605326876513,0.24451683909311028,0.4515738498789346,1.0,0.2566740039621396,0.10561963460268545,0.34036979969183356,0.2180233325996038,0.31211093990755007,0.36942328857583095,0.01837772397094431,0.18930002201188642,0.0786814880035219,0.06246313009024874,-0.3302619414483821,-0.5544023772837332,0.12920977327756988,0.00954655513977548,0.11421527624917456,-0.04670261941448382,-0.07406559542152763,-0.10763152102135153,-0.102524763372221,0.023790446841294298,0.1628131190843055,0.060191503411842394,0.1756482500550297,-0.038998459167950694,-0.04288795949812899,0.09859564164648911,0.06241690512876954,0.3349966982170372,-0.27598062953995156,0.05702399295619635,-0.407640325775919,-0.37360994937266123,-0.2297424609289016,-0.10878494386968963,-0.1965793528505393,0.029355051727933085,-0.09422628219238388,0.009176755447941888,0.1623530706581554,0.22927360774818403,0.010543693594541052,0.11598723310587718,-0.35037200088047543,-0.2072837332159366,-0.05819942769095311,-0.12919216376843495,-0.047666740039621396,-0.06788025533788246,-0.10759850319172352,-0.1099207572088928,0.18583975346687212,0.0473695795729694,0.44579793088267666,0.1733568126788466,0.18169931763152103,0.17988333700198106,0.08678186220559102,-0.1690380805635043,0.102524763372221,-0.0021791767554479417,0.027805414924058993,0.02510675764913053,0.2679572969403478,0.05500110059432093,0.03549856922738279,-0.15157164869029277,-0.19650451243671582,0.11992956196346027,0.1537508254457407,-0.08390490865067136,-0.07902047105436937,-0.19097512656834692,0.19478318291877614,0.07843055249834911,0.08576491305304865,-0.1991217257318952,-0.3597908870790227,-0.41410521681708123,-0.3861633281972265,0.262987012987013,0.0834008364516839,-0.0850033017829628,-0.0058705701078582435,-0.21557781201849,-0.03701518820162888,-0.024045784723750824,0.03038300682368479,0.02378824565265243,-0.0425115562403698,-0.09628659476117103,0.021573849878934626,0.004959278010125467,0.03199867928681488,-0.35635042923178517,-0.3627536869909751
#201,0.45823684789786484,0.5308342504952674,0.749291217257319,0.6389830508474577,0.1012260620735197,0.4117521461589258,0.5002773497688752,0.18338322694254897,0.3037001981069778,0.7296654193264362,0.4459520140876073,0.27317411402157166,0.14170372000880477,0.2089192163768435,0.2684745762711864,0.2566740039621396,1.0,0.4657737178076161,-0.19450363196125908,-0.3072375082544574,-0.23970724191063175,-0.1448316090688972,0.3600506273387629,0.3454259300022012,0.3870724191063174,0.2342923178516399,0.027576491305304866,0.08641646489104116,0.5673321593660576,0.35917675544794186,0.29751705921197447,0.37513977547875854,0.3615474356152322,0.3233237948492186,0.15106317411402156,0.24872551177635924,0.35962799911952453,0.260792427911072,0.2593814659916355,0.2670482060312569,0.3086616773057451,0.3258485582214396,0.3282918776139115,0.18034558661677305,-0.3890578912612811,-0.008313889500330178,0.08639005062733876,0.18543473475676867,-0.0971648690292758,0.022476337222099935,0.17380585516178737,0.38064274708342505,0.24194364957076822,0.3738895003301783,-0.17556020250935506,0.06699097512656835,-0.553416244772177,-0.38742020691173235,-0.1125841954655514,0.2054963680387409,-0.2718115782522562,-0.24467092229804094,0.14167290336781863,-0.08708342504952675,0.16476117103235746,-0.09016729033678186,-0.03227382786704821,0.1543715606427471,0.3646246973365617,0.20941228263262163,0.40426590358793746,0.49894563064054587,-0.2348051948051948,0.03316530926700418,-0.3724697336561743,-0.18977327756988774,-0.10347787805414924,-0.1377657935285054,0.48161787365177194,0.3724785384107418,-0.19888399735857362,0.39077481840193706,0.211963460268545,-0.060217917675544796,0.1121813779440898,-0.39453444860224524,0.056227162667840634,0.10730794629099714,0.4082060312568787,0.20226282192383888,0.03082984811798371,0.05940567906669601,0.08556240369799692,-0.23345806735637245,-0.13545454545454547,0.474058991855602,0.46324675324675324,0.46290997138454765,0.41530266343825667,0.3886506713625358,0.48095751705921197,0.7368192824125027,0.20636363636363636,0.5677041602465331,0.4848580233325996,0.42583094871230465,0.47523662777900066,-0.27316530926700416,-0.297772397094431,-0.4760686770856262,-0.4050099053488884
