,#10,#11,#12,#13,#17,#18,#26,#49,#50,#51,#52,#53,#54,#58,#101,#102,#201,#202,#301,#302,#401,#402,#501,#502,#601,#602,#701,#702,#801,#802,#901,#902,#1001,#1002,#1101,#1102,#1201,#1202,#1301,#1302,#1401,#1402,#1501,#1502,#1601,#1602,#1701,#1702,#1801,#1802,#1901,#1902,#2001,#2002,#2101,#2102,#2201,#2202,#2301,#2302,#2401,#2402,#2501,#2502,#2601,#2602,#2701,#2702,#2801,#2802,#2901,#2902,#3001,#3002,#3101,#3102,#3201,#3202,#3301,#3302,#3401,#3402,#3455,#3501,#3502,#3601,#3602,#3701,#3702,#3801,#3802,#3901,#3902,#4001,#4002,#4101,#4102,#4201,#4202,#4301,#4302,#4401,#4402,#4501,#4502,#4601,#4602,#4701,#4702,#4801,#4802
#10,1.0,0.5229099713845476,0.4132247413603346,0.4921571648690293,0.2800440237728373,0.21596081884217477,0.27962139555359894,0.8226722430112261,0.5895509575170592,0.5173541712524763,0.6715276249174554,0.27288135593220336,0.4108188421747744,0.5985670261941448,0.04842394893242351,-0.35422848338102575,0.5185208012326656,0.05606207351970064,0.15889060092449922,-0.16751705921197446,0.052548976447281535,-0.28370239929561963,0.05998239049086507,-0.41109839313229146,0.24632401496808276,-0.39320713185119965,-0.05574950473255558,-0.26970504072198986,0.0750297160466652,-0.29018049746863306,-0.19573849878934624,-0.2817213295179397,-0.44637684349548756,-0.4030508474576271,-0.20476777459828308,-0.3877195685670262,-0.4825489764472815,-0.34184239489324236,-0.34057671142416907,-0.5044111820383007,-0.27796610169491526,-0.14858801925383014,-0.09686330618534009,0.11355051727933084,-0.4945916795069337,-0.29963240149680825,-0.3452630420427031,-0.34698217037200085,-0.16322254017169271,-0.2895773717807616,-0.19081443979749063,-0.1419590578912613,-0.034345146379044685,-0.3782720669161347,-0.05040942108738719,-0.3489500330178296,-0.09407219898745323,-0.3302487343165309,-0.24283953334800792,-0.38207792207792207,0.2410015408320493,0.01685230024213075,-0.030464450803433855,-0.17163548316090688,0.25495927801012547,0.17499449702839534,0.3258727712965001,0.139306625577812,0.29432753686990976,0.16230904688531808,0.5732489544353951,0.4066982170372001,0.3305877173673784,0.26915034118423947,-0.04235747303543914,0.1832819722650231,-0.15305745102355273,0.02362755888179617,0.34771516618974246,-0.26987012987012987,0.03969623596742241,-0.07548095971824785,0.2082148360114462,0.48161787365177194,0.16589038080563503,-0.004144838212634823,-0.1797292537970504,-0.2098217037200088,-0.16792207792207792,-0.03565265243231345,-0.1403742793167059,-0.14834690732995817,-0.28519480519480517,-0.15105877173673785,-0.25525863966541934,0.26304204270305964,-0.30369359454105216,0.05157605106757649,-0.11141316310807836,-0.10821483601144619,-0.18503852080123268,0.22822364076601365,-0.2708034338542813,-0.13850539291217256,-0.31587497248514196,-0.062412502751485806,-0.3784745762711864,0.06903367818622055,0.31539071098393134,0.10933744221879815,0.08567906669601585
#11,0.5229099713845476,1.0,0.3376095091349329,0.3196456086286595,0.02151221659696236,0.09574950473255558,0.3131124807395994,0.5183711204050188,0.4700858463570328,0.35746643187321153,0.4627801012546775,-0.06592119744662117,0.24049526744441999,0.41381465991635485,0.1886814880035219,-0.12962579793088266,0.3834800792427911,0.17506493506493506,0.2992604006163328,-0.23819062293638565,-0.004869029275808937,-0.17679286814880035,0.09041602465331279,-0.14853180717587497,0.26064274708342505,-0.1425841954655514,0.1111138014527845,-0.24675324675324675,0.05866607968302884,-0.2617609509134933,-0.011210653753026635,-0.4003235747303544,-0.07295399515738499,-0.32557781201849,-0.031697116442879154,-0.25201188641866606,-0.29510455646048867,-0.1778318291877614,-0.2515738498789346,-0.3452388289676425,-0.3883381025753907,-0.1838973056886178,-0.015084745762711864,0.1517345366497909,-0.30259300022011887,-0.25851860004402377,-0.28153202729473914,-0.3560048426150121,-0.23459167950693374,-0.24970504072198987,-0.05913053048646269,-0.055174994497028396,0.006938146599163549,-0.2260906889720449,-0.036700418225841955,-0.24701518820162888,-0.13418445960818842,-0.2605679066696016,-0.2509817301342725,-0.2155712084525644,-0.058615452344265906,-0.09446180937706361,-0.06259300022011886,-0.018846577151661898,0.23018710103455867,-0.01794408980849659,0.24377283733215938,0.1427030596522122,0.43471274488223643,0.2756900726392252,0.44082104336341627,0.40967862645828745,0.338399735857363,0.2744243891701519,-0.052659035879374864,0.06868368919216376,-0.07213295179396874,0.1162755888179617,0.33060532687651334,0.0013009024873431652,0.0011204050187101034,-0.239801893022232,0.09954435395113362,0.17210213515298262,0.04571648690292758,-0.2834866828087167,-0.4145102355271847,-0.15985252036099493,-0.21821483601144617,0.04126348228043143,-0.34311597133835886,-0.2201254677525864,-0.29971164428791547,-0.39080783623156506,-0.29769315430332377,0.23130970724191063,0.030158485582214397,0.13146819282412503,-0.060178296279991196,0.0022936385648250055,-0.050178296279991194,0.13790887079022673,-0.14267444419986794,0.04800132071318512,-0.16904908650671363,0.1518864186660797,-0.20834030376403256,0.008445960818842175,0.03709222980409421,-0.162161567246313,-0.10408980849658815
#12,0.4132247413603346,0.3376095091349329,1.0,0.3040193704600484,0.16642306845696675,0.2927030596522122,-0.013537310147479638,0.2857517059211975,0.12007484041382346,0.4171164428791547,0.342359674224081,-0.026636583755227823,0.24382566585956417,0.19674003962139555,0.10423728813559321,-0.3462117543473476,0.7027867048206031,0.3873365617433414,0.10595641646489104,-0.3149438696896324,-0.1556042262821924,-0.4233149900946511,0.02456746643187321,-0.23510455646048867,0.38617873651771956,-0.38066035659256,0.3247545674664319,-0.05109619194364957,0.12687651331719127,-0.36307285934404576,0.16394453004622497,-0.16705701078582436,0.04209553158705701,-0.2803808056350429,-0.24236407660136475,-0.33053488883997356,-0.505941008144398,-0.5342835130970724,-0.28888839973585734,-0.28838432753686993,-0.1570988333700198,-0.261155767750297,-0.07011446180937707,-0.017939687431212856,-0.3191283292978208,-0.2402047105436936,-0.07625137574290117,-0.27913273167510455,0.0044794188861985475,-0.28745542593000223,0.2009685230024213,0.19041382346467092,0.1954105216817081,-0.15192163768434955,-0.067442218798151,-0.4275280651551838,-0.15656834690732996,-0.627079022672243,-0.23663438256658595,-0.16238828967642527,-0.16048646268985253,-0.2886154523442659,-0.2866145718688092,-0.37631080783623155,0.55590799031477,0.30151882016288795,-0.03286594761171032,-0.24419546555139776,0.07780101254677525,-0.016218357913273168,0.6071010345586617,0.5197908870790227,0.43697776799471716,0.40635042923178516,-0.20691833590138675,0.07077041602465331,-0.3093682588597843,0.12788906009244994,0.3195641646489104,-0.34266784063394234,-0.04558661677305745,0.004169051287695355,0.01855822143957737,0.2685824345146379,0.13434514637904468,-0.30804974686330616,-0.39118423948932424,0.1552542372881356,0.06045784723750825,-0.08144177856042263,-0.19295850371921464,-0.07983050847457628,-0.14484701738939026,-0.1578318291877614,-0.07506493506493507,0.46180497468633064,-0.1423794849218578,0.5688003521901827,0.42574510235527185,0.20345586616773056,0.2636913933524103,0.7646026854501431,0.09752366277790006,0.3617521461589258,0.23825665859564166,0.3528659476117103,0.04127008584635703,-0.1963416244772177,0.1604226282192384,0.011168831168831168,-0.07607748184019371
#13,0.4921571648690293,0.3196456086286595,0.3040193704600484,1.0,0.21794849218578033,0.11803213735417126,0.049528945630640545,0.29012766894122827,0.37464670922298043,0.5122187981510016,0.18850099053488883,0.0388135593220339,0.08004182258419547,0.32972044904248293,0.17856922738278672,-0.1413713405238829,0.4008958837772397,-0.07102135152982611,0.20693814659916354,-0.174818401937046,-0.02047985912392692,-0.0735329077701959,0.04527404798591239,-0.2262557781201849,0.0511732335461149,-0.04848558221439577,0.12962799911952455,0.06324455205811139,-0.040026414263702396,-0.27092009685230023,-0.10075720889280211,-0.014358353510895884,0.00535989434294519,-0.08851199647809817,-0.08285494166850099,-0.1283645168390931,-0.0912392692053709,-0.10318511996478098,-0.050418225841954656,-0.16589698437156064,-0.057380585516178736,-0.05993399732226162,-0.06782742681047765,0.11694475016508915,-0.12593000220118863,-0.14856042262821925,-0.03069997798811358,0.005141976667400397,-0.07804974686330618,-0.11795069337442218,0.034448602245212415,0.009764472815320273,0.17195245432533568,-0.1060246533127889,-0.06729694034778781,0.008399735857362976,-0.27464891041162226,-0.11256658595641647,-0.22012766894122826,-0.23851199647809818,-0.06952234206471494,-0.06281311908430552,0.24134712744882236,0.14031256878714507,0.18695795729694034,-0.012315650451243672,0.08070878274268105,0.19146379044684128,0.28417565485362095,0.03527624917455426,0.22749284613691392,0.252623816861105,0.1340479859123927,0.07162667840633942,-0.059960378604446404,-0.14547435615232227,-0.08761171032357473,0.017376183138895003,0.12427250715386308,-0.15077261721329518,0.13077481840193705,0.04249394673123487,0.019843715606427472,0.09170812238608848,-0.051320713185119965,-0.15199647809817302,-0.26983491085186,-0.14562403697996917,-0.06027955095751706,0.006264582874752366,-0.026085200355055873,-0.28842174774378165,-0.3677481840193705,-0.2604160246533128,-0.3685450143077262,0.009854721549636803,-0.08657715166189743,0.17005723090468852,-0.0029848117983711205,0.12860664758969845,0.12694695135373102,0.1812458727712965,-0.05292097732775699,0.17804534448602244,0.07522782302443319,0.10957076821483601,-0.014635703279771076,0.02401056570548096,0.06196786264582875,-0.09096412062513758,-0.08357032797710764
#17,0.2800440237728373,0.02151221659696236,0.16642306845696675,0.21794849218578033,1.0,0.4154325335681268,0.10647809817301343,0.2882214395773718,0.19064274708342505,0.16596302003081664,0.2807638124587277,0.22867708562623817,0.25853841074180056,0.32423068456966764,-0.031347127448822364,-0.2854391371340524,0.20797930882676646,0.01815100154083205,-0.1618798151001541,-0.11235086946951353,-0.1211930442438917,-0.2239951573849879,-0.04578912612810918,-0.11830068236847897,0.15821703720008803,-0.1358793748624257,-0.046570548095971824,-0.22699537750385207,0.12656174334140435,0.0388861985472155,0.02012987012987013,0.08527624917455426,-0.1302179176755448,0.005245432533568127,0.03075280651551838,-0.10897204490424829,-0.2485824345146379,-0.10935725291657496,-0.06388729914153643,-0.013242350869469514,-0.040887079022672246,0.04421419998580902,0.08410521681708122,-0.04757649130530486,-0.049022672243011226,0.26554039181157824,-0.24190622936385647,-0.17923178516398855,0.06957076821483602,-0.12863306185340084,-0.07559982390490864,-0.07024653312788906,0.2561567246313009,-0.06527184679727052,-0.11450803433854281,-0.19425049526744442,0.14382786704820602,-0.1027426810477658,-0.02822143957737178,0.052837332159366056,0.12656174334140435,-0.09683689192163769,-0.11123486682808717,-0.19413603345806735,-0.03508694695135373,0.18487563284173453,0.142590799031477,0.19258639665419328,-0.11801452784503631,-0.043035439137134056,0.11365617433414044,-0.10139555359894344,0.15269425489764474,0.18817081223860885,-0.05213515298261061,0.07518159806295399,0.09773717807616113,0.10853841074180057,0.2014703940127669,-0.19088267664538852,0.2196632181377944,0.2686594761171032,0.22143517499449702,0.4581994276909531,0.4744309927360775,0.04735857362976007,0.007173673783843275,-0.10120184899845917,-0.07037860444640105,0.21474136033458066,0.10715172086272856,0.11124367158265464,-0.018179616993176315,0.020994937266123708,-0.02638564825005503,0.17946511116002642,-0.1023002421307506,-0.008705701078582434,-0.043341404358353514,0.09106317411402157,0.10854501430772617,0.18507814219678626,0.060880475456746644,0.02550957517059212,-0.037096632181377945,0.08357693154303324,0.00637244111820383,-5.7230904688531804e-05,-0.10833810257539071,0.010587717367378385,0.1101848998459168
#18,0.21596081884217477,0.09574950473255558,0.2927030596522122,0.11803213735417126,0.4154325335681268,1.0,-0.019788685890380804,0.19244992295839752,0.06211534228483381,0.07812238608848779,0.2093880695575611,0.16063834470614133,0.5501034558661677,0.27949592780101257,-0.30477878054149243,-0.2922694254897645,0.1115628439357253,0.326649790887079,-0.14065595421527624,-0.1414307726172133,-0.2538895003301783,-0.24966541932643627,-0.21601584855822145,0.02699537750385208,-0.03345806735637244,-0.16450143077261722,-0.0824389170151882,-0.3682588597842835,0.540609729253797,0.25841074180057233,0.49409200968523004,0.20760950913493287,0.040997138454765575,0.09543033237948492,0.22410961919436495,-0.020125467752586397,-0.07072419106317411,0.018232445520581113,-0.13278670482060312,0.016746643187321154,-0.20209773277569887,0.13554376818391234,0.2902355271846797,-0.18760290556900727,-0.031967862645828744,0.1375610829848118,-0.2403896103896104,-0.3441272287034999,0.21455866167730575,-0.1798745322474136,-0.14816640986132512,-0.3446335020911292,-0.07998899405679066,-0.1296522121945851,-0.3200242130750605,-0.10736077481840194,0.2230904688531807,-0.07494607087827426,0.15374642306845696,0.02393792648029936,0.07248073959938367,0.10349988994056791,0.10670041822584196,-0.06687211093990755,-0.08686110499669822,0.0063856482500550295,0.2713317191283293,0.11528285274047986,0.021234866828087166,-0.13898745322474135,-0.002104336341624477,-0.0899801893022232,-0.03658595641646489,-0.0005657054809597182,-0.08632401496808277,0.08753026634382567,0.06610609729253797,0.18992956196346028,-0.013739819502531368,0.013521901826986572,0.3471648690292758,0.38885538190622937,0.5428329297820823,0.4206999779881136,0.7040854061193044,0.14281972265023113,0.09933083865287255,0.12570988333700198,0.2301254677525864,0.4289192163768435,0.12431990112257062,0.39462029495927803,0.08718467972705261,0.10301342725071538,0.043273167510455644,0.14501871010345588,-0.08768875192604006,-0.10403257759189963,-0.2429187761391151,0.10447941888619855,-0.08809597182478539,0.39,0.3180057230904689,0.046500110059432095,0.1223662777900066,0.03594981289896544,0.15641206251375742,0.014882236407660137,0.0027779000660356594,-0.018745322474136034,0.09700858463570328
#26,0.27962139555359894,0.3131124807395994,-0.013537310147479638,0.049528945630640545,0.10647809817301343,-0.019788685890380804,1.0,0.33867268324895444,0.33645828747523665,0.1251287695355492,0.40602905569007264,-0.16116883116883116,0.2548117983711204,0.22282632621615672,-0.06810697776799472,-0.05019370460048426,-0.12224301122606207,0.13299581774158045,-0.2383975346687211,-0.059196566145718686,0.18331939247193485,-0.0049966982170372,0.07104996698217038,-0.1386220559101915,-0.04775038520801233,-0.01799031476997579,-0.0663482280431433,-0.06205591019150341,0.08074620294959278,-0.14235747303543914,0.13715606427470833,-0.24957517059211975,-0.22549636803874093,-0.1428285274047986,0.0778648470173894,-0.1842791107197887,-0.07296279991195245,0.06086286594761171,-0.15792868148800351,-0.07516618974246093,-0.22821263482280432,-0.1651112508866918,0.04132731675104556,0.18645608628659477,0.055485362095531586,-0.03711864406779661,-0.2613427250715386,-0.1942923178516399,0.05716046665199208,0.2246357032797711,0.05302883557120845,0.05650451243671583,0.07248734316530926,0.1290314769975787,0.0199867928681488,-0.02962359674224081,0.09142196786264582,0.07860444640105657,-0.020398415144177857,-0.07370019810697777,0.1815760510675765,0.12933303984151442,0.014263702399295619,-0.09268545014307726,0.03886418666079683,0.019119524543253358,0.28626018049746865,0.3396852300242131,-0.005241030156284393,0.024941668500990534,-0.06355712084525644,0.038976447281532024,-0.19165749504732554,-0.12973805855161788,-0.23379925159586176,-0.1934404578472375,0.05125467752586397,-0.10364736957957298,-0.05486902927580894,-0.08623816861104996,-0.20078362315650453,-0.2171186440677966,0.2638630860664759,0.21572088928021133,0.1492692053709003,0.1260444640105657,0.13728813559322034,-0.1090710983931323,-0.021554039181157825,0.054336341624477216,-0.0842065178332275,0.06219898745322474,-0.05729473915914594,-0.04706141316310808,-0.15313889500330177,0.17124147039401277,-0.15370680167290338,-0.09446180937706361,-0.06674224081003742,-0.1751287695355492,0.0067466431873211535,-0.07990975126568346,-0.04649570768214836,-0.16703940127668943,-0.20882896764252695,-0.1837046004842615,-0.27240810037420204,0.022960598723310587,0.08920316971164428,0.042227602905569005,-0.0624058991855602
#49,0.8226722430112261,0.5183711204050188,0.2857517059211975,0.29012766894122827,0.2882214395773718,0.19244992295839752,0.33867268324895444,1.0,0.733647369579573,0.46182918776139115,0.6703103675985032,0.37552718467972707,0.5538983050847458,0.5494254897644728,0.08468412942989215,-0.4020030816640986,0.4383601144618094,-0.008906009244992295,0.16148800352190182,-0.2678626458287475,0.08544794188861986,-0.3857120845256439,0.06794188861985472,-0.39461149020471054,0.20662337662337663,-0.4387937486242571,-0.14254897644728154,-0.4280079242791107,0.08068456966762051,-0.23225181598062955,-0.22366497908870792,-0.3233215936605767,-0.5112436715826546,-0.38702179176755447,-0.23526304204270307,-0.4445740699977988,-0.4470526084085406,-0.3535615232225402,-0.3388311688311688,-0.5230222320052829,-0.4358023332599604,-0.18872451503663162,-0.04307506053268765,0.14407880255337882,-0.44791327316751045,-0.26306845696676207,-0.32417785604226285,-0.43017389390270744,-0.11825665859564165,-0.30928681488003523,-0.35517719568567024,-0.2602245212414704,-0.1889654413383227,-0.44370900286154524,-0.08272507153863086,-0.42300902487343167,-0.030521681708122386,-0.36121065375302663,-0.19765573409641207,-0.39921857803213734,0.22069777679947172,0.02435395113361215,-0.04152322254017169,-0.21415804534448601,0.17457847237508253,0.10797050407219899,0.34258639665419327,0.20024213075060532,0.3176007043803654,0.2710873871890821,0.5400726392251816,0.33289016068677085,0.351567246313009,0.2638917015188202,0.032949592780101254,0.25194144838212634,-0.08375522782302443,0.0985097952894563,0.3337904468412943,-0.25297380585516177,0.06279771076381246,-0.00821483601144618,0.24204490424829408,0.5853004622496147,0.18104996698217038,0.03202729473915915,-0.11262821923838873,-0.15200088047545673,-0.0662623816861105,0.0822870349988994,-0.03273829668627872,-0.05412722870349989,-0.26513757429011664,-0.14094430992736076,-0.19466211754347348,0.22309487123046445,-0.3070416024653313,-0.09237948492185781,-0.23979749064494826,-0.26883777239709444,-0.32906889720449045,0.08040721989874532,-0.25547655734096414,-0.34041822584195464,-0.4392361875412723,-0.1963944530046225,-0.44776139115122165,0.035465551397754785,0.2467510455646049,0.10189302223200529,0.10559322033898305
#50,0.5895509575170592,0.4700858463570328,0.12007484041382346,0.37464670922298043,0.19064274708342505,0.06211534228483381,0.33645828747523665,0.733647369579573,1.0,0.4623464670922298,0.5674488223640766,0.24475896984371562,0.3189962579793088,0.49640325775919,0.1265199207572089,-0.2280431432973806,0.23068016729033677,-0.07563944530046225,0.24054369359454106,-0.15278670482060314,0.099933964340744,-0.16880475456746644,0.11054369359454105,-0.3226128109178957,0.12923838872991417,-0.2764869029275809,0.005958617653532908,-0.1354105216817081,0.039744662117543475,-0.15875632841734535,-0.18924058991855602,-0.23535549196566147,-0.3952872551177636,-0.2800462249614792,-0.16367598503191724,-0.27953554919656615,-0.32802553378824567,-0.17807175874972486,-0.2715936605767114,-0.3379837112040502,-0.25049966982170374,-0.07016512775982119,0.0010037420206911731,0.21039401276689412,-0.1696830288355712,-0.1283513097072419,-0.08658815760510676,-0.2295905789126128,-0.17204490424829408,-0.2742725071538631,-0.28120405018710104,-0.22395333480079244,-0.2234932863746423,-0.25714946070878275,-0.1584701738939027,-0.2686836891921638,-0.12996257979308826,-0.257310147479639,-0.18839533348007925,-0.31732115342284833,0.011981069777679947,-0.16588157605106757,0.15685670261941448,-0.02,0.2092097732775699,0.0017257318952234207,0.23663658375522784,0.32651551837992515,0.2907329958177416,0.19925379705040722,0.34998239049086505,0.12198327096632182,0.2425775918996258,0.1776601364736958,-0.006112700858463571,0.11667180277349769,-0.20666079683028835,-0.0713647369579573,0.24943649570768214,-0.08698657274928462,0.10279771076381246,0.10513317191283293,0.151930442438917,0.44621175434734756,0.06984811798371121,-0.077541272287035,-0.19968743121285495,-0.0361699317631521,-0.1165133171912833,0.15637244111820384,-0.03337223936399326,-0.21042042703059652,-0.3630002201188642,-0.2154589478318292,-0.27043143297380584,0.07334580673563725,-0.1381554039181158,-0.12012106537530266,-0.2310015408320493,-0.23315430332379486,-0.18616773057451025,0.0019678626458287476,-0.21630420427030597,-0.298961038961039,-0.3389830508474576,-0.2357803213735417,-0.3224191063174114,-0.11428571428571428,-0.004805194805194805,-0.03904248294078803,0.017704160246533127
#51,0.5173541712524763,0.35746643187321153,0.4171164428791547,0.5122187981510016,0.16596302003081664,0.07812238608848779,0.1251287695355492,0.46182918776139115,0.4623464670922298,1.0,0.3311908430552498,0.2406977767994717,0.30528945630640547,0.2529187761391151,0.25906009244992295,-0.37324675324675327,0.5215386308606648,-0.19922077922077921,0.21053709002861545,-0.34264802993616555,0.1374488223640766,-0.3574400176095091,-0.018846577151661898,-0.48447061413163106,0.09094651111600265,-0.5134646709222981,0.16846577151661898,-0.025767114241690512,-0.09698657274928461,-0.364818401937046,-0.195445740699978,-0.0902839533348008,-0.17493286374642306,-0.20298481179837113,-0.3320713185119965,-0.35447941888619855,-0.4405392912172573,-0.40259300022011885,-0.32529605987233107,-0.46509795289456307,-0.22275808936825886,-0.18228713531101998,-0.15528285274047987,-0.1357473035439137,-0.4715694475016509,-0.21190182698657276,0.05587717367378384,-0.15217257318952235,0.05307065815540392,-0.26794188861985474,-0.07163988553819062,-0.1478780541492406,0.0824983491085186,-0.3726172132951794,-0.06517499449702839,-0.5021395553598943,-0.05871670702179177,-0.39069117323354613,-0.21499449702839532,-0.37714946070878275,-0.02757208892802113,-0.1411666299801893,-0.05799911952454325,-0.14033678186220558,0.3680959718247854,0.10776579352850539,-0.0362953995157385,0.07063614351749944,0.14594761171032358,0.020365397314549855,0.5096566145718688,0.3259520140876073,0.34674003962139555,0.34622716266784065,-0.0063174114021571645,0.08880475456746643,-0.23743781642086728,-0.057444419986792866,0.15212194585075942,-0.42464450803433856,0.12343165309267004,0.03030376403257759,-0.03468192824125028,0.364554259300022,-0.08208012326656394,-0.26176315210213513,-0.2756658595641647,-0.060277349768875194,0.030677966101694914,-0.21818622055910192,-0.1336452419355485,-0.28886198547215497,-0.36208012326656397,-0.19654193264362757,-0.18158045344486023,0.05808056350429232,-0.46533568126788466,0.2227426810477658,0.0007153863086066475,0.07810037420206911,-0.024215276249174553,0.2362293638564825,-0.13320052828527404,0.11041162227602906,0.00047985912392692055,0.0909751265683469,-0.14850539291217257,-0.08845916795069338,0.1395179396874312,0.0413515298261061,0.08987673343605547
#52,0.6715276249174554,0.4627801012546775,0.342359674224081,0.18850099053488883,0.2807638124587277,0.2093880695575611,0.40602905569007264,0.6703103675985032,0.5674488223640766,0.3311908430552498,1.0,0.24010345586616774,0.3002267224301123,0.4344353951133612,-0.11827646929341845,-0.25725511776359233,0.23154523442659036,0.07368258859784284,-0.0386550737398195,-0.12638564825005502,-0.0324191063174114,-0.19272727272727272,0.09081664098613251,-0.2547677745982831,0.14744441998679286,-0.3897490644948272,-0.11355051727933084,-0.19366057671142417,-0.036533127889060095,-0.19245432533568127,-0.05514417785604226,-0.19255998239049085,-0.33560642747083425,-0.266106097292538,-0.12797050407219898,-0.29668280871670705,-0.4386440677966102,-0.19604446401056572,-0.2835461149020471,-0.26898965441338324,-0.18543693594541052,-0.24797834469426203,-0.04688311688311688,0.052205591019150344,-0.2697600704380365,-0.0634800792427911,-0.3800770416024653,-0.35238828967642527,-0.05129650011005943,-0.16054369359454104,-0.1498811358133392,-0.09190622936385648,-0.019049086506713626,-0.24690512876953555,-0.020697776799471716,-0.25000220118864186,-0.005047325555800132,-0.17809597182478537,-0.0912128549416685,-0.2686022452124147,0.23719568567026195,0.09165309267004182,-0.0897094430992736,-0.14911512216596962,0.19519700638344706,0.08597182478538411,0.14585736297600704,0.049401276689412285,0.027547875852960597,0.12328417345366498,0.37886858903808057,0.2798261060972925,0.09741800572309046,0.14326656394453005,-0.20243451463790446,0.029757869249394674,-0.14696456086286594,0.017373981950253137,0.013935725291657495,-0.16222980409421087,-0.016610169491525422,0.012229804094210874,0.2797622716266784,0.5473167510455647,0.14749724851419765,0.08177856042262822,0.003900506273387629,-0.15295619634602686,-0.077574290116663,0.01833810257539071,-0.19477778713286414,-0.0037090028615452343,-0.19950253136693816,0.006077481840193705,-0.07878274268104776,0.22657274928461368,-0.17324014968082765,-0.050178296279991194,-0.1012392692053709,-0.19710983931322915,-0.06571428571428571,0.22164869029275808,-0.1757142857142857,-0.09684569667620516,-0.26344486022452124,-0.01696456086286595,-0.34318952234206473,0.12710103455866167,0.217574290116663,0.14188201628879596,0.1370394012766894
#53,0.27288135593220336,-0.06592119744662117,-0.026636583755227823,0.0388135593220339,0.22867708562623817,0.16063834470614133,-0.16116883116883116,0.37552718467972707,0.24475896984371562,0.2406977767994717,0.24010345586616774,1.0,0.3897292537970504,0.3004028175214616,-0.02220559101915034,-0.22857362976007045,0.16156504512436715,-0.21673563724411182,0.11138454765573409,-0.10549196566145719,-0.10797490644948272,-0.21788025533788247,0.05138234646709223,-0.16183799251595862,0.11796830288355713,-0.17335020911292098,-0.17360114461809378,-0.22221879815100154,-0.08834470614131631,0.21869029275808938,-0.251023552718468,0.3069381465991636,-0.22577812018489984,0.11167070217917675,-0.20256878714505833,0.022821923838872993,-0.15852960598723312,-0.06304424389170152,-0.14271846797270527,-0.1903169711644288,-0.18464450803433854,0.09695250767804003,-0.19229583975346687,-0.016497908870790227,-0.232227602905569,-0.13076821483601145,-0.06510455646048867,-0.21245432533568126,0.10115122165969624,-0.23946731234866828,-0.2776799471714726,-0.3080409421087387,-0.17268545014307726,-0.2865617433414044,0.0112062513757429,-0.16938146599163548,0.025480959718247854,-0.19933303984151443,0.07548536209553158,-0.2884569667620515,0.09474796390050627,-0.038567026194144836,0.020950913493286375,-0.12566585956416465,0.010154083204930662,0.09581113801452784,0.18372000880475456,0.07681928241250276,0.04421307506053269,0.03120845256438477,0.19999559762271626,0.03445300462249615,0.1175941008144398,0.22028175214615892,0.0823134492626018,0.18578032137354172,-0.05649570768214836,-0.0748382126348228,0.01867708562623817,-0.16027955095751706,0.07860444640105657,0.3564538850979529,-0.19376623376623375,0.5944464010565705,0.03974246092890161,0.06783623156504512,0.0672573189522342,-0.11679727052608409,0.18556020250935507,0.15580453444860223,0.18603135925127143,0.03425709883337002,-0.0811798371120405,0.06035659255998239,0.023713405238828967,0.017169271406559543,-0.06696015848558222,-0.2590336781862206,-0.18306845696676205,-0.1034734756768655,-0.2659189962579793,-0.0211402157164869,0.035786924939467314,-0.1615166189742461,-0.14057010785824345,-0.21870570107858242,-0.07959057891261281,0.04822804314329738,0.017554479418886198,0.12605326876513318,0.22095091349328638
#54,0.4108188421747744,0.24049526744441999,0.24382566585956417,0.08004182258419547,0.25853841074180056,0.5501034558661677,0.2548117983711204,0.5538983050847458,0.3189962579793088,0.30528945630640547,0.3002267224301123,0.3897292537970504,1.0,0.4866960158485582,-0.3127690953114682,-0.5102905569007264,0.2848470173893903,0.14636583755227822,-0.027508254457407,-0.25173673783843276,-0.23651771956856701,-0.4553576931543033,-0.2571758749724851,-0.242260620735197,-0.08138234646709223,-0.38972044904248293,-0.07708342504952674,-0.2861104996698217,0.40887739379264804,0.12326436275588817,0.21400396213955536,0.05579793088267664,-0.21553378824565264,0.02318071758749725,0.0835395113361215,-0.07540832049306626,-0.21122386088487782,-0.14648910411622276,-0.40228923618754125,-0.2614637904468413,-0.3062095531587057,-0.013597850317991449,0.12796169931763152,-0.11337222099933965,-0.2692427911071979,-0.10302443319392472,-0.05956636583755228,-0.20986792868148801,0.24995597622716267,-0.16028835571208452,-0.1845938806955756,-0.27855822143957737,-0.14183579132731675,-0.39200308166409864,-0.41040281752146157,-0.4414109619194365,0.10468192824125028,-0.2778560422628219,-0.021111600264142636,-0.20460928901606867,0.139867928681488,0.07679066696015849,0.15281311908430553,-0.1284437596302003,0.10612810917895664,0.1328615452344266,0.5295949812898966,0.19876293198327097,0.14016508914814,-0.09555139775478759,0.22912612810917896,0.1409553158705701,0.040457847237508254,0.07262821923838873,-0.05517719568567026,0.2498217037200088,-0.06572309046885318,0.050303764032577594,0.23912832929782082,-0.15650231124807396,0.1872705260840854,0.1998547215496368,0.4209465111160026,0.5339313229143737,0.5151309707241911,0.06428571428571428,0.02811798371120405,0.12784943869689633,0.11704600484261501,0.37382126348228045,0.3053666659513262,0.23786264582874753,0.03042703059652212,-0.0713317191283293,-0.0960972925379705,0.10148580233325996,-0.3778956636583755,-0.12059432093330398,-0.15872551177635924,0.07881796169931764,-0.15918776139115123,0.2512854941668501,0.11645608628659476,-0.13735197006383448,-0.010539291217257319,-0.08971824785384107,-0.07198327096632182,0.014109619194364957,0.192095531587057,0.04701298701298701,0.1013053048646269
#58,0.5985670261941448,0.41381465991635485,0.19674003962139555,0.32972044904248293,0.32423068456966764,0.27949592780101257,0.22282632621615672,0.5494254897644728,0.49640325775919,0.2529187761391151,0.4344353951133612,0.3004028175214616,0.4866960158485582,1.0,0.048236847897864844,-0.2186286594761171,0.33910411622276027,0.02146599163548316,0.008445960818842175,0.008762931983270966,0.0363020030816641,-0.26592339863526304,-0.10841514417785604,-0.32020691173233545,0.0723398635263042,-0.25206691613471277,-0.008771736737838433,-0.3132797710763812,0.1317873651771957,-0.14730574510235528,-0.08212194585075941,-0.15,-0.15830288355712085,-0.13917895663658375,-0.023099273607748185,-0.10181818181818182,-0.2278582434514638,-0.06552718467972705,-0.345808936825886,-0.39108518600044023,-0.12065375302663438,-0.2101519976623682,0.03592339863526304,0.12527184679727052,-0.2464736957957297,-0.20989874532247413,-0.17240149680827646,-0.23411842394893242,-0.06683248954435395,-0.22575170592119745,-0.18072859344045786,-0.22622496147919877,-0.04666519920757209,-0.43287915474356153,-0.21843935725291658,-0.33836891921637685,-0.020977327756988774,-0.20285274047985913,-0.2030838652872551,-0.19536649790887078,0.09087167070217918,-0.0077173673783843275,0.2699119524543253,0.048051948051948054,0.057836231565045124,0.16715386308606647,0.5658727712965002,0.3615232225401717,0.3036715826546335,0.23213075060532687,0.3737684349548756,0.2458331499009465,0.2595993836671803,0.14597622716266784,0.17563504292317852,0.3918203830068237,0.04164208672683249,0.15283072859344046,0.31486902927580895,-0.11178076161127008,0.2312260620735197,0.13400396213955537,0.21437816420867267,0.437937486242571,0.3344089808496588,-0.07791327316751046,-0.2590050627338763,-0.19942328857583094,-0.2392031697116443,0.23753246753246754,-0.11665755924366682,-0.11084745762711865,-0.20107638124587277,-0.30309707241910633,-0.3120140876073079,0.07692053709002862,-0.07511776359233986,-0.00885097952894563,-0.19961479198767335,-0.0137706361435175,-0.06857803213735417,0.20264582874752365,-0.20046665199207572,-0.048798151001540835,-0.12874312128549417,0.033631961259079905,-0.1617939687431213,0.17997578692493946,0.11801232665639445,-0.21600264142637024,-0.11053048646268986
#101,0.04842394893242351,0.1886814880035219,0.10423728813559321,0.17856922738278672,-0.031347127448822364,-0.30477878054149243,-0.06810697776799472,0.08468412942989215,0.1265199207572089,0.25906009244992295,-0.11827646929341845,-0.02220559101915034,-0.3127690953114682,0.048236847897864844,1.0,0.13360114461809378,0.28380145278450364,-0.21528065155183798,0.26960598723310586,-0.17809156944750165,0.5167136253576932,-0.10951353731014749,0.299603786044464,-0.27174994497028393,0.35964120625137574,-0.09633281972265023,-0.01983050847457627,-0.2230332379484922,-0.29920977327756987,-0.37421527624917456,-0.3810741800572309,-0.2624851419766674,0.039222980409421085,-0.3149856922738279,-0.4018467972705261,-0.3908958837772397,-0.0826370239929562,-0.30943649570768217,0.14157605106757648,-0.22872331058771736,0.06594761171032358,-0.2238709134222843,-0.15590358793748624,0.06912832929782083,-0.16362755888179617,-0.1813383226942549,-0.1788201628879595,-0.20159366057671144,-0.34669601584855825,-0.22724191063174115,-0.060127668941228264,0.04443099273607748,-0.08218798151001541,-0.05964120625137574,0.4160708782742681,-0.09192824125027514,-0.17060312568787145,-0.2472463130090249,-0.1942042703059652,-0.051631080783623155,-0.14949372661237068,-0.22446621175434736,-0.23104996698217037,-0.16238828967642527,-0.002914373761831389,-0.1510543693594541,-0.18974025974025974,-0.08850759410081444,0.32062293638564826,0.20414483821263482,0.3727823024433194,0.09939247193484482,0.5414858023332599,0.2437112040501871,0.29019590578912613,0.10820162887959499,0.15393352410301564,0.3187497248514198,0.2793000220118864,-0.2299471714725952,-0.1343517499449703,-0.11739379264802993,-0.5063966541932644,-0.037090028615452346,-0.31372220999339645,-0.2587079022672243,-0.38422187981510014,-0.14947171472595203,-0.049764472815320274,-0.19095751705921196,-0.30820840205177574,-0.36227162667840634,-0.2515936605767114,-0.18537310147479638,-0.1164935064935065,0.08531587057010785,-0.018168611049966983,0.1126304204270306,-0.04946731234866828,-0.21592119744662117,-0.10497468633061853,-0.004664318732115342,-0.26024873431653095,0.07735417125247633,-0.13826766453885098,0.025998239049086505,-0.12095751705921197,-0.026504512436715828,-0.06009685230024213,-0.15951793968743122,-0.1523860884877834
#102,-0.35422848338102575,-0.12962579793088266,-0.3462117543473476,-0.1413713405238829,-0.2854391371340524,-0.2922694254897645,-0.05019370460048426,-0.4020030816640986,-0.2280431432973806,-0.37324675324675327,-0.25725511776359233,-0.22857362976007045,-0.5102905569007264,-0.2186286594761171,0.13360114461809378,1.0,-0.37843935725291655,-0.027153863086066477,0.092458727712965,0.5940193704600484,0.2575258639665419,0.7670504072198987,0.10472375082544574,0.49762931983270964,-0.20534448602245212,0.5082896764252697,-0.10863086066475897,0.29745982830728596,-0.20291437376183138,0.010237728373321594,-0.07090028615452344,-0.050281752146158924,0.30464230684569665,0.2531983270966322,0.07592780101254677,0.1322738278670482,0.31370239929561966,0.42327096632181377,0.22012987012987012,0.4385560202509355,0.30116222760290556,-0.14067694292151753,0.08256218357913273,0.05431212854941669,0.3198283072859344,0.17724191063174113,0.09007704160246534,0.1358793748624257,-0.16482060312568786,0.16178956636583755,-0.05462249614791988,0.08107638124587277,-0.10245652652432313,0.5015738498789346,0.1652014087607308,0.569189962579793,-0.42623376623376624,0.38567686550737396,-0.19779661016949152,0.008567026194144838,-0.2433149900946511,-0.12226942548976447,0.12175214615892582,0.35898305084745763,-0.3148734316530927,-0.1847919876733436,-0.22889500330178297,0.05437816420867268,0.10094871230464451,0.2474290116662998,-0.23412282632621614,-0.08616552938586837,-0.16374642306845696,-0.014741360334580674,-0.18732555580013208,-0.38239709443099273,-0.011899625797930883,-0.20250275148580232,-0.17850979528945632,0.5057935285053929,-0.02797710763812459,0.03218357913273168,-0.2371978868589038,-0.3413009024873432,-0.3061413163108078,-0.11874972485141977,-0.13941228263262162,0.19443979749064494,-0.031146819282412502,-0.058703499889940565,-0.0522826613926237,-0.3720801232665639,-0.1523860884877834,-0.0987277129650011,-0.25097952894563064,-0.22917895663658375,0.35138454765573407,-0.19273167510455647,-0.03222320052828528,-0.092326656394453,0.07156504512436716,-0.2595729694034779,-0.05068677085626238,0.0813449262601805,0.04523442659035879,0.16375963020030818,0.2094210873871891,-0.06616552938586837,-0.26097952894563065,-0.32928461369139334,-0.3817543473475677
#201,0.5185208012326656,0.3834800792427911,0.7027867048206031,0.4008958837772397,0.20797930882676646,0.1115628439357253,-0.12224301122606207,0.4383601144618094,0.23068016729033677,0.5215386308606648,0.23154523442659036,0.16156504512436715,0.2848470173893903,0.33910411622276027,0.28380145278450364,-0.37843935725291655,1.0,0.10811578252256218,0.31371340523882896,-0.3709751265683469,-0.06002861545234427,-0.549652212194585,0.034719348448162005,-0.47161787365177193,0.44294959278010126,-0.4121307506053269,0.3009046885318072,-0.15577591899625798,0.016013647369579574,-0.4420713185119965,-0.18278010125467753,-0.21722870349988993,-0.10572749284613692,-0.31519260400616333,-0.349867928681488,-0.335445740699978,-0.48933964340744,-0.5734976887519261,-0.3438740920096852,-0.49966101694915255,-0.13319172353070657,-0.22080355536188429,-0.007668941228263262,-0.012696456086286594,-0.474191063174114,-0.3568743121285494,0.07591459388069557,-0.1921417565485362,-0.033449262601804974,-0.3653510895883777,0.07785604226282192,-0.006374642306845697,0.1736187541272287,-0.37548756328417343,-0.02546995377503852,-0.5259300022011887,-0.15817961699317631,-0.6801298701298701,-0.3282148360114462,-0.3204930662557781,-0.10600704380365397,-0.3105304864626898,-0.2646599163548316,-0.31224521241470393,0.47675324675324676,0.3149570768214836,0.11646268985252035,-0.14153202729473915,0.21444199867928682,0.01644508034338543,0.7237398195025314,0.5197930882676646,0.5968919216376843,0.5056460488663879,0.003649570768214836,0.24995597622716267,-0.2420889280211314,0.13351749944970284,0.5446665199207572,-0.3725841954655514,0.06049086506713625,-0.09257318952234206,-0.11059652212194584,0.21759850319172352,0.013614351749944971,-0.3282588597842835,-0.46346907329958176,-0.07944970283953334,-0.1675148580233326,-0.17733876293198328,-0.23863319317260556,-0.1698084965881576,-0.202821923838873,-0.23897424609289017,-0.1640788025533788,0.3303411842394893,-0.2600462249614792,0.47357032797710763,0.2837090028615452,0.25987012987012986,0.14682588597842836,0.48544794188861984,-0.13955535989434295,0.264455205811138,0.04291877613911512,0.30044243891701516,-0.022130750605326877,-0.08552278230244333,0.2045630640545895,-0.001904028175214616,-0.005573409641206251
