,#10,#11,#12,#13,#17,#18,#26,#49,#50,#51,#52,#53,#54,#58,#101,#102,#201,#202,#301,#302,#401,#402,#501,#502,#601,#602,#701,#702,#801,#802,#901,#902,#1001,#1002,#1101,#1102,#1201,#1202,#1301,#1302,#1401,#1402,#1501,#1502,#1601,#1602,#1701,#1702,#1801,#1802,#1901,#1902,#2001,#2002,#2101,#2102,#2201,#2202,#2301,#2302,#2401,#2402,#2501,#2502,#2601,#2602,#2701,#2702,#2801,#2802,#2901,#2902,#3001,#3002,#3101,#3102,#3201,#3202,#3301,#3302,#3401,#3402,#3455,#3501,#3502,#3601,#3602,#3701,#3702,#3801,#3802,#3901,#3902,#4001,#4002,#4101,#4102,#4201,#4202,#4301,#4302,#4401,#4402,#4501,#4502,#4601,#4602,#4701,#4702,#4801,#4802
#10,1.0,0.5160026414263702,0.5110785824345146,0.4088707902267224,0.4603940127668941,0.2798745322474136,-0.13820162887959497,0.5550363196125908,0.31462469733656173,0.40997578692493947,0.4029275808936826,0.08088707902267224,0.28186880915694473,0.05216817081223861,-0.33736077481840193,-0.17125027514858024,0.2524169051287695,0.34819062293638564,0.029126128109178955,0.2570019810697777,-0.1758287475236628,-0.01728593440457847,-0.29737178076161125,-0.25615892581994276,-0.2750231124807396,-0.22679066696015848,0.017316751045564606,0.15631080783623155,0.16013427250715387,0.24033458067356372,0.03637684349548757,-0.08394012766894123,-0.07819062293638565,-0.21060972925379706,0.2575038520801233,0.1521813779440898,-0.14566145718688092,-0.18314990094651112,-0.3532819722650231,-0.22710103455866168,0.2848558221439577,0.007059211974466212,0.21202729473915916,0.17138674884437596,-0.14187981510015407,-0.0287012987012987,0.2517807616112701,0.18124367158265464,0.16051287695355493,0.16169271406559543,0.19736737838432752,0.2397622716266784,0.04989874532247414,0.008842174774378164,-0.3475852960598723,-0.14423508694695136,-0.25913933524103017,0.05825445740699978,-0.4481465991635483,-0.26359013867488446,-0.19427911071978868,-0.11922738278670482,0.0056130310367598505,-0.2652762491745543,0.2756042262821924,0.4258947831829188,-0.20880915694475016,-0.2871516618974246,0.09775038520801232,-0.06699097512656835,0.23031697116442879,0.27494827206691613,-0.03697556680607528,0.3378516398855382,0.026654193264362757,0.18064494827206692,-0.08087827426810477,-0.1652212194585076,-0.0537772397094431,-0.09480959718247854,0.36093330398415147,0.4032907770195906,0.24114461809377064,0.10303323794849219,0.2240744001760951,-0.1448448162007484,-0.17868368919216376,0.323086066475897,0.4319524543253357,0.23195905789126128,0.3162821923838873,0.0026920537090028614,0.122623816861105,-0.33452564384767774,-0.39033458067356375,0.10048866387849438,0.11453444860224521,0.262854941668501,0.25433414043583535,0.26441998679286816,0.21058331499009464,0.25169051287695354,0.1535130970724191,0.1448712304644508,0.1829187761391151,0.079702839533348,0.07256218357913273,-0.16935725291657494,-0.13264582874752368,-0.47109839313229146,-0.5181267884657715
#11,0.5160026414263702,1.0,0.39637023992956194,0.3787409200968523,0.23044464010565704,0.11331719128329298,0.04722209993396434,0.3625291657495047,0.21428351309707241,0.36058991855602024,0.527970504072199,-0.06892141756548537,0.1395201408760731,-0.15858463570327977,-0.12666740039621396,0.17560862865947613,0.176979969183359,0.37109619194364957,0.023002421307506054,0.10791547435615233,-0.1973497688751926,0.20243451463790446,-0.3943429451904028,-0.22360334580673563,-0.22254017169271406,-0.05192163768434955,-0.0019436495707682148,0.2608958837772397,0.09364076601364738,0.028375522782302442,0.3494475016508915,-0.06998239049086506,0.0836385648250055,-0.23597622716266783,0.09777019590578913,0.05348888399735857,-0.28664538850979526,-0.30834910851860003,-0.1493264362755888,-0.010334580673563725,0.1861699317631521,-0.04698657274928461,0.0851221659696236,0.06346907329958178,-0.4125181598062954,-0.13804974686330618,-0.10402157164869029,0.0723794849218578,0.01757869249394673,0.1840083645168391,0.09441118203830068,0.28608188421747743,-0.006154523442659036,0.2546114902047105,-0.301501210653753,0.002126348228043143,-0.41283953334800794,-0.20880915694475016,-0.3151749944970284,-0.12079462909971385,-0.15404138234646708,-0.18951793968743122,-0.15567246313009026,-0.24605546995377503,0.12263262161567247,0.2048646268985252,-0.385544794188862,-0.27226502311248074,-0.06604666519920757,0.05076821483601145,0.1796764252696456,0.2398151001540832,0.09672903367818622,0.05428351309707242,-0.11740699977988113,-0.03206031256878714,-0.1213251155624037,-0.19395113361215055,-0.018080563504292317,0.0087739379264803,0.23945630640545895,0.20656394453004623,0.28810917895663657,-0.06222760290556901,0.015932203389830507,-0.08563944530046225,-0.1540611930442439,0.1552608408540612,0.19561963460268544,-0.05821263482280432,0.08039181157825226,-0.28027955095751705,-0.22941008144397976,-0.22900066035659256,-0.28941668500990536,0.08006163328197226,0.12890821043363415,0.10550297160466653,0.17575830948712304,0.1587871450583315,0.030224521241470393,0.26116883116883116,0.24784063394232886,0.13063394232885758,0.22199647809817302,0.12788906009244994,0.10443099273607748,-0.2628593440457847,-0.14710323574730355,-0.1732973805855162,-0.3067708562623817
#12,0.5110785824345146,0.39637023992956194,1.0,0.521600264142637,0.22087167070217917,0.40934624697336564,0.029359454105216818,0.4361985472154964,0.13210873871890821,0.5826348228043143,0.32259960378604446,0.025188201628879595,0.28971604666519923,-0.21336561743341403,-0.3150671362535769,0.07807836231565045,0.5801254677525864,0.7287915474356153,0.059029275808936826,0.022852740479859125,-0.2787563284173454,0.05370019810697777,0.014492626018049747,-0.1488399735857363,0.06401716927140656,-0.043273167510455644,0.130462249614792,0.2799977988113581,0.22174994497028394,0.05338102575390711,0.29370239929561964,-0.15639885538190623,0.4058925819942769,0.01883777239709443,-0.14797490644948272,-0.1333634162447722,-0.23927801012546776,-0.12613251155624036,-0.32844816200748406,-0.023733215936605767,0.10775698877393793,-0.17661897424609288,0.03723530706581554,-0.12052168170812239,-0.15347567686550737,0.03887519260400616,0.12685890380805634,0.2302113141096192,0.008800352190182699,0.12347347567686551,0.2527096632181378,0.4993286374642307,0.27576711424169054,0.4766189742460929,-0.16858683689192164,0.02273167510455646,-0.5157032797710763,-0.3068368919216377,-0.478135593220339,-0.3048668280871671,-0.15347127448822365,-0.07811578252256218,-0.2504160246533128,-0.21343165309267004,0.3625489764472815,0.3934602685450143,-0.2687607307946291,-0.07879815100154083,0.14562623816861106,0.10345366497908871,0.5483777239709443,0.41386748844375965,-0.10198987453224741,0.28520360994937266,-0.3520823244552058,-0.10779661016949152,-0.2829011666299802,-0.15227162667840635,0.10304424389170151,0.16314329738058553,0.11804094210873872,0.25042482940788025,0.0884107418005723,-0.039222980409421085,0.06677966101694915,-0.1792692053709003,-0.1757473035439137,0.3459608188421748,0.16319392471934846,0.06376843495487564,0.035377503852080126,-0.16338762931983272,-0.11571648690292759,-0.20189742460928903,-0.4178846577151662,0.5296676205150781,0.32031476997578695,0.6465265243231345,0.5450429231785164,0.37473695795729695,0.5102443319392472,0.6379749064494827,0.15364296720228923,0.4950627338762932,0.4227162667840634,0.4571340523882897,0.456286594761171,-0.072359674224081,-0.19252036099493727,-0.28222760290556903,-0.5731873211534229
#13,0.4088707902267224,0.3787409200968523,0.521600264142637,1.0,0.3189302223200528,0.4050033017829628,0.06395993836671802,0.3555161787365177,0.27128769535549196,0.4494408980849659,0.29475236627779,0.11758529605987234,0.25447281532027294,-0.11198767334360554,-0.1403279771076381,-0.08702399295619635,0.28454545454545455,0.32591019150341183,0.040422628219238387,0.06990314769975788,-0.07495927801012547,-0.1325049526744442,-0.0027492846136913936,-0.2218842174774378,-0.04735197006383447,-0.001560642747083425,0.07800792427911071,0.1984965881576051,0.1953400836451684,0.2602443319392472,0.14259740259740258,-0.12640986132511556,0.05580013207131851,0.17125027514858024,0.04956636583755228,0.09312788906009245,-0.12685450143077262,-0.09144177856042263,-0.12223640766013648,-0.05678626458287475,0.01158265463350209,-0.044122826326216155,0.061626678406339425,-0.025797930882676644,-0.0486286594761171,-0.012705260840854061,0.05650891481399956,0.0682918776139115,-0.010416024653312789,0.06941008144397975,0.22974686330618535,0.1505679066696016,0.24537750385208013,0.08165089148139995,-0.08758309487123046,-0.10544794188861986,-0.20567026194144838,-0.23006823684789787,-0.22415144177856042,-0.13549636803874093,-0.06078362315650451,-0.07274708342504953,-0.11595421527624918,-0.16660356592559983,0.24727492846136914,0.3548910411622276,-0.18525863966541933,-0.03350869469513537,0.13885538190622937,-0.049315430332379485,0.16601364736957958,0.1817345366497909,-0.2181796169931763,0.06463570327977107,-0.13393352410301562,-0.14967422408100375,-0.2675236627779001,-0.21906669601584855,0.11316310807836232,-0.107706361435175,0.0688928021131411,0.26608408540611933,-0.05393132291437376,0.010004402377283733,0.12442218798151002,-0.10697556680607528,-0.12329077701959058,0.3313757429011666,0.23700198106977768,0.14119524543253356,0.07703499889940568,-0.0015760510675764912,-0.09251375742901166,-0.2534404578472375,-0.23160686770856262,0.2132621615672463,0.052623816861105,0.34877834030376403,0.32480959718247854,0.23667840633942328,0.20451683909311028,0.2747919876733436,0.05394453004622496,0.273020030816641,0.3825885978428351,0.25444640105657057,0.26448602245212416,-0.09734096412062514,-0.1280739599383667,-0.2776557340964121,-0.23907550077041603
#17,0.4603940127668941,0.23044464010565704,0.22087167070217917,0.3189302223200528,1.0,0.551254677525864,-0.22960158485582213,0.23793968743121285,0.24495927801012546,0.12409861325115562,0.1537706361435175,0.5751837992515959,0.27830288355712085,0.08913933524103015,-0.24304864626898526,-0.49403697996918333,0.0044882236407660136,-0.04400616332819723,-0.14452124147039402,0.1084503631961259,-0.03613251155624037,-0.2280673563724411,-0.1686748844375963,-0.1313383226942549,-0.31508694695135375,-0.2052784503631961,-0.22318071758749725,-0.1197754787585296,0.07024433193924719,0.3954171252476337,-0.2365771516618974,0.001223860884877834,-0.25557561082984814,-0.1074620294959278,0.3231102795509575,0.25155844155844154,0.05899845916795069,0.2687365177195686,-0.11743781642086727,-0.13877834030376404,0.06262821923838872,0.27147259520140876,0.3451639885538191,0.48999119524543255,0.31718247853841075,0.326748844375963,0.1509289016068677,-0.06241030156284393,-0.13933083865287255,-0.18943209333039843,-0.11263922518159807,-0.19146158925819942,-0.27326436275588817,-0.44522562183579134,-0.40366718027734977,-0.38070878274268105,0.040099053488884,0.1321219458507594,-0.15368699097512656,-0.16198106977767995,0.005276249174554259,0.0023838872991415365,0.3294475016508915,-0.06886198547215497,-0.04066035659255998,-0.016863306185340085,0.09186000440237728,-0.30303543913713404,0.1062491745542593,-0.17748404138234647,-0.07203389830508475,-0.01024653312788906,0.05629319832709663,0.21801012546775259,0.21260840854061194,0.09318952234206472,0.0924983491085186,-0.1011204050187101,0.052073519700638345,-0.16224961479198768,0.48197226502311247,0.7659630200308166,0.2668765133171913,0.4338168611049967,0.6720867268324895,0.017988113581333922,0.13136693814659917,0.4057230904688532,0.4272265023112481,0.5543759630200308,0.6586374642306846,0.4820603125687871,0.525214615892582,-0.01822143957737178,0.07101034558661677,-0.18188201628879594,-0.15232885758309486,0.11808936825885978,0.011688311688311689,0.0875148580233326,0.00112920977327757,-0.0037023992956196346,0.07253356812678846,0.23979969183359015,0.12432753686990976,-0.03771076381245873,-0.1416883116883117,0.07317411402157165,-0.04091349328637464,-0.2196235967422408,-0.21417125247633723
#18,0.2798745322474136,0.11331719128329298,0.40934624697336564,0.4050033017829628,0.551254677525864,1.0,0.035527184679727056,0.3836737838432754,0.24785163988553818,0.2710675764913053,0.16850539291217256,0.41757429011666297,0.5289852520360995,0.05880255337882456,-0.25830288355712083,-0.26062953995157384,0.07673563724411182,0.1989126128109179,-0.11443319392471935,0.07451904028175214,-0.11670702179176755,-0.21119744662117543,-0.05100154083204931,-0.30705040721989874,-0.14581774158045344,-0.1944177856042263,-0.3371736737838433,-0.23619414483821263,0.3264142637023993,0.37968963240149683,0.12999119524543254,-0.11562843935725292,0.18595421527624917,0.12929561963460268,0.1810609729253797,0.03367598503191724,0.15503411842394893,0.15556020250935504,-0.10878274268104776,-0.06790226722430112,0.07771956856702619,0.11349108518600044,0.2587475236627779,0.11547655734096413,0.10724631300902487,0.19446841294298922,0.05220118864186661,-0.05174334140435835,-0.1907660136473696,-0.26660136473695795,-0.1559388069557561,0.0055447941888619855,-0.14911952454325336,-0.05918776139115122,-0.11020030816640985,-0.2398943429451904,-0.1274488223640766,-0.08157384987893462,-0.26607307946291,-0.3037816420867268,0.06920977327756989,0.16425489764472814,0.1403169711644288,-0.034666519920757206,-0.05972265023112481,0.028208232445520582,0.014825005502971604,-0.18193484481620076,0.1684503631961259,-0.11337442218798151,0.16872551177635922,-0.009958177415804535,0.14644948272066916,0.21973145498569227,0.14266784063394233,0.08697996918335901,0.07610829848117984,0.06902267224301123,0.08730134272507153,-0.04031697116442879,0.2879572969403478,0.6538036539731455,0.0011138014527845037,0.2526260180497469,0.3047479639005063,0.10524763372221,0.08826766453885097,0.38501871010345584,0.27453004622496147,0.330726392251816,0.2889126128109179,0.22221219458507593,0.15959938366718027,0.02733436055469954,-0.03928681488003522,0.08305084745762711,-0.12991855602025093,0.2129804094210874,0.062223200528285276,0.2014109619194365,0.2067906669601585,0.1361699317631521,-0.1700066035659256,0.21707021791767556,0.22457186880915694,0.15484041382346467,0.21922077922077923,0.1448712304644508,-0.0613647369579573,-0.15211314109619195,-0.3278582434514638
#26,-0.13820162887959497,0.04722209993396434,0.029359454105216818,0.06395993836671802,-0.22960158485582213,0.035527184679727056,1.0,0.1868412942989214,0.2466585956416465,0.15305084745762712,0.22152542372881356,-0.18636363636363637,0.10789126128109179,0.18414483821263483,0.28687211093990755,0.3425709883337002,0.03060312568787145,0.15787365177195686,0.13703720008804754,-0.08222980409421088,0.003138895003301783,0.0535461149020471,-0.1443495487563284,-0.039016068677085625,-0.06787365177195685,-0.0065155183799251596,-0.12104776579352851,-0.08987233105877174,0.042196786264582876,-0.13172353070658155,0.2496962359674224,-0.12023552718467972,0.24954875632841733,0.18101254677525863,-0.027310147479639005,-0.14553378824565266,0.01282192383887299,0.03334360554699538,0.14903587937486243,0.22925159586176536,-0.17355491965661457,-0.21579572969403477,0.07906009244992296,-0.258729914153643,0.009073299581774158,0.0676997578692494,-0.20715386308606648,0.01315430332379485,-0.15932423508694696,0.0400396213955536,-0.03687871450583315,0.02332379484921858,0.14077041602465332,0.22266123706801672,0.15428351309707242,0.24686330618534008,-0.22526964560862867,-0.11065815540391812,-0.05415584415584416,0.217541272287035,-0.20022672243011225,-0.25559982390490865,-0.09451243671582654,-0.14381245872771298,-0.2071978868589038,-0.12891041162227604,0.011584855822143957,0.44028175214615894,0.10552278230244332,0.012736077481840193,0.03139335241030156,-0.045071538630860664,0.06802113141096192,-0.10814219678626458,0.017900066035659256,-0.3442681047765794,-0.18418886198547216,-0.2046004842615012,0.23131631080783624,0.2439423288575831,-0.17543693594541052,-0.3108298481179837,0.02308166409861325,-0.15419326436275588,-0.3643495487563284,-0.24233546114902046,-0.44742020691173234,-0.12938586836891922,-0.23427470834250494,-0.17562843935725292,-0.37686550737398194,-0.36512436715826546,-0.3225269645608629,-0.2940017609509135,-0.30140876073079464,0.08278450363196126,-0.06029716046665199,-0.08121065375302663,0.02937046004842615,0.12065595421527625,0.0848250055029716,-0.02149900946511116,-0.21654413383226942,0.005498569227382787,0.051281091789566365,0.0634536649790887,0.1668302883557121,-0.22181818181818183,-0.3087343165309267,-0.1921879815100154,-0.17635703279771076
#49,0.5550363196125908,0.3625291657495047,0.4361985472154964,0.3555161787365177,0.23793968743121285,0.3836737838432754,0.1868412942989214,1.0,0.5194188861985473,0.5185119964780982,0.5244155844155844,0.16097732775698878,0.32016288795949815,0.19997138454765573,-0.08100374202069117,-6.383447061413163e-05,0.27593660576711426,0.4395201408760731,-0.09561963460268545,-0.05070217917675545,0.07685670261941448,-0.14484701738939026,-0.3344662117543473,-0.45367598503191725,-0.17573189522342064,-0.39204050187101036,-0.033442659035879375,0.013999559762271626,0.19378824565265243,0.03677745982830729,0.21360114461809376,-0.26583755227823025,0.21963900506273387,-0.08959938366718027,0.03748404138234647,-0.16037860444640106,-0.10726172132951795,-0.200726392251816,-0.19459828307285934,-0.20391151221659695,-0.058582434514637904,-0.18731454985692275,0.13894342945190402,-0.1653202729473916,-0.1111930442438917,-0.1174818401937046,0.10444860224521242,-0.03712524763372221,-0.028329297820823246,-0.07834030376403257,0.05670702179176756,0.1501254677525864,0.079900946511116,0.05555580013207132,-0.03108518600044024,-0.1513053048646269,-0.19212634822804314,-0.24692714065595422,-0.2682390490865067,-0.1771010345586617,-0.1678450363196126,0.0024609289016068675,-0.08280211314109619,-0.15366277790006602,0.11938146599163549,0.2414968082764693,-0.11475456746643187,0.03431432973805855,0.19252916574950474,0.01545014307726172,0.38466651992075723,0.25652872551177636,0.12538190622936385,0.14288355712084524,-0.021743341404358355,0.015274047985912392,-0.011338322694254898,-0.06255558001320713,0.14565265243231346,-0.14038520801232665,0.06740259740259741,0.12896984371560644,0.08900506273387629,0.23584855822143957,0.05250715386308607,-0.117409200968523,-0.21565485362095532,0.05787365177195686,-0.01972705260840854,0.038181818181818185,-0.034052388289676425,-0.07471714725952014,-0.11314769975786924,-0.2919832709663218,-0.3653312788906009,0.201930442438917,-0.16069777679947173,0.36674664318732114,0.220066035659256,0.3455624036979969,0.19907550077041603,0.4504402377283733,-0.0377327756988774,0.31086066475896984,0.26371560642747083,0.2777701959057891,0.29928461369139336,-0.016669601584855823,-0.07039401276689412,-0.3604996698217037,-0.46977767994717146
#50,0.31462469733656173,0.21428351309707241,0.13210873871890821,0.27128769535549196,0.24495927801012546,0.24785163988553818,0.2466585956416465,0.5194188861985473,1.0,0.2293022232005283,0.42941448382126346,0.21768875192604006,0.2267092229804094,0.36468853180717586,0.17470614131631082,-0.07999779881135813,0.013079462909971385,0.05808716707021792,0.10590799031476998,0.06885758309487124,0.1211468192824125,-0.28643187321153424,-0.26263262161567247,-0.11109178956636584,-0.18448602245212414,-0.24221659696235967,-0.08413383226942549,-0.14203609949372661,-0.0019414483821263483,0.06280871670702179,0.15440457847237507,-0.0737442218798151,0.07677085626238168,-0.041893022232005285,0.15672683248954436,0.050878274268104776,0.08342284833810258,0.041996478098173015,0.07664758969843716,0.006451683909311028,0.05368038740920097,-0.05504072198987453,0.15244331939247194,0.00474356152322254,0.003167510455646049,-0.072557781201849,0.00042042703059652213,-0.18388729914153643,-0.0837046004842615,-0.23765573409641205,-0.18279771076381246,-0.2709487123046445,-0.1284899845916795,-0.15540171692714067,-0.11556240369799692,-0.1570261941448382,-0.07034558661677305,-0.29540832049306626,-0.14944089808496588,-0.17884657715166188,-0.2072176975566806,-0.16216376843495486,0.17367378384327536,0.08567246313009025,-0.08142196786264583,0.0067642526964560865,0.18927580893682588,0.03437596302003082,0.32219898745322473,0.08202729473915915,0.1987937486242571,0.20350869469513538,0.08945190402817521,0.025998239049086505,0.09139335241030157,-0.15726612370680168,-0.08866607968302884,-0.2764935064935065,0.17448162007484042,-0.10822584195465551,0.23792207792207792,0.13666299801893023,0.1567444419986793,0.22623376623376623,0.1526634382566586,-0.1916090688972045,-0.20759189962579794,-0.038659476117103235,-0.030444640105657055,0.026304204270305966,-0.0028989654413383225,-0.01665639445300462,-0.04338542813119084,-0.18782742681047765,-0.20968082764692933,-0.0713251155624037,-0.18689852520360994,0.05756328417345367,0.016984371560642746,0.18037860444640105,-0.04492846136913933,0.10548756328417346,-0.1337244111820383,0.14908210433634161,0.0035174994497028395,0.04688972044904248,0.13120845256438476,-0.07692493946731235,-0.11834910851860005,-0.25276029055690075,-0.27017389390270746
#51,0.40997578692493947,0.36058991855602024,0.5826348228043143,0.4494408980849659,0.12409861325115562,0.2710675764913053,0.15305084745762712,0.5185119964780982,0.2293022232005283,1.0,0.3869821703720009,0.11972705260840855,0.3972287034998899,-0.02323134492626018,-0.2550341184239489,-0.05679286814880035,0.5784547655734097,0.47536209553158704,-0.05533348007924279,-0.12305304864626898,-0.11296279991195246,-0.10603565925599824,-0.07402597402597402,-0.1337772397094431,0.010693374422187981,-0.035480959718247856,0.11293198327096632,0.33791987673343604,0.397772397094431,0.03674224081003742,0.26953554919656614,-0.3591503411842395,0.3068346907329958,0.10107197886858904,-0.09823904908650671,-0.22504732555580012,-0.18143957737178076,-0.1888861985472155,-0.12626458287475237,0.07995157384987893,0.05331499009465111,-0.041536429672022895,-9.465111160026414e-05,-0.21473475676865508,-0.15537750385208013,-0.14524323134492625,0.28433193924719347,0.18679066696015847,-0.009132731675104557,-0.03314769975786925,0.2550429231785164,0.1502905569007264,0.3258155403918116,0.22555139775478758,-0.07487123046445081,0.06304644508034339,-0.3702553378824565,-0.295511776359234,-0.20903147699757868,-0.1109883337001981,-0.057140655954215275,0.003733215936605767,-0.1574818401937046,-0.1425775918996258,0.34408100374202066,0.27673343605546996,-0.23783623156504513,-0.041703720008804755,0.17318291877613912,0.07305965221219458,0.35989214175654854,0.25149240589918553,0.009608188421747745,0.0713581333920317,-0.27595641646489105,-0.07827646929341844,-0.20611930442438917,0.025467752586396653,0.23495487563284173,0.03367598503191724,0.21231124807395993,0.15844155844155844,0.16354391371340524,0.04963020030816641,0.021193044243891703,-0.14871010345586616,-0.15725511776359233,0.2338762931983271,0.2010411622276029,-0.013191723530706582,-0.004109619194364957,-0.13214615892581993,-0.19222980409421087,-0.19861985472154964,-0.2894254897644728,0.2594607087827427,0.14471714725952015,0.44694475016508917,0.2734602685450143,0.4674576271186441,0.34082544574069995,0.4740149680827647,0.02643187321153423,0.31582214395773717,0.4336913933524103,0.4258463570327977,0.3098283072859344,0.009278010125467752,-0.1507175874972485,-0.24695575610829848,-0.35025974025974027
#52,0.4029275808936826,0.527970504072199,0.32259960378604446,0.29475236627779,0.1537706361435175,0.16850539291217256,0.22152542372881356,0.5244155844155844,0.42941448382126346,0.3869821703720009,1.0,-0.0023948932423508693,0.17432533568126787,0.0689060092449923,0.007041602465331279,0.2101188641866608,0.24298261060972925,0.4390578912612811,0.08197886858903808,0.011041162227602905,-0.036240369799691835,0.11912612810917896,-0.3317873651771957,-0.19523662777900067,-0.202920977327757,-0.013735417125247633,-0.049735857362976005,0.07368699097512657,0.20663438256658595,0.17745102355271847,0.3711930442438917,-0.16911292097732775,0.22679286814880034,0.010768214836011446,0.11224301122606208,0.06915474356152322,-0.1313251155624037,-0.04395993836671803,-0.024435395113361215,0.062007484041382344,0.04559101915034119,-0.026354831609068898,0.19024213075060534,0.0007836231565045125,-0.2508760730794629,-0.13782082324455205,0.09246313009024873,0.048879594981289895,-0.13979969183359015,-0.09441558441558441,-0.05396654193264363,-0.03930662557781202,0.041399955976227164,0.09703940127668942,-0.2111138014527845,0.05847677745982831,-0.4237838432753687,-0.2696235967422408,-0.24109839313229145,-0.12808716707021792,-0.34700418225841956,-0.24272727272727274,-0.01994276909531147,0.07200088047545675,-0.051353731014747966,0.14460708782742682,-0.22035879374862427,-0.02012326656394453,0.15873211534228485,0.13113141096191944,0.23928901606867709,0.29865067136253576,0.08643847677745983,-0.10709443099273608,-0.09666740039621395,-0.1239621395553599,-0.2780255337882456,-0.31558001320713186,0.10478978648470173,0.14246092890160686,0.1870922298040942,0.11393572529165749,0.22481620074840414,0.20399295619634603,0.004882236407660136,-0.3555491965661457,-0.3081554039181158,-0.01552938586836892,0.09964340744001761,-0.0747127448822364,-0.01840854061193044,-0.22863086066475896,-0.1768214836011446,-0.32582874752366275,-0.4009090909090909,0.03022672243011226,0.07224521241470394,0.17718247853841074,0.19437816420867268,0.24956196346026854,0.15680167290336783,0.41062293638564823,0.2957340964120625,0.139933964340744,0.363860884877834,0.26987893462469736,0.30165089148139995,-0.22871010345586618,-0.19039841514417785,-0.3806581554039181,-0.4046511116002641
#53,0.08088707902267224,-0.06892141756548537,0.025188201628879595,0.11758529605987234,0.5751837992515959,0.41757429011666297,-0.18636363636363637,0.16097732775698878,0.21768875192604006,0.11972705260840855,-0.0023948932423508693,1.0,0.1428945630640546,0.18071098393132293,-0.13183138895003302,-0.5879793088267664,0.02281532027294739,-0.23762491745542594,-0.2396169931763152,-0.07274488223640765,0.11322914373761832,-0.52801893022232,-0.020878274268104777,-0.08705921197446621,-0.35789346246973364,-0.3125775918996258,-0.27523662777900065,-0.1705128769535549,-0.02427690953114682,0.32921197446621175,-0.33157825225621834,-0.039641206251375745,-0.047684349548756326,0.054732555580013206,0.10670702179176755,0.11278010125467752,0.2721087387189082,0.3792185780321374,-0.06418445960818842,-0.21372881355932202,0.03904688531807176,0.16455866167730573,0.21250935505172794,0.22019590578912612,0.4181223860884878,0.28024653312788905,0.17642967202289236,-0.0362887959498129,-0.09068897204490425,-0.37074620294959276,-0.12300902487343165,-0.2699119524543253,-0.21074840413823465,-0.45942989214175656,-0.3193550517279331,-0.42368038740920094,0.1249438696896324,-0.08712304644508034,-0.04225181598062954,-0.2599955976227163,0.21220999339643407,0.19506493506493505,0.5137838432753687,0.15856042262821923,-0.052016288795949814,-0.15563284173453665,0.30524323134492626,-0.13021351529826106,0.3441602465331279,0.02405679066696016,0.017382786704820602,0.04533348007924279,0.19876513317191283,0.13177856042262823,0.24818401937046006,0.057059211974466215,0.15707682148360114,0.013761831388950032,0.18838212634822804,-0.29318732115342283,0.4196852300242131,0.5236495707682148,-0.056088487783403036,0.6785009905348889,0.7006845696676205,0.16510455646048866,0.17762491745542594,0.2510279550957517,0.3041338322694255,0.6467444419986793,0.44436715826546336,0.6332621615672464,0.45213955535989436,0.12352850539291217,0.14659476117103235,-0.2663878494386969,-0.49102575390710984,0.03743121285494167,-0.14847677745982832,0.18006823684789786,0.07134492626018049,-0.016154523442659035,-0.022652432313449263,0.3622672243011226,0.08798151001540833,0.14623816861104996,-0.13024213075060534,0.20736297600704381,0.015747303543913713,-0.07995597622716266,-0.06327316751045564
#54,0.28186880915694473,0.1395201408760731,0.28971604666519923,0.25447281532027294,0.27830288355712085,0.5289852520360995,0.10789126128109179,0.32016288795949815,0.2267092229804094,0.3972287034998899,0.17432533568126787,0.1428945630640546,1.0,0.2281333920316971,-0.16332379484921858,-0.2555315870570108,0.2865815540391812,0.09850099053488884,-0.012157164869029275,-0.010347787805414925,-0.05680387409200968,-0.21172573189522342,-0.08469513537310147,-0.15828967642526964,-0.11739379264802993,-0.16931322914373761,-0.13861104996698217,0.06496588157605107,0.40766894122826325,0.07584635703279771,0.2773343605546995,-0.2713801452784504,0.12624036979969183,0.12782082324455205,0.26825445740699977,0.013693594541052168,0.020981730134272507,-0.08160466651992075,-0.058058551617873655,-0.044541052168170815,0.17579572969403479,0.018056350429231784,0.23994276909531148,-0.015452344265903587,-0.02593220338983051,-0.1557891261281092,0.19545014307726172,0.2268368919216377,-0.0677327756988774,-0.08613031036759851,0.10515298261060974,-0.006341624477217697,-0.0018974246092890161,-0.06277129650011005,-0.12594320933303985,-0.1288201628879595,-0.07866607968302884,-0.01967642526964561,-0.17165089148139995,-0.154455205811138,-0.09961038961038961,0.024100814439797492,-0.05401716927140656,-0.14351749944970285,0.10924719348448161,0.13860884877834032,0.14467532467532468,-0.03813999559762272,0.20028615452344267,-0.07452564384767775,0.16383447061413164,-0.0399207572088928,0.029258199427690954,-0.01823464670922298,0.048672683248954435,0.016075280651551838,-0.024684129429892142,0.014882236407660137,0.17849218578032136,-0.06808056350429231,0.5107021791767554,0.36106317411402156,0.25330618534008364,0.24268765133171913,0.13257979308826767,-0.1566585956416465,-0.08048866387849439,0.41627999119524545,0.2946290997138455,0.1670746202949593,0.13421307506053268,-0.08175214615892581,-0.0003742020691173234,-0.15537090028615452,-0.2077195685670262,-0.010508474576271187,-0.07243011226062074,0.2804578472375083,0.09833149900946511,0.358828967642527,0.21073079462909972,0.18663658375522782,-0.15599603786044464,0.06343165309267004,0.3109685230024213,0.2643385428131191,0.2938806955756108,0.05283072859344046,-0.1646929341844596,-0.20652872551177637,-0.2977790006603566
#58,0.05216817081223861,-0.15858463570327977,-0.21336561743341403,-0.11198767334360554,0.08913933524103015,0.05880255337882456,0.18414483821263483,0.19997138454765573,0.36468853180717586,-0.02323134492626018,0.0689060092449923,0.18071098393132293,0.2281333920316971,1.0,0.13461149020471055,-0.23248294078802553,-0.11271186440677966,-0.19931102795509575,-0.06644508034338543,-0.10009465111160026,0.05624697336561743,-0.38921857803213733,-0.03269425489764473,0.008210433634162448,-0.2279484921857803,-0.2276271186440678,-0.3532027294739159,-0.4469535549196566,-0.13300462249614792,0.014697336561743341,-0.056376843495487564,-0.042399295619634604,0.13295399515738499,-0.0411996478098173,0.10491745542593,0.03555359894342945,0.15920977327756988,0.1856416464891041,0.11026194144838213,-0.11166189742460929,-0.055467752586396656,-0.04029936165529386,0.029249394673123486,0.03677745982830729,0.1035395113361215,-0.05814219678626458,-0.15681708122386087,-0.26869689632401494,-0.22122826326216158,-0.4124323134492626,-0.22984371560642747,-0.44709002861545233,-0.24117763592339864,-0.23014087607307945,-0.06180277349768875,-0.1601782962799912,0.17813779440898084,0.05924719348448162,0.1581465991635483,-0.0023376623376623377,0.0587475236627779,0.05065815540391812,0.26565705480959717,0.08301782962799913,-0.24877834030376403,-0.3892427911071979,0.5754567466431874,0.27458727712965003,0.35171692714065594,0.016167730574510236,0.030741800572309047,0.0034382566585956418,0.21758969843715606,-0.10894342945190402,0.3622804314329738,0.08948712304644509,0.23183579132731674,0.08143957737178076,0.03409421087387189,0.03595201408760731,0.043845476557340966,-0.0662953995157385,0.13566806075280652,0.2622540171692714,0.09987233105877173,0.0661567246313009,-0.07897204490424829,-0.10886858903808057,-0.07947171472595202,0.12461149020471055,-0.12396874312128549,0.08148139995597622,0.08614131631080783,0.01484701738939027,0.07419326436275589,-0.1759586176535329,-0.22376623376623378,-0.14994276909531146,-0.10108958837772397,0.01034338542813119,-0.1514902047105437,-0.22223640766013647,-0.11125687871450583,-0.1407968302883557,-0.1538102575390711,-0.10035879374862426,-0.037873651771956854,0.10848117983711204,-0.0637706361435175,-0.040048426150121066,0.1239489324235087
#101,-0.33736077481840193,-0.12666740039621396,-0.3150671362535769,-0.1403279771076381,-0.24304864626898526,-0.25830288355712083,0.28687211093990755,-0.08100374202069117,0.17470614131631082,-0.2550341184239489,0.007041602465331279,-0.13183138895003302,-0.16332379484921858,0.13461149020471055,1.0,0.3754325335681268,-0.1781554039181158,-0.2285758309487123,0.41859784283513096,0.015648250055029716,0.46494827206691614,0.137475236627779,0.08410081443979749,0.1277988113581334,0.17761831388950033,0.11720669161347128,-0.04762271626678406,-0.3091041162227603,-0.1413317191283293,-0.20195685670261943,-0.04591679506933744,0.03486682808716707,-0.12543693594541053,0.15489324235086946,0.10156064274708343,0.050061633281972266,0.33040721989874533,0.26739819502531365,0.5554501430772617,0.42853841074180055,0.00099933964340744,-0.001038961038961039,0.044116222760290556,0.13031917235307067,0.036414263702399294,0.1409222980409421,-0.38043803653973146,-0.36835351089588375,-0.3087805414924059,-0.11713845476557341,-0.30515738498789347,-0.3513449262601805,-0.12389390270746203,-0.11124147039401276,0.38582874752366275,0.33959718247853843,0.007332159366057672,-0.025476557340964122,-0.11617653532907771,-0.06872551177635923,-0.37093550517279333,-0.44714946070878275,0.17178296279991195,0.30265463350209115,-0.4510741800572309,-0.4442130750605327,0.25229143737618315,0.22364736957957296,0.2476205150781422,0.28570548095971826,-0.1770085846357033,0.09833370019810697,-0.00637904468412943,-0.3115892581994277,0.07059652212194585,-0.43065155183799253,-0.17442659035879374,-0.5017257318952234,0.22470834250495267,0.1932225401716927,-0.33660136473695795,-0.42294298921417567,-0.11970724191063174,-0.11141316310807836,-0.31747743781642085,-0.4472331058771737,-0.39620735197006385,-0.33736517719568565,-0.2950363196125908,-0.24580673563724412,-0.26973365617433415,-0.3354853620955316,-0.26510675764913055,-0.25223860884877836,-0.2515298261060973,-0.24957517059211975,0.011230464450803434,-0.2956086286594761,-0.2025511776359234,-0.3438234646709223,-0.32108298481179837,-0.2591239269205371,-0.29358793748624257,-0.24999559762271625,-0.24301782962799912,-0.10513537310147479,0.014072198987453224,-0.2350627338762932,-0.11749944970283953,-0.17301122606207353,-0.06744662117543473
#102,-0.17125027514858024,0.17560862865947613,0.07807836231565045,-0.08702399295619635,-0.49403697996918333,-0.26062953995157384,0.3425709883337002,-6.383447061413163e-05,-0.07999779881135813,-0.05679286814880035,0.2101188641866608,-0.5879793088267664,-0.2555315870570108,-0.23248294078802553,0.3754325335681268,1.0,0.07553378824565266,0.36449262601804977,0.2899361655293859,0.22324014968082764,0.03818401937046005,0.6498745322474136,0.09547215496368039,0.16155403918115782,0.36386748844375966,0.4713955535989434,0.132656834690733,0.0021087387189082105,0.03553158705701079,-0.2612590799031477,0.3898833370019811,-0.12613251155624036,0.18127668941228264,-0.02524763372220999,-0.24619194364957075,-0.4114043583535109,-0.17043583535108958,-0.15435174994497028,0.0800858463570328,0.2711204050187101,-0.09538190622936385,-0.3297842835130971,-0.23209773277569887,-0.3608276469293418,-0.49893462469733657,-0.1503808056350429,-0.4728659476117103,-0.31516839093110277,-0.1386154523442659,0.22710763812458729,-0.09246313009024873,0.2563350209112921,0.06907109839313229,0.48842835130970724,0.2028989654413383,0.49115562403698,-0.3909553158705701,-0.09081664098613251,-0.22205150781421967,-0.008463570327977107,-0.3506537530266344,-0.3354435395113361,-0.2737926480299362,0.1276799471714726,-0.19162227602905568,0.014534448602245212,-0.3843187321153423,0.17659476117103234,-0.030127668941228262,0.3757296940347788,0.21753026634382566,0.27509795289456307,0.07238828967642527,-0.05594981289896544,-0.18244992295839754,-0.1253929121725732,-0.3137684349548756,-0.27130750605326875,0.10607307946290997,0.4987871450583315,-0.4481994276909531,-0.4779242791107198,-0.1835395113361215,-0.45342064714946073,-0.6368368919216377,-0.32960158485582214,-0.3899581774158045,-0.3240061633281972,-0.29875852960598726,-0.5385868368919217,-0.5582148360114462,-0.5805216817081224,-0.6003675985031918,-0.18408320493066255,-0.30896764252696457,0.31864626898525206,0.4907770195905789,-0.057433414043583535,-0.011019150341184239,-0.10986352630420428,-0.06851639885538191,0.11275588817961699,-0.24342284833810257,-0.05473475676865507,-0.02040942108738719,-0.07558221439577371,0.07042482940788025,-0.37966101694915255,-0.14519480519480518,-0.12042923178516399,-0.21083865287255119
#201,0.2524169051287695,0.176979969183359,0.5801254677525864,0.28454545454545455,0.0044882236407660136,0.07673563724411182,0.03060312568787145,0.27593660576711426,0.013079462909971385,0.5784547655734097,0.24298261060972925,0.02281532027294739,0.2865815540391812,-0.11271186440677966,-0.1781554039181158,0.07553378824565266,1.0,0.6311842394893242,0.04507814219678626,-0.19156064274708343,-0.2011071978868589,-0.13069777679947173,0.26031476997578695,0.02514417785604226,0.2624411182038301,0.15104996698217038,0.3486418666079683,0.40548316090688974,0.3055954215276249,-0.11267884657715166,0.44132071318511995,-0.20981950253136694,0.4906141316310808,0.07237508254457407,-0.1870922298040942,-0.2411930442438917,-0.20500550297160466,-0.1553863086066476,-0.19747303543913713,-0.05056350429231785,0.013706801672903368,-0.27494166850099055,-0.14761171032357473,-0.27374202069117326,-0.22350649350649351,-0.14111820383006823,0.2710301562843936,0.23890380805635042,0.004765573409641206,0.05816420867268325,0.3978582434514638,0.22134052388289677,0.41770856262381684,0.2900506273387629,-0.04951353731014748,0.005954215276249174,-0.4745190402817521,-0.49589698437156066,-0.14810917895663658,-0.20070217917675545,-0.16993176315210212,-0.025824345146379046,-0.16376183138895004,-0.0814043583535109,0.4675324675324675,0.30635703279771076,-0.12140215716486903,-0.028067356372441118,0.2043781642086727,0.12548976447281532,0.4623574730354391,0.3678450363196126,-0.09353951133612151,0.03280431432973806,-0.3955381906229364,-0.17185340083645168,-0.2869557561082985,-0.04321153422848338,0.26527845036319614,0.13653092670041822,0.12883116883116882,0.0034162447721769757,0.19700418225841954,0.030854061193044242,-0.02160906889720449,-0.21972485141976666,-0.11943209333039842,0.2094475016508915,0.15000220118864185,-0.022586396654193264,-0.20411622276029057,-0.1235130970724191,-0.19474136033458067,-0.12496147919876734,-0.2556966762051508,0.5854193264362756,0.18924719348448163,0.7111424169051288,0.4747743781642087,0.4795773717807616,0.46455425930002203,0.734125027514858,0.1774224081003742,0.4334470614131631,0.5550627338762932,0.6834316530926701,0.47870570107858246,-0.05458727712965001,-0.1269997798811358,-0.2185890380805635,-0.2925379705040722
