,#10,#11,#12,#13,#17,#18,#26,#49,#50,#51,#52,#53,#54,#58,#101,#102,#201,#202,#301,#302,#401,#402,#501,#502,#601,#602,#701,#702,#801,#802,#901,#902,#1001,#1002,#1101,#1102,#1201,#1202,#1301,#1302,#1401,#1402,#1501,#1502,#1601,#1602,#1701,#1702,#1801,#1802,#1901,#1902,#2001,#2002,#2101,#2102,#2201,#2202,#2301,#2302,#2401,#2402,#2501,#2502,#2601,#2602,#2701,#2702,#2801,#2802,#2901,#2902,#3001,#3002,#3101,#3102,#3201,#3202,#3301,#3302,#3401,#3402,#3455,#3501,#3502,#3601,#3602,#3701,#3702,#3801,#3802,#3901,#3902,#4001,#4002,#4101,#4102,#4201,#4202,#4301,#4302,#4401,#4402,#4501,#4502,#4601,#4602,#4701,#4702,#4801,#4802
#10,1.0,0.21975786924939467,0.4714241690512877,0.4715496368038741,0.1662359674224081,0.013675985031917236,0.03540611930442439,0.6055227823024433,-0.13103015628439357,0.4258529605987233,0.29820383006823686,0.12818622055910192,-0.05647589698437156,-0.16746423068456967,-0.3689918556020251,-0.06546775258639666,0.4725621835791327,0.29520581113801453,-0.0373233546114902,0.052976007043803654,-0.08300462249614791,0.09943869689632401,-0.2789786484701739,-0.155974025974026,-0.18263922518159806,-0.20263922518159808,0.10857362976007044,0.46619414483821264,-0.13914153642967203,0.08984591679506934,-0.1265991635483161,-0.22719568567026194,0.29109619194364955,-0.04914593880695576,-0.030118864186660797,0.06379925159586176,-0.21745762711864408,0.060270746202949595,-0.1498811358133392,-0.10712744882236408,0.03804754567466432,-0.18346246973365618,-0.1335263042042703,0.14378824565265244,-0.09561523222540172,-0.07822804314329738,0.20636583755227822,0.3327206691613471,0.04058111380145278,0.14564604886638785,0.44005502971604665,0.3346555139775479,0.11656174334140436,-0.07739819502531367,-0.054475016508914814,0.16659476117103236,-0.22529165749504731,-0.03135373101474796,-0.03865067136253577,0.0425379705040722,-0.24403697996918336,-0.10624036979969183,-0.2903147699757869,-0.2441140215716487,0.2616266784063394,0.21524543253356812,-0.09129650011005944,-0.18016949152542372,-0.03305524983491085,-0.1882720669161347,0.25127668941228265,0.23280651551837991,-0.15532247413603345,0.18184899845916794,-0.2483975346687211,-0.1538961038961039,-0.15470173893902708,-0.18869029275808938,-0.09976447281532028,0.0003896103896103896,0.26255337882456525,-0.10168390931102796,-0.03914593880695576,0.14648250055029716,0.020926700418225842,-0.15627999119524544,-0.1451221659696236,0.2290380805635043,0.030237728373321594,-0.05791767554479419,-0.09496808276469293,-0.06913933524103015,0.18926700418225842,-0.052399295619634606,0.02879815100154083,0.057197886858903806,0.05846357032797711,0.2957627118644068,0.536931543033238,0.3487012987012987,0.35338983050847456,0.08410081443979749,0.005025313669381466,0.07820383006823685,0.22368699097512657,0.2584173453664979,0.17167070217917677,-0.17314769975786926,0.010510675764913054,-0.024072198987453226,0.04969843715606428
#11,0.21975786924939467,1.0,0.37965221219458506,0.25360334580673566,0.21920096852300242,0.2182940788025534,0.4137904468412943,0.17813339203169712,0.25937706361435175,0.5394849218578032,0.07734536649790887,-0.008153202729473915,0.06311248073959938,0.005668060752806516,-0.2902399295619635,0.03833370019810698,0.3686110499669822,0.1570878274268105,-0.2094475016508915,0.08918115782522562,-0.19079022672243012,-0.022942989214175653,-0.1293198327096632,-0.14302883557120846,-0.33923838872991413,-0.2874686330618534,0.025753907109839314,0.09927140655954216,-0.271551837992516,-0.14693814659916354,0.06377283733215937,-0.08317851639885539,0.08383887299141536,-0.1812458727712965,-0.3676293198327097,-0.10263482280431432,-0.29872551177635925,-0.2164076601364737,-0.24073299581774157,-0.33800572309046883,-0.17577591899625797,-0.45133392031697117,-0.14116222760290556,-0.235148580233326,-0.0032137354171252477,-0.3741272287034999,0.03824125027514858,-0.04282632621615672,-0.029841514417785604,0.2161633281972265,0.33728373321593663,0.31177635923398633,0.0537574290116663,-0.29332599603786047,-0.27619854721549636,-0.1863548316090689,-0.26662998018930223,-0.375280651551838,0.24936165529385868,0.23730574510235528,0.07093770636143518,0.09323794849218578,-0.34244992295839755,-0.15224301122606207,-0.07421967862645829,0.23305745102355271,-0.11094430992736078,-0.07910191503411843,-0.04874312128549416,0.04178296279991195,0.30192604006163326,0.23158705701078583,-0.222788906009245,-0.09612150561303104,-0.17792207792207793,-0.0037816420867268323,-0.15429011666299802,-0.07343385428131191,-0.08259300022011887,-0.16421087387189082,0.06954875632841735,0.012956196346026854,-0.1087739379264803,-0.02462689852520361,0.23958177415804535,0.35638564825005503,0.2768611049966982,0.16970504072198989,-0.23072419106317413,0.1504424389170152,0.16341404358353512,0.3447721769755668,0.20949592780101256,0.30608628659476117,0.25934844816200747,0.2837046004842615,-0.23200748404138236,0.14781642086726832,0.20038740920096854,0.11938366718027735,0.06350429231785164,0.21305524983491086,0.19028835571208452,0.11616332819722651,0.06806735637244112,0.1902509355051728,0.09419766674003963,0.010543693594541052,0.0007594100814439798,0.4017125247633722,0.37965661457186883
#12,0.4714241690512877,0.37965221219458506,1.0,0.6004182258419547,0.19720669161347126,0.45767774598283073,0.20538850979528947,0.17339203169711645,0.015588817961699317,0.5721175434734757,0.32030596522121946,0.1767620515078142,0.26896984371560645,0.0074510235527184675,-0.33900946511116004,-0.14254897644728154,0.738928021131411,0.7371230464450803,-0.007492846136913933,-0.05070658155403918,-0.1317345366497909,-0.04498128989654413,-0.03218578032137354,-0.010424829407880256,-0.07509134932863747,-0.15832049306625579,0.15469073299581773,0.35538850979528946,0.13281311908430551,-0.05937926480299362,0.21116222760290557,0.009579572969403477,0.5023090468853181,0.012817521461589258,-0.1332159366057671,-0.001813779440898085,-0.1915826546335021,-0.12112700858463571,-0.19181157825225623,-0.11113801452784504,-0.11508034338542814,-0.09751265683469074,-0.3482852740479859,-0.21451463790446842,-0.24631961259079904,-0.13950473255558002,0.02672903367818622,0.052291437376183136,0.03345806735637244,0.1552872551177636,0.28860664758969845,0.36330618534008363,-0.020237728373321592,0.03787805414924059,-0.18809156944750166,-0.033805855161787364,-0.39101254677525865,-0.20534228483381026,-0.05866607968302884,0.04108738718908211,-0.1617609509134933,0.014899845916795069,-0.2455183799251596,-0.08513317191283293,0.41655073739819504,0.2663812458727713,-0.008518600044023774,-0.20440677966101695,0.09253576931543034,-0.07804974686330618,0.45270526084085405,0.3592890160686771,-0.25594981289896546,-0.08035659255998238,-0.4553202729473916,-0.22382126348228043,-0.24088928021131412,-0.23931763152102134,0.18973145498569227,0.10228483381025753,-0.03702839533348008,0.13971384547655735,-0.38287915474356154,0.034202069117323354,0.10357693154303324,-0.006856702619414484,0.04972705260840854,0.15526304204270305,-0.019013867488443758,-0.06745322474136034,-0.17766233766233766,0.06831168831168831,0.07354171252476337,0.02286814880035219,-0.07619194364957077,0.6062998018930222,0.1666718027734977,0.6724829407880255,0.5727404798591239,0.39766894122826324,0.5426414263702399,0.5446973365617434,0.38020250935505173,0.5720294959278011,0.5143627558881796,0.6037772397094431,0.3211336121505613,-0.18972705260840855,-0.09938366718027734,-0.020244331939247195,0.01513317191283293
#13,0.4715496368038741,0.25360334580673566,0.6004182258419547,1.0,0.12202069117323354,0.21664979088707903,0.07582434514637905,0.12086946951353732,-0.11086506713625358,0.5357406999779881,0.007825225621835791,0.02965661457186881,-0.05233105877173674,0.08441338322694254,-0.2037376183138895,0.04059211974466212,0.5530222320052829,0.4621637684349549,0.07535108958837772,0.1441866607968303,-0.21018930222320054,0.009381465991635482,-0.1768280871670702,-0.010294959278010125,-0.2840083645168391,0.024785384107418006,0.05272066916134713,0.21381245872771296,0.06034998899405679,0.222425709883337,0.1260312568787145,0.127145058331499,0.238036539731455,0.13709443099273608,-0.005203609949372661,0.2710829848117984,-0.12544133832269425,0.1969931763152102,-0.22975126568346907,-0.15237068016729033,0.027600704380365396,-0.04223420647149461,-0.3196302003081664,-0.08279330838652872,-0.308564825005503,-0.14707682148360116,0.18042482940788027,0.19550737398195026,0.017338762931983272,-0.0860576711424169,0.2619722650231125,0.10799031476997578,-0.22011005943209333,0.05132291437376183,-0.23825885978428352,0.09530926700418225,-0.4628065155183799,-0.14445740699977988,0.04595641646489104,-0.0412524763372221,-0.12320713185119965,0.01309487123046445,0.0014946070878274268,-0.013933524103015628,0.39291877613911513,0.3983381025753907,-0.1440677966101695,-0.2600066035659256,0.07188641866607969,0.07373541712524763,0.2721219458507594,0.31934404578472375,-0.23123486682808717,0.14559982390490864,-0.417871450583315,-0.30043143297380587,-0.18365397314549856,-0.2767686550737398,-0.07670041822584195,0.12382786704820603,0.00677525863966542,0.006845696676205151,-0.3435659255998239,0.11215936605767114,-0.04253356812678846,-0.03134272507153863,0.043059652212194585,0.16742460928901606,-0.14974025974025973,-0.08094651111600264,-0.34132291437376183,0.0748448162007484,0.06361435174994497,0.060305965221219456,0.09692714065595422,0.16001760950913493,0.13377503852080122,0.46482060312568785,0.5505062733876294,0.46930442438917014,0.33974466211754345,0.331897424609289,0.23029936165529385,0.36286374642306846,0.36331278890600927,0.4316817081223861,0.23307065815540393,-0.18892141756548536,-0.10321813779440898,0.06855161787365177,0.13580013207131852
#17,0.1662359674224081,0.21920096852300242,0.19720669161347126,0.12202069117323354,1.0,0.3315826546335021,0.15851419766674005,0.11572529165749505,0.2447919876733436,0.13783403037640327,-0.03587277129650011,0.10926260180497468,0.13321813779440897,0.14801012546775258,-0.509867928681488,-0.2011336121505613,0.1698547215496368,0.13056130310367597,-0.23569447501650892,0.029249394673123486,-0.2970746202949593,-0.011549636803874093,0.0725775918996258,-0.16668721109399076,-0.322194585075941,-0.17092670041822583,-0.12973585736297602,0.1399141536429672,0.006279991195245432,0.062465331278890604,0.25607528065155183,0.2787651331719128,0.160066035659256,0.023471274488223642,0.026946951353731013,0.15943649570768215,-0.22580453444860224,-0.010730794629099713,-0.1078516398855382,-0.42477878054149243,0.12055910191503412,-0.07357473035439137,-0.36329517939687433,-0.12172353070658155,0.0587145058331499,-0.13387409200968522,-0.10322694254897645,-0.07576931543033238,-0.03320493066255778,0.0349372661237068,0.23178296279991195,0.23653312788906009,-0.033281972265023115,-0.43616773057451025,-0.3831587057010786,-0.3615430332379485,-0.15489984591679506,-0.2604424389170152,0.3471736737838433,0.2819876733436055,0.14882896764252695,0.29846577151661896,-0.17213295179396873,-0.14917235307065815,-0.05580893682588598,0.2476601364736958,-0.15132071318511997,-0.19598062953995157,-0.1717851639885538,0.01227823024433194,0.0997490644948272,0.09409200968523003,-0.47067356372441116,0.04178296279991195,-0.31644287915474356,-0.20325115562403698,-0.023995157384987892,0.17682588597842835,-0.22238828967642527,-0.09714505833149902,-0.3157671142416905,0.3346797270526084,-0.17141316310807836,-0.08291657495047326,0.2579484921857803,0.39978648470173894,0.442557781201849,0.10361435174994497,-0.053986352630420426,0.208003521901827,0.22994276909531147,0.40434074400176095,0.3878978648470174,0.4689698437156064,0.49107197886858905,0.10316971164428791,-0.1563482280431433,0.3548646268985252,0.4052630420427031,0.07079903147699758,0.22316971164428792,0.5143935725291657,0.36136253576931543,0.23524763372221,0.12979308826766453,0.11957737178076161,-0.022269425489764474,0.26720889280211313,0.13395773717807616,0.4661589258199428,0.4487497248514198
#18,0.013675985031917236,0.2182940788025534,0.45767774598283073,0.21664979088707903,0.3315826546335021,1.0,0.15349548756328418,-0.02484701738939027,0.40666079683028833,0.26143957737178075,0.04898745322474136,0.17436495707682148,0.541369139335241,0.26604226282192384,-0.23250935505172793,-0.0015914593880695575,0.41845476557340966,0.47052608408540614,-0.09433193924719348,-0.12778560422628218,-0.1909289016068677,-0.24147699757869248,-0.01834470614131631,-0.10629319832709663,-0.22594981289896543,-0.3328483381025754,-0.11269205370900286,0.12065595421527625,0.2325313669381466,-0.19558441558441558,0.5016244772176975,0.140132071318512,0.25569887739379266,-0.08905569007263922,0.182227602905569,-0.0037266123706801674,-0.053301782962799915,-0.22370239929561964,-0.11943869689632401,-0.19086726832489545,0.024527845036319613,0.018029936165529385,-0.21545454545454545,-0.10851199647809817,-0.1293198327096632,0.10638344706141316,0.06512656834690733,0.03497468633061854,-0.2148580233325996,-0.07364076601364737,0.18078582434514637,0.14760950913493287,-0.10128769535549197,-0.190132071318512,-0.29485362095531586,-0.2617609509134933,-0.3044970283953335,-0.28991855602025096,0.002441118203830068,0.012137354171252477,0.011723530706581555,0.162524763372221,-0.09208892802113142,0.05125467752586397,0.1112656834690733,0.13557120845256437,0.040022011886418664,0.09491305304864626,-0.03605326876513317,0.09467532467532468,0.23942328857583095,0.21821703720008806,-0.16136693814659916,-0.14287255117763592,-0.29101034558661676,-0.1629011666299802,-0.020200308166409862,0.005179396874312129,0.0871582654633502,0.04913493286374642,-0.17705040721989876,0.4725511776359234,-0.22402377283733216,-0.11510675764913053,0.31695575610829846,0.15821923838872992,0.1863416244772177,0.16141536429672024,0.06205370900286154,0.22753686990975128,0.2249108518600044,0.27407660136473694,0.16424609289016068,0.17554919656614573,0.0027272727272727275,0.2365067136253577,0.02857142857142857,0.5895003301782963,0.31803213735417124,0.03665639445300462,0.28886198547215497,0.6743209333039841,0.3035725291657495,0.5192934184459608,0.2560136473695796,0.41295619634602687,0.11068677085626238,0.025870570107858242,0.07669821703720009,0.060673563724411184,0.06909971384547656
#26,0.03540611930442439,0.4137904468412943,0.20538850979528947,0.07582434514637905,0.15851419766674005,0.15349548756328418,1.0,0.1894739159145939,0.20173233546114902,0.47375302663438257,0.2604094210873872,0.004794188861985472,0.17873651771956856,-0.01759850319172353,-0.19607307946290997,0.07913933524103016,0.08051727933083866,0.07347787805414924,-0.14974686330618533,-0.044668721109399075,-0.1000066035659256,-0.1376271186440678,-0.24593220338983052,-0.1989126128109179,-0.20726612370680167,-0.2159784283513097,-0.13016068677085627,-0.0739225181598063,-0.3730266343825666,-0.11641646489104117,-0.26016068677085624,0.0038410741800572307,0.31202729473915913,-0.06018710103455866,-0.34057671142416907,0.008925819942769095,-0.24447061413163107,-0.1257274928461369,-0.19799691833590138,-0.39240149680827646,-0.26513757429011664,-0.1840677966101695,-0.17500110059432095,-0.0859850319172353,-0.06692053709002861,-0.27704380365397313,-0.11413383226942549,-0.12340303764032577,-0.17121505613031038,-0.054358353510895886,0.2391745542593,0.1667312348668281,-0.09468853180717587,-0.13859784283513096,-0.18372220999339645,-0.27854941668500993,-0.10350869469513538,-0.34869249394673124,0.2394210873871891,0.21045124367158266,-0.039958177415804534,-0.04796830288355712,-0.2694453004622496,0.011866607968302884,-0.18323794849218578,0.26394673123486684,0.15710103455866167,0.1249636803874092,0.02192824125027515,0.10353510895883777,0.3469931763152102,0.24276689412282632,-0.006196346026854501,0.01262821923838873,-0.009326436275588818,-0.018278670482060312,-0.1064142637023993,0.060495267444419985,-0.1110213515298261,-0.09160686770856262,0.014325335681267884,-0.033171912832929785,-0.0663944530046225,-0.22613691393352411,0.00887739379264803,0.13127668941228263,0.08684349548756329,-0.010735197006383448,-0.1767510455646049,0.015141976667400397,-0.0026172132951793967,0.22343605546995376,0.056973365617433415,0.20109178956636584,0.30875632841734535,0.17002861545234427,-0.11517939687431213,0.19589698437156064,0.023629760070438037,0.08244111820383007,-0.010015408320493066,0.04564604886638785,-0.08372661237068017,0.10140215716486903,0.05934844816200748,0.2330244331939247,-0.020728593440457847,-0.028049746863306184,0.10096191943649571,0.21946070878274268,0.35930002201188643
#49,0.6055227823024433,0.17813339203169712,0.17339203169711645,0.12086946951353732,0.11572529165749505,-0.02484701738939027,0.1894739159145939,1.0,-0.033460268545014306,0.2909619194364957,0.33944530046224963,0.04706141316310808,-0.07664979088707902,-0.2710147479639005,-0.1718666079683029,-0.05964780981730134,0.26521681708122385,-0.014404578472375083,-0.10296500110059432,-0.07258199427690953,0.16136253576931542,-0.013838872991415365,-0.3020691173233546,-0.23164869029275809,-0.044408980849658816,-0.1997160466651992,-0.013420647149460709,0.1916949152542373,-0.23608628659476116,0.12260840854061193,-0.1529473915914594,-0.15969403477878055,0.2404028175214616,-0.015771516618974246,-0.08288135593220339,0.020070438036539733,-0.1002113141096192,0.018199427690953115,-0.13933083865287255,-0.04637023992956196,0.0027316751045564605,-0.04151001540832049,0.15079903147699758,0.1731454985692274,-0.10017169271406559,-0.15721549636803875,0.0761171032357473,0.12590799031476999,-0.17874532247413602,-0.055331278890600924,0.2642857142857143,0.13697336561743342,0.07331939247193485,-0.10758309487123047,0.1905591019150341,0.03882456526524323,-0.009269205370900285,-0.14324014968082766,-0.11414703940127668,-0.08014968082764692,-0.30911952454325337,-0.1325445740699978,-0.24651551837992516,-0.16440457847237508,-0.08992515958617653,0.13844596081884217,0.06101254677525864,-0.02596962359674224,0.02917455425930002,-0.21510015408320493,0.20295619634602685,0.185445740699978,0.04825445740699978,0.04698877393792648,0.03523882896764253,0.004472815320272948,0.038855381906229364,-0.11761391151221659,-0.046139115122165966,-0.14083425049526743,0.33267224301122605,0.01311468192824125,0.0849900946511116,0.059456306405458945,0.05218137794408981,-0.18897424609289015,-0.20290336781862206,-0.10252256218357914,0.061041162227602905,-0.2290512876953555,0.09615232225401717,-0.10375963020030816,0.023992956196346026,-0.12692493946731234,0.050774818401937045,0.017684349548756327,-0.031003742020691172,0.14608628659476117,0.18739379264802994,0.18386528725511778,0.04797270526084085,-0.026401056570548097,-0.17726172132951795,-0.12052168170812239,0.1337244111820383,0.13650671362535768,0.16692493946731235,-0.13431653092670043,-0.04133392031697117,-0.04693374422187981,0.002077922077922078
#50,-0.13103015628439357,0.25937706361435175,0.015588817961699317,-0.11086506713625358,0.2447919876733436,0.40666079683028833,0.20173233546114902,-0.033460268545014306,1.0,0.16445740699977987,0.012863746423068458,0.06981289896544134,0.3285031917235307,0.32029275808936825,-0.17825005502971605,0.20433854281311908,-0.005208012326656394,0.04598062953995157,-0.09143957737178077,0.09317191283292978,-0.17086726832489543,-0.018412942989214174,-0.12703059652212195,-0.21543253356812678,-0.3404490424829408,-0.19255998239049085,-0.26039181157825225,-0.19950913493286374,-0.20482940788025533,-0.30623376623376625,0.3232885758309487,-0.07260180497468634,-0.017739379264802995,-0.15492846136913935,-0.02341844596081884,-0.12792868148800352,-0.23228263262161566,-0.07930002201188642,-0.37149460708782744,-0.27070217917675543,-0.18812238608848778,-0.05559982390490865,-0.041703720008804755,0.011113801452784504,-0.1314836011446181,0.04933744221879815,0.14823024433193924,-0.04342945190402817,-0.21343825665859564,-0.1391569447501651,0.12266784063394233,0.009322033898305085,-0.1709222980409421,-0.2328087167070218,-0.37437376183138893,-0.19132731675104556,-0.20164208672683248,-0.1735857362976007,0.023020030816640988,0.014657715166189743,0.12128989654413383,0.17651111600264144,-0.05937266123706802,0.14088707902267225,-0.16798811358133392,-0.011659696235967422,0.07674003962139556,0.3829782082324455,0.013801452784503633,0.27591899625797933,0.09732115342284833,0.12255337882456527,-0.1262557781201849,-0.22475676865507374,-0.16461149020471055,0.04989874532247414,0.008732115342284835,0.10930222320052828,-0.0760576711424169,0.08229583975346687,-0.21762931983270967,0.1076931543033238,-0.1499141536429672,-0.10943209333039841,0.05700858463570328,0.21884877834030375,0.24301782962799912,-0.05679506933744222,-0.14727272727272728,0.16845916795069338,0.3352542372881356,0.3789654413383227,0.10542813119084306,0.19603345806735636,0.23213735417125247,-0.0700792427911072,-0.031215056130310368,0.16282632621615672,-0.0016200748404138234,-0.17991635483160906,-0.06825445740699979,0.3010983931322914,-0.051749944970283956,0.20762491745542594,-0.12688311688311688,-0.022689852520360994,-0.2997490644948272,0.17745542593000221,0.1818071758749725,0.20144618093770636,0.21131410961919436
#51,0.4258529605987233,0.5394849218578032,0.5721175434734757,0.5357406999779881,0.13783403037640327,0.26143957737178075,0.47375302663438257,0.2909619194364957,0.16445740699977987,1.0,0.32024653312788903,0.02664979088707902,0.08555359894342945,0.1041206251375743,-0.17913493286374643,0.20182918776139114,0.3089192163768435,0.2505502971604667,0.11092449922958397,0.10913713405238828,-0.1636451683909311,0.009865727492846137,-0.3495993836671803,-0.07353731014747963,-0.4472000880475457,-0.1444155844155844,0.04662998018930222,0.2033876293198327,-0.2222540171692714,-0.04700198106977768,-0.015624036979969183,-0.09235086946951354,0.4221505613031037,0.032925379705040725,-0.20660796830288355,0.03258199427690953,-0.2850077041602465,0.02258859784283513,-0.223053048646269,-0.21721549636803875,-0.12929782082324456,-0.28760290556900725,-0.23544574069997798,-0.007765793528505393,-0.3730266343825666,-0.23519920757208893,0.11005062733876293,0.10835351089588378,-0.19369579572969403,0.06986352630420427,0.41847457627118645,0.3790292758089368,0.036207351970063834,-0.05742020691173234,-0.19372000880475457,-0.04980189302223201,-0.43113801452784506,-0.3160510675764913,-0.046563944530046225,-0.01535989434294519,-0.11840193704600484,0.02406779661016949,-0.1306471494607088,-0.016689412282632623,0.24106977767994717,0.28372661237068014,-0.07453664979088707,-0.04877834030376403,0.08117103235747304,0.09753246753246753,0.46666740039621396,0.20660356592559984,-0.13487563284173454,-0.1261104996698217,-0.4351705921197447,-0.29132731675104556,-0.38219238388729915,-0.30628659476117104,-0.08375302663438257,0.0864935064935065,0.13853841074180057,-0.09378164208672683,-0.17934404578472374,0.05703499889940568,-0.01727492846136914,0.010374202069117324,0.03220559101915034,0.05567246313009025,-0.20673563724411181,-0.20436935945410523,-0.060484261501210654,0.027120845256438476,-0.003735417125247634,0.0036781862205591018,0.026493506493506493,0.17427030596522122,0.003189522342064715,0.33689852520360997,0.39399075500770414,0.14423068456966762,0.19593000220118864,0.20072859344045785,0.022819722650231127,0.15640325775918995,0.23113801452784505,0.42562183579132734,0.26815980629539954,-0.1916618974246093,0.020202509355051728,0.08050187101034559,0.09981730134272507
#52,0.29820383006823686,0.07734536649790887,0.32030596522121946,0.007825225621835791,-0.03587277129650011,0.04898745322474136,0.2604094210873872,0.33944530046224963,0.012863746423068458,0.32024653312788903,1.0,0.02212854941668501,0.3103235747303544,-0.026429672022892363,0.07901826986572749,0.11998459167950694,0.2711204050187101,0.09088487783403038,0.13889720449042484,0.14216817081223862,0.07196566145718689,0.18109619194364956,-0.13555580013207133,0.0007726172132951794,0.07499229583975346,0.09201848998459168,-0.23030816640986132,-0.0852278230244332,-0.05167290336781862,-0.016770856262381686,-0.21168831168831168,-0.2897094430992736,0.18644287915474356,0.11275368699097513,0.15574290116662998,0.20196786264582875,0.1432049306625578,0.1933370019810698,0.15504072198987454,0.15863966541932645,-0.1200792427911072,-0.043922518159806294,0.1469095311468193,0.31129650011005944,-0.18821483601144617,0.07270085846357033,-0.22629099713845477,-0.21185780321373543,-0.31398415144177855,-0.14782962799911953,0.07009024873431653,0.11924058991855602,-0.14774158045344485,-0.00011005943209333039,0.1264274708342505,0.1689588377723971,-0.15453885097952894,0.14063614351749945,-0.322987012987013,-0.19222980409421087,-0.1785956416464891,-0.05967422408100374,-0.0361038961038961,0.04744662117543474,-0.0051243671582654636,0.07321813779440899,0.3535241030156284,0.09285714285714286,0.23246313009024874,0.17385428131190844,0.2881157825225622,0.2714417785604226,0.23504512436715827,-0.07788685890380806,0.04720228923618754,0.18571428571428572,0.035837552278230246,-0.0926964560862866,0.030257539071098394,0.1802773497688752,0.017270526084085407,0.11530266343825665,0.04264142637023993,-0.11057891261281091,-0.018472375082544575,-0.23813999559762272,-0.29836891921637687,-0.12220779220779221,0.11959718247853841,-0.1912920977327757,0.0777988113581334,-0.2553180717587497,-0.13425269645608628,-0.24861765353290777,-0.2868038740920097,0.18429451904028174,0.23015848558221438,0.14592339863526305,0.07593000220118865,-0.03879815100154083,0.11519260400616332,-0.1512788906009245,-0.01963020030816641,-0.08620074840413823,0.20151221659696236,0.18488003521901827,0.025241030156284393,-0.13092670041822585,0.016284393572529164,-0.2409024873431653,-0.3012172573189522
#53,0.12818622055910192,-0.008153202729473915,0.1767620515078142,0.02965661457186881,0.10926260180497468,0.17436495707682148,0.004794188861985472,0.04706141316310808,0.06981289896544134,0.02664979088707902,0.02212854941668501,1.0,0.4412414703940128,0.12549416685009906,-0.28335901386748846,-0.22515078142196787,0.22379484921857803,-0.006238168611049967,-0.2307902267224301,-0.2695135373101475,-0.16504512436715826,-0.4278142196786265,-0.05356812678846577,-0.15391811578252257,-0.11441338322694256,-0.18247413603345808,0.015782522562183578,-0.0055359894342945195,-0.15390050627338764,-0.27210653753026637,-0.08863746423068457,-0.08305304864626899,0.21482940788025534,0.04589478318291878,0.03771076381245873,-0.11770856262381686,-0.0839555359894343,-0.20608628659476116,-0.018991855602025095,-0.16135373101474795,0.021446180937706363,0.03813119084305525,-0.026603565925599825,0.01983711204050187,0.10819062293638565,-0.0987739379264803,0.0187475236627779,0.007325555800132071,0.02208232445520581,-0.007063614351749945,0.11540832049306625,0.0413053048646269,0.1459520140876073,-0.09061413163108079,0.003878494386968963,-0.1534404578472375,0.1186814880035219,-0.1588399735857363,0.09338983050847458,0.17911292097732776,0.21784943869689632,-0.018036539731454984,-0.20278450363196127,-0.17115122165969623,-0.24797930882676644,-0.34654853620955317,0.3086220559101915,-0.17743341404358354,-0.28722209993396436,-0.21431653092670042,-0.07514858023332599,-0.07690953114681928,0.0975148580233326,-0.1048778340303764,0.07318952234206472,-0.059225181598062955,0.0666519920757209,-0.09066916134712745,-0.11310367598503192,-0.22725511776359233,0.4488531807175875,0.05220338983050848,0.14840193704600485,-0.17934624697336563,0.2558397534668721,0.1852080123266564,0.028670482060312568,0.05682148360114462,0.15122165969623597,0.051049966982170375,0.08823464670922299,0.12360774818401937,0.2333876293198327,0.10879594981289896,0.0031234866828087167,0.10265243231344927,-0.32095091349328636,0.2132577591899626,0.09820603125687871,0.19180057230904687,0.2520845256438477,0.2256240369799692,0.18739379264802994,0.1711732335461149,0.24342725071538632,0.05024653312788906,0.2216156724631301,0.14699757869249394,0.012663438256658596,0.1052014087607308,0.13008364516839094
#54,-0.05647589698437156,0.06311248073959938,0.26896984371560645,-0.05233105877173674,0.13321813779440897,0.541369139335241,0.17873651771956856,-0.07664979088707902,0.3285031917235307,0.08555359894342945,0.3103235747303544,0.4412414703940128,1.0,0.12362315650451244,-0.16211314109619193,-0.018692493946731236,0.34097952894563066,0.1921087387189082,-0.1789522342064715,-0.16737178076161127,-0.1848580233325996,-0.39736517719568565,-0.02665859564164649,-0.22653973145498568,-0.09030376403257759,-0.2848778340303764,-0.16558661677305744,-0.08966982170372001,0.004025974025974026,-0.5238190622936386,0.21660356592559982,-0.1501716927140656,0.38590799031476997,0.07206691613471275,0.17235307065815542,-0.020858463570327977,0.00015408320493066256,-0.24592339863526305,-0.015758309487123045,-0.11874532247413604,-0.030801232665639444,-0.03230244331939247,-0.13080563504292317,0.09625137574290117,-0.013915914593880696,0.03148800352190183,-0.09512436715826546,-0.09676865507373981,-0.27558221439577374,-0.08809377063614351,0.11801012546775258,0.0549438696896324,-0.048245652652432316,-0.17238168611049967,-0.17308826766453886,-0.2656174334140436,-0.16220999339643408,-0.2593264362755888,0.019436495707682147,0.1891041162227603,0.1965243231344926,0.09257759189962579,-0.14631961259079904,0.12701298701298702,-0.10661677305745103,-0.07969403477878054,0.5136209553158706,0.03480079242791107,-0.06276469293418446,0.0939357252916575,0.10600484261501211,0.18311027955095752,0.01822143957737178,-0.30515298261060975,-0.1011864406779661,-0.007919876733436056,0.09736737838432753,0.05538630860664759,0.04425269645608629,-0.08900946511116002,0.03554259300022012,0.3277657935285054,0.07856042262821925,-0.47491525423728814,0.12039401276689413,0.13333039841514419,0.023579132731675105,0.1805987233105877,0.05884877834030376,0.20543693594541051,0.23987012987012987,0.2637354171252476,0.24322694254897645,0.14191943649570768,0.017770195905789127,0.30035879374862423,-0.10797050407219899,0.483647369579573,0.15903587937486244,0.052769095311468193,0.30797270526084086,0.36957517059211975,0.26869909751265686,0.34130310367598504,0.352656834690733,0.2746268985252036,0.12791547435615233,0.16298261060972927,0.1512194585075941,0.04720889280211314,0.05560422628219239
#58,-0.16746423068456967,0.005668060752806516,0.0074510235527184675,0.08441338322694254,0.14801012546775258,0.26604226282192384,-0.01759850319172353,-0.2710147479639005,0.32029275808936825,0.1041206251375743,-0.026429672022892363,0.12549416685009906,0.12362315650451244,1.0,0.006031256878714506,0.06779220779220779,-0.04619194364957077,0.11640986132511556,0.2400066035659256,0.24709663218137795,-0.022813119084305524,0.07176755447941889,0.06321813779440898,-0.0777525863966542,-0.27921857803213734,0.037959498128989654,-0.27826106097292536,-0.30543473475676863,0.19565045124367159,0.0825974025974026,0.2549614791987673,0.1310411622276029,0.04319392471934845,-0.029581774158045346,0.2093616552938587,0.056394453004622494,0.06404578472375083,0.09495927801012546,-0.04550517279330839,-0.12618093770636143,0.019306625577812018,0.0852410301562844,-0.11771736737838433,0.038756328417345366,-0.3397512656834691,0.12415584415584416,-0.10913053048646269,-0.20710323574730355,-0.11990534888839974,-0.16481620074840414,-0.2335725291657495,-0.0013207131851199648,-0.18611710323574732,-0.12714285714285714,-0.18371560642747084,0.18337882456526525,-0.22246753246753248,0.1065529385868369,-0.19757649130530486,-0.3137904468412943,0.2729275808936826,0.20453224741360335,0.2463020030816641,0.02718467972705261,-0.033724411182038304,0.04529605987233106,-0.022383887299141536,0.2649922958397535,0.27168611049966984,0.452953995157385,0.25640986132511556,0.19914813999559763,-0.11252036099493727,0.07936605767114242,-0.13267004182258418,0.06672243011226062,-0.027160466651992076,-0.1506537530266344,0.007028395333480079,0.19666299801893022,-0.245115562403698,0.08978428351309707,-0.3355800132071319,0.31515078142196784,0.18550077041602464,0.16150781421967864,0.21246092890160687,-0.13975786924939468,0.07189962579793088,0.10461809377063615,0.009128329297820823,-0.05410521681708123,-0.06460048426150121,0.04649130530486463,-0.06279110719788686,-0.18347127448822365,0.1150561303103676,0.07284173453664979,0.044604886638784945,-0.03201628879594981,0.011314109619194365,0.23967422408100375,0.08398195025313669,0.1794475016508915,0.02824125027514858,0.030794629099713845,-0.12405679066696015,0.2062887959498129,0.014318732115342285,0.08217917675544795,-0.03422628219238389
#101,-0.3689918556020251,-0.2902399295619635,-0.33900946511116004,-0.2037376183138895,-0.509867928681488,-0.23250935505172793,-0.19607307946290997,-0.1718666079683029,-0.17825005502971605,-0.17913493286374643,0.07901826986572749,-0.28335901386748846,-0.16211314109619193,0.006031256878714506,1.0,0.521338322694255,-0.349801893022232,-0.18167290336781863,0.4623530706581554,0.2395773717807616,0.44707462029495926,0.26217917675544794,-0.0020140876073079465,0.3734866828087167,0.45019370460048425,0.3620603125687871,-0.15114241690512878,-0.5300110059432094,0.22824785384107418,0.1790446841294299,0.03465111160026414,-0.10715166189742462,-0.3195971824785384,0.09166409861325116,0.19544133832269425,0.05128989654413383,0.5811688311688312,0.3497886858903808,0.4259608188421748,0.6441778560422629,0.016781862205591018,0.15615232225401718,0.4919722650231125,0.3603697996918336,-0.1346599163548316,0.2805899185560202,-0.23281752146158927,-0.23099493726612372,-0.2147391591459388,-0.23976007043803654,-0.4553841074180057,-0.3826436275588818,-0.07238168611049967,0.29265023112480737,0.5009090909090909,0.4746929341844596,0.07598943429451904,0.2821307506053269,-0.5423376623376623,-0.5374972485141977,-0.18102355271846798,-0.2888465771516619,0.5991811578252256,0.4070592119744662,-0.155049526744442,-0.3790226722430112,0.060327977107638125,0.3809289016068677,0.3788157605106758,0.268498789346247,-0.16933744221879815,-0.09026634382566585,0.3574488223640766,-0.07097072419106318,0.1471252476337222,0.01326436275588818,-0.04820383006823685,-0.3242130750605327,0.3040325775918996,0.34,-0.04492626018049747,-0.1594122826326216,-0.11321153422848339,0.1394871230464451,-0.29072639225181596,-0.35508694695135373,-0.4186374642306846,-0.33530926700418223,0.010915694475016509,-0.414884437596302,-0.0937376183138895,-0.5323882896764253,-0.5678516398855382,-0.48821483601144616,-0.5736033458067357,-0.28279110719788686,0.254356152322254,-0.5586220559101915,-0.5438014527845036,-0.33735417125247635,-0.42012987012987013,-0.4318137794408981,-0.20306185340083646,-0.34948272066916136,-0.2558001320713185,-0.24892802113141096,-0.19096412062513757,-0.30399075500770417,-0.11236407660136474,-0.5656042262821924,-0.6552586396654193
#102,-0.06546775258639666,0.03833370019810698,-0.14254897644728154,0.04059211974466212,-0.2011336121505613,-0.0015914593880695575,0.07913933524103016,-0.05964780981730134,0.20433854281311908,0.20182918776139114,0.11998459167950694,-0.22515078142196787,-0.018692493946731236,0.06779220779220779,0.521338322694255,1.0,-0.19512656834690734,-0.057134052388289676,0.37960818842174776,0.46633061853400837,-0.22198547215496367,0.3702553378824565,-0.17943209333039842,0.31870349988994057,-0.22328637464230686,0.3093462469733656,-0.33583314990094654,-0.32724631300902485,-0.1233942328857583,0.018672683248954436,0.010244331939247193,-0.25297820823244555,0.005498569227382787,0.047783403037640323,-0.06782742681047765,0.1470988333700198,0.1439687431212855,0.37347127448822365,0.1261699317631521,0.34719568567026193,-0.10827426810477658,-0.0654919656614572,0.09227823024433193,0.35241690512876955,-0.1992097732775699,0.2796456086286595,0.018309487123046444,-0.0087343165309267,-0.26592339863526304,-0.17234426590358795,0.09537090028615453,-0.0526106097292538,0.007895663658375523,0.21379264802993617,-0.1586352630420427,0.18979969183359013,-0.36420206911732333,0.17600924499229584,-0.24249614791987673,-0.20622055910191503,-0.1802839533348008,-0.167739379264803,0.48427470834250497,0.47904248294078805,-0.19744662117543474,-0.14733876293198328,-0.00020250935505172792,0.38447281532027294,0.2312920977327757,0.5261633281972266,-0.019385868368919215,-0.019958177415804534,0.09824565265243232,-0.032075720889280214,-0.288415144177856,-0.1435527184679727,-0.21277569887739378,-0.18559542152762493,-0.002291437376183139,0.5028769535549197,-0.05517059211974466,-0.17325115562403698,-0.10929121725731895,0.013207131851199648,-0.14977988113581334,-0.2039489324235087,-0.2009156944750165,-0.12462029495927801,-0.1517147259520141,-0.3317257318952234,-0.03864406779661017,-0.2684173453664979,-0.267112040501871,-0.1821021351529826,-0.19040721989874532,-0.34988553819062296,0.4044287915474356,-0.22626458287475237,-0.24620074840413825,-0.252161567246313,-0.25731454985692276,-0.19728593440457848,-0.23166409861325116,-0.1603896103896104,-0.268943429451904,0.01576271186440678,-0.14650891481399955,-0.2917059211974466,-0.0837310147479639,-0.19319392471934846,-0.24977767994717148
#201,0.4725621835791327,0.3686110499669822,0.738928021131411,0.5530222320052829,0.1698547215496368,0.41845476557340966,0.08051727933083866,0.26521681708122385,-0.005208012326656394,0.3089192163768435,0.2711204050187101,0.22379484921857803,0.34097952894563066,-0.04619194364957077,-0.349801893022232,-0.19512656834690734,1.0,0.5806559542152763,-0.1940810037420207,-0.12206691613471274,-0.14489324235086948,-0.12794188861985473,-0.08646489104116223,-0.16259520140876074,0.0037992515958617653,-0.2439621395553599,0.0789918556020251,0.22687211093990756,0.10783403037640325,-0.06755227823024433,0.21737178076161126,-0.02599603786044464,0.2959652212194585,0.02958617653532908,-0.026471494607087826,0.09146379044684129,-0.08460928901606868,-0.0990050627338763,-0.19442879154743561,-0.1848646268985252,-0.048972044904248294,-0.11254017169271406,-0.11765133171912832,-0.09659035879374862,-0.12052828527404799,-0.06154523442659036,0.02285494166850099,0.0812260620735197,-0.09556460488663879,0.0212062513757429,0.17612810917895663,0.16313669381465992,-0.1585428131190843,-0.09701298701298701,-0.14763812458727713,-0.06957517059211975,-0.2631036759850319,-0.16582434514637903,-0.01546335020911292,0.022117543473475675,-0.14889060092449924,0.0020471054369359453,-0.3073893902707462,-0.1097490644948272,0.3093836671802774,0.2464010565705481,0.06500110059432093,-0.13430992736077482,-0.015293858683689193,-0.13412942989214174,0.2554325335681268,0.365676865507374,-0.08804094210873872,0.0050121065375302665,-0.17593000220118865,-0.05593880695575611,0.058707902267224304,-0.08505172793308387,0.2100132071318512,-0.043823464670922296,0.06044684129429892,0.22211534228483382,-0.2915430332379485,-0.004173453664979089,0.20722650231124806,0.017591899625797932,0.005941008144397975,0.14449922958397535,-0.03357252916574951,0.12936385648250054,-0.07259300022011886,0.1857010785824345,0.12412282632621616,0.07752366277790007,0.017442218798151003,0.5498371120405019,0.026394453004622495,0.6556064274708342,0.516880915694475,0.4249988994056791,0.4787145058331499,0.49054369359454103,0.3385031917235307,0.446814880035219,0.4174356152322254,0.49377944089808495,0.24818842174774378,-0.13334800792427912,-0.07586616773057452,0.03783403037640326,0.06532907770195906
