,#10,#11,#12,#13,#17,#18,#26,#49,#50,#51,#52,#53,#54,#58,#101,#102,#201,#202,#301,#302,#401,#402,#501,#502,#601,#602,#701,#702,#801,#802,#901,#902,#1001,#1002,#1101,#1102,#1201,#1202,#1301,#1302,#1401,#1402,#1501,#1502,#1601,#1602,#1701,#1702,#1801,#1802,#1901,#1902,#2001,#2002,#2101,#2102,#2201,#2202,#2301,#2302,#2401,#2402,#2501,#2502,#2601,#2602,#2701,#2702,#2801,#2802,#2901,#2902,#3001,#3002,#3101,#3102,#3201,#3202,#3301,#3302,#3401,#3402,#3455,#3501,#3502,#3601,#3602,#3701,#3702,#3801,#3802,#3901,#3902,#4001,#4002,#4101,#4102,#4201,#4202,#4301,#4302,#4401,#4402,#4501,#4502,#4601,#4602,#4701,#4702,#4801,#4802
#10,1.0,0.39935505172793306,0.07530706581554039,0.41086726832489545,0.3852344265903588,-0.06512436715826546,-0.22313669381465992,0.4800528285274048,0.04241470394012767,0.2659344045784724,0.33734096412062514,0.3183072859344046,-0.03404798591239269,-0.3082786704820603,-0.37304424389170154,-0.2957803213735417,0.41786264582874755,-0.29113801452784505,-0.13978208232445521,-0.06026194144838213,-0.09436055469953775,-0.11440457847237508,-0.2003169711644288,-0.11016288795949813,-0.1806515518379925,0.08160246533127889,0.22891921637684348,0.36849438696896325,-0.38708342504952675,-0.06842394893242351,-0.20804754567466432,0.1458331499009465,-0.09346467092229804,-0.020596522121945852,-0.0412392692053709,-0.19325996037860443,-0.5067576491305305,-0.2728593440457847,-0.1654655513977548,-0.35988333700198105,-0.03716486902927581,-0.11881135813339203,-0.269768875192604,-0.21979308826766453,-0.14668060752806517,-0.08053488883997359,0.10884877834030376,0.46620735197006385,0.27891041162227603,0.2660290556900726,0.16201848998459167,0.03130750605326876,0.12480079242791108,-0.1664935064935065,0.01138234646709223,-0.10458507594100815,0.14151441778560422,0.03182478538410742,0.1856042262821924,-0.05585075941008144,0.047607307946291,0.21452564384767775,-0.37418225841954655,-0.5016971164428792,0.32671362535769316,0.1477591899625798,-0.4188135593220339,-0.23938586836891923,-0.32790887079022674,-0.2675456746643187,0.008789346246973365,-0.024285714285714285,0.05690732995817742,0.18639445300462248,0.10915034118423948,0.16062293638564826,0.04768655073739819,0.10913273167510455,-0.3323420647149461,-0.36706801672903366,-0.0032929782082324454,0.03782522562183579,-0.1513119084305525,-0.14801893022232004,0.1472837332159366,0.1175610829848118,0.03809377063614352,-0.14411402157164868,0.07653092670041822,-0.19022232005282852,0.19371340523882896,0.29223200528285276,-0.022982610609729254,0.05832709663218138,-0.05784283513097072,-0.07645608628659475,-0.18600044023772838,0.2731565045124367,0.031587057010785825,0.14972705260840855,0.0961303103675985,-0.06596522121945851,-0.016227162667840633,0.039848117983711205,-0.1543429451904028,0.2544111820383007,0.1350231124807396,0.07641206251375743,-0.09581774158045345,0.19961919436495706,0.08303323794849218
#11,0.39935505172793306,1.0,0.22050187101034557,0.2711248073959938,0.33535989434294516,0.07725511776359234,0.24557340964120625,0.17836011446180938,0.17691173233546115,0.4610631741140216,0.26154523442659033,0.13422187981510014,0.002139555359894343,0.009878934624697336,0.12427690953114683,0.2003565925599824,0.1900792427911072,0.07342945190402818,-0.016649790887079022,0.11950253136693814,0.07161347127448822,0.04441118203830068,-0.1581752146158926,-0.024701738939027076,-0.120297160466652,0.0439423288575831,-0.2139291217257319,-0.1675016508914814,-0.17447281532027295,-0.12230244331939247,0.012117543473475677,0.10755668060752807,0.13881135813339204,0.23090468853180718,-0.17762271626678405,-0.11449702839533347,-0.09146158925819943,0.10464891041162228,0.01783182918776139,0.03233546114902047,-0.07056570548095972,-0.02484041382346467,-0.05625357693154303,0.10265463350209113,0.09740699977988114,0.1257869249394673,-0.0074510235527184675,-0.10266563944530047,-0.11193044243891702,-0.16143957737178077,-0.12257979308826766,-0.09761171032357473,-0.20501871010345588,0.020354391371340524,-0.03194144838212635,0.13641866607968303,-0.151831388950033,0.042656834690732996,0.02441338322694255,0.35801893022232006,-0.2144353951133612,-0.060759410081443976,-0.09895443539511337,-0.06599163548316091,0.037706361435174994,-0.05942989214175655,-0.22135593220338984,0.0021967862645828748,0.040140876073079465,0.25925819942769096,0.054921857803213736,0.21940347787805414,-0.19968743121285495,-0.06277129650011005,-0.06436495707682148,-0.01840413823464671,-0.20951573849878935,-0.23663438256658595,-0.18333920316971164,0.07849218578032137,-0.1576535329077702,-0.04016068677085626,-0.1660378604446401,-0.09189082104336342,0.03952454325335681,-0.17568346907329957,-0.12296500110059431,-0.025390710983931322,0.036889720449042485,-0.0016685009905348888,0.04739379264802994,-0.04245432533568127,-0.16941228263262162,-0.1488928021131411,0.0684437596302003,-0.055584415584415584,0.09955535989434294,-0.014342945190402818,0.19482720669161346,-0.207607307946291,-0.20025313669381467,0.10021571648690293,0.17632401496808275,-0.14254897644728154,-0.02454105216817081,-0.06683248954435395,0.020173893902707463,0.003436055469953775,-0.1550561303103676,-0.08526964560862867,0.15655513977547875
#12,0.07530706581554039,0.22050187101034557,1.0,0.3932709663218138,0.1427096632181378,0.5426656394453004,0.06965221219458508,0.07964560862865948,0.1841470394012767,0.26167070217917676,0.08748624257098833,-0.09101915034118424,0.4961897424609289,0.11769095311468193,-0.18942108738718907,0.11615452344265903,0.45534888839973586,0.7287893462469733,-0.28099053488883996,-0.21462909971384547,-0.3901474796390051,-0.20938366718027734,0.019605987233105877,0.18217257318952235,-0.051488003521901825,-0.030737398195025314,-0.10661457186880915,-0.13167290336781862,0.4053158705701079,0.4289984591679507,0.3983138895003302,-0.16553378824565265,0.6331432973805855,0.29265463350209114,-0.19633722209993396,0.0017015188201628879,-0.04980849658815761,0.03996478098173013,0.09552938586836891,0.0613383226942549,-0.102590799031477,-0.06552278230244332,0.10360554699537751,-0.055674664318732116,-0.0076491305304864626,-0.05168611049966982,-0.08238388729914153,-0.2993132291437376,-0.19944970283953334,-0.3595069337442219,-0.10957296940347788,0.03169931763152102,0.07142196786264583,-0.013119084305524983,-0.08248294078802554,-0.07508914813999559,-0.3964736957957297,-0.5518996257979308,-0.08602245212414704,0.020607528065155183,0.001201848998459168,-0.020944309927360776,0.060209112920977324,0.06819942769095312,0.20792868148800353,0.24106537530266345,0.1239489324235087,-0.26948272066916135,0.027541272287035,0.02065595421527625,0.3211732335461149,0.22516618974246094,-0.24241030156284393,-0.14538850979528944,-0.40121725731895225,-0.20316090688972044,-0.2698173013427251,-0.16940347787805415,0.10281532027294739,0.2408496588157605,-0.19561303103675984,0.23132951793968742,0.38724851419766676,0.2708694695135373,0.24964120625137573,0.08299801893022232,0.32788685890380803,0.0066784063394232885,-0.13830728593440458,-0.0662755888179617,-0.057134052388289676,0.11242130750605327,0.1502839533348008,0.2310609729253797,0.3064825005502972,0.40550297160466653,0.21466431873211533,0.6022298040942109,0.42219898745322476,0.05560862865947612,-0.08312348668280872,0.6450627338762932,0.5245608628659476,0.38072198987453226,0.31184899845916797,0.35976887519260403,0.15003081664098614,0.06639225181598063,-0.05932643627558882,0.17327096632181377,0.21339423288575832
#13,0.41086726832489545,0.2711248073959938,0.3932709663218138,1.0,0.1772573189522342,0.21231124807395993,0.0462689852520361,0.2401122606207352,0.16720889280211315,0.5049812898965441,0.09213075060532688,0.09042923178516399,0.16698437156064275,0.0009244992295839754,-0.11760290556900727,-0.12280651551837993,0.5792912172573189,0.13400616332819723,-0.06726612370680167,-0.03888399735857363,-0.07341844596081884,0.01985692273827867,-0.05752366277790007,-0.05227602905569007,0.0037596302003081662,0.06822364076601364,0.010305965221219458,0.08036539731454986,0.037373981950253134,0.20966101694915254,0.13496147919876733,-0.21941668500990535,0.2845234426590359,-0.04252256218357913,-0.18793528505392912,-0.046196346026854504,-0.30772837332159364,0.024254897644728154,-0.05081223860884878,-0.10457847237508254,-0.139306625577812,0.10837552278230245,-0.08966101694915254,-0.07129429892141756,-0.2277327756988774,-0.082590799031477,0.1679484921857803,0.010607528065155183,-0.022575390710983932,-0.08017829627999119,0.11520140876073079,0.07865287255117763,0.14436275588817962,-0.06139555359894343,0.0637310147479639,0.02313449262601805,-0.2573321593660577,-0.1417455425930002,-0.017486242570988332,-0.20408320493066257,-0.06830068236847898,0.12274488223640766,-0.082920977327757,-0.2514968082764693,0.3020933303984151,0.07474136033458068,-0.012099933964340745,-0.09479418886198547,-0.09211974466211754,-0.14292978208232446,0.08205811138014528,0.06408980849658816,-0.040737398195025316,-0.13973365617433414,-0.17526304204270307,-0.19563944530046226,-0.10571208452564385,-0.10064714946070878,-0.01962359674224081,0.013792648029936166,-0.10318952234206472,0.056588157605106756,0.08535108958837773,-0.06034998899405679,0.1297754787585296,-0.05527624917455426,0.1784041382346467,0.0064208672683248955,0.1317257318952234,-0.29390490865067137,0.1885428131190843,0.1575808936825886,0.018415144177856044,0.14537090028615451,0.027094430992736077,0.1343583535108959,-0.04565705480959718,0.4074158045344486,0.14977107638124587,0.37285494166850097,-0.05302223200528285,0.2750209112920977,0.10411622276029056,0.21051948051948052,0.07500110059432093,0.34394453004622494,0.10376623376623377,0.08268324895443539,-0.18536209553158706,0.2172375082544574,0.16452784503631962
#17,0.3852344265903588,0.33535989434294516,0.1427096632181378,0.1772573189522342,1.0,0.247640325775919,-0.3726348228043143,0.19851199647809817,0.23868589038080565,0.12147479639005063,-0.008342504952674443,0.6027977107638125,0.15902707462029497,-0.023482280431432974,-0.07397754787585296,-0.15699757869249395,0.11652212194585077,-0.011366938146599163,-0.17742020691173233,-0.013125687871450584,-0.008582434514637905,-0.07949152542372881,0.06373541712524763,-0.08904908650671363,-0.22062293638564826,-0.27501430772617214,-0.17541052168170812,-0.15150781421967863,-0.2423200528285274,0.028115782522562183,-0.01055910191503412,0.1657803213735417,-0.00987673343605547,-0.007486242570988334,0.10253797050407219,0.20664318732115342,-0.0585560202509355,-0.038969843715606425,0.10998239049086507,-0.1277988113581334,0.022832929782082324,-0.02648910411622276,0.07075500770416025,0.06763592339863526,0.19444199867928683,0.0889192163768435,-0.20898084965881575,-0.028641866607968303,-0.1113383226942549,0.007310147479639005,-0.169636803874092,-0.05192824125027515,-0.02935064935064935,-0.22318732115342285,-0.1897820823244552,-0.27499449702839535,0.008087167070217918,0.015588817961699317,-0.00025533788245652654,0.2841448382126348,-0.1491635483160907,-0.02438696896324015,0.07274708342504953,-0.2770746202949593,-0.06501430772617213,0.1186616773057451,-0.18314769975786924,-0.32167730574510234,-0.2730970724191063,0.14673563724411182,-0.13137574290116663,-0.10168390931102796,0.199372661237068,0.2544265903587937,0.11167070217917675,0.18006383447061414,0.01092229804094211,-0.06861104996698217,-0.3123310587717367,-0.1310675764913053,-0.0028703499889940567,0.4594893242350869,-0.17602245212414705,0.27909531146819283,0.58491745542593,0.06294519040281753,0.13569667620515077,0.0700528285274048,0.02069557561082985,0.37031476997578694,0.4613295179396874,0.09600704380365398,0.12849878934624698,-0.08053709002861545,0.12805635042923177,-0.019374862425709884,-0.1496896324014968,0.09665419326436275,-0.06896103896103896,-0.042093330398415146,-0.10777459828307286,0.054054589478318295,0.13612150561303105,-0.03305524983491085,-0.05408540611930442,-0.03702839533348008,-0.02298481179837112,-0.13403697996918335,-0.17249614791987675,-0.04231124807395994,-0.09558221439577372
#18,-0.06512436715826546,0.07725511776359234,0.5426656394453004,0.21231124807395993,0.247640325775919,1.0,-0.10551617873651772,-0.06087607307946291,0.18784943869689633,0.08466431873211534,-0.18283292978208232,0.03418005723090469,0.6858573629760071,0.07576491305304865,-0.08435395113361215,-0.02517939687431213,0.32852080123266564,0.7151023552718468,-0.3010147479639005,-0.3039665419326436,-0.33140655954215276,-0.26538190622936386,0.2831543033237949,0.10947831829187761,0.04188861985472155,-0.3004490424829408,-0.07183579132731675,-0.23649130530486462,0.4578824565265243,0.5241030156284393,0.28018489984591677,-0.03552498349108519,0.5067818622055911,0.07253576931543033,-0.16727492846136913,0.017933083865287254,0.2345344486022452,0.05473035439137134,0.3360048426150121,-0.05783403037640326,-0.0628153202729474,-0.05141976667400396,0.2334470614131631,0.10209112920977327,0.16064935064935065,-0.1614175654853621,-0.13617433414043584,-0.31259520140876074,-0.20192383887299142,-0.272755888179617,-0.2425775918996258,0.0018886198547215496,0.23183799251595863,-0.003110279550957517,-0.0035967422408100373,-0.12752366277790006,-0.3295839753466872,-0.3835747303543914,-0.18336341624477218,0.05655513977547876,-0.11283072859344045,-0.16491965661457186,0.05748404138234647,0.0727030596522122,-0.012819722650231125,0.009559762271626679,0.10712965001100594,-0.33919876733436055,-0.010383006823684789,-0.04249394673123487,0.26523002421307507,-0.1273167510455646,0.0187012987012987,-0.07391811578252257,-0.252953995157385,-0.056110499669821706,-0.16838652872551177,-0.01340083645168391,0.25440017609509136,0.1958529605987233,-0.15376843495487563,0.6309817301342725,0.4115606427470834,0.5002487343165309,0.45771516618974245,0.0249570768214836,0.27711424169051285,0.3341338322694255,0.020204710543693594,0.19241030156284394,0.08775478758529606,-0.031672903367818625,0.41465771516618977,0.0746335020911292,0.19270526084085407,0.35159806295399515,0.04689852520360995,0.37015408320493065,0.12270305965221219,-0.1010807836231565,-0.18459608188421747,0.7121593660576712,0.5067950693374422,0.24492626018049746,0.3227779000660357,0.17321593660576712,-0.03923398635263042,-0.04566585956416465,-0.08879815100154083,-0.1732951793968743,-0.006555139775478758
#26,-0.22313669381465992,0.24557340964120625,0.06965221219458508,0.0462689852520361,-0.3726348228043143,-0.10551617873651772,1.0,-0.043191723530706584,-0.22105657054809597,0.2460378604446401,0.2555227823024433,-0.2327492846136914,0.05020911292097733,0.23937706361435174,0.0927096632181378,0.28950473255558,0.041749944970283955,0.07527845036319612,0.011886418666079684,0.13022232005282852,0.18849658815760512,0.12688972044904248,-0.26272727272727275,-0.1845234426590359,-0.004334140435835351,0.11728593440457848,-0.19370680167290336,-0.12691613471274488,0.18413163108078362,-0.08878274268104777,0.3117301342725072,-0.10990534888839974,0.17306625577812018,0.23014307726172134,-0.02455646048866388,0.018335901386748843,0.05180057230904689,0.15272507153863085,-0.11683028835571209,0.15540611930442438,-0.20054369359454105,0.16880915694475015,-0.15908650671362537,0.2274818401937046,-0.20445080343385427,-0.09548756328417346,0.06905569007263923,-0.21169271406559542,0.029828307285934403,-0.30778340303764035,0.010121065375302664,0.04861985472154964,-0.10574069997798811,0.23330838652872551,0.06922077922077922,0.35281091789566366,-0.054043583535108956,0.042663438256658595,-0.14139555359894343,-0.1024125027514858,0.03411402157164869,-0.004435395113361215,-0.06353731014747964,0.06276029055690073,0.028558221439577373,0.0033986352630420427,0.02330398415144178,0.34107638124587275,0.18846357032797711,0.2838366718027735,0.21023772837332158,0.41024653312788906,-0.27760290556900724,-0.19858683689192164,-0.030261941448382127,-0.059403477878054146,0.021679506933744222,-0.020884877834030376,0.18936385648250054,0.17956416464891042,-0.09209112920977328,-0.3185846357032798,0.03286594761171032,-0.2579771076381246,-0.3558133392031697,-0.22618093770636144,-0.07050407219898745,-0.11399515738498789,0.10726612370680168,-0.2591525423728814,-0.12865287255117763,-0.24724191063174114,-0.24537310147479638,0.10980409421087388,0.10104996698217038,0.11617873651771957,0.10461369139335241,-0.18144618093770637,0.17681047765793528,0.05354171252476337,-0.0021417565485362094,-0.01145938806955756,-0.011545234426590358,-0.009229583975346687,0.06648910411622276,-0.025595421527624916,0.14636583755227822,0.1837112040501871,0.14174994497028395,0.09042262821923838,0.4086682808716707
#49,0.4800528285274048,0.17836011446180938,0.07964560862865948,0.2401122606207352,0.19851199647809817,-0.06087607307946291,-0.043191723530706584,1.0,0.16536649790887079,0.24211314109619195,0.17352190182698657,0.36662777900066035,0.16279771076381247,-0.10075500770416025,-0.17189522342064714,-0.3083182918776139,0.4318908210433634,-0.17651771956856702,-0.11246753246753247,-0.21977107638124588,-0.07376183138895004,-0.2294342945190403,0.052262821923838874,-0.21952674444199868,0.048155403918115784,-0.18716486902927582,0.28602905569007264,-0.0032665639445300463,-0.010378604446401056,0.027739379264802994,-0.23036759850319172,0.0013163108078362315,-0.07343165309267004,-0.13485362095531586,0.14065375302663438,-0.2527118644067797,-0.12766453885097953,-0.2992692053709003,-0.12849878934624698,-0.4603147699757869,-0.07107858243451463,-0.2068280871670702,-0.2538366718027735,-0.3347259520140876,-0.17071318511996478,-0.20574950473255557,0.10659476117103235,0.09485362095531587,0.4009311027955096,0.08548095971824786,0.021569447501650893,-0.1328615452344266,0.20340964120625138,-0.2653951133612151,0.006233766233766234,-0.47952234206471495,0.27644508034338544,-0.19538190622936386,0.06257759189962579,-0.22847897864847017,0.002331058771736738,0.0937376183138895,-0.19300902487343166,-0.42142196786264585,0.1847457627118644,-0.051349328637464234,-0.1277459828307286,-0.21332599603786045,-0.37571208452564386,-0.36033017829628,-0.0985758309487123,0.012797710763812458,0.3186154523442659,0.19313449262601806,0.239240589918556,0.060898084965881574,0.010394012766894122,0.013959938366718027,-0.10685009905348888,-0.28731895223420645,0.27558661677305746,0.08146158925819942,0.16981950253136693,0.0059057891261281095,0.023603345806735638,0.2996522121945851,0.12032577591899626,-0.2318776139115122,0.11144618093770636,0.04088267664538851,0.09697336561743342,0.39761171032357473,0.14039841514417786,-0.08884217477437817,0.1708892802113141,0.05714946070878274,-0.16774598283072858,0.06634382566585957,-0.2947809817301343,0.01944970283953335,-0.1857296940347788,-0.09131631080783623,-0.033570327977107635,-0.05741140215716487,-0.2933964340744002,0.014829407880255338,-0.08097072419106317,-0.09769535549196566,-0.13328857583094872,0.0998415144177856,-0.04366718027734977
#50,0.04241470394012767,0.17691173233546115,0.1841470394012767,0.16720889280211315,0.23868589038080565,0.18784943869689633,-0.22105657054809597,0.16536649790887079,1.0,0.11870570107858243,-0.021342725071538633,0.0787277129650011,0.15159806295399517,0.1084371560642747,0.2298943429451904,0.12325115562403698,0.06830948712304645,0.28911512216596963,-0.016026854501430772,-0.15832269425489764,-0.20606427470834252,0.13086066475896985,0.38587497248514196,0.36037200088047544,0.07444199867928682,0.09105657054809597,-0.26127668941228266,-0.1429011666299802,-0.049465111160026415,0.07714065595421528,-0.11406999779881136,-0.12792648029936166,0.11806295399515739,-0.09887739379264802,-0.0598481179837112,0.040594320933303986,0.07609949372661237,0.20931983270966323,0.1303896103896104,0.1492339863526304,-0.11763592339863527,-0.1013185119964781,0.1883645168390931,0.04298701298701299,0.34025974025974026,0.2384921857803214,-0.25652432313449264,-0.2288928021131411,-0.3051089588377724,-0.014501430772617212,-0.19570548095971824,-0.01574290116662998,-0.024554259300022013,-0.024666519920757208,0.025016508914814,-0.039187761391151224,-0.20961919436495707,-0.050671362535769315,4.402377283733216e-05,0.3772000880475457,-0.12737398195025312,-0.1618181818181818,0.20030596522121946,0.15059652212194585,-0.3147303543913713,-0.17339643407440017,0.21571428571428572,0.02394453004622496,0.0850957517059212,-0.019167950693374423,-0.0928483381025754,-0.2821307506053269,-0.15027294739159147,-0.17720669161347127,-0.20992956196346027,-0.15770856262381686,-0.14860004402377283,-0.268877393792648,0.10315210213515298,0.23738498789346246,-0.14041162227602905,0.1252652432313449,-0.018250055029716047,0.2988179616993176,0.20316090688972044,-0.04702179176755448,0.13009024873431654,0.029108518600044025,-0.0524851419766674,0.08583535108958838,0.05097732775698877,0.03706581554039181,0.07178956636583755,-0.058978648470173894,0.254554259300022,0.09673563724411183,0.29286374642306845,0.12065375302663438,0.07916574950473255,-0.3077856042262822,-0.2724323134492626,0.22715826546335022,0.21333259960378603,0.12921417565485363,0.0017675544794188863,-0.28287255117763593,-0.3247589698437156,-0.031091789566365838,-0.26150121065375304,-0.25172793308386526,-0.30786924939467314
#51,0.2659344045784724,0.4610631741140216,0.26167070217917676,0.5049812898965441,0.12147479639005063,0.08466431873211534,0.2460378604446401,0.24211314109619195,0.11870570107858243,1.0,0.4798613251155624,0.14145278450363197,0.2519040281752146,0.025558001320713186,0.032190182698657276,-0.0162491745542593,0.4952784503631961,0.11742460928901607,0.11064935064935065,-0.049597182478538414,0.044375963020030815,0.14249394673123486,-0.04677525863966542,-0.07506493506493507,0.00462029495927801,0.07409641206251376,0.1234998899405679,-0.013852080123266565,0.08984371560642747,0.07297380585516179,0.13741140215716488,-0.055232225401716926,0.31251375742901166,0.10523002421307506,-0.015485362095531587,-0.1893858683689192,-0.0314241690512877,-0.1010741800572309,0.19923398635263043,-0.10996037860444641,-0.11061193044243892,0.02436055469953775,-0.09320933303984151,-0.07543473475676865,0.036075280651551835,0.04883777239709443,0.19449922958397534,0.06587057010785824,0.09744001760950914,-0.11567466431873212,0.0924785384107418,0.01262161567246313,0.07745322474136034,0.03222099933964341,0.21041822584195466,-0.023255558001320713,-0.29096632181377946,-0.20691833590138675,0.11147919876733436,0.05177195685670262,-0.2336913933524103,-0.12955315870570108,-0.15598943429451903,-0.010708782742681049,0.30381686110499667,-0.05296500110059432,-0.16622055910191502,-0.07484701738939027,-0.019242791107197888,-0.06837772397094431,-0.006563944530046225,-0.022390490865067135,-0.20817741580453444,-0.2576337222099934,-0.26642526964560864,-0.2933436055469954,-0.2377195685670262,-0.2515826546335021,0.0026458287475236626,0.05486902927580894,-0.16871010345586618,-0.07117543473475677,0.021540832049306624,-0.11396874312128549,-0.0013207131851199648,-0.16712304644508033,-0.031270085846357036,-0.03950693374422188,0.19994497028395333,-0.19984371560642747,0.09910631741140216,0.07715606427470834,-0.08553158705701079,-0.07465771516618974,-0.054807395993836674,0.29291657495047324,0.12160906889720449,0.11416685009905349,0.1462557781201849,0.09202509355051727,-0.07933744221879815,0.24067356372441118,0.25558661677305744,-0.02511996478098173,-0.04935285053929122,0.12447281532027295,0.04677305745102355,-0.10901386748844376,-0.2570856262381686,0.00031697116442879153,0.07846797270526085
#52,0.33734096412062514,0.26154523442659033,0.08748624257098833,0.09213075060532688,-0.008342504952674443,-0.18283292978208232,0.2555227823024433,0.17352190182698657,-0.021342725071538633,0.4798613251155624,1.0,0.08314769975786925,0.0798283072859344,-0.045524983491085184,-0.05180717587497249,0.10756548536209554,0.2062887959498129,-0.06007043803653973,0.20496147919876734,0.03927140655954215,-0.06245652652432313,0.11987012987012988,-0.2004820603125688,-0.006354831609068897,-0.016086286594761173,0.19136913933524102,0.20642967202289236,0.23727272727272727,-0.04987673343605547,-0.06582654633502091,0.20413603345806736,0.12755007704160246,-0.022066916134712743,0.09286814880035218,0.13903808056350428,-0.22842615012106537,-0.12685890380805634,-0.16727492846136913,-0.036810477657935284,-0.02811138014527845,-0.23725511776359234,-0.011474796390050628,-0.281386748844376,-0.03910411622276029,-0.12359454105216817,-0.12850539291217258,0.08530706581554039,0.14480079242791108,0.20581994276909532,0.07208012326656395,0.09699317631521022,0.14893682588597842,0.1913251155624037,0.29297600704380367,0.1924058991855602,0.08178736517719569,-0.06281091789566366,-0.01042262821923839,0.1328615452344266,0.08421087387189082,-0.2741712524763372,-0.11256878714505833,-0.30918776139115123,-0.11649570768214836,0.27406559542152764,0.30480299361655294,-0.2763988553819062,0.022009685230024213,0.032104336341624476,-0.09427250715386308,0.11965221219458508,0.1545828747523663,-0.1835725291657495,0.0489060092449923,-0.15693814659916355,-0.01850759410081444,-0.18388069557561082,0.041928241250275146,-0.10892802113141097,0.028773937926480298,-0.25517279330838655,-0.27725071538630863,-0.13923838872991415,-0.1829473915914594,-0.1199273607748184,-0.2312392692053709,-0.2907902267224301,-0.19204050187101035,-0.07080123266563945,-0.3160906889720449,-0.013453664979088708,-0.10240149680827647,-0.40661677305745103,-0.22657274928461368,-0.01704820603125688,0.19705040721989875,0.12321593660576712,0.04416024653312789,0.16852740479859124,-0.0036363636363636364,0.09394012766894123,0.05823024433193925,0.18169271406559542,-0.12696896324014967,-0.10524103015628439,-0.002542372881355932,0.14958397534668721,-0.08984151441778561,-0.07334140435835351,-0.001538630860664759,0.13793528505392913
#53,0.3183072859344046,0.13422187981510014,-0.09101915034118424,0.09042923178516399,0.6027977107638125,0.03418005723090469,-0.2327492846136914,0.36662777900066035,0.0787277129650011,0.14145278450363197,0.08314769975786925,1.0,0.07613911512216597,0.15251375742901166,-0.019009465111160025,-0.40842615012106537,0.19428791547435614,-0.24305965221219458,-0.21662117543473475,-0.22357032797710763,0.0032577591899625798,-0.26589918556020253,0.10915694475016509,-0.27277790006603564,-0.04571868809156945,-0.4198613251155624,-0.019685230024213074,-0.17399955976227163,-0.1977591899625798,-0.0029231785163988553,-0.2688465771516619,0.23560862865947613,-0.17256658595641647,-0.16283733215936605,0.3479506933744222,0.18556900726392253,0.06599163548316091,-0.14543473475676866,0.15490865067136253,-0.27376623376623377,0.21558441558441557,-0.03589478318291878,-0.2475214615892582,-0.11796830288355713,0.06460708782742682,-0.1274488223640766,-0.1597556680607528,0.12154083204930663,0.041078582434514635,0.14531807175874972,-0.017189082104336343,-0.22699537750385207,0.02197886858903808,-0.3393572529165749,-0.1387145058331499,-0.49101034558661677,0.12996918335901386,-0.1259850319172353,0.10237068016729034,-0.0025027514858023334,-0.11209112920977328,0.06693594541052168,-0.00021791767554479418,-0.30720889280211316,-0.18308606647589698,-0.1238696896324015,-0.03362315650451244,-0.22985031917235307,-0.23467752586396654,0.08725731895223421,-0.14028835571208453,-0.13412942989214174,0.45045784723750826,0.19493066255778121,0.30310147479639005,0.23700198106977768,0.1311270085846357,0.03370019810697777,-0.1472969403477878,-0.34804314329738056,0.3527470834250495,0.3821373541712525,-0.0900528285274048,0.30005502971604664,0.4849130530486463,0.18823024433193924,0.045817741580453444,-0.045375302663438255,0.031014747963900507,0.4103213735417125,0.37198106977768,0.28288355712084523,0.14287695355491967,-0.2713559322033898,-0.03276689412282632,-0.11905789126128109,-0.3505194805194805,-0.04273167510455646,-0.34286374642306844,0.10147919876733436,0.006856702619414484,-0.231567246313009,-0.05693154303323795,-0.08342504952674444,-0.09761171032357473,0.014265903587937487,-0.06910631741140216,-0.21890160686770857,-0.05808056350429232,-0.14482940788025533,-0.19326656394453004
#54,-0.03404798591239269,0.002139555359894343,0.4961897424609289,0.16698437156064275,0.15902707462029497,0.6858573629760071,0.05020911292097733,0.16279771076381247,0.15159806295399517,0.2519040281752146,0.0798283072859344,0.07613911512216597,1.0,0.1678582434514638,-0.16155183799251596,-0.12414043583535109,0.49020911292097735,0.6359982390490865,-0.19548976447281532,-0.3957539071098393,-0.41600044023772836,-0.1742526964560863,0.22278670482060312,0.015192604006163329,0.02528285274047986,-0.2314968082764693,0.12783403037640326,-0.06037200088047546,0.6421087387189082,0.5677922077922077,0.2731388950033018,-0.1439753466872111,0.5214769975786925,-0.07064494827206691,-0.11883116883116883,-0.03479418886198547,0.3337376183138895,-0.07701078582434515,0.24231124807395993,-0.14746423068456968,-0.05185780321373542,-0.048087167070217915,0.07364076601364737,-0.011347127448822363,0.031215056130310368,-0.13418005723090468,-0.11079462909971384,-0.17867708562623816,0.09318291877613911,-0.13913933524103014,-0.1252652432313449,0.002003081664098613,0.3394342945190403,-0.013383226942548976,0.011677305745102355,-0.2701848998459168,-0.2899933964340744,-0.35511116002641424,-0.2480827646929342,-0.05263922518159806,-0.2215826546335021,-0.31829187761391153,0.0641932643627559,0.061690512876953554,0.04622716266784063,0.09329077701959058,0.19471274488223642,-0.19454545454545455,-0.1260378604446401,-0.2081532027294739,0.1555051727933084,-0.1239489324235087,0.013565925599823905,-0.10936385648250055,-0.23132951793968742,-0.09216156724631301,-0.21548095971824785,-0.03933524103015629,0.3063922518159806,0.23000880475456748,0.05518820162887959,0.4655293858683689,0.5442306845696676,0.39113581333920316,0.3010741800572309,0.012665639445300463,0.13875852960598722,0.1995641646489104,-0.042709663218137794,0.0688531807175875,-0.08823684789786485,-0.09276689412282632,0.2503940127668941,-0.09347347567686551,0.11960158485582215,0.5321241470394013,0.0686286594761171,0.3937882456526524,0.07380585516178736,0.0475346687211094,0.021593660576711426,0.6884965881576051,0.49583094871230465,0.16724631300902487,0.20266563944530047,0.23313669381465993,0.08221879815100154,-0.20589038080563504,-0.09373321593660577,-0.21985252036099492,-0.07361875412722871
#58,-0.3082786704820603,0.009878934624697336,0.11769095311468193,0.0009244992295839754,-0.023482280431432974,0.07576491305304865,0.23937706361435174,-0.10075500770416025,0.1084371560642747,0.025558001320713186,-0.045524983491085184,0.15251375742901166,0.1678582434514638,1.0,0.24739379264802994,0.0498943429451904,-0.0015166189742460928,0.2304534448602245,0.011584855822143957,0.04060532687651332,-0.061023552718467974,-0.11606207351970063,0.03660576711424169,-0.028434954875632842,-0.19519260400616334,-0.10565265243231345,-0.43359674224081,-0.35689632401496807,0.07974686330618534,0.13885538190622937,0.2182984811798371,-0.1223728813559322,0.1947061413163108,0.13571208452564384,0.05627999119524543,0.460906889720449,0.2524697336561743,0.38662117543473473,-0.1507836231565045,0.27254897644728154,0.11385648250055029,0.28793308386528726,0.06909311027955095,0.34177635923398636,-0.061890821043363416,0.0799537750385208,-0.10582434514637905,-0.270891481399956,-0.35353070658155406,-0.36560422628219236,-0.12175874972485141,-0.19340964120625137,-0.18345146379044683,-0.21151441778560423,-0.41457406999779883,-0.11111160026414264,-0.2760268545014308,-0.15861104996698216,-0.30437596302003084,-0.04547435615232225,0.0287145058331499,-0.11875852960598723,0.5302377283733216,0.287541272287035,-0.3428681488003522,-0.06325115562403698,0.534224081003742,0.23393792648029937,0.39569667620515075,0.34614791987673343,0.09626458287475237,0.07481399955976227,0.04305524983491085,-0.1286748844375963,-0.04061633281972265,-0.12487343165309267,-0.12068456966762052,-0.3467708562623817,0.17337222099933963,0.29119524543253356,0.07040501871010346,0.017290336781862207,0.04214395773717808,0.3229782082324455,0.209735857362976,0.010138674884437596,0.10215936605767115,-0.019198767334360555,-0.14311688311688311,0.1795399515738499,0.057012987012987015,-0.20130970724191063,-0.12711644287915475,-0.09641646489104116,-0.024186660796830288,-0.03258859784283513,0.008582434514637905,0.09901166629980189,-0.04287255117763592,0.026764252696456086,0.08432533568126789,0.12010345586616773,0.0474554259300022,0.34886858903808055,0.21280651551837992,0.1755227823024433,-0.030768214836011446,0.007131851199647809,0.25444419986792866,-0.09448382126348229,-0.007534668721109399
#101,-0.37304424389170154,0.12427690953114683,-0.18942108738718907,-0.11760290556900727,-0.07397754787585296,-0.08435395113361215,0.0927096632181378,-0.17189522342064714,0.2298943429451904,0.032190182698657276,-0.05180717587497249,-0.019009465111160025,-0.16155183799251596,0.24739379264802994,1.0,0.6663218137794409,-0.22049966982170371,0.08410521681708122,0.4852542372881356,0.44269865727492846,0.31342945190402816,0.3830574510235527,0.1547721769755668,-0.00699537750385208,0.027475236627779,0.03751265683469073,-0.4694144838212635,-0.5233149900946511,-0.006202949592780101,-0.35107638124587276,-0.0735527184679727,-0.19271846797270525,-0.1780013207131851,-0.22685230024213074,-0.21145278450363197,0.02669601584855822,0.28305524983491087,0.4281598062953995,-0.050011005943209334,0.3812612810917896,0.11604226282192384,0.023072859344045786,0.10302003081664099,0.22136693814659916,0.24633942328857583,0.19594320933303985,-0.03432973805855162,-0.5007726172132951,-0.4143429451904028,-0.4425930002201189,-0.3795597622716267,-0.24037420206911733,-0.31578032137354173,-0.01565705480959718,-0.0500726392251816,0.24872991415364296,-0.1935923398635263,0.29285714285714287,0.01063614351749945,0.1932225401716927,-0.36849878934624697,-0.5190843055249835,0.3819150341184239,0.34786704820603126,-0.42582654633502093,-0.24714065595421528,0.2162623816861105,0.1314241690512877,0.5179925159586176,0.4273255558001321,0.05370239929561964,0.07861325115562404,0.03651992075720889,-0.102326656394453,-0.10397754787585296,-0.16580453444860224,-0.33743121285494165,-0.4402751485802333,-0.03071978868589038,0.36709002861545237,-0.15513317191283293,-0.0450099053488884,-0.07669821703720009,0.02414043583535109,-0.009834910851860005,-0.3935219018269866,-0.3951419766674004,0.013631961259079903,0.019790887079022674,0.11317851639885539,-0.12909531146819284,-0.4311798371120405,-0.2399207572088928,-0.4141074180057231,-0.06745102355271847,-0.19060092449922958,-0.0036407660136473694,-0.32863306185340085,-0.1425115562403698,-0.434488223640766,-0.3983953334800792,-0.11574069997798811,-0.1266189742460929,-0.14989874532247413,-0.22888399735857362,-0.3952872551177636,-0.49934844816200746,-0.25156064274708345,0.01265463350209113,-0.49495927801012546,-0.2510763812458728
#102,-0.2957803213735417,0.2003565925599824,0.11615452344265903,-0.12280651551837993,-0.15699757869249395,-0.02517939687431213,0.28950473255558,-0.3083182918776139,0.12325115562403698,-0.0162491745542593,0.10756548536209554,-0.40842615012106537,-0.12414043583535109,0.0498943429451904,0.6663218137794409,1.0,-0.19662337662337662,0.2953731014747964,0.4842108738718908,0.5753378824565265,0.1114043583535109,0.5085384107418006,-0.17341184239489324,0.09250935505172793,-0.10702399295619634,0.3458837772397094,-0.4789588377723971,-0.3637178076161127,0.06191503411842395,-0.2354655513977548,0.1346026854501431,-0.13709222980409422,-0.00814439797490645,0.009029275808936825,-0.3683469073299582,0.0336583755227823,0.01153863086066476,0.5205569007263923,-0.1962821923838873,0.5875830948712305,-0.08896764252696455,0.14559322033898306,0.23144838212634822,0.3898106977767995,0.10156064274708343,0.2824433193924719,0.0337112040501871,-0.5588861985472156,-0.4147479639005063,-0.5328065155183799,-0.3866784063394233,-0.05156284393572529,-0.3307395993836672,0.20366057671142418,-0.09211093990755008,0.5174554259300022,-0.3265925599823905,0.3044640105657055,-0.08574290116662998,0.2687541272287035,-0.30693594541052166,-0.484620294959278,0.1977261721329518,0.4117411402157165,-0.13480519480519482,0.03921857803213735,0.028305084745762713,0.1341074180057231,0.5727867048206031,0.44889500330178295,0.29343825665859563,0.3505811138014528,-0.303629760070438,-0.16162667840633943,-0.34262601804974685,-0.2326040061633282,-0.3700902487343165,-0.33392471934844814,-0.11313669381465992,0.5490666960158486,-0.3539027074620295,-0.19253576931543034,-0.051899625797930886,-0.1071714725952014,-0.15129429892141757,-0.4446026854501431,-0.330396213955536,0.001712524763372221,-0.07830068236847898,-0.11539291217257319,-0.2075016508914814,-0.5361765353290777,-0.3212084525643848,-0.16686550737398195,0.0884701738939027,-0.07623816861104997,0.2736649790887079,-0.11818401937046005,0.22146819282412503,-0.43036099493726615,-0.3349042482940788,0.0876205150781422,0.0348646268985252,-0.030275148580233325,-0.15136033458067355,-0.31740479859123927,-0.3432973805855162,-0.13258199427690953,-0.10515738498789347,-0.29964120625137575,-0.04029716046665199
#201,0.41786264582874755,0.1900792427911072,0.45534888839973586,0.5792912172573189,0.11652212194585077,0.32852080123266564,0.041749944970283955,0.4318908210433634,0.06830948712304645,0.4952784503631961,0.2062887959498129,0.19428791547435614,0.49020911292097735,-0.0015166189742460928,-0.22049966982170371,-0.19662337662337662,1.0,0.2351948051948052,-0.08873211534228484,-0.26359013867488446,-0.23617213295179396,-0.2845762711864407,-0.04873211534228483,-0.25472375082544574,-0.003761831388950033,-0.03420427030596522,0.19682588597842834,-0.022198987453224742,0.2809685230024213,0.34049526744442,0.09570548095971824,-0.03677305745102355,0.30951353731014747,-0.0014131631080783623,-0.1086286594761171,-0.1109751265683469,-0.10536649790887079,-0.059966982170372,0.06068897204490425,-0.2628395333480079,-0.0634074400176095,-0.042689852520361,-0.20503191723530706,-0.18500770416024653,-0.24018049746863307,-0.1916068677085626,0.19792868148800352,0.04709883337001981,0.22780321373541712,-0.1047457627118644,0.03860004402377284,-0.028593440457847237,0.3243385428131191,-0.14777459828307285,0.07099053488883997,-0.1656284393572529,-0.1507175874972485,-0.3350693374422188,0.06826766453885098,-0.2527338762931983,-0.17408100374202068,-0.01415364296720229,-0.2512854941668501,-0.3611930442438917,0.31705921197446624,0.02220559101915034,-0.06767994717147259,-0.24952674444199868,-0.1446004842615012,-0.3808760730794629,0.23242350869469514,0.01580013207131851,0.02800132071318512,-0.17033237948492186,-0.1809641206251376,-0.051124807395993836,-0.12021571648690292,0.1296169931763152,0.037629319832709666,-0.03904028175214616,0.045340083645168394,0.19462029495927802,0.24182038300682368,0.1318776139115122,0.11793968743121286,-0.03789126128109179,0.10431212854941668,-0.0018974246092890161,0.14637244111820383,-0.22947831829187762,-0.02225181598062954,0.27678186220559103,0.23042482940788026,0.02915694475016509,0.0936715826546335,0.4120559101915034,-0.09942548976447281,0.5760664758969843,-0.031144618093770636,0.29846136913933524,0.003229143737618314,0.4029407880255338,0.2910279550957517,0.33811358133392033,0.0017675544794188863,0.37375522782302445,0.060937706361435175,-0.06927801012546775,-0.21434074400176095,-0.013105877173673784,0.07357473035439137
