,#10,#11,#12,#13,#17,#18,#26,#49,#50,#51,#52,#53,#54,#58,#101,#102,#201,#202,#301,#302,#401,#402,#501,#502,#601,#602,#701,#702,#801,#802,#901,#902,#1001,#1002,#1101,#1102,#1201,#1202,#1301,#1302,#1401,#1402,#1501,#1502,#1601,#1602,#1701,#1702,#1801,#1802,#1901,#1902,#2001,#2002,#2101,#2102,#2201,#2202,#2301,#2302,#2401,#2402,#2501,#2502,#2601,#2602,#2701,#2702,#2801,#2802,#2901,#2902,#3001,#3002,#3101,#3102,#3201,#3202,#3301,#3302,#3401,#3402,#3455,#3501,#3502,#3601,#3602,#3701,#3702,#3801,#3802,#3901,#3902,#4001,#4002,#4101,#4102,#4201,#4202,#4301,#4302,#4401,#4402,#4501,#4502,#4601,#4602,#4701,#4702,#4801,#4802
#10,1.0,0.6011402157164869,0.5207924279110719,0.4996456086286595,0.24674664318732115,0.4774356152322254,0.268432753686991,0.48770195905789127,0.2505921197446621,0.50145058331499,0.47392031697116443,0.12528065155183798,0.40478098173013427,0.25960598723310585,-0.09599383667180278,-0.15487783403037642,0.29927801012546773,0.41412942989214174,0.36220559101915034,0.45285053929121727,0.09823024433193925,0.17579132731675104,0.08815540391811579,0.11430552498349109,0.36379925159586174,0.35428571428571426,-0.07835351089588377,-0.01324455205811138,0.19161567246313008,0.20134272507153864,-0.07299581774158045,0.10028835571208453,0.23204930662557782,0.23273827867048205,-0.021683909311027955,0.11830728593440458,0.17250935505172793,0.3471164428791547,0.18923838872991416,0.2938498789346247,-0.2093660576711424,-0.03266563944530046,0.025703279771076382,0.288168611049967,0.10575830948712305,-0.11538850979528946,-0.03359674224081004,0.08298701298701298,-0.2582324455205811,-0.1500198106977768,-0.013255558001320713,-0.09935505172793309,-0.025351089588377725,0.01667180277349769,0.03702399295619634,0.19000880475456747,-0.5550451243671582,-0.2675368699097513,-0.03705921197446621,-0.045472154963680386,-0.12837552278230244,-0.12145278450363196,-0.27679947171472596,0.24087387189082105,0.10176095091349328,0.08609729253797051,-0.12911512216596963,-0.12567026194144837,0.27606647589698435,0.3481488003521902,0.16771516618974247,0.3500638344706141,-0.16805194805194806,-0.23429451904028176,-0.3355624036979969,-0.30614791987673345,-0.44006823684789786,-0.3046401056570548,0.2015364296720229,0.4741932643627559,0.1210411622276029,0.2011138014527845,0.07546775258639665,0.028861985472154964,0.09869689632401497,-0.15539511336121506,-0.16975346687211093,-0.05393132291437376,-0.08384767774598283,-0.10720228923618755,0.00586616773057451,-0.16817961699317632,-0.16110939907550076,-0.3541272287034999,-0.2661369139335241,0.24073299581774157,0.38810257539071097,0.3009421087387189,0.18602245212414703,0.03468633061853401,0.21031917235307065,0.10660576711424169,0.20419106317411403,0.3220096852300242,0.2139357252916575,0.27171912832929784,0.0711270085846357,-0.25141536429672023,-0.3714549856922738,-0.42811578252256216,-0.3565771516618974
#11,0.6011402157164869,1.0,0.42960158485582217,0.28472154963680385,0.21952674444199868,0.46944530046224964,0.33336561743341403,0.46904688531807176,0.43659035879374863,0.4448382126348228,0.436304204270306,0.11175654853620956,0.2812656834690733,0.16903587937486242,0.0700066035659256,-0.031248073959938366,0.21053048646268985,0.22580453444860224,0.25117763592339865,0.2899867928681488,0.22682588597842834,0.19622055910191502,-0.0012436715826546335,-0.00887079022672243,0.2900594320933304,0.15616773057451022,-0.19583755227823024,-0.16998239049086505,0.06897644728153203,0.027257318952234207,-0.08407880255337882,0.02921417565485362,0.15329297820823246,0.15715386308606646,0.04725071538630861,0.00099933964340744,0.20027734976887518,0.22545674664318732,0.20461149020471053,0.11289676425269646,-0.07762491745542593,-0.11705040721989875,0.18208672683248955,0.303317191283293,0.12221659696235967,0.11510895883777239,-0.22537530266343825,-0.17514417785604225,-0.4262425709883337,-0.2984305524983491,-0.39316530926700416,-0.19558441558441558,-0.16189522342064716,0.12193704600484262,0.08261281091789566,0.21304204270305965,-0.3541734536649791,-0.16535989434294518,0.17723970944309927,0.12635042923178516,-0.16107197886858904,-0.0937640325775919,-0.256583755227823,0.1534998899405679,-0.13195905789126128,-0.10936385648250055,-0.1507197886858904,-0.18101254677525863,0.24346467092229804,0.2750451243671583,0.17145498569227383,0.36898745322474136,0.013981950253136694,0.11789346246973366,-0.18165749504732556,-0.1252014087607308,-0.38671362535769316,-0.2522562183579133,0.05912612810917896,0.27055029716046664,0.07094651111600264,0.21627999119524544,0.09776359233986352,0.10154523442659036,0.21431873211534228,-0.06933303984151441,-0.06709443099273608,-0.09533788245652652,-0.10031036759850319,-0.1524125027514858,0.17189302223200528,0.02948272066916135,0.14826106097292538,-0.2533480079242791,-0.05199647809817301,0.09560642747083425,0.2388267664538851,0.011617873651771957,0.014932863746423069,-0.13414483821263481,0.07397754787585296,-0.05102355271846797,0.041831388950033015,0.09667620515078142,0.1374488223640766,0.006909531146819282,0.07333259960378605,-0.21368919216376844,-0.3780101254677526,-0.22149460708782742,-0.1426634382566586
#12,0.5207924279110719,0.42960158485582217,1.0,0.5666035659255998,0.13434074400176096,0.5623816861104997,0.32697116442879154,0.10398415144177856,0.11100594320933305,0.6302003081664098,0.44760950913493286,0.077574290116663,0.46975346687211095,0.23606867708562623,0.012936385648250054,-0.2255381906229364,0.7137090028615453,0.7135879374862426,0.20356152322254017,0.09463570327977108,0.067376183138895,-0.1935329077701959,-0.032863746423068455,-0.2926722430112261,0.2525511776359234,-0.09692273827867048,0.13933083865287255,0.04796830288355712,0.10325775918996258,0.08988333700198108,0.20386528725511777,0.22123046445080344,0.4568875192604006,0.11411182038300682,-0.050453444860224524,-0.0015056130310367598,0.006537530266343826,0.04464670922298041,-0.07914153642967202,-0.05643187321153423,-0.2514175654853621,-0.046759850319172354,-0.19600264142637025,0.1344816200748404,-0.15841954655513976,-0.07447501650891482,0.18689192163768434,0.2350099053488884,-0.08570988333700198,-0.036596962359674225,0.19223860884877833,0.2777173673783843,0.27103235747303545,0.352953995157385,0.0025269645608628657,0.1820449042482941,-0.3278406339423289,-0.44353731014747966,-0.1366784063394233,-0.2837178076161127,-0.05930442438917015,-0.022137354171252475,-0.3458881796169932,-0.09060752806515518,0.35717147259520143,0.3324058991855602,-0.21190622936385647,-0.15388509795289457,0.21376623376623377,0.11904908650671363,0.38022011886418666,0.5142879154743561,-0.1380101254677526,-0.05721329517939688,-0.3820911292097733,-0.28725511776359236,-0.30750385208012326,-0.20469513537310147,0.2528285274047986,0.109768875192604,-0.1213449262601805,0.06876293198327096,0.16685230024213074,-0.10295179396874313,-0.05159366057671142,-0.23566806075280652,-0.042491745542593,0.03799471714725952,-0.0006603565925599824,-0.4356064274708342,-0.01914373761831389,-0.08865287255117764,-0.02278890600924499,-0.2066321813779441,-0.15726172132951793,0.5826084085406119,0.09270305965221219,0.684439797490645,0.6081664098613251,0.1612062513757429,0.42155183799251594,0.4654897644728153,0.3529650011005943,0.6129848117983712,0.5034712744882236,0.44306405458947834,0.39243011226062074,-0.14391811578252256,-0.23638564825005504,-0.35537090028615453,-0.3249394673123487
#13,0.4996456086286595,0.28472154963680385,0.5666035659255998,1.0,0.22604226282192383,0.45203169711644287,0.16267444419986793,0.040048426150121066,0.043042042703059655,0.7039291217257319,0.19545674664318732,0.1479903147699758,0.2449966982170372,0.06729473915914594,-0.19349768875192605,-0.2606361435174995,0.4375632841734537,0.3418996257979309,0.3285824345146379,0.2616596962359674,-0.08508034338542814,-0.15051067576491306,0.2796852300242131,0.10399735857362977,0.32374642306845697,0.19063614351749944,0.2889082104336342,0.36798811358133393,0.07412722870349989,0.11058551617873652,0.2584789786484702,0.31516839093110277,0.39268104776579354,0.2503235747303544,0.22226282192383887,0.14208672683248955,0.14531807175874972,0.09397314549856922,0.035172793308386525,0.11259079903147699,-0.2562139555359894,-0.0036869909751265683,-0.07465331278890601,0.028608848778340305,0.09696456086286595,-0.06926260180497469,0.22520581113801452,0.2690292758089368,0.017380585516178736,-0.004690732995817741,0.14241470394012767,0.21933964340744003,0.18926920537090028,0.3657296940347788,0.22805635042923178,0.30246973365617436,-0.23501430772617213,-0.34755007704160246,0.0224389170151882,-0.07978648470173894,0.04906669601584856,0.14476557340964122,-0.20045784723750826,0.19285494166850098,0.34338542813119083,0.37931543033237947,-0.14528285274047986,-0.15445080343385428,-0.07594320933303984,0.14896103896103896,-0.03491525423728813,0.13959498128989653,-0.368151001540832,-0.247871450583315,-0.5207902267224301,-0.29179616993176316,-0.2833237948492186,0.001223860884877834,0.261798371120405,0.25452344265903587,-0.23786264582874753,0.007781201848998459,0.09510015408320494,-0.06785604226282192,-0.14475456746643187,-0.17720669161347127,0.06514637904468414,0.012216596962359674,0.012780101254677526,-0.1852608408540612,0.0634338542813119,-0.02785824345146379,0.03198106977767995,-0.07897204490424829,-0.1075874972485142,0.19267224301122607,0.2199603786044464,0.3918247853841074,0.5612568787145058,0.19394453004622497,0.4790512876953555,0.4924873431653093,0.2864736957957297,0.42832929782082324,0.413779440898085,0.4131454985692274,0.26494607087827426,-0.08290997138454766,-0.06772837332159366,-0.356007043803654,-0.3754985692273828
#17,0.24674664318732115,0.21952674444199868,0.13434074400176096,0.22604226282192383,1.0,0.35840413823464673,0.003396434074400176,0.15013647369579572,0.056156724631300906,0.07300682368478979,0.09384767774598284,0.4683865287255118,0.45825665859564163,0.17188201628879596,-0.24797490644948272,-0.4071054369359454,0.16162007484041382,0.07187321153422849,0.006392251815980629,-0.02423068456966762,-0.292491745542593,-0.10079683028835572,0.14132291437376182,-0.008908210433634163,0.1490050627338763,0.028375522782302442,-0.20420206911732336,-0.06284613691393352,0.16079242791107198,0.286913933524103,0.12504732555580014,0.27956856702619415,0.24295839753466872,0.37487343165309267,0.38169931763152104,0.37882236407660136,0.2939291217257319,0.29854721549636803,0.2679837112040502,0.2845476557340964,0.13255337882456528,0.23813779440898086,0.30458947831829186,0.453779440898085,0.03675985031917235,-0.19593660576711425,-0.15849218578032137,-0.2536209553158706,-0.26770416024653315,-0.39991855602025095,-0.18842835130970725,-0.09306625577812018,-0.2017741580453445,-0.01971384547655734,-0.14887079022672242,-0.09109839313229144,-0.371369139335241,-0.24176095091349328,0.14104336341624477,-0.015315870570107859,0.007906669601584856,0.19598943429451904,-0.03627118644067796,0.21034118423948933,0.10339643407440018,-0.11046445080343385,-0.019601584855822144,-0.22136693814659916,0.13577812018489985,0.03471054369359454,0.041646489104116224,0.010072639225181599,0.07067576491305305,-0.20216376843495487,-0.16836891921637684,-0.09173893902707463,-0.29005282852740477,-0.13401937046004841,0.018789346246973367,0.16811138014527846,0.3731565045124367,0.25210213515298263,0.03663878494386969,0.2536209553158706,0.2396103896103896,0.21697116442879155,0.09576051067576491,0.2121153422848338,0.11922298040942109,0.1562755888179617,0.39110279550957516,0.0022496147919876734,0.06790226722430112,0.013623156504512436,0.07778120184899846,-0.06850319172353071,-0.06055029716046665,0.2155491965661457,0.05734536649790887,0.1784569667620515,0.1790446841294299,0.2496588157605107,0.31169931763152103,0.24555359894342946,0.18731454985692275,0.20194585075941007,0.17438917015188202,-0.12837332159366058,-0.016416464891041163,0.072326656394453,0.20947171472595202
#18,0.4774356152322254,0.46944530046224964,0.5623816861104997,0.45203169711644287,0.35840413823464673,1.0,0.24769755668060753,0.09835791327316751,-0.012249614791987674,0.426502311248074,0.31269865727492846,0.28331939247193483,0.5899911952454325,0.3429033678186221,-0.08977327756988773,-0.2422738278670482,0.33915914593880697,0.394884437596302,0.32290997138454763,0.22712084525643847,-0.1870878274268105,-0.10961038961038962,0.21876293198327096,-0.05612590799031477,0.14580453444860225,0.016317411402157166,-0.05358133392031697,0.013416244772176976,0.09959498128989655,0.3111798371120405,0.1764010565705481,0.3002597402597403,0.33949592780101256,0.21048426150121066,0.19886858903808055,0.16646489104116222,0.32099053488884,0.2824191063174114,0.2087343165309267,0.27466211754347347,-0.0735791327316751,0.1420559101915034,0.023299581774158046,0.161699317631521,-0.03943209333039842,-0.17053048646268984,0.07103896103896104,0.05971604666519921,-0.1955315870570108,-0.324983491085186,0.042474136033458065,0.03730794629099714,0.04817081223860885,0.07189082104336342,0.04011446180937706,0.08199207572088928,-0.44271846797270525,-0.3624499229583975,0.0710279550957517,-0.09643187321153422,0.09477217697556681,0.01062293638564825,-0.09827426810477657,0.1547919876733436,0.1294981289896544,-0.05940788025533788,-0.00026194144838212637,-0.34163108078362314,0.3336187541272287,0.4303103675985032,0.22627338762931984,0.4325489764472815,0.06047545674664319,-0.1881994276909531,-0.2283799251595862,-0.2399801893022232,-0.2483645168390931,-0.07557120845256439,0.1592229804094211,0.2897754787585296,-0.07853180717587498,0.18076381245872772,0.09345806735637244,-0.043002421307506054,0.06231785163988554,-0.06192383887299142,-0.007814219678626458,0.05943429451904028,0.19045784723750825,-0.18348448162007483,0.17511336121505613,-0.10219238388729913,-0.03198767334360555,-0.08069117323354612,-0.12788245652652433,0.10458287475236627,0.08508474576271187,0.37587497248514196,0.32567246313009024,0.23709663218137794,0.24498569227382785,0.3895179396874312,0.2112788906009245,0.4709311027955096,0.30098613251155626,0.2324719348448162,0.1562953995157385,-0.08656834690732995,-0.20427250715386308,-0.25780321373541715,-0.24008584635703278
#26,0.268432753686991,0.33336561743341403,0.32697116442879154,0.16267444419986793,0.003396434074400176,0.24769755668060753,1.0,0.12727492846136915,0.3356878714505833,0.37787365177195686,0.46740699977988115,0.2166189742460929,0.22888839973585737,0.455181598062954,0.0921219458507594,-0.10604886638784944,0.20889060092449924,0.09744001760950914,-0.03427250715386308,-0.04217257318952234,0.11040281752146158,-0.12113141096191944,-0.015577812018489984,-0.042014087607307946,-0.062016288795949816,-0.11055249834910852,-0.202161567246313,-0.21588377723970945,-0.03921197446621175,-0.00212194585075941,-0.003094871230464451,0.11289676425269646,0.13712965001100594,-0.04477437816420867,-0.022742681047765792,-0.08350209112920977,0.08798811358133392,0.008219238388729915,0.13368699097512657,0.022445520581113803,0.04585296059872331,0.007114241690512877,0.001600264142637024,0.0823662777900066,0.17541932643627559,0.0776139115122166,-0.07906229363856483,-0.0690050627338763,-0.195874972485142,-0.1259652212194585,-0.04512436715826546,0.08436935945410522,-0.032626018049746866,-0.18123706801672904,-0.11207131851199648,-0.199405679066696,-0.029388069557561083,-0.17004842615012106,0.05119084305524983,0.07114241690512876,0.027336561743341405,-0.10927580893682588,-0.05147919876733436,-0.11082324455205811,-0.22867048206031257,-0.22041382346467092,0.12200088047545675,0.07190843055249835,0.35821043363416244,0.34016068677085626,0.26577151661897425,0.43663658375522785,0.20150781421967862,0.01626018049746863,0.02130970724191063,-0.10106977767994717,0.008780541492405898,0.003323794849218578,0.12107638124587278,0.04943209333039841,-0.02791767554479419,0.006665199207572089,-0.1149966982170372,0.09238388729914154,0.23934184459608188,-0.042645828747523665,0.029808496588157606,-0.13389390270746204,-0.0625313669381466,0.09858463570327977,-0.08072419106317412,0.27160466651992077,0.15175434734756768,-0.060460048426150124,0.09675544794188862,0.21827646929341846,0.06103675985031917,0.153218137794409,0.06823464670922298,-0.1211600264142637,0.021124807395993837,-0.07406779661016949,0.02295399515738499,0.0676601364736958,0.13044243891701518,-0.0722804314329738,-0.06263702399295619,-0.006662998018930223,-0.18822143957737178,-0.05355271846797271,-0.06226502311248074
#49,0.48770195905789127,0.46904688531807176,0.10398415144177856,0.040048426150121066,0.15013647369579572,0.09835791327316751,0.12727492846136915,1.0,0.530924499229584,0.17178956636583756,0.4121417565485362,0.12790887079022673,0.2796830288355712,0.16534448602245214,-0.027796610169491524,-0.09051727933083865,0.1414439797490645,-0.03508254457407,0.03914373761831389,0.1364869029275809,0.30318732115342284,0.13450583314990094,0.040640545894783185,0.03402157164869029,0.2096632181377944,0.1346621175434735,-0.28592339863526306,-0.34058771736737836,0.05994497028395333,-0.08799691833590138,-0.10505833149900946,-0.17321593660576712,0.02457627118644068,0.029958177415804536,0.0651683909311028,-0.01046665199207572,0.014325335681267884,0.1644772176975567,0.1548910411622276,0.09230464450803434,0.04638564825005503,-0.14348888399735857,0.14672683248954435,0.28549416685009904,-0.060781421967862646,-0.14896103896103896,-0.2074488223640766,-0.19838212634822805,-0.39081884217477436,-0.4007704160246533,-0.292227602905569,-0.2964142637023993,-0.27861104996698216,-0.08636583755227822,0.006409861325115562,0.0911138014527845,-0.2749966982170372,-0.10959278010125467,-0.04379925159586177,0.10049526744441999,-0.22869909751265682,-0.11597842835130971,-0.10266123706801673,-0.04257979308826766,-0.18421087387189083,0.03998239049086507,0.051734536649790885,0.14031917235307065,0.23538630860664758,0.14126128109178956,0.172821923838873,0.15204050187101034,0.19537530266343825,0.04745762711864407,0.05440237728373322,0.09411622276029055,-0.23421747743781643,-0.3036253576931543,0.21835571208452564,0.14299801893022232,0.2478978648470174,0.18136693814659915,0.09308386528725512,0.27327977107638124,0.3267510455646049,0.023255558001320713,-0.10620074840413823,-0.033363416244772175,-0.23577591899625797,0.02212194585075941,0.03079242791107198,0.05428131190843055,-0.027442218798151,-0.3434712744882236,-0.11224301122606208,0.07703059652212195,0.20768214836011445,-0.0034954875632841735,-0.1926964560862866,-0.13548316090688972,-0.08579132731675104,-0.1802839533348008,-0.04307946290997138,-0.032967202289236185,-0.21438256658595642,0.04349988994056791,-0.13692934184459607,-0.24895663658375522,-0.31804534448602245,-0.14815540391811577,-0.03373321593660577
#50,0.2505921197446621,0.43659035879374863,0.11100594320933305,0.043042042703059655,0.056156724631300906,-0.012249614791987674,0.3356878714505833,0.530924499229584,1.0,0.21786044464010565,0.39440677966101695,0.10795289456306406,0.16589478318291878,0.09973585736297601,0.17646929341844597,0.012075720889280212,0.13661457186880915,-0.08033898305084745,-0.06802993616552938,-0.11308386528725511,0.3460686770856262,0.12397754787585297,0.03907109839313229,-0.026517719568567025,0.12987673343605546,0.034851419766674004,-0.2573189522342065,-0.3140193704600484,-0.008225841954655514,-0.10935505172793308,-0.14909531146819283,-0.1466585956416465,-0.08753026634382567,-0.19626678406339423,0.02774158045344486,-0.17168390931102795,-0.07660356592559982,-0.0162029495927801,0.18144838212634823,-0.13572969403477878,-0.003926920537090028,-0.09390490865067136,0.125379705040722,0.24898084965881576,0.14420867268324897,0.13362315650451242,-0.18265023112480738,-0.10504072198987453,-0.2899889940567907,-0.2611071978868589,-0.27836451683909313,-0.15948051948051947,-0.24002861545234427,0.03901826986572749,-0.03757208892802113,-0.09770195905789127,-0.12202729473915915,-0.04200528285274048,0.05510455646048867,0.10141316310807837,-0.2520383006823685,-0.07297160466651992,-0.2301122606207352,-0.04502091129209773,-0.2850319172353071,-0.1599603786044464,-0.034472815320272944,0.1692097732775699,0.15386748844375964,0.1215166189742461,0.04498128989654413,0.15243451463790447,0.34378164208672685,0.14068016729033678,0.04970504072198988,0.00585956416464891,-0.07774818401937046,-0.12556240369799693,0.34190182698657273,0.1986946951353731,0.14393132291437377,0.03708342504952675,0.07290556900726393,0.11322914373761832,0.2600484261501211,-0.014688531807175874,0.018252256218357913,0.017349768875192604,-0.15615232225401718,0.10738718908210433,-0.03546995377503852,0.12441558441558441,0.07180937706361436,-0.30329077701959056,0.10053268765133172,0.12206691613471274,0.24119524543253357,-0.05548976447281532,-0.13777239709443098,-0.22289676425269644,-0.10709663218137794,-0.304884437596302,-0.08847457627118645,-0.15508474576271186,-0.13039181157825225,-0.16935285053929122,-0.1929275808936826,-0.207607307946291,-0.1014307726172133,-0.04106317411402157,0.12014307726172133
#51,0.50145058331499,0.4448382126348228,0.6302003081664098,0.7039291217257319,0.07300682368478979,0.426502311248074,0.37787365177195686,0.17178956636583756,0.21786044464010565,1.0,0.5170834250495268,0.22100374202069117,0.3236935945410522,0.32547435615232223,0.03572088928021131,-0.15336341624477218,0.6489852520360995,0.3167290336781862,0.3448360114461809,0.22127008584635705,0.1883865287255118,-0.08074400176095091,0.15380585516178735,-0.13662557781201848,0.275974025974026,-0.02707241910631741,0.2267048206031257,0.14696015848558222,0.09784943869689633,0.11590799031476998,0.14328417345366498,0.14812678846577151,0.24535769315430334,0.13506493506493505,0.1284239489324235,0.06667620515078142,0.14500110059432092,0.13751265683469074,0.11005502971604667,0.037563284173453663,-0.2278780541492406,-0.07669381465991636,0.03546114902047105,-0.026286594761171032,0.01350429231785164,-0.08640325775918996,0.0811996478098173,0.0884569667620515,-0.03189302223200528,-0.12082324455205812,0.12675764913053048,0.1980431432973806,0.2651661897424609,0.29732775698877395,0.29763592339863526,0.21670482060312568,-0.1958463570327977,-0.42247633722209993,-0.21359454105216816,-0.24451683909311028,0.009788685890380806,-0.050867268324895444,-0.24172573189522342,0.144224081003742,0.2801122606207352,0.2685362095531587,0.007979308826766453,-0.04100594320933304,0.08468192824125027,0.21232225401716928,0.14268985252036098,0.3930332379484922,-0.17679947171472596,-0.10828747523662778,-0.3368875192604006,-0.18184019370460047,-0.2703940127668941,-0.18160466651992077,0.35169271406559544,0.19369579572969403,-0.2138102575390711,-0.11615452344265903,0.16059211974466212,-0.04796390050627339,0.032300242130750605,-0.19379484921857804,-0.07301562843935726,-0.08303543913713406,-0.057162667840633945,-0.219966982170372,0.1320757208892802,0.028032137354171253,-0.09250715386308607,-0.293449262601805,-0.3295267444419987,0.3728285274047986,0.17653092670041823,0.3314373761831389,0.42319392471934847,0.06580673563724411,0.2836055469953775,0.3585163988553819,0.21987012987012988,0.41920537090028615,0.2618445960818842,0.19697116442879153,0.2110675764913053,-0.015318071758749725,-0.09120405018710104,-0.4972573189522342,-0.5075632841734536
#52,0.47392031697116443,0.436304204270306,0.44760950913493286,0.19545674664318732,0.09384767774598284,0.31269865727492846,0.46740699977988115,0.4121417565485362,0.39440677966101695,0.5170834250495268,1.0,0.22132951793968744,0.4189698437156064,0.4900506273387629,0.1891041162227603,0.0783447061413163,0.3788399735857363,0.22732555580013208,0.12390050627338763,0.0700132071318512,0.3061325115562404,0.08919436495707682,-0.13080783623156506,-0.27200748404138236,0.10928241250275149,-0.04744662117543474,-0.2483248954435395,-0.3233744221879815,0.013466872110939908,0.006671802773497689,-0.08241470394012766,0.028089368258859784,-0.07623816861104997,0.004437596302003082,-0.1249900946511116,-0.15526964560862866,-0.05885097952894563,0.0687475236627779,0.0761897424609289,0.04038961038961039,-0.2253510895883777,-0.18314990094651112,-0.029828307285934403,0.11179396874312128,-0.2060510675764913,-0.21318511996478098,-0.34175874972485143,-0.18312128549416684,-0.37301562843935726,-0.30911952454325337,-0.15070217917675544,-0.2302047105436936,-0.20249394673123486,-0.1076667400396214,-0.007070217917675545,-0.027266123706801672,-0.24532907770195905,-0.3315100154083205,-0.11598723310587718,-0.298234646709223,0.038459167950693374,-0.034494827206691614,-0.23899405679066696,0.043933524103015625,-0.0548778340303764,0.009403477878054149,0.0003940127668941228,0.13411842394893242,0.4206339423288576,0.33838872991415364,0.40128769535549197,0.5235945410521682,0.049258199427690955,-0.10128109178956636,-0.1050231124807396,-0.17929121725731895,-0.07965221219458507,-0.04055029716046665,0.21821043363416245,0.11769535549196566,0.07346246973365618,-0.013392031697116443,0.14067576491305306,0.07328417345366497,0.3466123706801673,0.12318071758749725,0.08083425049526745,-0.11194364957076822,-0.14609949372661238,0.03971824785384107,0.08978208232445521,0.1863812458727713,-0.05196786264582875,-0.11734096412062514,-0.039911952454325335,0.2726876513317191,0.2204094210873872,0.10957296940347788,-0.049751265683469076,-0.19242350869469513,-0.09224081003742021,-0.050138674884437594,0.00484701738939027,0.09976007043803654,-0.04720449042482941,-0.15149240589918556,-0.1134338542813119,-0.025395113361215055,-0.12775038520801232,-0.10275148580233326,-0.13705921197446622
#53,0.12528065155183798,0.11175654853620956,0.077574290116663,0.1479903147699758,0.4683865287255118,0.28331939247193483,0.2166189742460929,0.12790887079022673,0.10795289456306406,0.22100374202069117,0.22132951793968744,1.0,0.4862557781201849,0.422722870349989,-0.28011005943209333,-0.4927096632181378,0.11162667840633943,-0.1110081443979749,-0.13786704820603127,-0.30227162667840635,-0.34038740920096855,-0.3477283733215937,0.15266123706801674,-0.13827646929341844,-0.06346467092229804,-0.14059652212194584,-0.0323134492626018,-0.012938586836891922,0.2064406779661017,0.26385648250055027,0.2255954215276249,0.30879815100154084,0.25353731014747966,0.2518115782522562,0.5244067796610169,0.1895333480079243,0.28714725952014086,0.11123486682808717,0.24828747523662778,0.13355712084525645,0.2824785384107418,0.20701738939027076,0.1983799251595862,0.12638564825005502,0.06640545894783183,-0.34026634382566584,-0.04574510235527185,-0.053693594541052166,-0.03436715826546335,-0.4088994056790667,-0.0112524763372221,0.06700638344706142,0.005513977547875853,-0.059892141756548535,-0.1289456306405459,-0.2252872551177636,-0.19100374202069118,-0.3392339863526304,-0.047607307946291,-0.10720889280211314,-0.013447061413163108,-0.12131190843055249,0.281732335461149,0.06826986572749284,0.09410741800572309,-0.15830728593440457,0.398877393792648,0.13839973585736298,0.09366277790006604,-0.005428131190843055,0.014664318732115343,-0.04214175654853621,0.030222320052828527,-0.16865727492846136,0.025326876513317192,-0.0071164428791547435,-0.17208452564384769,-0.09733876293198328,0.10743121285494167,-0.024422187981510017,0.2048117983711204,0.031124807395993836,-0.011679506933744222,0.3892383887299142,0.30136253576931543,0.28807616112700857,0.05043363416244772,0.21598943429451903,0.34673343605546997,0.2905062733876293,0.3344331939247194,0.14187541272287035,-0.0026128109178956637,0.010638344706141317,0.0050715386308606645,-0.08699757869249394,-0.29086286594761174,0.14487563284173455,-0.0008034338542813119,0.26206911732335464,0.2591855602025094,0.2266189742460929,0.25193484481620076,0.1985956416464891,0.14854721549636804,0.13106097292537972,0.28001540832049304,-0.16907329958177417,-0.0035439137134052386,-0.04068456966762052,0.05076161127008585
#54,0.40478098173013427,0.2812656834690733,0.46975346687211095,0.2449966982170372,0.45825665859564163,0.5899911952454325,0.22888839973585737,0.2796830288355712,0.16589478318291878,0.3236935945410522,0.4189698437156064,0.4862557781201849,1.0,0.5668765133171912,-0.16833810257539072,-0.4047919876733436,0.36815760510675766,0.36689192163768436,-0.014979088707902268,-0.11785384107418005,-0.15350869469513537,-0.32563944530046224,0.12247193484481621,-0.2780959718247854,-0.024941668500990534,-0.14790887079022672,-0.06264802993616553,-0.17320713185119965,0.16374202069117325,0.16360774818401938,0.09552498349108518,0.20303764032577593,0.3817213295179397,0.021736737838432753,0.1584701738939027,0.07542372881355933,0.16808936825885978,0.08137354171252477,0.08564164648910412,0.07171252476337223,0.06398195025313669,-0.03314329738058552,0.17331719128329298,0.20067796610169492,-0.027547875852960597,-0.21157384987893463,-0.15865067136253577,-0.16311468192824125,-0.2071714725952014,-0.38172353070658155,0.017930882676645388,0.04800132071318512,0.05501210653753027,-0.040664758969843715,-0.23044464010565704,-0.17815980629539951,-0.35066035659256,-0.47616112700858465,0.05843715606427471,-0.11189522342064714,-0.03147479639005063,-0.07224961479198767,-0.10154963680387409,-0.07986792868148801,0.07281532027294739,-0.02216596962359674,0.12939027074620296,0.042652432313449264,0.4693484481620075,0.19944089808496587,0.33923618754127227,0.3792758089368259,0.038245652652432315,-0.1992758089368259,-0.12536869909751266,-0.18669381465991636,-0.24974025974025973,-0.17252916574950472,0.2548448162007484,0.11588817961699317,0.36514417785604225,0.058822364076601366,0.11063614351749945,0.36868368919216377,0.3799251595861765,0.17076821483601146,0.0800264142637024,0.18389170151882017,-0.003735417125247634,0.09809817301342726,0.21495487563284174,0.1549438696896324,0.05765353290777019,-0.16863086066475896,-0.10709443099273608,0.2994453004622496,-0.12100154083204931,0.4368611049966982,0.18411182038300683,0.21066255778120185,0.24187981510015408,0.37373541712524766,0.3685494166850099,0.43966982170372,0.18815540391811578,0.2945762711864407,0.23640766013647369,-0.15128989654413383,-0.18160026414263702,-0.2662029495927801,-0.13366938146599164
#58,0.25960598723310585,0.16903587937486242,0.23606867708562623,0.06729473915914594,0.17188201628879596,0.3429033678186221,0.455181598062954,0.16534448602245214,0.09973585736297601,0.32547435615232223,0.4900506273387629,0.422722870349989,0.5668765133171912,1.0,-0.2199405679066696,-0.24444419986792867,0.27134052388289676,0.09738939027074621,0.04047325555800132,-0.06913493286374642,-0.1550693374422188,-0.22349548756328416,0.13103896103896104,-0.15875852960598724,-0.14643847677745983,-0.11280651551837992,-0.20718908210433634,-0.145610829848118,0.013000220118864187,0.13553819062293637,-0.055921197446621176,0.09273167510455646,0.1338961038961039,0.047134052388289674,0.11931983270966322,0.01915694475016509,0.16206691613471275,0.07016729033678186,0.08285934404578472,0.12302223200528285,-0.047030596522121944,-0.05776799471714726,0.08279991195245433,-0.03084305524983491,-0.06450803433854281,-0.21942328857583096,-0.25748624257098834,-0.15162007484041382,-0.2543847677745983,-0.3433876293198327,0.09958617653532907,0.06362976007043804,0.07326876513317192,-0.20167290336781862,-0.2282192383887299,-0.2003169711644288,-0.1822738278670482,-0.3952938586836892,-0.030184899845916796,-0.14637684349548757,0.13724851419766673,0.09577812018489984,0.16753026634382567,0.06807175874972485,-0.12203389830508475,-0.1371714725952014,0.5834712744882237,0.20366277790006604,0.5588509795289456,0.3828109178956637,0.44197446621175435,0.4311182038300682,-0.04040721989874532,-0.19031476997578692,-0.07857142857142857,-0.16036539731454985,-0.17551397754787584,-0.025458947831829188,0.20669381465991635,0.08681047765793529,0.07794629099713846,-0.14969403477878054,-0.1187145058331499,0.1614109619194365,0.4227867048206031,0.20767774598283073,0.23902047105436935,-0.015839753466872112,-0.1412920977327757,0.19230024213075061,0.1306449482720669,0.37284613691393353,0.21520581113801454,0.05420647149460709,0.09253356812678847,0.16189302223200527,-0.13084525643847678,0.2692097732775699,0.07421087387189082,0.07792868148800353,0.03784723750825446,0.19120845256438476,0.055192604006163326,0.24606647589698438,-0.029608188421747745,0.04018269865727493,0.05789566365837552,0.05243671582654633,-0.006973365617433414,-0.06723530706581554,0.056616773057451025
#101,-0.09599383667180278,0.0700066035659256,0.012936385648250054,-0.19349768875192605,-0.24797490644948272,-0.08977327756988773,0.0921219458507594,-0.027796610169491524,0.17646929341844597,0.03572088928021131,0.1891041162227603,-0.28011005943209333,-0.16833810257539072,-0.2199405679066696,1.0,0.5785736297600704,-0.047783403037640323,0.01360774818401937,0.12170372000880475,0.11605546995377504,0.6098899405679067,0.3107770195905789,-0.40971604666519923,-0.21372661237068016,-0.04646929341844596,-0.23180497468633063,-0.24486902927580895,-0.4455029716046665,-0.3048910411622276,-0.12373981950253136,-0.2687211093990755,-0.32336341624477216,-0.46904688531807176,-0.2327426810477658,-0.4646599163548316,-0.20478758529605987,-0.2984239489324235,-0.03792648029936165,-0.057875852960598724,-0.08158265463350209,-0.2488201628879595,-0.056726832489544354,0.027171472595201408,0.04182918776139115,-0.24557781201849,0.147706361435175,-0.1916090688972045,-0.1050363196125908,-0.22411622276029056,-0.06077261721329518,-0.33451243671582653,-0.30999779881135814,-0.28828307285934407,-0.11470173893902708,0.010796830288355713,-0.014532247413603346,-0.009093110279550957,0.043742020691173236,-0.2738498789346247,-0.23569227382786706,-0.09506713625357693,-0.2655359894342945,-0.1137508254457407,-0.023924719348448163,-0.1440986132511556,-0.10597402597402597,-0.1507770195905789,0.024895443539511335,0.1775610829848118,0.23004182258419548,0.14848558221439578,0.2545014307726172,0.43571868809156944,0.3126766453885098,0.3510257539071098,0.17256658595641647,0.23614791987673345,-0.08237508254457407,0.049586176535329075,-0.10668500990534889,0.006931543033237948,-0.15716927140655954,0.0013669381465991636,-0.09537970504072199,0.03215496368038741,-0.11751926040061633,-0.15475236627779002,-0.11310367598503192,-0.03916795069337442,0.0211864406779661,-0.16427911071978868,0.004089808496588157,-0.30054149240589917,-0.17541492405899187,-0.20710763812458727,0.031100594320933303,0.16546775258639665,-0.23850979528945632,-0.08835351089588378,-0.3019942769095311,-0.3291965661457187,-0.41194364957076823,-0.1998415144177856,-0.2501034558661677,-0.23816200748404137,-0.3688333700198107,-0.2827096632181378,-0.018556020250935504,-0.14257318952234208,-0.056191943649570766,-0.2089522342064715
#102,-0.15487783403037642,-0.031248073959938366,-0.2255381906229364,-0.2606361435174995,-0.4071054369359454,-0.2422738278670482,-0.10604886638784944,-0.09051727933083865,0.012075720889280212,-0.15336341624477218,0.0783447061413163,-0.4927096632181378,-0.4047919876733436,-0.24444419986792867,0.5785736297600704,1.0,-0.2651353731014748,-0.08352850539291218,0.08020250935505173,0.20510015408320492,0.3548228043143297,0.6194166850099053,-0.35496808276469294,0.198003521901827,-0.06866387849438697,0.15291657495047326,-0.2514571868809157,-0.22917235307065817,-0.3079528945630641,-0.1508166409861325,-0.3401540832049307,-0.32898084965881574,-0.572705260840854,-0.3116685009905349,-0.45599383667180277,-0.22266123706801672,-0.256304204270306,-0.08737398195025314,-0.20261501210653754,-0.027329958177415806,-0.24762271626678406,-0.19319172353070657,0.1724323134492626,-0.17989654413383227,-0.29809597182478537,0.28500110059432093,-0.2510521681708122,-0.07054589478318292,-0.2660158485582214,0.24370239929561963,-0.13792868148800352,-0.3188928021131411,-0.2710433634162448,-0.23638344706141318,0.052637023992956194,0.05216596962359674,0.04817081223860885,0.32335901386748844,-0.04442438917015188,-0.05038080563504292,-0.1235725291657495,-0.16201848998459167,0.05972265023112481,-0.012890160686770857,-0.21076601364736958,-0.14967422408100375,-0.1545234426590359,0.08408540611930443,-0.08451243671582655,0.08799031476997579,-0.11810037420206912,0.01781201848998459,0.1426700418225842,0.12864847017389391,0.10341184239489325,-0.011576051067576492,0.14077701959057892,0.07293418445960818,-0.12666519920757208,0.023033237948492186,-0.22941008144397976,-0.28940788025533787,-0.15809377063614352,-0.16415804534448603,-0.10801452784503632,-0.1666453885097953,-0.06267004182258419,-0.30892141756548536,-0.16774598283072858,-0.03531146819282412,-0.3550759410081444,-0.055652652432313446,-0.1826370239929562,0.006658595641646489,0.028089368258859784,-0.06876513317191284,0.34436055469953775,-0.3531124807395994,-0.1595641646489104,-0.47565485362095533,-0.5092097732775699,-0.402491745542593,-0.3289918556020251,-0.3245982830728593,-0.3619832709663218,-0.5430926700418226,-0.425709883337002,-0.014798591239269205,-0.06447721769755668,0.2504072198987453,0.13498569227382787
#201,0.29927801012546773,0.21053048646268985,0.7137090028615453,0.4375632841734537,0.16162007484041382,0.33915914593880697,0.20889060092449924,0.1414439797490645,0.13661457186880915,0.6489852520360995,0.3788399735857363,0.11162667840633943,0.36815760510675766,0.27134052388289676,-0.047783403037640323,-0.2651353731014748,1.0,0.5409927360774819,0.08905569007263922,-0.031186440677966103,0.1767950693374422,-0.24177635923398635,0.14121505613031038,-0.27874972485141974,0.22248073959938366,-0.1862293638564825,0.23324455205811137,0.06553598943429452,0.08064054589478319,-0.005238828967642527,0.2303565925599824,0.07488883997358574,0.36226282192383885,0.05027294739159146,0.0004226282192383887,0.055007704160246536,-0.031547435615232225,0.06016949152542373,-0.002837332159366058,-0.11014087607307946,-0.12406339423288576,-0.04528065155183799,-0.18364296720228923,0.0012766894122826326,-0.19902267224301123,-0.062304644508034336,0.19631961259079903,0.16712304644508033,0.04034558661677306,-0.03016949152542373,0.3261523222540172,0.3868545014307726,0.3946929341844596,0.33236407660136474,0.0574686330618534,0.16359454105216817,-0.19763592339863525,-0.4047281532027295,-0.26537310147479637,-0.23744662117543475,-0.09893682588597842,0.004085406119304425,-0.3170394012766894,-0.10217037200088047,0.31952234206471497,0.3600550297160467,-0.03693814659916355,0.020237728373321592,0.14148139995597622,0.008478978648470173,0.33843055249834914,0.43994497028395335,-0.015718688091569448,-0.016876513317191283,-0.28511336121505615,-0.1354985692273828,-0.2584305524983491,-0.31502531366938147,0.4264780981730134,0.033759630200308165,-0.19693374422187981,-0.10422187981510016,0.10762711864406779,-0.07985692273827867,0.052209993396434076,-0.24723970944309928,-0.10524763372221,-0.07036759850319173,-0.11060972925379706,-0.333200528285274,0.08123486682808717,-0.03780101254677526,-0.03152102135152983,-0.30722870349988995,-0.2823772837332159,0.6345630640545895,-0.007440017609509135,0.6091767554479419,0.491435174994497,0.21534008364516838,0.37530486462689855,0.47647589698437154,0.31815100154083203,0.5820052828527404,0.30360774818401937,0.4532379484921858,0.328300682368479,-0.031322914373761834,0.0017763592339863526,-0.34305745102355273,-0.283515298261061
