,#10,#11,#12,#13,#17,#18,#26,#49,#50,#51,#52,#53,#54,#58,#101,#102,#201,#202,#301,#302,#401,#402,#501,#502,#601,#602,#701,#702,#801,#802,#901,#902,#1001,#1002,#1101,#1102,#1201,#1202,#1301,#1302,#1401,#1402,#1501,#1502,#1601,#1602,#1701,#1702,#1801,#1802,#1901,#1902,#2001,#2002,#2101,#2102,#2201,#2202,#2301,#2302,#2401,#2402,#2501,#2502,#2601,#2602,#2701,#2702,#2801,#2802,#2901,#2902,#3001,#3002,#3101,#3102,#3201,#3202,#3301,#3302,#3401,#3402,#3455,#3501,#3502,#3601,#3602,#3701,#3702,#3801,#3802,#3901,#3902,#4001,#4002,#4101,#4102,#4201,#4202,#4301,#4302,#4401,#4402,#4501,#4502,#4601,#4602,#4701,#4702,#4801,#4802
#10,1.0,0.30948051948051947,0.22298040942108738,0.31600704380365396,0.3045300462249615,0.2632137354171252,0.31563944530046223,0.5945806735637245,0.2439951573849879,0.31230464450803436,0.3692648029936165,0.19169711644287915,0.037985912392692056,0.18510675764913054,-0.17351089588377724,-0.19613251155624037,0.43804974686330617,-0.06654193264362755,-0.060316971164428794,-0.20737178076161128,0.03878934624697337,-0.2157561082984812,0.04647149460708783,-0.2330794629099714,-0.0386154523442659,0.03959938366718028,0.2325049526744442,0.1692802113141096,-0.13121725731895223,0.058065155183799254,0.00535989434294519,0.03227382786704821,0.014732555580013207,0.13204490424829407,-0.07118423948932423,-0.06319612590799031,-0.05990534888839973,-0.08393792648029937,-0.039181157825225625,-0.1500726392251816,-0.17055469953775038,-0.19720008804754569,-0.08489544353951134,-0.10743121285494167,0.09277129650011005,-0.14432093330398416,0.039480519480519484,0.13601364736957958,0.09709443099273608,0.13581774158045345,-0.02314109619194365,0.030079242791107196,-0.06904908650671363,-0.24001760950913492,-0.08918115782522562,-0.26306845696676207,-0.13057010785824344,-0.26324455205811137,-0.19404358353510895,-0.2277327756988774,0.06433854281311908,0.16005502971604665,-0.07075500770416025,-0.06666079683028836,0.1440942108738719,0.0004952674444199868,0.13490644948272068,0.11555580013207131,-0.11286594761171033,-0.16492626018049747,0.2427426810477658,0.15578472375082544,0.11475676865507374,0.16365617433414043,0.20583535108958836,0.07705040721989874,0.30252256218357915,-0.017046004842615013,0.07997798811358134,-0.0971648690292758,-0.030187101034558662,0.11020691173233546,-0.21540171692714066,0.017627118644067796,0.1638234646709223,-0.06667180277349768,-0.003094871230464451,0.05335241030156285,-0.2570195905789126,0.10830288355712085,-0.01724191063174114,-0.13597622716266783,-0.07547435615232226,-0.05729253797050407,-0.2649482720669161,-0.03348007924279111,-0.007334360554699538,0.02908650671362536,0.12801893022232005,0.1459255998239049,0.11135373101474796,-0.005104556460488664,0.09601144618093771,0.06005062733876293,0.17042482940788026,0.14726612370680167,0.14082544574069997,0.25625797930882677,-0.07141316310807837,-0.06291877613911512,-0.20625797930882678
#11,0.30948051948051947,1.0,0.21076381245872772,0.19608848778340304,0.03357693154303324,-0.024655513977547876,-0.01591899625797931,0.17839533348007924,0.13972265023112482,0.337012987012987,0.08773497688751926,-0.11283292978208233,-0.03924279110719789,0.007006383447061413,0.013603345806735638,0.0962623816861105,0.0588267664538851,0.017057010785824344,0.1850561303103676,0.11183579132731675,0.015117763592339864,-0.11966101694915254,0.2605414924058992,0.032110939907550075,0.06596742240810037,0.1275148580233326,0.1692493946731235,-0.08677305745102355,0.04063834470614132,0.21710103455866167,0.12041162227602906,0.11376623376623377,-0.03022672243011226,0.1631454985692274,-0.09358353510895884,-0.09819942769095312,-0.04774818401937046,-0.02316530926700418,-0.16198106977767995,0.008324895443539511,-0.02024653312788906,-0.011532027294739159,-0.17454765573409642,0.07069557561082984,0.3492361875412723,0.10108298481179837,-0.05352190182698657,-0.08580673563724411,-0.20144618093770636,-0.1801584855822144,0.01892361875412723,0.12078802553378824,0.10148800352190182,0.19584855822143957,0.09973365617433413,-0.021723530706581555,-0.20356152322254017,-0.07355491965661458,0.037532467532467535,-0.08691833590138674,-0.0698745322474136,0.024103015628439358,-0.0034338542813119083,0.022119744662117545,0.13248073959938367,-0.015709883337001983,0.18341844596081885,0.2038630860664759,0.1318864186660797,-0.09569227382786705,0.19040501871010346,-0.005520581113801453,-0.08503852080123267,-0.22965441338322695,-0.1358133392031697,-0.229405679066696,0.026834690732995818,-0.21785163988553818,0.13303764032577592,-0.15653092670041824,-0.18489324235086946,-0.1059784283513097,-0.07024433193924719,-0.16461589258199427,-0.06066475896984372,0.03917015188201629,-0.08045564604886639,-0.2425181598062954,0.024844816200748403,-0.21513757429011665,0.07126348228043143,0.011701518820162888,-0.0649702839533348,0.11049306625577812,0.029218578032137354,0.16694475016508914,0.07497908870790226,0.0033392031697116443,0.11217917675544795,-0.1665793528505393,-0.07508914813999559,0.0786022452124147,0.04149900946511116,0.030072639225181597,0.026966762051507814,0.05601804974686331,0.14089808496588158,-0.026231565045124368,-0.13925819942769097,-0.02875192604006163,-0.007457627118644068
#12,0.22298040942108738,0.21076381245872772,1.0,0.19450583314990094,0.07153422848338102,0.2725423728813559,-0.15719568567026193,0.11275148580233325,-0.04670261941448382,0.17714065595421527,0.33758309487123045,-0.24024653312788907,-0.16830728593440458,-0.18866387849438696,-0.3105414924058992,-0.29718688091569445,0.31472815320272945,0.5857076821483601,0.03979969183359014,-0.10194144838212635,-0.3589852520360995,-0.25835351089588376,-0.18237288135593221,-0.046231565045124365,-0.1310411622276029,-0.289768875192604,0.3147259520140876,0.22974025974025974,0.08321373541712525,0.1776139115122166,0.27362095531587055,0.47453224741360334,0.559702839533348,0.5660466651992075,0.1420559101915034,-0.15822143957737178,-0.054296720228923616,0.1199735857362976,0.1562293638564825,0.2214175654853621,0.06743341404358354,0.13534448602245214,-0.2513933524103016,-0.17757869249394673,0.007779000660356593,-0.21348888399735858,0.18765133171912832,0.2626084085406119,0.29302443319392474,0.18365617433414044,0.2901122606207352,-0.06388069557561082,0.08861985472154964,-0.07969403477878054,-0.24535549196566145,-0.09360114461809377,-0.22726832489544355,-0.5230662557781202,0.060867268324895446,0.037567686550737396,0.15825225621835792,0.17550077041602466,-0.2702091129209773,-0.26958837772397093,0.5963658375522782,0.435214615892582,-0.28992956196346026,-0.18462469733656175,0.043226942548976445,-0.02687871450583315,0.28618093770636144,0.25966982170372,-0.2173497688751926,0.157673343605547,-0.22377283733215936,-0.1541206251375743,-0.011113801452784504,0.003603345806735637,-0.07610609729253796,-0.012425709883337003,-0.10236627779000661,-0.15828527404798592,0.039561963460268544,-0.2681201848998459,-0.21713405238828967,0.04310807836231565,0.11582214395773718,-0.21883777239709443,-0.04312128549416685,-0.276997578692494,-0.07094210873871891,0.12082984811798371,-0.1645432533568127,0.1534690732995818,0.04901606867708563,0.3255756108298481,0.14963460268545015,0.5122364076601365,0.5197446621175434,0.6063152102135153,0.41632401496808275,0.5362976007043804,0.5289368258859785,0.46053929121725734,0.43987893462469735,0.5253334800792427,0.6026700418225842,0.16054369359454104,-0.09523882896764253,0.1237904468412943,-0.015027514858023333
#13,0.31600704380365396,0.19608848778340304,0.19450583314990094,1.0,0.07007484041382346,0.2146158925819943,-0.05910191503411842,-0.023376623376623377,-0.06008364516839093,0.5267554479418887,-0.06239489324235087,0.08179616993176315,-0.02934404578472375,-0.21197886858903808,-0.041060972925379705,0.10475676865507375,0.35434074400176097,-0.08895663658375523,0.24420206911732337,0.16457186880915695,-0.036121505613031034,0.17213295179396873,0.1137508254457407,-0.009152542372881356,0.14643187321153422,0.09051067576491305,0.13759850319172354,0.11899405679066696,0.05945190402817521,0.08319832709663218,-0.10511116002641427,-0.039975786924939465,-0.1718666079683029,-0.007037200088047545,0.1825709883337002,-0.06467532467532468,-0.0901716927140656,-0.07815760510675765,0.11033017829627999,0.1247655734096412,0.08400836451683909,-0.11401716927140657,0.1421417565485362,0.036964560862865946,0.07953775038520801,0.09703059652212194,-0.08661237068016729,0.03950473255558001,0.027263922518159806,0.1317279330838653,0.10802553378824566,0.1261699317631521,0.16275368699097512,0.082623816861105,0.0901782962799912,0.05510015408320493,0.03533127889060093,0.0004446401056570548,-0.03484041382346467,-0.03334140435835351,-0.06668500990534888,-0.07627338762931983,0.02421747743781642,-0.08814439797490645,0.1440391811578252,0.07558881796169932,-0.06503191723530706,0.08775038520801233,-0.04500550297160467,0.16497468633061854,-0.10435395113361215,0.003964340744001761,-0.20333920316971166,0.049936165529385866,-0.17773717807616113,-0.09475016508914814,-0.1311468192824125,-0.1425643847677746,-0.13210433634162447,0.009346246973365618,-0.04414043583535109,0.14082544574069997,-0.21538190622936385,-0.1950231124807396,-0.07947391591459388,-0.2096302003081664,-0.060655954215276246,-0.0054677525863966545,-0.043138895003301786,-0.1830046224961479,0.26408320493066256,-0.20771076381245873,-0.11281752146158926,-0.09672683248954435,0.040939907550077044,-0.06403257759189962,0.07521461589258199,-0.13063614351749944,0.03190622936385648,-0.019016068677085628,0.020464450803433853,-0.0007924279110719789,-0.14435615232225402,-0.13339203169711644,-0.13800572309046885,-0.1526964560862866,-0.08047105436935946,-0.16380805635042922,-0.05242791107197887,-0.032949592780101254,-0.09160246533127889
#17,0.3045300462249615,0.03357693154303324,0.07153422848338102,0.07007484041382346,1.0,0.3589324235086947,0.29011446180937706,0.10576931543033238,0.0012612810917895663,0.11016068677085626,0.16123486682808716,0.2068214836011446,0.13569227382786705,0.3721659696235967,-0.2237838432753687,0.04225401716927141,0.015650451243671582,0.051727933083865286,-0.28070658155403916,-0.08637244111820383,-0.24161347127448823,-0.05376623376623377,-0.22875192604006164,-0.23045784723750826,-0.35094871230464453,0.033775038520801236,-0.07698877393792648,-0.0019392471934844815,0.011069777679947171,0.14864626898525204,0.2802113141096192,-0.05927360774818402,0.13260620735197007,0.19881576051067576,0.08510675764913053,-0.06345146379044685,0.10837332159366057,0.17186880915694475,-0.26836891921637684,-0.06460488663878494,0.030457847237508256,0.0006867708562623817,-0.021287695355491965,-0.07589038080563504,0.04955756108298481,-0.0336055469953775,0.2977790006603566,0.2049438696896324,-0.052412502751485804,-0.1985890380805635,-0.3273299581774158,-0.3777349768875193,-0.47260620735197006,-0.32188861985472156,-0.42467752586396657,-0.2973013427250715,-0.33534448602245215,-0.09174554259300022,-0.020838652872551176,-0.10902047105436936,-0.028811358133392032,0.12210653753026635,0.23497468633061852,0.36577812018489986,-0.0012612810917895663,-0.05058331499009465,0.40489544353951135,0.13063834470614133,-0.17426370239929562,0.16442218798151,0.038934624697336565,0.12617213295179397,-0.04598283072859344,0.014767774598283073,0.06681928241250275,0.1619700638344706,0.1473563724411182,0.01865067136253577,0.06335901386748845,0.06412502751485802,0.2131697116442879,0.3531829187761391,-0.05769315430332379,0.4348382126348228,0.4321021351529826,0.16856042262821924,0.024646709222980408,0.011490204710543694,0.00186880915694475,0.16048206031256879,0.046880915694475014,0.18261941448382127,0.1448712304644508,0.1185692273827867,-0.10878494386968963,-0.17680167290336782,-0.07021351529826106,0.16710103455866168,-0.21531146819282412,0.0200528285274048,-0.2229077701959058,0.09057451023552718,0.3126502311248074,-0.09233325996037861,0.026163328197226502,-0.003951133612150561,-0.05449702839533348,0.17390490865067137,0.018901606867708563,-0.07081003742020692,-0.1398811358133392
#18,0.2632137354171252,-0.024655513977547876,0.2725423728813559,0.2146158925819943,0.3589324235086947,1.0,0.021604666519920757,0.2027955095751706,-0.07404798591239269,0.042892361875412725,0.05464891041162227,0.038670482060312567,0.031087387189082105,-0.05678186220559102,-0.2913823464670922,-0.17179616993176317,0.0789258199427691,0.14439357252916574,-0.19190622936385648,-0.09822143957737178,-0.22047105436935946,0.018694695135373102,-0.1572507153863086,-0.011010345586616774,-0.1783381025753907,0.21644508034338542,0.1283513097072419,0.291798371120405,0.0872507153863086,0.13326216156724632,0.35372661237068015,0.13180497468633062,0.14220559101915034,0.07029495927801012,0.1719656614571869,-0.07568126788465772,0.17997138454765574,0.12481620074840413,-0.05147259520140876,-0.18633722209993397,-0.19456086286594762,-0.02711864406779661,0.021996478098173015,0.02737838432753687,-0.10544353951133612,0.03131631080783623,0.25227823024433194,0.33861985472154965,0.24652432313449263,0.18333920316971164,0.039975786924939465,0.019185560202509354,-0.23498789346246973,-0.32942548976447283,-0.24366277790006605,-0.24300022011886419,-0.1899405679066696,-0.08511776359233986,-0.14510015408320492,-0.1384107418005723,-0.10777900066035659,0.08637684349548756,0.17911512216596961,0.15211093990755006,0.14209112920977326,0.11461369139335241,0.11810257539071098,-0.07521461589258199,-0.22566806075280652,-0.03702179176755448,-0.10590578912612811,0.013647369579572969,-0.2793814659916355,0.2161567246313009,-0.015078142196786265,0.09789346246973366,-0.03661016949152542,0.05066916134712745,0.1253929121725732,0.08366277790006603,0.01742460928901607,0.2704710543693595,-0.12426590358793749,0.3193330398415144,0.3277107638124587,0.10190843055249835,0.12979088707902267,0.17142857142857143,-0.33648250055029716,0.19295619634602684,0.27640325775918995,0.24039181157825226,0.31297600704380363,0.14442218798151002,-0.10508034338542813,-0.29293858683689195,-0.02016068677085626,-0.0035174994497028395,0.022749284613691394,0.145214615892582,-0.06939687431212854,0.21898745322474136,0.33440237728373323,0.18097952894563063,0.1303367818622056,0.12044684129429892,0.03027294739159146,0.002302443319392472,0.0077944089808496585,-0.13988333700198108,-0.2041338322694255
#26,0.31563944530046223,-0.01591899625797931,-0.15719568567026193,-0.05910191503411842,0.29011446180937706,0.021604666519920757,1.0,0.08086506713625358,0.09040061633281972,0.065214615892582,0.13354391371340524,0.28969183359013867,0.12383447061413164,0.54653312788906,0.0635263042042703,0.15760510675764913,-0.008749724851419767,-0.23927360774818401,-0.10545894783182919,0.0611402157164869,0.2173299581774158,0.12648690292758089,0.021800572309046886,-0.25229583975346687,-0.11423728813559322,0.12515738498789347,-0.1800462249614792,-0.11588597842835131,0.03468192824125028,0.13252036099493728,-0.18627338762931983,-0.07213955535989434,-0.22045344486022453,0.05150561303103676,0.06219458507594101,0.04290777019590579,0.06237508254457407,0.0475478758529606,-0.272689852520361,-0.447640325775919,-0.10567246313009025,-0.08260400616332819,-0.0749900946511116,0.021327316751045565,0.03469073299581774,-0.009222980409421088,0.009388069557561083,-0.07763592339863526,-0.04963460268545014,-0.16321813779440897,-0.2979088707902267,-0.17493946731234866,-0.2993198327096632,-0.19989654413383226,-0.16910851860004403,-0.1700132071318512,-0.14821043363416245,0.037867048206031255,-0.13754567466431875,-0.2562293638564825,-0.1551419766674004,-0.03354171252476337,0.37369359454105217,0.3852190182698657,-0.14601364736957959,-0.05655073739819502,0.3445806735637244,0.42881135813339205,0.03296500110059432,0.1512854941668501,0.2122870349988994,0.22190622936385648,0.22456526524323134,0.07405018710103456,0.4205480959718248,0.29283513097072417,0.21155403918115784,-0.03797270526084085,0.1211005943209333,0.13798591239269206,0.3208870790226722,0.44478318291877617,0.16663658375522783,0.16040942108738718,0.3276117103235747,-0.17166629980189302,-0.1189192163768435,0.317376183138895,0.02281532027294739,0.13860444640105657,0.042502751485802334,-0.05295399515738499,-0.055038520801232664,-0.13757869249394672,-0.31029936165529387,-0.23618754127228703,-0.1002839533348008,-0.2630772617213295,-0.22635263042042703,-0.1724521241470394,-0.2777834030376403,-0.27033017829628,0.009130530486462689,-0.10942548976447282,-0.04558001320713185,-0.027409200968523003,-0.07867268324895443,0.1037706361435175,0.20703720008804755,-0.13803874092009685,-0.09357032797710764
#49,0.5945806735637245,0.17839533348007924,0.11275148580233325,-0.023376623376623377,0.10576931543033238,0.2027955095751706,0.08086506713625358,1.0,0.436502311248074,0.041021351529826104,0.36090028615452346,0.28095311468192824,0.11270746202949593,0.1611071978868589,-0.14183138895003303,-0.3210521681708122,0.20072198987453224,-0.07335901386748844,-0.045335681267884655,-0.3868765133171913,0.16587717367378385,-0.2178362315650451,-0.013684789786484701,-0.24156504512436716,-0.018106977767994716,0.01351749944970284,0.12912612810917895,0.04170151882016289,-0.25973805855161786,-0.08847237508254457,-0.0850759410081444,0.12830508474576272,0.054508034338542816,-0.011047765793528506,-0.2590446841294299,-0.18892802113141097,-0.11945190402817521,-0.22837552278230244,-0.04338542813119084,-0.19059211974466211,-0.18058331499009464,-0.2234536649790887,-0.20651771956856702,-0.2302443319392472,-0.24212854941668502,-0.20469513537310147,-0.06298481179837112,0.024177856042262823,0.08032577591899626,0.038038740920096854,-0.054983491085186,-0.08066255778120185,-0.1741338322694255,-0.4260444640105657,-0.028602245212414702,-0.30090688972044904,-0.20729914153642967,-0.24958617653532908,-0.24792648029936165,-0.3284701738939027,0.07146819282412503,0.14504072198987453,0.04550957517059212,0.04874532247413604,0.09987893462469734,-0.07483601144618093,0.048798151001540835,0.07810917895663658,-0.021294298921417567,-0.37680827646929343,0.2655646048866388,0.11645608628659476,0.3235593220338983,0.34459828307285933,0.3916222760290557,0.29209553158705703,0.36465551397754786,0.05569667620515078,0.10113581333920317,-0.11189522342064714,0.2367642526964561,0.011893022232005283,0.03909751265683469,0.27724191063174114,0.11473475676865508,0.1517389390270746,0.06552498349108518,0.08536429672022892,-0.3631587057010786,0.18689192163768434,-0.18449262601804975,-0.22456526524323134,-0.12767554479418886,-0.04843495487563284,-0.27606207351970063,-0.09665859564164649,-0.21311248073959937,0.033110279550957515,-0.018060752806515517,0.2151551837992516,0.08993396434074401,-0.10205811138014528,0.05212854941668501,0.03241690512876953,0.2032643627558882,0.18596962359674224,0.1638696896324015,0.19110499669821704,0.12595861765353292,0.006971164428791548,-0.18016288795949814
#50,0.2439951573849879,0.13972265023112482,-0.04670261941448382,-0.06008364516839093,0.0012612810917895663,-0.07404798591239269,0.09040061633281972,0.436502311248074,1.0,0.26406999779881135,0.3588509795289456,0.0926502311248074,0.05238168611049967,0.21372661237068016,0.19081664098613252,-0.18568126788465772,0.19495267444419986,-0.1803367818622056,0.15296279991195244,-0.2198415144177856,0.23556900726392252,-0.06502531366938147,0.1352542372881356,-0.12567246313009026,0.1965529385868369,0.03838432753686991,-0.061063174114021575,-0.27309927360774816,-0.15188861985472155,-0.2517301342725072,-0.20411622276029057,-0.18103015628439356,-0.06544794188861985,0.046966762051507814,-0.26072859344045785,-0.18277790006603567,-0.12424829407880256,-0.11967642526964561,-0.07279771076381246,-0.1837178076161127,-0.12521681708122387,-0.0820559101915034,-0.08113361215056131,-0.23452124147039402,-0.18906009244992295,-0.16334580673563726,-0.29662777900066034,-0.29854721549636803,-0.1705084745762712,-0.16663438256658597,-0.12416244772176975,-0.04062293638564825,0.014417785604226283,-0.08579352850539292,0.11733656174334141,-0.13784283513097073,-0.21843495487563283,-0.2666850099053489,-0.217805414924059,-0.24139555359894344,-0.10044904248294079,-0.11792427911071979,-0.07249614791987673,0.08985692273827867,-0.06830728593440458,-0.059588377723970944,0.02950693374422188,0.05696896324014968,0.10476997578692494,-0.05582214395773718,0.3217125247633722,0.2087673343605547,0.26355712084525645,0.02577591899625798,0.1598084965881576,0.02460708782742681,0.08761831388950032,-0.11727272727272728,0.20932423508694695,-0.04842394893242351,0.14017609509134932,-0.13786044464010566,0.044668721109399075,0.242953995157385,-0.015811138014527847,-0.039900946511116,-0.21862645828747523,0.09085846357032798,-0.06576051067576491,0.12876513317191282,-0.27614131631080785,-0.31559542152762493,-0.13240369799691834,-0.27938806955756107,-0.19510015408320494,0.00023332599603786045,-0.0751221659696236,0.06011666299801893,0.08166409861325115,-0.028296279991195245,-0.06568567026194144,-0.14722209993396435,-0.10287255117763593,-0.11661457186880916,-0.0040325775918996255,0.07935285053929121,0.0008386528725511776,-0.02303103675985032,0.31504512436715826,0.007200088047545674,-0.0549702839533348
#51,0.31230464450803436,0.337012987012987,0.17714065595421527,0.5267554479418887,0.11016068677085626,0.042892361875412725,0.065214615892582,0.041021351529826104,0.26406999779881135,1.0,0.2761501210653753,0.07268104776579352,0.2482654633502091,-0.1955315870570108,0.13372000880475457,0.1727624917455426,0.4321351529826106,0.099867928681488,0.3259057891261281,0.09913493286374642,0.044950473255558,0.09542372881355932,0.16022232005282852,-0.146979969183359,0.18298921417565486,0.0587211093990755,0.009597182478538411,-0.17653092670041823,0.07040281752146159,0.19726612370680166,-0.045007704160246534,-0.019451904028175215,-0.08810917895663659,0.2481796169931763,0.008470173893902708,-0.1158001320713185,-0.12187541272287035,0.06330618534008364,0.025663658375522782,0.1483909311027955,0.0637310147479639,0.0561435174994497,0.12018269865727493,-0.1638961038961039,0.01730134272507154,-0.0910873871890821,-0.19947831829187762,-0.1830332379484922,-0.22165309267004182,-0.10751926040061634,0.02541712524763372,-0.06503411842394893,0.09695575610829849,0.15193704600484262,-0.002306845696676205,0.17156724631300901,-0.11238388729914153,-0.2492626018049747,-0.005135373101474797,-0.18802993616552938,-0.2067620515078142,-0.12014747963900506,-0.03664758969843716,0.009801893022232005,0.17568787145058332,0.05695355491965661,-0.09319172353070658,-0.0016266784063394234,0.17657495047325555,0.21580233325996037,0.18961479198767334,0.12936385648250054,-0.06538190622936385,-0.13174334140435837,-0.2037838432753687,-0.18222099933964342,-0.04170592119744662,-0.24287255117763593,-0.026654193264362757,-0.02063614351749945,0.025130970724191064,-0.017083425049526743,-0.08549856922738279,-0.19836891921637684,-0.11433634162447721,-0.1861831388950033,-0.2321505613031037,0.06379925159586176,0.14007704160246534,-0.14473035439137133,-0.016123706801672903,-0.2802839533348008,-0.19861325115562403,-0.16462029495927802,-0.023440457847237507,0.3050187101034559,0.1985230024213075,0.06192383887299142,0.08992956196346027,-0.10063834470614132,-0.09228703499889941,0.06648470173893903,0.09492626018049746,-0.10047985912392692,-0.035337882456526526,-0.022126348228043144,0.002606207351970064,-0.20880915694475016,0.077673343605547,0.018430552498349108,0.050895883777239706
#52,0.3692648029936165,0.08773497688751926,0.33758309487123045,-0.06239489324235087,0.16123486682808716,0.05464891041162227,0.13354391371340524,0.36090028615452346,0.3588509795289456,0.2761501210653753,1.0,0.17653092670041823,0.26736517719568564,0.25223860884877836,0.07450363196125907,-0.0699471714725952,0.18802993616552938,0.2079352850539291,0.167244111820383,-0.20785824345146378,0.09997138454765574,-0.23737178076161128,0.08949372661237068,-0.11898965441338323,0.10782962799911952,-0.14267884657715166,0.112623816861105,-0.04042482940788025,0.04560202509355052,0.05082984811798371,0.03917235307065815,0.1442526964560863,0.20430992736077483,0.36911292097732773,0.08548756328417345,-0.1733876293198327,0.06145278450363196,0.02028395333480079,-0.027382786704820604,-0.056117103235747305,0.13505392912172573,0.09475896984371561,-0.018263262161567248,-0.16935064935064936,-0.06913713405238829,-0.16262601804974686,-0.1430134272507154,-0.015738498789346248,-0.09752366277790006,-0.04685450143077262,0.09863746423068456,-0.05718467972705261,0.039198767334360556,0.017010785824345145,-0.04025753907109839,-0.10484701738939027,-0.32747303543913714,-0.46928461369139335,-0.1351287695355492,-0.1818005723090469,-0.1372639225181598,-0.03459388069557561,0.05695355491965661,0.10409641206251376,0.19924058991855603,0.13288575830948712,1.5408320493066255e-05,-0.09610609729253797,0.13095751705921196,0.05121505613031037,0.35410521681708124,0.15372000880475456,0.048322694254897644,-0.0037376183138895,0.015302663438256658,-0.15368038740920098,0.09755007704160247,-0.2228681488003522,0.24222099933964342,-0.010724191063174114,0.21129650011005943,-0.09081664098613251,0.17703720008804755,0.04230904688531807,0.12018930222320053,-0.12420867268324895,-0.2673563724411182,0.04355491965661457,-0.055060532687651334,0.059502531366938144,-0.08507373981950253,-0.23390270746202949,-0.33166409861325113,-0.12737178076161126,-0.2804534448602245,0.23937926480299362,-0.0399207572088928,0.26452564384767774,0.13430992736077482,0.301633281972265,0.062454325335681266,0.15208672683248955,0.29839973585736296,0.23108958837772398,0.37912172573189523,0.2572661237068017,0.23766453885097952,-0.006425269645608629,-0.04342945190402817,-0.06422187981510015,-0.08677305745102355
#53,0.19169711644287915,-0.11283292978208233,-0.24024653312788907,0.08179616993176315,0.2068214836011446,0.038670482060312567,0.28969183359013867,0.28095311468192824,0.0926502311248074,0.07268104776579352,0.17653092670041823,1.0,0.3421637684349549,0.21735197006383447,0.2057737178076161,-0.13973805855161786,0.16906229363856481,-0.2932885758309487,0.04722870349988994,-0.009951573849878935,0.38393792648029934,-0.059322033898305086,0.14065815540391813,-0.23335901386748845,0.20093770636143518,0.16523882896764253,-0.16146379044684128,-0.09016729033678186,-0.14360774818401936,0.030534888839973587,-0.44585075941008145,-0.08294959278010125,-0.22244772176975566,-0.1899801893022232,-0.053819062293638566,-0.11959498128989654,-0.04021791767554479,-0.1565067136253577,-0.24575170592119744,-0.23609509134932863,0.07240149680827647,-0.09689852520360995,0.03720449042482941,-0.1456152322254017,-0.19745982830728592,-0.11888179616993176,-0.07088047545674664,-0.015124367158265463,-0.19441998679286815,-0.22241690512876955,-0.28327536869909753,-0.05416024653312789,-0.16267224301122607,-0.21953554919656615,0.06279110719788686,-0.20084525643847678,0.08141096191943649,-0.049579572969403476,0.009346246973365618,-0.2192868148800352,0.10931102795509576,0.039601584855822144,0.26555359894342945,0.16783843275368698,-0.26828967642526963,-0.08580013207131851,-0.022617213295179395,0.028146599163548315,0.03924279110719789,-0.11156724631300903,0.07364296720228923,0.005082544574069998,0.007602905569007264,0.024347347567686552,0.20880475456746644,0.23271406559542152,0.14025533788245653,0.018410741800572308,0.18907550077041602,0.041399955976227164,0.4405833149900947,0.3532885758309487,-0.0972705260840854,0.34662117543473475,0.08103235747303544,-0.03030376403257759,-0.03493286374642307,0.26985252036099494,-0.014844816200748404,0.2902883557120845,-0.19858243451463792,-0.36691173233546115,-0.23356372441118203,-0.10973145498569227,-0.13503191723530705,-0.29399735857362974,-0.16873651771956857,-0.3368611049966982,-0.3707638124587277,-0.09517279330838653,-0.24922077922077923,-0.5059630200308166,-0.09619414483821263,-0.20892802113141096,-0.10267224301122606,-0.09209993396434074,-0.1590710983931323,0.137508254457407,0.17136033458067357,-0.011527624917455426,-0.05685670261941449
#54,0.037985912392692056,-0.03924279110719789,-0.16830728593440458,-0.02934404578472375,0.13569227382786705,0.031087387189082105,0.12383447061413164,0.11270746202949593,0.05238168611049967,0.2482654633502091,0.26736517719568564,0.3421637684349549,1.0,0.056095091349328635,0.19158045344486022,0.09593440457847238,0.0798415144177856,-0.07198547215496368,-0.03020030816640986,-0.059346246973365616,0.21549416685009906,-0.07289896544133832,0.19382126348228043,-0.22588817961699317,0.1824389170151882,-0.03031697116442879,-0.049678626458287474,-0.132590799031477,0.16298481179837113,0.1224455205811138,-0.010873871890821044,0.051631080783623155,-0.09381465991635483,-0.060035219018269866,-0.0475280651551838,-0.07494827206691614,0.022707462029495928,0.011210653753026635,-0.11179837112040501,-0.2102575390710984,0.13845916795069338,0.08062733876293199,0.3532115342284834,-0.025097952894563066,0.032553378824565264,0.016519920757208893,-0.12886198547215497,0.012584195465551397,-0.07979308826766454,-0.0891041162227603,0.011248073959938367,0.040066035659256,0.021868809156944752,-0.05621175434734757,0.16086066475896985,-0.18152542372881356,0.07473695795729694,0.01615232225401717,-0.22088487783403038,-0.15939907550077043,-0.25941008144397976,-0.10678626458287475,0.2550693374422188,0.13289676425269645,-0.1803433854281312,-0.2004490424829408,-0.04674884437596302,-0.052326656394453004,-0.044461809377063614,-0.012870349988994056,0.07672683248954436,-0.10365397314549857,0.06918776139115122,-0.050792427911071976,0.07151441778560423,0.1815430332379485,0.11558661677305745,-0.012194585075941008,0.2416090688972045,0.04169931763152102,0.358135593220339,0.20943649570768214,0.1647655734096412,0.2008628659476117,0.16536649790887079,-0.21793748624257098,-0.29379264802993615,0.12974025974025974,0.01692493946731235,0.3087343165309267,0.1537310147479639,-0.15068897204490425,-0.08470614131631081,-0.23151882016288797,-0.2517081223860885,-0.07672463130090248,-0.1363878494386969,-0.16832929782082323,-0.20429451904028176,-0.15558441558441558,-0.3399779881135813,-0.129966982170372,0.1000066035659256,-0.10378824565265243,-0.09570548095971824,-0.015863966541932645,-0.21550517279330839,-0.09418225841954656,0.1521087387189082,-0.3415716486902928,-0.15740479859123926
#58,0.18510675764913054,0.007006383447061413,-0.18866387849438696,-0.21197886858903808,0.3721659696235967,-0.05678186220559102,0.54653312788906,0.1611071978868589,0.21372661237068016,-0.1955315870570108,0.25223860884877836,0.21735197006383447,0.056095091349328635,1.0,0.11313229143737619,0.025304864626898526,-0.1618864186660797,-0.23283733215936606,-0.10695355491965662,-0.048976447281532026,0.17218578032137355,-0.16086726832489545,0.13201188641866607,-0.2990226722430112,-0.20405018710103456,-0.02791107197886859,-0.1583865287255118,-0.2913647369579573,-0.04966762051507814,-0.027814219678626458,-0.06947611710323574,-0.014758969843715606,-0.01904028175214616,0.11561743341404358,0.09186220559101915,0.045047325555800134,0.28851199647809816,0.18034558661677305,-0.540726392251816,-0.31907329958177416,-0.13194805194805195,-0.045128769535549194,-0.053158705701078585,0.1347655734096412,0.034941668500990536,0.017488443759630202,0.06046224961479199,-0.13334800792427912,-0.14515738498789346,-0.4153995157384988,-0.40550737398195025,-0.30062293638564824,-0.35387189082104337,-0.23749064494827207,-0.10201628879594982,-0.2475874972485142,-0.3461633281972265,-0.008340303764032577,-0.25683689192163767,-0.36077922077922076,-0.029718247853841074,0.05511996478098173,0.4007175874972485,0.5456614571868809,-0.17874972485141977,-0.09573849878934625,0.6309024873431653,0.38830948712304647,-0.004957076821483601,0.060352190182698655,0.14900066035659257,0.2500484261501211,0.28295619634602687,0.05306845696676205,0.43002421307506056,0.12330618534008364,0.31465771516618973,-0.06744001760950913,0.20971384547655733,0.04085846357032798,0.17090248734316532,0.3358595641646489,0.127277129650011,0.3463944530046225,0.438828967642527,0.05445080343385428,-0.051391151221659694,0.15993176315210214,-0.0660180497468633,0.1783072859344046,0.06663658375522782,-0.07192383887299142,-0.1385230024213075,-0.07207351970063834,-0.39252916574950475,-0.24046004842615012,-0.09959278010125468,-0.04668941228263262,-0.23501871010345587,-0.10681267884657715,-0.2868368919216377,-0.23465771516618975,0.05389830508474576,-0.07924058991855602,0.09108958837772398,-0.008575830948712304,-0.007845036319612591,0.19397754787585297,-0.0008716707021791767,-0.08521901826986572,-0.19456086286594762
#101,-0.17351089588377724,0.013603345806735638,-0.3105414924058992,-0.041060972925379705,-0.2237838432753687,-0.2913823464670922,0.0635263042042703,-0.14183138895003303,0.19081664098613252,0.13372000880475457,0.07450363196125907,0.2057737178076161,0.19158045344486022,0.11313229143737619,1.0,0.473992956196346,0.05573189522342065,-0.12864847017389391,0.6799691833590139,0.3564494827206692,0.7441294298921417,0.22300682368478977,0.41688311688311686,-0.1123662777900066,0.2024785384107418,-0.04835351089588378,-0.45549196566145717,-0.6112458727712965,0.3532577591899626,0.11461369139335241,-0.26877613911512216,-0.31327756988773936,-0.40014087607307947,0.03467532467532468,0.09333259960378605,0.22437376183138896,0.3460268545014308,0.24621835791327318,-0.15348448162007483,0.07684129429892142,0.19499889940567908,0.31023332599603787,0.3847061413163108,0.40423508694695137,-0.16530926700418225,-0.038355712084525644,-0.4611666299801893,-0.5831322914373762,-0.544109619194365,-0.4282082324455206,-0.25423948932423507,0.0400858463570328,0.2430728593440458,0.3645432533568127,0.5697578692493946,0.5016729033678187,-0.18302663438256658,0.026526524323134494,-0.1763812458727713,-0.27290336781862207,-0.3560048426150121,-0.5168236847897865,0.1880497468633062,0.11878494386968963,-0.5728065155183799,-0.22223200528285275,0.06330398415144178,0.18317411402157166,0.5937244111820383,0.3292604006163328,-0.017162667840633944,-0.017030596522121945,0.19825665859564165,-0.3767356372441118,0.04424389170151882,-0.19069997798811358,-0.17229804094210874,-0.5168831168831168,0.5585252036099494,0.4382192383887299,0.03380805635042923,-0.24192163768434954,0.049718247853841074,-0.1137838432753687,0.11193704600484261,-0.46412282632621615,-0.5736407660136473,-0.019035879374862424,0.09977988113581333,-0.04501430772617213,-0.11408320493066255,-0.38590799031476997,-0.475016508914814,-0.4628351309707242,-0.262458727712965,0.1699603786044464,0.0474356152322254,-0.3892604006163328,-0.27907109839313227,-0.46451683909311026,-0.31433414043583535,-0.3748712304644508,-0.18095751705921198,-0.37418225841954655,-0.23808056350429233,-0.42791547435615235,-0.3486616773057451,-0.43339643407440015,-0.08705260840854061,-0.3412788906009245,-0.048701298701298704
#102,-0.19613251155624037,0.0962623816861105,-0.29718688091569445,0.10475676865507375,0.04225401716927141,-0.17179616993176317,0.15760510675764913,-0.3210521681708122,-0.18568126788465772,0.1727624917455426,-0.0699471714725952,-0.13973805855161786,0.09593440457847238,0.025304864626898526,0.473992956196346,1.0,-0.28190182698657273,-0.18076381245872772,0.2887871450583315,0.5788487783403038,0.29297600704380367,0.5544089808496588,0.23654853620955316,0.2349372661237068,-0.09593000220118864,0.20929121725731895,-0.16911952454325335,-0.12694915254237288,0.28296279991195245,0.18315650451243673,-0.022119744662117545,-0.3498987453224741,-0.3466696015848558,-0.06579352850539291,0.08662557781201849,0.14466872110939907,0.24826986572749285,0.15619194364957076,-0.17027734976887518,0.03761611270085846,0.14454985692273828,0.14042482940788026,0.38686550737398195,0.47482060312568786,0.06638564825005502,0.3299581774158045,0.000774818401937046,-0.11507153863086067,-0.3265991635483161,-0.20082764692934185,-0.02762491745542593,0.1443715606427471,0.0903565925599824,0.5112568787145059,0.19266784063394232,0.4091877613911512,-0.2549240589918556,0.4222804314329738,-0.25726832489544355,-0.25561963460268544,-0.44049526744441997,-0.45662117543473474,0.3391305304864627,0.27937046004842614,-0.3022209993396434,-0.34972705260840853,0.2013053048646269,0.22014087607307947,0.30282192383887296,0.5495663658375523,-0.21204490424829409,-0.016999779881135813,0.13791987673343606,-0.26682808716707024,-0.018826766453885098,-0.19485582214395775,-0.23940347787805416,-0.414521241470394,0.12064714946070879,0.37322033898305085,0.02681928241250275,-0.038626458287475234,0.08146158925819942,-0.14919216376843494,0.2901122606207352,-0.35125027514858026,-0.5048822364076602,-0.06821043363416245,0.14937706361435174,-0.14996257979308827,0.20817741580453444,-0.11608628659476117,-0.14705260840854062,-0.3335989434294519,-0.32519700638344706,0.049126128109178956,0.029099713845476556,-0.27128769535549196,-0.3257274928461369,-0.42442218798151,-0.27148139995597625,-0.23459167950693374,-0.2783469073299582,-0.32039621395553597,-0.3032819722650231,-0.40770195905789125,-0.377442218798151,-0.37140876073079465,-0.13030156284393574,-0.38569007263922517,-0.2262029495927801
#201,0.43804974686330617,0.0588267664538851,0.31472815320272945,0.35434074400176097,0.015650451243671582,0.0789258199427691,-0.008749724851419767,0.20072198987453224,0.19495267444419986,0.4321351529826106,0.18802993616552938,0.16906229363856481,0.0798415144177856,-0.1618864186660797,0.05573189522342065,-0.28190182698657273,1.0,0.16008144397974908,0.14269865727492845,-0.25349108518600044,0.02533348007924279,-0.1715628439357253,0.01201848998459168,-0.25871890821043364,0.303284173453665,-0.07021571648690293,0.03057010785824345,-0.02143297380585516,-0.07774378164208673,-0.04322914373761831,-0.10015408320493066,0.026548536209553157,0.06562183579132731,0.29899625797930884,-0.05706141316310808,-0.12214836011446181,-0.13163108078362315,-0.061690512876953554,0.06713405238828968,0.10426590358793748,0.15355491965661458,-0.07909090909090909,-0.03863966541932644,-0.3194541052168171,-0.14461589258199428,-0.37044464010565703,-0.20495487563284173,-0.13224961479198769,-0.06434294519040282,-0.013792648029936166,-0.09575170592119744,-0.11902267224301123,0.05026634382566586,-0.22550737398195025,0.02479418886198547,-0.013616552938586837,-0.0487145058331499,-0.3536583755227823,0.06457406999779881,0.010387409200968523,0.12036099493726612,0.11828087167070218,-0.12577812018489984,-0.1389456306405459,0.15788685890380805,0.21642967202289237,-0.12186880915694474,0.00650891481399956,0.09937266123706802,-0.08452564384767774,0.4029583975346687,0.24703499889940567,-0.028155403918115784,0.03623156504512437,-0.01775478758529606,0.05776359233986353,0.1101848998459168,0.11090248734316531,0.11668060752806515,-0.05167290336781862,-0.05380585516178737,-0.15499449702839532,-0.09061633281972264,-0.1769425489764473,-0.1821351529826106,-0.09526964560862866,-0.05948272066916135,0.18031917235307066,-0.06922738278670482,-0.08130970724191063,-0.25477437816420867,-0.187343165309267,-0.23242350869469514,-0.1368302883557121,0.024122826326216158,0.29375522782302443,0.11339203169711644,0.22603345806735636,0.19639665419326435,0.21402597402597404,0.18216376843495488,0.1615166189742461,0.17587497248514197,0.1809949372661237,0.14316310807836233,0.15083204930662558,0.2553070658155404,0.14426370239929562,0.13414483821263481,0.05996257979308827,0.12062953995157386
