,#10,#11,#12,#13,#17,#18,#26,#49,#50,#51,#52,#53,#54,#58,#101,#102,#201,#202,#301,#302,#401,#402,#501,#502,#601,#602,#701,#702,#801,#802,#901,#902,#1001,#1002,#1101,#1102,#1201,#1202,#1301,#1302,#1401,#1402,#1501,#1502,#1601,#1602,#1701,#1702,#1801,#1802,#1901,#1902,#2001,#2002,#2101,#2102,#2201,#2202,#2301,#2302,#2401,#2402,#2501,#2502,#2601,#2602,#2701,#2702,#2801,#2802,#2901,#2902,#3001,#3002,#3101,#3102,#3201,#3202,#3301,#3302,#3401,#3402,#3455,#3501,#3502,#3601,#3602,#3701,#3702,#3801,#3802,#3901,#3902,#4001,#4002,#4101,#4102,#4201,#4202,#4301,#4302,#4401,#4402,#4501,#4502,#4601,#4602,#4701,#4702,#4801,#4802
#10,1.0,0.39464891041162226,0.6440017609509135,0.5243517499449702,0.09549636803874093,0.2207990314769976,0.03238828967642527,0.5747985912392692,0.30575170592119744,0.5851507814219679,0.401666299801893,0.04822584195465551,0.13806515518379925,0.027492846136913933,-0.11053929121725732,0.05521021351529826,0.501386748844376,0.4153114681928241,0.19341624477217698,0.12451463790446841,0.0020625137574290116,0.006284393572529166,0.16855381906229364,0.04529826106097293,0.3676777459828307,0.29636583755227824,0.0971978868589038,0.16946290997138455,0.1889984591679507,0.23368699097512657,-0.028569227382786704,-0.016253576931543032,-0.06095311468192824,-0.04085626238168611,-0.1597820823244552,0.22670261941448383,-0.047856042262821925,0.0999537750385208,-0.14667840633942328,-0.15265023112480738,0.14198767334360554,0.04279771076381246,-0.1567510455646049,-0.03255998239049086,-0.3655535989434294,-0.16584415584415585,-0.1265661457186881,-0.09126348228043143,-0.2943055249834911,-0.1265199207572089,0.036121505613031034,-0.04630420427030597,-0.07327096632181378,0.060213515298261064,0.1281135813339203,0.23811798371120405,-0.43379264802993617,-0.16290336781862205,-0.3142460928901607,-0.49931543033237946,-0.1764802993616553,-0.04225181598062954,-0.21476777459828308,0.0031476997578692495,0.47719568567026194,0.13628439357252917,-0.14073739819502532,0.11960158485582215,0.26966762051507814,-0.03689852520360995,0.3838256658595642,0.38371340523882896,-0.01290116662998019,0.12059872331058771,-0.3005723090468853,-0.11340523882896764,-0.3201959057891261,-0.3901100594320933,-0.02610609729253797,0.0012678846577151661,0.14752586396654194,-0.07054589478318292,-0.07454765573409641,0.14912832929782083,-0.03450803433854281,-0.12810037420206913,-0.1783777239709443,0.10922738278670482,0.1355293858683689,-0.05744662117543473,-0.18582874752366277,-0.09673563724411183,-0.177046004842615,-0.1381003742020691,-0.30409641206251375,0.3008804754567466,0.08788025533788246,0.19360774818401938,-0.03397314549856923,-0.11623156504512437,0.10458287475236627,0.34495267444419986,0.17581994276909532,0.2576447281532027,-0.10254677525863967,-0.04716927140655954,-0.06057891261281092,-0.2728681488003522,0.018133392031697115,-0.26887079022672244,-0.4045894783182919
#11,0.39464891041162226,1.0,0.31129650011005944,0.3144596081884217,-0.1914769975786925,-0.03960598723310588,0.3556042262821924,0.380858463570328,0.40308826766453887,0.47747083425049525,0.34006163328197225,-0.3261897424609289,-0.09868589038080564,-0.19400176095091348,0.11099053488883998,0.2968897204490425,0.12113581333920317,0.2105657054809597,0.2280145278450363,0.2811688311688312,-0.030299361655293858,0.07056790666960158,0.14677085626238168,0.13702399295619636,0.42676425269645607,0.23275588817961698,-0.034455205811138014,-0.13496588157605108,0.1962623816861105,0.04302443319392472,-0.17912392692053708,-0.16107638124587279,-0.2335659255998239,0.14136693814659917,-0.1689126128109179,0.03926040061633282,0.0087541272287035,0.17176095091349328,0.048958837772397096,0.07688091569447501,0.2757979308826766,0.21602465331278892,-0.12833810257539072,0.19688311688311688,-0.16911292097732775,-0.029009465111160027,-0.2662249614791988,-0.293680387409201,-0.08064714946070878,-0.07362755888179617,-0.10464230684569667,-0.28064054589478316,-0.14340523882896763,-0.08308826766453885,0.13978208232445521,0.3011027955095752,-0.0489456306405459,0.211831388950033,0.0137706361435175,-0.06624697336561744,-0.1362623816861105,-0.02760510675764913,-0.12805635042923177,0.1225775918996258,0.3974158045344486,0.2362557781201849,-0.02732555580013207,0.1198084965881576,0.21694915254237288,0.18507373981950254,0.29663658375522783,0.2478692493946731,-0.06517939687431212,-0.08462029495927802,-0.2082522562183579,-0.07092670041822584,-0.07190622936385649,-0.14758969843715605,0.10788245652652433,0.21061193044243892,-0.29457406999779884,-0.2763218137794409,0.2632247413603346,-0.1281135813339203,-0.16354391371340524,-0.32181377944089806,-0.16446621175434734,-0.05647149460708783,0.11294739159145939,-0.24012326656394453,-0.03720889280211314,-0.14833590138674885,-0.20123486682808717,-0.10251375742901167,-0.08572749284613691,0.20479859123926922,0.35992956196346026,-0.2970878274268105,-0.27099933964340744,-0.2713559322033898,-0.24789346246973365,-0.20195025313669382,-0.1899273607748184,-0.2601012546775259,-0.40421747743781644,-0.2786176535329078,-0.25365617433414045,-0.15900066035659255,-0.04240810037420207,-0.05332819722650231,-0.12253356812678846
#12,0.6440017609509135,0.31129650011005944,1.0,0.48886858903808056,0.056077481840193705,0.3308694695135373,0.01674224081003742,0.3486000440237728,0.16357473035439138,0.5278120184899846,0.38204490424829407,-0.06897644728153203,0.2564120625137574,-0.07059432093330398,-0.08854501430772617,0.03761831388950033,0.6128615452344266,0.6236935945410522,0.07831609068897205,0.05082324455205811,-0.051199647809817304,-0.004741360334580674,0.12192163768434955,0.03539731454985692,0.4041536429672023,0.25174334140435833,0.08275148580233326,0.15828307285934404,0.22051948051948053,0.1493880695575611,0.11405458947831829,-0.044461809377063614,-0.0150099053488884,-0.09266784063394233,-0.13959278010125467,0.18069337442218797,0.0362623816861105,-0.11928681488003522,-0.2690975126568347,-0.2275544794188862,0.08358133392031697,0.038170812238608846,-0.10008144397974907,-0.1495135373101475,-0.3676579352850539,-0.16078582434514638,-0.11269425489764473,-0.06584195465551397,-0.1411534228483381,0.05606647589698437,0.1211600264142637,0.09292317851639885,0.031087387189082105,0.30102575390710984,0.0250561303103676,0.2876601364736958,-0.49599383667180275,-0.14402597402597403,-0.26475676865507375,-0.323497688751926,-0.15465111160026415,-0.16294739159145938,-0.3629011666299802,-0.03353290777019591,0.541386748844376,0.19492626018049747,-0.287838432753687,0.10235086946951354,0.23509795289456306,0.017270526084085407,0.488795949812899,0.5106625577812018,0.01046665199207572,0.22989214175654854,-0.31130090248734316,0.07742460928901607,-0.09638344706141316,-0.11943429451904028,-0.036326216156724635,0.10405238828967643,0.10335681267884658,-0.054950473255558,-0.01663218137794409,0.18736517719568568,-0.017010785824345145,-0.27054369359454106,-0.10290556900726393,0.0034910851860004404,0.058950033017829626,-0.1151948051948052,-0.0915496368038741,-0.12246092890160687,-0.04075500770416025,-0.04303764032577592,-0.11398635263042042,0.5034272507153863,0.21008364516839093,0.3552410301562844,0.16317191283292978,0.08442218798151002,0.2662799911952454,0.507261721329518,0.16208892802113142,0.29840854061193045,0.01215496368038741,0.04964560862865948,0.03074620294959278,-0.12586836891921638,0.1686814880035219,-0.24705040721989874,-0.39456306405458946
#13,0.5243517499449702,0.3144596081884217,0.48886858903808056,1.0,-0.07057451023552719,0.2431366938146599,0.07983711204050187,0.14401276689412282,-0.038452564384767775,0.45741140215716486,0.08051948051948052,-0.06307285934404579,0.11010125467752586,-0.006671802773497689,0.09084525643847678,0.14795949812898965,0.49568567026194144,0.16075500770416024,0.19729473915914594,0.33393792648029935,0.09411622276029055,0.14315870570107858,0.10175874972485142,0.09418005723090468,0.2770592119744662,0.2637354171252476,0.07767554479418887,0.17012106537530267,0.14256218357913272,0.2114902047105437,-0.06119744662117543,0.04914153642967202,-0.0587475236627779,-0.015188201628879594,0.06924058991855601,0.2573189522342065,0.18289236187541272,0.20296279991195246,-0.07195465551397755,0.05171472595201409,0.2849570768214836,0.2324125027514858,0.18905569007263923,0.22042703059652213,-0.19323574730354393,-0.005318071758749725,-0.12521901826986573,-0.13966321813779442,-0.16089808496588157,-0.15947611710323575,-0.12886858903808057,-0.12054149240589919,-0.2418269865727493,0.10523662777900065,0.13111600264142637,0.3087871450583315,-0.27664758969843717,0.12798151001540833,-0.22289676425269644,-0.225115562403698,-0.24358353510895883,-0.20343165309267003,-0.019222980409421088,0.02715826546335021,0.32805635042923176,0.18370680167290337,0.019128329297820823,0.077310147479639,0.2182082324455206,0.09729694034778781,0.21254677525863966,0.13226502311248073,0.08660576711424169,0.08043363416244773,-0.10628659476117103,-0.017142857142857144,-0.2908276469293418,-0.2522540171692714,0.016423068456966762,0.14479418886198547,0.10883777239709443,-0.0324125027514858,-0.07126788465771516,-0.03949372661237068,0.015238828967642526,-0.2666894122826326,-0.22415144177856042,0.10058771736737838,0.1896500110059432,-0.24370239929561963,0.013026634382566587,-0.08495927801012547,-0.05705701078582435,-0.13389830508474576,-0.17387409200968523,0.03030376403257759,0.15964340744001762,0.12574069997798812,-0.026713625357693154,-0.09204930662557781,0.014012766894122826,0.23879154743561523,0.04569887739379265,0.06149680827646929,-0.1995531587057011,-0.07387409200968523,-0.07232885758309487,-0.2712062513757429,-0.018991855602025095,-0.24660796830288356,-0.2872573189522342
#17,0.09549636803874093,-0.1914769975786925,0.056077481840193705,-0.07057451023552719,1.0,0.5110521681708122,0.12733215936605768,0.04399955976227163,0.07403257759189963,0.08514197666740039,0.1919788685890381,0.3585692273827867,0.3703037640325776,0.23912832929782082,-0.06405018710103456,-0.1985956416464891,-0.043973145498569226,0.16916574950473257,-0.11347127448822364,-0.08740699977988113,-0.08704380365397314,-0.2291503411842395,-0.13383226942548976,-0.341600264142637,-0.14772837332159366,-0.0951882016288796,-0.12648250055029717,-0.11391371340523883,0.07153422848338102,0.1845938806955756,0.17362095531587057,0.1828615452344266,0.1269359454105217,0.21914813999559762,0.18106317411402156,0.32945850759410084,0.21985692273827867,0.14359013867488443,-0.05923838872991415,-0.04393572529165749,0.08573849878934625,0.21584195465551398,0.039469513537310146,0.02486682808716707,-0.11444860224521242,-0.16248734316530927,-0.014915254237288136,-0.003981950253136694,-0.1790843055249835,-0.13373321593660575,0.03877173673783843,0.20197226502311247,0.050849658815760514,0.0376337222099934,-0.06267224301122606,-0.24311688311688312,-0.11688751926040061,-0.3820889280211314,-0.2049768875192604,-0.21029936165529386,0.15477437816420866,-0.02214836011446181,-0.05736737838432754,-0.2760444640105657,-0.14782302443319392,-0.1557010785824345,0.2336715826546335,0.02061853400836452,0.049126128109178956,-0.06915034118423949,0.06064054589478318,-0.1063350209112921,-0.013422848338102575,0.29024213075060534,0.0740611930442439,-0.13853400836451685,0.0004094210873871891,-0.049361655293858685,0.0300066035659256,-0.06555359894342945,0.2495971824785384,0.18970724191063174,0.018485582214395772,0.23593440457847237,0.6284921857803214,0.1430838652872551,0.09045124367158265,0.01755888179616993,0.03707241910631741,0.388399735857363,0.3275280651551838,0.10032357473035439,0.029892141756548536,0.11204050187101035,-0.20393352410301563,0.03192383887299142,-0.36055690072639224,0.23136913933524103,0.023706801672903368,0.1318511996478098,0.16793088267664538,0.11594320933303984,0.2798811358133392,0.1778780541492406,0.14677525863966542,0.1335791327316751,0.08047545674664319,0.04475676865507374,-0.13769095311468194,0.0748646268985252,-0.06822804314329738
#18,0.2207990314769976,-0.03960598723310588,0.3308694695135373,0.2431366938146599,0.5110521681708122,1.0,0.20709443099273608,0.12428571428571429,-0.0018798151001540831,0.30213295179396876,0.32446621175434737,0.4731256878714506,0.6009311027955095,0.16836231565045123,-0.042077922077922075,-0.23755227823024433,0.205049526744442,0.27060092449922957,-0.18929341844596081,-0.14453224741360335,-0.1379110719788686,-0.07082764692934185,-0.03248073959938367,-0.2302113141096192,-0.0949372661237068,0.0010631741140215715,-0.26491745542593,-0.19737838432753688,0.24407219898745322,0.381089588377724,0.1282720669161347,0.12941888619854722,0.09927140655954216,0.14879815100154084,0.11742460928901607,0.2949614791987673,0.17584855822143958,0.1303367818622056,-0.19607528065155183,0.009357252916574951,0.11629099713845477,0.20248294078802553,0.13895443539511337,0.01837112040501871,-0.17123046445080342,-0.10367378384327537,-0.11263482280431433,-0.013946731234866828,-0.16044243891701518,-0.023178516398855382,0.02436055469953775,0.13441338322694255,-0.08883557120845256,0.1203764032577592,-0.1384965881576051,-0.05934404578472375,-0.25902707462029495,-0.2227624917455426,-0.27566806075280653,-0.26953554919656614,0.1310807836231565,-0.07590358793748624,-0.07652432313449263,-0.06442438917015188,-0.1334800792427911,-0.20541712524763373,0.11283513097072419,0.15511996478098172,0.023013427250715385,-0.1009817301342725,0.227145058331499,0.09051948051948051,0.20927801012546776,0.3251573849878935,0.1504996698217037,0.045932203389830506,0.1897182478538411,0.012804314329738059,0.19762491745542593,0.17006383447061413,0.3560928901606868,0.43011005943209335,-0.06362095531587057,0.2512194585075941,0.504389170151882,-0.005403918115782522,0.09573189522342064,0.23890821043363417,0.09733436055469953,-0.016070878274268105,0.10012987012987012,0.03913933524103016,-0.15375963020030817,0.12408980849658816,-0.18071098393132293,-0.03156724631300902,-0.06773497688751925,0.2486616773057451,-0.049793088267664536,0.14268765133171912,0.301221659696236,0.37337222099933964,0.09602465331278891,0.3169337442218798,0.13130310367598502,0.19176755447941887,0.11998239049086507,0.0613713405238829,-0.055452344265903585,0.07539511336121506,-0.028445960818842174
#26,0.03238828967642527,0.3556042262821924,0.01674224081003742,0.07983711204050187,0.12733215936605768,0.20709443099273608,1.0,0.17750385208012326,0.252029495927801,0.3320030816640986,0.3155227823024433,0.17584855822143958,0.23528285274047986,0.25726172132951797,0.005078142196786264,0.01451023552718468,-0.03568567026194145,0.13495927801012547,-0.08926040061633282,-0.15152102135152984,-0.26420206911732336,-0.28693814659916356,-0.09391371340523882,-0.24957517059211975,-0.06002201188641867,-0.06455646048866388,-0.4366431873211534,-0.4004050187101035,0.13082544574069999,0.29052388289676423,0.04546335020911292,0.03661677305745102,0.22780981730134273,0.22458947831829187,-0.03754347347567687,0.0885494166850099,0.18616552938586836,0.17466211754347347,-0.011521021351529825,0.04947391591459388,0.09845256438476778,0.06207572088928021,0.10849878934624697,0.10675324675324675,-0.13034118423948932,-0.19319172353070657,-0.07484261501210654,-0.004301122606207352,-0.06271186440677966,0.009819502531366937,-0.23084305524983492,-0.10177635923398635,-0.11656174334140436,-0.12211093990755008,-0.23374862425709883,-0.22380805635042922,-0.07950693374422188,-0.17247633722209993,0.034734756768655076,-0.08747743781642087,0.10621395553598943,0.15592339863526306,0.2533237948492186,0.2387541272287035,-0.07480299361655293,-0.19696896324014967,0.18660576711424168,0.3125599823904909,0.15860664758969845,0.26637684349548757,0.23609949372661237,0.03779440898084966,0.18725952014087607,0.017640325775918998,-0.059691833590138674,-0.0838762931983271,0.16449262601804976,0.06213075060532688,0.22732555580013208,0.29295839753466874,0.0010345586616773057,0.18896103896103897,0.04192163768434955,0.14833590138674885,0.27299581774158044,0.12107197886858904,0.0939753466872111,0.002791107197886859,0.16508254457407,0.04903587937486242,0.1160312568787145,0.2074488223640766,-0.3053312788906009,0.21588377723970945,-0.06013647369579573,-0.20483381025753908,0.2267444419986793,-0.17009685230024213,-0.10302003081664099,-0.08588817961699317,-0.016614571868809158,-0.16220559101915033,0.010655954215276249,-0.06854501430772617,0.09674224081003742,0.13118864186660797,0.0685230024213075,0.17913933524103015,-0.06169271406559542,0.15822364076601364,0.001476997578692494
#49,0.5747985912392692,0.380858463570328,0.3486000440237728,0.14401276689412282,0.04399955976227163,0.12428571428571429,0.17750385208012326,1.0,0.5780211314109619,0.4133678186220559,0.5455491965661458,0.09756988773937926,0.2428615452344266,0.0670856262381686,-0.10082324455205811,0.10303764032577592,0.30049086506713624,0.3145278450363196,0.24145058331499009,0.007083425049526745,-0.10420867268324896,0.030975126568346906,0.024604886638784945,0.06910631741140216,0.28322694254897646,0.194356152322254,0.06335461149020472,-0.03665199207572089,0.3731058771736738,0.22247413603345806,-0.06751705921197447,-0.31624477217697555,-0.11013647369579573,-0.1064142637023993,-0.253530706581554,0.0960774818401937,-0.180132071318512,0.07780541492405899,-0.2268677085626238,-0.18794188861985472,0.0850429231785164,0.08504512436715826,-0.14481620074840415,0.034574069997798815,-0.28819062293638564,-0.04967642526964561,-0.06505172793308386,-0.03116222760290557,-0.20582214395773718,-0.17453885097952895,-0.00017829627999119526,-0.13426150121065375,-0.11709443099273607,-0.08733656174334141,-0.016337222099933966,0.050367598503191724,-0.3969667620515078,-0.2119590578912613,-0.21964120625137573,-0.3374378164208673,-0.2799141536429672,-0.17427690953114683,-0.06557561082984811,0.18598723310587717,0.3144045784723751,-0.0461369139335241,0.07833370019810698,0.26111600264142637,0.3676447281532027,0.03157164869029276,0.3042989214175655,0.17906009244992296,0.23066035659255998,0.01761171032357473,-0.14045124367158265,-0.2393946731234867,-0.2691063174114022,-0.3775610829848118,0.10949372661237068,0.18606207351970064,0.17268765133171912,0.006572749284613691,0.26297600704380364,0.24844596081884218,-0.10232885758309487,-0.20078582434514639,-0.3116618974246093,0.23436935945410522,0.26075720889280213,-0.08127668941228264,-0.20619414483821263,-0.23242350869469514,-0.25826326216156725,-0.31716927140655954,-0.21740699977988115,0.06534668721109399,0.05810257539071098,0.17280431432973806,-0.06573849878934625,-0.1381862205591019,0.001325115562403698,0.24795509575170593,-0.16887739379264802,0.25660136473695794,-0.15642306845696677,5.062733876293198e-05,-0.21774378164208671,-0.38597402597402597,-0.21006383447061414,-0.2873563724411182,-0.2621043363416245
#50,0.30575170592119744,0.40308826766453887,0.16357473035439138,-0.038452564384767775,0.07403257759189963,-0.0018798151001540831,0.252029495927801,0.5780211314109619,1.0,0.3492427911071979,0.4276535329077702,-0.05660356592559982,0.10529165749504732,0.10434294519040281,0.034155844155844155,0.018060752806515517,0.018261060972925378,0.09578692493946732,0.07832269425489764,-0.11123046445080344,-0.006013647369579573,-0.10324675324675325,-0.06820823244552059,-0.14569667620515078,0.22544794188861986,-0.01828087167070218,0.0562755888179617,-0.1149702839533348,0.19256658595641646,0.24549856922738278,-0.22923178516398857,-0.09826766453885098,-0.11523442659035879,0.10705921197446622,-0.10596081884217477,0.09776359233986352,0.07519700638344706,0.16165529385868369,-0.043869689632401496,-0.04410961919436496,0.2038895003301783,0.1607109839313229,-0.04413603345806735,-0.03591239269205371,-0.3800484261501211,-0.16625357693154302,0.06222760290556901,0.11492626018049747,0.044336341624477214,-0.04367378384327537,0.0273959938366718,-0.13969403477878053,0.01616552938586837,-0.1234536649790887,0.02152542372881356,0.035890380805635044,-0.13256218357913274,-0.11224521241470393,-0.07315650451243672,-0.22354391371340523,-0.12043143297380586,-0.061144618093770635,-0.1124983491085186,0.04118864186660797,0.1822077922077922,-0.13104996698217036,-0.033638564825005504,0.15118423948932425,0.15431432973805856,-0.05329958177415804,0.21661016949152542,0.12662777900066036,0.18249614791987673,0.02681267884657715,0.09229143737618314,-0.08492846136913934,0.05270746202949593,-0.0009839313229143738,0.10712304644508035,-0.02828747523662778,0.029161347127448823,-0.09485141976667401,0.2609156944750165,0.056387849438696895,-0.06054589478318292,-0.2653004622496148,-0.20122386088487784,-0.04689412282632622,0.267805414924059,-0.019482720669161346,-0.09839533348007924,-0.204686330618534,-0.3340479859123927,-0.177805414924059,-0.26703059652212197,0.008859784283513097,-0.06237508254457407,-0.001864406779661017,-0.08803874092009685,-0.03651992075720889,0.08045344486022452,-0.11037860444640106,-0.20634602685450143,0.04326436275588818,-0.09743121285494166,-0.007613911512216597,-0.07843275368699097,-0.11434294519040282,-0.12262821923838874,-0.15495267444419986,-0.2658529605987233
#51,0.5851507814219679,0.47747083425049525,0.5278120184899846,0.45741140215716486,0.08514197666740039,0.30213295179396876,0.3320030816640986,0.4133678186220559,0.3492427911071979,1.0,0.6175544794188862,0.013039841514417786,0.29992515958617655,-0.03724191063174114,-0.009198767334360555,0.024789786484701738,0.535130970724191,0.33060532687651334,0.22281311908430554,0.07659035879374862,-0.07235086946951354,0.016381245872771295,0.1392692053709003,-0.03484701738939027,0.36934844816200746,0.24945630640545896,0.041939247193484484,0.02887739379264803,0.2369535549196566,0.3316795069337442,0.007290336781862206,0.13144618093770635,-0.008749724851419767,0.14054369359454105,-0.18201408760730795,0.11693594541052169,0.1100132071318512,0.13515078142196787,-0.16860444640105657,-0.08343825665859564,0.06409641206251376,0.12808716707021792,-0.12849438696896323,-0.08504732555580014,-0.2954017169271407,-0.2656834690732996,-0.18741580453444862,-0.13728153202729473,-0.2412128549416685,-0.1642394893242351,-0.044422187981510014,-0.12402377283733217,-0.14209773277569887,-0.006533127889060093,0.10489544353951133,0.20055249834910852,-0.3250803433854281,-0.07731454985692274,-0.1616354831609069,-0.34001540832049304,-0.13576051067576492,-0.035177195685670265,-0.21715606427470835,-0.13557340964120626,0.35116222760290555,0.009821703720008805,-0.15710103455866167,0.03947831829187761,0.29278670482060315,-0.05255337882456527,0.3860202509355052,0.2376469293418446,-0.06864406779661017,0.060574510235527186,-0.3009817301342725,-0.16729253797050408,-0.17106537530266344,-0.20658595641646488,0.13751705921197446,0.09919656614571869,0.0451948051948052,-0.09777239709443099,0.018375522782302443,0.03469733656174334,0.11592780101254678,-0.19010345586616773,-0.06082104336341625,-0.0019788685890380804,0.07064714946070878,-0.1445674664318732,-0.05166409861325116,-0.004430992736077482,-0.17554919656614573,0.10002201188641867,-0.13072639225181598,0.2758309487123046,0.2523134492626018,0.04132731675104556,-0.07882896764252696,-0.11362315650451243,0.021419766674003964,0.2709487123046445,0.11987453224741361,0.06648910411622276,-0.09375522782302444,-0.06330618534008364,-0.05688311688311688,-0.16258639665419328,-0.10749944970283953,-0.12017609509134933,-0.2297952894563064
#52,0.401666299801893,0.34006163328197225,0.38204490424829407,0.08051948051948052,0.1919788685890381,0.32446621175434737,0.3155227823024433,0.5455491965661458,0.4276535329077702,0.6175544794188862,1.0,0.17887079022672242,0.33851419766674,-0.07151661897424609,-0.06123486682808717,0.016636583755227825,0.2621351529826106,0.26104556460488665,0.01161567246313009,-0.11208012326656394,-0.21407660136473697,0.021107197886858903,0.0612062513757429,0.033356812678846576,0.26785384107418003,0.20059872331058773,-0.2583645168390931,-0.18811798371120406,0.46776799471714725,0.2701540832049307,0.20397094430992735,-0.039269205370900284,0.025388509795289456,0.054642306845696674,-0.041939247193484484,0.24861985472154963,0.023515298261060972,0.2106845696676205,-0.10637904468412943,-0.016434074400176094,0.1234866828087167,0.12386748844375962,-0.08240369799691834,0.043733215936605764,-0.1599141536429672,-0.018388729914153645,-0.16421967862645828,-0.11064054589478318,-0.17082104336341625,-0.11094651111600264,-0.07595201408760731,-0.027393792648029935,-0.21273827867048206,-0.042656834690732996,0.04817081223860885,0.16066475896984372,-0.25884437596302,-0.1962821923838873,-0.1515540391811578,-0.2551463790446841,-0.21661237068016728,-0.11921637684349548,-0.08726612370680167,0.021780761611270086,0.03424389170151882,-0.2169095311468193,-0.00411402157164869,0.12972705260840853,0.20326656394453005,-0.11869249394673123,0.26927360774818404,0.0962755888179617,0.06476337222099934,-0.04040721989874532,-0.19745102355271846,-0.3442196786264583,0.01699537750385208,-0.1825511776359234,0.19586836891921638,0.14911292097732776,0.20553378824565266,0.04758529605987233,0.23665419326436277,0.39556680607528066,0.117508254457407,-0.2082522562183579,-0.13552278230244333,0.2341008144397975,0.2112524763372221,-0.07438036539731455,-0.08550517279330838,-0.0012678846577151661,-0.22008144397974908,0.03324675324675325,-0.11806295399515739,0.24469953775038522,0.17784943869689632,0.001173233546114902,-0.18780981730134272,-0.1368567026194145,0.035108958837772396,0.256139115122166,0.026636583755227823,0.15355491965661458,-0.09851199647809818,0.03222099933964341,-0.27114241690512875,-0.19689192163768435,-0.29548976447281533,-0.1283204930662558,-0.17927360774818402
#53,0.04822584195465551,-0.3261897424609289,-0.06897644728153203,-0.06307285934404579,0.3585692273827867,0.4731256878714506,0.17584855822143958,0.09756988773937926,-0.05660356592559982,0.013039841514417786,0.17887079022672242,1.0,0.5756504512436715,0.3342857142857143,-0.10197666740039621,-0.48573629760070436,0.05515298261060973,-0.04372881355932203,-0.18309487123046445,-0.3673827867048206,-0.26246753246753246,-0.32508254457407,-0.024492626018049746,-0.10427470834250495,-0.20500110059432095,0.03460048426150121,-0.39893462469733654,-0.2516971164428792,0.21348888399735858,0.4176623376623377,0.24636583755227823,0.2213845476557341,0.4337112040501871,0.22650231124807396,0.09148139995597623,0.16446841294298922,0.0936847897864847,0.12521021351529826,0.025907990314769976,0.10468192824125028,-0.056302003081664095,-0.01648910411622276,0.07605987233105878,-0.02295399515738499,-0.21073519700638343,-0.16938146599163548,0.10175874972485142,0.1426502311248074,-0.04575610829848118,-0.1346136913933524,-0.010338983050847458,0.02195245432533568,0.002139555359894343,-0.21501871010345586,-0.39391811578252256,-0.37326656394453006,-0.18082324455205812,-0.40424829407880253,-0.1279220779220779,-0.16517279330838652,0.10896764252696456,0.044437596302003085,0.33004182258419545,-0.05333920316971164,-0.40407660136473694,-0.2656504512436716,0.2624939467312349,-0.011976667400396214,0.00613911512216597,-0.12975346687211095,0.0626040061633282,-0.010748404138234647,0.11762271626678407,0.22159145938806957,0.13343605546995377,-0.20840633942328857,0.04713625357693154,-0.031074180057230904,0.07287915474356152,0.009282412502751487,0.6397754787585296,0.6111534228483381,-0.28394453004622494,0.5089324235086947,0.4663394232885758,0.2036187541272287,0.08840413823464671,0.2944970283953335,0.0851287695355492,0.21046224961479199,0.052619414483821264,0.04368699097512657,-0.26999559762271624,0.061815980629539954,-0.19651551837992515,-0.3027140655954215,-0.20187541272287035,0.27333039841514417,0.005676865507373982,0.1373959938366718,0.19152762491745542,0.1972903367818622,0.28122386088487783,0.4631785163988554,0.3327404798591239,0.38290997138454763,0.16410961919436495,0.08574290116662998,-0.1763284173453665,0.07736517719568567,0.09600264142637024
#54,0.13806515518379925,-0.09868589038080564,0.2564120625137574,0.11010125467752586,0.3703037640325776,0.6009311027955095,0.23528285274047986,0.2428615452344266,0.10529165749504732,0.29992515958617655,0.33851419766674,0.5756504512436715,1.0,0.31271186440677967,-0.09490204710543694,-0.322128549416685,0.24011886418666079,0.10999779881135813,-0.0976535329077702,-0.27831609068897206,-0.13981289896544133,-0.151897424609289,0.019491525423728815,-0.20147919876733436,-0.11548976447281532,-0.062689852520361,-0.21200968523002423,-0.11681047765793529,0.12529605987233106,0.3271208452564385,0.2010807836231565,0.1349306625577812,0.2913383226942549,0.1378230244331939,-0.0662623816861105,0.22530486462689853,0.08237288135593221,0.06955756108298482,-0.182524763372221,-0.0314241690512877,0.009542152762491745,-0.005395113361215056,0.013598943429451903,-0.10884877834030376,-0.23019590578912613,-0.23749944970283954,-0.013105877173673784,0.12309927360774818,-0.14686550737398196,-0.10253356812678846,-0.0013581333920316971,0.02968963240149681,-0.04649130530486463,-0.10935064935064935,-0.2553268765133172,-0.2508782742681048,-0.26802773497688753,-0.31076161127008584,-0.21679066696015847,-0.2498481179837112,0.10049746863306186,0.07368699097512657,0.035016508914814,-0.19740699977988113,-0.11494607087827427,-0.25236847897864845,0.19505392912172573,0.11232665639445301,0.2025445740699978,-0.07501430772617214,0.18869909751265684,0.07580893682588598,0.1381554039181158,0.1986220559101915,0.05100154083204931,-0.02913713405238829,0.13700858463570328,0.1037508254457407,0.062260620735197,0.016504512436715826,0.3312392692053709,0.373152102135153,0.02732775698877394,0.4069645608628659,0.479867928681488,0.15181818181818182,0.17656834690732995,0.19919876733436057,0.10539731454985692,0.03920757208892802,0.11695795729694035,0.11902047105436936,-0.2463746423068457,0.10433634162447722,-0.1577327756988774,-0.20370239929561965,-0.16965221219458507,0.23764913053048647,-0.06714285714285714,0.1254391371340524,0.24657935285053928,0.2363416244772177,0.10458287475236627,0.3504248294078803,0.3059938366718028,0.3573057451023553,0.18367158265463351,0.12220999339643407,0.06381465991635484,-0.05245432533568127,-0.10125467752586396
#58,0.027492846136913933,-0.19400176095091348,-0.07059432093330398,-0.006671802773497689,0.23912832929782082,0.16836231565045123,0.25726172132951797,0.0670856262381686,0.10434294519040281,-0.03724191063174114,-0.07151661897424609,0.3342857142857143,0.31271186440677967,1.0,0.012254017169271407,-0.2943495487563284,0.06519700638344707,-0.00650891481399956,-0.18764472815320274,-0.2774158045344486,-0.18660576711424168,-0.42274488223640766,-0.33392471934844814,-0.3035329077701959,-0.25860444640105656,-0.13744441998679288,-0.08523222540171693,0.02452124147039401,0.028043143297380585,0.34964560862865945,0.010015408320493066,0.1727162667840634,0.45593660576711426,0.2865573409641206,0.014825005502971604,0.11311688311688312,0.12421747743781641,0.10229583975346687,0.1286682808716707,0.22038520801232667,0.1608892802113141,-0.005476557340964121,-0.01574950473255558,-0.10919216376843495,-0.3061567246313009,-0.27408980849658815,0.3021461589258199,0.365280651551838,0.006462689852520361,-0.15929341844596082,-0.05814439797490645,-0.09717367378384327,0.1088399735857363,-0.10382786704820603,-0.4383072859344046,-0.3541074180057231,-0.2057340964120625,-0.42776139115122164,-0.0845146379044684,-0.14214615892581994,0.18011666299801893,0.1594981289896544,0.25605987233105876,0.07976667400396215,-0.14046445080343387,-0.08452124147039401,0.399603786044464,0.1808760730794629,0.23715606427470834,0.33266784063394234,0.21113581333920317,0.19979088707902268,0.023629760070438037,0.15988773937926481,0.14574290116662997,-0.11091349328637465,-0.004186660796830288,0.035540391811578254,0.037367378384327535,0.008906009244992295,0.25952894563064055,0.24207351970063834,-0.05471934844816201,0.2395729694034779,0.3708056350429232,0.25376623376623375,0.04780101254677526,0.013981950253136694,0.0561435174994497,0.1678846577151662,0.19295619634602684,0.11536209553158706,-0.20680387409200968,-0.04393572529165749,-0.2961259079903148,-0.3281730134272507,-0.24518379925159586,0.14598723310587716,0.07296279991195245,0.2038366718027735,0.1834140435835351,-0.04055249834910852,0.2064802993616553,0.312194585075941,0.2911027955095752,0.3514571868809157,0.34409200968523,0.18826986572749285,-0.049988994056790664,0.02611930442438917,-0.15762491745542592
#101,-0.11053929121725732,0.11099053488883998,-0.08854501430772617,0.09084525643847678,-0.06405018710103456,-0.042077922077922075,0.005078142196786264,-0.10082324455205811,0.034155844155844155,-0.009198767334360555,-0.06123486682808717,-0.10197666740039621,-0.09490204710543694,0.012254017169271407,1.0,0.20215276249174555,-0.0287343165309267,-0.16545014307726172,0.5300704380365397,0.34722209993396436,0.5903565925599824,0.057840633942328856,0.41980189302223203,-0.03905348888399736,0.07318732115342284,0.1235329077701959,-0.048045344486022455,-0.27023552718467975,0.11413163108078363,0.038355712084525644,-0.3862337662337662,0.14977767994717148,-0.34585296059872334,0.11366277790006604,0.06126128109178957,0.11799251595861765,0.20173673783843277,0.2699933964340744,0.07603565925599824,0.14714505833149902,0.2812062513757429,0.2310345586616773,0.27535549196566145,0.13373541712524764,-0.0989126128109179,-0.006808276469293419,-0.2537838432753687,-0.23599383667180276,-0.30066475896984374,-0.30314329738058554,-0.4167224301122606,-0.397706361435175,-0.3466453885097953,-0.4459013867488444,0.1894783182918776,-0.21761611270085846,0.17552938586836891,0.09846136913933524,0.05156504512436716,-0.14281311908430552,-0.22377283733215936,-0.23463570327977107,0.30888399735857364,0.22722870349988994,-0.011871010345586616,-0.09552058111380145,0.08224741360334581,0.2054655513977548,0.4263064054589478,0.2912348668280872,0.09528285274047986,0.03357913273167511,-0.09892141756548536,-0.26674664318732116,0.12559542152762493,-0.14314549856922737,-0.16428131190843057,-0.29061633281972266,0.4570107858243451,0.22690953114681928,-0.14021351529826107,0.04443539511336121,-0.05421967862645829,-0.18487563284173453,0.04027294739159146,-0.3041514417785604,-0.3358199427690953,-0.115214615892582,0.13034118423948932,-0.06809817301342726,-0.03684569667620515,-0.2777657935285054,0.024552058111380146,-0.3477239709443099,-0.024065595421527624,-0.2576667400396214,0.0538564825005503,-0.41497248514197665,-0.3289060092449923,-0.3980915694475016,-0.49546114902047106,-0.4258397534668721,-0.12847237508254458,-0.26587497248514197,-0.270759410081444,-0.36660796830288356,-0.3889346246973366,-0.2935681267884658,-0.07635042923178516,-0.165775918996258,-0.10204930662557782
#102,0.05521021351529826,0.2968897204490425,0.03761831388950033,0.14795949812898965,-0.1985956416464891,-0.23755227823024433,0.01451023552718468,0.10303764032577592,0.018060752806515517,0.024789786484701738,0.016636583755227825,-0.48573629760070436,-0.322128549416685,-0.2943495487563284,0.20215276249174555,1.0,-0.10467312348668281,0.05203609949372661,0.3274290116662998,0.6537486242570988,0.1568082764692934,0.5536429672022892,0.006401056570548096,0.3386704820603126,0.029126128109178955,0.16418225841954656,0.04817521461589258,-0.027107638124587278,0.07412722870349989,-0.12639005062733877,-0.1299537750385208,-0.09892141756548536,-0.286352630420427,-0.15013647369579572,-0.2111732335461149,0.10681488003521902,-0.10174114021571648,0.2505062733876293,-0.1471648690292758,0.0982786704820603,0.1671648690292758,0.27730794629099714,-0.09068236847897865,0.45903367818622054,-0.04957296940347788,0.2636363636363636,-0.18574290116662998,-0.20529605987233107,-0.21212414703940127,-0.14095311468192825,-0.17217697556680608,-0.14922518159806294,-0.2992207792207792,-0.18916795069337441,0.20860004402377283,0.25896103896103895,-0.18714725952014089,0.23222540171692715,-0.0900132071318512,-0.12997798811358133,-0.16996918335901387,-0.06558001320713185,0.04695135373101475,0.30437156064274706,0.2185890380805635,0.04676645388509795,-0.1603103675985032,0.35290997138454766,0.27857362976007044,0.38021571648690294,0.010834250495267445,0.027321153422848337,0.26068897204490427,-0.1997490644948272,0.017215496368038742,0.08841954655513977,-0.10162227602905569,-0.2424323134492626,-0.004389170151882016,0.29729473915914595,-0.32952014087607306,-0.21390490865067135,0.257904468412943,-0.17529385868368919,-0.23018269865727492,-0.2619238388729914,-0.34673343605546997,-0.19195465551397756,0.20680167290336782,-0.20894342945190403,-0.14778780541492406,-0.26299801893022234,-0.0017543473475676865,-0.30050407219898745,-0.019282412502751485,-0.004615892581994277,0.09066916134712745,-0.22478318291877614,-0.10047765793528506,-0.24646929341844595,-0.27464450803433854,-0.24029936165529386,-0.22256218357913274,-0.35567906669601584,-0.34624036979969186,-0.2972793308386529,-0.35861325115562404,-0.23171252476337223,-0.010805635042923178,-0.2318996257979309,-0.10204710543693594
#201,0.501386748844376,0.12113581333920317,0.6128615452344266,0.49568567026194144,-0.043973145498569226,0.205049526744442,-0.03568567026194145,0.30049086506713624,0.018261060972925378,0.535130970724191,0.2621351529826106,0.05515298261060973,0.24011886418666079,0.06519700638344707,-0.0287343165309267,-0.10467312348668281,1.0,0.375379705040722,0.2985626238168611,0.02090248734316531,-0.017869249394673124,-0.09248294078802553,0.15299361655293858,0.011624477217697557,0.4767554479418886,0.32823684789786484,0.2024389170151882,0.26491965661457184,0.3422804314329738,0.27358353510895883,-0.05876953554919657,-0.006031256878714506,0.12729914153642968,0.10189082104336342,-0.09227162667840634,-0.0001364736957957297,-0.032632621615672465,-0.19058331499009465,-0.20196786264582875,-0.16208452564384768,0.05524103015628439,0.028012326656394453,-0.28291877613911515,-0.3334602685450143,-0.40894783182918776,-0.3728945630640546,0.05429892141756548,0.12060532687651332,-0.052865947611710325,-0.11244992295839754,0.07630640545894783,-0.08773057451023553,0.1411996478098173,0.1543099273607748,0.017545674664318733,0.18565925599823904,-0.3527690953114682,-0.1382544574069998,-0.09439137134052389,-0.2542593000220119,-0.1356174334140436,-0.15380585516178735,-0.31450583314990094,-0.21491745542593,0.3840545894783183,0.25045124367158267,-0.2631587057010786,-0.08706801672903368,0.3879506933744222,0.12037860444640106,0.533218137794409,0.3455668060752807,-0.132788906009245,0.22415144177856042,-0.2609773277569888,-0.04509134932863747,-0.3369161347127449,-0.2714329738058552,0.019071098393132292,0.0400924499229584,0.1428329297820823,-0.15029936165529387,-0.08528505392912172,0.057726172132951795,-0.018842174774378165,-0.22616552938586837,-0.12967422408100374,0.0212062513757429,-0.09488663878494387,-0.09533788245652652,-0.1620360994937266,-0.1250891481399956,-0.0735659255998239,-0.006682808716707022,-0.18537750385208013,0.3613119084305525,0.2745410521681708,0.32586616773057453,0.16352410301562845,0.13591459388069557,0.14254897644728154,0.5095729694034778,-0.02223860884877834,0.2887871450583315,0.14567906669601585,0.15849438696896323,0.16509134932863748,-0.1590116662998019,-0.011688311688311689,-0.1737178076161127,-0.3111138014527845
