,#10,#11,#12,#13,#17,#18,#26,#49,#50,#51,#52,#53,#54,#58,#101,#102,#201,#202,#301,#302,#401,#402,#501,#502,#601,#602,#701,#702,#801,#802,#901,#902,#1001,#1002,#1101,#1102,#1201,#1202,#1301,#1302,#1401,#1402,#1501,#1502,#1601,#1602,#1701,#1702,#1801,#1802,#1901,#1902,#2001,#2002,#2101,#2102,#2201,#2202,#2301,#2302,#2401,#2402,#2501,#2502,#2601,#2602,#2701,#2702,#2801,#2802,#2901,#2902,#3001,#3002,#3101,#3102,#3201,#3202,#3301,#3302,#3401,#3402,#3455,#3501,#3502,#3601,#3602,#3701,#3702,#3801,#3802,#3901,#3902,#4001,#4002,#4101,#4102,#4201,#4202,#4301,#4302,#4401,#4402,#4501,#4502,#4601,#4602,#4701,#4702,#4801,#4802
#10,1.0,0.31151441778560424,0.3212987012987013,0.31134932863746423,0.15699097512656834,0.18429231785163988,0.46639225181598065,0.565610829848118,-0.0037023992956196346,0.4300528285274048,0.46567906669601583,0.0987343165309267,0.014717147259520141,0.2087673343605547,-0.3562029495927801,-0.21260620735197006,0.23668941228263263,0.18863746423068456,-0.22724191063174115,-0.13504512436715826,-0.3110675764913053,-0.15537750385208013,0.13196346026854502,0.08935064935064935,0.1451221659696236,0.16103675985031918,0.060242130750605326,0.3040523882896764,-0.015045124367158266,0.09285714285714286,-0.07908870790226723,0.06949372661237067,-0.08599163548316091,0.05193924719348448,-0.16856702619414485,-0.003046445080343385,-0.17538630860664758,0.026053268765133173,-0.13291657495047327,0.10395333480079243,-0.10597182478538411,-0.23930662557781202,-0.004065595421527625,-0.005960818842174774,0.09484261501210654,-0.11490644948272066,0.04590138674884438,0.05445300462249615,0.1372837332159366,0.08284613691393353,0.14429892141756548,0.030702179176755447,-0.07676865507373982,-0.0032885758309487124,-0.38984371560642744,-0.01071978868589038,-0.12187981510015408,-0.16229583975346687,-0.10189302223200529,-0.03815100154083205,0.10683248954435395,0.03519700638344706,0.009333039841514418,-0.044541052168170815,0.02917455425930002,0.1285031917235307,-0.016836891921637686,-0.06196786264582875,-0.032214395773717805,0.036414263702399294,0.13965661457186881,0.20389830508474577,-0.02664979088707902,0.059002861545234424,-0.04308166409861325,-0.05412502751485802,0.030468853180717587,0.08476777459828307,0.060391811578252255,0.12345586616773058,-0.014734756768655074,0.00987673343605547,-0.033053048646268984,0.04080563504292318,0.007860444640105657,-0.0649768875192604,0.1025115562403698,0.041554039181157826,0.006555139775478758,0.2283447061413163,-0.1065793528505393,0.10960378604446401,0.04454325335681268,0.0015122165969623596,0.043559322033898305,0.19852740479859124,0.3043297380585516,0.23746423068456968,0.2582390490865067,0.09087827426810478,0.21922077922077923,0.26111600264142637,0.07755007704160247,0.31449922958397536,0.22808936825885978,0.11414263702399295,0.05838212634822804,0.05582654633502091,0.08723090468853181,-0.15634602685450144,-0.08666740039621396
#11,0.31151441778560424,1.0,0.07430552498349109,0.004446401056570548,0.1390578912612811,-0.005586616773057451,0.3345410521681708,0.42954215276249175,0.14942769095311467,0.3529143737618314,0.23062953995157384,0.0879308826766454,0.053761831388950035,0.15757869249394674,-0.037574290116662995,0.09810697776799472,0.1492031697116443,0.051837992515958616,-0.10276469293418446,-0.07515738498789347,-0.07047105436935945,-0.22237068016729034,-0.2112788906009245,-0.15385208012326657,-0.02429451904028175,-0.008516398855381906,-0.19957076821483602,0.0014571868809156944,0.100066035659256,0.0042989214175654855,-0.004604886638784944,0.09389170151882016,-0.02775478758529606,0.09968963240149681,-0.16586176535329078,0.09202069117323354,0.010574510235527185,0.00313449262601805,-0.13465111160026413,-0.03156064274708342,-0.2782962799911953,-0.09340964120625138,-0.2900308166409861,-0.14519920757208893,0.0162689852520361,0.005533788245652652,-0.054578472375082544,0.0735527184679727,-0.017723970944309927,-0.12346467092229804,-0.1339885538190623,-0.1047391591459388,-0.2598151001540832,-0.20172573189522341,-0.24425489764472816,-0.25430992736077485,0.02327756988773938,-0.14443979749064495,-0.2746268985252036,-0.38241030156284395,-0.11002421307506054,-0.16121505613031037,0.14223860884877834,0.012372881355932203,0.1462029495927801,0.10012546775258639,0.21523002421307505,0.25845476557340963,0.11822143957737179,0.06261501210653753,0.3017719568567026,0.32364296720228924,0.27142196786264583,0.0005524983491085186,0.2185097952894563,-0.001785163988553819,0.20093110279550958,0.0024301122606207354,0.06514637904468414,0.060534888839973586,0.13615232225401716,0.04409421087387189,-0.17315210213515297,0.050281752146158924,0.22575610829848117,-0.15042482940788027,-0.06008364516839093,0.015698877393792648,-0.2581752146158926,-0.12988333700198107,-0.2350231124807396,0.05728593440457847,-0.1633414043583535,-0.006392251815980629,-0.024754567466431874,-0.14376623376623376,-0.07047325555800132,0.05591459388069558,0.06972705260840854,-0.0711798371120405,0.04598723310587717,-0.033339203169711645,0.13032577591899625,-0.015034118423948932,-0.08587717367378385,-0.06548976447281532,-0.010055029716046665,-0.22750385208012328,-0.033242350869469514,-0.16256218357913274,-0.18532247413603345
#12,0.3212987012987013,0.07430552498349109,1.0,0.40825665859564164,0.26218798151001543,0.5326656394453004,0.16332379484921858,0.06696235967422408,-0.2315298261060973,0.30381686110499667,0.39739379264802993,-0.18988994056790667,0.009233986352630421,-0.035465551397754785,-0.399405679066696,-0.22472154963680388,0.48199427690953117,0.6907814219678626,-0.5933546114902047,-0.47174334140435836,-0.3878648470173894,-0.44293638564825005,0.05169271406559542,0.120033017829628,0.08904028175214616,-0.03932863746423068,0.04457186880915694,0.20486022452124147,0.19983931322914375,-0.1410147479639005,0.2296566145718688,-0.11355712084525643,0.2964736957957297,0.10843055249834911,-0.26730134272507156,-0.5305591019150341,-0.2761479198767334,-0.11315210213515298,0.2500946511116003,0.2874576271186441,-0.4231322914373762,-0.41544133832269425,0.014151441778560423,-0.4960752806515518,0.11859344045784724,0.22889720449042483,-0.2230640545894783,-0.1684063394232886,0.14068236847897864,0.3931675104556461,0.17159145938806955,0.4812965001100594,0.3357605106757649,0.37307506053268763,-0.06615892581994277,-0.020631741140215716,0.04736517719568567,-0.26209773277569887,0.36643847677745983,0.28934624697336564,0.09231565045124367,0.027765793528505393,-0.5244177856042262,-0.20441338322694255,0.5244684129429892,0.18612590799031478,-0.39589038080563504,-0.20140876073079464,-0.40020030816640983,-0.27664979088707903,0.3212524763372221,0.3882610609729254,-0.20615892581994277,0.10504292317851639,-0.516748844375963,0.10114461809377064,0.06917895663658376,0.47457186880915697,0.24114461809377064,0.3014924058991856,-0.22932863746423068,-0.008113581333920317,-0.08823024433193925,-0.08229143737618314,-0.1386220559101915,0.07784283513097072,0.12429451904028176,0.15857803213735416,-0.24457406999779882,-0.18280871670702178,-0.12945630640545894,0.11457847237508255,0.24918335901386748,0.1994651111600264,-0.034862425709883335,0.5152190182698657,0.10667620515078143,0.6319502531366938,0.28764472815320274,0.22197006383447063,0.4836055469953775,0.6913823464670922,0.21478098173013427,0.45522342064714943,0.3382544574069998,0.10079022672243011,0.17192604006163328,0.12702399295619635,0.18594100814439798,0.11498789346246974,-0.026900726392251818
#13,0.31134932863746423,0.004446401056570548,0.40825665859564164,1.0,0.22590358793748624,0.18552718467972706,0.17731454985692274,0.10745322474136033,-0.10464010565705481,0.48533788245652654,0.356007043803654,0.04705921197446621,-0.14461589258199428,0.11675764913053048,-0.12802773497688752,-0.1460510675764913,0.3035461149020471,0.2863878494386969,-0.11219678626458288,-0.23169711644287916,-0.2734624697336562,-0.24452564384767775,0.2768368919216377,0.15861985472154963,0.18569007263922518,0.2205524983491085,0.056451683909311025,0.18011666299801893,-0.07772176975566807,-0.074884437596302,-0.07553598943429451,-0.17681928241250275,0.30381245872771295,-0.029042482940788025,-0.21004402377283732,0.049183359013867486,-0.05716486902927581,-0.1932819722650231,0.021981069777679947,0.16702839533348007,-0.13207351970063835,-0.30918776139115123,-0.05276469293418446,-0.2207440017609509,-0.08954435395113361,-0.1268104776579353,0.06554919656614572,0.12658155403918117,0.11803213735417126,0.03364736957957297,0.07753026634382566,0.12209553158705701,0.0212987012987013,0.061362535769315434,-0.10294959278010125,-0.009478318291877614,-0.22399735857362976,-0.2881267884657715,0.05383447061413163,-0.02223860884877834,0.003414043583535109,-0.004499229583975347,0.014261501210653752,-0.02073959938366718,0.08640325775918996,0.03879594981289897,-0.12519920757208894,-0.3414285714285714,0.03549636803874092,0.08368258859784283,0.13403697996918335,0.1209355051727933,-0.09580893682588598,0.07312568787145059,-0.2916288795949813,-0.05826986572749285,-0.11220118864186661,-0.03930442438917015,0.10954215276249174,0.16937706361435176,-0.20984371560642748,0.053636363636363635,0.06430772617213296,-0.0008342504952674444,-0.05783182918776139,0.11759630200308166,0.04304644508034339,-0.13671582654633502,0.046442879154743565,-0.13447941888619855,-0.018879594981289896,-0.10621175434734757,-0.04722650231124807,0.13245432533568127,0.01921417565485362,0.22109619194364957,0.13595421527624918,0.30594320933303987,0.217442218798151,0.15612590799031478,0.24477657935285055,0.298895003301783,0.20762931983270966,0.39538850979528944,0.44782302443319394,0.29627999119524545,0.20038520801232665,-0.0426106097292538,0.12387849438696896,0.09856482500550297,-0.01772837332159366
#17,0.15699097512656834,0.1390578912612811,0.26218798151001543,0.22590358793748624,1.0,0.30957517059211975,0.012276029055690073,0.3610323574730354,0.07038080563504293,0.14693594541052168,0.09620074840413824,0.20270526084085405,0.2426436275588818,0.22796169931763152,-0.22066035659255998,-0.1925049526744442,0.3168633061853401,0.23689192163768436,-0.12372441118203831,-0.13975346687211093,-0.21138674884437597,-0.15306185340083645,0.06381245872771296,-0.1415034118423949,-0.05418005723090469,0.07869689632401497,-0.29788685890380806,-0.19598062953995157,0.09936165529385868,0.08788685890380805,0.16604886638784944,-0.1163020030816641,0.13397094430992737,0.07269425489764472,0.03496808276469293,-0.020081443979749064,-0.06702619414483821,-0.3590116662998019,0.18279110719788685,-0.10340744001760951,0.09480519480519481,-0.04450583314990095,0.14547215496368038,-0.2845894783182919,-0.11675104556460489,-0.3671714725952014,0.15755888179616992,0.11328637464230684,0.062069117323354614,-0.10216817081223861,-0.12415144177856043,-0.046896324014968085,-0.19781421967862645,-0.12908210433634162,-0.21100374202069117,-0.16539071098393132,-0.32965221219458507,-0.2246357032797711,0.06648470173893903,-0.14710763812458727,0.1316090688972045,0.12541492405899185,0.1469425489764473,0.22002421307506054,0.03887519260400616,-0.2340611930442439,-0.029308826766453886,-0.08560422628219239,0.18738498789346247,0.056990975126568345,0.24921417565485363,0.3598481179837112,0.31912612810917895,0.34351749944970283,0.11648690292758089,0.07658815760510676,0.0537442218798151,0.05685890380805635,0.2415628439357253,0.1954655513977548,-0.04904248294078802,0.337030596522122,0.08179396874312128,0.22236407660136473,0.36961479198767333,0.07945630640545895,0.24986352630420428,-0.008895003301782963,-0.11327977107638125,0.041314109619194364,0.08337442218798151,0.1704820603125688,-0.19795949812898966,0.09169931763152102,-0.062040501871010345,0.053693594541052166,0.03328417345366498,0.38431432973805857,-0.049068897204490425,0.13581994276909531,0.07097952894563064,0.16897864847017388,0.04617213295179397,0.47646929341844596,0.33703279771076383,0.170792427911072,0.14641206251375743,0.0014615892581994277,0.003625357693154303,-0.07310807836231566,0.002610609729253797
#18,0.18429231785163988,-0.005586616773057451,0.5326656394453004,0.18552718467972706,0.30957517059211975,1.0,0.08763812458727713,0.056674003962139556,-0.018571428571428572,0.044644508034338545,0.1450297160466652,0.03199647809817301,0.33593660576711426,0.007928681488003521,-0.3252564384767775,-0.4992163768434955,0.1977988113581334,0.5282610609729254,-0.4172573189522342,-0.4610587717367378,-0.30864186660796833,-0.3578582434514638,0.09622055910191503,0.061677305745102357,0.05974025974025974,-0.09838212634822804,0.03560202509355052,0.0799207572088928,0.1994651111600264,0.17294959278010125,0.5261104996698217,0.0312524763372221,0.485989434294519,0.3349108518600044,0.022687651331719128,-0.2328615452344266,-0.10813779440898084,-0.012987012987012988,0.4838850979528946,0.45642526964560864,-0.10802333259960378,-0.2505723090468853,0.10745762711864407,-0.27089368258859786,0.18999779881135814,0.1983843275368699,0.004012766894122826,-0.038509795289456306,0.16865727492846136,0.24663658375522782,-0.023229143737618314,0.3458617653532908,0.2191635483160907,0.3108144397974906,-0.18620735197006383,0.1727955095751706,-0.20040942108738719,-0.1785031917235307,0.30786044464010565,0.08261281091789566,-0.21305965221219458,-0.11392692053709003,-0.12427030596522122,-0.04007704160246533,0.17177195685670263,0.10716266784063394,-0.22421747743781642,-0.03472154963680387,-0.3128351309707242,-0.09953334800792428,0.03957517059211974,0.19946290997138455,-0.11000220118864186,0.17152542372881355,-0.204884437596302,0.15950693374422187,0.05788245652652432,0.26106977767994716,0.0866321813779441,0.24739819502531368,0.023629760070438037,0.2416751045564605,0.19121505613031037,0.15677966101694915,0.010231124807395993,-0.13456306405458948,-0.033667180277349766,0.0948250055029716,-0.07675544794188861,-0.19541932643627558,0.2797512656834691,0.20410301562843935,0.11387409200968523,-0.01023992956196346,-0.27712304644508035,0.19833149900946512,0.05274268104776579,0.4341074180057231,0.2811160026414264,0.32995597622716266,0.5322320052828527,0.4501430772617213,0.34181598062953994,0.36397314549856924,0.2305414924058992,0.22461589258199427,0.2949636803874092,-0.20626458287475236,0.05566145718688092,-0.15073959938366718,-0.1868038740920097
#26,0.46639225181598065,0.3345410521681708,0.16332379484921858,0.17731454985692274,0.012276029055690073,0.08763812458727713,1.0,0.3303565925599824,0.05097952894563064,0.5920030816640987,0.41602465331278893,0.19582214395773717,0.11049746863306185,0.26112480739599386,-0.12870570107858242,-0.12525863966541934,0.10337882456526525,0.024151441778560424,0.031776359233986355,-0.3007329958177416,-0.1546423068456967,-0.252590799031477,-0.08617213295179398,-0.16248734316530927,0.10020911292097733,-0.08168390931102795,-0.060666960158485585,-0.01534008364516839,0.08234866828087167,0.12830068236847897,-0.1947721769755668,0.07466431873211535,-0.1870658155403918,0.05726832489544354,-0.14367598503191722,-0.05007704160246533,0.1110345586616773,0.08965661457186881,-0.03664098613251156,0.17490644948272066,-0.08857583094871231,-0.11844816200748404,0.01607968302883557,-0.00886418666079683,-0.046189742460928905,-0.2393594541052168,-0.05338762931983271,0.02436055469953775,0.1261237068016729,-0.06661016949152543,0.11404578472375082,-0.08467972705260841,-0.1032423508694695,-0.17819062293638566,-0.16152102135152982,-0.08860444640105657,0.02210213515298261,-0.2660950913493286,-0.14926040061633283,-0.21095751705921198,0.09535549196566145,0.05940567906669601,0.16183138895003302,-0.055767114241690514,0.042359674224081004,0.12763812458727714,0.1760180497468633,0.17506493506493506,0.05166409861325116,-0.1591833590138675,0.29390710983931323,0.28531807175874974,0.0989852520360995,-0.026156724631300903,0.09934624697336562,0.15651111600264142,0.21779661016949153,0.11237068016729033,-0.037079022672243014,0.07738058551617874,0.03480959718247854,0.08713625357693154,0.051994276909531144,0.2055513977547876,0.21676205150781422,0.03141096191943649,0.051120405018710104,-0.07557120845256439,0.11079242791107198,-0.03729473915914594,-0.058703499889940565,0.020466651992075723,-0.18913933524103016,-0.021987673343605546,-0.02894783182918776,-0.0763812458727713,0.0648448162007484,0.12307285934404578,0.05444419986792868,0.10928241250275149,0.09922518159806296,-0.07427690953114682,-0.06481620074840413,0.0652014087607308,0.08826766453885097,-0.041893022232005285,0.008029936165529385,-0.1296896324014968,0.1684305524983491,-0.06672683248954435,-0.045575610829848116
#49,0.565610829848118,0.42954215276249175,0.06696235967422408,0.10745322474136033,0.3610323574730354,0.056674003962139556,0.3303565925599824,1.0,0.3881818181818182,0.32968523002421307,0.3551793968743121,0.31032577591899624,0.2972022892361875,0.2612282632621616,-0.1923464670922298,-0.1436451683909311,0.08297820823244552,0.09056130310367598,-0.03164648910411622,-0.05686110499669822,-0.10349328637464231,-0.11664098613251156,-0.08120845256438476,-0.12225841954655514,-0.08718247853841074,0.12096632181377943,-0.1357164869029276,0.03673563724411182,0.22161787365177196,0.17650891481399955,-0.06800352190182699,0.031087387189082105,-0.21267444419986792,-0.1060378604446401,-0.09830948712304645,0.06723970944309927,0.04429892141756549,-0.15384767774598282,0.019513537310147478,-0.15697556680607527,-0.02903367818622056,-0.08041822584195465,-0.17108518600044023,-0.11430552498349109,-0.07454105216817081,-0.22442659035879375,0.06917015188201629,0.09610169491525423,-0.021637684349548755,-0.09825665859564164,-0.10521461589258199,-0.20746423068456968,-0.26018269865727495,-0.23849878934624696,-0.1543913713405239,-0.13243671582654634,-0.2416222760290557,-0.24676865507373982,-0.2692471934844816,-0.3437750385208012,0.029632401496808278,0.09448162007484041,0.24118864186660796,0.23749724851419768,0.16357473035439138,0.08792207792207792,0.2449042482940788,0.24834690732995818,0.2143715606427471,0.23875852960598723,0.41537530266343825,0.5172331058771736,0.08802993616552938,0.039951573849878935,0.09582434514637904,0.002031697116442879,0.18985692273827867,0.03043583535108959,0.11900726392251816,0.09524983491085186,0.12148800352190182,-0.07967862645828748,-0.07732115342284834,0.2537508254457407,0.23877834030376402,-0.019313229143737617,0.02990975126568347,-0.1339489324235087,0.05006383447061413,0.19830728593440458,-0.19357473035439138,0.0009575170592119745,-0.2587277129650011,-0.12515078142196787,0.012053709002861545,-0.0032929782082324454,0.16389830508474576,0.03257979308826767,0.011283292978208232,-0.05414483821263482,-0.12184679727052608,-0.008263262161567246,-0.13036099493726613,0.06317631521021351,0.04657274928461369,-0.20689192163768436,-0.10806515518379925,-0.033167510455646046,0.04158485582214396,-0.1898811358133392,-0.1724058991855602
#50,-0.0037023992956196346,0.14942769095311467,-0.2315298261060973,-0.10464010565705481,0.07038080563504293,-0.018571428571428572,0.05097952894563064,0.3881818181818182,1.0,0.18929341844596081,-0.03244772176975567,0.28886198547215497,0.2457032797710764,0.1109883337001981,0.07430772617213295,-0.17961699317631521,-0.26150561303103675,-0.13087387189082103,0.08675544794188862,0.04723530706581554,0.25053709002861546,-0.07308826766453885,0.0913845476557341,-0.007706361435174994,-0.22702399295619635,0.189636803874092,0.11499449702839533,-0.04735417125247634,0.03002421307506053,0.012192383887299141,0.019755668060752806,-0.12222540171692714,-0.05008144397974906,-0.15296500110059433,-0.03172793308386529,0.16140215716486903,0.1474620294959278,-0.30143737618313887,-0.15372881355932203,-0.2344155844155844,0.14467752586396654,0.26277569887739377,0.04056570548095972,0.07180497468633062,-0.20043363416244772,-0.03581774158045344,0.14234866828087167,0.18981730134272506,-0.03955095751705921,-0.12159145938806956,-0.04621835791327317,-0.004708342504952674,-0.026795069337442218,-0.23056130310367598,0.029291217257318952,-0.3898921417565485,-0.20154083204930662,-0.140231124807396,-0.4013119084305525,-0.2698415144177856,-0.08292978208232446,-0.0033370019810697775,0.2214109619194365,0.1749306625577812,-0.04526744441998679,0.14878934624697338,0.33802773497688754,0.23334140435835352,0.17314769975786926,0.1642328857583095,0.2113581333920317,0.14852520360994936,0.17749064494827207,-0.055910191503411845,0.013922518159806295,-0.08881135813339203,-0.02110279550957517,-0.10660136473695796,-0.07939687431212855,-0.03098613251155624,0.19387409200968522,0.11208452564384767,-0.11069777679947171,0.29466431873211535,0.17836011446180938,0.03983050847457627,-0.05415584415584416,-0.10457406999779881,0.14710763812458727,0.044397974906449485,-0.0860576711424169,-0.024959278010125468,-0.2358001320713185,-0.27561963460268546,-0.13495267444419987,-0.3159322033898305,0.05815760510675765,-0.06673563724411181,-0.14361875412722871,0.19291217257318952,-0.23827646929341845,-0.1583909311027955,-0.059011666299801896,-0.11244331939247193,0.005395113361215056,0.020794629099713847,-0.021386748844375962,-0.18441338322694256,-0.08425930002201189,-0.10664318732115342,-0.24512656834690733
#51,0.4300528285274048,0.3529143737618314,0.30381686110499667,0.48533788245652654,0.14693594541052168,0.044644508034338545,0.5920030816640987,0.32968523002421307,0.18929341844596081,1.0,0.45630640545894785,0.14260180497468633,0.08304864626898525,0.2264538850979529,-0.022443319392471933,-0.1737508254457407,0.21611710323574732,0.15534228483381027,0.016678406339423288,-0.22354391371340523,-0.11973585736297601,-0.3094541052168171,0.0300198106977768,-0.03083204930662558,-0.0652410301562844,0.07318291877613911,-0.005663658375522782,0.14624036979969182,-0.0534998899405679,0.032989214175654855,-0.1332753686990975,-0.24425489764472816,-0.011221659696235967,-0.05492626018049747,-0.17086066475896985,0.01284833810257539,0.0037046004842615013,-0.19153863086066475,-0.13052388289676425,0.007059211974466212,-0.31395993836671804,-0.1449702839533348,-0.08742901166629981,-0.17509134932863746,-0.28067796610169493,-0.12713845476557342,-0.019522342064714947,0.0785163988553819,0.23114902047105437,0.015214615892581993,0.0701188641866608,0.055025313669381466,-0.07879594981289896,-0.16112260620735197,-0.18591019150341184,-0.3183909311027955,-0.10522342064714946,-0.3479639005062734,-0.09891481399955976,-0.2267708562623817,0.12485362095531587,0.09680827646929342,0.08380145278450363,-0.026368038740920096,0.21756548536209552,0.26731234866828085,0.17221659696235966,0.1150297160466652,0.08578472375082545,-0.10660136473695796,0.38544353951133614,0.30822364076601366,0.0713185119964781,0.08502091129209774,-0.10745762711864407,0.08917015188201628,0.015679066696015848,-0.02045344486022452,0.04873211534228483,0.2131917235307066,-0.06059652212194585,0.07928021131410962,-0.12685230024213076,0.11514637904468412,0.15890380805635043,0.1405084745762712,0.051360334580673565,-0.03591239269205371,0.09003081664098614,-0.03412282632621616,-0.050275148580233325,-0.03271626678406339,-0.1918842174774378,-0.0020581113801452786,-0.0314307726172133,-0.029465111160026414,0.15840633942328858,0.1126634382566586,0.06068016729033678,0.1878648470173894,0.0055624036979969186,0.044169051287695354,-0.018089368258859786,0.1266894122826326,0.13152102135152982,0.037596302003081665,0.10415584415584415,-0.06507814219678626,0.15403257759189962,-0.03060312568787145,-0.1707858243451464
#52,0.46567906669601583,0.23062953995157384,0.39739379264802993,0.356007043803654,0.09620074840413824,0.1450297160466652,0.41602465331278893,0.3551793968743121,-0.03244772176975567,0.45630640545894785,1.0,0.002632621615672463,0.0020911292097732775,0.1268699097512657,-0.05626458287475237,-0.10841074180057231,0.2695597622716267,0.38159145938806954,-0.06540611930442439,-0.250858463570328,-0.267475236627779,-0.32738718908210435,0.059018269865727495,0.0150297160466652,0.15305965221219459,0.04699317631521022,0.005703279771076381,0.09887739379264802,0.15657715166189742,0.03640325775918996,-0.20865287255117765,-0.1361699317631521,-0.1520823244552058,0.14940788025533788,-0.281864406779661,-0.311996478098173,-0.05265463350209113,-0.03114241690512877,0.09646489104116222,0.23590799031476997,-0.1507836231565045,-0.3318445960818842,-0.01195905789126128,-0.20592339863526304,0.0701056570548096,-0.10699097512656834,-0.08382566585956416,0.0188663878494387,0.10533568126788466,0.028349108518600043,0.045674664318732114,0.02991635483160907,-0.05731675104556461,0.019209773277569887,-0.15916574950473256,-0.04444640105657055,-0.13891041162227602,-0.4237310147479639,0.013772837332159366,-0.01389390270746203,0.057151661897424606,0.17190182698657275,-0.052786704820603124,-0.09614571868809157,0.32595641646489104,0.18295179396874311,0.019392471934844818,-0.02436715826546335,0.09459388069557562,-0.18458507594100815,0.32160466651992076,0.3291239269205371,-0.14116883116883117,-0.2713559322033898,-0.2559476117103236,0.012612810917895664,0.005685670261941448,0.17593000220118865,0.06142196786264583,0.2529605987233106,-0.09694695135373102,-0.027380585516178738,-0.01987673343605547,0.0689390270746203,-0.16940788025533787,0.005370900286154523,0.06042262821923839,-0.14612590799031477,0.027596302003081663,0.0703169711644288,-0.2878516398855382,0.09478758529605988,-0.16622716266784063,0.14593660576711423,0.12312788906009245,0.2739533348007924,0.30459828307285935,0.20722209993396434,0.3107373981950253,-0.09994497028395334,0.18769315430332378,0.268234646709223,0.04908210433634162,0.29949372661237067,0.2268302883557121,-0.03921197446621175,0.011974466211754348,0.10841294298921418,0.2144023772837332,-0.01847457627118644,-0.060913493286374645
#53,0.0987343165309267,0.0879308826766454,-0.18988994056790667,0.04705921197446621,0.20270526084085405,0.03199647809817301,0.19582214395773717,0.31032577591899624,0.28886198547215497,0.14260180497468633,0.002632621615672463,1.0,0.43940567906669603,0.4144574069997799,-0.11537310147479639,-0.2989984591679507,0.03206251375742901,-0.20268545014307726,0.09303103675985032,-0.01276469293418446,0.08050847457627118,-0.08505833149900946,0.08848338102575391,-0.18746423068456966,-0.13291657495047327,-0.011168831168831168,-0.07988113581333921,-0.18451904028175214,-0.07612150561303103,0.13509134932863748,-0.04429231785163989,-0.1500396213955536,0.032293638564825006,-0.04672243011226062,-0.03412942989214176,0.1878846577151662,0.015764913053048647,-0.302689852520361,-0.05161567246313009,-0.16935945410521683,0.16979308826766454,0.20403697996918335,0.023955535989434295,0.07049086506713625,-0.09549856922738278,-0.39117763592339866,0.2396962359674224,0.2037838432753687,0.16105216817081225,-0.2505018710103456,0.08148139995597622,-0.24033898305084747,0.08378164208672684,-0.3246357032797711,-0.014072198987453224,-0.2823772837332159,-0.23282632621615673,-0.2767026194144838,-0.04059652212194585,-0.24059652212194585,0.058243451463790445,0.2115232225401717,0.29996257979308827,0.16518600044023773,-0.19276249174554258,-0.03400176095091349,0.46225181598062953,0.1961699317631521,0.17313009024873433,0.12002421307506053,0.206913933524103,0.11929341844596082,0.05394232885758309,0.12747303543913713,0.055848558221439575,-0.050292758089368256,-0.06414483821263482,-0.16918556020250936,-0.21050407219898745,-0.2896434074400176,0.33549196566145717,0.20720008804754567,0.10940127668941228,0.6511314109619194,0.4060774818401937,0.16782962799911952,0.14888839973585735,-0.047466431873211534,-0.01035659255998239,0.2187739379264803,0.07072859344045784,0.08171912832929783,-0.1828483381025754,-0.012742681047765794,-0.007237508254457407,-0.30885097952894563,-0.07130970724191063,-0.16592339863526304,-0.17581774158045343,0.03509355051727933,-0.12639665419326437,-0.11284833810257539,-0.04914153642967202,0.04309487123046445,0.11465111160026414,0.03232445520581114,0.25832049306625576,-0.05539731454985692,0.067178076161127,-0.027999119524543252,-0.07317851639885538
#54,0.014717147259520141,0.053761831388950035,0.009233986352630421,-0.14461589258199428,0.2426436275588818,0.33593660576711426,0.11049746863306185,0.2972022892361875,0.2457032797710764,0.08304864626898525,0.0020911292097732775,0.43940567906669603,1.0,0.29608188421747744,-0.08070878274268105,-0.15440898084965882,0.04510015408320493,0.05647589698437156,-0.13765573409641207,-0.07590799031476998,0.13102355271846797,-0.02926700418225842,0.1014109619194365,0.012634822804314329,-0.06222540171692714,-0.08818401937046005,-0.1486748844375963,-0.17640986132511557,0.3005965221219459,0.23910851860004403,0.4215496368038741,-0.08312348668280872,-0.018155403918115782,-0.01603345806735637,0.2507506053268765,0.19016729033678187,0.13827426810477658,-0.0846665199207572,0.22149240589918556,-0.07927360774818402,0.09455866167730574,0.1198151001540832,0.16148580233325996,-0.019165749504732557,-0.07499229583975346,-0.009352850539291217,-0.012093330398415144,-0.011873211534228484,-0.11009905348888399,-0.1384041382346467,-0.14649350649350648,-0.1486418666079683,0.00020030816640986132,-0.11716707021791768,0.040176095091349326,-0.0810939907550077,-0.2108430552498349,-0.01931983270966322,0.015855161787365176,-0.3085956416464891,-0.15432093330398416,0.023394232885758308,0.3377305745102355,0.2862733876293198,-0.1382522562183579,0.0436253576931543,0.5103213735417125,0.33986572749284616,0.15952234206471494,0.2641008144397975,0.06335901386748845,0.1269403477878054,0.06707682148360114,0.14813999559762273,0.14252256218357914,0.24256658595641648,0.14610609729253798,0.04850319172353071,0.18196125907990315,0.2460378604446401,0.25625357693154305,0.3825071538630861,0.2114703940127669,0.5907968302883557,0.4398106977767995,0.014371560642747083,-0.11087387189082104,0.2011666299801893,0.08594100814439798,0.035201408760730794,0.31634382566585956,0.10976447281532027,-0.20086726832489543,-0.2493550517279331,-0.3270724191063174,-0.08195905789126127,-0.029922958397534668,-0.10197446621175435,-0.28358353510895884,0.006007043803653973,-0.07524323134492626,0.07926040061633281,-0.04047985912392692,0.07978428351309708,-0.18103235747303545,-0.18627118644067797,-0.024862425709883337,-0.09262821923838872,-0.10972485141976668,-0.33344486022452124,-0.38134272507153866
#58,0.2087673343605547,0.15757869249394674,-0.035465551397754785,0.11675764913053048,0.22796169931763152,0.007928681488003521,0.26112480739599386,0.2612282632621616,0.1109883337001981,0.2264538850979529,0.1268699097512657,0.4144574069997799,0.29608188421747744,1.0,-0.24195025313669383,-0.23924499229583976,0.020893682588597844,-0.06912172573189522,0.036550737398195025,-0.18350429231785165,-0.11710103455866168,-0.20597402597402598,0.08567906669601585,-0.11698877393792648,0.04797270526084085,0.21341624477217697,-0.25199427690953113,-0.24607528065155185,-0.05420647149460709,0.0560972925379705,-0.09483381025753908,-0.04359013867488444,0.02046885318071759,0.09782962799911953,-0.0023442659035879374,0.1607065815540392,0.10001760950913494,-0.3013911512216597,-0.10336121505613032,-0.2713977547875853,0.0523794849218578,-0.07666519920757209,0.0985890380805635,-0.005687871450583315,-0.10331499009465112,-0.31544794188861985,0.16672683248954434,0.172524763372221,0.09567466431873212,-0.22718688091569447,0.15536649790887078,-0.2914725952014088,-0.062110939907550074,-0.3713493286374642,-0.2111798371120405,-0.2413185119964781,-0.020581113801452784,-0.09428571428571429,-0.07922077922077922,-0.2684855822143958,0.20201188641866608,0.2402575390710984,0.3811292097732776,0.22931983270966322,-0.232194585075941,-0.2902509355051728,0.5446797270526084,0.2027624917455426,0.27944530046224964,0.198069557561083,0.12422408100374202,0.20720889280211313,0.33091789566365837,0.2534074400176095,0.36429011666299804,0.1683182918776139,0.33680607528065154,0.1028681488003522,0.08715386308606647,-0.12446841294298921,0.0034558661677305744,0.1642262821923839,0.21828307285934404,0.3679771076381246,0.5058309487123046,0.13142637023992956,0.3054215276249175,-0.004930662557781202,-0.2394871230464451,0.19218357913273168,0.06044023772837332,0.038038740920096854,-0.040865067136253576,0.1170988333700198,0.09598503191723531,-0.2591283292978208,0.03766453885097953,0.02093990755007704,-0.22208672683248953,0.03489984591679507,-0.10309046885318071,-0.09232885758309486,0.05880915694475017,0.0850231124807396,0.13189962579793088,0.029308826766453886,0.1236979969183359,0.06888179616993176,0.2138498789346247,0.014701738939027074,-0.02301122606207352
#101,-0.3562029495927801,-0.037574290116662995,-0.399405679066696,-0.12802773497688752,-0.22066035659255998,-0.3252564384767775,-0.12870570107858242,-0.1923464670922298,0.07430772617213295,-0.022443319392471933,-0.05626458287475237,-0.11537310147479639,-0.08070878274268105,-0.24195025313669383,1.0,0.38153422848338103,-0.02752586396654193,-0.22820823244552058,0.5763768434954876,0.20484261501210654,0.5149108518600044,0.2217609509134933,0.03523222540171693,-0.02207792207792208,-0.18053929121725731,-0.12006163328197227,0.04530926700418226,-0.3163658375522782,0.04937706361435175,-0.049643407440017606,-0.19783623156504512,-0.1796764252696456,-0.15449262601804975,-0.03454765573409641,0.18645168390931102,0.1648250055029716,0.35231785163988555,0.06268324895443539,-0.21580453444860226,-0.25012106537530265,0.20523662777900065,0.322359674224081,-0.1825775918996258,0.15419986792868148,-0.3792361875412723,-0.13951573849878934,0.08336781862205592,0.13693814659916353,-0.11893022232005283,-0.39353070658155404,-0.20108298481179837,-0.3761985472154964,-0.19203389830508474,-0.41938366718027736,0.418994056790667,-0.2011005943209333,-0.2103169711644288,-0.2145014307726172,-0.4606647589698437,-0.35527184679727053,-0.3234734756768655,-0.2242703059652212,0.3056570548095972,0.16153202729473917,0.09462249614791987,0.060913493286374645,0.14139335241030157,0.26698437156064275,0.4390336781862206,0.13521021351529827,0.042535769315430336,-0.06944970283953335,0.14319392471934844,-0.17816640986132512,0.1112458727712965,-0.2410279550957517,-0.21495927801012546,-0.40671582654633504,-0.014615892581994278,0.04891481399955976,0.05341404358353511,-0.16624697336561745,-0.13769755668060754,-0.079702839533348,-0.1350297160466652,-0.08795509575170592,-0.2572749284613691,-0.3014065595421528,0.302524763372221,-0.11935725291657495,-0.15161127008584635,-0.35524323134492625,-0.3641074180057231,-0.1506801672903368,-0.08911512216596962,-0.13351529826106098,-0.09000880475456746,-0.31719348448162005,-0.155544794188862,-0.18142637023992955,-0.41761611270085847,-0.4471670702179177,-0.1958397534668721,-0.2125643847677746,-0.24745322474136033,-0.15580013207131851,-0.1321549636803874,-0.31042482940788024,-0.2428483381025754,-0.1159388069557561,-0.07211754347347568
#102,-0.21260620735197006,0.09810697776799472,-0.22472154963680388,-0.1460510675764913,-0.1925049526744442,-0.4992163768434955,-0.12525863966541934,-0.1436451683909311,-0.17961699317631521,-0.1737508254457407,-0.10841074180057231,-0.2989984591679507,-0.15440898084965882,-0.23924499229583976,0.38153422848338103,1.0,-0.022619414483821265,-0.19199427690953114,0.20712304644508034,0.5135725291657495,0.09024433193924719,0.4124477217697557,-0.06314990094651111,0.1570548095971825,-0.0663152102135153,0.052399295619634606,-0.18911732335461148,-0.06183799251595862,0.06957076821483602,-0.1876139115122166,-0.09547655734096412,-0.06362976007043804,-0.21695575610829848,-0.1369931763152102,-0.011534228483381025,0.05739159145938807,0.10068016729033678,0.3248250055029716,-0.2866960158485582,-0.17854061193044243,-0.11332599603786045,0.16800132071318513,-0.14144618093770636,0.12396434074400176,-0.18100594320933305,0.05177195685670262,-0.18192824125027515,-0.04935725291657495,-0.4715628439357253,-0.1992427911071979,-0.2598921417565485,-0.2763020030816641,-0.29185340083645167,-0.1293748624257099,0.1476271186440678,-0.0021967862645828748,0.003482280431432974,0.28315650451243674,-0.18278450363196125,-0.12313229143737618,-0.11138674884437597,-0.18360334580673562,0.06712084525643848,0.09433854281311908,0.022058111380145278,-0.12456526524323135,-0.045040721989874535,0.048712304644508035,0.25132951793968744,0.20072859344045785,0.011076381245872772,-0.15477437816420866,0.07799031476997578,-0.09573629760070439,0.09758529605987233,-0.11936605767114242,-0.08946290997138455,-0.20523662777900065,0.0498745322474136,0.14699317631521022,-0.13488883997358572,-0.16829848117983712,-0.09927360774818401,-0.25316751045564606,-0.0788399735857363,-0.047420206911732335,-0.13055690072639226,-0.1767048206031257,0.02703499889940568,-0.22,-0.282755888179617,-0.11030376403257759,-0.17293858683689192,0.023048646268985253,0.04991635483160907,-0.007466431873211534,-0.03791547435615232,-0.1291041162227603,-0.26587717367378383,-0.4016685009905349,-0.2559145938806956,-0.3143979749064495,-0.12190622936385648,-0.19073299581774159,-0.26393132291437377,-0.2760048426150121,-0.28226062073519703,-0.09278010125467753,-0.27038300682368477,0.10108518600044024,0.08302443319392472
#201,0.23668941228263263,0.1492031697116443,0.48199427690953117,0.3035461149020471,0.3168633061853401,0.1977988113581334,0.10337882456526525,0.08297820823244552,-0.26150561303103675,0.21611710323574732,0.2695597622716267,0.03206251375742901,0.04510015408320493,0.020893682588597844,-0.02752586396654193,-0.022619414483821265,1.0,0.32013647369579573,-0.2064406779661017,-0.1648448162007484,-0.04303984151441779,-0.12912612810917895,0.09588377723970944,0.013396434074400176,0.09236187541272287,0.16919876733436057,0.1362359674224081,-0.05276689412282633,0.07052388289676426,-0.08557781201848999,0.1337904468412943,-0.09383447061413164,0.14,-0.013510895883777239,-0.20912392692053708,-0.25632401496808277,-0.12707462029495928,0.04979528945630641,0.0702113141096192,-0.030099053488883996,-0.20763592339863526,-0.266649790887079,0.11275368699097513,-0.34663438256658596,-0.14640545894783183,-0.0576205150781422,0.027759189962579794,0.009194364957076822,0.10405238828967643,-0.01233546114902047,-0.0025445740699977988,0.17831829187761392,0.17964780981730133,0.06980189302223201,0.0017587497248514198,-0.013057451023552718,-0.0624719348448162,-0.2210543693594541,-0.028633061853400837,-0.1447127448822364,-0.0007616112700858463,-0.02938366718027735,-0.10832929782082325,-0.028855381906229365,0.1766057671142417,0.3127162667840634,-0.19050407219898746,-0.050418225841954656,0.00881796169931763,-0.1236121505613031,0.2589676425269646,0.15173013427250714,0.014439797490644949,0.09604886638784944,-0.05695355491965661,0.049148139995597626,0.017580893682588597,0.30660796830288356,0.20157825225621837,0.0940876073079463,-0.17721549636803874,-0.03958617653532908,0.10258419546555139,0.03357913273167511,0.10950693374422188,-0.18358133392031697,-0.08884217477437817,0.06797710763812459,-0.22793968743121285,-0.09618093770636144,-0.06521681708122386,-0.1075874972485142,-0.14649130530486462,-0.009555359894342945,-0.16151882016288796,0.33878494386968966,0.034930662557781204,0.590759410081444,0.18036319612590798,0.19693814659916356,0.19699097512656835,0.43198106977767997,0.16716046665199208,0.564884437596302,0.11417785604226283,0.07217697556680608,0.049315430332379485,0.13579793088267664,-0.015205811138014528,-0.1702113141096192,-0.09120405018710104
