,#10,#11,#12,#13,#17,#18,#26,#49,#50,#51,#52,#53,#54,#58,#101,#102,#201,#202,#301,#302,#401,#402,#501,#502,#601,#602,#701,#702,#801,#802,#901,#902,#1001,#1002,#1101,#1102,#1201,#1202,#1301,#1302,#1401,#1402,#1501,#1502,#1601,#1602,#1701,#1702,#1801,#1802,#1901,#1902,#2001,#2002,#2101,#2102,#2201,#2202,#2301,#2302,#2401,#2402,#2501,#2502,#2601,#2602,#2701,#2702,#2801,#2802,#2901,#2902,#3001,#3002,#3101,#3102,#3201,#3202,#3301,#3302,#3401,#3402,#3455,#3501,#3502,#3601,#3602,#3701,#3702,#3801,#3802,#3901,#3902,#4001,#4002,#4101,#4102,#4201,#4202,#4301,#4302,#4401,#4402,#4501,#4502,#4601,#4602,#4701,#4702,#4801,#4802
#10,1.0,0.32550957517059215,0.24034778780541494,0.45968743121285494,-0.19604006163328197,0.07968743121285495,0.08506053268765133,0.656535329077702,0.1525049526744442,0.4812590799031477,0.3858023332599604,0.19433414043583536,0.0004930662557781202,0.13436935945410522,-0.15688091569447501,-0.1435461149020471,0.30324014968082763,-0.09717587497248514,-0.07232885758309487,0.03209773277569888,0.01888399735857363,-0.01945410521681708,-0.15775478758529607,-0.06714505833149902,-0.1274290116662998,-0.018470173893902708,0.12900286154523444,0.23604226282192384,-0.26790446841294296,-0.03203389830508475,-0.3014902047105437,-0.09071538630860665,-0.0338498789346247,-0.1370394012766894,-0.08639225181598063,-0.08994937266123706,-0.33034558661677305,-0.32568126788465773,-0.2777503852080123,-0.2883733215936606,-0.10378604446401056,0.0462953995157385,-0.25989874532247415,-0.14840193704600485,-0.35897644728153205,-0.2750957517059212,0.2986616773057451,0.16550077041602465,-0.01360774818401937,-0.11712084525643848,0.23596742240810037,0.2828505392912173,0.12250055029716046,-0.10951573849878934,-0.26483381025753905,-0.21864406779661016,-0.2332687651331719,-0.15948492185780322,-0.25735857362976006,-0.3388333700198107,0.458234646709223,0.3173079462909971,-0.16174334140435837,-0.10476557340964121,0.14095751705921197,0.16732115342284834,-0.29196125907990317,0.0825841954655514,0.1393352410301563,0.20654413383226944,0.11868368919216377,0.33679066696015847,0.20712965001100594,0.26866387849438694,0.1236517719568567,0.21553158705701078,0.19741800572309046,0.17223860884877834,-0.3836253576931543,-0.1554193264362756,0.06088928021131411,-0.014283513097072419,-0.2910983931322914,0.025212414703940127,0.09246753246753246,0.2983204930662558,0.2135395113361215,-0.032018489984591676,0.0734734756768655,-0.0400924499229584,-0.08287255117763592,-0.13164869029275808,-0.19029055690072638,0.02578252256218358,-0.22019810697776798,-0.013515298261060973,-0.18203830068236848,0.13900066035659256,0.2502795509575171,0.2724851419766674,0.05691173233546115,-0.040475456746643185,0.04424609289016069,0.3220581113801453,0.18800132071318512,0.05880915694475017,0.0784239489324235,0.41179176755447944,0.0016288795949812899,-0.10674664318732115,-0.33857803213735416
#11,0.32550957517059215,1.0,0.19916574950473256,0.2526700418225842,0.16556680607528065,0.08740479859123927,0.3872375082544574,0.32281311908430554,0.444950473255558,0.5518996257979308,0.468465771516619,0.23417785604226282,0.038170812238608846,0.35160246533127887,-0.18061413163108078,0.06532467532467533,0.16331939247193483,0.06863966541932644,-0.2906009244992296,0.031131410961919438,0.15666960158485582,0.10342064714946071,-0.05559322033898305,-0.03209112920977328,-0.14578252256218358,-0.10694475016508914,-0.02152542372881356,-0.08606207351970063,-0.034109619194364955,-0.05099053488883997,-0.01780541492405899,-0.212953995157385,-0.10267444419986793,-0.1314836011446181,-0.200759410081444,-0.43116883116883115,-0.2544375963020031,-0.14865067136253576,-0.305676865507374,-0.1587343165309267,-0.260693374422188,-0.2282522562183579,-0.00287475236627779,-0.024063394232885758,0.013425049526744443,-0.04726832489544354,-0.14099273607748183,-0.15626678406339423,-0.014338542813119083,0.008329297820823244,0.013006823684789786,-0.05694915254237288,0.04853400836451684,0.0986220559101915,-0.005436935945410522,0.06810037420206912,-0.1431719128329298,-0.0062359674224081,-0.015916795069337443,-0.06751045564604886,0.3147105436935945,0.18782962799911954,-0.21372661237068016,-0.2946092890160687,-0.047530266343825664,0.12996257979308826,-0.00934404578472375,0.08838212634822805,0.14841294298921417,0.07846577151661897,0.23121505613031038,0.2785626238168611,0.06433414043583535,0.1355624036979969,-0.10048866387849438,0.029749064494827206,0.04175874972485142,0.08782742681047766,-0.24445740699977989,-0.16410301562843935,0.19335020911292097,0.05373541712524763,0.07886858903808057,0.1233149900946511,0.19975346687211093,0.21701518820162888,0.22877613911512218,0.12270746202949592,-0.1461171032357473,0.08213955535989434,-0.10735417125247634,0.332623816861105,0.07472154963680387,0.09346246973365617,0.08416685009905349,0.14745982830728593,-0.06154963680387409,0.0010257539071098394,-0.04284833810257539,0.026863306185340084,-0.20266343825665858,-0.044397974906449485,0.015419326436275589,-0.12060312568787145,0.010953114681928241,-0.07550957517059212,-0.09944530046224961,0.2579903147699758,-0.08311688311688312,-0.021633281972265023,-0.02056350429231785
#12,0.24034778780541494,0.19916574950473256,1.0,0.5829517939687431,0.20631300902487343,0.5368985252036099,0.2015958617653533,0.1240744001760951,-0.06324014968082765,0.5383953334800793,0.19558001320713186,0.15628659476117104,0.12424829407880256,-0.05530266343825666,-0.621798371120405,-0.6366057671142417,0.6713163108078363,0.6212590799031477,-0.32976667400396215,-0.4439335241030156,-0.38204710543693593,-0.2983579132731675,0.32206031256878714,0.09940347787805415,0.3031697116442879,-0.1605194805194805,0.45336341624477217,0.4651353731014748,0.3866629980189302,0.3112656834690733,0.35116222760290555,0.23632621615672464,0.4200704380365397,0.15013427250715386,0.19574069997798813,0.0763086066475897,-0.21113801452784503,-0.43319612590799034,0.18486682808716706,-0.08510455646048866,0.14923178516398855,0.022876953554919657,0.02564384767774598,-0.19744441998679288,-0.19610169491525423,-0.38795509575170595,0.2432291437376183,0.2505128769535549,0.27803213735417126,-0.16092670041822585,0.3077679947171473,0.38177635923398634,0.707112040501871,0.5577944089808496,0.04633942328857583,0.27106977767994717,-0.4301034558661677,-0.70541272287035,0.2084921857803214,-0.02811138014527845,0.04971604666519921,0.045254237288135594,-0.3815232225401717,-0.24026634382566586,0.4382368478978648,0.21306185340083644,-0.03511996478098173,0.10106757649130531,-0.4054039181157825,-0.3702443319392472,-0.06578032137354171,0.06388509795289456,-0.38463350209112923,0.13643187321153422,-0.5600022011886419,-0.3520360994937266,-0.34498569227382786,-0.024356152322254018,-0.12166850099053489,-0.10179396874312129,0.3176865507373982,0.16952674444199867,0.020378604446401057,0.21007043803653974,-0.06458947831829187,0.18516398855381908,0.13880255337882458,0.2608716707021792,0.20253356812678847,0.20146158925819943,0.13137134052388288,0.08747523662777901,-0.235280651551838,0.36857362976007046,0.20345146379044685,0.6284679727052609,-0.10119304424389171,0.46923838872991414,0.4434888839973586,0.4115716486902928,0.4226062073519701,0.6936715826546335,0.5203015628439357,0.4481818181818182,0.28735197006383445,0.20372000880475458,0.24626678406339422,0.012703059652212195,-0.03794188861985472,0.32114902047105437,0.0891371340523883
#13,0.45968743121285494,0.2526700418225842,0.5829517939687431,1.0,0.04466651992075721,0.2935593220338983,0.2061038961038961,0.2672837332159366,0.02825445740699978,0.6737706361435175,0.38203169711644286,0.3333039841514418,0.08669381465991635,0.0822077922077922,-0.22972705260840853,-0.38791987673343603,0.6076095091349328,0.27819722650231127,-0.092293638564825,-0.17813779440898084,-0.16632181377944089,-0.273119084305525,0.10339203169711644,-0.13240810037420206,0.1636583755227823,-0.1136517719568567,0.34544574069997797,0.39098613251155623,0.13091349328637464,0.16330618534008365,0.05887739379264803,0.1208892802113141,0.23136473695795728,0.04934404578472375,0.04944970283953335,-0.13042042703059653,-0.160264142637024,-0.3590314769975787,-0.027671142416905128,-0.13794629099713845,0.011534228483381025,0.08148800352190183,-0.00924058991855602,-0.1516817081223861,-0.2639159145938807,-0.31439577371780764,0.22167070217917675,0.181963460268545,0.18031476997578694,-0.13987893462469733,0.336385648250055,0.2793484481620075,0.4163746423068457,0.2881399955976227,-0.08970063834470614,0.07948051948051948,-0.38825005502971605,-0.536418666079683,0.0033039841514417786,-0.2115892581994277,0.09682368478978648,0.16941448382126348,-0.3306977767994717,-0.2642989214175655,0.40542152762491745,0.11038300682368479,-0.12004402377283734,0.17915254237288136,-0.11508694695135373,-0.04962139555359894,0.06221879815100154,0.16167950693374422,-0.16095311468192824,0.1647589698437156,-0.31152542372881353,-0.24126348228043143,-0.1267774598283073,0.03848338102575391,-0.18412502751485801,-0.25877173673783843,0.10173013427250716,0.19881576051067576,-0.17311908430552497,0.16287034998899405,0.0437112040501871,0.15587057010785824,0.092491745542593,0.15734096412062515,0.14025093550517279,0.22572529165749505,0.0498943429451904,0.10213075060532688,-0.19390490865067136,0.16950033017829627,0.033535108958837774,0.3027206691613471,-0.18715386308606646,0.21983711204050188,0.3297116442879155,0.2901166629980189,0.307970504072199,0.390396213955536,0.2460180497468633,0.4098811358133392,0.3391679506933744,0.11175434734756769,0.262920977327757,0.10077481840193704,-0.16148800352190182,-0.05112260620735197,-0.23058991855602026
#17,-0.19604006163328197,0.16556680607528065,0.20631300902487343,0.04466651992075721,1.0,0.3832709663218138,0.3378032137354171,-0.09964340744001761,0.13161787365177197,0.1351089588377724,0.12631961259079902,0.44696456086286596,0.49926260180497467,0.2832093330398415,-0.14368699097512658,-0.15178736517719568,0.0975610829848118,0.3314615892581994,-0.357376183138895,-0.22335020911292097,0.009284613691393353,-0.21397314549856922,0.02656614571868809,-0.060305965221219456,-0.14847677745982832,-0.1610741800572309,-0.17100594320933304,-0.11209333039841514,0.4940457847237508,0.23488223640766015,0.5254259300022012,0.1534338542813119,0.28287695355491965,0.10739819502531367,0.28417125247633723,0.0510411622276029,0.20456526524323135,0.02092890160686771,0.06659255998239048,-0.04435395113361215,0.18191723530706583,-0.08146819282412503,0.0562227602905569,-0.09088707902267225,0.12352410301562844,-0.030440237728373322,-0.22083865287255117,-0.03454765573409641,0.044076601364736956,-0.02718467972705261,-0.2694342945190403,0.007323354611490205,0.0386088487783403,0.1911666299801893,-0.19072419106317412,-0.011027955095751706,-0.08902927580893683,-0.21792648029936165,-0.07089148139995598,-0.011406559542152762,-0.07453664979088707,0.02057230904688532,0.09305084745762712,0.0763614351749945,-0.15569227382786704,-5.943209333039841e-05,0.39149240589918555,0.1400066035659256,0.030893682588597843,-0.062069117323354614,0.045938806955756105,-0.004805194805194805,-0.10422408100374202,-0.09834910851860004,-0.13433634162447722,-0.05504072198987453,0.02762491745542593,0.06206471494607088,0.06859344045784724,-0.07431212854941668,0.396550737398195,0.2724763372220999,0.5522077922077923,0.4633766233766234,0.43296940347787805,0.18170372000880475,0.22255558001320713,0.3623794849218578,0.048575830948712304,0.4389852520360995,-0.07432973805855161,0.34720008804754565,0.008190622936385648,0.11287255117763592,0.20284833810257538,0.12836011446180937,-0.18243451463790447,0.03812458727712965,-0.11452344265903588,0.036803874092009685,0.038912612810917895,0.22001760950913493,0.3225467752586397,-0.14972485141976669,0.11758969843715607,0.20786044464010567,0.14297160466651992,0.020937706361435174,-0.1967378384327537,-0.06834470614131631,0.10306625577812019
#18,0.07968743121285495,0.08740479859123927,0.5368985252036099,0.2935593220338983,0.3832709663218138,1.0,0.06317191283292978,0.04735857362976007,-0.1940876073079463,0.1662689852520361,0.00585956416464891,0.21830068236847897,0.44927801012546775,-0.14512656834690732,-0.3305458947831829,-0.5463680387409201,0.3791151221659696,0.6471406559542153,-0.1261501210653753,-0.3521175434734757,-0.19635263042042703,-0.2850869469513537,0.1059916354831609,0.13968743121285493,0.25793968743121287,-0.04790666960158486,0.10512436715826547,0.1737838432753687,0.66475236627779,0.5626876513317192,0.5036407660136474,0.3239687431212855,0.4088839973585736,0.21482280431432973,0.4441712524763372,0.1887079022672243,0.19524103015628438,-0.07040061633281973,0.2824807395993837,0.14339863526304203,0.33721329517939685,0.12822364076601364,0.18853841074180058,0.04369579572969404,-0.10542593000220118,-0.05840193704600484,-0.08904688531807176,0.07844375963020031,0.13147919876733435,0.0016971164428791548,-0.07838652872551177,0.1968016729033678,0.35417125247633724,0.33844596081884215,-0.06047325555800132,0.16247633722209992,-0.2957671142416905,-0.49481620074840416,-0.0021593660576711424,0.13054369359454104,-0.18714725952014089,-0.03322694254897645,-0.11517719568567027,-0.06945410521681708,0.08944750165089148,-0.140231124807396,0.1972044904248294,0.04994937266123707,-0.25711644287915475,-0.2580475456746643,-0.07225181598062955,-0.04731895223420647,-0.22047765793528507,0.008437156064274708,-0.3940721989874532,-0.2738168611049967,-0.2633810257539071,-0.031364736957957294,0.10164648910411622,0.1546665199207572,0.44464230684569667,0.3471934844816201,0.4637023992956196,0.5093638564825006,0.026042262821923838,0.12057891261281092,0.12307726172132952,0.45422187981510015,0.23816640986132512,0.2686154523442659,0.2009817301342725,0.22289236187541273,-0.12979308826766453,0.1548250055029716,0.25189302223200527,0.3542174774378164,0.03832929782082325,0.2576931543033238,0.28819062293638564,0.10701738939027075,0.19689852520360995,0.5158617653532908,0.5340479859123927,0.25444419986792866,0.2853731014747964,0.28858463570327975,0.21596302003081663,-0.10319832709663218,-0.07298261060972926,0.05826986572749285,-0.022559982390490865
#26,0.08506053268765133,0.3872375082544574,0.2015958617653533,0.2061038961038961,0.3378032137354171,0.06317191283292978,1.0,0.26951133612150563,0.312425709883337,0.49863306185340084,0.3136583755227823,0.20539731454985694,0.25167070217917675,0.7068919216376843,-0.2038828967642527,-0.05305745102355272,0.1558199427690953,0.20772837332159366,-0.5468611049966983,-0.16261281091789567,-0.0749240589918556,-0.22407880255337884,-0.10571428571428572,-0.22469733656174334,-0.21602685450143078,-0.4392758089368259,-0.20223640766013648,0.011683909311027954,0.12998899405679068,0.0004776579352850539,0.24259960378604448,0.011230464450803434,0.16772837332159365,0.03255558001320713,-0.17538190622936387,-0.2073365617433414,-0.2011534228483381,-0.2969667620515078,-0.31850979528945633,-0.415049526744442,-0.3789654413383227,-0.13981730134272508,-0.06689412282632622,-0.016594761171032358,-0.08079022672243011,-0.27594761171032356,-0.1480277349768875,-0.05700418225841954,-0.013638564825005504,-0.0071846797270526085,-0.09849878934624698,0.12030816640986132,0.08333259960378604,0.25521021351529827,-0.22283953334800793,-0.13044464010565707,-0.2037244111820383,-0.2523464670922298,-0.018991855602025095,0.01968082764692934,0.1687607307946291,0.19193044243891702,0.019735857362976006,0.14424829407880255,-0.12326436275588817,0.07918335901386749,0.26979088707902266,0.2628857583094871,0.17246973365617432,0.1350627338762932,0.3600176095091349,0.44016068677085624,-0.03534888839973586,0.1212590799031477,-0.08020691173233546,0.04149900946511116,0.14758969843715605,0.12996257979308826,0.04101694915254237,-0.3749570768214836,0.08323354611490205,-0.05087607307946291,0.1787937486242571,0.18924499229583974,0.45155183799251597,0.32642967202289236,0.29928021131410965,0.0766585956416465,-0.09144618093770636,0.13539511336121507,-0.10685450143077262,0.2893594541052168,0.05664318732115342,0.1303697996918336,0.03077261721329518,0.23514417785604227,-0.3926414263702399,0.0938234646709223,-0.09090028615452345,0.018426150121065375,0.00414043583535109,0.1276139115122166,0.23983711204050187,-0.08869909751265684,0.0011204050187101034,0.018950033017829628,0.08566585956416464,0.15469733656174334,-0.09649350649350649,-0.04952674444199868,0.04611490204710544
#49,0.656535329077702,0.32281311908430554,0.1240744001760951,0.2672837332159366,-0.09964340744001761,0.04735857362976007,0.26951133612150563,1.0,0.36939687431212853,0.4613097072419106,0.43078362315650454,0.3753642967202289,0.20395113361215056,0.28365397314549856,-0.07898305084745763,-0.1049570768214836,0.2304754567466432,-0.20612590799031477,-0.07310367598503192,0.01173893902707462,0.16954435395113363,-0.03165969623596742,-0.25580893682588596,-0.23524763372221,-0.16878494386968962,-0.24758309487123045,0.09193924719348448,0.15882896764252696,-0.31286374642306847,-0.14207131851199647,-0.33832709663218136,-0.09569887739379265,-0.19518379925159587,-0.10347567686550738,-0.3196213955535989,-0.1329672022892362,-0.44229804094210873,-0.376271186440678,-0.4066651992075721,-0.481122606207352,-0.17207131851199647,0.05942989214175655,-0.3777261721329518,-0.08698657274928462,-0.40799031476997577,-0.3278318291877614,0.15373321593660577,0.025388509795289456,-0.056823684789786486,-0.04046004842615012,0.18596081884217477,0.13642306845696675,-0.04048866387849439,-0.22957957296940348,-0.18062293638564825,-0.3101937046004843,-0.1125643847677746,-0.13585516178736518,-0.13214175654853622,-0.23839313229143738,0.2644574069997799,0.016751045564604886,-0.16147919876733435,-0.10636583755227823,0.017054809597182478,0.21367378384327537,-0.4755910191503412,-0.17783403037640325,0.21160246533127888,0.2412062513757429,0.15590799031476998,0.38932423508694697,0.23494607087827427,0.33627999119524543,0.154058991855602,0.2582896764252696,0.11460488663878494,0.023255558001320713,-0.3791899625797931,-0.3089984591679507,0.08023332599603786,-0.07528725511776359,-0.26208452564384765,0.19239049086506713,0.10182258419546555,0.492491745542593,0.1199141536429672,0.04963680387409201,0.011140215716486903,0.04047325555800132,-0.23339203169711645,-0.14499889940567906,0.05328197226502311,0.006988773937926481,-0.2083116883116883,-0.09843935725291658,-0.33359674224081004,-0.20053048646268984,-0.14581113801452786,-0.057574290116663,-0.29473695795729693,-0.17999779881135813,-0.045111160026414264,-0.009143737618313889,-0.21003081664098613,-0.33967202289236187,-0.24803433854281312,0.1835064935064935,-0.09020691173233546,-0.07178956636583755,-0.20579793088267664
#50,0.1525049526744442,0.444950473255558,-0.06324014968082765,0.02825445740699978,0.13161787365177197,-0.1940876073079463,0.312425709883337,0.36939687431212853,1.0,0.2764604886638785,0.3007902267224301,0.25441338322694257,-0.0064714946070878274,0.5026216156724631,0.1293418445960819,0.15078802553378826,0.07619194364957077,-0.16121065375302662,-0.17296500110059432,0.055342284833810255,0.18172353070658157,-0.013138895003301784,-0.08797270526084085,-0.046414263702399296,-0.10406999779881136,-0.14178296279991195,-0.1555095751705921,-0.2051617873651772,-0.21463790446841294,-0.13563284173453666,-0.1394320933303984,-0.10929341844596081,-0.2013449262601805,-0.03338102575390711,-0.2645080343385428,-0.20287695355491966,-0.15174554259300022,-0.2913713405238829,-0.1939027074620295,-0.3058397534668721,-0.19817521461589258,-0.08014527845036319,0.08771956856702619,-0.1312128549416685,0.07826106097292539,-0.13832709663218137,-0.2110279550957517,-0.22714725952014087,-0.14950033017829628,-0.2456416464891041,-0.06336341624477218,-0.20990094651111602,-0.07843935725291658,-0.09932423508694695,-0.09738058551617873,-0.07705260840854061,-0.023667180277349768,-0.018635263042042702,-0.07067356372441118,-0.11912172573189522,0.1249966982170372,0.10383226942548976,-0.07575390710983931,0.008866387849438696,-0.13884437596302002,0.10421527624917455,-0.02882456526524323,0.04892141756548536,0.23894342945190403,0.24679947171472597,0.3296566145718688,0.21598062953995156,0.08915694475016508,0.1175808936825886,-0.023013427250715385,0.016931543033237947,-0.002773497688751926,-0.10913493286374643,-0.11037420206911733,-0.1324323134492626,-0.03215936605767114,-0.20902267224301121,-0.02554039181157825,0.13478318291877614,0.010788025533788246,0.16924058991855603,-0.03897864847017389,-0.02932423508694695,-0.04442438917015188,0.15274708342504953,-0.18334580673563725,0.08451904028175215,0.0776601364736958,-0.16445300462249615,-0.21531146819282412,-0.013557120845256438,-0.16863086066475896,-0.17431432973805855,-0.21524543253356812,-0.08510675764913053,-0.2068831168831169,-0.21791987673343605,-0.06577371780761611,-0.25139555359894344,-0.21464891041162226,-0.10204490424829409,-0.15038520801232666,0.08930882676645388,-0.009211974466211754,-0.10043363416244772,-0.09885538190622936
#51,0.4812590799031477,0.5518996257979308,0.5383953334800793,0.6737706361435175,0.1351089588377724,0.1662689852520361,0.49863306185340084,0.4613097072419106,0.2764604886638785,1.0,0.526583755227823,0.31780321373541714,0.187178076161127,0.3664076601364737,-0.2854589478318292,-0.311963460268545,0.5751793968743121,0.2014109619194365,-0.33718247853841077,-0.23909311027955096,-0.10337442218798151,-0.22715606427470833,0.17516839093110279,-0.13632401496808277,0.02401716927140656,-0.27181598062953993,0.3135329077701959,0.24330398415144178,0.05092009685230024,0.002436715826546335,0.0715232225401717,-0.012846136913933524,0.1893418445960819,-0.0025489764472815322,-0.14285714285714285,-0.29795289456306406,-0.344686330618534,-0.43783182918776137,-0.0786682808716707,-0.2851882016288796,-0.19886858903808055,-0.1301518820162888,-0.01669161347127449,-0.17791767554479418,-0.2329341844596082,-0.32777019590578915,0.07784943869689633,-0.012397094430992735,0.11345586616773057,-0.15359454105216816,0.24892361875412722,0.24958177415804533,0.42063174114021573,0.34359674224081005,-0.02705480959718248,0.04435395113361215,-0.33361655293858683,-0.4812524763372221,0.14659255998239049,-0.07515078142196786,0.08991635483160906,0.10969623596742241,-0.3425797930882677,-0.2768677085626238,0.30618754127228703,0.27108518600044024,-0.11522121945850759,0.07945630640545895,-0.06408980849658816,-0.023753026634382567,0.15009024873431653,0.2502883557120845,-0.1222011886418666,0.13994497028395333,-0.2640854061193044,-0.13307726172132953,-0.08825885978428351,0.07489544353951133,-0.23294078802553378,-0.36967422408100375,0.17846797270526085,0.15003521901826986,-0.0837244111820383,0.12650891481399956,0.10069337442218798,0.16190182698657274,0.06697776799471715,0.18957957296940348,0.04516398855381906,0.12430772617213295,-0.1410939907550077,0.07933303984151442,-0.1881399955976227,0.11481399955976228,-0.02524323134492626,0.3961016949152542,-0.33602905569007263,0.24128329297820822,0.20884437596302002,0.3164560862865948,0.1391569447501651,0.3149702839533348,0.23530486462689854,0.301056570548096,0.22200088047545674,0.05241470394012767,0.16049966982170372,0.037653532907770196,-0.17005502971604666,0.023845476557340962,-0.0814373761831389
#52,0.3858023332599604,0.468465771516619,0.19558001320713186,0.38203169711644286,0.12631961259079902,0.00585956416464891,0.3136583755227823,0.43078362315650454,0.3007902267224301,0.526583755227823,1.0,0.21714285714285714,0.17409861325115564,0.4678032137354171,-0.08459167950693375,0.011399955976227163,0.15263922518159806,-0.0012216596962359675,-0.17052828527404798,-0.005925599823904909,0.1299075500770416,-0.027686550737398195,0.005267444419986793,-0.0977790006603566,-0.14850319172353071,-0.07368919216376843,-0.06865507373981951,0.040101254677525865,0.024739159145938806,-0.10341844596081884,0.01822143957737178,-0.2605260840854061,0.12843275368699097,-0.08738498789346247,-0.06182918776139115,-0.35401056570548095,-0.1267774598283073,-0.22176975566806076,-0.15909311027955095,-0.1148976447281532,-0.26760510675764915,-0.1813911512216597,-0.16888179616993176,-0.06909090909090909,0.034648910411622276,-0.18983931322914374,-0.09790226722430112,-0.08615452344265903,-0.07904248294078803,-0.11416905128769536,0.0033039841514417786,0.010464450803433854,0.002183579132731675,0.0031300902487343164,-0.07205150781421968,-0.047134052388289674,-0.08016729033678187,-0.08045124367158266,-0.11234206471494607,-0.1990182698657275,0.31178956636583754,0.11593660576711425,-0.11320933303984151,-0.16252256218357913,-0.06600704380365398,0.017862645828747525,-0.03232665639445301,0.13736737838432753,0.3035020911292098,0.2212722870349989,0.3876359233986353,0.3143187321153423,0.266040061633282,0.3237772397094431,0.07826546335020912,0.209141536429672,0.202392692053709,0.033064054589478316,-0.06799911952454325,-0.187805414924059,0.000600924499229584,-0.013370019810697777,0.0984965881576051,0.1614241690512877,0.2389852520360995,0.22530046224961478,0.1955381906229364,0.041950253136693816,-0.17458727712965,0.06928241250275148,-0.18465771516618973,0.20383887299141537,-0.1386748844375963,-0.022183579132731675,0.012722870349988993,0.08959938366718027,-0.06721329517939688,-0.010275148580233326,-0.042036099493726616,0.07900286154523442,-0.02027294739159146,-0.09425049526744442,0.09225621835791327,0.059581774158045345,0.20980409421087387,0.09134712744882237,0.07582654633502091,0.2807990314769976,0.009667620515078142,-0.15140215716486902,-0.134323134492626
#53,0.19433414043583536,0.23417785604226282,0.15628659476117104,0.3333039841514418,0.44696456086286596,0.21830068236847897,0.20539731454985694,0.3753642967202289,0.25441338322694257,0.31780321373541714,0.21714285714285714,1.0,0.5151793968743121,0.1600396213955536,-0.03721989874532247,-0.08418445960818842,0.18503411842394893,-0.026467092229804094,-0.03380145278450363,0.07213515298261061,0.16499889940567908,0.0058529605987233104,-0.2958991855602025,-0.25813999559762274,-0.2521483601144618,-0.1375478758529606,0.09737398195025314,0.05942989214175655,0.07885978428351309,0.08024653312788906,0.028199427690953113,0.021593660576711426,-0.07710103455866167,-0.013202729473915915,0.09438476777459828,-0.07099933964340743,-0.08284833810257539,-0.11745762711864406,-0.23131410961919435,-0.18453885097952893,0.09143517499449703,0.1441074180057231,-0.03165309267004182,0.031443979749064495,-0.19647589698437157,-0.20767334360554698,-0.008496588157605107,-0.0112788906009245,-0.030145278450363196,0.10886198547215496,-0.042124147039401275,0.0660906889720449,-0.12053709002861546,-0.14375522782302444,-0.20585516178736518,-0.13548976447281533,-0.2169931763152102,-0.16535989434294518,-0.18536429672022892,-0.22885097952894562,-0.0008408540611930443,-0.17042482940788026,0.04376183138895003,-0.017750385208012327,-0.015089148139995597,0.1300462249614792,-0.11088707902267224,-0.15616112700858464,0.12458727712965001,0.055513977547875855,-0.019002861545234426,0.19823464670922297,0.10088487783403037,0.04190622936385648,0.03507153863086066,-0.06996257979308827,-0.00015408320493066256,-0.12523662777900066,-0.06938806955756108,-0.15159586176535328,0.4709112920977328,0.3316464891041162,0.02156284393572529,0.36712965001100595,0.299075500770416,0.27989214175654853,-0.00673563724411182,0.38617433414043584,0.1565727492846137,0.617541272287035,-0.2807506053268765,0.10637904468412943,0.020420427030596523,-0.0525511776359234,0.040044023772837334,-0.24585075941008144,-0.1500132071318512,-0.284224081003742,-0.2676997578692494,-0.1598415144177856,-0.18475016508914813,0.022280431432973806,0.03061633281972265,-0.12148580233325997,-0.14497468633061852,-0.22034778780541492,-0.08279110719788686,-0.08924719348448162,-0.2760642747083425,-0.20009685230024213,-0.18791547435615233
#54,0.0004930662557781202,0.038170812238608846,0.12424829407880256,0.08669381465991635,0.49926260180497467,0.44927801012546775,0.25167070217917675,0.20395113361215056,-0.0064714946070878274,0.187178076161127,0.17409861325115564,0.5151793968743121,1.0,0.1706009244992296,0.0635593220338983,-0.1034866828087167,0.043973145498569226,0.11416244772176976,-0.03297600704380366,-0.02688531807175875,0.1543099273607748,-0.07438036539731455,-0.06983491085186,-0.1675544794188862,-0.11626018049746863,-0.1972573189522342,-0.15379925159586177,-0.08606647589698437,0.34915254237288135,0.12507153863086065,0.22273607748184018,0.24027074620294958,0.049933964340744,0.034701738939027074,0.2683799251595862,0.08595641646489104,0.15342284833810257,0.164455205811138,-0.0034712744882236407,-0.07506053268765134,0.2262491745542593,-0.08749944970283953,-0.031864406779661014,0.2182060312568787,-0.052425709883337,-0.06702839533348008,-0.27464891041162226,-0.18302883557120844,-0.09844816200748405,0.19839973585736298,-0.2553973145498569,0.0036099493726612373,-0.0965265243231345,-0.03992515958617653,-0.1049768875192604,-0.1721153422848338,-0.016224961479198767,-0.12538850979528945,-0.002813119084305525,0.008010125467752587,-0.09806515518379925,-0.17448822364076602,0.2566916134712745,0.1551221659696236,-0.2704798591239269,-0.141963460268545,0.06499449702839534,-0.13124807395993837,0.1306471494607088,0.09480519480519481,0.03819722650231125,0.07918776139115122,0.03828307285934405,-0.06914373761831388,0.048994056790666964,-0.1113779440898085,0.10685890380805635,-0.02854501430772617,0.27423508694695137,-0.07074620294959277,0.5535527184679727,0.30475676865507373,0.3359167950693374,0.3916420867268325,0.3181223860884878,0.10945410521681709,-0.024078802553378825,0.48729914153642967,-0.0662161567246313,0.48055690072639223,0.005159586176535329,0.17440237728373323,0.03202069117323355,-0.09097952894563065,0.16270746202949593,-0.10739819502531367,-0.11053709002861545,-0.197673343605547,-0.2303940127668941,-0.2119898745322474,-0.10869909751265683,0.04776799471714726,0.07959938366718028,-0.10203830068236848,-0.0523464670922298,-0.053642967202289234,-0.011727933083865287,-0.1652014087607308,-0.2559057891261281,-0.09805635042923179,-0.018045344486022453
#58,0.13436935945410522,0.35160246533127887,-0.05530266343825666,0.0822077922077922,0.2832093330398415,-0.14512656834690732,0.7068919216376843,0.28365397314549856,0.5026216156724631,0.3664076601364737,0.4678032137354171,0.1600396213955536,0.1706009244992296,1.0,0.03147919876733436,0.1476799471714726,-0.03183799251595862,-0.013812458727712964,-0.36935725291657495,0.014688531807175874,0.053612150561303105,-0.20303323794849218,-0.10940347787805416,-0.15890821043363415,-0.2422870349988994,-0.26414483821263485,-0.3506097292537971,-0.16138674884437595,-0.01034338542813119,-0.018648470173893903,0.14817081223860884,-0.02149460708782743,0.08252256218357913,0.09161127008584635,-0.12340964120625138,-0.1348778340303764,0.04503411842394893,-0.15443319392471935,-0.19710323574730354,-0.2572198987453225,-0.40950473255558,-0.15946951353731015,0.01349108518600044,-0.014444199867928682,0.09232445520581113,-0.20247413603345807,-0.21958177415804533,-0.15047765793528506,-0.20782742681047767,-0.2042262821923839,-0.22178956636583755,-0.013647369579572969,-0.20840193704600485,-0.017393792648029937,-0.3109002861545234,-0.2702751485802333,-0.18277349768875192,-0.0912788906009245,-0.21666079683028835,-0.1210411622276029,0.15681708122386087,0.2308628659476117,0.22251595861765353,0.2739489324235087,-0.20868589038080562,0.08865067136253577,0.3498128989654413,0.34209333039841516,0.33900066035659254,0.3319172353070658,0.4697930882676645,0.3693264362755888,0.07694475016508914,0.044968082764692933,0.09479639005062734,0.1724851419766674,0.2533788245652652,0.06843495487563284,0.08573629760070438,-0.25223860884877836,-0.07970063834470614,-0.10946070878274268,0.19790446841294299,0.15528065155183798,0.41124807395993834,0.24676205150781422,0.20027734976887518,-0.16570768214836012,-0.07137794408980849,0.08892141756548536,-0.09784943869689633,0.34020030816640984,0.07149680827646929,-0.07936605767114242,-0.11362535769315431,0.05660796830288356,-0.2923068456966762,-0.005130970724191063,-0.16812018489984593,0.004587277129650011,-0.08911952454325335,-0.1563020030816641,0.08447501650891481,-0.12947391591459387,0.04164869029275809,0.0676865507373982,-0.021034558661677305,0.18862205591019152,0.031626678406339426,-0.22674884437596302,-0.09595421527624917
#101,-0.15688091569447501,-0.18061413163108078,-0.621798371120405,-0.22972705260840853,-0.14368699097512658,-0.3305458947831829,-0.2038828967642527,-0.07898305084745763,0.1293418445960819,-0.2854589478318292,-0.08459167950693375,-0.03721989874532247,0.0635593220338983,0.03147919876733436,1.0,0.6055976227162668,-0.2537178076161127,-0.3394430992736078,0.5468170812238609,0.2676117103235747,0.5279991195245433,0.12197886858903809,0.07961699317631521,0.06777679947171472,0.04254017169271407,0.15542372881355931,-0.47457847237508255,-0.6641052168170812,-0.1047919876733436,-0.2958661677305745,-0.2467554479418886,-0.19223640766013647,-0.32339203169711644,-0.08075280651551837,-0.0498283072859344,-0.0074510235527184675,0.44254897644728153,0.38402377283733213,0.02581333920316971,0.03802553378824565,-0.03952454325335681,0.056583755227823024,0.13443539511336122,0.31113801452784506,0.05643847677745983,0.13595201408760732,-0.44412282632621614,-0.5102267224301122,-0.45918556020250934,-0.19244772176975566,-0.3609795289456306,-0.4550891481399956,-0.4624389170151882,-0.41178296279991194,0.08526084085406119,-0.10864626898525204,0.28348888399735855,0.2953114681928241,-0.32917455425930003,-0.23756328417345365,-0.11154083204930662,0.05874532247413603,0.23297820823244553,0.2360180497468633,-0.4281465991635483,-0.3464384767774598,0.07945190402817522,-0.1165133171912833,0.6161479198767335,0.547622716266784,0.3095839753466872,0.09353731014747964,0.43313009024873433,-0.11969843715606428,0.3637090028615452,0.10072198987453225,0.31238168611049966,-0.19533348007924278,0.3659476117103236,0.24798151001540833,-0.02843055249834911,-0.08172132951793969,0.016143517499449703,-0.13905569007263924,-0.004644508034338543,-0.3213779440898085,-0.2583314990094651,-0.09092670041822584,-0.21522121945850758,-0.0049966982170372,-0.08277569887739379,-0.13727492846136913,0.05586176535329078,-0.5319194364957077,-0.3982984811798371,-0.31724851419766675,0.2570327977107638,-0.3439885538190623,-0.3289346246973366,-0.31985031917235307,-0.36980409421087385,-0.4605458947831829,-0.4667422408100374,-0.23291437376183138,-0.07606427470834251,-0.07086726832489544,-0.05537970504072199,-0.04803213735417125,-0.053308386528725514,-0.5264869029275809,-0.3425137574290117
#102,-0.1435461149020471,0.06532467532467533,-0.6366057671142417,-0.38791987673343603,-0.15178736517719568,-0.5463680387409201,-0.05305745102355272,-0.1049570768214836,0.15078802553378826,-0.311963460268545,0.011399955976227163,-0.08418445960818842,-0.1034866828087167,0.1476799471714726,0.6055976227162668,1.0,-0.5243099273607749,-0.3887034998899406,0.3880761611270086,0.6360312568787145,0.49315870570107856,0.5868699097512656,-0.14319392471934844,0.061826986572749286,-0.31632401496808277,0.2527162667840634,-0.384323134492626,-0.4994783182918776,-0.31103896103896106,-0.5355359894342945,-0.3150363196125908,-0.452227602905569,-0.532491745542593,-0.35181157825225623,-0.36480299361655294,-0.3233810257539071,0.10325775918996258,0.41865947611710325,-0.2472705260840854,0.03920977327756989,-0.34633281972265023,-0.20274047985912394,-0.07481179837112041,0.170264142637024,-0.009819502531366937,0.2996896324014968,-0.29967422408100375,-0.3429694034778781,-0.3076865507373982,0.050327977107638124,-0.31722650231124805,-0.42519920757208896,-0.5652388289676425,-0.4881223860884878,-0.08512656834690734,-0.005654853620955316,0.019482720669161346,0.606502311248074,-0.3303037640325776,-0.17264582874752366,0.0921681708122386,-0.032040501871010346,0.28105216817081224,0.29410961919436496,-0.3098525203609949,-0.11111600264142638,0.15492626018049746,-0.006561743341404358,0.6463790446841294,0.6161347127448822,0.27231785163988553,0.2509685230024213,0.3301386748844376,-0.11432093330398416,0.31305965221219456,0.1752344265903588,0.3162821923838873,-0.1286220559101915,0.13239709443099273,0.25229583975346687,-0.15286594761171032,-0.19412722870349988,0.10101915034118424,-0.18972705260840855,0.1530068236847898,-0.20488883997358573,-0.09663658375522782,-0.21640986132511555,-0.44014087607307945,-0.09243011226062074,-0.3188994056790667,-0.16095091349328638,0.06972265023112481,-0.4200374202069117,-0.1719656614571869,-0.36329517939687433,0.3792295839753467,-0.35645168390931103,-0.4306449482720669,-0.37132291437376186,-0.4665287255117764,-0.5866585956416465,-0.6358331499009465,-0.5139643407440018,-0.31322474136033457,-0.2518996257979309,-0.3716288795949813,0.13156064274708343,-0.018214836011446182,-0.42527624917455426,-0.21518379925159586
#201,0.30324014968082763,0.16331939247193483,0.6713163108078363,0.6076095091349328,0.0975610829848118,0.3791151221659696,0.1558199427690953,0.2304754567466432,0.07619194364957077,0.5751793968743121,0.15263922518159806,0.18503411842394893,0.043973145498569226,-0.03183799251595862,-0.2537178076161127,-0.5243099273607749,1.0,0.3547281532027295,-0.23770636143517498,-0.44101694915254236,-0.24092229804094212,-0.4152938586836892,0.316583755227823,-0.009139335241030156,0.312260620735197,-0.14828087167070217,0.3850473255558001,0.3156834690732996,0.16564825005502973,0.22684569667620516,0.07044684129429891,0.012432313449262601,0.26954435395113363,0.16950253136693816,0.04596962359674224,-0.03772176975566806,-0.16927801012546775,-0.5590116662998019,0.12685450143077262,-0.2524851419766674,0.12910851860004402,0.008844375963020032,0.0030574510235527185,-0.2328945630640546,-0.2010279550957517,-0.4369623596742241,0.21882896764252696,0.17908870790226722,0.22697116442879156,-0.21821043363416245,0.25417785604226284,0.2597732775698877,0.5814439797490645,0.3662183579132732,0.1698613251155624,0.17936385648250056,-0.24866387849438698,-0.6458991855602025,0.15472815320272948,-0.07928241250275149,-0.018318291877613913,0.11825445740699977,-0.5339643407440018,-0.3145410521681708,0.31339203169711644,0.11286594761171033,-0.20103896103896104,0.004686330618534009,-0.21669821703720007,-0.18002421307506053,0.018346907329958178,0.11114461809377063,-0.1771604666519921,0.3144441998679287,-0.41812898965441336,-0.26223860884877837,-0.3020845256438477,-0.05554479418886198,-0.18420867268324895,-0.1836913933524103,0.21560642747083425,0.19813119084305525,-0.11546555139775479,0.08316090688972044,-0.15298261060972926,0.05322033898305085,-0.0426106097292538,0.25560422628219237,0.30904908650671364,0.08142196786264583,0.013557120845256438,-0.02595201408760731,-0.3257340964120625,0.20583094871230465,-0.05346467092229804,0.5597226502311248,-0.21034558661677305,0.42139995597622715,0.4249856922738279,0.4525841954655514,0.35149240589918557,0.486715826546335,0.33515078142196786,0.5042108738718908,0.2784569667620515,0.24991635483160907,0.32501871010345584,-0.08847457627118645,-0.10023332599603786,0.11872331058771737,-0.04535329077701959
