,#10,#11,#12,#13,#17,#18,#26,#49,#50,#51,#52,#53,#54,#58,#101,#102,#201,#202,#301,#302,#401,#402,#501,#502,#601,#602,#701,#702,#801,#802,#901,#902,#1001,#1002,#1101,#1102,#1201,#1202,#1301,#1302,#1401,#1402,#1501,#1502,#1601,#1602,#1701,#1702,#1801,#1802,#1901,#1902,#2001,#2002,#2101,#2102,#2201,#2202,#2301,#2302,#2401,#2402,#2501,#2502,#2601,#2602,#2701,#2702,#2801,#2802,#2901,#2902,#3001,#3002,#3101,#3102,#3201,#3202,#3301,#3302,#3401,#3402,#3455,#3501,#3502,#3601,#3602,#3701,#3702,#3801,#3802,#3901,#3902,#4001,#4002,#4101,#4102,#4201,#4202,#4301,#4302,#4401,#4402,#4501,#4502,#4601,#4602,#4701,#4702,#4801,#4802
#10,1.0,0.31714946070878275,0.29645168390931104,0.396286594761171,-0.15536209553158706,-0.06801452784503632,-0.059139335241030155,0.5274003962139555,0.1852982610609729,0.4226106097292538,0.42105216817081226,-0.011846797270526083,-0.052359674224081006,-0.16510455646048866,-0.3801518820162888,-0.16838872991415366,0.34007043803653975,0.1305216817081224,-0.2715628439357253,-0.11139335241030156,-0.2573123486682809,-0.1640677966101695,-0.1344508034338543,-0.14931543033237948,0.03053929121725732,-0.06562843935725292,0.3323794849218578,0.25182258419546555,0.024635703279771076,-0.023543913713405237,0.2385230024213075,-0.08050407219898745,0.020041822584195467,-0.11555580013207131,-0.06577591899625798,-0.144983491085186,-0.27594761171032356,-0.12474356152322254,-0.23093550517279332,-0.10485582214395774,-0.08270085846357032,-0.17613911512216596,-0.24530266343825666,-0.20082544574069996,-0.3750055029716047,-0.26767114241690515,-0.20132291437376182,0.3449372661237068,0.11587497248514197,0.34183359013867487,0.4907109839313229,0.32691833590138675,0.38521681708122385,0.005177195685670262,-0.20234206471494606,-0.11955095751705921,0.050574510235527184,-0.16641866607968303,-0.07478098173013427,-0.28941668500990536,-0.09177635923398635,-0.07897424609289017,-0.11711644287915475,0.011741140215716487,0.3066123706801673,0.36486022452124145,-0.16751926040061632,0.29049306625577814,-0.31322694254897643,-0.346451683909311,0.1071978868589038,0.31104556460488664,0.06591899625797931,0.3084261501210654,-0.19755007704160246,-0.028245652652432313,-0.01086946951353731,-0.04579793088267665,-0.09706801672903367,-0.13533127889060093,-0.1878978648470174,-0.1053268765133172,-0.09278010125467753,-0.09391371340523882,-0.16611270085846358,0.04923398635263042,-0.052066916134712746,-0.010151882016288796,-0.017006383447061412,-0.24153642967202288,-0.2133215936605767,-0.14423728813559322,-0.3107307946290997,0.06372881355932203,-0.06310147479639006,0.3411666299801893,0.02572309046885318,0.2862227602905569,0.06581554039181158,0.2427294739159146,0.4207462029495928,0.132326656394453,0.08710983931322915,0.1749768875192604,0.11523002421307506,0.18067136253576932,0.1338432753686991,-0.1787277129650011,-0.05320272947391592,-0.08414483821263483,-0.23948272066916135
#11,0.31714946070878275,1.0,0.45930662557781204,0.3095861765353291,-0.08888179616993176,0.00576271186440678,0.1913251155624037,-0.031611270085846355,0.20357032797710764,0.6166233766233766,0.46409641206251373,-0.14258859784283512,-0.0863548316090689,-0.16181598062953995,-0.06568567026194144,0.08159586176535329,0.35928461369139336,0.33069117323354613,0.004001760950913493,-0.022960598723310587,-0.05558661677305745,0.16827646929341844,0.18003081664098614,0.13406339423288577,0.2065133171912833,0.079702839533348,0.152326656394453,0.17740479859123928,-0.1864076601364737,-0.04421747743781642,0.0587409200968523,-0.13975346687211093,0.005925599823904909,0.1411270085846357,-0.2818379925159586,-0.12844155844155844,-0.15898305084745762,0.01896984371560643,-0.05920537090028615,0.0012106537530266344,-0.21633942328857583,-0.09489324235086948,-0.20940788025533788,-0.24645168390931102,-0.17940567906669602,-0.035441338322694256,-0.12186440677966101,0.012687651331719129,-0.18240589918556022,0.0834140435835351,0.12617433414043583,0.14322254017169272,0.22485582214395775,0.10745982830728594,-0.04832489544353951,-0.09877613911512216,-0.060380805635042924,-0.1300462249614792,-0.0650561303103676,-0.19650671362535768,-0.08746643187321153,-0.2056152322254017,-0.30913933524103016,-0.0727030596522122,0.1466718027734977,0.1286550737398195,-0.2527338762931983,-0.0041272287034998896,-0.08411622276029056,0.034527845036319615,0.09445080343385429,0.3421219458507594,-0.1098943429451904,-0.12695795729694034,-0.2839819502531367,-0.22796169931763152,-0.04088487783403038,0.042755888179616994,0.043077261721329516,0.1088267664538851,-0.052656834690733,-0.11979528945630641,0.017796610169491526,-0.32662777900066037,-0.2653268765133172,-0.15924279110719788,-0.0587211093990755,-0.08231785163988554,-0.10763152102135153,-0.4318005723090469,-0.25863306185340085,-0.2596918335901387,-0.2810147479639005,0.013167510455646049,-0.08041382346467092,0.34198547215496367,0.08312788906009246,0.21230244331939246,0.2823244552058111,0.036596962359674225,0.21318732115342284,0.13872991415364297,0.21040501871010345,0.1326634382566586,0.13425269645608628,-0.04800352190182699,0.012524763372221,-0.174983491085186,-0.32506493506493506,-0.11892141756548537,-0.18614131631080783
#12,0.29645168390931104,0.45930662557781204,1.0,0.5109993396434075,-0.1536649790887079,-0.04593440457847237,0.04307506053268765,0.040132071318512,-0.010770416024653312,0.5208122386088487,0.12637023992956195,-0.1776007043803654,-0.12268985252036099,-0.20300462249614792,-0.16508034338542812,0.06457847237508255,0.7071098393132291,0.7227052608408541,-0.16034118423948931,-0.1978318291877614,-0.24446621175434735,0.03812678846577151,0.16221219458507594,0.06803874092009685,0.11541712524763373,0.049489324235086944,0.31956856702619413,0.11653753026634382,-0.09161567246313009,-0.25179837112040504,0.3983050847457627,-0.05472375082544574,0.2198943429451904,0.23441338322694255,-0.2287871450583315,-0.22908650671362535,-0.2873299581774158,0.10311027955095751,-0.22721549636803873,0.15882456526524324,-0.1889192163768435,-0.3058947831829188,-0.34050407219898743,-0.2001188641866608,-0.2739973585736298,-0.075280651551838,0.02970944309927361,0.06628659476117103,0.16847237508254456,0.042106537530266344,0.3176579352850539,0.36292097732775697,0.39362315650451246,0.4313251155624037,-0.04807175874972485,0.10670261941448382,-0.22696235967422407,-0.36028615452344265,0.10807616112700859,-0.2099405679066696,-0.1609949372661237,-0.23737398195025314,-0.44128329297820823,-0.18176975566806075,0.39635923398635264,0.1960642747083425,-0.40756328417345367,-0.14520581113801453,-0.0803697996918336,0.16822804314329737,0.5789874532247413,0.6502905569007263,0.2047787805414924,0.1609883337001981,-0.35104336341624476,-0.07010125467752587,-0.25689412282632623,0.055602025093550514,0.1074158045344486,0.1913317191283293,-0.325511776359234,-0.3344662117543473,-0.17803213735417125,-0.34095751705921196,-0.19181377944089809,-0.26453885097952895,-0.0639885538190623,-0.21571648690292758,-0.31400616332819725,-0.3525533788245653,-0.2539159145938807,-0.2741866607968303,-0.3224609289016069,0.1856702619414484,0.19517279330838652,0.6988069557561083,0.09176975566806075,0.6105084745762712,0.5123948932423509,0.38481399955976225,0.647046004842615,0.5884965881576051,0.2572529165749505,0.5165397314549857,0.3458331499009465,0.2365859564164649,0.18178736517719568,-0.25699317631521024,-0.1928153202729474,0.010675764913053049,0.07758309487123047
#13,0.396286594761171,0.3095861765353291,0.5109993396434075,1.0,0.11497248514197667,0.20418886198547215,-0.028151001540832048,0.056077481840193705,0.03014307726172133,0.5160994937266123,0.11159806295399516,-0.044508034338542814,-0.1016156724631301,-0.08051507814219679,-0.23278010125467752,-0.11735197006383447,0.45871890821043365,0.28618093770636144,-0.21714065595421528,-0.19081443979749063,-0.3263328197226502,-0.0087607307946291,-0.16511116002641427,0.002165969623596742,-0.19034998899405678,0.0724191063174114,0.036246973365617434,0.005060532687651332,-0.067376183138895,0.047057010785824346,0.014279110719788686,0.09390050627338763,-0.09380805635042923,0.2465595421527625,-0.01164208672683249,0.1179308826766454,-0.08297160466651993,0.267343165309267,-0.10760510675764913,0.2052740479859124,0.03533568126788466,-0.19904248294078802,-0.2210741800572309,0.06512876953554919,-0.08382566585956416,0.10900066035659256,0.08268324895443539,0.10588157605106757,0.13911292097732775,-0.036486902927580896,0.12960378604446401,0.03453664979088708,0.008080563504292319,0.012896764252696456,-0.30787365177195686,-0.03611270085846357,0.0501188641866608,-0.017847237508254458,0.2600792427911072,0.06535108958837772,0.13709663218137794,0.09192383887299141,-0.0016574950473255557,0.008791547435615232,0.03739819502531367,-0.00561963460268545,-0.1297754787585296,-0.09604006163328198,-0.12488443759630201,0.022507153863086066,0.04523442659035879,0.14500770416024653,0.07690953114681928,0.03529385868368919,-0.21812898965441338,0.011534228483381025,0.013339203169711645,0.08514637904468413,-0.012474136033458068,0.024301122606207353,-0.10731454985692274,-0.1166784063394233,-0.11457627118644068,-0.40671582654633504,0.045282852740479856,-0.04350429231785164,0.18295399515738497,0.07669601584855822,-0.10991415364296721,-0.13125467752586398,0.10788465771516619,0.13863086066475896,0.1454853620955316,0.3337904468412943,0.3338234646709223,0.17090248734316532,0.030378604446401055,0.2242923178516399,0.32231565045124366,0.3199075500770416,0.34575170592119747,0.10975346687211093,0.28382566585956415,0.23642967202289236,0.29656834690732997,0.1047127448822364,0.028395333480079242,0.08853841074180058,-0.12227382786704821,0.25678626458287473,0.19153863086066475
#17,-0.15536209553158706,-0.08888179616993176,-0.1536649790887079,0.11497248514197667,1.0,0.5540854061193045,0.11063174114021572,-0.06033237948492186,0.03381245872771296,-0.08920096852300242,-0.025271846797270524,0.4697182478538411,0.371303103675985,0.3282654633502091,-0.21305084745762712,-0.4825819942769095,-0.2325313669381466,-0.1338696896324015,-0.08051067576491305,-0.21612150561303103,-0.3299405679066696,-0.25335241030156286,-0.19482940788025535,-0.3247303543913713,-0.2642769095311468,-0.15274708342504953,-0.47496808276469293,-0.22335901386748844,0.3520405018710103,0.5547105436935945,-0.2257230904688532,0.2796434074400176,-0.13729253797050409,0.028738718908210434,0.1517939687431213,0.530675764913053,0.2050231124807396,0.3715562403697997,0.10947391591459388,0.1795399515738499,0.2672176975566806,0.49396874312128547,0.07404798591239269,0.40514197666740037,0.23480079242791108,0.21229804094210875,0.13987893462469733,-0.22129429892141755,-0.15843275368699097,-0.4434866828087167,-0.45011226062073517,-0.4272903367818622,-0.5154589478318292,-0.37900726392251816,-0.4496742240810037,-0.1552410301562844,-0.09136913933524103,0.13668060752806516,0.30923398635263044,0.35593440457847236,0.33087607307946293,0.2613889500330178,0.40020250935505175,-0.010140876073079463,-0.2999889940567907,-0.25924499229583975,0.15091789566365837,-0.1415298261060973,0.013398635263042042,0.02633942328857583,-0.3081069777679947,-0.35774158045344484,0.07330398415144178,0.10104336341624477,0.15023992956196347,0.026097292537970503,0.3220823244552058,0.2863108078362316,0.31912612810917895,-0.09276249174554259,0.4247281532027295,0.456271186440678,0.15918556020250935,-0.03404358353510896,0.49933083865287253,0.2841272287034999,0.2918049746863306,0.6114505833149901,0.5279771076381246,0.3987475236627779,0.4569447501650892,0.3390182698657275,0.43147479639005065,0.2997578692493947,0.26883777239709444,-0.3182082324455206,-0.19957296940347788,-0.07953114681928242,0.04364296720228924,0.07508694695135373,-0.31898745322474137,-0.2008826766453885,0.11162667840633943,-0.0673959938366718,-0.23614131631080784,-0.24740479859123926,-0.22273607748184018,0.3813317191283293,0.22875852960598722,0.23652432313449262,0.38992295839753466
#18,-0.06801452784503632,0.00576271186440678,-0.04593440457847237,0.20418886198547215,0.5540854061193045,1.0,0.1862029495927801,0.09089588377723971,0.04053048646268985,0.08779661016949153,0.1390777019590579,0.3519502531366938,0.45011226062073517,0.23772837332159366,-0.37792648029936166,-0.5648360114461809,-0.11279330838652872,0.04073519700638345,-0.2727933083865287,-0.2914615892581994,-0.3748778340303764,-0.34204270305965223,-0.2584129429892142,-0.22517939687431213,-0.17380805635042923,-0.17517939687431214,-0.2482324455205811,-0.11961479198767334,0.6007175874972485,0.5984943869689633,0.03809156944750165,0.23013427250715388,0.14078142196786264,-0.0020911292097732775,0.094950473255558,0.3823200528285274,0.16783182918776138,0.28848778340303766,-0.02358133392031697,-0.0627823024433194,0.3229473915914594,0.22705040721989875,-0.20077922077922078,0.1889654413383227,-0.0576139115122166,0.09353951133612151,0.1186814880035219,-0.0775346687211094,-0.04553819062293638,-0.3316266784063394,-0.19459828307285934,-0.2784503631961259,-0.2600726392251816,-0.36212414703940127,-0.4463416244772177,-0.20543473475676866,-0.06805414924058992,-0.04429011666299802,0.2543165309267004,0.13316530926700418,0.28490644948272065,0.05550517279330839,0.2635527184679727,-0.07224521241470394,-0.21307506053268765,-0.16684569667620516,0.27327977107638124,-0.11085626238168611,-0.28306625577812017,-0.13935945410521683,-0.32561303103675987,-0.30058991855602024,0.0913515298261061,0.006557340964120625,0.013495487563284173,-0.07404358353510895,0.30374202069117323,0.04655513977547876,0.18370019810697777,-0.03586616773057451,0.30832929782082324,0.35071098393132294,0.3098635263042043,0.11161127008584636,0.42818181818181816,0.3089126128109179,0.15894783182918776,0.5434932863746423,0.41676865507373984,0.24438036539731456,0.1960510675764913,0.13993176315210212,0.2601232665639445,0.29507153863086066,0.24948712304644508,-0.06793968743121286,-0.11312348668280872,0.153317191283293,0.050884877834030375,0.2619436495707682,-0.05544794188861985,0.195874972485142,0.04935725291657495,0.09007263922518159,-0.10949592780101254,0.11896324014968082,0.002980409421087387,0.3031785163988554,-0.05751045564604887,0.35817741580453444,0.3444111820383007
#26,-0.059139335241030155,0.1913251155624037,0.04307506053268765,-0.028151001540832048,0.11063174114021572,0.1862029495927801,1.0,0.018551617873651772,0.3417279330838653,0.1075676865507374,0.1864472815320273,0.185478758529606,0.12108298481179837,0.30656174334140435,-0.008983050847457628,-0.19253576931543034,0.05585075941008144,0.03816200748404138,0.1064274708342505,-0.14689852520360994,-0.0014615892581994277,-0.13990755007704161,-0.07896764252696456,0.024497028395333482,0.20619414483821263,0.05821703720008805,-0.2821923838872991,-0.1952542372881356,0.037539071098393134,0.12690953114681927,-0.09213075060532688,0.1149306625577812,-0.07041162227602905,-0.04338322694254897,-0.11569447501650891,0.08396654193264362,0.09897424609289016,0.10623376623376624,-0.03981730134272507,-0.1661501210653753,-0.0010741800572309048,0.16507814219678626,-0.0250099053488884,0.22475236627779,-0.04661457186880916,-0.03612810917895664,-0.07077261721329518,-0.30642306845696676,-0.2986418666079683,-0.4002905569007264,-0.19687211093990756,-0.1862557781201849,-0.2879462909971385,-0.28780101254677526,0.047712965001100595,-0.09778780541492406,-0.12630420427030598,-0.19449702839533348,0.08377503852080123,-0.11404358353510896,0.23033017829628,0.10775038520801232,-0.059639005062733876,-0.1974884437596302,-0.3028681488003522,-0.3259454105216817,0.20529605987233107,0.050435835351089586,0.11534008364516839,0.1591019150341184,0.02699977988113581,0.10352190182698658,0.17760950913493287,0.13113141096191944,0.18741800572309048,0.06768214836011446,0.26533127889060093,0.16770195905789126,0.42206251375742904,0.28475236627779,-0.04065155183799252,0.1740721989874532,-0.06423728813559322,-0.04694034778780541,0.189801893022232,0.15342945190402818,0.15292758089368258,0.025584415584415585,0.10065595421527625,0.09861104996698217,-0.03684129429892142,0.03825005502971605,0.05133392031697116,0.15023552718467972,0.167904468412943,-0.200759410081444,0.12377503852080124,-0.07586396654193264,0.042973805855161785,-0.018525203609949373,0.013323794849218577,-0.07484921857803213,-0.00951353731014748,0.029291217257318952,-0.07055249834910853,-0.06952454325335682,0.030132071318511998,0.3056240369799692,0.07680387409200969,0.1839621395553599,0.24658155403918117
#49,0.5274003962139555,-0.031611270085846355,0.040132071318512,0.056077481840193705,-0.06033237948492186,0.09089588377723971,0.018551617873651772,1.0,0.40820383006823685,0.09233325996037861,0.4565375302663438,0.4430244331939247,0.37335241030156285,0.2504930662557781,-0.251915034118424,-0.4343517499449703,0.17474136033458068,-0.05028615452344266,-0.041364736957957296,-0.249900946511116,-0.2635527184679727,-0.6120008804754568,-0.27624036979969185,-0.4356680607528065,-0.07688311688311689,-0.23925159586176536,0.05793748624257099,-0.14532247413603347,0.41395773717807616,0.20825005502971605,0.22587717367378385,-0.02546335020911292,0.07548536209553158,-0.3480541492405899,-0.02146599163548316,0.04317631521021351,-0.2657164869029276,-0.21415144177856044,-0.32140215716486903,-0.446847897864847,0.02163988553819062,0.10550517279330839,-0.11635703279771076,-0.00025533788245652654,-0.4293550517279331,-0.4488135593220339,-0.22088047545674663,0.0737772397094431,0.10156504512436716,0.11900726392251816,0.18880475456746643,0.031054369359454104,0.13419766674003963,-0.2062029495927801,-0.26386088487783405,-0.18014747963900507,-0.14434074400176095,-0.46247413603345805,0.018826766453885098,-0.25940127668941226,0.09268104776579353,0.06703279771076381,0.09429892141756549,-0.1145476557340964,0.15141536429672023,0.10931322914373762,0.09152542372881356,0.2692141756548536,-0.004492626018049747,-0.2782962799911953,0.2875566806075281,0.20935725291657495,0.26399735857362977,0.3384525643847678,0.08064935064935065,-0.004241690512876954,0.13101915034118425,-0.010195905789126129,0.005340083645168391,-0.1726040061633282,0.06228263262161567,0.15944309927360775,0.1549768875192604,0.3614109619194365,0.12141316310807836,0.4007572088928021,0.04275808936825886,0.09619194364957077,0.047334360554699535,0.1447457627118644,-0.2268038740920097,-0.015075941008144397,-0.3700198106977768,0.08826986572749285,0.07862865947611711,0.22460268545014309,-0.04213515298261061,0.19871890821043364,-0.32704160246533126,0.1268699097512657,0.14328417345366498,0.20257979308826765,-0.20396654193264363,0.16541712524763372,-0.1147655734096412,0.18871230464450803,-0.00031256878714505833,-0.009599383667180278,0.02403037640325776,0.0002509355051727933,-0.029322033898305084
#50,0.1852982610609729,0.20357032797710764,-0.010770416024653312,0.03014307726172133,0.03381245872771296,0.04053048646268985,0.3417279330838653,0.40820383006823685,1.0,0.15902047105436937,0.4488355712084526,0.2528615452344266,0.15912172573189523,0.3244706141316311,-0.0637508254457407,-0.30823464670922296,0.16358353510895884,0.055089148139995596,0.016922738278670482,-0.2549724851419767,-0.1324058991855602,-0.2630728593440458,-0.12713625357693153,-0.04130310367598503,0.08071978868589039,-0.04607968302883557,-0.2094475016508915,-0.2265463350209113,0.1968567026194145,0.1732643627558882,-0.027796610169491524,0.08924058991855602,0.018600044023772837,-0.06722870349988994,-0.04208452564384768,0.08204930662557781,0.1267114241690513,-0.04097292537970504,-0.24639665419326437,-0.2315430332379485,-0.0400858463570328,0.1262821923838873,0.11751045564604887,0.07035439137134053,-0.0997820823244552,-0.1756504512436716,-0.025408320493066256,-0.195049526744442,0.0004688531807175875,-0.19560862865947612,-0.12854501430772616,-0.19473695795729695,-0.16436715826546336,-0.16753907109839314,-0.10205150781421968,0.019425489764472816,-0.15266784063394234,-0.2629672022892362,0.16933964340744,-0.013590138674884438,0.17510455646048867,0.06206471494607088,0.06213075060532688,-0.19482060312568786,-0.22889500330178297,-0.09660796830288355,0.38312128549416685,0.03148139995597623,0.19299141536429673,0.12098833370019811,0.15928461369139335,0.1546731234866828,0.2169997798811358,0.19539511336121507,0.25093110279550956,0.23191943649570768,0.16946731234866827,0.12844155844155844,0.3741646489104116,0.059128329297820824,-0.1161831388950033,0.10692934184459608,0.10377283733215936,-0.03574510235527185,0.09596962359674224,0.03775478758529606,0.12637904468412944,-0.08169491525423729,-0.03963680387409201,0.16959278010125467,-0.14553598943429452,0.042749284613691395,-0.11106977767994718,0.112557781201849,0.2136583755227823,0.032639225181598064,0.0740744001760951,-0.0684305524983491,-0.1150099053488884,0.04818622055910191,0.05344486022452124,-0.03752366277790006,-0.04247633722209993,0.09486022452124147,0.151864406779661,-0.020418225841954657,0.04225181598062954,0.11075720889280212,-0.045835351089588375,0.1333414043583535,0.27221879815100153
#51,0.4226106097292538,0.6166233766233766,0.5208122386088487,0.5160994937266123,-0.08920096852300242,0.08779661016949153,0.1075676865507374,0.09233325996037861,0.15902047105436937,1.0,0.34606207351970064,-0.20367378384327536,-0.21562623816861104,-0.12419986792868148,-0.07318291877613911,-0.10883557120845257,0.5367840633942329,0.3395795729694035,-0.0362491745542593,-0.1582280431432974,-0.09861985472154963,0.08188861985472155,0.05029495927801012,0.02430992736077482,0.1199537750385208,0.05801672903367819,0.28986352630420426,0.21387409200968524,-0.2049108518600044,-0.12956636583755227,0.1562557781201849,0.0652410301562844,-0.03672243011226062,0.1517147259520141,-0.2636275588817962,-0.06255558001320713,-0.27527624917455423,0.1499537750385208,-0.00933083865287255,0.2060246533127889,-0.11072859344045785,-0.1938234646709223,-0.20933744221879816,-0.1188729914153643,-0.1716486902927581,0.0061104996698217035,0.11967422408100374,-0.05823464670922298,0.1620757208892802,-0.03206031256878714,0.20039401276689411,0.10436935945410522,0.30971384547655734,0.011021351529826105,-0.10800572309046885,-0.0785097952894563,0.14536209553158705,-0.15849658815760512,0.24371340523882898,-0.0860312568787145,0.00338762931983271,-0.07831388950033018,-0.2690865067136254,-0.0801254677525864,0.3292758089368259,0.1760774818401937,-0.2263482280431433,-0.06850319172353071,-0.18565045124367158,-0.06035439137134052,0.13489984591679507,0.3659850319172353,-0.09146379044684129,0.0664538850979529,-0.259933964340744,-0.13899625797930884,-0.11056790666960159,0.06419766674003963,0.04897864847017389,0.04178516398855382,-0.25149900946511117,-0.33357252916574953,-0.2905921197446621,-0.5000242130750605,-0.2797512656834691,-0.18292978208232447,0.057737178076161126,-0.1843957737178076,-0.2726084085406119,-0.3584899845916795,-0.13666960158485583,-0.21479639005062734,-0.1653180717587497,0.12739159145938808,0.13246753246753246,0.4139511336121506,0.02804094210873872,0.3493484481620075,0.3549328637464231,0.36317191283292977,0.2904864626898525,0.1601915034118424,0.42009024873431655,0.20409641206251375,0.1893814659916355,0.09911952454325336,-0.043026634382566584,-0.06313009024873431,-0.313152102135153,0.035654853620955315,0.02668941228263262
#52,0.42105216817081226,0.46409641206251373,0.12637023992956195,0.11159806295399516,-0.025271846797270524,0.1390777019590579,0.1864472815320273,0.4565375302663438,0.4488355712084526,0.34606207351970064,1.0,0.1755227823024433,0.16622716266784063,0.11811138014527844,-0.3057296940347788,-0.35254677525863964,0.28104336341624475,0.1451221659696236,0.06917895663658376,-0.09079462909971385,-0.08877834030376404,-0.21114241690512878,-0.02863086066475897,-0.07070878274268105,0.15697776799471716,0.031204050187101033,0.08168170812238609,0.2169073299581774,0.30552718467972706,0.2568545014307726,0.09816420867268325,0.08374862425709884,0.021730134272507154,0.01481399955976227,-0.007233105877173674,0.05043803653973145,0.04605987233105877,0.015397314549856923,0.04238828967642527,-0.09689412282632621,0.12217917675544794,0.17196786264582875,0.019588377723970943,-0.03850539291217257,-0.12335681267884657,-0.1795179396874312,-0.2377790006603566,0.10206031256878714,-0.09782302443319392,0.14411182038300682,0.08047985912392693,-0.028151001540832048,0.14857803213735418,-0.1428945630640546,-0.15555800132071318,-0.16537530266343825,-0.1724851419766674,-0.23523002421307507,-0.06809156944750165,-0.17725952014087606,-0.026894122826326215,-0.14663438256658595,-0.11821923838872991,-0.09851639885538191,0.17303103675985032,0.24675985031917236,0.03381906229363856,0.1511468192824125,-0.016478098173013427,-0.1892559982390491,0.04175874972485142,0.24355712084525644,-0.07096412062513757,0.06389170151882016,-0.1711798371120405,-0.08652872551177636,-0.03222099933964341,-0.18555139775478757,0.16343605546995377,0.0801848998459168,-0.026634382566585957,-0.013171912832929782,0.12226942548976447,0.05575170592119744,-0.026187541272287035,0.039515738498789345,-0.07696015848558221,0.05946731234866828,0.10718688091569448,-0.036775258639665416,-0.11043583535108958,-0.049522342064714946,-0.1966718027734977,0.029304424389170153,-0.08068897204490424,0.262887959498129,0.09219678626458287,0.12835571208452565,-0.04915694475016509,0.040774818401937044,0.05475016508914814,0.06655513977547876,0.07329077701959058,0.05617873651771957,-0.11125467752586396,0.008197226502311248,0.014008364516839093,-0.12643847677745984,-0.19828087167070219,-0.12585516178736517,-0.14296500110059432
#53,-0.011846797270526083,-0.14258859784283512,-0.1776007043803654,-0.044508034338542814,0.4697182478538411,0.3519502531366938,0.185478758529606,0.4430244331939247,0.2528615452344266,-0.20367378384327536,0.1755227823024433,1.0,0.7473497688751926,0.6096434074400177,-0.33757869249394673,-0.5457671142416906,-0.22154523442659035,-0.29873211534228483,-0.08452344265903589,-0.19189962579793088,-0.4179793088267664,-0.4945630640545895,-0.5413779440898085,-0.5183028835571208,-0.4493330398415144,-0.32184679727052606,-0.4952696456086287,-0.46849218578032137,0.4368434954875633,0.5113075060532688,-0.04248294078802553,0.11910411622276029,0.12064714946070879,-0.1929738058551618,0.11241470394012767,0.3280585516178737,-0.03557561082984812,0.007321153422848338,-0.25313009024873434,-0.2747919876733436,0.22973365617433414,0.49065155183799253,0.11724851419766674,0.4399933964340744,-0.20115782522562184,-0.08689852520360995,-0.077244111820383,-0.07619194364957077,-0.1221087387189082,-0.281996478098173,-0.16817081223860886,-0.2722055910191503,-0.3579616993176315,-0.4488201628879595,-0.44859123926920536,-0.16597842835130971,-0.35297160466651994,-0.1462293638564825,0.03276469293418446,0.024723750825445742,0.2952872551177636,0.25012987012987015,0.3597468633061853,-0.1746665199207572,-0.3285274047985912,-0.3401188641866608,0.23258639665419326,0.0960774818401937,0.08051507814219679,0.07765353290777019,-0.05044464010565705,-0.22108958837772397,0.29064935064935066,0.2671802773497689,0.30600264142637024,-0.005553598943429452,0.34571648690292756,0.15222980409421089,0.19155403918115782,-0.24039841514417787,0.48312788906009246,0.43208232445520584,0.3463020030816641,0.43779440898084965,0.6003543913713405,0.6153753026634382,0.1964670922298041,0.5207219898745322,0.34942769095311466,0.5464384767774598,0.19482280431432974,0.2572529165749505,0.04163108078362315,0.27744441998679287,0.199702839533348,-0.23848558221439578,-0.301402157164869,0.012196786264582874,-0.23250715386308607,0.11666740039621395,-0.10971164428791548,-0.011860004402377283,-0.23399515738498788,0.08798371120405019,-0.18917455425930002,0.006687211093990755,0.0702047105436936,0.26126348228043145,0.351353731014748,0.2025049526744442,0.21991635483160907
#54,-0.052359674224081006,-0.0863548316090689,-0.12268985252036099,-0.1016156724631301,0.371303103675985,0.45011226062073517,0.12108298481179837,0.37335241030156285,0.15912172573189523,-0.21562623816861104,0.16622716266784063,0.7473497688751926,1.0,0.5407351970063834,-0.42269425489764473,-0.5484129429892142,-0.21104996698217038,-0.23527184679727053,-0.22911952454325335,-0.1516486902927581,-0.5110389610389611,-0.5236649790887079,-0.47835130970724193,-0.5412832929782082,-0.4618732115342285,-0.41438036539731454,-0.40997578692493947,-0.4074884437596302,0.6233105877173674,0.47687871450583313,0.1611600264142637,-0.04740479859123927,0.23861765353290776,-0.1997820823244552,0.09580673563724411,0.1929275808936826,-0.0633744221879815,-0.04418225841954655,-0.2542504952674444,-0.30953775038520803,0.2940810037420207,0.3836825885978428,0.05716486902927581,0.2486946951353731,-0.22136913933524102,-0.08995597622716267,-0.0537310147479639,0.06387849438696896,0.015348888399735857,-0.06723530706581554,-0.09768875192604007,-0.15588377723970945,-0.21314109619194366,-0.15225841954655514,-0.5197160466651992,-0.09950693374422188,-0.44077922077922077,-0.21841294298921418,0.05382786704820603,0.03985252036099494,0.20950473255558003,0.11936825885978429,0.27938806955756107,-0.1917015188201629,-0.27378604446401056,-0.29413823464670924,0.18706361435174995,0.06705480959718248,-0.08690512876953554,0.03810477657935285,-0.044818401937046004,-0.23640545894783183,0.2702289236187541,0.2852872551177636,0.23342945190402817,0.04485362095531587,0.31206031256878713,0.11458727712965001,0.19196566145718688,-0.311204050187101,0.4918864186660797,0.5186022452124147,0.5596169931763152,0.4442328857583095,0.4432247413603346,0.5669073299581774,0.09077481840193705,0.5914307726172133,0.4164780981730134,0.47586396654193264,0.10661677305745103,0.14012106537530267,0.0385230024213075,0.23537750385208012,0.08213295179396875,-0.08172573189522342,-0.3577041602465331,0.1414373761831389,-0.2848117983711204,0.1326502311248074,0.019966982170372002,0.17438036539731455,-0.20557120845256438,0.11920757208892802,-0.21826986572749285,0.055553598943429455,0.18670482060312568,0.20981069777679948,0.24311248073959937,0.21797710763812458,0.11150781421967863
#58,-0.16510455646048866,-0.16181598062953995,-0.20300462249614792,-0.08051507814219679,0.3282654633502091,0.23772837332159366,0.30656174334140435,0.2504930662557781,0.3244706141316311,-0.12419986792868148,0.11811138014527844,0.6096434074400177,0.5407351970063834,1.0,-0.147343165309267,-0.5260554699537751,-0.12082104336341624,-0.351897424609289,-0.16372661237068017,-0.18130090248734315,-0.2764604886638785,-0.4026744441998679,-0.48307285934404576,-0.35286814880035217,-0.27668280871670703,-0.23637684349548757,-0.5952564384767774,-0.36507153863086067,0.2508056350429232,0.42128109178956635,-0.24212854941668502,0.26408980849658814,-0.1561831388950033,-0.220528285274048,0.16115122165969623,0.3952520360994937,0.06475676865507374,0.06712524763372221,-0.24511116002641425,-0.22240810037420206,0.1121813779440898,0.33259520140876075,0.18945190402817522,0.41134052388289677,-0.037895663658375524,0.03414483821263482,-0.18234426590358793,-0.17114461809377063,-0.19818181818181818,-0.32799911952454325,-0.351534228483381,-0.36009685230024213,-0.4912987012987013,-0.4294497028395333,-0.4399471714725952,-0.19471494607087828,-0.11023992956196346,-0.09677966101694915,0.1545146379044684,0.11378164208672684,0.6471142416905129,0.5432203389830509,0.5327448822364077,-0.21492185780321374,-0.41855381906229366,-0.39619414483821264,0.5364582874752366,-0.009132731675104557,0.26003521901826987,0.3022738278670482,0.0611930442438917,-0.07463130090248735,0.4367686550737398,0.36348007924279113,0.5004886638784943,0.3723992956196346,0.564356152322254,0.43215276249174556,0.43220559101915035,-0.03558441558441559,0.09012766894122827,0.2534140435835351,0.20927580893682587,0.292755888179617,0.5884415584415584,0.5663174114021572,0.41236187541272284,0.14672243011226063,0.03175654853620955,0.6369205370900286,0.18930002201188642,0.4706845696676205,0.20619194364957077,0.27770195905789125,0.23443319392471934,-0.26519260400616335,-0.1940413823464671,-0.18399075500770415,-0.2928527404798591,0.023321593660576713,-0.07159145938806956,-0.21364076601364737,-0.051391151221659694,-0.10862645828747523,-0.20967422408100375,-0.16926040061633282,-0.08209112920977328,0.6060664758969844,0.47425709883337,0.3407241910631741,0.3164450803433854
#101,-0.3801518820162888,-0.06568567026194144,-0.16508034338542812,-0.23278010125467752,-0.21305084745762712,-0.37792648029936166,-0.008983050847457628,-0.251915034118424,-0.0637508254457407,-0.07318291877613911,-0.3057296940347788,-0.33757869249394673,-0.42269425489764473,-0.147343165309267,1.0,0.5458199427690953,-0.07184679727052608,-0.10741360334580674,0.35180937706361437,0.15420867268324895,0.7457120845256439,0.23683469073299582,0.2710015408320493,0.20933524103015627,0.28169711644287915,0.016889720449042484,-0.03447941888619855,-0.1366123706801673,-0.49739159145938805,-0.5386242570988333,-0.2568500990534889,-0.1087607307946291,-0.22331278890600925,-0.09925819942769096,-0.14258859784283512,-0.24886198547215496,-0.051391151221659694,-0.25016508914814,0.1432049306625578,-0.02732775698877394,-0.47224521241470396,-0.318597842835131,0.13137574290116663,-0.1523992956196346,0.33323574730354394,-0.023896103896103898,0.07793088267664539,-0.2689852520360995,-0.09839533348007924,-0.1540942108738719,-0.31702179176755446,-0.23664318732115341,-0.11022232005282853,-0.03842615012106537,0.5388685890380805,0.13254897644728153,0.4121417565485362,0.02409421087387189,-0.047448822364076604,-0.16766894122826326,0.01020691173233546,0.11046885318071759,-0.19389830508474576,-0.014659916354831609,-0.1536913933524103,-0.1338234646709223,-0.028115782522562183,-0.13865947611710325,0.3585296059872331,0.2606405458947832,0.030955315870570106,-0.00714505833149901,-0.17502091129209774,-0.4231124807395994,-0.0020228923618754125,-0.09961699317631521,-0.16868368919216375,0.06471494607087827,-0.015005502971604667,-0.0028703499889940567,-0.18711424169051288,-0.2113449262601805,-0.21798151001540833,-0.16847457627118645,-0.352689852520361,-0.21460268545014308,0.11324675324675325,-0.4327955095751706,-0.3585340083645168,-0.18287695355491965,-0.17866167730574511,0.0027779000660356594,-0.048705701078582436,-0.13164428791547436,0.013248954435395113,-0.1754655513977548,0.006585956416464891,-0.34131631080783625,-0.15249614791987673,-0.29,-0.3854831609068897,-0.3275610829848118,-0.07909531146819282,-0.2040083645168391,-0.0032863746423068456,-0.23382786704820605,-0.251402157164869,-0.02698217037200088,-0.01801232665639445,-0.07145278450363196,0.05333039841514418
#102,-0.16838872991415366,0.08159586176535329,0.06457847237508255,-0.11735197006383447,-0.4825819942769095,-0.5648360114461809,-0.19253576931543034,-0.4343517499449703,-0.30823464670922296,-0.10883557120845257,-0.35254677525863964,-0.5457671142416906,-0.5484129429892142,-0.5260554699537751,0.5458199427690953,1.0,0.01571648690292758,0.13034118423948932,0.2321153422848338,0.5473321593660577,0.5047633722209993,0.6169975786924939,0.383284173453665,0.47098613251155624,0.3122342064714946,0.31339863526304207,0.2734536649790887,0.13687211093990756,-0.591749944970284,-0.6568545014307726,0.05777900066035659,-0.2736055469953775,-0.0014021571648690292,0.1241008144397975,-0.08399075500770416,-0.4654061193044244,-0.10828967642526964,-0.22020250935505173,0.1139225181598063,0.15804534448602245,-0.4657032797710764,-0.4087365177195686,0.04199427690953115,-0.2458595641646489,0.17378604446401055,0.08301782962799913,-0.07765573409641206,-0.052670041822584196,0.08776139115122165,0.23927360774818401,0.06440237728373321,0.18012106537530267,0.25873211534228485,0.4509355051727933,0.5370305965221219,0.3670416024653313,0.1956306405458948,0.27686550737398197,-0.3198481179837112,-0.09230904688531807,-0.4408166409861325,-0.23854061193044243,-0.38688531807175874,0.23983270966321812,0.1551617873651772,0.24724851419766675,-0.3350209112920977,0.04053929121725732,0.1938366718027735,0.2016222760290557,0.09286374642306845,0.1302707462029496,-0.41714285714285715,-0.4252410301562844,-0.33200748404138236,-0.15671362535769315,-0.4647281532027295,-0.2647391591459388,-0.3435901386748844,0.18859344045784723,-0.2818710103455866,-0.41287695355491966,-0.1563152102135153,-0.160429231785164,-0.4711116002641426,-0.4770504072198987,-0.22678846577151662,-0.43366057671142416,-0.3653026634382567,-0.45049746863306184,-0.21138234646709222,-0.22823904908650672,-0.17902267224301122,-0.32903587937486245,-0.25510235527184677,0.09305304864626898,0.2525885978428351,-0.08016508914814,0.11312788906009245,-0.19731234866828087,-0.025980629539951575,-0.028732115342284835,-0.12456526524323135,-0.011507814219678626,0.0974158045344486,0.06662998018930222,-0.060114461809377066,-0.40436935945410524,-0.03914373761831389,-0.4066563944530046,-0.30346246973365615
#201,0.34007043803653975,0.35928461369139336,0.7071098393132291,0.45871890821043365,-0.2325313669381466,-0.11279330838652872,0.05585075941008144,0.17474136033458068,0.16358353510895884,0.5367840633942329,0.28104336341624475,-0.22154523442659035,-0.21104996698217038,-0.12082104336341624,-0.07184679727052608,0.01571648690292758,1.0,0.6522980409421087,-0.06894342945190403,-0.32958177415804535,-0.10520581113801453,-0.044058991855602025,0.17441998679286816,0.042520360994937265,0.29159806295399515,0.11066255778120185,0.30469733656174336,0.1236583755227823,-0.04409421087387189,-0.24865067136253577,0.27949592780101257,0.05977547875852961,0.2386418666079683,0.3974334140435835,-0.2317191283292978,-0.22699537750385207,-0.08701078582434514,0.11508474576271187,-0.07559101915034118,0.20119744662117545,-0.1269403477878054,-0.30678846577151664,-0.16316310807836232,-0.16317191283292978,-0.26881796169931765,-0.167508254457407,-0.026062073519700638,0.04655513977547876,0.18431873211534228,0.06631080783623157,0.31800792427911073,0.3191855602025094,0.4075148580233326,0.32751926040061635,0.10176535329077702,0.08237728373321594,-0.1198084965881576,-0.4987871450583315,0.16180057230904688,-0.1614769975786925,-0.045408320493066257,-0.15964340744001762,-0.3681620074840414,-0.09500110059432093,0.2472243011226062,0.20862425709883337,-0.28442218798151003,-0.14810477657935284,-0.00288135593220339,0.11606647589698438,0.5137090028615452,0.611714725952014,0.04417785604226282,0.18741140215716487,-0.35292317851639887,-0.12071978868589038,-0.24929121725731895,0.01763152102135153,0.22111820383006825,0.21812678846577152,-0.42673563724411184,-0.38772397094430994,-0.2732907770195906,-0.3236979969183359,-0.1629385868368919,-0.21591679506933745,-0.006357032797710764,-0.3433149900946511,-0.38136253576931545,-0.2628527404798591,-0.28244552058111383,-0.10790006603565926,-0.2029275808936826,0.15604006163328196,0.23509355051727934,0.6624807395993837,0.1610213515298261,0.4867114241690513,0.33653532907770195,0.3182984811798371,0.5599515738498789,0.4910345586616773,0.27276689412282634,0.500939907550077,0.34071978868589037,0.26998899405679067,0.21223640766013646,-0.14672022892361875,-0.2538058551617874,0.005454545454545455,0.07351309707241911
