,#10,#11,#12,#13,#17,#18,#26,#49,#50,#51,#52,#53,#54,#58,#101,#102,#201,#202,#301,#302,#401,#402,#501,#502,#601,#602,#701,#702,#801,#802,#901,#902,#1001,#1002,#1101,#1102,#1201,#1202,#1301,#1302,#1401,#1402,#1501,#1502,#1601,#1602,#1701,#1702,#1801,#1802,#1901,#1902,#2001,#2002,#2101,#2102,#2201,#2202,#2301,#2302,#2401,#2402,#2501,#2502,#2601,#2602,#2701,#2702,#2801,#2802,#2901,#2902,#3001,#3002,#3101,#3102,#3201,#3202,#3301,#3302,#3401,#3402,#3455,#3501,#3502,#3601,#3602,#3701,#3702,#3801,#3802,#3901,#3902,#4001,#4002,#4101,#4102,#4201,#4202,#4301,#4302,#4401,#4402,#4501,#4502,#4601,#4602,#4701,#4702,#4801,#4802
#10,1.0,0.37797930882676645,0.1718137794408981,0.5486374642306846,0.2093550517279331,0.09612810917895663,0.05048646268985252,0.584785384107418,0.09397094430992736,0.5914439797490645,0.4710697776799472,0.085181598062954,0.01725952014087607,-0.11522121945850759,0.29116222760290555,0.192062513757429,0.3065001100594321,0.09216156724631301,0.3288663878494387,0.24793528505392912,0.1866519920757209,0.19631741140215717,0.17478758529605987,-0.06042703059652212,0.24141316310807837,-0.07171472595201409,-0.16164648910411622,-0.202557781201849,-0.011758749724851419,0.19047325555800132,-0.23516839093110278,-0.17844155844155843,-0.22341844596081883,-0.17141536429672022,0.06738498789346246,0.05567246313009025,-0.14401937046004842,-0.17333259960378605,0.07900066035659256,-0.01736517719568567,0.22381465991635482,-0.032931983270966324,-0.07295839753466872,-0.07672683248954436,-0.05441998679286815,-0.0124983491085186,-0.19010785824345147,-0.2700484261501211,-0.2297820823244552,-0.3787167070217918,-0.20412062513757429,-0.2067950693374422,-0.11638564825005503,0.058749724851419764,0.03357693154303324,0.049625797930882676,-0.015679066696015848,0.05894783182918776,-0.27380585516178735,-0.15147479639005063,-0.3186506713625358,-0.2839643407440018,0.022909971384547655,-0.02569667620515078,-0.027206691613471275,0.15004182258419546,-0.07183579132731675,-0.07229143737618314,0.3054655513977548,0.17647149460708783,-0.015401716927140655,0.09704380365397315,0.22313889500330178,-0.09934844816200748,-0.2005458947831829,-0.3260290556900726,-0.3453664979088708,-0.3740810037420207,0.1815496368038741,0.0007572088928021132,0.036022452124147036,0.2567510455646049,0.0026304204270305967,-0.016621175434734757,-0.07987893462469733,-0.24527624917455426,-0.34511776359233987,0.0670394012766894,0.34245432533568126,-0.04763812458727713,-0.15392692053709003,-0.28391371340523885,-0.24758309487123045,-0.23906889720449043,-0.21813339203169713,0.07344486022452124,-0.03897424609289016,-0.003968743121285494,-0.04440017609509135,-0.137376183138895,-0.032564384767774596,-0.023662777900066035,0.1488531807175875,0.16489544353951133,-0.05149240589918556,-0.3093616552938587,-0.18391151221659696,-0.19690512876953556,-0.22455205811138015,-0.122260620735197,0.04913493286374642
#11,0.37797930882676645,1.0,0.4291547435615232,0.40977327756988774,0.1686154523442659,-0.122524763372221,0.1123794849218578,0.12285053929121725,0.2125841954655514,0.5165045124367158,0.2239621395553599,-0.16168170812238608,-0.187178076161127,-0.03661237068016729,0.2254765573409641,0.21863746423068456,0.2614373761831389,0.1991899625797931,0.2080299361655294,0.2641184239489324,-0.10454325335681268,0.15573849878934626,0.1444684129429892,-0.050735197006383445,0.22576271186440677,0.1770019810697777,-0.13402817521461588,-0.180099053488884,-0.2501893022232005,0.18268104776579352,-0.4135945410521682,-0.4080893682588598,-0.17020250935505174,-0.1362425709883337,0.07313449262601805,-0.019663218137794407,0.06727933083865287,-0.13759850319172354,0.1254259300022012,0.16173013427250715,0.11305304864626899,-0.14812458727712965,0.0787871450583315,-0.25529165749504734,-0.15782082324455204,-0.05684569667620515,-0.1208892802113141,-0.2721241470394013,-0.30815760510675766,-0.23593000220118865,-0.04822804314329738,0.016436275588817963,0.07533348007924279,0.03776799471714726,0.06041602465331279,0.17108298481179837,0.11559101915034119,0.3567752586396654,0.02977988113581334,-0.03950693374422188,-0.06647589698437156,-0.1496896324014968,-0.10460268545014308,-0.1420228923618754,-0.08156284393572528,0.12480299361655293,-0.16030596522121945,-0.04610829848117984,0.28877834030376404,0.09662117543473475,0.01841734536649791,-0.027010785824345147,0.09596742240810037,-0.1665265243231345,-0.12189082104336342,-0.11304204270305965,-0.19325335681267886,-0.10672243011226062,0.19723530706581555,-0.0786946951353731,-0.2121351529826106,0.010519480519480519,-0.18414043583535109,-0.2907528065155184,-0.177012987012987,-0.2646731234866828,-0.31162447721769754,-0.015654853620955315,0.16291657495047326,0.012126348228043144,0.13210873871890821,-0.2208364516839093,-0.15518379925159587,-0.23764252696456087,-0.19443539511336122,0.12775698877393793,0.08561303103675985,-0.015830948712304643,0.11172793308386529,-0.26402597402597405,-0.13683248954435395,0.0324125027514858,0.017816420867268326,0.18822584195465553,-0.05574290116662998,-0.18826326216156725,-0.2035527184679727,-0.14869249394673123,-0.2086880915694475,-0.09395333480079243,0.11073739819502532
#12,0.1718137794408981,0.4291547435615232,1.0,0.2680805635042923,0.21101694915254238,0.04767774598283073,0.2615936605767114,-0.0911996478098173,0.005608628659476117,0.3551727933083865,0.014428791547435616,-0.009793088267664538,-0.027017389390270746,-0.09416024653312789,-0.041681708122386085,0.03561743341404358,0.21139995597622716,0.3937838432753687,0.1991173233546115,0.0003786044464010566,-0.1593484481620075,0.040832049306625574,0.22980409421087386,0.14810697776799472,0.12622716266784065,0.1369535549196566,0.10578472375082544,0.01676205150781422,0.014717147259520141,0.008393132291437377,-0.01981069777679947,-0.012344265903587937,0.17621835791327317,-0.24345586616773057,-0.019550957517059212,-0.21844155844155844,0.027362976007043804,-0.12162227602905569,0.3634624697336562,0.07668060752806516,-0.04009024873431653,-0.10937486242570989,-0.0812656834690733,-0.22186880915694476,-0.11651771956856703,-0.20404358353510896,0.051516618974246094,-0.06182038300682369,-0.11773057451023552,-0.077442218798151,0.06339863526304204,0.07387189082104337,0.13050847457627118,0.3025489764472815,0.1291371340523883,-0.034688531807175876,-0.11817741580453445,0.011421967862645828,-0.06842394893242351,0.07949592780101254,0.09532467532467533,0.03600264142637024,0.005958617653532908,0.02451683909311028,0.17052168170812237,0.13953114681928241,-0.017369579572969404,-0.04719348448162008,0.0649636803874092,0.1008760730794629,-0.08320713185119964,0.035914593880695574,-0.1417081223860885,-0.15505392912172572,-0.37336341624477215,-0.048362315650451244,-0.32187541272287035,-0.13264582874752368,0.16972044904248293,-0.026656394453004623,-0.03813779440898085,-0.09455425930002201,0.00953334800792428,0.0007285934404578472,-0.13493946731234868,-0.07259520140876073,-0.09105657054809597,-0.0858133392031697,-0.02452344265903588,-0.43655734096412063,0.060374202069117325,-0.007090028615452344,-0.048787145058331496,-0.07954215276249174,-0.0975941008144398,0.2313383226942549,0.14098833370019812,0.3220008804754568,0.2635219018269866,-0.10276909531146819,0.0016817081223860885,0.15666079683028836,0.17904028175214615,0.17300022011886418,0.025731895223420648,0.08866387849438696,0.011250275148580234,-0.010358793748624258,-0.14099273607748183,-0.12347347567686551,0.08740479859123927
#13,0.5486374642306846,0.40977327756988774,0.2680805635042923,1.0,0.05416244772176976,-0.012469733656174334,0.1397094430992736,0.4194629099713845,0.26387409200968526,0.610264142637024,0.4085846357032798,0.026387849438696896,-0.09729473915914594,-0.016086286594761173,0.3027470834250495,0.2832973805855162,0.23093550517279332,0.023209333039841514,0.29981289896544133,0.28677305745102355,0.20922298040942108,0.12616773057451022,0.3011666299801893,-0.018353510895883777,0.34937486242570986,0.1886352630420427,-0.08709663218137795,-0.18552938586836892,-0.14107638124587277,0.11270085846357032,-0.29239049086506713,-0.062366277790006606,-0.28442659035879375,-0.20007704160246534,0.11180057230904689,0.12601804974686331,-0.031369139335241034,-0.25901386748844374,0.05351970063834471,-0.2005084745762712,0.15798591239269205,-0.026398855381906228,-0.19519040281752145,-0.17936825885978427,0.0941008144397975,0.15917455425930002,-0.3194519040281752,-0.33201408760730794,-0.3185163988553819,-0.1198943429451904,-0.29233766233766234,0.0073739819502531365,-0.0400396213955536,-0.010011005943209333,0.17257318952234207,0.09636363636363636,0.28941228263262164,0.17367598503191722,-0.013000220118864187,-0.021890821043363415,-0.38150561303103675,-0.4221549636803874,-0.022837332159366057,-0.04086286594761171,-0.022876953554919657,0.09641866607968302,-0.12817741580453446,-0.13604006163328197,0.32344926260180495,0.2042835130970724,0.03898965441338323,0.06151001540832049,0.11312788906009245,-0.1700924499229584,-0.2790490865067136,-0.31521021351529827,-0.43583755227823023,-0.4325071538630861,0.24486242570988334,0.1375016508914814,-0.04735417125247634,-0.058250055029716044,-0.029388069557561083,0.004202069117323354,-0.17248294078802553,-0.4839951573849879,-0.5495817741580453,-0.06796610169491525,0.29430112260620733,-0.12577151661897423,-0.1437508254457407,-0.2385296059872331,-0.022392692053709,-0.4695201408760731,-0.2795795729694035,0.024734756768655074,-0.03233546114902047,-0.2387937486242571,-0.00924058991855602,-0.32399735857362977,-0.08849438696896324,-0.2122738278670482,0.053273167510455646,-0.04610169491525424,-0.1983579132731675,-0.41551397754787583,-0.12568567026194144,-0.2721021351529826,-0.38580453444860224,-0.307409200968523,0.11100594320933305
#17,0.2093550517279331,0.1686154523442659,0.21101694915254238,0.05416244772176976,1.0,-0.1510543693594541,0.049782082324455204,0.04262161567246313,0.08348448162007484,0.1711666299801893,-0.056984371560642746,-0.20143517499449703,-0.17,-0.0874620294959278,-0.13162227602905568,-0.013543913713405239,-0.037556680607528065,-0.05916354831609069,-0.15629319832709662,-0.11336561743341404,-0.14995597622716267,0.06329958177415805,0.016704820603125687,0.11170151882016288,-0.02530926700418226,-0.010455646048866387,0.03777679947171472,0.2984679727052608,-0.1305216817081224,0.26957737178076163,-0.26234426590358795,0.09735857362976007,-0.06828747523662777,0.19997138454765573,0.19657054809597183,0.22654413383226943,0.11332159366057672,0.018283072859344045,0.06817961699317632,0.1556350429231785,0.08651331719128329,0.05861765353290777,-0.18100594320933305,0.00014968082764692933,-0.04884217477437816,0.012648029936165529,0.11633281972265024,0.08917235307065816,0.22298921417565484,0.12095311468192824,0.18296279991195247,0.07769095311468192,0.06839753466872112,0.025780321373541713,0.09390050627338763,-0.020281752146158925,-0.011679506933744222,0.12172573189522343,-0.2049636803874092,0.11424169051287696,-0.020662557781201848,-0.18320272947391592,0.06367378384327536,-0.06671362535769315,0.007739379264802994,0.2548206031256879,-0.1914769975786925,0.04058111380145278,-0.05181818181818182,-0.010730794629099713,-0.28907550077041605,-0.13152542372881357,-0.15301562843935726,0.062476337222099936,0.07554479418886198,0.2935439137134052,-0.0836121505613031,0.10565925599823905,-0.02993616552938587,-0.04969183359013867,0.11933524103015629,0.06888839973585736,0.03968302883557121,-0.21370460048426151,-0.015910191503411844,-0.14539071098393133,-0.09690953114681929,0.07777459828307286,0.051406559542152765,0.12440237728373321,-0.012652432313449263,-0.2539577371780762,-0.05004182258419546,-0.08188421747743782,0.03549196566145719,0.14807616112700858,0.04630640545894783,-0.07215276249174554,-0.0413119084305525,0.12819062293638564,0.19277129650011007,0.023066255778120184,0.035965221219458506,0.09328197226502312,0.08840413823464671,0.08701298701298701,0.1552674444199868,0.04066035659255998,-0.030424829407880254,-0.28544574069997797,-0.12406779661016949
#18,0.09612810917895663,-0.122524763372221,0.04767774598283073,-0.012469733656174334,-0.1510543693594541,1.0,0.15460268545014308,-0.07478978648470173,-0.20564604886638785,-0.007512656834690733,-0.02178516398855382,0.6389852520360995,0.5749086506713625,0.3403499889940568,-0.07190622936385649,-0.0799933964340744,0.10029936165529386,0.18539511336121506,-0.05816640986132512,-0.013951133612150562,0.06534448602245213,-0.15880255337882457,0.01940347787805415,-0.015894783182918776,-0.13925379705040722,-0.27974466211754345,-0.06930002201188643,-0.06601364736957957,0.5855558001320713,-0.4385890380805635,0.5440854061193044,0.21955535989434294,0.14714725952014088,-0.12174554259300022,-0.31412062513757427,0.024602685450143078,-0.179537750385208,-0.1852278230244332,0.19567686550737398,-0.19006383447061412,-0.16770856262381686,-0.14778120184899846,0.1618842174774378,0.05807836231565045,0.1544574069997799,0.21229143737618314,0.008641866607968302,-0.06720449042482941,0.053733215936605766,0.003044243891701519,0.011201848998459168,0.001314109619194365,-0.16734316530926702,0.130396213955536,0.020581113801452784,-0.08938586836891922,-0.15714065595421528,-0.38113141096191944,-0.07087167070217917,-0.08322914373761832,-0.2048448162007484,-0.12866607968302884,0.20393132291437377,0.36910631741140215,0.017023992956196346,-0.2507638124587277,0.5607770195905789,0.12042923178516399,-0.07675104556460488,0.11198327096632181,0.019599383667180278,0.04086066475896984,0.04697116442879155,-0.06720669161347127,-0.2271978868589038,-0.23334140435835352,-0.28879594981289897,-0.2861633281972265,0.2182940788025534,0.3347743781642087,0.3120052828527405,0.4418401937046005,0.5359189962579793,0.6621087387189082,0.16798371120405017,0.09058111380145278,0.10428571428571429,0.06627118644067796,-0.025238828967642526,-0.24845476557340965,0.018703499889940568,0.27689192163768434,0.056687211093990754,0.01034338542813119,0.2122408100374202,-0.047552278230244334,-0.08834690732995817,0.2514307726172133,-0.06988333700198107,-0.167112040501871,-0.021085186000440237,0.021457186880915694,0.1738036539731455,-0.008109178956636584,-0.14086286594761172,-0.01702179176755448,-0.10943649570768214,-0.25977547875852963,0.03089588377723971,-0.04591239269205371,0.043138895003301786
#26,0.05048646268985252,0.1123794849218578,0.2615936605767114,0.1397094430992736,0.049782082324455204,0.15460268545014308,1.0,0.08502091129209774,0.040250935505172794,0.1124058991855602,0.07000440237728374,0.18783623156504511,0.24357693154303323,0.024976887519260402,-0.0838432753686991,-0.08088487783403038,-0.16902267224301123,0.1879308826766454,-0.06571428571428571,-0.2121219458507594,-0.11579572969403477,0.004851419766674004,0.021300902487343166,-0.08371780761611271,-0.1237640325775919,0.010039621395553599,-0.02206251375742901,0.049988994056790664,0.27806075280651554,-0.23416244772176975,0.2162953995157385,0.06372881355932203,-0.15029936165529387,0.05060972925379705,-0.1538432753686991,-0.179702839533348,-0.11904688531807175,0.03480739599383667,0.3124741360334581,-0.0048668280871670706,-0.02634602685450143,-0.11801012546775258,0.01235527184679727,-0.11322474136033459,-0.03219898745322474,-0.08578032137354172,-0.011127008584635703,-0.05639665419326436,0.014532247413603346,0.10031256878714506,0.016040061633281973,0.03726172132951794,-0.08036319612590799,0.07250055029716046,-0.09898745322474135,-0.05242791107197887,0.05613911512216597,-0.038452564384767775,-0.01534668721109399,0.06513757429011666,-0.11455425930002201,-0.16215716486902929,0.13232225401716927,0.28745982830728595,0.12944970283953336,-0.019132731675104556,0.240693374422188,0.2888751926040062,-0.0387409200968523,0.06392471934844816,0.03585296059872331,0.05404138234646709,0.021113801452784502,-0.1767620515078142,-0.23064714946070877,-0.1613119084305525,-0.1762821923838873,-0.057409200968523005,0.2160180497468633,0.02508694695135373,0.07923178516398856,-0.08693594541052169,0.2211666299801893,0.1907395993836672,0.0036539731454985694,0.03811578252256218,-0.04701959057891261,-0.11198767334360554,0.11171912832929783,-0.22983270966321814,0.11650891481399955,-0.047345366497908874,-0.03198767334360555,0.10850759410081444,0.17031036759850318,0.04595641646489104,-0.2223794849218578,0.13822804314329737,-0.01016288795949813,-0.27129650011005946,-0.05420206911732336,0.007446621175434735,0.15073079462909972,0.13648250055029715,-0.06659035879374862,-0.14385868368919216,-0.09795509575170593,-0.09004402377283734,0.011791767554479419,-0.08217257318952234,-0.013099273607748183
#49,0.584785384107418,0.12285053929121725,-0.0911996478098173,0.4194629099713845,0.04262161567246313,-0.07478978648470173,0.08502091129209774,1.0,0.31044464010565703,0.3129253797050407,0.2631476997578692,0.11965221219458508,0.0032533568126788467,-0.05153863086066476,0.20959498128989654,0.028685890380805636,0.07268545014307726,-0.2472573189522342,0.17771516618974245,0.12728593440457847,0.16676205150781423,0.1807836231565045,0.036464891041162226,-0.19542813119084307,0.11369579572969403,-0.08070658155403918,-0.0363020030816641,-0.17991855602025095,-0.09394012766894123,0.09399955976227163,-0.23596081884217476,-0.12871890821043364,-0.43152762491745544,-0.1189522342064715,0.002487343165309267,0.09117543473475677,-0.09174334140435836,-0.03791107197886859,-0.03488003521901827,-0.12060972925379705,0.005817741580453445,0.08519040281752147,-0.017090028615452346,-0.09576931543033237,0.04692493946731235,-0.058639665419326435,-0.18679947171472594,-0.13918556020250936,-0.13482280431432975,-0.10513537310147479,-0.17076161127008585,-0.07795289456306405,-0.08423948932423508,-0.13560862865947612,0.053389830508474574,0.08659255998239049,0.24411842394893243,0.09876513317191284,-0.070132071318512,-0.10848778340303764,-0.4195971824785384,-0.41079683028835573,-0.017926480299361655,-0.0013229143737618313,0.13821703720008804,0.19895223420647148,-0.047373981950253136,0.0335197006383447,0.2598943429451904,0.2345410521681708,0.04971604666519921,0.14939467312348667,0.2302047105436936,-0.013024433193924718,-0.07685009905348889,-0.23359454105216818,-0.2582720669161347,-0.19896984371560641,0.05124807395993837,-0.05961259079903148,-0.0007241910631741141,0.045674664318732114,-0.14788245652652432,0.04776799471714726,-0.006161127008584635,-0.2958793748624257,-0.44680387409200967,-0.010911292097732776,0.2662799911952454,-0.04042703059652212,-0.20629099713845478,-0.3431499009465111,-0.1825445740699978,-0.22552498349108518,-0.2494981289896544,0.16817521461589258,-0.1359652212194585,-0.29539951573849876,-0.008419546555139776,-0.07148360114461809,0.06199647809817301,-0.13169711644287915,0.030556900726392253,-0.10922077922077922,-0.15354391371340523,-0.43162447721769753,-0.0560444640105657,-0.39457847237508253,-0.18419766674003962,-0.2626348228043143,-0.021197446621175436
#50,0.09397094430992736,0.2125841954655514,0.005608628659476117,0.26387409200968526,0.08348448162007484,-0.20564604886638785,0.040250935505172794,0.31044464010565703,1.0,0.22943649570768215,0.309306625577812,-0.12815540391811578,-0.056605767114241694,-0.07550077041602465,0.19180057230904687,-0.021657495047325555,0.13154523442659036,-0.1471846797270526,0.05570548095971825,0.07893902707462029,0.06411842394893243,-0.09018269865727493,0.01362095531587057,-0.21760950913493288,-0.08312568787145058,-0.08246092890160686,-0.13942989214175655,-0.19805194805194806,-0.03005062733876293,0.3322716266784063,-0.3631741140215716,-0.024534448602245212,-0.3601364736957957,-0.0067290336781862204,0.17222980409421088,0.3538234646709223,0.2136319612590799,-0.008615452344265903,0.02890380805635043,-0.08346246973365617,0.17007484041382345,0.03652872551177636,-0.1471252476337222,-0.13155844155844157,0.008331499009465112,-0.03557781201848999,-0.22630640545894784,-0.2278890600924499,-0.17734756768655074,-0.09633061853400836,-0.22006823684789786,-0.16905348888399735,-0.21105216817081224,-0.33980629539951573,0.008175214615892582,0.07469073299581774,0.18173233546114903,0.20672243011226063,-0.09123486682808717,-0.16967422408100374,-0.1743715606427471,-0.18714065595421528,0.06358353510895884,0.13679506933744223,-0.07942548976447282,0.06709883337001982,-0.1075148580233326,-0.06690512876953555,0.2471516618974246,0.13574069997798813,-0.012243011226062073,-0.011322914373761832,0.1572375082544574,-0.22915914593880696,0.011510015408320494,0.13544353951133611,-0.05572969403477878,-0.12441118203830068,0.04451023552718468,0.028578032137354173,0.02836451683909311,-0.024305524983491086,-0.2150693374422188,-0.07056350429231785,-0.07251595861765353,-0.13705921197446622,-0.28881576051067576,-0.08203830068236848,0.12174114021571648,0.2262425709883337,-0.06475896984371561,-0.2859696235967422,-0.10536429672022893,-0.2967994717147259,-0.33665419326436274,0.09655073739819503,0.18088487783403037,-0.27051727933083863,-0.09160466651992076,-0.14213735417125248,-0.12264142637023993,-0.3271208452564385,-0.1698811358133392,-0.1345740699977988,-0.18697556680607527,-0.32263262161567247,-0.04946070878274268,-0.0287145058331499,-0.15927801012546774,-0.1237508254457407,-0.0022958397534668723
#51,0.5914439797490645,0.5165045124367158,0.3551727933083865,0.610264142637024,0.1711666299801893,-0.007512656834690733,0.1124058991855602,0.3129253797050407,0.22943649570768215,1.0,0.37798371120405017,-0.05697116442879155,-0.0005084745762711864,0.02871010345586617,0.30058331499009466,0.334884437596302,0.2689016068677086,0.07375302663438256,0.2630662557781202,0.43962139555359897,0.10877834030376403,0.07064935064935066,0.26724631300902485,-0.03685890380805635,0.20539071098393133,0.102557781201849,-0.1376469293418446,-0.1586550737398195,-0.07193044243891701,0.2000924499229584,-0.323299581774158,-0.18476777459828309,-0.24938366718027735,-0.2728153202729474,0.13961479198767335,0.07424829407880255,-0.08922738278670482,-0.16362095531587056,0.09350649350649351,-0.07561963460268545,0.18753246753246752,-0.03233766233766234,-0.05799471714725952,-0.05368038740920097,0.12583755227823024,0.05060312568787145,-0.25377944089808496,-0.33284393572529164,-0.2387541272287035,-0.24444419986792867,-0.3192692053709003,-0.053922518159806296,-0.22311468192824124,0.09860444640105658,0.007413603345806736,0.1772837332159366,-0.005861765353290777,0.2862557781201849,-0.24250275148580233,-0.06310367598503192,-0.3347325555800132,-0.40801893022232005,0.15410741800572308,0.1360972925379705,-0.10711644287915474,0.23310147479639004,-0.049872331058771736,-0.1024125027514858,0.3397974906449483,0.3102839533348008,0.05454545454545454,0.15834690732995818,0.19759850319172353,-0.1548646268985252,-0.1767510455646049,-0.1739423288575831,-0.4187607307946291,-0.44273827867048204,0.19385208012326657,0.09430552498349108,0.05271186440677966,0.10818622055910192,0.011287695355491966,-0.04812458727712965,-0.03824785384107418,-0.49899405679066694,-0.5792097732775698,0.03207351970063835,0.22073519700638344,0.009264802993616553,-0.10063614351749944,-0.2804006163328197,-0.13752586396654193,-0.5076997578692494,-0.38305084745762713,-0.14303543913713404,-0.012637023992956197,-0.10928021131410962,-0.1136319612590799,-0.286088487783403,-0.03360114461809377,-0.009614791987673343,0.13023992956196345,0.1848712304644508,-0.2448382126348228,-0.3137376183138895,-0.16600704380365397,-0.12523662777900066,-0.18102575390710984,-0.3114043583535109,0.10654413383226942
#52,0.4710697776799472,0.2239621395553599,0.014428791547435616,0.4085846357032798,-0.056984371560642746,-0.02178516398855382,0.07000440237728374,0.2631476997578692,0.309306625577812,0.37798371120405017,1.0,-0.16085406119304424,-0.0874884437596302,0.026051067576491307,0.2928945630640546,0.07427030596522122,0.08838652872551178,0.0910543693594541,0.32285714285714284,0.2956152322254017,0.22820383006823686,0.2076205150781422,0.12438476777459828,-0.12251815980629539,0.2543363416244772,-0.036596962359674225,-0.1764869029275809,-0.2768897204490425,0.07275588817961699,0.3631565045124367,-0.2665661457186881,-0.1516222760290557,-0.08421527624917455,-0.22292097732775698,0.30453664979088707,0.17491525423728813,-0.01958397534668721,0.047292537970504075,0.1632489544353951,0.04453004622496148,0.15914153642967202,0.023378824565265244,-0.07544574069997799,-0.022430112260620735,-0.04466431873211534,-0.02964340744001761,-0.26883777239709444,-0.3038718908210434,-0.2498217037200088,-0.32686110499669824,-0.2650429231785164,-0.38241470394012766,-0.051791767554479416,-0.06038300682368479,0.021331719128329298,0.14008364516839092,-0.10752366277790007,0.053469073299581775,-0.0649768875192604,-0.04037640325775919,-0.13943869689632402,-0.15713405238828967,0.187211093990755,0.12025753907109839,-0.015558001320713185,-0.07615672463130091,-0.055395113361215054,0.0364802993616553,0.4990622936385648,0.2671142416905129,0.3296257979308827,0.1558529605987233,0.1418137794408981,-0.20418225841954654,-0.026654193264362757,-0.017239709443099275,-0.12843935725291658,0.009132731675104557,0.22279771076381247,0.04316751045564605,-0.11765573409641206,-0.007660136473695796,0.004422187981510016,-0.13898745322474135,0.004725952014087607,-0.17740479859123928,-0.20926040061633283,-0.05254677525863966,0.2112722870349989,0.07345586616773057,-0.023726612370680168,-0.13832929782082323,-0.29469293418445963,-0.3333854281311908,-0.270594320933304,-0.013702399295619635,0.11880695575610829,0.01825445740699978,-0.19409421087387188,-0.09560202509355052,-0.23556020250935505,-0.04495267444419987,-0.030913493286374643,0.2127690953114682,-0.22552718467972704,-0.14858463570327976,-0.3028131190843055,0.11643847677745983,-0.16240149680827648,-0.03838652872551178,-0.024272507153863088
#53,0.085181598062954,-0.16168170812238608,-0.009793088267664538,0.026387849438696896,-0.20143517499449703,0.6389852520360995,0.18783623156504511,0.11965221219458508,-0.12815540391811578,-0.05697116442879155,-0.16085406119304424,1.0,0.6494342945190403,0.29343165309267005,-0.10170592119744662,-0.30911292097732773,-0.033999559762271626,-0.08195245432533568,-0.06358133392031697,-0.08244992295839754,0.10779220779220779,-0.17546775258639666,-0.16215716486902929,-0.2836231565045124,-0.2657010785824345,-0.4819502531366938,-0.014285714285714285,-0.11057891261281091,0.36361655293858686,-0.5251661897424609,0.6144662117543473,0.14427030596522122,0.06563284173453665,-0.003211534228483381,-0.30359013867488444,-0.08948492185780321,-0.21636583755227823,-0.22060752806515518,-0.044679727052608406,-0.36699097512656836,-0.18172353070658157,0.04526304204270306,0.1415958617653533,-0.022317851639885537,0.2135020911292098,0.14007484041382345,0.08752146158925819,0.04215276249174554,0.11406559542152762,0.06492626018049746,0.06784723750825446,-0.05072639225181598,-0.267244111820383,-0.02982390490865067,-0.18643187321153423,-0.14062073519700638,0.037699757869249395,-0.3572727272727273,-0.0652014087607308,-0.13024873431653092,-0.2618578032137354,-0.17170592119744663,0.07543913713405238,0.2278582434514638,0.13056570548095972,-0.16808276469293418,0.5087673343605547,0.13248734316530927,-0.191765353290777,0.03781421967862646,-0.01392692053709003,-0.03694254897644728,0.16529605987233106,0.05362095531587057,-0.15343165309267004,-0.5453488883997358,-0.25173233546114904,-0.41668060752806513,0.013772837332159366,0.23689632401496807,0.20242791107197886,0.3637178076161127,0.273944530046225,0.8265309267004183,0.29348888399735856,0.19933744221879815,0.023365617433414042,-0.022322254017169273,0.13863086066475896,-0.27614571868809157,-0.07176975566806075,0.20948272066916135,-0.05418005723090469,0.08169051287695356,0.15524323134492626,-0.2103830068236848,-0.24568567026194144,-0.0002971604666519921,-0.2311864406779661,-0.06322474136033458,-0.023951133612150562,-0.23253576931543032,0.16047985912392693,-0.24301562843935726,-0.04559982390490865,-0.03595201408760731,0.037660136473695795,-0.3476205150781422,-0.16034998899405678,-0.0685560202509355,-0.015423728813559322
#54,0.01725952014087607,-0.187178076161127,-0.027017389390270746,-0.09729473915914594,-0.17,0.5749086506713625,0.24357693154303323,0.0032533568126788467,-0.056605767114241694,-0.0005084745762711864,-0.0874884437596302,0.6494342945190403,1.0,0.1953731014747964,-0.26042042703059654,-0.4113449262601805,-0.1783975346687211,-0.051424169051287695,-0.16050407219898746,0.03573849878934625,-0.11037860444640106,-0.1784041382346467,-0.26961919436495707,-0.16323134492626018,-0.33964780981730136,-0.4640061633281972,0.08435835351089588,0.06596081884217478,0.3761853400836452,-0.4936869909751266,0.49412062513757427,0.08816861104996698,0.10109178956636584,0.007902267224301122,-0.042093330398415146,0.017010785824345145,-0.17651551837992516,0.013992956196346027,0.061448382126348226,-0.20930442438917016,-0.09202069117323354,-0.03877173673783843,0.14895663658375521,0.0835395113361215,0.26449262601804974,-0.012370680167290336,0.15140655954215276,0.10066696015848559,0.17287915474356153,0.16285934404578473,0.08543253356812679,-0.05271406559542153,-0.2538917015188202,-0.06134932863746423,-0.1608562623816861,-0.0974686330618534,-0.06390710983931323,-0.2643627558881796,-0.18113141096191943,-0.11688091569447502,-0.1565001100594321,-0.09569887739379265,0.21190182698657276,0.3020845256438477,-0.03696235967422408,-0.013900506273387628,0.5875500770416024,0.22782302443319394,-0.1323068456966762,0.10518379925159586,0.0036803874092009685,-0.04174554259300022,0.24081884217477437,0.05704160246533128,-0.12215056130310367,-0.32390490865067134,-0.1872044904248294,-0.18734756768655073,0.0024323134492626017,0.23801893022232004,0.3719986792868149,0.35755888179616996,0.4060202509355052,0.6923772837332159,0.24912832929782083,0.2489258199427691,0.0735989434294519,0.061633281972265024,0.034125027514858026,-0.0350363196125908,-0.006786264582874752,0.21266123706801673,0.028600044023772836,0.16587057010785825,0.02419106317411402,-0.28524323134492624,-0.2504072198987453,0.20059652212194584,-0.09633281972265023,0.028419546555139775,0.025848558221439576,-0.15454325335681268,0.17791767554479418,-0.09990755007704161,0.00688531807175875,0.08755668060752807,-0.04235086946951354,-0.23206031256878715,-0.051441778560422625,-0.18265023112480738,-0.11916795069337442
#58,-0.11522121945850759,-0.03661237068016729,-0.09416024653312789,-0.016086286594761173,-0.0874620294959278,0.3403499889940568,0.024976887519260402,-0.05153863086066476,-0.07550077041602465,0.02871010345586617,0.026051067576491307,0.29343165309267005,0.1953731014747964,1.0,0.10168170812238608,0.06537310147479639,-0.03109619194364957,0.02677305745102355,0.06060312568787145,0.09774598283072859,0.15750605326876513,-0.07365617433414044,0.04292978208232445,-0.2049306625577812,-0.11780981730134273,-0.17312128549416686,-0.35508034338542815,-0.3045476557340964,0.28386748844375964,-0.0802179176755448,0.1721219458507594,0.177904468412943,-0.008668280871670701,-0.08651992075720889,0.0016773057451023553,0.10935505172793308,0.2525841954655514,0.3186594761171032,0.0852212194585076,-0.22449042482940787,0.028952234206471493,0.23872991415364297,0.10880255337882457,0.19018930222320052,0.2945608628659476,0.12629980189302223,-0.19332379484921858,-0.23760950913493287,-0.05303984151441778,-0.14027955095751707,-0.242689852520361,-0.15721989874532247,-0.370132071318512,-0.07501871010345587,-0.16579572969403478,0.1538498789346247,-0.00576271186440678,0.08369579572969403,-0.07659255998239049,-0.13450363196125908,0.034983491085186,-0.09472595201408761,0.2475148580233326,0.24318071758749724,-0.3520184899845917,-0.3513713405238829,0.5135042923178517,0.21093770636143516,0.31411182038300683,0.2933810257539071,0.2287145058331499,-0.023226942548976448,0.42783623156504513,-0.10133392031697117,0.3278296279991195,-0.11295619634602685,0.18578472375082544,-0.10791327316751045,0.15356152322254016,0.2716596962359674,0.03381245872771296,0.11217697556680607,0.2591635483160907,0.32402597402597405,0.08857583094871231,0.04388509795289456,0.027743781642086726,-0.040704380365397315,0.012793308386528725,-0.10593880695575611,0.05023992956196346,0.24714946070878274,-0.13324675324675325,-0.09798591239269205,0.014692934184459609,-0.048511996478098174,-0.1779903147699758,-0.07329738058551617,-0.3503587937486243,-0.18238388729914154,-0.18960598723310587,-0.14848117983711204,0.051488003521901825,-0.10140876073079463,-0.2235593220338983,0.020107858243451463,-0.3134558661677306,-0.028056350429231786,0.11903808056350429,-0.03292978208232446,0.055985031917235306
#101,0.29116222760290555,0.2254765573409641,-0.041681708122386085,0.3027470834250495,-0.13162227602905568,-0.07190622936385649,-0.0838432753686991,0.20959498128989654,0.19180057230904687,0.30058331499009466,0.2928945630640546,-0.10170592119744662,-0.26042042703059654,0.10168170812238608,1.0,0.4029738058551618,0.3592604006163328,0.017250715386308606,0.5169425489764473,0.1458617653532908,0.5808452564384767,-0.15016508914814,0.2925005502971605,-0.170231124807396,0.10234206471494607,0.0625643847677746,-0.6631454985692273,-0.5948646268985252,0.10078142196786265,0.21877613911512217,-0.34853180717587495,-0.013464670922298042,-0.2870416024653313,-0.2792868148800352,3.301782962799912e-05,0.11375963020030817,0.3052652432313449,-0.10323794849218577,-0.1343583535108959,-0.41533568126788467,0.2771956856702619,0.019361655293858682,0.16080783623156505,0.030046224961479198,-0.25665199207572087,-0.2884305524983491,-0.6176271186440678,-0.6074554259300022,-0.5148932423508694,-0.47591019150341185,-0.45422187981510015,-0.3001408760730795,-0.3308122386088488,0.01643847677745983,0.13660356592559983,0.13152322254017168,-0.038170812238608846,0.19699537750385207,-0.055291657495047324,-0.22858023332599603,0.13081884217477438,0.05564825005502971,0.12922738278670481,0.17832269425489763,-0.21560202509355053,-0.3237178076161127,-0.05758529605987233,-0.049436495707682146,0.5576315210213515,0.29993616552938585,0.5020647149460709,0.34507594100814437,0.40018930222320054,-0.23283953334800792,-0.02890160686770856,-0.08355051727933084,0.13096412062513757,-0.3243187321153423,0.3896742240810037,0.009341844596081884,-0.22766894122826326,0.061177635923398636,0.030319172353070658,-0.11588157605106758,-0.10324014968082765,-0.2360774818401937,-0.09835351089588378,0.009016068677085626,0.11963020030816642,-0.07962579793088267,-0.03453224741360335,-0.03218578032137354,-0.28035219018269864,-0.24944750165089147,-0.17230904688531806,0.209768875192604,-0.03796610169491525,-0.12075500770416024,-0.23117763592339863,-0.06771516618974247,-0.3538630860664759,-0.03596962359674224,-0.015654853620955315,0.016900726392251816,-0.2086550737398195,-0.33934624697336563,-0.41574950473255556,-0.04901826986572749,-0.13393572529165748,0.2036715826546335,0.2652762491745543
#102,0.192062513757429,0.21863746423068456,0.03561743341404358,0.2832973805855162,-0.013543913713405239,-0.0799933964340744,-0.08088487783403038,0.028685890380805636,-0.021657495047325555,0.334884437596302,0.07427030596522122,-0.30911292097732773,-0.4113449262601805,0.06537310147479639,0.4029738058551618,1.0,0.22073299581774158,0.27370900286154526,0.24933524103015628,0.3317081223860885,0.26995157384987895,0.2700066035659256,0.2807506053268765,0.3011512216596962,0.2203081664098613,0.47705260840854063,-0.32682808716707024,-0.29529605987233104,-0.03418225841954656,0.09338542813119084,-0.2719458507594101,-0.10764032577591899,-0.2514549856922738,-0.12283733215936606,-0.1982258419546555,-0.10399735857362977,0.08953775038520802,-0.04587277129650011,-0.15494166850099053,-0.057473035439137135,0.05634602685450143,-0.2583513097072419,0.012599603786044465,0.10667180277349769,0.06725952014087608,0.09601364736957957,-0.5202905569007263,-0.47074400176095094,-0.23765793528505394,-0.21463570327977108,-0.41251375742901164,-0.055806735637244115,-0.07638564825005503,0.2358991855602025,0.16037420206911732,0.1917939687431213,-0.07284833810257539,0.21426810477657934,-0.1010477657935285,-0.3046357032797711,-0.11349548756328418,-0.2180541492405899,-0.11304204270305965,-0.023554919656614572,-0.024739159145938806,0.0018930222320052829,-0.19595421527624918,-0.23968302883557122,0.214719348448162,0.14615452344265903,0.11696015848558221,0.28082764692934187,0.11193044243891702,-0.2415628439357253,0.07544794188861985,0.04999119524543253,0.07952234206471495,-0.24258859784283512,0.35195465551397753,-0.06340303764032577,-0.060281752146158926,-0.11662117543473476,-0.038003521901826987,-0.33787585296059874,-0.1654721549636804,-0.39697556680607526,-0.4261082984811798,-0.053475676865507374,0.07212194585075941,-0.01261501210653753,-0.011840193704600484,-0.25798591239269203,0.03948932423508695,-0.4351551837992516,-0.2072837332159366,0.1882588597842835,0.16861985472154964,-0.18101034558661677,-0.06576491305304864,-0.42624477217697554,-0.1016949152542373,0.07449262601804975,-0.07849438696896324,0.11809597182478539,-0.2173893902707462,-0.38673343605546995,-0.24828527404798592,-0.12274047985912392,-0.013858683689192164,-0.06077922077922078,0.0070812238608848775
#201,0.3065001100594321,0.2614373761831389,0.21139995597622716,0.23093550517279332,-0.037556680607528065,0.10029936165529386,-0.16902267224301123,0.07268545014307726,0.13154523442659036,0.2689016068677086,0.08838652872551178,-0.033999559762271626,-0.1783975346687211,-0.03109619194364957,0.3592604006163328,0.22073299581774158,1.0,0.1694981289896544,0.20099933964340744,-0.08002861545234427,0.040997138454765575,-0.046040061633281976,0.29177635923398637,-0.04322474136033458,0.2894849218578032,0.07217917675544794,-0.37377944089808496,-0.38513757429011664,0.08295179396874312,0.2547545674664319,-0.16254017169271406,-0.029834910851860005,-0.032936385648250056,-0.1365793528505393,0.06257979308826767,-0.034666519920757206,0.07691173233546116,-0.19130310367598502,-0.04438476777459828,-0.11677966101694916,0.319141536429672,-0.05676205150781422,-0.014514637904468414,-0.08043363416244773,-0.058639665419326435,-0.04982390490865067,-0.2766563944530046,-0.3814703940127669,-0.18842174774378165,-0.29606207351970065,-0.19267224301122607,-0.0011754347347567686,-0.0798745322474136,0.1837112040501871,0.05197226502311248,0.06377283733215937,0.10465111160026415,0.09650891481399956,-0.020352190182698657,-0.04569227382786705,0.09969623596742241,0.1345674664318732,0.05498789346246973,0.04778120184899846,-0.19883557120845258,-0.3223530706581554,-0.21492626018049746,-0.11981069777679947,0.21734756768655072,-0.04163328197226502,0.15224741360334582,0.04986352630420427,0.04158045344486022,-0.25137574290116665,-0.040372000880475455,0.024668721109399074,-0.1288994056790667,-0.24794849218578033,0.30859344045784726,0.15505172793308386,-0.10537090028615452,0.09204930662557781,-0.1063020030816641,-0.05873871890821043,-0.18950913493286375,-0.20860664758969844,-0.05227602905569007,0.048062953995157386,-0.008950033017829628,-0.23567026194144838,-0.05230684569667621,0.18942989214175654,-0.026486902927580894,-0.10110939907550077,-0.03532907770195906,0.20738498789346246,0.15280651551837993,0.13231785163988555,-0.01217477437816421,-0.09151221659696236,-0.07602905569007264,0.1153334800792428,0.19725291657495048,-0.06704820603125689,-0.01384767774598283,-0.19691613471274488,-0.13766233766233765,-0.14257318952234208,0.09357693154303323,0.013185119964780981,0.180033017829628
