,#10,#11,#12,#13,#17,#18,#26,#49,#50,#51,#52,#53,#54,#58,#101,#102,#201,#202,#301,#302,#401,#402,#501,#502,#601,#602,#701,#702,#801,#802,#901,#902,#1001,#1002,#1101,#1102,#1201,#1202,#1301,#1302,#1401,#1402,#1501,#1502,#1601,#1602,#1701,#1702,#1801,#1802,#1901,#1902,#2001,#2002,#2101,#2102,#2201,#2202,#2301,#2302,#2401,#2402,#2501,#2502,#2601,#2602,#2701,#2702,#2801,#2802,#2901,#2902,#3001,#3002,#3101,#3102,#3201,#3202,#3301,#3302,#3401,#3402,#3455,#3501,#3502,#3601,#3602,#3701,#3702,#3801,#3802,#3901,#3902,#4001,#4002,#4101,#4102,#4201,#4202,#4301,#4302,#4401,#4402,#4501,#4502,#4601,#4602,#4701,#4702,#4801,#4802
#10,1.0,0.4147721769755668,0.43157164869029274,0.5454325335681268,-0.03647589698437156,0.4410851860004402,0.09931102795509575,0.5746929341844597,-0.06573849878934625,0.5308408540611931,0.38700858463570326,-0.06908870790226722,0.04873211534228483,0.006640986132511556,-0.13699757869249396,-0.03646929341844596,0.40042042703059655,0.1766982170372001,-0.1293418445960819,-0.062755888179617,-0.031071978868589038,0.017723970944309927,-0.02356152322254017,0.11669161347127449,0.0800462249614792,0.11699317631521021,0.4651970063834471,0.4395399515738499,0.1425313669381466,0.10080123266563945,0.4234998899405679,-0.022176975566806076,0.15031917235307066,0.26290997138454764,-0.16165309267004183,0.04349108518600044,-0.239768875192604,-0.2373893902707462,-0.0009641206251375743,0.016674003962139555,-0.22193924719348448,-0.17217257318952234,-0.0664670922298041,0.1513449262601805,-0.14281091789566366,-0.09820603125687871,0.33660576711424167,0.21892361875412722,0.1098151001540832,0.08488223640766014,0.24612810917895664,0.23328857583094872,0.27198547215496366,0.2271736737838433,0.05022011886418666,0.0786748844375963,-0.2647545674664319,-0.3336891921637684,-0.15220338983050846,-0.07481620074840414,-0.22047985912392692,-0.20001540832049305,-0.1693022232005283,-0.16053048646268986,0.33145938806955755,0.3755513977547876,-0.1407836231565045,-0.263878494386969,-0.283035439137134,-0.048109178956636585,-0.1418445960818842,0.11224521241470393,-0.2073365617433414,-0.14655293858683688,-0.22218578032137354,-0.19716707021791768,-0.3022232005282853,-0.23136693814659917,0.09530266343825666,0.07221439577371781,0.2816707021791768,0.3009619194364957,-0.13230464450803434,-0.0059828307285934405,-0.10565485362095532,-0.2353929121725732,-0.2770063834470614,0.09661237068016729,0.02981289896544134,0.09453444860224522,-0.0821813779440898,-0.32301562843935727,-0.3290248734316531,-0.2909377063614352,-0.2856086286594761,0.1538366718027735,0.18312348668280873,0.42229804094210877,0.33117543473475675,0.20285274047985913,0.2522077922077922,0.2864626898525204,0.2394585075941008,0.19443539511336122,0.21948492185780322,0.20603565925599823,0.39600044023772835,-0.13785604226282192,-0.11670702179176755,0.014413383226942548,-0.04197006383447061
#11,0.4147721769755668,1.0,0.27722870349988993,0.3330596522121946,0.019491525423728815,0.1639423288575831,0.3714968082764693,0.1467576491305305,0.18937046004842614,0.38595641646489104,0.27801452784503633,0.048936825885978426,0.15523002421307505,0.0028725511776359234,0.03951133612150561,-0.07759189962579793,0.31366057671142417,0.3412788906009245,-0.14255337882456526,-0.24809377063614352,-0.031747743781642086,-0.2718578032137354,-0.117871450583315,-0.23520140876073078,0.06898084965881576,-0.2011534228483381,0.3345938806955756,0.11631080783623156,0.1861765353290777,-0.09989214175654854,0.41779661016949154,0.3337442218798151,0.41225621835791326,0.20933744221879816,-0.15920096852300242,0.0764208672683249,-0.05188201628879595,-0.36190182698657275,0.2777988113581334,-0.1025445740699978,-0.24445080343385428,-0.3446290997138455,0.11018930222320053,-0.041314109619194364,-0.13909971384547656,-0.2207968302883557,0.21776139115122167,0.1343253356812679,0.11222099933964341,-0.07797050407219899,0.18478538410741802,0.09703940127668942,0.18008144397974907,0.09430552498349108,-0.020416024653312787,-0.21315210213515298,-0.1479022672243011,-0.45762931983270966,-0.0488201628879595,0.010079242791107198,-0.11729914153642967,0.010915694475016509,-0.08430552498349109,-0.022003081664098614,0.2531102795509575,-0.02185560202509355,-0.13775038520801233,-0.03433414043583535,-0.16873211534228483,-0.021173233546114903,0.14073739819502532,0.12160686770856262,-0.20297600704380364,-0.28550737398195025,-0.2744155844155844,-0.282425709883337,-0.23657054809597183,-0.17138234646709222,0.14840193704600485,-0.16998239049086505,-0.005659255998239049,0.06324895443539512,-0.06550297160466652,0.2535395113361215,-0.058065155183799254,0.007583094871230465,-0.21154523442659035,0.06717367378384327,-0.22974025974025974,0.016491305304864628,-0.08875852960598724,-0.07579132731675105,-0.270462249614792,0.06406119304424389,-0.16939247193484483,0.12415804534448602,0.09333920316971164,0.3607528065155184,0.4382742681047766,0.25124807395993837,0.2437178076161127,0.2797226502311248,0.4072154963680387,0.24880475456746642,0.36726832489544353,0.3263218137794409,0.4540611930442439,-0.08598723310587718,0.18598283072859345,0.14683469073299582,0.07380145278450363
#12,0.43157164869029274,0.27722870349988993,1.0,0.6073563724411182,-0.01274488223640766,0.5550605326876513,0.23317411402157165,0.45745322474136035,-0.05602685450143077,0.6886440677966101,0.45785384107418003,0.01899405679066696,0.3754919656614572,0.009161347127448823,-0.08154743561523223,-0.0661104996698217,0.6702773497688752,0.7256878714505833,-0.07431873211534229,-0.3495773717807616,-0.2087739379264803,-0.2477525863966542,-0.023759630200308166,-0.1413977547875853,0.0884899845916795,-0.10931543033237949,0.5742681047765793,0.2838828967642527,0.3001386748844376,-0.05575390710983932,0.5232115342284834,-0.04127668941228263,0.4810477657935285,0.360543693594541,-0.2162029495927801,-0.3124543253356813,-0.17797930882676646,-0.3758859784283513,-0.001774158045344486,-0.17479639005062733,-0.32276689412282633,-0.36899405679066694,-0.15091569447501652,-0.09563724411182038,-0.056691613471274487,-0.3202091129209773,0.19405899185560202,0.036621175434734754,-0.007420206911732336,-0.026667400396213955,0.4491569447501651,0.3828439357252917,0.4715100154083205,0.4158529605987233,0.0687211093990755,0.06892141756548537,-0.46016068677085625,-0.6857142857142857,-0.11168170812238609,0.10020250935505173,-0.29939467312348667,-0.045390710983931326,-0.2988069557561083,-0.3128285274047986,0.6247545674664319,0.2395729694034779,-0.08745982830728594,-0.2318996257979309,-0.279966982170372,-0.052262821923838874,0.34588157605106756,0.42875852960598726,-0.2700396213955536,-0.2513383226942549,-0.4782654633502091,-0.4214483821263482,-0.3895971824785384,-0.22676865507373983,0.4788047545674664,-0.06242130750605327,-0.11963680387409201,-0.003827867048206031,0.2838322694254898,0.059581774158045345,-0.1779308826766454,-0.11126788465771517,-0.14964780981730133,-0.047523662777900065,-0.16709443099273608,-0.12264142637023993,-0.2441008144397975,-0.2823288575830949,-0.3993154303323795,-0.0512260620735197,-0.17597622716266784,0.4762821923838873,0.24760950913493288,0.7175720889280212,0.5412898965441338,0.36164428791547437,0.6582984811798371,0.6824719348448162,0.3200484261501211,0.4391943649570768,0.5977988113581334,0.4694276909531147,0.6199581774158045,-0.3018137794408981,-0.31137354171252474,0.0017499449702839532,0.03357913273167511
#13,0.5454325335681268,0.3330596522121946,0.6073563724411182,1.0,-0.08044904248294078,0.45296500110059434,0.20420647149460708,0.3105458947831829,0.010374202069117324,0.7284217477437817,0.3862139555359894,-0.029808496588157606,0.14716707021791767,0.05317411402157165,-0.10505172793308387,-0.17430992736077483,0.6020250935505173,0.22685009905348888,-0.16771296500110058,-0.28161127008584635,0.04781421967862646,-0.17208452564384769,0.005734096412062514,-0.04844155844155844,0.1816420867268325,-0.056634382566585956,0.5037662337662338,0.2662998018930222,0.1776997578692494,-0.04891481399955976,0.2721307506053269,-0.012570988333700198,0.21524323134492626,0.2737046004842615,-0.2789720449042483,-0.017607307946290996,-0.05258639665419326,-0.22776139115122165,0.09818181818181818,-0.06148580233325996,-0.3111402157164869,-0.21594100814439798,-0.2025643847677746,0.02708122386088488,-0.15719788685890382,-0.019068897204490426,0.37019590578912615,0.13935725291657494,0.1941118203830068,-0.061138014527845036,0.20316751045564604,0.1335197006383447,0.22305524983491085,0.1536451683909311,0.05344265903587937,0.013827867048206032,-0.1110213515298261,-0.3620184899845917,-0.17121505613031038,-0.08765133171912833,-0.20559542152762492,-0.26724851419766676,-0.26413603345806735,-0.25379925159586175,0.33138674884437597,0.3008034338542813,-0.11711644287915475,-0.3840215716486903,-0.1395905789126128,-0.11375302663438257,-0.01851419766674004,0.18120184899845918,-0.05965881576051068,-0.12286154523442659,-0.07022672243011226,-0.16967422408100374,-0.2042835130970724,-0.09392471934844816,0.17366718027734976,-0.07173233546114902,0.16567686550737398,0.09119084305524984,0.009865727492846137,0.013561523222540171,-0.017763592339863528,-0.18588817961699317,-0.19974466211754346,-0.08009905348888399,-0.02207131851199648,-0.02242130750605327,-0.0589126128109179,-0.1406009244992296,-0.34331278890600925,-0.10914813999559762,-0.15688972044904248,0.2325049526744442,0.12376843495487563,0.38430772617213294,0.2536979969183359,0.2769029275808937,0.3100396213955536,0.35726172132951795,0.28659255998239047,0.20281091789566366,0.32578032137354174,0.24672022892361875,0.3768831168831169,-0.18775038520801232,-0.18018269865727493,0.009355051727933083,0.07654413383226942
#17,-0.03647589698437156,0.019491525423728815,-0.01274488223640766,-0.08044904248294078,1.0,0.2410609729253797,0.26471054369359454,-0.10532467532467532,0.059801893022232,-0.014318732115342285,-0.04089588377723971,0.2738652872551178,0.2796125907990315,0.19326216156724632,-0.08343605546995378,-0.1087475236627779,-0.18627999119524544,0.027710763812458728,-0.20643847677745983,-0.12217917675544794,-0.22836891921637684,-0.10848558221439578,0.09057451023552718,0.10994497028395334,-0.020360994937266123,0.011270085846357032,-0.13456086286594762,-0.026121505613031035,0.100363196125908,0.02858023332599604,-0.0759784283513097,0.42656834690733,0.09014747963900506,-0.021972265023112482,0.0788994056790667,0.023962139555359894,0.21037860444640105,0.09915914593880695,0.0035197006383447063,0.19983270966321814,0.12154523442659036,0.16997138454765573,0.21448382126348228,0.01582654633502091,0.16907329958177417,0.22346246973365616,-0.1342372881355932,-0.004067796610169492,-0.1112656834690733,-0.07019810697776799,-0.11966541932643628,-0.0928351309707242,-0.17776799471714727,-0.08769095311468193,-0.15052388289676424,-0.06475016508914815,0.03388069557561083,0.021826986572749285,0.02541712524763372,0.11884217477437817,-0.17413823464670922,-0.023904908650671363,0.31075500770416026,0.23001100594320933,-0.18624477217697558,-0.16075500770416024,0.2004490424829408,0.3553863086066476,0.12520581113801452,-0.02760510675764913,0.01025313669381466,-0.16022892361875413,0.03956856702619414,-0.01366718027734977,-0.07887079022672243,-0.07281091789566366,-0.21360774818401937,-0.1323662777900066,0.254488223640766,0.12281311908430552,-0.16947611710323573,0.25403037640325776,0.14192824125027514,0.5136825885978429,0.33827867048206034,-0.026863306185340084,-0.10265903587937486,0.31086506713625356,0.02039621395553599,0.42345586616773057,0.23736517719568567,0.09777239709443099,0.12102575390710985,0.060763812458727716,-0.025071538630860663,-0.08948492185780321,-0.06599163548316091,-0.010083645168390932,0.03140655954215276,-0.16282852740479858,-0.05020691173233546,0.13122165969623598,0.15945630640545894,-0.0010741800572309048,0.06545234426590359,-0.0909487123046445,0.03778780541492406,-0.18861325115562402,-0.06906669601584856,-0.08437596302003082,-0.012465331278890601
#18,0.4410851860004402,0.1639423288575831,0.5550605326876513,0.45296500110059434,0.2410609729253797,1.0,0.25809156944750167,0.49674664318732115,0.10736517719568567,0.5694364957076822,0.31536869909751264,0.13880475456746644,0.5246973365617433,0.2634404578472375,-0.3691283292978208,-0.4345410521681708,0.3424653312788906,0.3051089588377724,-0.312953995157385,-0.5890138674884438,-0.3998305084745763,-0.3818600044023773,0.04860004402377284,-0.045890380805635046,0.10861985472154964,0.023968743121285493,0.44966982170372,0.31164648910411624,0.3628945630640546,0.13629760070438038,0.4132489544353951,0.11415364296720229,0.2726766453885098,0.3594959278010125,-0.1600264142637024,-0.04981730134272507,0.017186880915694477,-0.2591151221659696,0.1498283072859344,0.0812326656394453,-0.074785384107418,-0.06956196346026855,0.03949372661237068,0.05124367158265463,0.025274047985912394,-0.07132071318511997,0.33554039181157824,0.11381245872771296,0.11357032797710764,-0.01606207351970064,0.30238168611049965,0.2839951573849879,0.2953312788906009,0.19796390050627338,-0.030755007704160245,0.13548316090688972,-0.21986132511556242,-0.3256372441118204,0.0712194585075941,0.12335901386748845,-0.2327294739159146,-0.05811138014527845,-0.01952014087607308,-0.11287255117763592,0.29123706801672905,0.12779661016949154,0.1473695795729694,-0.12034118423948932,-0.4063746423068457,-0.3641646489104116,0.008868589038080563,0.06795289456306405,-0.20711424169051287,-0.1612722870349989,-0.37009685230024214,-0.3827492846136914,-0.3187079022672243,-0.172029495927801,0.418168611049967,-0.008159806295399516,0.25059432093330397,0.4079418886198547,0.14675985031917235,0.22093330398415145,-0.0388861985472155,-0.01759850319172353,-0.1026700418225842,0.10996037860444641,0.03652432313449262,0.23600704380365398,-0.035080343385428134,-0.12153422848338102,-0.18831388950033018,-0.10244111820383006,-0.11054809597182479,0.00449042482940788,0.07476997578692494,0.44427250715386307,0.44247193484481623,0.2096103896103896,0.4785560202509355,0.47254677525863964,0.3528373321593661,0.27590799031477,0.416979969183359,0.2700264142637024,0.4828857583094871,-0.1797820823244552,-0.42014307726172134,0.020268545014307728,0.10306405458947832
#26,0.09931102795509575,0.3714968082764693,0.23317411402157165,0.20420647149460708,0.26471054369359454,0.25809156944750167,1.0,0.18101915034118424,0.21704160246533127,0.31323354611490206,0.12082324455205812,0.26574290116662996,0.31631080783623156,0.48066255778120187,-0.07653532907770196,-0.18619854721549636,0.16462249614791988,0.13373321593660575,-0.36298261060972925,-0.29578252256218357,-0.17727492846136914,-0.3466850099053489,-0.05961259079903148,-0.13989874532247415,0.12587717367378384,-0.21350429231785165,0.04322474136033458,-0.07352850539291217,0.17535769315430333,-0.06801232665639445,0.10063834470614132,0.06666299801893022,-0.01971384547655734,-0.13666960158485583,-0.2501188641866608,-0.19325775918996257,-0.08849218578032138,-0.33485362095531584,-0.17138895003301782,-0.11034338542813119,-0.05533788245652652,-0.21631080783623158,0.15386528725511775,-0.05650451243671583,0.08446621175434735,0.12478318291877614,-0.22809817301342725,-0.155148580233326,0.23411182038300682,0.017415804534448603,0.07265903587937486,0.044191063174114024,0.09457847237508255,-0.07937046004842616,-0.13981289896544133,-0.3630090248734317,0.12690953114681927,-0.1843979749064495,0.008327096632181378,0.1572375082544574,-0.006451683909311028,0.25359013867488445,0.10204050187101034,0.06852740479859123,0.1361237068016729,-0.1200396213955536,0.2090512876953555,0.4192119744662118,-0.06986572749284614,-0.024565265243231344,0.2424785384107418,0.04872551177635923,-0.0733942328857583,-0.25204490424829407,-0.12329958177415805,-0.004508034338542813,-0.045190402817521465,0.22393792648029937,0.3235747303543914,-0.13830288355712084,0.06482940788025533,0.14263262161567247,0.0688333700198107,0.23307726172132953,0.17321153422848337,0.1339885538190623,-0.007666740039621396,0.0837640325775919,-0.04571868809156945,0.17195245432533568,0.06697116442879154,0.05621175434734757,0.010332379484921857,0.14057671142416905,0.015181598062953995,0.050160686770856264,-0.025254237288135594,0.08926700418225841,-0.0362623816861105,0.024959278010125468,0.26140215716486903,0.1744684129429892,0.06081443979749065,0.042859344045784724,0.1666784063394233,0.16922518159806296,0.07397534668721109,0.049379264802993615,0.022617213295179395,0.03792207792207792,0.054611490204710546
#49,0.5746929341844597,0.1467576491305305,0.45745322474136035,0.3105458947831829,-0.10532467532467532,0.49674664318732115,0.18101915034118424,1.0,0.08683689192163768,0.5257186880915694,0.5084503631961259,0.1789192163768435,0.2747127448822364,0.13171692714065594,-0.10948272066916134,-0.07597622716266784,0.45527845036319614,0.17047325555800133,-0.09425489764472815,-0.21727272727272728,-0.061366938146599166,0.015934404578472373,0.15169931763152103,0.154983491085186,0.13245432533568127,0.020446841294298922,0.4008562623816861,0.24858683689192163,0.31915474356152324,0.10128549416685009,0.38573849878934624,-0.18168611049966982,0.15732335461149022,0.12602025093550517,-0.14071758749724853,-0.10374202069117323,-0.21199867928681487,-0.26333920316971166,-0.15401716927140657,-0.18273167510455646,-0.22857803213735417,-0.14727933083865288,0.10788245652652433,0.08297160466651993,0.005727492846136914,-0.08131410961919437,0.11391811578252256,-0.029282412502751487,0.0076997578692493945,0.11804974686330619,0.19378604446401057,0.23274047985912394,0.28288575830948715,0.1716817081223861,0.1457032797710764,0.04849218578032137,-0.26351089588377724,-0.26857362976007043,-0.18537090028615452,-0.1427360774818402,-0.2771384547655734,-0.12576271186440677,-0.06272066916134712,-0.15998899405679068,0.23378164208672683,0.16137354171252477,0.06466651992075721,-0.18662337662337664,-0.3048668280871671,-0.21355051727933083,-0.06205591019150341,0.13900946511116002,-0.10861765353290777,0.0825115562403698,-0.22468412942989213,-0.14220559101915034,-0.2956570548095972,-0.11778560422628219,0.16976007043803654,0.005395113361215056,0.27723530706581556,0.20016729033678185,-0.07228703499889941,-0.021041162227602904,-0.09395113361215056,-0.1616420867268325,-0.23820383006823684,0.03195685670261941,0.032328857583094874,0.09907109839313229,-0.24070878274268104,-0.3207307946290997,-0.32557781201849,-0.35023772837332157,-0.2919854721549637,0.17629980189302225,0.15122386088487783,0.43540171692714064,0.18782962799911954,0.19566806075280652,0.33754347347567687,0.35799251595861764,0.14675324675324675,0.1454325335681268,0.19609949372661237,0.24941008144397975,0.33083425049526743,-0.11923398635263042,-0.1593462469733656,-0.1395443539511336,-0.057939687431212854
#50,-0.06573849878934625,0.18937046004842614,-0.05602685450143077,0.010374202069117324,0.059801893022232,0.10736517719568567,0.21704160246533127,0.08683689192163768,1.0,0.08849878934624697,0.023845476557340962,0.157706361435175,0.2540017609509135,0.14742681047765793,-0.0485428131190843,-0.2961237068016729,-0.0047545674664318735,-0.10474136033458067,-0.1982522562183579,-0.31569887739379265,-0.014556460488663879,-0.3746489104116223,-0.004448602245212415,-0.17001540832049306,0.1382522562183579,-0.2540986132511556,0.050827646929341844,-0.11598943429451904,0.10370239929561964,-0.1276997578692494,-0.046088487783403034,0.019889940567906668,0.12112920977327757,-0.07172793308386528,-0.10139115122165969,-0.01176535329077702,0.12063394232885759,-0.2588267664538851,-0.06098173013427251,-0.15772397094430993,-0.3066629980189302,-0.10419546555139775,-0.03099273607748184,0.056973365617433415,0.039148139995597624,0.01707902267224301,-0.1560180497468633,-0.27706581554039184,-0.07384547655734096,-0.18819722650231124,-0.06737838432753687,-0.09740479859123927,-0.15060312568787146,-0.16376843495487564,-0.002260620735197006,-0.25639665419326435,0.2400924499229584,0.03123486682808717,0.04639225181598063,-0.08383226942548977,0.1801518820162888,0.16499229583975347,-0.03570548095971825,-0.12769535549196567,-0.05515958617653533,-0.20646489104116222,0.04233986352630421,-0.05002421307506053,-0.006839093110279551,-0.15191283292978208,0.0915958617653533,-0.05514417785604226,0.21228483381025753,0.06686110499669821,0.024552058111380146,0.09293638564825006,0.16764252696456086,0.2308518600044024,0.16649790887079022,-0.32603565925599826,0.08193044243891702,0.07508914813999559,0.004910851860004403,0.02766894122826326,0.0860444640105657,0.2884701738939027,0.12997798811358133,-0.1333348007924279,-0.22176975566806076,0.05099933964340744,-0.08407440017609509,0.09285274047985913,-0.0973629760070438,0.25234866828087166,0.09055249834910852,0.0014175654853620955,-0.008602245212414704,-0.00042482940788025534,-0.13230464450803434,-0.16786264582874752,-0.06587277129650011,0.012317851639885538,-0.04027734976887519,-0.06274047985912393,-0.03149240589918556,0.12168390931102796,-0.12294959278010126,0.13214836011446182,0.09602685450143077,0.12950253136693815,0.08583094871230465
#51,0.5308408540611931,0.38595641646489104,0.6886440677966101,0.7284217477437817,-0.014318732115342285,0.5694364957076822,0.31323354611490206,0.5257186880915694,0.08849878934624697,1.0,0.477739379264803,0.04745102355271847,0.39906009244992297,0.07926260180497469,-0.07464230684569667,-0.11096412062513758,0.5721747743781642,0.36791547435615235,-0.13158705701078582,-0.30702179176755445,-0.054228483381025754,-0.19063834470614133,0.1096302003081664,-0.08969843715606428,0.09187321153422848,-0.1279572969403478,0.5824983491085186,0.21089368258859784,0.22189742460928902,-0.036108298481179836,0.3475280651551838,-0.038062953995157384,0.21306405458947833,0.14659035879374863,-0.3344508034338543,-0.20099053488883997,-0.2177988113581334,-0.4329385868368919,0.0634998899405679,-0.20950693374422188,-0.3114175654853621,-0.340429231785164,-0.13465111160026413,0.04848778340303764,0.03591239269205371,-0.15689852520360995,0.13522562183579132,-0.01956636583755228,0.03774158045344486,-0.009231785163988555,0.34022232005282854,0.35262601804974686,0.34771516618974246,0.2989566365837552,0.17324014968082765,-0.0714175654853621,-0.2770966321813779,-0.5836803874092009,-0.154620294959278,0.07718027734976887,-0.2878450363196126,-0.15229143737618314,-0.23293638564825006,-0.20565265243231345,0.3758067356372441,0.15522562183579133,-0.09460268545014308,-0.19687211093990756,-0.29780761611270085,-0.100132071318512,0.08248294078802554,0.27439797490644946,-0.24027074620294958,-0.2813779440898085,-0.2761699317631521,-0.34215936605767117,-0.33000880475456745,-0.2184503631961259,0.40222320052828525,-0.027889060092449923,-0.002313449262601805,0.10895223420647149,0.05709883337001981,0.17797930882676646,-0.09602025093550517,-0.18061633281972264,-0.2450099053488884,-0.04847897864847017,-0.18266123706801674,-0.027270526084085405,-0.2046885318071759,-0.3108518600044024,-0.42445300462249613,-0.06305524983491086,-0.09776359233986352,0.2700440237728373,0.16983270966321815,0.3820427030596522,0.2801188641866608,0.2260378604446401,0.43961479198767334,0.4026942548976447,0.18661677305745103,0.18617213295179397,0.34219018269865725,0.23891261281091788,0.42030816640986135,-0.24257539071098394,-0.18105216817081224,0.08447281532027295,0.17350209112920978
#52,0.38700858463570326,0.27801452784503633,0.45785384107418003,0.3862139555359894,-0.04089588377723971,0.31536869909751264,0.12082324455205812,0.5084503631961259,0.023845476557340962,0.477739379264803,1.0,0.15581554039181159,0.22014747963900505,-0.1393990755007704,-0.20982390490865066,-0.1876139115122166,0.48197666740039624,0.3401056570548096,-0.24936385648250056,-0.21353070658155404,0.035672463130090246,-0.007349768875192604,-0.08919876733436055,0.1328087167070218,-0.03969183359013868,-0.0526172132951794,0.32517279330838655,0.19195905789126128,0.08364957076821483,-0.010011005943209333,0.3208958837772397,-0.08664098613251156,0.37867928681488006,0.18849438696896323,-0.13354171252476338,-0.0937838432753687,-0.12194805194805194,-0.3260906889720449,-0.08001540832049307,-0.04033898305084746,-0.30105877173673784,-0.19031476997578692,0.03937926480299361,-0.04035219018269866,0.014092009685230025,-0.13127889060092449,-0.022209993396434074,-0.11214395773717807,-0.04855602025093551,0.14145938806955757,0.3286704820603126,0.23897644728153203,0.3389170151882016,0.17169931763152102,0.11969843715606428,0.0891833590138675,-0.23223860884877834,-0.280099053488884,-0.1635725291657495,0.02774818401937046,-0.13655073739819504,-0.10204490424829409,-0.11042923178516399,-0.2500132071318512,0.3384855822143958,0.23348448162007485,-0.22308386528725513,-0.15423508694695134,-0.35528065155183797,-0.17847457627118643,0.018679286814880035,0.1077591899625798,-0.11204270305965221,-0.112194585075941,-0.2300066035659256,-0.2014373761831389,-0.29228483381025755,-0.12900066035659255,-0.09019810697776799,-0.18860664758969845,0.07944750165089148,0.287970504072199,-0.09939247193484482,-0.060891481399955975,0.08942769095311469,-0.038102575390710984,-0.1560708782742681,0.1423332599603786,-0.21465551397754787,-0.06084305524983491,-0.19239489324235087,-0.19790446841294299,-0.21837772397094432,-0.13271186440677965,-0.11071978868589039,0.23736077481840193,0.17100594320933304,0.48362095531587057,0.2892537970504072,0.24686110499669822,0.36867928681488005,0.40233105877173675,0.1383381025753907,0.3484371560642747,0.40563944530046225,0.30567466431873214,0.4155095751705921,-0.16475456746643188,-0.012593000220118864,-0.00863746423068457,-0.002399295619634603
#53,-0.06908870790226722,0.048936825885978426,0.01899405679066696,-0.029808496588157606,0.2738652872551178,0.13880475456746644,0.26574290116662996,0.1789192163768435,0.157706361435175,0.04745102355271847,0.15581554039181159,1.0,0.5080145278450363,0.18144177856042262,-0.1368875192604006,-0.20086066475896985,-0.06363636363636363,-0.043651771956856704,-0.07742020691173233,-0.13288575830948712,-0.34195245432533566,-0.26126788465771517,-0.0985230024213075,0.14322254017169272,-0.08149900946511116,-0.014076601364736959,-0.06763372220999339,-0.06962799911952454,0.13931543033237948,0.24813779440898084,-0.037717367378384326,0.1917609509134933,0.12839313229143737,-0.006062073519700639,0.3506207351970064,-0.12346026854501431,0.3041888619854722,0.14558661677305745,-0.006475896984371561,0.18255998239049087,0.13317411402157164,0.22999779881135812,0.22896764252696455,0.06854941668500991,-0.015888179616993178,0.1458595641646489,0.05303764032577592,0.0958793748624257,0.035890380805635044,-0.1628417345366498,-0.09430332379484922,-0.25095311468192827,-0.26762931983270966,-0.3532027294739159,-0.46156504512436713,-0.4008980849658816,-0.09691173233546115,-0.04501430772617213,-0.1164274708342505,-0.14267444419986794,-0.02236187541272287,-0.12578472375082544,0.5617741580453445,0.46952674444199866,-0.19694254897644728,-0.18010345586616774,0.2866718027734977,0.32942548976447283,0.202425709883337,-0.18438256658595642,0.008375522782302443,-0.2305723090468853,0.20683909311027954,0.2491899625797931,0.026975566806075282,-0.019517939687431214,-0.061327316751045566,0.011518820162887959,0.09691173233546115,0.06702619414483821,0.11028615452344266,0.4546841294298921,0.12187101034558662,0.28345586616773055,0.44460928901606867,0.11420427030596522,-0.2181730134272507,0.28312788906009245,0.3061303103675985,0.4476271186440678,0.2958331499009465,0.05102355271846797,0.0375808936825886,-0.13037420206911732,-0.2599383667180277,-0.26443319392471937,-0.19978868589038082,0.16609289016068676,0.11203609949372662,0.10847457627118644,0.1151617873651772,0.07753686990975127,0.2811776359233986,0.19673563724411183,0.22412502751485802,0.14070658155403917,0.14638344706141315,-0.026548536209553157,0.08215276249174554,0.12513977547875854,0.08153422848338103
#54,0.04873211534228483,0.15523002421307505,0.3754919656614572,0.14716707021791767,0.2796125907990315,0.5246973365617433,0.31631080783623156,0.2747127448822364,0.2540017609509135,0.39906009244992297,0.22014747963900505,0.5080145278450363,1.0,0.14482940788025533,-0.19718688091569447,-0.36602025093550516,0.12194364957076821,0.2563328197226502,-0.2950759410081444,-0.4659608188421748,-0.37803874092009687,-0.4199845916795069,0.10107197886858904,0.03961038961038961,0.0813383226942549,-0.14401937046004842,0.2539753466872111,0.0840347787805415,0.32139335241030154,0.15612810917895664,0.16827426810477658,0.15124367158265464,0.3465287255117764,0.15875852960598724,-0.020574510235527185,-0.3211600264142637,0.16326436275588818,-0.23821043363416244,0.12824125027514857,-0.013440457847237509,-0.033022232005282856,-0.09396434074400176,0.026407660136473696,0.0237178076161127,0.15097292537970505,-0.08317631521021351,0.06055469953775038,-0.044772176975566805,-0.03613471274488224,-0.09541712524763372,0.19016068677085626,0.16461589258199427,0.10974246092890161,0.09069117323354611,-0.1398943429451904,-0.1240083645168391,-0.21428571428571427,-0.3517191283292978,-0.01865067136253577,0.09009685230024213,-0.12277349768875193,0.06401056570548096,0.16944089808496587,0.05576271186440678,0.1213251155624037,-0.07692714065595421,0.2623178516398855,0.21769095311468192,-0.15786704820603126,-0.35558441558441556,0.11669601584855822,-0.0003301782962799912,-0.08105877173673784,-0.09681488003521901,-0.29876513317191283,-0.35657495047325555,-0.21251375742901166,-0.10936165529385869,0.45955315870570107,-0.0031961259079903146,-0.04659476117103236,0.42272507153863087,0.4110741800572309,0.19561523222540173,0.13609509134932865,0.1787343165309267,-0.11419326436275588,0.21125467752586397,0.0046423068456966764,0.1274158045344486,-0.16189962579793088,-0.02705480959718248,-0.07011666299801893,0.11569227382786705,-0.12014747963900506,0.0028285274047985913,0.15113361215056131,0.3120581113801453,0.3617675544794189,0.09725952014087608,0.43299801893022233,0.4374730354391371,0.21163768434954874,0.220396213955536,0.3283094871230464,0.2198415144177856,0.33195245432533566,-0.17189302223200528,-0.1135593220338983,0.16490865067136254,0.2652718467972705
#58,0.006640986132511556,0.0028725511776359234,0.009161347127448823,0.05317411402157165,0.19326216156724632,0.2634404578472375,0.48066255778120187,0.13171692714065594,0.14742681047765793,0.07926260180497469,-0.1393990755007704,0.18144177856042262,0.14482940788025533,1.0,-0.1537508254457407,-0.28052608408540614,-0.1327360774818402,-0.20655073739819502,-0.17596962359674223,-0.1957208892802113,-0.13070878274268105,-0.3813933524103016,-0.05734536649790887,0.026975566806075282,0.02039621395553599,-0.1153334800792428,-0.11961479198767334,-0.18354391371340523,0.18364296720228923,0.1415364296720229,-0.019258199427690952,0.15447281532027296,-0.2204688531807176,-0.09504072198987454,0.0009112920977327757,0.18086286594761172,-0.03467092229804094,0.02952014087607308,-0.08422848338102576,-0.04214175654853621,0.1075610829848118,0.10227602905569007,0.1717191283292978,0.21630640545894783,0.09634602685450143,0.21058991855602024,-0.0861501210653753,-0.04271186440677966,0.2609553158705701,-0.031404358353510894,-0.12311027955095752,-0.19679947171472595,-0.13659035879374862,-0.39146819282412504,-0.22449482720669162,-0.37489324235086946,0.14891701518820163,0.03449922958397535,-0.04342945190402817,-0.18354831609068897,0.14973365617433415,0.1634536649790887,0.25168390931102796,0.11208012326656394,-0.10228483381025753,-0.20807395993836672,0.511732335461149,0.28786264582874754,0.1513251155624037,0.020275148580233326,0.11731454985692275,-0.07321373541712525,0.19778780541492405,0.12309707241910632,0.27210653753026637,0.30957517059211975,0.12693814659916355,0.11243671582654634,0.30339863526304206,0.09033017829628,0.38850539291217256,0.0787673343605547,-0.08198987453224742,0.05790666960158486,0.16707021791767554,0.15560642747083425,0.05292758089368259,0.0612392692053709,0.014864626898525204,0.3084965881576051,0.12290777019590579,0.0199537750385208,0.029676425269645607,-0.0812788906009245,-0.03805855161787365,-0.2562425709883337,-0.1751287695355492,-0.1561501210653753,-0.20786264582874753,-0.028641866607968303,-0.07809817301342725,0.005659255998239049,-0.024155844155844156,0.00983050847457627,0.07579132731675105,0.030614131631080784,-0.14084745762711864,0.26251595861765353,-0.18677966101694915,-0.12469733656174334,-0.0311930442438917
#101,-0.13699757869249396,0.03951133612150561,-0.08154743561523223,-0.10505172793308387,-0.08343605546995378,-0.3691283292978208,-0.07653532907770196,-0.10948272066916134,-0.0485428131190843,-0.07464230684569667,-0.20982390490865066,-0.1368875192604006,-0.19718688091569447,-0.1537508254457407,1.0,0.5505150781421968,0.12083865287255117,0.05051507814219679,0.6263350209112921,0.2790358793748624,0.5383755227823025,0.2982874752366278,0.25783623156504515,0.03668941228263262,0.015443539511336122,-0.11550737398195025,-0.061763152102135156,-0.34759630200308167,0.17684789786484703,-0.040099053488884,-0.14915034118423948,-0.0987673343605547,-0.06817961699317632,-0.05379925159586176,0.0311930442438917,-0.15322033898305085,0.03895443539511336,0.07950473255558001,-0.05054809597182479,-0.18831168831168832,0.0037992515958617653,0.013303984151441779,-0.14206031256878715,-0.10434514637904468,-0.1279506933744222,0.05830728593440458,-0.1367092229804094,-0.26466211754347346,-0.2924058991855602,-0.30470394012766894,-0.2444618093770636,-0.23734756768655074,-0.2664076601364737,-0.048126788465771515,0.05795509575170592,-0.11631961259079904,-0.10410301562843936,-0.07460268545014308,-0.23333259960378605,-0.24828747523662778,-0.25343385428131193,-0.23559322033898306,-0.0862293638564825,-0.0008210433634162447,-0.18461809377063615,-0.13788025533788245,-0.10834250495267445,0.08417785604226283,0.40097072419106317,0.14287034998899406,0.03385208012326656,0.06449702839533349,0.12289236187541272,-0.09762491745542592,-0.045771516618974245,-0.025337882456526524,-0.02222540171692714,-0.11234206471494607,0.08849658815760511,0.15234866828087168,-0.28445960818842175,-0.35656394453004625,0.14890160686770856,-0.004356152322254017,-0.19625357693154302,-0.34982610609729253,-0.21888399735857364,-0.1432291437376183,-0.06130310367598503,-0.24618754127228704,0.025608628659476117,-0.244125027514858,-0.258597842835131,-0.14560422628219238,-0.08495927801012547,0.32635923398635264,-0.008335901386748844,-0.1843033237948492,-0.12791107197886858,-0.02434954875632842,-0.33720889280211314,-0.16935064935064936,0.05470173893902708,-0.26474796390050626,-0.18457847237508254,-0.20173233546114902,-0.08755888179616993,-0.2624411182038301,0.15443319392471935,-0.13490865067136254,-0.055778120184899846
#102,-0.03646929341844596,-0.07759189962579793,-0.0661104996698217,-0.17430992736077483,-0.1087475236627779,-0.4345410521681708,-0.18619854721549636,-0.07597622716266784,-0.2961237068016729,-0.11096412062513758,-0.1876139115122166,-0.20086066475896985,-0.36602025093550516,-0.28052608408540614,0.5505150781421968,1.0,0.0665001100594321,0.15341184239489325,0.5777767994717147,0.653992956196346,0.279603786044464,0.6387563284173454,0.03348007924279111,0.22669161347127448,-0.18478978648470173,0.14263262161567247,-0.16803874092009685,-0.09444419986792868,-0.15292758089368258,-0.10485362095531588,0.034378164208672686,-0.21515298261060972,-0.10495267444419987,-0.23662557781201848,-0.0023662777900066035,-0.17190843055249835,-0.12467972705260841,0.21109619194364956,-0.13612150561303105,-0.06808496588157605,-0.15079683028835572,0.05307065815540392,-0.04821483601144618,0.0751551837992516,-0.27589478318291877,0.004739159145938807,-0.1830376403257759,-0.16100594320933304,-0.39609509134932863,-0.2417785604226282,-0.29392692053709,-0.1310543693594541,-0.22697776799471714,0.08319392471934844,-0.05202289236187541,0.128234646709223,-0.3431432973805855,-0.08977327756988773,-0.3686088487783403,-0.30980629539951576,-0.16723530706581555,-0.15973365617433413,-0.18998239049086507,0.03698217037200088,0.08351749944970284,0.10587717367378384,-0.3365661457186881,-0.0623464670922298,0.3174840413823465,0.4059872331058772,0.12672243011226061,0.32088928021131413,0.13009685230024212,0.08265023112480739,0.008012326656394453,0.029892141756548536,-0.003015628439357253,-0.1724389170151882,-0.13392692053709002,0.31524323134492627,-0.3141470394012767,-0.38366277790006603,0.008923618754127229,-0.009031476997578693,-0.20992956196346027,-0.3185119964780982,-0.2654941668500991,-0.2715364296720229,0.025764913053048646,-0.29242350869469513,-0.06457627118644067,-0.4276007043803654,-0.20170592119744662,-0.1890710983931323,-0.12254677525863966,0.27819062293638563,0.08873651771956857,-0.0758991855602025,-0.13999119524543252,-0.12196346026854502,-0.2492295839753467,-0.13473695795729693,-0.1306405458947832,-0.14407880255337882,-0.23015628439357252,-0.06596081884217478,-0.12828307285934404,-0.1282940788025534,0.1814109619194365,-0.0887937486242571,-0.12725731895223422
#201,0.40042042703059655,0.31366057671142417,0.6702773497688752,0.6020250935505173,-0.18627999119524544,0.3424653312788906,0.16462249614791988,0.45527845036319614,-0.0047545674664318735,0.5721747743781642,0.48197666740039624,-0.06363636363636363,0.12194364957076821,-0.1327360774818402,0.12083865287255117,0.0665001100594321,1.0,0.4796434074400176,-0.02048646268985252,-0.3141382346467092,0.008489984591679507,-0.08577591899625799,0.009718247853841074,-0.07071318511996479,0.2466519920757209,-0.011215056130310368,0.3449966982170372,0.07265903587937486,0.28330838652872553,-0.059300022011886416,0.36874532247413605,-0.040865067136253576,0.4103587937486243,0.27265903587937484,-0.2912458727712965,-0.1354061193044244,-0.05114461809377063,-0.21147479639005062,0.04238828967642527,-0.07335020911292098,-0.4616927140655954,-0.2658463570327977,-0.2598393132291437,-0.019588377723970943,-0.24580893682588598,-0.265115562403698,0.10613911512216596,-0.1686220559101915,-0.038626458287475234,-0.20592119744662118,0.23009465111160027,0.05967642526964561,0.3310147479639005,0.08704380365397314,0.03959278010125468,0.05563284173453665,-0.25175654853620955,-0.40929782082324456,-0.02186220559101915,-0.09523222540171693,-0.2549196566145719,-0.09085846357032798,-0.3618798151001541,-0.3691327316751046,0.4124653312788906,0.23906449482720668,-0.24130970724191064,-0.3590028615452344,-0.1565661457186881,0.008252256218357913,0.2081554039181158,0.39648910411622273,0.00262821923838873,-0.05502751485802333,-0.38918335901386747,-0.2998987453224741,-0.2412128549416685,-0.004036979969183359,0.22202729473915914,-0.164719348448162,-0.006136913933524103,-0.11690512876953554,0.0661567246313009,-0.033909311027955094,-0.14207572088928022,-0.24625137574290118,-0.11418225841954656,-0.19239049086506713,-0.13828967642526965,-0.32048206031256876,-0.2752102135152983,-0.21051287695355492,-0.47937926480299364,0.0651551837992516,-0.034188861985472156,0.4591393352410302,0.2659520140876073,0.6201584855822144,0.30237728373321593,0.3982610609729254,0.40343605546995376,0.47516178736517717,0.28133612150561305,0.36588377723970944,0.41370680167290336,0.49629099713845476,0.35166409861325115,-0.277211093990755,-0.19412282632621616,0.1184767774598283,0.18753907109839313
