,#10,#11,#12,#13,#17,#18,#26,#49,#50,#51,#52,#53,#54,#58,#101,#102,#201,#202,#301,#302,#401,#402,#501,#502,#601,#602,#701,#702,#801,#802,#901,#902,#1001,#1002,#1101,#1102,#1201,#1202,#1301,#1302,#1401,#1402,#1501,#1502,#1601,#1602,#1701,#1702,#1801,#1802,#1901,#1902,#2001,#2002,#2101,#2102,#2201,#2202,#2301,#2302,#2401,#2402,#2501,#2502,#2601,#2602,#2701,#2702,#2801,#2802,#2901,#2902,#3001,#3002,#3101,#3102,#3201,#3202,#3301,#3302,#3401,#3402,#3455,#3501,#3502,#3601,#3602,#3701,#3702,#3801,#3802,#3901,#3902,#4001,#4002,#4101,#4102,#4201,#4202,#4301,#4302,#4401,#4402,#4501,#4502,#4601,#4602,#4701,#4702,#4801,#4802
#10,1.0,0.5709465111160026,0.36118203830068235,0.4730552498349109,0.3711270085846357,0.2887233105877174,0.3913471274488224,0.7377107638124587,0.2625181598062954,0.5827184679727052,0.7168721109399075,0.45148139995597625,0.3176469293418446,0.12775258639665418,-0.06450363196125908,-0.02308826766453885,0.16476117103235746,0.10920537090028616,-0.062040501871010345,0.034891041162227604,0.022130750605326877,-0.1740479859123927,0.21151001540832048,0.30979969183359013,0.0660048426150121,0.003200528285274048,-0.4282940788025534,-0.2589962579793088,-0.14246313009024875,-0.24004842615012106,-0.039729253797050404,-0.2677173673783843,-0.06606207351970064,-0.3520977327756989,-0.2522804314329738,-0.31516839093110277,-0.08666960158485582,-0.23486242570988333,-0.22415584415584416,-0.277343165309267,-0.22820603125687872,0.006718027734976887,-0.040832049306625574,-0.1556020250935505,-0.1066585956416465,0.1458661677305745,-0.43518600044023775,-0.386418666079683,-0.3386990975126568,-0.09407660136473696,-0.05768875192604006,-0.16753686990975128,-0.28880255337882454,-0.14534888839973586,0.023808056350429232,-0.28265903587937485,0.041554039181157826,0.07533568126788466,-0.46880915694475017,-0.22319172353070657,-0.06307065815540391,0.13784063394232884,0.027979308826766455,0.045265243231344926,0.01401716927140656,0.030706581554039183,0.10368699097512657,-0.09874532247413603,0.12358353510895884,-0.05438696896324015,0.11732115342284834,0.008155403918115783,0.23974466211754347,0.229801893022232,0.24629760070438037,0.2953929121725732,0.14035879374862426,0.08703720008804755,0.1000858463570328,-0.08469733656174334,0.16171032357473036,0.0452410301562844,0.06738718908210434,0.22021351529826105,0.4480871670702179,0.011587057010785825,-0.03703059652212195,0.026832489544353952,-0.1326106097292538,0.1062623816861105,0.19928461369139336,0.0019722650231124806,-0.0688003521901827,-0.2933017829627999,-0.1468236847897865,0.3150759410081444,0.049971384547655734,-0.058386528725511776,-0.21585736297600705,-0.08294739159145939,-0.16990314769975787,0.03963900506273388,-0.1075346687211094,-0.04870349988994057,-0.04252256218357913,0.04988333700198107,-0.24539511336121506,0.07722209993396434,0.39544133832269424,-0.21712304644508035,-0.16007484041382347
#11,0.5709465111160026,1.0,0.11270746202949593,0.3139489324235087,0.2321747743781642,0.0914439797490645,0.49429451904028177,0.5240193704600484,0.6948778340303764,0.6421989874532248,0.5977371780761611,0.14686330618534008,0.0985890380805635,0.2682390490865067,0.0010257539071098394,0.07117543473475677,0.09218578032137355,-0.04312568787145058,-0.0010037420206911731,0.13321813779440897,0.10780761611270086,-0.10823684789786485,0.06637904468412943,0.025903587937486244,-0.04021791767554479,-0.026324014968082763,-0.314175654853621,-0.2687827426810478,-0.17822364076601366,-0.19941448382126348,-0.1099801893022232,-0.13804314329738057,-0.16650451243671582,-0.3064825005502972,-0.006319612590799032,-0.0946929341844596,-0.14899625797930882,-0.07014087607307946,-0.2880409421087387,-0.20985031917235308,-0.1638696896324015,-0.0017081223860884879,0.06838872991415364,-0.15114241690512878,0.00576271186440678,0.13817741580453444,-0.2948470173893903,-0.2933766233766234,-0.1662293638564825,-0.1074224081003742,-0.1000726392251816,-0.1306779661016949,-0.2966299801893022,-0.33080783623156507,-0.06221439577371781,-0.26197886858903807,0.06909090909090909,0.06652432313449262,-0.17216596962359673,-0.13884217477437816,-0.016486902927580895,0.11548756328417345,-0.1720581113801453,-0.1338498789346247,0.0005987233105877173,-0.13565925599823905,0.09525643847677746,0.03997798811358133,0.2115760510675765,0.14807395993836672,0.2102179176755448,0.17624036979969182,0.17306625577812018,0.14598062953995158,0.19220999339643408,0.2392427911071979,0.17938146599163549,0.18024213075060533,-0.01306185340083645,-0.2530772617213295,-0.16283733215936605,-0.14360114461809378,-0.11347567686550737,0.24357473035439137,0.25947611710323576,-0.014162447721769755,0.004105216817081224,0.04518159806295399,-0.2443693594541052,0.10232005282852741,-0.12455425930002201,0.08265023112480739,0.02807175874972485,-0.20412502751485803,-0.04864626898525204,0.047277129650011004,-0.1277129650011006,-0.18276689412282632,-0.26273387629319833,-0.1127955095751706,-0.2533810257539071,-0.08759189962579793,-0.16457627118644066,-0.14556020250935506,-0.05151441778560423,-0.06718247853841074,-0.336385648250055,0.06721329517939688,0.22583314990094652,-0.11681488003521902,0.04111600264142637
#12,0.36118203830068235,0.11270746202949593,1.0,0.6004864626898525,0.47217917675544796,0.31999779881135815,0.35064935064935066,0.16430332379484922,-0.15741800572309048,0.4836979969183359,0.20117543473475677,0.24383447061413163,0.2567642526964561,-0.014369359454105217,-0.21645168390931102,-0.2945938806955756,0.7178010125467753,0.5671472595201409,-0.1437046004842615,-0.20227162667840634,-0.11611490204710544,-0.2495003301782963,0.38089368258859785,0.2982654633502091,-0.01299801893022232,-0.13819722650231125,0.18939467312348668,0.0861038961038961,0.06963020030816641,-0.11313669381465992,0.19687211093990756,-0.12187321153422849,0.4385494166850099,0.05796830288355712,-0.33859123926920537,-0.31234866828087166,-0.12536869909751266,-0.28075500770416023,-0.02108298481179837,-0.23375302663438258,0.14990534888839974,0.032359674224081,-0.2048382126348228,-0.13014747963900505,-0.0500066035659256,-0.13071978868589038,-0.16057230904688533,-0.15672022892361875,-0.07821703720008805,-0.03027294739159146,0.2354589478318292,0.23159145938806955,0.41534668721109397,0.07519040281752146,0.027796610169491524,-0.027409200968523003,-0.03782962799911953,-0.30320493066255777,-0.10564164648910411,0.11970724191063174,0.008073959938366718,0.10683248954435395,0.02208232445520581,0.06651771956856703,0.4270922298040942,0.3079418886198547,0.005115562403697997,0.13432753686990975,-0.009973585736297601,-0.10844375963020031,0.26027294739159146,0.013904908650671363,-0.12107638124587278,0.042577591899625795,-0.12167070217917676,-0.010545894783182918,-0.07980629539951574,-0.028569227382786704,0.434554259300022,-0.027127448822364078,0.1139159145938807,0.14463570327977107,0.05173233546114902,0.08506053268765133,0.021331719128329298,-0.031864406779661014,0.04209553158705701,0.07911071978868589,0.12071538630860665,-0.1632687651331719,0.27406999779881136,-0.09995597622716267,-0.10697116442879155,-0.0511732335461149,-0.10611049966982171,0.6544838212634823,0.3026304204270306,0.6163922518159807,0.27480079242791106,0.4179462909971385,0.410396213955536,0.6535923398635263,0.25772397094430993,0.451171032357473,0.37317411402157163,0.5181928241250275,0.30157384987893465,-0.024208672683248954,0.03587937486242571,-0.08211754347347568,-0.06380805635042923
#13,0.4730552498349109,0.3139489324235087,0.6004864626898525,1.0,0.45201848998459165,0.32832269425489763,0.23550077041602466,0.2046004842615012,0.15764252696456085,0.59066035659256,0.4834954875632842,0.18110719788685892,0.2730574510235527,0.04364296720228924,-0.006383447061413163,-0.21847237508254458,0.6135725291657496,0.20309487123046446,-0.0695905789126128,-0.18382786704820603,0.0865991635483161,-0.1841866607968303,0.39030156284393575,0.3436231565045124,0.06558441558441558,-0.09445300462249615,-0.13569887739379266,-0.11488663878494387,-0.22719568567026194,-0.31901606867708565,-0.050242130750605324,-0.09595421527624917,0.2102839533348008,-0.07962359674224082,-0.214620294959278,-0.31584415584415587,-0.004706141316310808,-0.21364296720228923,-0.057140655954215275,-0.2834734756768655,-0.06226722430112261,-0.010035219018269866,-0.016801672903367818,-0.03928681488003522,0.10621175434734757,0.20298261060972925,-0.20777459828307285,-0.26567246313009024,-0.18615892581994276,-0.1540215716486903,0.03303764032577592,0.04824785384107418,0.1871186440677966,-0.26643627558881794,0.027409200968523003,-0.20042923178516397,0.1402113141096192,-0.2585758309487123,-0.06862645828747524,0.08996257979308826,0.09030596522121946,0.1907109839313229,-0.09310367598503191,-0.2449900946511116,0.1100198106977768,0.16485362095531586,-0.1582654633502091,-0.15107638124587278,-0.03802553378824565,-0.20837332159366057,0.05263482280431433,-0.08701518820162887,-0.09324675324675324,-0.06317851639885538,-0.08408540611930443,0.021285494166850098,-0.11817741580453445,0.01727492846136914,0.1279506933744222,-0.22425489764472814,0.0589654413383227,0.0938234646709223,-0.038791547435615234,0.06933964340744002,0.06861325115562404,-0.009771076381245873,0.1364869029275809,-0.010365397314549857,-0.2150759410081444,-0.07170592119744662,0.32391811578252255,0.15775258639665418,0.20040501871010347,-0.013185119964780981,0.0425445740699978,0.4365595421527625,0.03734536649790887,0.2749064494827207,-0.07622716266784063,0.2741338322694255,0.15617433414043583,0.29058331499009465,0.11077041602465332,0.20278890600924498,0.2861765353290777,0.34304864626898524,0.06790666960158485,0.03241690512876953,0.24613471274488224,0.0348646268985252,0.0948778340303764
#17,0.3711270085846357,0.2321747743781642,0.47217917675544796,0.45201848998459165,1.0,0.3807440017609509,0.3088047545674664,0.1312920977327757,0.08793968743121286,0.5047809817301343,0.42895003301782964,0.3789786484701739,0.24269205370900288,0.17861985472154965,-0.0890446841294299,-0.12082984811798371,0.4175390710983931,0.3190446841294299,-0.16698437156064275,-0.11335681267884658,-0.08141096191943649,-0.29412942989214175,0.24138014527845036,0.2004798591239269,0.08834470614131631,-0.14803874092009686,-0.050057230904688534,-0.17541932643627559,0.07485362095531586,-0.06539291217257319,0.15949592780101254,-0.10264802993616554,0.2778582434514638,-0.06337882456526524,-0.061362535769315434,-0.26148580233325996,0.21217257318952235,-0.14787365177195685,0.06759850319172353,-0.22650231124807396,0.22244992295839752,0.04303984151441779,-0.09857142857142857,-0.014908650671362536,-0.07503852080123266,0.11708562623816861,-0.002907770195905789,-0.07974025974025974,-0.16795729694034778,-0.16010345586616773,0.031857803213735415,0.05337882456526524,0.1885230024213075,-0.05574950473255558,-0.011983270966321813,-0.06170592119744662,-0.1766982170372001,-0.22641426370239928,0.03946070878274268,0.11760510675764912,-0.07881135813339203,-0.1309751265683469,0.1968302883557121,0.11909311027955095,-0.07462689852520361,0.04810697776799472,0.13845036319612591,0.19607528065155183,0.04507373981950253,0.01035659255998239,0.13788025533788245,0.012236407660136474,-0.17613471274488224,0.027409200968523003,-0.1126304204270306,-0.11203830068236847,-0.2629826106097293,-0.23324895443539512,0.3860202509355052,0.1341998679286815,0.00042482940788025534,0.17062733876293198,-0.06259960378604447,0.2241338322694255,0.20877173673783844,-0.1341932643627559,-0.012029495927801013,0.3149768875192604,0.0686286594761171,0.10326656394453004,0.28178296279991194,0.11482720669161348,0.07634162447721769,-0.07966101694915254,-0.06987673343605547,0.38550737398195023,0.16484921857803214,0.20841954655513978,-0.015298261060972925,0.1702443319392472,0.1741668500990535,0.4390006603565926,0.07769975786924939,0.24939247193484482,0.24024873431653093,0.3114175654853621,0.1635923398635263,-0.12682588597842834,0.08265023112480739,-0.0686616773057451,-0.0022826326216156723
#18,0.2887233105877174,0.0914439797490645,0.31999779881135815,0.32832269425489763,0.3807440017609509,1.0,0.3409024873431653,0.17732775698877393,-0.002284833810257539,0.23566365837552278,0.19259520140876074,0.06228483381025754,0.5780607528065155,0.025388509795289456,-0.45478098173013426,-0.29383887299141537,0.256715826546335,0.38719788685890383,-0.2946158925819943,-0.28618093770636144,-0.47309927360774817,-0.2601144618093771,0.2528087167070218,0.24643847677745984,-0.24697556680607527,-0.2908430552498349,0.01653312788906009,0.02239489324235087,0.2346335020911292,0.13706361435174994,0.29060752806515516,-0.053526304204270306,0.3112502751485802,-0.1189258199427691,-0.3027426810477658,-0.2057406999779881,-0.07579793088267664,-0.2915144177856042,-0.23009685230024213,-0.269636803874092,0.2387079022672243,0.06504512436715827,0.20436495707682148,-0.164785384107418,0.3094078802553379,0.19390490865067136,-0.006654193264362756,-0.01490644948272067,0.102821923838873,-0.009079903147699757,0.20301562843935725,0.3332049306625578,0.3207307946290997,0.13350649350649352,-0.24890821043363417,-0.053596742240810034,0.1731168831168831,-0.16357693154303324,0.1678846577151662,0.43199207572088927,-0.011153422848338103,0.011267884657715166,0.056806075280651555,0.23475456746643186,0.0875478758529606,0.2358001320713185,0.3517609509134933,0.045960818842174775,-0.22666960158485583,-0.22477437816420867,0.041032357473035436,-0.20741800572309047,-0.17974025974025973,0.10779661016949152,-0.28047325555800134,-0.03605987233105877,-0.12445740699977988,-0.023044243891701517,0.45652432313449265,0.1855095751705921,0.3952212194585076,0.42275148580233324,0.159966982170372,0.15843275368699097,-0.02891041162227603,0.09316971164428792,0.2391041162227603,0.43594100814439796,0.19749944970283953,0.13499889940567908,0.36260840854061194,0.429075500770416,0.31312128549416685,0.19340523882896765,0.17341844596081885,0.42022892361875414,0.19158705701078582,0.3811292097732776,0.04868589038080563,0.3850143077261721,0.3937046004842615,0.346979969183359,-0.00589918556020251,0.16408980849658816,0.02180497468633062,0.41618093770636144,0.2751860004402377,-0.06201408760730795,0.040422628219238387,0.07081223860884878,0.1986748844375963
#26,0.3913471274488224,0.49429451904028177,0.35064935064935066,0.23550077041602466,0.3088047545674664,0.3409024873431653,1.0,0.3496279991195245,0.3461699317631521,0.35797270526084085,0.344950473255558,0.17985252036099494,0.3778868589038081,0.4989258199427691,-0.17945630640545895,-0.020277349768875193,0.202623816861105,0.3208716707021792,-0.08501650891481399,-0.01971604666519921,-0.19359894342945191,-0.2787365177195686,-0.04820823244552058,-0.11057451023552718,-0.28152102135152984,-0.2161897424609289,-0.09185119964780981,-0.07017169271406559,0.19839973585736298,0.0765199207572089,0.1324719348448162,-0.0199537750385208,0.22180937706361434,-0.03185340083645168,-0.07565925599823906,-0.0003543913713405239,-0.04428131190843055,-0.1052080123266564,-0.18057891261281092,-0.1612194585075941,0.14182038300682367,0.06440017609509135,0.22793968743121285,-0.00686550737398195,-0.028043143297380585,-0.02914813999559762,-0.18978648470173895,-0.1471252476337222,-0.020567906669601586,-0.10676425269645609,0.023506493506493507,0.06928461369139335,0.006460488663878494,-0.07806515518379925,-0.20986792868148801,-0.17435835351089587,-0.17269865727492847,-0.13486242570988333,-0.017902267224301122,0.04284173453664979,-0.17176315210213516,-0.07051287695355492,0.11318511996478098,0.24727492846136914,0.08804754567466432,0.017149460708782743,0.43364296720228923,0.40874532247413603,0.1306735637244112,0.15087827426810477,0.2882632621615672,0.1412260620735197,-0.012267224301122606,0.05329077701959058,0.03575610829848118,0.0475610829848118,-0.028166409861325115,-0.03831609068897204,0.3390402817521462,-0.008023332599603786,0.1012524763372221,0.06142637023992956,-0.16607528065155183,0.23068016729033677,0.10324675324675325,-0.05025313669381466,-0.05785604226282193,0.15724631300902486,-0.0008122386088487783,0.11235527184679726,0.07753026634382566,0.07438696896324015,0.027052608408540613,-0.1239357252916575,-0.11021351529826107,0.32480959718247854,0.16218357913273168,0.24197666740039622,0.0724983491085186,0.21741360334580673,0.11443539511336122,0.2369491525423729,0.021034558661677305,0.14249394673123486,0.12843495487563283,0.24440017609509135,0.08912392692053708,-0.13786924939467313,0.1148910411622276,-0.15707682148360114,-0.054657715166189745
#49,0.7377107638124587,0.5240193704600484,0.16430332379484922,0.2046004842615012,0.1312920977327757,0.17732775698877393,0.3496279991195245,1.0,0.501732335461149,0.4351705921197447,0.6842460928901607,0.4792493946731235,0.3415936605767114,0.35546555139775476,-0.0523464670922298,0.05679286814880035,-0.07178516398855382,0.007662337662337662,0.045914593880695576,0.018386528725511775,-0.004897644728153203,-0.1838366718027735,0.08558221439577372,0.23786484701738939,0.053233546114902046,0.01825445740699978,-0.49747743781642084,-0.3287079022672243,0.039418886198547214,-0.19392471934844815,-0.05680827646929342,-0.38933964340744004,-0.2753004622496148,-0.5037860444640105,-0.19466431873211534,-0.23891041162227603,-0.0960774818401937,-0.2159145938806956,-0.26587497248514197,-0.31703720008804753,-0.22292978208232445,-0.0854259300022012,0.05016949152542373,-0.30302223200528283,-0.11914593880695576,-0.04974466211754348,-0.57297160466652,-0.4994408980849659,-0.38859123926920536,-0.08731454985692273,-0.13954655513977549,-0.16299581774158045,-0.46456306405458947,-0.16645608628659475,0.03050407219898745,-0.31701738939027074,-0.011617873651771957,0.11900506273387629,-0.5490997138454765,-0.2742857142857143,-0.11433634162447721,-0.008751926040061633,0.1037310147479639,0.0861369139335241,-0.024486022452124147,-0.05398855381906229,0.3439225181598063,0.06790666960158485,0.2651948051948052,0.07051507814219679,0.21363416244772176,0.10980629539951574,0.2693088267664539,0.2974554259300022,0.2632291437376183,0.2664604886638785,0.13432753686990975,-0.01719128329297821,0.07783843275368699,-0.08857803213735417,0.12228263262161568,-0.011267884657715166,0.22912172573189524,0.15695795729694034,0.3994563064054589,0.10979749064494827,-0.07199867928681487,0.045985031917235304,-0.07907550077041603,0.09709663218137794,0.006869909751265684,0.01952674444199868,-0.004844816200748404,-0.2184767774598283,-0.0710477657935285,0.27145938806955755,-0.008428351309707241,-0.2295839753466872,-0.38578032137354173,-0.28266784063394235,-0.3950627338762932,-0.11824565265243231,-0.2445278450363196,-0.22337662337662337,-0.2871978868589038,-0.24764252696456085,-0.4701738939027075,-0.01535989434294519,0.302392692053709,-0.262029495927801,-0.16316090688972046
#50,0.2625181598062954,0.6948778340303764,-0.15741800572309048,0.15764252696456085,0.08793968743121286,-0.002284833810257539,0.3461699317631521,0.501732335461149,1.0,0.33581113801452783,0.4928417345366498,0.07877834030376403,0.08242130750605327,0.4984305524983491,0.13685890380805635,0.12118423948932423,-0.07068677085626238,-0.12033898305084746,0.18362976007043805,0.014019370460048426,0.132987012987013,-0.16697556680607528,-0.07063834470614132,-0.015111160026414263,0.03720449042482941,-0.029484921857803215,-0.27736517719568565,-0.332491745542593,-0.03752586396654193,-0.23044464010565704,-0.1800528285274048,-0.21818842174774378,-0.27942108738718907,-0.3958881796169932,0.15890821043363415,-0.044058991855602025,-0.0038146599163548316,-0.02465991635483161,-0.11519920757208893,-0.18708342504952674,-0.12191943649570768,-0.14896324014968082,0.13204710543693596,-0.2174686330618534,-0.023816861104996697,-0.02567906669601585,-0.25219678626458286,-0.2977107638124587,-0.2152982610609729,-0.25056130310367597,-0.27803213735417126,-0.21956856702619415,-0.3537640325775919,-0.39243451463790446,-0.03266123706801673,-0.22743341404358353,-0.0862293638564825,-0.06412062513757429,-0.1576997578692494,-0.1909949372661237,-0.03954215276249175,-0.0035285053929121728,-0.05271846797270526,-0.11472375082544574,-0.10911952454325335,-0.1928747523662778,0.17984371560642748,0.0536913933524103,0.32517059211974464,0.20588157605106758,0.22073519700638344,0.18354391371340523,0.11399955976227162,0.0835263042042703,0.14655734096412062,0.019126128109178957,-0.02546995377503852,-0.03530926700418226,-0.030074840413823464,-0.19001100594320933,-0.26987233105877173,-0.1953202729473916,-0.033742020691173234,0.20432973805855162,0.17384767774598284,0.017466431873211535,-0.0018093770636143517,0.006425269645608629,-0.3142923178516399,0.07639885538190623,-0.2592890160686771,0.15927801012546774,0.12945630640545894,-0.09334580673563725,0.06330838652872552,-0.014036979969183358,-0.12713845476557342,-0.29416685009905347,-0.40010345586616775,-0.23760290556900726,-0.3640854061193044,-0.17035219018269865,-0.2923662777900066,-0.16699977988113582,-0.16842615012106538,-0.2428945630640546,-0.41279110719788686,-0.04543033237948492,0.12811578252256217,-0.06750385208012327,0.10950253136693815
#51,0.5827184679727052,0.6421989874532248,0.4836979969183359,0.59066035659256,0.5047809817301343,0.23566365837552278,0.35797270526084085,0.4351705921197447,0.33581113801452783,1.0,0.6667928681488003,0.35416244772176975,0.08486242570988334,0.13277349768875193,-0.01173893902707462,-0.13424829407880257,0.4220823244552058,0.11016949152542373,-0.034609289016068676,-0.0865727492846137,0.12427030596522122,-0.20550957517059212,0.288580233325996,0.17417125247633722,0.12029936165529385,-0.14070658155403917,-0.1769491525423729,-0.2582896764252696,-0.12006163328197227,-0.30359013867488444,-0.08196566145718688,-0.2860598723310588,0.009176755447941888,-0.25635042923178514,-0.22307506053268766,-0.377409200968523,-0.11211754347347568,-0.30483601144618094,-0.14211974466211755,-0.38630640545894784,0.020728593440457847,-0.06027514858023333,-0.13329958177415804,-0.15185560202509354,-0.007338762931983271,0.012841734536649791,-0.2851067576491305,-0.3343033237948492,-0.2911534228483381,-0.21883557120845257,0.029654413383226944,-0.04895663658375523,-0.025760510675764913,-0.18329297820823245,0.029236187541272288,-0.263878494386969,0.03757208892802113,-0.23236187541272288,-0.17192604006163328,-0.05735857362976007,0.14498569227382788,0.16493946731234868,-0.12182478538410742,-0.10951573849878934,0.10690512876953555,-0.023048646268985253,0.03288795949812899,0.13375963020030818,0.10427030596522122,-0.031864406779661014,0.19843275368699098,0.013810257539071098,-0.04400396213955536,0.07109619194364956,-0.0017037200088047546,0.08091789566365838,0.14480959718247854,0.08298481179837112,0.16951133612150562,-0.2438961038961039,0.011120405018710103,0.0725841954655514,-0.09783403037640326,0.17244772176975567,0.22025533788245652,0.10362315650451244,0.13085186000440238,0.18161347127448824,-0.07226282192383887,0.0018049746863306186,0.14385868368919216,0.09441118203830068,-0.0070570107858243455,-0.04039841514417786,0.004800792427911072,0.2952454325335681,-0.0017169271406559542,0.0940215716486903,-0.2013449262601805,0.010222320052828528,-0.03391151221659696,0.22565045124367158,-0.06711424169051287,0.09985252036099494,0.09806955756108299,0.12138895003301783,-0.17563284173453664,0.174851419766674,0.2476865507373982,0.06027955095751706,0.08792207792207792
#52,0.7168721109399075,0.5977371780761611,0.20117543473475677,0.4834954875632842,0.42895003301782964,0.19259520140876074,0.344950473255558,0.6842460928901607,0.4928417345366498,0.6667928681488003,1.0,0.4703103675985032,0.3247985912392692,0.3347171472595201,-0.008674884437596302,-0.02747743781642087,0.14182918776139114,-0.027728373321593662,0.023286374642306845,-0.005569007263922518,0.07676425269645609,-0.142887959498129,0.16009465111160026,0.2244508034338543,0.17863306185340083,-0.018263262161567248,-0.4155844155844156,-0.3783513097072419,-0.06198987453224741,-0.2981840193704601,-0.14461149020471054,-0.3448139995597623,-0.21584415584415584,-0.4992273827867048,-0.10594320933303984,-0.31346687211093993,0.05986572749284614,-0.190924499229584,-0.06037640325775919,-0.27983491085186,-0.10640325775918996,-0.10461149020471054,0.016453885097952894,-0.14205150781421969,-0.11857142857142858,0.08050847457627118,-0.408003521901827,-0.3922386088487783,-0.4030574510235527,-0.23152102135152983,-0.1803808056350429,-0.23923178516398855,-0.3236319612590799,-0.19922738278670482,0.09920316971164429,-0.2388994056790667,0.04195905789126128,0.03783843275368699,-0.39322033898305087,-0.2220360994937266,-0.05609949372661237,0.03291217257318952,0.0612458727712965,0.008758529605987234,-0.11082544574069998,-0.0462821923838873,0.15564384767774597,0.06955095751705921,0.19904908650671363,0.030244331939247193,0.18645168390931102,0.08554699537750385,0.1712326656394453,0.27457186880915696,0.25058991855602025,0.2309487123046445,0.07038961038961039,-0.009852520360994937,0.10119304424389171,-0.12216376843495487,0.10950693374422188,0.02914813999559762,0.10128109178956636,0.24755227823024434,0.41362976007043806,0.060548095971824784,-0.03420427030596522,0.1490380805635043,-0.16165089148139997,0.1869689632401497,0.17696676205150783,0.03528945630640546,0.0586946951353731,-0.21312788906009245,-0.13918556020250936,0.16772176975566805,-0.03658595641646489,-0.215115562403698,-0.412326656394453,-0.2273167510455646,-0.29639005062733875,-0.03882236407660136,-0.22093330398415145,-0.17475456746643186,-0.17119524543253356,-0.1689324235086947,-0.4001342725071539,0.04878494386968963,0.4410477657935285,-0.1299801893022232,-0.0926172132951794
#53,0.45148139995597625,0.14686330618534008,0.24383447061413163,0.18110719788685892,0.3789786484701739,0.06228483381025754,0.17985252036099494,0.4792493946731235,0.07877834030376403,0.35416244772176975,0.4703103675985032,1.0,0.3881201848998459,0.2606647589698437,-0.15465991635483162,-0.14325115562403698,0.08669821703720008,0.14350429231785164,-0.20452124147039402,-0.06290556900726392,-0.19079462909971384,-0.1993352410301563,0.15917235307065816,0.16163988553819061,0.0351353731014748,-0.02955095751705921,-0.2036913933524103,-0.05648690292758089,0.09356152322254017,0.00850759410081444,0.04695135373101475,-0.19270085846357032,0.05164869029275809,-0.03104996698217037,-0.038769535549196564,-0.1305789126128109,0.03797930882676646,-0.14635042923178515,-0.013416244772176976,0.01774818401937046,0.1857627118644068,-0.002161567246313009,-0.18635042923178516,-0.302095531587057,0.02036319612590799,0.1400858463570328,-0.13489544353951133,-0.0733810257539071,-0.09107197886858903,0.10764913053048646,0.07716046665199208,-0.11928461369139336,-0.20675985031917235,0.008208232445520582,0.0029165749504732556,0.05368038740920097,-0.14423068456966762,0.10283072859344046,-0.2185230024213075,-0.10570107858243452,-0.21254017169271405,-0.14808496588157605,0.193020030816641,0.24620074840413825,-0.20598723310587716,0.039579572969403475,0.24998899405679068,0.2855007704160247,-0.007646929341844596,0.0462359674224081,-0.0336583755227823,0.01717587497248514,0.04980189302223201,0.11511116002641426,0.1123332599603786,0.11871670702179177,-0.06050847457627118,-0.2667268324895444,0.038382126348228046,-0.001538630860664759,0.2112656834690733,0.22780541492405898,0.12074620294959278,0.242854941668501,0.4730772617213295,-0.0704094210873872,-0.1457010785824345,0.24907990314769976,0.20772397094430992,0.13683248954435395,0.2040611930442439,-0.08664758969843715,0.09082544574069998,-0.24466872110939908,-0.1624983491085186,0.05459828307285934,-0.043273167510455644,-0.0588729914153643,-0.10270966321813779,-0.053405238828967645,-0.10347127448822364,0.051234866828087165,0.05182258419546555,0.15671362535769315,0.12645828747523663,-0.026500110059432095,-0.06397314549856922,-0.18983491085186,0.2243913713405239,-0.3156548536209553,-0.24436055469953774
#54,0.3176469293418446,0.0985890380805635,0.2567642526964561,0.2730574510235527,0.24269205370900288,0.5780607528065155,0.3778868589038081,0.3415936605767114,0.08242130750605327,0.08486242570988334,0.3247985912392692,0.3881201848998459,1.0,0.29465551397754786,-0.39447721769755667,-0.2647545674664319,0.21195465551397755,0.2875610829848118,-0.28187541272287037,-0.16565265243231345,-0.4352696456086287,-0.2843759630200308,0.13416024653312789,0.2694607087827427,-0.2968941228263262,-0.12497908870790227,-0.1348117983711204,0.038373321593660574,0.21191063174114022,0.11869909751265684,0.14409641206251375,0.002425709883337002,0.17889720449042482,-0.15917895663658377,-0.06814880035219019,-0.07036539731454985,-0.11256658595641647,-0.20491305304864627,-0.2064406779661017,-0.07394012766894123,0.06685009905348889,0.04775698877393793,0.2019106317411402,-0.1768236847897865,0.23871670702179176,0.2226502311248074,-0.11338322694254897,-0.009060092449922959,0.0952608408540612,0.09201628879594981,0.08904688531807176,0.1356614571868809,0.08146819282412503,0.0823002421307506,-0.31105877173673785,-0.0974686330618534,0.08197006383447061,0.018159806295399514,0.0010807836231565046,0.2576469293418446,-0.1589126128109179,-0.0712722870349989,0.1556086286594761,0.29171692714065595,0.017244111820383008,0.20689852520360996,0.42677305745102356,0.20961479198767335,-0.16924499229583975,-0.058421747743781643,0.09976007043803654,-0.057094430992736075,0.002291437376183139,0.22450363196125908,-0.060834250495267445,0.05555139775478758,-0.14919876733436055,-0.11459828307285934,0.3961435174994497,0.21153422848338102,0.45857362976007043,0.33273387629319834,0.3303411842394893,0.25332599603786043,0.2576029055690073,0.019872331058771737,0.06801672903367818,0.24784063394232886,0.0029561963460268546,0.28705260840854063,0.34528945630640545,0.18471494607087827,0.2774047985912393,-0.05747083425049527,-0.024290116662998018,0.24115562403697996,0.09281752146158925,0.21770856262381685,0.06053268765133172,0.15639885538190623,0.16273167510455647,0.18186220559101915,0.09091349328637464,0.18950253136693815,0.08473695795729694,0.1791701518820163,0.14487563284173455,-0.19861325115562403,0.1114175654853621,-0.13896984371560642,0.010107858243451463
#58,0.12775258639665418,0.2682390490865067,-0.014369359454105217,0.04364296720228924,0.17861985472154965,0.025388509795289456,0.4989258199427691,0.35546555139775476,0.4984305524983491,0.13277349768875193,0.3347171472595201,0.2606647589698437,0.29465551397754786,1.0,0.12624697336561744,0.061598062953995156,-0.03934404578472375,-0.0611600264142637,0.0535923398635263,0.04547655734096412,0.10270966321813779,-0.25646268985252035,-0.21039401276689412,-0.22050627338762932,-0.14651111600264144,-0.1756218357913273,-0.15961479198767334,-0.04919656614571869,0.17195025313669382,-0.04790006603565926,-0.067244111820383,-0.07761171032357474,-0.02727272727272727,-0.14401276689412282,0.1823794849218578,0.06189522342064715,0.1011336121505613,-0.043541712524763375,-0.041589258199427694,-0.061862205591019154,0.02701518820162888,-0.01112260620735197,0.1886682808716707,-0.1331763152102135,-0.08436275588817961,-0.09552718467972705,-0.132689852520361,-0.11998459167950694,-0.0450231124807396,-0.0749438696896324,-0.1611996478098173,-0.11000220118864186,-0.2571670702179177,-0.23263922518159807,0.013858683689192164,-0.19789346246973366,-0.11321813779440898,-0.019775478758529606,-0.12723310587717368,-0.16701078582434514,-0.2031983270966322,-0.20063174114021573,0.21556900726392253,0.1911864406779661,-0.08178296279991196,-0.06190182698657275,0.5922870349988995,0.4581664098613251,0.307772397094431,0.2603742020691173,0.2765001100594321,0.19170592119744662,0.11458727712965001,0.010068236847897864,0.21488223640766013,0.011866607968302884,-0.0725181598062954,-0.10394012766894123,0.11578692493946731,-0.10466211754347347,0.014455205811138015,0.06711424169051287,0.0661104996698217,0.26608408540611933,0.20740699977988114,-0.09464010565705482,-0.16328637464230686,-0.04624477217697557,-0.1214439797490645,0.17937926480299363,-0.10018710103455866,0.010972925379705041,-0.0386088487783403,-0.18683028835571208,-0.11615892581994276,0.0015584415584415584,-0.1756416464891041,-0.10875852960598724,-0.1848910411622276,-0.1633964340744002,-0.2098151001540832,-0.062491745542593,-0.20513537310147478,-0.009722650231124808,-0.04592780101254677,-0.10860664758969844,-0.12217477437816421,-0.2175214615892582,0.10180277349768875,-0.23800572309046886,-0.10561303103675986
#101,-0.06450363196125908,0.0010257539071098394,-0.21645168390931102,-0.006383447061413163,-0.0890446841294299,-0.45478098173013426,-0.17945630640545895,-0.0523464670922298,0.13685890380805635,-0.01173893902707462,-0.008674884437596302,-0.15465991635483162,-0.39447721769755667,0.12624697336561744,1.0,0.6678472375082545,-0.0697292537970504,-0.3960774818401937,0.7413647369579573,0.3918688091569448,0.8441008144397975,0.3978120184899846,-0.19606207351970065,-0.13351089588377724,0.5579308826766454,0.3998459167950693,-0.331996478098173,-0.5067290336781862,0.1447149460708783,-0.08618093770636144,-0.5045124367158266,-0.028038740920096852,-0.4637772397094431,-0.13679066696015849,0.5247259520140876,0.2624939467312349,0.4808628659476117,0.4282258419546555,0.3150275148580233,0.3132973805855162,-0.2482456526524323,0.16181157825225623,-0.026924939467312347,0.13022672243011227,-0.4682060312568787,-0.17979308826766455,-0.402161567246313,-0.4788465771516619,-0.5515430332379485,-0.36820162887959496,-0.5614549856922738,-0.5088707902267224,-0.4445234426590359,-0.22689852520360995,0.37119744662117543,-0.010160686770856263,-0.30070217917675546,0.03259520140876073,-0.3295597622716267,-0.5994651111600264,-0.04214175654853621,-0.22301342725071538,0.25774158045344486,-0.09799251595861766,-0.24639445300462248,-0.39035439137134054,-0.21336561743341403,-0.06584635703279772,0.6679330838652873,0.1852608408540612,0.21650891481399956,0.22329297820823243,0.37274708342504953,-0.07515958617653533,0.2831168831168831,-0.06463570327977107,-0.15928021131410963,-0.0891041162227603,-0.03307726172132952,0.18,-0.17075060532687653,-0.24941668500990535,-0.15125687871450583,-0.055624036979969184,0.041606867708562624,-0.30709663218137795,-0.2690116662998019,-0.1946467092229804,-0.4876909531146819,-0.23401276689412281,-0.28302223200528287,-0.2389060092449923,-0.40157384987893463,-0.2511336121505613,-0.18655734096412063,-0.21238828967642526,-0.12673563724411183,-0.47581554039181156,-0.42904468412942987,-0.515346687211094,-0.5409333039841514,-0.30159806295399516,-0.2604358353510896,-0.33494607087827427,-0.2421681708122386,-0.46793308386528726,-0.4477459828307286,-0.00137574290116663,-0.042973805855161785,-0.0299867928681488,-0.1482456526524323
#102,-0.02308826766453885,0.07117543473475677,-0.2945938806955756,-0.21847237508254458,-0.12082984811798371,-0.29383887299141537,-0.020277349768875193,0.05679286814880035,0.12118423948932423,-0.13424829407880257,-0.02747743781642087,-0.14325115562403698,-0.2647545674664319,0.061598062953995156,0.6678472375082545,1.0,-0.38257539071098395,-0.28930442438917015,0.6662799911952454,0.7744265903587938,0.49584195465551395,0.6609267004182259,-0.29373981950253136,-0.10523882896764253,0.3231631080783623,0.5975654853620955,-0.45283733215936606,-0.28869689632401496,0.28819502531366936,0.21099053488883998,-0.266139115122166,-0.019907550077041602,-0.4860994937266124,-0.15228043143297382,0.4536165529385868,0.42598723310587716,0.34572969403477877,0.5804226282192384,0.10319392471934845,0.4632423508694695,-0.17086946951353732,0.3737706361435175,0.1877657935285054,0.08224521241470394,-0.4622430112260621,0.01309487123046445,-0.357739379264803,-0.3485714285714286,-0.4195399515738499,-0.13599603786044465,-0.48308166409861325,-0.38192163768434956,-0.5457076821483601,-0.0036627779000660355,0.11370680167290337,0.18099933964340745,-0.45258639665419326,0.3876689412282633,-0.37557120845256436,-0.4668368919216377,-0.32279991195245433,-0.39075720889280213,0.3163328197226502,0.1427999119524543,-0.17339203169711645,-0.3583601144618094,-0.11696456086286595,0.0016574950473255557,0.653185119964781,0.26432973805855164,0.1853576931543033,0.34399955976227165,0.31417785604226284,-0.07507153863086066,0.23724411182038302,-0.008800352190182699,-0.2781554039181158,-0.27439357252916574,-0.022709663218137794,0.48217917675544797,-0.06448602245212415,-0.08285714285714285,-0.08251375742901167,-0.10033678186220558,0.15819722650231124,-0.44265243231344925,-0.4657803213735417,-0.09685009905348889,-0.330906889720449,-0.08941008144397974,-0.18096632181377945,-0.3058067356372441,-0.33584855822143955,-0.3608188421747744,-0.372953995157385,-0.25293638564825005,0.02550957517059212,-0.5383865287255117,-0.30223860884877835,-0.5785560202509356,-0.5146973365617433,-0.275808936825886,-0.23070217917675545,-0.3782610609729254,-0.36905348888399736,-0.49677966101694915,-0.4559828307285934,-0.2400396213955536,-0.11244772176975566,-0.22281091789566365,-0.31276029055690074
#201,0.16476117103235746,0.09218578032137355,0.7178010125467753,0.6135725291657496,0.4175390710983931,0.256715826546335,0.202623816861105,-0.07178516398855382,-0.07068677085626238,0.4220823244552058,0.14182918776139114,0.08669821703720008,0.21195465551397755,-0.03934404578472375,-0.0697292537970504,-0.38257539071098395,1.0,0.5223288575830949,-0.05766453885097953,-0.3952674444199868,-0.00014747963900506273,-0.3295575610829848,0.2476601364736958,0.12598723310587717,0.056951353731014745,-0.219471714725952,0.21555359894342946,-0.06219458507594101,0.11192824125027515,0.02221219458507594,0.006253576931543033,0.045115562403698,0.3669337442218798,0.20621835791327317,-0.12325555800132071,-0.14893462469733657,0.01914373761831389,-0.12543253356812678,0.2075544794188862,-0.0903103675985032,0.23731234866828088,0.0031983270966321814,-0.0042901166629980185,0.05278890600924499,-0.0032819722650231126,-0.08674224081003742,-0.02822143957737178,-0.11603565925599824,-0.055307065815540395,-0.25287915474356154,0.06509795289456306,0.0949768875192604,0.4503279771076381,-0.10216817081223861,0.08997798811358133,-0.053319392471934846,-0.003948932423508695,-0.4727140655954215,0.09298481179837112,0.07700858463570329,0.0989852520360995,0.16873211534228483,0.08156064274708343,0.04101034558661677,0.37778780541492407,0.31150561303103674,-0.15472375082544573,0.1341008144397975,-0.050792427911071976,-0.07677745982830729,0.22992295839753468,-0.10202949592780101,-0.05607968302883557,0.05711424169051288,-0.07920537090028615,-0.10063394232885758,-0.021934844816200748,0.09490644948272067,0.3960510675764913,-0.09110939907550077,0.006634382566585956,0.20473475676865507,-0.0921219458507594,0.21125467752586397,0.0022099933964340743,-0.007781201848998459,0.13485582214395775,0.10834250495267445,0.04576931543033238,-0.13938146599163548,0.3104204270305965,0.019410081443979748,-0.05049086506713625,0.06505172793308386,-0.013425049526744443,0.5948073959938367,0.165148580233326,0.635725291657495,0.305049526744442,0.45638784943869687,0.4450011005943209,0.5592978208232445,0.3393572529165749,0.47586396654193264,0.49050407219898745,0.4982852740479859,0.3713911512216597,0.040101254677525865,0.055610829848117986,0.0709685230024213,0.11751926040061633
