,#10,#11,#12,#13,#17,#18,#26,#49,#50,#51,#52,#53,#54,#58,#101,#102,#201,#202,#301,#302,#401,#402,#501,#502,#601,#602,#701,#702,#801,#802,#901,#902,#1001,#1002,#1101,#1102,#1201,#1202,#1301,#1302,#1401,#1402,#1501,#1502,#1601,#1602,#1701,#1702,#1801,#1802,#1901,#1902,#2001,#2002,#2101,#2102,#2201,#2202,#2301,#2302,#2401,#2402,#2501,#2502,#2601,#2602,#2701,#2702,#2801,#2802,#2901,#2902,#3001,#3002,#3101,#3102,#3201,#3202,#3301,#3302,#3401,#3402,#3455,#3501,#3502,#3601,#3602,#3701,#3702,#3801,#3802,#3901,#3902,#4001,#4002,#4101,#4102,#4201,#4202,#4301,#4302,#4401,#4402,#4501,#4502,#4601,#4602,#4701,#4702,#4801,#4802
#10,1.0,0.20086506713625357,0.3851133612150561,0.2403830068236848,-0.021644287915474358,0.025934404578472375,0.30362315650451244,0.7438058551617873,0.0361699317631521,0.5061303103675985,0.4500154083204931,0.16035439137134053,0.08405458947831829,-0.08510675764913053,0.11433414043583535,0.1319172353070658,0.37941448382126347,0.29119084305524984,0.32038520801232667,-0.12841294298921418,0.03442659035879375,0.30090028615452347,0.2100132071318512,0.296121505613031,0.29876953554919655,0.1933942328857583,-0.02783843275368699,-0.13518379925159585,-0.006288795949812899,0.11068016729033678,0.0035857362976007045,-0.12277349768875193,-0.051952454325335684,-0.03978648470173894,-0.2738961038961039,-0.2078978648470174,-0.2924543253356813,-0.227145058331499,0.04523882896764253,-0.1713713405238829,0.0070812238608848775,-0.10397314549856923,-0.09453444860224522,-0.26712744882236406,-0.11401716927140657,0.05299801893022232,-0.2642328857583095,-0.30392471934844817,-0.26699097512656833,-0.08629980189302223,-0.2548778340303764,-0.05702619414483821,-0.07136253576931544,0.03921417565485362,0.03899405679066696,0.11915254237288135,-0.16807836231565046,-0.1674620294959278,0.18556020250935507,-0.06312128549416685,-0.06350209112920978,-0.11959718247853841,-0.15178736517719568,-0.06902267224301123,-0.04171692714065595,-0.04624477217697557,-0.07658815760510676,-0.08764692934184459,0.0387145058331499,-0.1591943649570768,0.1026172132951794,0.057037200088047545,-0.08273387629319832,0.05319832709663218,-0.2403808056350429,-0.23836011446180938,-0.30476117103235745,-0.3101915034118424,0.20646929341844597,0.04032357473035439,-0.12591679506933745,0.00348448162007484,0.01936605767114242,-0.08401937046004843,-0.03371560642747083,-0.11761611270085846,-0.09389830508474577,-0.026953554919656616,0.12429451904028176,-0.15279991195245432,-0.0985890380805635,-0.061177635923398636,-0.04512656834690733,0.06775698877393793,0.1063152102135153,0.16848778340303763,0.07833810257539071,-0.004259300022011887,0.24148139995597623,-0.11447721769755669,-0.007774598283072859,0.12549636803874092,-0.07878934624697337,0.013664979088707903,-0.0013119084305524983,0.015390710983931324,0.031540832049306626,-0.30053268765133173,-0.06245652652432313,0.24712744882236407,0.1862029495927801
#11,0.20086506713625357,1.0,0.25280431432973804,0.3092692053709003,-0.10312568787145059,-0.19338322694254897,0.34338322694254897,0.2064010565705481,0.11073959938366718,0.27592339863526305,0.2650209112920977,0.032817521461589255,-0.1680101254677526,-0.02663218137794409,0.16526304204270306,0.2731300902487343,0.11449042482940788,0.06311027955095752,0.11253356812678847,0.018003521901826986,0.13492846136913933,0.3294563064054589,-0.16836671802773498,0.18441118203830068,0.0002531366938146599,0.20828307285934405,-0.1582324455205811,-0.01113581333920317,-0.07642967202289236,-0.1942262821923839,-0.17922077922077922,-0.03964340744001761,-0.24450803433854282,-0.16725071538630862,-0.07291877613911513,-0.09125687871450583,-0.24698217037200088,-0.09200748404138234,0.06686110499669821,0.004838212634822804,0.07887519260400616,-0.04614131631080784,0.08799911952454326,-0.06947831829187762,0.15873871890821042,0.04049966982170372,-0.3196830288355712,-0.28860664758969845,-0.002830728593440458,0.14421087387189083,-0.1858221439577372,0.18813339203169713,0.06258199427690952,0.12226282192383887,0.06333920316971164,-0.05594981289896544,0.07286154523442659,-0.03551397754787585,0.06707021791767555,0.06877173673783843,-0.07336781862205591,-0.1596632181377944,-0.16099053488883996,-0.1942659035879375,-0.10561963460268545,0.17102355271846797,-0.16536209553158707,-0.0361038961038961,0.15617653532907771,-0.12095311468192824,-0.016506713625357692,0.04815980629539952,-0.10686110499669822,0.038602245212414704,-0.09205370900286154,0.08381906229363857,-0.0961435174994497,-0.17203169711644287,0.07651771956856702,0.046277790006603564,-0.036040061633281974,0.04072639225181598,-0.12367598503191723,-0.10044023772837332,-0.04262601804974686,-0.1260444640105657,-0.15412282632621616,0.23805414924058993,-0.1724058991855602,0.026713625357693154,0.05424829407880255,-0.08678406339423289,0.1835989434294519,-0.09902487343165309,-0.0809289016068677,0.22729473915914594,-0.027530266343825667,-0.10529385868368919,0.08725952014087607,-0.43386088487783403,-0.04704160246533128,-0.11651992075720889,-0.18342945190402818,-0.22691613471274488,-0.20857362976007043,-0.3052124147039401,-0.18055690072639224,-0.08852740479859124,-0.0638630860664759,-0.025806735637244112,-0.04842394893242351
#12,0.3851133612150561,0.25280431432973804,1.0,0.3345608628659476,0.040279550957517056,0.3500594320933304,0.24079462909971386,0.2933964340744002,-0.3299075500770416,0.40047765793528506,0.2763086066475897,-0.05940127668941228,0.14951573849878935,-0.28626458287475237,0.06504732555580013,0.2998217037200088,0.5753731014747964,0.6999449702839533,0.26142637023992954,-0.32366718027734975,-0.14039621395553598,0.15917675544794188,0.5023090468853181,0.1288201628879595,0.3948448162007484,0.1891569447501651,0.17101694915254237,-5.062733876293198e-05,0.27558661677305746,0.11724411182038301,0.1923398635263042,0.05345366497908871,0.230297160466652,0.11079683028835571,-0.20725952014087606,-0.17085846357032797,-0.2892670041822584,-0.38119084305524986,0.15941448382126347,-0.05122165969623597,0.31642526964560863,-0.28450583314990097,0.08557120845256438,-0.23453004622496149,0.07609289016068677,-0.009251595861765353,-0.11013207131851199,-0.22721769755668061,-0.07245652652432313,-0.05992515958617654,-0.010666960158485582,0.10401716927140656,0.2634140435835351,0.44254677525863967,0.3321417565485362,0.2722209993396434,-0.2851617873651772,-0.44156724631300903,-0.010581113801452784,0.0754655513977548,-0.08263262161567246,-0.20971824785384108,-0.38419766674003963,0.042652432313449264,0.12254677525863966,0.11328417345366498,-0.3760840854061193,-0.057340964120625136,0.015397314549856923,-0.2107836231565045,0.5632599603786045,0.4892934184459608,-0.020334580673563724,0.2781333920316971,-0.28869249394673124,-0.09566365837552278,-0.30230464450803435,-0.13600044023772836,0.2093880695575611,0.2405657054809597,-0.026037860444640105,0.2019986792868149,-0.10554479418886198,-0.1290688972044904,-0.11058771736737838,-0.20710983931322915,-0.17043803653973144,0.22503411842394894,0.087376183138895,-0.19010565705480958,-0.12239489324235087,-0.18303543913713405,0.06337001981069777,-0.10359454105216817,-0.04593440457847237,0.6906625577812019,-0.060510675764913056,0.32917455425930003,0.5816751045564605,0.020611930442438916,0.29920096852300243,0.5354413383226942,0.29979308826766454,0.23001760950913494,0.2218203830068237,0.2016024653312789,0.26639665419326436,-0.16530926700418225,-0.22556020250935505,-0.09711424169051287,-0.020334580673563724
#13,0.2403830068236848,0.3092692053709003,0.3345608628659476,1.0,0.008633061853400837,0.14327316751045566,0.17782742681047767,0.14484261501210655,-0.009456306405458947,0.3568500990534889,0.19529826106097292,-0.05093990755007704,0.1310411622276029,-0.18038740920096852,0.20401276689412282,0.2207990314769976,0.20529605987233107,0.3069205370900286,0.2027162667840634,-0.019698437156064275,-0.0611600264142637,0.09832929782082324,0.2035989434294519,0.2560664758969844,0.18755888179616992,0.3943143297380586,-0.03823244552058112,0.06614571868809158,0.0187277129650011,0.13567686550737398,0.13608848778340304,0.22213955535989435,-0.09144838212634823,-0.09658155403918116,-0.030257539071098394,-0.03979969183359014,-0.05328197226502311,0.04173673783843276,0.1199933964340744,0.22624036979969184,0.10057010785824345,-0.02092229804094211,0.025806735637244112,0.053808056350429234,-0.036414263702399294,-0.05368038740920097,-0.2394805194805195,-0.24159366057671142,-0.15117103235747303,-0.12909971384547655,-0.2361303103675985,0.07899405679066696,0.02920977327756989,0.03666519920757209,-0.0651089588377724,0.08320272947391591,-0.14557781201849,-0.038078362315650455,0.16080783623156505,0.03180937706361435,-0.13566806075280652,-0.22447501650891483,-0.08729473915914594,0.09308166409861325,0.03267004182258419,0.06491965661457187,-0.16460928901606867,-0.12767114241690514,-0.008930222320052828,-0.0939621395553599,0.09515078142196787,0.15256878714505834,-0.09696015848558222,0.04140876073079463,-0.24196566145718687,-0.1036583755227823,-0.25490204710543696,-0.2782918776139115,0.015381906229363857,0.1388597842835131,-0.168102575390711,0.06407219898745323,-0.08978208232445521,0.03586616773057451,-0.04800132071318512,-0.20949812898965442,-0.17713405238828966,0.1291635483160907,-0.1875148580233326,-0.14230244331939249,-0.008032137354171253,0.07064054589478318,0.1470922298040942,-0.005344486022452124,0.053002421307506056,0.13026854501430774,0.14140655954215275,-0.05530046224961479,0.18586616773057452,-0.33256218357913275,0.005511776359233987,0.13969843715606428,-0.021554039181157825,-0.12210213515298261,-0.2264274708342505,-0.21708122386088488,-0.14071318511996478,-0.12679066696015848,-0.2035857362976007,0.024908650671362536,0.09851419766674004
#17,-0.021644287915474358,-0.10312568787145059,0.040279550957517056,0.008633061853400837,1.0,0.2215474356152322,-0.08428351309707242,-0.07582214395773718,-0.12117323354611491,-0.29780761611270085,0.011261281091789567,0.04690732995817742,0.07837992515958618,-0.02251595861765353,-2.4213075060532686e-05,0.03794408980849659,-0.09417125247633722,0.18889940567906668,-0.03452564384767775,0.017406999779881135,-0.13629980189302224,-0.030378604446401055,0.11032577591899626,0.1004094210873872,-0.056570548095971826,0.07265243231344927,-0.10326876513317192,-0.1196632181377944,0.28981069777679946,0.029335241030156285,0.36707682148360116,-0.12372000880475456,-0.042863746423068456,0.061397754787585294,0.2545828747523663,0.1999933964340744,-0.05654413383226942,0.07624036979969183,-0.033306185340083644,0.2543451463790447,0.19974466211754346,-0.008725511776359234,0.18011666299801893,0.12259300022011886,-0.09922077922077922,0.25259960378604446,0.05027734976887519,-0.03859344045784724,-0.07258859784283513,-0.0810345586616773,-0.04749724851419767,-0.11079242791107198,-0.245544794188862,-0.03662777900066036,-0.11652432313449262,-0.011857803213735417,0.010944309927360774,0.10423288575830948,-0.05828747523662778,0.19340523882896765,0.09285714285714286,0.12071758749724851,0.3028417345366498,0.33832929782082327,-0.19494607087827426,0.00738498789346247,0.23820603125687873,0.21458947831829187,-0.19028835571208452,0.1038234646709223,-0.035480959718247856,0.12850759410081444,0.20216376843495487,0.08638344706141317,0.1549768875192604,0.16505392912172573,0.05166850099053489,0.07328857583094871,0.03861765353290777,0.22755888179616993,0.014919656614571869,0.2763812458727713,0.14810477657935284,0.21603565925599824,0.29847457627118645,0.07453444860224522,0.09731895223420647,0.09290997138454765,0.00028615452344265906,0.05401716927140656,0.22458947831829187,0.06568787145058332,0.2223398635263042,-0.08011005943209333,0.05845476557340964,0.025767114241690512,0.28057010785824343,0.11332819722650231,0.0028219238388729915,0.06868589038080564,0.11809156944750165,0.30884437596302006,0.13273167510455647,0.149636803874092,-0.09731895223420647,0.0964340744001761,0.005681267884657715,0.05022452124147039,-0.1186880915694475,-0.013907109839313229,-0.02460708782742681
#18,0.025934404578472375,-0.19338322694254897,0.3500594320933304,0.14327316751045566,0.2215474356152322,1.0,-0.19284393572529165,0.05540611930442439,-0.13875192604006165,-0.0500594320933304,-0.0022099933964340743,0.08135373101474797,0.44254897644728153,-0.031569447501650895,-0.006302003081664099,0.053664979088707904,0.33807836231565047,0.4299405679066696,-0.0054919656614571865,-0.014897644728153202,-0.29673123486682806,0.04289456306405459,0.37011446180937707,0.03719568567026194,0.22041602465331278,0.08444419986792868,0.19820823244552058,0.17783403037640325,0.16717587497248515,0.25160466651992075,0.28856922738278673,0.07316971164428791,0.4262029495927801,0.24987012987012988,0.1295641646489104,0.16348448162007484,0.04435615232225402,-0.02480959718247854,-0.010666960158485582,0.16508694695135373,0.15116442879154743,-0.19777459828307287,-0.004860224521241471,0.12881576051067575,-0.002346467092229804,-0.019958177415804534,0.14705921197446623,0.09038300682368479,-0.13692493946731235,-0.1201122606207352,0.2736935945410522,0.177475236627779,0.1939291217257319,0.09528725511776359,-0.11252696456086286,-0.046563944530046225,-0.3773409641206251,-0.1949900946511116,-0.07345586616773057,-0.030147479639005062,-0.12289676425269645,-0.1882390490865067,0.05895443539511336,0.20246313009024874,0.19422187981510014,0.03528285274047986,-0.1011732335461149,0.011853400836451684,0.021578252256218358,0.08683248954435395,0.26887519260400616,0.34869689632401496,0.18766453885097953,0.30194144838212633,-0.06528285274047986,0.027893462469733656,-0.13471274488223642,-0.19161567246313008,0.2061237068016729,0.3138718908210434,-0.06003081664098613,0.4585626238168611,0.07825885978428351,0.04946070878274268,0.0013559322033898306,-0.30325335681267884,-0.2581201848998459,0.18707682148360114,0.07407219898745322,-0.01329077701959058,0.09101474796390051,-0.2648492185780321,-0.06707462029495928,-0.22842394893242352,-0.2200858463570328,0.21504072198987453,0.16393132291437376,0.3871252476337222,0.18793308386528726,0.3019040281752146,0.3224081003742021,0.38610829848117983,0.35290997138454766,0.36399075500770417,0.302590799031477,0.42436715826546334,0.3415364296720229,-0.06847237508254457,-0.13679506933744223,-0.21801893022232005,-0.18227162667840635
#26,0.30362315650451244,0.34338322694254897,0.24079462909971386,0.17782742681047767,-0.08428351309707242,-0.19284393572529165,1.0,0.18104336341624477,-0.09981069777679948,0.3737684349548756,0.4571912832929782,0.18320052828527406,0.02098613251155624,0.19198547215496367,-0.03068236847897865,-0.035987233105877175,0.05893022232005283,0.1656218357913273,0.20591679506933744,-0.2516398855381906,-0.18416464891041162,-0.05266784063394233,0.08791987673343606,0.21107197886858903,0.015452344265903587,0.1727624917455426,-0.040647149460708784,0.0024675324675324677,0.1670724191063174,0.028047545674664318,0.11048426150121066,0.08046885318071759,-0.07707462029495928,-0.028518600044023772,-0.13212634822804314,-0.05880475456746643,-0.24116222760290557,-0.15064054589478318,0.012705260840854061,-0.07712084525643847,0.21254897644728155,0.04103896103896104,0.00600264142637024,-0.17403257759189963,0.08502091129209774,0.1188201628879595,-0.13859784283513096,-0.09187101034558662,-0.03975346687211094,-0.11013207131851199,-0.18078142196786265,-0.20472154963680386,-0.12040942108738718,-0.05580453444860225,-0.022317851639885537,-0.19205811138014528,-0.10351309707241911,-0.15570327977107637,0.18406559542152762,0.1518908210433634,-0.038980849658815764,-0.04737178076161127,-0.06999559762271626,0.01188201628879595,-0.00018049746863306186,0.08600924499229584,0.10966321813779441,0.32880915694475016,0.0016861104996698218,-0.112920977327757,0.04191943649570768,0.05480299361655294,-0.10268545014307726,0.1283777239709443,-0.27114461809377066,-0.24343605546995378,-0.21550077041602464,-0.2298151001540832,0.0835263042042703,0.1135923398635263,0.18591019150341184,0.08133612150561303,0.05436275588817962,-0.15490644948272067,0.05222540171692714,0.1359388069557561,0.06685450143077262,0.1464538850979529,0.03659255998239049,-0.09423068456966761,-0.06688531807175875,0.20517939687431214,0.09559762271626679,0.1368611049966982,0.23731234866828088,0.1982588597842835,0.049575170592119744,-0.12180497468633061,0.09133612150561303,-0.15639005062733877,-0.14522562183579132,0.14482940788025533,0.0162689852520361,-0.254109619194365,0.07932423508694696,-0.1620030816640986,-0.06826986572749284,-0.2673893902707462,-0.15662337662337664,0.27076821483601143,0.2882874752366278
#49,0.7438058551617873,0.2064010565705481,0.2933964340744002,0.14484261501210655,-0.07582214395773718,0.05540611930442439,0.18104336341624477,1.0,0.16050847457627118,0.4226436275588818,0.396319612590799,0.3595245432533568,0.1690248734316531,0.1405480959718248,0.2128747523662778,0.06281972265023113,0.3476799471714726,0.019476117103235747,0.2213053048646269,0.05044023772837332,0.2549438696896324,0.3938872991415364,0.040807836231565045,0.1318842174774378,0.1998547215496368,-0.059139335241030155,-0.10128109178956636,-0.2144618093770636,-0.13706141316310808,0.1725709883337002,-0.31793308386528724,-0.29917235307065815,-0.18060312568787146,-0.22080563504292317,-0.28499449702839535,-0.1866321813779441,-0.1925643847677746,-0.14673783843275368,-0.0962755888179617,-0.38584635703279774,-0.10083425049526744,-0.21600924499229585,0.053359013867488446,-0.2544640105657055,-0.1870526084085406,-0.025271846797270524,-0.3022562183579133,-0.3288972044904248,-0.3062271626678406,2.8615452344265902e-05,-0.225115562403698,0.04855822143957737,-0.1336451683909311,0.012740479859123927,0.07108298481179837,-0.0375941008144398,0.03151221659696236,-0.008095971824785385,-0.08527624917455426,-0.12521681708122387,-0.26212634822804315,-0.27961479198767336,-0.057440017609509134,-0.03016288795949813,-0.10550517279330839,-0.06528945630640545,-0.06504072198987453,-0.09296940347787805,0.2389324235086947,-0.08220118864186661,0.006473695795729694,0.023682588597842835,0.06570988333700198,0.15093990755007705,-0.007404798591239269,0.0058881796169931765,-0.3333436055469954,-0.35505833149900945,0.3150297160466652,0.02557561082984812,0.06043363416244772,0.046638784943869686,0.18707682148360114,0.05156504512436716,0.015447941888619855,-0.30287034998899404,-0.30527624917455426,0.08067576491305305,-0.13069557561082984,0.05803433854281312,0.15479418886198548,-0.07070438036539732,0.038342504952674446,-0.22415584415584416,-0.17838872991415364,-0.05060092449922959,-0.07594981289896544,-0.1893132291437376,0.03773497688751926,-0.17261281091789565,-0.204785384107418,-0.11134272507153863,-0.11985912392692054,-0.09014747963900506,-0.01822143957737178,-0.10400396213955536,-0.09232445520581113,-0.47381245872771294,0.1326436275588818,-0.011118203830068236,0.0011270085846357032
#50,0.0361699317631521,0.11073959938366718,-0.3299075500770416,-0.009456306405458947,-0.12117323354611491,-0.13875192604006165,-0.09981069777679948,0.16050847457627118,1.0,0.06719348448162007,0.1037970504072199,0.07976447281532027,-0.036493506493506495,0.36891701518820164,0.10435835351089588,-0.16037200088047546,0.030385208012326657,-0.22625357693154302,-0.3218445960818842,-0.07981069777679947,0.2872507153863086,0.14114902047105438,-0.2691723530706582,-0.012412502751485803,-0.05473035439137134,-0.1266519920757209,-0.1674290116662998,-0.10029716046665199,-0.18533127889060091,-0.31368919216376845,-0.16940347787805415,-0.02696896324014968,-0.02397094430992736,-0.1075874972485142,0.01961038961038961,0.11046665199207573,0.17690732995817743,-0.04456306405458948,-0.10423728813559321,-0.04464010565705481,-0.4159652212194585,-0.1990909090909091,-0.06384107418005723,0.0435857362976007,0.0975874972485142,0.014131631080783623,-0.13653753026634383,-0.1915430332379485,-0.14594320933303984,0.04720008804754568,-0.12331939247193484,-0.0835857362976007,-0.1177790006603566,-0.12681708122386087,0.037057010785824344,-0.0862821923838873,0.3968038740920097,0.09625137574290117,0.02017609509134933,0.01837772397094431,0.004081003742020691,0.02154523442659036,0.11414263702399295,-0.11505833149900946,-0.19722209993396433,-0.16134932863746423,0.25591679506933745,0.08340964120625137,0.09044904248294079,-0.032007484041382345,-0.2742064714946071,-0.29006163328197226,0.0015012106537530265,-0.1238300682368479,0.2493220338983051,0.18799911952454326,-0.030257539071098394,0.037492846136913935,0.14546114902047105,-0.10818401937046004,-0.11429451904028175,-0.13675104556460488,0.16916795069337442,0.29780761611270085,0.08480959718247853,0.018802553378824565,-0.013526304204270307,-0.10557340964120625,-0.11198327096632181,0.09689852520360995,0.12020030816640986,0.21979528945630641,0.1139753466872111,-0.03036319612590799,-0.007492846136913933,-0.2613273167510456,-0.19268545014307725,-0.24664979088707903,-0.22639005062733877,-0.09056350429231785,-0.21049306625577813,-0.17377503852080123,-0.21016288795949814,0.109966982170372,-0.1846467092229804,-0.059782082324455206,-0.15839533348007925,0.055657054809597185,0.054657715166189745,0.027186880915694475,0.1398877393792648
#51,0.5061303103675985,0.27592339863526305,0.40047765793528506,0.3568500990534889,-0.29780761611270085,-0.0500594320933304,0.3737684349548756,0.4226436275588818,0.06719348448162007,1.0,0.5380453444860225,0.054525643847677746,0.17449042482940788,-0.022496147919876735,0.23653092670041823,0.10756328417345366,0.46490865067136256,0.1269359454105217,0.22667620515078143,-0.15160026414263703,0.048861985472154965,0.12286154523442659,0.1413977547875853,0.10432533568126788,0.13894122826326216,0.18534008364516838,-0.06761171032357473,-0.10168611049966982,0.10174554259300023,0.2371384547655734,-0.14971164428791547,0.19971164428791546,-0.2109289016068677,-0.0765463350209113,-0.009084305524983492,-0.11971384547655733,0.005370900286154523,0.007697556680607528,0.2137112040501871,-0.017803213735417125,0.092326656394453,-0.022905569007263923,-0.2412260620735197,-0.0027074620294959277,-0.14764913053048645,0.016812678846577153,-0.3065111160026414,-0.3526194144838213,-0.22739379264802995,-0.06193484481620075,-0.301468192824125,-0.09441338322694255,-0.021111600264142636,0.05808936825885978,0.1478318291877614,0.13475016508914814,-0.12426810477657935,-0.10549196566145719,0.01810477657935285,-0.11090688972044904,-0.15567686550737397,-0.2596257979308827,-0.2544596081884217,0.01854061193044244,0.08893022232005283,0.028219238388729913,-0.17514417785604225,-0.06280431432973806,0.12839973585736297,-0.15650891481399956,0.27595201408760733,0.15843495487563283,0.04935725291657495,0.1383469073299582,-0.15716486902927582,-0.19561963460268544,-0.2142725071538631,-0.18685890380805634,0.1527624917455426,0.0896632181377944,-0.04629099713845477,0.0029231785163988553,-0.010121065375302664,-0.14442438917015188,-0.032000880475456746,-0.18390050627338764,-0.19225181598062954,-0.0007462029495927801,0.03088928021131411,-0.24442659035879374,-0.06537310147479639,-0.031056570548095973,-0.09382786704820603,-0.025467752586396653,-0.030732995817741582,0.17745762711864407,-0.01259520140876073,-0.15697776799471716,0.10788906009244992,-0.16779000660356594,-0.044087607307946294,-0.005591019150341184,-0.0014549856922738279,-0.14320713185119965,-0.05098393132291437,-0.23861985472154965,-0.13768434954875633,-0.3601893022232005,-0.07909311027955096,0.07076381245872772,0.12622055910191504
#52,0.4500154083204931,0.2650209112920977,0.2763086066475897,0.19529826106097292,0.011261281091789567,-0.0022099933964340743,0.4571912832929782,0.396319612590799,0.1037970504072199,0.5380453444860225,1.0,0.32856262381686113,0.3233942328857583,0.18510675764913054,0.30173013427250717,0.11776799471714726,0.3223178516398855,0.2570988333700198,0.18911952454325337,-0.019218578032137355,0.031010345586616774,0.15886418666079682,0.2044045784723751,0.12896324014968083,0.1841470394012767,0.17798151001540832,-0.22598062953995157,-0.19788906009244991,0.3148910411622276,0.13002201188641865,0.16009465111160026,-0.16563724411182038,0.02725511776359234,-0.06952674444199868,0.20495487563284173,-0.06765793528505393,0.015804534448602244,-0.06086946951353731,0.11193924719348448,-0.13171472595201408,0.016467092229804095,-0.17677085626238168,-0.08697336561743342,-0.05330618534008365,-0.04974025974025974,0.02863746423068457,-0.4592383887299141,-0.4254589478318292,-0.3460598723310588,-0.2344684129429892,-0.33167730574510235,-0.07140876073079463,-0.09759850319172353,-0.010515078142196786,-0.03308166409861325,-0.10816640986132511,-0.13858463570327978,-0.09305084745762712,0.13047765793528504,-0.025562403697996918,-0.06810917895663658,-0.15463790446841294,0.10839753466872111,0.18155183799251595,-0.09449262601804975,0.14814219678626458,0.16405899185560202,0.14343605546995378,0.2588135593220339,-0.09195465551397755,0.1898415144177856,0.08284833810257539,-0.09711424169051287,0.06643187321153422,-0.1959718247853841,-0.2572331058771737,-0.33359013867488446,-0.37270526084085404,0.4552080123266564,0.27482060312568785,0.09377283733215937,0.2505921197446621,0.16720889280211315,0.03805194805194805,0.21217037200088049,-0.07073959938366718,-0.05256878714505833,0.17427030596522122,0.011930442438917015,-0.10854721549636803,0.013977547875852961,0.06203169711644288,-0.05370680167290337,0.012533568126788465,0.05455646048866388,0.23350429231785164,0.24225621835791328,-0.14352410301562843,0.006517719568567026,-0.2992207792207792,-0.12586176535329077,0.14051948051948052,-0.049372661237068016,-0.023002421307506054,0.034972485141976664,-0.01090248734316531,0.011948051948051949,-0.38697556680607526,-0.07814439797490645,0.1560642747083425,0.2117675544794189
#53,0.16035439137134053,0.032817521461589255,-0.05940127668941228,-0.05093990755007704,0.04690732995817742,0.08135373101474797,0.18320052828527406,0.3595245432533568,0.07976447281532027,0.054525643847677746,0.32856262381686113,1.0,0.542656834690733,0.3557010785824345,-0.05380585516178737,-0.30012326656394456,0.046185340083645166,-0.09080123266563944,-0.0823794849218578,0.09454545454545454,-0.016090688972044905,-0.10432973805855161,-0.16922518159806296,-0.17307065815540393,-0.11613251155624037,-0.3324147039401277,-0.14273387629319834,-0.14365177195685672,0.21563284173453665,0.22386528725511776,-0.07252036099493726,-0.03715606427470834,-0.12537530266343824,-0.1112128549416685,0.09731014747963901,0.05316751045564605,0.10478318291877614,0.12688091569447502,-0.15230904688531807,-0.24891041162227603,-0.08551177635923399,-0.045738498789346244,0.20844816200748403,-0.12307946290997139,-0.019315430332379487,-0.055652652432313446,-0.0987475236627779,-0.019381465991635483,-0.20373541712524765,-0.06530046224961479,-0.15045784723750824,-0.058575830948712306,-0.25351529826106095,-0.27953554919656615,-0.19619414483821263,-0.4046335020911292,-0.028765133171912833,0.022091129209773276,-0.08322474136033459,-0.21720889280211314,-0.3411116002641426,-0.21959498128989655,0.40836891921637686,0.12765133171912832,-0.009278010125467752,-0.11707682148360114,0.47563064054589477,0.27929782082324456,0.22907990314769977,0.17173233546114902,0.006260180497468633,0.047206691613471276,0.19422848338102575,0.39007484041382345,0.22996918335901387,0.110264142637024,0.027290336781862205,-0.2145476557340964,0.30102575390710984,0.01480299361655294,0.47070658155403916,0.33594761171032356,0.3014109619194365,0.35141756548536207,0.4674950473255558,-0.04399955976227163,-0.21993836671802774,0.2195003301782963,0.013565925599823905,0.5150715386308606,0.21384767774598282,0.14792207792207793,0.11393132291437376,-0.2645168390931103,-0.17720008804754567,-0.25001760950913493,-0.007889060092449923,-0.3024983491085186,-0.34856042262821924,-0.1280739599383667,-0.19083865287255117,0.050592119744662115,0.04648250055029716,-0.2456966762051508,0.017356372441118203,-0.09643627558881797,-0.04706581554039181,-0.36828967642526966,0.3645762711864407,-0.13455205811138016,-0.08981289896544134
#54,0.08405458947831829,-0.1680101254677526,0.14951573849878935,0.1310411622276029,0.07837992515958618,0.44254897644728153,0.02098613251155624,0.1690248734316531,-0.036493506493506495,0.17449042482940788,0.3233942328857583,0.542656834690733,1.0,0.0976007043803654,0.058311688311688314,-0.19952894563064055,0.20192383887299142,0.10812018489984591,-0.09832269425489765,0.01271846797270526,-0.12528945630640545,-0.03863306185340084,0.2625181598062954,-0.10930222320052828,0.03451023552718468,-0.1307373981950253,0.00700198106977768,-0.09749284613691393,0.42266563944530045,0.4473189522342065,0.1868412942989214,0.10200308166409862,0.09255998239049086,-0.05460708782742681,0.23024213075060532,0.0813449262601805,0.1636055469953775,-0.00026414263702399294,-0.10063394232885758,-0.09269865727492846,0.15123706801672904,-0.07188861985472154,0.08265463350209112,-0.17099273607748183,-0.0577129650011006,0.06287915474356152,-0.039779881135813336,-0.034688531807175876,-0.19396654193264362,-0.11088487783403038,-0.03776579352850539,0.002784503631961259,-0.05393792648029936,-0.12282412502751486,-0.09688091569447502,-0.2674620294959278,-0.14884217477437817,-0.12716707021791768,-0.15821043363416246,-0.1997380585516179,-0.29844816200748403,-0.17494827206691613,0.21538190622936385,0.18602025093550517,0.06297380585516178,-0.017930882676645388,0.23606647589698437,0.23642306845696676,0.12912172573189523,0.08032137354171252,0.16935945410521683,0.10176535329077702,0.16211314109619193,0.3994276909531147,0.07849438696896324,0.005518379925159586,-0.10077922077922077,-0.1703609949372661,0.5180277349768875,0.2111864406779661,0.27141976667400397,0.4279242791107198,0.31279771076381246,0.2920889280211314,0.34750385208012324,-0.13592119744662118,-0.20454765573409642,0.24149900946511116,-0.009658815760510676,0.3280805635042923,0.1517939687431213,0.0960774818401937,-0.03892802113141096,-0.2436847897864847,-0.20813779440898084,-0.06187761391151222,0.09176535329077702,-0.10718027734976887,-0.25554699537750386,-0.039929561963460265,-0.02889060092449923,0.2577635923398635,0.13381906229363857,-0.10539511336121506,0.11165089148139995,0.035976227162667844,0.05605546995377504,-0.3102443319392472,0.17794188861985472,-0.1417741580453445,-0.1163218137794409
#58,-0.08510675764913053,-0.02663218137794409,-0.28626458287475237,-0.18038740920096852,-0.02251595861765353,-0.031569447501650895,0.19198547215496367,0.1405480959718248,0.36891701518820164,-0.022496147919876735,0.18510675764913054,0.3557010785824345,0.0976007043803654,1.0,-0.09594100814439797,-0.2775016508914814,-0.2150297160466652,-0.302392692053709,-0.3454193264362756,0.0627426810477658,-0.010405018710103455,-0.06160026414263702,-0.3720911292097733,-0.15491525423728814,-0.4222540171692714,-0.29182258419546553,-0.21445300462249614,-0.051749944970283956,-0.05160246533127889,-0.16106317411402157,-0.07607748184019371,-0.21894783182918776,-0.045707682148360115,-0.1741206251375743,-0.04066035659255998,0.05945850759410082,-0.024012766894122826,0.12095091349328638,-0.3067444419986793,-0.19842835130970723,-0.18930222320052828,-0.062458727712965,0.14025313669381467,0.0808958837772397,-0.02784503631961259,0.0852080123266564,-0.03599163548316091,-0.04838212634822804,-0.07199427690953114,0.09490644948272067,-0.04260180497468633,-0.14208012326656394,-0.1557869249394673,-0.2593000220118864,-0.14733436055469953,-0.319735857362976,0.2719018269865727,0.2318137794408981,-0.2507858243451464,-0.026084085406119305,-0.0977657935285054,0.02488003521901827,0.3483204930662558,0.19554699537750386,0.032696456086286595,-0.10587717367378384,0.5832973805855162,0.25381245872771296,0.22966321813779442,0.19418666079683028,-0.08052608408540612,-0.13837992515958616,0.256913933524103,0.2399537750385208,0.24241690512876954,0.2568236847897865,0.10315650451243671,0.17314990094651111,0.10586836891921637,0.014334140435835351,0.3458353510895884,0.12785384107418005,0.20062073519700638,0.20327316751045565,0.3504820603125688,0.11636143517499449,0.03705921197446621,-0.0563746423068457,0.004356152322254017,0.2242637023992956,0.4198481179837112,0.34448382126348226,0.06636363636363636,-0.15673783843275368,-0.11521681708122386,-0.3406185340083645,-0.08328197226502311,-0.2000594320933304,-0.3767444419986793,0.05542372881355932,-0.3526810477657935,-0.09365617433414043,-0.08544574069997798,-0.053854281311908433,-0.009051287695355492,-0.047798811358133395,-0.19475016508914814,0.015630640545894782,0.3278956636583755,-0.11185780321373542,-0.04549636803874092
#101,0.11433414043583535,0.16526304204270306,0.06504732555580013,0.20401276689412282,-2.4213075060532686e-05,-0.006302003081664099,-0.03068236847897865,0.2128747523662778,0.10435835351089588,0.23653092670041823,0.30173013427250717,-0.05380585516178737,0.058311688311688314,-0.09594100814439797,1.0,0.49087827426810476,0.16487563284173454,-0.05976007043803654,0.21605546995377503,0.1854193264362756,0.4986924939467312,0.45099053488884,0.2436781862205591,0.38269865727492847,0.1187475236627779,0.29186880915694474,-0.49509795289456304,-0.4350033017829628,0.1495399515738499,0.21702399295619634,-0.1916090688972045,-0.10590138674884438,-0.23908870790226722,-0.28119524543253355,0.12732555580013208,-0.03624477217697557,0.3151904028175215,0.21906009244992297,0.32725952014087606,0.15604226282192385,0.0550099053488884,0.03064274708342505,-0.12935725291657496,0.04459167950693375,-0.2893880695575611,0.2098877393792648,-0.6324014968082765,-0.5920845256438477,-0.5005701078582434,-0.12500110059432093,-0.4212965001100594,-0.01611270085846357,-0.3311204050187101,0.026497908870790225,0.11553158705701079,0.06099933964340744,0.19747963900506274,0.23006383447061413,-0.22518600044023773,-0.2095443539511336,-0.16655734096412061,-0.3140810037420207,0.02844155844155844,0.09827206691613471,-0.47290997138454766,-0.29382566585956416,0.0012766894122826326,-0.17409861325115564,0.36437156064274706,0.09136253576931543,0.009357252916574951,0.0070570107858243455,0.19244111820383006,-0.22717587497248515,0.10551617873651772,-0.04808276469293418,-0.29108518600044025,-0.39637904468412943,0.38471054369359453,0.410708782742681,-0.18515958617653533,0.024785384107418006,0.3360906889720449,0.12141976667400396,0.004615892581994277,-0.3375280651551838,-0.29067356372441117,-0.1558199427690953,-0.04906009244992296,0.04361435174994497,0.07032577591899626,-0.19198106977767995,0.07666299801893023,-0.14304204270305965,-0.12296279991195246,-0.022099933964340745,0.28714725952014086,-0.4012788906009245,-0.2061171032357473,-0.4503697996918336,-0.3845014307726172,-0.17962579793088268,-0.1792339863526304,-0.19951133612150562,-0.31330618534008364,-0.300132071318512,-0.34993836671802775,-0.3611644287915474,-0.06637244111820383,-0.05375302663438257,-0.11073079462909971
#102,0.1319172353070658,0.2731300902487343,0.2998217037200088,0.2207990314769976,0.03794408980849659,0.053664979088707904,-0.035987233105877175,0.06281972265023113,-0.16037200088047546,0.10756328417345366,0.11776799471714726,-0.30012326656394456,-0.19952894563064055,-0.2775016508914814,0.49087827426810476,1.0,0.3563086066475897,0.22298040942108738,0.2767972705260841,0.29197226502311246,0.1729848117983711,0.42518159806295397,0.20062293638564824,0.41121505613031034,0.07544353951133612,0.34658155403918117,-0.22193044243891702,-0.22146158925819942,0.11698437156064274,-0.031347127448822364,0.022357473035439137,-0.1477195685670262,-0.1302509355051728,-0.15918776139115123,-0.058219238388729916,-0.047655734096412064,-0.13495267444419987,0.08484261501210653,0.0788135593220339,0.23344045784723752,0.14423728813559322,0.06171032357473035,-0.026834690732995818,0.15946070878274268,-0.07469073299581774,0.2534360554699538,-0.3611005943209333,-0.3984371560642747,-0.20832489544353952,-0.15542372881355931,-0.23665639445300463,0.042524763372221,-0.08138014527845036,0.08519040281752147,-0.054486022452124146,0.15657495047325556,-0.12081664098613251,0.12865287255117763,0.12920757208892802,0.10797930882676646,0.08102795509575171,-0.07209993396434074,-0.06045784723750825,0.15757208892802113,-0.38012106537530266,-0.12627118644067797,-0.27010345586616774,-0.2597820823244552,0.2960928901606868,0.1420559101915034,0.16494827206691615,0.19942989214175655,0.09644728153202729,-0.1516486902927581,-0.11298481179837112,-0.01295839753466872,-0.2850869469513537,-0.162458727712965,0.050482060312568786,0.4318005723090469,-0.19715826546335022,0.0849966982170372,0.1798151001540832,-0.13981510015408322,-0.07053268765133172,-0.20516618974246092,-0.09462249614791987,0.036946951353731015,0.09459388069557562,-0.09461149020471055,-0.0825115562403698,-0.27265243231344927,0.0019084305524983492,0.013660576711424169,-0.021747743781642088,0.3487981510015408,0.3847325555800132,-0.03295619634602685,0.17429892141756548,-0.3207175874972485,-0.16074840413823466,-0.04665419326436276,-0.11034558661677306,0.030477657935285053,-0.20634602685450143,-0.08614131631080783,-0.12336341624477218,-0.017010785824345145,-0.22080123266563945,0.008573629760070438,-0.046777459828307284
#201,0.37941448382126347,0.11449042482940788,0.5753731014747964,0.20529605987233107,-0.09417125247633722,0.33807836231565047,0.05893022232005283,0.3476799471714726,0.030385208012326657,0.46490865067136256,0.3223178516398855,0.046185340083645166,0.20192383887299142,-0.2150297160466652,0.16487563284173454,0.3563086066475897,1.0,0.40801893022232005,0.3264406779661017,-0.12113141096191944,-0.10946290997138455,0.14103675985031916,0.45812238608848777,0.09083425049526744,0.5573255558001321,0.09412722870349989,0.06800792427911072,-0.17283072859344045,0.32188421747743784,0.23020030816640985,0.0052872551177635925,0.06693814659916354,0.2089786484701739,0.17904028175214615,-0.11163108078362316,-0.05440898084965882,-0.02282852740479859,-0.1421747743781642,0.12364076601364737,-0.05594761171032357,0.2006009244992296,-0.0650429231785164,-0.15279110719788686,0.09966101694915254,-0.13598723310587718,0.014582874752366278,-0.1716949152542373,-0.2725137574290117,-0.24783403037640325,-0.2840149680827647,-0.051866607968302884,-0.01149900946511116,0.12421747743781641,0.17795289456306407,0.08973585736297601,0.15902487343165309,-0.3391107197886859,-0.30820162887959496,0.19486022452124147,0.07578252256218358,-0.08243451463790447,-0.1882940788025534,-0.2090821043363416,0.11572088928021132,0.03178736517719569,-0.019229583975346687,-0.3064010565705481,-0.02172132951793969,0.24269425489764473,0.011177635923398635,0.4130838652872551,0.35878274268104776,-0.0100264142637024,0.16396654193264362,-0.26204710543693593,-0.21166850099053489,-0.38513757429011664,-0.2648690292758089,0.17347127448822364,0.21623156504512436,-0.012181377944089808,0.10228483381025753,0.15591679506933745,-0.22501210653753026,-0.11073299581774158,-0.2515870570107858,-0.24972705260840855,0.1837772397094431,0.12219238388729914,-0.22998459167950694,-0.15876293198327096,-0.16739819502531367,-0.13618534008364516,-0.016524323134492626,0.011987673343605548,0.4637640325775919,0.09931322914373762,0.1842989214175655,0.3832357473035439,0.018122386088487784,0.16220559101915033,0.302623816861105,0.1877657935285054,0.25997798811358136,0.16829627999119526,0.17248073959938368,0.20146599163548315,-0.26645828747523664,-0.26944309927360777,0.07060312568787146,0.17109619194364958
