,#10,#11,#12,#13,#17,#18,#26,#49,#50,#51,#52,#53,#54,#58,#101,#102,#201,#202,#301,#302,#401,#402,#501,#502,#601,#602,#701,#702,#801,#802,#901,#902,#1001,#1002,#1101,#1102,#1201,#1202,#1301,#1302,#1401,#1402,#1501,#1502,#1601,#1602,#1701,#1702,#1801,#1802,#1901,#1902,#2001,#2002,#2101,#2102,#2201,#2202,#2301,#2302,#2401,#2402,#2501,#2502,#2601,#2602,#2701,#2702,#2801,#2802,#2901,#2902,#3001,#3002,#3101,#3102,#3201,#3202,#3301,#3302,#3401,#3402,#3455,#3501,#3502,#3601,#3602,#3701,#3702,#3801,#3802,#3901,#3902,#4001,#4002,#4101,#4102,#4201,#4202,#4301,#4302,#4401,#4402,#4501,#4502,#4601,#4602,#4701,#4702,#4801,#4802
#10,1.0,0.5858859784283513,0.3363658375522782,0.5530112260620735,0.14810037420206912,0.17606207351970063,0.36416905128769533,0.6066079683028835,0.3588069557561083,0.689372661237068,0.6404974686330619,0.22020250935505173,0.044129429892141754,0.37597842835130973,-0.029134932863746424,0.03880475456746643,0.44360334580673566,0.17828967642526963,-0.05551617873651772,0.08228043143297381,-0.042859344045784724,0.09901386748844376,0.22128989654413384,0.06891481399955976,0.0884767774598283,-0.13807836231565046,-0.20463790446841296,-0.16047325555800132,0.0015012106537530265,-0.03820383006823685,0.1026106097292538,-0.18311688311688312,-0.0013273167510455645,-0.13935945410521683,-0.2960994937266124,-0.003022232005282853,-0.3761193044243892,-0.08094871230464451,-0.18545454545454546,-0.28288135593220337,0.20011005943209334,0.0751419766674004,-0.15022892361875412,-0.07143737618313889,-0.20309927360774818,0.0650957517059212,-0.17772397094430992,-0.2346268985252036,-0.08062733876293199,-0.14310807836231565,-0.010264142637023993,-0.0678252256218358,-0.03384107418005723,-0.04763152102135153,-0.11996257979308826,-0.2177327756988774,-0.21556240369799692,0.029489324235086947,-0.2372639225181598,-0.33977327756988773,-0.327211093990755,-0.3006625577812018,-0.1052212194585076,0.020647149460708784,0.01673783843275369,-0.036889720449042485,0.15086506713625358,0.0872969403477878,0.18540391811578252,0.13502531366938147,0.2071252476337222,0.23750605326876514,0.2867092229804094,0.27078582434514636,0.015901386748844375,0.152821923838873,-0.0057759189962579794,-0.23578692493946732,-0.013541712524763373,-0.15729253797050408,0.09330178296279991,0.008743121285494166,-0.1314109619194365,0.32319832709663215,0.009517939687431212,-0.2926634382566586,-0.3490512876953555,-0.03086286594761171,0.01916134712744882,-0.13372220999339643,-0.02082544574069998,-0.17354831609068896,-0.43970724191063176,-0.1672705260840854,-0.2864208672683249,0.2192493946731235,0.010224521241470394,0.17823024433193924,0.10372661237068016,-0.02208232445520581,-0.09718688091569448,0.28828527404798593,0.07903147699757869,0.31770416024653314,0.03118864186660797,0.08743341404358354,-0.09670041822584195,-0.24287034998899407,0.010851860004402377,-0.31153863086066474,-0.22300902487343166
#11,0.5858859784283513,1.0,0.29789346246973364,0.5389126128109178,0.139933964340744,0.14572088928021132,0.4583513097072419,0.3045828747523663,0.5200792427911072,0.7177922077922078,0.5291965661457186,-0.05263262161567246,-0.0485362095531587,0.26382786704820604,-0.0735791327316751,0.14733215936605767,0.19894783182918777,-0.00424389170151882,0.015513977547875852,0.20284833810257538,0.00837772397094431,0.2750363196125908,0.027464230684569668,0.02696896324014968,-0.07557781201848998,0.1500132071318512,-0.1579903147699758,-0.061023552718467974,-0.2066916134712745,-0.137046004842615,0.012491745542593,-0.20794849218578032,-0.22685670261941449,-0.15092009685230023,-0.19966321813779442,0.006997578692493947,-0.30177415804534446,0.13213295179396875,-0.2073365617433414,-0.18743121285494166,0.016513317191283294,0.12342945190402818,0.10150781421967862,-0.18572309046885319,0.0174554259300022,0.13216376843495486,-0.21624036979969183,-0.21011005943209332,-0.12000440237728373,-0.07786924939467313,-0.04255558001320713,-0.07400616332819723,-0.15740479859123926,0.05337001981069778,-0.19246753246753245,-0.097442218798151,-0.11357032797710764,0.1668611049966982,-0.2835571208452564,-0.2183248954435395,-0.3888795949812899,-0.3688575830948712,0.060288355712084525,0.10097512656834691,-0.07179176755447941,-0.09169711644287916,0.31946731234866826,0.25717807616112703,0.11126788465771517,0.18380145278450363,0.06755888179616994,0.17554479418886199,0.15007043803653974,0.2118049746863306,0.18194364957076822,0.09260840854061193,0.011714725952014088,-0.2809090909090909,0.06831829187761392,-0.021182038300682368,0.20366057671142418,0.09538850979528946,-0.3352718467972705,0.146847897864847,-0.11593000220118864,-0.33670041822584196,-0.4451221659696236,-0.18471494607087827,0.0032489544353951133,-0.3127294739159146,-0.09320493066255778,-0.2781950253136694,-0.23489984591679508,-0.21721989874532247,-0.21141316310807837,0.12224961479198768,-0.042570988333700197,-0.060156284393572526,0.008120184899845917,-0.17566145718688092,-0.07864406779661016,0.06943869689632401,-0.1807462029495928,-0.0051573849878934624,-0.11540832049306625,-0.02613251155624037,-0.26445300462249616,-0.2459255998239049,-0.07582214395773718,-0.34460488663878497,-0.25662337662337664
#12,0.3363658375522782,0.29789346246973364,1.0,0.3984569667620515,0.04235086946951354,0.3640325775918996,0.23791767554479418,0.21321373541712524,0.159933964340744,0.5102795509575171,0.326352630420427,0.2277922077922078,0.08292317851639885,0.03545234426590359,-0.1292868148800352,-0.10179176755447941,0.45317411402157165,0.5931587057010785,0.09560202509355052,-0.1953510895883777,-0.09046885318071758,-0.08838212634822805,0.3393528505392912,0.11892802113141096,0.04901386748844376,-0.08586176535329078,0.2768236847897865,0.1740391811578252,0.17845476557340964,-0.11509134932863746,0.5411556240369799,0.044629099713845474,0.2556482500550297,-0.19622716266784063,-0.42458727712965,-0.12402157164869029,-0.4548448162007484,-0.30582214395773716,-0.22608628659476118,-0.20207572088928022,-0.12263482280431433,-0.37859123926920535,-0.04230904688531807,-0.0741206251375743,-0.1595311468192824,-0.09714946070878275,0.05012106537530266,-0.05036319612590799,0.10071318511996478,0.035069337442218795,0.1310081443979749,0.36469733656174336,0.10960818842174774,0.2949988994056791,-0.010600924499229584,-0.060224521241470395,-0.4869425489764473,-0.4197248514197667,-0.22929561963460268,-0.057404798591239266,-0.32722209993396434,-0.2674664318732115,-0.239966982170372,-0.21221219458507595,0.5223728813559322,0.14137574290116664,0.06208232445520581,0.06662777900066036,0.12975346687211095,-0.05432973805855162,0.5410697776799471,0.3867510455646049,0.028672683248954434,0.12542813119084306,-0.22033458067356373,-0.028095971824785383,-0.13539731454985693,0.001730134272507154,0.3282280431432974,0.020389610389610388,0.10780321373541712,0.32106537530266344,-0.07163988553819062,0.19491305304864626,-0.030541492405899186,-0.25154303323794847,-0.3309112920977328,0.12654633502091128,-0.014618093770636144,0.006224961479198768,-0.2489456306405459,-0.22627338762931984,-0.3330266343825666,-0.13064274708342505,-0.2645146379044684,0.50933964340744,-0.011030156284393572,0.5219502531366939,0.28503852080123265,0.10046665199207572,0.3218600044023773,0.5964736957957297,0.17713625357693155,0.4300418225841955,0.3514946070878274,0.2734008364516839,0.16076161127008584,-0.382425709883337,-0.05414924058991855,-0.24865507373981952,-0.16991855602025094
#13,0.5530112260620735,0.5389126128109178,0.3984569667620515,1.0,0.10209333039841514,0.21800132071318512,0.20062513757429012,0.2300924499229584,0.18800132071318512,0.5660686770856262,0.4064626898525204,0.15543473475676867,0.07612370680167291,0.28565485362095533,-0.08819942769095311,0.14263042042703059,0.442260620735197,-0.02821483601144618,-0.10027514858023333,0.34069117323354614,0.0637772397094431,0.13578472375082545,-0.010783623156504512,0.1565067136253577,-0.1407638124587277,0.14460268545014307,-0.17115122165969623,-0.08437376183138895,-0.17493506493506494,-0.13504512436715826,0.059621395553598945,-0.012454325335681268,-0.05606647589698437,-0.15075500770416025,-0.23089148139995597,0.15633061853400837,-0.35677305745102356,-0.018595641646489105,-0.34209333039841516,-0.2561655293858684,-0.001173233546114902,-0.05878494386968963,-0.16599383667180279,0.007891261281091789,-0.0324058991855602,0.16703940127668943,-0.12070658155403918,-0.09101474796390051,-0.10154083204930663,-0.10376843495487563,0.015104556460488664,0.06313449262601804,-0.21515078142196786,-0.09807836231565045,-0.24657715166189742,-0.2402773497688752,-0.08999119524543253,0.17277349768875191,-0.2886902927580894,-0.23222540171692715,-0.24900286154523443,-0.20361655293858683,0.06099933964340744,0.09893682588597842,-0.024155844155844156,-0.09577151661897425,0.3145674664318732,-0.016396654193264363,0.13692934184459607,0.13515958617653534,0.04052388289676425,0.17765573409641205,0.04657715166189742,0.12373321593660577,0.02743121285494167,0.15102355271846798,-0.2120493066255778,-0.34075500770416023,-0.09783623156504512,-0.13579352850539292,0.15124147039401276,0.13192163768434956,-0.12241470394012767,0.1910411622276029,0.12762711864406778,-0.09195025313669382,-0.15720669161347128,0.07363636363636364,-0.17606427470834252,-0.22569227382786705,-0.2609024873431653,-0.036361435174994496,-0.1959652212194585,-0.282557781201849,-0.19573849878934624,0.062304644508034336,-0.03037640325775919,0.07819942769095312,0.08811358133392032,0.008540611930442438,0.058886198547215496,0.15206471494607088,-0.10828307285934405,0.11373541712524764,0.05049086506713625,0.16554919656614572,-0.014765573409641207,-0.18732335461149022,-0.1215364296720229,-0.18842174774378165,-0.2005789126128109
#17,0.14810037420206912,0.139933964340744,0.04235086946951354,0.10209333039841514,1.0,0.1610147479639005,0.09782742681047765,0.33592780101254677,0.13199867928681489,0.07191723530706581,0.1284437596302003,0.19832049306625577,0.151798371120405,0.08264142637023993,0.02228483381025754,-0.18451023552718468,0.12844816200748405,-0.06594981289896544,-0.10853180717587498,0.08091789566365838,-0.04782082324455206,-0.21615892581994278,-0.17370900286154523,-0.2126040061633282,-0.10647589698437156,-0.28090028615452345,-0.3100704380365397,-0.20598062953995158,0.024169051287695354,0.05918776139115122,-0.06075720889280211,0.17718688091569448,0.13062513757429012,-0.13890821043363416,0.007389390270746203,0.2355183799251596,-0.05659696235967422,0.09974025974025974,-0.15002421307506053,-0.27841294298921415,0.05522562183579133,0.031230464450803432,-4.6224961479198765e-05,-0.12237948492185781,-0.07452124147039402,-0.1504028175214616,-0.04719788685890381,-0.0811402157164869,0.026817081223860884,-0.21382566585956417,-0.27174774378164207,-0.031340523882896765,-0.2923882896764253,-0.22151441778560424,-0.27549636803874095,-0.3529804094210874,0.019806295399515738,-0.06902487343165309,0.06860444640105658,-0.10795949812898965,0.010933303984151441,-0.08795949812898965,0.35492846136913936,0.1942064714946071,-0.05403477878054149,-0.002262821923838873,0.19320052828527404,0.3220999339643407,0.04680827646929342,0.07146819282412503,0.07804534448602245,0.04854941668500991,-0.0778648470173894,0.10516618974246093,-0.0018600044023772838,0.13619194364957077,-0.1718732115342285,-0.18973585736297602,0.1657803213735417,0.010224521241470394,-0.010336781862205591,0.2745410521681708,-0.16679286814880034,0.10881135813339203,0.3171428571428571,0.056616773057451025,0.13057010785824344,-0.14275808936825887,0.12035879374862425,0.27298921417565486,0.04485582214395774,0.13583094871230464,-0.07795509575170592,0.1234668721109399,0.011926040061633282,-0.14377283733215937,-0.19032797710763813,0.08976447281532027,-0.03446180937706361,0.0025621835791327318,0.01861765353290777,0.03298040942108739,-0.18904028175214616,0.21755007704160245,-0.0022716266784063395,0.2528021131410962,0.01820823244552058,0.1240545894783183,-0.033878494386968966,0.07057451023552719,0.09684349548756328
#18,0.17606207351970063,0.14572088928021132,0.3640325775918996,0.21800132071318512,0.1610147479639005,1.0,0.2226040061633282,0.185049526744442,-0.050085846357032796,0.2502025093550517,0.08177635923398635,0.14693374422187983,0.2929738058551618,0.08640325775918996,-0.2953114681928241,-0.10417785604226282,0.1555183799251596,0.3639291217257319,-0.06157825225621836,-0.02804094210873872,-0.19178076161127008,-0.1263416244772177,0.03950473255558001,0.05904688531807176,-0.1372309046885318,0.09157384987893462,0.05408100374202069,0.03767334360554699,0.03976667400396214,0.22783623156504512,0.38431653092670043,0.17418225841954654,0.3832951793968743,0.06225181598062954,-0.24529165749504733,-0.029018269865727492,-0.22110499669821704,-0.1584701738939027,-0.12499449702839534,0.095181598062954,-0.24503411842394893,-0.06828307285934404,-0.20210653753026633,-0.008164208672683249,-0.11371560642747083,0.10549196566145719,0.19564825005502973,0.13337001981069777,0.291765353290777,0.10221439577371781,0.1096434074400176,0.19745102355271846,0.23477437816420868,-0.01813559322033898,-0.2998943429451904,-0.23445960818842174,-0.2016266784063394,-0.058921417565485364,-0.16813779440898086,0.020944309927360776,-0.1345344486022452,-0.22183138895003301,-0.05047545674664319,0.1468236847897865,0.40195685670261944,0.1241470394012767,0.18716266784063396,0.1804094210873872,0.06384767774598284,0.03631741140215716,0.23978428351309708,0.31123486682808715,-0.0673035439137134,-0.10144177856042262,-0.1911204050187101,0.008018930222320053,-0.013918115782522562,-0.06694475016508915,0.025654853620955317,0.1788861985472155,-0.34210433634162446,0.19325996037860443,0.10581113801452785,0.1605524983491085,0.21417125247633723,-0.1733237948492186,0.0015078142196786265,-0.0686748844375963,-0.011507814219678626,0.2310147479639005,-0.1982214395773718,-0.05124367158265463,-0.14146158925819943,-0.05647589698437156,-0.01800792427911072,0.2736253576931543,-0.0877790006603566,0.30926260180497467,0.2650253136693815,0.29585736297600707,0.34802553378824563,0.23339643407440017,0.11648690292758089,0.4766894122826326,0.36060972925379703,0.4845630640545895,0.3603830068236848,-0.18730794629099715,-0.032610609729253795,-0.07932423508694696,0.0004424389170151882
#26,0.36416905128769533,0.4583513097072419,0.23791767554479418,0.20062513757429012,0.09782742681047765,0.2226040061633282,1.0,0.305808936825886,0.4210125467752586,0.4316552938586837,0.4847457627118644,0.035247633722209994,0.2312392692053709,0.2770482060312569,0.003918115782522562,0.05449482720669161,0.05469733656174334,0.11566145718688091,0.20727272727272728,-0.06989654413383227,-0.13752586396654193,0.07622716266784063,0.18930662557781203,0.011749944970283954,-0.027950693374422186,-0.017941888619854723,-0.03183138895003302,-0.15460488663878494,0.08822584195465552,0.023378824565265244,0.15854721549636805,0.0187937486242571,0.06666960158485583,-0.322953995157385,-0.14891481399955978,-0.2007373981950253,-0.36747083425049526,-0.046856702619414485,-0.15539731454985692,-0.30096852300242133,-0.02486682808716707,-0.08843275368699098,0.12454325335681268,0.0044530046224961475,-0.2242042703059652,-0.10244111820383006,-0.11922958397534669,-0.2625555800132071,-0.060288355712084525,-0.1335725291657495,0.010165089148139995,-0.09250275148580234,0.07394232885758309,0.014827206691613472,-0.09395333480079243,-0.24106537530266345,-0.18461149020471054,-0.15434734756768656,-0.22854061193044245,-0.15617653532907771,-0.2912502751485802,-0.3543319392471935,0.053508694695135375,-0.026887519260400616,-0.12643627558881795,0.01325115562403698,0.19108298481179836,0.33820383006823684,0.23931763152102134,0.17277349768875191,0.28898084965881576,0.16935505172793308,0.24153202729473916,0.06572529165749505,0.04297160466651992,0.06199647809817301,0.08187321153422848,-0.11341844596081885,0.23099933964340744,0.09914153642967202,0.1552608408540612,0.015907990314769974,-0.11927360774818402,0.27308386528725515,-0.20869249394673123,-0.3452718467972705,-0.34411842394893244,-0.039601584855822144,-0.12676645388509794,-0.03847457627118644,-0.17260180497468633,-0.10448602245212414,-0.3398128989654413,-0.19273167510455647,-0.23360994937266125,0.14712084525643848,-0.1448316090688972,-0.01918776139115122,0.020446841294298922,0.03942769095311468,-0.14097732775698876,0.23734096412062514,-0.13424169051287696,0.026117103235747303,-0.012967202289236188,-0.016896324014968083,-0.19820823244552058,-0.29663658375522783,-0.12337001981069777,-0.11351089588377725,-0.08231565045124367
#49,0.6066079683028835,0.3045828747523663,0.21321373541712524,0.2300924499229584,0.33592780101254677,0.185049526744442,0.305808936825886,1.0,0.31340083645168393,0.4475698877393793,0.5632687651331719,0.08588817961699317,0.035012106537530265,0.3300924499229584,0.13364736957957296,0.06604006163328197,0.20755227823024433,0.05891041162227603,0.1514968082764693,0.21362976007043805,0.018723310587717368,0.13244111820383006,0.05052608408540612,-0.0950693374422188,0.016931543033237947,-0.22717587497248515,-0.18945630640545894,-0.11585516178736517,-0.102128549416685,0.08055249834910852,-0.05800792427911072,-0.11782082324455206,-0.04828527404798591,-0.24825885978428353,-0.2759057891261281,0.02677525863966542,-0.3292824125027515,0.0015518379925159587,-0.32211754347347565,-0.3221417565485362,0.07547435615232226,0.04619414483821264,-0.15476337222099934,-0.022555580013207132,-0.20818842174774377,-0.08056790666960159,-0.08801893022232005,-0.23724631300902488,-0.010644948272066915,-0.25904028175214616,-0.12014747963900506,-0.06233546114902047,-0.24989214175654853,-0.08838872991415364,-0.33492846136913934,-0.19432313449262603,-0.24561743341404357,-0.10222760290556901,-0.3301452784503632,-0.4062425709883337,-0.3281201848998459,-0.3287585296059872,-0.08797490644948272,0.17624477217697557,0.061637684349548756,-0.11427030596522122,0.15660356592559982,0.12750605326876513,0.30622936385648253,0.2220427030596522,0.2567620515078142,0.18666960158485582,0.3424125027514858,0.28418225841954653,-0.035877173673783846,0.10941668500990535,-0.08565045124367159,-0.26815100154083205,0.0761963460268545,-0.02790446841294299,-0.05840193704600484,-0.0274686330618534,-0.0032665639445300463,0.22132731675104556,0.053405238828967645,-0.3378164208672683,-0.3487034998899406,-0.062150561303103674,-0.04231565045124367,0.04349988994056791,-0.21180937706361436,-0.22325555800132071,-0.4883116883116883,-0.16975786924939468,-0.3308562623816861,0.08325996037860445,-0.24217697556680606,0.026834690732995818,0.04521901826986573,-0.07544353951133612,-0.12498569227382787,0.06350429231785164,-0.07090028615452344,0.2751353731014748,0.00039621395553598944,0.09670702179176756,-0.04466431873211534,-0.19000880475456747,-0.043733215936605764,-0.2942725071538631,-0.22823464670922297
#50,0.3588069557561083,0.5200792427911072,0.159933964340744,0.18800132071318512,0.13199867928681489,-0.050085846357032796,0.4210125467752586,0.31340083645168393,1.0,0.4193792648029936,0.3644287915474356,-0.03824125027514858,-0.029027074620294958,0.18822143957737178,0.14813119084305526,0.12330178296279991,-0.026660796830288356,-0.03348448162007484,0.1210279550957517,0.049079903147699756,0.17990534888839974,0.2150231124807396,-0.05316751045564605,-0.1616949152542373,0.02649570768214836,-0.14246973365617432,-0.2013449262601805,-0.24432753686990974,-0.11414924058991856,-0.16705701078582436,-0.010169491525423728,-0.010290556900726392,-0.08627118644067797,-0.3351023552718468,-0.2431058771736738,-0.13364296720228924,-0.24712965001100595,0.027010785824345147,-0.18327536869909752,-0.2297160466651992,0.13284613691393352,0.002927580893682589,0.281452784503632,-0.010541492405899185,0.028311688311688312,-0.017318952234206472,-0.22045344486022453,-0.2290314769975787,-0.23412062513757428,-0.1386748844375963,-0.07760730794629099,-0.07846797270526085,-0.09378604446401057,0.002306845696676205,0.002223200528285274,-0.07871230464450804,-0.10959057891261281,-0.12446180937706361,-0.2969733656174334,-0.1501716927140656,-0.350675764913053,-0.30345586616773057,0.013000220118864187,0.12986352630420428,-0.2067642526964561,-0.1256372441118204,0.1649108518600044,0.3673783843275369,0.14903147699757868,0.1313779440898085,0.13496588157605108,0.13642306845696675,0.287871450583315,0.07940788025533788,0.1828483381025754,0.06716266784063395,0.028362315650451244,-0.15224301122606207,0.08509134932863746,0.007809817301342725,0.24942108738718907,-0.26267224301122605,-0.22550737398195025,0.18800132071318512,-0.35040721989874535,-0.20449702839533349,-0.3951727933083865,0.00974025974025974,-0.2821395553598943,-0.24543253356812678,0.06709002861545234,-0.2979286814880035,-0.31136693814659916,-0.1745938806955756,-0.21950473255558,-0.028831168831168832,-0.12235747303543913,-0.08042703059652212,-0.009159145938806956,-0.1394651111600264,-0.1736847897864847,0.05731675104556461,-0.22523002421307506,0.02976667400396214,-0.03522121945850759,-0.0075192604006163325,-0.19008144397974908,-0.21753246753246752,-0.21563944530046225,-0.17725952014087606,-0.22690292758089367
#51,0.689372661237068,0.7177922077922078,0.5102795509575171,0.5660686770856262,0.07191723530706581,0.2502025093550517,0.4316552938586837,0.4475698877393793,0.4193792648029936,1.0,0.6260092449922958,0.227012987012987,0.031419766674003966,0.4222826326216157,-0.13851419766674003,-0.03206911732335461,0.4126480299361655,0.26851199647809815,0.025370900286154522,0.011780761611270086,-0.11122826326216156,0.090066035659256,0.16208232445520582,0.055767114241690514,0.0070570107858243455,0.0939291217257319,-0.06812238608848778,0.013713405238828968,-0.07613911512216597,-0.020880475456746643,0.22595421527624918,-0.1830398415144178,-0.017827426810477658,-0.13400176095091348,-0.26556680607528066,-0.019905348888399736,-0.40585736297600705,-0.03434734756768655,-0.2762777900066036,-0.15979088707902267,-0.04183799251595862,-0.035976227162667844,-0.05144618093770636,-0.100363196125908,-0.18403257759189962,0.14169711644287916,-0.13322033898305086,-0.18285714285714286,-0.08845036319612591,-0.07446401056570548,0.01602245212414704,0.0023156504512436716,0.012093330398415144,0.20329297820823244,-0.19642526964560864,-0.1337112040501871,-0.40221879815100153,0.005296059872331059,-0.3565859564164649,-0.2763328197226502,-0.3983381025753907,-0.24435615232225402,-0.11828087167070218,-0.004987893462469734,0.10681928241250276,0.037774598283072856,0.2875566806075281,0.10725952014087607,0.18457847237508254,0.10414043583535108,0.2783953334800792,0.2648690292758089,0.25898965441338323,0.22443319392471936,0.03606207351970064,0.1723068456966762,-0.004809597182478538,-0.24381245872771296,0.1099867928681488,-0.1187937486242571,0.09419546555139775,0.16419546555139775,-0.20366057671142418,0.2709443099273608,-0.08288575830948712,-0.29574069997798813,-0.3998415144177856,-0.12,-0.07419326436275589,-0.1268412942989214,-0.3244574069997799,-0.3019370460048426,-0.3329782082324455,-0.2878978648470174,-0.3786220559101915,0.3300022011886419,-0.04188201628879595,0.21912612810917895,0.1716949152542373,0.013143297380585516,-0.021080783623156504,0.3276997578692494,0.0212524763372221,0.19327316751045565,0.0002531366938146599,0.16942108738718908,-0.09740259740259741,-0.3035461149020471,-0.14282412502751485,-0.4325775918996258,-0.29386748844375965
#52,0.6404974686330619,0.5291965661457186,0.326352630420427,0.4064626898525204,0.1284437596302003,0.08177635923398635,0.4847457627118644,0.5632687651331719,0.3644287915474356,0.6260092449922958,1.0,0.2822055910191503,0.18564604886638786,0.5209839313229144,-0.08447281532027295,0.08033237948492186,0.251171032357473,0.13233546114902048,0.007103235747303544,0.08968523002421308,-0.14287475236627778,0.10696896324014968,0.11634602685450143,0.02944089808496588,-0.10167730574510235,-0.09169931763152102,-0.22711644287915475,-0.06068236847897865,-0.08964340744001761,-0.14165969623596741,0.1476337222099934,-0.0728681488003522,0.03256878714505833,-0.22257979308826767,-0.41800132071318513,0.0036517719568567026,-0.5082236407660137,-0.046007043803653974,-0.5145366497908871,-0.2949570768214836,0.03474356152322254,-0.12954215276249176,-0.13139555359894342,-0.21234206471494607,-0.2455381906229364,0.0375544794188862,-0.19250935505172792,-0.26537310147479637,-0.1348448162007484,-0.2071054369359454,0.008133392031697117,-0.07163988553819062,-0.13706581554039182,-0.1517015188201629,-0.269702839533348,-0.34722870349988993,-0.2397886858903808,-0.012223200528285273,-0.2705701078582434,-0.36146599163548315,-0.37053709002861546,-0.23284393572529166,0.02483381025753907,0.10054369359454106,-0.036018049746863304,-0.13294519040281752,0.31614571868809155,0.14915694475016508,0.29145498569227385,0.27545454545454545,0.3668677085626238,0.29825665859564165,0.38219238388729915,0.16279330838652872,-0.01524323134492626,0.1963350209112921,0.011483601144618093,-0.225016508914814,0.11457186880915694,-0.1473959938366718,0.11177415804534449,0.1238234646709223,-0.04650451243671583,0.4591393352410302,0.02537970504072199,-0.16012987012987012,-0.2942504952674444,-0.030433634162447723,-0.2087805414924059,-0.01349108518600044,-0.3022232005282853,-0.079768875192604,-0.3111666299801893,-0.11464891041162227,-0.2697974906449483,0.2513185119964781,-0.047030596522121944,0.11562623816861105,-0.056784063394232885,0.028192824125027514,-0.09174774378164209,0.31026854501430773,-0.1557340964120625,0.09867708562623817,-0.024182258419546555,0.06826766453885098,-0.1481532027294739,-0.21790446841294298,-0.07860004402377284,-0.2861699317631521,-0.16902707462029495
#53,0.22020250935505173,-0.05263262161567246,0.2277922077922078,0.15543473475676867,0.19832049306625577,0.14693374422187983,0.035247633722209994,0.08588817961699317,-0.03824125027514858,0.227012987012987,0.2822055910191503,1.0,0.3599471714725952,0.19385208012326657,-0.14174334140435835,-0.2216288795949813,0.28360334580673563,0.264455205811138,-0.20650451243671583,-0.15013647369579572,-0.2378450363196126,-0.392392692053709,0.0661104996698217,-0.021727933083865288,-0.1404798591239269,-0.12930002201188642,-0.009355051727933083,0.013819062293638565,0.13827646929341844,-0.019625797930882677,0.1626832489544354,0.11826326216156724,0.45672463130090246,0.06614571868809158,-0.197607307946291,0.17424389170151883,-0.2406911732335461,-0.24354831609068897,-0.31614571868809155,-0.2140083645168391,0.02138234646709223,-0.11032797710763813,-0.07602905569007264,-0.07000880475456747,-0.3253070658155404,-0.0924191063174114,0.26104996698217037,0.20093110279550958,0.33165749504732556,0.08839533348007925,-0.006843495487563284,0.06851199647809818,0.04415364296720229,-0.28434734756768654,-0.2222342064714946,-0.5511490204710544,-0.1993352410301563,-0.30560422628219236,0.24060312568787146,-0.05111820383006824,-0.007096632181377944,0.27224521241470395,0.12143957737178077,0.08649790887079023,0.1274224081003742,0.23676645388509795,0.26833590138674884,-0.17855381906229364,-0.023902707462029497,-0.024787585296059872,0.15279771076381246,0.09463130090248734,-0.05564604886638785,0.0034382566585956418,-0.32209773277569886,0.12847897864847016,-0.15156944750165088,0.023499889940567908,0.0610081443979749,-0.22566585956416466,0.12120184899845916,0.4090821043363416,-0.04123706801672904,0.18148580233325995,0.4276161127008585,0.21810257539071098,0.3606251375742901,0.07502091129209773,-0.10068677085626238,0.37446180937706364,0.06646929341844596,0.271071978868589,0.09727933083865287,0.26299801893022234,0.14237508254457407,0.17440677966101695,-0.0940413823464671,0.2906009244992296,0.08961479198767335,0.34524763372221,0.11958177415804534,0.34030816640986133,0.1436055469953775,0.26147699757869247,0.41428791547435617,0.42544794188861984,0.30299141536429675,-0.036522121945850756,0.316205150781422,0.08788685890380805,0.08413383226942549
#54,0.044129429892141754,-0.0485362095531587,0.08292317851639885,0.07612370680167291,0.151798371120405,0.2929738058551618,0.2312392692053709,0.035012106537530265,-0.029027074620294958,0.031419766674003966,0.18564604886638786,0.3599471714725952,1.0,0.3165595421527625,0.05328197226502311,-0.05206471494607088,0.1851221659696236,0.12008364516839093,-0.031967862645828744,-0.042003081664098614,-0.27071978868589036,-0.3073365617433414,-0.030187101034558662,-0.135346687211094,-0.1842174774378164,-0.1746929341844596,-0.05008144397974906,-0.15772176975566807,0.11803433854281312,0.011366938146599163,0.13880475456746644,0.29664098613251155,0.5114329738058552,0.2271406559542153,0.07952894563064054,0.11825885978428351,0.06367378384327536,-0.0024785384107418006,-0.23845256438476778,-0.08773937926480299,-0.1140347787805415,0.03179176755447942,-0.23458067356372442,-0.050275148580233325,-0.42883116883116884,-0.2083777239709443,0.2440677966101695,0.21167070217917675,0.21865947611710324,-0.04009024873431653,-0.06480739599383667,-0.14299581774158046,0.06263482280431433,-0.26734096412062514,-0.3506141316310808,-0.2907131851199648,-0.2157627118644068,-0.19222540171692715,0.017915474356152324,-0.2696500110059432,-0.03584195465551398,0.1270922298040942,0.19413603345806735,0.07135593220338983,0.03773497688751926,0.02266563944530046,0.3077657935285054,-0.050257539071098395,0.14192604006163329,0.005390710983931323,0.18160686770856263,0.1927756988773938,0.19474136033458067,-0.07376843495487563,-0.22271846797270525,0.05537310147479639,0.07840193704600484,0.09661897424609289,0.05668500990534889,-0.07343165309267004,0.08889500330178296,0.13478098173013428,0.32308386528725513,0.32091789566365836,0.37242791107197887,0.14128769535549196,0.14330838652872552,-0.10736737838432754,-0.21017609509134932,0.20896984371560642,-0.13016508914813998,0.06876513317191284,-0.097409200968523,0.007675544794188862,0.11568346907329959,0.06859784283513097,-0.305989434294519,0.15841514417785604,0.04030596522121946,0.48977327756988775,0.27488003521901827,0.2697556680607528,-0.03125027514858023,0.30709002861545237,0.34856042262821924,0.44346246973365616,0.4828329297820823,-0.09039621395553599,0.09864406779661017,-0.05258859784283513,0.0813581333920317
#58,0.37597842835130973,0.26382786704820604,0.03545234426590359,0.28565485362095533,0.08264142637023993,0.08640325775918996,0.2770482060312569,0.3300924499229584,0.18822143957737178,0.4222826326216157,0.5209839313229144,0.19385208012326657,0.3165595421527625,1.0,0.009476117103235747,0.14188861985472154,0.17970063834470615,-0.027880255337882458,0.09776799471714726,0.14830728593440456,-0.21439357252916574,0.008756328417345367,0.0524653312788906,0.06717367378384327,-0.021001540832049307,0.06685450143077262,-0.1788861985472155,-0.16626018049746863,-0.05490865067136254,-0.17865727492846137,0.023167510455646047,0.0028967642526964562,-0.04701518820162888,0.054050187101034555,-0.08289456306405459,0.0175016508914814,-0.03526304204270306,0.13142196786264582,-0.3310763812458728,-0.14462469733656175,0.01427690953114682,-0.1973563724411182,-0.0987475236627779,-0.0412194585075941,-0.24322033898305084,0.19239489324235087,-0.08539951573849879,-0.11772397094430993,-0.09457186880915694,-0.2468500990534889,-0.012586396654193265,-0.2775654853620955,-0.04796830288355712,-0.19812238608848778,-0.26861985472154964,-0.30104996698217035,-0.25931763152102133,0.11441338322694256,-0.22926700418225843,-0.41177635923398637,-0.2504688531807176,-0.11543693594541052,0.19468633061853402,0.30410961919436497,-0.21469513537310148,-0.12343165309267004,0.42649790887079025,0.0748316090688972,0.21689412282632622,0.342722870349989,0.09715386308606648,0.177739379264803,0.35157384987893464,-0.028556020250935506,0.06092890160686771,0.2953973145498569,0.08211314109619194,-0.23212634822804315,0.19397974906449483,-0.06208232445520581,0.10282412502751485,-0.030281752146158927,0.04383226942548976,0.5727360774818402,0.03286814880035219,-0.18904688531807176,-0.11440898084965881,-0.16839313229143738,-0.23977988113581333,0.015137574290116662,-0.2476601364736958,-0.10904028175214615,-0.277475236627779,-0.11037860444640106,-0.26247633722209995,0.17853620955315871,-0.1137640325775919,-0.05207131851199648,-0.06844816200748405,0.19837332159366058,-0.07906009244992296,0.21376623376623377,-0.10739379264802994,0.01012987012987013,-0.1888861985472155,0.037057010785824344,-0.13845476557340963,-0.15350429231785165,-0.072293638564825,-0.3236847897864847,-0.18533568126788466
#101,-0.029134932863746424,-0.0735791327316751,-0.1292868148800352,-0.08819942769095311,0.02228483381025754,-0.2953114681928241,0.003918115782522562,0.13364736957957296,0.14813119084305526,-0.13851419766674003,-0.08447281532027295,-0.14174334140435835,0.05328197226502311,0.009476117103235747,1.0,0.404653312788906,0.23325996037860444,-0.10486682808716707,0.6219700638344706,0.12968082764692934,0.57541272287035,0.3062073519700638,0.1441206251375743,-0.24007704160246532,0.26269865727492847,-0.2852300242130751,-0.1380959718247854,-0.4891987673343606,0.30881796169931763,0.15379925159586177,-0.15614131631080783,0.03213735417125248,-0.2977481840193705,-0.2429187761391151,0.1476799471714726,-0.19734536649790888,0.17689192163768436,0.2535505172793308,-0.017204490424829407,-0.17040501871010347,0.41735197006383445,0.0711071978868589,0.03264802993616553,0.27668060752806517,-0.28544133832269425,-0.13587057010785825,-0.4414241690512877,-0.42455646048866386,-0.5193528505392913,-0.4422474136033458,-0.3431124807395994,-0.30732775698877396,-0.27563284173453667,-0.1407638124587277,0.19045124367158264,0.056180937706361435,-0.0012744882236407661,-0.07682368478978649,-0.19580453444860224,-0.194719348448162,-0.37419546555139777,-0.4304116222760291,-0.0348976447281532,0.105115562403698,-0.2795201408760731,-0.21152762491745541,0.11669381465991635,0.13892802113141095,0.505031917235307,-0.1054985692273828,0.1777129650011006,0.027039401276689412,0.4626832489544354,-0.01201848998459168,0.1860576711424169,-0.32831609068897205,-0.13415144177856042,-0.3701232665639445,0.410462249614792,0.06649570768214837,0.18343165309267004,-0.25242350869469515,-0.022458727712965,0.21296279991195247,-0.13006163328197226,-0.3992471934844816,-0.4268346907329958,-0.05276029055690073,-0.1653863086066476,-0.3402443319392472,0.08215716486902927,-0.357178076161127,-0.31964120625137576,-0.38165089148139997,-0.3112392692053709,-0.1618467972705261,-0.21104776579352852,-0.164488223640766,-0.23732775698877392,-0.49613471274488224,-0.3481818181818182,0.0249438696896324,-0.13622496147919877,-0.05703940127668941,-0.18138454765573409,-0.34164428791547435,-0.28896764252696455,-0.3402773497688752,-0.20933524103015627,-0.24965221219458508,-0.24318732115342284
#102,0.03880475456746643,0.14733215936605767,-0.10179176755447941,0.14263042042703059,-0.18451023552718468,-0.10417785604226282,0.05449482720669161,0.06604006163328197,0.12330178296279991,-0.03206911732335461,0.08033237948492186,-0.2216288795949813,-0.05206471494607088,0.14188861985472154,0.404653312788906,1.0,-0.12654413383226942,-0.29498789346246973,0.2974488223640766,0.5971010345586617,0.22950913493286373,0.7807792207792208,-0.03226942548976447,0.31631080783623156,-0.054745762711864404,0.23145938806955757,-0.17308166409861325,-0.15185119964780983,-0.280594320933304,-0.11939907550077042,-0.23749944970283954,-0.23835351089588377,-0.25111600264142636,-0.09969183359013868,-0.1191371340523883,0.00992295839753467,-0.0846995377503852,0.21653092670041824,-0.11609289016068677,0.20386748844375963,-0.049925159586176535,-0.21492626018049746,0.09652212194585076,0.46429892141756546,-0.030664758969843716,0.4871318511996478,-0.20721989874532248,-0.12074620294959278,-0.3834096412062514,-0.04146158925819943,-0.23432533568126787,-0.2499867928681488,-0.3974025974025974,-0.14757869249394673,-0.1580211314109619,0.1036649790887079,-0.14315210213515298,0.46385868368919214,-0.19452564384767776,-0.18652212194585077,-0.4291635483160907,-0.49590358793748623,-0.08162007484041382,0.22348448162007484,-0.15567246313009026,-0.1509641206251376,0.10567026194144838,-0.03427250715386308,0.40916134712744884,0.2859211974466212,-0.10918996257979309,0.009267004182258419,0.3026106097292538,-0.1446004842615012,-0.043691393352410304,-0.2925841954655514,-0.26090468853180715,-0.5570724191063174,-0.03343605546995378,0.2652344265903588,0.2324653312788906,-0.18374202069117324,-0.027996918335901386,0.009469513537310148,-0.12309487123046445,-0.45501871010345585,-0.41209993396434075,-0.30655073739819505,-0.16672903367818623,-0.48900066035659256,-0.15747303543913713,-0.156814880035219,-0.1887739379264803,-0.29794408980849657,-0.2544375963020031,-0.3344045784723751,0.00889060092449923,-0.4017477437816421,-0.2082852740479859,-0.3666519920757209,-0.34412282632621616,-0.1671516618974246,-0.29568787145058334,-0.2795751705921197,-0.1629077701959058,-0.28515738498789345,-0.2592471934844816,-0.3005062733876293,-0.261038961038961,-0.2304226282192384,-0.3193748624257099
#201,0.44360334580673566,0.19894783182918777,0.45317411402157165,0.442260620735197,0.12844816200748405,0.1555183799251596,0.05469733656174334,0.20755227823024433,-0.026660796830288356,0.4126480299361655,0.251171032357473,0.28360334580673563,0.1851221659696236,0.17970063834470615,0.23325996037860444,-0.12654413383226942,1.0,0.38045344486022453,0.143020030816641,-0.14317851639885537,0.01674224081003742,-0.2462095531587057,0.4001452784503632,-0.05499449702839533,0.28773497688751926,-0.11954875632841734,0.019885538190622935,-0.16495927801012547,0.274884437596302,0.10978648470173893,0.2481135813339203,0.05645828747523663,0.09712304644508034,-0.0238300682368479,-0.15299581774158044,-0.024069997798811357,-0.12658815760510675,-0.09054369359454105,-0.09250935505172793,-0.2789082104336342,0.1744750165089148,-0.028826766453885096,-0.33594761171032356,-0.05513757429011666,-0.2771824785384107,-0.1501188641866608,-0.05095091349328638,-0.12181598062953995,0.055353290777019594,-0.10882896764252696,0.02642306845696676,-0.07277790006603566,0.0016795069337442218,-0.01680607528065155,0.011864406779661017,-0.23001540832049305,-0.247508254457407,-0.22049086506713625,-0.1776271186440678,-0.3169535549196566,-0.27448382126348225,-0.2046268985252036,-0.09312348668280872,-0.03463570327977108,0.06795949812898966,0.026570548095971824,0.23737178076161128,-0.11975786924939467,0.24477437816420866,-0.09313669381465992,0.3477041602465331,0.2069205370900286,0.20144618093770636,0.0998877393792648,-0.05024873431653093,0.10202289236187541,-0.011457186880915694,-0.17354391371340525,0.3949900946511116,-0.1240876073079463,-0.06714946070878275,0.20103675985031919,0.2336187541272287,0.26771956856702617,0.2502179176755448,-0.24121725731895224,-0.20239049086506714,0.1606119304424389,-0.014822804314329738,-0.007479639005062734,-0.005075941008144398,-0.14176755447941888,-0.35178736517719567,-0.16437596302003082,-0.25595641646489103,0.31952454325335683,-0.19148139995597624,0.45111160026414265,0.1815628439357253,0.04274047985912393,0.05104776579352851,0.40034118423948933,0.2210213515298261,0.29681928241250277,0.16913933524103017,0.09017389390270746,0.10023552718467972,-0.32473695795729696,-0.05281091789566366,-0.27439797490644946,-0.08866387849438696
