,#10,#11,#12,#13,#17,#18,#26,#49,#50,#51,#52,#53,#54,#58,#101,#102,#201,#202,#301,#302,#401,#402,#501,#502,#601,#602,#701,#702,#801,#802,#901,#902,#1001,#1002,#1101,#1102,#1201,#1202,#1301,#1302,#1401,#1402,#1501,#1502,#1601,#1602,#1701,#1702,#1801,#1802,#1901,#1902,#2001,#2002,#2101,#2102,#2201,#2202,#2301,#2302,#2401,#2402,#2501,#2502,#2601,#2602,#2701,#2702,#2801,#2802,#2901,#2902,#3001,#3002,#3101,#3102,#3201,#3202,#3301,#3302,#3401,#3402,#3455,#3501,#3502,#3601,#3602,#3701,#3702,#3801,#3802,#3901,#3902,#4001,#4002,#4101,#4102,#4201,#4202,#4301,#4302,#4401,#4402,#4501,#4502,#4601,#4602,#4701,#4702,#4801,#4802
#10,1.0,0.7323662777900066,0.5178626458287475,0.4909134932863746,0.3931719128329298,0.10222980409421087,0.5293836671802773,0.6830552498349108,0.293515298261061,0.7122804314329738,0.5546533127889061,0.057530266343825666,0.3654831609068897,0.03898965441338323,0.04627999119524543,0.13374862425709882,0.5101100594320933,0.3690887079022672,0.23433193924719348,-0.04300902487343165,-0.03817521461589258,-0.16458947831829188,-0.02231565045124367,-0.11482280431432974,0.29167070217917673,-0.1126106097292538,0.06415144177856043,-0.13218578032137354,0.22343165309267005,-0.2510851860004402,-0.1898084965881576,0.09817961699317632,0.11696235967422408,-0.3201518820162888,-0.14214615892581994,-0.06931322914373762,-0.25001100594320935,-0.2957517059211974,0.07608848778340303,-0.06360774818401937,-0.23649130530486462,-0.26914593880695575,0.1409817301342725,0.11419546555139776,0.05237508254457407,-0.2450297160466652,-0.2755954215276249,0.015331278890600925,-0.07492185780321374,-0.16369359454105217,-0.052797710763812455,0.09606867708562623,-0.011067576491305305,-0.07476117103235748,-0.016064274708342506,-0.0934074400176095,-0.23695135373101475,-0.5696962359674224,0.024182258419546555,0.0739819502531367,0.03480959718247854,-0.19770416024653312,-0.22248073959938366,-0.09967422408100374,0.013896103896103896,0.14398415144177856,-0.0149966982170372,0.09163328197226503,0.18130750605326876,-0.07372000880475457,0.47801452784503634,0.18709663218137795,-0.4506251375742901,0.13648470173893903,-0.07177195685670262,-0.20999559762271627,-0.25264582874752367,-0.17080563504292318,0.0017961699317631521,-0.07078142196786265,-0.23724631300902488,-0.165379705040722,-0.00036759850319172355,-0.061201848998459166,0.10096412062513757,-0.05320272947391592,-0.07697336561743341,-0.1685626238168611,-0.1800396213955536,0.1852014087607308,-0.007070217917675545,-0.09734096412062514,-0.025738498789346247,0.041985472154963684,0.27612150561303106,0.31126788465771515,0.3610455646048866,-0.08088487783403038,-0.22237728373321594,0.02836451683909311,0.028976447281532026,0.32536869909751265,0.20433193924719348,0.09946731234866828,0.018467972705260842,-0.010818842174774378,0.042703059652212196,0.2164406779661017,-0.13182698657274927,0.08183579132731675,0.26643627558881794
#11,0.7323662777900066,1.0,0.5311732335461149,0.5640501871010346,0.34801452784503634,0.1301452784503632,0.5666343825665859,0.7232115342284834,0.40416244772176974,0.70590799031477,0.4425511776359234,0.11305965221219459,0.47854061193044245,0.05103675985031917,-0.13033237948492185,0.11480739599383667,0.5791789566365838,0.3743165309267004,-0.07108298481179837,-0.100363196125908,-0.0740413823464671,-0.19130970724191063,-0.1039951573849879,-0.07693154303323795,0.214983491085186,-0.3235857362976007,0.002346467092229804,-0.13995817741580455,0.34235527184679726,-0.20174114021571649,-0.09473475676865507,0.06921197446621176,-0.010347787805414925,-0.23287915474356152,-0.18512656834690733,-0.1709355051727933,-0.32895663658375524,-0.40982390490865067,0.10244772176975567,-0.018998459167950694,-0.07193484481620074,-0.15348228043143297,0.11423068456966762,0.019476117103235747,0.19156724631300903,-0.2816134712744882,-0.22956856702619413,-0.03799691833590139,0.03229583975346687,-0.11430992736077482,-0.06410741800572309,0.035815540391811576,-0.15486242570988334,-0.14167070217917677,-0.13743341404358353,-0.17615892581994277,-0.17692493946731236,-0.5185186000440237,0.1534140435835351,0.14189082104336342,0.12980409421087388,-0.06587497248514197,-0.2267092229804094,-0.04028175214615893,-0.040928901606867706,0.1830706581554039,0.07174554259300021,0.0811798371120405,0.23893682588597842,-0.03624477217697557,0.5842967202289236,0.3782654633502091,-0.341518820162888,0.06784723750825446,-0.20073519700638345,-0.2327030596522122,-0.33805635042923177,-0.09346246973365617,-0.029887739379264804,-0.24679286814880036,-0.0038102575390710986,0.01598943429451904,0.20637904468412943,-0.064950473255558,0.17270526084085405,0.12521461589258198,0.0072617213295179395,-0.04670922298040942,0.008536209553158706,0.17825445740699977,0.0924983491085186,-0.013429451904028175,-0.03520360994937266,0.08185780321373541,0.24741360334580673,0.4017609509134933,0.27637904468412944,-0.05719568567026194,-0.3362337662337662,-0.1684503631961259,0.07382786704820603,0.29272507153863087,0.26182918776139114,-0.00288135593220339,-0.0376469293418446,-0.13069337442218798,0.05943649570768215,0.29917675544794187,-0.11607087827426811,0.13762271626678407,0.21714285714285714
#12,0.5178626458287475,0.5311732335461149,1.0,0.5299713845476557,0.05716486902927581,0.08545234426590359,0.38929121725731897,0.35594320933303986,-0.04695135373101475,0.46929782082324456,0.3386990975126568,-0.22467532467532467,0.1377657935285054,-0.2212854941668501,0.06161787365177196,0.31331939247193485,0.6350429231785164,0.7848976447281532,0.060574510235527186,-0.2448117983711204,0.011256878714505833,-0.14169491525423727,-0.012672243011226061,-0.1559982390490865,0.26057230904688533,-0.2868699097512657,0.06057891261281092,-0.30014747963900507,0.4451992075720889,-0.10253797050407219,0.2063284173453665,0.2921417565485362,0.2613185119964781,-0.2487145058331499,-0.17732115342284835,-0.18076161127008586,-0.09279771076381246,-0.377376183138895,0.05823464670922298,0.15137354171252476,-0.1425643847677746,-0.1574356152322254,0.15981289896544135,-0.049242791107197884,-0.010660356592559983,-0.2620184899845917,-0.08927801012546775,0.019826106097292538,0.22397534668721109,0.0861104996698217,0.17457406999779881,0.33845476557340964,-0.012427911071978869,0.17779661016949153,0.26727933083865285,0.02660136473695796,-0.11151882016288796,-0.5395025313669382,-0.07825445740699978,-0.039922958397534666,-0.27854501430772616,-0.4999801893022232,-0.35209112920977326,-0.29357913273167513,0.277706361435175,0.15674664318732115,-0.23947391591459388,-0.01214175654853621,0.042273827867048204,-0.11773937926480299,0.5294122826326216,0.33808496588157605,-0.2406581554039181,0.053376623376623376,-0.09024653312788906,-0.1933612150561303,-0.23673343605546995,-0.058564825005502974,0.1953070658155404,-0.09710323574730355,-0.0776667400396214,-0.13500550297160466,0.25221879815100157,-0.15674224081003743,-0.08079462909971384,-0.20460708782742681,-0.3010125467752586,-0.028692493946731235,0.006770856262381686,0.1526700418225842,-0.16881576051067576,-0.14217917675544794,-0.20279771076381245,0.0714043583535109,0.0865397314549857,0.5218181818181818,0.291699317631521,0.05098613251155624,0.027349768875192602,-0.05594761171032357,0.3941140215716487,0.5119722650231124,0.3768390931102796,0.17870349988994058,0.23303103675985032,0.1166784063394233,0.35088707902267224,-0.09442438917015188,-0.33865727492846137,-0.001965661457186881,0.10192163768434954
#13,0.4909134932863746,0.5640501871010346,0.5299713845476557,1.0,-0.014745762711864407,0.19307065815540392,0.25271406559542153,0.2947061413163108,0.10850539291217258,0.5528681488003522,0.12867928681488003,-0.08047985912392693,0.35045564604886636,-0.08083865287255118,-0.007655734096412062,0.2628527404798591,0.575826546335021,0.34843275368699095,-0.06434954875632842,-0.03426150121065375,-0.2706801672903368,-0.08115782522562183,0.008223640766013647,-0.0200462249614792,0.24172132951793968,-0.12456306405458947,0.22360334580673563,-0.018892802113141097,0.33198767334360557,-0.12952234206471494,0.11777019590578913,-0.016900726392251816,-0.058582434514637904,-0.11359013867488443,-0.10468192824125028,-0.13462249614791988,0.04725511776359234,-0.2744948272066916,-0.05501210653753027,-0.13224081003742022,-0.2409619194364957,-0.23862645828747522,0.1506801672903368,0.050827646929341844,0.11364736957957297,-0.15178736517719568,-0.06313669381465992,0.1681267884657715,0.014404578472375083,0.12377283733215937,0.056698217037200085,0.10013867488443759,-0.11672243011226062,-0.053819062293638566,-0.0835659255998239,-0.03671362535769315,-0.19358353510895884,-0.27422848338102573,-0.0789126128109179,0.15391151221659696,-0.04250055029716047,-0.17965441338322694,-0.11804754567466431,-0.03495267444419987,0.2666696015848558,0.16174994497028394,-0.07760950913493286,-0.14039401276689412,0.24404138234646708,0.04210873871890821,0.49862425709883335,0.27186220559101915,-0.34359674224081005,0.08211534228483382,-0.1291283292978208,-0.35844816200748403,-0.35637684349548754,-0.2661193044243892,0.17876513317191284,-0.10568787145058331,-0.09491965661457187,-0.008439357252916575,0.31206031256878713,-0.13615452344265905,0.10423068456966762,-0.10014968082764693,-0.10158045344486022,-0.11327756988773938,0.12616552938586836,0.1418776139115122,0.025331278890600925,0.08424169051287696,-0.0977657935285054,-0.05224961479198768,0.1578846577151662,0.3138014527845036,0.22160026414263703,0.04797930882676645,-0.1390578912612811,-0.07139995597622716,0.14199867928681487,0.2319700638344706,0.07148139995597623,0.03516398855381906,0.08488663878494387,0.007721769755668061,0.0238498789346247,-0.03571428571428571,-0.19899625797930884,-0.12596742240810038,0.11514197666740039
#17,0.3931719128329298,0.34801452784503634,0.05716486902927581,-0.014745762711864407,1.0,0.12474136033458068,0.38042923178516397,0.3876007043803654,0.25784723750825445,0.23473035439137135,0.43601144618093773,0.09814659916354831,0.18906669601584855,0.2529914153642967,0.11772176975566806,0.02429451904028175,0.11335901386748845,-0.012619414483821263,0.0911732335461149,0.12530486462689852,0.2355293858683689,-0.029911952454325336,-0.1417191283292978,0.035815540391811576,-0.09203609949372661,-0.1101716927140656,-0.06302003081664098,-0.16996257979308826,0.15604006163328196,-0.2140347787805415,-0.17082544574069997,-0.04804754567466432,0.06274928461369139,-0.1602113141096192,0.12576271186440677,0.12323574730354392,-0.22227382786704822,-0.17476777459828308,-0.012865947611710324,-0.18914373761831388,0.1245674664318732,0.021523222540171694,0.15739379264802994,0.06421307506053268,-0.23183579132731674,-0.2106581554039181,-0.15542813119084306,-0.10992515958617653,-0.04584855822143958,-0.09378824565265244,-0.1359652212194585,-0.06590138674884438,-0.029022672243011225,-0.1798745322474136,0.013046445080343385,-0.20250715386308607,-0.05537750385208012,-0.12710543693594542,0.06232885758309487,0.0413119084305525,0.08655734096412063,-0.0762425709883337,-0.00990975126568347,0.19741360334580674,-0.26711644287915476,-0.043392031697116445,0.25155844155844154,-0.018025533788245653,0.022452124147039402,0.005280651551837993,0.18740039621395554,0.057433414043583535,-0.13499229583975347,0.05193924719348448,0.05648910411622276,0.02703499889940568,-0.10193264362755888,-0.03620515078142197,-0.020605326876513317,-0.026894122826326215,0.1176667400396214,0.04972485141976667,-0.07309707241910632,0.08749284613691394,0.1967312348668281,0.050796830288355715,0.04932863746423068,0.04097952894563064,0.05676865507373982,0.009861325115562404,0.15301562843935726,-0.02592339863526304,0.050457847237508256,0.12915254237288135,0.14875632841734537,-0.03717367378384327,0.05038961038961039,0.0006955756108298481,-0.23570327977107638,-0.12423948932423509,-0.13525643847677746,0.11526084085406119,-0.1781465991635483,0.07533127889060093,-0.08295179396874312,-0.10023332599603786,0.012482940788025533,0.18405018710103455,-0.07808716707021791,0.022500550297160467,0.09980189302223201
#18,0.10222980409421087,0.1301452784503632,0.08545234426590359,0.19307065815540392,0.12474136033458068,1.0,0.022753686990975127,0.10095971824785384,-0.04780321373541713,0.04851860004402377,-0.05126128109178957,0.18305745102355273,0.5031829187761391,0.336385648250055,-0.2926150121065375,-0.16169711644287915,0.10850979528945631,0.1246136913933524,-0.1981598062953995,-0.06540391811578253,-0.2056746643187321,0.0187211093990755,0.15977767994717149,0.04243671582654634,0.17812898965441337,0.018582434514637904,0.02031036759850319,-0.039594981289896546,0.35956856702619416,0.2496830288355712,0.18345366497908872,0.04823904908650671,0.16737178076161127,0.03862425709883337,0.061391151221659696,0.15808496588157606,0.16907770195905789,0.18840633942328858,-0.03333700198106978,0.06142196786264583,-0.22707021791767554,0.13760950913493286,0.053451463790446845,0.11894342945190403,0.17097292537970504,0.005179396874312129,-0.17890821043363417,0.02709883337001981,-0.024994497028395332,-0.017999119524543254,-0.12784943869689633,-0.028192824125027514,0.04286814880035219,-0.0474290116662998,-0.2472176975566806,-0.06305524983491086,0.002031697116442879,0.0938828967642527,-0.11070878274268105,0.16903367818622056,0.02891041162227603,-0.04193264362755888,0.10001100594320933,0.30318071758749726,0.033816861104996696,0.03558221439577372,0.14106977767994716,-0.2149240589918556,-0.057490644948272066,-0.03268765133171913,0.04473035439137134,-0.1369205370900286,-0.05375963020030817,-0.004939467312348668,-0.09544794188861985,-0.14225181598062955,-0.08768434954875633,-0.005320272947391591,0.17029936165529386,0.18282412502751486,0.227739379264803,0.26146819282412503,0.2960378604446401,0.0734734756768655,0.3592890160686771,0.1049966982170372,0.09624036979969183,0.10380145278450363,-0.014541052168170813,0.08447061413163108,0.28408980849658816,0.19964780981730135,0.4165925599823905,0.03539511336121506,0.21574069997798812,0.1507197886858904,0.13729914153642966,0.056306405458947835,0.04832709663218138,-0.08540832049306625,0.06262821923838872,0.16999119524543255,-0.020140876073079465,0.23917235307065815,0.18930002201188642,0.1637904468412943,0.049832709663218136,0.0362887959498129,-0.021307506053268765,-0.07666960158485582,0.17584415584415583
#26,0.5293836671802773,0.5666343825665859,0.38929121725731897,0.25271406559542153,0.38042923178516397,0.022753686990975127,1.0,0.4964472815320273,0.22735417125247634,0.5614659916354832,0.48378164208672686,0.025260840854061193,0.28851199647809816,0.19252256218357913,0.022452124147039402,0.1989720449042483,0.4545762711864407,0.12174114021571648,0.12521461589258198,0.030625137574290116,0.07834690732995818,-0.13017609509134934,-0.19575170592119745,-0.1338895003301783,0.041331719128329295,-0.1754523442659036,-0.1886616773057451,-0.37791327316751044,0.10596962359674224,-0.2917191283292978,-0.19564604886638784,0.07743341404358353,0.10937046004842615,-0.11950693374422187,-0.10177856042262821,0.009242791107197886,-0.1346599163548316,-0.142987012987013,0.09367378384327536,0.04781421967862646,0.0828285274047986,-0.07479639005062734,0.09161127008584635,0.057607307946291,0.03606647589698437,-0.10463790446841294,-0.17949372661237067,-0.19432093330398414,0.05116442879154744,-0.13618093770636144,-0.2671956856702619,-0.12160246533127889,-0.19082544574069998,-0.07484701738939027,0.08709883337001981,0.0019194364957076822,-0.08960158485582215,-0.340594320933304,0.041325115562403696,0.03318732115342285,0.006031256878714506,-0.2401254677525864,-0.034074400176095095,-0.006453885097952894,-0.15539731454985692,0.04475896984371561,0.16313889500330178,0.278300682368479,0.18153863086066477,-0.04308166409861325,0.35523662777900067,0.32818842174774376,-0.14319172353070658,0.15722870349988993,0.1189654413383227,-0.07889720449042482,-0.1112788906009245,0.09042042703059652,-0.10821263482280431,-0.015421527624917455,-0.13943429451904027,-0.06955315870570108,0.14705701078582434,-0.1938696896324015,0.20933524103015627,-0.07522782302443319,-0.10535329077701959,-0.10676205150781422,-0.15358353510895884,0.1733546114902047,-0.14064054589478317,-0.2311666299801893,-0.2197226502311248,-0.0776931543033238,0.1657869249394673,0.17192824125027514,0.05896324014968083,-0.07963680387409201,-0.4564428791547436,-0.0073145498569227385,0.05891701518820163,0.1581730134272507,0.1224125027514858,0.07377503852080124,-0.18305965221219458,-0.06583535108958838,0.14852740479859125,0.04281752146158926,-0.19124367158265462,-0.09593440457847238,0.11650231124807396
#49,0.6830552498349108,0.7232115342284834,0.35594320933303986,0.2947061413163108,0.3876007043803654,0.10095971824785384,0.4964472815320273,1.0,0.4572727272727273,0.5848668280871671,0.501071978868589,0.2307373981950253,0.4184041382346467,0.09397974906449483,-0.22426810477657935,-0.15660576711424168,0.41508694695135373,0.22081443979749066,-0.10969843715606427,-0.0816222760290557,-0.009148139995597623,-0.2684789786484702,-0.005458947831829188,-0.03698877393792648,0.2685560202509355,-0.20209993396434076,0.022885758309487123,-0.08418005723090469,0.09984811798371121,-0.20965881576051068,-0.2977701959057891,0.1674884437596302,-0.0684635703279771,-0.2613977547875853,-0.1480013207131851,-0.14014087607307946,-0.3717719568567026,-0.2675698877393793,0.07656834690732996,-0.0349900946511116,-0.0975676865507374,-0.20222320052828527,0.028126788465771515,-0.05931983270966322,0.052273827867048206,-0.22932643627558882,-0.1971054369359454,0.03468192824125028,-0.1287343165309267,-0.11976447281532027,-0.11959278010125468,0.0835725291657495,-0.03307946290997139,-0.1865397314549857,-0.12095531587057011,-0.17805414924058993,-0.09588157605106758,-0.4815474356152322,-0.040900286154523444,0.027393792648029935,0.08958617653532908,-0.1582324455205811,-0.2702619414483821,-0.09966321813779441,-0.05085626238168611,0.20642967202289236,0.11287915474356153,0.23618534008364517,-0.014842615012106538,-0.084983491085186,0.3129936165529386,0.19399735857362976,-0.25956856702619413,0.041300902487343166,0.024734756768655074,-0.034662117543473474,-0.07832929782082325,-0.05695795729694035,-0.1687739379264803,-0.2917059211974466,-0.1806845696676205,-0.1380739599383667,0.13007043803653973,-0.09929121725731896,0.1715364296720229,0.0014285714285714286,-0.17376183138895004,0.05718467972705261,-0.0399075500770416,0.2727316751045565,0.024525643847677747,-0.21818181818181817,-0.13122826326216155,-0.04873871890821043,0.1323332599603786,0.17839313229143738,0.40690953114681927,-0.14111160026414263,-0.27917895663658376,-0.11594981289896544,0.1339555359894343,0.25788906009244994,0.20989214175654852,-0.003953334800792428,-0.22540171692714064,-0.2843121285494167,0.05996918335901387,0.25049526744441997,-0.18248954435395112,0.08431432973805855,0.1299273607748184
#50,0.293515298261061,0.40416244772176974,-0.04695135373101475,0.10850539291217258,0.25784723750825445,-0.04780321373541713,0.22735417125247634,0.4572727272727273,1.0,0.4516596962359674,0.354025974025974,0.10163988553819062,0.25444419986792866,0.28602905569007264,-0.11211314109619194,-0.023942328857583094,0.14596742240810037,-0.1681620074840414,-0.05333920316971164,-0.03623816861104997,-0.07665639445300462,-0.2682852740479859,-0.10124147039401277,-0.06310147479639006,-0.03984591679506934,-0.4321087387189082,-0.15836231565045125,-0.23602685450143077,-0.008710103455866168,-0.34350209112920976,-0.21906889720449044,-0.05869909751265683,-0.31267444419986795,-0.21161787365177195,-0.05269205370900286,0.07661457186880916,-0.35383447061413165,-0.2842196786264583,0.004752366277790006,-0.3057957296940348,-0.05377503852080123,-0.06311468192824125,0.05147259520140876,-0.05295839753466872,0.052377283733215936,-0.24151882016288795,-0.4050693374422188,-0.2303565925599824,-0.1332753686990975,-0.3538828967642527,-0.28208012326656395,-0.23587497248514197,-0.13496808276469294,-0.3173189522342065,-0.3092802113141096,-0.4325115562403698,0.14781421967862646,-0.26883777239709444,0.1592868148800352,-0.08416905128769536,0.32502751485802334,0.09715826546335021,0.12436935945410521,-0.02631300902487343,-0.17899845916795068,0.07917895663658375,0.21872551177635924,0.19546775258639665,0.07632621615672464,0.0640545894783183,0.2440942108738719,0.27768875192604003,-0.12102355271846797,-0.14750385208012326,0.11090468853180717,0.06158485582214396,0.07155403918115782,0.09141976667400396,-0.14866387849438698,-0.28440237728373324,-0.24482280431432973,-0.2161435174994497,-0.004580673563724411,-0.09183359013867488,-0.01850759410081444,0.27160026414263705,0.10679066696015849,-0.045661457186880916,0.02581994276909531,0.09871890821043364,0.15592339863526306,-0.022694254897644726,0.04471054369359454,0.17148800352190183,0.048390931102795506,-0.0373563724411182,-0.054078802553378824,-0.21884437596302003,-0.4605987233105877,-0.22975126568346907,-0.2866982170372001,0.06706801672903367,-0.036913933524103014,-0.20973365617433415,-0.39749724851419765,-0.36202949592780104,-0.2024521241470394,0.3225687871450583,0.007213295179396875,0.2765001100594321,0.17575830948712304
#51,0.7122804314329738,0.70590799031477,0.46929782082324456,0.5528681488003522,0.23473035439137135,0.04851860004402377,0.5614659916354832,0.5848668280871671,0.4516596962359674,1.0,0.46664758969843717,-0.12467532467532468,0.3766629980189302,0.15662777900066036,-0.007677745982830729,0.1823398635263042,0.7617213295179397,0.2845608628659476,0.027880255337882458,-0.30807175874972487,-0.10817301342725072,-0.21277129650011006,-0.12464891041162228,-0.14866607968302883,0.16966762051507814,-0.36791327316751044,0.07495267444419987,-0.21436055469953774,0.3476601364736958,-0.284058991855602,-0.02075280651551838,0.1248448162007484,-0.008102575390710983,-0.2141206251375743,-0.12762931983270967,0.059920757208892804,-0.22932643627558882,-0.40018049746863305,0.12650451243671582,-0.20989214175654852,-0.06985912392692054,-0.08764252696456086,0.23739599383667181,0.15181818181818182,0.133152102135153,-0.16432753686990975,-0.2930508474576271,-0.09104776579352851,0.03502091129209773,-0.11334580673563724,-0.06528945630640545,0.05438696896324015,-0.002766894122826326,-0.2354589478318292,-0.041835791327316754,-0.1631565045124367,-0.15975786924939467,-0.5576293198327097,0.07319832709663218,0.08824785384107418,0.020827646929341845,-0.10701298701298702,-0.09705040721989874,-0.11076161127008585,0.17874312128549416,0.12429892141756549,0.04785163988553819,-0.025991635483160906,0.23820823244552058,-0.011884217477437816,0.5573167510455646,0.38651111600264143,-0.38617433414043584,0.052808716707021794,-0.0717081223860885,-0.18931763152102135,-0.29641866607968304,-0.03663218137794409,-0.07468853180717587,-0.3849196566145719,-0.23782082324455206,-0.11055690072639225,0.20157164869029276,-0.3275456746643187,-0.007823024433193925,0.03101254677525864,-0.013565925599823905,-0.16449702839533348,-0.08373981950253137,0.19554699537750386,-0.08779000660356592,-0.09215056130310367,-0.14344265903587938,0.2581752146158926,0.28066035659256,0.45345806735637245,0.08215716486902927,-0.11284613691393353,-0.4082544574069998,-0.10796830288355712,-0.0011644287915474356,0.34263922518159806,0.14826326216156724,-0.16276689412282633,-0.11737178076161127,-0.14644948272066916,-0.01626018049746863,0.2014307726172133,-0.09531807175874972,0.20745982830728593,0.40055469953775036
#52,0.5546533127889061,0.4425511776359234,0.3386990975126568,0.12867928681488003,0.43601144618093773,-0.05126128109178957,0.48378164208672686,0.501071978868589,0.354025974025974,0.46664758969843717,1.0,0.08869909751265684,0.1693660576711424,0.26818842174774377,0.08475236627779001,0.21214615892581995,0.25472815320272946,0.19592119744662118,0.2080937706361435,0.12321593660576712,0.05685230024213075,-0.254851419766674,-0.1575808936825886,-0.1638432753686991,-0.03501871010345586,-0.30431432973805855,-0.07829407880255337,-0.30502531366938146,0.1820449042482941,-0.147607307946291,-0.01880475456746643,0.011263482280431433,0.0199603786044464,-0.3730090248734316,-0.06674224081003742,0.024166850099053488,-0.23572749284613692,-0.26241690512876953,-0.04596962359674224,-0.08159366057671143,0.07926260180497469,-0.1513779440898085,0.3639555359894343,0.04317191283292978,-0.0965463350209113,-0.23395993836671802,-0.16681267884657716,-0.06598723310587717,0.06681047765793528,-0.16040721989874532,-0.07502531366938146,0.02615892581994277,0.015040721989874533,-0.09885758309487123,-0.07657274928461369,-0.22186660796830288,-0.21464230684569668,-0.33569667620515076,-0.026740039621395553,-0.1428681488003522,0.021943649570768217,-0.14731454985692274,-0.07899405679066696,-0.034816200748404136,-0.00663218137794409,0.04035219018269866,0.1173629760070438,0.22362976007043803,0.18330838652872553,0.06749944970283954,0.38567246313009024,0.3014395773717808,-0.225808936825886,0.011256878714505833,0.08803433854281312,-0.07159366057671142,-0.13108518600044025,-0.11227823024433194,-0.08731895223420647,-0.10762931983270967,-0.045507373981950254,-0.19825005502971604,-0.19560422628219237,-0.05121505613031037,0.0645806735637244,0.04712524763372221,-0.0008298481179837112,0.004939467312348668,-0.13037860444640106,0.26559542152762494,-0.0249900946511116,-0.21029936165529386,-0.14274488223640766,0.0862887959498129,0.19292317851639887,0.24178956636583757,0.23667620515078142,-0.02695135373101475,-0.3033039841514418,-0.08838872991415364,0.049322033898305084,0.2196302003081664,-0.03073959938366718,0.1024191063174114,-0.04286814880035219,-0.08646709222980409,0.0015078142196786265,0.16521901826986574,-0.021756548536209553,0.08270746202949593,0.1979154743561523
#53,0.057530266343825666,0.11305965221219459,-0.22467532467532467,-0.08047985912392693,0.09814659916354831,0.18305745102355273,0.025260840854061193,0.2307373981950253,0.10163988553819062,-0.12467532467532468,0.08869909751265684,1.0,0.376469293418446,0.1492670041822584,-0.17628439357252917,-0.33958177415804536,-0.19103455866167732,-0.13755668060752807,-0.1929650011005943,0.13671362535769316,-0.1415562403697997,-0.0824653312788906,0.026145718688091568,-0.03169491525423729,0.08451904028175215,0.08675104556460489,-0.11650011005943209,0.17422187981510015,-0.10182478538410741,0.23906669601584857,-0.2538344706141316,-0.04323134492626018,-0.22258859784283513,0.004974686330618534,0.07801232665639446,-0.09474136033458068,-0.002493946731234867,0.18329958177415803,0.1813053048646269,0.1979837112040502,0.04070878274268105,-0.06756328417345367,-0.13204930662557782,0.19411842394893242,0.07227602905569007,0.13530046224961478,-0.025194805194805193,0.12470834250495268,-0.17234426590358795,-0.02579352850539291,-0.03651331719128329,-0.019859123926920536,-0.0027999119524543255,0.040112260620735196,-0.09705480959718248,-0.06756328417345367,-0.028485582214395774,0.037517059211974464,-0.11747083425049527,-0.09314549856922738,0.13891701518820163,0.29163548316090687,-0.0885362095531587,0.11209993396434074,-0.23723530706581555,-0.0045740699977988115,0.04586176535329078,0.08189082104336341,-0.12040942108738718,-0.02827206691613471,-0.21255998239049087,-0.3229187761391151,-0.12345586616773058,-0.07664979088707902,-0.09100594320933304,-0.06504512436715827,0.022896764252696458,-0.06834250495267444,0.015628439357252916,0.05926260180497469,0.21945410521681707,0.23916134712744883,-0.12694475016508916,0.2988729914153643,0.4248778340303764,0.3423332599603786,0.3410543693594541,-0.012771296500110059,-0.07918556020250936,0.3029011666299802,0.3018093770636143,0.19471714725952013,0.16347567686550737,-0.014259300022011886,-0.020821043363416246,-0.09604446401056571,0.20209773277569887,0.14982610609729255,0.0016178736517719569,-0.01143517499449703,-0.06879374862425709,0.03729914153642967,0.014351749944970285,0.2385560202509355,0.0045564604886638785,-0.11671802773497689,-0.021443979749064496,0.2635659255998239,0.13365617433414043,-0.0005679066696015849,-0.18098613251155624
#54,0.3654831609068897,0.47854061193044245,0.1377657935285054,0.35045564604886636,0.18906669601584855,0.5031829187761391,0.28851199647809816,0.4184041382346467,0.25444419986792866,0.3766629980189302,0.1693660576711424,0.376469293418446,1.0,0.3865331278890601,-0.3085780321373542,-0.22751926040061635,0.2967708562623817,0.09660796830288355,-0.22152102135152982,0.005593220338983051,-0.2881157825225622,-0.31551397754787586,-0.04560862865947612,-0.09802113141096191,0.05583755227823024,-0.117640325775919,0.09989874532247414,-0.016405458947831828,0.3612987012987013,0.14342945190402817,-0.15156724631300902,0.06392031697116443,-0.03635263042042703,0.056709222980409424,0.006427470834250495,-0.02672903367818622,0.17469953775038521,0.11146599163548317,0.051866607968302884,0.09167290336781862,-0.024232885758309487,0.11324455205811138,0.05763592339863526,0.12694254897644727,0.2533810257539071,-0.16986572749284615,-0.05536869909751266,-0.0038256658595641644,0.05193924719348448,-0.324653312788906,-0.321038961038961,-0.2566057671142417,-0.24821483601144617,-0.2249438696896324,-0.3097446621175435,-0.14703059652212194,-0.0236913933524103,-0.024202069117323356,-0.06738718908210434,0.10686770856262381,0.14372000880475458,0.11954215276249175,0.13449042482940787,0.28154083204930663,0.13086726832489545,0.1452080123266564,0.2717257318952234,-0.0625643847677746,-0.06662117543473475,0.13272727272727272,0.2320559101915034,-0.0213053048646269,-0.11861325115562403,0.14819502531366938,0.07363416244772177,-0.15791327316751044,-0.04173233546114902,0.05625357693154303,0.16703940127668943,-0.04896103896103896,0.12834910851860004,0.19255558001320713,0.3515034118423949,0.05939467312348668,0.3923860884877834,0.235016508914814,0.1992097732775699,0.14806735637244112,-0.03567026194144838,0.048815760510675765,0.2137904468412943,0.23278670482060312,0.21094651111600266,0.046403257759189964,0.21404138234646708,0.07973145498569227,0.031204050187101033,0.0057847237508254455,-0.1493858683689192,-0.24025313669381465,-0.05866387849438697,0.1451683909311028,0.06982610609729253,0.12287034998899406,0.03275588817961699,-0.08545234426590359,0.05942328857583095,0.2018467972705261,-0.07603345806735637,0.055192604006163326,0.23063174114021573
#58,0.03898965441338323,0.05103675985031917,-0.2212854941668501,-0.08083865287255118,0.2529914153642967,0.336385648250055,0.19252256218357913,0.09397974906449483,0.28602905569007264,0.15662777900066036,0.26818842174774377,0.1492670041822584,0.3865331278890601,1.0,-0.34096191943649573,-0.2029583975346687,-0.029553158705701077,-0.31209333039841514,-0.26074180057230906,0.16510015408320494,-0.237970504072199,-0.20163108078362316,-0.2408694695135373,-0.11436495707682148,-0.39037200088047547,-0.11574290116662998,-0.1814505833149901,-0.10418225841954655,0.0651419766674004,0.08156724631300903,0.007569887739379264,-0.0437178076161127,0.023488883997358573,0.18857803213735416,0.35688311688311686,0.37180937706361433,0.07360994937266124,0.30555580013207134,-0.26302663438256657,-0.05107638124587277,0.13798811358133392,0.27828307285934406,0.25846797270526084,0.13500770416024654,0.020884877834030376,-0.16940347787805415,-0.1580475456746643,-0.13193484481620074,0.10379264802993617,-0.3138300682368479,-0.500644948272067,-0.5145916795069337,-0.3969029275808937,-0.4312194585075941,-0.526040061633282,-0.14061853400836452,0.05952014087607308,0.2028329297820823,-0.10373981950253136,-0.017173673783843275,0.21351529826106097,0.27021351529826104,0.5810873871890821,0.4371604666519921,-0.09176535329077702,-0.04661237068016729,0.578994056790667,0.06118203830068237,0.024428791547435616,0.38686550737398195,0.15384107418005724,0.11019590578912612,0.10566806075280652,0.13387629319832708,0.30069337442218796,0.3074312128549417,0.2448117983711204,0.1952872551177636,-0.13169711644287915,-0.027167070217917675,0.15145938806955755,0.14618093770636142,-0.19590799031476996,0.17551177635923398,0.4961127008584636,0.31684129429892144,0.40790006603565926,-0.014274708342504952,0.0839291217257319,0.08927801012546775,0.3051089588377724,0.2353334800792428,0.21619854721549636,0.17049086506713626,0.13900946511116002,-0.24101254677525863,-0.2338564825005503,-0.04305084745762712,-0.21360994937266123,-0.09399735857362976,-0.16876953554919658,-0.036264582874752364,-0.22582434514637906,-0.06124367158265463,0.014593880695575611,0.10920537090028616,0.08627779000660357,0.2987717367378384,0.19047765793528507,0.004160246533127889,0.1674818401937046
#101,0.04627999119524543,-0.13033237948492185,0.06161787365177196,-0.007655734096412062,0.11772176975566806,-0.2926150121065375,0.022452124147039402,-0.22426810477657935,-0.11211314109619194,-0.007677745982830729,0.08475236627779001,-0.17628439357252917,-0.3085780321373542,-0.34096191943649573,1.0,0.30132951793968743,-0.018718908210433635,0.018360114461809376,0.7109839313229144,-0.1096896324014968,0.4400066035659256,0.03222540171692714,0.28711864406779664,-0.1888729914153643,0.17233766233766235,0.10352630420427031,0.14322694254897644,-0.09664979088707902,-0.023966541932643626,-0.19119744662117544,-0.19193044243891702,-0.05985692273827867,-0.11838432753686991,-0.15982830728593442,-0.08291877613911512,0.0888928021131411,0.08315430332379485,-0.10080343385428131,0.06729694034778781,-0.010462249614791988,0.09676425269645608,-0.006537530266343826,-0.003959938366718028,0.09403037640325776,-0.24687211093990755,-0.07657495047325556,0.20637023992956197,0.07812018489984592,0.09764472815320273,-0.02980629539951574,0.2638014527845036,0.11280211314109619,0.32300902487343164,0.2499141536429672,0.48147039401276687,0.03566585956416465,-0.016317411402157166,-0.2076205150781422,0.10558661677305745,0.07184239489324235,-0.35062953995157387,-0.25693594541052167,-0.11732775698877394,-0.15963460268545016,-0.039841514417785606,-0.18350429231785165,-0.29228043143297383,-0.2174620294959278,0.0523728813559322,-0.21982830728593442,-0.03549196566145719,-0.06677525863966542,-0.10079683028835572,-0.1076667400396214,-0.17709002861545234,-0.2596103896103896,-0.2737244111820383,-0.25355712084525645,0.3960378604446401,0.2426436275588818,-0.03681928241250275,-0.10676425269645609,-0.058386528725511776,0.04311027955095752,-0.4957406999779881,-0.38060972925379705,-0.22677966101694916,0.06853841074180057,-0.261831388950033,-0.07193044243891701,-0.13353731014747963,-0.16944530046224962,-0.07649790887079022,-0.10058991855602024,0.10701518820162888,0.07054149240589919,-0.14044684129429894,-0.0016751045564604888,-0.12156944750165088,-0.018276469293418446,-0.13445740699977987,-0.053451463790446845,-0.04728153202729474,-0.05358793748624257,-0.04922738278670482,-0.07193924719348448,-0.08029275808936825,-0.3793506493506493,-0.2129143737618314,-0.1338168611049967,-0.016913933524103017
#102,0.13374862425709882,0.11480739599383667,0.31331939247193485,0.2628527404798591,0.02429451904028175,-0.16169711644287915,0.1989720449042483,-0.15660576711424168,-0.023942328857583094,0.1823398635263042,0.21214615892581995,-0.33958177415804536,-0.22751926040061635,-0.2029583975346687,0.30132951793968743,1.0,0.2420515078142197,0.20776799471714727,0.2630992736077482,0.08501430772617213,0.05255337882456527,0.08632401496808277,0.021276689412282633,0.024494827206691612,-0.18204050187101034,-0.14352190182698657,-0.17735197006383446,-0.41271626678406337,0.1363548316090689,-0.2063152102135153,0.1592537970504072,-0.19777239709443098,0.1641074180057231,-0.07340964120625137,-0.04069337442218798,0.05962579793088268,0.013046445080343385,-0.1338828967642527,0.02095971824785384,0.030977327756988773,0.09029275808936826,0.06653753026634382,-0.049988994056790664,0.10033237948492185,-0.12133392031697117,-0.04593000220118864,-0.1386682808716707,-0.28302223200528287,-0.06002201188641867,0.139306625577812,0.1878956636583755,0.11479639005062733,-0.048102575390710986,0.15973805855161788,0.1998415144177856,0.1514703940127669,-0.38368699097512654,-0.08472375082544574,-0.09816861104996698,-0.1943913713405239,-0.05185560202509355,-0.17261501210653754,-0.059885538190622936,0.030294959278010125,-0.12801893022232005,-0.334158045344486,0.0774686330618534,0.09768214836011446,0.45802773497688754,-0.0028263262161567246,0.43457186880915694,0.2942108738718908,0.03061633281972265,-0.023246753246753248,-0.016544133832269426,-0.2293946731234867,-0.17802113141096193,-0.10398635263042043,0.27659696235967424,0.09054149240589919,-0.08529385868368919,-0.14972044904248294,0.04810477657935285,-0.04979528945630641,-0.1136517719568567,-0.1383843275368699,-0.20116222760290556,-0.06637684349548756,0.1901716927140656,-0.21556020250935506,-0.2545036319612591,-0.15098393132291438,-0.17321153422848337,-0.0898613251155624,-0.13075720889280212,0.1238498789346247,-0.10191723530706581,-0.07693154303323795,-0.21996478098173014,0.03686990975126568,0.004342945190402818,-0.0275808936825886,-0.009782082324455205,0.11867048206031257,0.022053709002861546,0.09608628659476118,0.05539731454985692,-0.10040281752146159,-0.09384107418005723,-0.09100154083204931,-0.09472375082544573
#201,0.5101100594320933,0.5791789566365838,0.6350429231785164,0.575826546335021,0.11335901386748845,0.10850979528945631,0.4545762711864407,0.41508694695135373,0.14596742240810037,0.7617213295179397,0.25472815320272946,-0.19103455866167732,0.2967708562623817,-0.029553158705701077,-0.018718908210433635,0.2420515078142197,1.0,0.450627338762932,-0.05823024433193925,-0.33624477217697557,-0.1286154523442659,-0.22268104776579353,-0.048729914153642966,-0.2038102575390711,0.18725731895223421,-0.3320118864186661,0.27139335241030155,-0.23383226942548976,0.4198745322474136,-0.08907990314769976,0.14636363636363636,0.16845256438476777,0.011386748844375964,-0.16285274047985912,-0.10642306845696677,-0.03431212854941668,-0.033662777900066033,-0.41851199647809817,0.17352630420427032,0.029465111160026414,-0.19386528725511776,-0.04349768875192604,0.14975786924939466,0.007781201848998459,0.20117103235747302,-0.17924939467312348,-0.06606867708562623,-0.05048646268985252,0.1108496588157605,-0.023425049526744443,0.09141756548536209,0.12364296720228923,0.018492185780321375,-0.1489324235086947,0.06172573189522342,-0.03649570768214836,-0.14615672463130092,-0.5080057230904689,-0.014569667620515078,-0.0013273167510455645,-0.2187343165309267,-0.25920537090028617,-0.07549416685009905,-0.07332379484921858,0.2651243671582655,0.10904908650671362,-0.14560202509355052,-0.09676645388509796,0.07064274708342505,-0.10874972485141976,0.5226282192383888,0.4376975566806075,-0.35298261060972924,0.005663658375522782,-0.09336781862205591,-0.11405679066696016,-0.29996257979308827,0.09195685670261941,0.07512436715826547,-0.27780981730134274,-0.150528285274048,-0.07295839753466872,0.27935505172793307,-0.2764142637023993,-0.03587937486242571,-0.040444640105657056,-0.10947391591459388,-0.033220338983050844,0.008003521901826986,0.18663438256658596,-0.18290997138454765,-0.04576711424169051,-0.12040721989874532,0.22289676425269644,0.2392692053709003,0.5470173893902708,0.04458067356372441,0.0012788906009244992,-0.21602465331278892,-0.022872551177635925,0.17192383887299142,0.3962425709883337,0.18544353951133613,-0.08172793308386529,0.028228043143297382,0.004356152322254017,0.16452564384767773,-0.0838432753686991,-0.09387849438696896,0.12389390270746203,0.2651243671582655
