,#10,#11,#12,#13,#17,#18,#26,#49,#50,#51,#52,#53,#54,#58,#101,#102,#201,#202,#301,#302,#401,#402,#501,#502,#601,#602,#701,#702,#801,#802,#901,#902,#1001,#1002,#1101,#1102,#1201,#1202,#1301,#1302,#1401,#1402,#1501,#1502,#1601,#1602,#1701,#1702,#1801,#1802,#1901,#1902,#2001,#2002,#2101,#2102,#2201,#2202,#2301,#2302,#2401,#2402,#2501,#2502,#2601,#2602,#2701,#2702,#2801,#2802,#2901,#2902,#3001,#3002,#3101,#3102,#3201,#3202,#3301,#3302,#3401,#3402,#3455,#3501,#3502,#3601,#3602,#3701,#3702,#3801,#3802,#3901,#3902,#4001,#4002,#4101,#4102,#4201,#4202,#4301,#4302,#4401,#4402,#4501,#4502,#4601,#4602,#4701,#4702,#4801,#4802
#10,1.0,0.6072925379705041,0.7463416244772177,0.617838432753687,0.3571076381245873,0.235610829848118,0.21474356152322255,0.416700418225842,0.30900946511116,0.6042174774378164,0.2695003301782963,0.36856702619414483,0.27441998679286816,-0.3147875852960599,-0.28403257759189965,-0.138036539731455,0.6967708562623817,0.3943033237948492,-0.2631917235307066,-0.006099493726612371,-0.2366718027734977,0.1004424389170152,0.072359674224081,0.14105436935945412,0.1328417345366498,0.1643187321153423,0.28650891481399954,0.3434052388289676,0.2283777239709443,0.1529121725731895,0.3837178076161127,-0.1826040061633282,0.23087387189082104,0.26356812678846575,-0.26469513537310146,-0.13314109619194364,-0.08849218578032138,-0.11082324455205811,-0.09780101254677526,-0.14146599163548315,-0.018895003301782964,-0.24828747523662778,-0.28689632401496806,-0.02530266343825666,-0.07961699317631521,0.31370900286154524,0.40245432533568126,0.36741800572309047,0.06227823024433194,0.37688531807175873,0.36988333700198106,0.4311005943209333,0.17145278450363197,0.21881576051067578,0.0375346687211094,0.20968523002421308,-0.38677525863966544,-0.274488223640766,0.03348007924279111,-0.24666740039621396,-0.21233766233766233,-0.019722650231124808,-0.18202069117323355,-0.12283072859344046,0.40849218578032137,0.46062073519700636,-0.3338961038961039,-0.23062733876293198,-0.07610609729253796,-0.117343165309267,0.2543385428131191,0.1851617873651772,-0.34773497688751925,-0.029808496588157606,-0.4755051727933084,-0.1425049526744442,-0.45951573849878935,-0.27135373101474797,-0.02587277129650011,-0.020774818401937047,-0.0677525863966542,0.25811138014527846,0.008908210433634163,0.09530486462689852,0.24631080783623158,-0.23898305084745763,-0.02180497468633062,0.36327096632181377,0.016302003081664098,0.1678846577151662,0.06122165969623597,0.016971164428791548,0.0908232445520581,-0.17744441998679286,-0.23938366718027734,0.2650385208012327,0.1186748844375963,0.43668060752806515,0.3649130530486463,0.43732115342284833,0.5111644287915474,0.4245718688091569,0.250132071318512,0.6091701518820163,0.25249614791987673,0.3059013867488444,0.19161787365177196,-0.337079022672243,-0.12477878054149241,-0.4171164428791547,-0.4531256878714506
#11,0.6072925379705041,1.0,0.6093638564825006,0.4960796830288356,0.37479859123926923,0.3251287695355492,0.5361193044243892,0.5570570107858244,0.5961985472154964,0.6433017829627999,0.453779440898085,0.247508254457407,0.2770636143517499,0.03667400396213955,-0.2857274928461369,-0.17643627558881797,0.5722408100374202,0.4911027955095752,-0.3251529826106097,-0.13863966541932643,-0.24221659696235967,-0.010347787805414925,0.13036539731454985,0.07692273827867048,0.1969535549196566,0.12673123486682808,0.11167070217917675,0.24401496808276468,0.1706713625357693,0.04003081664098613,0.4087321153422848,-0.14924939467312348,0.3232489544353951,0.31386088487783403,-0.3270482060312569,-0.09541932643627558,-0.050854061193044246,-0.2030728593440458,0.047310147479639006,-0.1818908210433634,0.16016508914813998,-0.4119084305524984,-0.26719788685890383,-0.10443539511336121,-0.021069777679947173,0.140363196125908,0.2518137794408981,0.2963724411182038,-0.18729914153642968,0.07615232225401716,0.134851419766674,0.1963152102135153,-0.011404358353510896,0.17810257539071098,-0.002885758309487123,0.23057010785824344,-0.5232643627558882,-0.49490644948272067,-0.09566365837552278,-0.23987893462469734,-0.07244111820383006,0.02826766453885098,-0.26129650011005945,-0.24795509575170593,0.3547611710323575,0.39598503191723533,-0.17331278890600924,-0.11654193264362755,-0.0043583535108958835,-0.067706361435175,0.4130926700418226,0.28264582874752364,-0.2691833590138675,0.09442438917015188,-0.42948492185780324,-0.19079022672243012,-0.26663878494386967,-0.14496808276469295,0.12244111820383007,-0.12441998679286814,0.010336781862205591,0.2080277349768875,0.17214395773717808,0.2444309927360775,0.366946951353731,-0.05186880915694475,0.1012722870349989,0.3157142857142857,0.06544133832269425,0.08059211974466211,0.10460268545014308,0.05143517499449703,0.10561523222540171,0.021027955095751706,-0.03981289896544134,0.3243187321153423,0.09832049306625577,0.3867356372441118,0.4202377283733216,0.3148976447281532,0.36537530266343826,0.3673211534228483,0.2849592780101255,0.3740325775918996,0.39679066696015847,0.2467510455646049,0.24089148139995598,-0.2588267664538851,-0.1236517719568567,-0.17080343385428132,-0.21650231124807395
#12,0.7463416244772177,0.6093638564825006,1.0,0.6411336121505613,0.15184679727052608,0.2573035439137134,0.2973915914593881,0.1882588597842835,0.17148580233325997,0.6671560642747083,0.2205855161787365,0.1454061193044244,0.2392339863526304,-0.2194144838212635,-0.4677988113581334,-0.17157825225621837,0.8475478758529607,0.7275786924939467,-0.24273827867048206,-0.18709002861545235,-0.25590799031476996,0.10723310587717368,0.22248954435395113,0.24412942989214176,0.1817389390270746,0.08332819722650231,0.5352256218357914,0.5647435615232226,0.3199581774158045,0.05268104776579353,0.5864935064935065,-0.21541052168170813,0.4834206471494607,0.2551221659696236,-0.2447787805414924,-0.31777459828307286,-0.14004182258419545,-0.33835571208452564,0.04556240369799692,-0.2828351309707242,0.15817961699317631,-0.31847677745982833,-0.43393132291437375,-0.16627999119524542,-0.09189742460928901,0.26441558441558444,0.3897776799471715,0.4720030816640986,0.13986352630420426,0.3829738058551618,0.46289896544133835,0.6087431212854941,0.3955469953775039,0.43755668060752806,0.2708958837772397,0.41641866607968303,-0.5426458287475237,-0.5397512656834691,-0.010539291217257319,-0.06806295399515738,-0.24661237068016728,-0.09511336121505613,-0.4742637023992956,-0.3732973805855162,0.5943165309267004,0.5056746643187321,-0.4951463790446841,-0.3966585956416465,-0.30064274708342503,-0.28852740479859124,0.38953995157384985,0.3603367818622056,-0.4924014968082765,0.0737178076161127,-0.6684371560642747,-0.2717543473475677,-0.4271736737838433,-0.14850759410081443,0.0989390270746203,-0.1039225181598063,-0.12080123266563944,0.13056570548095972,-0.0005635042923178516,-0.06563504292317851,0.05800132071318512,-0.3347831829187761,-0.038188421747743784,0.35802553378824564,0.07070658155403918,-0.02114241690512877,-0.19782962799911952,-0.11456746643187321,-0.13941448382126348,0.015802333259960378,-0.13813999559762272,0.4125665859564165,0.22661016949152543,0.7193924719348448,0.6114439797490645,0.550873871890821,0.7862425709883337,0.6913977547875853,0.37988553819062293,0.769621395553599,0.5014880035219018,0.5215628439357253,0.45766894122826324,-0.4048558221439577,-0.29120405018710105,-0.26353070658155403,-0.323398635263042
#13,0.617838432753687,0.4960796830288356,0.6411336121505613,1.0,0.2234294519040282,0.22085846357032798,0.3274818401937046,0.12270746202949592,0.09315650451243672,0.6381664098613251,0.14989874532247413,0.21021131410961919,0.3429694034778781,-0.11917895663658376,-0.13759630200308168,0.0006339423288575831,0.6924719348448162,0.3276777459828307,-0.16380145278450364,0.027180277349768876,-0.19998239049086508,0.11291217257318953,0.05868368919216377,0.2088465771516619,-0.05238828967642527,0.2058947831829188,0.2502993616552939,0.3442306845696676,0.24781421967862646,0.1332379484921858,0.25134932863746423,-0.10067136253576932,0.11178516398855382,0.29149240589918557,-0.35611490204710544,-0.14813779440898084,-0.0913515298261061,0.010953114681928241,-0.018195025313669382,0.025861765353290777,0.02771516618974246,-0.31830068236847897,-0.320264142637024,0.09752586396654193,-0.0033788245652652434,0.3884041382346467,0.44149240589918554,0.4986440677966102,-0.1133876293198327,0.18631961259079904,0.12334360554699537,0.23690292758089368,-0.033039841514417786,0.06756548536209553,0.12278230244331939,0.25221659696235965,-0.3452828527404799,-0.24877173673783842,-0.1287805414924059,-0.10252696456086287,-0.27010345586616774,-0.2066718027734977,-0.0011358133392031697,0.08323574730354391,0.44378604446401054,0.3830068236847898,-0.23165309267004183,-0.10226282192383887,-0.08073959938366718,-0.057019590578912614,0.31416905128769534,0.21248954435395112,-0.18054149240589917,0.07424389170151882,-0.38911292097732775,-0.26544794188861986,-0.28930882676645386,-0.27040721989874533,0.051314109619194366,-0.06117103235747304,-0.09694034778780541,0.2657561082984812,-0.0023376623376623377,0.09097292537970504,0.20807836231565044,-0.4027845036319613,-0.20891481399955977,0.39499449702839534,0.023779440898084966,-0.007653532907770196,-0.18222540171692714,-0.052291437376183136,0.003713405238828968,-0.12647809817301342,-0.26460488663878495,0.04560202509355052,0.14683248954435396,0.4249636803874092,0.2682148360114462,0.31014968082764693,0.43872331058771735,0.3154259300022012,0.1614109619194365,0.44774158045344487,0.13128109178956637,0.14866167730574512,0.147475236627779,-0.44524763372221,-0.1988135593220339,-0.27351529826106097,-0.3479022672243011
#17,0.3571076381245873,0.37479859123926923,0.15184679727052608,0.2234294519040282,1.0,0.4805855161787365,0.33641206251375744,0.31923838872991417,0.2520911292097733,0.22266123706801672,0.28914813999559763,0.3670812238608849,0.30161347127448823,0.06157825225621836,-0.13952234206471495,-0.35324675324675325,0.13308166409861324,0.05710323574730354,-0.11659696235967422,0.01940788025533788,-0.3377525863966542,-0.18762271626678406,0.1036319612590799,0.09706361435174994,0.08726832489544353,0.287475236627779,-0.2769029275808937,-0.15799471714725952,0.23619414483821263,0.2560202509355052,0.21568346907329958,-0.11686990975126568,0.03555580013207132,0.19708782742681047,-0.19146819282412503,0.2313713405238829,0.05316090688972045,-0.06337001981069777,-0.10999119524543254,0.09677525863966542,0.19953995157384988,-0.08719348448162008,0.13813119084305525,-0.06414263702399296,0.02188201628879595,0.16402817521461588,0.18012987012987014,0.07777900066035659,-0.19425269645608628,-0.18874312128549417,0.021664098613251154,0.08453664979088708,-0.23061633281972266,-0.07031917235307066,-0.23405458947831828,-0.10891701518820163,-0.12737398195025312,-0.06296720228923619,-0.0212788906009245,-0.06511776359233987,0.1464538850979529,0.21948932423508694,0.23179616993176316,0.18057671142416906,-0.08291877613911512,-0.07990534888839973,0.20065595421527624,0.22848117983711205,0.1298943429451904,0.06648250055029715,0.07830288355712084,-0.05577371780761611,-0.1236055469953775,0.05297380585516179,-0.12645388509795288,-0.023559322033898305,-0.24747303543913712,-0.06149900946511116,0.26413163108078364,0.11713185119964781,-0.07403257759189963,0.4438366718027735,0.2966299801893022,0.17434074400176094,0.566799471714726,0.08164428791547436,0.16501210653753026,0.33624036979969185,0.03188861985472155,0.25633061853400835,0.36518600044023775,0.3235461149020471,0.2998217037200088,0.011237068016729034,0.09201408760730795,0.05300462249614792,0.09242791107197887,-0.010975126568346908,0.035265243231344924,0.26330178296279994,0.06646489104116222,0.17717587497248513,0.14338542813119085,0.17325775918996258,0.16674003962139555,0.07922738278670483,0.010176095091349329,-0.0023222540171692714,0.06340303764032577,-0.07884217477437816,-0.029495927801012546
#18,0.235610829848118,0.3251287695355492,0.2573035439137134,0.22085846357032798,0.4805855161787365,1.0,0.3142130750605327,0.003370019810697777,0.24661677305745103,0.3568082764692934,0.12825665859564164,0.20435395113361216,0.29567906669601585,0.061177635923398636,-0.14093990755007704,-0.16854061193044245,0.1824389170151882,0.25527624917455427,0.049200968523002424,0.013973145498569227,-0.3313141096191944,-0.1820162887959498,0.16576491305304863,0.17967862645828747,0.0988994056790667,0.18449262601804975,-0.0598943429451904,0.007900066035659256,0.3174554259300022,0.20825665859564166,0.3058331499009465,-0.04299141536429672,0.25256218357913274,0.25888399735857365,-0.04475676865507374,0.16519700638344706,0.005555800132071319,-0.132326656394453,0.09066035659255998,0.0005150781421967862,0.16006823684789787,-0.13793308386528724,-0.05022232005282853,-0.14834690732995817,-0.17436935945410523,0.06287915474356152,0.32486022452124147,0.1441206251375743,-0.012205591019150341,-0.11439577371780761,0.22839753466872112,0.11722870349988994,-0.01458727712965001,0.07679727052608408,-0.13523222540171692,-0.044714946070878274,-0.3919788685890381,-0.25191723530706583,-0.1612326656394453,-0.13593000220118864,-0.03906669601584856,-0.02435395113361215,0.065115562403698,0.09038520801232666,0.20593000220118865,0.08967422408100374,0.1001452784503632,0.009528945630640545,0.05535549196566146,0.1459454105216817,0.3044486022452124,0.17154743561523222,0.007224301122606207,0.25154743561523224,-0.12684789786484701,-0.17636363636363636,-0.23093550517279332,-0.22391811578252258,0.3165529385868369,0.1236715826546335,0.13786264582874752,0.49981289896544134,0.10605546995377504,0.20225181598062955,0.40831388950033015,-0.1309024873431653,-0.051391151221659694,0.21073959938366718,0.12140655954215276,0.08520581113801452,0.14495927801012548,0.023733215936605767,0.1602047105436936,-0.16712084525643847,-0.1544353951133612,0.026894122826326215,0.18178076161127008,0.27884877834030375,0.23104996698217037,0.28749724851419767,0.22968523002421307,0.3265639445300462,0.16730574510235527,0.27977327756988773,0.24389830508474578,0.3544243891701519,0.16953334800792427,-0.23542813119084305,-0.09568567026194146,-0.216748844375963,-0.1903169711644288
#26,0.21474356152322255,0.5361193044243892,0.2973915914593881,0.3274818401937046,0.33641206251375744,0.3142130750605327,1.0,0.29918115782522564,0.3432973805855162,0.36598283072859344,0.23862645828747522,0.3174224081003742,0.12388069557561084,0.26886638784943867,-0.11321813779440898,-0.14124807395993838,0.28996257979308826,0.1852674444199868,-0.13779440898084966,0.06705480959718248,-0.24055910191503413,-0.14306185340083646,0.0013427250715386308,-0.08390710983931322,-0.025238828967642526,-0.10056130310367599,-0.26446841294298923,-0.056163328197226504,0.1357208892802113,0.045007704160246534,0.20192383887299142,-0.024554259300022013,0.013537310147479638,-0.00010565705480959718,-0.2388135593220339,0.012306845696676205,0.0051926040061633285,0.010592119744662117,0.02287034998899406,-0.08230904688531807,-0.07641646489104116,-0.41623816861104995,-0.12808496588157606,0.03429672022892362,-0.08036099493726612,-0.0033612150561303103,0.1147325555800132,0.17720008804754567,-0.13193264362755888,-0.05388509795289456,0.018100374202069117,0.13828307285934405,-0.23262601804974686,-0.053158705701078585,-0.13867708562623818,-0.07038740920096852,-0.2587343165309267,-0.21202729473915916,-0.20028835571208453,-0.1054523442659036,0.12292317851639886,0.13957517059211974,0.06718908210433634,0.016150121065375302,-0.06884877834030377,0.007664538850979529,0.19103896103896104,0.25231124807395994,0.1334932863746423,0.18016068677085625,0.47685230024213077,0.22634382566585956,0.11903587937486243,0.18215496368038742,-0.11326216156724632,0.038388729914153645,-0.017092229804094212,-0.021476997578692494,0.2697094430992736,-0.024345146379044683,-0.07707021791767554,0.16841294298921416,-0.03657715166189743,0.11672022892361876,0.41741800572309046,0.05111600264142637,0.21627999119524544,0.18525863966541933,-0.14862645828747523,0.14854061193044243,0.06390931102795509,0.2074158045344486,0.0018093770636143517,0.05948051948051948,0.05076161127008585,0.012397094430992735,-0.12065155183799252,0.022522562183579134,0.03653092670041823,0.14281972265023113,0.1279308826766454,0.170396213955536,-0.07340523882896764,0.16724191063174115,0.1262623816861105,0.02086286594761171,-0.02434074400176095,0.03060312568787145,0.22784283513097073,-0.03396434074400176,-0.03625357693154303
#49,0.416700418225842,0.5570570107858244,0.1882588597842835,0.12270746202949592,0.31923838872991417,0.003370019810697777,0.29918115782522564,1.0,0.5940391811578253,0.3050561303103676,0.5788861985472155,0.330066035659256,0.23055910191503412,0.20124367158265463,-0.13437376183138894,-0.10333700198106978,0.25340523882896765,0.1417741580453445,-0.17014968082764692,0.03059652212194585,-0.21160246533127888,-0.04973145498569227,-0.09320713185119965,-0.04893902707462029,0.08813119084305525,0.02232885758309487,-0.06099933964340744,0.1024653312788906,-0.03690953114681928,0.09928901606867709,0.23056790666960159,0.08266563944530046,0.131633281972265,0.18327096632181378,-0.19656174334140436,0.1428329297820823,0.1734734756768655,0.12053268765133172,-0.06964560862865947,-0.03978868589038081,0.0586946951353731,-0.12448382126348229,-0.0018291877613911512,0.10727272727272727,0.04923398635263042,0.04049526744441999,0.25303543913713405,0.1611666299801893,-0.10392912172573189,0.09339203169711645,0.018998459167950694,0.13060092449922958,-0.09663658375522782,0.04909090909090909,-0.14293418445960818,0.06894563064054589,-0.29223200528285276,-0.19196566145718688,-0.02456086286594761,-0.2651023552718468,-0.054461809377063616,0.08042042703059653,0.05021351529826106,-0.007017389390270746,0.1394541052168171,0.09239709443099274,0.03449262601804975,0.1672639225181598,0.15823024433193925,0.05753246753246753,0.2052542372881356,0.035533788245652655,-0.16983491085186,-0.08065155183799251,-0.2465001100594321,-0.06149680827646929,-0.18688531807175876,-0.23130090248734317,-0.1135130970724191,-0.0710279550957517,-0.050796830288355715,0.06210873871890821,0.2747655734096412,0.1960312568787145,0.12113581333920317,0.10969843715606427,0.06024433193924719,0.10378164208672683,-0.018685890380805634,0.2858551617873652,0.13824345146379044,0.07263482280431433,0.11868368919216377,-0.09955095751705921,-0.04547435615232225,0.20146599163548315,-0.045122165969623595,0.0799471714725952,0.28785384107418005,0.13532467532467532,0.1025445740699978,0.049165749504732556,0.2228417345366498,0.17125687871450584,0.3163482280431433,-0.008313889500330178,0.06547215496368039,-0.13167290336781862,-0.05568346907329958,-0.21995157384987893,-0.18118864186660796
#50,0.30900946511116,0.5961985472154964,0.17148580233325997,0.09315650451243672,0.2520911292097733,0.24661677305745103,0.3432973805855162,0.5940391811578253,1.0,0.4080893682588598,0.46381906229363856,0.17938146599163549,0.00837112040501871,0.2169095311468193,-0.10927801012546776,-0.0950759410081444,0.235049526744442,0.2011996478098173,-0.22900726392251816,-0.022736077481840193,-0.09821483601144618,0.04825005502971605,-0.05594320933303984,-0.016731234866828086,0.1920977327756989,0.0888729914153643,-0.06680387409200969,0.13895443539511337,0.08241470394012766,0.09016949152542372,0.3407418005723091,-0.031565045124367155,0.21679066696015847,0.19703059652212196,-0.020030816640986132,0.05850759410081444,0.16264142637023993,-0.03599163548316091,0.20141536429672022,-0.02282852740479859,0.07330618534008365,-0.16755668060752807,-0.07729694034778781,0.02232445520581114,-0.011721329517939687,0.012333259960378604,0.1695905789126128,0.19123046445080344,-0.20997578692493946,0.07311027955095752,-0.07173893902707462,0.06538410741800572,-0.039381465991635486,0.1921087387189082,0.026506713625357694,0.2834910851860004,-0.3204094210873872,-0.25256658595641646,-0.1562029495927801,-0.5222584195465552,-0.05740699977988114,0.08309267004182258,-0.12198106977767995,-0.08720669161347128,0.1502553378824565,0.22826766453885097,0.13427470834250496,0.1446467092229804,0.14990314769975788,0.16233546114902048,0.38910191503411845,0.2079683028835571,-0.19295399515738498,-0.19901606867708563,-0.23649130530486462,-0.08503852080123267,-0.1995179396874312,-0.22902267224301123,0.09972485141976667,-0.10652872551177636,0.021424169051287696,0.18682368478978648,0.07365617433414044,0.2683645168390931,0.19644508034338543,-0.007213295179396875,0.019465111160026416,0.13633942328857582,-0.04555359894342945,0.14693154303323794,0.15868148800352191,0.04430992736077482,0.055452344265903585,-0.15704820603125688,-0.13709002861545233,0.23935064935064934,-0.10122826326216157,0.14117543473475677,0.3049416685009905,0.06819062293638564,0.05262161567246313,0.11997798811358133,0.16852520360994938,0.21989874532247414,0.2538718908210434,0.07718688091569448,0.12734096412062515,-0.14359454105216818,-0.11322254017169271,-0.2501474796390051,-0.25243451463790445
#51,0.6042174774378164,0.6433017829627999,0.6671560642747083,0.6381664098613251,0.22266123706801672,0.3568082764692934,0.36598283072859344,0.3050561303103676,0.4080893682588598,1.0,0.3041008144397975,0.2733854281311908,0.3171318511996478,-0.033506493506493505,-0.25934404578472375,-0.04056790666960158,0.7771142416905129,0.47606647589698436,-0.17588817961699318,-0.08228043143297381,-0.2914968082764693,0.049918556020250936,0.10956856702619415,0.25324455205811136,0.16123046445080344,0.1829407880255338,0.3017521461589258,0.409768875192604,0.28180497468633064,0.1136187541272287,0.39393132291437377,-0.16632401496808277,0.2117741580453445,0.2733524103015628,-0.16692934184459607,-0.18782742681047765,-0.12855161787365177,-0.14515738498789346,0.08173013427250715,-0.09557340964120625,0.11005502971604667,-0.2579352850539291,-0.4280519480519481,-0.004287915474356152,0.07300682368478979,0.3102377283733216,0.30389170151882017,0.35566585956416463,-0.07038740920096852,0.23165749504732555,0.26684789786484703,0.3679815100154083,0.15428131190843056,0.29145278450363193,0.2360114461809377,0.3906449482720669,-0.5465947611710323,-0.4288135593220339,0.02237508254457407,-0.07666740039621396,-0.27138674884437597,-0.15137574290116662,-0.24409861325115562,-0.10205370900286155,0.49077922077922076,0.474191063174114,-0.3192846136913933,-0.2615892581994277,-0.2087541272287035,-0.176913933524103,0.3480959718247854,0.16033017829628,-0.4008958837772397,0.05718908210433634,-0.6117279330838653,-0.47782962799911954,-0.2964076601364737,-0.24993176315210214,0.14946070878274267,-0.07915914593880695,0.13119744662117544,0.2181399955976227,-0.05067356372441118,0.18952014087607308,0.1075016508914814,-0.2886484701738939,-0.10050627338762932,0.26315430332379486,-0.0072110939907550076,-0.08222099933964341,-0.16009465111160026,-0.17802113141096193,-0.08848778340303765,-0.03879594981289897,-0.1515166189742461,0.3257627118644068,0.27248734316530926,0.5384965881576051,0.5136671802773498,0.40370019810697777,0.43169051287695354,0.44620735197006384,0.1255381906229364,0.5507682148360115,0.2963152102135153,0.32090028615452343,0.17873651771956856,-0.48385428131190844,-0.25840193704600484,-0.21370900286154523,-0.30157384987893465
#52,0.2695003301782963,0.453779440898085,0.2205855161787365,0.14989874532247413,0.28914813999559763,0.12825665859564164,0.23862645828747522,0.5788861985472155,0.46381906229363856,0.3041008144397975,1.0,0.27654413383226945,0.20029936165529386,0.23402157164869028,0.009079903147699757,-0.07964120625137575,0.29314769975786925,0.20855822143957736,-0.045489764472815324,-0.05574730354391371,-0.04250715386308607,0.04024653312788906,0.1750891481399956,0.24022672243011226,0.27793968743121283,0.24922518159806295,-0.03448602245212415,0.05362095531587057,0.17404578472375082,-0.035384107418005725,0.28710983931322914,-0.0624058991855602,0.35596302003081665,0.2801716927140656,0.01061633281972265,-0.026647589698437155,0.38972485141976665,0.13285934404578473,0.29033237948492185,0.1793550517279331,0.1250561303103676,-0.1133083865287255,0.07982170372000881,0.13260840854061193,0.1823530706581554,0.19891041162227602,0.20164648910411623,0.16324014968082765,-0.2646136913933524,-0.13023992956196345,-0.2061501210653753,-0.028608848778340305,-0.0724653312788906,0.20878494386968963,0.14547215496368038,0.3275148580233326,-0.3690380805635043,-0.2818445960818842,-0.18228923618754128,-0.22558001320713186,-0.194521241470394,-0.11699757869249394,-0.04042042703059652,-0.0437574290116663,0.14137574290116664,0.05880915694475017,-0.005214615892581994,0.04825445740699978,0.12150561303103675,0.07541492405899186,0.20254677525863968,0.08314549856922739,-0.1433612150561303,-0.06420647149460709,-0.3193748624257099,-0.30204050187101034,-0.14819502531366938,-0.3138432753686991,0.12292978208232445,-0.056927140655954216,-0.10777019590578912,0.08272947391591459,0.20795949812898964,-0.0840017609509135,0.007697556680607528,-0.08141536429672024,-0.13287915474356152,0.057442218798151,-0.04568346907329958,0.07414263702399296,-0.002229804094210874,-0.16554919656614572,-0.02706581554039181,-0.12994497028395333,-0.13655073739819504,0.27616552938586836,0.10636363636363637,0.1823332599603786,0.3294320933303984,-0.003834470614131631,0.04488883997358574,0.19213955535989435,0.2826986572749285,0.1235791327316751,0.35807175874972486,-0.02219238388729914,0.25122386088487786,-0.32785604226282195,-0.26959498128989656,-0.1966718027734977,-0.21080123266563944
#53,0.36856702619414483,0.247508254457407,0.1454061193044244,0.21021131410961919,0.3670812238608849,0.20435395113361216,0.3174224081003742,0.330066035659256,0.17938146599163549,0.2733854281311908,0.27654413383226945,1.0,0.37885538190622936,-0.061604666519920755,-0.11891701518820164,-0.3735989434294519,0.24261281091789566,-0.05829187761391151,-0.19425049526744442,-0.0698745322474136,-0.2836275588817962,-0.3792031697116443,0.14475456746643187,-0.07006823684789787,0.0774356152322254,-0.11022011886418666,-0.1376007043803654,-0.19727272727272727,0.4967114241690513,0.13644287915474357,0.2187541272287035,-0.14869249394673123,-0.05144618093770636,-0.03159586176535329,-0.09707462029495928,-0.10822804314329738,0.03946511116002641,0.0224851419766674,-0.18149900946511116,-0.026918335901386748,0.023548316090688973,-0.2113713405238829,0.07184679727052608,0.008173013427250716,0.2809421087387189,0.08659476117103236,0.24458287475236629,0.14923178516398855,-0.015870570107858244,0.022029495927801013,0.1776337222099934,0.023171912832929784,-0.15832929782082325,-0.24767114241690513,-0.17411622276029057,-0.23610829848117984,-0.1849306625577812,-0.15807836231565045,0.17764252696456087,-1.981069777679947e-05,0.2027096632181378,0.18332599603786046,0.1356570548095972,0.07186660796830288,-0.11271626678406339,-0.03763152102135153,0.08143957737178076,0.1779572969403478,0.004272507153863086,-0.009326436275588818,-0.02367378384327537,-0.10539511336121506,-0.03440457847237508,0.02663878494386969,-0.18460928901606868,-0.17037420206911733,-0.21555139775478757,-0.055238828967642525,0.34458287475236626,0.025707682148360115,0.21642306845696677,0.34339203169711646,-0.15382566585956417,0.23290336781862206,0.2686484701738939,0.14852080123266564,0.1495509575170592,0.3981003742020691,-0.014668721109399076,0.32635923398635264,0.24040501871010345,0.2269887739379265,0.2071846797270526,0.039480519480519484,0.11028615452344266,0.195874972485142,-0.09338983050847458,0.04467752586396654,-0.01975346687211094,0.21954435395113361,0.08318071758749725,0.27715606427470835,-0.19414924058991856,0.15764252696456085,0.010171692714065596,0.04832049306625578,-0.11192824125027515,0.009680827646929341,-0.03627338762931983,-0.0463086066475897,0.011399955976227163
#54,0.27441998679286816,0.2770636143517499,0.2392339863526304,0.3429694034778781,0.30161347127448823,0.29567906669601585,0.12388069557561084,0.23055910191503412,0.00837112040501871,0.3171318511996478,0.20029936165529386,0.37885538190622936,1.0,0.046097292537970506,-0.04607307946290997,-0.11407440017609509,0.24749944970283955,0.09300902487343166,-0.018296279991195246,0.10981950253136694,-0.2984591679506934,-0.1739489324235087,0.10318732115342284,-0.055245432533568124,0.027270526084085405,-0.03294739159145939,0.027587497248514198,0.054514637904468415,0.26672903367818623,0.21772176975566807,0.03071978868589038,-0.0399603786044464,-0.10677525863966542,0.2625313669381466,-0.1162161567246313,0.09915474356152322,0.03696676205150781,0.12701738939027074,-0.1843319392471935,-0.10633281972265023,0.1061435174994497,-0.14092670041822583,0.050264142637023994,0.10165529385868369,0.26165749504732555,0.12468633061853401,0.381336121505613,0.24949372661237068,-0.09436935945410521,0.13653092670041822,0.149537750385208,0.17955756108298482,-0.24166189742460928,-0.17348888399735857,-0.2620911292097733,-0.1764604886638785,-0.3259300022011886,-0.07713625357693155,0.03103015628439357,-0.06547655734096412,-0.0711071978868589,-0.08134932863746423,0.2380959718247854,0.17472375082544575,0.1745960818842175,0.013130090248734317,0.15249394673123487,0.062722870349989,0.1945740699977988,0.15803653973145498,0.12176755447941888,-0.0005326876513317191,0.005538190622936386,0.122755888179617,-0.18651771956856703,-0.25064714946070876,-0.15770856262381686,-0.18812678846577152,0.1568743121285494,0.0020449042482940786,0.00017829627999119526,0.342062513757429,0.35436715826546333,0.1372243011226062,0.27200088047545673,-0.11016288795949813,-0.062062513757429015,0.14896764252696457,0.10453664979088707,0.14005502971604666,0.1310081443979749,0.11571208452564385,0.21975346687211095,-0.07228703499889941,-0.04558661677305745,0.007591899625797931,0.024677525863966543,0.18081443979749065,0.05795289456306405,0.2268368919216377,0.13655073739819504,0.150033017829628,-0.007541272287034999,0.2117455425930002,-0.12298921417565485,-0.020277349768875193,-0.09005062733876293,-0.24965441338322694,-0.22744662117543474,-0.1806867708562624,-0.11364736957957297
#58,-0.3147875852960599,0.03667400396213955,-0.2194144838212635,-0.11917895663658376,0.06157825225621836,0.061177635923398636,0.26886638784943867,0.20124367158265463,0.2169095311468193,-0.033506493506493505,0.23402157164869028,-0.061604666519920755,0.046097292537970506,1.0,0.05453664979088708,-0.006821483601144618,-0.132326656394453,-0.13279110719788687,-0.11838212634822805,-0.04059211974466212,-0.10833590138674884,-0.13746423068456967,-0.25149900946511117,-0.12178516398855382,-0.15552938586836892,-0.2132577591899626,-0.1490490865067136,-0.0046599163548316095,-0.2884239489324235,-0.131732335461149,-0.04680827646929342,0.0188399735857363,0.006649790887079022,-0.09029495927801012,-0.17468853180717586,0.005593220338983051,-0.05182478538410742,-0.08574290116662998,0.004829407880255338,-0.040066035659256,-0.08394012766894123,-0.036729033678186224,0.12638344706141316,0.09443319392471936,0.20917235307065815,-0.07226062073519701,0.05233546114902047,0.10341184239489325,-0.1272507153863086,-0.06158265463350209,-0.23270526084085405,-0.041111600264142636,-0.157673343605547,-0.020477657935285054,-0.02401716927140656,-0.11646268985252035,-0.0764142637023993,-0.04796169931763152,-0.1471912832929782,0.03088267664538851,0.05198327096632181,0.06947611710323574,0.2533810257539071,0.1687079022672243,0.07187761391151222,-0.280033017829628,0.4938058551617874,0.4384833810257539,0.19633722209993396,0.11187761391151221,0.20525643847677746,-0.02896764252696456,0.1988663878494387,0.1261831388950033,0.16084305524983492,-0.010195905789126129,0.24494607087827427,-0.019121725731895224,0.025166189742460928,-0.21594981289896545,-0.1293792648029936,-0.16901606867708563,0.12019370460048426,0.05142637023992956,0.02358133392031697,0.2318776139115122,0.07289016068677086,-0.24210433634162448,-0.20596302003081665,0.13148580233325996,0.07675764913053049,0.07087387189082105,-0.06097952894563064,0.0027558881796169933,0.04404578472375083,-0.06726612370680167,-0.34492846136913935,-0.16525203609949374,0.029526744441998678,-0.1062227602905569,-0.1307043803653973,-0.25028615452344266,-0.14171692714065595,-0.20178296279991195,0.08073299581774158,-0.07448382126348228,0.05513757429011666,0.05214395773717807,0.032753686990975125,0.08278890600924499,0.12503191723530707
#101,-0.28403257759189965,-0.2857274928461369,-0.4677988113581334,-0.13759630200308168,-0.13952234206471495,-0.14093990755007704,-0.11321813779440898,-0.13437376183138894,-0.10927801012546776,-0.25934404578472375,0.009079903147699757,-0.11891701518820164,-0.04607307946290997,0.05453664979088708,1.0,0.5378912612810918,-0.42066475896984373,-0.5528945630640546,0.26940347787805413,0.2987079022672243,0.60508254457407,0.2382522562183579,0.007061413163108078,-0.049361655293858685,-0.014202069117323355,0.06048206031256879,-0.3159432093330398,-0.36089368258859783,-0.29570768214836013,-0.11583975346687211,-0.6177151661897424,0.08725731895223421,-0.3179440898084966,-0.04364296720228924,0.24314549856922738,0.16600264142637025,0.31064274708342504,0.46322694254897645,0.28470173893902706,0.3963812458727713,-0.10484261501210654,0.3386946951353731,0.5132203389830509,0.3993352410301563,-0.05291657495047326,0.09734756768655074,-0.21933964340744003,-0.21550957517059213,-0.4593088267664539,-0.27844816200748407,-0.5656614571868809,-0.40924499229583977,-0.34670702179176754,-0.09505833149900947,0.16292097732775698,0.007576491305304865,0.35725291657495045,0.4951133612150561,-0.3686352630420427,-0.2778076161127009,-0.2798833370019811,-0.38203609949372663,0.4721307506053269,0.43818401937046003,-0.42740479859123925,-0.387475236627779,0.2672991415364297,0.1564340744001761,0.40719348448162007,0.4547655734096412,-0.10128329297820823,-0.14285053929121727,0.41271186440677965,-0.07042703059652212,0.28894783182918776,0.006141316310807836,0.2017785604226282,-0.22976667400396214,-0.16217917675544793,-0.08631521021351529,0.14024433193924718,0.06226722430112261,0.08650451243671582,-0.09955095751705921,0.0018291877613911512,-0.3067202289236188,-0.3300352190182699,-0.03211974466211754,-0.009392471934844816,0.11030816640986132,0.04327096632181378,-0.14143957737178076,0.015421527624917455,-0.3966035659255998,-0.25092670041822585,-0.18850099053488883,-0.04351529826106097,-0.45589478318291876,-0.3493858683689192,-0.6266960158485583,-0.6407814219678627,-0.5652718467972705,-0.23359674224081003,-0.4407682148360115,-0.3907395993836672,-0.5283623156504512,-0.369372661237068,-0.13418445960818842,0.013519700638344706,-0.2870658155403918,-0.2552212194585076
#102,-0.138036539731455,-0.17643627558881797,-0.17157825225621837,0.0006339423288575831,-0.35324675324675325,-0.16854061193044245,-0.14124807395993838,-0.10333700198106978,-0.0950759410081444,-0.04056790666960158,-0.07964120625137575,-0.3735989434294519,-0.11407440017609509,-0.006821483601144618,0.5378912612810918,1.0,-0.1184437596302003,-0.1418445960818842,0.2484305524983491,0.3825401716927141,0.27013647369579574,0.4537552278230244,-0.2711996478098173,-0.0716024653312789,-0.34909971384547656,-0.02465331278890601,-0.10046004842615013,-0.0710147479639005,-0.3169997798811358,-0.009165749504732555,-0.29823024433193923,0.04833149900946511,-0.18920316971164428,-0.02097952894563064,0.2115232225401717,0.08551617873651772,0.0710609729253797,0.4048051948051948,0.12066916134712745,0.0713581333920317,-0.15332379484921857,0.36703059652212194,0.10654413383226942,0.3976469293418446,-0.28425489764472817,0.03959718247853841,-0.13623156504512438,-0.15611270085846357,-0.27214175654853623,-0.046156724631300904,-0.1703279771076381,-0.1279176755447942,-0.12059432093330398,0.15191503411842394,0.12695355491965662,0.22660576711424169,0.056209553158705704,0.39782302443319395,-0.23316090688972044,-0.22888399735857362,-0.38526304204270306,-0.45557340964120624,0.08134932863746423,0.1149966982170372,-0.05627999119524543,0.035558001320713184,-0.015538190622936385,-0.12359894342945191,0.22180497468633062,0.3825797930882677,0.14524983491085186,0.07432533568126788,0.24818842174774378,0.018192824125027516,0.07158485582214395,-0.11845256438476777,0.2494144838212635,-0.2358067356372441,-0.4659784283513097,-0.059828307285934405,0.004536649790887079,-0.25072198987453226,-0.05594320933303984,-0.1278582434514638,-0.20360334580673564,-0.368036539731455,-0.333845476557341,-0.216748844375963,-0.08068016729033678,-0.18548095971824785,-0.4346489104116223,-0.4307968302883557,-0.28860664758969845,-0.33191503411842394,-0.35339423288575833,-0.23597182478538412,0.13202509355051728,-0.11559101915034119,-0.12379925159586176,-0.37596962359674224,-0.3181796169931763,-0.3522011886418666,-0.1718379925159586,-0.13055690072639226,-0.18075941008144397,-0.26284613691393355,-0.28469073299581776,-0.27399075500770415,-0.10471494607087828,-0.20783182918776139,-0.2770878274268105
#201,0.6967708562623817,0.5722408100374202,0.8475478758529607,0.6924719348448162,0.13308166409861324,0.1824389170151882,0.28996257979308826,0.25340523882896765,0.235049526744442,0.7771142416905129,0.29314769975786925,0.24261281091789566,0.24749944970283955,-0.132326656394453,-0.42066475896984373,-0.1184437596302003,1.0,0.5985692273827867,-0.12934404578472375,-0.07817521461589258,-0.2915870570107858,0.06447721769755668,0.16902707462029495,0.20211314109619194,0.11220999339643407,0.1387211093990755,0.41438036539731454,0.45798591239269204,0.42046445080343386,0.06748404138234647,0.5302267224301123,-0.15456526524323133,0.3589258199427691,0.32118203830068237,-0.1712194585075941,-0.24444640105657056,-0.061276689412282634,-0.14017609509134932,0.09429451904028176,-0.15243451463790447,0.09086726832489544,-0.2800858463570328,-0.4074576271186441,-0.04469953775038521,-0.028232445520581115,0.17220559101915034,0.47607307946291,0.5095883777239709,0.11696015848558221,0.2676645388509795,0.38154303323794847,0.4218908210433634,0.2406009244992296,0.21005723090468853,0.2026502311248074,0.40968082764692937,-0.590345586616773,-0.5155469953775038,0.053376623376623376,-0.09524103015628439,-0.2854303323794849,-0.12567246313009026,-0.4242174774378164,-0.24679727052608408,0.5572485141976667,0.5674180057230904,-0.43728813559322033,-0.3054105216817081,-0.17931983270966323,-0.16640325775918996,0.4248139995597623,0.3446180937706361,-0.4313185119964781,-0.017030596522121945,-0.6346290997138455,-0.36034778780541493,-0.36668941228263263,-0.23530266343825665,0.1637376183138895,-0.028073959938366717,-0.10123706801672903,0.03462689852520361,-0.01992295839753467,-0.028120184899845916,0.00865727492846137,-0.36201408760730797,-0.09702399295619635,0.2330244331939247,-0.060748404138234645,-0.1088135593220339,-0.2823816861104997,-0.23463790446841296,-0.17340303764032577,-0.047712965001100595,-0.17780101254677527,0.4098151001540832,0.30057451023552717,0.6625797930882676,0.5361038961038961,0.5652630420427031,0.6822055910191503,0.6026612370680168,0.23971164428791547,0.6792956196346027,0.43312128549416684,0.5216552938586837,0.3558595641646489,-0.4514285714285714,-0.31681928241250273,-0.25206031256878714,-0.3470327977107638
