,#10,#11,#12,#13,#17,#18,#26,#49,#50,#51,#52,#53,#54,#58,#101,#102,#201,#202,#301,#302,#401,#402,#501,#502,#601,#602,#701,#702,#801,#802,#901,#902,#1001,#1002,#1101,#1102,#1201,#1202,#1301,#1302,#1401,#1402,#1501,#1502,#1601,#1602,#1701,#1702,#1801,#1802,#1901,#1902,#2001,#2002,#2101,#2102,#2201,#2202,#2301,#2302,#2401,#2402,#2501,#2502,#2601,#2602,#2701,#2702,#2801,#2802,#2901,#2902,#3001,#3002,#3101,#3102,#3201,#3202,#3301,#3302,#3401,#3402,#3455,#3501,#3502,#3601,#3602,#3701,#3702,#3801,#3802,#3901,#3902,#4001,#4002,#4101,#4102,#4201,#4202,#4301,#4302,#4401,#4402,#4501,#4502,#4601,#4602,#4701,#4702,#4801,#4802
#10,1.0,0.49472154963680387,0.5848117983711204,0.5326524323134493,0.056324014968082765,0.04822804314329738,0.06594320933303985,0.49310587717367377,0.007580893682588598,0.5227448822364077,0.3799295619634603,-0.15510675764913054,-0.044950473255558,0.046627779000660355,-0.013755227823024433,0.28718027734976886,0.41207131851199646,0.26724191063174113,0.16237508254457406,0.39948712304644507,0.02026634382566586,0.30241470394012765,0.22170372000880476,0.04307285934404578,0.10209553158705702,0.13663218137794408,-0.058668280871670704,-0.04436055469953775,-0.3049438696896324,-0.2112062513757429,-0.22674664318732116,-0.17224961479198767,-0.09982390490865067,-0.13402817521461588,-0.16268545014307725,-0.07959278010125467,0.05890160686770856,0.05321153422848338,-0.028228043143297382,0.035901386748844376,-0.1150429231785164,-0.02295399515738499,-0.2311204050187101,-0.13561303103675984,-0.46607528065155185,-0.047327756988773936,-0.23032797710763814,-0.20440017609509134,-0.36217257318952234,-0.38265243231344925,-0.08729033678186221,0.010574510235527185,-0.020033017829628,0.27425489764472816,0.09323354611490205,0.2974025974025974,-0.09286814880035218,0.06953995157384987,-0.1921417565485362,-0.21161787365177195,-0.1429848117983711,-0.014776579352850538,-0.0735659255998239,-0.27971384547655737,0.24110279550957517,0.3409685230024213,-0.2912656834690733,-0.02423728813559322,0.1856702619414484,0.18263922518159806,0.17938366718027735,0.3890777019590579,-0.017296940347787806,0.13121505613031037,-0.013946731234866828,0.07072639225181598,-0.20148800352190183,-0.3919678626458287,-0.010576711424169051,0.11515738498789346,-0.2838564825005503,-0.33281091789566364,0.041382346467092226,-0.01314109619194365,0.02486022452124147,-0.2805084745762712,-0.11410301562843936,-0.24865287255117763,0.010468853180717587,-0.13937706361435176,0.08325555800132071,-0.3684723750825446,-0.16446841294298922,-0.14513757429011667,-0.0651419766674004,0.19637904468412942,0.44856702619414485,0.2002047105436936,0.15763592339863527,-0.053772837332159366,-0.14767774598283073,0.10343605546995377,-0.32938366718027734,0.17477437816420868,-0.08611930442438917,-0.08661016949152542,-0.2111005943209333,-0.24544353951133613,-0.058529605987233106,0.0030794629099713845,-0.12562623816861104
#11,0.49472154963680387,1.0,0.6668038740920097,0.4799889940567907,0.12050847457627119,0.19165309267004182,0.35584855822143957,0.3528373321593661,0.29325335681267883,0.5246599163548316,0.510314769975787,-0.01391371340523883,-0.049183359013867486,0.1013119084305525,0.0386286594761171,0.3682324455205811,0.33048646268985254,0.33836011446180936,0.28653092670041824,0.28428791547435617,-0.01562623816861105,0.3409421087387189,0.1355249834910852,-0.0014461809377063614,0.07365397314549857,-0.006057671142416905,-0.043937926480299365,-0.034424389170151885,-0.08672683248954435,-0.01811138014527845,-0.20713405238828966,-0.09304204270305966,-0.2020250935505173,-0.21155844155844156,-0.1646951353731015,-0.05683248954435395,0.04448162007484041,-0.09378604446401057,0.02511336121505613,-0.11248073959938366,-0.2107175874972485,0.1689588377723971,-0.03583535108958838,-0.027336561743341405,-0.1706009244992296,0.042727272727272725,-0.2101915034118424,-0.2690865067136254,-0.34897644728153204,-0.3365529385868369,-0.11424169051287696,-0.026059872331058772,-0.02359674224081004,0.27772397094430995,0.07069557561082984,0.18816200748404138,-0.25906009244992295,-0.03249614791987673,-0.23050627338762933,-0.1542460928901607,-0.3423992956196346,-0.14776139115122167,-0.06959938366718028,-0.1671054369359454,0.29148800352190185,0.3645762711864407,-0.1604006163328197,0.038263262161567245,0.21334360554699539,0.13609949372661237,0.3237574290116663,0.3963240149680828,-0.07866607968302884,0.1278516398855382,-0.06112260620735197,-0.04768214836011446,-0.28293418445960816,-0.19697336561743342,0.19934624697336562,0.07284833810257539,-0.25848778340303763,-0.19337001981069776,-0.07713405238828967,0.05900506273387629,-0.06688531807175875,-0.3664494827206692,-0.21278670482060313,-0.05488663878494387,0.035734096412062516,0.0198877393792648,0.17089808496588157,-0.2530134272507154,-0.016198547215496368,-0.11849878934624697,-0.10056130310367599,0.10907550077041603,0.30959498128989654,0.15937706361435175,0.22467092229804095,0.041807175874972485,-0.007532467532467533,0.10087387189082105,-0.20267444419986794,0.167739379264803,-0.001060972925379705,-0.15487783403037642,-0.20483381025753908,-0.35558441558441556,-0.04931102795509575,-0.13208672683248954,-0.23949812898965442
#12,0.5848117983711204,0.6668038740920097,1.0,0.7274047985912393,0.16771076381245872,0.40790666960158484,0.20643407440017608,0.28203389830508474,0.03785163988553819,0.608943429451904,0.4117521461589258,-0.03346467092229804,0.11800132071318511,0.04173453664979089,-0.09531366938146599,0.26835571208452563,0.6623046445080344,0.577856042262822,0.1764736957957297,0.18194805194805194,-0.04143517499449703,0.3537310147479639,0.19731895223420648,0.08523222540171693,0.058093770636143516,-0.005357693154303324,0.13914813999559764,0.04406339423288576,-0.09443979749064495,-0.07109619194364956,-0.04634382566585957,-0.08141096191943649,-0.07793748624257099,-0.11950033017829628,-0.1851221659696236,-0.12881135813339203,-0.11184899845916794,-0.21187981510015408,0.05331719128329298,-0.30110499669821705,-0.1922804314329738,0.0810213515298261,-0.20207351970063833,-0.1961963460268545,-0.22302443319392473,0.0660906889720449,-0.21668060752806514,-0.24345806735637243,-0.22432093330398414,-0.31179396874312126,0.11042703059652212,0.19396434074400176,0.22044904248294078,0.49359674224081,0.17397974906449482,0.2590006603565926,-0.14513757429011667,-0.13072198987453224,-0.18109178956636585,-0.33036759850319175,-0.2691019150341184,-0.05755007704160246,-0.21745982830728594,-0.36203389830508476,0.45368919216376846,0.25464230684569666,-0.29181157825225623,-0.05423508694695135,0.22385868368919215,0.06908210433634163,0.29285053929121724,0.6213889500330179,-0.1906119304424389,0.13832709663218137,-0.15605987233105878,-0.1256966762051508,-0.2982214395773718,-0.21463350209112922,0.13825005502971605,-0.059960378604446404,-0.28070658155403916,-0.14437376183138895,-0.07745102355271846,0.2373563724411182,-0.04853180717587497,-0.28514637904468415,-0.03559982390490865,-0.10504512436715827,0.13349548756328417,0.11875192604006163,0.010647149460708783,-0.12994276909531147,0.0049262601804974685,-0.12587717367378384,-0.0018071758749724851,0.3700374202069117,0.27195245432533566,0.3459542152762492,0.25894122826326216,0.13306185340083646,0.07665639445300462,0.3474114021571649,-0.09443759630200309,0.3377922077922078,0.12459608188421747,0.005447941888619854,-0.16029495927801013,-0.27531587057010787,-0.13803874092009685,-0.16350649350649352,-0.22316090688972046
#13,0.5326524323134493,0.4799889940567907,0.7274047985912393,1.0,0.09745102355271847,0.23762271626678405,0.047827426810477656,0.18766013647369578,-0.08477437816420867,0.6642681047765794,0.3297600704380365,-0.09459828307285935,0.1771384547655734,0.04580453444860225,-0.15971824785384106,0.046310807836231566,0.7102751485802333,0.38428791547435615,0.03548976447281532,0.08204710543693594,-0.07701298701298702,0.1571846797270526,0.265379705040722,-0.05030816640986133,0.013055249834910852,-0.13776359233986352,0.18607528065155185,0.0024961479198767336,-0.2556702619414484,-0.22025533788245652,0.024712744882236407,0.03535989434294519,0.11356812678846577,-0.1467312348668281,-0.07744662117543473,-0.18130970724191064,-0.11610609729253797,-0.27139335241030155,0.11964120625137574,-0.3933281972265023,-0.08362095531587058,0.06963020030816641,-0.26297600704380364,-0.3139687431212855,-0.04692493946731235,0.03930002201188642,-0.06212414703940128,-0.09467752586396654,-0.10802993616552939,-0.1595311468192824,0.06840854061193044,0.12367598503191723,0.1780893682588598,0.32668721109399074,-0.008564825005502971,0.18633281972265023,-0.04105877173673784,-0.1997094430992736,-0.07905789126128109,-0.36738058551617875,-0.12138234646709223,0.07300682368478979,-0.3461457186880916,-0.4220713185119965,0.3638146599163548,0.08814219678626459,-0.376436275588818,-0.050471054369359454,0.04362095531587057,-0.07266784063394233,0.05803433854281312,0.2868567026194145,-0.1258199427690953,0.23402817521461589,-0.028219238388729913,-0.11956856702619414,-0.14083645168390932,-0.1537376183138895,0.05156504512436716,-0.20436935945410523,-0.43232885758309486,-0.25284613691393354,0.05309487123046445,0.18464891041162226,0.05719128329297821,-0.03472815320272948,0.10181377944089809,-0.19761831388950032,0.012659035879374862,0.029988994056790667,0.01699537750385208,0.011703720008804755,-0.0019942769095311467,0.01774818401937046,0.05222540171692714,0.3444574069997799,0.06428131190843055,0.35382566585956415,0.3180233325996038,0.1026832489544354,0.08351749944970284,0.3531961259079903,0.0363086066475897,0.43276469293418446,0.06896103896103896,0.04059211974466212,-0.015681267884657714,-0.07424169051287695,-0.04703720008804754,-0.011895223420647149,-0.11020911292097733
#17,0.056324014968082765,0.12050847457627119,0.16771076381245872,0.09745102355271847,1.0,0.28952234206471494,0.1088663878494387,0.06581774158045345,0.06237508254457407,0.17186440677966103,-0.15656174334140435,0.3848162007484041,0.3185692273827867,0.025480959718247854,-0.25640105657054807,-0.10419546555139775,0.2202509355051728,0.16081223860884877,-0.09064935064935065,-0.11007704160246533,-0.27939027074620293,-0.2505304864626898,-0.05282852740479859,-0.1037112040501871,-0.25225841954655515,-0.2585119964780982,0.13360994937266124,-0.04926040061633282,0.17418445960818843,0.15465551397754787,0.176913933524103,0.19107858243451464,0.10054589478318292,0.010541492405899185,-0.1341712524763372,0.12793308386528726,-0.062300242130750604,-0.005564604886638785,-0.14957957296940347,-0.12056790666960158,-0.08451683909311028,-0.27307506053268765,-0.0751419766674004,0.028395333480079242,0.037499449702839534,-0.11316971164428792,0.09694915254237288,-0.017541272287035,0.02008364516839093,-0.06085626238168611,-0.022962799911952454,-0.10115562403697997,-0.109900946511116,-0.032989214175654855,-0.12927360774818403,-0.19192163768434956,-0.23250715386308607,-0.24898305084745762,0.0039731454985692275,-0.05705260840854061,-0.027387189082104337,0.03320933303984151,0.16077261721329517,0.07760730794629099,0.054151441778560426,0.04782082324455206,0.14667840633942328,0.11263482280431433,-0.04628439357252916,-0.12168170812238609,0.1400792427911072,0.19695135373101474,0.017070217917675545,0.19941448382126348,-0.10312348668280871,-0.07544133832269426,-0.13425709883337003,-0.08021351529826107,0.1875676865507374,0.056101694915254234,0.17411842394893243,0.17586836891921637,-0.20790226722430113,0.22914593880695575,0.41547435615232226,0.04104776579352851,0.14307065815540393,0.19041162227602906,-0.28925819942769093,0.3063680387409201,0.2549526744441999,0.08488223640766014,-0.0020867268324895444,0.06607528065155184,0.10213075060532688,0.08461589258199427,-0.04905789126128109,0.09321593660576712,-0.03273387629319833,0.1538168611049967,0.0638828967642527,0.28939907550077043,0.27890380805635046,-0.04565485362095532,0.19345146379044684,0.0020471054369359453,-0.06149900946511116,0.038010125467752585,0.04138895003301783,0.01898965441338323,0.00938366718027735
#18,0.04822804314329738,0.19165309267004182,0.40790666960158484,0.23762271626678405,0.28952234206471494,1.0,0.07795729694034778,-0.23438696896324016,0.06315650451243672,0.07959057891261281,0.14135373101474796,0.3469271406559542,0.2552080123266564,0.07978428351309708,-0.16529826106097292,0.1985296059872331,0.2332621615672463,0.27312788906009244,0.18625137574290115,0.0659850319172353,-0.20367378384327536,0.11275368699097513,0.010642747083425049,0.13167510455646048,-0.1878252256218358,-0.02814880035219018,0.11798811358133392,0.2009817301342725,0.4381267884657715,0.21006383447061414,0.09437156064274708,0.19985692273827868,0.05358793748624257,0.11310587717367378,-0.005208012326656394,0.3051551837992516,-0.003999559762271627,-0.08299361655293859,0.09571648690292758,-0.05335241030156285,-0.26338542813119087,0.019425489764472816,0.21163768434954874,0.014475016508914813,0.1336385648250055,0.1557605106757649,0.00789786484701739,-0.022987012987012986,-0.10601804974686331,-0.12741800572309048,0.02985031917235307,0.20520360994937267,0.04543033237948492,0.2855712084525644,-0.15366718027734977,0.1952542372881356,-0.3355139775478759,-0.09369139335241031,-0.06981289896544134,-0.035780321373541715,-0.1696830288355712,-0.05380585516178737,-0.08908650671362536,0.05642306845696676,0.2609024873431653,0.027186880915694475,-0.15978428351309706,0.08571428571428572,0.18379484921857803,-0.05858683689192164,0.1679176755447942,0.10227162667840634,-0.2181135813339203,-0.08421527624917455,-0.33939687431212856,-0.3100572309046885,-0.3199911952454325,-0.18188421747743783,0.1016618974246093,0.29374862425709886,-0.3408760730794629,0.27285714285714285,-0.18331939247193485,0.469126128109179,-0.02832489544353951,-0.07540171692714065,0.04932863746423068,0.17188861985472154,-0.06180717587497248,0.4568831168831169,0.07857142857142857,0.15538190622936385,0.09584195465551398,-0.10821263482280431,-0.024391371340523882,0.23828967642526966,0.16953775038520802,0.2189390270746203,0.2645146379044684,0.03143517499449703,0.13430772617213296,0.3287981510015408,0.15014087607307947,0.18843495487563283,0.06145278450363196,0.1761171032357473,0.12652432313449263,-0.09851419766674004,0.09450803433854281,-0.23055029716046666,-0.17840193704600485
#26,0.06594320933303985,0.35584855822143957,0.20643407440017608,0.047827426810477656,0.1088663878494387,0.07795729694034778,1.0,0.22469513537310148,0.25398415144177855,0.2542042703059652,0.16697776799471714,0.08648910411622276,-0.03278010125467753,0.2636979969183359,0.08856702619414483,0.12868589038080563,0.07039181157825225,-0.008602245212414704,0.16144177856042263,0.06384767774598284,-0.02534888839973586,-0.013429451904028175,-0.009733656174334141,-0.09351970063834471,0.010818842174774378,-0.09602245212414703,-0.10035879374862426,-0.12204710543693595,-0.026975566806075282,0.032949592780101254,-0.18429231785163988,-0.02656614571868809,-0.22344706141316312,-0.034265903587937484,-0.07534668721109399,0.27552718467972703,-0.014822804314329738,0.05713845476557341,-0.1605260840854061,-0.17938146599163549,0.05709002861545234,0.16550737398195026,-0.034758969843715605,0.11244331939247193,0.0005723090468853181,-0.031490204710543694,-0.13519920757208892,-0.11186880915694475,-0.16929561963460268,-0.16062513757429012,-0.0987805414924059,-0.1551287695355492,-0.11259520140876073,-0.03812678846577151,0.04372881355932203,-0.1126766453885098,-0.04843935725291657,0.04493506493506493,-0.13246753246753246,0.09751265683469074,-0.17692714065595422,-0.1301386748844376,0.08493946731234867,0.005985031917235307,0.13217477437816422,0.2787673343605547,0.17153863086066476,0.2585736297600704,0.08228043143297381,0.23655073739819502,0.24559762271626678,0.2192626018049747,0.012678846577151662,0.08174994497028396,-0.03164648910411622,-0.07969403477878054,-0.20901606867708564,-0.09442438917015188,0.10589698437156064,0.010316971164428791,-0.04682588597842835,0.02836451683909311,0.06569227382786705,-0.03813339203169712,0.011437376183138896,-0.1492692053709003,-0.04445740699977988,-0.021864406779661016,-0.18208672683248955,-0.15417565485362095,0.06314549856922738,-0.1505921197446621,0.011655293858683689,-0.10688091569447501,-0.1724719348448162,-0.03531146819282412,0.05856262381686111,-0.0887541272287035,0.11047985912392692,0.026464891041162227,-0.06355051727933084,-0.05251375742901167,0.024998899405679068,0.04190402817521462,-0.08821263482280431,-0.2246995377503852,-0.23912172573189522,-0.23996478098173013,-0.05339863526304204,-0.011547435615232226,-0.0006097292537970504
#49,0.49310587717367377,0.3528373321593661,0.28203389830508474,0.18766013647369578,0.06581774158045345,-0.23438696896324016,0.22469513537310148,1.0,0.25812678846577153,0.44294519040281755,0.3296896324014968,-0.23552718467972705,-0.05275808936825886,0.3266365837552278,0.30637244111820383,0.1843121285494167,0.20083204930662557,0.0811468192824125,0.32256658595641646,0.21313449262601805,0.2324851419766674,0.03212854941668501,0.1816486902927581,-0.09115562403697997,0.2138564825005503,0.039966982170372,0.029949372661237067,0.0275214615892582,-0.205313669381466,0.08190402817521461,-0.3944750165089148,-0.18531366938146598,-0.41312788906009246,-0.25920757208892803,-0.30077922077922076,0.04471274488223641,0.025681267884657716,0.12104336341624478,-0.16039841514417785,-0.03163768434954876,-0.027726172132951792,0.09705040721989874,-0.08090468853180717,0.04888179616993176,-0.2715364296720229,-0.14003081664098613,-0.23693814659916354,-0.15039621395553598,-0.1758331499009465,-0.21689412282632622,-0.17675324675324675,-0.10558661677305745,-0.07236407660136474,0.09415364296720229,0.18079903147699758,0.07173453664979089,-0.010596522121945852,0.007660136473695796,-0.3761082984811798,-0.3840677966101695,-0.25976007043803656,-0.19394673123486683,0.1799075500770416,-0.05822804314329738,0.2076271186440678,0.28547875852960597,0.16226502311248073,-0.010917895663658375,0.33760290556900724,0.19925819942769096,0.5214439797490645,0.4020559101915034,0.3050363196125908,0.21269425489764474,0.07673123486682809,0.02532907770195906,-0.22777679947171472,-0.3059718247853841,0.272920977327757,0.019777679947171473,0.26517279330838656,-0.11937706361435176,0.32990975126568345,-0.14417565485362097,0.1320977327756989,-0.3431785163988554,-0.3959982390490865,-0.28103896103896103,-0.03966101694915254,-0.4490512876953555,-0.06343825665859563,-0.48759850319172354,-0.43041822584195466,-0.3630574510235527,-0.3330112260620735,-0.059933964340744,0.16900066035659256,-0.10599603786044463,-0.0687409200968523,-0.08946951353731014,-0.17729914153642967,-0.18320052828527406,-0.3403764032577592,-0.20813339203169712,-0.22427911071978868,-0.2835197006383447,-0.3175016508914814,-0.26808936825885976,-0.08904248294078802,-0.19235747303543912,-0.2977812018489985
#50,0.007580893682588598,0.29325335681267883,0.03785163988553819,-0.08477437816420867,0.06237508254457407,0.06315650451243672,0.25398415144177855,0.25812678846577153,1.0,-0.014541052168170813,0.42486902927580894,0.20296279991195246,0.047948492185780324,0.4625313669381466,0.2114968082764693,-0.11138014527845036,-0.08906449482720669,-0.17847237508254457,0.09039841514417786,-0.1211600264142637,0.07411182038300683,-0.27658815760510674,-0.006053268765133172,-0.06593220338983051,0.0634074400176095,-0.15559982390490865,-0.09115562403697997,-0.23714946070878273,0.20400396213955535,0.10594761171032357,-0.20147479639005061,0.06682808716707021,-0.1632753686990975,-0.09219678626458287,-0.22970724191063174,0.15388069557561082,-0.046238168611049964,-0.07952894563064054,-0.12679286814880036,-0.058179616993176315,-0.0975874972485142,-0.024265903587937485,0.18002201188641867,-0.06496588157605107,0.19916354831609068,-0.0820559101915034,-0.08025313669381466,-0.13649790887079022,-0.1210411622276029,-0.08154083204930662,-0.1828527404798591,-0.24005502971604667,-0.16971824785384107,-0.29016729033678185,-0.03800132071318512,-0.33164869029275806,-0.09399295619634603,-0.226649790887079,-0.039255998239049086,0.12355491965661457,-0.07991195245432534,-0.09664098613251156,0.19823684789786486,0.031769755668060756,-0.14195685670261943,0.11450143077261721,0.4428021131410962,0.008721109399075501,0.10707021791767554,-0.005531587057010786,0.3189456306405459,-0.006183138895003302,0.09792427911071978,-0.02676865507373982,-0.04479639005062734,-0.16913713405238828,-0.19278670482060312,-0.06346467092229804,0.43735197006383447,0.041749944970283955,0.1173563724411182,0.003984151441778561,0.06865067136253578,0.08839973585736298,0.13399075500770416,-0.031254677525863965,-0.23718467972705262,0.04024873431653093,0.04996257979308827,-0.05800572309046885,0.12075500770416024,0.06113141096191944,-0.03705480959718248,-0.08949372661237068,-0.061380145278450364,-0.21139335241030155,-0.12538410741800574,-0.12366718027734977,-0.03981730134272507,0.07418666079683028,-0.20333259960378605,-0.145214615892582,-0.0763152102135153,-0.14469953775038522,-0.18401276689412283,-0.11422628219238389,-0.08203609949372662,-0.0966982170372001,-0.02939027074620295,-0.020255337882456526,0.06961919436495707
#51,0.5227448822364077,0.5246599163548316,0.608943429451904,0.6642681047765794,0.17186440677966103,0.07959057891261281,0.2542042703059652,0.44294519040281755,-0.014541052168170813,1.0,0.40067576491305307,-0.05414924058991855,0.1942593000220119,0.24200088047545676,0.0599801893022232,0.18634602685450144,0.5354941668500991,0.24153642967202288,0.20606427470834252,0.08857803213735417,0.05935505172793308,0.19000220118864186,0.2328417345366498,-0.1022077922077922,0.20378604446401058,-0.05373541712524763,0.09937706361435175,-0.04098393132291438,-0.08693154303323795,0.046770856262381685,-0.16155403918115782,-0.03403257759189963,-0.13836011446180937,-0.2315562403697997,-0.052027294739159145,-0.03629099713845477,0.11117543473475677,-0.14296940347787807,0.16042042703059653,-0.20486902927580894,-0.037924279110719786,0.14132731675104557,-0.22894342945190402,-0.10926480299361656,-0.1281421967862646,0.08852740479859124,-0.19269205370900286,-0.22336561743341404,-0.1088069557561083,-0.2849790887079023,-0.08803874092009685,-0.0840347787805415,0.07127008584635704,0.21756328417345366,0.14075280651551839,0.1400396213955536,-0.09782302443319392,-0.18950473255558,-0.2165265243231345,-0.3489126128109179,-0.23659255998239048,-0.011197446621175436,0.003981950253136694,-0.29382566585956416,0.3608474576271186,0.13548536209553158,-0.13032797710763813,0.14158485582214395,0.16809817301342725,0.004499229583975347,0.1908364516839093,0.42011446180937706,-0.0958793748624257,0.09852520360994937,-0.07464891041162228,-0.18811138014527845,-0.2757142857142857,-0.2058265463350209,0.30163768434954874,-0.026960158485582215,-0.16814219678626457,-0.24876293198327096,0.15950693374422187,0.04252916574950473,0.006680607528065155,-0.27202289236187543,-0.10311908430552498,-0.16734316530926702,-0.03812678846577151,-0.11174334140435835,0.05907990314769976,-0.17811358133392033,0.013845476557340964,-0.10624036979969183,-0.0003587937486242571,0.17585736297600704,0.14794408980849658,0.14029275808936825,0.18274268104776578,0.02887739379264803,-0.07110499669821704,0.13127889060092449,-0.10898525203609949,0.12866387849438696,-0.03300242130750605,-0.14880255337882456,-0.17358793748624257,-0.2575808936825886,-0.21646929341844595,-0.05436935945410522,-0.14461809377063614
#52,0.3799295619634603,0.510314769975787,0.4117521461589258,0.3297600704380365,-0.15656174334140435,0.14135373101474796,0.16697776799471714,0.3296896324014968,0.42486902927580894,0.40067576491305307,1.0,0.010592119744662117,0.019255998239049086,0.32613471274488226,0.2162755888179617,0.27938366718027735,0.22865947611710324,0.02386088487783403,0.15164428791547435,0.11063174114021572,0.1958661677305745,0.15453885097952894,0.11821043363416245,0.14119744662117542,0.1864736957957297,0.24595641646489105,-0.04736517719568567,-0.08135152982610609,-0.052557781201849,-0.20333920316971166,-0.289933964340744,-0.18756328417345366,-0.22032357473035438,-0.1425841954655514,-0.3337376183138895,0.06323134492626017,0.052216596962359675,-0.02709883337001981,0.08021571648690293,0.1221681708122386,-0.17504732555580013,0.23049306625577812,-0.06807395993836672,-0.22395993836671801,0.13693374422187982,0.24909971384547655,-0.17456966762051507,-0.28523662777900066,-0.19691393352410302,-0.3806009244992296,-0.21511776359233986,-0.15357032797710765,-0.11484041382346467,-0.07888839973585736,0.19406559542152763,0.12089368258859784,-0.022086726832489544,0.1087475236627779,-0.2299273607748184,-0.08095091349328637,-0.3106119304424389,-0.1159057891261281,0.042824125027514856,-0.08778780541492406,0.17650231124807397,0.1134932863746423,-0.14357032797710764,-0.10403477878054149,0.2538300682368479,0.1687541272287035,0.20767554479418887,0.2125974025974026,0.013178516398855382,-0.06298481179837112,0.020352190182698657,-0.021457186880915694,-0.15521901826986573,-0.08956636583755227,0.13051067576491304,-0.03657715166189743,-0.3030420427030597,-0.17251595861765354,0.0921219458507594,0.08304644508034338,-0.12128989654413383,-0.3656570548095972,-0.3418401937046005,-0.12355712084525644,0.20480299361655294,-0.0826436275588818,0.09183359013867488,-0.10681488003521902,-0.1401386748844376,-0.1777261721329518,-0.1986286594761171,-0.04498789346246973,0.1628945630640546,0.10563724411182038,0.1638564825005503,-0.07799031476997578,-0.139273607748184,-0.0960708782742681,-0.388234646709223,0.18130970724191064,-0.07526964560862866,-0.0347721769755668,-0.001926040061633282,-0.2408430552498349,0.02596962359674224,-0.23861765353290776,-0.2530574510235527
#53,-0.15510675764913054,-0.01391371340523883,-0.03346467092229804,-0.09459828307285935,0.3848162007484041,0.3469271406559542,0.08648910411622276,-0.23552718467972705,0.20296279991195246,-0.05414924058991855,0.010592119744662117,1.0,0.3391877613911512,0.11170151882016288,-0.2523662777900066,-0.04304424389170152,-0.08238828967642527,-0.03950693374422188,-0.20768214836011445,-0.07640105657054809,-0.2899405679066696,-0.12768434954875632,-0.3193924719348448,-0.0526106097292538,-0.33020691173233546,-0.18344926260180497,-0.03749064494827207,-0.064785384107418,0.32498569227382784,0.05165749504732556,0.12298481179837112,0.19729473915914594,0.08904688531807176,0.019491525423728815,0.12465771516618974,0.21163768434954874,-0.08938586836891922,-0.1392361875412723,-0.23647589698437155,-0.028104776579352852,0.05963460268545014,-0.07215716486902927,0.038166409861325114,-0.025817741580453444,0.16716266784063394,0.10992295839753467,0.29457406999779884,0.2640633942328858,0.1732357473035439,0.02473695795729694,0.11162447721769755,0.13420867268324896,-0.049535549196566143,-0.1161435174994497,-0.2611996478098173,-0.04679727052608409,-0.22953995157384988,-0.14568346907329957,0.26653532907770194,0.2530508474576271,-0.023940127668941227,0.043651771956856704,0.005701078582434515,0.0845146379044684,-0.010865067136253577,-0.15732335461149022,0.07969843715606427,-0.06691833590138675,-0.28850759410081445,-0.19045124367158264,-0.062722870349989,-0.11956636583755227,-0.09029275808936826,0.05222540171692714,-0.12313229143737618,-0.02824125027514858,-0.016040061633281973,0.20902047105436936,-0.10470614131631081,-0.04081664098613251,-0.024747963900506275,0.30644287915474355,0.055784723750825445,0.10007704160246533,0.05348228043143297,0.08811578252256218,0.11433414043583535,0.1835395113361215,-0.0789654413383227,0.3703609949372661,0.18202949592780102,0.34392692053709,0.18370680167290337,0.2553070658155404,0.20786924939467313,0.01832049306625578,-0.1446335020911292,0.175346687211094,0.13100374202069118,0.1543033237948492,0.2271648690292758,0.14468192824125028,0.2815034118423949,0.12492626018049748,0.12216596962359674,0.21663658375522782,0.20650231124807397,0.10124367158265464,0.13019590578912613,0.06831168831168831,0.1856416464891041
#54,-0.044950473255558,-0.049183359013867486,0.11800132071318511,0.1771384547655734,0.3185692273827867,0.2552080123266564,-0.03278010125467753,-0.05275808936825886,0.047948492185780324,0.1942593000220119,0.019255998239049086,0.3391877613911512,1.0,0.08146599163548317,-0.21717147259520142,-0.11517939687431213,0.38082764692934185,0.21654193264362756,-0.17081223860884878,-0.27189962579793087,-0.20633061853400836,-0.14501871010345588,-0.045890380805635046,-0.06601364736957957,-0.28315650451243674,-0.18933744221879814,0.34571868809156947,0.26797930882676646,0.19591459388069557,-0.026493506493506493,0.27481399955976227,0.02044023772837332,0.2269601584855822,-0.10065375302663439,-0.051866607968302884,0.17476997578692494,-0.2814571868809157,-0.27841294298921415,0.010099053488883998,-0.38930222320052826,0.09430992736077481,-0.07306185340083646,-0.008465771516618974,-0.2043495487563284,0.28147259520140877,-0.0023838872991415365,0.26517279330838656,0.14723530706581553,0.1963680387409201,0.04504512436715827,0.11151882016288796,0.16485582214395775,0.07755227823024433,0.08406559542152763,-0.190396213955536,-0.21523002421307505,-0.05331058771736738,-0.39706361435174997,0.11235527184679726,0.01267444419986793,-0.11057010785824345,-0.09821043363416244,-0.21677525863966543,-0.27403257759189964,0.27825005502971606,-0.21223200528285274,-0.10567906669601584,-0.15385648250055028,-0.2558727712965001,-0.35902487343165307,-0.10332599603786044,-0.07298040942108738,-0.04012106537530266,0.0003697996918335901,-0.2504468412942989,-0.3184217477437816,-0.23226942548976448,0.028928021131410964,0.05682808716707022,-0.18272727272727274,0.05526964560862866,0.08421087387189082,-0.04078582434514638,0.04916134712744882,-0.027023992956196344,0.024312128549416685,0.09040061633281972,0.2933920316971164,-0.2396103896103896,0.051234866828087165,0.1062227602905569,0.2324191063174114,0.20033017829628,0.23798151001540832,0.22817961699317632,0.18632401496808276,-0.1595597622716267,0.3098084965881576,0.3137068016729034,0.2516112700858464,0.36507373981950253,0.36940347787805417,0.3298481179837112,0.21399075500770415,0.2730156284393572,0.23309927360774818,0.40550297160466653,-0.12003081664098614,-0.14198767334360554,-0.03245652652432313,0.06957076821483602
#58,0.046627779000660355,0.1013119084305525,0.04173453664979089,0.04580453444860225,0.025480959718247854,0.07978428351309708,0.2636979969183359,0.3266365837552278,0.4625313669381466,0.24200088047545676,0.32613471274488226,0.11170151882016288,0.08146599163548317,1.0,0.18867048206031256,0.005712084525643848,-0.05478318291877614,-0.2190446841294299,0.19331939247193483,0.07086286594761171,0.18651771956856703,-0.0861435174994497,0.007323354611490205,-0.02114241690512877,0.13711424169051287,-0.006341624477217697,0.06590799031476997,-0.14300242130750607,0.038296279991195246,0.21504732555580014,-0.22552058111380147,0.017693154303323796,-0.2596632181377944,-0.051424169051287695,-0.07287255117763593,0.3146665199207572,0.04423068456966762,0.13975786924939468,-0.10911512216596962,-0.05841954655513978,-0.16406339423288577,0.0873167510455646,-0.13169271406559543,0.06956196346026855,0.0611071978868589,0.11780761611270085,-0.1951551837992516,-0.15150781421967863,-0.1370151882016289,-0.27499449702839535,-0.13582434514637903,-0.3093264362755888,-0.09184679727052608,-0.22973365617433414,0.1891899625797931,-0.05642306845696676,0.08697996918335901,0.0036737838432753687,-0.21314990094651112,-0.14313009024873433,-0.13997138454765573,-0.062390490865067136,0.2644838212634823,0.12551837992515957,0.02495267444419987,0.1613977547875853,0.4713339203169712,0.09961919436495707,0.3345674664318732,0.1613449262601805,0.3453048646268985,-0.01145938806955756,0.06567026194144839,-0.010345586616773057,0.05609289016068677,-0.07691173233546116,-0.14792868148800353,-0.08316751045564605,0.3656944750165089,0.13487563284173454,0.09225401716927141,0.06764913053048646,0.08958397534668722,0.09133612150561303,0.2481730134272507,-0.16415584415584417,-0.2310675764913053,0.07004182258419546,-0.023143297380585515,-0.13320493066255779,-0.1348448162007484,-0.023682588597842835,-0.012993616552938587,-0.3273035439137134,-0.1947655734096412,-0.11473695795729694,-0.12954215276249176,-0.22988553819062293,-0.16600704380365397,0.05200748404138235,-0.19758529605987232,-0.23067576491305306,-0.18055690072639224,-0.19256218357913274,-0.2706735637244112,-0.1323464670922298,-0.20556900726392252,-0.1272639225181598,0.027079022672243012,-0.14414263702399296,-0.12269865727492846
#101,-0.013755227823024433,0.0386286594761171,-0.09531366938146599,-0.15971824785384106,-0.25640105657054807,-0.16529826106097292,0.08856702619414483,0.30637244111820383,0.2114968082764693,0.0599801893022232,0.2162755888179617,-0.2523662777900066,-0.21717147259520142,0.18867048206031256,1.0,0.37554259300022014,-0.23244772176975567,-0.19162007484041382,0.6256878714505834,0.31691833590138674,0.766979969183359,0.16870349988994057,-0.004028175214615893,-0.05049306625577812,0.5153400836451684,0.3132291437376183,-0.21775918996257979,-0.1616618974246093,-0.009106317411402156,0.08302883557120845,-0.5567686550737398,0.025430332379484923,-0.5608716707021791,-0.07667840633942329,0.13028175214615892,0.009255998239049086,0.565148580233326,0.4319722650231125,0.08499889940567906,0.3262161567246313,-0.05689632401496808,0.17458287475236628,0.4129473915914594,0.41549856922738276,0.11685890380805634,0.3143319392471935,-0.4513977547875853,-0.49377503852080123,-0.36974686330618534,-0.3561985472154964,-0.45932203389830506,-0.3894475016508915,-0.3029341844596082,-0.2107440017609509,0.4085890380805635,0.04106537530266344,0.06014307726172133,0.2763680387409201,-0.5272375082544574,-0.2730398415144178,-0.4290556900726392,-0.47202069117323353,0.33112700858463573,0.1985428131190843,-0.125016508914814,0.12647589698437156,0.18450363196125907,0.08502751485802333,0.6123354611490205,0.4055183799251596,0.5091965661457187,0.05696896324014968,0.5832599603786044,0.03957517059211974,0.20224521241470395,-0.046317411402157165,-0.22696896324014967,-0.3915804534448602,0.19616773057451023,0.2391151221659696,0.08570107858243452,-0.22996478098173012,0.28293418445960816,0.04159806295399516,-0.06294519040281753,-0.4081532027294739,-0.6706515518379925,-0.07482280431432974,-0.04139555359894343,-0.2865991635483161,0.04950253136693815,-0.51574290116663,-0.34222760290556903,-0.5694761171032358,-0.5216905128769536,-0.332987012987013,-0.016649790887079022,-0.5444992295839753,-0.3935285053929122,-0.46932423508694693,-0.6156922738278671,-0.6015584415584415,-0.48184019370460046,-0.3969865727492846,-0.3847721769755668,-0.503020030816641,-0.4046290997138455,-0.46871890821043366,-0.1440149680827647,-0.5171604666519921,-0.5316927140655954
#102,0.28718027734976886,0.3682324455205811,0.26835571208452563,0.046310807836231566,-0.10419546555139775,0.1985296059872331,0.12868589038080563,0.1843121285494167,-0.11138014527845036,0.18634602685450144,0.27938366718027735,-0.04304424389170152,-0.11517939687431213,0.005712084525643848,0.37554259300022014,1.0,0.018886198547215495,0.19064935064935065,0.5227448822364077,0.7085384107418006,0.2758265463350209,0.7351727933083865,0.0672375082544574,0.3206449482720669,0.2109156944750165,0.5071340523882897,-0.21200528285274048,0.056491305304864625,-0.01841734536649791,0.06854061193044243,-0.3040127668941228,-0.0870658155403918,-0.4274818401937046,-0.06573189522342064,0.02934404578472375,0.102359674224081,0.1846136913933524,0.3943803653973145,-0.058593440457847236,0.33714946070878277,-0.22839313229143737,0.23340964120625138,0.23518600044023774,0.43301562843935726,-0.16189742460928902,0.4274950473255558,-0.35489544353951136,-0.425709883337002,-0.4106053268765133,-0.42110939907550077,-0.28108518600044025,-0.18161127008584635,-0.266139115122166,0.1714703940127669,0.12707021791767553,0.40197446621175437,-0.23643627558881797,0.41688531807175877,-0.5151749944970284,-0.31585736297600703,-0.43833370019810697,-0.41085846357032796,0.05515078142196786,0.009220779220779221,0.2114571868809157,0.38407880255337884,-0.15892802113141097,0.024424389170151883,0.4566585956416465,0.43219238388729914,0.2364538850979529,0.3050143077261721,0.10156504512436716,-0.004798591239269206,0.054851419766674,0.08507153863086067,-0.3178494386968963,-0.35844596081884217,0.06918996257979308,0.4765771516618974,-0.23316751045564604,-0.14556460488663878,-0.01314109619194365,0.06953114681928241,-0.10700858463570329,-0.5981818181818181,-0.4075434734756769,0.07000220118864187,-0.15151441778560423,0.10949372661237068,0.17074620294959278,-0.49219238388729913,-0.1731763152102135,-0.45407660136473693,-0.42406779661016947,-0.03259960378604446,0.42999119524543256,-0.16558661677305744,-0.15877613911512217,-0.44463790446841295,-0.26164428791547434,-0.2003499889940568,-0.4387012987012987,-0.16082544574069998,-0.28511336121505615,-0.43860004402377284,-0.2841932643627559,-0.5617455425930002,-0.17714285714285713,-0.3672639225181598,-0.476187541272287
#201,0.41207131851199646,0.33048646268985254,0.6623046445080344,0.7102751485802333,0.2202509355051728,0.2332621615672463,0.07039181157825225,0.20083204930662557,-0.08906449482720669,0.5354941668500991,0.22865947611710324,-0.08238828967642527,0.38082764692934185,-0.05478318291877614,-0.23244772176975567,0.018886198547215495,1.0,0.5328065155183799,0.055474356152322254,-0.11952674444199868,-0.2866189742460929,0.009881135813339203,0.17146599163548315,-0.01465331278890601,-0.0867246313009025,-0.06701078582434515,0.36510455646048867,0.18818842174774378,-0.17885758309487124,-0.06593660576711424,0.26828307285934405,0.012969403477878054,0.2813581333920317,-0.025384107418005723,-0.17477657935285054,-0.0837376183138895,-0.1763878494386969,-0.1333744221879815,0.1563284173453665,-0.3717587497248514,0.006101694915254237,-0.05681708122386089,-0.26942548976447284,-0.34960158485582216,-0.10922298040942109,-0.008848778340303764,0.15497028395333481,0.017922077922077922,0.1574025974025974,-0.006330618534008364,0.26811138014527847,0.1828483381025754,0.382557781201849,0.2901298701298701,-0.09336341624477218,-0.033816861104996696,-0.2885097952894563,-0.36944309927360774,0.06263922518159806,-0.1997380585516179,-0.09230904688531807,0.06645828747523663,-0.2980893682588598,-0.42755668060752805,0.571386748844376,0.1009090909090909,-0.22760950913493286,-0.07778340303764032,0.05440898084965882,-0.09166850099053489,0.10432533568126788,0.34183579132731673,-0.18707682148360114,0.09405899185560203,-0.3437046004842615,-0.3391437376183139,-0.2434668721109399,-0.14807616112700858,0.1111732335461149,-0.08172573189522342,-0.1412722870349989,-0.1383381025753907,0.044397974906449485,0.11647369579572969,0.032328857583094874,0.035558001320713184,0.21973585736297602,-0.14825225621835791,-0.12267884657715167,-0.06705260840854062,-0.07275588817961699,-0.006737838432753687,-0.009905348888399735,0.11319172353070658,0.14635042923178515,0.47075500770416023,0.21983050847457627,0.5903499889940568,0.40767774598283074,0.1982918776139115,0.2558155403918116,0.5313185119964781,0.21394453004622496,0.5001342725071538,0.2941448382126348,0.1772573189522342,0.1073893902707462,-0.0388399735857363,-0.18174774378164207,0.026522121945850758,-0.04879154743561523
