,#10,#11,#12,#13,#17,#18,#26,#49,#50,#51,#52,#53,#54,#58,#101,#102,#201,#202,#301,#302,#401,#402,#501,#502,#601,#602,#701,#702,#801,#802,#901,#902,#1001,#1002,#1101,#1102,#1201,#1202,#1301,#1302,#1401,#1402,#1501,#1502,#1601,#1602,#1701,#1702,#1801,#1802,#1901,#1902,#2001,#2002,#2101,#2102,#2201,#2202,#2301,#2302,#2401,#2402,#2501,#2502,#2601,#2602,#2701,#2702,#2801,#2802,#2901,#2902,#3001,#3002,#3101,#3102,#3201,#3202,#3301,#3302,#3401,#3402,#3455,#3501,#3502,#3601,#3602,#3701,#3702,#3801,#3802,#3901,#3902,#4001,#4002,#4101,#4102,#4201,#4202,#4301,#4302,#4401,#4402,#4501,#4502,#4601,#4602,#4701,#4702,#4801,#4802
#10,1.0,0.31291657495047326,0.3027801012546775,0.3969931763152102,0.054061193044243894,0.13720889280211315,0.014794188861985472,0.2312987012987013,-0.0662293638564825,0.31058991855602025,0.2625797930882677,-0.11022452124147039,0.045104556460488665,-0.31176975566806076,-0.3226458287475237,-0.07091569447501651,0.18711644287915474,0.021340523882896763,-0.08276469293418445,-0.010048426150121066,-0.1959586176535329,0.1858793748624257,0.005646048866387849,0.4677745982830729,0.09856262381686111,0.3503015628439357,0.22577371780761613,0.2834998899405679,-0.21908870790226723,0.05611490204710544,-0.24326436275588817,-0.009403477878054149,0.08810037420206912,-0.10996257979308827,-0.05162227602905569,-0.0012700858463570329,-0.41410521681708123,-0.07767774598283073,-0.22012766894122826,0.2855249834910852,-0.2089324235086947,-0.041543033237948494,-0.18767774598283074,8.804754567466431e-06,0.021996478098173015,0.13162007484041383,0.43548756328417343,0.2943495487563284,0.21346907329958179,0.1376337222099934,0.017596302003081665,0.09994276909531147,-0.16473035439137135,0.061208452564384765,-0.2841272287034999,0.016368038740920098,-0.05232225401716927,0.03312348668280872,0.07328417345366497,-0.17413603345806736,0.313383226942549,0.06953334800792428,0.030666960158485582,-0.0400594320933304,0.1924191063174114,0.18836671802773497,-0.26556680607528066,-0.03810917895663658,-0.19688751926040063,-0.014217477437816421,-0.15374642306845696,0.01454325335681268,-0.05617873651771957,0.0423332599603786,-0.15374642306845696,0.03242791107197887,-0.12312348668280872,-0.2097094430992736,-0.0199537750385208,0.07226282192383887,-0.1281465991635483,0.03485362095531587,0.05190843055249835,-0.3716288795949813,0.0008100374202069117,0.027567686550737398,0.06676645388509796,-0.024439797490644947,-0.008353510895883777,0.03382126348228043,-0.11144177856042263,0.04043583535108959,-0.017451023552718468,0.182491745542593,0.17785824345146378,0.049308826766453887,0.14906009244992297,0.07425709883337002,0.13650451243671582,0.32670922298040944,0.24262821923838873,-0.1282280431432974,-0.09238828967642528,0.0412260620735197,-0.052612810917895665,0.28289016068677086,0.018683689192163767,0.03221659696235967,0.06271186440677966,0.16522562183579131,-0.05843715606427471
#11,0.31291657495047326,1.0,0.22467092229804095,0.19907770195905788,-0.021151221659696236,0.031177635923398634,0.2460972925379705,0.045868368919216376,0.24337001981069778,0.4877812018489985,0.1648712304644508,0.010680167290336781,-0.046368038740920096,0.07148580233325996,0.09800352190182698,0.21104996698217038,0.05100154083204931,-0.2293682588597843,0.09924058991855603,0.20473255558001321,0.12071538630860665,0.17287915474356153,-0.026145718688091568,0.10154083204930663,0.039537750385208015,0.1726040061633282,-0.1967048206031257,-0.18863306185340084,-0.18359013867488444,-0.012727272727272728,-0.17598943429451905,0.058743121285494165,0.025533788245652653,-0.13405238828967642,-0.26036319612590797,0.034252696456086286,-0.10731675104556461,-0.030158485582214397,-0.1108826766453885,-0.16095091349328638,-0.3020933303984151,-0.20003081664098613,-0.3080519480519481,-0.04570988333700198,-0.15790446841294298,-0.07263262161567247,-0.016977767994717147,-0.24990314769975788,-0.13923838872991415,-0.15309487123046445,-0.1533876293198327,0.018553819062293638,-0.17718027734976888,-0.07698657274928461,-0.0709355051727933,-0.07099933964340743,0.007759189962579793,0.1401452784503632,0.07853841074180057,-0.13799031476997578,0.14165089148139995,0.029379264802993618,0.17160466651992076,0.18375522782302442,-0.13753686990975125,0.2242989214175655,0.08837772397094432,0.17476117103235747,0.22476337222099935,0.19745322474136034,0.03472595201408761,0.3367752586396654,0.15994937266123707,-0.015566806075280652,0.167012987012987,0.1406317411402157,0.02592559982390491,-0.07338762931983271,0.1962755888179617,0.10305304864626899,-0.13616773057451023,-0.23357032797710764,0.056191943649570766,-0.04406339423288576,0.31571868809156944,-0.12290997138454765,-0.03823244552058112,-0.22267884657715167,-0.22113581333920318,0.13407660136473695,-0.013451463790446842,0.04878494386968963,0.021446180937706363,0.08440017609509134,0.2621857803213735,-0.11380585516178736,0.02812458727712965,-0.21466872110939908,-0.1392471934844816,0.0899933964340744,0.007688751926040061,-0.26215936605767115,-0.3841998679286815,-0.1948580233325996,-0.2648580233325996,-0.036779661016949156,-0.23529605987233107,0.0337508254457407,-0.008745322474136034,0.08705260840854061,-0.01212194585075941
#12,0.3027801012546775,0.22467092229804095,1.0,0.5324741360334581,0.18613911512216597,0.18743121285494166,0.38104996698217036,-0.022993616552938585,-0.07972485141976668,0.722887959498129,0.21408320493066255,-0.05673123486682809,-0.08305745102355272,-0.0827955095751706,-0.03824345146379045,-0.07691393352410301,0.6164406779661017,0.562905569007264,-0.1311402157164869,-0.32447721769755666,-0.14368038740920097,-0.10416685009905349,0.07730794629099713,-0.1539621395553599,0.29121505613031035,0.1769161347127449,0.2966387849438697,0.20758969843715605,0.03248073959938367,0.03576711424169051,0.10488003521901827,-0.14332599603786045,0.5247391591459388,0.0338432753686991,-0.052544574069997796,-0.2230926700418226,-0.20808496588157605,-0.2582896764252696,0.2533017829627999,0.2286616773057451,0.10234866828087168,-0.14959938366718029,-0.028503191723530708,-0.032936385648250056,0.2528769535549197,-0.08907990314769976,0.010838652872551178,0.017726172132951794,-0.007534668721109399,0.0412458727712965,0.16143957737178077,0.27813779440898084,0.44415584415584414,0.28328417345366497,-0.007946290997138455,-0.12360994937266123,-0.07728373321593661,-0.40591899625797934,0.15029936165529387,0.008509795289456307,-0.1467554479418886,-0.1116090688972045,-0.37411182038300683,-0.2590006603565926,0.3998613251155624,0.11776139115122165,-0.14201188641866608,0.16967422408100374,-0.1540876073079463,-0.254290116662998,0.26758529605987236,0.26771076381245873,-0.04353731014747964,-0.036999779881135814,-0.3174950473255558,0.013878494386968964,0.020847457627118645,-0.029469513537310147,-0.048087167070217915,-0.08360774818401936,-0.08108518600044023,-0.11085846357032798,-0.01199867928681488,-0.23390490865067137,-0.11147259520140876,-0.24287695355491964,-0.13829407880255337,0.19337662337662337,-0.08901606867708563,0.24950473255558,-0.08703279771076382,0.034188861985472156,-0.2734866828087167,-0.020755007704160246,0.03911512216596962,0.38061853400836454,0.0499603786044464,0.4673673783843275,0.4068831168831169,0.3354193264362756,0.5945586616773058,0.2491635483160907,0.03488003521901827,0.3841052168170812,0.3065793528505393,0.3683909311027955,0.3081267884657715,-0.23980849658815762,-0.05791987673343606,-0.19793308386528727,-0.1762755888179617
#13,0.3969931763152102,0.19907770195905788,0.5324741360334581,1.0,0.2233370019810698,0.08705040721989875,0.15209993396434074,-0.12629099713845476,0.06544794188861985,0.49655073739819505,0.16900066035659256,0.06742681047765793,0.027019590578912612,-0.04854721549636804,-0.05157164869029276,-0.006975566806075281,0.43458507594100815,0.19103015628439357,-0.06723970944309927,-0.08881576051067576,-0.1774224081003742,0.059368258859784286,-0.00225841954655514,0.12829627999119525,0.10962799911952455,0.0834008364516839,0.24484921857803213,0.18962139555359894,-0.07703499889940568,0.10107197886858904,-0.1404424389170152,-0.2768016729033678,0.2538300682368479,-0.09550077041602466,-0.05552278230244332,-0.042489544353951136,-0.14599383667180277,-0.021074180057230905,-0.02914813999559762,0.06658595641646489,0.0024345146379044684,0.06134712744882236,-0.035971824785384104,0.14745102355271847,0.12411622276029055,0.12449262601804975,0.22871890821043364,0.01691833590138675,0.13199647809817303,0.02406119304424389,0.13468853180717588,0.09343385428131191,0.13733215936605767,0.09665859564164649,-0.04155844155844156,0.053440457847237506,0.04799251595861766,-0.05324455205811138,-0.002656834690732996,0.0287541272287035,0.05787365177195686,-0.0728681488003522,-0.11209112920977328,-0.14093770636143518,0.16021571648690291,0.06837332159366058,-0.23987893462469734,0.12475896984371561,-0.17743121285494168,-0.19872991415364297,-0.08182038300682369,0.04287915474356152,0.018122386088487784,-0.1943297380585516,-0.2175016508914814,-0.031776359233986355,-0.10297380585516179,-0.16422848338102575,0.058415144177856045,0.003559322033898305,0.14571868809156946,0.08426150121065375,-0.0016464891041162227,-0.2038828967642527,0.0099867928681488,-0.12367598503191723,-0.04958177415804534,0.2726282192383887,0.04937046004842615,0.41948051948051945,0.03279550957517059,0.09290556900726392,-0.005282852740479859,0.058925819942769096,0.05314109619194365,0.08020911292097732,0.0003896103896103896,0.24686330618534008,0.06848778340303764,0.43730134272507154,0.4048470173893903,0.08231565045124367,0.029667620515078142,0.20543693594541051,0.03027294739159146,0.3646489104116223,0.051877613911512216,-0.14296940347787807,0.016942548976447282,-0.13656174334140436,-0.17937486242570988
#17,0.054061193044243894,-0.021151221659696236,0.18613911512216597,0.2233370019810698,1.0,0.32314549856922736,0.1311071978868589,-0.04884217477437816,0.19398415144177855,0.16233546114902048,0.34097072419106317,0.4144486022452124,0.23826106097292538,-0.1745080343385428,-0.2120559101915034,-0.22844596081884216,0.2931917235307066,0.3266453885097953,-0.17086066475896985,-0.2713185119964781,-0.21893242350869468,-0.14215276249174555,0.1052014087607308,0.0018423948932423508,0.06952454325335682,0.22890380805635044,-0.06732115342284833,0.0069447501650891485,0.21465771516618976,0.27521241470394014,0.2849878934624697,-0.1211996478098173,0.2959366057671142,0.16268545014307725,0.14246313009024875,0.10434514637904468,0.034862425709883335,-0.05766453885097953,0.16919436495707682,0.1866189742460929,0.332887959498129,0.06227162667840634,0.08223200528285274,0.15894783182918776,0.07783403037640325,0.1925841954655514,-0.09803213735417125,-0.15586836891921638,-0.14640545894783183,-0.15596081884217478,-0.1467510455646049,-0.10860224521241471,0.20074400176095092,0.04092670041822584,-0.02205150781421968,-0.001415364296720229,-0.16550077041602465,-0.13985252036099494,0.12788906009244994,0.08448822364076601,-0.17191723530706582,0.0426502311248074,-0.13393352410301562,0.017602905569007263,0.06401937046004842,-0.02629319832709663,-0.07177195685670262,-0.13001540832049308,-0.17722209993396434,-0.1461633281972265,0.062212194585075944,-0.22888399735857362,-0.0638564825005503,0.26673783843275367,-0.21402377283733215,-0.029977988113581332,-0.09706581554039181,-0.041670702179176754,0.27348228043143297,0.06285274047985913,0.28393792648029936,0.26302663438256657,0.14144177856042262,0.18265463350209113,0.21097072419106316,-0.056726832489544354,-0.023332599603786044,0.38291657495047327,0.1234536649790887,0.32330178296279993,0.01449702839533348,0.09259300022011886,-0.03855161787365177,-0.009416685009905348,0.031197446621175434,0.32646268985252036,0.1307395993836672,0.2817125247633722,0.24088928021131412,0.1964802993616553,0.1552652432313449,0.3390512876953555,0.15638564825005502,0.30355712084525643,0.2695839753466872,0.09182478538410742,0.26483601144618096,-0.05554039181157825,-0.1209156944750165,-0.08056570548095972,-0.019517939687431214
#18,0.13720889280211315,0.031177635923398634,0.18743121285494166,0.08705040721989875,0.32314549856922736,1.0,0.09408540611930442,0.16596302003081664,0.06355712084525644,0.1481201848998459,0.2550231124807396,0.4474488223640766,0.2875544794188862,-0.15305745102355273,-0.14052828527404798,-0.16214615892581993,0.11967642526964561,0.1444375963020031,-0.19526964560862867,-0.13674884437596302,-0.010891481399955976,0.09959938366718028,0.033609949372661235,-0.06055029716046665,-0.009284613691393353,0.01324455205811138,-0.02072639225181598,0.07972485141976668,0.03359454105216817,0.22828087167070218,0.08542152762491746,0.07009244992295839,0.3842042703059652,-0.06779661016949153,0.09677745982830728,-0.01347127448822364,-0.03433193924719349,0.02631961259079903,-0.14157605106757648,0.07900066035659256,0.3648338102575391,-0.04718247853841074,0.1829077701959058,0.06182478538410742,-0.1444089808496588,0.14501210653753027,-0.045454545454545456,0.006874312128549416,-0.03322254017169272,-0.08935505172793308,0.061970063834470616,0.14068897204490424,0.13692493946731235,0.13604886638784944,0.04574069997798812,0.14317411402157165,-0.16248073959938367,-0.07042482940788025,-0.11479418886198547,-0.1961567246313009,-0.4016795069337442,-0.2111005943209333,-0.17442659035879374,-0.1842394893242351,0.07275368699097513,0.27721769755668063,-0.15202069117323355,-0.13815760510675765,-0.17428791547435615,-0.22546335020911293,0.08286594761171032,0.10923838872991415,0.11648690292758089,0.3919238388729914,0.07867268324895443,0.21405238828967643,0.011014747963900506,-0.04202509355051728,0.04154963680387409,-0.11050627338762932,0.33623156504512436,0.20972044904248294,0.45792648029936167,-0.005199207572088928,0.0675148580233326,-0.2790314769975787,-0.4475610829848118,0.25624477217697555,0.09291877613911512,0.19393792648029937,-0.04729694034778781,-0.25772837332159365,-0.2478318291877614,-0.27203169711644287,-0.28860664758969845,0.09350869469513537,0.10255337882456526,0.028012326656394453,-0.09411842394893243,0.11283292978208233,0.2664670922298041,0.09983050847457627,-0.02490644948272067,0.12065155183799252,0.1350693374422188,0.07675544794188861,0.2141206251375743,-0.1424389170151882,0.012976007043803655,-0.31633942328857584,-0.1582324455205811
#26,0.014794188861985472,0.2460972925379705,0.38104996698217036,0.15209993396434074,0.1311071978868589,0.09408540611930442,1.0,0.041474796390050625,0.18388509795289457,0.3851992075720889,0.17493946731234866,-0.06844596081884217,-0.08357473035439138,0.4668611049966982,-0.004690732995817741,-0.039134932863746426,0.11068016729033678,0.16313669381465992,-0.022291437376183137,-0.29339863526304205,-0.12903367818622055,-0.36105877173673784,-0.31747743781642085,-0.22101254677525864,-0.0588333700198107,0.10341624477217698,-0.06132071318511997,0.02716927140655954,0.03189302223200528,0.08251595861765354,-0.0038498789346246972,0.17248073959938368,0.32028615452344267,0.182920977327757,-0.06378604446401057,0.016114902047105438,-0.03300902487343165,-0.1288135593220339,-0.0013559322033898306,0.0045564604886638785,0.16998899405679066,-0.17605987233105877,-0.08976447281532027,-0.15135152982610608,0.007017389390270746,-0.05016288795949813,-0.12465771516618974,-0.21579132731675105,-0.07392471934844816,0.04227602905569007,0.02414043583535109,0.10236847897864847,0.1876799471714726,0.1824521241470394,-0.10612810917895664,-0.20796169931763153,-0.03805414924058992,-0.2535197006383447,0.08796169931763152,0.13758969843715607,0.003407440017609509,-0.18476337222099934,0.022390490865067135,0.14226282192383888,0.10073959938366718,-0.06598943429451903,0.3432775698877394,0.482557781201849,0.24031476997578693,0.21199427690953115,0.4678934624697337,0.18778120184899846,0.22112700858463571,0.08766233766233766,0.03149460708782743,0.14633061853400836,0.1732687651331719,0.18409200968523,-0.1820427030596522,-0.044065595421527624,-0.11322694254897644,-0.22663658375522783,-0.1388399735857363,-0.16202289236187542,0.20279330838652873,-0.0588597842835131,-0.13071978868589038,-0.14577812018489986,-0.1305789126128109,0.07891041162227602,-0.10792868148800353,-0.08348668280871671,0.005190402817521461,0.12489324235086947,0.09388069557561082,0.07702839533348008,-0.08765573409641206,0.06329077701959059,0.04423508694695135,0.10416685009905349,0.29693814659916357,0.0524323134492626,0.0012062513757429012,0.12309927360774818,0.15085626238168612,0.20668280871670702,0.18887519260400618,-0.04408540611930442,-0.33810477657935284,-0.04960378604446401,-0.10172353070658155
#49,0.2312987012987013,0.045868368919216376,-0.022993616552938585,-0.12629099713845476,-0.04884217477437816,0.16596302003081664,0.041474796390050625,1.0,0.02073959938366718,-0.1065793528505393,0.06486462689852521,0.227673343605547,0.1530728593440458,0.03334800792427911,-0.0574554259300022,0.017519260400616334,-0.04505392912172573,0.09498789346246973,0.0016178736517719569,0.03950693374422188,0.008800352190182699,0.06983491085186,-0.09420647149460709,0.08092670041822585,-0.10213295179396874,0.17948712304644507,0.020323574730354392,0.16337222099933965,-0.19821483601144618,0.07281532027294739,-0.2706977767994717,0.15041382346467091,0.09767994717147259,-0.018881796169931762,-0.15212854941668502,-0.02826766453885098,-0.15558441558441558,0.032075720889280214,-0.12809156944750166,0.18155844155844156,-0.16802553378824564,-0.09797930882676645,-0.1381267884657715,-0.14476557340964122,-0.17210433634162448,0.0822408100374202,0.16979308826766454,0.11946070878274268,-0.05809817301342725,-0.0874158045344486,-0.061305304864626896,0.11150561303103676,-0.1365727492846137,0.028848778340303763,-0.14831388950033017,0.04223860884877834,-0.13381906229363857,-0.09394012766894123,-0.10693814659916355,-0.31089808496588156,-0.11699977988113582,-0.15278010125467753,0.1189192163768435,-0.04359233986352631,0.15111600264142638,-0.08108958837772397,0.02099933964340744,0.006066475896984371,0.014527845036319613,0.12737398195025312,0.10332819722650231,-0.06097952894563064,0.10707682148360115,0.07990534888839973,-0.03420867268324895,-0.11601584855822145,-0.06331499009465111,-0.043323794849218576,-0.13276469293418447,-0.025219018269865726,0.08153422848338103,0.16370680167290336,0.0275148580233326,0.07846136913933524,-0.0787805414924059,-0.015430332379484922,-0.24591679506933745,-0.04302223200528285,-0.03013647369579573,-0.24491965661457188,-0.17340523882896763,-0.30732775698877396,-0.2453664979088708,-0.0512987012987013,-0.17719568567026195,0.043376623376623374,0.09847897864847018,0.00815760510675765,-0.007041602465331279,0.04524323134492626,0.01283513097072419,-0.13919436495707682,0.04905569007263923,-0.016685009905348887,-0.013292978208232446,0.07293198327096632,0.1377922077922078,0.000937706361435175,0.14031036759850318,-0.24340303764032578,-0.2924389170151882
#50,-0.0662293638564825,0.24337001981069778,-0.07972485141976668,0.06544794188861985,0.19398415144177855,0.06355712084525644,0.18388509795289457,0.02073959938366718,1.0,0.13968963240149682,0.12970063834470613,0.2218534008364517,0.21979749064494827,0.2064604886638785,0.11770636143517499,0.06128989654413383,-0.01188861985472155,-0.1277261721329518,0.15199867928681488,0.04655073739819503,0.18864626898525202,-0.04211974466211754,0.14876513317191284,-0.09135593220338983,-0.01362755888179617,0.01033017829627999,-0.0903103675985032,-0.2077834030376403,-0.031617873651771954,-0.1327096632181378,0.01882456526524323,-0.0934404578472375,0.03366938146599163,-0.12128329297820824,0.06524983491085186,0.12247633722209994,0.022337662337662337,-0.011241470394012767,-0.09071758749724851,-0.17778340303764031,0.039826106097292535,-0.0512392692053709,-0.14244331939247193,-0.03593880695575611,-0.23873651771956858,-0.11990975126568347,-0.08795069337442218,-0.3133083865287255,-0.09069337442218799,-0.2782874752366278,-0.015023112480739599,-0.2650429231785164,0.006004842615012106,-0.09874312128549417,0.09823904908650671,-0.10166409861325115,0.21248954435395112,-0.026751045564604888,-0.1572705260840854,-0.14920537090028616,-0.04082764692934184,-0.23209993396434075,0.050292758089368256,0.2493220338983051,-0.13407660136473695,0.11206691613471274,0.1569073299581774,0.07572088928021131,0.214521241470394,0.07773717807616112,0.16903587937486242,0.12666740039621396,0.04550297160466652,0.013268765133171913,-0.04623376623376623,-0.06167070217917676,-0.06072639225181598,-0.07686550737398196,0.092557781201849,-0.01288135593220339,0.07958177415804535,-0.03608628659476117,0.11664758969843715,0.12254677525863966,0.22027514858023334,-0.07567026194144838,-0.13374202069117325,-0.049982390490865065,-0.12633061853400837,0.12466431873211534,0.06306625577812018,-0.012810917895663658,-0.023546114902047107,-0.06504512436715827,-0.03560642747083425,-0.029815100154083205,0.08292978208232446,-0.15692273827867048,-0.24870570107858245,0.04291217257318952,-0.19421307506053267,-0.19762051507814218,-0.16688751926040063,-0.127211093990755,-0.11776799471714726,-0.06652872551177635,-0.15561082984811797,-0.05995817741580453,-0.3405084745762712,-0.10231124807395994,-0.21156504512436716
#51,0.31058991855602025,0.4877812018489985,0.722887959498129,0.49655073739819505,0.16233546114902048,0.1481201848998459,0.3851992075720889,-0.1065793528505393,0.13968963240149682,1.0,0.2524543253356813,-0.08435835351089588,0.007926480299361655,0.03264142637023993,0.05432753686990975,-0.011410961919436496,0.49134272507153864,0.22141976667400395,-0.054239489324235085,-0.15884437596302003,-0.04643407440017609,-0.04158705701078583,0.01604886638784944,-0.18348228043143297,0.19939247193484483,0.15926920537090028,0.17664758969843716,0.08492185780321374,0.011606867708562623,-0.11732775698877394,-0.0011886418666079684,-0.17970504072198987,0.247244111820383,-0.1635130970724191,-0.14843935725291657,-0.23510455646048867,-0.15562183579132732,-0.29219018269865726,0.185214615892582,-0.01792427911071979,0.0350429231785164,-0.17896984371560642,-0.11308826766453885,-0.1343517499449703,0.10014968082764693,-0.1737376183138895,-0.009222980409421088,-0.04785824345146379,0.13451683909311027,0.06368038740920097,0.13863966541932643,0.19903367818622056,0.29050407219898744,0.17043803653973144,0.011270085846357032,-0.21860664758969844,0.12415144177856043,-0.18302883557120844,0.20439357252916576,-0.0349042482940788,-0.0032357473035439137,-0.022696456086286596,-0.27440677966101695,-0.12941888619854722,0.2025643847677746,0.24461809377063615,0.002033898305084746,0.21663438256658596,0.04588377723970944,-0.15679727052608408,0.28296720228923616,0.29968743121285496,-0.010550297160466652,-0.10001100594320933,-0.15561303103675986,0.11783403037640326,0.04561743341404358,0.009689632401496808,0.057266123706801675,-0.15964120625137573,-0.15963240149680827,-0.10296059872331059,0.02922077922077922,-0.16603565925599825,-0.004732555580013207,-0.18751926040061634,-0.08028395333480079,0.1499207572088928,-0.20333920316971166,0.28285274047985914,-0.0623860884877834,0.07949152542372881,-0.14919436495707683,0.03097952894563064,0.1603037640325776,0.24207351970063834,-0.059995597622716265,0.16781421967862645,0.17471494607087829,0.46247413603345805,0.4819700638344706,0.05986572749284614,-0.16222980409421087,0.13562623816861105,0.06878934624697336,0.24218578032137353,0.033781642086726835,-0.08099053488883998,0.033299581774158045,-0.06867048206031257,-0.11974906449482721
#52,0.2625797930882677,0.1648712304644508,0.21408320493066255,0.16900066035659256,0.34097072419106317,0.2550231124807396,0.17493946731234866,0.06486462689852521,0.12970063834470613,0.2524543253356813,1.0,0.3087937486242571,0.2384239489324235,-0.04084305524983491,-0.28930442438917015,-0.2334140435835351,0.2888531807175875,0.23941668500990534,-0.15837332159366058,-0.2664318732115342,-0.20402377283733217,0.03775258639665419,0.010327977107638124,0.024415584415584415,0.1000462249614792,0.2207043803653973,0.12858683689192163,0.07722209993396434,0.1641404358353511,0.12598283072859345,0.12427470834250495,-0.200396213955536,-0.09764913053048646,-0.19053929121725732,-0.013651771956856703,0.0006097292537970504,-0.15837772397094432,-0.1747457627118644,0.034177856042262825,0.1764142637023993,0.17793968743121286,0.04356152322254017,0.05190402817521462,-0.003711204050187101,0.15481399955976227,0.06508254457406999,0.03847897864847018,-0.05442659035879375,0.14321153422848337,0.05582214395773718,0.26831168831168833,0.22946290997138455,0.23077261721329517,-0.05900066035659256,-0.01900726392251816,-0.10761171032357474,0.03917895663658375,-0.18881135813339203,0.00475676865507374,-0.00984371560642747,0.05839093110279551,0.12580453444860223,-0.27975786924939466,-0.169306625577812,0.26832269425489763,0.07841954655513977,0.0011600264142637023,-0.03334800792427911,-0.21269425489764474,-0.2337046004842615,0.05454765573409641,-0.01175214615892582,-0.1883865287255118,0.02579352850539291,-0.1459520140876073,0.16886198547215497,-0.027616112700858463,-0.03534888839973586,0.13281972265023112,-0.06252036099493727,0.26931763152102134,-0.026187541272287035,0.2025775918996258,0.03357913273167511,0.08285494166850099,-0.03458727712965001,0.06366718027734977,0.1964802993616553,-0.13037860444640106,0.050741800572309044,-0.22989214175654854,-0.06513757429011666,0.025560202509355052,-0.024675324675324677,0.07492185780321374,0.3631036759850319,-0.039165749504732554,0.1496632181377944,0.24521021351529826,0.1274686330618534,0.2505414924058992,0.2169359454105217,-0.1788994056790667,-0.045012106537530266,-0.04012106537530266,-0.12425709883337002,-0.05069117323354611,0.04114461809377064,-0.18044464010565706,0.01920757208892802,0.0634998899405679
#53,-0.11022452124147039,0.010680167290336781,-0.05673123486682809,0.06742681047765793,0.4144486022452124,0.4474488223640766,-0.06844596081884217,0.227673343605547,0.2218534008364517,-0.08435835351089588,0.3087937486242571,1.0,0.41600044023772836,-0.058393132291437375,-0.03909090909090909,-0.04176535329077702,0.11295179396874312,0.16809377063614353,-0.016297600704380365,0.07729694034778781,-0.08721109399075501,0.17562623816861106,-0.01817081223860885,0.13772837332159366,-0.16771516618974247,0.01578912612810918,-0.2736077481840194,-0.1351419766674004,-0.010937706361435175,0.2414307726172133,-0.039815100154083204,-0.00013207131851199647,0.13558221439577373,0.03466872110939907,0.03221659696235967,-0.008106977767994718,0.12009685230024213,0.25771736737838435,-0.11652872551177636,-0.049718247853841074,0.31903147699757867,0.0624323134492626,0.07935945410521682,0.27733215936605765,-0.15644508034338542,0.22695795729694035,-0.0389324235086947,-0.17541932643627559,-0.11905128769535549,-0.24571428571428572,-0.18475236627779001,-0.12552058111380146,-0.06682368478978648,-0.024519040281752145,0.03521681708122386,0.2672331058771737,-0.2064869029275809,0.07005723090468853,-0.15765133171912832,-0.21900286154523443,-0.3540127668941228,-0.20020250935505174,0.0002487343165309267,0.03317411402157165,-0.09967862645828747,0.029980189302223202,-0.09655293858683689,-0.24613471274488224,-0.08308826766453885,-0.10266784063394233,0.0007814219678626458,0.09467532467532468,0.0636385648250055,0.06159145938806956,-0.09643187321153422,-0.1050297160466652,-0.1587277129650011,-0.16472815320272946,0.06574510235527185,0.026511116002641427,0.5850209112920978,0.249537750385208,0.2637728373321594,0.2377261721329518,0.16703279771076382,-0.12890380805635043,-0.28235527184679726,0.33646268985252037,0.11887739379264803,0.21222320052828528,0.12661677305745103,-0.1592537970504072,-0.08168831168831168,-0.18985912392692053,-0.10379264802993617,-0.02355712084525644,0.25053709002861546,0.05112920977327757,-0.10668060752806516,0.11184239489324235,-0.12717587497248514,0.08437596302003082,0.08678626458287475,-0.017534668721109398,-0.028368919216376843,-0.16363416244772178,-0.08290777019590578,-0.1983469073299582,0.020138674884437595,-0.350627338762932,-0.20389830508474577
#54,0.045104556460488665,-0.046368038740920096,-0.08305745102355272,0.027019590578912612,0.23826106097292538,0.2875544794188862,-0.08357473035439138,0.1530728593440458,0.21979749064494827,0.007926480299361655,0.2384239489324235,0.41600044023772836,1.0,-0.1102773497688752,-0.12235747303543913,-0.19566365837552277,0.1248910411622276,0.16238168611049966,0.012342064714946071,0.003352410301562844,-0.026095091349328636,0.0910213515298261,0.06213955535989434,0.23619414483821263,-0.19577151661897424,0.016931543033237947,-0.2692868148800352,-0.17575830948712304,0.36004842615012106,0.23780761611270085,0.2245762711864407,-0.016880915694475015,-0.007704160246533128,-0.06199207572088928,0.17474356152322254,0.057244111820383005,0.0676139115122166,0.14337001981069777,-0.16349108518600045,0.018415144177856044,0.18852740479859123,0.22489324235086947,0.40594320933303984,0.17756988773937926,-0.03290556900726392,0.139867928681488,-0.09148139995597623,0.021283292978208232,0.04723530706581554,0.05293858683689192,-0.16864626898525203,-0.15928021131410963,-0.08560862865947612,-0.14751045564604887,-0.17513977547875853,0.056784063394232885,-0.03845696676205151,0.058311688311688314,-0.01976447281532027,-0.013332599603786044,-0.12035219018269866,-0.0024565265243231345,0.09490644948272067,0.1290116662998019,-0.24092670041822584,-0.05027734976887519,0.17404578472375082,-0.1569931763152102,-0.1411666299801893,-0.016744441998679287,-0.036218357913273165,-0.12055029716046665,-0.08353510895883777,-0.07524543253356812,-0.10689412282632621,-0.1676535329077702,-0.18700858463570327,-0.1363746423068457,0.24039181157825226,0.10636363636363637,0.5195135373101475,0.4611446180937706,0.43022011886418665,0.26039621395553597,0.39342945190402817,-0.06604446401056571,-0.11341404358353512,0.40367598503191726,0.12326436275588817,0.381402157164869,0.4554523442659036,0.0511402157164869,0.04243671582654634,0.03443539511336122,-0.06763372220999339,0.1562359674224081,0.15260620735197006,0.11413163108078363,-0.09093550517279331,0.02082984811798371,-0.03526304204270306,0.2453907109839313,-0.07238168611049967,-0.2050627338762932,-0.12178076161127009,-0.18218798151001542,0.025604226282192385,-0.13940567906669601,0.06530046224961479,-0.0691569447501651,-0.03576931543033238
#58,-0.31176975566806076,0.07148580233325996,-0.0827955095751706,-0.04854721549636804,-0.1745080343385428,-0.15305745102355273,0.4668611049966982,0.03334800792427911,0.2064604886638785,0.03264142637023993,-0.04084305524983491,-0.058393132291437375,-0.1102773497688752,1.0,0.2055227823024433,0.08267444419986793,-0.18981069777679946,-0.177970504072199,-0.01850099053488884,-0.05227602905569007,0.0669931763152102,-0.40076161127008586,-0.3856416464891041,-0.30500550297160467,-0.34529385868368917,-0.2913713405238829,-0.22564604886638784,-0.05212634822804314,-0.06854061193044243,-0.14181818181818182,-0.23629099713845478,0.1973827867048206,-0.07025313669381467,0.03706361435174994,-0.06861104996698217,-0.05922077922077922,0.11837112040501871,-0.009145938806955757,-0.06428571428571428,-0.37063614351749946,0.07095091349328637,-0.09895003301782963,-0.10813119084305525,-0.2575588817961699,-0.16029495927801013,-0.15583755227823023,-0.043013427250715386,-0.08434514637904468,-0.0007528065155183799,-0.06291217257318953,-0.04590578912612811,-0.11806295399515739,-0.10153202729473916,-0.2161963460268545,-0.06670702179176756,-0.27248294078802554,0.01924719348448162,-0.12187321153422849,0.10518600044023772,0.30796390050627337,0.17585075941008144,0.044732555580013204,0.24549196566145717,0.2521571648690293,-0.02951353731014748,-0.157376183138895,0.515808936825886,0.2732291437376183,0.5226766453885098,0.3063482280431433,0.5177900066035659,0.17627999119524543,0.20828967642526963,-0.08832049306625578,0.22008144397974908,0.016246973365617434,0.17084745762711864,0.14171692714065595,-0.20570107858243453,-0.14427690953114683,-0.15897644728153204,-0.12610609729253797,-0.3408782742681048,0.2501584855822144,0.18082544574069997,0.15977107638124588,0.09718027734976888,-0.24637244111820383,-0.12591459388069556,0.07195465551397755,-0.07754347347567686,-0.03661016949152542,0.16933083865287255,0.15606867708562625,0.18163988553819063,-0.14815980629539952,-0.27481399955976227,-0.117838432753687,-0.12454325335681268,-0.06103896103896104,-0.10743781642086726,-0.09198987453224741,-0.17340303764032577,-0.016319612590799032,0.015513977547875852,-0.03136033458067356,-0.04772837332159366,0.24825005502971606,-0.2765991635483161,0.08830508474576271,0.06542593000220119
#101,-0.3226458287475237,0.09800352190182698,-0.03824345146379045,-0.05157164869029276,-0.2120559101915034,-0.14052828527404798,-0.004690732995817741,-0.0574554259300022,0.11770636143517499,0.05432753686990975,-0.28930442438917015,-0.03909090909090909,-0.12235747303543913,0.2055227823024433,1.0,0.2837244111820383,0.013973145498569227,-0.11206911732335462,0.6931631080783623,0.15554039181157825,0.7730904688531807,0.026084085406119305,0.15293198327096633,-0.2912392692053709,0.08631300902487343,-0.2654831609068897,-0.15840193704600483,-0.3891679506933744,0.22058991855602025,0.02939027074620295,-0.25212634822804314,-0.09976447281532028,-0.13945190402817523,0.044318732115342284,0.18368919216376844,0.09027294739159146,0.6054083204930663,0.2551375742901167,0.17804974686330619,-0.3525621835791327,0.21822143957737178,0.09097952894563065,0.024602685450143078,0.018195025313669382,-0.4466585956416465,-0.3541272287034999,-0.1114571868809157,-0.2025379705040722,-0.3723838872991415,-0.3010411622276029,-0.14125027514858024,0.011164428791547436,-0.150132071318512,0.10095091349328637,0.4714109619194365,0.17629099713845475,-0.11987673343605547,-0.07965221219458507,-0.41629099713845474,-0.19969403477878053,-0.19430772617213296,-0.23738718908210435,-0.07651551837992517,0.018932423508694694,-0.32122165969623595,-0.16408320493066256,0.13768214836011447,0.07216596962359674,0.637508254457407,0.13397754787585295,0.17879815100154084,0.3906141316310808,0.21100594320933305,-0.2568721109399075,0.04271186440677966,-0.16607968302883558,0.08662337662337663,0.056123706801672904,0.1733568126788466,0.03285053929121726,-0.02238828967642527,-0.1258727712965001,0.11783182918776139,-0.07796830288355712,-0.08163768434954875,-0.37851860004402377,-0.23457627118644067,0.007781201848998459,-0.17825665859564166,-0.16226282192383887,-0.2910367598503192,-0.3361303103675985,-0.4263790446841294,-0.39846797270526085,-0.24067136253576932,-0.16401056570548095,-0.024582874752366278,-0.29469733656174335,-0.3395003301782963,-0.279372661237068,-0.08015848558221439,-0.24366277790006605,-0.15426810477657935,-0.19157825225621836,-0.22776799471714726,-0.24859784283513098,-0.20097072419106318,-0.10024213075060533,0.1957825225621836,-0.3506911732335461,-0.3368016729033678
#102,-0.07091569447501651,0.21104996698217038,-0.07691393352410301,-0.006975566806075281,-0.22844596081884216,-0.16214615892581993,-0.039134932863746426,0.017519260400616334,0.06128989654413383,-0.011410961919436496,-0.2334140435835351,-0.04176535329077702,-0.19566365837552277,0.08267444419986793,0.2837244111820383,1.0,-0.1704864626898525,-0.21749724851419766,0.17822804314329738,0.7038806955756108,0.22399295619634602,0.5749812898965442,-0.04811358133392032,0.10945850759410082,-0.14210873871890822,0.07047325555800132,-0.12920096852300242,-0.14743341404358354,-0.3211732335461149,0.0778186220559102,-0.3219524543253357,0.11169491525423729,-0.3310587717367378,0.20521681708122386,-0.1565969623596742,0.01910411622276029,0.09555359894342945,0.46130750605326876,-0.06336561743341404,-0.20608188421747745,-0.19935064935064936,0.07868368919216377,-0.15206691613471274,0.1956020250935505,-0.2571802773497689,0.17687871450583315,0.0112062513757429,-0.21837552278230243,-0.14484701738939026,-0.06785163988553819,-0.13342945190402816,-0.014767774598283073,-0.22549416685009904,0.1453973145498569,0.07951133612150561,0.35197226502311246,-0.16273827867048207,0.4815584415584416,-0.2423530706581554,-0.26160466651992076,-0.2153268765133172,-0.39715606427470834,0.2694519040281752,0.25907990314769974,-0.17600924499229584,0.3504578472375083,-0.24683689192163769,0.06268765133171912,0.3464274708342505,0.1072309046885318,-0.10663438256658596,0.2693418445960819,0.15104336341624477,-0.13424389170151882,0.2023464670922298,0.1266453885097953,0.005624036979969184,-0.09528505392912173,-0.08314109619194365,0.36517719568567025,-0.15671362535769315,-0.05721329517939688,-0.07158705701078583,-0.0784503631961259,0.056979969183359014,-0.3613515298261061,-0.33472375082544575,-0.3887497248514198,0.03449262601804975,-0.019735857362976006,-0.007418005723090469,-0.207508254457407,0.0834008364516839,-0.29388729914153644,-0.23226062073519702,-0.3469601584855822,0.07406999779881136,-0.43313889500330177,-0.28165309267004185,-0.19565925599823905,-0.3074928461369139,-0.38167730574510234,-0.2901826986572749,-0.3709751265683469,-0.4465793528505393,-0.21046004842615013,-0.3184129429892142,-0.15687871450583316,0.03273827867048206,-0.3663460268545014,-0.44153202729473917
#201,0.18711644287915474,0.05100154083204931,0.6164406779661017,0.43458507594100815,0.2931917235307066,0.11967642526964561,0.11068016729033678,-0.04505392912172573,-0.01188861985472155,0.49134272507153864,0.2888531807175875,0.11295179396874312,0.1248910411622276,-0.18981069777679946,0.013973145498569227,-0.1704864626898525,1.0,0.6114902047105437,-0.10046665199207572,-0.283746423068457,-0.18419326436275588,0.04903147699757869,0.23161127008584637,-0.15305084745762712,0.27235086946951353,0.16689192163768435,0.213251155624037,0.004888839973585736,0.33585075941008147,0.15329958177415803,0.26975786924939466,-0.36507373981950253,0.33374202069117326,-0.12985912392692053,0.09907990314769975,-0.01976447281532027,-0.14237508254457407,-0.23139775478758529,0.3006471494607088,0.24492185780321374,0.1739423288575831,-0.000847457627118644,0.05320052828527405,0.16892141756548537,0.20136693814659917,-0.16152762491745543,0.006940347787805415,0.07267884657715167,0.09812458727712965,0.028778340303764034,0.260231124807396,0.2251287695355492,0.4217521461589258,0.14309046885318072,0.0016332819722650231,-0.2031058771736738,0.03824345146379045,-0.28679727052608406,0.13751705921197446,0.08096852300242131,-0.25252036099493724,-0.07582214395773718,-0.2831499009465111,-0.19291217257318952,0.19467972705260841,-0.13153422848338103,-0.08789346246973366,-0.07798371120405019,-0.15740699977988112,-0.289240589918556,0.15725952014087607,0.15642967202289237,-0.10120845256438477,-0.13706801672903368,-0.3417191283292978,0.05333920316971164,-0.13936385648250055,-0.15884217477437818,0.27574290116663,-0.022113141096191943,0.17420647149460708,0.1827294739159146,0.2530772617213295,-0.06335241030156284,-0.03917455425930002,-0.21063394232885757,-0.07228483381025753,0.48141976667400393,0.01840413823464671,0.24745762711864408,-0.0413119084305525,0.016187541272287036,-0.24447061413163107,-0.2298415144177856,-0.16919436495707682,0.5177217697556681,-0.009691833590138674,0.5505701078582435,0.3797556680607528,0.3347743781642087,0.41569887739379263,0.5622914373761831,0.08465991635483161,0.29640325775918996,0.3213185119964781,0.14609509134932863,0.2703477878054149,-0.269357252916575,0.13018049746863306,-0.25947611710323576,-0.08581554039181158
