,#10,#11,#12,#13,#17,#18,#26,#49,#50,#51,#52,#53,#54,#58,#101,#102,#201,#202,#301,#302,#401,#402,#501,#502,#601,#602,#701,#702,#801,#802,#901,#902,#1001,#1002,#1101,#1102,#1201,#1202,#1301,#1302,#1401,#1402,#1501,#1502,#1601,#1602,#1701,#1702,#1801,#1802,#1901,#1902,#2001,#2002,#2101,#2102,#2201,#2202,#2301,#2302,#2401,#2402,#2501,#2502,#2601,#2602,#2701,#2702,#2801,#2802,#2901,#2902,#3001,#3002,#3101,#3102,#3201,#3202,#3301,#3302,#3401,#3402,#3455,#3501,#3502,#3601,#3602,#3701,#3702,#3801,#3802,#3901,#3902,#4001,#4002,#4101,#4102,#4201,#4202,#4301,#4302,#4401,#4402,#4501,#4502,#4601,#4602,#4701,#4702,#4801,#4802
#10,1.0,0.3000528285274048,0.3751221659696236,0.09677085626238169,0.3852014087607308,0.3297424609289016,0.25930662557781203,0.20151882016288797,-0.03892581994276909,0.20571208452564385,0.24478318291877613,0.26426810477657936,-0.024347347567686552,0.21219238388729914,-0.4597402597402597,-0.16543473475676865,0.27791327316751047,0.0659123926920537,-0.1358793748624257,-0.056951353731014745,-0.495824345146379,0.07053048646268985,-0.3234426590358794,0.21681267884657715,-0.24230904688531807,0.21664979088707903,-0.2713295179396874,0.09926920537090028,0.15456966762051508,0.26470394012766896,0.08777459828307287,0.033920316971164426,0.31109619194364957,0.23138895003301782,0.08648250055029716,0.3800704380365397,0.1637640325775919,0.1977657935285054,-0.15197666740039623,0.28354171252476335,0.13020030816640987,0.23747303543913714,-0.010515078142196786,-0.04087607307946291,-0.4772573189522342,0.05112920977327757,0.05301782962799912,0.2089896544133832,-0.026053268765133173,0.0449306625577812,0.0562425709883337,0.011410961919436496,0.13075500770416024,-0.1096764252696456,-0.5299603786044464,-0.03422628219238389,-0.33289676425269643,-0.01790887079022672,0.023455866167730575,-0.04574290116662998,0.15471934844816201,0.18237068016729033,0.15787585296059872,0.3226172132951794,-0.131666299801893,0.004979088707902268,0.3579639005062734,0.3727338762931983,0.06722650231124808,0.12772397094430993,0.09650451243671583,0.16591019150341185,-0.1551287695355492,0.1770988333700198,-0.16608188421747744,0.29420206911732333,-0.04238168611049967,0.22080783623156505,-0.16709002861545236,0.23576491305304864,0.19054149240589918,0.32579132731675103,0.24658155403918117,0.11481620074840414,0.3187167070217918,0.20699537750385208,0.3549658815760511,-0.11615892581994276,0.23677966101694914,0.16471494607087828,0.33471494607087826,0.1704160246533128,0.30849878934624697,0.2302575390710984,0.2973167510455646,-0.08816420867268325,0.16890821043363416,0.31783623156504515,0.17259300022011886,0.23944309927360774,0.1736781862205591,0.09904688531807176,0.2235461149020471,0.22256218357913274,0.21144838212634823,0.2869887739379265,0.2522474136033458,0.2208650671362536,-0.008886198547215497,-0.006524323134492626,0.00198547215496368
#11,0.3000528285274048,1.0,0.29127008584635705,0.11380145278450363,0.2812458727712965,0.279735857362976,0.302458727712965,0.08569227382786705,0.1264802993616553,0.20939027074620295,0.12890160686770857,0.22765573409641207,0.10106537530266343,0.036121505613031034,-0.3903191723530707,-0.05026634382566586,-0.013169711644287915,0.08806515518379925,0.055617433414043585,0.18871670702179177,-0.2023464670922298,-0.08191943649570768,-0.07734536649790887,-0.11431653092670042,-0.029821703720008804,0.07956416464891042,-0.1638696896324015,0.02689192163768435,0.14193924719348447,0.27548316090688973,0.10244111820383006,0.004430992736077482,0.17573849878934625,0.08919876733436055,0.34828087167070215,0.31094651111600263,0.29686330618534007,0.15645828747523663,0.12541052168170813,0.14439357252916574,0.3007043803653973,0.21551397754787585,0.2117345366497909,0.03186000440237728,-0.2637442218798151,-0.01931102795509575,-0.10577812018489985,0.2294937266123707,0.02271186440677966,0.15770416024653314,0.19271846797270525,0.260528285274048,0.08566365837552278,-0.08045564604886639,-0.3844419986792868,-0.04850759410081444,-0.08614791987673344,0.02105657054809597,-0.09563064054589478,-0.04047105436935945,0.31325775918996257,0.3908320493066256,-0.015423728813559322,0.036896324014968084,-0.17454325335681267,0.29530926700418225,0.1477591899625798,0.04633281972265023,0.2258133392031697,0.4220383006823685,0.12392471934844816,0.2795091349328637,-0.011802773497688752,0.08866607968302884,-0.03179616993176315,0.2516883116883117,0.007933083865287256,0.28062073519700637,-0.1678846577151662,0.17683248954435396,0.08368038740920097,0.032903367818622055,-0.012912172573189523,-0.031468192824125024,0.24507373981950253,0.0224125027514858,0.33933744221879814,-0.008324895443539511,0.21089588377723972,0.10987893462469733,0.09876513317191284,0.0389390270746203,0.2694519040281752,0.031523222540171696,0.20910631741140215,-0.13025753907109838,0.18227602905569007,-0.024450803433854282,0.14209112920977326,-0.0838895003301783,0.10502091129209773,-0.17351529826106096,0.07856922738278671,0.1997292537970504,0.24084745762711865,0.03947831829187761,0.07283953334800793,0.32554699537750387,-0.03264802993616553,-0.122623816861105,-0.0735923398635263
#12,0.3751221659696236,0.29127008584635705,1.0,0.3784173453664979,0.13654853620955315,0.2107836231565045,0.16315870570107857,-0.14271186440677966,0.016458287475236626,0.39044464010565705,0.04281752146158926,-0.14303323794849218,0.11164648910411622,0.02531366938146599,-0.280099053488884,-0.022995817741580455,0.6113823464670922,0.506154523442659,-0.20131410961919435,-0.3129473915914594,-0.26688531807175875,-0.12104996698217037,0.0835130970724191,-0.04651992075720889,0.1778978648470174,0.08347347567686551,0.1546665199207572,0.2584701738939027,0.27494827206691613,0.0575676865507374,0.4028923618754127,0.11630420427030597,0.6616751045564605,0.4934778780541492,0.23221659696235966,0.040387409200968526,0.25793308386528724,0.014527845036319613,0.097937486242571,0.20182918776139114,0.19865067136253578,0.06982830728593441,-0.15688091569447501,-0.30742460928901605,-0.23629760070438036,-0.32020691173233545,-0.02916354831609069,0.36622055910191503,0.310396213955536,0.16027294739159145,0.49645168390931105,0.25998459167950694,0.47092009685230024,0.27820383006823685,-0.08758529605987234,0.1149042482940788,-0.13480079242791107,-0.4948954435395113,0.37465551397754787,0.06212194585075941,-0.1523662777900066,0.336517719568567,-0.10461589258199427,0.0374950473255558,-0.08281972265023113,0.22359674224081003,0.14843275368699096,0.11828967642526965,-0.027433414043583536,-0.022890160686770855,0.40591019150341184,0.07208452564384768,-0.5655888179616994,-0.0815100154083205,-0.5603169711644288,-0.04110499669821704,-0.33909531146819283,0.2559145938806956,0.3626194144838213,0.21188201628879594,0.3264472815320273,0.049528945630640545,-0.16712524763372222,-0.03739379264802994,0.017065815540391813,-0.041589258199427694,0.5163548316090689,-0.014990094651111601,0.1369205370900286,-0.14445080343385427,0.04946951353731015,0.09997138454765574,0.44849218578032135,0.3067906669601585,0.35814880035219016,0.2928945630640546,0.3995509575170592,0.6680629539951574,0.5739973585736298,0.21979088707902267,0.4586594761171032,0.41477437816420865,0.328976447281532,0.45631741140215715,0.5885582214395774,0.22984371560642747,0.5514263702399296,0.011417565485362095,0.10414263702399296,0.23523222540171693,-0.013460268545014307
#13,0.09677085626238169,0.11380145278450363,0.3784173453664979,1.0,-0.17257539071098393,0.19142637023992956,-0.006797270526084085,-0.39731234866828086,0.026764252696456086,0.5101452784503632,-0.15509134932863747,-0.274290116662998,0.2655359894342945,-0.3255381906229364,-0.024858023332599604,-0.05065815540391812,0.43486462689852523,0.2460444640105657,-0.060873871890821045,-0.2827294739159146,-0.2902069117323355,0.06916795069337442,0.15592780101254677,0.3280057230904688,0.252590799031477,0.27765793528505395,0.19622055910191502,0.39952014087607307,0.23929121725731894,0.2693748624257099,0.23071758749724852,0.23861104996698218,0.1482984811798371,0.35192163768434953,0.25124367158265465,0.157838432753687,0.2551331719128329,0.20395113361215056,-0.0005987233105877173,0.2830794629099714,0.10368038740920096,0.18710323574730353,-0.17875852960598723,-0.038278670482060316,-0.22586396654193264,-0.254719348448162,0.343680387409201,0.47559762271626677,0.12987233105877174,0.03362315650451244,0.27783843275368697,0.004871230464450803,0.19586396654193264,-0.006169931763152102,0.050074840413823464,0.1545278450363196,0.04032357473035439,-0.17402597402597403,0.0887937486242571,0.147574290116663,0.16240149680827648,0.22523002421307506,0.3238674884437596,0.33047765793528505,0.1140347787805415,0.07787585296059872,0.26632621615672464,-0.1363944530046225,-0.0887673343605547,-0.05475896984371561,-0.01687211093990755,-0.12037860444640106,-0.360033017829628,-0.16417565485362096,-0.21284613691393353,-0.19168611049966983,-0.22759630200308167,0.017283733215936604,0.041283292978208236,0.1512128549416685,-0.13714725952014087,-0.15869909751265684,-0.15231124807395993,-0.28672683248954434,-0.2670680167290337,-0.2913735417125248,0.16319172353070657,0.03279110719788686,0.09097072419106317,-0.3440721989874532,0.10692053709002862,-0.044858023332599604,0.21543473475676866,0.16152542372881357,-0.014294519040281752,-0.08500770416024653,0.20192824125027514,0.16107638124587279,0.357442218798151,0.15133392031697115,0.22143737618313888,0.22090688972044903,0.2239159145938807,0.24213955535989434,0.37385208012326654,-0.0015650451243671582,0.1930332379484922,-0.06406559542152762,0.027182478538410743,0.2745322474136033,-0.0029892141756548535
#17,0.3852014087607308,0.2812458727712965,0.13654853620955315,-0.17257539071098393,1.0,0.5785296059872331,0.16620735197006384,0.23157164869029276,0.12114241690512877,0.1397886858903808,0.24623156504512436,0.5213999559762271,0.2816949152542373,0.3590512876953555,-0.4332027294739159,-0.12053268765133172,0.05031256878714506,0.1625379705040722,-0.16238828967642527,0.10087167070217917,-0.2386088487783403,-0.06782082324455206,-0.4315628439357253,0.09055029716046666,-0.3419106317411402,-0.06211754347347568,-0.46493286374642306,-0.28213735417125246,0.40433193924719346,0.2812062513757429,0.3784459608188422,0.12916574950473256,0.2576799471714726,0.18223640766013646,0.36852740479859125,0.5098987453224741,0.33381906229363856,0.29949592780101253,0.010988333700198107,0.1419898745322474,0.2501386748844376,0.3496720228923619,0.41303323794849217,0.23012766894122827,-0.2764957076821484,0.1907638124587277,-0.32155183799251597,-0.16339203169711644,-0.0924785384107418,-0.011193044243891701,-0.004371560642747083,-0.07064935064935066,-0.09938146599163548,-0.23394012766894123,-0.42408320493066254,-0.08685009905348888,-0.2515870570107858,0.15580013207131851,-0.137145058331499,-0.07047325555800132,0.06815540391811578,0.11491305304864627,0.07081884217477438,0.15012326656394454,-0.3499031476997579,-0.0988663878494387,0.3075170592119745,0.17306625577812018,0.07798371120405019,0.2987673343605547,-0.003598943429451904,0.12779000660356593,-0.013973145498569227,0.11346467092229805,0.03791107197886859,0.37010125467752586,0.13594541052168171,0.33727492846136914,-0.18671582654633503,0.1662755888179617,0.45123046445080345,0.6856548536209554,0.18704600484261502,0.24244772176975568,0.6842615012106538,0.051567246313009026,0.4188047545674664,0.2313449262601805,0.3918842174774378,0.527823024433194,0.5939291217257319,0.3336737838432754,0.44670041822584194,-0.051567246313009026,0.3550033017829628,-0.14815760510675766,0.009372661237068017,0.10077701959057891,-0.17677966101694914,0.04719348448162008,-0.12434074400176096,0.18133612150561304,0.249603786044464,0.0325775918996258,0.10056350429231785,0.2178318291877614,0.08965661457186881,0.2985956416464891,0.053951133612150565,-0.09332379484921857,0.04791107197886859
#18,0.3297424609289016,0.279735857362976,0.2107836231565045,0.19142637023992956,0.5785296059872331,1.0,0.020891481399955975,0.05378824565265243,0.11340303764032578,0.28716707021791765,0.11670041822584196,0.16283292978208233,0.3672705260840854,-0.11826106097292538,-0.3402531366938147,-0.16322033898305086,0.12167070217917676,0.2608430552498349,-0.07551837992515958,0.08035879374862426,-0.34832709663218137,0.008272066916134713,-0.12656174334140435,0.1933942328857583,-0.11634822804314329,0.09241030156284394,-0.1387541272287035,-0.0350759410081444,0.46578472375082547,0.4648250055029716,0.4166299801893022,0.3100044023772837,0.11281091789566366,0.14422848338102576,0.4200528285274048,0.40400396213955536,0.3385296059872331,0.3023882896764253,0.036033458067356375,0.18147919876733437,0.16288575830948712,0.3421747743781642,0.30556680607528064,0.2780431432973806,-0.2867884657715166,0.04167290336781862,-0.2035725291657495,-0.05228263262161567,-0.09402597402597403,0.03573629760070438,0.0963944530046225,0.04140215716486903,-0.019137134052388288,-0.24294959278010125,-0.19837332159366058,-0.1764736957957297,-0.1953070658155404,0.14103675985031916,-0.009861325115562404,0.08140655954215276,0.11857142857142858,0.07209112920977327,0.10866607968302884,0.19412282632621616,-0.053508694695135375,0.10215716486902927,0.2702289236187541,0.0048910411622276025,-0.021210653753026634,0.2405062733876293,0.08550737398195025,0.09694475016508915,-0.051716927140655955,-0.06907550077041602,-0.06409421087387189,0.08571208452564384,-0.05968082764692934,0.04262601804974686,-0.11266123706801673,0.2405062733876293,0.13027955095751706,0.5322143957737178,-0.008272066916134713,-0.15949592780101254,0.2847391591459388,-0.1421879815100154,0.1970526084085406,0.24131410961919436,0.3092934184459608,0.236979969183359,0.5337596302003081,0.12407219898745322,0.30134712744882236,-0.15395773717807615,0.16641206251375742,-0.16403037640325777,0.13843275368699098,0.24150781421967862,-0.0796566145718688,-0.06956416464891041,-0.07624697336561743,0.3248162007484041,0.3102355271846797,0.19536869909751264,0.10941668500990535,-0.02887079022672243,0.06565045124367158,0.08325775918996257,-0.007486242570988334,-0.11845916795069338,-0.11704820603125687
#26,0.25930662557781203,0.302458727712965,0.16315870570107857,-0.006797270526084085,0.16620735197006384,0.020891481399955975,1.0,0.41500550297160466,0.1270856262381686,0.37742901166629983,0.5513757429011666,0.4118710103455866,0.3618842174774378,0.4242593000220119,-0.3139687431212855,-0.22685890380805634,0.1489588377723971,-0.054404578472375086,-0.43838212634822804,-0.2950429231785164,-0.011604666519920757,-0.235148580233326,-0.01474356152322254,-0.04926260180497469,-0.24567906669601586,-0.4526304204270306,0.015219018269865728,0.014648910411622276,-0.07182478538410741,-0.06178076161127009,0.09290997138454765,-0.02074620294959278,0.15623156504512437,-0.03542372881355932,-0.03103015628439357,-0.11837552278230244,-0.2551661897424609,-0.36288795949812896,-0.23854281311908432,-0.26015408320493066,0.014961479198767334,-0.25705480959718247,0.0995773717807616,-0.36444199867928684,-0.1548117983711204,-0.03430112260620735,0.057759189962579796,0.07438476777459828,0.20451243671582656,0.15791107197886858,0.054492626018049745,0.10179176755447941,0.19606647589698437,0.2365859564164649,-0.12050187101034558,-0.09295179396874312,0.15788685890380805,-0.041749944970283955,0.22558881796169933,0.1059916354831609,0.12812458727712964,0.03266343825665859,0.02863746423068457,0.045414924058991855,-0.24903367818622055,0.004644508034338543,0.1257274928461369,0.12069337442218799,-0.20829848117983712,-0.16970724191063175,-0.02857142857142857,-0.1088994056790667,0.13640325775918996,0.20130310367598503,0.19742460928901606,0.35198767334360553,0.27382566585956414,0.08473035439137135,0.0016971164428791548,-0.23861325115562404,0.20319172353070658,0.05658155403918116,0.097211093990755,0.24809156944750166,0.214719348448162,0.307607307946291,0.08376623376623377,0.062240810037420206,-0.07723530706581554,0.49627118644067797,-0.12710323574730353,0.2004534448602245,0.3713449262601805,0.1063020030816641,0.1847457627118644,0.14493506493506494,-0.15972044904248295,0.11333480079242791,-0.03968302883557121,0.0062227602905569005,0.07683909311027955,0.060191503411842394,0.06144618093770636,-0.14710763812458727,-0.06696015848558222,0.11772397094430993,0.08036759850319172,0.25176535329077704,0.20667620515078142,0.007466431873211534,0.01986352630420427
#49,0.20151882016288797,0.08569227382786705,-0.14271186440677966,-0.39731234866828086,0.23157164869029276,0.05378824565265243,0.41500550297160466,1.0,0.44417345366497907,0.1420823244552058,0.5694761171032358,0.471419766674004,0.16620074840413823,0.520048426150121,-0.08665639445300462,-0.29930002201188644,-0.0697160466651992,0.026368038740920096,-0.10721329517939687,-0.16819062293638565,0.2505679066696016,-0.3028153202729474,-0.17759630200308166,-0.327211093990755,-0.19347787805414923,-0.45368699097512655,-0.29215276249174554,-0.43909751265683467,0.015844155844155845,0.0064714946070878274,0.04095971824785384,-0.08060092449922958,-0.05471274488223641,-0.20966982170372,-0.0789918556020251,-0.05742460928901607,-0.23714725952014087,-0.32193484481620077,0.012434514637904468,-0.26723530706581555,-0.2736033458067356,-0.2751023552718468,0.44278450363196126,-0.2207990314769976,0.05,-0.05187981510015408,-0.30292097732775697,-0.3844684129429892,-0.0386286594761171,-0.2543693594541052,-0.29594320933303986,-0.272359674224081,-0.0762557781201849,-0.05133612150561303,0.051314109619194366,-0.0961765353290777,-0.0834338542813119,-0.00589918556020251,-0.13354171252476338,-0.20132291437376182,-0.14671362535769317,-0.13747083425049528,-0.26586616773057453,-0.2556416464891041,-0.07702179176755448,-0.07991635483160907,0.0933149900946511,0.11518600044023773,0.01540611930442439,-0.16107858243451464,0.1358133392031697,0.17138014527845036,0.5695113361215056,0.422722870349989,0.2444618093770636,0.4126810477657935,0.31308166409861327,-0.06728153202729474,-0.109702839533348,-0.21405018710103457,0.27645608628659474,0.05176095091349329,0.4000858463570328,0.2003830068236848,0.32314549856922736,0.4332643627558882,-0.07923618754127229,-0.12574510235527184,-0.030413823464670923,0.4789896544133832,0.1920977327756989,0.2170327977107638,0.08055690072639225,-0.03584635703279771,0.042139555359894346,0.0988928021131411,-0.2523310587717367,0.005168390931102796,-0.19908650671362535,-0.2187607307946291,-0.32053048646268983,0.04087607307946291,-0.15898745322474137,-0.45682368478978647,-0.34992956196346026,0.1965265243231345,-0.14522342064714946,0.1791635483160907,0.20021571648690292,-0.30818181818181817,0.060081443979749065
#50,-0.03892581994276909,0.1264802993616553,0.016458287475236626,0.026764252696456086,0.12114241690512877,0.11340303764032578,0.1270856262381686,0.44417345366497907,1.0,0.29914373761831387,0.42675985031917235,0.09184019370460049,0.13088047545674664,0.207739379264803,0.13091789566365838,-0.09336781862205591,0.18331939247193485,0.08938586836891922,0.20037860444640104,-0.2269535549196566,0.29823024433193923,-0.23556900726392252,0.013576931543033239,-0.17984371560642748,0.19637244111820382,-0.06556020250935506,-0.2117477437816421,-0.28621835791327316,0.08184899845916795,-0.013645168390931103,0.09524763372221,0.10648250055029716,0.22724851419766673,0.1789852520360995,-0.025630640545894784,0.006713625357693155,0.09541052168170812,-0.009929561963460268,0.2895619634602685,0.03355712084525644,-0.08896984371560643,-0.06786264582874753,0.20212414703940126,-0.030405018710103454,-0.057536869909751265,-0.1825115562403698,-0.24651111600264142,-0.24431432973805856,-0.14159145938806955,-0.394983491085186,-0.23767554479418887,-0.3070195905789126,-0.18067136253576932,-0.018188421747743783,0.12443979749064495,0.08276469293418445,-0.20635923398635264,-0.34182918776139115,-0.20426150121065376,-0.28126128109178955,-0.06861985472154963,0.046139115122165966,-0.28380585516178736,-0.2618776139115122,0.19866387849438696,-0.08232885758309487,-0.04194364957076822,-0.09409641206251376,0.26062293638564826,0.01116222760290557,0.3216068677085626,0.19743561523222541,0.2708210433634162,0.1406317411402157,-0.0736385648250055,0.09021351529826106,0.09256218357913273,0.020633942328857582,0.1159850319172353,0.07189962579793088,0.08167730574510236,-0.07484701738939027,-0.05829187761391151,0.09443099273607748,0.09298481179837112,0.08358353510895884,0.07810257539071098,-0.13361655293858685,-0.04240369799691834,0.0798415144177856,0.12599383667180278,0.22635263042042703,0.02236187541272287,0.18567906669601586,-0.055595421527624915,0.2343517499449703,0.03784063394232886,0.06956856702619414,0.01286814880035219,-0.03704380365397315,-0.19749064494827206,0.12112920977327757,0.061419766674003964,-0.12058991855602025,0.04468853180717588,0.20517279330838653,-0.047219898745322474,0.15832929782082325,0.34991855602025096,0.003559322033898305,0.10561082984811798
#51,0.20571208452564385,0.20939027074620295,0.39044464010565705,0.5101452784503632,0.1397886858903808,0.28716707021791765,0.37742901166629983,0.1420823244552058,0.29914373761831387,1.0,0.3108496588157605,0.09570327977107639,0.3849680827646929,0.04896324014968083,-0.14591239269205372,-0.2651287695355492,0.48981730134272505,0.21197666740039622,-0.1074025974025974,-0.40008144397974904,-0.16314329738058553,-0.31775038520801235,0.010625137574290117,-0.04904688531807176,0.03967202289236187,-0.11969183359013867,0.03320933303984151,0.030840854061193045,0.2601848998459168,0.2750121065375303,0.2684129429892142,0.21679286814880036,0.21839533348007925,0.3526040061633282,0.27849218578032137,0.1440744001760951,0.24725511776359235,-0.017596302003081665,-0.02202509355051728,0.12194585075941008,0.0817147259520141,-0.007587497248514197,0.1226304204270306,-0.17545454545454545,-0.18843715606427472,-0.33302883557120844,0.0472837332159366,0.18955315870570108,0.06437376183138895,-0.03810917895663658,0.13450363196125908,-0.05648690292758089,0.2360180497468633,-0.013583535108958837,-0.06897864847017389,0.12893022232005283,-0.05990975126568347,-0.2594276909531147,0.04491745542593,-0.08740039621395554,0.01992956196346027,0.11950473255558001,0.11617213295179397,0.12397094430992736,0.014136033458067356,0.12523882896764252,0.1704754567466432,-0.09836231565045124,-0.1312590799031477,-0.09020030816640986,0.04404358353510896,0.015505172793308387,-0.10266563944530047,-0.03890160686770856,-0.08516398855381906,-0.007933083865287256,-0.09597622716266783,-0.09127448822364076,-0.10559322033898305,-0.05038961038961039,0.167739379264803,0.107508254457407,-0.004695135373101475,-0.11052168170812239,-0.07213955535989434,0.007149460708782742,0.1606779661016949,-0.03518600044023773,0.10044904248294079,0.06556680607528065,0.16115122165969623,-0.0045388509795289455,0.3574158045344486,0.10324014968082765,0.16316971164428792,-2.8615452344265902e-05,-0.11898084965881577,0.20368258859784283,0.14793308386528725,0.182722870349989,0.12725731895223422,0.21355051727933083,0.25284173453664976,0.11748624257098833,0.2440325775918996,0.22651111600264143,0.19999119524543255,-0.08710323574730354,0.10567466431873211,-0.011657495047325555,-0.08333480079242792
#52,0.24478318291877613,0.12890160686770857,0.04281752146158926,-0.15509134932863747,0.24623156504512436,0.11670041822584196,0.5513757429011666,0.5694761171032358,0.42675985031917235,0.3108496588157605,1.0,0.376781862205591,0.31416905128769534,0.3911622276029056,-0.08006823684789786,-0.39600924499229584,0.22051948051948053,0.01885097952894563,-0.2869975786924939,-0.3089588377723971,0.13255558001320714,-0.3487211093990755,-0.11905789126128109,-0.23384107418005723,-0.21793528505392912,-0.36067576491305303,-0.3301012546775259,-0.3904358353510896,0.04134932863746423,0.02960378604446401,0.09898965441338323,0.03909090909090909,0.08331058771736738,-0.05950033017829628,-0.04702839533348008,0.03311248073959938,-0.13763812458727712,-0.19618754127228705,-0.04005062733876293,-0.1305260840854061,-0.06994276909531147,-0.12205370900286154,0.26535549196566144,-0.18710543693594542,-0.039088707902267227,-0.15938806955756107,-0.14688531807175875,-0.16059872331058772,-0.11049526744441998,-0.16803213735417125,-0.09001760950913493,-0.12350209112920978,0.14893462469733657,0.07557561082984812,0.01780101254677526,-0.0834140435835351,-0.16788906009244992,-0.1517345366497909,-0.05880475456746643,-0.117145058331499,-0.0005855161787365177,-0.026141316310807836,-0.027191283292978208,-0.09211754347347567,-0.1723728813559322,-0.0837112040501871,0.10171912832929782,0.17737178076161128,0.040033017829628,-0.19945190402817523,0.12279550957517059,0.02287475236627779,0.4033942328857583,0.2992604006163328,0.1252014087607308,0.31895003301782965,0.25258639665419325,-0.04292978208232445,0.029658815760510677,-0.19291437376183138,0.23780321373541713,0.1501848998459168,0.23523222540171693,0.2671626678406339,0.2830838652872551,0.28932423508694693,0.03568567026194145,-0.1723728813559322,-0.040887079022672246,0.42774158045344485,0.07793968743121285,0.1840810037420207,0.12592339863526303,0.0028329297820823243,0.03795069337442219,0.06771076381245873,-0.24588377723970944,0.21073739819502532,-0.08749284613691394,0.1323530706581554,-0.01907770195905789,0.24082764692934183,0.08785384107418005,-0.20406999779881135,-0.13517719568567027,0.18465551397754787,-0.08211754347347568,0.28581994276909534,0.2355888179616993,-0.18548095971824785,-0.040290556900726394
#53,0.26426810477657936,0.22765573409641207,-0.14303323794849218,-0.274290116662998,0.5213999559762271,0.16283292978208233,0.4118710103455866,0.471419766674004,0.09184019370460049,0.09570327977107639,0.376781862205591,1.0,0.2838696896324015,0.41573189522342063,-0.09349108518600044,-0.26043143297380583,-0.11337442218798151,-0.11053488883997359,-0.11087607307946291,-0.04020911292097733,-0.05354171252476337,-0.2197160466651992,-0.18092670041822584,-0.08839313229143737,-0.2819986792868149,-0.3076271186440678,-0.3690050627338763,-0.3047435615232225,0.038355712084525644,0.12374202069117324,0.0645806735637244,0.03015628439357253,-0.060345586616773056,-0.1352014087607308,-0.029698437156064274,0.23872331058771737,0.041639885538190625,0.009619194364957076,-0.01523662777900066,-0.11719348448162008,-0.09110279550957517,0.03600044023772837,0.4148800352190183,0.06026634382566586,-0.11076601364736958,0.17906009244992296,-0.23808056350429233,-0.2583799251595862,-0.09958177415804534,-0.05176535329077702,-0.24045784723750827,-0.10567686550737398,-0.13770416024653312,-0.21026854501430772,-0.24446621175434735,-0.200726392251816,-0.10232225401716927,0.19742681047765795,-0.1723134492626018,-0.14877173673783844,0.1472176975566806,0.01735197006383447,0.03427690953114682,-0.012857142857142857,-0.24348888399735857,0.002632621615672463,0.09311027955095752,0.04024213075060533,0.05325996037860445,0.14556020250935506,-0.09178516398855383,0.14037200088047547,0.3803103675985032,0.332326656394453,0.38216376843495486,0.3888025533788246,0.2836187541272287,-0.024195465551397753,-0.18642306845696677,-0.11448382126348228,0.283992956196346,0.42766894122826327,0.39368699097512655,0.2807792207792208,0.47285714285714286,0.19854061193044245,0.09813119084305524,0.03430112260620735,0.12331939247193484,0.6366850099053489,0.1604886638784944,0.2645982830728593,0.08234866828087167,-0.16341844596081884,0.15735417125247633,-0.14878274268104777,-0.19041822584195467,-0.039951573849878935,-0.2788201628879595,0.03497468633061854,-0.1730772617213295,-0.011109399075500771,-0.010387409200968523,-0.11863306185340083,-0.08294078802553378,0.10685670261941449,-0.0935461149020471,0.2024983491085186,-0.11817741580453445,-0.2653753026634383,-0.077343165309267
#54,-0.024347347567686552,0.10106537530266343,0.11164648910411622,0.2655359894342945,0.2816949152542373,0.3672705260840854,0.3618842174774378,0.16620074840413823,0.13088047545674664,0.3849680827646929,0.31416905128769534,0.2838696896324015,1.0,0.09428791547435615,-0.14632621615672464,-0.17614571868809156,0.10705040721989875,0.2451089588377724,-0.3993198327096632,-0.21436055469953774,-0.054486022452124146,-0.13069117323354612,0.14283953334800792,0.13132731675104556,-0.1598151001540832,-0.36140435835351087,0.0036979969183359015,-0.0683843275368699,0.372953995157385,0.23631300902487343,0.4764626898525204,0.12693154303323795,0.01854061193044244,-0.07396434074400177,0.3227030596522122,0.06740699977988114,0.024202069117323356,-0.1201782962799912,-0.06534888839973586,-0.19382786704820604,0.017090028615452346,-0.051780761611270085,0.23919876733436055,-0.08389830508474576,-0.08932423508694695,-0.04189082104336342,-0.023028835571208453,-0.18751045564604887,0.10545894783182919,0.012965001100594321,-0.08697336561743342,-0.0014505833149900946,-0.00312788906009245,-0.08955535989434295,0.08734536649790887,-0.16815320272947393,0.20080563504292318,0.12432973805855162,0.140132071318512,0.18161787365177195,0.08022232005282853,-0.09376183138895003,0.15048646268985252,0.08748624257098833,-0.23318071758749725,0.03218578032137354,0.21668060752806514,-0.16783623156504512,-0.2189984591679507,-0.03584635703279771,-0.0852080123266564,-0.1865595421527625,-0.0066784063394232885,-0.02881796169931763,0.23087607307946292,0.2266784063394233,0.16074180057230905,0.02710543693594541,0.07219898745322474,-0.006332819722650231,0.3271868809156945,0.36602025093550516,0.28836231565045123,-0.0003059652212194585,0.15907550077041602,-0.03934404578472375,0.022799911952454326,0.30557561082984813,0.07744001760950914,0.39391371340523884,0.18082764692934183,0.19248073959938367,0.35051287695355493,-0.2292427911071979,0.10826326216156724,0.03302003081664098,-0.13881576051067576,0.06573189522342064,-0.18975786924939467,0.00576271186440678,-0.0961171032357473,0.3609839313229144,-0.030422628219238388,-0.10754347347567686,-0.05699537750385208,-0.046381245872771294,-0.01534008364516839,0.08850099053488884,-0.025447941888619853,0.049489324235086944,0.07342284833810257
#58,0.21219238388729914,0.036121505613031034,0.02531366938146599,-0.3255381906229364,0.3590512876953555,-0.11826106097292538,0.4242593000220119,0.520048426150121,0.207739379264803,0.04896324014968083,0.3911622276029056,0.41573189522342063,0.09428791547435615,1.0,-0.11539291217257319,-0.20578912612810918,0.080264142637024,0.022117543473475675,-0.15755888179616992,-0.15426370239929563,0.12573849878934626,-0.207343165309267,-0.24959938366718026,-0.08983931322914374,-0.12135593220338983,-0.2517675544794189,-0.40712304644508035,-0.3700792427911072,0.10333039841514417,-0.05808496588157605,0.19949592780101255,-0.07152542372881356,0.265313669381466,0.10023992956196345,-0.031593660576711424,0.060501871010345584,-0.06330398415144178,-0.1466718027734977,0.03842174774378164,-0.1536649790887079,-0.01799471714725952,-0.12389830508474577,0.1720030816640986,-0.3378824565265243,-0.15484481620074841,-0.021558441558441558,-0.2150033017829628,-0.16795509575170592,0.09377944089808496,-0.10478318291877614,-0.155016508914814,-0.12540171692714067,0.0024851419766674003,0.058100374202069115,-0.21614791987673343,-0.08360994937266124,-0.09185119964780981,-0.1760906889720449,-0.024345146379044683,-0.24047105436935945,-0.00414043583535109,-0.059599383667180275,-0.0890909090909091,-0.023022232005282854,-0.33829848117983713,-0.19635923398635263,0.23912832929782082,0.2875610829848118,0.15527845036319612,0.05456966762051508,0.12190182698657274,0.19772176975566805,0.16120184899845916,0.306649790887079,0.17120845256438477,0.38845916795069335,0.2457627118644068,0.10448162007484041,0.02351089588377724,-0.11062073519700638,0.32430772617213294,0.17817081223860884,0.15763592339863527,0.3686528725511776,0.4225489764472815,0.26651551837992515,0.10289456306405459,0.14021351529826107,-0.011534228483381025,0.4864142637023993,0.040444640105657056,0.25161347127448824,0.13576271186440678,-0.05709663218137794,0.21138234646709222,0.17598943429451905,-0.08356152322254017,-0.007274928461369139,-0.13377503852080122,0.014464010565705482,-0.014180057230904689,0.04417345366497909,0.10860004402377284,-0.31261281091789567,-0.1100858463570328,0.2401122606207352,0.04593000220118864,0.2547259520140876,0.28438696896324017,-0.05045124367158266,0.1646995377503852
#101,-0.4597402597402597,-0.3903191723530707,-0.280099053488884,-0.024858023332599604,-0.4332027294739159,-0.3402531366938147,-0.3139687431212855,-0.08665639445300462,0.13091789566365838,-0.14591239269205372,-0.08006823684789786,-0.09349108518600044,-0.14632621615672464,-0.11539291217257319,1.0,0.12522342064714945,0.15046665199207573,-0.09655293858683689,0.4843385428131191,-0.051003742020691176,0.6029760070438036,-0.1552278230244332,0.22932643627558882,-0.3368897204490425,0.44841514417785605,-0.062397094430992735,-0.0339225181598063,-0.355643847677746,-0.24107197886858903,-0.19437816420867268,-0.2529341844596082,-0.04659916354831609,-0.17833590138674885,-0.10064054589478318,-0.28825665859564165,-0.25416464891041163,0.0812260620735197,0.09193484481620075,0.19917895663658375,-0.06762931983270966,-0.36327977107638126,-0.07304864626898525,-0.046960158485582215,0.08071758749724851,0.28219458507594103,-0.0055624036979969186,-0.05486902927580894,-0.2652410301562844,-0.3029275808936826,-0.4688465771516619,-0.2778846577151662,-0.4084723750825446,-0.2988421747743782,-0.20204490424829408,0.3699383667180277,0.03901826986572749,-0.046310807836231566,-0.21535549196566145,-0.2665419326436276,-0.4362469733656174,-0.09695575610829849,-0.040158485582214395,-0.0075720889280211316,-0.13810697776799472,0.3031256878714506,-0.2600264142637024,-0.29926260180497466,-0.2608694695135373,0.3380959718247854,-0.009073299581774158,0.18148139995597623,0.14644948272066916,0.27672463130090247,0.023612150561303103,0.09635263042042704,-0.23764472815320273,0.07319392471934845,-0.23425049526744443,0.18549416685009906,-0.13456306405458948,-0.2619524543253357,-0.2927140655954215,-0.20536869909751265,0.01907770195905789,-0.32682808716707024,-0.17009024873431652,-0.1839885538190623,-0.29515298261060974,-0.4213823464670922,-0.3411116002641426,-0.3637332159366058,-0.33304644508034337,-0.5755381906229364,-0.06059211974466212,-0.4236781862205591,0.23653312788906009,-0.08657495047325556,-0.09325775918996258,-0.05023992956196346,-0.07903587937486242,-0.11471494607087827,-0.08146819282412503,-0.2506735637244112,0.0960180497468633,0.008357913273167511,-0.16191503411842395,-0.16045344486022453,-0.19679947171472595,0.09635703279771077,0.006887519260400616,0.042949592780101256
#102,-0.16543473475676865,-0.05026634382566586,-0.022995817741580455,-0.05065815540391812,-0.12053268765133172,-0.16322033898305086,-0.22685890380805634,-0.29930002201188644,-0.09336781862205591,-0.2651287695355492,-0.39600924499229584,-0.26043143297380583,-0.17614571868809156,-0.20578912612810918,0.12522342064714945,1.0,-0.06354831609068898,0.08427911071978869,0.1975280651551838,0.45495487563284176,0.014829407880255338,0.5399317631521021,0.08348448162007484,0.13083204930662556,-0.033770636143517496,0.07559542152762491,0.13563284173453666,0.13475016508914814,0.012632621615672463,-0.12309046885318072,0.07550077041602465,-0.18977107638124588,-0.08468412942989215,-0.18221879815100153,-0.01160906889720449,-0.16992515958617654,-0.10435835351089588,-0.009172353070658156,-0.28687871450583313,-0.12146379044684129,-0.08472595201408761,-0.046621175434734756,-0.39229143737618316,0.2539027074620295,-0.13700858463570328,0.22456526524323134,-0.15019590578912612,-0.16165089148139997,0.0029650011005943207,0.07468633061853401,0.08347347567686551,0.16808936825885978,-0.10669161347127448,-0.07327536869909751,0.056830288355712084,-0.13561303103675984,-0.08785384107418005,-0.04223420647149461,-0.00700858463570328,-0.10113141096191944,-0.24738058551617872,-0.2132225401716927,-0.15374642306845696,0.18812458727712966,0.36107638124587277,0.03180497468633062,-0.10975126568346907,0.0537904468412943,0.13694254897644728,0.23040061633281972,0.22556680607528065,0.1083909311027955,-0.09699757869249395,-0.11412062513757429,-0.1225445740699978,-0.1595333480079243,-0.11735857362976007,-0.058443759630200307,0.13665419326436276,0.35826106097292537,-0.21297600704380365,-0.07507814219678627,-0.16301782962799913,-0.2078450363196126,-0.16692493946731235,-0.1953180717587497,-0.15731234866828087,0.09636583755227823,-0.15956196346026855,-0.2712568787145058,-0.08717587497248515,-0.2988333700198107,-0.18731454985692275,-0.07847897864847017,-0.21570548095971825,0.23476557340964122,0.2506713625357693,-0.01587277129650011,-0.026724631300902486,-0.14132291437376182,-0.160462249614792,0.10088707902267224,-0.1506581554039181,0.05390050627338763,-0.10965441338322694,-0.1556680607528065,-0.16583094871230464,-0.0825841954655514,-0.15445960818842175,-0.005199207572088928,-0.08911292097732776
#201,0.27791327316751047,-0.013169711644287915,0.6113823464670922,0.43486462689852523,0.05031256878714506,0.12167070217917676,0.1489588377723971,-0.0697160466651992,0.18331939247193485,0.48981730134272505,0.22051948051948053,-0.11337442218798151,0.10705040721989875,0.080264142637024,0.15046665199207573,-0.06354831609068898,1.0,0.39477657935285054,-0.06546335020911292,-0.45118864186660795,-0.004752366277790006,-0.19492185780321372,0.14167070217917677,-0.03822143957737178,0.3219480519480519,0.06891041162227603,-0.013755227823024433,-0.09522121945850759,0.17820603125687873,0.09379925159586176,0.31611490204710546,0.12958837772397094,0.47204270305965224,0.4902773497688752,0.12010565705480959,0.06310147479639006,0.3113119084305525,0.13326216156724632,0.08680387409200968,0.29411622276029054,-0.037774598283072856,0.042313449262601804,-0.09870570107858244,-0.12909311027955095,-0.1773233546114902,-0.21290336781862207,-0.02052608408540612,0.1997292537970504,0.014422187981510015,-0.2697930882676645,0.1281091789566366,-0.26509795289456306,0.1708188421747744,0.037785604226282195,0.08562843935725292,0.2369205370900286,-0.242392692053709,-0.5184789786484701,0.12347567686550738,-0.20213735417125248,-0.0005106757649130531,0.24652872551177635,0.08417565485362095,0.1335923398635263,0.0587607307946291,-0.1340788025533788,0.17097952894563065,-0.028584635703279772,0.07725952014087607,-0.1576337222099934,0.3816552938586837,0.040583314990094654,-0.3013647369579573,-0.00537310147479639,-0.3510037420206912,-0.08231785163988554,-0.08318291877613912,0.06231344926260181,0.3348976447281532,0.20118864186660798,0.11679066696015848,0.004697336561743342,-0.1907704160246533,0.03015408320493066,0.022619414483821265,-0.15629319832709662,0.4148756328417345,-0.28206031256878716,0.0017543473475676865,-0.14690512876953554,0.04501430772617213,0.07457406999779881,0.20611270085846356,0.26662998018930223,0.08714065595421527,0.3895883777239709,0.16760290556900725,0.5796279991195246,0.4781818181818182,0.3548976447281532,0.3407329958177416,0.482227602905569,0.31470834250495267,0.3819590578912613,0.5001496808276469,0.278234646709223,0.40681488003521904,0.13809377063614353,0.2396962359674224,0.24593660576711424,0.10759630200308166
