,#10,#11,#12,#13,#17,#18,#26,#49,#50,#51,#52,#53,#54,#58,#101,#102,#201,#202,#301,#302,#401,#402,#501,#502,#601,#602,#701,#702,#801,#802,#901,#902,#1001,#1002,#1101,#1102,#1201,#1202,#1301,#1302,#1401,#1402,#1501,#1502,#1601,#1602,#1701,#1702,#1801,#1802,#1901,#1902,#2001,#2002,#2101,#2102,#2201,#2202,#2301,#2302,#2401,#2402,#2501,#2502,#2601,#2602,#2701,#2702,#2801,#2802,#2901,#2902,#3001,#3002,#3101,#3102,#3201,#3202,#3301,#3302,#3401,#3402,#3455,#3501,#3502,#3601,#3602,#3701,#3702,#3801,#3802,#3901,#3902,#4001,#4002,#4101,#4102,#4201,#4202,#4301,#4302,#4401,#4402,#4501,#4502,#4601,#4602,#4701,#4702,#4801,#4802
#10,1.0,0.40285714285714286,0.2570812238608849,0.38070878274268105,-0.16140655954215277,-0.1427999119524543,0.05979308826766454,0.42165089148139995,-0.05684349548756328,0.3671274488223641,0.3068346907329958,0.20696456086286594,0.2838498789346247,-0.14258859784283512,-0.1808496588157605,0.1540215716486903,-0.0006273387629319833,-0.008743121285494166,0.03077261721329518,0.2981091789566366,-0.04396654193264363,0.1572639225181598,-0.12013427250715386,0.17999119524543253,0.16425049526744442,0.29406339423288574,0.10818842174774378,0.17524543253356814,-0.3333237948492186,0.03577151661897424,-0.3127426810477658,-0.09515738498789346,-0.11563944530046225,0.0034382566585956418,-0.2586616773057451,0.04293638564825006,-0.12711644287915475,0.10615892581994277,-0.11331278890600925,-0.07658815760510676,-0.19285934404578473,0.09830728593440458,-0.028250055029716045,-0.14671802773497689,0.0021087387189082105,0.233053048646269,0.23182478538410742,0.19570988333700198,0.11317851639885539,0.06627118644067796,0.0287871450583315,0.012214395773717808,-0.07470394012766894,0.07051287695355492,-0.09434294519040282,0.13403918115782523,-0.15698217037200088,0.0463944530046225,-0.14346467092229803,0.004369359454105217,-0.012342064714946071,0.07651771956856702,-0.23052388289676426,-0.23189082104336342,0.25899845916795067,0.0777261721329518,-0.10531587057010786,-0.19080783623156505,0.00112920977327757,0.017836231565045123,0.15739819502531366,0.21738718908210433,-0.2569073299581774,-0.12584415584415584,-0.20853400836451683,-0.1557671142416905,-0.1520118864186661,-0.055078142196786264,-0.07370680167290337,0.14833590138674885,-0.1280739599383667,-0.06965001100594322,,-0.11338983050847458,0.10589698437156064,-0.04348888399735858,0.03628439357252917,-0.19910411622276028,0.1102047105436936,0.0014593880695575611,-0.03362315650451244,0.06194585075941008,0.17494827206691613,-0.0798613251155624,-0.07243671582654633,-0.1035329077701959,0.15082104336341626,-0.09288355712084526,0.18648250055029716,0.08584855822143958,0.07498789346246973,-0.0823530706581554,-0.08146599163548317,-0.14743781642086726,0.14061633281972266,0.010728593440457847,0.10527404798591239,-0.02400396213955536,0.017594100814439798,-0.04744001760950913,-0.07994497028395334
#11,0.40285714285714286,1.0,0.1787475236627779,0.2418930222320053,0.12192163768434955,0.07049526744441999,0.11585516178736517,0.42911071978868587,0.15069337442218797,0.3690182698657275,0.13737838432753688,0.12218578032137355,0.008353510895883777,-0.20806955756108297,0.08338102575390711,0.24206911732335462,0.032960598723310586,-0.07239489324235086,0.3210961919436496,0.27418886198547215,0.056979969183359014,0.281765353290777,0.027283733215936606,0.16687211093990756,0.06515738498789346,0.13078142196786263,0.12121065375302663,0.0439885538190623,-0.06600264142637025,-0.05673563724411182,-0.14710763812458727,-0.140033017829628,-0.0776931543033238,0.17664318732115342,-0.18648250055029716,0.06336341624477218,0.14451683909311028,0.20220999339643408,0.14232885758309488,0.027607307946290998,0.04874312128549416,0.21539731454985692,-0.01633281972265023,0.07703059652212195,-0.08760950913493286,0.16856702619414485,0.032143957737178076,-0.005018710103455866,-0.015773717807616112,0.01071978868589038,-0.14472815320272947,-0.07014968082764693,-0.08753246753246753,0.05891701518820163,-0.04053048646268985,0.2694320933303984,-0.22517719568567027,0.12838872991415365,-0.2474620294959278,-0.10027734976887519,-0.22203169711644288,-0.20265903587937487,-0.010127668941228263,-0.13233766233766234,-0.008837772397094431,0.11311908430552499,-0.023812458727712964,-0.04560642747083425,0.2812436715826546,0.20545234426590359,0.2803433854281312,0.2611798371120405,-0.040607528065155184,0.023099273607748185,-0.014994497028395334,0.055692273827867046,-0.20404578472375082,-0.14551177635923399,0.14981069777679948,0.2339423288575831,-0.08920537090028616,-0.06685009905348889,,-0.20055910191503412,0.14297820823244553,-0.2468104776579353,-0.25665419326436273,-0.22867048206031257,0.23316090688972044,0.02140876073079463,-0.009925159586176536,-0.22853400836451684,0.05690072639225181,-0.22786924939467312,-0.24023992956196347,-0.0048492185780321375,0.240627338762932,-0.07747963900506273,0.19648910411622275,-0.07118203830068237,0.022152762491745543,-0.01099933964340744,-0.11268765133171912,-0.13416464891041163,0.14680387409200968,-0.05456966762051508,0.26239049086506716,-0.27961479198767336,-0.17990314769975788,-0.18371340523882898,-0.20174114021571649
#12,0.2570812238608849,0.1787475236627779,1.0,0.3227074620294959,0.1591305304864627,0.47764913053048647,0.07678186220559102,0.13093770636143517,-0.2046797270526084,0.34763592339863525,0.12164869029275809,0.11948492185780321,0.11829187761391151,-0.14031256878714507,-0.19376183138895003,0.037756988773937926,0.4666035659255998,0.6321659696235967,-0.013196125907990314,0.11262601804974687,-0.19218578032137354,0.11035439137134052,0.2607241910631741,0.12195905789126128,0.2426502311248074,0.358267664538851,0.28357693154303326,0.35194364957076824,0.21323794849218577,0.1612987012987013,0.2654171252476337,0.00939687431212855,0.26563944530046224,0.10023332599603786,-0.2281620074840414,0.050099053488884,-0.03897424609289016,-0.07230684569667621,-0.17134712744882236,-0.1767290336781862,0.1570283953334801,0.07042482940788025,-0.26543913713405237,0.01720228923618754,0.18126128109178957,0.26755007704160244,0.402491745542593,0.4277195685670262,0.15412942989214176,0.2332027294739159,0.23869249394673123,0.23415584415584415,0.24254677525863966,0.15381465991635482,-0.10825225621835792,-0.08745102355271847,-0.30867048206031256,-0.028688091569447502,0.014345146379044684,0.08722650231124808,-0.3252674444199868,-0.2646467092229804,-0.07455866167730575,0.03828747523662778,0.3681554039181158,0.2040347787805415,-0.023629760070438037,-0.04609949372661237,-0.07321593660576711,-0.1930904688531807,-0.059264802993616555,-0.014490424829407881,-0.3517609509134933,-0.13539731454985693,-0.5278934624697337,-0.4501562843935725,-0.45049746863306184,-0.3404490424829408,0.26271406559542154,0.38614571868809155,0.03029716046665199,0.38955315870570106,,0.12085186000440237,0.06914153642967202,-0.32629760070438035,-0.18964560862865948,0.16858023332599603,0.26617873651771956,-0.09201188641866608,0.06806295399515738,-0.16678626458287477,-0.08561743341404358,-0.1141602465331279,-0.08635263042042703,0.29768875192604005,0.3712854941668501,0.5351221659696236,0.629108518600044,0.284983491085186,0.36696896324014966,0.4600110059432093,0.22906889720449042,0.1911005943209333,0.32589478318291876,0.19649130530486464,0.21179837112040503,-0.3175478758529606,-0.34666299801893025,-0.18521241470394012,-0.02177856042262822
#13,0.38070878274268105,0.2418930222320053,0.3227074620294959,1.0,0.24950473255558,0.06731014747963901,0.032535769315430334,0.11576711424169052,-0.20314109619194365,0.4385956416464891,0.16870349988994057,0.2113119084305525,0.14722870349988995,-0.09469953775038521,-0.22173673783843276,-0.08063614351749945,0.3135064935064935,0.20022232005282853,-0.09979308826766455,0.019639005062733875,-0.1782148360114462,0.10762271626678406,0.08071538630860665,0.17227162667840634,0.08237508254457407,0.18993176315210214,0.09572088928021132,0.3694320933303984,-0.020257539071098393,-0.012810917895663658,-0.028795949812898965,0.22317191283292978,0.11066255778120185,-0.06807616112700858,-0.2694783182918776,0.08804534448602246,-0.07882456526524323,-0.1473233546114902,-0.14919216376843494,-0.1591833590138675,-0.08420427030596522,0.13373321593660575,-0.13369579572969403,-0.29367378384327536,-0.020017609509134934,0.2664076601364737,0.2874950473255558,0.36983931322914376,0.1628945630640546,0.059231785163988554,0.06834910851860004,0.1371318511996478,-0.03845036319612591,0.1640215716486903,-0.30793528505392914,-0.09720889280211314,-0.18443979749064496,-0.11075280651551837,0.060145278450363195,0.20895443539511335,-0.06906669601584856,-0.005958617653532908,-0.030710983931322915,0.08033458067356372,0.2937420206911732,0.10938366718027735,-0.10385868368919217,-0.02485362095531587,-0.12558001320713186,0.015971824785384107,-0.10032137354171253,0.01241470394012767,-0.30773717807616113,0.022480739599383667,-0.39017389390270746,-0.3053224741360335,-0.25024873431653094,-0.2195905789126128,0.22444640105657054,0.16583094871230464,-0.030374202069117322,0.06808056350429231,,-0.16149680827646928,0.11376843495487564,-0.05289896544133832,0.036757649130530486,0.27092009685230023,0.11098613251155624,-0.04855822143957737,0.14438696896324016,0.02970063834470614,0.12468192824125028,0.033598943429451904,0.14755888179616994,0.047023992956196345,0.2806229363856482,0.16659476117103236,0.32906009244992296,0.2191701518820163,0.33471934844816204,0.41324675324675325,0.20358793748624257,-0.05605767114241691,0.21067356372441118,0.03449922958397535,0.1289522342064715,-0.05731014747963901,-0.09558661677305745,0.05050627338762932,0.1493858683689192
#17,-0.16140655954215277,0.12192163768434955,0.1591305304864627,0.24950473255558,1.0,0.22455646048866387,0.107343165309267,0.10615892581994277,-0.07366057671142417,0.10123706801672903,-0.05419106317411402,0.4012348668280872,0.19606867708562623,0.03572749284613692,-0.037090028615452346,-0.12367818622055911,0.28582434514637906,0.11674444199867928,-0.14892802113141096,-0.29954215276249174,0.04063174114021571,-0.24145058331499009,-0.14565045124367157,0.030490865067136254,-0.12233325996037861,-0.07075060532687652,-0.3001408760730795,-0.054721549636803875,0.02315430332379485,-0.2151551837992516,0.24112260620735196,0.03854721549636804,0.21481840193704602,-0.09169051287695355,0.23544353951133612,0.14435174994497027,0.05181818181818182,-0.18405238828967643,-0.08378824565265243,-0.26726832489544355,-0.09740259740259741,-0.02290116662998019,-0.14420206911732336,0.015304864626898526,-0.3272198987453225,0.0034954875632841735,0.04241470394012767,0.05864406779661017,-0.18609509134932864,-0.2815892581994277,-0.21199427690953115,-0.0963746423068457,-0.1715628439357253,-0.20059432093330398,-0.11240810037420207,-0.16381465991635483,-0.014998899405679066,-0.09873651771956857,-0.029269205370900286,-0.165346687211094,0.08822804314329738,0.07550297160466651,0.12842615012106537,0.12429672022892362,-0.09617213295179397,0.2590909090909091,-0.045300462249614794,-0.003094871230464451,-0.16761611270085847,-0.018749724851419767,-0.11835791327316751,-0.25037860444640103,-0.03962139555359894,0.07905569007263923,-0.06982830728593441,-0.03145938806955756,0.026064274708342505,0.00036759850319172355,0.08010785824345146,0.015234426590358794,0.20597182478538412,0.2896720228923619,,0.012337662337662338,0.3851529826106097,0.04779000660356592,0.072656834690733,0.364719348448162,-0.03993836671802774,0.2597732775698877,0.32595641646489104,-0.20888179616993177,-0.029016068677085626,0.08144618093770636,0.13047765793528504,0.0149768875192604,-0.07739819502531367,0.07341624477217698,0.22942108738718908,0.152590799031477,0.23337001981069777,0.1989786484701739,-0.04166189742460929,0.10958837772397094,0.17070217917675545,0.11418005723090469,0.09821043363416244,0.09859784283513097,0.09022232005282853,0.20845916795069339,0.24605987233105878
#18,-0.1427999119524543,0.07049526744441999,0.47764913053048647,0.06731014747963901,0.22455646048866387,1.0,0.19273387629319833,-0.13795289456306406,-0.2587079022672243,0.2149372661237068,-0.04922077922077922,0.017596302003081665,0.05434074400176095,0.01902707462029496,0.010420427030596521,-0.11265903587937487,0.2746841294298921,0.3996324014968083,-0.07127668941228263,-0.22629099713845477,0.0044111820383006825,-0.15138234646709223,0.21122826326216157,-0.061862205591019154,0.11301122606207352,-0.1085890380805635,0.026814880035219018,0.026260180497468633,0.48705040721989873,0.11279330838652872,0.5280937706361435,0.17279330838652873,0.4038564825005503,0.13219678626458287,0.20801232665639446,-0.11976667400396214,0.05606647589698437,-0.23341844596081884,-0.018230244331939247,-0.09372000880475456,0.1832951793968743,-0.032306845696676204,-0.08134052388289677,0.15556240369799693,0.11084305524983491,-0.004294519040281752,-0.09346907329958178,0.040132071318512,0.0112722870349989,0.0624983491085186,0.0951023552718468,0.09717367378384327,0.24465551397754787,-0.036286594761171034,0.06705040721989874,-0.0699867928681488,-0.15549416685009906,-0.19006163328197226,0.10445080343385428,-0.002124147039401277,-0.12105877173673783,-0.07732555580013208,0.03443979749064495,0.19016949152542373,0.015461149020471054,0.24222320052828528,0.12929121725731896,0.021837992515958617,-0.1535659255998239,-0.2943385428131191,-0.08624036979969184,-0.31988333700198107,-0.1028681488003522,0.06930882676645389,-0.11271406559542153,-0.0971648690292758,-0.19941888619854722,-0.009473915914593881,0.2971604666519921,0.12852300242130751,0.25443979749064494,0.47626018049746865,,0.3193880695575611,0.16588597842835132,-0.1362293638564825,-0.0812194585075941,0.28201848998459167,0.09020911292097733,0.117871450583315,0.08610829848117983,-0.03533348007924279,-0.02055690072639225,-0.052659035879374864,0.059764472815320276,0.27882456526524324,0.17829627999119524,0.4408012326656394,0.2031983270966322,0.16906889720449042,0.32306185340083643,0.352920977327757,0.26243451463790446,0.2530838652872551,0.2874862425709883,0.3161435174994497,0.30659476117103235,-0.12309046885318072,-0.1732643627558882,-0.006464891041162228,0.010118864186660796
#26,0.05979308826766454,0.11585516178736517,0.07678186220559102,0.032535769315430334,0.107343165309267,0.19273387629319833,1.0,-0.05888179616993176,0.06317411402157165,0.19706361435174993,-0.08047765793528505,0.1699933964340744,0.11354171252476337,0.4458661677305745,-0.1967092229804094,-0.12003081664098614,0.11224741360334581,-0.041468192824125026,-0.24683248954435394,-0.20011446180937706,-0.11698657274928462,-0.21933744221879814,-0.27660136473695796,-0.07741360334580674,-0.23046445080343386,-0.07538850979528945,-0.31191723530706583,-0.10208012326656395,0.026867708562623816,-0.08326436275588818,-0.037074620294959275,0.18552718467972706,0.03387189082104336,0.1462953995157385,0.1813119084305525,-0.003370019810697777,-0.20109178956636584,-0.1135527184679727,-0.3766211754347348,-0.05441998679286815,-0.1649108518600044,0.001151221659696236,-0.15137574290116662,-0.1595927801012547,-0.10106977767994717,-0.12840633942328858,-0.05085626238168611,-0.09395773717807616,0.0978582434514638,-0.0501452784503632,0.011091789566365837,0.02968302883557121,-0.2180761611270086,-0.20721109399075502,-0.2064869029275809,0.01489324235086947,-0.03828087167070218,-0.07673783843275368,0.0351287695355492,0.047673343605546994,0.268366718027735,0.35877834030376404,0.17152762491745543,0.35649570768214833,-0.25010785824345144,-0.0001672903367818622,0.3605216817081224,0.4139401276689412,-0.12307506053268766,-0.021415364296720227,0.13386528725511776,-0.03985692273827867,-0.11196786264582875,0.022896764252696458,-0.04904688531807176,-0.044129429892141754,0.2142064714946071,0.3001716927140656,0.1605591019150341,-0.01715166189742461,-0.2041272287034999,-0.03821043363416245,,-0.059645608628659474,0.286040061633282,0.2713119084305525,0.31224961479198765,0.16418445960818842,-0.08674003962139555,0.10819942769095311,0.27062293638564827,0.0561435174994497,0.10211754347347568,0.17650451243671583,0.03483381025753907,-0.01191503411842395,0.1796896324014968,0.06827206691613472,-0.07832269425489764,0.21294959278010125,0.3025203609949373,0.051820383006823685,0.03844816200748404,0.10268985252036099,0.19678626458287476,0.08550957517059211,0.21102575390710984,0.2756658595641647,0.3762689852520361,0.22673563724411183,0.14946951353731014
#49,0.42165089148139995,0.42911071978868587,0.13093770636143517,0.11576711424169052,0.10615892581994277,-0.13795289456306406,-0.05888179616993176,1.0,0.2981928241250275,0.4445938806955756,0.29825665859564165,0.21116883116883117,0.10630420427030597,-0.06409861325115562,0.08918776139115123,0.04321813779440898,0.05037200088047546,0.1035064935064935,0.2874686330618534,-0.02978648470173894,0.2548646268985252,0.2633546114902047,0.06300682368478978,0.08044243891701519,0.13254017169271406,0.2101452784503632,0.04178076161127008,0.04379925159586177,-0.045500770416024655,0.10328417345366497,-0.34850099053488887,-0.2209685230024213,-0.2518049746863306,0.011952454325335682,-0.1341140215716487,0.024448602245212416,0.19217257318952236,0.06165969623596742,0.28133612150561305,-0.07277349768875192,0.10753246753246753,0.05700198106977768,0.12164869029275809,0.05291437376183139,-0.12943209333039843,0.06437596302003082,0.10539951573849879,0.04837772397094431,0.011333920316971164,-0.07427911071978868,0.028419546555139775,0.0030684569667620517,0.17909090909090908,0.04482720669161347,0.27963900506273387,0.09601364736957957,-0.10389830508474576,-0.017911071978868588,-0.36987233105877176,-0.19699537750385207,-0.3648668280871671,-0.22020250935505173,0.05762491745542593,-0.06327316751045564,0.22523002421307506,0.15783403037640326,0.0898811358133392,-0.03307946290997139,0.32821263482280433,0.04786044464010566,0.20330838652872552,0.20090688972044904,0.0987211093990755,0.206484701738939,0.10193484481620074,0.06431873211534228,-0.07140215716486903,0.03666740039621395,0.00700198106977768,0.21659476117103235,0.06172132951793969,-0.11589478318291878,,-0.1196632181377944,-0.16839973585736298,-0.30248954435395115,-0.2362425709883337,-0.09751926040061633,0.1499075500770416,-0.019291217257318954,0.043944530046224964,-0.34448822364076603,-0.12607307946290996,-0.3703411842394893,-0.28152102135152984,0.10279771076381246,0.16079022672243012,0.01327756988773938,0.0875478758529606,-0.09517939687431212,-0.12602905569007264,-0.07922738278670483,-0.2145014307726172,0.13666960158485583,-0.06762491745542593,-0.14632621615672464,-0.05973365617433414,-0.24213295179396874,-0.15555359894342946,-0.34265903587937485,-0.24829627999119525
#50,-0.05684349548756328,0.15069337442218797,-0.2046797270526084,-0.20314109619194365,-0.07366057671142417,-0.2587079022672243,0.06317411402157165,0.2981928241250275,1.0,0.10201408760730794,0.14716266784063395,-0.07332379484921858,0.029238388729914154,0.1825379705040722,0.27336561743341403,0.07566145718688091,-0.11708782742681048,-0.24682808716707022,0.3029650011005943,-0.03679066696015849,0.4348448162007484,0.04024213075060533,0.01233546114902047,-0.07142416905128769,0.24033237948492187,-0.07951353731014749,-0.10486022452124147,-0.336451683909311,-0.0883645168390931,-0.032925379705040725,-0.21534668721109398,-0.18100374202069117,-0.34185780321373543,-0.02384107418005723,-0.0908694695135373,-0.0996566145718688,0.14293418445960818,0.07067576491305305,0.27961479198767336,0.03922738278670482,0.02727272727272727,-0.014076601364736959,0.16134932863746423,0.15382566585956417,-0.07326216156724631,-0.14044464010565705,-0.33637023992956194,-0.36690732995817743,0.06714065595421527,0.02212854941668501,-0.003856482500550297,-0.06052828527404799,0.11632401496808277,0.011782962799911952,0.4672529165749505,0.11651111600264143,0.09837332159366058,0.07481620074840414,-0.216847897864847,-0.23580453444860225,-0.2795751705921197,-0.17597182478538412,0.08733215936605768,0.035476557340964124,-0.17951573849878935,-0.11974686330618534,0.06673123486682808,0.15207351970063834,0.4045080343385428,0.19070217917675544,0.14017609509134932,0.12138895003301783,0.20113581333920316,0.08549416685009906,0.35281752146158923,0.3308320493066256,-0.023035439137134052,0.0025930002201188644,-0.021613471274488223,0.029944970283953334,-0.05625797930882677,-0.14430772617213294,,-0.09674444199867929,-0.09645608628659476,-0.2844243891701519,-0.29824345146379044,-0.034877834030376406,-0.013636363636363636,-0.18423508694695134,0.06615232225401717,-0.2703852080123267,-0.054571868809156945,-0.23823464670922298,-0.22252916574950474,0.22929121725731896,0.09015188201628879,-0.15585736297600705,-0.18853841074180058,0.00485362095531587,-0.12585516178736517,-0.2998327096632181,-0.3501848998459168,-0.15184679727052608,-0.06906009244992296,-0.2042835130970724,-0.02729914153642967,-0.17049746863306187,-0.04986352630420427,-0.2429517939687431,-0.2559542152762492
#51,0.3671274488223641,0.3690182698657275,0.34763592339863525,0.4385956416464891,0.10123706801672903,0.2149372661237068,0.19706361435174993,0.4445938806955756,0.10201408760730794,1.0,0.30462689852520364,0.14138895003301782,0.3602069117323355,0.017224301122606207,0.003317191283292978,0.023940127668941227,0.3275786924939467,0.21255337882456526,0.16474136033458067,0.027682148360114463,0.060294959278010124,0.027224301122606206,0.05968743121285494,0.06212194585075941,0.06946511116002642,0.10995597622716267,0.0213185119964781,0.007569887739379264,0.06920977327756989,0.08857803213735417,-0.16356372441118203,0.14313009024873433,0.1512524763372221,0.08574290116662998,-0.13967862645828746,0.0703037640325776,0.11286374642306846,-0.012104336341624477,-0.008368919216376844,-0.13705921197446622,0.16412062513757428,0.1662095531587057,-0.05746423068456967,-0.021463790446841293,-0.1510345586616773,-0.03536429672022892,0.15936165529385868,0.11258199427690953,0.26861985472154964,0.13869249394673122,0.06431873211534228,-0.01103896103896104,0.04399295619634603,0.012898965441338322,-0.08628659476117104,-0.019832709663218137,-0.2571516618974246,-0.2839357252916575,-0.16528945630640546,-0.08286814880035219,-0.30635703279771076,-0.1433480079242791,0.10168170812238608,0.20967202289236186,0.2799141536429672,0.14453224741360335,0.14367378384327537,0.009933964340744002,0.14778340303764032,0.08790006603565925,0.16757649130530486,0.232953995157385,-0.10731895223420647,0.03635703279771076,-0.16489984591679507,-0.0774554259300022,-0.1894673123486683,-0.12423948932423509,0.3173233546114902,0.34053929121725734,0.003178516398855382,0.08014087607307946,,0.06937046004842615,0.13690953114681928,-0.27670702179176754,-0.13594100814439797,0.15104556460488663,0.2520471054369359,0.06525203609949373,0.08376623376623377,-0.11556680607528065,-0.11900726392251816,-0.2230904688531807,-0.07676425269645609,0.08354171252476338,0.43169711644287917,0.20880255337882456,0.13158265463350208,0.06962799911952454,0.2532687651331719,0.24041162227602905,0.13475456746643188,0.09065155183799252,0.20064714946070877,0.02541712524763372,0.21976007043803655,-0.19938366718027736,-0.18670261941448382,-0.21770416024653313,-0.1011996478098173
#52,0.3068346907329958,0.13737838432753688,0.12164869029275809,0.16870349988994057,-0.05419106317411402,-0.04922077922077922,-0.08047765793528505,0.29825665859564165,0.14716266784063395,0.30462689852520364,1.0,0.21146599163548316,0.20226282192383888,-0.06867048206031257,0.23966762051507814,0.26598283072859347,-0.06457847237508255,0.1000132071318512,0.3602069117323355,0.20660136473695795,0.10451023552718468,0.09840193704600485,0.0983711204050187,0.09857142857142857,0.1293792648029936,0.06355491965661457,-0.1403279771076381,-0.18227162667840635,0.043163108078362315,0.2835857362976007,-0.3623156504512437,-0.1450429231785164,-0.2749768875192604,-0.03492626018049747,-0.1451617873651772,0.11451904028175215,0.13852520360994938,0.23199427690953114,0.018941228263262163,-0.10126128109178957,0.06712744882236407,0.2783116883116883,-0.04319832709663218,0.16453885097952894,-0.04686110499669822,-0.04645168390931103,-0.18967862645828748,-0.2105084745762712,-0.05534668721109399,0.04726172132951794,-0.21172132951793968,-0.22255337882456527,-0.024609289016068677,-0.0287805414924059,0.06726832489544354,0.16973365617433414,0.02023332599603786,0.15754567466431874,-0.27339863526304203,-0.3701254677525864,-0.17604886638784945,-0.13430332379484922,-0.007180277349768875,-0.027294739159145938,0.14272507153863087,-0.08219238388729914,-0.049885538190622934,-0.12909531146819284,0.3365991635483161,0.0224125027514858,0.29981289896544133,0.2787805414924059,0.04702839533348008,0.058800352190182696,-0.056302003081664095,-0.016984371560642746,-0.06280651551837993,-0.06010345586616773,0.21181157825225622,0.3249394673123487,0.04414043583535109,0.17527184679727054,,-0.0474554259300022,-0.02650231124807396,-0.2046929341844596,-0.1374224081003742,-0.031190843055249835,0.33030596522121947,0.07278670482060312,-0.12096852300242131,-0.22096632181377945,-0.06570548095971825,-0.235115562403698,-0.22273167510455646,0.013832269425489764,-0.019348448162007485,-0.10181818181818182,-0.10434514637904468,-0.19214615892581993,-0.25039621395553596,-0.09900066035659257,-0.12161787365177196,-0.1734272507153863,-0.13597402597402597,-0.27793308386528726,-0.3143451463790447,-0.16225841954655515,-0.15335020911292097,-0.21899625797930883,-0.11720228923618754
#53,0.20696456086286594,0.12218578032137355,0.11948492185780321,0.2113119084305525,0.4012348668280872,0.017596302003081665,0.1699933964340744,0.21116883116883117,-0.07332379484921858,0.14138895003301782,0.21146599163548316,1.0,0.40558001320713183,0.21271406559542153,-0.008278670482060312,-0.26316530926700415,0.14829187761391152,-0.07842174774378165,-0.010374202069117324,-0.06069557561082985,0.14970504072198987,-0.16910631741140217,-0.3406449482720669,-0.19635263042042703,-0.047862645828747524,-0.07074840413823465,-0.4142196786264583,-0.314851419766674,0.01701518820162888,0.11195465551397754,-0.13563284173453666,0.12774378164208672,0.017149460708782743,0.12907990314769976,0.3218379925159586,0.20266123706801673,0.1102773497688752,0.16849438696896324,-0.16859344045784724,-0.07680607528065155,0.05094430992736077,0.12483601144618094,-0.15659476117103235,-0.028705701078582436,-0.32043363416244774,-0.1594122826326216,0.09849878934624698,0.056806075280651555,-0.04770416024653313,-0.2994585075941008,-0.31499229583975347,-0.312821923838873,-0.3157495047325556,-0.4014902047105437,-0.09585516178736518,-0.0061281091789566365,0.018950033017829628,0.003508694695135373,-0.1462821923838873,-0.23239049086506713,0.13211534228483382,0.15441778560422628,0.362689852520361,0.1522011886418666,-0.11809597182478539,0.17557781201849,0.1266784063394233,0.16530486462689853,0.012357473035439137,-0.0017719568567026193,0.22198547215496367,0.06201408760730795,0.15178076161127008,-0.05985912392692054,0.11335681267884658,0.07645168390931102,0.25141536429672023,0.199966982170372,0.18128989654413383,0.016440677966101696,0.14385428131190844,0.4205216817081224,,0.04359233986352631,0.4380607528065155,0.06913713405238829,0.13576931543033238,0.2948272066916135,0.06410961919436496,0.35827646929341844,0.24551397754787585,-0.06615452344265904,-0.02592559982390491,-0.013964340744001762,-0.04793528505392912,-0.3287343165309267,-0.2385956416464891,0.02865727492846137,0.07910631741140216,0.044111820383006824,0.03974906449482721,0.1663548316090689,-0.059064494827206694,0.07902267224301122,0.2356834690732996,0.08792427911071979,0.058258859784283516,0.15881576051067575,0.18547215496368039,0.03446401056570548,0.046007043803653974
#54,0.2838498789346247,0.008353510895883777,0.11829187761391151,0.14722870349988995,0.19606867708562623,0.05434074400176095,0.11354171252476337,0.10630420427030597,0.029238388729914154,0.3602069117323355,0.20226282192383888,0.40558001320713183,1.0,0.1693682588597843,-0.04476337222099934,-0.22535549196566146,0.2467774598283073,-0.025967422408100373,-0.04038080563504292,-0.07998459167950693,0.10238388729914154,-0.15869029275808938,-0.21025974025974026,0.0047369579572969405,0.13403477878054149,0.03053929121725732,-0.23670922298040942,-0.20499229583975348,-0.03184899845916795,0.0511732335461149,-0.10237508254457407,0.16725071538630862,0.07635483160906889,-0.03637023992956196,0.13395993836671802,0.19930442438917015,-0.07984591679506933,0.08081884217477438,-0.26232445520581116,-0.17602245212414705,-0.10333920316971164,-0.09305084745762712,-0.1374488223640766,0.016971164428791548,-0.24782302443319393,-0.11946511116002641,0.1436847897864847,0.03530926700418226,0.08474356152322254,-0.22220338983050847,0.022099933964340745,-0.15291877613911511,-0.18104996698217038,-0.3174598283072859,0.06780541492405899,-0.19067136253576933,-0.06061193044243892,-0.12244992295839753,-0.152788906009245,-0.22244331939247194,0.11915694475016508,0.18453885097952893,0.18717587497248514,0.17086506713625357,-0.07156064274708343,0.023389830508474575,0.23215276249174555,0.06493506493506493,-0.07693154303323795,-0.13741140215716488,0.11399735857362976,-0.023821263482280433,-0.05871010345586617,-0.08563944530046225,0.07226502311248074,0.09735637244111821,0.10646929341844596,0.09142196786264582,0.0735461149020471,0.03831388950033018,0.22489324235086947,0.34020030816640984,,0.376946951353731,0.25852080123266563,0.018362315650451242,0.13408760730794628,0.33797270526084083,-0.0473827867048206,0.2969029275808937,0.15220559101915035,0.10680167290336783,0.13662117543473476,0.025505172793308387,0.12354171252476337,-0.014662117543473475,0.09257318952234206,0.057134052388289676,0.1446599163548316,0.15272727272727274,0.2732379484921858,0.01657935285053929,0.17987012987012987,-0.014142637023992956,0.2942196786264583,0.05088928021131411,0.10495047325555801,0.1698084965881576,0.09505172793308386,0.043979749064494825,0.0399801893022232
#58,-0.14258859784283512,-0.20806955756108297,-0.14031256878714507,-0.09469953775038521,0.03572749284613692,0.01902707462029496,0.4458661677305745,-0.06409861325115562,0.1825379705040722,0.017224301122606207,-0.06867048206031257,0.21271406559542153,0.1693682588597843,1.0,0.20705480959718248,-0.007895663658375523,-0.05101254677525864,-0.1717477437816421,0.033552718467972704,-0.17174554259300023,0.08375963020030816,-0.144224081003742,-0.12661457186880914,-0.17729253797050407,-0.19564384767774598,-0.07370900286154523,-0.5460532687651332,-0.31308166409861327,0.1607043803653973,0.11269425489764473,-0.07046004842615013,0.11361215056130311,-0.060248734316530925,0.026700418225841956,0.36335681267884656,0.03592339863526304,-0.021945850759410083,-0.02086946951353731,-0.06544794188861985,0.09496808276469293,0.12231565045124367,-0.011899625797930883,0.14516618974246093,0.014008364516839093,-0.1847721769755668,-0.2655051727933084,-0.29395773717807616,-0.2685274047985912,-0.07929341844596081,-0.242953995157385,-0.16157164869029275,-0.15157384987893463,-0.16890821043363416,-0.32572309046885317,0.0699471714725952,-0.1866519920757209,-0.04290336781862206,-0.2106317411402157,-0.21611930442438917,-0.18000440237728374,0.09141536429672023,0.1583270966321814,0.37436715826546335,0.36852740479859125,-0.23979749064494826,-0.00451683909311028,0.4411666299801893,0.3986506713625358,0.08530706581554039,0.129966982170372,0.22465111160026413,-0.01978428351309707,0.3376139115122166,0.2079352850539291,0.2609553158705701,0.24445960818842175,0.4184041382346467,0.3472683248954435,0.16156724631300903,-0.029977988113581332,0.0022320052828527404,0.07033017829628,,0.2304226282192384,0.2159718247853841,0.10130750605326877,0.05480959718247854,0.17331058771736738,-0.21088928021131412,0.030477657935285053,0.34475016508914813,-0.24204050187101034,-0.2105326876513317,-0.16865287255117764,-0.18037860444640105,0.012533568126788465,-0.11010345586616772,-0.11338322694254897,-0.2951309707241911,-0.010561303103675986,0.012755888179616993,-0.16252256218357913,-0.047695355491965664,0.011393352410301563,-0.1453598943429452,-0.06923838872991415,-0.13515078142196787,0.13647369579572968,0.2565639445300462,0.006894122826326217,-0.12794849218578033
#101,-0.1808496588157605,0.08338102575390711,-0.19376183138895003,-0.22173673783843276,-0.037090028615452346,0.010420427030596521,-0.1967092229804094,0.08918776139115123,0.27336561743341403,0.003317191283292978,0.23966762051507814,-0.008278670482060312,-0.04476337222099934,0.20705480959718248,1.0,0.31374642306845696,-0.13651111600264143,-0.18084085406119305,0.7457384987893463,0.1136319612590799,0.5841492405899186,0.0876535329077702,0.04733876293198327,-0.17956416464891042,0.16842394893242352,-0.047345366497908874,-0.1574488223640766,-0.4743187321153423,0.28056350429231786,0.20320713185119965,-0.21277129650011006,-0.019088707902267223,-0.11051727933083866,0.19712304644508033,0.11314549856922738,0.299966982170372,0.6021373541712525,0.30398635263042045,0.4784261501210654,0.1216420867268325,0.4329385868368919,0.3418842174774378,0.5013009024873432,0.435280651551838,-0.2542703059652212,-0.2693858683689192,-0.32077481840193706,-0.3439841514417786,-0.3351243671582655,-0.345049526744442,-0.24369359454105216,-0.3003367818622056,-0.04620074840413824,-0.06860664758969844,0.3699867928681488,0.16083865287255117,-0.1854853620955316,-0.1342262821923839,-0.48106317411402155,-0.5676513317191283,-0.43652432313449263,-0.48850759410081446,0.33919436495707683,0.12774378164208672,-0.022850539291217258,0.04129429892141757,0.062326656394453006,0.05945410521681708,0.6102993616552939,0.2651992075720889,0.3797424609289016,0.15796169931763152,0.6026502311248074,0.1691107197886859,0.4799075500770416,0.35726612370680166,0.01838432753686991,-0.05290777019590579,0.3215034118423949,0.20555359894342945,0.09363196125907991,0.0738895003301783,,0.10579793088267664,-0.06386748844375963,-0.5191481399955976,-0.5877283733215937,-0.11972265023112481,0.085346687211094,-0.050107858243451465,-0.013907109839313229,-0.5540788025533788,-0.5140149680827647,-0.5441404358353511,-0.5191151221659697,-0.08935945410521681,-0.16289676425269645,-0.3409267004182258,-0.2624455205811138,-0.21236187541272286,-0.36650451243671583,-0.17058551617873652,0.004761171032357473,-0.1849966982170372,-0.24441558441558442,-0.16980409421087386,-0.16728153202729473,-0.4475346687211094,-0.23868589038080565,-0.5089478318291878,-0.509273607748184
#102,0.1540215716486903,0.24206911732335462,0.037756988773937926,-0.08063614351749945,-0.12367818622055911,-0.11265903587937487,-0.12003081664098614,0.04321813779440898,0.07566145718688091,0.023940127668941227,0.26598283072859347,-0.26316530926700415,-0.22535549196566146,-0.007895663658375523,0.31374642306845696,1.0,-0.12784503631961258,0.14497248514197666,0.5064494827206691,0.679984591679507,0.07045784723750825,0.5133590138674884,0.12950473255558,0.2820977327756989,0.04122386088487783,0.3663350209112921,0.10171032357473035,-0.04362095531587057,-0.026986572749284614,0.031743341404358354,-0.16261281091789567,-0.16056130310367597,-0.2520515078142197,0.16454985692273827,-0.20572529165749504,0.17964780981730133,0.1210147479639005,0.45648250055029715,0.05666740039621396,0.24478098173013427,0.018010125467752585,0.4248250055029716,0.1779969183359014,0.47459828307285934,-0.04367598503191723,0.22227382786704822,-0.2103830068236848,-0.24048866387849438,-0.08365617433414044,0.13623156504512438,-0.16285714285714287,-0.10946511116002641,0.036607968302883556,0.28119744662117546,0.03344706141316311,0.3640942108738719,-0.38317411402157164,0.19526524323134492,-0.3989632401496808,-0.3160290556900726,-0.4140788025533788,-0.4496169931763152,-0.19844155844155845,-0.1881994276909531,0.23304864626898525,0.10553378824565265,-0.13424609289016068,-0.21699097512656834,0.4098657274928461,0.47542152762491746,0.30149900946511116,0.4980629539951574,0.0834800792427911,0.02821483601144618,-0.10962359674224081,-0.03190843055249835,-0.4045564604886639,-0.4076469293418446,0.14602245212414705,0.4277767994717147,-0.026702619414483823,-0.11225181598062954,,0.051320713185119965,-0.060983931322914374,-0.4342460928901607,-0.49877613911512214,-0.40566365837552276,0.21296059872331058,-0.21767774598283074,-0.030728593440457846,-0.5110477657935285,-0.4098547215496368,-0.4585604226282192,-0.5101342725071538,-0.008712304644508034,0.16370239929561964,-0.18045564604886638,-0.06586176535329077,-0.0724455205811138,-0.17801672903367818,-0.205346687211094,-0.0062051507814219675,-0.22629319832709663,-0.30774598283072857,-0.2156416464891041,-0.14788245652652432,-0.49676645388509794,-0.30316310807836233,-0.40395333480079243,-0.4800858463570328
#201,-0.0006273387629319833,0.032960598723310586,0.4666035659255998,0.3135064935064935,0.28582434514637906,0.2746841294298921,0.11224741360334581,0.05037200088047546,-0.11708782742681048,0.3275786924939467,-0.06457847237508255,0.14829187761391152,0.2467774598283073,-0.05101254677525864,-0.13651111600264143,-0.12784503631961258,1.0,0.39268104776579354,-0.019346246973365618,0.06162887959498129,-0.1706647589698437,-0.08222980409421088,0.016321813779440898,-0.19795509575170592,0.12286154523442659,0.02419106317411402,0.18384547655734096,0.25238168611049966,0.30044243891701516,0.20461589258199428,0.3415034118423949,0.23715606427470834,0.4242108738718908,0.10452784503631961,0.0750231124807396,0.11662117543473476,0.1089192163768435,-0.0899801893022232,-0.09716046665199207,-0.08010345586616772,0.23844596081884217,-0.0212062513757429,-0.25169491525423726,-0.08972485141976667,-0.048972044904248294,-0.0513713405238829,0.42240810037420207,0.3702135152982611,0.011650891481399956,-0.08723090468853181,0.1330574510235527,-0.009456306405458947,0.08696456086286594,-0.08488883997358573,-0.13491305304864626,-0.005916795069337442,-0.31379264802993617,-0.26351529826106096,0.2071604666519921,0.10212194585075941,-0.24082544574069997,-0.2089896544133832,0.20315430332379486,0.26646929341844594,0.27850099053488886,0.11214395773717807,0.1937970504072199,0.16374862425709882,0.030083645168390932,-0.04151221659696236,-0.002650231124807396,0.02851419766674004,-0.20991635483160906,0.09243451463790447,-0.3050231124807396,-0.20618534008364517,-0.2433744221879815,-0.27411842394893243,0.34689632401496806,0.20513097072419106,0.1418401937046005,0.2675478758529606,,0.11677525863966542,0.08226502311248074,-0.2732819722650231,-0.09935945410521682,0.44079462909971384,0.13607528065155183,0.12521681708122387,0.06074400176095091,0.08199647809817301,-0.18409641206251376,0.03197006383447062,0.0715826546335021,0.31545454545454543,0.17172793308386528,0.4639731454985692,0.3325775918996258,0.20988994056790666,0.1162491745542593,0.5966299801893022,0.36514417785604225,0.46340303764032575,0.2760488663878494,0.3398128989654413,0.2015430332379485,-0.2181135813339203,-0.2569755668060753,-0.17565925599823906,0.04164869029275809
