,#10,#11,#12,#13,#17,#18,#26,#49,#50,#51,#52,#53,#54,#58,#101,#102,#201,#202,#301,#302,#401,#402,#501,#502,#601,#602,#701,#702,#801,#802,#901,#902,#1001,#1002,#1101,#1102,#1201,#1202,#1301,#1302,#1401,#1402,#1501,#1502,#1601,#1602,#1701,#1702,#1801,#1802,#1901,#1902,#2001,#2002,#2101,#2102,#2201,#2202,#2301,#2302,#2401,#2402,#2501,#2502,#2601,#2602,#2701,#2702,#2801,#2802,#2901,#2902,#3001,#3002,#3101,#3102,#3201,#3202,#3301,#3302,#3401,#3402,#3455,#3501,#3502,#3601,#3602,#3701,#3702,#3801,#3802,#3901,#3902,#4001,#4002,#4101,#4102,#4201,#4202,#4301,#4302,#4401,#4402,#4501,#4502,#4601,#4602,#4701,#4702,#4801,#4802
#10,1.0,0.3914417785604226,0.3553686990975127,0.277343165309267,0.20337001981069777,0.25107858243451464,-0.042157164869029276,0.38171032357473034,0.34822364076601364,0.28409861325115565,0.33573849878934625,0.022507153863086066,0.26422628219238387,-0.1310081443979749,-0.22981069777679947,-0.04480739599383667,0.24743781642086726,0.22320052828527404,0.016524323134492626,0.034177856042262825,-0.3079418886198547,0.2080013207131851,0.13844596081884217,0.4209355051727933,0.21215716486902927,0.2289918556020251,-0.08909751265683469,0.36780321373541713,0.2785626238168611,0.11345366497908871,0.2628351309707242,-0.013856482500550297,0.10830728593440458,-0.2183381025753907,-0.04362755888179617,-0.28041162227602906,-0.26063394232885756,-0.3815738498789346,-0.2026172132951794,-0.27879594981289896,-0.23966541932643629,-0.07383887299141537,-0.07187101034558661,-0.18736737838432754,-0.03035879374862426,0.0524389170151882,-0.2597534668721109,-0.02587277129650011,-0.17965441338322694,0.3524014968082765,-0.0725313669381466,0.24571868809156944,-0.03412942989214176,0.23084525643847678,-0.2110675764913053,-0.20739819502531368,-0.3388994056790667,-0.21918115782522563,-0.062379484921857804,-0.30492626018049745,0.08775258639665419,0.210231124807396,-0.10187761391151222,-0.41859344045784724,0.21707682148360113,0.2548206031256879,-0.10101694915254238,-0.2296566145718688,0.17408540611930443,0.04120845256438477,0.23777679947171473,0.2409421087387189,-0.13355712084525645,0.09175214615892582,-0.16437156064274708,-0.14043583535108958,-0.2669403477878054,0.015419326436275589,0.18362976007043805,0.013528505392912173,-0.14589038080563504,-0.010327977107638124,0.157673343605547,0.0374488223640766,0.15228923618754128,-0.13039841514417785,-0.0017609509134932863,0.013042042703059652,-0.07012546775258639,0.37815760510675767,-0.21160686770856263,0.2669997798811358,0.09647369579572969,0.041703720008804755,-0.26406999779881135,0.22103896103896103,0.400792427911072,0.06533348007924279,0.1532819722650231,-0.15237508254457408,0.21394673123486682,0.24149240589918555,-0.05061193044243892,0.16240810037420206,0.27677305745102354,0.06715166189742461,0.0936253576931543,0.07057010785824346,0.19591679506933743,-0.018393132291437377,-0.13355712084525645
#11,0.3914417785604226,1.0,0.28916134712744884,0.1207638124587277,0.05282192383887299,0.04343605546995378,0.27033017829628,0.3214461809377064,0.45111820383006823,0.22178076161127008,0.32411622276029056,-0.08226502311248074,-0.03200968523002421,0.03797930882676646,-0.07990314769975787,0.10742681047765794,0.15802553378824566,0.1000132071318512,-0.024342945190402816,-0.010347787805414925,-0.17659035879374863,0.033753026634382566,-0.11502531366938147,0.2812480739599384,0.10036979969183359,0.07795289456306405,-0.15688091569447501,-0.2070327977107638,0.1519238388729914,0.029938366718027735,0.1472903367818622,0.0588333700198107,0.06598283072859344,0.036004842615012106,0.09461149020471055,-0.0037023992956196346,-0.033392031697116444,-0.05838212634822804,0.09539511336121506,-0.0723134492626018,-0.04786484701738939,-0.22898084965881577,-0.1339027074620295,0.08872551177635923,0.19159366057671143,-0.19409421087387188,-0.06260620735197006,-0.05916354831609069,0.07574290116662998,-0.06327536869909751,0.029084305524983492,-0.06294959278010126,-0.10889280211314109,-0.04766894122826326,-0.06277129650011005,-0.17086726832489543,-0.2885560202509355,-0.1938036539731455,-0.03680167290336782,-0.19549416685009904,0.11808056350429232,0.06118864186660797,0.10700418225841955,0.0032665639445300463,0.01074620294959278,-0.09402377283733215,0.1663020030816641,0.07442659035879375,0.1224125027514858,0.26642967202289236,0.11367598503191724,0.2739071098393132,0.007123046445080343,0.10025313669381467,0.010173893902707462,-0.05976007043803654,-0.10456746643187322,0.02639225181598063,0.08405899185560202,0.10024213075060533,-0.09351970063834471,0.005954215276249174,-0.2807704160246533,0.30546114902047106,-0.049625797930882676,0.15720228923618754,0.06373541712524763,0.057926480299361656,-0.010827646929341845,0.0006559542152762491,-0.2481201848998459,0.00917015188201629,-0.11802113141096192,0.0786022452124147,-0.12419766674003963,0.021267884657715168,0.21694695135373102,0.26692273827867047,0.03015408320493066,0.019108518600044023,0.003548316090688972,0.26453444860224523,0.11097952894563064,0.25313009024873434,0.044818401937046004,-0.08325775918996257,0.0588399735857363,0.06591019150341185,0.16621395553598944,0.24538190622936384,0.10282412502751485
#12,0.3553686990975127,0.28916134712744884,1.0,0.353581333920317,-0.19007043803653972,0.4181069777679947,0.18202069117323355,0.18028615452344265,0.07044023772837332,0.3353995157384988,0.17830068236847899,-0.11784063394232885,0.3166629980189302,-0.18871670702179177,0.002161567246313009,-0.0413581333920317,0.3864670922298041,0.59115562403698,0.06478098173013427,-0.16168611049966983,-0.13596081884217479,0.03776139115122166,0.09458507594100815,0.451897424609289,0.26442218798151,-0.039445300462249616,0.12619194364957076,0.23946731234866828,0.28000440237728375,-0.06817961699317632,0.22372661237068017,0.06349328637464231,0.437508254457407,0.06944750165089149,-0.21000440237728374,-0.3048668280871671,-0.30044684129429894,-0.25510675764913054,-0.22417565485362095,-0.12254237288135593,-0.3436781862205591,-0.2744331939247193,-0.1804996698217037,0.005001100594320933,-0.4492229804094211,-0.17760510675764912,-0.08386088487783402,-0.02295399515738499,0.09181598062953995,-0.05282852740479859,-0.027006383447061414,0.23912612810917896,0.08197666740039622,0.391171032357473,-0.21057671142416906,-0.08908650671362536,-0.383530706581554,-0.42676865507373984,-0.2445014307726172,-0.5266806075280651,-0.09012766894122827,0.03362976007043804,-0.3975852960598723,-0.2405018710103456,0.48901606867708564,0.22475016508914814,-0.23253576931543032,-0.0722804314329738,0.32238168611049967,0.06931102795509575,0.5364979088707902,0.4170548095971825,-0.019614791987673342,0.027037200088047546,-0.33496588157605106,-0.006594761171032358,-0.327640325775919,0.05472595201408761,-0.08616773057451023,-0.2164142637023993,0.05319172353070658,0.18816640986132513,0.20319172353070658,0.21537750385208013,0.10562623816861105,0.0036781862205591018,0.0986022452124147,-0.3533634162447722,-0.08666740039621396,0.09606867708562623,-0.3430442438917015,-0.1440083645168391,-0.39755888179616994,0.22793748624257099,-0.21419326436275588,0.44398415144177855,0.3264010565705481,0.31195905789126127,0.3537090028615452,0.1615694475016509,0.3289962579793088,0.509108518600044,0.14197886858903808,0.4248800352190183,0.2917477437816421,0.32168390931102797,0.38182698657274927,0.12958837772397094,0.21008364516839093,-0.013645168390931103,-0.17698877393792647
#13,0.277343165309267,0.1207638124587277,0.353581333920317,1.0,-0.03890821043363416,0.13213295179396875,0.1555712084525644,0.18128329297820822,0.04665859564164649,0.47310807836231566,0.0036957957296940348,-0.17871230464450805,0.15277129650011007,-0.2451089588377724,-0.10103896103896104,0.08707241910631741,0.2587145058331499,0.10527404798591239,-0.03564164648910412,0.0462821923838873,-0.30867048206031256,0.2381201848998459,-0.14249614791987672,0.30820603125687873,-0.04531587057010786,0.2281598062953995,0.21715386308606646,0.43137574290116665,0.12165529385868369,-0.28633281972265023,0.14813559322033898,0.14683909311027954,0.4372463130090249,0.017536869909751264,0.02073959938366718,-0.1952608408540612,-0.0011027955095751706,-0.11373321593660576,-0.14710763812458727,-0.02590578912612811,-0.32431653092670043,0.20545454545454545,-0.17963900506273386,-0.017109839313229142,-0.2914307726172133,0.11984591679506934,-0.04708342504952674,0.1540677966101695,0.17686550737398196,0.2905150781421968,0.20116222760290556,0.3389742460928902,0.22143957737178077,0.11645828747523662,-0.3176161127008585,-0.05025313669381466,-0.3356614571868809,-0.10047545674664318,-0.12309487123046445,-0.37467092229804094,0.060294959278010124,0.11765573409641206,-0.13066916134712744,-0.23983491085186,0.44008804754567465,0.14820162887959498,-0.2773959938366718,-0.02160246533127889,0.10326876513317192,-0.0017455425930002202,0.17645608628659476,0.04338983050847458,-0.04820383006823685,0.04801012546775259,-0.22350209112920977,0.05001760950913493,-0.11384327536869909,0.17382126348228044,-0.1183975346687211,-0.10011446180937707,-0.18873651771956856,0.23202729473915915,0.28183579132731673,-0.12474796390050627,0.22272066916134714,-0.07386748844375964,0.12058771736737839,-0.06778340303764033,0.0025269645608628657,0.050074840413823464,-0.25930662557781203,-0.09920537090028615,-0.20721329517939688,0.20142196786264582,-0.16551177635923398,-0.02046004842615012,0.1960708782742681,0.02922958397534669,0.2230926700418226,0.10403697996918336,0.32006823684789787,0.21477657935285055,0.06443319392471934,0.2269007263922518,0.21933744221879814,0.14395993836671803,0.1782720669161347,0.16633942328857584,0.19404578472375084,0.0075544794188861985,-0.1893220338983051
#17,0.20337001981069777,0.05282192383887299,-0.19007043803653972,-0.03890821043363416,1.0,0.02666519920757209,0.013429451904028175,0.3462579793088268,0.33814659916354833,-0.1930332379484922,0.011076381245872772,0.23327096632181377,0.03666740039621395,0.1250627338762932,-0.3235923398635263,-0.08745102355271847,-0.20823024433193923,-0.2857473035439137,-0.016834690732995816,0.06931543033237948,-0.26173233546114905,0.006773057451023553,0.07060092449922958,0.003352410301562844,0.023411842394893242,0.08750605326876514,-0.3939643407440018,-0.21283292978208232,-0.12158705701078583,0.1495399515738499,-0.008058551617873652,0.027459828307285935,-0.1394981289896544,-0.16314109619194364,0.24057671142416906,0.1491173233546115,0.1172375082544574,-0.03541052168170812,0.15121065375302664,0.0761831388950033,0.006429672022892362,-0.044369359454105216,0.15952674444199869,-0.01138895003301783,0.2743385428131191,0.3548426150121065,-0.052791107197886857,-0.06785604226282192,-0.4044001760950913,-0.17352850539291217,-0.3155029716046665,0.02489984591679507,-0.3626436275588818,-0.04096632181377944,0.07285053929121725,0.012925379705040723,-0.1076799471714726,0.09894783182918776,0.19059872331058772,0.03012326656394453,0.4124785384107418,0.31500110059432096,0.3291481399955976,0.10387409200968523,-0.21317631521021352,-0.1134668721109399,0.16774598283072858,0.061443979749064494,0.00945410521681708,0.13768214836011447,-0.06311468192824125,-0.0564208672683249,0.05834910851860004,0.15042482940788027,0.34508034338542815,0.2893528505392912,0.13808056350429232,0.09724851419766674,0.2859255998239049,0.23751926040061633,-0.10301342725071538,0.3943033237948492,-0.09815760510675765,0.09169491525423729,0.31508474576271184,0.18640545894783184,0.12325775918996258,0.2693748624257099,-0.06842615012106537,0.1626172132951794,0.2822209993396434,0.35385868368919215,0.3729187761391151,-0.21283513097072418,-0.216880915694475,-0.32696015848558224,0.03433414043583535,-0.10150781421967862,-0.10429451904028175,0.03826106097292538,0.003898305084745763,-0.30766894122826327,-0.207574290116663,-0.1714439797490645,-0.19303764032577592,-0.11722209993396435,-0.11804974686330619,0.2313911512216597,-0.03452124147039401,0.06641426370239929,-0.10277129650011006
#18,0.25107858243451464,0.04343605546995378,0.4181069777679947,0.13213295179396875,0.02666519920757209,1.0,-0.021765353290777018,0.17633942328857583,0.052976007043803654,-0.030728593440457846,0.07571208452564385,-0.07502531366938146,0.6464560862865948,0.09744441998679287,-0.2523860884877834,-0.15174774378164207,0.29248954435395114,0.39680607528065154,0.011523222540171693,-0.10199647809817301,-0.35801893022232006,-0.09806075280651552,0.10399295619634602,0.28485362095531586,0.014611490204710543,-0.04047325555800132,-0.06425709883337002,0.25052828527404797,0.2757032797710764,0.41409200968523,0.5837926480299361,0.2787321153422848,0.354950473255558,0.14551617873651773,0.26581774158045346,0.005861765353290777,-0.006189742460928902,-0.34573409641206254,0.023656174334140436,-0.09932863746423068,-0.07269865727492845,-0.17215716486902927,-0.10161347127448822,-0.07203830068236848,-0.18105216817081224,0.1672375082544574,-0.08688751926040061,0.19167950693374422,-0.16352190182698656,0.016310807836231567,-0.1590314769975787,0.2183843275368699,-0.08836011446180937,0.08700198106977768,-0.22449482720669162,-0.2750781421967863,-0.22300462249614791,-0.2811248073959938,-0.03667840633942329,-0.08981950253136693,-0.040261941448382126,0.07602685450143078,-0.03947391591459388,-0.22039401276689413,0.1362821923838873,0.19414263702399295,0.058749724851419764,-0.169801893022232,0.05946731234866828,0.0375148580233326,0.3410807836231565,0.1558529605987233,-0.148333700198107,-0.014109619194364957,-0.27134932863746425,-0.08608628659476117,-0.28067796610169493,-0.1147787805414924,-0.05735857362976007,-0.011153422848338103,0.09018930222320053,0.3085560202509355,0.1695245432533568,0.10020030816640986,0.2196896324014968,-0.026233766233766234,0.00836451683909311,-0.13680607528065156,-0.05830288355712084,0.3755513977547876,-0.06861104996698217,0.10100374202069118,0.05526304204270306,0.08397754787585296,-0.12049086506713626,0.1326634382566586,0.10804094210873871,0.055830948712304644,0.22706801672903368,-0.07561303103675986,0.06228263262161567,0.42530486462689854,0.27468633061853404,0.10627118644067797,0.09795289456306405,0.14636363636363636,0.1177195685670262,0.05696896324014968,0.12739379264802994,-0.08706141316310807,-0.23397974906449484
#26,-0.042157164869029276,0.27033017829628,0.18202069117323355,0.1555712084525644,0.013429451904028175,-0.021765353290777018,1.0,0.08590799031476998,0.1101386748844376,0.2740633942328858,0.1803565925599824,-0.04605987233105877,-0.12219678626458287,0.13508034338542813,-0.02107638124587277,0.04654853620955316,-0.08417565485362095,-0.11771516618974247,-0.06767554479418886,-0.039308826766453885,-0.1072176975566806,-0.01113581333920317,-0.14275808936825887,0.11919436495707682,-0.20446180937706362,-0.0863680387409201,0.11536429672022892,0.03376843495487563,-0.1213779440898085,-0.10410301562843936,-0.0822870349988994,-0.14027294739159146,-0.03583975346687211,-0.05211534228483381,0.12857362976007045,0.0708430552498349,0.0488465771516619,-0.027019590578912612,0.1382808716707022,0.15241030156284394,0.03412722870349989,-0.09900946511116003,0.017134052388289675,0.013169711644287915,0.018589038080563506,-0.0374554259300022,-0.1221879815100154,-0.18443759630200307,0.19564825005502973,0.04116883116883117,-0.031237068016729035,0.1465331278890601,-0.0087541272287035,0.1778978648470174,0.21132731675104557,0.12939467312348668,-0.2240215716486903,-0.07353070658155404,0.1001122606207352,0.014822804314329738,-0.1286352630420427,-0.2675896984371561,-0.03489984591679507,0.2931124807395994,0.26604666519920755,-0.0796434074400176,0.04287475236627779,0.48406779661016947,-0.155181598062954,-0.035441338322694256,-0.020431432973805855,0.01423068456966762,0.058219238388729916,0.09674884437596303,-0.006361435174994497,0.028012326656394453,0.05361435174994497,-0.020008804754567466,-0.07176975566806075,-0.009115122165969623,-0.16121505613031037,0.32122165969623595,-0.19808496588157606,0.10344265903587938,-0.08986572749284613,0.04790446841294299,-0.27836891921637685,0.018875192604006163,0.006260180497468633,-0.25736737838432755,-0.05928461369139335,-0.3469161347127449,-0.06596962359674224,0.1335461149020471,-0.1462689852520361,0.011937046004842616,-0.13025974025974027,0.05976667400396214,-0.13993836671802773,-0.06906889720449043,0.07991635483160907,0.16057230904688533,-0.1253268765133172,0.0012744882236407661,-0.08752366277790007,-0.21168611049966982,0.02839093110279551,-0.11470394012766894,-0.33488883997358576,0.2025511776359234,0.01114241690512877
#49,0.38171032357473034,0.3214461809377064,0.18028615452344265,0.18128329297820822,0.3462579793088268,0.17633942328857583,0.08590799031476998,1.0,0.5717521461589258,0.3123090468853181,0.32942108738718906,0.3141976667400396,0.2889456306405459,0.11421967862645829,-0.36223200528285276,-0.2121109399075501,0.08642526964560864,0.0724191063174114,-0.08733876293198327,-0.02962359674224081,-0.11339863526304204,-0.04044684129429892,0.22613691393352411,0.2403499889940568,0.1299603786044464,0.13158705701078582,-0.21713845476557342,-0.06561303103675985,-0.07400176095091349,0.0025687871450583316,-0.01347127448822364,0.013942328857583095,-0.0011446180937706362,-0.012973805855161787,0.04803433854281312,-0.07373321593660577,-0.04970504072198988,-0.2737926480299362,0.03892581994276909,-0.013614351749944971,-0.07798371120405019,-0.18685670261941448,-0.04370019810697777,0.041967862645828746,0.21103235747303545,0.15277569887739378,-0.3688201628879595,-0.2671868809156945,-0.1391767554479419,0.009011666299801893,-0.25343165309267,0.069966982170372,-0.22907990314769977,0.06544133832269425,-0.012559982390490864,-0.19883777239709444,-0.06799471714725952,-0.05769315430332379,0.08465991635483161,-0.21250275148580233,0.3266651992075721,0.31080783623156505,0.1209619194364957,-0.10240810037420207,0.050114461809377064,-0.14686770856262382,0.006167730574510235,-0.03503191723530707,0.01537970504072199,-0.02146819282412503,0.12208892802113142,0.10064935064935066,0.050125467752586396,0.17310367598503193,0.12190622936385648,0.11492185780321373,-0.040211314109619194,3.081664098613251e-05,0.20419106317411403,0.03315210213515298,0.13736517719568567,0.30637684349548755,0.16045784723750825,0.29079242791107196,0.2807373981950253,0.30170812238608846,0.2386748844375963,0.043242350869469516,-0.10734096412062513,0.11468853180717588,0.05114461809377063,0.28343605546995376,0.24727492846136914,-0.07051067576491306,-0.19952894563064055,0.04075500770416025,0.15286374642306846,0.07092009685230025,-0.2107440017609509,-0.022249614791987674,-0.022817521461589257,0.17037860444640104,0.04678626458287475,-0.011078582434514638,-0.042788906009244995,-0.16930002201188643,0.06286374642306845,0.08070878274268105,0.020405018710103456,0.01526964560862866,-0.11716486902927581
#50,0.34822364076601364,0.45111820383006823,0.07044023772837332,0.04665859564164649,0.33814659916354833,0.052976007043803654,0.1101386748844376,0.5717521461589258,1.0,0.26956856702619414,0.3240854061193044,0.09971824785384108,0.2033876293198327,0.11154523442659035,-0.09413163108078362,-0.10524983491085187,0.16487563284173454,-0.01850099053488884,0.009905348888399735,-0.05372881355932203,0.03109619194364957,0.0070812238608848775,0.048012326656394454,0.07453444860224522,0.08073299581774158,0.0273959938366718,-0.4019172353070658,-0.2210873871890821,0.038166409861325114,0.06326436275588818,0.055921197446621176,-0.01464670922298041,0.05682808716707022,0.15280211314109618,-0.04278010125467752,-0.09094210873871891,0.01684569667620515,-0.0978582434514638,-0.0987145058331499,-0.015428131190843056,-0.05989654413383227,-0.1048316090688972,0.007701959057891262,0.18765133171912832,0.13500550297160466,-0.009757869249394674,-0.2571098393132291,-0.21670482060312568,-0.23506493506493506,-0.187178076161127,-0.2059520140876073,-0.14972485141976669,-0.26704160246533126,-0.006647589698437156,-0.08265023112480739,-0.12196346026854502,-0.13019810697776799,-0.11867708562623817,-0.03698217037200088,-0.29124807395993835,0.4011930442438917,0.28436935945410524,0.20215716486902927,-0.04801012546775259,-0.003002421307506053,-0.15791107197886858,0.10480299361655294,-0.12243451463790447,0.2625687871450583,0.19815100154083204,0.20637464230684568,0.1725313669381466,0.2751551837992516,0.3208672683248954,0.21415144177856044,0.1698283072859344,0.14767774598283073,0.20482280431432973,0.12030816640986132,-0.026823684789786483,-0.14150781421967862,0.09811578252256219,-0.08343165309267005,0.47033678186220557,0.03565265243231345,0.29463130090248735,0.3750385208012327,0.024158045344486023,0.034512436715826544,0.04362755888179617,-0.11454985692273828,0.07881576051067576,-0.022619414483821265,-0.15507814219678626,-0.06574290116662998,-0.05291437376183139,0.1334536649790887,0.08568346907329959,-0.14139115122165968,0.02608188421747744,0.0399075500770416,0.178333700198107,0.03246973365617433,-0.045828747523662776,0.02207131851199648,0.07024873431653093,0.18527184679727052,0.13847457627118645,0.00636583755227823,0.1679110719788686,-0.03666299801893022
#51,0.28409861325115565,0.22178076161127008,0.3353995157384988,0.47310807836231566,-0.1930332379484922,-0.030728593440457846,0.2740633942328858,0.3123090468853181,0.26956856702619414,1.0,0.3526304204270306,-0.11747083425049527,0.17501210653753027,-0.0020162887959498128,0.04321373541712525,0.08325335681267884,0.3629407880255338,0.04142196786264583,-0.18366718027734977,-0.06936385648250055,-0.08808056350429232,0.2149768875192604,0.05254237288135593,0.2224323134492626,-0.002234206471494607,0.2421087387189082,0.09070438036539731,0.165181598062954,0.08631080783623156,-0.20925379705040723,-0.06033237948492186,-0.08697776799471715,0.06607087827426811,-0.09303323794849219,-0.16163988553819061,-0.17290556900726392,-0.15118864186660796,-0.21834910851860004,-0.3253378824565265,-0.26359013867488446,-0.41335681267884655,-0.1560180497468633,-0.11655073739819502,0.014193264362755888,-0.23119524543253356,-0.09047545674664319,-0.16972265023112482,-0.14127008584635703,0.0962689852520361,0.02045344486022452,0.1714968082764693,0.0350891481399956,0.16865727492846136,0.014246092890160687,-0.2633039841514418,-0.087838432753687,-0.2225643847677746,-0.18704160246533127,-0.026180937706361436,-0.2943649570768215,0.22588817961699317,0.05298921417565485,-0.13186440677966102,-0.18737398195025315,0.3834096412062514,0.02081664098613251,-0.18112480739599385,-0.024290116662998018,0.11438476777459829,0.12558661677305746,0.2579815100154083,-0.029119524543253356,0.20890160686770856,0.12354831609068898,-0.05583535108958838,0.029348448162007483,-0.01704160246533128,0.130462249614792,-0.017856042262821923,-0.058593440457847236,-0.1455249834910852,0.16955535989434295,0.09890380805635043,0.13693594541052168,0.004822804314329738,-0.042042703059652214,0.12324455205811138,-0.09569447501650892,-0.07539731454985692,-0.014248294078802553,-0.4085031917235307,-0.05682588597842835,-0.3306647589698437,-0.018978648470173894,-0.11936385648250054,0.16641206251375742,0.2593594541052168,0.07858463570327977,0.022256218357913273,0.07977547875852961,0.1363548316090689,0.2094519040281752,-0.1619502531366938,0.11017389390270746,0.06610829848117984,0.09687211093990755,0.19517939687431213,0.15463350209112922,0.08081443979749064,0.015315870570107859,-0.02634602685450143
#52,0.33573849878934625,0.32411622276029056,0.17830068236847899,0.0036957957296940348,0.011076381245872772,0.07571208452564385,0.1803565925599824,0.32942108738718906,0.3240854061193044,0.3526304204270306,1.0,-0.03149460708782743,0.10568346907329958,0.17930442438917016,-0.10796610169491526,0.03757649130530486,-0.015102355271846796,0.05316310807836232,-0.047499449702839536,0.1137244111820383,0.015362095531587057,0.08183579132731675,-0.003715606427470834,0.22518600044023773,-0.044345146379044686,0.02427690953114682,0.03832929782082325,0.06316530926700419,0.08298040942108739,-0.023414043583535108,0.03443539511336122,-0.18342284833810257,-0.1937904468412943,0.011701518820162888,-0.10672683248954436,-0.2687475236627779,-0.1336781862205591,-0.18574730354391372,-0.08119744662117544,0.011771956856702619,-0.04451463790446841,-0.22005502971604665,0.016627779000660356,0.006955756108298481,0.010215716486902927,0.03068236847897865,-0.2811820383006824,-0.2969073299581774,-0.018505392912172573,0.1837508254457407,0.10128109178956636,0.10817961699317631,-0.03601584855822144,0.06414043583535109,-0.0022782302443319392,-0.18267224301122606,-0.12958397534668722,-0.06206691613471275,-0.011818181818181818,-0.08381245872771297,0.06739379264802993,0.14728813559322035,-0.061281091789566366,-0.06876953554919657,0.07611049966982171,0.0687739379264803,0.1744375963020031,0.012859344045784723,-0.005558001320713185,-0.03256218357913273,0.11388950033017829,-0.0249702839533348,-0.060970724191063176,0.17537970504072198,-0.16515078142196787,-0.08914153642967203,-0.2560378604446401,-0.05909531146819282,-0.09099933964340744,-0.020508474576271186,-0.05477217697556681,-0.03697776799471715,-0.10390490865067137,0.12746643187321152,-0.0574488223640766,0.024888839973585736,-0.1425511776359234,-0.12069337442218799,-0.1373497688751926,0.154686330618534,-0.1101188641866608,0.04591679506933744,0.23916354831609068,-0.3229077701959058,-0.205214615892582,0.1292868148800352,0.03801452784503632,0.0071846797270526085,-0.08164648910411622,-0.1347919876733436,-0.12333920316971164,0.14444860224521242,-0.07747303543913714,-0.031087387189082105,-0.147706361435175,-0.12137574290116664,-0.13288575830948712,0.006982170372000881,0.10679506933744222,-0.018492185780321375,0.017902267224301122
#53,0.022507153863086066,-0.08226502311248074,-0.11784063394232885,-0.17871230464450805,0.23327096632181377,-0.07502531366938146,-0.04605987233105877,0.3141976667400396,0.09971824785384108,-0.11747083425049527,-0.03149460708782743,1.0,0.06524983491085186,0.001987673343605547,-0.19212414703940128,-0.5642637023992956,-0.17364957076821483,0.03302003081664098,-0.1491635483160907,-0.2773299581774158,0.09636803874092009,-0.27440237728373323,0.4985824345146379,-0.021699317631521022,0.3261038961038961,0.005412722870349989,-0.00961699317631521,-0.05251375742901167,-0.16163108078362315,0.035148580233325996,-0.1559189962579793,-0.24348448162007483,0.02615892581994277,-0.11731895223420648,0.16057230904688533,0.04277790006603566,0.12486022452124147,-0.18670261941448382,0.17231124807395995,0.08074180057230905,0.21408320493066255,-0.1298745322474136,0.25606427470834253,0.035034118423948934,0.36718247853841074,0.32816420867268326,-0.18296059872331058,-0.34881135813339204,-0.24614571868809157,-0.14735417125247632,-0.30357032797710765,0.026817081223860884,-0.29911952454325336,-0.001571648690292758,0.26374862425709883,-0.10920537090028616,0.24725291657495047,-0.1386550737398195,0.17563064054589478,0.06792207792207793,0.037270526084085404,-0.024789786484701738,0.13392692053709002,0.008296279991195246,-0.034598283072859344,-0.18647809817301342,-0.21095311468192823,-0.09778560422628219,-0.23786704820603125,-0.2968368919216377,-0.16250715386308606,0.004246092890160686,-0.1038762931983271,-0.14136253576931543,0.09893242350869469,-0.13474796390050628,-0.03780541492405899,-0.25221659696235965,0.2917521461589258,-0.1492626018049747,0.44622055910191505,0.10957737178076161,0.2602839533348008,0.3106977767994717,0.3619326436275589,0.19520360994937266,-0.027400396213955534,0.3506647589698437,-0.032392692053709,0.053836671802773496,0.3488994056790667,0.37585516178736517,0.3898745322474136,-0.15064714946070878,-0.13507373981950252,0.07798151001540832,-0.034466211754347345,0.2449636803874092,-0.034265903587937484,-0.115148580233326,0.031380145278450365,-0.09157164869029276,0.0987343165309267,0.06802553378824565,-0.008069557561082985,-0.10673343605546995,0.07632401496808276,-0.16265903587937486,-0.11867268324895444,-0.12453224741360334,-0.12302443319392473
#54,0.26422628219238387,-0.03200968523002421,0.3166629980189302,0.15277129650011007,0.03666740039621395,0.6464560862865948,-0.12219678626458287,0.2889456306405459,0.2033876293198327,0.17501210653753027,0.10568346907329958,0.06524983491085186,1.0,0.15279771076381246,-0.036929341844596085,-0.25119084305524986,0.3909641206251376,0.38810697776799474,-0.15102575390710984,-0.2837001981069778,-0.14762931983270966,-0.16211754347347568,0.31935064935064933,0.2116420867268325,0.23130970724191063,0.09476337222099934,0.027406999779881137,0.23556020250935505,0.2191041162227603,0.2889192163768435,0.3778956636583755,0.0734404578472375,0.2499141536429672,0.061604666519920755,0.15607307946290996,-0.08473915914593881,-0.022326656394453005,-0.305709883337002,-0.15972705260840855,-0.23341624477217698,-0.04872331058771737,-0.10754347347567686,0.03239489324235087,-0.005117763592339864,-0.12381686110499669,0.3224323134492626,-0.12691613471274488,-0.026445080343385427,-0.16407219898745323,0.035161787365177194,-0.10497248514197667,0.0834140435835351,-0.0362029495927801,0.11653753026634382,-0.2940127668941228,-0.31869029275808936,-0.18773057451023553,-0.3957274928461369,-0.122557781201849,-0.10545454545454545,-0.12929121725731896,-0.045329077701959056,-0.09219018269865728,-0.36184459608188424,0.10921637684349549,-0.014774378164208672,0.08788906009244993,-0.2815276249174554,0.12762271626678406,-0.0348646268985252,0.3525709883337002,0.06564384767774599,-0.06946951353731015,-0.021120405018710105,-0.3234030376403258,-0.27292317851639886,-0.34871670702179175,-0.11159806295399516,0.14974466211754348,-0.05934184459608188,0.13223420647149461,0.3085163988553819,0.2135857362976007,0.28796169931763155,0.13267444419986793,0.0037970504072198986,0.08692053709002862,-0.12309927360774818,0.00087607307946291,0.3334470614131631,-0.014820603125687871,0.09544353951133612,0.008923618754127229,-0.008126788465771516,-0.036850099053488884,0.2365397314549857,0.29950913493286374,0.14355712084525643,0.34965881576051067,-0.06923178516398855,0.08511116002641426,0.3661831388950033,0.22372000880475457,0.137607307946291,0.17568567026194146,0.24746423068456966,0.15508034338542814,-0.19430552498349107,0.007147259520140876,-0.2887651331719128,-0.3804226282192384
#58,-0.1310081443979749,0.03797930882676646,-0.18871670702179177,-0.2451089588377724,0.1250627338762932,0.09744441998679287,0.13508034338542813,0.11421967862645829,0.11154523442659035,-0.0020162887959498128,0.17930442438917016,0.001987673343605547,0.15279771076381246,1.0,-0.06251375742901166,0.1329650011005943,-0.14159806295399516,-0.0999537750385208,-0.024327536869909752,0.027387189082104337,0.022896764252696458,-0.11809377063614351,-0.04729473915914594,-0.0005414924058991855,-0.14715606427470834,-0.040633942328857586,-0.22723310587717369,-0.2677790006603566,-0.028419546555139775,0.19763812458727714,0.1509685230024213,0.10915034118423948,-0.16447281532027294,0.07562843935725291,0.13808936825885978,0.10406999779881136,0.016302003081664098,-0.01842835130970724,0.08560642747083425,-0.06729694034778781,-0.008199427690953115,-0.1331763152102135,0.042685450143077265,0.10371560642747084,0.14179837112040503,0.0020206911732335462,-0.0614175654853621,-0.049742460928901604,-0.20666299801893023,-0.10000220118864186,-0.3475016508914814,-0.22840193704600484,-0.21434514637904467,-0.16463790446841295,-0.11496147919876734,-0.055403918115782526,-0.0850429231785164,-0.048861985472154965,0.07414924058991855,0.23372220999339643,-0.0014131631080783623,-0.17475016508914815,0.21926700418225842,0.15000220118864185,-0.36221439577371783,-0.12383447061413164,0.26280431432973805,-0.002423508694695135,0.06797930882676645,0.30237508254457407,0.17300462249614793,0.09753026634382567,0.1324455205811138,0.11044243891701519,0.09611270085846357,-0.0011556240369799693,0.024430992736077482,0.0696235967422408,0.09859564164648911,0.20497908870790227,0.2389852520360995,0.0510807836231565,-0.17616552938586838,-0.0125115562403698,0.05767114241690513,0.22707462029495928,0.06037860444640106,-0.032753686990975125,-0.18189962579793087,0.09614791987673343,0.043455866167730575,0.17759630200308166,0.24410961919436497,-0.17467312348668282,0.05086946951353731,0.09540391811578253,0.02335020911292098,-0.09842174774378164,-0.11677305745102355,0.08816420867268325,-0.17300462249614793,0.07009465111160026,0.0722342064714946,-0.04909090909090909,0.005410521681708122,-0.02271186440677966,0.03152102135152983,-0.115115562403698,-0.12840633942328858,-0.14071758749724853,0.05832709663218138
#101,-0.22981069777679947,-0.07990314769975787,0.002161567246313009,-0.10103896103896104,-0.3235923398635263,-0.2523860884877834,-0.02107638124587277,-0.36223200528285276,-0.09413163108078362,0.04321373541712525,-0.10796610169491526,-0.19212414703940128,-0.036929341844596085,-0.06251375742901166,1.0,0.27261941448382127,0.26060972925379705,-0.04393132291437376,0.0009509134932863746,-0.035337882456526526,0.6302751485802334,0.08534228483381026,0.0438366718027735,-0.2879308826766454,0.040968523002421306,-0.21952894563064054,0.0925974025974026,-0.0837706361435175,0.18610829848117982,-0.14823684789786484,-0.2898547215496368,-0.3104358353510896,-0.18393792648029936,-0.0889192163768435,-0.3795135373101475,-0.3084635703279771,-0.10443979749064494,-0.02543253356812679,-0.47805855161787364,-0.21827426810477657,-0.0587012987012987,-0.054204270305965224,0.15592119744662117,0.08547655734096413,-0.2675214615892582,-0.374290116662998,0.004342945190402818,-0.1531300902487343,0.19798591239269206,-0.1624323134492626,0.17523222540171693,-0.25661016949152543,0.046999779881135816,-0.015045124367158266,-0.12946290997138454,-0.04220779220779221,0.07956636583755228,-0.12094210873871891,-0.26186220559101914,-0.13756988773937925,-0.16376623376623375,-0.2740347787805415,-0.2733634162447722,0.029588377723970945,-0.005381906229363857,0.11728593440457848,-0.01423068456966762,0.13619194364957077,0.3393132291437376,0.00040061633281972264,0.13352190182698656,0.03232445520581114,0.19228923618754126,-0.06205591019150341,-0.11340964120625138,-0.09723970944309927,0.09961038961038961,0.04482720669161347,0.012344265903587937,-0.30567026194144836,-0.1001584855822144,-0.26166629980189304,-0.1793264362755888,-0.1086220559101915,-0.36344265903587936,-0.16521681708122385,-0.09086066475896984,-0.307508254457407,-0.039619194364957075,-0.21753026634382566,-0.35141316310807835,-0.45370900286154525,-0.4221879815100154,-0.029011666299801894,0.0033480079242791108,0.21636583755227823,-0.010237728373321594,-0.20143297380585518,-0.0727162667840634,-0.048102575390710986,-0.22082104336341624,-0.21392251815980629,-0.25599823904908653,-0.10195465551397755,0.04053929121725732,-0.026759850319172353,-0.09418666079683029,-0.1325511776359234,-0.12029055690072639,0.004329738058551618,0.04184899845916795
#102,-0.04480739599383667,0.10742681047765794,-0.0413581333920317,0.08707241910631741,-0.08745102355271847,-0.15174774378164207,0.04654853620955316,-0.2121109399075501,-0.10524983491085187,0.08325335681267884,0.03757649130530486,-0.5642637023992956,-0.25119084305524986,0.1329650011005943,0.27261941448382127,1.0,-0.001961259079903148,-0.08838212634822805,0.21753686990975127,0.5546489104116222,-0.09193924719348448,0.5452982610609729,-0.3741140215716487,-0.00599603786044464,-0.40226502311248075,0.13592339863526304,-0.2396984371560643,-0.25780101254677523,0.15498789346246974,-0.04018930222320053,-0.022863746423068456,-0.03785163988553819,-0.30841954655513976,-0.14788685890380807,-0.17191943649570768,-0.0660180497468633,-0.21953554919656615,0.1978582434514638,-0.3124367158265463,-0.27043143297380584,-0.2758309487123046,0.2115562403697997,-0.3449460708782743,0.019251595861765353,-0.2212392692053709,-0.3662161567246313,-0.12103235747303544,-0.053911512216596964,0.060484261501210654,0.10836231565045125,0.08288575830948712,-0.16992956196346026,0.017893462469733657,-0.1948646268985252,-0.37562843935725293,0.18002201188641867,-0.3446268985252036,0.2945718688091569,-0.10799251595861765,-0.1650429231785164,0.10898745322474136,0.05691173233546115,-0.05712084525643848,0.16576711424169052,0.0075544794188861985,0.28257318952234206,0.23074840413823464,0.19496147919876733,0.3543715606427471,0.5208694695135373,0.2762161567246313,0.27170372000880477,0.17718247853841074,0.35640325775918996,0.07153202729473916,0.2765089148139996,0.22552058111380147,0.35200088047545675,-0.19649790887079022,0.1996566145718688,-0.19068897204490426,-0.027550077041602464,-0.2579352850539291,-0.35194805194805195,-0.12548095971824785,-0.11688531807175875,-0.003442659035879375,-0.2851023552718468,-0.21439137134052388,-0.03825885978428351,-0.28482500550297163,-0.23440677966101695,-0.26223200528285273,-0.029225181598062953,0.04036099493726612,0.15778780541492407,0.2250297160466652,-0.39233105877173674,-0.3559366057671142,0.0411534228483381,-0.23102795509575172,-0.12348228043143297,-0.18383887299141535,-0.12623376623376623,-0.20105216817081223,-0.06874972485141977,-0.30821483601144617,0.14766894122826327,0.15900726392251815,0.08344486022452124,0.1275544794188862
#201,0.24743781642086726,0.15802553378824566,0.3864670922298041,0.2587145058331499,-0.20823024433193923,0.29248954435395114,-0.08417565485362095,0.08642526964560864,0.16487563284173454,0.3629407880255338,-0.015102355271846796,-0.17364957076821483,0.3909641206251376,-0.14159806295399516,0.26060972925379705,-0.001961259079903148,1.0,0.38727272727272727,-0.21806515518379926,-0.24629760070438037,0.02138895003301783,0.050917895663658376,0.13579793088267664,0.18099933964340745,0.2933061853400836,-0.0010807836231565046,-0.005417125247633723,0.1597490644948272,0.30216596962359676,-0.013528505392912173,0.24481620074840413,-0.04395113361215056,0.3597050407219899,-0.026757649130530487,-0.3074598283072859,-0.2944287915474356,-0.344785384107418,-0.42518600044023774,-0.4633678186220559,-0.3780959718247854,-0.2617389390270746,-0.16734316530926702,-0.06263922518159806,-0.2466189742460929,-0.31198767334360555,-0.1383469073299582,-0.06723530706581554,0.014158045344486022,0.09344265903587938,-0.02131631080783623,0.15002201188641867,0.0733480079242791,0.17609289016068677,0.2375478758529606,-0.48939907550077044,-0.343992956196346,-0.2099207572088928,-0.5101760950913493,-0.1688531807175875,-0.4267048206031257,0.026577151661897426,-0.07140655954215276,-0.3009993396434074,-0.3784129429892142,0.2287541272287035,0.18174994497028396,-0.11488883997358573,-0.15272727272727274,0.24404138234646708,-0.018523002421307506,0.3153929121725732,0.09841954655513978,0.15209993396434074,0.04395113361215056,-0.22070878274268105,-0.11769535549196566,-0.18107197886858903,0.23084745762711864,0.11966982170372001,-0.11802773497688752,-0.10774158045344485,0.01959718247853841,-0.009313229143737618,0.20139555359894343,-0.04430332379484922,0.157211093990755,0.19171032357473036,-0.22624697336561744,-0.022322254017169273,0.16636363636363635,-0.5002487343165309,-0.06932643627558882,-0.4182588597842835,0.11112260620735197,-0.021580453444860224,0.24145938806955755,0.2749768875192604,0.16387409200968522,0.22780541492405898,0.22634382566585956,0.19357032797710763,0.36687871450583315,-0.003711204050187101,0.1247061413163108,0.3547897864847017,0.46085186000440237,0.33471054369359454,-0.02859784283513097,0.11973585736297601,-0.04278230244331939,-0.2585450143077262
