,#10,#11,#12,#13,#17,#18,#26,#49,#50,#51,#52,#53,#54,#58,#101,#102,#201,#202,#301,#302,#401,#402,#501,#502,#601,#602,#701,#702,#801,#802,#901,#902,#1001,#1002,#1101,#1102,#1201,#1202,#1301,#1302,#1401,#1402,#1501,#1502,#1601,#1602,#1701,#1702,#1801,#1802,#1901,#1902,#2001,#2002,#2101,#2102,#2201,#2202,#2301,#2302,#2401,#2402,#2501,#2502,#2601,#2602,#2701,#2702,#2801,#2802,#2901,#2902,#3001,#3002,#3101,#3102,#3201,#3202,#3301,#3302,#3401,#3402,#3455,#3501,#3502,#3601,#3602,#3701,#3702,#3801,#3802,#3901,#3902,#4001,#4002,#4101,#4102,#4201,#4202,#4301,#4302,#4401,#4402,#4501,#4502,#4601,#4602,#4701,#4702,#4801,#4802
#10,1.0,0.1806911732335461,0.44797490644948273,0.43677305745102357,0.026836891921637684,0.269570768214836,-0.1756152322254017,0.48943649570768216,0.2808694695135373,0.42083425049526746,0.21058771736737839,0.1496324014968083,0.1372639225181598,0.009222980409421088,-0.16548316090688972,-0.11680387409200968,0.4403940127668941,0.1854259300022012,0.16798371120405017,0.12352410301562844,-0.26517939687431213,0.008903808056350429,0.04718908210433634,-0.05272066916134713,0.008498789346246973,0.18444419986792868,0.10073299581774157,0.10694034778780541,0.08573409641206252,0.007911071978868589,-0.04197226502311248,-0.11068677085626238,-0.09057230904688532,0.029251595861765352,0.04012987012987013,-0.018296279991195246,-0.0037023992956196346,0.25268545014307725,0.030444640105657055,-0.03418005723090469,0.28223640766013647,0.0388994056790667,0.1305194805194805,-0.06695355491965661,-0.040429231785163985,-0.09374202069117324,0.2175544794188862,0.05166189742460929,0.20030816640986132,-0.028619854721549636,0.195280651551838,-0.10699097512656834,0.18013647369579572,0.08133612150561303,0.13846797270526084,0.19141976667400395,-0.21188861985472154,-0.1723464670922298,-0.14756988773937926,-0.19128109178956637,-0.11946731234866828,-0.28380585516178736,-0.05018489984591679,0.0262491745542593,0.370264142637024,0.2373827867048206,-0.05307726172132952,-0.21006163328197228,0.15394453004622496,0.011307506053268765,0.2775852960598723,0.34527624917455424,-0.013169711644287915,0.07178076161127009,-0.013590138674884438,-0.10293418445960818,-0.0760576711424169,-0.21164648910411624,0.0401915034118424,0.11827206691613472,-0.02453664979088708,-0.06165749504732555,0.04058551617873652,-0.06548536209553159,-0.10077701959057891,-0.09196786264582875,-0.2322870349988994,,0.2503323794849219,-0.07218578032137354,-0.10810917895663659,-0.049447501650891484,-0.10610609729253798,-0.2136781862205591,-0.26461809377063616,0.08707902267224302,0.03168170812238609,-0.053436055469953773,-0.027367378384327536,0.11436935945410522,0.04740479859123927,0.04282192383887299,-0.0849372661237068,0.08223200528285274,-0.21767114241690513,-0.09169491525423729,-0.11395773717807615,-0.006335020911292098,-0.2532907770195906,-0.19063394232885758,-0.19262601804974686
#11,0.1806911732335461,1.0,0.2547787805414924,0.19344926260180498,0.02757208892802113,0.24316090688972045,-0.007012987012987013,0.05777459828307286,0.18382126348228042,0.19561303103675984,0.2695971824785384,0.09870570107858244,0.08184019370460048,-0.06158485582214396,-0.2638696896324015,-0.08039181157825226,-0.00447721769755668,0.16015628439357252,-0.15267224301122606,0.11799691833590138,-0.23072419106317413,0.12039841514417786,0.05611490204710544,-0.05953775038520801,0.16895443539511337,0.23412282632621614,-0.00400396213955536,0.09210213515298261,0.11754347347567687,0.02891041162227603,-0.21055469953775038,-0.0753731014747964,-0.027737178076161127,-0.0673959938366718,-0.13787585296059873,-0.11328417345366498,-0.003178516398855382,0.05027074620294959,-0.05527624917455426,0.0702839533348008,0.20304864626898525,-0.139240589918556,-0.022119744662117545,-0.031426370239929564,0.10687871450583315,0.036907329958177415,-0.07255998239049087,-0.03033237948492186,0.09566585956416465,0.10538410741800572,-0.08080123266563945,0.0464406779661017,0.06572088928021132,0.11047105436935946,0.06265243231344926,-0.011787365177195686,-0.00970724191063174,-0.10213295179396874,-0.09931102795509575,-0.023486682808716706,-0.041267884657715165,0.03704600484261501,-0.04391151221659696,-0.1649702839533348,0.046643187321153426,0.14463790446841293,-0.32480299361655296,-0.1764076601364737,-0.01514637904468413,0.0041954655513977545,0.20481620074840415,0.14362095531587057,-0.16728153202729473,-0.0977790006603566,-0.11312568787145058,0.07151882016288796,-0.05066916134712745,0.09419766674003963,-0.008485582214395774,0.2247655734096412,0.0550627338762932,0.006007043803653973,-0.011175434734756769,-0.16184019370460048,0.08830288355712085,0.11918556020250935,0.03835791327316751,,-0.06470173893902707,0.037699757869249395,-0.014448602245212414,0.10301562843935726,0.074554259300022,0.04297160466651992,-0.05247413603345807,-0.0067466431873211535,0.22617873651771958,-0.1160444640105657,0.02644948272066916,-0.21449922958397535,-0.021250275148580234,-0.0027382786704820603,-0.044651111600264144,-0.016931543033237947,-0.028804754567466433,-0.23528285274047986,-0.07263482280431433,-0.008661677305745102,0.011547435615232226,-0.040504072198987454,-0.09142196786264582
#12,0.44797490644948273,0.2547787805414924,1.0,0.3579550957517059,-0.12209553158705701,0.42864626898525204,-0.017426810477657935,0.3051793968743121,0.08531366938146599,0.42682588597842835,0.26381465991635483,-0.10234206471494607,0.15298921417565486,-0.004395773717807616,-0.17662998018930223,-0.15441118203830068,0.3731829187761391,0.639093110279551,-0.16836231565045123,-0.14109178956636584,-0.06163108078362316,0.17135373101474796,0.15915914593880695,-0.01708782742681048,0.07550957517059212,0.03136033458067356,0.06165969623596742,0.212293638564825,0.07335020911292098,0.059542152762491744,0.2377195685670262,-0.22190402817521462,0.26523002421307507,-0.06788465771516619,-0.10815540391811579,-0.26987012987012987,-0.19171472595201408,-0.10610609729253798,0.07878274268104776,-0.07969623596742241,0.205115562403698,-0.157277129650011,-0.11097292537970505,0.05745982830728594,-0.2904754567466432,0.007937486242570988,-0.004761171032357473,0.05065815540391812,0.41528505392912174,0.20635042923178518,-0.1704534448602245,0.29931102795509573,0.3040810037420207,0.5370944309927361,0.1991899625797931,0.2457957296940348,-0.3256174334140436,-0.4187673343605547,-0.3944948272066916,-0.17322474136033458,0.02230464450803434,-0.14211974466211755,-0.3583270966321814,-0.2729121725731895,0.5187541272287035,0.33246313009024875,-0.27065375302663436,-0.26077041602465334,-0.1038300682368479,-0.2521989874532247,0.3941206251375743,-0.1283535108958838,0.004078802553378825,-0.16214615892581993,-0.2778890600924499,-0.036176535329077705,-0.20250935505172793,0.051067576491305305,0.20881135813339202,0.1577591899625798,-0.19233325996037862,-0.1559123926920537,-0.1101056570548096,-0.16854061193044245,-0.21180277349768875,0.01987012987012987,-0.0437244111820383,,-0.22162447721769757,-0.26574730354391374,-0.25113581333920315,-0.22164869029275808,-0.2450759410081444,0.00650231124807396,-0.20022232005282853,0.22883777239709444,0.11971604666519921,0.26275808936825884,0.4337200088047546,0.10257318952234207,0.27867928681488,0.4464120625137574,0.05722870349988994,0.3553995157384988,0.14086286594761172,0.17476117103235747,0.14095751705921197,-0.030818842174774378,-0.13006383447061412,0.028408540611930443,-0.04225401716927141
#13,0.43677305745102357,0.19344926260180498,0.3579550957517059,1.0,0.19743121285494167,0.2654721549636804,-0.1407638124587277,0.2947809817301343,-0.10486902927580893,0.5554347347567686,0.10156064274708343,0.3304424389170152,0.33465331278890603,0.051391151221659694,-0.2417785604226282,-0.1925379705040722,0.5278318291877614,0.09080783623156505,-0.10356812678846578,0.10218578032137354,-0.2335263042042703,-0.07163328197226503,0.014025974025974027,0.08175434734756769,0.11799911952454326,0.13895443539511337,-0.04543693594541052,0.20490644948272066,0.0897424609289016,0.11012106537530267,0.09099713845476558,-0.11657054809597182,0.06217697556680608,0.06390710983931323,0.07122165969623596,-0.0649636803874092,0.13557340964120626,0.1010147479639005,-0.0574884437596302,0.06217697556680608,0.003755227823024433,0.08478098173013428,0.11412282632621616,-0.030261941448382127,-0.07863966541932643,-0.07936385648250055,0.27138674884437597,0.16581113801452785,0.3189346246973366,-0.05789566365837552,0.02355051727933084,-0.1606515518379925,-0.08626898525203609,-0.06337001981069777,-0.1391217257318952,0.04339643407440018,-0.23967862645828747,-0.14300242130750607,-0.13182258419546555,-0.19861985472154964,0.0010741800572309048,-0.03190622936385648,0.05027734976887519,-0.02190182698657275,0.11742681047765793,0.06122165969623597,0.04329958177415805,-0.053779440898084965,0.04267444419986793,-0.017649130530486463,0.031558441558441556,-0.03373321593660577,-0.050004402377283735,0.15497908870790228,0.01896103896103896,-0.23473915914593882,-0.0324455205811138,-0.04411402157164869,0.14474796390050626,-0.0789654413383227,0.16898305084745763,-0.10223640766013647,0.1591239269205371,0.014444199867928682,0.17062293638564824,0.18824345146379046,0.014268104776579353,,0.13146599163548317,0.11203609949372662,-9.024873431653093e-05,0.05909531146819282,-0.15389170151882017,-0.12343825665859565,-0.20455425930002202,-0.011941448382126348,0.04414924058991856,0.05028395333480079,-0.07180497468633062,0.16978428351309707,0.004444199867928681,0.12616552938586836,0.055841954655513976,0.06991195245432534,0.05810917895663659,0.1794783182918776,0.17049746863306187,0.03273167510455646,-0.1086550737398195,-0.1465397314549857,-0.30467092229804094
#17,0.026836891921637684,0.02757208892802113,-0.12209553158705701,0.19743121285494167,1.0,0.10159806295399516,-0.03844816200748404,0.011818181818181818,0.015705480959718247,-0.11256218357913274,-0.10241690512876954,0.4618027734976888,0.43183138895003303,0.040140876073079465,-0.20704820603125687,-0.2896324014968083,0.053365617433414045,-0.2973365617433414,-0.18225841954655514,0.33410961919436494,-0.17138234646709222,-0.17482720669161347,-0.2791503411842395,0.006106097292537971,-0.18230904688531807,-0.24072859344045786,-0.30948932423508696,-0.18819502531366938,0.072524763372221,-0.16346467092229805,0.04334360554699538,0.035097952894563064,0.2117147259520141,0.16812018489984593,0.10860004402377284,0.3554721549636804,0.20145938806955757,0.12625357693154304,-0.26428351309707243,-0.042980409421087384,-0.21018930222320054,0.15116222760290557,0.11995157384987894,0.09644508034338543,-0.07036539731454985,-0.042295839753466874,0.26641206251375743,0.24299581774158047,0.219900946511116,-0.14677305745102356,0.08287255117763592,-0.12488003521901828,-0.07209333039841515,-0.1955690072639225,-0.4835351089588378,-0.34908650671362534,-0.13202509355051728,0.2025313669381466,0.014364957076821484,-0.2614571868809157,0.0788729914153643,0.07773277569887739,0.4633017829627999,0.4953070658155404,-0.3170327977107638,-0.1920427030596522,0.15996918335901386,0.017743781642086728,-0.007979308826766453,0.20079462909971385,-0.1306779661016949,-0.06855822143957738,0.13474796390050628,0.2890887079022672,0.4914549856922738,0.19763812458727714,0.18498789346246974,-0.07481399955976227,-0.23095091349328636,-0.14681047765793528,0.17819722650231123,0.6403081664098613,0.20006383447061413,0.2841316310807836,0.6446841294298922,0.20454325335681267,-0.0426436275588818,,0.0287409200968523,0.45892802113141096,0.33811358133392033,0.13765573409641207,-0.022956196346026855,-0.19120845256438476,-0.21635263042042702,-0.24854061193044244,-0.09717147259520141,0.025177195685670263,-0.12960378604446401,0.33238828967642525,0.26800352190182697,0.007886858903808056,0.12029495927801012,0.08029275808936825,0.16179616993176316,0.2256878714505833,0.15592339863526306,0.09802333259960379,-0.008117983711204051,-0.20992515958617652,-0.1075016508914814
#18,0.269570768214836,0.24316090688972045,0.42864626898525204,0.2654721549636804,0.10159806295399516,1.0,-0.14797270526084086,0.3633039841514418,0.1211666299801893,0.34102355271846796,0.0040149680827646925,0.2908518600044024,0.3781664098613251,0.1153202729473916,-0.22621835791327316,-0.18036539731454987,0.3171648690292758,0.2133546114902047,-0.2678252256218358,-0.05714505833149901,-0.24193484481620076,-0.06331499009465111,-0.042733876293198324,0.05712744882236408,-0.03537310147479639,-0.21603345806735638,-0.08260620735197007,-0.000611930442438917,0.24188641866607968,0.11799911952454326,0.1495729694034779,0.13548756328417344,0.21784503631961258,0.1020360994937266,-0.12799251595861766,-0.06987233105877173,-0.11563724411182039,-0.1455513977547876,-0.1995839753466872,-0.07482940788025534,0.10662117543473476,-0.06457186880915694,-0.22836451683909312,-0.13770195905789126,-0.07732995817741581,-0.05988333700198107,0.09195025313669382,-0.07780761611270086,0.18827426810477657,0.015551397754787585,-0.10175874972485142,0.13044904248294079,0.22425489764472814,0.23724851419766674,-0.048712304644508035,0.014648910411622276,-0.11571648690292759,-0.22167070217917675,-0.15432753686990974,-0.04410081443979749,0.0738300682368479,-0.08295619634602686,-0.09198987453224741,-0.11091789566365838,0.060310367598503195,0.00011666299801893022,-0.027970504072198987,0.07127008584635704,-0.11323354611490205,-0.0686616773057451,-0.00550297160466652,-0.1998877393792648,0.00969403477878054,0.025005502971604667,-0.053843275368699095,-0.04226502311248074,0.0029738058551617872,0.03701959057891261,0.024871230464450802,-0.0937376183138895,0.02180937706361435,-0.010059432093330399,-0.11370019810697776,0.0909619194364957,0.07903147699757869,0.25244331939247194,0.10561743341404359,,-0.1587012987012987,0.12208672683248954,0.03010345586616773,-0.03016288795949813,0.049654413383226945,-0.10620735197006384,-0.14115562403697998,0.07668721109399075,0.07252256218357914,0.34169051287695357,0.15253356812678848,0.18347127448822365,0.08223860884877834,0.3369733656174334,0.2436649790887079,0.035045124367158266,-0.02622496147919877,0.11541492405899186,0.104851419766674,0.04385428131190843,-0.12307946290997139,-0.0671648690292758,0.022837332159366057
#26,-0.1756152322254017,-0.007012987012987013,-0.017426810477657935,-0.1407638124587277,-0.03844816200748404,-0.14797270526084086,1.0,-0.022348668280871672,0.3155580013207132,-0.1637970504072199,-0.019412282632621614,-0.27557340964120625,-0.06395113361215056,0.2748580233325996,0.37843935725291655,0.23723970944309927,-0.07156284393572529,0.15641866607968302,0.10309487123046446,-0.15830728593440457,0.2958221439577372,0.1999075500770416,0.10549196566145719,0.13318071758749725,0.2112987012987013,0.1489456306405459,-0.20823684789786484,-0.02272507153863086,0.22219678626458286,0.016354831609068896,-0.08868368919216377,-0.21813559322033899,0.024635703279771076,0.07345146379044684,-0.12340303764032577,-0.1062359674224081,0.1402905569007264,0.1749702839533348,0.17269865727492847,0.2081818181818182,-0.038278670482060316,-0.06883777239709443,-0.05910851860004403,0.09794849218578032,-0.15474796390050627,0.08819722650231125,-0.07660576711424169,0.03782302443319392,-0.060548095971824784,-0.13786704820603127,-0.1183513097072419,0.027429011666299803,-0.10790887079022672,0.09708122386088487,0.08911732335461149,0.22552278230244333,-0.15587497248514198,0.057006383447061416,-0.2882302443319392,-0.2334272507153863,-0.30844155844155846,-0.17432753686990976,0.026211754347347568,-0.11362755888179617,-0.15011666299801893,-0.25064714946070876,0.06971164428791547,0.1760180497468633,0.3226788465771517,-0.06789786484701739,0.13870129870129871,-0.09509134932863747,0.3396434074400176,0.10535329077701959,0.07230904688531807,-0.025390710983931322,0.013973145498569227,-0.200198106977768,0.24079683028835572,0.23430552498349108,0.14484701738939026,-0.13390050627338762,0.09150561303103676,-0.004974686330618534,0.0062425709883337,-0.28894342945190404,-0.23000440237728373,,0.160363196125908,-0.1,0.04324455205811138,-0.256946951353731,-0.1763680387409201,-0.11610169491525424,-0.17517279330838653,0.16916354831609068,0.17071318511996478,0.05419766674003962,-0.02058991855602025,-0.08504512436715826,-0.09743121285494166,0.10395773717807616,0.04718027734976887,-0.1086814880035219,0.07348888399735858,-0.045857362976007045,0.008357913273167511,-0.18154523442659035,-0.015148580233325996,-0.2862293638564825,-0.17059652212194584
#49,0.48943649570768216,0.05777459828307286,0.3051793968743121,0.2947809817301343,0.011818181818181818,0.3633039841514418,-0.022348668280871672,1.0,0.1930266343825666,0.4027955095751706,0.2458793748624257,0.29318511996478097,0.3822892361875413,0.24726832489544354,-0.06317411402157165,-0.26677525863966545,0.3100242130750605,0.15431432973805856,0.1462491745542593,-0.06752366277790006,-0.10707241910631742,-0.3014307726172133,-0.026079683028835572,-0.07947391591459388,0.12875632841734536,-0.07140876073079463,0.03629319832709663,0.007468633061853401,0.22687871450583316,0.06338542813119084,0.10231785163988553,-0.0009134932863746423,0.010587717367378385,-0.01706141316310808,-0.07494166850099053,-0.10097292537970504,0.00039621395553598944,0.15301342725071537,-0.10277129650011006,-0.017992515958617655,0.09552278230244332,0.09712084525643848,-0.0488994056790667,-0.11390050627338763,-0.26408980849658814,-0.2187475236627779,0.07119524543253357,-0.004351749944970284,0.29481620074840414,-0.07110059432093331,-0.0585890380805635,-0.056048866387849436,0.16299581774158045,0.018705701078582434,-0.054164648910411624,0.062132951793968744,-0.2167444419986793,-0.19898305084745763,-0.3284371560642747,-0.21689632401496808,-0.15103896103896103,-0.2937420206911732,0.1618203830068237,0.13595421527624918,0.2584305524983491,0.11200528285274047,0.05565925599823905,-0.05688311688311688,0.08158485582214396,0.0711666299801893,0.0019018269865727492,0.00794188861985472,0.27604666519920756,0.25886198547215494,0.1336253576931543,0.002672243011226062,0.04388729914153643,-0.3483975346687211,0.04029495927801013,-0.12342284833810258,0.0799603786044464,-0.004169051287695355,0.07530706581554039,0.14680167290336782,0.08352850539291218,0.09557340964120625,-0.24631741140215715,,0.1483975346687211,0.1531961259079903,-0.018718908210433635,-0.15790006603565926,-0.19106977767994718,-0.32384767774598283,-0.35443759630200306,-0.028296279991195245,-0.10538410741800572,0.13072639225181598,-0.1164340744001761,0.08114461809377063,0.03705480959718248,0.04721109399075501,0.21663878494386968,-0.14175874972485142,-0.20761171032357473,0.04661457186880916,-0.08554479418886199,0.040140876073079465,-0.11354831609068897,-0.3097006383447061,-0.1490490865067136
#50,0.2808694695135373,0.18382126348228042,0.08531366938146599,-0.10486902927580893,0.015705480959718247,0.1211666299801893,0.3155580013207132,0.1930266343825666,1.0,-0.025674664318732117,0.26700858463570326,-0.1305150781421968,0.0488465771516619,0.4348448162007484,0.08795069337442218,-0.03154303323794849,-0.02904028175214616,0.2387012987012987,-0.051395553598943426,-0.16649570768214836,0.04174114021571649,0.0564076601364737,0.0488597842835131,-0.115115562403698,0.05602685450143077,-0.058232445520581114,-0.07065155183799252,-0.15867708562623817,0.11613031036759851,-0.0022430112260620736,-0.057048206031256876,-0.16187541272287034,-0.027523662777900065,-0.046396654193264365,-0.15270966321813778,-0.07299141536429672,-0.10075060532687652,-0.0773695795729694,-0.14592780101254677,-0.13438036539731454,0.06139335241030156,0.006836891921637684,-0.19741360334580674,-0.11429231785163989,0.14882236407660138,-0.01324455205811138,-0.0486418666079683,-0.0664670922298041,-0.013321593660576711,-0.010383006823684789,0.15944970283953336,0.13901386748844377,0.07830288355712084,0.17511336121505613,0.15187321153422847,0.07566806075280652,0.11764913053048646,-0.12315210213515299,-0.12793968743121287,-0.12335241030156284,-0.21070438036539732,-0.22248954435395113,0.01171912832929782,-0.027479639005062735,-0.08534008364516839,-0.17285714285714285,0.07020250935505173,-0.03370900286154523,0.20806955756108297,-0.07834030376403257,0.3336363636363636,0.046431873211534226,0.1749702839533348,-0.004840413823464671,0.04600264142637024,0.1380079242791107,-0.04607307946290997,-0.2303609949372661,0.18116442879154743,0.17526964560862865,0.1930266343825666,0.004309927360774819,-0.006801672903367819,0.11549416685009906,0.14384767774598284,-0.23497908870790227,-0.2194981289896544,,0.0897094430992736,-0.10845916795069338,0.030279550957517058,0.06828747523662777,0.13443539511336122,-0.28944089808496587,-0.11829407880255338,0.07679947171472595,0.15918776139115123,-0.08323134492626018,-0.004730354391371341,-0.07312348668280871,-0.07697996918335902,0.09173673783843275,-0.0014836011446180937,-0.16454545454545455,-0.05402377283733216,-0.12155403918115783,-0.052791107197886857,-0.036453885097952894,0.05273827867048206,-0.25116442879154743,-0.0974488223640766
#51,0.42083425049526746,0.19561303103675984,0.42682588597842835,0.5554347347567686,-0.11256218357913274,0.34102355271846796,-0.1637970504072199,0.4027955095751706,-0.025674664318732117,1.0,0.41641646489104117,0.10965881576051068,0.15734536649790887,0.182689852520361,-0.06696676205150781,-0.27532687651331716,0.5329760070438037,0.18239049086506715,-0.057147259520140874,-0.24581554039181158,-0.1457010785824345,-0.04668060752806515,0.09728813559322035,-0.08819062293638565,0.23387409200968523,0.05347127448822364,0.21689192163768434,0.14423728813559322,-0.055089148139995596,0.01050627338762932,0.14946951353731014,-0.16075720889280212,0.05098613251155624,-0.09344265903587938,-0.011426370239929562,-0.24605987233105878,-0.06083204930662558,-0.0862491745542593,0.09689852520360995,-0.07964120625137575,0.16567906669601584,-0.12298481179837112,-0.04063614351749945,-0.07928021131410962,-0.050884877834030375,-0.14740699977988114,-0.004382566585956416,-0.11749064494827206,0.10086286594761171,-0.07606867708562624,-0.050154083204930665,-0.13647149460708782,0.1560642747083425,0.11353510895883777,0.09917235307065815,0.10924499229583975,-0.12751265683469074,-0.3236979969183359,-0.09633281972265023,-0.06258199427690952,0.07869689632401497,-0.15816420867268324,-0.20131631080783624,-0.16677305745102355,0.3489500330178296,0.18802993616552938,-0.07457406999779881,-0.1658793748624257,-0.08380805635042923,-0.24480299361655294,0.08226282192383887,-0.022322254017169273,-0.042438917015188204,-0.1835527184679727,-0.17382566585956416,-0.06359013867488444,-0.030638344706141317,-0.011481399955976227,0.22940347787805415,-0.07179396874312129,0.029167950693374422,-0.1880431432973806,0.005883777239709443,-0.11492405899185561,-0.1867510455646049,0.14484701738939026,-0.021879815100154083,,-0.06856482500550297,-0.03380805635042923,-0.29054589478318293,0.045978428351309705,-0.1484591679506934,-0.020585516178736517,-0.1686682808716707,0.24364516839093112,0.13598283072859343,0.09797710763812459,0.025318071758749724,0.06435395113361216,-0.030495267444419986,0.1765661457186881,0.19465111160026413,0.09682368478978648,-0.054296720228923616,0.07574069997798812,0.13802113141096192,0.0374158045344486,-0.07592339863526304,-0.05298921417565485,-0.1308562623816861
#52,0.21058771736737839,0.2695971824785384,0.26381465991635483,0.10156064274708343,-0.10241690512876954,0.0040149680827646925,-0.019412282632621614,0.2458793748624257,0.26700858463570326,0.41641646489104117,1.0,-0.13732775698877395,-0.007213295179396875,0.23140876073079464,0.005650451243671583,-0.127112040501871,0.10270085846357033,0.24859123926920537,0.0028439357252916576,-0.09167290336781862,0.020343385428131192,-0.049867928681488004,0.09583755227823025,-0.19112260620735197,0.2035725291657495,0.11724631300902487,0.38339643407440016,0.16566806075280652,-0.11232885758309487,0.04556020250935505,0.13459828307285934,-0.2410873871890821,-0.025192604006163327,-0.05578032137354171,-0.07465331278890601,-0.2666894122826326,-0.06334580673563725,-0.06306185340083645,0.09040721989874533,0.03891921637684349,0.1842460928901607,-0.1494519040281752,0.020693374422187983,0.10701959057891261,0.10287915474356152,-0.04852080123266564,-0.16285053929121726,-0.08358793748624258,0.2646995377503852,0.18982390490865067,0.024545454545454544,0.18965441338322694,0.2561699317631521,0.23258859784283514,0.24187541272287036,0.1771384547655734,-0.06950473255558001,-0.1690909090909091,-0.22613911512216597,-0.006418666079683029,-0.15565485362095532,-0.25866607968302885,-0.1365727492846137,-0.042020691173233544,0.3767048206031257,0.19839973585736298,-0.1621021351529826,-0.13995597622716266,0.006766453885097953,-0.09049086506713626,0.25328637464230686,0.031016949152542373,-0.005031917235307066,-0.04792868148800352,-0.2129077701959058,-0.0008672683248954436,-0.19055029716046665,-0.07663878494386969,0.28140655954215277,0.1632819722650231,-0.0748976447281532,-0.05701078582434515,-0.00970724191063174,-0.09101915034118424,-0.0812656834690733,-0.20913933524103015,-0.32422187981510014,,-0.18477657935285055,-0.13605326876513318,-0.14630420427030597,-0.140759410081444,-0.1428923618754127,-0.15335020911292097,-0.20577151661897425,0.17836011446180938,0.04743341404358353,0.006834690732995818,0.0789654413383227,-0.10790887079022672,0.03446841294298921,0.04558661677305745,0.082656834690733,-0.027012987012987013,-0.1346929341844596,-0.13418005723090468,-0.12861325115562403,-0.022049306625577813,-0.14952894563064054,-0.1892559982390491,-0.15623376623376622
#53,0.1496324014968083,0.09870570107858244,-0.10234206471494607,0.3304424389170152,0.4618027734976888,0.2908518600044024,-0.27557340964120625,0.29318511996478097,-0.1305150781421968,0.10965881576051068,-0.13732775698877395,1.0,0.6379220779220779,0.045914593880695576,-0.31790006603565923,-0.25671362535769315,0.19950913493286374,-0.3202333259960379,-0.13387409200968522,0.3433898305084746,-0.3509685230024213,-0.1962293638564825,-0.1214241690512877,0.22251375742901167,-0.049436495707682146,-0.17235747303543913,-0.2738542813119084,-0.08527624917455426,0.12120845256438477,-0.06879594981289897,-0.04977327756988774,0.2868280871670702,0.24168611049966982,0.12842174774378165,-0.013158705701078582,0.3065925599823905,0.24686770856262383,0.190264142637024,-0.2153004622496148,0.08219898745322474,-0.05525643847677746,0.12189962579793089,0.19046445080343385,-0.04751045564604887,-0.0021483601144618096,-0.10928461369139335,0.280726392251816,0.1697820823244552,0.1856020250935505,-0.11904908650671363,0.1402839533348008,-0.08049746863306186,-0.179933964340744,-0.18819062293638564,-0.4455249834910852,-0.2102443319392472,-0.32326876513317193,0.17421747743781643,-0.11016508914814,-0.2136583755227823,0.056427470834250495,0.06340964120625138,0.5029958177415804,0.3413669381465992,-0.30037200088047544,-0.11638344706141317,0.17832049306625578,0.03887519260400616,-0.06338322694254897,0.2661677305745102,-0.2897292537970504,0.07672463130090248,0.05313889500330178,0.47344486022452126,0.40778120184899846,0.06316090688972045,0.18690953114681927,-0.08515078142196786,-0.2901210653753027,-0.2682918776139115,0.30340964120625136,0.44058551617873654,0.20499449702839534,0.2777371780761611,0.4488333700198107,0.3655976227162668,-0.0015980629539951573,,0.03163548316090689,0.6016068677085626,0.22350649350649351,0.09820823244552059,0.08423288575830949,-0.24422408100374202,-0.28548756328417346,-0.27675764913053047,0.08623156504512437,0.0015408320493066256,-0.0986880915694475,0.20496588157605106,0.15677966101694915,-0.0237838432753687,0.13108298481179836,0.009515738498789346,0.10878494386968963,0.2881796169931763,0.18028615452344265,0.18080123266563944,0.07861545234426591,-0.22446841294298922,-0.16762051507814218
#54,0.1372639225181598,0.08184019370460048,0.15298921417565486,0.33465331278890603,0.43183138895003303,0.3781664098613251,-0.06395113361215056,0.3822892361875413,0.0488465771516619,0.15734536649790887,-0.007213295179396875,0.6379220779220779,1.0,0.21103015628439356,-0.18211974466211756,-0.18509134932863747,0.27165749504732556,0.07370680167290337,-0.1879286814880035,0.2349042482940788,-0.3445102355271847,-0.19150561303103675,-0.007283733215936606,0.18605546995377503,-0.07646709222980409,-0.21642967202289237,-0.45924058991855604,-0.13596962359674225,0.45534448602245214,0.18120845256438478,0.18595861765353291,0.10935725291657496,0.16608628659476118,0.10424389170151882,-0.10416464891041162,0.1933480079242791,0.15064274708342504,0.11874312128549416,-0.23696896324014968,-0.018853180717587497,0.1696456086286595,0.19116442879154744,0.07612370680167291,-0.03724851419766674,-0.2376865507373982,-0.1443781642086727,0.1023134492626018,0.019425489764472816,0.239702839533348,-0.02937706361435175,0.0058023332599603785,0.026200748404138236,-0.11949372661237068,-0.0851617873651772,-0.40157164869029277,-0.20648910411622276,-0.3186396654193264,0.03047325555800132,-0.25366718027734975,-0.301435174994497,-0.05831829187761391,-0.05967642526964561,0.4981267884657715,0.34561963460268547,-0.22441558441558443,-0.2221021351529826,0.3152850539291217,0.20266123706801673,0.03591679506933744,0.23602245212414705,-0.09852520360994937,-0.12442659035879375,0.16153202729473917,0.28131410961919434,0.3514813999559762,-0.03452124147039401,0.0997952894563064,-0.20080343385428132,-0.06935064935064936,-0.15713185119964782,0.44797490644948273,0.326418666079683,0.28736517719568566,0.53132071318512,0.5116178736517719,0.16977988113581333,-0.10299141536429672,,0.015320272947391592,0.29176315210213516,0.2676799471714726,-0.07996478098173014,0.0349372661237068,-0.25203609949372663,-0.21815980629539952,-0.05962359674224081,0.03909311027955096,0.030534888839973587,-0.01582654633502091,0.19005502971604665,0.15836671802773497,0.2686946951353731,0.09069557561082985,-0.10502531366938146,0.08531587057010785,0.21747743781642087,0.1559718247853841,0.20200968523002422,-0.019134932863746422,-0.26687871450583317,-0.16003742020691172
#58,0.009222980409421088,-0.06158485582214396,-0.004395773717807616,0.051391151221659694,0.040140876073079465,0.1153202729473916,0.2748580233325996,0.24726832489544354,0.4348448162007484,0.182689852520361,0.23140876073079464,0.045914593880695576,0.21103015628439356,1.0,0.03066255778120185,-0.17288575830948713,0.06376843495487564,0.23445740699977988,-0.2311600264142637,-0.28815760510675764,0.147772397094431,-0.02650891481399956,0.12515958617653533,0.08480959718247853,0.20392912172573188,-0.10646929341844596,-0.04776799471714726,-0.022249614791987674,0.1386022452124147,0.18803874092009684,0.17956636583755228,0.06628439357252916,0.06890821043363417,0.07168390931102796,-0.129801893022232,0.03264142637023993,0.12406339423288576,-0.07300462249614792,-0.031171032357473035,0.018835571208452563,-0.006341624477217697,-0.17234426590358795,-0.11530706581554039,-0.16495267444419986,0.10035659255998239,-0.01846357032797711,0.09020030816640986,0.13246092890160688,0.06636363636363636,0.02513317191283293,0.14226502311248074,0.11188421747743782,-0.011716927140655954,0.06839093110279551,0.04843055249834911,0.1251287695355492,0.06736737838432753,-0.04535989434294519,-0.2832819722650231,-0.17628659476117103,-0.17921637684349548,-0.1855161787365177,0.04261941448382126,-0.038049746863306186,-0.12589918556020252,-0.21138234646709222,0.4391107197886859,0.2771670702179177,0.07325555800132072,-0.16724851419766673,-0.009597182478538411,-0.12253576931543034,0.2725335681267885,0.1467840633942329,0.15336341624477218,0.03535329077701959,0.1087607307946291,-0.22666519920757208,0.26107858243451465,0.016097292537970504,0.3598151001540832,-0.14076161127008585,0.2079440898084966,0.2513119084305525,0.15339423288575832,-0.18036319612590798,-0.19780541492405898,,-0.03407219898745322,0.04926260180497469,-0.14282412502751485,-0.04326436275588818,0.10900726392251817,-0.3121879815100154,-0.2985692273827867,0.23683909311027956,0.26163768434954876,0.09434074400176096,-0.12731895223420647,-0.15336341624477218,-0.18477657935285055,0.2682280431432974,0.2388465771516619,-0.22409641206251377,0.0035064935064935067,0.06486902927580894,0.1418710103455866,-0.0023046445080343383,0.1177790006603566,-0.34590799031477,-0.2551948051948052
#101,-0.16548316090688972,-0.2638696896324015,-0.17662998018930223,-0.2417785604226282,-0.20704820603125687,-0.22621835791327316,0.37843935725291655,-0.06317411402157165,0.08795069337442218,-0.06696676205150781,0.005650451243671583,-0.31790006603565923,-0.18211974466211756,0.03066255778120185,1.0,0.2796522121945851,0.1601915034118424,-0.09943649570768215,0.6004248294078802,-0.14576051067576493,0.547475236627779,-0.09356812678846577,0.060409421087387186,-0.19452564384767776,0.01097952894563064,-0.05577591899625798,-0.14323794849218577,-0.4634206471494607,0.026110499669821704,-0.09834030376403258,-0.046902927580893684,-0.2841206251375743,-0.07110059432093331,-0.067376183138895,0.18958617653532908,-0.21387849438696896,0.20658815760510676,-0.01084305524983491,0.1899471714725952,-0.0912194585075941,0.07594100814439797,0.25434074400176093,-0.16370680167290336,0.2624323134492626,-0.20959057891261282,-0.11231124807395994,-0.2454523442659036,-0.3186110499669822,-0.22812238608848778,-0.4286440677966102,-0.11138895003301783,-0.26169711644287913,-0.19527404798591239,-0.11727933083865287,0.1541800572309047,-0.0887343165309267,0.08299361655293859,-0.09874312128549417,0.04716927140655954,-0.13909531146819282,-0.13648470173893903,-0.212557781201849,0.057059211974466215,-0.06031256878714506,-0.16319172353070657,-0.33738718908210436,0.0883513097072419,0.01607307946290997,0.56524763372221,0.10443979749064494,0.27679286814880033,-0.055313669381465994,0.32445960818842173,-0.0964340744001761,0.008641866607968302,-0.2426964560862866,-0.029465111160026414,-0.3050143077261721,0.3180277349768875,0.05192824125027515,-0.14897424609289017,-0.2689456306405459,-0.1604886638784944,-0.09966101694915254,-0.10248954435395113,-0.30374202069117323,-0.11773937926480299,,0.12315430332379484,-0.2041008144397975,-0.11900286154523443,-0.24287255117763593,-0.24779220779220779,-0.00774818401937046,0.08711644287915474,0.021016949152542375,-0.11184679727052609,-0.02539731454985692,-0.30193484481620075,-0.22950913493286373,-0.2514637904468413,-0.11105657054809598,-0.13140215716486903,-0.14929121725731895,-0.08970063834470614,-0.04466651992075721,0.04338762931983271,-0.14318732115342284,0.014908650671362536,-0.13658155403918115,-0.10270746202949593
#102,-0.11680387409200968,-0.08039181157825226,-0.15441118203830068,-0.1925379705040722,-0.2896324014968083,-0.18036539731454987,0.23723970944309927,-0.26677525863966545,-0.03154303323794849,-0.27532687651331716,-0.127112040501871,-0.25671362535769315,-0.18509134932863747,-0.17288575830948713,0.2796522121945851,1.0,-0.09291877613911512,0.13666519920757209,0.320891481399956,0.4266387849438697,0.07888179616993177,0.5404446401056571,0.19938586836891922,0.4065331278890601,-0.1721219458507594,0.23723530706581555,-0.2612612810917896,-0.06525643847677746,0.25482280431432974,0.3222232005282853,-0.170693374422188,-0.007041602465331279,-0.21645828747523663,-9.244992295839753e-05,-0.08792868148800352,-0.15015628439357254,0.0738300682368479,0.19975786924939468,0.22223200528285275,0.3686154523442659,0.0901452784503632,-0.016900726392251816,0.04499229583975347,-0.010939907550077042,-0.09214175654853621,0.143020030816641,-0.16719568567026194,-0.4118556020250935,-0.21790666960158486,0.001201848998459168,-0.18227162667840635,-0.042973805855161785,-0.07356152322254017,0.14831609068897206,0.2831829187761391,0.45365397314549855,-0.10879594981289896,0.4392229804094211,-0.19898745322474137,-0.014560862865947611,-0.422194585075941,-0.2736583755227823,-0.06537310147479639,-0.07158045344486022,-0.04183799251595862,0.013284173453664979,0.024092009685230023,0.3260048426150121,0.3628659476117103,0.21331058771736738,0.11395333480079242,0.18485362095531588,0.09782962799911953,-0.07373981950253136,-0.16046445080343386,-0.1735329077701959,-0.2501364736957957,-0.08708782742681048,0.011049966982170372,0.2056548536209553,0.07189962579793088,-0.15980629539951574,0.03879594981289897,-0.1000726392251816,-0.23347127448822363,-0.5608034338542813,-0.2940810037420207,,0.3862799911952454,-0.38020691173233545,-0.05960158485582214,-0.43273827867048203,0.025740699977988113,-0.229702839533348,-0.1439093110279551,-0.04513317191283293,0.04359674224081004,-0.12599383667180278,-0.0888267664538851,-0.11314329738058551,-0.22266123706801672,-0.00663878494386969,-0.1599801893022232,-0.18281311908430553,-0.1541140215716487,-0.12678626458287476,-0.14123486682808717,-0.42408320493066254,-0.14703720008804755,-0.2591899625797931,-0.26335901386748845
#201,0.4403940127668941,-0.00447721769755668,0.3731829187761391,0.5278318291877614,0.053365617433414045,0.3171648690292758,-0.07156284393572529,0.3100242130750605,-0.02904028175214616,0.5329760070438037,0.10270085846357033,0.19950913493286374,0.27165749504732556,0.06376843495487564,0.1601915034118424,-0.09291877613911512,1.0,0.2682808716707022,0.11663438256658595,-0.050717587497248515,0.0017917675544794189,-0.12142857142857143,0.14538850979528944,-0.18559982390490865,0.05863746423068457,-0.02523002421307506,-0.05431432973805855,-0.15667620515078143,0.16005062733876294,0.018615452344265905,0.32700418225841954,-0.18543033237948492,0.2819700638344706,0.1560180497468633,-0.02817521461589258,-0.1736979969183359,0.04865947611710324,-0.014571868809156945,0.0652938586836892,-0.16369359454105217,0.17042703059652212,0.15796610169491526,0.19741360334580674,-0.12742020691173234,-0.14815540391811577,-0.20347787805414924,0.007776799471714726,-0.19230904688531808,0.14874312128549416,-0.2687497248514198,-0.18184239489324236,-0.2042593000220119,0.11327096632181378,0.0901122606207352,0.16455646048866387,-0.031523222540171696,-0.15425709883337002,-0.36122826326216156,-0.05639005062733876,-0.2650693374422188,-0.1011204050187101,-0.3086110499669822,-0.08348888399735857,-0.13492846136913933,0.2779264802993617,0.10205150781421968,0.11018930222320053,0.013163108078362316,0.26460048426150123,-0.020462249614791986,0.3145828747523663,0.010204710543693594,0.056990975126568345,-0.0563284173453665,-0.06715386308606648,-0.22489544353951132,-0.12888179616993176,-0.2404754567466432,0.28400396213955537,-0.08956416464891041,-0.022302443319392472,-0.14284393572529167,-0.02522562183579133,0.12754347347567688,-0.09402377283733215,-0.011545234426590358,-0.1259784283513097,,-0.05523002421307506,0.05129650011005943,-0.13393352410301562,-0.1760180497468633,-0.24432753686990974,-0.11918115782522562,-0.1634866828087167,0.28399075500770415,-0.022106537530266344,0.24765573409641206,0.05393352410301563,0.0737244111820383,0.11497468633061854,0.3677966101694915,-0.04280871670702179,0.28126128109178955,0.08986572749284613,0.36604886638784945,0.30334800792427913,-0.16021571648690291,-0.08793528505392913,-0.16135373101474795,-0.2678582434514638
