,#10,#11,#12,#13,#17,#18,#26,#49,#50,#51,#52,#53,#54,#58,#101,#102,#201,#202,#301,#302,#401,#402,#501,#502,#601,#602,#701,#702,#801,#802,#901,#902,#1001,#1002,#1101,#1102,#1201,#1202,#1301,#1302,#1401,#1402,#1501,#1502,#1601,#1602,#1701,#1702,#1801,#1802,#1901,#1902,#2001,#2002,#2101,#2102,#2201,#2202,#2301,#2302,#2401,#2402,#2501,#2502,#2601,#2602,#2701,#2702,#2801,#2802,#2901,#2902,#3001,#3002,#3101,#3102,#3201,#3202,#3301,#3302,#3401,#3402,#3455,#3501,#3502,#3601,#3602,#3701,#3702,#3801,#3802,#3901,#3902,#4001,#4002,#4101,#4102,#4201,#4202,#4301,#4302,#4401,#4402,#4501,#4502,#4601,#4602,#4701,#4702,#4801,#4802
#10,1.0,0.4234404578472375,0.4623376623376623,0.4086682808716707,-0.007719568567026194,0.19538410741800571,0.26050627338762933,0.5905480959718248,-0.03649570768214836,0.2622892361875413,0.40694475016508913,0.1687673343605547,-0.0005833149900946512,-0.07119744662117543,-0.48457847237508256,-0.00611930442438917,0.3115078142196786,0.07594981289896544,-0.08075941008144398,0.1851353731014748,-0.23738718908210435,0.0338102575390711,-0.326748844375963,-0.3490578912612811,-0.21947611710323575,0.07699977988113581,0.09041382346467092,0.19162227602905568,0.022029495927801013,-0.07065815540391812,0.07063834470614132,0.06601584855822144,0.2936759850319172,0.14082544574069997,-0.1474488223640766,-0.012705260840854061,-0.24191943649570768,-0.20077481840193703,-0.14732995817741582,-0.004092009685230024,-0.13091129209773278,0.09187761391151221,0.17782302443319392,-0.09140655954215277,-0.28658375522782303,0.11996257979308826,0.2714836011446181,0.25935725291657497,0.11509355051727933,0.15092449922958398,0.3395465551397755,0.12589038080563505,0.26484261501210654,0.29710543693594543,-0.0263284173453665,0.2192537970504072,-0.25843935725291656,-0.2368897204490425,0.07000440237728374,-0.07787585296059872,-0.13187541272287034,0.018683689192163767,-0.25369579572969403,-0.19397314549856923,0.3590556900726392,0.3292427911071979,-0.10134272507153863,-0.08235527184679726,-0.06492846136913934,0.1511864406779661,0.20566585956416464,0.4119832709663218,-0.03460708782742681,0.14572969403477878,-0.23686550737398196,-0.06953334800792428,-0.11775478758529606,0.005067136253576932,-0.4024345146379045,0.055331278890600924,0.040801232665639446,0.14218357913273166,0.1266585956416465,-0.10305304864626899,0.02150561303103676,-0.19861325115562403,-0.025513977547875853,0.14896324014968082,-0.061897424609289015,0.167508254457407,-0.25106537530266343,-0.05780981730134273,-0.1407902267224301,-0.04145938806955756,-0.07169711644287916,0.06651551837992516,-0.02294739159145939,0.41251595861765356,0.31134712744882237,0.3243957737178076,0.10948051948051948,0.30528505392912175,-0.0661633281972265,0.1510873871890821,0.20278450363196127,0.1994320933303984,0.18120845256438478,0.12478098173013427,0.12370239929561963,0.058593440457847236,-0.18112480739599385
#11,0.4234404578472375,1.0,0.4679154743561523,0.3409112920977328,-0.18151221659696237,0.2909707241910632,0.37004842615012107,0.24705701078582434,-0.12414483821263482,0.39175214615892584,0.2781730134272507,-0.036172132951793966,-0.12819722650231125,-0.16863966541932643,-0.15441778560422628,-0.02844816200748404,0.3399647809817301,0.28305524983491087,0.01946951353731015,0.10193264362755888,-0.036843495487563285,0.03390710983931323,-0.2369733656174334,-0.3353709002861545,-0.11420867268324895,-0.020988333700198106,0.05328857583094871,0.15627999119524544,-0.011386748844375964,0.0006757649130530487,0.27013647369579574,0.040165089148139994,0.4079220779220779,0.01713625357693154,0.04821043363416245,-0.25082104336341626,-0.17569227382786703,-0.1696764252696456,0.05818181818181818,0.074785384107418,-0.23927580893682587,0.08799911952454326,-0.01587937486242571,-0.2660818842174774,-0.19577151661897424,0.10978428351309708,0.10290556900726393,0.0891371340523883,-0.025324675324675326,0.11322694254897644,0.20347567686550738,0.05567246313009025,0.15272727272727274,0.08093770636143517,0.20965441338322693,0.15976447281532027,-0.09625137574290117,-0.2675478758529606,0.1273167510455646,-0.054831609068897204,-0.1660972925379705,-0.08680167290336782,-0.36137574290116664,-0.3998701298701299,0.30841954655513976,0.04881796169931763,-0.31505833149900947,0.10440017609509135,0.0524653312788906,0.031243671582654634,0.2646797270526084,0.421600264142637,-0.1875280651551838,-0.18618534008364518,-0.32471054369359453,-0.27222540171692716,-0.09961919436495707,0.025513977547875853,-0.20148139995597622,0.12830508474576272,0.2216729033678186,-0.018445960818842175,0.22043143297380585,-0.14475236627779,-0.07734756768655074,-0.24072639225181597,0.050660356592559984,0.0648778340303764,0.06679947171472596,-0.025390710983931322,-0.08006383447061413,0.06926040061633282,0.05038080563504292,-0.010488663878494387,-0.04141316310807836,0.2547875852960599,0.04193484481620075,0.34080563504292316,0.378432753686991,0.20324014968082765,0.18602025093550517,0.33060972925379706,0.047030596522121944,0.1317213295179397,0.313497688751926,0.19959278010125467,0.19942108738718908,-0.0848580233325996,-0.05580453444860225,0.1632489544353951,-0.06191063174114021
#12,0.4623376623376623,0.4679154743561523,1.0,0.5547545674664319,0.13117543473475676,0.4889368258859784,0.2613119084305525,0.20742460928901607,-0.12524763372220998,0.48802113141096193,0.2134998899405679,-0.12179837112040502,-0.15570988333700198,0.05069337442218798,-0.2824763372220999,0.04807836231565045,0.5780189302223201,0.5711754347347567,-0.283515298261061,-0.1687607307946291,-0.35826986572749286,0.027497248514197666,-0.25076821483601147,-0.3736077481840194,-0.08612590799031478,-0.027862645828747524,0.027191283292978208,0.18073079462909972,-0.20182478538410742,-0.08982830728593441,0.3669557561082985,0.19258199427690953,0.32842615012106535,0.034673123486682805,-0.16328417345366497,-0.1804688531807176,-0.4514219678626458,-0.17554039181157824,-0.05720669161347128,-0.03855381906229364,-0.21703499889940567,-0.17894783182918775,-0.10896764252696456,-0.27913273167510455,-0.15504732555580014,0.06962799911952454,0.1510543693594541,0.09441778560422628,0.06536869909751265,0.09353070658155403,0.22685009905348888,0.1565991635483161,0.1779572969403478,0.44356812678846574,0.037429011666299805,0.34575170592119747,-0.3356042262821924,-0.48459828307285935,0.001419766674003962,0.03345806735637244,-0.01883777239709443,0.13538850979528946,-0.4551573849878935,-0.32101694915254236,0.24342945190402818,0.12650891481399956,-0.41984591679506933,-0.08811358133392032,0.033229143737618316,0.22317631521021353,0.40955535989434294,0.4758287475236628,-0.14428131190843055,-0.1337904468412943,-0.3673695795729694,-0.10308606647589698,0.0917345366497909,0.2559960378604446,-0.41883557120845255,0.05141976667400396,-0.004952674444199868,-0.08063834470614131,0.1880541492405899,0.05024653312788906,-0.021038961038961038,-0.031248073959938366,0.26703720008804754,0.08582654633502092,0.0066960158485582216,-0.1783050847457627,-0.07581113801452785,-0.018287475236627777,0.10061633281972265,0.09310807836231565,0.1529738058551618,0.4454083204930663,0.1748316090688972,0.6003653973145499,0.5603279771076382,0.17557120845256438,0.3234514637904468,0.5252212194585076,0.3085736297600704,0.31953334800792427,0.31476557340964123,0.15955315870570108,0.30010565705480957,0.19827426810477658,0.2205591019150341,0.2137904468412943,0.027114241690512877
#13,0.4086682808716707,0.3409112920977328,0.5547545674664319,1.0,0.16107858243451464,0.5646224961479199,0.3120250935505173,0.29331939247193484,-0.08919876733436055,0.5642064714946071,0.3600704380365397,0.0649570768214836,0.064686330618534,0.18466872110939908,-0.13195685670261942,-0.16844155844155845,0.4297776799471715,0.3032225401716927,-0.2027756988773938,-0.15377283733215938,-0.15552938586836892,-0.06537310147479639,-0.13207792207792207,-0.1709090909090909,-0.23595421527624919,0.036224961479198764,-0.026246973365617432,0.22365397314549856,0.07224081003742021,0.15292537970504072,0.1986682808716707,0.24854501430772616,0.30087387189082104,0.2514461809377064,0.061534228483381026,-0.06194144838212635,-0.045304864626898526,0.015040721989874533,0.048498789346246976,0.13738718908210434,-0.005685670261941448,-0.08310367598503192,-0.03171692714065595,-0.25354391371340523,-0.300462249614792,0.0336583755227823,0.3862953995157385,0.34786704820603126,0.22475676865507374,0.13127668941228263,0.11450363196125908,-0.0022892361875412725,0.21035219018269866,0.3551882016288796,-0.12545454545454546,0.28426150121065374,-0.2500088047545675,-0.2164208672683249,-0.16418886198547217,0.08486022452124146,0.03870349988994057,0.02648910411622276,-0.12697336561743341,-0.15122386088487783,0.3892295839753467,0.04895663658375523,-0.19004842615012107,-0.0027756988773937927,0.057497248514197664,0.006346026854501431,0.2711160026414264,0.25609289016068676,0.160363196125908,-0.029150341184239488,-0.03979528945630641,-0.14193924719348447,0.0337046004842615,-0.11928241250275148,-0.227673343605547,-0.05726832489544354,0.11293198327096632,0.1274025974025974,-0.028784943869689633,-0.021179837112040502,0.09990975126568347,-0.01850099053488884,0.07165529385868369,0.16213295179396875,0.011818181818181818,0.09787585296059872,-0.01977327756988774,0.08658375522782302,0.0348117983711204,-0.12443979749064495,0.025084745762711864,0.15093770636143516,-0.10659476117103235,0.4613449262601805,0.30485582214395773,0.3328065155183799,0.2813053048646269,0.15997578692493947,0.30161347127448823,0.1750759410081444,0.29423288575830947,0.2851551837992516,0.42886418666079684,0.19142857142857142,0.08322914373761832,-0.044985692273827864,-0.14219458507594102
#17,-0.007719568567026194,-0.18151221659696237,0.13117543473475676,0.16107858243451464,1.0,0.3304006163328197,-0.12504072198987454,-0.08438256658595641,0.06906669601584856,-0.10281972265023112,-0.09854061193044245,0.10281972265023112,0.310924499229584,0.18680167290336783,-0.20887959498128988,-0.1843319392471935,-0.0498745322474136,0.2662821923838873,-0.37085406119304426,-0.3089654413383227,-0.42899625797930885,-0.27773497688751925,0.1098943429451904,0.15963240149680827,-0.04408980849658816,0.06842615012106537,-0.08170151882016288,0.13068016729033677,0.0012282632621615672,0.22806075280651553,0.20374202069117323,0.2583799251595862,0.17823024433193924,0.3682544574069998,0.04758529605987233,0.242029495927801,0.18780981730134272,0.2428945630640546,-0.11259079903147699,-0.09901606867708562,0.20315650451243672,0.02149900946511116,0.2373299581774158,0.05430992736077482,-0.023924719348448163,0.11584195465551397,0.017620515078142197,-0.02358133392031697,0.04849218578032137,0.003808056350429232,-0.02019590578912613,0.24902707462029497,0.1894981289896544,0.1544684129429892,0.06465111160026414,-0.12443979749064495,-0.13179616993176316,-0.16358353510895884,0.16327977107638125,0.197178076161127,0.29801232665639443,0.16069777679947173,0.04056570548095972,0.0790248734316531,-0.1832489544353951,0.08377944089808496,-0.09309046885318072,-0.012802113141096192,-0.32323574730354393,-0.1328725511776359,-0.1214307726172133,-0.05004182258419546,-0.16374202069117325,0.0900924499229584,-0.08585075941008144,0.0436715826546335,0.05735197006383447,0.284950473255558,0.030950913493286374,0.024105216817081224,-0.03171032357473035,0.271996478098173,-0.07009244992295839,0.20364957076821483,0.3082808716707022,0.15515078142196786,0.2739071098393132,-0.025518379925159585,-0.19400176095091348,0.3061281091789566,0.3044640105657055,0.2750583314990095,0.3871428571428571,0.1465991635483161,0.29022892361875413,-0.17033898305084746,-0.0004622496147919877,0.2405062733876293,0.07594761171032358,0.0462953995157385,0.07216817081223861,0.2055293858683689,0.18530706581554038,0.22026634382566587,0.049689632401496805,0.060033017829628,0.104818401937046,0.2269887739379265,0.128201628879595,0.1224983491085186,0.37615892581994276
#18,0.19538410741800571,0.2909707241910632,0.4889368258859784,0.5646224961479199,0.3304006163328197,1.0,0.30084085406119304,0.23136033458067357,-0.1516486902927581,0.4566255778120185,0.21662117543473475,0.07587717367378384,0.33367598503191725,0.3295333480079243,-0.15448162007484043,-0.14118203830068238,0.5650253136693815,0.5382522562183579,-0.12687871450583316,-0.13293638564825005,-0.31287475236627776,-0.1483447061413163,-0.01696456086286595,-0.03068897204490425,-0.03528505392912173,0.12974686330618534,-0.019211974466211753,0.164389170151882,0.18737398195025315,0.4050737398195025,0.36439357252916577,0.38532247413603343,0.38118423948932423,0.37351749944970286,0.09783182918776138,0.14890821043363417,0.030983931322914375,0.20735857362976007,-0.05573189522342065,0.11066916134712745,0.2481752146158926,0.1061765353290777,-0.1901386748844376,-0.07837772397094431,-0.17029275808936825,-0.010070438036539732,0.06119744662117543,0.06452564384767774,-0.06850099053488884,-0.074818401937046,-0.05475676865507374,-0.13601584855822144,0.08724631300902487,0.10553158705701078,-0.03362095531587057,0.14377944089808498,-0.3066541932643628,-0.2930222320052829,0.03053929121725732,0.02077261721329518,0.1914902047105437,0.11601584855822145,-0.001415364296720229,0.02098613251155624,0.12977988113581335,-0.022557781201849,-0.12575830948712305,0.12304864626898525,0.2149900946511116,0.22994497028395333,0.3871428571428571,0.37213515298261063,-0.01353070658155404,0.04469953775038521,-0.20269645608628659,0.04109178956636584,-0.0032159366057671144,0.15935725291657496,0.009174554259300022,0.25865287255117764,0.2101122606207352,0.222161567246313,0.17048426150121065,0.29615892581994274,0.2213713405238829,0.1566894122826326,0.2814307726172133,0.01326436275588818,-0.14306845696676204,0.10821483601144619,0.12030816640986132,0.22705701078582435,0.3508980849658816,0.14294519040281753,0.31652872551177635,0.21453885097952893,-0.01286154523442659,0.36482720669161345,0.3852938586836892,0.15481620074840413,0.19852080123266563,0.28165749504732557,0.4443363416244772,0.23729473915914595,0.1967774598283073,0.25347787805414923,0.3496632181377944,0.0840479859123927,0.06218137794408981,0.21938806955756107,0.18404138234646708
#26,0.26050627338762933,0.37004842615012107,0.2613119084305525,0.3120250935505173,-0.12504072198987454,0.30084085406119304,1.0,0.3419106317411402,0.12077922077922078,0.4329341844596082,0.24721549636803875,-0.20913053048646268,0.13408980849658816,0.19615452344265905,-0.055795729694034776,-0.01971384547655734,0.3635923398635263,0.1404226282192384,0.13415144177856042,0.023863086066475896,-0.24642967202289237,-0.23156064274708343,-0.2866519920757209,-0.23696456086286594,-0.15350209112920976,-0.09342725071538631,-0.12710983931322914,-0.12723090468853182,0.2978802553378825,0.10354391371340524,0.16937926480299362,0.08063174114021572,0.2275941008144398,0.1652212194585076,-0.052084525643847676,-0.01299141536429672,-0.13718688091569448,0.09927360774818401,-0.13726172132951794,0.052137354171252474,0.042542372881355935,-0.02787145058331499,-0.10969403477878054,-0.08687211093990756,-0.26209333039841515,-0.11509355051727933,0.14148360114461808,0.11275808936825886,0.07556020250935505,-0.04908870790226722,0.18199647809817301,-0.10164648910411622,0.009632401496808277,-0.018071758749724852,-0.11281091789566366,0.07680827646929342,-0.24656834690732995,-0.29405018710103453,0.03620515078142197,-0.17313229143737618,-0.028113581333920317,0.06769095311468193,0.15123706801672904,0.11602685450143077,0.2736715826546335,0.008478978648470173,0.0864274708342505,0.6058617653532907,0.2507241910631741,0.2243033237948492,0.5529077701959058,0.43835791327316753,0.1359916354831609,0.12445520581113802,-0.1787937486242571,-0.03695575610829848,0.07723970944309927,-0.01963680387409201,-0.06177195685670262,0.19511996478098173,0.13732115342284834,-0.05429892141756548,0.24705701078582434,-0.00688531807175875,-0.16056570548095972,0.021219458507594102,0.09459388069557562,0.11906449482720668,0.0006273387629319833,-0.015025313669381465,-0.1832555580013207,-0.07987233105877174,-0.07032137354171253,0.02944089808496588,0.05650231124807396,0.09542593000220119,0.06816200748404139,0.2531653092670042,0.09589258199427692,0.0928813559322034,0.26206471494607086,0.36542372881355933,0.05684349548756328,0.05147919876733436,0.222392692053709,0.20764252696456087,0.21258199427690952,0.12093330398415145,-0.12228263262161568,0.10577591899625798,-0.03270085846357033
#49,0.5905480959718248,0.24705701078582434,0.20742460928901607,0.29331939247193484,-0.08438256658595641,0.23136033458067357,0.3419106317411402,1.0,0.3760950913493286,0.48565485362095534,0.5744486022452124,0.3131895223420647,0.2624983491085186,0.04850979528945631,-0.3399867928681488,-0.1731366938146599,0.29123706801672905,-0.0873959938366718,0.036429672022892365,0.17402597402597403,-0.11482940788025534,-0.17083204930662557,-0.29097732775698876,-0.1458595641646489,-0.23612590799031477,0.07120405018710103,0.07825005502971605,0.0014747963900506274,0.29445080343385427,0.07391371340523883,0.09134712744882237,0.09213515298261062,0.16040942108738718,0.16784283513097073,-0.008758529605987234,0.04199207572088928,-0.006909531146819282,-0.1287805414924059,-0.16361435174994496,0.10816861104996699,-0.07124147039401277,0.19774598283072858,0.006478098173013427,-0.050292758089368256,-0.26302223200528285,-0.04501430772617213,0.09899405679066696,0.04538630860664759,-0.012942989214175655,-0.10945630640545895,0.08923618754127229,-0.13831609068897205,0.03453885097952895,-0.014501430772617212,-0.10220338983050847,-0.002280431432973806,-0.10856702619414484,-0.17738718908210432,0.017886858903808055,-0.2972132951793969,-0.1215232225401717,0.10010345586616773,0.057600704380365395,0.15792648029936165,0.2930376403257759,0.12143737618313889,0.05912392692053709,0.13158705701078582,0.1284833810257539,0.20655954215276248,0.1314241690512877,0.2405348888399736,0.08546995377503852,0.18453224741360336,-0.14392912172573188,-0.0886550737398195,-0.19513317191283294,-0.08774158045344486,-0.23780761611270085,0.1343627558881796,0.20182038300682367,0.08342725071538631,0.061857803213735414,0.05700198106977768,0.06156504512436716,0.156715826546335,-0.0971978868589038,0.053733215936605766,0.001712524763372221,0.12600704380365396,-0.2234272507153863,0.02359454105216817,-0.23481399955976226,-0.08551617873651772,-0.14468853180717586,0.032007484041382345,-0.018179616993176315,0.21973145498569227,0.026777459828307287,0.16979308826766454,0.09039401276689413,0.04277569887739379,0.0011666299801893023,-0.12302883557120846,0.009911952454325336,0.10028175214615892,0.09440457847237509,0.0035064935064935067,0.04480959718247854,-0.04151661897424609,-0.17314990094651111
#50,-0.03649570768214836,-0.12414483821263482,-0.12524763372220998,-0.08919876733436055,0.06906669601584856,-0.1516486902927581,0.12077922077922078,0.3760950913493286,1.0,0.17728593440457846,0.14370019810697776,0.21579793088267665,0.28172573189522343,0.26756328417345365,-0.06918556020250935,-0.23312568787145058,-0.0361171032357473,-0.24415584415584415,-0.08084745762711865,-0.1609839313229144,-0.03151221659696236,-0.2788994056790667,-0.16801893022232006,0.0952278230244332,-0.07983931322914374,-0.137970504072199,-0.05524763372220999,-0.1117147259520141,-0.07946951353731015,-0.15991855602025093,0.04473475676865507,-0.11085846357032798,-0.010928901606867708,0.15370019810697777,-0.04421307506053269,0.023920316971164427,0.15696456086286595,0.1656878714505833,-0.09473695795729695,-0.07445300462249614,-0.010030816640986132,0.14043363416244772,0.009929561963460268,0.06946731234866828,0.04444640105657055,-0.02849438696896324,-0.0499801893022232,-0.12468412942989214,0.010132071318511996,0.0527492846136914,0.1499405679066696,0.08416905128769536,0.04684349548756329,-0.06250055029716046,0.1400528285274048,-0.1384437596302003,0.16147919876733435,0.004937266123706802,-0.058558221439577375,-0.13907109839313228,-0.06172573189522342,0.020477657935285054,0.3548051948051948,0.30754347347567684,-0.04627338762931983,0.003515298261060973,0.149735857362976,0.26866607968302886,0.010585516178736518,-0.07005502971604667,-0.12802553378824566,-0.23476557340964122,0.18314109619194366,0.2311402157164869,0.2109971384547656,0.192227602905569,0.031864406779661014,-0.0041360334580673565,-0.01736517719568567,-0.26562623816861103,0.18819722650231124,-0.08703279771076382,-0.043048646268985254,0.10559982390490866,-0.08088487783403038,0.19784723750825445,-0.2313119084305525,-0.09687871450583314,0.22529826106097292,-0.012243011226062073,-0.06566806075280651,-0.11060312568787145,-0.17252256218357914,-0.12569227382786705,-0.34443979749064496,-0.08970504072198987,-0.2336517719568567,-0.09539071098393133,-0.22666079683028836,-0.12926920537090028,0.042916574950473255,-0.06512436715826546,-0.14146599163548315,-0.19014307726172133,-0.1765199207572089,-0.04073079462909971,-0.05458067356372441,0.0799405679066696,-0.09492846136913934,-0.28001540832049304,-0.16886858903808055
#51,0.2622892361875413,0.39175214615892584,0.48802113141096193,0.5642064714946071,-0.10281972265023112,0.4566255778120185,0.4329341844596082,0.48565485362095534,0.17728593440457846,1.0,0.48378164208672686,0.030728593440457846,0.13915254237288135,0.16779661016949152,-0.11014527845036319,-0.1835329077701959,0.5488707902267225,0.21449262601804975,-0.11560642747083424,-0.029154743561523224,-0.09443539511336121,-0.09550077041602466,-0.26295179396874313,-0.32151001540832047,-0.14554259300022013,-0.16624036979969184,0.06012987012987013,-0.02196566145718688,-0.03228703499889941,0.11689632401496808,0.2111666299801893,-0.01887739379264803,0.14739819502531368,-0.023403037640325777,-0.09590799031476997,-0.17141536429672022,-0.24175434734756768,-0.07288355712084525,-0.19564384767774598,-0.06082544574069998,-0.15007704160246532,-0.06384767774598284,-0.25123486682808716,-0.1246467092229804,-0.09899845916795069,-0.20538190622936386,0.01465331278890601,-0.01863086066475897,-0.09567906669601585,-0.1061435174994497,-0.042456526524323135,-0.21274488223640767,-0.03128109178956637,0.10495927801012547,0.05676205150781422,0.018095971824785385,0.08637684349548756,-0.16860664758969843,0.02975346687211094,-0.11155183799251596,0.03587937486242571,0.14296720228923618,-0.004902047105436936,0.10907329958177416,0.2808980849658816,0.04557340964120625,-0.0962029495927801,0.19667620515078144,0.23732555580013207,0.15670041822584196,0.3822033898305085,0.288994056790667,0.09274708342504953,-0.028003521901826988,-0.0648316090688972,-0.04025313669381466,0.0013295179396874313,0.06882236407660136,-0.09629760070438037,0.04958397534668721,0.11874532247413604,-0.09462029495927801,0.001712524763372221,0.10008804754567466,-0.09747963900506273,0.10304204270305965,0.039016068677085625,-0.14106317411402158,-0.0376469293418446,-0.03687211093990755,-0.26583755227823025,0.2007968302883557,-0.023702399295619635,0.03537970504072199,0.017803213735417125,0.3157406999779881,-0.06495267444419987,0.2888928021131411,0.24116442879154742,-0.06390490865067136,0.06603565925599823,0.12668721109399075,0.19301122606207352,-0.12043803653973145,-0.006458287475236628,0.04972485141976667,0.1366123706801673,0.030398415144177855,-0.01919656614571869,0.031776359233986355,-0.010033017829628
#52,0.40694475016508913,0.2781730134272507,0.2134998899405679,0.3600704380365397,-0.09854061193044245,0.21662117543473475,0.24721549636803875,0.5744486022452124,0.14370019810697776,0.48378164208672686,1.0,0.18092229804094212,0.09645828747523663,0.04926040061633282,-0.17085406119304425,-0.06931983270966321,0.28449922958397533,0.02218578032137354,0.04757208892802113,0.06858463570327977,-0.09704380365397315,0.00760510675764913,-0.15609509134932864,-0.08388729914153643,-0.24892141756548536,0.07810697776799472,-0.0638630860664759,0.052524763372221,0.1920096852300242,0.08564164648910412,-0.032132951793968745,0.07357473035439137,0.295643847677746,0.14884437596302003,-0.05074400176095091,0.060002201188641864,-0.07053048646268985,-0.15891041162227604,-0.12609949372661236,0.16085186000440238,0.04590138674884438,0.10306405458947832,-0.14179176755447942,-0.014950473255558,-0.15484481620074841,-0.0848117983711204,-0.014437596302003081,0.05752586396654193,-0.023502091129209774,-0.14696676205150783,0.14928021131410962,-0.1378230244331939,0.12515738498789347,-0.053469073299581775,-0.2084371560642747,-0.06327316751045564,-0.04470394012766894,-0.11104556460488664,-0.0016244772176975566,-0.16423508694695135,0.00112920977327757,0.08702399295619635,0.03906669601584856,0.16099713845476557,0.15751045564604887,-0.03813999559762272,0.0007197886858903808,-0.019718247853841075,0.2585230024213075,0.10396654193264362,0.10703059652212195,0.15961479198767334,-0.08951133612150561,0.020022011886418667,-0.2035329077701959,-0.11947831829187762,-0.09341624477217697,-0.06819282412502752,-0.2843913713405239,0.25674664318732116,-0.01856702619414484,0.10768214836011446,0.12542372881355932,0.1481796169931763,0.027369579572969403,0.013948932423508694,-0.04238388729914153,-0.10194364957076822,-0.06403257759189962,0.04898525203609949,-0.2102905569007264,0.07443319392471935,-0.08751045564604887,0.014296720228923619,-0.051890821043363414,0.2184833810257539,0.10516398855381906,0.23966541932643629,0.15212634822804313,0.12647149460708781,0.06090468853180717,0.03162887959498129,-0.006975566806075281,0.01593880695575611,0.13555139775478758,0.16586836891921639,0.2272969403477878,0.023112480739599383,0.012069117323354611,0.06780761611270086,-0.05076821483601145
#53,0.1687673343605547,-0.036172132951793966,-0.12179837112040502,0.0649570768214836,0.10281972265023112,0.07587717367378384,-0.20913053048646268,0.3131895223420647,0.21579793088267665,0.030728593440457846,0.18092229804094212,1.0,0.6182962799911953,0.14642306845696676,-0.20379925159586176,-0.35699757869249393,-0.05682808716707022,-0.2945806735637244,-0.22811798371120404,-0.19244111820383006,0.033999559762271626,-0.2020581113801453,-0.08628659476117104,0.042502751485802334,-0.10919216376843495,-0.026726832489544355,0.24588157605106759,0.10943209333039841,-0.020737398195025313,-0.07403918115782522,0.06172793308386529,-0.2394188861985472,0.048908210433634164,0.1755580013207132,0.05220338983050848,0.00712524763372221,0.2493814659916355,0.1980739599383667,-0.1036913933524103,-0.028723310587717366,0.11153863086066476,0.13930442438917015,0.0689720449042483,0.10332159366057671,0.1318181818181818,0.09760290556900726,-0.010037420206911733,0.022425709883337003,0.012320052828527404,0.01830068236847898,-0.014314329738058552,-0.06250275148580234,0.18710323574730353,-0.06173893902707462,0.10151882016288796,-0.22617213295179397,0.07252916574950473,0.021197446621175436,-0.10115562403697997,0.04977327756988774,0.14095971824785383,0.09560862865947611,0.1940413823464671,0.24251595861765354,-0.08885758309487123,0.01724851419766674,0.18034558661677305,-0.11531366938146599,-0.2151089588377724,-0.06826106097292538,-0.1487937486242571,-0.15218357913273167,0.03248073959938367,0.2624389170151882,0.222557781201849,0.1387277129650011,0.05729253797050407,-0.11798151001540833,0.08594320933303984,-0.11162447721769755,0.38944970283953334,0.15900946511116001,-0.19269865727492846,0.2142064714946071,0.5610147479639005,0.293548316090689,-0.10786264582874752,0.021146819282412504,0.13116442879154744,0.4681267884657715,0.14221879815100155,0.11965221219458508,0.011195245432533567,-0.21664979088707903,-0.2921681708122386,-0.31875192604006164,-0.4479308826766454,-0.05157164869029276,-0.13743341404358353,0.2199471714725952,-0.21403257759189961,-0.12803653973145498,-0.29142637023992957,-0.014404578472375083,-0.15834030376403258,0.04698217037200088,-0.004695135373101475,0.12040501871010345,-8.584635703279771e-05,-0.12499229583975346,-0.13525203609949374
#54,-0.0005833149900946512,-0.12819722650231125,-0.15570988333700198,0.064686330618534,0.310924499229584,0.33367598503191725,0.13408980849658816,0.2624983491085186,0.28172573189522343,0.13915254237288135,0.09645828747523663,0.6182962799911953,1.0,0.4651683909311028,-0.29169711644287916,-0.4363746423068457,0.07003742020691173,-0.11004402377283733,-0.22865287255117764,-0.1947061413163108,-0.257310147479639,-0.36832269425489766,-0.018646268985252037,0.04607307946290997,-0.09246092890160687,-0.0009553158705701078,0.26730134272507156,0.17161347127448823,0.05321813779440898,0.13542813119084304,0.2251353731014748,-0.08635042923178517,0.13514417785604227,0.2572331058771737,0.10165529385868369,0.07831829187761391,0.3196213955535989,0.32360114461809375,-0.252029495927801,-0.06523002421307506,0.15147479639005063,0.15823684789786485,0.14657715166189741,0.19250055029716046,0.11451904028175215,0.07710103455866167,0.02453004622496148,0.037057010785824344,0.1468236847897865,0.14483601144618094,-0.0073739819502531365,0.12103896103896104,0.30884437596302006,-0.008481179837112041,0.023821263482280433,-0.2868545014307726,0.019374862425709884,-0.0038146599163548316,0.0016310807836231564,0.137937486242571,0.4283403037640326,0.2768214836011446,0.44119084305524986,0.4562998018930222,-0.010532687651331718,0.12441338322694255,0.4096764252696456,0.25326656394453007,-0.1456152322254017,0.07272287034998899,0.009489324235086947,-0.039405679066696016,0.12362755888179618,0.47403697996918337,0.25404578472375083,0.2908430552498349,0.0937244111820383,0.11372661237068017,0.19947391591459387,-0.08769535549196567,0.2890380805635043,0.18852080123266565,-0.25537750385208013,0.26241470394012767,0.37397754787585297,0.47704820603125686,0.07439137134052388,-0.05696896324014968,0.01572969403477878,0.36830948712304645,0.11255337882456526,0.24250715386308608,0.19959498128989656,-0.012795509575170592,-0.04125687871450583,-0.3398151001540832,-0.38166629980189304,0.0013955535989434295,-0.1565639445300462,0.12411182038300682,0.0036121505613031036,0.10915254237288136,-0.13625797930882677,0.049443099273607745,-0.015617433414043584,0.18920757208892802,0.10203830068236848,0.24917895663658376,0.02678846577151662,-0.13405679066696016,0.021496808276469295
#58,-0.07119744662117543,-0.16863966541932643,0.05069337442218798,0.18466872110939908,0.18680167290336783,0.3295333480079243,0.19615452344265905,0.04850979528945631,0.26756328417345365,0.16779661016949152,0.04926040061633282,0.14642306845696676,0.4651683909311028,1.0,-0.18971164428791548,-0.22627999119524544,0.1881465991635483,0.01629980189302223,-0.10264362755888179,-0.25292317851639884,-0.39255337882456526,-0.3204182258419547,-0.0013295179396874313,0.12381686110499669,-0.09896764252696456,0.05222980409421087,0.09567466431873212,0.1306735637244112,-0.07615232225401716,-0.010968523002421307,0.28645168390931103,0.08487343165309268,0.059517939687431215,0.2944904248294079,-0.02582874752366278,-0.027186880915694475,-0.006955756108298481,0.2613647369579573,-0.20204270305965222,0.01719128329297821,0.04699317631521022,-0.1876997578692494,-0.1277790006603566,0.09736077481840194,0.050803433854281314,0.05661457186880916,0.1290446841294299,0.09665859564164649,0.20807175874972486,0.21422628219238388,0.08075720889280211,0.08714946070878274,0.2609024873431653,0.17072198987453224,-0.07828307285934405,0.2009685230024213,-0.17675985031917235,-0.08707902267224302,-0.16355712084525645,0.1574224081003742,0.09920316971164429,0.10222980409421087,0.28845476557340965,0.21087827426810477,0.09614791987673343,-0.0775148580233326,0.27259300022011884,0.26617433414043584,0.08829407880255338,0.15279330838652871,0.2938850979528946,0.058615452344265906,0.15690953114681927,0.22916134712744882,0.1914902047105437,0.2726216156724631,0.12469513537310148,0.00865067136253577,-0.09200528285274048,-0.017770195905789127,0.036310807836231564,0.16741800572309046,-0.04287915474356152,0.2060840854061193,0.09819722650231125,0.2447061413163108,-0.05378824565265243,0.05309267004182258,0.006808276469293419,0.03169931763152102,0.052313449262601806,0.06251375742901166,0.01849438696896324,-0.014785384107418005,-0.14508254457407,-0.11154743561523223,-0.20145278450363197,0.11511776359233987,0.014274708342504952,0.0563680387409201,0.3409927360774818,0.22129429892141755,0.09922298040942108,0.1423728813559322,0.029698437156064274,0.14799911952454325,0.27184899845916793,0.24196566145718687,-0.05004182258419546,-0.177244111820383,-0.054457406999779884
#101,-0.48457847237508256,-0.15441778560422628,-0.2824763372220999,-0.13195685670261942,-0.20887959498128988,-0.15448162007484043,-0.055795729694034776,-0.3399867928681488,-0.06918556020250935,-0.11014527845036319,-0.17085406119304425,-0.20379925159586176,-0.29169711644287916,-0.18971164428791548,1.0,0.3598547215496368,-0.05857362976007044,-0.026702619414483823,0.4843385428131191,0.024021571648690294,0.576896324014968,0.12873651771956857,0.28941668500990536,0.24610829848117985,0.1899867928681488,-0.02820162887959498,-0.3941800572309047,-0.44570988333700196,0.21057010785824345,0.04931102795509575,-0.07814880035219018,0.008939027074620295,-0.17497908870790227,0.0025952014087607307,0.2788751926040062,0.2217015188201629,0.16046665199207572,0.19974025974025975,0.3974708342504953,0.3379550957517059,0.17638344706141315,0.1659255998239049,-0.19138234646709223,0.2378780541492406,0.12658375522782303,-0.19660356592559983,-0.3682522562183579,-0.2776227162667841,-0.3348250055029716,-0.3682742681047766,-0.36022011886418664,-0.3588994056790667,-0.37847677745982833,-0.48673123486682807,-0.032535769315430334,-0.12748404138234648,0.1595927801012547,0.02660136473695796,-0.11224521241470393,-0.20588817961699318,-0.10445520581113801,-0.2744992295839753,0.09657715166189743,0.03174114021571649,-0.1789522342064715,-0.2854149240589919,-0.03833370019810698,-0.11548976447281532,0.484025974025974,0.1398283072859344,0.10547875852960599,-0.11591899625797931,0.09924939467312349,-0.31719348448162005,-0.020704380365397314,-0.23051727933083865,-0.06763592339863526,-0.34363636363636363,0.3890821043363416,0.17284833810257538,-0.08406339423288575,-0.1722738278670482,0.005923398635263042,-0.030970724191063174,-0.1568743121285494,-0.23065815540391812,-0.04493506493506493,0.10932863746423069,0.15487563284173453,-0.25121065375302665,-0.04513537310147479,-0.2462557781201849,-0.1334888839973586,-0.021003742020691173,-0.024138234646709222,0.12515078142196787,0.1837574290116663,-0.31017389390270744,-0.34768214836011446,-0.1617345366497909,-0.18264142637023992,-0.3351111600264143,0.16180937706361434,-0.1591305304864627,-0.12424829407880256,-0.11495267444419986,-0.08429672022892362,-0.19472154963680388,-0.32837332159366056,0.007395993836671803,-0.014486022452124147
#102,-0.00611930442438917,-0.02844816200748404,0.04807836231565045,-0.16844155844155845,-0.1843319392471935,-0.14118203830068238,-0.01971384547655734,-0.1731366938146599,-0.23312568787145058,-0.1835329077701959,-0.06931983270966321,-0.35699757869249393,-0.4363746423068457,-0.22627999119524544,0.3598547215496368,1.0,-0.06397314549856922,0.009231785163988555,0.26132951793968745,0.4103433854281312,0.05703940127668941,0.6229958177415804,-0.05509134932863746,0.015731895223420646,0.03237728373321594,-0.009284613691393353,-0.22195245432533567,-0.06780981730134272,0.08023992956196346,-0.15132951793968744,-0.16217037200088047,-0.14723750825445742,-0.09001760950913493,-0.36841954655513975,-0.14059652212194584,0.035241030156284395,-0.47252036099493727,-0.2986902927580894,0.12011666299801893,0.08156724631300903,-0.0513251155624037,0.08122826326216157,-0.020411622276029055,0.041606867708562624,0.07895003301782963,0.23614571868809156,-0.04843495487563284,0.06219678626458287,-0.11236407660136474,-0.038360114461809376,-0.09135813339203169,-0.013664979088707903,-0.13293638564825005,-0.08770856262381686,0.03208232445520581,0.09769095311468193,-0.020834250495267444,0.09491525423728814,-0.17080123266563946,0.010255337882456526,-0.3608804754567466,-0.25459608188421745,-0.3077437816420867,-0.24976887519260402,0.14227823024433195,-0.021300902487343166,-0.04840413823464671,-0.06702619414483821,0.26329297820823244,0.358234646709223,0.20975786924939469,0.12965441338322695,0.15643187321153423,-0.10386528725511776,-0.1593528505392912,-0.039198767334360556,0.01905348888399736,-0.11926040061633282,-0.05196125907990315,0.2419832709663218,-0.35040501871010343,-0.05300022011886419,0.012033898305084745,-0.157574290116663,-0.282656834690733,-0.49749944970283955,-0.1702113141096192,0.10678846577151661,-0.020838652872551176,-0.3221329517939687,0.03705921197446621,-0.36612590799031475,0.06720008804754568,-0.13383447061413162,-0.10956196346026854,0.1898084965881576,0.4012150561303104,-0.2281664098613251,-0.06332599603786045,-0.1802905569007264,-0.18305304864626898,-0.011554039181157825,-0.021193044243891703,-0.14950033017829628,-0.03558661677305745,-0.21027074620294958,-0.2229275808936826,-0.22800132071318513,-0.16478978648470174,-0.044576271186440676,-0.2518379925159586
#201,0.3115078142196786,0.3399647809817301,0.5780189302223201,0.4297776799471715,-0.0498745322474136,0.5650253136693815,0.3635923398635263,0.29123706801672905,-0.0361171032357473,0.5488707902267225,0.28449922958397533,-0.05682808716707022,0.07003742020691173,0.1881465991635483,-0.05857362976007044,-0.06397314549856922,1.0,0.5584261501210653,0.008346907329958178,-0.23154743561523222,-0.14132291437376182,-0.11700198106977767,-0.09230244331939247,-0.33322694254897645,-0.02344486022452124,-0.1014769975786925,0.03284173453664979,-0.013436055469953774,0.037292537970504074,0.028670482060312568,0.3081003742020691,0.16158485582214396,0.12979969183359014,0.08729033678186221,-0.012196786264582874,-0.024686330618534008,-0.22267884657715167,-0.0030530486462689854,-0.08945630640545894,-0.02136913933524103,0.10645608628659477,-0.01161567246313009,-0.10598943429451904,-0.15963680387409201,0.0436979969183359,-0.09068456966762052,-0.07052608408540612,-0.012626018049746864,-0.029711644287915475,-0.0013845476557340964,-0.08042703059652212,-0.12655073739819503,0.03295619634602685,0.17613911512216596,-0.06407440017609509,0.18628659476117104,-0.051441778560422625,-0.3306779661016949,0.02119524543253357,-0.16004182258419547,-0.003779440898084966,-0.006310807836231565,-0.19827426810477658,-0.18117543473475678,0.09893022232005283,0.10905128769535549,-0.19198547215496367,-0.027539071098393132,0.41985252036099496,0.23391371340523884,0.4531388950033018,0.5072837332159366,-0.07977767994717147,0.017043803653973146,-0.27830288355712085,0.020059432093330398,0.1137772397094431,0.23815100154083205,-0.07837552278230245,0.0936187541272287,-0.014741360334580674,-0.11487343165309268,0.23619854721549638,0.2253268765133172,-0.014215276249174555,0.021023552718467974,0.195808936825886,0.16434954875632843,-0.013739819502531368,-0.0988994056790667,-0.1293814659916355,0.09475456746643188,-0.024177856042262823,0.18016508914814,0.2632709663218138,0.5490072639225182,0.04526744441998679,0.3838432753686991,0.280396213955536,0.14745322474136033,0.19150121065375303,0.26890380805635045,0.42026634382566586,0.07947171472595202,0.13438696896324015,0.14528945630640547,0.1880211314109619,0.09925599823904908,-0.007257318952234207,0.20647589698437155,0.10874312128549417
