,#10,#11,#12,#13,#17,#18,#26,#49,#50,#51,#52,#53,#54,#58,#101,#102,#201,#202,#301,#302,#401,#402,#501,#502,#601,#602,#701,#702,#801,#802,#901,#902,#1001,#1002,#1101,#1102,#1201,#1202,#1301,#1302,#1401,#1402,#1501,#1502,#1601,#1602,#1701,#1702,#1801,#1802,#1901,#1902,#2001,#2002,#2101,#2102,#2201,#2202,#2301,#2302,#2401,#2402,#2501,#2502,#2601,#2602,#2701,#2702,#2801,#2802,#2901,#2902,#3001,#3002,#3101,#3102,#3201,#3202,#3301,#3302,#3401,#3402,#3455,#3501,#3502,#3601,#3602,#3701,#3702,#3801,#3802,#3901,#3902,#4001,#4002,#4101,#4102,#4201,#4202,#4301,#4302,#4401,#4402,#4501,#4502,#4601,#4602,#4701,#4702,#4801,#4802
#10,1.0,0.5799273607748184,0.54900946511116,0.5448117983711204,-0.08331278890600924,0.2139885538190623,0.34238828967642526,0.7158485582214396,0.3033942328857583,0.37740479859123927,0.23246753246753246,-0.11372220999339644,0.03586616773057451,-0.14369359454105216,-0.3255646048866388,-0.44714946070878275,0.401699317631521,0.2678736517719569,-0.023022232005282854,-0.06615892581994277,-0.03921197446621175,0.1913449262601805,0.21571428571428572,0.08813779440898085,0.16325335681267886,0.2884195465551398,0.11471054369359454,0.20747743781642086,0.004681928241250275,-0.0225049526744442,-0.028516398855381906,-0.09549636803874093,-0.10727052608408541,-0.15316751045564606,-0.3501826986572749,-0.15441338322694254,-0.36422408100374204,-0.0736319612590799,-0.3579837112040502,-0.43178296279991196,-0.09169051287695355,-0.14444860224521242,-0.12614791987673343,-0.1357869249394673,0.17043363416244772,0.2347325555800132,0.3779903147699758,0.3637090028615452,0.11395113361215056,0.06536429672022892,-0.15831168831168832,-0.10963240149680828,-0.28394453004622494,-0.052797710763812455,-0.14287255117763592,-0.12636143517499449,-0.1877129650011006,-0.15987893462469735,-0.40791547435615233,-0.40104336341624475,0.1444089808496588,0.007426810477657936,-0.13824565265243233,-0.19377503852080125,0.10731895223420647,0.16057891261281093,-0.08217917675544795,-0.03217697556680608,0.16985692273827868,-0.14624036979969182,0.2569095311468193,0.007050407219898745,0.05842835130970724,0.239933964340744,-0.2024323134492626,0.11879594981289897,-0.11555580013207131,-0.04878934624697336,0.200198106977768,0.17430332379484922,-0.03226282192383887,0.005060532687651332,0.1235923398635263,-0.03261501210653753,-0.04588597842835131,0.13582874752366278,0.011490204710543694,0.06744662117543473,-0.0038146599163548316,-0.02489984591679507,-0.18458507594100815,-0.10683469073299581,-0.2288201628879595,-0.08043363416244773,0.07892802113141097,0.26813119084305526,0.2240479859123927,0.2636055469953775,0.2005745102355272,-0.03100594320933304,-0.03907990314769976,0.020497468633061854,-0.12156504512436715,0.4136099493726612,0.4029914153642967,0.12926260180497468,0.03713405238828968,0.05799911952454325,-0.15979969183359014,-0.07671802773497689,-0.06395333480079243
#11,0.5799273607748184,1.0,0.3819898745322474,0.4116552938586837,0.03993616552938587,0.23720228923618755,0.39993836671802774,0.5216398855381906,0.5961435174994497,0.5523530706581554,0.32910631741140217,0.01968082764692934,0.11656614571868809,0.07798151001540832,-0.2788972044904248,-0.18384107418005724,0.31738058551617876,0.18987233105877174,-0.18766894122826328,-0.2605789126128109,-0.07524103015628439,0.18125687871450583,0.08875852960598724,-0.017561082984811797,0.06237728373321594,-0.04280871670702179,0.00031917235307065816,0.004294519040281752,-0.02681928241250275,-0.011879815100154083,-0.007585296059872331,-0.13813999559762272,-0.0987673343605547,-0.1308364516839093,-0.3742174774378164,-0.2853004622496148,-0.26686110499669824,-0.20373321593660576,-0.1762755888179617,-0.1891635483160907,-0.16851860004402378,-0.19770416024653312,-0.1012722870349989,-0.17675324675324675,0.11988773937926481,0.17646709222980408,0.06150561303103676,0.06830728593440458,0.03804534448602245,0.02053268765133172,-0.24707462029495927,-0.2235197006383447,-0.2656504512436716,-0.0697490644948272,-0.020085846357032797,-0.09723530706581554,-0.08070878274268105,-0.12985472154963681,-0.18963460268545015,-0.02506713625357693,0.26566585956416466,0.059517939687431215,-0.2596500110059432,-0.214488223640766,0.04283733215936606,0.03558881796169932,-0.05511336121505613,-0.04360114461809377,-0.12254237288135593,-0.08265903587937486,0.22440017609509136,-0.15462689852520362,0.03564164648910412,-0.14344486022452124,-0.25687431212854944,-0.17107197886858905,0.0009333039841514418,0.12103235747303544,0.05791767554479419,-0.0029605987233105877,0.15643847677745984,0.020664758969843714,0.252821923838873,0.003623156504512437,0.014970283953334801,0.32838872991415363,0.12858023332599605,0.02920977327756989,-0.16349768875192605,-0.03180497468633062,-0.2825137574290117,0.1804138234646709,-0.16478978648470174,0.1612920977327757,0.18016068677085625,0.2090578912612811,0.009300022011886419,-0.09198987453224741,-0.04648690292758089,-0.15120405018710104,-0.2108166409861325,0.10063614351749944,-0.018148800352190183,0.095181598062954,0.05863086066475897,-0.142920977327757,-0.2242703059652212,0.1051089588377724,-0.08217917675544795,0.02665859564164649,-0.03800132071318512
#12,0.54900946511116,0.3819898745322474,1.0,0.6767884657715166,0.23270085846357033,0.4581157825225622,0.21625137574290115,0.28182478538410743,0.00713845476557341,0.45863306185340086,0.1161435174994497,0.04731895223420647,0.27255998239049084,-0.12020030816640986,-0.46940788025533786,-0.47439357252916575,0.7387189082104336,0.6375676865507374,0.013869689632401497,0.009528945630640545,-0.05418005723090469,0.02907770195905789,0.30993176315210214,0.15781642086726833,0.32124367158265466,0.16960598723310588,0.4863746423068457,0.3299405679066696,0.180033017829628,0.12045124367158265,0.06129650011005943,-0.032247413603345806,-0.17584635703279772,-0.28403257759189965,-0.4279330838652873,-0.3019040281752146,-0.5580233325996038,-0.26770195905789124,-0.2973959938366718,-0.2562469733656174,0.05654633502091129,-0.1240281752146159,-0.067178076161127,-0.14173013427250716,0.1783050847457627,0.18819062293638564,0.14886198547215496,0.07519480519480519,0.24151001540832048,0.2181157825225622,-0.03523002421307506,0.08433414043583536,-0.02378824565265243,-0.14881796169931763,-0.21055910191503413,-0.2968104776579353,-0.05953334800792428,-0.11867928681488003,-0.2936517719568567,-0.0499405679066696,-0.0949240589918556,-0.2703477878054149,-0.39823024433193926,-0.4064582874752366,0.4905062733876293,0.2988179616993176,-0.1615364296720229,-0.2542262821923839,-0.07787145058331499,-0.3253004622496148,0.2593660576711424,-0.11683469073299582,-0.23562843935725292,0.03594541052168171,-0.45667180277349767,-0.22638564825005503,-0.42102575390710983,-0.2066982170372001,0.1664869029275809,0.16405679066696016,-0.02827206691613471,0.23339643407440017,0.14443099273607748,0.04718247853841074,0.03228043143297381,0.07072859344045784,-0.17916134712744883,0.2393616552938587,0.08688751926040061,0.0898811358133392,0.04977107638124587,-0.11727272727272728,-0.2806009244992296,-0.04103896103896104,0.03542152762491745,0.6644926260180497,0.25693814659916353,0.5340061633281973,0.28837992515958616,-0.030052828527404797,0.14355932203389832,0.45944089808496585,0.14121505613031038,0.22845916795069338,0.2782720669161347,0.02490644948272067,-0.004404578472375083,-0.24163548316090688,-0.1278956636583755,-0.14957517059211975,0.05501210653753027
#13,0.5448117983711204,0.4116552938586837,0.6767884657715166,1.0,0.08626018049746863,0.2834272507153863,0.31593000220118866,0.42503411842394895,0.2587409200968523,0.6272220999339644,0.24791327316751047,0.03280871670702179,0.1931895223420647,-0.07771076381245873,-0.2623222540171693,-0.34840854061193044,0.5815804534448602,0.2513977547875853,-0.04942108738718908,-0.21797050407219898,0.07574510235527185,0.07132731675104556,0.32698877393792647,0.034941668500990536,0.3303433854281312,0.08143957737178076,0.1925445740699978,0.07025093550517279,-0.006627779000660357,-0.012780101254677526,-0.046431873211534226,-0.10943429451904028,-0.24200968523002422,-0.2773563724411182,-0.49832929782082325,-0.34118864186660797,-0.4664098613251156,-0.22884437596302004,-0.3583314990094651,-0.3617345366497909,0.11472595201408761,-0.12878494386968964,-0.12287915474356152,-0.1860576711424169,0.2561611270085846,0.19096632181377943,0.05465551397754788,0.12024433193924719,-0.017239709443099275,0.11223420647149461,-0.15482940788025534,-0.19404578472375084,-0.1752080123266564,-0.19938586836891922,-0.14415804534448604,-0.2879947171472595,0.050946511116002645,-0.05631961259079903,-0.25470834250495267,-0.15675324675324676,0.005236627779000661,-0.1498217037200088,-0.3483204930662558,-0.3523684789786485,0.28351089588377726,0.011263482280431433,-0.11902487343165309,-0.061580453444860225,-0.05099053488883997,-0.23717807616112702,0.3128681488003522,-0.06811798371120405,0.009971384547655735,-0.020178296279991195,-0.38308386528725513,-0.22216596962359675,-0.24478318291877613,-0.08729914153642968,0.2075016508914814,-0.03125687871450583,0.043530706581554036,0.05512656834690733,0.27512656834690735,0.1432027294739159,0.044869029275808936,0.14361655293858683,-0.14392031697116442,0.15104336341624477,0.049672022892361875,0.12622496147919876,-0.0051243671582654636,0.018137794408980848,-0.219537750385208,-0.0362425709883337,0.034648910411622276,0.5235086946951354,0.10063394232885758,0.3645806735637244,-0.05775478758529606,-0.22992956196346026,-0.17276689412282634,0.15870349988994056,-0.022606207351970064,0.16518379925159588,0.16698437156064275,-0.00575610829848118,-0.03887519260400616,-0.12880915694475017,-0.06730134272507154,-0.0822077922077922,0.08839093110279551
#17,-0.08331278890600924,0.03993616552938587,0.23270085846357033,0.08626018049746863,1.0,0.5357495047325556,0.321782962799912,0.013680387409200969,0.013385428131190842,0.2510807836231565,0.14832709663218138,0.5321153422848338,0.5543693594541053,0.4041602465331279,-0.22419106317411402,-0.27851419766674,0.14167730574510234,0.17931102795509576,-0.2998811358133392,-0.1652872551177636,-0.29602025093550516,-0.34047325555800134,-0.15047765793528506,0.0684635703279771,-0.040697776799471716,0.04809597182478539,0.03758529605987233,-0.013576931543033239,0.2613119084305525,0.23400616332819724,-0.0004336341624477218,-0.06828967642526965,0.11341184239489324,-0.14814219678626458,0.056647589698437154,0.14052388289676426,0.03125027514858023,-0.05060312568787145,0.16106977767994718,0.13438696896324015,0.42703940127668943,0.15948712304644508,0.2522342064714946,-0.1337574290116663,0.12187981510015408,-0.03239049086506714,-0.10326876513317192,-0.08654193264362756,-0.01200528285274048,0.14638344706141315,0.17297380585516178,0.19202289236187542,0.19078582434514638,-0.10329077701959058,-0.1197292537970504,-0.2502245212414704,-0.06433634162447721,-0.11214175654853621,0.14810917895663658,0.11319612590799032,-0.18834470614131632,-0.14160026414263702,0.04323574730354392,0.032207792207792206,0.001864406779661017,-0.11530706581554039,0.3609619194364957,-0.07713625357693155,-0.30654853620955314,-0.18102355271846798,-0.0018732115342284833,-0.11583535108958838,-0.1778450363196126,-0.11045564604886639,-0.1125181598062954,-0.21685890380805636,-0.30697336561743344,-0.22975126568346907,-0.05217917675544794,0.029132731675104558,0.12036759850319172,0.4611798371120405,-0.1946357032797711,0.4474158045344486,0.3677767994717147,-0.18222980409421088,-0.2061171032357473,0.41333700198106976,0.4422320052828527,0.30039181157825223,0.26694695135373103,-0.029511336121505614,0.09302663438256659,0.13163768434954876,-0.04211534228483381,0.030022011886418665,0.01260840854061193,0.23385208012326655,0.06437376183138895,0.18848117983711205,0.26697556680607526,0.42694034778780543,0.07539071098393132,0.11202069117323354,0.08427250715386309,0.13403697996918335,-0.008393132291437377,-0.3161193044243892,-0.15983491085186,-0.024791987673343605,-0.00817081223860885
#18,0.2139885538190623,0.23720228923618755,0.4581157825225622,0.2834272507153863,0.5357495047325556,1.0,0.5018534008364517,0.33562623816861104,0.10017169271406559,0.38819722650231125,0.19288355712084526,0.5601166629980189,0.6530398415144177,0.37391151221659696,-0.1373893902707462,-0.2990050627338763,0.3786396654193264,0.29050407219898744,-0.18910851860004402,-0.1364538850979529,-0.17313449262601804,-0.2528065155183799,-0.10571208452564385,-0.06139995597622716,-0.05711424169051288,-0.04113801452784504,0.10742681047765794,0.017616112700858465,0.3521263482280431,0.28886198547215497,0.17869249394673123,-0.003915914593880696,0.04475236627779001,-0.23768875192604005,-0.12267444419986794,0.0001871010345586617,-0.09010345586616773,-0.17519260400616332,-0.15749944970283952,-0.2034866828087167,0.3554303323794849,0.14819942769095312,0.169702839533348,-0.24211754347347567,0.05690072639225181,-0.08591019150341184,0.06158265463350209,-0.0020228923618754125,0.14529165749504733,0.13846797270526084,0.1200792427911072,0.041210653753026634,0.08220559101915034,-0.32692714065595424,-0.17383447061413163,-0.4479440898084966,-0.2068280871670702,-0.351188641866608,-0.07465771516618974,-0.021853400836451684,-0.2948338102575391,-0.3271208452564385,0.13523222540171692,0.09702399295619635,0.2094144838212635,-0.036275588817961696,0.3508430552498349,0.047373981950253136,0.015615232225401716,-0.08957517059211974,0.25311688311688313,-0.0007968302883557121,-0.05527184679727053,-0.08690732995817742,-0.07693374422187982,-0.3158265463350209,-0.3665463350209113,-0.35594320933303986,0.11017829627999119,0.05120845256438477,0.18714285714285714,0.5228593440457847,-0.0687211093990755,0.4783447061413163,0.3907131851199648,-0.14163108078362316,-0.2804754567466432,0.4342967202289236,0.34902047105436934,0.3040744001760951,0.26927801012546776,-0.09658815760510676,-0.11568787145058332,-0.0048668280871670706,-0.034862425709883335,0.12423288575830949,0.006167730574510235,0.3615826546335021,0.1897094430992736,0.12776139115122165,0.1337046004842615,0.44186220559101913,0.3383909311027955,0.20376183138895004,0.27326436275588817,0.08540391811578252,0.03226282192383887,-0.3107109839313229,-0.2948976447281532,-0.23302883557120846,-0.11942989214175655
#26,0.34238828967642526,0.39993836671802774,0.21625137574290115,0.31593000220118866,0.321782962799912,0.5018534008364517,1.0,0.4890799031476998,0.4334448602245212,0.4648646268985252,0.5192978208232446,0.3749724851419767,0.3921109399075501,0.3734338542813119,-0.10176095091349328,-0.30833370019810696,0.11697556680607528,-0.0030860664758969843,-0.26555800132071317,-0.32629319832709663,-0.08251595861765354,-0.16880255337882458,-0.15459608188421747,-0.22990534888839972,0.03747303543913713,0.010697776799471715,-0.20482280431432973,-0.21663658375522782,0.04297160466651992,0.05096632181377944,0.00636583755227823,0.03301562843935725,0.10944970283953334,0.0847325555800132,-0.03573189522342065,0.04637684349548756,0.1232687651331719,-0.03891701518820163,0.09680167290336782,0.016403257759189962,0.11867928681488003,0.021529826106097293,0.2195333480079243,-0.3064274708342505,0.11770856262381686,-0.09411622276029055,0.11379484921857803,0.05942769095311468,-0.18900066035659255,-0.21698437156064274,-0.19858683689192164,-0.22967422408100374,-0.1426106097292538,-0.10014747963900507,-0.04291217257318952,-0.048236847897864844,-0.22458507594100816,-0.26923178516398855,0.11534448602245212,-0.002837332159366058,-0.04409200968523003,-0.017860444640105656,0.03980629539951574,-0.020039621395553597,-0.23649570768214837,-0.22643627558881796,0.22587057010785824,0.20804314329738058,-0.016066475896984372,-0.015401716927140655,0.18570327977107637,0.15431653092670042,0.0860774818401937,-0.11333259960378604,0.054767774598283074,-0.13501871010345587,-0.04273827867048206,-0.08508474576271187,0.038692493946731236,-0.13140435835351089,0.15073079462909972,0.2288729914153643,-0.07958617653532908,0.33721769755668063,0.09491965661457187,-0.06386528725511777,-0.09190402817521462,0.17834030376403257,0.04570548095971825,0.15667620515078143,0.05760510675764913,-0.05925599823904908,0.017123046445080344,0.10784283513097072,0.06847457627118644,-0.11482720669161348,-0.06178076161127009,-0.08326436275588818,-0.09825445740699978,-0.08559542152762492,-0.2667774598283073,0.19953995157384988,0.07360334580673564,0.21107197886858903,0.2713757429011666,0.019471714725952015,0.07814880035219018,0.010242130750605326,-0.1444684129429892,-0.11041382346467092,-0.02884437596302003
#49,0.7158485582214396,0.5216398855381906,0.28182478538410743,0.42503411842394895,0.013680387409200969,0.33562623816861104,0.4890799031476998,1.0,0.50524763372221,0.5010367598503191,0.5312436715826546,0.154950473255558,0.1998877393792648,0.030279550957517058,-0.1392692053709003,-0.31267884657715167,0.351534228483381,0.1803499889940568,-0.18356812678846576,-0.2008188421747744,-0.027902267224301124,0.24806515518379926,0.05220118864186661,0.012194585075941008,0.07512656834690733,0.3408980849658816,-0.09114902047105437,-0.06919656614571869,0.04048206031256879,0.09326656394453005,0.137706361435175,0.0029848117983711205,0.12758309487123046,0.009555359894342945,-0.28705701078582435,-0.06767994717147259,-0.12700198106977767,0.0663944530046225,-0.1636451683909311,-0.2822870349988994,-0.06854941668500991,0.04051948051948052,-0.045524983491085184,-0.16471714725952014,0.06654853620955316,0.12781421967862647,0.29640986132511554,0.18909311027955095,0.042727272727272725,-0.17085406119304425,-0.0924851419766674,-0.1440347787805415,-0.12005943209333039,-0.035597622716266784,-0.042916574950473255,-0.0299933964340744,-0.325049526744442,-0.3234668721109399,-0.31051948051948053,-0.3618710103455866,0.08581994276909531,0.01954655513977548,0.026447281532027293,0.04177195685670262,-0.14200968523002422,-0.13725071538630862,0.08228263262161567,0.036390050627338764,0.06723090468853181,-0.0012942989214175654,0.12640986132511556,-0.035930002201188645,0.03978868589038081,-0.03764913053048646,-0.12998459167950693,-0.0971186440677966,-0.029242791107197887,-0.0611930442438917,0.22063394232885758,0.17524543253356814,0.24357032797710765,0.18324455205811138,0.11939687431212855,0.2419920757208893,0.1141272287034999,0.048861985472154965,-0.04859344045784724,0.16310367598503192,0.013651771956856703,-0.0737310147479639,-0.1248646268985252,-0.12393352410301563,-0.23662998018930223,-0.14349768875192603,-0.06040721989874532,0.1250099053488884,0.20451904028175213,0.21212414703940127,0.06506493506493506,0.017497248514197667,-0.13724191063174113,0.027823024433193923,0.0674224081003742,0.35593000220118864,0.39128769535549196,0.22858023332599603,0.08505833149900946,0.05526304204270306,-0.2095729694034779,-0.14840854061193046,-0.17405679066696017
#50,0.3033942328857583,0.5961435174994497,0.00713845476557341,0.2587409200968523,0.013385428131190842,0.10017169271406559,0.4334448602245212,0.50524763372221,1.0,0.48399735857362974,0.5402553378824565,0.009388069557561083,0.06612150561303104,0.2488861985472155,-0.09389390270746203,-0.16297160466651991,0.06185340083645168,-0.05469073299581774,-0.30363196125907993,-0.3761523222540172,-0.15849878934624698,0.0028505392912172574,-0.048540611930442436,-0.12460928901606867,-0.06938146599163549,0.07849438696896324,-0.3056878714505833,-0.19244772176975566,-0.08639225181598063,0.08334580673563724,0.06156504512436716,0.09508254457406999,0.1723002421307506,0.14812678846577151,-0.15663878494386968,0.12994937266123707,0.047695355491965664,0.08432973805855162,-0.005104556460488664,-0.053940127668941226,-0.13440017609509136,0.05316090688972045,-0.0760576711424169,-0.16719348448162008,0.036636583755227825,0.026698217037200087,0.04064935064935065,0.04587937486242571,-0.24910631741140216,-0.31977988113581335,-0.2001518820162888,-0.20885758309487124,-0.27343825665859567,0.020191503411842397,-0.06497468633061854,0.07651771956856702,-0.16587057010785825,-0.2254985692273828,-0.06081003742020691,-0.04018269865727493,0.2919414483821263,0.2057737178076161,-0.12613251155624036,-0.08222980409421088,-0.27787365177195683,-0.2527999119524543,-0.012361875412722871,0.06718467972705261,-0.16717587497248515,-0.11778120184899846,0.0412854941668501,-0.03951133612150561,0.04671802773497689,-0.16457186880915695,-0.038934624697336565,-0.0913977547875853,0.19062733876293197,0.1467906669601585,0.09865727492846137,-0.012491745542593,0.09317851639885538,-0.025588817961699317,0.09220779220779221,0.06577812018489984,-0.13267884657715165,0.2359850319172353,0.14576271186440679,-0.057966101694915256,-0.16749284613691393,-0.07141536429672023,-0.2887871450583315,0.09853180717587497,-0.08675544794188862,0.1059652212194585,0.13682148360114463,-0.10535549196566146,0.00028615452344265906,-0.15161127008584635,-0.16275368699097512,-0.04322914373761831,-0.20102355271846797,-0.01581554039181158,0.11509575170592119,0.07383226942548976,-0.012656834690732996,-0.037277129650011,-0.107277129650011,0.23450583314990095,0.09246973365617434,0.13634602685450142,-0.017937486242570987
#51,0.37740479859123927,0.5523530706581554,0.45863306185340086,0.6272220999339644,0.2510807836231565,0.38819722650231125,0.4648646268985252,0.5010367598503191,0.48399735857362974,1.0,0.5379132731675105,0.27328857583094873,0.43447061413163107,0.19691613471274488,-0.0686880915694475,-0.2641338322694255,0.6104490424829407,0.2311071978868589,-0.03256658595641646,-0.3320713185119965,0.08409861325115563,0.18079462909971383,0.25308826766453885,-0.023924719348448163,0.3058991855602025,-0.06588157605106758,0.06959718247853841,-0.32965221219458507,0.07191063174114022,-0.07526964560862866,0.12267444419986794,-0.11462469733656175,0.06769755668060753,-0.13757208892802114,-0.39626018049746864,-0.2403830068236848,-0.3064340744001761,-0.2411336121505613,-0.07550077041602465,-0.13699757869249396,0.030325775918996257,-0.22007704160246533,-0.06475236627779,-0.12242570988333701,0.15366057671142416,0.21632621615672462,0.03967422408100374,-0.1843055249834911,0.11265243231344926,-0.08857583094871231,0.06729473915914594,-0.11648250055029716,0.13307726172132953,-0.20264142637023994,0.07235307065815541,-0.1287079022672243,-0.10084745762711865,-0.15681708122386087,-0.1176205150781422,0.07071098393132291,-0.045311468192824125,-0.2060114461809377,-0.2510279550957517,-0.20448162007484041,0.04456086286594761,-0.25800352190182696,0.0814836011446181,0.03632401496808276,-0.06568567026194144,-0.2284371560642747,0.36447061413163107,-0.028886198547215497,0.061443979749064494,-0.40125467752586397,-0.2844772176975567,-0.3748778340303764,-0.22331719128329297,-0.08293638564825005,0.35878274268104776,-0.0024807395993836673,0.28935725291657494,0.17400396213955535,0.2130134272507154,0.45897644728153203,0.32569887739379266,-0.0020911292097732775,-0.21968523002421309,0.1557935285053929,-0.16796830288355713,0.04937046004842615,-0.13513317191283292,-0.11237288135593221,-0.41142637023992956,-0.07559982390490864,-0.0412458727712965,0.37203389830508476,-0.04063834470614132,0.18593220338983052,-0.1682852740479859,0.1282060312568787,-0.15241690512876954,0.3607241910631741,0.06549416685009905,0.12668280871670703,0.0838432753686991,0.1807572088928021,-6.6035659255998236e-06,-0.1786418666079683,-0.06786484701738939,-0.127508254457407,-0.03591239269205371
#52,0.23246753246753246,0.32910631741140217,0.1161435174994497,0.24791327316751047,0.14832709663218138,0.19288355712084526,0.5192978208232446,0.5312436715826546,0.5402553378824565,0.5379132731675105,1.0,0.1490512876953555,0.24957296940347787,0.12501210653753025,-0.2541074180057231,-0.2964120625137574,0.15759630200308167,0.09266563944530046,-0.2759916354831609,-0.1334866828087167,-0.14096632181377944,0.08118203830068237,-0.09599603786044464,-0.16116222760290558,0.1511138014527845,0.1378846577151662,-0.030055029716046667,-0.1487937486242571,-0.028670482060312568,0.2086220559101915,0.07163328197226503,0.087310147479639,0.16269205370900286,0.1248580233325996,-0.25850099053488884,0.0035108958837772397,-0.06336121505613031,0.0412920977327757,-0.013948932423508694,-0.050884877834030375,-0.1635527184679727,-0.007182478538410742,-0.1868412942989214,-0.14749064494827208,-0.06238388729914154,-0.03919656614571869,0.19095311468192824,0.026687211093990755,0.04712965001100594,-0.15345806735637244,-0.07958837772397094,-0.2650913493286375,-0.057305745102355275,-0.14306185340083646,-0.11584195465551397,0.011294298921417565,-0.17261501210653754,-0.16635263042042703,-0.0812062513757429,-0.06734096412062514,0.1418732115342285,0.09941888619854722,-0.1501915034118424,-0.06441778560422629,-0.15804534448602245,-0.20842174774378164,-0.10737838432753687,-0.10924719348448161,-0.21543033237948492,-0.06719788685890381,0.0015320272947391591,-0.07347127448822365,-0.07867048206031257,-0.18881796169931764,-0.1427030596522122,-0.1307660136473696,0.07480079242791107,0.0752938586836892,-0.01713845476557341,-0.13414263702399296,0.05230024213075061,0.1927294739159146,0.023321593660576713,0.24639225181598062,0.2092339863526304,0.11806295399515739,0.06006163328197227,0.0068765133171912836,-0.11365617433414044,-0.12307946290997139,-0.2977767994717147,0.012872551177635923,-0.2627360774818402,0.04147699757869249,-0.0011842394893242351,0.0776139115122166,-0.016013647369579574,-0.00425049526744442,-0.2598811358133392,-0.030563504292317852,-0.20630420427030596,0.0758397534668721,0.2242394893242351,0.04521241470394013,0.15324675324675324,0.12617873651771958,0.00400396213955536,0.1955976227162668,-0.060873871890821045,0.017362976007043805,-0.03111600264142637
#53,-0.11372220999339644,0.01968082764692934,0.04731895223420647,0.03280871670702179,0.5321153422848338,0.5601166629980189,0.3749724851419767,0.154950473255558,0.009388069557561083,0.27328857583094873,0.1490512876953555,1.0,0.6912920977327757,0.5972176975566806,0.06178956636583755,-0.16335461149020472,0.1759255998239049,0.08517719568567027,-0.22019370460048426,-0.259966982170372,-0.1671978868589038,-0.26434074400176094,-0.19212634822804314,-0.04707462029495928,-0.10663658375522782,-0.08809597182478539,0.04348228043143297,-0.11348228043143298,0.35622716266784066,0.03280211314109619,0.03433634162447722,-0.0760840854061193,0.16808496588157604,-0.20659476117103237,0.08151221659696235,-0.01803213735417125,0.20910851860004404,-0.12155624036979969,0.14114461809377063,0.09456966762051508,0.42308606647589697,0.018206031256878714,0.25944970283953334,0.043145498569227385,-0.0808496588157605,-0.125148580233326,0.14686110499669822,0.042031697116442876,0.10289456306405459,-0.06322694254897644,0.12090468853180718,0.15556020250935504,0.207772397094431,-0.11324455205811138,-0.11599603786044464,-0.15974466211754348,-0.2655051727933084,-0.24405679066696015,0.1374554259300022,0.05540832049306626,-0.3534074400176095,-0.237904468412943,0.270939907550077,0.23125467752586396,-0.017272727272727273,-0.20996918335901388,0.47454545454545455,0.34994937266123705,-0.019183359013867488,0.1101848998459168,0.24033237948492187,0.2063416244772177,0.07263042042703059,-0.11399075500770416,0.12247633722209994,-0.1149372661237068,-0.320627338762932,-0.3080563504292318,0.1996830288355712,0.03813339203169712,0.5602201188641867,0.4962645828747524,0.15438696896324014,0.6821505613031037,0.5253929121725732,-0.24217257318952234,-0.3175941008144398,0.3607990314769976,0.2388465771516619,0.4514637904468413,0.3020162887959498,0.05812018489984592,0.02322033898305085,-0.07721109399075501,-0.27583755227823026,-0.09137134052388289,-0.11931543033237949,0.1884195465551398,0.13379484921857804,0.2161699317631521,0.1087541272287035,0.3361809377063614,0.1554853620955316,0.1319392471934845,0.13221659696235968,0.09711644287915475,-0.0046687211093990755,-0.38489544353951133,-0.19969403477878053,-0.36496808276469295,-0.3130728593440458
#54,0.03586616773057451,0.11656614571868809,0.27255998239049084,0.1931895223420647,0.5543693594541053,0.6530398415144177,0.3921109399075501,0.1998877393792648,0.06612150561303104,0.43447061413163107,0.24957296940347787,0.6912920977327757,1.0,0.572905569007264,0.00017829627999119526,-0.13769095311468194,0.2931785163988554,0.23801893022232004,-0.13410961919436495,-0.22966541932643628,-0.11441338322694256,-0.20149460708782743,-0.11203169711644288,-0.12344706141316311,0.040444640105657056,-0.12266123706801672,0.03781642086726832,-0.11187981510015409,0.36244331939247193,0.1515892581994277,0.04963680387409201,-0.08059652212194585,0.17959278010125468,-0.19649790887079022,-0.014761171032357473,-0.08075720889280211,0.0262689852520361,-0.13403918115782523,-0.04222980409421087,-0.0637046004842615,0.2771824785384107,0.05541932643627559,0.010796830288355713,-0.1353532907770196,-0.08156064274708343,-0.14690292758089368,0.09098833370019811,-0.07469513537310148,0.13433634162447722,0.06829407880255338,0.22116222760290558,0.15525643847677745,0.26642967202289236,-0.11662998018930222,-0.10868368919216377,-0.2718247853841074,-0.18858903808056351,-0.2630244331939247,-0.028492185780321373,0.008597842835130971,-0.21341844596081885,-0.1902047105436936,0.2258661677305745,0.13142637023992956,0.084686330618534,-0.14538630860664759,0.48698217037200087,0.12886418666079683,0.0018908210433634162,-0.06482720669161347,0.18680607528065155,0.07599383667180278,-0.04379264802993617,-0.22419546555139774,-0.1389060092449923,-0.30925379705040723,-0.28378604446401057,-0.17755007704160247,0.17672243011226063,-0.0016310807836231564,0.36658155403918113,0.5184525643847677,0.09724191063174115,0.5446775258639666,0.4234250495267444,-0.12174994497028395,-0.18974466211754348,0.3217719568567026,0.14806515518379926,0.22036759850319174,0.16640986132511557,-0.042502751485802334,-0.15157825225621835,-0.05817741580453445,-0.1397490644948272,0.16200748404138235,-0.02051948051948052,0.2567246313009025,0.05407440017609509,0.22254017169271406,0.14171032357473035,0.4100176095091349,0.13279771076381247,0.1358397534668721,0.1461633281972265,0.2363548316090689,-0.041175434734756766,-0.22596302003081664,-0.2067312348668281,-0.20261941448382126,-0.17070658155403917
#58,-0.14369359454105216,0.07798151001540832,-0.12020030816640986,-0.07771076381245873,0.4041602465331279,0.37391151221659696,0.3734338542813119,0.030279550957517058,0.2488861985472155,0.19691613471274488,0.12501210653753025,0.5972176975566806,0.572905569007264,1.0,0.16594761171032357,-0.12327756988773939,-0.02865727492846137,-0.2048448162007484,-0.2849592780101255,-0.41683469073299584,-0.19680827646929341,-0.3312788906009245,-0.2838410741800572,-0.2692141756548536,-0.2641008144397975,-0.16106537530266343,-0.3346423068456967,-0.2919414483821263,0.2016288795949813,-0.023995157384987892,-0.03021351529826106,-0.017941888619854723,0.2861501210653753,0.06694475016508915,0.27826326216156727,0.21556900726392253,0.4267114241690513,0.0625511776359234,0.32131631080783624,0.256469293418446,0.21091789566365837,0.08052608408540612,0.16311027955095753,0.05346026854501431,-0.09763812458727714,-0.33292978208232443,0.06775038520801233,0.05369579572969403,-0.10972485141976668,-0.1695773717807616,0.052876953554919656,0.015007704160246533,0.05515078142196786,-0.028602245212414702,-0.013805855161787365,0.1036121505613031,-0.21920757208892802,-0.13088487783403038,0.2980211314109619,0.02137574290116663,-0.13193264362755888,-0.07462249614791988,0.269537750385208,0.19403697996918337,-0.3240083645168391,-0.43014747963900507,0.687492846136914,0.3543385428131191,0.027479639005062735,0.14585736297600704,0.14107197886858905,0.23280651551837991,0.014142637023992956,-0.11416685009905349,0.3209156944750165,-0.09540391811578253,-0.12342945190402818,-0.3248382126348228,0.10681267884657715,0.05222099933964341,0.24754567466431873,0.18257318952234206,-0.07816200748404138,0.5191151221659697,0.4179969183359014,-0.19042703059652213,-0.23207351970063833,0.022163768434954875,0.08823464670922299,0.22773717807616112,0.043715606427470834,0.027413603345806736,0.026486902927580894,0.08642967202289237,-0.1564604886638785,-0.3135527184679727,-0.15657054809597182,-0.09716927140655954,0.027512656834690733,0.2888729914153643,0.021523222540171694,0.1701188641866608,-0.020889280211314108,0.162293638564825,0.07714065595421528,0.04651331719128329,0.0887343165309267,-0.15983711204050188,-0.04973365617433414,-0.0824323134492626,-0.2324323134492626
#101,-0.3255646048866388,-0.2788972044904248,-0.46940788025533786,-0.2623222540171693,-0.22419106317411402,-0.1373893902707462,-0.10176095091349328,-0.1392692053709003,-0.09389390270746203,-0.0686880915694475,-0.2541074180057231,0.06178956636583755,0.00017829627999119526,0.16594761171032357,1.0,0.4739731454985692,-0.1818930222320053,-0.5374334140435836,0.357772397094431,-0.1885692273827867,0.590147479639005,0.1271472595201409,0.20620515078142196,-0.1669601584855822,0.1301056570548096,-0.34684569667620513,-0.40905348888399734,-0.5815694475016508,-0.11660356592559983,-0.2263746423068457,-0.012982610609729254,-0.17101034558661676,0.10621395553598943,0.03955976227162668,0.18438696896324014,0.0006427470834250496,0.26187981510015407,0.07047325555800132,0.192656834690733,0.1138762931983271,-0.10129650011005943,-0.07243011226062074,0.046777459828307284,0.2862007484041382,0.027503852080123268,0.05533788245652652,-0.237475236627779,-0.31508254457407,-0.2914285714285714,-0.2953775038520801,0.11692273827867049,-0.05321153422848338,0.20979749064494826,-0.025518379925159585,0.4600924499229584,0.21619854721549636,0.20066916134712745,0.13635923398635263,0.26607307946291,0.08626018049746863,-0.22543693594541053,-0.09484701738939028,0.508729914153643,0.45300242130750606,-0.2135329077701959,-0.3333568126788466,0.3458617653532908,0.5995597622716267,0.5633370019810697,0.39058331499009463,0.1756482500550297,0.33165749504732556,0.4872837332159366,-0.2009156944750165,0.34416905128769537,-0.09920977327756988,0.20993836671802774,0.0137244111820383,0.4505546995377504,-0.12497248514197666,0.333086066475897,-0.023416244772176974,0.13982390490865068,0.08458727712965002,0.11878274268104777,-0.4308188421747744,-0.1963614351749945,-0.14937486242570988,-0.22273167510455646,-0.011470394012766894,0.14000220118864187,-0.19392031697116444,0.18579572969403477,-0.16069777679947173,-0.1838036539731455,-0.25296500110059433,-0.32789346246973367,-0.2982390490865067,-0.22159366057671143,0.15673783843275368,-0.19042482940788025,-0.20956196346026854,-0.30820603125687873,-0.1523002421307506,-0.21978648470173895,0.12956636583755227,-0.008569227382786706,-0.06934624697336561,-0.10198767334360555,-0.3024455205811138,-0.27539731454985694
#102,-0.44714946070878275,-0.18384107418005724,-0.47439357252916575,-0.34840854061193044,-0.27851419766674,-0.2990050627338763,-0.30833370019810696,-0.31267884657715167,-0.16297160466651991,-0.2641338322694255,-0.2964120625137574,-0.16335461149020472,-0.13769095311468194,-0.12327756988773939,0.4739731454985692,1.0,-0.3474246092890161,-0.2278450363196126,0.23476557340964122,0.28307506053268766,0.11891481399955976,0.23979308826766454,-0.04943429451904028,0.02348448162007484,-0.012956196346026854,-0.2557539071098393,-0.1952542372881356,-0.23147259520140875,-0.11550517279330838,-0.09517279330838653,0.06292758089368258,-0.013240149680827647,0.06744001760950913,0.15828307285934404,0.2177657935285054,-0.10357693154303324,0.14519920757208893,0.0010323574730354392,0.15450803433854282,0.2360840854061193,-0.14804314329738058,0.022672243011226063,-0.032553378824565264,0.06780541492405899,-0.10024873431653093,-0.009130530486462689,-0.37029275808936823,-0.43952894563064054,-0.23801012546775258,-0.07160906889720449,-0.05621835791327317,0.15779661016949154,0.08018269865727493,0.22186880915694476,0.15456966762051508,0.18098393132291438,0.01968082764692934,0.2487409200968523,0.18510015408320493,0.33012766894122825,-0.09099933964340744,-0.12735197006383447,0.3261831388950033,0.4362755888179617,-0.07130310367598504,-0.022209993396434074,0.10855822143957737,0.1732621615672463,0.08353510895883777,0.2598283072859344,-0.07412722870349989,0.005104556460488664,0.16546114902047104,-0.1860444640105657,0.07335901386748844,-0.0525181598062954,0.09649350649350649,0.0750561303103676,-0.16915254237288135,-0.25647589698437157,0.14376183138895005,-0.12945190402817522,0.14188421747743782,-0.11933964340744002,-0.1887739379264803,-0.1508694695135373,-0.06118864186660797,-0.1239489324235087,-0.2125379705040722,-0.09569887739379265,0.1499801893022232,-0.028087167070217918,0.24441118203830067,-0.027801012546775257,0.04903367818622056,-0.16959498128989656,-0.13517059211974466,-0.3386352630420427,-0.2286880915694475,-0.1403565925599824,-0.01865067136253577,-0.150462249614792,-0.16529165749504732,-0.29156504512436715,-0.27239269205370903,-0.18410961919436497,-0.0662359674224081,-0.03524983491085186,-0.04225841954655514,-0.02903367818622056,0.022254017169271407
#201,0.401699317631521,0.31738058551617876,0.7387189082104336,0.5815804534448602,0.14167730574510234,0.3786396654193264,0.11697556680607528,0.351534228483381,0.06185340083645168,0.6104490424829407,0.15759630200308167,0.1759255998239049,0.2931785163988554,-0.02865727492846137,-0.1818930222320053,-0.3474246092890161,1.0,0.6299141536429672,0.19639005062733877,-0.09587717367378384,0.12565705480959719,0.14587497248514197,0.3664825005502972,0.1335857362976007,0.36248073959938365,0.1116090688972045,0.47692053709002863,0.060035219018269866,0.24478758529605987,-0.07587937486242571,0.14640105657054808,-0.260462249614792,-0.09796390050627339,-0.40225181598062953,-0.46458287475236626,-0.41885758309487126,-0.5390402817521461,-0.2983909311027955,-0.19086506713625356,-0.20397314549856924,0.04083425049526745,-0.2931741140215717,-0.06658815760510675,-0.06761831388950033,0.15429672022892363,0.2795333480079243,0.16186000440237727,-0.10550957517059212,0.33346907329958175,0.008318291877613912,0.12092670041822584,0.15415584415584416,0.1268368919216377,-0.22298261060972926,-0.04968743121285494,-0.2134470614131631,-0.1262821923838873,-0.2304886638784944,-0.24807395993836673,0.0250561303103676,-0.14755888179616994,-0.3117807616112701,-0.3646136913933524,-0.33430772617213295,0.4328087167070218,0.04577371780761611,-0.005643847677745983,-0.04089588377723971,0.12087827426810478,-0.24961259079903148,0.5368721109399075,0.10576931543033238,-0.023863086066475896,-0.13254897644728153,-0.43753246753246755,-0.4111204050187101,-0.4234580673563724,-0.25394012766894125,0.4548250055029716,0.22262821923838874,0.18594100814439798,0.28710323574730356,0.32417565485362093,0.18951573849878936,0.3130332379484922,-0.025874972485141978,-0.27833149900946513,0.2969359454105217,-0.025221219458507593,0.0627096632181378,0.09648910411622276,-0.18436055469953774,-0.3823508694695135,-0.1979749064494827,-0.12401716927140656,0.6640215716486902,0.18067136253576932,0.6020559101915034,0.23581554039181157,0.09535549196566145,0.1363548316090689,0.5940744001760951,0.06725071538630861,0.2563416244772177,0.13912612810917896,0.14712304644508034,-0.06991635483160907,-0.2923332599603786,-0.20384767774598284,-0.23686770856262382,-0.13881576051067576
