,#10,#11,#12,#13,#17,#18,#26,#49,#50,#51,#52,#53,#54,#58,#101,#102,#201,#202,#301,#302,#401,#402,#501,#502,#601,#602,#701,#702,#801,#802,#901,#902,#1001,#1002,#1101,#1102,#1201,#1202,#1301,#1302,#1401,#1402,#1501,#1502,#1601,#1602,#1701,#1702,#1801,#1802,#1901,#1902,#2001,#2002,#2101,#2102,#2201,#2202,#2301,#2302,#2401,#2402,#2501,#2502,#2601,#2602,#2701,#2702,#2801,#2802,#2901,#2902,#3001,#3002,#3101,#3102,#3201,#3202,#3301,#3302,#3401,#3402,#3455,#3501,#3502,#3601,#3602,#3701,#3702,#3801,#3802,#3901,#3902,#4001,#4002,#4101,#4102,#4201,#4202,#4301,#4302,#4401,#4402,#4501,#4502,#4601,#4602,#4701,#4702,#4801,#4802
#10,1.0,0.00238168611049967,0.45316751045564607,0.5268897204490425,0.09695135373101475,0.12483821263482281,0.06663658375522782,0.4756174334140436,0.15400836451683908,0.5162491745542593,0.40004842615012104,0.019641206251375744,0.22049746863306185,0.21037200088047545,-0.13996478098173012,0.01930442438917015,0.5368082764692934,0.31653753026634385,-0.03443539511336122,0.03144177856042263,-0.07048646268985252,0.24342945190402818,0.24895443539511336,0.20921637684349548,0.08954215276249175,0.0853202729473916,-0.04311468192824125,0.015718688091569448,0.09707902267224301,0.06543473475676866,0.04011005943209333,-0.05268104776579353,0.011862205591019151,-0.2554985692273828,-0.0774818401937046,-0.019907550077041602,-0.36323354611490205,-0.2373233546114902,-0.17931102795509576,-0.20916795069337443,0.009414483821263482,-0.2739621395553599,-0.17538410741800572,0.046134712744882234,-0.2536209553158706,0.001556240369799692,-0.30209993396434076,-0.34184899845916794,0.031369139335241034,-0.11785604226282193,0.010385208012326657,0.1899141536429672,0.022773497688751927,0.32904688531807175,0.06305084745762712,0.1564472815320273,-0.09019370460048426,-0.0612722870349989,-0.26098393132291436,-0.06121505613031037,-0.15364296720228923,-0.07313449262601805,-0.22871890821043364,-0.09571868809156944,0.38271406559542154,-0.09507814219678626,-0.04691613471274488,-0.0016971164428791548,0.11777459828307286,-0.19924058991855603,0.4736055469953775,0.21099933964340745,0.011904028175214616,0.14300682368478979,-0.1557274928461369,-0.06244772176975567,-0.21904688531807176,-0.21526964560862866,0.0871582654633502,0.2790688972044904,0.002879154743561523,-0.124785384107418,0.05224961479198768,-0.08990314769975787,-0.004309927360774819,-0.09804094210873872,0.09496808276469293,0.047959498128989655,-0.16789786484701738,-0.05606427470834251,-0.09468192824125027,-0.10548756328417346,-0.0985758309487123,-0.07789126128109179,-0.1935791327316751,0.3467796610169491,0.03383226942548977,0.2108364516839093,0.21960818842174776,0.01830068236847898,0.20504732555580013,0.32314990094651114,-0.09133392031697117,0.23331719128329298,0.023059652212194585,0.06793308386528725,-0.07018489984591679,-0.2941690512876954,-0.14167290336781863,-0.11548095971824786,-0.11168170812238609
#11,0.00238168611049967,1.0,0.25819722650231125,0.27366718027734976,-0.03148800352190183,-0.02550297160466652,0.03842174774378164,-0.19873211534228483,0.16558661677305744,0.3309487123046445,0.25357693154303323,-0.12284613691393352,0.07314109619194364,0.14969403477878054,0.013288575830948713,0.01718247853841074,-0.009731454985692273,0.23548316090688973,0.020770416024653314,-0.017442218798151003,-0.17261281091789565,0.07987893462469733,-0.05068016729033678,0.20464670922298042,0.08233105877173674,0.10781421967862646,0.2237640325775919,0.1362293638564825,0.17854501430772618,0.3758947831829188,0.24345146379044685,0.26331719128329295,0.2763152102135153,0.25801893022232003,0.09120405018710104,-0.061333920316971165,-0.05604226282192384,0.008265463350209112,0.05965441338322694,-0.12553598943429453,-0.0288135593220339,0.04913713405238829,-0.13759189962579793,-0.08032577591899626,0.1078780541492406,-0.03909971384547656,-0.11260840854061194,-0.04750385208012327,0.08537530266343826,0.19681267884657716,0.1460906889720449,0.3055205811138014,0.255280651551838,0.2987101034558662,0.08202949592780101,0.1465001100594321,0.006484701738939027,-0.1439357252916575,0.11998239049086507,0.2625599823904909,-0.28053709002861543,-0.14751045564604887,-0.2734866828087167,-0.15775258639665418,0.17722650231124806,-0.10234866828087168,0.002683248954435395,0.0050891481399955975,-0.03248734316530927,-0.15630640545894783,0.057893462469733654,-0.1923992956196346,-0.3566894122826326,-0.2554919656614572,-0.3153929121725732,-0.2263152102135153,-0.2788553819062294,-0.21132291437376183,0.10089148139995598,0.05768875192604006,0.17809597182478537,-0.08397974906449483,0.2022672243011226,-0.16954215276249174,-0.23439577371780762,-0.2106647589698437,-0.09822804314329737,-0.06385208012326657,-0.2472507153863086,-0.045093550517279334,-0.05894342945190403,-0.07380805635042924,-0.029810697776799473,0.11368699097512656,0.05659696235967422,0.12599383667180278,0.1360972925379705,0.12271186440677966,0.2473365617433414,0.03486682808716707,0.05332379484921858,0.1568434954875633,-0.10273167510455646,0.2879308826766454,0.27570107858243453,0.20808276469293419,5.943209333039841e-05,-0.27935064935064935,-0.10453885097952895,-0.1135593220338983,-0.05480299361655294
#12,0.45316751045564607,0.25819722650231125,1.0,0.6395003301782963,0.058606647589698434,0.08888179616993176,0.023209333039841514,0.13848117983711203,-0.10044684129429893,0.7513031036759851,0.3100044023772837,-0.1201188641866608,0.04294078802553379,0.0704556460488664,-0.05707241910631741,-0.03695575610829848,0.6750099053488884,0.7100066035659256,-0.1152410301562844,-0.2874620294959278,-0.2689786484701739,-0.062126348228043145,0.22365617433414042,0.06906889720449043,0.052491745542593,-0.24945630640545896,0.07041162227602905,-0.0364340744001761,0.21813779440898085,0.11155624036979969,0.34237508254457405,0.26199427690953114,0.4165815540391812,-0.06630420427030596,-0.18375522782302442,-0.2121747743781642,-0.4587365177195686,-0.3551089588377724,-0.029938366718027735,-0.41684569667620514,0.04633061853400836,-0.1424785384107418,-0.49537530266343827,-0.12399075500770416,-0.0786484701738939,-0.040475456746643185,-0.1807197886858904,-0.21627338762931983,0.06272507153863086,0.14350429231785164,0.1681289896544134,0.4614439797490645,0.2941360334580674,0.4197050407219899,0.32991195245432536,0.04670922298040942,-0.1897886858903808,-0.5015980629539951,0.0648448162007484,0.11195025313669381,-0.2365397314549857,-0.09695575610829849,-0.40672022892361875,-0.37515738498789347,0.6665441338322694,-0.13704160246533129,-0.257673343605547,0.11478098173013428,-0.10097072419106318,-0.4240149680827647,0.6001871010345586,0.2831587057010786,-0.32710323574730354,0.06887299141536429,-0.4204116222760291,-0.34624697336561744,-0.2992692053709003,-0.33233105877173674,0.18151001540832049,0.1172969403477878,-0.10228483381025753,-0.3275126568346907,-0.016405458947831828,-0.271798371120405,-0.343992956196346,-0.17896324014968082,0.1911204050187101,0.10248294078802553,-0.2654325335681268,-0.2560246533127889,-0.1871186440677966,-0.11691173233546115,0.09486902927580894,0.27572529165749504,-0.06087167070217918,0.6463834470614132,0.097442218798151,0.4234866828087167,0.5371846797270526,0.28904028175214613,0.4671736737838433,0.5258705701078582,0.22272066916134714,0.4932225401716927,0.412029495927801,0.4493616552938587,0.29561303103675984,-0.2563614351749945,-0.2783248954435395,0.12200748404138234,0.13507153863086066
#13,0.5268897204490425,0.27366718027734976,0.6395003301782963,1.0,0.08256218357913273,0.17470394012766893,0.012139555359894343,0.2194453004622496,-0.017926480299361655,0.6861677305745102,0.3510785824345146,-0.07036759850319173,0.03240810037420207,0.15278670482060314,-0.16027294739159145,-0.1939555359894343,0.5830464450803434,0.5134118423948932,-0.04136253576931543,-0.2784371560642747,-0.34573409641206254,-0.016654193264362755,0.1682588597842835,0.13827646929341844,0.07402157164869029,-0.0376865507373982,0.08477657935285055,0.17143957737178075,0.12448822364076602,0.08350869469513537,0.15313449262601805,0.19858683689192164,0.3248910411622276,0.024290116662998018,0.04524323134492626,-0.0078032137354171255,-0.21577371780761612,-0.16399955976227162,-0.1052344265903588,-0.19127448822364077,-0.05140876073079463,-0.26113581333920316,-0.4588311688311688,-0.09996257979308827,-0.057156064274708346,-0.100396213955536,-0.1706075280651552,-0.11964560862865947,0.08993176315210213,0.023513097072419106,0.2208892802113141,0.25034338542813117,0.012870349988994056,0.11699757869249394,0.05787805414924059,0.13850759410081445,-0.2131322914373762,-0.4157957296940348,0.05038080563504292,0.08325555800132071,-0.10554919656614573,0.024585075941008144,-0.2674180057230905,-0.18815980629539952,0.5306031256878715,0.021254677525863967,-0.06329958177415805,0.1250561303103676,0.06303103675985032,-0.28575390710983933,0.5000638344706141,0.10774598283072859,-0.2378780541492406,0.06646268985252037,-0.3580805635042923,-0.30512436715826546,-0.1705348888399736,-0.28561963460268547,0.0475214615892582,0.1369821703720009,-0.05889500330178296,-0.2558331499009465,-0.10090248734316531,-0.31933524103015626,-0.2110543693594541,-0.01865067136253577,0.3305414924058992,-0.009601584855822144,-0.30694915254237287,-0.20773717807616113,-0.10947391591459388,-0.05318071758749725,0.06898745322474135,0.19863086066475896,0.060777019590578914,0.43086946951353733,0.11975346687211094,0.256979969183359,0.42170372000880474,0.17949152542372881,0.4202553378824565,0.389735857362976,0.17989874532247413,0.3636517719568567,0.2801716927140656,0.34247413603345805,0.10852740479859124,-0.18069337442218797,-0.1950957517059212,0.18615232225401718,0.13204050187101035
#17,0.09695135373101475,-0.03148800352190183,0.058606647589698434,0.08256218357913273,1.0,0.6067048206031257,0.04669161347127449,0.0776271186440678,0.08822143957737177,0.08921637684349548,-0.045524983491085184,0.43447281532027293,0.4092295839753467,0.20435835351089587,-0.04285053929121726,-0.2970658155403918,-0.021430772617213295,-0.012766894122826326,-0.048287475236627776,0.06816200748404139,-0.14052388289676426,-0.2334602685450143,0.043066255778120184,-0.07599603786044463,-0.2025313669381466,-0.10033898305084746,0.0020250935505172793,0.10211314109619195,-0.11123706801672903,-0.07457186880915695,-0.10801672903367819,-0.0751882016288796,-0.005894783182918776,-0.07338322694254898,-0.018115782522562185,0.021543033237948494,0.17190843055249835,-0.05541492405899186,-0.20818401937046005,-0.07251595861765353,0.05313449262601805,0.24293638564825004,-0.13297380585516178,0.1010873871890821,0.00018269865727492846,-0.04783623156504512,0.18578032137354172,0.13935285053929122,0.17399955976227163,-0.04943209333039841,0.1446599163548316,0.14956856702619414,0.016636583755227825,-0.15546114902047106,-0.26996257979308824,-0.29722209993396437,-0.07786264582874752,-0.14381465991635484,-0.0787673343605547,-0.11595861765353291,0.21037200088047545,-0.08569667620515078,0.2875874972485142,0.1730178296279991,-0.19097732775698878,-0.03326436275588818,0.12114241690512877,0.00961699317631521,-0.06596081884217478,0.12100374202069117,-0.006704820603125688,-0.03539511336121506,0.12386088487783403,0.05911732335461149,0.07207572088928021,0.11256658595641647,0.049282412502751484,-0.12493506493506494,0.3071076381245873,-0.016601364736957957,0.2364802993616553,0.31034338542813117,0.1514703940127669,0.3027867048206031,0.5063812458727713,0.0026414263702399295,-0.06355491965661457,0.16868589038080564,0.05811358133392032,0.2358331499009465,0.160066035659256,-0.08883777239709444,0.12454765573409642,-0.2024851419766674,-0.08102575390710984,-0.0006757649130530487,-0.08210433634162448,0.02005723090468853,0.08561743341404358,0.005791327316751045,-0.03527624917455426,0.144224081003742,0.15143957737178076,-0.01237508254457407,0.03488883997358574,0.015764913053048647,0.049418886198547216,-0.01834030376403258,0.06176535329077702,-0.02572969403477878,0.049068897204490425
#18,0.12483821263482281,-0.02550297160466652,0.08888179616993176,0.17470394012766893,0.6067048206031257,1.0,0.08855822143957737,0.04955535989434295,0.10961919436495708,0.12531807175874973,-0.14839973585736296,0.41755668060752804,0.43190843055249833,0.12163768434954876,0.0021791767554479417,-0.35297160466651994,0.087343165309267,0.05468633061853401,-0.06519040281752146,-0.06801672903367818,-0.12032357473035439,-0.2336385648250055,0.014345146379044684,-0.15219898745322474,-0.11113141096191943,-0.06714505833149902,0.06819282412502752,0.015971824785384107,-0.003185119964780982,0.08813339203169712,0.11905128769535549,-0.017543473475676866,0.04546335020911292,-0.03192824125027515,0.11670261941448382,0.2135659255998239,0.20466431873211535,-0.08299801893022232,-0.10589038080563504,-0.13534888839973586,0.04638344706141316,0.1238564825005503,0.01989654413383227,-0.04227823024433194,-0.14568346907329957,-0.031476997578692496,0.030261941448382127,0.03744441998679287,0.1916288795949813,-0.019586176535329076,0.057726172132951795,0.048672683248954435,-0.03900286154523443,-0.1488069557561083,-0.22181377944089808,-0.20584635703279772,0.025016508914814,-0.1648448162007484,0.004547655734096412,-0.034981289896544136,0.17380145278450362,-0.06369139335241031,0.17819942769095312,0.023506493506493507,-0.19077922077922077,0.12876293198327096,0.04154523442659036,0.13168390931102794,-0.06816420867268325,0.02702839533348008,0.057490644948272066,-0.09266123706801672,0.1040017609509135,0.015844155844155845,0.09507373981950253,0.07890160686770856,0.10198106977767994,-0.04245432533568127,0.22624477217697556,-0.006073079462909971,0.14684569667620515,0.3486572749284614,0.2203764032577592,0.18455646048866386,0.373563724411182,0.18237508254457407,-0.042656834690732996,0.12605106757649132,0.125049526744442,0.16473695795729695,0.09518600044023773,0.00824125027514858,-0.03443539511336122,-0.17872991415364298,-0.07198327096632182,0.08714725952014088,-0.02214836011446181,-0.16907770195905789,-0.05793748624257099,-0.0008540611930442439,-0.12362095531587057,0.23289676425269645,0.08835571208452564,-0.17198327096632182,-0.2131961259079903,-0.022863746423068456,-0.15131410961919436,-0.11273167510455646,0.011071978868589039,-0.014514637904468414,-0.0051573849878934624
#26,0.06663658375522782,0.03842174774378164,0.023209333039841514,0.012139555359894343,0.04669161347127449,0.08855822143957737,1.0,0.04296059872331059,0.1748051948051948,0.157607307946291,-0.025797930882676644,-0.00011226062073519701,0.24738498789346247,0.1970151882016289,-0.028769535549196566,0.0025797930882676644,0.08259520140876073,-0.08274268104776579,0.1024125027514858,0.04049526744441999,-0.026264582874752366,0.12398855381906229,0.006535329077701959,-0.02314109619194365,0.031419766674003966,0.0787673343605547,0.054486022452124146,-0.00015628439357252916,0.10831609068897205,0.0088069557561083,0.03563504292317852,-0.22280431432973805,-0.0461699317631521,-0.11726832489544355,-0.0787211093990755,-0.05077261721329518,0.10120184899845917,0.06343605546995378,-0.026180937706361436,0.04489324235086947,0.087607307946291,0.11596081884217477,-0.10856482500550298,-0.19387189082104336,-0.031157825225621837,0.019749064494827207,-0.12406559542152762,-0.06758749724851419,0.04563064054589478,-0.06292978208232446,0.197046004842615,0.0937640325775919,-0.0351749944970284,-0.011824785384107419,0.06045784723750825,0.030658155403918117,-0.016293198327096633,0.018745322474136034,-0.06371340523882897,0.15172573189522343,-0.07416905128769535,-0.11634822804314329,0.007983711204050187,0.20582434514637904,-0.08925159586176536,-0.11962359674224081,0.17993176315210213,0.3975896984371561,0.07530706581554039,0.027274928461369138,-0.04540611930442439,-0.09303323794849219,0.043248954435395115,-0.13246092890160688,-0.006676205150781422,-0.056951353731014745,-0.08248954435395113,0.05716486902927581,0.2531278890600924,0.2188267664538851,-0.005954215276249174,0.06177856042262822,0.120066035659256,0.1922232005282853,0.11168170812238609,-0.06327536869909751,-0.12947611710323575,-0.23963240149680828,0.0537244111820383,-0.1039093110279551,0.04240810037420207,-0.22168170812238608,0.04106317411402157,-0.17285274047985913,-0.0338102575390711,-0.10861104996698218,-0.03591019150341184,-0.11330618534008365,-0.06145058331499009,-0.05228263262161567,-0.14491965661457187,-0.007873651771956857,-0.12094651111600264,-0.08619194364957077,0.013048646268985251,-0.017554479418886198,-0.023759630200308166,-0.1642989214175655,-0.04677525863966542,-0.13656394453004622,-0.03384767774598283
#49,0.4756174334140436,-0.19873211534228483,0.13848117983711203,0.2194453004622496,0.0776271186440678,0.04955535989434295,0.04296059872331059,1.0,0.009476117103235747,0.16209112920977328,0.3307880255337882,0.02107638124587277,0.15344926260180497,0.15237728373321593,-0.056759850319172356,0.044882236407660134,0.24526304204270305,0.0006559542152762491,0.07772176975566807,-0.09660356592559982,-0.025445740699977987,0.15443979749064496,0.0949240589918556,0.03467972705260841,0.185379705040722,0.1659013867488444,-0.17321593660576712,-0.19147479639005063,0.1760180497468633,0.10354611490204711,-0.12764913053048646,-0.16124807395993837,-0.17798371120405018,-0.2206779661016949,0.1567224301122606,-0.05155183799251596,-0.1668677085626238,-0.07299141536429672,0.10070878274268105,0.023006823684789787,0.174653312788906,-0.019315430332379487,-0.06906009244992296,-0.14089368258859783,-0.31938146599163547,-0.1717213295179397,-0.24865947611710323,-0.3401012546775259,-0.13405018710103456,-0.3109156944750165,-0.2892670041822584,-0.1319722650231125,-0.23751045564604886,0.0886220559101915,0.08221879815100154,0.31215936605767114,-0.1464208672683249,0.03215276249174554,-0.3912128549416685,-0.23999559762271627,-0.02397314549856923,-0.09740039621395553,-0.02848117983711204,0.047277129650011004,0.12905348888399737,-0.10832709663218137,-0.06909090909090909,-0.058082764692934184,0.1649042482940788,-0.018003521901826986,0.25285053929121726,0.3746665199207572,0.2736451683909311,0.27590799031477,0.15571208452564383,0.1621549636803874,0.0537178076161127,-0.03444640105657055,0.14470834250495268,0.2244287915474356,0.14850099053488883,0.047745982830728596,0.12302663438256659,0.17925379705040723,-0.026533127889060093,0.1661303103675985,-0.05764472815320273,0.01427690953114682,-0.0623860884877834,-0.05961259079903148,-0.1773497688751926,-0.15450363196125907,-0.2857693154303324,-0.10260840854061193,-0.4372088928021131,0.13532467532467532,0.055784723750825445,-0.0007968302883557121,-0.10312348668280871,-0.12974025974025974,-0.1681620074840414,0.047919876733436055,0.032179176755447944,0.08501430772617213,-0.19059652212194586,-0.0710015408320493,-0.2822958397534669,-0.019821703720008806,-0.025318071758749724,-0.24321373541712524,-0.1858595641646489
#50,0.15400836451683908,0.16558661677305744,-0.10044684129429893,-0.017926480299361655,0.08822143957737177,0.10961919436495708,0.1748051948051948,0.009476117103235747,1.0,0.020275148580233326,-0.0838630860664759,0.2654853620955316,0.23025974025974025,0.2860796830288356,0.0848646268985252,-0.07786924939467313,0.07174994497028395,-0.16194805194805195,0.2263680387409201,0.017292537970504073,0.04962359674224081,0.07088267664538851,0.05769535549196566,0.020944309927360776,0.18320933303984152,0.15682588597842836,0.05208232445520581,-0.012597402597402597,-0.008203830068236847,0.059249394673123484,-0.20940567906669602,-0.1642328857583095,-0.19382566585956418,-0.08097292537970505,-0.0488201628879595,-0.05843495487563284,0.04272507153863086,0.019848117983711205,-0.1690843055249835,0.03906889720449042,-0.0022276029055690073,-0.027563284173453665,0.12037200088047546,-0.05047325555800132,0.11193704600484261,0.014411182038300682,-0.09873871890821044,-0.06749944970283954,-0.08535108958837773,-0.10298261060972926,0.13392471934844816,0.048666079683028836,-0.09852520360994937,-0.08557340964120626,-0.07904688531807176,-0.010455646048866387,-0.16549416685009904,-0.1515760510675765,0.10213515298261061,0.0014703940127668942,-0.07838872991415365,0.05227823024433194,0.042835130970724195,0.11581994276909531,-0.1146070878274268,-0.00917015188201629,0.32191723530706584,0.17303764032577593,0.21712304644508035,0.1127823024433194,-0.017838432753686993,-0.10024653312788906,-0.00034778780541492405,-0.14779220779220778,-0.15005062733876293,-0.17103015628439358,-0.04808936825885978,-0.24344926260180497,0.1713713405238829,0.15577151661897426,0.3538432753686991,-0.025331278890600925,0.09869249394673124,0.1248316090688972,0.1599867928681488,0.04048426150121066,-0.023414043583535108,0.10415144177856042,0.12723090468853182,0.009399075500770416,0.37675324675324673,-0.10461589258199427,-0.004851419766674004,-0.04075500770416025,0.07866607968302884,-0.2076139115122166,0.0075720889280211316,-0.03544353951133612,0.025967422408100373,-0.12858683689192163,-0.11592119744662117,-0.08961038961038961,-0.1609156944750165,-0.017937486242570987,-0.05682808716707022,-0.20222760290556901,-0.09195465551397755,-0.16983931322914375,-0.040594320933303986,-0.04210873871890821,0.06280651551837993
#51,0.5162491745542593,0.3309487123046445,0.7513031036759851,0.6861677305745102,0.08921637684349548,0.12531807175874973,0.157607307946291,0.16209112920977328,0.020275148580233326,1.0,0.4165991635483161,-0.02309707241910632,0.23279110719788687,0.1532555580013207,-0.029830508474576273,-0.1743165309267004,0.6634206471494607,0.6206999779881136,-0.06992956196346027,-0.36239489324235086,-0.22412282632621616,-0.14957517059211975,0.26648250055029715,0.17645828747523662,0.11929121725731895,-0.14134712744882236,0.14006383447061413,0.0162491745542593,0.3268302883557121,0.12470834250495268,0.3672044904248294,0.28352630420427033,0.37442879154743564,-0.11128769535549196,-0.12322474136033458,-0.1302509355051728,-0.3760092449922958,-0.3364538850979529,-0.1211005943209333,-0.48498789346246973,0.01809817301342725,-0.21531587057010787,-0.5043033237948492,-0.08111600264142638,-0.0563680387409201,-0.032707462029495926,-0.3107902267224301,-0.22322033898305085,0.046546335020911295,0.02730134272507154,0.22757208892802114,0.3414153642967202,0.18480299361655295,0.30978868589038083,0.23815760510675765,-0.06668060752806515,-0.14300902487343164,-0.5186748844375964,0.07097292537970504,0.117343165309267,-0.21610609729253796,0.059995597622716265,-0.3985274047985912,-0.3093550517279331,0.5102245212414704,-0.10982170372000881,-0.2110345586616773,-0.006176535329077702,-0.06811798371120405,-0.44567906669601587,0.45178076161127007,0.07151441778560423,-0.3645498569227383,-0.11865947611710323,-0.44021571648690294,-0.3721021351529826,-0.3119854721549637,-0.25749724851419764,0.2785890380805635,0.14692493946731236,-0.03993616552938587,-0.29707021791767557,0.1647259520140876,-0.10097952894563064,-0.3117147259520141,-0.0512326656394453,0.36131410961919436,-0.06055469953775038,-0.3167906669601585,-0.29209993396434075,-0.1508122386088488,0.02526304204270306,0.13322033898305086,0.3064406779661017,-0.011655293858683689,0.5884569667620515,0.005654853620955316,0.32403037640325777,0.48397754787585295,0.12729473915914594,0.25678626458287473,0.45176975566806077,0.08455646048866387,0.4212128549416685,0.34690072639225183,0.31796610169491524,0.0449372661237068,-0.2743957737178076,-0.15377283733215938,0.14573189522342064,0.15764472815320274
#52,0.40004842615012104,0.25357693154303323,0.3100044023772837,0.3510785824345146,-0.045524983491085184,-0.14839973585736296,-0.025797930882676644,0.3307880255337882,-0.0838630860664759,0.4165991635483161,1.0,-0.07722870349988994,0.11240149680827646,0.19172353070658155,0.09418005723090468,0.2246995377503852,0.4072595201408761,0.4473695795729694,0.2535417125247634,-0.0438102575390711,-0.15995157384987893,0.23099713845476558,0.3015298261060973,0.3254985692273828,0.26643847677745985,0.1940193704600484,-0.1858001320713185,-0.07598283072859344,0.3503235747303544,0.07752586396654193,0.0047369579572969405,0.013009024873431653,0.020420427030596523,-0.18079242791107197,0.05415364296720229,-0.1510345586616773,-0.25646268985252035,-0.10073739819502531,-0.05789786484701739,-0.14656174334140437,0.050774818401937045,-0.11028175214615893,-0.13758309487123047,0.03489324235086947,-0.25623816861105,-0.08908210433634163,-0.5243143297380586,-0.4408782742681048,-0.28127448822364076,-0.160297160466652,-0.015687871450583316,0.20436935945410523,0.1307373981950253,0.4841646489104116,0.18456746643187322,0.23512656834690732,-0.17382566585956416,-0.1507175874972485,-0.3663812458727713,-0.13170372000880476,-0.3716596962359674,-0.12780321373541711,-0.3097050407219899,-0.14042482940788026,0.38867708562623815,-0.06209993396434074,-0.01744441998679287,-0.03726832489544354,0.2732291437376183,-0.14989874532247413,0.39737838432753686,0.23358133392031696,-0.20107197886858905,-0.05813119084305525,-0.18638344706141316,-0.20214395773717808,-0.1890909090909091,-0.22142857142857142,0.2416420867268325,0.31138014527845037,-0.1381267884657715,-0.09664979088707902,0.024825005502971606,-0.015414924058991855,-0.33141976667400397,-0.04179396874312129,0.007772397094430993,-0.11078142196786264,-0.2625511776359234,-0.27609949372661236,-0.2214439797490645,-0.06023992956196346,-0.14692934184459608,0.06293198327096632,-0.05505833149900947,0.40777679947171475,0.2967510455646049,0.24055910191503413,0.1195575610829848,-0.1567774598283073,0.0014329738058551618,0.26790006603565925,0.01637904468412943,0.3595729694034779,-0.03583535108958838,-0.015597622716266784,-0.2461699317631521,-0.3913713405238829,-0.18507153863086068,-0.22845696676205152,-0.163152102135153
#53,0.019641206251375744,-0.12284613691393352,-0.1201188641866608,-0.07036759850319173,0.43447281532027293,0.41755668060752804,-0.00011226062073519701,0.02107638124587277,0.2654853620955316,-0.02309707241910632,-0.07722870349988994,1.0,0.34891481399955976,0.3866409861325116,0.014721549636803874,-0.4176579352850539,-0.0588135593220339,-0.18038740920096852,-0.035454545454545454,0.034655513977547875,0.03355712084525644,-0.24366277790006605,0.05859784283513097,-0.1955315870570108,-0.06140435835351089,-0.05513097072419106,0.03538630860664759,0.01765573409641206,0.08835351089588378,-0.026990975126568346,-0.05233546114902047,-0.16955976227162667,-0.14735417125247632,-0.03264142637023993,-0.25927801012546775,0.18610169491525425,0.3301342725071539,-0.03577371780761611,-0.1994651111600264,-0.208399735857363,-0.062300242130750604,0.20407660136473696,0.20007704160246534,0.23015408320493067,0.00576931543033238,-0.05623376623376623,-0.009042482940788025,0.12755888179616992,0.05545014307726172,-0.12088047545674664,0.01596522121945851,0.11684349548756329,-0.11156064274708342,-0.17007704160246534,-0.30790666960158486,-0.28813339203169713,0.09584415584415584,-0.09000880475456746,-0.105313669381466,-0.09213295179396874,0.25794629099713845,0.12171032357473036,0.2540523882896764,0.0997952894563064,-0.23330838652872551,0.12311908430552498,0.16905348888399735,0.011223860884877835,-0.0511336121505613,0.049925159586176535,-0.1791701518820163,-0.06869689632401497,0.16543033237948493,-0.04338983050847458,0.137442218798151,0.23166409861325116,0.189801893022232,-0.024761171032357473,0.20460928901606867,0.016823684789786485,0.29093990755007704,0.46612810917895664,0.23843935725291657,0.41645168390931103,0.504785384107418,0.15227162667840635,-0.002423508694695135,0.27040721989874533,0.028782742681047767,0.3852850539291217,0.35167290336781865,0.11961479198767334,0.11440898084965881,-0.06214175654853621,-0.002280431432973806,-0.07673563724411182,-0.2200132071318512,0.06552498349108518,0.021281091789566366,0.07390490865067137,-0.14778120184899846,0.052487343165309265,-0.06900726392251816,-0.23974025974025975,-0.13315430332379485,-0.20765133171912833,-0.1493814659916355,0.07447501650891482,0.05868368919216377,-0.07355491965661458,0.08916354831609069
#54,0.22049746863306185,0.07314109619194364,0.04294078802553379,0.03240810037420207,0.4092295839753467,0.43190843055249833,0.24738498789346247,0.15344926260180497,0.23025974025974025,0.23279110719788687,0.11240149680827646,0.34891481399955976,1.0,0.23381245872771297,-0.04943869689632401,-0.2884437596302003,0.1460444640105657,0.013986352630420426,0.05656834690732996,-0.10617873651771957,-0.14619854721549636,-0.15154523442659035,0.03755227823024433,0.030931102795509577,0.06156064274708342,0.07961259079903148,-0.0199537750385208,-0.10449042482940787,0.4779418886198547,0.12163548316090689,0.17355712084525643,-0.0007902267224301123,0.10669161347127448,-0.03225181598062954,-0.08802993616552938,0.04800352190182699,0.154554259300022,-0.05719568567026194,-0.07885758309487123,-0.17774818401937045,0.17445520581113802,-0.04698657274928461,0.049678626458287474,-0.03811138014527845,-0.16187101034558662,-0.072788906009245,-0.19416464891041163,-0.11963900506273388,-0.09499889940567907,-0.033178516398855384,0.05976887519260401,0.0037706361435174995,0.05334800792427911,-0.07086946951353731,-0.19725952014087608,-0.08669601584855822,-0.13584415584415585,-0.14581333920316972,-0.09706581554039181,0.05321153422848338,-0.00865727492846137,-0.10914153642967202,0.20974246092890161,0.14554039181157824,-0.2297094430992736,-0.07370019810697777,0.17008364516839092,0.09687211093990755,0.04961259079903148,0.09736737838432753,0.015793528505392913,-0.07709002861545235,0.07295399515738499,-0.2766651992075721,-0.09478098173013427,-0.04816420867268325,-0.11441338322694256,-0.10411842394893242,0.48863966541932646,0.22091569447501652,0.29413383226942547,0.3046995377503852,0.6959674224081004,0.5194739159145939,0.25557120845256437,0.15066916134712746,-0.07466872110939908,0.013314990094651112,-0.058703499889940565,0.0872375082544574,0.15944970283953336,0.058529605987233106,-0.05549636803874092,-0.1465067136253577,-0.2577305745102355,0.11830728593440458,-0.04137354171252476,0.045197006383447064,-0.03650011005943209,-0.06389830508474577,-0.19276029055690072,0.28496808276469293,-0.22972705260840853,-0.048655073739819504,-0.07598062953995158,-0.00012546775258639664,0.025403918115782523,-0.16472154963680388,0.24561523222540171,-0.0874686330618534,-0.009278010125467752
#58,0.21037200088047545,0.14969403477878054,0.0704556460488664,0.15278670482060314,0.20435835351089587,0.12163768434954876,0.1970151882016289,0.15237728373321593,0.2860796830288356,0.1532555580013207,0.19172353070658155,0.3866409861325116,0.23381245872771297,1.0,0.03051948051948052,-0.3287079022672243,0.03176315210213515,-0.09966982170372,0.06250935505172793,-0.027792207792207792,-0.028228043143297382,-0.15518600044023773,0.13885097952894562,-0.009914153642967202,0.24552938586836892,0.0576139115122166,0.04690732995817742,0.1196169931763152,0.11196786264582875,-0.046759850319172354,-0.23141976667400396,0.03102575390710984,-0.16598943429451904,0.23218578032137355,-0.15085406119304423,0.058208232445520584,0.16547435615232226,-0.07943869689632402,-0.08649790887079023,-0.08047105436935946,-0.14337662337662338,0.050821043363416245,-0.00696896324014968,0.19397094430992737,0.016616773057451024,0.06555580013207132,-0.009205370900286154,0.09226502311248073,-0.040290556900726394,-0.112227602905569,0.12415804534448602,0.03418666079683029,-0.10933303984151442,-0.08042482940788026,-0.23564164648910413,-0.06702839533348008,-0.030319172353070658,-0.058432753686990975,-0.05193264362755888,-0.025078142196786266,0.13375522782302443,0.044391371340523886,0.1588003521901827,0.10871010345586617,0.04314329738058552,-0.05146158925819943,0.2812106537530266,0.2007902267224301,0.08999779881135814,0.037653532907770196,-0.022529165749504733,-0.043248954435395115,0.019859123926920536,-0.13581113801452785,-0.016927140655954215,-0.0023772837332159368,0.0074510235527184675,-0.08127008584635703,0.18818842174774378,0.11304204270305965,0.0837772397094431,0.2296434074400176,0.12283733215936606,0.1864010565705481,0.2222540171692714,0.06815320272947392,0.05165749504732556,-0.0036473695795729696,0.00410741800572309,0.010592119744662117,0.30359013867488444,-0.10843935725291658,-0.034149240589918556,-0.08701298701298701,-0.08200748404138235,-0.10700638344706141,0.11544574069997798,-0.031754347347567685,0.11106537530266344,-0.008868589038080563,-0.06238168611049967,-0.08629760070438036,0.12037420206911732,0.05869029275808937,0.07259520140876073,-0.027759189962579794,-0.06408540611930442,0.017620515078142197,-0.16999559762271627,-0.05633281972265023,0.11847897864847018
#101,-0.13996478098173012,0.013288575830948713,-0.05707241910631741,-0.16027294739159145,-0.04285053929121726,0.0021791767554479417,-0.028769535549196566,-0.056759850319172356,0.0848646268985252,-0.029830508474576273,0.09418005723090468,0.014721549636803874,-0.04943869689632401,0.03051948051948052,1.0,0.3215826546335021,-0.11072859344045785,-0.1901915034118424,0.34995157384987896,0.18533127889060091,0.6027580893682588,0.10060752806515519,0.3411996478098173,0.17782742681047767,0.05419546555139775,0.06934404578472375,-0.038366718027734975,-0.00711864406779661,-0.20120405018710102,-0.1766123706801673,-0.2598062953995157,-0.1295641646489104,-0.30065595421527624,0.051263482280431434,-0.11088707902267224,0.025445740699977987,-0.06154303323794849,-0.02856042262821924,-0.12781862205591019,-0.03005062733876293,-0.08663878494386969,0.009031476997578693,-0.14651111600264144,0.2063944530046225,0.016266784063394234,0.10439797490644949,-0.1309751265683469,-0.11031256878714506,-0.2985450143077262,-0.10183579132731675,0.04902487343165309,0.03314329738058552,0.2185824345146379,0.058265463350209115,0.049854721549636806,-0.28602245212414706,0.0025930002201188644,0.08091569447501651,-0.15579793088267666,-0.14966101694915254,-0.05222760290556901,-0.20236407660136474,0.11499889940567906,0.008113581333920317,-0.12211974466211754,-0.012562183579132732,0.07497468633061853,0.04526304204270306,0.37607307946290996,0.1885494166850099,-0.07972705260840854,0.047569887739379264,-0.11103896103896103,-0.20971384547655733,-0.012630420427030596,-0.29971384547655733,-0.20015848558221438,-0.21225841954655514,0.2287739379264803,0.03445080343385428,0.08206691613471274,0.11228043143297381,0.005289456306405459,-0.11977327756988775,-0.028296279991195245,-0.2904094210873872,-0.3078318291877614,-0.02551617873651772,-0.03401716927140656,-0.02706141316310808,0.08681708122386088,-0.3776491305304865,-0.16668721109399076,-0.2859167950693374,-0.22521901826986573,-0.013235747303543913,-0.017807616112700857,-0.3145740699977988,-0.12426810477657935,-0.4393132291437376,-0.174884437596302,-0.3215364296720229,0.12349548756328417,-0.1336715826546335,-0.025018710103455865,-0.2809971384547656,-0.12659696235967421,-0.15700198106977767,-0.2874994497028395,-0.3656548536209553,-0.172095531587057
#102,0.01930442438917015,0.01718247853841074,-0.03695575610829848,-0.1939555359894343,-0.2970658155403918,-0.35297160466651994,0.0025797930882676644,0.044882236407660134,-0.07786924939467313,-0.1743165309267004,0.2246995377503852,-0.4176579352850539,-0.2884437596302003,-0.3287079022672243,0.3215826546335021,1.0,0.002927580893682589,0.029238388729914154,0.4745190402817521,0.38432093330398415,0.12132291437376183,0.7077019590578912,0.007310147479639005,0.2933303984151442,-0.015745102355271847,0.4431388950033018,-0.27729473915914593,-0.16917895663658375,-0.09370239929561963,0.04222980409421087,-0.06673563724411181,-0.36134272507153864,-0.19282632621615672,-0.1120559101915034,0.0662623816861105,-0.022126348228043144,-0.07557120845256439,0.2612942989214176,0.015355491965661458,0.3905370900286155,0.0838300682368479,0.03664979088707902,0.07340303764032578,-0.11976447281532027,-0.1814836011446181,-0.10868589038080563,-0.37034338542813117,-0.4687893462469734,-0.397607307946291,-0.29182038300682367,-0.24644287915474355,-0.13951133612150562,-0.0926634382566586,0.3059454105216817,0.0850363196125908,0.2606537530266344,-0.2251353731014748,0.27439797490644946,-0.35865507373981953,-0.25146158925819945,-0.34690953114681927,-0.2616729033678186,-0.08225621835791327,0.2712987012987013,0.10331058771736738,0.057442218798151,0.02765793528505393,-0.006711424169051287,0.4905591019150341,0.3547281532027295,0.21753907109839313,0.33937046004842614,0.138498789346247,0.09689412282632621,0.14503852080123267,-0.024032577591899626,-0.1375280651551838,-0.13186000440237727,-0.0020360994937266125,0.3928813559322034,-0.051723530706581554,-0.20043803653973147,-0.2216068677085626,-0.2568060752806515,-0.16235527184679727,-0.2659454105216817,-0.47269205370900286,-0.14798151001540832,0.12550737398195025,-0.232887959498129,-0.23175874972485142,-0.3879440898084966,-0.3977635923398635,-0.2759850319172353,-0.210528285274048,-0.06121725731895224,0.32214615892581994,-0.0912656834690733,-0.3264736957957297,-0.33472375082544575,-0.07283733215936605,-0.19981289896544133,-0.22073299581774158,0.022364076601364736,-0.08959938366718027,-0.1413581333920317,-0.16669821703720009,-0.2376931543033238,-0.18000220118864188,-0.4121351529826106,-0.40119524543253354
#201,0.5368082764692934,-0.009731454985692273,0.6750099053488884,0.5830464450803434,-0.021430772617213295,0.087343165309267,0.08259520140876073,0.24526304204270305,0.07174994497028395,0.6634206471494607,0.4072595201408761,-0.0588135593220339,0.1460444640105657,0.03176315210213515,-0.11072859344045785,0.002927580893682589,1.0,0.6989346246973366,0.09224521241470394,-0.32685670261941446,-0.35529826106097295,0.017462029495927803,0.29248294078802556,0.1269623596742241,0.08922518159806296,-0.060002201188641864,-0.09898305084745762,-0.008677085626238168,0.32076161127008584,0.057646929341844594,0.2436847897864847,0.15334580673563725,0.32644948272066915,-0.3057869249394673,-0.054917455425930004,-0.14095311468192825,-0.3956746643187321,-0.3739291217257319,-0.20236847897864846,-0.3499889940567907,0.15043803653973145,-0.27476777459828305,-0.319801893022232,-0.21424169051287695,-0.09308166409861325,0.014937266123706801,-0.42017609509134934,-0.303728813559322,0.04732115342284834,-0.015434734756768655,0.27151221659696234,0.2856570548095972,0.10067136253576932,0.3499449702839533,0.2618071758749725,0.16445740699977987,-0.29225621835791327,-0.5205282852740479,0.05209553158705701,-0.01164869029275809,-0.28211314109619196,-0.010964120625137574,-0.38776799471714724,-0.2357076821483601,0.5734228483381025,0.031206251375742903,-0.0936583755227823,0.052544574069997796,0.0895245432533568,-0.2943055249834911,0.6651353731014747,0.41867048206031254,-0.25145278450363195,0.08810917895663659,-0.46039841514417784,-0.30355712084525643,-0.27779000660356595,-0.26433414043583536,0.2879903147699758,0.27982390490865067,-0.13807836231565046,-0.3559982390490865,0.11175434734756769,-0.19279991195245433,-0.30977107638124585,-0.1127955095751706,0.25591679506933745,0.1011666299801893,-0.1827933083865287,-0.3840083645168391,-0.16939247193484483,-0.020565705480959717,0.02803433854281312,0.2999757869249395,0.002993616552938587,0.6115716486902928,0.16831609068897205,0.41788245652652434,0.39699537750385205,0.276550737398195,0.3690380805635043,0.5888906009244992,0.10776139115122166,0.4939005062733876,0.18359454105216816,0.2937112040501871,0.152524763372221,-0.28777459828307284,-0.24428791547435616,0.11692714065595422,0.0722342064714946
