,#10,#11,#12,#13,#17,#18,#26,#49,#50,#51,#52,#53,#54,#58,#101,#102,#201,#202,#301,#302,#401,#402,#501,#502,#601,#602,#701,#702,#801,#802,#901,#902,#1001,#1002,#1101,#1102,#1201,#1202,#1301,#1302,#1401,#1402,#1501,#1502,#1601,#1602,#1701,#1702,#1801,#1802,#1901,#1902,#2001,#2002,#2101,#2102,#2201,#2202,#2301,#2302,#2401,#2402,#2501,#2502,#2601,#2602,#2701,#2702,#2801,#2802,#2901,#2902,#3001,#3002,#3101,#3102,#3201,#3202,#3301,#3302,#3401,#3402,#3455,#3501,#3502,#3601,#3602,#3701,#3702,#3801,#3802,#3901,#3902,#4001,#4002,#4101,#4102,#4201,#4202,#4301,#4302,#4401,#4402,#4501,#4502,#4601,#4602,#4701,#4702,#4801,#4802
#10,1.0,0.45912172573189525,0.042749284613691395,0.32898965441338324,0.38824345146379047,-0.005758309487123046,0.4239489324235087,0.801963460268545,0.517622716266784,0.574058991855602,0.6505172793308387,0.4764010565705481,0.3832247413603346,0.46125027514858025,-0.20346687211093992,-0.31712965001100596,0.142359674224081,-0.3367774598283073,0.04786044464010566,0.020070438036539733,0.15035879374862426,-0.0684899845916795,-0.18671582654633503,-0.3839335241030156,-0.1495729694034779,-0.39437376183138895,-0.16840193704600484,-0.2229341844596082,-0.09479639005062734,-0.01956416464891041,-0.2190314769975787,-0.05236407660136474,-0.3898877393792648,-0.39783843275368697,0.19298040942108738,0.0011248073959938367,-0.20748404138234647,-0.263977547875853,-0.3258969843715606,-0.3696632181377944,0.08134932863746423,0.11194364957076822,0.08133612150561303,0.06528285274047986,-0.16163768434954875,-0.1885626238168611,-0.37723970944309926,-0.4010015408320493,-0.19123706801672904,-0.3593858683689192,-0.33287034998899406,-0.4330376403257759,-0.43472815320272945,-0.3539423288575831,0.05088267664538851,-0.39137354171252475,-0.007616112700858464,-0.40185780321373543,-0.37900726392251816,-0.45742681047765793,0.18278670482060314,0.018771736737838433,0.05978428351309707,-0.10707682148360115,-0.01561963460268545,-0.18186220559101915,0.1683182918776139,0.272722870349989,0.02726172132951794,-0.25120625137574293,0.008027734976887519,0.12713845476557342,0.1743715606427471,0.09993176315210213,0.20267884657715166,0.10523662777900065,-0.06825225621835791,-0.0886880915694475,0.10569227382786704,-0.38362755888179617,-0.10749944970283953,-0.09221659696235968,-0.254175654853621,0.43779000660356593,0.17826986572749284,0.46686770856262383,0.2282852740479859,-0.23937486242570988,0.0965727492846137,0.2020691173233546,-0.006649790887079022,0.07646929341844597,0.001963460268545014,0.028159806295399516,0.062311248073959935,-0.14256658595641647,-0.39552498349108517,-0.2001122606207352,-0.31760950913493285,-0.3078318291877614,-0.4115958617653533,-0.0599471714725952,-0.21016729033678186,-0.30072639225181597,-0.3542130750605327,-0.2975434734756769,-0.34817521461589257,-0.08552058111380145,-0.060488663878494386,0.03327977107638125,0.04182258419546555
#11,0.45912172573189525,1.0,0.37442879154743564,0.39913713405238826,0.0535923398635263,0.1668963240149681,0.36380145278450365,0.43128769535549194,0.510462249614792,0.6209487123046445,0.5589038080563504,0.4201078582434515,0.4469205370900286,0.4988597842835131,-0.30482940788025537,-0.31729473915914597,0.27383226942548977,-0.2010345586616773,-0.09323574730354392,0.03677085626238168,-0.184686330618534,0.08303764032577592,-0.27679947171472596,-0.43250055029716045,-0.1260642747083425,-0.08233766233766233,0.10114902047105437,0.08675544794188862,-0.11881576051067576,-0.12646268985252035,-0.2242923178516399,0.02861765353290777,-0.22565265243231344,-0.08788245652652432,-0.07935285053929121,-0.028104776579352852,-0.2548712304644508,-0.19437376183138896,-0.24567906669601586,-0.2705524983491085,-0.14130970724191064,-0.1583579132731675,0.08686550737398195,-0.04202509355051728,-0.1440083645168391,-0.25045784723750825,-0.007552278230244332,-0.04448162007484041,-0.07164869029275808,-0.03798371120405019,-0.13684349548756328,-0.14300462249614793,-0.018496588157605107,0.13251595861765353,-0.08087607307946292,-0.028745322474136033,-0.1531256878714506,-0.1227096632181378,-0.2904996698217037,-0.29717587497248515,0.05349108518600044,-0.07721329517939687,0.09140435835351089,-0.19975346687211093,0.12917895663658374,-0.11159586176535329,0.1911666299801893,0.23659255998239048,0.004532247413603346,-0.09258199427690954,0.05204710543693594,0.2370085846357033,0.18161787365177195,-0.07527184679727053,-0.06112260620735197,0.004919656614571869,-0.040847457627118645,-0.07843935725291658,0.11212854941668501,-0.39814219678626456,0.12333700198106978,0.16990314769975787,-0.007087827426810477,0.21688972044904248,0.273911512216597,0.27609509134932864,0.023273167510455647,-0.1646665199207572,-0.008503191723530706,0.14807395993836672,0.1326766453885098,0.0611798371120405,0.008069557561082985,-0.16616552938586837,-0.1564472815320273,0.0689258199427691,-0.20537750385208012,0.027424609289016067,0.035914593880695574,0.062029495927801014,-0.11601364736957957,0.05662557781201849,-0.24600924499229584,-0.09386308606647589,-0.046018049746863306,-0.056927140655954216,-0.062454325335681266,-0.08592119744662118,0.10624477217697556,-0.1051617873651772,-0.08515738498789346
#12,0.042749284613691395,0.37442879154743564,1.0,0.29713845476557343,-0.13152762491745543,0.3328351309707242,0.09813559322033898,-0.027574290116662997,0.06397314549856922,0.2197622716266784,0.15422408100374202,0.15766233766233767,0.2942923178516399,0.1952542372881356,0.06429672022892362,0.0687805414924059,0.36856482500550297,0.3603697996918336,0.02613251155624037,0.18033017829627998,-0.0887079022672243,0.18768875192604006,0.05578252256218358,-0.09823024433193925,-0.00037640325775918995,0.1748448162007484,0.2907792207792208,0.28144618093770635,-0.046299801893022234,-0.14915694475016508,-0.05721769755668061,0.22452564384767776,0.16519260400616334,0.21698877393792648,-0.13220559101915033,-0.13802113141096192,-0.115115562403698,-0.07543473475676865,-0.1518864186660797,-0.10591679506933745,0.008236847897864847,-0.0760840854061193,-0.25451463790446843,-0.06855381906229364,-0.18865947611710324,-0.28049746863306185,0.2041338322694255,0.2310675764913053,-0.014677525863966543,0.017473035439137134,-0.10456086286594761,0.19941668500990534,-0.026876513317191285,0.30088707902267225,-0.3193374422187982,0.1915430332379485,-0.39173893902707463,-0.20609949372661238,-0.1877922077922078,-0.16695795729694035,-0.24940567906669603,-0.09224521241470394,-0.018456966762051507,-0.084851419766674,0.3097578692493947,0.03131410961919436,0.06891041162227603,0.09843935725291658,0.349438696896324,0.1296169931763152,0.44118203830068237,0.38359454105216817,0.13486022452124147,-0.11964340744001761,-0.003900506273387629,-0.12318291877613911,0.07760510675764913,-0.028296279991195245,0.27928461369139335,0.04904908650671363,0.05853400836451684,0.09416905128769536,0.0024323134492626017,0.011664098613251156,0.17479639005062733,-0.12840854061193044,-0.2280739599383667,0.1563020030816641,-0.062722870349989,0.061626678406339425,-0.0057076821483601145,-0.12765793528505393,-0.18628659476117104,-0.30170812238608846,-0.28368699097512656,0.3275280651551838,0.1436253576931543,0.39942108738718907,0.49320052828527405,0.3300022011886419,0.30290336781862204,0.29312788906009246,-0.06035659255998239,0.2809597182478538,0.3899603786044464,0.26462469733656174,0.23828747523662777,-0.0550231124807396,0.16320272947391593,-0.300198106977768,-0.3044067796610169
#13,0.32898965441338324,0.39913713405238826,0.29713845476557343,1.0,0.025518379925159585,0.29999119524543255,0.3441162227602906,0.207079022672243,0.15898965441338322,0.5189874532247414,0.37072859344045783,0.33237728373321596,0.4204490424829408,0.192689852520361,-0.244158045344486,-0.24756328417345366,0.2532709663218138,0.013178516398855382,-0.04683028835571208,0.03269865727492846,-0.04728593440457847,0.25857142857142856,-0.10637904468412943,-0.10309487123046446,-0.10288795949812898,-0.09838872991415365,0.18490204710543692,0.06749724851419767,0.14771516618974245,0.11594541052168171,0.06699757869249395,0.12453664979088708,-0.09409200968523003,-0.015241030156284394,0.12484261501210654,-0.042289236187541275,-0.08807395993836672,-0.02105657054809597,-0.2179903147699758,-0.12350429231785164,-0.023299581774158046,-0.06430112260620735,0.01392692053709003,0.26637244111820385,0.02840413823464671,0.092755888179617,0.011523222540171693,-0.1042460928901607,-0.008853180717587497,0.04584635703279771,-0.03160686770856262,-0.030891481399955976,-0.02082544574069998,0.07704820603125688,-0.21040721989874533,-0.09420867268324895,-0.03955976227162668,-0.1728329297820823,-0.029432093330398416,0.06710103455866168,-0.19546335020911293,-0.2059057891261281,-0.03557340964120625,-0.2348646268985252,0.22545674664318732,-0.14399735857362975,0.07450803433854282,0.07047765793528506,-0.1845828747523663,-0.21790666960158486,-0.04761831388950033,0.1125643847677746,-0.11162447721769755,-0.046277790006603564,-0.21064494827206692,-0.19419546555139774,-0.2399471714725952,-0.3129583975346687,0.27742020691173236,-0.31599603786044467,-0.07241470394012767,0.060352190182698655,-0.10828747523662778,0.17263922518159805,0.39521241470394014,0.04920316971164429,-0.09187101034558662,-0.16116883116883116,0.146880915694475,0.33960598723310587,0.1224191063174114,0.3134602685450143,0.21677305745102354,-0.0935461149020471,-0.05626458287475237,0.09410961919436496,-0.13232445520581113,-0.05348448162007484,0.09547215496368039,-0.04865947611710324,-0.11511116002641426,0.22406119304424388,0.02012326656394453,-0.08584195465551397,-0.06198987453224741,-0.030270746202949592,-0.011034558661677307,-0.2559652212194585,-0.04942328857583095,-0.19470834250495267,-0.055124367158265464
#17,0.38824345146379047,0.0535923398635263,-0.13152762491745543,0.025518379925159585,1.0,0.1815232225401717,0.06779000660356592,0.27994276909531146,0.16946731234866827,0.17666079683028835,0.25923178516398854,0.3063306185340084,0.10673343605546995,0.3236275588817962,-0.19474356152322253,-0.25536209553158706,0.05824565265243231,0.08171692714065595,-0.16807836231565046,-0.19278450363196126,-0.15772397094430993,-0.2743583535108959,-0.11027514858023332,-0.2705480959718248,-0.05861765353290777,-0.268910411622276,-0.14204490424829408,-0.2074620294959278,0.07849878934624697,-0.0027977107638124587,0.19542152762491746,0.21553598943429453,0.030781421967862647,-0.17519480519480518,0.1997094430992736,-0.10655734096412063,-0.15384767774598282,-0.21926920537090028,-0.26628659476117106,-0.31519260400616333,0.1374356152322254,-0.1594739159145939,-0.24268104776579352,0.09655734096412062,-0.2630816640986133,-0.32457627118644067,-0.22658375522782304,-0.22400176095091348,-0.23303764032577592,-0.3133876293198327,-0.32254237288135595,-0.09575390710983932,-0.31034338542813117,-0.16179837112040502,-0.16033017829628,-0.3386836891921638,-0.24843495487563283,-0.4549812898965441,-0.20105216817081223,-0.2637178076161127,0.24286374642306846,0.2735659255998239,0.0550693374422188,0.09883557120845256,-0.07333039841514417,-0.1760576711424169,0.23645168390931104,-0.011791767554479419,0.09233325996037861,-0.3413977547875853,0.1390909090909091,-0.015093550517279331,-0.03263482280431433,-0.020851860004402378,-0.05509355051727933,0.00017829627999119526,-0.059328637464230685,-0.02783843275368699,-0.1974686330618534,-0.22782962799911952,-0.11034338542813119,-0.0803037640325776,0.1380101254677526,0.4315430332379485,0.14264142637023994,0.4161259079903148,0.2476535329077702,0.008159806295399516,0.06336561743341404,0.122524763372221,0.053411842394893244,0.10066916134712744,-0.11953775038520802,0.1414307726172133,0.07301342725071538,0.08601584855822143,-0.32031917235307067,0.03780541492405899,-0.07928241250275149,0.05773057451023553,-0.05053268765133172,0.16482940788025532,0.2466057671142417,0.08497908870790227,-0.06092890160686771,0.05300682368478979,-0.07339203169711644,0.1868038740920097,0.006374642306845697,0.22189302223200527,0.2539203169711644
#18,-0.005758309487123046,0.1668963240149681,0.3328351309707242,0.29999119524543255,0.1815232225401717,1.0,0.02395333480079243,-0.17677525863966542,-0.0678120184899846,0.12579793088267666,0.08725291657495048,0.33105657054809595,0.27814219678626456,0.27307506053268765,-0.1647985912392692,-0.14031036759850318,0.11320052828527405,0.3399031476997579,-0.04040281752146159,-0.04965881576051068,-0.25627338762931984,-0.0020867268324895444,-0.11543473475676866,-0.1061633281972265,-0.08534448602245212,0.054325335681267885,0.3101893022232005,0.3073079462909971,-0.05034558661677306,0.17852740479859125,0.14279330838652873,0.34967422408100374,0.20273387629319833,0.017798811358133392,0.0523398635263042,0.03068897204490425,-0.16416464891041163,-0.10568126788465772,-0.2889500330178296,-0.21511996478098172,-0.040521681708122384,-0.2286550737398195,-0.1978912612810918,-0.06587497248514197,-0.21968743121285494,-0.3617433414043584,0.1613779440898085,0.2915496368038741,-0.0033149900946511115,0.2123200528285274,0.10408100374202069,0.34965881576051067,-0.10418005723090469,0.2654369359454105,-0.5153731014747964,0.034774378164208676,-0.5288509795289457,-0.25059652212194583,-0.32806075280651553,-0.1923728813559322,-0.04553378824565265,-0.04579793088267665,0.21910631741140216,-0.004012766894122826,0.3176645388509795,-0.17245652652432314,0.3057627118644068,0.11803433854281312,0.2676469293418446,-0.15431873211534228,0.39634602685450143,0.1802179176755448,0.0014858023332599605,0.1148382126348228,0.015670261941448382,0.054089808496588156,0.0875544794188862,0.03275808936825886,0.026077481840193706,-0.20220559101915034,-0.046984371560642745,0.2601386748844376,-0.0016376843495487564,0.006773057451023553,0.25986572749284614,0.14541052168170812,-0.0464010565705481,0.02220118864186661,-0.012786704820603127,0.09531366938146599,0.13261941448382125,0.012192383887299141,-0.11841514417785604,-0.24663658375522782,-0.45103675985031916,0.3737442218798151,-0.009793088267664538,0.29335241030156284,0.27644948272066916,0.3090622936385648,0.3181421967862646,0.3219568567026194,0.1855425930002201,0.408333700198107,0.35228043143297383,0.3474488223640766,0.3573057451023553,0.05060092449922959,-0.24210213515298262,-0.25740039621395555,-0.2511336121505613
#26,0.4239489324235087,0.36380145278450365,0.09813559322033898,0.3441162227602906,0.06779000660356592,0.02395333480079243,1.0,0.2951177635923399,0.19624697336561744,0.5669887739379265,0.40973365617433416,0.2660862865947612,0.358250055029716,0.29302003081664096,-0.2033942328857583,-0.4189786484701739,0.2246599163548316,0.027380585516178738,-0.06147919876733436,-0.12037420206911732,-0.0030068236847897866,-0.020766013647369578,-0.11178956636583755,-0.38171692714065597,-0.1246136913933524,-0.26917455425930004,-0.03199647809817301,0.005260840854061193,0.2183909311027955,0.1781862205591019,0.11754347347567687,0.11617433414043583,-0.027607307946290998,0.005007704160246533,0.16548095971824786,0.15193484481620076,0.036130310367598506,0.04982610609729254,-0.15172573189522343,-0.09265683469073299,-0.12062293638564825,0.025949812898965443,-0.0028725511776359234,0.2513119084305525,-0.09681708122386089,-0.02905348888399736,-0.12948712304644508,-0.04832489544353951,-0.04648910411622276,-0.061994276909531146,-0.002769095311468193,-0.08800132071318512,-0.21866387849438698,-0.23207792207792208,-0.09282192383887299,-0.29637904468412946,-0.1311666299801893,-0.24051507814219678,-0.03500770416024653,-0.12119744662117543,-0.20902707462029496,-0.0798481179837112,0.19919876733436057,-0.1477591899625798,0.04701959057891261,-0.16110499669821704,0.23674003962139556,0.2696235967422408,0.1583182918776139,-0.23232665639445302,0.08360994937266124,0.04276909531146819,0.13720669161347127,0.15261501210653752,-0.1525511776359234,0.0025225621835791327,-0.23021571648690292,-0.2567356372441118,0.39678186220559103,-0.2709949372661237,0.08728153202729474,0.24598062953995156,-0.07580453444860225,0.2293352410301563,0.15504512436715825,0.02418005723090469,-0.00815760510675765,-0.14014087607307946,0.0018489984591679508,0.21758529605987234,0.04441338322694255,0.276583755227823,0.11686770856262382,-0.17132731675104557,0.003185119964780982,0.04602025093550517,-0.2306053268765133,-0.07498128989654414,-0.09644728153202729,0.15103896103896103,-0.12179837112040502,0.2374158045344486,0.09957296940347787,-0.09523002421307505,-0.12377063614351749,-0.09295179396874312,-0.05782522562183579,-0.22459167950693373,-0.09857803213735417,-0.14214395773717808,-0.04355051727933084
#49,0.801963460268545,0.43128769535549194,-0.027574290116662997,0.207079022672243,0.27994276909531146,-0.17677525863966542,0.2951177635923399,1.0,0.5937244111820383,0.49426810477657934,0.618795949812899,0.3966563944530046,0.32442659035879373,0.35548095971824784,-0.03765793528505393,-0.10831388950033018,0.01817081223860885,-0.5335108958837772,0.21019590578912614,0.14718688091569448,0.21331058771736738,0.05269865727492846,-0.16560422628219237,-0.3113317191283293,-0.06894342945190403,-0.31668060752806515,-0.1212656834690733,-0.2818445960818842,-0.18515518379925158,-0.04240810037420207,-0.4524367158265463,-0.22042042703059653,-0.5775214615892582,-0.40723530706581557,0.026640986132511556,-0.13814659916354832,-0.24977107638124588,-0.2671670702179177,-0.2982742681047766,-0.36874972485141977,0.19180717587497248,0.06762931983270966,0.03395113361215056,0.03840854061193044,-0.18714065595421528,-0.11087167070217918,-0.26926040061633283,-0.3882324455205811,-0.13337001981069777,-0.3514109619194365,-0.36137574290116664,-0.5344728153202729,-0.3632313449262602,-0.41436055469953775,0.22850099053488884,-0.3085736297600704,0.10068236847897864,-0.39132731675104554,-0.3853070658155404,-0.4825159586176535,0.20808496588157605,-0.09224301122606207,-0.1386616773057451,-0.031633281972265025,-0.08514417785604227,-0.05602685450143077,-0.07440898084965882,0.2524081003742021,-0.036614571868809155,0.015186000440237728,-0.11675985031917235,0.13621835791327316,0.2854655513977548,0.08690512876953554,0.13323354611490204,0.051263482280431434,-0.05032577591899626,-0.14052168170812238,0.11963680387409201,-0.24062293638564825,0.07402377283733216,-0.02220559101915034,-0.27466872110939905,0.3692273827867048,0.035252036099493726,0.4613339203169712,0.2059652212194585,-0.17408100374202068,0.07506493506493507,0.16334360554699537,-0.0839093110279551,-0.06234206471494607,0.009984591679506934,0.06931983270966321,0.10195905789126128,-0.3322958397534669,-0.28968743121285495,-0.3958199427690953,-0.3980409421087387,-0.40545014307726174,-0.48239489324235085,-0.30813999559762273,-0.3904138234646709,-0.4972309046885318,-0.4666387849438697,-0.42907329958177415,-0.42896764252696457,-0.1897820823244552,0.006299801893022232,0.0676205150781422,0.10497908870790226
#50,0.517622716266784,0.510462249614792,0.06397314549856922,0.15898965441338322,0.16946731234866827,-0.0678120184899846,0.19624697336561744,0.5937244111820383,1.0,0.39343165309267003,0.5880189302223201,0.34695135373101477,0.35739379264802995,0.40587057010785826,-0.25049966982170374,-0.3035439137134052,-0.014580673563724411,-0.38335241030156286,0.0339291217257319,0.05857803213735417,0.030818842174774378,0.01817741580453445,-0.20658375522782302,-0.4487673343605547,-0.16015628439357252,-0.1917587497248514,-0.10554699537750385,-0.08317411402157165,-0.10859784283513096,-0.051899625797930886,-0.3129275808936826,-0.07809156944750165,-0.3481862205591019,-0.10760950913493286,-0.016161127008584637,-0.07565265243231345,-0.1277591899625798,-0.2038432753686991,-0.14782522562183578,-0.18722209993396435,0.1645806735637244,-0.12333039841514418,0.17915474356152322,-0.05429892141756548,-0.15175434734756768,-0.21357693154303323,-0.22025753907109838,-0.21527624917455426,-0.1577701959057891,-0.2084569667620515,-0.2787607307946291,-0.38238168611049966,-0.12730134272507154,-0.11144177856042263,0.10324455205811138,-0.19347347567686551,-0.021204050187101035,-0.15888179616993175,-0.203053048646269,-0.28709663218137793,0.1537178076161127,-0.013048646268985251,-0.033189522342064716,-0.021424169051287696,0.08571648690292757,0.059528945630640547,0.01453004622496148,0.3043253356812679,-0.07215276249174554,-0.03809817301342725,-0.0990975126568347,0.24058111380145278,0.0612458727712965,0.15830948712304643,-0.025654853620955317,0.15496147919876732,-0.09887739379264802,0.011287695355491966,-0.03576711424169051,-0.2039753466872111,0.25757208892802114,0.11722209993396435,-0.008824565265243231,0.29952234206471495,0.09208892802113142,0.3518225841954655,0.2819546555139775,-0.04590138674884438,-0.047730574510235525,0.18895883777239708,0.13916354831609068,0.03307946290997139,-0.11644948272066916,-0.05591899625797931,0.14646268985252037,-0.23661457186880916,-0.33261941448382126,-0.1597094430992736,-0.22044023772837332,-0.15155183799251595,-0.26444860224521244,-0.234851419766674,-0.21756328417345366,-0.3700616332819723,-0.2293990755007704,-0.23316310807836232,-0.17243671582654632,-0.04268324895443539,0.10165969623596742,0.028311688311688312,0.1534932863746423
#51,0.574058991855602,0.6209487123046445,0.2197622716266784,0.5189874532247414,0.17666079683028835,0.12579793088267666,0.5669887739379265,0.49426810477657934,0.39343165309267003,1.0,0.6978956636583755,0.4150561303103676,0.4970856262381686,0.33103235747303544,-0.24803874092009684,-0.38248954435395116,0.18156724631300902,-0.16084745762711863,-0.008406339423288577,-0.01282192383887299,-0.16183138895003302,-0.053072859344045785,-0.3674114021571649,-0.45806075280651554,-0.1685560202509355,-0.21402597402597404,0.015381906229363857,-0.03520801232665639,0.022126348228043144,0.023733215936605767,-0.08436935945410522,0.09027734976887519,-0.10258199427690953,-0.013469073299581774,0.05300682368478979,-0.053486682808716705,-0.16255558001320713,-0.08931983270966322,-0.186880915694475,-0.26171912832929783,-0.05007043803653973,-0.07677966101694915,0.08496588157605106,0.11628439357252916,-0.03326436275588818,-0.11873871890821043,-0.054296720228923616,-0.11522342064714947,0.025254237288135594,-0.17333920316971163,-0.1886286594761171,-0.2402773497688752,-0.32540611930442437,-0.2180761611270086,-0.23043803653973147,-0.28544574069997797,-0.14419766674003962,-0.28323794849218575,-0.09284393572529166,-0.2715562403697997,-0.06594981289896544,-0.2186352630420427,0.14964560862865947,-0.11367158265463351,0.1460246533127889,-0.12074180057230904,0.17706141316310808,0.2912524763372221,0.03674224081003742,-0.19278670482060312,0.01140215716486903,0.11745322474136033,0.1022870349988994,0.011835791327316752,-0.026674003962139554,0.02484921857803214,-0.23015848558221438,-0.266040061633282,0.21726392251815982,-0.40214175654853623,0.04311248073959938,0.15220999339643407,-0.26338542813119087,0.2246599163548316,0.2529055690072639,0.24369359454105216,0.013099273607748183,-0.1084239489324235,0.062344265903587937,0.17227823024433195,0.15587277129650012,0.30198767334360554,0.21194585075941008,-0.03178956636583755,-0.03712524763372221,-0.0923992956196346,-0.27735417125247636,-0.20919216376843494,-0.18136033458067358,-0.0536715826546335,-0.29819722650231123,0.13302223200528285,-0.13415364296720228,-0.12434294519040281,-0.11561743341404358,-0.134818401937046,-0.1315298261060973,-0.2841646489104116,-0.14432753686990976,-0.089867928681488,0.007523662777900066
#52,0.6505172793308387,0.5589038080563504,0.15422408100374202,0.37072859344045783,0.25923178516398854,0.08725291657495048,0.40973365617433416,0.618795949812899,0.5880189302223201,0.6978956636583755,1.0,0.5156636583755227,0.4567356372441118,0.5609222980409421,-0.2325379705040722,-0.3208386528725512,0.04726612370680167,-0.29523882896764253,-0.07324014968082765,0.01463350209112921,-0.07982170372000881,-0.12108298481179837,-0.3265419326436276,-0.44574510235527187,-0.32999559762271624,-0.3548272066916135,0.05845256438476777,-0.07034558661677305,-0.12819062293638564,0.009720449042482942,-0.24245652652432315,-0.0006823684789786484,-0.2970856262381686,-0.15979749064494828,0.04565485362095532,0.024481620074840414,-0.2309883337001981,-0.1711996478098173,-0.22195245432533567,-0.2642857142857143,0.12023112480739599,-0.023182918776139115,0.1527602905569007,0.11171912832929783,-0.12527404798591238,-0.21840413823464672,-0.15248734316530926,-0.20535329077701958,0.013968743121285494,-0.16962579793088267,-0.3126502311248074,-0.35591019150341185,-0.3872573189522342,-0.2600484261501211,-0.14469733656174333,-0.3830068236847898,-0.00926040061633282,-0.25831609068897204,-0.12682808716707022,-0.2680585516178737,0.006951353731014748,-0.13272507153863086,0.051620074840413824,-0.11059652212194584,0.26082104336341627,-0.07399075500770416,0.0727294739159146,0.24640545894783183,-0.03708342504952675,-0.1530970724191063,-0.04523882896764253,0.17220338983050848,0.07687651331719128,0.06830948712304645,0.043330398415144175,0.19784063394232887,-0.19977327756988775,-0.11153202729473916,0.05911292097732776,-0.44960818842174777,0.10838212634822804,0.14774818401937045,-0.3383777239709443,0.26979088707902266,0.16468192824125027,0.27856042262821923,0.09529605987233106,-0.021857803213735417,0.03464450803433854,0.3009883337001981,0.09423508694695136,0.23413603345806736,0.07200748404138235,0.08493506493506493,-0.006850099053488884,-0.20435835351089587,-0.350741800572309,-0.2064076601364737,-0.22340523882896765,-0.17578252256218357,-0.2978846577151662,-0.042535769315430336,-0.22627779000660356,-0.22178076161127008,-0.13624036979969184,-0.26468192824125025,-0.2197490644948272,-0.18504732555580014,-0.0561963460268545,-0.028646268985252035,0.022555580013207132
#53,0.4764010565705481,0.4201078582434515,0.15766233766233767,0.33237728373321596,0.3063306185340084,0.33105657054809595,0.2660862865947612,0.3966563944530046,0.34695135373101477,0.4150561303103676,0.5156636583755227,1.0,0.560858463570328,0.5249042482940788,-0.16816861104996697,-0.17537970504072198,-0.11171252476337222,-0.11651992075720889,-0.11719788685890381,0.1071714725952014,-0.046264582874752366,-0.013220338983050847,-0.17593000220118865,-0.2944574069997799,-0.1770063834470614,-0.23391811578252256,-0.12964120625137573,-0.09150781421967863,-0.13275808936825886,0.07792207792207792,-0.16121505613031037,0.1762227602905569,-0.23267224301122605,-0.32473695795729696,0.05931543033237949,-0.009777679947171472,-0.29918115782522564,-0.23891701518820163,-0.33906669601584855,-0.36495487563284174,0.042146158925819945,-0.05087167070217918,0.08629980189302223,0.049764472815320274,-0.36792207792207793,-0.3746114902047105,-0.28418005723090467,-0.16478758529605989,-0.2718732115342285,-0.18302003081664098,-0.24207131851199648,-0.1850627338762932,-0.4007836231565045,-0.18522562183579133,-0.24981069777679948,-0.2752586396654193,-0.27593000220118863,-0.3408232445520581,-0.4527602905569007,-0.4891987673343606,0.1412722870349989,-0.003425049526744442,0.17685230024213075,-0.020316971164428793,0.1435725291657495,-0.0913647369579573,0.13671362535769316,0.0750363196125908,0.1897226502311248,0.05451904028175215,0.1279308826766454,0.16627779000660356,0.15312788906009245,0.06648690292758089,0.30054149240589917,0.19428571428571428,0.055285053929121725,0.046427470834250494,0.050297160466651995,-0.2745432533568127,0.13531587057010785,0.20537530266343826,-0.3876865507373982,0.41932423508694694,0.3049284613691393,0.4614505833149901,0.19112480739599383,0.10266343825665859,-0.04704820603125688,0.3494585075941008,0.0798877393792648,0.11132291437376184,-0.11211754347347568,-0.12365397314549857,-0.25878934624697336,-0.01935725291657495,-0.2938190622936386,-0.17738498789346246,-0.1466696015848558,-0.05600044023772837,-0.1452080123266564,0.04044904248294079,-0.1492031697116443,-0.07797490644948273,-0.12404358353510896,-0.22307946290997138,-0.12555800132071318,0.010721989874532248,-0.08094430992736078,-0.06950473255558001,-0.04957296940347788
#54,0.3832247413603346,0.4469205370900286,0.2942923178516399,0.4204490424829408,0.10673343605546995,0.27814219678626456,0.358250055029716,0.32442659035879373,0.35739379264802995,0.4970856262381686,0.4567356372441118,0.560858463570328,1.0,0.3274818401937046,-0.11239489324235087,-0.1564208672683249,0.22709222980409421,-0.05035219018269866,0.06392031697116443,-0.03892581994276909,-0.010022011886418667,0.0561897424609289,-0.03923398635263042,-0.21004402377283732,-0.08280651551837992,0.0008144397974906449,0.056101694915254234,-0.019432093330398414,0.11000440237728373,0.0548910411622276,-0.0836385648250055,0.24735637244111822,-0.2551904028175215,-0.22328417345366497,-0.08151441778560423,-0.08147479639005063,-0.12937706361435175,-0.07510675764913054,-0.17022892361875414,-0.2243583535108959,-0.1659057891261281,-0.11793968743121286,-0.0771978868589038,0.0006955756108298481,-0.28763592339863525,-0.25922518159806296,-0.2931961259079903,-0.18373981950253138,-0.2206515518379925,-0.21463570327977108,-0.2837838432753687,-0.23408760730794628,-0.2448250055029716,-0.16281091789566365,-0.19608628659476118,-0.07132731675104556,-0.20527184679727054,-0.26712304644508034,-0.27508034338542814,-0.4137442218798151,-0.10790887079022672,-0.23800572309046886,0.11832929782082324,0.02091349328637464,0.1088267664538851,-0.20220118864186662,0.19356812678846577,0.021146819282412504,0.2639489324235087,0.04787145058331499,0.06335020911292098,0.15220559101915035,0.060213515298261064,-0.0150033017829628,-0.021716927140655953,-0.015366497908870791,-0.1437508254457407,-0.19560422628219237,0.31335901386748843,-0.10781642086726832,0.10290336781862205,0.3361963460268545,0.012795509575170592,0.3746731234866828,0.2932687651331719,0.27075280651551836,-0.028690292758089368,0.07657715166189742,-0.08789566365837552,0.24039621395553598,0.07071098393132291,0.2959806295399516,-0.1307440017609509,-0.11776359233986353,-0.07415584415584416,0.09946290997138454,-0.019489324235086945,-0.177739379264803,-0.0860576711424169,-0.14903367818622057,-0.24132511556240369,0.1540215716486903,-0.05597842835130971,-0.16184239489324234,-0.21120405018710103,-0.22631741140215716,-0.24206911732335462,-0.19203169711644288,-0.17823684789786484,-0.08063614351749945,-0.05800792427911072
#58,0.46125027514858025,0.4988597842835131,0.1952542372881356,0.192689852520361,0.3236275588817962,0.27307506053268765,0.29302003081664096,0.35548095971824784,0.40587057010785826,0.33103235747303544,0.5609222980409421,0.5249042482940788,0.3274818401937046,1.0,-0.2338828967642527,-0.23614571868809156,-0.027473035439137133,0.03989874532247414,-0.18318291877613913,-0.17351529826106096,-0.1710741800572309,-0.25106537530266343,-0.19600704380365397,-0.3500132071318512,-0.1389324235086947,-0.25408980849658813,0.0037816420867268323,-0.07149240589918555,-0.20487343165309266,-0.0363944530046225,-0.05169051287695355,0.09132951793968744,-0.03900286154523443,-0.21892141756548536,0.10119304424389171,0.0046423068456966764,-0.3451617873651772,-0.23019150341184239,-0.3328923618754127,-0.4392956196346027,0.15060092449922957,-0.28829407880255337,0.07698217037200088,0.11889940567906669,-0.1811930442438917,-0.4672573189522342,-0.1264076601364737,-0.06709002861545234,-0.1833436055469954,-0.04818842174774378,-0.30074840413823467,-0.14811358133392033,-0.3633348007924279,0.002399295619634603,-0.2667928681488004,-0.2760840854061193,-0.34368258859784284,-0.38752366277790007,-0.5193000220118864,-0.4040545894783183,0.18451023552718468,0.13409641206251377,0.16534228483381025,0.011677305745102355,0.07652212194585076,-0.1464472815320273,0.4178516398855382,0.12345146379044684,0.19141316310807835,-0.150264142637024,0.2890314769975787,0.19301342725071538,0.2831432973805855,0.11624477217697557,0.09302883557120845,0.15621835791327315,0.14294959278010125,0.12401716927140656,0.059960378604446404,-0.3545608628659476,0.09798811358133393,0.14559982390490864,-0.1289126128109179,0.32402377283733214,0.24340083645168392,0.3428175214615893,0.13685009905348888,0.10183799251595861,0.10833590138674884,0.32042042703059653,0.08419766674003962,0.0072110939907550076,-0.1408232445520581,-0.18992295839753467,-0.25023992956196345,0.15915254237288134,-0.2758265463350209,0.12373541712524763,0.029874532247413602,0.034109619194364955,0.033574730354391374,0.11772837332159367,0.06066916134712745,0.13177856042262823,0.15910631741140216,0.12155624036979969,0.0975280651551838,0.11673783843275369,-0.0057429011666299806,-0.09093330398415145,-0.0613119084305525
#101,-0.20346687211093992,-0.30482940788025537,0.06429672022892362,-0.244158045344486,-0.19474356152322253,-0.1647985912392692,-0.2033942328857583,-0.03765793528505393,-0.25049966982170374,-0.24803874092009684,-0.2325379705040722,-0.16816861104996697,-0.11239489324235087,-0.2338828967642527,1.0,0.7738168611049967,-0.05121505613031037,-0.06521021351529827,0.5939929561963461,0.08587497248514198,0.5883777239709443,0.22454985692273827,0.46220779220779223,0.3990050627338763,0.32872991415364294,0.1849306625577812,-0.23852740479859125,-0.4254633502091129,-0.02228923618754127,0.016257979308826765,-0.21661237068016728,0.01936385648250055,-0.24819062293638564,-0.13256658595641646,-0.07957296940347788,-0.0299471714725952,0.14838872991415364,0.1487211093990755,0.22492626018049747,0.11706801672903368,0.08760290556900727,0.005135373101474797,-0.11210653753026634,-0.0078032137354171255,0.10733215936605767,0.234620294959278,-0.2759167950693374,-0.3041712524763372,-0.24436275588817963,-0.31636363636363635,-0.20582434514637904,-0.2021813779440898,-0.10189962579793088,-0.2927801012546775,0.28385868368919215,0.1513779440898085,0.23437156064274708,-0.015177195685670261,-0.07402377283733216,-0.10465111160026415,-0.17397314549856924,-0.32033458067356374,-0.2950363196125908,0.3338366718027735,-0.2877790006603566,-0.1815562403697997,-0.3848250055029716,-0.23406999779881135,0.3364869029275809,0.4308826766453885,0.04208672683248955,-0.14169491525423727,0.16742460928901606,-0.07117103235747303,0.1454655513977548,-0.2255712084525644,-0.0787541272287035,-0.3922386088487783,0.2063416244772177,0.6036209553158706,0.14110939907550077,-0.023995157384987892,-0.0005128769535549197,-0.2697644728153203,-0.31650451243671585,-0.14201848998459168,-0.33019370460048425,0.07303103675985032,0.15169051287695356,-0.17185780321373542,-0.18295179396874311,-0.2681994276909531,-0.1913053048646269,-0.015914593880695577,0.01898965441338323,-0.2829033678186221,0.4790688972044904,-0.34185780321373543,-0.177772397094431,-0.27012326656394453,-0.2832621615672463,-0.16990534888839973,-0.167409200968523,-0.24574950473255558,-0.2689302223200528,-0.29902927580893685,-0.3323046445080343,-0.34261501210653755,-0.012227602905569008,-0.0488069557561083,-0.05528945630640546
#102,-0.31712965001100596,-0.31729473915914597,0.0687805414924059,-0.24756328417345366,-0.25536209553158706,-0.14031036759850318,-0.4189786484701739,-0.10831388950033018,-0.3035439137134052,-0.38248954435395116,-0.3208386528725512,-0.17537970504072198,-0.1564208672683249,-0.23614571868809156,0.7738168611049967,1.0,-0.15917895663658377,-0.05707902267224301,0.35024653312788906,0.3217345366497909,0.41620515078142195,0.22406559542152762,0.3303808056350429,0.5842438917015188,0.18769535549196567,0.33272507153863085,-0.12311027955095752,-0.1837508254457407,-0.21717367378384328,-0.042260620735197006,-0.30219678626458285,-0.008813559322033898,-0.17818401937046005,-0.1346026854501431,-0.1546423068456967,-0.08721549636803874,-0.04703279771076381,-0.016011446180937708,0.08442879154743561,0.0885494166850099,0.18838872991415365,0.08055469953775038,-0.052080123266563944,-0.1033942328857583,0.1037310147479639,0.15340303764032578,-0.1760906889720449,-0.16536209553158707,-0.09025753907109839,-0.061419766674003964,-0.13676205150781423,-0.12079022672243012,0.08681928241250275,-0.07156504512436716,0.23936825885978427,0.29983931322914376,0.16629760070438038,0.15836671802773497,-0.09592780101254678,-0.056559542152762494,-0.09899405679066696,-0.2393924719348448,-0.3922077922077922,0.3965595421527625,-0.15603565925599824,0.06213075060532688,-0.45812678846577154,-0.40321373541712524,0.09432753686990974,0.5953753026634383,0.0665727492846137,-0.04791547435615232,0.07850759410081444,-0.1999933964340744,0.14383226942548977,-0.06296500110059432,0.0878252256218358,-0.07184239489324235,-0.022020691173233548,0.5536429672022892,0.07462249614791988,-0.02896764252696456,-0.08049306625577812,-0.3167730574510236,-0.26319832709663216,-0.14282632621615673,-0.2946467092229804,0.1048910411622276,0.09558221439577372,-0.17881796169931763,-0.25626678406339426,-0.367310147479639,-0.09678186220559101,-0.09321593660576712,-0.12889500330178297,-0.21276029055690074,0.5621901826986573,-0.2458331499009465,-0.019456306405458947,-0.22343165309267005,-0.12161567246313008,-0.32680827646929345,-0.2634734756768655,-0.19237508254457408,-0.13325115562403697,-0.1573497688751926,-0.1786088487783403,-0.22644728153202728,0.045868368919216376,-0.06312348668280872,-0.09847897864847018
#201,0.142359674224081,0.27383226942548977,0.36856482500550297,0.2532709663218138,0.05824565265243231,0.11320052828527405,0.2246599163548316,0.01817081223860885,-0.014580673563724411,0.18156724631300902,0.04726612370680167,-0.11171252476337222,0.22709222980409421,-0.027473035439137133,-0.05121505613031037,-0.15917895663658377,1.0,0.22956196346026855,-0.052819722650231125,-0.09659476117103236,-0.0772639225181598,-0.0652740479859124,0.2531036759850319,-0.0787277129650011,-0.019790887079022674,-0.051138014527845034,0.2173695795729694,0.10677966101694915,0.20359233986352632,-0.04458507594100814,0.09877613911512216,0.013565925599823905,0.03898305084745763,0.02815760510675765,0.05639225181598063,0.029405679066696017,-0.009018269865727492,-0.1550561303103676,-0.1212458727712965,-0.15745322474136034,-0.21911512216596962,0.03928681488003522,-0.27925159586176534,-0.03817961699317632,-0.1551948051948052,-0.16917455425930003,0.018322694254897645,0.032029495927801015,-0.0364802993616553,-0.08571648690292757,-0.09553378824565266,0.05105436935945411,0.06431212854941669,0.04881135813339203,-0.06543473475676866,-0.06883997358573629,-0.11395773717807615,-0.17931763152102134,-0.06636363636363636,-0.07225181598062955,-0.129933964340744,-0.09567906669601585,0.04556020250935505,-0.19105877173673783,0.08920537090028616,-0.11451904028175215,0.12020030816640986,0.24212634822804313,0.07729473915914593,-0.28101034558661675,0.2437442218798151,0.18909971384547655,-0.012903367818622056,-0.11248294078802554,-0.22837552278230244,-0.19652212194585075,-0.17131631080783624,-0.22929121725731896,0.30787365177195686,-0.0802113141096192,-0.2861127008584636,0.09920096852300242,0.3170063834470614,0.10652432313449263,0.11353070658155404,-0.06155403918115782,-0.19247633722209995,-0.14451904028175214,-0.13755888179616993,0.007688751926040061,0.06323354611490205,0.056801672903367816,-0.12061633281972264,-0.010631741140215716,0.026654193264362757,0.3302949592780101,0.0953532907770196,0.2614241690512877,0.2647985912392692,0.10691393352410301,0.07314990094651111,0.5081576051067577,0.10926040061633283,0.1239357252916575,0.1364935064935065,0.1285428131190843,-0.0587739379264803,-0.12400396213955536,0.06316751045564604,-0.013955535989434295,-0.050189302223200526
