,#10,#11,#12,#13,#17,#18,#26,#49,#50,#51,#52,#53,#54,#58,#101,#102,#201,#202,#301,#302,#401,#402,#501,#502,#601,#602,#701,#702,#801,#802,#901,#902,#1001,#1002,#1101,#1102,#1201,#1202,#1301,#1302,#1401,#1402,#1501,#1502,#1601,#1602,#1701,#1702,#1801,#1802,#1901,#1902,#2001,#2002,#2101,#2102,#2201,#2202,#2301,#2302,#2401,#2402,#2501,#2502,#2601,#2602,#2701,#2702,#2801,#2802,#2901,#2902,#3001,#3002,#3101,#3102,#3201,#3202,#3301,#3302,#3401,#3402,#3455,#3501,#3502,#3601,#3602,#3701,#3702,#3801,#3802,#3901,#3902,#4001,#4002,#4101,#4102,#4201,#4202,#4301,#4302,#4401,#4402,#4501,#4502,#4601,#4602,#4701,#4702,#4801,#4802
#10,1.0,0.24506713625357693,0.05576271186440678,0.2336715826546335,-0.2682852740479859,-0.03795069337442219,-0.010926700418225842,0.47477657935285056,-0.0857671142416905,0.3769337442218798,0.6009817301342725,0.30858463570327976,-0.16177856042262823,-0.06502531366938147,-0.195478758529606,0.07928241250275149,0.06547215496368039,-0.07464230684569667,0.19035219018269867,0.2203169711644288,0.19783403037640326,0.26735417125247635,-0.025877173673783845,0.019297820823244553,0.15547435615232225,0.09926040061633282,0.2694673123486683,0.3252850539291217,-0.22368258859784285,0.05212854941668501,-0.25828747523662776,0.33690953114681926,-0.23980409421087387,-0.25830728593440455,-0.23606867708562623,0.013204930662557781,-0.18601584855822145,-0.13478318291877614,-0.15771076381245872,0.01957296940347788,-0.08074400176095091,-0.09918556020250935,0.02437156064274708,-0.029980189302223202,-0.060063834470614134,-0.0036187541272287033,0.07172573189522342,-0.0009597182478538411,-0.0017785604226282193,0.0009861325115562403,0.12324235086946951,0.1757935285053929,0.03120845256438477,-0.014036979969183358,0.20421527624917454,0.1187871450583315,-0.17331278890600924,-0.08265903587937486,-0.35131410961919435,-0.30587057010785823,-0.020394012766894124,-0.032458727712965,-0.0875941008144398,-0.0587739379264803,0.22394453004622497,0.42360334580673564,-0.507376183138895,-0.14893682588597842,-0.04406339423288576,0.007684349548756329,-0.20238828967642528,-0.020354391371340524,-0.14853841074180058,0.18021571648690293,-0.1483975346687211,0.10987893462469733,-0.10931543033237949,0.07011005943209334,0.06347787805414924,-0.17872331058771737,-0.5033744221879816,-0.23628659476117103,-0.2668258859784284,-0.24992295839753467,-0.4225115562403698,-0.06473475676865507,-0.1575148580233326,-0.04463130090248734,0.026946951353731013,-0.3214241690512877,-0.13059652212194586,-0.3315232225401717,-0.21459828307285933,-0.11075941008144398,-0.2695839753466872,0.0884767774598283,0.0613317191283293,-0.12614351749944971,0.14194585075941007,0.012892361875412723,0.22464891041162227,-0.20317411402157165,0.2559211974466212,-0.19626458287475237,-0.1863548316090689,-0.21752586396654194,-0.17659035879374863,0.012729473915914594,0.06786704820603126,-0.05310807836231565,-0.2446731234866828
#11,0.24506713625357693,1.0,-0.031954655513977546,0.10345146379044684,0.10137574290116663,-0.2140942108738719,0.2495333480079243,-0.05228483381025754,0.3765859564164649,0.1832885758309487,0.10863086066475897,-0.09118864186660797,-0.029258199427690954,-0.13789566365837552,-0.35345586616773056,0.22147919876733435,0.06570988333700198,0.05836451683909311,-0.004270305965221219,0.0010455646048866387,-0.10573629760070438,0.2783248954435395,0.042962799911952454,0.2015958617653533,-0.05306405458947832,0.24939247193484482,-0.016055469953775037,0.14175874972485142,-0.05336121505613031,-0.26492185780321376,0.0664670922298041,0.04185780321373542,0.10708782742681047,0.006762051507814219,0.0020669161347127447,-0.11178956636583755,0.05368038740920097,0.037831829187761394,-0.07931543033237949,0.14545454545454545,-0.20624477217697557,-0.047776799471714725,-0.08065815540391812,-0.2776513317191283,0.11856482500550297,0.04678186220559102,-0.2084921857803214,-0.15809156944750166,-0.21885538190622936,-0.022452124147039402,-0.1706669601584856,0.0006669601584855823,-0.0034008364516839094,-0.2655227823024433,-0.1423728813559322,-0.09844596081884217,-0.006473695795729694,0.13904688531807177,-0.12963680387409202,0.14178956636583756,0.14365397314549858,0.11785604226282193,-0.2608628659476117,-0.23003081664098612,-0.048126788465771515,0.0425974025974026,-0.05283072859344046,-0.22383447061413164,-0.21848558221439576,-0.12939907550077043,-0.33763592339863524,-0.30781642086726835,-0.18141976667400397,-0.0973497688751926,-0.2831653092670042,-0.07179616993176315,-0.006341624477217697,0.06110939907550077,-0.012623816861104996,-0.06194144838212635,0.04917455425930002,-0.14741140215716486,0.059542152762491744,0.07291657495047325,-0.24707241910631741,0.19260840854061193,0.08663878494386969,-0.12728593440457847,-0.0901716927140656,-0.1087607307946291,-0.298069557561083,-0.11101474796390051,-0.18460268545014308,0.28272066916134714,0.09760290556900726,0.10186660796830288,0.06835130970724192,-0.06007043803653973,0.020380805635042923,-0.03596302003081664,-0.0200528285274048,-0.013823464670922297,0.12268985252036099,-0.010255337882456526,-0.005296059872331059,0.06689412282632622,-0.003099273607748184,0.15985031917235307,0.02706141316310808,0.11679286814880036,0.10035219018269866
#12,0.05576271186440678,-0.031954655513977546,1.0,0.3150143077261721,0.42372661237068016,0.49796390050627337,0.1408518600044024,0.19341404358353512,-0.17824345146379045,0.4649064494827207,0.07078582434514638,-0.0600792427911072,0.35309046885318074,0.016616773057451024,-0.014063394232885757,0.029854721549636806,0.7006845696676205,0.7579110719788685,-0.4208100374202069,-0.5319502531366939,-0.21360994937266123,-0.3372705260840854,0.23971164428791547,-0.2743055249834911,0.24686770856262383,-0.3679000660356593,0.10936605767114242,-0.07361655293858684,0.2333281972265023,-0.008283072859344046,0.4281179837112041,-0.016026854501430772,0.6331543033237949,0.27469733656174333,-0.02135593220338983,-0.2940942108738719,0.07580893682588598,-0.07086946951353731,-0.050257539071098395,-0.11985031917235307,0.1223068456966762,-0.4832731675104556,0.4237178076161127,-0.09888619854721549,-0.13081664098613252,-0.2635615232225402,0.4164869029275809,0.4208892802113141,0.18962139555359894,-0.0560972925379705,0.22475016508914814,0.2273695795729694,0.4951353731014748,0.6262843935725292,0.10603565925599824,0.46631300902487344,-0.1974950473255558,-0.40750605326876516,0.20366277790006604,-0.4428923618754127,-0.4192604006163328,-0.4325687871450583,-0.34753026634382567,-0.27215056130310367,0.4243033237948492,0.1938366718027735,0.18608188421747743,-0.06806295399515738,-0.18426370239929563,-0.2833722209993396,0.5915870570107858,0.253152102135153,0.044294519040281755,0.16058991855602026,-0.17443319392471934,-0.01961038961038961,-0.3615826546335021,-0.21596742240810038,0.29289676425269645,0.019817301342725073,0.16119084305524983,0.1558815760510676,0.031333920316971166,0.1553268765133172,-0.18411842394893244,-0.3302487343165309,-0.44916574950473254,0.010898084965881577,-0.18091789566365837,0.09037860444640106,-0.08994937266123706,-0.17523882896764253,0.03140215716486903,-0.3832555580013207,-0.24703059652212195,0.5430618534008365,0.1335725291657495,0.7033854281311909,0.5161655293858683,0.30052388289676424,0.5416817081223861,0.6810983931322915,0.44678626458287474,0.6615892581994277,0.6249460708782743,0.586385648250055,0.5507065815540392,-0.4136759850319172,-0.1845806735637244,-0.41039401276689413,-0.33244331939247196
#13,0.2336715826546335,0.10345146379044684,0.3150143077261721,1.0,-0.12237068016729033,-0.0008056350429231785,0.038278670482060316,0.12480959718247854,-0.1474488223640766,0.5126810477657935,-0.11170372000880475,-0.039940567906669604,-0.06426810477657935,-0.08713845476557341,0.21747303543913712,0.1151221659696236,0.40478318291877613,0.06093330398415144,0.2949966982170372,-0.009275808936825886,-0.03763812458727713,-0.018895003301782964,-0.09827426810477657,-0.17631961259079904,0.02783843275368699,-0.010545894783182918,0.13768875192604005,0.14526524323134493,-0.16403477878054148,-0.0224851419766674,-0.16165089148139997,0.11962359674224081,0.033689192163768436,-0.1457362976007044,-0.13586396654193264,-0.12902047105436937,-0.15029275808936826,0.14590358793748623,-0.1381333920316971,0.1073563724411182,0.08829407880255338,-0.1035064935064935,-0.025097952894563066,0.0032379484921857805,-0.04449922958397535,0.03118864186660797,0.36662337662337663,0.5401430772617213,0.03449922958397535,0.054525643847677746,0.15914373761831388,0.07395993836671803,0.2546489104116223,0.1895333480079243,0.021624477217697557,0.18209553158705702,-0.16621395553598944,-0.11979969183359014,-0.16285053929121726,-0.1467290336781862,-0.2860598723310588,-0.3461787365177196,-0.22719348448162008,-0.2022738278670482,0.5128527404798591,0.3571362535769315,-0.17334800792427912,-0.04064274708342505,0.0336847897864847,0.015848558221439577,0.15027294739159147,0.1307770195905789,0.05799251595861765,0.0023882896764252696,-0.18944309927360775,-0.20520140876073079,-0.39412722870349987,-0.3254193264362756,-0.011939247193484482,0.01854721549636804,-0.04842835130970724,-0.1511996478098173,-0.18691833590138676,-0.01864406779661017,-0.2969227382786705,-0.4166762051507814,-0.4538432753686991,-0.10917675544794189,-0.1360906889720449,-0.058472375082544575,-0.0900132071318512,-0.1851353731014748,-0.20131631080783624,-0.29366277790006606,-0.32133392031697117,0.2007638124587277,-0.12528505392912173,0.2861963460268545,0.36424169051287697,0.16724191063174115,0.31113801452784506,0.010147479639005063,0.255610829848118,0.15800572309046884,0.020134272507153862,0.1839951573849879,-0.015480959718247854,-0.3507792207792208,-0.15830948712304643,-0.31851860004402377,-0.2590116662998019
#17,-0.2682852740479859,0.10137574290116663,0.42372661237068016,-0.12237068016729033,1.0,0.4687409200968523,0.2656966762051508,-0.11330398415144177,0.10184239489324234,0.056445080343385426,0.059438696896324014,-0.09157384987893462,0.5845014307726172,0.07725071538630861,-0.13981510015408322,-0.19999119524543255,0.4650099053488884,0.6458969843715606,-0.5731146819282412,-0.5502069117323355,-0.3491767554479419,-0.3646599163548316,0.17446401056570549,-0.037296940347787806,-0.0003940127668941228,-0.2872265023112481,-0.22178516398855383,-0.24437816420867267,0.5894981289896544,0.07566145718688091,0.6514990094651112,-0.09027955095751707,0.5295531587057011,0.2951926040061633,0.3369447501650891,-0.07262821923838873,0.14852080123266564,0.09167070217917675,-0.04197886858903808,-0.1345344486022452,-0.07437596302003081,-0.11506053268765133,0.2845674664318732,0.0926832489544354,-0.07174114021571648,-0.09664098613251156,0.014056790666960159,-0.015817741580453445,-0.07567246313009025,-0.1743495487563284,0.05148360114461809,-0.01925379705040722,0.19993176315210215,0.15422628219238388,-0.17994276909531146,0.04815760510675765,-0.18794408980849658,-0.25740479859123927,0.2939687431212855,-0.039537750385208015,-0.17851199647809818,-0.12224961479198768,0.07676205150781422,0.07042923178516398,-0.07384107418005723,-0.10472375082544574,0.5832335461149021,0.07556020250935505,-0.2300066035659256,-0.21184239489324236,0.30409641206251375,-0.0665265243231345,-0.038016729033678184,0.11615892581994276,-0.0863878494386969,-0.07629099713845476,-0.11214395773717807,-0.08810477657935285,0.2131322914373762,0.19744662117543474,0.4837838432753687,0.38528285274047985,0.5249988994056791,0.4885538190622936,0.07765353290777019,0.03390710983931323,-0.06926480299361655,0.1580431432973806,0.01905789126128109,0.23136913933524103,0.019738058551617872,0.1457693154303324,0.20148580233325997,-0.06804314329738058,0.02574290116662998,0.31712965001100596,0.07150561303103677,0.39790446841294297,0.23168390931102795,0.047327756988773936,0.16938146599163548,0.6071494607087827,0.22928681488003522,0.45277129650011005,0.5862117543473475,0.493350209112921,0.4117675544794189,-0.18843935725291658,-0.05741140215716487,-0.180627338762932,-0.03595861765353291
#18,-0.03795069337442219,-0.2140942108738719,0.49796390050627337,-0.0008056350429231785,0.4687409200968523,1.0,-0.005773717807616113,0.2886902927580894,-0.0056218357913273165,0.06060972925379705,0.06751705921197447,0.16079242791107198,0.49227602905569007,0.2887277129650011,-0.07885097952894563,-0.3336077481840194,0.41046445080343386,0.49793968743121286,-0.31344265903587937,-0.38322033898305086,-0.3732269425489764,-0.49840193704600483,0.04437156064274708,-0.18086506713625358,-0.07240369799691834,-0.27210653753026637,-0.19889060092449923,-0.2347127448822364,0.4706229363856482,0.38574290116662996,0.5005436935945411,0.0911798371120405,0.44312568787145057,0.26933744221879813,0.16510675764913052,-0.08255337882456526,0.14701078582434515,0.04770416024653313,-0.1690843055249835,-0.2828351309707242,0.2604732555580013,-0.19338102575390712,0.4206251375742901,0.013761831388950032,-0.3122870349988994,-0.29498569227382787,0.3599757869249395,0.3316883116883117,0.1691437376183139,-0.17618754127228703,0.22688751926040063,0.1540479859123927,0.225214615892582,0.3162095531587057,-0.15001760950913492,0.1971406559542153,-0.4072243011226062,-0.49181598062953996,0.14426370239929562,-0.36737178076161126,-0.2131587057010786,-0.17493506493506494,0.20303543913713407,0.21049966982170373,0.19707682148360114,0.014589478318291878,0.26396434074400177,0.10006163328197226,0.040072639225181596,0.0008716707021791767,0.47254017169271406,0.3478318291877614,-0.04173893902707462,0.2147391591459388,-0.05533568126788466,-0.04136253576931543,-0.2413779440898085,-0.22947171472595201,0.1175941008144398,0.26575170592119746,0.1286022452124147,0.48743341404358353,0.31420647149460706,0.180561303103676,0.12287915474356152,-0.06160686770856262,-0.1717147259520141,0.2971648690292758,-0.000981730134272507,0.09232225401716927,0.033570327977107635,-0.012214395773717808,0.23293638564825006,-0.2775478758529606,-0.25574290116662995,0.2781069777679947,0.14007043803653974,0.4682060312568787,0.24160466651992077,0.11806075280651551,0.3325974025974026,0.6328439357252916,0.18629319832709662,0.4571472595201409,0.5065815540391811,0.3624191063174114,0.5227933083865287,-0.2708562623816861,-0.050217917675544795,-0.24482720669161348,-0.22307726172132952
#26,-0.010926700418225842,0.2495333480079243,0.1408518600044024,0.038278670482060316,0.2656966762051508,-0.005773717807616113,1.0,0.058846577151661895,0.1225379705040722,0.3516420867268325,0.12384767774598283,-0.1459189962579793,0.3423068456966762,0.017189082104336343,-0.27977327756988773,0.07432533568126788,0.10677745982830729,0.28950913493286373,-0.18178516398855382,-0.09896544133832269,-0.2436319612590799,0.04020030816640986,0.03594541052168171,-0.0324389170151882,-0.09358353510895884,0.007809817301342725,-0.09581333920316971,0.09939247193484482,0.2346885318071759,-0.17922298040942108,0.17412942989214175,-0.1432885758309487,0.06415804534448602,0.04496588157605107,0.2700154083204931,-0.10912832929782082,-0.08030816640986133,0.03029275808936826,-0.10987012987012987,0.0249372661237068,-0.1437442218798151,-0.05073079462909971,0.12661237068016729,0.11432533568126789,0.14832489544353952,0.13035439137134053,-0.08111600264142638,-0.06606867708562623,-0.06598943429451903,0.09468633061853401,0.006392251815980629,0.12786704820603126,-0.016946951353731015,-0.028243451463790446,-0.17066916134712745,-0.17543693594541052,0.0611468192824125,0.058668280871670704,0.09069777679947172,0.149702839533348,0.021503411842394893,0.030686770856262383,-0.05778120184899846,-0.04770416024653313,0.03104556460488664,0.06757208892802113,0.17331278890600924,0.2574158045344486,-0.13368258859784282,-0.1758661677305745,0.021292097732775697,-0.15097732775698877,-0.12010565705480959,-0.0674884437596302,-0.10651551837992516,0.04935945410521682,-0.08968963240149681,-0.008459167950693375,0.14480739599383669,0.13700638344706143,0.27935945410521684,0.10861545234426591,0.3258001320713185,0.18927580893682588,-0.18002201188641867,0.030781421967862647,-0.09327096632181378,-0.1862623816861105,-0.07321813779440899,-0.08464891041162227,0.006224961479198768,0.0013339203169711645,-0.00397094430992736,0.06848117983711204,0.13405018710103456,0.08636143517499449,-0.09292097732775699,-0.008448162007484042,-0.12391151221659696,-0.058069557561082986,0.12451904028175215,0.0936517719568567,0.09795949812898966,-0.03813999559762272,0.12251375742901166,0.0721417565485362,-0.018023332599603786,0.010761611270085847,0.3383953334800792,-0.014844816200748404,-0.010640545894783183
#49,0.47477657935285056,-0.05228483381025754,0.19341404358353512,0.12480959718247854,-0.11330398415144177,0.2886902927580894,0.058846577151661895,1.0,-0.12558441558441558,0.25884217477437815,0.28226502311248075,0.3860840854061193,-0.0250231124807396,0.09912392692053709,-0.004765573409641206,-0.23037860444640107,0.02076381245872771,-0.05152982610609729,0.2439687431212855,0.09581333920316971,0.08759630200308166,-0.08565045124367159,0.004725952014087607,-0.3165111160026414,0.07890821043363416,-0.04666299801893022,0.06412722870349989,0.0673365617433414,-0.08551177635923399,0.2658397534668721,-0.18710983931322914,0.1453598943429452,-0.18613471274488225,-0.23963240149680828,-0.19415804534448602,0.049735857362976005,-0.1620052828527405,-0.1496566145718688,-0.20989874532247413,-0.22971384547655735,0.2241778560422628,-0.006075280651551838,0.1888201628879595,0.003167510455646049,-0.21509575170592118,-0.2853598943429452,0.05954875632841734,0.03339423288575831,0.07550297160466651,0.06779220779220779,0.15731234866828087,0.15833810257539072,-0.07224301122606207,0.08692714065595422,0.18416464891041162,0.14225621835791327,-0.29033017829628,-0.3075060532687651,-0.18311908430552498,-0.3748646268985252,-0.18684569667620515,-0.22605987233105876,0.04609068897204491,-0.04958837772397094,0.25877173673783843,0.45654413383226944,-0.39096632181377944,-0.006207351970063835,0.21456306405458947,0.08994276909531147,0.010028615452344266,0.14488003521901827,0.030308166409861326,0.33820383006823684,-0.021177635923398636,0.14016288795949813,-0.22950473255558002,-0.06879154743561523,0.04383226942548976,-0.0828417345366498,-0.47160246533127886,0.1016024653312789,-0.14250715386308607,-0.28870349988994054,-0.22707682148360114,-0.12534888839973585,-0.2250429231785164,0.15209553158705702,-0.04166189742460929,-0.3126348228043143,0.1296302003081664,-0.4287717367378384,-0.047745982830728596,-0.22167950693374422,-0.17046445080343386,-0.02773497688751926,0.050385208012326654,-0.17669381465991635,-0.1336715826546335,-0.047752586396654195,0.043845476557340966,-0.11696015848558221,0.0949702839533348,-0.23898084965881575,-0.11879815100154083,-0.3107484041382346,-0.12197006383447061,-0.21023992956196347,-0.023988553819062293,-0.12672022892361876,-0.1855756108298481
#50,-0.0857671142416905,0.3765859564164649,-0.17824345146379045,-0.1474488223640766,0.10184239489324234,-0.0056218357913273165,0.1225379705040722,-0.12558441558441558,1.0,0.026381245872771297,0.014858023332599604,-0.11542813119084305,0.21508694695135372,0.1286286594761171,-0.13923398635263043,-0.11303764032577591,-0.08252916574950474,-0.06726172132951794,-0.01986572749284614,-0.03643187321153423,-0.2669953775038521,-0.09677525863966542,-0.10782962799911952,0.1514307726172133,-0.17165749504732555,0.28011446180937705,-0.35309046885318074,-0.1524389170151882,0.1308034338542813,0.039187761391151224,0.1138234646709223,-0.02145938806955756,-0.034488223640766015,0.17414924058991857,0.2965001100594321,0.10141536429672023,0.19552498349108519,0.28985031917235304,0.046746643187321156,0.037279330838652876,0.12111600264142637,0.052320052828527405,0.15425049526744442,-0.06956856702619414,0.12346246973365617,-0.15582434514637905,-0.3236451683909311,-0.25149900946511117,-0.11268324895443539,-0.09088267664538852,-0.2011402157164869,-0.07910851860004402,-0.22906669601584856,-0.29812458727712965,-0.4543583535108959,-0.1606713625357693,-0.03670261941448382,0.00186880915694475,-0.0069183359013867485,0.2619106317411402,0.327376183138895,0.41384547655734094,0.13210653753026635,0.10760290556900727,-0.16053048646268986,-0.10776139115122166,0.2084635703279771,-0.012573189522342064,0.11832489544353951,0.15752586396654195,0.029359454105216818,0.015432533568126789,-0.08912832929782083,-0.11018710103455866,-0.08168390931102795,0.04477437816420867,0.2745146379044684,0.09793528505392912,-0.05977988113581334,0.17559542152762492,0.19169271406559543,0.1074224081003742,0.23517059211974467,0.1250231124807396,0.06952894563064055,0.4297424609289016,0.3339533348007924,0.15314549856922738,0.15481840193704602,0.12434954875632842,-0.050970724191063174,0.09883777239709443,-0.03441118203830068,0.2899229583975347,0.19739819502531367,-0.11817741580453445,0.1135857362976007,-0.16991855602025094,-0.3180475456746643,-0.29370239929561964,-0.24558441558441557,-0.0008056350429231785,-0.050303764032577594,-0.09793968743121285,-0.027096632181377943,-0.1078648470173894,0.061173233546114904,0.32173233546114904,0.1846158925819943,0.29986352630420426,0.25325996037860443
#51,0.3769337442218798,0.1832885758309487,0.4649064494827207,0.5126810477657935,0.056445080343385426,0.06060972925379705,0.3516420867268325,0.25884217477437815,0.026381245872771297,1.0,0.17975346687211094,-0.0033259960378604447,0.022110939907550076,0.027290336781862205,0.03201628879594981,0.04856702619414484,0.49308826766453884,0.21893022232005283,-0.014946070878274268,-0.14782522562183578,0.03948932423508695,-0.11992956196346027,0.013455866167730575,-0.15776799471714725,0.14414263702399296,-0.06373981950253137,0.17133612150561303,0.18489544353951134,-0.17503191723530706,-0.17142637023992957,-0.14238168611049967,0.07161127008584636,0.06629099713845477,-0.09440677966101695,-0.07137794408980849,-0.19412942989214177,-0.055016508914814,0.023781642086726833,0.016374642306845696,0.05587497248514198,-0.040187101034558664,-0.3826458287475237,0.03164869029275809,-0.17776799471714727,-0.09655513977547876,-0.19190843055249834,0.24880255337882456,0.23228263262161566,0.15975126568346906,0.04459388069557561,0.29303543913713404,0.3023068456966762,0.2631102795509575,0.3279639005062734,0.11779000660356592,0.18126348228043143,-0.05273827867048206,-0.2504226282192384,-0.1562821923838873,-0.29676425269645607,-0.10988553819062294,-0.10657715166189742,-0.30863306185340084,-0.2032093330398415,0.5190050627338763,0.4295399515738499,-0.16234206471494608,0.007583094871230465,-0.09192604006163328,-0.15045124367158266,0.2286220559101915,0.1546731234866828,-0.12417125247633722,0.11157164869029276,-0.25065155183799254,0.02941008144397975,-0.18573189522342065,-0.05898525203609949,0.1346136913933524,-0.14489324235086948,0.015936605767114243,-0.11629099713845477,-0.1332115342284834,-0.04094651111600264,-0.3496103896103896,-0.24230904688531807,-0.38165089148139997,-0.07063614351749944,-0.109735857362976,0.06221659696235968,-0.12856482500550298,-0.2182654633502091,-0.17,-0.2589192163768435,-0.19810917895663657,0.2262227602905569,0.018542813119084307,0.2518247853841074,0.21490644948272067,0.11284393572529165,0.3937640325775919,0.0476601364736958,0.24221219458507595,0.20155183799251597,0.12713625357693153,0.19969623596742242,-0.03829848117983711,-0.14462909971384547,0.13335461149020472,-0.19099713845476557,-0.23421307506053268
#52,0.6009817301342725,0.10863086066475897,0.07078582434514638,-0.11170372000880475,0.059438696896324014,0.06751705921197447,0.12384767774598283,0.28226502311248075,0.014858023332599604,0.17975346687211094,1.0,0.27998459167950696,0.11218357913273168,0.16056790666960158,-0.4098701298701299,-0.09624477217697557,0.12310807836231565,0.12478318291877614,-0.12457186880915694,-0.08315210213515298,-0.1482148360114462,0.12370900286154524,0.114884437596302,0.28406339423288574,0.18609289016068678,0.16934404578472376,0.1467246313009025,0.2392692053709003,0.14578252256218358,0.14126128109178956,0.1086088487783403,0.28995817741580454,-0.04460708782742681,-0.016484701738939025,0.07802333259960378,0.012817521461589258,0.07016288795949813,0.11321813779440898,0.036913933524103014,0.15942769095311468,-0.013656174334140436,-0.1643297380585516,0.12072859344045785,-0.061948051948051946,0.0036143517499449703,0.043948932423508696,-0.007847237508254458,-0.11758969843715607,0.009071098393132292,-0.07490644948272067,0.06027514858023333,0.2060906889720449,0.049568567026194145,-0.019911952454325334,-0.05368699097512657,0.08335020911292097,-0.22252256218357913,-0.1408518600044024,-0.045967422408100374,-0.10413823464670922,0.11412502751485802,0.172458727712965,0.1500066035659256,0.12459167950693374,0.06658595641646489,0.2593286374642307,-0.12719788685890382,-0.145544794188862,-0.15480739599383667,-0.09312788906009245,-0.16479418886198546,-0.10508694695135373,-0.3610807836231565,0.05232225401716927,-0.23101694915254237,0.020327977107638125,-0.05563284173453665,0.10489984591679508,-0.04927140655954215,0.10369579572969403,-0.21614131631080782,0.06637904468412943,0.03816420867268325,-0.05590578912612811,-0.2639027074620295,0.17785824345146378,0.06325775918996258,0.10834910851860004,0.06199647809817301,-0.12443539511336121,-0.0837310147479639,-0.011532027294739159,0.028485582214395774,0.0937442218798151,-0.04827206691613471,0.17200748404138236,0.2821439577371781,-0.06517279330838653,0.07640105657054809,-0.012808716707021791,0.14614571868809156,0.027160466651992076,0.2972309046885318,-0.07558661677305745,-0.002313449262601805,-0.07819282412502751,-0.03290777019590579,0.1283204930662558,0.17701959057891262,0.07287034998899405,-0.1686286594761171
#53,0.30858463570327976,-0.09118864186660797,-0.0600792427911072,-0.039940567906669604,-0.09157384987893462,0.16079242791107198,-0.1459189962579793,0.3860840854061193,-0.11542813119084305,-0.0033259960378604447,0.27998459167950696,1.0,-0.09756548536209553,0.018705701078582434,0.05587277129650011,-0.34951573849878936,0.06213515298261061,-0.21909311027955095,0.01554259300022012,-0.07491525423728813,0.02443759630200308,-0.12162447721769756,-0.04168390931102796,-0.03651551837992516,-0.1775941008144398,-0.20578472375082543,0.1751287695355492,0.079933964340744,-0.12229804094210873,0.17800572309046886,-0.11683248954435395,0.06349108518600044,-0.0684767774598283,-0.14538410741800573,-0.08163108078362316,-0.0425511776359234,0.08311688311688312,-0.12661457186880914,-0.04623376623376623,-0.11763592339863527,0.1347589698437156,0.0023332599603786046,0.030127668941228262,-0.08565265243231344,-0.09931543033237948,-0.07837992515958618,0.26632621615672464,0.11759189962579793,0.07970724191063173,0.08718247853841074,0.32531146819282414,0.18695795729694034,0.07836891921637684,-0.06489764472815321,0.08008804754567467,-0.09004842615012107,-0.05412282632621616,-0.15843055249834911,-0.24792207792207793,-0.24813559322033898,-0.16694254897644728,-0.004072198987453225,0.18831609068897204,0.14826546335020913,0.0006251375742901167,0.12311468192824125,-0.27171032357473035,-0.08922077922077921,0.15512436715826547,0.17635923398635264,-0.08384547655734097,0.09416685009905348,0.05517719568567026,0.2326832489544354,0.11541272287035,0.17459167950693374,-0.06928901606867709,0.09814439797490646,0.14073959938366717,-0.19270085846357032,-0.3204160246533128,0.09517719568567026,-0.26262821923838875,-0.13235086946951355,0.11001760950913493,-0.07627779000660356,-0.09955756108298482,0.5654479418886199,-0.04318511996478098,0.0637376183138895,0.0690512876953555,-0.06104556460488664,-0.009586176535329078,-0.25988553819062293,-0.2376667400396214,0.030041822584195466,-0.2851683909311028,-0.06723970944309927,-0.06923398635263042,0.13248734316530927,0.07407219898745322,-0.040801232665639446,-0.20680607528065156,-0.0960708782742681,-0.10111600264142637,-0.027629319832709665,-0.09189082104336342,-0.07848998459167951,0.04471054369359454,-0.17213955535989434,-0.25565265243231344
#54,-0.16177856042262823,-0.029258199427690954,0.35309046885318074,-0.06426810477657935,0.5845014307726172,0.49227602905569007,0.3423068456966762,-0.0250231124807396,0.21508694695135372,0.022110939907550076,0.11218357913273168,-0.09756548536209553,1.0,0.1865331278890601,-0.2608364516839093,-0.15920096852300242,0.47641866607968303,0.6294078802553379,-0.5219172353070658,-0.46847457627118644,-0.28968743121285495,-0.23745762711864407,0.04563064054589478,-0.14156064274708344,-0.19174334140435836,-0.35981069777679947,-0.13376843495487564,-0.10815980629539952,0.7511908430552499,0.21716927140655953,0.7070680167290336,-0.21462249614791987,0.34338322694254897,0.09745762711864407,0.24335241030156285,-0.23837552278230245,-0.0016244772176975566,0.03789126128109179,-0.1987211093990755,-0.18431873211534228,0.017226502311248074,-0.20770856262381687,0.3736583755227823,0.09406119304424389,0.09779000660356593,0.10760290556900727,0.020964120625137573,8.36451683909311e-05,0.052623816861105,-0.02698217037200088,0.05138674884437596,0.07403697996918336,0.07946290997138455,0.19469513537310149,-0.18456746643187322,-0.1644177856042263,-0.045558001320713186,-0.15481399955976227,0.1842196786264583,-0.009667620515078142,-0.1401188641866608,-0.1717411402157165,0.04528945630640546,0.01429011666299802,-0.2048117983711204,-0.1289852520360995,0.5448139995597623,0.056434074400176094,-0.33416905128769536,-0.28325996037860446,0.20413823464670922,-0.18290997138454765,-0.15312348668280873,0.15066255778120186,-0.04825665859564165,0.03669821703720009,-0.19215716486902928,-0.18216156724631302,0.11884877834030376,0.17804314329738058,0.5680563504292317,0.511963460268545,0.7990688972044905,0.49793528505392914,0.02096632181377944,0.06460708782742682,-0.11820823244552058,0.2030772617213295,-0.10433414043583535,0.012236407660136474,-0.05885538190622936,0.09958397534668721,0.2010609729253797,-0.09569447501650892,0.0045388509795289455,0.40605546995377506,-0.07390050627338762,0.2832907770195906,0.05951573849878935,-0.09644287915474356,0.12673563724411183,0.6334734756768655,0.07077261721329518,0.281897424609289,0.5005392912172573,0.26895663658375524,0.3300462249614792,-0.21283292978208232,-0.054151441778560426,-0.16239049086506713,-0.12011005943209332
#58,-0.06502531366938147,-0.13789566365837552,0.016616773057451024,-0.08713845476557341,0.07725071538630861,0.2887277129650011,0.017189082104336343,0.09912392692053709,0.1286286594761171,0.027290336781862205,0.16056790666960158,0.018705701078582434,0.1865331278890601,1.0,0.05149020471054369,-0.46866387849438695,0.06781862205591019,0.08028835571208452,-0.08423508694695135,-0.11366718027734977,-0.23075280651551838,-0.5118666079683029,0.1840347787805415,-0.12839533348007925,0.03171032357473035,-0.012066916134712745,-0.21677305745102354,-0.4499141536429672,0.37257098833370017,0.24906009244992297,0.2527404798591239,0.1026832489544354,0.1281135813339203,0.2563482280431433,0.4438146599163548,0.24697116442879155,0.33581554039181155,0.25221659696235965,0.24476997578692494,-0.08657495047325556,0.40063614351749943,-0.17413823464670922,0.2893924719348448,0.1414505833149901,-0.03051948051948052,-0.3512920977327757,0.045443539511336124,0.03909311027955096,0.16991195245432533,-0.2255712084525644,-0.008432753686990976,-0.11032577591899626,0.0688928021131411,-0.07629980189302223,-0.2767356372441118,0.0030508474576271187,-0.20555359894342945,-0.4127690953114682,0.1809949372661237,-0.14626458287475236,0.030581113801452786,0.31962799911952455,0.4839379264802994,0.5631322914373762,0.05480079242791107,0.09080343385428132,0.3247743781642087,0.30347567686550736,0.18815760510675764,0.21768875192604006,0.2994629099713845,0.31089368258859784,-0.1834096412062514,-0.24161787365177195,0.17126128109178956,0.028527404798591238,0.11175434734756769,-0.009211974466211754,-0.19073519700638344,0.35149240589918557,-0.0474620294959278,0.25114902047105436,0.04958177415804534,0.07954655513977547,0.40402377283733215,0.20752366277790008,0.19625137574290116,0.07531146819282412,0.16452564384767773,-0.003878494386968963,0.036971164428791545,0.3438168611049967,0.2079110719788686,-0.01927360774818402,-0.10255998239049087,-0.07807395993836672,0.2641624477217698,0.061683909311027955,-0.10838872991415364,0.06734536649790887,0.06603565925599823,0.24642747083425048,0.1634206471494607,0.09189302223200528,0.25962799911952456,0.1313185119964781,0.2078450363196126,0.05236187541272287,0.2380343385428131,0.04656614571868809,0.030508474576271188
#101,-0.195478758529606,-0.35345586616773056,-0.014063394232885757,0.21747303543913712,-0.13981510015408322,-0.07885097952894563,-0.27977327756988773,-0.004765573409641206,-0.13923398635263043,0.03201628879594981,-0.4098701298701299,0.05587277129650011,-0.2608364516839093,0.05149020471054369,1.0,-0.04897424609289016,0.0337970504072199,-0.14857803213735418,0.28309487123046445,0.05476337222099934,0.39704160246533127,-0.3261038961038961,0.04221659696235967,-0.3460444640105657,0.17365397314549857,-0.18915034118423948,0.08946951353731014,-0.3724125027514858,-0.15141976667400397,-0.031910631741140214,-0.2140611930442439,-0.08835791327316751,-0.1021747743781642,-0.0976865507373982,-0.0411732335461149,0.08941228263262162,-0.006176535329077702,-0.04128109178956636,0.0015012106537530265,-0.29215716486902926,0.3111402157164869,0.03917235307065815,0.0022694254897644727,0.19959278010125467,-0.17794188861985472,-0.21945190402817522,0.11910191503411842,0.04909090909090909,-0.05196786264582875,-0.115181598062954,0.18242791107197887,-0.16126348228043144,-0.00452344265903588,-0.0188663878494387,0.21779661016949153,0.14579793088267665,-0.0003059652212194585,-0.30347127448822364,-0.07956196346026854,-0.1550297160466652,-0.16730134272507155,-0.13182258419546555,-0.07642306845696677,-0.09245652652432314,-0.016381245872771295,-0.05644287915474356,0.028791547435615232,0.18925819942769095,0.4902179176755448,0.2134140435835351,0.29056350429231786,0.2429517939687431,0.3289676425269646,-0.16459828307285934,0.2462953995157385,-0.08675104556460489,0.1040017609509135,-0.10999779881135813,0.19653973145498568,-0.07429231785163988,-0.009322033898305085,-0.1228351309707242,-0.27426150121065374,0.03257979308826767,0.1377856042262822,-0.08809597182478539,-0.13675544794188862,-0.01852740479859124,0.07202949592780102,0.1433568126788466,0.40899405679066697,0.012945190402817521,-0.0737178076161127,-0.33807836231565047,-0.23379925159586176,-0.1150231124807396,-0.1513383226942549,-0.037607307946290996,0.02598283072859344,0.08395773717807616,-0.14038520801232665,-0.08138014527845036,-0.17016508914814,0.0635461149020471,-0.05425049526744442,-0.006916134712744882,-0.10015628439357253,-0.13047765793528504,-0.21497908870790228,-0.18102355271846798,-0.07263482280431433
#102,0.07928241250275149,0.22147919876733435,0.029854721549636806,0.1151221659696236,-0.19999119524543255,-0.3336077481840194,0.07432533568126788,-0.23037860444640107,-0.11303764032577591,0.04856702619414484,-0.09624477217697557,-0.34951573849878936,-0.15920096852300242,-0.46866387849438695,-0.04897424609289016,1.0,-0.08819282412502752,0.02294739159145939,0.25845476557340963,0.28301562843935724,0.22518600044023773,0.6814417785604227,0.17015848558221439,0.25432973805855164,0.33780541492405897,0.25216817081223863,0.1196962359674224,0.3316464891041162,-0.22530706581554039,-0.5956328417345367,-0.13774158045344487,-0.06415804534448602,-0.034116222760290554,-0.1690314769975787,-0.2714285714285714,-0.3456812678846577,-0.12090688972044904,-0.21585736297600705,0.06608848778340304,0.3421681708122386,-0.287442218798151,0.03413603345806736,-0.12954215276249176,-0.15884217477437818,0.17546114902047105,0.40302223200528287,-0.287805414924059,-0.15391371340523882,-0.3145014307726172,0.1948580233325996,-0.19594761171032357,0.0736517719568567,-0.16101034558661678,0.14388509795289456,0.2618005723090469,0.2069095311468193,0.07605987233105878,0.4203587937486243,-0.17377944089808497,0.06515078142196787,-0.018069557561082986,-0.1757671142416905,-0.4548404138234647,-0.47058331499009465,0.04264802993616553,-0.14036759850319172,-0.17861325115562404,-0.1960048426150121,-0.13410961919436495,-0.17281532027294738,-0.20567026194144838,-0.2611204050187101,0.08471714725952013,0.01218578032137354,-0.16858463570327978,-0.008478978648470173,-0.14986792868148802,-0.07889500330178296,0.21701959057891262,-0.15923398635263042,0.15779661016949154,-0.3738476777459828,-0.05960818842174774,-0.0037090028615452343,-0.414025974025974,-0.267805414924059,-0.3103499889940568,-0.325445740699978,-0.10732775698877393,-0.07091789566365837,-0.12301342725071539,-0.3418071758749725,-0.34686770856262383,-0.09320713185119965,-0.11190402817521461,0.09852740479859123,0.052659035879374864,-0.06417565485362095,0.215016508914814,-0.04198327096632181,0.005045124367158265,-0.1537508254457407,-0.010411622276029056,-0.027719568567026193,-0.18472595201408762,-0.0019172353070658155,-0.12728153202729475,-0.1084965881576051,0.0003565925599823905,-0.06444199867928682,-0.06834030376403258
#201,0.06547215496368039,0.06570988333700198,0.7006845696676205,0.40478318291877613,0.4650099053488884,0.41046445080343386,0.10677745982830729,0.02076381245872771,-0.08252916574950474,0.49308826766453884,0.12310807836231565,0.06213515298261061,0.47641866607968303,0.06781862205591019,0.0337970504072199,-0.08819282412502752,1.0,0.6671824785384107,-0.42985912392692055,-0.5843165309267004,-0.06530486462689852,-0.2987387189082104,0.16283072859344047,-0.2222540171692714,0.14562843935725292,-0.44876293198327094,0.0787012987012987,-0.17940788025533788,0.3557935285053929,0.12569227382786705,0.559768875192604,-0.1443451463790447,0.6256482500550297,0.0938498789346247,-0.02414043583535109,-0.4335461149020471,0.09920537090028615,-0.03945630640545895,-0.02689632401496808,0.003431653092670042,-0.015921197446621176,-0.402689852520361,0.1805326876513317,-0.06830288355712084,-0.08375522782302443,-0.11432533568126789,0.3401254677525864,0.31917895663658374,0.057473035439137135,-0.13962139555359895,0.14027294739159146,-0.030873871890821043,0.3658617653532908,0.3613119084305525,0.07675324675324675,0.24651551837992516,-0.11777239709443099,-0.30029055690072637,0.015604226282192385,-0.3809112920977328,-0.3914703940127669,-0.3784217477437816,-0.30538190622936384,-0.19757208892802114,0.1923134492626018,0.22595641646489104,0.3278076161127009,-0.13262601804974686,-0.30818181818181817,-0.3605546995377504,0.3829187761391151,0.049878934624697335,0.036850099053488884,0.20915914593880697,-0.10195465551397755,-0.03353290777019591,-0.29902047105436935,-0.1559454105216817,0.2387211093990755,-0.055214615892581996,0.32739159145938806,0.30830508474576274,0.22988333700198108,0.37808716707021794,-0.12345586616773058,-0.1864802993616553,-0.4242989214175655,0.2290050627338763,-0.210594320933304,0.141963460268545,-0.19677305745102355,-0.06819502531366937,0.023488883997358573,-0.38996478098173015,-0.28629319832709665,0.6189236187541273,0.04268324895443539,0.6821681708122386,0.43604886638784945,0.20173233546114902,0.4586044464010566,0.6933458067356373,0.2361435174994497,0.6811468192824125,0.5937112040501871,0.5999383667180277,0.4124873431653093,-0.41030816640986134,-0.11131410961919437,-0.4424851419766674,-0.37784723750825444
