,#10,#11,#12,#13,#17,#18,#26,#49,#50,#51,#52,#53,#54,#58,#101,#102,#201,#202,#301,#302,#401,#402,#501,#502,#601,#602,#701,#702,#801,#802,#901,#902,#1001,#1002,#1101,#1102,#1201,#1202,#1301,#1302,#1401,#1402,#1501,#1502,#1601,#1602,#1701,#1702,#1801,#1802,#1901,#1902,#2001,#2002,#2101,#2102,#2201,#2202,#2301,#2302,#2401,#2402,#2501,#2502,#2601,#2602,#2701,#2702,#2801,#2802,#2901,#2902,#3001,#3002,#3101,#3102,#3201,#3202,#3301,#3302,#3401,#3402,#3455,#3501,#3502,#3601,#3602,#3701,#3702,#3801,#3802,#3901,#3902,#4001,#4002,#4101,#4102,#4201,#4202,#4301,#4302,#4401,#4402,#4501,#4502,#4601,#4602,#4701,#4702,#4801,#4802
#10,1.0,0.4184833810257539,0.28577151661897426,0.42464450803433856,0.10845696676205151,0.25705040721989875,0.20309267004182258,0.1684437596302003,0.37727272727272726,0.3102377283733216,0.1265925599823905,-0.18412282632621615,0.07459388069557561,-0.09420867268324895,0.055285053929121725,-0.019258199427690952,0.4972265023112481,0.014915254237288136,0.06313889500330179,0.02271186440677966,0.12288355712084525,0.031261281091789564,-0.04131631080783623,0.0025907990314769976,0.08023992956196346,-0.03802993616552939,-0.11257979308826767,-0.11247633722209993,-0.12290556900726392,0.053658375522782305,-0.04823904908650671,0.10607968302883557,-0.13855381906229364,0.12370900286154524,0.08796390050627338,0.3561413163108078,0.09771516618974246,0.04476777459828307,-0.10142637023992956,0.051217257318952235,-0.035247633722209994,0.06482720669161347,-0.14234426590358792,0.14167510455646048,-0.0574224081003742,-0.04368919216376844,-0.19180717587497248,-0.1234536649790887,-0.041008144397974906,-0.1553598943429452,-0.05128989654413383,0.00549636803874092,-0.10082544574069997,-0.044869029275808936,0.006224961479198768,0.012925379705040723,-0.0715100154083205,0.11469513537310147,-0.10432973805855161,-0.06985252036099494,0.049394673123486686,-0.05471054369359454,-0.13009685230024212,-0.0797226502311248,-0.010810037420206912,0.3156636583755228,-0.21469293418445962,0.14940788025533788,0.3588663878494387,0.1340479859123927,0.11747963900506274,-0.025646048866387848,-0.16095751705921196,0.11530266343825665,0.16859344045784724,0.11426810477657935,0.12891481399955976,0.312920977327757,0.12006823684789787,-0.1557869249394673,-0.17680827646929342,0.08042262821923839,,-0.03534008364516839,0.09911292097732775,-0.10541272287034999,-0.04588377723970944,-0.10949592780101254,-0.0027536869909751266,-0.10697776799471714,0.12323354611490205,-0.06120405018710103,-0.020977327756988774,0.06579352850539291,-0.054404578472375086,0.3007902267224301,0.010990534888839974,0.04298261060972925,-0.06874532247413603,-0.16648470173893903,0.01102575390710984,-0.01613911512216597,-0.15589478318291877,-0.028476777459828306,-0.17082104336341625,0.003761831388950033,0.023565925599823904,0.2661479198767334,-0.03675985031917235,-0.20678186220559103,-0.09231344926260181
#11,0.4184833810257539,1.0,0.1981928241250275,0.6519876733436055,0.1890380805635043,0.29329958177415805,0.4782214395773718,0.00688531807175875,0.4204864626898525,0.662969403477878,0.40632621615672465,-0.11235527184679726,0.02546995377503852,0.10366718027734977,0.08426590358793748,0.0021923838872991417,0.49706801672903367,-0.1886814880035219,0.10395113361215057,0.08920757208892802,0.04123486682808717,-0.031926040061633285,-0.11066035659255999,-0.32553378824565266,-0.04901826986572749,-0.1757935285053929,-0.27773497688751925,-0.3299823904908651,-0.02419986792868149,0.3761985472154964,-0.10926920537090029,-0.053451463790446845,-0.10573629760070438,0.23705260840854062,0.09034778780541493,0.239933964340744,0.2102883557120845,0.15163988553819063,-0.03829848117983711,-0.0500264142637024,-0.042885758309487126,0.1174356152322254,0.10692053709002862,0.15965881576051066,0.055467752586396656,-0.1340413823464671,-0.21686770856262383,-0.12443539511336121,-0.19913933524103017,-0.34197666740039623,-0.12528505392912173,-0.09806735637244111,-0.2014373761831389,-0.1950957517059212,-0.3416927140655954,-0.2515826546335021,-0.15949152542372882,-0.09427030596522122,-0.14349328637464231,-0.21609289016068678,-0.09133392031697117,0.035188201628879597,0.18390490865067136,0.13856042262821924,-0.09726172132951794,0.3736825885978428,0.053090468853180715,0.21589918556020252,0.32391371340523883,0.2020250935505173,0.13552718467972705,0.23408540611930442,-0.07536649790887079,-0.06439577371780762,0.19646929341844596,0.24575830948712304,0.032357473035439135,0.32066255778120184,0.3290490865067136,-0.05437596302003082,0.047380585516178735,0.11340303764032578,,0.03799031476997579,0.2637046004842615,0.11419766674003962,0.14677745982830728,-0.2569579572969403,-0.16687871450583314,0.13889500330178298,0.07148800352190182,0.1358793748624257,0.06878494386968963,0.15583755227823023,-0.0576667400396214,0.019775478758529606,-0.05849218578032137,-0.10050627338762932,-0.1973167510455646,-0.06882456526524323,-0.02206251375742901,-0.22452344265903587,-0.1314241690512877,-0.051353731014747966,-0.24647589698437156,0.031983270966321815,0.005956416464891041,0.03924719348448162,0.05041162227602906,-0.15171912832929782,-0.046737838432753684
#12,0.28577151661897426,0.1981928241250275,1.0,0.30480739599383666,0.2000462249614792,0.09407440017609509,0.17223860884877834,0.0374488223640766,0.06552058111380145,0.10046224961479198,-0.1562557781201849,-0.06366718027734977,0.2204556460488664,-0.017642526964560864,-0.30501210653753025,-0.5034558661677305,0.21558441558441557,0.42082104336341625,-0.2671428571428571,-0.37731454985692275,-0.3364758969843716,-0.5001848998459167,-0.010354391371340524,-0.311534228483381,-0.05303764032577592,-0.4285009905348888,0.3600748404138235,0.07504512436715827,-0.2354325335681268,-0.12265463350209113,0.28548316090688974,0.13438696896324015,0.49288795949812897,0.13561082984811798,0.0774686330618534,-0.1251419766674004,0.1561303103675985,-0.2920559101915034,-0.024807395993836672,-0.08195465551397754,-0.1177591899625798,-0.2851353731014748,-0.16168170812238608,-0.36509795289456304,0.10853400836451683,-0.3059806295399516,0.22565265243231344,0.2928153202729474,0.22351089588377723,-0.0007726172132951794,0.20249614791987675,0.3739049086506714,0.2551529826106097,0.21637904468412944,-0.045278450363196124,-0.13240810037420206,0.023086066475896984,-0.43402597402597404,0.18987012987012988,0.17841294298921417,0.27584855822143955,0.24284393572529167,-0.1710939907550077,-0.04563064054589478,0.4351661897424609,0.2933017829627999,-0.13000220118864186,-0.09672903367818622,-0.06219898745322474,-0.02040942108738719,0.41916134712744885,0.4067972705260841,-0.34641646489104116,0.20109619194364958,-0.09978648470173894,0.0972573189522342,0.09088047545674664,0.2087739379264803,0.05931322914373762,-0.24331278890600924,-0.023858683689192164,0.22927360774818403,,0.129900946511116,0.018472375082544575,0.24933303984151442,0.3361038961038961,0.24757869249394673,-0.095214615892582,-0.09746423068456966,-0.09573629760070439,0.09283072859344046,0.303794849218578,0.21972705260840855,-0.07948932423508695,0.4262689852520361,-0.240264142637024,0.4330002201188642,0.3451023552718468,0.24359454105216818,0.43389170151882017,0.45760510675764915,0.2380013207131851,0.36716266784063395,0.3115628439357253,0.42024653312788907,0.3370724191063174,0.2503411842394893,0.11448162007484042,0.14421307506053269,0.19422408100374203
#13,0.42464450803433856,0.6519876733436055,0.30480739599383666,1.0,0.023455866167730575,0.1793022232005283,0.42330618534008363,-0.07661457186880916,0.2530002201188642,0.6090799031476998,0.4530992736077482,-0.19622716266784063,0.08502531366938147,0.16682368478978649,0.19137354171252477,0.11468192824125027,0.69900946511116,-0.17458727712965,0.209570768214836,0.16505172793308387,0.2031719128329298,0.13315430332379485,-0.1496302003081664,-0.22387849438696897,0.09515078142196787,-0.04302443319392472,-0.4762117543473476,-0.2792031697116443,0.05074400176095091,0.3931300902487343,-0.2924191063174114,-0.03658155403918116,-0.21358133392031697,0.2313317191283293,0.07066916134712745,0.3288861985472155,0.3044508034338543,0.25676645388509794,-0.04136913933524103,0.02942989214175655,0.0801716927140656,0.19318071758749725,0.0799603786044464,0.17287475236627778,-0.10689632401496808,-0.03972044904248294,-0.536865507373982,-0.3755249834910852,-0.28860664758969845,-0.2149636803874092,-0.3342064714946071,-0.053876293198327097,-0.32060972925379705,-0.01565705480959718,-0.2089896544133832,0.04524983491085186,-0.16727272727272727,0.1426502311248074,-0.3364076601364737,-0.30510015408320496,-0.16452124147039401,-0.25255337882456524,0.011118203830068236,0.1339489324235087,-0.26700858463570326,0.31530926700418227,-0.11112920977327757,0.11215936605767114,0.34956856702619415,0.2290953114681928,0.061754347347567684,0.1297424609289016,-0.17918996257979308,0.14528505392912172,0.23904908650671364,0.20217257318952234,0.00012766894122826327,0.25871230464450806,0.30714285714285716,0.05704600484261501,0.029933964340744003,0.07240149680827647,,0.0950363196125908,0.15197886858903809,-0.10929782082324455,-0.13066255778120184,-0.20983270966321813,-0.06835791327316751,0.02115562403697997,0.0987409200968523,-0.08639885538190623,0.0411996478098173,-0.032036099493726614,-0.2574642306845697,0.12828307285934404,-0.020081443979749064,-0.14705701078582434,-0.26515958617653534,-0.34867268324895445,-0.049236187541272285,-0.2526304204270306,-0.0538696896324015,-0.10517279330838653,-0.368003521901827,-0.1634338542813119,-0.29064935064935066,-0.11061193044243892,-0.02937046004842615,-0.35137574290116663,-0.30196786264582876
#17,0.10845696676205151,0.1890380805635043,0.2000462249614792,0.023455866167730575,1.0,0.0945674664318732,0.20511776359233985,0.018769535549196567,0.1263284173453665,0.17040721989874533,0.09609289016068677,0.13069117323354612,-0.019112920977327755,0.19678186220559102,0.03609949372661237,-0.08900946511116002,0.13162447721769754,0.029291217257318952,-0.11786044464010566,-0.18426590358793749,-0.05290777019590579,-0.18720228923618754,-0.12771956856702618,-0.15193924719348448,0.12643847677745984,-0.20751705921197447,0.07624036979969183,-0.09957517059211975,-0.08649570768214836,0.07401276689412283,0.01681488003521902,0.06209553158705701,0.025177195685670263,0.055370900286154524,0.08175874972485142,-0.1906515518379925,-0.04628439357252916,-0.07503852080123266,-0.04308166409861325,0.04662998018930222,0.022843935725291656,-0.17179396874312128,0.011016949152542373,-0.09381245872771296,-0.08834470614131631,-0.1463746423068457,0.13859784283513096,0.16599603786044465,-0.04211314109619194,-0.09621395553598944,0.12829627999119525,0.10523882896764253,0.03945630640545895,-0.30098613251155626,-0.10879594981289896,-0.335313669381466,-0.1543913713405239,-0.3732599603786044,0.2947567686550737,-0.19134932863746423,0.19703940127668942,0.21292758089368258,-0.12994497028395333,0.09130090248734317,0.07070217917675545,0.020215716486902926,0.1423068456966762,0.1102773497688752,0.04348448162007484,-0.008164208672683249,-0.005665859564164649,-0.03766894122826326,-0.23941008144397974,-0.1576865507373982,-0.13698877393792647,-0.2451353731014748,-0.10748404138234646,0.010268545014307726,0.20858023332599604,-0.13922738278670482,0.12796169931763152,-0.16913273167510456,,0.15759850319172353,0.24728593440457847,0.2898877393792648,0.2642064714946071,0.02677305745102355,0.049861325115562405,0.16430552498349107,0.08950913493286375,0.09561743341404358,0.05795509575170592,0.12921417565485363,0.06702399295619635,0.2583645168390931,-0.1420889280211314,0.1330926700418226,0.06655293858683689,0.04466651992075721,0.1518578032137354,0.05577151661897425,-0.1235923398635263,0.2202509355051728,0.07266784063394233,0.1929055690072639,0.18997138454765575,-0.011862205591019151,0.15580673563724412,0.1519524543253357,0.055025313669381466
#18,0.25705040721989875,0.29329958177415805,0.09407440017609509,0.1793022232005283,0.0945674664318732,1.0,0.11882896764252697,0.1309024873431653,-0.07508034338542813,0.17836231565045124,0.013246753246753246,0.11193484481620075,0.33055690072639227,0.00020471054369359455,-0.013801452784503633,0.019621395553598944,0.20183579132731674,0.013768434954875633,0.012923178516398855,0.02581994276909531,-0.1336055469953775,-0.006867708562623817,-0.03613471274488224,-0.015227823024433195,-0.01075941008144398,-0.011598062953995158,-0.0033392031697116443,-0.0664208672683249,0.035850759410081444,0.2925049526744442,-0.08598723310587718,-0.12700858463570328,-0.02344706141316311,0.1534338542813119,-0.10121065375302664,0.21232445520581114,0.08822143957737177,0.05595421527624918,0.22380585516178736,0.08962579793088268,-0.12727272727272726,0.189603786044464,0.2105679066696016,0.0811996478098173,-0.07802993616552939,0.03410521681708122,0.06370680167290337,0.09998459167950693,-0.053240149680827645,-0.047886858903808054,0.08136033458067356,0.05071978868589038,-0.04671582654633502,-0.09221659696235968,-0.06832049306625577,-0.004957076821483601,-0.11944750165089148,0.11173013427250715,0.1689654413383227,-0.06049966982170372,0.018771736737838433,-0.04362095531587057,0.050660356592559984,-0.11204050187101035,0.02539731454985692,-0.0028681488003521904,-0.056180937706361435,-0.14626678406339425,0.1520823244552058,-0.16987012987012987,0.035701078582434514,-0.0687871450583315,-0.03094210873871891,-0.09987893462469734,0.05892361875412723,0.104785384107418,-0.06590138674884438,0.130858463570328,0.1059454105216817,0.07219898745322474,0.03476337222099934,0.1170526084085406,,-0.024585075941008144,0.122623816861105,-0.06687211093990755,0.08252036099493727,-0.06942989214175654,-0.016163328197226504,0.0486352630420427,0.09904908650671362,-0.1108826766453885,0.14078802553378825,0.08971384547655734,0.060151882016288793,0.03429011666299802,-0.13850539291217256,-0.049062293638564826,0.01298481179837112,0.06234206471494607,0.13313229143737618,0.07133392031697117,-0.272062513757429,0.1922232005282853,0.13158265463350208,0.20012106537530266,0.14806955756108298,0.11518820162887959,-0.07428131190843056,-0.07747963900506273,-0.07324455205811138
#26,0.20309267004182258,0.4782214395773718,0.17223860884877834,0.42330618534008363,0.20511776359233985,0.11882896764252697,1.0,0.26691173233546117,0.22926700418225843,0.5060444640105657,0.39935505172793306,0.11112040501871011,0.23914813999559761,0.12290997138454765,0.10798151001540832,-0.17587937486242572,0.3920052828527405,-0.11072639225181598,0.11821263482280431,0.006839093110279551,0.11009465111160026,-0.1580101254677526,-0.16419766674003963,-0.2784613691393352,-0.10845916795069338,-0.24308386528725512,-0.08919436495707682,-0.30421527624917455,0.10671582654633502,0.12107638124587278,-0.08403697996918336,0.09172573189522341,0.12800352190182698,0.04554259300022012,0.10028175214615892,0.14659476117103235,0.23454325335681267,0.044525643847677744,-0.08017609509134933,-0.07287695355491966,0.10313889500330178,0.06270305965221219,0.17242350869469514,-0.14244772176975568,-0.07582214395773718,-0.19782082324455205,-0.08394893242350869,-0.06979088707902267,0.0030640545894783182,-0.3083028835571208,-0.11055249834910852,-0.06393792648029936,-0.07350869469513538,-0.34679286814880034,-0.23817521461589258,-0.3003103675985032,-0.14244992295839753,-0.24315650451243673,0.0073827867048206035,-0.20800572309046886,0.008879594981289896,0.21561523222540172,0.15174334140435836,0.2593286374642307,-0.06389390270746204,0.07912832929782082,0.13833370019810698,0.2616552938586837,0.23554919656614573,0.11053268765133172,0.14866167730574512,0.16443759630200308,-0.1386022452124147,-0.17157825225621837,0.05215056130310368,-0.07093330398415144,-0.06955535989434294,0.021631080783623156,0.06758529605987233,-0.09898084965881576,0.30400176095091347,-0.05867708562623817,,0.2010675764913053,0.2701298701298701,0.122359674224081,0.21163548316090688,-0.3521417565485362,-0.16486682808716707,-0.020693374422187983,0.030074840413823464,0.1539159145938807,-0.048798151001540835,0.3933281972265023,-0.11904248294078802,0.04017169271406559,-0.06287255117763592,0.06822143957737178,-0.21647809817301342,-0.00661237068016729,0.05427250715386309,-0.007343165309267004,-0.11997578692493947,0.11077701959057891,-0.01526964560862866,0.10708562623816861,-0.022934184459608188,-0.004457406999779881,0.13615452344265905,0.045421527624917454,-0.11216156724631302
#49,0.1684437596302003,0.00688531807175875,0.0374488223640766,-0.07661457186880916,0.018769535549196567,0.1309024873431653,0.26691173233546117,1.0,0.018080563504292317,-0.008828967642526964,0.1765529385868369,0.38344926260180495,0.1686814880035219,0.15256658595641648,-0.11835571208452564,-0.2140545894783183,-0.0636517719568567,0.11722650231124808,-0.11682588597842836,0.05527624917455426,-0.3058067356372441,-0.1780937706361435,-0.0922474136033458,-0.19848998459167952,-0.32031256878714504,-0.142920977327757,0.08741140215716486,0.023858683689192164,0.16231565045124366,0.04216817081223861,0.09871670702179176,-0.06858023332599604,0.16836891921637684,-0.23740699977988114,0.22652872551177636,0.01421087387189082,-0.08477437816420867,0.031036759850319173,0.04286594761171032,-0.017127448822364076,0.09630420427030596,-0.1985296059872331,0.04903587937486242,-0.04955976227162668,-0.13941008144397976,-0.35662117543473476,0.32848117983711206,0.3376997578692494,0.27604666519920756,-0.15055469953775039,0.24826326216156724,0.0711930442438917,0.09387409200968523,-0.2385560202509355,-0.3374246092890161,-0.34091349328637466,-0.1787607307946291,-0.12452784503631961,0.27761171032357473,-0.006070878274268105,0.23029275808936825,0.32313449262601807,0.14095311468192825,0.10892802113141097,0.147310147479639,0.05654633502091129,0.41311908430552496,-0.0512458727712965,0.0513713405238829,-0.00474356152322254,0.20872551177635923,0.04220779220779221,-0.06699977988113581,-0.010640545894783183,-0.06432753686990975,0.0690975126568347,-0.10501210653753026,0.01817081223860885,-0.16261501210653753,-0.13756548536209554,0.3656570548095972,-0.105148580233326,,0.2579242791107198,0.0599405679066696,0.21355051727933083,0.15767774598283074,0.0006559542152762491,0.08756328417345366,-0.021131410961919436,0.032104336341624476,0.11982830728593441,-0.1619106317411402,0.2671340523882897,-0.07908870790226723,0.061873211534228485,-0.07640105657054809,0.07614131631080784,0.03157164869029276,0.16327977107638125,0.1755558001320713,0.22814659916354832,-0.23069117323354613,0.3313449262601805,0.16685230024213074,0.2858177415804534,0.0711071978868589,0.18149900946511116,0.13551177635923398,0.1810279550957517,0.1476469293418446
#50,0.37727272727272726,0.4204864626898525,0.06552058111380145,0.2530002201188642,0.1263284173453665,-0.07508034338542813,0.22926700418225843,0.018080563504292317,1.0,0.5252322254017169,0.2930222320052829,-0.28182038300682366,-0.21453004622496147,0.17661457186880916,-0.14104996698217037,-0.06447061413163108,0.33220338983050846,-0.16051067576491304,-0.08966101694915254,-0.08326436275588818,-0.09810257539071099,-0.009291217257318952,0.06470834250495268,0.08362315650451244,0.13039181157825225,-0.027779000660356594,-0.08280431432973806,0.16790887079022673,-0.25465771516618974,-0.04652212194585076,0.017686550737398193,-0.12573849878934626,-0.07626678406339424,0.1329011666299802,0.10392471934844816,0.14906009244992297,-0.05266123706801673,-0.07097072419106318,-0.11225181598062954,-0.01675544794188862,-0.003229143737618314,-0.0924785384107418,0.10826766453885098,0.10458507594100815,0.05028835571208452,0.1403235747303544,-0.1127360774818402,-0.11775038520801233,-0.12172353070658155,0.03501430772617213,0.09321813779440898,0.1381289896544134,0.0510411622276029,0.009093110279550957,-0.02738498789346247,0.10858023332599603,-0.07175874972485143,-0.08992295839753467,-0.11343825665859564,-0.013160906889720448,-0.011340523882896764,0.018184019370460047,-0.08408540611930443,0.12569887739379265,0.09651551837992516,0.2923860884877834,-0.15320933303984152,0.1636781862205591,0.052080123266563944,0.30313449262601805,0.09935064935064936,0.1606185340083645,-0.23096191943649572,0.09436935945410521,-0.038791547435615234,0.04460268545014308,-0.05726392251815981,0.22171252476337222,0.18188421747743783,-0.11758529605987234,-0.014248294078802553,-0.07695575610829848,,-0.012016288795949813,0.013944530046224961,0.03570988333700198,-0.00035219018269865726,-0.31733436055469955,-0.25927801012546775,0.09296720228923619,-0.0063086066475896985,0.25777459828307286,0.12111600264142637,-0.015007704160246533,-0.002700858463570328,0.24298921417565486,0.10845916795069338,0.16483821263482282,0.02656614571868809,-0.059282412502751486,0.03749724851419767,-0.1275808936825886,-0.08126348228043143,-0.04067796610169491,-0.15827426810477657,-0.08164648910411622,0.012872551177635923,0.06628439357252916,0.3165529385868369,-0.07811798371120406,-0.06241690512876954
#51,0.3102377283733216,0.662969403477878,0.10046224961479198,0.6090799031476998,0.17040721989874533,0.17836231565045124,0.5060444640105657,-0.008828967642526964,0.5252322254017169,1.0,0.5983403037640326,-0.33552938586836895,-0.13513097072419106,0.15478538410741802,0.22539731454985693,0.0709685230024213,0.5751551837992516,-0.21815320272947392,0.16045344486022453,0.11580233325996038,0.2337244111820383,0.05290336781862206,-0.02560202509355052,-0.11300242130750605,0.15609509134932864,-0.022736077481840193,-0.30541492405899184,-0.21318511996478098,-0.0224125027514858,0.22941228263262162,-0.2667554479418886,-0.21896544133832269,-0.21832049306625578,0.22699977988113582,0.07183138895003302,0.2492604006163328,0.2938498789346247,0.1848646268985252,0.05897424609289016,0.05644948272066916,-0.03087607307946291,0.02875192604006163,0.15441998679286814,0.08700638344706141,-0.0023904908650671363,-0.0513185119964781,-0.382161567246313,-0.3530266343825666,-0.24434954875632842,-0.1844684129429892,-0.28031256878714506,-0.13826326216156726,-0.19314329738058553,-0.1911930442438917,-0.11491745542593,-0.05168170812238609,-0.06262821923838872,-0.07951353731014749,-0.23981069777679948,-0.32018269865727494,-0.22095751705921196,-0.09613471274488224,0.05417125247633722,0.17903587937486243,-0.13398415144177855,0.35268765133171914,-0.02162227602905569,0.1394607087827427,0.30094430992736076,0.34221219458507596,0.07340303764032578,0.2029253797050407,-0.07868368919216377,0.0348646268985252,0.14316090688972044,0.13223860884877833,-0.09067576491305304,0.13904908650671363,0.26767554479418887,-0.05556460488663879,0.08406119304424389,-0.03695575610829848,,-0.09270085846357033,0.006883116883116883,0.035683469073299584,-0.05486902927580894,-0.30467752586396657,-0.2615980629539952,-0.014417785604226283,-0.06462249614791987,-0.05154303323794849,0.06918335901386749,0.06294519040281753,-0.0978912612810918,0.07043143297380586,0.028738718908210434,-0.11281091789566366,-0.25052388289676425,-0.2480497468633062,-0.12837992515958618,-0.35209112920977326,-0.20423508694695136,-0.14892141756548535,-0.34327096632181375,-0.14689632401496808,-0.1324983491085186,-0.2067290336781862,0.1284833810257539,-0.24160026414263702,-0.09637023992956197
#52,0.1265925599823905,0.40632621615672465,-0.1562557781201849,0.4530992736077482,0.09609289016068677,0.013246753246753246,0.39935505172793306,0.1765529385868369,0.2930222320052829,0.5983403037640326,1.0,-0.0828417345366498,-0.022612810917895663,0.1959982390490865,0.19566585956416466,0.26541052168170814,0.37817301342725074,-0.08581113801452785,0.16175214615892583,0.39832269425489764,0.25665639445300464,0.2653202729473916,-0.06232445520581114,-0.07003081664098613,0.11025093550517279,0.08294078802553378,-0.42150341184239487,-0.2221307506053269,0.1869029275808937,0.14986792868148802,-0.36283733215936603,-0.11596742240810037,-0.26216376843495487,0.15465551397754787,0.11363416244772177,0.3118952234206471,0.029738058551617874,0.2565991635483161,-0.08688311688311688,-0.0374818401937046,0.10618534008364516,0.05364076601364737,0.19655073739819504,0.15837992515958618,-0.13266563944530047,-0.038692493946731236,-0.4371560642747083,-0.34683469073299583,-0.20664098613251156,-0.17495047325555801,-0.35189522342064716,-0.20813559322033898,-0.31635923398635263,-0.27770195905789125,-0.25255558001320716,-0.1730772617213295,-0.17736297600704382,0.16652212194585075,-0.24559542152762492,-0.41626018049746866,-0.20873651771956855,-0.11732335461149021,0.17533127889060093,0.05303543913713405,-0.28147919876733435,0.3713779440898085,0.1883248954435395,0.2825621835791327,0.3720360994937266,0.2413911512216597,-0.050257539071098395,0.036337222099933966,-0.023466872110939906,0.07464010565705481,0.25733436055469955,0.18362315650451244,-0.04205150781421968,0.0725313669381466,0.21399075500770415,0.20811138014527844,0.22465111160026413,-0.2313779440898085,,0.11145938806955756,0.2050363196125908,-0.06801672903367818,-0.12999559762271626,-0.18926480299361656,-0.07704160246533127,0.10272287034998899,0.17472154963680386,-0.02627338762931983,0.03532027294739159,5.7230904688531804e-05,-0.17658815760510677,-0.06574510235527185,0.07009465111160026,-0.3350451243671583,-0.3724125027514858,-0.39665419326436274,-0.2487343165309267,-0.42343825665859564,-0.3626832489544354,-0.20965001100594322,-0.43670922298040943,-0.2045608628659476,-0.2966585956416465,-0.2713955535989434,-0.05692934184459608,-0.3506053268765133,-0.2915870570107858
#53,-0.18412282632621615,-0.11235527184679726,-0.06366718027734977,-0.19622716266784063,0.13069117323354612,0.11193484481620075,0.11112040501871011,0.38344926260180495,-0.28182038300682366,-0.33552938586836895,-0.0828417345366498,1.0,0.3520449042482941,0.1313053048646269,-0.09328417345366498,-0.21039621395553598,-0.2874576271186441,0.020510675764913052,-0.20711204050187101,0.05717147259520141,-0.17116883116883116,-0.13031476997578692,-0.09546775258639666,-0.29350429231785163,-0.29185340083645167,-0.14029275808936825,-0.019995597622716268,-0.15719788685890382,0.17533127889060093,0.060431432973805856,0.07295839753466872,0.045985031917235304,0.23031697116442879,0.0311534228483381,0.2430332379484922,-0.13919876733436057,-0.1673695795729694,0.00039621395553598944,0.22209112920977328,-0.053746423068456964,0.16169711644287915,-0.04588597842835131,0.08801232665639445,-0.015364296720228923,-0.1531256878714506,-0.1863152102135153,0.28686330618534006,0.3361501210653753,-0.0634800792427911,-0.15833590138674886,0.27187541272287036,0.004133832269425489,-0.031276689412282635,-0.33033898305084747,-0.30445960818842177,-0.3984833810257539,-0.04314329738058552,-0.08089368258859785,0.28309927360774817,-0.1333017829627999,0.18068897204490425,0.32715606427470834,0.3524851419766674,0.24301562843935726,-0.05043363416244772,-0.25861985472154964,0.42331939247193484,-0.12942108738718908,0.012309046885318071,-0.05439797490644948,-0.006797270526084085,-0.03549196566145719,0.17294078802553378,-0.10030156284393572,0.03528505392912173,-0.09971824785384108,-0.12756548536209553,-0.21079903147699758,-0.012280431432973806,-0.004085406119304425,0.30816420867268324,0.005696676205150781,,0.42520581113801453,0.27825005502971606,0.24070438036539732,0.18945190402817522,0.1798151001540832,0.2802707462029496,0.1541470394012767,0.0524851419766674,0.3139995597622716,-0.1765331278890601,0.21292317851639886,0.13225841954655515,-0.12917895663658374,-0.07572749284613692,-0.01049306625577812,-0.00475676865507374,0.15713845476557342,0.14571648690292757,0.22362095531587056,-0.00599603786044464,0.07725511776359234,0.37556680607528065,0.2130662557781202,0.21439137134052388,0.10739379264802994,0.04610169491525424,0.33361655293858683,0.15213955535989435
#54,0.07459388069557561,0.02546995377503852,0.2204556460488664,0.08502531366938147,-0.019112920977327755,0.33055690072639227,0.23914813999559761,0.1686814880035219,-0.21453004622496147,-0.13513097072419106,-0.022612810917895663,0.3520449042482941,1.0,0.019394673123486684,-0.014875632841734536,-0.1879903147699758,0.028010125467752587,0.0031234866828087167,-0.04705480959718248,-0.07669381465991636,-0.10333259960378605,-0.16664098613251155,-0.04311468192824125,-0.1401452784503632,-0.20165749504732555,-0.16149460708782742,-0.07906669601584856,-0.20173233546114902,0.10463130090248735,0.23521021351529825,0.02050627338762932,0.16096632181377943,0.25994276909531144,0.19576931543033238,0.10921637684349549,0.12502751485802333,-0.01925379705040722,0.030821043363416244,0.09578472375082545,-0.006898525203609949,0.02980629539951574,0.29082984811798374,0.046143517499449706,0.0028219238388729915,-0.03504732555580013,-0.028346907329958176,0.07219898745322474,0.10854061193044244,-0.03519040281752146,-0.2102047105436936,0.07918996257979309,-0.030651551837992515,-0.06569887739379265,-0.19387409200968522,-0.11048866387849439,-0.19645608628659475,0.018712304644508033,-0.12229143737618314,0.1329605987233106,-0.21070438036539732,0.1471912832929782,0.07942769095311468,0.14617433414043585,0.03538630860664759,-0.0877327756988774,-0.18012987012987014,0.1738498789346247,-0.0823002421307506,0.06148580233325996,-0.20404358353510896,0.012234206471494606,0.10932863746423069,-0.05185560202509355,0.06522562183579132,0.07735417125247633,-0.030640545894783183,0.09206471494607088,0.006282192383887299,-0.10909751265683469,-0.016506713625357692,0.09971384547655734,0.17985912392692055,,0.18516398855381908,0.26421747743781643,0.07925159586176535,0.16738718908210434,0.26021351529826103,0.284950473255558,0.12382786704820603,0.30487343165309266,0.23171692714065595,0.0986814880035219,0.18687871450583315,0.09628659476117103,0.037831829187761394,-0.12526964560862866,0.05548756328417345,-0.15140655954215276,0.045432533568126786,0.01412722870349989,0.2403565925599824,0.10829627999119525,-0.013603345806735638,0.23195245432533568,0.23927801012546776,0.13246313009024874,0.14884657715166189,-0.38609289016068676,0.14322694254897644,0.14745102355271847
#58,-0.09420867268324895,0.10366718027734977,-0.017642526964560864,0.16682368478978649,0.19678186220559102,0.00020471054369359455,0.12290997138454765,0.15256658595641648,0.17661457186880916,0.15478538410741802,0.1959982390490865,0.1313053048646269,0.019394673123486684,1.0,-0.07871890821043363,-0.15803433854281312,0.0077944089808496585,-0.057272727272727274,-0.21511776359233986,-0.14159806295399516,-0.17878494386968963,-0.13077261721329517,-0.09541272287034999,-0.27958837772397094,0.07971384547655734,-0.06369579572969404,-0.15811138014527845,-0.12640986132511556,0.012773497688751925,0.015681267884657714,0.1493616552938587,-0.08415144177856042,-0.0018181818181818182,0.20017389390270746,0.4023816861104997,-0.13152102135152982,0.0087607307946291,-0.002769095311468193,0.06800352190182699,0.05838212634822804,-0.023753026634382567,-0.09268545014307726,0.3522077922077922,-0.16681488003521902,-0.16653973145498568,-0.026506713625357694,0.013625357693154304,0.14195465551397754,-0.13068016729033677,-0.18569227382786704,0.08495267444419986,0.05821703720008805,-0.061943649570768214,-0.05287475236627779,-0.31920096852300245,-0.2423530706581554,-0.07405679066696016,-0.22268104776579353,0.03131631080783623,-0.1039687431212855,0.24901606867708562,0.1612524763372221,0.23746643187321154,0.43161787365177195,-0.09262161567246313,0.18463350209112922,0.4452278230244332,-0.11547215496368039,-0.057908870790226726,0.1732951793968743,0.13830288355712084,0.025903587937486244,-0.03473915914593881,0.015071538630860665,0.015161787365177195,-0.11847897864847018,-0.01831168831168831,0.09966541932643627,-0.039152542372881356,-0.05289236187541272,0.32246313009024874,-0.07856482500550298,,0.3186814880035219,0.09675544794188862,0.279768875192604,0.25737398195025313,0.2009553158705701,-0.21597402597402598,0.27051067576491306,0.01933964340744002,0.22969843715606428,0.0037574290116663,0.1978230244331939,-0.11524763372220999,0.08644287915474357,-0.09621835791327317,-0.004138234646709223,0.034959278010125466,0.04675544794188862,0.26518820162887957,0.062212194585075944,0.08141536429672024,0.08561963460268544,0.17659255998239048,0.2410015408320493,0.10057451023552719,0.032821923838872995,0.2498415144177856,0.09660356592559982,0.012863746423068458
#101,0.055285053929121725,0.08426590358793748,-0.30501210653753025,0.19137354171252477,0.03609949372661237,-0.013801452784503633,0.10798151001540832,-0.11835571208452564,-0.14104996698217037,0.22539731454985693,0.19566585956416466,-0.09328417345366498,-0.014875632841734536,-0.07871890821043363,1.0,0.5011424169051287,0.13182258419546555,-0.34960158485582216,0.6104798591239269,0.39004182258419545,0.7575214615892581,0.4931785163988554,0.17594981289896544,0.11969403477878054,0.3796169931763152,0.3151221659696236,-0.3949020471054369,-0.49031917235307065,0.45492185780321376,0.20939687431212856,-0.4934338542813119,-0.11680827646929341,-0.5418600044023772,-0.1072639225181598,-0.11509355051727933,0.06579132731675104,0.28890160686770855,0.38587057010785825,-0.013105877173673784,0.2059916354831609,0.06559322033898306,0.29530486462689853,0.1487277129650011,0.37119524543253357,-0.06484041382346467,0.24535769315430334,-0.47119084305524983,-0.5692692053709003,-0.4865111160026414,-0.32065155183799254,-0.6037200088047545,-0.5319810697776799,-0.5084745762711864,-0.3858727712965001,0.06283072859344045,0.1543627558881796,0.004858023332599604,0.24091129209773277,-0.3363328197226502,-0.4954545454545455,-0.3363570327977108,-0.29097292537970504,0.02170151882016289,0.04038080563504292,-0.6327823024433193,-0.34289016068677086,0.08040501871010346,0.24116442879154742,0.18675324675324675,-0.07139335241030156,-0.5269601584855822,-0.3020427030596522,0.17245652652432314,-0.23678186220559103,0.03354171252476337,-0.3085428131190843,-0.16407660136473695,-0.1688069557561083,0.27148800352190183,0.24124807395993836,-0.012883557120845256,-0.0016178736517719569,,-0.1613581333920317,-0.16783182918776138,-0.3340810037420207,-0.3067114241690513,-0.3439401276689412,0.20290777019590578,-0.14000440237728373,0.08075500770416025,-0.2405723090468853,-0.31874312128549415,-0.2687409200968523,-0.19190843055249834,-0.1920360994937266,0.2505591019150341,-0.466418666079683,-0.5845762711864407,-0.48697116442879157,-0.6074928461369139,-0.45305524983491086,-0.2882082324455206,-0.3764648910411622,-0.35168831168831166,-0.39832709663218135,-0.3988465771516619,-0.4374972485141977,-0.18193704600484262,-0.4144419986792868,-0.41552718467972705
#102,-0.019258199427690952,0.0021923838872991417,-0.5034558661677305,0.11468192824125027,-0.08900946511116002,0.019621395553598944,-0.17587937486242572,-0.2140545894783183,-0.06447061413163108,0.0709685230024213,0.26541052168170814,-0.21039621395553598,-0.1879903147699758,-0.15803433854281312,0.5011424169051287,1.0,0.07815100154083204,-0.10252696456086287,0.6871582654633502,0.6804270305965221,0.5189214175654854,0.8434910851860005,0.09641646489104116,0.501666299801893,0.28200088047545674,0.6301122606207352,-0.4920647149460709,0.028604446401056572,0.39397094430992735,0.342920977327757,-0.5136253576931543,-0.08858903808056351,-0.6731785163988554,0.007781201848998459,-0.15270966321813778,0.19554039181157826,-0.029016068677085626,0.5201474796390051,-0.1828857583094871,0.16718467972705262,0.09430772617213296,0.26460488663878495,0.15995597622716268,0.6481179837112041,-0.1547919876733436,0.49681708122386087,-0.5365749504732555,-0.6397050407219899,-0.47386748844375964,0.0677657935285054,-0.5312436715826546,-0.3554567466431873,-0.5114395773717808,-0.20604006163328198,0.06739379264802993,0.3514968082764693,-0.36043803653973144,0.6829936165529386,-0.4498613251155624,-0.38964780981730135,-0.47880255337882455,-0.6283050847457627,-0.21851199647809819,-0.19905569007263924,-0.4484085406119304,-0.10441338322694255,-0.21417785604226283,0.28417565485362095,0.22735857362976006,0.13888399735857362,-0.4491965661457187,-0.3741008144397975,-0.06090468853180717,-0.2550429231785164,-0.09014747963900506,-0.15523222540171694,-0.32212194585075943,-0.19879815100154083,0.3106735637244112,0.6826942548976447,0.010180497468633061,-0.15222099933964342,,-0.17918996257979308,-0.1295971824785384,-0.4717895663658376,-0.4965881576051068,-0.29555139775478756,0.3012722870349989,-0.1540215716486903,0.20977327756988773,-0.2883975346687211,-0.07697556680607529,-0.5262887959498129,-0.15983711204050188,-0.13520581113801453,0.5953554919656615,-0.6032203389830508,-0.49475236627779,-0.4782588597842835,-0.606418666079683,-0.540543693594541,-0.22624477217697556,-0.5983248954435395,-0.5939181157825225,-0.5731653092670042,-0.5800770416024653,-0.479768875192604,-0.34815100154083206,-0.5834756768655074,-0.5491503411842394
#201,0.4972265023112481,0.49706801672903367,0.21558441558441557,0.69900946511116,0.13162447721769754,0.20183579132731674,0.3920052828527405,-0.0636517719568567,0.33220338983050846,0.5751551837992516,0.37817301342725074,-0.2874576271186441,0.028010125467752587,0.0077944089808496585,0.13182258419546555,0.07815100154083204,1.0,-0.0006999779881135814,0.16962139555359895,0.0512128549416685,0.18038961038961038,0.07365397314549857,-0.2683248954435395,-0.07721549636803875,0.022196786264582876,-0.0037882456526524325,-0.2349438696896324,-0.21710763812458728,0.1467840633942329,0.32918335901386747,-0.23179176755447942,-0.022982610609729254,-0.12908210433634162,0.28916134712744884,0.08651551837992516,0.3487211093990755,0.2517631521021352,0.21688972044904248,-0.12127668941228263,0.04933744221879815,0.1190182698657275,0.21482720669161348,-0.035855161787365177,0.1148250055029716,-0.12822143957737178,-0.1675016508914814,-0.38575610829848117,-0.2659652212194585,-0.08183579132731675,-0.10468633061853401,-0.2151683909311028,-0.050895883777239706,-0.17117103235747302,-0.09103896103896104,-0.08734096412062514,0.034219678626458284,-0.10993616552938587,0.03841734536649791,-0.20176755447941888,-0.2890248734316531,-0.17708562623816862,-0.18162667840633942,-0.09409861325115562,0.06909971384547656,-0.13165749504732555,0.36114461809377063,-0.16888399735857362,0.1474356152322254,0.44345146379044686,0.30680827646929343,0.14583094871230465,0.248201628879595,-0.2732049306625578,0.13316530926700418,0.11466872110939907,0.12362976007043804,-0.032014087607307944,0.34279771076381244,0.10617873651771957,-0.016161127008584637,-0.10596742240810038,-0.025390710983931322,,-0.16476777459828307,0.05927801012546775,-0.05716046665199208,0.0031256878714505834,-0.30358353510895886,-0.0664670922298041,-0.17711424169051287,0.0028109178956636583,-0.15666960158485582,0.05658595641646489,0.1537310147479639,-0.19099273607748185,0.2514131631080784,0.0047963900506273385,0.007215496368038741,-0.1935461149020471,-0.26696456086286596,0.029462909971384548,-0.20081223860884878,-0.05237508254457407,-0.04099493726612371,-0.3246224961479199,-0.14830728593440456,-0.22977107638124586,-0.0030310367598503194,-0.01558661677305745,-0.22660356592559983,-0.20330398415144177
