,#10,#11,#12,#13,#17,#18,#26,#49,#50,#51,#52,#53,#54,#58,#101,#102,#201,#202,#301,#302,#401,#402,#501,#502,#601,#602,#701,#702,#801,#802,#901,#902,#1001,#1002,#1101,#1102,#1201,#1202,#1301,#1302,#1401,#1402,#1501,#1502,#1601,#1602,#1701,#1702,#1801,#1802,#1901,#1902,#2001,#2002,#2101,#2102,#2201,#2202,#2301,#2302,#2401,#2402,#2501,#2502,#2601,#2602,#2701,#2702,#2801,#2802,#2901,#2902,#3001,#3002,#3101,#3102,#3201,#3202,#3301,#3302,#3401,#3402,#3455,#3501,#3502,#3601,#3602,#3701,#3702,#3801,#3802,#3901,#3902,#4001,#4002,#4101,#4102,#4201,#4202,#4301,#4302,#4401,#4402,#4501,#4502,#4601,#4602,#4701,#4702,#4801,#4802
#10,1.0,0.4460202509355052,0.6665133171912833,0.4892273827867048,0.18422628219238388,0.29039401276689414,0.06477217697556681,0.49347567686550736,0.3193594541052168,0.522491745542593,0.22826766453885097,0.26078582434514636,0.29653532907770197,0.0033788245652652434,-0.12288575830948713,-0.030592119744662118,0.6004314329738059,0.544983491085186,-0.18521681708122387,0.1908892802113141,-0.02469073299581774,0.1273167510455646,-0.027336561743341405,0.1227690953114682,-0.01606207351970064,0.20499889940567906,-0.21067576491305304,0.04905789126128109,0.13732555580013206,0.0022496147919876734,0.2861501210653753,0.18488003521901827,0.28931322914373764,0.11671142416905128,0.043341404358353514,-0.058725511776359235,-0.23126348228043142,-0.10923838872991415,-0.02763812458727713,0.049172353070658155,-0.22462029495927802,-0.12068677085626238,-0.1481223860884878,0.023825665859564166,-0.11777019590578913,-0.17046445080343386,0.08341844596081885,-0.009586176535329078,-0.2683381025753907,-0.11221219458507595,0.21155844155844156,-0.2735197006383447,0.14817741580453445,0.1924323134492626,-0.2344375963020031,0.18055029716046664,-0.25887079022672244,-0.28340744001760954,-0.17828527404798591,-0.28513757429011666,-0.007651331719128329,-0.08709883337001981,-0.24575170592119744,-0.2577349768875193,0.5495597622716267,0.2918578032137354,-0.08140655954215276,-0.33097952894563065,0.00014307726172132953,0.03417345366497909,0.3954523442659036,0.5321879815100155,0.09674664318732115,0.09871670702179176,-0.2473167510455646,0.03629319832709663,-0.04554479418886199,0.0162953995157385,-0.016167730574510236,-0.03403918115782523,0.05723310587717367,0.09571648690292758,-0.07176975566806075,-0.020988333700198106,0.25572309046885316,-0.020891481399955975,-0.019024873431653093,-0.015128769535549197,-0.2338961038961039,-0.03940347787805415,-0.052659035879374864,-0.12701518820162888,-0.1294078802553379,-0.04953114681928241,-0.1655910191503412,0.33675324675324675,0.22890160686770855,0.5295135373101475,0.454455205811138,0.4856856702619414,0.4265309267004182,0.43619194364957076,0.41089588377723973,0.29157384987893464,0.3605679066696016,0.32574290116662996,0.3587673343605547,-0.020530486462689852,0.08461149020471054,-0.2249306625577812,-0.09475456746643188
#11,0.4460202509355052,1.0,0.31680387409200966,0.376649790887079,-0.09824785384107418,-0.11423068456966762,0.14906889720449043,0.15782302443319393,0.15805635042923177,0.2848029936165529,0.17314990094651111,0.031873211534228486,-0.11555359894342945,-0.004263702399295619,0.257442218798151,0.26738718908210435,0.31378604446401054,0.23944970283953335,0.16208672683248954,0.41663438256658597,0.29565925599823906,0.38716046665199205,-0.2361369139335241,0.1826766453885098,0.1148382126348228,0.30180277349768875,-0.05659035879374862,0.15649130530486463,0.06322694254897644,0.02554699537750385,-0.016394453004622497,0.22105877173673782,0.15235747303543914,0.1810675764913053,0.024378164208672684,-0.040900286154523444,-0.022414703940127668,0.07695135373101475,0.06295399515738499,0.2476865507373982,-0.05336341624477218,0.159537750385208,-0.017200088047545675,0.3325775918996258,-0.1405348888399736,-0.19110499669821704,0.21141316310807837,0.006768655073739819,-0.2363548316090689,-0.14049966982170373,0.20592339863526304,-0.09443759630200309,-0.07939687431212855,0.05279330838652872,0.0024587277129650012,0.35799691833590136,-0.4069601584855822,-0.26688531807175875,-0.09647369579572969,-0.18848558221439576,-0.20498569227382787,-0.2567576491305305,0.015425930002201188,0.0338102575390711,0.2757737178076161,0.18936385648250054,-0.05898084965881576,-0.19012106537530266,0.18513977547875854,0.21728593440457847,0.12117103235747304,0.2935769315430332,-0.1542460928901607,-0.19699977988113582,-0.3651177635923399,-0.2702443319392472,-0.3429319832709663,-0.2247721769755668,-0.024985692273827867,0.06489324235086948,0.10463570327977108,-0.11139555359894343,0.04686770856262382,-0.11038961038961038,-0.06976887519260401,-0.2786352630420427,-0.23182698657274928,-0.15221879815100153,0.10308166409861325,-0.17834910851860003,-0.0733017829627999,-0.38921857803213733,-0.34405679066696016,-0.22475236627779,-0.2071582654633502,0.2534272507153863,0.40948932423508694,0.26443319392471937,0.289966982170372,0.04885758309487123,0.11048866387849439,0.010024213075060533,0.2366982170372001,0.2038762931983271,0.195874972485142,0.2575588817961699,0.23003081664098612,-0.24494827206691613,-0.02315430332379485,-0.14823464670922298,0.031926040061633285
#12,0.6665133171912833,0.31680387409200966,1.0,0.573317191283293,0.06514637904468414,0.3102795509575171,-0.06482280431432974,0.2714505833149901,-0.09069117323354611,0.5652696456086287,0.20697116442879154,0.058822364076601366,0.3014219678626458,-0.09318952234206472,-0.17870349988994058,0.05602905569007264,0.6471472595201408,0.7324323134492626,-0.21191283292978208,0.09071098393132292,-0.12159145938806956,0.08977767994717148,0.1013515298261061,0.2697512656834691,0.03293418445960819,0.3424653312788906,-0.12497468633061853,0.23296940347787806,0.27042042703059654,-0.23284393572529166,0.3520405018710103,0.10383887299141537,0.4526084085406119,0.1361765353290777,-0.07258199427690953,-0.19445740699977987,-0.41618093770636144,-0.23805194805194804,-0.05007043803653973,-0.061754347347567684,-0.19466211754347348,-0.062755888179617,-0.15018269865727493,-0.07236847897864847,-0.10029936165529386,-0.11326216156724632,0.14220338983050848,0.0754061193044244,-0.20637023992956197,-0.04844596081884218,0.13809377063614353,-0.17877834030376402,0.26401276689412284,0.3267510455646049,-0.11749724851419767,0.2413911512216597,-0.25850539291217256,-0.2661919436495708,-0.11529826106097292,-0.23554919656614573,-0.0051926040061633285,0.030429231785163987,-0.4151177635923399,-0.39685670261941447,0.6421483601144619,0.35559982390490863,-0.16697336561743342,-0.3508826766453885,-0.25213955535989435,-0.01924719348448162,0.5550781421967863,0.6065529385868369,0.0015914593880695575,0.15779661016949154,-0.41115782522562183,-0.0438102575390711,-0.0029429892141756547,0.19323134492626018,-0.09712965001100594,0.07303543913713405,-0.0017609509134932863,-0.014340744001760952,-0.16828307285934405,-0.09426150121065376,0.044012766894122826,0.06774378164208672,0.061644287915474355,-0.16142857142857142,-0.22349548756328416,-0.22639665419326435,-0.23785604226282192,0.019042482940788027,-0.13856042262821924,0.07364957076821484,-0.1089786484701739,0.5310631741140216,0.25469073299581774,0.7391019150341184,0.6673981950253137,0.5067136253576932,0.42444640105657055,0.5645410521681709,0.3578890600924499,0.4251353731014748,0.46288575830948714,0.43679286814880036,0.4026766453885098,0.08659476117103236,0.005542593000220119,-0.13415364296720228,-0.20260840854061193
#13,0.4892273827867048,0.376649790887079,0.573317191283293,1.0,0.0839423288575831,0.305923398635263,-0.06995377503852081,0.2519722650231125,0.10555580013207132,0.551038961038961,0.11568126788465771,0.0274620294959278,0.11902707462029496,-0.013999559762271626,0.18575830948712305,0.19817081223860886,0.6127338762931983,0.47594761171032357,0.11047545674664319,0.2588729914153643,0.16826106097292537,0.31776139115122165,0.08165529385868368,0.3332291437376183,0.23008144397974906,0.22464230684569667,0.05147919876733436,0.3034668721109399,0.29928461369139336,-0.1127030596522122,0.21684569667620515,0.28473035439137134,0.2962953995157385,0.2241118203830068,-0.08924058991855602,-0.2989808496588158,-0.07364957076821484,0.02219238388729914,0.037785604226282195,0.06725071538630861,-0.1525181598062954,-0.08757649130530487,0.07694254897644728,0.20733215936605767,0.08559101915034119,0.01840854061193044,0.1794849218578032,0.15983050847457628,-0.1598217037200088,0.08702399295619635,0.19403697996918337,0.03852080123266564,0.12501210653753025,0.25951573849878934,0.00823464670922298,0.292425709883337,-0.4155822143957737,-0.2590821043363416,-0.18769315430332378,-0.044444199867928684,-0.2767048206031257,-0.29245652652432313,-0.05572529165749505,-0.09185119964780981,0.4172639225181598,0.1846070878274268,-0.019755668060752806,-0.19196786264582874,-0.02007704160246533,-0.07478978648470173,0.26985252036099494,0.32979969183359015,-0.117574290116663,0.062269425489764475,-0.3864010565705481,-0.19167290336781861,-0.3568743121285494,-0.21391151221659696,0.07944309927360775,0.1621219458507594,-0.05656614571868809,0.16574069997798813,0.06968523002421308,-0.23523882896764253,-0.06066255778120185,-0.27089368258859786,-0.14698877393792648,0.014149240589918555,-0.018346907329958178,-0.1289720449042483,-0.04587277129650011,-0.15027294739159147,-0.053308386528725514,-0.11589038080563505,-0.20756988773937926,0.40792427911071977,0.19065375302663437,0.4229143737618314,0.49091129209773277,0.2679022672243011,0.33019370460048425,0.3849042482940788,0.40258639665419327,0.26870570107858244,0.3823200528285274,0.2341338322694255,0.382524763372221,-0.20651771956856702,-0.012397094430992735,-0.322987012987013,-0.19916795069337442
#17,0.18422628219238388,-0.09824785384107418,0.06514637904468414,0.0839423288575831,1.0,0.28617213295179394,0.14981950253136694,0.17994937266123706,0.3073893902707462,0.12233766233766234,-0.020961919436495707,0.3516861104996698,0.1958199427690953,0.07178736517719568,-0.3283645168390931,-0.3141074180057231,0.17174994497028395,0.09293198327096633,-0.26341184239489324,-0.15029716046665198,-0.20476117103235747,-0.10111380145278451,-0.16439577371780761,0.05705260840854061,-0.027263922518159806,0.026484701738939027,-0.1949438696896324,-0.2057362976007044,-0.1393330398415144,-0.11614791987673344,0.16527184679727053,-0.04491305304864627,0.015082544574069998,0.022069117323354613,0.0975874972485142,0.15769095311468193,0.02668500990534889,0.05215496368038741,0.0034338542813119083,-0.11283953334800792,-0.11769535549196566,-0.12204050187101034,-0.02320493066255778,0.06575170592119745,0.04648690292758089,0.1108364516839093,0.016330618534008363,-0.05069337442218798,-0.1918534008364517,-0.20475236627779,-0.29605326876513316,-0.2889522342064715,-0.23927360774818401,-0.13642967202289236,-0.1739027074620295,-0.16606647589698437,0.12330838652872551,0.09507153863086067,-0.06689412282632622,-0.14714285714285713,0.1091635483160907,0.21285714285714286,-0.2043517499449703,-0.34275808936825886,-0.05809817301342725,-0.0988994056790667,-0.2620427030596522,-0.08286594761171032,0.010981730134272507,0.08999779881135814,0.07664979088707902,0.2200066035659256,0.08810037420206912,0.3750715386308607,0.20505392912172574,0.2896434074400176,0.13712524763372222,0.09327096632181378,-0.09443099273607748,0.0863746423068457,-0.026088487783403037,0.06717367378384327,-0.0962689852520361,0.20157384987893462,0.41049526744442,0.15335681267884657,0.18851860004402377,0.2816420867268325,-0.08110499669821704,0.24637244111820383,0.3376095091349329,0.1431366938146599,0.0947061413163108,0.11823024433193925,0.12306625577812018,-0.19230024213075061,-0.12476337222099934,-0.016744441998679287,0.06066916134712745,-0.08145498569227383,-0.08187321153422848,-0.02488663878494387,0.12310807836231565,-0.22645828747523664,-0.057633722209993396,-0.1507506053268765,-0.14219238388729913,0.06876953554919657,0.05769535549196566,0.13958177415804535,0.22843055249834912
#18,0.29039401276689414,-0.11423068456966762,0.3102795509575171,0.305923398635263,0.28617213295179394,1.0,0.006541932643627559,0.28054369359454107,-0.06853180717587497,0.2074884437596302,0.045828747523662776,0.32169051287695355,0.48758309487123047,0.03479418886198547,-0.39762931983270966,-0.22963680387409202,0.3517895663658375,0.411963460268545,-0.2833017829627999,-0.1520162887959498,-0.40873871890821045,-0.3254897644728153,0.20240149680827646,0.1801254677525864,-0.080066035659256,0.07535549196566145,-0.18581774158045344,-0.04291217257318952,0.34146599163548313,0.20306185340083646,0.33423068456966765,-0.04363636363636364,0.2505018710103456,0.06066475896984372,-0.05767774598283073,-0.08767554479418886,-0.08529165749504733,-0.09440237728373321,0.17272507153863087,-0.027745982830728592,0.08915914593880696,-0.2523662777900066,0.01274488223640766,0.0837376183138895,-0.0042989214175654855,0.20066916134712745,0.04916134712744882,0.1405084745762712,-0.0033722209993396436,0.21746423068456966,0.04528945630640546,0.11352410301562844,0.18395333480079243,0.23288135593220338,-0.2502553378824565,0.07004842615012107,-0.05081664098613251,-0.01777459828307286,-0.16935945410521683,0.20012106537530266,0.07437816420867269,0.0949900946511116,-0.1486946951353731,-0.2191635483160907,0.2437772397094431,0.12173013427250716,0.045049526744442,-0.21794629099713844,-0.2099801893022232,-0.13902927580893681,0.35871230464450804,0.2502751485802333,0.09550297160466652,0.24972485141976666,-0.004789786484701739,0.13217697556680608,0.012850539291217258,0.09448162007484041,0.06447501650891481,0.1135064935064935,0.1299207572088928,0.3829011666299802,-0.17546114902047105,0.12115122165969623,0.48157825225621836,0.15076821483601144,0.17579572969403479,0.1606185340083645,-0.23088047545674664,0.18235747303543914,0.22159145938806957,0.23222980409421087,0.14044464010565705,0.021923838872991416,-0.006390050627338763,-0.004360554699537751,-0.05370900286154524,0.3085494166850099,0.22416464891041163,0.3207175874972485,0.3993616552938587,0.42249394673123486,0.256649790887079,0.24188641866607968,0.305775918996258,0.165049526744442,0.2518996257979309,0.03225841954655514,-0.08058771736737838,-0.13254677525863967,-0.11051727933083866
#26,0.06477217697556681,0.14906889720449043,-0.06482280431432974,-0.06995377503852081,0.14981950253136694,0.006541932643627559,1.0,-0.037889060092449925,0.2789082104336342,0.22734756768655073,0.37621175434734755,-0.0487145058331499,-0.11316971164428792,0.43763152102135155,-0.044386968963240146,0.1332687651331719,-0.11456966762051508,-0.09299141536429673,-0.026843495487563283,0.16002201188641865,-0.1186946951353731,0.14307506053268765,-0.27850099053488886,-0.16234866828087166,-0.32888179616993174,-0.221699317631521,-0.3221703720008805,-0.052091129209773275,-0.10232005282852741,0.13798371120405017,-0.1768500990534889,0.06946070878274269,-0.10884217477437816,-0.09210213515298261,-0.24676645388509796,0.24718247853841074,-0.0737904468412943,0.07521901826986573,-0.08229804094210874,0.05968743121285494,0.011549636803874093,0.1001518820162888,-0.132029495927801,0.050664758969843716,0.012564384767774599,-0.012766894122826326,-0.20766453885097952,-0.09148139995597623,-0.02654633502091129,0.08356812678846577,-0.12455425930002201,0.07140876073079463,-0.05908430552498349,0.12691393352410302,-0.21033898305084744,-0.04627338762931983,0.03229583975346687,0.1423134492626018,0.05791107197886859,0.08414483821263483,-0.017609509134932862,-0.034662117543473474,0.23164869029275809,0.14974466211754348,-0.0962953995157385,0.035758309487123045,0.17475016508914815,0.4304534448602245,0.21305304864626898,0.08401716927140655,-0.003462469733656174,0.07907770195905789,-0.012271626678406339,-0.09463570327977108,0.09225621835791327,0.06699757869249395,0.0812392692053709,0.0825181598062954,-0.0761897424609289,-0.13645828747523664,0.0,-0.055538190622936384,0.09372000880475456,0.1423662777900066,0.11839093110279551,-0.0337310147479639,-0.08476997578692494,0.1516354831609069,0.046696015848558224,0.06078362315650451,0.140198106977768,-0.18284613691393353,-0.03471714725952014,-0.05357032797710764,0.0013405238828967643,-0.1559784283513097,-0.14204710543693594,-0.13046885318071758,-0.1787211093990755,-0.02044023772837332,0.06803874092009685,-0.14373541712524762,0.09952894563064055,0.13700198106977768,-0.07027734976887519,-0.19152982610609728,-0.047499449702839536,-0.02915694475016509,0.09911512216596963,0.10887959498128989,0.2112260620735197
#49,0.49347567686550736,0.15782302443319393,0.2714505833149901,0.2519722650231125,0.17994937266123706,0.28054369359454107,-0.037889060092449925,1.0,0.3942152762491746,0.36586396654193265,0.19471714725952013,0.2535791327316751,0.3367268324895444,-0.09999559762271627,-0.1890909090909091,-0.08266123706801673,0.37764252696456085,0.34502531366938144,-0.007426810477657936,0.07532247413603346,-0.1237970504072199,-0.0311930442438917,0.027473035439137133,0.18417125247633723,-0.050574510235527184,0.0039555359894342945,-0.007816420867268324,0.15920316971164428,0.30911292097732773,0.1430508474576271,0.39441558441558444,0.10999119524543254,0.28926040061633285,0.08401276689412282,0.09430772617213296,-0.20743781642086725,-0.07291217257318952,-0.10085626238168612,-0.0813449262601805,-0.17257318952234207,-0.020066035659256,-0.21943209333039843,0.13990755007704161,-0.024780981730134273,0.019555359894342945,-0.04970944309927361,0.2610103455866168,0.14392912172573188,-0.052923178516398856,-0.13123706801672905,0.12292097732775699,-0.0797490644948272,0.08856482500550297,0.1305811138014528,-0.21165309267004181,0.15255337882456527,-0.23729914153642967,-0.393086066475897,-0.23405679066696017,-0.0665001100594321,-0.004336341624477218,-0.09908430552498348,-0.10167510455646049,-0.13141316310807835,0.4732621615672463,0.18396434074400175,-0.02796830288355712,-0.19332159366057672,-0.01577591899625798,-0.07885097952894563,0.28240810037420205,0.33470173893902705,0.11055690072639225,0.21258859784283513,-0.12799691833590138,-0.0739027074620295,-0.10439137134052388,-0.010537090028615453,0.2340677966101695,-0.09590578912612811,0.03609509134932864,0.18039841514417784,-0.2358001320713185,0.17974686330618533,0.28210433634162446,-0.0448316090688972,-0.10467092229804094,0.12456966762051508,-0.021710323574730354,0.25927801012546775,0.21646489104116223,-0.06795729694034779,0.032775698877393795,-0.13388729914153644,-0.21021131410961919,0.1433348007924279,0.06381245872771296,0.21346467092229804,0.2573937926480299,0.34492846136913935,0.1907726172132952,0.24743781642086726,0.24311468192824126,0.21209993396434074,0.12583535108958838,0.1606845696676205,0.18819502531366938,-0.04768214836011446,0.01655954215276249,-0.3369733656174334,-0.19195905789126128
#50,0.3193594541052168,0.15805635042923177,-0.09069117323354611,0.10555580013207132,0.3073893902707462,-0.06853180717587497,0.2789082104336342,0.3942152762491746,1.0,0.24547435615232224,0.25344926260180495,0.05389170151882016,-0.07977107638124588,0.23541492405899186,0.007277129650011006,-0.11035879374862426,0.17080123266563946,0.008128989654413383,-0.03538850979528946,0.1525181598062954,0.06008364516839093,0.03460268545014308,-0.11341184239489324,-0.0950891481399956,-0.026861104996698217,-0.15435615232225403,-0.19400176095091348,-0.17907550077041604,-0.11482060312568787,0.10289676425269646,0.019817301342725073,-0.055324675324675325,-0.15226282192383886,-0.08219898745322474,0.007120845256438477,0.009029275808936825,0.12128329297820824,-0.003442659035879375,-0.11564384767774598,-0.10955976227162668,-0.0922738278670482,-0.11861325115562403,0.009509134932863747,-0.041760950913493286,0.09622496147919876,-0.14777679947171474,-0.05107638124587277,-0.001212854941668501,-0.08231785163988554,-0.17926040061633283,0.005850759410081444,-0.09207792207792208,-0.19589258199427692,-0.2023002421307506,-0.165016508914814,-0.11597842835130971,0.003385428131190843,-0.15337001981069778,0.16553378824565265,0.02218137794408981,0.04162667840633942,-0.05075500770416025,0.08941228263262162,-0.06925159586176535,-0.07535108958837772,0.09261941448382126,0.17720449042482941,0.09105216817081224,0.2970922298040942,0.07292317851639886,-0.06897644728153203,0.09851639885538191,-0.03226942548976447,-0.06359454105216818,0.04041602465331279,0.07671582654633502,0.018534008364516838,-0.04977767994717147,-0.03484701738939027,-0.15184899845916794,0.09030816640986132,0.004400176095091349,-0.095148580233326,0.04151221659696236,0.22326656394453004,0.0011842394893242351,0.03765793528505393,0.05870570107858243,0.08546995377503852,0.14368258859784283,0.14705701078582434,-0.10685009905348888,0.09642967202289236,0.04295179396874312,0.13279110719788687,-0.15388069557561082,-0.012269425489764473,-0.10910851860004403,-0.13569667620515077,0.0027492846136913936,-0.07351529826106097,-0.25059652212194583,-0.012956196346026854,0.026786264582874753,-0.05548316090688972,-0.11052388289676425,-0.0010895883777239709,-0.0238036539731455,0.024983491085186,0.048608848778340305,0.2914505833149901
#51,0.522491745542593,0.2848029936165529,0.5652696456086287,0.551038961038961,0.12233766233766234,0.2074884437596302,0.22734756768655073,0.36586396654193265,0.24547435615232224,1.0,0.4269095311468193,0.02397754787585296,0.09639665419326436,-0.02506713625357693,-0.10125027514858023,-0.06195685670261941,0.5058507594100814,0.4570107858243451,-0.09949372661237069,0.04313669381465992,-0.14188641866607968,0.08289236187541273,0.13566585956416466,0.2876183138895003,0.0812920977327757,0.25364296720228924,0.09016949152542372,0.4095003301782963,0.21219018269865728,-0.06095971824785384,0.21471714725952015,0.08733876293198327,0.21411842394893243,0.08139995597622716,-0.010757208892802112,-0.08439577371780761,-0.261171032357473,-0.2040721989874532,-0.001813779440898085,-0.061408760730794626,-0.1374620294959278,-0.23342504952674445,0.007103235747303544,-0.14473035439137133,0.08590358793748624,0.03429451904028175,0.07013867488443759,0.15865947611710324,-0.0747985912392692,0.07791987673343606,0.07376843495487563,-0.03402377283733216,0.24802773497688752,0.2270217917675545,-0.1974290116662998,0.26261501210653754,-0.26956196346026856,-0.22393132291437376,0.06725952014087608,0.054215276249174556,-0.05700418225841954,-0.122293638564825,-0.16589698437156064,-0.11573409641206252,0.5643165309267004,0.23243011226062074,-0.00012987012987012987,-0.04851419766674004,-0.15082984811798372,-0.22954655513977548,0.1487211093990755,0.29654633502091127,-0.30687871450583315,-0.04433414043583535,-0.49044684129429894,-0.2326832489544354,-0.20962139555359893,-0.06723530706581554,0.03579352850539291,-0.01594981289896544,-0.10251595861765353,0.11615892581994276,-0.14453885097952895,-0.0814637904468413,0.017900066035659256,0.038373321593660574,0.06788465771516619,-0.04108958837772397,-0.06556460488663879,0.10178736517719568,0.057277129650011006,0.08977327756988773,0.17866607968302883,0.15653753026634382,0.09591679506933744,0.32561523222540173,0.1034866828087167,0.4950385208012327,0.39869249394673123,0.40292978208232444,0.3675874972485142,0.3844464010565706,0.27189082104336343,0.39679947171472596,0.27913713405238827,0.21440017609509135,0.27014747963900504,-0.11449042482940788,0.0671648690292758,0.048776139115122165,0.12521021351529826
#52,0.22826766453885097,0.17314990094651111,0.20697116442879154,0.11568126788465771,-0.020961919436495707,0.045828747523662776,0.37621175434734755,0.19471714725952013,0.25344926260180495,0.4269095311468193,1.0,-0.07560642747083425,-0.06831829187761392,0.35325115562403697,-0.010316971164428791,0.15449922958397536,0.14695795729694036,0.21990534888839974,0.04670482060312569,0.199306625577812,-0.0026018049746863304,0.1798745322474136,0.00891041162227603,0.025637244111820383,-0.155115562403698,0.04480299361655294,-0.07254897644728153,0.16920537090028615,0.13454985692273827,-0.02825445740699978,-0.007807616112700858,0.055841954655513976,0.08106317411402157,-0.13829407880255337,-0.12738498789346248,0.002863746423068457,-0.25780761611270087,-0.05795509575170592,-0.13839753466872112,0.08811358133392032,0.15136913933524104,-0.13120184899845916,-0.10388069557561083,-0.11614131631080783,0.0053378824565265244,-0.01741800572309047,0.018932423508694694,0.11414924058991856,-0.01938366718027735,0.09316530926700418,0.14015408320493067,-0.07334580673563725,0.1273959938366718,0.26381906229363855,-0.12177195685670263,0.22031256878714506,-0.2371912832929782,-0.05534668721109399,0.002353070658155404,0.031468192824125024,-0.2265529385868369,-0.13414263702399296,0.07510675764913054,0.04610829848117984,0.266451683909311,0.3646489104116223,0.04944970283953335,0.0983711204050187,0.07193704600484262,-0.04484701738939027,0.02855161787365177,0.15840193704600483,-0.24045344486022452,-0.22367378384327538,-0.2989786484701739,-0.14017389390270746,-0.16693374422187982,-0.10293858683689192,0.0738762931983271,-0.1161897424609289,0.14593660576711423,-0.0251023552718468,-0.16047985912392693,0.12997138454765572,0.023020030816640988,-0.13025533788245652,-0.07786924939467313,-0.08295619634602686,0.03628439357252917,0.04953775038520801,-0.008895003301782963,-0.04943429451904028,0.03374862425709883,-0.13159145938806957,0.007109839313229144,0.17185560202509356,0.034677525863966545,0.2584459608188422,0.10779661016949152,0.2890975126568347,0.3566718027734977,0.18199647809817301,0.24220999339643406,0.3429914153642967,0.13511336121505613,0.10629760070438037,0.3254259300022012,-0.15624036979969183,-0.03031697116442879,-0.03413603345806736,0.11390710983931322
#53,0.26078582434514636,0.031873211534228486,0.058822364076601366,0.0274620294959278,0.3516861104996698,0.32169051287695355,-0.0487145058331499,0.2535791327316751,0.05389170151882016,0.02397754787585296,-0.07560642747083425,1.0,0.4633634162447722,0.022104336341624477,-0.2576931543033238,-0.3551639885538191,0.18192163768434955,0.05159806295399516,-0.3071406559542153,-0.20529826106097293,-0.26381465991635483,-0.28194144838212637,0.05837112040501871,0.13315430332379485,-0.17374862425709883,0.19063614351749944,-0.20735417125247635,-0.09018269865727493,0.012885758309487122,0.10652652432313449,0.2134096412062514,-0.0022980409421087386,0.19002421307506054,0.18058331499009464,0.2325511776359234,0.04331499009465111,-0.009700638344706141,-0.1454853620955316,0.17223200528285273,-0.11257979308826767,0.0875280651551838,-0.05643627558881796,-0.061443979749064494,0.031215056130310368,-0.05213515298261061,0.016018049746863307,0.08594761171032357,0.05511336121505613,-0.19025974025974027,-0.15122386088487783,0.042370680167290335,-0.19460488663878495,-0.210066035659256,-0.0824653312788906,-0.2854391371340524,-0.1815430332379485,-0.011677305745102355,-0.1626040061633282,-0.10809597182478538,-0.001100594320933304,0.12315650451243672,0.16344706141316312,-0.1478648470173894,-0.19710983931322915,0.06913713405238829,-0.05737398195025314,-0.20983491085186,-0.2158815760510676,-0.12892802113141097,-0.0025952014087607307,0.033189522342064716,0.0824389170151882,0.02170592119744662,0.11052608408540612,0.04584855822143958,0.09644728153202729,0.06771736737838432,0.09578472375082545,0.09571868809156944,0.019005062733876293,0.24037200088047544,0.24883557120845257,0.21033898305084744,0.1576667400396214,0.4879242791107198,0.12903587937486244,0.21371340523882898,0.08816861104996698,0.059696235967422406,0.5014131631080784,0.14299801893022232,0.20312348668280872,0.10640325775918996,0.09763592339863526,0.07573189522342065,-0.012577591899625798,0.017745982830728594,0.03471054369359454,0.12183138895003302,0.08663658375522783,0.10850539291217258,0.14633061853400836,0.19859344045784724,-0.09965881576051068,0.15388729914153643,0.09012766894122827,0.09386308606647589,0.02588597842835131,0.025053929121725733,0.11966101694915254,0.16049526744442
#54,0.29653532907770197,-0.11555359894342945,0.3014219678626458,0.11902707462029496,0.1958199427690953,0.48758309487123047,-0.11316971164428792,0.3367268324895444,-0.07977107638124588,0.09639665419326436,-0.06831829187761392,0.4633634162447722,1.0,-0.030378604446401055,-0.38217257318952236,-0.32727272727272727,0.27671582654633503,0.35741800572309046,-0.4299955976227163,-0.38957296940347785,-0.29769315430332377,-0.38655293858683687,0.1315430332379485,0.11574510235527184,-0.0912326656394453,0.12338762931983271,-0.1064736957957297,-0.1367114241690513,0.18768214836011446,-0.12639665419326437,0.55132071318512,-0.15169051287695356,0.24061413163108078,-0.056266784063394235,0.2598283072859344,-0.04892361875412723,-0.18157384987893463,-0.2523332599603786,0.038113581333920316,-0.2248448162007484,-0.12595641646489103,-0.29387409200968523,0.05674003962139555,-0.04744662117543474,0.0725181598062954,0.04211534228483381,-0.02436055469953775,-0.02520581113801453,-0.1908100374202069,-0.03344706141316311,0.1563812458727713,0.000887079022672243,0.15715386308606646,0.19624697336561744,-0.27078582434514636,-0.16740259740259741,0.0670394012766894,-0.15265243231344927,0.09036979969183359,0.052929782082324454,0.3016817081223861,0.26521681708122385,-0.32579132731675103,-0.35332599603786047,0.3600418225841955,0.034558661677305744,-0.19104996698217036,-0.33951133612150564,-0.3552212194585076,-0.10187321153422849,0.18007484041382346,0.16093990755007703,0.061465991635483164,0.24264802993616552,-0.040572309046885316,0.11692053709002861,0.22878494386968964,0.29573629760070436,-0.11066475896984372,-0.22175214615892583,0.010920096852300241,0.14884657715166189,-0.03621395553598943,0.3423200528285274,0.3413339203169712,0.33078582434514636,0.3275170592119745,0.14217037200088048,-0.127607307946291,0.29919216376843494,0.06378164208672683,0.22218357913273168,0.10221879815100154,0.2052344265903588,0.14294519040281753,0.07084745762711864,-0.10058111380145278,0.2917609509134933,0.22387409200968522,0.3795443539511336,0.24512656834690733,0.4389808496588158,0.06828527404798591,0.19671802773497687,0.19004842615012107,0.256271186440678,0.12640545894783184,0.307541272287035,0.10217037200088047,0.13500550297160466,0.009509134932863747
#58,0.0033788245652652434,-0.004263702399295619,-0.09318952234206472,-0.013999559762271626,0.07178736517719568,0.03479418886198547,0.43763152102135155,-0.09999559762271627,0.23541492405899186,-0.02506713625357693,0.35325115562403697,0.022104336341624477,-0.030378604446401055,1.0,0.034466211754347345,0.13839973585736298,-0.048694695135373105,0.005815540391811578,0.0388861985472155,0.2117345366497909,-0.12963680387409202,0.07526084085406119,-0.15944750165089147,-0.09400396213955536,-0.24575390710983933,-0.022249614791987674,-0.2502949592780101,-0.08712084525643847,0.02695795729694035,0.07961699317631521,-0.04868589038080563,-0.0010763812458727713,0.034585075941008146,0.10058111380145278,-0.15777459828307286,0.18869249394673124,0.1254853620955316,0.11372881355932203,0.02564384767774598,-0.043845476557340966,-0.002639225181598063,0.004589478318291877,-0.007398195025313669,0.07768214836011446,-0.1488135593220339,-0.12475896984371561,-0.06745102355271847,0.07015408320493066,-0.146880915694475,-0.14756328417345366,-0.008778340303764032,-0.037873651771956854,-0.10793308386528726,-0.05726392251815981,-0.15718908210433635,-0.12736737838432755,0.023136693814659916,0.020435835351089587,-0.06696896324014968,-0.016328417345366497,-0.08861985472154964,0.02894122826326216,0.24007043803653974,0.12031256878714505,-0.20036539731454986,-0.15186220559101915,0.32350429231785166,0.29362095531587057,0.35337001981069777,0.13993176315210212,0.14362315650451243,0.08399735857362976,0.11779661016949153,-0.17004182258419548,0.18229583975346686,0.03480959718247854,0.1253004622496148,0.009938366718027735,0.03229143737618314,0.011421967862645828,0.001223860884877834,-0.159966982170372,0.27768214836011446,0.11988333700198107,0.1211336121505613,-0.1071252476337222,-0.048045344486022455,-0.042020691173233544,0.08591239269205371,-0.09390931102795509,0.010497468633061854,-0.12399955976227163,-0.01013647369579573,-0.16048646268985253,0.08342064714946071,-0.22237068016729034,-0.11187321153422848,-0.1534470614131631,-0.10418225841954655,0.19799471714725952,0.0549372661237068,-0.09701518820162888,0.05066255778120185,-0.0013295179396874313,0.02220559101915034,0.08382786704820604,0.15202949592780102,-0.08345586616773057,-0.1984437596302003,-0.01336121505613031,0.14525643847677747
#101,-0.12288575830948713,0.257442218798151,-0.17870349988994058,0.18575830948712305,-0.3283645168390931,-0.39762931983270966,-0.044386968963240146,-0.1890909090909091,0.007277129650011006,-0.10125027514858023,-0.010316971164428791,-0.2576931543033238,-0.38217257318952236,0.034466211754347345,1.0,0.5965617433414043,-0.11639665419326437,-0.09711204050187101,0.7111754347347568,0.4769601584855822,0.5901584855822144,0.48390050627338765,0.061263482280431436,0.06279110719788686,0.14365397314549858,-0.021584855822143957,0.17759850319172352,0.04907770195905789,0.2256020250935505,0.1759850319172353,-0.2521087387189082,0.3506207351970064,-0.06558881796169931,0.06520360994937266,0.13807175874972485,0.020028615452344266,0.37234866828087165,0.4307484041382346,0.1804754567466432,0.34832709663218137,0.02427690953114682,0.3836253576931543,0.09574290116662998,0.36587717367378386,-0.18713185119964781,-0.13142857142857142,0.1628813559322034,0.03790887079022672,-0.015870570107858244,-0.16491525423728814,0.061747743781642085,0.05339863526304204,-0.03699757869249395,-0.11357693154303324,0.10941448382126348,0.18296500110059433,-0.5246995377503852,-0.364851419766674,-0.31617213295179397,-0.27229804094210874,-0.6596852300242131,-0.639850319172353,0.6544001760950914,0.612870349988994,-0.26028615452344267,-0.21609509134932864,0.26148139995597625,0.26167070217917676,0.5315892581994277,0.38003081664098615,-0.16413823464670924,-0.19617213295179398,0.07074840413823465,-0.23567246313009024,0.02893022232005283,-0.17978428351309708,-0.5018071758749725,-0.6421307506053269,0.25236847897864845,0.21719348448162007,0.09745322474136034,-0.06427470834250495,0.35816640986132514,-0.17492626018049748,-0.35213735417125247,-0.6886154523442659,-0.6757935285053929,0.015727492846136913,0.3803235747303544,-0.21027955095751705,-0.1787211093990755,-0.581402157164869,-0.44042482940788025,-0.5507395993836672,-0.5304732555580013,0.004598283072859344,0.38476997578692496,-0.23312348668280872,-0.021333920316971164,-0.15433414043583535,-0.2005811138014528,-0.2690446841294299,0.07602245212414704,-0.045621835791327316,0.08317411402157165,0.007028395333480079,0.05084305524983491,-0.5563086066475897,-0.3430508474576271,-0.3808430552498349,-0.3020933303984151
#102,-0.030592119744662118,0.26738718908210435,0.05602905569007264,0.19817081223860886,-0.3141074180057231,-0.22963680387409202,0.1332687651331719,-0.08266123706801673,-0.11035879374862426,-0.06195685670261941,0.15449922958397536,-0.3551639885538191,-0.32727272727272727,0.13839973585736298,0.5965617433414043,1.0,-0.12853841074180059,0.06095311468192824,0.6025819942769095,0.5954809597182479,0.3722232005282853,0.5888906009244992,-0.025082544574069998,0.08892141756548536,-0.06398415144177856,0.0009465111160026414,-0.03513317191283293,0.17017389390270746,0.305841954655514,0.052033898305084744,-0.29549856922738277,0.3800286154523443,0.14976667400396215,0.05213295179396874,-0.11012987012987013,-0.015513977547875852,0.08433634162447722,0.31826986572749283,0.012659035879374862,0.3728527404798591,0.14462469733656175,0.3158067356372441,-0.036350429231785164,0.3159388069557561,-0.38961038961038963,-0.2500528285274048,0.14095971824785383,0.06648470173893903,-0.1716156724631301,-0.19623816861104998,-0.043748624257098835,-0.014043583535108959,-0.07704380365397315,-0.016403257759189962,-0.026390050627338763,0.23050407219898744,-0.456550737398195,-0.1728087167070218,-0.5257583094871231,-0.41519920757208895,-0.6093704600484261,-0.5457627118644067,0.4362799911952454,0.5393000220118864,-0.0763086066475897,0.008399735857362976,0.18943429451904029,0.2958859784283513,0.4836011446180938,0.39136033458067354,0.26565705480959717,0.1426370239929562,0.2659872331058772,-0.131633281972265,0.130231124807396,-0.02908650671362536,-0.27470173893902705,-0.356766453885098,0.13344265903587937,0.17664318732115342,0.09784723750825446,-0.1394607087827427,0.3068941228263262,-0.05843495487563284,-0.22820162887959497,-0.6735395113361216,-0.7288817961699318,0.024902047105436937,0.2543715606427471,-0.4085758309487123,-0.15773497688751925,-0.5345520581113802,-0.610429231785164,-0.642969403477878,-0.5744750165089149,0.11270526084085405,0.31453885097952894,-0.042353070658155405,0.09666299801893022,-0.12700418225841956,-0.0162029495927801,-0.18438917015188203,0.18963460268545015,-0.011569447501650891,0.03527845036319613,0.0016244772176975566,0.15277790006603567,-0.3845410521681708,-0.3343055249834911,-0.5840479859123927,-0.43342945190402815
#201,0.6004314329738059,0.31378604446401054,0.6471472595201408,0.6127338762931983,0.17174994497028395,0.3517895663658375,-0.11456966762051508,0.37764252696456085,0.17080123266563946,0.5058507594100814,0.14695795729694036,0.18192163768434955,0.27671582654633503,-0.048694695135373105,-0.11639665419326437,-0.12853841074180059,1.0,0.6405392912172573,-0.17276469293418445,0.12707902267224302,0.09408100374202069,0.01842835130970724,0.06701959057891262,0.22308166409861324,0.2345630640545895,0.11796390050627338,-0.15066916134712746,-0.06524763372221,0.3384393572529166,-0.12649130530486463,0.5260180497468633,0.08738718908210434,0.3832247413603346,0.060713185119964784,0.054974686330618534,-0.28137354171252477,-0.2099273607748184,-0.19190402817521462,-0.011204050187101034,-0.14985912392692052,-0.24770416024653313,-0.3174818401937046,-0.021353731014747964,-0.11674884437596302,-0.0187211093990755,0.062458727712965,-0.06413603345806736,-0.1366123706801673,-0.24615892581994278,-0.029244992295839753,0.2846709222980409,-0.1798217037200088,0.1880497468633062,0.23864626898525204,-0.014089808496588158,0.10599383667180277,-0.23934404578472376,-0.3176689412282633,-0.0799933964340744,-0.0921681708122386,0.01907329958177416,-0.05295839753466872,-0.3117741580453445,-0.3979925159586177,0.5040017609509135,0.3194805194805195,-0.19307506053268766,-0.47124147039401276,-0.10485802333259961,-0.08011446180937706,0.43891701518820164,0.47037420206911734,0.010543693594541052,0.024342945190402816,-0.30381245872771295,-0.05286154523442659,-0.059053488883997356,0.06290336781862206,0.0062425709883337,0.06705921197446621,-0.09793088267664539,0.10991195245432533,-0.2006999779881136,-0.05849878934624697,0.16402377283733216,0.08072198987453225,0.14661677305745102,-0.19041382346467092,-0.2437310147479639,0.0045652652432313446,-0.11562183579132732,0.08370239929561964,0.036814880035219016,0.08193924719348449,-0.03565265243231345,0.45366277790006604,0.21911732335461148,0.4970283953334801,0.49819062293638566,0.5565859564164649,0.27589038080563505,0.5311138014527845,0.38528725511776357,0.3726832489544354,0.3455668060752807,0.34539731454985695,0.33487563284173455,-0.009458507594100815,0.000847457627118644,-0.16644508034338543,-0.06482720669161347
