,#10,#11,#12,#13,#17,#18,#26,#49,#50,#51,#52,#53,#54,#58,#101,#102,#201,#202,#301,#302,#401,#402,#501,#502,#601,#602,#701,#702,#801,#802,#901,#902,#1001,#1002,#1101,#1102,#1201,#1202,#1301,#1302,#1401,#1402,#1501,#1502,#1601,#1602,#1701,#1702,#1801,#1802,#1901,#1902,#2001,#2002,#2101,#2102,#2201,#2202,#2301,#2302,#2401,#2402,#2501,#2502,#2601,#2602,#2701,#2702,#2801,#2802,#2901,#2902,#3001,#3002,#3101,#3102,#3201,#3202,#3301,#3302,#3401,#3402,#3455,#3501,#3502,#3601,#3602,#3701,#3702,#3801,#3802,#3901,#3902,#4001,#4002,#4101,#4102,#4201,#4202,#4301,#4302,#4401,#4402,#4501,#4502,#4601,#4602,#4701,#4702,#4801,#4802
#10,1.0,0.22752586396654192,0.2404688531807176,0.3260180497468633,0.4757935285053929,0.3765463350209113,0.010248734316530927,0.6153576931543033,0.2640391811578252,0.3621175434734757,0.37532467532467534,0.3129936165529386,0.0423662777900066,0.08791767554479418,0.07977327756988774,-0.08263262161567246,0.19047325555800132,-0.06356372441118203,0.08511776359233986,-0.23451243671582656,-0.25858023332599606,-0.21628659476117104,0.21479418886198548,0.028151001540832048,0.102821923838873,-0.1973695795729694,-0.3245080343385428,-0.47072198987453223,-0.11613251155624037,-0.22008144397974908,-0.1985362095531587,-0.20874312128549416,0.23702399295619633,-0.24068236847897864,-0.19959938366718027,-0.24193484481620076,-0.17747083425049526,-0.18776799471714725,-0.13604886638784944,-0.1646951353731015,-0.09327316751045564,-0.12605546995377503,-0.09556240369799691,-0.11383226942548977,-0.18314549856922738,-0.08368919216376844,-0.37555359894342943,-0.4152740479859124,-0.21733215936605768,-0.2955205811138015,-0.331171032357473,-0.2295267444419987,-0.17429672022892362,-0.05328197226502311,-0.11755668060752807,-0.22474576271186442,-0.3651463790446841,-0.3911138014527845,-0.013189522342064715,0.027010785824345147,0.10571648690292758,-0.053871890821043364,-0.07574069997798812,0.015104556460488664,-0.1806845696676205,-0.18991855602025093,0.1037244111820383,0.1012458727712965,0.15297160466651993,0.11366718027734977,0.4568633061853401,0.24331939247193485,0.39314109619194365,0.2520757208892802,0.08839313229143737,-0.006900726392251816,-0.06580893682588598,-0.13089368258859785,0.41082104336341624,0.07709663218137794,-0.11684569667620515,0.20541052168170812,0.1464208672683249,0.5678494386968963,0.25146599163548317,0.22814219678626457,-0.1137640325775919,0.2587497248514198,-0.06963020030816641,-0.06306625577812018,-0.12167070217917676,0.1389720449042483,0.05111160026414264,0.08569007263922518,0.14243671582654632,0.3280827646929342,-0.1891041162227603,-0.22059432093330397,-0.49685890380805636,0.21653092670041824,-0.05101474796390051,0.12257979308826766,-0.19098613251155624,0.15507373981950254,-0.017565485362095533,0.30974025974025976,0.10651331719128329,0.008562623816861105,-0.09171472595201409,0.12533127889060092,0.11279110719788686
#11,0.22752586396654192,1.0,0.24432753686990974,0.08823684789786485,0.3049768875192604,0.26528945630640544,0.2496566145718688,0.21847457627118644,0.41401937046004844,0.2744750165089148,0.25443979749064494,0.09222980409421087,0.010552498349108519,0.11075720889280212,0.12600044023772838,0.14637244111820383,-0.010618534008364516,0.09009685230024213,0.03277349768875193,-0.011723530706581555,-0.05775698877393793,0.05866607968302884,0.4379198767334361,0.26269425489764475,0.1571846797270526,0.054475016508914814,-0.23880475456746644,-0.18311248073959938,-0.11460268545014307,-0.08469733656174334,-0.04829407880255338,-0.18979088707902267,0.15593660576711424,-0.067442218798151,-0.20116883116883116,-0.1418115782522562,-0.16300462249614792,-0.05193704600484261,0.15502531366938146,0.10606867708562624,0.13180057230904688,-0.10448822364076601,-0.3830134272507154,-0.021699317631521022,0.10324895443539511,0.07440457847237508,-0.3771010345586617,-0.2929980189302223,-0.18878494386968964,-0.02273827867048206,-0.23969403477878054,-0.026187541272287035,0.06217037200088048,0.12332819722650232,-0.08542372881355932,-0.03358353510895884,-0.2414373761831389,-0.21228923618754128,0.23930662557781202,0.1886616773057451,-0.16115122165969623,-0.14541492405899187,-0.07557120845256439,-0.035527184679727056,-0.0373167510455646,-0.11375963020030817,-0.06190182698657275,-0.04146599163548316,-0.01674884437596302,-0.08969403477878055,0.26067576491305305,0.15139555359894344,-0.032564384767774596,-0.10181818181818182,-0.2286616773057451,-0.24653092670041823,-0.17763592339863526,-0.15764472815320274,0.22518600044023773,0.16381465991635483,-0.09258639665419327,0.06586836891921638,-0.029872331058771736,0.09106317411402157,0.05831609068897205,-0.021364736957957296,-0.07572749284613692,0.1346995377503852,-0.054767774598283074,-0.15286594761171032,0.05287034998899406,-0.011371340523882896,0.027019590578912612,0.0860180497468633,0.15782742681047765,0.017349768875192604,0.24475896984371562,-0.11546775258639666,-0.0008100374202069117,0.017999119524543254,-0.016753246753246753,0.1920052828527405,-0.015348888399735857,0.07439137134052388,0.054014968082764694,0.17725511776359235,-0.02991635483160907,-0.1687145058331499,0.01112260620735197,-0.03879594981289897,0.06478758529605987
#12,0.2404688531807176,0.24432753686990974,1.0,0.38157825225621833,0.408646268985252,0.39896764252696454,0.19679286814880034,0.1709112920977328,0.08296059872331059,0.4635263042042703,0.1811534228483381,0.11406559542152762,-0.06467532467532468,-0.006176535329077702,-0.12809377063614352,-0.18392031697116443,0.5690556900726392,0.5540237728373322,0.06266123706801673,-0.2576865507373982,-0.27542152762491745,0.010913493286374643,0.3789720449042483,0.05042703059652212,0.12243011226062074,-0.09795949812898966,0.219570768214836,0.1986814880035219,0.019768875192604007,-0.06613911512216597,-0.011514417785604227,-0.09019590578912613,0.22277349768875193,-0.07692934184459609,-0.11297160466651993,-0.12938806955756108,0.028991855602025093,-0.21268765133171913,0.024891041162227602,0.05670482060312569,-0.05532247413603346,-0.06196786264582875,0.03786924939467312,-0.19252036099493727,-0.0862029495927801,-0.12609509134932864,0.09774598283072859,0.13421967862645828,0.03204490424829408,0.08314549856922739,0.003671582654633502,0.17971164428791547,0.27037420206911733,0.1907990314769976,-0.24736517719568568,-0.24127668941228264,-0.3084129429892142,-0.3776161127008585,-0.1682192383887299,-0.09574510235527185,-0.023579132731675105,-0.15054149240589917,-0.2212062513757429,-0.0736583755227823,0.25299361655293856,0.2802905569007264,-0.060983931322914374,0.06871670702179176,0.1734140435835351,0.19853841074180056,0.49056130310367596,0.4013713405238829,0.04291217257318952,0.23854061193044243,-0.2748250055029716,-0.06971384547655735,-0.21067356372441118,-0.22268765133171914,0.15318732115342285,0.25119744662117544,-0.31940127668941226,-0.053647369579572966,-0.08002421307506054,0.17989874532247413,0.1432093330398415,-0.013099273607748183,-0.12577812018489984,-0.06699537750385208,-0.009506933744221879,-0.2123992956196346,-0.1355293858683689,0.00448382126348228,-0.04751045564604887,-0.03846577151661897,-0.15449922958397536,0.3015694475016509,-0.03890380805635043,0.505775918996258,0.17127008584635703,0.2506977767994717,0.2130706581554039,0.6170988333700198,0.10639005062733876,0.5461149020471054,0.23909751265683468,0.31182258419546555,0.08455866167730575,-0.08994497028395333,-0.055985031917235306,-0.10920537090028616,-0.09336781862205591
#13,0.3260180497468633,0.08823684789786485,0.38157825225621833,1.0,0.2599823904908651,0.429735857362976,-0.1153004622496148,-0.018732115342284833,0.004336341624477218,0.4929605987233106,0.14346246973365617,0.06147479639005063,0.01854721549636804,-0.0016354831609068897,-0.1236385648250055,-0.0077525863966541935,0.44565705480959716,0.07645828747523663,-0.0262095531587057,-0.2529914153642967,-0.27805194805194805,-0.07453224741360334,0.12501210653753025,0.06168831168831169,0.11780321373541712,0.010825445740699978,0.028795949812898965,0.025956416464891042,0.028523002421307505,-0.14049746863306187,0.10902047105436936,0.07466872110939908,0.28870570107858246,0.11202289236187542,-0.05331278890600925,0.18690512876953555,0.18384767774598282,0.005963020030816641,-0.012088928021131411,0.17662337662337663,-0.06819502531366937,-0.057169271406559544,-0.13141316310807835,0.029749064494827206,-0.05501871010345587,-0.08606867708562624,0.06569667620515078,0.15701738939027074,0.08435835351089588,0.06784943869689633,-0.03229583975346687,-0.0796764252696456,0.12863306185340084,-0.13889060092449923,-0.1366982170372001,-0.20806515518379926,-0.09804754567466432,-0.20285274047985913,-0.04031036759850319,0.07403037640325776,0.0899735857362976,-0.0020427030596522123,0.05952014087607308,0.06740039621395554,0.09823904908650671,0.013849878934624697,-0.028067356372441118,-0.09169051287695355,0.11792648029936166,0.02558661677305745,0.09200528285274048,0.16413603345806735,0.1469205370900286,0.3544155844155844,0.02822143957737178,0.13790666960158485,0.038188421747743784,0.08465991635483161,0.16802113141096192,0.28179176755447943,-0.13487343165309268,0.33441338322694253,0.21428571428571427,0.12668280871670703,0.14405679066696017,0.003942328857583095,-0.040044023772837334,0.10043363416244772,0.11081884217477438,-0.014486022452124147,0.052526964560862865,-0.026011446180937706,-0.11577591899625798,0.02236847897864847,-0.08218578032137354,0.16113801452784504,-0.03385868368919216,0.19868368919216378,-0.17899845916795068,0.23421087387189082,0.2429738058551618,0.30318071758749726,0.18216376843495488,0.2626106097292538,0.14347787805414924,0.2830926700418226,0.25188421747743783,-0.09433634162447722,0.022095531587057012,0.05423728813559322,-0.15149900946511116
#17,0.4757935285053929,0.3049768875192604,0.408646268985252,0.2599823904908651,1.0,0.44527845036319613,0.1281135813339203,0.2721571648690293,0.26723970944309927,0.1264670922298041,0.2534602685450143,0.3736649790887079,0.1014109619194365,0.024468412942989213,-0.0149966982170372,-0.04744001760950913,0.1673233546114902,0.06296059872331058,0.047602905569007266,-0.29794629099713843,-0.3757803213735417,-0.11682588597842836,0.29016068677085627,0.09496147919876734,0.09749944970283954,-0.08784943869689632,-0.26597622716266783,-0.3980255337882457,-0.005599823904908651,0.09830288355712084,-0.028067356372441118,-0.11212634822804314,0.22028835571208452,-0.2559916354831609,-0.16277349768875193,-0.1688994056790667,-0.055038520801232664,-0.04965221219458508,0.019291217257318954,-0.3511402157164869,0.09427470834250495,-0.014875632841734536,-0.07470614131631081,0.05949152542372881,-0.13563064054589477,0.07330398415144178,-0.2025775918996258,-0.22136253576931544,-0.13605326876513318,-0.2897622716266784,-0.3935615232225402,-0.20474356152322254,-0.17838432753686992,-0.11543033237948493,-0.2793946731234867,-0.23000440237728373,-0.2969007263922518,-0.2992031697116443,0.020783623156504512,0.13146158925819942,0.06101034558661677,-0.15376843495487563,-0.107442218798151,-0.13262821923838872,-0.18764472815320274,-0.29517719568567025,0.060114461809377066,0.19302223200528285,0.1601848998459168,0.0949768875192604,0.3047347567686551,0.10976007043803654,0.061769755668060755,0.1604358353510896,-0.13937486242570987,-0.05829627999119524,-0.18321373541712524,-0.15364296720228923,0.30287695355491967,0.20179396874312128,-0.14826986572749284,0.39108958837772395,-0.0712260620735197,0.5357847237508254,0.3827867048206031,0.23703720008804754,-0.054642306845696674,0.24150121065375302,0.12137354171252476,0.10359674224081004,0.15167730574510235,0.23277790006603566,0.18262161567246313,0.12080563504292317,0.1392031697116443,0.1615430332379485,-0.036114902047105435,0.0006823684789786484,-0.1599537750385208,0.08651331719128329,-0.11501430772617213,0.28299141536429673,0.006964560862865948,0.227178076161127,-0.014422187981510015,0.18323574730354392,0.017629319832709663,-0.177277129650011,-0.14151882016288797,0.04657495047325556,0.1819524543253357
#18,0.3765463350209113,0.26528945630640544,0.39896764252696454,0.429735857362976,0.44527845036319613,1.0,0.036108298481179836,0.3530992736077482,0.18032797710763812,0.360033017829628,0.13678186220559102,0.5275214615892582,0.24657495047325556,-0.08993396434074401,-0.16161567246313008,-0.275115562403698,0.2204556460488664,0.14537750385208012,-0.1525643847677746,-0.3774928461369139,-0.2605458947831829,-0.1968897204490425,0.21543473475676866,-0.04753907109839313,0.037400396213955536,-0.08574510235527184,-0.04709443099273608,-0.14786704820603125,0.19066696015848558,-0.08916574950473255,0.16168611049966983,-0.0012898965441338322,0.27775698877393795,-0.07827867048206032,0.0071340523882896766,0.05673563724411182,0.027226502311248076,-0.23195905789126128,0.12095311468192824,-0.11079242791107198,-0.06510675764913053,-0.10450583314990095,-0.08683248954435395,-0.18568126788465772,-0.04835130970724191,-0.008445960818842175,-0.1861237068016729,-0.0838366718027735,-0.013022232005282852,-0.05518600044023773,-0.20772397094430992,-0.18016508914814,0.10065595421527625,-0.06686550737398195,-0.18067576491305304,-0.32417345366497907,-0.15916574950473256,-0.30913493286374644,0.04778120184899846,0.12042482940788025,-0.01025974025974026,-0.08439357252916575,0.0032599603786044465,-0.102557781201849,-0.05659035879374862,-0.14654853620955316,0.031857803213735415,-0.03702399295619634,0.05739159145938807,-0.07275588817961699,0.26364736957957297,0.2571670702179177,0.0462095531587057,0.10409641206251376,-0.019194364957076823,-0.08791327316751045,-0.018445960818842175,-0.051895223420647146,0.15881576051067575,0.1544023772837332,-0.023286374642306845,0.2715628439357253,0.231567246313009,0.44043803653973146,0.11229143737618313,0.10419326436275589,-0.1507506053268765,0.26706361435174997,-0.013700198106977767,0.1300264142637024,0.008087167070217918,0.16617433414043584,-0.19524103015628438,0.01763152102135153,0.0038674884437596303,0.12954875632841734,-0.17593000220118865,-0.03927360774818402,-0.25193484481620076,0.15915474356152323,-0.007935285053929122,0.3791767554479419,0.19629760070438038,0.1793220338983051,0.05330618534008365,0.2592273827867048,0.22519920757208892,-0.1189258199427691,-0.11659696235967422,-0.0813779440898085,0.04348448162007484
#26,0.010248734316530927,0.2496566145718688,0.19679286814880034,-0.1153004622496148,0.1281135813339203,0.036108298481179836,1.0,0.17572749284613692,0.08794849218578032,0.02160246533127889,0.12061633281972264,0.08409861325115563,0.11948932423508694,0.24035439137134051,0.023110279550957517,-0.020125467752586397,-0.12141756548536209,0.1435064935064935,-0.11198547215496368,-0.038923618754127226,0.014488223640766013,0.0015166189742460928,0.34565265243231347,0.13270526084085407,0.08524323134492626,-0.03397094430992736,-0.00022672243011226062,-0.015421527624917455,0.023066255778120184,0.17480739599383668,0.13123046445080344,0.007856042262821925,0.22039181157825224,0.1624125027514858,-0.08574950473255558,0.03782962799911953,-0.06239489324235087,-0.02289236187541272,-0.12287034998899406,-0.012885758309487122,0.35600924499229586,0.16815320272947393,-0.027765793528505393,-0.030101254677525863,0.13220779220779222,-0.1237310147479639,0.029894342945190402,0.1416288795949813,0.19071318511996477,0.1563350209112921,0.03873651771956857,0.11903808056350429,0.22604006163328197,0.18241470394012768,-0.09320713185119965,-0.13614791987673344,-0.18212854941668502,-0.18250275148580233,0.036986572749284616,0.10427911071978868,-0.1238828967642527,-0.10042703059652212,0.0623992956196346,0.14533568126788465,-0.08261281091789566,-0.09672463130090249,0.12566585956416465,0.49477437816420866,0.1147787805414924,-0.06783843275368699,0.21673123486682808,0.07844155844155844,0.08725731895223421,0.02341844596081884,-0.20003521901826987,-0.14346907329958178,-0.3258881796169932,-0.2698173013427251,0.16668060752806516,0.10944309927360775,0.017382786704820602,-0.03173893902707462,-0.26289016068677085,0.0874488223640766,0.07002421307506053,-0.09645168390931103,-0.12210653753026635,0.0599933964340744,0.09557781201848999,0.09385428131190843,-0.11916795069337442,-0.039966982170372,0.09035879374862425,-0.1122408100374202,0.020955315870570108,-0.07056790666960158,0.020420427030596523,-0.050160686770856264,0.030898084965881575,0.12167730574510235,0.0950693374422188,0.18548976447281532,-0.057759189962579796,0.13174114021571648,0.08107858243451464,0.11762491745542593,0.09852740479859123,-0.15600044023772838,-0.03441338322694255,-0.18233766233766233,-0.003414043583535109
#49,0.6153576931543033,0.21847457627118644,0.1709112920977328,-0.018732115342284833,0.2721571648690293,0.3530992736077482,0.17572749284613692,1.0,0.4562557781201849,0.33,0.42961479198767333,0.4356306405458948,0.23190182698657275,0.1786946951353731,-0.010193704600484261,-0.12849878934624698,-0.06818842174774378,-0.05077041602465331,-0.06434734756768655,-0.3661699317631521,-0.2195003301782963,-0.24847237508254458,0.19734536649790888,0.05893682588597843,-0.008489984591679507,-0.13944530046224962,-0.30255558001320715,-0.5292427911071979,0.06042482940788026,-0.22804534448602246,-0.11939027074620295,-0.280033017829628,0.12595861765353292,-0.24575610829848119,0.009517939687431212,-0.2664670922298041,-0.2697600704380365,-0.3474202069117323,-0.18837112040501872,-0.22602685450143079,0.028969843715606427,-0.12115782522562184,-0.11300462249614791,-0.25057671142416904,-0.12598283072859345,-0.11300682368478979,-0.4078780541492406,-0.4970658155403918,-0.2015298261060973,-0.3054391371340524,-0.41936605767114243,-0.37981289896544135,-0.2004556460488664,-0.08495267444419986,-0.14791547435615232,-0.34791547435615233,-0.2403565925599824,-0.4403499889940568,0.1283843275368699,0.07615232225401716,-0.03186000440237728,-0.11001100594320934,-0.01819722650231125,0.00837112040501871,-0.32630640545894785,-0.25638344706141314,0.109900946511116,0.0777591899625798,0.0018710103455866168,-0.08331499009465111,0.4317587497248514,0.08175654853620955,0.44301562843935727,0.13005502971604666,0.07342945190402818,-0.19478758529605988,-0.05149900946511116,-0.13982610609729254,0.21119084305524982,-0.09024653312788906,0.17500770416024652,0.16284613691393351,0.1388994056790667,0.5279198767334361,0.15511996478098172,0.36018710103455864,-0.04813779440898085,0.3529605987233106,-0.12011005943209332,0.06027514858023333,-0.19824565265243232,0.14647809817301344,0.09214836011446181,0.15453224741360336,0.274455205811138,0.14323354611490205,-0.3260004402377284,-0.34870570107858245,-0.5620449042482941,0.09397754787585295,-0.22007484041382347,-0.006392251815980629,-0.19326216156724632,0.044536649790887076,-0.03665639445300462,0.18559101915034118,0.0048998459167950694,-0.05149240589918556,-0.09329517939687432,0.17960158485582214,0.3116883116883117
#50,0.2640391811578252,0.41401937046004844,0.08296059872331059,0.004336341624477218,0.26723970944309927,0.18032797710763812,0.08794849218578032,0.4562557781201849,1.0,0.3115034118423949,0.40104336341624475,0.45506053268765134,0.14164208672683248,0.3219150341184239,-0.04607968302883557,-0.009322033898305085,-0.2426040061633282,0.0901716927140656,0.06810697776799472,-0.17904028175214615,-0.14328637464230684,-0.2654567466431873,0.312359674224081,0.02861765353290777,0.10334140435835351,-0.034752366277790006,-0.3764274708342505,-0.3519458507594101,0.03538850979528946,0.08501210653753026,0.020411622276029055,-0.026491305304864626,0.26319392471934844,0.08802113141096192,0.0836979969183359,0.1023332599603786,0.031547435615232225,0.02471714725952014,-0.07622055910191504,0.002531366938146599,0.2545454545454545,0.09504512436715827,-0.3384965881576051,-0.12811798371120406,-0.011049966982170372,-0.21706801672903367,-0.5681818181818182,-0.4819854721549637,-0.21640545894783184,-0.1444970283953335,-0.2515628439357253,-0.1141734536649791,-0.079735857362976,-0.1626436275588818,-0.1571846797270526,-0.2993792648029936,-0.30881135813339206,-0.3175214615892582,0.2573937926480299,0.22516618974246094,0.0639489324235087,-0.05270085846357033,0.27545454545454545,0.1689588377723971,-0.10909311027955096,-0.10548095971824785,0.4172507153863086,0.1646004842615012,0.2595993836671803,0.07170151882016289,0.2962403697996918,0.1060378604446401,0.09269425489764473,-0.25061413163108076,0.014545454545454545,-0.12957296940347787,0.08198106977767995,-0.06054369359454105,0.19543693594541053,0.12433414043583535,0.07336341624477218,0.1472243011226062,0.0024675324675324677,0.29766453885097954,0.2989236187541272,0.1951419766674004,0.05429011666299802,0.29124807395993835,0.09859784283513097,0.12076601364736958,0.03246973365617433,-0.0847787805414924,0.11391371340523883,0.08266343825665859,0.19830288355712083,-0.06366057671142417,0.019438696896324013,-0.22087387189082106,-0.29972705260840854,-0.09180497468633061,-0.06494166850099053,0.08044684129429892,0.11543693594541052,0.01690953114681928,0.12066475896984372,0.11313669381465992,0.06874972485141977,-0.021457186880915694,-0.087541272287035,0.14353731014747964,0.20297600704380364
#51,0.3621175434734757,0.2744750165089148,0.4635263042042703,0.4929605987233106,0.1264670922298041,0.360033017829628,0.02160246533127889,0.33,0.3115034118423949,1.0,0.4642967202289236,0.16245652652432313,0.167145058331499,0.20868368919216376,-0.1661171032357473,-0.15868148800352191,0.31554259300022014,0.1071384547655734,-0.11120405018710103,-0.2236121505613031,-0.21639225181598062,-0.20237728373321592,0.11906449482720668,-0.18930882676645389,-0.035362095531587055,-0.09682368478978648,-0.06535989434294519,0.011549636803874093,0.07978648470173894,-0.2699405679066696,0.0686814880035219,0.06728153202729474,0.17436715826546334,0.06130970724191063,0.11638564825005503,-0.024378164208672684,0.04873871890821043,-0.1148580233325996,-0.14920757208892801,0.15959498128989655,-0.04221879815100154,-0.09623156504512437,-0.08673343605546996,-0.12749724851419766,-0.16350869469513538,-0.2186418666079683,-0.16678846577151663,-0.011782962799911952,0.2044111820383007,0.17702839533348008,0.03191283292978208,-0.07410521681708122,0.18363636363636363,-0.12274708342504953,-0.2077525863966542,-0.24871670702179177,-0.10097512656834691,-0.262821923838873,-0.05071538630860665,0.01567686550737398,0.07633722209993396,0.010250935505172793,0.06582214395773718,0.17153202729473915,0.07701298701298702,0.04650451243671583,0.10166850099053489,-0.06209333039841514,0.12901826986572748,0.08308606647589699,0.29805194805194807,0.36808276469293416,0.20897424609289017,0.21320933303984152,0.10038520801232666,0.15901826986572748,0.0666057671142417,0.06518600044023773,0.16337662337662337,0.0672573189522342,0.007695355491965662,0.08740039621395554,0.19602905569007265,0.2158265463350209,0.14823464670922298,0.032885758309487124,-0.038170812238608846,0.08280651551837992,0.046500110059432095,-0.004708342504952674,-0.050332379484921856,0.05819502531366938,-0.1903367818622056,-0.05752586396654193,-0.06713405238828968,0.15327316751045564,-0.13590358793748625,0.06314990094651111,-0.24599383667180277,0.2849416685009905,0.3094342945190403,0.23188201628879596,0.15967642526964562,0.22189742460928902,0.17563504292317852,0.2149636803874092,0.21222099933964342,-0.038113581333920316,0.08796169931763152,-0.09581554039181157,-0.13043803653973146
#52,0.37532467532467534,0.25443979749064494,0.1811534228483381,0.14346246973365617,0.2534602685450143,0.13678186220559102,0.12061633281972264,0.42961479198767333,0.40104336341624475,0.4642967202289236,1.0,0.20653753026634383,0.28664098613251154,0.21971164428791548,-0.05923618754127229,0.13666740039621394,-0.12447721769755668,0.046024653312788905,0.005293858683689192,-0.08628659476117104,-0.38825885978428354,-0.10434074400176095,0.038199427690953115,-0.032896764252696456,-0.07898525203609949,0.026253576931543034,-0.5557715166189743,-0.34559762271626676,0.1385560202509355,-0.01036319612590799,-0.04346467092229804,-0.21317411402157166,0.07500110059432093,-0.10625137574290117,0.13443099273607748,0.07945410521681708,-0.16481399955976228,0.10552058111380146,-0.11250715386308606,-0.1035659255998239,0.11435835351089588,0.0324058991855602,-0.10735417125247634,0.09001760950913493,-0.06604666519920757,-0.011527624917455426,-0.43002421307506056,-0.28476337222099934,-0.16354391371340524,-0.11050407219898745,-0.14566145718688092,-0.21487343165309267,-0.1399273607748184,-0.21347787805414925,-0.270693374422188,-0.19206471494607089,-0.26343165309267,-0.17005062733876294,0.22740699977988113,0.240693374422188,0.019821703720008806,-0.14758529605987233,0.2611468192824125,0.23962359674224082,-0.18038520801232666,-0.17915254237288136,0.07527845036319612,0.004712744882236408,0.19780761611270087,0.3352212194585076,0.31985692273827865,0.16458727712965002,0.10420647149460709,-0.049579572969403476,-0.16908870790226724,-0.19951133612150562,-0.22125027514858023,-0.16123706801672905,0.15352850539291218,0.0438961038961039,0.1295971824785384,0.16604886638784944,0.1382214395773718,0.13906229363856482,0.11693374422187981,0.053693594541052166,-0.017959498128989653,0.25584635703279773,0.006136913933524103,0.19550077041602465,0.26550077041602466,0.023460268545014307,-0.01894342945190403,0.13729914153642966,0.1890446841294299,0.12317631521021352,0.07816861104996699,-0.14027514858023332,-0.3155227823024433,-0.12293858683689192,-0.07315870570107859,0.0014065595421527625,-0.022196786264582876,0.06760950913493287,0.01585296059872331,0.10049526744441999,0.05787145058331499,-0.26640545894783185,-0.24923398635263042,0.04741140215716487,0.08667180277349769
#53,0.3129936165529386,0.09222980409421087,0.11406559542152762,0.06147479639005063,0.3736649790887079,0.5275214615892582,0.08409861325115563,0.4356306405458948,0.45506053268765134,0.16245652652432313,0.20653753026634383,1.0,0.3259982390490865,0.1270658155403918,-0.03431873211534228,-0.4139423288575831,-0.09297600704380365,0.17725511776359235,0.028802553378824564,-0.31645828747523663,-0.18819062293638564,-0.4195773717807616,0.10040281752146159,-0.23322914373761833,-0.07025533788245653,-0.1493286374642307,-0.162590799031477,-0.3070812238608849,0.1732423508694695,0.16505172793308387,0.10071318511996478,0.05304644508034338,0.25890821043363416,-0.016271186440677966,0.06937926480299361,0.13682148360114463,0.07578472375082544,-0.12353951133612151,-0.10960598723310588,-0.2105062733876293,0.12967422408100374,0.10440017609509135,-0.03981730134272507,-0.16580013207131852,-0.15857142857142856,-0.33278670482060313,-0.37062293638564825,-0.29283953334800794,-0.16965221219458507,-0.18515518379925158,-0.26580013207131853,-0.0886286594761171,0.03585296059872331,-0.19220338983050847,-0.2157869249394673,-0.4384635703279771,-0.32749724851419765,-0.4437023992956196,0.09900286154523442,0.11738058551617873,-0.10987233105877174,-0.17057671142416905,0.30170372000880474,0.12276689412282632,-0.006704820603125688,-0.10308606647589698,0.3292758089368259,0.2708562623816861,0.24423288575830948,0.07318732115342284,0.30782742681047764,0.02484701738939027,0.18746423068456966,-0.03905128769535549,0.07805635042923179,-0.06570768214836012,-0.04819722650231125,-0.21749724851419766,0.2461963460268545,0.000336781862205591,0.13478978648470175,0.15136253576931544,0.10230684569667621,0.6033017829627999,0.3676601364736958,0.14518379925159586,-0.10552718467972705,0.45275148580233326,-0.02463350209112921,0.27319392471934845,0.03942108738718908,0.044323134492626017,-0.25010785824345144,-0.028036539731454986,0.10094210873871891,0.12852300242130751,-0.1678252256218358,-0.17831609068897206,-0.2129187761391151,0.100198106977768,0.01586616773057451,0.18454105216817082,0.2699867928681488,0.10900506273387629,0.09346907329958178,0.209702839533348,0.1703565925599824,-0.20449482720669163,-0.1978560422628219,-0.11764913053048646,0.16937486242570987
#54,0.0423662777900066,0.010552498349108519,-0.06467532467532468,0.01854721549636804,0.1014109619194365,0.24657495047325556,0.11948932423508694,0.23190182698657275,0.14164208672683248,0.167145058331499,0.28664098613251154,0.3259982390490865,1.0,0.5522738278670483,-0.2789984591679507,-0.3230398415144178,-0.09297380585516178,0.055395113361215054,-0.5821175434734757,-0.5622628219238389,-0.3594585075941008,-0.4641008144397975,-0.1516156724631301,-0.41223860884877833,-0.31811798371120403,-0.2889896544133832,-0.21012326656394453,-0.30758969843715606,0.5247237508254458,-0.08580013207131851,0.6238498789346247,0.07981289896544135,0.0988465771516619,0.03489544353951134,0.23584195465551397,0.13049086506713625,0.014505833149900947,-0.0960774818401937,-0.14429892141756548,-0.30148580233325994,-0.013524103015628439,0.010988333700198107,-0.03397974906449483,-0.18501430772617214,-0.1654435395113361,-0.29084745762711867,-0.07186880915694475,0.07457847237508254,0.31347127448822365,0.07566806075280652,-0.022942989214175653,-0.2887277129650011,0.07420647149460709,-0.17446180937706363,-0.28158485582214393,-0.3668699097512657,0.23717367378384327,-0.12815980629539953,0.19019370460048426,0.19844816200748405,0.24530486462689852,0.151897424609289,0.09006383447061413,-0.0499141536429672,-0.12604886638784943,-0.16291877613911512,0.22253356812678846,-0.09082544574069998,-0.29440898084965883,-0.30787365177195686,0.020118864186660798,-0.2467774598283073,0.04787805414924059,-0.023733215936605767,0.19946290997138455,0.10083645168390931,0.22648910411622275,0.2561281091789566,-0.005049526744441999,-0.18073299581774158,0.3091327316751046,0.3334514637904468,0.41369359454105215,0.04407880255337882,0.3662491745542593,0.3507836231565045,0.36231785163988556,0.17842835130970724,0.07236187541272288,0.44104996698217036,-0.05750605326876514,0.2865375302663438,-0.22045344486022453,0.11182918776139116,0.14550517279330838,0.03976007043803654,-0.4636693814659916,-0.10173233546114901,-0.3761897424609289,0.06906009244992296,0.054331939247193484,0.17846136913933525,0.4250561303103676,0.0799405679066696,0.03078582434514638,0.14604666519920756,0.3377745982830729,-0.06930882676645389,-0.07070438036539732,0.014937266123706801,0.20842174774378164
#58,0.08791767554479418,0.11075720889280212,-0.006176535329077702,-0.0016354831609068897,0.024468412942989213,-0.08993396434074401,0.24035439137134051,0.1786946951353731,0.3219150341184239,0.20868368919216376,0.21971164428791548,0.1270658155403918,0.5522738278670483,1.0,-0.19912612810917896,-0.09708122386088487,-0.18610609729253796,-0.06281091789566366,-0.5243671582654633,-0.26449922958397537,-0.0575676865507374,-0.24034778780541494,0.056295399515738496,-0.13871230464450804,-0.18410961919436497,-0.22103015628439357,-0.06676645388509796,-0.06301562843935725,0.2114373761831389,-0.10025313669381467,0.4244353951133612,0.021358133392031697,0.027343165309267004,0.06364736957957297,-0.005912392692053709,0.03274928461369139,-0.11527845036319613,-0.13099273607748185,-0.23040281752146158,-0.09078362315650451,0.08908210433634163,0.01462029495927801,-0.04559542152762492,-0.062397094430992735,-0.08495487563284174,-0.18437376183138895,-0.10432753686990975,0.027004182258419548,0.2580299361655294,0.2996478098173013,0.04787145058331499,-0.04216596962359674,0.26983711204050187,0.11308386528725511,-0.07740039621395553,-0.2056504512436716,0.20163328197226502,0.03829848117983711,-0.051067576491305305,0.008320493066255779,0.15049086506713624,0.09383006823684789,0.11812018489984592,0.08349548756328418,-0.10033237948492185,0.0637970504072199,0.321336121505613,0.04057451023552718,-0.22487563284173454,-0.2220162887959498,-0.07258199427690953,-0.12725511776359233,0.09938586836891922,0.13409200968523002,0.2691371340523883,0.23829627999119524,0.182656834690733,0.21691613471274487,-0.03778780541492406,-0.19959278010125467,0.058472375082544575,0.34186660796830287,0.02741140215716487,0.024065595421527624,0.4728021131410962,0.22133612150561302,0.14136033458067357,0.14305965221219458,0.0010675764913053048,0.23503191723530706,-0.1271582654633502,-0.06755668060752806,-0.09802993616552938,-0.20947171472595202,-0.11422628219238389,-0.10875192604006163,-0.28276469293418444,-0.13259960378604446,-0.25624036979969184,0.04644508034338543,0.18121505613031036,0.013024433193924718,0.13581994276909531,-0.07109178956636583,-0.00562623816861105,0.003149900946511116,0.12576271186440677,0.02412722870349989,-0.047466431873211534,-0.1684393572529166,-0.08011666299801894
#101,0.07977327756988774,0.12600044023772838,-0.12809377063614352,-0.1236385648250055,-0.0149966982170372,-0.16161567246313008,0.023110279550957517,-0.010193704600484261,-0.04607968302883557,-0.1661171032357473,-0.05923618754127229,-0.03431873211534228,-0.2789984591679507,-0.19912612810917896,1.0,0.39353951133612153,-0.034287915474356154,-0.2216156724631301,0.2774246092890161,0.515148580233326,0.5716376843495488,0.29266563944530044,0.08397314549856923,0.22537750385208014,0.34265903587937485,0.14228703499889941,-0.03252036099493726,-0.17418445960818843,-0.32582874752366275,0.020374202069117324,-0.37076161127008583,-0.24136693814659915,-0.1739753466872111,-0.27436935945410523,-0.2789698437156064,-0.15165969623596742,-0.04865727492846137,-0.03504072198987453,0.09011886418666079,-0.0324389170151882,-0.12786924939467312,-0.00787145058331499,0.10782962799911952,0.2042791107197887,0.32988994056790666,0.09274708342504953,-0.3243759630200308,-0.44653532907770194,-0.3293132291437376,-0.29926700418225843,0.024116222760290556,0.059317631521021354,-0.07985031917235307,0.04402817521461589,0.6219502531366938,0.4913449262601805,-0.18479418886198548,0.19480079242791107,-0.0933149900946511,-0.23832709663218138,-0.431089588377724,-0.3316883116883117,0.1023398635263042,-0.03923618754127229,-0.20377944089808497,-0.03287475236627779,-0.17678626458287475,0.11563504292317851,0.13287034998899405,0.069867928681488,-0.009795289456306406,-0.032914373761831386,0.2430772617213295,-0.09030156284393573,0.12907990314769976,-0.10065375302663439,-0.34614791987673343,-0.5050891481399956,0.08803433854281312,-0.13607968302883558,-0.16571868809156945,-0.07627118644067797,-0.2363680387409201,0.12942108738718908,0.055192604006163326,-0.24567246313009025,-0.4336495707682148,-0.12580013207131852,-0.165148580233326,-0.18864626898525202,-0.15871230464450803,-0.1869073299581774,-0.1075148580233326,-0.2335197006383447,-0.08314329738058551,0.16053268765133172,0.024014968082764692,-0.26589478318291876,-0.017263922518159808,-0.1716596962359674,-0.27178516398855385,-0.16499889940567908,-0.32042482940788025,-0.20211974466211755,-0.30462249614791986,-0.07846357032797711,-0.36758529605987234,-0.22169051287695354,-0.05529826106097292,-0.07035439137134053,-0.12449702839533348
#102,-0.08263262161567246,0.14637244111820383,-0.18392031697116443,-0.0077525863966541935,-0.04744001760950913,-0.275115562403698,-0.020125467752586397,-0.12849878934624698,-0.009322033898305085,-0.15868148800352191,0.13666740039621394,-0.4139423288575831,-0.3230398415144178,-0.09708122386088487,0.39353951133612153,1.0,-0.1986220559101915,-0.1896896324014968,0.2739533348007924,0.5126436275588818,0.2095135373101475,0.5805833149900946,0.07747743781642087,0.5231146819282413,0.2183579132731675,0.547622716266784,-0.2110279550957517,-0.004188861985472155,-0.25032577591899624,0.007561082984811798,-0.2798833370019811,-0.15417125247633723,-0.15519260400616333,-0.1730134272507154,-0.252953995157385,-0.002441118203830068,-0.16293198327096634,0.23807395993836672,0.1569931763152102,0.2557935285053929,-0.0006273387629319833,-0.03165529385868369,-0.08722650231124808,0.5229627999119525,0.26890380805635045,0.3869865727492846,-0.16724631300902487,-0.20689852520360996,-0.18692493946731234,-0.042742681047765796,-0.07953554919656615,-0.03327316751045565,-0.09108298481179837,0.015062733876293198,0.29631961259079903,0.5698591239269205,-0.09844816200748405,0.43208672683248955,-0.017693154303323796,-0.05559982390490865,-0.12568346907329958,-0.10780761611270086,0.15416464891041162,0.110231124807396,-0.20782742681047767,-0.21348668280871672,-0.06858683689192163,0.05964340744001761,0.06759850319172353,0.1959982390490865,-0.13796610169491524,-0.032364076601364734,0.002830728593440458,-0.12529826106097292,-0.21521241470394012,-0.09540611930442439,-0.29159366057671143,-0.1981884217477438,-0.02605546995377504,0.18280871670702178,-0.08781201848998459,0.06550077041602466,-0.11354171252476337,-0.27227823024433195,-0.12531146819282413,-0.1828483381025754,-0.20757649130530487,-0.037050407219898746,-0.17893682588597842,-0.11829627999119524,0.16195465551397756,-0.23282192383887299,0.11335241030156284,-0.15285053929121725,-0.13607087827426811,-0.07631080783623156,0.3567092229804094,-0.10273607748184019,0.05992295839753467,-0.20967862645828747,-0.1591239269205371,-0.15814880035219017,-0.29500110059432094,-0.22206691613471274,-0.061540832049306625,-0.1465991635483161,-0.26085186000440236,-0.1089060092449923,-0.0810609729253797,-0.06771516618974247,-0.25751926040061635
#201,0.19047325555800132,-0.010618534008364516,0.5690556900726392,0.44565705480959716,0.1673233546114902,0.2204556460488664,-0.12141756548536209,-0.06818842174774378,-0.2426040061633282,0.31554259300022014,-0.12447721769755668,-0.09297600704380365,-0.09297380585516178,-0.18610609729253796,-0.034287915474356154,-0.1986220559101915,1.0,0.26643847677745985,-0.03999559762271627,-0.1899141536429672,-0.11614571868809156,0.005575610829848118,0.1296830288355712,-0.03064935064935065,0.12362755888179618,-0.08715166189742461,0.3609751265683469,0.2226766453885098,0.03946070878274268,-0.1947259520140876,-0.08555800132071319,0.002172573189522342,0.10225181598062955,-0.06173233546114902,-0.07489984591679506,-0.0474884437596302,0.09769535549196566,-0.23522782302443318,0.015505172793308387,-0.09073299581774158,-0.22810477657935285,-0.13130750605326877,0.04651331719128329,-0.337409200968523,-0.1753995157384988,-0.20088047545674664,0.34152542372881356,0.29223860884877834,0.16541492405899186,-0.05244331939247193,0.27406559542152764,0.07743121285494167,0.06579132731675104,0.07314769975786925,-0.047508254457407,-0.011567246313009025,-0.0911600264142637,-0.26710763812458727,-0.3330266343825666,-0.36876953554919656,0.07202509355051728,-0.0325974025974026,-0.34417125247633723,-0.24696015848558223,0.38303543913713406,0.22156504512436717,-0.29611930442438916,-0.1852542372881356,0.0435329077701959,0.061851199647809815,0.2516685009905349,0.39574290116662997,0.11791107197886859,0.3200374202069117,-0.06368038740920097,0.10202949592780101,0.016550737398195025,-0.021910631741140215,0.15478978648470174,0.14650231124807395,-0.430132071318512,0.005322474136033458,0.0463482280431433,-0.030587717367378385,0.05173893902707462,0.07293638564825006,-0.021476997578692494,-0.09303984151441778,-0.026830288355712086,-0.18275808936825885,-0.21174334140435835,0.2093022232005283,-0.08485582214395773,0.03785824345146379,-0.1585824345146379,0.4376535329077702,-0.1798877393792648,0.46651551837992516,-0.0261237068016729,0.3997512656834691,0.22131631080783623,0.31801232665639445,0.039975786924939465,0.2532467532467532,0.08488223640766014,0.23052168170812237,0.1109553158705701,0.005227823024433194,0.06285274047985913,0.042652432313449264,-0.12756328417345367
