,#10,#11,#12,#13,#17,#18,#26,#49,#50,#51,#52,#53,#54,#58,#101,#102,#201,#202,#301,#302,#401,#402,#501,#502,#601,#602,#701,#702,#801,#802,#901,#902,#1001,#1002,#1101,#1102,#1201,#1202,#1301,#1302,#1401,#1402,#1501,#1502,#1601,#1602,#1701,#1702,#1801,#1802,#1901,#1902,#2001,#2002,#2101,#2102,#2201,#2202,#2301,#2302,#2401,#2402,#2501,#2502,#2601,#2602,#2701,#2702,#2801,#2802,#2901,#2902,#3001,#3002,#3101,#3102,#3201,#3202,#3301,#3302,#3401,#3402,#3455,#3501,#3502,#3601,#3602,#3701,#3702,#3801,#3802,#3901,#3902,#4001,#4002,#4101,#4102,#4201,#4202,#4301,#4302,#4401,#4402,#4501,#4502,#4601,#4602,#4701,#4702,#4801,#4802
#10,1.0,0.2882148360114462,0.32578472375082546,0.389603786044464,0.29954215276249174,0.13134272507153863,-0.15725511776359233,0.3955690072639225,-0.06228483381025754,0.19543693594541053,0.12595861765353292,0.1834140435835351,0.049385868368919214,0.10778120184899846,-0.4927294739159146,-0.24298261060972925,0.07670261941448382,0.03391371340523883,-0.3019986792868149,0.17902267224301122,-0.3426854501430773,0.034362755888179615,0.11301122606207352,0.1962821923838873,-0.10568787145058331,0.19321813779440897,0.18350869469513537,0.2937200088047546,-0.37961919436495706,0.1540677966101695,-0.08194585075941008,-0.017860444640105656,0.06283733215936606,-0.08185780321373541,0.05864406779661017,0.19706141316310807,-0.3991481399955976,-0.00312128549416685,-0.09584415584415584,-0.02937706361435175,-0.17204270305965222,0.09243671582654633,-0.3612920977327757,0.1832225401716927,0.14620515078142196,0.24144838212634823,0.19702399295619635,0.19103896103896104,-0.0849438696896324,0.043156504512436716,0.1813317191283293,0.11898305084745762,0.07835130970724191,0.016885318071758748,-0.31864626898525206,-0.28828087167070215,-0.1514615892581994,-0.018637464230684568,0.14163108078362316,0.13563504292317852,0.1862293638564825,0.13108518600044025,0.4305150781421968,0.0863350209112921,0.18674003962139554,0.21197886858903808,-0.020658155403918115,-0.05593660576711424,0.04186220559101915,0.18299141536429672,0.0448712304644508,0.11106537530266344,-0.13300242130750606,0.09745762711864407,-0.127640325775919,0.10534888839973586,-0.02546995377503852,-0.07523222540171692,-0.1652938586836892,0.24498569227382785,-0.11724851419766674,-0.13684349548756328,-0.2436253576931543,0.10098393132291437,0.13715166189742461,0.19001540832049307,0.1648778340303764,0.04975346687211094,0.23721549636803874,-0.0926040061633282,0.03883777239709443,0.1656240369799692,0.13778340303764033,0.14995817741580453,0.05069117323354611,0.05925379705040722,0.15619414483821265,0.08063614351749945,0.10795289456306406,0.2327492846136914,0.15815320272947392,0.08643847677745983,0.11452784503631962,0.25993176315210215,0.22106317411402157,0.11793968743121286,0.027576491305304866,-0.010277349768875193,0.07996478098173014,0.06851419766674004,0.04396874312128549
#11,0.2882148360114462,1.0,0.3445674664318732,0.23767334360554698,0.08700858463570328,-0.07191723530706581,0.15686550737398194,-0.09337662337662338,0.17566145718688092,0.26501210653753027,0.3248976447281532,-0.18236847897864847,-0.2928813559322034,-0.04689192163768435,-0.15523222540171694,0.18656394453004624,0.18548095971824785,0.037389390270746205,0.007362976007043803,0.13504512436715826,-0.030121065375302663,0.3314505833149901,0.09524103015628439,0.2345014307726172,0.07264142637023993,0.10027514858023333,0.23065815540391812,0.31221879815100156,-0.20972044904248294,0.02791107197886859,-0.13971824785384107,-0.07091569447501651,-0.10020250935505173,-0.15991195245432532,0.027140655954215276,0.008005723090468854,0.022454325335681268,-0.01930002201188642,0.10093110279550957,0.06484701738939028,-0.31536869909751264,-0.03402157164869029,-0.29582434514637906,0.26079903147699757,0.04605326876513317,0.34616112700858465,0.14307065815540393,0.125181598062954,0.05192604006163328,0.02545234426590359,0.156748844375963,0.09831609068897204,0.05849438696896324,0.017459828307285933,-0.18662337662337664,-0.03713845476557341,-0.10659035879374862,0.09233105877173674,0.3450231124807396,0.257343165309267,0.006143517499449703,-0.04218798151001541,0.06517059211974466,0.033306185340083644,0.14863966541932644,0.15764913053048646,-0.24745322474136033,0.16530046224961478,0.0665595421527625,0.07036099493726612,0.015203609949372662,0.2820074840413824,-0.09071758749724851,0.1162227602905569,-0.07483601144618093,-0.16751045564604886,-0.2641140215716487,-0.26119744662117544,0.027285934404578473,0.3020515078142197,-0.1928087167070218,0.14940347787805414,-0.35193924719348446,0.12995157384987893,0.15136693814659916,-0.1646665199207572,-0.10201408760730794,-0.020151882016288796,0.12841514417785604,-0.1164604886638785,0.0020008804754567465,0.17651111600264144,0.2915166189742461,-0.13916354831609068,-0.16244331939247195,0.062040501871010345,0.18706141316310806,-0.07993616552938587,0.009178956636583755,0.07907550077041603,0.054543253356812677,-0.054624697336561744,-0.059368258859784286,0.03757649130530486,0.029528945630640548,-0.11449922958397535,-0.07416464891041162,-0.0826766453885098,0.22901386748844377,-0.07200968523002421,-0.060777019590578914
#12,0.32578472375082546,0.3445674664318732,1.0,0.3727426810477658,0.08270966321813779,0.40143077261721327,-0.18162667840633942,0.13913053048646268,-0.21705701078582434,0.22611490204710544,0.10554259300022012,-0.051952454325335684,0.016623376623376623,-0.11147259520140876,-0.22858683689192164,-0.08288355712084526,0.4207660136473696,0.6282236407660137,-0.07861104996698218,-0.009561963460268545,-0.24110499669821703,0.09141976667400396,0.2901826986572749,0.10726832489544354,0.13904908650671363,0.14793308386528725,0.20259520140876072,0.3173189522342065,0.12597622716266785,0.22087167070217917,0.19963680387409202,0.2826942548976447,0.2696852300242131,0.10841514417785604,0.0012260620735197007,0.18818181818181817,-0.1255646048866388,-0.048580233325996036,0.03678186220559102,-0.11628439357252916,-0.050132071318511995,0.051503411842394896,-0.23167290336781862,0.25414483821263484,0.08687871450583315,0.039854721549636804,0.08282192383887299,0.1552542372881356,-0.12670922298040943,0.04561523222540172,0.17986352630420427,0.2299801893022232,0.1622804314329738,0.20283953334800792,0.05355271846797271,0.2154259300022012,-0.2094519040281752,-0.16991855602025094,-0.0685428131190843,-0.062524763372221,-0.07457406999779881,0.12524763372220998,-0.27544133832269424,-0.12221879815100153,0.316748844375963,0.172425709883337,-0.24537310147479638,-0.06970063834470615,-0.03775038520801233,-0.06271406559542153,0.15047765793528506,0.3148580233325996,-0.10648470173893902,0.1706339423288576,-0.3243803653973146,-0.0974554259300022,-0.11541272287035,-0.0683381025753907,0.003396434074400176,0.07893682588597843,-0.19795729694034778,0.1049966982170372,-0.19631300902487342,0.0475346687211094,0.054635703279771075,-0.14774378164208674,-0.05236187541272287,0.07830288355712084,0.05900946511116003,-0.24406339423288576,0.12471274488223641,-0.005038520801232666,0.16377283733215936,-0.14574290116662997,-0.23974025974025975,0.38664318732115344,0.26295619634602685,0.31904908650671365,0.4320757208892802,0.1918467972705261,0.36911292097732773,0.41448382126348227,0.41744662117543474,0.2634360554699538,0.2870680167290337,0.3262557781201849,0.24243011226062072,-0.03664098613251156,0.17887519260400617,-0.15541052168170813,-0.20166850099053488
#13,0.389603786044464,0.23767334360554698,0.3727426810477658,1.0,0.11968963240149681,0.14441998679286816,-0.08782962799911953,-0.07947611710323575,-0.1566255778120185,0.438729914153643,0.16736737838432753,0.027120845256438476,-0.19121065375302662,0.05785604226282193,-0.2826986572749285,-0.1583645168390931,0.24546555139775478,0.02122165969623597,-0.09695355491965661,0.18395993836671803,-0.16031697116442878,0.07797930882676646,0.08009024873431653,-0.07815540391811578,-0.0907770195905789,0.008972044904248294,0.3735989434294519,0.44587497248514196,-0.1279308826766454,0.33707462029495927,0.04116883116883117,-0.05244992295839754,0.10046224961479198,0.12910631741140216,0.10645608628659477,0.15092670041822584,-0.041283292978208236,0.057875852960598724,0.25651551837992514,0.09593660576711424,-0.039255998239049086,0.26369579572969404,-0.2539247193484482,0.2594364957076821,0.18692714065595423,0.04227162667840634,0.46405238828967643,0.48570548095971827,0.20060312568787145,0.185214615892582,0.34622716266784065,0.3074818401937046,0.30983711204050185,-0.00043143297380585517,-0.09772617213295179,-0.1997292537970504,0.04810037420206912,0.10026854501430772,0.19153422848338103,0.3569733656174334,0.05504732555580013,0.13214395773717807,0.16521241470394013,0.09655293858683689,0.34815760510675764,0.02620515078142197,-0.08515958617653532,-0.04348888399735858,-0.14686550737398196,0.04429892141756549,-0.0873893902707462,0.003552718467972705,-0.2948712304644508,0.12018049746863306,-0.15042262821923838,-0.04701078582434515,-0.09232885758309486,-0.009368258859784283,-0.11795509575170592,0.14480299361655294,-0.2178362315650451,0.11456966762051508,-0.3296984371560643,0.07561303103675986,0.014523442659035879,-0.052722870349988994,0.049211974466211755,-0.03833590138674885,0.2178956636583755,0.02812458727712965,-0.030671362535769315,0.11012326656394453,0.3154985692273828,-0.09671802773497688,-0.002632621615672463,-0.12881796169931764,-0.18450363196125907,0.08286374642306846,0.010041822584195465,0.24080563504292318,0.30144177856042265,0.05555800132071319,0.15370019810697777,0.2321153422848338,0.27596081884217477,0.1924389170151882,0.14202729473915915,0.06889060092449922,0.20779881135813338,-0.11173893902707462,-0.08113581333920317
#17,0.29954215276249174,0.08700858463570328,0.08270966321813779,0.11968963240149681,1.0,0.23158485582214397,-0.07241030156284393,-0.003929121725731895,0.010928901606867708,0.05410301562843936,-0.04935064935064935,0.13364957076821485,0.08813119084305525,0.08205150781421967,-0.3239027074620295,-0.19218137794408982,-0.139900946511116,-0.08927140655954215,-0.3158001320713185,-0.014765573409641207,-0.2527690953114682,-0.21645608628659477,-0.05838872991415364,0.14940127668941228,-0.5097336561743342,-0.059403477878054146,0.15147699757869248,0.20687651331719129,-0.37948272066916133,-0.025278450363196127,0.17303984151441779,0.16561082984811798,0.2024983491085186,0.1445608628659476,-0.012372881355932203,0.162524763372221,-0.11553819062293638,-0.1975544794188862,0.21790887079022672,0.060374202069117325,-0.04210433634162448,0.21952014087607308,-0.03559542152762492,0.35068236847897866,0.06477437816420867,0.2876623376623377,0.22823904908650672,0.2120162887959498,0.09095751705921197,0.08203830068236848,0.18287695355491965,0.10361875412722871,0.1372044904248294,0.19828967642526965,-0.30810477657935287,-0.12942989214175654,-0.15103896103896103,-0.12073079462909972,0.25047105436935946,0.3161985472154964,0.031822584195465554,0.15248954435395112,0.3042262821923839,0.20912612810917897,0.06811798371120405,0.045564604886638785,0.019244992295839754,0.07157605106757649,-0.16799031476997578,0.02467312348668281,-0.1419700638344706,-0.07347787805414924,-0.2685494166850099,0.2606537530266344,0.0066960158485582216,0.16193484481620074,-0.1907968302883557,-0.16762271626678407,-0.1444640105657055,-0.05209333039841514,0.08647589698437157,0.11169051287695356,0.027952894563064056,0.2550803433854281,0.43995157384987893,0.04300902487343165,-0.0056042262821923835,-0.07742020691173233,-0.14452344265903588,0.20051948051948051,0.3302839533348008,0.119966982170372,0.2919986792868149,-0.05547215496368039,-0.046484701738939024,-0.18482280431432974,-0.03858683689192164,0.08100594320933303,0.05469733656174334,-0.08293418445960819,0.1933744221879815,-0.027908870790226723,0.25568567026194144,0.3153841074180057,0.1539885538190623,0.19320493066255778,0.2453202729473916,0.1384173453664979,0.3641272287034999,-0.14161347127448823,-0.11327977107638125
#18,0.13134272507153863,-0.07191723530706581,0.40143077261721327,0.14441998679286816,0.23158485582214397,1.0,-0.2017851639885538,0.11922518159806296,-0.14929121725731895,0.11307285934404579,0.06439357252916575,0.32028615452344267,0.3916927140655954,-0.13234206471494608,-0.15161347127448824,-0.18318071758749724,0.10043363416244772,0.363548316090689,-0.13164428791547436,0.032714065595421525,-0.31141976667400395,-0.15747303543913713,0.040176095091349326,0.10660136473695796,-0.17190182698657275,0.03143517499449703,-0.008767334360554699,0.06184239489324235,0.1274950473255558,0.025071538630860663,0.5217345366497909,0.3191503411842395,0.3750803433854281,0.06957296940347787,-0.03305745102355272,0.12908650671362537,-0.17014087607307946,-0.2138696896324015,-0.014006163328197227,-0.04583094871230464,0.02540611930442439,-0.08159145938806955,-0.10236847897864847,0.2147919876733436,0.024950473255558003,0.008901606867708562,-0.012482940788025533,0.1048051948051948,-0.2265595421527625,0.018155403918115782,0.06669601584855822,0.16280651551837994,0.028943429451904028,0.08801232665639445,-0.1710741800572309,0.07719348448162007,-0.2446268985252036,-0.3040237728373322,-0.1544309927360775,-0.0324191063174114,-0.2082478538410742,-0.03671582654633502,-0.02835351089588378,0.010682368478978648,0.08077261721329518,-0.25827646929341846,-0.14198106977767994,-0.1161237068016729,-0.01472375082544574,-0.22390710983931322,0.3262799911952454,0.15522562183579133,0.0411732335461149,0.0991899625797931,-0.1354721549636804,0.04902487343165309,-0.06227162667840634,-0.09801672903367818,0.040314769975786924,0.022405899185560203,0.1691503411842395,0.21284393572529164,0.18508034338542814,0.2144618093770636,0.18159145938806956,0.03931102795509575,-0.1467246313009025,0.03386528725511776,-0.18594100814439798,-0.04602025093550517,0.2119524543253357,-0.0010895883777239709,0.05926040061633282,-0.1224521241470394,-0.23116222760290556,0.15989214175654853,0.14483381025753908,0.31658155403918115,0.313185119964781,0.11232225401716928,0.350561303103676,0.5523090468853181,0.2937244111820383,0.4215232225401717,0.31766233766233765,0.25948932423508697,0.30013427250715385,0.03364076601364737,0.0028329297820823243,-0.15683469073299583,-0.2539093110279551
#26,-0.15725511776359233,0.15686550737398194,-0.18162667840633942,-0.08782962799911953,-0.07241030156284393,-0.2017851639885538,1.0,0.010167290336781862,0.27225841954655516,0.3201893022232005,0.35878934624697334,-0.33347127448822367,-0.15072859344045786,0.5855976227162668,0.39198767334360557,0.2908100374202069,-0.050827646929341844,-0.26942989214175656,-0.060614131631080786,-0.08307065815540392,0.21376183138895002,0.27209333039841516,-0.08117103235747304,0.06809156944750165,-0.0663680387409201,-0.21248294078802554,0.15302443319392472,-0.04125467752586397,-0.15469293418445962,-0.2739313229143738,-0.17176315210213516,-0.21060532687651332,-0.26093770636143515,-0.38758529605987235,-0.2843627558881796,-0.18656834690732996,0.05871670702179177,-0.14376183138895005,-0.059225181598062955,-0.05371340523882897,-0.05337442218798151,-0.26700858463570326,-0.011824785384107419,-0.1958199427690953,-0.31318291877613913,-0.008597842835130971,0.05317411402157165,-0.03943209333039842,0.039222980409421085,0.0019700638344706143,0.04397094430992736,0.04405018710103456,-0.14445080343385427,0.13379264802993618,-0.02063614351749945,0.061793968743121284,-0.01618534008364517,0.05628659476117103,-0.22916354831609068,0.0684305524983491,-0.09749284613691393,-0.08115122165969624,0.2621241470394013,0.40476777459828306,-0.25122386088487786,-0.036946951353731015,0.4323068456966762,0.6176843495487563,0.4048690292758089,0.265445740699978,0.37602685450143075,0.2872529165749505,0.33760510675764915,-0.07511996478098174,0.16129650011005944,0.03801232665639445,-0.019984591679506933,-0.013966541932643628,0.3091569447501651,0.1402575390710984,-0.1925115562403698,-0.1272705260840854,-0.17969843715606426,0.09875632841734537,0.1394849218578032,-0.22399955976227162,-0.14756988773937926,-0.11755668060752807,0.045725291657495046,0.02190843055249835,-0.31269425489764474,-0.16109619194364957,-0.24535549196566145,-0.2577107638124587,-0.13627118644067795,-0.015921197446621176,-0.09721989874532247,-0.12448162007484041,-0.4151507814219679,-0.09372220999339644,-0.2504072198987453,-0.1377195685670262,-0.29635263042042703,-0.30494607087827424,-0.25122386088487786,-0.2174818401937046,-0.23402157164869028,-0.03624477217697557,-0.07337001981069778,-0.07274708342504953,-0.0771384547655734
#49,0.3955690072639225,-0.09337662337662338,0.13913053048646268,-0.07947611710323575,-0.003929121725731895,0.11922518159806296,0.010167290336781862,1.0,-0.03771296500110059,0.19355491965661456,0.15614131631080783,0.3473959938366718,0.15525643847677745,0.20005062733876294,-0.18830948712304643,-0.3718401937046005,0.15333920316971164,0.032414703940127666,-0.20278670482060313,-0.07086286594761171,-0.014714946070878275,-0.008529605987233105,0.0801716927140656,0.09065155183799252,0.08110939907550077,0.013066255778120185,0.0029011666299801893,-0.005036319612590799,-0.059093110279550956,-0.08211093990755007,-0.07403697996918336,-0.10303984151441778,-0.03938586836891922,-0.15991635483160907,-0.036993176315210215,0.05454545454545454,-0.2769161347127449,-0.11902047105436936,-0.2513713405238829,-0.16880915694475015,-0.05460268545014308,-0.1471274488223641,0.01790446841294299,-0.12780981730134272,-0.136616773057451,-0.07445300462249614,-0.008853180717587497,-0.060202509355051725,-0.20265903587937487,-0.0612722870349989,-0.0010147479639005064,-0.1491745542593,-0.09907109839313229,-0.041347127448822366,-0.06320493066255778,0.06002861545234427,0.02228923618754127,-0.17007043803653973,-0.2371252476337222,-0.2886088487783403,0.22474796390050628,0.3199141536429672,0.16979088707902268,-0.06570988333700198,0.04508474576271186,0.18505392912172572,0.12298040942108739,0.043979749064494825,0.1490512876953555,0.05203169711644288,0.3311820383006824,0.293350209112921,0.19275368699097511,-0.11321593660576712,0.10213955535989434,0.12781201848998458,0.3536913933524103,0.2350099053488884,-0.10914153642967202,-0.1135263042042703,-0.14420647149460708,-0.03735197006383447,-0.07317631521021352,0.12484041382346467,0.15737838432753687,0.2778560422628219,0.22100374202069117,0.11073079462909971,0.1473497688751926,-0.008787145058331499,0.12219678626458287,-0.05149680827646929,-0.19624697336561744,0.17511116002641428,-0.07753246753246754,0.24156944750165088,0.07825225621835791,0.05828087167070218,-0.08532467532467533,0.15841294298921418,-0.1310873871890821,0.08651551837992516,-0.10968302883557121,0.027587497248514198,0.0017389390270746202,0.06755888179616994,-0.09463790446841294,0.22097732775698878,-0.18843715606427472,0.12444419986792868,-0.029099713845476556
#50,-0.06228483381025754,0.17566145718688092,-0.21705701078582434,-0.1566255778120185,0.010928901606867708,-0.14929121725731895,0.27225841954655516,-0.03771296500110059,1.0,0.2365661457186881,0.10982610609729254,-0.00686550737398195,-0.14487343165309266,0.09522562183579132,0.342722870349989,0.17232445520581113,-0.20467532467532468,-0.3257296940347788,0.012599603786044465,0.003297380585516179,0.20717367378384327,0.045621835791327316,-0.05959057891261281,0.11036099493726613,0.038573629760070435,0.058628659476117104,0.11570327977107638,-0.07389830508474576,-0.1801254677525864,-0.3461435174994497,-0.032460928901606866,-0.17154523442659037,-0.03042703059652212,-0.07933524103015628,0.055060532687651334,-0.16744001760950913,0.317985912392692,-0.10486242570988334,0.16335681267884658,0.18205150781421967,-0.08328417345366498,-0.2863812458727713,0.12020691173233546,-0.0976271186440678,-0.08558221439577372,0.2398877393792648,-0.03391151221659696,-0.07535329077701959,0.08069557561082985,-0.10855822143957737,0.0649966982170372,-0.10670041822584196,0.004778780541492406,-0.07029055690072639,0.028388729914153643,-0.08535989434294519,-0.15731895223420647,-0.15677525863966543,-0.12163988553819062,-0.07287475236627779,-0.20151882016288797,-0.34633061853400837,0.12709443099273607,0.12198547215496368,-0.3193550517279331,-0.03789126128109179,0.014202069117323355,0.13576931543033238,0.17874312128549416,0.18724631300902486,0.03198547215496368,-0.0312722870349989,0.21810477657935284,-0.1139225181598063,0.09959498128989655,-0.0349372661237068,-0.276352630420427,-0.3092648029936165,0.23211974466211754,0.05619414483821263,-0.08805414924058992,-0.0849570768214836,-0.16349548756328416,0.1258485582214396,0.08515738498789346,-0.17221879815100155,-0.1790490865067136,0.17724851419766674,-0.23220999339643408,0.11561963460268546,0.007763592339863526,-0.31594541052168174,-0.27344926260180497,-0.12679727052608408,-0.06686330618534009,-0.034195465551397755,0.1286880915694475,-0.03151441778560422,-0.1461897424609289,-0.10666519920757209,-0.12223200528285275,-0.09144838212634823,-0.2206185340083645,-0.010904688531807176,-0.08934184459608188,-0.10174334140435835,-0.06478758529605987,-0.2614131631080784,-0.1038300682368479,-0.08625797930882677,-0.06781862205591019
#51,0.19543693594541053,0.26501210653753027,0.22611490204710544,0.438729914153643,0.05410301562843936,0.11307285934404579,0.3201893022232005,0.19355491965661456,0.2365661457186881,1.0,0.35724191063174116,0.10076381245872772,-0.20308826766453886,0.38681267884657716,0.08507814219678626,-0.09724191063174115,0.3039555359894343,-0.054457406999779884,-0.19272727272727272,-0.1501848998459168,0.12091129209773277,0.008795949812898966,0.14357473035439136,0.015844155844155845,-0.06622055910191503,-0.10567906669601584,0.33700858463570327,0.1548250055029716,-0.14064274708342506,-0.08587937486242571,-0.12541052168170813,-0.13093110279550957,-0.05953995157384988,-0.21618093770636143,-0.023015628439357252,-0.014364957076821484,0.05981510015408321,-0.19999119524543255,0.10885758309487123,-0.07012106537530266,-0.129801893022232,0.0187937486242571,0.05242791107197887,-0.020748404138234647,0.1556372441118204,-0.01476997578692494,0.17978428351309708,0.1299933964340744,0.10173453664979089,0.12808716707021792,0.2924389170151882,0.2425841954655514,0.205115562403698,0.09419766674003963,0.17029495927801014,0.026552938586836893,0.04832489544353951,-0.10259520140876073,-0.042995817741580455,0.15828967642526964,-0.03327977107638125,0.016335020911292096,0.15200528285274048,0.17916795069337443,0.06761611270085846,0.1737508254457407,0.10745982830728594,0.35596742240810036,0.10738498789346247,0.0836319612590799,0.30922518159806295,0.35003742020691175,-0.10954215276249174,-0.2207373981950253,-0.014747963900506273,-0.045025313669381464,-0.05623376623376623,-0.10817081223860885,0.05436275588817962,-0.060352190182698655,-0.35768214836011447,-0.0324191063174114,-0.38711644287915475,0.06765573409641207,0.20692493946731236,-0.13297160466651992,-0.014169051287695356,0.10151221659696236,-0.043513097072419106,0.024364957076821483,0.11671142416905128,0.10381245872771297,0.010818842174774378,-0.12451243671582654,-0.13227602905569008,0.1913449262601805,-0.03878274268104777,0.11556240369799692,-0.09937486242570988,0.06676425269645608,0.0040413823464670925,0.16957957296940349,-0.04439357252916575,0.06541932643627558,0.06897644728153203,-0.05394893242350869,-0.1565639445300462,0.10263262161567246,-0.05949812898965441,-0.12075060532687651,-0.1520184899845917
#52,0.12595861765353292,0.3248976447281532,0.10554259300022012,0.16736737838432753,-0.04935064935064935,0.06439357252916575,0.35878934624697334,0.15614131631080783,0.10982610609729254,0.35724191063174116,1.0,-0.10302883557120845,0.09480299361655294,0.25315430332379485,0.24621835791327318,0.021410961919436495,0.19069997798811358,-0.08716266784063394,-0.014400176095091349,-0.2513801452784504,0.16040501871010346,0.07759410081443979,0.18769315430332378,0.10690732995817742,0.08826546335020911,-0.135445740699978,0.08337882456526524,-0.04827206691613471,-0.028842174774378164,-0.12847237508254458,-0.22470394012766895,-0.19675985031917234,-0.2006339423288576,-0.5039335241030156,-0.23301122606207353,-0.14476997578692494,-0.07810917895663658,-0.1296169931763152,-0.08538410741800573,-0.32079462909971385,0.017572088928021132,-0.020682368478978648,-0.09649130530486463,-0.1135923398635263,-0.12837112040501872,-0.129933964340744,0.051199647809817304,-0.0039049086506713626,-0.11473475676865508,-0.14034778780541493,0.07254017169271407,0.013887299141536429,-0.10924939467312349,-0.1898811358133392,-0.021503411842394893,-0.06985252036099494,-0.014411182038300682,-0.2399867928681488,-0.058100374202069115,-0.1791965661457187,0.11904908650671363,0.005408320493066256,-0.05294519040281752,-0.07112260620735197,-0.19879815100154083,0.021256878714505833,-0.02347347567686551,0.17530266343825665,0.32756328417345365,0.08959718247853841,0.287178076161127,0.25438036539731457,0.1542791107197887,-0.16332379484921858,-0.1311005943209333,-0.19833370019810698,0.08296500110059432,0.00713845476557341,0.32211754347347565,-0.11301122606207352,-0.2513185119964781,-0.005789126128109179,-0.11901386748844375,-0.02111600264142637,-0.056110499669821706,0.13342504952674444,0.16409641206251377,0.02578912612810918,0.0412194585075941,-0.32348668280871673,-0.30866607968302884,-0.09701959057891262,-0.11891481399955976,0.1237904468412943,0.005478758529605987,0.2684107418005723,0.033167510455646046,-0.053015628439357254,-0.2349768875192604,-0.2838983050847458,-0.264686330618534,0.02425049526744442,-0.31484261501210653,-0.09187981510015408,-0.09751926040061633,-0.16395773717807616,-0.32749724851419765,0.03446401056570548,-0.13824565265243233,0.2290314769975787,0.1678186220559102
#53,0.1834140435835351,-0.18236847897864847,-0.051952454325335684,0.027120845256438476,0.13364957076821485,0.32028615452344267,-0.33347127448822367,0.3473959938366718,-0.00686550737398195,0.10076381245872772,-0.10302883557120845,1.0,0.4155513977547876,-0.09542372881355932,-0.2864142637023993,-0.4223112480739599,0.1511930442438917,-0.06678186220559101,-0.1890975126568347,-0.24605987233105878,-0.21646929341844595,-0.416766453885098,0.06220338983050847,-0.13980629539951575,-0.17585296059872332,-0.05817741580453445,-0.15171912832929782,-0.10809597182478538,-0.12258199427690954,0.059685230024213075,0.2553224741360335,0.19125467752586398,0.3394607087827427,0.03725071538630861,0.09848117983711203,0.19627118644067795,-0.22656174334140436,-0.18758309487123045,0.01854061193044244,-0.12076821483601144,0.05546555139775479,0.017257318952234205,-0.11674884437596302,0.1540677966101695,0.14772397094430992,0.02858023332599604,0.12326656394453005,0.18884437596302003,-0.09689632401496809,0.00362755888179617,0.10803874092009685,-0.06810477657935285,-0.07035659255998239,-0.17550957517059212,-0.09115782522562184,-0.24196786264582876,-0.0500528285274048,-0.35908650671362535,0.07662337662337662,-0.06702839533348008,0.12949152542372883,0.11677305745102355,0.07368699097512657,-0.10981950253136694,-0.01027294739159146,-0.16066916134712744,-0.18570988333700197,-0.2578868589038081,-0.17469073299581775,-0.23918335901386747,0.036803874092009685,0.023770636143517498,-0.11918115782522562,-0.0721879815100154,0.07490204710543694,0.08154523442659035,0.028593440457847237,0.072359674224081,-0.2694012766894123,-0.2813009024873432,0.05444199867928681,0.13000440237728372,0.10395773717807616,0.025115562403697996,0.04245432533568127,0.3031829187761391,0.17291217257318953,0.24658595641646489,-0.029874532247413602,-0.11677305745102355,0.21330618534008364,0.07985912392692053,0.02925379705040722,0.2512942989214176,0.1254193264362756,-0.04575610829848118,-0.013383226942548976,0.24085626238168611,0.1386352630420427,0.15301782962799912,0.14279330838652873,0.29621835791327317,-0.007325555800132071,0.32465111160026416,0.23390050627338763,0.2621087387189082,0.20059652212194584,0.10171472595201408,-0.11589698437156064,0.12064714946070879,0.053502091129209776
#54,0.049385868368919214,-0.2928813559322034,0.016623376623376623,-0.19121065375302662,0.08813119084305525,0.3916927140655954,-0.15072859344045786,0.15525643847677745,-0.14487343165309266,-0.20308826766453886,0.09480299361655294,0.4155513977547876,1.0,-0.1252542372881356,-0.11559322033898305,-0.24343825665859564,-0.028219238388729913,0.17140215716486903,-0.24103675985031917,-0.3077327756988774,-0.23538190622936386,-0.47302883557120845,0.07906449482720669,-0.11723310587717367,-0.1913515298261061,-0.05808936825885978,-0.3821659696235967,-0.23320713185119965,0.15881576051067575,-0.074785384107418,0.3685868368919216,0.316880915694475,0.3826876513317191,-0.07538410741800572,-0.23465551397754789,0.022333259960378604,-0.14565925599823906,-0.22227823024433194,-0.15574069997798812,-0.284290116662998,0.00010565705480959718,-0.17172573189522342,-0.06091789566365838,0.17176535329077702,-0.14145938806955757,-0.049947171472595205,-0.1719062293638565,-0.07343605546995377,-0.2612722870349989,-0.1123530706581554,-0.20159366057671144,-0.07915254237288136,-0.24478758529605987,-0.11196346026854502,-0.15942989214175654,-0.09532247413603345,-0.14077481840193704,-0.31284613691393354,-0.130429231785164,-0.2840479859123927,0.09570768214836012,0.057272727272727274,-0.0662293638564825,-0.14161127008584637,-0.07097732775698877,-0.18825005502971603,-0.13755668060752807,-0.15467092229804094,-0.05660796830288356,-0.3963900506273388,0.11244111820383007,-0.05052388289676425,0.15832049306625579,-0.07574730354391371,0.05156504512436716,0.11434734756768655,0.12402377283733217,0.12282192383887298,0.10939687431212855,-0.20355712084525643,0.45689192163768433,0.1448051948051948,0.5254523442659036,0.16337001981069776,0.1264935064935065,0.30709222980409423,0.12802993616552938,0.0788861985472155,-0.21561303103675986,-0.22808276469293418,0.18436055469953774,0.018899405679066696,-0.028516398855381906,0.2432907770195906,0.012942989214175655,0.061826986572749286,-0.021890821043363415,0.21187321153422847,0.12479418886198547,0.0313383226942549,0.15663438256658596,0.33762931983270966,0.09833149900946511,0.1998415144177856,0.1516156724631301,0.3843649570768215,0.21268545014307727,0.04104556460488664,-0.21326876513317192,0.10771956856702619,0.028355712084525645
#58,0.10778120184899846,-0.04689192163768435,-0.11147259520140876,0.05785604226282193,0.08205150781421967,-0.13234206471494608,0.5855976227162668,0.20005062733876294,0.09522562183579132,0.38681267884657716,0.25315430332379485,-0.09542372881355932,-0.1252542372881356,1.0,0.26850099053488885,0.0587145058331499,0.04221219458507594,-0.2611071978868589,-0.1354985692273828,-0.18142637023992955,0.10006383447061414,0.02842174774378164,0.03224961479198767,0.005232225401716927,-0.058415144177856045,-0.20235307065815542,0.06540391811578253,-0.10697556680607528,-0.2933744221879815,-0.17059211974466212,-0.19699537750385207,-0.17811138014527844,-0.22456966762051508,-0.3850671362535769,-0.20865067136253576,-0.12297820823244553,-0.1410477657935285,-0.1592868148800352,-0.28784943869689633,-0.12116222760290557,0.043794849218578034,-0.1659123926920537,0.1046929341844596,-0.3042967202289236,-0.1480893682588598,-0.12589698437156063,-0.046299801893022234,-0.13123486682808716,-0.027109839313229144,-0.172326656394453,0.0017939687431212856,-0.00901386748844376,-0.1617015188201629,0.08288575830948712,-0.09596081884217478,0.16302223200528285,-0.05533568126788466,-0.08764692934184459,-0.2393594541052168,-0.011928241250275149,0.010620735197006383,0.0902509355051728,0.34918996257979307,0.2935439137134052,-0.11539071098393132,0.05140215716486903,0.4860972925379705,0.5881135813339203,0.3103081664098613,0.3711182038300682,0.4686572749284614,0.19270746202949593,0.21401056570548097,-0.16961919436495707,0.1211666299801893,0.12392471934844816,0.18867268324895445,0.1655315870570108,0.10596302003081665,-0.029621395553598943,-0.30482720669161345,-0.3547611710323575,-0.21886858903808057,-0.034791987673343606,0.07644287915474356,-0.04283733215936606,-0.01584635703279771,-0.1803830068236848,0.0350363196125908,0.1249570768214836,-0.02414703940127669,-0.1124983491085186,-0.23608628659476116,-0.13041822584195464,-0.0262095531587057,0.06150341184239489,-0.14794849218578032,-0.07265243231344927,-0.3387365177195686,-0.0424983491085186,-0.11853400836451684,-0.07347567686550738,-0.24154523442659037,-0.18366057671142416,-0.24065155183799253,-0.22449042482940787,-0.19382786704820604,0.1841602465331279,0.05635263042042703,0.042425709883337,-0.008296279991195246
#101,-0.4927294739159146,-0.15523222540171694,-0.22858683689192164,-0.2826986572749285,-0.3239027074620295,-0.15161347127448824,0.39198767334360557,-0.18830948712304643,0.342722870349989,0.08507814219678626,0.24621835791327318,-0.2864142637023993,-0.11559322033898305,0.26850099053488885,1.0,0.5157517059211975,0.002003081664098613,-0.1428329297820823,0.37515958617653533,-0.19192163768434956,0.6949130530486463,0.2590050627338763,0.07239709443099274,-0.09202949592780102,0.27524543253356815,-0.16106097292537971,-0.17097952894563065,-0.45501871010345585,0.3193704600484262,-0.37825665859564167,-0.2544111820383007,-0.26489544353951133,-0.39342504952674445,-0.3800924499229584,-0.16131410961919437,-0.31541272287035,0.20518600044023771,0.09133612150561303,-0.04913933524103015,-0.10420206911732335,0.13734316530926702,-0.27267884657715163,0.30867928681488005,-0.38726832489544355,-0.24714946070878274,-0.3109046885318072,-0.3424191063174114,-0.39612810917895663,-0.2112854941668501,-0.3752190182698657,-0.34496588157605107,-0.20770195905789127,-0.24424169051287695,-0.22835571208452565,0.3150429231785164,0.09783843275368699,-0.010774818401937046,-0.06852520360994938,-0.30810477657935287,-0.29003742020691176,-0.26010345586616773,-0.39803213735417126,-0.24444860224521242,-0.0629407880255338,-0.5342284833810258,-0.1520823244552058,0.07690953114681928,0.15385648250055028,0.4548976447281532,0.26766894122826324,0.16607968302883558,0.06016949152542373,0.4029738058551618,-0.29179616993176316,0.0787937486242571,-0.22782962799911952,-0.0437046004842615,-0.10564825005502972,0.586517719568567,-0.15871230464450803,-0.13303984151441778,-0.16725511776359234,0.007785604226282192,-0.10377503852080124,-0.21885538190622936,-0.241963460268545,-0.1680343385428131,0.084884437596302,-0.25511996478098176,-0.13994497028395333,-0.2265859564164649,-0.4964913053048646,-0.47788685890380805,-0.17061853400836452,0.053193924719348445,0.15540832049306624,0.0004468412942989214,-0.20049746863306186,-0.26577591899625796,-0.49690292758089366,-0.44658155403918115,-0.08454545454545455,-0.3550319172353071,-0.3871846797270526,-0.409537750385208,-0.4057032797710764,-0.46960818842174773,-0.352953995157385,-0.18837992515958618,0.06470394012766895,0.05422628219238389
#102,-0.24298261060972925,0.18656394453004624,-0.08288355712084526,-0.1583645168390931,-0.19218137794408982,-0.18318071758749724,0.2908100374202069,-0.3718401937046005,0.17232445520581113,-0.09724191063174115,0.021410961919436495,-0.4223112480739599,-0.24343825665859564,0.0587145058331499,0.5157517059211975,1.0,-0.03324675324675325,0.07378604446401056,0.47408100374202067,0.2707109839313229,0.2221417565485362,0.5419502531366938,0.07322914373761831,0.1237310147479639,0.27253576931543033,0.16519700638344706,-0.01086286594761171,-0.06331499009465111,0.2026832489544354,0.0038388729914153644,-0.08709663218137795,-0.08326656394453004,-0.2491305304864627,-0.08418005723090469,-0.029861325115562404,-0.32872331058771737,0.08969403477878055,0.3396830288355712,0.09202289236187541,0.2478648470173894,-0.1394254897644728,-0.13705040721989875,0.07390710983931323,-0.023169711644287914,-0.1447985912392692,-0.08900286154523443,-0.08578472375082545,-0.147541272287035,-0.04052828527404798,-0.17821703720008805,-0.1426106097292538,-0.13771076381245873,-0.21419326436275588,-0.09791327316751046,-0.019071098393132292,0.18886858903808057,-0.3314219678626458,0.2499273607748184,0.04417785604226282,0.059311027955095755,-0.46852740479859123,-0.4521439577371781,-0.09526744441998679,-0.06663878494386968,-0.1885163988553819,-0.07866167730574511,-0.09016288795949813,0.12133612150561303,0.33227382786704823,0.38875632841734536,-0.03303323794849219,0.14492185780321373,0.10686550737398195,-0.046674003962139554,-0.1436385648250055,-0.3756064274708342,-0.3154655513977548,-0.2393220338983051,0.3247259520140876,0.3461963460268545,-0.0851948051948052,0.00336781862205591,-0.12542372881355932,0.06099053488883997,-0.05274488223640766,-0.45163328197226504,-0.4328241250275149,0.03051948051948052,0.06859344045784724,-0.08231124807395994,-0.1368611049966982,-0.2495663658375523,-0.13539731454985693,-0.3663548316090689,-0.1810543693594541,-0.032410301562843934,0.22207792207792207,-0.21031476997578694,-0.02570988333700198,-0.21796610169491526,-0.1887211093990755,-0.1521483601144618,-0.0872507153863086,-0.24818401937046006,-0.3132027294739159,-0.3784569667620515,-0.3623992956196346,-0.46330618534008366,-0.036224961479198764,-0.22807836231565046,-0.214554259300022
#201,0.07670261941448382,0.18548095971824785,0.4207660136473696,0.24546555139775478,-0.139900946511116,0.10043363416244772,-0.050827646929341844,0.15333920316971164,-0.20467532467532468,0.3039555359894343,0.19069997798811358,0.1511930442438917,-0.028219238388729913,0.04221219458507594,0.002003081664098613,-0.03324675324675325,1.0,0.2255381906229364,-0.1066585956416465,-0.2640964120625138,-0.01687211093990755,-0.10439797490644949,0.33265243231344926,0.011833590138674884,-0.004580673563724411,-0.04896324014968083,0.19469733656174334,0.1384767774598283,0.18400396213955536,0.03327316751045565,0.1009553158705701,0.015577812018489984,0.1940149680827647,-0.1839951573849879,-0.06209993396434074,-0.1657142857142857,-0.2804556460488664,-0.16596742240810036,0.07063174114021571,-0.2819986792868149,-0.026700418225841956,-0.13696896324014968,-0.15723530706581554,-0.13380805635042922,0.12521901826986573,-0.2853664979088708,0.24921417565485363,0.13084745762711864,0.023015628439357252,0.053411842394893244,0.2729165749504733,0.11169051287695356,0.2509817301342725,0.024825005502971606,0.3131388950033018,0.0886220559101915,0.18809597182478538,-0.27063834470614134,-0.14309487123046444,-0.1755844155844156,0.11453664979088708,0.24456306405458947,-0.3333568126788466,-0.19731454985692273,0.1332423508694695,0.15529605987233105,-0.3009487123046445,-0.015643847677745983,-0.1658397534668721,-0.12004182258419546,0.2374884437596302,0.3262579793088268,0.034270305965221216,0.10096191943649571,-0.07922518159806295,0.03299801893022232,0.2100132071318512,0.16623376623376623,0.05885097952894563,-0.21274708342504953,-0.22516398855381906,0.07594761171032358,-0.2627074620294959,-0.12907550077041602,-0.1261237068016729,-0.08741360334580674,0.07948272066916134,0.172128549416685,0.1648316090688972,-0.25683689192163767,-0.09375302663438256,0.07091789566365837,0.01650231124807396,-0.08001100594320933,-0.15604226282192385,0.4879330838652873,-0.01114241690512877,0.38099273607748185,0.10663218137794409,0.25099713845476557,0.16047105436935946,0.3854831609068897,-0.017186880915694477,0.08314549856922739,0.021811578252256218,0.0811402157164869,0.008666079683028835,0.16999559762271627,-0.05385208012326657,-0.028496588157605106,-0.1240413823464671
