,#10,#11,#12,#13,#17,#18,#26,#49,#50,#51,#52,#53,#54,#58,#101,#102,#201,#202,#301,#302,#401,#402,#501,#502,#601,#602,#701,#702,#801,#802,#901,#902,#1001,#1002,#1101,#1102,#1201,#1202,#1301,#1302,#1401,#1402,#1501,#1502,#1601,#1602,#1701,#1702,#1801,#1802,#1901,#1902,#2001,#2002,#2101,#2102,#2201,#2202,#2301,#2302,#2401,#2402,#2501,#2502,#2601,#2602,#2701,#2702,#2801,#2802,#2901,#2902,#3001,#3002,#3101,#3102,#3201,#3202,#3301,#3302,#3401,#3402,#3455,#3501,#3502,#3601,#3602,#3701,#3702,#3801,#3802,#3901,#3902,#4001,#4002,#4101,#4102,#4201,#4202,#4301,#4302,#4401,#4402,#4501,#4502,#4601,#4602,#4701,#4702,#4801,#4802
#10,1.0,0.38589918556020253,0.2008188421747744,0.16267004182258418,0.08619414483821264,0.0859189962579793,-0.008584635703279771,0.4866585956416465,0.157706361435175,0.4017411402157165,0.3315034118423949,0.24197226502311248,0.17115122165969623,0.15611490204710543,-0.003834470614131631,0.26410301562843935,0.29413823464670924,-0.29116662998018933,-0.052951793968743124,-0.023667180277349768,0.14039621395553598,0.12372881355932204,0.17761171032357473,0.19856702619414485,0.07657054809597183,-0.0562821923838873,0.21907329958177416,0.10065375302663439,-0.3215320272947392,-0.08721329517939687,-0.30787365177195686,-0.05799911952454325,-0.21893242350869468,-0.3678516398855382,-0.46149240589918555,-0.2865441338322694,-0.4307660136473696,-0.17510455646048867,-0.12909531146819284,-0.08930442438917015,-0.1474025974025974,-0.20681488003521903,-0.15474356152322255,0.005701078582434515,0.1588267664538851,0.20269645608628659,-0.09198106977767995,-0.1373035439137134,-0.05451243671582655,-0.059139335241030155,-0.07789566365837552,-0.12336781862205591,-0.003693594541052168,0.052905569007263925,-0.05022672243011226,0.026251375742901168,0.13842835130970724,-0.036176535329077705,-0.10275808936825886,0.11656174334140436,0.04935285053929122,-0.3072176975566806,-0.14423288575830948,-0.16844816200748405,0.27777239709443097,0.20311468192824125,0.006894122826326217,-0.0676865507373982,-0.18139995597622716,-0.026324014968082763,-0.25100594320933306,0.17771516618974245,-0.11601364736957957,-0.2613647369579573,-0.04242350869469513,-0.08707021791767554,-0.3483314990094651,0.12199867928681488,-0.016843495487563285,-0.12087827426810478,0.06576051067576491,0.25302223200528284,0.015485362095531587,-0.27696456086286597,-0.16130750605326877,-0.13603345806735637,-0.23813559322033898,-0.08029716046665199,0.22746643187321153,-0.28595641646489106,0.007908870790226723,-0.49486462689852523,0.14401276689412282,-0.25745762711864406,-0.053033237948492185,0.031294298921417565,-0.04718688091569447,-0.15481840193704602,-0.22670702179176755,0.010411622276029056,-0.22142857142857142,-0.2769733656174334,-0.11509575170592119,-0.3830288355712084,-0.3925445740699978,-0.44213515298261064,-0.40749724851419766,-0.40560642747083425,-0.07514637904468413,0.07173233546114902,0.10730354391371341
#11,0.38589918556020253,1.0,0.3513779440898085,0.18327316751045564,-0.0013185119964780982,0.03972044904248294,0.39739819502531365,0.2907329958177416,0.3341118203830068,0.38158045344486025,0.5173057451023553,0.304851419766674,0.21199207572088927,0.30983050847457627,-0.1776535329077702,0.25361435174994496,0.23509795289456306,-0.05565925599823905,0.0025357693154303322,0.16189082104336341,-0.02093990755007704,0.1000726392251816,0.04278010125467752,0.15471494607087827,0.1248910411622276,0.02330398415144178,0.07220338983050847,0.1122408100374202,-0.060066035659256,0.14438917015188202,-0.11472375082544574,0.058600044023772835,-0.24834470614131632,-0.22977327756988775,-0.12022011886418667,-0.07713185119964781,-0.0034118423948932422,0.052670041822584196,-0.19252696456086288,-0.20541712524763373,-0.21800352190182698,0.08047105436935946,-0.06321373541712524,-0.08459608188421748,-0.07864626898525204,-0.0338366718027735,0.0070988333700198105,-0.048276469293418445,-0.1821813779440898,0.2072044904248294,-0.10027734976887519,0.043099273607748186,-0.0037310147479639004,0.03980629539951574,-0.16801893022232006,-0.11842835130970725,-0.07188641866607969,-0.09639225181598063,-0.048236847897864844,-0.00574950473255558,-0.006097292537970504,-0.21756548536209552,-0.0004424389170151882,-0.10304424389170151,0.3540611930442439,0.07797490644948273,0.13556680607528065,0.1943847677745983,0.06858683689192163,0.07734756768655074,0.14519040281752146,0.0989852520360995,0.022982610609729254,-0.06523662777900066,0.041917235307065814,0.1798943429451904,-0.41610609729253795,-0.09224521241470394,-0.1807770195905789,0.11618754127228703,-0.08292758089368259,0.18741140215716487,0.14774378164208674,-0.06848778340303764,0.08277349768875193,-0.018278670482060312,-0.31017389390270744,-0.09986572749284614,0.197211093990755,0.037867048206031255,0.07156724631300902,-0.11902707462029496,0.08842394893242352,-0.16971164428791546,-0.15574730354391372,-0.033499889940567906,-0.03160906889720449,-0.22060092449922958,-0.09319832709663219,-0.08979749064494827,-0.20993176315210213,-0.12399735857362976,0.09448822364076602,-0.06971824785384108,-0.15969403477878055,-0.12212414703940128,-0.2871912832929782,-0.2294585075941008,-0.08198767334360554,-0.14736737838432754,-0.027048206031256877
#12,0.2008188421747744,0.3513779440898085,1.0,0.5400836451683909,0.22383447061413164,0.33545454545454545,0.12892141756548536,0.0986220559101915,-0.05046665199207572,0.4346004842615012,0.2188531807175875,-0.11235086946951353,0.01939027074620295,-0.018842174774378165,-0.2527668941228263,0.023075060532687652,0.5533898305084746,0.38604886638784947,-0.2903918115782523,-0.24963900506273387,-0.5243539511336122,0.01960378604446401,0.30626678406339425,0.5532027294739159,-0.07060972925379705,0.21512876953554919,0.5379947171472595,0.5285274047985913,0.21197446621175434,0.16192824125027516,0.13299581774158045,0.18894122826326215,0.2317191283292978,0.029152542372881354,-0.02413383226942549,0.011428571428571429,0.02058331499009465,-0.15770195905789125,0.046674003962139554,-0.09313449262601806,0.009333039841514418,0.2064406779661017,-0.03397754787585296,0.04277129650011006,-0.31892802113141094,-0.24314109619194366,0.27120405018710103,0.25298261060972926,0.03687871450583315,0.2512128549416685,0.2769073299581774,0.4793286374642307,0.4054061193044244,0.43321373541712527,-0.1641074180057231,0.21989214175654853,-0.43008144397974907,-0.34644948272066917,0.17538410741800572,0.4017037200088048,-0.3238102575390711,-0.3858815760510676,-0.5769161347127448,-0.467706361435175,0.6114461809377063,0.08987233105877174,-0.3411160026414264,-0.24046224961479198,-0.34730794629099715,-0.234851419766674,0.200693374422188,0.28616552938586837,-0.37812458727712966,-0.1402575390710984,-0.523020030816641,-0.40545454545454546,-0.3679903147699758,-0.24879154743561524,0.2349768875192604,0.34243011226062076,-0.35006823684789784,0.006718027734976887,-0.11251595861765354,-0.2832093330398415,-0.5106779661016949,-0.4753334800792428,-0.21047765793528506,-0.2853114681928241,0.3093660576711424,-0.46298040942108737,-0.1222804314329738,-0.20036979969183358,0.03675544794188862,0.1188201628879595,0.2392339863526304,0.2784239489324235,0.10475236627779001,0.5505723090468854,0.5218049746863306,0.21650891481399956,0.3233370019810698,0.5115144177856042,0.41523662777900067,0.26761611270085844,0.11610829848117983,0.19852080123266563,0.06889500330178296,-0.3423530706581554,-0.04947391591459388,0.16849438696896324,0.23629099713845478
#13,0.16267004182258418,0.18327316751045564,0.5400836451683909,1.0,0.0676997578692494,0.28970724191063174,0.2550429231785164,-0.024224081003742022,-0.1836187541272287,0.5342482940788026,0.12193704600484262,-0.04765133171912833,0.17848117983711204,-0.01216156724631301,-0.29390710983931323,0.06720669161347127,0.542014087607308,0.2685230024213075,-0.25614571868809155,-0.12741140215716487,-0.41159145938806957,-0.09427470834250495,0.2974290116662998,0.39037860444640105,-0.12265903587937486,0.19005062733876293,0.3458133392031697,0.4148228043143297,0.06926700418225842,-0.07153422848338102,0.12073739819502531,0.06331058771736738,0.20188641866607968,0.1731432973805855,0.007767994717147259,0.05057230904688532,0.002161567246313009,0.09271406559542153,-0.05021351529826106,0.12195685670261941,-0.09103455866167731,0.01596522121945851,-0.025855161787365178,-0.09390050627338763,0.06073299581774158,-0.2128615452344266,0.1274620294959278,0.15963240149680827,-0.10593660576711424,0.13507153863086066,0.2201254677525864,0.31487563284173453,0.3262491745542593,0.28604886638784943,-0.2572837332159366,0.19170592119744662,-0.2654721549636804,-0.21385868368919217,0.04933524103015628,0.31765573409641207,-0.2338895003301783,-0.32766233766233765,-0.25773717807616114,-0.18344486022452125,0.36171692714065595,-0.031215056130310368,-0.32054809597182476,-0.06071098393132292,-0.08849218578032138,-0.08575610829848118,0.19633722209993396,0.1839951573849879,-0.12612150561303104,0.11878934624697336,-0.2661237068016729,-0.3025709883337002,-0.014545454545454545,-0.020400616332819723,-0.007919876733436056,0.17352410301562843,-0.3022804314329738,0.012146158925819942,-0.1062689852520361,-0.10442438917015189,-0.2558265463350209,-0.0963614351749945,-0.028428351309707243,-0.09128109178956637,0.016090688972044905,-0.40633722209993395,-0.02913713405238829,-0.020431432973805855,0.1400858463570328,0.11325555800132071,0.2426106097292538,0.058914813999559765,0.11880475456746643,0.39404358353510893,0.33623816861105,0.1448051948051948,0.14982390490865066,0.3833083865287255,0.347079022672243,0.22255337882456527,0.16582874752366278,0.21752366277790006,0.11080123266563945,-0.1376139115122166,-0.023671582654633504,0.13190182698657274,0.2206207351970064
#17,0.08619414483821264,-0.0013185119964780982,0.22383447061413164,0.0676997578692494,1.0,0.18374862425709884,-0.051591459388069555,-0.005001100594320933,0.14751705921197447,-0.0022782302443319392,0.12847237508254458,0.12527184679727052,0.112458727712965,0.026161127008584636,-0.22611270085846358,-0.19215056130310368,-0.0015980629539951573,0.21641206251375744,-0.3714593880695576,-0.20774158045344487,-0.2574818401937046,-0.33799911952454326,0.06306845696676205,0.005487563284173454,-0.2841668500990535,-0.2383050847457627,-0.00032357473035439136,0.01667180277349769,0.1661567246313009,0.07476117103235748,0.24299801893022233,-0.11764692934184459,0.22679506933744223,0.126748844375963,0.04972265023112481,-0.08142196786264583,-0.03694915254237288,-0.049264802993616554,0.015091349328637465,-0.09664758969843716,0.017530266343825665,-0.1064869029275809,-0.14128769535549196,0.08486902927580894,-0.10420427030596523,-0.01824125027514858,0.15322694254897645,0.18881135813339203,0.12382786704820603,0.0963152102135153,0.1537244111820383,-0.0724719348448162,0.05586616773057451,-0.0062227602905569005,-0.2755249834910852,-0.23894342945190403,-0.0724719348448162,-0.3864230684569668,0.2041976667400396,0.0031763152102135153,0.15922518159806295,-0.019174554259300022,0.09820603125687871,-0.020140876073079465,0.08195025313669381,0.11440898084965881,0.08689852520360995,-0.11672683248954435,-0.25022892361875415,0.055181598062953995,0.07661016949152542,0.2709685230024213,-0.12004402377283734,0.18111820383006824,-0.22055029716046665,-0.06485141976667401,-0.1449306625577812,0.028051948051948054,0.20414263702399296,0.0688597842835131,0.2576315210213515,0.17071098393132292,-0.06379925159586176,0.2382192383887299,0.14394673123486681,0.044329738058551615,0.17839313229143738,0.030818842174774378,0.2689324235086947,0.21008144397974907,0.217376183138895,0.10043583535108959,0.1022342064714946,0.2116222760290557,0.14835130970724192,-0.07474136033458068,-0.19910851860004403,0.1579550957517059,0.0834140435835351,0.3374290116662998,0.40720008804754565,0.3236605767114242,0.22096632181377945,0.10582214395773717,0.011311908430552499,0.2577349768875193,0.0775544794188862,0.08508474576271187,0.09996918335901386,0.10787365177195686,0.12063174114021571
#18,0.0859189962579793,0.03972044904248294,0.33545454545454545,0.28970724191063174,0.18374862425709884,1.0,0.19571208452564384,0.01050627338762932,-0.28350209112920977,0.036517719568567024,0.06025974025974026,-0.0400858463570328,0.4051683909311028,0.02068677085626238,-0.3999933964340744,-0.08467092229804095,0.2848690292758089,0.44275148580233326,-0.19697336561743342,-0.030783623156504514,-0.22619194364957076,0.08885758309487123,0.19786044464010566,0.37299801893022233,-0.09208012326656395,-0.0010257539071098394,0.19553378824565265,0.25176975566806076,0.2337706361435175,0.2986748844375963,0.4085670261941448,0.24306405458947833,0.13418445960818842,0.13167070217917676,0.33440237728373323,-0.01597622716266784,0.20452564384767774,0.074785384107418,-0.030975126568346906,-0.08847457627118645,-0.14178296279991195,0.06720228923618754,0.062408100374202066,-0.06546775258639666,-0.16945630640545895,-0.013636363636363636,0.02100594320933304,-0.038976447281532024,-0.14100594320933305,0.06308606647589698,0.023629760070438037,0.2792956196346027,0.17487563284173455,0.2770592119744662,-0.30438696896324013,-0.002817521461589258,-0.2926040061633282,-0.2432885758309487,-0.006916134712744882,0.2566982170372001,-0.020884877834030376,-0.0975346687211094,-0.00013207131851199647,-0.16452124147039401,0.2648910411622276,0.01800792427911072,0.16681047765793527,-0.043077261721329516,0.01439357252916575,0.08604006163328197,0.24708122386088488,0.28335901386748846,-0.048390931102795506,0.12775478758529607,-0.14593440457847237,-0.09857803213735417,-0.05963240149680828,-0.135016508914814,0.03179176755447942,0.3551793968743121,-0.0004754567466431873,0.024292317851639884,-0.1340479859123927,0.18055029716046664,-0.05389830508474576,-0.0023838872991415365,-0.05673123486682809,0.06416905128769536,0.24070217917675546,-0.06944530046224962,0.09250715386308607,0.08322474136033459,0.34413823464670923,0.10103675985031917,-0.03314549856922738,0.1420250935505173,-0.00793088267664539,0.11912612810917896,0.2127690953114682,0.04220118864186661,0.13460928901606867,0.37331939247193485,0.5190843055249835,0.17059652212194584,0.06669161347127449,0.14291877613911513,-0.00040501871010345584,-0.008725511776359234,0.05442438917015188,0.007651331719128329,0.03158265463350209
#26,-0.008584635703279771,0.39739819502531365,0.12892141756548536,0.2550429231785164,-0.051591459388069555,0.19571208452564384,1.0,0.20859344045784725,0.26212634822804315,0.29138895003301785,0.3938895003301783,0.20863746423068458,0.31824345146379046,0.36209112920977327,-0.3115078142196786,0.09907109839313229,-0.02343385428131191,-0.10672022892361875,-0.03959938366718028,0.16160026414263703,-0.21927801012546774,-0.024754567466431874,0.007050407219898745,0.05103235747303544,-0.10565705480959718,-0.00487343165309267,-0.13902707462029495,-0.023753026634382567,-0.11449702839533347,-0.03800792427911072,-0.04989874532247414,0.07826106097292539,-0.04740039621395554,0.006445080343385428,-0.016828087167070217,0.042663438256658595,0.11866387849438696,0.24840633942328857,-0.2671626678406339,0.06069557561082985,-0.20028835571208453,-0.016264582874752367,-0.05673123486682809,-0.0262491745542593,-0.030231124807395995,0.08208232445520582,0.11712744882236407,0.023693594541052167,-0.3457362976007044,-0.003370019810697777,-0.13857142857142857,-0.0937178076161127,-0.06767994717147259,-0.1287277129650011,-0.31876513317191285,0.04729473915914594,-0.20862645828747522,0.16037420206911732,0.0672243011226062,-0.03546995377503852,-0.027600704380365396,-0.11468853180717588,0.10831168831168832,0.10010125467752587,0.0549372661237068,-0.03762711864406779,0.16988333700198108,0.4646180937706361,0.15385428131190843,0.19985692273827868,0.40920537090028614,0.2364869029275809,0.4125291657495047,0.1186088487783403,0.12362976007043804,0.14511336121505614,-0.0758991855602025,0.09046885318071758,-0.16756548536209553,0.05200528285274048,-0.13666519920757209,0.12598062953995157,0.16341624477217698,0.014105216817081224,0.20831609068897206,0.10220559101915035,-0.28977767994717146,0.0013779440898084967,0.12741360334580673,0.014979088707902268,0.11760070438036539,-0.019548756328417346,0.0888333700198107,-0.018895003301782964,-0.19025313669381466,-0.24194144838212636,0.07050627338762933,-0.2016024653312789,-0.08929121725731895,-0.06543693594541052,-0.21862425709883337,-0.0011248073959938367,0.10499449702839533,-0.0324521241470394,0.03368699097512657,-0.08175214615892581,-0.02602905569007264,-0.14076601364736957,-0.24062953995157385,-0.1605480959718248,-0.03608408540611931
#49,0.4866585956416465,0.2907329958177416,0.0986220559101915,-0.024224081003742022,-0.005001100594320933,0.01050627338762932,0.20859344045784725,1.0,0.5274025974025974,0.29309487123046446,0.4315452344265904,0.5046841294298922,0.1724785384107418,0.41492846136913936,-0.12337222099933964,-0.14251375742901168,0.037900066035659256,-0.49346467092229807,0.03789126128109179,0.004622496147919877,0.07165969623596742,-0.04522342064714946,0.05208232445520581,0.06896764252696456,-0.13340523882896765,-0.10069337442218798,0.19161787365177196,0.033592339863526305,-0.31805414924058995,-0.1559718247853841,-0.6010807836231565,-0.10250275148580233,-0.18376183138895003,-0.4649702839533348,-0.5163086066475897,-0.1579506933744222,-0.4477019590578913,-0.08771076381245872,-0.25034558661677303,-0.15145498569227384,-0.24366277790006605,-0.11595421527624918,-0.19976667400396214,0.04402377283733216,0.006332819722650231,0.23532247413603347,0.07823024433193924,-0.03294739159145939,0.12613471274488225,-0.21976667400396213,-0.05041162227602906,-0.22322694254897646,-0.01159586176535329,-0.22378604446401057,-0.1735857362976007,-0.1098283072859344,-0.00238168611049967,-0.09920757208892803,-0.02567026194144838,-0.04747963900506273,0.2620250935505173,-0.14305965221219458,0.012740479859123927,0.08626678406339423,0.375478758529606,0.13490204710543693,0.09238168611049967,0.04049966982170372,-0.10548095971824785,0.16668941228263262,0.157640325775919,0.21046224961479199,0.1416486902927581,-0.045300462249614794,-0.05681928241250275,0.0721879815100154,-0.21177635923398636,0.08467312348668281,-0.22394453004622497,-0.21132731675104557,0.16097952894563064,0.24987673343605546,0.13300462249614792,-0.19297820823244552,0.0923992956196346,0.09838652872551178,-0.4265529385868369,-0.20795729694034779,0.3274994497028395,-0.15276689412282632,0.14037420206911733,-0.569720449042483,-0.10625137574290117,-0.3644838212634823,-0.2371582654633502,-0.3033590138674884,-0.04306845696676205,-0.19913713405238828,-0.3550891481399956,0.005736297600704381,-0.25735857362976006,-0.416781862205591,-0.3063504292317852,-0.5497776799471715,-0.4624851419766674,-0.6241558441558441,-0.3790182698657275,-0.3576601364736958,-0.2579022672243011,0.16051287695355493,0.05885097952894563
#50,0.157706361435175,0.3341118203830068,-0.05046665199207572,-0.1836187541272287,0.14751705921197447,-0.28350209112920977,0.26212634822804315,0.5274025974025974,1.0,0.18917675544794188,0.5441030156284393,0.4270526084085406,0.02338102575390711,0.3281333920316971,-0.04031697116442879,-0.08789346246973366,-0.23801012546775258,-0.3459828307285934,0.0029561963460268546,0.09739379264802994,0.02430992736077482,-0.01212854941668501,-0.17665419326436277,-0.08724851419766674,-0.1567510455646049,-0.008983050847457628,-0.1212458727712965,-0.04966321813779441,-0.21231124807395993,-0.16183138895003302,-0.32662777900066037,-0.327871450583315,-0.08966762051507814,-0.2011930442438917,-0.3962623816861105,-0.027114241690512877,-0.21234866828087168,0.048958837772397096,-0.15688972044904248,-0.06925379705040723,-0.12999119524543254,-0.045214615892581994,-0.24106317411402156,0.06709443099273608,-0.14878494386968963,0.03794849218578032,0.1199141536429672,0.09069997798811358,0.02511996478098173,-0.03406559542152762,0.04512656834690733,-0.18113801452784503,-0.01177856042262822,-0.27360114461809376,-0.13524763372221,-0.20022232005282853,-0.09395113361215056,0.062300242130750604,0.12353951133612151,-0.15063614351749946,0.2114968082764693,0.001325115562403698,0.13943429451904027,0.15763812458727713,0.044651111600264144,0.060352190182698655,0.15814439797490645,0.13248294078802553,0.007446621175434735,0.14414924058991854,0.11161127008584636,0.07160026414263702,0.14600924499229584,0.0040413823464670925,-0.0536319612590799,0.1800594320933304,-0.1825115562403698,0.006396654193264363,-0.15855161787365177,-0.15574510235527184,0.075049526744442,0.08406119304424389,0.28443979749064496,-0.1314703940127669,0.18228263262161568,0.08051727933083866,-0.28392031697116443,-0.012555580013207132,0.18327756988773938,0.06416464891041163,0.07035879374862426,-0.32298481179837113,-0.12464891041162228,-0.15396434074400175,-0.13711644287915475,-0.30962139555359897,-0.012581994276909531,-0.25381245872771296,-0.21588377723970945,-0.07044904248294079,-0.09317851639885538,-0.18681928241250276,-0.23151661897424608,-0.14883777239709442,-0.1648580233325996,-0.27109839313229145,-0.09839533348007924,-0.16685009905348888,-0.28059652212194586,-0.01198547215496368,-0.030647149460708782
#51,0.4017411402157165,0.38158045344486025,0.4346004842615012,0.5342482940788026,-0.0022782302443319392,0.036517719568567024,0.29138895003301785,0.29309487123046446,0.18917675544794188,1.0,0.3458793748624257,0.10474356152322253,0.1634866828087167,0.10012326656394453,-0.11554699537750385,-0.024292317851639884,0.39135373101474796,-0.01711864406779661,-0.09989214175654854,-0.20589698437156065,-0.2663130090248734,-0.02556680607528065,0.30304424389170154,0.3062183579132732,0.013240149680827647,0.04959938366718028,0.34273387629319835,0.1424785384107418,-0.14089588377723972,-0.08612590799031478,-0.16903587937486242,-0.10730794629099714,0.03298040942108739,-0.20905348888399736,-0.2759652212194585,0.011939247193484482,-0.21874312128549417,-0.0038608848778340305,0.010420427030596521,-0.07419106317411402,-0.16224521241470394,0.07245872771296501,0.06685009905348889,0.0700198106977768,0.11314549856922738,-0.04559982390490865,0.179900946511116,0.1261171032357473,-0.10490644948272067,-0.036218357913273165,0.202128549416685,0.12171472595201409,0.25791327316751045,0.061897424609289015,-0.03374642306845697,0.13389390270746204,-0.1236913933524103,-0.0799867928681488,0.1076667400396214,0.17725511776359235,-0.23875192604006162,-0.3674158045344486,-0.4389566365837552,-0.313563724411182,0.38248734316530925,-0.0023332599603786046,-0.37301122606207354,-0.1537838432753687,-0.35704820603125687,-0.16957517059211974,-0.09808056350429231,0.028329297820823246,-0.16674884437596302,0.03347347567686551,-0.3087673343605547,-0.24010785824345146,-0.22840633942328858,0.00028395333480079243,-0.018826766453885098,0.034877834030376406,-0.1072639225181598,0.21572309046885318,-0.1456482500550297,-0.2287343165309267,-0.38284613691393354,-0.26386528725511776,-0.25644287915474356,-0.11673343605546996,0.1463350209112921,-0.42783623156504513,-0.004758969843715606,-0.2673387629319833,-0.005569007263922518,0.0497886858903808,0.234884437596302,0.04388729914153643,-0.05735857362976007,0.16753686990975128,0.12541052168170813,0.030528285274047984,-0.027523662777900065,0.09981069777679948,0.07192383887299142,-0.05379264802993616,-0.12576491305304865,-0.2027955095751706,-0.1564604886638785,-0.4357010785824345,-0.15604226282192385,0.205115562403698,0.35719568567026194
#52,0.3315034118423949,0.5173057451023553,0.2188531807175875,0.12193704600484262,0.12847237508254458,0.06025974025974026,0.3938895003301783,0.4315452344265904,0.5441030156284393,0.3458793748624257,1.0,0.3280145278450363,0.1225115562403698,0.27491305304864627,-0.152722870349989,0.15389390270746203,0.2130068236847898,0.021069777679947173,-0.03794188861985472,0.03695795729694035,2.201188641866608e-05,0.2039687431212855,0.19270746202949593,0.29557340964120626,0.051210653753026636,0.0587475236627779,0.017770195905789127,0.07066916134712745,-0.11696235967422408,0.048412942989214176,-0.11185560202509355,0.06873871890821043,-0.03783843275368699,-0.12631300902487344,-0.1971186440677966,-0.034563064054589476,-0.05140215716486903,-0.07604006163328197,-0.08297380585516179,-0.10892361875412723,-0.08819942769095311,-0.0784701738939027,0.052291437376183136,-0.07346687211093991,-0.07778120184899846,0.19575830948712306,-0.0350561303103676,-0.06184239489324235,-0.21208452564384767,0.05807395993836672,-0.055445740699977986,-0.009498128989654414,0.09971164428791547,-0.05170592119744662,-0.17729253797050407,-0.20223420647149462,-0.053904908650671365,-0.08206911732335462,0.02704160246533128,-0.059128329297820824,-0.06014968082764693,-0.17707021791767555,0.0685362095531587,-0.08153202729473916,0.22695135373101474,-0.05085846357032798,0.02782522562183579,0.021311908430552497,-0.0921087387189082,0.018335901386748843,0.08510675764913053,-0.06288135593220338,0.06716266784063395,-0.1452740479859124,-0.11413823464670922,0.21194585075941008,-0.3554435395113361,-0.04309487123046445,-0.1909355051727933,0.1767884657715166,-0.05458287475236628,0.19755668060752807,0.09939467312348668,-0.051217257318952235,0.08571428571428572,-0.06762271626678407,-0.33517939687431214,0.060231124807395994,0.30772176975566806,0.07356152322254017,0.10684349548756328,-0.19447061413163108,0.10901386748844376,-0.18081884217477437,-0.22036539731454985,0.014036979969183358,0.17775038520801234,-0.14358793748624257,-0.089966982170372,-0.05708122386088488,-0.17545014307726173,-0.09925379705040722,0.07992295839753467,0.07634382566585957,-0.00410741800572309,-0.0451419766674004,-0.0691569447501651,-0.2263614351749945,-0.3459784283513097,-0.1947721769755668,-0.0638366718027735
#53,0.24197226502311248,0.304851419766674,-0.11235086946951353,-0.04765133171912833,0.12527184679727052,-0.0400858463570328,0.20863746423068458,0.5046841294298922,0.4270526084085406,0.10474356152322253,0.3280145278450363,1.0,0.3785494166850099,0.16430772617213296,-0.2336253576931543,0.0068589038080563505,-0.10146158925819942,-0.3814968082764693,-0.016913933524103017,0.1624389170151882,0.09287915474356152,-0.0747391591459388,-0.03675324675324675,-0.10004182258419547,-0.13224081003742022,-0.15860664758969845,-0.10595421527624918,-0.09517059211974466,-0.20888839973585735,-0.018703499889940568,-0.4104534448602245,-0.2827955095751706,-0.13576051067576492,-0.2673189522342065,-0.3521307506053269,-0.06144618093770636,-0.3270349988994057,0.1404798591239269,-0.23097072419106318,-0.026737838432753687,-0.10017389390270746,0.012663438256658596,-0.01517939687431213,0.06679727052608408,0.060145278450363195,0.30230904688531807,0.03797270526084085,-0.022359674224081003,0.10132951793968743,-0.08821263482280431,-0.1037442218798151,-0.24333920316971164,-0.19471274488223642,-0.2903697996918336,-0.24949152542372882,-0.2356504512436716,0.07576271186440678,-0.0006999779881135814,-0.02101254677525864,-0.08859784283513097,0.18135593220338983,-0.035822143957737175,0.26032577591899625,0.37458727712965,0.14073959938366717,0.18517059211974465,0.30040942108738716,0.1602377283733216,0.030057230904688533,0.3195267444419987,0.17692714065595422,0.14018710103455867,0.269801893022232,0.2138102575390711,0.10329958177415804,0.12358573629760071,-0.17810917895663658,0.00198547215496368,-0.2577107638124587,-0.2608364516839093,0.3937838432753687,0.5008122386088488,0.42714285714285716,0.061701518820162886,0.3622562183579133,0.21705701078582434,-0.26453444860224523,0.06733876293198326,0.40533127889060094,0.11741360334580674,0.27065815540391813,-0.31705921197446624,0.043726612370680165,-0.19917235307065814,-0.21917455425930002,-0.4181465991635483,-0.1114373761831389,-0.3781465991635483,-0.4245476557340964,-0.08035659255998238,-0.23303543913713406,-0.3466651992075721,-0.2793330398415144,-0.4546268985252036,-0.3677195685670262,-0.4888994056790667,-0.2463020030816641,-0.21108298481179838,-0.05573409641206251,0.029476117103235746,0.04439357252916575
#54,0.17115122165969623,0.21199207572088927,0.01939027074620295,0.17848117983711204,0.112458727712965,0.4051683909311028,0.31824345146379046,0.1724785384107418,0.02338102575390711,0.1634866828087167,0.1225115562403698,0.3785494166850099,1.0,0.07435395113361215,-0.3789258199427691,-0.04266123706801673,0.09327536869909751,-0.07780761611270086,-0.0262293638564825,0.07714725952014087,-0.1935130970724191,-0.05825665859564165,0.2363548316090689,0.12549636803874092,0.019889940567906668,-0.059185560202509355,0.06422187981510015,0.07952894563064054,0.047046004842615015,0.06721329517939688,-0.01427690953114682,-0.242425709883337,-0.018787145058331498,-0.07785824345146379,0.002003081664098613,-0.0187343165309267,-0.10637684349548757,0.23637464230684568,-0.1275478758529606,0.033869689632401494,-0.029557561082984813,0.11364076601364737,0.004921857803213735,-0.0669931763152102,0.10093330398415144,0.04539291217257319,0.02674884437596302,-0.08167290336781863,0.04799691833590139,-0.0149636803874092,0.06764472815320273,0.0376007043803654,0.08234426590358794,0.10221879815100154,-0.277376183138895,0.1238366718027735,-0.1576271186440678,-0.06799471714725952,-0.02103235747303544,0.15211754347347567,0.05674884437596302,-0.09014307726172133,0.1888597842835131,0.05596962359674224,0.27913273167510455,0.03677745982830729,0.20012546775258638,0.12363636363636364,0.02536649790887079,0.1958199427690953,0.1343253356812679,0.26201408760730793,0.05856922738278671,0.028989654413383227,-0.08100594320933303,-0.0677459828307286,-0.04213295179396874,0.05342504952674444,-0.03926040061633282,0.04490644948272067,0.11418886198547215,0.2619238388729914,0.2854325335681268,0.05681047765793529,0.07331058771736738,0.15511336121505612,-0.19144177856042263,0.18709663218137795,0.1431653092670042,-0.056537530266343825,0.10554259300022012,-0.04250055029716047,0.20890160686770856,0.012227602905569008,-0.027090028615452344,-0.09410961919436496,-0.11771076381245872,-0.10459167950693374,-0.14372881355932204,-0.0054149240589918555,-0.07477657935285054,-0.06516618974246093,0.07760510675764913,-0.15285714285714286,-0.20618754127228703,-0.2602333259960379,-0.24944309927360775,-0.13097292537970504,-0.2179308826766454,0.14262821923838873,0.1763218137794409
#58,0.15611490204710543,0.30983050847457627,-0.018842174774378165,-0.01216156724631301,0.026161127008584636,0.02068677085626238,0.36209112920977327,0.41492846136913936,0.3281333920316971,0.10012326656394453,0.27491305304864627,0.16430772617213296,0.07435395113361215,1.0,-0.2534360554699538,-0.11192163768434955,0.03822143957737178,-0.1824125027514858,0.025161787365177195,0.10549196566145719,-0.08440457847237508,-0.30082764692934183,-0.0825841954655514,-0.0812590799031477,-0.3073629760070438,-0.09326656394453005,-0.13701738939027075,-0.11364296720228924,-0.10653092670041822,-0.12101254677525863,-0.14674444199867928,0.11206031256878715,0.06853841074180057,0.06320493066255778,-0.11178076161127008,-0.0962095531587057,0.040732995817741584,0.2797710763812459,-0.4036561743341404,-0.11320493066255778,-0.25867708562623815,-0.023612150561303103,-0.18426590358793749,0.0551617873651772,-0.11162007484041382,0.028395333480079242,0.05611270085846357,-0.012049306625577813,-0.014109619194364957,-0.0237046004842615,0.034116222760290554,-0.2672903367818622,-0.13979749064494829,-0.19896984371560641,-0.4352872551177636,-0.18260840854061194,-0.13900286154523442,-0.008833370019810698,-0.0024499229583975347,-0.22994937266123708,0.4249108518600044,0.08359674224081004,0.32173233546114904,0.3160840854061193,0.030015408320493066,0.155148580233326,0.2636407660136474,0.5172639225181598,0.2766189742460929,0.14555359894342945,0.39890380805635045,0.2582236407660137,0.23749284613691393,0.06563504292317851,0.24695355491965662,0.3317213295179397,-0.011063174114021572,0.10344486022452125,-0.17795289456306407,-0.10279991195245433,-0.04735857362976007,0.10759410081443979,-0.11931763152102136,-0.01820162887959498,0.24338322694254896,0.2903235747303544,-0.1159255998239049,0.021265683469073298,0.11623816861104996,0.1252080123266564,0.013398635263042042,-0.09568126788465771,-0.07920096852300242,-0.09794849218578032,-0.20869909751265683,-0.3914747963900506,-0.014067796610169492,-0.10300462249614792,-0.19819062293638565,0.038078362315650455,-0.05232445520581114,-0.19019810697776798,-0.039900946511116,-0.02933303984151442,0.06481399955976228,-0.08662557781201849,0.05450363196125908,0.0765199207572089,-0.14320713185119965,-0.1590116662998019,-0.1942064714946071
#101,-0.003834470614131631,-0.1776535329077702,-0.2527668941228263,-0.29390710983931323,-0.22611270085846358,-0.3999933964340744,-0.3115078142196786,-0.12337222099933964,-0.04031697116442879,-0.11554699537750385,-0.152722870349989,-0.2336253576931543,-0.3789258199427691,-0.2534360554699538,1.0,0.18107638124587278,-0.13332159366057672,-0.19489544353951133,0.5073959938366718,-0.09460708782742681,0.5746401056570548,0.20101915034118423,-0.17821703720008805,-0.24722650231124807,0.3298943429451904,0.03546114902047105,-0.1965793528505393,-0.4627272727272727,-0.04145498569227383,0.015934404578472373,-0.18248294078802554,0.1371714725952014,-0.13729473915914595,0.08708562623816861,-0.07909971384547655,-0.09724851419766674,0.13364076601364738,-0.08776359233986353,0.3258881796169932,0.0939159145938807,0.4297292537970504,-0.20402157164869028,0.044408980849658816,0.10648250055029716,0.23056350429231784,-0.08895003301782962,-0.3387233105877174,-0.35676865507373984,-0.20002201188641866,-0.258778340303764,-0.26372881355932204,-0.10951573849878934,-0.15928461369139335,-0.02939687431212855,0.6197908870790226,0.2389192163768435,0.2689500330178296,0.19018049746863305,-0.30504512436715825,-0.1208892802113141,-0.2917609509134933,-0.0062315650451243675,-0.12010345586616773,-0.2189258199427691,-0.4238432753686991,-0.355511776359234,-0.17182698657274928,-0.29465551397754786,0.10996257979308827,-0.38330178296279993,-0.40874312128549417,-0.4564604886638785,-0.0006801672903367818,-0.27905348888399734,0.30961919436495705,0.07467752586396655,0.03295179396874312,-0.1755513977547876,0.3718710103455866,-0.2452278230244332,-0.021915034118423948,-0.1592890160686771,0.06782742681047765,-0.17507814219678627,-0.18625357693154304,-0.31034778780541494,-0.03778340303764033,-0.053819062293638566,-0.3197446621175435,-0.0599075500770416,-0.27199427690953115,-0.11585736297600704,-0.4571626678406339,-0.35900066035659256,-0.08275808936825886,0.14602685450143077,-0.008329297820823244,-0.2173695795729694,-0.18951573849878936,-0.20296500110059432,-0.17156724631300901,-0.22382786704820604,-0.28901386748844377,-0.037349768875192604,-0.0073739819502531365,-0.11538190622936385,0.11805635042923178,-0.134818401937046,0.15215276249174553,-0.28241690512876955,-0.24706361435174995
#102,0.26410301562843935,0.25361435174994496,0.023075060532687652,0.06720669161347127,-0.19215056130310368,-0.08467092229804095,0.09907109839313229,-0.14251375742901168,-0.08789346246973366,-0.024292317851639884,0.15389390270746203,0.0068589038080563505,-0.04266123706801673,-0.11192163768434955,0.18107638124587278,1.0,-0.07071758749724852,0.006768655073739819,0.18771516618974246,0.40769095311468195,0.20878274268104777,0.6316574950473256,0.2163614351749945,0.270099053488884,0.31693594541052167,0.31379925159586175,-0.1288531807175875,0.06985031917235307,-0.1754897644728153,0.016511116002641428,-0.18334580673563725,0.18312348668280873,-0.09779661016949152,0.16052388289676425,-0.19793088267664538,-0.19682368478978648,-0.034701738939027074,0.07826986572749285,-0.1545278450363196,0.38682368478978646,0.11138014527845036,-0.03400836451683909,-0.009269205370900285,0.0678120184899846,0.1150033017829628,0.2431366938146599,-0.14151882016288797,-0.22444199867928682,-0.2837442218798151,0.1308298481179837,-0.2038564825005503,0.06916574950473256,-0.12792868148800352,0.2530904688531807,0.022773497688751927,0.20015628439357253,0.0013625357693154304,0.4601122606207352,-0.4690843055249835,0.0884899845916795,-0.23915914593880697,-0.21209112920977327,0.0018291877613911512,-0.04524983491085186,-0.20747743781642086,-0.1535263042042703,-0.0013691393352410302,0.07801893022232005,0.28317411402157167,-0.03292978208232446,-0.1727492846136914,-0.21909311027955095,0.1414769975786925,-0.2789544353951134,0.13965661457186881,0.01136253576931543,-0.32357693154303324,-0.018100374202069117,-0.013526304204270307,0.24946511116002643,-0.19869689632401497,0.09432533568126789,0.06880255337882457,-0.26782082324455203,-0.021653092670041823,-0.23646709222980408,-0.24240149680827647,-0.006097292537970504,0.10921637684349549,-0.016187541272287036,-0.0861699317631521,-0.17844596081884218,0.21507814219678625,-0.29657495047325555,-0.3987079022672243,0.24683469073299583,0.45536869909751265,-0.3244023772837332,-0.01698217037200088,-0.02872991415364297,-0.2823530706581554,-0.17869909751265683,-0.04954655513977548,0.12333259960378605,0.1598084965881576,-0.0237772397094431,0.13847237508254456,-0.08618093770636144,-0.07366497908870791,-0.47287695355491965,-0.33667400396213953
#201,0.29413823464670924,0.23509795289456306,0.5533898305084746,0.542014087607308,-0.0015980629539951573,0.2848690292758089,-0.02343385428131191,0.037900066035659256,-0.23801012546775258,0.39135373101474796,0.2130068236847898,-0.10146158925819942,0.09327536869909751,0.03822143957737178,-0.13332159366057672,-0.07071758749724852,1.0,0.24645608628659477,-0.2504732555580013,-0.27678186220559103,-0.25484261501210653,-0.09004402377283734,0.22331058771736736,0.3476337222099934,-0.1235197006383447,-0.016084085406119303,0.47048866387849436,0.3757340964120625,0.07844155844155844,0.041778560422628216,0.06809597182478538,0.21419766674003962,0.1974554259300022,-0.0011820383006823684,-0.07157164869029276,-0.03664098613251156,-0.03649790887079023,-0.15239489324235087,0.03203169711644288,-0.13093770636143517,-0.05663878494386969,-0.08114902047105436,0.10056350429231785,-0.08211974466211755,-0.07026414263702399,-0.05872991415364297,0.13519920757208892,0.14968082764692933,0.05299141536429672,0.1787673343605547,0.2925643847677746,0.29676865507373984,0.33985692273827867,0.2705480959718248,-0.11358133392031697,0.16160466651992075,-0.13370680167290336,-0.32509795289456306,0.10825005502971605,0.28321813779440896,-0.28623816861104995,-0.4161633281972265,-0.3492537970504072,-0.3150693374422188,0.4678450363196126,0.006526524323134493,-0.3569623596742241,-0.17197886858903808,-0.20601364736957958,-0.10924058991855602,0.14584855822143958,0.2041338322694255,-0.21733436055469954,-0.13495267444419987,-0.2225841954655514,-0.13511996478098173,-0.23609949372661237,-0.06461369139335241,0.08472154963680388,0.06594981289896544,-0.32978648470173894,0.03227823024433194,-0.14693814659916354,-0.2308628659476117,-0.4207616112700858,-0.3101562843935725,-0.21848558221439576,-0.18014968082764693,0.041963460268545014,-0.4568677085626238,-0.24716266784063395,-0.16545454545454547,0.059218578032137356,0.0007572088928021132,0.1339885538190623,0.16016288795949812,0.03027294739159146,0.4138652872551178,0.27780541492405897,0.18425930002201188,0.11165529385868368,0.20945630640545895,0.3111600264142637,0.16598283072859343,0.006700418225841955,0.12586616773057452,-0.05104776579352851,-0.2848932423508695,0.020081443979749064,0.12618534008364518,0.2367048206031257
