,#10,#11,#12,#13,#17,#18,#26,#49,#50,#51,#52,#53,#54,#58,#101,#102,#201,#202,#301,#302,#401,#402,#501,#502,#601,#602,#701,#702,#801,#802,#901,#902,#1001,#1002,#1101,#1102,#1201,#1202,#1301,#1302,#1401,#1402,#1501,#1502,#1601,#1602,#1701,#1702,#1801,#1802,#1901,#1902,#2001,#2002,#2101,#2102,#2201,#2202,#2301,#2302,#2401,#2402,#2501,#2502,#2601,#2602,#2701,#2702,#2801,#2802,#2901,#2902,#3001,#3002,#3101,#3102,#3201,#3202,#3301,#3302,#3401,#3402,#3455,#3501,#3502,#3601,#3602,#3701,#3702,#3801,#3802,#3901,#3902,#4001,#4002,#4101,#4102,#4201,#4202,#4301,#4302,#4401,#4402,#4501,#4502,#4601,#4602,#4701,#4702,#4801,#4802
#10,1.0,0.41041162227602906,0.42813779440898087,0.44765793528505393,0.4064428791547436,0.242425709883337,0.06314990094651111,0.5737530266343825,0.2085626238168611,0.4805877173673784,0.3868589038080564,0.06394673123486683,0.19202729473915914,-0.030581113801452786,-0.2828615452344266,0.16580453444860224,0.21290556900726393,0.26127448822364074,-0.04356152322254017,-0.10116442879154744,-0.2336781862205591,0.3757296940347788,0.020997138454765574,0.0701188641866608,0.02312128549416685,0.2636275588817962,0.04887739379264803,0.3068434954875633,-0.15571648690292758,0.10412282632621615,0.16290336781862205,0.26541492405899186,0.20519040281752146,0.22177856042262822,-0.2641998679286815,0.19679947171472595,-0.12061633281972264,0.20635263042042704,-0.1238895003301783,0.287145058331499,-0.34817521461589257,-0.10915254237288136,-0.15354171252476337,0.0674620294959278,-0.17526084085406118,0.06791327316751046,0.2794254897644728,0.17941008144397974,-0.09823024433193925,0.026163328197226502,0.2821395553598943,0.1291283292978208,0.07927360774818402,0.07432753686990975,-0.16,0.11922298040942109,-0.44215936605767114,-0.019632401496808276,0.07190182698657276,0.12890380805635043,-0.08441558441558442,-0.039634602685450146,0.015553598943429453,0.06197886858903808,0.267607307946291,0.10290997138454766,-0.1770327977107638,-0.20732555580013207,-0.08090468853180717,-0.0437970504072199,-0.22706801672903368,0.19430112260620735,-0.3443385428131191,-0.18679066696015847,-0.3660268545014308,-0.28213735417125246,-0.04323794849218578,-0.03670482060312569,-0.06864626898525204,0.11545454545454545,-0.10199647809817301,0.2613647369579573,0.05037200088047546,-0.08464230684569668,0.14142637023992957,-0.07662998018930223,-0.1024521241470394,-0.011476997578692494,0.10305084745762712,-0.23708122386088487,-0.06214615892581994,-0.0551023552718468,-0.010231124807395993,-0.13901606867708563,-0.04567686550737398,0.053951133612150565,0.17730354391371342,0.314950473255558,0.3617719568567026,0.06702179176755448,0.11411842394893243,0.25139555359894344,0.4213823464670922,0.19089368258859785,0.0809553158705701,0.1393990755007704,0.09561523222540172,-0.23368478978648471,-0.16459388069557562,-0.18957737178076162,-0.05657935285053929
#11,0.41041162227602906,1.0,0.2796081884217477,0.2316354831609069,0.255643847677746,0.1760114461809377,0.37353731014747965,0.20847897864847018,0.45674664318732117,0.4208100374202069,0.4902553378824565,-0.17081003742020692,-0.0422804314329738,-0.07410081443979749,-0.16999559762271627,0.08843495487563284,-0.17861985472154965,0.3153334800792428,0.07436935945410522,0.11033458067356372,-0.18682588597842836,-0.021256878714505833,0.2289984591679507,0.06425489764472815,0.12759850319172353,0.1822408100374202,0.06547875852960598,0.3211622276029056,-0.11204930662557781,-0.09705480959718248,-0.01834470614131631,0.15784283513097072,0.05177195685670262,0.23639665419326436,-0.12267004182258419,0.137541272287035,0.09353731014747964,0.1392427911071979,-0.06176535329077702,0.14102575390710984,-0.1557935285053929,-0.1658133392031697,-0.18014307726172132,-0.026737838432753687,-0.0633876293198327,-0.21036319612590798,-0.011338322694254898,-0.14418225841954654,-0.10195245432533569,-0.18971164428791548,-0.16224301122606208,-0.04582434514637904,-0.11184679727052609,-0.04765133171912833,-0.07456306405458948,0.12999559762271626,-0.310792427911072,-0.3335791327316751,0.12472154963680387,0.030620735197006383,0.12600704380365396,0.265115562403698,-0.0638961038961039,0.11780101254677526,0.377673343605547,0.3488641866607968,-0.02217477437816421,0.0939423288575831,0.07351309707241911,0.10941008144397975,0.13638564825005503,0.23016068677085627,-0.24602025093550517,-0.17956856702619414,-0.2692009685230024,-0.22720228923618754,-0.1487409200968523,0.10731895223420647,0.028828967642526966,0.035580013207131854,-0.25190182698657276,-0.03034338542813119,-0.09788025533788246,0.05968743121285494,0.07819722650231124,0.16486242570988333,0.1776271186440678,-0.2381818181818182,-0.004959278010125467,-0.006279991195245432,-0.2963416244772177,0.09525423728813559,-0.25521681708122385,0.1510873871890821,0.009729253797050407,-0.050488663878494384,0.17011666299801892,0.12632401496808277,0.19869249394673125,0.024545454545454544,0.06816640986132512,-0.004930662557781202,-0.08579132731675104,0.15340303764032578,-0.07884217477437816,-0.027706361435174996,-0.043352410301562845,0.08063174114021572,0.03228923618754127,0.04813779440898085,0.08092009685230024
#12,0.42813779440898087,0.2796081884217477,1.0,0.26658815760510673,0.36226282192383885,0.29616112700858466,0.08375302663438257,0.10097292537970504,-0.16180057230904688,0.17341844596081885,0.19368038740920096,-0.19647149460708782,0.12043583535108959,-0.32356812678846575,-0.36881576051067577,-0.26567246313009024,0.3680167290336782,0.711254677525864,-0.4234624697336562,-0.22388069557561083,-0.11832269425489765,0.05049526744441998,0.14831609068897206,-0.010741800572309047,0.10457627118644068,0.04250935505172793,0.16872991415364297,0.1961104996698217,-0.24733215936605768,0.010173893902707462,0.4121483601144618,0.06019810697776799,0.4242130750605327,0.11439797490644948,-0.39671362535769317,-0.2258991855602025,-0.3936363636363636,-0.215445740699978,-0.2364538850979529,-0.08875632841734536,-0.17894783182918775,-0.20080783623156503,0.08821483601144618,-0.24666079683028835,0.21639885538190623,0.18653532907770196,0.21134932863746422,0.24051727933083866,0.017400396213955536,0.3676271186440678,0.29913933524103015,0.29688751926040063,0.39619854721549636,0.5346026854501431,0.21406999779881136,0.4011468192824125,-0.1464538850979529,-0.21647149460708784,0.009222980409421088,0.32286594761171034,0.060438036539731455,0.035654853620955315,-0.28487563284173456,-0.3700616332819723,0.07717367378384328,0.13448382126348227,-0.2634008364516839,-0.21246092890160687,-0.27597622716266784,-0.2776931543033238,0.18834470614131632,-0.02946731234866828,-0.10716046665199208,-0.08580013207131851,-0.47451683909311027,-0.1748117983711204,0.016913933524103017,0.09877834030376403,0.283959938366718,-0.1834338542813119,0.13177856042262823,0.27301782962799914,0.15724631300902486,-0.1346665199207572,-0.13993836671802773,-0.026480299361655295,0.1444045784723751,0.347475236627779,0.25277129650011004,-0.05278450363196126,-0.10013867488443759,0.10561523222540171,0.1858595641646489,0.061074180057230906,0.014763372220999339,0.5345432533568126,0.041157825225621836,0.633563724411182,0.3576865507373982,0.43824345146379046,0.4731983270966322,0.7138872991415365,0.3797292537970504,0.4437354171252476,0.39183359013867486,0.2978472375082545,0.3873189522342065,-0.19058991855602025,0.03723750825445741,-0.004292317851639886,-0.06966321813779441
#13,0.44765793528505393,0.2316354831609069,0.26658815760510673,1.0,0.087343165309267,0.357508254457407,0.06635042923178516,0.2373167510455646,0.22787585296059873,0.5842130750605327,0.1111798371120405,0.22389390270746204,0.3212942989214176,-0.043788245652652436,-0.09221879815100154,-0.060759410081443976,0.3175258639665419,0.04710543693594541,0.011730134272507154,-0.18852080123266565,-0.11572529165749505,0.15049526744442,-0.16694695135373103,-0.08836231565045125,-0.34117103235747304,-0.034747963900506273,-0.04513097072419106,0.21579793088267665,-0.07453004622496148,0.07494166850099053,0.17039841514417786,0.26619854721549635,-0.0010631741140215715,0.1427096632181378,0.04675764913053049,0.15749284613691394,0.11514417785604227,0.18158485582214395,-0.028639665419326436,0.12184019370460049,-0.1722077922077922,-0.015531587057010786,-0.001853400836451684,0.003990755007704161,-0.04163548316090689,0.060385208012326656,0.4315738498789346,0.24299141536429672,-0.16928461369139336,-0.05724851419766674,0.21580893682588598,0.08281532027294738,-0.1287541272287035,-0.06031256878714506,-0.2765617433414044,-0.006621175434734757,-0.23472154963680386,-0.03449702839533348,0.017536869909751264,-0.01323134492626018,-0.14906009244992297,-0.2232115342284834,0.1654325335681268,0.13931322914373762,0.4038234646709223,0.175181598062954,0.05426590358793749,-0.04818842174774378,-0.030924499229583974,-0.10151441778560423,-0.3590512876953555,-0.0033480079242791108,-0.3944243891701519,-0.3104732555580013,-0.22489544353951132,-0.29299581774158046,-0.09719568567026195,-0.22292317851639887,-0.2951595861765353,-0.0351353731014748,0.07113581333920317,0.2202443319392472,0.06512656834690733,-0.03287034998899405,0.05961919436495708,-0.09405679066696016,-0.13254237288135592,-0.007206691613471274,0.1879506933744222,-0.13771736737838433,-0.1577129650011006,0.007012987012987013,-0.16675324675324676,-0.0986352630420427,0.005676865507373982,-0.06708342504952675,-0.06057671142416905,0.2622430112260621,0.35622716266784066,0.0024741360334580675,-0.020598723310587718,0.1661831388950033,0.25905569007263923,-0.054043583535108956,0.05841074180057231,0.06460708782742682,-0.047587497248514195,-0.35865507373981953,-0.26898965441338324,-0.08850539291217258,0.0212062513757429
#17,0.4064428791547436,0.255643847677746,0.36226282192383885,0.087343165309267,1.0,0.3809773277569888,-0.034723750825445744,0.28821703720008807,-0.18073519700638344,0.08421087387189082,0.01175214615892582,0.17128769535549196,0.31816420867268325,-0.21875192604006163,-0.030598723310587717,-0.22064935064935065,0.08875192604006163,0.22036759850319174,-0.13900726392251816,-0.04801012546775259,-0.0031741140215716486,-0.001437376183138895,0.027506053268765134,-0.17734536649790886,0.15460928901606869,0.026394453004622495,0.03998239049086507,-0.008333700198106978,0.09579793088267664,0.2612282632621616,0.18354391371340523,0.21020030816640986,0.26395113361215056,0.23183799251595863,-0.020873871890821044,0.13319832709663218,0.010070438036539732,0.12633722209993398,-0.11585736297600704,0.05564604886638785,-0.1299273607748184,-0.02070658155403918,-0.010534888839973586,0.18293858683689193,0.05886418666079683,0.0889192163768435,0.05962359674224081,0.14490865067136255,-0.07370680167290337,0.12051727933083865,0.08983711204050188,0.20519700638344707,0.2100594320933304,0.21720228923618753,0.13340523882896765,0.08183579132731675,-0.24862205591019151,-0.10535108958837773,-0.07353070658155404,0.0749306625577812,-0.1853268765133172,-0.11849438696896324,0.10883116883116883,-0.04336341624477218,-0.2137838432753687,-0.20153863086066476,-0.0901254677525864,-0.31775698877393793,0.017356372441118203,-0.08747743781642087,-0.05160246533127889,0.15182258419546554,0.023532907770195906,0.09988333700198107,0.012819722650231125,0.0351419766674004,-0.00724851419766674,-0.07705701078582435,0.14741360334580675,-0.05165089148139996,0.07827867048206032,0.3011314109619194,-0.01113581333920317,0.26904248294078803,0.38696015848558224,-0.22297820823244552,-0.13782082324455205,0.3104820603125688,0.23715166189742462,0.1690292758089368,0.18745102355271848,-0.07382566585956417,0.11793308386528725,-0.31831609068897204,-0.27812458727712963,-0.03903587937486243,-0.11016508914814,0.2607682148360114,0.0722540171692714,0.26947391591459385,0.2840611930442439,0.30714946070878274,0.34524543253356815,0.2647589698437156,0.23219018269865727,0.3119040281752146,0.2628747523662778,-0.08552278230244333,-0.21574730354391372,-0.29745102355271846,-0.3491679506933744
#18,0.242425709883337,0.1760114461809377,0.29616112700858466,0.357508254457407,0.3809773277569888,1.0,0.21116883116883117,0.37228263262161565,0.03714065595421528,0.24806735637244112,0.24135593220338983,-0.0035901386748844375,0.6126634382566586,0.0348646268985252,-0.18171912832929782,-0.2699867928681488,0.16154083204930664,0.24620515078142197,-0.3041470394012767,-0.439933964340744,-0.09011446180937706,-0.08287034998899406,-0.3220184899845917,-0.22038080563504292,-0.16057451023552718,-0.2334602685450143,-0.0647325555800132,-0.017970504072198988,0.24524323134492626,0.41954875632841737,0.48357913273167513,0.31303103675985033,0.02089588377723971,0.17457186880915695,0.1432093330398415,0.0752344265903588,-0.175610829848118,0.002839533348007924,-0.2414109619194365,-0.04930662557781202,-0.19283292978208233,-0.15133612150561304,0.19962139555359895,0.11323354611490205,0.1737046004842615,0.2745674664318732,0.3900814439797491,0.19134272507153863,-0.2254985692273828,0.11434294519040282,0.24575830948712304,0.2627316751045565,0.12090028615452345,0.12800132071318512,-0.1054061193044244,0.1136781862205591,-0.004067796610169492,-0.10789346246973365,0.13604446401056572,0.007574290116662998,-0.000387409200968523,-0.10518159806295399,0.19168390931102797,0.15798151001540833,0.023337001981069777,-0.049966982170372,0.2601254677525864,-0.05690072639225181,-0.1012392692053709,-0.1735064935064935,-0.032522562183579136,-0.1863878494386969,-0.09300022011886419,0.09451904028175215,-0.17068456966762052,-0.18842174774378165,-0.0033348007924279112,0.010730794629099713,0.27769095311468195,0.016693814659916355,0.45815980629539954,0.34964560862865945,0.4970394012766894,-0.02471714725952014,0.49380805635042924,0.026676205150781424,0.14820162887959498,0.2838080563504292,0.20188861985472156,0.02802553378824565,0.24115782522562185,0.3250671362535769,0.17080783623156504,0.10036539731454985,0.0934866828087167,0.10097512656834691,-0.24204050187101034,0.29070217917675545,0.09473475676865507,0.09183799251595862,0.03422848338102576,0.38434954875632843,0.354983491085186,-0.20960158485582214,-0.032207792207792206,0.04296940347787805,-0.06390050627338763,-0.08213295179396875,0.060730794629099714,0.10757649130530486,0.058925819942769096
#26,0.06314990094651111,0.37353731014747965,0.08375302663438257,0.06635042923178516,-0.034723750825445744,0.21116883116883117,1.0,0.0524719348448162,0.2607241910631741,0.25342504952674444,0.22079022672243012,-0.24552718467972706,0.01961699317631521,0.22468192824125027,-0.01217477437816421,0.13452564384767773,-0.06910631741140216,0.06287695355491965,-0.07519700638344706,-0.06182918776139115,-0.10125687871450584,-0.010094651111600263,-0.037129650011005946,-0.009498128989654414,-0.08620074840413823,-0.08416905128769536,-0.02101915034118424,-0.0020845256438476777,0.14012326656394453,0.047323354611490204,0.21823684789786485,0.03255998239049086,0.12141316310807836,0.306847897864847,-0.007911071978868589,-0.0462227602905569,-0.10913933524103016,0.04830068236847898,-0.2028417345366498,-0.05570548095971825,-0.12009465111160027,-0.11197006383447061,0.052183579132731674,-0.08608628659476117,-0.029621395553598943,0.08478318291877614,-0.12258639665419327,-0.23860224521241472,-0.08602685450143077,0.011857803213735417,-0.08198106977767995,0.043715606427470834,0.04370680167290337,0.06119524543253357,-0.11009465111160026,0.13481620074840414,-0.1297424609289016,-0.09865727492846137,0.3495949812898965,0.07065375302663439,0.0817147259520141,0.05555800132071319,0.12984591679506935,0.3255051727933084,0.002656834690732996,0.1356218357913273,0.3545476557340964,0.5693990755007704,0.0647655734096412,0.20516839093110278,0.21363416244772176,-0.03007043803653973,-0.07521681708122387,-0.19434734756768654,-0.2632093330398415,-0.27714725952014085,-0.12015408320493066,0.1195575610829848,0.31099713845476556,0.16856702619414485,0.11396654193264363,-0.26903587937486245,0.2914043583535109,-0.18363636363636363,0.12214836011446181,0.08813779440898085,0.1385560202509355,-0.32749284613691393,-0.03143297380585516,-0.26423508694695136,-0.0713251155624037,0.23237068016729034,-0.007222099933964341,0.204818401937046,0.25451463790446843,-0.05169711644287915,-0.15858903808056352,0.07742460928901607,-0.1373233546114902,-0.040594320933303986,-0.0463482280431433,0.011800572309046886,-0.0785560202509355,-0.05118423948932423,-0.09450803433854281,-0.07710763812458728,-0.07965441338322694,-0.01953995157384988,0.04794188861985472,0.1557296940347788,0.3369491525423729
#49,0.5737530266343825,0.20847897864847018,0.10097292537970504,0.2373167510455646,0.28821703720008807,0.37228263262161565,0.0524719348448162,1.0,0.2843099273607748,0.19307065815540392,0.4461765353290777,0.40955976227162666,0.5346026854501431,0.39388069557561084,-0.26709002861545234,-0.0008078362315650452,0.11386748844375963,0.00946731234866828,-0.15550297160466653,-0.20782302443319392,-0.15280431432973807,0.06819722650231125,-0.26828967642526963,-0.15267884657715167,-0.10833590138674884,-0.10043363416244772,-0.058732115342284834,-0.0009465111160026414,0.040222320052828525,0.0662425709883337,0.22735417125247634,0.26043363416244775,0.003847677745982831,0.0966387849438697,-0.030801232665639444,0.04671802773497689,-0.05488003521901827,-0.006392251815980629,-0.23047985912392693,-0.055507373981950256,-0.4849636803874092,-0.3148734316530927,-0.1600198106977768,-0.013083865287255117,-0.03730134272507154,0.15288355712084525,0.282095531587057,0.18591679506933745,-0.022366277790006602,0.01830068236847898,0.2586924939467312,0.13896324014968084,0.11953554919656614,0.031454985692273826,-0.14880255337882456,-0.19687651331719128,-0.1756746643187321,-0.16216596962359675,-0.02889720449042483,-0.2273629760070438,-0.09577151661897425,-0.23594981289896544,0.372656834690733,0.3411446180937706,0.07757869249394674,-0.1852982610609729,0.3194475016508915,-0.007563284173453665,-0.00526304204270306,0.17939687431212856,0.0687607307946291,0.0909156944750165,0.02162887959498129,-0.01690953114681928,0.014527845036319613,-0.10340303764032578,-0.09617433414043583,-0.06703720008804755,0.0628483381025754,-0.017336561743341403,0.05647589698437156,0.22105877173673782,0.10733436055469954,0.20254237288135593,0.3989830508474576,0.09854941668500991,-0.15219678626458288,-0.11278450363196126,-0.16116883116883116,0.043541712524763375,0.029388069557561083,0.061358133392031694,-0.10353510895883777,-0.22770195905789126,-0.20822143957737177,-0.15413383226942548,-0.15378604446401056,0.1059189962579793,-0.027123046445080342,-0.03039621395553599,0.019854721549636804,0.22703279771076382,0.28656394453004624,-0.1365463350209113,-0.009284613691393353,0.12458947831829188,0.0020294959278010128,-0.24468192824125026,-0.14144177856042262,-0.2523530706581554,-0.20769095311468194
#50,0.2085626238168611,0.45674664318732117,-0.16180057230904688,0.22787585296059873,-0.18073519700638344,0.03714065595421528,0.2607241910631741,0.2843099273607748,1.0,0.341353731014748,0.4951882016288796,0.06256878714505833,0.002031697116442879,0.3660378604446401,-0.06167070217917676,0.24695135373101476,-0.2070349988994057,-0.1001915034118424,0.19789346246973366,0.06643187321153422,-0.1838961038961039,0.13255998239049085,-0.02708122386088488,0.1356174334140436,-0.012031697116442879,0.1327801012546775,-0.042692053709002864,0.12944750165089147,0.0711468192824125,-0.11169051287695356,-0.09206691613471274,-0.022742681047765792,-0.25215276249174556,0.028412942989214176,-0.08407440017609509,0.01449702839533348,0.026013647369579573,0.05800572309046885,0.014329738058551618,0.006997578692493947,-0.014345146379044684,-0.12665419326436275,-0.06073959938366718,-0.027803213735417127,0.054525643847677746,-0.16956196346026856,-0.012372881355932203,-0.12494166850099053,-0.09814439797490646,-0.2387409200968523,-0.1016949152542373,-0.1087145058331499,-0.17626678406339424,-0.1465199207572089,-0.2667598503191724,-0.11817301342725071,-0.30058991855602024,-0.3493286374642307,0.07164648910411622,-0.24561523222540171,0.10285714285714286,0.07528945630640546,0.17052828527404798,0.2953246753246753,0.3311908430552498,0.19696456086286596,0.20860444640105658,0.2911358133392032,0.06900726392251816,0.19886858903808055,0.03060312568787145,-0.06973145498569228,-0.22583314990094652,-0.2818181818181818,-0.15824345146379046,-0.3358639665419326,-0.1515628439357253,-0.09318732115342285,-0.02574290116662998,0.12570988333700198,-0.12691173233546116,0.04749284613691394,-0.007834030376403258,-0.05819942769095311,0.005952014087607308,0.17101915034118423,0.035505172793308386,-0.36285934404578474,-0.004765573409641206,-0.21803213735417126,-0.15440677966101696,0.007120845256438477,-0.29148580233325994,0.10416244772176976,0.09321593660576712,-0.1330904688531807,0.07414924058991855,-0.10342064714946071,-0.027633722209993397,-0.19305084745762713,-0.13412502751485803,-0.14223200528285274,-0.33599383667180277,-0.23212414703940126,-0.2589962579793088,-0.15859784283513098,-0.287277129650011,0.04680167290336782,0.1315760510675765,0.1517389390270746,0.21790226722430112
#51,0.4805877173673784,0.4208100374202069,0.17341844596081885,0.5842130750605327,0.08421087387189082,0.24806735637244112,0.25342504952674444,0.19307065815540392,0.341353731014748,1.0,0.25149460708782745,0.11463570327977107,0.122590799031477,0.024331939247193485,-0.020647149460708784,-0.029242791107197887,0.28975346687211095,0.058886198547215496,0.15819282412502753,0.038699097512656835,-0.07531587057010786,0.010193704600484261,0.02502091129209773,-0.14514637904468414,-0.18048426150121066,-0.053590138674884435,-0.02978648470173894,0.2373299581774158,0.02097292537970504,0.03982390490865067,0.05833810257539071,0.17590138674884437,0.02779881135813339,0.16359013867488445,0.009495927801012547,0.1590688972044904,0.08398415144177857,0.20012326656394452,-0.02336121505613031,0.07242350869469513,-0.29813339203169714,0.1834338542813119,-0.06414483821263482,0.22413603345806735,-0.16610609729253797,-0.16985031917235308,0.1275610829848118,0.005522782302443319,-0.294455205811138,-0.25976007043803656,-0.09691833590138675,-0.1449306625577812,-0.20671802773497688,-0.22805635042923178,-0.29033237948492185,-0.019068897204490426,-0.3289852520360995,-0.19495267444419986,0.16390710983931323,-0.009958177415804535,0.029964780981730135,0.020002201188641867,0.07457847237508254,0.22892802113141097,0.37289016068677083,0.28562623816861105,0.060781421967862646,0.0025709883337001983,0.11174334140435835,0.17306625577812018,-0.10352190182698658,0.06311908430552499,-0.38826326216156726,-0.15787365177195686,-0.24237508254457407,-0.35904028175214614,-0.18195465551397755,-0.1619436495707682,-0.1596257979308827,0.049476117103235746,0.11920316971164428,0.02841074180057231,0.14664098613251156,-0.04454325335681268,0.2076601364736958,0.07248954435395114,0.05839533348007924,-0.07241030156284393,0.10174554259300023,-0.15972044904248295,-0.1844948272066916,0.10580893682588598,-0.15574290116662998,0.046931543033237946,0.10921417565485363,-0.12095531587057011,-0.07217037200088047,0.11155624036979969,0.3352586396654193,-0.0489522342064715,-0.11471054369359454,-0.08949592780101255,0.08550297160466652,-0.024197666740039623,0.020041822584195467,-0.04467752586396654,-0.04743341404358353,-0.05282852740479859,0.03562843935725292,0.039112920977327756,0.15558881796169932
#52,0.3868589038080564,0.4902553378824565,0.19368038740920096,0.1111798371120405,0.01175214615892582,0.24135593220338983,0.22079022672243012,0.4461765353290777,0.4951882016288796,0.25149460708782745,1.0,-0.0860444640105657,0.11306625577812018,0.32994276909531145,-0.30144177856042265,0.2822540171692714,-0.10945850759410082,0.17032137354171253,-0.017763592339863528,-0.05980409421087387,-0.1927492846136914,0.17971824785384108,-0.06873211534228484,0.2683513097072419,0.05568567026194145,0.293860884877834,-0.023911512216596962,0.1551683909311028,-0.07481399955976227,-0.048597842835130974,0.17222320052828527,-0.04760510675764913,-0.13043363416244771,0.11707462029495928,-0.014686330618534008,0.0958331499009465,-0.112689852520361,0.09221879815100154,-0.1302113141096192,0.20003081664098613,-0.23299581774158046,-0.16041822584195464,-0.11855161787365177,0.006713625357693155,-0.0573827867048206,0.0799471714725952,0.17146599163548315,0.0462161567246313,-0.02353070658155404,0.020600924499229584,0.11132291437376184,0.12046665199207572,-0.04088047545674664,-0.027479639005062735,-0.21533568126788466,-0.0004116222760290557,-0.27925599823904906,-0.18348888399735858,0.10488663878494386,-0.13700198106977768,0.139735857362976,0.12706141316310807,0.1562755888179617,0.29891701518820163,0.2789368258859784,0.0865067136253577,0.16988333700198108,0.04212634822804314,-0.004413383226942549,0.10549636803874092,0.03858683689192164,0.0033832269425489764,-0.10850759410081444,-0.17742460928901607,-0.2558067356372441,-0.2680739599383667,-0.08937926480299362,0.036040061633281974,0.12190402817521462,0.18151221659696237,-0.11574950473255557,0.07067136253576932,0.15080123266563944,-0.05533788245652652,0.13285274047985912,0.18298481179837112,0.12042703059652213,-0.1580497468633062,-0.17686550737398196,-0.11863306185340083,0.023902707462029497,0.04522782302443319,-0.05819942769095311,0.19598943429451904,0.0463944530046225,-0.01794849218578032,0.11587497248514197,0.03811138014527845,0.056284393572529165,-0.1061897424609289,-0.03834030376403258,0.1393286374642307,-0.01641206251375743,-0.08724411182038301,-0.2418005723090469,-0.15545674664318732,-0.24921417565485363,-0.06778340303764033,0.2099273607748184,0.15889940567906669,0.1485560202509355
#53,0.06394673123486683,-0.17081003742020692,-0.19647149460708782,0.22389390270746204,0.17128769535549196,-0.0035901386748844375,-0.24552718467972706,0.40955976227162666,0.06256878714505833,0.11463570327977107,-0.0860444640105657,1.0,0.42777019590578913,0.34654193264362754,0.08064935064935065,-0.2854655513977548,0.022410301562843935,-0.3310081443979749,-0.0748910411622276,-0.05349548756328417,0.07133392031697117,-0.1574554259300022,-0.20935725291657495,-0.359537750385208,-0.08604886638784943,-0.17479418886198547,-0.0436715826546335,-0.06556240369799692,0.09299581774158046,-0.06376843495487564,-0.035676865507373985,-0.04548316090688972,-0.137640325775919,-0.03634602685450143,0.07537750385208013,-0.02519700638344706,0.1810213515298261,0.048972044904248294,-0.17506713625357692,-0.1810807836231565,-0.14362976007043804,-0.13357473035439138,-0.055663658375522784,0.08134932863746423,0.0654919656614572,0.1160906889720449,-0.016504512436715826,0.059295619634602684,-0.021723530706581555,0.014728153202729475,0.07716046665199208,0.007180277349768875,-0.025064935064935064,-0.031347127448822364,-0.06417345366497909,-0.3897930882676645,0.041485802333259963,-0.04714065595421527,-0.2621043363416245,-0.3323134492626018,-0.29582434514637906,-0.4160444640105657,0.28830948712304644,0.15318511996478099,-0.17018269865727492,-0.2161963460268545,0.3660334580673564,0.0011754347347567686,0.08192383887299141,0.12656174334140435,-0.12288575830948713,-0.04915034118423949,0.12631741140215716,0.20428791547435615,0.4211534228483381,0.10825665859564165,-0.29035219018269864,-0.3615584415584416,-0.10410521681708122,-0.1380409421087387,0.11902267224301123,0.2535219018269866,-0.1860906889720449,0.5186946951353731,0.276220559101915,0.07360334580673564,-0.2762227602905569,-0.006040061633281972,-0.17839973585736296,0.3510169491525424,0.10953334800792427,0.06964560862865947,0.012102135152982611,-0.38334360554699537,-0.32117763592339865,-0.3545344486022452,-0.3538850979528946,-0.12787585296059872,-0.16893022232005284,-0.11232665639445301,-0.015137574290116662,-0.006812678846577152,0.04214175654853621,-0.08472815320272947,0.023735417125247633,0.025254237288135594,0.03828747523662778,-0.2676997578692494,-0.34479639005062734,-0.3653070658155404,-0.2819502531366938
#54,0.19202729473915914,-0.0422804314329738,0.12043583535108959,0.3212942989214176,0.31816420867268325,0.6126634382566586,0.01961699317631521,0.5346026854501431,0.002031697116442879,0.122590799031477,0.11306625577812018,0.42777019590578913,1.0,0.28020911292097733,-0.17791767554479418,-0.3008430552498349,0.1190182698657275,0.014921857803213735,-0.2888663878494387,-0.3485163988553819,-0.13517059211974466,-0.17560862865947613,-0.3181267884657715,-0.274158045344486,-0.2230332379484922,-0.24035879374862426,0.03385428131190843,0.04215936605767114,0.3781003742020691,0.3513449262601805,0.4865001100594321,0.18434734756768656,-0.08806515518379925,0.07335020911292098,0.2837442218798151,0.1649240589918556,-0.03203169711644288,0.00613251155624037,-0.16284613691393351,-0.10778120184899846,-0.17359013867488443,-0.08495487563284174,0.14372881355932204,0.19021351529826105,0.2065529385868369,0.3537662337662338,0.40545014307726174,0.4013779440898085,-0.03036979969183359,0.2686264582874752,0.3773233546114902,0.25059652212194583,0.22164428791547436,0.10432313449262602,-0.07056790666960158,-0.12425709883337002,-0.021470394012766895,-0.0860444640105657,-0.1264406779661017,-0.11961479198767334,-0.4400132071318512,-0.5225731895223421,0.4058265463350209,0.2630904688531807,-0.052687651331719126,-0.24895003301782964,0.38293198327096634,-0.06892141756548537,-0.13782082324455205,-0.06127448822364077,-0.08208672683248955,-0.20545234426590359,0.04306185340083645,0.17422848338102576,0.09893022232005283,-0.022060312568787144,-0.2822738278670482,-0.32254017169271404,0.23023332599603785,0.05799471714725952,0.4794453004622496,0.38832049306625577,0.40424829407880253,0.09074840413823465,0.4467686550737398,-0.15055249834910853,-0.2072837332159366,0.2742637023992956,0.017594100814439798,0.11631961259079904,0.3932005282852741,0.14760290556900726,0.06836671802773497,-0.2640942108738719,-0.1730134272507154,-0.059242791107197885,-0.2528395333480079,0.06195685670261941,-0.055053929121725735,-0.02713845476557341,0.02225181598062954,0.34983491085186,0.38111600264142637,-0.34198547215496367,-0.06949592780101255,0.04154743561523223,-0.04276909531146819,-0.4908034338542813,-0.26104116222760293,-0.2198481179837112,-0.17640545894783183
#58,-0.030581113801452786,-0.07410081443979749,-0.32356812678846575,-0.043788245652652436,-0.21875192604006163,0.0348646268985252,0.22468192824125027,0.39388069557561084,0.3660378604446401,0.024331939247193485,0.32994276909531145,0.34654193264362754,0.28020911292097733,1.0,-0.13086506713625357,0.025038520801232665,-0.1279903147699758,-0.39910411622276026,-0.08146158925819942,-0.03717367378384327,-0.0337046004842615,0.017668941228263263,-0.3756020250935505,-0.056387849438696895,-0.19329958177415804,-0.0738102575390711,-0.15390490865067136,-0.20202729473915915,0.09764472815320273,-0.028771736737838432,0.10027955095751706,-0.16056350429231786,-0.13625797930882677,0.08520581113801452,0.24587277129650012,0.001712524763372221,-0.039711644287915474,0.05698217037200088,-0.23519920757208893,-0.09455205811138015,-0.2671956856702619,-0.22697116442879156,-0.07536429672022893,0.14176315210213516,-0.014356152322254017,0.20427470834250494,0.03984591679506934,-0.02658155403918116,0.20029495927801014,0.0865859564164649,0.12402597402597403,-0.024265903587937485,0.11571648690292759,-0.03298481179837112,-0.16811578252256218,-0.30268765133171915,0.1424653312788906,0.08131631080783623,0.0787145058331499,-0.3723332599603786,-0.08102795509575171,-0.1970151882016289,0.464058991855602,0.529108518600044,-0.18189962579793087,-0.18263922518159806,0.6035197006383447,0.34298481179837115,0.013378824565265244,0.31900726392251816,0.08578472375082545,-0.13174994497028394,0.14532467532467533,0.10211093990755007,0.19834030376403258,0.06798811358133391,-0.1437904468412943,-0.04413383226942549,0.10129650011005943,0.05722209993396434,-0.023279771076381246,-0.02239489324235087,0.1583909311027955,0.11269865727492846,0.25751045564604885,0.11103896103896103,-0.10197886858903808,-0.3608100374202069,-0.2921307506053269,0.016883116883116882,0.20979088707902266,0.1514703940127669,-0.028762931983270967,-0.16034118423948931,-0.07733215936605767,-0.2757230904688532,-0.29200528285274047,-0.24240810037420207,-0.463200528285274,-0.12755007704160246,-0.17517059211974467,-0.06413603345806736,-0.14004182258419545,-0.2671252476337222,-0.21197886858903808,-0.08721329517939687,-0.20428131190843055,-0.1272837332159366,-0.05837332159366058,-0.15104556460488663,-0.014822804314329738
#101,-0.2828615452344266,-0.16999559762271627,-0.36881576051067577,-0.09221879815100154,-0.030598723310587717,-0.18171912832929782,-0.01217477437816421,-0.26709002861545234,-0.06167070217917676,-0.020647149460708784,-0.30144177856042265,0.08064935064935065,-0.17791767554479418,-0.13086506713625357,1.0,0.29080783623156503,-0.054754567466431876,-0.4239379264802994,0.5555095751705921,0.24033458067356372,0.5595311468192824,0.1471714725952014,-0.03910411622276029,-0.1361897424609289,0.13282632621615673,0.07568346907329958,-0.1645696676205151,-0.4253731014747964,0.2707395993836672,-0.008545014307726173,-0.26677305745102353,-0.027510455646048867,-0.12389610389610389,-0.044961479198767335,0.2637508254457407,0.11056350429231786,0.34368258859784284,0.3265331278890601,0.14847677745982832,-0.06385428131190843,0.34174994497028394,0.30604006163328196,-0.16326656394453004,0.07357252916574951,-0.09512436715826546,-0.0962425709883337,-0.5013295179396874,-0.4280893682588598,-0.20082764692934185,-0.44616773057451026,-0.3453400836451684,-0.21400396213955536,-0.4651727933083865,-0.46066035659256,-0.053772837332159366,-0.26716486902927583,0.06969183359013867,0.13608188421747744,0.04465771516618974,-0.12215716486902928,-0.17972485141976668,-0.24400616332819722,0.1313317191283293,0.024347347567686552,-0.19494827206691615,-0.08990975126568347,0.14097732775698876,0.09061413163108079,0.5522870349988994,0.11806955756108299,-0.09678846577151662,0.11926480299361655,0.012863746423068458,-0.22082104336341624,0.15993616552938586,-0.25446621175434736,-0.12688972044904248,-0.31979308826766456,-0.13081884217477438,0.012830728593440458,0.009055690072639224,-0.31841954655513977,-0.10707462029495927,0.15093330398415145,0.2282654633502091,-0.30976667400396213,-0.3381620074840414,-0.06670702179176756,0.012130750605326876,0.07800352190182698,0.10825885978428351,-0.25446180937706364,-0.26895663658375524,-0.23182698657274928,-0.04368699097512657,-0.29041822584195465,-0.2162359674224081,-0.36723310587717367,-0.23183579132731674,-0.22264582874752367,-0.27896764252696454,-0.4770724191063174,-0.25004402377283735,-0.04088047545674664,-0.006044464010565706,-0.1616685009905349,-0.14335241030156284,-0.027655734096412064,-0.15725952014087607,-0.13470834250495267,0.009055690072639224
#102,0.16580453444860224,0.08843495487563284,-0.26567246313009024,-0.060759410081443976,-0.22064935064935065,-0.2699867928681488,0.13452564384767773,-0.0008078362315650452,0.24695135373101476,-0.029242791107197887,0.2822540171692714,-0.2854655513977548,-0.3008430552498349,0.025038520801232665,0.29080783623156503,1.0,-0.19734756768655073,-0.28304864626898524,0.5042108738718908,0.2854149240589919,-0.12884217477437818,0.46639005062733874,-0.043794849218578034,0.4323684789786485,-0.061562843935725295,0.48310587717367376,-0.2943429451904028,0.0037926480299361656,-0.06366277790006604,-0.017012987012987014,-0.19867928681488004,0.05594981289896544,-0.08667180277349769,0.16774158045344487,0.01325115562403698,0.2972397094430993,0.08040281752146158,0.4574158045344486,0.06006163328197227,0.5102003081664098,-0.027642526964560862,0.22968523002421307,-0.13217257318952233,0.041871010345586615,-0.3750671362535769,-0.10285714285714286,-0.19619414483821263,-0.2689720449042483,-0.18052168170812238,-0.46589478318291877,-0.3223552718467973,-0.3239819502531367,-0.49488223640766016,-0.5018291877613912,-0.4613845476557341,-0.14035879374862426,-0.36481179837112043,0.3112942989214176,0.13276689412282633,-0.033838872991415365,0.146880915694475,0.1775280651551838,0.21271626678406338,0.29232885758309485,0.23069117323354613,0.034265903587937484,-0.002291437376183139,0.12294298921417565,0.3302047105436936,0.1859718247853841,-0.16194805194805195,0.2412062513757429,-0.1416222760290557,-0.3186726832489544,-0.13456526524323134,-0.17360774818401936,0.20498789346246973,0.03234866828087167,-0.19075941008144398,0.4078362315650451,-0.3230376403257759,-0.27446401056570546,-0.013838872991415365,-0.26281752146158927,0.008923618754127229,-0.026955756108298482,-0.037453224741360334,-0.4250099053488884,-0.0025071538630860664,-0.4647831829187761,0.0575808936825886,-0.1652740479859124,-0.12412722870349989,0.09520581113801453,0.19419326436275589,-0.19371560642747082,0.3378494386968963,-0.23384547655734098,-0.004184459608188422,-0.3584261501210654,-0.38807395993836674,-0.4092207792207792,-0.06689852520360995,0.008703499889940567,-0.3084371560642747,-0.20712304644508034,-0.324653312788906,0.08515078142196786,0.198036539731455,0.08265463350209112,0.21292758089368258
#201,0.21290556900726393,-0.17861985472154965,0.3680167290336782,0.3175258639665419,0.08875192604006163,0.16154083204930664,-0.06910631741140216,0.11386748844375963,-0.2070349988994057,0.28975346687211095,-0.10945850759410082,0.022410301562843935,0.1190182698657275,-0.1279903147699758,-0.054754567466431876,-0.19734756768655073,1.0,0.18526964560862866,-0.14443319392471934,-0.11813559322033898,0.09559322033898306,0.0724653312788906,-0.0976931543033238,-0.11244992295839754,-0.1669821703720009,-0.2064935064935065,0.0800792427911072,0.14081223860884878,-0.1443781642086727,-0.13086506713625357,0.1584833810257539,0.0489060092449923,0.19171472595201408,-0.30977327756988776,-0.25973365617433414,-0.20362095531587057,-0.20658155403918116,-0.17519920757208893,-0.17521241470394014,-0.16716927140655954,-0.23307065815540393,0.007660136473695796,0.20670702179176756,-0.057204490424829404,0.038406339423288575,-0.03422848338102576,0.3105458947831829,0.37889500330178294,0.0786022452124147,0.19886418666079683,0.2100396213955536,0.1741272287034999,0.08517059211974466,0.18862205591019152,0.0832621615672463,0.05790226722430112,0.0034206471494607088,0.030057230904688533,-0.1278846577151662,-0.04768655073739819,-0.05598723310587717,-0.13693374422187982,-0.1482786704820603,-0.2135659255998239,0.13238388729914152,0.026603565925599825,-0.19668060752806515,-0.2340942108738719,-0.1172507153863086,-0.19187541272287034,0.006046665199207572,-0.05251375742901167,-0.10068897204490425,-0.032524763372221,-0.16772397094430994,-0.011371340523882896,0.02305745102355272,-0.044525643847677744,0.10019590578912613,-0.13231124807395994,0.08445960818842174,0.018710103455866166,0.08443759630200308,-0.15015408320493065,-0.1315628439357253,-0.08603565925599824,-0.08880915694475017,0.19784283513097073,0.0959255998239049,-0.22736077481840195,-0.10222980409421087,-0.07838432753686991,-0.09538410741800572,-0.10248073959938367,-0.127805414924059,0.2915584415584416,-0.058875192604006164,0.3717587497248514,0.37633942328857584,0.28641646489104117,0.12508254457407,0.29571208452564385,0.3595905789126128,0.10737838432753687,0.317706361435175,0.22083425049526745,0.15050407219898745,-0.2107440017609509,0.06086506713625358,-0.09490204710543694,-0.22152982610609728
