,#10,#11,#12,#13,#17,#18,#26,#49,#50,#51,#52,#53,#54,#58,#101,#102,#201,#202,#301,#302,#401,#402,#501,#502,#601,#602,#701,#702,#801,#802,#901,#902,#1001,#1002,#1101,#1102,#1201,#1202,#1301,#1302,#1401,#1402,#1501,#1502,#1601,#1602,#1701,#1702,#1801,#1802,#1901,#1902,#2001,#2002,#2101,#2102,#2201,#2202,#2301,#2302,#2401,#2402,#2501,#2502,#2601,#2602,#2701,#2702,#2801,#2802,#2901,#2902,#3001,#3002,#3101,#3102,#3201,#3202,#3301,#3302,#3401,#3402,#3455,#3501,#3502,#3601,#3602,#3701,#3702,#3801,#3802,#3901,#3902,#4001,#4002,#4101,#4102,#4201,#4202,#4301,#4302,#4401,#4402,#4501,#4502,#4601,#4602,#4701,#4702,#4801,#4802
#10,1.0,0.34579572969403477,0.4312524763372221,0.4438036539731455,0.1989918556020251,0.09897864847017389,0.21320052828527405,0.4919854721549637,0.06482060312568787,0.4729605987233106,0.13262821923838872,0.1432313449262602,0.24025533788245654,-0.08656834690732995,-0.223053048646269,0.16329517939687432,0.34709663218137793,-0.01763812458727713,0.247739379264803,0.17728153202729474,-0.021386748844375962,0.015287255117763592,0.06229583975346687,0.0012744882236407661,0.06444860224521241,0.06473475676865507,-0.22707682148360114,-0.24881135813339203,-0.21480959718247855,0.23244992295839753,-0.13293858683689191,0.08972485141976667,-0.0686616773057451,-0.1701386748844376,-0.0026348228043143298,0.13566365837552277,0.152887959498129,0.09848998459167951,-0.03301562843935725,-0.05141976667400396,0.18565265243231344,0.1685890380805635,-0.03511116002641426,-0.08508254457407,-0.17297160466651992,-0.2016949152542373,-0.21533788245652652,-0.21260620735197006,-0.09820162887959498,0.05318952234206471,0.027666740039621395,0.06837992515958617,0.1087211093990755,0.09030596522121946,0.12201848998459168,0.07488663878494387,0.03286594761171032,0.02669601584855822,-0.20646929341844597,-0.15036759850319173,-0.04401056570548096,-0.21470173893902708,-0.12979528945630642,0.002696456086286595,0.20841734536649792,0.09425049526744442,-0.2060840854061193,-0.11321153422848339,0.1124455205811138,0.24138895003301783,0.42784943869689634,0.4642526964560863,0.19583535108958838,0.4389852520360995,-0.04780101254677526,0.26507814219678627,-0.1874488223640766,-0.15034118423948933,-0.2057142857142857,0.051699317631521025,0.2438762931983271,0.14444640105657056,0.261270085846357,0.13916354831609068,-0.01976447281532027,-0.14575170592119743,-0.1513647369579573,0.3336077481840194,0.24745102355271847,0.10273607748184019,0.20981289896544134,-0.12570327977107637,-0.12804094210873873,-0.27370680167290334,-0.2083381025753907,0.01686550737398195,0.22842394893242352,0.0948712304644508,0.0036979969183359015,0.02506713625357693,-0.061948051948051946,0.4338806955756108,-0.07688751926040062,0.09366718027734977,-0.08335020911292097,0.027856042262821925,-0.11432753686990975,-0.1290710983931323,-0.11178736517719569,-0.3593880695575611,-0.34236847897864847
#11,0.34579572969403477,1.0,0.29854061193044246,0.29236407660136476,-0.12321813779440897,0.0939753466872111,0.3981333920316971,0.39753026634382566,0.34118864186660797,0.49433414043583535,0.19503191723530708,-0.08092670041822585,-0.0150033017829628,0.18469733656174334,0.07361655293858684,0.3853422848338103,0.1276997578692494,0.08013427250715387,0.14204710543693594,0.31022011886418666,0.2708210433634162,0.4405679066696016,0.08780321373541712,0.2916222760290557,-0.06173453664979089,0.16673563724411183,-0.34922298040942107,-0.3636715826546335,-0.03889720449042483,-0.13624697336561745,-0.08298261060972925,0.058272066916134714,-0.4313449262601805,-0.30331939247193485,-0.032753686990975125,-0.048298481179837115,0.022095531587057012,0.14987233105877174,-0.17482060312568787,-0.09025533788245653,-0.1238498789346247,-0.02950693374422188,-0.1604336341624477,0.20647809817301344,-0.16078142196786266,0.05339203169711644,-0.3593462469733656,-0.42714285714285716,-0.29435615232225404,0.009112920977327757,-0.1783645168390931,-0.20101254677525865,-0.14203389830508475,0.0375874972485142,0.07246092890160687,0.3556900726392252,0.034045784723750826,0.13473695795729693,-0.2890688972044904,-0.2813999559762272,-0.1797490644948272,-0.2722430112260621,-0.2727977107638125,-0.09073299581774158,0.08966982170372001,0.08651331719128329,-0.040647149460708784,0.0688201628879595,0.3072573189522342,0.04477437816420867,0.24675324675324675,0.14465111160026414,0.25316310807836234,0.18581113801452784,-0.14132071318511996,0.24699097512656834,-0.3921043363416245,-0.09936605767114241,-0.09981069777679948,0.14375522782302444,0.009244992295839754,-0.27563944530046225,0.0924058991855602,-0.12494827206691614,-0.1354061193044244,-0.21701078582434516,-0.1542791107197887,0.2134668721109399,-0.12208672683248954,-0.12956196346026855,0.07534668721109399,-0.2958133392031697,-0.09193704600484262,-0.1475808936825886,-0.10764913053048646,-0.021133612150561303,0.258762931983271,-0.0934536649790887,-0.09453885097952895,-0.25007484041382344,-0.1794849218578032,0.0871582654633502,-0.22772397094430993,0.06723310587717367,-0.19276029055690072,-0.2836055469953775,-0.3375324675324675,-0.23908650671362536,-0.08007704160246533,-0.192458727712965,-0.1416156724631301
#12,0.4312524763372221,0.29854061193044246,1.0,0.6063262161567247,0.06180937706361435,0.3828725511776359,0.29790666960158485,0.16053709002861546,-0.08949592780101255,0.6703279771076381,-0.0028065155183799252,-0.23979969183359015,0.2247589698437156,-0.0662953995157385,-0.21821483601144617,0.18182038300682368,0.672080123266564,0.22113141096191943,0.18765793528505392,0.14263262161567247,-0.05029936165529386,0.12113581333920317,0.3181620074840414,0.05917015188201629,0.3014813999559762,0.03150341184239489,-0.10539511336121506,-0.05896764252696456,-0.31412282632621613,0.0945674664318732,-0.06888179616993176,0.06753686990975126,0.05077922077922078,-0.016423068456966762,-0.11812458727712966,-0.17077261721329517,-0.06070658155403918,-0.20215716486902927,0.12853841074180059,-0.014858023332599604,-0.06341844596081884,0.0632819722650231,-0.25585516178736517,-0.24960598723310587,-0.16918556020250936,-0.2577834030376403,-0.08511116002641426,-0.019427690953114682,-0.1212656834690733,-0.03221659696235967,0.022491745542593,0.09759850319172353,0.1292868148800352,0.2367642526964561,0.2034206471494607,0.27044464010565705,-0.0007241910631741141,-0.2979330838652873,-0.12490204710543694,0.009881135813339203,-0.44879815100154086,-0.24991635483160907,-0.5368589038080563,-0.03659476117103236,0.39527845036319614,0.2006713625357693,-0.4227052608408541,-0.28339203169711646,0.19576491305304863,0.0850099053488884,0.669291217257319,0.5856548536209553,0.1894739159145939,0.2551860004402377,-0.1981289896544134,0.2581465991635483,-0.25710323574730354,-0.1424455205811138,-0.1409553158705701,-0.1545608628659476,-0.04658595641646489,-0.05699317631521021,0.39998459167950695,-0.1840677966101695,-0.2016486902927581,-0.2288994056790667,-0.21456746643187322,-0.0022936385648250055,-0.17987893462469734,-0.22313669381465992,0.0476535329077702,-0.18681928241250276,-0.067673343605547,-0.2004490424829408,-0.15807836231565045,0.4314505833149901,0.13678186220559102,0.4168985252036099,0.34143957737178077,0.2013251155624037,0.2719458507594101,0.47533127889060095,0.02752586396654193,0.37825005502971604,0.26846357032797713,0.1490050627338763,0.19117543473475676,-0.3994144838212635,-0.29144177856042264,-0.39380585516178734,-0.34949812898965443
#13,0.4438036539731455,0.29236407660136476,0.6063262161567247,1.0,0.07971384547655734,0.2430398415144178,0.10627338762931983,0.2001782962799912,-0.07911512216596962,0.645100154083205,0.10026194144838213,-0.021463790446841293,0.06962579793088268,-0.17091789566365836,-0.30029055690072637,0.03918556020250936,0.4784239489324235,0.03258199427690953,0.12879154743561524,0.042689852520361,-0.10266343825665859,0.13017609509134934,0.3622165969623597,0.2777988113581334,0.4291327316751046,0.35156944750165087,-0.15272507153863085,-0.10859784283513096,-0.2822914373761831,0.03643187321153423,-0.07593440457847238,-0.0717081223860885,-0.014822804314329738,0.04662998018930222,-0.16091789566365838,-0.04818842174774378,-0.005315870570107858,-0.04985692273827867,0.07946290997138455,0.06503631961259079,0.012925379705040723,0.08650451243671582,-0.23808716707021793,-0.22985692273827868,-0.1823398635263042,0.0077944089808496585,-0.2747743781642087,-0.2721307506053269,-0.17012326656394453,-0.008523002421307506,-0.018342504952674445,0.08110939907550077,0.05521021351529826,0.17933524103015627,0.10781642086726832,0.10311468192824125,0.21293418445960818,-0.056656394453004626,-0.2333281972265023,-0.17351749944970285,-0.20322033898305084,-0.11575830948712304,-0.24588157605106759,0.10548756328417346,0.20999119524543253,0.04689192163768435,-0.23007704160246534,-0.2290050627338763,0.06789566365837553,0.09079903147699758,0.3821373541712525,0.20965661457186882,0.07233325996037861,0.26405018710103456,-0.17939467312348667,0.1498943429451904,-0.12880475456746643,0.10471494607087828,0.040807836231565045,0.03885758309487123,-0.037343165309267005,-0.02765133171912833,0.1927492846136914,-0.17516618974246093,-0.001712524763372221,-0.02098613251155624,-0.0922474136033458,0.09676645388509796,0.077244111820383,-0.24323574730354391,0.09241030156284394,-0.21957737178076162,-0.05778780541492406,-0.04205811138014528,-0.11665199207572088,0.4527646929341845,0.30583535108958837,0.20863306185340083,0.06921197446621176,-0.04895443539511336,0.11831168831168831,0.43689192163768437,-0.10304864626898526,0.14303103675985032,0.05332379484921858,0.03357693154303324,0.08340303764032578,-0.23864626898525204,-0.12429892141756549,-0.09307726172132952,-0.10372661237068016
#17,0.1989918556020251,-0.12321813779440897,0.06180937706361435,0.07971384547655734,1.0,0.2782258419546555,0.11556020250935505,0.27948272066916136,0.11555800132071319,0.003931322914373762,0.02783843275368699,0.4313185119964781,0.2256944750165089,-0.15776139115122165,-0.05866607968302884,-0.2582236407660137,0.04842835130970724,0.09309927360774818,-0.08327536869909752,-0.04373541712524763,-0.004345146379044684,-0.2863086066475897,0.09095311468192824,-0.20935285053929123,0.08581774158045344,-0.21429231785163988,-0.2685362095531587,0.03962139555359894,-0.044208672683248955,0.20681267884657714,0.06650231124807396,0.049997798811358136,-0.020851860004402378,-0.11715606427470834,0.045012106537530266,0.14714725952014088,0.013083865287255117,-0.02941668500990535,0.010074840413823465,-0.13246753246753246,0.31752366277790006,0.16976667400396214,0.26992295839753466,-0.1357142857142857,0.2292097732775699,0.04541272287034999,-0.38229143737618315,-0.09193264362755889,-0.21136253576931543,0.19192824125027516,-0.09025313669381466,0.2656702619414484,0.035051727933083865,0.13950693374422188,-0.07854721549636803,-0.10814880035219018,-0.1625181598062954,-0.01101254677525864,-0.022392692053709,0.04301562843935725,0.13007043803653973,0.006337222099933965,0.12942108738718908,0.0388333700198107,-0.24601584855822145,0.03600704380365397,-0.0637574290116663,0.029911952454325336,-0.059696235967422406,0.024924058991855604,0.06513317191283292,8.804754567466431e-05,-0.23205370900286154,-0.024772176975566804,0.0053048646268985256,-0.14421307506053269,-0.06046224961479199,-0.24549636803874092,0.09884217477437816,-0.16834030376403258,0.20173893902707463,0.3716596962359674,0.05011005943209333,0.22646929341844596,0.14388069557561084,0.10329958177415804,-0.02541272287034999,0.08888399735857364,0.16269865727492847,0.21705040721989874,-0.032386088487783404,0.03212194585075941,0.2573695795729694,-0.09626018049746864,-0.017616112700858465,0.10577591899625798,-0.15979308826766453,-0.00945410521681708,0.00857803213735417,-0.13784063394232884,0.03766453885097953,0.12785604226282193,0.23024213075060532,0.009436495707682149,-0.06222540171692714,-0.15248073959938366,-0.031857803213735415,0.07385208012326656,0.0034492626018049746,-0.167442218798151,-0.14382786704820602
#18,0.09897864847017389,0.0939753466872111,0.3828725511776359,0.2430398415144178,0.2782258419546555,1.0,0.23421527624917454,0.14983711204050187,-0.07842835130970724,0.2108122386088488,-0.00476337222099934,-0.004052388289676425,0.25364736957957296,0.0671648690292758,-0.022073519700638346,0.09962799911952454,0.2917895663658375,0.5541602465331279,-0.020438036539731454,-0.008300682368478978,-0.14041822584195465,-0.112689852520361,0.12248073959938367,-0.2436649790887079,0.31317851639885536,-0.22447061413163108,-0.20099493726612372,-0.02480299361655294,0.2571846797270526,0.08093770636143517,0.22075500770416023,0.3021373541712525,-0.022302443319392472,-0.055767114241690514,0.1617015188201629,0.00799471714725952,-0.046621175434734756,-0.020501871010345587,0.05232445520581114,-0.2592758089368259,0.021653092670041823,-0.11477437816420867,-0.0071846797270526085,-0.11664538850979529,-0.33612810917895664,-0.2292493946731235,-0.20877834030376402,-0.04705480959718248,-0.19292317851639887,-0.22402597402597402,-0.09124367158265463,-0.03442879154743562,-0.049672022892361875,0.04578252256218358,-0.1963284173453665,-0.030744001760950913,-0.09399735857362976,-0.15489984591679506,0.021620074840413825,0.1558265463350209,-0.21368919216376844,-0.022819722650231127,-0.2110609729253797,0.0862095531587057,0.025232225401716928,0.10890821043363416,0.17646489104116223,0.015031917235307066,0.19596962359674225,-0.03015628439357253,0.4295773717807616,0.30195905789126126,0.08993176315210213,-0.15193484481620076,-0.0716156724631301,0.007774598283072859,-0.03275808936825886,-0.01710543693594541,-0.038153202729473916,-0.11949152542372882,0.18469513537310148,0.0960312568787145,0.20482280431432973,0.09084085406119305,-0.0011842394893242351,-0.0997622716266784,-0.023904908650671363,0.04087387189082104,0.035337882456526526,-0.20261501210653754,-0.07544794188861985,-0.17538630860664758,-0.08949812898965441,0.07203169711644287,0.1362359674224081,0.2645806735637244,-0.07636583755227823,0.30370900286154523,0.0710477657935285,-0.0573959938366718,0.2647215496368039,0.17834690732995817,0.4844023772837332,0.19913273167510456,0.08710983931322915,-0.0044111820383006825,0.13126788465771516,-0.18481840193704602,-0.07975126568346907,-0.13373541712524764,-0.07202729473915914
#26,0.21320052828527405,0.3981333920316971,0.29790666960158485,0.10627338762931983,0.11556020250935505,0.23421527624917454,1.0,0.38346246973365616,0.4209355051727933,0.44524323134492627,0.3493814659916355,-0.05200528285274048,0.3111424169051288,0.2781664098613251,0.3711512216596962,0.3407572088928021,0.020321373541712526,0.11725731895223421,0.24478758529605987,0.18184239489324236,0.31847677745982833,0.1392141756548536,0.07053709002861545,-0.148300682368479,0.115049526744442,-0.14640325775918997,-0.4453709002861545,-0.47689632401496806,0.05821043363416245,-0.0785097952894563,-0.15046665199207573,0.11873651771956857,-0.4869997798811358,-0.32393792648029934,0.1844684129429892,0.1255976227162668,0.06820162887959498,0.04415364296720229,0.027017389390270746,-0.24151001540832048,0.07922738278670483,0.016555139775478758,0.13376843495487564,-0.029918556020250935,-0.07150121065375303,-0.2407792207792208,-0.4761038961038961,-0.33112700858463573,-0.2927999119524543,0.05920096852300242,-0.2774290116662998,-0.271963460268545,-0.34897204490424827,-0.15427030596522123,0.2056174334140436,0.04913933524103015,0.05163988553819062,-0.26405679066696014,-0.14518600044023772,0.03988113581333921,-0.267442218798151,-0.4272463130090249,-0.132689852520361,-0.07197446621175435,-0.09867928681488003,0.1273167510455646,-0.016640986132511557,0.2599713845476557,0.3809619194364957,0.09141536429672023,0.4017587497248514,0.35294298921417566,0.1462029495927801,0.023911512216596962,-0.036200748404138235,0.1187739379264803,-0.3855161787365177,-0.41602905569007265,-0.16838872991415366,-0.08061853400836452,0.04781862205591019,-0.30981289896544134,0.2122033898305085,0.023330398415144178,0.007418005723090469,-0.1640677966101695,-0.17915914593880697,-0.08445300462249615,-0.3155844155844156,-0.1591613471274488,-0.004946070878274268,-0.12302223200528285,-0.09757869249394673,-0.2134404578472375,0.044301122606207353,0.019297820823244553,0.05544353951133612,-0.16345586616773058,-0.1426172132951794,-0.29420206911732333,-0.16402597402597402,-0.08513097072419107,0.011476997578692494,-0.06684349548756328,-0.3186066475896984,-0.433695795729694,-0.35799691833590136,-0.28613911512216594,-0.06713625357693154,-0.2648073959938367,-0.1482126348228043
#49,0.4919854721549637,0.39753026634382566,0.16053709002861546,0.2001782962799912,0.27948272066916136,0.14983711204050187,0.38346246973365616,1.0,0.5293264362755888,0.34900946511116004,0.2687167070217918,0.23062513757429012,0.18358793748624258,0.12567906669601586,0.17312788906009244,0.35083425049526745,-0.04806735637244112,-0.1101386748844376,0.3209971384547656,0.2443099273607748,0.33491965661457185,0.15719788685890382,-0.10829627999119525,-0.001661897424609289,-0.15678846577151662,-0.011023552718467973,-0.4659123926920537,-0.4269029275808937,0.004895443539511336,-0.11165529385868368,-0.3018710103455866,0.009203169711644288,-0.40403257759189964,-0.4587409200968523,-0.12087607307946291,-0.021010345586616772,0.08750385208012326,0.05274488223640766,-0.06744001760950913,-0.19668060752806515,0.12712304644508035,-0.04044904248294079,0.0800396213955536,0.05440677966101695,-0.17838872991415364,-0.043819062293638564,-0.46110939907550075,-0.5147281532027295,-0.3477525863966542,-0.06684789786484702,-0.30603565925599824,-0.31189302223200527,-0.3164318732115342,-0.1635659255998239,0.11976007043803653,0.04654853620955316,0.10617873651771957,0.053136693814659915,-0.273878494386969,-0.24158485582214395,0.017662337662337664,-0.27767774598283074,0.14616552938586838,0.032942989214175655,0.05732555580013207,0.02055690072639225,0.24912172573189523,0.19379264802993618,0.36533788245652654,0.20595641646489105,0.33919436495707683,0.2007572088928021,0.3457473035439137,0.16860004402377285,0.06252256218357913,0.13519040281752145,-0.4003037640325776,-0.2733414043583535,-0.21322033898305084,0.022436715826546334,-0.08455205811138014,-0.04697336561743341,-0.0802113141096192,0.0812062513757429,0.030814439797490645,-0.13690732995817742,-0.2711666299801893,0.15997578692493947,0.09994937266123707,-0.0961633281972265,-0.04842835130970724,-0.493449262601805,-0.17108958837772398,-0.22136253576931544,-0.10976227162667841,-0.23377503852080123,0.08582874752366278,-0.33847457627118643,-0.3948206031256879,-0.4923530706581554,-0.41423728813559324,-0.14432313449262602,-0.1682192383887299,-0.2670151882016289,-0.4275280651551838,-0.3572132951793969,-0.46722650231124807,-0.10593660576711424,-0.1214307726172133,-0.168069557561083,-0.19428351309707242
#50,0.06482060312568787,0.34118864186660797,-0.08949592780101255,-0.07911512216596962,0.11555800132071319,-0.07842835130970724,0.4209355051727933,0.5293264362755888,1.0,0.15778560422628218,0.4264869029275809,0.1278582434514638,0.0311534228483381,0.22777679947171472,0.272293638564825,0.16560862865947612,-0.11324455205811138,0.010887079022672243,0.04759630200308167,0.03101915034118424,0.41503411842394894,0.033442659035879375,-0.02811138014527845,-0.05045124367158266,-0.19193264362755888,-0.05154083204930662,-0.25473695795729695,-0.41925159586176536,0.13791327316751045,-0.2942064714946071,-0.12650231124807396,-0.0175676865507374,-0.3299207572088928,-0.19579352850539292,-0.0648778340303764,-0.07769535549196566,0.04740479859123927,0.0587211093990755,-0.04699757869249395,-0.06866607968302883,-0.09303764032577592,-0.03567026194144838,0.11398415144177856,0.057497248514197664,-0.003418445960818842,0.03131631080783623,-0.36045124367158266,-0.42078142196786267,-0.25710323574730354,0.052106537530266346,-0.1803477878054149,-0.22486902927580893,-0.2145828747523663,-0.1420845256438477,0.030931102795509577,-0.010596522121945852,-0.03359013867488444,-0.21342504952674443,-0.007321153422848338,-0.11836671802773498,-0.03150341184239489,-0.3102839533348008,0.09639665419326436,-0.23701518820162887,-0.07798811358133392,0.07490865067136254,0.10938366718027735,0.411452784503632,0.1820184899845917,-0.11030596522121947,0.09297160466651992,-0.1383711204050187,0.015454545454545455,0.09884877834030377,-0.07459388069557561,-0.09394673123486683,-0.3124939467312349,-0.2972044904248294,-0.1084503631961259,-0.023871890821043365,-0.12372881355932204,-0.05756328417345367,-0.10046665199207572,0.054532247413603345,-0.036883116883116886,-0.04138014527845036,-0.07015408320493066,0.09941008144397975,-0.12573189522342065,-0.10722430112260621,-0.14902047105436936,-0.06277129650011005,-0.04397534668721109,0.012610609729253796,0.12350649350649351,-0.0754061193044244,0.04223200528285274,-0.330363196125908,-0.2837046004842615,-0.39177635923398635,-0.41155403918115785,-0.2608364516839093,-0.1250363196125908,-0.1551683909311028,-0.3964208672683249,-0.3593022232005283,-0.4633281972265023,-0.1223728813559322,-0.06932423508694695,-0.027882456526524324,0.05727052608408541
#51,0.4729605987233106,0.49433414043583535,0.6703279771076381,0.645100154083205,0.003931322914373762,0.2108122386088488,0.44524323134492627,0.34900946511116004,0.15778560422628218,1.0,0.14698437156064276,-0.12819722650231125,0.21890380805635043,-0.08983050847457627,-0.031369139335241034,0.27604666519920756,0.5100242130750605,0.001190843055249835,0.3291679506933744,0.18663438256658596,0.1725511776359234,0.23577591899625797,0.4428813559322034,0.2450957517059212,0.37906889720449044,0.10178296279991195,-0.2639863526304204,-0.26028175214615895,-0.09773057451023552,-0.06780101254677526,-0.0640545894783183,0.01968082764692934,-0.22837332159366058,-0.16582214395773717,-0.02943649570768215,-0.07853620955315871,-0.027398195025313668,-0.044972485141976666,0.10903367818622056,-0.052320052828527405,-0.002830728593440458,0.09311688311688311,-0.16019370460048427,-0.09626678406339423,-0.18749944970283952,-0.14545454545454545,-0.36979308826766455,-0.3860510675764913,-0.2699471714725952,-0.02097952894563064,-0.2702443319392472,-0.10914593880695575,-0.12815540391811578,0.08505833149900946,0.20801012546775258,0.2435989434294519,0.200693374422188,-0.14228263262161567,-0.3481642086726833,-0.2580343385428131,-0.324356152322254,-0.2824125027514858,-0.37282632621615674,0.02542593000220119,0.24209993396434074,0.13809377063614353,-0.26414483821263485,-0.20727492846136913,0.29351749944970285,0.07770195905789126,0.4492097732775699,0.3270812238608849,0.2491107197886859,0.2444640105657055,-0.16783403037640326,0.2229143737618314,-0.4270041822584196,-0.19301342725071538,0.04047325555800132,0.021521021351529827,-0.026330618534008365,-0.14081443979749064,0.24456306405458947,-0.06539731454985692,-0.12076161127008585,-0.21794629099713844,-0.2999185560202509,0.13748624257098832,-0.14020911292097732,-0.31057010785824346,0.2040347787805415,-0.251930442438917,-0.265511776359234,-0.33416244772176973,-0.28024213075060533,0.3210851860004402,0.2547721769755668,0.07985912392692053,-0.05099053488883997,-0.07627999119524544,-0.07317631521021352,0.3106339423288576,-0.100033017829628,0.016623376623376623,-0.1266453885097953,-0.1794783182918776,-0.1585031917235307,-0.3990160686770856,-0.37527184679727055,-0.24108958837772398,-0.2775214615892582
#52,0.13262821923838872,0.19503191723530708,-0.0028065155183799252,0.10026194144838213,0.02783843275368699,-0.00476337222099934,0.3493814659916355,0.2687167070217918,0.4264869029275809,0.14698437156064276,1.0,-0.12640325775918995,0.014928461369139336,0.31902267224301123,0.29954215276249174,0.20854501430772618,-0.04233766233766234,-0.03235086946951354,0.24589478318291877,0.19320713185119964,0.30036539731454986,0.19288575830948712,-0.008597842835130971,0.028472375082544573,0.0513977547875853,0.07101034558661677,-0.23473695795729693,-0.41301562843935724,0.12249394673123487,-0.11991195245432533,-0.28413603345806737,0.08152322254017169,-0.3193220338983051,-0.011844596081884217,0.07006823684789787,0.01597622716266784,0.2434206471494607,0.17248954435395114,0.1346599163548316,0.10678846577151661,-0.03595201408760731,0.11190843055249836,0.04968523002421307,0.05537970504072199,-0.18447501650891482,0.06581113801452784,-0.3294519040281752,-0.34668721109399075,-0.20861985472154965,0.10162887959498129,-0.1075610829848118,-0.27620735197006385,-0.20810037420206912,-0.07838872991415365,0.20869469513537312,-0.01746423068456967,0.052280431432973805,0.1025115562403698,-0.21816420867268324,-0.2410873871890821,-0.01718247853841074,-0.29186880915694474,0.033988553819062295,-0.2488994056790667,-0.15924279110719788,-0.08701078582434514,-0.09420427030596522,0.10341184239489325,0.20067576491305306,-0.008272066916134713,0.08198987453224742,0.10971824785384107,0.02656614571868809,0.11461369139335241,0.0008628659476117103,0.12937046004842614,-0.3370151882016289,-0.3139467312348668,-0.22762271626678407,0.24331939247193485,-0.17800572309046886,-0.17537970504072198,0.14804314329738058,-0.03537530266343826,-0.21794408980849658,-0.2388531807175875,-0.22483381025753907,-0.08578912612810918,0.03756548536209553,-0.3108298481179837,-0.1345146379044684,-0.082227602905569,-0.05452344265903588,-0.16104556460488664,-0.08114902047105436,0.07584855822143957,0.14022011886418667,-0.29401056570548095,-0.30287915474356153,-0.20626458287475236,-0.265593220338983,-0.08212194585075941,-0.12681267884657715,-0.1410411622276029,-0.3563086066475897,-0.34969183359013867,-0.38077041602465334,-0.08690072639225181,0.036332819722650234,0.032846136913933524,-0.07646929341844597
#53,0.1432313449262602,-0.08092670041822585,-0.23979969183359015,-0.021463790446841293,0.4313185119964781,-0.004052388289676425,-0.05200528285274048,0.23062513757429012,0.1278582434514638,-0.12819722650231125,-0.12640325775918995,1.0,0.2984591679506934,-0.12081664098613251,-0.11829407880255338,-0.170264142637024,-0.17303984151441779,-0.110066035659256,-0.07583314990094651,0.023981950253136694,-0.06788906009244992,-0.14133392031697117,-0.10037640325775919,-0.022007484041382346,-0.09448602245212415,-0.08013427250715387,-0.11975346687211094,-0.07172353070658155,0.021023552718467974,0.06812678846577151,-0.008710103455866168,-0.10536649790887079,-0.0692493946731235,0.04955315870570108,0.1483116883116883,0.1957737178076161,0.15005723090468853,0.18718247853841075,0.02325115562403698,0.013761831388950032,0.2596434074400176,0.0199603786044464,0.4841778560422628,-0.006099493726612371,0.23658375522782302,0.21209112920977327,-0.20392031697116442,-0.20705701078582434,-0.1579572969403478,-0.019024873431653093,-0.15367158265463352,0.022157164869029276,-0.13408320493066256,-0.2131587057010786,-0.1914836011446181,-0.18426590358793749,-0.1409355051727933,0.04512656834690733,-0.05633281972265023,-0.18594320933303984,0.41392471934844816,-0.003229143737618314,0.3734118423948932,0.1881069777679947,-0.1887277129650011,-0.11310807836231565,0.20300462249614792,0.07061853400836451,-0.10944750165089148,0.16607307946290997,-0.0950033017829628,-0.15966101694915255,-0.15210653753026634,-0.0937508254457407,0.26489544353951133,-0.21806295399515738,0.3009795289456306,-0.04868589038080563,0.1353532907770196,0.06821263482280432,0.1811138014527845,0.3195729694034779,-0.09445740699977988,0.4635615232225402,0.4868611049966982,0.34617433414043586,0.04544794188861986,0.34122165969623597,0.33105216817081223,0.4851595861765353,0.2595465551397755,0.06880475456746643,0.1398877393792648,-0.04284393572529166,-0.010920096852300241,-0.11924279110719789,0.009300022011886419,-0.18997798811358133,-0.24179396874312128,-0.17863306185340083,-0.1678912612810918,-0.0897754787585296,0.010248734316530927,-0.1566916134712745,-0.11828747523662778,-0.1729605987233106,-0.24829627999119525,0.3371626678406339,0.034723750825445744,-0.12941448382126347,-0.05950473255558001
#54,0.24025533788245654,-0.0150033017829628,0.2247589698437156,0.06962579793088268,0.2256944750165089,0.25364736957957296,0.3111424169051288,0.18358793748624258,0.0311534228483381,0.21890380805635043,0.014928461369139336,0.2984591679506934,1.0,-0.20547215496368038,-0.005342284833810258,-0.10600704380365397,0.16399735857362976,0.14191723530706582,0.15881576051067575,0.08499229583975347,-0.07442879154743562,-0.18657935285053928,0.03432093330398415,-0.32120184899845916,0.030217917675544794,-0.2937574290116663,-0.2565111160026414,-0.0814373761831389,0.06777679947171472,0.15844155844155844,-0.025758309487123047,0.03018930222320053,-0.08154963680387409,-0.23646489104116222,0.23340744001760952,0.07112480739599383,0.1026106097292538,-0.04899185560202509,-0.0287871450583315,-0.23293858683689192,0.33025533788245653,0.056801672903367816,0.28449262601804975,-0.29800572309046885,-0.08668500990534889,-0.2998371120405019,-0.21681267884657715,-0.10654633502091129,-0.23578252256218357,-0.051994276909531144,-0.10960158485582214,-0.09907550077041602,-0.2135659255998239,-0.2502025093550517,-0.05480299361655294,-0.04757869249394673,-0.26787585296059874,-0.28695135373101477,-0.04440677966101695,-0.016313009024873433,-0.13694254897644728,-0.06445300462249615,0.054199867928681485,0.004589478318291877,-0.025562403697996918,0.08719348448162008,0.0808628659476117,-0.09598283072859344,0.27047765793528505,0.1489786484701739,0.3528945630640546,0.3728439357252917,0.13745102355271846,0.2264736957957297,0.10226062073519701,-0.04915694475016509,-0.005885978428351309,-0.20609289016068677,-0.13641866607968303,-0.1712524763372221,0.22478978648470174,0.3405723090468853,0.3759762271626678,0.3636781862205591,0.3357495047325556,0.039522342064714944,-0.03623156504512437,0.18149900946511116,0.12555139775478757,0.13985031917235308,0.057162667840633945,0.13288575830948712,0.15484701738939027,-0.08124367158265464,-0.039526744441998676,0.056456086286594764,-0.1316949152542373,0.02450363196125908,0.005705480959718248,0.008855381906229363,0.022619414483821265,0.08083425049526745,0.285181598062954,-0.07808716707021791,-0.11611930442438917,-0.10755888179616993,-0.14945850759410081,-0.15876953554919657,-0.06771516618974247,-0.20186880915694475,-0.09717587497248514
#58,-0.08656834690732995,0.18469733656174334,-0.0662953995157385,-0.17091789566365836,-0.15776139115122165,0.0671648690292758,0.2781664098613251,0.12567906669601586,0.22777679947171472,-0.08983050847457627,0.31902267224301123,-0.12081664098613251,-0.20547215496368038,1.0,0.16716707021791768,0.25343825665859565,-0.22286594761171033,0.04850099053488884,-0.002392692053709003,0.28357032797710763,0.025291657495047325,0.03843055249834911,-0.2223002421307506,-0.1841800572309047,-0.12298261060972926,-0.1302773497688752,-0.1650627338762932,-0.15885758309487122,0.23498569227382787,-0.06584855822143958,-0.016423068456966762,0.06111380145278451,-0.11920096852300242,0.041589258199427694,0.08575390710983931,0.12398635263042043,0.12570548095971826,0.1572375082544574,-0.13521901826986574,-0.10606647589698437,-0.08165969623596742,0.01955756108298481,0.00031917235307065816,0.22056570548095972,-0.25102575390710985,-0.08956856702619415,0.0018798151001540831,-0.06169491525423729,0.08069997798811358,-0.015641646489104117,-0.012427911071978869,-0.27607087827426813,-0.1593198327096632,-0.25264802993616553,-0.06823904908650671,-0.1827096632181378,-0.010279550957517059,0.03420427030596522,-0.13311027955095753,-0.060160686770856266,-0.014952674444199869,-0.2918335901386749,0.005945410521681708,-0.12326436275588817,0.019005062733876293,0.2340479859123927,0.15280871670702179,0.2937442218798151,-0.01746423068456967,0.06933083865287255,0.020625137574290117,0.1541866607968303,0.12294519040281753,-0.07637904468412943,0.2646687211093991,0.22057230904688532,-0.011144618093770636,-0.12162447721769756,-0.19304204270305966,0.08957296940347788,-0.14093110279550958,-0.35477657935285056,-0.02520581113801453,-0.027842835130970724,0.10967202289236187,-0.12414483821263482,-0.1186484701738939,-0.18267224301122606,-0.048087167070217915,-0.09535769315430333,0.1528417345366498,-0.2680805635042923,-0.1938300682368479,-0.1989918556020251,-0.09302663438256659,-0.29080123266563945,-0.11251375742901167,-0.130363196125908,-0.24239709443099275,-0.037090028615452346,-0.07177635923398636,-0.19416244772176974,-0.04730794629099714,-0.0938168611049967,-0.12762931983270967,-0.16137134052388288,-0.19802333259960378,0.03592780101254678,0.08611930442438917,-0.0913185119964781,-0.1616024653312789
#101,-0.223053048646269,0.07361655293858684,-0.21821483601144617,-0.30029055690072637,-0.05866607968302884,-0.022073519700638346,0.3711512216596962,0.17312788906009244,0.272293638564825,-0.031369139335241034,0.29954215276249174,-0.11829407880255338,-0.005342284833810258,0.16716707021791768,1.0,0.39442659035879374,-0.33167730574510235,-0.053962139555359896,0.3670195905789126,0.15805635042923177,0.6575500770416025,0.2442460928901607,-0.007433414043583535,-0.043105877173673784,-0.20363416244772176,-0.053319392471934846,-0.4200528285274048,-0.4765463350209113,0.2100198106977768,-0.14949592780101253,-0.2575588817961699,0.13359454105216817,-0.5059123926920537,-0.11758309487123046,0.09352190182698657,0.0350363196125908,0.3150275148580233,0.24793308386528726,0.15687211093990755,-0.039865727492846136,0.06142196786264583,0.015080343385428132,0.022496147919876735,0.21833590138674885,-0.06873651771956857,0.10089808496588158,-0.4519348448162008,-0.43044684129429894,-0.37209773277569885,-0.026764252696456086,-0.4996874312128549,-0.5031807175874973,-0.5344265903587937,-0.32487563284173454,0.37192163768434955,0.06275808936825886,0.11231785163988554,0.0892295839753467,-0.0625709883337002,-0.037607307946290996,-0.016777459828307285,-0.2172243011226062,0.20281091789566366,0.006211754347347567,-0.3335527184679727,-0.10174114021571648,0.25804534448602245,0.2526018049746863,0.5577107638124588,0.20748624257098833,-0.015617433414043584,0.05399955976227162,0.1443781642086727,-0.1581752146158926,0.12832269425489765,-0.02215496368038741,-0.35277349768875194,-0.5337992515958617,0.09412062513757428,0.20442659035879374,-0.17249614791987675,-0.29751265683469075,-0.0837508254457407,0.0612062513757429,-0.03754567466431873,-0.3529143737618314,-0.3747545674664319,-0.2398151001540832,-0.18992956196346028,-0.3244309927360775,-0.17494166850099052,-0.24720889280211314,-0.15336781862205592,-0.31578032137354173,-0.10077041602465331,-0.2047721769755668,-0.04415584415584416,-0.5993528505392912,-0.3257164869029276,-0.538895003301783,-0.5321131410961919,-0.4983777239709443,-0.05775258639665419,-0.5081862205591019,-0.4485780321373542,-0.5984679727052609,-0.5997182478538411,-0.1177459828307286,-0.03793748624257099,-0.10802333259960378,-0.09058111380145278
#102,0.16329517939687432,0.3853422848338103,0.18182038300682368,0.03918556020250936,-0.2582236407660137,0.09962799911952454,0.3407572088928021,0.35083425049526745,0.16560862865947612,0.27604666519920756,0.20854501430772618,-0.170264142637024,-0.10600704380365397,0.25343825665859565,0.39442659035879374,1.0,-0.06084965881576051,0.008331499009465112,0.4649702839533348,0.5523376623376623,0.22015628439357252,0.6341668500990535,0.16543693594541053,0.2876931543033238,-0.039148139995597624,0.20591239269205372,-0.44073739819502533,-0.5445256438476778,0.05397974906449483,-0.04904248294078802,-0.30954215276249175,0.17254897644728154,-0.45093330398415143,-0.1859189962579793,-0.05958397534668721,0.019911952454325334,0.10678406339423288,0.22983711204050186,0.0961897424609289,0.04419326436275589,-0.06559322033898306,-0.02641206251375743,-0.15782742681047765,0.2711732335461149,-0.2996059872331059,0.14296940347787807,-0.3364538850979529,-0.4853202729473916,-0.3220999339643407,-0.23999119524543253,-0.38700858463570326,-0.3935747303543914,-0.4378912612810918,0.020596522121945852,0.22274047985912393,0.5095773717807616,0.12777459828307286,0.21977767994717148,-0.2074686330618534,-0.17884877834030377,-0.2382786704820603,-0.3445190402817521,-0.11101254677525864,0.13225841954655515,0.18275808936825885,0.05944089808496588,0.09125687871450583,-0.022513757429011665,0.5926964560862866,0.3635549196566146,0.41291657495047324,0.3860642747083425,0.5106911732335461,0.10574950473255558,0.04674003962139555,0.3472485141976667,-0.4762161567246313,-0.2020030816640986,-0.16775698877393794,0.3178912612810918,-0.23297820823244553,-0.26399955976227163,0.039790887079022674,-0.18060752806515518,-0.22364736957957296,-0.471221659696236,-0.5374400176095091,-0.018855381906229363,-0.053904908650671365,-0.2165661457186881,0.044358353510895884,-0.4477591899625798,-0.27048426150121063,-0.32991855602025094,-0.32760510675764914,-0.08378824565265243,0.3370636143517499,-0.1708518600044024,-0.22013427250715387,-0.3603103675985032,-0.2845608628659476,-0.028503191723530708,-0.26595641646489104,-0.09065595421527625,-0.30140876073079464,-0.3830574510235527,-0.3905216817081224,-0.29377944089808494,-0.01946070878274268,-0.18736517719568568,-0.32157825225621833
#201,0.34709663218137793,0.1276997578692494,0.672080123266564,0.4784239489324235,0.04842835130970724,0.2917895663658375,0.020321373541712526,-0.04806735637244112,-0.11324455205811138,0.5100242130750605,-0.04233766233766234,-0.17303984151441779,0.16399735857362976,-0.22286594761171033,-0.33167730574510235,-0.06084965881576051,1.0,0.33827426810477657,-0.011730134272507154,-0.24871670702179177,-0.2615298261060973,-0.1641668500990535,0.23845036319612592,0.054910851860004405,0.4460202509355052,0.04453885097952895,0.13611930442438916,0.1165529385868369,-0.10761611270085847,0.022053709002861546,0.2308628659476117,0.15000880475456746,0.21831388950033018,0.1036913933524103,-0.04795289456306406,-0.1274686330618534,-0.08911071978868589,-0.15707902267224302,0.019478318291877614,-0.018655073739819502,-0.10679727052608408,-0.05092890160686771,-0.27739819502531365,-0.3301298701298701,0.029108518600044025,-0.20654413383226944,0.05289236187541272,0.09683028835571209,0.03236847897864847,-0.1371648690292758,0.09100374202069117,0.04657495047325556,0.35235086946951355,0.11546995377503852,0.024994497028395332,0.041325115562403696,-0.14835791327316752,-0.31706361435174996,0.039531146819282416,0.03289016068677086,-0.3559938366718028,-0.1261038961038961,-0.3928417345366498,-0.10076601364736958,0.4972375082544574,0.11609509134932863,-0.39490424829407883,-0.32206031256878714,0.06244772176975567,-0.11545674664318732,0.4835593220338983,0.38442659035879373,-0.05140215716486903,0.1702377283733216,-0.3199493726612371,-0.04224521241470394,-0.10194364957076822,-0.04344265903587938,0.050378604446401055,-0.22841514417785605,0.110462249614792,0.14404798591239268,0.3283865287255118,-0.08861325115562403,-0.17726172132951795,-0.031976667400396216,0.03834030376403258,0.15849218578032137,-0.049729253797050406,-0.15836011446180936,0.03176535329077702,0.0837772397094431,-0.046977767994717146,0.029608188421747745,0.059346246973365616,0.6669007263922518,0.18308386528725512,0.5589412282632622,0.34341844596081883,0.41242130750605327,0.34871010345586617,0.6272088928021131,0.207838432753687,0.463647369579573,0.4359916354831609,0.2476007043803654,0.36602905569007266,-0.37121065375302664,-0.3314087607307946,-0.15232885758309486,-0.07694695135373102
