,#10,#11,#12,#13,#17,#18,#26,#49,#50,#51,#52,#53,#54,#58,#101,#102,#201,#202,#301,#302,#401,#402,#501,#502,#601,#602,#701,#702,#801,#802,#901,#902,#1001,#1002,#1101,#1102,#1201,#1202,#1301,#1302,#1401,#1402,#1501,#1502,#1601,#1602,#1701,#1702,#1801,#1802,#1901,#1902,#2001,#2002,#2101,#2102,#2201,#2202,#2301,#2302,#2401,#2402,#2501,#2502,#2601,#2602,#2701,#2702,#2801,#2802,#2901,#2902,#3001,#3002,#3101,#3102,#3201,#3202,#3301,#3302,#3401,#3402,#3455,#3501,#3502,#3601,#3602,#3701,#3702,#3801,#3802,#3901,#3902,#4001,#4002,#4101,#4102,#4201,#4202,#4301,#4302,#4401,#4402,#4501,#4502,#4601,#4602,#4701,#4702,#4801,#4802
#10,1.0,0.5035241030156284,0.5292802113141096,0.6077195685670262,0.028395333480079242,0.11757869249394673,0.016951353731014748,0.611221659696236,0.09177195685670261,0.45058991855602026,0.291468192824125,0.01176535329077702,-0.07653092670041822,-0.17331719128329298,0.34817741580453443,0.14871890821043363,0.40608628659476115,0.2657539071098393,0.10820603125687872,0.19028835571208452,0.406172132951794,0.38919876733436054,0.25581333920316973,0.14134272507153864,0.3539225181598063,0.19298701298701298,-0.18283072859344046,-0.19765793528505393,-0.13953554919656613,-0.133020030816641,-0.06902267224301123,-0.06785604226282192,0.05984371560642747,-0.27281091789566364,-0.2019106317411402,0.1835989434294519,-0.15897644728153204,-0.11556240369799692,0.28965441338322695,-0.08754567466431873,-0.24081443979749065,-0.2866696015848558,0.12305745102355271,-0.2060444640105657,0.1897292537970504,0.29246533127889063,-0.3560598723310588,-0.35638564825005503,-0.3067972705260841,0.0002465331278890601,-0.3068302883557121,-0.03537970504072199,-0.07190402817521462,0.25897424609289016,0.47618534008364516,0.10651771956856702,-0.004602685450143077,-0.0587607307946291,-0.24674664318732115,-0.10938586836891921,0.15593220338983052,0.037906669601584855,-0.16402377283733216,-0.1273233546114902,-0.20666079683028835,0.0636517719568567,-0.17542152762491744,-0.16376623376623375,0.09180497468633061,0.1882984811798371,0.2616024653312789,0.17471714725952014,0.4964538850979529,0.07130090248734317,0.3041712524763372,0.3866299801893022,-0.1037310147479639,-0.16393792648029937,-0.08955756108298481,0.1342306845696676,-0.0761171032357473,-0.19132951793968744,-0.017442218798151003,-0.08554259300022012,0.13578912612810917,-0.22700198106977768,-0.13000880475456747,-0.12844155844155844,-0.3446467092229804,-0.20844596081884217,0.09852740479859123,-0.32712744882236405,-0.009784283513097073,-0.22087607307946291,-0.08944089808496589,0.11058551617873652,0.07906449482720669,-0.060598723310587715,0.08185119964780982,0.06422187981510015,-0.03167730574510236,0.15252916574950473,-0.17632621615672464,0.20635923398635264,-0.015540391811578251,0.1687871450583315,-0.1490380805635043,0.22925819942769096,0.2591041162227603,0.12723310587717368,0.15975786924939467
#11,0.5035241030156284,1.0,0.3561501210653753,0.41298261060972924,0.15336781862205592,-0.00961038961038961,0.19877613911512215,0.2747413603345807,0.34050187101034557,0.5100616332819723,-0.011796169931763151,-0.051338322694254895,-0.12162227602905569,0.06660136473695796,0.3908122386088488,0.02592339863526304,0.12680607528065155,0.037508254457407,0.06893022232005283,0.14767554479418887,0.23512436715826546,0.1989588377723971,0.18418225841954655,0.2982588597842835,0.3834470614131631,0.3159916354831609,-0.08600264142637024,-0.0587805414924059,-0.1807175874972485,-0.04101254677525864,-0.09031476997578693,-0.02798151001540832,-0.017250715386308606,-0.20792427911071978,0.05428131190843055,0.11003521901826986,-0.18721549636803875,-0.06885097952894563,0.20160466651992076,0.015540391811578251,-0.17122386088487784,-0.17547655734096412,0.2300396213955536,-0.08766894122826326,0.18044904248294077,0.17487343165309266,-0.21532467532467534,-0.3108100374202069,-0.25062293638564825,-0.00939027074620295,-0.2049702839533348,0.015124367158265463,-0.07645608628659475,0.09986132511556241,0.27355712084525646,0.09722650231124808,-0.037946290997138456,0.051734536649790885,0.044508034338542814,0.18585516178736516,-0.03839753466872111,-0.06300462249614792,0.03481399955976227,0.12683248954435394,-0.07644948272066916,0.185511776359234,0.16171472595201408,-0.051263482280431434,0.14590799031476998,0.27192163768434957,0.3279506933744222,0.11541932643627559,0.20867268324895444,-0.0975016508914814,0.07555580013207132,0.18973585736297602,-0.14316751045564605,-0.147673343605547,0.10982170372000881,-0.03943209333039842,0.048879594981289895,-0.11414924058991856,0.32256658595641646,0.023059652212194585,0.07050627338762933,-0.404125027514858,-0.19369359454105217,0.01199207572088928,0.09244331939247194,-0.23365617433414043,0.061483601144618094,-0.17213955535989434,0.11865067136253576,-0.17902707462029496,0.06438476777459828,0.08545894783182918,0.151930442438917,0.08465111160026415,-0.10950913493286375,-0.0412128549416685,-0.2476469293418446,-0.14665639445300463,-0.35121505613031034,0.12384767774598283,-0.1897490644948272,0.11563504292317851,-0.05710763812458728,0.09975786924939467,0.20283733215936606,-0.039625797930882674,0.21301562843935726
#12,0.5292802113141096,0.3561501210653753,1.0,0.40902047105436934,0.20070658155403917,0.04391371340523883,0.07247633722209994,0.2166519920757209,0.11051948051948052,0.41727492846136915,0.26091349328637464,0.08662337662337663,0.05138234646709223,0.11153642967202289,0.2813911512216597,0.1699273607748184,0.37573629760070437,0.45529605987233107,-0.011384547655734096,0.15525203609949373,0.32998459167950694,0.3117147259520141,0.376304204270306,0.392062513757429,0.35011446180937705,0.3494100814439797,-0.06322474136033458,-0.07572309046885319,-0.05684349548756328,-0.08092449922958397,0.0211402157164869,-0.023345806735637246,0.12000440237728373,-0.08063394232885758,-0.1780893682588598,0.0901452784503632,-0.14447941888619856,-0.11364736957957297,0.4942130750605327,0.22531807175874974,-0.12006823684789787,-0.2336649790887079,0.015186000440237728,-0.028443759630200308,0.2080871670702179,0.4541470394012767,-0.24299801893022233,-0.28406559542152765,-0.3301848998459168,0.024014968082764692,-0.17402157164869028,0.16804974686330618,0.032328857583094874,0.42668721109399077,0.35071538630860666,0.144983491085186,-0.24398195025313668,-0.08591019150341184,-0.18029495927801012,-0.021934844816200748,-0.06517059211974466,-0.04892141756548536,-0.21646268985252037,-0.1420559101915034,-0.10127008584635704,0.1870922298040942,0.01673783843275369,-0.05697116442879155,-0.04170592119744662,0.14534448602245212,0.3202839533348008,-0.03519700638344706,0.20372881355932204,0.15431212854941667,0.013422848338102575,0.1373629760070438,-0.21644287915474356,-0.25607528065155183,0.1247721769755668,0.09942108738718908,0.0936517719568567,-0.06050847457627118,0.036279991195245435,0.10788245652652433,0.21408320493066255,-0.22651551837992515,-0.042364076601364736,-0.1464472815320273,-0.046088487783403034,-0.12248294078802553,0.38286594761171033,-0.15458507594100815,0.06060972925379705,-0.17199427690953115,-0.0019326436275588818,0.1991833590138675,0.16860444640105657,0.17117763592339863,0.2451221659696236,-0.06651771956856703,0.06594100814439798,0.2232115342284834,-0.12229583975346688,0.3459938366718028,0.02643187321153423,0.08484041382346467,0.035558001320713184,0.041021351529826104,0.13259960378604446,-0.16002201188641865,0.05256218357913273
#13,0.6077195685670262,0.41298261060972924,0.40902047105436934,1.0,0.0934998899405679,0.2812436715826546,-0.034787585296059874,0.3208364516839093,-0.005293858683689192,0.4706317411402157,0.08636583755227822,0.10244992295839754,0.013385428131190842,-0.22339863526304204,0.20631300902487343,0.06090688972044904,0.4062337662337662,0.0025269645608628657,-0.023130090248734317,0.09807175874972485,0.23579132731675104,0.22346907329958177,0.13132951793968742,0.1799867928681488,0.36114241690512877,0.19420206911732335,-0.15153422848338102,-0.1086088487783403,-0.2827602905569007,-0.010453444860224521,-0.10478978648470173,0.06749064494827206,0.03712304644508034,-0.25189522342064713,-0.1626766453885098,0.09198106977767995,-0.12826986572749285,-0.28575390710983933,0.28551397754787583,-0.06791107197886859,-0.2654699537750385,-0.24737178076161126,-0.024897644728153204,-0.2573035439137134,0.21504732555580014,0.3085296059872331,-0.26844816200748406,-0.3192758089368259,-0.3629848117983711,-0.019786484701738938,-0.2933303984151442,-0.1508958837772397,-0.09024433193924719,0.170759410081444,0.19848778340303763,-0.05715826546335021,0.0312920977327757,0.11460928901606868,0.0752014087607308,0.21704380365397313,0.15248073959938366,0.05399955976227162,-0.17642967202289236,-0.1636187541272287,-0.1924983491085186,0.021769755668060754,-0.011016949152542373,-0.12244992295839753,-0.05086286594761171,0.08255998239049087,0.1213977547875853,0.046913933524103016,0.20183799251595863,0.00512656834690733,0.09735197006383448,0.19760510675764914,-0.06563944530046224,-0.06626458287475237,-0.21532467532467534,-0.11210873871890821,-0.03486682808716707,-0.2799889940567907,0.09900286154523442,-0.06494827206691614,0.09659476117103236,-0.12649130530486463,-0.08707902267224302,-0.23424829407880254,-0.33890160686770854,-0.17169051287695355,-0.09012326656394452,-0.1135725291657495,0.05832709663218138,-0.0487607307946291,0.16340964120625137,-0.14475236627779,0.12874532247413603,0.04223420647149461,-0.005238828967642527,-0.08117103235747304,-0.1404226282192384,-0.04834910851860005,-0.08024873431653093,0.06879815100154084,-0.16080563504292317,0.08379484921857804,-0.17086286594761171,0.2625357693154303,0.2937442218798151,0.1872969403477878,0.2332027294739159
#17,0.028395333480079242,0.15336781862205592,0.20070658155403917,0.0934998899405679,1.0,0.35801893022232006,0.3100044023772837,0.13134932863746424,0.3038718908210434,0.10529165749504732,0.04330178296279991,0.5487805414924058,0.23611490204710545,0.10810037420206911,0.1657164869029276,0.1774356152322254,0.004186660796830288,0.28023332599603784,0.06276469293418446,-0.011056570548095971,0.1335791327316751,-0.0984767774598283,-0.023436055469953775,0.10313009024873432,0.04815320272947392,-0.06768434954875632,-0.3839665419326436,-0.45642526964560864,0.19830288355712083,0.3529143737618314,0.22629319832709663,-0.053273167510455646,0.20828747523662777,0.1343253356812679,0.32196125907990314,0.31136253576931544,0.33138234646709225,0.17288135593220338,0.04230464450803434,-0.04686110499669822,0.34896103896103897,0.10173893902707462,0.287343165309267,0.19928681488003522,-0.2603279771076381,0.034965881576051065,-0.356187541272287,-0.3762095531587057,-0.24949152542372882,-0.3039335241030156,-0.22957737178076162,-0.31324895443539513,-0.16441118203830069,-0.2088928021131411,0.08315210213515298,0.2429143737618314,-0.3080475456746643,-0.2860510675764913,-0.3150363196125908,-0.1894981289896544,0.07184019370460049,-0.11914373761831389,0.48483601144618094,0.18434514637904467,-0.07926700418225842,0.09507153863086067,0.3677239709443099,0.11794188861985472,0.36382566585956416,0.34542813119084304,0.30767114241690513,0.12577812018489984,0.2840171692714066,0.08486022452124146,0.1961897424609289,-0.04301562843935725,0.01728593440457847,-0.258597842835131,0.1328483381025754,0.32830288355712084,0.25920537090028617,0.48777900066035657,0.2572661237068017,0.4031124807395994,0.458234646709223,0.027743781642086726,-0.17666299801893023,0.15331058771736739,0.2897182478538411,0.3400198106977768,0.2716464891041162,-0.06244992295839753,0.016770856262381686,-0.2482390490865067,-0.17654853620955316,0.023995157384987892,0.015648250055029716,0.03169931763152102,-0.29311908430552497,0.17749724851419765,-0.11438696896324015,0.15095751705921198,-0.16805855161787364,0.1762557781201849,-0.06659255998239048,0.18459167950693375,0.17813559322033898,0.00037200088047545675,0.13904688531807177,-0.1197886858903808,-0.01389390270746203
#18,0.11757869249394673,-0.00961038961038961,0.04391371340523883,0.2812436715826546,0.35801893022232006,1.0,0.03768434954875633,0.2577261721329518,-0.01594541052168171,0.13687651331719128,-0.20600044023772837,0.38444419986792866,0.41867928681488004,-0.09290997138454765,0.23478758529605986,0.15360334580673562,0.017880255337882456,0.24839313229143736,-0.06654853620955316,0.012645828747523662,0.11321593660576712,0.16344926260180498,0.24088487783403037,0.05640325775918996,0.20485582214395773,-0.02918335901386749,-0.46778120184899846,-0.4371846797270526,0.3509751265683469,0.10084965881576051,0.25369579572969403,0.07826766453885098,0.12136693814659916,-0.20739599383667182,0.17659476117103234,-0.04542372881355932,0.2119898745322474,-0.0050979528945630645,0.0436649790887079,0.0376007043803654,0.1125379705040722,-0.02837772397094431,0.3643363416244772,0.2236451683909311,-0.026883116883116884,0.13689192163768435,-0.43671802773497687,-0.3248294078802553,-0.24256658595641648,-0.1128615452344266,-0.315313669381466,-0.2784943869689632,-0.18586176535329077,0.07910631741140216,0.2203169711644288,0.013797050407219898,-0.11650451243671582,-0.040611930442438916,-0.23565265243231345,-0.01301782962799912,0.09693374422187981,-0.06247413603345807,0.23025313669381467,0.1633744221879815,-0.28537530266343825,-0.1599801893022232,0.22625797930882677,0.059489324235086946,0.08522562183579133,0.10158045344486022,0.0914439797490645,0.05012766894122826,0.2847039401276689,0.06106537530266344,0.26822143957737177,0.14946511116002642,-0.04808936825885978,-0.08107197886858904,0.22521901826986573,0.4554061193044244,0.3120757208892802,0.3458881796169932,0.20792427911071978,0.4298283072859344,0.3620162887959498,0.05595861765353291,-0.07691833590138675,0.02483381025753907,0.04807836231565045,0.16075060532687652,0.12585075941008145,0.07535549196566145,0.09538190622936385,-0.13263922518159807,-0.07067796610169491,-0.013341404358353511,0.04162007484041382,-0.1969293418445961,-0.4887189082104336,-0.019720449042482942,-0.25729694034778783,-0.012187981510015409,-0.20683689192163768,0.044318732115342284,-0.2930728593440458,0.11415364296720229,-0.15748404138234648,0.07632401496808276,0.1368016729033678,-0.008126788465771516,-0.0438895003301783
#26,0.016951353731014748,0.19877613911512215,0.07247633722209994,-0.034787585296059874,0.3100044023772837,0.03768434954875633,1.0,0.05076161127008585,0.18401716927140657,0.12018049746863306,0.11576931543033238,0.15444199867928682,0.22087167070217917,0.3018247853841074,0.06318511996478098,0.09586176535329077,-0.08859123926920537,0.1947721769755668,-0.15954655513977548,-0.18723090468853182,0.0036803874092009685,-0.14411842394893243,0.15099713845476556,0.05061633281972265,-0.08845476557340964,-0.027655734096412064,-0.11727933083865287,-0.30500770416024653,0.2287607307946291,0.21480299361655295,0.13053268765133172,0.07295179396874311,0.067211093990755,-0.21376183138895002,-0.026361435174994497,0.09551177635923398,-0.15926040061633281,0.010990534888839974,0.09786924939467312,0.2252344265903588,0.23541052168170812,0.1729253797050407,0.15075280651551837,0.025304864626898526,0.23088707902267225,0.05418666079683029,-0.1861897424609289,-0.28459828307285934,0.007208892802113141,-0.049918556020250936,-0.11823904908650672,-0.10435615232225402,0.08737838432753688,0.012271626678406339,0.010178296279991195,-0.007790006603565926,0.15035659255998238,-0.26061853400836454,0.03088928021131411,-0.004074400176095091,0.05749944970283953,0.005720889280211314,0.23293858683689192,0.20484701738939026,-0.03484701738939027,-0.05293198327096632,0.3695311468192824,0.6186176535329078,0.07977327756988774,0.09997578692493947,0.2513779440898085,0.038952234206471495,0.14480739599383669,-0.09209553158705701,0.1027492846136914,0.22625797930882677,-0.020248734316530927,-0.013508694695135373,0.027774598283072858,0.05415364296720229,0.21274488223640767,0.2563350209112921,0.0676535329077702,0.1577701959057891,0.20363636363636364,-0.04195245432533568,0.09018930222320053,0.31938366718027733,0.37854721549636805,-0.031397754787585296,0.20764032577591898,0.23811578252256219,0.056363636363636366,-0.008778340303764032,-0.05519480519480519,0.12174774378164209,-0.16716266784063394,-0.08020911292097732,-0.23087387189082104,0.2290380805635043,-0.09243451463790447,0.09376623376623376,-0.05873871890821043,0.1276205150781422,-0.11946070878274268,0.015020911292097733,-0.05658155403918116,-0.009982390490865066,0.0810345586616773,-0.184719348448162,-0.12855381906229363
#49,0.611221659696236,0.2747413603345807,0.2166519920757209,0.3208364516839093,0.13134932863746424,0.2577261721329518,0.05076161127008585,1.0,0.07351529826106097,0.19484701738939028,0.29248073959938364,0.3346026854501431,0.12152762491745543,-0.1297556680607528,0.4373035439137134,0.0877327756988774,0.17640986132511557,0.16591899625797932,0.33772397094430995,0.2783711204050187,0.4321549636803874,0.2871604666519921,0.30467532467532465,-0.01436715826546335,0.18640545894783184,-0.004006163328197226,-0.3082610609729254,-0.3048206031256879,-0.057037200088047545,-0.08894342945190403,-0.0742130750605327,-0.0737442218798151,0.10405458947831829,-0.3806075280651552,-0.12382786704820603,0.17772176975566806,-0.04661677305745102,-0.05518600044023773,0.004248294078802554,-0.24442218798151003,-0.16062293638564826,-0.1287673343605547,0.30276029055690074,-0.06955095751705921,-0.07985912392692053,0.21463130090248733,-0.3871098393132291,-0.4127294739159146,-0.31285053929121726,-0.06987233105877173,-0.35954215276249174,-0.20309267004182258,-0.25712965001100596,0.04452784503631961,0.38281311908430554,0.043449262601804976,-0.11870570107858243,-0.12296940347787805,-0.5076997578692494,-0.30626678406339425,-0.0761897424609289,-0.30690732995817743,0.10090028615452344,-0.1061831388950033,-0.19659035879374862,-0.20854061193044243,-0.20157384987893462,-0.09350869469513537,0.20952674444199867,0.13867708562623818,0.07278230244331939,0.07569447501650892,0.6546268985252036,0.24172793308386528,0.43087387189082105,0.24791987673343605,-0.25930222320052826,-0.4381598062953995,0.06813119084305524,0.24732555580013207,-0.06306405458947832,-0.01667180277349769,-0.01608848778340304,0.21920757208892802,0.2820977327756989,-0.053904908650671365,-0.45917895663658376,-0.09496588157605107,-0.2796324014968083,-0.0025687871450583316,-0.0287409200968523,-0.31693814659916353,-0.2425841954655514,-0.5311424169051288,-0.3052982610609729,0.022456526524323134,0.036407660136473695,-0.3675676865507374,-0.19060752806515519,-0.05904688531807176,-0.19146819282412503,0.13682148360114463,-0.20928461369139334,0.07694915254237288,-0.03955756108298481,0.04572309046885318,-0.17963460268545015,-0.15546335020911292,0.034609289016068676,0.03850099053488884,-0.005610829848117983
#50,0.09177195685670261,0.34050187101034557,0.11051948051948052,-0.005293858683689192,0.3038718908210434,-0.01594541052168171,0.18401716927140657,0.07351529826106097,1.0,0.4341338322694255,0.1656504512436716,0.13202069117323353,-0.14729473915914593,0.4072397094430993,0.3221571648690293,0.019068897204490426,0.0952608408540612,0.06840854061193044,0.13963240149680828,-0.16884437596302004,0.2177988113581334,-0.14185119964780982,0.2645168390931103,0.23402597402597403,0.06456746643187321,-0.06844155844155844,-0.02145938806955756,-0.1402905569007264,-0.09217697556680607,-0.15832929782082325,-0.18060972925379706,-0.3146687211093991,-0.1050957517059212,-0.13389830508474576,0.004730354391371341,0.10979308826766454,0.060024213075060534,-0.07405899185560202,0.09310147479639005,-0.16090468853180717,0.2840788025533788,-0.09957076821483601,0.07779661016949152,-0.16913933524103017,-0.0017983711204050186,-0.06398195025313669,-0.08001760950913493,-0.14604226282192384,0.08343605546995378,0.04638564825005503,0.0064802993616552935,0.014970283953334801,0.0249702839533348,-0.0030838652872551176,0.2114571868809157,0.11430552498349109,-0.12451463790446841,-0.3085692273827867,0.001639885538190623,0.10328197226502311,-0.12674664318732115,-0.21329958177415806,-0.008076161127008584,0.05815980629539952,-0.11532467532467533,-0.1015364296720229,0.27289016068677086,-0.04443979749064495,0.3792295839753467,0.2661567246313009,0.31731454985692276,0.2412987012987013,0.09109399075500771,0.043662777900066035,-0.032436715826546336,-0.16549416685009904,-0.1959322033898305,-0.14819502531366938,0.1603433854281312,0.04012987012987013,-0.22966101694915253,0.013935725291657495,0.207310147479639,-0.030631741140215718,-0.04826546335020911,-0.3247545674664319,-0.23927580893682587,0.15907550077041602,0.1653070658155404,-0.07152542372881356,-0.26163328197226504,-0.1636055469953775,-0.04456306405458948,-0.15300902487343165,0.01574950473255558,0.05874532247413603,0.04744001760950913,-0.2548910411622276,-0.18495487563284174,0.10726612370680168,-0.10277349768875192,0.018142196786264584,-0.2076139115122166,0.08317851639885539,-0.07675764913053049,-0.0008232445520581114,-0.13579352850539292,-0.1411798371120405,0.0021351529826106096,0.09526524323134493,0.2298745322474136
#51,0.45058991855602026,0.5100616332819723,0.41727492846136915,0.4706317411402157,0.10529165749504732,0.13687651331719128,0.12018049746863306,0.19484701738939028,0.4341338322694255,1.0,0.11043803653973146,-0.13179616993176316,0.038923618754127226,0.19183799251595862,0.3048866387849439,0.07926040061633281,0.30844816200748404,-0.01909751265683469,0.10943869689632402,0.10586176535329078,0.2299405679066696,0.10786264582874752,0.2179903147699758,0.29102575390710983,0.2370988333700198,0.08625797930882677,-0.17122386088487784,-0.0363350209112921,-0.27538850979528945,-0.368910411622276,-0.2364869029275809,-0.30178296279991196,-0.21531146819282412,-0.1962557781201849,-0.14313449262601805,0.19050187101034557,-0.11066916134712745,-0.06124367158265463,0.0972903367818622,-0.036814880035219016,-0.17821043363416245,-0.19712744882236408,-0.11408540611930443,-0.1810345586616773,0.2999603786044464,0.2563482280431433,-0.11062073519700638,-0.24943429451904028,-0.10680167290336783,0.0012260620735197007,-0.11887739379264803,0.0287871450583315,-0.07065815540391812,0.2486814880035219,0.144224081003742,-0.00011886418666079682,-0.03643187321153423,0.0887607307946291,0.06463130090248734,0.23917235307065815,-0.046088487783403034,-0.10224521241470394,-0.17755007704160247,-0.04852740479859124,-0.16851199647809817,0.03007704160246533,-0.006352630420427031,-0.10034558661677306,0.17515078142196785,0.33872551177635923,0.21335241030156285,0.11724411182038301,0.11429231785163989,0.10676645388509795,0.046674003962139554,0.07660576711424169,-0.1592295839753467,-0.10072859344045784,0.05093990755007704,-0.1662227602905569,-0.2685186000440238,-0.20602025093550516,0.21634382566585955,-0.1868412942989214,0.026817081223860884,-0.3688399735857363,-0.11593000220118864,-0.21086726832489544,-0.07927140655954215,-0.30558661677305743,-0.054342945190402815,-0.06673343605546996,0.2592758089368259,-0.07907329958177416,0.09635923398635263,-0.11607528065155184,0.08176535329077703,-0.22323354611490204,0.01214836011446181,-0.004318732115342285,-0.10902927580893683,-0.12522342064714945,-0.1732291437376183,-0.194389170151882,-0.37922518159806295,-0.22950913493286373,-0.24976007043803655,0.08725511776359234,0.1675941008144398,0.0777525863966542,0.31276029055690074
#52,0.291468192824125,-0.011796169931763151,0.26091349328637464,0.08636583755227822,0.04330178296279991,-0.20600044023772837,0.11576931543033238,0.29248073959938364,0.1656504512436716,0.11043803653973146,1.0,0.17294519040281753,-0.19786924939467312,0.04946070878274268,0.18516398855381908,0.0051067576491305305,0.19885758309487123,0.19010565705480958,0.1335461149020471,-0.05366277790006604,0.19223200528285275,-0.044983491085186,0.12044464010565706,-0.010625137574290117,0.019432093330398414,-0.23412502751485803,-0.04893022232005283,-0.1312722870349989,-0.055071538630860666,-0.09932203389830509,-0.20230904688531806,-0.18104996698217038,-0.09088267664538852,-0.14753246753246754,-0.1799405679066696,0.029808496588157606,-0.0791173233546115,-0.002419106317411402,0.06473915914593881,-0.13643847677745982,0.22044904248294078,-0.07907770195905789,-0.21474796390050627,-0.18176535329077703,-0.02473695795729694,-0.09857362976007043,-0.15261941448382127,-0.17681047765793528,-0.04297820823244552,-0.03446401056570548,0.07979749064494827,0.07340303764032578,0.006057671142416905,0.015445740699977988,0.10526524323134492,0.032333259960378606,-0.1414703940127669,-0.3398943429451904,-0.4081069777679947,-0.3218908210433634,-0.03719568567026194,-0.13647369579572968,-0.12548095971824785,-0.16573629760070438,0.017712965001100596,-0.12803874092009684,-0.17985912392692055,0.031358133392031695,0.15271186440677967,0.20991195245432534,0.2388729914153643,0.1480893682588598,0.3034778780541492,0.19478978648470174,0.19025313669381466,0.2056548536209553,-0.08771516618974246,-0.10923618754127229,0.08279110719788686,0.06534228483381026,-0.16300462249614792,-0.028716707021791767,-0.33971164428791545,0.05110939907550077,0.11540611930442439,0.04566365837552278,-0.13640325775918996,0.044455205811138016,-0.03815760510675765,-0.013585736297600704,-0.08911732335461149,-0.18583314990094651,-0.26285053929121727,-0.3234888839973586,-0.3336033458067356,0.19524983491085185,-0.14705701078582434,-0.060944309927360774,0.06068677085626238,0.16194805194805195,0.12925819942769096,0.23497468633061852,0.013083865287255117,0.20113141096191944,0.04737178076161127,-0.1047919876733436,-0.19681488003521902,-0.05092229804094211,-0.14540171692714066,-0.0563548316090689,-0.209933964340744
#53,0.01176535329077702,-0.051338322694254895,0.08662337662337663,0.10244992295839754,0.5487805414924058,0.38444419986792866,0.15444199867928682,0.3346026854501431,0.13202069117323353,-0.13179616993176316,0.17294519040281753,1.0,0.2575588817961699,0.07189962579793088,0.2651661897424609,0.05833149900946511,-0.11394012766894122,0.18795289456306405,0.09091129209773277,-0.03308386528725512,0.21323794849218577,-0.05798151001540832,0.15992956196346028,0.02948712304644508,-0.03937706361435175,-0.14191503411842396,-0.3388135593220339,-0.411930442438917,0.16278450363196126,0.21234866828087168,0.17389390270746202,-0.025322474136033456,0.18023992956196347,0.06335461149020472,0.1514836011446181,0.07648029936165529,0.2211138014527845,-0.023563724411182038,0.10007704160246533,0.03049306625577812,0.32343825665859566,0.0911138014527845,0.32661457186880916,0.13361435174994496,-0.20349988994056792,0.00149900946511116,-0.43004842615012107,-0.38027955095751703,-0.2835064935064935,-0.26635042923178515,-0.35333259960378605,-0.3467906669601585,-0.18876513317191285,-0.051899625797930886,0.19422848338102575,0.050464450803433855,-0.22482060312568788,-0.3360202509355052,-0.47530926700418225,-0.3438432753686991,-0.11936165529385868,-0.3962425709883337,0.25894783182918774,0.15326876513317192,-0.1309817301342725,0.07314109619194364,0.19968523002421307,0.10099493726612371,0.1969821703720009,0.006066475896984371,0.11181818181818182,0.03852960598723311,0.41917235307065814,0.2375478758529606,0.3312150561303104,0.0871912832929782,-0.18244111820383008,-0.35797710763812457,0.09680387409200969,0.17501210653753027,0.28172573189522343,0.3322298040942109,-0.055214615892581996,0.6026612370680168,0.43116883116883115,0.12977327756988774,-0.31667620515078143,0.06759630200308167,0.1981620074840414,0.4163922518159806,0.10927580893682588,-0.08976227162667841,-0.10703279771076381,-0.477376183138895,-0.2339489324235087,0.24048206031256877,0.036297600704380366,-0.1815496368038741,-0.42768434954875634,-0.036940347787805417,-0.16725952014087608,0.08962359674224081,-0.17302663438256657,0.12045784723750826,-0.14981069777679948,0.0938696896324015,0.014851419766674003,-0.30073519700638346,0.001981069777679947,-0.15456526524323133,-0.20817301342725072
#54,-0.07653092670041822,-0.12162227602905569,0.05138234646709223,0.013385428131190842,0.23611490204710545,0.41867928681488004,0.22087167070217917,0.12152762491745543,-0.14729473915914593,0.038923618754127226,-0.19786924939467312,0.2575588817961699,1.0,0.22598723310587718,-0.10525203609949373,0.046363636363636364,-0.06957076821483602,0.31257979308826767,-0.227409200968523,-0.023955535989434295,-0.18938366718027735,-0.020268545014307728,0.07048866387849438,-0.06425049526744442,-0.03827646929341844,-0.1189654413383227,-0.23770856262381687,-0.1989786484701739,0.5081928241250275,0.21570988333700197,0.5374554259300022,0.2047457627118644,0.21044464010565705,0.0005480959718247854,0.11451683909311028,0.10273387629319833,0.09582654633502091,0.19471494607087828,-0.08399075500770416,0.026088487783403037,-0.07463570327977108,0.19731234866828087,0.20802113141096193,0.3857406999779881,0.04236187541272287,0.2599801893022232,-0.1699603786044464,-0.08746423068456967,-0.026284393572529166,-0.08589478318291878,-0.2262557781201849,-0.12303764032577592,-0.22244772176975566,0.07405458947831829,-0.17028615452344265,-0.16855822143957738,-0.012036099493726613,0.0549900946511116,-0.07494827206691614,-0.09157164869029276,0.08913493286374642,0.007528065155183799,0.2668699097512657,0.23007484041382348,-0.3587607307946291,-0.1918842174774378,0.15149240589918556,0.3053070658155404,-0.16749284613691393,-0.0412326656394453,-0.3118710103455866,-0.20994276909531145,0.19922518159806296,-0.11149240589918556,0.1489918556020251,0.021906229363856482,0.06701298701298701,-0.04846797270526084,0.26330618534008365,0.12439797490644948,0.532656834690733,0.47583094871230464,0.13081443979749063,0.315676865507374,0.46548756328417346,0.3074554259300022,0.20250715386308607,0.18224521241470393,0.1261171032357473,0.12081223860884878,0.2633700198106978,0.451683909311028,0.2943429451904028,0.20373321593660576,-0.009515738498789346,-0.0550759410081444,-0.20474796390050629,-0.10920096852300241,-0.10593000220118864,0.10768655073739819,-0.08348228043143298,0.1488994056790667,-0.13597622716266783,0.16105216817081225,-0.18885097952894564,0.10463130090248735,0.1011402157164869,-0.018366718027734978,0.0715364296720229,-0.07005502971604667,-0.07196346026854501
#58,-0.17331719128329298,0.06660136473695796,0.11153642967202289,-0.22339863526304204,0.10810037420206911,-0.09290997138454765,0.3018247853841074,-0.1297556680607528,0.4072397094430993,0.19183799251595862,0.04946070878274268,0.07189962579793088,0.22598723310587718,1.0,0.16199867928681488,-0.013482280431432974,-0.16709443099273608,0.15092449922958398,-0.052302443319392475,-0.13353951133612152,-0.02205150781421968,-0.13227162667840633,0.3181267884657715,0.36878934624697335,0.05725291657495047,0.14275808936825887,0.14250935505172793,0.14454765573409642,0.003869689632401497,-0.13491305304864626,-0.07988113581333921,-0.05653973145498569,0.03913933524103016,0.1224785384107418,-0.06605326876513318,0.005993836671802774,-0.0911071978868589,0.0961633281972265,0.24457847237508254,0.26892802113141095,0.04835351089588378,-0.07027734976887519,-0.05483381025753907,0.08334360554699538,0.2860598723310588,0.1640193704600484,0.08973585736297601,-0.02563944530046225,0.2014175654853621,0.14735857362976007,0.19705921197446621,0.1726172132951794,0.161699317631521,0.2727272727272727,-0.030033017829628,0.0032357473035439137,-0.16107197886858904,-0.1718666079683029,0.038027734976887516,0.0313383226942549,-0.2768897204490425,-0.11981730134272507,0.04663658375522782,0.1618798151001541,0.01563944530046225,0.08526524323134492,0.4480871670702179,0.2692273827867048,0.048976447281532026,0.06711424169051287,0.07625137574290117,-0.03473255558001321,-0.09550077041602466,-0.06718027734976888,-0.20262601804974686,-0.16269205370900286,-0.10303984151441778,-0.06317631521021351,0.08824125027514858,-0.06473695795729693,0.011569447501650891,0.07946290997138455,0.16007043803653973,0.08180277349768875,0.003975346687211094,-0.18083425049526744,0.054025974025974026,0.11297160466651993,0.28551397754787583,-0.08627779000660357,0.1148250055029716,0.07138014527845037,0.2283248954435395,0.004202069117323354,-0.08534228483381026,-0.032689852520360996,0.06287475236627779,-0.03596962359674224,-0.03187761391151222,-0.016335020911292096,-0.05480299361655294,0.04160246533127889,-0.004408980849658815,0.07141316310807837,-0.014180057230904689,-0.0039731454985692275,0.138036539731455,-0.2524983491085186,-0.07622055910191504,-0.24426590358793748,0.012529165749504733
#101,0.34817741580453443,0.3908122386088488,0.2813911512216597,0.20631300902487343,0.1657164869029276,0.23478758529605986,0.06318511996478098,0.4373035439137134,0.3221571648690293,0.3048866387849439,0.18516398855381908,0.2651661897424609,-0.10525203609949373,0.16199867928681488,1.0,0.5027646929341845,-0.059788685890380805,0.20051727933083865,0.5705062733876293,0.4798128989654413,0.6281664098613251,0.4883733215936606,0.44462909971384545,0.383563724411182,0.28273387629319835,0.22799691833590138,-0.4436781862205591,-0.4153114681928241,-0.10149240589918557,-0.271038961038961,-0.26718908210433634,-0.2180497468633062,-0.11686110499669822,-0.4288333700198107,0.10047985912392692,0.142656834690733,0.08220118864186661,0.06274488223640766,0.24643627558881795,-0.1148051948051948,0.22221219458507593,-0.2920647149460709,0.3545278450363196,-0.19348448162007484,-0.026667400396213955,0.04286594761171032,-0.5448558221439578,-0.6415474356152322,-0.5318379925159586,-0.18872331058771738,-0.5202751485802333,-0.2868875192604006,-0.33642967202289237,0.18263482280431434,0.4492031697116443,0.4144243891701519,-0.3629716046665199,-0.12515958617653533,-0.4830552498349108,-0.1658199427690953,-0.33713625357693155,-0.524191063174114,0.07627779000660356,0.1503103675985032,-0.046966762051507814,0.05965001100594321,0.08528945630640546,-0.1571582654633502,0.4535461149020471,0.30864186660796833,0.5275280651551838,0.2907462029495928,0.468267664538851,0.07973145498569227,0.3686440677966102,0.23633281972265024,-0.35464450803433856,-0.5416134712744882,0.2814769975786925,0.4107990314769976,-0.11987233105877174,-0.012740479859123927,0.05328857583094871,0.3194408980849659,0.24718688091569446,-0.39018710103455867,-0.6370283953334801,-0.015767114241690514,-0.011104996698217037,0.07028175214615892,-0.06219238388729914,-0.4878142196786265,-0.10928021131410962,-0.6405018710103456,-0.2946401056570548,0.06763152102135153,0.2322738278670482,-0.31977547875852963,-0.44238168611049966,-0.3848206031256879,-0.4849438696896324,-0.12089808496588157,-0.3919194364957077,0.13657495047325555,-0.3234338542813119,-0.16207351970063835,-0.39697996918335904,-0.28508034338542815,0.020889280211314108,-0.20724851419766674,0.03590578912612811
#102,0.14871890821043363,0.02592339863526304,0.1699273607748184,0.06090688972044904,0.1774356152322254,0.15360334580673562,0.09586176535329077,0.0877327756988774,0.019068897204490426,0.07926040061633281,0.0051067576491305305,0.05833149900946511,0.046363636363636364,-0.013482280431432974,0.5027646929341845,1.0,-0.07945850759410081,0.30073079462909974,0.505874972485142,0.5754215276249175,0.26324455205811137,0.6050121065375302,0.2330464450803434,0.2276337222099934,0.09842835130970724,0.3100264142637024,-0.5116200748404138,-0.42289236187541274,0.08733436055469954,0.07289896544133832,-0.04583094871230464,-0.10950033017829627,0.08478978648470174,-0.24579132731675105,0.1684503631961259,0.26113141096191944,0.20077041602465331,0.2661831388950033,0.0883513097072419,-0.019465111160026416,0.346007043803654,0.027406999779881137,0.1863548316090689,0.047609509134932865,-0.20179837112040502,-0.03274488223640766,-0.40286594761171035,-0.5054369359454105,-0.4501452784503632,-0.3087277129650011,-0.4326018049746863,-0.3238542813119084,-0.31581333920316973,0.08598283072859345,0.11364736957957297,0.5727448822364076,-0.44282412502751484,-0.07749064494827207,-0.33400396213955535,-0.24919876733436055,-0.122623816861105,-0.28401056570548094,0.11920757208892802,0.0539027074620295,0.15130090248734315,0.0041008144397974905,0.05627999119524543,-0.12442438917015189,0.3041932643627559,0.4250033017829628,0.33551617873651773,0.44853841074180056,0.14908210433634161,-0.05154743561523223,0.1697622716266784,0.06401276689412283,-0.18302223200528286,-0.3997930882676645,0.0600396213955536,0.4820823244552058,-0.09651992075720889,0.0400396213955536,-0.015615232225401716,0.1968016729033678,0.3005062733876293,-0.08470614131631081,-0.2686550737398195,-0.04601584855822144,0.10430992736077482,-0.0024851419766674003,0.07014087607307946,-0.23043143297380586,-0.07871230464450804,-0.27515958617653535,-0.24072859344045786,0.021679506933744222,0.34828307285934407,-0.14059432093330398,-0.2612987012987013,-0.2506779661016949,-0.3135725291657495,-0.06585516178736518,-0.1295003301782963,0.09626458287475237,-0.21249394673123487,-0.030066035659256,-0.1514241690512877,-0.11368038740920097,-0.03686330618534008,-0.1963680387409201,0.08280431432973806
#201,0.40608628659476115,0.12680607528065155,0.37573629760070437,0.4062337662337662,0.004186660796830288,0.017880255337882456,-0.08859123926920537,0.17640986132511557,0.0952608408540612,0.30844816200748404,0.19885758309487123,-0.11394012766894122,-0.06957076821483602,-0.16709443099273608,-0.059788685890380805,-0.07945850759410081,1.0,0.03002421307506053,-0.08648250055029716,-0.1257230904688532,0.0864604886638785,-0.02112920977327757,0.03594320933303984,0.02320052828527405,0.004481620074840414,-0.09831829187761391,0.0025797930882676644,-0.05865947611710324,-0.179735857362976,-0.16536429672022893,-0.10043803653973145,0.004001760950913493,-0.1765441338322694,-0.1259123926920537,-0.14349548756328417,0.07558221439577371,-0.08196566145718688,-0.13376183138895004,-0.00045564604886638786,-0.18269425489764474,-0.25389830508474576,-0.14640986132511558,-0.24662117543473475,-0.26608848778340305,0.1927096632181378,0.08475016508914814,-0.030279550957517058,-0.039594981289896546,-0.010655954215276249,-0.08812898965441339,-0.0537442218798151,0.0035417125247633723,0.08076161127008584,-0.04953114681928241,0.1128153202729474,-0.10275588817961699,0.13359454105216817,-0.005753907109839313,-0.02111600264142637,0.1160312568787145,0.2248250055029716,0.21071538630860664,-0.1960312568787145,-0.30874972485141977,-0.1214439797490645,-0.034430992736077484,-0.3059057891261281,-0.19186660796830288,0.009678626458287475,0.08699977988113582,0.05791107197886859,0.018738718908210432,0.19227823024433194,0.25404578472375083,0.11583975346687211,0.27099933964340744,0.16769535549196565,0.18236407660136475,-0.17523882896764253,-0.047413603345806736,-0.26174774378164206,-0.1866255778120185,-0.012055910191503412,-0.22128329297820823,-0.037107638124587276,-0.06299581774158046,0.09287915474356152,-0.06697336561743342,-0.21771076381245874,-0.2100264142637024,-0.07751926040061634,-0.09325775918996258,-0.10151882016288796,0.14225841954655513,0.06690512876953555,-0.11204710543693594,-0.0740413823464671,0.13066255778120184,0.15370900286154524,0.1764406779661017,0.3360114461809377,0.3241954655513978,0.15077481840193704,0.1684305524983491,0.06342284833810258,-0.1215034118423949,-0.15338542813119085,0.2947237508254457,0.2713647369579573,0.25636363636363635,0.1986484701738939
