,#10,#11,#12,#13,#17,#18,#26,#49,#50,#51,#52,#53,#54,#58,#101,#102,#201,#202,#301,#302,#401,#402,#501,#502,#601,#602,#701,#702,#801,#802,#901,#902,#1001,#1002,#1101,#1102,#1201,#1202,#1301,#1302,#1401,#1402,#1501,#1502,#1601,#1602,#1701,#1702,#1801,#1802,#1901,#1902,#2001,#2002,#2101,#2102,#2201,#2202,#2301,#2302,#2401,#2402,#2501,#2502,#2601,#2602,#2701,#2702,#2801,#2802,#2901,#2902,#3001,#3002,#3101,#3102,#3201,#3202,#3301,#3302,#3401,#3402,#3455,#3501,#3502,#3601,#3602,#3701,#3702,#3801,#3802,#3901,#3902,#4001,#4002,#4101,#4102,#4201,#4202,#4301,#4302,#4401,#4402,#4501,#4502,#4601,#4602,#4701,#4702,#4801,#4802
#10,1.0,0.5404342492950088,0.6129693091718408,0.745191517343416,0.3636995915476928,0.34594519404645985,0.19424878918549804,0.6179010862555167,0.22902414041654548,0.7139063468177392,0.6514877527535755,0.356769812466015,0.26066338724566573,-0.13142553648882763,0.13782420111534036,0.07611375965806345,0.5835809759860393,0.4562146714045448,-0.300598136041174,-0.411019360386449,-0.27166504381694256,0.14462752437435983,0.50775806472009,0.3900782761542255,0.4153441495213647,0.5867676627170298,0.1742434780409464,0.2234347930550462,0.42601702095372984,0.15145613879791095,0.431075253860064,0.15542685162938327,0.5609200925656622,0.40494948089884797,0.22247372880284272,-0.07457099862163154,-0.11592205263091339,-0.014099824226406505,0.09460160093071486,0.2800111281123939,0.4394213381555154,-0.17072800617104414,0.12778360879626702,-0.06989213318327242,-0.511374701248119,-0.5085926731496352,0.17452168085079478,0.0845862997761732,-0.1982953755105654,-0.28825604774971864,0.4167604547351383,0.5006512474866905,0.3994865893600071,0.4509288180174256,-0.005779031095486792,0.16377293592483466,-0.48717105679130995,-0.4872975126139683,-0.02922394061634568,0.13757128947002364,0.17143615877793092,0.2490547427256288,-0.02196537639575614,0.015465547111116732,-0.02419099887454318,0.0544645228189532,0.18261485350092946,0.12586148029186003,0.2650387587096448,0.034130426535489825,0.3287472021649237,0.07029679181577916,-0.2289229757584188,-0.04366519556392974,-0.29126569632898747,-0.33345135876781445,-0.12275066705446452,0.0404026353393442,0.3718686376914225,0.06316468341784798,-0.28173092730054755,0.18840653017868209,,0.009269211800857371,0.019942083233222475,0.08428280580179315,0.17244780535919776,0.31349662995232613,0.1866361486614651,0.07922457289545898,0.03400397071283147,0.038455215670405545,-0.1726754258399828,-0.04571377989099508,0.09799061697795874,0.5117793598806257,0.23615624881447667,0.5386385766132602,0.5273081349030716,0.3790766195829487,0.4428862276963543,0.5180262775199485,0.4700489384033688,0.4729827134890426,0.6236927629332693,0.6976441280238749,0.39144399903893573,0.21319187141971951,-0.030589663501055905,-0.07366051669849139,-0.057929412359792105
#11,0.5404342492950088,1.0,0.21663146979602677,0.41407959129478117,0.633859811075001,0.19875061647213546,0.5090479141112052,0.2905575437221007,0.5375510565383983,0.5632721708671076,0.06544088822569835,0.24101215240455748,0.3534313787478344,0.4550259866715563,0.06116668141984598,0.28140214216163584,0.14407111875466305,0.20102682127998583,-0.29399714209840794,0.0023394327191795547,-0.35790791486994017,0.22052630913390406,0.0011001656571276825,0.22386474285208463,-0.11650374941514181,0.3802905954804689,-0.0016818624413561121,0.3034054553041895,0.3482466900188419,0.3040630255820129,0.42156577599615574,0.4992096511083853,0.2384830359513904,0.23565042552384324,0.1161749642762301,0.037089492785695316,0.07267416128175622,0.0446515509806649,0.20259487348094943,0.22664677095056843,0.4526739083701109,0.2950087886796748,-0.18911468278556887,0.003882193755611477,-0.40254682026833927,-0.39890489257577866,0.13886113886113885,0.13286713286713286,-0.04670013530773025,-0.20699553610946017,0.1663526347070651,0.15841120904412043,0.14457694204529647,0.07763122952996371,-0.320502282527599,0.17270071700451448,-0.5973140783267366,-0.3725767902983093,-0.1660997230617484,0.149761630774289,-0.015187344301268352,0.0671353962493203,0.3762945914844649,0.5081121410235334,0.11068678157285752,0.2620796924594393,0.5428116187609858,0.533504470213331,0.08716599855840362,0.3180743307325586,0.30401244325294957,0.01898101898101898,-0.10274535590991288,0.16774364875630698,-0.25623743345262334,-0.3696430152126355,-0.19606975303177834,-0.2699705357933206,0.4488549425258286,0.09412106880461311,-0.13286713286713286,0.03362460324485641,,0.11827413093235878,0.49362030374688604,-0.11316531569696127,-0.06351875972129137,0.1343087292454381,0.5934192389888593,0.1847393113215898,0.26865539523767373,-0.04288116946344794,0.07555735403836669,-0.23418353798100633,-0.10327647036507796,0.021206641459806018,0.004135105400928186,0.26359716233133956,0.2125343011418961,0.2380277949898203,0.3720709670076759,0.20348006423955792,0.3402799731913656,0.43127758317631737,0.302747885026366,0.30464472236624135,0.15433933155452143,-0.051884824036722774,-0.026189000872545175,-0.34065934065934067,-0.12297828753524956
#12,0.6129693091718408,0.21663146979602677,1.0,0.8360373803411778,0.16878058650210548,0.5242984863238028,-0.24101215240455748,0.27437119842183133,-0.20901882927199383,0.6181287067363017,0.44068589638209893,0.5349966489206995,0.1885582771658721,-0.22907472274560883,-0.11250774541913783,-0.16518924113860822,0.9420326508934104,0.8563208942955779,-0.34637514384349827,-0.45199104692775577,-0.05818232400510882,-0.03949215341620405,0.5891956145120703,0.15699490383034687,0.29978881877616054,0.26374890931852957,0.49678169931334487,0.27406770444745127,0.3395718205844788,0.1008991008991009,0.4044942399372779,0.2072231565902452,0.5545973014327444,0.18380353823391798,0.06936101872810733,-0.14338825731230795,-0.20034395983763073,-0.2547958370743181,0.09584086799276673,-0.052238900340166164,0.26817486311157196,-0.4332502940097877,-0.026770697656773607,-0.35396249320299955,-0.20588272487006665,-0.5124116389939175,0.42877375788768196,0.39387195083397614,0.1748504659897065,-0.1688564599957005,0.7539928426004375,0.6924341481303506,0.5088708759594835,0.2941994714146613,-0.051252544923431,-0.1665043816942551,-0.27280314622086776,-0.4705041793649389,0.41261270375194425,0.368985444934812,0.054590978641611554,0.1967273233096018,-0.38833318580154025,-0.4608429545138406,0.1931612691106362,0.24591863832370162,-0.07742890021371034,-0.28405771443746125,0.2070461184385235,-0.12340823733228796,0.6729346602764325,0.5468582050860532,-0.34151924025341746,0.23337422071599287,-0.16536627929032993,-0.0982941109523388,-0.33241442102201596,0.050240898342164164,0.019031601310082323,-0.07229479381378115,-0.2206021826274991,0.1706774238419808,,0.07790943233981208,-0.027554723757255404,0.2299599135042173,0.27601512411638995,0.32859545517773364,0.14225015490838275,0.11422754460729144,-0.26610098761997497,0.24867537525765374,-0.04166719356592774,0.16516394997407655,0.1358767814464017,0.7995928122510401,0.15380821709935635,0.8877831029729764,0.7117818889970788,0.7732141276445074,0.7343163165947976,0.8235688362270641,0.3905335171157956,0.622706407516534,0.6301420098888453,0.7541445895876275,0.3180743307325586,0.09156666118691435,-0.006512474866905246,-0.22629269464712504,-0.12431871925542812
#13,0.745191517343416,0.41407959129478117,0.8360373803411778,1.0,0.2988783368530204,0.3794306958863921,0.03655837833053023,0.42288091655180265,0.10899227354923557,0.6951403027352394,0.4706559263521289,0.5190885064302786,0.25568102783292657,-0.15269540585996283,0.12204251444757774,0.10712072737389193,0.8163102720064745,0.6836581140378609,-0.1895952149116706,-0.3522932763439093,0.010913137495415977,0.18241252418467607,0.5246272714627145,0.3748024127770963,0.3832749528952061,0.38398310550209286,0.4362093602599932,0.3649641497742764,0.48031715120322716,0.16002984357414737,0.4848695608189279,0.2580836884634353,0.5714412170108373,0.30133157981259245,0.2335259677031829,-0.0584605268149572,-0.04455038632253822,-0.11470807673339319,0.30595986292188826,0.17568507441925163,0.483326799782496,-0.22593861834368165,0.019360386448994044,-0.0878741511652904,-0.42667459123155327,-0.5371463979058916,0.44334146865792434,0.3535072522414295,-0.02214241454747784,-0.22849302596138038,0.6595303430746469,0.6270564878159814,0.5861353836037381,0.4153947318504281,0.019006310145550653,0.06359463321488638,-0.49936139809557534,-0.5450119500752412,0.10438928160447147,0.16733899012380024,-0.02988151089416912,0.04528383009395667,-0.2315026745406492,-0.2611945017008308,0.1568684480076885,0.2686048129086104,0.12249775540914781,-0.1259626449499867,0.3765727942943133,0.004210978894523198,0.5905360462322488,0.4132196917007044,-0.2791006461892538,0.1422248637438511,-0.23731964238293352,-0.2963492203998533,-0.4597048521099154,-0.18390470289204466,0.254112975631963,0.024696822165176595,-0.28069398955474906,0.19386942171752297,,-0.09242656078099117,0.07163722353595771,0.019967374397754145,0.01779233424803045,0.41180338648693077,0.34096283463372073,0.005045587324068337,-0.02186421173762946,0.03486387030690828,-0.19907940161104717,-0.11437929159448147,-0.11584617913731837,0.6413965781054388,0.26448235308994805,0.6866171802880664,0.6630205237800174,0.6240721304012443,0.6133486766398158,0.7012860557164354,0.3916463283551891,0.6258172207539296,0.6746797506291177,0.6473147106058499,0.3684796216441786,-0.03628017552068185,-0.1868384779777185,-0.3191871419719521,-0.27406770444745127
#17,0.3636995915476928,0.633859811075001,0.16878058650210548,0.2988783368530204,1.0,0.43843498273878023,0.5538891488258577,0.21223080716751602,0.3450347121233197,0.3113721721316658,0.23069335727563575,0.3937707861758495,0.344857673971598,0.5089214582885468,-0.054616269806143224,-0.105502092843865,0.09556266518291835,0.2765715297360867,-0.3857534870193098,-0.019410968778057387,-0.3465268908306883,-0.07813705282059713,-0.15848708253771546,-0.09548679168932334,-0.04710479394023698,0.1627107070145045,-0.17014630938681571,0.0021876857319895293,0.30474588702436806,0.09867347842031386,0.25917120853829717,0.639626196588222,0.04892575778651728,0.21463346779802475,0.28157918031335755,0.061647213545947724,0.2653169615194932,0.016477193692383565,0.46071649869118225,0.22338421072598288,0.30846368821052367,-0.005779031095486792,-0.24432529495820635,-0.1137470124811897,-0.272322614094766,-0.19718256427117187,-0.2153669115694432,-0.08099495441267593,-0.055577334058346715,-0.3506746418138823,-0.04735770558555369,-0.09429810695633481,-0.003174041148724693,0.018829271993828955,-0.12201722328304607,0.1989782369529205,-0.4580862175798885,-0.14971104844522565,-0.04470213330972825,0.2828184473754094,0.18754663058460527,0.2653928350130882,0.17778424107538032,0.34523704143957307,-0.019410968778057387,0.26245905992741436,0.354544189987228,0.40373550500132777,0.18615561653536336,0.36428128833192125,0.4680762275698985,0.2779625437853286,0.21890767460387714,0.19371767473033297,-0.049254542925429,0.04095904095904096,0.10385816714930639,0.15041920105211246,0.3651917702550614,-0.08066616927376422,-0.12404051644557974,-0.04958332806434072,,0.3478420313863352,0.51759632772291,0.19579155022192996,0.14639790589157678,-0.1534288496313813,0.3009775035091491,0.24515990338775148,0.16612501422628004,0.16784481341443366,0.18729371893928856,0.08311941223333628,-0.2126101746354911,0.059927414357794105,-0.045157374271298324,0.14571504444922168,-0.009218629471794028,0.23355125886771455,0.27495289520605976,0.3683531658215203,0.5480215986545101,0.3237901339167162,0.2308198130982941,0.264406479596353,0.03686187230491028,0.12985748428786403,0.024469201684391557,-0.28597984294186823,0.047888820040718774
#18,0.34594519404645985,0.19875061647213546,0.5242984863238028,0.3794306958863921,0.43843498273878023,1.0,0.04363990439939807,0.1615726046105793,-0.011722454760429444,0.48163229175887406,0.24589334715916994,0.495694179238483,0.4620316392468291,-0.013543418606709746,-0.3305175836821406,-0.4640296412448311,0.44361967146777276,0.48249219135295085,-0.41010887846330885,-0.37404367784114617,-0.27009699161597894,-0.2054021927439649,0.3282160877097586,-0.11632671126342012,0.1149609883787099,0.14920522515459225,0.2960204352609416,0.001176039150722695,0.42642167958623656,0.22444643963631306,0.2355998431947799,0.23903944157108714,0.1566155363623718,0.033422273928603044,0.10251773542912783,-0.31101809582822243,-0.34394719204845786,-0.38977478217984546,0.06963922153795571,-0.005703157601891779,0.4174938985065567,-0.08688779574855524,0.019436259942589056,-0.2699705357933206,0.16779423108537034,-0.0025670531999645923,0.0730282375851996,0.1654927351129883,0.027934091225230467,-0.052871179453457935,0.20684378912227014,0.4131185270425777,0.1447286890324865,0.2286447729485704,-0.21551865855663324,-0.2908104553674174,-0.07836467330138217,-0.11761656065453534,0.38309791474348437,0.7576600614575298,0.13610440192718673,0.22973229302343226,-0.4173421515193667,-0.17333299611780625,0.2983219312333236,0.3692636477446604,-0.053554040895813046,-0.06523855890944498,-0.20970169071434894,-0.17957991375712895,0.37366431037317116,0.1427306870344845,-0.035799643394580104,0.021434261940591056,-0.1229529963707179,-0.06566850870648339,-0.13167844813414434,0.3013062886480608,0.13888643002567053,-0.1310967513499159,-0.011747745924961115,0.29275787503635603,,0.1292757875036356,-0.008004653574273827,0.33061874834026733,0.4219198522995991,0.392885595417241,0.2695405859962822,0.2500663893068956,0.14558858862656332,0.33302140897077603,0.4882585768661718,0.42778740247094676,0.22730434122839185,0.5567723415824681,-0.1252797835076316,0.5066958358097599,0.40818674995890186,0.4682532657216201,0.5484262572870168,0.5464535464535465,0.5527257552574009,0.25340482302507616,0.36564701121663146,0.5067717093033549,0.10110143021535427,0.15264482353089948,0.06339230389863301,-0.019967374397754145,0.4115251836770824
#26,0.19424878918549804,0.5090479141112052,-0.24101215240455748,0.03655837833053023,0.5538891488258577,0.04363990439939807,1.0,0.15256895003730447,0.6698238470390369,0.2631925036988328,0.15578092793282666,0.019866209739627463,0.31192857775136257,0.45603763325282315,0.4135990591686794,0.28714323651032514,-0.22401648983927466,-0.13064151038834584,-0.06582025569367342,0.11276065706445454,-0.09710542621935027,0.13079325737553585,-0.24928236320641384,0.08974569734063405,0.015060888478609997,0.010457896533845901,-0.0225217820154529,0.12049975341114581,0.3452876237686364,0.21478521478521478,0.3247006158398563,0.41706394870951835,-0.21283779511627612,0.26551929083574655,0.3614233867398424,0.059244552915438994,0.18119854828715587,0.19263015465547112,0.23567571668837492,0.26486172055792306,0.23200849783128263,0.36663336663336665,0.12821355859330544,0.4277368201418834,-0.3329961178062444,0.10911872937189393,-0.3074520416292568,-0.02922394061634568,-0.0020106475802678333,-0.09867347842031386,-0.40664398892246995,-0.36289027428267934,-0.08053971345110586,0.07006917133499412,0.1453356769812466,0.41496478205338966,-0.294680003540763,-0.21101683126999582,-0.4442013682520012,-0.17743016477193693,-0.010179693723997522,0.0424006373373462,0.23496756408148814,0.6857825718585212,-0.09960925150798569,0.024671531000644925,0.4877780447400701,0.6643103731711326,0.22368770470036292,0.23372829701943626,0.1587905765120955,-0.11111673136989593,0.4060622921382415,0.21913529508466217,0.033472856257666384,-0.1367366810404785,0.11728777551562361,-0.07388813717927642,0.7739222802513942,0.024797986823303277,-0.1885582771658721,-0.08031209297032083,,-0.040807293971850934,0.32659745317973166,-0.20216492368391104,-0.15335297613778626,-0.15069740386196082,0.304290646062798,-0.08868346843030388,0.24981347766157894,-0.091440205364256,0.11693369921218022,-0.2335259677031829,-0.399183095385627,-0.1441217010837264,-0.06475802678334323,-0.27366304581494455,-0.22045043564030906,-0.28772493329455356,-0.2894194413181755,-0.01961329809431075,0.3142300737237446,-0.09149078769331934,0.09333704270413132,-0.09973570733064403,-0.06182425169766942,-0.040503799997470884,-0.07967981385702905,-0.2110421224345275,-0.021358388446996043
#49,0.6179010862555167,0.2905575437221007,0.27437119842183133,0.42288091655180265,0.21223080716751602,0.1615726046105793,0.15256895003730447,1.0,0.45350851679965604,0.42576410930841313,0.4360070309437398,0.25838718243781533,0.3844130552991312,-0.041060205617167646,0.08514270539586995,-0.1389117211902022,0.21602448184726666,0.06587083802273676,-0.19996459236965566,-0.559933737148927,-0.006082525069866842,-0.1343087292454381,0.1690334981474222,-0.12158727348600766,0.2716144614878792,0.06754005488182703,0.09859760492671885,0.13825415091237875,0.06273473362080957,-0.21020751400498236,0.36129693091718407,-0.22576158019195994,0.37735682039479507,0.002288850390116213,0.1263167212534301,-0.3728802842726893,-0.038758709644785595,-0.278316620088772,0.002288850390116213,0.028313458693205527,0.23226140947659935,-0.392809721923646,0.3772303645721367,0.09374170133663805,-0.3648882762806813,-0.14824416090238876,0.013492836277646404,-0.06617433199711681,-0.19268073698453445,-0.13114733367897924,0.15502219299687653,0.4001441596378305,0.31974354759164886,0.16994398007056236,0.08190543633581608,-0.05448981398348487,-0.0847633379278949,-0.34872722214494367,-0.18347475309500627,-0.07940161104718067,-0.10509743421135827,-0.034054553041894815,-0.20813363851338534,-0.05572908104553674,0.14106147017539422,0.21837656014871204,0.04809114935697214,0.230136951655939,0.00805523590333717,-0.3151658468114164,0.09442456277899317,-0.19161850807420427,0.1645316708607848,-0.2505469214329974,-0.18676260448412346,-0.33135219211168576,-0.11425283577182312,0.08251242428457618,0.2434148130350662,-0.4562399625690765,0.16124381947166758,0.4459970409337498,,0.2936936481240279,-0.13575032562374334,0.097510084851857,0.0538575348701931,0.19720785543570354,0.25484641940338143,0.06050911114202254,0.0747733279378849,-0.14581620910734835,-0.12090441204365256,-0.025455557101126722,0.17854297601133043,0.3901541496478205,-0.2627119715727311,0.14958459262256732,0.3463498526789666,-0.05648781598148687,0.2858786782837416,0.29986469226975554,0.19814362852337536,0.1710315001454242,0.5208335967829639,0.4052782660377597,0.3887631355985786,-0.02859166150305391,-0.0912631672125343,-0.04242592850187787,-0.18476460248612148
#50,0.22902414041654548,0.5375510565383983,-0.20901882927199383,0.10899227354923557,0.3450347121233197,-0.011722454760429444,0.6698238470390369,0.45350851679965604,1.0,0.32303139898076605,-0.06377167136660808,-0.12864350839034383,0.2745988189026164,0.2918726842777476,0.2717914996396009,0.2538600639866463,-0.25067337725565575,-0.23782546567356694,-0.05426219350269983,-0.13296829752525954,0.03630546668521352,0.18200786555216936,-0.2596517406643989,-0.03934040642901403,-0.05304821760517963,-0.060180326003110816,-0.026264874366140188,0.19988871887606066,0.24657620860152507,0.10216365912568444,0.43916842651019866,0.04745887024368037,0.11144551650880764,0.033093488789691324,0.13185548628586602,-0.2119020220286043,0.17277659049810948,-0.036710125317720256,0.18145145993247258,0.1781636085433554,0.25317720254429116,0.26895888921205374,0.1829183474753095,0.39412486247929285,-0.10787946230984205,0.2686806864022054,-0.027959382389762137,-0.007954071245210486,-0.23471465243617143,0.04305820761516964,-0.2243199838136547,-0.007675868435362106,0.10241657077100115,0.12715132968297524,0.01220298688653119,0.15666611869143515,-0.2471579053857535,-0.2695911683253455,-0.5622352331213091,-0.21422880916551804,-0.4141048824593128,-0.3924809367847343,0.1395945826325573,0.5305454039631254,0.08875934192389888,0.16180022509136432,0.3730320312598794,0.4700236472388371,-0.007347083296450385,-0.05150545656874771,-0.05939629990262902,-0.32060344718572564,0.30198915009041594,-0.20995460235966565,-0.24149268453065922,-0.5264988176380582,-0.26534225268402484,-0.30641510388345833,0.5463776729599514,-0.13375232362574135,0.09088379974455923,0.10658961291872684,,-0.11812238394516876,0.12497628953325156,-0.46359969144779273,-0.4394213381555154,0.1784923936822671,0.43631052491811984,-0.10079793624097422,0.37007296500967385,-0.4375750831447034,0.12573502446920168,-0.3886872621049836,-0.11842587791954881,-0.09520858887947496,-0.3445288888326863,-0.26430531493822634,0.06174837820407441,-0.36402837668660454,-0.023533428596719735,-0.08734303671012532,0.18165378924872597,0.04591610920724845,0.280466369073964,0.00013910140492418973,0.24177088734050758,-0.4016616295097308,-0.3262180857117566,-0.2054780662375599,-0.10049444226659417
#51,0.7139063468177392,0.5632721708671076,0.6181287067363017,0.6951403027352394,0.3113721721316658,0.48163229175887406,0.2631925036988328,0.42576410930841313,0.32303139898076605,1.0,0.4593001934774087,0.45522831598780966,0.4423298220766575,-0.1194628156653473,0.1449057271842082,-0.02454507517798657,0.5699996206325321,0.3765727942943133,-0.2529495820635061,-0.4945560768345578,0.033725767902983095,0.12378760480026303,0.5929892891918208,0.18706609845850353,0.3907864287611123,0.3438966097193945,0.3479937783735252,0.21410235334285968,0.5098572313762187,0.09444985394352483,0.5394478938782736,0.06640195247790184,0.46572414926845307,0.1442987392354481,0.12257362890274283,-0.4018386676614525,-0.240202835139544,-0.3737654750312978,-0.03165189241138608,-0.07558264520289837,0.513524450233311,-0.1299586489459907,0.22477522477522477,-0.11190075747037773,-0.33613222220817157,-0.350699932978414,0.15676728334956183,0.17211902022028605,-0.07636667130338017,-0.1870913896230352,0.409021358388447,0.5614006246917639,0.5057347715575564,0.463270906308881,-0.025126771962215,-0.0784152556304455,-0.3058839894282932,-0.6214924316190139,0.02037203303026088,0.28084573654193906,0.07553206287383503,0.12725249434110195,-0.2165808874669634,0.027959382389762137,0.1673136989592686,0.28087102770647077,0.08903754473374727,0.04004855903590081,0.0840551853210081,-0.06126784607797266,0.3825668002883193,-0.007852906587083801,-0.21670734328962177,-0.058586982637615546,-0.33529761377862644,-0.4725274725274725,-0.28084573654193906,-0.08893638007562059,0.4998925125507404,-0.20651500398335843,-0.1199939301205124,0.19270602814906612,,-0.08660959293870686,0.04457567748706989,0.05618432200710682,0.24225141946660933,0.4979956752108651,0.39915780422109537,0.1280618116061154,0.14136496414977429,0.04166719356592774,-0.11716131969296527,0.07232008497831283,-0.06511210308678664,0.6348967488207995,-0.08769711301356871,0.5619064479823973,0.552169349637704,0.3683784569860519,0.4843131551992311,0.5367417392733849,0.409097231882042,0.48856207084055187,0.529584339710922,0.6595050519101152,0.3628649831181477,0.10352938201039467,0.06442924164443152,-0.1346628055488815,0.03496503496503497
#52,0.6514877527535755,0.06544088822569835,0.44068589638209893,0.4706559263521289,0.23069335727563575,0.24589334715916994,0.15578092793282666,0.4360070309437398,-0.06377167136660808,0.4593001934774087,1.0,0.31959180060445885,0.2211080059181325,-0.3367392101569317,0.3256869712565915,-0.08946749453078567,0.4669128340014416,0.3425308868346843,-0.027655888415382086,-0.45305327583808597,0.0054249547920434,-0.13453634972622314,0.4564928742143932,0.19417291569190304,0.5305454039631254,0.30747733279378847,0.13008510476864907,-0.06814704283058713,0.17338357844686958,-0.07237066730737617,0.14336296614777627,0.026138418543481836,0.34908129844838703,0.1953110180958282,0.3417215695696708,-0.10107613905082259,-0.09138962303519266,-0.05947217339622403,0.03428217352267985,0.13155199231148598,0.1448298536906132,-0.4107664487411323,0.33522174028503143,0.02983092856510578,-0.4969081551360032,-0.3918992400005058,-0.2509768712300358,-0.11344351850680964,-0.03974506506152076,-0.4601600930714855,0.08709012506480861,0.13671138987594683,0.4259664386246665,0.25679383907232006,0.3499411980424639,0.0928312194134979,0.005880195753613475,-0.35765500322462346,0.08936632987265898,0.10486981373057322,0.5389167794231086,0.5607430544139405,-0.2893435678245805,-0.10279593823897622,-0.18486576714424816,-0.11485982372058322,-0.1411626348335209,-0.12323119918056627,0.3424550133410893,0.012708810177164607,0.3183272423778753,0.06766651070448539,0.11331706268415129,-0.03931511526448235,-0.04958332806434072,-0.0060319427408035,0.2536577346703929,0.36243503332110927,0.15355530545403964,-0.1909862289609125,-0.23868536526764375,0.19080919080919082,,0.09278063708443456,-0.25494758406150814,0.3468809671341317,0.4583391292252052,-0.02517735429127834,-0.2526207969245944,-0.10198662097396274,-0.12404051644557974,0.06086318744546593,-0.37050291480671227,0.26534225268402484,-0.032107133372956155,0.5957207349612413,0.20884179112027212,0.3630926035989327,0.3424297221765576,0.12808710277064708,0.15767776527270197,0.3895724528635921,0.35499943094879804,0.18000986355416734,0.40285031424271933,0.5724022812630407,0.22775958218996192,0.542331086634884,0.09316000455240962,0.14988808659694736,0.03749415141820205
#53,0.356769812466015,0.24101215240455748,0.5349966489206995,0.5190885064302786,0.3937707861758495,0.495694179238483,0.019866209739627463,0.25838718243781533,-0.12864350839034383,0.45522831598780966,0.31959180060445885,1.0,0.4900795407124521,-0.14242719306010446,-0.032739412486247926,-0.1943752450081564,0.5835556848215077,0.3629408566117427,-0.11766714298359868,-0.2601575639550323,0.11238128959647947,0.013922786074684808,0.3393947824327571,-0.13820356858331542,0.24908003389016048,0.06265886012721456,0.431454621328039,0.19796659037165365,0.3166833166833167,-0.11544152050481164,0.07371109902755472,0.1764185181906701,-0.08974569734063405,-0.10365583783305302,0.16592268491002668,-0.23858420060951707,-0.21544278506303824,-0.407175103377635,0.1103579964339458,-0.24564043551385323,0.49948785391823364,-0.2961215999190683,0.19548805624754992,-0.25317720254429116,-0.3260410475600349,-0.4725527636920042,0.16759190176911695,0.16389939174749302,0.2762933269262383,-0.17601385955816334,0.42723099685125,0.3570480152758634,0.3826173826173826,0.14366646012215634,0.05866285613121056,-0.173813528243908,-0.08946749453078567,-0.28400713210839795,0.23183145967956095,0.39101404924189737,0.12171372930866602,0.14166845812415432,-0.32515585680142645,-0.23253961228644773,0.41678574589966993,0.7051808950543128,0.05838465332136218,-0.016881852324890298,0.08693837807761859,-0.08898696240468393,0.47250218136294087,0.3331731559579661,-0.07735302672011533,0.36951655938997713,-0.05476801679333325,-0.019891500904159132,-0.21483579711427814,0.026770697656773607,0.045562032903805054,-0.3891677942310854,0.21149736339609757,0.3458187382238015,,0.32166567609605584,0.053174673427837986,0.37371489270223446,0.3373714892702234,0.326648035508795,0.27174091731053757,0.42510653903058965,0.10327647036507796,0.40219274396489585,0.0556784987164734,0.18625678119349007,-0.21731433123838187,0.4793055046219603,-0.13236130957649944,0.4448589385298246,0.20646442165429507,0.5333021408970776,0.32199446123496756,0.49700931979412993,0.15459224319983814,0.1937682570593963,0.1906321526574691,0.32740677044474514,-0.1754574539384666,0.10583087798277671,0.012809974835291291,-0.3011545416608708,-0.15100089783634088
#54,0.26066338724566573,0.3534313787478344,0.1885582771658721,0.25568102783292657,0.344857673971598,0.4620316392468291,0.31192857775136257,0.3844130552991312,0.2745988189026164,0.4423298220766575,0.2211080059181325,0.4900795407124521,1.0,0.09080792625096422,-0.006942424663943651,-0.006284854386120209,0.10666548641232186,0.059573338054350715,-0.053225255756901325,-0.197941299207122,-0.2088670822848038,0.07801059699793877,0.009345085294452384,-0.1293516609972306,-0.2344870319553864,-0.10691839805763856,0.40464598692446796,0.3558340393783432,0.4043424929500879,0.28582809595467823,0.25679383907232006,0.17664613867145512,-0.21779486336448362,-0.210005184688729,0.057853538866197096,-0.2364597427888567,-0.531734088696114,-0.48241631785935585,-0.22760783520277192,-0.2738906662957296,0.7633505734771557,0.11238128959647947,0.48749984193022167,0.2736124634858812,-0.14561387979109497,-0.08724187205199864,0.048217605179630495,0.10580558681824505,0.15545214279391495,0.2152910380758482,-0.041515446578737715,0.13360057663855132,0.2177189898708886,0.07611375965806345,-0.2690347627056488,-0.246272714627145,-0.07517798657039164,-0.1384817713931638,-0.0993310486981373,0.2851705256768548,-0.12851705256768547,-0.02305289647061799,-0.1793775844408756,0.1422248637438511,0.6957472906839995,0.672884077947369,0.2428836985799011,0.45376142844497275,-0.17940287560540724,-0.2459439294882333,0.1493316809772506,-0.31030994322133565,0.3621568305112609,0.04766119955993374,-0.012025948734809494,-0.1002921129503408,-0.26610098761997497,-0.008864553168350636,0.40436778411461954,-0.3976403343491951,0.3413169109371641,0.7313066680155288,,0.07975568735062406,0.0717383881940844,0.14728309665018527,0.16991868890603068,0.3389648326357187,0.5095790285663704,0.4361334867663982,0.4429621011899493,0.1423766107310411,0.24131564637893752,-0.03157601891779107,-0.1288458377065972,0.25284841740537944,-0.4309740892019373,0.18489105830877983,0.06566850870648339,-0.09766183183904703,0.1271007473539119,0.2169349637704068,0.10701956271576525,0.057625918385412055,0.21248371881283273,0.07664487411322854,-0.1865602751678701,-0.19075860848012746,-0.008763388510223954,-0.2974114493101835,-0.1334235384868296
#58,-0.13142553648882763,0.4550259866715563,-0.22907472274560883,-0.15269540585996283,0.5089214582885468,-0.013543418606709746,0.45603763325282315,-0.041060205617167646,0.2918726842777476,-0.1194628156653473,-0.3367392101569317,-0.14242719306010446,0.09080792625096422,1.0,-0.2570467507176368,0.012329442709189545,-0.33451358767814465,-0.06700894042666194,-0.3949847620733697,0.4189102037203303,-0.40479773391165796,-0.1109649843827059,-0.4038113784949228,-0.06372108903754474,-0.4013834266998824,-0.01898101898101898,-0.24968702183892058,0.10846115909407049,-0.06268415129174623,0.19171967273233095,0.1827413093235878,0.4444542798973179,-0.15916994398007056,0.16890704232476383,-0.12639259474702513,0.13306946218338622,0.21809835733886368,0.1061090807926251,0.16152202228151596,0.13792536577346703,0.0456126152328684,0.26766903982093854,-0.4293554546719104,-0.034459211674401545,-0.06824820748871382,0.10752538600639866,-0.17148674110699427,0.06569379987101506,0.04462625981613323,0.06726185207197866,-0.20537690157943322,-0.2701475739450423,-0.505228948266923,-0.21895825693294046,-0.4673680749630117,0.10638728360247347,-0.4119298423095891,0.05709480393024697,-0.051884824036722774,0.017716460754435438,-0.047509452572743714,0.10717130970295527,0.42624464143451485,0.4807471010002656,-0.02902161130009231,0.027327103276470366,0.44931018348739865,0.6107942690221171,-0.07904753474373727,0.40029590662502057,0.1912391406062292,0.10375700249117971,0.08390343833381808,0.280542242567559,0.10924518519455229,0.17732900011381025,0.18984812655698732,0.0718142616876794,0.2979931460944119,0.07930044638905398,-0.053225255756901325,-0.19260486349093944,,0.3668104047850883,0.815273334260676,0.07214304682659113,-0.047914111205250444,-0.31893423032663537,0.46112115732368897,0.2388118210903021,0.202089050190316,0.17196727323309602,0.3154187584567331,-0.1282388497578371,-0.15833533555052542,-0.3655205553939731,-0.07077732394188091,-0.1575766006145753,-0.35821140884432023,-0.009775035091490789,0.08506683190227494,0.10512272537588993,0.12576031563373335,0.1330188798543229,-0.050291480671227504,-0.23193262433768763,0.014175697720001518,-0.06174837820407441,0.2646593912416697,-0.2205010179693724,-0.004008649578269832
#101,0.13782420111534036,0.06116668141984598,-0.11250774541913783,0.12204251444757774,-0.054616269806143224,-0.3305175836821406,0.4135990591686794,0.08514270539586995,0.2717914996396009,0.1449057271842082,0.3256869712565915,-0.032739412486247926,-0.006942424663943651,-0.2570467507176368,1.0,0.6371729536286498,0.08547149053478167,-0.12029742409489246,0.6337839375814059,-0.09085850858002757,0.4816575829234057,0.4736655749313977,0.04535970358755169,0.20881649995574048,0.11857762490673883,-0.06766651070448539,0.04801527586337713,0.0790222435792056,0.26374890931852957,0.053554040895813046,0.2177442810354203,-0.02102960330808432,0.009977364407744155,-0.04829347867322551,0.5511577030564372,0.23355125886771455,0.28094690120006577,0.20633796583163672,0.19586742371552499,0.10218895029021612,-0.013391671619519721,0.16233133954652942,0.34007764387511225,0.5865147510717131,-0.4864881953489548,-0.2079818915261953,-0.14821886973785708,0.058258197498703826,-0.11480924139151988,-0.18919055627916387,-0.09505684189228493,-0.13913934167098724,0.4903324523577688,0.29053225255756904,0.6206578231894687,0.3648124027870863,-0.10873936190391886,-0.4903577435223005,-0.3553535072522414,-0.5293061369010736,-0.03124723377887935,-0.07874404076935723,0.08236067729738616,0.1891652651146322,-0.24733494353747518,-0.25178618849504925,0.14022686174584909,-0.006259563221588538,0.6786251722960583,0.10431340811087647,0.1413396729852426,-0.021206641459806018,0.2937189392885595,0.02985621972963745,-0.26261080691460437,-0.3479431960444619,-0.1689576246538272,-0.4308729245438106,0.35757912973102846,0.0005690512019625943,-0.08585085800275674,-0.17765778525272197,,-0.459123155325687,-0.2585389294250054,-0.403027352394441,-0.32368896925858953,0.022091832218414497,-0.06321526574691132,-0.3567445213014833,-0.10357996433945801,-0.5815071004944423,-0.5149154642825529,-0.4157993904829348,-0.5104136369959155,0.022977022977022976,0.012683519012632937,-0.1992311485982372,-0.010938428659947647,-0.28714323651032514,-0.3872456657266784,-0.16761719293364863,-0.17811302621429204,0.06215303683658114,-0.004919131501409982,-0.07135902072610933,-0.08167781585503105,-0.11822354860329544,-0.481252924290899,-0.2566926744141934,-0.4099824226406505
#102,0.07611375965806345,0.28140214216163584,-0.16518924113860822,0.10712072737389193,-0.105502092843865,-0.4640296412448311,0.28714323651032514,-0.1389117211902022,0.2538600639866463,-0.02454507517798657,-0.08946749453078567,-0.1943752450081564,-0.006284854386120209,0.012329442709189545,0.6371729536286498,1.0,-0.03739298676007537,-0.07229479381378115,0.4164569607607582,0.38987594683797216,0.013644583264836429,0.7219995194678739,-0.18281718281718282,0.4805447716840122,-0.2658986583037216,0.10059560692472085,0.1091440205364256,0.431151127353659,0.26890830688299044,0.44318972167073434,0.25034459211674404,0.21235726299017438,-0.08332174154958966,0.04900163128011229,0.18456227316986812,0.44124230200179565,0.09376699250116971,0.3218680054123092,0.03898633012557063,0.14187078744040768,0.18079388965464915,0.5616029540080173,0.01657835835051025,0.5098572313762187,-0.4173421515193667,-0.21647972280883673,0.2960710175900049,0.30150861796431416,0.10213836796115278,0.10218895029021612,0.025910798062696798,-0.09710542621935027,0.1884571125077454,0.14189607860493936,0.050822595126392596,0.3317821419087242,-0.38711920990402005,-0.2282401143160637,-0.35135750325623744,-0.49645291417443316,-0.2958181059446882,-0.29204972242946925,0.5221234461740791,0.4485514485514486,-0.03091844863996763,-0.12889642003566054,0.4928615688109359,0.214152935671923,0.49048419934495885,0.3480190695380569,0.07118198257438764,-0.02368517558390976,0.1213849441697543,0.22525575690132651,-0.06888048660200559,-0.2539359374802413,-0.3567445213014833,-0.6770824112596264,0.2879272626108069,0.4168363282287333,-0.20213963251937936,-0.14801654042160373,,-0.5868182450460931,0.11005450245956575,-0.6461007347083296,-0.6286751223460084,0.07861758494669888,0.12333236383869295,-0.2606886784101974,0.04366519556392974,-0.5347690284399145,-0.3065415597061167,-0.8040693483731458,-0.5354518898822697,-0.2737895016376029,0.2084371324877654,-0.07710011507479862,-0.03971977389698909,-0.16870471300851048,-0.24824542546061534,-0.23102214241454747,-0.3798100633543672,0.15188608859494934,-0.052921761782521275,-0.2536071523413296,-0.17654497401332844,-0.41117110737363904,-0.5183803538233918,-0.4562399625690765,-0.5285474019651235
#201,0.5835809759860393,0.14407111875466305,0.9420326508934104,0.8163102720064745,0.09556266518291835,0.44361967146777276,-0.22401648983927466,0.21602448184726666,-0.25067337725565575,0.5699996206325321,0.4669128340014416,0.5835556848215077,0.10666548641232186,-0.33451358767814465,0.08547149053478167,-0.03739298676007537,1.0,0.7865172801881662,-0.18972167073432897,-0.42697808520593333,0.11099027554723757,0.08840526562045549,0.6464042286827097,0.20760252405822027,0.38858609744685696,0.2511286182172258,0.5422805043058208,0.28833192124331364,0.33380543507125787,0.0647074444542799,0.358843687957612,0.1627107070145045,0.48466723150267454,0.18069272499652247,0.16177493392683265,-0.10760125949999368,-0.14966046611616232,-0.20707140960305517,0.12732836783469695,-0.046143729688033486,0.22748137938011356,-0.4157235169893398,0.02338168160952971,-0.28355189114682783,-0.26835190126329367,-0.5673440483567066,0.42561236232122307,0.44248156906384756,0.18797658038164367,-0.20363181122674792,0.737275382845003,0.6446338471654928,0.5665094399271614,0.3476144109055501,0.10479394023697822,-0.11190075747037773,-0.23562513435931157,-0.5785733254087685,0.4339331554521428,0.2928084573654194,0.07431808697631483,0.19485577713425814,-0.4125874125874126,-0.4853500929450297,0.10540092818573832,0.20375826704940628,-0.10451573742712983,-0.3655205553939731,0.34033055552042896,-0.09495567723415825,0.6798391481935786,0.5867170803879664,-0.3381049330416419,0.31407832673655456,-0.24483111824883977,-0.1530747733279379,-0.35611224218819154,-0.015060888478609997,0.0014542419605710745,-0.0516824947204694,-0.23514460223320982,0.0864831371160485,,-0.01394807723921648,-0.12047446224661415,0.17608973305175837,0.2162521023280517,0.3359298928919182,0.08205718332300611,0.05613373967804348,-0.3052264191504698,0.20573097788287661,-0.12801122927705205,0.08719128972293529,-0.011494834279644406,0.7818384147498072,0.19723314660023522,0.8255921293895977,0.660137331023407,0.7602144690752286,0.6034092489788693,0.7542963365748175,0.26326837719242785,0.544101468152101,0.5412182753954906,0.6773606140694748,0.2517608973305176,0.09520858887947496,-0.1222448437638311,-0.25206439130489766,-0.15681786567862518
