,#10,#11,#12,#13,#17,#18,#26,#49,#50,#51,#52,#53,#54,#58,#101,#102,#201,#202,#301,#302,#401,#402,#501,#502,#601,#602,#701,#702,#801,#802,#901,#902,#1001,#1002,#1101,#1102,#1201,#1202,#1301,#1302,#1401,#1402,#1501,#1502,#1601,#1602,#1701,#1702,#1801,#1802,#1901,#1902,#2001,#2002,#2101,#2102,#2201,#2202,#2301,#2302,#2401,#2402,#2501,#2502,#2601,#2602,#2701,#2702,#2801,#2802,#2901,#2902,#3001,#3002,#3101,#3102,#3201,#3202,#3301,#3302,#3401,#3402,#3455,#3501,#3502,#3601,#3602,#3701,#3702,#3801,#3802,#3901,#3902,#4001,#4002,#4101,#4102,#4201,#4202,#4301,#4302,#4401,#4402,#4501,#4502,#4601,#4602,#4701,#4702,#4801,#4802
#10,1.0,0.28217387872485733,0.2616458524230662,0.407118368355486,0.2356419469640032,0.2746567279940423,0.20176397711634356,0.35800567629990354,-0.2146842515280366,0.3706816021305,0.22167152275152976,0.25607937210651127,0.18269243308726882,-0.1046477708339768,-0.16257485749192654,-0.14047915658557175,0.37817404345423783,0.16349047829862004,0.05370520990984498,-0.14979323030883326,-0.027356745496538968,-0.14948573546520608,0.10154674024578997,0.017585547742349522,0.24072659384255304,0.08570114658512562,0.10799177725842264,0.24212130259757642,0.2359823876837333,0.11455075209257791,0.2367428883237756,0.10586265001527179,0.20325340526516283,-0.024999742610342945,-0.13947430736443286,-0.03478741330258385,0.10890739806511615,-0.22692913547961988,0.12485045660925162,-0.10894720766540718,0.007000312299450559,-0.011030691142707121,0.026107547694303453,-0.07350156321318384,0.3221399719273681,-0.08926067394907804,0.08701898162924221,-0.10146300281069505,-0.1291636208890582,-0.12560272078026816,0.024677147573501906,-0.05234344703092451,0.05309982943645392,0.11779454814387738,0.06907720660152993,-0.18903039600256702,-0.03527336497510184,-0.3188769574483419,0.09973197157045441,0.1604471029936133,0.1515997625151431,0.17771211481637822,-0.2049295267118986,-0.2487969607429295,0.49633717358701657,0.23229107681536926,-0.1890729510925333,-0.17807863768802315,-0.176200722750157,-0.1193759501968173,-0.05812682103182366,-0.12247148980565364,0.02251507445424813,0.020517730715508928,-0.19465041336778924,-0.28507174307707617,-0.12518952458414412,0.010572194366941559,0.09659113138197654,-0.10483720962156856,-0.16705686938676056,-0.01795618884850731,0.22950852302951058,0.11093768767995826,-0.10361683946092311,0.16332849440778072,0.10728069543253474,0.12213791281011163,0.12707979422554885,-0.0725900606410032,-0.01391757353622502,-0.05069615322577878,-0.028047236149862553,-0.03356429765226314,-0.0026624386125667925,0.14474290205122398,0.02686393009983287,0.08912065397564065,0.34957839574174554,0.05244777563858374,-0.022100505513286454,0.30038196625106817,0.1752013645083686,-0.01609062861417977,0.06154358293266343,0.3273179654548762,0.06680531389526644,0.03323483889123399,-0.011229739144162231,-0.12578666858850943,0.008927646051471068
#11,0.28217387872485733,1.0,0.2125715972229372,0.3333511790162224,0.20282648162066255,0.009931122527772344,0.29171308260148876,0.2303733522772121,0.2199912830702811,0.3362160974923384,0.1873570200455065,0.06850751749391702,-0.03967301217967857,0.05359264483316002,0.016485979127414743,-0.1567269644836592,0.10191875409678537,-0.02236407252210977,0.0009739624622924153,-0.10194209075902494,0.021598080902717004,-0.1699464972699537,-0.05398524985671976,-0.07428814600514093,0.05117661391894628,-0.078313033869047,-0.027903097941912303,-0.02006335217425623,-0.03636606986584851,0.06257451430571714,-0.10391060685617409,0.08036528740129106,0.0607089540713896,-0.14371059793333266,0.023717598932004515,0.07123104325175797,0.009948968210661423,-0.1438931729967363,0.1878182623109473,-0.07091119370459217,0.10342740067333134,0.06628367085697029,0.05777814384306781,-0.044187969950615504,0.07103199525030286,0.05397014966350592,0.08321098744968032,-0.042533812421281667,0.0997374625498049,0.018763362813028723,0.12296567794719737,0.07811124037791665,-0.09029435081180698,0.06204188930872002,-0.13834042012855755,-0.040152100128008454,-0.15305624478785945,-0.20959411367013628,0.004151866761386061,0.0910768153692512,0.04308565584600548,0.16034277438595407,0.08822287885183622,0.1159331061440627,0.03662002766080848,0.27469379210465805,-0.018704334785011,0.09765363588629554,-0.09955076925188838,-0.06796940151756942,-0.06585674721247002,-0.16762381300469822,-0.20696668005092883,-0.23905184514065486,-0.15191000284844552,-0.20042555089966266,0.019381097989958372,0.05126858782306692,0.07311719465864984,-0.04086318195389636,-0.11593447888890032,0.1173154601955475,-0.03776352411054714,-0.18981148781517362,-0.0803488144632396,0.011795310017262266,-0.0049727681742836845,0.03347506923781775,-0.03528846516831568,-0.04390793000374073,0.1562341490869531,0.04664381046512027,-0.09856376571363856,-0.08783027382827649,-0.062419394139065915,0.04039919419878032,0.10822377113598067,0.08893258793288651,0.2523619790862324,-0.012406181470003809,-0.07039778713532176,-0.042813852368156435,0.067263810671032,-0.00902373819010457,0.07253789633717359,0.04474393160985219,0.0056330584411796,0.09759598060311545,-0.058029356148352536,-0.15889315583742583,-0.10975026339541571
#12,0.2616458524230662,0.2125715972229372,1.0,0.7365771293846328,0.21329915198687657,0.5732479486044333,0.48001935570221044,-0.10821690741179256,-0.1708936912079125,0.6358684498622107,0.29885135575712024,0.2152662953391881,0.23558566442566073,-0.22088219446989743,-0.13008198718542693,0.14579579734167963,0.7205009145912481,0.7306262805135438,-0.0883368166733588,0.08734981313510898,-0.03321012948415681,0.09495207404585654,0.07678791435444958,0.14981656697107285,-0.04128598736388377,-0.016457151485824693,0.2790399022605676,0.316001057013525,0.1154842185821605,0.02623933119871511,0.4563504892119415,0.18328271336744603,0.5715869273509113,0.17633113350973104,0.15751217453077865,-0.014711020052370216,-0.15550110334366324,-0.32912175217151074,0.10019321383589522,0.1754580677930038,0.48574232893025426,0.030508567643717805,-0.19841036147803437,-0.032405701009310645,0.01526560896676928,-0.15904690325923942,0.23759948110245138,0.23149763029922404,0.10577616709050164,-0.043040355266363975,0.2262194263985696,-0.03562616039837055,0.27703432205280265,0.41556349459653313,0.19988606217847743,0.1956470261199024,-0.13069560412784373,-0.3389409959950169,0.004867066821786834,-0.09624519968289594,0.014271741704331353,0.11490080202617138,-0.2966892826378665,-0.2624420444288867,0.3779598952595689,0.32988499830122825,-0.35107194212507764,-0.3417990507469448,0.08094458572276732,0.01381187218372817,0.37217103027931925,0.24830689083589866,-0.08758729799201749,0.21474327955605432,-0.2173212943611074,0.16400525761272808,-0.0672006644085014,0.09755205276831155,0.2452950886621572,0.16748516577609845,-0.10432929403164863,0.10465600730300254,0.11548284583732288,-0.08055060795436997,-0.2796013548991547,-0.00041800080305573,-0.1274806357181343,-0.1334081479269837,0.1342208128708556,-0.14899292006849996,-0.3015597813217474,-0.21236843098696923,-0.28657215318459645,-0.2584308840133568,-0.24025574236324887,0.48665794973694776,0.10713930271425973,0.6056639452000261,0.5269686018937015,0.34618771599282055,0.337896337173587,0.7121601169578602,0.3509085854894007,0.5025351165288774,0.680361855539197,0.5386561514412105,0.44745510266415456,0.07051858868103245,0.30737747394358705,-0.3146708672658698,-0.19069553549060184
#13,0.407118368355486,0.3333511790162224,0.7365771293846328,1.0,0.2553669175357857,0.4823845950574322,0.47716953741930834,0.012190660530497242,-0.13854495910936315,0.771428375322166,0.4560306396647757,0.2454927639187747,0.2310514882269971,-0.18912236990668768,0.01010820661182551,0.11677048049501179,0.769488686866607,0.524798292305422,-0.005578148647674742,0.05820918572208095,0.08095968591598116,0.03232196357421573,0.1555436584336295,0.22003109267057214,-0.04714348958601448,-0.016874465916461613,0.3242210531012022,0.11783023950965554,0.1329084688060895,-0.022276216852501998,0.3621170470885798,0.1681083919323786,0.466150514607721,0.17279906104253107,0.2248164811745205,-0.011312103834419518,0.06960434061917656,-0.2296828616238885,0.22875763160333165,0.2259393864516948,0.3900098494442099,0.161913194480193,0.03369745390151242,0.15493415972572558,0.014687683390130652,-0.23944170467453935,0.1481679004210895,0.011170711116144509,-0.12142957647389897,-0.17663862835335825,0.15614080243799483,0.05371070088919547,0.2835040684725125,0.33161465679663127,0.2848974044826983,0.19182255900228906,-0.06880540312368087,-0.2512390738090581,-0.12825349106171519,-0.1445260083668798,-0.0765463112630282,-0.008815080974786109,-0.25848579380686165,-0.15995016936239434,0.23663032324709063,0.2858006705858532,-0.27251661879219047,-0.15995428759690722,-0.04311173799792029,-0.06219014575118313,0.17530157488151496,0.14828321098744968,-0.0732174050317962,0.12037530843860571,-0.13305397975887737,0.10268749120585338,-0.19461746749168632,-0.03581148095144945,0.22216021991372298,0.18400477715203492,-0.12232186061835292,0.05981117894758517,0.07092080291845552,-0.06886854938621147,-0.2506131021631027,-0.07994248199130366,-0.2042953185969175,-0.00048389255526155937,0.25347802063921865,-0.13316105385621185,-0.13571847748870058,-0.18860759059257962,-0.3015666450459355,-0.3261374048945217,-0.3553631424874823,0.3078222432709764,0.13062833963080028,0.4598921708930048,0.41414544917927015,0.08337434408535728,0.13318850875296426,0.5720289511886254,0.3115149268841781,0.28643350595599665,0.5101648323363774,0.3704070531629757,0.23951720564060855,-0.07812222233661763,0.27249602761962616,-0.4170131131450614,-0.2980936006067532
#17,0.2356419469640032,0.20282648162066255,0.21329915198687657,0.2553669175357857,1.0,0.41374735317635997,0.2443739768761132,0.0541156606162938,-0.057421230185286234,0.27672819995401304,0.4521636174571961,0.5063527199223027,0.41468631064529304,-0.014646501045002008,-0.04365259946394314,-0.09188261658893498,0.25094393366896944,0.20438180152168764,-0.01815249136028718,0.15969483882259675,0.1425931836355088,-0.11563522051429885,0.11928397629269666,-0.04245556596553724,-0.0624056666906897,-0.03355194294872455,0.010029960156081088,-0.0909930779341563,0.30564506995850876,0.29033759227419204,0.31707591622138254,-0.025614732297597354,0.2746279003524522,0.1584442682755236,0.20691039751258636,0.18230806453273482,0.1537192805444306,0.05245052112825898,0.28623994893389204,-0.05952564802135991,0.20012354703538593,0.11527556136684204,0.14541829251133373,0.21659099410749277,0.07920531801350095,-0.03325680280863594,-0.07012049267812222,0.11762707327368757,-0.10033460655417023,-0.1311870467797122,-0.02807194555693974,-0.11855504878391966,-0.03276536015676746,-0.07450641243432274,-0.050078418048849126,-0.11945556939739933,-0.05451512936404163,-0.12880258899676375,-0.2377806834210174,0.0346117019633683,-0.02606911083885005,0.0777103988853312,0.15463078311661124,-0.08847546390195857,-0.03549986787330938,-0.017383754251219168,-0.03587050897946717,-0.06805313895266432,0.13879617141464787,-0.013796771990514333,0.06454852138221678,-0.10532865227343705,0.043056828204415434,-0.04847917031302014,0.128652959809463,-0.027260653357905465,-0.15282562365513905,-0.23035550659432302,0.007539801020635787,0.26060943007066206,0.006574761399787911,0.45183415869616694,0.28589401723481145,0.21164224896786749,0.306246332197387,-0.14320405508825032,-0.07219882836228109,-0.00021758005676299905,0.18199507870975712,0.24833160024297585,0.1780758921983479,-0.08330982507798906,-0.09848551925789414,-0.2707855875519498,-0.3130524011023141,0.1578910521059622,-0.10848733814480399,-0.009191213060294386,0.11957225270859716,0.05266878755744079,0.13629914855501446,0.1893873096603486,0.4505122054175375,0.2059988949404057,0.1464286327118231,0.43530631085120475,0.17923997982065087,0.05716040866613816,-0.01705429549019002,-0.28717066993379936,-0.27231894353557295
#18,0.2746567279940423,0.009931122527772344,0.5732479486044333,0.4823845950574322,0.41374735317635997,1.0,0.3259438478724171,-0.11542793604381801,-0.1172454502088288,0.43699478700147915,0.30119188570526484,0.5581532463699479,0.7117935940862152,-0.22593114998266908,-0.27404722928613834,-0.0769622529488275,0.4908791401126337,0.5692985617065964,-0.0878893018562942,0.0928819748307234,0.0023906351347177464,0.08224732057367007,0.23908067278224493,0.06793920113114174,0.016841520040358698,-0.13999595040272902,0.2069570708370655,0.06726655616070724,0.558250711253419,0.4293252615936881,0.6621867138890891,0.16457906495485386,0.4959239773908925,0.18506865440119155,0.2405000909443455,0.19855861792049748,0.062153081640567355,-0.05675407619420221,0.1442583231235436,0.16357833396822782,0.3868278269106034,0.07756763342221856,-0.005892507215490053,0.17829004039301685,0.0960502699159537,-0.2656323034315189,-0.007582356110602052,0.05678015834611702,0.0641408161654432,-0.006430623191837659,0.19419054384718604,0.059080878693970565,0.21049600702845356,0.33428190001612973,0.13669724455792467,0.014009547440345656,-0.029149550254472575,-0.18749429452926863,-0.11760648210112325,0.05369834618565687,0.05871710131200088,0.10680984395323058,-0.2313219189600085,-0.4493975366093889,0.1809819930195925,0.20333302446574486,-0.2856675143366039,-0.3063094784599176,-0.0017646634887623675,0.04041017615748129,0.3120173514947475,0.09518269517857694,0.061855196010803505,0.1859417201179188,-0.05054240580396517,0.10018909560138235,-0.13039497300840464,-0.030670551534557135,0.09917189167670486,0.28548631201803787,-0.019565045798199645,0.3599426192657874,0.41100186350111706,0.35130942698198614,0.013577132816494902,-0.05467574051004334,-0.08355829189359855,-0.15224907082333802,0.07991228160487598,0.09367816683654384,-0.1350979968220957,-0.18340351491315673,-0.08495849162797242,-0.1994811024513791,-0.2057545463593091,0.3163936620370847,-0.15366574349576337,0.42014159863000067,0.1615356896498471,0.27772755819580147,0.21730070318854308,0.6789451828667716,0.4657167272390326,0.405733268814326,0.3539821611808351,0.5207253583721991,0.27471575602206,0.06525548497359182,0.2670036755243027,-0.3337026016946535,-0.3141725608898132
#26,0.20176397711634356,0.29171308260148876,0.48001935570221044,0.47716953741930834,0.2443739768761132,0.3259438478724171,1.0,0.09672016939671296,0.11744175272060868,0.4533277050794991,0.2854108110519687,0.17223486291426865,0.04917103371118135,0.10988067415498975,-0.009815811961412143,0.2071561188385206,0.33282953597792625,0.24408020948086223,0.10580087649757883,0.43014753575142334,0.04430877149632619,0.29633511446976013,-0.008421103206388754,-0.020363983293695327,-0.35549629873673155,-0.2151194116415626,0.05866356426333364,-0.02532782862653447,0.012170069357932922,0.24570279387893076,0.23825839862450968,0.1938226482307035,0.34549173436014646,0.3343313188302841,0.17272905105581238,0.31240858377346964,0.1629372621290586,0.1294573882843092,0.1820843071242025,0.29434875268972194,0.4840909168905957,0.4987051584319136,0.12921990342740067,0.10722990387354274,-0.12747514473878382,-0.1352654716922855,0.18532673043066436,0.25553851064048844,-0.05673211227680027,-0.12004447693273894,0.15955481884915937,-0.09882733272246189,0.2092632821642695,0.24539255354562833,0.018079735883893243,0.4030385706980751,-0.16427980658025237,0.015714496528671493,-0.2667387357706418,-0.12639616729641337,-0.2521519491260763,-0.1247859376018834,0.07148637379155556,-0.06037674982068521,0.0531300298228816,0.0859743228078123,0.08218417431113949,-0.017861469454711433,0.3880372151125479,0.3318384142051636,0.45929777237831476,0.2054923520953234,0.1532388198512631,0.18638923493498338,0.24993084797880483,0.20887067714070978,-0.28610816542948037,-0.23785618438708658,0.09680116134213262,0.26834759272033415,-0.025956545762165092,0.31125547810986764,0.051799840075226415,-0.051928878089962834,0.051484108762573484,-0.3191103240707375,-0.37035351611430845,-0.0381767203066712,0.1930168470110197,0.09769893646593705,-0.08269208990105942,-0.3230240196027963,-0.3665070850792932,-0.5023580324448242,-0.4974326239674385,0.023278320583965655,-0.06788840957214975,0.39566830366488553,0.09552176315346944,0.17798117280455203,0.1980218746889875,0.34191024307879214,0.27068400443396584,0.2603829271724545,0.42779190561006497,0.33791143736680085,0.19540542302848102,-0.13893893687776052,0.16014921736384946,-0.5005391455349758,-0.3885341487437669
#49,0.35800567629990354,0.2303733522772121,-0.10821690741179256,0.012190660530497242,0.0541156606162938,-0.11542793604381801,0.09672016939671296,1.0,-0.13548511086630494,0.0005827301835703034,0.06798450171078325,0.21286124638367532,-0.03146399805070233,0.13687981962132834,-0.10860813969051468,-0.17517253686677856,-0.0624248851184164,-0.07026188539639723,0.2038917316146568,-0.008195973053018838,-0.019109294512109326,-0.12358753135863988,-0.11393713515016113,-0.07935082896628882,-0.1115471863878622,-0.07815379546788292,0.021150566085652415,-0.000766677991811577,-0.21247275959462844,-0.09507973931575533,-0.25657493299289263,-0.06961394983303991,-0.19288506350660806,-0.12241658001214879,-0.14432696036542467,-0.18599937540109887,-0.08154859345132075,-0.26340571130489693,0.04862879950032088,-0.254488360839708,-0.05280057106185245,-0.11259870893348022,0.08518499452617996,0.005045523650677621,0.008392275564798704,0.048436615223053876,0.05475810520030063,-0.09846218259565458,-0.29044741186120177,-0.13158239729294718,-0.18054408741639125,-0.10202033721476936,-0.10153850377676424,-0.14089921650588394,-0.21063739974672857,-0.25198035602137364,-0.17950903780882468,-0.21989381818680998,-0.039749885890585375,-0.19663540240298985,0.049349490540072136,0.02571631541558134,-0.06057167958762745,-0.0882215061069986,0.250481318658691,0.22080806624866586,0.039579665530720315,-0.2062089249005618,0.15099026380723918,0.051475872293547754,0.06891247722101534,-0.10375685943436048,0.14226784310899251,-0.00196645697989272,-0.08459608699084036,-0.125233452418948,-0.13807273488522137,-0.0038278989797073996,-0.2501532326424995,-0.09969490745983864,0.45957232134583903,0.04667401085154794,0.14369000676076832,0.30639184315017487,0.036609045702107504,0.14286635985819546,0.14012361567262782,0.20096915785536074,0.05451101112952877,0.09965647060438523,-0.018188182726065337,0.03368098096346096,-0.03440167200321222,-0.03560419648096861,0.05882417540933535,-0.25401201838105336,0.08618847100248124,-0.1584621139584127,0.0002436622086778065,-0.1416583444010886,-0.16586395412286753,-0.15291622481442205,0.03209408793117057,-0.16044847573845092,-0.17950491957431183,0.02140315113577476,-0.23910126395480924,-0.0030605346154770115,-0.027204370819562985,-0.00148187805221235,0.04561699732657943
#50,-0.2146842515280366,0.2199912830702811,-0.1708936912079125,-0.13854495910936315,-0.057421230185286234,-0.1172454502088288,0.11744175272060868,-0.13548511086630494,1.0,0.05954212095941137,-0.0439189119624417,-0.0702920857828249,0.03641137044549002,0.24779348426662823,0.018455867969401518,-0.25350959377048393,-0.325462014434412,-0.21404455243370502,-0.2782409647650719,-0.18658004646741275,-0.025690233263666533,-0.17944177331178124,-0.1391613215414552,-0.25947279734511147,-0.1822998280637091,-0.3849375572691987,-0.22766629945742262,-0.27965489194782195,-0.04572818965842677,0.014936150205740132,-0.02133588663873131,0.16338065871161034,0.023261847645914196,0.09730633144237733,-0.1307573776455367,0.16635402402989838,0.09869966745256309,0.07717777388833408,-0.07354411830315011,-0.14900252928236332,-0.17940333645632783,0.2493268402502514,-0.04959109363149351,-0.23374344085357274,-0.03362744391479373,-0.22715838386750267,-0.16375953628679385,0.033310339857303174,0.18511258223599542,0.2842192685329133,0.17207013353375408,0.20148942814881926,0.02125077645879878,-0.17989203361852107,-0.15761375764876265,-0.13774464886902985,0.26182019101744414,0.1615480443533857,-0.04002168936843442,0.02311221845861346,-0.057275719232498364,-0.06441811062264274,0.1821790265179984,0.029119349868044903,-0.27747771863535436,0.03246472903732837,0.2195876960880204,0.25631548421858213,0.00257458294295902,-0.052390120355403635,-0.025742397567496147,0.09802015875794047,-0.038230257355338436,-0.12301784225102698,0.2098329712718824,0.12152978684704534,0.0726861527796367,-0.0542694080381074,0.020134734905812544,-0.30771105093912904,-0.13109919111010443,0.00913904875646477,-0.40298091541489495,-0.10926568446773535,0.17880756519680013,-0.10370744062020612,-0.09828098027708855,-0.08850703703322385,-0.1479523794815829,0.0780178937289584,0.13239506223681907,0.12417232065946662,0.058649836814957425,-0.11949400625285274,-0.07561970849763373,-0.19285349037534275,-0.2045890859921685,-0.027028659480347442,-0.27337321157086625,0.07364295593145885,0.045385003449021404,-0.02742538273842004,-0.17119020409283872,0.1777176057957287,0.022423100550127494,-0.026636054456787708,0.1280695432534739,0.0026185107777629063,0.0648505252464935,-0.06378664799733688,-0.14084293396754144
#51,0.3706816021305,0.3362160974923384,0.6358684498622107,0.771428375322166,0.27672819995401304,0.43699478700147915,0.4533277050794991,0.0005827301835703034,0.05954212095941137,1.0,0.5163778754714521,0.2768146828787832,0.26380792554232,-0.106938881967967,-0.005097687954507236,-0.015879225909186067,0.56428117932509,0.3737016407732672,-0.15627807692175696,0.1256672397876364,0.15283797835867763,-0.05780010776046975,0.02529488275043156,0.00137754944455312,0.0034792217909515523,-0.18862406353063108,0.14479918458956645,-0.004729792338024689,0.11389595280503248,0.06107547694303452,0.315656498059282,0.11890784420718838,0.36758880801133886,0.1678338429648543,0.18900019561613937,0.07942358444268276,0.0621750455579693,-0.21053856211841984,0.14836283018803173,0.07630058993709397,0.24669117016201822,0.22663948631888176,-0.023717598932004515,0.06556847079656951,0.09523348673756894,-0.24082131323634892,0.017363163078654847,-0.10693476373345413,-0.11277991125204624,-0.09735163202201882,0.21542141550583932,0.02023631802379653,0.2633274648491525,0.1409362806164997,0.17129865093501082,-0.002173741450373558,0.08715625611300436,-0.25372099647547763,-0.12149134999159193,-0.10757446282778572,0.059539375469736124,0.1316400525761273,-0.14299951610744474,-0.07094413958069509,0.2230566222926898,0.3156839529560344,-0.19719273680706415,-0.0917357328913095,0.000979453441642901,-0.056872132250237656,0.10390237038714836,0.0018566373928830043,-0.11581230459835203,0.008856263319914752,-0.05493656202919142,0.017444155024074513,-0.06162182938840786,-0.09301375833513506,0.22834580815204522,-0.0282998211999849,-0.09545998963577648,0.14158421617985703,-0.11054645540123616,-0.02051223973615844,-0.0677950629231915,0.006847937622474578,-0.09964548864568426,0.07273557159379107,0.17059168734363578,-0.0443732905036944,-0.016256730739531964,-0.10081643999217535,-0.2889181741120915,-0.289347843246267,-0.3255539883385326,0.3176661965015598,-0.03994618840236524,0.39319049923297883,0.19931225483635165,0.06159711998133067,0.13870694300020248,0.5040643542779877,0.1250042040310652,0.1682291934780893,0.488825513835552,0.348916732730012,0.32055307889507767,0.09011040300356571,0.3075284758757254,-0.2663090666364663,-0.24915250165587347
#52,0.22167152275152976,0.1873570200455065,0.29885135575712024,0.4560306396647757,0.4521636174571961,0.30119188570526484,0.2854108110519687,0.06798450171078325,-0.0439189119624417,0.5163778754714521,1.0,0.36687498069577573,0.2843661522305388,-0.11746783487252348,0.03440441749288747,-0.026900994210448646,0.29612371176476643,0.21084880245172227,-0.07708030900486294,0.11382319732863855,-0.05242169348666893,-0.12578255035399658,0.09044672548878296,0.012032794874170777,-0.029606674285400515,-0.022506837985222402,-0.01021116247464712,-0.07351117242704719,0.1656250965211214,0.11364474049974777,0.13948528932313384,-0.12842645691125548,-0.07016579325776373,0.014303314835596647,0.02603891045242238,-0.060755627395868726,-0.08367772069447162,-0.062184654771832645,-0.08418563628439155,-0.09703452796452827,-0.0345856198114535,0.014706901817857351,0.08945560371602028,0.16423450600061087,0.1389718827538634,-0.003542368053482139,-0.030643096637804706,-0.08412249002186097,-0.07913393528194464,-0.07719836506089839,0.10826220799143407,-0.013380830304715036,-0.017683012625820643,0.014311551304622375,0.017818914364745166,-0.16845157814178396,-0.004913740146265963,-0.12451962510338485,-0.21162303054014078,-0.08190825259877757,0.08115187019324815,0.023432068005779256,0.0538603300764962,-0.10563065613771376,-0.04387910236215068,-0.054266662548432154,-0.024030584754982206,-0.0007282411363581766,0.12012821436783384,0.008279710488113746,-0.08983310854636617,-0.07825949682037978,-0.03995579761622859,-0.03672023803395484,0.060640316829508524,0.013662242996427432,-0.0349315515105341,-0.15975249410577685,0.23052847244386332,0.003455885128711988,0.03367548998411048,0.4272194710127768,0.20713964590046913,0.07455171301396425,0.09446337688366331,-0.046065884888481644,-0.0655286611962785,0.025283900791730585,0.18674203035825207,0.20365287401291066,0.07198056193309928,-0.042661477691180456,-0.023565224255028536,-0.17018810036137508,-0.22814264191607725,0.1667136831773552,-0.16531485618781894,0.07735073973787437,0.07586817531324322,-0.1340107829106995,0.1001465405114161,0.1793292082350963,0.00813282679048825,0.030633487423941355,0.1486758160110094,0.1242354669219972,0.01292096078411185,0.16370325374845138,0.14191367494088616,-0.20061087145274153,-0.12789932289360884
#53,0.25607937210651127,0.06850751749391702,0.2152662953391881,0.2454927639187747,0.5063527199223027,0.5581532463699479,0.17223486291426865,0.21286124638367532,-0.0702920857828249,0.2768146828787832,0.36687498069577573,1.0,0.662847004155985,0.011405450483377776,-0.3918246181195455,-0.404851966628573,0.1929084001688476,0.21801178501443097,-0.1658049260948498,-0.031060411068441627,-0.13685648295908878,-0.23813759707879897,0.026796665602789416,-0.08051903482310467,-0.18075274463170973,-0.2747871387536163,-0.030291673959373617,0.09382367778933172,0.39497781301156193,0.4138420725701558,0.3664576662651388,0.20034730444391824,0.20667153991084022,0.13562513083974234,0.038698363344967346,0.0550312814229873,0.07332173363945543,-0.09742438749841277,0.20701060788573272,-0.01986430417280112,0.07425657287387563,0.017483964624365536,0.22182389742850572,0.1024321606660558,0.18071018954174345,-0.1179867324211444,-0.004582908640399194,0.03242629218187496,-0.05139350760329047,0.04298819096253436,0.0934955917731402,0.0424720389035887,0.02002628806364045,0.053087474732915335,-0.07952928579517961,-0.27742692707636235,-0.020922690442607254,-0.11939242313486875,0.07729857543404475,0.05482262420766884,0.22756334359460098,0.1615727537604629,-0.152361635900023,-0.3797403453139639,0.1201062504504319,0.22663399533953127,-0.12157646017152447,-0.2084945450552015,-0.06594460288207779,-0.1466784722722702,0.05354048052933041,-0.029285451993397098,-0.025901635968660235,-0.006147837755287641,-0.029580592133485708,-0.055051872595551624,-0.09850061945110798,-0.04521752857883159,-0.16764989515661302,0.03985284175340698,0.23659875011582535,0.4519261326002876,0.3934362205589131,0.6068184236084657,0.4072954524395392,0.21478858013569582,0.22905002625374501,-0.14097334472711548,0.01964603774361931,0.5085024383380178,0.0896299423103982,0.23697625494617125,0.24968238116319533,-0.06960571336401418,0.02306279964445909,0.1040259174225343,-0.32354154440657956,0.08922772807297512,-0.039725176483508186,0.13796428804304928,0.058980668320824194,0.35768994498725065,0.39224467803985763,0.11875684227505003,0.07109514151283344,0.28776369570365185,0.008570732393689492,0.1943154636274096,0.07660808478072118,-0.13473559218496364,-0.12703037541139447
#54,0.18269243308726882,-0.03967301217967857,0.23558566442566073,0.2310514882269971,0.41468631064529304,0.7117935940862152,0.04917103371118135,-0.03146399805070233,0.03641137044549002,0.26380792554232,0.2843661522305388,0.662847004155985,1.0,-0.02329342077717949,-0.3435081180697835,-0.24787584895688552,0.10622230916272861,0.313825256445895,-0.12236853394283204,-0.15377007210342258,-0.13571573199902534,-0.2235823835654988,-0.02673214659542121,-0.06724871047781816,-0.21781136426813824,-0.3679045393239918,-0.09127037239135583,-0.15074042424679207,0.542737321843459,0.48470453383301243,0.48428035567818745,-0.00969912865021432,0.2636788875275836,0.027887997748698466,-0.046737157114078526,0.216796905833136,0.09522662301338083,-0.003626105488577047,-0.02856750644332108,0.046997978633226606,0.06915133482276148,0.07510355643868807,0.16569922474235296,0.246151681440833,0.10590932333975092,-0.3913894580060195,-0.18610782224327097,-0.1249712581549623,-0.07758685184994527,-0.10703909234111336,-0.06198148853586467,-0.05741024822658526,-0.0723278663770175,-0.03350664236908304,-0.08011956607535682,-0.26981505695175145,0.0035478590328326246,-0.08216221039373754,0.00039466414081616545,-0.06777172626095193,0.24042458997827632,0.22564561905644384,-0.09625892713127215,-0.377865175865773,-0.03794884466362604,0.14456719071200844,-0.02506014338319829,-0.14751447387838168,-0.022734713628267563,-0.08168312244540765,0.06617110578028533,0.01842017660362336,0.17389039318844013,0.1037184225789071,0.08310940433169633,0.12489712993373074,0.08809933181645029,0.023595424641456208,-0.1436954977401188,0.11474156362500729,0.18135675236026316,0.30868295428416503,0.4174002271892706,0.6472608592696311,0.2502671704640221,0.03933257145994845,0.12443588766828993,-0.1018816899861696,0.10667668770398131,0.26297192393620855,0.0502692295812785,0.05516992865158706,0.10058719160429257,0.034346762209707365,0.01672895496367374,0.15380713621403838,-0.28756052946768385,0.07557852615250508,-0.11249438032582099,0.08029665015941,0.000880615813334157,0.3958000871692972,0.28841025852217156,0.29071509710453797,0.06719242793947568,0.31291649936338956,0.023821927539663747,0.21794726600706277,0.14554183954671965,-0.05724963708058355,-0.09899618033748932
#58,-0.1046477708339768,0.05359264483316002,-0.22088219446989743,-0.18912236990668768,-0.014646501045002008,-0.22593114998266908,0.10988067415498975,0.13687981962132834,0.24779348426662823,-0.106938881967967,-0.11746783487252348,0.011405450483377776,-0.02329342077717949,1.0,-0.07454484928977614,-0.1512222576847972,-0.31456379316853533,-0.411712945327005,0.03216821615240213,0.12188807324966454,-0.22036466966611415,-0.1733001129082629,-0.41185021981076714,-0.2976241218722867,-0.4050139505194123,-0.4311633669312632,-0.3935103487801446,-0.27354068644105606,-0.12876415214131035,0.1612844773445624,-0.26649850542405806,-0.1869149962077924,-0.024887177533657986,0.2178017550542749,-0.07751409637355132,0.20185183278595134,0.22186507977363437,0.3265107914903548,0.052664669322927925,0.1852251473126804,-0.09324300672301784,0.37793655859732933,0.24230525040581768,-0.010894789403782598,-0.0880938408370998,-0.028634770940364533,-0.052446402893746115,0.08124384409736879,0.04101418388603472,0.04645299893269089,-0.0630838026404747,0.12757947334644304,-0.14569558696853327,-0.24685864503220803,-0.337947128732579,-0.0005017382381506382,-0.08460981443921657,0.3489839972270554,0.013733625727983747,-0.04543304951833815,-0.08551719877688435,-0.12669817116069007,0.5783216135242821,0.2943611073932605,-0.3550185835332393,-0.25103865306276535,0.7198474880485403,0.4956988472375226,0.25205036600809233,0.24047126330275545,0.12876827037582322,-0.10130650989920621,0.3368887424627729,-0.005634431186017221,0.4732119140524457,0.19697584312271996,-0.010756142175182833,-0.23921245628665658,-0.09694804503975812,0.05610888612052013,0.14403593845984894,0.10078898509542293,-0.29329997563377913,0.05998826303163834,0.5082690717156222,-0.11893118086942794,-0.08007975647506581,-0.07415361701105402,0.10436773088710204,0.19691818783953985,0.19076005449797007,0.1008960591927574,0.12399798206508869,-0.04837621445019853,-0.06820963186415317,-0.4721164636720238,-0.2781476181161136,-0.13972414692487997,-0.21730619416789357,-0.055028535933312056,-0.038827401359703764,-0.3275183862011689,-0.20442435661165392,-0.028435722938909423,-0.21960279628123425,-0.030062425571490834,-0.058383524316458865,-0.15830699379176147,-0.02047243013586742,-0.05841509744772416,-0.05211282589820411
#101,-0.16257485749192654,0.016485979127414743,-0.13008198718542693,0.01010820661182551,-0.04365259946394314,-0.27404722928613834,-0.009815811961412143,-0.10860813969051468,0.018455867969401518,-0.005097687954507236,0.03440441749288747,-0.3918246181195455,-0.3435081180697835,-0.07454484928977614,1.0,0.4541142878714562,0.06818766794675123,-0.24547903647039848,0.32064368005436067,0.19973368750150144,0.494584178429374,0.22126381753475619,0.2961003751025269,0.09094915009935241,0.12031490766575036,0.3345742946665431,0.2752675994467838,-0.20461654088892092,-0.10517078661711057,-0.29551009482234963,-0.31746440301042944,-0.24230799589549293,0.002037839711449035,0.24313301554290342,0.071412245570324,-0.07263261573096946,0.4646116676447474,0.27908245735053383,0.3163867983128966,0.20983708950639526,0.052502685432088594,0.21870227566775458,0.12399111834090058,0.06346954393984632,-0.09012138496226668,0.1028673207795818,0.07773922652692124,-0.06621777910476445,-0.18851973492297186,-0.32342486109538177,0.04039370321942983,-0.19100165758939142,0.06022986612305971,-0.10538630755661714,0.4148249578738928,0.3389670781469317,-0.26347709403645325,-0.1558703717049834,-0.4868707251867791,-0.3566837230212741,-0.39855106782389055,-0.29662339088566064,0.24583595012818005,0.40533654555625337,-0.2160213049998799,-0.19954699420358493,0.03679162076551116,0.15734881789510172,0.3704262715907024,0.24464578035396226,-0.053537735039655164,0.02719750709537488,-0.06082289189291218,-0.16500736134419175,0.0027708854547388866,-0.13164417081064014,-0.3376986619169695,-0.3907552498910384,0.2037832847724847,0.04660400086482925,-0.07671378613321803,-0.11772179266748345,-0.3006963248188835,-0.4665664562935203,-0.35241448657627145,-0.45846588900671614,-0.4842076002017935,-0.03028618298002313,0.18461702134961408,-0.1949112348869373,-0.0672898928229468,-0.5014465298726436,-0.4184984230593678,-0.28638683263151754,-0.364792526777104,-0.020438111514926884,0.1472481613798831,-0.042903080782601834,-0.04954716579668963,-0.1894504559228792,-0.08814737788576704,-0.30564918819302167,-0.1018308984271776,-0.14177090947777354,0.005671495296633,-0.13907621136152265,0.035517713556198455,-0.5246870999735747,-0.22650907555930772,-0.2940083119699918,-0.4406449155247146
#102,-0.14047915658557175,-0.1567269644836592,0.14579579734167963,0.11677048049501179,-0.09188261658893498,-0.0769622529488275,0.2071561188385206,-0.17517253686677856,-0.25350959377048393,-0.015879225909186067,-0.026900994210448646,-0.404851966628573,-0.24787584895688552,-0.1512222576847972,0.4541142878714562,1.0,0.1557687885869994,0.13654761537062396,0.5355853212394514,0.41085223431381634,0.0006664676186652115,0.5726151132342898,-0.03490272386894405,0.18069508934852963,-0.14338251191714113,0.20855494582805684,0.11121635488199542,0.01143839635948069,-0.15534323768733677,0.0009108161997618288,-0.0803803875945049,-0.1555175762817147,-0.06956041278437267,0.11467292638312622,0.1588643281958358,0.1876150960749793,0.10112118934612732,0.36548027194075233,0.2178717650409936,0.6041607896028306,0.33994584521615584,0.3377631809243377,0.13723947876878514,0.39898348244774134,-0.30898907638295464,0.07618390662589615,0.20051477931410805,0.10094959624142463,-0.2104081513588458,-0.3696657709506601,-0.14487331281079802,-0.2580025876240189,0.025978509679567035,0.08256030639664776,0.10570341161410769,0.6510386530627653,-0.4653515771122253,0.0753492777646223,-0.21438224766375988,-0.3051646092653413,-0.42095975455322304,-0.27064282208883716,0.16380620961127298,0.23783422046968464,0.0007680507366491985,-0.1122129676341086,0.14014695233486738,0.05640677175028399,0.49285863816848385,0.4887664858075343,0.3576048348073181,0.459888052658492,0.12866256902332637,0.20105838626980613,0.07747977775261079,0.07662318497393501,-0.27141567743241807,-0.19724627385573137,0.12971958254829488,0.4706366447370679,-0.001278711816244376,-0.15972092097451157,-0.011758245906646488,-0.3460751509161356,-0.34501539190149183,-0.3835153936174229,-0.4453397028693799,0.04587644610088988,0.25756468202081767,-0.2662472931187733,-0.0809308582743911,-0.500694265701627,-0.4891165357411278,-0.24308908770809953,-0.35630072721157774,0.05568058973118224,0.2093525105787149,0.17364879009701875,0.016505197555141446,-0.05788796343007752,0.030518176857581156,0.020394183680123,-0.047295864262990456,0.08329472488477523,0.1154979460305367,-0.06049206038704541,-0.1386369330134838,-0.4187070802746862,-0.0975094976783453,-0.2564115763572157,-0.20630089880468244
#201,0.37817404345423783,0.10191875409678537,0.7205009145912481,0.769488686866607,0.25094393366896944,0.4908791401126337,0.33282953597792625,-0.0624248851184164,-0.325462014434412,0.56428117932509,0.29612371176476643,0.1929084001688476,0.10622230916272861,-0.31456379316853533,0.06818766794675123,0.1557687885869994,1.0,0.5473250350907899,-0.012205760723711078,0.07821556898557588,0.16009979854969508,0.10719970348711508,0.28517195345022256,0.17479640478127026,0.20532075899062072,0.21692868933754766,0.5111586995988153,0.3513876734377306,0.17466736676653385,-0.1163229656779472,0.35639132837086074,0.16477674021147135,0.50889367061674,0.1829793367583317,0.14379158987875232,-0.1259637526725626,-0.028743217782536627,-0.33099143064035114,0.1959353025358029,0.12548466472423273,0.44593959236342046,-0.06512095597950492,-0.16543703047836725,0.010585921815317773,0.07782159121717853,-0.08771908149642915,0.2770617769495551,0.12739552553820177,0.025522758393476716,-0.054802033035104517,0.23493635611746577,0.025576295442143952,0.46567966312841685,0.4023480800447515,0.4061135191343471,0.26496240395075965,-0.046024702543352995,-0.40286423210369715,-0.0893608843222244,-0.07484410766437762,-0.08646439271484314,-0.06289024561837007,-0.41909831255340835,-0.22646514772450385,0.4714259730187002,0.3438101219340602,-0.4584754982205795,-0.4061588197139886,0.019441498762813716,0.009828166664950736,0.29280166925772255,0.23108855233761286,-0.13158788827229767,0.21032029568923802,-0.2687923620477235,0.06852948141131897,-0.2196714335231153,-0.00760981100735448,0.2189095601382354,0.14841499449186135,-0.20303239334630577,0.060537360966686916,-0.007560392193200109,-0.115337334884535,-0.3212902428728804,-0.019099685298245975,-0.16265859492702145,-0.028903828928538336,0.1430173617903338,-0.20404136080195753,-0.23798934063633587,-0.20558569874428165,-0.23336730876806447,-0.3320717808275592,-0.321070603698861,0.6056433540274617,0.167610085556322,0.6297569898451201,0.4598715797204405,0.23523561449206726,0.29347980520750755,0.6623335975867146,0.31860652671533046,0.21224213846190804,0.5066272688898269,0.4381973114792355,0.33515222024318175,-0.16469574826605168,0.12707293050136073,-0.3712705096658396,-0.2609416343213664
