,#10,#11,#12,#13,#17,#18,#26,#49,#50,#51,#52,#53,#54,#58,#101,#102,#201,#202,#301,#302,#401,#402,#501,#502,#601,#602,#701,#702,#801,#802,#901,#902,#1001,#1002,#1101,#1102,#1201,#1202,#1301,#1302,#1401,#1402,#1501,#1502,#1601,#1602,#1701,#1702,#1801,#1802,#1901,#1902,#2001,#2002,#2101,#2102,#2201,#2202,#2301,#2302,#2401,#2402,#2501,#2502,#2601,#2602,#2701,#2702,#2801,#2802,#2901,#2902,#3001,#3002,#3101,#3102,#3201,#3202,#3301,#3302,#3401,#3402,#3455,#3501,#3502,#3601,#3602,#3701,#3702,#3801,#3802,#3901,#3902,#4001,#4002,#4101,#4102,#4201,#4202,#4301,#4302,#4401,#4402,#4501,#4502,#4601,#4602,#4701,#4702,#4801,#4802
#10,1.0,0.3020388692700772,0.3452638587171013,0.530654421782715,0.3760270705281979,0.39642880430492783,0.0476376777275582,0.5123900517181618,0.13472872846077552,0.3363890633418787,0.4742497091496875,0.19022742950097293,0.3115684639328453,-0.0023700439621534247,-0.11732369666457323,0.050925401613661554,0.2702035437407983,0.12575509545724414,-0.37223554928668745,0.1439000367209244,-0.3287868024311311,-0.002294542996084245,-0.07355372751701346,0.11136323857962091,-0.10209583818083855,0.11245457072552996,-0.04610843997844791,0.2915318802829227,0.02961079251991338,0.015291691118684086,0.07142734576353783,0.20093072099990733,0.27583317031988386,0.20419510822377113,0.07428677326030331,0.07172934962781456,-0.03128142298729868,0.05298589161493134,-0.05497637162948244,0.23836547272184413,-0.12615868243950484,-0.15306448125688518,-0.020698933034074957,-0.18801868305724004,-0.24663763311335096,-0.14580266106586773,0.2682460096023501,0.19151643690349948,-0.03755212140555344,-0.08556661759103872,0.027789160120389723,-0.03355606118323741,-0.26332334661463963,-0.04447487362167839,-0.2735887325103728,0.08879531344912436,-0.39863068702447263,-0.04278777021624163,-0.2316664779142515,-0.14422400450260306,-0.05880907521612152,0.05765047857316902,0.13822510956219736,0.04876058300473254,0.18114534965526946,-0.04549482303603112,0.18915531578279057,-0.25912549290119324,0.21830967064419482,0.20778758146382645,0.29270420437425143,0.074933336078823,0.2945972195053314,0.17970259483092932,-7.550096606917948e-06,0.18667202037153338,0.09735300476685645,0.1926187510081095,0.1317237900112222,-0.08939932117767779,0.20655211110996716,0.1554146204188931,-0.1987645296461407,0.06860498237738814,-0.00903472014880554,0.10723814034256847,-0.034403044748049845,-0.077159928205445,-0.2238692872365617,-0.07271498042122676,0.022138942368739853,-0.2609718347077941,-0.1636099070994931,-0.13257351906570986,-0.32108158565756195,0.1727235600764619,0.004403079066670785,0.14138654092323955,0.17683493086513813,0.051720220874644375,0.313876048004887,0.21094214910068054,-0.04447899185619125,0.13629640306533922,0.253425856335389,0.23960917954472918,0.3759515695621287,-0.11086630494840195,-0.11362689481685868,-0.1625789757264394,-0.3090453589212971
#11,0.3020388692700772,1.0,0.2979027890743238,0.3429974569901883,0.2430808512390738,0.20521231214844862,0.44800694608887837,0.337693170937619,0.5382031456447954,0.5630896368060346,0.325733817912261,0.07865896556812761,0.18213921691770737,0.1377872039589961,0.10827181720529742,0.21537748767103543,0.3339030224409462,0.1224426621640636,-0.31053341432527876,-0.13516937955365202,-0.15710035107949222,-0.11547598211313477,0.04556895125726268,0.11797986869695629,-0.02663879994646295,-0.1939324678177132,-0.09140352864060511,-0.1233775013984838,-0.10437322186645252,-0.11669086129442975,0.09617793518585249,-0.17580262674724678,0.014170158586347367,0.012592874767920327,-0.18171366601804473,-0.15673108271817204,-0.1921849636394211,-0.0652541122287542,-0.17671412931942743,-0.08919615494170982,-0.12090930618044045,0.05191515064158662,0.10934667641315501,-0.040340166170762595,0.0028285407379189872,-0.0015024692247766717,0.22799438547361414,0.12295744147817164,-0.2270128729147148,-0.12696997463853912,0.11804164221464925,0.0984443369127655,-0.13419335797410317,-0.12004996791208943,-0.229496168325972,-0.13992868590568558,-0.1804823138986983,-0.20612244197579163,-0.07965283283056554,-0.10624701856980578,-0.09449906824944146,-0.06897013250419545,0.013198255241311383,0.11104476177729274,0.12346123883357871,0.0029960156081088036,0.1677253961226822,0.1859170107108416,0.13194480193007924,0.04471098573374928,0.36457151485824696,0.1415306791311898,0.08843428155682992,-0.06512781970369302,-0.10862735811824138,-0.11543479976800612,0.06397471404009102,0.08527971391997584,0.1547117750620309,0.053158857464471646,0.03943690006760768,0.014719256521395944,-0.0693641102725928,-0.16200791387398888,-0.02564767817370027,-0.029362325704303898,-0.14783706891522272,-0.17089643669758775,0.11215943058544135,0.10680572571871771,-0.05765185131800664,-0.3960224718329919,-0.18048505938837353,-0.024169231983581972,-0.08463177835661852,0.26813207178082754,-0.18951772041992265,0.4075686286622258,0.2839529560344147,-0.1732287301767066,0.17164595537892904,0.17223623565910628,-0.2936870896779884,-0.06678884095721498,0.13958275420660496,-0.19507596426745188,0.04102379309989807,-0.12932148654538467,-0.08072769203842313,0.05931012708185334,-0.13893756413292288
#12,0.3452638587171013,0.2979027890743238,1.0,0.5018226619581518,0.3470690181785735,0.3216965753448163,0.3577311273323793,0.06438241925686458,0.21436577472570842,0.47840638051800527,0.1927848531334617,0.09645522964305202,0.4484242605195153,-0.0354820221904203,-0.26556641167931305,-0.11261243638185643,0.4998225727297374,0.52714843146743,-0.40645533259891486,-0.20922072707430325,-0.14449031700110163,-0.12696585640402627,0.2107856561891917,0.2908207984570348,-0.03818495677569692,-0.37711840267410696,0.11123831879939737,0.27007313298122426,-0.03629880536880506,-0.27250151859897664,0.4383249767491343,-0.0713985181219478,0.437078524436574,-0.048823729267263125,-0.4389454574157392,-0.3007375071640121,-0.42828197551709585,-0.33172859461815385,0.13493052195190589,-0.0055671666889737705,-0.22479451725711855,-0.25060623843891455,-0.3151019091448829,-0.29148932519295645,0.1603880749655956,-0.08814600514092942,0.13316105385621185,0.1768980771276687,0.06448400237484857,0.15446468099125904,0.20368856537868882,0.40461722726133975,0.2758043426782938,-0.10204367387700893,-0.1795351199607395,-0.3337122109085168,-0.09271999093988408,-0.27534310041285304,0.19346710731775954,0.09919797382861967,0.11448623308520971,0.12806405227412343,-0.1575972847107112,-0.30233675489984113,0.13053636572667965,0.20069323614299883,-0.06014201045345194,-0.23412094568391864,-0.2020165621664659,-0.11366258618263683,0.36199075456351865,0.08953110468208945,-0.10682906238095728,-0.059872952465278136,-0.37651576769039113,-0.15652105275801598,-0.24905091853788947,0.13153023298911756,-0.24834120945683918,-0.19881257571545746,0.2617790086723155,0.20484304378712845,0.21117277023340095,0.0682563051886323,-0.1220335842024524,0.10281515647575218,0.052957063973341295,-0.07138204518389633,-0.21680102406764887,-0.08974388013192078,-0.24151729486902299,0.029940251280942527,-0.08152937502359406,0.31747813045880563,-0.04822933075257304,0.5287215970513441,-0.118231081002241,0.5698394231726193,0.4158490255227584,-0.10441577695641878,0.43038913884284474,0.625268114226098,0.24939959572664533,0.3296763410859098,0.42652898035945325,0.34678348725234825,0.5751794005909666,-0.09578533016229276,-0.13875773455919446,0.1302453438211039,-0.09641404729792338
#13,0.530654421782715,0.3429974569901883,0.5018226619581518,1.0,0.2954812671807596,0.23692820887685448,0.1323827075332805,0.24619560927563686,0.31642248967867476,0.6930734727355716,0.49020924063187443,0.20345931699080605,0.2291584730959171,0.17464814833880715,-0.011376622841787726,-0.04754982205795042,0.4025924286258481,0.047239581724647976,-0.2861328748365576,-0.06195540638394987,-0.264192294096854,-0.2638600898461496,0.1542189596653248,0.1475474197544846,0.05481301499380549,-0.03416418714630371,-0.0773974130623535,0.0699585087872829,0.030386393353169495,-0.06660901138348657,0.03250591138245701,-0.0038924179870756075,0.2149917463716638,0.11387124339795529,-0.05693390576793062,-0.08406620748351848,-0.12047140057723921,-0.04299368194188485,0.008215191480745537,0.08477866205424402,-0.000593712142271275,-0.12299038735427456,0.04873175536314249,0.004017337767299159,0.06027516670270122,0.029606674285400515,0.2630584068609787,0.08336061663698106,-0.08067003675524302,-0.07130654421782714,0.043953230583382234,0.07308013054803406,-0.07261751553775563,-0.25536829028062336,-0.334052651628247,-0.06273375270688122,-0.18819988537580606,-0.16855316125976794,-0.08122874390415495,-0.08182314241884504,-0.06075288190619348,0.08480886244067168,0.07465192338711062,-0.17117922213413775,0.12472690957386569,0.05544310487427373,0.1494376893958893,-0.16847354205918588,0.12609965441148713,0.10067916550841322,0.16201615034301461,0.07662318497393501,0.09193340814792698,0.08504222906306733,-0.11349236582277178,-0.02744460116614674,0.009990150555790066,0.08829426158339253,0.10902270863147635,-0.050498477969161286,0.278693970561487,0.19950855734813153,-0.11497493024740293,0.08948854959212318,0.0020803948014152997,0.06055520664957599,-0.0092049405086706,-0.06546688767858552,-0.10883052435420935,0.0923946504133678,0.09566864685109494,-0.16808505527013903,0.003388620631668537,-0.042281227371159316,-0.18633707063115376,0.27812565419871166,-0.0696578776678438,0.33881470346995574,0.2206062727575355,-0.10475072669679841,0.27922934104815933,0.22157543061289625,-0.14040777385401546,0.17050108618435278,0.20689667006421014,0.16349185104345768,0.297797087721827,-0.016238885056642883,-0.15279954150322422,-0.08336748036116917,-0.24768091918994328
#17,0.3760270705281979,0.2430808512390738,0.3470690181785735,0.2954812671807596,1.0,0.5245608074485135,0.27405409301032646,0.4053969463291087,0.32813063039874807,0.24317557063286968,0.32431989072951095,0.6359974878769471,0.7031974659130298,0.37708271130832877,-0.028551033505269625,-0.10358938456417068,0.36952849646689795,0.343886995644967,-0.37278739271141126,0.07516670270121865,-0.36497372909567,-0.24481737345866494,-0.08247107798220236,-0.07239924910857382,-0.10018497736686949,-0.14051210246167467,-0.14169403576686673,-0.16205733268814326,0.31142844395940794,0.13259273749343656,0.13056656611310732,0.3089643669758774,0.14232961662668547,0.2760143726384499,0.17270296890389755,0.16108405659826966,-0.007262506563436255,0.13032496302168595,-0.15109184692522315,0.21505214714451915,-0.14341133955873117,-0.10508155820266518,0.016849756509384427,-0.003845744662596478,-0.14038992817112636,-0.08983036305669093,0.13291945076479048,-0.08410876257348475,-0.1927477890228459,-0.22660516769794123,-0.044091877811982004,-0.08214299196601084,-0.24097094242364964,-0.14230216172993304,-0.3623380590074368,-0.08654401191542518,-0.36215273845435797,-0.12928442243476887,-0.04325175797135768,-0.06829062380957283,0.15174939170244384,0.38716689488549594,0.28462285551517397,-0.11609646277973966,-0.2581796717080721,-0.1658159080535508,0.36094472299725106,0.02742675548325766,0.27361344191744996,0.1332090999255286,0.17419239705271683,0.13066952197592893,0.123442020405852,0.11489119281230803,-0.10413024603019352,-0.030747425245463936,0.028695171713219877,2.676852433361818e-05,0.2235631651377721,0.13234427067782709,0.2891597772035129,0.41614004742833416,0.2217840878282147,0.392802012443932,0.3475302604440143,0.2354936905215401,0.11034328916526819,-0.13488384862742675,0.07807554901213849,0.16141076986962355,0.08705741848469561,-0.0666625484321538,-0.04268893258793289,-0.02414864081101765,-0.1315645516100581,0.05239561133475412,-0.18308641085566618,0.18833990534924344,0.20889401380294934,-0.12182355424229632,0.06800783837302282,0.3275197589460065,0.24462518918139795,0.3218599319804933,0.23292528493035036,0.242862584809892,0.2788120266175224,0.028358849228002622,-0.17934156293863487,0.06992556291117998,-0.03514844519487829
#18,0.39642880430492783,0.20521231214844862,0.3216965753448163,0.23692820887685448,0.5245608074485135,1.0,0.2433348090340338,0.3895842985445473,0.2584377477375449,0.2192225459612131,0.3035969346607776,0.4388932931119096,0.5554530572743465,0.35498289216746115,-0.14701891299200032,-0.2663804493680226,0.24742284316047045,0.501988764083504,-0.34116209714228846,-0.09132940041937355,-0.29801260866133356,-0.29969559383225747,-0.21639743708538817,-0.17315460195547502,-0.0027681399650636438,-0.10481661844900425,-0.21444676667112808,0.08809658632677504,0.3012014949191282,0.2188011132960633,0.3976629019139495,0.33794438324290377,0.4430170186041244,0.31340794201525807,0.26190392845253907,0.23400151688304557,0.19120070559084654,0.13556335732204938,0.1150421947444464,0.34849118183034933,-0.1800526447645228,-0.09675036978314064,0.07298266566456293,0.007165041679965132,-0.23643676622498602,-0.061698703099314654,0.26992350379392355,0.1586542982356797,-0.14715893296543772,-0.18113162220689324,0.1384831855916702,-0.10911056430108412,-0.3559561682573347,-0.0104596292902566,-0.28536962870684,0.013954637646840799,-0.47573090082948105,-0.22627296344723682,-0.28648978849433915,-0.22714465641912646,0.10215349346401864,0.1559650910987793,0.1632324022691472,-0.08384519556466143,0.010208416984971876,-0.0695041302460302,0.47275204453184255,0.0789335145356519,0.2732153459145398,0.14182307378160317,0.34632773596625793,0.2079303469269391,0.3312838252907645,0.045103590757309006,0.09475302604440143,0.18869132802767455,0.1977198708247108,0.0915696307659573,0.00042486452724383724,-0.2368774173178625,0.3232724864184058,0.4456979892719991,0.35352915538442004,0.32544828698603573,0.3075655399863412,0.3787629509895774,0.14585482536969735,0.07602878645924492,0.015367192084753267,0.2204333069079952,-0.008261864805224667,-0.12286546757405101,-0.1149461026058129,-0.037766269600222384,-0.2846379557083878,-0.029207205537652676,-0.1833170319883866,0.29555814089166643,0.24741872492595757,0.15552855824041567,0.29695559513636505,0.28309636325573895,0.3758994052582991,0.37983643745259743,0.4049164856359412,0.45919756200516837,0.2605229471458919,0.05446433780504964,-0.20525623998325251,-0.10758269929681145,-0.27943799826347776
#26,0.0476376777275582,0.44800694608887837,0.3577311273323793,0.1323827075332805,0.27405409301032646,0.2433348090340338,1.0,0.057002543009811696,0.22708837388078398,0.3915541873865341,0.137740530634517,0.039911869781424705,0.21875855820609705,0.15804479952777578,-0.09274195485728602,0.03623154087176161,0.28178676468064806,0.3242594899566556,-0.27376032561507546,-0.2732482917906427,-0.20866476541506657,-0.12478044662253292,0.024473981337533934,0.04847779756818252,-0.15299996224951695,-0.17082093573151858,0.07044171497012564,0.08002759217123619,0.20520682116909814,-0.06876696626822748,0.14950358114809514,-0.04288935333422562,0.18549695079052944,0.01448726264383792,-0.11556521052758016,-0.12124700141049533,-0.09654994903684791,-0.02734988177235086,0.015339737188000838,0.03489036916540546,-0.1067782708219653,-0.08914810887239308,-0.15152837978358677,-0.04877019221859589,0.002713230171558786,-0.015385037767642345,0.3448355623277634,0.2871843973821756,-0.16620027660808478,-0.05737867509531997,0.08095419493663067,0.02143197877736481,-0.024277678825754066,0.19658049260948499,-0.13027005322818108,-0.056774667366766535,-0.19299488309361776,-0.20157865656326465,0.10374862296533476,0.027241434930178766,0.10830888131591321,-0.011362895393411511,-0.008432085165089725,-0.16840215932762959,-0.04605490292978067,0.10998500276264898,0.14245865464142188,0.28192129367473495,-0.03461444745304355,-0.1635247969195606,0.24529371591731958,-0.022487619557495703,-0.14599209985345948,-0.061005466956315826,-0.2501710783253886,-0.31336950515980466,-0.07449268498594652,-0.30154605387337113,-0.07281244530469788,0.17135905170786617,0.21667610428742531,0.05407447827116515,0.17097605589816978,0.010322354806494455,0.019339915644829727,0.04135462460576484,-0.02118763019626819,-0.05150881816965067,-0.04882098377758788,-0.0566634750349192,-0.17874853716878242,-0.09465144292641745,-0.22434151146070347,0.198553126941147,0.040208382666350934,0.2156891007491755,-0.09732417712526639,0.2331394331250193,0.2980785004135394,-0.09240288688239352,-0.0006499946806137543,0.30171352874356094,0.07557166242831698,0.21773037232271858,0.0015395333353924506,0.07959792303706067,0.04902415001355585,0.008504840641483663,-0.066777858998514,0.2582112448393374,0.166112420938477
#49,0.5123900517181618,0.337693170937619,0.06438241925686458,0.24619560927563686,0.4053969463291087,0.3895842985445473,0.057002543009811696,1.0,0.5089156345341419,0.25458719846801675,0.5410804188244499,0.3753612892819515,0.3750496762038114,0.3253810224889923,0.10106627955262246,-0.07700343529395615,0.1320628579861147,-0.25322269009942105,-0.17839162351100082,0.09424785594415674,-0.14523159921341722,-0.20367758341998785,-0.07650238342822432,0.003061907360314633,-0.03949455535078778,-0.06404060579229684,-0.1408841163126701,-0.1879322001324699,0.02325772941140133,-0.022328381156331616,-0.1257139131121155,0.1326792204182067,0.14331936565461054,0.14391101867962539,0.2626356014509913,0.09221070260512651,0.02703552320453555,0.03555477766681424,-0.11662359679738629,-0.20327399643772714,-0.12868178745105308,-0.15883000957489524,0.10631702855652449,-0.08515342139491466,-0.21834261652029774,-0.24275139247804467,0.331865869101916,0.09645797513272726,-0.07644198265536897,-0.2678396771304142,-0.07199017114696263,-0.19228929224708036,-0.32208231664418796,-0.2896004282963893,-0.21562732723148254,-0.006788909594456856,-0.3761808179500115,-0.23857824817167547,-0.44886079337787893,-0.5255327107935495,0.025444511937732294,0.15824384752923087,0.23959682484119058,0.31043457669697,-0.15088593519957993,-0.2016006204806666,0.4528225349792544,-0.09228345808152046,0.5045667788885572,0.34476143410653187,0.4155305487204302,0.15930909752322514,0.5429308788655637,0.1672119895534118,0.2933315487650444,0.26111048193639386,0.2379975771053616,0.24478717307223727,0.09669134175512291,-0.2060112496439443,0.1587833362504161,0.13266000199048,-0.08747061468081967,0.15312076379522765,0.2939245745348969,0.36790591206882944,-0.02699022262489404,0.10468483494459259,-0.09165474094588984,0.17905328652273436,-0.02559551386987065,-0.40657201591011266,-0.23923716569373377,-0.4444378095110626,-0.477402904041704,-0.05638480783288204,-0.341377618081795,0.14455620875330746,-0.04265598671182997,0.03890152958093532,0.12386208032616418,-0.08874589463496999,-0.19990802609587938,0.12294645951947067,0.12675582644387018,0.075368496192349,0.2568371272568783,0.12538582709592397,0.01768987635000875,-0.24086112283663993,-0.40599958131282454
#50,0.13472872846077552,0.5382031456447954,0.21436577472570842,0.31642248967867476,0.32813063039874807,0.2584377477375449,0.22708837388078398,0.5089156345341419,1.0,0.5013147463682319,0.5653615295122981,0.26534128152594316,0.40365767861984236,0.3096081843047219,0.22965540672713608,0.013693816127692725,0.3787986423553556,-0.048575262451653646,-0.35861105677329463,-0.0733642887294217,-0.08734020392124563,-0.3501755397461108,0.07264908866902092,0.11765178268076476,-0.050749690274446015,-0.4189500561109452,-0.27962057332688145,-0.42632581412348525,-0.14310933569445444,-0.2940659672531719,-0.1609783552457728,-0.08442312114130006,0.030474249022777268,-0.1255601656903019,-0.14767096678987052,-0.1568930666090114,-0.2544334510462032,-0.1545456729366787,0.05481301499380549,-0.14711912336514668,-0.10892249825832999,-0.23218674820771001,0.026929821852038696,-0.13057205709245778,0.08872530346240566,0.005759350966240772,-0.09621911753098114,-0.16084657174136113,-0.20517662078267046,-0.20976982500935182,-0.27351048605462835,0.028350612758976892,-0.01260522947145892,-0.3594099942687903,-0.17378881007045613,-0.20688294261583393,-0.010918126066022164,-0.21792530208966082,-0.014675328686592057,-0.12691506484503426,0.0365513904189274,0.10254609848757837,0.0848486720409627,0.12098206165683438,-0.20034730444391824,-0.04383654727218442,0.2743670788333042,-0.09234934983372628,0.13830335601794178,0.07071626393764993,0.45820232199789285,0.056604447006901475,0.2572654236462162,0.09383054151351983,0.09282981052689379,0.039845978029218874,0.008688788449724935,0.2059151575053108,0.06267609742370113,-0.10401081722932046,0.15634534141880044,0.13439103323072066,-0.023650334434961066,0.053565189936407596,0.1255354562832247,0.20163082086709427,-0.07444875715114264,0.19139838084746402,0.04991368866833455,0.2640234464818266,0.06227662867595329,-0.1870824710779822,0.08994704636788875,-0.020505376011970337,-0.0748688170714548,0.1404544471784946,-0.3217075573035173,0.34853785515482844,0.1638638648944531,-0.23496655650389345,0.12471592761516472,0.14767233953470812,-0.2258927131272157,0.04188862234759958,0.114274830380216,-0.23769969147559775,0.16374169060390478,0.051567846197668396,-0.0029603242423306463,0.07309385799641027,-0.11736762449937711
#51,0.3363890633418787,0.5630896368060346,0.47840638051800527,0.6930734727355716,0.24317557063286968,0.2192225459612131,0.3915541873865341,0.25458719846801675,0.5013147463682319,1.0,0.599158507414538,0.08769986306870245,0.21789510170323315,0.10874678691911444,-0.004698219206759395,-0.006813619001534043,0.5259912075693151,0.1360012629252506,-0.450455922879195,-0.31299611856397164,-0.24580574974175237,-0.18593073815921782,0.3158926101713529,0.2706551767923758,0.04887452082625512,-0.07157148397148809,0.05748849468232969,-0.017198433698140274,-0.01869609831598527,-0.2137562760178045,0.01832408446498986,-0.1758740094788031,-0.0008215877853164349,-0.044587438698363346,-0.26403717393020276,-0.2379975771053616,-0.29984934125407103,-0.13903777450606924,-0.03478878604742147,-0.05172433910915724,-0.10283300215864126,-0.1699588519734923,-0.07057487121937492,-0.035277483209614706,0.20783150929863034,0.2206378458888008,0.2216797592205555,0.08241067720934701,-0.11832854588571212,-0.0004234917824062158,0.008938628010172039,0.1126234183405574,0.09918561912508107,-0.14094588983036305,-0.3120255879637733,-0.135321754230628,-0.11370925950711597,-0.22546167124820257,0.07145205517061502,0.038235748334688915,-0.0036741515578937976,0.07691008864499789,-0.04247341164842632,-0.2017090673228387,0.09276254602985033,-0.11579308617062532,0.07296481998167385,-0.12433567729514357,0.014881240412235274,-0.07742898619361879,0.17525627430187346,-0.17941020018051596,-0.009339469502757502,-0.09670781469317437,-0.34066516351106946,-0.3217171665173807,-0.1288698534938072,0.021228812541396837,0.11007697666676962,0.06194991540459938,0.1939063856657984,-0.029749439748513146,-0.07272870786960296,0.05574099050403759,-0.15661577215181186,-0.05657012838596094,-0.11212099372998796,-0.029958096963831605,-0.056597583282713367,0.1449941143565087,0.012960770384402872,-0.17970671306544217,0.008686042960049694,0.11142363935247626,0.037121079526540306,0.2923335632680936,-0.07252828712331023,0.3796620988582195,0.29011246212082215,-0.14087038886429387,0.17426377978427315,0.29586151750078077,-0.2152800227875643,0.09208029184555248,0.06770583450874611,-0.01458335478247142,0.1975798508512734,-0.0991869918699187,0.043581216732386824,0.21846479081084605,0.01049669340087238
#52,0.4742497091496875,0.325733817912261,0.1927848531334617,0.49020924063187443,0.32431989072951095,0.3035969346607776,0.137740530634517,0.5410804188244499,0.5653615295122981,0.599158507414538,1.0,0.22332568028086358,0.2526433917779448,0.3247756420156012,0.06988987154540181,0.05521797472090381,0.41816759155350103,-0.08115187019324815,-0.3019976869249486,0.04589429178377896,-0.29467134772656295,-0.0955505907950595,0.10532727952859942,0.14470995617512106,-0.020940536125496335,0.10494702920857828,-0.14166932635978957,-0.08380675870920803,0.05428038999680837,-0.0873704043076733,-0.2047112602827168,-0.00991739507939613,0.009854248816865543,0.02856613369848346,-0.01548524814078871,-0.0841307264908867,-0.18172190248707046,-0.05339771506621778,-0.06935999203807994,-0.05905891477656862,-0.06360544567877084,-0.16005998894940407,-0.013210609944849976,0.002518300404616541,-0.06879716665465514,0.10162635944637201,0.20828726058472066,-0.11686519988880767,-0.34015999341082476,-0.3286138365815908,-0.34755222436141625,-0.19927381798089824,-0.17464128461461906,-0.2664051587750998,-0.39614739161321544,-0.07159482063372766,-0.3259905211968962,-0.13841180286011387,-0.13982298455318873,-0.11123008233037164,-0.007313298122428248,0.11993191185605398,0.1165343683829409,-0.0022341422232289017,0.0793494562214512,-0.1626229035612433,0.30438626294240995,-0.12647304100732015,0.32251610401287634,0.19557289789867083,0.24216934866689316,0.06681217761945454,0.3118992954387121,0.22573622021572684,-0.04210688877678139,-0.053684618737280664,-0.0013528400374759342,0.10247197026634682,0.23882808773212258,0.018911619255491837,0.011824137658852317,0.19068455353190086,-0.07328329678400203,0.11168995185097481,0.22511573954912195,0.21530198670496625,-0.03202270519961426,0.0884329088119923,0.017339826416415283,0.21185639716253643,0.061043903811769225,-0.29062312320041733,-0.009674419243137134,-0.16911049566384223,-0.09960705179023085,0.16661621829388407,-0.07402046076180475,0.20656583855834337,0.08385205928884953,-0.21173696836166336,0.13818667270674395,0.07433893756413293,-0.22827167993081365,0.008786253333196058,0.08273464499102567,-0.0004660468723724806,0.21876679467512278,0.08982075384282757,0.09743125122260086,0.07154540181957328,-0.02429964274315601
#53,0.19022742950097293,0.07865896556812761,0.09645522964305202,0.20345931699080605,0.6359974878769471,0.4388932931119096,0.039911869781424705,0.3753612892819515,0.26534128152594316,0.08769986306870245,0.22332568028086358,1.0,0.6106415179812414,0.6307316386798313,-0.031012364999124874,-0.21634939101607142,0.14600857279151094,0.030740561521275828,-0.26040900932436933,0.049147697048941785,-0.2177056629156414,-0.39697790223997637,-0.1655619502585908,-0.25360156767460457,-0.062389193752638246,-0.2150754838067587,-0.13185557351563384,-0.21641391002343963,0.21236431275245635,0.11466743540377573,0.049235552718549555,0.17815688414376757,0.08697917202895118,0.22475608040166514,0.32080703669003763,0.12575509545724414,0.09706472835095595,0.05964919505674584,-0.1598376042857094,0.04633631562149307,-0.12858981354693244,-0.16101130112187573,0.09317025124662391,0.020107280009060115,-0.2058753479050198,-0.24438084060030132,0.21556555371378958,-0.02493522360297474,-0.041891367837274825,-0.208064875921026,-0.011678626706064444,-0.22997388352946424,-0.3159859568203111,-0.13205873975160182,-0.36299972201917036,-0.0820317996341635,-0.26495004924722104,-0.11245182523585472,-0.2294330220634414,-0.24416531966079474,0.08115873391743626,0.3045372648745483,0.17165831008246765,0.07109925974734631,-0.13105389053046293,-0.16514326308311628,0.4461345221303627,0.0644483110090704,0.3851489599741924,0.22346844574397623,0.25671220747665474,0.17290613513986555,0.5463050856764372,0.1359037980417795,0.25351233926015915,0.2408268042156994,0.14470171970609533,0.031636963900242634,0.010985390563065614,-0.15609687460319094,0.24352424782162554,0.42519879061179805,0.26143033148355965,0.6305641638096414,0.42270039500732703,0.33576034620624806,0.06586635642633336,0.0017481905507109102,0.06861596433608912,0.44401912233558805,0.010148016212116532,-0.07379807609811008,-0.12055788350200936,-0.10329287167924445,-0.22677950629231916,-0.14293499710007654,-0.20804428474846168,0.11063156558116868,0.09822607048358369,0.05892301303764409,0.11892706263491508,0.0186274610741042,0.14688026576340057,0.176342115468432,0.0702412942238329,0.21064014523640381,0.004254822624207669,0.005767587435266501,-0.13194480193007924,-0.030936864033055695,-0.19013133736233942
#54,0.3115684639328453,0.18213921691770737,0.4484242605195153,0.2291584730959171,0.7031974659130298,0.5554530572743465,0.21875855820609705,0.3750496762038114,0.40365767861984236,0.21789510170323315,0.2526433917779448,0.6106415179812414,1.0,0.3156043337554524,-0.207488323089225,-0.21503841969614293,0.3879273955255382,0.3288499486936617,-0.4371210795265403,0.04267108690504381,-0.28802177173312465,-0.32949788425701904,0.005130633830610151,0.06913760737438526,0.009465762027818674,-0.30628888728735326,-0.035486140424933164,-0.016072782931290688,0.06869558353667116,-0.10317069738869614,0.17534550271631885,0.08171744106634819,0.28034538260114555,0.20085933826835103,-0.04398205822497229,-0.010607885732719716,-0.14321091881243844,-0.0319485769783827,0.08118481606935107,0.2427157011122665,-0.3077137964288043,-0.3295843671817892,-0.10362644867478646,-0.22118419833417413,-0.022272098617989136,-0.07790532865227344,-0.016156520366385596,-0.006441605150538631,-0.029765912686564602,-0.05940759196532447,0.05677329462192891,0.07786414630714479,-0.08981526286347709,-0.11305995119892102,-0.30897809442425367,-0.17942255488405454,-0.22834168991753234,-0.1391421031137285,-0.027148088281220506,-0.06524724850456609,0.16351656045053486,0.2893862801017204,0.043656717698456006,-0.1232168902524821,-0.16594220057861195,0.024001757113392155,0.18942025553645153,-0.10015340423560419,0.08558583601876542,0.04119126797008789,0.35014533935968317,0.1107606035959051,0.2163040904364299,-0.0740039878237533,-0.027573639180883156,0.15441251668742942,-0.043194102688177576,0.12941071495983006,-0.05923188062610892,-0.1219498467673575,0.35317224172663847,0.3914841773998154,0.26504476864101695,0.3920291571003511,0.12375637897366733,0.30508636280959683,0.09963725217665853,0.09869554921805022,-0.14560086757473736,0.13485639373067432,-0.14718776060702776,0.09984728213681461,0.011364268138249133,0.08330158860896333,-0.18907569658220855,0.21566027310758545,-0.1531674371197068,0.24713319399973233,0.16726827209175427,-0.04240751989622049,0.2010062219659765,0.33027623057995037,0.2977325687144588,0.4591659888739031,0.3523417310998775,0.33595115773867745,0.4329218530682563,0.031064529302954492,-0.20374210242735605,0.07921218173768906,-0.11106535294985706
#58,-0.0023700439621534247,0.1377872039589961,-0.0354820221904203,0.17464814833880715,0.37708271130832877,0.35498289216746115,0.15804479952777578,0.3253810224889923,0.3096081843047219,0.10874678691911444,0.3247756420156012,0.6307316386798313,0.3156043337554524,1.0,-0.01943738052830085,-0.3460476960193832,0.05024452017420132,0.015951981385580002,0.015330127974137487,0.04289896254808897,-0.29969422108741983,-0.42608283828722626,-0.1520472773322077,-0.331125959634438,-0.0009204254136251789,-0.1947066959061317,-0.1455830218918483,-0.18052761447833982,0.3113213698620735,0.23846019211564,-0.048741364577005834,0.18462251232896457,0.07807692175697611,0.24086249558147754,0.44610981272328554,0.17552533229004727,0.20656583855834337,0.07900215177753298,-0.07712698232934208,-0.06651291924485306,0.17063698792327728,-0.04543991324252626,0.18267596014921736,0.19876864788065357,-0.18458819370802404,-0.31855298966666323,0.2795354631469489,0.033814137212710246,-0.07323250522501004,-0.2871308603335084,-0.017312371519662854,-0.18542831354864836,-0.3428423368235371,-0.17096919217398168,-0.46810118502198106,-0.0072268151976580975,-0.36492568302635325,-0.31769365139831224,-0.3413570269092307,-0.356575276179102,0.08336748036116917,0.2414610123306805,0.34356851884263884,0.26113381859863344,-0.030137926537560016,0.07348646301997,0.7552890142662507,0.311192331847337,0.596202987779139,0.500241259905212,0.36360510249256145,0.28304694444158457,0.4858466575379135,0.30396894851177303,0.435066080504621,0.328254177434134,0.2619080466870519,-0.12749436316651053,-0.04400539488721185,-0.24290239441018302,0.2923335632680936,0.4856558460054841,0.24673647074165972,0.404750383510589,0.6201038481469661,0.4726120245584051,0.1261682916533682,0.11147031267695538,0.20317927704393127,0.37277091977335985,0.25394749937368516,-0.15987192290664992,-0.09605301540562894,-0.2394760232954799,-0.3108683640656584,-0.2506282023563165,-0.18986227937416564,0.1393040870045678,0.1535065050945993,0.08568604639191178,0.19561682573347472,-0.1108113951548971,0.07226746560416217,-0.024241987459975908,0.12193611931898128,0.09885890585372717,-0.026288750012869483,0.18897823169873743,-0.1228778222775896,-0.17260824951010167,-0.21598012265475125
#101,-0.11732369666457323,0.10827181720529742,-0.26556641167931305,-0.011376622841787726,-0.028551033505269625,-0.14701891299200032,-0.09274195485728602,0.10106627955262246,0.22965540672713608,-0.004698219206759395,0.06988987154540181,-0.031012364999124874,-0.207488323089225,-0.01943738052830085,1.0,0.47442816597857834,-0.12837291986258825,-0.371439357280867,0.33233946607089543,-0.030356192966741826,0.30154605387337113,-0.09342832727609673,-0.12954524395391695,-0.21506312910322012,-0.1007176023638666,-0.014507853816402242,-0.41479475748746514,-0.6081609680596595,0.09661584078905373,0.05625988805265849,-0.2659054796542056,0.20645739171617128,-0.14954339074838616,0.15385106404884227,0.30413093240261235,0.21910311716034003,0.39550357428437094,0.22765669024355925,-0.0381575018789445,-0.033560179417750274,0.28345053142384524,0.32274672514559677,0.5958241102039555,0.2869098484146513,-0.18380023817122934,-0.2308977408051835,-0.1394509707021933,-0.33410756142175185,-0.3851132686084142,-0.47632667208900875,-0.3684646192177414,-0.36080195753413846,-0.19269013373966581,0.09308239557701613,0.1492825692292381,0.2131618775031144,-0.10840497345454671,-0.21688887973725665,-0.2141406445723385,-0.33107379533060843,-0.32207957115451274,-0.14943219841653882,0.25758252770370677,0.2416779060150247,0.04393401215565554,-0.041715656498059285,0.16343282301543996,0.12396366344414816,0.3204981691015728,0.12158195115087496,-0.028228438468428586,0.165688242783652,0.09713748382734988,0.25297559602864916,0.11117517253686678,-0.11305308747473292,0.07206018113368133,-0.11379848792156136,0.3881662531272843,0.10196130918675164,-0.03922824285228922,-0.1563425959291252,-0.24637269335969003,-0.2117657960032534,-0.0439765672456218,-0.29297188961758763,-0.3174602847759166,-0.059864715996252406,0.13245683575451203,0.13867811535861244,-0.09568649253398401,-0.38283039394344975,-0.16610418446945127,-0.1885485625645619,-0.08462766012210565,-0.2450013212669062,-0.22499356525857364,-0.04142188910280829,-0.17048049501178844,0.10229076794778079,-0.09122232632203907,-0.24430671237906976,-0.27626146670922175,-0.09035063335014945,-0.09080638463623977,-0.19390364017612316,-0.07748526873196128,-0.1332914646157859,0.021103892761173287,-0.13272040276333535,-0.08937186628092536
#102,0.050925401613661554,0.21537748767103543,-0.11261243638185643,-0.04754982205795042,-0.10358938456417068,-0.2663804493680226,0.03623154087176161,-0.07700343529395615,0.013693816127692725,-0.006813619001534043,0.05521797472090381,-0.21634939101607142,-0.21503841969614293,-0.3460476960193832,0.47442816597857834,1.0,-0.07781747298266567,-0.25886467138204516,-0.09411332695006984,0.18886566662205245,0.097528716106072,0.39408003788775753,-0.42130568625230363,-0.19486318881762055,-0.36772333700542575,0.27304100732016184,-0.47405477938274526,-0.18433972689241457,-0.21843047218990552,0.014130348986056345,-0.1854955780456918,0.0639417681639881,-0.09031768747404655,0.2850964524841534,0.08265090755593077,0.18416813378771188,0.2515740235494377,0.4470487701922186,-0.3125142851259665,0.009469880262331538,-0.04715584428955307,0.3315954383689046,0.3029105622419669,0.24271158287775363,-0.3683177355201159,0.09567413783044543,-0.13817843623771822,-0.18223256356666565,-0.42589202675479687,-0.21284889168013674,-0.32005065428450824,-0.2803495008356584,-0.26192177413542816,0.36134144625532366,0.18992679838153384,0.4234567774128564,-0.10688671766413739,0.2560038711404421,-0.15604608304419895,-0.13459282672185102,-0.2962939321246315,-0.2657215318459643,0.002963069732005889,0.29628981389011866,0.06431515475982114,-0.07550714342094877,-0.215734401328817,0.2205541084537059,0.01071633257489181,0.02418845041130867,-0.30389619303537907,-0.14044621070946886,0.023736817359731217,0.1212071918102043,-0.021522579936647825,-0.06710869050438077,0.11752549015570359,0.10543023539142103,0.24079660382927173,0.2822370249873879,-0.3019510136004695,-0.35816216921139243,-0.17623504137109755,-0.22427836519817287,-0.17637780683421017,-0.39385216224471237,-0.30901790402454465,-0.25848579380686165,-0.1519580489177623,0.02808292751564071,-0.1709184006149897,-0.38800152374676977,-0.3560000960921386,-0.15401716617419445,0.06845809867976266,0.04902826824806872,-0.1482585015803725,-0.07596152196220148,-0.09551627217411895,-0.12773184802341903,-0.10522020543126495,-0.24973591821186258,-0.3082450486809638,-0.09774972802492905,-0.08658656700539145,-0.10214251150531767,-0.073102094465436,-0.2527010470611249,-0.11770394698459437,0.04404794997717812,0.09886302408824003
#201,0.2702035437407983,0.3339030224409462,0.4998225727297374,0.4025924286258481,0.36952849646689795,0.24742284316047045,0.28178676468064806,0.1320628579861147,0.3787986423553556,0.5259912075693151,0.41816759155350103,0.14600857279151094,0.3879273955255382,0.05024452017420132,-0.12837291986258825,-0.07781747298266567,1.0,0.1558580170014448,-0.520965588718783,-0.05606633103055387,-0.11133166544835563,0.15798577149975807,0.19945364755462666,0.44705151568189383,-0.01286193275609413,-0.1398408302360778,-0.0017179901642832385,-0.006049000126978898,-0.0923438588543758,-0.3096836852707911,0.2813090494771558,-0.1917223486291427,0.12315786222446437,-0.2582881185502442,-0.357173792928305,-0.3052565831694619,-0.45392073084935153,-0.2668622828060277,-0.19598883958447014,-0.16970077594401947,-0.32849440778071776,-0.25536554479094814,-0.28185128368801626,-0.18641531708689818,0.20787543713343423,0.25575265883515735,0.09569061076849687,-0.1756502520702708,-0.3307182544176645,-0.025454121151595645,0.15357651508131798,0.30306842789829336,0.08241204995418464,-0.2695103075977995,-0.28431947890605963,-0.4234663866267198,-0.0761742974120328,-0.025179572184071356,0.22923122857231104,0.2489685538476322,0.23112561644822865,0.22958402399557976,-0.2564458949781562,-0.34743554105021845,-0.03048385823664062,-0.09628638202802459,-0.00020797084289964893,-0.227653944753884,-0.16716257073925742,-0.04746883011253076,0.07683596042376634,-0.08963955152426155,-0.17025261936874328,-0.15603921932001086,-0.50841458266841,-0.33840425276350694,-0.2904542755853899,0.008786253333196058,0.16043200280039946,0.07176504099359271,0.06373585643834488,0.1777683973547207,-0.10671237906975946,-0.02090896299423104,-0.022678431089925084,0.11036388033783251,0.12742023494527896,-0.09583612172128475,0.006278248514861679,0.11214158490255227,0.06280650818327517,-0.058723965036188985,0.08068650969329448,0.1820843071242025,0.18720327262369288,0.39419534845411774,-0.18459368468737453,0.6368472169314349,0.419422280335087,-0.31909110564301085,0.0538150294968547,0.5971597909309613,0.006614571000078933,0.1413892864129148,0.23885142439436213,0.09262801703576344,0.20457535854379227,0.026299731971570456,0.04582565454189789,0.3873645701421134,0.16313219189600084
