,#10,#11,#12,#13,#17,#18,#26,#49,#50,#51,#52,#53,#54,#58,#101,#102,#201,#202,#301,#302,#401,#402,#501,#502,#601,#602,#701,#702,#801,#802,#901,#902,#1001,#1002,#1101,#1102,#1201,#1202,#1301,#1302,#1401,#1402,#1501,#1502,#1601,#1602,#1701,#1702,#1801,#1802,#1901,#1902,#2001,#2002,#2101,#2102,#2201,#2202,#2301,#2302,#2401,#2402,#2501,#2502,#2601,#2602,#2701,#2702,#2801,#2802,#2901,#2902,#3001,#3002,#3101,#3102,#3201,#3202,#3301,#3302,#3401,#3402,#3455,#3501,#3502,#3601,#3602,#3701,#3702,#3801,#3802,#3901,#3902,#4001,#4002,#4101,#4102,#4201,#4202,#4301,#4302,#4401,#4402,#4501,#4502,#4601,#4602,#4701,#4702,#4801,#4802
#10,1.0,0.3726336452895977,0.297644713044851,0.4163638048368664,0.4837024301015488,0.39723872375912445,0.20662623933119872,0.29528771015865496,0.3898135469324301,0.1755857330629026,0.34967723337005424,0.16232364518664183,0.05923874435029703,0.08600040495972709,-0.2324860065823115,0.047925954143458696,0.05614457748629829,0.18832068692151674,0.022679803834762705,0.1737105636147117,-0.36150892112551347,-0.04274384238143775,-0.275840034044072,0.1150874953240879,-0.10617014485889899,0.1245429617656244,-0.2910829927210205,-0.1315192510304166,0.016631490080202618,0.23484987319269562,0.3174698939897799,0.14664964463068017,0.21521824926987135,0.23168295085230295,0.06632210771242368,0.02396743849245162,-0.07953752226420534,0.052318737623847325,-0.4457295624032644,0.011045791335920957,-0.12495341247207323,0.19689896941181315,0.01547426618208774,0.11297072278447563,-0.25179640821313237,0.12955348042294268,-0.0026898935093192214,0.17658646404952863,-0.21582637523293763,-0.08927989237680473,0.193969531928329,0.1815077542924015,-0.13782289532477426,0.009156894439353849,-0.25596955251950154,-0.10368547670280417,-0.49467615233349466,-0.28429476949898247,-0.17384783809847384,-0.04079729020169053,-0.07199703487115074,0.026625072498086738,0.05117386842927104,-0.11407715512359852,0.11717132198759725,0.005924080346755346,0.26621571998750804,0.08862921132377216,0.21697124442751392,0.16615223053876804,0.27251661879219047,0.04757315872018999,0.06334874239413564,-0.013056862523036374,-0.13570063180581152,-0.25979813787162775,0.05511090062356934,0.012537964974415469,-0.2983997227055428,0.12541465473751404,0.11628178333281855,0.20905462494895105,,0.10848047442061588,0.3002776376434089,-0.16920109682312526,0.07199566212631311,0.029739830534649795,0.014337633456537182,0.12595551620353687,0.06774564410903712,0.08001523746769759,-0.07336977970877218,-0.1188199885375806,0.03590894583492057,-0.03282164269510994,0.40681224625669643,0.05457003915754649,0.29359648851870535,0.11098573374927502,0.21687652503371804,0.10173617903338172,0.1321520864005601,0.15079121580578406,0.05025824762257754,0.17014142703689594,0.2677943765507727,-0.02820784729586426,-0.2058314200702159,-0.21830143417516912,0.012940179211838551
#11,0.3726336452895977,1.0,0.3143263083116268,0.5961288595579075,0.42419394139065913,0.30477886796596965,0.3894607515091614,0.15270894034394122,0.29416480488148067,0.41012330680503933,0.20910678925278067,0.19763476064477825,0.09445102218012472,0.01763084832199103,-0.14456307247749556,0.17281965221509538,0.07838853483511618,0.16098247348028566,-0.04757727695470285,0.15384831855916703,-0.18003754457130894,-0.02737870941394091,-0.09561648254726532,0.11412520119291526,-0.027116515149955216,0.18581680033769524,-0.11941850528678355,-0.002142168319108265,-0.062371348069749165,0.4159204082543147,0.2256044367113152,0.2903211193361406,0.12565763057377302,0.4299622151983445,0.09437414846921792,0.1678077608129395,0.03431793456811731,0.1846485944808794,-0.16849413323175022,0.061214124171634285,-0.009350451461458473,0.2839392285860385,0.03171246486631181,0.19668070298263135,-0.3367500952341731,-0.06080092797551023,0.08645478350097979,0.23140016541575292,-0.03967438492451619,-0.08551033505269624,0.1850919910634311,0.21895486071787693,0.011769227865347459,-0.035980328566476885,-0.20851925446227867,-0.09105210596217402,-0.40710326816227216,-0.2816590994107493,-0.038860347235806676,0.03186758503296303,-0.3969065195084201,-0.3199724078287638,0.07299227487842629,0.35416336349940114,0.07757724263608191,0.2688898269311946,0.16795876274507784,0.2302909875869548,0.026036164962747136,0.219164890678033,-0.07866033831296523,-0.041545436138194225,-0.1486689522868213,0.025956545762165092,-0.23720138509954117,-0.28693867605624135,-0.26378458888008044,-0.2760528094939033,-0.04564857045784472,0.3216608839790382,-0.09268429957410591,0.06262118763019626,,-0.20000274548967525,0.034847814075439194,-0.11773826560553491,-0.1672586628778909,-0.25530926225260564,0.10018497736686949,0.03105354734425352,0.004173830678788004,-0.18889861249815537,-0.22066118255104036,-0.19658735633367308,-0.00559599433056382,-0.009239259129611136,0.48909457182372584,0.03333916749889322,0.26760631050801853,0.3451787485371688,0.30713998908667856,0.008592696311091436,0.27270880306945744,-0.0169376121789922,0.014109757813492023,0.09263762624962678,0.36536358862955454,-0.32451893873096604,-0.2519117187794926,-0.26668245323229933,-0.022826687532388198
#12,0.297644713044851,0.3143263083116268,1.0,0.3900647592377148,0.18398144048979537,0.3576405261730963,0.2619780566737706,-0.2192925559479318,0.03315384694581433,0.3367473497444979,0.14802376221313923,-0.003188199885375806,0.2067223314698322,-0.05559822504092495,-0.1514267966656028,-0.11075785810622986,0.5601437263844989,0.6973125087941466,-0.3400584102928408,-0.28856263319914754,-0.14892153733694366,-0.1192551486511066,0.35055304457645675,0.3051412726031017,0.343067466976907,-0.20877321225723866,0.15355729665359127,0.16061869609831597,0.18243298431295837,-0.0032733100653083358,0.43021068201395396,0.05357891738478381,0.31542999516107445,-0.0853730605689341,0.06793920113114174,-0.302369700775944,-0.12008565927786757,-0.3095834748976447,0.010909889596996434,-0.40130204847848394,0.20004667332447912,-0.1174046886099929,0.24096956967881203,-0.2326150445970479,0.1204961099843164,0.06655684707965695,0.10644881206093615,0.25414105639578977,0.006845192132799336,0.15311390007103953,0.3556857375243233,0.3796950447343224,0.23277291025337438,0.22562914611839238,0.21108903279830604,0.2021497184157152,-0.12396366344414816,-0.18467193114311894,0.04621825956545762,0.109448259531139,-0.25336408281769607,-0.2602689893509319,-0.4970963014822212,-0.11370788676227835,0.15084338010961368,-0.16194751310113353,-0.18679968564143218,0.061174314571343265,-0.10879757847810644,-0.17908897788851252,0.32083998256614055,0.3548167900421089,-0.3382532508313686,-0.0713477265629558,-0.40400910129827344,-0.0981629242210531,-0.35059971790093586,-0.035284346933802814,0.0396428117932509,-0.013065098992062103,0.14753369230610838,0.18922944400402214,,-0.10364154886800028,-0.07828146073778171,-0.35016181229773463,-0.10707890194140439,0.2681457992292038,0.08534423292734404,0.19662304769945124,0.2942677607443023,0.04647633559493045,0.31313888402708423,-0.07790121041776057,0.20537429603928795,0.4787948673070521,0.5036305669092993,0.3676052809493903,0.532072467199978,0.18399928617268443,0.3766118598290246,0.6752373990603562,0.4031936908647263,0.4090662932800708,0.48357888306616287,0.31096857443880477,0.34522816735132317,-0.09365208468462903,-0.4179287339517549,-0.17909584161270065,0.06205012577774575
#13,0.4163638048368664,0.5961288595579075,0.3900647592377148,1.0,0.32153870968848985,0.4269092306794744,0.3240357325481233,-0.0010645636215754306,0.10989714709304121,0.2907054878906746,0.13081915116322965,-0.04000247094070772,-0.07768157124374114,-0.07068331806154701,-0.002673420571267764,0.130353790663276,0.25294127740770866,0.0946679158644689,-0.11861133132226215,0.08390010535816629,-0.2528273395861861,-0.06551493374790228,-0.15511948027880448,0.09119075319077379,0.06553964315497945,0.05200163356635677,-0.20644229152295746,-0.10573773023504823,-0.020355746824669597,0.26298427863974716,0.2642993681941885,0.3050945992786226,0.3265313826629191,0.4301365537927224,0.22102495993301005,0.21339936236002294,0.08031312309746146,0.22785024726566389,-0.12666934351910003,0.11817479846389853,-0.023267338625264682,0.21643587394084157,-0.031329469056615426,0.14641078702893404,-0.3027774059927176,-0.07796435668029116,0.2616897802578701,0.3692196288784331,-0.09196772676886752,-0.0883752535288122,0.25961281731854885,0.15448527216382338,-0.03817946579634644,-0.11894902655231702,-0.25776784825678567,-0.10726010425997042,-0.4278921159832113,-0.3961858284686688,-0.06802293856623666,0.0034050935697199944,-0.24646329451897306,-0.11748979878992542,0.08764907150971045,0.24582359542464147,0.12118934612731522,0.035891100152031494,0.14721796099345544,0.08984820873958001,0.09921719225634637,0.2807379876247053,0.15866528019438067,0.004096956967881203,-0.04510770899182187,0.0156829233974062,-0.10834869091620422,-0.2622828060277226,-0.12131701139721401,-0.17545944053784143,-0.12337338316397094,0.27483518482293307,-0.21354075507829792,0.020679714606348258,,-0.29993170594432833,6.863724188107226e-07,-0.15177821934403388,0.019688592833585577,-0.2751358159423722,0.001343230823612584,-0.07213842758942575,0.01557996753458459,-0.14945278958910316,-0.3184500338038416,-0.12481339249863584,-0.11220610390992049,0.015477011671762983,0.40795986094094794,0.1614464612354017,0.29217432486692957,0.2625971645955379,0.3141107873721202,0.08651518427383514,0.13959373616530593,0.15135541393404647,0.17859890798148167,0.2580437699691476,0.5557893797595638,-0.2264239653793752,-0.35617443468651655,-0.2577513753187342,0.10305675956717356
#17,0.4837024301015488,0.42419394139065913,0.18398144048979537,0.32153870968848985,1.0,0.6123203849176525,0.11524398823557674,0.010841252355115362,0.36231334960035966,0.06898660544224691,0.1723007546664745,0.617402286306527,0.3855909838119065,0.05048337777594745,-0.3818337811913366,0.10473425375874695,-0.23878827813183154,0.13481383864070806,-0.11266048245117319,0.22153562101260524,-0.4239646930027764,-0.14832027509806545,-0.2649459310127082,0.3553219601423536,-0.22812479623318815,0.30431213472117835,-0.298627598348588,0.05009077275238772,-0.1939763956525171,0.41607141018645305,0.11782063029579219,0.20406057922968424,0.3549101366910672,0.32152498224011367,0.16224265324122217,0.1783710323384365,0.2116051848572517,0.1236589140901962,-0.37564407471850153,0.052804689296365316,0.17489249691990377,0.13251998201704263,0.15418464104438429,0.18858288118550245,-0.24180419854008586,0.22412461777635928,-0.06539962318154208,0.23919735609344275,-0.01376519885924904,0.21418182691746715,0.11671831619118217,0.3734298372954181,-0.0360901481534866,0.11453016092001359,-0.3553247056320289,-0.08986330893279385,-0.557561593344933,-0.20009883762830874,-0.19068867176641374,0.05361872698507483,-0.16813996506364387,-0.13255841887249603,0.1681989930916616,0.0889833794918785,0.04676049377631809,0.01686348395776064,0.12865570529913825,-0.02228582606636535,-0.048476424823344896,0.12745867180073236,-0.13997810471983993,-0.1758355726233497,0.027364981965564694,0.028268248068719606,-0.054817133228318354,-0.1476970489417853,0.03743818358403086,-0.17040499404571927,-0.12843057514576833,0.23048179911938418,0.18560677037753914,0.5495873185831901,,0.07937416562852838,0.46261432390600815,-0.04816481174520483,0.14107355510026184,0.023024362789005687,0.2561329091551785,0.36868700388143605,0.4648532707361687,0.08104067786140082,-0.026726655616070724,0.05960252173226671,-0.0007405958398967696,-0.17639016153774878,0.47104984093319197,-0.19120345108052178,0.17112293959579528,0.27753262842885923,0.2887218716003116,-0.0059597717125335035,0.3256116436217127,-0.037637231585485965,0.05652070957180657,0.16423587874544848,0.21969339744051725,-0.12478181936737054,-0.287697803951446,-0.11289110358389358,-0.055349758225315474
#18,0.39723872375912445,0.30477886796596965,0.3576405261730963,0.4269092306794744,0.6123203849176525,1.0,0.3515633847769461,-0.07800828451509505,0.16206968739168184,0.14278399516793816,0.13133118498766247,0.4009986718693696,0.35762542597988245,0.13188440115722389,-0.14951456310679612,0.19355908122188017,-0.020525967184534658,0.27922934104815933,-0.19796421940580738,0.1254640735516684,-0.35826100683970113,-0.1900064175821159,-0.10033048831965737,0.21341446255323676,0.034475800224443784,0.13143139536080883,-0.2879146976357902,-0.03948769162659967,0.09209951027327917,0.4225288019026243,0.23322728879462706,0.32308030214113875,0.3131924210757515,0.3749975118999818,0.13906934763733453,0.2332025793875499,0.3036326260265558,0.205160147844619,-0.24738577904985465,0.029134450061258737,0.042363592061416606,0.07350705419253432,0.11547598211313477,0.15730626280513543,-0.26064649418127783,0.09536938847649346,-0.018313102506288887,0.2894123622536352,-0.12369872369048722,0.07269301650382481,0.081500547382004,0.23309138705570256,-0.11313682490982782,-0.002720093895746893,-0.34558508100910473,-0.050829309475028055,-0.4746587871112987,-0.2682377731333244,-0.17587675496847835,0.033698826646350044,-0.13774464886902985,-0.11162406009876899,0.18426971690569585,0.12036158099022949,-0.044673921623133495,-0.038784846269737494,0.21188385205928886,0.03750407533623669,0.053653045606015366,0.10360723024705976,0.0025430098116937267,-0.03371392683956388,0.02411844042458998,-0.010944208217936971,-0.002610274308737178,-0.2898077127668702,0.00013796085618095522,-0.1272760967373287,-0.05335104174173865,0.244360249427737,0.018869064165525574,0.4494963742376976,,-0.07640766403442845,0.37546836337928596,-0.3022461537405581,-0.004624090985527837,0.03532690202376908,0.17930038059350623,0.2520531114977676,0.3593701846684993,0.10238823283125191,-0.06631112575372271,-0.01605493724840161,0.06460205843088401,-0.08215260117987419,0.4493151719191316,-0.05548703270907762,0.16451317320264802,0.1510177187039916,0.23555683678407066,0.02651250742140178,0.43823849382436414,0.034791531537096715,0.027676595043704764,0.14942258920267548,0.2701898162924221,-0.11021562389536939,-0.31824824031271126,-0.15600764618874555,-0.03702086915339394
#26,0.20662623933119872,0.3894607515091614,0.2619780566737706,0.3240357325481233,0.11524398823557674,0.3515633847769461,1.0,0.07444463891662978,-0.023158891783092588,0.4608832926657675,0.26576683242560584,-0.036740829206519166,0.22292483878827812,0.21012262043262053,0.15082690717156222,0.25043876356872474,0.17442164544059963,0.17853850720862632,-0.26477708339768075,0.07522573072923637,-0.09079128444302594,-0.11522339706301242,0.03659806374340654,-0.013235319351927162,0.028448077642448017,0.07363471946243312,-0.22153287552293,-0.30071279775693494,0.18144460802987092,0.198502335382155,0.08957503251689335,0.42750912017351494,-0.08852076448160007,0.2642883862354875,0.03793099898073696,0.15016387141499107,0.08038587857385539,0.2170083085381297,-0.06258137802990525,0.03383198289559932,-0.06720340989817665,0.029330752573038604,-0.1638254280389997,0.15561915939969867,-0.2362624276306081,-0.0022643426096565734,-0.06654037414160549,0.10488113745637245,-0.31396527641933236,-0.19411229739144162,0.10422771091366465,-0.12708528520489934,-0.15727331692903251,-0.3391194528239077,-0.15390322835267187,-0.23702155552581275,-0.21494232755750942,-0.2322045938905991,0.023478741330258384,0.02626678609546754,-0.040370366557190264,-0.14782608695652175,0.03149419843713,0.07644472814504422,-0.0702852220586368,-0.12619025557077015,0.2858391074413066,0.34700861740571814,0.2677875128265846,0.2518636727101758,0.16057888649802496,0.2306822198656769,-0.09674350605895253,-0.14858109661721353,-0.1466070895407139,-0.38846688424672343,-0.18981011507033602,-0.3191624883745672,0.23154842185821606,0.24619560927563686,-0.0059130983880543745,0.010318236571981592,,-0.15297937107695264,0.09822195224907082,-0.09363561174657757,-0.14406613884627661,0.00758098336576443,0.08579174774440863,-0.12326768181147409,-0.08744590527374248,-0.17150318991581642,-0.14253827384200393,-0.08629005412046523,0.020935045146145848,0.038253594017577996,0.3690562722427562,-0.046875804342678296,0.10635546541197788,0.04746883011253076,-0.029157786723498304,-0.020626177557681022,0.3475947794513825,-0.11876370599923812,-0.08917968200365836,-0.09418882791613901,0.1715278993228936,-0.29328350269572767,0.0016493529224021661,-0.059871579720440514,0.06445380198842089
#49,0.29528771015865496,0.15270894034394122,-0.2192925559479318,-0.0010645636215754306,0.010841252355115362,-0.07800828451509505,0.07444463891662978,1.0,0.40816028168724067,0.0836639932460954,0.16729847247818194,-0.034451090817366595,-0.18094767439865198,-0.07554146204188932,0.17905877750208485,-0.050166273718456895,-0.044546256353234705,-0.25229746007886417,0.3367061673993692,0.13051302906444007,0.2386372761996932,0.019832731041535826,-0.09650602120204402,-0.2443025941445569,-0.01834330289271656,0.07637197266865028,-0.11671145246699406,-0.2731727908245735,0.1181281251394194,0.006134110306911427,-0.06419298046927283,-0.024932478113299496,-0.2396695803175845,0.14525493587565677,-0.11853171212168011,0.06810804874616919,-0.04548795931184301,0.03385531955783889,0.0917878971951391,0.09869280372837498,-0.10957317931136255,-0.06976220627550303,-0.2222178751969031,-0.08040509700158209,-0.26161565203663856,-0.16595730077182577,-0.05918932553614266,-0.06577438252221272,-0.2823660630021243,-0.33717427338899814,-0.044586065953525725,-0.13529429933387557,-0.31440592751220886,-0.11090611454869298,-0.22376495862890244,-0.301662737184569,-0.031702855652448465,-0.14745407310552633,-0.36993757442850916,-0.33064275345159533,-0.21120297061982862,-0.10873168672590061,0.18530476651326244,0.08691328027674536,-0.08606904220160817,-0.09579768486583135,0.2506515390185561,0.17962297563034726,0.32874973832051535,0.08499281024891296,0.052009870035382495,-0.03040698452573382,0.34413271697090125,0.18806398363688154,0.265559547955125,-0.050601433831982894,0.08796892105687625,-0.11216354881995422,-0.08788106538726848,-0.04593410138406998,0.005285753997261374,-0.24046989055791781,,0.23534406133423935,0.06869009255732067,-0.2222178751969031,-0.36273890050002233,-0.16490440548137014,-0.29698716826763033,-0.19705134408878913,-0.34191847954781784,-0.24568357545120406,-0.2864266422318086,-0.5583591580955911,-0.4100752607357226,-0.15046450253443017,-0.11041055366231163,-0.15737215455734127,-0.038228884610500814,-0.32509549156276707,-0.0282613843445315,-0.1689910668629692,-0.2492046659597031,0.10008202150404788,-0.09776208272846763,-0.0029575787526554035,0.03510314461523678,-0.204442202294543,0.09052909017904025,-0.27505756948662774,-0.2625779461678112
#50,0.3898135469324301,0.29416480488148067,0.03315384694581433,0.10989714709304121,0.36231334960035966,0.16206968739168184,-0.023158891783092588,0.40816028168724067,1.0,0.11273323792756712,0.24144316664779142,0.3200437905603201,0.15935027986835376,0.15318528280259586,-0.2409558422304358,-0.21727462103662826,-0.01363204260999976,0.17560083325611645,0.21113982435729803,-0.0428495437339346,-0.22223572087979215,-0.2971395429446063,-0.05392484908386441,-0.007140332272887946,-0.09716082048958945,-0.0035533500121831102,-0.02140040564609952,0.004344051038653062,0.02011139824357298,0.14390278221059966,0.26696523866884936,-0.04675774828664285,0.1795735568161929,0.21703576343488212,0.06919251716789013,-0.01448726264383792,-0.06673255841887249,-0.14919334081479269,-0.1167141979566693,-0.14853305054789678,-0.0012828300507572404,-0.018634324798292305,0.10242804243154294,-0.011233857378675095,-0.19307587503903742,-0.14608407375758012,0.06498917247509325,0.09700158208842535,-0.09576611173456606,-0.08779183697282308,0.12055513801233411,0.29868388088693043,0.009128066797763798,0.16223578951703405,-0.15369182564767817,-0.049260262125626744,-0.2844361622172575,-0.22928339287614066,-0.1949688901701174,-0.18325114023618075,-0.32395611334754126,0.0012979302439710763,-0.04992192513736028,-0.09163277702848789,0.2838500001715931,-0.05833822373681736,0.25631960245309504,0.11925652139594423,-0.008044971120880479,-0.12629458417842937,0.16855316125976794,0.018992611200911502,0.1291183203094167,0.12844292984930694,-0.07117613345825312,-0.19666834827909274,-0.011743145713432651,0.012822123155803108,-0.0036947427304581193,-0.015839416308895043,-0.045670534375246666,0.06357936352685603,,0.10659295026888639,0.12059082937811227,-0.22291934780892764,-0.007078558755194982,0.06468579586597892,-0.10434988520421296,0.09903736268261797,0.1463696046838054,-0.099359957719459,-0.0590451873281924,-0.27805564421199297,-0.12414074752820133,-0.06055657939441361,0.19480690627927807,0.12953700748489122,0.35453949558490944,-0.006714781373225298,0.2754378198066489,0.07798220236318024,0.12957132610583177,0.05578217284916623,0.1654768400786583,0.24705082930947503,0.19643086342218424,-0.2681924725536829,-0.151581916832254,-0.28166596313493736,-0.0688960042829639
#51,0.1755857330629026,0.41012330680503933,0.3367473497444979,0.2907054878906746,0.06898660544224691,0.14278399516793816,0.4608832926657675,0.0836639932460954,0.11273323792756712,1.0,0.37959620710601366,0.050101754711088686,0.2509082423031913,0.2872873532449972,0.05459474856462368,-0.21578931112232186,0.3794589326222515,0.3081599385010313,-0.02315202805890448,-0.2583293008953728,0.09454711431875822,-0.20950763074536613,0.2630062425571491,-0.0839838427932612,0.1654136938161277,-0.25382669782797446,0.203379697790224,0.017161369587524494,0.11309838805437443,-0.06706476266957688,0.34108522343138165,0.07584346590616603,0.06776211704708858,-0.03303304540010364,-0.055665489537968404,-0.1935673176909059,-0.12464866311812126,-0.23846156486047765,0.12443451492345231,-0.3534962095083171,-0.2157151829010903,-0.1561723755692601,-0.0019088016967126194,-0.29947183642372516,0.03850206083318748,-0.2982226386214896,-0.015301300332547436,-0.03224646260814656,-0.22925731072422587,-0.19497849938398076,0.1861091949881086,-0.04180763040217992,0.15531715553542197,0.023887819291869575,0.21886014132408102,-0.007358598702069756,-0.024182959431958185,-0.2559366066433986,0.11710131200087856,-0.03468445743976224,-0.17950080133979895,-0.20194929766942246,-0.3767875711682402,-0.125233452418948,0.2921523609495276,0.04375006434741426,0.14183954671965462,0.1901601650039295,-0.08544718879016566,-0.2072975115567956,0.09631109143510178,0.16842824147954438,-0.3661391894628106,-0.09285589267880859,-0.32598091198303286,-0.35403432548466474,-0.41199298527387973,-0.1940079687837824,0.146958512219145,-0.09388133307251181,0.05542937742589752,-0.017057040979865264,,-0.18197723302686805,-0.20269744360592615,-0.15358612429518131,-0.13033869047006216,-0.02510818945251504,-0.09249623353135178,-0.18103415732342212,-0.025447257427407537,-0.21923352791991407,-0.049762686736196195,-0.12418604810784284,0.07691146138983551,0.32476191456722503,0.2035087358049604,0.15477217583488626,0.270951689677302,-0.0023082704444604596,0.02812960084011984,0.26972994677181894,0.2536853051096995,0.015472893437250118,0.16490577822620775,-0.028063709087914012,0.16730121796785719,-0.2043021823211056,-0.12689584641730756,-0.10734109620539008,0.04277541551270304
#52,0.34967723337005424,0.20910678925278067,0.14802376221313923,0.13081915116322965,0.1723007546664745,0.13133118498766247,0.26576683242560584,0.16729847247818194,0.24144316664779142,0.37959620710601366,1.0,0.1760716847354206,0.17137827013559287,-0.021399032901261897,0.23449158679007642,0.009957204679687151,0.17134395151465234,0.21647980177564544,0.06840318888625779,0.03441539945158844,0.034112022842474096,-0.16934386228623788,-0.09209539203876631,-0.09476675349277765,0.07581738375425122,-0.15029290942972748,-0.2350283300215864,-0.40799006132737564,0.3344713388037215,0.10049796318984718,0.10434576696970009,0.10939472248247177,0.09358207469791034,0.16935484424493885,0.16990531492482505,0.09741615102938704,0.19266130609807575,0.024031957499819828,-0.1543081880797702,-0.13142727712629595,-0.16209027856424618,-0.08238184956775697,0.047658268900122515,-0.004589772364587301,-0.28016967126193,-0.15478041230391199,-0.15311390007103953,-0.08430369234042699,-0.4269888498800564,-0.18021737414503736,-0.13256116436217127,-0.14323837370919087,-0.2109009667555519,-0.2109394036110053,-0.27048632917734833,-0.25065702999790657,-0.2634112022842474,-0.3844255234447659,-0.25551242848857364,-0.33237241194699835,-0.04620727760675665,-0.18298482773768218,0.016974676289607978,0.11725505942269215,-0.00315388126443527,-0.23503656649061214,0.38725200506542845,0.013824226887266762,0.3077069327046162,0.12672837154711775,0.23896810770555996,0.27791974247306844,0.028387676869592673,-0.03232059082937811,-0.03544907631431739,-0.415912171785289,0.06997635447017198,-0.1885801356958272,0.0015711064666577438,-0.032316472594865246,0.024515163682662575,-0.06983358900705934,,0.17073582555158603,0.050513578162375124,0.047464711878017894,0.1059848243058201,-0.01521756289745253,0.03433166201649353,0.03231235436035238,-0.024516536427500197,0.12963859060287522,-0.0795416404987182,-0.09492187365942888,-0.08934303863933532,0.013744607686684718,0.04548658656700539,0.05511913709259507,0.038688754131103995,0.041117139748856335,0.036482753177046336,0.03066643330004427,0.14562420423697695,-0.056966851644033534,0.19376773843719863,0.05389739418711199,0.1482283011939448,-0.05915637966003974,-0.10568968416573149,-0.14014695233486738,-0.08657970328120335
#53,0.16232364518664183,0.19763476064477825,-0.003188199885375806,-0.04000247094070772,0.617402286306527,0.4009986718693696,-0.036740829206519166,-0.034451090817366595,0.3200437905603201,0.050101754711088686,0.1760716847354206,1.0,0.44944695542354324,0.07367590180756177,-0.256341566370497,-0.050733217336394555,-0.2470412200956117,0.026968258707492098,0.07751821460806418,0.019279514871974386,-0.057367693136619,-0.2723738533290778,-0.04918887939407043,0.07812359508145525,-0.21704811813842073,0.12397052716833627,-0.10414260073373212,0.040039535051323495,-0.12561232999413152,0.21917038165738348,0.03748622965334761,-0.007462927309728986,0.09878615037733324,0.22972816220353,0.039587901999746045,0.11779180265420214,0.2401733776729916,0.046391225414997926,-0.23602219728402435,0.11405244571652133,0.03678338429648543,-0.0260210647695333,0.2652795080082502,0.0044868165017656935,-0.1422980434954202,0.09097797774094246,-0.12256346370977429,-0.04469451279569782,0.04744686619512881,0.12374539701496635,0.04791359943992011,0.2111055057363575,0.04835425053279659,0.08775614560704492,-0.2563237206876079,-0.20453280345382602,-0.19952777577585823,-0.23326435290524286,-0.11558305621046924,-0.11644651271333313,-0.11314506137885355,0.06525685771842944,0.1728004337873687,0.09444827669044947,0.04659027341645303,0.008606423759467649,5.010518657318274e-05,-0.03033285630450226,-0.21898780659397982,-0.09263488075995155,-0.27227501570076906,-0.07954301324355582,0.03308246421425801,-0.08185471555011034,0.0439573488178951,-0.08661264915730627,0.10217408463658297,-0.17465775755267052,0.12028882551383555,0.00959480004255509,0.18703167951899022,0.47335056128104547,,0.4555790066131983,0.4323068633810019,0.020550676591611843,0.16542467577482867,0.19026723910126395,0.18074313541784637,0.5189311808694279,0.28324873793271493,0.3693692580657339,-0.021101147271498043,0.02151846170213496,0.014774166314900802,-0.1510245824281797,0.17854125269830157,-0.23743612446677442,-0.05321788549248937,0.15063335014945758,0.11399616317817884,-0.09631795515928988,0.23002055685394338,-0.16534642931908425,-0.030214800248466817,0.14822555570426957,-0.10903369059017733,-0.03922961559712684,-0.02608832926657675,-0.011701963368304008,-0.06697553425513149
#54,0.05923874435029703,0.09445102218012472,0.2067223314698322,-0.07768157124374114,0.3855909838119065,0.35762542597988245,0.22292483878827812,-0.18094767439865198,0.15935027986835376,0.2509082423031913,0.17137827013559287,0.44944695542354324,1.0,0.28535041027911334,-0.16550704046508596,0.03207212401376863,0.13673568141337808,0.4390415495543727,-0.14336329348941443,-0.1010882434700244,-0.22739312323473593,-0.20359796421940582,0.17005768960180104,0.27905088421926855,-0.16758949438375767,-0.038592661992470495,-0.0006760768325285617,0.17991399753592302,0.15842230435812168,0.07649551970403622,0.26640653151993743,0.07889095944568564,0.08165566754865522,-0.11362414932718344,-0.044796095913681805,-0.1333820657750689,-0.00038642767179043676,-0.09025179572184071,-0.18519220143657747,-0.2320824196000508,0.10082055822668821,-0.14513825256445895,0.34941641185090616,-0.04059549671056018,0.007497245930669522,0.11695991928260355,-0.15691777601608856,-0.027086314763527543,-0.05925247179867324,0.1790752504401363,0.08572997422671567,0.26355396774736006,0.2076997257942187,0.18934475457038236,0.07811947684694238,0.1615356896498471,-0.18235473785721396,0.024475354082371555,-0.0809185035708525,0.09040966137816718,-0.1578869338714493,-0.1155926654243326,-0.10128729147147951,0.012897624121872286,0.28584459842065707,-0.049334390346858305,0.21332935237330422,0.12595963443804975,-0.19527363952406937,-0.12979371076952645,0.0833757168301949,0.03531042908571762,-0.1474403456571501,-0.007380562619471699,-0.12517442439093027,-0.052690751474842736,-0.1288698534938072,0.0072693702876243625,0.23808543277496938,0.09466242488511842,0.28958807359285077,0.35412492664394774,,0.11931829491363719,0.09154629410371774,-0.1418958292579971,-0.04145895321342407,0.3726597274415125,0.2570924577966759,0.42246565564009375,0.3167533211845415,0.04114322190077114,0.23993452007124547,-0.0050153232642499495,0.15055235820403792,0.22279854626321696,0.28932587932886505,0.021164293534028628,0.15023937238106025,0.1532278378925621,0.11838345567921699,0.26416346645526395,0.33470470542611713,0.02706709633580084,-0.0006143033148355967,0.183689045839382,-0.03900997642310741,-0.14485272163823368,-0.2813008130081301,-0.16375953628679385,-0.1546211739027479
#58,0.08600040495972709,0.01763084832199103,-0.05559822504092495,-0.07068331806154701,0.05048337777594745,0.13188440115722389,0.21012262043262053,-0.07554146204188932,0.15318528280259586,0.2872873532449972,-0.021399032901261897,0.07367590180756177,0.28535041027911334,1.0,-0.15964130177392952,0.07418519014231932,0.08566408247450985,0.17944451880145648,-0.15914848637722342,0.056150068465648774,-0.22866977593372387,0.09066773740764002,-0.09376739525098923,0.0395275012268907,-0.03460895647369306,0.047757106528431265,-0.08855782859221585,0.022801978125311012,0.08858391074413066,-0.11125204624777357,0.3331535037596049,0.01935227034836832,0.02963824741666581,-0.03535984789987199,0.04377477375449145,-0.03677652057229732,-0.20249702285963342,-0.0586031634904783,-0.14950358114809514,-0.14944592586491504,-0.1961151321095313,-0.17054501401915664,-0.20073441848812748,-0.1421264503907175,0.0122263518962754,-0.032210771242368395,-0.05381640224169232,-0.04563621575430613,-0.14402495650114797,-0.10682631689128204,0.006140974031099534,0.0833757168301949,0.014878494922560033,0.023562478765353292,0.06887129487588671,0.11526595215297869,-0.11206471119164547,0.09186477090604592,0.11151424051175927,0.044295044047949976,0.1457875608726539,0.17563103364254412,-0.026633308967112464,-0.16804936390436087,0.06605854070360037,0.032389228071259185,0.24730204161475974,0.1889068489671811,-0.1149145294745476,-0.1529958440150041,0.07240885832243717,-0.0906540099592638,-0.13750304577760847,-0.009287305198927885,-0.08995802832658972,-0.015619777134875612,0.039877551160484165,0.13256802808635937,-0.015253254263230686,-0.015660959480004257,0.07108141406445724,0.04184606725763332,,-0.05680212226351896,0.1044487228325217,-0.07104160446416621,0.11685559067494432,-0.14249983698655053,0.04673990260375377,-0.21427517356642542,-0.09969490745983864,-0.26810324413923753,-0.03752192101912577,0.05267976951614176,0.08464687854983236,0.03589384564170674,0.14533592782107643,0.06430280005628254,0.12364244115214475,0.03733522772120925,-0.1302645622488306,0.03917058756910912,0.12504264088651862,-0.10445970479122267,-0.06130884356543017,-0.21871463037129316,-0.1264689227728073,0.18725955516203538,-0.057090398679419466,0.06819178618126409,-0.019839594765723934
#101,-0.2324860065823115,-0.14456307247749556,-0.1514267966656028,-0.002673420571267764,-0.3818337811913366,-0.14951456310679612,0.15082690717156222,0.17905877750208485,-0.2409558422304358,0.05459474856462368,0.23449158679007642,-0.256341566370497,-0.16550704046508596,-0.15964130177392952,1.0,0.10316657915418327,0.2817030272455532,-0.16741515578937977,0.2930089537282034,-0.137102204285023,0.5234598660887411,-0.1211564002512123,0.15535971062538823,-0.4381877022653722,0.4202747548792499,-0.20915071708758456,0.008399139288986812,-0.4877685003105835,0.6347592720334126,0.0034792217909515523,-0.22175388744178703,0.21742562296876664,-0.4062425571490835,0.13581868786184695,0.12085714187661083,0.17945550076015745,0.38961312618613736,0.2342019376293383,0.3599220280932231,0.145896007714826,-0.01822250134700587,-0.09131155473648447,0.07921629997220192,0.023352448805197212,-0.2605682477255334,-0.40289717797980007,-0.1908588921262788,-0.24722379515901532,-0.36484743657060886,-0.49746831533321667,-0.22859839320216757,-0.5445822909052223,-0.3322186645251847,-0.5218976824635279,-0.09363012076722708,-0.3370177804775093,0.2263923922481099,-0.30275681482015326,-0.29788494339143473,-0.6328676296471702,-0.08450411308671972,-0.18694245110454483,0.2562921475563426,0.22144639259815985,-0.2779334699214447,-0.14525905411016965,0.44079042647750244,-0.1367947094413958,0.6409174053749824,0.23203025529622118,0.32501999059669784,0.36750369783140635,0.3181027293599234,-0.05036669446474963,0.32534121288870127,-0.23130407327711944,0.11794143184150288,-0.15831111202627435,0.26961600895029636,0.026546826042342316,-0.09614910754426244,-0.3292974635107263,,0.1387343978969549,-0.15227103474073997,-0.025787698147137654,-0.2987827185152392,-0.1223273515977034,-0.02601969202469568,-0.21294086558425737,-0.4409743742857437,-0.0958457309351481,-0.573967266899347,-0.22208883718216668,-0.46491092601934886,-0.00889332743053053,-0.20847395388263718,-0.1427730132092372,-0.29891999299900135,-0.3239149310024126,-0.15267187623332543,-0.1527775775858223,-0.06128413415835298,-0.16389269253604313,-0.09732692261494164,-0.2818416744741529,-0.06839357967239444,-0.04146581693761218,0.09884106017083809,-0.19141073555100263,-0.28173322763198083
#102,0.047925954143458696,0.17281965221509538,-0.11075785810622986,0.130353790663276,0.10473425375874695,0.19355908122188017,0.25043876356872474,-0.050166273718456895,-0.21727462103662826,-0.21578931112232186,0.009957204679687151,-0.050733217336394555,0.03207212401376863,0.07418519014231932,0.10316657915418327,1.0,-0.36678987051584316,-0.2214052102530312,-0.28307302659349937,0.7371811371131862,-0.11086218671388909,0.6428804304927811,-0.556600671958598,0.40717053265931563,-0.3521454285880976,0.6610294899909742,-0.5678558068822562,-0.3570008270787647,-0.09084482149169318,0.545885025756125,-0.1943744916554273,0.4595242752765223,-0.15737764553669176,0.4529433365249651,0.1885540535439124,0.5099246019897936,0.2836248700182232,0.6666275434387945,-0.41376657160408664,0.6064505279919832,0.12206653007855532,0.4816227216725523,-0.2193762933830267,0.697282308407719,-0.4399201062504504,0.492945121093254,-0.1681427105533191,-0.047497657754120806,-0.11639572115434113,-0.0798491353423454,-0.2822809528221918,-0.12546270080683078,-0.4481181384207257,-0.41990411377309217,-0.5385518228335513,0.036416861424840505,-0.47769255320244214,0.2710972006300899,-0.45587140126361164,0.15601862814744652,-0.18821086733450704,-0.23877317793861771,0.5289673183772783,0.3842772670023028,-0.4202706366447371,0.08309293139364488,0.3272356007646189,0.2164001825750634,0.3477142082522556,0.6432030255296222,-0.12805307031542246,-0.055723144821148506,0.3589089424030585,0.21590736717835732,0.3146036027688263,-0.13049106514703812,0.2585585492832556,0.03255395745177376,-0.14979048481915802,0.7056066331030554,-0.09851297415464658,-0.00258419215682237,,-0.0677566260677381,0.2924420101102657,0.024592037393569376,-0.02596203674151558,-0.3648680277431732,0.453248085878917,-0.11303661453668146,-0.0391307779688181,-0.1964665547879624,-0.25146283121759033,0.034376962596135034,-0.20194380669007198,-0.44393538490049317,0.3781273701297587,-0.3983561380569483,-0.3322118008009966,0.18826440438317427,-0.05412664257499477,-0.39906310164832337,0.023846636946740933,-0.19932598228472787,-0.3386678197723303,-0.1542875969072059,0.03514844519487829,-0.25104002580760293,-0.07372120238720327,-0.25628116559764164,-0.36349116467103887
#201,0.05614457748629829,0.07838853483511618,0.5601437263844989,0.25294127740770866,-0.23878827813183154,-0.020525967184534658,0.17442164544059963,-0.044546256353234705,-0.01363204260999976,0.3794589326222515,0.17134395151465234,-0.2470412200956117,0.13673568141337808,0.08566408247450985,0.2817030272455532,-0.36678987051584316,1.0,0.5345790992734748,0.04301427311444917,-0.64199226458284,0.15622316712825213,-0.36840147295521075,0.5204659095978887,-0.2060675321822868,0.4964620933672401,-0.5524659645076823,0.2851225346360682,0.006215102252331092,0.4808965396534506,-0.3480766128893876,0.3959455981220851,-0.21728148476081638,0.08243126838191134,-0.3929639963347713,-0.0976371629482441,-0.490040393016847,-0.27955193608500034,-0.4571521721971124,0.20483068908358987,-0.5004265804582909,-0.02108192884377134,-0.32182424061471515,0.1552183179071132,-0.4702426669686705,0.20343186209405362,-0.4052280987140813,0.030445421381187217,-0.02337990370194964,-0.18005539025419803,-0.15300957146338032,0.2760129998936123,0.12866119627848874,0.26713408628387675,0.10394767096678988,0.43641274319032763,-0.01896241081448383,0.2708761887112328,-0.2882908297212985,0.08498045554537437,-0.1866596656679948,-0.06005552752868179,-0.05716178141097578,-0.48758455250234223,-0.12866119627848874,0.22531616029541468,-0.14161304382144707,-0.03854873415766661,-0.11478823694948642,0.03796531760167749,-0.3143043443942249,0.5845456386180578,0.4842227003950073,-0.2654456101336024,-0.12682034545123838,-0.24071012090450158,0.05712471730036,-0.26050235597332755,0.13981749357383824,0.19652695556081776,-0.31887970293801715,0.0999996568137906,-0.11001657589391428,,-0.02669508248480543,-0.3762700463644569,-0.29199449529320115,-0.19040588632986372,0.16055829532546065,-0.10039775281670081,-0.008784880588358437,0.004230113217130483,-0.1097681090783048,0.09696451797780958,-0.23510932196700607,0.11839306489308034,0.7448987085902941,0.05109013099417613,0.6229907305404839,0.4415468088830318,-0.03902233112664601,0.1524714554870327,0.7315707289618274,0.08377793106761798,0.4429140627413028,0.3943134045101532,0.1279473689629256,0.17219642605881524,0.07514885701832957,-0.24010199494143528,-0.18001420790906938,0.14617604766170075
