,#10,#11,#12,#13,#17,#18,#26,#49,#50,#51,#52,#53,#54,#58,#101,#102,#201,#202,#301,#302,#401,#402,#501,#502,#601,#602,#701,#702,#801,#802,#901,#902,#1001,#1002,#1101,#1102,#1201,#1202,#1301,#1302,#1401,#1402,#1501,#1502,#1601,#1602,#1701,#1702,#1801,#1802,#1901,#1902,#2001,#2002,#2101,#2102,#2201,#2202,#2301,#2302,#2401,#2402,#2501,#2502,#2601,#2602,#2701,#2702,#2801,#2802,#2901,#2902,#3001,#3002,#3101,#3102,#3201,#3202,#3301,#3302,#3401,#3402,#3455,#3501,#3502,#3601,#3602,#3701,#3702,#3801,#3802,#3901,#3902,#4001,#4002,#4101,#4102,#4201,#4202,#4301,#4302,#4401,#4402,#4501,#4502,#4601,#4602,#4701,#4702,#4801,#4802
#10,1.0,0.19747826773328941,0.08292408377861744,0.37028350612758976,-0.2450013212669062,0.005237707927944623,0.16501285232354224,0.4683318061547015,-0.028485141753063794,0.47525593111566405,0.31537233987789437,-0.2832350104843387,-0.05148685425224873,-0.11902040928387334,-0.05909186065267153,-0.045726816913589145,0.08477317107489353,0.07813045880564336,-0.10924646604000865,0.10097018741398896,0.011725300030543572,0.014130348986056345,-0.17280455202188155,0.029466654311963127,0.09577846643810466,0.24481325522415207,0.19315274874994423,0.2343103844715104,-0.09272960015374743,0.0811230425516581,-0.037425828880492264,-0.12010350496075665,-0.14417184019877347,-0.1111957637094311,-0.13792996942210875,-0.1889768589538998,-0.2153253233672058,0.00998465957643958,0.09431923867571305,-0.029245642393106074,-0.10701987391338666,-0.08886395069100543,-0.07957733186449635,-0.10360723024705976,-0.03594326445586111,-0.04649006304330667,0.032106442634709166,0.035858154275928575,-0.1000188752415173,0.13135177616022678,-0.0998719915438918,0.12449217020663242,0.07436501971604773,0.05269624245419322,0.05697508811305926,-0.028162546716222755,-0.07216313699650294,0.014279978173357083,-0.10902408137631397,-0.09955076925188838,0.12402543696184112,0.051445671907120086,-0.07523671268793734,-0.16817016545007155,0.2539282809459585,0.26782457693720035,-0.20071931829491363,-0.08509713885657219,0.005574030413161878,0.03670376509590339,0.04592174668053139,0.06435908259462501,-0.05785639029881223,-0.1508776987305542,-0.15881216389200617,-0.26744569936201684,-0.04188587685792434,-0.1952887397172832,0.07994110924646604,-0.036101130112187574,-0.07589563020999564,-0.19268601550515294,-0.15452919999862724,-0.20995789105210597,-0.2568288907878526,0.059598403497753846,-0.06517312028333454,-0.27352833173751745,-0.15769063135966943,-0.4112475848270513,-0.005498529447092698,-0.06749992278310288,-0.03055249547852169,0.16654483556232777,-0.0588337846231987,0.07639393658605223,-0.0489884586477777,-0.1550961436165649,-0.02721535277826396,-0.04589429178377896,0.045983520198224354,-0.05085950986145573,-0.11635591155405012,-0.07985599906653351,0.0857835112753829,-0.022118351196175532,0.01923695978200812,0.10341779145946799,0.09013511241064288,0.13546040145922777,-0.04838307817438664
#11,0.19747826773328941,1.0,0.07259692436519131,0.23519305940210097,0.10356604790193111,0.09757813492022636,0.24964531705257956,0.2753005453228867,-0.016886820620000204,0.45717139062483914,0.29829402135304595,0.11332489095258196,0.16867533555031625,-0.12750946335972435,0.014312924049459996,-0.06428907260790633,-0.039029194850834115,-0.11809243377364124,0.04931105368461874,0.04739607463613682,-0.11840679234145655,-0.19805207507541517,-0.3135177616022678,-0.034500509631520966,-0.12112482711994702,0.13834591110790803,-0.11973560934427412,0.09327320710944552,0.03795982662232701,0.1395264716682625,0.10784352081595953,-0.05640951723995923,-0.09246191491041124,-0.06698788895867008,-0.061855196010803505,0.027878388534835118,0.16752909361090235,0.04227436364697121,-0.060866819727716064,-0.2457288760308456,-0.12956995336099414,-0.04026466520469341,0.3128011887970294,-0.07738780384849016,-0.04602195705367775,0.16200379563947603,0.009162385418704335,0.109691235367398,-0.18558068822562435,0.07483587119535189,-0.16386111940477785,0.08110931510328188,-0.2020673537254579,-0.030431693932811005,-0.14748839172646686,-0.10314186974710608,-0.09410783597071935,-0.05791130009231709,0.002508691190753191,-0.09019002220414775,0.12871061509264312,0.05565588032410505,0.04745372991931692,0.007346243998531163,0.09169866878069372,0.019165577050451806,-0.07596014921736385,0.010967544880176535,0.16856551596330652,0.03537906632759869,0.21255512428488574,0.08350750033460655,-0.012305971096857445,-0.12575784094691939,-0.21124827119947012,-0.1681221193807548,-0.10782292964339521,-0.11766276463946573,-0.07191329743605583,0.020362610548857706,0.03055386822335931,-0.005222607734730787,0.01846822267294011,-0.06454165765802868,0.032243717118471314,0.06557533452075762,-0.10451186909505228,0.04597802921887387,-0.011566061629379485,-0.008703888642938772,0.10691554530572743,-0.03533102025828194,0.07028384931379918,0.10967338968450892,-0.052948827504315565,-0.167316318161071,-0.10881954239550838,-0.16287823410104088,-0.232146938607419,-0.1818276038395673,-0.018691980081472406,-0.02741577352455669,-0.0653570680915758,-0.25860110437322187,-0.07807280352246325,-0.19776791689402753,0.008978437610463061,0.06947392985960252,-0.134926403717393,0.13368406963934562,0.051160140980894823
#12,0.08292408377861744,0.07259692436519131,1.0,0.3669243995099301,0.27012117905054106,0.6315690130307804,0.06040145922776239,-0.2370572468915909,-0.0777241263337074,0.2700621510225233,0.09786503859128924,0.04115832209398498,0.4770240264665205,0.12797207837000277,-0.4269559040039535,-0.0836639932460954,0.5619173127147059,0.5982113134765793,-0.46008023693575895,-0.3762576916609183,-0.4998198272400622,-0.3818584905984138,0.14907528475875725,0.18052212349898933,0.3791761471857015,0.11810616122201746,0.36540477097468316,0.34414507167443986,0.020561658550312813,0.22903218057085595,0.6105687625048475,0.30537463922549735,0.6458332046385048,0.22826481620662556,0.3470923548408131,-0.14369137950560595,0.2442655300339411,-0.38341792873395175,0.3301815111861545,-0.2051985847000724,0.16552076791346215,-0.11028288839241283,-0.11354041189208852,-0.3878642492630076,0.13141904065727023,-0.2661814013665675,0.31540391300915965,0.2786967160511622,0.2813090494771558,0.2645752899065504,0.4432929403164863,0.46085583776901506,0.4992336651943978,0.38197929214412446,-0.6155037801960966,0.010720450809404675,-0.4822816391946106,-0.5865416096119593,0.09291492070682632,0.2713415492111865,-0.12072673111703679,-0.2064903375922742,-0.09690411720495423,-0.12234245179091724,0.24825747202174428,0.1792907713796429,-0.0269490402797654,-0.08113402451035907,-0.327253446447508,0.060301248854616026,0.14535651899364077,0.17942941860824266,-0.3315638652376393,0.20900932436930955,-0.39837535648467504,-0.014209968186638389,-0.47193251586378254,0.05741848469561099,0.09659250412681417,0.21980047153785173,0.029776894645265575,0.12125935611403392,0.07339448911584937,-0.1863274614172904,-0.06692886093065237,0.052821162234416776,-0.06077896405810829,0.023669552862687765,0.4429579905761067,-0.0029411058146039458,0.28483151273049245,0.28093566288132277,0.30898358540360416,0.14374079831976033,0.008915291347932475,0.30959994783569617,0.1142556119524893,0.6365973773709878,0.56866160810194,0.5979724558748332,0.5716404643995786,0.6693098868515067,0.36621194493920456,0.4666241115767004,0.48356378287294904,0.5921698634462073,0.48523715883000956,-0.29767491343127866,0.07020423011321714,-0.061490045883996196,0.0950838575502682
#13,0.37028350612758976,0.23519305940210097,0.3669243995099301,1.0,-0.043202339157203305,0.19919282603547858,-0.027647767402114713,0.0012265475124147612,-0.1358845796140528,0.6803824467117613,0.2046659597030753,-0.10328051697570585,0.18468428584665753,-0.11026504270952377,0.031175721634801826,0.21164636720238034,0.19024802067353724,0.1575080562962658,-0.11181624437603599,0.0017056354607446454,-0.06223819182049988,-0.02039830191463586,-0.029030121453599508,0.21243020450466218,0.08615140689186546,0.2937076808505527,0.3965715697680404,0.4942382467302934,0.061328061993156865,0.08967798837971495,0.3051398998582641,-0.15546266648820983,0.1385229951919612,0.26604000864829247,0.07331075168075446,-0.2187105121367803,0.11651926818972706,-0.16048691259390432,0.08603060534615477,0.06950962122538068,-0.16478772217017232,-0.0302779465109974,0.007677075504397932,-0.09326497064041979,0.07568148201532669,0.20400978767069225,0.5014890849626099,0.49407626283945405,0.31661879219045463,0.4515554914941298,0.29608390216447544,0.30611454869297533,0.24413237378469183,0.28975692120787816,-0.14770528541081104,0.05176552145428588,-0.32998520867437464,-0.15255519292212763,-0.04633631562149307,-0.05330436841725952,-0.3847714551438465,-0.41616612958024896,-0.07496216372041306,0.015544276168806433,0.29714091568944395,0.21247962331881656,-0.21312481339249864,-0.32938531918033404,-0.17306674628586724,-0.13211364954510668,-0.0795539952022568,0.05208811649112692,-0.4760397684179459,-0.19699094331593378,-0.5460456369021267,-0.47622920720553763,-0.5455761581676601,-0.3696959713370878,-0.010432174393504171,0.028227065723590964,-0.033166201649352925,-0.05550899662647956,-0.14634077704221535,-0.3694488772663159,-0.43156969940319917,-0.11210589353677412,-0.38735770641792533,-0.20531526801127023,0.046343179345681176,-0.19010525521042462,0.004635072944228809,-0.00034936356117465774,0.10692378177475316,0.014008174695508037,-0.12927481322090553,0.06168772114061369,0.007957115451272706,0.10798628627907216,0.15617923929344824,0.29761313991358573,0.24781682092886778,0.01952111796339576,0.2658176239845978,-0.020219845085745074,0.1338886086201512,0.22158229433708435,0.15231221708586862,-0.5307299227487843,-0.05068928950159067,-0.08735530411445946,-0.04030996578433492
#17,-0.2450013212669062,0.10356604790193111,0.27012117905054106,-0.043202339157203305,1.0,0.6081911684460871,0.1538414548349789,-0.21521962201470896,0.08620768943020794,0.02103251002961697,0.18385240247505893,0.6262894363852883,0.3964013494081754,0.4073997810471984,-0.21214055534392406,-0.13748245460504416,0.2443300490413093,0.2766183803670033,-0.23026215994536475,-0.467020834834773,-0.38816762587212195,-0.4170886141111306,0.04658066420258968,-0.15464039233047458,-0.013085690164626424,0.018377621513657096,-0.20367758341998785,-0.1883948151427483,0.09837569967088443,0.31614107698696237,0.47251044144042115,0.15798988973427092,0.3714736759018076,0.37307566912731177,0.24567122074766548,-0.09747106082289189,0.3987116789698923,-0.1339847007587847,-0.08952698644757659,-0.28107568285476014,0.3079828544169781,0.0886319568134474,0.16746457460353414,-0.07604525939729638,0.10912291900462272,-0.18617508674031444,0.03208585146214484,-0.13560042143266515,-0.03003085244022554,-0.18090374656384808,0.04169369258065734,0.074356783247022,0.08158428481709891,-0.09464046096771647,-0.5175488268179431,-0.2719592843881162,-0.18429305356793543,-0.4348793872067045,0.2781654637990027,0.23801542278825066,0.03363018940446897,0.015578594789746969,-0.01797266178655877,0.034905469358619295,-0.21393747833637053,-0.32995363554310936,0.16209302405392143,0.14730032568371274,-0.1482845837322873,-0.10543709911560914,0.078505218146314,0.05019784684972219,-0.16534231108457137,0.19601766722606018,-0.12525267084667469,0.00989954939650705,-0.12453472529659868,0.25912000192184276,0.14738680860848288,0.10989851983787884,0.30272112345437513,0.5141142192342143,0.07254064182684883,0.45342242447329495,0.4736772745523994,0.18295050911674166,0.23190121728148477,0.2819226664195726,0.1639091654740946,0.49209127380425344,0.42121508509302064,0.44345904244183854,0.4512878062507936,0.20069598163267408,0.3303242766492671,0.028777536403477164,-0.0063757133983328015,0.2053701778047751,0.15998860621784775,0.12637694886868667,0.20366248322677402,0.4920061636243209,0.3802551246280719,0.2575921369175701,0.48154859345132073,0.2602044703435637,0.3152584020563718,-0.10117884462930742,-0.21120983434401672,0.1874791943360548,0.3709424236496481
#18,0.005237707927944623,0.09757813492022636,0.6315690130307804,0.19919282603547858,0.6081911684460871,1.0,0.27624911200568314,0.024241987459975908,0.09614773479942482,0.19072848136670476,0.25461053513025633,0.4787729033896502,0.694203241736934,0.3808426594185739,-0.297836897322118,-0.09152021195180293,0.4166630632114679,0.5637114902174771,-0.3536870210407465,-0.5342098309121546,-0.5822655094427686,-0.655449282226043,0.1510300734075302,-0.15283660561384002,0.20463301382697238,0.03347644198265537,0.016886820620000204,-0.06606952266230134,0.2589511543068153,0.39004142257547525,0.645502373132638,0.15262245741917108,0.5013367102856339,0.24054401877914938,0.3586508663735856,-0.06785271820637159,0.37050726353612207,-0.3450373558188938,0.18974010508361733,-0.41934128838966733,0.3337712389365346,0.025606495828571624,0.18148441763016196,-0.12271034740739978,0.17119020409283872,-0.40192252914508886,0.019243823506196227,-0.017578684018161414,0.0103827555793498,-0.0290616945848648,0.16579943511549933,0.1877221701723138,0.30600747459564087,0.054192534327200594,-0.6162464351532498,-0.28327207459495446,-0.32062720711630927,-0.6764605147106769,0.24350502939389884,0.17326442154248473,-0.09084207600201794,-0.17755424916005175,0.07849972716696352,-0.03390336562715564,-0.07703500842522144,-0.24358190310480562,0.23400014413820794,0.031321232587589704,-0.2453458802211492,-0.046413189332399865,0.22819343347506924,0.18779080741419488,-0.24296142243820074,0.18262379584538774,-0.27724847024747157,-0.002416717286632554,-0.38849983012282635,0.04229358207469791,0.21409259850302176,0.2207270743032462,0.43467759371557413,0.5680768188011133,-0.029507836657091772,0.08851115526773672,0.3182647132507627,0.1985462632169589,0.1384200393291396,0.3317574222597439,0.4594872111659065,0.4140383750819357,0.4776609800711768,0.3889775453263186,0.41729315309193615,0.2199199003387248,0.0914543201995971,0.3078304797400021,0.022177379224193255,0.420930926911633,0.30359281642626473,0.29267263124298615,0.4155415306791312,0.6772127788816934,0.3992319492633508,0.41421957740050175,0.5513320772718069,0.38413999251854064,0.4158558892469465,-0.24301770497654324,0.02328518430815376,0.05737043862629424,0.1362758118927749
#26,0.16501285232354224,0.24964531705257956,0.06040145922776239,-0.027647767402114713,0.1538414548349789,0.27624911200568314,1.0,0.3425801425595514,-0.16107993836375678,0.22476568961552848,0.24880107897744236,0.1901931108800324,0.41032098206165685,0.27309179887915386,0.007410763005899371,-0.06594734837175303,0.06014338319828956,-0.01515304389008432,-0.05627773373554757,-0.2619245196251034,-0.3151966285386788,-0.2920301866589793,-0.21671865937739157,-0.2756492225116426,-0.11554736484469108,0.023650334434961066,-0.3281196484400471,-0.10424143836204086,0.10626623699753249,0.1779029263488076,0.081257571545745,0.05683506813962188,-0.18277754326720136,-0.22709935583948496,0.21874071252320798,-0.026155593763620203,0.1840555687110269,-0.06867911059861971,-0.013294347379944884,-0.25282047586199796,0.28710889641610643,-0.04932889936750782,0.2755586213523596,0.10784214807112191,0.18357098978334654,-0.07950869462261528,-0.10471640807585789,0.03588149093816814,-0.1614711706424789,0.08725234825163786,0.14107492784509948,-0.02657016270458188,-0.060463232745455356,-0.16296746251548627,-0.15696994031991818,-0.17215661645852423,-0.02857574291234681,-0.2912875317018261,-0.09417647321260042,-0.16057888649802496,0.1316606437486916,0.06481071564620247,0.19966505025962036,0.12215713123783833,-0.13027691695236918,-0.1991173250694094,0.21243981371852552,0.33773298053791007,0.009980541341926717,0.027730132092372,0.1370761221331082,0.1078929396301139,0.05078812712989941,-0.17942255488405454,-0.1835284346933803,-0.17811707454347656,-0.024122558659102844,-0.09398154344565818,0.18726504614138587,0.21601993225504226,0.17887620243868121,0.06773603489517377,0.07726700230277947,0.008082035231496257,0.226975808804099,0.09863514844519487,0.057204336500942046,0.29906138571727636,0.11002893059745288,0.11584113223994207,0.08834505314238453,-0.017107832538857257,0.10555790066131983,0.10470954435166978,-0.03944376379179579,-0.11636689351275108,-0.1899885718992268,-0.121226410237931,-0.22570464708446156,-0.016882702385487343,0.04531636620714033,0.09005686595489847,0.011297003641205682,-0.12707979422554885,-0.09248250608297556,-0.04276168806432682,-0.056920178319554406,0.06328559613160505,0.10178422510269847,0.15002934242090415,-0.04013699993479462
#49,0.4683318061547015,0.2753005453228867,-0.2370572468915909,0.0012265475124147612,-0.21521962201470896,0.024241987459975908,0.3425801425595514,1.0,0.10244863360410725,0.17059443283331102,0.3845298520524251,0.015232663090666365,0.10110883464258873,0.0045334898262448225,0.24176987991914534,0.07583660218197792,-0.12873120626520743,0.003808680551980699,0.23390267925473682,0.1797588773692718,0.06757267825949682,-0.0116182259332091,-0.18864328195835778,-0.2473624423876151,-0.09474616232021332,0.04410697800519584,-0.2190180069804075,-0.2462162004482012,0.277558710580774,0.2564843318336096,-0.15204453184253244,-0.028420622745695588,-0.49647170258110346,-0.2993290709606125,-0.09907442679323374,0.059871579720440514,-0.18372885543967302,0.17277023340094103,-0.1978434178600967,-0.19399835956991904,-0.11654535034164187,0.07556205321445363,0.11479098243916167,0.09029160532213173,-0.1463256768490015,0.030358938456417066,-0.3117592754652747,-0.2280190948806913,-0.3540439346985281,-0.19569644493405677,-0.2917103371118135,-0.263282164269511,-0.26401109177828797,-0.28452127239719,0.2248810001818887,-0.21951356786678883,0.12997765857776772,0.02700532281810788,-0.14595778123251896,-0.2810207730612553,0.16203262328106607,0.14234746230957454,0.3023147909824392,0.14139477739226528,0.03365489881154616,-0.05596337516773226,0.12811896206762827,0.07048701554976715,0.35621012605229474,0.1667699657156977,0.23268368183892899,0.15260323899144437,0.3224296210881062,-0.11585211419864304,0.16835136776863757,-0.03558085981872904,0.07307738505835881,-0.34532151400028144,0.1138781071221434,0.09340224512418192,0.23455061481809414,0.034622683922069276,-0.25826752737767983,-0.09723220322114576,0.0012979302439710763,0.06694807935837906,0.026150102784269717,0.05207301629791308,-0.1294011057459667,-0.17122452271377928,-0.03940395419150477,-0.12429312220517731,-0.094776362706641,0.016432442078747507,-0.24383036992041512,-0.016763273584614276,-0.02290630673297024,-0.4389042750706106,-0.32464797674570245,-0.39985517541963095,-0.3476318435619983,-0.2428255206992762,-0.23994824751962168,-0.3743564400608126,-0.25550693750922315,-0.39716871377240576,-0.38971196381444606,0.1866212288125414,0.1823588560917268,0.015475638926925361,-0.36583993108820917
#50,-0.028485141753063794,-0.016886820620000204,-0.0777241263337074,-0.1358845796140528,0.08620768943020794,0.09614773479942482,-0.16107993836375678,0.10244863360410725,1.0,-0.10281378373091456,-0.11451231523712452,0.03270770487358736,0.04902277726871823,0.12926245851736695,-0.05354185327416803,-0.0881446323960918,-0.04015621836252132,0.09349147353862733,0.022980434954201802,-0.0466781290860608,-0.11276755654850766,-0.321240824058726,-0.044433691276549746,-0.17536334839920792,-0.1527075675991036,-0.23414016411164534,0.08832858020433307,-0.09243034177914594,0.002530655108155134,0.06457048529961872,-0.1451862986337757,0.14894075576467036,0.10668492417300703,-0.09554647256054663,-0.17591107358941888,0.12312491634836145,0.10053228181078772,0.022745695586968533,-0.0628408268042157,-0.21207740908139347,-0.004526626102056715,0.1187691969785886,-0.010444529097042764,0.07127908932107473,-0.054655149337479024,-0.2362624276306081,0.027154952005408614,0.04610020350942218,0.16536427500197332,-0.10837065483360617,0.003199181844076778,-0.005127888340934908,-0.0002834718089688284,-0.16445689066430555,-0.12497949462398802,-0.18150089056821342,0.04902277726871823,-0.1449295953491405,0.07986972651490973,0.04179664844347895,-0.23679642537244283,-0.15492043227734936,-0.07751546911838894,0.02082248006946089,0.04534244835905514,-0.03412437754601269,0.3076890870217271,-0.03164931860378123,0.05182729497197885,0.13738773521124828,0.17961473916132153,0.09912384560738811,-0.018141509401586205,0.0865000840806213,-0.04092358272675171,0.05359264483316002,-0.11370925950711597,0.13688668334551643,-0.21647431079629495,0.0035959051021493753,-0.12032588962445133,0.06918290795402678,0.07119123365146696,0.2541918479547818,0.10800138647228599,-0.2081623408044971,-0.07974480673468617,-0.050490241500135556,0.041559163586570434,0.0408398452916568,0.07128046206591235,0.07957733186449635,-0.07514748427349195,0.004898639953052127,-0.03017361790333817,-0.07117338796857788,-0.15646065198516063,0.022957098291962234,0.07424284542549942,0.05207988002210119,0.06686022368877129,0.08569428286093751,-0.035867763489791926,-0.020162189802564973,-0.028106264177880275,-0.0026981299783449503,-0.00691657486435565,-0.037823924883402485,0.03145438883683898,-0.12850058513248705,0.023898801250570548
#51,0.47525593111566405,0.45717139062483914,0.2700621510225233,0.6803824467117613,0.02103251002961697,0.19072848136670476,0.22476568961552848,0.17059443283331102,-0.10281378373091456,1.0,0.344271364199501,0.004308359672874905,0.3020745606358554,0.08071396459004691,0.015363073850240402,0.11086218671388909,0.3690521540082433,0.057574977607099835,-0.16016980853641377,0.05955310291811234,-0.07630058993709397,-0.09932838458819371,-0.19927793621541112,0.08809795907161266,0.05783991736076077,0.29122850367380837,0.21613524282140245,0.255369663025461,-0.004219131258429511,0.12645244983475584,0.23673877008926272,0.036272723216890256,-0.061361007869259784,-0.032751632708391244,0.019135376664024133,-0.11618431844934743,0.028695171713219877,-0.0958649493628748,-0.0057030684278982936,-0.1543136790591207,-0.1424476726827209,-0.09587318583190053,-0.07812496782629287,-0.15258264781888004,0.03960712042747274,0.15584154406339334,0.3353210678582092,0.22500591996211225,0.15349826862557356,0.2174036590513647,0.21815729596721886,0.09767697254853511,0.15238497256226255,0.10855597538668506,-0.09796113072992275,-0.11342098309121547,-0.15211591457408877,-0.11962029877791391,0.06036851335165948,-0.0032939012378726575,-0.25109768109078306,-0.33626688905133034,-0.018366639554956123,0.09367267585719335,0.234757899288575,0.110753739871717,-0.10669178789719513,-0.1254709372758565,-0.012546201443441197,-0.03777176057957287,0.13191871977816444,0.31355345296804593,-0.22315271443132328,-0.1171424943460072,-0.43647863494253347,-0.34686859743228077,-0.39436282332430755,-0.23190670826083526,0.13981886631867585,0.08831897099046972,0.006832837429260743,-0.04427857110989852,-0.1292473583241531,-0.26486493906728853,-0.20205088078740643,-0.11719877688434968,-0.2723518894116759,-0.2658148784949226,-0.0026789115506182497,-0.2141022077168851,-0.05582060970461963,0.0067916550841320995,0.04832816838088178,0.09763029922405599,0.06466795018308984,0.07694303452110081,-0.1292679494967174,0.014385679525853933,-0.11253281718127439,0.13038536379454127,0.023270084114939926,0.03379080055047068,0.145308472924324,-0.11959970760534959,0.012326562269421765,0.053433406431995935,0.010283917951041055,-0.3638412146046323,0.04939341837487602,0.023375785467436776,-0.0241198131694276
#52,0.31537233987789437,0.29829402135304595,0.09786503859128924,0.2046659597030753,0.18385240247505893,0.25461053513025633,0.24880107897744236,0.3845298520524251,-0.11451231523712452,0.344271364199501,1.0,0.26281131279020686,0.34643069182907954,0.2665726336452896,-0.06810942149100681,-0.091153689080158,0.10171421511597978,0.302482265852629,-0.1407701784911475,-0.08117657960032534,-0.1435719507047329,-0.11719054041532395,-0.11999643086342218,-0.03277496937063081,0.04252832144193118,0.10458599731628385,-0.21214055534392406,-0.00579504233201893,0.20466458695823767,0.2755023388140171,0.23008919409582446,-0.10019733207040808,-0.06629877105018411,0.16697450469650327,0.05689546891247722,0.0394959280956254,0.01734669014060339,0.05015529175975592,-0.1519402032348732,-0.0016562166465902734,0.03384296485430029,0.1119768555220377,0.1884401157223898,-0.09458006019486113,0.07888135023182229,0.17370644538019883,-0.12967428196865338,-0.053992113580907865,-0.2111315878882723,0.14800728927508777,-0.10338072734885222,0.01241579068386716,-0.12069378524093388,-0.0784530538424844,-0.17545944053784143,-0.2541136014990374,-0.13958138146176735,-0.07593681255512429,-0.07544811539293104,0.13163044336226393,0.20356227285362766,0.10489349215991105,0.06248116765675888,-0.006874019774389386,0.03530356536152951,0.016731700453348982,-0.05306551081551339,0.11016620508121501,0.13254331867928218,0.13931506896326878,0.13677549101366912,0.31865594552948484,-0.0015024692247766717,0.13459969044603912,-0.08941442137089163,-0.15574133369024698,-0.09997357466187579,-0.2219996087677213,0.24654016822987984,0.3425362147247475,0.23633106487248917,0.1352640989474479,-0.27086932498704475,-0.01177060061018508,0.10599580626452107,0.28314303658021805,0.2566490612141242,-0.08085123907380906,0.030126944578859043,-0.06507016442051293,0.1984886079337788,0.13882499905623794,0.14294323356910227,0.24334853648240998,0.07111024170604728,0.05334280527271292,0.1127195104791909,-0.13954294460631395,-0.18607350362233044,-0.09275980054017509,0.08704918201566988,0.08435860213393186,0.13639661343848558,0.01891436474516708,0.24341442823461582,-0.13419335797410317,-0.07020560285805476,0.10941256816536084,-0.07131066245234001,0.11594408810276367,-0.13430180481627527
#53,-0.2832350104843387,0.11332489095258196,0.04115832209398498,-0.10328051697570585,0.6262894363852883,0.4787729033896502,0.1901931108800324,0.015232663090666365,0.03270770487358736,0.004308359672874905,0.26281131279020686,1.0,0.4481428478278029,0.5598993778034024,-0.13024122558659104,-0.2235178645581306,0.04904885942063304,0.27532800021963916,-0.14536200997299126,-0.3480203303510452,-0.2563209751979326,-0.40504140541616473,-0.07725327485440325,-0.30657579095841614,-0.2343048934921599,-0.10075054823996953,-0.27196477536746666,-0.3671056018284961,0.3640690902476775,0.5190739463325406,0.4437775192441667,0.05986608874109003,0.08557759954973969,0.21595266775799882,0.16518856366275778,0.06567554489390398,0.2287741045413831,-0.11528242509103014,-0.200960921386335,-0.4071622961902899,0.41918754096785377,0.26393421806738115,0.32636939877207977,0.10625662778366914,0.04517909172337819,-0.08651106603932228,-0.15891237426515253,-0.24608716243346476,-0.07211371818234856,-0.21476524347345627,-0.11126577369614979,-0.1422033241016243,-0.12630419339229274,-0.2703572911626119,-0.26933596900342155,-0.44136835205414104,-0.008013397989615185,-0.2772306245645825,0.3707529848620563,0.07264359768967044,0.13572808670256395,0.13867811535861244,0.1971254723100207,0.03226430829103563,-0.29549911286364866,-0.2555453743646765,0.3406926184078219,0.13652153321870913,-0.04544814971155199,-0.11073040320947743,0.09141039236479322,0.1199785851805331,-0.00769492118728701,0.1850329630354134,0.012912724315086123,0.02448359055139728,0.04701856980579092,0.1808804099016085,0.1795021740846366,0.12392385384385714,0.5796765126790145,0.682080532075899,-0.1823259102156239,0.506514703813142,0.532761585108464,0.32538788621318043,0.38343851990651606,0.47660671203588356,0.27747771863535436,0.47182956000096093,0.41950739051501956,0.3739171617127737,0.29785199751533187,0.22119655303771274,0.2754240923582727,-0.06058266154632842,-0.13161397042421247,0.02344579545415547,-0.055035399657500164,-0.12923500362061452,-0.04159210946267335,0.29529045564833023,0.34225754752271037,0.12951367082265167,0.2956157961748465,0.008924900561795825,0.05861414544917927,0.0637688023144478,-0.12263621918616822,0.18209117084839063,0.10133945577530913
#54,-0.05148685425224873,0.16867533555031625,0.4770240264665205,0.18468428584665753,0.3964013494081754,0.694203241736934,0.41032098206165685,0.10110883464258873,0.04902277726871823,0.3020745606358554,0.34643069182907954,0.4481428478278029,1.0,0.4818135332049817,-0.11072491223012694,-0.05777402560855495,0.3238421755260187,0.3858147412204388,-0.24100800653426543,-0.5100577582390429,-0.4381849567756969,-0.5696211567434374,0.0650742826550258,-0.2931077913565121,0.17932646274542105,0.04932066289848209,-0.12674758997484445,-0.23190670826083526,0.38734946994889957,0.4564918819302165,0.45520150178285235,0.3334102070442401,0.14571617814109758,0.0696194408123904,0.4258467261751554,0.1315316057339552,0.28884130040118466,-0.23042826207071695,0.24506309478459917,-0.43669552862687766,0.32775312556840214,0.027811124037791665,0.1181542072913342,-0.109499051090131,0.18950673846122168,-0.3580866682453232,-0.012190660530497242,-0.008624269442356728,-0.019621328336542124,-0.11979189188261659,0.07556479870412887,-0.09213108340454447,0.08517950354682947,-0.1656511786730362,-0.456011421237049,-0.3069615322577878,-0.21413240810331277,-0.6372247217617807,0.07738505835881491,0.026954531259115885,0.0038031895726302134,-0.054096442188567094,0.2565804239722431,0.13230171558786083,-0.11906845535319009,-0.26802774317316835,0.27699039421799876,0.2560217168233312,0.0032307549753420707,0.11285266672844019,0.33589487520033495,0.36132085508275935,-0.05219930882297426,0.01130524011023141,-0.10508430369234043,0.055747854228225695,-0.2140308249853288,-0.04318586621915185,0.3660334881103138,0.3038879565663533,0.3607676389131979,0.39563123955426976,0.016251239760181477,0.13354130417623297,0.3796126800440651,0.18577973622707944,0.1996224951696541,0.2526516282469705,0.43823300284501365,0.30922656123986314,0.299425163099246,0.23726453136207173,0.22437857557131924,0.1542244506446753,0.07294971978846002,0.16855727949428082,-0.02791133441093803,0.25945632440706,0.10379941452432676,0.20880890362301682,0.1874668396325162,0.45758184133128793,0.2850031058351951,0.17420475175625544,0.28566476884692865,0.16670544670832949,0.17716438962616726,-0.10743856108886121,0.1807650993352483,0.01972291145452611,0.054590630330110815
#58,-0.11902040928387334,-0.12750946335972435,0.12797207837000277,-0.11026504270952377,0.4073997810471984,0.3808426594185739,0.27309179887915386,0.0045334898262448225,0.12926245851736695,0.08071396459004691,0.2665726336452896,0.5598993778034024,0.4818135332049817,1.0,0.1316606437486916,0.06681080487461692,0.3026291495502545,0.45249444896306285,-0.02640817881374255,-0.25005439501419074,-0.30975506800234737,-0.37974309080363916,-0.15672010075947107,-0.3939825730042864,-0.10389550666296025,0.006772436656405399,-0.32633919838565206,-0.43428773418168964,0.4130843174197888,0.539803766125462,0.234119572939081,0.10373901375147142,0.11000559393521331,0.11299405944671519,0.34950975849986443,0.23717942118213922,0.29908884061402874,0.04307192839762927,-2.9514014008861066e-05,-0.3018741398895627,0.490435743530082,0.2451344775161555,0.20496384533283915,0.14742936369844914,-0.02647681605562362,-0.1998531163023745,-0.2587164149395821,-0.33420639905006055,-0.15474197544845858,-0.2689529731937252,-0.004311105162550148,-0.2324420787475076,-0.055503505647129074,-0.26067532182286784,-0.26643535916152744,-0.22798477625975078,-0.14185464691286845,-0.3402945224049117,0.11816793473971042,-0.06751776846599196,0.01944836248700182,-0.060453623531592005,0.43809023738190106,0.3710165518708796,-0.11228023213115204,-0.33669655818550587,0.6174105227755528,0.45558037935803586,0.14757624739607464,0.2681101078634256,0.41585726199178413,0.39341700213118636,0.15840857690974547,0.23685408065562294,-0.09906207208969514,-0.08654401191542518,-0.086762278344607,0.07266693435191,0.466201306166713,0.5133578368286849,0.36503824810303825,0.28527353656820653,-0.21060857210513853,0.43908410464433895,0.2979014163294862,0.0541417427682086,0.26246400834628864,0.2135956648718028,0.22978032650735963,0.2987456544046234,0.21462522350001886,0.08407444395254421,0.0348546777996273,0.05568470796569511,0.1392066221210967,0.034282243202339156,0.06995713604244527,0.18209666182774112,0.015659586735166636,0.07685792434116827,0.05334692350722579,0.2715419699574792,0.28785841509744775,0.1470230312265132,0.26230614268996216,0.17902857711565717,0.0408398452916568,-0.025351165288774034,-0.07735485797238724,0.02033927388661814,0.01532326424994938
#101,-0.05909186065267153,0.014312924049459996,-0.4269559040039535,0.031175721634801826,-0.21214055534392406,-0.297836897322118,0.007410763005899371,0.24176987991914534,-0.05354185327416803,0.015363073850240402,-0.06810942149100681,-0.13024122558659104,-0.11072491223012694,0.1316606437486916,1.0,0.5877276611516643,-0.03191425835744217,-0.2168298517092389,0.7664274658787111,0.4491092601934884,0.4495705024589292,0.2566490612141242,-0.1804823138986983,-0.34374423018185435,-0.1653491748087595,0.03930648930803365,-0.38125448286986036,-0.45755026820002265,0.42177241949709493,0.04448722832521698,-0.33773160779307243,-0.13830198327310414,-0.5016194957221839,-0.05084990064759238,0.03265416782492012,0.2306245645824968,0.10267925473682765,0.5744916554273183,0.005608349034102414,0.1021383932708048,-0.052747034013185215,0.2738934818643248,0.08433114723717942,0.4367586748894082,-0.3808330502047106,0.095595891374701,-0.24760679096871172,-0.16135311458644347,-0.3121958083236383,-0.3940168916252269,-0.2951078805849266,-0.6078164091054165,-0.46184009581758967,-0.49496580149423275,0.49098895969964346,0.04431426247567668,0.17666471050527305,0.17269473243487185,-0.3649325467505414,-0.654093010326473,-0.07927120976570677,-0.04793968159183491,0.48607316043612103,0.5107880584926575,-0.06062658938113231,-0.2610885180189919,0.2755901944836249,0.07884977710055699,0.6555783202407794,0.2770384402873155,0.3241016243003291,0.15353670548102696,0.3863281477897092,-0.11005226725969244,0.2453856898214402,-0.08642046488003927,0.17686375850672817,-0.3624259146770446,0.39911526595215296,0.051559609728642666,0.083049003558841,-0.16210263326778476,-0.21626290809130125,-0.16306630014379503,-0.16324887520719866,-0.24819432575921369,-0.15132658629245643,0.030967064419483367,-0.40486294858727395,-0.12878199782419944,-0.41229636188299407,-0.5284360661251188,-0.42239839114305033,-0.3623545319454883,-0.34255955138698707,-0.14203584923143447,0.13238133478844286,-0.3857241400611558,-0.3996423999697996,-0.3823883701057357,-0.5214611496051643,-0.4814538740575249,-0.11225414997923723,-0.35847240954469484,-0.27535957335090444,-0.26687326476472867,-0.3969916296883526,-0.0009039524755737215,-0.04373770964387567,-0.17592068280328224,-0.3072855000394664
#102,-0.045726816913589145,-0.06428907260790633,-0.0836639932460954,0.21164636720238034,-0.13748245460504416,-0.09152021195180293,-0.06594734837175303,0.07583660218197792,-0.0881446323960918,0.11086218671388909,-0.091153689080158,-0.2235178645581306,-0.05777402560855495,0.06681080487461692,0.5877276611516643,1.0,0.07788061924519625,-0.005825242718446602,0.3109575924801038,0.31469008569359647,0.19643635440153473,0.3545573412677985,-0.0009245436481380432,0.07363746495210836,0.21692319835819718,0.17301595472687525,0.05494891673273001,-0.03500293424209042,0.10845164677902583,-0.09434669357246549,-0.07091805742878028,-0.060325958261693215,-0.09638659240117095,-0.1784218238974285,-0.019372861520932642,-0.09755068002347393,0.1146276258034847,0.08870608503467897,0.16006685267359216,0.11362552207202106,-0.2109778404664587,-0.03615741265053005,-0.22534498793700475,0.1466015985613634,-0.2587987796298394,0.15201844969061762,-0.019194404692041856,-0.1653889844090505,0.004970022684608441,-0.15023525414654737,0.06873951137147505,-0.18704540696736643,-0.07147264634317935,0.10593540549166572,0.27543644706181125,0.40000480460693166,-0.019063993932467816,0.1134100011325145,-0.2544293328116903,-0.20664957599343828,-0.4447645227824165,-0.43451286433505953,0.14936493391949537,0.44141914361313306,0.41181452844498895,-0.11078805849265753,0.18534594885839106,0.12368225075243576,0.1853294759203396,0.0923822957098292,0.03507706246332198,0.045870955121539395,-0.06809706678746821,-0.04493886137679443,-0.1920943624801381,-0.168531197342366,-0.2769121477622543,-0.1846952678053585,0.35460676008195285,0.25892644489973815,-0.0276532583814652,-0.19628947070390923,-0.07989031768747405,-0.18636864376241905,-0.3914979048481916,-0.3977329119006682,-0.4194579717008652,-0.18317563927011157,-0.15704544128598735,0.013292974635107263,-0.45234481977576213,-0.5095800430355507,-0.22366612100059372,-0.4750253099829436,-0.29018247210754083,0.26674422674999226,0.351415128334483,-0.0821718196076009,0.05970822308476356,-0.013324547766372557,-0.24142120273038947,-0.19730667462858673,-0.05112856784962953,-0.3305219519058846,-0.14090470748523443,0.0009190526687875574,-0.1260900451976238,-0.37300840463026835,-0.09978688136395927,-0.27618871123282784,-0.09149412979988812
#201,0.08477317107489353,-0.039029194850834115,0.5619173127147059,0.19024802067353724,0.2443300490413093,0.4166630632114679,0.06014338319828956,-0.12873120626520743,-0.04015621836252132,0.3690521540082433,0.10171421511597978,0.04904885942063304,0.3238421755260187,0.3026291495502545,-0.03191425835744217,0.07788061924519625,1.0,0.4758173837542512,-0.17207562451310457,-0.23596042376633136,-0.4375095663155872,-0.4057799421388051,0.08614317042283973,-0.07752233284257705,0.3588389324163398,0.2615277963670308,0.004169712444275139,-0.032202534773342666,0.10305538682233593,0.14215665077714518,0.41173079100989407,0.26884040811704024,0.2692536043131643,-0.04322155758493001,0.14881720872928442,-0.013658124761914567,0.13639249520397273,-0.1934259249726309,0.15865018000116685,-0.3002776376434089,0.1808529550048561,0.018225246836681114,-0.16116779403336456,-0.25283283056553657,-0.10883876082323508,-0.314673612755545,0.19086163761595404,0.006779300380593507,0.03540652122435112,-0.06052637900798594,0.3663615741265053,-0.05800464674127535,0.4105159118285991,-0.013859918253044919,-0.4161565203663856,-0.12525129810183708,-0.36385631479784614,-0.5788542385212793,0.1680576003733866,0.1414730238480097,-0.07741525874524258,-0.21264572544416876,0.0175457381420585,0.15622453987308973,0.19624828835878058,-0.11471822696276773,0.26523283468377107,0.008208327756557431,0.02149787052957064,0.10481112746965376,0.5254723100206942,0.4643220184840092,-0.10935628562701837,0.31896344037311203,-0.31515681893838776,-0.05651521859245608,-0.28793117057384165,0.004547217274621037,0.3183553144100457,0.3336216097492338,0.030824298956370736,0.007294079694701548,0.03174815623208997,-0.02201127709884106,0.004426415728910349,-0.11068510262983593,0.05518365609996328,-0.11704228397286083,0.13767326613747352,-0.08093223101922872,0.15831934849530008,0.17557063286968877,0.20431316427980659,0.11315329784787928,0.040283883632420116,0.3058962822637935,0.14853579603757203,0.5482804654977744,0.2807187691969786,0.3322433739322619,0.1769818145627636,0.6267602878645925,0.19325845010244108,0.43767292295126414,0.356038532947592,0.43022440946233015,0.22098515033271904,-0.21463483271388223,0.10767467320093209,0.07877564887932544,0.05830665060555207
