,#10,#11,#12,#13,#17,#18,#26,#49,#50,#51,#52,#53,#54,#58,#101,#102,#201,#202,#301,#302,#401,#402,#501,#502,#601,#602,#701,#702,#801,#802,#901,#902,#1001,#1002,#1101,#1102,#1201,#1202,#1301,#1302,#1401,#1402,#1501,#1502,#1601,#1602,#1701,#1702,#1801,#1802,#1901,#1902,#2001,#2002,#2101,#2102,#2201,#2202,#2301,#2302,#2401,#2402,#2501,#2502,#2601,#2602,#2701,#2702,#2801,#2802,#2901,#2902,#3001,#3002,#3101,#3102,#3201,#3202,#3301,#3302,#3401,#3402,#3455,#3501,#3502,#3601,#3602,#3701,#3702,#3801,#3802,#3901,#3902,#4001,#4002,#4101,#4102,#4201,#4202,#4301,#4302,#4401,#4402,#4501,#4502,#4601,#4602,#4701,#4702,#4801,#4802
#10,1.0,0.5675716688374917,0.3949847620733697,0.3753588183967931,0.3247006158398563,-0.07148547654876769,0.34490825630066135,0.47250218136294087,0.24703144956309514,0.38355315570505444,0.5710365583783306,0.14278126936354785,0.25848834709594204,0.43633581608265154,-0.3773315292302634,-0.15535097813578827,0.1431606368315229,0.18415761453736137,0.119563980323474,0.13357528547401964,-0.2593229555254872,0.05206186218844447,-0.23415824681647465,0.05196069753031778,-0.45158638829524905,-0.10782887998077871,-0.06880461310841057,0.029653890413384083,-0.01693243465395364,0.306364521554395,-0.06389812718926643,0.09273005475537122,-0.16726311663020524,-0.08435867929538815,0.09371641017210637,0.11736364900921863,-0.06622491432618015,0.07945219337624401,-0.10856232375219717,0.11394934179744307,0.14523451232311993,0.2523931764438094,0.2331718913997395,0.2869156160295401,-0.12004451244957574,0.07335702272411133,-0.10729776552561363,0.28254024456556104,0.07075203277734923,0.22634327697618836,0.15274598818902616,0.20408705218831802,-0.051176671429835986,0.10165783583505103,-0.400877603409249,0.08395402066288142,-0.40978009332439713,-0.008738097345692282,-0.06779296652714374,0.1488005665220855,0.016477193692383565,0.11210308678663108,-0.02067552700464093,-0.20259487348094943,0.173889401737503,0.40067527409299564,-0.08026151064125747,-0.0544645228189532,0.16402584757015137,0.30755320628738353,0.2634707065086812,0.20985343770153897,0.34961241290355216,0.48742396843662666,-0.06718597857838364,0.08099495441267593,-0.00600665157627183,0.0663513701488385,-0.4120562981322475,0.10120259487348095,-0.1790993816310272,0.1103579964339458,0.19384413055299132,0.31683506367050673,0.3297082664171272,0.18972167073432897,-0.21604977301179834,0.5066199623161648,0.11045916109207249,0.08036267529938416,0.29657684088063835,-0.09313471338787795,0.11346880967134132,-0.2198940300206123,-0.22361183120676792,-0.26696088721405176,-0.08167781585503105,-0.07348347854676969,-0.20302482327798785,0.14885114885114886,0.016123117388940175,-0.048875175457453936,-0.02272411133170627,0.022041249889351154,-0.35386132854487284,0.021914794066692802,-0.03268883015718459,0.09629610895433681,-0.1501915805713274,0.06154604888782104,-0.35006765386512223
#11,0.5675716688374917,1.0,0.29247967222650767,0.11397463296197473,0.13752070714096032,-0.1102821229403508,0.47867322550866853,0.41802501296172184,0.46660934002706156,0.5870205743623466,0.5640309058030577,-0.10069677158284754,0.07019562715765247,0.2627119715727311,-0.24374359817397792,-0.2519379354822393,0.14746013480190695,0.3616257160560958,0.0032246234777880346,0.10676665107044854,-0.014150406555469846,0.22715259424120185,-0.13215898026024608,0.11923519518456227,-0.2975631962973735,-0.09407048647554976,-0.11212837795116276,-0.3444530153390913,-0.023786340242036446,0.22821482315153202,-0.40489889856978467,-0.17528041578674491,-0.4924316190138975,-0.2840324232729296,0.18314596795609453,0.15922052630913391,0.0018589005930778084,0.1593975644608556,-0.0005437600374309235,0.09900226355922559,0.05110079793624098,0.5705307350876971,0.09627081778980513,0.4326433060610276,-0.06665486412321855,-0.1621795925593394,-0.3021661882421376,-0.10808179162609542,-0.07436866930537817,-0.20332831725236789,-0.11187546630584605,-0.26599982296184826,-0.256262724617155,-0.0932611692105363,-0.1930853956170412,0.14799124925707205,-0.21756724288369858,-0.11857762490673883,-0.08117199256439762,-0.09275534591990288,0.32748264393834015,0.30593457175735655,-0.04371577789299308,-0.41559706116668144,0.23780017450903526,0.0961190708026151,-0.20585743370553497,-0.005627284108296766,0.4213634466799024,0.5350978135788262,0.5535603636869459,0.6103896103896104,0.43433781408464955,0.10337763502320464,0.004792675678751628,0.10772771532265203,0.2545935077580647,0.17340886961140126,-0.3157475435956449,0.08779827767169539,0.06329113924050633,0.1488005665220855,0.13888643002567053,0.025961380391760137,0.03830346868321552,0.41974481214987547,-0.021383679611527713,0.5125380948165759,0.39055880828032724,-0.17340886961140126,0.09207248447754778,-0.33764969208007184,-0.16673200217504014,0.08430809696632481,-0.12917462284550893,-0.09164253468050937,-0.14523451232311993,-0.09085850858002757,-0.20388472287206463,0.07189013518127442,-0.18081918081918083,-0.16051037570024912,-0.002111812238394517,-0.12168843814413435,-0.2426307869345844,-0.15057094803930246,-0.35403836669659455,0.4110446515509807,-0.20932232324637387,0.4033814286978844,-0.33926832661009876
#12,0.3949847620733697,0.29247967222650767,1.0,0.5694685061773669,0.12717662084750692,0.24581747366557494,0.32844370819054364,-0.18443581734720976,-0.13210839793118273,0.4052023925441647,0.11142022534427598,-0.07661958294869688,0.2090441204365255,-0.10330176152960963,-0.27037519442582736,-0.14025215291038076,0.47710517330770497,0.7876048002630281,0.11953868915894232,-0.02034674186572921,-0.32965768408806384,-0.019031601310082323,0.28630862808078,0.24581747366557494,-0.1351939200040466,0.45077707103023557,0.2814527244906992,0.37500474209334966,0.01607253505987683,0.13018626942677575,0.11109144020536425,0.3362080957017666,0.19763780523274194,0.10747480367733532,-0.3245488688526663,0.13129908066616927,-0.3148370616725047,-0.11905815703284058,-0.111571972331466,-0.22925176089733051,-0.1884571125077454,-0.2448058270843081,-0.09895168123016224,0.18478989365065315,-0.07727715322652032,0.2876743509654902,0.27437119842183133,0.45975543443897876,0.22131033523438587,0.3792283665701387,0.2749276040415281,0.3392430354455671,0.3911405050645557,0.6566977326470997,-0.3360057663855132,0.17732900011381025,-0.42131286435083903,-0.08992273549235574,0.22280251394175446,0.10618495428622012,-0.2856763489674882,-0.0677423841980804,-0.20856358831042376,0.0494315810771507,0.4630179946635643,0.5477433958446617,-0.1794534579344706,0.26463410007713806,-0.16632734354253342,0.022395326192794548,0.4119551334741208,0.2264191504697834,-0.13843118906410046,0.12012038594317076,-0.6111736364900922,-0.584289128592926,-0.45462132803904953,-0.19356592774314293,0.10236598844193781,0.3953894207058764,-0.35714917993399004,0.0556784987164734,0.21417822683645468,-0.3853235372222714,-0.09753537601638868,0.023280516951403027,-0.28739614815564185,0.3423538486829626,-0.11994334779144905,-0.19182083739045763,0.20519986342771152,-0.13243718307009447,0.058283488663235496,-0.06630078781977516,0.014175697720001518,0.2438447628321046,0.36453419997723796,0.4256376534857548,0.43099938036646895,0.3012051239899341,0.6652208550942729,0.6556860860658329,0.04503091844863997,0.21731433123838187,0.12371173130666802,0.1373689601537703,0.17034863870306907,-0.3121561982321476,-0.4440496212648111,0.1220678056121094,0.17222018487841273
#13,0.3753588183967931,0.11397463296197473,0.5694685061773669,1.0,0.2604610579294124,0.26794724263078695,0.2831725236788528,-0.043842233715651435,-0.017286510957397035,0.3497388687262105,0.20241783532922775,0.06726185207197866,0.23011166049140733,0.05408515535097814,-0.3967045612615233,-0.09295767523615625,0.2693382566800288,0.4038619608239861,0.03977035622605243,0.39349258336600107,-0.31433123838187127,0.12252304657367949,-0.1392657974936456,-0.2514068210270742,-0.4695936974417987,0.17593798606456834,0.11248245425460615,0.2619279454722493,0.021914794066692802,0.27123509401990414,0.13827944207691042,0.5673693395212382,0.22985874884609062,0.3809481657582923,0.11058561691473084,0.38881371792764197,-0.1490787693319339,0.08279062709442456,-0.14035331756850744,0.1649616206578232,-0.06723656090744698,-0.09713071738388195,-0.022749402496237938,0.40358375801413776,-0.043159372273296324,0.5424322512930108,0.385045334412423,0.590434881574122,0.21463346779802475,0.3638260473703512,0.21301483326799783,0.32844370819054364,0.22254960229643775,0.2882813389142503,-0.362536197979236,0.20944877906903223,-0.5690891387093919,-0.019360386448994044,0.06523855890944498,0.1765955563423918,-0.20342948191049456,-0.029932093223232464,-0.1332717914996396,0.0026682178580912756,0.08021092831219413,0.4273321615093767,-0.24632329695620836,0.27105805586818243,0.021434261940591056,0.3043412283918613,0.11450574741713983,-0.0614954665587577,0.12791006461892537,0.2620796924594393,-0.3056563689475082,-0.3328443708190544,-0.3166327343542533,-0.34708329645038505,-0.1804903956802691,0.5025733759910975,-0.28155388914882584,0.10481923140150988,0.264178859115568,-0.23494227291695646,0.08562323752197169,-0.06258298663361954,-0.3855511577030564,0.24338952187053453,0.03286586830890628,-0.05001327786137913,0.2807445718838124,-0.16986810657696733,0.17434464269907307,-0.20299953211345617,-0.11033270526941413,-0.14538625931030993,0.0030475853260663387,0.2821102947685226,0.18339887960141124,0.21900883926200382,0.3027731761908977,0.4509541091819573,0.004868549172346641,0.29617218224813163,0.1700704358932207,0.3175179251128618,0.3878020713463751,-0.3539119108739362,-0.04252709316000455,-0.24465408009711806,-0.02838933218680054
#17,0.3247006158398563,0.13752070714096032,0.12717662084750692,0.2604610579294124,1.0,0.30595986292188826,-0.27244906991742435,0.1575007271209803,-0.024089834216416493,-0.03741827792460704,-0.08807648048154378,0.5408136167629839,-0.042855878298916274,0.16587210258096335,-0.33443771418454965,-0.2113961987379709,-0.4443531152391912,-0.24311131906068614,-0.3348929551461197,0.141769622782281,-0.5637527029932093,-0.499462562753702,-0.26645506392341833,0.06632607898430683,-0.46504128782609794,0.13835531557050545,-0.35805966185713023,-0.024115125380948167,-0.15659024519784012,0.29432592723731965,-0.00484325800781497,0.2767738590523401,-0.006386019044246892,0.16005513473867905,0.3411651639499741,0.4359058662856131,0.0538575348701931,0.378596087456847,-0.1889123534693155,0.36321905942159105,0.441368757824454,-0.10122788603801262,0.4516116794597807,0.40004299497970386,0.1655433174420516,0.4840096612248511,0.09396932181742308,0.2625855157500727,0.27988467228973557,0.23114859823720582,0.10264419125178618,0.3343871318554863,-0.157753638766297,-0.021687173585907764,-0.6242238773884343,-0.21895825693294046,-0.2235359577131729,0.34812023419618354,0.2535818611767979,0.6352255339597112,-0.10843586792953881,0.29308666017526774,0.4054805953540131,0.14778891994081866,-0.4139531354721228,0.10499626955323157,0.25552928084573656,0.050493809987480875,-0.22624211231806168,0.23423412031006968,-0.2378760480026303,-0.24275724275724275,0.1785682671758621,0.22323246373879285,-0.004615637527029932,0.215999190682735,-0.13658493405328848,0.16341885962139127,-0.2694394213381555,0.09561324751198169,-0.2808963188710024,0.714386878943841,-0.04912808710277065,-0.09358995434944802,0.842638374283944,0.05236535616282452,0.04778765538259209,0.040883167465445944,0.16352002427951795,0.49716106678131994,0.6662325016755396,0.30264672036823936,0.6519935760442089,-0.288382503572377,-0.07186484401674276,-0.4324915590738376,0.09227481379380113,-0.20380884937846963,0.03820230402508883,-0.10674135990591686,0.036710125317720256,-0.19288306630078783,0.11951339799441066,-0.014175697720001518,-0.3922533163039492,-0.004640928691561603,0.06417632999911481,-0.006107816234398513,0.3858546516774365,-0.06463157096068488,-0.09839527561046549
#18,-0.07148547654876769,-0.1102821229403508,0.24581747366557494,0.26794724263078695,0.30595986292188826,1.0,-0.3269009471541117,-0.04399398070284146,-0.17487575715423817,0.03807584820243048,-0.24113860822721583,-0.029982675552295807,-0.2113709075734392,-0.06240594848189785,-0.29455354771810466,-0.36354784456050276,-0.10431340811087647,0.11106614904083259,-0.12791006461892537,0.1593975644608556,-0.27244906991742435,-0.16559389977111497,-0.20431467266910305,0.025860215733633455,-0.23294427091895448,0.2712856763489675,-0.14280656052807952,0.2119020220286043,-0.2275319617091769,0.264178859115568,0.43504596669153633,0.1281376850997104,0.3054034573021915,0.32368896925858953,0.11076265506645254,0.298372513562387,0.09869876958484554,0.23425941147460136,0.005526119450170083,0.2299599135042173,-0.17811302621429204,-0.19217491369390102,-0.06890577776653727,0.31959180060445885,0.25944941134814553,0.37098344693281404,0.10901756471376725,-0.01953742460071574,0.1263167212534301,0.08840526562045549,-0.1749263394833015,0.1381276950897204,-0.055577334058346715,0.11630142009888846,-0.21273663045814944,0.10241657077100115,-0.12699958269578523,0.062026581013922784,-0.01632544670519354,0.3405075936721506,-0.04128782609795268,0.06301293643065795,0.02302760530608632,-0.03127252494341102,-0.1410108878463309,0.19141617875795092,-0.06751476371729537,-0.12889642003566054,-0.24768901984091857,0.04728183209195867,-0.17100620898089253,-0.14513334766499322,0.1287446730484705,0.29860013404317204,-0.03491445263597162,-0.07694836808760859,0.011545416608707748,-0.0518595328721911,-0.14998925125507404,0.09791474348436374,-0.5571517090504432,0.2131159979261245,0.23003578699781232,-0.26170032499146423,0.2186800541230921,0.12740424132829195,-0.08681192225496023,-0.12550740398841664,-0.01217769572199952,-0.1590434881574122,0.30507467216327977,0.0980411993070221,0.3192883066300788,-0.0988252254075039,-0.14849707254770547,-0.288230756585187,0.10094968322816424,-0.24546339736213155,0.2845129553990314,-0.19773896989086862,0.1957662590573983,0.21794661035167365,0.481556418265279,0.25977819648705724,0.19746076708102026,0.2058321425410033,0.28479115820887974,-0.11286182172258122,-0.042122434527497817,0.005045587324068337,0.12338294616775629
#26,0.34490825630066135,0.47867322550866853,0.32844370819054364,0.2831725236788528,-0.27244906991742435,-0.3269009471541117,1.0,0.020953729814489307,0.15914465281553888,0.6424335158512374,0.5963783052390648,-0.3043412283918613,0.33709328646037506,0.2896976441280239,-0.34154453141794916,-0.24528635921040984,0.6064947710517331,0.4747025126771962,0.21554394972116492,0.1924784076682811,0.24146739336612755,0.5007271209802855,-0.16473400017703815,-0.3149382263306314,-0.06829878981777716,-0.3296071017590005,0.37267795495643596,0.15959989377710895,0.37298144893081603,-0.007144753980197018,-0.318731901010382,0.1423766107310411,-0.2603851844358174,-0.12090441204365256,-0.04723124976289533,-0.14457694204529647,-0.0323347538537412,-0.3204011178694723,0.09154137002238268,-0.09088379974455923,-0.07333173155957966,0.3913428343808091,0.09485451257603156,0.05840994448589385,0.0767713299358869,-0.03974506506152076,0.15092502434274585,0.11872937189392886,0.008561059193970587,0.1511526448235309,0.059674502712477394,-0.3173408869611401,0.024646239836113255,0.07768181185902705,0.09821823745874379,0.3050240898342164,-0.07029679181577916,-0.2871685276748568,-0.2518367708241126,-0.5169134662805549,-0.021181350295274345,-0.07401459300193478,-0.29763906979096855,-0.3542406960128479,0.27874656988581037,0.3860063986646265,-0.2791006461892538,0.011950075241214482,0.3073761681356618,0.2608657165619191,0.5481480544771684,0.46390318542217274,0.1186029160712705,0.07866816727576222,0.008510476864907244,0.007726450764425448,0.06045852881295919,-0.2192870420718522,-0.15846179137318378,0.010634934685567596,0.07667016527776022,-0.15370705244122965,-0.04328582809595468,0.04624489434616017,-0.3189848126556987,-0.005222625475790033,-0.25992994347424725,0.6810025417620355,0.3416709872406075,-0.25251963226646773,0.07854171145310386,-0.4132196917007044,-0.18238723302014442,-0.012557063189974583,-0.19015162053136736,0.186029160712705,-0.2474108170310702,0.35861606747682695,-0.06083789628093426,0.22558454204023826,0.08263888010723454,0.26124508402989416,-0.028212294035078845,-0.022951731812491306,0.24650033510793004,0.13468809671341317,0.1531506468215329,0.1065390305896635,-0.19409704219830803,-0.023584010925783078,-0.31417949139468127
#49,0.47250218136294087,0.41802501296172184,-0.18443581734720976,-0.043842233715651435,0.1575007271209803,-0.04399398070284146,0.020953729814489307,1.0,0.5295590485463904,0.07535502472211333,0.310815766511969,0.1784165201886721,0.13322120917057625,0.30770495327457353,-0.18064214266745912,-0.07758064720090037,-0.060180326003110816,-0.29698149951314506,-0.21420351800098636,-0.02664424183411525,0.024089834216416493,-0.07401459300193478,-0.3100064492469556,-0.18954463258260726,-0.2270261384185435,-0.40254682026833927,-0.3605887783102973,-0.32060344718572564,0.024924442645961633,-0.033068197625159654,-0.25535224269401485,-0.2815285979842942,-0.4666599223561249,-0.4367657658796899,0.40186395882598414,-0.1322348537538411,-0.09720659087747695,0.050923759784519275,-0.22758254403824024,-0.0034775351231047433,-0.027048900466621985,0.3967551435905866,-0.01953742460071574,0.3135472122813895,-0.004792675678751628,-0.1821343213748277,-0.41832850693610185,-0.21081450195374246,-0.13124849833710595,-0.10069677158284754,0.08064087810923254,0.06136901073609934,-0.38074583644203897,-0.4073774326938884,-0.006588348360500259,-0.1998381365469973,0.10838528560047547,0.3051758368214064,0.07017033599312081,-0.016856561160358628,0.08091908091908091,0.16066212268743915,0.00777703309348879,-0.2674161281756218,-0.2488777045739071,-0.11437929159448147,-0.06243123964642952,0.006360727879715222,0.24371830700944624,0.35977946104528385,-0.05039264532935419,0.16038391987759076,0.3219438789059042,0.19907940161104717,0.11379759481025303,0.3171132664803551,0.08342290620771634,0.1062861189443468,-0.3421009370376459,0.05097434211358262,0.1702474740449424,-0.02219299687654118,0.19389471288205465,0.3380290595480469,0.19988871887606066,-0.004590346362498261,-0.008535768029438916,-0.017590004931777085,0.3262180857117566,0.008535768029438916,-0.02689715347943196,0.23620683114354,0.02601196272082348,0.13220956258930944,0.09232539612286447,-0.2912909874935191,-0.5216176228834457,-0.4067704447451283,-0.3194653447818005,-0.20745077707103024,-0.6382604737035117,-0.5299131248498337,-0.20160851806421426,-0.18243781534920775,-0.3155199231148598,-0.2637994916475929,-0.3814034067198624,0.21392531519113797,0.14389408060294137,-0.06559263521288838,-0.32338547528420947
#50,0.24703144956309514,0.46660934002706156,-0.13210839793118273,-0.017286510957397035,-0.024089834216416493,-0.17487575715423817,0.15914465281553888,0.5295590485463904,1.0,0.46157639828525904,0.4275091996610984,0.0985470225976555,-0.0466495529786669,0.16936228328633393,-0.033422273928603044,-0.18615561653536336,0.2042640903400397,-0.17920054628915388,-0.3442253948583063,0.07591143034181008,0.3557075835556848,0.13314533567698125,-0.18580154023191997,-0.2083359678296387,-0.03789881005070878,-0.26784607797266025,-0.17044980336119578,-0.3710087380973457,-0.02133309728246437,-0.017615296096308755,-0.22472464244616144,-0.2111179959281225,-0.22578687135649161,-0.30004173042147725,0.42442367758823457,-0.11045916109207249,0.14905347816740222,0.13542154048483163,0.06718597857838364,0.07363522553395971,0.25274725274725274,0.3455152442494215,0.13165315696961266,0.29609630875453663,0.08964453268250737,-0.24313661022521782,-0.2929854955171411,-0.08099495441267593,-0.28259082689462434,-0.3717421818687641,-0.02396337839375814,-0.20745077707103024,-0.20750135940009357,-0.3256110977629965,0.24432529495820635,-0.004033940742801502,0.04637135016881852,0.08423222347272981,0.005121460817663349,-0.1815526245905993,0.08162723352596771,0.07575968335462006,-0.2234600842195779,-0.6010065883483605,0.04472742447425992,-0.2972091199939301,-0.4726792195146626,-0.3002440597377306,0.3522174028503142,0.3984496516142086,0.05216302684657115,0.25697087722404177,0.3594759670709038,-0.057246550917436995,0.17500221297689653,0.16652967285878678,0.16159789577511097,0.04948216340621404,-0.3711857762490674,-0.2865615397260967,0.3406846318238723,0.08271475360082955,0.10236598844193781,0.04981094854512576,0.038733418480253926,-0.08117199256439762,0.06614904083258513,0.22429469264912302,0.1500145424196057,0.07550677170930335,-0.11655433174420517,-0.12755598831548198,-0.13453634972622314,0.2415938491887859,0.022370035028262878,-0.24865008409312206,-0.4490319806775503,-0.13714133967298525,-0.08999860898595076,-0.12968044613614235,-0.45735277380847,-0.3282413788742903,-0.13714133967298525,0.042476510830941214,0.011368378456986052,0.0030475853260663387,-0.10239127960646947,0.15621087772986508,-0.08218363914566446,0.05244122965641953,-0.03390280605470479
#51,0.38355315570505444,0.5870205743623466,0.4052023925441647,0.3497388687262105,-0.03741827792460704,0.03807584820243048,0.6424335158512374,0.07535502472211333,0.46157639828525904,1.0,0.7140328026403976,-0.12664550639234184,0.19948406024355392,0.382819711933636,-0.3248270716625147,-0.3222220817157526,0.4528509465218326,0.3864363484616649,0.09824352862327546,0.40317909938163105,0.3308969511501157,0.4880815387144501,-0.35783204137634517,-0.19101152012544417,-0.23815425081247865,-0.22505342758507316,0.22646973279884672,0.018272866374132196,0.18079388965464915,0.45608821558188645,-0.08767182184903703,0.21604977301179834,-0.1955133474120816,0.08496566724414825,0.25067337725565575,0.1365596428887568,0.28294490319806775,0.06771709303354873,0.2767485678878084,0.1844105261826781,0.10342821735226798,0.4116010571706774,0.28630862808078,0.38681571592964,0.17120853829714588,0.12065150039833585,0.1259626449499867,0.29359248346590117,-0.0960431973090201,-0.13061621922381417,0.01217769572199952,-0.3827944207691043,-0.11928577751362561,-0.06660428179415522,0.05413573768004148,0.2392417708873405,-0.2971079553358034,-0.4200483061242555,-0.37960773403811376,-0.380973456922824,-0.010457896533845901,-0.04720595859836366,-0.12578560679826503,-0.5338332553522427,0.3397235675716688,0.2729801843725894,-0.2774314293301635,-0.1714614499424626,0.35193920004046586,0.4655218199521997,0.3692636477446604,0.4423298220766575,0.4684050127088102,0.27487702171246475,0.1390887593419239,0.02016970371400751,0.1540358375801414,-0.16402584757015137,-0.30489763401155806,-0.19723314660023522,-0.13572503445921166,0.18198257438763768,0.24283311625083778,-0.13569974329468001,-0.06845053680496718,0.05608315734898013,-0.33249029451561096,0.7279429431328166,0.3581861176797886,-0.17525512462221324,0.23522047572680485,-0.4534832256351244,-0.16324182146966956,-0.21324245374878287,-0.43302267352900264,-0.1311220425144476,-0.20987872886607065,0.17743016477193693,0.10651373942513183,0.15831004438599375,0.06612374966805347,0.15909407048647556,0.2226760581190961,0.03246120967639955,0.16986810657696733,0.09692838806762857,0.22578687135649161,0.08977098850516572,-0.3269009471541117,0.04131311726248435,-0.22163912037329758
#52,0.5710365583783306,0.5640309058030577,0.11142022534427598,0.20241783532922775,-0.08807648048154378,-0.24113860822721583,0.5963783052390648,0.310815766511969,0.4275091996610984,0.7140328026403976,1.0,0.08992273549235574,0.42174281414787745,0.5557354038366696,-0.2765715297360867,-0.09687780573856523,0.40636578611262153,0.22376357819395795,0.20464345780801477,0.4122586274485009,0.2856510578029565,0.5703284057714437,-0.35889427028667537,-0.2617509073205276,-0.2740424132829196,-0.4474892196411184,0.08251242428457618,-0.1426548135408895,0.07942690221171234,0.4001441596378305,-0.1346628055488815,0.08311941223333628,-0.2912151139999241,0.004236270059054869,0.23216024481847267,-0.02194008523122447,0.2451346122232198,0.03590080805270679,0.2842094614246513,0.16058624919384412,0.26486172055792306,0.41493949088885795,0.3338560174003212,0.31514055564688476,-0.01812111938694217,-0.10183487398677273,-0.07469745444428989,0.09080792625096422,-0.18425877919548805,-0.15803184157614536,0.014453900529849897,-0.362687944966426,-0.12353469315494632,-0.20552864856662326,0.11463220323979818,0.2641535679510363,-0.18580154023191997,-0.29645038505798,-0.3786213786213786,-0.35532821608770976,0.1033270526941413,0.04169248473045942,-0.07401459300193478,-0.509452572743712,0.18992400005058233,0.14617028541079174,-0.12735365899922862,-0.20130502408983422,0.38466596694444793,0.5275610465483883,0.33570227241113315,0.523893827691296,0.4925327836720242,0.2961974734126633,0.29311195133979945,0.2717662084750692,0.2669103048849884,0.05674072762680358,-0.4515358059661857,-0.1911632671126342,-0.05277001479533125,0.129553990313484,0.2970320818422084,0.3258134270792499,0.03453508516799656,0.2438447628321046,-0.13931637982270895,0.7083422906207716,0.31369895926857955,0.06139430190063101,0.18086976314824416,-0.36418012367379454,-0.3261422122181616,-0.18142616876794093,-0.3901541496478205,-0.13569974329468001,-0.3301129250496339,0.07793472350434376,-0.24508402989415648,0.24270666042817943,-0.18590270489004665,-0.08038796646391583,0.14209840792119274,-0.06157134005235271,-0.022218288041072853,0.08056500461563752,0.11566914098559668,0.19746076708102026,-0.1789223434793055,-0.014630938681571592,-0.4274080350029717
#53,0.14278126936354785,-0.10069677158284754,-0.07661958294869688,0.06726185207197866,0.5408136167629839,-0.029982675552295807,-0.3043412283918613,0.1784165201886721,0.0985470225976555,-0.12664550639234184,0.08992273549235574,1.0,0.33709328646037506,0.2367379455987051,0.06764121953995372,0.2915944814678992,-0.21637855815071005,-0.23648503395338838,-0.1810215101354342,0.13134966299523262,-0.28592926061280494,-0.26827602776969867,0.03792410121524046,-0.0038316114265481353,-0.2271020119121385,0.11721190202202861,-0.31134688096713414,-0.2570214595531051,-0.16827476321147208,0.14270539586995284,0.16819888971787705,0.330416419024014,0.06460627979615322,0.07965452269249737,0.32685036482504837,0.19690436146132348,0.10082322740550588,0.29354190113683787,0.0018083182640144665,0.1149609883787099,0.48509718129971297,-0.2555545720102682,0.1863073635225534,0.20603447185725668,-0.11845116908408047,0.14902818700287054,-0.06415103883458313,0.18367708241125963,-0.11700957270577524,0.06898165126013227,0.3426826338218743,0.3521668205212509,0.023229934622339684,-0.18762250407820028,-0.1271007473539119,-0.11465749440432985,-0.08534503471212332,0.2368138190923001,0.25633859811075,0.302596138039176,-0.38251621795925594,-0.03956802690979906,0.31688564599957003,0.1271260385184436,-0.3175937986064568,-0.19730902009383022,0.2428836985799011,0.10282122940350788,-0.09938163102720064,0.1734594519404646,-0.2839565497793346,-0.08820293630420213,0.0904791411120525,0.08028680180578915,-0.0012519126443177077,0.16774364875630698,-0.29207501359400095,0.07770710302355872,-0.10330176152960963,0.08314470339786796,-0.011241922634327698,0.5546478837618078,0.006284854386120209,0.2310980159081425,0.622023546074179,-0.2514826945206692,0.09169311700957271,-0.16437992387359476,-0.240051088152354,0.6736428128833192,0.30692092717409175,0.3049229251760897,0.1745722631798581,-0.23076923076923078,0.006133107398930184,-0.09106083789628093,-0.014757394504229948,0.018374031032258882,0.10507214304682659,0.02449449284892323,-0.11880524538752386,-0.16422817688640473,-0.12515332768497325,0.010230276053060863,-0.2845635377280947,-0.07985685200875074,0.10466748441431986,-0.3266227443442633,0.13203252443758773,-0.19424878918549804,-0.11908344819737225
#54,0.25848834709594204,0.07019562715765247,0.2090441204365255,0.23011166049140733,-0.042855878298916274,-0.2113709075734392,0.33709328646037506,0.13322120917057625,-0.0466495529786669,0.19948406024355392,0.42174281414787745,0.33709328646037506,1.0,0.35699743294680003,0.004337434717181552,0.38413485248928286,0.21857888946496543,0.2858028047901466,0.22502813642054148,0.3513069209271741,0.10717130970295527,0.38742270387840005,-0.007852906587083801,-0.1253809481657583,-0.11420225344275978,-0.13198194210852437,-0.17153732343605763,-0.1466508175368935,0.10213836796115278,-0.03327052694141302,-0.019208639461804018,0.44941134814552536,0.10145550651879766,0.10529976352761163,0.1646834178479748,0.0025417620354329217,0.1623566307110611,0.045840235713653435,0.35854019398323195,0.16812301622428205,0.20196259436765765,0.07024620948671581,-0.00395806724920649,0.22017223283046067,-0.15954931144804563,0.2919991401004059,-0.15282186168262119,0.13071738388194085,-0.40722568570669837,0.002617635529027934,0.16197726324308603,0.043867524880183105,0.0014036596315077329,0.08797531582341708,0.09556266518291835,0.44152050481164407,-0.23380417051303126,-0.1283400144159638,-0.15691903033675186,0.005779031095486792,-0.22227139948658936,-0.05532442241303001,-0.10658961291872684,-0.2177442810354203,-0.08147548653877767,0.22480051593975645,-0.056943056943056944,0.06979096852514574,0.24935823670000884,0.3436436980740778,0.1631153656470112,0.20777956220994195,0.18863415065946712,0.31688564599957003,0.089442203366254,0.17361119892765461,-0.0878741511652904,0.08185485400675274,-0.29667800553876505,0.17022218288041072,-0.06660428179415522,-0.07849112912404052,0.3570227241113317,0.31817549539068524,0.06475802678334323,-0.11622554660529344,-0.20788072686806863,0.3367139189924,0.17373765475031297,0.17793598806257033,0.10163254467051935,-0.08160194236143603,-0.09834469328140215,-0.33641042501801993,-0.2628131362308577,0.018753398500233942,-0.10294768522616624,0.31620278455721496,-0.06255769546908788,0.35783204137634517,0.10158196234145601,0.20633796583163672,0.12009509477863908,0.1970561084485135,-0.02750414142819206,0.20755194172915692,0.2737136281440079,-0.19738489358742523,0.02151013543418607,-0.3594759670709038,-0.4549248220134296
#58,0.43633581608265154,0.2627119715727311,-0.10330176152960963,0.05408515535097814,0.16587210258096335,-0.06240594848189785,0.2896976441280239,0.30770495327457353,0.16936228328633393,0.382819711933636,0.5557354038366696,0.2367379455987051,0.35699743294680003,1.0,-0.17469871900251646,-0.17859355834039378,-0.03195538638576613,-0.10097497439269591,0.035749061065516764,0.2959698529318783,0.08175368934862606,0.14007511475865905,-0.3823644709720659,-0.030665536994650917,-0.3757887681938315,-0.3938466596694445,-0.35871723213495366,-0.2596517406643989,0.08582556683822506,0.5164582253189848,0.24832129895421035,0.2838553851212079,-0.2372690600538702,0.006158398563461854,0.4642066793965528,0.28041578674490064,0.3852982460577397,0.22664677095056843,0.20560452206021826,0.3039112785948229,0.21840185131324372,0.5197966590371653,0.3396982764071372,0.4141807559529079,0.05856169147308388,0.0037810290974847937,-0.3057322424411032,0.06124255491344099,-0.2490547427256288,-0.01483326799782496,0.017210637463802022,-0.1749263394833015,-0.3984496516142086,-0.5163317694963264,-0.08155136003237269,-0.004312143552649882,-0.22454760429443973,-0.228138949657937,-0.44437840640372284,-0.10861290608126051,0.011823619418556128,0.11698428154124357,0.37841904930512527,-0.4122333362839692,-0.2856510578029565,0.14778891994081866,0.33997647921698554,-0.0730282375851996,0.43317442051619265,0.48706989213318325,0.17621618887441673,0.3981967399688919,0.6841639373284943,0.6476182045802299,0.43803032410627346,0.6036115782951226,0.3248270716625147,0.07340760505317467,-0.42778740247094676,-0.22538221272398487,-0.05408515535097814,0.12871938188393883,-0.15922052630913391,0.5785480342442367,0.43448956107183956,0.05982624969966742,-0.3200470415660289,0.3823138886430026,0.2246740601170981,0.07462158095069488,0.36741739273384844,0.011216631469796026,0.05036735416482252,-0.5082133056816601,-0.5610971307173839,-0.32988530456884885,-0.20770368871634695,-0.057575336056348715,-0.23188204200862428,0.11177430164771937,-0.35661806547882496,-0.21013164051138736,0.352546187989226,0.021080185637147662,-0.16923582746367558,-0.00719533630926036,0.11240658076101114,0.10355467317492634,-0.10302355871976125,-0.326496288521605,-0.6761719293364863
#101,-0.3773315292302634,-0.24374359817397792,-0.27037519442582736,-0.3967045612615233,-0.33443771418454965,-0.29455354771810466,-0.34154453141794916,-0.18064214266745912,-0.033422273928603044,-0.3248270716625147,-0.2765715297360867,0.06764121953995372,0.004337434717181552,-0.17469871900251646,1.0,0.561855865653334,-0.2326407769445744,-0.07462158095069488,0.31984471224977556,-0.20433996383363473,0.31228265405480593,-0.025910798062696798,0.5062658860127215,0.3605129048167023,0.37662337662337664,0.17272600816904615,-0.17383881940843965,-0.28711794534579343,0.05411044651550981,-0.2121802248384527,0.043766360222056426,-0.08802589815248044,0.04869813730573224,-0.019992665562285815,0.05466685213520656,-0.14247777538916778,0.16604914073268504,0.008611641523033928,0.282236750591181,-0.12082853855005754,0.13140024532429595,-0.042780004805321264,-0.2781395819370503,-0.2468797025759051,-0.3244729953590713,-0.3235878046004628,-0.3230819813098294,-0.08509212306680661,-0.41956777399815376,-0.28648566623250166,-0.20598388952819333,-0.093438207362258,-0.19232666068109106,-0.013239924632329696,0.26799782495985025,-0.1099280466369074,-0.022749402496237938,-0.2925049633910393,-0.09166782584504103,-0.14718193199205856,-0.027984673554293807,-0.13440989390356478,0.15633733355252344,0.27624274459717496,0.09169311700957271,-0.40856611742687693,0.1568684480076885,0.15353001428950797,0.19842183133322375,-0.32442241303000796,-0.14945813679990896,-0.081374321880651,-0.15431404038998975,-0.1623566307110611,-0.02249649085092123,-0.02864224383211725,0.019031601310082323,0.13102087785632088,0.4657747315975164,0.05985154086419909,0.41607759329278315,-0.12426813692636478,-0.15828475322146207,0.07950277570530735,-0.25970232299346224,-0.18924113860822722,0.0988252254075039,-0.32427066604281796,-0.19955993373714892,0.07844054679497718,-0.49473311498627953,-0.1874454659264786,-0.3890666295729587,-0.10264419125178618,-0.043791651386588096,0.3396982764071372,0.262180857117566,0.03820230402508883,0.045486159410210045,-0.02302760530608632,-0.052871179453457935,-0.08193072750034776,-0.03005854904589082,-0.16169906043323765,-0.2518367708241126,-0.26519050569683483,-0.36734151924025343,-0.1027200647453812,-0.17543216277393492,0.02537968360753171,0.01844990452585389
#102,-0.15535097813578827,-0.2519379354822393,-0.14025215291038076,-0.09295767523615625,-0.2113961987379709,-0.36354784456050276,-0.24528635921040984,-0.07758064720090037,-0.18615561653536336,-0.3222220817157526,-0.09687780573856523,0.2915944814678992,0.38413485248928286,-0.17859355834039378,0.561855865653334,1.0,-0.07803588816247044,0.03461095866159157,0.3706293706293706,0.10676665107044854,0.05921926175090732,0.18468872899252647,0.36855549513777364,0.16536627929032993,0.09844585793952883,0.2252810480658582,-0.19746076708102026,-0.30310196132980943,-0.26066338724566573,-0.14384349827387802,0.025506139430190065,0.13893701235473388,0.2035812288976846,0.19563980323473995,-0.057651209549943724,0.055172675425839986,0.0831952857269313,0.20246841765829107,0.17621618887441673,0.02664424183411525,0.1637223535957713,-0.13443518506809646,-0.20332831725236789,-0.06286118944346793,-0.6433439977743776,0.006993006993006993,-0.13392936177746304,0.07151076771329935,-0.3737654750312978,-0.2092211585882472,0.038859874302912274,0.13827944207691042,0.07032208298031083,0.07831409097231883,0.08802589815248044,0.1679206869080287,-0.2206021826274991,-0.1243440104199598,-0.07879462309842057,0.07753006487183703,0.10977629964971737,0.12044917108208247,0.0011001656571276825,0.18671202215506014,0.07806117932700211,-0.2693382566800288,0.0506455569746709,0.2834760176532328,0.22652031512791007,-0.04993740436778411,0.028819281983838946,-0.15894232349928553,-0.07854171145310386,-0.007954071245210486,-0.06286118944346793,-0.04890046662198561,-0.05426219350269983,0.3018626942677576,0.1534035584668496,0.2900264292669356,0.20181084738046765,-0.24531165037494151,0.34387131855486286,0.2666826844042034,-0.15707077732394187,-0.05170778588500107,0.16579622908736832,-0.32199446123496756,-0.2681495719470403,0.210156931675919,-0.354544189987228,-0.14558858862656332,-0.34508529445238306,-0.1425536488827628,-0.051151380265304316,0.15570505443923166,0.1801363193768257,0.14639790589157678,-0.019689171587905764,0.1580824239052087,0.06141959306516268,-0.06650311713602852,-0.18954463258260726,-0.0283387498577372,-0.15041920105211246,-0.08177898051315773,-0.06556734404835671,-0.08051442228657418,0.16119323714260422,-0.04136369959154769,-0.11711073736390192
#201,0.1431606368315229,0.14746013480190695,0.47710517330770497,0.2693382566800288,-0.4443531152391912,-0.10431340811087647,0.6064947710517331,-0.060180326003110816,0.2042640903400397,0.4528509465218326,0.40636578611262153,-0.21637855815071005,0.21857888946496543,-0.03195538638576613,-0.2326407769445744,-0.07803588816247044,1.0,0.5590991287193818,0.08147548653877767,-0.08855701260764552,0.262408477598351,0.3720456758431442,0.1179959281225104,-0.2536324435058612,0.187875415723517,-0.09450043627258817,0.44779271361549844,0.27414357794104627,0.037797645392582103,-0.09639727361246349,-0.01812111938694217,-0.013518127442178075,0.01981562741056412,-0.03949215341620405,-0.29925770432099547,-0.3497894510552738,-0.20952465256262726,-0.3455911177430165,0.027959382389762137,-0.38299675008535766,-0.1649363294932915,-0.11915932169096725,-0.09740892019373032,-0.014302153542659872,-0.09806649047155376,-0.21587273486007663,0.13175432162773934,0.04528383009395667,0.04535970358755169,0.09278063708443456,0.17940287560540724,-0.07085319743547591,0.4033055552042894,0.3853235372222714,0.36195450119500755,0.320729903008384,0.11685782571858522,-0.042122434527497817,0.08888579774655724,-0.4153441495213647,-0.13752070714096032,-0.13759658063455532,-0.5185573919751135,-0.3001934774086673,0.47103529382010395,0.25689500373044677,-0.45244628788932584,-0.006664221854095272,-0.04035205301028086,-0.02975505507151077,0.42204630812225746,0.3980449929817018,-0.1420478255921294,-0.0156678764273701,-0.3142300737237446,-0.36203037468860255,-0.21544278506303824,-0.2150381264305315,0.07158664120689437,-0.026087836214418493,-0.16134498412979426,-0.2581342707924986,0.2441735479710163,-0.14288243402167453,-0.5593773315292303,-0.0393656975935457,-0.014555065187976581,0.31870660984585036,-0.10760125949999368,-0.308666017526777,-0.12409109877464308,-0.3324397121865476,-0.39905663956296866,0.2517608973305176,0.09351408085585301,0.3703764589840539,-0.05603257501991679,0.3420503547085826,0.25494758406150814,0.19852299599135043,0.30221677057120094,0.3671391899240001,-0.08521857888946496,0.0594974645607557,0.4243478040946395,0.09599261497995676,0.2289988492520138,-0.2064391304897634,-0.4028250230781876,0.07429279581178315,0.203935305201128
