,#10,#11,#12,#13,#17,#18,#26,#49,#50,#51,#52,#53,#54,#58,#101,#102,#201,#202,#301,#302,#401,#402,#501,#502,#601,#602,#701,#702,#801,#802,#901,#902,#1001,#1002,#1101,#1102,#1201,#1202,#1301,#1302,#1401,#1402,#1501,#1502,#1601,#1602,#1701,#1702,#1801,#1802,#1901,#1902,#2001,#2002,#2101,#2102,#2201,#2202,#2301,#2302,#2401,#2402,#2501,#2502,#2601,#2602,#2701,#2702,#2801,#2802,#2901,#2902,#3001,#3002,#3101,#3102,#3201,#3202,#3301,#3302,#3401,#3402,#3455,#3501,#3502,#3601,#3602,#3701,#3702,#3801,#3802,#3901,#3902,#4001,#4002,#4101,#4102,#4201,#4202,#4301,#4302,#4401,#4402,#4501,#4502,#4601,#4602,#4701,#4702,#4801,#4802
#10,1.0,0.4765487676880082,-0.2376737186863769,0.5284715284715285,0.15484515484515485,0.2799352546187989,0.16938757445086558,0.5117793598806257,0.3111445516508808,0.42214747278038417,0.12730307667016527,0.22090567660187913,-0.09591674148636174,-0.1306668015528775,0.24829600778967867,0.4735138279442077,-0.1471566408275269,-0.3990060572339053,0.2712603851844358,0.36071523413295564,0.31706268415129174,0.5001201330315255,0.06597200268086344,-0.2390900239001505,0.1332717914996396,0.03099432213356264,-0.4527497818637059,-0.4206552940730156,0.011773037089492787,0.19349005424954793,-0.34660276432428333,-0.25350598768320287,-0.334791790487993,-0.2799099634542673,0.07424221348271981,0.34328962177063443,-0.03256237433452623,0.41372551499133775,0.09862289609125052,0.23484110825882978,0.13203252443758773,0.2661262787845066,0.18420819686642473,0.42374081614587944,-0.4403318200786555,-0.03127252494341102,-0.44802033409628345,-0.5280162875099584,-0.5467317492633949,-0.5839603434540144,-0.5789274017122118,-0.4643837175482745,-0.489320805776502,0.1466508175368935,0.2574767005146752,0.44344263331605105,-0.059674502712477394,0.08939162103719066,-0.13564916096561666,-0.21445642964630307,0.2507239595847191,0.28898949152113707,0.07022091832218415,0.1876983775717953,-0.16569506442924165,0.08698896040668193,0.06764121953995372,0.2457416001719799,0.2830713590207261,0.3543165695064429,0.0819813098294111,0.0727753259398829,-0.1462967412334501,-0.09042855878298917,0.009016300155540662,-0.16131969296526258,-0.02775705307350877,-0.17636793586160673,-0.2243199838136547,0.05656368947508188,-0.12871938188393883,0.18304480329796785,-0.2507998330783141,0.05067084813920257,0.31625336688627825,-0.009345085294452384,0.23193262433768763,0.005121460817663349,0.2732836783469695,0.1572225243111319,0.0738122636856814,-0.1294528256553573,-0.06690777576853527,0.15327710264419125,-0.08451042628257818,-0.07232008497831283,0.1206009180692725,-0.5055830245703663,-0.46843030387334184,-0.5110459161092072,-0.614107411575766,-0.3862593103099432,-0.34255617799921595,-0.3916463283551891,-0.4566952035306466,-0.1755333274320616,-0.4235384868296261,0.16873000417304215,-0.08274004476536122,0.14614499424626007,-0.1660744318972167
#11,0.4765487676880082,1.0,0.03860696265759557,0.3736896015377028,-0.36678511362055666,-0.19290835746531948,0.33094753347917905,0.5748555242226129,0.6140568292467027,0.3853235372222714,0.06106551676171929,-0.2878513891172119,-0.43737275382845003,-0.26921180085737045,0.13645847823063012,0.4747783861707912,-0.5388914882585769,-0.37809026416621355,0.30375953160763286,0.382895585427231,0.32045170019853564,0.5448349119235195,-0.2755598831548199,-0.32373955158765283,0.23618153997900834,0.09313471338787795,-0.5163317694963264,-0.6367177126670798,-0.2700464092869156,-0.048849884292922266,-0.2787212787212787,-0.38127695089720404,-0.4051265190505697,-0.36412954134473124,0.4586426231995852,0.004868549172346641,0.09730775553560364,0.30810961190708025,-0.20024279517950405,-0.12199193211851439,-0.13236130957649944,0.00337637046497806,-0.1936165100722063,0.1248498337105932,-0.5183044803297968,-0.383199079401611,-0.4716169906043324,-0.5080362675299385,-0.43041768358224053,-0.12619026543077175,-0.29736086698112013,0.002061229909331175,-0.3803664689740639,0.5618305744888024,0.378747834444037,0.49630116718724315,0.17105679130995588,0.20517457226317987,0.010710808179162609,-0.19566509439927163,0.21134561640890756,0.24252962227645772,0.006588348360500259,0.069310436399044,-0.2898493911152139,0.24976289533251558,-0.15292302634074786,-0.012430607367316228,0.46853146853146854,0.310739893018374,0.23122447173080085,0.32755851743193515,-0.0973330467001353,-0.17826477320148207,0.12912404051644558,0.10737363901920864,0.20709670076758685,0.029476852261662388,-0.4086672820850036,-0.05469214329973824,-0.05165720355593773,-0.2922014694166593,-0.13663551638235183,0.06905752475372728,-0.17366178125671797,0.06068614929374423,0.08048913112204252,-0.2226760581190961,-0.14414699224825808,-0.14139025531430593,-0.23198320666675096,0.1494834279644406,-0.12411638993917475,0.2721455759430443,-0.32062873835025735,0.10158196234145601,0.22209436133486765,-0.4558100127720381,-0.33830726235789527,-0.4927856953173409,-0.6524488170057791,-0.4121574627903742,-0.46190518342417075,-0.393037342404431,-0.47424727171562614,-0.2800111281123939,-0.5262711971572731,0.2717156261460059,-0.05277001479533125,0.09766183183904703,-0.300674009534769
#12,-0.2376737186863769,0.03860696265759557,1.0,0.15570505443923166,-0.29609630875453663,0.09073205275736922,-0.3924556456202026,-0.02919864945181401,0.00456505519796659,-0.023154061128744675,-0.097510084851857,-0.12108145019537425,-0.14308476333792788,-0.09541091819572832,-0.05840994448589385,-0.1717902350813743,0.2873455658265785,0.7349233045435577,-0.2211838794117275,-0.34457947116174964,-0.26420415028009964,-0.1843093615245514,0.20519986342771152,0.4004476536122106,-0.04095904095904096,0.15046978338117578,0.11425283577182312,0.2619026543077176,-0.04897634011558062,-0.16164847810417432,0.573312763186181,0.02687186231490029,0.22469935128162977,0.15077327735555585,-0.18524513461222322,-0.26584807597465826,-0.23957055602625224,-0.552017602650514,-0.38084700110016567,-0.1729536286498312,-0.31149862795432415,-0.22775958218996192,-0.19290835746531948,-0.5191896710884053,-0.05411044651550981,0.010280858382124204,0.17864414066945714,0.29068399954475904,0.20648971281882675,0.2056551043892816,0.21040984332123572,0.6447350118236194,0.33362839691953616,0.18484047597971648,-0.07054970346109586,-0.3799618103415572,-0.30416419024013963,-0.5869194097042199,-0.12682254454406353,0.0993310486981373,-0.000821962847279303,0.050544392316544215,-0.27808899960798694,-0.4618546010951074,0.33757381858647684,0.11986747429785405,-0.12247246424461615,-0.24156855802425423,-0.1493316809772506,-0.25689500373044677,0.2779625437853286,0.28673857787781837,0.32487765399157803,0.2900011381024039,0.1541117110737364,0.4124103744356909,0.2009762389509225,0.35006765386512223,-0.11048445225660415,-0.1368125545340735,-0.14283185169261117,-0.25889300572844876,0.11564384982106501,-0.11736364900921863,-0.19632266467709505,-0.014934432655951643,-0.07004388017046245,0.02065023584010926,-0.0035786997812314266,0.09068147042830588,-0.20294894978439282,0.21516458225318985,0.41210688046131083,0.062254201494707825,-0.23180616851502928,0.5542685162938328,0.28681445137141337,0.4193401535173687,0.6258172207539296,0.23033928097219236,0.33876250331946534,0.6156248814476663,0.3143818207109346,0.5094019904146486,0.44012949076240215,0.29116453167086076,0.45087823568836227,0.13845648022863213,0.2087912087912088,-0.020751400498235942,-0.060003287851389114
#13,0.5284715284715285,0.3736896015377028,0.15570505443923166,1.0,0.06812175166605547,0.3790766195829487,0.031474854259664384,0.2850946521832598,0.20095094778639083,0.7291822101948684,0.19675261447413347,0.14058093804929248,-0.03352343858672972,-0.11541622934027998,0.27204441128491763,0.3582619911733836,0.05213773568203948,-0.19338888959142123,0.2357768813465016,0.2277848733544936,0.020194994878539183,0.21761782521276193,0.12300357869978124,-0.085370325876655,-0.23061748378204075,-0.1299080666169274,-0.1008991008991009,-0.09556266518291835,-0.017210637463802022,0.21132032524437588,-0.01895572781648731,-0.12573502446920168,-0.09948279568532734,-0.15719723314660022,-0.03468683215518659,0.2489788692320338,-0.08236067729738616,0.07027150065124749,0.2166061786314951,0.33719445111850177,0.16508807648048154,0.300598136041174,0.011444251950581064,0.2274560882155819,0.07568380986102505,-0.10051973343112583,-0.04475271563879159,-0.08524387005399664,-0.016805978831295285,-0.16809772505975037,-0.06951276571529737,-0.034787996813313266,-0.06447982397349486,0.08463688210523654,0.019335095284462374,0.011292504963391039,-0.12861821722581215,-0.25049633910393404,0.20734961241290356,0.08122257489346096,-0.14647377938517178,-0.07930044638905398,-0.03316936228328633,0.14692902034674188,0.09154137002238268,0.1334488296513613,-0.043741069057524756,0.10947280567533732,0.004135105400928186,0.0759873038354051,-0.08989744432782408,0.006386019044246892,0.055172675425839986,-0.10284652056803956,-0.12141023533428597,-0.12209309677664108,-0.2950593710087381,-0.41640637843169487,-0.2894447324827072,0.09174369933863605,-0.3209069411601057,0.08774769534263205,-0.03663425182412524,-0.38833318580154025,0.02568317758191176,-0.2536324435058612,-0.21524045574678485,0.16144614878792093,0.17801186155616536,0.11344351850680964,-0.02133309728246437,-0.2137482770394163,-0.0924771431100545,-0.07679662110041857,-0.18193199205857433,-0.15122851831712592,0.05803057701791879,-0.20949936139809558,-0.06508681192225496,-0.25649034509794005,-0.3119538689158942,0.0005437600374309235,-0.12338294616775629,-0.1608644520036925,-0.17070271500651246,-0.07603788616446844,-0.1612185283071359,-0.12699958269578523,-0.3725514991337776,0.03428217352267985,0.10342821735226798
#17,0.15484515484515485,-0.36678511362055666,-0.29609630875453663,0.06812175166605547,1.0,0.5832016085180642,-0.05674072762680358,-0.06716068741385198,-0.36099343694280406,0.10762655066452535,0.2548211282388498,0.8000227620480785,0.6465559756698998,0.4577068501119134,-0.09781357882623705,-0.3614992602334374,0.07077732394188091,-0.10117730370894928,-0.15487044600968652,0.1506468215328975,-0.4062899126190265,-0.38269325611097765,0.129629863807079,0.05362991438940806,-0.4489561071839553,-0.44867790437410693,0.431302874340849,0.4679497717472401,0.20059687148294744,0.30960179061444887,0.12080324738552586,0.5629180945636642,0.2966274232097017,0.3497135775616788,0.029729763906979095,0.23087039542735746,0.09298296640068791,-0.18476460248612148,-0.13946812680989895,-0.00011381024039251888,0.391039340406429,0.37123635857813075,0.5403836669659454,0.40333084636882105,0.1640764298992147,-0.009193338307262358,0.42945661933003704,0.3405075936721506,0.11711073736390192,-0.045536741739273384,0.1302368517558391,-0.05178365937859609,0.079376319882649,-0.4388649325358186,-0.5105400928185738,-0.22168970270236094,-0.3369668306377167,-0.15059623920383414,0.06746418138823203,0.22533163039492154,-0.12613968310170842,0.010483187698377572,0.37776147902730184,0.1959180060445883,-0.010204984888529191,-0.06996800667686744,0.4561640890754815,0.5606924720848772,-0.37088228227468734,-0.020726109333704272,-0.33137748327621747,-0.42035180009863554,-0.16341885962139127,0.038758709644785595,-0.2428078250863061,-0.244198839135548,-0.5187344301268352,-0.2536577346703929,0.4039378343175812,0.2958939794382832,0.2649123028869864,0.7933964769407807,0.16655496402331846,-0.15580621909735834,0.7190151620531368,-0.18871002415306212,0.10347879968133132,0.4669128340014416,0.39622402913542154,0.6720747606823556,0.5914212369908572,0.09900226355922559,0.25889300572844876,-0.3140530355720229,0.2275319617091769,-0.4676968601019234,-0.5707330644039504,0.2569202948949784,0.1750275041414282,0.2811239393517875,0.2836783469694862,0.21521516458225318,0.48216340621403914,0.17287775515623616,0.28618217225812165,0.15707077732394187,0.26825073660516696,-0.21526574691131653,0.18954463258260726,-0.12452104857168149,0.13595265493999673
#18,0.2799352546187989,-0.19290835746531948,0.09073205275736922,0.3790766195829487,0.5832016085180642,1.0,-0.31764438093552017,-0.04057967349106589,-0.2045422931498881,0.07060028579015921,0.006057233905335171,0.6774364875630698,0.7528547401965123,0.26895888921205374,0.12252304657367949,-0.1385576448867588,0.21106741359905917,0.1936165100722063,0.10537563702120664,0.05878931195386892,-0.473185042805296,-0.35097813578826237,0.3453382060976998,0.34700742295679005,-0.3477408667282085,-0.12067679156286751,0.23843245362232704,0.4085914085914086,0.2607645519037924,0.5173687072421249,0.2920244312649376,0.2951605356668648,0.19781484338446365,0.32634454153441494,-0.050165024848569155,0.34136749326622745,-0.1660997230617484,-0.1441975745773214,-0.09877464307844054,0.1804145221866741,0.3360057663855132,0.33909128845837705,0.4844396110218895,0.33216150937669925,0.09826881978780713,-0.012531772025442912,0.3011545416608708,0.28964706179896055,0.06384754486020308,-0.2081842208424487,0.06829878981777716,-0.08795002465888542,-0.03529382010394669,-0.5638791588158677,-0.5440255946585061,-0.22292896976441282,-0.5630445503863225,-0.45262332604104755,0.23036457213672404,0.3110433869927541,-0.08777298650716372,0.1391899240000506,0.35646631849163496,0.2987012987012987,0.18418290570189305,-0.06908281591825896,0.34748795508289176,0.4365381453989049,-0.22401648983927466,0.13921521516458224,-0.28033991325130564,-0.1995093514080856,-0.3228543608290444,-0.17386411057297133,-0.3211598528054224,-0.3254340596112748,-0.39205098698769586,-0.2536071523413296,0.2661515699490383,0.36281440078908433,0.025759051075506773,0.640081437549792,0.1068931068931069,-0.14642319705610846,0.5450372412397729,-0.10570442216011837,0.09599261497995676,0.5957207349612413,0.536033586666498,0.7638311056032575,0.6983016983016983,0.06822291632418215,0.2892171120019221,-0.13506746418138824,-0.02365988441937809,-0.3139518709138962,-0.151759632772291,0.2438447628321046,0.2963492203998533,0.09088379974455923,0.218148939667927,0.36863136863136864,0.5741726627802577,0.1649616206578232,0.31003174041148723,0.1964744116642851,0.3472097522730434,-0.09080792625096422,0.03931511526448235,-0.12290241404165454,0.006158398563461854
#26,0.16938757445086558,0.33094753347917905,-0.3924556456202026,0.031474854259664384,-0.05674072762680358,-0.31764438093552017,1.0,0.19384413055299132,0.46676108701425156,0.20256958231641775,0.5602625222878388,-0.2640271121283779,-0.2407339495947091,0.041161370275294325,0.44083764336928893,0.34655218199522,-0.4322892297575842,-0.4805194805194805,0.23296956208348613,0.21860418062949707,0.545720102682128,0.31101809582822243,-0.26448235308994805,-0.4957447615675464,0.34619810569177656,-0.3606646518038923,-0.503458566749706,-0.5989327128567635,0.1271260385184436,0.0542874846672315,-0.7016401320198788,-0.3102593608922723,-0.5308741891020372,-0.5060129743674048,0.26139683101708416,-0.29091162002554405,0.3589448526157387,0.3414939490888858,0.185877413725515,-0.22224610832205768,0.07221892032018615,-0.20795660036166366,-0.13099558669178923,-0.04475271563879159,0.025303810113936696,-0.3691877742510654,-0.5100848518570038,-0.4746266391836012,-0.4446060268845079,-0.13494100835872988,-0.4550259866715563,-0.33322373828702945,-0.4637008561059194,0.2231818814097295,0.4044183664436829,0.18301951213343617,0.5108435867929538,0.34571757356567484,-0.1408085585300775,-0.3755105653839831,0.08615435197713679,-0.20224079717750604,-0.040503799997470884,0.03714007511475866,-0.46602764324283313,-0.1324877653991578,0.009066882484604003,0.12717662084750692,0.4386373120550336,0.4218439788060041,0.2876743509654902,0.33701741296678006,0.13686313686313686,-0.00891513549741398,0.24956056601626223,0.09257830776818118,0.09963454267251735,-0.15173434160775934,-0.04219830802109283,-0.019916792068690802,-0.34781674022180353,-0.22356124887770457,-0.18982283539245565,-0.06498564726412828,-0.11708544619937025,-0.07755535603636869,-0.006689513018626943,-0.23522047572680485,-0.3227531961709177,-0.3822885974784709,-0.29108865817726576,-0.007245918638323702,-0.24207438131488765,-0.12257362890274283,-0.0019853564157361627,-0.011773037089492787,-0.19624679118350005,-0.620253164556962,-0.6863136863136863,-0.545416608707748,-0.5325939882901908,-0.6088721405177101,-0.5202013176696721,-0.7069006942424664,-0.4855018399322197,-0.6045220602182627,-0.5433427332161509,-0.004590346362498261,-0.014706812175166605,0.11187546630584605,0.04900163128011229
#49,0.5117793598806257,0.5748555242226129,-0.02919864945181401,0.2850946521832598,-0.06716068741385198,-0.04057967349106589,0.19384413055299132,1.0,0.5207577232893689,0.47417139822203114,0.3545694811517596,0.019663880423374094,-0.2923532164038493,-0.14996396009054236,0.33069462183386233,0.2754081361676298,-0.34640043500802997,-0.35525234259411476,0.30074988302836403,0.24779018449904525,0.3253328949531481,0.3302646720368239,-0.08117199256439762,-0.2699705357933206,0.04207185219843448,-0.15433933155452143,-0.434919510868878,-0.5046725426472262,-0.05542558707115669,-0.014732103339698276,-0.298296640068792,-0.015339091288458378,-0.3777108966982385,-0.22603978300180833,0.42730687034484505,0.2848164493734114,0.30224206173573265,0.16531569696126658,-0.17662084750692345,-0.009749743926959117,0.25277254391178444,0.36167629838515913,-0.018399322196790552,0.2719179554622593,-0.5045207956600362,-0.48403495238938277,-0.39040706129313724,-0.47920433996383366,-0.41655812541888493,-0.410867613399259,-0.3795824428735821,-0.0410096232881043,-0.4296842398108221,0.3555558365684948,0.3080590295780169,0.16569506442924165,-0.19751134941008358,-0.10959926149799568,-0.3615751337270325,-0.48476839616080125,0.25550398968120486,0.2867891602068817,0.02194008523122447,-0.3338560174003212,-0.41549589650855473,-0.23337422071599287,-0.03005854904589082,0.25922179086736047,0.31837782470693865,0.32277848733544934,0.0430076252861063,-0.03357402091579307,0.165897393745495,0.09439927161446149,0.3621568305112609,0.21976757419795395,0.24025341746860734,0.046851882294920266,-0.28909065617926377,-0.08696366924215025,-0.052921761782521275,-0.010255567217592534,-0.19343947192048458,0.15717194198206857,0.12474866905246652,0.1716384880941843,0.18418290570189305,-0.14579091794281668,0.09831940211687047,-0.06564321754195172,-0.09156666118691435,-0.08223422147472781,-0.21364711238128958,0.0852691612185283,-0.35411424019018956,0.027908800060698794,-0.15719723314660022,-0.4370945510186017,-0.4181261776198485,-0.39139341670987243,-0.4749807154870446,-0.328418417026012,-0.3333501941096878,-0.3340583467165746,-0.4315052036571024,-0.30818548540067525,-0.45644229188532986,0.24338952187053453,0.03633075784974519,0.0866601752677702,-0.35204036469859257
#50,0.3111445516508808,0.6140568292467027,0.00456505519796659,0.20095094778639083,-0.36099343694280406,-0.2045422931498881,0.46676108701425156,0.5207577232893689,1.0,0.2663538992652917,0.19010103820230403,-0.26516521453230313,-0.31063872836024736,-0.04090845862997762,0.6377293592483466,0.5163823518253898,-0.5190126329366835,-0.3557075835556848,0.5988062570341052,0.41931486235283705,0.5992614979956752,0.5301913276596821,0.09389344832382807,-0.3470327141213217,0.5642332351193111,0.09245185194552283,-0.7098850516572035,-0.7116048508453572,0.16915995397008055,0.22338421072598288,-0.5285726931296552,-0.5105653839831055,-0.5849972811998129,-0.5383603738034117,0.38727095689121005,0.04103491445263597,0.48120234196183564,0.33094753347917905,0.18951934141807558,-0.1383806067350371,0.10266948241631786,0.0675653460463587,-0.01862694267757559,0.22409236333286967,-0.08906283589827893,-0.32320843713248776,-0.7112760657064454,-0.6072535059876832,-0.5616788275016124,-0.1719925643976277,-0.4733114986279543,-0.07553206287383503,-0.5065946711516331,0.37366431037317116,0.5749061065516762,0.31723972230301345,0.036811289975846935,0.25846305593141033,-0.20431467266910305,-0.3578826237054085,-0.09915401054641561,-0.25770432099546026,0.18190670089404268,-0.055931410361790106,-0.581835885633354,-0.06576967336461008,0.16733899012380024,0.13825415091237875,0.7886417380088266,0.5828222410500892,0.48838503268883016,0.5112482454254607,0.09052972344111584,0.015162053136736681,0.30853956170411867,0.11050974342113583,0.0932611692105363,-0.15332768497325458,-0.0323347538537412,0.11627612893435678,-0.2824137887429027,-0.33919245311650376,-0.27786137912720194,0.13352470314495632,-0.06126784607797266,-0.19161850807420427,-0.2715132968297525,-0.179883407731509,-0.15623616889439673,-0.22781016451902528,-0.3331731559579661,-0.04976036621606242,-0.21809835733886368,-0.17001985356415736,-0.5015111470807674,-0.00747353911910874,0.12487512487512488,-0.6566977326470997,-0.5319870003414308,-0.6124634858812074,-0.5785733254087685,-0.5161547313446048,-0.4595278139581937,-0.6271829436386398,-0.539726096688122,-0.5527510464219325,-0.5677234158246817,-0.13097029552725756,-0.15155730345603763,-0.2088670822848038,-0.3463498526789666
#51,0.42214747278038417,0.3853235372222714,-0.023154061128744675,0.7291822101948684,0.10762655066452535,0.07060028579015921,0.20256958231641775,0.47417139822203114,0.2663538992652917,1.0,0.4043172017855562,0.06928514523451232,-0.21273663045814944,-0.1708544619937025,0.1717902350813743,0.26549399967121484,0.059573338054350715,-0.3213874732862075,0.16293832749528953,0.3248523628270464,0.1599286789160207,0.30140745330618746,-0.11698428154124357,-0.29392126860481294,-0.3346147523362713,-0.15466811669343314,-0.08784886000075874,-0.24091098774643077,0.02247119968638956,-0.004362725881713224,-0.17148674110699427,-0.02484856915236662,-0.02161130009231275,-0.10077264507644254,0.06485919144146993,0.28069398955474906,0.22019752399499234,0.17522983345768156,0.14510805650046157,0.2035812288976846,0.2663538992652917,0.42675046472514827,-0.03496503496503497,0.27598983295185825,-0.08445984395351484,-0.29020346741865727,-0.0588904766119956,-0.1475865906245653,0.018196992880537183,-0.06283589827893625,-0.011418960786049393,-0.003174041148724693,0.04733241442102202,0.26721379885936847,0.1139999241265064,0.058586982637615546,-0.10105084788629093,-0.09227481379380113,0.01683126999582696,-0.1890135181274422,-0.09316000455240962,-0.04831876983775718,-0.08481392025695823,-0.0142768623781282,-0.045486159410210045,0.09826881978780713,-0.21010634934685568,0.0703473741448425,-0.04723124976289533,-0.018525778019448904,-0.27793725262079694,-0.18190670089404268,0.18666143982599678,-0.09151607885785101,-0.011621290102302761,0.03716536627929033,-0.17654497401332844,-0.2983219312333236,-0.3384337181805536,0.06657899062962354,-0.1214608176633493,0.07092907092907093,0.1612185283071359,-0.3736137280441078,0.061293137242504334,-0.19060686149293743,-0.16276128934356782,-0.1290987493519139,-0.14025215291038076,-0.08390343833381808,-0.13997395010053237,-0.4101341696278405,-0.3996383363471971,-0.036507796001466884,-0.1670354961494202,-0.13496629952326156,-0.09232539612286447,-0.2880284272689336,-0.2227519316126911,-0.10633670127341013,-0.30198915009041594,-0.11690840804764856,-0.21577157020194995,-0.16137027529432593,-0.28494290519606974,-0.08028680180578915,-0.34111458162091074,-0.1028971028971029,-0.3998912479925138,0.04055438232653422,0.04063025582012924
#52,0.12730307667016527,0.06106551676171929,-0.097510084851857,0.19675261447413347,0.2548211282388498,0.006057233905335171,0.5602625222878388,0.3545694811517596,0.19010103820230403,0.4043172017855562,1.0,0.15092502434274585,-0.019916792068690802,0.06518797658038164,0.3184031158714703,-0.0002149748985192023,-0.1775566205945953,-0.11250774541913783,-0.03999797670683747,0.038455215670405545,0.23807837731888365,0.03453508516799656,0.03772177189898709,-0.03653308716599856,-0.17500221297689653,-0.3699718003515472,-0.18797658038164367,-0.14920522515459225,0.1667067110105085,0.034383338180806536,-0.30515054565687477,0.026720115327710264,-0.17120853829714588,-0.17136028528433592,0.03268883015718459,-0.023735757912973103,0.09500625956322159,-0.13132437183070095,0.01925922179086736,0.13729308666017526,0.3062886480608,0.24796722265076696,0.10107613905082259,0.08835468329139215,6.322791132917716e-05,-0.21344478306503623,-0.20332831725236789,-0.13721721316658025,-0.29918183082740046,-0.14867411069942715,-0.3161269110636199,-0.0004678865438359109,-0.2789994815311271,0.07735302672011533,-0.07535502472211333,-0.34328962177063443,-0.12694900036672188,-0.1847393113215898,-0.3132184271424778,-0.30343074646872115,0.1541875845673314,-0.033826932561109774,-0.11728777551562361,-0.2826667003882194,-0.08263888010723454,-0.2035812288976846,0.013594000935773088,0.23479052592976643,-0.04905221360917564,0.0729523640916046,0.055223257754903325,0.029122775958218997,0.41018475195690385,0.2314268010470542,0.22237256414471604,0.22133562639891755,0.019739753916969107,-0.043412283918613036,-0.04930512525449234,0.06827349865324549,-0.09965983383704903,0.24634858812074,-0.1013290506961393,-0.20034395983763073,0.07548148054477169,0.03182893056310778,0.13896230351926556,0.25864009408313204,0.026163709708013506,-0.014074533061874834,-0.041110787946230985,-0.27748201165922687,-0.16898291581835886,-0.24430000379367467,-0.12682254454406353,0.10502156071776325,-0.38830789463700854,-0.29768965212003184,-0.30143274447071916,-0.2476637286763869,-0.14338825731230795,-0.14485514485514486,-0.14214899025025607,-0.30515054565687477,-0.12876996421300219,-0.31610161989908825,-0.20881649995574048,0.029679181577915756,0.10947280567533732,0.1965502851578801,0.05471743446426991
#53,0.22090567660187913,-0.2878513891172119,-0.12108145019537425,0.14058093804929248,0.8000227620480785,0.6774364875630698,-0.2640271121283779,0.019663880423374094,-0.26516521453230313,0.06928514523451232,0.15092502434274585,1.0,0.7332287965199358,0.481556418265279,-0.0536804967184714,-0.42786327596454177,0.25181147965958095,0.11571972331466002,-0.10901756471376725,0.07065086811922255,-0.5310006449246956,-0.49134409893903563,0.3139771620784279,0.23858420060951707,-0.43840969157424853,-0.19035394984762075,0.4245754245754246,0.5088961671240152,0.31496351749516305,0.49895673946306857,0.260258728613159,0.5128668799554875,0.40348259335601105,0.5349713577561679,0.14338825731230795,0.5024975024975025,0.10400991413649642,-0.08005918132500411,-0.20537690157943322,0.029805637400574108,0.5245261068045878,0.5509047914111205,0.539877843675312,0.48223927970763414,0.027984673554293807,-0.04715537626930032,0.4420010369377458,0.4237913984749428,0.15160788578510098,-0.07924986405999064,0.2017602650514043,0.005601992943765096,0.1180718016161054,-0.5822658354303923,-0.5818611767978856,-0.2907345818738224,-0.5872734860076633,-0.1803133575285474,-0.03316936228328633,0.10400991413649642,-0.23858420060951707,0.01662894067957359,0.5554824921913529,0.16665612868144514,0.033700476738451425,-0.28304606785619446,0.4830991793017109,0.6382604737035117,-0.23527105805586818,0.1082841209423488,-0.22244843763831107,-0.20241783532922775,-0.05919397058637565,0.24561514434932155,-0.09027681179579913,-0.1408338496946092,-0.3976403343491951,-0.13329708266417128,0.4206552940730156,0.5280921610035534,0.26481113822885977,0.7366936860607747,-0.00572844876642345,-0.030488498842929222,0.7149685757280694,-0.2274307970510502,-0.009092173649135674,0.5322652031512791,0.5214911670607874,0.6537639575614259,0.5531051227253759,-0.0785922937821672,0.10985217314331239,-0.45148522363712235,-0.23350067653865123,-0.32571226242112317,-0.29700679067767677,0.3531278847734544,0.26334425068602285,0.3849947520833597,0.42884963138127696,0.28094690120006577,0.5388409059295135,0.27973292530254557,0.43964895863630044,0.36767030437916515,0.4728309665018526,-0.2410627347336208,0.23893827691296046,-0.34903071611932374,-0.2640018209638463
#54,-0.09591674148636174,-0.43737275382845003,-0.14308476333792788,-0.03352343858672972,0.6465559756698998,0.7528547401965123,-0.2407339495947091,-0.2923532164038493,-0.31063872836024736,-0.21273663045814944,-0.019916792068690802,0.7332287965199358,1.0,0.5414458958762757,0.045182665435829994,-0.38345199104692773,0.18792599805258034,0.18597857838364168,-0.0092439206363257,0.006740095347690284,-0.5811277330264673,-0.5885633353987785,0.2205768914629674,0.3521415293567192,-0.37877312560856863,-0.17636793586160673,0.45457074570998623,0.5761706647782597,0.3507505153074773,0.575538385664968,0.30206502358401094,0.5063164683417848,0.3572250534275851,0.5431656950644292,0.09887580773656723,0.3625867803082993,0.059952705522325775,-0.16152202228151596,-0.07727715322652032,0.1141769622782281,0.3899012380025038,0.29569165012202986,0.6230099014909142,0.3484490193350953,0.2775073028237585,0.022749402496237938,0.4790525929766436,0.4695936974417987,0.19725843776476687,0.010331440711187547,0.3058334070992299,-0.014175697720001518,0.08142490420971434,-0.7504520795660036,-0.6900314874998419,-0.3474626639183601,-0.5182791891652652,-0.2011532771026442,0.2715132968297525,0.3818333565169008,-0.304594140037178,-0.08509212306680661,0.6177746304328583,0.38866197094045196,0.0867613399258969,-0.27601512411638995,0.5844914579091794,0.593748024127771,-0.2314268010470542,0.14465281553889148,-0.36931423007372377,-0.23372829701943626,-0.3491571719419821,-0.14027744407491244,-0.34096283463372073,-0.42078174989567396,-0.4524209967247942,-0.2807192807192807,0.6479216985546099,0.5099331048698137,0.21142148990250256,0.7170424512196664,0.16172435159776932,0.018576360348512247,0.48087355682292393,-0.18714197195209853,-0.05411044651550981,0.5826957852274308,0.51729283374853,0.6839363168477093,0.7719242782533922,0.10021623945674579,0.17247309652372944,-0.3701994208323322,-0.038126430531493824,-0.4314040389989757,-0.30957649944991716,0.40608758330277317,0.3436689892386095,0.33084636882105234,0.48580533390659975,0.33433654952642294,0.722227139948659,0.22846773479684873,0.48772746241100673,0.22490168059788312,0.5067717093033549,-0.3108410576765007,0.13875997420301217,-0.29875188103036204,0.04090845862997762
#58,-0.1306668015528775,-0.26921180085737045,-0.09541091819572832,-0.11541622934027998,0.4577068501119134,0.26895888921205374,0.041161370275294325,-0.14996396009054236,-0.04090845862997762,-0.1708544619937025,0.06518797658038164,0.481556418265279,0.5414458958762757,1.0,0.1961203353608417,-0.4073774326938884,-0.044828589132386604,0.07773239418809039,0.018475195690385565,0.09867347842031386,-0.2572996623629535,-0.5070246209486716,0.23866007410311207,-0.04470213330972825,-0.015288508959395035,-0.23762313635731358,0.10206249446755776,0.22234727298018436,0.6653220197523995,0.5987303835405101,0.04730712325649034,0.2811998128453825,0.15633733355252344,0.23625741347260334,0.3862593103099432,0.21855359830043375,0.46139936013353733,-0.05390811719925644,-0.01693243465395364,-0.15077327735555585,0.4282932257615802,0.11253303658366949,0.5552042893815046,0.11531506468215329,0.3789248725957587,-0.06523855890944498,0.13183019512133437,0.2578813591471819,-0.054869181451459935,0.15573034560376334,0.11622554660529344,0.1268478357085952,0.021788338244034446,-0.5313041388990756,-0.27834191125330365,-0.34379544506126786,-0.16405113873468305,0.19604446186724667,-0.16314065681154288,0.1366608075468835,-0.3359298928919182,-0.3625867803082993,0.5515117793598806,0.0845862997761732,-0.2646088089126064,-0.37857079629231527,0.8529065870838023,0.6752867385778778,0.14374233361575134,0.2515079856852009,0.15507277532593988,0.10036798644393581,0.017564713767245412,0.01716005513473868,0.12917462284550893,-0.10823353861328545,-0.2624337687628827,-0.20578156021193997,0.7161825516255896,0.5448602030880512,0.1339040706129314,0.2800617104414573,0.10964984382705902,0.3006487183702374,0.4932915186079743,-0.2508757065719091,-0.2761415799390483,0.14682785568861517,0.17156261460058927,0.20125444176077087,0.32320843713248776,0.23562513435931157,0.23243844762832105,-0.41777210131640513,-0.25992994347424725,-0.28818017425612363,-0.27697618836859345,0.173965275231098,0.11134435185068096,0.16723782546567356,0.26374890931852957,0.2066920421350801,0.3535072522414295,0.08650842828058018,0.16870471300851048,-0.05145487423968437,0.218148939667927,-0.4038366696594545,0.36498944093880803,-0.45272449069917425,-0.22849302596138038
#101,0.24829600778967867,0.13645847823063012,-0.05840994448589385,0.27204441128491763,-0.09781357882623705,0.12252304657367949,0.44083764336928893,0.33069462183386233,0.6377293592483466,0.1717902350813743,0.3184031158714703,-0.0536804967184714,0.045182665435829994,0.1961203353608417,1.0,0.553712110674136,-0.3474626639183601,-0.2490547427256288,0.6630458149445492,0.26923709202190216,0.47589119741018476,0.308590144033182,0.1890135181274422,-0.27204441128491763,0.3952123825541547,-0.10752538600639866,-0.58828513258893,-0.5014858559162356,0.5687856447350118,0.5072269502649249,-0.5538385664967943,-0.29440180073091465,-0.6734404835670659,-0.4837314584150027,0.24945940135813555,0.09490509490509491,0.4452635971623313,0.29885304568848875,0.41218275395490583,0.06872873961481557,0.4112975631962974,0.15006512474866907,0.19814362852337536,0.21430468265911304,0.1936165100722063,-0.27715322652031515,-0.5388914882585769,-0.5324169501384691,-0.5002465888541838,-0.3361575133727032,-0.5228568899454975,-0.1922002048584327,-0.6429140479773391,-0.03868283615119058,0.3511551739399841,-0.028288167528673858,-0.07097965325813427,-0.00749883028364041,-0.19161850807420427,-0.2857775136256149,-0.16104149015541422,-0.3500929450296539,0.23471465243617143,-0.003351079300446389,-0.5351736870724213,-0.2975884874619052,0.3533302140897078,0.3563145715044449,0.6674211864085282,0.6942551119766309,0.31481177050797304,0.41253683025834925,0.07742890021371034,-0.007650577270830436,0.23269135927363777,-0.09530975353760164,-0.06705952275572528,-0.42707924986406,0.17100620898089253,0.22715259424120185,-0.4856030045903464,-0.08499095840867993,-0.14366646012215634,-0.025582012923785077,0.03971977389698909,-0.2634454153441495,-0.24455291543899138,0.02859166150305391,0.16101619899088254,-0.1528977351762162,-0.06941160105717067,-0.1627107070145045,-0.14981221310335235,-0.2828184473754094,-0.31984471224977556,-0.16215430139480771,-0.09695367923216025,-0.6042944397374778,-0.49187521339420076,-0.611730042109789,-0.4465281553889149,-0.4163052137735682,-0.29440180073091465,-0.6357313572503446,-0.4450865590106096,-0.7028288167528673,-0.42462600690448793,-0.2645076442544797,-0.23782546567356694,-0.16870471300851048,-0.06177366936860608
#102,0.4735138279442077,0.4747783861707912,-0.1717902350813743,0.3582619911733836,-0.3614992602334374,-0.1385576448867588,0.34655218199522,0.2754081361676298,0.5163823518253898,0.26549399967121484,-0.0002149748985192023,-0.42786327596454177,-0.38345199104692773,-0.4073774326938884,0.553712110674136,1.0,-0.42164164948975075,-0.5141567293466027,0.6469859254669381,0.47146524361714237,0.6279416785745899,0.8740247094677475,-0.026795988821305277,-0.3497135775616788,0.4246512980690196,0.2264950239633784,-0.623793927591396,-0.6731875719217492,0.028793990819307273,0.037797645392582103,-0.6224282047066857,-0.6259942589056513,-0.7217718989870888,-0.676728334956183,0.03620430202708684,-0.05072143046826591,0.004514472868903248,0.4534832256351244,0.46451017337093287,0.1989023634593255,-0.03731711326648036,0.016704814173168603,-0.07449512512803652,0.24088569658189912,-0.11131906068614929,-0.010255567217592534,-0.6035862871305909,-0.7223030134422539,-0.49840033384337185,-0.3320350535540409,-0.5564182652790248,-0.3785202139632519,-0.6027516787010457,0.380897583429229,0.5204289381504571,0.5746784860708911,0.26923709202190216,0.21696025493493848,0.1499386689260107,-0.14498160067780322,0.08529445238305998,-0.07247183196550284,-0.0996851250015807,0.30585869826376155,-0.2742700337637046,0.33590460172738656,-0.19068273498653246,-0.14321121916058624,0.5364382452990047,0.46038771355227054,0.12907345818738225,0.29328898949152116,-0.22194261434767765,-0.28327368833697947,-0.1189569923747139,-0.2588677145639171,-0.051176671429835986,-0.39258210144286093,-0.29629863807079,-0.08243655079098117,-0.4368669305378166,-0.2869914895231351,-0.13623085774984509,-0.23382946167756294,-0.278392493582367,-0.12282654054805954,-0.07368580786302305,-0.19027807635402572,-0.014403318200786556,-0.28762376863642686,-0.24103744356908913,-0.17581153024190999,-0.224067072168338,0.2410627347336208,0.01597137040175015,-0.14627145006891842,0.26331895952149115,-0.7402850314242719,-0.5815071004944423,-0.7437246298005792,-0.7830270994827957,-0.6592521402647985,-0.6487563069841551,-0.6652208550942729,-0.6752361562488145,-0.5795849719900353,-0.7288534250559567,-0.01630015554066187,-0.5745014479191695,0.15163317694963266,0.06920927174091732
#201,-0.1471566408275269,-0.5388914882585769,0.2873455658265785,0.05213773568203948,0.07077732394188091,0.21106741359905917,-0.4322892297575842,-0.34640043500802997,-0.5190126329366835,0.059573338054350715,-0.1775566205945953,0.25181147965958095,0.18792599805258034,-0.044828589132386604,-0.3474626639183601,-0.42164164948975075,1.0,0.5325939882901908,-0.4057082158347981,-0.36863136863136864,-0.40591054515105146,-0.4315052036571024,0.15087444201368252,0.32593988290190823,-0.41026062545049885,0.04900163128011229,0.5304189481404671,0.5379051328418417,0.034712123319718256,-0.09040326761845749,0.5042931751792511,0.3383578446869586,0.6805220096359337,0.5406112874467305,-0.4871457656267783,0.14966046611616232,-0.17955462259259727,-0.20431467266910305,-0.049254542925429,0.0663513701488385,-0.0032499146423197057,0.006537766031436918,-0.10378229365571137,-0.26678384906233005,0.12186547629585605,0.18443581734720976,0.5345919902881928,0.5713400523527106,0.600424891564132,0.17052567685479078,0.4881068298789818,0.1097510084851857,0.6956208348613412,-0.35161041490155415,-0.280542242567559,-0.36048761365217064,-0.2046181666434831,-0.28162976264242084,0.04255238432453622,0.08215834798113279,-0.2725755257400827,-0.12141023533428597,-0.15605913074267505,-0.13668609871141515,0.4931903539498476,-0.15130439181072092,-0.19842183133322375,-0.15304948216340622,-0.5206059763021789,-0.40947659935001707,-0.2941741802501296,-0.22887239342935545,0.24303544556709114,0.2519885178113026,-0.01779233424803045,0.13572503445921166,-0.04938099874808736,0.16587210258096335,0.05620961317163849,0.02985621972963745,0.008434603371312232,0.06754005488182703,0.19510868877957485,-0.14432403039997976,0.08377698251115973,-0.18023748403495238,-0.1654927351129883,-0.07866816727576222,-0.03071611932371426,0.024696822165176595,-0.01893043665195564,-0.3239671720684379,-0.12335765500322463,-0.20755194172915692,0.011621290102302761,0.15330239380872293,0.1565396628687768,0.5277633758646417,0.40742801502295173,0.6404860961822987,0.6127669798555875,0.559250875706572,0.4104629547667522,0.6171423513195665,0.5742738274383844,0.7061925416355797,0.6201519998988353,-0.1515067211269743,-0.042780004805321264,-0.16688374916223017,0.0952591712085383
