,#10,#11,#12,#13,#17,#18,#26,#49,#50,#51,#52,#53,#54,#58,#101,#102,#201,#202,#301,#302,#401,#402,#501,#502,#601,#602,#701,#702,#801,#802,#901,#902,#1001,#1002,#1101,#1102,#1201,#1202,#1301,#1302,#1401,#1402,#1501,#1502,#1601,#1602,#1701,#1702,#1801,#1802,#1901,#1902,#2001,#2002,#2101,#2102,#2201,#2202,#2301,#2302,#2401,#2402,#2501,#2502,#2601,#2602,#2701,#2702,#2801,#2802,#2901,#2902,#3001,#3002,#3101,#3102,#3201,#3202,#3301,#3302,#3401,#3402,#3455,#3501,#3502,#3601,#3602,#3701,#3702,#3801,#3802,#3901,#3902,#4001,#4002,#4101,#4102,#4201,#4202,#4301,#4302,#4401,#4402,#4501,#4502,#4601,#4602,#4701,#4702,#4801,#4802
#10,1.0,0.6659452222904,0.5180852505000438,0.5384711010526819,0.015575867207484322,0.13245144992788213,0.45653563260524826,0.46392273426356095,0.2887551896979018,0.5666552446828009,0.5321008215859557,-0.08614460231574082,-0.15206432436309159,0.013679286630700699,0.03752520141207596,0.02650750264963463,0.34401899768107164,0.3755070165512515,0.06086748639322968,-0.07170668345432668,-0.16576273617607917,-0.29198256420881513,0.05920837682984166,-0.2532174134784722,0.10438046362629394,-0.2091035867685614,-0.3126552924957566,-0.09348548478352685,-0.1319031947023245,0.232090462112217,0.03089354445409558,0.027941891321151654,-0.1517264461426898,0.1005681772904398,-0.18775191451043519,0.06207715417287571,-0.26560893783518874,0.04414570201372232,-0.2996358246539537,0.010670257950896095,0.11379005331144562,0.11523081704372495,-0.3876068818780929,-0.29714476966108583,-0.20769469834009355,-0.3576265648781965,-0.3686570137621624,-0.20519726828646337,-0.3431663333041143,-0.1916709831140578,-0.2434109762608675,0.028733992620867167,-0.07168118321127748,0.020334850066539695,-0.14878276183569875,-0.26472758568480104,-0.13000183282996916,-0.1993752440452948,-0.1961733697774307,-0.10776402712588354,0.21462120185833022,-0.20047016073121948,-0.05600490879678697,-0.13813322283228013,0.16424069041908057,0.20902389850903266,0.09540278430778794,0.09431583644781615,0.23910781024631642,0.29166859246627197,0.6331646598506642,0.5779088206934473,0.22476870482671787,-0.05592362677206767,0.04515136784897481,0.067615488210122,-0.12369849150124712,0.1503462454876523,0.18038234426921881,0.01881439807473165,0.00879439632158994,0.12176366055988971,0.22400369753524213,-0.052731315095347,-0.02719282168158165,-0.17836304377276097,-0.3724852377499223,-0.08281044553705902,0.10679342412482369,-0.09914175744487565,-0.09456605758273634,-0.0868761405382145,0.04226984038441616,-0.27832399652559187,-0.07708564097251552,0.3925268350213963,0.16263736263736264,0.20638143582306018,0.02904158930264804,0.03957000215158301,0.22717369649929475,0.2163265306122449,-0.08561228474208894,0.29360979846839164,0.15472113093577924,0.06043079473101228,0.09743483492577039,-0.2782538708572066,0.17064762648518994,0.00802460773454247,0.02393835316242858
#11,0.6659452222904,1.0,0.5329487046673413,0.55230976420244,0.22667006669907322,0.09247822518308378,0.4668600435097897,0.20356206520093395,0.24354644630206632,0.45206193371530573,0.3914048243272319,-0.026572847022448182,-0.13200838320490244,-0.08122146164205628,-0.29042704938281444,0.08425917809529122,0.30830590729067886,0.33370096183729253,0.015999808748177132,-0.00559092828853525,-0.3650710420833699,-0.011040011475109373,-0.040167664098048436,-0.025818996087306458,0.032785343735307476,-0.006703376391556232,-0.2694005052235654,0.18522101538780292,-0.1677772553769653,0.30635832622779685,0.20094191522762953,0.2074556335615074,-0.04267784427320323,0.11256604164508444,-0.11202894277586083,-0.054809584903856116,-0.19751213253751324,0.037542732829172275,-0.011942082572974523,0.19196264214393294,0.1561029253560073,0.24107770402186646,-0.3911338842448342,-0.2380399875686315,-0.15760425216552845,-0.2704428276582011,-0.1562399891623967,-0.031483237574608136,-0.35011355576982844,-0.10486815577460973,-0.3152881925905856,-0.009301213652192622,-0.1318776944592753,0.09084780339312609,-0.27610866291069336,-0.03079791854266111,-0.32379092988230046,-0.03389779183832846,-0.05267712707886747,0.02903043294631402,-0.0076835419837595325,-0.1206097745619138,-0.16636199188773518,-0.13346030329351577,0.40080644518643066,0.29462024559921585,-0.11763899624668298,-0.0720174676664887,0.03322681669309661,0.09279219692562694,0.39566973997720917,0.506500171329758,-0.016004590043748854,0.08250444262046873,-0.17760919283761922,0.027734701846376972,-0.26065870315326445,0.07954482066157192,0.0020304568527918783,0.07895512754105938,0.08216497063487636,0.08004048163584059,0.22984644072388816,-0.020580289905888165,-0.08899584824167855,-0.16820757197842043,-0.22670353576807528,-0.02866705448286304,0.30261138426475626,-0.13262995162922647,-0.06937341121532564,0.09722286415542399,0.16122528667851366,-0.08821649706348764,-0.008625457211389046,0.32232944720254364,0.44566934153591153,0.27220075066340477,0.16483357106997426,0.04200368159759023,0.21909968204384447,0.22832120743650838,-0.01675844097889058,0.21637593733315272,0.08758536604802014,0.07893122106320076,0.06337926033357505,-0.4060164635944186,0.08863565730860873,0.05122361322506355,0.019063025444461267
#12,0.5180852505000438,0.5329487046673413,1.0,0.5531130218584895,0.2684410585788396,0.48558040943827746,0.40702212942967114,0.05955422387619632,0.21985353297898622,0.5574624070635673,0.2882818414363012,-0.15608858146929214,0.04401341950290464,-0.18333559116735332,-0.15169297707368773,-0.0173003211436859,0.6140139773207214,0.7818565770705002,0.05615153519431982,-0.2843739291890126,-0.44407557634533706,-0.18261520930121367,0.0602985122201946,0.005057016949692802,0.1989640526261266,-0.1297802994684793,-0.10084389866840918,0.22486433073815235,0.1799408713114297,0.48409661404585264,0.36639546095673725,0.20667787614850705,0.22616165560327997,0.24711648032895314,-0.3167576440962953,-0.04695391627951454,-0.24590521878411653,-0.048997123253831015,0.13217094725434103,0.2336284455211214,0.15034305795727115,0.005358238570711377,-0.3420236036624724,-0.32753468431495986,-0.22791001601734018,-0.36623927196806094,0.07782674178613265,0.23717138553976844,-0.13239726191140258,0.12406346372988868,-0.11933476240945422,0.15918367346938775,0.2104264118767382,0.2564400066938138,-0.3822661747244778,-0.08487915275442469,-0.4392560304090398,-0.5518921977225095,0.14195347799408714,-0.20064069360661094,-0.26767923881774497,-0.02076038537242308,-0.336343424523265,-0.1719991393667971,0.5352963207930576,0.20606427655013587,-0.0950425933747181,-0.0016814222760560688,-0.20639577970977535,-0.18987799727466154,0.46639785160452313,0.3032664217580824,-0.18525129692642384,-0.19441385300703648,-0.5661053956920526,-0.4261775932551857,-0.2963765748392289,0.161115316880364,0.12940257711831316,0.07676529416921005,0.004124664313206735,0.34866482321159625,0.306275450437887,-0.050484106176637,-0.23027675732534325,-0.2559395644239734,-0.2516634924176621,-0.1272525878762282,0.04238777900851867,-0.10367920694244118,-0.03865996222776499,0.01566033676258477,0.15066818605614835,0.053459665787439534,0.0804644231765334,0.7144674035174398,0.4951732821203452,0.5663699607136881,0.447263106726486,0.18590155312417822,0.4366550056180223,0.5622134210966698,0.13941939134107373,0.5540740622684059,0.3370303373204026,0.38734072309126694,0.45259106375857644,-0.2645474902182661,-0.15447728486162135,0.11507940935062037,0.20442269840384417
#13,0.5384711010526819,0.55230976420244,0.5531130218584895,1.0,0.06291228713273674,0.27162221389922625,0.21604602793870378,0.29993226497940056,0.1312545322697607,0.5056506944831818,0.24129923738335632,-0.19015053112224975,-0.15772378455482153,-0.07942847580265999,0.06509733920901434,0.06739395484863216,0.4691215963152149,0.29296113603582785,0.3121436938695822,-0.3114201244730614,-0.21148626572847024,-0.288642032369371,0.08992182581740232,-0.16515869916885145,0.2805903306265888,-0.2600674162675613,-0.33211835300305204,-0.15071281148148444,0.06617791200822383,0.2172254141797289,0.14982986556590616,0.22202424116854863,-0.05130489524978285,0.07837180948130912,-0.11657276733418866,0.07271713058515089,-0.09922144570440437,0.04847596203651316,0.036070093793081466,0.18487676210663884,0.09122074444772052,0.1900915618101985,-0.2599191961048379,-0.1733347145964985,-0.21543561587071378,-0.46743858027396823,-0.1446835977655412,-0.05970244403891974,-0.36468535090725085,-0.22129110918088438,-0.424311294217023,-0.07901409685311063,-0.19305277753428587,-0.13834200607224537,-0.14524619687781398,-0.18832885750942313,-0.32894994780419,-0.34995099172038985,0.0021388328857509424,-0.13036999258899187,-0.018884523743116926,-0.22650431511925348,-0.1709297229239216,-0.09987967072811163,0.32355983392966714,0.1217764106814143,-0.03375435297117676,-0.04356557148435321,0.06994397915355131,-0.06349241766210584,0.4078413247376264,0.22278127963407152,0.1972842241152611,0.048125333694586776,-0.032632342277012324,-0.22738088597406944,-0.12370486656200942,0.07013841850680139,0.12218282080501079,-0.013677692865510124,0.23226099498760847,0.03590593597845229,0.2891918813601192,-0.1338332443481102,-0.24879471507462805,-0.12751077783710127,-0.3367498346468615,0.16771350476934233,0.017944202280677987,-0.05937572217485198,-0.13217732231510332,0.0009817593573938751,-0.004666544478002056,-0.0020017690793615378,-0.15992158675262375,0.5487923244268422,0.2877813991664608,0.18123022735060443,0.04857477547832878,-0.056750790905975824,0.16429328467036952,0.18126847771517823,-0.0598426953756903,0.11896341512005036,0.1399086772545801,0.061395022671309835,0.10808437392918901,-0.36427894078365436,-0.147418498832567,0.18238251958338977,0.11478775032074524
#17,0.015575867207484322,0.22667006669907322,0.2684410585788396,0.06291228713273674,1.0,0.25424539202639274,0.2778299293165138,-0.044502705416411,0.1453577604411542,0.1730589932185291,-0.07633338380256437,0.29243200599255714,0.21587230753293118,0.22825586306369483,-0.3460127979344803,-0.032724780658065646,0.2525671572807178,0.13760728031939054,-0.3191658232992533,0.07385029763564933,-0.43444764082907666,-0.12494959717584808,-0.29042067432205215,0.14097809369745556,-0.2605981400760226,-0.0801711703814677,-0.18639243280287515,-0.012472806381435823,0.07418180079528883,0.31654726709113945,0.1288814159009953,0.24352891488497,0.15997258723872212,0.3094661683494171,0.02525002191427137,0.07688801408888428,-0.08533975089450072,-0.17949780458845,0.17629433655539528,0.163201555514826,0.12249201125198225,-0.05293531703974053,0.03632190869319223,-0.20320506179824527,0.09127015116862833,0.022856186598028513,0.16476663293197014,0.2360063431854585,0.012950935938608165,-0.13901776251304895,0.22652822159711208,-0.017921889568009945,0.13047039979599806,0.05053191913235423,-0.45490680458048116,-0.1047071854903617,-0.3911737283745986,-0.1871622213899226,0.34610523631553364,0.2455769031548582,0.11507303428985807,0.4789615026018217,0.21332865828877431,0.05379754400784133,0.10480918646255848,-0.18716700268549435,0.2128871853309852,0.2212162022169274,-0.2192048705464224,0.008867709520356365,-0.00875136466144443,-0.0028209643873168167,-0.42242268246619225,-0.1065559531114281,-0.2848759652240435,-0.04082270159137454,-0.0020798635736996867,-0.1182988150355808,0.02928702914199651,0.0261473117165648,-0.09740136585676833,0.46799321056028814,0.27038226458095926,0.11006223653069193,0.3033317661308959,0.1710237550701655,0.42825426929850424,-0.09392855150650654,0.37284542868299214,0.026768880140888844,0.29425527337057433,0.17705615631648988,0.2464072548191475,0.21737841563802404,0.3103028950744687,0.09156977902445633,0.09326554518722757,0.3341392472647005,0.05638263114695312,0.03443648447274263,0.021809082867821083,0.12437265417686012,0.285634597454757,0.2042904158930265,-0.09631919929236825,0.14978364637537953,0.08623066563603185,0.2774569882619194,0.05106742423638725,0.15371387133533618,0.2491724374247942
#18,0.13245144992788213,0.09247822518308378,0.48558040943827746,0.27162221389922625,0.25424539202639274,1.0,0.22877383675063154,0.0031970929722923923,0.1416187873040665,0.28019667062451686,0.024669891384902262,0.01908533815712931,0.41684450429918163,-0.013731880881989657,-0.02767254500394457,-0.20187108033373444,0.4136904429870347,0.500571364820821,0.13268573341089657,-0.27336419925252414,-0.4093028074173832,-0.32261791870203765,0.024888237216010967,-0.0223700882149033,0.036698037278167804,-0.32733227613575694,-0.048845715560726435,0.05066420164317191,0.5437098072341002,0.35755803297500177,0.227895672130625,0.08964132314386121,0.23289850106383828,0.0546980213405159,-0.1096892954760975,0.032493684705432346,-0.12586282463004725,-0.22302193817784827,0.21756966746089298,0.07107077114328746,-0.09032345464542708,-0.10217947389811059,-0.21444588768736703,-0.342935237351481,-0.13872291595279268,-0.3165632047430452,0.07655491716405421,0.21609384089442102,0.10419399309899673,0.14784403413845038,0.09823490505143877,0.3069862697128832,0.293885519846361,0.21201539577174094,-0.4338196973439903,-0.21484911028058237,-0.4609025492274223,-0.5973415996621217,0.3191737921252062,-0.10647148355632764,-0.25351544756910965,0.1817816701065432,0.0010200097219676624,-0.1592442365466296,0.2553594338946043,-0.18423288096964674,-0.0234187857103013,0.013150156587429974,-0.29928041501645564,-0.09554781694013022,0.2939253639761254,0.08787224378232356,-0.1786052960817283,-0.1476384384288663,-0.5289642916909052,-0.4691263776107866,-0.2823243471539338,0.0736972961773542,0.17592936432675374,-0.027525918606411716,0.006459530317398337,0.37249639410625635,0.11590338595414737,0.09543465961159943,0.05434898676378009,-0.14910310863900422,0.00720859995696834,0.06608387986197993,0.04155264604865765,-0.010689383133182987,0.20595430675198623,-0.07269481787248284,0.13345233446756288,0.2020352381483636,0.40696475388281045,0.48758536604802016,0.09372136203173187,0.34102112535760104,0.19417638199364087,0.17303349297547993,0.46572209516371954,0.5905075345249384,0.2753054052546438,0.34529082230315006,0.09366717401525233,0.2637824829267904,0.33106487421208236,-0.21585477611583487,-0.11647076636199188,0.11738240005100048,0.2677222704778905
#26,0.45653563260524826,0.4668600435097897,0.40702212942967114,0.21604602793870378,0.2778299293165138,0.22877383675063154,1.0,0.2129047167480815,0.3679701009650248,0.5284399429432062,0.30276757325343256,0.0557594689574385,0.09880706675485501,0.22133573460622047,-0.12136840679262724,-0.08143343241240268,0.3430388320888684,0.3390464502864793,0.07050179697025237,-0.0962793551626039,-0.39830742136760994,-0.2629648813840257,-0.1812573213588442,-0.2684410585788396,-0.1588824518483692,-0.3327654216704253,-0.2969662679597415,-0.07119986612372399,-0.0017180788754392814,0.155197666727761,0.1400074906963957,-0.015677868179681087,-0.06309716389484338,0.27293069512068785,-0.09456446381754575,-0.03819777032249839,-0.18929786674529242,-0.02220593040027413,0.035260461076269636,0.24559124704157337,0.2229757189873216,-0.004258540589214991,-0.0736781709950673,-0.15638502179473898,-0.07695973352246013,-0.2119261449210688,-0.025297834869988604,0.09705392504522309,-0.07716054793647252,0.14679214911267122,-0.0419367434595861,0.06488855596904908,-0.012832997314505655,0.04956131613129438,-0.36786013116687516,-0.16831594801137947,-0.23896118384878356,-0.2423112782793711,0.20253249288782282,0.11093402608993617,-0.09396042681031803,0.15098853285945382,0.12469778227573731,-0.16424865924503343,0.20068213150156589,0.03089354445409558,0.10129493421734176,0.2589995935898764,0.020779510554709973,0.07026113842647563,0.4476440166070333,0.3880499486010726,0.004688857190670099,0.04868474527647842,-0.16765772298767223,-0.04365322856983481,-0.12344348907075521,0.13526603925443664,0.15960761501008056,0.15419518842288965,-0.04364047844831021,0.32750440277633897,0.18754791256604164,-0.07746655085306282,-0.04563109117133773,-0.18427113133422052,0.021313421893552422,-0.1762385547737252,0.21052841284893498,0.15517057271952123,0.21119938799416682,0.04598012574807354,0.15988174262285937,-0.16409087649116655,0.11202734901067025,0.2557084684713401,0.14918279689853295,0.2732478543936122,0.08194184350819594,-0.11699352134450032,0.2144666066348445,0.22332315979886683,0.013111906222856186,0.25716357609033463,0.12043924168652233,0.04397995043390257,0.06904031429049558,-0.06538899823888947,0.08982779367115842,-0.08994891982564208,0.12205372582457427
#49,0.46392273426356095,0.20356206520093395,0.05955422387619632,0.29993226497940056,-0.044502705416411,0.0031970929722923923,0.2129047167480815,1.0,0.273083696578983,0.43978675421750113,0.1918399222242587,0.15787041095235438,-0.11245129055136306,0.399411900644678,0.23382607240475262,-0.37856385818677335,0.1707942528827228,-0.10779908996007619,0.1826614284917403,-0.24439432938345193,0.2053375196232339,-0.42851086549418677,0.24590840631449767,-0.33379977527910815,0.15304130242491373,-0.2308728255066181,-0.10582760241933556,-0.23933093737299685,0.0024225230896731983,-0.016803066404226664,0.027945078851532804,0.002019300496457857,-0.022180430157224935,0.022073647889456448,-0.08340651371833388,0.006711345217509104,-0.05914143869183753,-0.08724270653204663,-0.26808086764576977,-0.12896747922128632,0.04627337854313924,0.006591812828216019,0.010448724589406242,-0.18846432755062198,-0.19493023292878262,-0.32703902334069124,-0.29450868203587566,-0.2857812238522898,-0.2169257863239009,-0.1991887735179976,-0.19899911546031923,-0.10906135199101116,-0.1307540899999203,-0.2732924798189483,0.001662297093769175,-0.48333798181513915,0.0409565778673828,-0.26626238156332427,-0.29315557538907794,-0.30460677828335553,0.31061686681701184,-0.026089936169704116,0.04462064404051351,-0.09669373411215326,-0.06661938496601295,-0.14850066539696707,0.20594155663046163,0.15861151176597152,0.3746894150084868,0.11222338212911091,0.45300703647331636,0.2769517646965073,0.31768840296759077,0.08044689175943708,0.2922311915785447,0.06375379515336005,0.14119006446780197,0.009328307660432389,0.18130354054937087,-0.25706795017890016,0.3912279163910781,0.08086286447417702,0.10914900907649276,-0.017768888109714796,-0.03258931061686682,0.12499900389675589,-0.0853588760767876,0.15082278127963408,0.12599351337567435,0.3093832925595072,-0.26648232115962356,-0.06720907808652551,-0.34709177696849924,-0.33780012590745007,-0.18637968268135055,0.11652017308289969,-0.11019451904150962,-0.11042242746376177,-0.21354062905912072,-0.20419160245121087,-0.06880124951190941,-0.050219541155001636,-0.17049781255727595,-0.00018168923172548989,0.06051207675573158,-0.08650957454438238,0.006019651124799783,0.019150682529942863,0.1461944871662058,0.018396831594801138,-0.16075034465172247
#50,0.2887551896979018,0.24354644630206632,0.21985353297898622,0.1312545322697607,0.1453577604411542,0.1416187873040665,0.3679701009650248,0.273083696578983,1.0,0.5940393181872514,0.32953007833355913,0.21643012534963224,0.15084190646192097,0.1954784881543402,0.34091593685502314,-0.10093952457984365,0.32464359425925776,0.12355345886890484,0.14817075600251814,-0.47659794882419976,0.007575165950800469,-0.36623289690729866,0.2114129525297038,-0.3217270039605065,0.28987401286168507,-0.24098367187562256,-0.2600594474416084,-0.2972579269896166,0.2663038194582792,0.21886380479563947,-0.3488481062085123,0.05141645881312306,-0.3063854202360366,0.3181649387595726,-0.11069814884173115,0.06211699830264007,0.015360708906756768,0.17902605009203995,-0.1460462670034824,0.05380232530341305,-0.05080764051032361,0.04522149351736009,-0.21182733147925317,0.021737363434245233,-0.24599925093036043,-0.28488871534556814,-0.3487811680705082,-0.229682282909259,-0.2716238076644168,-0.25322219477404395,-0.2729593828941182,-0.20193164341097625,-0.18988915363099554,-0.29054020671134523,-0.17090103515049127,-0.44137733187769446,-0.08132505637944362,-0.35789750496059414,-0.022005115986261745,-0.38225342460295325,-0.0015539210608101108,0.03839539720612962,-0.003227374510913307,-0.12114527966594682,-0.02482926790395971,-0.20779032425152802,0.11576313461737682,0.1973097243583103,0.29254197579070673,0.02921212217803951,0.4293507797496195,0.33941939134107374,0.08471499493979552,-0.23765748392289365,-0.046322785264047046,-0.35163560152682705,0.04365322856983481,0.10035780028528397,0.4998956083800174,0.1203723035485182,-0.18936321111810597,0.08938153941779757,0.2695869757508626,0.4226219031150141,-0.06844902740479245,-0.020621727800843103,-0.027358573261401398,-0.210614476169226,-0.12792356302146005,0.07740598777582099,-0.09797990262094686,-0.00875136466144443,-0.13219804126258078,0.057326140139773205,0.272237407262788,0.32485556502960417,-0.11238275864816837,0.14885448126927459,-0.14316155200854258,0.1858521464032704,0.11631935866888732,0.03398066762823833,0.10120727713186016,0.19984859230689542,0.15473069352692267,0.13281642215652367,0.12483803361250786,-0.11137231151734416,-0.013303158045725124,0.08738933292957948,-0.02339647299763326
#51,0.5666552446828009,0.45206193371530573,0.5574624070635673,0.5056506944831818,0.1730589932185291,0.28019667062451686,0.5284399429432062,0.43978675421750113,0.5940393181872514,1.0,0.45277115922511135,-0.11030289507446868,-0.07119986612372399,0.15997577476910327,0.2593326905147065,-0.25445895656192974,0.7064651084955653,0.46713895241814024,0.24179489835762497,-0.521073560232371,-0.12223700882149033,-0.4576624245949844,0.19994740574871103,-0.39881901999378433,0.31483078198089076,-0.41509455011993085,-0.3289308226219031,-0.27088748814637137,0.2169257863239009,0.26073839141279315,0.15840910358676857,0.16923076923076924,0.05072635848560431,0.33835156866338884,-0.26885065623281723,0.04990397564726789,-0.0618843085848162,0.06442795782897305,0.06303022575683924,0.1324976691184088,0.08390695598817426,0.128051064236706,-0.08488074651961526,-0.16635880435735403,-0.24465889440508728,-0.47722111101371434,-0.25521758879264317,-0.09654073265385811,-0.2748974013658568,-0.1872690036576911,-0.3358700762616644,-0.08814637139510235,-0.06533481022240993,-0.208142546358645,-0.23089513821928614,-0.39025253209444655,-0.22078269808509113,-0.5713281642215652,-0.023584537290121048,-0.4078556686243416,-0.15510841587708882,-0.07370845253368821,-0.08077839491907657,-0.23740885655316402,0.22414554263720327,-0.020110129174668697,0.22256771509853454,0.08358979671524994,0.14343727338651197,-0.06937500498051621,0.6626349719895768,0.3122520699025413,0.080776801153886,-0.17135207069942385,-0.17867382798492298,-0.442116838926121,-0.11003036122688044,0.09857756456741228,0.44541115157503847,0.05632844313047359,0.07984444851739993,0.2807959263361729,0.3338125254006327,0.06462717847779487,-0.25447648797902606,-0.19965255918845476,-0.26182374550757437,-0.09156021643331289,0.057275139653674825,0.12277092016033278,-0.1967853756106113,-0.03729888675501438,-0.07529584266350038,-0.059742288168684106,0.03706141574161879,0.5817322633856354,0.1655746718835914,0.4223892133971902,0.018237455075743692,0.1419741969415646,0.18663468511184247,0.37384790698786347,0.17553570432468185,0.4466686323104017,0.38895839475970007,0.3554909195228267,0.37504323088079433,-0.211588266700667,-0.022771717042928064,0.06622572496394107,-0.033743196614842735
#52,0.5321008215859557,0.3914048243272319,0.2882818414363012,0.24129923738335632,-0.07633338380256437,0.024669891384902262,0.30276757325343256,0.1918399222242587,0.32953007833355913,0.45277115922511135,1.0,-0.10344970475499844,-0.04618094016208592,-0.007718604817952171,0.3796970252372718,-0.011465546780992757,0.407041254611958,0.2575652049183594,0.1242116838926121,-0.18436197595008327,0.17118472535441354,-0.16654368111946066,0.2833363880499486,-0.23769573428746743,0.22194295914382933,-0.10252372717927467,-0.17916470766361992,-0.15794372415112082,0.03209205587740758,-0.004904015491397652,-0.18326227796858688,0.1378096884985935,-0.16808803958912732,0.27519702922168476,-0.06925069129565141,-0.025952872363314713,-0.05476336571332945,0.0023428348301444747,-0.1425925778355075,-0.08853525010160253,-0.05097339209014336,0.0071910685398720205,-0.10597901011244014,-0.11339958083975488,-0.2169688179840464,-0.14900907649276032,-0.25455139494298307,-0.16221182733147926,-0.26397373474965935,-0.21035628620835292,-0.3053303476798763,-0.11787806102526914,-0.1983775470359952,-0.1622962968865797,0.06591653451696962,-0.3659492067033764,-0.07512371602291834,-0.19524579843651635,-0.317125803855318,-0.3693694268023492,0.03887512052849254,-0.16697081019053464,-0.017751356692618476,-0.266780355250261,-0.011347608156890246,0.18054331455346684,-0.004371697917745779,-0.1582433520069488,0.24815083393763596,0.05273450262572815,0.5017635011833707,0.3686394823450661,0.3289626979257146,-0.02035078771844544,0.03682394472822319,-0.17408059670568735,0.0036433472256532447,-0.043042816501844786,0.3572695614755078,0.022465714126337768,-0.23566687119986612,-0.1141470567141343,0.045823936759397235,0.16332427543450023,-0.11778402887902525,-0.031709552231669706,-0.3044505892946792,-0.12508347345185633,-0.1683526046107627,-0.23284909434293047,-0.2270270701017619,-0.17636764975416172,-0.09230450477731116,-0.24881862155248669,-0.1282949103108639,0.27103252077871365,0.01783423248252835,0.11145359354206345,-0.059192439177935915,0.0011873550669779822,0.2664201643171911,0.2976834622955,0.20420754010311662,0.25392663898827783,0.17323111985911116,0.01354381658950187,0.13052140028209644,-0.17630708667691988,-0.10444262046872635,-0.12650033070627703,-0.17387340723091266
#53,-0.08614460231574082,-0.026572847022448182,-0.15608858146929214,-0.19015053112224975,0.29243200599255714,0.01908533815712931,0.0557594689574385,0.15787041095235438,0.21643012534963224,-0.11030289507446868,-0.10344970475499844,1.0,0.4581931484034457,0.46314178932017946,-0.048523774992230394,-0.32031970929722925,-0.012976436181657357,-0.20952593454406362,-0.22791001601734018,0.042341559817992015,-0.007873200041437895,-0.2235749746989776,-0.1719720453585573,-0.21862792754743443,-0.2603096685765286,-0.2004749420267912,0.06567109467762115,-0.0899728263035007,-0.0021914271370399,0.14196304058523057,-0.2530787559068922,0.04195108734630127,-0.016815816525751263,0.20573914845125868,0.26826733817306697,0.13704468120711777,0.2685621847333232,0.024969519240730265,-0.05803695941476942,0.06339838551586195,-0.08197850010757915,0.14386918375315766,0.1842424435607902,0.09377236251783025,0.012630589135302695,-0.12410490162484361,0.12359808429424093,0.05729426483596172,0.1609160962315422,-0.16056546788961581,0.20369116018137048,-0.3154284439273562,-0.06902437663858983,-0.265368279291412,-0.19362175170732096,-0.3148578759891305,-0.07598275546063799,-0.1259281690028608,-0.08957119747547594,-0.02899058881654966,0.3216329718142626,0.31411358764513225,0.2023284909434293,-0.2652965598578361,-0.10173162587955917,-0.30060802142020415,0.1276589979998247,0.08383523655459842,0.09520037612858498,0.08818621552486672,0.08227494043302601,0.08992501334778347,-0.10457490297954403,-0.06750870594235352,0.054133828463052536,0.052621345297197364,0.18241120735682012,-0.06230825012550901,-0.04686466542884237,-0.22598793519750734,0.021860083353919466,0.2106399764122752,0.1597749603550909,0.3760265840033788,0.22896827610388162,0.5103905521599503,0.5784793886316729,-0.00986700029484656,0.19393572344986412,0.3559642677844273,0.07363354556973122,0.4212034520954028,-0.1684211365139574,0.22479579883495765,0.2728111627313948,-0.14052387061814184,-0.26073201635203086,-0.13489150443465164,-0.17089466008972898,0.07855828000860633,-0.12679358350134276,-0.3567276813107125,-0.06981647793830535,-0.1841117548151631,-0.04740654559363769,-0.07039342093729331,-0.13037158635418244,0.41447457546079736,-0.14847038385834616,0.08653188725705042,0.08712158037756297
#54,-0.15206432436309159,-0.13200838320490244,0.04401341950290464,-0.15772378455482153,0.21587230753293118,0.41684450429918163,0.09880706675485501,-0.11245129055136306,0.15084190646192097,-0.07119986612372399,-0.04618094016208592,0.4581931484034457,1.0,0.2127246212815466,-0.12365705360629219,-0.2654001545952235,0.20069647538828103,-0.005291300432707249,-0.12032289682761038,-0.1242929659173314,-0.21460526420642448,-0.16737084525336882,-0.19012184334881943,-0.06608387986197993,-0.295383659125501,-0.25897249958163665,-0.03456717321836974,0.13744312250476137,0.49600522754982507,0.3702444038919746,-0.1130298273155416,0.15760903346110017,0.025919403294312648,0.1236873351449131,0.18688650001195323,0.1325407007785543,0.28195299986453,-0.0019427997673102822,0.21478057837738765,0.16383587406067465,0.1532373355433544,0.00022950218744272407,0.017394353289929793,-0.24456326849365284,-0.28553897154332253,-0.18687215612523808,0.1438357146841556,0.2996916064356238,0.2344635784809824,0.09505693726143327,0.3832734343249209,0.07652782315581445,0.08467196327965001,-0.01499095538254349,-0.3764250253010224,-0.16124600562599112,-0.31856019252683504,-0.31742702547633656,0.3268908031779678,-0.01281387213221876,0.02114767031373268,0.26987704101554716,0.0872570504187618,-0.24648375554829507,0.08584178692953168,-0.2237247886268916,-0.05052554407159193,0.0880443704229056,-0.05058929467921491,0.0033373443090629457,0.09370223684944497,0.011314139087888182,0.028040704762967272,0.1367354907601463,-0.15151606913753396,-0.1864832774187379,0.2736271705089689,0.16083322044163234,0.1770991879766354,-0.004741451441959056,-0.27190590410314847,0.3149566894309461,0.34153591151415663,0.45421351672258126,0.1422993250404418,0.33227613575691894,0.41180980006215684,-0.02844233359099204,0.16301508498752879,0.23167608316266763,0.32743108957757255,0.29081911561969576,0.07416267561300194,0.47975041637115606,0.3958099913139797,-0.07039979599805561,-0.12017945796045869,-0.029492624851580617,-0.061540055303652114,0.21647953207054005,0.1788905800508411,0.09179449991632732,0.18851054674114862,-0.052822159711209744,-0.15970005339113388,0.07037907705057814,-0.003750129493421734,0.1739467204296791,-0.25955900517176805,0.13133900182486113,0.28312919857517393
#58,0.013679286630700699,-0.08122146164205628,-0.18333559116735332,-0.07942847580265999,0.22825586306369483,-0.013731880881989657,0.22133573460622047,0.399411900644678,0.1954784881543402,0.15997577476910327,-0.007718604817952171,0.46314178932017946,0.2127246212815466,1.0,0.06688076245726716,-0.3436667755739547,0.0010949166859246628,-0.20769469834009355,-0.035043709010351504,0.006840440197945637,0.010587382160986222,-0.3671779996653093,-0.1848528556287802,-0.3180740941437098,-0.2946361832511216,-0.33700164954697226,-0.1649371658073616,-0.26289953701121216,-0.08433089752886708,0.09241766210584194,-0.11625720182645491,-0.10150052992692586,-0.003453689167974882,0.19738622508745787,0.0924208496362231,0.23009188056323662,0.006595000358597168,0.021589143271521807,-0.24789583150714406,-0.06401357887942369,-0.010690976898373563,0.08970347998629362,0.1266405820430476,-0.06786411557985161,-0.01626596753500307,-0.29160802938903013,-0.22644693957239279,-0.16254333049111874,0.10430874419271809,-0.1247615328833603,0.08716779956808964,-0.19538126847771517,-0.08969869869072189,-0.30902310162643737,-0.1902780323374957,-0.5531401158667294,0.08491102805823618,-0.14579126457299046,-0.02632900094829029,-0.13371211819362652,0.4066045629497406,0.20096422794029756,0.39712484759620365,0.03251121612252867,-0.13050386886500012,-0.1443967200312378,0.5042975878363841,0.2636071687558272,0.21205364613631475,0.23728454286829923,0.25651172612738965,0.05879559164548287,0.13859382097235615,-0.006835658902373913,0.2719744360063432,0.18048434524141557,0.20874498960068213,-0.0832120743650838,0.14539760457091858,-0.12144171999139367,0.3581477260955144,0.06158786825936935,0.08337782594490353,-0.002346022360525624,0.1745890078014806,0.2639705472192782,0.2649363689247663,0.08395317517870092,0.19662759285674442,0.1134792690992836,-0.022166086270509765,0.03811170700220737,-0.18303436954633473,-0.004413135812700715,-0.011156356334021308,-0.19946608866115756,-0.33632589310616867,-0.2641506426858131,-0.32679358350134274,-0.27530221772426267,-0.0416928973854282,-0.18731203531783663,-0.15470997457944521,-0.030348476758919107,-0.07585366048020145,-0.14514260214042665,-0.1072986476902358,0.29603072779287426,0.006899409509996892,0.21030050442668283,-0.0005578178167010654
#101,0.03752520141207596,-0.29042704938281444,-0.15169297707368773,0.06509733920901434,-0.3460127979344803,-0.02767254500394457,-0.12136840679262724,0.23382607240475262,0.34091593685502314,0.2593326905147065,0.3796970252372718,-0.048523774992230394,-0.12365705360629219,0.06688076245726716,1.0,-0.1940680059606818,0.10506259512785981,-0.06820040003506284,0.39317390368876953,-0.5459219533186176,0.6283578640358916,-0.5056953199085179,0.5171720230458446,-0.5244284359585303,0.5366287084923779,-0.44377116719393733,-0.133369458677653,-0.6025787120783495,0.1852273904485652,-0.2756385021794739,-0.3758544573627967,-0.039491907657244855,-0.2778649921507064,0.1761190223844321,-0.055447090980085906,0.046928416036465345,0.11975870395014702,0.07185809114743125,-0.09606260309668577,-0.2464200049406721,-0.19422578871454868,-0.03480623799695591,0.09331176437775422,0.07389173553060428,-0.16125716198232515,-0.2829634469953542,-0.3494011427296416,-0.4436691662217406,-0.12800006375060763,-0.3008231797209317,-0.3650120727713186,-0.24805839555658266,-0.20886292822478464,-0.4268900062953725,0.4277139828988995,-0.5125771980014184,0.31205444301891,-0.34449872100343454,-0.27632063368103976,-0.568370136027859,0.09054817553729809,-0.17963327462964881,0.07886109539481548,-0.20363537839970036,-0.3973224744798349,-0.23714588529671923,0.055329152355983395,-0.12065121245686873,0.4279976731028218,-0.020183442373435122,0.2812437743547243,0.028053454884491867,0.4053980827004757,-0.11221381953796747,0.29266628947557155,-0.2931635442150308,0.17139510235956937,-0.04807752073886954,0.49351098502657603,-0.11062324187777414,-0.0710054267704739,-0.09884850464980995,-0.058205898524970316,0.1484974778665859,-0.08339057606642813,0.06860043509789703,-0.17336977743069112,0.15202129270294606,-0.4589071552088231,0.14122672106718517,-0.4180637346699711,-0.04989760058650559,-0.37154969758305506,-0.14550438683868705,-0.05542318450222729,0.16712062411844864,-0.4300201611296608,-0.16593326905147066,-0.3856146753898748,-0.11280670018886117,0.027100383300528334,-0.039432938345193604,0.12835866091848688,-0.040221852114527966,0.10973232713624302,-0.07804030632166963,0.11939054419112433,0.004672919538764354,-0.12095402784307788,-0.13296623608443767,-0.13368661795057735
#102,0.02650750264963463,0.08425917809529122,-0.0173003211436859,0.06739395484863216,-0.032724780658065646,-0.20187108033373444,-0.08143343241240268,-0.37856385818677335,-0.10093952457984365,-0.25445895656192974,-0.011465546780992757,-0.32031970929722925,-0.2654001545952235,-0.3436667755739547,-0.1940680059606818,1.0,-0.20614715234004574,0.039933380615033987,-0.0065742814111196994,0.46625760026775254,-0.1817322633856354,0.5557953286742264,-0.20123357425750465,0.38199204711169904,-0.07856465506936863,0.49519081353744154,-0.203659284877559,-0.04326594362852521,-0.1279395006733658,0.15990086780514626,-0.11958020224880268,-0.004180446094876842,-0.36870642048307023,-0.25145470917769686,0.014573388902612979,0.09435408681238994,-0.2465634438078238,0.1664098048434524,-0.24648375554829507,0.0032225932153415837,0.08100470957613815,-0.10903266421758083,-0.32661348803480783,0.26229390623879384,-0.05968969391739515,0.25758751763102744,-0.08738136410362661,-0.16969296113603582,-0.32881447776299116,-0.19023181314696905,-0.1813943851652336,-0.054374487006829286,-0.3789176740590809,0.08329813768537482,-0.05440954984102192,0.3930958091944314,-0.1641817211070293,0.5255966658432213,0.00163201555514826,0.22738407350445058,0.001227199196742344,-0.16598745706795018,0.03754432659436285,0.4358597167879256,-0.0025245240618699647,0.09450868203587566,-0.07175609017523449,0.18259130282335503,0.06841555833579038,0.2047462327375308,-0.15615233207691512,0.04415048330929404,0.027964204033819696,-0.009914813250563795,0.12058746184924575,0.2638526085951757,-0.14893895082437505,-0.05760983034369546,-0.0598426953756903,0.4500139454454175,-0.11807887543928153,-0.1344261249990039,-0.11878331965351545,-0.04731888850815609,0.07611981926702739,-0.30637585764489317,-0.17714062587159035,-0.32270557578751924,-0.07767533409302807,-0.43509789702683105,0.05853740168460981,-0.3199228617647762,0.1638310927651029,-0.07766258397150348,-0.18945086820358756,0.01841595677708803,0.18386312744543346,-0.033536007140068054,0.29212919060634795,-0.1967774067846584,-0.19786594840982077,-0.08843643665978691,0.044925053191913235,0.028960307277928744,-0.14276151694570838,-0.08625138458350931,-0.2605535146506865,-0.2614683358700763,0.0007315382224736829,-0.051872275657627365,-0.019891783343559993
#201,0.34401899768107164,0.30830590729067886,0.6140139773207214,0.4691215963152149,0.2525671572807178,0.4136904429870347,0.3430388320888684,0.1707942528827228,0.32464359425925776,0.7064651084955653,0.407041254611958,-0.012976436181657357,0.20069647538828103,0.0010949166859246628,0.10506259512785981,-0.20614715234004574,1.0,0.5279108128999355,0.11620938887073767,-0.4281889249256907,-0.18658049709536295,-0.3095283251918495,0.10939763644622238,-0.25690379236427097,0.2508140155710859,-0.37021571611854426,-0.14609407995919962,-0.04164827196009212,0.36653411852831724,0.3278629999442182,0.18743634900270142,0.3542955956298958,0.27371323382925994,0.3199913936679709,-0.2089346476583605,0.09762289921825817,0.040307915434818986,-0.03047438420897449,0.20470479484257584,0.16023874602554805,0.054710771462040494,0.08619719656702977,-0.02375347640032194,-0.23260684203396315,-0.2841348644104264,-0.3646056626477221,0.0553100271736965,0.23129517328212035,-0.11453912295101562,-0.12853556885464065,-0.16018455800906853,-0.06861956028018391,0.053262038903808304,-0.09437161822948625,-0.3188614141478536,-0.27685932631545396,-0.3787614850704046,-0.6381818326705927,0.03812445712373196,-0.34699296352668363,-0.19701487779805402,-0.028129955613639443,-0.21015706555953112,-0.3102710197706572,0.3588234825363179,0.003911099777669756,0.0549354923539115,0.010008845396807688,-0.1505709663795233,-0.3124050713608364,0.4680952115324849,0.1701009650248229,-0.08750249025811027,-0.08089792730836966,-0.40497732869016406,-0.5109005570209341,-0.09877678521623409,0.1483556327646248,0.25181011881519494,-0.03972778490544988,0.04529321295093594,0.41225127301994596,0.3938385037732391,0.10425614994142914,-0.3304799623871415,0.03985209859031469,-0.08503693550829157,-0.015150331901600938,0.0789854090796803,0.11674330020958013,-0.08997601383388186,0.12773549872897227,0.035574432818812805,0.17368374917323431,0.14013977320721338,0.604075257592299,0.21520611368327106,0.4595924742407701,0.20773773000023907,0.26704332650670576,0.2330578775828957,0.461023675381906,0.36624086573325154,0.4072723505645913,0.4067862521814661,0.37909298823004406,0.48272278845157746,-0.06644725832543091,-0.2344062029341217,0.06655722812358056,0.07118552223700882
