,#10,#11,#12,#13,#17,#18,#26,#49,#50,#51,#52,#53,#54,#58,#101,#102,#201,#202,#301,#302,#401,#402,#501,#502,#601,#602,#701,#702,#801,#802,#901,#902,#1001,#1002,#1101,#1102,#1201,#1202,#1301,#1302,#1401,#1402,#1501,#1502,#1601,#1602,#1701,#1702,#1801,#1802,#1901,#1902,#2001,#2002,#2101,#2102,#2201,#2202,#2301,#2302,#2401,#2402,#2501,#2502,#2601,#2602,#2701,#2702,#2801,#2802,#2901,#2902,#3001,#3002,#3101,#3102,#3201,#3202,#3301,#3302,#3401,#3402,#3455,#3501,#3502,#3601,#3602,#3701,#3702,#3801,#3802,#3901,#3902,#4001,#4002,#4101,#4102,#4201,#4202,#4301,#4302,#4401,#4402,#4501,#4502,#4601,#4602,#4701,#4702,#4801,#4802
#10,1.0,0.4236323502458383,0.29705711257560424,0.5404888077839491,0.15487731992445553,-0.28919825642088154,-0.09971551291348246,0.5055439122154133,0.21359481707560024,0.2801217636605599,0.1319844767270438,0.027984922981297164,0.10702292631226641,-0.37287571022161303,0.000175314170963192,0.09224075416968817,0.12572576082365786,0.013217094725434102,-0.10309748264788149,0.12122337416028496,-0.11674011267919897,0.07147239997131223,0.1479109722764545,-0.020736478894564463,-0.08794874451147112,0.11717361681103523,0.07533409302807417,0.26522802795464145,-0.2584003378782204,-0.09753842966315773,0.06675007371164006,-0.0739459235470838,0.1158205101642375,0.16993521344500315,-0.4721035309867797,-0.07195531082405629,-0.28534293842488184,-0.08649363689247663,-0.22134051590179218,-0.08444246109220728,0.01189426961725729,-0.286084039238499,-0.2672218282080501,-0.20070763174461506,-0.30639976412275177,0.04308266063160914,0.05855971439727785,0.15803616253217415,-0.09393492656726884,0.04006566312585167,0.03726223015563117,0.21236921164404848,-0.009371339320577899,-0.03808620675915817,-0.21514395684083865,-0.10162484361179068,-0.24488202153176772,-0.02742391763421495,-0.31172772115484226,-0.2818462175967615,-0.1916407015754369,-0.10913785272015875,0.057624174230410635,-0.11249113468112742,0.2582808054889273,0.09843412570026058,-0.09433496163010303,-0.23135095506379044,0.07561459570161529,0.18498832566997905,-0.05081720310146706,0.09635107459617974,0.21277562176764497,0.23710763493214546,0.10005817242945597,0.10095227470136825,-0.05212249679254755,-0.07924359904055335,-0.2577787694538964,0.016592689399070836,-0.21191498856473476,-0.0364860665078214,0.19300496457856864,-0.15439600283690205,-0.017002287053048473,0.10451274613711162,-0.21357409812812278,-0.042217246133127204,-0.0267529424889831,-0.10272613535847763,-0.1782674178613265,-0.16270908207093848,-0.08701001681422275,-0.10082955478169402,-0.07257847301357091,-0.260222011491047,-0.11385061638868746,0.024770298591908452,0.052793471937779404,0.27968666576353307,0.14767031373267778,0.06793583501342747,-0.06173130712652105,0.1537234339264796,0.13097721712660074,0.19176182772992056,0.07618356987465037,-0.12809887719242324,-0.12309764202440054,-0.018129079042784626,-0.18485763692435195
#11,0.4236323502458383,1.0,0.2694387555881392,0.016431719114822812,0.1302679916167951,-0.06363107523368582,0.2076054474894214,0.5122536636677318,0.36281905186908814,0.2748830574791416,0.3074436803225781,0.1033222035397525,-0.09765158699168851,-0.043382288487437144,-0.059829945254165705,-0.08283594578010822,0.024730454462144093,0.24664791336292424,0.06960131963757779,-0.036148188287419614,-0.04383969909713202,-0.0643626134561595,-0.15282455035899561,-0.21781670106543202,-0.12756815338396194,-0.21636159344643754,-0.02663659763007116,0.016873192072611943,-0.027795264923618803,0.06855102837698922,-0.05116305014782172,0.026948975607423757,-0.028402489461227677,-0.05307875590689224,-0.09163831092765103,0.11172453362446111,-0.07391564200846289,-0.14235829435249306,-0.13384121317406306,-0.04857477547832878,-0.07951135159256986,-0.08287260237949143,0.013562941771788762,-0.14744878037118792,-0.13760249902381883,-0.16413550191650264,0.000792101299715513,-0.10944066810636789,0.0268278494529401,-0.05827443042816502,-0.1608666895106344,-0.18135932233104096,-0.1478551904947844,-0.1429973941939134,-0.14391859047406547,-0.0873383324434811,-0.1919387356660743,-0.13514810063033414,-0.19252524125620574,-0.17018702834511393,-0.026078779813370097,-0.09209731530253648,0.13594179569524023,-0.30291898094653713,0.19321215405334333,0.21831873710046298,0.008740208305110408,-0.38401931643410975,0.40795766959653834,0.3469881822311119,0.35517057271952124,0.40080803895162126,0.2781231821115795,0.2150658623465005,0.2649204312728606,0.2952529703798739,0.08152108949788428,-0.05967694379587055,-0.5310074986652217,-0.08942138354756193,-0.1290519487763868,0.006572687645929125,-0.21772107515399755,0.10235160053869263,0.22430332539107015,0.06149542987831603,-0.1256030409039836,-0.05182127517152898,-0.13791965829674313,0.01154523504052148,0.1325901074994621,0.028512459259377315,0.1449641004390823,-0.08224465889440509,-0.21078660280980804,-0.10254444612675215,-0.0569707305022751,-0.038854401581015066,-0.14371140099929078,0.07084126895584474,-0.1681725091442278,0.06310194519041509,0.04342691391277323,0.06549578050665796,-0.017217445353776027,-0.012662464439114186,-0.14907760839595502,0.030002629712564448,0.015153519431982086,-0.10805887368613983,-0.21622931093561987
#12,0.29705711257560424,0.2694387555881392,1.0,0.40236833507319364,0.13782721991568983,-0.09511750033867511,0.06507024520077458,0.2601168229884691,-0.03624540796404466,0.27354270095386846,-0.004295197188598204,-0.14650527137836783,0.12863119476607512,-0.20971081130617025,-0.1780044466048817,-0.08183027994485573,0.30138418506801395,0.6158563698810254,0.04174867916709831,0.020669540756560335,-0.05020200973790531,-0.08724589406242778,0.21192295739068762,0.2131119062228562,-0.014700890117858936,-0.0476679230848919,0.29867000294846563,0.17808413486441044,-0.12833316067543768,-0.014245073273354636,0.18667293547641625,-0.19911067902365945,0.3368550231494394,0.03907752870769549,-0.3255440715919324,-0.0858529432858657,-0.2730263210321223,-0.1815330427368136,-0.10822303150076899,-0.13453131350158182,-0.020044784801855144,-0.13432093649642599,-0.13315589414211604,-0.2111005745523512,0.07428698929786674,-0.03876196319996175,0.1333455521997944,0.14967527034242045,0.4056387412442525,0.25498968037039105,0.4942664297269083,0.32854831897616527,0.5720915777478504,0.3450198822207524,-0.02870371108224625,0.024948800293252794,-0.20999131397971138,-0.3346572209516372,-0.17106997426069218,-0.03816270748830575,-0.40660296918455,-0.2890739427360167,-0.10062874036768163,-0.15301739594705513,0.46934631720708586,0.3454167297532055,-0.028526803146092485,-0.10125987138314912,-0.19807313788459546,-0.05056379443616572,0.14609248619400902,0.13138362725019723,0.009562591143446837,0.235225398242077,-0.2581373666217756,-0.14601598546486147,-0.3635904342213262,-0.21167273625576744,0.12806540812342118,0.18711440843420538,-0.025192646367410688,0.04153989592713306,0.002674337989783965,-0.13623823602068708,-0.2457442484998685,-0.33053255663843045,-0.41019690968929545,-0.11610579413335033,-0.06309716389484338,-0.10028608085170812,-0.23365394576417056,-0.2106814143072301,0.050587700914024335,-0.19014096853110632,-0.21021922240196353,0.2428244706707361,0.127740280024544,0.500945899640606,0.33069671445305965,0.49045733092143534,0.4771685167624254,0.6283865518093219,0.18731841037859892,0.4503964490911554,0.3087601303699926,0.37509423136689274,0.36797488226059655,-0.32338451975870397,-0.28970029245591244,-0.16321589940154116,-0.2966714213994852
#13,0.5404888077839491,0.016431719114822812,0.40236833507319364,1.0,0.1646821633768697,-0.15486297603774035,0.12725418164141877,-0.01639825004582075,0.03923849899194352,0.4023508036560973,-0.026996788563140993,-0.17318171313820335,0.05157583533218051,-0.1750464184111755,-0.0846161814979799,0.31540613121468813,0.3265401748360414,0.1627202384272725,-0.11104080835770466,0.20389834965614517,-0.3507383117245336,0.06351951167034561,-0.005970244403891975,0.051816493875957256,-0.14937404872140186,0.1718413566129302,0.16127628716461204,0.32561419726031765,-0.13603264031110296,0.15950880156826494,0.27908900381706764,-0.06990413502378695,0.19634390265282217,0.27478902533289773,-0.33372327454996054,-0.06843149598769613,-0.25190255719624827,0.16185482392879058,0.11285929444015014,0.005624397357537314,-0.08320569930432149,0.1124305716038856,-0.3309182478145495,-0.04590362501892596,-0.21909490074827276,-0.05216871598307422,0.27298010184159566,0.38342006072245377,-0.05403501502123692,0.16775016136872556,0.3213970945660576,0.49827793671158427,0.16024671485150094,0.06778920861589462,-0.34934695471316213,-0.2537959502426507,-0.4814796516029293,-0.18115532038664744,-0.040888045964188095,-0.057275139653674825,-0.14551235566463994,-0.13701280590330628,0.31624604547012086,0.21669787790164874,0.28875200216752067,0.10704364525974389,0.17226211062324187,0.2773007992732431,-0.10153559276111851,0.18646733976683216,-0.21860242730438526,-0.05013188406952004,0.08298416594283164,0.0036895664161799044,-0.2693016917817498,-0.42078588561547225,-0.3703145295603599,-0.283623265784252,0.34171441321550095,0.22999784841699272,-0.1820637665452749,-0.07218321924630844,0.20657109388073855,-0.2124058682434317,-0.12574329224075417,0.05306600578536764,-0.30168221915865134,-0.28246141096032323,0.08777502410569851,-0.23140833061065114,-0.3467268047398577,-0.0939126138546008,-0.28628007235693964,0.04746073361011722,-0.03991903672831882,-0.23498473969830025,0.057189076333383805,0.25811505390910755,0.12239638534054778,0.3606228434364765,0.3743786307963248,0.21923037078947158,0.18820932512013006,0.240319071791153,0.2332331917538589,0.25110567460096106,0.33078277777335063,-0.18734869191721984,-0.4198120950840313,0.2250109571356852,-0.03629322091976189
#17,0.15487731992445553,0.1302679916167951,0.13782721991568983,0.1646821633768697,1.0,0.30240897608555334,0.024464295675318156,-0.09872578473013571,0.18248292679039596,0.016707440492792196,0.1431918335471635,0.47298807066754855,0.24701607312194696,0.17254420706197357,-0.32374630445696434,-0.16140538214504857,0.011043199005490521,0.22413438628086924,-0.3254962586362151,-0.13589079520914182,-0.3545219102869574,-0.519533983058276,-0.04110957932567795,-0.19751053877232266,-0.3858473651076987,-0.32568910422427466,-0.05685597940855374,-0.07439377156563523,-0.07279681884467962,0.05342619671843747,0.11564519599327432,0.19377794069599727,-0.05272334626939413,0.18800372941054594,-0.09624429232841125,-0.1922702388257138,-0.166497461928934,-0.0933069830821825,0.13557044840583637,0.21277084047207326,-0.010958729450390075,-0.17337934002183458,-0.12721752504203557,-0.34446843946481365,0.21168548637729204,-0.17351799759341457,0.1592171425383898,0.28287738367506315,0.12989823809258183,0.045597622102335665,0.21789160802938903,-0.013437034321733378,0.06368685701535592,0.08272916351233972,-0.3576823466598666,-0.2641139860864299,-0.2320235239742129,-0.3338683071823028,0.06740192367458503,0.04929196981408729,0.2826558503135733,0.2564431942241949,0.25240778076166037,-0.12901688594219413,-0.16381196758281602,-0.014924017244539362,0.30476137350684124,0.1554160125588697,-0.11628748336507583,0.1821450485699942,0.15319749141359004,0.18885001872674098,0.28064929993864,0.5587852321717441,0.08771446102845668,0.07010176190741818,0.16501685406689032,0.1392711711783503,0.20331184406601374,0.1803090310704524,-0.009449433814916048,0.3048554056530851,-0.09533265863940266,0.10773055805688148,0.44468598841332707,0.34711408968116725,0.3703161233255505,0.12936113922335823,-2.7094008239766035e-05,0.24380144873255824,0.016269155065384216,0.10610810509287667,0.21385141327128274,-0.022360525623759852,0.09115858760528811,-0.0978460263449386,-0.1779869151877854,0.01337647124449155,0.050904860186948654,0.09758943014925611,0.03207771199069241,0.0679836479691447,0.05657228920463148,0.04804405166986748,0.12686849046529974,-0.003284750057773988,0.1142347137996159,0.2862960100088454,0.20334212560463466,0.2696316011761987,0.34200766601056665
#18,-0.28919825642088154,-0.06363107523368582,-0.09511750033867511,-0.15486297603774035,0.30240897608555334,1.0,0.22961534477125486,-0.17054881304337433,0.26467180390313094,0.014755078134338469,0.16400959446644725,0.3822183617687606,0.4378853923451458,0.651854744240531,0.03322522292790603,-0.24823052219716468,0.18827785702332475,0.3388695423503255,-0.15808397548789138,-0.3146379363928312,0.10674561116910646,-0.3141279315318474,-0.050651451521647316,-0.17626564878196496,-0.08391651857931771,-0.22792276613886475,-0.18753038114894532,-0.3666122130226554,0.4234634111356374,0.38735984827355385,-0.032527153774434416,0.34983783439185906,-0.21219389747308529,-0.212936592051893,0.2423606850002789,0.13176294336555394,0.2311230466415383,0.05627903640956578,-0.019063025444461267,-0.1062244499517886,0.21675365968331886,0.08862768848265586,0.22189195865773095,-0.0945867765302138,0.19661324897002924,-0.13118440660137543,0.06382870211731706,-0.21170939285515064,-0.042367060061041205,-0.2750264963462933,-0.07207324944815881,-0.3602084644869271,-0.11088940066460008,-0.3037333949589207,0.11777446628788181,-0.26178230761261945,0.2026982444676426,-0.26470367920694243,0.05560009243838105,-0.032350245838280646,0.40497732869016406,0.0848600275721378,0.16829363529871144,0.004207540103116608,-0.19495732693702236,-0.19081353744152874,0.2849843412570026,0.28770967973288497,0.014579763963375276,-0.012461650025101802,0.33095809194431386,0.09514140681653371,0.013899226226999977,0.2603224186980532,0.12569866681541808,0.1178366231303142,0.30885735004661763,0.13810134752846864,0.2092789009395246,-0.017203101467060857,0.30140649778068196,0.4113093577923165,-0.1368996485747755,0.30221931802787494,0.3681725091442278,-0.04482305221971647,0.2186486464949119,0.29349185984428916,0.20465379435647746,0.36792706930487934,0.16528620038409741,0.19475491875781942,0.1750703248890341,-0.12450812421805896,0.059820382663022253,0.24441186080054825,-0.14441584521352469,0.03191674170644439,-0.05992716493079075,-0.05100526739395485,-0.15674840025818995,-0.1500593677533489,0.2607112974045534,0.06314178932017946,0.18751444349703958,-0.004510355489325758,0.02859533504928719,0.2812628995370112,0.3218385675238467,-0.04130720620930918,0.19274199332212386
#26,-0.09971551291348246,0.2076054474894214,0.06507024520077458,0.12725418164141877,0.024464295675318156,0.22961534477125486,1.0,0.04785917490776084,0.46419048681557745,0.39636780913068076,0.3331351751946386,0.21355019165026418,0.1613352564766633,0.4888173465403342,0.16707440492792197,-0.01591693295826726,0.07980779191801672,0.1139287108830256,-0.04394807513009109,-0.022719122791639106,0.2056690227828734,-0.18083975487891368,-0.09212919060634797,-0.09672082812039302,-0.13714668217931453,-0.32506594203476,0.24926168827546638,-0.278304871343305,0.2119500513989274,0.3251775055981002,0.16975033668289652,0.26911681501964313,-0.13788140793216935,-0.06489652479500195,0.03079154348189881,0.14733881057303827,-0.018997681071647714,-0.006473874204113508,0.004091195244204671,-0.04149208297141582,0.08373482934759222,0.3551912916669987,-0.12862163217493167,-0.1420793854441425,-0.05792380208623864,-0.23531464909274916,0.20038887870650018,-0.13239248061583087,-0.010413661755213605,-0.19216823785351705,-0.07727848656057502,-0.25078692156284615,-0.01335893982739523,-0.21782945118695662,0.07586800436691662,-0.19510076580417407,-0.21928137127556996,-0.35737953127365746,0.006969535178382169,-0.0587812477587677,0.06675485500721179,-0.12935317039740535,0.17112575604236227,0.019588967957350843,0.10194997171066787,-0.03343878746344301,0.5540230617823076,0.5303524611718955,0.16462160029962786,0.19890827084445648,0.2490226234968802,0.2370534469156659,-0.07419295715162286,-0.044372016670783894,-0.10785965303731801,-0.14152156762744145,-0.15395134234873176,-0.3093593860816486,0.258210679820542,-0.14405087298488314,0.29196662655690936,0.18516204607575165,-0.18865239184310975,0.3043183067838615,0.25334491469371817,-0.15657946114798907,-0.16889926607112973,-0.07996876220226475,0.20511120496617233,0.22229199372056516,-0.11387292910135549,-0.0849907163177649,0.09632557435313055,-0.17615408521862475,-0.12308329813768537,0.06918056562726614,-0.2905465817721075,0.01071488337623218,-0.12311995473706859,0.031736646239909475,-0.12081377650630733,0.0014662639753285148,0.32893560391747484,-0.19391500450238666,0.009527528309254197,-0.14160444341735132,-0.029465530843340852,-0.005901712500697273,-0.24163870936894868,-0.048469586975750864,-0.06469571038098956
#49,0.5055439122154133,0.5122536636677318,0.2601168229884691,-0.01639825004582075,-0.09872578473013571,-0.17054881304337433,0.04785917490776084,1.0,0.42927109149009074,0.26485349313485645,0.4374295755006415,0.17205651491365778,0.15641689709855047,-0.20262333750368558,0.24472264501271027,-0.3097769525615791,0.12201069416442875,-0.08598522579668337,0.08832646686163728,-0.15713409143430898,0.34204113507956874,-0.13817625449242563,0.17995680896333544,-0.14977886507980778,0.04259178095291221,-0.26291228713273673,0.12973886157352438,-0.013896038696618826,0.006931284813808382,-0.25273450262572816,-0.1403007434914614,-0.019573030305445098,0.034120918965008885,-0.1145215915339193,-0.19409509996892158,-0.00615033987042689,-0.03151989417399135,-0.40269346317207083,-0.48593741284096614,-0.37183338778697733,0.13287857899895608,-0.20462670034823768,0.16144682004000352,-0.09729936488457155,-0.20849476846576193,-0.08669445130648902,-0.200812820247193,-0.15185394735793575,0.028157049621879208,-0.07601622452964005,-0.015100925180693128,-0.10416849285594754,-0.011369920869558289,-0.18844201483795392,0.06921881599183992,-0.23179561555196074,0.04089920232052212,-0.3069575819394529,-0.3494154866163568,-0.4204830702292631,-0.14172875710221614,-0.01933396552685893,-0.24208336985711895,-0.39630246475786723,0.2432595685677629,0.15573317183179403,-0.06817968108758536,-0.45705679382256614,0.24709098008590394,0.01782307612619433,0.36056228035923465,0.35857804269696947,0.24438795432268964,0.12131103124576656,0.2757197842041932,0.26759955055821627,0.16120297396584563,-0.062118592067830644,-0.49275394656105315,-0.32848616213373283,0.04476408290766521,0.08074014455450279,-0.08505446692538789,0.06659069719258262,-0.0033118440660137543,0.0748272756974715,-0.1899927483683829,0.08102542852361562,-0.1697885870474703,0.09902222505558256,-0.01976906342388576,-0.20131166875184278,0.04656822510339552,-0.02679278661874746,-0.10142084166739715,0.06129939675987537,-0.42432085680816645,-0.0699009474934058,-0.1364549880866052,0.0019364247065479844,0.030860075385093513,0.060354294001864706,-0.06284694275992318,-0.003307062770442031,0.011494234554423097,0.02309365761142411,-0.027945078851532804,0.03471539338109316,0.0581819920471117,-0.1515814135103475,-0.3061272302751636
#50,0.21359481707560024,0.36281905186908814,-0.03624540796404466,0.03923849899194352,0.18248292679039596,0.26467180390313094,0.46419048681557745,0.42927109149009074,1.0,0.4161496226760911,0.46203252874753964,0.35159735116225327,0.2975527735498729,0.4237311636876539,0.36234889113786867,-0.25042991816015747,0.18443210161846854,0.009822374869510476,-0.06263815951995792,-0.323631553363243,0.32194694355680575,-0.26336810397724103,0.19166938934886724,-0.1427312354070875,0.010969885806724096,-0.282874196144682,0.07375785925459602,-0.24396720031237798,0.29221684769182954,0.03567324626062842,0.16334180685159655,0.37773828781805574,0.039464813649005094,-0.0037580983193746067,-0.09673039071153647,-0.03713313517519464,0.0855644717863717,-0.20683725266756448,-0.03939628174581039,-0.043189442899377636,0.13070627704420307,-0.08429742845986501,0.02166883153105053,-0.23262437345105946,-0.0550789312210632,-0.11432555841547865,-0.05443505008407112,-0.1317470057136482,-0.21150220338037598,-0.2861541649068843,-0.17242148714229932,-0.28632310401708516,-0.11742702547633657,-0.3302297412522213,0.17586561371913076,-0.33887432364589726,0.044692363474089364,-0.3998071544119405,-0.06304297587836384,-0.20279865167464878,0.23702475914223559,0.030928607288288217,-0.06989138490226235,-0.17569667460892988,-0.19359784522946236,-0.22830048848903092,0.29233319255074147,0.043385476017818295,0.2859581317884436,-0.005128736383268653,0.38170995067296737,0.12264182517989625,0.20083991425543274,0.12661348803480782,0.20738072659755039,0.0040704762967272035,0.1930256835260461,-0.08052179872339409,-0.06061248396273777,-0.3375578735984827,0.16633808540987657,0.13543497836463753,-0.17207085880037293,0.33492178597327255,0.3098518595255361,0.07860928049470471,-0.03811170700220737,-0.03246818446238316,0.08471180740941438,0.27189793527719563,-0.005268987720039206,-0.26988500984150005,-0.023162189514618813,-0.11300751460287356,-0.17046274972308328,0.10252372717927467,-0.4720859995696834,-0.14726071607870012,-0.10892269441943118,-0.06931284813808382,-0.13916598267577238,-0.0709990517097116,0.24550677748647293,-0.040078413247376266,0.2483675860035541,0.02782554646223972,0.16107069145502792,0.20600690100327518,0.1552040417885233,0.0012973248651276207,-0.13106965550765406
#51,0.2801217636605599,0.2748830574791416,0.27354270095386846,0.4023508036560973,0.016707440492792196,0.014755078134338469,0.39636780913068076,0.26485349313485645,0.4161496226760911,1.0,0.39278343121707876,0.035046896540732654,0.4360685000278909,0.13503016200623164,0.14987289722605168,-0.09495334252404593,0.496773422371682,0.01334140841029891,-0.05284765995425894,-0.05497533648367586,0.030670417327415152,-0.1036521129342014,0.08325669979041987,-0.13685024185386768,-0.01039453657292671,-0.20251336770553593,0.2901847970738471,-0.06516108981663732,0.06419367434595862,0.012213022655372184,-0.019063025444461267,-0.1944234155981799,-0.05267075201810517,-0.23595374893416954,-0.3575691893313358,0.09475412187522413,-0.2542358294352493,-0.2700507614213198,0.03913012295898445,-0.17956952402202583,0.20025978372606365,0.1920582680553674,-0.2619655906095355,-0.17326299516292265,0.026773661436460566,-0.3996541529536453,0.28950744686785296,-0.020583477436269315,-0.037168198009387275,-0.1181298759253799,0.026376813904007524,0.09855843938512539,0.03872211907019739,-0.1508403126967304,0.04230330945341823,-0.1642948784355601,-0.09879112910294927,-0.29865247153136926,0.24077010734008558,-0.0244053263632669,0.05527655810469444,0.03608284391460606,0.029956410522037787,0.11335017411884707,0.097159113547801,0.021619424810142722,0.25533074612117396,0.12733865119651921,0.032777374909354604,-0.09731052124090558,0.029841659428316427,-0.008109077289642917,-0.13111587469818073,-0.0887934400624756,-0.23119635984030473,-0.14346436739475174,-0.11428571428571428,-0.14033421256046347,0.16619464654272487,-0.3272079624508921,-0.020012909498043654,0.013129437639952507,0.15256636039812255,0.048667213859382094,-0.10273569794962108,0.06593087840368478,-0.18267099108288376,-0.07667923084891903,-0.013320689462821443,-0.03473929985895178,-0.1771549697583055,0.04284359585302298,0.002221708675660815,0.06765533233988637,0.08188924925690698,0.1797528070189419,-0.19665787439536533,0.1574257504641841,-0.06675963630278352,0.14399190367283188,0.09142634015730462,0.1435217429416124,-0.06277203579596619,-0.056926105076939015,0.052536875742096915,0.04938440819514061,0.03874921307843716,0.06773661436460567,-0.06381435823060189,0.16601136354580878,0.04764720413741443
#52,0.1319844767270438,0.3074436803225781,-0.004295197188598204,-0.026996788563140993,0.1431918335471635,0.16400959446644725,0.3331351751946386,0.4374295755006415,0.46203252874753964,0.39278343121707876,1.0,0.6111770752814988,0.4989760058650559,0.24333766306210106,0.03158205101642375,-0.4671198272358533,0.37872482847102135,0.019753125771980014,-0.19235630214600483,-0.2671421399485214,0.23907912247288607,-0.30291260588577484,0.09361139223358222,-0.43811170700220736,-0.08246459849070437,-0.4141032281713935,-0.02753707496274574,-0.19657499860545546,0.20896174166660025,-0.03212393118121907,-0.001915705759070516,0.1418435081959375,-0.04386838687056236,-0.07809608810333973,-0.004311134840503949,-0.00554470909800859,0.15411231263297978,-0.3100941118345034,-0.3142235574432819,-0.3715783853564854,0.03151511287841962,0.041237080540923905,0.11192375427328291,-0.150414777390847,0.07158555729984302,-0.2729275075903067,0.08209962626206281,-0.052364749101514875,-0.006084995497613337,-0.18144857318171315,-0.12060818079672322,-0.21122966953278774,-0.20076660105666633,-0.440296759078485,-0.017209476527823155,-0.5178429981910765,0.12094287148674386,-0.4095354971352071,0.004513543019706906,-0.2666544478002056,0.33799934655627184,0.2282208002295022,0.10352461171895545,-0.3097195770147184,-0.18977599630246475,-0.15585748551665882,0.2624947206528062,-0.1880244483580234,0.11506028416833348,0.17960618062140904,0.3408984054379268,0.3706348763636653,0.12351520850433105,0.14237104447401763,0.07347895034624549,0.25090486018694863,0.28094892779446806,0.08561228474208894,-0.027361760791782548,-0.31163687653897953,0.22810923666616198,0.29246388129636863,-0.1905298472376065,0.3530078333559117,0.35327080461235644,0.18865717313868147,0.09126377610786603,0.34758903170795846,-0.07164930790746599,0.4298368781327447,-0.060061041206799004,0.08433886635481995,0.021944552909019914,0.031038577086437855,0.030568416355218387,0.23595853022974125,-0.4885240937452685,0.05152802237646328,-0.14235032552654017,-0.055472591223135095,-0.22257727768967797,0.008831052920973153,0.05797958386790874,-0.2007108192749962,0.03163942656328443,-0.04467323829180247,-0.07706970332060978,0.42022647403358065,0.1810692570663564,0.12122178039509439,0.14421184326913117
#53,0.027984922981297164,0.1033222035397525,-0.14650527137836783,-0.17318171313820335,0.47298807066754855,0.3822183617687606,0.21355019165026418,0.17205651491365778,0.35159735116225327,0.035046896540732654,0.6111770752814988,1.0,0.5104463339416204,0.38966602650431514,-0.1806389404649013,-0.4962442923284113,0.09846121970850034,-0.044284359585302295,-0.4121970850034664,-0.2008861334459594,0.11212934998286703,-0.49333407709042226,-0.10601726047701392,-0.3698284311772347,-0.2988755986580497,-0.49421542924080997,-0.18892651945588856,-0.2254428675023309,0.12404433854760179,0.0463068476121413,-0.11488178246698914,0.1866569978245105,-0.08707217365665516,-0.1255217588792643,0.1970977535879639,-0.14919714078524812,0.2654607176724653,-0.2574377037031134,-0.11255010399317869,-0.176063240602762,0.12676011443234067,-0.06572687645929125,0.32426905943947276,-0.15306680266796294,0.2866211381077226,-0.07233940823498473,0.015961558383603344,0.05563037397700197,0.12805425176708715,0.031006701782626364,0.015932870610173004,-0.15989608650957454,-0.040540605152642864,-0.1724485811505391,-0.06367091936345018,-0.35030162006231624,0.1680019762688363,-0.29702364350660215,-0.04014535138538039,-0.09751611695048969,0.3506697798213389,0.118773757062372,0.08622110304488839,-0.45856130816246843,-0.3425925778355075,-0.058459307190271655,0.2940735841388488,-0.10361864386519934,-0.06703057638518117,0.09922941453035725,0.3256173847906988,0.3719624827674139,0.2276087943963216,0.3755054227860609,0.23868068117524247,0.35295523910462273,0.38599080397485036,0.149141359003578,-0.07851843587884197,-0.2878690562519424,0.41893871175959646,0.584771573604061,-0.297672305939166,0.5701392153893967,0.5955502075879161,0.20941596474591398,0.29585700738710163,0.5025332897704181,0.18370215716118543,0.7400744288343998,0.20211811393827347,0.10122480854895648,0.3229000151407693,-0.06120217708325033,0.03149280016575158,0.06555634358389978,-0.4919331574879073,-0.10635195116703457,-0.1280749707145646,0.018207173537122777,-0.14371140099929078,-0.16053359258580432,0.010463068476121414,-0.13177409972188797,0.031597988668329496,-0.08179521711066308,-0.002741276127788093,0.42379172676489574,0.2561260349512706,-0.02791957860848361,0.12649236188032417
#54,0.10702292631226641,-0.09765158699168851,0.12863119476607512,0.05157583533218051,0.24701607312194696,0.4378853923451458,0.1613352564766633,0.15641689709855047,0.2975527735498729,0.4360685000278909,0.4989760058650559,0.5104463339416204,1.0,0.26486624325638103,0.06637872642223622,-0.5181505948728574,0.3641068141430723,0.019110838400178503,-0.2758743794276789,-0.25577859413972537,0.22920255958689606,-0.3493421734175904,0.35923467395548614,-0.18810891791312387,-0.028933213269688975,-0.2694387555881392,0.01820239224155105,-0.20768513574895012,0.037808891615998215,-0.0948927794468041,-0.14451943995091204,-0.06913594020193005,-0.13821450485699943,-0.3063487636366534,-0.20480520204958202,-0.17142857142857143,-0.03294950154993665,-0.3206591812828216,-0.2511487062611065,-0.3929683079791854,0.20855533154300376,-0.08489190287594929,-0.05784570759190048,-0.29274279020471916,0.13697455553873247,-0.3036967383595375,0.10785009044617457,-0.059951071408649366,0.08709608013451378,-0.08181434229294998,0.11127987313629083,-0.03174461506586235,0.09815999808748177,-0.10821984397038785,0.19573349058483214,-0.2414633951979855,0.3205539927802437,-0.35660655515622885,0.12207763230243288,-0.08984532508825474,0.30500681334618973,0.2216704252962411,-0.08554375283889425,-0.0925579134426125,-0.22788770330467212,-0.0672728286941485,0.19117054084421742,0.10244403891974595,-0.22139948521384345,-0.18975687112017786,0.10257313390018248,0.010026376813904007,-0.07001410482193658,0.34455609655029523,-0.03459267346141893,0.19911546031923116,0.2681701184964419,0.13744631003514252,0.2597566320553993,-0.2812995561363944,0.19614946329957209,0.388786268119118,0.19011865581843826,0.1408505924822096,0.12126162452485875,0.03773876594761294,0.10324251528022377,0.3703081544995976,0.041874586617153695,0.4269824446764258,-0.14222601184167535,0.057064762648518993,0.052159153391930765,-0.04146020766760433,0.12176844185546143,0.3693232076118225,-0.38003809098805474,0.11474631242579031,-0.007823793320530086,0.08822127835905937,0.08187968666576353,0.08511503000262971,-0.08590553753715464,-0.002377897664337113,0.09998645299588012,0.04471626995194798,0.027463761763979314,0.3293372327454996,0.27134330499087567,0.033486600419160246,0.1515511319717266
#58,-0.37287571022161303,-0.043382288487437144,-0.20971081130617025,-0.1750464184111755,0.17254420706197357,0.651854744240531,0.4888173465403342,-0.20262333750368558,0.4237311636876539,0.13503016200623164,0.24333766306210106,0.38966602650431514,0.26486624325638103,1.0,0.18516842113651397,-0.23399660528014407,0.08588003729410545,0.16616277123891338,-0.13488353560869876,-0.3169568647451171,0.14583588999832656,-0.325665197746416,-0.2051940807560822,-0.281076429009714,-0.08457474360302497,-0.31474949995617146,-0.13017077194017004,-0.4470750424339982,0.42845827124289776,0.3090597582258206,0.0167759723959869,0.38239208217453324,-0.21172373674186581,-0.19001506108105093,0.24087688960785408,0.2151710508490784,0.26337766656838446,0.08023173345870953,0.1334634908238969,-0.07811361952043605,0.12121062403876037,0.2882499661324897,0.09649770099371259,-0.0483612109427918,0.10901194527010336,-0.2774394568448231,0.04642000494067209,-0.1327829530875216,-0.14953023771007817,-0.3534652439656065,-0.14041549458518277,-0.3479906605359832,-0.15228585772458145,-0.38715425256396974,0.05487174174628852,-0.252068308776068,0.13069512068786907,-0.29545059726350514,0.2074428834399828,0.02669556694212242,0.40284327709998485,0.10871072364908478,0.29669054658177213,0.16628708492377817,-0.29679414131915943,-0.33580313812366025,0.6171026942600547,0.45626309875766,0.14198535329789863,0.016471563244587175,0.3547992254301174,0.14086493636892478,0.004389229334842097,0.13180119373012775,0.2049996414028321,0.11883272637442326,0.34784722166883153,0.11362111420124472,0.27450533512897546,-0.09541872195969368,0.4670863581668513,0.30326323422770124,-0.24413773318776943,0.5868498434125701,0.5072348970826128,0.018930742933643586,0.28701639187498507,0.11001761110535585,0.2564591318761007,0.35931754974539604,0.12325542477826741,0.11744615065862346,0.12301635999968125,-0.06938934886723139,0.07796221182733148,0.1782610428005642,-0.17921730191490887,-0.10266875981161695,-0.22727569747149154,-0.1184805042673063,-0.15145550606029215,-0.3323717616683534,0.24368669763883688,-0.10443783917315462,0.1093593860816486,-0.14757787535162445,-0.021495111125277914,0.3072237407262788,0.2926806333622867,-0.046324379029237625,0.21742941612412242
#101,0.000175314170963192,-0.059829945254165705,-0.1780044466048817,-0.0846161814979799,-0.32374630445696434,0.03322522292790603,0.16707440492792197,0.24472264501271027,0.36234889113786867,0.14987289722605168,0.03158205101642375,-0.1806389404649013,0.06637872642223622,0.18516842113651397,1.0,-0.01269593350811625,0.03930703089513822,-0.10153559276111851,0.39983902971575197,-0.30468009148212194,0.4841555833579039,0.036333065049526256,0.2333463490823897,-0.11016901879846042,0.348178724828471,-0.08646654288423687,0.10150052992692586,-0.266802667962929,0.3623648287897744,-0.035571245288431655,-0.0494848154021468,0.09940950999689216,-0.08937675812222586,-0.22908462096279356,0.07722748607447665,0.2645140211492641,0.24292647164293285,-0.008563300368956642,-0.10989967248125333,-0.27781877296017976,0.19065894221804303,0.2466447258325431,-0.1448780371187913,0.1329773924407717,-0.3392201706922519,-0.275308592785025,-0.18656774697383835,-0.18181513917554526,-0.42485795567739004,-0.40920558774075816,-0.25763533058674465,-0.23876833826072405,-0.22032688124058683,-0.3707815027611982,0.3544422220274287,-0.11706524077807616,0.20125748073536326,-0.2054873335511479,-0.1672784068723155,-0.41877614771015786,0.10948210600132283,-0.08260803735785607,-0.12457187482568194,0.2568033851572648,-0.0765310106861956,-0.2610029564344285,0.12191347448780371,0.25085067217046914,0.45209859031468896,-0.13105371785574832,0.14497366303022577,0.047134011746049455,0.002599431025826965,-0.298454844647738,0.15131525472352159,-0.23433129597016472,0.10097139988365514,-0.22793551626038935,0.06915028408864522,-0.29692483006478654,0.04082270159137454,-0.10961279474694993,0.059633912135725047,0.05702969981432635,-0.05842105682569787,-0.13404999641402832,-0.34257664018360173,0.04891902875949286,-0.05098136091609623,-0.11718955446294098,-0.1969973463809577,-0.28961422913562146,-0.3212440931077624,-0.17263983297340801,-0.22367697567117437,0.10113874522866546,-0.09049398752081855,-0.2146467021013794,-0.3296687359051391,-0.29504578090509925,-0.09735992796181339,-0.24791336292424038,0.054017483604140604,-0.21045031835459682,-0.006077026671660464,-0.0739841739116576,-0.12824231605957495,-0.008601550733530429,-0.015357521376375619,-0.13369618054172078,-0.20494385962116202
#102,0.09224075416968817,-0.08283594578010822,-0.08183027994485573,0.31540613121468813,-0.16140538214504857,-0.24823052219716468,-0.01591693295826726,-0.3097769525615791,-0.25042991816015747,-0.09495334252404593,-0.4671198272358533,-0.4962442923284113,-0.5181505948728574,-0.23399660528014407,-0.01269593350811625,1.0,-0.2096661858808342,-0.0830112599510714,0.25007610228784993,0.6210408880459641,-0.3001251105674601,0.6638223270565548,-0.2417247726892397,0.37918861414147853,-0.06494274398552861,0.5849931069655507,-0.16602730119771453,0.30923188486640263,-0.13169281769716867,0.3319111635282774,0.017835826247718924,-0.12877782116360798,-0.052565563515527255,0.32020495820350786,-0.047194574823291285,0.11218672552972771,-0.20637346699710732,0.6294750934344843,0.3389348867231391,0.38089394289539324,-0.04009116336890086,0.19140323056204128,-0.18124616500251017,0.440907171146475,-0.23838902214536734,0.3327606403748536,-0.021898333718493253,0.07556200145032632,-0.21800157782753868,0.11557825785527018,-0.03455123556646399,0.1687080142482608,-0.13235582401644766,0.09972029420905418,-0.42142179792651147,0.23977400409597655,-0.572864553865279,0.5500593677533488,-0.2298560033150316,0.03613862569627617,-0.3131302345225478,-0.34364605662647724,0.22234936926742582,0.3380630971638948,0.12433599757747692,0.033746384145223886,-7.650072914757469e-05,0.24899712325383103,0.19386878531186,0.3789973623186096,-0.26479771135318636,-0.06609503621831396,-0.11320036019093307,-0.38012574807353633,-0.18978237136322706,-0.33772521894349306,-0.5386304775717393,-0.4771238913370893,0.04409310776243336,0.49903656894229775,-0.15236395221891957,-0.19441385300703648,0.4004175664799305,-0.22061216520969965,0.009146618428706899,-0.18047478265027214,-0.33420459163751404,-0.18513813959789305,0.19326474830463228,-0.3620588258731841,0.15275283092541975,-0.1775868801249512,-0.049841818804835486,-0.07358413884882341,-0.2745961797448382,-0.33241160579811774,0.4707520181051726,-0.16617552136043798,-0.04804564543505805,-0.025280303452892287,0.01751388567922288,-0.18254189610244723,-0.048381929890269265,-0.018114735156069456,-0.15611089418196017,-0.12322195570926535,-0.022494401899768108,-0.49526572050139855,-0.3508211875144435,0.11895066499852577,-0.21435026177593255
#201,0.12572576082365786,0.024730454462144093,0.30138418506801395,0.3265401748360414,0.011043199005490521,0.18827785702332475,0.07980779191801672,0.12201069416442875,0.18443210161846854,0.496773422371682,0.37872482847102135,0.09846121970850034,0.3641068141430723,0.08588003729410545,0.03930703089513822,-0.2096661858808342,1.0,0.3319159448238491,-0.1693821769238738,-0.25990963351369445,-0.10927491652654814,-0.22975081481245369,0.07583931659348628,-0.19861501804939077,0.17179513742240357,0.02476870482671788,0.21264652678720844,-0.033590195156547584,0.3877503207452446,-0.0032624373451059455,0.35347480655675,0.014468200400035063,0.3690044545737077,0.03404282447067074,-0.10329351576632215,0.04354804006725689,0.1955868641872993,-0.04248021738957199,-0.09892819290933867,-0.31902397819729217,0.08668329495015499,-0.04135661293021699,0.04642638000143439,-0.062217405509646266,-0.0005179736869367036,-0.25611328482974605,0.41825339272764944,0.13443090629457563,-0.1213652192622461,-0.27815346365020044,0.1397955199260493,0.05495461753619839,-0.05690697989465212,-0.4037023165377045,0.008225422148554854,-0.42532652264341897,-0.10464024735235758,-0.4519009634310577,0.14589007801480608,-0.2891488496999737,0.19708500346643928,0.048330929404170886,0.08966682338691041,0.08416355218385675,0.07951453912295102,-0.23060188542422044,0.16345018288455562,0.05257990740224243,-0.04317509901266246,-0.051784618572145766,0.1474806556749994,-0.023954290814334325,0.025030082317972092,-0.07199515495382065,-0.14581676481603964,-0.23899305915259506,0.05581365697391803,0.03395516738518914,0.30530962873239886,-0.01927021491923595,-0.058956561929730894,-0.06352429296591733,0.02821123763835874,-0.004526293141231502,-0.06250747077433082,0.06594681605559052,-0.09778546326769677,0.013095968570950443,-0.09703320609774561,0.005509646263815952,-0.26192255894939,-0.03547721314218776,-0.19350540684840903,0.02910533991027102,0.051985432986158146,0.3333774275036059,-0.04900509207978389,0.6274812931810756,0.1355066977982134,0.30139056012877624,0.12297970340029804,0.45946019172995245,0.13813641036266128,0.32266573165775486,0.43923531146156236,0.48953932217166446,0.3028663866952482,0.20386169305676194,0.03399023021938178,0.16561292224816518,0.08995848241678553
