,#10,#11,#12,#13,#17,#18,#26,#49,#50,#51,#52,#53,#54,#58,#101,#102,#201,#202,#301,#302,#401,#402,#501,#502,#601,#602,#701,#702,#801,#802,#901,#902,#1001,#1002,#1101,#1102,#1201,#1202,#1301,#1302,#1401,#1402,#1501,#1502,#1601,#1602,#1701,#1702,#1801,#1802,#1901,#1902,#2001,#2002,#2101,#2102,#2201,#2202,#2301,#2302,#2401,#2402,#2501,#2502,#2601,#2602,#2701,#2702,#2801,#2802,#2901,#2902,#3001,#3002,#3101,#3102,#3201,#3202,#3301,#3302,#3401,#3402,#3455,#3501,#3502,#3601,#3602,#3701,#3702,#3801,#3802,#3901,#3902,#4001,#4002,#4101,#4102,#4201,#4202,#4301,#4302,#4401,#4402,#4501,#4502,#4601,#4602,#4701,#4702,#4801,#4802
#10,1.0,0.18579477085640972,0.642053088318498,0.672997633258692,0.20802301396935188,0.1378734391062165,-0.00782857461610181,0.6975288670720142,0.13086565356326052,0.5505661850839516,0.6138291005586147,0.19314362215014863,0.25184199411900643,0.03155017571261226,-0.2040210695758194,-0.15950242650750265,0.5118727537871846,0.14315677071297087,-0.3680928208846991,-0.30497175051199704,-0.1337519623233909,-0.06880284327709998,0.2877670552797456,0.2121301468654623,0.09818549833053096,-0.04181561730510244,-0.0855341902477508,0.29156021643331287,-0.16208910741180502,-0.12612420212130146,0.30053470822143774,-0.05124114464215987,0.4323295268908032,-0.0040943827745858205,-0.17656368287260238,-0.10929882300440676,-0.09650726358485605,-0.18820454382455834,-0.09997689040473667,-0.13499031787646726,0.13759293643267537,-0.10875534907442086,-0.08182231111890285,-0.09828112424196543,0.08813043374319661,-0.04276550135868482,0.02219158651355896,0.2269091314776594,-0.11316848488712158,0.09446724414092071,0.2806461124082589,0.3277275299030194,0.28742917705934384,0.35533154300376923,-0.02913402768370136,0.09849309501231183,0.06440086382073329,-0.12487309644670051,-0.231790834256389,-0.046577787694538964,-0.11946545115508132,-0.10653045286837891,-0.26740192367458504,-0.2413932695296002,0.11587629194590761,0.08190518690881272,-0.10174756353146491,-0.11862553689964858,-0.056481444588768734,-0.12245216712221789,0.3343512180350469,0.2269840384416164,0.2128871853309852,0.23304990875694284,-0.20555905298472377,-0.09377076875263968,0.004180446094876842,0.034350421152451606,0.03332881766529337,-0.06213931101530811,0.19635505900915617,0.018702834511391438,0.18922774107690715,-0.023544693160356685,0.17627999266868014,0.16566392273426356,0.045565746798524175,0.28387029938879105,0.1379547211309358,0.2102526914709656,0.056722103132545484,0.2666464789742527,0.08131071249272845,-0.08101108463690045,-0.05356007299444573,0.20021197077034641,-0.09184868793280686,0.3392185769270613,0.5052060339950115,0.3667572456549977,0.27499780857286293,0.24061869964698102,0.15126744176780435,0.14104184430507855,0.33234148012973247,0.2389277147797815,0.10460199698778379,-0.13097084206583845,-0.056369881025428524,-0.4448899903577206,-0.2805345488449187
#11,0.18579477085640972,1.0,0.40516539298265186,0.3199977687287332,0.14670767955757077,0.3894907123333519,0.11789559244236547,0.20792101299715512,0.17270039605064985,0.3739817832638717,0.1355688546406458,0.2815067456111691,0.2978667452924161,-0.17474200925977576,-0.17329487046673414,0.2113189203834599,0.13936679708978475,0.2712923045047773,-0.4700826367251313,0.013707974404131039,-0.36081409525934544,-0.22521336531488817,0.08210600132282511,0.2224577453003849,-0.22056275848879184,0.11153646933197332,-0.14745356166675963,0.054015889838950025,0.09998485923068955,0.09808668488871534,0.08006757564408036,0.12310242331997227,0.0013196375777956633,0.32309604825920996,-0.42733626054873336,-0.19773047836862195,0.15271458056084597,0.048702276693574735,-0.014084102989106615,-0.03851811712580386,0.22259640287196486,0.19262564846321192,-0.13814437918861414,0.1834423734351218,0.05103554893257577,0.2965901393747659,-0.07979982309206385,-0.08337145088414125,-0.0698132904079242,0.07781558542979863,-0.28619082150626746,0.06025548056004909,-0.12531138187410848,0.08351329598610237,-0.2626238156332428,0.020629696626795976,-0.3164213596410841,-0.0015810150690498768,-0.04488202153176772,0.14039158810732416,0.08485046498099436,0.12854672521097465,0.23239168373323557,-0.21024312887982213,-0.17885711098183904,0.06820040003506284,-0.15695877726334578,-0.38493891894907123,-0.07234897082612819,-0.22114926407892324,0.22746854305955103,-0.005037891767405908,-0.07165727673341886,-0.22621265608937835,0.07581062882005594,-0.04800261377491254,-0.23391213572504363,-0.20526739395484864,-0.32313589238897433,0.13163703591549858,-0.12529385045701216,0.14205707273147447,-0.017177601224011668,0.29512068786905626,0.3014511232060181,0.1532931173250245,0.04978922455354653,0.1285260062634972,0.2797041971806294,0.07030098255623998,-0.023280128138721323,0.23318697256333223,0.24573787343910622,-0.027774545976141336,-0.03239487126361673,0.038878308058873684,0.3857342077791679,-0.02040816326530612,0.12656726884428118,-0.17937030337320403,0.016779159926368047,0.11055949127015118,0.3447760361465945,-0.029945254165703768,-0.023001219230370788,0.008265266278319215,0.08240084788308139,0.06161018097203739,0.05557299843014129,-0.060120010518850256,-0.08104455370590251
#12,0.642053088318498,0.40516539298265186,1.0,0.6022822717529026,0.2202344428595335,0.28849062467626646,0.2151710508490784,0.5738510945182447,0.2532174134784722,0.7412745340229024,0.6921897536835898,0.20879917761716166,0.35519607296257044,0.18820932512013006,-0.10417646168190041,-0.055501278996565435,0.8182007984763605,0.6315055502872762,-0.37728565850393264,-0.4901353903529393,-0.37598992740399556,-0.24662241311987504,0.4337718843882731,0.35142522452167124,0.10980404656981888,0.10545784889512227,0.00538055128337942,0.1361681103523018,-0.015330427368135852,0.04536493238451179,0.4239176342149511,0.07986197993449624,0.6217230195475301,0.16331630660854737,-0.3527177680912271,-0.16855501278996565,0.07703782801679829,-0.006037182541896102,-0.04744160842783033,-0.3253496322386823,0.0003793161153567245,0.029602594649730255,-0.06291388089792731,0.08529671923435521,0.04612356461522524,-0.09533425240459323,-0.13166094239335718,-0.06066189068364558,-0.06779080238108519,-0.0008207890731458535,0.21337009618372926,0.336002358772482,0.3610850353417431,0.09625066738917355,-0.22351122409135463,-0.16712381164882978,-0.2913466518977759,-0.3346412832997315,-0.23471379961590258,0.07003482376941406,-0.10183362685175593,-0.07174174628851931,-0.15318792882244658,-0.07720995465738033,0.10608579238020863,0.20399397556757962,0.05757795503988397,-0.18866673572982492,0.1002557993130872,0.005178143104176461,0.6419351496943956,0.49266469571038096,0.0953549713520707,0.19119604108726662,-0.43498952099387195,-0.27715736040609135,-0.09238100550645874,0.0626588784674354,0.14217979265114872,0.14323486520730902,0.16321589940154116,0.07122377260158261,0.12210632007586322,0.15822741435504306,0.20051637992174612,0.05698507438899027,0.04162755301261465,0.10040720700619178,0.15254404768545451,0.14133190956976308,0.0915028408864522,0.21573683749173234,0.1888245184836918,-0.16663930703089513,-0.09110599335399916,0.5379499398353641,0.13656336411956427,0.5268860218823961,0.5217270039605065,0.464821617831045,0.5673039071153647,0.5870905019563468,0.4527329088605376,0.48780371187912885,0.4459928758695981,0.42563890062077153,0.3325709823171752,-0.21344978444325796,-0.1532548669604507,-0.4450637107634932,-0.23289371976826653
#13,0.672997633258692,0.3199977687287332,0.6022822717529026,1.0,0.148916638111707,0.24458079991074916,-0.006840440197945637,0.33762640550167744,0.20565149136577707,0.657664018360175,0.45688626094717466,0.17501773063774514,0.36267401923674586,-0.09388392608117047,-0.08707854871741746,-0.12339726988022855,0.5007737730000239,0.25128258253711483,-0.40214361418132266,-0.3238004924734439,-0.2299054100359394,-0.21054753803122186,0.2039334124903378,0.24825124114464217,0.1411055949127015,0.17134250810828042,-0.12393915004502387,0.2534357593095809,-0.15709105977416346,-0.0238682274940433,0.05734685908725067,-0.13745109133071426,0.4565308513096765,0.2465873502856824,-0.19757588314513622,-0.1869582194455291,0.17320721338125253,0.04968722358134976,0.10821506267481612,0.12078827626325814,0.12411924551155878,-0.059219533186175684,0.032060180573596095,0.05257671987186128,-0.026854943461179864,0.15469084939715833,0.08606650782140267,0.3390576066428133,-0.16383746782586522,0.19562033325630135,0.12092055877407581,0.23100351425224522,0.1419550717592777,0.22640550167743786,-0.008845396807688323,0.2178071384742886,-0.07904597215692212,-0.02136920367522253,-0.21863111507781557,0.006714532747890254,-0.024418076484791496,0.08934488281841436,-0.001689391102008941,-0.22230315007689916,-0.0030982795304767747,-0.17409494059240252,-0.13700802460773454,-0.27735179975934143,-0.08444405485739787,-0.2588290607144849,0.18687534365561922,0.036792069424411704,0.12464518802444836,-0.041649865725282696,-0.10173800094032147,-0.141362191108384,-0.0021962084326116234,0.06263178445919562,-0.0640757357218561,0.019209651841994118,0.16996549498362407,0.014943142426826256,0.0478241120735682,0.0639259217939421,0.1727848656057503,-0.013747818533895402,-0.08055686155758672,0.11561810198503454,0.08451258676059256,0.005160611687080143,-0.00949246547506156,0.10578457075919005,0.05572440612324586,-0.09828590553753716,-0.168445042991816,0.016371156037580985,0.12477747053526604,0.3416538501382591,0.48853525010160254,0.18067559706428452,0.348916638111707,0.28894484775558016,0.16241264174549164,0.3297053925045223,0.43078038712556477,0.3370446812071178,0.40974268660998175,-0.05161089816637315,0.10652248404242604,-0.4140538214504857,-0.41499414291292464
#17,0.20802301396935188,0.14670767955757077,0.2202344428595335,0.148916638111707,1.0,0.6903744551315255,-0.438318896476982,0.30817043724948,0.09418514770218904,-0.12666926981647794,0.22953406274653557,0.8523886555793735,0.7249766911840878,-0.4687789367992414,-0.08988038792244739,0.1007307413398784,0.09312210632007586,0.2612579588649204,-0.05104033022814749,0.04747507749683239,-0.1400202408179203,-0.015000517973686936,-0.23032775781144163,-0.3213524691407215,-0.40685797161504195,-0.48088836471722624,-0.33724549562113015,-0.32133653148881575,0.3653053255663843,0.5327813593223311,0.4980069966291866,0.3602180270780706,0.17446310035142523,-0.016887535959327113,0.09422977312752512,0.5026862912287132,0.1467427423917634,-0.2036210345129852,0.11316210982635928,-0.2224816517782435,0.3900756241582928,0.5693710205675397,0.6615543991903673,0.19770019683000103,0.3365888643626135,0.08214425168739889,-0.27276813107124925,-0.17150666592290958,-0.18881017459697663,-0.13526444548924607,-0.3033492975479923,-0.16607033285786005,-0.11778881017459698,-0.11431280829395406,-0.23859302408976085,-0.10025261178270606,-0.22320840870514547,-0.14434571954513942,-0.019209651841994118,-0.1217142538389819,-0.025897090581644605,0.07611185044107452,0.05639378750328714,0.09624429232841125,0.052793471937779404,0.049634629330060805,-0.3990102718166533,-0.5387786977344627,-0.1824749579644431,-0.19705790945819954,0.04182199236586474,-0.04831180422188399,-0.13746384145223883,0.24200846289316194,-0.12377180470001355,-0.13233351130377963,-0.14802572337017586,0.05973113181235009,-0.3425176708715505,-0.17803154061312146,0.5604379666743698,0.8657045637466232,0.6281395182047829,0.530916654049359,0.65728948354039,0.027200790507534524,0.05067057670393421,0.6792643179880308,0.8205866649666504,0.8458127804030632,0.8354166500649459,0.33354796037899737,0.2544637378575015,-0.18262317812716652,-0.1434723362207046,-0.11184247224856361,-0.2881129023261003,-0.018074891026305096,-0.2821633768696858,0.03317900373737937,-0.07728167409095618,0.4401915705759071,0.5276223414004415,0.1645929125261975,0.12194694355680577,0.01907099427041414,0.2306305731976508,-0.14715871510650336,0.0997250755046259,-0.32677923961462757,-0.32586441839523783
#18,0.1378734391062165,0.3894907123333519,0.28849062467626646,0.24458079991074916,0.6903744551315255,1.0,-0.31354939476766885,0.16877973368183666,0.18041103204264916,0.01717122616324937,0.0786411557985162,0.6494959717584808,0.5762895552598236,-0.47060220417725857,-0.09018957836941884,0.1472814350261776,0.13070627704420307,0.503728613663349,-0.32525719385762897,-0.09529600204001945,-0.29530875216154406,-0.17215692212066397,-0.16954952226888412,-0.14854369705711257,-0.43734510594554105,-0.32738646415223643,-0.28695423503255263,-0.28127246212815465,0.5695989289897919,0.6825187865071839,0.32184972388018074,0.393954848632151,0.11391117946592928,0.21538620914980597,-0.030083911737283746,0.2724302528508475,0.13979870745643044,-0.001683016041246643,0.06141733538397788,-0.20389038083019229,0.3231805178143104,0.5272796818844679,0.46486783702157164,0.143534493063137,0.4267529424889831,0.3496912079943262,-0.27197602977153373,-0.19756950808437393,-0.08934328905322379,0.026851755930798714,-0.2756400959446645,-0.053845356963558556,-0.06652535281976907,-0.15614755078134337,-0.28275306999019834,-0.20519886205165394,-0.28899425447648797,-0.04392735618261361,0.12909816796691342,0.13925363976125396,0.09643873168166134,0.23088716939333329,0.10620373100431113,0.1185426611097387,-0.05540246555474982,0.015395771740949405,-0.386100773773,-0.6097570304966969,-0.15492513288017276,-0.29893616173529153,0.04953581588824518,-0.1596554279657978,-0.166111770752815,-0.06420164317191149,-0.24228099674075018,-0.24396241901680626,-0.09548247256731665,-0.007364788945644638,-0.20651531209906845,0.09738542820486258,0.2223015563117086,0.7127381682856665,0.36118863007913043,0.6544111436062124,0.701245527496434,0.007135286758201914,0.06466383507717809,0.43811330076739796,0.6496250667389174,0.45905856290192765,0.6570026058060866,0.38946361832511217,0.5173760249902382,0.011822550183681437,0.06538421694331774,0.0012001051885025778,-0.11043995888085809,0.0360429997848417,-0.19594386758998797,-0.08506402951653133,-0.007720198583142745,0.4844982428738774,0.47236012718246223,0.17312752512172383,0.16399206304935093,0.14522229039995538,0.3033413287220394,-0.11010686195602802,0.05984747667126202,-0.15348277538270286,-0.13898588720923746
#26,-0.00782857461610181,0.11789559244236547,0.2151710508490784,-0.006840440197945637,-0.438318896476982,-0.31354939476766885,1.0,-0.1059248220959606,0.2734725752854832,0.5159671365617704,0.18545529887081735,-0.31579819745156945,-0.235000677350206,0.7463777701631219,-0.03319812891966627,-0.18128600913227455,0.360654718740288,0.18553658089553665,-0.23839380344093905,-0.3355752297014081,-0.01249671285929444,-0.12098271561650822,0.2400465379435648,0.31611854425487496,0.32162181545792856,0.2964594506291388,0.09811218513176453,-0.06364382535521042,-0.12614970236435066,-0.36842273027914796,0.057388296982205614,-0.2091402433679446,0.18570552000573756,0.33884244834208577,-0.26596912876825857,-0.3552470734486688,0.26292184972388016,0.4439066372351361,-0.03467714301651938,-0.016578345512355666,-0.2679963980906693,-0.4638032018742679,-0.46790555347480656,-0.0612723027516356,-0.18852807815824493,-0.08976882435910717,-0.04772211110137144,-0.1393843285068811,-0.008346548303038513,-0.1764122751794978,0.16879407756855183,0.02017547354748225,0.13500944305875415,0.031298360812501494,-0.07196009211962802,-0.10257154013499191,-0.053730605869837196,-0.08931300751460287,0.007242069025970404,0.0011586672935476416,0.07201428013610754,-0.058722278446716444,0.136204766951685,0.10599494776434588,-0.05069767071217397,-0.18378184542071416,0.5963391213572504,0.5790786443433289,0.3314091274932464,0.2316043637290918,0.3125851668273713,0.23826311469531194,0.19292208878865877,0.002296615639617815,-0.13161153567244938,-0.1243869980635753,0.09008120233645978,-0.013100749866522165,0.4881240586824343,0.30928288535250104,-0.38271721027341044,-0.5177919977049781,-0.3923499270852425,-0.10675198622986876,-0.06842512092693384,0.14634589485931038,0.08953454087609272,-0.45581046944353687,-0.4183633625257991,-0.4704237024759142,-0.5502585884021707,0.00918646255847126,0.0489604666544478,0.10234841300831149,0.10120727713186016,0.2157591502044004,0.1722796420403382,0.28088995848241677,0.379808588800612,0.2463705982197643,0.22633378224386203,0.14889591916422953,0.06783064651084955,0.17526635800747475,0.11571213413127844,0.2544414251448334,0.010655914064180923,0.06805696116791113,-0.12997155129134824,0.10577978946361832,0.21683972300360987
#49,0.6975288670720142,0.20792101299715512,0.5738510945182447,0.33762640550167744,0.30817043724948,0.16877973368183666,-0.1059248220959606,1.0,0.2851516866020129,0.3485468845874937,0.6106304138211317,0.34567970100965023,0.38127485277594053,-0.0009291651061049175,-0.1949111077464957,-0.15356724493780333,0.40232211588266703,0.21972125046816854,-0.1308672473284511,-0.2740957374749978,-0.16131931882475756,-0.12022727091617592,0.03826152093012136,-0.01030528572225454,-0.061251583804158134,-0.29327829530875216,-0.1081226242937628,0.03266103005044267,-0.12033405318394441,-0.02163058116647674,0.3687829212122178,0.130062395907211,0.47459777351002874,-0.1233685821067982,-0.23880340109491668,0.038385834614986174,-0.21123285706316888,-0.3543195021077545,-0.12260676234570361,-0.2918662193499032,0.1398513017077194,0.05924184589884372,-0.11080971240507136,-0.003055247870331264,-0.047975519766672775,-0.2502131660942393,-0.008601550733530429,-0.037606483436795256,-0.1570081839842536,-0.12322036194407478,0.25967853756106113,0.2788786268119118,0.21571611854425488,0.22975400234283483,-0.12042967909537888,-0.10588019667062451,-0.07569109643076286,-0.3760249902381882,-0.21763501183370654,-0.1771995951836416,-0.07864434332889736,-0.015043549633832448,-0.3733076205882587,-0.16239829785877646,0.27947469499318667,0.09143909027882922,-0.2883934049996414,-0.23085370032433122,-0.1317597558351728,-0.09729777111938098,0.3769318426316251,0.27945556981089975,0.16223095251376615,0.38332921610659104,-0.28689367195531085,-0.054634270732892926,0.0797153535369634,0.10438046362629394,-0.19597733665899003,-0.27150905657069546,0.3109627138633665,0.18562105045063712,0.37810007251631617,0.09925810230378758,0.23070866769198894,0.21462438938871137,0.180183123620397,0.41441719991393666,0.263431854584864,0.3947979504179649,0.19587055439122153,0.22769963901218435,-0.10728908509909235,-0.10421152451609304,-0.055960283371450883,0.2626732223541506,-0.19691128306066666,0.42395269704914373,0.4042218839898318,0.43384360382184894,0.17797575883145136,0.28195459362972053,0.2946505271378368,0.23128879822135806,0.240233008470862,0.3062499501948378,0.10783893408984055,-0.006843627728326786,-0.11989895528691757,-0.3010941198033294,-0.18367028185737394
#50,0.13086565356326052,0.17270039605064985,0.2532174134784722,0.20565149136577707,0.09418514770218904,0.18041103204264916,0.2734725752854832,0.2851516866020129,1.0,0.3926097108113062,0.25528930822621904,0.27970100965024824,0.2894723840336603,0.13344436564161002,0.10357879973543498,-0.25665516499454133,0.3092653539354047,0.32347217684418555,-0.08146052642064244,-0.2924654750615592,0.13262517033365473,-0.2579014893735706,-0.14183872690036578,-0.08394042505717633,0.07529106136792867,-0.09226944194311852,-0.2281761748041661,-0.31044792770681096,0.10311660783016838,-0.04673397668321526,0.11710667867303111,0.04825602244021388,0.3503844958522261,0.17967471252460376,-0.2897417303508674,-0.04846480568017914,0.19143191833547163,0.1538732478543936,0.11607551259472942,-0.11991329917363275,0.08182231111890285,-0.15099968921578782,-0.022245774530038488,0.03987919259855446,-0.1810373817625449,-0.16425503430579572,-0.06212337336340237,-0.17396584561196599,-0.2160954346596116,-0.42857461610180975,-0.006019651124799783,-0.25317756934870783,-0.018516363984094224,-0.19097450772577676,-0.1300751460287356,-0.09380105029126058,-0.008971304257743706,-0.35456016065153123,0.012456868729530078,-0.21472639036090813,0.23029747627282074,0.2934870785487174,-0.054516332108790415,-0.0007618197610945979,0.047106917737809686,0.08385276797169473,0.02371681980093873,0.027058945405573395,0.2245615153519432,-0.009333088956004112,0.2522133414084103,0.1666106192574648,-0.043391851078580596,0.04421742144729817,-0.26136792866307007,-0.30374295755006414,0.23133979870745644,0.08973057399453338,0.10847962769645147,-0.07130664839149248,0.0822621903115014,0.12280598299452541,0.17411087824430826,0.28501143526524236,0.2411510172206329,0.06057263983297341,0.26591972204735076,0.11142809329901425,0.12562057232107993,0.06842033963136211,-0.012142896986986907,0.18561945668544652,-0.07992094924654751,0.25898843723354237,0.3051900963431058,0.22043685103873648,-0.11652336061328085,0.4056004908796787,0.312129349982867,0.270963988875519,-0.0008255703687175768,0.3335033349536613,0.21210783415279427,0.3410004064101236,0.40056419287746337,0.305900915618102,0.24922025038051143,0.20358756544398313,0.041874586617153695,0.08902294224991832,0.19392456709353012
#51,0.5505661850839516,0.3739817832638717,0.7412745340229024,0.657664018360175,-0.12666926981647794,0.01717122616324937,0.5159671365617704,0.3485468845874937,0.3926097108113062,1.0,0.5833148722198759,-0.04551793384280694,0.10555347480655675,0.3673023133501741,-0.07736454988086605,-0.1848225740901593,0.7455713249766912,0.35909123508833446,-0.41008534612595526,-0.5133565491796094,-0.20948768417948985,-0.2555634358389978,0.4527376901561093,0.4077727928344317,0.3090007889137693,0.21887655491716407,0.1028902931731068,0.11639585939803489,-0.2180111404186821,-0.24658097522492012,0.1901728438349178,-0.16302146004829107,0.5752886707201428,0.30786443433288974,-0.38206695407565605,-0.38907952091418374,0.14137175369952745,0.10448087083330013,0.03402688681876499,-0.16521766848090272,-0.12168715983074213,-0.2828885400313972,-0.28056164285315843,-0.11502044003856912,-0.03882252627720358,-0.03150714405246675,-0.033854760178182945,-0.015720899839826597,-0.05217030974826479,0.02390966538899824,0.25370351186159745,0.2669285754129844,0.40359872180031714,0.17674059080875615,-0.002248802683900581,-0.027486074476647356,-0.12252707408617489,-0.16016224529640047,-0.1287188518515567,0.13001617671668433,-0.06009929157137279,0.021350078492935635,-0.08994413853007037,-0.09585860115229224,0.009889313007514602,-0.04947684657619393,0.18187888978316824,0.05475380312218601,0.17122775701455906,0.017807138474288584,0.4608244547330842,0.3228968276103882,0.18783479030034506,0.08453171194287945,-0.3506841237080541,-0.15573795312736574,0.022821123763835875,0.05022272868538278,0.3118504410745165,0.0603734191841516,-0.09932982173736343,-0.2807273944329782,-0.21528898947318093,-0.022797217285977257,0.014241885742973488,0.0922455354652599,0.0646128345910797,-0.1732964642319247,-0.16755572201547547,-0.23457832957470376,-0.3231693614579764,0.1617910733211676,0.09907960060244324,-0.028907713026639786,0.038529273482137874,0.46048338898230123,0.14327470933707337,0.5256412912685574,0.5872578473013571,0.45009841500051795,0.5353887591741109,0.38935524229215307,0.14479834885926257,0.411310951557507,0.43828223987759884,0.38803560471435744,0.31407214975017733,-0.07349170046777008,-0.019115619695750225,-0.30981042163058115,-0.09619488560750344
#52,0.6138291005586147,0.1355688546406458,0.6921897536835898,0.45688626094717466,0.22953406274653557,0.0786411557985162,0.18545529887081735,0.6106304138211317,0.25528930822621904,0.5833148722198759,1.0,0.29900469363848625,0.3593207372757772,0.23577205970244403,0.0478241120735682,-0.2480536142610109,0.7576520651212457,0.4699535417446948,-0.11436062124967128,-0.43381013475284685,-0.16112487947150747,-0.15624158292758727,0.37857979583867907,0.23959390862944163,0.2323534333686618,0.036320314928001654,-0.05912390727474121,0.004602793870379077,-0.021093482297253146,-0.0478990190375252,0.431779677900055,-0.0025643681916343265,0.5576281586433871,0.034412577994884015,-0.10803974850385292,-0.09209094024177418,0.05217509104383651,-0.08416195841866618,0.13899863733076206,-0.28259050594075974,0.17746575397046754,-0.05112320601805736,-0.06205006016463594,0.016264373769812494,-0.13193347624094542,-0.2798763238212114,-0.14091115555945144,-0.14789025332897704,-0.1292750759030672,-0.11425702651228395,0.326766489493103,0.3215198144857318,0.3158252914598092,0.22412960498529752,-0.00482113970148778,0.017207882762632583,-0.16495150969407676,-0.4186566153208648,-0.2769916088262716,-0.0576448931778881,-0.20514945533074613,-0.08389579963184024,-0.16958299133788618,-0.1752089824606141,0.17793113340611527,0.10995545426292344,0.03366510212050459,-0.061135238945246195,0.10514865844815083,0.08815115269067408,0.57949780458845,0.5093721362031732,0.09130840153320212,0.3517933842806939,-0.40550964626381597,-0.19314362215014863,-0.013628286144602316,0.15046896540732654,0.13693311764377755,-0.07520021675206592,0.4208783239965256,0.12503725426132967,0.2940974906167074,0.09259138251161457,0.2287323988556766,-0.010882228721242499,0.12172381643012535,0.3188661954434253,0.13793559594864888,0.32840009881344184,0.07065798595892867,0.10208703551705728,-0.0429169090517894,-0.2116376734215748,-0.14609407995919962,0.4874339583549156,0.040253727418339456,0.6047557953286742,0.5238291802468742,0.5418498832566998,0.3841786929531672,0.5977639474376241,0.3884818589677183,0.5047741236283658,0.43357266373945125,0.3650933547960379,0.19754560160651533,-0.15389715433225223,-0.22596721625002988,-0.5434643673947517,-0.22872921132529545
#53,0.19314362215014863,0.2815067456111691,0.20879917761716166,0.17501773063774514,0.8523886555793735,0.6494959717584808,-0.31579819745156945,0.34567970100965023,0.27970100965024824,-0.04551793384280694,0.29900469363848625,1.0,0.8106606953597526,-0.45992078987002843,-0.055904501589780775,0.049307907465993034,0.07881806373466997,0.34356318083656734,-0.07057032887344708,0.023275346843149598,-0.14176063240602763,-0.1784299819107651,-0.29472862163217495,-0.2633808540987656,-0.37087394114225153,-0.4379045175274327,-0.4089394289539322,-0.3071424587015595,0.34889910669461066,0.38572305142283386,0.41122170070683484,0.2575205794930233,0.1744583190558535,0.07795105547099745,-0.04438317302711792,0.35536979336834307,0.15343496242698562,-0.11759277705615631,0.11619185745364136,-0.19375881551371035,0.42212942967112654,0.38723075329311735,0.49101196120775525,0.08730645713966961,0.24321175561204567,0.06641697678681,-0.2521511845659779,-0.18927874156300553,-0.23838742838017674,-0.18139597893042417,-0.3319972268485684,-0.17574926886021883,-0.1894668058554933,-0.13896357449656943,-0.25603997163097963,-0.13693949270453984,-0.2524332810047096,-0.19360262652503407,0.026438970746439926,-0.10758711918972978,-0.01606355935580011,0.13704468120711777,0.0860649140562121,0.04606937659874571,0.09170046777008344,0.07769286551012439,-0.3964953103459267,-0.4671517025396648,-0.16785056857573175,-0.25222290399955377,0.03143223708850975,-0.09922303946959495,-0.2787782196049056,0.030421789957685533,-0.14029277466550852,-0.16952880332140666,-0.16155678983815314,0.05597143972778491,-0.3716692299723482,-0.27622182023922415,0.6241630740542996,0.8147263903609081,0.6477747053526604,0.6573149837834392,0.6344141717600746,0.004468917594370821,0.11474153113021858,0.7663157726972085,0.7182892524444373,0.8032257807457227,0.6582553052458782,0.262746535552917,0.16826016622970938,-0.041557427344229375,-0.08314194869669851,-0.07025157583533218,-0.21726525830949325,0.11774737227964203,-0.08750249025811027,0.06432595685677629,-0.03450979767150906,0.46786252181466104,0.49170365530046456,0.24345878921658473,0.22618556208113857,0.06968578919267825,0.3256412912685574,-0.03140036178469826,0.13263313915960762,-0.2593502219318028,-0.20237949142952769
#54,0.25184199411900643,0.2978667452924161,0.35519607296257044,0.36267401923674586,0.7249766911840878,0.5762895552598236,-0.235000677350206,0.38127485277594053,0.2894723840336603,0.10555347480655675,0.3593207372757772,0.8106606953597526,1.0,-0.353871654089203,0.03434085856130816,0.10431352548828982,0.23204902421726206,0.3210161846855103,-0.21043756823307222,-0.1605861868370933,-0.3123986963000741,-0.2508140155710859,-0.06440723888149559,-0.029296591733139955,-0.20887567834630924,-0.318099594386759,-0.30556144363250964,-0.18620436851038735,0.10702770760783814,0.16150100805648304,0.24421901521248873,0.0071575994708699565,0.2915538413725506,-0.05557618596052244,-0.24135342539983584,0.1270533672274064,0.017034162356859964,-0.24583987441130298,0.02219955533951183,-0.29315398162388734,0.39062706691423155,0.2206041963837468,0.39171082724382217,0.09965335607105005,0.17196248276741388,-0.019318027874953184,-0.1587884197021253,0.038039987568631514,-0.19765875893504609,-0.07010813696818048,-0.14989680370391031,0.0020049566097426865,-0.07061176676840202,-0.09822534246029532,-0.2827737889376758,-0.19152595048171553,-0.18943652431687238,-0.26437217604730295,0.010362661269115222,-0.13416474750774968,0.1164197658758935,0.15933189363211117,-0.0021292702946074955,-0.025090645395213922,0.10734486688076246,0.05010479006128027,-0.38154260532795703,-0.48870737674218456,-0.14435687590147345,-0.28920622524683437,0.24653953732996517,0.0011251982245455777,-0.09333567085561284,0.07193299811138824,-0.24507327335463666,-0.21106232418777743,-0.0362677206767127,0.12399015053112225,-0.33770928129158734,-0.24432898501063838,0.6415749587613256,0.6379730494306274,0.7463267696770235,0.3895974946011204,0.4508937038306146,-0.010297316896301667,0.04428276582011172,0.6565420076660106,0.6402664775398641,0.688780689940951,0.5712436946664647,0.21023834758425042,0.16980930599494776,-0.006582250237072572,-0.09404649013060906,0.03701997784666385,-0.08455880595111923,0.24695551004470512,0.12175569173393684,0.12659755038290207,0.10587063407948107,0.48780211811393825,0.3875383499748982,0.3220951637195292,0.2366502243224506,0.15123556646399286,0.348755667827459,0.010136346612053647,0.18740447369888993,-0.23842886627513168,-0.19687462646128345
#58,0.03155017571261226,-0.17474200925977576,0.18820932512013006,-0.09388392608117047,-0.4687789367992414,-0.47060220417725857,0.7463777701631219,-0.0009291651061049175,0.13344436564161002,0.3673023133501741,0.23577205970244403,-0.45992078987002843,-0.353871654089203,1.0,-0.0445648622588434,-0.20215636430284725,0.3716293858425838,0.134545657388297,-0.10456055909282885,-0.3412968467355704,-0.026494752528110035,0.022910374614508046,0.3565762736176079,0.3571054036608786,0.4319087728804915,0.4219557092653539,0.06394504697622899,0.06033995011514953,-0.21503717457307014,-0.35247232825187863,0.12980739347671907,-0.1647443202193021,0.2607862043685104,0.17126122608356112,-0.13366271147271871,-0.31431918335471637,0.18284311772346581,0.2833379818151392,-0.11068539872020655,0.03302918980946537,-0.3703798739331734,-0.4212385149295954,-0.4935189538525289,-0.04540318274908558,-0.12794587573412808,-0.18829220091003993,-0.07279203754910789,-0.09964857477547832,-0.047363513933492175,-0.18269649132593296,0.3233446756289396,0.18817426228593742,0.25707910653523414,0.06669269816477938,-0.0833555132322355,-0.06465108495565348,0.017550542278606092,-0.14071671620620135,-0.0651180581564918,0.025120926933834838,-0.012992373833563102,-0.17457307014957485,-0.052214935173600874,0.11969017204695233,0.027650232291276527,-0.07658838623305628,0.7414339105419598,0.6793997880292296,0.3838487835587183,0.38733594179569525,0.385254484456805,0.44266987544725034,0.19037365824893018,0.07791599263680482,-0.22385707113770928,-0.11310632804468918,0.06806652375905457,-0.0015045143399023022,0.6090079608571269,0.2951621257640112,-0.2397580664440708,-0.5613607567197125,-0.3702619353090709,-0.2775478328777821,-0.12465475061559181,0.12796818844679614,0.07720198583142746,-0.48594378790172843,-0.47512212225772776,-0.3587198877989306,-0.4635673246260628,-0.008764114782969025,-0.013126250109571356,-0.07269481787248284,0.03773239088685064,0.2637490138577883,0.17030974826478815,0.28393564376160463,0.37762672425471555,0.23758098319374607,0.1746463833483413,0.098207811043199,0.06541927977751039,0.19061272302751636,0.1066181099538605,0.15942911330873621,-0.21509455011993084,-0.029274279020471913,-0.21734972786459372,0.012018583302122098,0.18379459554223876
#101,-0.2040210695758194,-0.17329487046673414,-0.10417646168190041,-0.08707854871741746,-0.08988038792244739,-0.09018957836941884,-0.03319812891966627,-0.1949111077464957,0.10357879973543498,-0.07736454988086605,0.0478241120735682,-0.055904501589780775,0.03434085856130816,-0.0445648622588434,1.0,0.43546446302066316,0.037514045055741935,0.06983560312059224,0.3452127278088119,0.11304417120225677,0.3683350731936664,0.24926806333622867,0.24885368438667932,0.0762122576480807,0.3085130967654535,0.07622500776960531,0.13102821761269912,0.02151104877718366,-0.03613225063551387,-0.07176565276637793,-0.3193714190088374,-0.23141151814103228,-0.17938783479030035,-0.14920192208081984,0.04749579644430986,-0.015453147287810087,0.02642622062491533,-0.07164930790746599,0.4409390464502865,-0.044195108734630124,0.1018543457992334,-0.02437663858983656,0.17136482082094845,0.09590960163839062,-0.27039182717210275,-0.3320434460390951,-0.09435249304719935,-0.02663659763007116,0.010281379244395924,0.025455617623855478,0.05413064093267139,0.040510323614021945,0.08178246698913849,-0.09036967383595375,0.3950529528484568,0.10178262636565755,-0.03035644558487198,-0.21941206002119706,-0.07697726493955645,-0.11951485787598913,-0.3643187849134187,-0.36904748623385314,0.05579771932201229,0.14612117396743937,-0.23266899887639553,0.1330714245870156,-0.06073361011722143,0.06507821402672745,0.38303596331152534,0.15236395221891957,0.22802954840663325,0.139201045509965,-0.08907234897082612,-0.1870395014702484,-0.11572488425280303,-0.3659237064603272,-0.0709990517097116,-0.30198344077966993,0.17916152013323877,0.01805895337439935,0.11138346787367817,-0.005560646749914335,0.13544613472097156,-0.19447760361465946,-0.26245009522747015,-0.6585405892149909,-0.374040752575923,-0.039783566687119985,0.08192112456071847,-0.015091362589549682,-0.060873861453991984,-0.45502793073496484,-0.27124608531425065,-0.21805895337439934,-0.2140362900333894,0.21924630844137732,-0.03697535242132777,0.0029389030114193274,-0.11503000262971257,-0.15432747093370733,-0.016882754663755387,-0.018239048840934264,-0.1638438428866275,0.05156946027141821,-0.17842679438038395,-0.15640095944664473,-0.14845125867605927,-0.26468933532022726,-0.28109077289642914,-0.16811672736255767,-0.040653762481173646
#102,-0.15950242650750265,0.2113189203834599,-0.055501278996565435,-0.12339726988022855,0.1007307413398784,0.1472814350261776,-0.18128600913227455,-0.15356724493780333,-0.25665516499454133,-0.1848225740901593,-0.2480536142610109,0.049307907465993034,0.10431352548828982,-0.20215636430284725,0.43546446302066316,1.0,-0.1533552741674569,-0.0913147765939644,-0.0316601455107619,0.3956729275075903,-0.10614794922264102,0.3936759397238005,0.222502370725721,0.20507295460159855,-0.10280741738319693,0.02793711002557993,0.047220075066340475,0.12628995370112123,-0.13791487700117142,0.09689295476097506,-0.15276558104694435,-0.2064993744471627,-0.28799974499756953,-0.12342117635808716,-0.2740606746408052,-0.04983703750926376,-0.13189363211118105,-0.24144745754607974,-0.018698053215819712,-0.03515686633888229,0.05910796962283547,0.24452342436388846,0.22886786889687544,0.04038282239877599,0.05925459602036832,0.1368470543234865,-0.010381786451402114,0.05091282901290153,-0.02483723672991258,0.08874722087194893,-0.3199053303476799,-0.0111069496131135,-0.14991274135581606,-0.0006630063192789806,-0.02518467754145782,0.01572886866577947,-0.20495182844711488,0.0924766314178932,-0.06277362956115676,0.0005339113388424483,-0.24781454948242476,-0.3336085234562392,0.23976125397445194,0.27167640191570575,-0.24169130362023764,0.18160954346596117,-0.165448764433536,-0.1754831100733929,0.08705623600474942,-0.0020782698085091123,0.14851979057925396,-0.06481683653547322,-0.03754432659436285,-0.1875447250356605,0.06221899927483684,-0.08311644845364932,-0.2483102104566934,-0.43184024097729684,-0.1579389428555491,0.15775406609344245,0.07417383196933595,0.15739387516037262,0.16252579907402243,-0.033041939930989965,-0.0918215939245671,-0.3351385380391907,-0.4230713448987561,0.06530771621417017,0.2351759915211692,0.11082883758735826,0.16128266222537432,-0.3021842551936823,0.09691686123883368,-0.26656360318434286,-0.2903585174796197,-0.01477739084700651,0.09029476687199675,-0.23811170700220735,-0.27308847787455476,-0.32563013491222337,-0.10747874315677071,-0.10278829220091004,-0.11647236012718246,-0.2100008765708548,-0.40025978372606363,-0.2904652997473882,-0.21291587310441554,-0.3242260277793273,-0.16979177457785144,-0.09591597669915292,-0.10580688347185808
#201,0.5118727537871846,0.13936679708978475,0.8182007984763605,0.5007737730000239,0.09312210632007586,0.13070627704420307,0.360654718740288,0.40232211588266703,0.3092653539354047,0.7455713249766912,0.7576520651212457,0.07881806373466997,0.23204902421726206,0.3716293858425838,0.037514045055741935,-0.1533552741674569,1.0,0.5901744376001083,-0.21998103419423215,-0.5806277841085673,-0.34593629720533275,-0.25777398815832464,0.5043661197395788,0.3981480448485525,0.28932735140131804,0.1677405987775821,0.11295810788196575,0.057386703217015035,-0.0017292352317733028,-0.03950465777876946,0.4589310616866817,-0.00705878602905434,0.7119094103865677,0.09784283881455745,-0.23535927451808525,-0.21800476535791982,0.13614101634406203,0.05266597072253345,0.0551410880634956,-0.31107268366151614,-0.05363497995840273,-0.10523153423806071,-0.07910812899935453,-0.019077369331176437,-0.07968825952872363,-0.16717481213492816,-0.09111077464957087,-0.05821067982054204,-0.04522786857812239,-0.06349082389691527,0.32800803257656047,0.24417598355234324,0.4064164986572528,0.06682179314521591,-0.16218792085362063,-0.20582361800635912,-0.2713560551124003,-0.4578393325311382,-0.19160723250643483,0.02888858784435289,-0.1066117348930982,-0.03435838997840448,-0.17726812708683629,0.00858401931643411,0.2172445393620158,0.11836415940839436,0.189610244722645,0.007752073886954235,0.13219325996700906,0.08567603534971192,0.609779343209365,0.5298249248938154,0.13832606842033962,0.23490505143877152,-0.5901664687741555,-0.3764441504833093,0.02301237558670481,0.04849030592322833,0.35436412753309054,0.12971336133047517,0.19498920224083385,-0.0556224051510491,0.04848233709727546,0.11058817904358151,0.10994270414139885,0.020975543673150635,0.04714198057200233,-0.018305986978938392,-0.007527352995083235,0.04776036146594522,-0.05931994039318187,0.07102933324833252,0.06546709273322761,-0.12017467666488696,-0.0590059686506387,0.6248452055558654,0.12484122114288902,0.7244284359585302,0.5316258795591645,0.6520635274804963,0.5847253544135342,0.6805138298974412,0.32840488010901353,0.6437058228211238,0.49008279610165034,0.5328419223995728,0.3291937938783479,-0.2453569635585589,-0.2736925148817825,-0.44250093633704946,-0.11122090382423958
