,#10,#11,#12,#13,#17,#18,#26,#49,#50,#51,#52,#53,#54,#58,#101,#102,#201,#202,#301,#302,#401,#402,#501,#502,#601,#602,#701,#702,#801,#802,#901,#902,#1001,#1002,#1101,#1102,#1201,#1202,#1301,#1302,#1401,#1402,#1501,#1502,#1601,#1602,#1701,#1702,#1801,#1802,#1901,#1902,#2001,#2002,#2101,#2102,#2201,#2202,#2301,#2302,#2401,#2402,#2501,#2502,#2601,#2602,#2701,#2702,#2801,#2802,#2901,#2902,#3001,#3002,#3101,#3102,#3201,#3202,#3301,#3302,#3401,#3402,#3455,#3501,#3502,#3601,#3602,#3701,#3702,#3801,#3802,#3901,#3902,#4001,#4002,#4101,#4102,#4201,#4202,#4301,#4302,#4401,#4402,#4501,#4502,#4601,#4602,#4701,#4702,#4801,#4802
#10,1.0,0.5858680840551761,0.5912263226258875,0.4577580505064189,0.3123875399437401,0.10337320402585087,0.3237128353879623,0.6547856784259976,0.1950370151965511,0.5023069751133565,0.5402114926407893,0.09554781694013022,0.19051869088127246,-0.06889050036258158,0.17026512283945205,0.22822876905545506,0.48543059551036344,0.2678051462678004,0.23319812891966626,0.04049279219692563,0.23602546836774538,0.22293428109236665,-0.05655794531791631,-0.010453505884977966,0.15831666520571525,0.09015132800484504,0.18985568456199348,0.07702985919084541,0.2013802006550375,0.016289874012861687,-0.10128059033062659,-0.34285714285714286,-0.1269210847165887,-0.2810158659324722,-0.22809808030982795,-0.21876499135382385,-0.2761931324657938,-0.20540286399604746,0.1216584720573118,-0.12866785136545833,-0.030998732956673495,-0.18893448828184142,-0.2282080501079776,-0.18380415813338222,-0.26213293595454584,-0.16677796460247513,-0.1291316370359155,0.047398576767684816,-0.22292312473603265,-0.09596857095044187,-0.32109268541465785,0.041149423455442306,-0.1430531759755835,0.2974507725776761,0.177486472917945,0.06880443704229056,-0.24983703750926375,-0.09796077743865997,-0.4414060196511248,-0.4604897640430635,-0.6238602586680905,-0.6651260269824447,-0.19743085051279394,-0.043670759986931124,0.3062882005594116,0.3576568464168174,-0.22824630047255137,-0.1506331232219557,0.5388057917427026,0.4018455800906852,0.4761564758664106,0.5212424993425718,0.5091251025986342,0.3987138314912064,-0.1922893640080007,0.0333893807425352,-0.45400951477818774,0.02145526699551355,0.08577644255671812,0.1461195802022488,-0.08297141582130704,-0.018968993298217374,0.20565149136577707,0.18494848154021468,-0.08507040457729363,-0.6695248189084302,-0.6935205476177195,-0.2363410338754791,0.10933866713417112,-0.22113651395739867,-0.16437775422546996,-0.40608340173242274,-0.37622899218258177,-0.288106527265338,-0.44193196216401437,0.3696802110145112,0.10918566567587597,0.057770800627943486,0.17161663572105923,0.1790403939787551,0.2163568121508658,0.13577285658503932,0.06448533337583374,0.0736781709950673,-0.016154403971662856,-0.016551251504115898,-0.08511662376782028,-0.4806078620436851,-0.12224179011706206,-0.6232610029564344,-0.5050386886500012
#11,0.5858680840551761,1.0,0.4227876546948338,0.26531727880531364,0.25870155949923895,0.19826598347265498,0.28900062953725025,0.5916247639235311,0.22544924256309318,0.368680920240021,0.5443265943628525,0.046263815951995794,-0.030550884938122067,0.18591111571532165,0.17608714708062062,0.01727163337025556,0.3868928750727155,0.23181155320386648,0.11284813808381611,0.17437225573556248,0.2491118743475524,-0.09545378479388632,-0.10437408856553164,-0.16596992565085386,0.12084565181011882,-0.15520244802333272,0.16968658607527354,0.2058634621361235,0.08492696571014192,0.05722413916757644,-0.06892396943158365,-0.026164843133661117,-0.07844352891488497,-0.008454924335997578,-0.10434699455729188,0.018035046896540733,-0.09315557538907793,-0.11511925348038474,-0.040395572520300585,-0.21805098454844649,-0.06371235725840511,-0.027691670186231462,-0.34226426220624917,-0.18893608204703202,-0.28489668417152103,-0.295649817912327,0.0687024360700938,0.10747714939158014,-0.05072635848560431,-0.04700172923523177,-0.15621289515415693,0.2577261752026074,-0.03170317717090741,0.35028568241041047,0.057675174716509015,-0.1430165193762003,-0.36307405429958006,-0.2641219549123828,-0.2898676378009228,-0.2671357648877591,-0.4451832431527863,-0.3576504713560551,-0.15960761501008056,0.13193347624094542,0.13022017866107785,0.24175505422786062,-0.032699280415016456,-0.3461100176111054,0.5532867422642622,0.49665707751277005,0.5823363003928631,0.5419072588035605,0.2954872538628884,0.34917004677700836,-0.11029173871813466,-0.07753667652144809,-0.33163066085473625,-0.16913514331933477,0.08820693447234419,-0.09148690323454646,0.04165305325566384,0.08176174804166102,0.10082636725131286,0.08883487795743053,-0.027635888404561357,-0.49099602355584954,-0.4480520204958203,-0.3944935412665652,0.10170134434093825,-0.1986707998310609,-0.07878459466566791,-0.1930017770481875,-0.2601566671182335,-0.3605670616548064,-0.17951852353592745,0.2604658575652049,0.05127301994597136,0.056132410012032924,0.23388822924718503,0.12135725043629322,0.17315621289515415,0.1363418307580744,0.31229669532787735,-0.05209221525392664,-0.019818470144793567,-0.03276621855302058,0.0133732837141104,-0.2240435416650065,-0.13318139438516524,-0.36457856863948235,-0.3437544326594363
#12,0.5912263226258875,0.4227876546948338,1.0,0.5828239925411789,0.09443377507191865,0.22905433942417264,0.15390034186263338,0.30337798532142257,-0.012117396743937716,0.49568806827690076,0.49409111555594515,-0.029908597566320555,0.1141853070787081,-0.09097689837356263,0.029039995537457466,0.09434611798643706,0.6130832184494258,0.5830519009634311,0.09740774091753061,-0.23297500179298583,-0.008199921905505662,0.011210544350500841,-0.1316051606116871,0.06219987409254994,0.1396457059981353,0.16118544254874928,0.203370813378065,0.09255313214704078,0.23694028958713512,-0.10070045980125748,0.1330092677445832,-0.023170158340571685,0.16009371339320577,-0.020787479380662846,-0.24083545171289913,-0.1783726063639044,-0.3931069655507654,-0.30385770864378553,-0.1497645211930926,-0.15980205436333064,-0.1744710691773781,-0.1982516395859398,-0.24886484074301332,-0.06893193825753652,-0.28308138561945667,-0.2704858593183466,0.020589852497031613,0.09971391914829188,-0.0994254476487979,-0.12245535465259903,-0.00968212353273992,0.14909035851747962,0.020269505693726143,0.39099363290806366,-0.014595701615281021,-0.23741841914430747,-0.43637769047486236,-0.31959295237032725,-0.09542031572488426,-0.25938369100080483,-0.4216465188183825,-0.41382591302823357,-0.2564416004590044,-0.03531943038832089,0.4722358134975974,0.3703161233255505,-0.2679198973615217,-0.33404362135326604,0.30116424547171466,0.15335368040226632,0.33945126664488523,0.3528070189418993,0.0797344787192503,0.18892333192550742,-0.40030281538620915,-0.20270461952840488,-0.4879551195722334,-0.1392217644574425,0.17182860649140563,0.11350476934233279,-0.17002127676529416,-0.09774402537274184,-0.08388145574512507,0.02414554263720326,-0.3363689247663142,-0.4197467507112177,-0.3507909059758226,-0.0378598921020966,0.21327287650710422,-0.18149160484185864,-0.026207874793806627,-0.09995776522244977,-0.08810493350014742,0.07804030632166963,-0.16187394911107747,0.5503223390097937,0.2845827124289778,0.487881806373467,0.5592027986516747,0.3582624771892357,0.47346141892914917,0.45738032815625274,0.28085489564822413,0.37060300105985383,0.222363713154141,0.19853054849429033,0.25614516013355754,-0.3095586067304704,-0.00489604666544478,-0.30727792874275833,-0.16992405708866912
#13,0.4577580505064189,0.26531727880531364,0.5828239925411789,1.0,0.19768744670847643,0.2752958426635004,0.3785750145431074,0.10006454749021827,-0.11425065145152165,0.6800436691662217,0.44062188717736217,-0.03831092765102918,0.19950274526054076,-0.11883113260923268,0.042312872044561675,-0.0391333104893656,0.6475563595215517,0.20410394536572926,-0.09083824080198265,-0.2799097928902135,-0.13629083027197603,-0.1594609886125477,-0.1971838169082549,-0.25943469148690324,-0.08722039381937859,-0.013339814645108337,-0.16392671867653738,-0.2463435042115245,0.17076556510929244,0.11957860848361211,-0.02358613105531162,-0.0024496170979129645,0.033977480097857185,0.11715927292432006,-0.11509056570695439,0.09317948186693654,-0.14428196893751644,-0.07897425272334627,0.029532468981344977,0.1252364749101515,0.22363713154141002,0.0855644717863717,-0.14764162595924743,-0.08549593988317701,-0.08044370422905593,-0.2479181442198121,0.014769422021053639,0.15431153328180158,0.01132051414865048,-0.1609846281347369,-0.0805393301404904,-0.2172254141797289,-0.11080971240507136,0.06219987409254994,-0.05995904023460224,-0.0331519097291396,-0.2646064595303174,-0.31386814780578376,0.1731785256078222,0.08928113221079138,-0.2659181282821602,-0.2197738447194575,-0.13664942743985528,-0.1407246850321542,0.28548318976165243,0.1064555459044219,-0.17016630939763644,-0.17749762927427903,0.012016989536931524,-0.03373204025850871,0.18875279905011594,0.21683494170803816,0.15575548454446206,0.24618412769246706,-0.18772322673700484,-0.08241519176979656,-0.2092342755141885,0.06331072843038035,0.12789168771764856,0.07659157376343743,-0.21730350867406706,-0.18844679613352563,-0.16839882380128934,-0.18908589597494602,-0.3881439807473165,-0.24502386663372885,-0.0834304201961925,-0.09767389970435655,0.1589238897433241,-0.20191411199387993,-0.0071432555841547864,-0.009750655435934624,-0.08851612491931564,0.17683302918980948,0.1504657778769454,0.33362764863852606,-0.07188996645124274,0.24354485253687574,0.057793113340611525,0.194981233414881,0.21442995003546128,0.19883973894126178,0.15382543489867637,0.25254643833324036,0.04967447345982516,0.12007108192749961,0.10950282494880029,-0.148253631792428,-0.08591669389348867,-0.1017603136529895,0.1664544302687885
#17,0.3123875399437401,0.25870155949923895,0.09443377507191865,0.19768744670847643,1.0,0.6922104726310673,0.11494234554423097,-0.04139645705998135,0.20574233598163982,0.10961120098175936,0.08893209763405557,0.5065384216943317,0.2774314880188702,0.1590737036712381,-0.24189849309501232,-0.10919522826701943,0.017177601224011668,0.18352206169465052,-0.1973097243583103,0.013132625170333655,-0.29218497238801805,-0.10853859700850274,-0.3129039198654862,0.07646566631338204,-0.39528245503589954,-0.007301038338021659,-0.12382599271649308,0.11940170054745834,0.12387539943740089,0.44910071799121837,0.13987042689000628,-0.10715680258827467,-0.03291922001131573,-0.17627043007753668,-0.17101259871383148,-0.010125190255719625,0.01326968897672306,0.05818358581230227,-0.4204719138729291,-0.13364199252524125,0.09579963184024098,-0.019563467714301654,-0.09525615791025509,-0.2687406864346676,-0.05952712986795655,0.14559363768935923,0.13446596912876826,0.41551211659986137,-0.1318474129206544,0.23615775087856306,-0.005783773876594761,0.2703073576170023,-0.03736423112782794,0.05278072181625481,-0.3951182972212704,-0.17960139932583732,-0.3174238379459554,0.0315788634860426,-0.04702244818270924,-0.10786284056769917,-0.13473372168078476,-0.07421208233390975,0.364699694793966,0.163650997298568,0.04981631856178629,-0.006958378822048148,0.30629616938536447,0.13991505231534238,-0.04667660113635458,0.22446907697088989,0.14127931531847412,0.09669851540772498,0.10369355082915634,0.2867422642622062,0.06328044689175943,0.06593884722963765,-0.12358374040752576,-0.11171975232888938,0.16260070603797944,0.01704053741762226,0.048644901146714055,0.10896413231438612,0.010306879487445115,0.23986484871183927,0.45582481333025204,-0.06263337822438621,-0.11016264373769813,0.02310481396775813,-0.000819195307955279,0.08663866952481891,0.07760042712907107,-0.04815720899839827,0.16616595876929452,-0.07629672720318116,-0.17074006486624327,-0.1600490879678697,-0.15331702380288312,0.08579716150419558,0.2041453832606842,0.17069703320609775,0.19835045302775542,0.34015411709392857,-0.03596968658607527,0.08094255273370575,-0.03840974109284479,0.12190709942704141,0.03645737873439106,-0.097458741403629,0.03440142163854999,-0.08126289953701121,-0.1257034481109898
#18,0.10337320402585087,0.19826598347265498,0.22905433942417264,0.2752958426635004,0.6922104726310673,1.0,0.03908071623807664,-0.1444461267521456,0.03375116544079561,0.1740088772721115,0.08894325399038959,0.5477101578624421,0.3658424244356079,0.1557602658400338,-0.18878945564949917,-0.12475197029221685,0.22080182326737802,0.32299882858258494,-0.13914526372829492,-0.12172062889974421,-0.300443863605575,-0.19138729291013554,-0.21730350867406706,0.12781199945811983,-0.42064882180908286,-0.10612723027516356,-0.11883113260923268,0.11687398895520723,0.36000127501215246,0.48565531640223447,0.26094239335718666,0.14072946632772593,0.13444046888571906,-0.028529990676473636,-0.07462486751826854,-0.07798133700961837,-0.003463251759118329,-0.035891592091737125,-0.5298201435982437,-0.20875136466144442,0.16787606881878092,-0.09261847651985433,-0.10199300337081338,-0.19156898214186105,-0.05835889998326547,0.12192622460932831,0.2598952896269793,0.5275235279586259,-0.08220959606021244,0.2548558040943828,0.16839723003609877,0.3180740941437098,0.10969248300647866,0.19879033222035397,-0.44685988413327066,-0.2250428324394967,-0.4243160755125947,-0.20520842464279737,0.004515136784897481,-0.09947326060451514,-0.12932288885878443,-0.06258078397309724,0.19502585884021706,0.0715489007004598,0.01701184964419192,-0.10962554486847453,0.21262580783973098,-0.07007466789917842,-0.03543258771685168,0.17313071265210497,0.1785606706563922,0.02412801122010694,-0.012769246706882675,0.22279721728597726,-0.17278167807536915,-0.21614962267609114,-0.27332276135756917,-0.20294368430699106,0.3499350540684841,-0.0014184510196112807,0.06336013515128816,0.21734813409940312,-0.0269712883200918,0.21922240196351872,0.20866689510634398,0.0005753492337973846,-0.046749914335121004,0.21510092518069313,0.09105499286790077,0.15938130035301898,0.13907673182510022,-0.0024655547498187093,0.2194359664990557,0.04502705416411,-0.04535855732374949,-0.09173871813465723,-0.06936066109380105,0.19784841699272446,0.29083345950641093,0.22031891241463394,0.26678194901545155,0.43903768457793113,0.1495286439448876,0.13962976834622956,-0.094013021061607,0.26213293595454584,0.16954952226888412,-0.18916399046928417,-0.013336627114727188,0.022575683924487406,-0.02716413390815131
#26,0.3237128353879623,0.28900062953725025,0.15390034186263338,0.3785750145431074,0.11494234554423097,0.03908071623807664,1.0,0.23599518682912446,0.15405493708611911,0.6790475659221127,0.5675796284933341,-0.06572687645929125,0.34618651834025294,0.2498529751611695,0.5392839212998749,0.3364852696252261,0.2791081289993545,-0.02339009793687096,0.1377300002390648,0.0077122297571898734,0.14830303851333582,0.050764608850178104,-0.08845237431169266,-0.29513503175577144,0.03991584919793767,-0.11720549211484672,-0.14215588617329009,-0.34608929866362786,0.023997322474479835,0.1278885001872674,-0.19670090605551085,0.09356198551267442,-0.29962148076723855,0.11200822382838337,-0.01154523504052148,0.20318753038114895,0.07540581246165003,0.08508952975958052,0.12583891815218864,0.2672760162245296,0.136043796667437,0.27761317725059564,0.06962363235024584,0.03718732319167417,-0.2397325662010216,-0.02256293380296281,-0.14873335511479094,-0.0688952816581533,-0.20076500729147576,-0.10403621034512985,-0.17440094350899282,-0.18624740017053287,-0.22397022846624007,-0.009119524420467132,0.07566081489214194,0.045715560726438176,-0.2943174302130067,-0.2009180087497709,0.03906796611655205,0.04120998653268414,-0.3009315557538908,-0.274035174397756,0.16057024918518756,0.14215588617329009,-0.11882157001808924,-0.1936934711408968,0.23450661014112792,0.29213715943230084,0.17327733904963782,0.15603598721800316,0.21468176493557203,0.371280351265848,0.2470192606523281,-0.003928631194766075,-0.07270597422881687,-0.15970802221708677,-0.24406920128457474,-0.025975185075982756,0.33414243479508166,0.13358142944799942,-0.19475970005339113,-0.23765589015770305,0.05935181569699336,0.008539393891098025,-0.13941620381069256,-0.2894484775558017,-0.16413390815131207,-0.24574584226505908,-0.03625178302480696,-0.4552414952705018,-0.1516834144825443,-0.25926575237670235,-0.14270892269441943,-0.007709042226808724,0.015837244698738536,0.07181027819171401,-0.21025109770577502,-0.19692562694738183,-0.22554964977009936,-0.19300018328299692,-0.12530660057853676,-0.03761445226274813,0.16982683741204407,-0.15327080461235645,-0.16944274000111564,-0.2832056993043215,-0.14781694013021063,-0.3025014144666066,-0.19421781988859582,-0.15708627847859175,0.018567364470192606
#49,0.6547856784259976,0.5916247639235311,0.30337798532142257,0.10006454749021827,-0.04139645705998135,-0.1444461267521456,0.23599518682912446,1.0,0.2264899712325383,0.3393843285068811,0.5420809792093331,0.014957486313541426,-0.016057184295037812,0.030037692546757085,0.3850648263991266,0.2197164691725968,0.3348803480783176,0.12680633362286733,0.5653292320442429,0.16131931882475756,0.4921961287443521,0.21931962164014376,0.17769047486233852,-0.08091705249065655,0.3449146937181745,0.07824271450087258,0.38834798269171,0.1477866585915897,0.17022209117930656,-0.06772227047789049,-0.3542780642127995,-0.311369123986963,-0.32763509152196607,-0.28739730175553235,-0.30353098677971774,-0.26317366462399094,-0.32365227231072047,-0.21686044195108733,0.3413207532134291,-0.17117197523288893,-0.14183872690036578,-0.17228442333590993,-0.18279849229812972,-0.10399477245017491,-0.25653563260524825,-0.3366701463873328,-0.08848584338069472,-0.09328945166508618,-0.23095092000095627,-0.18186135836607192,-0.3746081329837675,0.05672529066292663,-0.1637816860441951,0.3647299763325869,0.4503326984835324,0.14169847556359522,-0.06763620715759947,-0.16532285698348062,-0.4991051008454924,-0.5643076285570847,-0.5317916311389843,-0.5546685366844902,-0.373655061399804,-0.041409207181505946,0.2798014168572544,0.31287523209205587,-0.27778849142155887,-0.3369633991823985,0.7592713305548694,0.39849229812971654,0.5055136306767923,0.4550231494393931,0.419228777024281,0.1909155384137255,-0.2329080636549817,-0.1436524316872395,-0.3823187689757668,-0.058059272127437465,0.012777215532835548,0.1620524508124218,0.1798340890436612,0.000812820247192981,0.3465578656296568,0.39365362701113243,-0.1609160962315422,-0.6135119412856904,-0.6875200216752065,-0.18966921403469628,0.05214321574002502,-0.21561730510243926,-0.34360621249671286,-0.468739092669477,-0.5979711369123987,-0.3853357664815243,-0.5082405629178653,0.3304719935611886,0.2244005450676952,-0.12215253926638989,0.07650551044314641,-0.25195833897791836,-0.07138314912064006,-0.14032943126489175,-0.046203252874753964,-0.28274669492943605,-0.22547474280614238,-0.3598020543633306,-0.2732159790898007,-0.43548040067256893,-0.1829180246874228,-0.5757014559045016,-0.6110033548757262
#50,0.1950370151965511,0.22544924256309318,-0.012117396743937716,-0.11425065145152165,0.20574233598163982,0.03375116544079561,0.15405493708611911,0.2264899712325383,1.0,0.06956466303819459,0.09927882125126505,0.15786084836121095,0.3874459115938449,0.3023850696076947,0.0027524324841221143,0.2499964140283212,-0.09921188311326093,-0.02037788172668521,0.17981815139175544,0.37523129517328213,0.1228569834806238,0.28689048442492965,0.19679493820175473,0.3526062045278869,0.04766632931970133,0.20070763174461506,0.10547378654702802,0.28827706014072946,0.06359919992987433,0.18018471738558758,-0.21928296504076056,-0.3425814214791735,-0.3785750145431074,-0.38429503781207913,-0.14862657284702244,-0.1384392257488704,-0.19424650766202614,-0.07256572289204631,0.031766927778530386,-0.06607431727083649,0.13590673286104757,-0.14570520125269945,0.15665596187713665,-0.02291993720565149,-0.008679645227868578,0.2133366271147272,-0.14642877064922025,0.08391651857931771,-0.12083290168859422,0.39519001665484627,0.06227956235207867,0.2659292846384942,0.02725975981958578,0.24857636924351936,0.008027795264923619,0.08793918192032768,-0.06405661053956921,0.15047055917251712,-0.205842743188646,-0.24174071034114544,-0.32823434723362205,-0.3799408713114297,0.0914343089832575,0.34035493150794094,-0.07312832200431911,-0.12484122114288902,0.07740120648024927,0.10147184215349553,0.14837635171210226,0.2153144897162301,0.12988867550143837,-0.03384997888261122,0.07816302624134386,-0.0953422212305461,-0.22079544820661573,-0.17102056753978437,-0.35386049773286904,-0.21162811083043134,0.19123588521703097,0.3859653037318012,0.39787551100096424,-0.06998382328331566,0.3325167943006957,0.22767732629951629,0.18732797296974238,-0.21938337224776674,-0.33695224282606445,0.08444405485739787,-0.07358254508363282,-0.03390097936870961,0.06343982341081689,-0.4306863549793209,-0.2231749396361434,-0.3014256229629689,-0.2864266987544725,-0.10556622492808135,0.19436125875574753,-0.09546494115022033,-7.01256683852768e-05,-0.08144777629911785,-0.06834702643259569,-0.055617623855477374,-0.11513200360190932,-0.29354126656519697,-0.2414490513112703,-0.29351576632214776,-0.27493565173043055,-0.4276231382830368,-0.1877311955629577,-0.23924646781789638,-0.26496505669819664
#51,0.5023069751133565,0.368680920240021,0.49568806827690076,0.6800436691662217,0.10961120098175936,0.1740088772721115,0.6790475659221127,0.3393843285068811,0.06956466303819459,1.0,0.7523017953764872,0.08136808803958913,0.31126234171919454,0.09160324809345839,0.41493676736606394,0.13208169640366885,0.5823092063846234,0.2391396855501279,0.059359784522946234,-0.18729450390074032,0.2213022655372184,-0.06111930129334045,-0.041903274390584035,-0.2393755627983329,0.1299364884571556,-0.14867916709831142,-0.039440907171146476,-0.3116878770250779,0.18133541585318236,-0.03450661014112791,-0.09737586561371914,0.05479524101714094,-0.08419702125285881,0.15337599311493438,-0.16888173465403342,-0.08135374415287396,-0.1698953693152388,-0.13705105626788006,0.12265776283180199,0.034643673947517314,0.06944194311852035,0.1653005442708126,-0.07262628596928815,-0.13669405286519137,-0.17503685582003203,-0.2464120361147192,-0.16301030369195707,-0.012091896500888525,-0.15969049079999043,-0.18568480105826007,-0.18146132330323772,-0.09205109611200982,-0.09855206432436309,0.0709687701710907,0.19327271713058516,-0.08873128322004319,-0.22022806779877122,-0.319608890022233,-0.03198208607925794,-0.14512028942775862,-0.43763676497541615,-0.3504084023300847,-0.155122759763804,-0.0019778626015029208,0.03883527639872818,-0.04917721872036593,-0.10220178661077864,-0.13255663843046003,0.26717401525233286,0.12357895911195403,0.35592123612428184,0.36462956912558075,0.24915490600769788,0.017826263656575476,-0.23647172262110625,-0.2392831244172796,-0.3895959008359298,0.006728876634605424,0.34053343320928525,-0.05163321087904119,-0.06600100407207006,-0.1808509112352477,-0.027576919092510102,0.11231263297978308,-0.3562591143446836,-0.4292360286558981,-0.2758520667150109,-0.13696658671277961,0.2504713560551124,-0.2399015053112225,-0.09574066252818972,-0.20369753524213277,-0.1830678386153368,-0.010348317382400052,-0.10026536190423065,0.37866904668935125,-0.011981926702738885,0.16381515511319716,0.042835627027070104,0.044026169624429234,0.04391779359147017,0.20379156738837667,0.20275083871893154,0.1259042625250022,-0.07541218752241233,-0.05864896524795002,0.06886818764991354,-0.3226864506052323,-0.22877224298544097,-0.29210528412848935,-0.05919084541274534
#52,0.5402114926407893,0.5443265943628525,0.49409111555594515,0.44062188717736217,0.08893209763405557,0.08894325399038959,0.5675796284933341,0.5420809792093331,0.09927882125126505,0.7523017953764872,1.0,0.01772426268437871,0.1805831586832312,0.2269011626517065,0.442491373745906,0.15604873733952776,0.5483699766513399,0.30988532859453816,0.2374232004398792,-0.086458574058284,0.34034218138641636,-0.14509478918470942,-0.03817705137502092,-0.2669891384902262,0.19789782371363226,-0.09653117006271467,0.14016527345026258,-0.15869757508626253,0.19821020169098486,-0.09150762218202392,-0.17869295316720987,-0.07409414370980723,-0.2094223398066763,0.0949182796898533,-0.13131987664257425,-0.1380280343297022,-0.23101945190415096,-0.1808827865390592,0.11779518523535927,-0.057214576576432995,-0.13455521997944042,-0.07833993417749763,-0.10596785375610611,-0.22576162054044577,-0.317136960211652,-0.33994214632358216,-0.09628891775374734,-0.12597120066300632,-0.23429782690116266,-0.2460263449386002,-0.3749189171959295,-0.022151742383794595,-0.10746758680043669,0.22943206177433878,0.2233869104064898,-0.11263776107866028,-0.23244268421933398,-0.36051287363832685,-0.13933651555116386,-0.2640183601749954,-0.3804476886420324,-0.35274167456908573,-0.27215771900325925,0.02649315876291946,0.030032911251185363,-0.01614962267609113,-0.05667907147239997,-0.1308544972069265,0.5187402879933699,0.27070101761907417,0.5167974882260596,0.5242913721521408,0.2883870299388791,0.13749571675605032,-0.21541170939285514,-0.273383324434811,-0.36699471666839323,0.0386838687056236,0.23881455745125071,0.029550000398441297,-0.06442795782897305,0.01828367426627035,0.10385611487859493,0.22595605989369585,-0.2763636653411853,-0.46306847612141305,-0.34999242961534477,-0.24548446477380487,0.17334427718764195,-0.27831284016925784,-0.10907250834734518,-0.20366247240794014,-0.30105746320394616,-0.10249822693622548,-0.19803010622444994,0.5163942656328443,0.19299062069185347,0.07122217883639204,0.048154021468017116,-0.004575699862139311,0.03803839380344094,0.16625839715034785,0.1633083377825945,-0.07941731944632598,-0.06342866705448286,-0.1509136258954968,-0.03638247177043406,-0.2600658225023707,-0.12393596251464271,-0.27912566041645087,-0.20653603104654591
#53,0.09554781694013022,0.046263815951995794,-0.029908597566320555,-0.03831092765102918,0.5065384216943317,0.5477101578624421,-0.06572687645929125,0.014957486313541426,0.15786084836121095,0.08136808803958913,0.01772426268437871,1.0,0.37687606084995495,0.24208496362230952,-0.020534070715361504,-0.030217788013292002,0.026223812445712372,0.25936456581851797,-0.021179545617544166,-0.10738471101052682,-0.0628708492377818,0.000933946401676641,-0.041383706938456756,0.05993353999155304,-0.2688458749372455,-0.1269832415590211,0.019303683988238014,0.0775048012176366,0.3614388512140506,0.3047422483245543,0.11979536054953024,-0.10400752257169951,0.024792611304576495,-0.17811601016822193,-0.041931962164014375,-0.1867956553960905,0.008576050490481237,0.03057797894636183,-0.1245925937731594,-0.15504307150427526,0.1804397198160795,-0.04021547705376567,0.11196359840304727,-0.09259138251161457,0.22641187673820015,0.056167472846225565,0.06737801719672641,0.22378375793894287,-0.07888181434229295,0.1271091490090765,0.039115779072269284,0.2313605176549339,0.134856441600459,0.07127317932249042,-0.15048012176366057,-0.09021826614284917,-0.17840129413733474,-0.12826144124186184,0.035861310553116206,-0.11146793742877861,-0.2402999466088661,-0.16904589246866258,0.10065424061073082,0.06236721943756027,0.083548358820295,0.023162189514618813,0.03445879718541067,0.11126074795400394,0.05683207293069512,0.06382870211731706,0.05661372709958642,-0.10376686402792276,-0.049429033620476695,-0.053926638988277854,-0.21156436022280836,-0.29391420761979137,-0.2920144395126266,-0.24088007713823523,0.36430125349632236,-0.028112424196543122,0.3384201005665835,0.23380535345727513,0.12506275450437887,0.4964020750822781,0.17056793822566121,-0.039729378670640456,-0.18325271537744345,0.33291204806795816,0.12612579588649203,0.27109627138633663,0.021911083840017852,0.02753707496274574,0.08333160675437688,0.06580975224920113,-0.21811632892126004,-0.0975208982460614,-0.04864330738152348,0.08954729099761732,0.1615599773685343,0.10973232713624302,0.056695009124305716,0.2755349074420866,-0.021275171528978634,0.06431320673525169,-0.05569890588019667,0.02947190590410315,0.09690092358692794,-0.2357991537106838,-0.0036831913554176065,-0.2661524117651746,-0.25643044410267035
#54,0.19051869088127246,-0.030550884938122067,0.1141853070787081,0.19950274526054076,0.2774314880188702,0.3658424244356079,0.34618651834025294,-0.016057184295037812,0.3874459115938449,0.31126234171919454,0.1805831586832312,0.37687606084995495,1.0,0.22752273107603058,0.13955645514746312,0.35730462430970045,0.2552924957566002,0.2081600777757413,0.17284383491780156,-0.05975344452501813,0.03634103387547913,0.1865645594434572,-0.10907250834734518,0.07114886563762561,-0.15547976316649267,0.09120480679581477,-0.14369068205181332,-0.09311573125931356,0.49732486512762075,0.33488353560869877,-0.20903664863055726,-0.05239821817051694,-0.24112711074277426,-0.2974651164643913,0.18622508745786484,-0.06050729546015986,-0.10619098088278654,-0.04165942831642614,-0.08890978492138753,0.04111436062124967,0.1641370956816932,-0.03674266270350389,0.381082007187881,0.20328315629258342,-0.03892293348420977,0.13299333009267744,0.0017611105355847922,0.1440970921754098,-0.3597287411645642,0.08242634812613057,-0.1274645586465746,0.042744782411207355,-0.07595406768720764,0.20270143199802373,-0.10916175919801735,0.04243877949461706,-0.3085401907736933,-0.2005115986261744,-0.01942002884714995,-0.10796802907027708,-0.3136099578449107,-0.3066802667962929,0.037491732343073896,-0.09466327725936138,-0.11585238546804899,-0.10584513383643188,0.05632684936528301,0.11079058722278447,-0.006520093394640168,0.06498577564567412,0.09226784817792795,-0.06875981161695448,0.06409645466933357,-0.11445305963072461,-0.24201961924949597,-0.30622763748216975,-0.4064802492648758,-0.135156069456287,0.3210528412848935,0.39490792021611454,0.22841842711313343,-0.041036266126911525,0.30095705599693995,0.3524707344866881,-0.017725856449569286,-0.11677995680896333,-0.19241208392767495,0.22591302823355036,-0.19727306775892708,-0.03503892771477978,0.11264094860904143,-0.2290065264684554,-0.17016471563244587,0.16286048976404308,-0.010832822000334691,-0.03353441337487748,0.1138920542836424,-0.03564615225238866,0.0594681605559053,-0.07010016814222761,-0.11459171720230459,0.149366079895449,-0.020908605535146507,-0.19043422132617202,-0.3862091498059591,-0.07718286064914057,-0.13339974021627393,-0.4120743650837922,-0.1314601279793448,-0.15914861063519511,-0.04839946130736559
#58,-0.06889050036258158,0.18591111571532165,-0.09097689837356263,-0.11883113260923268,0.1590737036712381,0.1557602658400338,0.2498529751611695,0.030037692546757085,0.3023850696076947,0.09160324809345839,0.2269011626517065,0.24208496362230952,0.22752273107603058,1.0,-0.0500840711138028,-0.08526325016535313,-0.15928886197196568,-0.07242387779008519,0.022599590402346024,0.15406928097283426,-0.07870650017132975,-0.13302998669206065,-0.13156372271673214,-0.14479038003330968,-0.25159177298408625,-0.06976866498258812,0.02480695519129167,0.14935014224354326,0.033100909243041224,0.11676242539186701,-0.12290479643634103,-0.0521256843229287,-0.18249567691192056,0.1607854074859151,-0.13302042410091722,0.07805305644319423,0.116002199395963,0.17340165273450261,-0.1642693781925109,-0.009213556566711027,0.054916367171624604,-0.1131366095833101,-0.08582425551243535,0.07845149774083784,-0.15252811003354877,0.049425846090095545,0.16883551546350675,0.06175840113476082,-0.06479452382280519,0.16407812636964197,0.19437560264246267,0.13527241431519893,0.051433990230219384,-0.1309788108917913,-0.34125222131023436,-0.22853158444166422,-0.21808923491302026,-0.012385149295954226,0.18991306010885417,0.10967495158938234,0.022911968379698618,0.011980332937548311,0.4034887520021675,0.24985138139597893,-0.2729291013554973,-0.2538182629553188,0.5053526603925443,0.20881670903425797,0.11478615655555467,0.2550247432045837,0.19353409462183938,0.11025348835356087,-0.04845046179346397,0.09612954123468989,0.08299532229916566,-0.09163671716246045,-0.12914916845301183,-0.156695806006901,0.42041931962164014,0.10691455027930735,0.0683709329104543,0.038854401581015066,-0.145171289913857,0.22178358262477188,0.3613033811728518,0.06019013618723554,0.013802006550374933,0.03329694236148188,-0.07089067567675254,-0.08187649913538238,0.07509184071910685,-0.1814645108336189,0.02088948035285961,-0.1815457928583382,-0.05290344173592904,-0.29377236251783023,-0.2114751093721362,-0.16684330897528868,-0.15463984891105995,0.03158205101642375,-0.2389882778570233,0.021891958657730956,-0.003185936615958371,-0.10627385667269641,-0.19527767374032784,-0.08518993696658671,-0.1944441345456574,-0.08410936416737722,-0.15919642359091235,0.08803002653619042,0.022663341009969
#101,0.17026512283945205,0.17608714708062062,0.029039995537457466,0.042312872044561675,-0.24189849309501232,-0.18878945564949917,0.5392839212998749,0.3850648263991266,0.0027524324841221143,0.41493676736606394,0.442491373745906,-0.020534070715361504,0.13955645514746312,-0.0500840711138028,1.0,0.6041294456087785,0.30375252014120757,0.02885990007092255,0.43447951613288815,0.05776283180199061,0.5660209261369522,0.1605288112902326,0.2963478870657986,-0.11682776976468057,0.3746192893401015,-0.12126003075966818,-0.10278669843571947,-0.5018129079042785,0.2539441704053742,-0.03131748599478839,-0.1877439456844823,0.14271848528556288,-0.22006390998414205,-0.026064435926654927,0.12076755731578066,0.001099697981496386,-0.023002812995561363,0.011895863382447865,0.413075249623473,0.20404019475810628,0.10723170955223167,0.3302169911306967,0.11013714349464894,0.20687869056251942,-0.1559531114280933,-0.05910478209245432,-0.3291826375220139,-0.4468551028376989,-0.4214329542828455,-0.3587262628596929,-0.4123867430611448,-0.1922399572870929,-0.25305006813346187,0.10786124680250858,0.5377411565953988,0.2927348213787663,-0.10534628533178207,-0.3020105347879097,-0.2071113802803433,-0.25569731211500607,-0.4243415757556439,-0.38012574807353633,-0.23501661500211174,-0.018699646981010287,-0.21480607862043685,-0.2042011650423543,-0.18054172078827627,0.05007450852265936,0.43726223015563115,0.13598323359019515,0.32612420212130144,0.2828008829459156,0.3141263377666568,-0.2285507096239511,-0.2119261449210688,-0.2743634900270143,-0.2614683358700763,-0.0010917291555435137,0.2664552271513838,0.14485572440612324,-0.008969710492553132,-0.11777127875750065,0.3243471539338109,0.11244810302098192,-0.39178254667739804,-0.36053199882061376,-0.325440476854545,-0.1088716939333328,-0.023331128624819706,-0.30567460096104043,-0.4005370988692236,-0.18530070364733164,-0.3601048697495398,0.004594825044426204,-0.07618835117022209,0.285346125955263,-0.017639793129278263,-0.18724190964945134,-0.25326682019938,-0.24986413151750353,-0.2824183793001777,-0.10803177967790005,-0.010282973009586497,-0.15225876371634167,-0.14837475794691168,-0.2834909832734343,-0.1263409541872196,-0.37098869223597286,-0.11970770346404865,-0.30660376606714534,-0.1439536533082581
#102,0.22822876905545506,0.01727163337025556,0.09434611798643706,-0.0391333104893656,-0.10919522826701943,-0.12475197029221685,0.3364852696252261,0.2197164691725968,0.2499964140283212,0.13208169640366885,0.15604873733952776,-0.030217788013292002,0.35730462430970045,-0.08526325016535313,0.6041294456087785,1.0,0.19870108136968181,0.1764808070826925,0.5120353178366231,0.3649084780339313,0.4008941022719123,0.5643873168166134,0.11310951557507032,0.14328427192821683,0.2057439297468304,0.20279546414426763,-0.15975742893799458,-0.30355648702276694,0.27838137207245256,0.1058690403142905,-0.31938416913036205,-0.10678226776848967,-0.28110033548757263,-0.41154842257090263,0.10974826478814877,-0.1230944544940194,-0.0016941723975806644,0.02015794213038593,0.22191745890078016,0.15653164819227183,0.17841563802404992,0.034232482528349095,0.22994844169608492,0.3469897759963025,-0.27022129429671127,0.13113340611527705,-0.365973113181235,-0.3576074396959096,-0.4843308975288671,-0.20592083768298416,-0.3451904150961439,-0.08300010359473739,-0.2668759811616955,0.28675501438373086,0.24882021531767726,0.37957589908278816,-0.2627879734478719,-0.017201507701870282,-0.31597829291810436,-0.3818980149654551,-0.4695009124305716,-0.5250898485126186,-0.07643379100957055,0.022358931858569277,-0.07757492688602188,-0.013190000717194336,-0.11756727681310712,0.17085481595996463,0.34567332594888794,0.290567300719585,0.24079720134832536,0.23244427798452455,0.3046705288909785,-0.1486935109850266,-0.20379953621432953,-0.17777653818262956,-0.3819490154515535,-0.10459084063144977,0.22696810078971066,0.5474694993186654,-0.07477149391580139,-0.06622094366836934,0.3386894468837906,0.17577317533807743,-0.18148363601590578,-0.34131437815266674,-0.4210663882890134,0.13912454478081746,-0.13048793121309438,-0.24366119739578768,-0.25725282694100676,-0.2229008120233646,-0.31432555841547866,-0.014436325096223574,-0.19453338539632956,0.17852242029181842,0.052248404242602936,-0.271499493979552,-0.11001761110535585,-0.18424403732598077,-0.18940146148267975,-0.1268079273880579,-0.04621919052665971,-0.1877885711098184,-0.20533592585804333,-0.27715098534532906,-0.26883631234610206,-0.5205667429017683,-0.014900110766680744,-0.4053693949270454,-0.2697893839300656
#201,0.48543059551036344,0.3868928750727155,0.6130832184494258,0.6475563595215517,0.017177601224011668,0.22080182326737802,0.2791081289993545,0.3348803480783176,-0.09921188311326093,0.5823092063846234,0.5483699766513399,0.026223812445712372,0.2552924957566002,-0.15928886197196568,0.30375252014120757,0.19870108136968181,1.0,0.4323582146642335,0.04962666050410793,-0.33622070460359077,0.21953796747125245,-0.10948848106208513,-0.06944991194447322,-0.11586035429400186,0.11419646343504211,-0.1223390097936871,0.0404258540589215,-0.1346556271864466,0.3988142386982126,-0.09453418227892485,-0.0841731147750002,0.07233622070460359,0.019019993784315757,-0.021179545617544166,-0.04028400895696037,-0.21727800843101785,-0.3088908191156197,-0.3508992820087816,0.006889846918853445,-0.1359497645211931,-0.00021834583110870274,-0.20597024440389197,-0.145396010805728,-0.12244101076588386,-0.2179426085154874,-0.25461355178541545,0.008488393404999642,0.021302265537218402,-0.14830463227852642,-0.20991640701575437,-0.18982380925818199,0.006266684729338826,-0.04944815880276359,0.34924973503653706,0.1937141900883743,-0.09932185291141056,-0.2874913339017762,-0.4551028376989218,-0.0653491541091251,-0.21301309278104058,-0.4229502187442724,-0.330287116799082,-0.4630334132872204,-0.1194797950417965,0.1425734526532206,0.14606539218576928,-0.41844623831570893,-0.3515702571540135,0.32901051088143185,0.11498856473475763,0.43064969837993766,0.24272087593334873,0.21291906063479668,0.20372622301556312,-0.3434038043175099,-0.2331710349114265,-0.3265863940265681,0.1187546318800851,0.2811067105483349,0.13875957255217589,-0.17494601120416928,-0.056314099243758416,0.042725657228920466,0.06725370351186159,-0.5166046426380001,-0.39933539991553046,-0.28421455266995516,-0.10907888340810748,-0.009199212679995857,-0.16203332563013492,-0.0027428698929786673,-0.06392432802875152,-0.2874132394074381,0.07954322689638135,-0.0013499191164165784,0.5753731402752432,0.1946800117938624,0.1977655412028146,0.24491708436596035,0.02310481396775813,0.22043525727354588,0.25081082804070476,0.2578680203045685,0.12904716748081504,0.04130561244411861,0.07156483835236555,0.12678720844058045,-0.22815704962187922,0.012895154156938059,-0.3238084612993968,-0.141298440500761
