,#10,#11,#12,#13,#17,#18,#26,#49,#50,#51,#52,#53,#54,#58,#101,#102,#201,#202,#301,#302,#401,#402,#501,#502,#601,#602,#701,#702,#801,#802,#901,#902,#1001,#1002,#1101,#1102,#1201,#1202,#1301,#1302,#1401,#1402,#1501,#1502,#1601,#1602,#1701,#1702,#1801,#1802,#1901,#1902,#2001,#2002,#2101,#2102,#2201,#2202,#2301,#2302,#2401,#2402,#2501,#2502,#2601,#2602,#2701,#2702,#2801,#2802,#2901,#2902,#3001,#3002,#3101,#3102,#3201,#3202,#3301,#3302,#3401,#3402,#3455,#3501,#3502,#3601,#3602,#3701,#3702,#3801,#3802,#3901,#3902,#4001,#4002,#4101,#4102,#4201,#4202,#4301,#4302,#4401,#4402,#4501,#4502,#4601,#4602,#4701,#4702,#4801,#4802
#10,1.0,0.5214831578863486,0.4228338738853605,0.6158021818645459,0.35389237303668053,0.3035293930145272,0.5634533704149368,0.8791686920765963,0.45467730239303844,0.737306058698372,0.6268262556877495,0.6181338603383564,0.3420443226099499,0.3450278510467053,-0.05723848305429161,0.015132800484504619,0.37323590115468286,0.09426802349209891,-0.18978237136322706,0.08024767111061527,0.04821617831044952,0.20465060682609632,-0.36714293683111665,-0.10330307835746559,-0.37599630246475785,-0.24133430021754895,-0.3478806907378336,-0.4106909768983736,0.041868211556391394,-0.05829514937564249,-0.302102973168963,-0.03234227701232777,-0.19848432930376367,-0.16732621982803272,-0.3432539903895959,-0.14593151590976103,-0.48291563403963694,-0.2503661675525345,-0.3824526452517751,-0.27732151822072054,0.18243989513025047,-0.08367586003554096,-0.08441536708396752,0.10594872857381922,-0.038623305628381774,0.004535855732374949,-0.2368414761453195,-0.2837284542868299,-0.3941253815075425,-0.32018742678641154,-0.3981576074396959,-0.332245854218298,-0.4272597598195858,-0.15936376893592266,-0.05943469148690324,-0.060360669062627006,-0.31800715600570567,-0.2621409047804987,-0.22835627027070102,-0.2601152292232785,-0.37109388073855076,-0.49676385978053855,-0.16987783789814245,-0.01377969383770689,-0.335253289132912,0.06636119500513989,0.2900812023364598,0.1655427965797799,-0.006411717361681103,0.15500800867008263,0.47293069512068786,0.21956824900987337,0.38691200025500244,0.18946999338587445,-0.04248977998071544,0.08964929196981408,-0.31109021507861245,-0.5336643052379093,0.1142347137996159,0.03945843858824279,0.2894532588513734,0.20817123413207533,-0.13282917227804827,0.5642582218361769,0.3750193244029357,-0.2468311963598403,-0.3498569595741459,-0.10563953812684777,0.20526101889408632,0.08340810748352445,0.3053048474368271,0.1324036369721649,0.07201268637091697,-0.12887185330985185,-0.10408242953565651,-0.18819657499860545,-0.13667174015252334,-0.09334682721194687,-0.26800596068181276,-0.061951246722820326,-0.11631298360812502,-0.015414896923236299,-0.009604029038401773,-0.10195156547585844,-0.07735179975934145,-0.08036560973471778,0.11072524284997091,-0.4268501621656081,-0.14567491971407853,-0.33254388830893544,-0.32873957079903415
#11,0.5214831578863486,1.0,0.2697941652256373,0.506683454326674,0.34714915251535994,0.2561164723601272,0.618041421957303,0.5084525336882117,0.5152132856266286,0.7101738000940322,0.4182629553187929,0.4964243877949462,0.33698889942544763,0.4081983281403151,0.10815609336276487,0.06641697678681,0.21287284144427002,0.011677517551339162,-0.27145646231940646,0.09483859143032457,0.13374080596705687,0.14658495963789656,-0.3366733339177139,-0.10152124887440334,-0.41990134593470346,-0.39427200790507533,-0.1723465801783423,-0.1573269370223685,0.027639075934942504,-0.17760919283761922,-0.3514331933476241,-0.12497190988851613,-0.14935811106949612,-0.13124656344380783,-0.25327638279052345,-0.1647251950370152,-0.17601064635147304,-0.34723840336603207,-0.2285331782068548,-0.237697328052658,-0.126189546494115,-0.12997155129134824,-0.01093960426810318,0.10436133844400705,0.028083736423112782,-0.014820422507152022,-0.07296416418968993,-0.15943867589987967,-0.24426364063782482,-0.12053964889352851,-0.11624285793973974,-0.1858951780634159,-0.11121771629385843,-0.13693949270453984,0.20690419080556863,-0.0881686841077704,-0.14034218138641633,-0.22901130776402712,-0.1507271553681996,0.00040481635840591606,-0.34678258652152777,-0.45911753221397894,-0.20489764043063535,0.11169903338141192,-0.22893958833045128,0.12448899903577205,0.17340643403007436,0.0997250755046259,-0.0438157926192734,0.1471061208552144,0.21650662607877982,0.10869319223198846,0.22925196630780387,0.25061798245264527,-0.21376534995099172,0.06307166365179419,-0.44022185211452797,-0.4272071655682968,0.10635673246260628,-0.1000438285427408,0.309432699280415,-0.013350971001442358,-0.19258102303787583,0.539287108830256,0.38031221860083353,-0.39267186765373857,-0.24769661085832223,0.01915705759070516,-0.005021954115500164,0.1946879806198153,0.27242069025970406,0.06685526221421798,-0.08999354525097818,-0.07435073990548972,-0.002290240578855517,-0.21035628620835292,-0.29341057781956986,-0.016913036202376303,-0.25927212743746464,-0.10973551466662416,-0.08713751802946872,-0.11588585453705105,-0.13865757157997913,-0.16609423933571868,-0.14527169712086319,-0.11341233096127948,0.011397014877798053,-0.4826239750097618,-0.1441289674792213,-0.3229287029141997,-0.2314657061575118
#12,0.4228338738853605,0.2697941652256373,1.0,0.5552438859182877,0.30440277633896196,0.275608220640853,0.24995656989855686,0.32197403756504556,-0.045776123803680006,0.2593103778020384,0.2162261234052387,0.20991321948537323,0.3667174015252333,0.16957821004231446,-0.2949246547506156,-0.3223517599152117,0.7648638526085951,0.8102319725234881,-0.15085465658344557,-0.2853891576154085,-0.3265401748360414,0.23944090717114647,-0.24818111547625687,0.03904884093426515,-0.29239694315836445,-0.18498832566997905,-0.024539202639275157,0.011290232610029564,0.29967885631409924,-0.06628628804118289,0.136643052379093,-0.18403844161639665,0.1836240626668473,0.02856027221509455,-0.25215437209635905,-0.4966172333830057,-0.5572233422849812,-0.3294758903170796,-0.2953103459267346,0.040923108798380736,0.03527161743260365,-0.025006175840113477,-0.21097785463267696,0.04301572249360502,-0.23409541872195969,-0.1963215899401541,0.19409191243854043,0.07791599263680482,-0.017212664058204305,0.16665683844799145,-0.1268158962140108,0.04374566695088813,0.04133430021754895,0.4357991537106838,0.2152093012136522,0.41857214576576435,-0.5444365641610022,-0.5017204695232251,-0.30531600379316115,-0.16005705679382257,-0.2107387898540908,-0.19652718564973823,-0.3517439775597861,-0.09460271418211955,-0.03436795256954793,0.049515096940767715,-0.02391125915418881,-0.10331742224418076,-0.11711145996860282,-0.28062858099116256,0.5918765788236419,0.06578584577134251,0.0775048012176366,0.17092334786315933,-0.21759198017356102,-0.04304919156260708,-0.32688442811720547,-0.4701942002884715,-0.1088780689940951,0.3415056299755357,0.17620349193953255,0.2863406354341815,-0.08389420586664967,0.07434914614029915,0.059474535616667594,-0.20850592482209596,-0.34420068691279715,0.30087577397222065,0.13352405390113875,-0.22198439703878428,0.3343575930958092,-0.1562973647092574,-0.1335447728486162,-0.15647427264541114,-0.22720716556829681,0.41522523886555796,0.265506936862992,0.6084294240929484,0.43491142649953385,0.21751707320960403,0.4111196997346381,0.5260716078700125,0.46791830359633113,0.516837332355824,0.3523830774012065,0.26251384583509313,0.551077783710126,-0.2799097928902135,0.24877718365753174,-0.36265648781964954,-0.47018623146251864
#13,0.6158021818645459,0.506683454326674,0.5552438859182877,1.0,0.24403095092000096,0.29290535425415776,0.4062427782514802,0.6625186271306649,0.30126784020910197,0.672634254795241,0.49395405174955576,0.4992198519392138,0.44775398640518294,0.21551211659986133,-0.16096231542206887,-0.03745188821330953,0.5900198423766226,0.3411581891639905,-0.11250866609822374,-0.08770330467212266,-0.05929444015013268,0.10190056498976006,-0.3400154595223486,-0.24277825148020943,-0.4280773613623505,-0.3669453099474854,-0.13365474264676586,-0.2013499191164166,0.13375514985377204,-0.0911091808843803,0.022765341982165767,-0.3522826701942003,-0.06834065137183339,-0.2320840870514547,-0.44122273665420875,-0.40280183920502993,-0.4843468351807728,-0.32622460932830766,-0.26241662615846806,-0.14853413446596914,0.03872530660057854,-0.1841850680139295,-0.2136235048490306,-0.035228585772458146,-0.01914271370398999,-0.09464893337264621,-0.017658918311565158,-0.1925140848998717,-0.32832519184948483,-0.2296743140833061,-0.23851333583023213,-0.15587342316856456,-0.09573906876299915,-0.008878865876690387,0.07839730972435831,0.05072795225079489,-0.2695072874913339,-0.3807584728541944,-0.3010749946210425,-0.17786260150292058,-0.4352397421287922,-0.46825458805154235,-0.29673039071153645,0.05025460398919427,-0.024685829036808007,0.17420491039055216,0.18747141183689406,-0.09441943118520349,0.003678410059845883,0.15152881925905856,0.42450095227470136,0.11732980579971153,0.4027970579094582,0.12652901847970738,-0.13598801488576687,0.10185912709480512,-0.2936066109380105,-0.5647076636199189,-0.009452621345297197,0.0016925786323900899,0.3005857087075361,0.16545195196391715,0.02828614460231574,0.46442795782897306,0.25480958490385613,-0.30599176023396474,-0.36681940249743006,0.19558367665691814,0.2240180414219573,-0.16201260668265743,0.24825920997059503,-0.037370606188590234,-0.05370829315716916,-0.18448947716532924,-0.15620492632820407,-0.030236913195578894,-0.025890715520882308,0.08961263537043088,0.06029532468981345,-0.044434173513216296,0.15238626493158763,0.2676011443234068,0.0942122417104288,0.07310122799607933,0.13904007522571699,0.12002645650216354,0.27664098048434527,-0.44208336985711894,0.05225956059893696,-0.4755731578066603,-0.5022591621576393
#17,0.35389237303668053,0.34714915251535994,0.30440277633896196,0.24403095092000096,1.0,0.16763062897943246,0.49202878339934175,0.19984859230689542,0.09195706396576592,0.3759182079704197,0.32852122496792546,0.5599152116918614,0.40588418108360097,0.4722246571412634,-0.05318872570504188,-0.023275346843149598,0.3756424865924503,0.26842830845731497,-0.019019993784315757,-0.15951517662902726,-0.2008733833244348,0.07784108567284782,-0.07717170429280654,-0.09044936209548247,-0.16727681310712492,-0.21253496322386822,-0.3183625656432038,-0.3023898509032664,0.39976412275179496,0.3359513582863837,0.09333567085561284,-0.08991066946106831,0.3059375722174852,0.25457052012526993,0.07224696985393142,-0.2411828925244444,-0.2563109117133773,0.015061081050928767,-0.07356023237096479,0.2900572958586011,0.2043573540310306,0.16095912789168773,0.15004821139701488,0.09372136203173187,-0.02903043294631402,0.11358445760186152,-0.012455274964339505,-0.05882109188853206,-0.13448031301548344,-0.054973742718485284,-0.10803337344309064,-0.03507080301859127,0.03459904852218123,0.13858585214640326,-0.028144299500354613,0.20934265154714757,-0.2552972770521719,-0.06928416036465347,-0.22015475460000478,-0.12931970132840329,-0.5131716724175027,-0.23801448732558234,0.17562814270573515,-0.036415940839436126,-0.11229191403230562,-0.09724517686809202,0.3919992987433161,0.26735092318848663,-0.10101283777861007,0.1634438078237933,0.31796412434556015,0.07500418363362525,-0.010791384105379755,-0.02212146084517368,-0.07366860840392385,0.016108184781136195,-0.5004167695973353,-0.3616842910533991,0.4933755149853772,0.11359561395819553,0.17812557275936536,0.35480719425607027,-0.04322769326395142,0.23344197499382416,0.2823434723362207,-0.49607057192263865,-0.5629497406147153,0.2300982556239989,0.11480209420746042,0.13328180159217143,0.3323940743810214,0.019384966012957312,0.17569826837412045,-0.439248061583087,-0.13951023595693646,0.11337567436189626,0.13618086047382638,0.09377236251783025,0.010603319812891967,0.22916590298751285,0.11326889209412777,0.3653802325303413,0.19991393667970897,0.17559786116711426,0.34459912821044075,0.3049064061391835,0.4304600403222593,-0.5587947947628876,0.18288933691399245,-0.4683773079712166,-0.3553156053518635
#18,0.3035293930145272,0.2561164723601272,0.275608220640853,0.29290535425415776,0.16763062897943246,1.0,0.23210799352931333,0.1817944202280678,-0.036031843428507675,0.2785630613041781,0.1418068515965543,0.3146235925061161,0.46119261449210686,0.05519686984516571,0.01310234363171274,-0.1526572050139853,0.20399397556757962,0.12467865709345043,0.015210894978842766,-0.09751611695048969,-0.09538525289069161,-0.05272812756496585,-0.37687127955438326,-0.2849110280582362,-0.2660679422100742,-0.22633696977424317,-0.184153192710118,-0.04058523057797895,0.2815944026966507,0.272334626939413,-0.09334363968156571,-0.09497724900190455,-0.1370988692235973,-0.050645076460885015,0.0035620652009339462,0.041700866211381075,-0.10973073337105245,-0.06051526428611273,-0.2749962148076724,-0.0507709839109404,0.29307429336435864,0.3184884730932592,0.10199937843157568,0.1695208344954538,0.008697176644964897,-0.2016112966076708,-0.024143948872012686,-0.0710994589167178,-0.036768162946553086,-0.023590912350883345,-0.08544812692745977,-0.08688092183378623,-0.1031213891257401,-0.06607591103602706,0.15122441010765883,0.1713313517519464,-0.2655164994541354,-0.20563236618349018,-0.22463164102032848,-0.1319844767270438,-0.3637099666106193,-0.5036266126911522,0.059884133270645235,-0.012338930105427567,-0.250472949820303,0.08946441520770745,0.22353353680402266,-0.050815609336276484,0.013139000231095953,-0.004841858648965248,0.1637944361657197,0.19639330937372998,0.08631513519113229,0.05509646263815952,0.007301038338021659,-0.020373100431113483,-0.28819099682043847,-0.4423495286439449,-0.08242156683055886,0.021098263592824868,0.3759213955008009,0.42876586792467863,-0.005633959948680761,0.3723433926479612,0.15109053383165058,-0.24019953940185992,-0.31550494465650375,0.14638573898907473,0.15274326833427632,0.03181314696905705,0.28486480886770954,0.09322410729227262,-0.008770489843731324,-0.11367370845253369,-0.01462757691909251,-0.1029412936592052,-0.04182199236586474,0.0522946234331296,-0.024395763772123453,0.39270374295755006,0.10837603295906414,-0.011656798603861693,-0.08169162237327575,-0.12130146865462312,0.03553777621942959,-0.01704053741762226,0.12399811935707512,-0.38126847771517824,-0.028907713026639786,-0.19331734255592123,-0.2220513351767884
#26,0.5634533704149368,0.618041421957303,0.24995656989855686,0.4062427782514802,0.49202878339934175,0.23210799352931333,1.0,0.46695088812565244,0.3843508195937492,0.6980261218114735,0.5273689327351402,0.3970531281626278,0.24171361633290567,0.6847851206081808,0.2844663675700659,0.003378782204017882,0.2487915275442469,0.06996629186621935,-0.17817179194989202,0.14229773127525122,0.2509462980819036,0.1701503717457307,-0.19322012287929619,-0.050847484640087974,-0.28150993314155026,-0.19837435950561405,-0.2663372885272813,-0.3208695582879774,0.1504275275123716,0.06858768497637244,-0.1617655730781184,0.05487333551147909,0.005962275577939102,0.1814071352867582,0.002956434428515647,-0.00696634764800102,-0.012697527273306823,-0.14345161727322714,-0.13224426045310744,-0.11577907226928257,0.10294288742439577,0.026874068643466757,0.1901425622962969,0.3518635099490792,0.16269792571460448,-0.0019683000103594738,-0.18292599351337568,-0.22495198782363393,-0.33349855365808956,-0.22460614077727928,-0.440918327502809,-0.3153646933197332,-0.2851771868450621,-0.06601853548916638,0.15008008670082637,0.10188303357266373,-0.1295571723417989,-0.21870124074620087,-0.3216775972395987,-0.08431495987696133,-0.5328530787559069,-0.5395421112607479,-0.0038999434213357344,0.11023117564089283,-0.49090039764441507,-0.03462933006080214,0.4508267656926105,0.29073623982978586,0.10793774753165616,0.25240618699646983,0.3932711233653946,0.20596705687351083,0.30775924583031183,0.0012319804923140675,-0.005321581971328164,0.04900349831459331,-0.3259584505414817,-0.4972643020503789,0.2977217126600738,0.037808891615998215,0.2713815553554495,0.19718700443863604,-0.11954195188422889,0.2909195228267019,0.2310991401636797,-0.5238658368462574,-0.46437217604730296,0.08131390002310959,0.13783359497645212,-0.08851134362374391,0.20953549713520708,-0.12097634055574592,-0.11940648184303007,-0.2754440628262238,-0.008936241423551068,-0.12367617878857907,-0.003512658480026138,0.03095410753133741,-0.27420411350795687,-0.005125548852887504,0.027771358445760185,-0.002812995561363944,0.0797711353186335,-0.11246882196845939,0.08490465299747388,0.03773079712166007,0.21626596753500307,-0.5688673907673183,-0.13248651276207477,-0.39167576440962953,-0.24644072388814955
#49,0.8791686920765963,0.5084525336882117,0.32197403756504556,0.6625186271306649,0.19984859230689542,0.1817944202280678,0.46695088812565244,1.0,0.49426164843133663,0.7308242156683056,0.648622588434046,0.5939851301707719,0.2662591940329431,0.32801759516770396,-0.09587453880419798,0.05129692642382998,0.32089824606140777,0.04003060029165903,-0.18269011626517065,0.09426642972690834,0.05252571938576289,0.18708572066077506,-0.3894253679605384,-0.13333758337384152,-0.4126385579612556,-0.38812644933022017,-0.23433129597016472,-0.33710843181474076,-0.09721330156428054,-0.23311206559937525,-0.27831284016925784,-0.12238044768864204,-0.2663388822924718,-0.2675214560638781,-0.4827929141199627,-0.1963614340699185,-0.5333710524428436,-0.35133437990580846,-0.37655412028145896,-0.3799934655627186,0.009253400696475388,-0.35880435735403104,-0.23307700276518262,-0.06088820534070715,-0.009605622803592347,-0.06928097283427233,-0.19840942233980668,-0.2964259815601367,-0.4170851628429583,-0.3423535130569213,-0.3860274605742336,-0.378096884985935,-0.4267338173066962,-0.2726533799775279,-0.04999163273274949,-0.21804460948768417,-0.24766951685008248,-0.3151606913753397,-0.19847795424300138,-0.21846376973280526,-0.31781590418283673,-0.4105013188406952,-0.24390982476551729,0.027795264923618803,-0.14632995720740463,0.15420315724884254,0.2464247862362438,0.044462861286646636,-0.004755795328674226,0.18879742447545203,0.42210392942807734,0.18356828088517718,0.49348548478352683,0.2386089617416666,-0.14828391333104893,0.12293985927053368,-0.21413988477077672,-0.4488648407430133,0.021254452581501167,-0.09056730071958498,0.32904238618524334,0.06709432699280415,-0.027372917148116568,0.5673341886539857,0.3519671046864665,-0.1778673827984923,-0.2288073058196336,-0.060755922829889474,0.21431519894173992,0.059337471810278195,0.1627457386703217,0.115702571540135,0.0009211962801520452,-0.08543059551036346,-0.09456127628716461,-0.2286319916486704,-0.26959335081162494,-0.18460582202424117,-0.2928750727155368,-0.19844289140880875,-0.16879885886412355,0.0001577827538668728,-0.050678545529887084,-0.1313533457115763,-0.10796165400951478,-0.1089338507757652,0.05833499350540685,-0.3391054195985305,-0.20465857565204917,-0.31209109961829323,-0.30195794053662073
#50,0.45467730239303844,0.5152132856266286,-0.045776123803680006,0.30126784020910197,0.09195706396576592,-0.036031843428507675,0.3843508195937492,0.49426164843133663,1.0,0.460222011491047,0.3266469571038099,0.25745523512020974,-0.005820430475977974,0.11079218098797504,0.14054618333080987,0.10951398130513432,-0.1221700706834862,-0.2688092183378623,-0.1121373188088199,0.17960458685621847,0.2138418506801393,0.09965176230585948,-0.07239519001665484,0.15233207691510808,-0.2825936934711409,-0.07419455091681343,-0.11905266597072253,-0.2904652997473882,-0.17297611742861924,-0.1685900756241583,-0.232390089968045,0.020438444803927036,-0.3406752783112464,-0.2493477515957574,-0.148680760863502,-0.017705137502091815,0.04917084365960363,-0.2437042290559332,0.012267210671851716,-0.32613376471244493,5.100048609838312e-05,-0.2010423224346357,-0.010665476655324371,0.1385332578951143,0.1701137151463475,0.03169520834495454,-0.16376734215747993,-0.3305612444118608,-0.35366446461442835,-0.36662018184860823,-0.2497270677111141,-0.24853333758337384,-0.2223509630326164,-0.13530269585381985,0.029773127525121724,-0.16458334993505408,-0.04471308242156683,-0.2674608929866363,0.15074309302010536,-0.0038792244738582666,-0.2377419534779941,-0.23382288487437147,-0.30724445967375624,0.13370893066324538,-0.09407836543442055,-0.0772179234833332,0.10307516993521344,0.2252484281490808,-0.11164962666050411,0.12822956593805035,0.012539744519439951,-0.009041429926128983,0.1310792180987975,-0.04757707846902916,-0.1615296958299134,-0.05578018790491597,-0.10814971830200257,-0.2363426276406697,0.013083218449425846,-0.18750966220146786,0.23827267728645538,-0.06706563921937381,-0.2800452629314123,0.34080915458725464,0.3796508060467451,-0.07459777351002876,0.06958060069010033,-0.2534548844918678,0.16512682386503996,-0.0007522571699511511,0.1477866585915897,0.11317804747826503,-0.02845348994732606,0.026591972204735078,-0.010008845396807688,-0.34953820653603107,-0.24348747699001505,-0.18775510204081633,-0.36610061439648095,-0.19131716724175027,-0.0733976683215262,-0.2825984747667126,-0.24021228952338453,-0.3093036042999785,-0.25892309286072884,-0.33523257018543456,-0.1300432707249241,-0.15537776219429592,-0.21112607479540038,-0.056573882969822055,-0.03283315669102471
#51,0.737306058698372,0.7101738000940322,0.2593103778020384,0.672634254795241,0.3759182079704197,0.2785630613041781,0.6980261218114735,0.7308242156683056,0.460222011491047,1.0,0.807329726111452,0.6206424467483206,0.3532947110902151,0.4826128186534278,0.12424196543123302,0.06256325255600093,0.4016814222760561,-0.004940672090780866,-0.1494840185195515,0.061744057248045645,0.16588864362613456,0.13204982109985736,-0.2822876905545506,-0.19008359298424563,-0.3490967335782419,-0.31000645474902183,-0.2734231685645754,-0.3269019595343018,0.0077935117819091715,-0.07128752320920559,-0.29258660121604285,-0.012844153670839676,-0.12922088788658767,-0.09334523344675628,-0.3915897010893385,-0.12488425280303453,-0.26066348444883614,-0.21909171321789161,-0.189149646582569,-0.20449282407222943,0.032257807457227325,-0.19618771366414586,-0.145556981089976,0.05284606618906836,0.13442771876419446,-0.05902828136330674,-0.17221429766752464,-0.2943684306991051,-0.31114759062547315,-0.3228139518204783,-0.2997569508084374,-0.25186111930129335,-0.2746025548056005,-0.21363944250093633,0.0667723864243081,-0.11410880634956051,-0.11764218377706412,-0.20975384296631577,-0.2100646271784778,-0.07839730972435831,-0.4694738184223318,-0.5134043621353266,-0.06347488624500952,0.03803201874267864,-0.3287188518515567,0.15528054251767087,0.3717170429280654,0.09873534732127916,0.006671501087744743,0.2947859971790356,0.33545410354692445,0.11671939373172151,0.4112567635410275,0.11988620516539299,-0.149654551394943,0.13467475236873352,-0.32631864147455153,-0.4859007562415829,0.2719680609455809,-0.08790411908613505,0.23784236068500028,0.0794093506203731,-0.011679111316529735,0.522230633760728,0.3342651547147559,-0.48157368374917325,-0.4140665715720103,0.02670034823769414,0.05583915721696722,-0.06880762457267171,0.20794332570982318,-0.027417542573452653,-0.0035413462534564784,-0.23193746065392185,-0.033857947708564096,-0.21826454908398346,-0.23109276510291737,-0.15175832144650128,-0.34621042481811154,-0.10421949334204592,-0.07450055383340372,-0.08161512164412817,-0.00667787614850704,-0.14672042967909538,-0.10208066045629498,-0.026341751069814883,0.06474830463227853,-0.5126281984875168,-0.10273729171481166,-0.3909171321789161,-0.28106208512299885
#52,0.6268262556877495,0.4182629553187929,0.2162261234052387,0.49395405174955576,0.32852122496792546,0.1418068515965543,0.5273689327351402,0.648622588434046,0.3266469571038099,0.807329726111452,1.0,0.5542748766824184,0.38901417654137016,0.5137247089386321,0.07876546948338102,0.13537441528739572,0.3532851484990716,-0.012340523870618143,-0.09433974292567476,0.19498920224083385,0.15554988883487797,0.2684330897528867,-0.15714206026026187,-0.02499342571858888,-0.2784674353927436,-0.23530986779717744,-0.17115922511136433,-0.29558287977432285,-0.03152786299994422,-0.12337973846313223,-0.15589254835085148,0.08100630334132872,-0.07717967311875941,-0.048295866569978245,-0.31557028902931733,-0.09371658073616014,-0.3217572854991274,-0.2592051892994605,-0.16087784586696843,-0.18870657985958927,0.09156340396369403,-0.2688203746941963,-0.24366119739578768,-0.04837396106431639,0.03289053223788539,-0.03866155599295556,-0.11493915801384982,-0.24940831467299923,-0.31139143669963104,-0.3015722493605017,-0.3082023125532915,-0.18772960179776713,-0.19508482815226832,-0.1854345799233399,-0.019950752655611248,-0.16635083553140115,-0.07604331853787981,-0.19121835379993465,-0.24295834694674434,-0.13101865502155569,-0.4051191737921252,-0.36957821004231445,-0.06306847612141303,0.11451999776872873,-0.2109380105029126,0.25459761413350973,0.40056259911227277,0.17092016033277818,-0.050418761803823445,0.292065439998725,0.28435958530229744,0.00492473443887512,0.43745188821330955,0.054688458749372455,-0.048528556287802116,0.22178358262477188,-0.20110926057263984,-0.4250731139781176,0.30218266142849176,-0.04718979352771956,0.20563236618349018,0.07044760895377285,0.17023165377045,0.36908095530285523,0.25133198925802264,-0.42654575301420844,-0.4262397500976181,0.05697551179784682,0.09079361537664656,-0.19349106296169385,0.046322785264047046,-0.10552638079831698,0.0018551426818286861,-0.37361999856561134,-0.17403756504554185,-0.10107021332547075,-0.14066730948529352,-0.08978476201101292,-0.27290678864282925,-0.10839037684577932,-0.11308560909721171,0.07865709345042195,0.0777550223525568,0.042486592450334294,-0.0263720326084358,0.06143646056626477,0.08812246491724374,-0.38303277578114414,0.02177242626843787,-0.4412338930105428,-0.32866785136545834
#53,0.6181338603383564,0.4964243877949462,0.20991321948537323,0.4992198519392138,0.5599152116918614,0.3146235925061161,0.3970531281626278,0.5939851301707719,0.25745523512020974,0.6206424467483206,0.5542748766824184,1.0,0.5925985544549721,0.40735682011969176,0.06329319701328404,0.28699886045788875,0.301792188956801,0.03954609567372439,0.0847723704866562,0.20981918733912933,0.013221876021005826,0.21700228705304847,-0.26033357505438726,-0.05048888747220872,-0.30958729450390077,-0.32282829570719346,-0.43765429639251247,-0.43232633936042203,0.19076731825100207,0.12458303118201595,-0.1190048530150053,-0.24837714859469753,-0.15510522834670767,-0.24446445505183723,-0.35021236921164406,-0.13520388241200423,-0.46803464845524306,-0.12380368000382504,-0.4565579453179163,-0.25249543784714196,0.07343591868609997,-0.036739475173122746,0.05272175250420356,-0.02215333614898517,0.01958099913139797,0.17120385053670042,-0.23492736415143955,-0.40049566097426864,-0.41053000661412553,-0.39759978962299486,-0.21176676840201134,-0.3121532564607256,-0.27724661125676353,-0.18383922096757485,-0.07873359417956953,-0.1423726382392082,-0.18367187562256454,-0.08887153455681375,-0.4165895018686897,-0.4216592689399071,-0.5795758990827882,-0.5910095705599694,0.09148212193897473,-0.07170030839356438,-0.0445712373196057,0.19612555682171345,0.4785232171744137,0.10597741634724955,0.06623369378989394,0.3190303532580545,0.4017483604140602,0.2020177067312673,0.2827498824598172,0.10236913195578895,0.044289140880874024,0.043678728812883996,-0.5472814350261775,-0.5698220561164724,0.2976802747651189,0.1133039549283204,0.3873869422817936,0.3077719959518364,0.0468375714206026,0.6912510259863415,0.5030672011092606,-0.3527639872817538,-0.50176190741818,0.11144403095092,0.13993417749762926,0.3146905306441202,0.24929515734446844,0.14196144682004,0.12128871853309851,-0.42209914813250565,-0.1830120568336667,-0.11258516682737132,-0.1352006948816231,-0.20479404569324802,-0.19968443449226625,-0.1172883679047566,-0.17774625664400864,0.14918120313334238,-0.1034465172246173,-0.06252978348699886,-0.0077982930774808945,0.008097920933308895,0.13234148012973249,-0.6712014598889146,-0.1437225573556248,-0.536867773270964,-0.45732932767015433
#54,0.3420443226099499,0.33698889942544763,0.3667174015252333,0.44775398640518294,0.40588418108360097,0.46119261449210686,0.24171361633290567,0.2662591940329431,-0.005820430475977974,0.3532947110902151,0.38901417654137016,0.5925985544549721,1.0,0.2666098223748695,0.11558463291603248,0.13133103299890828,0.3786594840982078,0.11567866506227638,0.21171576791591296,0.16830001035947373,0.005034704237024759,0.12930216991130697,-0.1398018949868116,-0.1701631218672553,-0.07849931069655508,-0.19691925188661955,-0.2035015021236921,-0.17301277402800244,0.3323398863645419,0.34463737857501453,0.12933882651069017,-0.3012614651483397,-0.16568464168174102,-0.24318306783861535,-0.07125086660982237,-0.028012016989536932,-0.31682458223429943,0.0574329224075417,-0.424461108144937,-0.04151439568408386,0.2374534819785001,0.08464008797583852,0.026281187992573053,0.24873096446700507,-0.32872363314712844,0.012598713831491207,-0.10281219867876866,-0.1560152682705257,-0.22495995664958682,-0.15754209532309604,-0.10093474328427193,-0.21046306847612142,-0.06437376981249353,-0.12358533417271633,-0.007015754368908829,0.06614763046960291,-0.18558598761644446,-0.01054753803122186,-0.5805305644319423,-0.5212632182900493,-0.576201898174342,-0.5459649849787631,0.2024910549928679,-0.06638032018742679,0.0027205571803106247,0.21019850345448604,0.30658464088485843,0.03700404019475811,0.21059056969136736,0.2711775534110559,0.3216600658225024,0.3437066197037191,0.2123118360971878,0.15864816836535472,0.14852616564001625,0.16682099626262062,-0.42859055375371546,-0.48391014351855544,0.19917921092685414,0.22765660735203883,0.2390089968045008,0.3509152196606874,0.2684330897528867,0.39866601853548916,0.2856744415845214,-0.41919849548566007,-0.5770912191506825,0.1938130035301899,0.0636262939381141,0.132770202965997,0.12402202583493374,-0.015041955868641873,-0.07766417773669405,-0.47521615440397164,-0.34271848528556287,0.083847986676123,0.07738526882834353,0.05271537744344126,0.046820040003506286,0.11144243718572942,-0.07091298838942059,0.34632836344221407,-0.1562479579883496,0.0840854576895186,0.1252109746671023,0.0500840711138028,0.1493039230530166,-0.6486480886770952,0.16987146283738017,-0.5967407501852752,-0.5310855931595598
#58,0.3450278510467053,0.4081983281403151,0.16957821004231446,0.21551211659986133,0.4722246571412634,0.05519686984516571,0.6847851206081808,0.32801759516770396,0.11079218098797504,0.4826128186534278,0.5137247089386321,0.40735682011969176,0.2666098223748695,1.0,0.2556112487947151,0.2380224561515352,0.17996955908486004,0.09128927635091522,-0.07202065519686984,0.2879152754424691,0.25087617241351834,0.27672704380463625,-0.17506076229789067,0.051579022862561656,-0.10805727992094924,-0.29020710978651515,-0.22618078078556686,-0.2163201555514826,0.01923515208504331,0.08764274159488082,-0.0886245009522747,0.09404489636541848,-0.047274263082820005,0.14059080875614596,0.062297093769174985,0.031207516196638748,-0.079653196694531,-0.03309772171266007,-0.1389030114193276,-0.1225015738431257,0.023567005873024727,-0.0952179075456813,0.07192184175505423,0.17488544812692747,0.06508618285268031,0.07687367020216912,-0.16907298647690236,-0.14532429137215214,-0.2971415821307047,-0.17468622747810564,-0.45231693614579765,-0.2623480942552734,-0.33208807146443114,-0.17904358150913627,-0.07217843795073672,-0.07947628875837723,0.02029341217158476,-0.04802014519200886,-0.43289850106383826,-0.16416737722031413,-0.4339934177497629,-0.3804397198160795,0.14837635171210226,0.09978245105148659,-0.19588808580831785,0.1926144921068779,0.5447887862681191,0.21789160802938903,0.06314019555498888,0.24804086413948634,0.17847620110129175,0.038094175585111044,0.34464853493134856,0.110620054347393,0.21367131780474782,0.1399262086716764,-0.2944050872984883,-0.33040983671875623,0.3552470734486688,0.023370972754584066,0.3444030950920001,-0.05224202918184064,0.030711855222370087,0.21617990421471206,0.17624492983448747,-0.4377467347735658,-0.451480209420746,0.0015220457569986214,0.07160787001251105,-0.0075209779343209365,-0.06614603670441234,-0.14365721298281126,-0.1292559507207803,-0.4635832622779686,-0.14095259345440636,-0.11390958570073871,-0.0869956729275076,0.026878849939038482,-0.15357043246818447,-0.19836001561889888,-0.015534429312529385,0.10934504219493342,0.08889225350429121,0.09762608674863932,0.04380623002812996,0.10315485819474217,0.2320777119906924,-0.441581333822088,-0.06441520770744846,-0.470548016160779,-0.3019244714676187
#101,-0.05723848305429161,0.10815609336276487,-0.2949246547506156,-0.16096231542206887,-0.05318872570504188,0.01310234363171274,0.2844663675700659,-0.09587453880419798,0.14054618333080987,0.12424196543123302,0.07876546948338102,0.06329319701328404,0.11558463291603248,0.2556112487947151,1.0,0.38764672600785727,-0.22475754847038387,-0.26455864657460015,0.3483365075823379,0.3932759046609663,0.5378017196726407,0.24438317302711793,0.18737259839507844,0.20520523711241623,0.19461626118623943,0.06001800954665349,-0.23125532915235597,-0.2410745164914853,0.12495915976699153,0.22170230060005258,-0.03137326777645849,0.1029843253193507,-0.3646821633768697,-0.17453481978500107,0.2343201396138307,0.4420355569014017,0.3892803353281961,0.21268955844735396,-0.038910183362685175,-0.2006120058331806,0.1716246045470121,0.3105658663309135,0.41624843611790674,0.5023292878260246,0.049633035564870226,0.09885806724095339,-0.48540828279769543,-0.3828845556184207,-0.3129676704731092,-0.23205221174764323,-0.4098462813473691,-0.29529122074444775,-0.2364924415685837,-0.1788714548685542,0.2623704069679414,0.06554678099275633,0.3510650335886014,0.23786786092804946,-0.28926360079369506,-0.28501940409119525,-0.36075034465172245,-0.3712309445449402,0.34806078620436853,0.18270924144745754,-0.19743244427798454,0.058550151806134404,0.41429288622907184,0.22672266095036217,0.5350333495366127,0.39518682912446507,0.026690785646550693,0.1241495270501797,0.1155766640900796,-0.2009546653491541,0.17025077895273688,-0.1368422730279148,-0.026595159735116225,-0.013760568655419997,0.20517973686936702,0.11973798500266955,0.03450342261074676,0.05361744854130641,0.13276223414004415,0.07885790786443433,-0.04706069854728303,-0.2925324131995633,-0.30327439058403527,0.09955613639442501,0.2570583875877567,0.042660312856106906,-0.07810724445967375,-0.2605057016949693,-0.4998430141287284,-0.29613910382583336,-0.18329096574201723,-0.09139127732311199,0.017443760010837604,-0.23138283036760193,-0.3884069520037613,-0.07186605997338412,-0.2806413311126872,-0.169857118950665,-0.2288439624190168,-0.1930384336475707,-0.2334324124026807,-0.2911538063097164,-0.29194272007905075,-0.2794699136976149,-0.3898174341974197,-0.24591159384487885,-0.13822884874371458
#102,0.015132800484504619,0.06641697678681,-0.3223517599152117,-0.03745188821330953,-0.023275346843149598,-0.1526572050139853,0.003378782204017882,0.05129692642382998,0.10951398130513432,0.06256325255600093,0.13537441528739572,0.28699886045788875,0.13133103299890828,0.2380224561515352,0.38764672600785727,1.0,-0.35384456008096327,-0.3479906605359832,0.2600116344858912,0.7079855604873734,0.3894173991345855,0.36270430077536675,0.03581987265816127,0.2671102646447099,0.06897975121325375,0.008614300855055025,-0.47665213684067925,-0.36198710643960824,-0.16439050434699456,0.10107180709066134,-0.3024520077456988,-0.010040720700619178,-0.4134179091394465,-0.39803648128521224,0.22314784562790363,0.33246260628421614,0.13673389699495572,0.21114838750806844,-0.14534819785001077,-0.2479930511837691,0.16538820135629417,0.18528635976061647,0.24672282032688125,0.1474631242579031,0.0896110416052403,0.524189371179944,-0.49812971654886085,-0.49066452039621,-0.5771629385842584,-0.49653435759309583,-0.2757436906820518,-0.19149407517790404,-0.41410800946696524,-0.3878507279522508,-0.25080285921475187,-0.3574496569420427,0.2549163671716246,0.5621209827156165,-0.19732566201021604,-0.2771382352238045,-0.29857278327184056,-0.17466710229581875,0.3433591788921738,0.17711671939373172,-0.05823618006359123,0.05891671779996653,0.30093314951908134,0.09365283012853716,0.3991632732749484,0.5985911115715322,-0.16561451601335575,0.06537146682179315,0.0687327176087147,-0.1091521966068739,0.4385053670042793,0.31353345711576314,-0.21573205619616062,-0.20305843540071242,0.16577070500203206,0.15508769692961136,0.03227533887432365,-0.03753635776840998,0.08849540597183816,0.36460885017810324,0.27216409406402153,-0.16349162077951054,-0.12654176860123198,-0.15594992389771214,0.2702404194789982,0.21154842257090262,-0.10006135995983712,0.16271226960131963,0.05561284255990565,-0.23415279426882038,-0.06768561387850729,-0.3203037716453235,-0.07117914717624653,-0.45012550900875775,-0.3913155734765597,-0.4312728605694523,-0.552351202097395,-0.3183848783558718,-0.2123134298623784,-0.15205476177194813,-0.409715592601742,-0.3425591087665054,-0.4159344643753636,-0.15286439448875996,-0.1447345982516396,-0.24467642582218363,-0.1385970085027373
#201,0.37323590115468286,0.21287284144427002,0.7648638526085951,0.5900198423766226,0.3756424865924503,0.20399397556757962,0.2487915275442469,0.32089824606140777,-0.1221700706834862,0.4016814222760561,0.3532851484990716,0.301792188956801,0.3786594840982078,0.17996955908486004,-0.22475754847038387,-0.35384456008096327,1.0,0.6559220330068771,0.026584003378782205,-0.3211452796659468,-0.3235550526340954,0.07910812899935453,-0.10621329359545457,-0.03886874546773024,-0.17273067758927077,-0.12626126592769088,0.05822183617687606,0.0370167903162827,0.29200487692148314,0.08035126584800262,0.14994461665962755,-0.17828973057399453,0.25152961614165387,0.04549243359975775,-0.29556375459203593,-0.3915163878905721,-0.48538118878945563,-0.24602156364302846,-0.16085553315430037,0.13690921116591892,0.005015579054737865,-0.13143940903186732,-0.1633641195642646,0.015620492632820407,-0.14710293332483326,-0.20797520101363465,0.196190901194527,0.1017109069320817,0.08674385802739683,0.15625433304911188,-0.12498944130561244,0.027004757389093866,0.20024065854377673,0.408966522962172,0.22839611440046537,0.37962211827331477,-0.3868769374208098,-0.4042250715202129,-0.3397572695614755,-0.16401118823163782,-0.2298050028289332,-0.23471061208552144,-0.17346699710731617,-0.05319510076580417,0.022929499796794938,0.0349815521679191,0.0025548056004908795,-0.07794468041023515,-0.09706030010598539,-0.23614818828741962,0.5344261249990039,0.07032010773852689,0.0825936934711409,0.12492569069798946,-0.3185936615958371,-0.12438381053319414,-0.37957430531759756,-0.37027149790021435,0.05239981193570751,0.3134314561435664,0.05416889129724518,0.27210831228235144,0.06514833969511272,0.0834304201961925,0.016296249073623984,-0.25056857573173746,-0.4052450812421806,0.37072890850990925,0.08722836264533146,-0.2636135438165895,0.21315653164819226,-0.21686044195108733,-0.1542111260747954,-0.11919451107268367,-0.1987568631513519,0.36437456669508883,0.2745403979631681,0.45724167058467274,0.3772553769653117,0.13704627497230834,0.35074149925491477,0.5439584346038299,0.448824996613249,0.37313230641729556,0.40147423280128136,0.35008805552677924,0.48481062085123,-0.3692833634820582,0.12669317629433655,-0.3693773956283021,-0.4214154228657492
