,#10,#11,#12,#13,#17,#18,#26,#49,#50,#51,#52,#53,#54,#58,#101,#102,#201,#202,#301,#302,#401,#402,#501,#502,#601,#602,#701,#702,#801,#802,#901,#902,#1001,#1002,#1101,#1102,#1201,#1202,#1301,#1302,#1401,#1402,#1501,#1502,#1601,#1602,#1701,#1702,#1801,#1802,#1901,#1902,#2001,#2002,#2101,#2102,#2201,#2202,#2301,#2302,#2401,#2402,#2501,#2502,#2601,#2602,#2701,#2702,#2801,#2802,#2901,#2902,#3001,#3002,#3101,#3102,#3201,#3202,#3301,#3302,#3401,#3402,#3455,#3501,#3502,#3601,#3602,#3701,#3702,#3801,#3802,#3901,#3902,#4001,#4002,#4101,#4102,#4201,#4202,#4301,#4302,#4401,#4402,#4501,#4502,#4601,#4602,#4701,#4702,#4801,#4802
#10,1.0,0.6544382376144523,0.20915618101985034,0.6408290766521368,0.20314290495581286,0.15067456111691063,0.4268740686434668,0.7923499270852425,0.504447401764298,0.7313740646590537,0.7859222720716557,0.3479109722764545,0.30812740558933455,0.3607535321821036,0.3080923427551419,0.07391245447808174,0.33508594378790174,-0.06732701671062802,0.24568049789224553,0.28557562814270576,0.4990620691853469,0.1651985432986158,0.02995322299165664,-0.20977774944417438,0.09713042577437066,-0.2146339519798548,-0.4285363657372359,-0.44511789877997276,0.11362589549681645,-0.06661938496601295,-0.3237367418658209,-0.4029532468981345,-0.5095171688355155,-0.44259018718772164,0.2167201906143168,-0.24053582385707115,0.03003450501637594,-0.2567268844281172,-0.007023723194861701,-0.37077831523081706,0.2112870450796484,-0.15206751189347273,0.20371984795480083,0.16349958960546343,-0.1284813808381611,0.024832455434340858,-0.46846018376112647,-0.47728008032576563,-0.6022838655180932,-0.7047836862195093,-0.5368550231494394,-0.47973766624963143,-0.4411685486377292,-0.3505582162579987,0.13270804612356463,-0.16301189745714764,0.027299603949350142,-0.04578568639482345,-0.11374702165130011,-0.43684625744089123,-0.13448509431105515,-0.10868681717122616,0.21677756616117747,0.11826375220138817,-0.17712150068930343,-0.04256468694467244,0.29718780132123135,0.35964586537465437,0.45596187713664144,0.357381125038848,0.3908039748503853,0.3911737283745986,0.3399819904533465,-0.16252261154364128,0.10939444891584123,0.029290216672377658,-0.39556933277020295,-0.41839045653403883,0.28277857023324754,-0.11191578544733005,-0.13924248340491996,0.2122114288901816,-0.1500338675102997,0.17659715194160444,0.3937635968092821,-0.2870944863693232,-0.2796484153989593,0.20011634485891194,0.19304162117795184,0.3890986460964706,0.22051972682864635,-0.02748448071145678,-0.09544740973312402,-0.23919227980141686,-0.23117564089282727,0.049118249408314676,-0.11435743371929014,-0.08625616587908104,-0.28967797974324444,-0.22039381937859095,-0.3541920008925085,-0.17783391372949023,-0.30715202129270297,-0.16713178047478264,-0.37605527177680914,-0.25420076660105667,-0.35649339782769807,-0.11201141135876451,-0.09414530357242468,-0.2715552757612221,-0.2569006048338898
#11,0.6544382376144523,1.0,0.34784881543402213,0.4818382487708086,0.3573651873869423,0.23032775781144163,0.5204296790953788,0.6814366199427838,0.5699224633234785,0.6458749372454956,0.6044768864203237,0.2095896851516866,0.25875415375052796,0.13332961454788866,0.30942313668927157,0.294365243168724,0.31764696507263585,0.06280391109977768,0.19593749252922568,0.3202177083250325,0.42274302926949775,0.2856186598028512,-0.032959064141080095,-0.05894859310377802,0.04310178581389604,-0.2059431503956522,-0.3138904605184518,-0.37786419526811116,-0.028955525982357018,-0.11227119508482815,-0.4045071679589446,-0.43147208121827413,-0.4267959741491286,-0.5516435703527799,-0.08926997585445737,-0.3542143136051765,0.013311126871677995,-0.30547219278183746,-0.07583612906310513,-0.28879662759285674,-0.025315366287084924,-0.1309166540493589,0.32093012136521926,-0.0491230307038864,-0.18832407621385142,0.19490792021611456,-0.4454605582959463,-0.5085593159559803,-0.5025332897704181,-0.4490210297316896,-0.37001012040896014,-0.3489772011889488,-0.28514212401086947,-0.11877694459275315,0.2702691072524285,0.09033461100176111,-0.01325534509000789,0.0679772729083824,-0.27476511885503907,-0.40801345137820844,-0.23014447481452557,-0.20562758488791846,-0.00546980213405159,-0.06382392082174533,-0.11574241566989936,0.04718182470176669,0.3223916040449761,0.4147885472033405,0.5066786730311024,0.41176198710643963,0.4267784427320323,0.25609415964745913,0.3998246858290368,-0.1715736040609137,0.12073886954235033,0.06320713369299301,-0.39232920813776506,-0.4235271617432604,0.13594817075600252,-0.1414115978292918,-0.16520491835937812,0.14038999434213356,-0.06844105857883959,0.15059965415295365,0.28522978109635105,-0.3212329367514284,-0.3537935595948649,0.006032401246324379,-0.005133517678840376,0.27335463666138066,0.19713600395253766,-0.0935508291563404,0.011400202408179202,-0.2678864282925197,-0.2925818199204711,0.13724549562113014,-0.05034544860505702,-0.06555474981870921,-0.20040162882802476,-0.17968108758536605,-0.26833108878068995,-0.027100383300528334,-0.33508594378790174,-0.08259209970595033,-0.3057303827427105,-0.2388830893544454,-0.2892317254898836,-0.23009666185880834,-0.09767549346954713,-0.37802675931754975,-0.3895560567061655
#12,0.20915618101985034,0.34784881543402213,1.0,0.3745332260198105,0.14241566989935373,0.29632398058793996,0.3514284120520524,0.19023340691215962,0.1943628525209381,0.400760225995904,0.34262126560893785,0.042512092693383484,0.18524492186566152,-0.022373275745284447,0.1145343416554439,0.20207826980850913,0.600865414498482,0.6587493724549562,-0.05923547083808142,-0.05956538023253034,-0.0837300480520205,-0.1954737068587685,0.06709432699280415,0.07989066770792659,0.020980324968722357,-0.13714508841412396,-0.04567093530110209,0.06921881599183992,0.13780012590745006,0.2056307724182996,0.2259656224848393,-0.15539529361139223,0.030721417813513535,-0.26198471579182236,-0.2932320761182255,-0.3685327000772976,-0.12571301070213325,-0.29032186088023654,-0.16915267473643109,-0.08147805783773876,-0.02454079640446573,-0.30151328004845046,0.13903848146052641,-0.21491923594896764,-0.10889400664600085,0.21697200551442755,-0.08380973631154921,0.023578162229358747,-0.18573420777916788,0.027355385731020247,0.008609519559483301,0.238360334371937,0.13911338842448343,0.15771262819848753,0.2782777773350652,0.13393365155511638,-0.3418307580744129,-0.25517455713249765,-0.582430332539107,-0.2815067456111691,-0.2936400800070126,-0.19041350237869456,-0.40206392592179396,-0.1545665357122935,0.22864314800500443,0.2705081720310147,0.09321932599670091,0.37145088414123945,0.1348006598187889,-0.1470694642558312,0.5389237303668051,0.20099450947891848,0.2851341551849166,0.27725776761309756,-0.18656296567826663,0.17193379499398354,-0.33945126664488523,-0.3111762783989035,0.325365569890588,-0.09604347791439888,-0.12094287148674386,-0.05117898779972747,0.10521400282096438,0.004629887878618843,0.02419813688849222,-0.39385125389476366,-0.42135007849293565,0.016763222274462305,0.006077026671660464,0.12731155718827944,-0.17117516276327008,-0.4014933579835683,-0.2171377570942473,-0.3894875248029708,-0.39251727243025286,0.5199069241128704,0.08262397500976182,0.5526157671190304,0.356984277506395,0.3895401190542597,0.34895648224147136,0.5653611073480544,0.16198710643960826,0.4304680091482122,0.18701240746200862,0.22099785638581868,0.17363115492194536,-0.30370630095068096,-0.06377292033564695,-0.40470001354700413,-0.23761923355831985
#13,0.6408290766521368,0.4818382487708086,0.3745332260198105,1.0,0.1888882690913148,0.26318003968475323,0.5067966116552048,0.4171823825195834,0.18349974898198249,0.6699694793966005,0.5239630565228824,0.12515678665062277,0.3434866801074198,0.1823681756966746,0.2075034465172246,0.08239287905712851,0.5515320067894397,0.1350190056498976,0.15762815864338706,0.20986221899927485,0.15815569492146722,-0.062093091824781455,0.19907880371984796,0.042840408322641826,0.12178119197698603,-0.08883169042704939,-0.19914892938823323,-0.21251424427639076,0.3149630644917084,0.026650941516786333,-0.11832431527863,-0.11697280239702285,-0.20629218497238802,-0.1944744160842783,0.06364063782482927,-0.25004263321884784,0.09076970889878794,-0.23820414538326068,0.08190996820438445,-0.17044203077560582,0.1992445552996677,-0.06473236698037278,0.27365107698682756,0.0374104503183546,-0.02140745403979632,0.11117149710333177,-0.27563531464909274,-0.26962522611543643,-0.48610953948154817,-0.3794643355194479,-0.4380399875686315,-0.29765955581764136,-0.2093904645028648,-0.1794085537377778,0.19201364263003132,-0.08762680394297508,-0.112642542374232,-0.10483468670560767,-0.09400186470527297,-0.25703607487508867,-0.23328578600514785,-0.14852457187482568,0.21753938592227207,0.23806389404649014,-0.07945875734128091,0.04934456406537625,0.3198017356102925,0.42497270677111143,0.2505892946792149,0.23440460916893113,0.3410020001753142,0.14226904350182087,0.15358477635489964,-0.05123795711177872,-0.11749715114472185,0.03270724924096933,-0.3854329861581493,-0.3998932177322315,0.4905194877638677,0.001659109563388026,-0.14321414625983153,0.16905386129461547,-0.24381898014965456,-0.013902413757381125,0.0857652862003841,-0.41637912486353384,-0.4081584840105507,0.16832391683733236,0.11303938990668505,0.1514395684083864,-0.04879630883981863,-0.22001131573285307,-0.24342372638239207,-0.28379061112926235,-0.3131605160611687,0.2838049550159775,0.0008813521503876834,0.0547856784259975,-0.02172939460829236,-0.06120536461363147,-0.17376024990238187,0.10527775342858736,-0.11335336164922821,0.021624206105714444,-0.10506578265824096,-0.15135031755771422,-0.10562997553570433,-0.22637681390400752,-0.19026846974635228,-0.29693758018631117,-0.22907983966722184
#17,0.20314290495581286,0.3573651873869423,0.14241566989935373,0.1888882690913148,1.0,0.35781144164030315,0.27250834734518564,0.20014822016272343,0.3307859653037318,0.18952577516754457,0.1730095864976213,0.3639633752759206,0.24117651746368207,-0.01499095538254349,-0.03176374024814924,0.08003091904469714,0.194232163775311,0.10498290686833109,-0.21724135183163465,0.03186892875072716,-0.02897783869502506,-0.016557626564878195,-0.07162699519479795,0.09611838487835588,-0.155946736367331,0.001837611264732367,-0.19595661771151257,0.03883208886834703,-0.026617472447784268,0.29984142036353784,-0.10638860776641777,-0.1495844257265577,-0.08188287419614468,-0.06490130609057368,-0.18988755986580497,-0.1445465339591518,-0.06829761971168788,-0.11488018870179856,-0.20049247344388751,-0.09884850464980995,-0.09503303078357465,-0.07271234928957916,0.1146219987409255,-0.21707400648662434,-0.1487795743053176,-0.03422132617201508,-0.09951151096908892,-0.045940281618309174,-0.23431854584864012,-0.16476982046235128,-0.4104694435368837,-0.13524691407214975,-0.2851676242539187,-0.07199356118863008,-0.19431663333041144,-0.15916614205229143,-0.27086358166851277,-0.2846145877327893,-0.3173680561642853,-0.3572759365362701,-0.0038935683605734366,0.16567189156021644,0.06139661643650041,0.1334140841029891,0.2585134952067512,0.17309405605272174,0.1931882475754847,0.2727585684801058,0.16736925148817824,0.16053199882061375,0.20125748073536326,0.1742527233462694,0.24785598737737968,-0.052857222545402385,0.03636494035333774,0.02893480703487955,-0.13605176549338985,-0.16413390815131207,0.020907011769955932,-0.09187896947142778,0.04711648032895314,0.29876722262509064,0.286544637378575,0.24561196598905083,0.37075919004853014,-0.03239487126361673,-0.11267282391285292,-0.016610220816167153,-0.044058044928240725,0.3058929467921491,0.019952346420801823,0.02457585923865837,0.12673142665891035,-0.14748384320538055,-0.24488680282733946,0.07584887918462972,-0.10208066045629498,0.11532803672035,-0.006432436309158572,-0.045917968905641135,-0.11515112878419623,0.04898277936711584,-0.07241590896413232,0.08358820295005936,-0.14657858457713424,-0.05389316991927579,-0.17913761365538014,0.026225406210902948,0.10743411773143463,-0.21251583804158133,-0.35301580218186457
#18,0.15067456111691063,0.23032775781144163,0.29632398058793996,0.26318003968475323,0.35781144164030315,1.0,0.2913689646104439,-0.0123182111579501,0.11121771629385843,0.38436197595008326,0.17173298057997116,0.21103682394472822,0.43526046107626964,-0.02444517049303126,-0.07500896492919698,0.2988325669979042,0.446000844695551,0.3981018256580258,-0.00781423072938664,0.02986078461060332,-0.20222011491047023,-0.04453458072022249,-0.04390504346994557,0.32130624995019486,-0.29350301620062313,-0.18757978786985313,-0.10825490680458048,-0.1084222521495908,0.03835077178079353,0.5178159041828367,-0.24157655252651627,-0.1534987130346086,0.004156539617018225,-0.0856967542971894,-0.23953175178700922,-0.17349568488074651,-0.056659946290113075,0.07916391078102464,-0.21774498163185618,-0.06518977759006765,-0.02391125915418881,-0.1435408681238993,0.2326833427631107,-0.17570942473045445,0.046314816438094174,0.15877885711098183,-0.15503669644351298,-0.13883607328132347,-0.0757070340826686,0.07639554064499678,-0.15128497318490067,-0.08753595932711233,-0.0072914757468782124,0.16292902166723777,0.07191227916391078,-0.09465690219859908,-0.24391301229589846,-0.13111906222856187,-0.28305747914159807,-0.043532102415351145,-0.20198423766226523,-0.10669142315262692,-0.024977488066683137,0.08038632868219525,0.05767358095131844,-0.016025308991226322,0.03789973623186096,0.19566495868163744,0.08700682928384161,0.14789344085935818,0.38995609176899965,0.14946329957207405,0.19497963964969042,0.11091171337726813,-0.050010757915036376,0.24614587732789328,-0.1742144729816956,-0.15197188598203826,0.0634637298886755,0.04104264118767382,0.04867837021571612,0.34615304927125085,0.07055917251711305,0.2872060499326634,0.1275203404282447,-0.1046641538302162,-0.17691590497971935,0.10028608085170812,0.05629816159185267,0.3318219126776052,0.025924184589884373,-0.005423582943524931,0.2701256683852768,-0.137616842910534,-0.1488114496091291,0.1304417120225677,-0.04828789774402537,0.21615440397166286,0.04531074436803226,0.005058610714883376,-0.048032895313533455,0.2647339607455634,-0.13207054004733482,0.15291061367928663,0.07203818661396616,-0.06065392185769271,-0.06531727880531361,-0.2357130903903928,-0.0022121460845173683,-0.3270533672274064,-0.2634764800102001
#26,0.4268740686434668,0.5204296790953788,0.3514284120520524,0.5067966116552048,0.27250834734518564,0.2913689646104439,1.0,0.39373490903585173,0.3168213947039183,0.6380336125078692,0.4606029213715943,0.19713919148291884,0.3939707862840568,0.2845428682992135,0.2745021475985943,0.16820279068284869,0.4306799799185586,0.2193865597781479,-0.15040043350413185,0.08584338069472225,0.19786276087943963,-0.1406067464080517,0.00030440915139972425,0.07694857716612612,-0.1338332443481102,-0.12709799265274246,-0.4562216608627051,-0.3232203619440748,0.17749603550908843,0.1428093299014256,-0.23993019308465283,-0.19776235367243344,-0.31499972109109164,-0.344560877845867,-0.05428682992134769,-0.28810333973495683,0.09595422706372671,-0.11153487556678275,-0.042024400545067696,-0.21234371140099928,-0.05603040903983616,0.036787288128839975,0.17117994405884182,-0.03878905720820151,0.003028153862091498,0.027299603949350142,-0.5216297842838814,-0.47210831228235145,-0.552778331168469,-0.3130792340364494,-0.3991425543274709,-0.2859852257966834,-0.288095370909004,-0.1614356636836695,0.15187147877503207,-0.17046593725346446,0.032173337902126876,0.06524396560654719,-0.10566344460470639,-0.3409796874626461,-0.12214457044043701,-0.15339671206241184,0.09482743507399055,0.2831052920973153,-0.05310903744551315,0.004814764640725482,0.4708556128425599,0.503825833339974,0.4188128043095411,0.4462925037254261,0.5419072588035605,0.3360852345623919,0.44368829140402744,0.20831148546884587,0.03293515766322148,0.30999211086230666,-0.32907426148905483,-0.3788778299293165,0.2104566934153591,-0.09132433918510786,-0.03163464526771271,0.1709982548271163,-0.14830781980890756,0.00497095362940178,0.33510188143980746,-0.34655467809927565,-0.37059821976428214,0.12287929619329184,0.23293515766322148,0.3899943421335735,0.2360477810804134,-0.07839730972435831,-0.016160779032425153,-0.2987576600339472,-0.30810987417223823,0.15199260492951575,-0.015972714739937364,0.041761429288622906,-0.2298002215333615,-0.15406449967726255,-0.2849923100829555,0.16971527384870386,-0.14450031476862513,0.028434364765039168,-0.27661548024129606,-0.2895345408760927,-0.30308632629154747,-0.21565077417144132,-0.04905290503550112,-0.2996119181760951,-0.2988628485365251
#49,0.7923499270852425,0.6814366199427838,0.19023340691215962,0.4171823825195834,0.20014822016272343,-0.0123182111579501,0.39373490903585173,1.0,0.6659994103068795,0.5444604706388608,0.7780299468479309,0.4859740694403494,0.2862099466885544,0.30413502378694546,0.3359768585294329,0.16215923308019028,0.27117117835029364,-0.06556909370542438,0.3157057590705161,0.2910087736773741,0.5428141111969973,0.35050562200670976,-0.018484488680282733,-0.19473898110591367,0.08807305819633593,-0.05790308313876116,-0.491316370359155,-0.4814382137079744,0.0014949517487588553,-0.22324506530452867,-0.2812326179983903,-0.38179601399325835,-0.4639944536971368,-0.5188024448358023,0.03947756377052969,-0.3142968706420483,0.032815625273928395,-0.3301038338021659,-0.09937922845827124,-0.3202400210377005,0.05308353720246396,-0.10234203794754919,0.23217333790212688,0.14759062547314905,-0.16403987600506817,0.11555594514260215,-0.4868028273394481,-0.5259106375857645,-0.6027476511885503,-0.7422642622062492,-0.4898676378009228,-0.4568320729306951,-0.42571380758472854,-0.29941747882284503,0.11525631728677414,-0.015070643642072213,-0.014166978779016487,0.01517264461426898,-0.2706324857158795,-0.4650192447146762,-0.24662878818063735,-0.2056004908796787,-0.02623656256723697,0.017013443409382496,-0.15162763270087418,-0.07619313246579382,0.32759205986182055,0.356171457259202,0.5436412753309054,0.3526125795886492,0.3599231805178143,0.29028998557642505,0.39798229326873275,-0.18178326387173377,0.088630876013037,-0.1349329423296066,-0.49325917012646525,-0.5212488744033341,0.14723840336603208,-0.1310553116209389,0.0371793543657213,0.20553992780243688,-0.17504323088079432,0.2767971694730215,0.3288431655364215,-0.24711966785933429,-0.3640111882316378,0.08851931244969678,0.05241256205723211,0.23130632963845438,0.27281913155734766,-0.14247145168102385,-0.177347815346365,-0.220726916303421,-0.23655937970658783,0.08089314601279793,-0.036422315900198426,-0.08708333001298918,-0.22555921236124282,-0.19631043358382008,-0.3662042091338683,-0.07283188167887225,-0.31408171234132076,-0.010987417223820415,-0.3475667189952904,-0.19698300249424253,-0.3501470248388305,-0.28942616484313366,-0.19663078038712556,-0.2798922614731172,-0.3527623935165632
#50,0.504447401764298,0.5699224633234785,0.1943628525209381,0.18349974898198249,0.3307859653037318,0.11121771629385843,0.3168213947039183,0.6659994103068795,1.0,0.36295770944066813,0.6369052267529425,0.3299588011698236,0.29619488560750346,0.07115045940281618,0.1038959590083593,0.22870211731705567,0.18732956673493295,0.1140163679685072,0.11936982524364685,0.2599032584529321,0.3149471268398027,0.3013108718692475,-0.03172708364876603,0.09384567571659667,-0.0533369458677653,-0.09470312138912575,-0.3629688657970021,-0.1983456717321837,-0.11508259688100152,0.051116830957295065,-0.24251209269338347,-0.4067432205213206,-0.43712676011443236,-0.5198909864609647,-0.1583820095785288,-0.22438460741578944,-0.18917195929523703,-0.2878802126082764,-0.17179035612683183,-0.23752520141207595,-0.12670433265067058,-0.19184948481540215,0.11528819259058563,-0.002747651188550391,-0.20700619177776539,0.13737140307118553,-0.3523958275227311,-0.2871646120377085,-0.39116257201826454,-0.4385786802030457,-0.40057853676417854,-0.23746782586521528,-0.34386758998796707,-0.10166150021117389,-0.08880937771438134,-0.039176342149511115,-0.07222465714126337,-0.01783901377810007,-0.311668751842791,-0.3705041876180382,-0.293810612882404,-0.24836439847317296,-0.13022655372184017,0.029216903473611232,0.16884189052426907,0.08249647379451586,0.16931045749029797,0.3810214441106392,0.31242100901274217,0.2982683741204408,0.3352803831411518,0.2608786427495637,0.35139972427862204,-0.12081058897592618,0.04959637896548701,-0.0740718309971392,-0.4987289722605169,-0.5221318203189124,0.06888412530181928,-0.04194630605072955,0.11457418578520827,0.14994939795519927,-0.16223254627895672,0.3800269346317207,0.19157854473300448,-0.13915323255424777,-0.279525695479285,0.08370932910454303,0.08671038895839477,0.3385013825913028,0.05052395030640136,-0.10253807106598985,0.05200137063806389,-0.1905218784116536,-0.17312593135653323,0.06394504697622899,0.005238706181418292,-0.06673254229454374,-0.2075926973678968,-0.17500338675102997,-0.3224394170006933,0.16855023149439394,-0.3034704237024759,0.08518037437544326,-0.4060977456191379,-0.24710851150300026,-0.47763070866769197,-0.33711321311031245,-0.20887886587669038,-0.1835730621807489,-0.23166492680633363
#51,0.7313740646590537,0.6458749372454956,0.400760225995904,0.6699694793966005,0.18952577516754457,0.38436197595008326,0.6380336125078692,0.5444604706388608,0.36295770944066813,1.0,0.718099594386759,0.2300870992676649,0.36897895433065847,0.321170779908996,0.3010686195602802,0.12273745109133072,0.5499446166596276,0.17281833467475236,0.13654583270246795,0.15852863597606165,0.22809329901425623,-0.05114870626110655,0.07416745690857365,-0.041563802404991676,0.026442158276821077,-0.34503741363784873,-0.3666169943182271,-0.4328953135334571,0.22638318896476983,0.09089402258365276,-0.2878403684785121,-0.31338842448342086,-0.41873311605001234,-0.3781351353505088,0.1365984269537569,-0.30274207301038336,0.04699854170485063,-0.1789112989983186,0.02571380758472854,-0.20611527703623425,0.2130800309190447,-0.15620970762377578,0.2855915657946115,0.004615543991903673,-0.044344922662544126,0.12138275067934241,-0.49418992899776076,-0.5145757795503988,-0.4303102263943453,-0.41947740439401066,-0.3682713225860434,-0.3853692355505263,-0.2227143414960674,-0.23044729020073473,0.235000677350206,-0.16179585461673932,0.08404561355975425,-0.03287937588155137,-0.11741586912000256,-0.3697758369259457,-0.27796380559252204,-0.2593996286527106,0.13766146833587006,0.10601566671182334,-0.10344173592904557,-0.10303213827506794,0.28597406944034937,0.3422100741897696,0.36325096223573383,0.29671445305963073,0.5539943740088773,0.319125979169489,0.4276454509957048,-0.04487564647100543,0.01335575229701408,0.23585812302273507,-0.42120982715616506,-0.38187729601797765,0.3472623098438907,-0.07713823522380447,-0.08092183378622828,0.15009443058754154,-0.23129357951692978,0.11267760520842464,0.34571476384384286,-0.3622022647403358,-0.3722142976675246,0.182119548326945,0.23670122480854897,0.36276008255703684,0.16914629967566877,-0.07674776275211373,-0.07051614085696754,-0.28250284885527815,-0.2434157575564392,0.19542748766824183,-0.1085162842958347,0.06527265337997752,-0.29750496059415565,-0.16157591502044003,-0.2992134768784515,0.0679836479691447,-0.2002757213779694,-0.07774386599622278,-0.40599255711656,-0.3070404577293627,-0.3344803130154834,-0.32849891225525746,-0.17795663364916448,-0.3548486321510252,-0.24894293523735148
#52,0.7859222720716557,0.6044768864203237,0.34262126560893785,0.5239630565228824,0.1730095864976213,0.17173298057997116,0.4606029213715943,0.7780299468479309,0.6369052267529425,0.718099594386759,1.0,0.33297579867558114,0.3254723521583565,0.3556534835722653,0.26454111515750384,0.154448597088191,0.4059877758209883,0.17512132537513247,0.21507542493764395,0.12963207930575588,0.2875327717967312,0.1504657778769454,0.003173186494433775,-0.0656615320864777,0.06139980396688156,-0.16535951358286383,-0.47820924543187054,-0.34385005857087075,0.10264325956856776,0.04737626405501678,-0.2340396369402896,-0.34385165233606135,-0.3969112830606667,-0.37889695511160343,0.02922646606475468,-0.33135493947676686,0.011071886778920861,-0.19414610045501995,-0.1505900915618102,-0.2822191586513559,0.17405987775820989,-0.24035891592091738,0.20842942409294837,0.021636956227239042,-0.21644606300153799,0.138740447369889,-0.41759038640837043,-0.43825514586935904,-0.4780992756337209,-0.5572392799368869,-0.38371490728271,-0.3213174063065289,-0.3529010510881432,-0.24981791232697687,0.08929069480193483,-0.14278382965837644,-0.1532182103610675,-0.15890157703065608,-0.25640175632924,-0.35814135103475203,-0.15139653674824088,-0.14107690713927118,0.011065511718158564,0.01900086860202886,-0.01869008438986684,-0.0744893974770697,0.2263401573046243,0.3816446063001538,0.39913777303189923,0.26927459777351004,0.4413661755213604,0.2941883352325702,0.3750320745244603,-0.14972148953294712,-0.06094717465275841,-0.07270756799400745,-0.42130704683279013,-0.44798986365338794,0.2943795870554391,-0.026556909370542437,0.06739395484863216,0.1574895010718071,-0.24416960849158093,0.2280088294591558,0.3263090788834081,-0.19840464104423494,-0.34989361617352915,0.25938369100080483,0.14681446182533928,0.2931826693973177,0.12674098925005378,-0.2040768513574895,-0.13481022240993235,-0.20814892141940727,-0.22609312370008527,0.17175051199706748,0.03933890619894971,0.09593988317701153,-0.17351799759341457,-0.0804516730550088,-0.26274334802253585,0.04686147789846122,-0.18299452541657038,0.05351066627353792,-0.32324267465674283,-0.13537760281777686,-0.2754823131907976,-0.2751348723792524,-0.23476161257161982,-0.23483492577038625,-0.21731785256078223
#53,0.3479109722764545,0.2095896851516866,0.042512092693383484,0.12515678665062277,0.3639633752759206,0.21103682394472822,0.19713919148291884,0.4859740694403494,0.3299588011698236,0.2300870992676649,0.33297579867558114,1.0,0.3767804349385205,0.26967463283634424,0.19909314760656313,0.05422945437448701,0.13467315860354295,-0.030770824534421343,0.18282718007156007,0.024464295675318156,0.25541202814589326,0.13413287220393819,-0.0744017403915881,-0.13130075146028736,-0.0407876387571819,-0.05835889998326547,-0.43915402943684306,-0.33111268716779957,0.04521193092621664,0.20927571340914344,-0.22794986014710453,-0.1062180748910263,-0.33512738168285666,-0.1666727760998972,0.1355497294583589,-0.05356963558558917,0.11611057542892206,-0.06656997824510515,-0.2098462813473691,-0.08508952975958052,0.010810509287666649,0.19361059535098693,0.29696148666416977,0.22385707113770928,-0.1445226274812932,-0.0168508793599439,-0.3645307556837651,-0.3428204862577596,-0.3596235526619863,-0.5209508403126968,-0.5063296384543665,-0.4687773430340508,-0.4246842352716174,-0.3915721696722422,-0.03519511670345608,-0.184666385101483,-0.049196343902652824,-0.14697224457920616,-0.20950521559658616,-0.34090159296830796,-0.1911163528277379,-0.1759182079704197,0.06553881216680346,0.22518786507183897,-0.07665532437106042,-0.11837053446915666,0.21629784283881456,0.26524237184135663,0.19344006247559548,0.12346102048785153,0.16148188287419615,0.17180948130911872,0.33817944202280675,-0.040303134139247264,-0.02172939460829236,-0.05501996190901195,-0.22856505351066628,-0.35593876754137815,0.027994485572440612,-0.15410753133740807,0.17037987393317341,0.5061176676840201,0.12028305269784603,0.6246268597247567,0.4204958203507877,0.03023850696076947,-0.17705137502091817,0.017642980659659413,-0.008752958426635003,0.32263226258875277,0.35399118647849614,0.09495334252404593,0.04691566591494075,-0.050412386743061144,-0.08717258086366135,-0.06153686777327096,-0.16579461147989066,-0.04928081345775327,-0.20577102375507017,-0.15006733657930177,-0.307462805504865,-0.04966809839906287,-0.17140307118552223,0.023919227980141684,-0.18531026623847507,-0.17746734773565812,-0.23751245129055137,-0.24543187052251592,-0.13060905736757802,-0.168134258779654,-0.22553849341376536
#54,0.30812740558933455,0.25875415375052796,0.18524492186566152,0.3434866801074198,0.24117651746368207,0.43526046107626964,0.3939707862840568,0.2862099466885544,0.29619488560750346,0.36897895433065847,0.3254723521583565,0.3767804349385205,1.0,0.2644263640637825,0.1355561045191212,0.13277657802675932,0.44993106965550766,0.2665189777590068,0.12441249830662449,0.11606754376877655,0.027586481683653546,-0.11554638255145869,0.05913984492664696,0.20753054052546438,-0.08126289953701121,-0.09473499669293722,-0.321384344444533,-0.189524181402354,0.2677143016519376,0.29741730350867407,-0.23106407732948706,-0.2504235430993952,-0.2396321589940154,-0.35139175545266915,0.03575134075496657,-0.26996788563140994,0.1001187355066978,-0.1255488528875041,-0.019080556861557588,-0.08335870076261664,0.053459665787439534,-0.2407557634533704,0.14331295970164715,-0.12707408617488386,-0.0025675557220154756,0.1832925595072078,-0.2931125437289324,-0.29733602148395477,-0.41617990421471207,-0.33208169640366886,-0.3047565922112695,-0.18321446501286964,-0.1622835467650551,-0.09300416769597335,-0.008561706603766067,-0.08423367785224203,-0.05222768529512547,-0.11545713170078652,-0.34906326450923986,-0.35077337455872626,-0.2741642693781925,-0.20463945046976229,0.12724302528508474,0.44610125190255717,0.02039381937859095,-0.035861310553116206,0.5237431169265832,0.4913657770800628,0.28072898819816877,0.3364757070340827,0.4879359943899465,0.2882945915578258,0.2868490465299747,-0.05104511152371921,-0.08020782698085091,0.04575221732582139,-0.3599311493437672,-0.3403262437345106,0.33783200121126156,0.13390496378168604,0.03500386488058714,0.23663109914016367,-0.20025659619568248,0.24707026113842648,0.17673421574799386,-0.23066882356222457,-0.3763564933978277,0.1970164715632446,0.1280638143582306,0.3591900485301501,0.0605232331120656,-0.21395660177386067,-0.17139032106399765,-0.3112734980755285,-0.4000366565993832,0.1315844416642096,-0.010153878029149965,0.12421965271856497,0.015202926152889895,-0.05880356047143574,-0.11070930519806517,0.19422738247973925,-0.2543665181808764,0.10514865844815083,-0.038706181418291644,-0.18567523846711664,-0.1313613145375292,-0.41602849652160745,-0.13012136521926224,-0.4554709974579445,-0.3113627489262007
#58,0.3607535321821036,0.13332961454788866,-0.022373275745284447,0.1823681756966746,-0.01499095538254349,-0.02444517049303126,0.2845428682992135,0.30413502378694546,0.07115045940281618,0.321170779908996,0.3556534835722653,0.26967463283634424,0.2644263640637825,1.0,0.32184813011499014,-0.07266772386424308,-0.13938114097649992,-0.19957127716373546,-0.05537537154651005,0.047518109156977906,0.26131852194216226,0.010883822486433074,-0.16130178740766124,-0.2532891329120481,-0.09354604786076867,-0.1326283578640359,-0.35943867589987966,-0.36246364223159,-0.028957119747547593,0.03129039198654862,-0.3058929467921491,-0.17504482464598492,-0.30973870219700533,-0.24087848337304466,0.46709910828837586,0.022422682466192254,0.32767971694730214,0.07202065519686984,-0.01523002016112966,-0.22236052562375985,0.1768680920240021,-0.04408832646686164,0.0113316705049845,0.18883248730964466,-0.11742224418076484,-0.015537616842910534,-0.37299364884571556,-0.4416928973854282,-0.3917203898349656,-0.4197881886061727,-0.2766330116583924,-0.3509455011993083,-0.43663747420092597,-0.40327359370143995,-0.04188574297348772,-0.2812437743547243,-0.044402298209404806,-0.04147295778912893,0.10172206328841572,-0.34147216090653365,0.008764114782969025,-0.048737339527767376,0.45265959566177116,0.3415056299755357,-0.2534373530747715,-0.27667126202296616,0.41765891831156515,0.31599263680481954,0.4170277872960977,0.4505223565412108,0.31624923300050206,0.30666911043995887,0.4176206679469914,0.11233175816206999,0.313455362621425,0.18545848640119852,-0.08678529592235176,-0.23967997194973265,0.048531743818183266,-0.01523639522189196,-0.05487652304186024,0.1088525687510459,-0.21033078596530372,0.25335288351967106,0.4532174134784722,-0.1202033644383173,-0.14363171273976205,0.263356947620907,0.06381913952617362,0.3203914287308051,0.31266326132170946,0.11162731394783607,-0.12869653913888868,-0.1453147287810087,-0.08762680394297508,-0.35157822597996635,-0.12443959231486425,-0.14482225533712118,-0.3847556359521552,-0.20069806915347163,-0.3007913044171202,-0.3411677517551339,-0.27669676226601536,-0.33072540222649,-0.3771916263576887,-0.2651164643913012,-0.29694395524707345,-0.01369044298703472,-0.05592362677206767,-0.13717536995274487,-0.1334268342245137
#101,0.3080923427551419,0.30942313668927157,0.1145343416554439,0.2075034465172246,-0.03176374024814924,-0.07500896492919698,0.2745021475985943,0.3359768585294329,0.1038959590083593,0.3010686195602802,0.26454111515750384,0.19909314760656313,0.1355561045191212,0.32184813011499014,1.0,0.4483293356389803,0.10342579827713982,0.0010263847827299605,0.22301396935189538,0.28554853413446596,0.5473977798850895,0.16331949413892852,-0.21390241375738112,-0.46567109467762113,-0.008561706603766067,-0.4037835985624238,-0.3511431280829395,-0.5521982006390999,0.16226442158276821,-0.07655491716405421,-0.34401262262030935,-0.3345520324490593,-0.48322641825179896,-0.4737801719672641,0.03340372462925037,-0.1543497836463754,0.43037238323677773,0.06861637274980277,-0.07284303803520627,-0.16379284240052913,0.11386177274502148,0.14620723728773038,0.1469754321095873,0.3850998892333193,-0.19349265672688443,0.11212138115691415,-0.524028400895696,-0.6280502673541107,-0.5028488552781518,-0.44170405374176225,-0.37613655380152844,-0.40075066340476057,-0.21794101475029684,-0.3719369825243647,0.3073480544111436,0.0489604666544478,0.16636199188773518,0.2192654336236642,-0.0862960100088454,-0.29515096940767716,-0.16591255010399317,-0.18855357840129414,0.23876674449553348,0.0809074898995131,-0.32969582991337887,-0.19693837706890643,0.36249233000502035,0.17223501661500212,0.6662273187291317,0.31401318043812604,0.4804341416379125,0.45827283666297447,0.5144769661085832,0.12070380670815768,0.16778841173329934,0.1469865884659213,-0.0846480568017914,-0.13377427503605893,0.1912709480512236,0.02872761756010487,-0.19954896445106743,0.12529066292663102,0.09795918367346938,0.08007554447003323,0.23913649801974676,-0.31692180191092445,-0.22818573739530956,-0.008585613081624685,-0.03962737769844369,0.1996557467188359,0.1522699200726757,-0.07427583294153273,-0.18429981910765086,-0.30871231741427535,-0.3066053598323359,0.19915530444899554,-0.1289690729864769,-0.2948545290822303,-0.38222154929914176,-0.22593215341583725,-0.27478902533289773,-0.2536636677318331,-0.3921586752623736,-0.3266469571038099,-0.3514347871128147,-0.43448748495884104,-0.3013873725983951,-0.14810222409932344,-0.08466240068850656,-0.3622038585055264,-0.3853086724732845
#102,0.07391245447808174,0.294365243168724,0.20207826980850913,0.08239287905712851,0.08003091904469714,0.2988325669979042,0.16820279068284869,0.16215923308019028,0.22870211731705567,0.12273745109133072,0.154448597088191,0.05422945437448701,0.13277657802675932,-0.07266772386424308,0.4483293356389803,1.0,-0.006108901975471954,0.2725864418395238,0.18507917028584178,0.6018360174995417,0.1267967710317239,0.5244507486711982,-0.24860186948656854,-0.04941787726414267,-0.36380559252205374,-0.21693056761947263,-0.17439297468303994,-0.20571683573859062,-0.06553721840161289,0.197827698045247,-0.4626461283459108,-0.29988445202368336,-0.26360557499063664,-0.3364980197467507,-0.30620054347393,-0.1559339862458064,0.05307556837651109,0.12413518316346453,-0.2947477468144618,-0.09665548374757947,-0.08226059654631084,-0.12151343942496952,0.15447409733124018,0.11534716190263689,-0.13702396225964028,0.45194080756082206,-0.253341727163337,-0.3213237813672912,-0.2540222648997123,0.0006948816230904701,-0.18834798269171002,-0.04287547115683446,0.020758791607232506,0.21499573667811522,0.15145709982548272,0.2784116536110735,-0.06529655985783614,0.36201898174341973,-0.37160069806915347,-0.0748272756974715,-0.14944895568535888,-0.15351305692132378,-0.07909059758225821,-0.17816222935874856,-0.10944385563674904,0.09102311756408928,0.19086453792762711,0.2710373020742854,0.43296225167146124,0.2552590266875981,0.35586864187299283,0.2578696140697591,0.30248228928431975,0.04597056315693009,0.09329263919546733,0.1719863892452725,-0.09950194837794547,-0.030966857652862004,-0.03375275920598618,0.24079879511351593,-0.13472415908964133,0.22765341982165768,0.1595613958195539,0.10998573580154436,0.0025611806612531774,-0.056661540055303654,-0.037692546757086276,-0.03594418634302608,0.09439233717696371,0.24135980046059813,0.16042840408322642,0.03242355903704707,0.0980771222975719,-0.3241192455115588,-0.24239096653889983,0.16374343567962132,0.08479627696451482,-0.08250922391604044,-0.1555467013044968,-0.10249185187546318,-0.11891560216433313,-0.14405565428045486,-0.27164452661189425,-0.12085680816645283,-0.014955892548350851,-0.16659627537074964,-0.21347050339073545,-0.13395437050259384,0.10418602427304385,-0.4697447585047295,-0.44969359864211206
#201,0.33508594378790174,0.31764696507263585,0.600865414498482,0.5515320067894397,0.194232163775311,0.446000844695551,0.4306799799185586,0.27117117835029364,0.18732956673493295,0.5499446166596276,0.4059877758209883,0.13467315860354295,0.44993106965550766,-0.13938114097649992,0.10342579827713982,-0.006108901975471954,1.0,0.4490114671405462,0.0799400744288344,-0.16715090565706955,-0.05342779048362805,-0.3316274733243551,0.20079528883009667,0.2506960769469834,0.08143343241240268,-0.1709615982277331,-0.10392942807736136,-0.0758632230713449,0.33216297842838816,0.10065105308034968,0.14291451840400354,-0.020240817920295803,0.0033899385603519032,-0.09663635856529258,-0.18893448828184142,-0.3727354588848425,-0.028733992620867167,-0.22583174620883106,-0.08104136617552136,-0.02086079257942927,0.06103164420785886,-0.21628668648248053,0.1895688068276901,-0.23309453418227893,0.004099164070157544,0.04499517886029851,-0.16368446636757006,-0.09230609854250173,-0.28804755795328674,-0.1859461785495143,-0.1371801512483166,0.033655539529361136,0.04514818031859366,0.02883121229749221,0.2575157981974516,-0.011162731394783607,-0.1912916669987011,-0.3065575468766187,-0.417655730781184,-0.18829538844042107,-0.28473252635689184,-0.09033779853214226,-0.2748766824183793,0.06326132170947255,0.13094374805759867,0.0707870809393652,0.10988373482934759,0.24588449983663907,0.11707320960402903,-0.062384750854656584,0.5167831443393445,0.22618237455075743,0.15787200471754495,0.10505462630190694,-0.2841794898357625,0.05580728191315573,-0.38208926678832406,-0.2675198622986875,0.4350373339495892,-0.05819474216863629,0.040570886691263776,0.036326689988763955,-0.11978739172357737,-0.07347895034624549,0.020024065854377673,-0.3809082867821084,-0.3470312138912574,0.05089051630023349,0.04888715345568138,0.13157647283825674,-0.21884627337854315,-0.41314059399628655,-0.19018559395644238,-0.31024392576241744,-0.3600363378463451,0.5629704595621927,0.003126967303907115,0.39014574982667805,0.2535999171242101,0.18067400329909394,0.14078524810939605,0.5662568033851573,0.01863270884300616,0.45542477826741784,0.07874475053590355,0.06039732566201022,0.10750743093020106,-0.3160229183434405,-0.1289005410832822,-0.31686761389444495,-0.21277562176764497
