,#10,#11,#12,#13,#17,#18,#26,#49,#50,#51,#52,#53,#54,#58,#101,#102,#201,#202,#301,#302,#401,#402,#501,#502,#601,#602,#701,#702,#801,#802,#901,#902,#1001,#1002,#1101,#1102,#1201,#1202,#1301,#1302,#1401,#1402,#1501,#1502,#1601,#1602,#1701,#1702,#1801,#1802,#1901,#1902,#2001,#2002,#2101,#2102,#2201,#2202,#2301,#2302,#2401,#2402,#2501,#2502,#2601,#2602,#2701,#2702,#2801,#2802,#2901,#2902,#3001,#3002,#3101,#3102,#3201,#3202,#3301,#3302,#3401,#3402,#3455,#3501,#3502,#3601,#3602,#3701,#3702,#3801,#3802,#3901,#3902,#4001,#4002,#4101,#4102,#4201,#4202,#4301,#4302,#4401,#4402,#4501,#4502,#4601,#4602,#4701,#4702,#4801,#4802
#10,1.0,0.4628086923953494,0.5385826646160221,0.7825642088151152,0.4206456342787017,0.43950306401357886,-0.005568615575867207,0.3389460430794731,0.12498944130561244,0.40511758002693465,0.38389659651443553,0.4047526077982931,0.2654352174294161,-0.2092103690363299,-0.2864904493620955,-0.021074357114966254,0.3112687167799568,0.2880619018400019,-0.4757197842041932,0.057211389046051844,-0.18509192040736638,0.16856616914629968,-0.24997569508084375,0.08060308074811338,-0.18791447855987378,0.10590729067886429,-0.3123556646399286,0.15805369394927046,-0.2945453386352589,0.4008925085067217,0.2182231111890285,0.23860099291571374,0.05139733363083617,0.12798093856832074,0.0943365553952936,0.32082333909745075,-0.07984444851739993,0.11096430762855708,-0.2490289985576425,0.1623393285467252,0.03650678545529887,0.30498450063352167,0.1716485110248707,0.0673094852935317,-0.12551379005331145,0.039871223772601584,0.14071034114543904,0.3148961263537043,-0.4371921044872459,-0.0545545824733642,0.09624907362398298,0.1257911051964714,-0.07212106240387604,-0.2403636972164891,-0.4574074221644925,-0.14558407509821578,-0.37634055574592196,0.11035230179537649,-0.23408585613081626,-0.12720477492051097,0.15226035748153224,0.20321940568496044,0.1607678760688188,-0.12074205707273147,0.17534923379738462,0.11338364318784913,0.08551187753508276,-0.025791902079066693,0.1255169775836926,0.12847500577739882,0.15349074420865574,0.2945278072181626,-0.2733992620867168,0.05798914645905219,-0.18240164476567666,-0.3115603758098319,-0.09841340675278311,-0.27604331853787983,-0.12687327176087146,0.23080110607304227,-0.12332873797703385,0.30599176023396474,,-0.03341169345520324,0.383553936998462,0.00885495939883177,0.026456502163536247,-0.05031994836200782,0.2483914924814127,0.006373466997107316,0.28560431591613605,0.21174126815896213,0.017950577341440285,0.08819737188120075,0.08830893544454095,-0.3174509319541952,0.18989393492656728,0.15549888834877956,0.27871287523209204,-0.059246627194415445,-0.13806947222465715,0.08294750934344843,0.2883870299388791,0.24675150810031157,0.20595749428236737,0.20171329757986756,0.07768330291898094,0.13064730773215183,0.14046808883647172,-0.11110615273051822,-0.07598594299101913
#11,0.4628086923953494,1.0,0.2599367275219342,0.3967295938289412,-0.017255695718349815,0.06580656471881997,0.5671206241184487,0.209502028066205,0.40052913004327073,0.6200607224537609,0.47607200631131014,-0.11548581947421686,0.04833411693455203,0.022551777446628788,-0.006832471371992764,0.3052235654121078,0.22523249049717506,0.25832224338388227,-0.08757899098725784,0.1746830399477245,-0.11927898062778411,0.1414865047932488,-0.03494967686410761,0.12504522308728255,-0.1229318904445808,0.16774538007315382,-0.1467013044968085,0.19075138059909633,-0.01030528572225454,-0.010451912119787393,0.002036831913554176,-0.08774793009745874,-0.22610428005641928,-0.28229087808493175,0.03476798763238212,0.02180748910263051,-0.18309493262357657,-0.08118161751229191,-0.2839723003609878,0.0170006932878579,-0.09928997760759907,0.08653188725705042,-0.08739252045996064,-0.2228944369626023,-0.053105849915132,-0.17915833260285763,-0.26646319597733664,0.038393803440939046,-0.3787296097665931,-0.09197459538286225,0.05512515041158986,0.22628118799257305,-0.18483054291611217,-0.01211899050912829,-0.3444572831084796,-0.04903377985321423,-0.22084166739714237,-0.10514387715257911,-0.1371116193451219,0.03093657611424109,0.2978093697455554,0.3810437568233072,-0.04159727147399374,0.02057072731474472,0.3217461291427934,0.1578321605877806,0.057125325725760824,0.33052618157766817,0.18260724047526078,-0.05508690004701607,0.25683685422626684,0.1791726764895728,-0.2889894731809163,-0.10702133254707584,-0.21739913458550153,-0.15541282502848855,-0.18169241925587104,-0.07125086660982237,-0.01683653547322873,0.2110129174668696,-0.4218313955804891,-0.161489851700149,,-0.13918670162324984,-0.00607543290646989,-0.09160643562383954,0.042252308967319845,-0.35302855230338914,-0.13807425352022887,-0.4315979886683295,-0.046153846153846156,-0.07420570727314744,0.02337894158053694,0.09568806827690077,-0.023042657125325727,-0.1019850345448605,0.08535568854640646,0.04003538158723075,0.13314951908135375,-0.059074500553833405,-0.06264453458072022,0.03118998477954243,-0.056226442158276824,0.1798962458860936,-0.04093904645028648,-0.07527831124640406,-0.06837252667564488,0.19082628756305334,0.07228362645331464,0.24616181497979903,0.09081114679374287
#12,0.5385826646160221,0.2599367275219342,1.0,0.5618723553458869,0.18473810453505884,0.3263967359688897,0.018549833053096286,-0.1104893656017659,-0.08745148977201189,0.5568551825259584,0.3974802572337018,0.21408410298910663,0.38283993019308465,-0.28785471236522725,-0.16878770250778952,0.07898062778410857,0.626461283459108,0.6634940114272965,-0.48922853795950244,-0.053260445138617725,-0.18099913139797114,0.11194606698595096,-0.1936934711408968,0.036583286184446444,-0.18359696865860753,-0.09168453011817769,-0.14162834989520995,0.015027611981926703,-0.10059845882906071,0.3294185147702189,0.425060363856593,0.2366550056180223,0.4205531958976484,0.20167664098048435,-0.18655021555674203,-0.03889265194558886,-0.25327160149495176,-0.15781622293587486,-0.11797209317151304,0.1640940640215477,-0.13355433543975967,0.14996214807672387,0.2188128043095411,0.14997967949382018,-0.00246236721943756,-0.0832742312075162,0.31882635131366094,0.20241774179410146,0.0076787606881878094,0.06068420339631362,0.16220704603590752,0.055848719808110674,0.23930065583437593,0.10229422499183195,-0.1588633266660823,-0.010112440134195029,-0.06101570655595311,0.01687637960299309,0.16176238554773725,0.2750535903545331,0.0944991194447322,0.18794157256811353,-0.18942855549091953,-0.3019404091195244,0.20214202041613208,0.24258859342253106,-0.20812501494154867,-0.0942058666496665,-0.1857963646216003,-0.19219851939213795,0.19599008678051463,0.07975360390153718,-0.3754560160651531,0.03721122966953279,-0.3335415853182351,-0.002790682848695902,-0.259023500067735,-0.007686729514140682,-0.16678115213285627,0.004131039373969033,-0.18816151216441282,0.2917833435599933,,-0.21828208050107978,0.010713289611041605,-0.14175106981488417,0.06131374064659054,-0.24722007506634047,0.3704723123142267,0.021990772099546575,0.30979289021348483,0.12544366438492616,0.060696953517838215,-0.04781933077799648,0.06375220138816948,0.2142482608037358,0.12742312075161966,0.4649363689247663,0.48753436556192176,0.2710181768919985,0.029347592219238338,0.45332738327662186,0.46479611758799577,0.5117022209117931,0.4995051359083266,0.47521615440397164,0.3262517033365474,0.07889456446381754,0.07396823625975185,-0.12172859772569708,0.20083194542947988
#13,0.7825642088151152,0.3967295938289412,0.5618723553458869,1.0,0.1770944066810637,0.39025731339001823,-0.03656894229773128,0.045680497892245535,0.03618962618237455,0.4279642040338197,0.16006980691534717,0.23116448453649324,0.4062937787375786,-0.2821187514443497,-0.2909274916526548,-0.18466160380591126,0.4143901059056969,0.1482982572177641,-0.4788642829251966,-0.0010343536086828327,-0.26698754472503566,0.10786443433288974,-0.42259640287196487,-0.03184183474248739,-0.3124114464215987,0.07517471650901672,-0.08272278845157743,0.2849030592322833,-0.30130768433886634,0.37312274382615207,0.2479866761230068,0.2127166524555937,0.22378535170413344,0.23604140601965112,0.10128537162619831,0.35262373594498325,0.06310353895560566,0.2739586736686084,-0.19399150523153424,0.27415630055223966,-0.014042665094151679,0.3960873064571397,0.1431727083648766,0.10647626485189937,-0.1893934926567269,-0.046141096032321555,0.18075369155862267,0.43924965534827753,-0.1893488672313908,0.12140346962681987,0.29884053582385706,0.2687518427910016,0.10946935587979822,-0.2844520236833507,-0.38174501350716,-0.17711193809816,-0.2547904597215692,0.18952736893273514,-0.10717433400537099,-0.08006757564408036,0.2401198511423312,0.20821107826183968,0.13040664918837508,-0.20026456502163537,0.2253536166516587,0.23284431304735873,-0.001169823649881663,-0.05223724788626891,0.02623018750647467,0.08162468423527161,-0.11364980197467507,0.1159017921889568,-0.3612778809298026,-0.01807329726111452,-0.3127078867470456,-0.31619823251440365,-0.08820374694196303,-0.23079473101227996,-0.19342412482368973,0.13124656344380783,-0.2427479699415885,0.20864298862848538,,-0.2184558009068524,0.18490704364525976,-0.07906350357401844,0.11513837866267163,-0.15316561610977855,0.23064491708436596,-0.05964666225724964,0.20897608555331543,0.19609049398752082,0.0076166038457554045,0.21805098454844649,0.0673971423790133,-0.43581349759739896,0.01060810110846369,0.23648287897744025,0.16553801528420817,0.04295675318155376,0.07529265513311924,0.0932878578998956,0.37900214361418133,0.2954569723242675,0.24343169520834496,0.19037525201412075,0.16048896716046826,0.21185123795711178,0.10226234968802046,-0.07100223924009276,0.09217859732725578
#17,0.4206456342787017,-0.017255695718349815,0.18473810453505884,0.1770944066810637,1.0,0.5625353616651658,-0.1001251105674601,0.26325654041390084,0.12817378415638023,0.06686323104017085,0.20534230091880562,0.7389795121484751,0.22274940433026003,-0.18095609973782562,-0.3874698180717035,-0.04063941859445848,-0.03247296575795488,0.08234825363179243,-0.3352548828981026,-0.015494585182765024,-0.21503239327749843,0.11094996374184192,-0.2644502705416411,0.00019443935325008568,-0.2325590290782459,-0.08703551705727196,-0.41391835140928684,-0.14030233725665198,-0.2053454884491868,0.4367171624604547,0.0686578106447577,0.06930806684251209,0.09026289156818526,0.2621711863191196,0.030754886882515597,0.3361617352915395,-0.13464925212568432,0.13927435870873145,-0.32789168771764854,-0.11703495923945526,0.1036027062132936,0.13114775000199222,0.19008359298424563,0.210839197061097,0.05065304528683789,0.36383746782586524,0.11211500609615185,0.03341328722039382,-0.10765086979735275,-0.03163942656328443,-0.0886372510737993,-0.12385946178549515,0.06953119396919252,-0.16357927786499216,-0.2865398560830033,-0.26345416729753207,-0.27233781446979416,0.08810333973495685,0.04879949637019978,-0.09853453290726677,-0.2049183593781128,-0.19996493716580735,0.22036194407477946,0.09156977902445633,-0.06563921937380966,0.00915777478504092,0.12671867653738575,-0.11656161097785463,-0.08193068715186191,0.15996939970834098,0.09913538238411335,0.13694586776530213,0.030646510849556535,0.4007203818661397,0.004684075895098375,-0.13265545187227565,-0.04604068882531537,-0.17140785248109397,-0.2631561332068946,0.05325407007785543,0.32989823809258184,0.6250284885527815,,0.32676170819753125,0.6308967319844767,0.15199738622508746,0.014036290033389381,0.17804110320426492,0.3996206838846433,0.3299938640040163,0.4348142068229088,0.2823689725792699,0.18444644550518371,-0.006183808939428954,0.09824287387739164,-0.12431846616038059,0.15281339400266158,-0.040134195029046374,0.008048514212401088,-0.023213190000717195,-0.14866322944640567,0.03126170421311828,0.13054690052514564,0.1754448597088191,0.10042951971885981,0.17927945875734128,0.06366135677230673,-0.05655635155272574,-0.13770768752639673,-0.2852584688697814,-0.2617137757094247
#18,0.43950306401357886,0.06580656471881997,0.3263967359688897,0.39025731339001823,0.5625353616651658,1.0,-0.23067201109260574,0.036701224808548955,0.10566981966546869,0.0820884699057288,0.2619560280183921,0.6963925124911347,0.4619464654272486,-0.19720134832535122,-0.211149981273259,0.16876698356031206,0.09991632732749484,0.21684928559475333,-0.2915331224250731,0.02445154555379356,-0.1278629999442182,0.17126441361394226,-0.3482600068531903,0.011183450342261075,-0.29690092358692793,-0.06381276446541131,-0.42432245057335705,-0.04407079504976532,-0.17233701758719888,0.7994517447744424,0.25348357226529816,0.3872897226051686,0.16492441568583702,0.24408035764090877,0.15035740184398633,0.31516228514053024,0.0660918486879328,0.15390990445377684,-0.15850154196782187,0.1817322633856354,0.15554192000892508,0.35998533736024674,0.39046450286479295,0.5044426204687263,0.07677007546478178,0.35927770561563166,-0.005801305293691081,0.07887065798595892,-0.2454143391054196,-0.02325781542605328,-0.03951262660472232,-0.021562049263282042,-0.05149774083784236,-0.4413008311485469,-0.40994668855437527,-0.38473013570910597,-0.2876857732550263,0.031234610204878516,-0.07564487724023619,0.010769071392711712,-0.036423909665389,-0.07083170636470129,0.27253225382304425,0.02225693088637251,0.14225788714548684,0.015824494577213938,0.0020655196869845166,-0.1814071352867582,-0.11379961590258907,0.11436859007562415,-0.03555052634095419,0.05723370175871989,-0.24837714859469753,-0.16713178047478264,-0.19176820279068285,-0.5041764616819004,-0.07036313939867239,-0.2424419670249982,-0.1309294041708835,0.09487365426451722,-0.18452932129509358,0.6308839818629521,,0.08294910310863901,0.30360429997848415,0.06672138593820973,0.15141725569571834,0.21920168301604126,0.5331240188383045,0.16709990517097117,0.6875471156834464,0.2649634629330061,0.21743579118488474,0.3081529058323837,0.2809329901425623,-0.185415454741053,0.041264174549163674,-0.017689199850186074,-0.002390647785861709,-0.20912589948122942,-0.18221676800357003,0.04962028544334563,0.4092247129230451,0.008187171783981066,-0.008464486927141024,-0.020338037596920846,-0.06552287451489772,0.10022073647889457,-0.006206121652096996,-0.11493118918789695,-0.044341735132162975
#26,-0.005568615575867207,0.5671206241184487,0.018549833053096286,-0.03656894229773128,-0.1001251105674601,-0.23067201109260574,1.0,0.11935866888731284,0.380782379332053,0.3993051183769095,0.29029636063718733,-0.3453529791455825,-0.24366279116097825,0.2575317358493573,-0.03297500179298584,0.22500298830973234,0.10134593470344014,0.08533496959892899,0.0948051223613225,0.2820422507152021,-0.10257791519575421,0.15033987042689,0.19158651355895737,0.20803098279530477,0.10198662831005108,0.18714628373801687,-0.07634294639370781,0.0231940648184303,0.06173290089171162,-0.32078349496768643,-0.13043214943142425,-0.1937556279833292,-0.1084286272103531,-0.18342802954840665,-0.0010120408960147902,-0.09063423885758912,-0.06556749994023381,-0.011009729936488457,-0.21611455984189848,-0.0451832431527863,-0.0019268621154045374,-0.012982811242419654,-0.18629202559586897,-0.2409055773812844,0.009772968148602667,-0.2922949421861677,-0.2538612946154643,-0.1349504737467029,-0.08681557746097268,-0.04008000701256684,0.04001944393532501,0.20434301014431544,0.0414873016758441,0.2663372885272813,-0.08987401286168509,0.2521001840798795,0.026998382328331568,0.031590019842376624,-0.03721441719991394,0.15699543386272902,0.10681573683749174,0.06668154180844536,-0.024057885551721666,0.18549036170501,0.03671556869526413,-0.02312234538485445,0.18691518778538357,0.6325669979041988,0.1750703248890341,-0.023597287411645643,0.32882882164970634,0.2838926121014591,-0.04573149837834392,0.0943748057598674,0.09198575173919626,0.22138195379674713,-0.0874196144682004,0.0726916303421017,0.10987257847301357,0.19842535999171243,-0.32975798675581125,-0.3387388536046984,,-0.01630899919514858,0.06942919299699575,-0.25592362677206765,-0.16476982046235128,-0.23098917036553004,-0.21683016041246644,-0.15981639825004582,-0.10936735490760147,-0.1744599128210441,0.10252532094446525,-0.1763995250579732,-0.12886547824908956,0.03523336706802987,0.1366924591000008,0.03378144697941652,0.005869837196885783,0.09062148873606451,0.001550733530428962,-0.0019396122369291333,-0.13426037341918415,0.1550303213827507,0.03779614149447362,-0.07620428882212783,0.019545936297205333,-0.04055654280454861,-0.09789543306584642,-0.04288184621759676,0.06565675079090598
#49,0.3389460430794731,0.209502028066205,-0.1104893656017659,0.045680497892245535,0.26325654041390084,0.036701224808548955,0.11935866888731284,1.0,0.3829578688171872,0.10666114161400601,0.35697312115006097,0.2776673652670752,-0.08867550143837308,0.12503884802652027,-0.08064292487787775,0.0479053940982875,-0.3013443409382496,-0.029897441209986532,0.06854146578584577,0.20528970666751667,-0.0857525360788595,0.15370430874419272,0.024942425232490496,0.05792858338181036,0.022454557770003745,0.1565587422005116,-0.36668871375180295,-0.3753317023802883,0.024787830009004773,0.04934934536094797,-0.12879694634589486,0.07822040178820454,-0.33098359218736306,-0.16825538493413766,-0.007696292105284128,0.23287618835117022,-0.17131541410004064,0.04363569715273849,-0.22358294352493047,-0.1587884197021253,-0.00497414115978293,0.02899218258174023,-0.0028209643873168167,-0.08616053996764657,-0.11565635234960833,0.07341360597343194,-0.1710922869733602,-0.273308417470854,-0.3693805831586832,-0.45218465363497995,-0.27297372678083337,-0.24445967375626548,-0.384891105993354,-0.18407509821577986,-0.2139040075225717,-0.08778618046203253,-0.2367044123389301,0.11296448294272805,-0.18848026520252772,-0.23998438110113238,0.11789399867717489,0.1396759875367562,0.27895194001067825,0.13595135828638366,-0.09467921491126713,-0.17507829371498698,0.2862609471746528,0.13557363593621752,0.4157145247790643,0.2979655587342317,0.2888300966618588,0.17677087234737707,0.21708356907776777,0.05478727219118807,0.17881567308688412,-0.13515288192590585,0.20595271298679566,0.02110623241877774,-0.0075687908900381705,0.3068444246109221,0.0922774107690714,0.27655651092924477,,0.04253281164086095,0.506713735865295,0.1934129684673557,0.06795814772609551,0.1462008622269681,-0.029299779263521106,-0.09421702300600053,0.07493565173043056,0.020154754600004782,0.011586672935476416,-0.1488975129294201,0.034208576050490484,-0.02837858298336906,0.22756257520579493,-0.30832981376853746,0.13565173043055567,-0.12526675644877242,-0.2806477061734495,-0.2550088055526779,-0.23453529791455824,-0.24254078046681382,-0.024550358995609176,-0.17393556407334507,-0.1802644056451163,0.06882356222457746,0.09368948672792038,0.06253297101738,-0.3139287108830256
#50,0.12498944130561244,0.40052913004327073,-0.08745148977201189,0.03618962618237455,0.12817378415638023,0.10566981966546869,0.380782379332053,0.3829578688171872,1.0,0.20361784698260404,0.3900501239152436,0.024969519240730265,-0.030499884452023684,0.5178127166524555,0.05828239925411789,0.03410338754791257,-0.24931747005713648,-0.1303428985807521,0.023045844655706874,-0.005168580513033015,0.011840081600777758,0.011355576982843119,0.1359991712421009,0.07290678864282925,-0.005283331606754377,0.004947047151543163,-0.3457912645729905,-0.2515567101498936,-0.013862569627616764,-0.04897799807154412,-0.2816358405916056,-0.10713767740598777,-0.2567587597319287,-0.33478472216688315,-0.029068683310887806,0.020782698085091124,0.009925969606897816,0.0041517583214465015,-0.0868825155989768,-0.27347576281586433,-0.08720445616747284,-0.15034783925284287,0.027968985329391422,-0.07233143940903186,0.10981360916096232,-0.054776115834854054,-0.6008096327168119,-0.25286519137135527,-0.20857445672529065,-0.1833626851755931,-0.1673086884109364,0.09815362302671947,-0.15278948752480298,-0.1414928798540111,-0.11388249169249895,-0.21485548534134466,-0.21039134904254556,-0.08277219517248524,-0.08461140020240818,-0.07898700284487087,0.15978133541585318,0.015037174573070149,0.27630469602913404,0.16762425391867017,-0.11497422084804246,-0.18161591852672346,0.30482990541003596,0.25672529066292665,0.12194216226123405,0.12918423128720447,0.19866123723991744,0.18447991457418578,0.10792180987975042,0.03282837539545299,0.06469889791137072,-0.10880475579532868,-0.012177959821179545,-0.17251551928854322,0.17790882069344724,0.1593685502314944,-0.20162085919881423,-0.07783789814246667,,-0.02482608037357856,0.23439345281259713,0.16910326801552328,-0.035660496139103826,-0.17326777645849437,-0.3202097394990796,-0.1909091633529632,-0.04351457099825483,0.0425487492927667,0.24337591342667486,0.1805704085617066,0.10985026576034553,0.03920981121851318,0.04134067527831125,-0.2901863908390377,-0.2566854465331623,-0.19180645315525663,-0.01238993059152595,-0.1994437759484895,-0.24649809943501025,-0.14576098303436955,-0.18871614245073273,-0.47389970435655715,-0.06485508690004702,-0.07010494943779932,-0.09201603327781718,0.2695232251432396,-0.01240427447824112
#51,0.40511758002693465,0.6200607224537609,0.5568551825259584,0.4279642040338197,0.06686323104017085,0.0820884699057288,0.3993051183769095,0.10666114161400601,0.20361784698260404,1.0,0.5681087585366048,0.06758201914111994,0.2721481564121158,-0.09701248715026815,-0.002529305357441688,0.17370765565109292,0.5748089473977799,0.425573556247958,-0.16772466112567636,0.12306417295539848,-0.09199372056514914,0.1985209859031469,-0.03345950641092048,-0.06242300121923037,-0.133882651069018,-0.07724820502195412,-0.031390799193554815,-0.03128242316059575,0.12491772187203659,-0.016128903728613662,0.10316760831626677,-0.046872634254795244,0.1634645267712708,-0.140987656288599,-0.10737036712381165,-0.18285905537537156,-0.14426762505080126,-0.2198471579182239,-0.031940648184303005,-0.1362111420124473,-0.14258779653993578,0.06963160117619871,0.12779924933659523,-0.02832917626246125,-0.00739028918869383,-0.4202232865031995,0.0037724422060897767,0.08973535529010511,-0.009741092844791176,0.029494218616771192,0.09037286136633489,0.10168221915865136,0.15333933651555115,0.25023069751133564,-0.019098088278653905,0.10266238475085465,-0.030453665261497023,-0.11617751356692618,0.04465092557913443,0.2639530158021819,-0.07010016814222761,0.05226274812931811,-0.29246069376598743,-0.18534214154228656,0.05133995808397549,0.17538429663157726,-0.1693694268023492,0.059912821044075575,-0.010278191714014773,-0.2507598275546064,0.22519424013260125,-0.02738088597406944,-0.370306560734407,-0.10401071010208066,-0.30140171648511027,-0.04747507749683239,-0.3366940528651914,0.014965455139494299,-0.10708667691988939,-0.005962275577939102,-0.17960139932583732,0.03872849413095968,,-0.13746384145223883,-0.0501653531385221,-0.2538612946154643,-0.13798659643474726,-0.29645466933356707,0.01629465530843341,-0.04930631370080246,0.14917642183777063,0.04818908430220976,0.1650487293707018,-0.13389221366016144,0.0565961956824901,0.11186159743085052,-0.06518818382487708,0.304017085162843,0.26828965088573503,0.3535784012941373,0.04535536979336834,0.3622373275745284,0.038393803440939046,0.41416379124863534,0.2181306728079752,0.33615217270039605,0.21444907521774817,-0.11180103435360868,0.16890723489708262,-0.009468558997202942,0.2568193228091705
#52,0.38389659651443553,0.47607200631131014,0.3974802572337018,0.16006980691534717,0.20534230091880562,0.2619560280183921,0.29029636063718733,0.35697312115006097,0.3900501239152436,0.5681087585366048,1.0,0.25051120018487677,0.3648319773047837,0.1842344747348373,0.05094470431671302,0.420341225127302,0.2853827825546462,0.39824048322960576,-0.09700770585469642,0.16575954864569803,-0.05210655914064181,0.18601311668751844,0.10320745244603112,0.22907983966722184,0.04023300847086199,0.13156372271673214,-0.3981241383706938,-0.32839053622229836,0.21274055893345234,0.21638390615910558,0.15488050745483667,0.1340691215963152,0.05827124289778387,-0.10998573580154436,0.07764505255440717,0.013880101044713083,-0.09512865669500913,-0.16419925252412562,-0.043970387842759126,-0.011644048482337098,0.0240993234466766,0.04848711839284718,0.1956235207866825,0.08216975193044809,0.019018400019125182,-0.2552223700882149,-0.13128959510395333,-0.24084660806923316,-0.3771501884627338,-0.3467283985050483,-0.16956545992078986,-0.1782180111404187,-0.14835244523424365,0.08973694905529568,-0.20149495174875887,-0.004379666743698651,-0.259600443066723,-0.0948497477866586,-0.0865016057184295,0.10691455027930735,0.09386958219445529,0.24213437034321733,-0.016042840408322642,0.05983153901935628,-0.03596331152531298,-0.1260301699750576,0.10984548446477381,0.24227780921036904,0.20012112615448366,0.0742646765851987,0.35718349815521677,0.14871582369769462,-0.2619241527145806,-0.2563523496083322,-0.21445863780889163,-0.2785710301301309,-0.2125540884061551,-0.046560256277442646,0.1162954521910287,0.3294248898309812,-0.22227446230346884,0.2494911904629091,,-0.09815681055710063,0.23260524826877257,-0.059449035373618404,0.04249774880666831,-0.09579963184024098,0.19280893146012798,-0.16266286288041182,0.21661500211173887,-0.017584011347608158,0.1616890723489708,-0.13231597988668328,0.1009235869279379,0.21046784977169314,0.2680266796292902,-0.04775398640518293,0.2598171951326411,0.009631123046641538,-0.3775486297603774,0.2576257679956012,0.029498999912342914,0.1188614141478536,0.09218815991839922,0.04255193682314785,-0.09075377124688219,0.03686378885798755,0.26970491437496513,0.07308369657898302,0.11748280725800668
#53,0.4047526077982931,-0.11548581947421686,0.21408410298910663,0.23116448453649324,0.7389795121484751,0.6963925124911347,-0.3453529791455825,0.2776673652670752,0.024969519240730265,0.06758201914111994,0.25051120018487677,1.0,0.4542724860346325,-0.24166420961199786,-0.2779861183051901,0.06731426658910343,0.11196519216823786,0.15187944760098496,-0.15232729561953637,0.022344587971854107,-0.20557817816701066,0.10418761803823443,-0.26903712676011443,-0.026010247910175394,-0.1804700013547004,-0.09203675222529464,-0.34623433129597014,-0.18449585222609152,0.01702141223533537,0.6102351600538692,0.10026058060865893,0.21815936058140553,0.14155981799201522,0.26059973384121315,0.16758919108447753,0.3232139868833125,0.014895329471109022,0.1311174684633713,-0.1422100741897696,-0.025753651714492905,0.35543832527153774,0.33349695989289896,0.35288351967104686,0.3288830096661859,0.02565324450748671,0.2664233518475723,0.09150762218202392,-0.08973057399453338,-0.18041581333822088,-0.1552980739347672,-0.09857278327184056,-0.21422594809106774,-0.01361553602307772,-0.25335288351967106,-0.3216823785351704,-0.31140259305596507,-0.2926057263983297,-0.01609224712923045,-0.07893918988915363,-0.1813449784443258,-0.26245647028823244,-0.156021643331288,0.17541617193538875,0.1303683988238013,0.037203260843579916,-0.055639936568145414,0.07598753675620971,-0.32300839117372837,-0.03311365936456582,0.14602236052562376,0.07015276239351656,0.041732741515192566,-0.19392934838910184,0.010039126935428603,-0.15554351377411565,-0.40796404465730063,-0.0751077783710126,-0.22900971399883654,-0.16269633194941388,0.1067185171608667,0.2944066810636789,0.7681167273625576,,0.3531305532755859,0.4084166739714238,0.09514618811210544,0.08765549171640542,0.42849970913785274,0.5916120138020066,0.40748750886531887,0.5709488481062085,0.29885009841500054,0.08572225454023859,-0.012896747922128632,0.11428412052052371,-0.043186255368996486,0.07594609886125477,0.040513511144403096,0.08876315852385468,-0.19577492847978709,-0.22277968586888094,0.157894317430213,0.18422331837850328,0.08226856537226371,0.07004598012574807,0.10347361123285706,0.009277307174334006,-0.005755086103164421,0.0425296241104798,-0.3134043621353266,-0.300443863605575
#54,0.2654352174294161,0.04833411693455203,0.38283993019308465,0.4062937787375786,0.22274940433026003,0.4619464654272486,-0.24366279116097825,-0.08867550143837308,-0.030499884452023684,0.2721481564121158,0.3648319773047837,0.4542724860346325,1.0,-0.08039907880371985,0.03773557841723179,0.029819346715648384,0.35293133262676407,0.10792818494051272,-0.28290766521368405,-0.04963941062563253,-0.055297277052171905,0.20247352357577159,-0.09563069273004009,0.08990588816549658,-0.04407079504976532,-0.005662647722111102,-0.04384129286232259,-0.11529775518172908,0.15616826972882086,0.34361418132266575,0.20907330522994047,0.2222696810078971,0.41074357114966253,0.2821968459386879,0.04489158412291117,0.1654615145550606,0.20507136083640798,0.11752424515296162,0.16040290384017722,0.10905657069543945,0.09493899863733077,0.314451465865534,0.22663819139526173,0.3073623982978588,-0.09700451832431528,-0.10563635059646662,0.13481181617512292,0.19169329582672584,-0.14774203316625362,-0.03309294041708835,0.0008223828383364279,-0.021915865135589574,0.09451505709663795,-0.015292177003562064,-0.003044091513997243,-0.15973352246013595,0.005480958490385612,0.21651140737435154,0.0018439863254946648,0.09357632939938959,0.005383738813760568,0.11992126799958562,0.0034186263337822437,-0.1522810764290097,-0.21078022774904573,-0.04078923252237248,0.0038282239877598834,-0.22461570336842274,-0.002758807544884412,0.033743196614842735,-0.16738837667046513,-0.17952489859668974,-0.3003354875726159,-0.2607511415343178,-0.2536317924280216,-0.23255424778267417,-0.059015531241782146,-0.020677509582513208,0.012550900875773973,0.03457036074875089,-0.14678258652152779,0.3523751085752536,,-0.31115396568623543,0.010447130824215669,-0.19061431679270693,0.09726589581556949,-0.02781120257552455,0.38962458860936017,0.014731171656479851,0.26203412251273017,-0.07534843691478935,-0.14188972738646416,0.06804102351600538,-0.02338691040648981,-0.07524006088183029,-0.09880069169409271,0.07505359035453307,0.16192654336236642,0.0398951302504602,-0.05871749715114472,0.40531042561499414,0.3063551386974157,0.2854529082230315,0.35057574767509503,0.19796794938201756,0.12953007833355912,0.15486297603774035,0.28949947804190007,-0.1080668425120927,0.07153455681374463
#58,-0.2092103690363299,0.022551777446628788,-0.28785471236522725,-0.2821187514443497,-0.18095609973782562,-0.19720134832535122,0.2575317358493573,0.12503884802652027,0.5178127166524555,-0.09701248715026815,0.1842344747348373,-0.24166420961199786,-0.08039907880371985,1.0,0.25476974077409176,-0.08314832375746081,-0.21424666703854522,-0.2141542286574919,0.14932782953087523,0.09883734829347592,0.30687789367992413,-0.02154451784618572,0.3511463156133207,0.14948561228474208,0.2445266118942696,0.04665747595406769,-0.04824008478830814,-0.2040704762967272,-0.009503621831395581,-0.26182374550757437,-0.17860848361210943,-0.1647554765756361,-0.19245830311820158,-0.25192805743929747,0.08806349560519248,-0.015075424937643937,0.22041931962164013,-0.017657324546374583,0.3067201109260573,-0.0849907163177649,-0.011887894556494992,-0.26791192853556883,-0.09889153630995545,-0.08217612699121038,0.07957032090462113,-0.002930934185466455,-0.3579389428555491,-0.2265712532572576,-0.09796396496904111,-0.22036672537035118,-0.04189530556463116,-0.008802365147542813,-0.11761349600363379,0.038127644654113106,0.1307987154252564,-0.03261799839029716,0.03847030417008662,-0.025822183617687604,-0.1589924216465188,-0.06852234060355888,0.20705241096829205,0.08040067256891043,0.3349935054068484,0.2330594713480863,-0.22037150666592292,-0.35041477739084703,0.5355146666241662,0.44762170389436523,0.18183267059264158,0.162752113731084,0.19418913211516547,0.24239096653889983,0.25925618978555887,-0.125354413534254,0.21349440986859405,0.06473236698037278,0.17025396648311805,0.01786292025595869,0.3866697479460351,0.12009020710978652,-0.17692228004048163,-0.3489612635370431,,-0.03237255855094869,0.08828343520149176,-0.01238993059152595,-0.11918813601192137,-0.06331710349114265,-0.36686721545314727,-0.22129907800683726,-0.20593040027412762,-0.23490505143877152,0.005096861079457163,-0.02701750751061846,-0.13982102016909848,0.10423383722876109,0.16063081226242937,-0.2801201698953693,-0.2570026058060866,0.03902334069121596,-0.010518850257791519,-0.1465259903258453,-0.16967224218855836,-0.128425599056491,-0.1310967495158938,-0.37235136147391407,-0.1002557993130872,0.06285331782068548,0.03709010351504913,0.15257114169369426,0.020494226585597144
#101,-0.2864904493620955,-0.006832471371992764,-0.16878770250778952,-0.2909274916526548,-0.3874698180717035,-0.211149981273259,-0.03297500179298584,-0.08064292487787775,0.05828239925411789,-0.002529305357441688,0.05094470431671302,-0.2779861183051901,0.03773557841723179,0.25476974077409176,1.0,0.3232012367617879,-0.06527902844073982,-0.19378431575675956,0.3311620938887074,0.06832949501549937,0.7258978874642399,0.22841683334794285,0.5467188359139048,-0.013738255942751954,0.4336778522420292,-0.07904278462654098,0.08794077568551825,-0.3252747252747253,0.30916972802397025,-0.290814334324124,-0.40567061654806397,-0.2613966164365004,-0.20088453968076883,-0.13227454199172836,-0.1018049390783256,-0.30815768712795544,0.29349185984428916,-0.13880419797751198,0.4985743770370311,-0.19945333853963296,-0.11943995091203213,-0.31969176581214287,0.14787272191188072,0.05525105786164524,0.11341392472647005,-0.09419471029333248,-0.295222688841253,-0.2226011841675366,-0.06939253639761254,-0.16142131979695432,-0.3247854393612189,-0.1256970730502275,-0.15323255424778268,0.062029341217158473,0.5948059192439178,-0.034554423096845144,0.304638653587167,-0.08106527265337998,-0.26766808246141094,0.1590131405939963,-0.06622253743355991,-0.047768330291898094,-0.04537927627122696,0.06487102455195276,-0.4567268844281172,-0.35726478017993607,0.007785542955956299,0.04712285538971543,0.15387643538477477,-0.003684785120608181,0.04677063328259847,-0.15348118161751229,0.2418506801392951,-0.37160229183434407,0.044405485739785956,-0.02914837157041653,-0.001055072556160301,0.18423128720445617,0.5059614786953438,-0.12940257711831316,-0.16101490967335783,-0.3432539903895959,,-0.30044067607519387,-0.321545314728781,-0.29366558025006173,-0.289529759580521,-0.062207842918502815,-0.47623616412593933,-0.19688578281761748,-0.2348954888476281,-0.3879670728111627,-0.19977687287331958,-0.26518659005968653,-0.1634820581883671,0.31030927013523096,-0.2158149319860705,-0.2533959151798166,-0.2681079616540095,-0.10065902190630255,-0.111518937914877,-0.025112958107881965,-0.22909577731912759,-0.18342643578321605,-0.13110631210703727,-0.28655101243933734,-0.07418658209086056,-0.17461610180972037,0.03194861701025588,-0.051813306345576106,0.06575397046753102
#102,-0.021074357114966254,0.3052235654121078,0.07898062778410857,-0.18466160380591126,-0.04063941859445848,0.16876698356031206,0.22500298830973234,0.0479053940982875,0.03410338754791257,0.17370765565109292,0.420341225127302,0.06731426658910343,0.029819346715648384,-0.08314832375746081,0.3232012367617879,1.0,-0.03712197881886062,0.40432388496202853,0.22920415335208663,0.40636390440596387,0.1514459434691487,0.4864458239367594,0.4397516913833085,0.4739857676768482,0.3303652112934201,0.37976715090565705,-0.2972324267465674,-0.15675636908414284,0.2854975336483676,0.18923252237247887,-0.07041413988477077,-0.004692044721051248,-0.1893297420491039,-0.1620715759947087,0.03994931826693973,-0.1424347950816406,-0.037228761086629106,-0.12361720947652782,0.09768186853030943,0.16670305763851812,0.040309509200009565,0.04207221350078493,0.05753014208416674,0.1287061017300321,0.08942775860832423,0.06713098359218736,-0.18046203252874754,-0.43766864027922764,-0.32813553379180643,-0.3048059989321773,-0.41998262795942276,-0.30216991130696713,-0.38003012216210186,0.07966913434643674,-0.04554343408585613,0.24195268111149185,-0.07912566041645085,-0.02170389436524317,-0.26574600164157813,0.2532986955031915,-0.10763174461506586,0.10795527894875248,-0.04886165321263218,0.3428300488489031,0.009720373897313709,-0.034879551195722336,-0.08734630126943398,0.08875678346309238,0.1739148451258676,0.034152794268820376,0.144508283594578,-0.05423423567005873,-0.17769525615791026,-0.4016830160412466,-0.14998286702420133,-0.226783224027604,-0.19946290113077642,-0.002060738391412793,0.2728127564965854,0.45304688060308074,-0.31784140442588593,0.054460550327120306,,-0.09275394656105317,-0.18204942265855972,-0.24123389301054277,-0.0618779335240539,-0.11211659986134243,0.07765939644112232,-0.24231287204456167,0.10912988389420587,-0.24665269465849596,-0.11535353696339919,-0.2640438604180446,-0.08015682649475253,0.29559881742622857,0.32920495023468194,-0.2119500513989274,0.15186032241869804,-0.24049279219692563,-0.3026655722812358,0.10240897608555331,-0.15537776219429592,-0.10276438572305142,-0.15700021515830073,-0.030660854736271705,-0.2968228290925898,-0.02125126505112002,0.03355035102678322,-0.14023380535345728,-0.04852218122703982
#201,0.3112687167799568,0.22523249049717506,0.626461283459108,0.4143901059056969,-0.03247296575795488,0.09991632732749484,0.10134593470344014,-0.3013443409382496,-0.24931747005713648,0.5748089473977799,0.2853827825546462,0.11196519216823786,0.35293133262676407,-0.21424666703854522,-0.06527902844073982,-0.03712197881886062,1.0,0.3850839515814135,-0.3575691893313358,-0.14947445592840808,-0.030367601941206003,-0.04375841707241272,-0.14093028074173833,-0.21534158372446988,-0.22313987680195077,-0.3010845572121859,0.21549139765238387,0.17145088414123946,0.07536437456669509,0.03936121891161775,0.19785001075791503,-0.010582600865414498,0.43848624182199236,0.08958713512738169,-0.08180637346699711,-0.2734709815202926,-0.11445943469148691,-0.28634701049494377,0.07809290057295859,-0.05760983034369546,0.10470559172517113,0.07586800436691662,0.18622986875343656,-0.050362980022153336,0.155572201547546,-0.293436078062619,0.2849524659531911,0.3295874538804198,0.08787702507789527,0.2135485978850736,0.400876570854816,0.19109244634987926,0.42538867948585135,0.2648136490050921,0.09762608674863932,0.03776745372104328,0.07250197228442333,-0.17653499509917203,0.1319111635282774,0.23340531839444095,-0.030485540565308514,0.12151343942496952,-0.4490274047924519,-0.33433687414833174,0.19163910781024632,0.14762568830734168,-0.24266509415167864,0.014621201858330213,-0.27138314912064004,-0.43867430611448016,0.053241319956330836,-0.13327223900102797,-0.548137286933516,-0.2200097219676625,-0.3091904469714477,0.041668990907569585,-0.2895026655722812,0.042137557873598484,-0.15249145343416554,-0.20292934042027588,-0.039786754217501136,0.03781367291156994,,-0.020675915817322633,-0.2088772721114998,-0.169845962594331,0.034324920909402416,-0.023472973726780835,0.24734598251639586,0.07386623528755508,0.13997880292296536,0.1570464343488274,0.10596625999091554,-0.03520467929459953,0.07732629951629226,0.1750336682896509,-0.19507526556112487,0.6407828574616102,0.417966514993346,0.20877686490449363,-0.00388400576942999,0.49650248228928434,0.27434117731434626,0.5469005251456303,0.36008255703687175,0.45728948354039,0.3548422570902629,0.07530062395907211,0.12354070874738025,-0.13360692969104862,0.3375817800763414
