,#10,#11,#12,#13,#17,#18,#26,#49,#50,#51,#52,#53,#54,#58,#101,#102,#201,#202,#301,#302,#401,#402,#501,#502,#601,#602,#701,#702,#801,#802,#901,#902,#1001,#1002,#1101,#1102,#1201,#1202,#1301,#1302,#1401,#1402,#1501,#1502,#1601,#1602,#1701,#1702,#1801,#1802,#1901,#1902,#2001,#2002,#2101,#2102,#2201,#2202,#2301,#2302,#2401,#2402,#2501,#2502,#2601,#2602,#2701,#2702,#2801,#2802,#2901,#2902,#3001,#3002,#3101,#3102,#3201,#3202,#3301,#3302,#3401,#3402,#3455,#3501,#3502,#3601,#3602,#3701,#3702,#3801,#3802,#3901,#3902,#4001,#4002,#4101,#4102,#4201,#4202,#4301,#4302,#4401,#4402,#4501,#4502,#4601,#4602,#4701,#4702,#4801,#4802
#10,1.0,0.21323143861214927,0.561051566272741,0.6987480974428038,0.19295555785766083,0.33507159990118657,-0.290417486791671,0.6163026241343863,-0.03783598562423798,0.5656495788475484,0.5097578273792922,0.2532811640860952,0.04539680768832328,-0.4377578911298998,-0.4516348046442318,-0.18487994963701998,0.5666998701081369,0.3028169799743404,-0.15824016447656766,0.18237773828781806,-0.15033987042689,0.37838216895504784,0.19029556375459203,-0.14533226019810502,0.24516889926607113,0.33392408896397296,0.08947079026846974,0.31195244204671324,0.3775167544565659,0.058554933101706126,-0.25551402911809,-0.0025978372606363905,0.479803010622445,0.3446851915307318,0.25017491572966555,0.09040154913976524,0.0637888579875527,0.29260891392871086,0.2699710731617911,0.4142402919777829,-0.06407095442628438,0.18777263345791265,-0.09230609854250173,0.12584369944776036,-0.13111428093299013,0.10892747571500291,0.2136282861446023,0.4330260022790842,0.07127796061806214,0.24631003514252245,0.29375961239630566,0.2182677366143646,0.23548996326371235,0.18616930567619472,0.14745196790156906,0.4270844456486226,-0.35337280558455325,0.0636629505374973,-0.011012917466869606,-0.1067982054203954,0.0737785782020735,-0.00828120393022496,-0.1328769852337655,-0.30652885910318833,0.5858919905330348,0.47615488210122003,-0.4064929993864004,-0.487368613982102,0.1863207133692993,0.22945756201738798,0.37276414665827284,0.5616683534014933,-0.4304727904437839,-0.01305612444118608,-0.465090964148252,-0.14120759588489828,-0.2715807760042713,-0.15704484058363682,-0.278327184055973,0.24260134354405566,-0.16571970451593368,0.19920630493509392,,-0.23966562806301747,0.06449489596697719,-0.3002621743738495,-0.09932025914621999,0.2692554725912231,0.052387061814182914,0.017639793129278263,0.009098805472989665,-0.1678473810453506,-0.025050801265449563,-0.030895138219286154,-0.03623106407732949,0.10134593470344014,-0.1081034991114759,0.25598100231892834,0.283345950641092,0.4406250747077433,0.23067679238817745,-0.06814780578377387,0.2745579293802644,0.13660958331009093,0.33992302114129525,0.36613408346548304,0.25128098877192423,-0.13551307285897568,-0.09662520220895855,-0.21660543952059544,-0.4972308329813769
#11,0.21323143861214927,1.0,0.383479030034505,0.2522005912868857,-0.12666448852090623,0.12357895911195403,0.5268493652830128,0.08128521224967926,0.2302161942481014,0.45911753221397894,0.4914900907649276,-0.1287873837547514,0.251308082780164,0.13835156866338882,-0.015341583724469874,0.40145032632342276,0.147504562152858,0.24671644526611894,-0.16300233486600418,0.32408896397293785,-0.29799265274247144,0.16651658711122092,-0.41814661045988094,0.04239415406928097,-0.31457737331558944,-0.0037023165377045,-0.20160810907728965,-0.05006175840113476,0.09864290894022584,0.1324976691184088,-0.12660233167847382,-0.0797408537800126,-0.13674027205571804,0.08102064722804389,0.03499908358501542,0.07258166054395206,-0.19359465769908119,0.11232538310130769,-0.1588123261799839,0.06157989943341648,-0.1343018113141391,0.07279203754910789,-0.27148355632764626,0.08622269681007898,-0.36681302743666777,0.16839244874052706,0.15564232721593127,0.16877654615145551,0.0811194606698595,0.09573428746742742,0.14572273266979577,0.20237471013395597,-0.025305803695941476,0.05980763254149766,-0.2976898373562623,0.010160253089912263,-0.46937341121532566,-0.09118727537871846,-0.23931818725147225,-0.025512993170716158,-0.17298408625457212,-0.15729187418817586,0.07606881878092901,-0.06291069336754616,0.11615520085425814,0.16672696411637675,-0.011553203866474352,0.07592697367896788,0.2021786770155153,0.3442134370343217,0.1785973272557754,0.36082684538087,-0.1753444525018129,-0.05469005251456303,-0.17652862003840974,-0.02586999657340484,-0.07207165568296822,-0.18506163886874546,-0.1367657722987672,0.25049366876778045,-0.12965279825323336,0.016178310449521473,,-0.233139159607615,-0.08269091314776594,-0.13627011132449857,-0.13328817665293372,-0.1320609774561914,-0.0133732837141104,-0.021860083353919466,-0.08602347616125716,-0.2015045143399023,0.06350357401843987,0.06328363442214059,-0.008896397293786707,-0.1326602331678474,0.07774386599622278,0.007933763118679726,0.1815569492146722,0.07611663173664623,0.1391404824327232,-0.11432396465028807,0.0706627672545004,0.0021053638167488785,-0.061836495629098966,0.14710930838559555,0.2146148267975679,-0.3364725195037015,-0.2307166365179418,-0.13403565252731314,-0.1974212879216505
#12,0.561051566272741,0.383479030034505,1.0,0.6257377140625872,-0.032786937500498055,0.29852975161169504,0.018599239774004097,0.2624835642964722,0.09024536015108894,0.6663149758146132,0.374875885535784,-0.11929013698411813,-0.07214975017730638,-0.2213660161448414,-0.14489397477069704,0.19447282231908772,0.760621249671286,0.8021993959629927,-0.18393484687900932,0.13106646797727292,-0.24535377602817776,0.33956601773860656,0.025868402808214265,0.2650017132975799,0.022100741897696213,0.032115962355266196,0.15273529950832343,0.33076843388663546,0.10147184215349553,-0.21545155352261952,-0.1732789328148284,-0.1730223366191459,0.3005044266828168,-0.09199531433033971,-0.2008303516642893,-0.3694443337663062,-0.35801703734988727,-0.14570520125269945,-0.03457354827913203,-0.026485189936966587,-0.1597303349297548,-0.14551554319502108,-0.2396895345408761,-0.14484138051940806,-0.20746200862226968,-0.01981528261441242,0.1147845627903641,0.28582425551243534,0.2394887201268637,0.35812860091322746,0.38389978404481667,0.4111707002207365,0.40680856489413414,0.40828279769541553,0.08524890627863797,0.36835101084557215,-0.3897919339543705,-0.19133788618922773,0.06699551355098854,0.019880626987225973,-0.2558280008606332,-0.16852313748615416,-0.28011538859979757,-0.1332515200535505,0.5999314680968053,0.5308082780163998,-0.21571293101387373,-0.07777255376965311,0.04276550135868482,0.26524237184135663,0.6824964737945158,0.5791200822382838,-0.26562806301747566,-0.00035222210711695844,-0.5490234203794755,-0.19216505032313588,-0.4509893297420491,-0.07970738471101052,0.13804556574679852,0.14466766011363547,-0.05951437974643196,0.10430077536676521,,-0.21494314242682624,-0.18311565157105403,-0.3314569404489637,-0.0618843085848162,0.12438221676800357,-0.23373204025850872,-0.049719098885161246,-0.256604164508443,-0.2436723537521217,-0.13942576640183602,-0.024381419885408283,-0.18901736407175132,0.43849261688275465,-0.04693957239279937,0.6565483827267729,0.6005052235654121,0.38541386097586244,0.4234076293539673,0.2886388448389899,0.20931715130409836,0.4592020017690794,0.38476201101291746,0.4813202750838719,0.24987369410864696,-0.3253990389595901,-0.2564431942241949,-0.4614412418618365,-0.6467021013794038
#13,0.6987480974428038,0.2522005912868857,0.6257377140625872,1.0,0.17198957677565363,0.34208257297452366,-0.0979145582481333,0.2820836886101571,-0.026110655117181587,0.5532867422642622,0.46069695351783824,0.16288599000709225,0.11079855604873734,-0.3064619209651842,-0.1658424244356079,0.10899919514857875,0.6154021468017117,0.4484600243846074,-0.1078548717417463,0.3269131158906358,-0.10414936767366063,0.38380097060300106,0.1128927635091522,-0.004758982859055376,0.13951182972212703,0.3014861860402107,-0.05925937731594004,0.17853038911777128,0.39832335901951565,0.10406330435336962,-0.26156236801632016,-0.06556112487947151,0.3259106375857645,0.2765437608077202,0.1256604164508443,-0.03820095785287954,-0.026542565483827267,0.3044968084852059,0.17888261122488824,0.29983504530277555,0.055180932193259966,0.12190231813146969,0.08908828662273187,0.14074859151001282,0.027774545976141336,0.09923578959111955,0.09228697336021484,0.3474057487110424,-0.0386966188271482,0.22957868817187163,0.23554893257576362,0.27247009698061186,0.23170795846647912,0.1240682450254604,-0.01509773765031198,0.20289587135127382,-0.395441831554957,0.011103762082732352,-0.02127676529416921,-0.07730398680362423,-0.0687773430340508,0.016171935388759173,-0.028230362820645633,0.0039939755675796286,0.4648487118392847,0.3525504227462168,-0.1838105331941445,-0.3783088557562814,0.25855493310170613,0.2541880164795321,0.4328522818733116,0.511668751842791,-0.2878897751994199,0.031075233685821067,-0.47738367506315293,-0.17998868426714693,-0.3216265967535003,-0.1760202089426165,0.00015618898867629833,0.43894365243168726,-0.21901521248874403,0.20780626190343376,,-0.20633362286734294,0.11054833491381715,-0.2824486608387986,-0.14829347592219239,0.2761756010486975,0.052796659468160555,0.17800285283969114,-0.022288806190184002,-0.09869072189594306,0.09850903266421758,-0.13236857413797226,-0.22095641849086375,0.1490234203794755,0.0381658950186869,0.23250005976619464,0.3120751619663875,0.2604817952171107,0.243068316744894,-0.004671325773573779,0.1971917857342078,0.1316912239319781,0.24407717011052762,0.2895536660583796,0.15736837491732342,-0.07577715975105388,-0.06508618285268031,-0.28289013379658773,-0.5183800970603001
#17,0.19295555785766083,-0.12666448852090623,-0.032786937500498055,0.17198957677565363,1.0,0.4994126975272733,-0.1020981918733913,0.31969335957733347,0.05465020838479867,0.06153686777327096,0.21216042840408322,0.7090964148252038,0.4839053622229837,0.04161958418666178,-0.20973631154921946,-0.15360868283275825,0.09971391914829188,-0.05712373196057025,-0.21446979416522563,0.14599686028257458,-0.24621759676146912,-0.0470001354700412,-0.009240650574950793,-0.3220967574847198,0.0865143558399541,-0.22883599359306395,-0.46884268740686436,-0.24462383157089465,0.3146235925061161,0.18455004024257107,-0.004478480185514268,-0.06517224617297133,0.11117627839890348,0.1677214735952952,0.2636326689988764,0.056666321350875376,0.3280335328196097,0.18540429838471897,0.37367418658209084,0.13715624477045796,0.3492784228099674,0.3050004382854274,0.4566216959255393,0.37432763031022637,0.11743021300671772,-0.045299588011698234,-0.13121150060961517,0.006228434364765039,-0.395827522731076,-0.27105802102176285,-0.11928376192335584,-0.21496864266987545,-0.30994589167178,-0.13090868522340604,-0.13098359218736302,-0.07640510323614022,-0.2775988333638805,-0.13037318011937302,-0.14524938440819515,-0.06783542780642128,0.150714405246675,0.2762744144905131,0.177711193809816,0.16812310242331996,-0.02713544613472097,0.05735642167839412,0.0829682282909259,-0.1657977990102718,-0.1807887543928153,0.2040959765397764,0.07683382607240476,0.11935707512212226,0.010998573580154436,0.20368797265098934,-0.0263720326084358,0.02740957374749978,0.0656424069041908,0.03757938942855549,-0.01464192080580768,-0.06701463873327543,0.056690227828733994,0.6300870992676649,,0.4057056793822566,0.673896516826176,0.15198622986875343,0.17368534293842489,0.4143582306018854,0.41790276438572305,0.6802779526492362,0.54781534636502,0.29894731809162556,0.2762521017778451,-0.13152547235215836,-0.042574249535815886,-0.11978261042800564,-0.11768202790682848,0.013221876021005826,0.02279084222521496,0.11684051988620517,-0.052581501167433,0.14868713592426427,0.29984301412872844,0.21116273139478361,0.20511598626174407,-0.02922646606475468,0.05702332475356406,0.3000071719433576,0.2868458589995936,-0.14870944863693233,-0.21275809035054866
#18,0.33507159990118657,0.12357895911195403,0.29852975161169504,0.34208257297452366,0.4994126975272733,1.0,-0.15395134234873176,0.26352269920072674,0.19164229534062746,0.26256325255600094,0.20709066133286583,0.39493501422435434,0.521717441369363,-0.07468702436070093,-0.2339711050370949,-0.16093203388344796,0.447596203651316,0.25656113284829746,-0.2012240116663612,0.11890285204280854,-0.230966857652862,0.09652001370638064,0.09734877160547936,-0.060094510275801066,0.17524882659037844,-0.028625616587908104,-0.22524364685350906,-0.04187936791272542,0.4451529616141654,0.19657499860545546,-0.27377060937612063,0.11805337519623234,0.2053741762226171,0.26734454812772435,0.3286471324179809,0.07520021675206592,0.20919921267999586,0.2992772274860745,0.35993433687414833,0.23000900477332675,0.14686705607662823,0.037488544812692745,0.180332937548311,0.27605128736383266,0.012187522412322993,0.00965662328969073,-0.03025285084748464,0.16404625106583048,-0.13399740216273937,-0.023570193403405878,0.15552438859182877,0.1364422379650806,0.006834065137183339,0.06379045175274327,-0.019528404880109013,0.16728637569826837,-0.2831244172796022,0.047739642518467754,-0.16211938895042594,0.05683207293069512,0.1442214058602746,0.4355824016447657,0.04033979073863048,-0.12217963327462965,0.01112129349982867,0.24673557044840583,-0.06600259783726063,-0.28862131342189357,0.035338555570607784,0.18540111085433783,0.26525193443250006,0.3300878961502602,0.011189825403023372,0.30723808461299396,-0.22222186805217986,-0.013081624684235271,0.09289419789782372,0.08593900660615672,-0.0496473794515854,0.13591629545219103,-0.3205842743188646,0.27569109643076284,,0.17955996143088238,0.42778410856728477,-0.06245487652304186,0.16324936847054322,0.05240140570089809,0.08366470367920695,0.2645251775055981,0.2722931890444581,0.030638542023603662,0.10649060873861455,-0.08101267840209102,-0.07990979289021348,0.1366175521360438,-0.0013100749866522166,0.04203077560582999,0.1590864537927627,0.17969224394170008,0.11541888133621274,0.13014686546231144,0.3908231000326722,0.1841675365968332,0.3730685558096726,0.12663580074747588,0.19251886619544342,0.15991361792667086,0.049633035564870226,-0.17645690060483388,-0.296986986907219
#26,-0.290417486791671,0.5268493652830128,0.018599239774004097,-0.0979145582481333,-0.1020981918733913,-0.15395134234873176,1.0,-0.19147654376080772,0.2820996262620628,0.29335957733347146,0.3066165161886699,-0.08272597598195858,0.11554638255145869,0.34705830789949715,0.3526014232323152,0.5843731323064173,-0.10880156826494752,0.06515630852106559,-0.2935014224354326,0.07506155918048595,-0.02162579987090502,0.03778179760775845,-0.4526627831921523,0.0349751771071568,-0.29412777215532837,-0.3548916638111707,-0.3780952912207444,-0.38195379674712526,-0.12377339846520412,-0.07203659284877559,0.09412299085975663,-0.36795735084350023,-0.3217732231510332,-0.29562431766927777,-0.2215461116113763,-0.15673565013666538,-0.20260102479101755,-0.2244993585095108,-0.3431790834256389,-0.36785534987130347,-0.0442716094637777,0.017561698634940115,0.0021228952338451976,-0.06250906453952139,-0.2187363035803935,0.06493636892476631,0.08140633840416292,-0.04709257385109452,-0.23847508546565835,-0.14595382862242906,-0.21249671285929445,-0.037920455179338425,-0.30732096040290385,-0.13830534947286216,-0.3815872307532931,-0.425348835356087,-0.3363625497055519,-0.35566782745898046,-0.15141884946090892,-0.008094733402927747,-0.2146849524659532,-0.28837268605216393,0.13444206265090963,0.2859437879017284,-0.21990612723027517,-0.13711958817107475,0.25798436516348044,0.42028703711082244,0.05193762003044092,0.2408258891217557,0.020800229502187444,-0.07436030249663317,0.012220991481325057,-0.2772992055080525,-0.043798261202177086,-0.23403644940990845,-0.0862402282271753,-0.25395373299651763,0.19044219015212488,0.015214082509223917,0.08056961167911132,0.06862274781056507,,0.19638852807815824,0.0105013188406952,0.14848472774506133,-0.011835300305206034,0.014194072787256254,0.03204583668688092,0.2821968459386879,-0.15294248898309812,0.03538796229151559,0.126103483173824,0.12440931077624334,-0.008089952107356023,0.01737841563802405,0.013078437153854122,-0.004706388607766418,-0.016039652877941492,-0.1941062563252556,-0.11065192965120449,0.10324251528022377,-0.16650543075488689,-0.043379100957055994,-0.19907402242427624,-0.046928416036465345,0.013360533592585804,-0.1251663492417662,-0.04159408394361259,0.06403111029652002,0.12300360987815664
#49,0.6163026241343863,0.08128521224967926,0.2624835642964722,0.2820836886101571,0.31969335957733347,0.26352269920072674,-0.19147654376080772,1.0,0.12351839603471221,0.4588561547227247,0.41986947063089197,0.3693311764377754,0.20129573109993704,-0.3689024536015109,-0.23728454286829923,-0.19819904533465085,0.4751747165090167,0.23682713225860433,-0.18905720820151567,-0.044695551004470514,-0.07954163313119078,0.15913745427886108,-0.04787033126409486,-0.3385013825913028,0.24254715552757614,-0.12785343735307478,-0.048238491023117565,0.0330961279474695,0.19293643267537394,-0.21287124767907945,-0.1652495437847142,-0.17516754456565914,0.38954968164540316,0.0665731657754863,0.08038632868219525,0.07154730693526923,0.05108017435791185,-0.02313350174118847,0.2971208631832272,0.04673397668321526,-0.23196774219254276,-0.07885631409924376,-0.16532604451386176,0.034783925284287864,-0.1844974459912821,0.038650399636621535,0.34972308329813767,0.5848656057503048,-0.11362111420124472,-0.18612627401604923,0.12022408338579477,-0.14696108822287213,-0.0551602132457825,-0.04826239750097618,0.13202750838718932,0.27440014662639756,-0.09031548581947421,-0.21844623831570895,-0.3038879901824064,-0.400524348747699,0.19778626015029205,0.16502163536246206,-0.22106001322825108,-0.4150323932774984,0.3450007570384655,0.23615615711337248,-0.3102088629282248,-0.33542860330387525,0.07805624397357537,0.1926399923499271,0.30255719624827676,0.35596745531480845,-0.26184765198543297,-0.06334419749938242,-0.2899744200686913,-0.09361776729434453,-0.20002071894747747,-0.008654144984819387,-0.14052068308776067,-0.14231366892715697,-0.08256978699328228,0.1568519949955773,,0.12166165958769294,0.148017754544223,-0.03352325701854346,0.16833029189809465,0.17424953581588826,-0.20080963271681182,0.11103124576656122,-0.08239447282231908,-0.14545657388296981,-0.21043119317230993,0.030066380320187425,0.04076373227932329,0.19293962020575509,-0.2551331192375427,0.31839762847739644,0.2806094558088757,0.35237670234044416,0.27060220417725855,0.005254643833324036,0.20691534716190263,0.2534118528317223,0.3974579445210337,0.238446397692228,0.31395899242164654,0.11373267776458494,0.08348301444748145,-0.06966028894962906,-0.24795798834957647
#50,-0.03783598562423798,0.2302161942481014,0.09024536015108894,-0.026110655117181587,0.05465020838479867,0.19164229534062746,0.2820996262620628,0.12351839603471221,1.0,0.33220282255815253,0.36341352628517243,0.20170054745834295,0.16116950489684354,0.14070555984986732,0.15770465937253464,0.016962442923284114,0.10770187028345114,0.07533728055845532,-0.019397716134481907,0.042889815043549634,-0.09302169911306968,-0.25300066141255406,-0.2649618691678155,-0.08110989807871606,0.008563300368956642,-0.1285323813242595,-0.34471866059973383,-0.3884707026113843,-0.05269465849596379,0.11398130513431456,-0.15069049876881638,0.14761453195100765,0.09119524420467133,0.026061248396273776,-0.02684219333965527,0.004813170875534907,0.1519511670345608,0.030810668664185706,-0.15355449481627872,-0.16403031341392474,-0.05940281618309175,-0.007575165950800469,0.13158762919459077,0.17527113930304647,-0.08610475818597646,-0.29620126066826574,0.026837412044083544,-0.013656973918032656,-0.12875869598132106,-0.28155933986245807,0.011980332937548311,-0.026768880140888844,-0.16992246332347855,-0.1866203412251273,-0.11306489014973424,-0.14883376232179713,-0.12522531855381747,-0.21056825697869933,0.04684075895098375,-0.11025030082317971,-0.07187562256452756,0.003750129493421734,0.21122170070683485,0.115863541824383,-0.2399652559188455,-0.12927188837268605,0.025230896731984476,0.12605567021810676,0.15331064874212083,0.12875391468574934,0.17711990692411286,0.10135709105977417,-0.04892062252468344,-0.055536341830758076,-0.018492457506235606,-0.07688801408888428,0.09674314083306107,0.035749746989775996,0.11657914239495096,0.042253902732510416,-0.28411255169775834,-0.004652200591286885,,0.14948879981512322,0.08923969431583645,-0.020546820836886102,0.17152738487038705,-0.023737538748416196,-0.05447489421383547,0.21502761198192671,0.07858696778203668,0.14106575078293715,-0.0785598737737969,-0.12200910039923818,-0.10508968913609958,0.06346851118424722,0.05406370279466726,0.1849213875319749,0.07931213094374806,0.005984588290607145,-0.04511311748440102,0.023307222146961088,0.19825482711632095,0.2683773079712166,0.09931547785064826,-0.005630772418299612,-0.052940098335312255,0.03149439393094215,-0.10542437982612021,-0.142111260747954,-0.06231781271665245
#51,0.5656495788475484,0.45911753221397894,0.6663149758146132,0.5532867422642622,0.06153686777327096,0.26256325255600094,0.29335957733347146,0.4588561547227247,0.33220282255815253,1.0,0.6748958076006661,0.07667126202296616,0.08124058682434317,-0.19898955286917577,-0.15635474025611806,0.0618843085848162,0.6357768409980158,0.47368773358621075,-0.30082636725131284,0.03511542844392736,-0.17702587477786896,0.18133700961837293,-0.14156938058315868,-0.08454924335997578,0.10289985576425026,-0.07236331471284335,-0.061833308098717815,0.05607981576074397,0.1497039581158508,-0.08999832654654989,-0.15862426188749612,-0.19908039748503853,0.32989664432739124,-0.009546653491541091,-0.07103092701352309,-0.13124496967861726,-0.12397261911402593,-0.03531305532755859,0.0613535847763549,-0.06902756416897099,-0.224311294217023,-0.019075775565985862,-0.09342810923666617,-0.030946138705384537,-0.12075640095944665,-0.056228035923467395,0.23110073392887026,0.30612085521440124,0.001547546000047813,0.08423845914781375,0.14107371960889004,0.22174214472981696,0.1305421192295739,0.17837420012909497,-0.013411534078684187,0.18478272996039494,-0.4058746184924575,-0.4021738957199436,0.07259919196104837,-0.028005641928774635,-0.05990803974850385,-0.06135199101116433,-0.1686522324665907,-0.17946433551944793,0.46233693789893937,0.35960602124489,-0.31747802596243496,-0.176812310242332,0.118099594386759,0.19252842878658688,0.4599016646877416,0.503043294631402,-0.4927762592737212,-0.21782626365657548,-0.5058355712452884,-0.32131103124576654,-0.4406394185944585,-0.23094773247057512,-0.07072333033174222,0.051222019459872974,-0.20733769493740487,0.06709910828837587,,-0.019890189578369417,-0.08872331439409031,-0.16027380885974069,0.10346404864171362,0.19133629242403716,-0.18379140801185762,0.13215819713281643,-0.13878347903003452,-0.03532739921427376,0.028843962419016805,0.08015682649475253,0.00572958586011523,0.2793551626038936,-0.18657890333017235,0.42202264740335804,0.41377491254213516,0.3141566193052778,0.22123851492959543,0.11717202304584466,0.25047613735068414,0.2853827825546462,0.39507048426555313,0.3035963311525313,0.3167640191570576,-0.1198288296185323,-0.18869064220768353,-0.19793448031301547,-0.3436157750878563
#52,0.5097578273792922,0.4914900907649276,0.374875885535784,0.46069695351783824,0.21216042840408322,0.20709066133286583,0.3066165161886699,0.41986947063089197,0.36341352628517243,0.6748958076006661,1.0,0.26463992859931945,0.31646757883161075,-0.15257911051964715,-0.011514953501900564,0.222438620118098,0.35602483086166914,0.3131637035915499,-0.2939317390368877,0.12374789822215493,-0.14903138920542836,0.17291396058618683,-0.23668369339145265,-0.1789798309015133,0.03352006948816231,0.0504649809943501,-0.3730287116799082,-0.17224298544095498,0.25877646646319596,0.09260413263313916,-0.25530046458255307,-0.2005928806508937,0.2552861206958379,0.1470312138912574,0.06846177752631705,0.047137199276430605,0.05328594538166692,0.196329558766107,0.09755755484544462,0.10354851819681406,-0.1518332284104583,0.23350891313182828,-0.019738781885264844,0.08265106901800158,-0.09218656615320865,0.047479858792404114,0.09593828941182096,0.1369363051741587,-0.20113157328530787,0.0009291651061049175,-0.06401517264461427,-0.07536118703631393,-0.20699503542143136,-0.07203340531839444,-0.0655993752440453,0.10068930344492345,-0.400438285427408,-0.08951222816342468,0.02119548326944991,-0.15850472949820302,-0.02739522986078461,0.062477189235709905,0.027659794882419972,-0.08970029245591248,0.28005960681812747,0.22346659866601853,-0.24747348373164182,-0.21485070404577294,0.3666743698650878,0.3409047804986891,0.40715759947086994,0.5171226163249368,-0.45774689415008485,-0.24182199236586474,-0.4016925786323901,-0.28022217086756607,-0.25152802237646327,-0.18998477954243,-0.058878467435392746,0.19997290599176024,-0.18340252930535744,0.12417343352803831,,-0.025084270334451625,0.11655204838671118,-0.11150459402816183,0.029146777805225958,0.1549984460789392,-0.02675772378455482,0.19227502012128553,-0.026528221597112097,0.008636613567723068,0.021756488616532125,-0.03191992923682554,-0.045184836917976874,0.17183976284773964,-0.1306807768011539,0.15674840025818995,0.1680912271195085,0.053324195746240706,-0.029363529871144083,-0.0622588434046012,0.1938321287124768,0.12458462494720653,0.23479508164062188,0.12383555530763653,0.1138171473196854,-0.09440986859406003,-0.09873694108646973,-0.17913601989018957,-0.2570456374662321
#53,0.2532811640860952,-0.1287873837547514,-0.11929013698411813,0.16288599000709225,0.7090964148252038,0.39493501422435434,-0.08272597598195858,0.3693311764377754,0.20170054745834295,0.07667126202296616,0.26463992859931945,1.0,0.48513096765453545,-0.02240036975352421,-0.09871940966937341,-0.10460837204854609,0.08723633147128433,-0.15358955765047136,-0.28572703583581033,0.20116504235430993,-0.05493867988429265,0.0574887041892118,-0.05731179625305804,-0.4101698156810557,-0.032898501063838265,-0.15884420148379538,-0.5436333065049527,-0.36788722517511496,0.3251121612252867,0.2196718437472607,-0.023844321016184687,-0.014708858943811808,0.15287714461028457,0.27737092494162835,0.3373793718971384,0.15533632429934097,0.32415430834575143,0.25315685040123037,0.23913649801974676,0.11335654917960937,0.38206695407565605,0.34817553729808987,0.3903609081274056,0.3214656264692523,0.05714604467323829,0.008832646686163728,-0.0039126935428603305,0.03935962514642718,-0.5000023906477858,-0.45190893225701056,-0.24081632653061225,-0.3435408681238993,-0.4591796890564113,-0.22885511877535084,-0.19636780913068078,-0.09036967383595375,-0.25190255719624827,-0.10613519910111643,-0.22630828200081282,-0.31094358868107963,0.2993505406848409,0.2841763023053813,0.17640111882316378,0.04891743499430229,-0.001743579118488473,0.10300663803201875,0.04340141366972404,-0.27653260445138617,0.016667596363027837,0.23867908741005187,0.08258891217556917,0.1860959924774283,-0.005421989178334356,-0.03916199826279594,-0.021480767238562744,-0.12417343352803831,0.10431511925348039,-0.02635768872172063,0.010327598434922583,0.03582624771892357,0.027122696013196376,0.5298424563109118,,0.3986452995880117,0.6316537704499996,0.23352325701854346,0.25586146992963527,0.42068707217365664,0.393718971383946,0.6409693279889074,0.35606945628700526,0.03924806158308696,0.14373530747714938,-0.007323351050689702,-0.04466048817027787,-0.18413884882340284,-0.1557475157185092,0.025425336085234562,0.027981735450916017,0.041791710827243825,-0.17933045924343965,-0.005417207882762632,0.21629784283881456,0.16966905465817722,0.2084660806923316,0.08612547713345393,0.05981400760225996,0.35537457466391476,0.34394887201268637,0.0228944369626023,-0.131785256078222
#54,0.04539680768832328,0.251308082780164,-0.07214975017730638,0.11079855604873734,0.4839053622229837,0.521717441369363,0.11554638255145869,0.20129573109993704,0.16116950489684354,0.08124058682434317,0.31646757883161075,0.48513096765453545,1.0,0.1863956203332563,-0.017870889081911562,0.06211381077225892,0.022503964490911552,-0.06979097769525616,-0.26970491437496513,0.20037294105459444,-0.33919785797958385,0.0349751771071568,-0.09573747499780857,-0.2114129525297038,-0.030150849875287874,-0.11877216329718143,-0.5856911761190224,-0.32803034528922853,0.4907410211253576,0.36101172214297667,-0.26285650535106664,-0.01360119213636255,-0.08308776068021899,0.27088908191156197,0.3824861143207771,0.28918231876897577,0.29811696642733626,0.3325662010216035,0.2937755500482114,0.16351552725736918,0.2817155288511344,0.20324968722358136,0.16754934695471316,0.29102152379889873,-0.09205268987720039,0.02339328546725211,-0.059651443552821364,-0.0035795966180302654,-0.45981560136745053,-0.3361728916478735,-0.17658440182007984,-0.21732104009116338,-0.4062523408426237,-0.08503056044752927,-0.24208177609192838,-0.047476671262022964,-0.34680330546900523,-0.01217955358637012,-0.21034034855644718,-0.07188996645124274,0.15253289132912048,0.43026719473419983,0.27629035214241887,0.07282550661810995,-0.05883384201005666,0.07203659284877559,0.164250253010224,-0.0543856433631633,-0.008588800612005834,0.1715736040609137,0.012601901361872355,0.042344747348373166,0.001595358955765047,0.01943118520348397,-0.012066396257839333,-0.049577253783200124,0.16942361481882875,0.008461299396759875,0.016332905673007197,0.15806006901003275,-0.0445903625018926,0.34095737474997806,,0.2736128266222537,0.43469148690323456,-0.019137932408418268,0.19092031970929724,0.11851237957111779,0.13399262086716765,0.4221899927483684,0.3827809608810334,0.006748001816892318,0.19130441712022567,-0.0613599598371172,-0.062327375307795904,-0.19521551689789543,0.0521256843229287,-0.15318314752687487,-0.021538142785423424,0.02396704093585892,-0.06992326020607384,-0.1392217644574425,0.2780179936090016,0.1388344795161329,0.14425646869446723,-0.045943469148690325,0.09552072293189044,0.22392879057128512,0.1626708317063647,0.041490489206225244,-0.07735020599415088
#58,-0.4377578911298998,0.13835156866338882,-0.2213660161448414,-0.3064619209651842,0.04161958418666178,-0.07468702436070093,0.34705830789949715,-0.3689024536015109,0.14070555984986732,-0.19898955286917577,-0.15257911051964715,-0.02240036975352421,0.1863956203332563,1.0,0.3908820693447234,0.2930201053478791,-0.4058443369538366,-0.11260110447927707,0.01985512674417678,0.33263632668998877,-0.17763309931547785,-0.43193905441911246,-0.15857166763620717,0.23851333583023213,-0.13979073863047758,-0.03268334276311071,-0.40574074221644923,-0.31586194805919243,-0.06062842161464351,0.29123190080405453,0.33671795934305,0.12096040290384018,-0.3424602953246898,0.1304050554231845,-0.018172110702930136,-0.0036226282781757764,0.13861135238945246,0.058401931643410974,-0.26477061734494656,-0.036564161002159555,0.37852082652662783,0.07659476129381858,0.1906398170357561,0.11558144538565134,-0.19135541760632407,-0.04371857294264836,-0.2172572894835404,-0.2921084716588705,-0.21307206209309182,-0.24581118663787263,-0.19138091784937325,-0.19646981010287753,-0.3519894173991346,-0.39750735124194153,-0.29484018519551514,-0.5986548621791552,-0.18059909633513693,-0.1445847843237256,-0.30319788985488766,-0.1584808230203444,-0.10782140267274422,-0.04168492855947533,0.6530165990644599,0.5367960538373882,-0.3878140713528676,-0.1977830726199109,0.8136920367522253,0.6472184813011499,0.005791742702547634,0.20476695168500825,-0.10039286311947661,-0.21694172397580663,0.4064069360661094,0.11481325056379443,0.4140362900333894,0.07124449154906008,0.4441106391795297,0.0001227199196742344,0.4584067129389827,0.24736988899425447,0.04656981886858609,0.11612332555044665,,0.007514602873558638,0.21390878881814343,0.10754727505996542,-0.10623241877774148,-0.19578449107093052,0.24691566591494074,0.20630493509391262,0.22454398393484687,0.07532293667174016,0.008980866848887154,-0.2497525679541633,-0.25732454637458263,-0.40155551482600066,0.5617416666002598,-0.10546103642550343,-0.14670289826199906,-0.2399700372144172,-0.18831291985751739,0.10513909585700738,0.053587167002685496,0.01406816533720087,-0.23458629840065662,-0.22113013889663635,-0.08004366916622174,0.1347496593326905,-0.003750129493421734,-0.06808883647172262,0.13412330961279476
#101,-0.4516348046442318,-0.015341583724469874,-0.14489397477069704,-0.1658424244356079,-0.20973631154921946,-0.2339711050370949,0.3526014232323152,-0.23728454286829923,0.15770465937253464,-0.15635474025611806,-0.011514953501900564,-0.09871940966937341,-0.017870889081911562,0.3908820693447234,1.0,0.4674290176828248,-0.051253894763684464,0.16277920773932378,0.16156316489891545,-0.009881344181561731,0.29280654081234214,-0.23377507191865424,-0.09841978181354541,0.11349042545561762,-0.00011315732853078756,-0.011267919897361521,-0.21247599391181698,-0.37782116360796564,-0.06299675668783718,-0.011970770346404863,0.0600737913283236,-0.04066970013307939,-0.2985456892636008,-0.23720166707838933,-0.25479364725195036,-0.1248922216289874,-0.06691104399588808,-0.11501884627337855,-0.4294495931914351,-0.337616842910534,0.10103515049127812,0.015128019188932895,0.05447011291826375,-0.13145853421415424,-0.15657627361760793,-0.17081497183020025,-0.2517272430252851,-0.22431607551259472,-0.30860712891169745,-0.26382392082174533,-0.31595279267505516,-0.3760488967160468,-0.3498218967399533,-0.4221262421407454,-0.06985154077249799,-0.4770250778952737,0.10394058443369539,-0.227296416418969,-0.1332642701750751,-0.34320777119906926,-0.19194511072683662,-0.06463036600817601,0.199700372144172,0.33149359704834686,-0.31381236602411366,-0.24084182677366145,0.3393094215429241,0.44468439464813647,0.4019842376622652,0.14194550916813425,0.1828861493836113,-0.19536533082580942,0.27568312760481,-0.04409629529281451,0.06555793734909036,-0.1484974778665859,0.11124799783247934,0.054022264899712326,0.70531281626278,0.21037381762544924,0.010231972523488115,-0.11793862410251098,,0.03884802652025277,-0.011460765485421033,-0.014710452709002383,-0.020330068770967973,-0.1606100933149519,-0.09167974882260596,-0.04882818414363012,-0.3013873725983951,-0.15220138816948098,-0.3077863398385516,-0.17567436189626182,-0.16387890572082014,0.25739785957334904,0.3644175983552343,0.03472017467666489,-0.14754600004781296,-0.36387253066005787,-0.24681366494274398,0.111219310059049,-0.17551498537720436,0.03638884683119636,-0.2569021985990804,-0.17273067758927077,-0.2832391683733236,0.05724485811505391,-0.06224768704826718,-0.07210034345639857,0.07832877782116361
#102,-0.18487994963701998,0.40145032632342276,0.19447282231908772,0.10899919514857875,-0.15360868283275825,-0.16093203388344796,0.5843731323064173,-0.19819904533465085,0.016962442923284114,0.0618843085848162,0.222438620118098,-0.10460837204854609,0.06211381077225892,0.2930201053478791,0.4674290176828248,1.0,0.05905218784116536,0.4223955884579525,-0.23273434324920908,0.32369849150124713,-0.04303006638032019,0.37085959725553636,-0.21755372980898724,0.29914972627082853,-0.1756440803576409,-0.07126521049653754,-0.310930838559555,-0.27575962833395756,-0.01991090852584689,-0.033220441632334306,0.04426682816820598,-0.2543856433631633,-0.11774259098407032,-0.1999187179752807,-0.32796181338603386,-0.19289180725003785,-0.32464518802444836,-0.1123062579190208,-0.2405071360836408,-0.08125014941548661,-0.032756655961877136,-0.04233199722684857,-0.10893225701057463,-0.06750551841197236,-0.13275585907928186,0.28999673278135935,-0.007742511295810788,-0.01764935572042171,-0.32311039214592513,-0.1178812485556503,-0.12815944026966508,-0.1340452151184566,-0.2927459777351003,-0.15131525472352159,-0.20449282407222943,-0.1990070842862721,-0.38284789901903754,-0.054189610244722644,-0.23911896660265042,-0.18372606363904406,-0.28496999737028744,-0.19565539609049398,0.10434061949652958,0.21847651985432986,-0.10309270135230976,-0.05492433599757748,0.31404027444636584,0.32976436181657354,0.24590362501892596,0.4724940034584705,0.3193602626525034,0.06635800747475874,0.11168947079026847,-0.11307604650606826,-0.2377228282957072,-0.3962721832192463,-0.1540868123899306,-0.1560519248699089,0.3526922678481779,0.36207954482066157,0.06432914438715744,-0.03581031006701783,,-0.017293946082923603,-0.04301572249360502,-0.07195690458924686,-0.21857214576576434,-0.06401517264461427,-0.04428117205492115,0.09181840639418594,-0.26313382049422657,-0.2800452629314123,0.04596100056578664,-0.03820573914845126,-0.19039437719640764,0.09241925587103252,0.18932017945796045,0.12809090836647036,0.17743865996222777,-0.23387388536046985,-0.0022201149104702405,0.12418140235399118,-0.28026839005809273,0.048962060419638374,-0.09640207508227813,0.17211389046051845,0.08980707472368096,-0.24836599223836353,-0.23614818828741962,-0.12961454788865956,-0.17004199571277165
#201,0.5666998701081369,0.147504562152858,0.760621249671286,0.6154021468017117,0.09971391914829188,0.447596203651316,-0.10880156826494752,0.4751747165090167,0.10770187028345114,0.6357768409980158,0.35602483086166914,0.08723633147128433,0.022503964490911552,-0.4058443369538366,-0.051253894763684464,0.05905218784116536,1.0,0.7170652407780762,-0.18762760082557037,-0.056580258030584356,-0.09727545840671294,0.3354509160165433,0.057214576576432995,-0.06100933149519081,0.17095362940178024,-0.03564137095681693,0.12450971798324953,0.15656352349608332,0.23212393118121907,-0.2551474631242579,-0.18968993298217374,-0.18977121500689303,0.40553992780243686,-0.15833579038800213,-0.10366326929053543,-0.25616747284622554,-0.21638709368948672,-0.0998063575293452,0.012611463953015802,-0.10019204870546422,-0.2408450143040426,-0.20756400959446644,-0.16596992565085386,-0.15761062722629074,-0.09652001370638064,-0.03172389611838488,0.18485763692435195,0.40368000382503644,0.038910183362685175,0.13122743826152092,0.34089362414235513,0.16963399182398456,0.2992851963120273,0.22024878674624868,0.08256181816732941,0.3234195825928966,-0.28229884691088464,-0.28281044553705903,0.07077273705265004,-0.08660998175138857,-0.007538509351417256,0.03642072213500785,-0.400876570854816,-0.23581349759739897,0.5041844305078533,0.38058475244842177,-0.374029596219589,-0.30328076564479756,0.09886125477133453,0.21480767238562742,0.6854513144578409,0.5517264461426898,-0.32650192447146764,-0.03221955709265354,-0.6335599136179266,-0.2913115890635833,-0.4507773589717027,-0.04445329869550319,0.10027811202575525,0.024598171951326412,-0.1697391803265625,0.05966259990915539,,0.030154037405669024,-0.08900381706763143,-0.17024121636159345,0.13567085561284256,0.24333925682729163,-0.3219517248523775,-0.0002550024304919156,-0.2823944728223191,-0.1691016742503327,-0.17055996939970833,0.12325223724788627,-0.006610938010502913,0.5929938082222346,-0.21523958275227312,0.578190917132179,0.5074771493915802,0.4144857318171314,0.35393859222720714,0.31191578544733006,0.1922527074086175,0.4706452358374041,0.49082549068045805,0.5049845006335216,0.30264963462933003,-0.11875144434970396,-0.19017125006972724,-0.23397748009785718,-0.46501605718429506
