,#10,#11,#12,#13,#17,#18,#26,#49,#50,#51,#52,#53,#54,#58,#101,#102,#201,#202,#301,#302,#401,#402,#501,#502,#601,#602,#701,#702,#801,#802,#901,#902,#1001,#1002,#1101,#1102,#1201,#1202,#1301,#1302,#1401,#1402,#1501,#1502,#1601,#1602,#1701,#1702,#1801,#1802,#1901,#1902,#2001,#2002,#2101,#2102,#2201,#2202,#2301,#2302,#2401,#2402,#2501,#2502,#2601,#2602,#2701,#2702,#2801,#2802,#2901,#2902,#3001,#3002,#3101,#3102,#3201,#3202,#3301,#3302,#3401,#3402,#3455,#3501,#3502,#3601,#3602,#3701,#3702,#3801,#3802,#3901,#3902,#4001,#4002,#4101,#4102,#4201,#4202,#4301,#4302,#4401,#4402,#4501,#4502,#4601,#4602,#4701,#4702,#4801,#4802
#10,1.0,0.6903346110017611,0.028072580066778763,0.42885990007092256,-0.04810620851229988,-0.18836073281323462,0.3592235175991521,0.6996230745324291,0.49234116137669437,0.41043597446788166,0.5407932169353489,-0.008147327654216704,0.040735044505892944,0.1526380798316984,0.018035046896540733,0.12053327383276621,0.01332706452358374,0.050994111037620825,0.21863908390376846,0.2051510490959367,0.1318537879814167,0.16845619934815004,0.44152077074484614,0.2618779335240539,0.28146052642064245,0.2647259919196105,0.18372287610866292,0.40511758002693465,-0.3099761732104009,-0.34404609168931144,-0.09115221254452581,-0.4027986516746488,-0.3610738789854091,-0.4217373634342452,-0.12498306624485014,-0.256604164508443,-0.36830001035947374,-0.18530548494290336,-0.23878586967782037,-0.3737092494162835,-0.25034385483986643,-0.27821880802301396,-0.016830160412466433,-0.06773980189498681,0.13451059455410436,0.08066842512092694,-0.46177274502147597,-0.4121811473515607,-0.4004048163584059,-0.0205531958976484,-0.46143008550550246,0.1649307907465993,-0.17501294934217343,0.10427846265409717,-0.032084087051454706,0.06714532747890253,-0.02466511008933054,0.21355816047621703,-0.24251528022376465,-0.1377921570814972,-0.09077927148993138,-0.1695128656695009,-0.16418650240260102,0.26296010008845394,0.20860473826391157,0.2821793145215915,0.11381555355449481,0.21702938106128825,0.1836304377276096,0.2111882316378328,0.21597271473993737,0.45193443250005977,0.20485460877048983,-0.04951987823633944,-0.23086166915028408,-0.27562097076237757,-0.5153057240076819,-0.5208440580449283,-0.05896931205125549,-0.12690674082987352,-0.036849444971272384,-0.21653053255663843,-0.20155710859119125,-0.04369307269959917,0.016943317740997218,0.01246483755548295,-0.3185729426483596,-0.014536732303229764,-0.2932081696403669,-0.2675660814892142,-0.040539011387452285,-0.2095147781877296,0.13018352206169465,-0.27002058747007357,-0.023939946927619155,0.28041023516005387,0.050683326825458806,-0.2655563435838998,-0.3449704754998446,-0.49753524213277656,-0.4167185968491262,-0.16685924662719442,-0.21626596753500307,0.06736526707520181,-0.18473969830024942,-0.4082780163998438,-0.4721784379507367,-0.3253974451943995,-0.18827945078851532,-0.001628828024767111,0.017854951430005817
#11,0.6903346110017611,1.0,0.2620628102861605,0.5428475802659994,-0.009191243854042984,-0.24150802062332158,0.5902302193817784,0.5231916741706445,0.44929993864004014,0.5996190901194527,0.4734550438683869,-0.0791910047892644,-0.050939923021141295,0.07295300783335591,0.07594291133087362,0.21870920957215373,0.24343647650391667,0.14544382376144524,0.16616595876929452,0.22807098630158817,-0.03421813864163393,0.2868506402951653,0.392243144817474,0.2971017380009403,0.27289085099092353,0.4002183458311087,0.24369307269959917,0.3300129891863032,-0.27936950649060877,-0.25904740654559366,-0.09060076978858704,-0.37697646805696117,-0.2435735403103061,-0.14673317980061998,-0.2569547928503694,-0.35178541545474107,-0.37345584075098215,-0.24567731036186438,-0.1472320283052698,-0.30155312417821484,-0.30371745730701494,-0.22985759708022216,-0.13575373140275243,-0.016565595390831068,0.012498306624485015,-0.07555562638956402,-0.39042147120464743,-0.3669102471132928,-0.2978667452924161,-0.03207452446031126,-0.2197865948409821,0.058929467921491126,0.03770529687861087,0.08962697925714605,0.09049876881639028,0.014551076189944936,-0.25841786929531674,-0.004666544478002056,-0.15468128680601487,-0.22458382806461125,0.032751874666305414,-0.11857453641355019,-0.2155647108511503,0.017397540820310944,0.47567515877885713,0.39167576440962953,0.0537178557483126,0.12955398481141772,0.11561650821984397,0.2063750607622979,0.324893815394178,0.3914127931531847,-0.1438468710404896,-0.1959741491286089,-0.5078500904461746,-0.46628469427599234,-0.4126624644391142,-0.5708787224378232,0.018290049327032647,0.13757699878076962,-0.20633202910215237,-0.3095315127222306,-0.1696945549012264,-0.03887033923292081,-0.2267911928535569,0.16770234841300832,-0.28146690148140474,-0.07149311891878969,-0.23564615225238866,-0.4034584704635466,-0.13319414450668982,-0.2746774617695575,-0.06155121165998614,-0.0866657980642986,0.14247304544621442,0.4390026217437385,0.2046251065830471,0.060300105985385176,-0.17260955143478712,-0.30769549522268885,-0.25649578847548393,-0.1563770529687861,-0.17107634932145446,0.1666297444397517,-0.06157989943341648,-0.28680920240021035,-0.2753819059837914,-0.22076038537242307,-0.19719975456016064,0.13483731641817212,0.0610539569205269
#12,0.028072580066778763,0.2620628102861605,1.0,0.4930137302871168,0.17662265218465364,0.2445712373196057,0.3747802596243495,0.03405079329662361,0.15388918550629935,0.5116623767820287,0.2268150993314155,0.0849285594753325,0.030692730040083195,0.16503279171879606,-0.10443624540796405,-0.024830861669150283,0.694762090701177,0.5955151447537235,-0.09050514387715258,-0.1037828016798285,-0.2242491373745906,-0.019923658647371483,0.11662536158547761,0.07596044274796994,0.06378088916159982,0.016986349401142728,0.22386344619847157,-0.05937890970523313,0.01147351560694563,-0.06890484424929676,0.31641817211070294,0.03505805289706668,0.3104367713504769,0.02343312959701647,-0.08852728127564966,-0.2162755301261465,0.010310067017826264,-0.23890380830192287,0.019016806253934607,0.059450629138808976,-0.14798906677079265,-0.0026966507024520077,-0.0019985815489803886,-0.07990182406426061,-0.3373347464718023,-0.37674059080875616,-0.10187825227709202,-0.15038927714779782,-0.1328530787559069,-0.08452693064730774,0.28622269681007895,0.3062419813688849,0.36946505271378366,0.2803082341878571,0.26261744057248043,0.07995123078516841,-0.4297874714118369,-0.39378590952195014,0.07116639705472193,-0.16434269139127733,-0.16770553594338947,-0.2901465467092733,-0.17439775597861168,-0.3425367960538374,0.6044848552462766,0.09259297627680514,0.15879957605845932,-0.0419431185203484,-0.0023284909434293046,0.12147359529520516,0.39347831284016926,0.19580680378359855,-0.2718421534955255,0.04642956753181554,-0.41078500904461746,-0.16989218178485763,-0.3121436938695822,-0.368272916351234,0.35063631075233687,0.27060220417725855,-0.2653236538660759,0.052581501167433,-0.012334148809855843,0.0883248730964467,-0.3778928830415415,-0.07782833555132322,-0.24853971264413613,-0.07543768776546152,-0.05752695455378559,-0.04361338444007044,-0.11829084620962793,-0.5344452501812907,-0.16364940353337742,0.10703014090086073,0.09005092079783886,0.5214847516515392,0.30443624540796405,0.560579811776331,0.523376550932751,0.22149511112527792,0.22614253042099308,0.46196877813991666,0.2577692068627529,0.020455976221023357,0.24549083983456718,0.3323526364860665,0.2145526699551355,-0.22102495039405845,-0.010303691957063967,-0.022255337121181936,0.025084270334451625
#13,0.42885990007092256,0.5428475802659994,0.4930137302871168,1.0,-0.11882157001808924,-0.1861772745021476,0.30612882404035413,0.2142402919777829,0.28041661022081615,0.6046059814007603,0.3354971352070699,-0.022425869996573405,0.04259656224848393,0.23748057598673988,-0.14150244244515456,0.3568089633354318,0.3612842559905649,0.16779797432444277,0.016084278303277577,0.2400640693606611,-0.12750280901114838,0.2463881296368606,0.1220266318163345,0.22226011841675367,0.12165050323135893,0.2825379116894708,0.3505837165010479,0.3870124074620086,-0.43369857118950667,-0.41150220338037596,0.0638765150730343,0.04880268390058093,-0.2256468694467244,-0.028711679908199124,-0.29317788810174594,-0.2156890245360151,-0.31158906358326227,-0.06897815744806318,-0.30353098677971774,-0.1460191729952426,-0.5478344715473069,-0.23510905338316507,-0.24663994453697136,-0.0814939954896445,-0.20617424634828552,0.019413653786387652,-0.12596801313262518,-0.20602283865518092,-0.03636015905776602,0.05504386838687056,-0.1054004733482616,0.13418068515965542,0.10474862338531664,0.1959470551203691,-0.030297476272820725,0.03685582003203468,-0.4458940624277825,0.0026376813904007523,-0.19304321494314242,-0.14168413167688004,-0.10679183035963312,-0.373752281076429,0.030439321374781853,0.07823952697049144,0.42712269601319636,0.1382718804038601,0.31962642143932934,0.07297053925045223,0.18812007426945787,0.48021738957199434,0.3201762704300775,0.5629385842583812,0.04433217254101953,0.02539346078142307,-0.3179880308234188,-0.1474806556749994,-0.4082987353473213,-0.4054857397859573,-0.07164612037708484,0.19874092549944616,-0.3408139358828264,-0.37052171903513453,-0.17710237550701655,-0.0516762425391867,-0.1809879750416371,0.08501143526524237,-0.31056905386129463,-0.226933037955518,-0.40215636430284724,-0.32961295412346897,-0.31306329638454367,-0.4164508442971097,-0.029852815784650447,-0.19810509212167265,-0.07278406872315502,0.2733785431392393,0.21168070508172032,0.10136027859015531,-0.05222768529512547,-0.06982444676425822,-0.09158890420674322,0.056083003291125116,0.03588999832654655,0.09460749547769128,-0.08377626724254715,-0.09362414235510683,-0.16131294376399524,-0.20156826494752528,-0.2411494234554423,0.026327407183099713,0.07174015252332874
#17,-0.04810620851229988,-0.009191243854042984,0.17662265218465364,-0.11882157001808924,1.0,0.37712309445449405,0.11956745212727808,0.04026010247910176,0.02934121715847604,-0.1200535505104033,0.02489301851158269,0.2783208089952107,0.12500697272270878,0.3578321605877806,-0.12998908270844456,-0.4417964921228155,0.03934687502490258,0.03216377531098343,-0.1014304042585406,-0.4332714421184327,-0.03629959598052419,-0.19476448134896285,0.2267274422459339,0.049572472487628395,0.12190391189666026,0.03908231000326722,-0.1754082031094359,-0.20889958482416784,0.5326921084716588,0.5310632804468918,0.04374247942050698,0.21942002884714995,0.10221931802787496,0.10472152937707688,0.2668201993800253,0.19681087585366047,0.3369633991823985,-0.010730821028137924,0.18399700372144173,0.04962666050410793,0.08923969431583645,0.21747722907983966,0.23327941094438556,-0.15081321868849062,0.07045876531010686,-0.34655945939484734,-0.02347137996159026,0.03527799249336595,-0.23909984142036353,-0.2577708006279435,-0.06071607870012511,-0.038828901337965877,-0.10817043724948003,-0.005421989178334356,0.08921897536835897,0.016653252476312663,0.10152124887440334,-0.24944815880276358,0.018278892970698627,0.04918996884189052,-0.024032385308672473,0.17525998294671247,-0.027938703790770507,-0.13633864322769326,0.00722294384368351,0.18145813577285658,-0.0645873343480305,0.22233343161552008,-0.07459299221445705,-0.2583397748009786,-0.022005115986261745,-0.20500442269840385,-0.07572775303014607,0.20483388982301237,0.0013642630031317487,0.051346333144737785,-0.013276064037485357,-0.02713544613472097,0.40740782060579017,0.2147598594299102,-0.08394680011793862,0.5130680776801154,0.18041740710341145,0.37659077688084214,0.3161934512188319,-0.03971822231430643,0.09465371466821793,0.1950864219174589,0.2290129015292177,0.36545195196391717,0.34966252022089583,0.16145000757038466,0.13146172174453538,0.10800154117156192,-0.04621919052665971,0.15051040330228146,0.014844328985010638,-0.10182725179099364,0.2019045494027365,-0.03133979870745643,0.05343575930958092,0.16654527488465123,0.2319342731235407,-0.14939476766887935,0.04996294495931914,0.11744933818900462,0.11686761389444493,0.023925603040903985,-0.050063352166325334,-0.15956936464550678,-0.20217070818956243
#18,-0.18836073281323462,-0.24150802062332158,0.2445712373196057,-0.1861772745021476,0.37712309445449405,1.0,0.059509598450860235,-0.12227047789049239,-0.11176119022384431,-0.06311947660751141,-0.08969072986476902,0.0615033987042689,0.4987688163902812,0.2517750559810023,-0.2232753468431496,-0.2766919809704436,0.31991170540844216,0.3614978205261019,-0.22460932830766042,-0.3865342779048363,-0.14799066053598323,-0.13547641625959247,0.10041358206695408,0.11195244204671326,0.16861716963239806,-0.15677390050123916,0.0337830407446071,-0.1358047318888508,0.6094892779446804,0.31145837483763517,0.3255759468957439,0.19682681350556622,0.36474272645411154,-0.06567268844281172,0.006867534206185403,0.020094191522762952,0.38134019714875406,-0.1275888723314394,0.27142777454597616,-0.11460127979344803,0.3227820765166668,0.08859421941365378,0.10351345536262142,-0.12390089968045008,-0.016941723975806646,-0.15422387619632,0.0906406139183514,0.14895010718070906,0.10281697997434038,0.0498593502219318,0.22010056658352525,0.10356286208352923,0.04024097729681486,0.29146140299149725,0.0948497477866586,0.06368685701535592,-0.08340491995314331,-0.21755372980898724,0.1715178222792436,0.16877813991664609,-0.20896014790140968,-0.11423312003442533,-0.08285188343201397,-0.3113213110312458,0.003348500665396967,-0.17320083832049024,-0.02685334969598929,0.1462757691909251,-0.1345870952832519,-0.29225987935197506,0.13175656830479165,-0.28543537680593517,-0.20944784004972547,0.1992764306034792,-0.07949541394066412,-0.09048920622524684,-0.1128736383268653,-0.18623465004900827,0.6509510793774753,0.33523894524619685,0.15832941532723985,0.31917060459482505,-0.10755205635553713,-0.024011666361195005,0.17683621672019062,-0.22489142474639212,0.12336061328084533,0.4201324418873367,0.5321470407764824,0.2514244276390759,0.3354875726159265,0.03337344309062946,0.07021651300113954,-0.009023902104528645,-0.15807281913155735,0.321983600156189,-0.028732398855676595,0.05681294774840823,0.3619520436054156,0.08443927356182614,0.09486887296894549,0.5912406665126027,0.34597454756990653,-0.12917626246125158,0.0878754313127047,0.22585565268668967,0.16033437193698252,-0.10487931213094374,0.007608635019802533,-0.22471611057542892,-0.12858178804516732
#26,0.3592235175991521,0.5902302193817784,0.3747802596243495,0.30612882404035413,0.11956745212727808,0.059509598450860235,1.0,0.3212903122982891,0.32702946074954775,0.5870777518348221,0.3507510618460582,-0.09018001577827539,0.13215819713281643,0.2989106614922423,0.18713990867725458,0.13341567786817968,0.38379459554223877,0.27551578225979967,-0.039373969033142345,-0.06418251798962459,0.05632366183490187,0.07995919961112129,0.21499573667811522,-0.04107451649148531,0.24826558503135732,0.10422427463761764,0.038012893560391746,-0.1353887591741109,0.04198136888492218,-0.04294240929483859,0.2858051303301485,-0.1203595534269936,0.23614500075703845,0.0011889488321685565,-0.10227669357473564,-0.33009108368064133,-0.03535130569213238,-0.2259719975456016,-0.01464192080580768,-0.2389388711361155,-0.26552128074970716,-0.0953422212305461,0.03012534963223868,0.027264541115157505,-0.0658990030998733,-0.25147861565555546,-0.14863772920335647,-0.16709034257982772,-0.18947796221182733,-0.16385499924296154,-0.029530875216154405,-0.05164914853094694,0.046096470606985476,0.013201157073528357,0.17929858393962816,-0.20229502187442724,-0.1579819745156946,-0.29613751006064276,-0.05328275785128577,-0.2576576432994127,0.04595781303540549,-0.10223844321016184,-0.27578512857700677,-0.19387197284224114,0.3964347472686849,0.1696881798404641,0.01137470216513001,0.11773621592330802,-0.08428945963391214,-0.024228418427113135,0.2604594825044426,0.21456860760704125,-0.09501868689685948,-0.2612404274478241,-0.37674696586951845,-0.3191180103435361,-0.19009315557538908,-0.42364031907179117,0.24777470535266038,0.14280773613623504,-0.2512268007554447,-0.10941835539369985,-0.17960618062140904,-0.04914534341655444,-0.24852855628780213,0.20824295356565117,-0.15994549323048235,-0.1367657722987672,-0.16911761190223845,-0.22785901553124177,-0.2238315708946601,-0.2147901409685311,-0.20555905298472377,0.010027177691741782,0.16278080150451435,0.5396951127190431,-0.06506865143558399,0.22251830837762673,-0.03344197499382416,0.001871080333734431,-0.05376726246922041,0.179647618516364,0.14242682625568776,0.03505805289706668,0.02782554646223972,0.07758927077273706,0.09410067814708858,-0.17506235606308124,0.10004064101235965,0.04301891002398617,-0.07752552016511408
#49,0.6996230745324291,0.5231916741706445,0.03405079329662361,0.2142402919777829,0.04026010247910176,-0.12227047789049239,0.3212903122982891,1.0,0.5333678649124625,0.31233813322283227,0.5320306959175705,0.039373969033142345,-0.11939691925188661,0.09850265760345528,0.20869239534939318,0.023170158340571685,0.12197722509542669,0.10573994533385396,0.45722892046314817,0.23611471921841756,0.14879073066165163,0.061081050928766666,0.48868984532508825,0.17706412514244277,0.279492226410283,0.18659005968650638,0.08037517232586124,0.1556407334507407,-0.15983871096271388,-0.10183043932137478,-0.032144650128696536,-0.5011419327590466,-0.25625034863613544,-0.411202575524548,0.05641131892038346,-0.1248109396042681,-0.19416681940249744,-0.11792906151136753,-0.13031261704213118,-0.2251097705775008,-0.14250970204559762,-0.130736558582824,-0.03331925507414993,-0.07385189140083992,0.4497971933794994,0.08960944784004972,-0.40646590537816063,-0.41423232315183006,-0.4227940297555961,-0.24661125676354104,-0.3827203978037916,-0.15355449481627872,-0.3241192455115588,-0.12671867653738575,-0.05285084748464009,0.028026360876252102,0.09848193865597782,0.15315286598825395,-0.3135462072372877,-0.18596052243622946,-0.18422809967407502,-0.12373196057024918,0.019550717592777055,0.12046314816438095,0.2466574759540677,0.2809457402640869,0.09054817553729809,0.011508578441138267,0.2783463092382599,0.01002000175314171,0.2889926607112974,0.28420499007881167,0.30199459713600396,-0.05964825602244021,-0.19911227278885002,-0.3058929467921491,-0.4290814334324124,-0.3467299922702388,0.1624779861183052,-0.10001035947373874,-0.04752926551331192,-0.23098917036553004,-0.16742503326984837,-0.03305787758289571,-0.1522205133517679,-0.17624652359967807,-0.38200957852879536,0.2231574082190471,-0.09100717991218354,-0.09348707854871742,0.08646335535385571,-0.12988548797105723,0.0019061431679270693,-0.1637379227414177,-0.14085856130816246,0.24663356947620907,0.016522563730685558,-0.10258110272613535,-0.3039039278343122,-0.38915124034775955,-0.45766720589055615,-0.2755078134338468,-0.3718716381515511,0.2127740280024544,-0.07433798978396512,-0.23073257416984755,-0.4619384966012957,-0.297971933794994,-0.04153352086637076,-0.02935556104519121,-0.17431328642351124
#50,0.49234116137669437,0.44929993864004014,0.15388918550629935,0.28041661022081615,0.02934121715847604,-0.11176119022384431,0.32702946074954775,0.5333678649124625,1.0,0.383445560965503,0.2924096932798891,-0.07293388265106902,0.19177298408625457,0.21930846528380973,-0.01739913458550152,0.1646614444293922,0.22672266095036217,0.04644072388814956,0.09135621448891934,0.13271282741913634,0.1728916478735188,0.2358804357354031,0.3608937835188742,0.25025460398919425,0.22427623138283037,0.19054259735913107,0.13120193801847174,0.22046235128178565,-0.11071089896325574,-0.04833571069974261,-0.011895863382447865,-0.3153854122672107,-0.2312170787877822,-0.4119930830590729,0.042747969941588505,-0.082724382216768,-0.11059774163472495,-0.09260253886794859,-0.13146969057048824,-0.3215214082509224,-0.23542143136051766,-0.09659173313995649,0.17912486353385557,0.03950943907434118,0.25519368231478456,0.09436683693391452,-0.42103132545482075,-0.41617831044952147,-0.36901082963446996,-0.15975105387723226,-0.3961207755261417,-0.03089035692371443,-0.1858218648646495,0.27394114225151206,0.1466072723505646,0.23014128728414443,0.05543434085856131,0.13501741188470703,-0.33610276597948824,-0.3325805449083187,-0.3270262732191666,-0.23165855174557132,-0.09353967280000637,-0.03357266373945127,0.29460908924288187,0.4094956530054427,0.12138753197491414,0.09957207404633076,0.06972882085282375,0.01669150284088645,0.20911314935970485,0.28148602666369166,0.2928830415414897,-0.006977504004335042,-0.170220497414116,-0.10242331997226849,-0.3132704858593183,-0.2635434181482042,0.1509837515638821,-0.03406513718333878,-0.2422746216799879,-0.2627274103706301,-0.08532859453816669,0.0037915673883766703,-0.08711042402122895,-0.1389779183832846,-0.27436827132258607,0.0638318896476982,-0.12838575492672666,-0.13388105730382743,0.05193443250005977,-0.07188837268605217,-0.058849779661962406,-0.1789735271512096,-0.16568942297731276,0.19062547314904096,-0.05234084262365626,-0.11316529735674043,-0.23093338858385995,-0.38272836662974447,-0.33600714006805377,0.015929683079791854,-0.1881312306257919,-0.014516013355752297,-0.22754823131907975,-0.31623807664416803,-0.30479165504546213,-0.34227063726701146,-0.12209197618914805,-0.22645172086796453,-0.3575468766186678
#51,0.41043597446788166,0.5996190901194527,0.5116623767820287,0.6046059814007603,-0.1200535505104033,-0.06311947660751141,0.5870777518348221,0.31233813322283227,0.383445560965503,1.0,0.5243296225167147,-0.19403453689167974,0.07481293181075632,0.19892420849636222,0.11813146969057049,0.28646176158866515,0.5444684394648136,0.24048004207540102,-0.0009546653491541091,0.14495613161312942,-0.006295372502769167,0.15050721577190032,0.10157065559531114,0.0499342571858888,0.08132983767501534,0.1336658990030999,0.1750958251320833,0.08041182892524444,-0.16333702555602483,-0.2880140888842847,0.15359752647642422,-0.13119715672290003,-0.13743674744399909,-0.17234976770872348,-0.2526309078883408,-0.3782291674967527,-0.21516786331869725,-0.11129740455338714,-0.1659683318856633,-0.186389245272494,-0.3553156053518635,-0.13625736120297396,-0.12390568097602181,-0.04317669277785304,-0.16244451704930313,-0.023551068221118982,-0.32509941110376206,-0.3569460271418212,-0.25310903744551316,-0.10207109786515153,-0.08333320051956745,0.09972826303500705,0.030987576600339472,0.23142745579293802,0.14681764935572042,0.0383157089466009,-0.3405318394440947,-0.05220537258245743,-0.15361505789352053,-0.1905170971160819,-0.1430786762186327,-0.3030305445098774,-0.11232538310130769,0.11425702651228395,0.4051861119301293,0.05115508132186885,0.1897919339543705,0.0967782036672537,0.15866091848687933,0.1071360836407972,0.42172939460829234,0.4236690068452215,0.052976754934695475,-0.07382639115779072,-0.3933492178597327,-0.22990062874036768,-0.42563411932519984,-0.43950465777876946,0.11472399971312226,0.08863246977822757,-0.11116512204256947,-0.3384216943317741,-0.15524388591828767,-0.10329510953151272,-0.28314035493150796,0.06745451792587398,-0.3184565977894477,-0.3787726414267386,-0.32578473013570913,-0.40520523711241624,-0.2757452844472424,-0.2973551466662417,-0.01853708293157169,-0.028248702375789116,0.16578504888874723,0.4262158436197595,0.04975416171935389,0.2439528564256628,-0.04650128696539139,-0.13403565252731314,-0.1421925427726733,0.09367833037158635,-0.0737722031413112,0.037636764975416175,-0.042429216903473614,-0.12706930487931212,-0.13294392337176963,-0.34636661380678785,-0.024641203611471922,-0.0011586672935476416,-0.027471730589932186
#52,0.5407932169353489,0.4734550438683869,0.2268150993314155,0.3354971352070699,0.02489301851158269,-0.08969072986476902,0.3507510618460582,0.5320306959175705,0.2924096932798891,0.5243296225167147,1.0,0.15458247336419925,0.12537513248173146,0.2390217469260254,0.17293308576847374,-0.005203643347225654,0.3330714245870156,0.1344006247559547,0.05529249575660018,-0.06591972204735076,0.09143909027882922,-0.11675923786148587,0.22109348229725315,-0.07800843101785813,0.21116591892516476,0.0007666010566663214,0.13624620484663993,-0.05398242076994796,-0.13390018248611432,-0.26899728263035005,0.006185402704619528,-0.2914598092263067,-0.13407549665707752,-0.2101953159241049,-0.18165416889129724,-0.4272884475930161,-0.08697176644964898,-0.12023683350731937,0.05652447624891425,-0.23667253703511862,-0.23878746344301094,-0.17106359919992986,-0.16667755739546894,-0.31547944441345455,0.1593876754137813,-0.015375052793471938,-0.2880523392488585,-0.3580664440707951,-0.41070532078508876,-0.29274916526548145,-0.13351289754480472,-0.01432794906326451,-0.015099331415502555,-0.04888396592530023,0.15906732861047582,-0.0862832598873208,-0.0836423909665389,-0.1815872307532931,-0.0367856943636494,-0.02673541107188678,-0.08540987656288598,-0.15917411087824432,-0.07376582808054889,0.15088015682649475,0.4006677876148507,0.07446708476440166,0.21152132856266287,0.07536596833188566,0.14935014224354326,0.005949525456414507,0.3144275593876754,0.22834670767955756,0.2030648104614747,-0.04539680768832328,-0.29620126066826574,-0.31282741913633866,-0.4197865948409821,-0.35486138227254976,0.08667851365458328,-0.17231948617010256,-0.019040712731793225,-0.22418857429734876,-0.04924096932798891,0.07198240483229605,-0.2479755197666728,0.03121867255297277,-0.2800293252795066,-0.13633386193212155,-0.1452637282949103,-0.22481014272167282,-0.23563021460048292,-0.28771605479364726,-0.0075448844121795535,-0.01694890267230835,0.18118560192526836,0.36050649857756456,-0.08272278845157743,0.04493939707862841,-0.10452071496306449,-0.09437639952505797,-0.2484042426029373,-0.08046761070691455,-0.08068436277283268,0.10756480647706174,0.013201157073528357,-0.031711145996860285,-0.17048984373132306,-0.251382989744121,-0.12539266389882778,0.12387699320259146,0.0589183115651571
#53,-0.008147327654216704,-0.0791910047892644,0.0849285594753325,-0.022425869996573405,0.2783208089952107,0.0615033987042689,-0.09018001577827539,0.039373969033142345,-0.07293388265106902,-0.19403453689167974,0.15458247336419925,1.0,-0.08876475228904525,0.1605973431934273,-0.130661651618867,-0.29822374869510476,0.060559889711448815,0.0711679908199125,-0.20846926822271275,-0.34239016965630453,-0.13329455171369603,-0.5391675764409629,-0.09082389691526747,-0.2619528404880109,-0.1338651196519217,-0.36253536166516587,-0.009954657380328157,-0.09922941453035725,0.06230187506474671,0.07876387571819043,-0.002996278558280009,0.25682888540031396,0.17458103897552774,0.2549976491963439,-0.0260596546310832,0.03855955502075879,0.05754767350126306,-0.20570408561706605,-0.04115261098582346,-0.21306090573675782,-0.051260269824446765,-0.16307405429958005,-0.047339607455633564,-0.538848823402848,-0.03190558535011037,-0.2870323295268908,0.16076309477324704,0.20077297611742861,-0.04748782761835699,-0.07116320952434078,0.23477276892795385,0.07031373267776458,0.24080517017427822,-0.11918813601192137,0.006411717361681103,-0.38132266573165774,0.07754464534740096,-0.314867438580274,0.05388520109332292,-0.15586864187299285,0.08095370909003977,0.15673724390185595,-0.07046673413605974,-0.18671756090175234,0.034383890221453675,-0.021852114527966596,0.2615719306074636,0.06663213508753756,-0.15731259313565332,0.015453147287810087,0.15720262333750368,-0.07949382017547355,0.18325749667301516,0.3445401588983895,0.04773007992732431,0.12912844950553434,0.19755675796284933,0.12765262293906238,0.17772235016615,-0.1589238897433241,0.07280638143582306,0.30413502378694546,0.28236419128369816,0.6850289666823387,0.26807927388057917,0.12353911498218967,0.23213030624198136,0.15765525265162683,-0.03016041246643132,0.5189379148770011,-0.005957494282367378,-0.0899855764250253,-0.10809871781590419,0.07940141343122874,-0.0845476495947852,-0.004421104638653587,-0.14063224665110088,0.07559547051932838,0.11058977280877208,0.1362860489764043,0.2579238020862386,0.09114583748376352,0.3633115253129756,0.15038290208703553,0.21133007673979393,0.15229223278534373,0.23040585230577978,0.26138864761054753,-0.10899760138338818,-0.10318354596817252,0.10052833316067544
#54,0.040735044505892944,-0.050939923021141295,0.030692730040083195,0.04259656224848393,0.12500697272270878,0.4987688163902812,0.13215819713281643,-0.11939691925188661,0.19177298408625457,0.07481293181075632,0.12537513248173146,-0.08876475228904525,1.0,0.34162834989520996,-0.244577612380368,-0.14464375363577683,0.2374295755006415,0.18532461012519025,-0.34219732406824505,-0.20029803409063743,-0.06484233677852241,0.008011857613017873,0.15263011100574553,0.041409207181505946,0.2856425662807099,-0.06885224999800779,0.01757763628684586,-0.10280263608762522,0.24941947102933326,0.10637267011451203,0.26785774051908934,0.0022121460845173683,0.11990214281729873,-0.15703209046211222,-0.1425367960538374,-0.0510706117667684,0.21932440293571548,-0.03875718190439002,0.23841133485803537,-0.24485652128871854,0.12663580074747588,0.052189434930551684,0.047656766728557884,-0.09418036640661731,0.005555865454342611,-0.048909466168349416,-0.01891002398616612,-0.021386735092318847,-0.0028767461689869233,0.040161289037286135,0.03201236761787886,0.05819474216863629,0.027540262493126886,0.25853421415422867,-0.054078046681382434,-0.007417383196933596,-0.06575078293714987,-0.03410976260867486,0.23960665875096623,0.17715975105387724,-0.07082214377355785,-0.09944776036146595,-0.10930041676959734,-0.08587844352891488,-0.024115261098582346,-0.15555467013044968,0.1252173497278646,0.06951844384766792,-0.14230888763158525,-0.10060164635944187,0.09661723338300568,-0.06216162372797616,-0.1485676035349712,0.05746639147654376,-0.09954816756847214,-0.1671732183697376,-0.11762305859477723,-0.22976993999474057,0.33625895496816455,0.04235430993951661,-0.054801616077903244,0.05328435161647634,-0.31099299540198744,-0.19898636533879463,0.05097657962052451,-0.08366629744439752,0.15283411295013904,0.15223485723848307,0.2788085011435265,-0.00019603311844066014,0.13000661412554088,0.11020408163265306,0.10828040704762967,0.0156603430023134,0.009003179561555196,0.2619161838886277,-0.13370096183729252,-0.17028424802173897,-0.02288009307588713,-0.027841484114145464,-0.07812796340715122,0.3594689574385006,0.29897281833467476,-0.08588322482448661,-0.1427790483628047,-0.028643148005004424,0.08634860426013435,-0.08729689454852617,-0.20778713672114688,0.021112607479540038,0.06582250237072572
#58,0.1526380798316984,0.07295300783335591,0.16503279171879606,0.23748057598673988,0.3578321605877806,0.2517750559810023,0.2989106614922423,0.09850265760345528,0.21930846528380973,0.19892420849636222,0.2390217469260254,0.1605973431934273,0.34162834989520996,1.0,-0.32546757086278477,-0.043648447274263084,0.01339081513120672,0.22492648758058476,-0.19693837706890643,-0.17242148714229932,-0.15983711719752328,-0.2070492234379109,-0.011030448883965925,-0.007471571213413128,-0.12968945485261657,0.021399485213843446,-0.09615344771254851,-0.05316481922718326,0.2899361697041175,0.1697264302050379,0.2656487819649531,0.07598275546063799,-0.10546741148626573,0.018250205197268287,0.024339981990453348,0.004244196702499821,0.04580799910749149,0.07093530110208864,-0.028195299986452996,-0.18882611224888238,-0.3510650335886014,0.00231255329152356,-0.07095920757994725,-0.15639458438588244,0.02191745890078015,-0.1019850345448605,-0.09599407119349106,-0.11561013315908167,-0.1075855254245392,-0.19478520029644034,-0.1212090302735698,-0.031234610204878516,-0.11707002207364789,0.11418052578313637,-0.10283929268700842,-0.05630931794818669,-0.0702946074954777,-0.06100455019961909,-0.019965096542326418,-0.04330738152348015,-0.058929467921491126,-0.04179649212281555,0.08227812796340715,0.019319621640143756,0.03088079433257098,0.1369490552956833,0.48829777908820693,0.3920407366382711,-0.038103738176254495,0.0008144140123835555,0.20455019961909013,0.15606308122624293,0.17961255568217135,0.10566025707432523,0.02120504586059336,0.1847906987863478,-0.0909402417741794,-0.09587613256938855,0.3308704348588323,0.18165895018686898,-0.2694642558311884,0.12817219039118966,0.07666648072739443,0.29083186574122033,0.20974268660998174,-0.061049175624955175,0.052425312178756706,-0.07396664249456128,-0.06921084716588705,0.20406250747077434,0.05792220832104806,0.04249615504147774,1.275012152459578e-05,-0.06194489634346783,0.06989616619783408,0.1436221501486186,-0.03956203332563014,-0.0903170795846648,0.0011522922327853438,0.006497780681972125,0.0707567994007443,0.2765055104431464,0.2383157089466009,0.19729538047159512,-0.08990748193068715,0.06376654527488465,0.06960450716795895,0.0010917291555435137,-0.04204511949254516,-0.12013323876993202,-0.11653451696961487
#101,0.018035046896540733,0.07594291133087362,-0.10443624540796405,-0.14150244244515456,-0.12998908270844456,-0.2232753468431496,0.18713990867725458,0.20869239534939318,-0.01739913458550152,0.11813146969057049,0.17293308576847374,-0.130661651618867,-0.244577612380368,-0.32546757086278477,1.0,0.3099299540198743,-0.05498968037039103,-0.14117253305070565,0.4014535138538039,0.1595996461841277,0.7114966252022089,0.23253990389595902,0.17766019332371763,-0.05705998135294727,0.3030464821617831,0.09411820956418492,-0.08958554136219112,-0.3870379077050578,-0.05224043541665006,-0.2007554447003323,-0.2323279331256126,-0.3651762305859478,-0.029178653109037445,-0.26906103323797304,0.013217094725434102,-0.14257504641841118,0.24409948282319566,-0.018859023500067736,0.19196582967431408,-0.04825602244021388,0.13536963399182397,0.11982404832296058,0.31130218584895886,0.33231757365187387,0.1217078787782196,0.22499023818820774,-0.30951716883551544,-0.3311541250627545,-0.39176820279068286,-0.3855780187904916,-0.22854114703280765,-0.26513718333877867,-0.2787176565276638,-0.33017714700093237,0.439131716724175,-0.016618189642120026,0.36489094661683497,-0.04521511845659779,-0.35324211683892615,-0.2857652862003841,-0.1965479045972157,-0.13264429551594165,0.16783144339344486,0.05979647618516364,0.10412546119580202,-0.01750272932288886,-0.20625871590338596,-0.11397493007355226,0.3494170803815474,-0.032254619926846174,0.06788802205771023,0.11255647905394098,0.2632326339360422,-0.1921714253838982,0.10559810023189284,-0.20911474312489542,-0.04535377602817777,0.0769740774091753,0.01922080819832814,-0.18781725888324874,0.2066985950959845,-0.14053343320928527,-0.18306624485014622,-0.11442596562248485,-0.2614858672871726,-0.17310043111348405,-0.3088637251073799,0.030353258054490833,-0.018530707870809394,-0.3341217158476042,-0.02860330387524006,0.08015045143399023,-0.22950059367753348,-0.25009931153302734,-0.08231319079759979,0.09406720907808652,-0.135230976420244,0.15038130832184493,-0.12949660926455706,-0.2487038704587653,-0.3038194582792117,-0.32427862203061625,-0.404996453872451,-0.01712500697272271,0.0138291005586147,-0.059820382663022253,-0.2517941811632892,-0.2371235725840512,0.19527767374032784,-0.21883192949182798,-0.31217397540820313
#102,0.12053327383276621,0.21870920957215373,-0.024830861669150283,0.3568089633354318,-0.4417964921228155,-0.2766919809704436,0.13341567786817968,0.023170158340571685,0.1646614444293922,0.28646176158866515,-0.005203643347225654,-0.29822374869510476,-0.14464375363577683,-0.043648447274263084,0.3099299540198743,1.0,-0.12661986309557013,-0.17054721927818375,0.14054937086119101,0.6006359123110392,0.1811011323701679,0.65443186255369,-0.12308011060730423,0.3714476966108583,-0.044719457482329125,0.33950864219174587,-0.12831722302353193,0.23385635394337353,-0.46710070205356646,-0.4965232012367618,-0.024158292758727856,-0.18246698913849022,-0.22005753492337973,-0.13270645235837403,-0.3210831228235144,-0.10941676162850927,-0.24685350907250836,0.18894723840336602,-0.22692506912956514,-0.017775263170477094,-0.24170724127214338,-0.14291929969957526,-0.05735004661763182,0.29214512825825373,-0.0037549107889934576,0.5686107945716358,-0.20295005936775334,-0.20739188295388442,-0.10387842759126298,0.049197937667843396,-0.26260628421614646,-0.022599590402346024,-0.19293802644056451,0.10361067503924647,-0.03978834798269171,0.1581015069049877,-0.2504538246380161,0.3926431798803082,-0.3996493716580736,-0.12052371124162277,-0.024006885065623283,-0.2675214560638781,0.33655061399803965,0.3491987345504387,0.008576050490481237,-0.13798500266955668,0.23158205101642376,0.060818079672321876,0.35138538039190687,0.33486441042641185,0.08659563786467339,0.40208783239965257,0.2009753842966316,-0.2957805066579541,-0.10592641586115117,-0.05918287658679247,-0.16170182247049542,-0.02668281682059782,-0.20625393460781424,0.23116767206687439,-0.1306855580967256,-0.5689088286622732,-0.23364278940783653,-0.2143470742455514,-0.23471858091147432,0.1187546318800851,-0.25472830287913684,-0.22356700587302472,-0.2505637944361657,-0.5518443847667923,-0.26819880626987225,-0.08576847373076525,-0.10875375530923029,-0.2602834751585904,-0.18699328227972173,-0.003963694028958713,0.08634063543418148,-0.016143247615328832,-0.18772322673700484,-0.26107308210281377,-0.27354270095386846,-0.3114264995338237,-0.4362119388950426,0.16114400465379436,-0.14804644231765335,-0.15291858250523951,-0.2421853708293157,-0.21274055893345234,-0.08093458390775288,0.03665819314840345,-0.13961064316394264
#201,0.01332706452358374,0.24343647650391667,0.694762090701177,0.3612842559905649,0.03934687502490258,0.31991170540844216,0.38379459554223877,0.12197722509542669,0.22672266095036217,0.5444684394648136,0.3330714245870156,0.060559889711448815,0.2374295755006415,0.01339081513120672,-0.05498968037039103,-0.12661986309557013,1.0,0.5495605192486991,-0.1413797225254803,-0.16310592960339154,-0.14434890707552056,-0.10870434858832248,0.08843165536421518,-0.07627282072532254,0.21754576098303438,-0.17856226442158277,0.3154188813362127,-0.12216688315310505,0.09987648319773047,-0.05492592976276805,0.28822924718501225,0.04418076484791496,0.35924423654662957,-0.0036290033389380742,-0.1248364398473173,-0.3158029787471412,0.08322801201698954,-0.16363665341185282,0.07752233263473292,-0.01824383013650599,-0.03878746344301094,-0.13475284686307165,-0.15754050155790547,-0.16418012734183873,-0.14735793575532516,-0.3085290344173593,0.03834758425041239,-0.061951246722820326,-0.018247017666887137,-0.07536278080150452,0.30608419861501807,0.03550111962004638,0.277492051096112,0.21312625010957137,0.21297165488608563,0.028416833347942847,-0.2939126138546008,-0.36305492911729315,0.13150794093506205,-0.16447178637171386,-0.2510036736287643,-0.3057941333503335,-0.2880268390058093,-0.397591820797042,0.5522858577245814,-0.04515455537935596,0.20802460773454248,-0.14204591637514044,-0.025654838272677286,-0.015325646072564128,0.4549243359975775,0.1633258691996908,-0.08943732119946768,0.10561244411860801,-0.3601112448103021,-0.23802883121229748,-0.3164213596410841,-0.41666440883264666,0.42326259672162503,0.13504769342332795,-0.1370669939197858,-0.027557793910223206,-0.10297635649339783,-0.03841611615360709,-0.35046099658137364,-0.09344882818414363,-0.2377913601989019,0.05621847333232395,-0.0011427296416418968,-0.06018854242204496,-0.2948784355600889,-0.4622317493963614,-0.27502330881591214,0.12739288997159726,0.039585939803488755,0.5569476209070118,0.03334634908238969,0.48697176644964896,0.26571412633776664,0.2579763963375276,0.15403103060826048,0.4618890898803879,0.2715616508219844,-0.024827674138769136,0.2600243846074158,0.24613472097155925,0.23930384336475707,-0.2580194279976731,-0.06488218090828678,-0.02247368295229064,-0.010681414307230117
