,#10,#11,#12,#13,#17,#18,#26,#49,#50,#51,#52,#53,#54,#58,#101,#102,#201,#202,#301,#302,#401,#402,#501,#502,#601,#602,#701,#702,#801,#802,#901,#902,#1001,#1002,#1101,#1102,#1201,#1202,#1301,#1302,#1401,#1402,#1501,#1502,#1601,#1602,#1701,#1702,#1801,#1802,#1901,#1902,#2001,#2002,#2101,#2102,#2201,#2202,#2301,#2302,#2401,#2402,#2501,#2502,#2601,#2602,#2701,#2702,#2801,#2802,#2901,#2902,#3001,#3002,#3101,#3102,#3201,#3202,#3301,#3302,#3401,#3402,#3455,#3501,#3502,#3601,#3602,#3701,#3702,#3801,#3802,#3901,#3902,#4001,#4002,#4101,#4102,#4201,#4202,#4301,#4302,#4401,#4402,#4501,#4502,#4601,#4602,#4701,#4702,#4801,#4802
#10,1.0,0.6216574950473256,0.5633722209993396,0.7109707241910632,0.1570261941448382,0.016801672903367818,0.26232445520581116,0.4769557561082985,0.15828527404798592,0.5542042703059652,0.19261941448382125,-0.05038740920096852,-0.03413603345806736,0.09782522562183579,-0.28660796830288354,0.040728593440457844,0.5365903587937486,0.30870349988994056,-0.00023332599603786045,-0.05225401716927141,-0.3478560422628219,-0.0809883337001981,-0.21556900726392253,-0.013598943429451903,-0.052348668280871674,-0.0007285934404578472,-0.0005436935945410522,0.10028615452344265,0.17290777019590578,0.1077129650011006,0.05217257318952234,0.2742637023992956,0.16674664318732116,0.29004842615012105,-0.13539731454985693,0.04265463350209113,-0.0959454105216817,0.07454765573409641,-0.21995157384987893,0.10668280871670702,-0.07681047765793529,-0.14782082324455206,-0.12680167290336783,-0.1619766674003962,-0.3183975346687211,-0.14927580893682588,0.0887409200968523,0.11531146819282413,0.0018952234206471494,-0.15311027955095752,0.10335020911292098,-0.014411182038300682,0.04491965661457187,-0.1295905789126128,-0.2542615012106538,0.038688091569447504,-0.35109839313229146,-0.22744662117543474,-0.15199427690953116,-0.17880475456746645,0.20656394453004623,0.2970173893902707,0.014844816200748404,-0.04699317631521022,0.2870327977107638,0.3111468192824125,-0.01052608408540612,0.15557340964120625,0.18758309487123045,0.13828747523662777,0.36132951793968743,0.392887959498129,-0.056726832489544354,0.1708826766453885,-0.16262821923838874,0.013165309267004183,0.10162227602905569,0.018930222320052828,0.044785384107418,0.07867708562623817,-0.17429892141756548,0.01023992956196346,-0.20936385648250055,-0.21486902927580895,0.2543495487563284,0.11144177856042263,-0.07559101915034118,0.012425709883337003,0.10381465991635483,-0.01235527184679727,-0.19168390931102797,-0.08982610609729254,-0.26016068677085624,0.00550297160466652,-0.16056350429231786,0.18664538850979528,0.18332379484921857,0.3519458507594101,0.29094430992736076,0.2520250935505173,0.3004930662557781,0.27221659696235967,0.3459498128989654,0.33478098173013426,0.2749790887079023,0.1572507153863086,0.2880497468633062,0.1960180497468633,0.05673123486682809,0.07129429892141756,-0.19113141096191943
#11,0.6216574950473256,1.0,0.5380981730134272,0.5847061413163108,0.10782522562183579,0.17429672022892362,0.46197446621175436,0.3386176535329078,0.3655029716046665,0.7465375302663438,0.3215650451243672,0.1792097732775699,0.20735417125247635,0.29392031697116444,-0.04627999119524543,0.10696896324014968,0.4480387409200969,0.3179969183359014,0.05800792427911072,0.14237508254457407,-0.3705921197446621,-0.06926260180497469,-0.15553598943429453,-0.029557561082984813,0.09933524103015628,0.011789566365837553,-0.3128351309707242,0.062326656394453006,0.2126766453885098,0.20448162007484041,0.04347127448822364,0.14859123926920537,0.20468412942989214,0.2376799471714726,0.04505392912172573,0.1137772397094431,-0.05958397534668721,0.0873959938366718,-0.15045344486022452,0.04497468633061853,-0.030638344706141317,-0.03545674664318732,-0.14878934624697338,-0.02662557781201849,-0.3850759410081444,-0.2199405679066696,-0.0187409200968523,0.06977327756988774,-0.20772837332159366,-0.11139775478758529,0.034235086946951356,0.02318071758749725,-0.029566365837552278,-0.055709883337001984,-0.29359454105216815,0.08620074840413823,-0.42769535549196563,-0.2932555580013207,-0.2439093110279551,-0.24775698877393793,0.23891261281091788,0.3385956416464891,0.14879154743561523,0.13785384107418006,0.14561963460268545,0.4335395113361215,0.280198106977768,0.3188399735857363,0.40556020250935504,0.27851199647809816,0.4430662557781202,0.5133039841514417,0.03500110059432093,0.12058331499009466,-0.16810697776799471,-0.03572529165749505,0.1960642747083425,0.1100594320933304,0.24042703059652212,0.1575478758529606,0.030605326876513315,0.12802993616552938,-0.028217037200088047,-0.0012744882236407661,0.37739159145938805,0.05343825665859564,-0.056577151661897425,-0.02642526964560863,0.08718247853841074,0.15077041602465333,-0.03896544133832269,-0.12567686550737397,-0.31650451243671585,-0.0899273607748184,-0.32732555580013206,0.15265023112480738,0.2578648470173894,0.2548051948051948,0.28293418445960816,0.07094210873871891,0.10683028835571208,0.16809156944750164,0.23899405679066696,0.23279330838652873,0.2513075060532688,0.1274356152322254,0.15412282632621616,0.22100154083204931,-0.0338828967642527,0.002465331278890601,-0.24875632841734538
#12,0.5633722209993396,0.5380981730134272,1.0,0.7108628659476117,0.15271406559542153,0.32759189962579793,0.2727162667840634,0.13739379264802995,-0.1298745322474136,0.687112040501871,0.0802179176755448,-0.03979969183359014,0.049614791987673344,0.12592339863526303,-0.4287915474356152,-0.03753686990975127,0.7960466651992075,0.8004138234646709,-0.2613449262601805,-0.19762491745542593,-0.33710323574730355,-0.01669161347127449,0.015595421527624918,-0.18588377723970945,-0.02289456306405459,-0.2558001320713185,-0.07960598723310587,-0.1149636803874092,0.27624697336561743,0.18629099713845476,0.3947721769755668,0.5795201408760731,0.4944596081884218,0.2717609509134933,-0.18752366277790006,-0.15485362095531588,-0.25107197886858906,-0.17748404138234647,-0.013242350869469514,-0.03386528725511776,-0.13739159145938806,-0.09904908650671362,-0.087145058331499,-0.18628439357252916,-0.25750605326876513,-0.21447281532027296,0.11647149460708783,0.20330838652872552,0.04893242350869469,-0.023002421307506054,0.3460774818401937,0.14076161127008585,0.3861611270085846,0.24850319172353072,-0.09166629980189302,-0.00042923178516398854,-0.45072198987453227,-0.5232665639445301,-0.25062293638564825,0.06518600044023773,0.2049702839533348,0.24965001100594322,-0.05310807836231565,-0.15388950033017829,0.44861985472154964,0.27259300022011884,0.24592119744662116,-0.05857803213735417,0.15850099053488884,0.02911732335461149,0.4502773497688752,0.5286990975126569,-0.01735857362976007,0.21677525863966543,-0.3334844816200748,-0.16209993396434075,-0.036946951353731015,0.07911952454325336,0.10068677085626238,-0.06410301562843936,0.052755888179616996,0.10532027294739159,-0.06942989214175654,0.1340545894783183,0.12728813559322033,0.036390050627338764,0.09106317411402157,0.13258199427690953,0.10545674664318733,0.13575170592119745,-0.17245432533568128,-0.04542593000220119,-0.24592119744662116,-0.03294078802553379,-0.2991173233546115,0.5615628439357253,0.08197006383447061,0.6836033458067357,0.47683469073299584,0.49652212194585077,0.5261127008584636,0.6426414263702399,0.6667664538850979,0.6406361435174994,0.6060928901606868,0.5152476337222099,0.5775918996257979,0.19350649350649352,0.06311248073959938,-0.0037090028615452343,-0.19973145498569228
#13,0.7109707241910632,0.5847061413163108,0.7108628659476117,1.0,0.10805194805194805,0.0674290116662998,0.1525709883337002,0.12624477217697558,-0.07559101915034118,0.6203808056350429,0.10337222099933964,0.047156064274708344,-0.04315430332379485,0.18598062953995156,-0.2112194585075941,0.23307065815540393,0.5837464230684569,0.4147149460708783,-0.024001760950913494,0.16502091129209773,-0.3287497248514198,0.014147039401276689,-0.21990534888839974,-0.09380585516178737,-0.15603565925599824,-0.10966982170372001,-0.08845476557340964,0.07193924719348448,0.23738058551617874,0.22780981730134273,0.14147479639005062,0.24714946070878274,0.27596081884217477,0.22755668060752807,-0.021441778560422627,0.09680827646929342,0.015188201628879594,0.07580673563724412,-0.08917895663658376,-0.02222099933964341,-0.06567026194144839,-0.0660312568787145,-0.03161347127448822,-0.029707241910631742,-0.279306625577812,-0.1602443319392472,0.00737178076161127,0.16131631080783623,-0.06732115342284833,-0.09681488003521901,0.272953995157385,0.13529826106097292,0.10452124147039402,0.02069557561082985,-0.3578186220559102,-0.05248294078802553,-0.46350649350649353,-0.27925599823904906,-0.17407660136473696,-0.20163108078362316,0.24609949372661238,0.3838344706141316,0.16179616993176316,0.051963460268545016,0.3299867928681488,0.4578120184899846,0.13101254677525864,-0.031897424609289016,0.28918556020250935,0.2494783182918776,0.375643847677746,0.4896235967422408,-0.14332599603786045,0.14439577371780762,-0.3072176975566806,-0.20185119964780981,-0.05585075941008144,-0.06509795289456306,0.09222099933964341,0.12694475016508916,-0.05899845916795069,0.061001540832049304,-0.24852740479859123,-0.1176667400396214,0.3072595201408761,0.09027294739159146,0.06757869249394673,0.06809377063614351,0.1417455425930002,0.16614131631080784,-0.1895971824785384,-0.10350429231785165,-0.34452564384767775,-0.05319832709663218,-0.24180937706361436,0.12788906009244994,0.15469733656174334,0.36140876073079464,0.2838983050847458,0.3141338322694255,0.43020691173233544,0.34955535989434294,0.4505987233105877,0.45296279991195243,0.35478758529605986,0.28626018049746865,0.328333700198107,0.23793528505392914,0.07361435174994498,0.05409200968523002,-0.1915364296720229
#17,0.1570261941448382,0.10782522562183579,0.15271406559542153,0.10805194805194805,1.0,0.28535549196566146,0.16307065815540392,-0.06646048866387849,-0.14606647589698438,0.10375302663438257,0.049218578032137354,0.4285494166850099,0.16186000440237727,0.1995773717807616,-0.17333920316971163,0.02011005943209333,0.11498789346246974,0.19719348448162008,-0.1438432753686991,0.2499405679066696,-0.13991195245432533,-0.10326216156724631,-0.14585516178736518,0.18174994497028396,-0.14112480739599384,0.061016949152542375,0.06845696676205151,0.08201188641866608,0.0124785384107418,0.2039357252916575,0.15212854941668502,0.13114902047105437,0.28157384987893463,0.23595641646489104,0.026324014968082763,0.20014968082764692,-0.057600704380365395,0.18242350869469515,-0.16304644508034338,0.06227382786704821,0.112458727712965,0.038102575390710984,0.040625137574290114,0.05042923178516399,0.045760510675764914,0.11932863746423068,0.27261060972925377,0.11353290777019591,0.11569227382786705,-0.067211093990755,0.011254677525863966,-0.054404578472375086,0.06522342064714946,-0.17972044904248294,-0.33908870790226725,-0.10459388069557561,-0.23382126348228044,0.011893022232005283,0.03805194805194805,0.027765793528505393,0.05687211093990755,0.2242725071538631,0.14509134932863746,0.1592868148800352,-0.1611336121505613,0.27690072639225183,0.2690314769975787,0.10732995817741581,0.1940810037420207,0.43601584855822145,0.05929341844596082,0.2337640325775919,-0.2564869029275809,0.09495927801012546,-0.09050627338762932,0.12647589698437156,0.0723002421307506,0.2026040061633282,0.21270746202949592,0.1448316090688972,0.23886198547215495,0.33907550077041604,-0.06223420647149461,0.11613251155624037,0.3969667620515078,-0.2748316090688972,-0.050354391371340526,0.2979881135813339,0.3483116883116883,0.3082874752366278,0.222392692053709,-0.157145058331499,0.1641932643627559,-0.3463416244772177,-0.16099933964340743,-0.006962359674224081,0.18662117543473475,0.2010345586616773,0.2449306625577812,0.21909311027955095,0.14756328417345366,0.3263944530046225,0.33289676425269643,0.23414703940127668,0.272755888179617,0.1696456086286595,0.25375302663438254,0.14864406779661016,0.2941316310807836,-0.11022011886418666,-0.13401937046004841
#18,0.016801672903367818,0.17429672022892362,0.32759189962579793,0.0674290116662998,0.28535549196566146,1.0,0.056244772176975565,-0.0975214615892582,-0.22087167070217917,0.1015430332379485,-0.10396434074400177,0.3399735857362976,0.40613251155624036,0.013200528285274049,-0.1249108518600044,-0.2980101254677526,0.18010345586616774,0.44654193264362757,-0.2676469293418446,-0.1692802113141096,-0.13439797490644947,-0.2884921857803214,0.11655734096412063,-0.07969623596742241,0.09747963900506273,-0.15413383226942548,0.06777459828307286,-0.09924279110719789,0.45258639665419326,0.4930508474576271,0.6680013207131851,0.388531807175875,0.3577988113581334,-0.08602025093550517,0.1273629760070438,-0.06819282412502752,0.04590799031476998,-0.04056790666960158,-0.055588817961699316,-0.09873211534228483,0.012584195465551397,-0.045128769535549194,0.09507153863086067,-0.0645806735637244,-0.043169711644287914,-0.20272066916134712,0.16926040061633282,0.19663218137794408,-0.1099405679066696,-0.09201408760730795,0.11678846577151662,0.025747303543913712,0.23188641866607967,0.09460488663878494,-0.007528065155183799,-0.07749284613691393,-0.26609949372661235,-0.41902487343165307,-0.15700418225841956,0.06942548976447281,0.2986572749284614,0.22014747963900505,0.17920537090028615,0.054232885758309486,0.13102355271846797,0.0375941008144398,0.49068456966762053,-0.06230904688531807,0.08179837112040501,0.10531146819282412,0.02066035659255998,0.08419986792868149,-0.1257208892802113,0.06366938146599163,-0.09554479418886198,-0.1878582434514638,0.034948272066916135,0.05828087167070218,-0.0364802993616553,-0.08407440017609509,0.5023244552058111,0.3586484701738939,0.45326436275588816,0.5958463570327978,0.14673563724411182,0.11602465331278891,0.4181069777679947,0.2701100594320933,0.14940347787805414,0.3554259300022012,0.24868368919216377,0.1693022232005283,-0.09350209112920978,0.03964560862865948,-0.14960158485582215,0.34547875852960597,-0.06033898305084746,0.3566894122826326,0.08863086066475898,0.29795289456306406,0.20081223860884878,0.6362998018930223,0.37919656614571867,0.17405018710103456,0.3239819502531367,0.3397820823244552,0.2766607968302884,0.2909619194364957,-0.04841514417785604,-0.11093550517279331,-0.06031256878714506
#26,0.26232445520581116,0.46197446621175436,0.2727162667840634,0.1525709883337002,0.16307065815540392,0.056244772176975565,1.0,0.3281752146158926,0.34657495047325554,0.5688619854721549,0.39364957076821483,0.1124521241470394,0.23484701738939026,0.7128351309707242,-0.09955095751705921,-0.17143297380585515,0.3192141756548536,0.202128549416685,0.13860444640105657,0.05290997138454766,-0.3433215936605767,-0.18403918115782522,-0.13375963020030818,0.01149900946511116,0.09285714285714286,0.11864406779661017,-0.4057230904688532,-0.08021351529826107,0.12082324455205812,0.13310147479639006,-0.11530926700418226,0.21779000660356593,0.1979440898084966,0.2542526964560863,0.18148800352190184,0.28612810917895665,-0.2604424389170152,0.12648910411622277,-0.010508474576271187,0.1915144177856042,0.0612524763372221,0.09683909311027955,-0.2840611930442439,-0.0551551837992516,-0.37257098833370017,-0.11943429451904028,-0.03419766674003962,-0.01904688531807176,-0.05395333480079243,-0.09376623376623376,-0.02629319832709663,-0.0775280651551838,0.04651992075720889,-0.13191503411842395,-0.12623376623376623,0.100132071318512,-0.24656174334140435,-0.17625797930882678,-0.2032291437376183,-0.16337882456526526,0.052890160686770854,0.26607968302883556,0.17983270966321813,0.250264142637024,-0.09132291437376183,0.070033017829628,0.37415804534448605,0.7712678846577151,0.3716817081223861,0.2788751926040062,0.45922518159806297,0.4669865727492846,0.22529605987233106,0.3516530926700418,0.14673563724411182,0.27593000220118863,0.4002377283733216,0.22402377283733216,0.4180079242791107,0.2516927140655954,-0.19118203830068237,0.07674884437596302,0.03252696456086287,-0.17760950913493287,0.19287255117763594,-0.16356152322254017,-0.2109883337001981,-0.03190843055249835,0.08324675324675325,-0.10474796390050628,-0.042502751485802334,-0.18519040281752147,-0.2090821043363416,-0.245511776359234,-0.31057671142416904,0.03548976447281532,0.17981069777679948,0.17731895223420646,0.18825665859564164,0.11112260620735197,0.058186220559101914,0.16010785824345147,0.2748690292758089,0.3734800792427911,0.23287475236627778,0.16506493506493505,0.20977547875852962,0.21298261060972926,-0.0002971604666519921,-0.03865727492846137,-0.2878428351309707
#49,0.4769557561082985,0.3386176535329078,0.13739379264802995,0.12624477217697558,-0.06646048866387849,-0.0975214615892582,0.3281752146158926,1.0,0.4586286594761171,0.31550517279330836,0.34602025093550515,-0.08272507153863086,0.10148580233325996,0.2571714725952014,0.040968523002421306,-0.25569887739379266,0.3080101254677526,-0.02699977988113581,0.11800572309046885,-0.2962029495927801,-0.11147479639005063,-0.15530486462689852,-0.1640677966101695,-0.12507814219678626,-0.005474356152322254,-0.07440457847237508,-0.16570327977107638,-0.30022892361875414,-0.10831609068897205,-0.05661897424609289,-0.13748624257098832,0.15582434514637905,0.008291877613911511,0.17482060312568787,0.03430112260620735,0.07246092890160687,-0.16089808496588157,0.10179396874312129,-0.21741580453444861,0.15379484921857803,-0.02075941008144398,-0.1712987012987013,-0.18148139995597623,-0.10833149900946511,-0.24241690512876954,-0.13892802113141095,0.12597622716266785,-0.1236979969183359,-0.018060752806515517,-0.3513163108078362,-0.035408320493066255,-0.10459828307285934,0.0033370019810697775,-0.25546775258639665,-0.13266784063394232,-0.0913845476557341,-0.08691833590138674,-0.193086066475897,-0.1809046885318072,-0.20585516178736518,0.09543033237948492,0.23139335241030157,0.0338102575390711,-0.016147919876733436,-0.0006141316310807836,-0.16292537970504073,0.08962359674224081,0.3892383887299142,0.269438696896324,0.06453885097952894,0.3027955095751706,0.2798877393792648,0.28194805194805195,0.15117103235747303,0.2507307946290997,0.26526304204270307,0.4691833590138675,0.0799537750385208,0.10887519260400616,-0.05953334800792428,-0.23475456746643186,-0.1706075280651552,-0.0162887959498129,-0.1623068456966762,0.10292537970504072,0.037321153422848335,-0.24154303323794848,-0.298234646709223,-0.1295597622716267,-0.22932203389830508,-0.2877327756988774,-0.1523992956196346,-0.27886858903808054,-0.053209333039841517,-0.16478098173013428,0.0713647369579573,-0.025773717807616114,0.21933083865287256,0.1447589698437156,0.07033017829628,-0.019738058551617872,0.015591019150341185,0.08636143517499449,0.23312348668280872,0.07985252036099494,0.0413977547875853,0.08095971824785383,0.16780321373541712,0.12014747963900506,-0.021144618093770638,-0.23941008144397974
#50,0.15828527404798592,0.3655029716046665,-0.1298745322474136,-0.07559101915034118,-0.14606647589698438,-0.22087167070217917,0.34657495047325554,0.4586286594761171,1.0,0.2743055249834911,0.511287695355492,-0.04136033458067356,0.21512656834690733,0.2508716707021792,0.31606427470834253,0.09576271186440678,-0.04144177856042263,-0.11006823684789786,0.41958397534668723,0.002399295619634603,-0.12249614791987673,0.03869029275808937,0.03104556460488664,0.17009465111160027,0.18137354171252476,0.2480805635042923,-0.33076601364736957,-0.01259520140876073,-0.03249394673123487,-0.06438917015188202,-0.22455646048866387,-0.08049966982170371,-0.07755007704160247,0.15745322474136034,0.03548316090688972,0.0788135593220339,-0.036900726392251816,0.19576491305304863,-0.22299141536429673,0.27397754787585293,0.06254237288135593,0.0852542372881356,-0.0648448162007484,0.17114681928241252,-0.24326436275588817,-0.0017609509134932863,-0.3673079462909971,-0.32769535549196566,-0.25996918335901387,-0.12217037200088048,-0.12301122606207351,-0.006436275588817961,-0.17011446180937706,-0.10576711424169051,0.017360774818401935,0.25048646268985253,-0.07909531146819282,0.04277129650011006,-0.21011666299801893,-0.35431432973805854,-0.04068456966762052,-0.02799471714725952,-0.06622496147919876,0.0137772397094431,-0.15511336121505612,-0.07357693154303324,0.06896984371560642,0.40243011226062075,0.24525643847677747,0.05165089148139996,0.1444684129429892,0.03409641206251376,0.5151133612150561,0.10236847897864847,0.23647589698437155,0.24172353070658156,0.47727933083865287,0.16805414924058992,0.2493528505392912,0.18831829187761392,-0.13308166409861324,-0.13627779000660356,0.15161127008584635,-0.18830288355712085,-0.06619194364957076,-0.14271186440677966,-0.3240677966101695,-0.217574290116663,0.0007065815540391811,-0.28246313009024876,-0.1226040061633282,-0.32213075060532687,-0.2487012987012987,-0.1460246533127889,-0.14169271406559542,0.0038586836891921637,0.28104336341624475,-0.12542372881355932,0.0030354391371340524,-0.23693154303323793,-0.2779308826766454,-0.26252916574950474,-0.14780981730134274,-0.13126348228043144,-0.08120845256438476,-0.1744089808496588,-0.130891481399956,-0.009231785163988555,-0.39066035659256,0.010981730134272507,-0.12960598723310587
#51,0.5542042703059652,0.7465375302663438,0.687112040501871,0.6203808056350429,0.10375302663438257,0.1015430332379485,0.5688619854721549,0.31550517279330836,0.2743055249834911,1.0,0.43174554259300024,0.20061633281972266,0.25530266343825664,0.3096764252696456,-0.17943869689632402,-0.07962799911952455,0.7378142196786265,0.55442218798151,-0.036986572749284616,-0.09710763812458728,-0.32826986572749284,-0.11010345586616772,-0.020904688531807176,-0.09981730134272507,0.13863966541932643,-0.027142857142857142,-0.22969843715606428,-0.04007043803653973,0.32640986132511557,0.19194144838212635,0.1202047105436936,0.3553400836451684,0.38157605106757647,0.2838234646709223,-0.04171252476337222,-0.04758969843715606,-0.12491965661457187,-0.018976447281532027,0.07799691833590139,0.14937926480299363,0.07022892361875413,-0.015782522562183578,-0.13853841074180057,-0.1265925599823905,-0.29009465111160027,-0.3299295619634603,-0.04038080563504292,0.00223860884877834,-0.127442218798151,-0.1529407880255338,0.10824125027514858,-0.0028065155183799252,0.13799471714725953,0.012610609729253796,-0.09383887299141537,0.15435174994497028,-0.35178296279991195,-0.41223200528285275,-0.21275808936825885,-0.16816861104996697,0.1916090688972045,0.2996191943649571,0.004408980849658815,-0.0238036539731455,0.24108518600044024,0.3079616993176315,0.2734272507153863,0.3163416244772177,0.24850319172353072,0.060127668941228264,0.43889500330178294,0.526667400396214,0.12386088487783403,0.19894783182918777,-0.2679066696015849,-0.0887012987012987,0.20542152762491744,0.24430772617213295,0.3091613471274488,0.10601584855822144,-0.08252256218357913,0.08325555800132071,-0.10925379705040722,-0.026863306185340084,0.2171912832929782,-0.003735417125247634,-0.03956416464891041,0.09556020250935506,0.10528285274047985,0.1037310147479639,-0.13828967642526965,-0.13022672243011227,-0.30703940127668944,-0.10335241030156285,-0.24459167950693375,0.24828747523662778,0.20164428791547437,0.3983094871230464,0.26147699757869247,0.20506053268765134,0.1552938586836892,0.3460268545014308,0.46373321593660577,0.5619502531366938,0.4017851639885538,0.3674114021571649,0.30642967202289234,0.2580563504292318,-0.027270526084085405,0.08334360554699538,-0.17780761611270085
#52,0.19261941448382125,0.3215650451243672,0.0802179176755448,0.10337222099933964,0.049218578032137354,-0.10396434074400177,0.39364957076821483,0.34602025093550515,0.511287695355492,0.43174554259300024,1.0,0.06456086286594762,0.3097952894563064,0.3458947831829188,0.1728659476117103,0.1000528285274048,0.28218578032137354,0.11208012326656394,0.24701738939027074,0.06322474136033458,-0.01596962359674224,0.20380805635042923,0.028426150121065374,0.19022232005282852,0.026037860444640105,0.13437376183138894,-0.24720669161347128,-0.11109839313229143,-0.06313229143737618,-0.0961699317631521,-0.3167026194144838,-0.08109619194364957,-0.1159982390490865,0.035287255117763594,-0.11270526084085405,-0.04588597842835131,-0.24785604226282193,-0.032449922958397534,0.07158925819942769,0.10910631741140216,-0.05573409641206251,-0.08107858243451464,-0.11312568787145058,-0.039841514417785606,-0.16636363636363635,-0.0200924499229584,-0.31542813119084306,-0.37249614791987673,-0.20882456526524323,-0.04322254017169271,-0.07655293858683689,0.017519260400616334,-0.11647369579572969,0.049022672243011226,-0.03560422628219238,0.19214836011446182,-0.0349900946511116,0.15621175434734758,-0.0386682808716707,-0.18221219458507595,-0.115049526744442,0.03926040061633282,-0.12012326656394454,-0.05041602465331279,-0.07298921417565485,0.03064274708342505,0.06056130310367599,0.25371340523882896,0.10337662337662337,0.012793308386528725,0.11334580673563724,0.0250561303103676,0.2634096412062514,0.08579352850539292,0.0021791767554479417,0.12972044904248295,0.18660356592559982,0.2181994276909531,0.45465111160026417,0.15402597402597404,-0.23919876733436055,-0.20891481399955977,-0.1381884217477438,-0.2880409421087387,-0.0026304204270305967,-0.15814880035219017,-0.3247633722209993,-0.04778560422628219,-0.14027294739159146,-0.20819282412502751,-0.15221879815100153,-0.28582434514637906,-0.15187541272287036,-0.15832049306625579,-0.08260400616332819,0.06522121945850759,0.1383733215936606,-0.04657495047325556,-0.02926700418225842,-0.17549416685009905,-0.2689390270746203,-0.04661677305745102,0.04723530706581554,0.1666784063394233,-0.08339423288575831,-0.004530046224961479,-0.1932687651331719,-0.016473695795729694,-0.1060708782742681,0.07307726172132951,-0.08906229363856483
#53,-0.05038740920096852,0.1792097732775699,-0.03979969183359014,0.047156064274708344,0.4285494166850099,0.3399735857362976,0.1124521241470394,-0.08272507153863086,-0.04136033458067356,0.20061633281972266,0.06456086286594762,1.0,0.4832731675104556,0.20709002861545234,0.07695575610829848,-0.2010345586616773,0.04783623156504512,0.03970063834470614,-0.01655954215276249,0.29821043363416244,-0.1350429231785164,-0.37163108078362317,-0.11197886858903808,0.05216156724631301,0.08047105436935946,0.0599075500770416,-0.03941668500990535,-0.014039181157825226,0.43038080563504294,0.4502443319392472,0.19756548536209553,-0.06550297160466652,0.18706361435174995,-0.10030596522121946,0.34292317851639886,0.24676205150781422,0.25553819062293637,0.15251595861765355,-0.053215936605767115,-0.05956856702619415,0.4330332379484922,0.2374884437596302,0.12918776139115123,0.1265001100594321,0.004541052168170813,-0.28306625577812017,0.017985912392692052,-0.16849218578032138,-0.05514637904468413,-0.12332379484921858,-0.16299581774158045,-0.10417125247633723,-0.08318291877613912,-0.22905348888399735,-0.2565199207572089,-0.05418886198547215,-0.09814219678626458,-0.03151661897424609,0.026114902047105436,-0.22208012326656396,0.3228527404798591,0.3496896324014968,0.3004204270305965,0.25131631080783623,-0.21895443539511336,0.26589038080563504,0.3507131851199648,0.06696235967422408,0.19951573849878934,0.2442725071538631,0.06157164869029276,0.1361699317631521,-0.10695575610829848,0.10847237508254458,-0.06024433193924719,0.04016288795949813,0.1652344265903588,0.15905569007263923,0.2615760510675765,0.19836671802773498,0.43567466431873214,0.5931697116442879,0.031104996698217036,0.39356812678846576,0.37125467752586394,-0.018016729033678187,0.10922077922077922,0.3188729914153643,0.37089368258859784,0.49328637464230685,0.3870526084085406,-0.06384547655734096,-0.026321813779440897,-0.265016508914814,-0.18307946290997137,-0.19726832489544355,0.15599163548316092,-0.0858925819942769,-0.22953334800792427,0.10850099053488883,-0.1161038961038961,0.2048117983711204,-0.060488663878494386,0.08662777900066036,0.018029936165529385,0.07729694034778781,-0.06409200968523003,0.35967862645828746,0.13065815540391812,0.040336781862205594,-0.06957957296940348
#54,-0.03413603345806736,0.20735417125247635,0.049614791987673344,-0.04315430332379485,0.16186000440237727,0.40613251155624036,0.23484701738939026,0.10148580233325996,0.21512656834690733,0.25530266343825664,0.3097952894563064,0.4832731675104556,1.0,0.30871230464450805,-0.020118864186660798,-0.25354391371340523,0.19778120184899847,0.03458287475236628,-0.034378164208672686,-0.02242791107197887,-0.23933744221879816,-0.24035879374862426,0.014441998679286815,0.0500726392251816,0.07235086946951354,0.03189302223200528,0.08784063394232886,-0.08872991415364297,0.2841646489104116,0.16273387629319833,0.06362755888179616,-0.028859784283513098,0.05600924499229584,-0.027079022672243012,0.21211314109619195,0.026779661016949154,0.018043143297380587,0.07443759630200308,-0.006136913933524103,-0.06691173233546115,0.05272727272727273,-0.049132731675104555,-0.19013647369579573,-0.06372661237068017,-0.028983050847457628,-0.18793308386528726,-0.00853400836451684,-0.15014087607307947,-0.11405679066696016,-0.002705260840854061,-0.038573629760070435,0.12367598503191723,0.12318952234206472,-0.043473475676865506,-0.067244111820383,-0.06250055029716046,-0.21965221219458508,-0.16498569227382787,0.09104336341624478,-0.050845256438476774,0.26564384767774596,0.29117103235747305,0.1465199207572089,0.13362976007043803,-0.12871670702179178,-0.1184437596302003,0.17091789566365836,0.03896764252696456,0.09119524543253357,0.1165529385868369,0.22026854501430773,0.20879815100154084,0.013130090248734317,0.21812238608848777,0.022452124147039402,0.12648250055029717,0.18724631300902486,0.060449042482940786,0.3600550297160467,0.03873211534228484,0.18880915694475017,0.24553378824565264,0.1523662777900066,0.11022452124147039,0.10899405679066695,0.0399273607748184,0.07903147699757869,-0.009038080563504292,0.0004094210873871891,0.08128989654413384,0.21868368919216377,-0.028463570327977108,0.060523882896764254,-0.06806955756108299,-0.0985097952894563,-0.037257318952234206,-0.06722870349988994,-0.038476777459828304,-0.20360774818401936,-0.0911138014527845,-0.17686770856262382,0.23128769535549196,0.007556680607528065,0.04152542372881356,-0.14655954215276248,-0.1606779661016949,-0.17134272507153864,0.23317411402157165,-0.16091349328637464,0.12106537530266344,-0.12374202069117324
#58,0.09782522562183579,0.29392031697116444,0.12592339863526303,0.18598062953995156,0.1995773717807616,0.013200528285274049,0.7128351309707242,0.2571714725952014,0.2508716707021792,0.3096764252696456,0.3458947831829188,0.20709002861545234,0.30871230464450805,1.0,0.06726832489544354,-0.10766894122826326,0.13727272727272727,-0.02595201408760731,0.3027140655954215,0.3336649790887079,-0.3097424609289016,-0.23256218357913272,-0.4198855381906229,0.0360642747083425,-0.16947611710323573,0.11011446180937706,-0.40888179616993175,-0.192095531587057,0.0449570768214836,0.17180057230904688,-0.2824323134492626,-0.022249614791987674,0.03706361435174994,0.1687541272287035,0.33386088487783405,0.5793000220118865,-0.19871890821043364,0.2955205811138015,-0.14533568126788465,0.04557340964120625,0.08274488223640766,0.13356372441118203,-0.26892361875412724,0.051223860884877834,-0.457805414924059,-0.11635263042042703,0.013869689632401497,-0.10058331499009465,0.011377944089808497,-0.102656834690733,0.05042703059652212,0.022146158925819944,0.02928681488003522,-0.2709112920977328,-0.4249306625577812,-0.10745542593000221,-0.26569227382786703,0.028406339423288577,-0.18982610609729253,-0.3644067796610169,0.04791547435615232,0.4240986132511556,0.5188223640766013,0.52115562403698,-0.27110279550957517,0.048195025313669385,0.4752784503631961,0.5611116002641426,0.5829694034778781,0.5722209993396434,0.5165419326436276,0.4850847457627119,0.1911336121505613,0.4679771076381246,0.40600924499229585,0.5358375522782303,0.4981598062953995,0.06107197886858904,0.4359013867488444,0.3623222540171693,-0.1995641646489104,0.0749372661237068,-0.09817741580453444,-0.2356834690732996,0.3895597622716267,-0.264125027514858,-0.3456328417345366,-0.21691173233546115,0.07959057891261281,-0.01481399955976227,-0.007012987012987013,-0.4156944750165089,-0.24060312568787146,-0.4918952234206472,-0.5127118644067796,-0.207046004842615,0.19038520801232667,0.09081664098613251,0.1246929341844596,0.1340677966101695,0.1278846577151662,0.03851199647809817,0.19345806735637244,0.2903015628439357,0.10426590358793748,-0.005265243231344926,0.07027734976887519,0.26178516398855384,0.15991855602025093,-0.1300528285274048,-0.4505591019150341
#101,-0.28660796830288354,-0.04627999119524543,-0.4287915474356152,-0.2112194585075941,-0.17333920316971163,-0.1249108518600044,-0.09955095751705921,0.040968523002421306,0.31606427470834253,-0.17943869689632402,0.1728659476117103,0.07695575610829848,-0.020118864186660798,0.06726832489544354,1.0,0.40225181598062953,-0.43040061633281973,-0.359372661237068,0.6066740039621396,0.2777745982830729,0.19742681047765795,0.09931102795509575,-0.12998239049086507,0.09591899625797931,0.05574950473255558,0.13221659696235968,-0.3646907329958177,-0.2376007043803654,-0.09505172793308386,-0.04705921197446621,-0.16977988113581333,-0.22329738058551618,-0.2476139115122166,-0.23354831609068896,0.14474796390050626,0.22421527624917456,0.20241470394012767,0.24085186000440237,-0.15824345146379046,-0.024994497028395332,0.14420647149460708,0.12917235307065816,0.2553995157384988,0.4042064714946071,-0.1999141536429672,0.05028835571208452,-0.2703940127668941,-0.24945190402817521,-0.17852080123266564,-0.04652872551177636,-0.10254237288135593,0.05338542813119084,-0.29085406119304424,-0.13819722650231125,-0.0651221659696236,0.03255558001320713,0.09763812458727714,0.27463790446841296,-0.08777679947171473,-0.29825225621835794,-0.28115122165969625,-0.2681245872771296,0.19826766453885097,0.2822914373761831,-0.22995817741580454,-0.1299537750385208,0.021049966982170373,0.10560202509355052,0.3233237948492186,0.20929782082324455,-0.0672705260840854,-0.2064472815320273,0.3673959938366718,-0.1575544794188862,0.29321373541712525,0.056674003962139556,0.20855381906229364,-0.23545014307726173,0.06393572529165749,0.19441118203830068,0.05461369139335241,-0.12863966541932645,0.15794408980849658,0.001201848998459168,-0.05607968302883557,-0.34508474576271186,-0.24513097072419107,-0.17397754787585296,-0.05960378604446401,-0.14925159586176534,-0.056141316310807834,-0.3862689852520361,-0.32675324675324674,-0.2405326876513317,-0.1330310367598503,-0.22617873651771958,0.13329297820823244,-0.274785384107418,-0.08366718027734978,-0.31520581113801455,-0.20256878714505833,-0.35936165529385866,-0.27959718247853843,-0.346352630420427,-0.29546114902047105,-0.24327756988773938,-0.34909531146819284,-0.24386088487783403,-0.13556020250935505,-0.303185119964781,-0.1813977547875853
#102,0.040728593440457844,0.10696896324014968,-0.03753686990975127,0.23307065815540393,0.02011005943209333,-0.2980101254677526,-0.17143297380585515,-0.25569887739379266,0.09576271186440678,-0.07962799911952455,0.1000528285274048,-0.2010345586616773,-0.25354391371340523,-0.10766894122826326,0.40225181598062953,1.0,-0.23994276909531148,-0.11424169051287696,0.4079440898084966,0.4429187761391151,0.044741360334580677,0.6049702839533349,-0.02489984591679507,0.2815430332379485,-0.010849658815760511,0.23025974025974025,-0.015117763592339864,0.2823530706581554,-0.177904468412943,-0.17268765133171912,-0.2730354391371341,-0.24426810477657934,-0.2097226502311248,-0.061983270966321814,-0.1962491745542593,-0.039801893022232006,0.11049086506713625,0.07005502971604667,-0.067673343605547,-0.00011666299801893022,-0.08587497248514198,0.03921417565485362,0.0999735857362976,0.2887145058331499,-0.06683028835571209,0.3831983270966322,-0.25523662777900064,-0.1319766674003962,-0.17232005282852741,0.1560774818401937,-0.09175434734756768,0.11653092670041823,-0.36147479639005065,0.11741580453444861,-0.1489522342064715,0.1857891261281092,-0.1627162667840634,0.276997578692494,0.11486462689852521,-0.06833149900946511,-0.32159145938806954,-0.31182698657274927,-0.16099933964340743,-0.02077261721329518,0.11016288795949813,0.2974972485141977,-0.2675324675324675,-0.210132071318512,0.06679066696015848,0.1887673343605547,0.01589918556020251,-0.10901826986572749,0.060730794629099714,-0.21625137574290115,-0.21543033237948492,-0.2255051727933084,-0.3162271626678406,-0.27759189962579794,0.10527624917455426,0.27504732555580014,-0.14600484261501212,-0.2622342064714946,-0.127244111820383,-0.3230772617213295,-0.035608628659476116,-0.26580453444860225,-0.22397314549856923,-0.12269425489764473,0.014699537750385207,-0.21296279991195247,-0.17733876293198328,-0.3046665199207572,-0.13389830508474576,-0.10260620735197007,0.0236847897864847,-0.0463218137794409,0.348201628879595,-0.17609509134932863,0.07127008584635704,-0.24410741800572308,-0.09564164648910412,-0.30979308826766455,-0.1368346907329958,-0.25122165969623594,-0.20300902487343164,-0.22621835791327316,-0.2500286154523443,-0.47534228483381025,-0.201930442438917,-0.10904688531807176,0.046040061633281976
#201,0.5365903587937486,0.4480387409200969,0.7960466651992075,0.5837464230684569,0.11498789346246974,0.18010345586616774,0.3192141756548536,0.3080101254677526,-0.04144177856042263,0.7378142196786265,0.28218578032137354,0.04783623156504512,0.19778120184899847,0.13727272727272727,-0.43040061633281973,-0.23994276909531148,1.0,0.6594541052168171,-0.31188421747743783,-0.3163328197226502,-0.34287034998899407,-0.11537530266343826,0.06134932863746423,-0.15810037420206913,0.04137354171252476,-0.19187321153422848,-0.09568567026194146,-0.25467092229804095,0.27209993396434073,0.14556020250935506,0.2695311468192824,0.47821483601144615,0.4416156724631301,0.2603808056350429,-0.115214615892582,-0.16647369579572968,-0.310231124807396,-0.15394893242350868,0.1757693154303324,0.06838652872551178,0.014508034338542813,-0.13057230904688533,-0.13701738939027075,-0.26259520140876075,-0.24614131631080782,-0.25395113361215055,0.1408496588157605,0.06976007043803654,0.019570768214836012,-0.15635703279771077,0.22898965441338323,0.049355051727933086,0.34919876733436056,0.2227162667840634,0.024836011446180938,0.07079462909971385,-0.33386748844375963,-0.449570768214836,-0.18185119964780982,-0.04298921417565486,0.2749636803874092,0.3497556680607528,-0.14023552718467971,-0.17918556020250936,0.2893000220118864,0.048395333480079246,0.11924499229583975,0.038016729033678184,0.09351529826106098,-0.07811138014527845,0.43434294519040284,0.5113801452784503,0.031639885538190624,0.23067796610169491,-0.31520581113801455,-0.10397754787585296,0.06396874312128549,0.19538190622936386,0.25185560202509355,-0.07873871890821044,-0.08428131190843055,0.10348007924279111,-0.274785384107418,0.025694475016508914,0.10869909751265683,0.1663680387409201,0.0688994056790667,0.20563284173453664,0.0874224081003742,0.08779881135813339,-0.16082104336341624,-0.04924719348448162,-0.234818401937046,0.03268104776579353,-0.18163768434954874,0.4569073299581774,-0.027541272287035,0.5944177856042263,0.3134536649790887,0.3710213515298261,0.30359674224081,0.5891723530706582,0.5735615232225402,0.6947017389390271,0.4768214836011446,0.4500572309046885,0.3976007043803654,0.3065595421527625,0.10025533788245652,0.22668721109399076,-0.09506493506493506
