,#10,#11,#12,#13,#17,#18,#26,#49,#50,#51,#52,#53,#54,#58,#101,#102,#201,#202,#301,#302,#401,#402,#501,#502,#601,#602,#701,#702,#801,#802,#901,#902,#1001,#1002,#1101,#1102,#1201,#1202,#1301,#1302,#1401,#1402,#1501,#1502,#1601,#1602,#1701,#1702,#1801,#1802,#1901,#1902,#2001,#2002,#2101,#2102,#2201,#2202,#2301,#2302,#2401,#2402,#2501,#2502,#2601,#2602,#2701,#2702,#2801,#2802,#2901,#2902,#3001,#3002,#3101,#3102,#3201,#3202,#3301,#3302,#3401,#3402,#3455,#3501,#3502,#3601,#3602,#3701,#3702,#3801,#3802,#3901,#3902,#4001,#4002,#4101,#4102,#4201,#4202,#4301,#4302,#4401,#4402,#4501,#4502,#4601,#4602,#4701,#4702,#4801,#4802
#10,1.0,0.31353969333582876,0.46049199559951975,0.5216550187842076,0.1699343123336696,0.08865963381066067,0.23502033624416274,0.5025056261326444,0.057654507525095065,0.4567305892717753,0.3011590061488038,0.0894986465327959,0.0816407765660734,0.0937877453016657,-0.16990601048994144,-0.021487490128590796,0.3744105684562257,0.28695604541076475,-0.01707696732050012,0.05116334272163311,-0.08378258706240556,-0.14396508830631724,-0.05144636115891485,0.047460366006746794,0.08208082458791147,0.14425541044520626,0.05341653466747616,0.03260098508675428,-0.01107788941282804,-0.07609818000885574,0.046733647696823345,0.09478743945916089,0.3290281055567475,0.3075451802416612,0.06302181524373822,0.009903819379459252,-0.0005039554109016876,0.08525519589897154,0.024318587464109153,0.2187659483171815,-0.025189553880776202,0.0895908557655877,-0.19233293923776745,0.020977143978782746,-0.06349016510930446,-0.1695937772462306,0.06270410422382193,0.1984014023107086,-0.18696289263102156,-0.20201947349441038,0.07272934764250207,-0.17970027434529162,-0.024627168857016348,-0.03709458750062766,-0.15867109149255706,-0.02609886473088142,-0.13820155477547966,-0.2591727644967065,-0.032928738696380556,-0.08951051504790772,0.10542071603664632,0.19752221922973337,-0.008962554834822223,-0.16434789356680832,0.11184979937644647,0.0422847804552945,-0.21755627273847727,-0.12411088844965239,0.11338083782587062,0.037155756001588554,0.16848817941542998,0.25160065185536845,-0.11881844367248376,0.14643830426307933,-0.15750158627269284,-0.23663262837396778,-0.019163087092076852,-0.061110071348035075,-0.008568154948029599,0.26933312639512114,0.010429685895182752,-0.15893037289961517,-0.19835484121296224,0.08547704583529239,0.07266817914154117,-0.022478054659076905,0.017177393217600093,0.008188362464451515,0.12864192233426303,0.0818279339197597,-0.08336901495889386,0.11062186454372407,0.01488585683831887,0.017202956173225543,-0.11567237420515185,0.18118749058507214,0.174738322065852,0.2660820662171847,0.14529710088694325,0.3852428709025093,0.2939392971100166,0.21503649568396882,0.04590102571359447,0.44758635485947224,0.2378496076542793,0.41000698416466197,0.25073425025220597,0.19643031583944637,0.03460128636444558,-0.03450268639274742,-0.07998009741312019
#11,0.31353969333582876,1.0,0.1945843052582087,0.18132991276641391,0.06901267648710212,0.17635974382266612,0.3306595699032716,0.25500965458056213,0.464185842687397,0.3508479141084691,0.3671981631190458,0.07093172408441253,0.22124646797555086,0.11477128001935481,-0.35974199674072316,-0.11375332660784143,0.11771284584168314,-0.008710577129371379,-0.17482687944784017,-0.12003450999009435,-0.17657246413197789,-0.17511628862402825,0.0013831384918769143,0.16988501234782052,0.23496738440751003,-0.10651901016583967,0.11526427987784559,-0.03067372082513569,0.10332181478725687,-0.1989190521621239,0.1462374524688794,-0.20572975391090398,0.3006020989012494,0.14037988377984817,-0.07447036751313525,0.09567666512984611,0.032862092419214214,-0.10474877548877741,0.075093921037856,0.13255305454495656,0.1257934787074274,-0.06880908580479944,-0.08694508985835384,0.02784536237772006,-0.0915820274162699,0.04565361282164817,-0.003010038024896493,0.027075734820853892,-0.17652864192233425,-0.14889234800312234,-0.0391396239506635,-0.24551392952840911,0.004827746762406022,-0.0732068271350774,-0.203145156504631,0.013289085074429285,-0.19114700068928683,-0.31568332975756275,0.02559034450647519,0.23555898423769897,-0.1773868268611886,-0.24948531727736264,-0.21117009864561984,-0.1635006641803649,0.23885660551338175,0.11623567219161261,-0.17907306896976724,0.08378715187591011,0.009995115649550138,0.031702629789059966,0.18415005454952138,0.09023540743242935,0.0820735208863042,-0.0714429831969215,-0.22483349842742176,-0.21171787626616514,0.2165812285739066,0.21588828988391678,0.010445206261098202,0.09554519850091525,-0.23030123204316488,-0.06797007308266421,-0.08626219375807401,0.04436085763716124,0.2791547791314986,0.13100193091611242,0.05505804160371028,-0.10145115421309463,0.23463780487248193,-0.0842609795176818,0.08503243299994978,0.12398124774612333,0.33943040257090296,0.22527628533736255,0.2854204421478361,0.14677792638781742,0.16541788585227352,0.11776853656643858,-0.12960418502102097,0.11015534060355964,0.08712585647313378,0.07587998192333852,-0.3865858390355462,-0.019685301756996718,0.21994732205215756,0.19558126052760114,0.3076428672506585,-0.16366864931733213,0.017327119100549147,0.2160644916851922,0.29746607202362746
#12,0.46049199559951975,0.1945843052582087,1.0,0.597916619116526,0.04399110774329315,0.06920896346779752,0.19911533914281931,0.012385252000529519,-0.07827468308782244,0.5276897022372151,0.24273487106684258,0.035264097285305405,0.13402566338152255,-0.013551105369590125,-0.4070736350066418,-0.10914560385635445,0.5359593183820475,0.6338435273226912,-0.34385005500600274,-0.3085412225483528,-0.1489215628095514,-0.3750870738175992,0.005345396613821342,0.21134447452149344,0.20535178735272772,0.4182273003236453,0.02874463063811528,0.0639064761009189,0.20363176562421542,-0.024182556021673733,0.19515855879708036,-0.009760484235416563,0.3457344100206786,0.29601902614268694,-0.03839099453591824,-0.02751760876809378,-0.22905868980722793,-0.32202385571537473,-0.22533745383832343,0.09667270743653768,-0.09116662938735638,0.18446502668133494,-0.2141764848197127,-0.23688551904211955,-0.18178822004227016,-0.24860248234558377,-0.10238055024261984,0.02025772937046657,-0.10702570446484409,-0.21523004377656152,0.12619426933312639,0.04458179461078118,0.24639128668398252,0.22121451428101904,0.0461822182254744,0.1290399740718593,-0.07170591645478323,-0.20515093555852776,0.05943843664267096,0.09188147918216802,-0.04075009015506671,0.11043105533923411,-0.3966311676336463,-0.4105036358739564,0.07753518330008627,-0.026821018227300323,-0.4086274975235887,-0.27846001451610697,-0.12920065550721926,0.007002423915970913,0.06213989327466026,0.23582556934636437,-0.26048651782331433,-0.06644177352134278,-0.18552132452628647,0.03335874412850863,0.030682850452144778,0.08663103068924119,0.11842130489758841,0.10473325512286195,0.1202974432479561,0.0839003592508228,-0.002984475069271045,0.21234873349249317,-0.0542655899793214,-0.028230632637503594,0.046811249526400596,0.046206868218398936,0.1570752326913684,-0.017759863420779943,-0.09338056393706035,0.1266069284739372,0.09421592480839196,0.15380591325941378,0.09007107414626575,0.5877763423975314,0.46820196560869504,0.5909644081491051,0.42449296333998277,0.38215888289883915,0.5440837734574354,0.2447689519644675,0.15523743877443888,0.341403314967567,0.6124235964339677,0.3518366527135534,0.5489078683690378,0.08410760178392912,0.19550274573532297,-0.13327977285488002,-0.1564991532270949
#13,0.5216550187842076,0.18132991276641391,0.597916619116526,1.0,0.044397376145197585,0.14326393295201925,0.2426454007221535,0.08987387420286944,-0.06069649924452337,0.5151328132489147,0.31827066605193843,-0.09438756179616281,0.017311598734633695,-0.03371753846996581,-0.2077346200020998,-0.03958971456221156,0.457304842810647,0.4434369393838415,-0.11749373479346502,-0.13432237625931792,-0.12365075524839432,-0.2252936316286798,-0.09435925995243465,0.060434478949362526,0.07055558345163808,0.2264165757507977,0.03097773740453834,0.09420314333057923,0.027202636636280225,0.06607476251557742,0.11109204033469212,0.012149707623695034,0.2585136054266503,0.41097746351572806,0.10280599086124337,0.1529084709244204,-0.010642406204494515,0.04058301798080039,0.10861699845252822,0.05322755138838803,0.10926611493287441,0.1202965302852552,-0.09083704985232828,-0.12473900678787768,-0.12961605353613279,-0.29665170929441675,-0.12812701137095045,0.07498619143914875,-0.10487293841610101,-0.1926497372949828,-0.014291518120027207,-0.08719067682489832,0.08773936740814454,0.04581429425700813,-0.13213948244144486,0.0036591545052426884,-0.13516595379495772,-0.19032168240766523,0.1358269387904157,0.13110874755211877,0.2839432684977655,0.24113627337755117,-0.13018939411230354,-0.18008097979157062,0.030594293070156618,-0.0005477776205453127,-0.31945751756311996,-0.22939100823035874,-0.013341123948381089,-0.0791986013411422,0.06252059872093925,0.2501189133917934,-0.225652425970137,0.08633979558765127,-0.09761488494387562,-0.06561097746351573,0.03212715744498258,-0.030778711535740206,0.09772900528148923,0.2971255369361885,0.004168587692349829,-0.07444663048291163,-0.19826902271907682,0.041230308535744775,-0.05393509748159239,-0.03340621818895589,0.14832539816585794,-0.09717757581014028,0.04211588235562636,-0.04307358022887975,-0.23298808127193962,-0.015668265872997758,-0.09218275687346793,8.034071767997919e-05,0.09227770499436246,0.26625096431685286,0.20858458827664597,0.2872609749528683,0.2914816015191699,0.05578019510012919,0.3069645359638832,0.17732931021103132,0.22380093761269385,0.5438628364838155,0.19427389793989966,0.2014844773516778,0.18807762008883128,0.23116398179552375,-0.0834347482733593,-0.06701876594831718,-0.10215322253009353
#17,0.1699343123336696,0.06901267648710212,0.04399110774329315,0.044397376145197585,1.0,0.28255556519238406,0.2601505475493799,0.31104547923694575,0.23558089534252077,0.20571423354498852,0.0999438527938941,0.36625689857440874,0.4008654886404616,0.3834297269785043,-0.1402082467920773,-0.3798518261536425,0.3162155870121926,-0.04237151191188084,-0.2605367307718643,-0.16486371749282183,-0.18056850187385595,-0.20980978422126564,-0.1231951868606408,-0.12193803722148931,-0.1534270337385366,-0.09621622608608325,-0.0696197966832065,-0.1405980818653654,0.2667028808538027,0.05874458498998023,0.2320988556012544,-0.1618582442814299,0.11084006262924129,-0.07361674738778547,0.3915103598442486,0.1028415964065788,0.13016291819397718,0.10187933371982087,0.10822716337924014,-0.08750017118050642,0.11950133977276359,0.04054558651006313,0.17689747885350143,0.2856642031889787,0.14560568227985046,0.17069572322622759,0.08792195994832631,0.037722705838852955,-0.18069996850278683,0.0395833238233052,0.07599958003715758,-0.0715990998187769,-0.03561284903705259,-0.03602185632705976,-0.15926725613625056,-0.20457120424345063,-0.24865178233143284,-0.26130818425413227,0.04819530098097842,0.045884592384978114,-0.016619573007344787,0.0829609206315876,0.2206201755627274,0.09731178132717389,-0.15276878763118132,-0.11742708851629867,0.21208853912273415,0.03632861179456513,-0.012898337038440295,-0.12021162475407067,0.06729174179588893,-0.12462032163675953,0.06920805050509661,0.062474950585893814,0.03946829052299068,-0.07989610484463658,-0.11570341493698275,-0.15119118808401083,0.029347186020715125,-0.17313607252575697,0.20051217207520985,0.34130380203316796,0.23661254319454778,0.30606526770348796,0.33199249544659853,0.1400731283123428,0.09429809145147375,0.1418068444813687,-0.0003058425048044662,0.28732944715543646,0.3051422624128691,0.23442143271236654,0.1382262047684042,-0.11102265516942306,-0.05434501773430046,-0.0857144161375287,-0.17378427604340224,0.00337887495606367,-0.17356151314438048,0.027869099407943687,0.0643501759735606,0.3360113572559993,0.0009732182391688388,0.21854409838086064,0.057060168806803396,-0.03824126865296918,-0.010705400630857226,0.04868464898866557,-0.02128572537168994,-0.1058717196108953,0.05849899802343575
#18,0.08865963381066067,0.17635974382266612,0.06920896346779752,0.14326393295201925,0.28255556519238406,1.0,0.3221105871719611,0.16059652982877384,-0.14514737500399422,0.25480788982366126,0.2849320071028498,0.18430160635787224,0.6005632979864608,0.2876508100261564,-0.23792538355845472,-0.15081139560043275,0.1921439559586793,0.14130197610776613,-0.13393071526062802,-0.0945500691569246,-0.19444553492767053,-0.13953265439340476,-0.12052659688588423,-0.04105501969717027,-0.021377021641780826,0.06240008764441929,-0.13138902710129777,-0.08484527564626347,0.34848242775041427,0.5656077820940626,0.5482815759562143,-0.23469166967183555,0.08331697608494205,-0.12454545869528501,0.2337969662249449,0.38380769353668054,-0.1392879803895612,-0.0009933034185888336,0.06877713211026763,-0.27903883286848313,0.029353576759621487,-0.11772471435679495,-0.15495624626255894,-0.09020710558870117,-0.24002428480784418,0.13088415872769518,-0.022961924890558597,0.046544664417735214,-0.16630802448565965,-0.05807264444211132,0.10038116192762944,0.09251142344579512,0.09265019377633327,0.0956328429202025,-0.042744913656552565,-0.040007851479227814,0.055412271131662916,0.0428727284346798,-0.08288240583930943,0.18319144371356708,-0.0058082687031821316,-0.16232750710969704,-0.011011243135661692,0.049302724737180864,0.03848685561951366,0.0942204896218965,0.029869400685634987,-0.029380052677947844,-0.12250590002145462,-0.16639293001684416,0.24842262869350473,0.19634358438286004,0.08062921389346639,0.02976532293773138,0.020955232873960936,0.014151834826788152,0.33110783458941784,0.38149881086608206,0.25240497199486917,0.031169459571729195,0.11048400717588683,0.16992153085585687,-0.024547741102037276,-0.0022011530718912477,0.26122966946185416,0.2368590431237932,0.1566224031917176,-0.026183770262065944,0.07155527760913327,-0.223819196866712,0.0010772959870724481,-0.12617235822830458,0.40354138231682546,-0.18377939169295238,0.15955301346163503,-0.1755234699886336,0.06361980581283351,-0.0787339033263796,0.07731698521456906,0.0069175183847863895,0.22257391574267232,0.5909598433356005,0.22680275897328214,-0.008930601140290413,0.10330903330944415,-0.09973113248458235,0.11100348295270397,-0.04829755280348021,-0.08101904896675446,0.16393066961249297,0.1181410253484094
#26,0.23502033624416274,0.3306595699032716,0.19911533914281931,0.2426454007221535,0.2601505475493799,0.3221105871719611,1.0,0.13298762479058918,0.30252845020016705,0.46065632888568336,0.44971538387799165,0.15437468902208,0.1461881524830303,0.3450706861371179,-0.1480222945491562,0.050617391026489614,0.2811076063487426,0.1107588089488604,0.030606161585268434,-0.022501791689300533,0.021434538291938084,-0.03113476698909466,0.2395431534644652,0.20959158613574844,0.16857491087201631,-0.07863530335468144,0.0973556035368175,0.04127047889458476,-0.015513975176544162,0.0799298844645702,0.06286295973378007,-0.019775685064386695,-0.03642082102735693,0.1919878393368239,0.25161252037048026,0.09336321764574308,-0.000978696015374292,0.09019523707358935,0.12496450857500217,0.08257017259559861,0.13636649974665285,0.19621942145553645,-0.11727005893174235,0.07279873280777113,-0.12751076154783697,-0.03552155276696171,0.06971565776680194,0.125607234316442,-0.15011115320883564,0.09417210259874832,0.05811007591284858,0.053453053175512515,0.07266817914154117,0.15944163201212413,-0.023984443115576515,0.18253776241971634,-0.15070640488982823,-0.2370662856568995,-0.07850018487494693,0.0542555473896114,-0.04560705172390182,0.12714648943017434,-0.23521936211296088,-0.0972213980197839,0.08304582616277212,0.14853172773626333,-0.008807351175667718,0.10463739403926653,-0.11107834589417849,-0.12173353357648574,0.04220900455111906,-0.013688049774726454,-0.126679052527309,-0.215715739933445,-0.07876129220740687,-0.06382522242053801,0.009879169386534712,0.13574385918463303,0.015159745648591526,0.1803986908114869,0.2412951288875093,0.10759721911561303,-0.008694143800755021,0.1606421779638193,0.01894306308115782,-0.18936672342251457,-0.025896187011279655,0.1771211547152241,0.015856336189384982,0.04146128809907471,-0.13357100795646995,-0.058146594420884934,0.1963198473526364,-0.12137291330962674,0.04716913090515687,0.15866835260445433,-0.027913834580288222,0.2558541450789028,-0.0690820616523712,0.06190161000972305,0.08836292093286528,0.1554985461068988,0.12819730949892041,0.11220220297899729,0.1615186221566918,-0.08438605540770631,-0.013502718346441955,0.08734588048405283,0.09878439016373985,-0.13179986031670676,-0.07326708267333738
#49,0.5025056261326444,0.25500965458056213,0.012385252000529519,0.08987387420286944,0.31104547923694575,0.16059652982877384,0.13298762479058918,1.0,0.260960345465086,0.1790694171189636,0.20468532458106425,0.09893502900938982,0.17721153802261408,0.10759813207831394,-0.1252347455344712,-0.08049409541373187,0.1328561581616583,-0.07169861275317597,0.03481857148726189,0.0771462611894991,-0.06864475251863585,-0.0719496774959259,-0.2448419889805402,-0.13095628278106697,-0.020260468258569295,-0.1475612483851972,-0.03371206069376036,-0.10701474891243318,0.078639868168186,0.10817786339339107,0.004755622709034222,-0.12256706852241551,0.12638599150031726,0.11731296817868506,0.11744626073301775,-0.0043831339270634095,0.11061912565562133,0.2347765752030201,0.09329109359237128,0.03889768883492265,-0.0022340197291239668,0.0648450017574532,-0.13391975970821712,0.034925388123268224,0.07597766893233578,-0.04667156623316154,0.17894799307974274,0.019394066655406793,-0.10327707961491234,-0.12083609124149233,-0.062026685899747566,-0.19300761867373908,-0.2124235964339677,-0.09327557322645583,-0.23104438368170468,-0.14179315004085508,-0.19762629697763698,-0.2984246828595818,-0.11498217440326476,-0.017876722646496278,0.07426403794272984,0.12414466806958602,0.11184797345104466,-0.007216970150684494,0.0979426385535019,0.04317857093948427,0.037745529906375676,0.07485289888481605,0.24156993066048288,0.17492182756873467,0.2500915245107661,0.16851282940835452,0.04809213619577572,0.14715954479679733,-0.10819338375930651,-0.2124655927182095,-0.07777164063962166,-0.14292613675268298,-0.08508173298579887,0.020578179278485577,0.09755645533101745,0.047338029004825005,-0.0888175763579179,0.030416265343479392,0.1592818635394651,0.02619563877717776,0.10459539775502472,-0.1010777524684229,0.1026964353371343,0.1207301875681869,-0.0489457563211255,0.17169176553291915,0.05500965458056211,-0.10073082664207754,-0.069805128111491,-0.11281662687670896,-0.18928638270483458,-0.07849470709874148,-0.13444745214934245,0.06570501262170934,-0.0875175174718237,0.14139783719136154,-0.06749989729169614,0.08686474914067385,-0.042417160046926285,0.1389182304956931,-0.024880972487869007,0.020793638475900066,-0.0024850844718739017,0.09379048418976843,0.09500381161927629
#50,0.057654507525095065,0.464185842687397,-0.07827468308782244,-0.06069649924452337,0.23558089534252077,-0.14514737500399422,0.30252845020016705,0.260960345465086,1.0,0.004873394897451464,0.01616309165689036,0.0875293859869355,-0.04048167912099951,0.22607238881255506,0.0594941273674264,-0.07593658561079487,-0.026780847868460335,-0.06790342680549787,-0.07180725531458412,-0.037416863334048485,0.08724636754965376,-0.11425271720523858,0.2889919522337915,0.0783312867752788,0.3081303893329438,-0.5072201655201377,0.24956839688314533,-0.10656739718898785,-0.3012439116799883,-0.15566835716926786,-0.09082335541181465,0.15894589326553063,-0.12268666663623458,0.14661724495245745,-0.02416794861845919,-0.06380970205462255,0.12922347957474198,0.13741458092729622,0.10829289669370558,0.13898305084745763,0.0877868414685918,-0.004361222822241597,-0.023974400525866517,0.062170021043790255,0.18319692148977254,0.08017912328191831,0.12270127403944912,-0.09413101927720743,-0.137927665965207,0.021533138263636238,-0.11747456257674593,-0.21685603034688017,-0.1824501180004291,-0.21194794286679416,-0.14275906457841664,-0.24525099627054736,-0.2643328296822433,-0.3169888664198624,-0.10799892270401293,0.065618281165123,-0.05736783723700968,0.0003807054462789923,-0.03814723349477557,-0.04682037915340969,0.01922882040654229,0.06842472850771682,0.07618217257733935,0.23770353362213387,-0.08382458334664737,0.17184423030397092,-0.24390894110021136,-0.22387762647957019,0.062497774653416535,0.0221475621613479,-0.25769285195853325,-0.21652462488645027,-0.2190644871203787,-0.21227660943912136,-0.13834397695682144,-0.05088123724705227,-0.04269013589449803,-0.11806798833233668,-0.1360013146662893,0.12471526975765405,0.05278476447844723,0.040485330971803145,-0.06237178580069111,0.03049569309845846,0.06148621198080952,0.11448643565667124,0.033051988661003256,0.1393811025850539,0.12556797692030292,0.03183227049258903,0.012406250142650422,0.18434908041831952,-0.19465369042347774,0.2511332149525031,-0.33796144558514063,0.05308421624434534,-0.38976660108551264,-0.09367636385215482,-0.14807615934850982,0.07641771695417383,0.1575791881022701,0.08241314301104229,-0.09358324165666211,-0.05439796957095318,0.0072626182857299364,-0.0811669489243017,0.09278257336796505
#51,0.4567305892717753,0.3508479141084691,0.5276897022372151,0.5151328132489147,0.20571423354498852,0.25480788982366126,0.46065632888568336,0.1790694171189636,0.004873394897451464,1.0,0.7049651476488928,0.10518973647331638,0.23452824934837288,0.1974729192438843,-0.3167067609452816,-0.1331117877179128,0.6893361391720342,0.20661258884268283,-0.09055311845234564,-0.1359775776360657,-0.2047729690003515,-0.35005820137218296,-0.05294453295110628,0.09963801028908964,0.12497181227660945,0.3013443375770883,0.016181350910908533,-0.03077597264763748,0.17587678655388533,0.08456225720898172,0.15000068472202568,-0.09143504042142359,0.39033628981087976,0.2813321951731662,0.2310042133228647,0.04501180004290925,0.05474306947189673,-0.06373757800125075,0.05601391355156185,0.07332916413699918,0.16887436263791442,0.07342685114599642,-0.13969607471686743,-0.1478689168154035,-0.15671826427531302,-0.20263207146672021,-0.09679321851305765,0.08576280316067687,-0.19818959496409774,-0.10972077035792703,-0.004946431913524173,0.00043365728293170584,0.07512039695618236,0.1345350965686297,-0.0869615231869702,0.062165456230285715,-0.07303610311000744,-0.24872116749670192,0.1174088292622805,0.12839542240501764,0.009222749204581247,0.08247978928820864,-0.19783719136154693,-0.19464273487106684,0.09090826094299917,0.07063775009471988,-0.30411335344894486,-0.14131293166017703,-0.04120018076661478,-0.13912364710339759,0.16003870961851854,0.20678696471855643,-0.14111938356758436,-0.1514440787521626,-0.08086749715840359,-0.06116302318468779,0.16823528874727822,0.14089296881775895,0.2071065016638745,0.1447347158631834,0.067030634463429,0.02578937037527332,-0.06317793186559363,0.17563759032624723,0.014569058781103497,-0.013591275728430115,0.21295220183779393,0.02334263033683759,0.11605581853953356,0.0137857367837237,-0.1482295370822625,0.08980996681380582,0.07993536224077566,0.17282657817014885,0.2470687050080569,0.3589942802886788,0.1876877850155432,0.3111121255141121,0.16796870363861285,0.15893493771311973,0.3860417132658045,0.27341133078008095,0.04129238999940658,0.31929227131425547,0.21803192630565077,0.20447534315985522,0.24750053636558678,0.08455495350737445,0.15984333560052405,0.01210588541405141,0.039769568214290604
#52,0.3011590061488038,0.3671981631190458,0.24273487106684258,0.31827066605193843,0.0999438527938941,0.2849320071028498,0.44971538387799165,0.20468532458106425,0.01616309165689036,0.7049651476488928,1.0,0.04073913460265581,0.06099138619691692,0.31987017670393075,-0.24746766970835407,-0.10265626497829432,0.35695654754025025,0.06423149082244245,0.1135844285081733,0.07181182012808866,-0.164210949161672,-0.1574267233312183,0.041107058571122075,0.12596237680709554,0.14413946418219084,0.12268484071083276,0.030110422838674926,0.03581004898044891,-0.10349710362583137,0.2328684831581206,-0.002779058461566553,-0.14564585263869045,0.19439806086722328,0.03870414074232997,0.3425271720523858,0.035257706546399044,0.020399238589107443,-0.06829873965499139,0.17564215513975176,-0.06972478739381102,0.22136515312666902,0.10876946322358,-0.02304865634714494,-0.11115959957455938,-0.034908954794651864,0.05821689254885492,0.07584802822880671,0.17853624690163283,-0.12360510711334888,0.05111404273578403,0.0934271250348067,0.05665298744219805,0.038160014972588294,0.2189741038129887,-0.18338042699265522,0.06455833146936782,-0.05013991153391428,-0.12024814326210703,0.05131032971647943,0.06961249298159923,0.12860449086352577,0.06304737819936367,-0.06692107893931994,-0.017128093231751018,0.17311142253283243,0.13427307627346885,-0.19572368270894291,-0.05466729356772129,-0.08499682745461434,-0.26130361944062774,0.15147055467048895,0.12704515057037344,-0.17253534306855894,-0.2751067025156687,-0.09956314734761511,-0.09876247905891805,0.13675998667074457,0.1755225570259327,0.22964572482391232,0.25052609475639875,0.03897985547800445,-0.0033825268068673055,-0.18184025891622196,0.12738659862051335,0.0611128102361378,0.05316729585012804,0.3135442581493333,-0.08467272569579169,-0.1081404319226538,0.12582543240195923,-0.09683795368540218,0.1538077391848156,0.19165460795099215,0.21818165218859983,0.24044607357566405,0.15960870418639048,0.05050966142778237,0.08649956406031031,0.07309544568556652,-0.015335947449866936,0.2729292864740011,0.20528422811286046,0.0666910123386909,0.23309946272145052,-0.01178634846873331,0.046696216226086086,0.09367636385215482,0.10617391026489613,0.0424189859723281,0.10970068517850703,0.018338681773156156
#53,0.0894986465327959,0.07093172408441253,0.035264097285305405,-0.09438756179616281,0.36625689857440874,0.18430160635787224,0.15437468902208,0.09893502900938982,0.0875293859869355,0.10518973647331638,0.04073913460265581,1.0,0.5051459142636727,0.40574618723952033,-0.24601149420040444,-0.2854788717606942,0.008886778930646788,0.014714219850548006,-0.17361720386913593,-0.06770440093669973,-0.14668845604312836,-0.20897259742453222,-0.22230824359670787,-0.15846111007134803,-0.12852141125774305,-0.015813426942442265,-0.09961153437076328,-0.11495843737304112,0.19203257450916844,0.1427225460703803,0.1572916048514838,-0.09584191137871062,0.016252562001579426,-0.11675606093113065,0.20128453852017875,-0.034531901199176505,0.15778003989647002,-0.029026736112696117,-0.22853921403041078,-0.02463173367052089,0.07012375209410819,0.20338800458307277,0.10189850593653996,0.2328200961349724,0.21707514139509831,-0.012285739066130454,0.1514367750505553,-0.034487166026831974,0.02240227875490147,-0.14370854578736186,0.19267438728790734,-0.20037887952087718,0.07586080970661943,-0.1702018104050359,0.031017907763378327,-0.0007723664449688908,-0.11690030903787425,-0.18333295293220794,-0.10445662742448657,-0.10756800430918395,0.07838058676112787,0.09298707701296864,0.014939721637672492,0.009686534256642945,-0.07213044411070586,-0.048719341571300104,0.1749017423893147,-0.14229527952635496,-0.026110733245993233,-0.1715420396499701,0.05792748337266681,-0.15347542076168477,0.19102101183656142,0.05358360684174248,0.2354603842660008,0.11315077122524159,0.07841345341836059,0.12448063834352048,-0.21263631674327946,-0.3127298954201226,0.4535571309234161,0.47402940652859626,0.39861503558272127,0.5591458320970297,0.43344730151049676,0.1898323343999781,0.08863589678043704,0.14519941387794602,0.18512418575139114,0.4225693509291678,0.28804064509944444,0.3304778903257907,0.16938562175042338,-0.13536680558915765,-0.21815517627027348,-0.10456070517239018,-0.06077501403680153,-0.06220014881292025,0.04551666841651184,0.042372424874581746,0.16500887856226634,0.2959450761639133,0.012118666891864133,-0.1565502791383458,0.22064026074214738,-0.14714128554277914,0.18602345401178635,0.07398193246814902,0.040723614236740355,-0.19403287578685974,-0.20654229071471286
#54,0.0816407765660734,0.22124646797555086,0.13402566338152255,0.017311598734633695,0.4008654886404616,0.6005632979864608,0.1461881524830303,0.17721153802261408,-0.04048167912099951,0.23452824934837288,0.06099138619691692,0.5051459142636727,1.0,0.3887687328534193,-0.29108263681887275,-0.1958871030324056,0.17280375410262613,-0.11442618011841127,-0.369088908872628,-0.2229427526738395,-0.24135173257496564,-0.278839806999685,-0.3200555081322153,-0.2070206831699891,-0.13285798408706012,-0.023630213587623877,-0.2239716616377638,-0.21719656543431917,0.5991144261801185,0.30768486353490027,0.5112919791661912,-0.3356781258701676,0.24091716232933302,-0.1505676345592901,0.17763880456663944,0.36578215796993613,0.1356479981010376,-0.030688328228350232,-0.10797701159919111,-0.2632098855601254,0.066319436519421,-0.004481733898761566,-0.06018706605741622,0.2500988282123734,-0.15317962084659031,0.054357799212113186,-0.004931824510309631,-0.11378893215317688,-0.11918545467824912,-0.25037362998534696,0.030535863457298452,-0.19894096326694574,0.010945509821196254,-0.21924616669785957,0.024188946760580095,-0.03230518517165981,0.09138847932367723,-0.012542281585085841,-0.13886162680823674,0.043242478328547884,-0.2424071174572163,-0.19642757695134366,0.02307148041466766,0.11939726202485998,-0.17455572952567022,-0.10738541176900218,0.08659998995741029,-0.04219074529710089,-0.024427230025517308,-0.10205188367029265,0.15187773603509427,-0.0035012119579854563,0.3810605887696458,0.10285346492169062,0.3019952799828363,0.18759283689464867,0.33529650746118767,0.25633345049687994,0.012600711197944007,-0.14756398727329995,0.20684082951791005,0.48740796194771463,0.37098239351431295,0.22253648427193506,0.4451387018583356,0.24749505858938134,-0.10905887239976811,0.18468322476685214,0.4049464319135242,-0.11272624356931897,0.3029557167441924,0.051366933403935784,0.3777803137852803,-0.0808373693892736,0.009191708472750346,-0.12968361277600005,-0.006134196387406593,-0.016605878566831152,-0.10671164529573145,0.0029945176589810424,0.1302167829933308,0.4507853761634568,-0.16344953826911401,-0.11357712480656602,0.15335399672246391,-0.06854889143504042,0.12125422815850859,-0.0505744817795469,0.11624023700511715,0.026166423970748674,0.1319806269314867
#58,0.0937877453016657,0.11477128001935481,-0.013551105369590125,-0.03371753846996581,0.3834297269785043,0.2876508100261564,0.3450706861371179,0.10759813207831394,0.22607238881255506,0.1974729192438843,0.31987017670393075,0.40574618723952033,0.3887687328534193,1.0,-0.12529408811003026,-0.29541190594658256,0.1112143773366139,-0.09665992595872495,-0.044692263097591146,0.0014406551420341723,-0.15574048122263964,-0.20252069001720935,-0.0658255236982293,-0.14481140473005974,0.02702369594690209,-0.18749697581105323,-0.07279599391966841,-0.19776780619627785,-0.13891457864488946,0.26272692829134464,-0.0327370165291897,0.051244596402013995,-0.02668042197136036,-0.1260509341890837,0.27791314985826254,0.1085010521895128,0.2773708500139227,0.206300355598972,0.1565411495113367,-0.09242286606380697,0.20763602003040166,0.07400293061026991,0.15774352138843367,0.25453856582689316,0.20518106332765776,0.13585067582063934,0.12355306823939707,0.028160334509533612,-0.06298347081030005,-0.05913715895137104,-0.023081523004377658,-0.03696951161060315,-0.2792479013269913,-0.12913583515545474,-0.2346761493059201,-0.0718465127107232,-0.05988670132881721,-0.08542500696134059,-0.14299460895525112,-0.0683608211186532,-0.04866182492114285,0.08646943629118033,0.29034861480734203,0.29315049733643134,-0.05940556998543824,0.03284109427709331,0.2745415786038061,-0.021821634477123437,0.012497546412741308,-0.1594881931098705,-0.017796381928816298,-0.08751386562102005,0.15137651951229533,0.006021901975194803,0.2809587934284945,0.11875727517152286,0.101066796916012,0.00045282949965079174,-0.10925515938046351,0.0022340197291239668,0.38601615031017905,0.21413814038627452,0.030663678235425693,0.4210355735916409,0.34483240287218064,0.11273354727092624,0.08396700552798915,0.215445502973976,0.08717972127248741,0.30792679865064115,0.2725056717807794,0.20296165100174832,0.299944765756595,-0.22502065578110805,-0.03408637540113299,0.04004893480076872,-0.17340265763442234,0.11603025558390812,-0.1936074351682362,-0.06404889828226068,0.01845554099887249,0.1869154185705743,0.04500632226670379,0.04549475731169003,0.06285291714407008,-0.13078829764409974,-0.15392368544783103,0.23265119803530426,0.19564334199126296,-0.1923685447831029,-0.14502686392747424
#101,-0.16990601048994144,-0.35974199674072316,-0.4070736350066418,-0.2077346200020998,-0.1402082467920773,-0.23792538355845472,-0.1480222945491562,-0.1252347455344712,0.0594941273674264,-0.3167067609452816,-0.24746766970835407,-0.24601149420040444,-0.29108263681887275,-0.12529408811003026,1.0,0.6221429973478434,-0.19145740800759584,-0.1407414170094081,0.290479168473572,0.04708513833667326,0.3886783495460293,0.24454710202814664,0.31991856372707894,0.04676925324215879,0.07139824802457695,-0.10220982621754988,0.05962559399635728,0.09217727909726248,-0.18209314958437373,-0.015504845549535073,-0.23691655977395043,0.15055394011877646,-0.351870432333487,-0.14667476160261472,-0.003216367595301894,-0.028836839870907075,-0.020960710650166386,0.06904006536812939,0.11538113910356193,-0.039298479460621635,-0.009301263996859408,-0.011992678039138711,-0.124225008787266,0.0019099179703013234,-0.11265868432945172,-0.10965047222995704,-0.20488982822606783,-0.144498258523648,-0.14017172828404095,0.012462853830106771,-0.31150561243820385,0.02863416215130531,-0.33946965996704204,-0.06537269419857852,-0.03742416703565576,0.005540770631815837,0.15196811934248428,0.1393947970255675,-0.17281562261773795,-0.22618559618746775,-0.010795783938247204,-0.017632048642652703,0.20508976705756687,0.2568483614601925,-0.2414996325325129,-0.13956369512523567,0.1380710011092497,0.04467217791817115,0.3382709399407487,0.4596055088169373,-0.11613615925721354,0.06399229459480434,-0.02254378797354234,0.037933600222762896,-0.02610616843248869,-0.13860417132658046,-0.1590043228783888,-0.21092816352987898,0.1268251265594544,0.1596014004847832,-0.16207096459074163,-0.28780966553611453,-0.17384818343246586,-0.3366622996617473,-0.43598990263252796,-0.24657753107496794,-0.22639192575787317,-0.0537707641954288,-0.10758626356320213,-0.23597346930391158,-0.21160923370475698,-0.35205211191096786,-0.25587970803452825,-0.19051157864945428,-0.2208484162379546,-0.16305513838232139,-0.053929619705386934,-0.12934764250206557,-0.030637202317099335,-0.13785280302373246,-0.2625625950051811,-0.3011836561417283,0.09609571500956328,-0.06882734505881762,-0.2416338380495465,-0.2344278234512729,-0.38400580644277776,-0.1279270725394514,-0.23250603696585975,-0.02320568593170126,0.03546677500490718
#102,-0.021487490128590796,-0.11375332660784143,-0.10914560385635445,-0.03958971456221156,-0.3798518261536425,-0.15081139560043275,0.050617391026489614,-0.08049409541373187,-0.07593658561079487,-0.1331117877179128,-0.10265626497829432,-0.2854788717606942,-0.1958871030324056,-0.29541190594658256,0.6221429973478434,1.0,-0.1423500572884095,0.030253757982717615,0.27786293690971253,0.10299040932682696,0.32500559189654304,0.28980448903760037,0.221405323485509,0.2882926228048953,0.17435122588066665,0.0651745812924813,0.11692404606809789,0.23078601523734749,-0.02889526948376524,-0.09231787535320245,-0.0891891521771878,-0.038955205485079906,-0.15057676418629917,0.010187750779441906,-0.22476320029945177,-0.062165456230285715,-0.12530686958784298,-0.02296648970406314,-0.055645989583095586,0.10228103730822077,-0.16058648723906385,0.07771960176566986,-0.26870683398229767,-0.04095550676277121,-0.33023139039654537,-0.28891800225501785,-0.15405058726325735,-0.028707199167378017,-0.08289792620522489,-0.12208319829093382,-0.10051901929546668,-0.04989341160466889,-0.07806561462931431,0.025290892740577085,0.005455865100631314,0.17974500951763617,0.008442166095304177,-0.10614195657036432,-0.18875869026370928,-0.1279599391966841,-0.10169765414234001,-0.14417233083942355,-0.21201824099476416,-0.06836173408135411,-0.005330789210606801,0.018429978043247044,0.03371571254456399,0.11821223643908028,0.2877859285058909,0.39898661140199115,0.09015324078934756,0.16663577809528593,0.09264928081363236,0.013877033053814587,-0.061658761931281295,-0.04377382262047684,-0.061660587856683116,-0.03923092022075438,-0.02138889015689264,0.23353585889248496,-0.11908320285574733,-0.13244532494624933,-0.017464063505685475,-0.3086955132448064,-0.3973587989062707,-0.2580087370530477,-0.261872395203294,0.02239406209059329,0.08695878429886747,-0.3424440924466031,-0.28868702269168794,-0.31034980165885323,-0.14481414361816247,-0.05186814992673474,-0.00205599200244674,0.009164319591723081,0.19200244674003844,0.04425769285195853,0.11259934175389265,-0.04608361825377624,-0.12349920344004346,-0.24840345647678563,-0.03096678185212743,-0.15182204531033885,-0.09596972615683787,-0.14222041658488044,-0.12377674410111975,-0.2285602121725317,-0.07229386443416855,0.06548590157349121,0.02476867807565722
#201,0.3744105684562257,0.11771284584168314,0.5359593183820475,0.457304842810647,0.3162155870121926,0.1921439559586793,0.2811076063487426,0.1328561581616583,-0.026780847868460335,0.6893361391720342,0.35695654754025025,0.008886778930646788,0.17280375410262613,0.1112143773366139,-0.19145740800759584,-0.1423500572884095,1.0,0.3174608681362323,-0.25428932700954504,-0.32288843139313544,-0.15920882652339238,-0.4247065966119954,0.02946130635832873,0.11874084184290651,0.1317934695778004,0.21890471864771965,0.06570409965900843,-0.05397435487773147,0.28025581214879464,0.13986953763004012,0.251214468632884,0.013780259007518248,0.23993116261235148,0.28123359520146807,0.11738144038125323,0.24309183948289792,-0.042238219357548144,0.032739755417292425,0.02873458804840528,0.11464346524122757,0.024418100398508218,0.14034427823451273,-0.15137195469879078,-0.10633915651376064,-0.229037691665107,-0.1946682978266923,-0.12050103393025878,0.09947276404022513,-0.2255383056325234,-0.0938918230495693,-0.07754248700169354,0.0725878384238612,0.04808391953146754,0.10310361670173965,-0.11032149981512505,0.033089420131740516,-0.03881095737833631,-0.20697686096034545,0.21674282297196748,0.0861362049053486,-0.05220229427526738,0.08904216518234148,-0.14188901112445051,-0.12396846626831061,-0.03011498765217947,-0.04936571916354358,-0.2382239223616519,-0.1495487681850758,-0.11119794400799755,-0.19525898469418032,0.0077455755545107205,0.0644323426166424,-0.26054951224967704,-0.038544372269670925,-0.12075392459841053,-0.04686420136305331,0.015797906576526816,0.09271136227729417,0.37575810140276716,0.1813363035053203,0.06009759571272716,-0.05938639776871916,-0.06390191128741435,0.0939319934084093,-0.1217618354202139,0.07561704866547678,0.22053344410614104,0.10467391254730288,0.22463629848402544,-0.13621403497560108,-0.23206964079482534,-0.13358378943428267,-0.1170482089954215,0.08881301154441336,0.15638229400137857,0.5366622996617473,0.11116964216426937,0.42143362532923717,0.04979207274486801,0.05989217910502266,0.2950786745607508,0.39019112874143524,0.17702346770622687,0.491561029274149,0.21954561846375767,0.22077081440837734,0.1544979389867027,0.004569378318048816,0.12257345926132188,-0.12544016214217568,-0.020062355352472076
