,#10,#11,#12,#13,#17,#18,#26,#49,#50,#51,#52,#53,#54,#58,#101,#102,#201,#202,#301,#302,#401,#402,#501,#502,#601,#602,#701,#702,#801,#802,#901,#902,#1001,#1002,#1101,#1102,#1201,#1202,#1301,#1302,#1401,#1402,#1501,#1502,#1601,#1602,#1701,#1702,#1801,#1802,#1901,#1902,#2001,#2002,#2101,#2102,#2201,#2202,#2301,#2302,#2401,#2402,#2501,#2502,#2601,#2602,#2701,#2702,#2801,#2802,#2901,#2902,#3001,#3002,#3101,#3102,#3201,#3202,#3301,#3302,#3401,#3402,#3455,#3501,#3502,#3601,#3602,#3701,#3702,#3801,#3802,#3901,#3902,#4001,#4002,#4101,#4102,#4201,#4202,#4301,#4302,#4401,#4402,#4501,#4502,#4601,#4602,#4701,#4702,#4801,#4802
#10,1.0,0.7328671137140692,0.61409340521393,0.7923886299625229,0.005600113207374913,0.14768541131252083,0.3965252639603409,0.6870573842705656,0.26219284511131297,0.7259541601427874,0.5199514303843117,0.11812459201979303,-0.005021294854998699,-0.007125673880593608,-0.10801626899533019,0.08237571154030503,0.6926282826715114,0.32004546554250524,-0.048652695294133755,0.028188636353261787,-0.038988072142312626,-0.14166350933732602,-0.15680499573189938,-0.18795437012420857,0.09537538743854619,0.1528390857591513,0.11086836447296945,0.1408153669881817,-0.2544910917664459,-0.12640790260513907,-0.08622658821273857,-0.05879844978933386,0.04175252320066464,0.04562622394062091,-0.30175151894169366,-0.14103721692450255,-0.10022413234307312,-0.019195040786608664,-0.15270031542861318,-0.012111363190256862,-0.18832959779428213,-0.28900473371160423,-0.3112015958588012,-0.12793437624105866,-0.3507538789502755,0.02856842883683987,0.06116850096089324,0.18502558577969297,-0.18282625863320354,-0.14882204987515235,0.0007203275710170861,-0.04880516006518554,-0.02328511368668033,-0.13179255661509948,-0.162357634878827,0.06667457901007455,0.011384644880333413,0.015960413937288594,-0.10352997028306409,-0.4103612136926146,0.11296817868505982,0.06598437920818745,-0.13674629223023094,0.0715260628027042,0.29402055079039746,0.2721925255743677,-0.20762962929149528,-0.0385416333815682,0.2845932979408126,0.24000967740462964,0.38995101955109623,0.444964325982462,0.08667211401078209,0.2122090501992541,-0.12647454888230542,0.0608754399339015,0.10448766815631748,0.3388661916217413,0.17083175466866302,0.07033647240341996,-0.1592517357703351,-0.3040759219782076,-0.03266397951311699,0.08621289377222494,-0.06396947052728161,-0.27941953831476213,-0.13479894278919236,-0.07005893174234366,-0.15625447922325134,-0.25284958483021175,-0.12025179511291066,-0.05879571090123113,-0.014016716347053641,-0.27715173896570455,-0.3610676185824428,0.311354060629853,0.2176010079108218,0.34987195698119755,0.30253849278987704,0.17649486230240063,0.2110532394199035,0.19651796025873364,-0.11766628474393678,0.3600222762899022,0.43158485760064275,0.28289062250361763,0.21407605892261272,0.1310110605431215,0.042405291531814465,-0.09531969671379076,-0.21346528687570468
#11,0.7328671137140692,1.0,0.5470709874148092,0.7031346574335705,0.039265612803388916,0.24146859180068198,0.5779044767126039,0.6410705400630857,0.42147196976267537,0.6777214276910717,0.5799239502070143,0.10988875549489426,0.060749451081176076,-0.012277522401822274,-0.23013324690619766,0.3115384790954366,0.5341361318683325,0.20930308992226124,0.058353836953991246,0.1949476644131704,-0.09269949376218235,0.026908662646587575,-0.1360104442932984,0.014130836684667247,-0.00957150095632843,0.09174179588892896,0.052305459060470086,0.2001031647852027,-0.20635513336102654,-0.06372844837424167,-0.20542208548069768,-0.128381727964504,-0.06377135762118438,-0.07410153058196807,-0.2620275988624485,-0.19626141773977823,-0.1361254775936129,-0.07191133306248773,-0.15855788411764438,-0.06629204763839373,-0.1195944619682563,-0.20115946263015425,-0.2161557879552831,-0.02170112340060347,-0.23283561650088785,0.16927150141280978,-0.06903093574112029,0.05478780464424126,-0.19217043187700567,-0.05925493113978828,-0.036069330387507016,-0.04792597698421031,0.028264412257437223,0.0068855646902545795,-0.16143189070010544,0.10486746063989556,-0.15847023969835713,-0.08823967096824259,0.03627657292061333,-0.25606230057471,-0.025056261326443507,-0.05703095400037431,-0.18902436240967374,0.23703889677587223,0.2836629889485865,0.2346560641265001,-0.2058338316588076,0.08695878429886747,0.13219152131539666,0.18567470226003915,0.2791219124742659,0.29636230011822867,0.06286387269648099,0.007340220115307189,-0.24072544016214217,-0.14523593238598237,-0.14376880132562184,0.11354517111203422,0.16436889170892924,0.20512628556560322,-0.10410604974733757,-0.1929345816576664,-0.06156929158659223,0.1130375638503289,0.012338690902783167,-0.24326621535877152,-0.132638873038842,-0.11679988314077429,-0.06472996845713869,-0.15234608590066054,-0.1335993098001981,-0.12345538123039983,-0.05864963686908571,-0.12383517371397791,-0.21068622841413814,0.2705674519667499,0.178564548745361,0.1282566520744795,0.23473914373228283,-0.050224817065098806,0.08386201481738463,-0.0012498459375442216,-0.16522251183427902,0.0929213436985032,0.29890124938945617,0.06073758256606426,0.14363368284588734,0.028994782418164305,-0.15620335331200044,0.036096719268534284,-0.04301788950412431
#12,0.61409340521393,0.5470709874148092,1.0,0.7357739869537631,0.1536424929359511,0.3992349372566384,0.5765195122953252,0.24240072671830992,-0.08814380988464716,0.6219631436957643,0.49152451076611264,0.10969155555149794,-0.0004975646719953256,0.03601820447625612,-0.49346364354284306,0.15321522639192575,0.6939484267370256,0.6907110609996029,-0.48525702182437336,-0.241107971533823,-0.5176270273477978,-0.2869478287464566,-0.09911762154957159,0.011425728201874312,-0.1553972072470979,-0.056422007878868106,0.35741485481610646,0.27752514071037626,-0.24972633943040257,-0.057093035464036115,-0.1871838296046415,-0.23788064838611017,0.0660720236274747,-0.1475073835858436,-0.5677295074109747,-0.2774146722235663,-0.38879155692094197,-0.10965686296886341,-0.46374670762825987,-0.08779049331939544,-0.2989852419579398,-0.2638690446301816,-0.39327968155860993,-0.11253086955132448,-0.1717885395792155,0.14728918550032638,0.2645975888655069,0.29772078861718104,0.11010695358041148,0.02919198236156062,0.18617226693203448,0.07271017542578298,0.20968288240583932,0.04115453263156934,-0.37116316012909295,-0.07390615656397358,-0.16199884053736985,-0.22315456002045037,-0.04780363998228852,-0.2500294430471043,-0.010139363756293736,-0.04262988035623805,-0.21431251626214812,0.22101640137492182,0.4313639206270228,0.2054549521379304,-0.322472120401521,0.03854619819507274,-0.006619892544290103,0.1440226049564745,0.4696672707436538,0.3390332637960076,0.0335513792584004,0.2371804059945131,-0.3700155660140505,0.09247581790045968,0.054458225109213165,0.31770462917737496,0.0863845307599958,0.16004966517092944,-0.277868414685918,0.0772695111541218,-0.1892042160617528,0.16419451583305564,0.011696878124044243,-0.06061433260144157,-0.019806725796217596,-0.1225451574175937,-0.17842577841482285,-0.09573874659350792,-0.03037883387274213,-0.012927551844869378,-0.0424290285620381,0.003723061894306308,-0.17688652330109053,0.48708751203969564,0.20334509533613004,0.690589636960382,0.5220366371931875,0.44898501371726457,0.4881775895045808,0.48625671598186854,-0.22386667092715928,0.5911296543979696,0.618891024207206,0.5015041060497474,0.5374109290764926,0.06580543851880931,0.1344958391724906,-0.08339183902641657,-0.1214623836543158
#13,0.7923886299625229,0.7031346574335705,0.7357739869537631,1.0,0.06864201363053313,0.3025111039088498,0.547563074310599,0.472249129261824,0.10346423696859865,0.8307129782212748,0.5488713498610014,0.16064582981462291,0.009511245418068444,-0.1731607225186815,-0.3709367453792675,0.25560581922425557,0.7302414329862553,0.3325192749250229,-0.2406578809222749,-0.008370042041932377,-0.28786444329816907,-0.10570647336203079,-0.16479981010375822,-0.05791105004405045,-0.06941072822469838,0.0381399297931683,0.30195602258669724,0.2651882757329949,-0.21855140208246793,-0.0017026754371950133,-0.19827450049528225,0.037577544769408444,0.14480136214034975,0.06275888198587647,-0.3991792465318829,-0.1345250539789197,-0.13741458092729622,-0.04097741786759302,-0.20558276691605765,-0.11192648824332282,-0.18523100238739745,-0.19296014461329183,-0.30510483094213187,-0.16149123327566453,-0.21946253885797495,0.1227104036664582,0.23598716374442522,0.3102868072324905,0.0064144759365856105,0.02856203809793351,0.14829892224753158,0.05947586811340823,0.1739330889636504,-0.00016250736076177608,-0.18854688291709842,0.0004838702314816928,-0.11630505735688168,-0.049287204371265415,-0.04596402013995718,-0.3235256793583698,0.011317998603167068,-0.09585743174462608,-0.15676208648495665,0.3017606485687027,0.35497815736738075,0.282556478155085,-0.29523479118260626,0.025173120552159842,0.057763150086503214,0.21240077236644497,0.35555332386895333,0.3672392464405867,0.10374542948047857,0.19794400799755327,-0.23512532695476726,0.015216349336047876,0.04291472471892161,0.2206229144508301,0.12236530376551466,0.26630756800430916,-0.18361962322029335,-0.12394107738728334,-0.0415425417794556,0.0828887965782158,-0.07087785928505891,-0.2923872605184715,-0.2439555021979577,-0.11081449967361584,-0.17232992646085443,-0.215064797527697,-0.1109140126080149,-0.10401657940264851,-0.09176096810564804,-0.20636426298803562,-0.3608804612287565,0.27023239465551635,0.09835803658241543,0.3713338841541629,0.35929555797997875,0.25754312607558416,0.3073881506571049,0.2194050222078177,-0.18149607197797935,0.3591449191343288,0.43925830910178165,0.36361661044338034,0.3010284524825738,0.06183496373255671,-0.05468190097093583,-0.009407167670164836,-0.08630966781852127
#17,0.005600113207374913,0.039265612803388916,0.1536424929359511,0.06864201363053313,1.0,0.6153523807784833,0.137827240068107,-0.006346003734017447,0.03157846686173636,-0.015020975318053381,0.04597497569236809,0.5590307987967151,0.3759023495095108,0.34533909717118505,-0.25136328155313215,-0.31194018268383644,0.0040060803315880526,0.3387621138738377,-0.3590034099156879,-0.2366225857842578,-0.3222365760246865,-0.14123898168140342,0.10667421382499417,-0.05037545591074877,-0.08087206197190813,-0.0027032825573911176,-0.08065934166259638,0.0014844773516777972,0.3456915007737359,0.4177142152857345,0.2308389670740002,0.04997010047154524,0.003938521091720798,0.1841920508337632,0.10934189083704986,0.05763259642027325,-0.08553730137355238,0.2034007860608855,-0.07105862589983886,0.06441682225072695,-0.2949609023723336,-0.06632674022102827,0.02864876955451985,0.052143864662409216,0.10232942433136895,0.07404949170801627,-0.1556409682882406,0.0095477639261048,-0.05877562572181114,-0.09357593795505485,0.007206014598273588,0.06265389127527195,-0.013477155390816509,-0.2045693783180488,-0.3530180264485294,-0.31858746410915384,-0.15837985639096716,-0.1367946792533791,0.011462246709910667,-0.08439062022121087,0.27182003679239686,0.27061492602719717,0.1974619636914734,-0.16001223370019219,-0.03720414302473672,0.004660674588139702,0.1696449031574815,0.12504758818078487,-0.05146918522643757,0.08164351545417611,0.13005884044607358,0.055316410048067484,0.03746068554369211,0.39277755207311005,0.010536502531189089,0.1262033989601355,0.08750199710590824,0.03548777314702808,0.10773416352074935,0.20565762985753216,-0.16764734076789292,0.3126249047095181,0.24934472102142266,0.4889335226209333,0.5646281731159873,0.4216363030488389,0.3705195214249522,-0.2480063177018903,-0.07042502978540811,0.30051354151926124,0.31211455855971004,0.3658679764638216,0.29290308444448504,-0.042605230363313505,-0.035370000958610835,0.024470139272460025,0.10479898843732739,0.1534270337385366,-0.009735834242492023,0.1688825793022226,0.18256058648723905,0.24078295681229944,0.38750610543806235,0.054773197241026715,0.1832763492447516,0.07164292202842053,0.19793031355703963,0.2727220439408948,0.09107168126646185,0.2542363751728923,-0.058824012744959304
#18,0.14768541131252083,0.24146859180068198,0.3992349372566384,0.3025111039088498,0.6153523807784833,1.0,0.30610178621152434,-0.03672666353216139,0.012395294590239516,0.1957821123218011,0.3528555190877677,0.4807515508953882,0.3767824455531869,0.15861905261860526,-0.2679271638357215,-0.0959122095066806,0.22193849370283977,0.28220133566443145,-0.3120040900729001,-0.22578297963636695,-0.370871925027503,-0.10173234672497455,-0.11364011923292874,-0.1065117064642324,-0.2689387265083285,-0.061550119369873146,-0.012697485244240346,-0.007333829376400827,0.28314168724636757,0.5365563959884418,-0.07100202221238251,0.00562567616300036,0.10356648879110043,0.08356530193958926,-0.0727521717100248,0.047871199222155776,-0.055666987725216485,0.30106862284141384,-0.05925858299059192,-0.07764199993609261,-0.3864808483249417,-0.04356201527386599,-0.08690583246221475,0.0857445439066587,0.08637814002108944,0.15113093254575086,0.1448972232239452,0.2170742284323974,0.08308599652161211,-0.04025709029657593,0.10761913022043484,-0.03489069554063369,0.09327922507725947,-0.13710965138519265,-0.295127061583899,-0.2637403168893535,-0.24809670100928027,-0.13854300282561957,0.01871938721943515,-0.12352294047026709,0.08960820205690496,0.006156107492228405,0.1539300761867374,0.050124391167998834,-0.04659396440358429,-0.12132087443567494,-0.122441992632391,0.12492342525346127,-0.06227227286629205,0.11470098189138482,0.0948604764752336,0.10187842075711996,0.02501517800490261,0.3355557888682458,-0.045324033286620075,-0.0026494177580374955,0.008514290148675975,0.012189877982535024,0.0944679025138428,0.1940292239360561,-0.24210675272861729,0.31865502334902107,0.20268593626607384,0.5502307513226548,0.42189741038129885,0.23937516832749797,0.0965914537561568,-0.27627346884743026,-0.13048701995279982,0.06145243236087589,0.20019902586879812,0.17420880369932487,0.10748492470340124,-0.07553579498509588,-0.14539204900783778,-0.041122578937037524,0.006902910981571848,0.1673570186290039,0.12074388200870054,0.18565005226711462,0.14478858066253703,0.004848744904526926,0.18223283287761277,0.1458065340740504,0.3282767372538995,0.2460799664029726,0.2758662874828249,0.15802836575111723,-0.010076369329931025,0.21362688127376556,0.030289363528053063
#26,0.3965252639603409,0.5779044767126039,0.5765195122953252,0.547563074310599,0.137827240068107,0.30610178621152434,1.0,0.3144727412161576,0.16813121099937461,0.5521032378222188,0.6305650782637275,0.14009138756636097,0.08541770325973333,0.028858750975728886,-0.3456814581840259,0.36603139678728425,0.4160215824382495,0.31223872148703363,-0.23324918860439955,-0.005381915121857697,-0.2783321997379797,-0.00361807118370179,-0.13224903796555393,0.09259267712617601,-0.1521762748382915,0.018142394792460752,0.19194310416447935,0.3143869227222722,-0.1640365732857984,0.044321600241022156,-0.27486111554912424,-0.13105396979006423,-0.1252676121917039,-0.10450410148493383,-0.4240876079007792,-0.29660971301017497,-0.24093907343415485,-0.033211757133662305,-0.22086667549197278,-0.074072315775539,-0.18777451647212953,-0.14402625680727815,-0.31200956784910555,0.03880730552753267,-0.12301350728315995,0.14440057151465077,-0.005750752053024874,0.16772585556017108,0.091921649541008,0.14213094624019135,-0.05377806789703607,-0.07851570524086239,0.07519617286035779,0.007732794076697996,-0.210136624868191,-0.013027064779268443,-0.06622996617473192,-0.007711795934577093,-0.05137606303094487,-0.10681298415553232,-0.1441038586368554,-0.10538967530481543,-0.1562407847827377,0.2768084649901628,0.28332701867465204,0.11033154240483505,-0.17646656045867246,0.15346446520927387,-0.043187700566493355,0.021625347496428034,0.2229719674802686,0.2376250188298557,0.12281448141436181,0.13785462894913428,-0.2735473622225164,-0.02856203809793351,0.029914135857979522,0.20646834073593923,0.14133666869040065,0.31853177338439836,-0.13676820333505274,0.004457083905837027,-0.07849927191224602,0.17890690975820184,0.016698087799622948,-0.07902605139067044,-0.04855226939703378,-0.13756248088484346,-0.16048697430466477,-0.1492922256661204,-0.027977741969351842,-0.08399439440901642,-0.045496583237091846,-0.029474087836141454,-0.19723463597894708,0.19200153377733753,0.19743366184774522,0.16613364860978605,0.28644204741015306,-0.04293663582374342,0.10598036217230344,0.10952904819073617,-0.12149251142344579,0.11418972277887587,0.23167158905722907,0.047921412170705766,0.17641452158472065,0.010617756211569976,0.03205959820511533,-0.08771836926602364,-0.12141125774306491
#49,0.6870573842705656,0.6410705400630857,0.24240072671830992,0.472249129261824,-0.006346003734017447,-0.03672666353216139,0.3144727412161576,1.0,0.6169336321764575,0.49894963641260437,0.37624836237315523,0.24943327840341084,0.1513555213701744,0.0604216974715498,-0.011170098645619833,0.08171929135835156,0.39954169272414375,0.15097572888659633,0.21861804835963428,0.1896470029716936,0.09773357009499377,-0.021533138263636238,-0.07962860677327027,-0.08922201883442052,0.3054024567826282,0.28911885404921783,-0.045080272245477414,0.04244089707714991,-0.09984616578489686,-0.1559185089493169,-0.001366705163260555,-0.037268050413800345,-0.038371822319199146,0.02091871436592458,-0.06047556227090342,-0.14725905773119638,0.014977153108409755,-0.07505101179091328,0.0511423445795122,-0.0020331679349240186,-0.003655502654439053,-0.21405962559399636,-0.23567401753801348,-0.22453678554962636,-0.39787370986958326,-0.03052216901678482,-0.15748332701867465,-0.05240132014406551,-0.4269634404086421,-0.29423418406241014,-0.18668626493264617,-0.22146010124756352,-0.23478570483002917,-0.1888326402424829,-0.12170523173275756,0.09797550521073461,-0.018548663194365194,-0.18610744658026995,-0.2999237676144741,-0.43111742069777736,0.19745192110176338,0.21531494930774603,-0.13907617304295034,-0.020852068088758235,0.2742969045999626,0.19313817233996905,-0.023680426536173863,-0.03992933668694965,0.3038385516759713,0.17794373410874298,0.3484239981375561,0.33640027936658645,0.31435679495314217,0.08151296178794615,0.06342717068294175,-0.011342648596091607,0.07542623946098682,0.2456344406049291,0.14300465154496114,0.05791835374565772,-0.15930651353238964,-0.41515974564859154,0.05090588723997681,0.18703227779629064,0.030900135574961084,-0.12348094418602527,-0.13237046200477479,-0.05538214336253292,-0.04044516061296316,-0.24117553077369025,-0.22000118685151118,-0.1966886842838036,-0.09450442102187916,-0.32607375825660645,-0.37715493433515773,0.23179392605915086,0.292973382572455,0.019313725937726813,0.24472512975482386,-0.10913921311744809,-0.14166898711353149,-0.03284931094140149,-0.11617267776524991,0.03737121519900304,0.23325740526870775,-0.02503891503512624,-0.061215975021340505,0.20138405145457783,-0.024937576175325358,-0.07356014370032912,-0.30412430900135573
#50,0.26219284511131297,0.42147196976267537,-0.08814380988464716,0.10346423696859865,0.03157846686173636,0.012395294590239516,0.16813121099937461,0.6169336321764575,1.0,0.17252530047884893,0.3636859956086494,0.27591010969246854,0.18749606284835232,0.200330492497729,0.18816891635892216,0.05404465300570145,0.006832612853601866,-0.12248855373013735,0.3339882319107853,0.22356448027315845,0.2424281155993372,0.12963339982745006,-0.18391268424728507,-0.1621914756672616,0.0443681613387685,0.09337691208625672,-0.37615615314036344,-0.22204987515235064,-0.07727498893032725,-0.05094057982261135,-0.1299894552808045,-0.06447890371438875,-0.16843522757877727,-0.014601012475635307,0.038400124162927325,0.04610279047049533,0.07205101635572679,0.06957323558546015,0.09030387963499752,-0.014371858837707186,-0.029339882319107852,-0.04236968598647902,-0.09319431954607495,-0.008014899551278832,-0.20587035016684394,0.013651531266690099,-0.29084526651663645,-0.1659629245847161,-0.39933262426563565,-0.26574792186865204,-0.2539077086005651,-0.3375451345935262,-0.37122432863005383,-0.282035176452866,-0.10088603030123204,-0.0022175864005076072,-0.010249832243103708,-0.060950302875376026,-0.14058438742485177,-0.22102187915112728,0.09262097896990419,0.0746511341279152,-0.01585998804018862,-0.005637544678112175,0.0171262673063492,-0.04211679531832727,0.08413864251576002,0.11349678408888605,0.28859755234699885,0.18717469997763242,0.1668923206142413,0.20940899359556664,0.311053695901254,0.009398038043155747,0.18352923991290335,-0.10067239702921937,0.023877626479570178,0.06906836721185756,0.08821684690071988,-0.04747588637266224,-0.011664011466811524,-0.19193488750017118,0.2168487266452729,0.29619340201856054,0.08619737340630948,0.09380326566758115,-0.07022417799120817,-0.12502567707596307,0.09100412202659461,-0.12529956588623573,-0.21300789256254934,-0.13240880643821296,-0.05990496058283539,-0.22365121172974478,-0.1660377875261906,-0.05157600186244391,0.04630546819009709,-0.2953151319002862,-0.14415133269730265,-0.3089109724422209,-0.3620125349778835,-0.3483171815015498,-0.1542623946098682,-0.20163694212272956,-0.08473937197295804,-0.26962344853401016,-0.3499796865799048,0.12298885729023541,-0.16530011366385627,0.09128622750117545,-0.1137496747570378
#51,0.7259541601427874,0.6777214276910717,0.6219631436957643,0.8307129782212748,-0.015020975318053381,0.1957821123218011,0.5521032378222188,0.49894963641260437,0.17252530047884893,1.0,0.6375711540305021,0.20107364413626883,0.07941953831476214,-0.10634828614076972,-0.38800367011005765,0.14927122752399952,0.763959884418922,0.3251251900103621,-0.2287145028689853,-0.11178589198738285,-0.248039184359123,-0.1445576010992071,-0.006903823944272757,0.08645756777606851,0.027989610484463658,0.03154286131640092,0.3820684995914492,0.2702497409468336,-0.11835648454582388,-0.08248161521361044,-0.16357370119643763,-0.07584072452719944,0.0907256684028174,-0.02820324375647633,-0.3102849813070887,-0.3406501207393172,-0.042383380426992655,-0.16825537392669823,-0.007047159088315447,0.038560805598287284,-0.11148004948257839,-0.2522351609325001,-0.2360045100357425,-0.11074785339644949,-0.17277727818429978,0.3089648372415745,0.1805821963143696,0.14339722550635195,-0.013554757220393761,0.06795363975404785,0.14510811760785514,0.10001141203376136,0.22689588116877485,0.12704332464497162,-0.044824642689222934,0.10659569903271601,0.04845914720154108,-0.024427230025517308,-0.007923603281187947,-0.22049144782189925,0.02607512770065779,-0.03960523492812701,-0.2094847694997421,0.3400493912821192,0.2844627442745827,0.2398736459621942,-0.23993116261235148,-0.047060488343748715,-0.019685301756996718,0.08143992477187345,0.29399863968557566,0.26036783267219615,0.03301638311566781,0.1601975651284767,-0.2394180775744407,0.06620440321910648,-0.017574531992495448,0.19727298041238525,0.19088132854332238,0.3175822921754532,-0.20304016579402648,-0.20618806118676022,-0.03525588062099723,0.10774146722235663,-0.09332669913770673,-0.3048665476771946,-0.16401740106907933,-0.07338941967525917,-0.2332637960076141,-0.26436478337677516,-0.010143015607097372,-0.11001200545951695,0.10108049135652562,-0.2721861348354613,-0.2935193342675985,0.25962559399635726,0.10412887381486029,0.26630209022810375,0.2927259696805087,0.1496090237233358,0.20950941949266663,0.24210492680321546,-0.1880274071402813,0.2787549014685005,0.23636513030260148,0.22872911027219983,0.11537109651385193,0.09516358009193535,-0.09862553465378172,0.012689268579932167,-0.14342826623818283
#52,0.5199514303843117,0.5799239502070143,0.49152451076611264,0.5488713498610014,0.04597497569236809,0.3528555190877677,0.6305650782637275,0.37624836237315523,0.3636859956086494,0.6375711540305021,1.0,0.1627155162575833,0.023926926465419256,-0.11003300360163785,-0.22664207753792218,0.21560344552123323,0.4625489005646674,0.16259956999456787,-0.10724846736386585,-0.0799399270542802,-0.13729406985077625,-0.046732734734122434,-0.15867017852985615,-0.0011010330172960784,-0.11853816412330474,0.010983854254634428,0.10600044735172344,0.06788151570067605,-0.21202737062177324,0.0037814915071644746,-0.3269474635613762,-0.10163648564137912,-0.036074808163712474,-0.07909634951864042,-0.3214824688337358,-0.1960496103931674,-0.03428540126993112,0.006357872249129262,-8.58184938854323e-05,0.02614725175402959,-0.30034920823309763,-0.18877786248042835,-0.22423459489562553,0.04139190293380564,-0.08025763807419647,0.24466487421656388,0.09388178045985932,0.11074511450834676,-0.010432424783285479,0.04087699197049305,0.05168099257304843,-0.1160996407491772,0.08179232837442427,0.030263800572427613,-0.025784805561768775,0.07830298493155062,0.01762200605294271,-0.0031396787284255503,0.022388584314387835,-0.12258441481373278,-0.13264161192694474,-0.1365573089511428,-0.17867501723217097,0.3328543322362565,0.19073434154847604,0.030389789425153035,-0.28591435496902773,0.039310347975733455,-0.07022509095390908,-0.002245888244235782,0.13919942300757301,0.18237069024545002,0.044918677847416544,0.030420830156983936,-0.21916308709207685,-0.09371288236019118,0.03192630565078264,0.14298547932824204,0.17083814540756936,0.18720756663486512,-0.21855870578407519,0.012029196547175065,-0.01057575992732817,0.2504284077474015,-0.12173627246458846,-0.15219088224150604,-0.11686926830604336,-0.2726006199016739,-0.11845964933102658,-0.23458302711042742,-0.13681111258199546,-0.13163187517973954,-0.010354822953708227,-0.15339051523050026,-0.16978641237612238,0.10428225154861298,0.050990792771161336,0.09692377217928762,0.11622289071379989,-0.011780870692527857,0.03871874814554451,0.01607179538679947,-0.23162685388488452,0.1537776114156856,0.14998790324421296,0.11985100448721167,-0.016484454527610274,0.024031917176023775,-0.10365322024768678,-0.045402548078898236,-0.10579137889321531
#53,0.11812459201979303,0.10988875549489426,0.10969155555149794,0.16064582981462291,0.5590307987967151,0.4807515508953882,0.14009138756636097,0.24943327840341084,0.27591010969246854,0.20107364413626883,0.1627155162575833,1.0,0.7162758425504526,0.22587792775726148,-0.06187969890490124,-0.3075944802275103,0.2418922064939037,0.2475617048665477,-0.23086635595502747,-0.28877466711097516,-0.15596963486056778,-0.1506424975007646,0.1594781505201605,-0.11399252283547956,-0.0018295772526213442,-0.1573829011215747,-0.15955210049893412,-0.26794177123893603,0.48549256620120784,0.22336819329246305,0.13917112116384486,-0.09133735341242634,-0.03969470527281608,0.10736076177607763,0.19122186363076135,-0.07418187129964805,0.16570638206576072,0.16273194958619966,0.15731169003090378,0.004386785777867045,-0.1991628132032666,-0.17520028119251188,-0.010365778506119132,-0.07765204252580261,-0.1277097874166351,0.03122332437108282,-0.15769239547718278,-0.16222982010069978,-0.1953502809642712,-0.20209981421209036,-0.0007185016456152684,-0.1053558956848818,-0.09900167528655617,-0.30156801343881096,-0.24663961253862973,-0.3461561987884985,-0.033400740412750436,-0.13603965909972748,-0.1972136378368262,-0.3343543299538497,0.4939237767441011,0.37646838638407426,0.24647893110326977,-0.030675546750537505,-0.22600300364728598,-0.2124135538442577,0.31701899418899243,0.06462680367193599,0.21140016524624886,0.26076497144709154,0.2454728462068682,0.20637795742854925,0.27205832005733405,0.30072260997776934,0.2762597744069166,0.10100836730315382,0.14750190580963815,0.1671497760958976,0.38541450789028014,0.2701420113481264,-0.08280115215892855,0.07864991075789599,0.19368503699781345,0.6767336020486883,0.5054800586122054,0.2833662760707911,0.15174261755535978,-0.2203243756476329,-0.3011407468947856,0.21447411066020897,0.2817028580297352,0.11288875093008076,0.17910867451510268,-0.4521922516855574,-0.26046186783038977,0.04708148648586962,-0.011495113367143385,-0.002236758617226693,-0.20207607718186674,0.07059118899697353,-0.05573637289048556,0.05721902431676154,0.05049414106186692,-0.004210583976591636,-0.003905654434488079,0.043078145042384296,-0.07041590015839903,0.5258418657305756,0.018996014917810534,0.30178621152432816,-0.15566744420656695
#54,-0.005021294854998699,0.060749451081176076,-0.0004975646719953256,0.009511245418068444,0.3759023495095108,0.3767824455531869,0.08541770325973333,0.1513555213701744,0.18749606284835232,0.07941953831476214,0.023926926465419256,0.7162758425504526,1.0,0.3484577777574897,0.05133497970940397,-0.296008070590276,0.11826153642492936,0.17495743311407014,-0.068092410084586,-0.15040604016122922,-0.058247020317984906,-0.026580909036961295,0.2311703725344301,-0.005926040891599374,0.04789584921508032,-0.06967457444526104,-0.10608535288290796,-0.10071804516426482,0.3570597123254529,0.15197724896949336,0.08362647044055015,-0.07666786873422286,-0.20739591084006262,0.019145740800759585,0.1660460041904988,0.02217038622887062,0.17188805251361455,0.2348304400023737,0.046127440463419864,0.045318555510414624,-0.10088511733853113,-0.030179808003944,0.09955493068330694,0.15192247120743882,-0.028725458421396195,0.1463734839113148,-0.1546111463616154,-0.23533987318948085,-0.18210866995028918,-0.15870669703789253,-0.05486631943651942,-0.13630624420839288,-0.11540578909648647,-0.20186335687255497,-0.22554834822223338,-0.21664239707486752,-0.14731748734405456,-0.13639845344118465,-0.250603696585976,-0.18469691920736578,0.22793848457321275,0.20613693527550933,0.13561056663030033,-0.13859412873687046,-0.10864073548275185,-0.12382969593777246,0.41785572450437536,0.274052230596119,0.1428165812285739,0.08427193507009272,0.11797304021144216,0.051255551954424904,0.20964545093510203,0.08232275970365231,0.10879959099271,-0.15052107346154373,-0.017306120958428244,-0.009605280576262056,0.3701945067034286,0.1197505785901117,0.14178767226464964,0.07203732191521316,0.16399183811345389,0.564661952735921,0.5631026124427686,0.2506876891544596,0.06888668763437669,0.009685621293942036,-0.06570775150981206,0.3016930893288355,0.2611137231988387,0.07793232207498163,0.12895963335417931,-0.2153825085476133,-0.05988031058991085,0.1086051299374164,0.04058940871970675,-0.017385548713407313,-0.1332770339667773,-0.032262275924717095,-0.1488183980243487,0.02802886788060274,0.05039736701557058,-0.12239908338544829,-0.06338243551059722,-0.12271496847996276,-0.1494547330268822,0.2950960208520681,-0.12361423674035797,0.018837159407852393,-0.2857326753915469
#58,-0.007125673880593608,-0.012277522401822274,0.03601820447625612,-0.1731607225186815,0.34533909717118505,0.15861905261860526,0.028858750975728886,0.0604216974715498,0.200330492497729,-0.10634828614076972,-0.11003300360163785,0.22587792775726148,0.3484577777574897,1.0,0.06537360716127942,-0.22099631619550184,-0.04328812646359333,0.21929820557181137,-0.1917632505124003,-0.06220014881292025,-0.06438760744429786,-0.09266754006765053,0.015908375063336786,-0.0853629254976788,-0.08160243213263522,-0.04824186207872477,-0.23125071325211008,-0.09197551434036162,0.15755636403474735,0.031324663230883704,0.09000716675720213,-0.20832895872039148,-0.18240355690268273,0.028894356521064334,0.03452277157216742,-0.05204069987720652,-0.07605618372461394,0.12485951786439765,-0.15449246121049726,0.17080162689953302,-0.10038937859193763,-0.12836894648669128,-0.07335929190612918,0.02618650915016867,-0.1154916075903719,-0.05615085795669818,-0.2089515992824113,-0.08334801681677295,-0.06442869076583876,-0.09718670543714937,-0.13055184030456435,-0.05958359771211547,-0.15634577549334222,-0.1546029296973072,-0.25032250407409606,-0.14614341731068578,-0.05296096627972264,-0.05577015251041919,-0.18907731424632646,-0.07526281913752414,0.11939817498756089,0.1735341242633532,0.2869213528281302,-0.1974546599898661,-0.16983479939927054,-0.04857418050185559,0.4629460393395628,0.23245399809190795,0.21607362131220129,0.24357023193817418,0.2331615441851123,0.22703739038741572,0.03630943957784605,0.23566853976180804,0.11204882524524461,0.18747871655703507,-0.007301875681869017,0.09221288464259793,0.14943190895935946,-0.08026768066390648,0.006475644437546504,0.015710262157239564,0.17776296749396303,0.3460968562129394,0.4328474850159997,0.24405775402045948,0.15571765715511693,0.0825583040804868,-0.014483240287218065,0.1393929711001657,0.1377532900893334,0.03552337869236352,0.003354224963139131,-0.015877334331505885,0.0047811856646596705,0.13717173284885445,0.13473412243742783,0.15863548594722163,-0.032700498021153344,0.08246883373579772,0.016045319468473117,0.08647034925388124,0.03436209013680746,0.07350354001287278,0.09494994681992268,-0.00039622581219444277,0.11054426271414682,0.0811158230130508,0.05264234229710545,-0.04700388465629237,-0.14282388493018117
#101,-0.10801626899533019,-0.23013324690619766,-0.49346364354284306,-0.3709367453792675,-0.25136328155313215,-0.2679271638357215,-0.3456814581840259,-0.011170098645619833,0.18816891635892216,-0.38800367011005765,-0.22664207753792218,-0.06187969890490124,0.05133497970940397,0.06537360716127942,1.0,-0.0980147626068737,-0.24031095509592956,-0.4205800052038874,0.5884345885048866,0.17675414370945874,0.676826724244181,0.163940712202203,-0.0006025553825998439,-0.2990792771161334,0.17414763519836396,-0.0655260719323312,-0.5848977710015657,-0.5101681220813724,-0.013899857121337308,-0.023376409956771215,0.06972022258030648,0.13840149360697868,-0.0494405821050181,0.01907909452359324,0.3318482473398549,0.3666019984753523,0.31430110422838675,0.21412170705765815,0.2847119830919308,-0.012786955588929415,0.0007760182957725262,0.1618098572582817,0.025449748250535226,0.17945194849064441,-0.24788124181186577,-0.45019925410947337,-0.31876457887313014,-0.18861991993317112,-0.3949531421893758,-0.42819502709216817,-0.3396513395445229,-0.36602865789918154,-0.5588555099581407,-0.3851177950124848,0.14992216992974752,0.029221197167989703,0.1377304660218107,0.16560686913136163,-0.2712156554843952,-0.17540113298671184,0.16196049610393168,0.1355868296000767,0.23648472841642054,-0.3457353229833795,-0.3258847749775183,-0.4116402744365879,0.29298981590107137,0.010266265571720067,0.5667307262161805,0.2160745342749022,0.006474731474845595,0.10308079263421693,0.19925319651065657,-0.0925707660213542,0.5057758585272999,-0.08304491320007121,0.2730516234759229,0.09866844390072443,0.17732109354672315,-0.35630469217180133,-0.014084275586920896,-0.18277695864735446,-0.003204499080190079,-0.09162037184970807,-0.09543107816330164,-0.04647984406597069,-0.06320714667202272,-0.04699110317847964,0.13483363537182688,-0.17439504809031028,-0.1432602811012156,-0.18442485632249495,-0.18733446845029147,-0.26084074735126694,-0.17733022317373223,-0.20625653338932837,-0.11563402977171368,-0.278019053531568,-0.3326461767404493,-0.2088475215345077,-0.3369252329196091,-0.33033638110714986,0.025761981494246054,-0.18760105355895684,-0.14791456495044894,-0.09077131653786284,-0.2424993266900081,0.1225552000073037,0.09763040530979107,-0.07915204024339585,0.021017314337622738
#102,0.08237571154030503,0.3115384790954366,0.15321522639192575,0.25560581922425557,-0.31194018268383644,-0.0959122095066806,0.36603139678728425,0.08171929135835156,0.05404465300570145,0.14927122752399952,0.21560344552123323,-0.3075944802275103,-0.296008070590276,-0.22099631619550184,-0.0980147626068737,1.0,0.050222991139696985,-0.1345670502631615,0.07573482085389402,0.42258669722048503,-0.07731150743836361,0.09067271656616469,-0.5143357968110213,-0.04528751477858372,-0.26736934362546616,0.01199359100183962,-0.0015931199130859509,0.06788516755147968,-0.3915130987323513,-0.08927497067107323,-0.48780327479720814,0.06921078939319934,-0.05357812906553703,0.03340439226355407,-0.28394692034856917,0.09643442417160047,-0.13700831252539178,0.0009887386050842894,-0.27504644697740877,-0.29049286291408566,0.1260911045479237,0.1436811569063346,-0.3067399471394596,-0.12233608895908557,-0.15740755111449922,-0.06701602706021445,0.02914176941301063,-0.05403004560248691,0.03898989806771444,0.013995718204932738,0.03654954876818508,-0.08086201938219814,0.08920467254310326,0.06030392528313256,-0.03281370539606605,0.06709728074059534,-0.13423199295192795,0.05408756225264417,0.06620075136830285,0.07658022431493561,-0.227405314355882,-0.28399530737171735,-0.20041904987971718,0.5604623243117403,0.20562567616300037,0.05505438975290664,-0.2994115955392642,-0.09548768185075798,-0.057924744484564084,0.09706071658442395,0.07106684256414704,0.03729178744402398,0.12757010412339603,-0.342735327548193,-0.14086284104862895,-0.22698626447616482,-0.04333560052404059,-0.051466446338334845,-0.2842664572938873,0.18058128335166868,0.0005468646578444037,-0.11664102763081614,-0.3381047807291833,-0.37695316957825686,-0.32514801407788485,-0.10741280065002945,-0.2239223616519147,-0.015710262157239564,0.08374059077816376,-0.30680750637932686,-0.4630893744836055,-0.27300871422898015,-0.2946094117324837,0.23950754791912976,-0.007321960861289012,0.0036947600505781338,-0.03534261207758357,-0.08549256620120785,-0.0028621380673492583,-0.15116836401648812,-0.0054522132498276785,-0.21839254657250978,-0.31363007664321874,-0.09321896953899948,0.04503188522232924,-0.011773566990920586,0.03467432338051829,-0.18388255647815507,-0.13392706340982438,-0.08452573870094537,0.16158252954575542
#201,0.6926282826715114,0.5341361318683325,0.6939484267370256,0.7302414329862553,0.0040060803315880526,0.22193849370283977,0.4160215824382495,0.39954169272414375,0.006832612853601866,0.763959884418922,0.4625489005646674,0.2418922064939037,0.11826153642492936,-0.04328812646359333,-0.24031095509592956,0.050222991139696985,1.0,0.47468947856135335,-0.20447534315985522,-0.2108669950289181,-0.21331829988085838,-0.30209479291723534,-0.02065578110806283,-0.045640831343835446,0.10690793227642685,-0.04014844773516778,0.3072712914313886,0.06314689113376273,-0.10555674747908174,-0.08425824062957908,-0.0942926136752683,-0.09868670315474261,0.22533288902481888,0.0008335349459297841,-0.23645186175918784,-0.2797828974697239,-0.024174339357365553,-0.15518174804968343,-0.1096459074164525,-0.04959213391336897,-0.1484860796012179,-0.2865233010905339,-0.3483427444571752,-0.2101658396746201,-0.41927538150428867,0.08112221375195716,0.2543577992121132,0.17215189873417722,0.04370626338060959,-0.062093332176913915,0.2303861375743494,0.014382814390118091,0.17831439696531198,-0.07990523447164566,-0.1366796459530646,-0.00019446105529358597,-0.03457846229692286,-0.17207338394189906,-0.12255976482080824,-0.3964659213847818,0.1992075483756111,0.10019400457394313,-0.153683576257492,0.2160234083636513,0.2939036915646811,0.13211757133662305,-0.06607932732908198,-0.13002414786343905,0.25262408304308726,0.3291568332975756,0.506515358315036,0.5115165679906147,-0.017506059789927284,0.11477949668366298,-0.2033295749702146,0.045795122040289044,0.1392468970680203,0.3344438002985388,0.3107706774639722,0.2459977997598908,-0.26767701205567246,-0.21738646167610823,-0.0791465624671904,0.17023376409956772,-0.07670895205576377,-0.19714607859695893,-0.03134018359679915,-0.15067810304610005,-0.3693317569510698,-0.16363486969739852,-0.026269588755951374,-0.11182697530892376,0.05832188325945944,-0.3196556304692172,-0.279089958779734,0.4842518498906727,0.14876727211309781,0.5165314721067071,0.35176818051098524,0.4298100581100759,0.3946701237520941,0.4079482532741125,-0.1468062282315456,0.5121693363217645,0.43678600610772045,0.4928638270483459,0.31696147753883513,0.2702552187230391,0.13255488047035838,-0.017361811683183685,-0.18303076227820714
