,#10,#11,#12,#13,#17,#18,#26,#49,#50,#51,#52,#53,#54,#58,#101,#102,#201,#202,#301,#302,#401,#402,#501,#502,#601,#602,#701,#702,#801,#802,#901,#902,#1001,#1002,#1101,#1102,#1201,#1202,#1301,#1302,#1401,#1402,#1501,#1502,#1601,#1602,#1701,#1702,#1801,#1802,#1901,#1902,#2001,#2002,#2101,#2102,#2201,#2202,#2301,#2302,#2401,#2402,#2501,#2502,#2601,#2602,#2701,#2702,#2801,#2802,#2901,#2902,#3001,#3002,#3101,#3102,#3201,#3202,#3301,#3302,#3401,#3402,#3455,#3501,#3502,#3601,#3602,#3701,#3702,#3801,#3802,#3901,#3902,#4001,#4002,#4101,#4102,#4201,#4202,#4301,#4302,#4401,#4402,#4501,#4502,#4601,#4602,#4701,#4702,#4801,#4802
#10,1.0,0.33493286374642306,0.4235395113361215,0.48846136913933524,0.2382192383887299,0.06901166629980189,0.2799779881135813,0.6470812238608848,0.21825005502971603,0.4060774818401937,0.6605546995377504,0.23720889280211313,-0.07069997798811359,0.1409487123046445,-0.2208100374202069,-0.15290556900726393,0.32415584415584414,0.08928021131410963,-0.01665199207572089,0.01273167510455646,0.06685230024213075,0.04401496808276469,-0.09046445080343385,-0.1778450363196126,-0.07887079022672243,0.013656174334140436,0.003623156504512437,0.09987893462469734,-0.12359454105216817,-0.2983248954435395,-0.07264362755888179,-0.07460268545014308,-0.16480519480519482,-0.02139555359894343,0.039341844596081886,-0.21420206911732337,-0.07742460928901607,-0.06987893462469734,0.04637244111820383,-0.05639665419326436,-0.0690975126568347,-0.08564604886638785,0.08722870349988994,-0.21539511336121506,-0.01674884437596302,-0.24480299361655294,0.03641206251375743,0.047356372441118205,0.05922738278670482,-0.1259388069557561,-0.05224301122606207,-0.04845036319612591,-0.10968743121285494,-0.0878252256218358,0.035811138014527844,-0.06402817521461589,-0.08328637464230684,-0.0788069557561083,-0.2393946731234867,-0.2431961259079903,0.01716486902927581,-0.03757208892802113,-0.21830948712304646,-0.010171692714065596,0.2310741800572309,0.20947611710323574,-0.1708562623816861,-0.02016068677085626,-0.03306185340083645,-0.00841074180057231,-0.0027360774818401936,0.06324235086946951,0.18382566585956417,0.15554919656614571,0.1786352630420427,0.304323134492626,0.2376271186440678,-0.026068677085626237,-0.2860686770856262,-0.12303103675985032,-0.014987893462469733,-0.14648910411622276,,0.07442218798151001,-0.2048382126348228,0.14408540611930443,-0.26468192824125025,0.08439577371780761,-0.08954435395113361,0.22053929121725732,-0.12960158485582216,-0.03482940788025534,-0.038388729914153645,-0.12775698877393793,-0.22931983270966322,0.022863746423068456,0.14488003521901827,0.016313009024873433,-0.09504072198987454,0.07650451243671583,-0.06202509355051728,-0.13241690512876952,0.24482720669161348,-0.058346907329958175,0.046167730574510235,0.007329958177415804,0.03627779000660357,0.1240281752146159,0.14852740479859125,-0.14179837112040503,-0.29137574290116663
#11,0.33493286374642306,1.0,0.26631080783623157,0.3156020250935505,0.11942548976447281,0.1758001320713185,0.44228703499889943,0.061470394012766896,0.4151309707241911,0.47151661897424607,0.10833590138674884,-0.013660576711424169,-0.08434954875632841,0.02184899845916795,-0.060523882896764254,0.11466211754347348,0.11795069337442218,0.1136055469953775,-0.04566585956416465,0.3491547435615232,0.013145498569227382,0.16861104996698217,-0.0045564604886638785,0.19491965661457186,-0.05014968082764693,0.13248073959938367,-0.11519700638344706,0.16812458727712964,0.19041822584195467,0.14459167950693375,0.03109619194364957,0.1662359674224081,0.14507153863086067,0.19161347127448822,-0.16138674884437595,-0.14987893462469734,0.08324235086946952,0.1098481179837112,-0.15066696015848557,0.10354171252476337,0.024054589478318292,-0.04078142196786264,0.2089984591679507,0.13610829848117983,-0.0934536649790887,-0.007558881796169932,0.029661016949152543,0.02995597622716267,0.0709949372661237,0.030411622276029057,0.10952454325335681,-0.027380585516178738,0.04574510235527185,0.06453885097952894,-0.08742460928901608,0.2392339863526304,-0.2180233325996038,-0.07071758749724852,-0.2858177415804534,-0.15577591899625798,-0.09578252256218357,-0.0710411622276029,-0.01471054369359454,0.1008892802113141,0.17949152542372881,0.3009883337001981,0.25897424609289016,0.2030838652872551,0.010755007704160246,0.18004402377283732,0.08888179616993176,0.20403918115782524,-0.008892802113141095,0.03434954875632842,0.05263482280431433,-0.0011490204710543693,-0.08118423948932424,-0.2120493066255778,0.0839753466872111,0.052003081664098616,0.3169095311468193,0.005265243231344926,,-0.06522342064714946,-0.059471714725952016,-0.13652872551177636,-0.06838212634822805,-0.07201628879594982,-0.0087475236627779,-0.011543033237948492,-0.028666079683028835,0.008820162887959499,-0.10665199207572089,-0.18357693154303323,-0.18700638344706141,-0.07461369139335242,0.2567840633942329,-0.017046004842615013,0.044336341624477214,0.06161567246313009,0.0798283072859344,0.10252036099493726,-0.08269865727492846,0.3015826546335021,0.14146158925819943,0.22807836231565046,0.24355491965661458,0.0005194805194805195,-0.11101254677525864,-0.38658155403918115,-0.39896984371560645
#12,0.4235395113361215,0.26631080783623157,1.0,0.6606801672903367,0.3561699317631521,0.27571868809156946,0.17960818842174775,0.1062887959498129,-0.2190314769975787,0.5112920977327757,0.43944309927360775,-0.12291877613911512,-0.0762029495927801,-0.044272507153863085,-0.47550297160466654,-0.23156064274708343,0.6936275588817962,0.6262073519700638,-0.4400946511116003,-0.19546335020911293,-0.08179176755447942,-0.06673343605546996,0.19685890380805635,0.058529605987233106,0.005813339203169712,-0.033959938366718026,0.3697490644948272,0.5609090909090909,-0.357706361435175,-0.46603345806735635,-0.19453664979088708,0.04787145058331499,0.01857803213735417,-0.055727492846136914,-0.36159806295399516,-0.5626678406339424,-0.5441668500990535,-0.5590116662998019,-0.2278912612810918,-0.16279771076381247,-0.30723970944309925,-0.38052388289676425,-0.1843385428131191,-0.444983491085186,0.11380585516178736,-0.23723310587717367,0.33012326656394453,0.29637904468412946,0.26079022672243013,0.27046885318071756,0.34067356372441115,0.39217257318952237,0.3578032137354171,0.4696654193264363,0.3744375963020031,0.24629980189302222,-0.03331278890600924,-0.32016068677085624,-0.06924719348448162,-0.010374202069117324,-0.06557561082984811,-0.027197886858903807,-0.4493814659916355,-0.13893022232005284,0.22780981730134273,0.4234778780541492,-0.47000880475456747,-0.2470019810697777,-0.38464450803433853,-0.2608166409861325,0.13382566585956415,0.15981950253136692,-0.2714307726172133,0.06891701518820163,-0.139306625577812,0.34330398415144175,0.07673563724411182,0.020570107858243453,-0.39960158485582215,-0.4016949152542373,-0.09544794188861985,-0.005445740699977988,,-0.15536209553158706,0.09192163768434955,-0.2066651992075721,-0.2841074180057231,0.015740699977988114,-0.13341184239489323,0.08337001981069778,-0.31903147699757867,-0.1213977547875853,-0.0035197006383447063,-0.24188421747743782,-0.35586396654193264,0.3936693814659916,0.37609289016068675,0.5748382126348228,0.5258837772397095,0.3885031917235307,0.39948712304644507,0.27845476557340965,0.6475985031917235,0.28074400176095093,0.22999779881135812,0.24383887299141535,0.16413163108078363,0.04714725952014088,0.2073233546114902,0.015051727933083865,-0.20319392471934844
#13,0.48846136913933524,0.3156020250935505,0.6606801672903367,1.0,0.2753709002861545,0.3479220779220779,0.35337001981069777,0.15633061853400837,-0.020044023772837333,0.6091635483160907,0.3300396213955536,0.1989786484701739,0.0510411622276029,0.06083645168390931,-0.3360598723310588,-0.1897556680607528,0.4109267004182258,0.24356812678846576,-0.25751045564604885,0.05155403918115783,-0.027030596522121947,-0.03795509575170592,0.11873871890821043,0.029601584855822143,-0.10069997798811359,0.05022232005282853,0.16829407880255337,0.33675324675324675,-0.15364957076821484,-0.1358463570327977,-0.06760950913493287,-0.008991855602025093,0.013297380585516178,0.04338322694254897,-0.17278010125467752,-0.20607968302883556,-0.2527206691613471,-0.21271626678406338,-0.16746423068456967,-0.03292758089368259,-0.2366057671142417,-0.10850539291217258,-0.10443979749064494,-0.10419546555139775,0.006929341844596082,-0.13941888619854723,0.2650869469513537,0.200297160466652,0.11018710103455866,0.07402597402597402,0.2075214615892582,0.15070438036539732,0.15473035439137134,0.1459454105216817,0.09034118423948932,0.08619414483821264,-0.06101034558661677,-0.11393132291437376,-0.2775236627779001,-0.19856042262821924,0.06306845696676205,0.09955315870570108,-0.034774378164208676,0.09271846797270526,0.1560180497468633,0.2629143737618314,-0.1563812458727713,-0.02883777239709443,-0.17987233105877173,-0.02698217037200088,0.08079903147699757,0.10692714065595421,-0.0322672243011226,0.08013427250715387,0.054204270305965224,0.33840193704600485,0.13522342064714946,-0.058208232445520584,-0.24199867928681487,-0.06543253356812678,0.04581333920316971,0.1305480959718248,,0.03239489324235087,0.1332423508694695,-0.03917015188201629,-0.12362095531587057,0.03233546114902047,0.0836979969183359,0.17723750825445742,-0.06018269865727493,-0.005907990314769976,-0.09434074400176096,-0.2107836231565045,-0.34201848998459167,0.09362976007043804,0.125115562403698,0.25206691613471277,0.28415584415584416,0.24816640986132513,0.23613911512216598,0.1007836231565045,0.33721769755668063,0.25104996698217036,0.36967422408100375,0.21335681267884657,0.2431653092670042,0.05681488003521902,0.18774378164208672,-0.12242791107197887,-0.20467092229804093
#17,0.2382192383887299,0.11942548976447281,0.3561699317631521,0.2753709002861545,1.0,0.3850429231785164,0.0611534228483381,-0.012524763372221,-0.03435395113361215,0.31836891921637683,0.29194805194805196,0.23345586616773056,0.03031256878714506,-0.012254017169271407,-0.28828967642526965,-0.27867268324895444,0.29784063394232885,-0.012843935725291657,-0.4559322033898305,0.02883777239709443,0.09851860004402377,-0.016896324014968083,0.24481620074840413,0.08163108078362316,-0.12350869469513537,-0.28409861325115565,0.1444155844155844,0.264224081003742,-0.48639005062733875,-0.3964869029275809,-0.3522209993396434,-0.10222320052828528,-0.19407219898745323,-0.14256658595641647,-0.22467532467532467,-0.11325555800132071,-0.47318952234206474,-0.2907175874972485,0.013845476557340964,-0.10447941888619855,-0.3421153422848338,-0.1039225181598063,-0.2305128769535549,-0.10532247413603346,0.4578978648470174,0.07680827646929342,0.1337244111820383,0.3277547875852961,0.09387629319832709,0.34238388729914154,0.28577812018489984,0.4687849438696896,0.25358133392031695,0.1816420867268325,0.3889016068677086,-0.17179396874312128,0.16327977107638125,-0.06319832709663219,-0.009782082324455205,0.22745762711864406,0.17714505833149902,0.10669601584855821,-0.26367158265463353,-0.061465991635483164,-0.24843935725291658,0.14650451243671583,-0.2783711204050187,-0.14000440237728373,-0.530924499229584,-0.39150121065375304,-0.29199647809817303,-0.24015408320493067,-0.3002773497688752,-0.026077481840193706,0.07173233546114902,0.047873651771956856,-0.0574686330618534,-0.21078142196786265,-0.2255954215276249,-0.3362557781201849,-0.06101254677525864,0.33425489764472816,,0.12190182698657274,0.5658727712965002,-0.14735417125247632,-0.1405723090468853,0.22229583975346687,0.01837772397094431,0.3274598283072859,0.20337222099933963,-0.1575148580233326,0.14736517719568568,-0.17861765353290776,-0.25502091129209775,-0.14226942548976448,-0.20491525423728812,0.20857142857142857,0.16656834690732997,0.11726172132951794,0.25577812018489987,0.03277790006603566,0.4013185119964781,0.18168611049966982,0.11613031036759851,0.013436055469953774,0.06444419986792868,0.23308826766453886,-0.03813779440898085,-0.11948492185780321,-0.1405480959718248
#18,0.06901166629980189,0.1758001320713185,0.27571868809156946,0.3479220779220779,0.3850429231785164,1.0,0.27680607528065154,-0.1734800792427911,-0.2015364296720229,0.16780101254677526,0.10084965881576051,0.3433017829627999,0.4197094430992736,0.21511336121505614,-0.20610609729253798,-0.33715606427470834,0.3997160466651992,0.17777019590578913,-0.23605546995377505,-0.2573079462909971,-0.11378164208672684,-0.27207351970063837,0.3249020471054369,0.2678120184899846,-0.01952014087607308,-0.04523002421307506,-0.06793088267664539,0.20028835571208453,0.1563416244772177,0.20783182918776139,0.13258639665419328,0.2433546114902047,0.2691481399955976,0.09827646929341845,-0.07136033458067356,0.11670922298040942,-0.16356812678846577,-0.2531807175874973,-0.1049372661237068,-0.09063174114021572,-0.045800132071318514,0.19447281532027294,-0.13563504292317852,0.07230904688531807,0.16254677525863967,-0.009608188421747745,0.09664098613251156,0.357112040501871,-0.021371340523882898,0.17937046004842616,0.07025093550517279,0.15985252036099493,0.16238388729914155,0.24091349328637465,0.30036539731454986,0.11894342945190403,-0.1379771076381246,-0.32111160026414265,-0.1361237068016729,0.008318291877613912,0.009634602685450144,0.13176755447941887,0.06255998239049086,0.09095751705921197,-0.10631300902487344,-0.07284613691393352,0.10414043583535108,-0.1189390270746203,-0.18676205150781422,-0.06690072639225182,0.13596962359674225,0.0809090909090909,-0.31586396654193266,-0.314950473255558,-0.15723530706581554,-0.1302707462029496,-0.16333039841514418,-0.19808936825885978,0.20035879374862425,0.08277790006603566,0.24048426150121066,0.5804182258419547,,0.3352190182698657,0.47850319172353073,-0.0952344265903588,0.04340083645168391,0.2863350209112921,0.36056570548095973,0.37757208892802113,0.3377261721329518,-0.03702179176755448,0.03255558001320713,-0.32670041822584195,-0.33640325775918994,0.049154743561523224,0.05797710763812459,0.2746511116002641,0.44561303103675987,0.07436935945410522,0.2572529165749505,0.4322980409421087,0.1086814880035219,0.187310147479639,0.4421087387189082,0.202491745542593,0.3895267444419987,-0.13575170592119745,-0.20614791987673345,-0.07127668941228263,-0.18210433634162448
#26,0.2799779881135813,0.44228703499889943,0.17960818842174775,0.35337001981069777,0.0611534228483381,0.27680607528065154,1.0,0.2164142637023993,0.12012766894122827,0.4167576491305305,0.23290336781862206,0.130066035659256,0.18327316751045564,0.47463570327977106,0.005216817081223861,-0.10330838652872551,0.15755888179616992,0.046966762051507814,-0.05919876733436055,-0.09659696235967423,-0.08705701078582434,-0.15714946070878275,0.024582874752366278,-0.033574730354391374,-0.06304644508034339,-0.10678846577151661,-0.22956856702619413,-0.11253356812678847,0.21285934404578472,0.16658375522782304,0.1762293638564825,0.13465551397754788,0.12052388289676426,0.05036539731454986,0.045868368919216376,-0.0028659476117103237,0.08006163328197226,-0.035355491965661456,-0.06791107197886859,0.014246092890160687,0.13024653312788906,0.007900066035659256,0.2347721769755668,0.053543913713405236,-0.006715826546335021,-0.12240810037420206,-0.09219678626458287,0.004681928241250275,-0.027660136473695796,-0.10680607528065156,-0.04336121505613031,-0.09721989874532247,-0.0374950473255558,-0.02153202729473916,0.023715606427470833,0.15749944970283952,-0.22844155844155845,-0.10218578032137354,-0.37224521241470393,-0.17761831388950033,0.05511996478098173,0.02095311468192824,0.17873871890821044,0.38002201188641865,-0.005687871450583315,-0.02737178076161127,0.43850099053488883,0.6015738498789346,0.04739819502531367,0.1429011666299802,0.22417125247633723,0.22339203169711644,0.3165551397754788,0.2989984591679507,0.11024873431653093,0.21045344486022452,0.22875852960598722,-0.045179396874312126,0.26175214615892584,0.1949570768214836,0.122491745542593,0.021884217477437816,,0.2036385648250055,0.11527845036319613,0.1748382126348228,0.023145498569227384,-0.018789346246973367,0.002033898305084746,0.22149240589918556,6.383447061413163e-05,-0.0029782082324455207,-0.19988333700198108,-0.2643517499449703,-0.24888399735857364,0.040308166409861325,0.11440017609509134,0.08963240149680828,-0.033339203169711645,0.05611930442438917,-0.0074818401937046,0.14064054589478317,-0.11620735197006384,0.10828967642526964,0.10229143737618314,0.080132071318512,0.037246313009024874,-0.09265683469073299,-0.08001100594320933,-0.18824565265243232,-0.2842108738718908
#49,0.6470812238608848,0.061470394012766896,0.1062887959498129,0.15633061853400837,-0.012524763372221,-0.1734800792427911,0.2164142637023993,1.0,0.39583314990094653,0.276172132951794,0.603070658155404,0.3881488003521902,0.14482720669161347,0.25760510675764914,0.021096191943649572,-0.2346290997138455,0.14144838212634822,-0.059489324235086946,0.06832489544353951,-0.06152102135152983,0.1824455205811138,-0.10664758969843716,-0.07044684129429891,-0.2816222760290557,0.03801452784503632,-0.030380805635042925,-0.08459828307285934,-0.2510939907550077,-0.01052608408540612,-0.3024521241470394,0.05322694254897645,-0.15561523222540172,-0.1929407880255338,-0.03959718247853841,0.13686990975126567,-0.1403896103896104,0.02540611930442439,-0.047919876733436055,0.2296896324014968,-0.09130090248734317,-0.014006163328197227,-0.0626106097292538,0.2666916134712745,-0.174620294959278,-0.10786264582874752,-0.23889500330178295,-0.2520713185119965,-0.34475456746643185,-0.041514417785604225,-0.36934404578472374,-0.2723200528285274,-0.18737838432753687,-0.1995861765353291,-0.18445080343385428,-0.08420427030596522,-0.10029936165529386,-0.057323354611490206,-0.17998239049086506,-0.18073739819502532,-0.27469733656174333,0.23056130310367598,0.04583755227823024,-0.1291305304864627,-0.1320757208892802,0.35530486462689853,0.05443099273607748,-0.14111820383006823,0.030627338762931982,-0.01979308826766454,-0.13357032797710763,-0.07369359454105216,-0.06640325775918997,0.37997798811358136,0.2672705260840854,0.2638036539731455,0.27982390490865067,0.3990688972044904,0.10734096412062513,-0.26950253136693814,-0.15036319612590798,-0.05612150561303104,-0.2563086066475897,,0.22294739159145938,-0.41607528065155186,0.49745762711864405,-0.04591679506933744,0.13152102135152982,-0.11703940127668941,0.2240810037420207,-0.12278230244331939,0.10900066035659256,-0.17291877613911513,0.07675324675324675,-0.10341624477217698,0.10897644728153202,0.08531807175874973,-0.1153664979088708,-0.27010785824345146,-0.09151441778560422,-0.26755888179616993,-0.23874312128549416,0.08745322474136033,-0.224554259300022,-0.17006823684789787,-0.10841734536649791,-0.1174554259300022,0.20006163328197227,0.2169337442218798,0.024158045344486023,-0.17535769315430333
#50,0.21825005502971603,0.4151309707241911,-0.2190314769975787,-0.020044023772837333,-0.03435395113361215,-0.2015364296720229,0.12012766894122827,0.39583314990094653,1.0,0.19511776359233987,0.12321593660576712,0.359438696896324,0.01898965441338323,0.18888839973585736,0.31509795289456305,0.17558661677305745,-0.1912326656394453,-0.24537310147479638,0.27538410741800573,0.4371604666519921,0.3144640105657055,0.18880255337882457,0.059139335241030155,-0.06129650011005943,0.0926172132951794,0.06262821923838872,-0.15990975126568346,-0.21016068677085625,0.14633942328857583,0.10601584855822144,-0.010228923618754127,-0.19581774158045345,-0.2090710983931323,-0.005956416464891041,0.01678846577151662,0.07362095531587057,0.19677305745102355,0.2960114461809377,0.06385428131190843,-0.05163988553819062,0.08866387849438696,0.03641206251375743,0.27380145278450363,0.27567906669601583,-0.06896764252696456,0.05258639665419326,-0.1408782742681048,-0.24435835351089588,-0.2281289896544134,-0.38801893022232004,-0.32233546114902045,-0.34535108958837774,-0.32245652652432316,-0.34430332379484924,-0.33371560642747083,-0.10648250055029716,-0.16358133392031698,-0.012014087607307947,-0.20594541052168172,-0.24349768875192604,0.05943649570768215,0.024248294078802555,0.15688091569447501,0.02325115562403698,0.36311027955095754,0.1047919876733436,0.2117741580453445,0.11767554479418886,0.2643649570768215,0.21883997358573629,-0.03754567466431873,0.037332159366057674,0.23980409421087387,0.10117763592339864,0.15696456086286595,-0.1694849218578032,-0.03816420867268325,-0.18366938146599163,0.18905569007263923,0.07386528725511776,0.38584195465551396,-0.04075280651551838,,0.18138454765573409,-0.20815760510675765,0.2188465771516619,0.10800572309046885,-0.13981730134272508,-0.019982390490865067,0.07252256218357914,0.0904358353510896,0.12350209112920978,-0.13310587717367378,0.03434734756768655,0.0338234646709223,-0.09412062513757428,-0.023572529165749506,-0.38104556460488664,-0.3727294739159146,-0.21920537090028616,-0.3402289236187541,-0.2789962579793088,-0.29793528505392913,-0.06701078582434515,-0.07806955756108298,-0.11300022011886418,-0.051860004402377285,-0.006018049746863307,-0.08057671142416906,-0.2172375082544574,-0.13810917895663657
#51,0.4060774818401937,0.47151661897424607,0.5112920977327757,0.6091635483160907,0.31836891921637683,0.16780101254677526,0.4167576491305305,0.276172132951794,0.19511776359233987,1.0,0.4527823024433194,0.15650891481399956,0.18353510895883776,0.19702179176755447,-0.38351970063834473,-0.32198767334360556,0.5198767334360554,0.27477217697556683,-0.1844948272066916,0.028095971824785383,-0.08745322474136033,-0.23182698657274928,0.14113581333920316,0.07747743781642087,-0.0424455205811138,-0.11666079683028835,0.22413603345806735,0.10136033458067356,-0.036832489544353954,-0.16842394893242352,-0.019911952454325334,0.3138058551617874,0.06799031476997579,-0.05021351529826106,-0.19438696896324015,-0.2381818181818182,-0.20661457186880916,-0.22861104996698217,-0.0926502311248074,-0.12755668060752806,-0.16119084305524983,-0.20621835791327317,0.09716046665199207,-0.24352190182698658,-0.009951573849878935,-0.2203411842394893,0.18910631741140216,0.1227756988773938,0.119867928681488,0.13206691613471275,0.2632379484921858,0.28913933524103014,0.2900748404138235,0.3016244772176976,0.2099867928681488,0.24316090688972045,-0.2128153202729474,-0.3283711204050187,-0.21618754127228704,-0.05587277129650011,0.15183799251595861,0.13846797270526084,-0.09010785824345147,0.043266563944530045,0.18640545894783184,0.3104556460488664,0.0014681928241250274,0.06140435835351089,-0.27447281532027296,-0.252821923838873,0.09005062733876293,0.0902377283733216,-0.03490644948272067,0.2611666299801893,0.2029583975346687,0.432425709883337,0.09689852520360995,-0.0375610829848118,-0.2558111380145279,-0.1536781862205591,0.04329738058551618,-0.006982170372000881,,-0.03101915034118424,0.0873959938366718,0.09716046665199207,-0.05795509575170592,0.046064274708342505,-0.11342504952674444,0.0815892581994277,-0.09692493946731234,0.029134932863746424,-0.12077701959057892,-0.1539951573849879,-0.331831388950033,0.1284767774598283,0.2291547435615232,0.3845740699977988,0.2861787365177196,0.26138234646709224,0.3423156504512437,0.23714725952014087,0.25801232665639445,0.3492824125027515,0.35722209993396437,0.20915694475016508,0.3030838652872551,0.20959718247853842,0.2730574510235527,-0.1871516618974246,-0.31811798371120403
#52,0.6605546995377504,0.10833590138674884,0.43944309927360775,0.3300396213955536,0.29194805194805196,0.10084965881576051,0.23290336781862206,0.603070658155404,0.12321593660576712,0.4527823024433194,1.0,0.08081884217477438,0.06031476997578693,0.24429672022892363,-0.27150561303103676,-0.3654193264362756,0.48615232225401717,0.2335461149020471,-0.16161567246313008,-0.32397974906449484,-0.03441778560422628,-0.11217257318952234,0.0023838872991415365,-0.1376931543033238,0.007779000660356593,-0.008798151001540832,0.05216596962359674,0.11354391371340523,-0.23123046445080345,-0.3706823684789787,-0.21091129209773277,0.015535989434294519,-0.18831829187761392,-0.026933744221879816,-0.04031036759850319,-0.23252036099493725,-0.34810917895663657,-0.2332973805855162,0.01110279550957517,-0.12969183359013867,-0.07283733215936605,-0.11457186880915694,0.0589192163768435,-0.2832577591899626,0.10256218357913273,-0.2620052828527405,-0.08194805194805195,0.016834690732995816,0.009914153642967202,0.049997798811358136,-0.09191943649570768,0.1449042482940788,0.006541932643627559,0.15772176975566807,0.24016288795949814,0.0684437596302003,0.012091129209773278,-0.22373541712524764,-0.03706361435174994,0.06052828527404799,0.038135593220338986,0.05556460488663879,-0.42296279991195246,-0.1877922077922078,0.13737838432753688,0.15787805414924058,-0.31822584195465553,-0.08079022672243011,-0.21299801893022233,-0.2964450803433854,0.025357693154303324,0.014206471494607088,0.006795069337442219,0.16511556240369799,-0.028375522782302442,0.3058529605987233,0.1488267664538851,0.20131410961919435,-0.30398635263042045,-0.32192163768434956,-0.23327096632181377,-0.19207351970063835,,-0.002729473915914594,-0.04329077701959058,0.15212194585075942,-0.12205811138014527,-0.019894342945190404,-0.11345146379044684,0.21187981510015408,-0.1677525863966542,-0.06436935945410521,0.04451463790446841,0.1035791327316751,-0.1013581333920317,0.25681928241250274,0.19162667840633943,0.19592559982390492,-0.07848558221439578,-0.038952234206471495,-0.008115782522562183,-0.007340964120625138,0.41557340964120626,-0.03734756768655074,-0.08811578252256218,-0.053246753246753244,-0.1151287695355492,0.13415364296720228,0.1343847677745983,0.15639225181598063,-0.051430772617213294
#53,0.23720889280211313,-0.013660576711424169,-0.12291877613911512,0.1989786484701739,0.23345586616773056,0.3433017829627999,0.130066035659256,0.3881488003521902,0.359438696896324,0.15650891481399956,0.08081884217477438,1.0,0.6038498789346247,0.31285053929121726,0.2620669161347127,-0.25952454325335683,0.04012766894122826,-0.342161567246313,0.12885097952894564,0.027726172132951792,0.14781642086726832,-0.24765133171912834,0.028822364076601364,-0.09629099713845476,-0.08777459828307287,-0.11462029495927802,-0.18116222760290557,-0.26241030156284395,0.14934624697336563,0.11988333700198107,0.15484261501210653,-0.0665001100594321,-0.06305965221219459,-0.04456746643187321,0.1658067356372441,0.2785560202509355,0.18095971824785384,0.08911732335461149,0.269603786044464,-0.06719788685890381,0.012071318511996477,0.24489544353951134,0.09526304204270306,0.19437596302003082,0.0068236847897864845,-0.027915474356152322,-0.005370900286154523,-0.03434074400176095,-0.22675985031917234,-0.24979969183359013,-0.17730794629099714,-0.17957957296940347,-0.1908892802113141,-0.3099603786044464,-0.1633414043583535,-0.26074180057230906,-0.11353510895883777,-0.2129077701959058,-0.10418005723090469,-0.21321813779440899,0.17331058771736738,0.07454765573409641,0.3181708122386088,-0.030944309927360775,0.04086286594761171,-0.20779440898084967,0.15801232665639445,-0.07558001320713185,0.010594320933303984,-0.045148580233326,-0.13656394453004622,-0.2060708782742681,0.12520581113801452,-0.19028615452344266,0.22898084965881577,-0.08962579793088268,0.08560862865947612,-0.27428791547435616,0.08820162887959498,0.13926480299361654,0.28182918776139115,0.30579793088267665,,0.5009200968523002,0.027607307946290998,0.2804490424829408,-0.0437640325775919,0.24425709883337002,0.2363152102135153,0.34715166189742463,0.3056020250935505,0.13703059652212193,-0.1629055690072639,-0.15348888399735858,-0.2181157825225622,-0.22668941228263262,-0.23285934404578473,-0.2234008364516839,-0.05570548095971825,-0.16341404358353512,-0.18434514637904467,-0.0847457627118644,-0.10981289896544134,-0.130264142637024,0.1443165309267004,-0.0651353731014748,0.08519040281752147,0.06042482940788026,-0.004937266123706802,-0.05933303984151442,-0.09718908210433634
#54,-0.07069997798811359,-0.08434954875632841,-0.0762029495927801,0.0510411622276029,0.03031256878714506,0.4197094430992736,0.18327316751045564,0.14482720669161347,0.01898965441338323,0.18353510895883776,0.06031476997578693,0.6038498789346247,1.0,0.2985714285714286,0.1449900946511116,-0.38462909971384546,0.277277129650011,0.07057230904688531,0.107607307946291,-0.29582434514637906,-0.14066255778120185,-0.5425974025974026,0.09484261501210654,-0.009434294519040282,0.06475896984371561,-0.12117543473475677,-0.10290997138454766,-0.2534602685450143,0.35277790006603565,0.211930442438917,0.3995663658375523,0.23827646929341845,0.27978648470173895,0.030666960158485582,0.09863086066475897,0.2746797270526084,0.14678626458287475,-0.08514637904468413,0.06524323134492627,-0.13405679066696016,0.04810477657935285,0.23234206471494606,-0.07953554919656615,0.1663152102135153,-0.05076161127008585,-0.25629760070438035,-0.031558441558441556,-0.03658815760510676,-0.11885758309487122,-0.01802113141096192,-0.06739159145938807,-0.00988994056790667,0.08811138014527845,0.052524763372221,0.06432093330398415,0.07993616552938587,-0.18124807395993836,-0.5131697116442879,0.06427250715386308,-0.04080343385428131,-0.05920537090028615,-0.02989654413383227,0.28780981730134275,0.005146379044684129,0.002914373761831389,-0.14109178956636584,0.32373321593660576,-0.03609949372661237,0.007409200968523003,-0.12735197006383447,0.16325996037860444,0.028679286814880037,-0.13857142857142857,-0.3274796390050627,-0.03979749064494827,-0.18226282192383889,-0.10457847237508254,-0.06220338983050847,0.16396434074400176,0.15739819502531366,0.2124323134492626,0.2634668721109399,,0.41555580013207133,0.014177856042262823,0.18710763812458728,0.0625709883337002,0.15518379925159587,0.20244111820383007,0.27975346687211095,0.2101056570548096,0.27248294078802554,-0.15534888839973585,-0.04913933524103015,-0.10239049086506713,0.13352850539291217,0.05602905569007264,0.157475236627779,0.29606207351970065,-0.010224521241470394,0.11295619634602685,0.302458727712965,-0.25504072198987454,0.05193704600484261,0.2685494166850099,0.11709663218137795,0.17569887739379264,-0.16071318511996477,-0.07870570107858244,0.10146599163548316,-0.01275148580233326
#58,0.1409487123046445,0.02184899845916795,-0.044272507153863085,0.06083645168390931,-0.012254017169271407,0.21511336121505614,0.47463570327977106,0.25760510675764914,0.18888839973585736,0.19702179176755447,0.24429672022892363,0.31285053929121726,0.2985714285714286,1.0,0.18425930002201188,-0.19946951353731016,0.1420845256438477,-0.027812018489984592,0.15777679947171472,-0.03629319832709663,0.20674003962139556,-0.11407219898745323,-0.12423068456966763,-0.1670526084085406,-0.061873211534228485,-0.20713625357693155,-0.2908562623816861,-0.19136033458067356,0.11396434074400176,0.07833149900946511,0.0675214615892582,0.004521241470394012,-0.19635923398635263,-0.06715606427470834,0.28212414703940125,0.12979528945630642,0.0760708782742681,-0.08592339863526305,0.1052344265903588,-0.16142637023992956,0.31158485582214396,0.08884877834030376,0.27954875632841736,-0.06716046665199207,-0.05758969843715606,-0.07078362315650451,-0.2240876073079463,-0.058386528725511776,-0.17099493726612372,-0.18715386308606646,-0.2984349548756328,-0.17359454105216818,-0.3044111820383007,-0.1268082764692934,-0.17708122386088487,-0.07934624697336562,-0.022606207351970064,-0.05612590799031477,-0.3750517279330839,-0.12810037420206913,0.28579793088267663,0.18244992295839754,0.20666740039621395,0.1961633281972265,0.10181598062953995,-0.04485362095531587,0.362227602905569,0.374983491085186,0.2500902487343165,0.16935064935064936,0.234323134492626,0.1864142637023993,0.21050407219898745,-0.027805414924058993,0.2719788685890381,0.2325313669381466,0.28273827867048207,0.049132731675104555,0.22906889720449042,0.06072859344045785,-0.07558661677305745,-0.10390490865067137,,0.2162953995157385,0.19337882456526526,0.3292295839753467,0.12207131851199648,0.08933744221879815,-0.07600044023772837,0.12420867268324895,0.10189302223200529,0.00699537750385208,-0.0988003521901827,-0.10009024873431653,-0.1517015188201629,-0.0497886858903808,-0.08579572969403478,-0.14456526524323135,-0.05388509795289456,-0.1780299361655294,-0.17686330618534007,-0.13350429231785163,-0.034459608188421746,-0.22421087387189081,0.13409200968523002,-0.2500616332819723,-0.08273387629319832,0.12667400396213954,0.11287034998899406,-0.2343781642086727,-0.28944089808496587
#101,-0.2208100374202069,-0.060523882896764254,-0.47550297160466654,-0.3360598723310588,-0.28828967642526965,-0.20610609729253798,0.005216817081223861,0.021096191943649572,0.31509795289456305,-0.38351970063834473,-0.27150561303103676,0.2620669161347127,0.1449900946511116,0.18425930002201188,1.0,0.2609421087387189,-0.40551177635923397,-0.3767444419986793,0.5633942328857583,0.20001760950913494,0.443053048646269,0.12463790446841294,-0.28720889280211315,-0.2762887959498129,0.07309267004182259,-0.0030750605326876515,-0.47902047105436935,-0.3432049306625578,0.14946290997138456,0.2982918776139115,-0.08767554479418886,-0.3700572309046885,-0.2828703499889941,0.18623156504512436,0.445478758529606,0.4538212634822804,0.4925291657495047,0.5013647369579572,0.19920757208892803,0.04972485141976667,0.47546555139775476,0.46986572749284616,0.25735417125247634,0.6133590138674885,-0.2636275588817962,0.02210873871890821,-0.14821703720008805,-0.17172573189522342,-0.48066035659255996,-0.4640215716486903,-0.5347809817301342,-0.6112766894122826,-0.6592758089368259,-0.6656394453004623,-0.5971780761611271,-0.39899405679066696,0.11301782962799913,0.16969183359013867,-0.1872044904248294,-0.33732115342284835,-0.0812788906009245,-0.21318732115342284,0.49189742460928904,0.03894783182918776,-0.054232885758309486,-0.3015232225401717,0.22887739379264804,0.24573849878934625,0.5242813119084305,0.33227382786704823,0.016621175434734757,-0.040147479639005064,0.3531454985692274,-0.21605546995377503,0.09328417345366498,-0.36539511336121505,0.014085406119304424,-0.2148646268985252,0.3755822143957737,0.3314659916354832,0.10870349988994057,0.029819502531366938,,0.15276689412282632,-0.1136055469953775,0.07720228923618754,-0.06794408980849659,-0.09562183579132731,0.24536209553158705,0.08317851639885539,0.25554259300022014,-0.025654853620955317,-0.2874114021571649,0.05105877173673784,0.09553158705701079,-0.31261941448382125,-0.25005502971604665,-0.6919018269865728,-0.49934404578472374,-0.5389984591679506,-0.56214615892582,-0.5751860004402377,-0.3329121725731895,-0.37140655954215274,-0.14574510235527185,-0.37710763812458725,-0.23804314329738058,-0.27339203169711646,-0.298382126348228,-0.06803433854281311,0.09207351970063835
#102,-0.15290556900726393,0.11466211754347348,-0.23156064274708343,-0.1897556680607528,-0.27867268324895444,-0.33715606427470834,-0.10330838652872551,-0.2346290997138455,0.17558661677305745,-0.32198767334360556,-0.3654193264362756,-0.25952454325335683,-0.38462909971384546,-0.19946951353731016,0.2609421087387189,1.0,-0.4275720889280211,-0.2009817301342725,0.2754853620955316,0.49104556460488663,-0.08487343165309268,0.6082852740479859,-0.16768214836011447,0.2834338542813119,-0.2627074620294959,0.40985252036099495,-0.2841932643627559,-0.08603345806735638,0.1370746202949593,0.13691393352410303,-0.08095091349328637,-0.38650891481399957,-0.07384987893462469,0.10036759850319173,-0.002837332159366058,-0.03581774158045344,0.205313669381466,0.4239819502531367,-0.1916068677085626,0.3006471494607088,0.202029495927801,0.05457406999779881,0.146946951353731,0.3032357473035439,-0.237012987012987,0.3178758529605987,-0.07568346907329958,-0.23272066916134712,-0.06613471274488224,-0.13139335241030156,-0.03015408320493066,-0.3081554039181158,-0.19590799031476996,-0.3132621615672463,-0.3932005282852741,-0.04901386748844376,-0.17251375742901168,0.4965639445300462,0.0017917675544794189,-0.0861237068016729,-0.26031256878714504,-0.2771736737838433,0.22584415584415585,0.11685230024213075,-0.05038300682368479,-0.087442218798151,0.06536429672022892,0.20636583755227822,0.3464406779661017,0.48138014527845036,0.056101694915254234,-0.056387849438696895,0.20279330838652873,0.009821703720008805,-0.10893902707462029,-0.3789984591679507,-0.24511776359233986,-0.20857803213735418,0.22147919876733435,0.4071076381245873,0.1795135373101475,-0.207310147479639,,-0.2855095751705921,-0.25820383006823683,-0.2800132071318512,-0.19987233105877172,-0.25532467532467534,-0.05907990314769976,-0.39884437596302,-0.1021417565485362,-0.18169271406559542,-0.13910631741140217,-0.04671142416905129,0.17411402157164868,-0.21069777679947171,0.12682808716707022,-0.3752454325335681,-0.34562623816861104,-0.10369579572969403,-0.2704226282192384,-0.27084745762711865,-0.19313889500330178,-0.11766013647369579,-0.3189984591679507,-0.04323794849218578,-0.19864406779661017,-0.26090028615452343,-0.4001056570548096,-0.04152542372881356,0.0862425709883337
#201,0.32415584415584414,0.11795069337442218,0.6936275588817962,0.4109267004182258,0.29784063394232885,0.3997160466651992,0.15755888179616992,0.14144838212634822,-0.1912326656394453,0.5198767334360554,0.48615232225401717,0.04012766894122826,0.277277129650011,0.1420845256438477,-0.40551177635923397,-0.4275720889280211,1.0,0.6419744662117544,-0.2500198106977768,-0.414851419766674,-0.20234866828087167,-0.4396103896103896,0.19232445520581115,-0.052509355051727935,0.11913273167510456,-0.20463570327977107,0.3804270305965221,0.28182038300682366,-0.03501871010345586,-0.23750605326876514,0.0462161567246313,0.23018710103455867,0.1865727492846137,-0.003929121725731895,-0.14690732995817743,-0.350708782742681,-0.31441998679286814,-0.5266784063394233,-0.017070217917675545,-0.25007704160246536,-0.09957957296940348,-0.24442659035879374,-0.07778780541492405,-0.36913493286374643,0.08018049746863307,-0.4371516618974246,0.3603764032577592,0.3161765353290777,0.1590314769975787,0.25316751045564606,0.30082544574069997,0.40964560862865945,0.3522474136033458,0.5085009905348888,0.41483381025753907,0.3272705260840854,-0.1028681488003522,-0.5417191283292978,-0.004047985912392692,0.04951353731014748,-0.08947611710323575,0.021248073959938368,-0.3256966762051508,0.00031917235307065816,0.18126788465771518,0.2967840633942329,-0.23476337222099933,-0.23394673123486684,-0.30256658595641645,-0.35261281091789565,0.20410521681708121,0.08973145498569228,-0.34298481179837115,0.021802773497688752,-0.07328417345366497,0.27466211754347347,-0.03756988773937926,-0.03552058111380145,-0.2574928461369139,-0.3383579132731675,-0.0274488223640766,0.11143957737178076,,0.015186000440237728,0.1212128549416685,-0.12898965441338323,-0.21780761611270086,0.08587937486242571,-0.016057671142416904,0.16622055910191502,-0.046610169491525424,0.0473365617433414,0.06213955535989434,-0.27086066475896986,-0.41132071318512,0.413383226942549,0.35465111160026414,0.6605304864626899,0.6054193264362756,0.3871846797270526,0.44912172573189524,0.39342064714946073,0.4800132071318512,0.3153973145498569,0.37301122606207354,0.27884217477437817,0.29971164428791547,0.07841954655513977,0.18076821483601144,-0.02580233325996038,-0.24750385208012327
