,#10,#11,#12,#13,#17,#18,#26,#49,#50,#51,#52,#53,#54,#58,#101,#102,#201,#202,#301,#302,#401,#402,#501,#502,#601,#602,#701,#702,#801,#802,#901,#902,#1001,#1002,#1101,#1102,#1201,#1202,#1301,#1302,#1401,#1402,#1501,#1502,#1601,#1602,#1701,#1702,#1801,#1802,#1901,#1902,#2001,#2002,#2101,#2102,#2201,#2202,#2301,#2302,#2401,#2402,#2501,#2502,#2601,#2602,#2701,#2702,#2801,#2802,#2901,#2902,#3001,#3002,#3101,#3102,#3201,#3202,#3301,#3302,#3401,#3402,#3455,#3501,#3502,#3601,#3602,#3701,#3702,#3801,#3802,#3901,#3902,#4001,#4002,#4101,#4102,#4201,#4202,#4301,#4302,#4401,#4402,#4501,#4502,#4601,#4602,#4701,#4702,#4801,#4802
#10,1.0,0.1086738361325157,0.26214348765713935,0.5483114760623664,0.1415503560147885,0.08103369555291755,-0.13216683173764718,0.6384837820688428,-0.23806513396505177,0.37226479726708017,0.16749436300162263,0.08231773705246448,0.04651349016247199,-0.24827190585568815,-0.0700889041862469,-0.11109862347192272,0.37677345939605095,0.014499553957137739,-0.13191770333583866,0.025967889596781934,-0.017273683002840157,0.03351854063204625,-0.007205523907194988,-0.009365261104828267,0.15129727059231213,0.13117500099510876,0.3957371882675508,0.25762077693408164,0.18943264752779865,-0.023325817335496817,0.13101952988721322,0.11645863040256246,0.2322920983682558,0.0519193891671291,-0.036982923933887316,0.08025353029462243,-0.047863091767758006,-0.2371472924847046,-0.14965358508413937,0.0975070769792713,-0.026305055854868656,0.07420420568078316,-0.2939888407334303,-0.18099412534623932,-0.10802291793982051,-0.06853606625316971,0.24730255286368882,0.32951586203344035,0.1079217680623945,0.11506220015031995,0.08917157782101623,0.21386221607205994,0.1392960249503031,0.21906300560304762,0.012090688357695938,0.2610046149631576,-0.06887229593831731,0.002130235150050692,0.09319415859457865,0.18720641365148716,0.27953845685559686,0.1167929869418318,0.038192976171242995,0.022796653624888488,0.2469747523349934,-0.03148055791649984,-0.012820278677278038,-0.1365031644458181,0.13896073183809463,-0.10875906426997652,0.3409429884637628,0.16223456937546976,0.012587072015434722,0.23809042143440828,-0.12141965726113292,-0.09003790778971128,0.1319945023168473,0.0634223780055211,-0.016947755620022993,-0.026089644078868806,0.11112391094127921,0.18500453067159303,0.04001929340254607,-0.06830847902896117,0.0908405507985455,-0.02146110061368942,0.20892647668284597,0.0871673117312785,0.03576350596714034,-0.10910653283039366,-0.06872900027863045,0.20097309928375584,0.20172235763505966,0.22701357328332034,0.1369433537272091,0.046895611921636944,0.050218572709669416,0.08924650365614661,0.11894335841007378,0.06579284411445858,0.3340282704541676,0.2284343544319802,0.1136610870333818,0.25438679057526653,0.308398015401942,0.3564086174076129,0.3707428662409943,0.1100356131860104,-0.24377260945610868,0.15088236878027764,0.07211002858888897
#11,0.1086738361325157,1.0,0.4977365373493581,0.18592424529781848,0.10742725755053396,0.12073689558850731,0.15263095045763295,0.06599608044224974,0.43570824816373166,0.15317884562702389,0.07791959053031101,-0.1666261598870493,-0.13964630322953764,0.15181332228177266,0.14273886707454417,0.2824652472903774,0.08791001407200841,0.4204074560571684,0.14444811268845603,0.06670412958423186,0.13550852398446225,0.29556790270880307,0.022466043377375677,0.12318416067845343,0.06897344581574333,0.2124742149762696,-0.20720599219366456,-0.01333539379379942,-0.3201623080903512,0.09122454570358872,-0.17533535164801717,0.03952852918244207,-0.1404433268007371,0.12260161231031472,0.0341554102306545,-0.20795056768027273,-0.023261193802696863,-0.008003484051333562,0.12178866699915006,0.008820175654254733,-0.0629821887241301,-0.16934877742109958,-0.11463324974419851,-0.1532678200562412,0.02802273062523268,0.11131216210204431,-0.279648035889475,-0.23125156583288262,0.15865686074799398,-0.02715733722947676,-0.012710699643399853,0.022379878666975737,0.056860747993977834,-0.013166810664756059,0.28785803427388673,-0.09306491152897874,0.2790430097707972,0.1288213931990756,-0.027999316301754434,0.22153555816235024,0.10300756985078052,0.14530414035482067,0.14996640044580872,0.004835057798257506,-0.017206249751222813,0.2159966658003367,0.20574025554392644,-0.04034803050418063,0.3535473870785714,0.38881778739325995,0.3045365251739099,0.4615248812308442,-0.14820564332024472,-0.07335192430617506,0.08643865798463551,0.3138544893453121,0.22073947116408993,0.3118277455050352,0.02534975145695628,0.22775252933229373,-0.20418367131909274,0.0034938853494236566,-0.2575252464942904,-0.05532289522792673,-0.03892724935552075,-0.03978140387600711,0.2374647907110696,-0.17542713579605188,-0.0022370044651114874,0.029428526606866484,-0.11304763175825179,-0.06003104739293215,0.037427796079973964,-0.01172823463025271,0.05978566528288015,0.19915895750066145,0.28749839026526086,-0.1674156908747357,0.1816956184776475,-0.18861595592487748,-0.08560885436056653,-0.1283371849895455,0.19063052431694566,-0.14443687381318648,0.005526248627335286,-0.22709599170196376,0.01721093261591846,0.03239839939684703,0.07169512677685447,0.17889526538964948,-0.07999690930930087
#12,0.26214348765713935,0.4977365373493581,1.0,0.6105008557935231,0.29544052878908145,0.26385554298986863,0.19208689523729247,0.013681925781277438,0.025462140209651853,0.29786718927436673,0.05650859656886504,0.05271079330069377,0.056942229839682126,0.04739012243349747,-0.1476127926497756,0.21653987810503197,0.4232415257709751,0.6847963773358714,-0.140817955976389,-0.000544617164103969,-0.14621917211635047,0.34186082994411,0.03553404559705354,0.2074935200859774,0.009333417624897856,0.427368066140781,-0.08863117523513835,0.3213480094312895,-0.3233223051869751,0.0019813200527290563,0.06251015596280869,0.27338985551020983,0.1219563135552543,0.37731198883605055,-0.05702745797714294,-0.0904097272465458,-0.13170697442453447,-0.18485655214721053,-0.1282173036533369,-0.07763393578387642,-0.2170690418156403,-0.13147564090856942,-0.32890334333124943,-0.28939120417524217,-0.11737085244527487,-0.12676374245180747,-0.08475001697538452,0.18817670321642563,0.09937553999283522,-0.005264944777318077,0.13371966967072438,0.32564125978426045,0.1222457145934454,0.2528180309022241,0.1443656942698126,0.11357866861473838,0.025372229207495392,-0.17733118858130273,0.10810720950434219,0.1245290794190438,0.19284645589092672,0.2651161701659373,0.1300539231869704,0.08811793326449523,0.10418765175408404,0.18006223527180518,-0.018067896855222212,0.04711102369763679,0.36683267422012744,0.327759787772572,0.5269276427161552,0.578646136987841,-0.13245248648408178,0.157805515946325,-0.26562098298012826,0.0419982720229273,0.1901163457733634,0.25224672140935495,-0.027668706054241623,0.36050331429748833,-0.1481794192779491,0.23975377497430278,-0.14974162294041757,-0.16954545773831683,0.07152186078311547,0.031694096546621434,0.35236168573763316,-0.1775606489513895,-0.07591251472175589,-0.08950968065204208,-0.12483908506189577,0.013621985113173132,0.04860766725436619,0.15734472206027314,0.033449234234550644,0.2192887196813779,0.4054915954285875,0.1437709704534652,0.5495955175619133,0.051334967653112115,0.3904389951508936,0.1964625640089068,0.5397399605234506,0.2227952487654798,0.42334267564840117,0.18248327631945566,0.3788489050291625,0.17586357878568634,0.11007588582239299,0.36408570578965976,-0.03576069624832295
#13,0.5483114760623664,0.18592424529781848,0.6105008557935231,1.0,0.37294568579382753,0.2414396062647364,-0.0028579523237545336,0.16840752161727415,-0.2392227381178162,0.41161303615873973,0.008695611453350472,0.01643357707644074,0.09438922566490825,-0.07423885887953097,-0.1309783206778915,-0.04478363994389928,0.40997684323408,0.18657610006345282,-0.14307228704087438,0.0303660361189354,-0.1397586919822332,0.03668603031218318,-0.011182212606740047,0.01614042974649312,0.09568637918560301,0.23694873902160907,0.15316105074118042,0.29072956690525864,-0.023247145208609914,-0.02599879650377322,0.10710039359477767,0.20654851799039545,0.13667455729367883,0.29891896068500945,0.05982312820044534,0.1718456808768196,-0.1584686095872289,-0.1259152073689559,-0.2362004172432444,0.12478101753966972,-0.02725099452338974,0.013214575884651678,-0.3495023285544699,-0.21018148442127987,-0.0860827602677662,-0.004460428622605593,0.08625040682387043,0.2975206572868887,-0.03105816352095231,-0.025582958118799595,0.06190419327119172,0.18718018960919153,-0.10074199991102557,0.2356253614586187,-0.19855674110080102,0.2870450889627221,-0.18371299658853307,-0.09753423759450607,0.21056922561807961,0.1988620638789573,0.2686817033452044,0.22190082160861085,0.0696365394566472,0.017681092231361613,0.29831768085808813,0.1689123344314651,0.01692527786948388,-0.029390127116362165,0.1939122758956564,0.10090683674831241,0.37503705316690433,0.36045367593171446,-0.13879402185492953,0.20975347058809757,-0.2510188742861558,-0.11467445895352023,0.10254115652709389,0.1355918789760448,-0.028490080521858443,0.25493187602584005,-0.03682932597187003,0.35545612272851795,-0.027743631889372004,-0.06590055000245851,0.22597585046676455,-0.015557881378354394,0.3196912119019689,-0.13173975447740402,0.04347899383969149,-0.06478321848607667,0.02179826687177614,0.2305566287120483,0.2644802371402682,0.2792631044114927,0.14642990102765466,0.015080229179398205,0.24076621032150208,0.08824718033009513,0.2717864426384196,0.11591073523317154,0.41885274497821295,0.14436756741569087,0.2911519613008062,0.157170519493595,0.36314444998583434,0.27253382784384517,0.4082750902036812,0.1956889547611856,0.07718250762721587,0.256677647984378,0.06565985075710215
#17,0.1415503560147885,0.10742725755053396,0.29544052878908145,0.37294568579382753,1.0,0.26118911983216614,-0.033066175902446565,0.03526056629882764,-0.029634572653475036,0.06650276640231896,-0.03430807161973266,0.3700994406318121,0.19743940958441916,-0.0032691078440325086,-0.3091463371803067,-0.2356918581372969,0.2728260386008537,0.12592082680659067,-0.3805366094654744,0.023001763098557913,-0.3129900325224953,-0.13801760288839093,-0.06660672599856236,-0.09549531830602052,-0.06898655783689114,-0.010290595168688493,-0.041969238261814285,0.26402880898360764,-0.18890067409837294,-0.09506449475402083,0.04020660799037203,0.269602354544369,-0.07252680354680172,0.0548817693735966,-0.015458604646806637,0.31946362467776035,-0.20160434944472932,-0.18664915275270494,-0.32908316533556237,-0.1742863899561918,0.06815956393163954,-0.03142810983190857,-0.10423167068222314,-0.06356473709226883,0.1803591288935093,0.11622074087602349,0.08432293971514133,0.2806998073001178,-0.0009595189761384629,0.09710997005308027,0.15237901233700704,0.08424239444237618,-0.20143576631568597,-0.0841393714190719,-0.23885279180685992,-0.09992905459986091,-0.11656258999880587,-0.10385985122538861,0.2942557640210823,0.08971198040689411,0.07316835601010563,-0.009103020681871929,-0.010702687261905599,0.13231293711615144,-0.0268660630454074,0.04720655413742803,-0.060269873492410246,0.09228287312480536,-0.16642947956983206,0.06924411539515184,0.01544830234447621,0.02080362641042031,-0.1589846612766894,0.16327603848378208,-0.23534719929569714,-0.07661026156140757,-0.20345220785363238,-0.008614129607646182,-0.010733594168896882,0.09889414150212252,0.07252212068210608,0.49530706714525546,-0.14587264012887244,0.32145009588165463,0.6892816251413639,0.22461220026739157,0.2788678706311799,-0.005515009752065729,0.17020574166040334,0.2623617091519566,0.4070425602157864,0.28864569211569485,0.4379822472599388,0.15076248744406903,0.22498027343246957,-0.02453118670815685,0.008024088655994417,0.01397600968416419,0.2044964866807621,-0.010386125608479731,0.10397785941571897,0.15586025395175246,0.32361076965222707,-0.030167482655839885,0.0038188761593016913,-0.07329198363807075,0.08975506276209408,0.04290768434682232,0.0007609655130429489,0.01725963440875321,-0.15095167517777325
#18,0.08103369555291755,0.12073689558850731,0.26385554298986863,0.2414396062647364,0.26118911983216614,1.0,0.4297703757296489,-0.04378338004490867,-0.22957041740714465,0.3019806176230247,0.2779846823495805,0.29680324241551526,0.4624005769289305,0.3041431645394754,-0.1255920897049561,-0.11730997520423143,0.22286174544415802,0.14701057624991512,-0.20445434089850126,-0.19539487085829885,-0.24452093123447338,-0.15585650765999592,-0.1350009014514539,-0.12631418744102518,-0.30909950853335016,-0.04027685096080676,-0.14242324199405745,-0.11375661747317303,-0.004088609165771069,0.21702034002280554,0.006658565310743194,0.1626101351240608,-0.12296312946481881,0.2786908583456844,-0.09827787650817511,0.026705909072816204,0.0997305011367654,0.13748562945896523,-0.14533879355356846,0.0284919536677367,-0.088419509750895,-0.13930445410675527,0.04295544956671794,-0.08758221354331298,-0.11524108558169374,-0.011414482695644233,-0.11837111234426548,0.017062954091535958,-0.06187984237477435,-0.06288103884670408,-0.19928164855568745,0.07167171245337622,-0.05073649754500818,0.1186015092872914,0.051795761539163966,0.15460056334862288,-0.10329135145133685,-0.0019803834797899266,-0.06540697606353711,-0.06123267047383566,0.18399677818908938,0.059476596212967324,0.4003732243162432,0.3677055601993964,0.03984321768998968,0.0022969451332157933,-0.16672450004565792,0.07498718065789566,0.11802739007560485,0.15261877500942428,0.20191716480639868,0.24863342301019226,-0.06410513967814671,0.15413321345199713,-0.02352530737153146,-0.04105046020852796,0.10204383629641597,0.09172373908014489,0.3137533394678861,0.41652442465153633,0.013778392794007806,0.22459534195448724,-0.07152092421017633,-0.028904045760953807,0.12098415084443757,0.0036540393220148492,0.13312119956262045,0.026835156138416114,-0.13059994521048307,-0.21725916612228366,-0.102123444996242,-0.02114453896026355,0.17668401668036404,0.1091299471538719,0.030627339968952606,-0.09177244087297963,-0.04669050244796752,-0.14614705600003747,-0.004919349362779187,0.04393978772574335,0.20937415854775,0.10819805707943778,0.2168807906548752,-0.12442699296867867,0.1016486025161032,0.027262233398659297,0.2446632903212211,0.11431481494489439,-0.12410855816937454,0.2044777552219795,-0.03221014823608194
#26,-0.13216683173764718,0.15263095045763295,0.19208689523729247,-0.0028579523237545336,-0.033066175902446565,0.4297703757296489,1.0,-0.059140366527819725,0.2660208996251367,0.48748293681176524,0.407552055894673,0.22342930864527066,0.3410947132799019,0.42205395128415857,0.146937523560663,-0.08626632856383563,0.262191252877035,0.018200890212578643,0.09087052113259765,-0.27791724909796317,-0.05461390951300549,-0.144931384325047,0.15199782715078122,-0.04511893305610774,-0.19323513366066558,-0.15468766463196196,-0.16940965466214303,-0.20096654327318195,-0.13198045372276035,-0.15811271187035958,-0.03571386760136646,0.008158955159229106,-0.18074406037149165,-0.0013931522469555525,-0.1981952239462969,-0.27631570937205124,0.11404508193842501,-0.03742217664233918,0.004503510977805563,-0.18121421998693482,-0.15097789922006888,-0.3804298401504136,0.03045313740227447,-0.2121473510205133,0.04759429533422776,-0.05897740283641115,-0.2299497294474922,-0.14680172048448917,-0.11077175951616643,-0.032401209115664416,-0.19109225477593664,-0.07627777816801651,-0.10633521350350864,-0.1258121843456516,-0.002938497596519695,-0.18508601251729734,-0.012349182488895757,-0.16904532778882153,-0.15381384207975388,-0.03123142951469132,-0.047436951080453954,0.018505276417795823,0.20187314587825958,0.26708390991104897,0.06261317898611296,-0.10450421340750991,-0.30311387087937175,0.16861450423682184,0.13027963726530067,-0.04851213681457495,0.1646387521102159,0.15661887803244756,-0.11233958261626968,-0.04273910121777896,-0.0952274584454294,-0.07926919213559704,0.05471599596337063,0.07581417456314726,0.3450470510830295,0.020599453509690016,0.06722018127369236,-0.01690841955657954,-0.06729229739000536,-0.0052059406821529,-0.023979545247009404,-0.10375963792090173,0.052314622947441866,0.15841616150263763,-0.20736708273919488,-0.09538667584508147,-0.07826518594484991,-0.14162153555816234,0.08153288892947372,-0.16859202648628271,0.08719634549239151,0.11926834921995182,-0.1341607955250545,-0.12231408441800187,-0.10696833681036037,-0.07475678371486974,-0.09166005212028407,0.06807620894005699,-0.13092025315566544,-0.07301288490221008,0.02866990252617136,-0.13740602075913919,0.0030967784232326283,-0.09538573927214233,-0.06813802275403956,-0.030370718983631046,-0.20623851234754348
#49,0.6384837820688428,0.06599608044224974,0.013681925781277438,0.16840752161727415,0.03526056629882764,-0.04378338004490867,-0.059140366527819725,1.0,0.11527854849925893,0.29524946790949896,0.3395905771396594,0.15615995729227397,-0.09241492990922266,-0.1555792820700135,-0.032309424967629695,-0.21203964513251336,0.3222602314740019,-0.10852866732695059,-0.20374722832945827,-0.2605222798995057,-0.15394496229123203,-0.24098443181631932,0.02919157365326665,-0.2671063876615881,0.06597828555640628,-0.1010323375221558,0.27934645940307523,0.04062150980240652,0.21526801205369372,-0.1375605552940956,0.15175338161366836,-0.07024531186708156,0.1916766762899536,-0.08415622973197624,-0.030026060142031286,-0.019910135826490497,-0.01709011470677072,-0.13298726963232488,-0.08324494426220296,-0.02162219115921974,0.04798297310396662,0.1188028724692043,-0.2076883272573164,-0.09220326442497934,-0.23200363390300383,-0.16976180608725583,0.27373919721650525,0.10608046566406533,0.14827869600949686,0.1761454872403644,-0.01744320270482265,0.019746235562142785,0.11424831826621618,0.024006705862244168,0.07881963712481474,-0.016380192418910346,-0.13138479333347383,-0.12065166745104651,-0.04290393805506581,-0.019616988496542875,0.18180613408446483,-0.018962324012091157,-0.03536546246801018,0.0077927551400293615,0.08177546132070833,-0.17266143590680164,-0.08783602480981716,-0.2532422984436499,0.010234400792340706,-0.28998592799158956,0.132641674217786,-0.1605374992097666,0.27409228521455714,0.1751040181320521,0.06331186239870379,-0.014135227083816254,0.09790699362427972,-0.1727110742725755,-0.0507308781073734,-0.3256824689935821,0.031281067880465196,0.002734324695789402,-0.2138144508521643,0.05612834795557835,0.052587165672728635,0.175529222246417,0.05991491234848006,0.29290990870755274,0.01467469309675501,0.03977859415718972,-0.01670143693703186,0.059017675472793726,0.013360681263155923,0.11907073232979543,0.0687683363420739,0.053402920702710674,-0.09202344242066642,0.20013299335735643,-0.13067861733736996,-0.035204371922479855,0.021052754812228833,0.31615096619205835,-0.15430741601867526,0.2979102716295667,0.07530093259250414,0.20451990100424033,-0.007460271746638289,-0.009604087204306362,-0.26769361889442245,-0.05671932548016924,-0.10762300129481209
#50,-0.23806513396505177,0.43570824816373166,0.025462140209651853,-0.2392227381178162,-0.029634572653475036,-0.22957041740714465,0.2660208996251367,0.11527854849925893,1.0,0.016589048184336284,0.20886653601474167,-0.10773070718281201,-0.14475718175836885,0.24392620741812596,0.30526798863937027,0.2241008314426267,-0.004699254722083687,0.10694023962218648,0.2282704541676325,-0.04938689593972217,0.10128708536159911,0.11345223126795585,0.2561344356796827,0.1042775627562405,0.09130321783047561,0.008375303508168086,-0.20790373903331624,-0.17367199810812267,-0.13876592466675564,-0.11605777718461492,-0.10876281056173304,-0.09503077812821216,-0.17133805834381124,-0.12222604656172367,0.05272671504065897,-0.1749026549501392,-0.04634584360636776,0.046234391426611315,0.0794096780764665,-0.20596035018462194,0.029166286183910144,-0.15820543259133343,0.1379782668249475,0.027636862574311208,0.03345859996394194,0.059935516953140915,-0.22643570777987726,-0.32817375301166735,-0.06762478078339644,-0.09946732414086994,-0.2047418687908141,-0.18917789968835536,-0.06594269578471934,-0.27005846556572516,0.020352198253759755,-0.4194671368262821,0.039494812556633396,0.001412820278677278,-0.16717405505644023,-0.0736394521984879,-0.2451971368965251,-0.12995932932011828,0.038104938314964795,-0.013168683810634317,-0.22935687877702304,-0.10572925081189166,0.16407961806555543,0.07780439205879805,0.07006455328982952,0.09341050694351763,0.00896347131394159,0.016771679907466593,-0.03260538201639471,-0.19611790516730704,0.0172624441275706,0.1515951007869554,-0.061710322672791855,0.03249673955545566,0.031115294470239224,-0.09634759968062863,-0.06042721774618405,-0.1326800737082903,-0.13522474238390594,0.060371959942775395,-0.11462763030656374,-0.05921341921707185,-0.06587713567898026,0.08815633275499954,0.021745818787184873,0.16291733104809536,0.044417439924699535,-0.20331359505864116,-0.19636890671499382,-0.2778704204510067,-0.0738342593698269,0.23376158130975042,0.10288019593105886,0.06552498425386746,0.017682965377239873,-0.14164307673576235,-0.2985602532493227,-0.057255045201351475,-0.2352516688559059,-0.07902193687966677,-0.1393185027008422,-0.30938516327978477,-0.3241998740309397,-0.23734771909367836,-0.03292756310745536,-0.1525223079966939,-0.19211405585252722
#51,0.37226479726708017,0.15317884562702389,0.29786718927436673,0.41161303615873973,0.06650276640231896,0.3019806176230247,0.48748293681176524,0.29524946790949896,0.016589048184336284,1.0,0.38216624637956026,0.2896600006087724,0.3740452224243659,0.010916225892027188,-0.043465881818543675,-0.19023529053663288,0.6592241898058718,0.03933653172992046,-0.11286593660806062,-0.24329964012184813,-0.06954569188155162,-0.12453938172137423,0.02413314320902669,-0.08626539199089651,-0.07298291456815792,-0.05455677856371857,0.03562395659921,-0.16236943587870445,0.07959137322665767,-0.15046465724942576,0.11740831536284006,0.10699643399853426,0.07391761436140945,0.01678010906391876,-0.15409387738855368,-0.22835006286745854,0.10008827199951298,-0.28167758944856924,-0.16187305222096565,-0.16962412986520373,0.027181688125894134,-0.16900224543362155,-0.15149769720128592,-0.3885499275326688,0.01860642629522184,-0.13210033505896898,-0.10245780153551133,0.1615283933793659,-0.07020691237657725,0.09564704312215955,0.08728344677573059,0.26469939520802455,0.09078248327631945,0.13364099754383746,0.028834739363458203,0.02308886438189698,-0.14287186043190062,-0.19937905214135695,-0.18072813863152645,0.0324040188344818,-0.023877458796644258,-0.042586439828700806,0.11533474287560673,0.15481597512462272,0.08769647544188681,-0.21490087546155484,-0.3256749764100691,-0.033843531441924285,0.1278183235812676,-0.13772913842313897,0.3270086562753899,0.2293587519229013,-0.06836654655118722,0.022856594292992794,-0.20571028520987428,-0.203817471299893,0.005136634284657296,-0.017383262036718344,0.3229205153960884,-0.009153595620584936,0.12192540664826301,0.05485741847717923,-0.013651955447225285,-0.16525314395828505,-0.025408755552121454,-0.08119946896314352,0.12202468337981076,0.2787648476078756,-0.2346756764983411,-0.17599001613246887,-0.16118654425658352,0.037301358733191445,0.12566607896714738,-0.015778912591989023,0.05144080039523378,0.146742716389324,-0.14661253275078495,0.0541961979821536,-0.061802106820826576,-0.049387832512661295,0.1964119890701938,0.3173984813469792,-0.048315456497357696,0.16230949521060012,0.09318104657343083,0.07661400785316409,0.2521371423754768,-0.17318966304447084,-0.17608086370756446,0.0318851574262039,-0.11741112508165745
#52,0.16749436300162263,0.07791959053031101,0.05650859656886504,0.008695611453350472,-0.03430807161973266,0.2779846823495805,0.407552055894673,0.3395905771396594,0.20886653601474167,0.38216624637956026,1.0,0.06818766111981343,0.2344246749506543,0.44816373168121865,0.19640917935137642,-0.020245428938698958,0.21362432654552097,-0.0741836010761223,0.02088698140200286,-0.27978383896564885,-0.1464214718712025,-0.1173905204769966,0.14902420806904415,-0.23760153036018253,-0.05524796939279635,-0.15411635513909278,-0.041135688345988776,-0.2013739525017034,0.03353820866376797,-0.21663915483657972,-0.06904087906736067,-0.1875847891188956,-0.19872532422984437,-0.11343349980917326,-0.2975796613820539,-0.23070460723643083,-0.06926003713511704,-0.18446693780453255,-0.18953098768640728,-0.14833114409408812,-0.10170292374657273,-0.1334977018841506,-0.23737862600066964,-0.3193765233944213,-0.1735727213765749,-0.19612165145906357,-0.16308778732301699,-0.060829007537070726,-0.13645727237180072,0.17467787744474805,-0.15488902781387487,0.0466080840293241,-0.07330977852391422,-0.0065087136404824286,-0.041137561491867036,-0.0808529369756655,-0.11594351528604108,-0.08879039263479041,-0.08581115411541856,0.004452936039092554,-0.1417713872284231,-0.13026090580651808,0.15858661777755925,0.03878863656052954,-0.051239437213320874,-0.30190100892319865,-0.10285022559700671,-0.12030326231769023,0.24803214318327094,-0.09937647656577435,0.2994949530425743,0.1355918789760448,0.35917712701568055,0.16624497470082347,-0.07868945348627569,-0.10214592274678111,0.18167033100829102,0.01065492204200998,0.20951089819686294,-0.0027333881228502723,0.08838204683332983,-0.08001938705983999,-0.007141836947334162,-0.14006776105214605,-0.129654006541962,-0.07876625246728433,-0.13047163471782228,0.08635342984717471,-0.06607287942325839,-0.2287893155759104,-0.3745434792279829,-0.16333129628719073,-0.07814530460864129,0.0037786035229191105,0.04444085424817778,0.2106956629648621,-0.10759865039839471,-0.08063190576203086,-0.17551423707939096,-0.3268691069074596,-0.11811449135894392,0.11259058416395645,-0.2282826296158412,-0.03178869041347354,-0.13285802256672496,-0.1289937226198755,-0.03134662798620428,-0.13820679062209515,-0.1666289696058667,0.10591656539971762,-0.08920904073858142
#53,0.08231773705246448,-0.1666261598870493,0.05271079330069377,0.01643357707644074,0.3700994406318121,0.29680324241551526,0.22342930864527066,0.15615995729227397,-0.10773070718281201,0.2896600006087724,0.06818766111981343,1.0,0.437795869245052,-0.22161142057041974,-0.3610540191856967,-0.42125130827532437,0.42866334651559745,-0.0027717876133545936,-0.31854765634329146,-0.18963307413677244,-0.24472416756226453,-0.32654411609758155,-0.13276061898105548,-0.23675674156908746,-0.13827797016546903,-0.21067412178726214,0.16645757675800593,0.0018895359046943378,-0.045753929508837735,-0.32577706286043423,0.204308235519997,0.06010316350924515,0.16312244052176478,-0.12720674145201585,-0.11925055433410835,0.05763623038757729,0.18931182961865092,-0.3040888433090059,0.007069720831021169,-0.42772677357646766,-0.08184851400996045,-0.19607294966622882,0.09117771705663222,-0.16838504386673503,0.19347021346838716,-0.15075312171467772,0.12088019124819417,0.05582958118799594,-0.04601336021297669,-0.03052619009152659,0.1390824863201815,-0.012708826497521595,-0.03227851806063842,-0.1583580939804116,-0.04271943318605724,-0.225235957844852,-0.0591834488830197,-0.2623401679743566,-0.001556115938364135,-0.1863457031204269,0.14737209340441923,0.06732226772405751,0.06780460278770935,0.2959303564362463,0.048351982841983755,-0.00939991430357607,-0.4446665683265081,-0.13228203020916016,-0.22986356473709227,-0.10695709793509081,-0.0024533528140504674,-0.060194011084340734,-0.17979812170297058,0.23277443343190762,-0.07831014144592813,0.023245272062731654,-0.22864508334328443,-0.06748804113428349,0.12824165454975428,-0.1403524792256415,0.33208488160547334,0.1608615534467055,-0.14348531570703063,0.22231572342064534,0.3510860733945384,0.2018778287429552,0.10945493796374994,0.410828188035749,-0.34021527129005896,0.14720631999419326,0.2587296792940113,0.29159777001983195,0.1873113098206697,0.02780731884923283,-0.11315065478155607,-0.056006593473491476,-0.2893677898517639,0.19592309799596805,-0.050331898035304114,0.21929714883783005,0.0757963796773038,0.4898224960137114,0.027436435965337437,0.1391321246859554,-0.038421499968390664,0.09977920292960016,0.014853578528128797,0.15972455389860193,-0.0668689664215187,-0.03173436918300401,-0.2787039703668322
#54,0.04651349016247199,-0.13964630322953764,0.056942229839682126,0.09438922566490825,0.19743940958441916,0.4624005769289305,0.3410947132799019,-0.09241492990922266,-0.14475718175836885,0.3740452224243659,0.2344246749506543,0.437795869245052,1.0,0.23714635591176547,-0.02033253022203803,-0.17056444909609003,0.3464959294198633,-0.07641077152537293,-0.04196830168887515,-0.04333850789882202,-0.14311536939607436,-0.20299609683227618,-0.13877529039614694,-0.1844435234810543,-0.24036254738473714,-0.23288120274696844,-0.07750937158297216,-0.04387891048469991,0.054073506927127604,-0.06321914167772993,0.07971968371931845,-0.00810369735582045,-0.14196806754564037,-0.1896134061050507,0.023241525770975137,-0.06971708472941238,0.16886082291981297,-0.24251104570710086,-0.14457548660817768,-0.3533029415414586,-0.03283671553235976,-0.21305208047971266,0.07407402204224413,-0.19049191152195444,0.11871296146704785,-0.22426192198815703,-0.237987398411104,0.005353919206535406,-0.24714614518285416,-0.10718281201342109,-0.15996431657101914,0.1492892582108179,-0.08805986574226918,0.06634823186736254,-0.08918281669628579,0.0355199970029666,-0.10871036247714176,-0.23934636574578133,-0.05576964051989164,-0.2376286909754173,-0.07395601385191378,-0.12313920517737521,0.2826216549712121,0.3089674517489329,0.009206043705176204,-0.12231595756388013,-0.16741756402061397,0.024410368799009107,0.06476729674611147,0.06916169697650841,0.18539508158721016,0.16015350430472336,-0.08721975981586975,0.06227226643626972,-0.1713464875002634,-0.1744409244911482,0.0018445804036161082,0.13076946491246555,0.3184081069753611,0.12831564381194552,0.4136397799990166,0.25287984471620667,0.1530196282273718,0.2353481358686363,0.2681169498629091,-0.06986038038909922,0.020793324108089883,0.05872827443460262,-0.09656301145662848,0.0067334911458735765,0.018656064660995716,0.11798899058510053,0.12923816815698835,0.07684346822325089,-0.07099831651014192,-0.004371454193388263,-0.2604267494597145,-0.11359646350058185,-0.10668174549098666,-0.10311902203053697,0.1640009459386685,0.15597732556914368,0.0024777037104678416,-0.1632797847755386,-0.15875239118778522,-0.07729395980697232,0.1015259114610772,-0.05192313545888562,-0.13918831906230317,0.04349678872553496,-0.060276429502984154
#58,-0.24827190585568815,0.15181332228177266,0.04739012243349747,-0.07423885887953097,-0.0032691078440325086,0.3041431645394754,0.42205395128415857,-0.1555792820700135,0.24392620741812596,0.010916225892027188,0.44816373168121865,-0.22161142057041974,0.23714635591176547,1.0,0.2694628051764386,0.03733413878606098,-0.07990137886950964,-0.09212271915221418,0.04346119895384803,-0.06970584585414281,-0.18176492487514312,-0.18644497985197464,0.03886637211447731,-0.2976583335089408,-0.21742587610544875,-0.282231104055595,-0.229421502309823,-0.2069681026671256,-0.09037226432898061,0.1545668467228142,0.011982982469696013,-0.3055517702399266,-0.27373638749768786,-0.23588291901687938,0.027293140305650578,-0.13668860588776577,-0.07839443301044981,0.001724699067407496,-0.18278110651409893,-0.03836249587322549,0.023294910428505535,-0.15249608395439826,0.07024999473177722,-0.11831960083261334,-0.1001079400312347,-0.12617838436485135,-0.2355850888222361,-0.21457026521404204,-0.10241003631561571,-0.033528842934376676,-0.19572829082462906,-0.003993078725979831,-0.12903399525625805,0.04981116348114796,-0.06644844517184943,-0.056774583283577894,-0.09067477738831953,-0.0008396376399298507,0.023376392274209824,-0.03636010292936601,-0.07599586971333844,-0.013541439840407971,0.24640344284212423,-0.023416664910592407,-0.045750183217081214,-0.0871673117312785,0.311169334728827,0.07639953265010338,0.24929932636991353,0.12674501099302488,0.19490223349231658,0.10710507645947331,0.23797803268171272,0.07674700121052053,0.006238044061073921,0.027130176614241996,0.16506395622458084,0.1704623626457249,0.14894553594215726,0.09399399188459548,-0.11873450264464784,0.058437000250533264,0.02643149320165118,0.15963651604232373,0.0006963419802429938,0.029853730721231406,-0.11416215355581623,-0.2662784571833974,0.2775885119963286,0.0862522799697487,-0.12823790825799775,-0.1174532708639183,0.013599507362634019,-0.021445178873724213,0.027422387371250488,0.03368150432345483,-0.08891495683569467,-0.2330413567195596,-0.17731433026839838,-0.30504789399867477,-0.17179791565692396,-0.085431842075071,-0.19082907778004116,-0.20718257787018632,-0.1826799566366729,-0.22008387010669908,-0.15242022154632875,-0.03269903931030769,0.008467087656202806,0.022724537508575497,0.010270927136966769
#101,-0.0700889041862469,0.14273886707454417,-0.1476127926497756,-0.1309783206778915,-0.3091463371803067,-0.1255920897049561,0.146937523560663,-0.032309424967629695,0.30526798863937027,-0.043465881818543675,0.19640917935137642,-0.3610540191856967,-0.02033253022203803,0.2694628051764386,1.0,0.5226006757373756,-0.10280807981474588,-0.15124669565359913,0.6714605152556025,0.2099595166347061,0.5491740597393049,0.235807993181749,0.39949378232640037,-0.0039752838401363655,0.36400516051689463,0.03378640049263736,-0.005977676783995842,-0.2794813259063099,0.3063675252699086,0.19217118680181414,-0.05088260292351243,-0.07983956505552707,-0.019790254490281885,-0.03163883874321277,0.2847476755430367,-0.07167920503688927,0.33826064356609514,0.24619271393082004,0.21075373048708818,0.17181009110513265,-0.009391485147123901,-0.11722006420207498,0.20629751644270866,-0.06630046664746692,-0.2532104549637195,-0.12749520591726782,-0.25712626642222114,-0.4345394051356977,-0.27938017602888393,-0.37125048877400263,-0.42896492300199723,-0.30820227165766384,-0.1549939239830574,-0.10517760935074423,-0.07271318156168854,-0.00542135245815275,-0.029518437609022945,-0.08896834149322506,-0.3147264387516419,-0.2882954138364603,-0.3099742676584974,-0.2511687259564166,0.24552681057109876,0.04209848532741419,0.08305201023674222,0.02033065707615977,0.3459967360433071,0.12131007822725474,0.49881265965641824,0.1639091617906338,0.22656401827253805,0.2128713219024606,0.18358562266881143,-0.24396835320038682,0.15788793436496842,-0.11844229188763934,0.06535078168718932,-0.04616133873735919,0.29530940857760324,-0.022910915523462323,-0.1343490466858196,-0.21541880029689361,0.08761593016912166,-0.04141666022772771,-0.2601307924109495,-0.4482695644233403,-0.3605164263186362,-0.22389759511483556,0.06332403784691247,-0.15072877081826036,-0.1790029712776494,-0.4155485156489631,-0.36471695595063325,-0.33978257459218103,-0.1398776367455027,0.3362760455080791,0.03376298616915912,-0.11847788165932628,-0.2522523408469897,-0.13391822313381987,-0.248876931974366,-0.20851063829787234,-0.1748745577619653,-0.2664329917183538,0.025021014355321725,-0.09935399881523523,-0.0549698072298748,-0.2866067728272093,-0.15270868601158072,-0.38585821690560984,-0.13122182964206525
#102,-0.11109862347192272,0.2824652472903774,0.21653987810503197,-0.04478363994389928,-0.2356918581372969,-0.11730997520423143,-0.08626632856383563,-0.21203964513251336,0.2241008314426267,-0.19023529053663288,-0.020245428938698958,-0.42125130827532437,-0.17056444909609003,0.03733413878606098,0.5226006757373756,1.0,-0.11306542664409526,0.3474399949425061,0.48473128551660194,0.44240474467850965,0.29792338365071447,0.6533003659658759,0.12172591661222837,0.35099709896532105,0.19515042532118598,0.4934479698610828,-0.3408596334721803,-0.06433272690235525,-0.05116544795112962,0.20934699793251524,-0.1199567303302122,0.0055402972214222326,-0.02425958055580921,0.25966999852489764,0.10313400719756304,-0.062363114011365316,0.06097230319675759,0.3104734610350536,0.16143286293957465,0.28085246868919594,-0.25725832320663844,-0.05279227514639806,-0.12797192154328488,-0.10537897253265713,-0.2748958647963305,-0.06545942414812837,-0.28863070694866877,-0.307048413796656,-0.18969301480487674,-0.30460395842552723,-0.26396324887786854,-0.11284533200339976,-0.15055550482452135,0.03761230094898253,-0.05138554259182512,0.1185574903591523,-0.0418062745704057,0.0099637312129322,-0.1629753985703214,-0.1509188951249037,-0.29063122674665,-0.15362559091898878,0.24483561974202098,0.15030637642271283,-0.09004727351910258,0.12717115168032891,0.20979093350566275,0.10626028766837825,0.5736832369833922,0.563968165885799,0.33866711622167744,0.4972495194210106,0.17985993551695315,-0.09111590324264966,0.037389396589469645,0.007465891184273067,0.08598161039034019,-0.02512591052450426,0.04571459344539429,0.374118275113618,-0.24479909339739492,-0.18100911051326538,0.014827354485833163,-0.23199426817361252,-0.25484383816956185,-0.422576558984193,-0.26214817052183503,-0.40727295715881234,-0.039531338901259455,-0.3234487425337576,-0.35747162769352525,-0.43200035589771685,-0.48312880921775087,-0.21084176834336638,-0.15241366553575483,0.24452561409916904,0.5123836015444088,-0.14065592885791955,0.1797737708065532,-0.18213768090491678,-0.07701392449817251,-0.203961703532519,0.08372259646115915,-0.20545085450573533,0.08826778493475598,-0.0886957987679383,0.04449236575982992,-0.20004120920932172,-0.048258325548070774,-0.008054058990046572,0.006968570953595152
#201,0.37677345939605095,0.08791001407200841,0.4232415257709751,0.40997684323408,0.2728260386008537,0.22286174544415802,0.262191252877035,0.3222602314740019,-0.004699254722083687,0.6592241898058718,0.21362432654552097,0.42866334651559745,0.3464959294198633,-0.07990137886950964,-0.10280807981474588,-0.11306542664409526,1.0,0.22117404100784613,-0.1274221532280157,-0.2150694585905982,-0.0899189630264418,-0.06292131148308666,0.240873916209502,-0.05066063513693867,0.21572880593974558,0.05276043166646764,0.2183896096598133,0.00027675730351285095,0.007103437456829841,-0.1367391808264788,0.3807623235438047,0.1274436944056157,0.38320865206081167,0.025152134566799895,-0.019149638599917113,-0.1447019239549602,0.20586201002601331,-0.3091491468991241,-0.07245281428461046,-0.23868701839663395,-0.1660848207282323,-0.18802404182734747,-0.19260669321850948,-0.38323862239486384,-0.007559548478186046,-0.25255485390632865,0.06518313513108509,0.13946179836052908,-0.004468857779057761,0.09690860687116737,0.13677289745228746,0.31405023308959024,0.19568989133412473,0.24902678364462677,0.09393873408118683,0.14999168791516523,-0.1694471175797082,-0.31341242691804283,-0.1095101957671586,-0.10714160280409937,0.05398827878966679,0.11257840871574777,0.09563767739276825,0.20375565748591043,0.07856301613949318,-0.10985391803581923,-0.2295498128024838,-0.02685107787838132,0.2361563983151053,-0.00042660897377361625,0.4438124138060217,0.263504328137695,-0.08095595999896978,0.06252795084865216,-0.3863536639904095,-0.1418865856999361,0.05689540119272564,0.029945514869266124,0.3401525209031373,0.0507936284942951,0.030664802886517798,0.09094919325948456,-0.1621043857369307,-0.0450074808763513,0.08479778219528014,-0.1253111178232172,0.15004038970799996,0.13240191154536876,-0.20609147039610012,-0.057731760827368535,-0.09014374053183294,0.22438273989730478,0.03717960425110457,0.07286677952370584,-0.04598058016010714,0.3972132272196193,-0.02775861705639808,0.44413740461589973,0.1390515794131902,0.2002865913193737,0.3248526653695131,0.680651105507283,0.17070868132871603,0.43401586086272415,0.1837794932672113,0.3447913666706471,0.255508804956344,0.04241223726202267,-0.14803612361826224,0.1394149697135726,-0.20611863101133487
