,#10,#11,#12,#13,#17,#18,#26,#49,#50,#51,#52,#53,#54,#58,#101,#102,#201,#202,#301,#302,#401,#402,#501,#502,#601,#602,#701,#702,#801,#802,#901,#902,#1001,#1002,#1101,#1102,#1201,#1202,#1301,#1302,#1401,#1402,#1501,#1502,#1601,#1602,#1701,#1702,#1801,#1802,#1901,#1902,#2001,#2002,#2101,#2102,#2201,#2202,#2301,#2302,#2401,#2402,#2501,#2502,#2601,#2602,#2701,#2702,#2801,#2802,#2901,#2902,#3001,#3002,#3101,#3102,#3201,#3202,#3301,#3302,#3401,#3402,#3455,#3501,#3502,#3601,#3602,#3701,#3702,#3801,#3802,#3901,#3902,#4001,#4002,#4101,#4102,#4201,#4202,#4301,#4302,#4401,#4402,#4501,#4502,#4601,#4602,#4701,#4702,#4801,#4802
#10,1.0,0.07233143940903186,0.036443034847675894,0.14490513112703104,0.47647204137414434,0.08898469188534454,0.04432739124544781,0.4373084493461578,-0.18519232761437257,0.15113197172660553,0.33467315860354296,0.10523950306401358,0.06629266310194519,0.16695168500824772,-0.06071129740455339,-0.1957430531759756,0.08424961550414778,-0.059106375857644895,0.12171266007379133,0.07603534971192694,-0.1315238785869678,-0.22001290949804364,0.01808764114782969,-0.1667301516467579,-0.13963454964180128,-0.017533010861509775,0.03441417176007459,-0.03532102415351146,0.09155065384216943,0.004655388121668035,0.10317876467260079,0.2973774593789097,-0.1020232849094343,0.31812031333423646,0.20159057766019334,0.1097339209014336,0.12415430834575142,0.18859023500067734,0.2444708301125995,0.10550406808564894,-0.16068978157448063,0.23701200902071098,0.10223047438420897,0.2844854927523528,-0.0012335742575046418,-0.08047876706324857,0.16230107818215142,-0.0034951270629298187,-0.02866386695248189,-0.2646016782347457,-0.05309947485436971,-0.2430730980404657,-0.21974675071121771,-0.09175465578656297,-0.10455737156244771,-0.01807010973073337,-0.15925220537258244,-0.19091872594410667,0.06809521153248492,0.044491549060076976,0.01953796747125246,0.050908047717329805,-0.30745164914853096,-0.26667676051287365,0.11724693000980166,0.062061216520969964,-0.0582505239503064,-0.2974204910390552,-0.16033277817179195,-0.3066420164317191,-0.17849532628357864,-0.09712405071360837,0.04267784427320323,-0.13102662384750854,0.04471148865637626,-0.04872458940624278,-0.012750121524595781,0.018213548597885074,-0.018741084875965226,-0.1954163313119078,-0.18147726095514347,-0.17593573938751603,0.11764059001187355,-0.16249870506578265,0.2220704603590753,0.0733036361752823,0.16853748137286934,0.05014304042585406,-0.02055000836726725,-0.0704125461195802,-0.05600172126640582,0.08668967001091729,0.055383340372462925,0.13914845125867606,0.23062260437169793,-0.23116926583206496,-0.10917132178916081,-0.08264310019204871,0.0006486624325638103,0.17075440875295841,0.0954729099761732,-0.11665404935890795,0.0869637976236961,0.03576727840687231,0.0496410043908231,0.015231613926320236,-0.004888077839491908,0.03250643482695694,0.07860928049470471,-0.2114751093721362,-0.11795137422403558
#11,0.07233143940903186,1.0,0.016101809720373898,-0.09871940966937341,0.004690450955860673,-0.014315198941739913,0.19110200894102272,0.030169975057574766,0.28714389309023103,0.18998477954243,0.25243009347432843,-0.07634294639370781,-0.17849373251838807,-0.13437671827809608,-0.08425917809529122,0.2536652614970236,-0.028810493350014742,0.06675326124202122,0.014485731817131382,0.22827339448079115,0.02868936719553108,0.24025213365314887,-0.04235271617432604,0.13458390775287077,-0.08594378790172844,0.22119229573906876,0.05775645674122831,0.32830925419757906,-0.14762250077696054,0.14066571572010295,-0.05697551179784682,0.10136984118129876,-0.18122225852465157,-0.006708157687127955,-0.13003848942935237,0.0653555291698874,-0.15711815378240324,-0.023833164659850664,-0.09516212576401119,-0.10893066324538406,0.027004757389093866,0.039177935914701686,-0.07188040386009929,0.056542007666010564,-0.042630031317485995,0.036415940839436126,0.15056299755357044,0.06043238849620285,-0.10483787423598881,0.110470240419479,0.04560559092828854,-0.05121245686872953,-0.010314848313397988,0.07693263951422037,-0.15649180406250748,0.00668106367888819,-0.19397716134481907,-0.002562774426443752,-0.1820685478408466,-0.011573922813951821,-0.0068707217365665514,-0.008403923849899195,-0.10682689319382575,-0.04920590649379627,0.264855086900047,0.17064762648518994,-0.038738056722103134,0.05474105300066141,-0.028541147032807655,0.011004948640916733,0.06760433185378797,0.07141502442445155,-0.037843954450190856,0.0655117181585637,-0.17311955629577094,-0.19272446190502754,-0.10300663803201875,-0.005200455816844504,0.10967654535457291,0.11070293013730287,0.020940480838957998,-0.06930009801655922,0.015724087370207748,0.04341257002605806,-0.09334523344675628,-0.1295683286981329,-0.1150714405246675,-0.10182247049542191,0.008230203444126576,-0.16443672353752123,-0.15431950210775447,-0.08976882435910717,-0.1194734199810342,-0.14201563483651952,-0.1039836160938409,0.1485867287172581,0.13160197308130592,-0.019351496943955247,0.07308529034417359,0.003578002852839691,-0.030585947772314704,0.0814445887687367,-0.009661404585262453,-0.07163177649036967,-0.06313700802460774,-0.07621703894365243,-0.04543027675732534,0.051751149503143704,0.010526819083744391,0.10938966762026951,0.07687207643697853
#12,0.036443034847675894,0.016101809720373898,1.0,0.45633641195642644,0.06607431727083649,0.4006135995983712,0.11936026265250341,-0.3735100287674617,-0.1054068484090239,0.37180788754392813,-0.1573396871438931,-0.1385778833204504,0.31215006893034447,-0.02443401413669724,-0.10232450653045287,-0.1054259735913108,0.495885695160532,0.618030265600969,-0.32025595868960627,-0.43749332610826447,-0.2661540055303652,-0.28341288877909615,0.33095809194431386,0.1503032138275068,-0.11080652487469021,0.007575165950800469,0.46620181848608244,0.4265967535003068,0.2299436604005132,-0.1024536015108894,0.2765118855039087,-0.21308959351018814,0.4849413095968571,0.021289515415693804,-0.25581206320872746,-0.2772848616213373,-0.31342667484799464,-0.4198216576751747,-0.0218329893456797,0.014549482424754361,0.27432523966244055,-0.1365298950505622,0.10193403405876213,-0.13827825546462238,-0.14521272780881192,-0.26402314147056716,0.3343400616787129,0.317822279243599,0.2799081991250229,0.03858027396823626,0.34373530747714937,0.4030903107045239,0.3374208097920933,0.0867454517925874,-0.1460143916996709,-0.41815617305102437,-0.2801440763732279,-0.482863039788348,0.34794603511064714,0.4376527026273219,-0.25929762768051384,-0.25675716596673814,-0.07622500776960531,-0.13686139821020168,0.52132059383691,0.035282773788937676,-0.23773557841723178,-0.00016097028424802174,-0.1272844631800397,-0.006842033963136211,0.39531911163528277,0.13898748097442803,-0.48276900764210406,-0.14309620763572903,-0.5123684147614532,-0.4260102479101754,-0.5336133047518109,-0.28942457107794306,0.08475005777398815,0.02701431998023731,-0.08274191363386432,0.11109659013937477,0.11186956625680339,-0.23908071623807664,-0.38482576162054044,-0.4344827036632693,-0.20052116121731786,0.19810660695359752,0.18421853708293157,-0.13024727266931763,0.045737873439106215,-0.2740192367458502,0.06103642550343058,0.2360238746025548,0.06073998517798373,0.4760433185378798,0.2619257464797711,0.6931396377371721,0.5573827188040386,0.29652479500195233,0.5578640358915921,0.5530747714939158,0.36072006311310156,0.5020487851524835,0.4856664727585685,0.41317725059566973,0.5381475667189953,-0.20637824829267903,-0.33989752089824604,0.0831180422188399,0.24167217843795075
#13,0.14490513112703104,-0.09871940966937341,0.45633641195642644,1.0,0.35394656105316,0.23510427208759332,0.1254914773406434,-0.05975663205539928,-0.08790411908613505,0.4639020153160835,-0.19623712038505367,0.007651666679948043,0.26864187299285197,0.04389229334842098,0.000957852879535258,-0.2910741180501877,0.2475197029221685,0.2167935038130832,-0.040602761995075266,-0.22342037947549187,-0.12095562160826845,-0.27844671644526614,-0.07911928535568855,-0.2737275777159751,-0.018670959207579947,-0.1752631704770936,0.207554447003323,-0.027878140713528676,0.31614723202830525,0.039665628063017475,0.09903656894229773,0.005767836224689017,0.12759046609663,0.15958211476703138,0.13768856234410984,-0.12431368486480887,0.10069886603606691,-0.09893934926567269,0.22874833650758233,0.09310776243336069,0.19723003609878156,0.019265433623664226,0.2667867303110233,-0.0381467698364,0.01154204751014033,-0.008059670568735109,0.10994429790658942,-0.02329606579062707,-0.1334459594068006,-0.3255918845476496,0.0013323876993202592,-0.027189634151200504,-0.021939771613448192,-0.05356963558558917,0.022798811051167833,-0.15371546510052675,-0.10469602913402769,-0.23211118105969447,0.21222736654208735,0.0744893974770697,-0.14389787152658798,-0.04089601479014097,-0.022072054124265873,-0.12917307493087044,0.13233988636454191,0.02535042912127756,-0.09906844424610922,-0.2611288638844839,-0.12372399174429631,-0.14237901329997052,-0.006005307238084613,-0.195131047342795,-0.19834885926256485,-0.13064730773215183,-0.10329351576632215,-0.08314513622707967,-0.2000191251822869,-0.21222099148132506,-0.07625528930822621,-0.18539154826319437,-0.088630876013037,0.17877742272231031,0.12009976970092996,-0.2251735211851238,-0.05565428045486059,-0.08165496577389253,0.03945365729267107,0.201573046243097,0.11699830264007204,0.09083027197602977,0.19326793583501342,0.09132752671548901,0.20093713393205778,0.25251137549904773,0.3908486002757214,0.09421542924080994,-0.07915753572026234,0.30556781869327193,0.18712237726015826,-0.016736128266222536,0.15410753133740807,0.18655340308712318,0.18602905433942418,0.1557475157185092,0.14955095665755563,0.05106264294081553,0.11152690674082988,-0.07522571699511511,-0.1450836328283754,-0.21009172118671757,0.029945254165703768
#17,0.47647204137414434,0.004690450955860673,0.06607431727083649,0.35394656105316,1.0,0.25139733363083616,0.0025069926447736455,0.1717552932926392,-0.12266095036218314,0.08704826717879655,0.09718302002565962,0.4110655117181586,0.21016662815067455,0.2565467889615823,-0.21853867669676227,-0.4522946234331296,-0.08085011435265242,-0.048090270860394135,-0.1027341041844305,-0.07196009211962802,-0.21130617026193532,-0.2736845460558296,-0.1667668082461411,-0.29025651650742296,-0.27447824112073566,-0.07451649148530946,-0.2200224720891871,-0.19874730056020845,0.1906031604363729,0.11051964714038681,0.0860649140562121,0.2323343081863749,-0.0903983616093841,0.4156667118233471,0.3026241343862809,0.29493262357656846,0.19794244913896836,0.2938918949071233,0.19451585397923324,0.2205468208368861,0.08415877088828502,0.302069504099961,0.06707360804532668,0.1476926264453458,0.12680473985767676,0.20577102375507017,0.11657117356899808,-0.012354867757333313,-0.2846671819840783,-0.3248842528030345,-0.26623688132027507,-0.3393572344986413,-0.37423041063360135,-0.11631298360812502,-0.34057327733904963,0.00640693606610938,-0.2130736558582824,-0.01742782235893186,0.1308034967208281,0.07661548024129605,0.19893695861788682,0.3382256612133334,0.05679541633131191,0.0195666552446828,-0.19869630007411007,-0.07423598881176836,0.11481803185936616,-0.2926519455888564,-0.23468989313804398,-0.23364438317302713,-0.2852425312178757,-0.18328299691606437,0.09087330363617528,0.08498593502219318,0.13396233932854673,0.0460135948170756,0.12229279060316044,-0.008201515670696236,-0.08493334077090423,-0.17662424594984422,-0.017811919769860306,0.22971415821307048,0.19727944281968937,0.1773175338077441,0.5042880252452406,0.2607511415343178,0.4878148682354629,0.2801265449561316,0.23801129979520116,0.19618771366414586,0.279803010622445,0.3014367793193029,0.3849277625927372,0.321095872945039,0.514174150722374,-0.2675533313676896,-0.19711369123986963,-0.11005904900031079,0.049832256213692035,-0.1881057303827427,-0.018371331351751945,-0.058433806947222465,0.3612985998772801,0.09010032751874666,0.18612627401604923,-0.03050944704316713,0.09881025428523615,0.1640191570575907,0.23118839101435185,-0.08371411040011476,0.055933189363211115
#18,0.08898469188534454,-0.014315198941739913,0.4006135995983712,0.23510427208759332,0.25139733363083616,1.0,0.01317406306528859,-0.10448405836368128,0.18520667150108774,0.4020081441401238,0.03847986676123007,0.13111109340260899,0.29455649499159287,-0.10645395213923133,-0.22239240092757134,-0.17756934870785487,0.42271752902644855,0.3548151630820231,-0.3808811927738686,-0.39636302783510907,-0.44705272972133014,-0.29964698101028775,0.09018639083903768,0.1645690060483389,-0.1438468710404896,0.044899552948864045,0.08821809082867821,0.12044242921690347,0.324305716038856,0.22590027811202576,0.16974077409175306,-0.03872052530500681,0.3526827052570345,0.14825203802723744,-0.10343217333790213,-0.1647682266971607,-0.09969320020081442,-0.12951095315127223,-0.11996111212934998,-0.09644032544685191,0.05862346500490083,-0.07224218855835969,-0.2093330889560041,0.036262939381140974,0.04880746519615265,-0.11573125931356533,0.409341057781957,0.3281068460183761,0.11895385252890692,0.14089681167273627,0.16608148921419408,0.23654025452430094,0.07709042226808724,-0.035862904318306785,-0.40887089705073754,-0.41381316290670894,-0.31252779128051067,-0.3378335949764521,0.2094589964060595,0.21597430850512794,0.017786419526811113,0.030087099267664896,0.06294097490616707,0.10426571253257258,0.1331766130895935,-0.0242555124353529,-0.08832009180087498,0.035979249177218724,-0.22088629282247846,0.01847173855875814,0.15503988397389412,0.1334634908238969,-0.03158683231199547,0.10134115340786842,-0.2503725426132968,-0.3231582051016424,-0.16102447226450128,-0.1060937612061615,0.12175569173393684,0.15758193945286042,0.2010120408960148,0.15047055917251712,0.5348915044346516,0.1029094183553937,0.1143159958243352,-0.015708149718302002,-0.05382782554646224,0.23469626819880626,0.15228267019420028,-0.09163193586688873,-0.0024002103770051557,-0.01936424706547984,0.19411422515120846,0.10417486791670984,-0.021539736550614,0.19667699957765222,0.054282048625775965,0.34108009466965233,0.4326721864067767,0.12832359808429425,0.26653172788053137,0.5088047557953287,0.39370940879280253,0.2623640319071791,0.317799966530931,0.3715449162874834,0.33152069105658666,-0.03755548295069688,-0.07296257042449936,0.1198479548008192,0.17055837563451776
#26,0.04432739124544781,0.19110200894102272,0.11936026265250341,0.1254914773406434,0.0025069926447736455,0.01317406306528859,1.0,0.030193881535433384,0.10477890492393756,0.3256253536166517,-0.09086055351465068,0.0015252332873797703,0.08792005673804078,0.09396839563627091,-0.06622094366836934,0.14431862553689964,0.025447648797902605,0.1616890723489708,0.09596378965487015,0.056132410012032924,-0.12224816517782434,0.09942385388360733,0.0382344269218816,0.17606642813314313,0.13013411534078684,0.21364263003131748,0.01024472264501271,0.068739092669477,0.0246364223159002,0.050358198726581614,0.12425949684832933,0.06298400656631259,-0.054133828463052536,0.042516873988955206,0.045337838376272026,0.018879742447545204,-0.08402011331670504,-0.09996414028321207,0.08355951517662903,0.06007857262389532,0.034345639856879884,-0.052339248858465685,0.15069049876881638,-0.022892843197411725,0.11460606108901976,0.00936815179019675,0.010077377300002391,-0.10539091075711815,-0.015231613926320236,-0.02864155423981385,0.13312242507311398,0.052656408131390005,-0.053171194287945554,0.0578759891305214,0.0023045844655706876,0.06875503032138275,-0.18114735156069456,-0.0483675860035541,0.10362342516077107,0.044783208089952106,-0.05248428149080796,-0.1265959566177115,-0.04738423288096965,0.00444341735132163,0.10449999601558703,0.0017387978229167498,0.2029596219588968,0.27415470678704906,-0.06352429296591733,0.04037804110320427,0.05229143590274845,0.024499358509510794,-0.060328793758815516,-0.029494218616771192,-0.022330244085138937,-0.044810302098191875,-0.1023165377045,-0.10519009634310578,0.011832112774824885,0.1826996788563141,-0.12117396743937715,-0.08888906597391007,-0.08223987759883336,-0.11569938400975384,-0.15799791216760034,-0.1111635282773789,-0.0922837858298337,-0.02965678266620979,-0.08911697439616222,-0.06744814286511168,-0.012985998772800803,-0.02463323478551905,0.046896540732653855,0.11433512100662209,0.030032911251185363,0.12586919969080956,0.261720150770187,0.07137518029468719,-0.023071344898756067,-0.17026512283945205,0.11315254723521584,0.04134864410426412,-0.08378423606850002,0.07735020599415088,-0.1104511152371921,-0.0884252803034529,-0.028890181609543465,-0.06590537816063559,-0.058379618930742935,-0.0556654368111946,0.059912821044075575
#49,0.4373084493461578,0.030169975057574766,-0.3735100287674617,-0.05975663205539928,0.1717552932926392,-0.10448405836368128,0.030193881535433384,1.0,0.006381435823060188,-0.14691008773677375,0.17148116567986038,0.23369219612874434,-0.25768473730765246,0.19393572344986412,-0.04835802341241065,-0.16710628023173346,-0.2022424276231383,-0.2521766848090271,0.32034361577508785,0.13054849429033621,0.1817705137502092,-0.060934424531233815,-0.1821737363434245,-0.2513766146833587,0.0728095689662042,-0.15354652599032584,-0.0735092318848664,-0.27419295715162284,-0.2223079313724709,-0.163126648550869,-0.06321669628413645,0.15504307150427526,-0.25079329662360844,0.058312680792738804,0.1975153200678944,-0.009808030982795304,0.19821657675174717,0.14667102295818757,0.21007578353481182,-0.04250890516300233,-0.26757245654997647,0.020647228043892293,-0.07937747531656161,0.06816214967048904,0.0942568671357649,-0.06752304982906868,0.005525583915721697,-0.23782004797233225,-0.1704436245407964,-0.22126242140745403,-0.260199698778379,-0.38576289555259824,-0.2941182095641849,-0.2853397508945007,0.055356246364223156,0.1430786762186327,0.18306624485014622,0.014810859916008574,-0.13906876299914733,-0.35190335407884354,0.1609846281347369,0.2087290519487764,-0.277555801703735,-0.2224210887010017,-0.07736933117643778,0.11122727888500188,0.01660543952059543,-0.21336850241853866,-0.11627154571317008,-0.3181920327678123,-0.2272709161759198,-0.20932352636486065,0.4216273936360956,0.20847086198790332,0.4835945780108217,0.4046059814007602,0.4033580632565404,0.24301412872841444,-0.3253671636557786,-0.37906270669142317,-0.003941381316290671,-0.3077385268828344,0.06626875662408657,0.08641076110256676,0.2823673788140793,0.3817577636286846,0.2606284216146435,-0.199786435464463,-0.23145136227079666,0.1517965718110751,-0.1334013339814645,0.2562583174620883,-0.028579397397381443,-0.008743395835491557,0.04991513200360191,-0.2785917490776084,-0.2648503056044753,-0.3378288136808804,-0.2684649650566982,-0.10348636135438166,-0.26132489700292455,-0.30625154396002835,-0.235075584314163,-0.2918263752201388,-0.16045868562184734,-0.24625265959566178,-0.33328498912255256,0.13025364773007994,0.32132856266286286,-0.3481866936544239,-0.3875829754002343
#50,-0.18519232761437257,0.28714389309023103,-0.1054068484090239,-0.08790411908613505,-0.12266095036218314,0.18520667150108774,0.10477890492393756,0.006381435823060188,1.0,0.271874028799337,-0.04605981400760226,0.15386687279363132,0.00026934631720708585,-0.1334714596498498,-0.03375275920598618,0.18983974691008773,-0.043881136992086955,-0.02527074086174884,0.041643490664520395,0.07643857230514228,-0.06932878578998956,0.07386464152236451,-0.11393986723935963,-0.043994294320617744,0.05374654352174294,0.1814135103475205,-0.1806022838655181,-0.051461084238459145,0.053875638502179475,0.3002430491915626,-0.112417821482361,-0.07844034138450381,-0.13528516443672353,0.016307405429958004,-0.0503151670664361,-0.026438970746439926,-0.022100741897696213,0.12122337416028496,-0.109870984707823,-0.07451011642454718,-0.01183689407039661,0.04116536110734805,-0.19453179163113898,0.09948760449123031,0.009425527337057432,0.10858322243383882,0.02590187187721633,-0.1398513017077194,-0.14880188701798563,0.055993752440452946,-0.10601088541625163,-0.14242523249049718,-0.050013945445417526,-0.03614021946146674,-0.12701352309764202,-0.03847986676123007,-0.04502546039891943,0.10091083680641331,-0.18332762234140043,-0.29594147694220213,0.25548852887504087,0.23329375483110074,0.29136418331487224,0.3564200846289316,0.03851971089099443,-0.06830718230283132,0.24769820462351283,0.1516260389356836,0.13386352588673112,0.13499988046761072,0.028534771972045358,-0.033512100662209436,0.14401262262030934,0.050072914757468785,0.03260046697320084,-0.0027524324841221143,0.15205316800675756,0.1308034967208281,0.1441401238355553,0.270312138912574,0.08431974117253305,0.11769159049797194,0.19194192319645548,0.13788618922774107,0.10801424826080373,0.07755420793854441,-0.09690729864769024,0.07626644566456024,0.054919554702005755,-0.1846217596761469,-0.14279339224951987,-0.03787423598881177,-0.13176134960036337,-0.13701280590330628,-0.18287021173170556,0.11773143462773629,0.08369179768744671,-0.19075138059909633,-0.11634167138155535,-0.16314736749834646,-0.24664313206735253,0.059890508331407535,-0.024400545067695175,-0.09520356365896612,-0.23730844934615783,-0.07667763708372845,-0.1282263784076692,0.222513527082055,0.08127086836296409,0.026466064754679695,-0.006451561491445466
#51,0.15113197172660553,0.18998477954243,0.37180788754392813,0.4639020153160835,0.08704826717879655,0.4020081441401238,0.3256253536166517,-0.14691008773677375,0.271874028799337,1.0,0.07057032887344708,-0.10210137940377244,0.20133238769932027,-0.08171552885113437,-0.09451027580106623,0.04320219302090223,0.27047789049239374,0.14233757540501557,-0.2645570528094096,-0.2523280925021317,-0.18027556200145034,-0.08818940305524788,-0.09539003418626334,0.014978205261018894,0.05119811298201436,-0.02909577731912757,0.08453489947326061,0.10075942911330873,0.21005984588290608,0.050995704802811403,0.10975145231852991,-0.08278972658958156,0.18368781327447029,0.07919259855445497,-0.10334292248722995,-0.32303867271234926,-0.10500203205061798,-0.2270143199802373,0.06759158173226339,-0.05571803106248356,0.12838734869191723,-0.11113962179952028,0.046992166644088326,-0.06096948736542645,0.1156149144546534,-0.07350126305891352,0.1240491198431735,0.0547043964012782,0.00971718636693256,-0.009769780618221518,0.16080772019858314,0.08240881670903426,0.052740877686490446,-0.03453689167974882,-0.14783287778211637,-0.2668170118496442,-0.12792356302146005,-0.18115213285626627,0.18245742654734678,0.1460462670034824,-0.13513535050880954,-0.15183800970603,-0.09411980332937549,-0.0020543633306504953,0.2195666552446828,-0.09360023587724821,-0.066342069822853,-0.010652726533799775,-0.19224792611304575,0.037751516069137535,0.09101674250332699,-0.006078620436851039,-0.1921331750193244,-0.20047653579198177,-0.2354325877168517,-0.2627704420307756,-0.2022599590402346,-0.12393755627983329,0.1446341910446334,0.008805552677923961,-0.07845149774083784,0.022511933316864425,0.1809879750416371,-0.22957231311110934,-0.14438078237933205,-0.17558989234116137,-0.0887185330985186,0.11936982524364685,0.016495469722445793,-0.04270015698587127,-0.005635553713871335,0.01317725059566974,0.18425678744750537,0.2970905816446063,0.2482863039788348,0.25089848512618634,0.015851588585453706,0.3664671803903131,0.20334371936982523,0.10119930830590729,0.09037764266190662,0.3322793232873001,0.1447585047294982,0.2472121062403876,0.031562925834136855,0.16040927890093953,0.0683964331535035,-0.07256731665723688,-0.19841739116575954,-0.052941692100502834,0.2115436412753309
#52,0.33467315860354296,0.25243009347432843,-0.1573396871438931,-0.19623712038505367,0.09718302002565962,0.03847986676123007,-0.09086055351465068,0.17148116567986038,-0.04605981400760226,0.07057032887344708,1.0,0.15577620349193952,-0.07014160603718254,0.19904852218122704,-0.11126552924957565,-0.14766871996748718,-0.1654806397373475,-0.08954729099761732,-0.10648104614747109,-0.09394130162803115,-0.19362812676808325,-0.30747714939158016,-0.10038967558909546,-0.06033357505438724,-0.2907840527855031,-0.1560280183920503,-0.07594131756568305,-0.07590306720110926,-0.06638191395261736,-0.025868402808214265,-0.005527177680912271,0.050965423264190485,-0.08966044832614811,-0.10824375044824645,0.003012216210185753,0.03895162125764011,-0.03227055757875192,0.0037788172668520746,-0.04520555586545434,-0.15426531409127492,0.016812628995370112,0.11852991098821411,-0.026303500705241095,0.02299803169998964,0.15980842942409296,-0.09091952282670195,0.12339726988022855,0.17989305835571245,0.1666982763429464,0.05144355282136283,-0.011446421598705863,-0.1524755157822598,-0.23865199340181212,-0.33570273091665404,-0.2676107069145503,-0.19493979551992605,0.05583118839101435,-0.008437392918901259,0.18900142641984558,0.14197260317637403,0.07408139358828264,0.02664297269083346,-0.0068611591454231045,0.04467961335256477,-0.016033277817179194,-0.07702667166046426,0.16016862035716278,0.07584091035867685,-0.14945692451131176,0.08373164181721107,0.060902549227422324,0.07288925722573293,-0.05440795607583135,-5.25942512889576e-05,0.05354732287292113,-0.01107507430930201,-0.01181617512291914,0.1107443680322578,0.02786857812238523,-0.13313517519463858,0.2084899871701902,-0.00572639832973408,0.037950736717959344,0.1418371331351752,0.1206846815258708,0.06984675947692627,0.10775127700435895,0.11938735666074317,0.04605343894683996,0.09705233128003252,0.10799990437408856,0.26035748153224586,0.09045733092143535,0.10676633011658393,0.09203197092972293,-0.18144060435576026,-0.2211588266700667,-0.1045828718054969,-0.06600419160245122,0.26327885312656885,-0.03667094326992804,-0.018846273378543138,-0.056132410012032924,-0.047451171018973774,0.02672903601112448,0.19181123445082837,-0.046727601622452965,0.017365665516499453,0.05897568711201779,-0.04526133764712445,0.010010439161998263
#53,0.10523950306401358,-0.07634294639370781,-0.1385778833204504,0.007651666679948043,0.4110655117181586,0.13111109340260899,0.0015252332873797703,0.23369219612874434,0.15386687279363132,-0.10210137940377244,0.15577620349193952,1.0,0.29507128114814846,0.5230625791902079,0.055268589278741564,-0.21435663683669484,-0.21552964801695765,-0.22707966435305085,-0.03748057598673987,-0.06021563643028473,-0.14767350126305892,-0.3274502147598594,-0.20875614595701616,-0.18617568073695703,-0.2828885400313972,-0.09377076875263968,-0.3815489803887193,-0.37008502737291715,0.1469945572918742,0.0211588266700667,0.22166564400066938,0.00451832431527863,-0.06668154180844536,0.20793057558829858,0.30104152555204045,0.16295770944066812,0.14051112049661724,0.14978045884499835,0.19933539991553045,0.15336005546302864,0.2244053263632669,0.1563021460048291,0.08197690634238858,0.06649985257671988,0.11535194319820861,-0.02294065615312896,-0.013720724525655635,-0.022770123277737492,-0.14498800691694091,-0.23239168373323557,-0.24273681358525448,-0.2850146227956235,-0.25115348755667827,-0.13274470272294783,-0.2857891926782427,-0.030656073440699982,-0.11635442150307995,-0.03419741969415646,0.07991935548135694,-0.1141104001147511,0.2881017459697663,0.358130194678418,0.4429535656511726,0.3356517304305557,-0.30790746599303526,-0.18258174023221158,0.5446883790611129,0.19698300249424253,-0.06620022472089188,0.16119819267027388,-0.02030297476272821,-0.07328132346261425,0.18947636844663676,0.05453386352588673,0.20214998924208497,0.09006207715417287,0.1838679087410052,0.016098622189992747,0.051516866020129254,0.014259417160069806,-0.005574990636629505,0.18316346452677126,0.04575221732582139,0.39586417933045925,0.3927961813386034,0.35586226681223054,0.4295308752161544,0.31616795097578276,0.19688578281761748,0.38289730573994535,0.12273904485652129,0.2996119181760951,0.14807831762146484,0.3258707934560001,0.10197069065814533,-0.4528412848934966,-0.1532182103610675,-0.1956043956043956,-0.19567930256835261,-0.1296798922614731,-0.2634828550709624,-0.18410697351959135,0.1811011323701679,-0.04548605853899545,-0.010099690012670434,-0.10975145231852991,-0.008846990572878898,0.11730430555666234,0.10474224832455434,-0.00927890093952458,-0.04941947102933325
#54,0.06629266310194519,-0.17849373251838807,0.31215006893034447,0.26864187299285197,0.21016662815067455,0.29455649499159287,0.08792005673804078,-0.25768473730765246,0.00026934631720708585,0.20133238769932027,-0.07014160603718254,0.29507128114814846,1.0,0.18508235781622293,0.07739961271505869,-0.1818757022527871,0.23767023404441823,0.054564145064507644,-0.2915044346516428,-0.1098582345862984,-0.23416076309477324,-0.3542143136051765,-0.09749380423782164,0.005372582457426547,-0.35913745427886107,0.02039222561340038,-0.0750392464678179,-0.0772928304472902,0.3642964722007507,0.04325797480257234,0.19162317015834057,-0.1008056483038354,0.17171704292806542,0.19557730159615583,0.10406967941413192,-0.03568440261696244,-0.06651897775900677,-0.0591749077608396,0.08487755898923412,-0.01117866904668935,0.3223342284981154,-0.0005402863996047463,0.05528930822621903,0.020267911928535567,-0.1190542597359131,-0.11612173178525607,0.17765859955852703,0.2665365091761031,0.05432508028592147,-0.05043310569053861,0.044899552948864045,0.029084620962793552,-0.13183147526874867,-0.08329176262461252,-0.3497533648367586,-0.21861517742590983,-0.24624309700451832,-0.1394640167664098,0.2896429169090518,0.2012861685087936,0.1282200033469069,0.1039453657292671,0.4572878897751994,0.2956864745117102,-0.04831817928264629,-0.18765469483381014,0.3241128704507965,0.1387037907705058,0.050418761803823445,0.24070316920208146,0.21727800843101785,0.08804915171847731,-0.16180860473826392,-0.3613782881368088,-0.09192678242714501,-0.1743961622134211,-0.15373937157838535,-0.19944855724406124,0.14817872482847103,0.05591884547649595,-0.29360501717281995,0.07100064547490219,0.036967383595374895,-0.16514116775175514,0.0173816031684052,-0.03195499207101818,0.14670289826199906,0.4083353919467045,0.1814437918861414,0.12342436388846831,0.08214743921778005,0.05026097904995657,0.03832686530293492,0.3621974834447641,0.055062993569157455,-0.12363314712843357,-0.04143470742455514,0.1309788108917913,0.07838774713321486,0.21222258524651563,0.1066930169178175,0.11768202790682848,0.25011754018280485,0.3038704587653101,0.15262054841460207,0.09430786762186327,0.1699192757930974,-0.04875487094486369,-0.1758257695893664,0.1706492202503805,0.19139526173608842
#58,0.16695168500824772,-0.13437671827809608,-0.02443401413669724,0.04389229334842098,0.2565467889615823,-0.10645395213923133,0.09396839563627091,0.19393572344986412,-0.1334714596498498,-0.08171552885113437,0.19904852218122704,0.5230625791902079,0.18508235781622293,1.0,-0.0579508960944784,-0.2102335662886787,-0.10848919028759493,-0.1152276295133438,-0.09239056809760218,-0.16413072062093093,-0.30695120687869054,-0.40414697702587477,-0.1582321956506148,-0.057066356413709565,-0.15705599693997083,-0.011946863868546247,-0.13757540501557905,-0.17826582409613592,0.06327088430061599,-0.12311039214592515,0.31589701089338507,-0.07875909442261872,0.10122162101857533,0.04950234681924312,0.22452167122217884,-0.007546478177370128,0.07053526603925443,-0.033749571675605036,0.20887089705073753,0.1627202384272725,0.17634214951111252,0.08989632557435313,0.27445433464287705,-0.1423742320043988,0.0023077719959518363,-0.11438134019714875,0.10996820438444804,0.09774083784236068,0.030369195706396578,-0.22093091824781455,-0.23496083322044164,-0.3108686817171226,-0.29833053096287326,-0.22576480807082694,-0.2733785431392393,-0.10944385563674904,-0.0732287292113253,-0.08423845914781375,0.1819824845205556,0.00705878602905434,0.06573803281562528,0.23763676497541616,0.19260492951573444,0.13171194287945556,-0.2056498976005865,-0.30542916112169194,0.49727386464152235,0.15721218592864714,-0.22380128935603918,0.20639418594458478,-0.014844328985010638,-0.006194965295762975,-0.08121668034648455,-0.10472949820302975,0.18105013188406952,0.07486552606204527,0.05630453665261497,-0.01512642542374232,0.04503502299006287,-0.0013068874562710677,-0.07686570137621625,-0.024089760855533153,-0.26857334108965725,0.17820844854927523,0.14990477252986317,0.12000255002430492,0.46115117659715193,0.2500155392106081,0.08625616587908104,0.3974340380431751,0.18897911370717752,0.35824813330252053,0.12218122703982022,0.37172023045844654,0.15414418793679127,-0.3841659428316426,-0.041055391309198414,-0.04963781686044195,-0.1368167727848656,-0.1286885703129358,-0.1277705615631649,-0.0731028217612699,0.059154188813362124,0.27140227430292696,0.07724661125676355,0.06406298560033151,0.12950139056012877,0.04718660599733841,0.15431312704699215,-0.06875981161695448,0.04686147789846122
#101,-0.06071129740455339,-0.08425917809529122,-0.10232450653045287,0.000957852879535258,-0.21853867669676227,-0.22239240092757134,-0.06622094366836934,-0.04835802341241065,-0.03375275920598618,-0.09451027580106623,-0.11126552924957565,0.055268589278741564,0.07739961271505869,-0.0579508960944784,1.0,0.41036903632987753,0.04656185004263322,-0.06746089298663628,0.5312258444963304,0.3325215755962674,0.40900158579636464,0.03379419710094112,0.013894444931428253,-0.28675342061854026,0.13460303293515766,-0.1796284933340771,-0.17453641355019164,-0.4397389412617839,0.39594386758998795,0.13127843874761932,0.09741252221310234,0.15974467881646998,-0.17918702037628795,0.09915610133159082,0.29295316720987497,0.15957095841069735,0.4109762608674864,0.29693758018631117,0.29125580728191314,0.22656009690092357,0.21269752727330682,0.20284327709998487,0.36819482185689584,0.39460351106471486,-0.10133477834710612,-0.19672640629856003,-0.3052474718899664,-0.24087688960785408,-0.265518093219326,-0.4800962634175107,-0.092451131174844,-0.2280327359370144,0.0593183466279913,0.18397469100877367,0.34090318673349856,0.2093283076604324,-0.28160396528779413,-0.2985504705591725,-0.23257337296496108,-0.26544478002055955,-0.20959446644725832,-0.26183171433352725,0.25503908709129886,0.15839794723043454,-0.06728557881567308,-0.07382957868817187,0.07881487620428883,0.13645339432141462,0.5593478312840169,0.35587023563818343,0.093788300169736,-0.01733857150825969,0.0568145415135988,-0.2287132736733897,-0.12372399174429631,-0.19336674927682904,-0.18030584354007123,-0.3998979990278032,0.31794818669365443,0.008120233645976938,-0.10492075002589868,-0.07589191084477524,-0.20597821322984486,-0.08121827411167512,-0.2232753468431496,-0.17794547729283045,-0.22086876140538214,0.13295667349329424,0.016881160898564816,-0.17434038043175099,-0.0816135278789376,-0.23573221557267968,-0.3740391588107324,-0.20609774561913793,-0.22509542669078564,0.0022599590402346023,0.06387492130784371,-0.0662607877981337,-0.19364884571556074,0.02511136434269139,-0.18260883424045135,-0.15460797360724846,-0.11538381850202009,-0.23154380065184996,-0.1905107220553196,-0.4347090183203309,-0.2043573540310306,-0.27828893369139923,-0.29260253886794857,0.10656551570257154,-0.05672688442811721
#102,-0.1957430531759756,0.2536652614970236,-0.1054259735913108,-0.2910741180501877,-0.4522946234331296,-0.17756934870785487,0.14431862553689964,-0.16710628023173346,0.18983974691008773,0.04320219302090223,-0.14766871996748718,-0.21435663683669484,-0.1818757022527871,-0.2102335662886787,0.41036903632987753,1.0,0.2198662831005108,0.13907991935548136,0.3102152379889871,0.47513487237925234,0.09043661197395787,0.5054849429033621,0.006800596068181275,0.29016885942194137,0.11563722716732144,0.3850855453466041,-0.1618341049813131,0.08575094231366892,0.03257337296496107,0.33215660336762587,0.0003554096374981074,0.060121604284040835,-0.019859908039748502,-0.02272071655682968,-0.0010088533656336413,0.003906318482098032,-0.04230171568822765,0.08959988524890627,-0.0544733004486449,0.10571125756042363,0.032981376853748134,0.09316673174541194,0.09866203412251273,0.2269537569029955,-0.13466518977759007,-0.06179187020376288,-0.10502753229366718,-0.1372295579692244,-0.09105818039828192,-0.05229143590274845,0.08787065001713297,0.08401851955151447,0.13783837627202383,0.4321446501286965,0.06625122520699026,0.22249121436938696,-0.39462741754257347,-0.1840049725473946,-0.33499828670242016,-0.18385834614986174,-0.18563220680697112,-0.2768784514977408,0.03292559507207803,0.1428364239096654,0.18421853708293157,0.3064380144873256,-0.05423264190486816,0.301653531385221,0.4776976468056961,0.41845261337647127,0.2902023284909434,0.30084389866840916,0.004876921483157886,-0.07035995186829125,-0.3297978308855756,-0.2994732606045151,-0.27238881495589257,-0.22756098144060435,0.21225446055032712,0.5240268071305054,0.0019396122369291333,-0.10160890595988493,-0.2847389014176541,-0.23693869582194454,-0.33943692275817006,-0.3186669747946035,-0.48631194766075114,-0.08680123357425751,0.006987066595478488,-0.34602395429081434,-0.29424730454462145,-0.42734263560949565,-0.37392918901258276,-0.23120273490106702,-0.3692403318219127,0.24694594745356166,0.5547657563611154,0.08443608603144499,-0.009356995433862729,0.06743379897839652,0.00417247726892397,0.16715090565706955,-0.2325159974181004,-0.08743714588529672,-0.25977735100287674,-0.1285706316888333,-0.08691917219836001,-0.1755516419765876,-0.32625489086692855,0.22744782411207357,0.09603072779287428
#201,0.08424961550414778,-0.028810493350014742,0.495885695160532,0.2475197029221685,-0.08085011435265242,0.42271752902644855,0.025447648797902605,-0.2022424276231383,-0.043881136992086955,0.27047789049239374,-0.1654806397373475,-0.21552964801695765,0.23767023404441823,-0.10848919028759493,0.04656185004263322,0.2198662831005108,1.0,0.4975017730637745,-0.1316099419072588,-0.2901624843611791,-0.30785646550693685,-0.19007721792348334,0.30321382750679343,0.2303245702810605,-0.09742367856943636,0.08910263050944704,0.3806692220035222,0.3086342229199372,0.23272637442325622,0.021976428212831405,0.23444126576831437,-0.15512754105937573,0.5527735498728972,-0.021632174931667317,-0.21261624524858752,-0.26547028026360875,-0.32016511407374354,-0.36088740845811185,3.984412976436182e-05,-0.14867438580273967,0.142485795567739,-0.20155551482600068,0.02742391763421495,-0.08903091107587119,-0.13154459753444525,-0.26479771135318636,0.4374789822215493,0.40435576026584,0.3158141351034752,0.13775071918654225,0.41119779422897623,0.4170022870530485,0.39688897034799864,0.07662663659763007,-0.18616930567619472,-0.47726414267385986,-0.39694475212966873,-0.564538724509718,0.21283459107969624,0.24504299181601574,-0.23991106790236594,-0.2561419726031764,-0.156620899042944,-0.15217270039605066,0.4808835834216545,0.15674840025818995,-0.30956020049566096,-0.020318912414633954,-0.03357744503502299,0.11142649953382368,0.33835475619377,0.13318776944592753,-0.38108041342269044,-0.0719234355202448,-0.5267457705456255,-0.5383069432380527,-0.4776562089107412,-0.29075058371650103,0.25338954011905424,0.16770234841300832,-0.14307548868825157,-0.20971878013212314,-0.04492664695710381,-0.47667126202296617,-0.37516754456565915,-0.357048028114018,-0.3940871311429687,0.18610555506857174,0.05136227079664353,-0.41568105571006225,-0.3115747196965471,-0.3927882125126505,-0.2366183490186391,-0.016594283164261408,-0.23530030520603398,0.493402608993617,0.29994820263130634,0.6363139398672394,0.5431854584864012,0.3628891775374734,0.4887870650017133,0.5597398975208983,0.19113547801002478,0.3436030249663317,0.3838726900365769,0.41676322227446233,0.3787774227223103,-0.3126839802691869,-0.3474567491971408,0.29479237223979793,0.32374152316139265
