,#10,#11,#12,#13,#17,#18,#26,#49,#50,#51,#52,#53,#54,#58,#101,#102,#201,#202,#301,#302,#401,#402,#501,#502,#601,#602,#701,#702,#801,#802,#901,#902,#1001,#1002,#1101,#1102,#1201,#1202,#1301,#1302,#1401,#1402,#1501,#1502,#1601,#1602,#1701,#1702,#1801,#1802,#1901,#1902,#2001,#2002,#2101,#2102,#2201,#2202,#2301,#2302,#2401,#2402,#2501,#2502,#2601,#2602,#2701,#2702,#2801,#2802,#2901,#2902,#3001,#3002,#3101,#3102,#3201,#3202,#3301,#3302,#3401,#3402,#3455,#3501,#3502,#3601,#3602,#3701,#3702,#3801,#3802,#3901,#3902,#4001,#4002,#4101,#4102,#4201,#4202,#4301,#4302,#4401,#4402,#4501,#4502,#4601,#4602,#4701,#4702,#4801,#4802
#10,1.0,0.49102238128061276,0.39262326137665643,0.6376250188298557,-0.321720752098673,-0.08193201166766331,0.2768933705213473,0.7779492118849485,0.09250320678148695,0.42808912341886274,0.5664887911004396,-0.01976199062387306,0.07527286172723413,0.004387698740567954,-0.09615231869701964,0.010576672890029079,0.3330643136574655,-0.03460128636444558,0.11127280694947209,0.044691350134890236,-0.03415302167829933,0.2127239611625667,-0.13521068896730223,-0.10934006491164804,-0.08051418059315187,0.09724330912460571,-0.0412230048341375,0.1776150675364158,-0.08593717903655046,-0.20868318824834411,-0.1286400964088612,-0.0861681585998804,-0.01722030246454281,-0.11121985511281937,-0.39385941287368703,-0.2006290313009262,-0.22262321572852142,0.020380066372388355,-0.13627976829006652,0.032774447999926966,-0.3132740211898643,-0.0825172207589459,-0.43985538670817603,-0.045817946107811765,-0.35265558025626864,-0.17871610055371187,-0.09642072973108684,0.057670940853711425,-0.10027708417972583,-0.07844814600099513,-0.19965672602445828,-0.22126564019226994,-0.12283730548188454,-0.19414151834826787,-0.036307613652444226,0.07264809396212117,-0.07714169637599456,0.09470801170418183,-0.1466437208707838,-0.14796660382440074,-0.015157919723189708,-0.13217782687488303,-0.10581602888613986,-0.09825213290911,0.2702040928117882,0.05460977691756403,-0.061454258286277715,-0.10124299871728741,0.24138459923219838,0.11934613611360907,0.4283593603783317,0.3581087064687972,0.18303441412901075,0.035336221338677205,0.1566114476393067,0.03905197953137624,0.21252676121917038,0.1852127431333793,0.0018916587162831463,0.10158353380472641,-0.29053485919832744,-0.30103027840797564,-0.19664303614875814,0.06823483226592778,-0.08049500837643278,0.03839282046132005,-0.19782623580913603,-0.08134406368827801,-0.15192521009554155,-0.23283744242628968,-0.3746004646980148,-0.10041220265946035,-0.3187800992390456,-0.1945979996987223,-0.20463602459521515,0.0864566548133676,0.05414416594010052,0.06383070019674346,0.07701844641137186,-0.06500750911821497,0.004027991436409866,0.14271615533147394,-0.2061442389771166,0.31532910022961014,0.24607631455216897,0.17091666019984753,0.24824825281763113,0.06504859243975587,0.2822186819557487,0.010353909991007318,-0.054069302998625994
#11,0.49102238128061276,1.0,0.5255259806360612,0.6078715644072361,-0.05492840090018122,0.08583492721404867,0.4592165867063501,0.5687794145170199,0.5573235585460156,0.5703022363021358,0.42643027019131136,0.14180319263056507,0.08377802224890102,0.19385941287368705,-0.07615387073361118,-0.02801973825359365,0.3396568173207284,0.325176315921613,-0.09532791337809894,-0.16688866876343766,-0.19401735542094428,-0.057948481514787716,-0.036413517325749656,-0.15445594270246088,-0.07822720902737519,-0.08057900094491639,0.06924091716232933,0.022294549156194225,-0.15998575778186583,-0.19382745917915523,-0.13552292221101306,0.1128631879744553,0.036295745137332414,0.16798787585533193,-0.39957273345597466,-0.213732784947071,-0.3239675533056097,0.08049957318993732,-0.14039540414576362,0.10958473891549161,-0.32353846083618254,-0.0834055334669302,-0.40531161699388774,-0.2339129124879603,0.06789886199199331,-0.029128987935197907,0.010842345035993555,-0.01617952498550672,0.0459868442074799,-0.07002515212241003,0.04738641602797318,-0.03292508684557693,0.030788754125450204,-0.05799960742603861,-0.16175416653352628,-0.08743991564224643,-0.23009581543546037,-0.2342214938808675,-0.12036500248782336,0.13846996580954685,-0.017113485828536477,-0.0016351161973277581,-0.04775890480994399,-0.19500152921252403,0.25675706519010166,0.11574175937042092,0.17608676797509437,0.17458037951859476,0.23693755791607135,0.10490032729712828,0.3769157381075196,0.4300666006290313,-0.060019080920449,-0.10485833101288647,-0.11306130088055252,-0.1543765149474818,-0.07520530248736688,-0.14383909945359183,0.081384234047118,-0.041906813897118235,-0.35180287309361974,-0.2926620622914451,-0.20919901217435763,0.1411148187540798,-0.0878890932910936,0.07726403337791635,-0.14398517348573725,-0.16247723299264608,-0.19735879890627067,-0.27443111011699617,-0.34245596096171493,-0.3114289235713275,-0.04531946847311553,-0.07581150972077036,-0.043061711713767936,0.17588956803169806,0.11622197775109898,0.15887559513756067,0.155807127499806,0.18602162808638453,0.23642173399005784,0.09219553835128066,-0.005369133644044973,0.2818361505840679,0.3240341995827761,0.21073826728808995,0.28372963522575284,-0.08649043443330123,-0.09036048332245386,0.16153596844800905,0.23176379829002086
#12,0.39262326137665643,0.5255259806360612,1.0,0.6499710134342461,0.17521488859572643,0.2694326393295202,0.3084006262924128,0.3151656799061474,0.28706103612136924,0.45861220539834846,0.4002848443626836,0.20839834388566056,0.25520046378505207,0.3156860686456655,-0.2818991450104306,-0.14454208073329164,0.6062866611584584,0.6026147251754029,-0.4165081915578339,-0.43080153560326295,-0.37079523616062665,-0.2628008782701183,0.16260596073347425,0.3398485394879192,0.1272578708796852,-0.020780856998087342,0.24905805073333728,0.2929797733113614,0.1285889704976103,0.009497550977554812,0.06758936763638522,0.024339585606230056,0.31729288299926506,0.4471490457257369,-0.33081659948782793,-0.331707651083915,-0.33599674985278477,-0.11089575335399672,0.01032743407268096,0.10830020039531285,-0.17670119187280603,-0.29708080176384394,-0.33386224305805984,-0.37132840637795744,0.04629725152578892,-0.00937886582643666,0.07714078341329365,0.17345743539647687,0.23879817590052357,0.17872796906882368,0.18913848274728737,0.2502458152072197,0.29292773443740955,0.0902618833507557,-0.12523657145987302,-0.20888221411714225,0.03428996608343566,-0.2869186139400275,0.1835118936215861,0.2336536310809022,-0.13532572226761674,0.04262622850543441,-0.2699868076889719,0.012045629875791424,0.25015725782523157,0.2867323695490421,-0.0013575755362514664,0.013087320317528427,-0.12183669836168844,-0.07002241323430732,0.2774566685078081,0.4943766062437519,-0.21456358100489806,0.1530445023668558,-0.2634326484591472,-0.007071809081239986,-0.13833849918061597,-0.015272040060803316,0.0946742320842482,-0.043038887646245215,-0.060776839962203344,-0.14855272587838425,0.19188650047702302,0.08713955091364742,-0.037529157746260276,-0.06527226830147854,-0.05373698457549517,0.07290007166757202,0.012807040768349409,-0.2004199628424181,-0.13796692336134608,0.0028831362094701623,0.03535174170459266,-0.047022143910310545,-0.02619289988907503,0.5327119100549147,0.09984525282219595,0.516131594443709,0.368067303610311,0.33831293622499053,0.5097664184929724,0.5331574358529583,0.004779359739257852,0.47578777269054673,0.5771001565731032,0.40109099042758606,0.5339699726567672,0.05554373776059379,0.006046551968119342,0.02304683042174312,0.02849721774616898
#13,0.6376250188298557,0.6078715644072361,0.6499710134342461,1.0,-0.07298862904956017,0.10266722053070522,0.33415256519694886,0.4794104086877531,0.22748930692436561,0.6827975003081249,0.5762684475525752,0.268272263736665,0.32595507310548827,0.27084864447862983,-0.2652859627419922,-0.14955242003587943,0.5539574650677647,0.24743480305112134,-0.07807200536822068,-0.19206635412910206,-0.2177032597333236,0.058918047903152915,-0.05111495569848494,-0.014560842116795319,-0.1027375186586752,0.007595849671561668,-0.07162831462520598,0.08382458334664737,0.08254187075187043,0.004224278417105269,-0.024801544732889938,0.07601327447767121,0.18279704382677445,0.18544007084590558,-0.3232481386972935,-0.19222703556446202,-0.12553784915117294,0.20277084179725838,-0.04905531184523456,0.22755321431342923,-0.22866246399503348,-0.09825852364801636,-0.3548503425892535,-0.08882944487302971,-0.0886222023399234,-0.09775000342361014,0.012357863119502252,0.10353727398467136,-0.10472595142125468,-0.17257825231550164,-0.13192219731862856,-0.22690957560928848,-0.02402552643711741,-0.1753153144928264,-0.058724499810560236,0.02914359533841245,-0.11382818954931596,-0.017680435665800874,0.0743717675414371,-0.03049843198656119,-0.030778711535740206,-0.023696859864790223,-0.1125637362085572,-0.0809606193538963,0.18514427093081112,0.004076378459558035,0.07660304838245834,0.05193023139039655,0.0927259696805087,0.06620714210720921,0.28098983416032536,0.3867638667622234,0.09415019149392652,-0.0027425399535301984,-0.0009695663883652033,-0.11637626844755257,0.10521073461543728,0.07698831864224187,0.11468637448817029,-0.020708732944715542,-0.2801955566105347,-0.22949326005286055,-0.04268100626748894,0.23168163164693906,-0.020796377364002794,0.07532398763848502,-0.18153167752331478,-0.027294845869072017,-0.08606225492657497,-0.11439513938658036,-0.3121611196574564,-0.03833439084846189,-0.12442859946956868,-0.012581538981224922,0.017154569150077372,0.21553223443056235,0.17842303952672015,0.2299022673428677,0.16529554885035172,0.10040672488325489,0.13604970168943747,0.3776753230746758,-0.13248001752888386,0.4897798390446758,0.4854030958565188,0.3277070485285324,0.4193639388862768,0.1200810710878407,0.1286492260358703,0.1603965909972748,0.20357333601135727
#17,-0.321720752098673,-0.05492840090018122,0.17521488859572643,-0.07298862904956017,1.0,0.5661409523113933,0.12473900678787768,-0.25545061556510107,0.22469198920878086,-0.04837332870765565,-0.09256711417055057,0.44328264868738787,0.36207187755344256,0.3534644652092739,-0.06027014566319893,-0.3183272697393948,-0.0168688118246929,0.3938329369553607,-0.2859682197683814,-0.32185769650380935,-0.21411075150524725,-0.35611297000461045,0.26050021226382797,0.09886107903061621,0.2120036335915496,-0.28417516102379636,0.07973816229737934,-0.2164050267726312,0.28129019888892437,0.47890280142604774,0.359373159809556,0.37799577298269477,0.4399667681576869,0.538427969525305,0.3708792287291103,0.4043338339412143,0.23866214445808817,0.05870897944464479,0.2789174088292623,0.2689396394710294,0.4436259226629296,0.2044223913232025,0.3731963280640169,0.15530773690240884,0.3391364285812103,0.11923110281329456,0.13559230737628214,-0.04886541560344552,0.007898953288263408,-0.011697791086745152,0.18665613716351617,0.18205663107633738,0.24601332012580626,0.1649833156066409,-0.033795140299543065,-0.09106163867675186,-0.1558180830522169,-0.30460817923283745,0.3969534434670672,0.2656365404191412,-0.11688204978385608,0.1576522251183428,0.021901062232102506,-0.013381294307221079,-0.2475032752536895,-0.03255898880251247,0.35851497487070166,0.1329903636786919,-0.29657410746483953,-0.03436848087571382,-0.2931760602920568,-0.19222155778825656,-0.34990482363843023,-0.14243039800608945,-0.3711604212409902,-0.21896497418597963,-0.41770508565872544,-0.2964682037915341,0.1728192744685416,-0.1580238009376127,0.2586788516755148,0.5160375592855154,0.3807921777355786,0.015966804676194955,0.3061611287870834,0.057638074196478706,0.36086950567634557,0.18236703839464638,0.3066869953028069,0.18557884117644374,0.3481464574764798,0.23154742612990548,0.2870829472261911,0.2056612817083358,0.2605577289139852,0.14412029196547174,0.03469988633614374,0.34018268383645184,0.17861293576850917,0.3294864128326037,0.18769600167985137,0.31218668261308186,0.562538401493607,0.21417100704350725,0.2238374561207302,0.22621754988199957,0.17943095034852352,-0.1274532448976797,-0.15391912063432647,-0.06382887427134165,-0.0016351161973277581
#18,-0.08193201166766331,0.08583492721404867,0.2694326393295202,0.10266722053070522,0.5661409523113933,1.0,0.15948271533366504,-0.14718145590161913,0.20412111363190258,0.09413649705341288,-0.08533462365395061,0.4321399389227953,0.14608133584702396,0.22787457718414914,-0.13112791976883784,-0.20792542920658977,0.1942675072009933,0.1873481628908051,-0.3273491671497761,-0.32055946354311693,-0.3166273331903025,-0.41084143207329266,0.008759877115220457,-0.0669585104100572,0.008140888404004254,-0.24748866785047496,0.09493351349130631,-0.03987729781299785,0.16370881967617212,0.28415416288167544,0.15902166916970606,0.13204909913405488,0.22772941611470462,0.37081714726544845,0.18055663335874414,0.3268269524848562,0.12593498792606828,0.0020021272030931177,0.08779597109560089,0.02761073096358648,0.1628798495437469,-0.013835949732273688,0.16687132247212041,-0.03289313315104511,0.36175234060812445,0.24662409217271428,0.035558984237698966,0.04340589865201057,0.034782965941926446,-0.05758877421062963,0.2520306572874965,0.17701342511651685,0.19743913962395065,0.018800640899816038,-0.1675934759685393,-0.2680275897328215,-0.1670666964901149,-0.44407601327447765,0.15736281594215468,0.26437300004108333,-0.11617998146685717,-0.04588276645957629,0.08686018432716931,-0.07651083914966654,-0.11690304792597699,-0.06812071192831416,0.20334783422423278,0.04283073215043799,-0.19783262654804237,-0.06802302491931692,-0.1607891649586656,-0.03019624133256036,-0.3610502722911256,-0.16636371521041507,-0.33260326749350655,-0.2249394021007272,-0.35747054554086194,-0.2874563489708628,0.04031734583483592,0.0776301314209808,0.03223762593179256,0.47091437779309525,0.1065838305176042,0.3592855153902687,0.32864192233426304,0.06940616341119384,0.2147772142769107,0.08597369754458682,0.09529595968356713,0.2596968050870282,0.16709225944574035,0.1869574148548161,0.44089525122451123,0.05370137903015972,0.21265640192269944,0.029894050678559526,-0.14374597725809912,0.16480802676806638,-0.0741763935234426,0.30386867944510126,0.26087178808309786,0.2946477561659218,0.39870450592741036,0.1311954790087051,0.20873066230879136,0.12340790716995258,0.28722263051943014,-0.11760968105648044,-0.17215737651038268,0.08305039097627666,0.16461995645167918
#26,0.2768933705213473,0.4592165867063501,0.3084006262924128,0.33415256519694886,0.12473900678787768,0.15948271533366504,1.0,0.23582374342096254,0.38518170240154836,0.32606919344310187,0.31397152469335865,0.13940392665257662,0.18974560294339174,0.21455719026599168,-0.03888947217061447,-0.04944423395582174,0.3373607161279426,0.31865319742361925,0.01974829618335943,0.002664938123952946,-0.3910931358899332,-0.15898788954977244,-0.10487932915500738,-0.16256670333733517,-0.2620540747807748,-0.15167505831549252,-0.17159499148662283,-0.13748122720446257,0.021063875435369087,0.12311302021755902,-0.0039321303528144355,0.11152204576682019,0.005780879822154866,0.0797034697147448,-0.24505288336445014,0.050151780049026096,-0.2463072941154989,0.236510291372046,-0.25468190097093585,-0.1198939137341544,-0.14277914975783665,0.1843280822761986,-0.17776661934476667,0.0864356566712467,-0.045458238803653676,0.01249572048733949,-0.085611251352326,-0.01708609694750921,-0.20905567703031494,-0.21986332948367396,-0.12399220329853423,-0.13011635709623084,-0.2895908557655877,-0.09342621207210579,-0.40984356384119924,-0.14524049719948692,-0.36317747538424316,-0.21486211980809525,0.008735227122295918,-0.11820584570017392,-0.06654585126924639,-0.09792437929948372,0.1131407286355316,0.03972483304194607,0.09139852191338722,-0.08707381759918198,0.36850187385594363,0.4618915674200131,0.14835735186038973,0.1352791611698704,0.17883478570483002,0.21245920197930313,0.048447278686429264,-0.039171577645195306,-0.07814778127239612,-0.09395116562512838,-0.04740193639388863,-0.10778528943200026,0.3346145243236088,0.19688131941369535,-0.04165848804247103,0.03907023878539442,-0.049363893238141755,0.15369818366070653,0.18721578329917332,0.11414316168112952,-0.049708080176384395,-0.12615957675049186,0.16102197044739738,-0.0040581192055398575,-0.019052618605266882,-0.2795984790041403,-0.03192356676267991,0.0009102238128061278,-0.1310740549694842,-0.029275061967343325,0.20717040905293815,0.07100567406318614,-0.0530294384822908,0.14781322609064806,0.11030050167300415,0.2808528897551891,0.030419004231582118,0.3544221630825273,0.20964818982320477,0.07384863991381632,0.15055667900687916,-0.16246262558943153,0.11176398088256104,0.05762255383056325,-0.007218796076086311
#49,0.7779492118849485,0.5687794145170199,0.3151656799061474,0.4794104086877531,-0.25545061556510107,-0.14718145590161913,0.23582374342096254,1.0,0.3470518151980901,0.44802183806780577,0.4990217604659762,0.07957748086201938,0.01004167674729649,-0.08643017889504125,0.06614232175544468,0.021783290043685264,0.2933230472869031,-0.03197834452473444,-0.05437149365262682,-0.16847722386301908,0.038155450159083754,0.11755764218252863,8.307960578270575e-05,-0.09003638156363122,0.00524405775402046,0.022088219585788823,-0.03025923575892307,-0.030058383964723122,-0.212961331464803,-0.28290431694413126,-0.22277202864876955,0.08925853734245687,-0.12273505365938274,-0.16386767518613027,-0.5062323398777543,-0.2025572085252457,-0.33668603669197095,-0.11833092159019844,-0.2118374743799842,-0.019836853565347586,-0.3980937338805023,-0.11369033218147873,-0.4958190873111879,-0.10883154468724181,-0.22255930833945778,-0.10663769531695783,-0.12010937293156888,-0.1565502791383458,-0.09102877201951914,-0.10117270058931742,-0.23873244258605814,-0.22338006180757486,-0.07242715698850123,-0.15283999872185222,0.019957364641867557,-0.08050139911533914,0.018595224292111547,0.007015205393783637,-0.3036395258071731,-0.11360268776219147,0.14752472987716087,-0.09407350262705017,-0.021146042078450885,-0.058296320303833984,0.307407322873824,-0.011896816955543281,-0.046416849639607974,-0.14976148849438756,0.17674684000785149,0.04703036057461872,0.46251603390743473,0.31848064747314747,0.2341493698274957,-0.022595826847494147,0.1398129339425838,-0.05451574175937042,0.22982375255058954,0.18091634066290221,0.07037025202335359,-0.010018852679773768,-0.3917504690345876,-0.4404396828367577,-0.21154441335299246,0.09060333140089562,-0.07887541254502048,0.22771480871149008,-0.19854291152934947,-0.12758197263850785,-0.27347158631834095,-0.3396330802905047,-0.44666243660615246,-0.22184171965654342,-0.2597725809912036,-0.19510651992312855,-0.21552219184085233,0.20610772046908024,-0.04764752336043311,0.07246915327274304,0.06870226916879311,-0.058698023892233886,-0.018755905727471503,-0.0004929998584907813,-0.18050642041019413,0.19234115590207562,0.12767509483400055,0.16317656242154227,0.17901098750610545,0.05576467473421373,0.061909826674031235,0.03148351874084184,-0.1129553972072471
#50,0.09250320678148695,0.5573235585460156,0.28706103612136924,0.22748930692436561,0.22469198920878086,0.20412111363190258,0.38518170240154836,0.3470518151980901,1.0,0.36846444238520637,0.17675323074675783,0.22662655717200675,0.006371566689642894,0.30491676062574463,-0.018334116959651613,-0.14983452551046028,0.21094550982119625,0.40838738833324967,-0.2369448616176786,-0.361085877836461,-0.1656561691172107,-0.1462602765364021,0.10389789425153036,-0.08762250818242821,0.008746182674706825,-0.048025489918609374,-0.03481400667375734,-0.1563959884418922,-0.09579900213176791,-0.052698945984561804,-0.10543532343986087,0.20400790625698986,-0.0046862375437651494,0.16926419771120252,-0.16432598246198651,0.022331980626931487,-0.1923283744242629,0.06479661473430504,0.010777524684229026,0.17314794104086878,-0.052425970136990054,0.014040453377277272,-0.056576298575321704,-0.03819562051792374,0.31837656972524386,0.25116608160973586,-0.1620764423669471,-0.21480095130713434,-0.13195323805045944,-0.04142568255373927,0.09106529052755549,0.019033446388547797,0.12227948527162923,0.06437482596648514,-0.015988715781016766,-0.03924644058666983,-0.09934038444859335,-0.24747406044726042,-0.13012731264864175,0.18692363523488248,-0.16451679166647645,0.02700634965558482,0.007290007166757202,-0.11758046625005135,-0.021711165990313464,-0.08194570610817695,0.4586158572491521,0.14890604244363598,-0.08464077200125988,-0.13623320719232015,0.02865881214422985,0.0872198916313274,-0.16055727243263476,-0.15014310690336746,-0.2447470408596457,-0.13566443142965395,-0.15718570117817837,-0.17271884857144162,0.270776520425258,0.0077775292490425306,-0.16342397531348857,-0.028756499153227096,-0.04816791209995116,0.25300204960126355,0.04057662724189403,0.059822793939753593,0.025375798271761608,-0.06107537876540054,-0.04301149876521795,-0.04919043032496907,-0.02816855117384179,-0.3244842901943241,0.20046743690286534,-0.10344141290107593,0.011674054056521522,0.2606325918554597,0.16406122327872294,0.13542706112741765,0.016974715497998328,0.21658214153660751,0.1622426015785125,0.0788261125591714,0.12763583743786147,0.27905252730899677,0.1890499253652992,0.13818146959605965,0.12461301793515225,-0.20974131201869747,-0.18558979672885464,-0.05085932614223046,0.04841806388000018
#51,0.42808912341886274,0.5703022363021358,0.45861220539834846,0.6827975003081249,-0.04837332870765565,0.09413649705341288,0.32606919344310187,0.44802183806780577,0.36846444238520637,1.0,0.6066664536420364,0.4175781838432991,0.34109838542546345,0.29230874572619336,-0.20541569474179133,-0.24095733268817301,0.6023043178570939,0.21987063318528122,-0.11665563503403069,-0.23790529837903474,-0.1844412896511113,0.019368503699781346,0.054041914117598726,-0.07727590189302816,-0.04973820794551439,-0.13455609471075058,0.05266242747652545,0.031824053828280845,0.16490571377706364,-0.06204859700456938,0.06304829116206458,0.277007490858961,0.10069156924593846,0.01700484326712832,-0.3376282141993089,-0.13980928209178015,-0.19946774274537013,0.13285433223625648,0.006429083339800153,0.07749227405314356,-0.21353558500367467,-0.18453075999580038,-0.35851314894529984,-0.15959409678317593,-0.042349600807059025,0.014021281160558185,0.06380878909192166,-0.056610078195255334,-0.02805899564973273,-0.24218252863279272,-0.1855350189668001,-0.1990724298958766,0.022517312055215986,-0.09062067769221288,-0.020458581164666517,-0.10056740631861485,-0.05452761027448223,-0.2068965202426655,0.08147279142910617,-0.09479656908616999,0.059778971730109966,-0.05854008134497665,-0.02052157559102923,-0.0902299296562239,0.23032862092419215,-0.024213596753504634,0.2318404871568972,0.20524131886591773,0.03477566224031917,0.0100736304418283,0.2622969228592166,0.37302377811354515,0.02818772339056088,-0.03793268726006199,-0.05039736701557058,-0.24183925465725098,0.037977422432406524,0.04655744589554794,0.3075205302487367,-0.17029949741403316,-0.21754349126066455,-0.31321741750240795,-0.06835899519325138,0.2552634582114148,0.01494246052577522,0.23534808985378902,-0.049068093323047283,0.033356005240405905,-0.17361355201833228,-0.13801713630989607,-0.2518526295608193,-0.08941191507620956,-0.0796304326986721,0.05202426654859016,0.07414717871701351,0.255481656296932,0.06594329588664655,0.07836324046981061,0.10067696184272391,0.002714238109802024,0.07667152058502649,0.34137501312383883,-0.06635869391556008,0.33078921060680067,0.261241537976966,0.24477625566607475,0.3281936576481168,0.03293604239798783,-0.06844663961253863,0.0985105013534672,0.06861097289870223
#52,0.5664887911004396,0.42643027019131136,0.4002848443626836,0.5762684475525752,-0.09256711417055057,-0.08533462365395061,0.31397152469335865,0.4990217604659762,0.17675323074675783,0.6066664536420364,1.0,0.09512340973309535,0.3284876316378094,0.28709207685320015,-0.13714434396782718,-0.16722463903737214,0.5138163210342042,0.09449072658136552,0.08734131567054829,-0.05575189325640101,-0.09934403629939699,0.2026101603618984,0.11448460973126943,0.06103155655575691,-0.01910739636732141,-0.06776100462415607,-0.025529176005514295,-0.009508506529965719,0.23686452089999863,0.04329634312790151,0.10412065715055212,0.14213916290449954,0.04330273386680787,-0.026406533161087705,-0.28441070540063085,-0.1679540962353983,-0.1429818274774384,0.0977993034094592,0.03446616788471107,0.09634221493880868,-0.10385407204188672,0.010616843248869067,-0.14235644802731584,0.1316492214710568,-0.13383941899053714,0.03711467268004766,-0.04723121236881867,-0.08424728507716817,-0.15060963084353188,-0.14757768171381358,-0.29518183934595355,-0.20913510478529398,-0.09640064455166684,-0.039110409144234415,0.004640589408719707,0.0614633879132868,-0.1287834315529039,-0.023258637768353973,-0.027117731105095702,-0.16148027772325363,-0.15710170860969475,-0.10277221124130974,-0.07156623316154419,0.021544093816047147,0.0769919704930455,-0.05870076278033661,0.11343378966252333,0.17876722646496276,0.022240684356840602,0.037634148456864795,0.1593658561079487,0.24247376373438262,0.07843353859778059,-0.04403310402753496,-0.009125975158284907,-0.1548494296265526,0.0036253748853090607,0.04071265868432945,0.21545554556368599,-0.08056348057900095,0.06319801704501363,-0.1266699229002999,0.09080600912049738,0.0613191398065432,0.05256291454212638,0.03207146672022714,-0.14016168569433096,0.19638649362980276,-0.00688465172755367,0.011719702191566964,-0.1156979371607773,-0.06939064304527838,-0.2522442905595092,-0.15223013963764512,-0.1508159604139373,0.1964513139815673,0.08315994650038573,0.07628533736254205,0.020880369932486407,-0.08720163237730923,-0.0813933636741271,0.38551858563818375,-0.19600396225812194,0.32869578713361663,0.15854784152793439,0.19934723166885016,0.19313634641456723,-0.03395856062300575,0.1179675624352367,-0.20702889983429726,-0.22399813755609013
#53,-0.01976199062387306,0.14180319263056507,0.20839834388566056,0.268272263736665,0.44328264868738787,0.4321399389227953,0.13940392665257662,0.07957748086201938,0.22662655717200675,0.4175781838432991,0.09512340973309535,1.0,0.34945290710148036,0.3371133032359963,-0.18144677199213027,-0.3881360497016894,0.499634358438286,0.07524273395810414,-0.3810733702474585,-0.4689396394710294,-0.23205777227971353,-0.1957200308581393,0.1656753413339298,0.05651330414895899,0.05064751879561961,-0.1698512327278869,-0.08514929222566613,-0.39245527623968923,0.3200719414608316,0.22647135351285222,0.11872075666348651,0.21836789657958525,0.1332889024818891,0.24836419908064655,-0.002945217673131964,0.05953703661436912,0.17546504037577546,0.047522447470408596,0.2329762127568278,0.22122273094532724,0.2150018031013343,0.023957967197250157,-0.006277531531449282,-0.08391405369133643,0.12202659460347748,-0.02967676555574322,0.006673757343643725,-0.29660971301017497,-0.004567552392646998,-0.28356530193958923,-0.027503001364879237,-0.24183560280644734,0.06748985470198615,-0.11248339549087721,0.0905302943848229,-0.04568100170267544,0.0018651827979567896,-0.11993956186919984,0.249441495067719,0.05839583323823305,0.19304687606987816,0.12127431333792858,0.16638380038983508,-0.00723614236740358,-0.2235927821168866,-0.24131247517882656,0.2425842322211926,0.034908954794651864,-0.1239264699840688,0.118625808542592,-0.09978956209744051,0.036357826600994216,0.10106314506520836,-0.11552630017300643,0.024127778259619204,-0.29535165040832256,-0.02247257688287145,-0.10846818553228008,0.21015944893571373,-0.20708824240985635,-0.09987446762862504,0.01725134319637371,0.22280124345519864,0.527190311639818,0.38618961322335177,0.39299118534512273,0.06266210793958013,0.15429891311790456,-0.027290281055567474,0.1445055622252553,-0.0709600259281407,0.1863493816960108,0.19917559468107932,0.19182076716255758,0.35627547736537224,0.19652435099763998,0.0422126564019227,0.31680809980508245,-0.08721258792972013,0.2856121643150269,0.025439705660825228,0.3299355904814509,0.02601122031159417,0.27377012512153814,0.07515052472531235,0.3326899989500929,0.20678696471855643,0.13917112116384486,-0.13191945843052583,0.09651111303847681,0.061814878553136714
#54,0.07527286172723413,0.08377802224890102,0.25520046378505207,0.32595507310548827,0.36207187755344256,0.14608133584702396,0.18974560294339174,0.01004167674729649,0.006371566689642894,0.34109838542546345,0.3284876316378094,0.34945290710148036,1.0,0.41560527144663506,-0.2827582429119858,-0.39959281863539464,0.4179442818863635,0.288415872769518,-0.0874883026653946,-0.1896981288829445,-0.29904914934700344,0.15799915094468817,0.12143316884788671,0.05241318865917733,0.14545047862069596,-0.06702972150072808,0.016746474822771116,-0.007402301578968991,0.40079792940059433,0.39041571756585886,0.20400608033158804,0.3499751217664002,0.2679928971501869,0.2838245833466474,-0.041761652827673724,0.10401840532805032,-0.005350874390026796,0.15861905261860526,0.0883848320376871,0.20442878206210885,0.1427526738395103,0.1676126481852584,0.009167971442526715,0.16191758685698895,0.0033578768139427666,-0.13983301912200377,0.19546896611538936,-0.012733090789575793,-0.11745721628542866,-0.29257533083485876,-0.05491014164616305,-0.12692920430735802,-0.0955205485079907,0.017089748798312845,-0.1388552360693304,0.028348404825920836,-0.22422729119401827,-0.20635878521183018,0.4383773000954046,-0.13961664696188839,0.0032747972081600607,0.024401667069891858,-0.04712622165821415,-0.07208753486376314,0.006553246267123757,-0.08203882830366965,0.1862781706053399,0.05836661843180397,-0.06332217997233723,0.0787658570209114,0.017380070937201862,0.17993399279672428,-0.06978504293207101,-0.012975938868017548,-0.22778328091405825,-0.3626333496145015,-0.04570565169559997,-0.054174293709230506,0.3105451756768477,-0.28209269310302326,0.33954452290851656,0.17748816572098947,0.19619842331341553,0.08215203567858236,0.219942757238653,0.22100635878521183,0.2309832151807438,0.32790698736003143,0.2691057986825948,0.07998374926392382,0.21103589312858623,0.3662422911711942,0.02566064263444517,0.2317062816398636,0.1189051751290701,0.245905590527099,0.27339946226496914,0.2921069809692925,0.18084695549763313,0.1383311954790087,-0.021282073520886305,0.5388241953374995,0.030575120853437533,0.3271026672205307,0.22017556272738478,0.340151643104621,0.23591503969105343,0.11025850538876235,0.0007367608996334455,0.17573984214874902,0.05606321353741093
#58,0.004387698740567954,0.19385941287368705,0.3156860686456655,0.27084864447862983,0.3534644652092739,0.22787457718414914,0.21455719026599168,-0.08643017889504125,0.30491676062574463,0.29230874572619336,0.28709207685320015,0.3371133032359963,0.41560527144663506,1.0,-0.3646555619970146,-0.4837725444726956,0.4285309973661026,0.29662979818959495,-0.2322924036938471,-0.2876736340936791,-0.16405939735332112,-0.02678358675656306,0.1011608320742056,0.12423413841427508,-0.04983133014100709,-0.20278818808857565,0.022443362076442368,-0.12985159791296727,0.4209004551119064,0.33992705428019737,0.19362569442225439,0.26017793643040715,0.335673561056663,0.4227857230892832,0.13887897309955402,0.0710531481236334,0.19025960094400343,0.255612209963162,0.3081952096847083,0.22794761420022186,0.26593416625963745,0.2558559710043046,0.08006956775780925,0.1334842764998836,0.04953461726321171,-0.010887080208338088,0.013026151816567534,-0.12764588002757146,0.01948353700009586,-0.07774242583319259,0.02325407295484943,0.0014525236571459872,0.1193379194493009,-0.021983228875184304,0.07229295147146764,0.0769910575303446,-0.125907599045041,0.0034509990094354695,0.33685310886623726,0.11434036162452584,-0.3062359917285579,0.019161261166675034,-0.08240218745863137,-0.18971730109966356,-0.28589335682690686,-0.061459736062483165,0.45755316866529416,0.22091597547782185,-0.05989856984392903,0.1510752418209954,-0.19079642301213784,0.1851196209378866,-0.057248239123190624,-0.057570514956611446,-0.09689364441015762,-0.09935042703830335,-0.11134493100284387,-0.14423715119118807,0.009942163812897423,-0.2655963700603012,0.2762926410641493,0.19699087493780443,0.4301460283840104,0.15142216764734076,0.2020313420095222,0.061543728630966785,0.021123218010928164,0.3665928688483432,0.37183783956506455,0.06010855126513806,0.03466975856701374,0.1813180442513021,-0.0473270734524141,0.08229719674802687,0.20557363728904857,0.1650864803918436,0.14265407386781212,0.309540916705848,0.10010179534115134,0.30187111705551267,0.16620394673775604,0.3884126774000648,0.12206676496231747,0.3690341311105735,0.15634760141874404,0.24074552534156218,0.24601879790201173,0.008086110641949723,-0.054662728754216745,-0.06418766861279883,0.03469532152263919
#101,-0.09615231869701964,-0.07615387073361118,-0.2818991450104306,-0.2652859627419922,-0.06027014566319893,-0.13112791976883784,-0.03888947217061447,0.06614232175544468,-0.018334116959651613,-0.20541569474179133,-0.13714434396782718,-0.18144677199213027,-0.2827582429119858,-0.3646555619970146,1.0,0.5882556478155085,-0.3137058525473942,-0.2058749149803485,0.3055092734186345,0.3097472462762534,0.3917997690204367,0.07059484084777716,0.10263070202266886,-0.0731356160444065,-0.006681061045250996,-0.06679874193739815,-0.23082892448429018,-0.3073361117831531,-0.40032410175882266,-0.2370142467829477,-0.10922503161133353,-0.05260308490096637,-0.41937580740138863,-0.38103593877672126,-0.10577585852729987,0.09073205914172376,-0.05701999844796341,-0.11610055371187811,-0.3281534872892768,-0.3570405401087339,-0.1453829193808287,0.008052331022016095,-0.09284739371972958,0.057303929847946064,-0.18112632208411125,-0.18087069252785679,-0.22619198692637413,-0.23952489421044704,-0.28071320646194997,-0.12750802265973424,-0.19778971730109968,-0.28600839012722135,-0.3149739577389566,-0.11723080153560327,0.01079030616204175,-0.03531796208465903,0.003549598981133626,0.1273281690076552,-0.26243751911515656,-0.20442786909940794,-0.07785198135730165,-0.20635604632372745,0.5377852437838652,0.4763236817959802,-0.053526090191585225,-0.03947924607540159,0.19734875631656068,-0.06436478337677515,0.383272697393948,0.3083075040969201,0.18794067568369494,-0.07522630062948778,0.16457065646583008,-0.11731388114138597,0.12082148383827779,0.056215678308462705,0.06980695403689283,0.07657200765062744,0.31078345894178494,0.41558336034181326,-0.12541551214925115,-0.04988610790306162,-0.22895826391012794,-0.22019017013059933,-0.09393381933381112,-0.11085284410705401,-0.0032766231335618783,-0.33940666554067933,-0.16290997731287687,-0.1911935617870332,-0.14898912204941867,-0.18426782673793862,-0.20423979878302073,-0.1053358105054618,-0.18790141828755585,-0.15406154281566828,-0.10684219896196141,-0.3591367024700206,-0.3734200039257396,-0.3435022162169565,-0.38824104041229396,-0.3977623284200724,-0.08080176384393815,-0.3169158294037897,-0.34293161452888843,-0.37774288231454306,-0.45517490082942663,-0.17881652645081186,-0.15817535274596356,-0.1663956689049469,-0.15334578005815572
#102,0.010576672890029079,-0.02801973825359365,-0.14454208073329164,-0.14955242003587943,-0.3183272697393948,-0.20792542920658977,-0.04944423395582174,0.021783290043685264,-0.14983452551046028,-0.24095733268817301,-0.16722463903737214,-0.3881360497016894,-0.39959281863539464,-0.4837725444726956,0.5882556478155085,1.0,-0.3408153669881817,-0.09987538059132595,0.22325589888025124,0.36848726645272906,0.1702721085330059,0.13871829166419405,-0.07242167921229578,0.05490283794455578,-0.11976883784412988,0.19978180191448278,-0.24574034427823452,-0.05238579977815006,-0.45180789438847474,-0.39894005030424484,-0.18885911616080925,-0.25805621111349497,-0.4200705720167803,-0.34250982576106853,-0.24360948933431326,-0.09550411517937435,-0.2142476959103836,-0.010195967443750086,-0.3293293832480474,-0.16493492858349273,-0.41022153039937553,-0.22623307024791503,-0.2782080368106561,-0.1178324439555022,-0.10099649878804201,-0.1350417908676341,-0.30915655940876535,-0.10126490982210921,-0.14774292796267807,0.07187116270364774,-0.046368462616459806,-0.06602454956702744,-0.2639712964526834,0.01147502818772339,-0.09600076688866876,0.0497400338709162,0.039770481176991515,0.23037792091004122,-0.30251566872235436,-0.18306454189814075,-0.05837118324530851,-0.17185609881908276,0.34229345360095315,0.5572505215299429,-0.003855441485938092,-0.016477150826003005,-0.08726006199016739,-0.03256903139222247,0.24499810560239563,0.09353394167081304,0.09436291180323828,-0.09723874431110117,0.12559080098782563,0.15989720039987768,0.21168409664623153,0.2509305372329014,0.11856372707893019,0.147112983699051,-0.021199906877804507,0.6708705555834517,-0.18684968525610887,-0.2785157052408624,-0.30727768217029494,-0.20289226583647926,-0.09989272688264321,-0.14569789151264226,-0.0531006495729617,-0.45224063870870557,-0.38596502439892816,-0.2755275783207877,-0.20321088981909644,-0.24985780605933344,-0.10520982165273637,-0.10669338604171326,-0.17631683457572342,-0.283467614930592,-0.033360570053910445,-0.3715292581721574,-0.25541409705706475,-0.3406492077766163,-0.24285812103146526,-0.4429348098983416,-0.10203818922977902,-0.3387840249786595,-0.23869866296612452,-0.48903029666722964,-0.4187394723988551,-0.028691678801462565,-0.03558363423062351,-0.011310694901559797,0.022191384370991524
#201,0.3330643136574655,0.3396568173207284,0.6062866611584584,0.5539574650677647,-0.0168688118246929,0.1942675072009933,0.3373607161279426,0.2933230472869031,0.21094550982119625,0.6023043178570939,0.5138163210342042,0.499634358438286,0.4179442818863635,0.4285309973661026,-0.3137058525473942,-0.3408153669881817,1.0,0.2474731474845595,-0.21998840537369846,-0.4006098590842071,-0.2980458033387046,0.009023723335783117,0.0963951667754614,0.1852967357018629,0.0014315255150250837,-0.060628027041955204,0.02162626045912894,-0.0782701182743179,0.4223958880159951,0.1840815823469532,0.024533133698822734,0.1490630720281923,0.13259596379189928,0.230891005947952,-0.3740554259655722,-0.24843267128321472,-0.18254050130781907,0.02304865634714494,0.012306737208251357,0.014371858837707186,-0.011454030045602488,-0.030072078405236752,-0.31765167734072225,-0.09900989195086435,-0.09575061510861974,-0.13975998210593107,-0.0031433305792291856,-0.18014397421793332,-0.03168345757234088,-0.1862224798805845,-0.09494446904371721,-0.11733396632080596,0.005456778063332223,-0.06418401676199519,-0.05366029570861883,-0.034360264211405644,-0.023714206156107493,-0.15492337960532623,0.19798417835639326,-0.08335805940648294,-0.05554373776059379,-0.11690487385137881,-0.09164867369343625,0.05452761027448223,0.12836438167318673,-0.01538068262221147,0.05555378035030379,-0.0003122332437108282,-0.028181332651654515,0.08852177644282343,0.17389017971670767,0.4189823204772969,0.08432945172024997,-0.05215664614022194,-0.04933285250631086,-0.24113262152674753,0.07842623489617331,0.0496779524072544,0.1909269766783678,-0.18622156691788358,-0.002933349158020149,-0.14572801928177223,0.2636371521041508,0.38566100781952556,0.07114992216992974,0.20914332144960218,-0.1626853884884533,0.2680467619495405,0.113657465524246,-0.026031305491014164,-0.17885395792154912,0.11991217298817257,-0.04165483619166739,0.06916696718355572,0.03461863265576285,0.5283406446429632,0.1141002524341868,0.5048464624977747,0.02992417844768952,0.25258665157235,0.1205339005874915,0.6557902376898391,-0.2783678052833152,0.47502818772339056,0.17222584871295082,0.396073347423391,0.3369416662482254,0.08304034838656667,-0.07040037979248358,0.08635531595356671,-0.028459786275431716
