,#10,#11,#12,#13,#17,#18,#26,#49,#50,#51,#52,#53,#54,#58,#101,#102,#201,#202,#301,#302,#401,#402,#501,#502,#601,#602,#701,#702,#801,#802,#901,#902,#1001,#1002,#1101,#1102,#1201,#1202,#1301,#1302,#1401,#1402,#1501,#1502,#1601,#1602,#1701,#1702,#1801,#1802,#1901,#1902,#2001,#2002,#2101,#2102,#2201,#2202,#2301,#2302,#2401,#2402,#2501,#2502,#2601,#2602,#2701,#2702,#2801,#2802,#2901,#2902,#3001,#3002,#3101,#3102,#3201,#3202,#3301,#3302,#3401,#3402,#3455,#3501,#3502,#3601,#3602,#3701,#3702,#3801,#3802,#3901,#3902,#4001,#4002,#4101,#4102,#4201,#4202,#4301,#4302,#4401,#4402,#4501,#4502,#4601,#4602,#4701,#4702,#4801,#4802
#10,1.0,0.5091109112737199,0.5537118781012201,0.6396125386297343,0.2890019948235015,0.27058114640726355,0.2812189877982535,0.7418744037212359,-0.023043178570939484,0.6399612903814814,0.5471193744379573,0.4598355754175663,0.00208794569697855,-0.2100635878521183,-0.26212711179684756,-0.1548485166638517,0.5518384786389552,0.4045255561084052,-0.2386557537191818,-0.12930382029242196,-0.23141230765017096,-0.06284196159165917,0.18294311785891987,-0.16235946080422883,0.3215956762086485,0.12091186714566776,0.1898944158636399,0.31942556386858817,0.3202737062177325,0.12679956360382896,-0.022992052659688587,0.04859061383047195,0.28362007970164377,0.22328876553748397,0.07536689688542775,-0.3080491356525629,-0.09879260682804804,-0.20246865114325754,-0.061105506534530535,0.08843778387433981,0.11241127143750541,-0.2699092058593946,0.08144448958537799,-0.25030424482007785,0.015161571573993345,-0.19415064797527698,0.02443270780172276,0.14676970972350925,-0.11183245308512921,-0.13812212702050058,-0.04477169085257022,-0.09015324078934756,0.10188572445872723,-0.017902285602121724,-0.00020906845850812765,0.2206649107350719,-0.3345140984265088,-0.14334792552050285,-0.08587327164748684,-0.051793286985260215,0.23274523319349788,0.3855751893256401,-0.29474087836141455,-0.2494077154477854,0.3931737778853045,0.43333865894908863,-0.2408496030894658,-0.08725458421396194,-0.2454399795496355,-0.13227094907037573,-0.12842555017414764,0.24404588550534767,-0.21719200062081465,0.07478533964494881,-0.36735701862900394,-0.06713379924863169,-0.031174024385233742,0.21307636476511752,-0.09791798856057736,-0.05580301916765191,0.16771124815695654,0.030078469144143118,-0.014538018049272596,0.23079970967786112,0.09801111075607007,0.16312087169678682,0.26911858016040757,-0.03499933810204184,-0.0900026019436976,0.16021491141979394,-0.07701844641137186,0.18252680686730544,-0.07885076255209593,0.14616806730361032,-0.017528883857450005,0.3970922137976053,0.23185600752281266,0.35014128097796565,0.14739782806173454,0.28762798595863365,0.19844613748305312,0.28051418059315186,0.31751108108478227,0.3912099951156495,0.12434095505028142,0.37523953858865094,0.3072356858860531,0.2824670078103959,0.1299867163927018,-0.14471736957186615,-0.03452459749756924
#11,0.5091109112737199,1.0,0.5428101904896675,0.49744507388150655,0.10309540003743146,0.11951777310137994,0.5790776337832718,0.4003514906398499,0.3486175462301488,0.682245157874075,0.3846266210793958,0.033528555190877676,-0.16073530015931198,-0.07166665905864415,-0.164220991751382,-0.1376501253041307,0.5012822561134265,0.4348541770325973,-0.18401584903248777,-0.17465980727357383,-0.17793916929523845,0.13955639142362838,0.09684890923781309,0.0770841797258373,-0.04818982320477297,-0.13281324891471558,0.17893977641543454,0.26583191443713566,0.1350719186367641,-0.10969338147689976,0.03920718319053075,0.10033642675528491,0.285170290367787,0.1563749902997713,-0.25696430772320794,-0.39638010289089637,-0.22243788430023692,-0.4019920846133831,0.11409203576987863,0.16495136191210907,-0.22221877325201878,-0.5154906946276709,-0.2650011183793086,-0.4127778259619203,-0.09068732396937923,-0.15194712120036336,-0.17987647614656704,-0.23108090218974103,-0.005733405761707605,0.06949198190507927,-0.15385703917066468,0.034422345675067446,0.18721943514997694,0.3191425454313064,0.10375547207018858,0.2657926570409966,-0.17574166807415084,-0.035519726841559886,0.1570980567588911,0.2677235731534188,0.0003779665581762657,0.16607613195962878,-0.3799358187221261,-0.09560088922567068,0.48068307869282,0.49865840131101447,-0.14290239972245933,0.20309494355608101,-0.09917879005053248,0.010624146950476338,0.11404182282132863,0.4831389483582648,-0.2909730812947637,-0.10897853168208813,-0.4636791483883926,-0.03663993207557505,-0.23529331209173449,-0.015081230856313365,0.09385073972802842,0.13318391177128458,0.05804434259838314,-0.13187107140737764,-0.3511482788370681,-0.04200997868232093,-0.057876357461415916,0.024293937471184614,0.025363929756649792,-0.14259290536685124,-0.2444402853921403,-0.025322846435108893,-0.18340598994828067,-0.10691523597803412,-0.19331163525314174,0.08222324676925324,0.034183149447429326,0.4606070288998343,0.23880365367672904,0.26095395472617966,0.143146160763602,0.015044712348277011,-0.0026631121985511283,0.30384676834027946,0.23418771426093388,0.1921622152126975,-0.16830741280065004,0.20687004432433914,0.04033195323805046,-0.05640831343835448,-0.03571783974765711,0.04704679390323508,0.1394541396011266
#12,0.5537118781012201,0.5428101904896675,1.0,0.7119493123108456,-0.055172161941323884,0.2788069403424523,0.4211560846681609,0.3649851415320427,0.12090365048135958,0.6667147493689145,0.4358913026608298,-0.004496341301976107,-0.04892201929090187,-0.2647126221658214,-0.14944469043717218,-0.17929309298068627,0.8217294252443317,0.7969771804972908,-0.23453920490078378,-0.19143823579087677,-0.15775082509004096,0.11217298817256821,0.10991157956241698,0.0023919622763811984,0.04077200125988853,-0.15234608590066054,0.2542902399722459,0.22301670265261314,0.3962696344040864,0.020252251594261115,0.1545609334130654,0.08541861622243423,0.35376300401247107,0.27329538451706553,-0.14238748875914675,-0.28978531682088127,-0.2876736340936791,-0.42884049172171074,-0.05858846836812482,0.008108934709472444,-0.19618107702209825,-0.49297155664705317,-0.24283438400124163,-0.435618326813258,-0.22176229190156435,-0.3306431365746552,-0.14567780633322225,-0.06109820283292326,-0.0760525318738103,0.0021217253169121776,0.011718789228866055,0.25372694198578516,0.3704693084764022,0.422096436250097,0.1112326365906321,0.2823848411673141,-0.29363801941871664,-0.16498240264393998,0.03890590549923083,0.17458677025750113,0.06510976094071677,0.2643602185632706,-0.39408947947431605,-0.14481414361816247,0.42856203809793353,0.46530604792141217,-0.2392519183628753,0.005863959427937572,-0.10414074232997211,-0.04703492538812327,0.24851757681439926,0.5983201486303277,-0.1318546380787613,0.11545235019423282,-0.4494296265526072,0.029686808145453217,-0.048959450761639135,0.20026384622056265,0.06100690656283238,0.01774799490566813,0.11355430073904331,-0.19334267598497262,-0.17765888974605942,-0.028845056535215255,-0.21593393801896224,0.02810099193397454,0.0725157143704894,-0.24308362281858975,-0.43647559878941145,-0.11725636449122871,-0.3195634212364254,-0.07300232349007381,-0.35194255638685884,0.15616318295316045,0.061947258144768494,0.7155993371890791,0.22503069837081807,0.6430041950636107,0.3973432785403552,0.31821862717798666,0.48822232467692533,0.5639032807314657,0.3519717711932879,0.4625288153852474,0.30535498272218087,0.5270478894584761,0.42649600350577677,0.07831302752126063,0.1684297498025718,-0.1999470481633473,-0.027759543883834625
#13,0.6396125386297343,0.49744507388150655,0.7119493123108456,1.0,-0.11778679582045676,0.3133132785860034,0.2668151752660145,0.4025060826139948,0.24003067554675053,0.6906727165661647,0.38482473398549305,0.020865762529271865,-0.10446027927529021,-0.28069129535712817,-0.026902271907681213,-0.07815052016049884,0.5851415320427084,0.5049614957980891,-0.1495697663271967,-0.1380627844449415,-0.02399539866798742,0.11838204750144933,0.26672753084672723,0.17562024403492996,0.2254351408473207,0.04498988893808743,0.412620796377364,0.27327347341224373,0.25835474991669216,-0.045728475763122695,-0.09755189051751291,0.07286081427143294,0.31955885642292087,0.38919691236014553,-0.20799207548375612,-0.3414517019907152,-0.30381572760844855,-0.2955105059182807,0.20920175106246033,0.30529381422122,-0.06103429544385964,-0.36070699831558384,-0.22883227505740253,-0.4334043922635541,-0.272599706938973,-0.3434337440143883,0.1494026941529304,0.2116914003478388,0.08921288920741142,0.0802302491931692,0.17216650613739176,0.1159051796938836,0.32318970908443534,0.30783824126865295,0.30040124710704946,0.4374177762967494,-0.24643145704282252,-0.03602733410326521,0.00030766843020628394,0.1357301647441194,0.09507593567264809,0.2543577992121132,-0.32363523488247886,-0.2497710746027471,0.3343908484618861,0.39961655566561827,-0.09524300784691442,0.06302090228103731,-0.014239479246075402,-0.08053791762337549,0.17198391359721,0.4448118612114102,-0.03334139783719136,0.15515983694486163,-0.2573797057521215,0.049274422893452685,0.027495697663271968,0.201742845796035,-0.0756809560545404,-0.04335203385265695,-0.05342292540638252,-0.23554711572258716,-0.264977381349085,-0.08507990706039704,-0.2928263955776087,-0.1415247390067879,-0.09692559810468944,-0.32506310854670034,-0.2829810058110076,-0.23395125692139848,-0.45125463899172397,-0.18870482546435566,-0.4148776401740107,-0.025186814992673473,-0.05803338704597224,0.5582136971794017,0.3213062670324604,0.43435204754709744,0.37359072795080955,0.31290974907220165,0.42394883757024104,0.25653247636567805,0.3496802348140067,0.4645537666558633,0.267711704638307,0.5422797591604395,0.4554332692737838,0.19792300985543235,0.18366344542993696,-0.22572546298620969,-0.04459640201399572
#17,0.2890019948235015,0.10309540003743146,-0.055172161941323884,-0.11778679582045676,1.0,0.18585090406131458,-0.04762013447940584,0.23678418018231864,-0.14406460124071632,0.08170468395513701,0.03938977573071252,0.6127833037381257,-0.09341343059429306,0.05036632628373968,-0.18258797536826632,-0.04003889221105872,0.17393674081445404,0.012882816672524843,-0.08307321504379939,0.012635403780578544,-0.1654069302998626,-0.12095295046720866,0.025656990783641535,-0.2096098453897666,0.07813134794377975,-0.05848712950832394,-0.20824314022650606,0.03296525720441691,-0.05133132785860034,0.19738436186189615,0.2857564124217705,0.27726585930331815,0.1587888636809743,-0.07125034806702972,0.15469696485550083,-0.018948540857363274,0.2321508944752062,0.05276285337362542,-0.10636928428289062,-0.04823547133981841,0.13922498596319846,-0.028388575184760827,0.2903102703739039,0.022723641625621384,0.2483568953790393,0.09148616633267448,-0.22626958875595138,-0.011186531974236193,-0.21767860974039904,-0.14346478474621918,-0.15981138190599223,-0.07136538136734424,-0.0865689492255794,-0.13027064779268444,-0.22996982658273496,-0.05132402415699307,-0.2945838487768582,-0.1633226364536877,-0.09452633212670096,-0.17907672082057088,0.12794167994266595,0.13688506256076907,0.030413526455376667,0.035402867615843554,-0.03703341899966677,0.07727681485572907,-0.2619664303614876,-0.3125226528870163,-0.15940785239219052,0.007859695892124327,-0.31249526400598904,-0.15748880479488012,-0.2662655717200674,0.0601532864374826,-0.04717917349486687,0.0218901066796916,-0.14654512089908567,-0.034165803156112055,0.02276016013365774,-0.04282890622503618,0.25860490169674116,0.3537429188330511,-0.05909242377902651,0.5847909543655594,0.6536429494173016,0.2842929332122136,0.28679079916190026,0.2252278983142144,0.24268009330478804,0.5466464597588866,0.4657123163233166,0.31249800289409174,0.3210606800659159,0.08592348459603683,-0.14012881903709823,-0.09724057023650298,-0.07941588646395852,0.004061771056343493,-0.1534891152021984,0.04202823793633911,-0.15096568629688634,0.21002524341868012,0.2899304778903258,0.07383951028680723,-0.09782212747698192,-0.10452509962705474,-0.04291837656972525,-0.035846567488485255,0.0030885528171746544,-0.01671908594174385,0.013174051774114768
#18,0.27058114640726355,0.11951777310137994,0.2788069403424523,0.3133132785860034,0.18585090406131458,1.0,0.24790954365559395,0.2525848256469482,-0.19108309330022322,0.3202472302994061,0.2214573623594608,0.17051769549955037,0.5640785695700402,0.3352262093332177,-0.05440527327256045,-0.23174188718519906,0.24500814819210562,0.08710303240561107,-0.2138039960377419,-0.27113166291591156,-0.04920595069088452,-0.2138898145316273,-0.03574340270328256,-0.18594859107031184,-0.026858449698037586,-0.15220183779391694,0.07093720186061798,-0.16301679394888322,0.3710892101503193,0.2557792821374283,0.139680554350952,0.2681006267488942,0.31507255771065473,0.3650043137487618,0.20165246248864502,0.09442225437879735,0.31098248481058305,0.14703812075757644,0.06266028201417831,-0.15776999730676003,0.25911159599574557,-0.024257418963148262,-0.01489498646532796,-0.012237352042982284,-0.053176425477137135,-0.14257373315013216,0.01086973391702082,0.24843632313401837,-0.2653215682873276,-0.17313424660035515,0.1865447557140053,0.1706637695316958,0.04553857952133365,0.15833786010672535,-0.043664267096367775,0.1756677180953772,-0.24136360109007746,-0.23765788548708844,-0.003201760192087352,-0.17951129106620348,-0.07415083056781716,-0.05643935417018538,0.020158216436067505,-0.020771727371078255,-0.10684402488736322,-0.05983101060406177,0.21660405264142935,0.18342790105310247,0.03382526806867305,-0.01451154213094624,0.3112088995604085,0.32385343296799607,0.3305509273418634,0.42296557674136226,0.040497199486914964,0.027240981069718395,0.17518110897579278,0.045696522068590886,0.19475320335787683,0.06068463072941155,-0.07920042726654403,0.29456924137364365,0.14436040115581078,0.12299068321563722,0.10562613264435082,0.17738591389848768,0.07146215541364058,0.061182195401406875,-0.060211716050340765,-0.08490553118452346,-0.08125002853008441,0.32043712654119516,0.04815604358483934,0.24793054179771484,0.16197875535794984,0.19910986136661388,-0.09541281890928346,0.04239524894210447,0.2569159207000598,0.07990432150894475,0.19780706359241693,0.166314415224566,0.0363660432653024,-0.015181656753413339,0.03855441485938092,0.06210428772932482,0.042933896935640696,0.06203490256405574,0.2009376126938334,-0.1964321417648482,-0.0573696631624115
#26,0.2812189877982535,0.5790776337832718,0.4211560846681609,0.2668151752660145,-0.04762013447940584,0.24790954365559395,1.0,0.3804187759909069,0.11502234476210474,0.6346998863361437,0.3865164538702771,-0.015386160398416922,0.15624443663354134,0.3308239031894352,-0.08778136369238634,-0.11339088041558062,0.37414489631026127,0.30994992399585514,-0.05359547535685429,-0.11813006979599848,-0.10126125797130558,0.03622727293476425,-0.14447086964262076,-0.037721792876152044,-0.29685256108861674,-0.285110034829527,0.15443220567223725,0.09704702214391031,0.22511012612579714,0.08604582159795862,0.08411399252283548,0.09653393710599953,0.13951804699019021,0.05698895771613251,-0.20038618322248444,-0.22191658259801797,-0.16464917125810824,-0.19480980704533316,-0.1126139491571072,-0.05221233686497738,-0.17857185244696827,-0.2912223201121118,-0.31020920540291325,-0.18539350974815924,-0.24531125180880736,-0.1827093994074872,-0.1345990039576933,-0.18811505155956854,0.01043972848489275,0.14163885934440149,-0.01493333089876613,0.19848813376729493,0.17034331962367677,0.26434652412275694,-0.09996485093601501,0.05814020368197857,-0.15560901459370877,-0.20731922197318628,0.12800741325713139,0.12109628561125135,-0.08653334368024394,-0.004857874531536014,-0.055989263558637314,0.2987204827746762,0.36856486828230633,0.2012562366764506,-0.015597967745027776,0.43667918947171414,0.0764341502827902,0.24195793980836913,0.2694262485906138,0.4674642917463607,-0.12811879470664225,-0.09365993052353846,-0.30251384279695254,-0.02342936179342393,-0.2990765382280307,-0.21877964275769513,0.390534402716977,0.2860339530828468,-0.1420031314620641,-0.009901080491356526,-0.22161986972022257,-0.05193205731579836,-0.0427175247755253,0.15691637718141024,0.045380636974076426,-0.13347240798477178,-0.20526049108263683,-0.16673529102968498,-0.23575344529299255,-0.08956620577266315,-0.18131074054969484,0.13863612502111225,0.11889878439016374,0.37778213971068214,0.11191644565361282,0.09893776789749255,0.012088539122734141,-0.06510976094071677,-0.026620166433100376,0.24417917805968037,-0.00702889983429727,-0.062242145097162055,-0.17399151857650855,0.022995704510492224,-0.16653809108628867,-0.13004879785636358,-0.08626128079537311,0.07473695262180063,0.15117201586729173
#49,0.7418744037212359,0.4003514906398499,0.3649851415320427,0.4025060826139948,0.23678418018231864,0.2525848256469482,0.3804187759909069,1.0,-0.02524707053093346,0.6646030666417123,0.6338444402853921,0.38857883661163023,0.13742644944240803,0.016061752797089476,-0.2823218467409514,-0.209425426924183,0.46815996932445325,0.20811806433648153,-0.24995092825482615,-0.1466811523415211,-0.11502143179940384,-0.14717232627461005,0.06930482455139295,-0.19695526939246896,0.18026905010795785,-0.056288715324535415,0.21237520941081953,0.12365349413649705,0.2854670032455824,0.06634499947504645,0.04425586692655672,0.02463082070781998,0.3334870153879863,0.13610630537689383,0.10147032642981371,-0.26857354142796497,-0.05353887166939795,-0.16664673364769683,-0.1383074584487851,-0.09073753691792921,0.02458425961007363,-0.2282936270638663,-0.008586414202047775,-0.3035135369544477,0.005661281708335806,-0.2565525615450981,0.025797587039581498,0.05413868816389506,-0.08302756690875394,-0.14336892366262377,0.0051682818498450245,-0.04847466756745653,0.1356927332733821,0.030402570902965758,-0.030793318938954747,0.10526733830289363,-0.22682558304080486,-0.14938991267511767,0.06360611137231989,-0.11321102676350157,0.24561526838821,0.2978184756261783,-0.21977020728818125,-0.1926899076538228,0.23816275386069102,0.23232344442567798,-0.18064884259153594,-0.056648422628693504,-0.1839373342402096,-0.07119283141687247,-0.007768399622033442,0.2225401361227387,-0.02723002551730749,0.08500687004432433,-0.24589189608658538,-0.004779359739257852,0.01966065176407218,0.08378350002510647,-0.04848288423176471,-0.20160955324170232,0.03318802010343867,0.12724508940187249,0.033727581059675805,0.26177379523159583,0.2200860923826957,0.3397033784184747,0.3121008641191964,0.014118968169555433,-0.08494844043146617,0.10315565557569145,-0.1103059794492096,0.31407103762775773,-0.05191288509907928,0.27991253817325296,0.06633769577343918,0.3222329241738829,0.0237251617085184,0.17023832891307225,-0.008018551402082469,0.2592804940954137,0.1308348587418461,0.22974980257181593,0.11531631875179739,0.18962965668037632,-0.0006463775922434688,0.2594950403301273,0.15147511948399348,0.2604116548818398,0.19460530340032958,0.05150935558527756,0.1182131494017812
#50,-0.023043178570939484,0.3486175462301488,0.12090365048135958,0.24003067554675053,-0.14406460124071632,-0.19108309330022322,0.11502234476210474,-0.02524707053093346,1.0,0.15386525583497287,0.11881296589627831,-0.235358132443499,-0.37996229464045245,0.05099992239817042,0.13706309028744632,0.017122615455545564,0.07176982384384686,0.05758968717333053,0.07403579726750263,0.08454399795496355,0.07989336595653385,0.12495081413448854,0.11228254369667727,0.36795957401160373,-0.0130535406975948,0.014606490251840762,-0.024207206014598272,-0.07374091031510907,-0.18338042699265522,-0.29227770499436245,-0.20329123053677642,-0.09985255652380322,0.07287907352545112,-0.0002647591832635678,-0.47047067792045355,-0.18925990678650823,-0.2831800316798057,-0.07154340909402146,0.2257985000022824,0.28275185217307947,-0.19169112645902853,-0.07434163977230711,-0.3547444389159481,-0.19666129540277633,-0.233675542185724,-0.11631053513308713,0.036683754285218674,-0.21722669320344917,0.22061926260002648,0.11701990715169332,-0.22073155701223826,-0.14815284821538616,-0.05291166629387356,0.1820182866428992,-0.03680061351093501,0.14140057607946427,0.1037691665107022,0.15565101087795058,0.19199240415032845,0.28316268538848843,0.06298620969840277,0.03045917459042211,-0.04120018076661478,-0.020995403232800924,0.07278869021806114,0.07500171180506421,0.20750181451336805,0.14779131498582626,0.23216550187842075,0.11360999146379874,0.1735332113006523,0.10435346263928387,-0.10086411919641024,-0.0782281219900761,0.1210588541405141,0.26391195387712435,-0.07026526131274907,-0.15389629656680376,-0.02283137122432863,0.07129508323937425,-0.09327466026375493,-0.3600779670146576,-0.49974573988779686,-0.31726914596904143,-0.24318952649189518,-0.14514189722778875,-0.20897990112613948,-0.2995321066157842,-0.15793706948102634,-0.2821328634618633,-0.28128746000082167,-0.4212720309311763,-0.33899857121337307,-0.15185126011676792,-0.036796048697430465,0.16520425258026084,0.2823008485988305,0.029902267342867706,-0.04774612333213127,-0.08176402653069609,-0.0884679116434698,-0.0026631121985511283,-0.12458928090492863,0.028126554889599985,-0.12372287930176612,0.05064386694481597,-0.01527660487430786,-0.013163096221703863,-0.09212980503681523,0.05646400416310992,0.11835648454582388
#51,0.6399612903814814,0.682245157874075,0.6667147493689145,0.6906727165661647,0.08170468395513701,0.3202472302994061,0.6346998863361437,0.6646030666417123,0.15386525583497287,1.0,0.6431429653941488,0.17327301693089328,0.0668033067509027,-0.07021778725230181,-0.1386178657670941,-0.19011535283725983,0.6653069608841131,0.45666394299460894,-0.19846165784896858,-0.18775169240460682,-0.10256679463360524,-0.0138268201052646,0.14479223251334067,0.023020354503416763,0.057708372324448684,-0.19847261340137948,0.37691847699562236,0.16138624256506,0.3450533398458006,0.004691715319970603,0.04717734756946505,0.10693988597095866,0.385406291225972,0.26453094258834053,-0.18074196478702861,-0.3729133096267352,-0.24175526208876735,-0.31655886098773434,0.06638790872198916,0.0789091921649541,-0.12559536580133018,-0.3895639233659109,-0.2971419702648048,-0.43213354818388894,-0.24420747990340855,-0.33194410842345035,0.025609516723194274,0.042178876781989075,0.11300013237959163,0.1012639968594083,0.08407564808939731,0.17554811998155814,0.3648664563809246,0.3380417863028206,0.1452377583113842,0.3280439317651677,-0.2724426773544167,-0.12246664262531554,0.16620759858855966,0.21484020870327342,0.0460379701187308,0.16237406820744338,-0.2717533905152305,-0.098953288263408,0.39066404342050604,0.31845417155482114,-0.09106711645295731,0.13951074328858296,-0.01751610237963728,0.0670826733373808,0.25209730356466287,0.5721975468692226,-0.10746301359857943,0.07162466277440235,-0.3393783636969512,0.06507780724618496,-0.1421975925173577,0.042460069293869,0.07883067737267593,-0.06216728215568753,-0.027912921617587315,-0.10122747835137196,-0.20778574591335072,0.035026726983069106,-0.05486723239922033,0.04469682791109569,-0.020611958898419207,-0.19109404885263412,-0.3079112782847257,-0.14531353421555962,-0.339189380417863,-0.05291257925657447,-0.24165848804247103,0.08483523305655348,0.03923548503425892,0.6056530650440276,0.15870943592599523,0.3746607202362747,0.2113316930436807,0.28144266365997617,0.2717616071795387,0.38100489804489035,0.2991011882209552,0.34266594238292397,0.09856984392902628,0.4209607106501664,0.2541962048140523,0.057174289144417,0.1209146060337705,-0.12573322316916744,0.07723116672068363
#52,0.5471193744379573,0.3846266210793958,0.4358913026608298,0.38482473398549305,0.03938977573071252,0.2214573623594608,0.3865164538702771,0.6338444402853921,0.11881296589627831,0.6431429653941488,1.0,0.21564726773087686,0.2334482144731977,0.12370096819694432,-0.2702141354014982,-0.3025001483564389,0.44486572601076385,0.20862475863548594,-0.2825172207589459,-0.2217367289459389,-0.2176101375378309,-0.1581187490585072,0.036755878338590474,-0.18234969210332913,0.1418479278029096,-0.016338380495464856,0.06104159914546691,-0.00016707217426632036,0.329052755549672,-0.01842450026704159,-0.046561097746351574,0.023874887591467452,0.19861229669461855,0.24673273473412244,0.026215723956597752,-0.21296772220370938,-0.19301492237534634,-0.08221046529144052,-0.06213806734925845,0.006274792643346556,0.0016086402790014013,-0.17564215513975176,-0.08309056133511665,-0.21095829129900898,-0.11431205978079766,-0.26667001419657,-0.07758357032323444,-0.09190795510049438,-0.0029890398827755894,-0.06195912665988031,-0.11590700561928542,-0.109811153665317,0.19089502298383598,0.03195917230801536,-0.036707491315442306,0.08989213345688762,-0.16638745224063872,-0.05630971346665632,0.1147073726302912,0.09178926994937622,0.2008034071767998,0.24279330067970073,-0.09942346405437606,-0.18724408514290147,0.17860015429069645,0.1633043771996695,-0.002082467920773097,0.07591010969246852,-0.10387507018400763,-0.05967671990760817,0.07607992075483756,0.2696983114754847,0.05894817567228291,0.13721829394660082,-0.08455312758197264,0.1125235658497172,0.06300629487782276,0.08222324676925324,0.05744909091739057,-0.19721272487412528,0.004999383750176886,0.07992258076296294,0.024189859723281006,0.01762018012754089,0.07115266105803247,0.12990363678691907,0.13226273240606756,-0.020865762529271865,-0.06788151570067605,-0.0439655447876677,-0.17278732077400977,0.13339115430439089,-0.09026918705236298,0.11747456257674593,0.1872066536721642,0.4737034788443718,0.04601149420040444,0.2012471070494415,-0.10973994257464612,0.21807757444069623,0.11225424185294909,0.11124998288194936,0.141413357557277,0.16691697060716584,0.04067522721359219,0.2524825738244464,0.2139591996968964,0.22912351015899246,0.036996900491630416,-0.03849142043301821,0.12672926547585897
#53,0.4598355754175663,0.033528555190877676,-0.004496341301976107,0.020865762529271865,0.6127833037381257,0.17051769549955037,-0.015386160398416922,0.38857883661163023,-0.235358132443499,0.17327301693089328,0.21564726773087686,1.0,0.1523652581173796,-0.025815846293599676,-0.1469404337485792,0.023405624763200298,0.21655475265558025,0.08807351175667719,-0.185315907918582,-0.11909507137085915,-0.20697686096034545,-0.32966352759658,-0.12630930263344092,-0.4151999160074315,0.08984374643373945,-0.05978079765551179,-0.23614693221708427,-0.09598250763465059,0.18614031323750269,0.21345889613679833,0.07329081970356101,0.06859453957008586,0.034655151163799205,-0.1274240300912506,0.27605344483651123,-0.05969954397513089,0.17222950056375447,-0.025793935188777862,-0.2179926689095117,-0.1227514869879991,0.18615765952881996,-0.0424710248462799,0.31067390341767587,-0.04610918120940169,0.20829244021235513,-0.06461584811952507,-0.08041375469605189,0.12737838195620518,-0.24296219877936887,-0.33632450346241105,-0.05854921097198574,-0.24604344789493626,-0.12274966106259728,-0.3346181761744124,-0.2614031323750268,-0.1716552470248828,-0.33778889563466885,-0.3502590531663829,-0.14660081162384112,-0.29269675487407965,0.34513915833968606,0.30597579735879893,0.027826190161000974,0.012865470381207576,-0.04184381947075552,-0.042748565507356194,-0.2413343862836484,-0.38981498810866083,-0.18481103954497938,-0.04957570058475261,-0.26413928158965067,-0.1497432292403694,-0.05666120410650623,0.16807186842381555,-0.1220074223867584,-0.09827860882743636,0.050651170646423244,0.09230144202458608,-0.1988861855048912,-0.26546946824487483,0.4016862421085787,0.4124281612474722,0.19271181875864463,0.7033309444142659,0.635779008248618,0.3267758265736053,0.3557788256560778,0.24227565082828542,0.1259149027466483,0.5740672944806839,0.2685078081134995,0.4021171605034076,0.2758160745342749,0.10039029155463854,-0.10783915423135387,-0.14185340557911508,-0.1808752573413613,0.18699302040015156,-0.10284342233198063,0.18367166209424515,-0.024994179862781706,0.15396568173207284,0.2465008422080916,0.31485162073703477,0.12134095961509493,0.18102315729890855,0.1395691729014411,0.27541619687127683,-0.016538319326963896,-0.01542085298105146,-0.11126915509866844
#54,0.00208794569697855,-0.16073530015931198,-0.04892201929090187,-0.10446027927529021,-0.09341343059429306,0.5640785695700402,0.15624443663354134,0.13742644944240803,-0.37996229464045245,0.0668033067509027,0.2334482144731977,0.1523652581173796,1.0,0.41961500362902676,-0.26079144736541787,-0.2780930035103416,-0.15591668302391506,-0.17117868049500837,-0.34834548334527793,-0.3364431886135292,-0.22382102279211383,-0.15281078391542313,-0.22792479013269912,-0.31329501933198517,-0.11113677550703666,-0.05243509976399914,-0.22356904508666298,-0.1476123742964481,0.41706053399188375,0.30425212377948296,0.05908968489092378,0.002890439911077433,0.06338243551059722,0.21221178908735683,0.5338887189763862,0.16141089255798455,0.35292946906654127,0.11924662317921002,-0.1057283844668526,-0.31998247111614253,0.2900245130485194,0.0904371721893302,0.2854898273131051,0.1882967311370494,0.2262522424646341,0.12502385115056125,-0.07419465277746078,0.1418351463250969,-0.34740878361414546,-0.22313356187832947,0.18001889832790882,0.06719770663769532,-0.04485477045835293,-0.02792387716999822,-0.08815293951165624,-0.043382161621786944,-0.05165816850552571,-0.15856518781925164,0.05806716666590586,-0.22997530435894042,-0.10550744749323267,-0.15321522639192575,0.085941743850055,0.028698982503069837,-0.3460439043762867,-0.24055471613707222,0.22555839081194337,0.27460639895557065,-0.16024047437541938,-0.12877521488859572,0.19683201942784628,0.0920458124683316,0.5066696490114896,0.3810998461657849,0.13255396750765747,-0.05880484052824022,0.342985479328242,0.0807351175667718,0.2684155988807077,0.0006755923986725523,-0.056361752340608126,0.5703250603696586,0.6820981708792287,0.06284013566625736,0.16218782381645797,0.15682690683672118,0.09055768326585018,0.3018336855847754,0.14409107715904268,0.056666681882711685,0.17091574723714661,0.5048902847074183,0.3711074694043375,0.2233225451574176,0.29993928798038955,-0.09852236986857901,-0.2838364518617592,-0.19614729740216463,-0.08901568926401512,0.06483222027964047,0.04547649805767185,-0.1847608265964294,-0.1537328762433411,-0.2801873399462265,0.028518215888289886,-0.11804333833941215,-0.015809775091638632,0.11585131489452999,0.0751560025015178,0.09386443416854204,0.0200440960984539
#58,-0.2100635878521183,-0.07166665905864415,-0.2647126221658214,-0.28069129535712817,0.05036632628373968,0.3352262093332177,0.3308239031894352,0.016061752797089476,0.05099992239817042,-0.07021778725230181,0.12370096819694432,-0.025815846293599676,0.41961500362902676,1.0,0.07325795304632829,-0.022476228733675087,-0.18754718875960322,-0.3910064044333469,-0.036379737705816026,-0.06601815882812108,0.09926734743252065,-0.13221343242021846,-0.35210232485951787,-0.19116799883140775,-0.37101069535804115,-0.20044096098453898,-0.2816416895287743,-0.3595685338275505,-0.06764049354763611,0.09840824953096541,0.030954000374314707,0.18280617345378355,-0.004270839514851621,-0.027792410541067344,0.16080651124998288,0.24780729183309216,0.32920156846992016,0.3844997192639695,-0.10656922311438966,-0.23051303938977574,0.10739271547060945,0.13429681330369247,0.03207603153373169,0.221745858572948,-0.024252854149643715,-0.041217527057932045,-0.07648071138053655,-0.027148771836926603,-0.15126696398818626,-0.11527158357945286,-0.06004646980147626,-0.07528381727964505,-0.23469714744804102,-0.07278777725536023,-0.24915025996612908,-0.12233335007098285,-0.09967178990902327,-0.13308074698608188,0.04717826053216596,-0.22994608955251133,-0.04388885592079136,-0.18143764236512117,0.4158179917559468,0.3537374410568456,-0.3016885245153309,-0.307657474653873,0.4167035655758284,0.39840779304961493,0.23888582031981084,0.23807054462789923,0.20365824154254178,0.013598579430037385,0.33934275815161574,0.202905047314292,0.2910442923854346,0.08039549544203371,0.056251283853798156,-0.3217527057932048,0.3222027964047529,0.16618568748373785,-0.3346063076593006,0.2662071421072092,0.10064683407359393,0.0237151191188084,0.23232070553757525,0.3169240460680979,0.12771435223013963,-0.03970200897442335,0.03068102452674296,-0.13042585145183894,0.005506078049181301,0.17476662390958017,0.12773443740955964,0.19050701383594973,0.29404063596981744,-0.13489480387278777,-0.19555295868387296,-0.43391930322686667,-0.30822807634194105,-0.3140162598657032,-0.3827897401251672,-0.23388734953233487,-0.4374889873874203,-0.5092387260518472,-0.4281046437847782,-0.4931760602920568,-0.4762634262577202,-0.02357360990016753,-0.09704063140500395,0.14378888650504185,0.12237625931792556
#101,-0.26212711179684756,-0.164220991751382,-0.14944469043717218,-0.026902271907681213,-0.18258797536826632,-0.05440527327256045,-0.08778136369238634,-0.2823218467409514,0.13706309028744632,-0.1386178657670941,-0.2702141354014982,-0.1469404337485792,-0.26079144736541787,0.07325795304632829,1.0,0.642539497048848,-0.008776310443836817,-0.09328105100266129,0.6389396851191644,0.293173321403954,0.6613373990605613,-0.05563229514258195,-0.07793597392578526,0.1333920672670918,-0.112976395349368,-0.20503772818361507,0.19564699384206657,-0.3879790201171331,-0.2299323951119977,-0.06153825085476133,-0.2569159207000598,0.11843408637540113,-0.2063414389205129,-0.09699954808346305,-0.18226022175864004,0.3277335244468587,0.06604372178374653,0.32312397576996993,0.12007559331163525,-0.08016908069220832,0.028336536310809023,0.31169733460539467,-0.23604285446918066,0.13633180716401833,-0.5068075063793269,-0.3233111331236562,0.23935051833457344,0.21694641365427014,0.16700461502645308,0.011018546837268963,-0.004193237685274368,-0.022284506566484227,-0.21266827043781125,-0.1378664974642461,0.09883825496309348,-0.004297315433177977,-0.22966033222712687,-0.16930162918193978,-0.34855272587838426,-0.18815522191840853,-0.12676760990929717,-0.28208082458791145,0.42319381741658946,0.42944487302971235,-0.07949166236813394,-0.27701662048597003,0.25451756768477224,-0.04360309859540688,0.7504717734756946,0.5600396225812194,0.29122779788831726,0.16126390556313822,0.14663915605727929,-0.061986515540907575,0.20381344520169628,-0.10449497185792475,-0.1518594767810761,-0.46078049181300695,-0.0712786499107579,-0.040996590084312105,-0.21417192000620813,-0.43414754390209387,-0.21802097075323987,-0.13557678701036668,-0.2948613894379345,-0.22442083928661094,-0.4048843504498624,-0.2477059529732913,-0.23059885788366116,-0.36831289057685546,-0.37767258418657307,-0.4643008759877115,-0.44529299255478916,-0.36712147425216946,-0.2717871701351641,-0.027714808711490093,-0.024509396668599106,-0.026000264759183263,0.15821369717940173,-0.16032903175740756,0.016919024773242888,-0.11948673236954904,-0.07296671794473837,0.018287555861905263,0.11918819356635185,-0.039316738714639816,-0.060615245564142474,-0.24443663354133666,-0.23664723577718233,-0.41833776881045526,-0.31994777853350803
#102,-0.1548485166638517,-0.1376501253041307,-0.17929309298068627,-0.07815052016049884,-0.04003889221105872,-0.23174188718519906,-0.11339088041558062,-0.209425426924183,0.017122615455545564,-0.19011535283725983,-0.3025001483564389,0.023405624763200298,-0.2780930035103416,-0.022476228733675087,0.642539497048848,1.0,-0.018071183701789863,-0.08240401338403319,0.4304272208958903,0.4906617610137538,0.4586596794587957,0.27289368092866567,-0.2654959441632012,-0.0251585131489453,-0.12026092473991976,-0.11713220156390511,-0.07047250384585538,-0.1555387164657388,-0.3378728882031525,-0.010227921138281896,-0.12739664121022334,0.03055412271131663,-0.27054097604842353,-0.24285994695686708,-0.09254063825222421,0.22760616615008195,-0.0869514805972602,0.18001250758900245,-0.17289687629811884,-0.12228496304783468,-0.0962417890417087,0.11629227587906896,-0.10456435702319382,0.02566794633605244,-0.36654995960140047,-0.20682257026389186,0.09407076373894745,0.18235060506603,-0.09688451478314854,-0.13021860891873263,-0.1832635677669389,-0.24695914948394784,-0.4074853811847517,-0.3777091026946094,-0.041118927086233895,-0.18730251475575965,-0.2351508899103927,-0.09514349491251535,-0.3905097527240525,-0.40301368987570013,-0.08024485659638375,-0.2610324695184578,0.2639712964526834,0.42006965905407934,-0.021874586313776152,-0.013311909141952006,-0.08245970410878864,-0.14983726439856299,0.374197848146914,0.4191758685698896,-0.07426768979353349,-0.04881246376679281,0.061150241706875066,-0.09434008773571556,0.16207096459074163,-0.20137948664107327,-0.09933855852319154,-0.4389223388278472,-0.23320354046935413,-0.06446520927387511,-0.05959181437642365,-0.21996375538077392,-0.06111920097504416,0.10618577878000794,-0.06216728215568753,-0.0718875960322641,-0.2673383028936353,-0.10504548836657278,-0.12153085585688397,-0.07357931591704821,-0.19989044447589094,-0.28244235781747135,-0.33675542185724,-0.3380819566616606,-0.3272761301337034,-0.1724084412531326,-0.0681334934061269,-0.08871988934892065,0.04982859125290436,-0.22607786658876053,-0.12628282671511457,-0.12448246426892229,-0.0044680394582479336,0.022788461977385915,0.04771416963759945,-0.11529897246048013,-0.08878379673798427,-0.24818525839126843,-0.34234731840030674,-0.27039764090438084,-0.19888709846759212
#201,0.5518384786389552,0.5012822561134265,0.8217294252443317,0.5851415320427084,0.17393674081445404,0.24500814819210562,0.37414489631026127,0.46815996932445325,0.07176982384384686,0.6653069608841131,0.44486572601076385,0.21655475265558025,-0.15591668302391506,-0.18754718875960322,-0.008776310443836817,-0.018071183701789863,1.0,0.7099855295411905,-0.1371644291472472,-0.1278677299638923,-0.04584533498883903,-0.02097440509068002,-0.059977997598908095,-0.19909890581420295,-0.06030301232043165,-0.3210186837816741,0.25479602130854945,-0.03171723719227451,0.2990162826897707,0.03696677272250042,0.20674862028511826,0.19005509729899986,0.34313977002469565,0.10406222753769395,-0.12302537579827176,-0.17380253529742043,-0.1481373278494707,-0.28964015575143676,-0.16466925643752825,-0.14199947961126047,-0.15887376921215884,-0.4065541592298247,-0.19817955237438775,-0.44568282762807726,-0.3524948988209087,-0.5811537109651386,-0.09216267169404795,0.03670566539004049,-0.0712065258573861,-0.17513272195264462,0.012578800093122195,0.14449734556094712,0.27641862991687477,0.21691445995973835,0.0004017035883998959,0.1265466729356772,-0.5012274783513719,-0.35932751167451055,0.0523684534868328,-0.037134757859467654,0.19929701872030017,0.33342767281242724,-0.2731858289929565,-0.0519977906302638,0.4318240538282808,0.3159024408057809,-0.2930226825583041,-0.18530130051536745,0.015836251009964986,0.089808140888404,0.16820607394084916,0.5089986168615082,-0.10982758699393336,0.11956707308722903,-0.4206694755485765,-0.0045264690711061,-0.0533690606070289,0.08158508584131795,-0.005517033601592207,-0.1029027649075397,0.22100727174791274,-0.19220329853423837,-0.2606663714753934,0.25162164999748937,0.02288797491178498,0.25741439833475604,0.21154532631569337,-0.2588541405140893,-0.4582844517887222,0.019837766528048497,-0.32227218157002196,0.03545673241519718,-0.4430251932057316,0.24721204015209958,-0.03678326721961774,0.709690642588797,0.10164196341758458,0.6301396376451041,0.3478953927337299,0.32407619586701786,0.35597967745027775,0.6580781222183167,0.3494592978403867,0.49116389049925363,0.21810405035902258,0.4681197989656133,0.31044383681704685,0.09579717620636609,0.14754025024307632,-0.1893183363993664,-0.04446219649696212
