,#10,#11,#12,#13,#17,#18,#26,#49,#50,#51,#52,#53,#54,#58,#101,#102,#201,#202,#301,#302,#401,#402,#501,#502,#601,#602,#701,#702,#801,#802,#901,#902,#1001,#1002,#1101,#1102,#1201,#1202,#1301,#1302,#1401,#1402,#1501,#1502,#1601,#1602,#1701,#1702,#1801,#1802,#1901,#1902,#2001,#2002,#2101,#2102,#2201,#2202,#2301,#2302,#2401,#2402,#2501,#2502,#2601,#2602,#2701,#2702,#2801,#2802,#2901,#2902,#3001,#3002,#3101,#3102,#3201,#3202,#3301,#3302,#3401,#3402,#3455,#3501,#3502,#3601,#3602,#3701,#3702,#3801,#3802,#3901,#3902,#4001,#4002,#4101,#4102,#4201,#4202,#4301,#4302,#4401,#4402,#4501,#4502,#4601,#4602,#4701,#4702,#4801,#4802
#10,1.0,0.4372419106317411,0.4810543693594541,0.41155844155844157,0.486700418225842,0.23376183138895004,-0.1277701959057891,0.41155183799251593,-0.12277790006603566,0.40009905348888397,0.3550935505172793,0.37535769315430334,0.20696456086286594,-0.14736517719568568,-0.304851419766674,-0.2114307726172133,0.3702047105436936,0.2788994056790667,-0.33433634162447723,-0.07527624917455426,-0.13788906009244992,0.11155183799251596,0.14634162447721769,0.172491745542593,0.12891041162227604,0.06327096632181378,0.22446841294298922,0.33033237948492183,-0.052152762491745545,-0.05820162887959498,0.3288311688311688,-0.17502751485802334,0.29407219898745324,0.017050407219898745,-0.039372661237068014,-0.04321153422848338,-0.022694254897644726,-0.16226282192383887,-0.018025533788245653,-0.017712965001100596,-0.08586616773057451,-0.03380145278450363,0.05054589478318292,-0.13877613911512215,0.14144838212634822,-0.10499449702839533,-0.0551089588377724,0.23996478098173013,0.06813339203169712,0.2872397094430993,0.3122077922077922,0.30917895663658373,0.39629319832709664,0.26801893022232004,0.1037310147479639,-0.02194805194805195,-0.20202069117323354,-0.07505833149900946,0.1149108518600044,-0.15310807836231566,0.013011226062073519,0.08529605987233106,-0.24927801012546774,-0.29562183579132734,0.0825643847677746,0.1801915034118424,-0.3558947831829188,-0.372392692053709,0.22360334580673563,0.06293858683689192,0.3694585075941008,0.4351177635923399,-0.19565045124367159,0.37206691613471277,-0.45131631080783624,-0.127739379264803,-0.08773057451023553,-0.09438917015188202,-0.1486682808716707,0.05940567906669601,0.17087387189082104,0.27946951353731014,,0.17907550077041604,0.32447721769755666,-0.0008012326656394453,0.19412502751485802,0.20507373981950253,-0.033788245652652434,0.16274488223640765,0.13340964120625137,0.23657054809597183,0.33964780981730136,0.05118203830068237,-0.05660356592559982,0.25024873431653094,0.13696676205150782,0.2794805194805195,0.16660356592559983,0.22196786264582874,0.2657164869029276,0.3085956416464891,0.1061699317631521,0.14630640545894782,0.15654413383226942,0.2372176975566806,0.3134118423948932,0.032722870349989,0.19287255117763594,-0.19765133171912833,-0.19914593880695575
#11,0.4372419106317411,1.0,0.7538696896324015,0.5358837772397095,0.24859344045784723,0.08603786044464011,0.4347347567686551,0.3308298481179837,0.3673233546114902,0.7371428571428571,0.24206251375742902,0.34582874752366277,0.17516398855381907,0.3361677305745102,-0.33222540171692716,-0.030537090028615453,0.590297160466652,0.4320911292097733,-0.25088047545674663,-0.048012326656394454,-0.1556042262821924,0.09212414703940128,0.3252102135152983,0.38142857142857145,0.13517499449702838,0.302359674224081,0.07968082764692934,0.14178736517719567,0.0752014087607308,-0.09286374642306845,0.0536979969183359,0.03412942989214176,0.2156636583755228,0.3854237288135593,0.20407880255337882,-0.017387189082104338,0.1551023552718468,-0.08533127889060092,0.26790887079022674,0.25985252036099493,0.20697776799471715,-0.12592559982390492,0.22585956416464892,-0.06480739599383667,-0.10242130750605327,-0.2832357473035439,0.1186154523442659,0.09359674224081004,-0.019517939687431214,-0.12503411842394893,0.1280431432973806,0.10625357693154304,0.20261941448382126,0.3804358353510896,0.36820603125687873,0.23695795729694036,-0.3111182038300682,-0.28210433634162446,-0.021749944970283954,-0.3697534668721109,-0.08870349988994057,0.09693154303323795,0.022802113141096193,0.05871670702179177,0.057790006603565924,0.10295179396874313,0.11466211754347348,0.06446180937706361,0.3310873871890821,0.21527624917455426,0.3620977327756989,0.3198767334360555,-0.2221637684349549,0.2401056570548096,-0.2776425269645609,-0.0004138234646709223,-0.13513757429011666,-0.0916420867268325,0.2695905789126128,0.2311204050187101,0.022905569007263923,0.15310147479639005,,0.1184569667620515,0.3250583314990095,-0.21083425049526744,0.1290578912612811,0.15440017609509135,0.13298261060972924,0.1112392692053709,0.03897864847017389,0.006973365617433414,0.0712722870349989,-0.12433414043583535,-0.09247633722209993,0.34759850319172353,0.38988994056790666,0.36867928681488005,0.33519920757208893,0.19077922077922077,0.1325709883337002,0.21012987012987014,0.2513053048646269,0.31196125907990313,0.3212612810917896,0.29989654413383227,0.32607307946291,-0.04278670482060313,0.0952344265903588,-0.293959938366718,-0.33175214615892584
#12,0.4810543693594541,0.7538696896324015,1.0,0.7112678846577152,0.222590799031477,0.20938366718027734,0.3019172353070658,0.047323354611490204,0.05581994276909531,0.704521241470394,0.3022496147919877,0.3386946951353731,0.13696456086286596,0.26076601364736957,-0.4665199207572089,-0.10606207351970064,0.7158793748624257,0.6393880695575611,-0.4892978208232446,-0.1508716707021792,-0.29190182698657274,0.097904468412943,0.26469073299581775,0.38802553378824567,0.025914593880695575,0.3019788685890381,0.05129429892141756,0.3005877173673784,0.09734756768655074,-0.12941448382126347,0.2927756988773938,-0.07577371780761612,0.3947875852960599,0.37511996478098175,0.3078582434514638,0.07716707021791767,0.11357913273167511,-0.14898084965881575,0.2733964340744002,0.27178956636583756,0.31910191503411844,-0.014791987673343606,0.09708342504952674,-0.17392912172573188,-0.16834250495267444,-0.3902839533348008,0.07180937706361436,0.26593220338983053,0.07494166850099053,0.18534448602245213,0.41061633281972265,0.4033303984151442,0.3765397314549857,0.5434184459608189,0.3693682588597843,0.358861985472155,-0.3374378164208673,-0.24241690512876954,0.005016508914814,-0.3121703720008805,-0.08164648910411622,0.07550297160466651,-0.03547875852960599,0.1277922077922078,0.15569887739379265,0.2389192163768435,0.10055469953775038,0.10087387189082105,0.1837904468412943,0.09125687871450583,0.4425445740699978,0.41110499669821704,-0.2559057891261281,0.37822364076601367,-0.42194364957076824,0.0006273387629319833,-0.05801452784503632,-0.0275610829848118,0.35323794849218576,0.28723310587717366,-0.007836231565045124,0.03184899845916795,,0.11540611930442439,0.20055910191503412,-0.33060972925379706,0.09547655734096412,0.18909971384547655,0.12314769975786925,-0.0027074620294959277,-0.12629319832709662,-0.06747303543913713,0.0897424609289016,-0.05066696015848558,-0.10972044904248295,0.3532555580013207,0.44006383447061415,0.4885670261941448,0.47450583314990097,0.403515298261061,0.36717587497248516,0.4687079022672243,0.40397094430992736,0.5532115342284833,0.4413185119964781,0.5276447281532027,0.4350847457627119,0.04541052168170812,0.07463130090248735,-0.18875192604006163,-0.2492868148800352
#13,0.41155844155844157,0.5358837772397095,0.7112678846577152,1.0,0.3486000440237728,0.2320581113801453,0.10180937706361436,-0.06399735857362976,-0.030338983050847458,0.7281377944089809,0.008998459167950694,0.4710675764913053,0.2137706361435175,0.20461149020471053,-0.26820823244552056,-0.1680431432973806,0.6263064054589478,0.2606317411402157,-0.40068236847897865,-0.11209333039841514,-0.27169051287695356,-0.08000220118864186,-0.004087607307946291,0.23106977767994716,0.009878934624697336,0.4362491745542593,-0.07727492846136914,0.2655381906229364,-0.04122386088487783,-0.038062953995157384,0.16964780981730135,-0.02184899845916795,0.34641646489104116,0.4991657495047326,0.36362755888179615,0.2939357252916575,0.09727933083865287,0.15853841074180058,0.019344045784723752,0.13152102135152982,0.2647633722209993,0.11957737178076161,0.3094915254237288,0.16638564825005503,-0.18688751926040062,-0.3974356152322254,0.2544750165089148,0.4372749284613691,0.05197666740039621,0.060620735197006385,0.4465133171912833,0.3054655513977548,0.14638344706141315,0.1700792427911072,-0.040134272507153866,0.1513977547875853,-0.3853004622496148,-0.1509641206251376,0.11261281091789567,-0.24425489764472816,0.13665419326436276,0.07922298040942109,0.28107638124587275,0.2987761391151222,-0.011617873651771957,0.0787673343605547,0.1048448162007484,0.12761611270085846,0.11351089588377725,0.1212788906009245,0.09221219458507594,0.16041822584195464,-0.059667620515078144,0.45404138234646707,-0.26148580233325996,-0.11154523442659035,0.07107638124587277,-0.08324455205811138,0.10874532247413603,0.17176535329077702,0.1851419766674004,0.26790006603565925,,0.38656834690732994,0.48229804094210876,-0.19210653753026635,0.12422848338102575,0.28163548316090686,0.23118864186660798,0.10576491305304865,0.15357473035439137,-0.054246092890160684,0.10638784943869689,-0.001937046004842615,-0.05760950913493287,0.03927801012546775,0.3411204050187101,0.330528285274048,0.3233480079242791,0.2829253797050407,0.31442879154743564,0.3323486682808717,0.24337882456526524,0.5063922518159806,0.4456020250935505,0.4025974025974026,0.4043187321153423,0.2256548536209553,0.09550077041602466,0.02204270305965221,-0.006546335020911292
#17,0.486700418225842,0.24859344045784723,0.222590799031477,0.3486000440237728,1.0,0.4132489544353951,-0.04418225841954655,0.41384547655734094,0.23441338322694255,0.4130398415144178,0.21334580673563724,0.5621373541712524,0.3249350649350649,0.14154083204930662,0.015698877393792648,-0.3651177635923399,0.5300418225841954,0.0462689852520361,-0.04556680607528065,0.029341844596081884,-0.04457186880915694,-0.1875808936825886,-0.05754567466431873,0.07145498569227383,0.06996918335901386,0.168102575390711,-0.04204930662557781,-0.0949702839533348,0.0019700638344706143,0.11803874092009685,0.32625357693154305,-0.12188641866607969,0.17033458067356372,0.16209993396434075,0.2466585956416465,0.28934624697336564,-0.004860224521241471,0.2272903367818622,-0.1605855161787365,-0.11563284173453665,0.0030970724191063176,0.2590446841294299,0.3818996257979309,0.37968963240149683,-0.044248294078802555,-0.07144618093770636,0.11523442659035879,0.12108958837772398,0.0016354831609068897,-0.119603786044464,0.12618754127228704,-0.10127008584635704,0.08950913493286375,-0.25395113361215055,-0.14996918335901388,-0.21390710983931324,-0.10479859123926921,0.034345146379044685,0.0162755888179617,-0.3614153642967202,0.08724631300902487,0.08576051067576491,0.17051727933083866,-0.10000880475456747,-0.30368919216376844,-0.11691613471274488,-0.12771736737838432,-0.0863812458727713,0.2982874752366278,0.19484701738939028,0.0675941008144398,0.07629980189302223,0.25193484481620076,0.49705480959718246,-0.05690732995817742,-0.1607638124587277,-0.0007285934404578472,-0.16401276689412284,-0.020107858243451463,0.20296940347787806,0.3891371340523883,0.6114065595421527,,0.4314593880695576,0.7057318952234206,0.16092449922958396,0.2151353731014748,0.28074840413823465,0.16156724631300903,0.4010917895663658,0.4201782962799912,0.2784239489324235,0.17772837332159366,-0.07066916134712745,-0.13963020030816642,0.2768412942989214,0.17222540171692713,0.061833590138674885,-0.10438696896324015,0.1222804314329738,-0.06551397754787586,0.22811798371120404,0.06555139775478759,0.1830068236847898,0.15719788685890382,0.05469513537310147,0.15132071318511997,-0.018298481179837112,0.19793308386528727,-0.19558881796169933,-0.25342945190402816
#18,0.23376183138895004,0.08603786044464011,0.20938366718027734,0.2320581113801453,0.4132489544353951,1.0,-0.1127690953114682,-0.036900726392251816,-0.1551089588377724,0.17226942548976448,0.007950693374422188,0.38323134492626015,0.41277349768875193,-0.01685230024213075,0.022069117323354613,-0.22495927801012547,0.31289896544133833,0.24837772397094432,-0.18731454985692275,-0.16450363196125908,-0.2602179176755448,-0.1800264142637024,-0.017413603345806737,0.1543649570768215,-0.26306845696676207,0.1100594320933304,-0.19687651331719128,-0.026929341844596083,0.37511776359233984,0.40473035439137134,0.6344397974906449,-0.0375544794188862,0.3842196786264583,0.04580893682588598,0.09566585956416465,0.18144838212634823,0.11965661457186881,0.009962579793088268,-0.08532907770195906,0.0022055910191503413,0.03577371780761611,0.24028835571208454,0.19856042262821924,0.08571648690292757,-0.17591239269205372,-0.23284613691393352,0.09285494166850099,0.17027514858023332,-0.19316310807836232,-0.0666189742460929,0.14272066916134712,0.08342064714946071,-0.036574950473255555,-0.08453664979088708,-0.17135373101474796,-0.10241030156284393,-0.2268082764692934,-0.09907550077041602,0.09052608408540612,-0.24889500330178296,0.08467972705260841,0.14530486462689854,0.07064494827206691,-0.00038080563504292315,-0.11441118203830068,-0.005894783182918776,0.19742460928901606,0.0464406779661017,0.061633281972265024,-0.0375610829848118,0.051591459388069555,0.051234866828087165,0.02662557781201849,0.24935725291657496,-0.11287915474356153,-0.18290997138454765,0.06789786484701739,0.02401716927140656,0.10783403037640325,0.3553907109839313,0.4137112040501871,0.38171692714065597,,0.18318291877613913,0.253464670922298,0.2762029495927801,0.22441118203830068,0.15108958837772396,0.33484701738939027,0.1937046004842615,0.14194144838212636,0.24039621395553598,-0.10403037640325775,0.20480299361655294,-0.08561963460268544,-0.05699317631521021,0.06355271846797271,0.10034338542813119,0.07670482060312568,0.15013647369579572,0.04418445960818842,0.5383513097072419,0.2840413823464671,0.13213295179396875,0.12467092229804094,0.1903169711644288,0.1864076601364737,0.06111820383006824,0.0822077922077922,0.03195245432533568,-0.06905348888399736
#26,-0.1277701959057891,0.4347347567686551,0.3019172353070658,0.10180937706361436,-0.04418225841954655,-0.1127690953114682,1.0,0.24267224301122606,0.42410961919436496,0.3839423288575831,0.2833149900946511,0.008626458287475236,0.3300352190182699,0.6371736737838433,-0.104983491085186,0.03255998239049086,0.19648250055029717,0.20776139115122166,0.025157384987893463,-0.12077261721329519,-0.01841734536649791,-0.04004182258419547,0.30357473035439136,0.26169931763152104,-0.11302663438256659,-0.04173453664979089,0.032689852520360996,-0.17084525643847678,-0.03431873211534228,-0.1346070878274268,-0.21612150561303103,0.08074180057230905,-0.109735857362976,0.13171252476337222,0.016224961479198767,-0.16268104776579353,0.06885758309487124,-0.14755007704160247,0.3534932863746423,0.1972639225181598,0.27500770416024656,-0.18606207351970064,0.019889940567906668,-0.007074620294959278,-0.0049350649350649355,-0.08631080783623156,-0.010050627338762932,-0.25635703279771077,-0.1427999119524543,-0.2633105877173674,-0.26683248954435396,-0.1730178296279991,-0.04305084745762712,0.23816640986132512,0.30066475896984374,-0.05410741800572309,-0.15988333700198107,-0.39467752586396654,-0.10002201188641867,-0.16458287475236627,-0.06426590358793749,0.03852960598723311,0.32226502311248073,0.3549042482940788,0.1460378604446401,-0.10981289896544134,0.41923838872991415,0.5837706361435175,0.08954215276249175,0.0876535329077702,0.27283733215936606,0.0722342064714946,0.13466872110939906,0.07084085406119305,0.031120405018710103,0.07200968523002421,-0.04844155844155844,-0.02650231124807396,0.5511842394893243,0.2809751265683469,-0.21954655513977547,-0.16634382566585956,,0.0026414263702399295,-0.027794408980849658,-0.05687431212854942,0.12057230904688532,-0.10219898745322474,0.08360994937266124,-0.06393352410301563,-0.1634206471494607,-0.06102575390710984,-0.13718027734976887,-0.09464891041162228,0.08142637023992956,0.1999735857362976,0.22478098173013428,0.10724851419766673,0.11810917895663658,-0.0072441118203830064,-0.11059211974466211,-0.07852740479859124,0.1731388950033018,0.008560422628219239,0.06605326876513318,0.03637464230684569,0.04693594541052168,-0.11255998239049086,-0.17863746423068458,-0.2813427250715386,-0.27310367598503194
#49,0.41155183799251593,0.3308298481179837,0.047323354611490204,-0.06399735857362976,0.41384547655734094,-0.036900726392251816,0.24267224301122606,1.0,0.5517235307065815,0.31139995597622716,0.42196346026854503,0.16410301562843935,0.3522209993396434,0.13872991415364297,-0.04923838872991415,-0.16505172793308387,0.15567466431873211,0.025511776359233986,0.12443979749064495,-0.007558881796169932,0.043548316090688974,-0.13254237288135592,0.13705040721989875,0.06256878714505833,0.15270746202949592,-0.28341184239489325,0.21163108078362317,-0.26174774378164206,-0.03651551837992516,0.06861765353290777,-0.07224081003742021,-0.042399295619634604,-0.10341844596081884,-0.1524719348448162,-0.15184239489324236,-0.03159586176535329,-0.0874025974025974,-0.02855161787365177,-0.10021791767554479,-0.2590490865067136,-0.1909619194364957,-0.08334140435835351,-0.02539731454985692,-0.08164648910411622,0.2366123706801673,0.007565485362095532,-0.12318071758749725,-0.2911798371120405,-0.046828087167070216,-0.17138234646709222,-0.18612150561303104,-0.24473695795729694,0.022269425489764474,-0.13863746423068457,-0.06668500990534888,-0.43678846577151664,-0.08872551177635923,-0.2418600044023773,0.08170372000880476,-0.10796610169491526,0.06416464891041163,0.12296940347787805,0.020658155403918115,-0.21709443099273606,-0.06077261721329518,-0.1761501210653753,-0.08403037640325776,-0.04396654193264363,0.3375192604006163,0.2470922298040942,0.3258441558441558,0.2191107197886859,0.2083909311027955,0.062287034998899406,-0.04649130530486463,-0.07094210873871891,-0.04070217917675545,-0.0851948051948052,0.07250275148580233,0.11988553819062293,0.01664538850979529,0.15966762051507813,,0.1839291217257319,0.24972485141976666,0.33180937706361435,0.21904028175214615,0.00015848558221439577,-0.05439577371780761,0.14380145278450363,0.0848580233325996,0.24078142196786265,0.1165859564164649,-0.031078582434514637,0.0974620294959278,0.41334140435835354,0.06955535989434294,0.01735857362976007,-0.20793968743121286,-0.041853400836451685,-0.22578912612810917,-0.09798591239269205,-0.023376623376623377,-0.1560180497468633,-0.11130530486462689,-0.10162887959498129,-0.03302663438256659,-0.003204930662557781,-0.006680607528065155,-0.24546335020911292,-0.25561303103675986
#50,-0.12277790006603566,0.3673233546114902,0.05581994276909531,-0.030338983050847458,0.23441338322694255,-0.1551089588377724,0.42410961919436496,0.5517235307065815,1.0,0.3889676425269646,0.17831829187761392,0.08920757208892802,0.2494739159145939,0.3564252696456086,0.1433546114902047,-0.1366387849438697,0.2525313669381466,0.07406999779881136,0.2554193264362756,0.05286374642306846,0.038681488003521905,-0.1969557561082985,0.19051287695355493,0.022022892361875414,0.12976227162667842,-0.0637640325775919,0.019264802993616555,-0.23731234866828088,0.06101034558661677,-0.048276469293418445,-0.1190777019590579,0.11933524103015629,-0.024600484261501212,0.15863086066475898,0.08768434954875633,0.015329077701959059,0.1253576931543033,0.11140655954215277,0.09720228923618754,-0.12476337222099934,0.10059652212194585,-0.0962755888179617,0.07609509134932864,0.17302443319392471,-0.16704160246533128,-0.24540832049306627,0.04662998018930222,-0.1353995157384988,-0.08413603345806736,-0.43190843055249833,-0.20306405458947832,-0.33076161127008585,-0.13668280871670702,-0.17071538630860664,0.06735857362976007,-0.22130750605326877,-0.025822143957737177,-0.21891701518820164,-0.15137574290116662,-0.31067576491305304,0.07351529826106097,0.11318291877613912,0.1870592119744662,-0.02307726172132952,-0.08237068016729034,-0.2387937486242571,0.22809377063614353,0.1917279330838653,0.43107197886858906,0.4238036539731455,0.21511116002641426,0.12198987453224741,0.22469733656174334,-0.00238168611049967,0.18307946290997137,-0.0007946290997138455,-0.09796610169491525,-0.16885538190622937,0.21130090248734318,-0.0020008804754567465,-0.013999559762271626,0.08907329958177415,,0.11561082984811798,0.2735042923178516,0.14448822364076602,0.03149900946511116,0.06417565485362095,0.07423508694695136,0.11523002421307506,0.05565045124367158,-0.10901606867708563,-0.27277129650011006,-0.3241712524763372,-0.23436055469953776,0.3679484921857803,0.16893462469733656,0.09629099713845476,-0.055260840854061195,-0.05692053709002862,-0.18474796390050627,-0.130033017829628,0.17479639005062733,0.08104336341624477,0.14181598062953996,-0.035108958837772396,0.03965661457186881,-0.11608848778340304,0.12279771076381246,-0.32904688531807175,-0.23449922958397534
#51,0.40009905348888397,0.7371428571428571,0.704521241470394,0.7281377944089809,0.4130398415144178,0.17226942548976448,0.3839423288575831,0.31139995597622716,0.3889676425269646,1.0,0.30312128549416684,0.45819722650231126,0.3228857583094871,0.32407880255337884,-0.12309487123046445,-0.1490050627338763,0.7686044464010565,0.307409200968523,-0.25409641206251377,-0.10553598943429451,-0.17234206471494606,-0.1501056570548096,0.13821483601144618,0.2019040281752146,0.03904028175214616,0.28338542813119083,0.027523662777900065,0.005588817961699318,-0.0016971164428791548,-0.06753686990975126,0.16453885097952894,-0.046638784943869686,0.3368963240149681,0.42727492846136916,0.35294298921417566,0.23448602245212416,0.17481620074840415,0.07536209553158706,0.16604226282192383,0.09644287915474356,0.2770922298040942,0.04561523222540172,0.26863966541932643,0.17077481840193703,-0.18775478758529607,-0.4290028615452344,0.26143517499449703,0.17491525423728813,0.090264142637024,-0.15572088928021133,0.26688091569447503,0.10708562623816861,0.227277129650011,0.1921417565485362,0.097508254457407,0.08946731234866828,-0.3445762711864407,-0.23841734536649792,-0.029319832709663218,-0.44072859344045784,0.06366938146599163,0.1404204270305965,0.16486022452124147,0.07329077701959058,-0.0437772397094431,-0.0188663878494387,0.04272287034998899,0.0638036539731455,0.289603786044464,0.3068523002421307,0.2569623596742241,0.272920977327757,0.00663218137794409,0.4506581554039181,-0.12987012987012986,-0.03482060312568787,-0.030068236847897865,-0.13136033458067356,0.17058991855602026,0.09854061193044245,0.16469733656174335,0.2850209112920977,,0.31758529605987235,0.48529605987233104,-0.1437376183138895,0.23009685230024213,0.34238388729914154,0.1958661677305745,0.25060972925379704,0.10836671802773498,0.03825885978428351,-0.03797490644948272,-0.11079462909971384,-0.1035923398635263,0.27327977107638124,0.27092009685230023,0.4058265463350209,0.28893902707462027,0.30233325996037863,0.15433414043583535,0.2894849218578032,0.3338234646709223,0.5240876073079463,0.4742306845696676,0.38006383447061415,0.406187541272287,0.07719348448162007,0.08092670041822585,-0.28629099713845474,-0.21560642747083425
#52,0.3550935505172793,0.24206251375742902,0.3022496147919877,0.008998459167950694,0.21334580673563724,0.007950693374422188,0.2833149900946511,0.42196346026854503,0.17831829187761392,0.30312128549416684,1.0,0.13377944089808497,0.30902047105436936,0.2320559101915034,-0.1280101254677526,-0.060880475456746644,0.23131410961919435,0.10472375082544574,-0.06809377063614351,-0.037032797710763815,0.04402157164869029,0.030372000880475456,-0.008778340303764032,0.02580893682588598,0.020138674884437595,-0.21217037200088049,0.1614241690512877,-0.11419106317411402,-0.2287343165309267,-0.1914703940127669,0.02458067356372441,-0.3792758089368259,-0.07086286594761171,-0.06500550297160466,-0.030279550957517058,-0.13749724851419767,-0.2922672243011226,-0.20330398415144177,-0.07927140655954215,-0.11583314990094651,0.025408320493066256,0.1499207572088928,-0.08467312348668281,-0.12602025093550517,0.16038300682368478,-0.08961038961038961,-0.21058111380145278,-0.13530486462689853,0.019755668060752806,0.15819722650231124,-0.02080563504292318,-0.035408320493066255,0.27715606427470835,0.0972243011226062,0.04852740479859124,-0.15893022232005283,0.06421747743781642,0.0031719128329297823,-0.029966982170372,-0.2632291437376183,-0.1508100374202069,-0.02484921857803214,-0.03904248294078803,-0.008668280871670701,0.05582874752366278,0.11077041602465332,-0.09176975566806075,0.05195685670261942,-0.014787585296059872,0.0723002421307506,0.16296279991195245,0.21331278890600924,-0.002661237068016729,0.07333920316971164,-0.14898084965881575,-0.04882896764252696,-0.026810477657935285,-0.11204050187101035,0.22316530926700417,0.07242350869469513,-0.15591019150341184,0.04909090909090909,,0.24017609509134932,0.0537904468412943,-0.09706581554039181,0.018536209553158704,0.01994937266123707,0.1084371560642747,0.2375676865507374,-0.01202509355051728,0.11204490424829408,-0.018298481179837112,-0.047895663658375526,-0.1666718027734977,0.39046445080343384,0.10314769975786925,0.08545014307726172,-0.06478098173013427,-0.0325511776359234,-0.03380145278450363,0.01601584855822144,-0.01673783843275369,0.07702619414483822,-0.005130970724191063,-0.05914373761831389,0.09273387629319833,-0.1262755888179617,-0.05589258199427691,-0.37050407219898746,-0.3641668500990535
#53,0.37535769315430334,0.34582874752366277,0.3386946951353731,0.4710675764913053,0.5621373541712524,0.38323134492626015,0.008626458287475236,0.16410301562843935,0.08920757208892802,0.45819722650231126,0.13377944089808497,1.0,0.4257010785824345,0.2525269645608629,-0.0424719348448162,-0.3003345806735637,0.5228659476117103,0.05526964560862866,-0.23748624257098833,-0.198069557561083,-0.26583755227823025,-0.2266850099053489,-0.04609068897204491,-0.0038388729914153644,0.1646401056570548,0.3829716046665199,-0.10578692493946731,-0.08668500990534889,0.1392427911071979,0.27692493946731234,0.1814175654853621,0.008388729914153643,0.2695223420647149,0.43234426590358793,0.27178296279991193,0.32682808716707024,0.2541052168170812,0.22275148580233325,0.04018049746863306,-0.0802575390710984,0.07627779000660356,0.24234866828087168,0.5420515078142196,0.3803081664098613,0.04156504512436716,-0.21296279991195247,0.1676139115122166,0.17848117983711204,-0.004708342504952674,-0.1350099053488884,0.3098239049086507,0.03983270966321814,0.10387189082104337,-0.21413383226942548,-0.07973145498569227,-0.10314109619194364,-0.2592295839753467,-0.1113713405238829,0.20520581113801453,-0.3356284393572529,0.013279771076381246,-0.07729914153642967,0.22539071098393132,0.07458507594100815,-0.2573651771956857,-0.15707021791767556,0.04236187541272287,0.028476777459828306,0.12060752806515518,0.02307726172132952,-0.06977988113581333,-0.016075280651551838,0.1320427030596522,0.32769535549196566,-0.10345146379044684,-0.1855051727933084,-0.07242130750605327,-0.1767950693374422,0.08661677305745102,0.16559982390490866,0.5653488883997358,0.5391151221659696,,0.5489786484701739,0.5248294078802553,0.016423068456966762,0.1586022452124147,0.4019788685890381,0.20095971824785383,0.516286594761171,0.4279903147699758,0.3465705480959718,0.19460928901606867,0.12204930662557781,-0.015115562403697998,0.09864186660796831,0.22182258419546555,0.1698745322474136,0.12086506713625357,0.30456526524323135,0.12802553378824566,0.16198106977767995,0.1383843275368699,0.17428791547435615,0.30537530266343826,0.29200968523002424,0.3495619634602685,0.06893242350869469,0.06836671802773497,-0.10443319392471935,-0.01806735637244112
#54,0.20696456086286594,0.17516398855381907,0.13696456086286596,0.2137706361435175,0.3249350649350649,0.41277349768875193,0.3300352190182699,0.3522209993396434,0.2494739159145939,0.3228857583094871,0.30902047105436936,0.4257010785824345,1.0,0.36851860004402376,-0.09204490424829408,-0.33605546995377505,0.2917015188201629,0.1503367818622056,-0.08694034778780542,-0.1442460928901607,-0.2295861765353291,-0.2788003521901827,-0.08073519700638344,-0.05439357252916575,-0.21490644948272067,-0.12979528945630642,0.04455646048866388,-0.04873211534228483,0.09141316310807836,0.22266123706801672,0.16599603786044465,0.013902707462029497,0.12248294078802553,0.02819502531366938,-0.03696896324014968,0.01197886858903808,0.03369359454105217,-0.01722209993396434,-0.14175654853620956,-0.1585956416464891,0.03967422408100374,-0.008283072859344046,0.12049746863306185,0.15002861545234428,-0.07629760070438037,-0.23605326876513316,0.011571648690292757,0.07523662777900066,-0.1475808936825886,-0.07794849218578032,0.10510015408320493,0.00036759850319172355,0.046121505613031036,-0.1961038961038961,-0.20691173233546115,-0.40318511996478096,-0.24581113801452784,-0.2398217037200088,0.026315210213515298,-0.22596302003081664,0.17957517059211975,0.08627999119524543,0.37333920316971164,0.21673343605546996,0.12109399075500771,-0.12690953114681927,0.38921197446621175,0.35983931322914375,0.06455425930002201,0.006357032797710764,0.12843275368699097,-0.0077349768875192605,0.2462953995157385,0.11081443979749064,-0.00823464670922298,-0.15001760950913492,0.041221659696235965,-0.05910191503411842,0.29913493286374643,0.2973827867048206,0.31710763812458725,0.30583535108958837,,0.45842174774378164,0.3248866387849439,0.33599603786044463,0.20594541052168172,0.18284173453664979,0.14259960378604447,0.3345674664318732,0.13335241030156283,0.2000132071318512,-0.1518269865727493,-0.0038102575390710986,-0.05572529165749505,0.11585516178736517,0.051146819282412506,0.16544794188861986,-0.002425709883337002,0.13964120625137574,0.10936385648250055,0.2465001100594321,0.24490204710543695,0.04329077701959058,0.17178296279991195,0.12312788906009245,0.22275148580233325,0.07456306405458948,-0.067508254457407,-0.3147259520140876,-0.25666079683028836
#58,-0.14736517719568568,0.3361677305745102,0.26076601364736957,0.20461149020471053,0.14154083204930662,-0.01685230024213075,0.6371736737838433,0.13872991415364297,0.3564252696456086,0.32407880255337884,0.2320559101915034,0.2525269645608629,0.36851860004402376,1.0,-0.04808936825885978,-0.07008364516839093,0.22966321813779442,0.14865947611710323,-0.0485428131190843,-0.1358331499009465,-0.11841294298921418,-0.17421747743781643,0.07715606427470834,0.12598062953995157,-0.04453885097952895,0.08849218578032138,-0.14334360554699538,-0.312326656394453,0.0005701078582434515,0.09843935725291658,-0.17675324675324675,0.17557561082984813,-0.042399295619634604,0.3514946070878274,0.05655734096412063,0.13465111160026413,0.06898084965881576,0.1317609509134933,0.12088047545674664,-0.003277569887739379,0.17841734536649792,-0.05556240369799692,0.07884657715166189,0.15593440457847238,-0.11010125467752586,-0.089966982170372,-0.04777900066035659,-0.20928681488003523,-0.14788245652652432,-0.29882456526524326,-0.10474356152322253,-0.13977327756988775,-0.06644287915474356,-0.05001760950913493,0.05599603786044464,-0.2110939907550077,-0.19515738498789345,-0.27359013867488446,-0.060788025533788245,-0.1700792427911072,-0.06473695795729693,0.09069557561082985,0.4229980189302223,0.3957406999779881,-0.10509355051727932,-0.13135373101474795,0.35268765133171914,0.5135945410521682,0.09520581113801453,0.14128329297820824,0.19486242570988332,0.019920757208892803,0.28400396213955537,0.13705921197446622,0.026464891041162227,-0.010420427030596521,0.10125027514858023,0.029403477878054148,0.41968743121285496,0.38035879374862425,0.03823464670922298,0.10923178516398856,,0.3054875632841735,0.310198106977768,-0.09509355051727933,0.12841954655513976,0.007299141536429672,0.17895443539511335,0.03148800352190183,0.08130310367598503,0.018518600044023774,-0.06653973145498569,-0.19523662777900067,0.013887299141536429,0.10972705260840854,0.284851419766674,0.09366938146599163,0.06035659255998239,0.0162887959498129,-0.06277349768875193,-0.03647809817301343,0.19372881355932203,0.06610829848117984,0.1402047105436936,0.11524983491085186,0.11988773937926481,-0.03966762051507814,-0.09101254677525863,-0.14589478318291876,-0.08023992956196346
#101,-0.304851419766674,-0.33222540171692716,-0.4665199207572089,-0.26820823244552056,0.015698877393792648,0.022069117323354613,-0.104983491085186,-0.04923838872991415,0.1433546114902047,-0.12309487123046445,-0.1280101254677526,-0.0424719348448162,-0.09204490424829408,-0.04808936825885978,1.0,0.34324675324675324,-0.1358463570327977,-0.3521417565485362,0.5906977767994717,0.21549196566145717,0.4404644508034338,-0.04676645388509795,-0.038681488003521905,-0.0537442218798151,0.18401937046004843,0.135280651551838,-0.17963460268545015,-0.40373321593660577,-0.01486022452124147,0.18006823684789786,-0.024045784723750824,-0.008767334360554699,-0.018899405679066696,-0.02071318511996478,0.09659035879374862,0.36590138674884437,0.139801893022232,0.37322474136033457,-0.14107638124587277,-0.17863306185340083,-0.16808716707021792,0.24854501430772616,0.11825445740699977,0.40515738498789344,-0.24572088928021132,-0.06837992515958617,-0.021613471274488223,-0.2890777019590579,-0.27456306405458947,-0.5126810477657935,-0.32082324455205813,-0.4291657495047326,-0.4285053929121726,-0.4757671142416905,-0.2643847677745983,-0.2063020030816641,0.09466872110939907,0.06293638564825005,-0.23061413163108077,-0.20831388950033017,0.04605546995377504,-0.18362315650451244,0.09927580893682589,-0.23355051727933085,-0.3524983491085186,-0.3288267664538851,-0.10418445960818842,-0.160891481399956,0.2870680167290337,0.35066035659256,-0.2989654413383227,-0.10666299801893023,0.24818842174774378,-0.09516398855381906,0.32816420867268326,-0.16588817961699318,-0.21439357252916574,-0.31336561743341407,-0.20373321593660576,-0.016233766233766232,0.047288135593220336,0.04699757869249395,,-0.01023992956196346,-0.08559101915034119,0.10725952014087607,-0.17763592339863526,-0.04954435395113361,-0.004430992736077482,0.013356812678846577,0.06749724851419767,0.0014219678626458288,-0.3247259520140876,-0.13648250055029715,-0.19540171692714065,-0.055813339203169714,-0.0029011666299801893,-0.26068236847897863,-0.3680101254677526,-0.30220559101915034,-0.41041822584195464,-0.2087409200968523,-0.09934184459608189,-0.14648910411622276,-0.11312348668280872,-0.26485582214395775,-0.22314549856922739,-0.18483601144618095,-0.08217037200088048,0.01238168611049967,0.11849438696896324
#102,-0.2114307726172133,-0.030537090028615453,-0.10606207351970064,-0.1680431432973806,-0.3651177635923399,-0.22495927801012547,0.03255998239049086,-0.16505172793308387,-0.1366387849438697,-0.1490050627338763,-0.060880475456746644,-0.3003345806735637,-0.33605546995377505,-0.07008364516839093,0.34324675324675324,1.0,-0.2527668941228263,-0.028069557561082984,0.2412656834690733,0.4272375082544574,0.1844309927360775,0.7014395773717808,0.1352542372881356,0.26279110719788684,0.19528505392912174,0.2742394893242351,-0.22659916354831608,-0.08097952894563064,-0.1399735857362976,-0.19353731014747963,-0.16425269645608628,0.013940127668941229,-0.021043363416244774,-0.09145938806955756,-0.014807395993836672,-0.008472375082544574,0.059317631521021354,0.115115562403698,0.09460268545014308,0.3110675764913053,-0.1241800572309047,-0.09042262821923838,-0.0017653532907770195,-0.04927801012546775,-0.13124367158265463,0.1410675764913053,-0.006537530266343826,-0.16174554259300022,-0.28573849878934626,-0.09176535329077702,-0.2460444640105657,-0.044241690512876956,-0.36697776799471715,0.13479639005062735,-0.06112920977327757,0.34029936165529384,-0.045012106537530266,0.15542813119084306,-0.3245982830728593,-0.031476997578692496,-0.34452564384767775,-0.2280101254677526,-0.0237574290116663,0.04949592780101255,-0.0574224081003742,0.24767554479418885,-0.11762491745542593,-0.05444199867928681,0.08532907770195906,0.2109685230024213,-0.17211974466211755,-0.011954655513977548,-0.12630420427030598,-0.28610829848117986,0.09255998239049086,0.15816420867268324,-0.1918534008364517,-0.05772837332159366,-0.10799691833590139,-0.014800792427911071,-0.2819546555139775,-0.3602223200528285,,-0.22821703720008804,-0.36936165529385867,-0.3893484481620075,-0.3995179396874312,-0.23142857142857143,-0.2589852520360995,-0.2368214836011446,-0.17987012987012987,-0.22974466211754346,-0.29963240149680825,-0.2244177856042263,-0.26681928241250275,-0.02777239709443099,0.10181598062953995,-0.1968038740920097,0.024811798371120405,-0.31707462029495925,-0.22064274708342504,-0.1933414043583535,-0.1411930442438917,-0.16455646048866387,-0.16498789346246973,-0.14788245652652432,-0.29795289456306406,-0.249900946511116,-0.23883116883116884,-0.0040237728373321595,-0.06523222540171693
#201,0.3702047105436936,0.590297160466652,0.7158793748624257,0.6263064054589478,0.5300418225841954,0.31289896544133833,0.19648250055029717,0.15567466431873211,0.2525313669381466,0.7686044464010565,0.23131410961919435,0.5228659476117103,0.2917015188201629,0.22966321813779442,-0.1358463570327977,-0.2527668941228263,1.0,0.5257561082984812,-0.3525753907109839,-0.23806515518379925,-0.2537046004842615,-0.2061831388950033,0.07830068236847898,0.09630420427030596,0.067343165309267,0.2599383667180277,0.058582434514637904,0.03687211093990755,0.22044904248294078,0.04059211974466212,0.46659696235967424,0.08975346687211094,0.5192207792207792,0.39015408320493067,0.4712304644508034,0.3791569447501651,0.27151221659696234,0.11950253136693814,0.15779661016949154,0.11291437376183139,0.3486748844375963,0.14823464670922298,0.2928285274047986,0.21776359233986353,-0.3709685230024213,-0.4883270966321814,0.2401056570548096,0.24086726832489544,0.12117103235747304,-0.061098393132291436,0.4891833590138675,0.2526370239929562,0.40053488883997357,0.2295311468192824,0.26192824125027514,0.2064142637023993,-0.3001915034118424,-0.22042482940788025,-0.004261501210653753,-0.4065573409641206,-0.13417785604226282,-0.040319172353070656,-0.026007043803653974,-0.054096412062513755,-0.0014021571648690292,-0.033959938366718026,0.03207351970063835,-0.022659035879374862,0.3180717587497249,0.22298040942108738,0.35340303764032577,0.31831609068897204,-0.038666079683028834,0.4650737398195025,-0.29470834250495265,-0.11040721989874533,-0.13865947611710325,-0.13497468633061854,0.21480079242791109,0.1723992956196346,0.26068897204490427,0.22029055690072638,,0.29955095751705924,0.4017411402157165,-0.21419326436275588,0.09695135373101475,0.3950693374422188,0.1811864406779661,0.2559806295399516,-0.0337640325775919,0.01386748844375963,-0.03298481179837112,-0.12799691833590138,-0.18300242130750605,0.4119898745322474,0.3024741360334581,0.48435615232225404,0.2968412942989214,0.4960840854061193,0.3140391811578252,0.5707616112700858,0.5266387849438697,0.5841998679286815,0.43779881135813337,0.46436055469953774,0.4346599163548316,-0.14557340964120624,0.006544133832269426,-0.29811578252256216,-0.2581091789566366
