,#10,#11,#12,#13,#17,#18,#26,#49,#50,#51,#52,#53,#54,#58,#101,#102,#201,#202,#301,#302,#401,#402,#501,#502,#601,#602,#701,#702,#801,#802,#901,#902,#1001,#1002,#1101,#1102,#1201,#1202,#1301,#1302,#1401,#1402,#1501,#1502,#1601,#1602,#1701,#1702,#1801,#1802,#1901,#1902,#2001,#2002,#2101,#2102,#2201,#2202,#2301,#2302,#2401,#2402,#2501,#2502,#2601,#2602,#2701,#2702,#2801,#2802,#2901,#2902,#3001,#3002,#3101,#3102,#3201,#3202,#3301,#3302,#3401,#3402,#3455,#3501,#3502,#3601,#3602,#3701,#3702,#3801,#3802,#3901,#3902,#4001,#4002,#4101,#4102,#4201,#4202,#4301,#4302,#4401,#4402,#4501,#4502,#4601,#4602,#4701,#4702,#4801,#4802
#10,1.0,0.4580299361655294,0.4983711204050187,0.34545454545454546,0.18631741140215716,0.14768875192604006,0.13349768875192605,0.43974025974025976,0.24440017609509135,0.4337112040501871,0.36308166409861325,0.2031454985692274,0.11898305084745762,0.19476337222099935,-0.4046797270526084,-0.25561963460268544,0.35702399295619636,0.17831388950033017,-0.3486704820603126,-0.14612810917895663,-0.16092670041822585,-0.050677966101694914,0.024428791547435616,-0.14409641206251375,-0.029564164648910412,-0.14959057891261282,0.1340677966101695,0.11451463790446842,-0.0984503631961259,-0.06602245212414704,-0.0788795949812899,-0.16278010125467754,-0.0024345146379044684,-0.21472375082544573,-0.17304204270305965,-0.04725731895223421,-0.2739357252916575,-0.13788685890380806,-0.19759630200308168,-0.3075676865507374,-0.009218578032137353,-0.1113911512216597,0.007173673783843275,0.08815980629539952,0.04818622055910191,-0.03422848338102576,-0.08384767774598283,0.24434074400176095,-0.05720228923618754,0.15676425269645608,-0.04097732775698877,-0.007226502311248074,-0.05942769095311468,-0.21305084745762712,-0.08365617433414044,-0.0019458507594100815,-0.02403697996918336,-0.08311027955095751,0.0639291217257319,0.04670041822584196,0.36879815100154084,0.11303543913713406,-0.09034118423948932,0.14076601364736957,0.2126766453885098,0.0941470394012767,0.08935285053929122,0.1577790006603566,-0.21467092229804094,-0.16306845696676206,-0.059121725731895225,0.12111820383006823,-0.24111160026414263,0.038038740920096854,-0.14979088707902266,-0.15422848338102577,0.06350209112920978,-0.039594981289896546,0.12403037640325776,-0.09165089148139996,-0.023693594541052167,0.018043143297380587,,0.11561082984811798,0.1571516618974246,0.3521879815100154,0.35434734756768654,-0.0386748844375963,0.04700858463570328,0.005428131190843055,-0.06549636803874093,0.2910411622276029,-0.15864626898525203,0.23550737398195026,0.19437376183138896,0.20397094430992735,-0.07874972485141976,0.25266123706801674,0.24951573849878936,-0.24088047545674665,-0.017409200968523,0.17672243011226063,0.035936605767114244,0.09469513537310148,0.10292537970504072,0.01023992956196346,0.050521681708122386,0.26188421747743784,0.25072198987453226,-0.041899625797930884,0.0537640325775919
#11,0.4580299361655294,1.0,0.3710851860004402,0.3412965001100594,0.05206911732335461,0.23620515078142196,0.1650759410081444,0.21658155403918117,0.5223706801672904,0.46546335020911295,0.36375963020030816,0.010301562843935725,0.0448778340303764,0.09423948932423509,-0.26165749504732555,-0.06766233766233766,0.2793088267664539,0.3283513097072419,-0.1398415144177856,0.035322474136033455,-0.10101034558661677,-0.11148139995597622,-0.16016288795949812,-0.12847457627118644,-0.03641646489104116,0.06442879154743561,0.05540832049306626,0.12465111160026414,0.09206471494607088,0.04075500770416025,0.09417785604226282,-0.04565485362095532,0.062458727712965,0.1476271186440678,-0.028511996478098173,-0.06540832049306626,-0.07346687211093991,0.0124785384107418,-0.16022232005282852,-0.12718247853841075,-0.04683689192163768,0.18521021351529826,-0.02035659255998239,0.17482280431432973,-0.10884657715166189,-0.18951353731014747,0.08682588597842836,0.14300242130750607,0.02613911512216597,0.0751221659696236,0.20017609509134932,0.03680827646929342,0.0799801893022232,-0.033506493506493505,-0.1663878494386969,0.05449702839533348,-0.23314769975786925,-0.07670922298040943,-0.12092229804094211,-0.17075060532687653,0.11416685009905349,-0.06290997138454765,-0.007616112700858464,0.08912832929782083,0.2418379925159586,0.21976887519260402,0.2198745322474136,0.25649130530486464,-0.029588377723970945,-0.006819282412502752,0.04064494827206692,0.30093110279550955,-0.07473475676865507,-0.061223860884877836,-0.1996566145718688,-0.1660378604446401,-0.14074620294959278,-0.06777239709443099,0.19609289016068676,0.012320052828527404,-0.03527624917455426,-0.18292978208232447,,-0.21726172132951793,-0.03859123926920537,0.1026040061633282,0.1291239269205371,-0.10589258199427691,0.031633281972265025,-0.1735130970724191,-0.16870570107858243,0.07810037420206911,-0.30178956636583754,0.09394012766894123,0.005857362976007044,-0.00040501871010345584,0.1201386748844376,0.30227602905569007,0.2037508254457407,-0.1415100154083205,-0.0010807836231565046,0.17291877613911513,-0.0072793308386528725,0.07701298701298702,0.2722826326216157,0.10146599163548316,0.21673123486682808,-0.05143737618313889,0.0017653532907770195,-0.09446841294298922,-0.05075500770416025
#12,0.4983711204050187,0.3710851860004402,1.0,0.5747281532027295,-0.030495267444419986,0.08906009244992295,0.24936605767114242,0.17474136033458068,0.19069337442218798,0.5117543473475676,0.39992295839753467,0.08219238388729914,0.13193264362755888,0.23927360774818401,-0.2774620294959278,-0.22256658595641646,0.7075566806075281,0.5747237508254457,-0.09437596302003082,-0.18010345586616774,-0.0188201628879595,-0.043013427250715386,0.013325996037860445,-0.01590358793748624,0.09274708342504953,-0.04740479859123927,0.0674620294959278,0.1114637904468413,-0.14278450363196127,-0.15644287915474356,-0.07941228263262162,-0.3643363416244772,0.02907109839313229,-0.2586594761171032,-0.07064714946070878,-0.19501871010345587,-0.2340810037420207,-0.18598943429451903,-0.13140435835351089,-0.20330618534008366,-0.09685230024213075,0.196682808716707,-0.016480299361655293,-0.12050187101034558,-0.04648910411622276,-0.3611138014527845,-0.02307726172132952,0.17761831388950033,-0.08027294739159146,0.042031697116442876,0.05805635042923179,0.06024653312788906,-0.04048866387849439,-0.038003521901826987,-0.04548756328417345,0.058668280871670704,-0.254323134492626,-0.1770063834470614,-0.05222760290556901,-0.1474950473255558,0.11703499889940568,0.05127008584635703,-0.08481399955976227,-0.08018930222320053,0.4176051067576491,0.20106317411402158,0.07801012546775259,0.17771076381245873,-0.05936385648250055,0.08327756988773938,0.2883447061413163,0.456616773057451,-0.19419546555139774,0.04424389170151882,-0.23159366057671144,-0.2625930002201189,-0.0046511116002641425,-0.02058991855602025,0.1356218357913273,-0.024578472375082545,0.16734536649790888,0.038745322474136035,,0.10117763592339864,-0.018071758749724852,0.22074840413823466,0.14510235527184678,-0.12132071318511997,0.19020250935505173,-0.0887211093990755,-0.3261765353290777,0.1054061193044244,-0.42039841514417786,0.1396169931763152,0.11174114021571649,0.40776359233986353,0.14968082764692933,0.4572397094430993,0.4790248734316531,0.09829407880255338,0.3109685230024213,0.3349108518600044,-0.08157825225621836,0.4946004842615012,0.3394849218578032,0.290363196125908,0.10773277569887739,0.239768875192604,-0.07145938806955757,-0.16619854721549637,-0.0587871450583315
#13,0.34545454545454546,0.3412965001100594,0.5747281532027295,1.0,-0.24397094430992736,0.057301342725071536,0.22440237728373322,-0.09809377063614352,0.03765793528505393,0.6395443539511336,0.33678626458287475,-0.17157384987893462,-0.006015848558221439,0.14837332159366057,-0.16864406779661018,-0.05240810037420207,0.3572595201408761,0.20136033458067357,-0.050957517059211976,0.07378824565265243,0.0712788906009245,0.08329297820823245,0.09307946290997138,0.11405458947831829,0.04633061853400836,0.21360774818401937,0.16107197886858904,0.27661457186880917,-0.2194673123486683,-0.21333920316971164,-0.2053070658155404,-0.16910851860004403,0.010063834470614132,-0.09032577591899625,-0.19082764692934184,-0.12682808716707022,0.11420427030596522,0.06439577371780762,0.1985626238168611,0.1340215716486903,-0.24103235747303545,0.009810697776799472,-0.07058331499009465,-0.0675148580233326,0.014512436715826546,-0.009205370900286154,0.07688311688311689,0.22515078142196787,0.09333259960378605,0.17289896544133831,0.16613471274488223,0.12149680827646929,0.1630574510235527,0.08747083425049526,0.09265903587937487,0.21283513097072418,-0.19699537750385207,0.06280431432973806,-0.06228043143297381,-0.11230464450803433,0.06050407219898745,-0.020334580673563724,0.03742020691173233,-0.11298701298701298,0.26280871670702177,0.268432753686991,0.11921417565485362,0.13722870349988994,-0.07811798371120406,0.00857803213735417,0.1929716046665199,0.3858925819942769,0.025331278890600925,0.19219898745322475,-0.20668721109399074,-0.25273167510455646,-0.12053709002861546,-0.11109178956636584,0.03915034118423949,0.06231785163988554,-0.0649900946511116,-0.20333920316971166,,-0.26604666519920755,-0.21076601364736958,-0.028538410741800573,0.03266563944530046,-0.34149240589918556,-0.12197226502311248,-0.2885186000440238,-0.3535571208452564,0.02008364516839093,-0.25078802553378826,0.018379925159586176,-0.029027074620294958,0.17624477217697557,0.12078362315650451,0.07083645168390931,0.25382126348228046,-0.020796830288355713,0.12610609729253797,0.10015628439357253,-0.10157825225621836,0.09714946070878275,0.25563944530046223,0.08101694915254237,0.12923618754127228,0.01724851419766674,-0.05327536869909751,-0.1240083645168391,-0.16509355051727934
#17,0.18631741140215716,0.05206911732335461,-0.030495267444419986,-0.24397094430992736,1.0,0.2151948051948052,-0.02915694475016509,0.005020911292097733,0.10661457186880915,-0.07779440898084966,-0.16309487123046446,0.5339665419326436,0.2705480959718248,0.06255558001320713,-0.10841294298921418,-0.2076931543033238,-0.020607528065155183,-0.22229583975346687,-0.2337574290116663,-0.13525203609949374,-0.10059432093330399,-0.06756328417345367,0.21441118203830067,-0.220099053488884,0.16875192604006164,-0.1758287475236628,-0.03580233325996038,-0.259636803874092,0.003926920537090028,-0.02071318511996478,-0.06092890160686771,0.029795289456306405,-0.029258199427690954,0.16976667400396214,0.17401056570548096,0.028879594981289898,-0.22886858903808055,-0.2254105216817081,-0.1412326656394453,-0.14066255778120185,0.4894078802553379,-0.04038520801232666,0.31390710983931325,0.18800352190182698,-0.02569887739379265,0.04618754127228703,-0.3634690732995818,-0.27029936165529383,-0.07952234206471495,-0.16560202509355051,-0.07837332159366057,-0.129801893022232,-0.0774686330618534,0.032703059652212194,-0.02805414924058992,0.08118423948932424,0.26113141096191944,0.10347787805414924,-0.0014351749944970283,0.17199427690953115,0.09213735417125248,0.043392031697116445,-0.047827426810477656,0.2385626238168611,-0.35218578032137354,-0.14392692053709003,0.04389390270746203,-0.03985031917235307,-0.059731454985692274,-0.029093110279550957,-0.24118423948932424,-0.22322914373761832,-0.05651111600264143,0.06730574510235528,0.10242130750605327,0.18991855602025093,0.19748624257098835,0.028476777459828306,0.18930882676645389,-0.14081443979749064,0.5417587497248514,0.5398767334360555,,0.46452564384767775,0.6060048426150121,0.006867708562623817,0.09496808276469293,0.5915364296720229,0.41992515958617654,0.5852520360994937,0.5579903147699757,0.0237574290116663,0.0952278230244332,-0.060255337882456524,0.16910851860004403,0.042209993396434074,-0.04270085846357033,-0.08845476557340964,-0.2064208672683249,-0.08472815320272947,-0.21580893682588598,-0.1976997578692494,-0.050281752146158924,-0.08470173893902708,-0.102392692053709,-0.07833810257539071,0.07926260180497469,0.07052168170812238,0.0474290116662998,0.004142637023992956,0.17860224521241472
#18,0.14768875192604006,0.23620515078142196,0.08906009244992295,0.057301342725071536,0.2151948051948052,1.0,0.3466233766233766,0.14345586616773057,0.3218908210433634,0.19697116442879153,0.305775918996258,0.2194122826326216,0.552227602905569,0.42664098613251156,-0.19442218798151,-0.2896610169491525,0.15917015188201628,0.11162447721769755,-0.25294078802553377,-0.08117763592339863,-0.023431653092670042,-0.1735461149020471,0.14256218357913272,-0.036671802773497686,0.15642306845696677,-0.06155403918115782,0.15828527404798592,-0.0539093110279551,0.2601012546775259,0.3665727492846137,0.1112987012987013,-0.06556900726392252,-0.03441778560422628,0.24979749064494827,-0.022573189522342066,0.025095751705921196,-0.07366277790006603,-0.12438696896324015,-0.10282632621615673,-0.06669381465991636,-0.014864626898525204,-0.011584855822143957,0.0713713405238829,-0.08917895663658376,-0.011562843935725292,-0.06545014307726173,0.0361567246313009,-0.09409200968523003,-0.08881576051067576,-0.08546555139775479,0.16156064274708343,-0.0005811138014527845,-0.06591679506933744,0.1918842174774378,-0.0788201628879595,0.10987673343605547,0.1721549636803874,0.02684569667620515,-0.17967422408100375,-0.14366718027734976,0.14051948051948052,0.22274047985912393,0.2018401937046005,0.34511336121505615,-0.1456174334140436,-0.056260180497468636,0.49992295839753464,0.4795575610829848,0.054732555580013206,-0.02757208892802113,0.05139335241030156,0.058012326656394456,-0.10994937266123707,0.08049526744441998,0.06710103455866168,0.09456526524323135,0.06860664758969844,0.10705921197446622,0.3593880695575611,0.027686550737398195,0.14450583314990095,0.3764450803433854,,0.1663878494386969,0.2747831829187761,-0.04963680387409201,0.1211534228483381,0.011866607968302884,0.2812854941668501,0.23336561743341405,0.06860004402377284,-0.006801672903367819,0.015414924058991855,-0.0501584855822144,-0.10651551837992516,0.06394673123486683,-0.024954875632841735,0.07359674224081003,0.04082324455205811,-0.013598943429451903,-0.06918996257979308,0.15255778120184899,-0.12531587057010785,0.0007197886858903808,0.3491217257318952,0.09462909971384548,0.3629561963460268,0.19379925159586175,0.09847897864847018,-0.14736297600704382,0.04579572969403478
#26,0.13349768875192605,0.1650759410081444,0.24936605767114242,0.22440237728373322,-0.02915694475016509,0.3466233766233766,1.0,-0.04696235967422408,0.16266784063394232,0.40030816640986133,0.4680211314109619,0.21616773057451025,0.35051067576491307,0.6266563944530046,-0.06989214175654854,-0.2475808936825886,0.10592339863526304,0.1489852520360995,-0.1571472595201409,-0.09674884437596303,-0.08633061853400836,-0.09631741140215716,0.12384107418005723,0.15795949812898966,-0.021587057010785823,-0.06958837772397095,0.28322254017169274,0.2915892581994277,-0.20701518820162887,-0.09838872991415365,-0.11600924499229584,-0.14612370680167291,-0.018872991415364297,-0.005606427470834251,-0.2006075280651552,-0.04083425049526745,-0.16521681708122385,-0.1824521241470394,-0.2474884437596302,-0.1688465771516619,-0.29110499669821704,-0.06967422408100374,-0.019275808936825886,-0.35541712524763375,0.027959498128989655,-0.04681488003521902,0.23618754127228703,0.16502091129209773,0.20891481399955977,0.23446180937706362,0.36589698437156065,0.3675478758529606,0.112227602905569,0.23279330838652873,-0.24237068016729033,-0.1283579132731675,-0.060255337882456524,-0.17931763152102134,-0.2515034118423949,-0.0350759410081444,0.020281752146158925,0.13008364516839094,0.15239049086506715,0.2600066035659256,0.06378164208672683,0.04011005943209333,0.4027426810477658,0.6309641206251376,-0.023171912832929784,0.01666519920757209,0.25109619194364957,0.27337222099933967,-0.01562623816861105,0.21689852520360994,-0.19955535989434295,-0.15128769535549197,-0.10784063394232886,0.0021373541712524763,0.4245916795069337,0.06998899405679067,0.008690292758089368,0.2170283953334801,,0.035544794188861986,0.059053488883997356,-0.004959278010125467,-0.039665419326436274,-0.28991855602025096,0.13014087607307948,0.028573629760070437,-0.20875852960598723,0.0003499889940567907,0.14952674444199868,-0.12389390270746203,-0.1847655734096412,0.06666519920757209,0.07457847237508254,0.04191943649570768,0.03469293418445961,0.164455205811138,0.13529165749504732,0.13042482940788025,-0.09598062953995157,0.02734536649790887,0.24436055469953774,0.26417565485362093,0.2725445740699978,0.03783403037640326,-0.04065155183799252,-0.33801232665639447,-0.2621373541712525
#49,0.43974025974025976,0.21658155403918117,0.17474136033458068,-0.09809377063614352,0.005020911292097733,0.14345586616773057,-0.04696235967422408,1.0,0.24580233325996037,0.0747127448822364,0.29947611710323574,0.010990534888839974,0.06951133612150562,-0.08154743561523223,-0.14723530706581553,-0.02941668500990535,0.14036099493726611,0.05084745762711865,-0.0935329077701959,-0.11949152542372882,-0.08819062293638565,-0.07744662117543473,-0.041703720008804755,-0.20474136033458068,-0.006922738278670482,-0.25640986132511556,-0.02482060312568787,-0.1755227823024433,0.010757208892802112,0.12537750385208013,0.21254017169271405,-0.14093990755007704,0.02611930442438917,-0.1761831388950033,-0.07747083425049527,0.002469733656174334,-0.1657803213735417,-0.07834910851860004,-0.11710543693594541,-0.29871230464450804,-0.009132731675104557,-0.16208892802113142,-0.09047325555800131,0.029498128989654412,0.09947391591459388,0.0975346687211094,-0.020880475456746643,0.09935505172793309,-0.2004798591239269,-0.13471714725952014,-0.16421087387189082,-0.18296720228923619,-0.256469293418446,-0.29913933524103015,-0.05675324675324675,-0.12335901386748845,-0.0043077261721329516,-0.08184239489324235,0.09039841514417786,0.0017983711204050186,0.17237508254457407,-1.5408320493066255e-05,-0.09623156504512437,0.06933524103015629,0.10444640105657055,-0.18543033237948492,-0.02667840633942329,0.039841514417785606,-0.055318071758749726,-0.06201188641866608,-0.05149900946511116,-0.05154303323794849,-0.07293638564825006,-0.41664979088707904,0.01084305524983491,-0.05128989654413383,-0.05527404798591239,-0.09771736737838432,0.036121505613031034,-0.01218578032137354,-0.09483821263482281,-0.05263482280431433,,0.17232445520581113,0.09034778780541493,0.251023552718468,0.14374202069117323,0.023028835571208453,-0.10910191503411842,-0.07671142416905129,0.015888179616993178,0.10583535108958837,-0.022443319392471933,0.13925159586176536,0.11374642306845696,0.10003521901826987,-0.18830288355712085,0.29420427030596524,0.08781201848998459,-0.24744662117543473,-0.1415628439357253,0.16167510455646047,0.12734536649790887,-0.014739159145938806,-0.06622716266784064,-0.10457627118644068,-0.03335461149020471,0.19786264582874752,0.2380013207131851,0.032971604666519924,0.08686770856262381
#50,0.24440017609509135,0.5223706801672904,0.19069337442218798,0.03765793528505393,0.10661457186880915,0.3218908210433634,0.16266784063394232,0.24580233325996037,1.0,0.26713625357693155,0.18842615012106537,0.25164208672683247,0.21531366938146598,0.06042482940788026,0.041100594320933305,-0.08608408540611931,0.35289676425269645,0.3947875852960599,-0.0886616773057451,-0.1895641646489104,0.09410521681708123,0.006640986132511556,0.27156724631300905,0.048120184899845916,0.29285053929121724,0.07783403037640325,0.053675985031917235,-0.1566916134712745,0.2032291437376183,0.18078802553378825,0.23185560202509356,-0.05048426150121065,0.40247413603345805,0.11137574290116663,-0.07501871010345587,-0.005657054809597183,-0.07619194364957077,-0.0862029495927801,-0.03543693594541052,-0.02885758309487123,0.15265243231344927,0.10393792648029936,0.05636583755227823,0.12453664979088708,-0.10576491305304865,-0.3556240369799692,-0.019075500770416025,-0.07930442438917015,-0.11110939907550077,-0.09270305965221219,0.06150781421967862,0.019614791987673342,0.09230244331939247,0.17405238828967642,0.0499405679066696,0.11420206911732335,-0.14638344706141315,-0.3065331278890601,-0.13449702839533348,-0.27180937706361435,-0.1703499889940568,-0.2388201628879595,-0.012436715826546336,0.19566585956416466,-0.0006251375742901167,-0.08184239489324235,0.17412942989214175,0.2100396213955536,-0.003037640325775919,-0.05571648690292758,0.03924719348448162,0.15327096632181378,0.02982390490865067,0.03171912832929782,-0.02266123706801673,0.09521681708122386,-0.08392031697116444,-0.19072419106317412,0.42570327977107636,0.16799911952454324,0.12305745102355271,0.026403257759189964,,0.09960598723310587,0.07951573849878935,-0.18445960818842175,-0.17077701959057892,0.06294519040281753,0.1708166409861325,0.030308166409861326,0.04619194364957077,-0.14395333480079242,-0.27406559542152764,-0.11930442438917015,-0.22195465551397756,0.33867268324895444,0.15271406559542153,0.3130002201188642,0.17538850979528944,0.014818401937046005,0.1063152102135153,0.3264891041162228,0.19418225841954656,0.1335725291657495,0.2294915254237288,0.3459652212194585,0.33402377283733214,-0.24178736517719568,-0.16178076161127009,-0.02073959938366718,0.027983711204050188
#51,0.4337112040501871,0.46546335020911295,0.5117543473475676,0.6395443539511336,-0.07779440898084966,0.19697116442879153,0.40030816640986133,0.0747127448822364,0.26713625357693155,1.0,0.5921483601144618,0.12140215716486903,0.11205150781421967,0.1662095531587057,-0.1823860884877834,-0.21336561743341403,0.559456306405459,0.1800066035659256,-0.16095971824785385,-0.13640325775918996,-0.03855161787365177,-0.04607307946290997,0.17055910191503412,0.13022452124147038,0.014761171032357473,0.04946070878274268,0.25561963460268544,0.25937266123706804,-0.15763152102135153,-0.11853400836451684,-0.11873651771956857,-0.2869601584855822,0.15064054589478318,-0.1530640545894783,-0.2674620294959278,-0.08309927360774819,-0.1421175434734757,-0.11898305084745762,0.09219238388729914,-0.057219898745322476,-0.2559211974466212,0.027519260400616332,-0.11930002201188641,-0.047420206911732335,0.18280871670702178,-0.0635923398635263,0.20338322694254898,0.2858463570327977,0.043130090248734314,0.19368038740920096,0.32517059211974464,0.24042703059652212,0.17398855381906228,0.09426810477657935,-0.1345366497908871,-0.0021131410961919435,-0.2608122386088488,-0.19503852080123266,-0.05294959278010126,-0.05554039181157825,0.06930002201188643,0.08745762711864406,-0.07652652432313449,-0.09768875192604007,0.3263878494386969,0.04650231124807396,0.017422408100374202,0.15593440457847238,-0.20414703940127668,-0.12905348888399737,0.03136253576931543,0.21565705480959718,-0.07223860884877834,0.09747963900506273,-0.28700418225841956,-0.2703852080123267,-0.2410939907550077,-0.1718666079683029,0.14728593440457846,-0.026145718688091568,-0.06354391371340525,0.011318511996478098,,-0.17709002861545234,-0.05196786264582875,0.06207131851199648,0.13150781421967864,-0.2503940127668941,-0.007675544794188862,-0.2668677085626238,-0.22659476117103236,0.03694475016508915,-0.06369359454105217,0.06938146599163549,0.04152322254017169,0.2699691833590139,0.09234646709222981,0.17674664318732114,0.30310587717367377,-0.1677261721329518,-0.01023992956196346,0.18466651992075722,-0.06443319392471934,0.22441998679286815,0.36756988773937926,0.21496588157605107,0.26192163768434956,-0.006799471714725952,0.011637684349548757,-0.12012987012987013,-0.13403918115782523
#52,0.36308166409861325,0.36375963020030816,0.39992295839753467,0.33678626458287475,-0.16309487123046446,0.305775918996258,0.4680211314109619,0.29947611710323574,0.18842615012106537,0.5921483601144618,1.0,-0.0028153202729473917,0.2996566145718688,0.3718622055910191,-0.2998657274928461,-0.19527624917455427,0.2957340964120625,0.1761501210653753,-0.10442659035879374,-0.03700638344706141,-0.2214307726172133,-0.09123486682808717,-0.10829407880255337,0.0448646268985252,-0.1659718247853841,-0.11050187101034559,0.09185780321373542,0.22158485582214396,-0.18252696456086287,-0.11978648470173894,0.00913713405238829,-0.39415144177856043,-0.06136033458067356,-0.28524763372221,-0.25367598503191724,-0.24376183138895002,-0.28039841514417785,-0.16884217477437816,-0.08082544574069998,-0.2067840633942329,-0.31654193264362757,-0.03485362095531587,-0.22550077041602465,-0.30685890380805636,0.15646929341844595,0.06439577371780762,0.15172573189522343,0.2712436715826546,0.05408100374202069,0.16527624917455425,0.17006383447061413,0.13094210873871892,-0.07175214615892582,-0.08182478538410742,-0.30526304204270305,-0.12828087167070218,-0.19191503411842395,-0.13225621835791326,0.00362095531587057,-0.004791987673343606,0.15281972265023114,0.08937706361435176,-0.006960158485582214,0.11298921417565486,0.2641800572309047,-0.02048646268985252,0.20261281091789565,0.3636539731454986,-0.16336341624477219,-0.14436055469953776,0.12919216376843495,0.16639885538190624,-0.12822364076601364,-0.04668060752806515,-0.22552058111380147,-0.2945630640545895,-0.2282852740479859,-0.20968523002421308,0.03057010785824345,-0.006412062513757429,-0.10504292317851639,0.05681047765793529,,0.0020977327756988772,-0.03971824785384107,0.29715386308606645,0.15961919436495708,-0.37222980409421086,-0.006066475896984371,-0.27848778340303765,-0.3393154303323795,0.16798151001540831,0.07180717587497248,0.18784503631961258,0.01801452784503632,0.13881135813339204,0.023909311027955096,0.10767334360554699,0.10441118203830069,-0.2271714725952014,-0.07235527184679727,0.2620779220779221,-0.2080629539951574,0.2299075500770416,0.1763218137794409,0.08525203609949372,0.11533788245652653,0.09818842174774378,-0.06464230684569668,-0.2133215936605767,-0.29668721109399077
#53,0.2031454985692274,0.010301562843935725,0.08219238388729914,-0.17157384987893462,0.5339665419326436,0.2194122826326216,0.21616773057451025,0.010990534888839974,0.25164208672683247,0.12140215716486903,-0.0028153202729473917,1.0,0.46644948272066916,0.2940171692714066,-0.17337662337662338,-0.31685890380805637,0.26725952014087606,0.017204490424829407,-0.2985670261941448,-0.2158199427690953,-0.01857803213735417,0.0897094430992736,0.32072859344045784,-0.024635703279771076,0.20262601804974686,-0.16768875192604007,-0.014719348448162008,-0.17585296059872332,-0.027655734096412064,-0.1048051948051948,-0.11815320272947391,-0.12728153202729475,0.14209993396434076,0.027142857142857142,-0.10947391591459388,0.08501210653753026,-0.3886352630420427,-0.22234426590358794,-0.22010345586616772,-0.11248954435395113,0.2894475016508915,0.09435174994497028,0.18167070217917675,0.11930442438917015,0.08076161127008584,-0.03850319172353071,-0.16253356812678846,-0.25055249834910853,-0.1483116883116883,-0.1863878494386969,-0.036453885097952894,0.019029275808936826,-0.04194805194805195,0.30095971824785384,-0.14046004842615012,0.07865287255117763,0.210033017829628,-0.09782522562183579,-0.19589258199427692,0.08447721769755669,0.11759189962579793,0.08176975566806076,-0.07548756328417346,0.09381465991635483,-0.3202663438256659,-0.28489544353951135,0.10191283292978208,0.19064935064935065,-0.15683909311027955,-0.1369601584855822,-0.17571208452564385,-0.1283865287255118,-0.17958177415804535,0.09917675544794188,-0.08567026194144839,0.05075941008144398,0.16218578032137354,0.049815100154083206,0.3481443979749064,-0.06099273607748184,0.5548426150121065,0.5368434954875633,,0.6135395113361215,0.42066475896984373,0.04443099273607748,0.10482500550297161,0.38701738939027075,0.39067136253576934,0.4523376623376623,0.30638564825005504,0.05060092449922959,0.21657054809597182,-0.1034404578472375,0.12071098393132292,0.21864406779661016,-0.028192824125027514,0.056784063394232885,0.12834690732995818,0.04240369799691834,-0.03918556020250936,0.11559101915034119,-0.014169051287695356,0.2020823244552058,0.03763152102135153,0.16304424389170152,0.06616552938586837,0.2047721769755668,0.007937486242570988,-0.1227690953114682,0.14777459828307285
#54,0.11898305084745762,0.0448778340303764,0.13193264362755888,-0.006015848558221439,0.2705480959718248,0.552227602905569,0.35051067576491307,0.06951133612150562,0.21531366938146598,0.11205150781421967,0.2996566145718688,0.46644948272066916,1.0,0.6026326216156724,-0.20860224521241472,-0.2423794849218578,0.19510015408320494,0.07060312568787146,-0.17097952894563065,-0.14527845036319612,-0.13995157384987894,-0.030264142637023993,0.3509311027955096,0.22742020691173234,0.21564384767774597,0.14324455205811137,0.03296940347787805,-0.07930222320052828,0.097178076161127,0.08425049526744442,-0.13004402377283733,-0.11466651992075722,-0.0949108518600044,0.19623156504512437,0.04658595641646489,0.05550297160466652,-0.12670261941448382,0.03438696896324015,-0.1601915034118424,0.08813339203169712,0.11594541052168171,0.15873651771956857,0.13773497688751926,-0.1075016508914814,-0.010277349768875193,0.05787365177195686,-0.03506713625357693,-0.14879154743561523,-0.05830948712304645,-0.09554919656614572,0.11798811358133392,0.1510939907550077,0.04400616332819723,0.37891261281091787,-0.0161567246313009,0.22391811578252258,0.04568787145058331,0.10079242791107199,-0.3720471054369359,-0.15248954435395112,-0.07843275368699097,0.027851639885538192,0.4000132071318512,0.4475985031917235,-0.2291767554479419,-0.18386088487783403,0.6006845696676205,0.5380717587497249,-0.01902707462029496,-0.03328637464230685,-0.032942989214175655,-0.03823464670922298,-0.18714946070878274,0.04050187101034559,-0.03836451683909311,0.0985362095531587,0.006357032797710764,-0.06339643407440018,0.4538674884437596,0.2700968523002421,0.34401056570548094,0.4584129429892142,,0.4393682588597843,0.2506669601584856,-0.17011666299801892,-0.20166629980189302,0.03334140435835351,0.38275808936825884,0.3412722870349989,0.07418005723090469,-0.04834690732995818,0.1347589698437156,-0.3225974025974026,-0.2745476557340964,0.12159806295399515,0.21351529826106097,0.04082324455205811,0.1588069557561083,0.10778340303764032,0.130363196125908,0.12145278450363196,-0.33725071538630863,0.2108452564384768,0.15263922518159806,0.24464450803433854,0.2852256218357913,0.13486682808716707,-0.05384767774598283,-0.362623816861105,-0.09179396874312129
#58,0.19476337222099935,0.09423948932423509,0.23927360774818401,0.14837332159366057,0.06255558001320713,0.42664098613251156,0.6266563944530046,-0.08154743561523223,0.06042482940788026,0.1662095531587057,0.3718622055910191,0.2940171692714066,0.6026326216156724,1.0,-0.31683248954435395,-0.30086726832489546,0.11306405458947832,0.011437376183138896,-0.20124367158265463,0.011686110499669822,0.001824785384107418,0.006676205150781422,0.14936825885978428,0.08571428571428572,0.05839533348007924,-0.0414373761831389,0.14342504952674445,0.14374642306845697,-0.17550737398195027,-0.06040501871010345,-0.05061193044243892,-0.13495927801012547,-0.31500110059432096,-0.05810697776799472,-0.15827426810477657,-0.01803213735417125,-0.2316596962359674,-0.12375963020030817,-0.3404424389170152,-0.10213075060532688,-0.26213075060532687,0.0238036539731455,-0.010935505172793309,-0.371534228483381,-0.047402597402597405,-0.007250715386308606,-0.0028329297820823243,0.06799251595861765,0.15784723750825447,0.14875632841734537,0.18350209112920976,0.1710675764913053,-0.06582654633502091,0.11876293198327097,-0.10082324455205811,0.049465111160026415,0.09494166850099053,0.11681928241250275,-0.3671714725952014,-0.13139335241030156,0.13291877613911512,0.14432533568126787,0.38727492846136913,0.42892581994276907,-0.12846136913933523,-0.04419326436275589,0.7287211093990755,0.7936781862205591,0.04516618974246093,-0.012936385648250054,0.2377459828307286,0.19620735197006384,-0.07121065375302664,0.26039181157825225,-0.0013229143737618313,0.0796566145718688,0.1544618093770636,0.0961567246313009,0.43946290997138454,0.09766894122826326,0.09567906669601585,0.24795509575170593,,0.24810477657935284,0.1546467092229804,0.05522562183579133,0.0325313669381466,-0.3173277569887739,0.2762579793088268,0.10493286374642306,-0.2295839753466872,0.10758969843715606,0.09288355712084526,-0.1481223860884878,-0.2050297160466652,-0.035441338322694256,0.051195245432533565,-0.04602905569007264,-0.046942548976447285,0.08081003742020691,0.04660576711424169,-0.0028043143297380585,-0.31428131190843056,0.15880255337882457,0.22424829407880256,0.07112920977327757,0.14227162667840634,0.2790028615452344,-0.01842835130970724,-0.4565067136253577,-0.3245366497908871
#101,-0.4046797270526084,-0.26165749504732555,-0.2774620294959278,-0.16864406779661018,-0.10841294298921418,-0.19442218798151,-0.06989214175654854,-0.14723530706581553,0.041100594320933305,-0.1823860884877834,-0.2998657274928461,-0.17337662337662338,-0.20860224521241472,-0.31683248954435395,1.0,0.7382214395773717,-0.12696456086286595,0.044437596302003085,0.6221989874532248,0.32659476117103237,0.5203609949372662,0.4085494166850099,0.2324653312788906,0.30085406119304425,0.12737838432753687,0.32547215496368037,-0.33386528725511777,-0.47950253136693816,0.09703940127668942,0.1402905569007264,-0.1356900726392252,0.14260620735197008,0.07668941228263262,0.12579572969403477,0.08255998239049087,0.11435615232225402,0.4324719348448162,0.32299801893022234,0.20801012546775258,0.39363416244772176,0.1559718247853841,0.11298261060972925,0.14201188641866608,0.18165969623596742,-0.2335263042042703,0.01891701518820163,0.08211534228483382,-0.3738762931983271,-0.3845806735637244,-0.450231124807396,-0.2014439797490645,-0.14465771516618975,-0.01481399955976227,0.27813779440898084,0.38488883997358575,0.3620184899845917,-0.311996478098173,0.11718467972705261,-0.22203169711644288,-0.4025005502971605,-0.6001342725071539,-0.3052542372881356,0.025773717807616114,-0.19482720669161346,-0.32995597622716266,-0.2048316090688972,-0.15388729914153643,-0.14657715166189741,0.48412942989214175,0.4986880915694475,0.12059652212194585,0.045760510675764914,0.5799647809817301,-0.08423288575830949,0.155346687211094,0.1428021131410962,0.014527845036319613,-0.33576271186440676,0.065115562403698,0.39679947171472596,-0.08082764692934184,-0.06394673123486683,,-0.24664758969843717,0.12761611270085846,-0.5894629099713845,-0.5966938146599163,0.04747303543913713,-0.06358133392031697,-0.08184019370460048,0.045747303543913716,-0.5233480079242792,-0.12060752806515518,-0.37296279991195247,-0.3159101915034118,0.0012656834690732996,0.291666299801893,-0.07062293638564825,-0.0022033898305084745,-0.02441778560422628,-0.09087827426810478,-0.2700154083204931,-0.050314769975786926,-0.04878494386968963,-0.2250099053488884,0.011679506933744222,-0.16387409200968522,-0.5968523002421308,-0.43604886638784945,-0.09574730354391371,-0.07508474576271186
#102,-0.25561963460268544,-0.06766233766233766,-0.22256658595641646,-0.05240810037420207,-0.2076931543033238,-0.2896610169491525,-0.2475808936825886,-0.02941668500990535,-0.08608408540611931,-0.21336561743341403,-0.19527624917455427,-0.31685890380805637,-0.2423794849218578,-0.30086726832489546,0.7382214395773717,1.0,-0.23977988113581333,0.0801254677525864,0.7257340964120625,0.6895135373101475,0.31579793088267666,0.5757935285053929,-0.01513317191283293,0.33918556020250934,-0.039522342064714944,0.4830838652872551,-0.5227756988773938,-0.47939467312348666,0.13393572529165748,0.28339203169711646,-0.15441778560422628,0.09619854721549637,-0.14457627118644067,-0.008780541492405898,0.14298921417565486,0.24676645388509796,0.43174994497028396,0.6201760950913493,0.202392692053709,0.37112920977327757,0.07840854061193044,0.2536847897864847,0.12303543913713405,0.30849438696896325,-0.26254017169271404,0.21333039841514417,0.002465331278890601,-0.34921857803213735,-0.41330398415144176,-0.5206383447061413,-0.33741140215716486,-0.3069205370900286,-0.17765573409641205,0.031754347347567685,0.2138300682368479,0.43191503411842397,-0.46197446621175436,0.33173013427250714,-0.08521241470394013,-0.4386418666079683,-0.38337882456526523,-0.3722672243011226,0.17004842615012106,-0.11583755227823024,-0.22585516178736517,-0.1139753466872111,-0.023543913713405237,-0.07591239269205372,0.5417147259520141,0.6120316971164429,0.14456526524323135,0.14159806295399516,0.518102575390711,-0.15671362535769315,0.010807836231565044,-0.026874312128549415,-0.1213449262601805,-0.4421901826986573,-0.11692934184459608,0.6002575390710984,-0.22925599823904907,-0.2550385208012327,,-0.4299867928681488,-0.04364957076821484,-0.3908210433634162,-0.4591899625797931,-0.14176755447941888,-0.054884437596302,-0.29903367818622056,-0.15175654853620954,-0.3650297160466652,-0.12149900946511116,-0.10038740920096852,-0.09279771076381246,-0.2522364076601365,0.3853378824565265,-0.0848051948051948,-0.016539731454985693,-0.15565705480959718,-0.1788531807175875,-0.33453004622496146,-0.1995245432533568,-0.047569887739379264,-0.41267884657715165,-0.21799251595861766,-0.4322738278670482,-0.46858683689192165,-0.3315694475016509,-0.01303764032577592,-0.13680607528065156
#201,0.35702399295619636,0.2793088267664539,0.7075566806075281,0.3572595201408761,-0.020607528065155183,0.15917015188201628,0.10592339863526304,0.14036099493726611,0.35289676425269645,0.559456306405459,0.2957340964120625,0.26725952014087606,0.19510015408320494,0.11306405458947832,-0.12696456086286595,-0.23977988113581333,1.0,0.48946951353731016,-0.12657495047325557,-0.40265243231344927,-0.014069997798811358,-0.050160686770856264,0.20504072198987452,0.06725952014087608,0.2853400836451684,0.03519920757208893,0.018569227382786706,-0.0750297160466652,-0.04837552278230244,-0.14373321593660576,-0.1941140215716487,-0.36845696676205153,0.22863086066475896,-0.13200088047545674,-0.18573189522342065,-0.15846136913933523,-0.20312788906009244,-0.17165749504732555,-0.05808936825885978,-0.0012304644508034338,0.15238168611049968,0.24063834470614132,0.037642526964560864,0.030633942328857584,-0.011318511996478098,-0.37202069117323355,-0.0374224081003742,-0.014334140435835351,-0.2044441998679287,-0.07448822364076602,0.024461809377063614,0.044869029275808936,0.06676645388509796,0.24588157605106759,0.09811358133392031,0.10669381465991636,-0.15157164869029277,-0.27850099053488886,-0.11534228483381026,-0.1740611930442439,-0.12808716707021792,-0.09225401716927141,-0.1436649790887079,-0.1061831388950033,0.21737838432753687,-0.05732115342284834,-0.008745322474136034,0.06171912832929782,-0.10300902487343165,-0.03171032357473035,0.06732335461149021,0.2200792427911072,-0.17191503411842396,-0.07404578472375083,-0.14686770856262382,-0.14350869469513539,-0.007484041382346467,-0.10187541272287035,0.20827646929341845,0.00847457627118644,0.30203389830508476,0.20232885758309488,,0.24553378824565264,0.021377944089808497,-0.026889720449042483,-0.026026854501430774,0.07203830068236848,0.28166409861325115,0.04926040061633282,-0.07513537310147479,-0.09259960378604447,-0.3255976227162668,-0.03178736517719569,-0.05772397094430993,0.6155866167730575,0.1672837332159366,0.5192581994276909,0.5891173233546115,0.07319172353070658,0.2576799471714726,0.42145278450363194,-0.13037200088047546,0.5942460928901607,0.43163768434954874,0.4513515298261061,0.23044023772837333,0.020893682588597844,-0.10492846136913933,-0.15000440237728374,0.07246973365617433
