,#10,#11,#12,#13,#17,#18,#26,#49,#50,#51,#52,#53,#54,#58,#101,#102,#201,#202,#301,#302,#401,#402,#501,#502,#601,#602,#701,#702,#801,#802,#901,#902,#1001,#1002,#1101,#1102,#1201,#1202,#1301,#1302,#1401,#1402,#1501,#1502,#1601,#1602,#1701,#1702,#1801,#1802,#1901,#1902,#2001,#2002,#2101,#2102,#2201,#2202,#2301,#2302,#2401,#2402,#2501,#2502,#2601,#2602,#2701,#2702,#2801,#2802,#2901,#2902,#3001,#3002,#3101,#3102,#3201,#3202,#3301,#3302,#3401,#3402,#3455,#3501,#3502,#3601,#3602,#3701,#3702,#3801,#3802,#3901,#3902,#4001,#4002,#4101,#4102,#4201,#4202,#4301,#4302,#4401,#4402,#4501,#4502,#4601,#4602,#4701,#4702,#4801,#4802
#10,1.0,0.502138615126879,0.5623348108113043,0.6637439687401572,-0.01498993458622248,0.2831489909479748,0.2521913387228565,0.6839313999826537,0.2835196538045438,0.5329885377532901,0.5417210259874833,-0.0370881967617213,0.19217682261591204,0.07061583898989807,-0.3998767500353773,-0.06191165259943305,0.5165798591298553,0.2721468774393222,-0.26062254926574974,-0.19882136515312668,-0.3105953886253977,-0.09746515906092657,-0.04611648491100896,0.027272934764250207,0.12161484842536759,0.17328397248330418,0.18231043470719005,0.26401420569962614,-0.2716538775808314,-0.1939580128453852,0.29849132913674814,-0.13797331410025243,0.11050591828070865,-0.1572733455974656,-0.26538547567639126,-0.3997827148771837,-0.37475384243176746,-0.1598615948545422,-0.25722085024216335,0.017672219001492694,-0.2945911524784655,-0.2542902399722459,-0.2153094715315406,-0.3071188266603368,-0.4266722053070522,-0.24342415790602875,0.21713996174686284,0.08042288432306098,-0.09384343602642115,-0.14106917061903437,0.10720099330341859,0.20324375647632917,-0.10964316852834978,-0.008304308727466939,-0.43578448602482345,-0.17754111755764218,-0.15084152336956275,-0.23848320376871002,-0.1430302145005866,-0.17262755230135074,0.2297151099891814,0.2672670918029644,0.013493588719432868,0.038493246358420025,0.42297835821917495,0.29674574445261037,0.026850233033729406,0.03813445201696285,-0.05387301601793059,0.09340430096728398,0.1906905193388324,0.2156819603135114,0.25738335760292513,0.3422587610183186,0.11270889727800171,0.25286601815882814,0.09973204544728326,0.11004030730324513,-0.062496861690715624,-0.14347026252242465,0.01767587085229633,-0.03702702826076041,0.07064596675902805,0.3236069330387507,0.1071608229445786,0.14685918006819831,0.05160886851967663,-0.22857390661304533,-0.12932481843454285,-0.11229897702529364,-0.27337937708554916,-0.02316642853556218,-0.1990295206489339,-0.07076739079824894,-0.14859746105072877,0.24150602327141923,0.1441065975249581,0.23979056635641152,0.3173494866867214,0.3385676528185441,0.3717858006911128,0.384284260066555,-0.033366960792816806,0.24210583976591638,0.26208694143800754,0.27545271537931315,0.09396759895374475,0.19762629697763698,0.1763049660606116,0.06244664874216564,-0.09309298068627406
#11,0.502138615126879,1.0,0.4607083677596352,0.4051673688871441,-0.26193173777885304,0.026890403392569397,0.48464624977746534,0.3610740093213492,0.30638297872340425,0.5171787626616514,0.42748565507356195,-0.24939584693267355,0.08449287204371266,0.06253155427335017,0.06125888426828322,0.2854268328867424,0.4900053408318003,0.2843778387433981,0.03209885560125441,0.23584839341388708,0.023926926465419256,0.19367408144540255,-0.04023883104255776,-0.05574550251749465,0.10983489069554063,0.08610242528541497,0.09691829440308217,0.11689574422436971,-0.30651718424043783,-0.3301437459772581,0.059307882976441,-0.14199308887235412,0.0050532485495305085,-0.19582776045684652,-0.38125870167574305,-0.40254351408473205,-0.3755335125783436,-0.13930441371817753,-0.1867090890001689,-0.01161105963015881,-0.3397736765464447,-0.1195944619682563,-0.337877453016657,-0.08257291148370133,-0.25394057525779784,-0.11908320285574733,0.016841422943665637,-0.020555355210962856,-0.04431520950211579,0.08337449273509931,0.04537059438436643,0.083157207612283,0.03769440399512478,0.2429357228610425,-0.135413366686904,-0.09479291723536636,-0.2423979878302072,-0.16084668160882287,-0.060200760497929856,-0.18531499495588108,-0.0430690154153752,-0.03925009243747347,0.14377062725102366,0.24352549676582963,0.373926698224744,0.2621097655055303,0.08624393450405583,0.27967699379641847,0.22162534749642804,0.20727448680084176,0.35534973318665064,0.269534891152022,0.269263741229852,0.08842135054572345,0.061454258286277715,0.0707646519101462,-0.16150218882807543,-0.12724417643917157,0.0048770467482551,0.012597972309841282,-0.08433858134725906,-0.34988382549630936,0.05994969575517992,0.037141148598374016,-0.21071087840706268,-0.11329410636928429,-0.24671447548010425,-0.36853656643857813,-0.2426554433118635,-0.4049519096897296,-0.3634787530755431,-0.23552337869236353,-0.22137793460448174,-0.1564763291595722,-0.21230399832014862,0.21098385425463442,0.17152469335865284,0.059806360611137234,0.22751213099188833,0.08451387018583356,0.19702374159503713,0.06737847325247527,-0.045236388867332826,0.05753308348587419,0.07995727334559746,0.11497304477625567,0.08960455020610134,-0.1126468158143399,-0.10781267831302752,-0.09960605659455783,-0.16979554200313146
#12,0.5623348108113043,0.4607083677596352,1.0,0.6885016912634034,-0.03211163707906713,0.3309781938858888,0.36945500691569244,0.2555263914692765,0.03643634139327238,0.6422975619331073,0.3737897538196077,-0.09810331998886186,0.2666234530988236,-0.005360916979736793,-0.2188791556920942,-0.04889554337257551,0.7206945820228514,0.6040252525483072,-0.33876759165004316,-0.20701337946838183,-0.3352764222817677,-0.0777433387958935,-0.18295133452322807,-0.06355955027457354,0.028493565895365346,0.1902979453774416,0.2956328429202025,0.3657365098348907,-0.3405907781637581,-0.2114220763510707,0.25665572633030076,-0.055813061757361906,0.3303710736897844,-0.1532197912054303,-0.32900528148922475,-0.5088835835611936,-0.46241378208493294,-0.4244883985264782,-0.08386384074278645,0.03912319062204714,-0.2377500947198802,-0.25606686538821455,-0.4024129604185021,-0.28640096408861215,-0.2976778793702383,-0.23828782975071552,0.19749756923680883,0.2531097791999708,0.20287491954516199,-0.004325617276906152,0.34743343360706996,0.5431242496587801,0.2900893334002839,0.26477470362948324,-0.38961048446365726,-0.2794569697854994,-0.18897962723732922,-0.3328178137282201,0.10944322969685073,0.15502015365162256,-0.028447004797618993,0.012094929861640503,-0.09281361409979595,0.0007796701465761617,0.44309183948289793,0.331917632505124,0.0031999342666855345,0.1476425020655781,-0.0987679568351235,0.04353006157933418,0.28572902354074325,0.21801731890243625,0.03312593863977687,0.11144809578804658,-0.1835438473161179,-0.07168309238726052,-0.05669041891293531,0.014226697768262677,0.041029456741544824,0.054207160366463225,0.016723650755248395,-0.1468874819119265,0.09078227209027376,0.05826162772119945,-0.1667590280599086,-0.007900779213665226,-0.020134479405843873,-0.352942250544354,-0.08349226492351655,-0.25224063870870556,-0.38234969210332914,-0.005861220539834845,-0.13255031565685385,0.09619887979476599,0.019912629469523022,0.2945290710148037,0.33532480930491587,0.46870318213149403,0.698251219946409,0.5086662984383773,0.6044826468614625,0.4907466665449383,0.08640005112591125,0.2815595228856925,0.48166725248439973,0.4392519183628753,0.4430060209890125,-0.10408231271711395,-0.04856870272565014,0.038615583360341814,-0.06011859385484806
#13,0.6637439687401572,0.4051673688871441,0.6885016912634034,1.0,-0.03428448830723021,0.4746420045009061,0.1704373547818704,0.2727348254187075,0.03198017045013626,0.6820013968329324,0.24353919120634326,-0.03049843198656119,0.30232212062976166,-0.01946801663418041,-0.2407692623717858,-0.14012151533549097,0.6098663879087219,0.3133041489589943,-0.22588157960806513,-0.303220475927456,-0.3324033286620075,-0.20164424582433685,-0.13253936010444292,-0.08513833667325521,0.0001698110623690469,0.1421875499276477,0.15503749994293983,0.27437085457873617,-0.20058520909128258,-0.10405035902258213,0.19244705957538105,-0.10983671662094245,0.08220133566443143,-0.20186792168605952,-0.12028740065824611,-0.2727539976354266,-0.28915263366915145,-0.3019122003770536,-0.2583602276928976,-0.011266872691916173,-0.16942670507196428,-0.20192361241081497,-0.32263645368768457,-0.3573527733524447,-0.31475393372803756,-0.2877795377669845,0.2352504028447918,0.12427065692231144,0.013466199838405602,-0.17876083572605642,0.10896483724157449,0.22350148584679572,0.0874773471129837,0.046012407163105354,-0.3561960496103932,-0.28057717501951457,-0.08257473740910315,-0.24989706345547252,0.10707043963718862,0.03060707454796934,0.1441467678837981,0.08454399795496355,-0.07063227231851443,-0.052160297991025575,0.23888764624521266,0.17384818343246586,-0.04466030940305934,-0.05093692797180771,-0.18427147858874227,-0.03291595721856783,0.06253429316145288,0.06729356772129075,0.11757772736194863,0.16121460557728914,-0.04738459010257136,0.04345793752596238,0.1518275230865443,0.18403045643570232,0.06382065760703347,-0.004275404328356165,0.026971657072950284,-0.1434629588208174,0.2062483167250202,0.1274632874873897,-0.03824218161567009,0.11602660373310449,0.03374036253748853,-0.19865064112805672,-0.1755928551539027,-0.13919759708217122,-0.2602911438053198,0.05626223940620906,-0.10587445849899803,0.11467085412225483,0.12595507310548829,0.0735163214906855,0.0883218376113244,0.1538707336111783,0.38504384503371114,0.4338919143458394,0.39730584706961797,0.22165912711636165,0.19353165926406077,0.03988734040270785,0.24224643602185633,0.33648974971127554,0.24504284077474014,0.08769463223580001,0.1149146151633975,0.16400827144207022,0.07495241181921512
#17,-0.01498993458622248,-0.26193173777885304,-0.03211163707906713,-0.03428448830723021,1.0,0.5043835904084139,-0.05206352394472924,0.01422487184286086,0.03894516289536991,-0.11268424728507717,0.15576056640205965,0.5598296411600104,0.49617149091373874,0.24724855866013595,-0.18293033638110714,-0.22360465063199844,-0.2331487627072996,-0.010090976733145567,-0.18181560892329743,-0.2905065573545993,-0.42777232536164733,-0.36438076022404103,-0.062464907996183816,-0.0549877434757403,-0.18150428864228751,0.005715146507689429,-0.2929989455280804,-0.10066144147680846,0.1606640890686411,0.21832772622074526,0.3751719793487837,0.347993992705428,-0.08610333824811588,0.19351066112193988,0.4476995622343849,0.20341630642680095,0.3188330510756983,0.1483737851890061,-0.1562225255287195,-0.01911561303162959,0.23157298908553092,0.1699023586391378,0.33181538068262223,0.033372438569022264,0.03283287761278513,0.06477835548028685,0.05721263357785518,0.08125002853008441,-0.21292207406866392,-0.40207790310726854,0.07135899062843787,-0.05685657812450072,-0.27573755974199676,-0.1888965476315465,-0.3114024476530011,0.010961030187111706,-0.09274788078533051,-0.06684712896054631,-0.06699776780619628,-0.04285720806876435,0.05905590527099015,-0.004377656150857957,-0.10522169016784819,-0.18600245586966543,-0.1836780528331515,-0.07853122560677783,0.08555556062757055,-0.10032912305367764,-0.24001059036733055,-0.03519653804543815,-0.12611575454084822,-0.13688232367266634,0.1322389953758439,0.25554738961139745,0.08184436724837607,0.08655525478506576,0.20421606175279708,0.11640639621668257,0.19589166784591017,0.19256665768920012,0.4110733245993235,0.590974450738815,0.27815234608590067,0.405448561399024,0.576311356799518,0.18172157376510384,0.2017318902436241,0.14315802927871382,0.254269241830125,0.5769257806972297,0.473070795692642,0.293303875070184,0.38642789648828896,0.06718401219718169,0.11630962217038623,-0.16104022970141554,-0.037467076282598474,-0.006092200103164786,0.18571487261887915,0.3221763204864265,0.018800640899816038,0.12077492274053143,0.5868816389506407,-0.10402479606695668,0.07839884601514605,0.004769317149547855,-0.17582383471723262,0.10539241419291814,0.09009481117648939,0.0413051714772193,0.10735163214906855
#18,0.2831489909479748,0.026890403392569397,0.3309781938858888,0.4746420045009061,0.5043835904084139,1.0,0.049507228382184444,0.09156742001305537,0.02446374853355366,0.25955803475649003,0.18496167839062935,0.29367179903865026,0.6813303692477644,0.13308348587418461,-0.2926474548882305,-0.2818763209429079,0.1184295215618966,0.037323741138555785,-0.3388013712699768,-0.36275386069102145,-0.41278604262622853,-0.33757069754915164,-0.13403022819502708,-0.06155377122067678,-0.10673264343785234,0.07906439582410861,0.04305623393756248,0.14586131183610493,-0.07348893260965823,0.06107446580269963,0.22747104767034743,0.2489895785307691,-0.15020427540432835,-0.06078140477570789,0.189122049418671,-0.05066030027343233,-0.003084900966371019,-0.04034382175316228,-0.21625347496428032,0.020667649623174644,-0.061109158385334164,-0.09966813805821963,0.039731223780852434,-0.3191854546782491,-0.17127180269050107,0.05845608877649304,0.16719998904444758,0.2072589664349263,0.07533311726549412,-0.29022901669352297,0.2426755284912835,0.17042548626675857,-0.062122546983343,-0.2351691491644109,-0.42250818242820687,-0.25017003930304427,0.08423998137556091,-0.08251083002003953,-0.038971638813696266,0.12529408811003026,0.11724358301341599,-0.034771097426814626,-0.01151519854656338,-0.08006774183240743,-0.1218951279745466,-0.14342004957387466,0.12178374652503572,-0.19219690779533202,-0.4181670447853853,-0.1855131078619783,-0.19126112102690043,-0.23821661866004465,0.2131274906763684,0.3717666284743937,0.097861384873121,0.0822396800978696,0.20048934800768714,0.19437432383699965,0.32163036879128304,0.15477000187157353,0.42689405524337304,0.3316884788671959,0.474082358365249,0.3027210853300588,0.2607686232978952,0.12304728690309358,0.014268694052504485,0.04904983406902911,0.0015721217709650471,0.3784422117434392,0.24169865840131102,0.16738166862192846,0.26531517754842127,-0.013081842541322974,0.16143189070010544,-0.14973957738956575,-0.13999278759466283,-0.04397923922818133,0.23757024106780117,0.4901915852227857,0.1652307284985872,0.05908329415201742,0.4806639064761009,-0.2687515691546422,0.0023527048802421176,0.24296311174206978,-0.027162466277440234,0.16537680253073261,0.14157403899263696,0.03846768340279458,0.10138907274943282
#26,0.2521913387228565,0.48464624977746534,0.36945500691569244,0.1704373547818704,-0.05206352394472924,0.049507228382184444,1.0,0.30866264658757364,0.40831069946637333,0.3773156157705177,0.43297986460763144,0.10748401174070034,0.21473156614186528,0.2649025184076105,-0.06347920955689355,0.05856016652439665,0.28772476000493,0.1443202307969708,0.07751327219526447,0.1787188394418146,-0.03182861864178539,0.06591499404291838,-0.18855783846950933,0.06516362574007038,-0.14737409103151092,-0.029997215463762227,-0.1630870920768532,-0.14813550192406888,-0.10345602030429046,-0.09969370101384507,0.06246673392158563,0.014369119949604459,0.23217919631893438,0.06911675423500573,-0.12139573737714945,-0.1020464058940872,0.017418415370640032,0.014133575572769974,-0.1746032035861175,-0.024922055809409906,-0.15946354311694597,-0.026834712667813957,-0.16290906435017596,-0.06820013968329323,-0.07721747228017,-0.07309909753637016,0.04962317464519987,0.06604646067184926,-0.14629314319363482,-0.10223630213587624,0.006168888970041129,0.041246741864361135,-0.2068043110098737,0.004804009732182392,-0.18115553689054034,0.0006016424198989351,-0.18051920188800685,-0.24533042402552643,-0.11284858057124077,-0.1861923521114545,-0.15470061670630447,-0.12224935750249924,0.3904777990295206,0.41017223041352646,0.15432356311082912,0.11475302076533664,0.3714507433798792,0.41749693016291817,0.20808884953005244,0.06364536876845897,0.20154929770344232,0.08098344342141901,0.32321162018925714,0.19854930226825582,0.29950745662285966,0.17326206137848238,-0.19198236156061843,-0.3043233348701539,0.20256633815225478,-0.08970771499130403,-0.10859326142230459,-0.11550621499358643,-0.13685128294083546,0.08805160065185537,-0.08608690491949951,-0.09367636385215482,-0.19156239871820036,-0.22840957332688172,-0.06247312466049199,-0.20454381536242336,-0.11164346980604108,-0.21247015753171405,-0.12790150958382596,-0.17210259874832814,-0.24663413476242427,-0.08650321591111396,-0.08144357662267708,0.13579589805858483,0.2373255670639576,0.10607987510670251,0.15336130042407117,0.22439892818178914,-0.021973186285474306,0.17744343054864495,0.21576138806849046,0.056854752199098905,0.18332017145439522,-0.20834539204900784,-0.15545198500915244,-0.19187280603650939,-0.18062875741211593
#49,0.6839313999826537,0.3610740093213492,0.2555263914692765,0.2727348254187075,0.01422487184286086,0.09156742001305537,0.30866264658757364,1.0,0.4505753947422478,0.27811034980165883,0.5539602039558674,0.07066422601304624,0.19225259852008747,0.04184838428426007,-0.2404579420907759,-0.016085489827313105,0.3282402187458631,0.09466327653183729,-0.041835602806447346,-0.08619646044360858,-0.19303592051746726,-0.06722144366791895,0.06656958829947003,0.03789160393852109,0.07801357575536251,-0.05475858983781218,0.00812901988889244,-0.013245262864785659,-0.017711476397631775,0.04148685105470016,0.2195693554939813,-0.17932048186171354,0.04430790580050852,-0.07960304381764483,-0.1335554875905545,-0.12029470435985337,-0.15579252009659145,0.06946002821054746,-0.20148082550087415,-0.12282817585487545,-0.17940356146749625,-0.1096778611109843,-0.0050952448337723165,-0.14631596726115756,-0.3509529048190736,-0.1848019099179703,0.027863621631738236,-0.05382919380828696,-0.2648011795478096,-0.26129083796281505,-0.025443357511628864,0.038505114873531844,-0.3390460452738203,-0.14433575116288624,-0.35094377519206454,-0.07788119616373074,-0.17264855044347163,-0.2160024102215304,-0.15366440404077292,-0.3144818708431667,0.20143517736582872,0.2751596543523214,0.18864639585149748,0.12773352444685873,0.21196620212081235,0.22049053485919834,0.08559573098641055,0.13615286647464017,0.1209465597283023,0.13271373598031652,0.21178908735683605,0.1416516408222142,0.36497236005423,0.3188969584647619,0.2706359241693181,0.2965704556140359,0.04443572057863576,-0.03677231166720683,0.0356448027315844,-0.1285360186609576,0.09769248677345287,0.11436775050555309,-0.1355055759196958,0.18798906270684312,0.07537602651243683,0.031652416840509984,-0.06609393473229651,-0.0782080368106561,-0.07252210510939576,-0.01288646852332848,-0.11345661373004606,-0.033576942214025844,-0.12869670009631756,-0.1521689711366842,-0.26408906864110065,0.15409897428640554,-0.08428836839870907,0.2438313392706341,0.08013438810957378,0.14593252292677583,0.25483801759279123,0.2868099713786193,-0.16500340078606088,0.3349084983133014,0.053765286419223346,0.2384165574915437,-0.0100736304418283,0.19515125509547307,0.07916116987040495,-0.043515454176119635,-0.1672018149698494
#50,0.2835196538045438,0.30638297872340425,0.03643634139327238,0.03198017045013626,0.03894516289536991,0.02446374853355366,0.40831069946637333,0.4505753947422478,1.0,0.3002843878813331,0.6515714370489394,0.35394559655265284,0.15754084366883192,0.3299803256537954,0.07128777953776698,-0.057015433634458865,0.16718812052933577,0.043808515203111374,0.12074296904599963,0.032506949928560666,-0.02369046912588386,-0.1169057868140797,0.12172622987487847,0.03339161078574135,0.01427964960491539,-0.050745205804616854,-0.2618404415087622,-0.2048049226948833,0.01885450569916966,-0.17710837323741138,0.27616482628602207,-0.07174699977632414,0.06386356685397618,-0.09658780190535315,0.05476041576321399,-0.1079341023522484,0.1255031565685384,0.012201746497646838,-0.12170431877005665,-0.08523328479414974,-0.08904125221964057,0.018434542856751588,0.05194301286820927,0.029112554606581548,-0.15015588838118019,0.0008380997594343283,-0.17679522703099965,-0.05436601587642137,-0.32301168135775815,-0.17010594932144046,-0.049657867227834405,-0.17594708468185533,-0.3375816531015625,-0.18787220348112676,-0.0601541994001835,-0.009285743630943958,-0.13861512687899136,-0.17209529504672086,-0.34652686164506746,-0.29035774443435114,-0.04470960938890842,0.024913839145101726,0.14466806958601705,0.1313817233996905,-0.017542578297963636,-0.15062515120944733,0.25089310576216406,0.34194470184920595,0.16710777981165578,0.10529107533311727,0.10825911707377195,0.07521625803977779,0.24045611616537407,0.24109245116790753,0.27080938708249075,0.19263147804096464,-0.19764820808245878,-0.16782628145727108,0.09439943031127464,-0.1429891311790457,-0.08497948116329708,-0.15612118666891864,-0.211929683612776,0.3542833927519891,0.1243281735724687,-0.010769308019920846,-0.17986734651955794,0.09214258651462795,0.0005404739189380417,-0.06019163087092077,-0.10698736003140592,-0.2652467053458531,-0.16713699461808487,-0.35598606818918416,-0.37499669051020923,0.029503302642570537,0.023103434109199468,-0.011083367189033492,0.02001944610552936,0.021933928889335225,0.0025115603902002583,0.23254620732469974,0.006322266703793817,0.19756695440207792,0.13718086247586356,-0.055123774918175716,-0.04842719350700927,-0.0994371584948897,-0.05063291139240506,-0.2670552844563535,-0.22180246226040434
#51,0.5329885377532901,0.5171787626616514,0.6422975619331073,0.6820013968329324,-0.11268424728507717,0.25955803475649003,0.3773156157705177,0.27811034980165883,0.3002843878813331,1.0,0.49114106643173094,0.12177918171153118,0.30094902472759477,0.1756759347596854,-0.05139888709846759,-0.13596114430744932,0.6970488480693121,0.37706181213966505,-0.140611776305879,-0.31208443079058007,-0.26784134534183607,-0.31886956958373464,-0.10088420437583022,-0.14181871299648052,0.09206224579694797,-0.01832772622074525,0.10505553095628278,0.13030625333801987,-0.14081901883898534,-0.14421067527286172,0.27279508095696753,-0.11079167560609311,0.19308065568981178,-0.17080527875033666,-0.08444265909516267,-0.35988533188476585,-0.2072909201294581,-0.36733784641228484,-0.1621394367933098,-0.1956077364459275,-0.049291769184769955,-0.05910703118224105,-0.3724805653065044,-0.279391236471034,-0.1801019779336915,-0.38661231495387255,0.08177406912040609,0.10451049222384019,-0.06952210967420926,-0.19480159038102499,0.1995553871646574,0.023172819274468542,0.15944163201212413,-0.013608622019747383,-0.20385452852323718,-0.3545098075018145,-0.2379765094697056,-0.4459019386762954,0.11823597346930391,-0.006964079482532741,0.11265046766514354,0.1263293878128609,-0.11511181510679382,-0.05208452208685014,0.38718930738084695,0.17935152259354445,0.07573938566739856,0.2401612292129805,-0.022533745383832345,0.026132644350815047,0.26044543450177343,0.2783440682530915,0.006568766633039207,0.03454468267698923,-0.1520877174563033,-0.0771143074949673,0.043921722578024076,0.07980024376104114,0.012932116658373922,-0.025299109404885264,-0.10258596685032433,-0.30597853624690163,0.033805182889253056,0.23385539583780304,-0.04100845859942392,0.2137638256789019,0.1307746032035861,-0.16305057356881686,-0.05292353480898538,-0.3054316715890572,-0.38409618975016774,0.02079911625210552,-0.20371028041649358,0.14742065212925726,0.08766815631747366,0.27901874768906315,0.2817475932020797,0.19666220836547724,0.34286131640091844,0.22888340096865342,0.2687625247070531,0.3415594315894224,0.12082787457718415,0.17818019144827837,0.45229267758265734,0.10293197971396878,0.22948504338855236,-0.04227108601478086,0.008860303012320431,0.08203152460206238,-0.013321951731662002
#52,0.5417210259874833,0.42748565507356195,0.3737897538196077,0.24353919120634326,0.15576056640205965,0.18496167839062935,0.43297986460763144,0.5539602039558674,0.6515714370489394,0.49114106643173094,1.0,0.3377295530591098,0.3735770335102959,0.44639311260938436,-0.17192913583515546,-0.12093925602669503,0.34320002556295565,0.28516481259158155,-0.15034761054837104,-0.1637362085571994,-0.24971629684069258,-0.15680864758270302,-0.01032834703538187,0.031690761273948154,0.079641388251083,0.04222087306623088,-0.010602235845654525,0.031027950353088325,-0.19969507045789645,-0.3457964914843404,0.3603828965567612,-0.03901272213523716,0.05524063414389205,-0.08786170441006633,-0.1955465679449666,-0.3440016068143536,-0.163830243715393,-0.12979408126281,-0.22590622960098966,-0.010381298872034582,-0.25037362998534696,-0.14668663011772654,-0.11683640164881064,-0.17754020459494127,-0.33889266754006764,-0.1405387392898063,0.001409614410203271,0.04534229254063825,-0.17644464935385065,-0.15045351422167647,0.11748734405455866,0.027431790274208348,-0.22036272008107108,-0.1376820789986625,-0.28840126536630345,-0.16320395130256954,-0.0793017661263449,-0.19841509675122224,-0.2953151319002862,-0.22400544125769742,0.1563731643743695,0.2550379564242903,0.0982941291933518,0.10211396513395445,0.1508159604139373,-0.011678618870026065,0.2095276787466848,0.2606782399905052,0.0007367608996334455,0.0256533389328379,0.10212857253716899,0.03405898652010572,0.2649216906243295,0.3433114070124665,0.21537885669680965,0.2992372196633907,0.03670566539004049,0.0210237050765291,0.036591545052426885,-0.12602171938265463,-0.03300268867515418,-0.13429407441558974,-0.0858075383330214,0.39154048761337856,0.2544655288108204,0.1871655703506233,0.07703487973998822,-0.1660779578850306,-0.11376884697375689,-0.09689638329826035,-0.11438053198336581,-0.04873851378801919,-0.08680449360241388,-0.18952101411896816,-0.2780427905617916,0.19586884377838742,0.1920608763528966,0.12517905480971575,0.2688364746858267,0.21619961016492673,0.2309540003743147,0.3883496829737021,0.057132292860175196,0.27952270309996485,0.36126664445124096,0.08714868054065651,0.127309909753637,0.14465254922010162,0.02413051714772193,-0.11030871833731233,-0.24854405273272562
#53,-0.0370881967617213,-0.24939584693267355,-0.09810331998886186,-0.03049843198656119,0.5598296411600104,0.29367179903865026,0.10748401174070034,0.07066422601304624,0.35394559655265284,0.12177918171153118,0.3377295530591098,1.0,0.4457275628004218,0.528601751975423,-0.050546179935818725,-0.34570793410235223,-0.15026818279339196,-0.1774607768399622,-0.08166542655899793,-0.3397837191361547,-0.25584866730269734,-0.4385854555912118,0.016377637891603937,0.01546011037719054,-0.1412709353759352,-0.11790548097157491,-0.21652736377455298,-0.20905567703031494,0.12121314483696768,0.057615250128955985,0.3671835557158312,0.3017150004336573,-0.03186605011252265,0.14191092222927232,0.3530691523597803,0.0918486125249353,0.41159553926424336,-0.011306130088055253,-0.09543473001410527,-0.1674985278476448,0.12996024047437543,0.13656004783924552,0.28116877484970354,-0.04359031711759416,-0.006609849954580106,0.03769166510702205,-0.015855423226684075,0.07468765263595156,-0.27729963892325177,-0.2661633198975656,0.09569948919736884,-0.2233645414416594,-0.2638033113157162,-0.3407441558975108,-0.06280087827011828,-0.04059579945861312,0.10437263485600295,-0.018362418803379788,-0.17147904522360738,-0.09645177046291774,0.020307029356315648,0.013245262864785659,0.011223050482272547,-0.061350180538374106,-0.222146649198647,-0.3285871445722085,0.13140089561640958,0.0017821031921740837,-0.27441011197487525,-0.21467678837981075,-0.2689496820607394,-0.2658766496094802,0.024043785691135588,0.15945258756453506,0.1408783614145444,0.13231203239191663,0.0902198870665139,0.058425961007363046,0.08152391734035706,-0.10119552465684015,0.08947673542797409,0.22457056516956,-0.050712339147384135,0.48057534909411276,0.48614442156965676,0.276866894603021,0.18785485718980952,0.3458658766496095,0.26827408966206684,0.3704090529381422,0.3461087247280512,0.1782933988231911,0.28147461735450796,-0.01703770992436104,-0.01601701762474494,-0.10800713936832111,-0.1167085868706834,-0.12562092875695563,0.02453587258692546,0.07102758516800796,-0.1677687648071138,0.2385525889339791,0.2948056987131791,-0.050689515079861414,0.2559637006030119,-0.3085923484596037,-0.11997973222803983,0.04296311174206978,0.08415598880707728,-0.0692071375423957,-0.03648198952831782
#54,0.19217682261591204,0.08449287204371266,0.2666234530988236,0.30232212062976166,0.49617149091373874,0.6813303692477644,0.21473156614186528,0.19225259852008747,0.15754084366883192,0.30094902472759477,0.3735770335102959,0.4457275628004218,1.0,0.3820767162557574,-0.19292910388146092,-0.23690743014694135,0.07362678997749547,0.13293375999123555,-0.27265448470102754,-0.3353202444914113,-0.26532248125002855,-0.3497934421889194,-0.1822766550872564,-0.13891457864488946,-0.10735254511176946,-0.12338417013972894,-0.0016634180410559326,0.0036947600505781338,-0.07391163434017903,-0.07708235380043549,0.310842801517344,0.28546243843207786,-0.2014516106944451,-0.04863808789091922,0.19448844417461325,-0.09765779419081834,0.0394189905371416,-0.011853907708600566,-0.2654913793496967,-0.1255460658154811,-0.08315812057498391,-0.1046967366148256,0.004027991436409866,-0.34031141157728,-0.14359807730055188,0.11603116854660903,0.08369129079231467,0.17483600907484925,0.004800357881378756,-0.21026626557172007,0.265648408934253,0.03804041685876924,-0.10290185194483879,-0.31235284182464723,-0.37769175640329217,-0.291030597944921,0.03332587747127591,-0.13547727407596763,-0.07119283141687247,0.03609032852962792,0.12323353129407898,0.03219836853565348,0.054694682448748554,-0.026763501577143065,-0.05103005016730042,-0.102829727891467,0.29116023864845003,9.494812089452085e-05,-0.22800330492497728,-0.08914898181834781,-0.01155536890540337,-0.1446324640406816,0.3055667900687917,0.2861170326886295,0.15109076218691087,0.16376542336362848,0.2269725700356512,0.18036491119155326,0.395542916094163,-0.01506205863959428,0.3972172896876298,0.18173435524291656,0.45955073105488276,0.5021906540008308,0.4085791105004405,0.16422281767678382,0.06048560486061342,-0.13004423304285903,-0.12314679983749265,0.3789041708700991,0.17107186385900203,0.19085028781149146,0.31277828244327077,-0.04279147475429891,0.060360528970588904,-0.04105867154797391,-0.1494757311690031,-0.026163685082645948,0.16630802448565965,0.4009047460366007,0.0602464086329753,0.16693979467468856,0.5368111125819954,-0.16981745310795326,0.08022020660345922,0.07772234065377259,-0.10917573162548444,0.16280407363957144,0.09612310389059055,-0.03582739527176617,-0.0011110756070060758
#58,0.07061583898989807,0.06253155427335017,-0.005360916979736793,-0.01946801663418041,0.24724855866013595,0.13308348587418461,0.2649025184076105,0.04184838428426007,0.3299803256537954,0.1756759347596854,0.44639311260938436,0.528601751975423,0.3820767162557574,1.0,0.03692660236366043,-0.04603249234252534,-0.14314250891279837,-0.06418401676199519,-0.15547024426317063,-0.06322905777684452,-0.008963467797523132,-0.09231604942780063,0.024429968913620034,0.10290915564644607,-0.09230600683809063,0.046534621828025216,-0.13137715858618595,-0.16187467761004623,-0.2541039955812605,-0.30004336572829315,0.30114165985748653,0.23159216130225,-0.11224237333783728,0.01922334263033684,-0.07618856331624571,-0.08355982416338381,0.18484664509031484,0.06058785668311521,-0.32870217787252304,0.076476146567032,-0.2205097070759174,-0.15122405474124354,0.14641913204636026,-0.08172568209725792,-0.019319203713932268,0.13055914400617163,-0.028948221320417956,0.14125632797272067,-0.17120972122683928,0.004384959852465228,0.14885309060698326,-0.15500645921110892,-0.147022600391661,-0.25172664070809386,-0.07899318473343772,-0.019940931313251198,0.1389812249220558,0.06608389214258652,-0.33073717173284883,-0.1516221064788398,-0.11936713425572998,-0.12478556788562403,0.12486225675250037,0.05101361683868406,-0.07696640753742005,-0.26058055298150795,0.37171093774963826,0.04429147247189216,-0.16377090113983392,-0.03528966024093086,-0.08021290290185194,-0.09567849105524794,0.1725636449122871,0.1721208580023463,0.3131124267918034,0.3454048304856505,0.029624726681791416,-0.04939402100727175,0.06129996758982412,-0.04884167857322189,0.030445480149908475,-0.1211309781938859,-0.038205663107633736,0.557169267849562,0.5686799015826208,0.162147653457618,0.04823638430251932,0.08042288432306098,0.2174357616619573,0.18782564238338043,0.2246116484911009,0.0404597680161777,0.22003679239684662,-0.22356356731045754,-0.23280366280635606,-0.03600633596114431,0.024964965056352623,-0.2305020838373648,0.03437852346542382,0.07136081655383969,-0.18206576070334646,0.2079099088406743,0.18161201824099477,-0.08604764752336043,0.22805899564973273,-0.4239013635097938,-0.12986711827888273,-0.03249142956264522,-0.10583428814015804,-0.25620198386794907,-0.26719040293608803
#101,-0.3998767500353773,0.06125888426828322,-0.2188791556920942,-0.2407692623717858,-0.18293033638110714,-0.2926474548882305,-0.06347920955689355,-0.2404579420907759,0.07128777953776698,-0.05139888709846759,-0.17192913583515546,-0.050546179935818725,-0.19292910388146092,0.03692660236366043,1.0,0.5647988971410574,0.007198710896666316,-0.08814654877274988,0.44366883190987233,0.4338006180757485,0.5341616948239579,0.24013657922005596,0.11401260801489956,-0.10083216550187842,0.04159914546691195,-0.12286012954940725,-0.21033382481158733,-0.4043338339412143,-0.02407482642296649,0.05035628369402968,-0.26067458813970157,-0.00223128084102124,-0.24440924466030942,0.010452509962705473,0.024193511574084642,0.041079669690094814,0.14185066669101234,0.10262157239565978,0.07912008654886404,-0.06152912122775224,-0.004300967283981613,0.15416288167546915,0.04516061296315739,0.15533147393263247,0.23101790776337833,0.06633495688533644,-0.3015433634458864,-0.27968521046072664,-0.11241309736290724,0.10887627985958634,-0.1405989948280663,-0.25668311521132803,0.024135081961226473,0.26218006363350027,0.5879525441988067,0.23062624676468843,-0.09475822465273182,-0.08247339854930227,-0.014063277444799993,-0.1751418515796537,-0.17019450670342864,-0.24509579261139286,-0.041411988113225634,0.03228144814143618,-0.1575910566173819,0.0009056589993015835,0.08585409943076776,0.1546613593101654,0.4275714735674474,0.16596475051011791,0.22311165077350764,0.09626096125842779,0.07923146799837492,-0.2579831740974223,-0.03170719460256451,-0.19039745831184066,-0.25410582150666233,-0.23205046857810624,0.06090282881492877,0.3094970944962044,-0.16034272619792117,-0.44178538985789734,-0.10304518708888148,-0.26499381467770133,-0.33564617217563575,-0.2866657232718757,-0.29299072886377225,0.07518430434524598,-0.036009074849247036,-0.32589299164182645,-0.20005842961285816,-0.39324042416247085,-0.23541199724285264,-0.1608192927277956,-0.09002268712311759,0.004050815503932587,-0.0015009106802941566,-0.29200655507219253,-0.3093473686132553,-0.4694865041288738,-0.3468591800681983,-0.2886349838177361,-0.0159713694896995,-0.11679623128997065,-0.27785928505890894,-0.17067837693491034,-0.16141637033418998,-0.2045246431457043,-0.2215486586295517,-0.14096235398302803,-0.02931888417698695
#102,-0.06191165259943305,0.2854268328867424,-0.04889554337257551,-0.14012151533549097,-0.22360465063199844,-0.2818763209429079,0.05856016652439665,-0.016085489827313105,-0.057015433634458865,-0.13596114430744932,-0.12093925602669503,-0.34570793410235223,-0.23690743014694135,-0.04603249234252534,0.5647988971410574,1.0,0.03856993522529637,0.025282676076268905,0.2625069042804256,0.6624749505858938,0.40327479720816006,0.6124665056809104,-0.0044360857637161235,-0.02901669352298612,0.010419643305472756,0.11160877722340654,-0.1417328945025951,-0.23407268096061937,-0.280072306645912,-0.1551890517512907,-0.2642908333980015,-0.013052627734893891,-0.17096504722299571,0.11210177708189732,-0.2823720596895014,-0.1424979572459567,-0.13432237625931792,0.28740887491041556,-0.011327128230176156,0.21370539606604372,-0.24072270127403944,-0.06149625457051952,-0.07418643611315259,0.19104383590408414,0.021798810409600716,0.16512117297447812,-0.15706153825085475,-0.24786754737135214,-0.159312904271296,0.24738641602797318,-0.21047989884373275,-0.18340598994828067,-0.07792501837337436,0.3838323435296051,0.36848452756462635,0.35190695084152335,-0.1990806465601848,0.036574198761109615,-0.15594954968114777,-0.22891535466318524,-0.12368179598022523,-0.15263914692765226,0.019296379646409546,0.11760876809377953,0.10295936859499605,0.2980750181451337,0.09891768271807255,0.20303833986862466,0.4798029826491439,0.47925703095400035,0.40955415466501116,0.270917116681198,0.3628734588048405,0.026901358944980303,0.22220051399800061,0.21045159700000457,-0.16107127043324646,-0.18403867310001049,-0.1370210940032045,0.23228053517873526,-0.08491466081153254,-0.3274185523150452,-0.0753924598410532,-0.2891791095874778,-0.31574084640772,-0.3316903047925977,-0.3406272966717945,-0.15254419880675776,-0.22171755672921983,-0.4348057900094492,-0.21506297160229518,-0.4574837835000251,-0.30407044420200213,-0.2419433324051546,-0.2926346734104178,0.0786416940935878,0.09439943031127464,-0.17862389132092008,-0.17032962518316314,-0.3216468021198994,-0.21467587541710983,-0.1972802841139925,-0.13675907370804366,0.004825920837004204,-0.20895068631971042,-0.07576312269762218,-0.07030725759699087,-0.11339179337828154,-0.22730671438418384,-0.2340042087580512,-0.2583803128723176
#201,0.5165798591298553,0.4900053408318003,0.7206945820228514,0.6098663879087219,-0.2331487627072996,0.1184295215618966,0.28772476000493,0.3282402187458631,0.16718812052933577,0.6970488480693121,0.34320002556295565,-0.15026818279339196,0.07362678997749547,-0.14314250891279837,0.007198710896666316,0.03856993522529637,1.0,0.6370982393514313,-0.043304559792209686,-0.15169605645761342,-0.05698530586532887,0.006047464930820251,0.05943752367997005,-0.06886751541765761,0.40056147206105897,0.1132037230618943,0.38883994394409016,0.29763131827249195,-0.0733921585633619,-0.17866314871705916,0.30083399142728023,-0.2085051605216669,0.3541720113024782,-0.18318870482546434,-0.26704706779204535,-0.48586414202047773,-0.3571245326772175,-0.35648180693577763,0.140651946664719,0.027887358661961865,-0.2061232408349957,-0.2897469723874431,-0.4309558262997165,-0.2264594849977404,-0.1634586678961231,-0.30267817608311615,0.18630190763556356,0.04246372114467264,0.07356379555113275,-0.03282009613497241,0.19198144859791752,0.28697613059018473,0.3480935056398271,0.3198811322563417,-0.06763592873413157,-0.24290011731570707,-0.3608731575271492,-0.5538853410143929,0.043243391291248795,-0.024798805844787213,0.0067814869423509705,0.08693504726864384,0.030039211748004037,0.1406081244550754,0.5040448812463767,0.37742608425732765,-0.00149817179219143,0.15569848493839783,0.11842769563649477,-0.0865908603304012,0.347953822346588,0.21025622298201008,-0.010852387625703551,-0.039786001542906964,-0.2967329629747977,-0.19602130854943922,-0.20486061341963874,-0.12017236735793159,0.09288299926506502,0.003717584118100855,-0.05561403588856377,-0.29222475315770974,-0.03617705998621426,-0.014220307029356316,-0.2943209155189965,-0.11718424043785691,-0.07939762720994034,-0.24151515289842834,-0.23166519831832272,-0.4095340694855912,-0.46831791187171046,-0.19208735227122295,-0.30264896127668706,0.027806104981580978,-0.06035231230628073,0.5194730379290354,0.2826587299775868,0.5180387735259075,0.4247084225373972,0.3002013082755504,0.5375478734816289,0.42361834507251206,-0.05976801617769906,0.46061524556414246,0.3861065336175691,0.4662098809953119,0.3673926241743394,-0.1535904540619993,-0.08569980873431415,-0.031569337234727275,-0.11806707536963577
