,#10,#11,#12,#13,#17,#18,#26,#49,#50,#51,#52,#53,#54,#58,#101,#102,#201,#202,#301,#302,#401,#402,#501,#502,#601,#602,#701,#702,#801,#802,#901,#902,#1001,#1002,#1101,#1102,#1201,#1202,#1301,#1302,#1401,#1402,#1501,#1502,#1601,#1602,#1701,#1702,#1801,#1802,#1901,#1902,#2001,#2002,#2101,#2102,#2201,#2202,#2301,#2302,#2401,#2402,#2501,#2502,#2601,#2602,#2701,#2702,#2801,#2802,#2901,#2902,#3001,#3002,#3101,#3102,#3201,#3202,#3301,#3302,#3401,#3402,#3455,#3501,#3502,#3601,#3602,#3701,#3702,#3801,#3802,#3901,#3902,#4001,#4002,#4101,#4102,#4201,#4202,#4301,#4302,#4401,#4402,#4501,#4502,#4601,#4602,#4701,#4702,#4801,#4802
#10,1.0,0.437012987012987,0.5880387409200969,0.686220559101915,0.04653973145498569,0.03907109839313229,0.3028351309707242,0.7291041162227603,0.2795465551397755,0.6295003301782963,0.564818401937046,-0.13649130530486464,0.1830398415144178,0.051424169051287695,-0.01652212194585076,0.14151882016288797,0.4908100374202069,-0.1543693594541052,-0.06233546114902047,-0.017211093990755006,-0.06193924719348448,0.13845476557340963,-0.18284393572529165,0.15038961038961038,0.020327977107638125,-0.0862425709883337,-0.056198547215496365,0.06598943429451903,-0.22057010785824346,-0.27096632181377944,-0.3204028175214616,-0.05933303984151442,-0.08644948272066916,-0.247343165309267,-0.2556878714505833,-0.14916574950473255,-0.16799911952454324,-0.18893022232005283,-0.08109178956636584,-0.12929341844596082,-0.25528725511776357,-0.25282412502751483,-0.11475456746643187,-0.1912260620735197,-0.10095091349328637,0.01907329958177416,-0.020024213075060533,-0.06653973145498569,0.06695355491965661,0.020504072198987453,0.14001100594320934,0.17791767554479418,0.2448448162007484,0.2789368258859784,-0.01799471714725952,0.06791327316751046,-0.16586396654193264,0.02475676865507374,-0.18212194585075941,-0.1165397314549857,0.052273827867048206,0.02007704160246533,-0.0523794849218578,0.11265023112480739,0.050200308166409864,0.03482500550297161,-0.349768875192604,0.051067576491305305,0.09410301562843935,-0.04156944750165089,0.19400616332819723,0.14847237508254457,0.1162425709883337,0.26507373981950255,-0.15137354171252476,-0.1291503411842395,-0.03662337662337662,0.09213295179396874,-0.1551948051948052,-0.10211093990755007,-0.28047765793528506,-0.4173453664979089,0.17519480519480518,0.02813779440898085,-0.02907770195905789,0.035544794188861986,0.050631741140215715,-0.07796610169491526,-0.23709222980409422,-0.3122077922077922,-0.13165969623596743,-0.07586396654193264,-0.12437156064274708,0.018899405679066696,-0.18476777459828309,0.061391151221659696,0.12007043803653973,0.35054589478318293,0.2647919876733436,0.5017763592339863,0.2375214615892582,-0.010959718247853842,-0.3972617213295179,-0.2969953775038521,-0.2306449482720669,-0.10051067576491306,-0.1990182698657275,0.008855381906229363,0.01938366718027735,-0.2175148580233326,-0.21012326656394453
#11,0.437012987012987,1.0,0.25206691613471277,0.3378978648470174,0.1534404578472375,0.28593880695575613,0.3712392692053709,0.3977745982830729,0.5480673563724411,0.3532621615672463,0.12741360334580673,0.0888267664538851,0.302590799031477,0.07115782522562183,0.1058727712965001,0.09103455866167731,0.15595421527624917,-0.05718247853841074,0.09808936825885979,-0.03559982390490865,0.1704160246533128,0.23491525423728812,-0.08499449702839533,0.11816420867268325,0.07076601364736958,0.0005591019150341185,-0.2760510675764913,-0.09953334800792428,-0.05813779440898085,-0.17565925599823906,0.034441998679286816,-0.11155844155844157,0.048994056790666964,0.03300462249614792,-0.11207792207792208,-0.18092449922958398,-0.04295179396874312,0.005212414703940128,-0.15996918335901386,0.003823464670922298,0.11154743561523223,-0.03541052168170812,-0.08550517279330838,-0.06862425709883337,-0.33242570988333703,-0.12724851419766675,-0.2368567026194145,-0.2131653092670042,-0.17584415584415583,-0.0909751265683469,-0.12634602685450144,-0.13618534008364516,-0.12088487783403037,0.07263482280431433,0.02561303103675985,0.15326876513317192,-0.030554699537750384,0.19060972925379704,-0.4368060752806516,-0.30001540832049306,0.07816420867268326,0.2146995377503852,0.04149900946511116,0.057147259520140874,-0.05957076821483601,-0.12026194144838212,0.08344045784723751,0.24874532247413603,0.13227162667840633,-0.1579771076381246,0.19184459608188423,-0.07469733656174334,0.25001540832049307,0.1398943429451904,0.17138674884437596,0.07596302003081665,0.23853400836451685,0.25034778780541495,-0.1634272507153863,-0.05112920977327757,-0.25443319392471936,-0.2351882016288796,0.02362755888179617,0.29961259079903146,0.2342857142857143,0.1425511776359234,0.015602025093550517,-0.3139907550077042,-0.008393132291437377,-0.1587805414924059,-0.14961699317631522,-0.1512194585075941,-0.20891041162227603,-0.12183359013867488,-0.23854721549636804,0.13482060312568786,0.13928901606867708,-0.0612722870349989,-0.01627999119524543,0.13032137354171253,0.18952674444199868,0.11910631741140215,-0.09034778780541493,0.00033898305084745765,-0.04352410301562844,0.02401716927140656,0.10300902487343165,0.07000880475456747,0.10949812898965441,-0.2124323134492626,-0.22099933964340743
#12,0.5880387409200969,0.25206691613471277,1.0,0.7167224301122607,-0.1623992956196346,0.172359674224081,0.32149240589918554,0.28471714725952013,0.06419986792868149,0.7181620074840414,0.4447391591459388,-0.3420889280211314,0.1319502531366938,0.08696456086286594,-0.14371560642747083,-0.16265463350209114,0.7597446621175434,0.3952542372881356,-0.23720889280211313,-0.2680145278450363,-0.0934206471494607,-0.07441338322694255,-0.06311248073959938,-0.07955756108298481,0.24982390490865067,-0.18735857362976008,0.13520360994937267,0.2303830068236848,-0.06944970283953335,-0.20718027734976888,6.6035659255998236e-06,-0.09055029716046666,0.3131609068897204,-0.1323794849218578,-0.32001760950913494,-0.3531961259079903,-0.09705921197446621,-0.38324014968082765,0.2349306625577812,-0.1542196786264583,-0.2805150781421968,-0.44718908210433633,-0.3205128769535549,-0.32706361435174996,-0.2504424389170152,-0.2256284393572529,0.19683248954435395,0.13318071758749725,0.2692559982390491,0.10070438036539732,0.1732621615672463,0.1386484701738939,0.3121153422848338,0.24435835351089588,0.23041382346467093,0.09517059211974466,-0.04722650231124807,-0.24479639005062734,-0.06654853620955316,-0.05126128109178957,-0.061305304864626896,0.017402597402597402,-0.2815606427470834,-0.09419546555139775,0.30239489324235086,0.1880475456746643,-0.15583975346687212,0.009566365837552278,-0.07463570327977108,-0.17788465771516618,0.22707682148360114,0.23839313229143738,-0.11757208892802114,0.14835351089588378,-0.2534404578472375,-0.10581774158045344,-0.1376007043803654,0.15882896764252696,-0.010763812458727713,-0.10540391811578252,-0.3532951793968743,-0.559027074620295,0.07357252916574951,-0.1372044904248294,-0.30933964340744,-0.17241470394012767,-0.001741140215716487,-0.2194739159145939,-0.46339203169711646,-0.41546114902047104,-0.33051507814219677,-0.2806845696676205,-0.23005723090468852,0.09368258859784284,-0.12629980189302223,0.29421527624917454,-0.008313889500330178,0.6478296279991195,0.5280629539951573,0.6089390270746203,0.6381488003521902,0.37695795729694037,0.08226502311248074,0.07767554479418887,0.07662998018930223,0.2743429451904028,0.2130706581554039,-0.01012326656394453,0.029553158705701077,-0.023442659035879373,-0.07969843715606427
#13,0.686220559101915,0.3378978648470174,0.7167224301122607,1.0,-0.08583975346687212,0.16134932863746423,0.21898745322474136,0.44322694254897643,0.2509773277569888,0.690858463570328,0.3976755447941889,-0.2315628439357253,0.23318071758749725,0.011631080783623156,0.1513713405238829,0.05558221439577372,0.6080343385428131,-0.019231785163988553,-0.01150561303103676,-0.19319172353070657,0.031593660576711424,-0.05975786924939467,-0.07246092890160687,-0.13359894342945192,0.2307307946290997,-0.142062513757429,0.049639005062733874,0.17020691173233546,-0.08582214395773718,-0.2135020911292098,-0.19168390931102797,0.1162491745542593,0.06613471274488224,-0.011069777679947171,-0.13821263482280433,-0.24050407219898745,-0.02524983491085186,-0.17360334580673564,0.1559652212194585,-0.038573629760070435,-0.20759630200308166,-0.24745322474136033,-0.20227602905569006,-0.1615738498789346,-0.2748602245212415,-0.2250429231785164,0.07051287695355492,0.0034382566585956418,0.0249900946511116,-0.08690953114681928,0.02785824345146379,-0.035822143957737175,0.09360114461809377,0.052544574069997796,0.18827426810477657,0.13056130310367597,-0.062339863526304204,-0.15260620735197006,-0.18651771956856703,-0.14423508694695136,-0.15941668500990536,-0.09930662557781202,-0.06727272727272728,0.015571208452564385,0.20115562403697998,0.0600594320933304,-0.36031917235307065,-0.0888597842835131,0.032179176755447944,-0.06748404138234647,0.1408496588157605,0.07450583314990095,-0.0019106317411402157,0.019782082324455205,-0.15853841074180058,-0.2201452784503632,-0.13036539731454985,0.05776359233986353,-0.038842174774378166,-0.061551837992515956,-0.31192163768434955,-0.45491745542593,0.11836671802773498,-0.11830288355712085,-0.25145278450363195,-0.19570988333700198,-0.0548778340303764,-0.22026854501430773,-0.2506977767994717,-0.42330618534008363,-0.28804754567466434,-0.1766387849438697,-0.21998899405679068,0.09482280431432974,-0.06849218578032137,0.19515298261060973,-0.09797270526084086,0.37029495927801015,0.30741360334580675,0.338778340303764,0.31426150121065377,0.0512260620735197,-0.059145938806955754,-0.1806317411402157,-0.1502509355051728,-0.018776139115122166,0.03807175874972485,-0.20686330618534007,-0.08049086506713625,-0.008388729914153643,0.026147919876733434
#17,0.04653973145498569,0.1534404578472375,-0.1623992956196346,-0.08583975346687212,1.0,0.44394012766894125,0.16840193704600484,0.01587277129650011,0.29765573409641205,-0.010420427030596521,0.2522892361875413,0.5501496808276469,0.3883711204050187,0.1288597842835131,0.1476205150781422,0.14275368699097513,0.00537970504072199,0.09101694915254237,-0.26692273827867047,-0.11289676425269646,-0.43014968082764693,-0.14199867928681487,0.3975214615892582,0.23627118644067796,0.10130090248734316,0.10491525423728813,-0.5707065815540392,-0.5532489544353951,0.3952718467972705,0.38791327316751045,0.04912832929782082,0.2150099053488884,0.11570107858243452,0.27333920316971166,0.2878362315650451,0.29843275368699096,0.26824345146379047,0.34611490204710543,0.03479639005062734,0.2137376183138895,0.11616112700858464,0.18978648470173895,-0.18499889940567907,-0.12667620515078143,0.09584635703279772,0.16775478758529605,-0.49982610609729256,-0.457277129650011,-0.44491305304864626,-0.3079837112040502,-0.45953554919656614,-0.2943495487563284,-0.33787145058331497,-0.1804028175214616,-0.31557781201849,-0.0006163328197226503,-0.2393880695575611,0.07166850099053489,-0.1763218137794409,-0.28662777900066033,0.3951771956856703,0.30457627118644065,0.40799911952454326,0.31442438917015186,-0.5585450143077262,-0.6182236407660137,0.12547655734096413,-0.01073959938366718,0.2920074840413823,0.26284613691393355,0.26759630200308165,0.14977327756988773,0.26093990755007707,0.17401276689412282,0.23406559542152763,0.09891481399955976,0.23808496588157604,0.03947171472595201,0.4130442438917015,0.3965463350209113,-0.11320493066255778,0.25512656834690733,0.1775544794188862,0.41362095531587056,0.5706471494607088,0.39327977107638123,0.37937266123706803,0.06258639665419326,-0.08517719568567027,0.2179881135813339,0.21916134712744884,0.3253598943429452,0.08097732775698878,-0.0400066035659256,-0.17031036759850318,0.28962139555359895,0.3092471934844816,-0.2969337442218798,-0.35521901826986574,-0.2584217477437816,-0.33232225401716925,0.1133083865287255,0.25446180937706364,0.22725511776359233,0.13337882456526523,0.03928021131410962,0.029731454985692275,0.342590799031477,0.2864010565705481,-0.09386088487783403,-0.14797270526084086
#18,0.03907109839313229,0.28593880695575613,0.172359674224081,0.16134932863746423,0.44394012766894125,1.0,0.48458507594100814,0.09089588377723971,0.19010565705480958,0.2900550297160467,0.03639885538190623,0.32962139555359893,0.6928725511776359,0.3216927140655954,-0.07150561303103677,-0.20557781201848999,0.19511776359233987,0.2618335901386749,-0.29707021791767557,-0.43614571868809154,-0.33607968302883556,-0.21555580013207132,0.26143957737178075,0.09577591899625798,0.36827646929341845,0.06927801012546775,-0.2822099933964341,-0.4200726392251816,0.4778098173013427,0.3147215496368039,0.40049746863306185,0.13416905128769535,0.16780761611270087,0.2211534228483381,0.1605150781421968,-0.002117543473475677,0.1946995377503852,0.12787805414924058,0.25178516398855383,0.18225841954655514,0.23233546114902048,0.16639665419326435,-0.29817741580453444,-0.21744001760950912,-0.2065133171912833,-0.0713185119964781,-0.26906669601584854,-0.2729583975346687,-0.191732335461149,-0.18682808716707022,-0.3714968082764693,-0.3936649790887079,-0.1812987012987013,-0.021683909311027955,-0.0059652212194585075,0.12664318732115343,-0.1764736957957297,-0.1283248954435395,-0.349240589918556,-0.35803433854281314,0.3632643627558882,0.2784767774598283,0.04719788685890381,-0.13344045784723751,-0.13462029495927802,-0.39523222540171693,0.35878934624697334,0.19843055249834912,-0.01957737178076161,-0.1373497688751926,0.3050803433854281,0.011138014527845037,0.23911952454325336,-0.025571208452564383,0.2741470394012767,-0.003297380585516179,0.258877393792648,0.21448382126348228,0.3775016508914814,0.41345146379044684,-0.2899559762271627,0.19364076601364738,0.04642526964560863,0.333977547875853,0.33316090688972044,0.42738058551617875,0.2762821923838873,-0.1732357473035439,0.16573849878934624,-0.03686550737398195,0.03810917895663658,0.1844287915474356,-0.24611710323574731,0.06877613911512216,-0.27459167950693375,0.28796610169491527,-0.008679286814880035,-0.17383226942548977,-0.17070217917675545,-0.04448822364076602,0.06331939247193484,0.4765573409641206,0.4755183799251596,0.25472375082544574,0.1525379705040722,0.1612920977327757,0.24411842394893243,0.29500110059432094,0.2532621615672463,-0.06038740920096852,-0.07468192824125028
#26,0.3028351309707242,0.3712392692053709,0.32149240589918554,0.21898745322474136,0.16840193704600484,0.48458507594100814,1.0,0.1507109839313229,0.22747743781642088,0.48018710103455864,0.2846423068456967,0.16784283513097073,0.49533348007924277,0.5293550517279331,-0.03650671362535769,-0.1354369359454105,0.25190182698657276,0.05036539731454986,-0.3138917015188202,-0.2595883777239709,-0.10917015188201629,-0.04270746202949593,0.13940788025533787,0.3313581333920317,0.18991195245432532,0.0863086066475897,-0.207970504072199,-0.1867180277349769,0.08488663878494387,-0.018236847897864845,0.10476117103235748,-0.047310147479639006,0.262722870349989,0.13542372881355932,0.026368038740920096,-0.1236253576931543,0.21579132731675105,0.00019810697776799472,0.2567972705260841,0.12580453444860223,0.06473695795729693,-0.12473035439137134,-0.20660796830288355,-0.22754347347567686,-0.08275148580233326,-0.03564164648910412,-0.15046004842615013,-0.09816200748404139,-0.08563284173453665,-0.0375214615892582,-0.09767554479418886,-0.0010323574730354392,0.11043143297380585,0.31786704820603123,0.2127690953114682,0.2114109619194365,-0.15150561303103677,-0.025797930882676644,-0.31360994937266123,-0.237838432753687,0.0785890380805635,0.0665133171912833,-0.0015848558221439578,0.1069997798811358,-0.14961259079903147,-0.24873651771956856,0.255791327316751,0.48830508474576273,0.002773497688751926,-0.1586484701738939,0.3652872551177636,0.10109839313229144,0.3283975346687211,0.26872331058771737,0.15538850979528945,0.028679286814880037,0.2353334800792428,0.21295619634602686,0.2268677085626238,0.17277129650011006,-0.24337882456526524,-0.004406779661016949,0.05316310807836232,0.401732335461149,0.30813119084305524,0.10767774598283072,-0.0016178736517719569,-0.0032885758309487124,-0.09212414703940128,-0.0006207351970063834,-0.03930002201188642,-0.13044684129429893,-0.26661016949152544,-0.11928681488003522,-0.40338322694254897,0.05687211093990755,0.06365397314549857,0.01630640545894783,0.09755668060752806,0.23231565045124367,0.24039401276689412,0.35333700198106976,0.13462469733656174,0.03492846136913934,-0.06425709883337002,0.07215716486902927,0.17950253136693814,0.12605987233105878,0.22879594981289897,-0.16747083425049528,-0.2414439797490645
#49,0.7291041162227603,0.3977745982830729,0.28471714725952013,0.44322694254897643,0.01587277129650011,0.09089588377723971,0.1507109839313229,1.0,0.45786044464010567,0.4346819282412503,0.3886352630420427,0.1351948051948052,0.26327977107638123,0.2369865727492846,-0.14173893902707463,-0.0658331499009465,0.15868368919216377,-0.20376843495487562,-0.019295619634602686,-0.13933083865287255,0.04786484701738939,0.07748624257098834,-0.20776359233986352,0.07042703059652212,0.10572969403477878,-0.12099713845476558,0.018025533788245653,-0.021860004402377283,-0.36709002861545237,-0.4145476557340964,-0.40422187981510016,-0.16401716927140655,-0.2655183799251596,-0.31735417125247634,-0.363794849218578,-0.2520030816640986,-0.40588157605106756,-0.27973365617433416,-0.25961479198767334,-0.15727933083865286,-0.2020889280211314,-0.3116817081223861,0.020501871010345587,-0.034666519920757206,-0.061294298921417564,-0.004554259300022012,0.015194805194805195,-0.08005502971604667,0.1138630860664759,-0.05227602905569007,0.01983050847457627,-0.01698877393792648,0.1658793748624257,0.172425709883337,-0.03250275148580233,-0.0162293638564825,-0.013449262601804974,0.021760950913493286,-0.20539511336121505,-0.06965661457186881,0.053262161567246315,0.06468853180717588,-0.0003213735417125248,0.07610169491525423,0.1795509575170592,0.056163328197226504,-0.19505172793308387,0.1137508254457407,-0.02271846797270526,-0.22280431432973805,0.16682148360114463,-0.14158705701078583,0.23178296279991195,0.27027955095751705,0.01360774818401937,-0.01338102575390711,0.1321879815100154,0.2713339203169712,-0.29121505613031035,-0.16762051507814218,-0.142788906009245,-0.3357208892802113,0.0651089588377724,0.22123046445080344,-0.04546995377503852,0.1815298261060973,0.026401056570548097,-0.1000264142637024,-0.14997798811358135,-0.2741866607968303,0.059392471934844815,0.0413053048646269,-0.07123706801672904,0.029432093330398416,-0.10285053929121726,0.04645608628659476,0.0764208672683249,0.2451749944970284,0.15134272507153862,0.4507440017609509,0.13418005723090468,-0.18550077041602464,-0.4135285053929122,-0.2731631080783623,-0.08413163108078363,-0.008340303764032577,-0.12165089148139996,0.03522342064714946,0.04109178956636584,-0.15462469733656176,-0.1514241690512877
#50,0.2795465551397755,0.5480673563724411,0.06419986792868149,0.2509773277569888,0.29765573409641205,0.19010565705480958,0.22747743781642088,0.45786044464010567,1.0,0.29529605987233104,0.3604336341624477,0.2069205370900286,0.287145058331499,0.29233105877173676,0.30910191503411844,0.04333920316971165,0.1860576711424169,0.061970063834470616,0.06341624477217697,-0.17944970283953335,0.23696456086286594,0.06349328637464231,0.17030816640986132,0.12848117983711205,0.20588157605106758,0.1289456306405459,-0.25637244111820384,-0.22079462909971384,-0.07133612150561303,-0.14631080783623157,-0.12484261501210654,-0.031518820162887956,0.06513977547875853,0.1184107418005723,-0.15505392912172572,-0.1339555359894343,-0.009641206251375743,0.036740039621395555,-0.16250715386308606,0.06284613691393352,0.146946951353731,-0.06549856922738279,-0.0012634822804314329,0.05170372000880476,-0.13085186000440238,-0.005135373101474797,-0.2046335020911292,-0.20318511996478097,-0.2803279771076381,-0.311915034118424,-0.3274488223640766,-0.33360114461809376,-0.24985912392692053,-0.14482060312568787,0.18958837772397094,0.08571868809156945,0.03731234866828087,0.11220338983050847,-0.37454765573409643,-0.3510257539071098,-0.1462029495927801,-0.06313449262601804,0.2149966982170372,0.15891481399955976,-0.1693088267664539,-0.26449702839533346,0.0963086066475897,0.04868589038080563,0.23024653312788906,-0.13057230904688533,0.21408980849658815,-0.18695355491965662,0.40656394453004624,0.19418445960818842,0.24600264142637024,0.0970856262381686,0.2644706141316311,0.21454105216817082,-0.01838432753686991,0.05226062073519701,-0.23303323794849218,-0.23730574510235528,0.040847457627118645,0.2870658155403918,0.2346268985252036,-0.054492626018049745,-0.13220999339643408,-0.21013427250715386,-0.12392031697116443,-0.14934404578472374,0.0886220559101915,-0.03160906889720449,-0.19543473475676865,-0.1938366718027735,-0.3042791107197887,0.3234338542813119,0.324076601364737,-0.029385868368919217,-0.006445080343385428,0.15109178956636585,0.06688311688311688,0.06788025533788246,0.04297160466651992,0.10683909311027955,0.28207572088928023,0.1508034338542813,0.26857362976007043,-0.08840854061193044,0.11383226942548977,-0.1600792427911072,-0.2280101254677526
#51,0.6295003301782963,0.3532621615672463,0.7181620074840414,0.690858463570328,-0.010420427030596521,0.2900550297160467,0.48018710103455864,0.4346819282412503,0.29529605987233104,1.0,0.5975148580233326,-0.0574025974025974,0.3602377283733216,0.33298040942108736,-0.02018049746863306,-0.15567906669601586,0.649438696896324,0.12130090248734317,-0.06331058771736738,-0.20129650011005942,0.0003940127668941228,-0.026128109178956638,0.001785163988553819,0.09406559542152762,0.2868941228263262,-0.0834008364516839,0.09615232225401717,0.0840347787805415,-0.08403918115782523,-0.17695135373101475,-0.19173013427250715,-0.07052828527404799,0.062357473035439134,-0.1898151001540832,-0.27540171692714066,-0.28333700198106976,-0.12269425489764473,-0.28501430772617214,0.1779308826766454,-0.11272066916134713,-0.18533127889060091,-0.30541272287035,-0.2903874092009685,-0.32584195465551397,-0.23040501871010347,-0.20153863086066476,0.011426370239929562,-0.06128329297820823,0.1639423288575831,0.0865067136253577,0.0523728813559322,0.062000880475456745,0.22782742681047766,0.18889720449042482,0.1864010565705481,0.018349108518600044,0.05114461809377063,-0.15037200088047545,-0.1937112040501871,-0.14771516618974245,-0.016696015848558222,0.02355051727933084,-0.15824565265243232,-0.09346467092229804,0.18571428571428572,0.08472154963680388,-0.08573189522342065,0.09532687651331719,-0.014268104776579353,-0.1757340964120625,0.244884437596302,0.16738718908210434,0.011281091789566365,0.01974686330618534,-0.12957737178076162,-0.1395795729694035,-0.06689192163768434,0.1887277129650011,0.09922298040942108,-0.008434954875632842,-0.4160180497468633,-0.4185296059872331,0.18908650671362537,0.13937926480299362,-0.0886418666079683,-0.05688972044904248,-0.023669381465991634,-0.20709222980409422,-0.31466431873211537,-0.30872331058771735,-0.23282192383887299,-0.1622209993396434,-0.19915254237288135,0.008412942989214175,-0.2392427911071979,0.22395333480079244,0.012419106317411402,0.3548602245212415,0.22535549196566146,0.3935549196566146,0.3106163328197227,0.24124807395993836,-0.06627118644067796,-0.056537530266343825,-0.12305304864626898,0.031228263262161566,-0.02741140215716487,0.060552498349108516,0.010693374422187981,-0.05522342064714946,-0.12184459608188422
#52,0.564818401937046,0.12741360334580673,0.4447391591459388,0.3976755447941889,0.2522892361875413,0.03639885538190623,0.2846423068456967,0.3886352630420427,0.3604336341624477,0.5975148580233326,1.0,0.00042923178516398854,0.1380101254677526,0.2588575830948712,0.11367158265463351,0.10843935725291658,0.570015408320493,0.06033237948492186,-0.03199867928681488,0.059460708782742684,-0.04659696235967423,0.10557561082984812,0.055888179616993175,0.16526964560862867,0.05983050847457627,-0.09759189962579794,-0.1472309046885318,-0.09550737398195025,-0.150561303103676,-0.1224983491085186,-0.37497468633061853,0.09735417125247633,0.09460928901606867,-0.12129429892141756,-0.3080959718247854,-0.02592559982390491,-0.05964120625137574,-0.07844816200748404,0.08137354171252477,-0.06613471274488224,-0.3207792207792208,-0.23360334580673564,-0.02797710763812459,-0.08935285053929122,0.041481399955976224,0.08907109839313229,-0.13697776799471714,-0.13657715166189743,-0.029403477878054148,0.011371340523882896,-0.028232445520581115,0.14010345586616774,0.13293638564825005,0.2207395993836672,0.025082544574069998,0.05328417345366498,-0.12031917235307066,-0.012841734536649791,-0.17075280651551838,-0.1702355271846797,0.03015408320493066,-0.03539951573849879,0.15260620735197006,0.19681047765793527,-0.13668280871670702,-0.023909311027955096,-0.2723574730354391,-0.09480739599383667,0.17612810917895663,0.14853620955315872,0.1842196786264583,0.27429451904028174,0.20887959498128988,0.25307506053268763,0.011507814219678626,0.045161787365177196,0.13779440898084966,0.18233105877173675,0.08923398635263043,-0.07740920096852301,-0.20984371560642748,-0.3603103675985032,0.20755888179616994,0.14322254017169272,0.09381906229363857,-0.07185119964780982,-0.05903808056350429,-0.019148139995597623,-0.4257384987893462,-0.007825225621835791,-0.06782082324455206,-0.1398283072859344,-0.18102355271846798,-0.20512656834690732,-0.37655734096412063,0.15295619634602686,0.11406119304424389,0.29334580673563726,0.15527184679727052,0.33734536649790886,0.15229804094210875,0.14095751705921197,-0.08278010125467752,0.03480299361655294,0.010435835351089589,0.07306625577812019,-0.0022958397534668723,0.15408320493066255,0.12298481179837112,-0.18265903587937488,-0.37126348228043143
#53,-0.13649130530486464,0.0888267664538851,-0.3420889280211314,-0.2315628439357253,0.5501496808276469,0.32962139555359893,0.16784283513097073,0.1351948051948052,0.2069205370900286,-0.0574025974025974,0.00042923178516398854,1.0,0.44212634822804314,0.2493792648029936,-0.034780981730134275,-0.12686330618534009,-0.21662337662337663,-0.004552058111380145,-0.10106537530266343,-0.10865287255117764,-0.21821043363416245,-0.11749944970283953,0.204323134492626,0.21461809377063615,0.13761171032357472,0.17709002861545234,-0.210033017829628,-0.3427734976887519,0.08435615232225402,0.10461149020471054,-0.04165529385868369,0.07372881355932204,0.020312568787145057,0.1247655734096412,0.2510609729253797,0.18863086066475898,0.16340964120625137,0.132524763372221,0.060231124807395994,0.18961919436495708,0.11269425489764473,0.05747083425049527,-0.016517719568567027,-0.021879815100154083,0.09031256878714505,0.05640325775918996,-0.333959938366718,-0.27987673343605546,-0.2770019810697777,-0.24341844596081885,-0.42124367158265463,-0.2988575830948712,-0.2253202729473916,-0.06262381686110499,-0.1909883337001981,-0.023642967202289235,-0.185379705040722,-0.05709663218137794,-0.11794849218578032,-0.14843275368699096,0.29893022232005284,0.15985252036099493,0.20969403477878054,0.23934624697336562,-0.22558441558441558,-0.29683028835571207,0.20452124147039402,0.16197446621175435,0.08636583755227822,0.051890821043363414,0.19332819722650232,-0.0635461149020471,0.13392692053709002,0.1023398635263042,0.1423728813559322,-0.07283733215936605,0.1312392692053709,-0.020717587497248516,0.36500550297160467,0.31119084305524986,0.11482280431432974,0.2453202729473916,0.01598503191723531,0.6486220559101915,0.3457274928461369,0.40458727712965004,0.18451023552718468,0.13056350429231786,0.00904688531807176,0.2670592119744662,0.1710609729253797,0.11890380805635042,0.11010345586616772,0.06020030816640986,-0.010761611270085847,0.137376183138895,0.18022892361875412,-0.3032753686990975,-0.3909222980409421,-0.29039401276689414,-0.265148580233326,-0.08025313669381466,0.07724851419766673,0.14724851419766674,0.0692493946731235,0.08446621175434735,0.010695575610829847,0.20764032577591898,0.05685670261941449,-0.013717807616112701,-0.030629539951573848
#54,0.1830398415144178,0.302590799031477,0.1319502531366938,0.23318071758749725,0.3883711204050187,0.6928725511776359,0.49533348007924277,0.26327977107638123,0.287145058331499,0.3602377283733216,0.1380101254677526,0.44212634822804314,1.0,0.3323486682808717,0.02960598723310588,-0.1715232225401717,0.16231124807395994,0.08162667840633943,-0.07140655954215276,-0.24338983050847457,-0.16468633061853402,-0.08562403697996919,0.27000440237728374,0.17275368699097512,0.3513251155624037,0.19602905569007265,-0.19196346026854502,-0.27467092229804096,0.3621307506053269,0.19287915474356152,0.18285934404578472,0.08252036099493727,0.09167510455646048,0.15345586616773058,0.24699757869249395,-0.05535769315430333,0.33186660796830286,0.0916420867268325,0.3028021131410962,0.17686770856262382,0.2238828967642527,0.08940788025533788,-0.18822364076601364,-0.19387849438696897,-0.23662117543473477,-0.15391811578252257,-0.20539731454985694,-0.2717081223860885,-0.18356152322254018,-0.2272375082544574,-0.4286858903808056,-0.4314373761831389,-0.2897996918335901,-0.024684129429892142,0.036786264582874754,0.26414263702399293,-0.20471054369359454,-0.06539511336121506,-0.41267444419986793,-0.37313449262601806,0.26041162227602904,0.23593440457847237,0.07856702619414484,-0.00022892361875412722,-0.1065529385868369,-0.2630002201188642,0.20469513537310147,0.22664318732115343,0.05935064935064935,-0.03342945190402818,0.30329517939687434,0.0775214615892582,0.23712304644508034,0.0824389170151882,0.19461809377063613,-0.17029495927801014,0.17665199207572088,0.19028615452344266,0.44733436055469955,0.40158265463350207,-0.22549196566145718,-0.058615452344265906,0.3097336561743341,0.30342504952674443,0.17865947611710323,0.29060752806515516,0.187673343605547,-0.06947171472595201,0.02193264362755888,-0.1314813999559762,-0.019476117103235747,-0.056381245872771296,-0.27750605326876515,-0.04865947611710324,-0.36246092890160686,0.3190821043363416,0.027266123706801672,-0.1996169931763152,-0.18202729473915916,-0.04619194364957077,-0.044116222760290556,0.3191283292978208,0.302194585075941,0.0660840854061193,0.029828307285934403,0.09326876513317191,0.08063614351749945,0.14123486682808717,0.10492185780321374,-0.12175654853620956,-0.14024433193924718
#58,0.051424169051287695,0.07115782522562183,0.08696456086286594,0.011631080783623156,0.1288597842835131,0.3216927140655954,0.5293550517279331,0.2369865727492846,0.29233105877173676,0.33298040942108736,0.2588575830948712,0.2493792648029936,0.3323486682808717,1.0,-0.31059652212194583,-0.5070085846357033,-0.008509795289456307,0.06161787365177196,-0.2895135373101475,-0.22899625797930884,-0.04939027074620295,-0.08553378824565265,-0.05082984811798371,0.1825181598062954,0.12868589038080563,0.06598943429451903,0.11402817521461589,-0.009167950693374421,-0.08980629539951573,-0.1828857583094871,-0.06988994056790666,-0.19522342064714945,0.0914571868809157,-0.197739379264803,-0.23944309927360774,-0.27208892802113144,-0.14045784723750826,-0.24465111160026415,0.18606867708562624,0.012223200528285273,0.1432621615672463,-0.13737178076161127,0.04673343605546995,-0.03894122826326216,0.08228043143297381,0.03770195905789126,0.09806075280651552,0.14285274047985913,0.20662777900066034,0.054983491085186,-0.06104996698217037,-0.07547215496368039,0.12981730134272507,0.10835791327316752,0.10705921197446622,-0.06222099933964341,0.06714946070878275,-0.1435527184679727,0.030099053488883996,0.014085406119304424,-0.005051727933083865,0.020347787805414925,-0.05441778560422628,-0.14113801452784502,0.08233546114902048,0.03785604226282192,0.46090028615452344,0.5590909090909091,-0.15991635483160907,-0.2721571648690293,0.19020030816640987,0.013702399295619635,0.2593660576711424,0.2623002421307506,0.1637970504072199,0.11449922958397535,0.13955976227162667,0.1315430332379485,0.03912172573189522,-0.02941008144397975,0.08302003081664099,0.1258133392031697,-0.006504512436715826,0.36559982390490864,0.21935064935064935,0.04067796610169491,0.03473695795729694,0.07572969403477878,0.0125049526744442,0.21711204050187102,0.23186660796830288,0.10955315870570108,-0.09860664758969843,-0.06598723310587717,-0.19523662777900067,0.005584415584415584,0.06375302663438256,0.025071538630860663,0.16163108078362315,0.2061699317631521,0.1791173233546115,0.14819502531366938,-0.012670041822584195,0.03802553378824565,0.08906009244992295,0.08895003301782962,0.18944970283953336,0.10440237728373322,0.004259300022011887,-0.004844816200748404,-0.10211093990755007
#101,-0.01652212194585076,0.1058727712965001,-0.14371560642747083,0.1513713405238829,0.1476205150781422,-0.07150561303103677,-0.03650671362535769,-0.14173893902707463,0.30910191503411844,-0.02018049746863306,0.11367158265463351,-0.034780981730134275,0.02960598723310588,-0.31059652212194583,1.0,0.6876139115122166,0.11424829407880255,-0.06624697336561744,0.4488399735857363,0.29260620735197007,0.4754303323794849,0.20535108958837772,0.3750143077261721,0.048258859784283514,-0.00900726392251816,-0.03424829407880255,-0.45552058111380145,-0.356748844375963,0.1370526084085406,0.18361655293858684,-0.151831388950033,0.2901188641866608,-0.05771076381245873,0.24936605767114242,0.2918467972705261,0.3605921197446621,0.23817521461589258,0.3303852080123267,-0.1444155844155844,-0.01035659255998239,0.14355932203389832,0.24122165969623596,-0.1406339423288576,-0.005980629539951574,-0.1913185119964781,-0.1129672022892362,-0.5623948932423509,-0.4806845696676205,-0.6087673343605547,-0.34915694475016507,-0.4686748844375963,-0.2203367818622056,-0.48165969623596744,-0.2661831388950033,0.2823728813559322,0.13743121285494167,0.10235527184679727,0.14462909971384547,-0.4292163768434955,-0.4067048206031257,-0.18830948712304643,-0.11184899845916794,0.4252256218357913,0.3752894563064055,-0.4644574069997799,-0.23942989214175656,-0.323497688751926,-0.4204028175214616,0.6650055029716047,0.457442218798151,0.17235307065815542,0.15511996478098172,0.20217697556680608,-0.0948316090688972,0.1508716707021792,-0.03388069557561083,0.11729473915914594,-0.02722209993396434,0.2226304204270306,0.0586880915694475,-0.20252256218357914,-0.07848998459167951,0.12711424169051289,-0.0337112040501871,0.16291437376183138,-0.2629121725731895,-0.2526546335020911,-0.020286154523442658,-0.05178516398855382,-0.1726502311248074,-0.33256658595641647,-0.28165089148139993,-0.2949438696896324,-0.34744662117543473,-0.2532555580013207,0.2060906889720449,0.09041602465331279,-0.2975522782302443,-0.3936935945410522,-0.39140215716486904,-0.3058133392031697,-0.16727933083865287,0.13349548756328417,-0.02072198987453225,0.014732555580013207,-0.1642372881355932,-0.09093770636143518,-0.21786044464010565,0.16421747743781642,-0.1011270085846357,-0.11306625577812018
#102,0.14151882016288797,0.09103455866167731,-0.16265463350209114,0.05558221439577372,0.14275368699097513,-0.20557781201848999,-0.1354369359454105,-0.0658331499009465,0.04333920316971165,-0.15567906669601586,0.10843935725291658,-0.12686330618534009,-0.1715232225401717,-0.5070085846357033,0.6876139115122166,1.0,-0.030605326876513315,-0.22959278010125467,0.35300022011886417,0.5132753686990975,0.21257318952234205,0.49648250055029713,0.074554259300022,0.160066035659256,-0.2874664318732115,-0.030730794629099716,-0.5440237728373322,-0.3462161567246313,0.052273827867048206,0.18367378384327537,-0.19360114461809377,0.3145080343385428,-0.21151001540832048,0.24120405018710103,0.2561303103675985,0.4436055469953775,0.11780761611270085,0.47235086946951355,-0.36952894563064054,0.01167510455646049,-0.12213735417125247,0.25690292758089367,-0.14182918776139114,0.06735637244111821,-0.1520449042482941,0.17498789346246973,-0.49130090248734315,-0.5070922298040942,-0.5651045564604886,-0.2309090909090909,-0.1886814880035219,0.0662227602905569,-0.3580475456746643,-0.05957296940347788,-0.05983270966321814,0.1953180717587497,-0.08312568787145058,0.3618247853841074,-0.4073893902707462,-0.3293000220118864,-0.030231124807395995,-0.11946070878274268,0.49171692714065596,0.4503367818622056,-0.4766431873211534,-0.22066916134712744,-0.5707175874972485,-0.5434294519040281,0.6815298261060972,0.6556504512436716,0.19355051727933084,0.3051837992515959,0.31018710103455865,-0.09552938586836891,0.23047105436935944,0.03761171032357473,0.1965573409641206,-0.13916795069337443,0.05123046445080343,0.10086726832489544,-0.16459828307285934,0.012194585075941008,0.1386682808716707,-0.11394893242350869,0.20041822584195465,-0.09547655734096412,-0.12303984151441778,-0.009095311468192825,-0.035480959718247856,-0.07239489324235086,-0.21731895223420647,-0.13161127008584636,-0.17279991195245434,-0.35024213075060534,-0.22592119744662117,-0.05300022011886419,0.17356152322254018,-0.29103896103896104,-0.3503830068236848,-0.2671142416905129,-0.34027955095751705,-0.28189522342064716,-0.13462469733656174,-0.10671802773497689,-0.2575698877393793,-0.21731895223420647,-0.3744023772837332,-0.09502091129209773,0.14226942548976448,-0.28130750605326876,-0.31937706361435175
#201,0.4908100374202069,0.15595421527624917,0.7597446621175434,0.6080343385428131,0.00537970504072199,0.19511776359233987,0.25190182698657276,0.15868368919216377,0.1860576711424169,0.649438696896324,0.570015408320493,-0.21662337662337663,0.16231124807395994,-0.008509795289456307,0.11424829407880255,-0.030605326876513315,1.0,0.3990116662998019,-0.14480079242791108,-0.23664979088707902,-0.08471714725952013,-0.17705701078582434,-0.009806295399515738,-0.13975346687211093,0.18355491965661458,-0.16012326656394452,-0.08753686990975126,-0.03658155403918116,0.167607307946291,0.004521241470394012,0.02552058111380145,0.11828967642526965,0.41612810917895665,-0.007026194144838213,-0.1857891261281092,-0.12051287695355492,0.12193924719348448,-0.152887959498129,0.2910609729253797,-0.0373563724411182,-0.2812634822804314,-0.2799691833590139,-0.18653092670041824,-0.23212634822804315,-0.2300792427911072,-0.18820383006823685,-0.008619854721549637,-0.047556680607528067,0.023359013867488444,-0.11196786264582875,-0.05735857362976007,-0.05720008804754567,0.08445080343385428,-0.010037420206911733,0.1115628439357253,0.05053268765133172,-0.06590799031476997,-0.2137904468412943,-0.14147479639005062,-0.2523068456966762,-0.007189082104336342,0.021435174994497028,-0.08012987012987013,0.06896103896103896,0.06079242791107198,0.0005238828967642527,-0.15422628219238388,-0.11835791327316751,0.12387409200968523,0.01812458727712965,0.3052542372881356,0.323086066475897,-0.030834250495267446,0.0964208672683249,-0.12624477217697558,-0.04699097512656835,-0.012249614791987674,0.219537750385208,0.24390490865067135,0.037717367378384326,-0.43004402377283735,-0.4765463350209113,0.05203609949372661,-0.18008804754567467,-0.12047765793528506,-0.18684569667620515,-0.022617213295179395,-0.20768875192604005,-0.371089588377724,-0.301468192824125,-0.28433634162447724,-0.2786990975126568,-0.26546335020911294,0.0311930442438917,-0.22206471494607088,0.362260620735197,0.026506713625357694,0.5517279330838653,0.26693814659916354,0.426748844375963,0.43264582874752366,0.4540061633281972,0.24517719568567026,0.3039995597622716,0.18070878274268104,0.31995597622716265,0.23455646048866388,0.0865859564164649,0.15475016508914813,0.018809156944750164,-0.0502047105436936
