,#10,#11,#12,#13,#17,#18,#26,#49,#50,#51,#52,#53,#54,#58,#101,#102,#201,#202,#301,#302,#401,#402,#501,#502,#601,#602,#701,#702,#801,#802,#901,#902,#1001,#1002,#1101,#1102,#1201,#1202,#1301,#1302,#1401,#1402,#1501,#1502,#1601,#1602,#1701,#1702,#1801,#1802,#1901,#1902,#2001,#2002,#2101,#2102,#2201,#2202,#2301,#2302,#2401,#2402,#2501,#2502,#2601,#2602,#2701,#2702,#2801,#2802,#2901,#2902,#3001,#3002,#3101,#3102,#3201,#3202,#3301,#3302,#3401,#3402,#3455,#3501,#3502,#3601,#3602,#3701,#3702,#3801,#3802,#3901,#3902,#4001,#4002,#4101,#4102,#4201,#4202,#4301,#4302,#4401,#4402,#4501,#4502,#4601,#4602,#4701,#4702,#4801,#4802
#10,1.0,0.6422793026790891,0.42154500677874807,0.5344036299396988,0.05899747565813199,-0.01808944295580804,0.11209538634299096,0.7028205982644579,0.30977280923187883,0.4751413950983033,0.5618098572582817,0.035696841605536205,0.11131115138291026,0.07191681083869318,-0.12036865433862699,-0.0023718770969612035,0.37218933020491446,0.2653416534667476,0.2967347889001995,0.05555925812650924,-0.049218732168697245,0.0910342497957246,0.07378290659935088,0.4120574983909032,0.22992417844768953,0.37898725047588183,-0.031213281781372823,0.2574618723952033,0.11886226588212738,0.11092770704852853,-0.10753878950275486,-0.023137213729133098,-0.019202344488215933,-0.14927853122560678,0.07807930906982795,0.14206338700032412,0.09781573673807556,0.1021906540008308,-0.023181035938776722,-0.008798221548658629,0.018541359492757925,0.15363701515974565,0.1838852953662578,0.31157134575266926,-0.045234562941931004,-0.06286022084567736,-0.26175462301487673,0.03704437455207767,-0.35863183409641797,-0.1482934444713261,-0.23881278330373812,-0.17044465848347765,-0.19996165556656184,-0.15187773603509427,0.04880698599058735,-0.1092852871495935,-0.19485089036687406,0.03654224506657781,-0.13334459320664455,-0.14457677331592617,0.12553876211387383,0.020301551580110194,0.0059433871829166415,-0.12245660003560555,0.32351654973136074,0.07479812112276153,0.1826053216595836,0.1173367052089087,0.19194949490338573,0.06757932504667521,0.22008974423349933,0.29437934513185465,-0.07842897378427605,-0.1443111011699617,-0.08505890891827614,-0.20045556838775352,-0.05560216737345196,-0.259348053335281,-0.10340580735574048,0.2482245157874075,-0.17957611141796803,-0.22463812440942726,0.23362715516257584,0.013400466523940164,0.0927770955917596,-0.14815376117808707,-0.05224611648491101,-0.23851607042594275,0.10828376706669648,-0.2181259614638444,-0.05446096399731589,-0.27289276796596473,-0.1386306472449068,-0.16717716497692486,0.02957360077054052,0.07907352545111769,0.36898665705012623,0.12968543870140187,0.2058237890690976,-0.1692833699279216,-0.008977162238036764,0.05882036089415567,0.1304121570113253,0.16912725330606618,0.044552579804352094,0.021869108537570698,-0.044282342844883076,-0.01922334263033684,-0.12233700192178648,0.0021600697503503493,-0.2398289107898497
#11,0.6422793026790891,1.0,0.48560851246422326,0.4954803781491507,-0.041512414010325606,-0.07465843782952247,0.18760470540976049,0.44809304915847664,0.36578124500723525,0.5124742658638681,0.6433748579201797,-0.10318578334482145,0.008464990162826898,0.013773868268611886,-0.03673305427106775,0.18112723504681216,0.33381294307221077,0.39292088721715274,0.15475082965485445,0.04893753965681732,-0.13088689761579791,0.09526857080253986,0.059850182820780855,0.47569738938315675,0.2795893493771312,0.4164159823250421,0.0790844810035286,0.3165661646893416,0.03753098367166209,-0.02172394746812619,-0.06607658844097924,0.03227597036523073,0.08129476370242894,0.13162000666462773,-0.16273194958619966,-0.09434373958651919,0.012606188974149462,0.04142750847914108,0.04387424851757681,0.16918203106812071,-0.01826381883168163,-0.14961632742494305,-0.1356826906836721,0.09406163411193835,-0.2261992906279814,-0.10416356639749483,-0.05286327927072539,0.01769869491981905,-0.12099129490064683,-0.04337303199477786,-0.029309754549977862,-0.07230755887468218,-0.03168710942314452,-0.08534101439285698,-0.035453080564393544,0.015235521552766963,-0.31465989856984394,-0.06754098061323704,-0.022891626762588616,-0.04671356251740335,-0.08494478858066254,-0.16305879023312503,-0.036847174608681366,0.1421537703077141,0.3015013671616446,0.14245048318550946,-0.05546522296831563,0.015956762086484957,0.31127006806136936,0.2893726576800705,0.33475877243035235,0.44574582205443997,-0.048836200797016435,-0.060817010321043335,-0.14214920549420954,-0.20401429699589624,-0.16594557829339882,-0.21104958756909986,-0.0056183724613930895,0.29445055622252553,-0.3033948518033296,-0.261341050911365,-0.008712403054773197,-0.20753376820789987,-0.055633208105282855,-0.2599880401886181,-0.15683603646373026,-0.2536794679253379,-0.08360455933572834,-0.3071288692500468,-0.11957985456504175,-0.1715438655753719,-0.1342803799750761,-0.12355398120209798,0.010642406204494515,0.29578256880315157,0.43765605956168663,0.22189101964239252,0.2826304281338586,-0.06324366518005907,0.08119342484262805,0.10898492242099449,0.1520868044936024,0.10612643620444887,0.18901614574536557,0.12564283986177743,0.10562521968164991,-0.1390423934230167,-0.24542445918372005,0.0628355708527528,-0.014769910575303446
#12,0.42154500677874807,0.48560851246422326,1.0,0.6931039362386849,-0.003931217390113527,0.31779957729826946,0.2931349769705159,0.14432296968507352,0.0261792054485614,0.6469034587591924,0.28848617089748796,0.04440467984680486,0.2330236868172751,0.05984379208187449,-0.27450414713306887,-0.044776255666074766,0.6542884140468441,0.7416461630460087,-0.14543130640397686,-0.19869446333770033,-0.2647180999420269,-0.05611525241136273,0.16369421227295758,0.3187682307239338,0.3064916212848124,0.364231034341092,0.2203207237968293,0.2933330898766131,0.061398567561522274,0.22344214327123665,0.24626073301775256,0.16105118525382645,0.315480652037961,0.3292024814326211,-0.03896068326128536,-0.10049528226524305,-0.06458480738769418,-0.1413804909000443,0.08212282087215327,0.15387255953658013,0.011174663459124377,-0.24634289966083436,-0.16739536306244207,-0.22940835452167602,-0.3748953516504083,-0.34433757708828805,0.1657995042612534,0.21615487499258218,0.15254419880675776,0.1865858390355462,0.28456499609708447,0.3472572318057946,0.27831850529746605,0.34156125751482425,0.085260673675177,0.37232718757275174,-0.1097180314698243,-0.11237018811596453,0.14966380148539032,0.1323832434825875,-0.02895004724581977,0.0820032227583342,0.07422295462118896,0.19790383763871328,0.31593804635111633,0.325377167715813,-0.10690428042562321,0.15869848037358433,0.15479921667800262,0.26394573349705797,0.32292221101306906,0.514288322750574,-0.21142846708997703,0.10883337061264362,-0.19544888093596935,0.17797933965407844,0.03445795122040289,0.17700794734031142,0.22097714397878274,0.1152140669292956,0.012521283442964938,-0.014431201413266261,0.15111358625443358,-0.12071831905307509,-0.19189197825322846,-0.03374036253748853,0.2497500764606262,-0.250593653996266,-0.16341028087297493,-0.14488535470883337,-0.23578539898752437,0.007963773640027937,-0.13520247230299406,0.057602468651143254,0.06984895032113463,0.6259044036755879,0.5619221516704935,0.5446854158773343,0.5885331884765848,0.2880223858454263,0.5260098508675428,0.47022235206580637,0.2797180771179593,0.39419355722221966,0.39647231212368816,0.3092615501193699,0.33168939182989676,0.045313077734209166,-0.12037595804023427,0.05116608160973583,0.15807766573696633
#13,0.5344036299396988,0.4954803781491507,0.6931039362386849,1.0,0.017433022773854574,0.32682877841025804,0.3357228610425121,0.19816950978467773,0.04509031483518741,0.7934896629798189,0.3876266165145823,0.07741649814896813,0.3904951453208379,0.1128933157435853,-0.3067143841838342,-0.14721249663345004,0.5428740978787312,0.40345465086023913,0.07378655845015451,-0.058642333167478446,-0.15429800015520365,0.01829668548891435,0.1543628205069682,0.40153103844942417,0.337486704980668,0.5156084668160882,0.23413658834968298,0.36841240351125454,0.14570702113965134,0.3589458932655306,0.21407332003451,0.16804904435629284,0.16737253899491936,0.24477716862877566,0.1340430096728398,-0.00046378505206169803,0.016524624886450266,0.10974176850004794,0.03981247746123332,0.23762958364336026,-0.011058717196108953,-0.08238758005541684,-0.1878420757119968,-0.0610397732200651,-0.30676459713238413,-0.23934138870756436,0.09248951234097331,0.32624083043087276,-0.034327397554172925,0.12577521945340922,0.1331227432703237,0.24268283219289075,0.07455070823081524,0.18334116959651614,0.12409262919563421,0.22819959190567268,-0.011322563416671611,0.1412481113084125,-0.10516691240579366,0.016892548854916534,0.07220804594028311,0.09777100156573103,0.21719108765811374,0.1212250133520795,0.2658218718474257,0.33346053946966,0.0030492954210355736,0.15928916724107237,0.21520174193283334,0.30156618751340913,0.32580717314794105,0.4743918527208571,-0.1146982430032821,0.10336289810879777,-0.05574641548019556,0.1191325028415964,0.1675213519151675,0.1672721130978194,0.2622567525003766,0.19799148205800052,-0.05510551566415754,0.0007267183099234481,0.20103986451633518,-0.03707450232120767,-0.20557181136364674,-0.20794186253520613,0.0179716707673908,-0.11291796573650983,-0.059467651449100045,-0.13268726006199016,-0.07606440038892211,-0.029378226752546026,-0.15161845462803616,-0.2667375734364373,-0.1503530883245765,0.3507438363605655,0.5208068764350633,0.20751916080468533,0.3848840765610521,0.09227679203166154,0.3574714585035628,0.14522497683357147,0.19238771699982196,0.25399444005715144,0.29387812860905566,0.18483021176169848,0.19694157495195533,0.07447949714014435,-0.04180364911191553,-0.013792127522630064,0.05556017108921015
#17,0.05899747565813199,-0.041512414010325606,-0.003931217390113527,0.017433022773854574,1.0,0.13695170883793542,0.29027831667937204,0.05553825998438834,0.07856044041320692,0.019267164839980463,0.07320226232157286,0.5323522027507566,0.12538629734282206,0.30662856568994873,-0.26829234891608505,-0.19851369672292038,0.11127006806136935,-0.027293019943670203,-0.22753586802211195,-0.1328862859307883,-0.2409125975158285,-0.3833238233051989,0.019410499984023152,-0.22168103822118349,0.06851419885240588,0.04019866068371777,-0.17820849329200655,-0.11126093843436026,0.05683557998237982,0.17292061332834247,-0.06286387269648099,0.22699082928966938,-0.053013918116375354,0.030573294928035715,0.2765592261728147,0.4379819872459111,0.1044392811331693,0.19960194826240374,0.3488485257934787,0.0836620759858856,0.024387972629378227,0.17956698179095892,0.2437300004108332,0.3093227186203308,0.22907147128504066,0.2127833037381258,-0.0870345602030429,0.06821748597461051,0.13494136497053413,0.15035491424997832,0.009907471230262888,0.14213916290449954,0.013154879557395683,-0.017182870993805548,-0.15958222826806412,-0.19238862996252287,-0.06842746739581955,-0.06398133904239342,0.09333765469011764,0.15869939333628524,0.05329967544175983,0.08138332108441709,0.3283105168738331,-0.06009576978732534,-0.08042197136036007,-0.09465779875563184,0.3394367933098093,0.26308024485659637,-0.2272628921745402,-0.041418378852131996,-0.1353923685447831,-0.12829134465711403,-0.033290271925940466,0.0672378769965353,0.1379897474288688,0.173696631624115,0.05233923868040371,-0.07318217714215286,-0.04922238401950088,0.06002547165935536,0.22315456002045037,0.33860599725198226,0.036719359830554126,0.2273870551018638,0.62454043740043,0.04209853606430909,0.0779505813289998,0.1921658670635011,0.08763346373483911,0.4667320956602318,0.47881972182026505,0.08833005427563256,0.4169509784677747,-0.0813632359049971,0.11443165789461672,-0.12154089844659396,0.014008499682745462,-0.019936366499746654,-0.07858052559262692,0.15031748277924106,0.047193780898081406,0.12103146525948683,0.19330433155153445,-0.06480665732401503,-0.003934869240917163,0.03557906941711896,-0.051493835219362113,-0.017913241154532633,-0.19081468226615603,0.10057379705752122,0.08694417689565292
#18,-0.01808944295580804,-0.07465843782952247,0.31779957729826946,0.32682877841025804,0.13695170883793542,1.0,0.18269570496697357,-0.13633089420131742,-0.33613095536981835,0.30925607234316443,0.01572304363505229,0.5422624128691222,0.76864886085079,0.38909739942574645,-0.48584588276645957,-0.5149246577531075,0.2767381668621928,0.21209675578704232,-0.341413357557277,-0.45862042206265663,-0.4374899003501212,-0.37772462306052484,-0.18158097750916385,-0.09070193137259377,-0.11755672921982772,0.1819370329625183,0.09669096669055585,0.11624754070672443,0.5381641233047424,0.6547092898519631,0.48765811372776363,0.1732237169450442,0.10749588025581215,0.039875471887596034,0.3994522223794547,0.21219718168414228,-0.2657935700036975,-0.12473900678787768,-0.13116443827687418,-0.03065728749651933,0.012173444653918664,0.006449168519220148,-0.0424089433826181,-0.27995636038289656,-0.06504767947705496,-0.2807168583127536,0.22044032191064833,0.31166811979896564,0.158511323019898,0.2817211172837534,0.28044662135328463,0.36504265818219994,0.2727439550457166,0.1855870578407519,-0.09892681234508165,0.13912364710339759,0.040852341977568506,-0.25087758539624866,0.1140491265229359,0.19344036299396988,0.1202664025161252,0.14200587035016685,0.4058730890549467,0.16948148283401882,0.08995877973405396,0.15799093428037997,0.1540323280092392,0.4055964613565713,-0.16312908836109502,-0.07448406195364889,0.14510355279435058,0.19117986734651957,-0.19750761182651883,0.07033738536612087,-0.06156107492228405,0.025982005505165086,0.10209114106643173,0.1018099485545518,0.3192776639110409,0.15324626712375666,0.4240237005117156,0.616167656470395,0.2968534740513176,0.412731264864174,-0.07667791132393285,0.18022796678641695,0.02422637823131736,0.23013324690619766,0.011560846681608823,0.2826532522013813,-0.027774151287049166,0.31801321057028215,0.06857901920417041,0.0741763935234426,0.05359182350605066,0.18226387360944368,0.252406797920271,0.1902669046456107,0.09060698325169925,0.2791867328260304,0.36766103520840654,0.3195762027142381,-0.05993508835196538,0.24663413476242427,0.16982475680956055,0.23420597351495204,0.17363089830964956,0.07387511583214268,0.08663650846544664,-0.03823122606325918,0.15319240232440304
#26,0.11209538634299096,0.18760470540976049,0.2931349769705159,0.3357228610425121,0.29027831667937204,0.18269570496697357,1.0,0.1156468112495264,0.15586281822456144,0.41958213697179403,0.2651106739034177,0.1698311475484669,0.2794460142330885,0.2797153382298566,-0.23591412672835252,-0.17706637695316957,0.36826906836721185,0.034877001100120056,-0.0236429950654366,-0.008339001310101476,-0.04897040631405004,-0.17221489316053992,0.0462032163675953,-0.17200765062743362,0.10898492242099449,0.057964001880703164,0.12034765619650609,0.012150620586395943,-0.05850721468774393,0.11753573107770682,-0.03692751532636134,0.2303751820219385,-0.1993700557363729,0.09524665969771805,0.04632372744411527,0.2717004386785778,0.03905654434488079,0.2655589385895639,0.23656141728329688,0.01432073292645629,-0.33919029338056395,-0.010720008034071768,-0.03603463780487248,0.14961906631304578,0.030606161585268434,-0.11233366960792816,0.11892343438308828,0.2048067486202851,0.17755663792355764,0.05466729356772129,0.2710001962869807,0.2703191261121027,0.04809670100928026,0.121059767103215,0.20551429471348948,0.11721254228158509,0.10376003688369312,0.06896063761315031,-0.18500458763757208,0.0011768089214715134,-0.09375761753253571,0.0350668973419091,0.10158718565553004,-0.059317012603450084,0.08696882688857746,0.2612369731634614,0.21980307394541396,0.2688127376556031,0.012440942725284959,0.20976870089972474,0.1488996517047296,0.23536178429430266,-0.03963353677185519,0.15827303975496082,0.042089406437300005,0.2093624324978203,0.1829157289778926,0.1224931185436419,0.1765441622882497,-0.033860873614008496,0.24106962710038482,0.0024604344789493624,0.26504676651435405,0.1195342064299963,0.11409386169528044,-0.18408614716045776,0.04255775630286625,-0.17306303550968424,-0.25271081449967364,-0.006099503804772056,0.3044931459325229,-0.09343260281101215,0.20745890526642535,-0.1896771307408236,0.025703551881387884,0.187098924073457,0.07626525218312206,0.1724495245746735,0.078249120132197,0.11948125459334359,0.16377272706523574,0.1019441540715854,0.023338978486033952,-0.12656401922699448,0.012620796377364003,0.05411677705907325,-0.08608325306869588,-0.05364477534270337,0.021640867862343482,0.09771165899017195,0.13724203097682444
#49,0.7028205982644579,0.44809304915847664,0.14432296968507352,0.19816950978467773,0.05553825998438834,-0.13633089420131742,0.1156468112495264,1.0,0.6575458649636869,0.2722555200007304,0.6497409468336172,0.0027407140281283807,-0.027391619915368356,0.07403853615560536,0.05775675934759685,0.09990003058425048,0.24652092738751158,-0.021273856856578125,0.3238306089004734,0.1309188513103297,0.23872057407094632,0.3139651339544523,0.04189403241930551,0.2575869482852278,0.2706121871390944,0.054185249261641415,-0.16077455755545106,-0.0013630533124569196,-0.13745931609964074,-0.18901705870806648,-0.36519420999055086,-0.17253716899396077,-0.3748816572098947,-0.40098326082887886,-0.13230016387680482,0.11225880666645364,0.09662432041338952,0.02907147128504065,-0.15065527897857733,-0.2513422834110112,-0.22297927118187585,0.07148771836926603,0.22323581370083126,0.31272259171851535,-0.008166451359629703,0.03969014045931153,-0.37403168893534855,-0.19801430612552323,-0.5224346889307837,-0.4051116781623887,-0.4291572897789261,-0.32296420729731085,-0.411208443079058,-0.3427015479282594,0.18150428864228751,-0.35326452637777483,-0.06479752769700593,0.15180469901902158,-0.24066335869848038,-0.3845627136903322,0.02865607325612712,-0.04337850977098331,-0.14046113746022906,-0.26002273277125265,0.13969881360497016,-0.1619139350061853,0.3081824282068956,-0.022435145412134188,0.22562960190261427,-0.001942784627534042,0.20258185851817023,0.07511126732917327,0.21892754271524237,-0.11609233704756992,0.17538104780729183,-0.18901523278266466,-0.04436542245066578,-0.4141746588943109,-0.17750003423610128,0.03605654890969429,-0.09357411202965303,-0.3000707546093204,0.12974569423966184,0.13093437167624516,0.22959368594996052,-0.1876174868875732,-0.2542080733291641,-0.16617473193132695,-0.0011905033619851462,-0.21593941579516768,-0.07246641438464031,-0.46484774064555595,-0.14457494739052437,-0.1498993458622248,0.004579420907758813,0.03576348788270255,0.0725266699229003,0.0025672511149556986,-0.05224246463410737,-0.3608905038184665,-0.3481135908192471,-0.045068403730365594,-0.16999274194652778,-0.12679317286492262,-0.28486627378838436,-0.26817001191416323,-0.40362720081071085,-0.039920207059940566,-0.03612684703766428,-0.19749848219950975,-0.5077268598191421
#50,0.30977280923187883,0.36578124500723525,0.0261792054485614,0.04509031483518741,0.07856044041320692,-0.33613095536981835,0.15586281822456144,0.6575458649636869,1.0,0.15961509492529682,0.5643652398581256,-0.10592649737294983,-0.2012480200121424,0.05119620937886583,0.20487156897204964,0.24530120921909734,0.0651243683439313,-0.04117279188558751,0.24551940730461458,0.1512487047341681,0.2813924507114262,0.24645610703574705,0.1088525428293627,0.19318108158691177,0.3830088511733853,0.006915692459384572,-0.16451861759187827,-0.13443832252233334,-0.37490630720281926,-0.3680645647222083,-0.3179374346661067,-0.049863283835538896,-0.2723522940470267,-0.11995599519781619,-0.35200646377592243,-0.04756718264275313,0.06391469276522707,0.11164986054494744,-0.06619070877859284,-0.09493899126751176,-0.34258651462794487,-0.0994389844202915,-0.04988702086576253,0.23605107113348883,-0.09837264398562996,0.07329355859166374,-0.3233723016246171,-0.22126564019226994,-0.31968119342484264,-0.38806666453642036,-0.27373725846430547,-0.18256241241264087,-0.33342036911081996,-0.2761803466519375,0.16991696604235235,-0.17041087886354403,-0.033961299511108475,0.146631852355672,-0.26449807593110786,-0.3664385781518896,-0.049136565525615454,-0.1492694015985977,-0.21203650024878234,-0.20157486065906777,0.0074926848863589674,-0.2267561978755358,0.16737801677112482,-0.13266534895716836,0.25399352709445056,0.1832745233193498,0.16185459243062625,0.028290888175763577,0.34453386406898345,0.009996028612251047,0.25780240748264227,-0.012246481669991373,0.029400137857367836,-0.22044306079875106,-0.19585788822597652,-0.051204426043174,-0.14543678418018233,-0.3648710211944291,-0.13706400325014723,-0.09462493209839912,0.21680033962212475,-0.1913597209985986,-0.25165908146822663,-0.14651955794346022,-0.15606093113065866,-0.20550060027297584,-0.053991701169048736,-0.34738687250932365,-0.0891891521771878,-0.18873312730808384,-0.15032478648084832,0.0682074433849005,-0.02767646427805192,0.01852036135063702,0.016408678623434838,-0.26393112609384345,-0.26076040663358696,-0.06448620741599602,-0.07541710983397773,-0.16921946253885797,-0.13061483473092708,-0.16337376236493859,-0.27370895662057726,-0.022363934321463295,-0.1165844239433598,-0.01757270606709363,-0.2598127513500436
#51,0.4751413950983033,0.5124742658638681,0.6469034587591924,0.7934896629798189,0.019267164839980463,0.30925607234316443,0.41958213697179403,0.2722555200007304,0.15961509492529682,1.0,0.5426111646208694,0.17286583556628793,0.45371050865716883,0.21539894187622965,-0.2214993586437026,-0.12218271122533289,0.6982165273637746,0.3055914400617163,0.09850319765185993,-0.06802758973282147,-0.013496327607535594,-0.015171614163703342,0.10026521566461402,0.21968164990619307,0.4438231226063259,0.33271738783112015,0.3049779291267055,0.27074821858152986,0.10563800115946263,0.26082796587345425,0.15022436058374836,0.08211916902134964,0.09097764610826825,0.17271154486983434,0.018253776241971633,-0.04373913003784231,-0.039791479319112415,0.052587564535050924,0.0021153345780058155,0.10948066116758799,-0.0724545458695285,-0.2580534722253922,-0.28616268082367496,-0.210257135944711,-0.32250590002145463,-0.33334276728124274,0.07661126504676652,0.18853775329008934,0.0056713242980458035,0.05348135501924069,0.13776059379094066,0.16677089657502042,0.08246061707148955,0.09649285378445864,0.21989345725280393,0.19443731826336236,0.07697827605253188,0.13631172198459832,-0.07418643611315259,0.013241611013982024,0.059535210688967305,0.10884432616505453,0.22536666864475252,0.052653297849516355,0.19681832498733265,0.37129188786992107,0.02735144955652837,0.19905508360455934,0.39870815777821395,0.4193475055576604,0.5310137994312243,0.6235553506461493,-0.02001944610552936,0.15672282908881757,0.07410700835817352,0.23748259664851393,0.28705555834516383,0.14986374031688934,0.32929469066541284,0.02959003409915688,-0.03660067467943597,-0.07634285401269932,0.1267110062218408,-0.00525957811993591,-0.17496199792757466,-0.1975541729242652,0.027996914186070927,-0.11963554528979718,-0.2666280179123282,-0.14618632655762848,-0.18615583360341814,-0.08031880657515737,-0.11533549096851649,-0.2596657643551973,-0.11015716652896146,0.44217978974468997,0.41893484641684964,0.28960820205690496,0.32535343068558936,0.14322011074237562,0.3096057370576125,0.10125851908320285,0.04143846403155199,0.1971132119397262,0.2642652704423761,0.19434237014246783,0.13456431137505878,0.19933810204184108,0.008281484659944218,-0.020327114535735644,0.01523643451546787
#52,0.5618098572582817,0.6433748579201797,0.28848617089748796,0.3876266165145823,0.07320226232157286,0.01572304363505229,0.2651106739034177,0.6497409468336172,0.5643652398581256,0.5426111646208694,1.0,0.15622526441682225,0.14787713347971168,0.2858376661021514,0.013504544271843773,0.03983347560335423,0.39557760867679753,0.13100466980421516,0.20661258884268283,0.056176420912323624,0.08405191105917367,0.1280484965786723,0.05614264129239,0.2900646834073594,0.29555615405332614,0.22237762876197692,-0.05909424970442832,0.12277522401822273,-0.019738253593649432,-0.059485910703118226,-0.21997927574668938,-0.06218280252160298,-0.13972620248599743,-0.09725882949052117,-0.18289655676117353,0.05677806333222256,0.02619563877717776,0.027306714384183833,-0.10237781135451711,-0.024665513290454518,-0.1710152601715457,-0.07457353229833795,-0.04187577316528733,0.15280621910191858,-0.13502353161361594,-0.07720925561586181,-0.22417433935736555,-0.06329205220320724,-0.3081952096847083,-0.2500047930541798,-0.16274746995211511,-0.1698421031008778,-0.228396791849069,-0.24169409358780647,0.14292796267808477,-0.13220704168131212,-0.1597255634121068,0.11503238735181474,-0.10548462342570994,-0.17183327475156002,0.10770312278891846,0.07402940652859627,-0.00975318053380929,-0.11236379737705816,0.12867844084229937,0.026008481423491443,0.17540934965102,0.03325923119410956,0.3359109313588993,0.25435232143590775,0.349907562526533,0.3228583036240054,0.10188389853332543,-0.06447707778898693,0.12442220873066231,-0.05141349450168213,0.046289947824181644,-0.25537483966092567,0.0010800348751751746,0.0767536872281083,-0.1258756453505092,-0.2293243619531924,0.01748323572240456,0.09783673488019647,0.20737034788443717,-0.1685940830887354,-0.15510688510820891,-0.16131685739979093,-0.13866168797673772,-0.22606325918554598,-0.13168208812828952,-0.2943829969826583,-0.1158330556405118,-0.2104945062469473,-0.00014881292024814327,0.22644213870642316,0.24574217020363634,0.07536689688542775,0.055866926556715525,-0.1563558180830522,-0.0823218467409514,0.021765943752367997,-0.05826254068390036,0.004355745046036144,-0.05334349765140345,-0.09731269428987478,-0.1491671497760959,0.12648093962121176,0.007130238694098153,-0.08133584702396983,-0.2609795176818051
#53,0.035696841605536205,-0.10318578334482145,0.04440467984680486,0.07741649814896813,0.5323522027507566,0.5422624128691222,0.1698311475484669,0.0027407140281283807,-0.10592649737294983,0.17286583556628793,0.15622526441682225,1.0,0.5951056069604276,0.5120570419095528,-0.39770389880721424,-0.5633445475585095,0.21161379851826154,-0.02563690560422154,-0.29231787535320247,-0.33604331095053114,-0.4163100786517367,-0.5317103899720177,-0.17380710011092496,-0.22081007180451642,-0.07014931504973364,0.05148561855505393,-0.004897131927675095,-0.091591157043279,0.4579247444845641,0.5650380933686954,0.2868921380217011,0.2558331469367819,0.0976431867876038,0.0211989939151036,0.49100047017579096,0.553693618847202,-0.05595274505060096,0.08303578357306213,0.16069239091236928,0.03179392605915085,0.16018113179986032,0.28988574271798123,0.16072890942040563,0.07575581899601491,0.15893858956392337,-0.17162877110655644,0.08646030666417123,0.15608832001168593,0.13263339526263654,0.1432593681385147,0.12938233508470012,0.1742444092446603,0.17992760205781794,0.026962527445941197,-0.05382828084558605,-0.06513075908283768,0.052071740609037416,-0.040174010690793224,0.22877658433264708,0.23773000954046022,0.377863393391063,0.31668119798965616,0.45132950193319854,0.016902591444626528,-0.17729918244190135,0.0419862416520973,0.3195707249380327,0.4528961459279581,-0.23506415845380638,-0.07213774781231312,-0.12534703994668298,-0.1164301332469062,-0.25854647208388304,-0.0569570040216007,-0.007253488658720848,0.05772297972766323,0.09773539602039559,-0.06252790242254652,0.22144092903084445,0.07746305924671447,0.5657593339024134,0.6467619495405516,0.1766884103949933,0.6505717428914441,0.537516832749798,0.2916623681339499,0.14967475703780123,0.2183742873184916,0.14108012617144527,0.5708865324307175,0.1181108975792794,0.2988884679116435,0.27984497893338567,0.03907297767349715,0.1298762479058918,-0.19485089036687406,0.0038307914930135528,0.010939119082289893,-0.06121141020783596,0.3198327452331935,0.15697115494346478,0.20868866602454958,0.1243482587518887,0.13535585003674674,0.15098668443900726,0.17299273738171428,0.11841674008408387,0.22413873381203012,-0.008207534681170602,0.12385891074420155,0.05148744448045575
#54,0.11131115138291026,0.008464990162826898,0.2330236868172751,0.3904951453208379,0.12538629734282206,0.76864886085079,0.2794460142330885,-0.027391619915368356,-0.2012480200121424,0.45371050865716883,0.14787713347971168,0.5951056069604276,1.0,0.4752883820931496,-0.3957118141938311,-0.523795003355138,0.3350773964129696,0.0445224520352221,-0.20668745178415734,-0.4294594804329269,-0.295537894799308,-0.3912665988031059,-0.1011489635590938,-0.12451624388885592,0.06602454956702744,0.1569501568013439,0.16888714411572714,0.1283178205754404,0.5884601514605121,0.6738166862192845,0.44083590864895217,0.1544139464182191,0.028735501011106192,0.020034966471444808,0.5124167492137108,0.31978709709814807,-0.31015807949166235,-0.017732474539752678,-0.1520539378363697,0.008956164095915861,0.011134493100284387,0.07190220343547864,-0.0017884939310804458,-0.20354320824222727,-0.043131096879037004,-0.3914820580005204,0.1687164200906572,0.35322526898163575,0.0758160745342749,0.19014639356909074,0.2757631226976222,0.31149556984849386,0.18866465510551567,0.09637873344684503,0.0008718793793679559,0.08458508127650445,0.10354275176087681,-0.11358351554547239,0.08286414658529126,0.21042785996978094,0.18512783760219476,0.15660779578850306,0.47621138738376845,0.17684543997954963,0.0374698151707012,0.16917564032921434,0.33892279530919767,0.5553670794779679,-0.001047168217942456,0.02267160275166958,0.21781281525743265,0.18519722276746384,-0.1446625918098116,0.04052276244254041,-0.013158531408199317,0.08610881602432133,0.23562563051486532,0.13432602811012156,0.49930843075406156,0.16773224629907746,0.5453427490219888,0.5379358826295152,0.43865940556998545,0.5223780852433274,-0.04170413617751647,0.1425682553739267,0.016060839834388566,0.13649066267397644,-0.010036198971091035,0.15998028000566036,-0.056555300433200804,0.2205288792926365,0.06795546567944967,-0.038959770298584454,0.04749505858938133,0.1208634801225196,0.20373858226022176,0.1808862128937722,0.06573879224164297,0.2247348984557236,0.28356165008878564,0.08227711156860687,-0.05316729585012804,0.1556418812509415,0.16006153368604126,0.1543436482902491,0.13227551388388029,0.1315360140961441,0.10451597000004564,-0.030061122852825847,0.17184605622937274
#58,0.07191681083869318,0.013773868268611886,0.05984379208187449,0.1128933157435853,0.30662856568994873,0.38909739942574645,0.2797153382298566,0.07403853615560536,0.05119620937886583,0.21539894187622965,0.2858376661021514,0.5120570419095528,0.4752883820931496,1.0,-0.14231536470577494,-0.28131210999374623,0.15502563142782802,0.10170130599314366,-0.06877895803566945,-0.10626520653498701,-0.20575531686652943,-0.3521890563161042,-0.08707473056188289,-0.219251644474065,0.0850543441047716,0.14091214103447805,-0.05269438117105726,-0.04158179917559468,0.449852328283128,0.4740732287382399,0.11726732004363961,0.17858372096208008,-0.028342014087014474,0.013034368480875714,0.35528673876028793,0.5005318007732794,-0.0015346903002277843,0.12124875038230314,0.0492452080870236,-0.09696029068732397,0.005433953995809501,0.29913588080358977,0.12109445968584953,0.16757430375182022,-0.008212099494675145,-0.15777456212026458,-0.020644825555651922,0.14593343588947674,-0.034525510460270144,0.08689396394710294,0.11950042681006268,0.12995932751167452,0.13102475498363514,0.0070845905590527095,-0.08250078743032953,-0.08652512701593576,-0.06734743252064437,-0.1635819178607458,0.0100015063884565,0.11449830417178306,0.2528477589048099,0.16944496432598247,0.5026215723956597,0.14350495510505917,-0.016793035920517466,0.023934230167026525,0.48788270255218724,0.39037189535621525,0.0006655498089625548,0.09681330369247765,0.13682937183601365,0.1200902007148498,-0.09701232956127577,-0.012820735208863041,0.10772594685644118,0.09059785362469017,0.12720035422952794,-0.1706144695458467,0.17185427289368094,0.17603107725033892,0.20385452852323718,0.35307736902408854,0.11446452455184944,0.23996129038148145,0.3028507260335879,0.07299867163927018,0.02602856660291144,-0.05033254666380605,0.02197866406167976,0.19067408601021604,0.07047250384585538,0.007193233120460864,0.09743137944099294,-0.030188937630953087,0.1311151382910251,0.07316026603733104,0.16805908694600283,0.12775908740248418,0.05443174919088681,0.13390880415580622,0.12613036194406277,0.2001122944122118,0.10813495414644834,0.11651047396458618,0.10945601117466346,0.09976491210451598,0.04163657693764921,0.16491119155326908,0.12210876124655927,0.07862526076497145,0.030301232043164875
#101,-0.12036865433862699,-0.03673305427106775,-0.27450414713306887,-0.3067143841838342,-0.26829234891608505,-0.48584588276645957,-0.23591412672835252,0.05775675934759685,0.20487156897204964,-0.2214993586437026,0.013504544271843773,-0.39770389880721424,-0.3957118141938311,-0.14231536470577494,1.0,0.7073616747387785,-0.2845166090739363,-0.1389474453021222,0.4280243030670982,0.39742453222073615,0.5494784700571058,0.44254862667585715,0.0966955315040604,0.08187540798020697,0.07974729192438842,-0.22403100421332287,-0.30550836045593355,-0.3606759575837529,-0.29196821063875433,-0.45500326384165574,-0.32168149470253393,-0.3152724965421538,-0.17660624375191153,-0.2576727667791132,-0.3164100480674862,-0.3261093638019419,0.16831654242765912,0.06352211880383626,-0.19199605600113206,-0.15282265243053494,-0.07138090173325969,-0.09981056023956142,-0.08685744543906658,0.13069517544860704,-0.07802635723317523,0.20948385653704119,-0.3178105328506804,-0.5032049555615405,-0.3941241720569506,-0.45402365486358054,-0.2949992468057718,-0.38610288176676544,-0.3361638220270511,-0.3392569396577303,0.08410303697042458,-0.32217905937452923,-0.08954338170514044,0.034894347391437326,-0.2686940525044849,-0.36198240720875346,-0.3076346505863503,-0.40242939374711845,-0.10895022983835996,0.030269278348633067,-0.1702629789059968,-0.30469308476402196,-0.006233709321805657,-0.21433716625507265,0.470707135259989,0.24233134155304084,0.17548421259249453,-0.01663783226136296,0.47473512669639883,0.019975623895885735,0.2847439367864626,-0.1190895935946537,-0.0819612264740924,-0.259408308873541,-0.05741348537205512,-0.0608754399339015,-0.23997863667279873,-0.3605189279991966,-0.26575979038376385,-0.2693824263809702,-0.0746602637549243,-0.37621640867862344,-0.3898085973697545,-0.18845102183350299,-0.1059538862539771,-0.33183911771284585,-0.20970935832416568,-0.3564827198984786,-0.21735633390697823,-0.216116530559144,-0.1704090529381422,-0.10053362669868122,-0.24804557509802938,-0.12314771280019354,-0.11488174850616478,-0.3240926291956342,-0.3320591417237649,-0.18224561435542552,-0.22441353558500368,-0.13075634394956795,-0.19631619550183277,-0.32243742781888646,-0.2644825555651924,-0.20408824697466985,-0.1915441394641822,-0.24091990121743576,-0.28124363779117806
#102,-0.0023718770969612035,0.18112723504681216,-0.044776255666074766,-0.14721249663345004,-0.19851369672292038,-0.5149246577531075,-0.17706637695316957,0.09990003058425048,0.24530120921909734,-0.12218271122533289,0.03983347560335423,-0.5633445475585095,-0.523795003355138,-0.28131210999374623,0.7073616747387785,1.0,-0.10833854482875102,0.15051468272263738,0.36119178150976644,0.43616793035920515,0.3368594996051436,0.5199724285264326,0.1114197939443184,0.37692943254803324,0.11268972506128262,0.0034692582634536467,-0.23422697165707296,-0.10328073146571597,-0.4302437153930076,-0.4753395080044005,-0.3600980521940776,-0.242460069293869,-0.15005911433488384,-0.01703679696166013,-0.48151296178794617,-0.48008873997452833,0.07516330620312507,0.025491744534777032,-0.11179228272628922,0.10599862142632163,-0.09067089064076288,-0.16344040864210493,-0.11820584570017392,0.17116224716639203,-0.21335481838889472,0.1623539830280234,-0.22948321746315054,-0.3474653873016018,-0.26655041608275093,-0.337045743996129,-0.29315780103803857,-0.360044187394724,-0.384945245062013,-0.3095135278248207,-0.09903089009298525,-0.17484605166455924,-0.31728831818576053,0.027886445699260957,-0.13338841541628818,-0.24160097139231376,-0.3862133502535754,-0.39558947719190934,-0.230069339517134,0.13525451117694587,0.01690350440732744,-0.18279521790137265,-0.1163068832822835,-0.21343789799467744,0.4310051262855656,0.31094870519064943,0.1872760388374333,0.1370220069659054,0.417889504124309,0.03815453719638284,0.1602304317857094,-0.09970191767815326,-0.17345104465757052,-0.22939192119305965,-0.12459293275573226,0.13299858034300008,-0.37171458960044185,-0.4734944103858637,-0.3416196871276824,-0.4428426006655498,-0.17127910639210836,-0.3541994001835055,-0.2009074849247034,-0.29658597597995134,-0.12062337093218056,-0.36016195958314123,-0.14680075045534013,-0.3839784175617505,-0.26298438377300093,-0.10627707505009883,-0.15029739759982105,0.07854857189809511,0.06346003734017447,-0.051585131489453,0.03786512802019473,-0.33363400238283264,-0.3132575878612479,-0.1236069330387507,-0.04337485792017967,-0.17633235494163885,-0.1556327516239324,-0.25480332501015673,-0.1782760525318738,-0.27398832320705535,-0.230149680234814,-0.14554999155509502,-0.1935763944364053
#201,0.37218933020491446,0.33381294307221077,0.6542884140468441,0.5428740978787312,0.11127006806136935,0.2767381668621928,0.36826906836721185,0.24652092738751158,0.0651243683439313,0.6982165273637746,0.39557760867679753,0.21161379851826154,0.3350773964129696,0.15502563142782802,-0.2845166090739363,-0.10833854482875102,1.0,0.378294311785892,0.00772183852428709,-0.10550562156783085,-0.0064984685050692255,-0.027057475566835718,0.21207758357032325,0.14988839030981388,0.423168254460964,0.19723920079245164,0.3036559591357895,0.2466788699347688,0.12702597835365437,0.2215696567716726,0.15411358168962008,0.1371032606462863,0.12178739837583935,0.20309129170527737,0.10721377478123131,0.08968854277458495,0.04546371657985913,-0.03517736582871907,0.03180944642506631,0.11650864803918436,-0.058002346314141334,-0.2604554770914834,0.003548686018432717,-0.11968119342484262,-0.30547549379870087,-0.35476178520726537,0.08685379358826295,0.15751436775050556,0.03403524948988209,-0.031240670662400088,0.12849128348861308,0.20606481122213752,0.09408171929135835,0.11032332574052688,0.18723769440399513,0.19846713562517404,0.06200020998142121,0.12656858404049903,0.05296187924242355,0.05871537018355115,0.05023759854291153,0.12222470750957469,0.08970954091670585,-0.0706386630574208,0.19531376245623486,0.3457663637152104,0.1699945678719296,0.2583684443572058,0.25134593526181487,0.21785572450437538,0.374407829568123,0.4530184829298799,-0.11361364331460239,0.16787832033122288,-0.005376437345652243,0.3292024814326211,0.24034199582776045,0.20990016752865562,0.325447465843783,0.03549325092323353,0.12171070950896301,-0.04341776716712239,0.25816850552570675,0.07943231979257487,-0.009924817521580157,-0.05192475361419109,0.24941775803749539,-0.28400078514792276,-0.19132685434136587,-0.1421464666061068,-0.17214642095797175,-0.1471677614611055,-0.015058406788790644,-0.03944637941816887,0.1074091487992258,0.5128586231609508,0.3571345752669275,0.3763980882561043,0.3112162032620157,0.14488444174613246,0.2840354777305573,0.4105666303003191,0.22166004007906256,0.19849087265539767,0.21183930030538603,0.16260504777077334,0.15250676733602048,0.11836470121013205,0.11715319970602601,-0.1368028959176873,-0.08892713188202696
