,#10,#11,#12,#13,#17,#18,#26,#49,#50,#51,#52,#53,#54,#58,#101,#102,#201,#202,#301,#302,#401,#402,#501,#502,#601,#602,#701,#702,#801,#802,#901,#902,#1001,#1002,#1101,#1102,#1201,#1202,#1301,#1302,#1401,#1402,#1501,#1502,#1601,#1602,#1701,#1702,#1801,#1802,#1901,#1902,#2001,#2002,#2101,#2102,#2201,#2202,#2301,#2302,#2401,#2402,#2501,#2502,#2601,#2602,#2701,#2702,#2801,#2802,#2901,#2902,#3001,#3002,#3101,#3102,#3201,#3202,#3301,#3302,#3401,#3402,#3455,#3501,#3502,#3601,#3602,#3701,#3702,#3801,#3802,#3901,#3902,#4001,#4002,#4101,#4102,#4201,#4202,#4301,#4302,#4401,#4402,#4501,#4502,#4601,#4602,#4701,#4702,#4801,#4802
#10,1.0,0.4705150781421968,0.37128989654413386,0.27362976007043804,0.17182698657274928,0.27847457627118644,0.301254677525864,0.7944464010565705,0.30093110279550955,0.1585494166850099,0.3502729473915915,0.32719788685890383,0.1653863086066476,0.253629760070438,-0.027134052388289677,0.16662777900066036,0.06572749284613691,0.1312326656394453,-0.06288355712084526,0.06473475676865507,-0.08415584415584415,0.1435064935064935,-0.3547897864847017,-0.1756416464891041,-0.26073299581774156,-0.17401056570548096,-0.20602905569007263,0.016337222099933966,0.045097952894563066,0.19280431432973805,0.2524741360334581,-0.6177085626238169,-0.23577812018489985,-0.3463680387409201,-0.00887739379264803,0.04728153202729474,-0.06897864847017389,-0.016189742460928903,-0.27810917895663656,-0.24681928241250276,0.2062821923838873,0.21146819282412502,0.12344265903587938,0.1493814659916355,0.04793088267664539,-0.012150561303103677,-0.23695135373101475,-0.2844419986792868,-0.08477437816420867,-0.061127008584635704,-0.32780101254677524,0.2566255778120185,-0.2358947831829188,0.06860004402377284,-0.38793748624257096,0.057173673783843276,-0.2294651111600264,-0.05923838872991415,-0.12747743781642087,0.11761391151221659,-0.16484701738939028,-0.11075060532687651,0.07075500770416025,-0.0810609729253797,-0.155049526744442,0.11706141316310807,0.045582214395773715,0.1839357252916575,0.28987233105877175,0.19592780101254678,0.040378604446401054,0.2911138014527845,0.053882896764252695,0.34366277790006605,-0.10600704380365397,-0.06584635703279772,-0.2909222980409421,-0.3237970504072199,-0.13474136033458067,0.07329738058551617,0.020303764032577592,0.06427250715386308,,0.23480079242791108,0.455115562403698,0.1429473915914594,0.04903147699757869,-0.20644287915474357,-0.056480299361655294,0.14531807175874972,0.12633061853400837,0.47066035659256,0.06555359894342945,0.13703720008804754,0.08510675764913053,0.05450143077261722,0.1233149900946511,0.05262821923838873,0.010975126568346908,-0.110264142637024,0.19963460268545014,0.1509751265683469,-0.05389170151882016,-0.2548866387849439,-0.2711798371120405,-0.07441118203830069,-0.31454325335681266,0.11523662777900066,-0.14337662337662338,-0.16184239489324234,-0.17762271626678405
#11,0.4705150781421968,1.0,0.43418666079683027,0.41319392471934846,0.1590909090909091,0.31144838212634823,0.44267224301122604,0.3351617873651772,0.3127867048206031,0.40055029716046664,0.16283733215936605,0.1633039841514418,0.3140744001760951,0.1711996478098173,0.09670041822584195,0.15874972485141978,0.22226282192383887,0.14156724631300902,0.13112920977327758,0.15017389390270747,-0.0037574290116663,0.18043143297380584,-0.1958991855602025,0.06787365177195685,-0.02080563504292318,0.24207131851199648,-0.12180277349768875,0.02187541272287035,0.05848778340303764,0.09220559101915034,0.038355712084525644,-0.07022892361875413,0.029960378604446402,-0.08384767774598283,0.07575610829848119,0.02815760510675765,0.11132731675104557,0.0658331499009465,0.12004842615012107,0.10057671142416905,0.23195905789126128,0.013299581774158045,0.07598503191723531,0.09991635483160907,-0.17448822364076602,-0.11194144838212634,-0.08775038520801233,-0.08059652212194585,-0.194785384107418,-0.19591019150341185,-0.2860444640105657,-0.09866387849438697,-0.24405899185560204,-0.06985692273827868,-0.346319612590799,0.15387189082104336,-0.4614241690512877,-0.026090688972044904,-0.34985252036099496,-0.16670702179176755,-0.16403918115782523,-0.12812458727712964,0.10081223860884878,0.10315650451243671,0.04641206251375743,0.11023992956196346,0.29118203830068234,0.25149460708782745,0.25851419766674005,0.22830948712304644,0.28324235086946953,0.26143517499449703,-0.0045652652432313446,0.08868368919216377,-0.05343165309267004,-0.04076381245872771,-0.3042218798151001,-0.15445300462249614,0.2025313669381466,0.26109178956636586,-0.17362755888179618,0.14641866607968304,,0.016396654193264363,0.144851419766674,-0.12488663878494387,-0.2259322033898305,0.07378604446401056,-0.025650451243671584,0.08020030816640986,-0.0040149680827646925,-0.14296500110059432,0.04324675324675325,-0.2573849878934625,-0.27204710543693594,0.14484701738939026,0.22996478098173012,0.000937706361435175,0.09959718247853841,0.16779661016949152,0.02600264142637024,0.0851617873651772,-0.09549636803874093,0.03341624477217697,-0.07448822364076602,0.062207792207792205,-0.09020030816640986,-0.12792868148800352,-0.3721879815100154,-0.29667400396213955,-0.1374686330618534
#12,0.37128989654413386,0.43418666079683027,1.0,0.6556680607528065,0.2133480079242791,0.18802553378824566,0.2150231124807396,0.1990578912612811,0.11180717587497249,0.4713053048646269,0.37484921857803216,0.062557781201849,0.27940788025533786,0.005322474136033458,-0.1672243011226062,0.002971604666519921,0.4805524983491085,0.4719502531366938,0.04859344045784724,0.03348668280871671,-0.18664758969843714,0.02075280651551838,0.09177195685670261,0.24887079022672243,0.15587497248514198,0.25425489764472814,-0.023517499449702838,0.24933083865287256,-0.13748624257098832,-0.13082544574069999,-0.0250297160466652,-0.1116090688972045,0.19184899845916795,0.005740699977988113,-0.20775478758529606,-0.18022232005282854,-0.061104996698217035,-0.18566145718688093,0.10677305745102356,-0.07794629099713846,-0.0263284173453665,-0.07086286594761171,-0.02384107418005723,0.04430332379484922,-0.20541932643627558,-0.2319106317411402,-0.10275148580233326,-0.026898525203609948,-0.02793088267664539,0.04085846357032798,-0.2987101034558662,0.3216200748404138,0.0175874972485142,0.20369579572969404,-0.28698217037200086,0.19360994937266124,-0.35948932423508695,-0.3286506713625358,-0.2546445080343385,0.007103235747303544,-0.12979308826766453,-0.10244111820383006,-0.07473255558001321,-0.06467532467532468,0.13289016068677087,0.3606207351970064,0.10012987012987012,-0.08120845256438476,0.1843099273607748,0.32229804094210873,0.4570856262381686,0.5360070438036539,-0.27454545454545454,0.07452344265903588,-0.28648910411622275,-0.09392251815980629,-0.47209112920977325,-0.17250275148580232,0.05465111160026414,0.09054809597182478,-0.1584569667620515,0.15596962359674224,,0.29214615892581997,0.19756328417345367,-0.2256020250935505,-0.1149438696896324,0.025192604006163327,-0.10805635042923178,-0.03919436495707682,-0.17909311027955097,-0.09423508694695136,-0.03600264142637024,-0.2220757208892802,-0.3360708782742681,0.32073739819502534,0.40979088707902267,0.3092604006163328,0.344950473255558,-0.032729473915914596,0.3684349548756328,-0.0027933083865287257,0.1249438696896324,0.26911732335461147,0.10711424169051288,0.17694475016508915,0.038142196786264584,-0.06548976447281532,-0.08599163548316091,-0.056480299361655294,-0.09452564384767774
#13,0.27362976007043804,0.41319392471934846,0.6556680607528065,1.0,0.3002773497688752,-0.02828747523662778,0.07613911512216597,0.17829407880255338,-0.15898084965881576,0.6578318291877614,0.37346687211093993,0.06548756328417345,0.21429011666299802,-0.18941008144397975,-0.34290997138454765,0.07093990755007704,0.27209993396434073,0.013343605546995378,0.04829627999119525,0.20565265243231345,-0.2747831829187761,0.09174554259300022,-0.024356152322254018,0.24865947611710323,-0.16660356592559983,0.055830948712304644,0.07652432313449263,0.32312788906009243,-0.40440237728373324,-0.3845036319612591,-0.3043363416244772,-0.18064714946070878,0.061144618093770635,-0.18321593660576713,-0.21999779881135814,-0.20293198327096632,-0.17163548316090688,-0.3206735637244112,0.14441778560422627,-0.11023552718467973,-0.0576271186440678,-0.05535549196566146,-0.07526304204270307,0.033171912832929785,0.04046445080343385,-0.08641646489104116,0.13860664758969843,0.1418115782522562,0.05475236627779001,0.20414924058991857,-0.14442438917015188,0.24554039181157825,-0.017023992956196346,0.003671582654633502,-0.46065375302663436,0.07235086946951354,-0.18330618534008364,0.012293638564825005,-0.14482500550297162,0.1683248954435395,0.043812458727712965,0.002837332159366058,-0.09340083645168391,0.04199427690953115,0.29654193264362755,0.23644287915474357,-0.1729253797050407,-0.14572309046885318,-0.21296940347787804,0.025646048866387848,0.14747743781642086,0.1590644948272067,-0.1776337222099934,0.1897622716266784,-0.1721483601144618,-0.07231124807395994,-0.373020030816641,-0.05207792207792208,-0.3358683689192164,-0.1356878714505833,-0.3037442218798151,0.06347787805414924,,0.20530266343825665,0.21390050627338764,-0.1695839753466872,-0.01464010565705481,0.19307285934404578,-0.03476117103235747,-0.1702905569007264,-0.13378604446401057,-0.18541272287035,0.15027514858023333,-0.15195905789126127,-0.1693682588597843,0.0736517719568567,0.2093220338983051,0.15564384767774597,0.227178076161127,-0.1873695795729694,-0.007327756988773938,-0.28372881355932206,-0.13320272947391593,0.25279110719788683,-0.06931983270966321,0.11900726392251816,-0.10950033017829627,-0.07963900506273387,-0.16014968082764694,0.05763812458727713,0.009898745322474136
#17,0.17182698657274928,0.1590909090909091,0.2133480079242791,0.3002773497688752,1.0,0.16980629539951575,0.16452124147039401,0.13691613471274489,0.017519260400616334,0.28977767994717146,0.18413823464670923,0.6276095091349329,0.27880475456746645,0.21135373101474797,0.1997490644948272,-0.05890600924499229,0.1239621395553599,-0.19265463350209114,-0.08493946731234867,0.1147787805414924,-0.024686330618534008,-0.03466431873211534,-0.2513273167510456,-0.04725071538630861,-0.28662777900066033,-0.13016068677085627,-0.1554853620955316,-0.08577812018489984,-0.3828395333480079,-0.2957539071098393,-0.33186220559101914,-0.2196896324014968,-0.03222320052828528,-0.14921857803213737,0.1836517719568567,0.10157384987893463,0.2555976227162668,0.1135857362976007,0.15270966321813778,0.0740611930442439,0.13874972485141976,0.09297820823244551,0.19947611710323573,0.2985868368919216,-0.09686550737398195,0.4846290997138455,-0.0587607307946291,-0.010083645168390932,-0.04957296940347788,-0.2660334580673564,-0.3902531366938147,-0.2497512656834691,-0.19040501871010346,-0.09699317631521022,-0.24692934184459608,0.2223200528285274,-0.2285362095531587,0.26669601584855823,-0.42652212194585076,-0.15532467532467534,-0.18699097512656834,-0.15172573189522343,0.27053488883997356,0.11248954435395113,0.09824565265243232,-0.04906669601584856,0.0872375082544574,0.05173013427250715,-0.17369579572969404,-0.018710103455866166,-0.051091789566365835,-0.054475016508914814,0.2323200528285274,0.3797094430992736,0.3603786044464011,0.22393792648029937,-0.24067136253576932,-0.10596742240810038,-0.17359454105216818,-0.025031917235307066,0.35661677305745104,0.4091371340523883,,0.31545454545454543,0.6412810917895664,-0.039687431212854944,0.06215496368038741,0.042859344045784724,0.14205150781421969,0.35558001320713184,0.3438564825005503,-0.21549196566145717,0.4159366057671142,-0.165346687211094,-0.26244992295839753,-0.16869689632401497,0.038923618754127226,-0.2623706801672903,-0.11558221439577372,-0.1050957517059212,-0.03312788906009245,-0.23663658375522784,0.022333259960378604,0.07652432313449263,-0.15222540171692714,0.03493286374642307,-0.06082544574069998,-0.19905569007263924,-0.15724631300902486,-0.14452124147039402,-0.3092361875412723
#18,0.27847457627118644,0.31144838212634823,0.18802553378824566,-0.02828747523662778,0.16980629539951575,1.0,0.2858221439577372,0.151930442438917,0.1438432753686991,0.09138674884437596,-0.12577371780761612,0.23634382566585957,0.4967356372441118,0.2943957737178076,0.14152542372881355,0.21549196566145717,0.2928417345366498,0.33480519480519483,-0.3217587497248514,0.038681488003521905,-0.17189522342064714,-0.08119524543253356,-0.10285714285714286,-0.06133612150561303,-0.1616949152542373,-0.06635923398635263,-0.22298921417565484,-0.37041162227602903,0.41134052388289677,0.45143957737178075,0.5188663878494387,0.046150121065375305,0.19405899185560202,0.2103697996918336,0.15761611270085846,0.36127668941228264,0.2562887959498129,0.36735197006383447,0.1302047105436936,0.26288355712084527,0.29919216376843494,0.18833810257539071,0.22249614791987674,0.33473475676865505,-0.30430552498349106,0.11364957076821483,-0.12768214836011446,-0.1731432973805855,-0.002976007043803654,-0.45604666519920756,-0.444010565705481,-0.04459608188421748,-0.32023552718467974,0.15264802993616552,-0.15666960158485582,0.16100594320933304,-0.46410301562843936,-0.16025313669381466,-0.39623816861105,-0.3025775918996258,-0.29153642967202287,-0.04912172573189522,0.3708518600044024,0.008655073739819502,-0.3220493066255778,0.10268545014307726,0.3252608408540612,0.2547259520140876,0.20018710103455867,0.2669491525423729,-0.026167730574510235,0.2773893902707462,0.30129650011005943,0.24801232665639444,0.28169051287695357,0.33578472375082546,-0.05566806075280652,-0.39149240589918555,0.3466189742460929,0.4339621395553599,0.39252916574950475,0.3665111160026414,,0.15815760510675764,0.2314637904468413,0.14742460928901607,0.008943429451904027,-0.012441118203830068,0.18645608628659477,0.4430134272507154,0.17070878274268106,0.2627977107638125,0.06534888839973586,-0.0904820603125688,-0.17927801012546776,0.0250099053488884,-0.06344706141316311,-0.03188861985472155,-0.04007043803653973,0.045896984371560645,0.24296279991195247,0.6060664758969844,0.4955690072639225,-0.17150781421967862,-0.04417565485362095,0.0005877173673783843,0.08415364296720229,-0.00786484701738939,-0.10965441338322694,-0.36368258859784286,-0.424686330618534
#26,0.301254677525864,0.44267224301122604,0.2150231124807396,0.07613911512216597,0.16452124147039401,0.2858221439577372,1.0,0.20775478758529606,0.43231124807395993,0.30353731014747964,0.2305745102355272,0.07418225841954655,0.2980563504292318,0.42557340964120627,0.20064274708342505,0.1740149680827647,0.14669381465991635,0.001016949152542373,-0.18415804534448602,-0.2608386528725512,-0.0575214615892582,-0.1881157825225622,-0.10563724411182038,-0.08068236847897865,0.03157384987893463,0.09506493506493506,-0.100396213955536,0.009194364957076822,0.043495487563284176,0.04515958617653533,0.010433634162447723,-0.1953180717587497,-0.19885758309487123,-0.22326436275588818,-0.11583314990094651,-0.05514858023332599,0.10935285053929121,0.026051067576491307,-0.028811358133392032,-0.14611490204710545,-0.1071978868589038,-0.08181598062953996,-0.05145498569227383,0.1147787805414924,0.13130970724191063,0.1175346687211094,-0.20938146599163548,-0.12073959938366718,-0.0996235967422408,-0.012454325335681268,-0.1817081223860885,-0.025663658375522782,-0.07827867048206032,-0.0413449262601805,-0.07892361875412723,-0.05179837112040502,-0.20229143737618313,-0.11140876073079463,-0.06498789346246973,-0.006913933524103016,-0.1084239489324235,-0.19589258199427692,0.12751705921197445,0.3224719348448162,0.005575610829848118,-0.12061853400836452,0.5338432753686991,0.7024961479198767,-0.06646048866387849,-0.11393572529165749,-0.016328417345366497,-0.030015408320493066,-0.08843495487563284,-0.20484921857803215,0.02462249614791988,-0.0475346687211094,-0.22212194585075942,-0.19416464891041163,0.3128681488003522,0.13944530046224962,0.11593000220118864,0.22149240589918556,,0.13631741140215717,0.21099273607748184,0.17114241690512877,-0.06428791547435615,-0.29319392471934846,-0.06826546335020911,0.22726832489544355,0.14335901386748845,0.009929561963460268,0.09567686550737398,0.13714946070878276,-0.029764472815320273,0.19,-0.1837904468412943,-0.27632621615672465,-0.20368919216376843,0.059385868368919216,-0.04896324014968083,0.07094430992736077,-0.00972705260840854,-0.16093990755007703,-0.25835351089588376,-0.18427470834250495,-0.19812238608848778,-0.12018710103455867,-0.17316751045564605,-0.2162227602905569,-0.1592493946731235
#49,0.7944464010565705,0.3351617873651772,0.1990578912612811,0.17829407880255338,0.13691613471274489,0.151930442438917,0.20775478758529606,1.0,0.43740039621395554,0.1126436275588818,0.3480959718247854,0.31517279330838655,0.21395333480079243,0.15628659476117104,0.08395333480079242,0.04335020911292098,-0.00048426150121065375,-0.10147259520140876,0.12666740039621396,0.05051507814219679,0.18881796169931764,0.15128769535549197,-0.3509641206251376,-0.3810763812458728,-0.12315650451243672,-0.3932555580013207,-0.22001540832049307,-0.13665639445300462,-0.0362623816861105,0.06924279110719789,0.028443759630200308,-0.6665771516618975,-0.3779484921857803,-0.578481179837112,-0.05334140435835351,-0.06323354611490205,-0.08418666079683029,-0.09773057451023552,-0.2799779881135813,-0.40842615012106537,0.08322254017169271,0.08618093770636144,0.034791987673343606,0.10087167070217917,0.24033898305084747,0.026420867268324894,-0.30663658375522784,-0.4054523442659036,-0.06947391591459388,-0.13669381465991637,-0.4024103015628439,0.04691173233546115,-0.20550297160466652,-0.2088201628879595,-0.2385560202509355,-0.10338762931983271,0.054215276249174556,0.06383226942548977,0.01709883337001981,0.19628439357252916,-0.15957517059211976,-0.1477525863966542,0.017660136473695794,0.08336561743341404,-0.13477437816420867,-0.05382126348228043,-0.11119084305524983,0.15177856042262822,0.31044464010565703,0.12055249834910851,-0.0623860884877834,0.08107638124587277,0.052502751485802336,0.2901826986572749,-0.01897424609289016,-0.09135813339203169,-0.27524543253356815,-0.40910631741140213,-0.15432093330398416,-0.049297820823244555,0.010347787805414925,0.021327316751045565,,0.3951111600264143,0.458811358133392,0.1589984591679507,-0.034844816200748405,-0.23266123706801672,-0.13793968743121285,0.16311248073959939,-0.008258859784283513,0.35138895003301784,0.01554259300022012,0.1840281752146159,0.07454765573409641,-0.014453004622496149,-0.09584415584415584,-0.11158265463350209,-0.24918776139115123,-0.12412722870349989,-0.14629319832709664,-0.0588267664538851,-0.28654193264362754,-0.3612326656394453,-0.41981069777679947,-0.15900066035659255,-0.5325731895223421,-0.033902707462029495,-0.26489544353951133,-0.09420867268324895,-0.07191723530706581
#50,0.30093110279550955,0.3127867048206031,0.11180717587497249,-0.15898084965881576,0.017519260400616334,0.1438432753686991,0.43231124807395993,0.43740039621395554,1.0,0.18131631080783622,0.27446401056570546,0.12032357473035439,0.11805635042923178,0.32556680607528066,0.09148360114461809,0.033513097072419104,0.167574290116663,-0.05559762271626678,0.08875852960598724,-0.1323464670922298,0.13656394453004622,0.007479639005062734,-0.11115122165969624,-0.2938080563504292,0.18719348448162007,-0.06426370239929562,-0.2330178296279991,-0.1974620294959278,0.05057230904688532,0.06101034558661677,0.007613911512216597,-0.17214615892581994,-0.23334580673563723,-0.27008804754567467,0.038848778340303765,0.02856042262821924,-0.03774378164208673,-0.016781862205591018,-0.2984063394232886,-0.3241624477217698,0.05162667840633942,0.013171912832929782,0.015265243231344927,0.044800792427911074,0.15360334580673562,-0.03874972485141977,-0.2589676425269646,-0.27447941888619853,-0.22551397754787586,-0.17872331058771737,-0.30326656394453005,-0.08953114681928241,-0.11651992075720889,-0.34053488883997357,0.005949812898965442,-0.10880475456746644,0.144653312788906,0.027406999779881137,0.06783403037640326,-0.08797050407219899,-0.18730134272507154,-0.15716707021791768,0.14453664979088707,0.35698217037200086,-0.13915914593880696,-0.11433193924719348,0.3624499229583975,0.38848117983711206,0.36895443539511336,0.24587057010785823,0.23119744662117545,0.1577591899625798,-0.004904248294078803,0.03494607087827427,-0.035097952894563064,0.0087475236627779,-0.18491085186000442,-0.07597402597402597,0.25160026414263703,0.14291877613911513,-0.006297600704380365,0.16598062953995157,,0.15292978208232447,0.273233546114902,0.08813119084305525,-0.15362095531587058,-0.23307065815540393,0.023006823684789787,0.2707880255337882,-0.023006823684789787,0.0774950473255558,-0.019060092449922957,0.039808496588157605,0.07043803653973145,0.18594100814439798,-0.11161787365177196,-0.19455425930002201,-0.23163988553819062,0.010748404138234647,-0.03401056570548096,-0.048705701078582436,-0.19393352410301562,-0.26996257979308824,-0.2928615452344266,-0.12449922958397534,-0.25455866167730573,-0.22396434074400176,-0.18389390270746203,-0.14587497248514197,-0.02178956636583755
#51,0.1585494166850099,0.40055029716046664,0.4713053048646269,0.6578318291877614,0.28977767994717146,0.09138674884437596,0.30353731014747964,0.1126436275588818,0.18131631080783622,1.0,0.5003720008804755,0.12348448162007485,0.44042482940788025,0.17916574950473255,-0.31476997578692495,-0.13468853180717588,0.6286506713625357,-0.10685890380805635,-0.12101915034118424,0.07949592780101254,-0.1412590799031477,-0.07044243891701518,0.16099713845476557,0.09961259079903148,0.01635923398635263,0.041496808276469295,-0.02587937486242571,0.17554699537750384,-0.43264142637023995,-0.40579572969403477,-0.375824345146379,-0.22357473035439138,-0.0137574290116663,-0.27801452784503633,-0.1334932863746423,-0.10407219898745322,-0.09911952454325336,-0.23101254677525865,0.12869249394673124,-0.22266784063394232,-0.13788906009244992,-0.15385428131190843,-0.051584855822143956,0.04271186440677966,0.22152102135152982,0.17346246973365617,0.0386550737398195,0.018179616993176315,-0.0739225181598063,0.07959278010125467,-0.14153202729473915,0.07331058771736738,-0.14746643187321154,-0.13310147479639006,-0.36232885758309485,-0.07408320493066256,0.011490204710543694,0.10254017169271407,-0.03330178296279991,0.10625137574290117,0.12130750605326876,0.055985031917235306,-0.07751045564604887,0.12390931102795509,0.19043803653973146,0.06960598723310588,0.043530706581554036,-0.050953114681928244,-0.2814615892581994,-0.07448382126348228,0.12842835130970723,0.09418886198547216,-0.2376205150781422,0.09072639225181597,-0.10330178296279992,0.0022033898305084745,-0.21288355712084525,0.07136913933524103,-0.0589192163768435,-0.04164869029275809,-0.17421087387189083,0.26938366718027734,,0.2753048646268985,0.289801893022232,-0.03567466431873211,0.09257318952234206,0.23179396874312128,-0.007831829187761392,0.14740479859123926,0.10212194585075941,-0.22292537970504073,0.3321109399075501,-0.14148360114461808,-0.055899185560202506,0.23103896103896104,-0.03183799251595862,-0.033345806735637244,-0.04665859564164649,-0.14025093550517279,-0.0788729914153643,-0.24646048866387849,-0.11476117103235747,0.23845476557340964,-0.18692493946731234,0.05601144618093771,-0.1363218137794409,0.0550099053488884,-0.05307726172132952,0.03699537750385208,-0.02567026194144838
#52,0.3502729473915915,0.16283733215936605,0.37484921857803216,0.37346687211093993,0.18413823464670923,-0.12577371780761612,0.2305745102355272,0.3480959718247854,0.27446401056570546,0.5003720008804755,1.0,0.21575170592119744,0.1957737178076161,0.1917213295179397,-0.31285053929121726,-0.19946731234866827,0.3502685450143077,-0.09689852520360995,-0.046874312128549415,-0.08052168170812239,-0.09236187541272287,0.11233105877173674,0.04657715166189742,-0.050677966101694914,-0.007175874972485142,-0.10044684129429893,-0.13411842394893242,0.11543913713405239,-0.5078142196786265,-0.46803874092009684,-0.32458727712965,-0.36167950693374423,-0.07814659916354831,-0.3563614351749945,-0.014083204930662558,-0.11209773277569887,-0.046621175434734756,-0.1890182698657275,0.06040501871010345,-0.4882940788025534,-0.20079903147699757,-0.1404160246533128,-0.08499229583975347,-0.08915694475016508,0.29628439357252917,0.07793528505392912,-0.17642306845696676,-0.13263482280431432,-0.08391811578252256,0.17012106537530267,-0.155974025974026,0.16808276469293418,-0.08828527404798592,-0.2289390270746203,-0.0950099053488884,-0.07062733876293198,0.3186924939467312,0.10061413163108078,0.30313889500330177,0.2033810257539071,0.02169271406559542,-0.19935285053929122,-0.21422848338102576,0.14049306625577812,0.02893022232005283,-0.05912392692053709,-0.041600264142637025,0.0473827867048206,-0.12203830068236848,-0.005152982610609729,0.13607968302883558,0.037946290997138456,-0.3255227823024433,0.018153202729473916,-0.10578472375082544,-0.1211534228483381,-0.2874356152322254,-0.08928681488003522,-0.19911952454325335,-0.15749724851419766,-0.22331058771736736,0.1201386748844376,,0.5193264362755888,0.4790028615452344,-0.05641866607968303,0.07441118203830069,0.08979749064494827,-0.15177856042262822,0.1987343165309267,0.006792868148800352,0.045582214395773715,0.2589126128109179,0.17367378384327536,0.07068456966762052,0.1932225401716927,0.04271626678406339,-0.09411182038300682,-0.10393352410301562,-0.1838102575390711,-0.10333259960378605,-0.37139995597622716,-0.17789566365837553,0.13904028175214617,-0.2982082324455206,0.019964780981730133,-0.38596522121945853,0.016114902047105438,-0.17550957517059212,0.2045674664318732,0.010939907550077042
#53,0.32719788685890383,0.1633039841514418,0.062557781201849,0.06548756328417345,0.6276095091349329,0.23634382566585957,0.07418225841954655,0.31517279330838655,0.12032357473035439,0.12348448162007485,0.21575170592119744,1.0,0.24282412502751485,0.32306185340083643,0.2690821043363416,-0.2490710983931323,0.17077701959057892,-0.2412854941668501,-0.12507153863086065,-0.13350209112920977,0.1649306625577812,-0.020204710543693594,-0.15017609509134933,-0.19570107858243452,-0.04534888839973586,-0.22521901826986573,-0.19100154083204932,-0.22566806075280652,-0.20364736957957297,-0.1123662777900066,-0.04961038961038961,-0.2475610829848118,-0.03472595201408761,-0.1643913713405239,0.40971164428791546,0.264043583535109,0.4341470394012767,0.26006383447061415,0.06752366277790006,-0.003900506273387629,0.1829473915914594,0.14335901386748845,0.26602685450143077,0.28315210213515296,-0.030501871010345585,0.3566916134712745,-0.1064010565705481,-0.14809597182478537,-0.17373981950253137,-0.39873871890821044,-0.3473563724411182,-0.20588377723970944,-0.24019370460048425,-0.10795289456306406,-0.06972044904248294,0.24777459828307286,-0.10280431432973806,0.20504072198987452,-0.23680167290336782,-0.17252916574950472,-0.13570988333700199,0.03454985692273828,0.14710323574730355,0.014992295839753467,-0.16025753907109838,-0.1544243891701519,0.0798745322474136,0.04702619414483821,-0.04980849658815761,-0.11934624697336561,-0.14891041162227603,-0.1334074400176095,0.2608826766453885,0.4706647589698437,0.3869249394673123,0.23490644948272066,-0.014054589478318292,-0.05790226722430112,-0.026898525203609948,0.06304864626898525,0.4435549196566146,0.3597908870790227,,0.3693220338983051,0.6268038740920097,0.11444860224521242,0.2043825665859564,0.15160686770856263,0.15623156504512437,0.4347655734096412,0.339900946511116,0.13432093330398415,0.34238828967642526,-0.03574290116662998,-0.027860444640105658,-0.23902927580893682,-0.10790226722430113,-0.1578516398855382,-0.20467092229804093,-0.05990534888839973,0.056266784063394235,-0.0412524763372221,-0.004389170151882016,-0.008324895443539511,-0.2562271626678406,0.1733237948492186,-0.09180717587497249,0.06223200528285274,-0.049782082324455204,-0.1199471714725952,-0.18286374642306846
#54,0.1653863086066476,0.3140744001760951,0.27940788025533786,0.21429011666299802,0.27880475456746645,0.4967356372441118,0.2980563504292318,0.21395333480079243,0.11805635042923178,0.44042482940788025,0.1957737178076161,0.24282412502751485,1.0,0.26881576051067574,0.13349108518600045,-0.11081223860884878,0.3799053488883997,0.014144838212634823,-0.19400176095091348,-0.04417565485362095,-0.13279330838652872,-0.2009883337001981,-0.041457186880915695,-0.03451683909311028,-0.07201848998459168,-0.09319172353070658,-0.3007241910631741,-0.32164428791547434,-0.02098613251155624,-0.058265463350209115,-0.027653532907770197,-0.08408320493066256,0.09176975566806075,-0.11030156284393572,0.03020911292097733,0.0534998899405679,0.18255337882456527,0.061351529826106095,0.22371560642747085,0.014023772837332159,0.08975126568346907,-0.008965441338322694,0.02258199427690953,0.15970063834470613,-0.11671802773497689,0.11741360334580674,-0.2496235967422408,-0.21870570107858242,-0.12622496147919876,-0.3396456086286595,-0.40979308826766453,-0.22696456086286595,-0.2684833810257539,-0.12406779661016949,-0.2066321813779441,0.009768875192604005,-0.15161127008584635,-0.016313009024873433,-0.3085119964780982,-0.27289896544133835,-0.055007704160246536,0.05697116442879155,0.31237728373321594,0.2031719128329298,-0.1404556460488664,-0.1825709883337002,0.29243671582654635,0.2696081884217477,0.049982390490865065,0.08707241910631741,0.14166409861325116,0.17107197886858905,0.16994497028395333,0.19279771076381247,0.3086154523442659,0.319768875192604,0.10605546995377504,-0.07940567906669602,0.2611005943209333,0.11393132291437376,0.21533788245652652,0.40527624917455424,,0.5327580893682589,0.2580607528065155,0.14228263262161567,0.04406119304424389,0.07084085406119305,0.1687607307946291,0.38233105877173673,0.13825665859564165,-0.046627779000660355,0.17804754567466433,-0.08440237728373322,-0.4177613911512217,0.008190622936385648,-0.08372220999339644,-0.11064714946070878,-0.14007484041382345,-0.03086286594761171,0.003898305084745763,0.13613911512216598,0.15129429892141757,0.06864406779661017,-0.08794629099713845,-0.015659255998239047,-0.04182258419546555,0.09740479859123927,0.005280651551837993,-0.17980629539951573,-0.3471494607087827
#58,0.253629760070438,0.1711996478098173,0.005322474136033458,-0.18941008144397975,0.21135373101474797,0.2943957737178076,0.42557340964120627,0.15628659476117104,0.32556680607528066,0.17916574950473255,0.1917213295179397,0.32306185340083643,0.26881576051067574,1.0,0.13034998899405678,-0.2384921857803214,0.2666035659255998,-0.024514637904468412,-0.17061853400836452,-0.24786264582874754,0.03567906669601585,-0.2207175874972485,-0.08931102795509575,-0.18746423068456966,-0.07263262161567247,-0.0785758309487123,-0.20998239049086506,-0.17071318511996478,0.10806075280651552,0.146946951353731,0.12876513317191282,-0.03552938586836892,-0.10355051727933084,-0.08923618754127229,0.2904094210873872,0.4100264142637024,0.30317191283292977,0.2978098173013427,-0.0314307726172133,-0.10882896764252696,0.1476337222099934,0.09930222320052828,0.26462469733656174,0.12817081223860885,0.008375522782302443,0.10320493066255779,-0.23047765793528505,-0.25234426590358794,-0.15870349988994056,-0.24861325115562405,-0.31939027074620296,-0.13613911512216598,-0.29559322033898305,-0.03480079242791107,-0.025421527624917454,0.1542064714946071,0.06393132291437376,0.04060972925379705,0.013616552938586837,-0.015731895223420646,-0.11814880035219018,-0.06032357473035439,0.22027294739159145,0.10369799691833591,-0.17618534008364517,-0.1804732555580013,0.29235086946951355,0.31530486462689855,0.04027074620294959,-0.05845916795069338,0.12232885758309488,0.1069997798811358,0.033229143737618316,0.043138895003301786,0.1389984591679507,0.18603565925599824,0.15598723310587717,0.11854721549636804,0.3267554479418886,0.2453664979088708,0.21813119084305524,0.22059652212194586,,0.10346687211093991,0.33679286814880033,0.20950253136693814,0.28955976227162666,-0.2632819722650231,0.08113141096191943,0.3307462029495928,0.23742020691173232,0.2367950693374422,0.13232885758309487,0.0524983491085186,0.0733480079242791,-0.0026194144838212635,-0.15057671142416906,-0.25330618534008364,-0.2342328857583095,-0.21918115782522563,0.09048646268985253,0.18025533788245654,0.1836055469953775,-0.21754347347567687,-0.3248866387849439,-0.202161567246313,-0.17080123266563946,0.059352850539291215,0.005241030156284393,-0.28311908430552496,-0.0853929121725732
#101,-0.027134052388289677,0.09670041822584195,-0.1672243011226062,-0.34290997138454765,0.1997490644948272,0.14152542372881355,0.20064274708342505,0.08395333480079242,0.09148360114461809,-0.31476997578692495,-0.31285053929121726,0.2690821043363416,0.13349108518600045,0.13034998899405678,1.0,-0.027226502311248076,-0.2077856042262822,-0.025300462249614793,0.1060576711424169,-0.23155844155844155,0.43411182038300683,-0.11910191503411842,-0.05017389390270746,-0.13217697556680608,0.1826106097292538,-0.0024521241470394015,-0.22733215936605766,-0.3464208672683249,0.26533127889060093,0.19299141536429673,0.13176755447941887,0.09347127448822364,0.025016508914814,0.010796830288355713,0.26104996698217037,0.09525423728813559,0.46132731675104555,0.32067576491305305,0.12407660136473696,0.27207131851199645,0.27446841294298924,0.1506515518379925,0.17488883997358573,0.20273387629319833,-0.20574510235527185,0.28255558001320713,-0.21434074400176095,-0.2663152102135153,-0.27125467752586396,-0.45290336781862206,-0.14280431432973806,-0.41311908430552496,-0.036343825665859565,-0.06476997578692494,0.13702619414483821,0.05330398415144178,-0.3471318511996478,-0.04156284393572529,-0.4222870349988994,-0.29873211534228483,-0.1933370019810698,-0.05705701078582435,0.31689192163768437,0.2045608628659476,-0.3118952234206471,-0.31259960378604446,0.3433722209993396,0.29691613471274486,0.3067862645828748,0.06091129209773278,-0.010959718247853842,-0.09761611270085846,0.36675544794188863,0.11316751045564605,0.28433634162447724,0.05893022232005283,0.16697556680607528,-0.14648910411622276,0.40757869249394674,0.09440237728373321,0.21163988553819063,0.01489324235086947,,-0.08340303764032578,0.13234426590358794,0.040572309046885316,-0.16437596302003082,-0.18134712744882237,0.12605987233105878,0.2584965881576051,0.17323354611490205,-0.1239291217257319,0.020301562843935726,-0.26667620515078144,-0.20623376623376624,-0.16837332159366059,-0.14009244992295838,-0.22577371780761613,-0.11234206471494607,0.23514637904468413,-0.057996918335901385,0.14631300902487343,-0.008518600044023774,-0.11316530926700419,0.03336561743341404,0.07046445080343386,0.06713845476557341,-0.07868589038080563,-0.010041822584195465,-0.25210213515298263,-0.14407219898745321
#102,0.16662777900066036,0.15874972485141978,0.002971604666519921,0.07093990755007704,-0.05890600924499229,0.21549196566145717,0.1740149680827647,0.04335020911292098,0.033513097072419104,-0.13468853180717588,-0.19946731234866827,-0.2490710983931323,-0.11081223860884878,-0.2384921857803214,-0.027226502311248076,1.0,-0.24714946070878274,0.15899185560202508,-0.05328417345366498,0.16039841514417785,-0.4208716707021792,0.32584195465551397,-0.22979969183359014,0.017367378384327538,-0.27080563504292315,0.1261104996698217,-0.03928901606867709,-0.052683248954435394,0.2578582434514638,0.33014968082764695,0.16719348448162008,-0.12939247193484482,-0.11983711204050188,0.06709663218137794,-0.1934294519040282,0.005830948712304645,-0.2889038080563504,-0.005740699977988113,-0.23106537530266344,0.16234426590358794,0.1026700418225842,0.26717587497248513,-0.07270085846357033,0.1985362095531587,0.0024543253356812678,-0.017334360554699536,0.042295839753466874,-0.03212854941668501,0.16677966101694916,0.030684569667620516,-0.08948272066916135,-0.046253576931543035,-0.1533083865287255,-0.012749284613691394,-0.34088707902267223,-0.109801893022232,-0.3023310587717367,-0.027277129650011007,-0.11282192383887299,-0.10964780981730134,-0.1790446841294299,-0.1004424389170152,0.23591459388069558,0.161666299801893,-0.04308166409861325,0.05519700638344706,0.16903587937486242,0.24866607968302884,0.13967422408100374,0.16500770416024654,-0.1767510455646049,0.013660576711424169,0.1136385648250055,-0.12488003521901828,-0.14124367158265463,-0.05649570768214836,-0.2635174994497028,-0.23990094651111601,0.024827206691613472,0.4093330398415144,-0.034219678626458284,-0.07027734976887519,,-0.2286616773057451,-0.08483601144618094,0.045340083645168394,-0.2421747743781642,-0.1464406779661017,0.06004842615012106,-0.05808056350429232,-0.11173893902707462,-0.055830948712304644,-0.24193264362755887,-0.017796610169491526,-0.08278010125467752,0.023535108958837772,0.2126634382566586,-0.14821043363416245,0.02064274708342505,-0.0036561743341404357,-0.09174334140435836,0.1436385648250055,0.07223860884877834,-0.22079462909971384,-0.00797490644948272,-0.15147699757869248,-0.08867048206031257,-0.25610169491525425,-0.18707902267224302,-0.13648250055029715,-0.1137310147479639
#201,0.06572749284613691,0.22226282192383887,0.4805524983491085,0.27209993396434073,0.1239621395553599,0.2928417345366498,0.14669381465991635,-0.00048426150121065375,0.167574290116663,0.6286506713625357,0.3502685450143077,0.17077701959057892,0.3799053488883997,0.2666035659255998,-0.2077856042262822,-0.24714946070878274,1.0,0.23052388289676426,-0.15625357693154304,0.055674664318732116,0.024571868809156943,-0.1623992956196346,0.29472595201408763,-0.0020977327756988772,0.23146158925819943,0.0451948051948052,0.0362953995157385,0.06703499889940567,-0.24595421527624917,-0.18428571428571427,-0.06939687431212854,0.0011798371120405019,0.23405018710103456,0.0014131631080783623,0.03110939907550077,0.07237068016729034,0.1340215716486903,0.04434734756768655,0.135049526744442,-0.177904468412943,-0.12796169931763152,-0.2242593000220119,-0.06699757869249395,-0.05015628439357253,-0.02767554479418886,0.02160906889720449,0.03181377944089808,-0.0002465331278890601,-0.12006383447061413,-0.04329297820823245,-0.1313647369579573,0.10482720669161347,-0.058950033017829626,0.09791767554479419,-0.09547655734096412,0.08685009905348888,-0.06902927580893682,-0.12799691833590138,-0.05657935285053929,-0.010202509355051728,-0.009308826766453886,0.13641646489104117,-0.15379264802993617,-0.11591019150341184,-0.054521241470394013,0.23454325335681267,0.054853620955315874,-0.17825885978428352,0.042835130970724195,0.20162447721769755,0.31058331499009467,0.37086066475896984,-0.2599405679066696,0.060178296279991196,-0.21417565485362094,0.05189302223200528,-0.14260620735197008,0.12224521241470394,0.23659696235967423,0.1276007043803654,-0.06530486462689852,0.23245432533568128,,0.24028835571208454,0.1512260620735197,-0.10732995817741581,0.16340303764032577,0.2630332379484922,-0.19192604006163327,0.1834074400176095,-0.02350429231785164,-0.016321813779440898,0.1452938586836892,-0.16821703720008804,-0.07892361875412723,0.3952960598723311,-0.022172573189522343,0.17762491745542594,0.018483381025753906,-0.08591459388069557,0.24361435174994497,0.06664758969843716,0.23087167070217918,0.27717587497248514,0.013753026634382567,0.1140677966101695,0.08279771076381245,0.137706361435175,0.1111005943209333,-0.058972044904248296,-0.10881135813339203
