,#10,#11,#12,#13,#17,#18,#26,#49,#50,#51,#52,#53,#54,#58,#101,#102,#201,#202,#301,#302,#401,#402,#501,#502,#601,#602,#701,#702,#801,#802,#901,#902,#1001,#1002,#1101,#1102,#1201,#1202,#1301,#1302,#1401,#1402,#1501,#1502,#1601,#1602,#1701,#1702,#1801,#1802,#1901,#1902,#2001,#2002,#2101,#2102,#2201,#2202,#2301,#2302,#2401,#2402,#2501,#2502,#2601,#2602,#2701,#2702,#2801,#2802,#2901,#2902,#3001,#3002,#3101,#3102,#3201,#3202,#3301,#3302,#3401,#3402,#3455,#3501,#3502,#3601,#3602,#3701,#3702,#3801,#3802,#3901,#3902,#4001,#4002,#4101,#4102,#4201,#4202,#4301,#4302,#4401,#4402,#4501,#4502,#4601,#4602,#4701,#4702,#4801,#4802
#10,1.0,0.5134272507153863,0.3636539731454986,0.5486682808716707,0.30342504952674443,0.33840633942328857,0.4825709883337002,0.6879264802993617,0.2219766674003962,0.5389016068677086,0.6347765793528506,0.12022892361875413,-0.022639225181598062,0.36402597402597403,0.2490777019590579,0.33055690072639227,0.23145718688091568,0.07092890160686771,0.3450781421967863,0.20556680607528066,-0.15413383226942548,0.2355293858683689,-0.007629319832709663,-0.08253576931543033,-0.02254237288135593,0.12194364957076821,-0.4808650671362536,-0.19780321373541712,0.14695135373101476,0.11764252696456086,-0.08525203609949372,-0.22739819502531367,-0.33307946290997137,-0.40472375082544576,0.059057891261281095,-0.19455866167730573,-0.1287079022672243,-0.05305084745762712,-0.07909751265683469,-0.13246753246753246,0.07004402377283733,-0.019018269865727494,0.010345586616773057,-0.02339203169711644,-0.04602905569007264,0.09883557120845256,-0.4899075500770416,-0.48648029936165527,-0.5009465111160026,-0.344785384107418,-0.4514946070878274,-0.27103235747303545,-0.4197292537970504,-0.05962579793088268,-0.14157605106757648,0.019029275808936826,-0.1764142637023993,0.12216596962359674,-0.03307726172132952,-0.0661699317631521,0.009599383667180278,0.06466872110939907,0.4069557561082985,0.38235747303543915,0.12590138674884438,0.07953775038520801,0.3839951573849879,0.34200968523002423,0.4962821923838873,0.2437970504072199,0.5480057230904688,0.48519700638344704,0.3012744882236408,0.2955205811138015,-0.06338542813119084,0.06585516178736518,0.10976667400396214,0.17405458947831828,0.24598723310587717,0.29205370900286154,0.1918511996478098,0.0698217037200088,-0.14167510455646048,0.19617873651771958,0.10570548095971825,0.05703940127668941,0.013821263482280431,-0.03640986132511556,-0.049165749504732556,0.05521241470394013,0.06714946070878275,0.2789500330178296,-0.100033017829628,-0.011089588377723971,0.03390490865067136,-0.07708342504952674,0.18688311688311687,-0.26637023992956194,-0.5451860004402377,-0.4174158045344486,-0.4246158925819943,0.01952014087607308,-0.13805855161787364,-0.0653532907770196,-0.3070261941448382,-0.3915408320493066,-0.2688069557561083,-0.00841074180057231,-0.23955315870570107,-0.2457010785824345,-0.05134272507153863
#11,0.5134272507153863,1.0,0.18730134272507154,0.356088487783403,0.2758309487123046,0.20594541052168172,0.36300242130750604,0.3613493286374642,0.23523442659035879,0.49408320493066255,0.3221747743781642,0.20025093550517278,0.10708782742681047,0.2588685890380806,-0.04795289456306406,0.32186880915694477,0.045890380805635046,0.019724851419766674,-0.04519920757208893,0.28233766233766233,-0.08777679947171473,0.3259586176535329,-0.20826326216156724,-0.165016508914814,-0.36030816640986135,0.28395333480079243,-0.35036979969183357,-0.00589918556020251,0.057646929341844594,0.33947831829187763,0.24526964560862866,-0.016973365617433414,0.018835571208452563,-0.04558441558441558,0.2690446841294299,0.05110499669821704,-0.06503191723530706,-0.017620515078142197,-0.30136693814659915,0.1964010565705481,0.1099075500770416,0.1312392692053709,0.15683909311027955,-0.07313669381465991,-0.11510895883777239,0.06435615232225401,-0.2040721989874532,-0.25686110499669823,-0.2602663438256659,-0.16989654413383226,-0.12087167070217918,-0.30284393572529167,-0.2105921197446621,-0.02270526084085406,-0.3033700198106978,0.015227823024433195,-0.2624939467312349,0.17038080563504293,0.05718247853841074,-0.06738718908210434,0.012397094430992735,0.11305524983491085,0.34123706801672904,0.3645762711864407,0.20395113361215056,0.1322209993396434,0.5824389170151882,0.2643033237948492,0.20131410961919435,0.1642262821923839,0.23380585516178737,0.411831388950033,0.09106537530266344,0.22472154963680388,-0.1915364296720229,-0.005419326436275589,-0.054549856922738275,-0.01412722870349989,-0.024446401056570546,0.33474796390050626,-0.00968302883557121,0.08194144838212634,-0.17561963460268545,0.17085406119304425,0.24148139995597623,0.013255558001320713,0.0036913933524103017,-0.2067840633942329,0.07434954875632842,0.011030156284393572,-0.012254017169271407,0.14027955095751707,-0.07204270305965221,0.023548316090688973,0.11305745102355272,-0.09519260400616333,0.22476337222099935,-0.12460048426150121,-0.24953995157384987,-0.17813119084305526,-0.3659916354831609,0.10693374422187982,-0.01927360774818402,-0.19981510015408321,-0.19766894122826326,-0.23807395993836672,-8.804754567466431e-06,-0.08821703720008804,-0.3219568567026194,-0.09629319832709664,0.13270085846357033
#12,0.3636539731454986,0.18730134272507154,1.0,0.37077481840193705,0.14186880915694475,0.3570173893902707,0.5377988113581333,0.24502091129209774,-0.11723970944309928,0.38707021791767554,0.3861171032357473,-0.09995597622716267,-0.010655954215276249,-0.020497468633061854,-0.2076931543033238,0.1418379925159586,0.6142637023992956,0.7084921857803214,0.06761171032357473,-0.13614571868809158,-0.15995157384987893,0.10278230244331939,0.1381598062953995,0.23034118423948932,0.23919876733436055,0.2045366497908871,-0.07609289016068677,0.22187761391151223,0.2641008144397975,-0.0387739379264803,0.15490644948272067,-0.14578032137354172,0.006973365617433414,0.004142637023992956,-0.21631961259079904,-0.47787365177195684,-0.40417565485362095,-0.347079022672243,-0.04548316090688972,-0.24335241030156285,-0.22431873211534228,-0.2535527184679727,-0.0037882456526524325,0.07666079683028836,-0.06668060752806515,0.037602905569007264,-0.07527184679727053,-0.02713185119964781,-0.06673563724411181,0.05078802553378824,-0.16894122826326216,0.11653312788906009,-0.07427030596522122,0.38004182258419544,-0.09082104336341625,-0.05742020691173234,-0.44294519040281755,-0.34125687871450583,-0.18223640766013646,-0.22652432313449264,0.12442659035879375,0.17522342064714946,-0.17254677525863968,-0.1041536429672023,0.26600924499229583,0.04162887959498129,-0.05219678626458287,0.2537706361435175,0.13685450143077263,0.03809817301342725,0.2685560202509355,0.43282632621615674,-0.08230464450803433,-0.06143957737178076,-0.45828307285934405,-0.19923178516398857,-0.15146599163548316,0.10068677085626238,0.288961038961039,0.1260378604446401,0.054228483381025754,0.09993176315210213,-0.29362976007043806,-0.07001540832049306,-0.20163108078362316,0.1457406999779881,0.26585075941008146,0.06531146819282413,-0.045012106537530266,-0.14596962359674223,0.09764472815320273,0.2577856042262822,-0.07728373321593661,0.13332159366057672,-0.02959057891261281,0.413416244772177,0.316946951353731,0.25469953775038523,0.1321549636803874,0.16530266343825667,0.23131410961919435,0.41454985692273827,0.2710829848117984,0.3841998679286815,0.28342284833810255,0.15435174994497028,0.013720008804754567,0.1038036539731455,0.09941448382126349,0.09058771736737839,0.01318732115342285
#13,0.5486682808716707,0.356088487783403,0.37077481840193705,1.0,0.0003653973145498569,0.26566585956416466,0.1453378824565265,0.2508782742681048,0.16612150561303105,0.48397314549856923,0.37006383447061414,-0.15860664758969845,-0.0535857362976007,0.1138102575390711,0.1718776139115122,0.3021549636803874,0.30998899405679065,0.0952740479859124,0.3388509795289456,0.06010345586616773,0.02644948272066916,0.3364230684569668,0.06508034338542813,0.02273167510455646,0.1541140215716487,0.2250957517059212,-0.24838872991415364,-0.048580233325996036,0.11045344486022451,-0.008558221439577372,-0.08390270746202949,-0.20031036759850318,-0.18231785163988554,-0.15254237288135594,-0.0760510675764913,-0.1351948051948052,-0.09661016949152543,-0.20566585956416464,0.1384173453664979,-0.015802333259960378,-0.05920537090028615,-0.07124367158265463,-0.12624477217697558,-0.032254017169271405,-0.1686748844375963,0.006425269645608629,-0.48136033458067357,-0.40263482280431434,-0.4506075280651552,-0.23600484261501212,-0.4765771516618974,-0.24157384987893463,-0.31321373541712527,0.32400396213955535,0.0005987233105877173,0.21914813999559762,-0.12224081003742021,0.022678846577151662,-0.09723750825445741,-0.04517279330838653,0.003458067356372441,-0.0702839533348008,-0.1011534228483381,-0.08713185119964781,0.1612656834690733,0.06946731234866828,0.12157384987893463,0.021791767554479417,0.2710433634162448,0.02421087387189082,0.14443099273607748,0.2054853620955316,0.08482720669161348,-0.01985031917235307,-0.1497622716266784,0.001408760730794629,0.10499229583975346,0.047413603345806736,0.3063482280431433,0.17025974025974025,0.08228263262161567,-0.08701298701298701,-0.0910873871890821,-0.05790226722430112,-0.06771296500110059,0.11110279550957516,0.10543913713405238,-0.14043583535108958,-0.10226062073519701,-0.1425049526744442,0.07689192163768435,0.2956812678846577,-0.0923728813559322,0.27136913933524104,0.19382126348228043,0.015174994497028395,0.2956944750165089,-0.4168104776579353,-0.282557781201849,-0.4617081223860885,-0.2825709883337002,-0.03427911071978869,-0.12160686770856262,-0.18507373981950254,-0.22067136253576933,-0.4140171692714066,-0.10473035439137134,0.05571208452564385,-0.12842615012106537,0.08232225401716928,0.04967642526964561
#17,0.30342504952674443,0.2758309487123046,0.14186880915694475,0.0003653973145498569,1.0,0.5200418225841955,0.27413163108078364,0.2735703279771076,0.05729473915914594,0.09440017609509135,0.17391151221659695,0.5621065375302663,0.13225841954655515,0.24541052168170813,-0.014369359454105217,0.03637244111820383,0.024904248294078803,-0.06367378384327536,-0.1764538850979529,0.05946290997138455,-0.16046885318071757,-0.04543033237948492,0.07302663438256658,0.1910477657935285,-0.11810257539071098,-0.051677305745102355,-0.250891481399956,-0.09360994937266123,-0.05557561082984812,0.04668941228263262,0.049172353070658155,-0.0589126128109179,-0.07808056350429232,-0.10162227602905569,0.05674003962139555,-0.1722077922077922,-0.13788685890380806,-0.014006163328197227,-0.2788201628879595,-0.23212414703940126,-0.1111336121505613,-0.22682808716707023,0.09954215276249175,-0.13764472815320272,0.13988994056790666,0.38894122826326216,-0.005403918115782522,0.0024543253356812678,-0.11772837332159367,-0.056990975126568345,0.07724191063174114,-0.07325996037860445,-0.15035219018269866,-0.10450143077261721,-0.2103697996918336,-0.32451463790446844,-0.2450561303103676,-0.07569667620515078,-0.11790226722430112,-0.14731895223420646,0.09575610829848118,0.1973695795729694,0.3939489324235087,0.2634074400176095,-0.2961082984811798,-0.3273827867048206,0.3336583755227823,0.261023552718468,0.14261501210653754,0.07669381465991636,0.2915914593880696,0.16032137354171253,0.24801893022232005,0.2744331939247193,0.009647809817301343,0.06736077481840194,0.0063856482500550295,0.06587497248514197,0.2674708342504953,0.2825753907109839,0.25073739819502533,0.4227823024433194,-0.18105657054809599,0.3487321153422848,0.5512106537530266,0.11331499009465111,-0.00941008144397975,0.19799691833590138,-0.0716156724631301,0.5451507814219678,0.16354391371340524,0.1326766453885098,0.08786484701738939,-0.2235329077701959,-0.04545894783182919,-0.07197006383447062,-0.1797820823244552,-0.015194805194805195,-0.1936187541272287,-0.019795289456306406,-0.08125027514858023,0.08322254017169271,0.030697776799471714,0.1224191063174114,-0.06044684129429892,-0.016713625357693156,-0.009905348888399735,0.12361435174994496,0.01796390050627339,-0.17003081664098613,0.0375544794188862
#18,0.33840633942328857,0.20594541052168172,0.3570173893902707,0.26566585956416466,0.5200418225841955,1.0,0.21523662777900066,0.2566365837552278,0.022346467092229805,0.3718071758749725,0.18626678406339423,0.3472573189522342,0.4612348668280872,0.126748844375963,0.07412942989214176,-0.07302883557120846,0.42350869469513536,0.1960246533127889,0.08381025753907109,0.01611270085846357,-0.06042703059652212,-0.0034008364516839094,0.2125709883337002,0.14563284173453664,0.18360994937266123,0.029984591679506935,-0.1568082764692934,-0.1350759410081444,0.3721219458507594,0.13551397754787586,0.3945366497908871,0.0007307946290997138,0.12210433634162447,-0.005936605767114242,0.10808716707021791,-0.043392031697116445,0.08699537750385208,-0.15224961479198768,0.14269205370900287,-0.0911930442438917,-0.16547655734096411,-0.14837772397094431,0.09545234426590359,0.0012106537530266344,0.10771076381245873,0.16832269425489765,-0.17046665199207572,-0.08859123926920537,-0.29448602245212413,-0.19183799251595862,-0.18641866607968302,-0.11758529605987234,-0.20372661237068015,0.08033017829627999,-0.047195685670261944,-0.11085186000440238,-0.041824785384107416,-0.2542196786264583,-0.14325775918996259,-0.11936165529385868,0.230231124807396,0.3589324235086947,0.07640986132511557,-0.087112040501871,-0.06693154303323795,-0.19118423948932423,0.17095311468192825,0.00112260620735197,0.2126700418225842,0.012610609729253796,0.1675478758529606,0.19006163328197226,0.03345806735637244,0.056445080343385426,-0.1098811358133392,0.004552058111380145,0.04457186880915694,0.152887959498129,0.45439357252916573,0.19430332379484921,0.126781862205591,0.33474796390050626,-0.056766453885097955,0.33405679066696015,0.36965441338322697,0.1608694695135373,0.18550077041602464,0.04061633281972265,-0.050534888839973584,0.3100704380365397,0.23293198327096631,0.3304996698217037,-0.015263042042703059,-0.13235086946951355,-0.14958177415804536,0.14794408980849658,-0.010761611270085847,-0.08709883337001981,-0.09206691613471274,0.016000440237728373,0.0010873871890821043,0.3868699097512657,0.3124785384107418,-0.016350429231785164,0.08608848778340304,-0.041210653753026634,0.055192604006163326,0.2255580013207132,0.1426106097292538,-0.016158925819942768,0.00019590578912612812
#26,0.4825709883337002,0.36300242130750604,0.5377988113581333,0.1453378824565265,0.27413163108078364,0.21523662777900066,1.0,0.5939687431212854,0.09237948492185781,0.43992515958617656,0.5840281752146159,0.12799471714725952,-0.12837992515958618,0.4055513977547876,-0.0015254237288135593,0.2674025974025974,0.29570548095971827,0.16172353070658155,0.05703279771076381,0.1063680387409201,-0.2784239489324235,0.031961259079903145,-0.08807836231565046,0.05016729033678186,-0.10195905789126128,0.08258199427690953,-0.32625137574290114,0.008153202729473915,0.09258859784283513,0.0705018710103456,0.01561963460268545,-0.2500858463570328,-0.20550297160466652,-0.17952894563064054,0.026260180497468633,-0.39476777459828305,-0.28268765133171914,-0.10883116883116883,-0.25871230464450806,-0.2078780541492406,0.005247633722209993,-0.06872991415364296,0.22265243231344925,0.15486242570988334,0.004554259300022012,0.12714065595421528,-0.08989874532247413,-0.12742681047765794,-0.2191349328637464,-0.03492626018049747,-0.13200088047545674,-0.12542152762491746,-0.2514373761831389,0.006022452124147039,-0.3037001981069778,-0.2212590799031477,-0.4585186000440238,-0.06819942769095312,-0.10984591679506933,-0.07496808276469294,0.10777019590578912,0.1884239489324235,0.3672044904248294,0.41896764252696456,0.16653973145498568,-0.03075280651551838,0.1933149900946511,0.6667268324895443,0.23007484041382348,0.34888839973585734,0.49666079683028835,0.5880585516178737,0.29190622936385646,0.30347567686550736,-0.1337640325775919,0.011523222540171693,0.038573629760070435,0.20989874532247413,0.11880255337882456,0.19987012987012986,0.047116442879154743,0.27358793748624255,-0.46171472595201407,0.06199867928681488,-0.03678406339423289,0.1341118203830068,0.059306625577812015,0.02836451683909311,0.08011666299801894,0.13450143077261723,0.17031256878714507,0.14403257759189964,-0.026464891041162227,-0.09542372881355932,0.01728813559322034,0.12811798371120406,0.08602465331278891,0.1892868148800352,-0.19480079242791107,-0.07263262161567247,-0.23414703940127668,0.04877834030376403,-0.03727272727272727,0.095049526744442,-0.09489324235086948,-0.09585296059872331,-0.2980607528065155,0.011672903367818623,-0.09170812238608848,-0.14347567686550738,0.07160686770856263
#49,0.6879264802993617,0.3613493286374642,0.24502091129209774,0.2508782742681048,0.2735703279771076,0.2566365837552278,0.5939687431212854,1.0,0.42465991635483163,0.4945498569227383,0.7205040721989875,0.1856702619414484,-0.021021351529826107,0.550116662998019,0.262887959498129,0.2700066035659256,0.21401716927140657,-0.10510455646048866,0.2658111380145278,0.23083204930662557,-0.12015628439357252,-0.004851419766674004,0.05726172132951794,0.008463570327977107,-0.038084965881576054,-0.08243451463790447,-0.3238630860664759,-0.27388509795289456,0.20273167510455645,-0.0024499229583975347,-0.16347567686550737,-0.26546335020911294,-0.39895663658375524,-0.39664758969843716,0.03935285053929122,-0.2093594541052168,-0.05768875192604006,-0.15419106317411402,-0.21530266343825666,-0.18469073299581773,-0.0687673343605547,-0.0651221659696236,0.09395113361215056,-0.0474224081003742,0.03738718908210434,0.019905348888399736,-0.3586748844375963,-0.3560268545014308,-0.4109156944750165,-0.25099713845476557,-0.31960158485582213,-0.25368038740920096,-0.4061919436495708,-0.1811468192824125,-0.2147457627118644,-0.2059916354831609,-0.1255051727933084,0.024063394232885758,-0.08963460268545015,-0.1854523442659036,0.05915474356152322,0.13359894342945192,0.5039841514417785,0.3931432973805855,0.06968523002421308,0.056260180497468636,0.20394012766894123,0.4412898965441338,0.5136033458067356,0.4421989874532247,0.648084965881576,0.5922209993396435,0.4536693814659916,0.3602245212414704,0.1063548316090689,0.1566916134712745,0.15546555139775478,0.12097512656834691,0.18254677525863966,0.1435791327316751,0.1494144838212635,-0.010088047545674664,-0.34904248294078805,0.13338762931983272,0.04460048426150121,0.1406075280651552,-0.0785163988553819,-0.06568346907329958,-0.04523882896764253,0.1073365617433414,0.07002201188641867,0.2373233546114902,-0.04688751926040061,-0.10071538630860664,-0.07838212634822804,0.020889280211314108,-0.05290336781862206,-0.16675324675324676,-0.5163966541932644,-0.3348492185780321,-0.44664758969843715,-0.14303764032577593,-0.2111204050187101,-0.06225181598062954,-0.2965639445300462,-0.3481532027294739,-0.42874972485141977,0.024461809377063614,-0.11640986132511556,-0.26501210653753027,0.0034118423948932422
#50,0.2219766674003962,0.23523442659035879,-0.11723970944309928,0.16612150561303105,0.05729473915914594,0.022346467092229805,0.09237948492185781,0.42465991635483163,1.0,0.41413823464670924,0.17582434514637904,0.13829407880255337,0.022909971384547655,0.09325775918996258,0.33458727712965003,0.062300242130750604,0.02438036539731455,-0.2067642526964561,0.4620118864186661,0.0399141536429672,0.19707021791767554,0.14090028615452344,0.26970504072198986,0.13509134932863748,0.16453885097952894,-0.03089588377723971,-0.04360114461809377,-0.37011666299801893,0.3327272727272727,0.05156284393572529,0.052390490865067134,-0.17169931763152102,-0.09330178296279991,-0.23461809377063614,0.1273563724411182,0.1716596962359674,0.1639291217257319,-0.09342284833810258,0.0996235967422408,0.1014043583535109,0.1255051727933084,0.1689060092449923,0.08912612810917896,-0.20130310367598503,0.10371560642747084,0.10873211534228483,-0.38858023332599606,-0.41628439357252917,-0.239570768214836,-0.34349768875192604,-0.14401716927140656,-0.21608408540611931,-0.06343825665859563,-0.0760576711424169,0.11673563724411182,-0.09604886638784944,0.2572198987453225,0.09659916354831609,0.12853841074180059,-0.04329738058551618,-0.21347787805414925,-0.10158045344486022,0.2313053048646269,0.24896103896103897,0.03047985912392692,0.06559101915034118,0.12709663218137796,0.03166629980189302,0.4432467532467532,0.1173299581774158,0.24583755227823023,0.14306845696676204,0.23835351089588377,0.023574730354391372,0.08742901166629981,0.07668060752806516,0.05810257539071098,0.0537178076161127,0.3599515738498789,0.2931168831168831,-0.04276909531146819,-0.16143957737178077,-0.21242350869469515,0.10273387629319833,0.005564604886638785,-0.282689852520361,-0.3125445740699978,-0.18791547435615233,0.16672683248954434,-0.05070658155403918,-0.03183138895003302,0.10882236407660137,0.24915914593880695,-0.2812678846577152,0.09517279330838653,-0.0016662998018930222,0.046810477657935286,-0.3938895003301783,-0.33138674884437597,-0.361534228483381,-0.3312920977327757,-0.27187541272287036,-0.09598503191723531,-0.351567246313009,-0.1955029716046665,-0.2735659255998239,-0.13313889500330178,-0.23738498789346246,-0.1640083645168391,-0.37421087387189084,-0.1203764032577592
#51,0.5389016068677086,0.49408320493066255,0.38707021791767554,0.48397314549856923,0.09440017609509135,0.3718071758749725,0.43992515958617656,0.4945498569227383,0.41413823464670924,1.0,0.500363196125908,0.16836671802773498,0.1961237068016729,0.17060972925379705,0.06022011886418666,0.016343825665859565,0.5628197226502312,0.12149680827646929,0.21033678186220559,-0.11248294078802554,-0.037211093990755006,0.04679506933744222,0.2733237948492186,-0.033420647149460705,0.16091789566365838,0.08718908210433635,-0.03893022232005283,0.019005062733876293,0.3705260840854061,0.3171758749724851,0.2748910411622276,-0.23005062733876294,0.02229804094210874,-0.04494607087827427,0.17852080123266564,-0.012524763372221,-0.0897886858903808,-0.11369359454105217,0.09161787365177196,0.17146599163548315,0.10639005062733876,0.15359013867488444,0.17390050627338763,0.09250935505172793,0.09756328417345367,-0.034684129429892144,-0.27579132731675104,-0.29109178956636583,-0.234356152322254,-0.25876953554919657,-0.21822364076601364,-0.18979969183359013,-0.024538850979528945,0.12614791987673343,0.1283777239709443,-0.14279330838652873,-0.09580673563724411,-0.22447941888619855,0.147904468412943,-0.038573629760070435,-0.1150033017829628,0.09877834030376403,0.0896962359674224,0.18747963900506273,0.3171274488223641,0.06046665199207572,0.21980409421087388,0.16739819502531367,0.23886198547215495,-0.05742460928901607,0.21450583314990096,0.3474488223640766,-0.11969183359013867,-0.1237772397094431,-0.4043759630200308,-0.24144618093770637,-0.31229143737618315,-0.15256658595641648,0.3287079022672243,0.15073739819502532,0.06779440898084965,0.0913647369579573,-0.23711864406779662,0.14064714946070878,0.1015694475016509,-0.07793748624257099,-0.018545014307726173,-0.27781421967862646,0.1987343165309267,-0.16979088707902268,0.10372220999339643,0.1666519920757209,-0.0763746423068457,-0.1303367818622056,0.034552058111380145,0.2700264142637024,0.11791987673343605,-0.17899845916795068,-0.21543693594541052,-0.23891041162227603,-0.2634888839973586,0.05180057230904689,0.045254237288135594,-0.21970504072198987,-0.13890380805635044,-0.24919216376843495,0.03077701959057891,-0.19090028615452345,-0.18128769535549197,-0.1965859564164649,0.03738058551617874
#52,0.6347765793528506,0.3221747743781642,0.3861171032357473,0.37006383447061414,0.17391151221659695,0.18626678406339423,0.5840281752146159,0.7205040721989875,0.17582434514637904,0.500363196125908,1.0,0.004637904468412943,-0.11236407660136474,0.4361237068016729,0.07901826986572749,0.3030706581554039,0.36551397754787585,0.09338102575390711,0.2126106097292538,0.09817081223860885,-0.14719568567026195,0.1278318291877614,0.048390931102795506,-0.03201628879594981,0.03612590799031477,0.06268104776579353,-0.3127426810477658,-0.137244111820383,0.21166189742460928,0.044651111600264144,-0.18226282192383889,-0.33687211093990754,-0.40307506053268766,-0.3061963460268545,0.0635923398635263,-0.27278670482060313,-0.2521747743781642,-0.17321373541712526,-0.1812524763372221,-0.08246313009024873,-0.14120184899845917,0.07969183359013868,-0.021463790446841293,0.0862953995157385,0.017499449702839533,0.02336781862205591,-0.28573849878934626,-0.25536209553158706,-0.39709883337001983,-0.1601782962799912,-0.2559520140876073,-0.2491239269205371,-0.41453885097952897,-0.04053488883997359,-0.23389390270746202,-0.15333700198106978,-0.37257539071098394,-0.020070438036539733,-0.12449042482940788,-0.023631961259079903,0.08268545014307727,0.16704160246533128,0.3251749944970284,0.23968302883557122,0.180198106977768,-0.06928901606867709,0.06505392912172574,0.2975302663438257,0.3809751265683469,0.24043803653973145,0.5664142637023993,0.5997754787585297,0.2545894783182919,0.19855381906229363,-0.13222980409421087,-0.06740699977988114,0.018892802113141097,0.10949592780101254,0.17934404578472374,0.14355491965661457,0.16299141536429673,0.01567246313009025,-0.34382566585956414,-0.009537750385208012,-0.19638564825005503,0.1743715606427471,0.11442659035879375,-0.026401056570548097,-0.020323574730354392,0.09390050627338763,0.11390710983931322,0.247904468412943,-0.04228483381025754,0.02854061193044244,0.06799911952454325,0.17133171912832929,0.12240369799691833,0.0021021351529826107,-0.43487343165309267,-0.19709883337001982,-0.33691833590138676,-0.04463350209112921,-0.26251595861765353,0.08524983491085186,-0.22730794629099713,-0.3019766674003962,-0.42013427250715385,0.04121725731895223,-0.09778120184899845,-0.10942769095311468,0.11246313009024873
#53,0.12022892361875413,0.20025093550517278,-0.09995597622716267,-0.15860664758969845,0.5621065375302663,0.3472573189522342,0.12799471714725952,0.1856702619414484,0.13829407880255337,0.16836671802773498,0.004637904468412943,1.0,0.4039555359894343,0.20526964560862865,0.055053929121725735,-0.05960818842174774,0.055467752586396656,-0.17685230024213075,-0.020215716486902926,0.006623376623376623,-0.102161567246313,-0.21014087607307946,0.07142857142857142,-0.009652212194585076,-0.09455425930002201,-0.09737178076161127,-0.15377283733215938,-0.259108518600044,0.10178956636583755,0.14629980189302222,0.2771736737838433,0.2061633281972265,0.11431873211534228,0.07323574730354392,0.2251287695355492,0.10872331058771736,0.13602245212414704,0.2094805194805195,-0.046403257759189964,0.08008804754567467,0.052687651331719126,-0.023198327096632183,0.1412062513757429,-0.10769535549196566,-0.09660356592559982,0.06669161347127449,0.013486682808716706,-0.06562183579132731,-0.04338322694254897,-0.15555580013207132,0.04809817301342725,-0.21394673123486682,0.06421747743781642,-0.2886660796830288,-0.11447501650891481,-0.1817081223860885,-0.09770195905789127,-0.09661457186880916,0.01961699317631521,-0.023207131851199648,0.0788663878494387,0.1947061413163108,0.2768368919216377,0.17913053048646269,-0.15883116883116882,-0.2925313669381466,0.40046445080343385,0.257607307946291,0.0006163328197226503,0.07409421087387189,0.10401276689412282,0.010268545014307726,0.0852212194585076,0.1579242791107198,0.05091129209773278,0.016678406339423288,-0.1138762931983271,-0.19851860004402377,0.24454325335681268,0.12495487563284173,0.34229363856482503,0.16079242791107198,-0.0032929782082324454,0.7356636583755228,0.6463130090248734,-0.060367598503191726,-0.11148139995597622,0.0634074400176095,0.01392692053709003,0.4572000880475457,-0.09928901606867709,-0.06202509355051728,-0.10086506713625358,-0.36173673783843274,-0.24431653092670041,-0.019024873431653093,-0.24165969623596742,-0.06134712744882236,-0.1806537530266344,-0.03713405238828968,-0.1283645168390931,0.23662117543473477,0.25546775258639665,-0.022584195465551397,-0.03386528725511776,0.005925599823904909,0.16288575830948712,-0.023136693814659916,-0.11396654193264363,-0.10325775918996258,-0.01096632181377944
#54,-0.022639225181598062,0.10708782742681047,-0.010655954215276249,-0.0535857362976007,0.13225841954655515,0.4612348668280872,-0.12837992515958618,-0.021021351529826107,0.022909971384547655,0.1961237068016729,-0.11236407660136474,0.4039555359894343,1.0,0.06438256658595641,0.08032577591899626,-0.077046004842615,0.2921637684349549,0.09287034998899406,0.11793748624257099,0.11568346907329959,0.16867708562623818,0.005987233105877174,0.24382126348228042,0.17201188641866608,0.20607307946290998,0.05296500110059432,0.06474796390050627,-0.15622055910191504,0.2831366938146599,0.007360774818401937,0.2638895003301783,0.258465771516619,0.23646929341844597,0.019308826766453884,0.1678582434514638,0.2152410301562844,0.2871208452564385,-0.07399295619634602,0.27925599823904906,0.11116883116883117,-0.010517279330838653,-0.015329077701959059,-0.08447061413163108,-0.26552938586836894,0.09302223200528285,0.09035439137134052,-0.097376183138895,-0.17082544574069997,-0.05048426150121065,-0.23563724411182038,-0.05438476777459828,0.035062733876293196,0.030517279330838653,0.14073959938366717,0.20091349328637464,0.07965441338322694,0.3588861985472155,-0.03154303323794849,0.06473695795729693,-0.11467312348668281,-0.12025974025974026,-0.11924499229583975,-0.11588157605106758,-0.1988729914153643,0.06314549856922738,-0.06321813779440898,0.09029055690072639,-0.20143957737178075,0.04278230244331939,-0.07940567906669602,-0.08149900946511116,-0.13299141536429673,-0.204983491085186,-0.23091129209773278,-0.04433854281311909,-0.1380629539951574,-0.23812898965441337,-0.2932445520581114,0.24721989874532246,0.10833370019810698,0.13965661457186881,-0.06293858683689192,0.32737398195025313,0.21518820162887958,0.1465793528505393,-0.24270746202949592,-0.17801232665639447,0.007406999779881135,-0.15592559982390491,-0.010964120625137574,-0.3218005723090469,-0.09704600484261501,-0.07160906889720449,-0.10517939687431213,-0.18698657274928462,0.18722870349988993,0.08292317851639885,-0.023378824565265244,-0.021860004402377283,0.14720889280211313,0.048666079683028836,0.41371560642747085,0.3270856262381686,0.006427470834250495,0.1405458947831829,0.11958177415804534,0.04668060752806515,-0.16214615892581993,-0.09898305084745762,-0.17606647589698438,-0.21167730574510235
#58,0.36402597402597403,0.2588685890380806,-0.020497468633061854,0.1138102575390711,0.24541052168170813,0.126748844375963,0.4055513977547876,0.550116662998019,0.09325775918996258,0.17060972925379705,0.4361237068016729,0.20526964560862865,0.06438256658595641,1.0,0.07695795729694035,0.1709355051727933,0.058219238388729916,-0.23488223640766015,0.09264142637023993,0.19437156064274708,-0.216748844375963,-0.06756988773937926,-0.055916795069337444,0.009359454105216818,-0.11043363416244772,0.14257318952234208,-0.39038300682368476,-0.25975786924939465,-0.09992515958617654,-0.06083865287255118,-0.3165441338322694,-0.024983491085186,-0.3718049746863306,-0.29274488223640766,0.005199207572088928,-0.15496588157605107,-0.04226282192383887,-0.10056350429231785,-0.17330618534008366,-0.1635791327316751,-0.15972044904248295,-0.0019106317411402157,-0.11086506713625358,-0.22834030376403258,-0.08292317851639885,0.029722650231124807,-0.34183579132731673,-0.34982610609729253,-0.4453334800792428,-0.24475676865507373,-0.3132621615672463,-0.16016729033678187,-0.35726172132951795,-0.01440677966101695,-0.09948932423508695,0.1110807836231565,-0.15323354611490206,0.17807175874972486,-0.11474356152322254,-0.0010191503411842394,0.10037200088047546,0.15762931983270967,0.36930442438917016,0.3282720669161347,-0.04680167290336782,-0.1322738278670482,0.4464142637023993,0.3298503191723531,0.3954655513977548,0.4510675764913053,0.6161281091789567,0.467211093990755,0.428168611049967,0.41614791987673344,0.20490204710543694,0.30403918115782524,0.2944441998679287,0.2855998239049086,-0.0055095751705921195,0.007448822364076601,0.28821703720008807,-0.0737046004842615,-0.2547303543913713,0.029465111160026414,0.08056350429231786,0.23381245872771297,0.08232885758309487,0.19817521461589258,-0.20348448162007485,0.2064010565705481,-0.0425379705040722,0.1259454105216817,-0.030061633281972266,0.13439577371780762,0.09866607968302883,0.007037200088047545,-0.008809156944750166,-0.1407307946290997,-0.45188861985472156,-0.42685890380805636,-0.36480299361655294,-0.08762931983270966,-0.2465067136253577,-0.055549196566145716,-0.3631653092670042,-0.39779000660356595,-0.37625797930882676,0.18327096632181378,-0.0386682808716707,-0.06677085626238169,0.05272507153863086
#101,0.2490777019590579,-0.04795289456306406,-0.2076931543033238,0.1718776139115122,-0.014369359454105217,0.07412942989214176,-0.0015254237288135593,0.262887959498129,0.33458727712965003,0.06022011886418666,0.07901826986572749,0.055053929121725735,0.08032577591899626,0.07695795729694035,1.0,0.19054589478318293,0.0012370680167290338,-0.2889918556020251,0.5387497248514198,0.1557010785824345,0.44009685230024215,0.12069337442218799,0.1863350209112921,0.0799537750385208,0.22825665859564165,-0.164455205811138,-0.23318291877613911,-0.5475236627779001,0.16587057010785825,-0.09873211534228483,-0.12685009905348887,-0.10160466651992076,-0.23460928901606867,-0.28355051727933084,0.039355051727933084,0.13946731234866827,0.3324058991855602,-0.001071978868589038,0.17868589038080562,-0.11491525423728814,-0.03310147479639005,0.019451904028175215,-0.22443759630200308,-0.31596302003081667,-0.029491525423728814,-0.028925819942769094,-0.432425709883337,-0.44205370900286156,-0.5316949152542373,-0.41821043363416244,-0.36687871450583315,-0.260858463570328,-0.3733303984151442,-0.08997578692493946,0.06628879594981289,0.02613911512216597,0.3871912832929782,0.19011666299801894,-0.04607307946290997,-0.018639665419326438,-0.27202729473915915,-0.3623024433193925,0.30437596302003084,0.079966982170372,-0.28163108078362314,-0.24231344926260182,0.12229143737618314,-0.10933744221879815,0.5427823024433194,0.252590799031477,0.28795949812898963,0.054618093770636145,0.39571428571428574,0.23572309046885317,0.46461589258199426,0.29694915254237286,0.33904248294078804,0.0939357252916575,0.3543209333039842,0.10108298481179837,-0.15081884217477437,-0.2314769975786925,0.04130970724191063,0.05535769315430333,-0.054745762711864404,-0.21935064935064935,-0.37963460268545013,-0.27269205370900285,-0.182788906009245,-0.0010125467752586396,-0.23085846357032797,0.045254237288135594,-0.10590799031476998,-0.12244772176975567,-0.1937640325775919,-0.21697556680607527,-0.16583535108958838,-0.30414924058991855,-0.3458001320713185,-0.3859850319172353,-0.397508254457407,-0.3415936605767114,-0.09144177856042263,-0.27258199427690954,-0.14698217037200087,-0.3038300682368479,-0.30027955095751707,-0.2585362095531587,-0.23467752586396654,-0.2856372441118204,-0.14257539071098393
#102,0.33055690072639227,0.32186880915694477,0.1418379925159586,0.3021549636803874,0.03637244111820383,-0.07302883557120846,0.2674025974025974,0.2700066035659256,0.062300242130750604,0.016343825665859565,0.3030706581554039,-0.05960818842174774,-0.077046004842615,0.1709355051727933,0.19054589478318293,1.0,-0.06656834690732996,-0.00010785824345146379,0.14457186880915696,0.5017895663658376,-0.09070217917675545,0.5168390931102795,-0.26495267444419984,-0.13579572969403478,-0.280741800572309,0.04802553378824565,-0.49090028615452347,-0.3393858683689192,-0.20134932863746424,-0.2499867928681488,-0.24447501650891482,-0.27420867268324894,-0.3290975126568347,-0.27376843495487563,-0.10438036539731455,-0.2966519920757209,-0.25509795289456305,0.004741360334580674,-0.2035527184679727,-0.18019370460048426,-0.08794188861985472,-0.01562623816861105,-0.1652740479859124,0.011598062953995158,-0.10837112040501871,0.25873871890821043,-0.21743341404358354,-0.36438696896324013,-0.3234140435835351,-0.22623156504512437,-0.25816420867268325,-0.44139995597622717,-0.4513141096191944,-0.017043803653973146,-0.4203345806735637,0.059977988113581335,-0.19829627999119526,0.487805414924059,-0.10220338983050847,-0.09270085846357033,-0.1012722870349989,-0.24273167510455645,0.2221021351529826,0.2770746202949593,-0.08303323794849218,-0.0325841954655514,0.24005502971604667,0.1660246533127889,0.2930310367598503,0.49637684349548755,0.3912898965441338,0.3147149460708783,0.4680013207131851,0.26303543913713406,0.09880475456746643,0.2514417785604226,0.2294342945190403,-0.05981289896544134,-0.07661897424609289,0.25420647149460707,-0.0435725291657495,-0.13616773057451023,-0.1334206471494607,-0.03843935725291658,-0.1599867928681488,-0.0067466431873211535,-0.19682588597842834,-0.062247413603345805,-0.1281994276909531,0.022645828747523664,-0.029405679066696017,0.11907109839313229,-0.18450363196125907,0.13325775918996258,0.012225401716927141,-0.1973035439137134,0.14290997138454767,-0.08851419766674004,-0.3699515738498789,-0.16028835571208452,-0.4225445740699978,-0.09677305745102355,-0.244884437596302,-0.030948712304644507,-0.21787365177195686,-0.2412392692053709,-0.4044375963020031,-0.12397094430992736,-0.3558265463350209,-0.10578032137354171,-0.07421087387189082
#201,0.23145718688091568,0.045890380805635046,0.6142637023992956,0.30998899405679065,0.024904248294078803,0.42350869469513536,0.29570548095971827,0.21401716927140657,0.02438036539731455,0.5628197226502312,0.36551397754787585,0.055467752586396656,0.2921637684349549,0.058219238388729916,0.0012370680167290338,-0.06656834690732996,1.0,0.4063944530046225,0.11965441338322694,-0.2833810257539071,-0.01587937486242571,-0.12112920977327757,0.40681047765793527,0.17134932863746424,0.4620316971164429,0.1061038961038961,0.10023332599603786,0.04857362976007044,0.39659696235967423,0.11221659696235968,0.25538190622936385,-0.03062293638564825,0.07552278230244332,0.0765331278890601,-0.046374642306845695,-0.22629760070438038,-0.1555095751705921,-0.3009663218137794,0.2482918776139115,0.0025753907109839313,-0.30826326216156724,-0.0886484701738939,-0.15651111600264142,-0.031714725952014085,0.0375941008144398,-0.05427250715386309,-0.11221659696235968,-0.09278670482060312,-0.16438036539731454,-0.13649130530486464,-0.13165749504732555,0.024534448602245212,0.03445080343385428,0.31449042482940787,0.23822143957737177,0.013072859344045784,-0.1576667400396214,-0.40675324675324676,-0.11219678626458288,-0.1294453004622496,0.02256878714505833,0.16031697116442878,-0.24107197886858903,-0.18221219458507595,0.2407506053268765,-0.18911071978868588,-0.0897094430992736,-0.05559762271626678,0.08030596522121945,-0.09270305965221219,0.17639885538190622,0.2467554479418886,-0.21754567466431873,-0.2705987233105877,-0.40944089808496587,-0.29033898305084743,-0.2647017389390271,-0.08314109619194365,0.3733348007924279,-0.09792427911071978,0.0788069557561083,-0.0414836011446181,-0.1430772617213295,0.08884877834030376,-0.13176535329077702,0.016973365617433414,0.12885758309487122,-0.08933964340744002,-0.04948051948051948,-0.17043143297380586,-0.1212722870349989,0.18761171032357474,-0.19436495707682147,0.0435857362976007,-0.09072639225181597,0.5486198547215496,0.13835351089588377,0.12868368919216377,0.048195025313669385,0.039665419326436274,0.09433193924719348,0.4088003521901827,0.2585934404578472,0.20246092890160686,0.15089808496588158,0.04201188641866608,0.07886418666079684,-0.018395333480079244,0.06959498128989654,-0.021283292978208232,0.035258639665419325
