,#10,#11,#12,#13,#17,#18,#26,#49,#50,#51,#52,#53,#54,#58,#101,#102,#201,#202,#301,#302,#401,#402,#501,#502,#601,#602,#701,#702,#801,#802,#901,#902,#1001,#1002,#1101,#1102,#1201,#1202,#1301,#1302,#1401,#1402,#1501,#1502,#1601,#1602,#1701,#1702,#1801,#1802,#1901,#1902,#2001,#2002,#2101,#2102,#2201,#2202,#2301,#2302,#2401,#2402,#2501,#2502,#2601,#2602,#2701,#2702,#2801,#2802,#2901,#2902,#3001,#3002,#3101,#3102,#3201,#3202,#3301,#3302,#3401,#3402,#3455,#3501,#3502,#3601,#3602,#3701,#3702,#3801,#3802,#3901,#3902,#4001,#4002,#4101,#4102,#4201,#4202,#4301,#4302,#4401,#4402,#4501,#4502,#4601,#4602,#4701,#4702,#4801,#4802
#10,1.0,0.4061391835140929,0.3305437129947645,0.3101451123206018,0.3211022480058013,0.026070810987417224,0.3005681772904398,0.5350763811967583,0.3617018224704954,0.38634143231677676,0.18115372662145687,0.11726446142689798,-0.02073169759899274,-0.09067408298735348,-0.14261170301779438,-0.1506602172301955,0.24791655045462152,0.3202400210377005,-0.04647259919196105,-0.1953477994087131,-0.11411358764513224,-0.11529297388615735,0.02817458103897553,-0.07946194487166205,0.027360167026591973,0.08125493071105834,-0.04871502681509933,0.06573484528524412,-0.03497836463753795,0.10415255520404179,0.1998804676107069,-0.052216528938791446,0.20498689128130754,0.16547585844177579,-0.12434077887304863,-0.1948680760863502,-0.16422953406274654,-0.16271067583612905,0.04409310776243336,-0.06561212536556989,,,0.21351512881607151,-0.03826470846050251,0.00461076269633195,0.01111013714349465,-0.14295276876857732,-0.06966507024520077,0.0447959582114767,0.07247487827618357,0.09027404792451928,-0.008752958426635003,0.1864083704547809,0.0935014224354326,-0.12306257919020791,-0.0076787606881878094,-0.1594992389771215,-0.16084756432834751,0.2966554837475795,0.18064690929085417,-0.18651834025293054,0.08888587844352891,-0.286084039238499,-0.23708691598466797,0.1914414809266151,-0.09781255727593653,-0.06682019938002534,0.02635131366095833,-0.1602483086166915,-0.13183306903393924,0.1310600929165106,0.11320673525169536,-0.19029237622421089,0.12622620309349825,-0.39462582377738287,-0.3390241375738112,-0.30898166373148245,-0.26742583015244364,-0.18793041621177953,0.02825426929850425,-0.22294862497908183,-0.15105068970188623,-0.14283961144004653,-0.01707241272143375,0.026840599574464694,0.06986429089402259,0.1422801998581549,,,-0.027838296583764313,-0.1453705105626788,0.13337264620803416,0.10067655332339887,0.31768840296759077,0.2511072683661516,0.11049255313214704,0.1072109906047542,0.051317645371307445,0.09824128011220107,0.022808373642311277,0.0024002103770051557,0.18850895297595804,0.05833977480097857,0.2763971344101874,0.15672608754552192,0.1332961454788866,0.0284072707567994,-0.08542422044960116,-0.07988748017754545,-0.019646343504211523,0.18464566615400552
#11,0.4061391835140929,1.0,0.49812493525328916,0.45963869343129676,0.2305795727115524,0.13229844846958697,0.5163321087904119,0.2702133254707584,0.18468232275338875,0.563381650981361,0.313668927156962,-0.09989720214520795,-0.08156252739283922,-0.18635418243830137,-0.15565667110264644,0.09748583541186877,0.18922774107690715,0.3902461570336842,-0.2250476137350684,-0.12299882858258493,-0.07473802484679933,0.1325582321956506,0.16161257161982326,0.18753516244451704,-0.089005410832822,0.16408131390002312,0.05684960434779144,0.2946808086764577,-0.08727458183585812,0.11950688905003626,0.22347456749197142,-0.12615607742511295,0.14444931428252675,0.21306409326713896,-0.3027070101761907,-0.20368637888579877,-0.37095841069735197,-0.1062499501948378,-0.13763278056243974,0.06213612348492697,,,0.0021468017117038146,-0.10789949716708237,0.11243535289945732,0.17546876618667773,-0.05317278805313613,0.06879806198152826,0.11451840400353816,0.3251440365290982,0.1907210990604754,0.26297285020997857,0.2607033285786005,0.3438962777613974,-0.06326929053542542,0.10861669150284088,-0.1496226760911315,-0.08401373825594276,0.14613392408896397,0.2961805417207883,-0.13527082055000836,-0.06910725242849972,-0.27031532644295514,-0.13805194080756084,0.11565475858441776,0.012576401118823164,-0.039493501422435434,0.10604754201563484,-0.2629266310194519,-0.25501199308305905,-0.06959175704643435,-0.06972882085282375,-0.2312919857517392,-0.03544533783837627,-0.4897369490552957,-0.2751125596665843,-0.3875176310274207,-0.14758265664719616,-0.09645148180318594,0.1145343416554439,-0.33596570217309885,-0.06726804739857677,-0.06068739092669477,-0.10144474814525575,-0.10944863693232076,0.027954641442676252,0.05314091274932464,,,-0.04234315358318259,-0.2076978858704747,0.03480783176214648,0.006625281897218083,0.1391468574934855,0.26203571627792077,0.11446262222186805,0.31428252675533314,0.030729386639466408,0.30381627074883055,0.018988118480504267,0.2066173130712652,0.1238004924734439,0.04921865661532086,0.04618412769246707,0.1522205133517679,0.1282630350070524,0.14544222999625464,-0.22498067559706428,-0.019412060021197077,0.08686657794707106,0.19040712731793225
#12,0.3305437129947645,0.49812493525328916,1.0,0.3878841970212529,0.39862936193610593,0.38972021452079464,0.2805759867398736,0.1419869470630892,0.08158324634031668,0.5599104303962897,0.3213907195052953,0.012264023141470567,0.1981831076827451,-0.43176374024814923,-0.38777263345791263,-0.23389938560351903,0.40776960530405054,0.6156603367625848,-0.4561069097689837,-0.43481261305771823,-0.11978420419319621,0.08596131931882475,0.2409055773812844,0.1554048562025357,0.16084597056315694,-0.09953541744694754,0.19885248906278638,0.22211667954960196,0.17428141111969975,0.1264461426897975,0.35427487668241836,-0.13379021268796468,0.12642701750751062,-0.06728239128529194,-0.06010088533656337,-0.23050944704316714,-0.34694515057096637,-0.3141247440014663,0.02948306226043717,0.16633171034911426,,,-0.0076357290280422985,-0.3229542031572488,0.14618333080987178,0.19508482815226832,-0.005028329176262461,0.11125596665843221,-0.05647985082357816,0.4363075648064771,0.5376040927890094,0.44463498792722866,0.5146219987409255,0.40504107929778704,0.1678840376447338,-0.10389436524316872,-0.06505749507924997,-0.14961311349998804,0.19111954035811904,0.40152523328737977,-0.4077106359919993,-0.1950736717959343,-0.40471595119890985,-0.2452772752990302,0.08802843277099985,-0.19081831873710045,-0.19925093036042998,-0.041903274390584035,-0.30762218202392244,-0.28429424092948385,0.1073480544111436,0.07102136442237965,-0.2432723186892875,0.1524006088183028,-0.5451314457840927,-0.24327869375004982,-0.4342771079536852,-0.11089896325574353,-0.0846034313764553,-0.03387707289085099,-0.02639434532110384,-0.13542382200830352,0.03337344309062946,0.06672616723378144,0.034584704635466056,-0.1644494736590458,-0.04515455537935596,,,0.23291443871574402,-0.18773916438891058,0.1433352724143152,0.06599781654168892,0.2547107714620405,0.2353194303883209,0.5227358573261401,0.124080995146985,0.35925061160739186,0.297436428690961,0.04407398258014647,0.439206623688132,0.5727450214759859,-0.027763389619807313,0.29421383547561936,0.07582019141119939,0.10853222194774044,0.11200503629800221,-0.3712548510227988,-0.17503685582003203,-0.2834909832734343,0.06362470017292353
#13,0.3101451123206018,0.45963869343129676,0.3878841970212529,1.0,0.32667405111204967,0.24980516220545226,0.27408139358828265,0.024179011706205324,0.07742670672329846,0.44153352086637077,0.16918614380543315,0.13752599829467124,0.0701256683852768,-0.13503653706699392,-0.021182733147925317,-0.03430260819673438,0.17236570536062923,0.1072922726294735,-0.10462112217007068,-0.10802699838232833,-0.2890548175537298,-0.14279020471913872,0.0416928973854282,-0.027374510913307143,-0.040430635354493226,0.1676274414490513,-0.20018328299691607,0.03968475324530437,0.030350070524109683,0.2878658687215613,0.2896237917267649,0.019879033222035398,0.17749762927427903,0.15420634477922368,-0.06453633386193212,-0.05449880069169409,-0.07369251488178247,0.0627082851883432,-0.03557921411438453,-0.035478806907378334,,,0.08330132521575596,-0.028643148005004424,-0.0041613209125899485,-0.07845468527121899,0.0352062730597901,0.006907378335949764,-0.0028719648734152,0.027339448079114505,0.10182406426061248,0.006416498657252827,0.11870363139398672,0.07686570137621625,-0.17621305453067598,0.11171497103331766,-0.3054817553729809,-0.065518093219326,0.09196025149614707,0.03446039095060125,-0.07331479253161631,-0.06887456271067584,-0.05598737737969065,-0.07009857437703704,0.08237694140522277,-0.09922144570440437,0.07985560487373396,-0.07505199658934249,-0.08887790961757604,-0.08507677963805592,-0.04340619496529576,-0.1265274247145168,-0.1318282877383675,0.19303046482161784,-0.26108264469395726,-0.08101427216728159,-0.17186526309078884,-0.08897831682458224,0.007987951135159257,0.17191626357688722,-0.20080644518643068,-0.1025970403780411,-0.07584091035867685,0.11274613711161935,0.06873749890428643,0.17901170620532478,0.2931683255106025,,,0.20832582935556104,-0.1093657611424109,0.19400425535305885,-0.01878252277092016,0.13982898899505136,0.38295149375642484,0.06674210488568719,0.10462271593526126,0.1671668433089753,0.20963590434221327,0.1413382846305254,0.1108702754823132,0.17578114416403032,0.09825562399891624,0.15650614794922263,-0.03114695311939692,0.1871574400943509,0.08589119365043948,-0.1631330236116313,0.006112089505853103,-0.02325781542605328,0.2083959550239463
#17,0.3211022480058013,0.2305795727115524,0.39862936193610593,0.32667405111204967,1.0,0.448824996613249,0.18418666177912008,0.08005323175736519,0.10633920104550997,0.25002828933213267,0.09525775167544566,0.503406673094853,0.4221756488616532,0.14552351202097394,-0.1399214273761047,-0.31927101180183126,0.2212209835124991,0.18722278446716445,-0.20614555857485517,-0.3434053980827005,-0.29377395628302083,-0.25727832718405597,0.10187825227709202,-0.09996732781359323,-0.012729402577118314,-0.1951549538206536,-0.1026034154388034,-0.18740287993369936,0.31660304887280954,0.1632445871749715,0.46389723402051175,-0.06813186813186813,0.19265274247145167,-0.02043206974316474,0.038385834614986174,-0.16769916088262715,-0.1148594697543211,-0.312856106909769,0.18374518882133095,0.01846217596761469,,,0.20333734430906295,-0.12317254898835754,0.15501278996565437,0.10861191020726917,-0.007144849349345361,-0.07893918988915363,-0.15162285140530246,-0.004813170875534907,0.16698037278167807,0.11048139677581302,0.22847420889480352,0.004958203507877184,-0.051088143183864725,-0.305140689622198,-0.254454175266358,-0.3733219644749739,0.31365617703543736,0.23540708747380248,-0.12716333702555602,-0.01777048187490537,-0.10382423957478344,-0.08126130577182064,-0.11982404832296058,-0.2004175664799305,0.0790348158005881,0.05883065447967551,-0.1426611097387022,-0.04608053295507973,0.10061917777653819,0.04483102104566934,-0.0207093848863247,0.2658416275530126,-0.3258054490831866,-0.13014686546231144,-0.2490481237399294,-0.10146227956235208,-0.05415295364533943,-0.1675158778857111,0.06635641370956817,-0.11996111212934998,0.07417542573452653,0.4052116121731785,0.4364302847261513,0.14993664783367466,0.3212648120552399,,,0.37710237550701653,0.07742192542772673,0.4583812126959335,0.21100813617129788,0.37039103028950743,0.2622492808134578,0.14326833427631108,-0.21420204161320913,0.1776984436882914,0.1360613280845333,0.10824693797862761,0.1922399572870929,0.425723370175872,0.22630190694005053,0.17447425670775923,0.1858521464032704,0.0667229797034003,0.07522731076030569,-0.21952840488010902,0.06031285610690977,-0.07662344906724892,0.09010192128393724
#18,0.026070810987417224,0.13229844846958697,0.38972021452079464,0.24980516220545226,0.448824996613249,1.0,0.2946425583118839,-0.010039126935428603,0.1418562583174621,0.29636541848289494,0.14506769517646964,0.37689359226705127,0.5817768888109714,0.013019467841802867,-0.19397397381443793,-0.2740654559363769,0.207254819147495,0.1854839866442477,-0.3069575819394529,-0.23332563013491223,-0.1878634780737754,-0.1193985130170772,0.1398688331248157,0.10868681717122616,0.028158643387069783,-0.10619735594354884,-0.17718365753173584,-0.13302998669206065,0.5287045079648416,-0.017359290455737156,0.17080540923905682,-0.10311820159535895,-0.01711544438157926,-0.25981082007187883,-0.07038863964172158,-0.19211245607184693,-0.28084852058746185,-0.3276717481213493,-0.033626851755930796,-0.060065822502370726,,,-0.05615791025508212,-0.09508562503486362,0.2480552080262015,0.2371299476448135,-0.03395197985480799,-0.029553187928822448,-0.3298312999545777,0.12822956593805035,0.24308425439679973,0.2907346460645953,0.27404951828447116,0.12716014949517487,-0.008008670082636725,-0.39471507462805505,-0.04264756273458231,-0.14089681167273627,0.0066316569579803804,0.11497900214361419,-0.3697375865613719,-0.3790148937357059,-0.021968459386878532,0.005460239542908143,-0.31398768019507683,-0.1841404425885934,0.024475452031652176,0.24449473659045812,-0.14430109411980332,-0.1913155734765597,0.054855804094382773,-0.13383961940887248,0.21928934010152284,0.16292583413685663,-0.31486903234546454,-0.07796221182733148,-0.17028743555212011,0.07294663277259361,-0.028023173345870952,0.09621879208536206,0.3595438644024576,0.06627194415446772,0.3355003227374511,0.2018790491596873,0.25049366876778045,-0.14114862657284702,-0.049663317103491145,,,0.37446788164699696,-0.019922064882180908,0.23152626923475364,0.1351433193347624,0.019544342532014758,0.02932209197618915,0.17797097753587965,-0.24593550032273745,0.25472033405318395,0.04858274430428165,0.11513519113229048,0.2423112782793711,0.38688650001195324,0.10462430970045183,0.12997155129134824,-0.11479253161631697,-0.03654662958506323,0.029046370598219764,-0.5311620938887074,-0.18761166317366462,-0.4159950274526054,-0.23558558917514683
#26,0.3005681772904398,0.5163321087904119,0.2805759867398736,0.27408139358828265,0.18418666177912008,0.2946425583118839,1.0,0.12708843006159903,0.14818988118480506,0.42841842711313344,0.26842033963136214,0.07957510220019284,0.09808668488871534,0.12740558933452334,-0.12499262883599359,0.06281028616053996,0.15994389946529178,0.17007865231215485,0.007004598012574807,0.02720716556829682,-0.06591175322139789,0.04182996119181761,-0.025779151957542094,0.00436851038736463,-0.2515200535505104,-0.05301181776888811,-0.19636462160029963,-0.0018774553944967288,0.0033771884388273075,-0.05420395413143782,0.2647323669803728,-0.049346157830566825,0.03140514308026998,0.170681095554192,-0.2193483094135741,-0.1785032951095315,-0.3206591812828216,-0.07560822064085299,-0.1966339679175067,-0.12161703416235686,,,-0.0861079457163576,0.020919761891480527,0.20674162675613003,0.09485612284742088,-0.001800954665349154,0.061308959351018814,0.11437496513638645,0.12795543832527154,0.07673023133501741,0.05658663309134665,0.16802747651188552,0.07247009698061185,-0.2620883105292097,-0.2185801145917172,-0.1010925260381388,-0.09414849110280582,0.1839236905226753,0.08956960371028537,-0.2434795081640622,-0.11617591980173561,-0.031822709560200495,0.07136402393835316,0.03381491604841859,-0.06259353409462184,0.1879065097339209,0.21139223358222634,-0.06318163344994382,-0.08196415622086398,0.1321231342986238,0.13866235287555084,-0.0019236745850233885,-0.10999848592306895,-0.2515487413239407,-0.11213572504362933,-0.10023189283522858,-0.0385340547777096,-0.10869637976236961,0.015481835061240427,-0.1861836495629099,-0.1546478177370128,0.0008478830813856195,-0.030428165018447834,0.14540079210129972,0.08948832168556607,0.12894197897823714,,,-0.05052873160197308,-0.1268398026918694,0.07281116273139478,0.02924080995146985,0.15151128784196224,0.13230004223477754,-0.15039724597375068,-0.09139287108830256,-0.03698491501247121,0.08442333590992039,-0.0024496170979129645,0.06869287347895035,0.16602570743252396,0.11545394417040537,0.023987759883336388,0.12164094064021548,0.020295005936775336,0.04282606443592665,-0.24882499661324897,-0.10595669739977209,-0.09965335607105005,0.09698539314202838
#49,0.5350763811967583,0.2702133254707584,0.1419869470630892,0.024179011706205324,0.08005323175736519,-0.010039126935428603,0.12708843006159903,1.0,0.5143367147718126,0.3106790236594443,0.15356246364223158,0.08928113221079138,-0.17046434348827388,-0.02967909537887783,0.14811338045565747,-0.059364565818517956,0.2154148969232363,0.33668927156961964,-0.00352062730597901,-0.21182892524444374,0.20931715130409836,-0.042363872530660054,0.3095554192000893,0.1253607885950163,-0.007108192749962148,-0.013182031891241463,0.17000533911338842,-0.0891807250037852,-0.12641107985560487,-0.01403947756377053,0.001136354580879599,0.0990509128290129,0.2265903784395445,0.06674051112049662,-0.33810612882404034,-0.18615814931986072,-0.21111651220425695,-0.18717815904182836,0.0505526380798317,-0.05882109188853206,,,0.07945397604570918,0.07475396249870507,-0.05711257560423623,0.040923108798380736,-0.18091147431248955,-0.10024145542637203,-0.0816071528181753,0.051147112495915976,0.04994222601184167,0.08227972172859772,0.007699479635665278,0.06416658033771884,0.08624660328793758,-0.10947891847094168,0.019123588521703098,-0.24973822406744814,0.08336826335376009,0.1518826351313661,-0.12369211644048482,-0.016463594418634302,-0.26384145223884164,-0.27946194487166204,0.022991656639227344,-0.08329176262461252,-0.06228912494322211,-0.026270031636239033,-0.1088844440548574,-0.19351815696993363,0.03509789702683104,-0.102765979488242,0.08045964188096168,0.030525384695072873,-0.17377778131947821,-0.25452430093474326,-0.15551323223549474,-0.14816438094175585,-0.10734964817633418,-0.1181298759253799,-0.36214488919347515,-0.04441664209611998,-0.3353935404696826,-0.23947437624014853,-0.036124281809560996,-0.004494417837420013,-0.146070173481341,,,-0.24938281442995003,-0.2507502649634629,-0.12651786212337338,-0.05662807098630159,0.10283929268700842,-0.043442851564678975,0.19631362111420125,0.06980213405159018,0.08646654288423687,0.09887241112766856,-0.09025014144666066,0.07103092701352309,0.1408824677860211,0.0704189211803425,0.24153989592713307,0.2545227071695527,0.07447824112073569,0.08488871534556813,-0.1070675517376025,-0.14182278924846003,-0.05560009243838105,-0.07080142482608037
#50,0.3617018224704954,0.18468232275338875,0.08158324634031668,0.07742670672329846,0.10633920104550997,0.1418562583174621,0.14818988118480506,0.5143367147718126,1.0,0.21400282096438733,0.20699662918662193,0.23371929013698411,0.00658862529783487,0.07714461028456678,0.2725689104224275,0.10160890595988493,0.08940225836527504,0.18752878738375475,0.15023149439393094,-0.065967535003068,0.08313557363593621,-0.196415622086398,0.09352054761771948,-0.0008606332029102152,0.020323693710205676,0.060963112304664155,-0.1735355290105109,-0.3043581509136259,-0.09652479500195237,0.08213628286144602,-0.07737092494162835,0.1341759038640837,0.22771079536851835,0.03274549960554311,-0.12284901465467092,-0.0432914438715744,-0.06447895831507144,0.00838798619799345,-0.2712237726015826,-0.24735235757715815,,,-0.09084780339312609,0.17104606778283354,-0.21409366558025006,-0.021962084326116234,-0.13071265210496538,-0.0831180422188399,-0.15322139789144865,-0.1236379284240053,-0.07237287730398681,-0.07694220210536382,-0.12216210185753333,-0.12223382129110918,-0.15337599311493438,-0.20530245678904127,-0.21240427447824112,-0.2839563627090821,-0.13548916638111708,-0.2313971742543171,-0.1725856449569285,-0.042861127270119294,0.062327375307795904,-0.13504769342332795,-0.0381658950186869,-0.08942457107794309,0.13915004502386663,0.20194279976731028,0.25879240411510174,0.029530875216154405,0.25899003099873297,0.13991823984572352,0.21020647228043893,0.1284447242387779,-0.19378431575675956,-0.23738813760568656,-0.07472368096008415,-0.1697328052658002,-0.04331535034943302,0.14696586951844384,-0.04967287969463459,0.00701256683852768,-0.13225860433982262,0.03034528922853796,0.22779048362804707,-0.10326801552327296,-0.041230705480161604,,,0.008368861015706556,-0.12219875845691654,-0.009659810820071878,-0.2026663691638311,-0.0022743029269497723,-0.11555435137741156,0.014122353353680402,0.15479444413454566,-0.025928965885456096,0.02819370622126242,0.07341041844305078,-0.0064834367952569544,0.020993075090246952,0.05942991019133151,0.11798484329303764,0.21225286678513655,0.11846616038059113,0.09899034975177107,-0.10435496338324475,-0.10208703551705728,0.08514531154125063,-0.07228522021850521
#51,0.38634143231677676,0.563381650981361,0.5599104303962897,0.44153352086637077,0.25002828933213267,0.29636541848289494,0.42841842711313344,0.3106790236594443,0.21400282096438733,1.0,0.39485213843444444,0.1307668401214449,0.22510180175154795,-0.13198925802261552,-0.14389946529177855,-0.12206806971128943,0.6158563698810254,0.38402728526006263,-0.18143741682537912,-0.2719011228075768,-0.11408489987170191,-0.07409892500537896,0.22573930782777774,0.05128417630230538,0.06813186813186813,-0.020937293308576847,0.019681406338404164,0.08951541569380583,0.1708930663245384,0.2043509789702683,0.21062882005594116,-0.04401660703328578,0.1760249902381882,0.058760528811290236,-0.23490823896915267,-0.1564280534548845,-0.3183035963311525,-0.11600060563077241,-0.14979958402728527,0.14316314577373315,,,-0.13752918582505239,-0.2307867621863271,-0.03431535831825897,-0.05043948075130091,-0.06602650431511925,-0.05339113388424484,-0.017576042521655285,0.1303301484592275,0.1761062722629075,0.1076668074492585,0.2264851899369666,0.1286646638350772,-0.017682824789423773,-0.054838272677286456,-0.1338332443481102,-0.22105523193267937,0.10919522826701943,0.17814469794165225,-0.2752384671166397,-0.13238132425949684,-0.3349026607909857,-0.28537640749388393,0.24448198646893354,-0.0733976683215262,-0.01643012534963224,0.0188924925690698,-0.2651738399381619,-0.41382113173266183,-0.07893281482839133,-0.03682872602379492,-0.164164189689933,0.06560415653961701,-0.4248420180254843,-0.32185928647132417,-0.3364438317302712,-0.16772944242124807,0.07800046219190526,0.08119914892938823,-0.051951963917156084,-0.11709711608188765,-0.005845930719027166,-0.01741825976778841,0.026756130019364246,-0.015210894978842766,0.03820733291364183,,,0.12007745698826192,-0.3305054626301907,0.08869781415104112,-0.11825100207986357,0.19172038983496562,0.3059821976428213,0.35912948545290824,-0.023629162715457133,0.1145215915339193,0.230004223477755,-0.061221302265537215,0.19083903768457794,0.34885766879965574,0.10232450653045287,0.19392934838910184,0.05732295260939206,-0.013503972459737506,0.06356891839125342,-0.31303938990668506,-0.11374861541649069,-0.11446262222186805,0.19713281642215652
#52,0.18115372662145687,0.313668927156962,0.3213907195052953,0.16918614380543315,0.09525775167544566,0.14506769517646964,0.26842033963136214,0.15356246364223158,0.20699662918662193,0.39485213843444444,1.0,0.008037357856067066,0.033108878068994096,-0.07723386113523895,0.19210608101108465,0.08332204416323342,0.31258357306218076,0.08381611137231151,0.09909553825434898,-0.10444262046872635,0.1488799815123238,-0.052600626349719896,0.2237614452262748,0.03298297061893871,0.1945684482305222,0.037523607646885386,0.048150833937635966,-0.1606180621409048,0.08674067049701567,0.08676935827044602,0.006838846432755062,0.12843516164763447,-0.1857326140139773,0.019061431679270692,-0.018213548597885074,0.03765270262732192,-0.0025818996087306457,0.07625847683860737,-0.08465602562774427,0.09475093434484297,,,0.05161886699232602,-0.022397182223143065,-0.09540119054259735,-0.11360995784491071,-0.13769334363968155,-0.1717855748312601,-0.13513853803919068,-0.17822916749675272,-0.09121436938695822,-0.15998055606467498,-0.13220760385372424,-0.13100909243041223,0.03814198854082828,-0.043272318689287506,-0.04679772729083824,-0.1640829076652137,-0.1857724581437417,-0.2666353226179187,-0.30893066324538404,-0.2711297404553387,-0.07549825084270334,-0.08689048442492968,0.07738845635872467,-0.0651738399381619,0.058430619416841315,0.12934042027588075,0.11897616524157496,-0.10429758783638407,0.11586035429400186,0.1769111236841476,0.10978492138753197,-0.02776976468056961,-0.13824319263042975,-0.10130130927810406,0.10304648216178311,0.12432324745595232,0.18572942648359617,0.20187426786411558,-0.004559762210233566,0.09441464988963176,-0.07954641442676251,-0.09917363274868714,-0.06304616340874498,-0.09026289156818526,-0.19151957542095324,,,-0.04011666361195005,0.011130856090972117,-0.03512817856545195,-0.11549060076978859,-0.2475802659994103,-0.06182852680314609,0.2087784586696842,0.03163942656328443,-0.009965813736662178,0.031094358868107963,-0.03762560861908215,-0.00822064085298313,0.11830040880077138,-0.11057702268724749,-0.02045438245583278,-0.22897146363426277,-0.23552183856752384,-0.21240905577381283,-0.18837188916956865,-0.07097992652742471,-0.15141884946090892,-0.002314147056714134
#53,0.11726446142689798,-0.09989720214520795,0.012264023141470567,0.13752599829467124,0.503406673094853,0.37689359226705127,0.07957510220019284,0.08928113221079138,0.23371929013698411,0.1307668401214449,0.008037357856067066,1.0,0.7141869008438987,0.22274143550430714,0.06101570655595311,-0.29118568161352787,0.06293619361059535,-0.1054195985305485,0.048906278637968266,-0.24914374965136388,-0.1764871821434548,-0.40992915713727895,0.0458637808891616,-0.23744391938735665,-0.1813752599829467,-0.3211086230665636,-0.30991879766354025,-0.42719760297715337,0.4684330897528867,0.22676409884531712,0.3749125421351672,0.017505916853270007,0.07984126098701878,-0.009084461586274495,0.14943301803345313,-0.09711130059208377,0.007312194694355681,-0.2090031795615552,-0.06222378057040856,-0.18070906613328658,,,0.0785598737737969,-0.14171919451107268,0.043410976260867484,-0.10799034178294512,-0.050673764234315355,-0.12053964889352851,-0.10481237399293962,-0.2588386233056284,-0.15693646455067775,-0.17126600737913283,-0.06618109953860497,-0.26224290575269543,-0.12590266875981163,-0.39877917586401995,-0.16735012630589136,-0.3664958681637434,0.012163615934464375,-0.18509988923331924,-0.10195634677143016,-0.011440046537943565,-0.005375769987807697,-0.09448955685358876,-0.08735586386057742,-0.16655643124098526,0.3151017220632884,-0.002379491429527688,0.04691088461936903,-0.03990947413717537,0.12083290168859422,0.048004207540103115,0.13556088581469292,0.06463674106893831,-0.058030584354007125,0.016186279275474346,-0.016493875957255218,-0.1648128521224968,-0.10336364143470743,-0.16985552518547442,0.419667062451689,-0.14523025922590824,0.07166046426380002,0.6172732271354462,0.6743268334276311,0.36653252476312664,0.3153328180159217,,,0.501342747173059,-0.1089593510188144,0.37483604140601967,-0.11585397923323956,0.13785431392392958,0.10417486791670984,-0.10327917187960697,-0.3704133430021755,-0.03294312648917435,-0.20823020344412657,-0.09492306098542502,-0.15649977288846034,0.16433791009570559,0.12392799368868984,0.22280359234673955,0.03210161846855103,-0.2268342245137024,-0.16481603965287794,-0.1850839515814135,-0.10423383722876109,-0.03306106511327686,0.02417104288025245
#54,-0.02073169759899274,-0.08156252739283922,0.1981831076827451,0.0701256683852768,0.4221756488616532,0.5817768888109714,0.09808668488871534,-0.17046434348827388,0.00658862529783487,0.22510180175154795,0.033108878068994096,0.7141869008438987,1.0,0.118848664026329,-0.20723250643482696,-0.3455649499159289,0.09574703758895202,-0.04685510283769892,-0.1444142514483341,-0.3059630724605344,-0.2758456916542486,-0.3120624118448629,-0.020776323024328826,-0.12552813394002663,-0.06722023444285953,-0.2813314314402059,-0.26622731872913163,-0.2514913657770801,0.7411055949127016,0.25325247631266484,0.39284718182470174,0.033362286734295435,-0.04784801855142682,-0.04551952760799751,0.2389962466829762,-0.1039581158507917,-0.038736462956912555,-0.20721338125254007,-0.11025348835356087,-0.053494728621632175,,,-0.0072819131557347655,-0.13428427989704278,0.19773047836862195,-0.017547354748224945,0.11995633083377825,0.002502211349201922,-0.15373459028281364,-0.1411996270589454,0.023085688785471237,-0.03472176844185546,0.08445839874411303,-0.11102168317541776,-0.11326570456374663,-0.36568464168174103,-0.19814963861374305,-0.33861932121540533,-0.07185968491262182,-0.10373658248930186,-0.256027221509455,-0.20377403597128035,-0.014839547689438915,0.011051167831443394,-0.09911147590625473,-0.2155965861549618,0.23063216696284136,0.12980420594633793,-0.13633386193212155,-0.17366462399094743,-0.01857214576576433,-0.011612173178525607,0.12347217684418554,0.1120560367841006,-0.18132904079242004,-0.022237805704085616,-0.1269465849596379,-0.08471180740941438,0.0007968825952872363,-0.09650088852409375,0.6469124783845596,-0.2194678418028672,0.44833889823012374,0.6315932073727578,0.4694307867621863,0.14637777016312187,0.15667827458980468,,,0.6443194224194949,0.005178143104176461,0.43476639386719157,-0.08846034313764553,0.23110232769406083,0.19726669269816477,0.06283259887320801,-0.3944919475013746,0.059186064117173615,-0.11275729346795337,0.024859549442580623,0.04162914677780523,0.2769852337655093,0.18498513813959788,0.2123994931826694,-0.1252173497278646,-0.31263935484385086,-0.14041071328961105,-0.38074731649786037,-0.19640127819968284,-0.18731522284821778,0.03605415614117572
#58,-0.09067408298735348,-0.18635418243830137,-0.43176374024814923,-0.13503653706699392,0.14552351202097394,0.013019467841802867,0.12740558933452334,-0.02967909537887783,0.07714461028456678,-0.13198925802261552,-0.07723386113523895,0.22274143550430714,0.118848664026329,1.0,0.26736207954482066,0.1144913099952984,-0.059334284279897044,-0.4008845396807688,0.3789654870147981,0.2727984126098702,-0.13775550048211396,-0.19710890994429792,-0.11076189944935412,-0.23948234506610142,-0.22680394297508147,-0.10016176716684332,-0.41881599183992224,-0.3792045517933843,-0.061747244778426795,0.006983879065097339,0.028796149463299572,0.03049510315645196,-0.01128545131445784,0.0585437767453721,-0.06536190423064969,0.14756512523009985,0.1369809305994948,0.15812381961765573,-0.17619233558319852,-0.19425925778355074,,,0.023637131541410002,0.28720923746304455,-0.07440492792196926,-0.22770601407294663,0.15027293228888589,-0.08959032265776283,0.030232131900007172,-0.464843930543713,-0.3456557945317916,-0.4001625640494386,-0.35184916606236405,-0.4663293197013284,-0.3659013937476592,-0.21982165767517473,-0.2998956083800174,-0.22949740614715233,-0.04519918080469205,-0.2658432213182032,0.22657284702244818,0.2202918184063942,0.5090741021125358,0.32152459578130355,-0.05643681916343265,0.04351775852863598,0.5990469284160365,0.3502155567420252,0.35979089800699665,0.3884993903848146,0.19230370789471588,0.17756616117747373,0.1956171457259202,0.15969527209556217,0.23669484974778665,-0.04554343408585613,0.19068284869590163,-0.09870347201746767,0.25636191219947563,0.10397086597231629,-0.07802914996533561,-0.016999099522667326,-0.03368741483317263,0.14012383555530764,0.32837300480520204,0.34092868697654777,0.30771940170054746,,,-0.015113675302217725,0.23514092868697656,0.20873542700953868,0.013907195052952848,0.08294591557825785,0.07864912462446907,-0.45927212743746465,-0.24262843755229543,-0.23250005976619464,-0.18898389500274926,0.018119516451641178,-0.36297364709257385,-0.11407374351536788,0.12166325335288351,-0.2998748894325399,-0.027283666297444397,0.001958737419216027,-0.0892237566639307,0.20825570368717577,-0.008185578018790492,0.22766776370837286,0.08745467730239304
#101,-0.14261170301779438,-0.15565667110264644,-0.38777263345791263,-0.021182733147925317,-0.1399214273761047,-0.19397397381443793,-0.12499262883599359,0.14811338045565747,0.2725689104224275,-0.14389946529177855,0.19210608101108465,0.06101570655595311,-0.20723250643482696,0.26736207954482066,1.0,0.4433918510785806,0.029634469953541746,-0.32507709839109405,0.5919307668401215,0.19456366693495047,0.3782897305739945,-0.12443481101929253,0.2546422395588458,-0.06474033580632566,-0.04549402736494832,-0.1013172469300098,-0.16179426085154874,-0.5640127819968284,-0.16669349504737466,0.1483683828861494,-0.13289929794643354,0.15138059909633514,0.03532899297946433,0.06614603670441234,0.06449648973216776,0.2528110033548757,0.3389842934440469,0.3327845468527122,-0.2025165552359171,-0.2819306871518619,,,-0.09451665086182853,0.14877160547936472,-0.4459275314967846,-0.30681095554192,-0.055646311628907714,-0.16520173082899697,-0.06352110543553618,-0.5400839914255433,-0.5118058156491804,-0.4789965654360143,-0.563171273976205,-0.4837427981735451,-0.04680250858640996,-0.01769557491094837,-0.15895735881232617,-0.2767732629951629,-0.43678410059845885,-0.5719114822813155,0.024150323932774984,-0.0591685327000773,0.3289706667516675,0.04357991537106838,-0.05546143486680107,0.10395014702483883,0.28355154635067614,-0.0029389030114193274,0.6624628453489947,0.40530405055423185,0.07821880802301397,0.07469180565627266,0.24006566312585167,-0.015791025508211876,0.18973455840750983,-0.05662488345592044,0.3170636470128856,-0.020116504235430994,0.386175680736957,0.14384527727529903,-0.14772609551434787,0.16965311700627148,-0.20878961502601823,0.010934822972531457,0.04362772832678562,-0.0004765357919817673,-0.04826558503135733,,,-0.12879694634589486,-0.013967758130194678,-0.22944162436548224,-0.31423790132999707,-0.34202519742766296,-0.10906613328658289,-0.2575907051614086,-0.10091561810198503,-0.17749603550908843,-0.18073775390671692,-0.08796468216337687,-0.33308098717815904,-0.270611766768402,0.03709488481062085,-0.19946608866115756,-0.0401947581062882,0.02534246029532469,-0.0701320434460391,0.10068611591454231,-0.027108352126481206,0.17026831036983323,-0.0005004422698403844
#102,-0.1506602172301955,0.09748583541186877,-0.23389938560351903,-0.03430260819673438,-0.31927101180183126,-0.2740654559363769,0.06281028616053996,-0.059364565818517956,0.10160890595988493,-0.12206806971128943,0.08332204416323342,-0.29118568161352787,-0.3455649499159289,0.1144913099952984,0.4433918510785806,1.0,-0.1769557491094837,-0.211899050912829,0.4232115962355266,0.617217445353776,0.11206719314043462,0.30820071878810096,-0.04792611304576497,0.1449641004390823,-0.24182517989624588,0.2866115755165791,-0.2992947589031708,-0.043246818446238317,-0.3339384328506881,-0.05446533162269203,-0.31640860951955946,-0.013381252540063272,-0.17252826941006782,-0.011832112774824885,-0.28847309325917014,-0.0011650423543099395,-0.030294288742439578,0.2383730844934616,-0.3765573078118401,-0.2174007283506921,,,-0.11692180191092447,0.05074388990270064,-0.21406975910239145,-0.17655571404664952,-0.14608929866362788,-0.07739801894986811,0.10668186056148347,-0.11973957876786014,-0.33097243583102903,-0.21339400266158787,-0.33532182103610675,-0.25615472272470097,-0.31892675852066715,0.09367833037158635,-0.1711114121556471,0.23497836463753796,-0.18919108447752392,-0.28985648144458875,0.043562383953972064,-0.04339503860896174,0.22963446995354175,0.2085346125955263,0.10470877925555228,0.3426308282000813,0.19023818820773136,0.08601391357011372,0.4202695056937261,0.3910765086979735,0.12122337416028496,0.2238060706516109,0.07062929818549833,-0.20364972228641554,0.12306098542501734,0.09028361051566272,0.21611455984189848,0.03779614149447362,0.05022113492019221,0.32907266772386423,-0.1230067974085378,0.038275864816836536,-0.10490321860880236,-0.2679214911267123,-0.230805887368614,-0.1452892285379595,0.023613225063551388,,,-0.273757859254596,-0.13065049526253297,-0.30602204177258563,-0.1817752950457809,-0.2695885695160532,-0.1240124632437903,-0.3243535289945732,0.31484353210241534,-0.4079226067623457,-0.18489907481930687,-0.2326642175808238,-0.31085274406521685,-0.5397923323956682,-0.3502569946369801,-0.2846289316195045,-0.037319605702491855,0.05858840217070819,-0.13510506897018862,0.2629569125580728,0.052485875255998536,0.2666719792173019,0.054686864984181884
#201,0.24791655045462152,0.18922774107690715,0.40776960530405054,0.17236570536062923,0.2212209835124991,0.207254819147495,0.15994389946529178,0.2154148969232363,0.08940225836527504,0.6158563698810254,0.31258357306218076,0.06293619361059535,0.09574703758895202,-0.059334284279897044,0.029634469953541746,-0.1769557491094837,1.0,0.43293834519360264,-0.10613519910111643,-0.3961542445951438,0.014914454653395914,-0.17018384081473276,0.28509271728996166,0.014802891090055703,0.26842033963136214,-0.2467754145781702,0.14870147981097945,-0.14115978292918105,0.19297149550956658,0.05638263114695312,0.137541935946577,-0.18813441815617304,0.1051263457354828,-0.04696666640103914,-0.023147845627903643,-0.08115452350405215,-0.04671644526611894,-0.08248053614261011,-0.038183426435783215,0.10823418785710301,,,-0.18987799727466154,-0.15422228243112943,-0.22241949493581112,-0.21260987018782523,-0.09831140578058635,-0.03105770226872475,-0.06940209898875599,0.06612531775693486,0.2341081688434843,0.05055423184502227,0.21090613519910112,-0.03297818932336699,0.20361625321741347,-0.15752775143638087,-0.00848042457904677,-0.2441409207181506,0.026268437871048458,0.0731904788467515,-0.2606921722222665,-0.1430420196192495,-0.3442150307995123,-0.45691654248579555,0.07721632971814263,-0.11914988564734758,-0.18013212313429863,-0.06602012925435695,-0.022760560686594045,-0.2055447090980086,0.04713241798085888,0.07337694937404872,-0.00988453171194288,0.050646670226075594,-0.18106288200559412,-0.0997569508084374,-0.13482934759221923,-0.10425614994142914,0.24524221246483754,-0.007141661818964212,-0.018624740017053287,0.05973591310792181,-0.06753898748097442,-0.07473483731641817,-0.013789256428850337,-0.15500163360932034,-0.25420714166181896,,,0.044265234403015406,-0.12162181545792858,-0.15705440317478025,-0.14927682904477682,0.03533377427503606,0.15092956354740256,0.48306226043716977,-0.20986859406003713,0.22022328650319947,-0.03125373538716541,0.0200160970284248,0.2377100781741826,0.5159225111364343,-0.008050107977591661,0.1799839029715752,0.032406027619950754,0.004156539617018225,0.03519192917307493,-0.3155511638470304,-0.056691821593924566,-0.24572193578720047,0.0744144905131127
#202,0.3202400210377005,0.3902461570336842,0.6156603367625848,0.1072922726294735,0.18722278446716445,0.1854839866442477,0.17007865231215485,0.33668927156961964,0.18752878738375475,0.38402728526006263,0.08381611137231151,-0.1054195985305485,-0.04685510283769892,-0.4008845396807688,-0.32507709839109405,-0.211899050912829,0.43293834519360264,1.0,-0.43115651571054037,-0.4247989863653388,0.2039334124903378,0.24772848616213372,0.3681326650144634,0.3172819928439943,0.19915530444899554,-0.10150052992692586,0.4922327853437353,0.30932272948226536,0.05975981958578043,-0.013677692865510124,0.25346604084820185,-0.1393030464821618,0.14278701718875758,-0.10995386049773287,-0.2692793790690817,-0.37989943341647475,-0.4659962227764983,-0.4174565101323622,0.16569579803807505,0.05220856011283857,,,-0.21903115014064978,-0.162014200447848,0.0900604833889823,0.212112615448366,-0.1604172477268924,0.10534150403621034,-0.046466224131198754,0.6096327168118321,0.5659205189299461,0.5028998557642502,0.5720357959661803,0.5150555028727618,0.34760337559467364,-0.13773159400425536,0.041645084429710974,-0.13090390392783433,0.1823251440365291,0.4185259265752377,-0.4402585087139112,-0.1877248205021954,-0.569182956275052,-0.44751810915697793,0.13392090143359178,-0.09540756560335965,-0.3457577955039884,-0.15305245878124776,-0.2963909187259441,-0.3992318051781431,0.16110575428922058,-0.02501414466606635,-0.19763485245718748,0.08531106312107037,-0.5324642000494068,-0.26663691638310927,-0.5447027229478281,-0.19788029229653595,-0.13953573619998566,-0.06968578919267825,-0.1217397540820311,-0.11830837762672425,-0.048528556287802116,-0.13382686928734788,-0.13115253129756393,-0.31632892126003076,-0.3004916765612922,,,-0.07285578815673087,-0.38714150244244516,-0.1572392799368869,-0.10222091179306553,0.23352166325335288,0.0011761987106439608,0.6091992126799959,0.21899449354126657,0.3828622429057527,0.22838495804413136,0.13238132425949684,0.499855764250253,0.533541585318235,0.1390209500434301,0.47460574233598163,0.3216887535959327,0.2663611950051399,0.25596825219740377,-0.41154204751014034,-0.2553976842591781,-0.335893982739523,-0.15343177489660448
