,#10,#11,#12,#13,#17,#18,#26,#49,#50,#51,#52,#53,#54,#58,#101,#102,#201,#202,#301,#302,#401,#402,#501,#502,#601,#602,#701,#702,#801,#802,#901,#902,#1001,#1002,#1101,#1102,#1201,#1202,#1301,#1302,#1401,#1402,#1501,#1502,#1601,#1602,#1701,#1702,#1801,#1802,#1901,#1902,#2001,#2002,#2101,#2102,#2201,#2202,#2301,#2302,#2401,#2402,#2501,#2502,#2601,#2602,#2701,#2702,#2801,#2802,#2901,#2902,#3001,#3002,#3101,#3102,#3201,#3202,#3301,#3302,#3401,#3402,#3455,#3501,#3502,#3601,#3602,#3701,#3702,#3801,#3802,#3901,#3902,#4001,#4002,#4101,#4102,#4201,#4202,#4301,#4302,#4401,#4402,#4501,#4502,#4601,#4602,#4701,#4702,#4801,#4802
#10,1.0,0.5251551837992516,0.47700418225841956,0.574241690512877,0.043035439137134056,0.132062513757429,0.29476777459828307,0.5601782962799912,0.4406823684789786,0.583530706581554,0.5855271846797271,-0.0799537750385208,0.021164428791547434,-0.04150561303103676,-0.17887519260400617,-0.028109178956636584,0.323332599603786,0.15950253136693815,-0.01567686550737398,-0.004043583535108959,-0.13410301562843935,0.06471714725952014,-0.07551617873651773,0.06427030596522122,-0.0011270085846357032,0.22425269645608628,0.20661677305745102,0.31064274708342504,0.010600924499229584,0.0688135593220339,0.07204270305965221,0.020352190182698657,-0.0963944530046225,0.05149900946511116,0.02861104996698217,0.013671582654633502,-0.11672683248954435,0.060598723310587715,-0.10892361875412723,0.006685009905348888,-0.027963900506273388,0.07323134492626018,-0.10439137134052388,0.26165749504732555,-0.1321879815100154,-0.16056350429231786,0.321897424609289,0.3785362095531587,0.20000440237728373,0.1448778340303764,0.1337442218798151,0.15189522342064715,0.06596302003081664,0.14606207351970063,-0.2157935285053929,0.17585075941008144,-0.2561567246313009,-0.048190622936385645,-0.16319172353070657,-0.039865727492846136,-0.09061193044243891,0.001904028175214616,0.0007528065155183799,0.05724851419766674,0.12034118423948932,0.09989654413383227,-0.234983491085186,0.05898745322474136,-0.03214175654853621,0.07806295399515739,-0.039733656174334143,-0.039126128109178954,-0.010724191063174114,0.3326458287475237,-0.11321813779440898,0.04165969623596742,-0.08035219018269865,-0.08714065595421527,0.2025181598062954,0.09867708562623817,-0.07142857142857142,-0.014441998679286815,0.030671362535769315,-0.28598723310587715,-0.06264802993616553,-0.16902707462029495,-0.17218357913273166,-0.005049526744441999,0.11918996257979309,-0.13871010345586618,0.0323134492626018,-0.16068897204490426,-0.13453224741360334,-0.0861038961038961,-0.024662117543473475,-0.002273827867048206,0.15615452344265904,0.22095091349328638,0.16817301342725072,0.22244772176975566,0.15047985912392692,0.18091789566365837,0.3308364516839093,0.07436275588817962,0.2538058551617874,0.13899405679066695,0.14995817741580453,-0.11390050627338763,-0.13622716266784063,-0.16378164208672683,-0.18511996478098172
#11,0.5251551837992516,1.0,0.44051067576491304,0.47553598943429454,-0.15185119964780983,-0.009471714725952015,0.4748910411622276,0.1711402157164869,0.4099603786044464,0.48858903808056353,0.40058771736737836,-0.27944530046224964,-0.047798811358133395,0.03375522782302443,0.1831895223420647,0.4155580013207132,0.3433348007924279,0.3433524103015628,-0.05857362976007044,0.13969843715606428,-0.06379484921857803,0.2817565485362096,0.26770416024653315,0.3530882676645388,0.08812018489984591,0.25492185780321375,-0.13494166850099054,0.07996918335901387,-0.07463570327977108,-0.06071978868589038,-0.15402597402597404,0.03901826986572749,-0.01972705260840854,0.2166585956416465,-0.20469513537310147,-0.12914373761831388,-0.15161347127448824,0.3284701738939027,-0.1821153422848338,0.082425709883337,-0.07530266343825666,0.12072639225181599,-0.2028945630640546,0.42045564604886637,-0.1996103896103896,-0.14381465991635484,-0.011815980629539952,-0.06617433414043583,0.08999779881135814,0.13829407880255337,0.14739159145938807,0.11140655954215277,0.10059652212194585,0.23686330618534007,-0.24729914153642968,0.20659035879374862,-0.25191723530706583,0.20593000220118865,-0.36046445080343387,-0.23046224961479198,-0.03160906889720449,0.006392251815980629,0.21141536429672023,0.24055690072639224,-0.06920757208892803,-0.09526744441998679,0.05180717587497249,0.1549372661237068,0.3214131631080784,0.4413229143737618,0.23615892581994277,0.34617213295179394,0.06355051727933084,0.09355491965661457,-0.29173013427250716,-0.1198811358133392,-0.033103675985031916,0.06292537970504072,0.4360950913493286,0.45984591679506936,-0.19095091349328638,-0.18672683248954436,0.17606207351970063,-0.2990975126568347,-0.1945476557340964,-0.24100374202069116,-0.15240369799691833,-0.17399295619634603,-0.03668500990534889,-0.35867048206031255,-0.24150121065375302,-0.1971186440677966,-0.26616112700858463,-0.06752366277790006,-0.11290116662998019,0.21404358353510897,0.4608496588157605,0.1435725291657495,0.10782082324455206,0.16270305965221218,0.036629980189302226,0.12939467312348668,0.24244992295839754,0.03457186880915694,0.2606801672903368,0.10538190622936386,0.20960158485582214,-0.07143297380585516,-0.11641646489104117,-0.10066035659255998,-0.23850539291217257
#12,0.47700418225841956,0.44051067576491304,1.0,0.6732467532467532,-0.12467532467532468,0.12443319392471935,0.5149086506713625,0.02633281972265023,0.06376843495487564,0.7108980849658816,0.4014373761831389,-0.2576139115122166,0.14233105877173674,0.2588355712084526,0.06096191943649571,0.2039885538190623,0.8836429672022892,0.7392383887299142,-0.38096412062513757,-0.029852520360994936,-0.11082984811798371,0.07461149020471054,0.30637684349548755,0.11342504952674444,0.10820603125687872,-0.014681928241250275,0.0846995377503852,0.26781862205591017,0.17626018049746864,0.06922518159806296,0.09467532467532468,0.031454985692273826,0.0883975346687211,0.14694475016508915,-0.16948051948051948,-0.17453664979088707,-0.23025533788245653,-0.015302663438256658,-0.2468699097512657,-0.1356834690732996,-0.06223420647149461,0.0387012987012987,-0.3132973805855162,0.11086726832489545,-0.19219678626458286,-0.387541272287035,0.2063878494386969,0.13780761611270087,0.4784855822143958,0.41506713625357694,0.5742835130970724,0.5308782742681047,0.47783403037640326,0.46614131631080785,-0.12936165529385868,0.028848778340303763,-0.4465925599823905,-0.1402047105436936,-0.43095091349328635,-0.3472815320272947,-0.2629473915914594,-0.29348448162007484,0.1212062513757429,0.34196125907990316,0.3224191063174114,0.17475236627779,0.13913053048646268,0.33797270526084083,0.08105216817081223,0.19585956416464892,0.33220779220779223,0.3893154303323795,0.024428791547435616,0.1602047105436936,-0.43962139555359897,-0.20431432973805855,-0.21466651992075722,-0.16428131190843057,0.5037068016729034,0.4039093110279551,-0.12459388069557562,-0.049297820823244555,0.2613273167510456,-0.20582434514637904,-0.3946753246753247,-0.47565045124367156,-0.4080541492405899,-0.08394893242350869,0.0068765133171912836,-0.42200528285274047,-0.35401496808276467,-0.43242350869469515,-0.34176315210213515,-0.2959652212194585,-0.17386748844375963,0.5697578692493946,0.200099053488884,0.685001100594321,0.6252102135152983,0.5060246533127889,0.5325181598062954,0.5677085626238169,0.4111974466211754,0.43887519260400615,0.46146379044684127,0.3459696235967422,0.24394673123486682,-0.35095311468192825,-0.2543429451904028,-0.3358221439577372,-0.3527360774818402
#13,0.574241690512877,0.47553598943429454,0.6732467532467532,1.0,-0.05941888619854722,0.1603367818622056,0.33409861325115564,0.15949592780101254,0.16884217477437816,0.6934118423948933,0.2911336121505613,-0.1994276909531147,0.12472375082544573,0.07943869689632402,-0.10508254457407,0.12371340523882897,0.5566982170372001,0.4051970063834471,-0.17958617653532907,0.0814703940127669,-0.2112590799031477,0.09725291657495047,0.09829407880255338,0.16401056570548095,-0.029392471934844816,0.17491745542593,0.23294078802553378,0.41982610609729254,0.006460488663878494,0.0860642747083425,-0.03824125027514858,0.09637684349548756,0.010438036539731455,0.20392471934844816,0.03515958617653533,0.07307285934404578,-0.04574290116662998,0.14664758969843716,-0.011937046004842616,0.07379484921857803,0.003664979088707902,0.15525643847677745,-0.1267114241690513,0.3493660576711424,-0.03511116002641426,-0.20329958177415805,0.3079947171472595,0.2684041382346467,0.33395773717807614,0.2727074620294959,0.3674488223640766,0.3389324235086947,0.13178956636583755,0.224851419766674,-0.2921549636803874,0.17233105877173674,-0.4290380805635043,-0.047327756988773936,-0.23575830948712304,-0.023299581774158046,-0.33080563504292315,-0.23121065375302663,0.19488663878494386,0.2955425930002201,0.23167950693374423,0.1521021351529826,0.07735417125247633,0.22243451463790448,-0.023209333039841514,0.126748844375963,0.0011204050187101034,0.045628439357252915,-0.19522342064714945,0.04515738498789346,-0.34394673123486685,-0.25151882016288796,-0.3431168831168831,-0.3663394232885758,0.30381686110499667,0.28968743121285495,-0.010810037420206912,-0.122293638564825,0.11596081884217477,-0.1828813559322034,-0.2652938586836892,-0.5523310587717367,-0.4025974025974026,-0.0997292537970504,0.1213317191283293,-0.3376007043803654,-0.03187101034558662,-0.328712304644508,-0.14090468853180718,-0.25633942328857584,-0.023033237948492186,0.11602905569007264,0.2540677966101695,0.41158705701078585,0.4017851639885538,0.41738498789346246,0.40726172132951793,0.1869733656174334,0.36880915694475014,0.261963460268545,0.39472375082544575,0.23891041162227603,0.20629760070438036,-0.29937706361435173,-0.32509355051727934,-0.19790666960158484,-0.13063834470614133
#17,0.043035439137134056,-0.15185119964780983,-0.12467532467532468,-0.05941888619854722,1.0,0.5689478318291877,-0.17228483381025753,0.00014527845036319613,-0.14720008804754567,-0.12243671582654633,-0.21463130090248733,0.810479859123927,0.21362315650451244,0.03824345146379045,-0.5028109178956637,-0.5864142637023992,0.0008320493066255779,-0.2622143957737178,-0.2130442438917015,-0.20251375742901168,-0.3316024653312789,-0.503515298261061,-0.2953929121725732,-0.2269337442218798,-0.3958199427690953,-0.18380145278450363,-0.12601584855822143,-0.15077041602465333,0.03637904468412943,0.3143363416244772,0.43144177856042265,0.2183843275368699,0.2121087387189082,0.052683248954435394,0.3975874972485142,0.37937706361435175,0.18845256438476776,-0.1542108738718908,0.48451904028175213,0.3345696676205151,0.42856482500550297,0.21937266123706803,0.36111820383006826,-0.18892802113141097,0.22067576491305305,0.022632621615672463,0.10313009024873432,0.06672243011226062,-0.15652872551177635,-0.3327096632181378,-0.1704226282192384,-0.18202949592780102,-0.18148800352190184,-0.07004402377283733,-0.16668060752806516,0.07787145058331499,0.024098613251155625,-0.17078142196786264,0.42539511336121505,0.49149460708782744,0.11794188861985472,0.19113581333920318,0.1541844596081884,-0.05100154083204931,-0.14020030816640985,-0.0386154523442659,0.12291437376183138,-0.10269425489764474,-0.4702619414483821,-0.18702179176755448,-0.4187563284173454,-0.33907990314769976,-0.20049966982170372,0.018166409861325117,0.16607307946290997,0.014998899405679066,0.0959586176535329,0.03941448382126348,-0.3631785163988554,-0.28934624697336564,0.2606801672903368,0.6880233325996038,-0.17641206251375743,0.3420118864186661,0.6697996918335901,0.2393924719348448,0.2614307726172133,0.54066035659256,0.468547215496368,0.618300682368479,0.45591019150341183,0.2535064935064935,0.46042042703059655,0.1464076601364737,0.3732885758309487,-0.2962161567246313,-0.36904028175214615,0.1262293638564825,-0.27462469733656175,0.23299581774158046,-0.010427030596522122,0.21935725291657496,0.15664979088707903,0.18364296720228923,0.07963900506273387,0.25016508914814,0.10756548536209554,0.09915034118423949,0.39660576711424167,0.277970504072199,0.3663680387409201
#18,0.132062513757429,-0.009471714725952015,0.12443319392471935,0.1603367818622056,0.5689478318291877,1.0,0.008950033017829628,0.03149460708782743,-0.18650891481399956,0.0007263922518159806,-0.0941932643627559,0.5678010125467753,0.3406713625357693,0.09111820383006823,-0.4971670702179177,-0.36294298921417567,0.1152410301562844,0.026284393572529166,-0.1782390490865067,-0.02809817301342725,-0.5096588157605106,-0.3726436275588818,-0.057908870790226726,-0.021833590138674884,-0.3775214615892582,0.04189742460928902,0.1442857142857143,0.13120845256438476,0.2563658375522782,0.5756416464891041,0.3973497688751926,0.35413823464670924,0.3040788025533788,0.23922077922077922,0.4019590578912613,0.34289016068677086,0.3250957517059212,-0.0041360334580673565,0.408102575390711,0.3135197006383447,0.4295509575170592,0.40690072639225183,0.3191481399955976,-0.05441558441558442,0.22887739379264804,0.03286154523442659,0.2043825665859564,0.10852740479859124,-0.08479859123926921,-0.07024873431653093,0.003088267664538851,0.02924719348448162,-0.07709883337001981,-0.008703499889940567,-0.3417367378384328,0.17001100594320934,-0.2705877173673784,-0.21262601804974687,0.21610169491525424,0.46553378824565267,-0.10938586836891921,-0.08803874092009685,0.14752366277790008,0.10867928681488004,-0.0812194585075941,0.05266784063394233,0.152689852520361,0.09019810697776799,-0.40371560642747084,-0.06385208012326657,-0.2651243671582655,-0.22505172793308387,-0.2535725291657495,-0.2232753686990975,-0.21963900506273387,-0.3625379705040722,-0.28476337222099934,-0.2953731014747964,-0.1252014087607308,0.03274708342504953,0.39649130530486465,0.6422474136033458,-0.08488003521901827,0.328646268985252,0.2550671362535769,-0.07459608188421747,-0.12757208892802113,0.4773387629319833,0.571732335461149,0.403134492626018,0.4335395113361215,0.11025093550517279,0.45093990755007707,-0.11546995377503852,0.34010785824345147,-0.2784305524983491,-0.059955976227162665,0.11891261281091789,-0.09662777900066036,0.24123706801672903,0.06133612150561303,0.27909971384547655,0.2951089588377724,0.3215166189742461,0.1506581554039181,0.3081994276909531,0.20340303764032577,-0.07464010565705481,-0.10035439137134053,0.013810257539071098,0.18766453885097953
#26,0.29476777459828307,0.4748910411622276,0.5149086506713625,0.33409861325115564,-0.17228483381025753,0.008950033017829628,1.0,0.05203169711644288,0.21298261060972926,0.5806185340083645,0.6272485141976667,-0.21970063834470613,0.07255998239049087,0.585956416464891,0.3036671802773498,0.29680607528065156,0.48953554919656617,0.24556240369799692,-0.2282258419546555,-0.2395443539511336,0.06811578252256219,0.09529165749504732,0.14764472815320273,0.13286374642306845,0.14741800572309047,0.05800572309046885,-0.3031983270966322,-0.18404138234646708,-0.024274708342504954,-0.04752586396654193,-0.05858023332599604,0.012029495927801013,0.06707021791767555,0.10629760070438037,-0.16534228483381025,-0.24804314329738059,-0.1536253576931543,0.06961479198767334,-0.12182918776139115,-0.06395553598943429,0.015705480959718247,-0.05710323574730354,-0.23461149020471053,0.052557781201849,-0.26943649570768213,-0.24609289016068678,-0.10559542152762491,-0.08285053929121726,-0.01574950473255558,-0.006346026854501431,0.007129650011005943,0.0010741800572309048,0.1355624036979969,0.2241778560422628,0.08296279991195245,0.1568082764692934,-0.016546335020911292,0.06455425930002201,-0.2796610169491525,-0.3532819722650231,0.07934624697336562,0.0647325555800132,0.2203764032577592,0.5372198987453225,-0.16726172132951794,-0.17557561082984813,0.25079903147699756,0.6320162887959498,0.24472375082544573,0.2850737398195025,0.2345366497908871,0.20674884437596303,0.12018489984591679,0.07032357473035439,-0.17178296279991195,0.013152102135152983,0.15097732775698877,0.21399295619634603,0.6135483160906889,0.43810257539071096,0.01566585956416465,-0.14168390931102795,0.19498789346246972,-0.12474576271186441,-0.34376183138895006,-0.06767554479418886,-0.10237508254457407,0.011093990755007704,-0.009605987233105876,-0.29525643847677746,-0.4261831388950033,-0.3313889500330178,-0.45036319612590797,-0.1407858243451464,-0.3450121065375303,0.35088707902267224,0.19600044023772836,0.08431653092670041,0.07701298701298702,-0.029735857362976008,-0.016480299361655293,0.114884437596302,0.2286286594761171,-0.10087167070217917,0.13373541712524764,-0.006271186440677966,0.13323134492626018,-0.04055910191503412,0.0032665639445300463,-0.09551397754787586,-0.270066035659256
#49,0.5601782962799912,0.1711402157164869,0.02633281972265023,0.15949592780101254,0.00014527845036319613,0.03149460708782743,0.05203169711644288,1.0,0.6507263922518159,0.3655029716046665,0.3829055690072639,0.050281752146158924,0.2517191283292978,-0.12268765133171913,-0.0701915034118424,-0.15763592339863527,-0.08874532247413604,-0.12336561743341404,0.22984591679506933,-0.028153202729473917,0.10297380585516179,0.05159806295399516,0.025758309487123047,-0.11578252256218358,0.2045608628659476,0.008300682368478978,0.3220449042482941,0.23603786044464012,0.08939687431212855,-0.07490204710543694,-0.09574290116662998,-0.10178956636583755,-0.28860664758969845,-0.21161127008584635,0.09942108738718908,-0.0035351089588377725,0.051510015408320495,-0.281864406779661,0.04186220559101915,-0.0936781862205591,-0.05168611049966982,-0.15155844155844156,0.1147589698437156,0.06501871010345586,-0.18745322474136034,0.02221219458507594,0.22050407219898746,0.27099273607748187,-0.03576271186440678,-0.06213075060532688,-0.07331719128329298,-0.02244772176975567,-0.037873651771956854,0.027933083865287256,0.034855822143957736,0.05793528505392912,-0.04729473915914594,-0.3119722650231125,-0.07536869909751266,0.06974466211754347,-0.1414439797490645,-0.08748404138234647,-0.2559850319172353,-0.28727492846136915,0.08912612810917896,0.030988333700198108,-0.5132687651331719,-0.17984371560642748,0.006165529385868369,-0.0808958837772397,-0.029379264802993618,-0.17289016068677085,0.17361655293858683,0.34784063394232884,0.23149240589918557,0.1739093110279551,0.022493946731234865,-0.08500550297160467,-0.015018710103455866,-0.3135791327316751,0.013072859344045784,-0.05226942548976447,0.17563064054589478,0.007708562623816861,0.10404578472375083,-0.03561082984811798,-0.25770856262381686,-0.053209333039841517,-0.03250275148580233,0.038934624697336565,0.09222540171692714,-0.08231785163988554,-0.1362821923838873,-0.13681708122386088,-0.1394012766894123,-0.13931763152102136,-0.08965441338322694,-0.10135593220338983,0.007413603345806736,-0.08529605987233106,-0.06566145718688092,-0.0648448162007484,0.0726370239929562,-0.23070878274268106,-0.055674664318732116,-0.15026634382566587,-0.10315870570107859,-0.056427470834250495,-0.00225841954655514,-0.12183138895003302,-0.11150781421967863
#50,0.4406823684789786,0.4099603786044464,0.06376843495487564,0.16884217477437816,-0.14720008804754567,-0.18650891481399956,0.21298261060972926,0.6507263922518159,1.0,0.40468192824125027,0.43279771076381246,-0.08322254017169271,0.08668941228263262,0.002784503631961259,0.1757693154303324,0.08095091349328637,-0.02041382346467092,-0.02460708782742681,0.3512128549416685,-0.006467092229804094,0.15333039841514418,0.09202069117323354,0.09698657274928461,0.07421087387189082,0.3468500990534889,0.22846577151661898,0.13158045344486022,0.008503191723530706,0.1022342064714946,-0.13526304204270306,-0.06536429672022892,0.010275148580233326,-0.11332379484921858,-0.03149680827646929,0.11871010345586616,0.03825445740699978,0.1718445960818842,0.13477217697556682,0.02613911512216597,0.047323354611490204,-0.0018313889500330177,0.005687871450583315,0.002689852520360995,0.2595069337442219,-0.21346907329958179,-0.09395553598943429,0.016920537090028616,-0.015960818842174776,-0.14348448162007485,-0.21167730574510235,-0.15000880475456746,-0.1314373761831389,-0.11087387189082104,-0.015485362095531587,0.08147919876733437,0.2289698437156064,-0.07115562403697998,-0.15328637464230685,-0.23510895883777239,-0.05323574730354391,-0.06513097072419106,-0.003642967202289236,0.019258199427690952,-0.014974686330618533,-0.062086726832489544,-0.12067796610169491,-0.1939291217257319,-0.10188641866607968,0.31298921417565484,0.1739027074620295,0.006297600704380365,-0.04121505613031037,0.07116222760290557,0.14949372661237068,0.14180277349768874,0.15636143517499448,0.04656174334140436,-0.04995597622716267,0.25316310807836234,-0.0031058771736737836,-0.004858023332599604,-0.2652344265903588,0.3421879815100154,-0.11651992075720889,0.01274488223640766,-0.19629760070438038,-0.20733436055469953,-0.17659255998239048,-0.15069997798811358,-0.1717785604226282,-0.13567466431873212,-0.1100132071318512,-0.32014087607307945,-0.1934866828087167,-0.24258199427690952,-0.04027074620294959,0.1450957517059212,-0.11256218357913274,-0.018710103455866166,-0.09707902267224301,-0.1246467092229804,-0.07639665419326436,0.18706141316310806,-0.20182258419546556,0.052366277790006605,-0.06373981950253137,-0.00011226062073519701,0.05278450363196126,0.020189302223200527,-0.11666079683028835,-0.20320052828527405
#51,0.583530706581554,0.48858903808056353,0.7108980849658816,0.6934118423948933,-0.12243671582654633,0.0007263922518159806,0.5806185340083645,0.3655029716046665,0.40468192824125027,1.0,0.5899405679066696,-0.21225621835791328,0.27391371340523885,0.16170812238608848,0.08038740920096853,0.110033017829628,0.6451683909311028,0.36212414703940127,-0.185379705040722,-0.060816640986132514,0.05155844155844156,0.12510455646048865,0.23203389830508475,-0.027415804534448602,0.16963460268545014,-0.04183799251595862,0.24916134712744883,0.32111160026414265,0.0783579132731675,-0.10018930222320052,0.026997578692493945,-0.028225841954655512,-0.041221659696235965,0.031060972925379706,-0.10306405458947832,-0.1978450363196126,-0.13795509575170592,-0.12216156724631301,-0.08834910851860005,-0.13366057671142417,-0.12983491085186,-0.12281752146158925,-0.24091129209773277,0.1550297160466652,-0.10316530926700418,-0.2905084745762712,0.23935285053929123,0.19364957076821485,0.3647721769755668,0.26270966321813777,0.3504864626898525,0.32449262601804973,0.3810631741140216,0.39762491745542594,0.06806075280651552,0.0660048426150121,-0.24314990094651112,-0.25410301562843934,-0.3473387629319833,-0.23568567026194145,-0.20646929341844597,-0.16479418886198546,-0.014375963020030816,0.13773717807616112,0.23919216376843497,0.14946951353731014,-0.07782962799911952,0.19735197006383448,0.07869689632401497,0.10056790666960158,0.13989874532247415,0.1384701738939027,-0.007853841074180056,0.1939027074620295,-0.2251617873651772,-0.04484701738939027,-0.06925819942769096,-0.1001056570548096,0.44968523002421307,0.1349636803874092,0.019828307285934405,-0.19165309267004182,0.25714505833149903,-0.2222342064714946,-0.2837662337662338,-0.3967224301122606,-0.3940964120625138,-0.11140655954215277,-0.09529605987233106,-0.361600264142637,-0.26676205150781424,-0.39149680827646927,-0.4011468192824125,-0.2976821483601145,-0.3070944309927361,0.3883138895003302,0.11258639665419326,0.39537750385208015,0.39566585956416467,0.2971186440677966,0.3320250935505173,0.2770019810697777,0.2395839753466872,0.11520140876073079,0.2950847457627119,0.15711424169051288,0.1009685230024213,-0.20761831388950033,-0.1356812678846577,-0.2551992075720889,-0.3889346246973366
#52,0.5855271846797271,0.40058771736737836,0.4014373761831389,0.2911336121505613,-0.21463130090248733,-0.0941932643627559,0.6272485141976667,0.3829055690072639,0.43279771076381246,0.5899405679066696,1.0,-0.202987012987013,-0.0388994056790667,0.40105216817081224,0.10426590358793748,0.1124389170151882,0.3259850319172353,0.142987012987013,-0.05976007043803654,-0.24923838872991416,0.08354171252476338,0.010338983050847458,0.0688994056790667,0.10686990975126569,0.29977988113581333,0.16289676425269645,-0.038188421747743784,-0.055324675324675325,-0.0032357473035439137,-0.15619414483821265,-0.003024433193924719,-0.08478758529605987,-0.0006405458947831829,-0.048562623816861106,-0.20235307065815542,-0.1969535549196566,-0.15611490204710543,-0.008784943869689633,-0.15067576491305304,-0.07830948712304645,-0.1553863086066476,-0.18302223200528286,-0.19500550297160466,0.0022474136033458067,-0.2944904248294079,-0.18160466651992077,0.12333700198106978,0.14664318732115342,-0.02384107418005723,-0.0012942989214175654,-0.020935505172793308,-0.03058991855602025,0.08003521901826986,0.17776359233986352,0.17463790446841293,0.09614571868809157,0.035558001320713184,-0.12211534228483381,-0.167409200968523,-0.235016508914814,0.13621175434734756,0.12024213075060533,-0.03035879374862426,0.23310147479639004,-0.06070658155403918,-0.10268985252036099,0.11656174334140436,0.25517719568567027,0.2345674664318732,0.15438696896324014,0.03273387629319833,0.018109178956636583,0.05475236627779001,0.09118644067796611,-0.02573629760070438,0.1421175434734757,0.17688531807175875,0.1857010785824345,0.605628439357253,0.2323728813559322,-0.10300682368478979,-0.30079242791107197,0.0962557781201849,-0.2037376183138895,-0.2619590578912613,-0.03381906229363856,-0.08117543473475677,-0.179966982170372,-0.12479418886198547,-0.26628659476117106,-0.3832709663218138,-0.2619238388729914,-0.434884437596302,-0.05995817741580453,-0.298795949812899,0.2636495707682148,0.23186880915694474,0.06495267444419987,0.07857362976007044,-0.019995597622716268,0.02550297160466652,0.07155844155844156,0.1547589698437156,-0.14538850979528944,0.0800858463570328,0.03184239489324235,0.06059211974466212,0.05972705260840854,-0.015177195685670261,-0.04625797930882677,-0.23850539291217257
#53,-0.0799537750385208,-0.27944530046224964,-0.2576139115122166,-0.1994276909531147,0.810479859123927,0.5678010125467753,-0.21970063834470613,0.050281752146158924,-0.08322254017169271,-0.21225621835791328,-0.202987012987013,1.0,0.25336341624477215,0.10733876293198327,-0.4511160026414264,-0.5795773717807616,-0.175115562403698,-0.4152256218357913,-0.08683248954435395,-0.15507373981950254,-0.37246313009024873,-0.5613515298261061,-0.30355051727933086,-0.20280651551837992,-0.38519700638344706,-0.14594981289896544,-0.12969183359013867,-0.2946136913933524,0.07529605987233105,0.3768831168831169,0.42207792207792205,0.29487783403037643,0.22283953334800793,0.028531807175874974,0.4786286594761171,0.49691833590138673,0.3154083204930663,-0.13115782522562183,0.5089258199427691,0.308036539731455,0.40986352630420425,0.2312194585075941,0.5561259079903148,-0.21541272287035,0.29703059652212194,-0.05232225401716927,0.0514043583535109,-0.14139555359894343,-0.28903367818622056,-0.4734096412062514,-0.306022452124147,-0.3634690732995818,-0.34150561303103677,-0.3405789126128109,-0.09855381906229364,-0.0032665639445300463,0.1300066035659256,-0.17145498569227383,0.5600726392251816,0.5220493066255778,0.06896984371560642,0.08593220338983051,0.15646489104116224,-0.05982610609729254,-0.2004534448602245,-0.12425049526744442,0.15558661677305746,-0.11549856922738279,-0.41321813779440897,-0.14373541712524762,-0.46884877834030375,-0.4005745102355272,-0.1897094430992736,-0.09081223860884878,0.3006449482720669,0.04853841074180057,0.10239929561963461,0.007114241690512877,-0.35602465331278893,-0.2646357032797711,0.3081554039181158,0.7253841074180057,-0.134983491085186,0.5846180937706361,0.6706977767994717,0.21746423068456966,0.14655073739819502,0.48572529165749506,0.4278516398855382,0.7800396213955536,0.5310191503411842,0.4298613251155624,0.4999185560202509,0.17037200088047547,0.3677195685670262,-0.3974620294959278,-0.3606185340083645,0.011091789566365837,-0.458333700198107,0.2287739379264803,-0.09692053709002861,0.08348888399735857,0.10803433854281312,0.08806955756108298,-0.059528945630640547,0.19167070217917676,0.06846136913933525,0.16782962799911952,0.2692537970504072,0.31876513317191285,0.39137354171252475
#54,0.021164428791547434,-0.047798811358133395,0.14233105877173674,0.12472375082544573,0.21362315650451244,0.3406713625357693,0.07255998239049087,0.2517191283292978,0.08668941228263262,0.27391371340523885,-0.0388994056790667,0.25336341624477215,1.0,-0.03863086066475897,-0.0024631300902487343,-0.1716266784063394,0.1785758309487123,0.051545234426590356,0.08794188861985472,0.013816861104996699,-0.007257318952234207,-0.08429451904028175,0.2417741580453445,-0.004285714285714286,-0.11938366718027735,-0.19906669601584856,0.2465595421527625,0.24429451904028177,0.26546775258639665,0.11028835571208452,0.16958177415804535,0.060288355712084525,0.14948272066916135,-0.005254237288135594,0.11556460488663879,-0.05412062513757429,0.1923464670922298,-0.2965001100594321,0.3099757869249395,-0.0449768875192604,0.043259960378604446,-0.049401276689412285,0.14034118423948932,-0.09468192824125027,0.0008408540611930443,-0.08101474796390051,0.04173013427250715,0.11345366497908871,0.05731454985692274,0.10811358133392032,0.03556460488663878,0.09752586396654193,0.07163768434954876,0.11922958397534669,-0.09008804754567466,-0.15543913713405239,-0.20343605546995377,-0.47493506493506493,-0.09861765353290777,0.023403037640325777,-0.3277966101694915,-0.24237508254457407,-0.1815232225401717,-0.2614307726172133,-0.037895663658375524,0.06478098173013427,-0.14293638564825006,-0.11234866828087167,-0.04259520140876073,-0.03537310147479639,0.13760950913493286,-0.007470834250495268,0.18286594761171032,0.04267224301122606,-0.07826546335020912,-0.18178296279991196,-0.1426832489544354,-0.22320052828527404,-0.004175654853620955,-0.05827867048206031,0.24831168831168832,0.2592009685230024,0.4318666079683029,0.2333215936605767,0.1869733656174334,-0.20130310367598503,-0.24809377063614352,0.04675764913053049,0.09543693594541053,0.12661016949152543,0.10679947171472595,-0.10780101254677527,-0.0438366718027735,-0.37675324675324673,-0.1076139115122166,-0.03153202729473916,-0.17118423948932424,-0.021199647809817302,0.028106977767994718,0.0027536869909751266,0.002885758309487123,0.230396213955536,0.048212634822804315,0.13131410961919437,-0.012597402597402597,0.08559542152762492,0.005901386748844376,-0.2031983270966322,-0.03456086286594761,-0.1898811358133392,-0.11900066035659256
#58,-0.04150561303103676,0.03375522782302443,0.2588355712084526,0.07943869689632402,0.03824345146379045,0.09111820383006823,0.585956416464891,-0.12268765133171913,0.002784503631961259,0.16170812238608848,0.40105216817081224,0.10733876293198327,-0.03863086066475897,1.0,-0.01138234646709223,0.01641866607968303,0.3156174334140436,0.07105436935945411,-0.4004886638784944,-0.5083601144618094,-0.13307065815540392,-0.3092692053709003,0.00895443539511336,0.08426150121065375,0.1125511776359234,0.04127668941228263,-0.41731454985692273,-0.4566651992075721,-0.08302003081664099,0.14920757208892801,0.07572969403477878,0.2310807836231565,0.27884217477437817,0.19757869249394674,0.03731454985692274,0.12426150121065375,0.02283513097072419,0.0975941008144398,0.13075060532687652,0.1247655734096412,0.09220559101915034,-0.01768214836011446,-0.034125027514858026,-0.2919194364957077,-0.17244331939247193,-0.30568567026194143,-0.0698745322474136,-0.21195025313669383,-0.1466585956416465,-0.2691767554479419,-0.07627338762931983,-0.14381906229363856,-0.08096412062513758,-0.054164648910411624,0.09154743561523222,0.13443759630200308,0.18773497688751925,0.059231785163988554,0.07649570768214836,-0.07592559982390491,0.18218357913273167,0.12527404798591238,0.28423728813559324,0.6068104776579353,-0.3442637023992956,-0.3785163988553819,0.583449262601805,0.5871208452564385,-0.0061633281972265025,0.1545828747523663,-0.12714065595421528,-0.04720228923618754,-0.010827646929341845,-0.041514417785604225,0.0883975346687211,0.09913273167510456,0.25279330838652875,0.2412326656394453,0.4946577151661897,0.3375941008144398,0.05160466651992076,-0.02700858463570328,0.08528505392912172,0.1615364296720229,-0.12871890821043364,0.010600924499229584,0.004624697336561743,0.11241470394012767,0.06493946731234866,-0.04950033017829628,-0.3771274488223641,-0.10709443099273608,-0.16753026634382567,0.017699757869249395,-0.08414263702399295,0.24145938806955755,0.0412656834690733,0.14405899185560203,-0.09077922077922078,0.056979969183359014,-0.0024543253356812678,0.0600264142637024,0.3505238828967642,-0.06016949152542373,0.15993836671802775,0.08730794629099714,0.21432753686990974,0.2020228923618754,0.09765573409641207,0.14949152542372882,0.047880255337882455
#101,-0.17887519260400617,0.1831895223420647,0.06096191943649571,-0.10508254457407,-0.5028109178956637,-0.4971670702179177,0.3036671802773498,-0.0701915034118424,0.1757693154303324,0.08038740920096853,0.10426590358793748,-0.4511160026414264,-0.0024631300902487343,-0.01138234646709223,1.0,0.7219018269865728,0.09050187101034558,0.12685670261941448,0.2460114461809377,0.2298547215496368,0.6200770416024654,0.5696720228923619,0.2942306845696676,0.082392692053709,0.26825665859564163,-0.13484041382346468,-0.377376183138895,-0.30240810037420207,-0.14191063174114021,-0.4904116222760291,-0.4010345586616773,-0.3871516618974246,-0.2525181598062954,-0.2404138234646709,-0.4891129209773278,-0.5433237948492186,-0.31439577371780764,0.03747963900506274,-0.5020647149460709,-0.43149020471054367,-0.4107329958177416,-0.31880475456746643,-0.35315650451243674,0.18915034118423948,-0.3761193044243892,-0.03261941448382126,-0.4223772837332159,-0.26529826106097293,-0.20807616112700858,-0.04601364736957957,-0.22144618093770635,-0.13739819502531367,-0.0174290116662998,-0.0008012326656394453,0.266418666079683,-0.27221659696235967,0.09807395993836672,0.28096191943649573,-0.4713053048646269,-0.5769579572969403,0.05851419766674004,0.01974686330618534,0.05527404798591239,0.1187012987012987,-0.05353731014747964,-0.11933083865287256,-0.005289456306405459,0.10498789346246973,0.7068743121285495,0.37366718027734974,0.6105260840854061,0.5643957737178076,0.48272066916134715,0.10306185340083646,0.02559322033898305,0.16808276469293418,0.23238168611049967,0.30591679506933744,0.3416817081223861,0.2541514417785604,-0.12513977547875854,-0.38387189082104334,0.17066035659256,-0.21349768875192604,-0.20655734096412062,-0.06344486022452124,-0.044312128549416685,-0.4162315650451244,-0.40512656834690736,-0.3721901826986573,-0.32482720669161347,-0.23338102575390712,-0.49684129429892143,-0.22535769315430332,-0.462722870349989,0.2996169931763152,0.21751926040061634,-0.26265243231344926,0.04409421087387189,-0.41122826326216155,-0.22423068456966763,-0.12360334580673564,-0.3573255558001321,-0.31552718467972707,-0.266517719568567,-0.36017169271406557,-0.2646885318071759,-0.005617433414043584,0.06640325775918997,-0.23677745982830728,-0.3362029495927801
#102,-0.028109178956636584,0.4155580013207132,0.2039885538190623,0.12371340523882897,-0.5864142637023992,-0.36294298921417567,0.29680607528065156,-0.15763592339863527,0.08095091349328637,0.110033017829628,0.1124389170151882,-0.5795773717807616,-0.1716266784063394,0.01641866607968303,0.7219018269865728,1.0,0.1088333700198107,0.3142857142857143,0.12933964340744003,0.39861985472154965,0.3372000880475457,0.7637640325775918,0.3468280871670702,0.30450583314990093,0.06343605546995378,0.011468192824125027,-0.3663460268545014,-0.19146379044684128,-0.2499141536429672,-0.38574290116662996,-0.4799229583975347,-0.33215056130310366,-0.24773717807616114,-0.056330618534008364,-0.5625863966541933,-0.5142791107197887,-0.4388861985472155,0.23251595861765353,-0.5864318732115342,-0.38542813119084307,-0.3464670922298041,-0.117178076161127,-0.387541272287035,0.3208430552498349,-0.2869975786924939,-0.05370019810697777,-0.2713625357693154,-0.28040721989874534,-0.023255558001320713,0.14505833149900946,-0.07016068677085627,-0.00911732335461149,-0.028758529605987234,0.011587057010785825,-0.05052608408540612,-0.21156504512436716,-0.03716266784063394,0.48837552278230245,-0.43146599163548316,-0.5327999119524544,0.009460708782742681,0.015241030156284394,0.09983050847457627,0.23419106317411403,-0.09500550297160466,-0.14179616993176314,0.06145938806955756,0.1495509575170592,0.6717257318952234,0.5869249394673124,0.5574312128549417,0.6049702839533349,0.3578978648470174,0.05214836011446181,-0.24014747963900507,-0.056709222980409424,-0.01561963460268545,0.1275808936825886,0.3904138234646709,0.5457605106757649,-0.20463130090248735,-0.38036319612590797,0.12390931102795509,-0.3063548316090689,-0.3663746423068457,-0.13111820383006823,-0.07410521681708122,-0.38991195245432536,-0.28971604666519923,-0.416253576931543,-0.3553995157384988,-0.18634602685450144,-0.39840633942328857,-0.11441118203830068,-0.30181598062953996,0.174290116662998,0.5041272287034999,-0.20486902927580894,0.11932203389830509,-0.31256218357913274,-0.22482280431432974,-0.08383447061413163,-0.20366718027734976,-0.20071978868589038,-0.1286418666079683,-0.3201893022232005,-0.14058111380145277,-0.0463218137794409,-0.12651771956856703,-0.1742196786264583,-0.27963020030816643
#201,0.323332599603786,0.3433348007924279,0.8836429672022892,0.5566982170372001,0.0008320493066255779,0.1152410301562844,0.48953554919656617,-0.08874532247413604,-0.02041382346467092,0.6451683909311028,0.3259850319172353,-0.175115562403698,0.1785758309487123,0.3156174334140436,0.09050187101034558,0.1088333700198107,1.0,0.6667620515078142,-0.3529738058551618,-0.058065155183799254,0.04850319172353071,0.003559322033898305,0.2621483601144618,-0.029583975346687212,0.17128329297820824,-0.12373981950253136,0.05389390270746203,0.18840854061193044,0.1471648690292758,-0.012705260840854061,0.11476777459828308,-0.07806515518379925,0.11461589258199428,0.032157164869029274,-0.18939027074620296,-0.23198987453224743,-0.21371560642747084,-0.0790512876953555,-0.22430772617213296,-0.16629980189302224,-0.01986572749284614,-0.08900066035659256,-0.3128527404798591,0.05978428351309707,-0.1090248734316531,-0.29869249394673125,0.15775698877393793,0.13194805194805195,0.4008166409861325,0.37356152322254016,0.5381950253136694,0.5307550077041603,0.544554259300022,0.5082874752366278,0.031043363416244772,-0.06018930222320053,-0.3263658375522782,-0.2019436495707682,-0.366088487783403,-0.338135593220339,-0.16230464450803433,-0.19184019370460048,0.04988994056790667,0.2881267884657715,0.30069777679947174,0.18327756988773938,0.2288267664538851,0.3464054589478318,0.07650451243671583,0.1240545894783183,0.259900946511116,0.3506207351970064,-0.07609509134932864,0.05917455425930002,-0.4523750825445741,-0.19795289456306406,-0.1401188641866608,-0.07092890160686771,0.4808232445520581,0.279258199427691,0.0070041822584195465,-0.0635593220338983,0.21595641646489105,-0.059007263922518156,-0.3190622936385648,-0.38956196346026856,-0.3008518600044024,0.08408980849658816,-0.06997798811358133,-0.33048426150121063,-0.3228593440457847,-0.39187981510015407,-0.28392692053709,-0.26883777239709444,-0.18848778340303765,0.6807792207792208,0.05427470834250495,0.7258837772397094,0.5878098173013427,0.4713515298261061,0.5197116442879155,0.6185626238168611,0.25469073299581774,0.4206625577812019,0.37307285934404577,0.33892361875412724,0.12477657935285054,-0.2570526084085406,-0.09525423728813559,-0.32464891041162225,-0.32521681708122385
