,#10,#11,#12,#13,#17,#18,#26,#49,#50,#51,#52,#53,#54,#58,#101,#102,#201,#202,#301,#302,#401,#402,#501,#502,#601,#602,#701,#702,#801,#802,#901,#902,#1001,#1002,#1101,#1102,#1201,#1202,#1301,#1302,#1401,#1402,#1501,#1502,#1601,#1602,#1701,#1702,#1801,#1802,#1901,#1902,#2001,#2002,#2101,#2102,#2201,#2202,#2301,#2302,#2401,#2402,#2501,#2502,#2601,#2602,#2701,#2702,#2801,#2802,#2901,#2902,#3001,#3002,#3101,#3102,#3201,#3202,#3301,#3302,#3401,#3402,#3455,#3501,#3502,#3601,#3602,#3701,#3702,#3801,#3802,#3901,#3902,#4001,#4002,#4101,#4102,#4201,#4202,#4301,#4302,#4401,#4402,#4501,#4502,#4601,#4602,#4701,#4702,#4801,#4802
#10,1.0,0.5850858413179529,0.7356160444065057,0.6993120826048652,-0.01618591572441308,0.028666115845837118,-0.21250850196515222,0.6989825030698371,0.1289696759438893,0.5747702757603839,0.4009001812230961,-0.41747501905809636,-0.2573888353791306,-0.35672374205151847,-0.23417675870852298,-0.030854487439915642,0.45452030657287495,0.5701543363445887,0.08652695294133758,0.07513865621020054,-0.10456892183669836,0.06250325242962199,0.2715552776091333,0.08420254990482363,0.2580699055540086,0.2297068933248732,0.37650764378021334,0.5060771362185998,0.12812975025905315,0.2185596187467761,0.24289646546490343,0.0667320956602318,0.41513326973026515,0.2628958263910128,-0.12774813185007328,-0.025990222169473266,-0.20691112764588002,-0.07736354631231541,0.22111134949581635,0.17087648984100753,-0.03622818589746516,0.09262189193260509,-0.38890841614665833,-0.24224826194725815,-0.36724655014219393,-0.2439655447876677,0.37034240666097584,0.4560385635444864,0.10141828755586191,0.16954630318578334,0.12402324403036515,0.28235927821168866,0.20968927314474567,0.47270652357497933,0.0999328972414832,0.4042681006267489,-0.3110372625726376,-0.040147534772466874,0.0665878475534882,0.20232257711111212,0.1336915190329899,0.19932532056402835,-0.3593749857349578,-0.20488161156175966,0.5505466364171692,0.4791538661687977,-0.32402780884386967,-0.10270008718793794,-0.10104123396038654,-0.11285131945934349,0.2349317788621746,0.26168888970041126,-0.2860412567844541,0.1235448515750889,-0.2778921517161416,0.051628953699096626,-0.1859978910561609,-0.06071384553584063,-0.18635120762141263,0.1269365080089653,-0.368798586733739,-0.0018076661477995316,0.1584592841459462,-0.3338029004825008,-0.29743959610530113,-0.11094961815335035,-0.016228824971355794,-0.06494360172915135,0.12757740782500332,-0.3585268433858135,-0.2779944035386434,-0.21239072977673498,-0.3217335335764857,0.11931966019528273,-0.23907480359889896,0.3787480542482437,0.22977445256474047,0.34392217905937456,0.49514440787521624,0.24262805443083624,0.42583501851031874,0.34636161539620297,0.3172965348500687,0.5152770613556583,0.5351184797345104,0.3037892516901222,0.4774447999926963,0.0759292819091876,-0.09474270428681636,0.1878868108843413,0.06624000876444193
#11,0.5850858413179529,1.0,0.46192260815184394,0.41591659172764495,-0.15247390067878777,-0.04355105972145508,0.2719259404657023,0.48017547143111466,0.5543299538497355,0.6328894813002415,0.5906393934275815,-0.4059744279147475,-0.04127595667079022,-0.034420519749665625,-0.10712886925004679,0.12148977253534307,0.31169459571729197,0.27644875768600474,0.1846585747739276,0.045413503631309145,-0.19887157810167666,-0.11085284410705401,0.09293047332551228,-0.07942136424016397,0.017521580155842733,0.02371694504421022,0.20608033158805297,0.33522073155701226,0.09495451163342722,0.249451537657429,0.08441983502763994,0.042105839765916364,0.21777720971209721,0.1415475630743106,-0.10052906188517668,0.08398069996850278,-0.061792967448314896,0.018986885290801444,0.28265964294028767,0.032150894475206214,0.014277823679513574,0.15528491283488613,-0.30974268146274886,-0.09782030155158011,-0.2606453733332725,-0.27968703638612846,0.12918787402940654,0.3294261572943437,0.06065358999758065,0.043692568940095954,0.07426038609192621,0.18252589390460452,0.14966927926159576,0.1640475288382093,-0.04094911602386485,0.07570651901016584,-0.3091510816325599,-0.15919239319477602,0.05730301688524515,0.14635339873189482,-0.03156568538392364,-0.03514632509688816,-0.15410080021180736,-0.08208904125221964,0.4409856345319012,0.3859294188535927,-0.02349235621978664,0.19622124738093824,0.1280293243619532,0.0818690172413006,0.4352613583972027,0.3638311566780939,-0.18507762465364477,-0.19696439901947807,-0.20698964243815818,-0.11953968420620176,-0.23892507771594992,-0.2708322111500135,-0.0434296356822342,0.029299711960267864,-0.23644364509487964,-0.0678349546029297,0.02243971022563873,-0.3200116859225716,-0.35674291426823757,-0.14820580005203887,-0.20749359784905988,-0.17855815800645464,0.02832284187029539,-0.40332409719400913,-0.26599716068600016,-0.2562147653457618,-0.2856505087484651,-0.07456531563402977,-0.16369238634755576,0.2857984087060123,0.23143147986689003,0.11805703277992578,0.057348665020290596,0.10785923941077387,0.3377724623060525,0.15312119123373213,-0.056766194817110746,0.22012900162963842,0.22976258404962865,0.10306070745479694,0.2357068841952462,-0.1113987958021975,-0.17860106725339736,0.12478830677372676,0.2036180711837018
#12,0.7356160444065057,0.46192260815184394,1.0,0.7853560782774219,0.08017273254301195,0.2623188339640384,0.056415617139961745,0.44065240314606946,0.006201755627273848,0.5627912921617587,0.27179082198596777,-0.24337120606937604,-0.18083965179602587,-0.29691738144038127,-0.292412823474097,-0.1998237981987246,0.5880593608348131,0.7675386982064848,0.11987748040553803,-0.19504535142216764,-0.374988473845901,-0.225221507575308,0.209776004601332,-0.020795464401301884,0.1937525962376807,0.10162735601437003,0.31896360474192825,0.44252671557103535,0.24410705400630858,0.21421300332774904,0.2691870523629757,0.19326324822999355,0.5351705186084622,0.36081564087699197,-0.13994166168341193,0.0015301254867232399,-0.13222986574883483,-0.11483975222192297,0.24310735984881338,0.08481240898903075,0.12220279640475289,0.049091830353270915,-0.3858235151802873,-0.3409787873116444,-0.394420884934746,-0.4716228368490005,0.2890960299816951,0.41541902705564965,0.058519083202855746,0.13746661980124802,0.21403588856377273,0.320048204430608,0.2643200482044306,0.49005737970575214,-0.03323914601468957,0.17845316729585012,-0.4192653389145786,-0.28476676085398533,0.18585090406131458,0.2311274632874874,0.20186061798445223,0.17388926675400676,-0.33291184888641373,-0.13774872527582885,0.5721765487271018,0.44988702086576254,-0.3920006208146366,-0.061821269292043075,-0.0727430420830157,-0.14631779318655935,0.3862617372767236,0.38450063222667036,-0.42888705281945705,-0.029472261910739636,-0.5011316172677766,-0.09105707386324732,-0.3461278969447703,-0.0032875786859727844,-0.15430439089411002,0.1727571930048798,-0.3555387164657388,0.06873330990062401,0.036762269077496836,-0.2665047679477055,-0.2164159823250421,0.0108058265279572,0.1565594087653549,0.0702689131635527,0.21131799860316708,-0.30627981393820153,-0.09820283292326092,-0.11350500075319422,-0.24724673273473413,0.2759238041329821,-0.07276038837433296,0.5024052002355444,0.42628054430836226,0.5694942643118316,0.5462794487531212,0.4807962860677327,0.614533453235768,0.4355672009020071,0.3968374972040517,0.6049920800485696,0.6118539077086006,0.3721518987341772,0.52614770823538,0.03687273756430681,-0.21981950727403032,0.20455933572833881,0.002565425189553881
#13,0.6993120826048652,0.41591659172764495,0.7853560782774219,1.0,0.1168537479401279,0.16325872906462408,-0.0258596685032433,0.4504393632998124,-0.007446123788612616,0.637802133593832,0.27554218572400224,-0.1755526847950627,-0.0285200418136917,-0.24454162425194118,-0.1429909571044475,-0.1192758379856391,0.5596059652982878,0.5210186837816742,-0.012433639023677688,-0.29344081947532036,-0.25417977148543597,-0.15420852981051458,0.07163470536411234,-0.147753883515089,0.25581762657086643,0.09231787535320245,0.2501408244966152,0.4067650536137346,0.07783007025247983,0.13578768139427663,0.2511533001319231,0.20692208319829095,0.4882962746556989,0.41913295932294686,-0.06931395417840204,-0.05690131329684526,-0.11915989172262367,-0.10630355096842518,0.2167254766806502,0.12516809925730485,0.04088155678399759,-0.0034692582634536467,-0.4238812783303738,-0.42329789516449307,-0.26655041608275093,-0.4593270551931601,0.4292221101306906,0.4852624996005788,-0.002683197377971123,0.0043831339270634095,0.1453537045743996,0.1684370535041791,0.13523625192292768,0.3074264950905431,-0.09960240474375419,0.04399019478059224,-0.4377911780414211,-0.3096769481482834,0.1556519238406515,0.06033314008956164,0.12552871952416383,0.13973898396381015,-0.28467455162119354,-0.08271715959044493,0.5736801982954987,0.3073808469554976,-0.4048186171353969,-0.24418374287318492,-0.1368567607170409,-0.17445712955397208,0.17582383471723262,0.20370754152839085,-0.36587619312812975,-0.1070777433387959,-0.3919494949033857,-0.14096691879653256,-0.2553164100480675,-0.14358073100923463,-0.20477479492575332,0.03511619732775818,-0.1590034099156879,0.10825729114837013,0.19574741973916657,-0.18771699982197226,-0.17241300606663715,0.044740650120739314,0.1370822625041654,0.0654831626853885,0.1593138172339969,-0.26571505521141936,-0.10617025841409249,-0.09276340115124597,-0.2536648605221234,0.2930245084837059,-0.06639795131169916,0.36207918125504984,0.25033985036541334,0.5344857965827806,0.5077131653786284,0.37155573409048376,0.577642456417443,0.33396358191786074,0.3310411883122515,0.6865342566429449,0.6614040453377277,0.4177352134278554,0.5772033213583059,0.0030629898615492064,-0.12935494620367285,0.11142253283242114,-0.029058689807227926
#17,-0.01618591572441308,-0.15247390067878777,0.08017273254301195,0.1168537479401279,1.0,0.5740344278234513,-0.00021089438390994536,0.030391615350554853,0.01899875380591326,-0.016403200847229387,0.1489626461310923,0.6341274587226738,0.4022604956474503,0.19683110646514537,-0.26674761602614727,-0.45275737559741996,-0.12752536895105152,0.0537817197478397,-0.009689273144745672,-0.28998890750318396,-0.3211839300305386,-0.4812911118516253,-0.11350408779049331,-0.19575563640347474,-0.2688967302240867,-0.2698379947687237,-0.06230148767272113,-0.1700575622982923,-0.016890722929514716,-0.003964997010047155,0.2663669105798683,-0.28531910328803517,0.001961956844253128,0.07720286487695545,0.3118004993905974,0.08994417233083943,0.0530394810720008,0.06803671935983055,-0.06928108752116932,0.07949987903244213,0.12878890932910936,0.20091478862631068,0.14940908489183674,-0.023058698936854936,0.13522164451971314,-0.05977531987930633,0.1474562576745927,0.02476776511295631,0.0911994960445891,-0.09027192594046571,0.08364564265726923,-0.0911584127230482,-0.08042288432306098,-0.06411097974592248,-0.30616478063788705,-0.2279430493867173,-0.17560198478091177,-0.2861152067632277,-0.04411618363331766,-0.010210574846964627,0.1927821168866146,0.07807565721902432,0.20330675090269187,0.027919312356493677,-0.055439660012690184,-0.07727225004222453,-0.009901080491356526,-0.14391670128316908,-0.13620399238589107,-0.1170801626899533,-0.025185902029972566,0.02511834279010531,-0.02200057516650157,0.1410856039476507,-0.09683795368540218,0.08186171353969333,-0.08933613917203413,-0.16625872449981055,-0.20289226583647926,-0.05154770001871573,0.28125641926899075,0.5995526482765546,0.01876868720528423,0.5908731118790141,0.6703885112773718,0.35712088082641386,0.38019875197998787,0.18645985018282077,0.3560289774361268,0.47564900236000857,0.633734884761283,0.43855806671018455,0.23219289075944802,0.16116621855414098,0.04193876759165004,-0.3575444955196355,-0.0755997023741595,0.09190339028698982,-0.045835292399129035,0.06699594188079445,-0.08978075200737674,0.23561467496245442,0.17079706208602846,0.08845147831485345,-0.06639338649819462,-0.06973026517001647,-0.08186993020400152,0.010768395057219937,0.03454011786348469,-0.11017999059648419,-0.34608316177242576
#18,0.028666115845837118,-0.04355105972145508,0.2623188339640384,0.16325872906462408,0.5740344278234513,1.0,0.3205402913263979,0.07538972095295046,-0.020900455111906403,0.058059862964298596,0.1992678039138711,0.5961573399918746,0.3346236539506178,0.26717944738367716,-0.37733843983804044,-0.45826071475849856,0.03777565767550567,0.34367750505553096,0.07466574153112975,-0.2459640201399572,-0.44549384434898914,-0.4797162511925575,-0.11904851027311279,-0.2546170806191713,-0.18481651732118484,-0.23015607097372037,0.004134808072416202,-0.05084654466441774,0.1661391263859915,0.20635604632372745,0.3701589011580932,-0.03378966252333761,0.07928715872313037,0.16598209680143516,0.29343442873641395,0.2751477858372096,0.13306522662016643,0.15828399530737172,0.005574550251749465,0.04754618450063223,0.18243642355991546,0.2700525410034373,0.17861202280580826,0.0022614086101512324,0.08755221005445822,-0.20522397257460046,-0.025913533302596922,-0.007798527391163434,-0.036735793159170485,-0.08566876800248326,0.008967119648326768,-0.01586637877909498,-0.06227135990359114,0.08300109099042759,-0.3220576353353084,-0.1611890426216637,-0.36484363231340183,-0.4212409901993454,-0.0758662874828249,-0.014006673757343643,0.05820684995914492,-0.037722705838852955,0.24510674816380376,0.14105456321581983,0.06627378838437556,-0.00563389282730854,0.008417516102379638,0.09049194995138474,0.024141472700132838,0.09494081719291358,0.13720094765528354,0.27342959003409917,-0.07641771695417383,0.1309772809231879,-0.19289075944802275,-0.04643054408012161,-0.15364523182405382,-0.14511816019756513,-0.04842262869350473,0.16643401333838506,0.0677637435122588,0.4152163493360479,-0.1989373114161421,0.5536379281224466,0.6520343091383002,0.18440568410577585,0.18493428950960208,0.2579667407688059,0.2727348254187075,0.3719117895438382,0.599449483491352,0.3440207790310727,0.3083695855605819,0.04097102712868666,0.06375492429256803,-0.1376309530874116,0.1402794578827482,0.10231664285355621,0.016517321184842993,0.2774867962769381,0.12028831362094701,0.2736203992385891,0.38211414772649466,0.03618253776241972,0.03693573199066952,-0.09121227752240182,0.017849333765469013,-0.045545883222940925,-0.1749537812632665,-0.07688241496893644,-0.3474170002784536
#26,-0.21250850196515222,0.2719259404657023,0.056415617139961745,-0.0258596685032433,-0.00021089438390994536,0.3205402913263979,1.0,-0.2259747018035578,0.2066819740079519,0.29862005687757626,0.2931294991943104,0.2031862398261719,0.35199642118621244,0.3737861019688041,-0.12954758133356462,-0.01717282840409555,0.16808282397622645,0.02067951813828646,0.020882195857888225,-0.13275025448835287,-0.3252027918399394,-0.2693303875070184,-0.17589961062140808,-0.17090753057283845,-0.19570633641762566,-0.1571172289756102,-0.12665166364628172,-0.05477593612912945,-0.03170902052796633,0.009893776789749256,-0.05986387726129449,0.041632925086845574,0.016111965745639462,-0.0015328643748259666,-0.020359068230267452,0.17588865506899715,0.1898551584675008,0.1731707651083915,0.2077939625776589,-0.006233709321805657,0.07695453902230824,0.1246887938393277,-0.0014890421651823414,0.03989099225351148,-0.07117913697635883,-0.10937019268077802,-0.2158088621289377,0.04660857180679883,0.015972282452400406,0.007203275710170861,0.03465697708920102,0.02814024933011362,-9.677404629633857e-05,-0.1287806926648012,-0.16874563489708627,-0.2742174768449835,-0.11949677495925903,-0.23055777456212026,0.07189216084576865,0.032661240625014264,-0.20368380449816723,-0.2900226871231176,0.2508018094920732,0.4374579466555894,-0.03464967338759375,-0.026334409107715905,0.1479921667800262,0.5128686657506607,0.13912638599150032,0.2898519630980476,0.2104342507086873,0.2916943218284817,-0.07893110326977591,-0.19084115818448238,-0.0955817170089516,-0.03736938927360123,-0.05003309489790794,-0.13624416274473106,0.2488416785732219,0.04399567255679769,0.07248010882515395,0.1254419880675775,-0.136174777579462,0.183563019532837,0.12142677810898035,-0.184864904344333,-0.1258665157235001,0.1461552858257976,0.06335048181606541,-0.04187029538908188,0.21612292129805036,-0.04529938329369554,0.0009357867684315757,0.013622316460261016,0.0010143015607097371,0.09244934198213332,0.2022696252744594,-0.019320116676633175,-0.16556852469792346,0.11285771019824985,0.10762095614583667,-0.08406743142508913,-0.007288181241355385,-0.14423076045228173,-0.007160366463228145,-0.11977522858303624,-0.041833776881045524,-0.19753773959564883,-0.2844946979691145,-0.0994691121894215,-0.05082006874609138
#49,0.6989825030698371,0.48017547143111466,0.44065240314606946,0.4504393632998124,0.030391615350554853,0.07538972095295046,-0.2259747018035578,1.0,0.4088886048560486,0.5030442741261806,0.5893137715858618,-0.1999068778045073,-0.07223908667211401,-0.0537817197478397,-0.15205119894826696,-0.08923753920033597,0.381689620070572,0.3535055485308148,0.23670292650193778,-0.012220005751665016,-0.1507785289432,-0.06733282511742983,0.2577193278768596,0.08069586017063272,0.21072183395947358,0.13328159878028184,0.23193634824049264,0.1358552406341439,0.25561038403776015,0.22611164620869414,0.09037143887486476,-0.04788580662537032,0.3230253757982718,0.15885733588354248,-0.032955214614706914,0.0035532508319372613,0.017754385644574492,0.056520607850566264,0.29212158837250707,0.20654594256551648,-0.08778866739399362,0.047438454901924984,-0.2821775986342078,-0.054719332441673096,-0.24841258610379474,-0.23852976486645638,0.20193274203782405,0.08350413343862836,0.00929122140714941,-0.10895935946536904,-0.006040161229212981,-0.028258021518530862,0.09225944574034428,0.2555802562686301,-0.02744548471472198,0.3247910456618295,-0.41114270976459255,-0.2952000985999717,-0.018376113243893422,0.034383088278928366,0.10723112107254858,0.1407003336878672,-0.152682056174595,-0.25454404360309857,0.3536424929359511,0.22131859202892265,-0.048608873084490134,-0.21942328146183587,0.13702839770481176,-0.041690441737002835,0.42641201093729314,0.3084955744133073,0.06281092085982827,0.2167218248298466,-0.1591284858057124,-0.08654612515805667,-0.12905823332587746,-0.12072379682928054,-0.11729562188736779,0.05293905517490083,-0.16543979695709532,-0.002005779053896753,0.23298808127193962,-0.20306755467505375,-0.18498085060734842,0.11951959902678176,-0.020275075661783836,-0.14749095025722725,-0.013200527692441125,-0.2071868423815545,-0.18223922361651915,-0.17098969721592025,-0.18752892950558506,0.0726919161717648,-0.14511176945865878,0.2781550849740034,0.1681896406122328,0.2062163630304884,0.21003528600839014,0.16658008737053048,0.1457152378039595,0.3673040667923512,0.12054942095340695,0.441919595374931,0.23211528892987077,0.2160453194684731,0.24152428252543742,0.06967274851985922,-0.07685320016250737,0.12017875809683795,0.03729635225752852
#50,0.1289696759438893,0.5543299538497355,0.006201755627273848,-0.007446123788612616,0.01899875380591326,-0.020900455111906403,0.2066819740079519,0.4088886048560486,1.0,0.3597648208082459,0.616135702775863,-0.021097655055302717,0.190604700844947,0.32717753016200524,-0.003640895251224511,-0.030756800430918396,0.16739262417433937,0.007000597990569095,0.24257966740768805,-0.12112458745497953,-0.18051007226099777,-0.23357876813942766,0.028826797281197077,-0.08547065509638603,-0.03060159677176389,-0.12446694390300685,0.014891334614524323,-0.11070403118680586,0.08387570925789826,0.19889440216919937,-0.1380929122140715,-0.2541405140892969,-0.03992294594804329,-0.19018565096522982,0.04171600469262828,0.08822871541583169,0.08909511701899418,0.1284209853606431,0.2370160727083495,-0.030516691240579367,0.11917632505124003,0.17912693376912087,-0.008430297580192361,0.22603678326721963,-0.08737235640237918,-0.09287752148885957,-0.008526158663787791,0.0016670698918595682,-0.02017191087658114,-0.1277298725960551,0.040624101302341294,-0.09001903527231395,0.05843691655977395,-0.17061720843394942,0.012434551986378597,0.011760785513107863,-0.22463082070781998,-0.2838492333395719,0.10754518024166122,-0.018916587162831462,-0.1044484107601784,-0.23831430566904188,0.07639124103584748,-0.14903111833366048,-0.02089406437300004,0.004491776488471564,0.3787170135164128,0.1798737372584643,0.2385306778291573,0.0635558984237699,0.4245285688853182,0.2507068613711787,0.14213277216559317,-0.14966380148539032,-0.15296598757457763,-0.25122268529719216,-0.1092743315971826,-0.3161808944295581,0.12820826505133132,-0.1256994435492338,0.044369987264170324,0.13416169482395796,0.033355092277704994,-0.02514116685762803,-0.12798641511501047,-0.038571761150698186,-0.18582807999379186,-0.07179356087407049,0.1181108975792794,-0.03214724262440258,-0.011879470664226012,-0.12762488188545057,-0.09759388680175471,-0.0978805570898401,-0.030316752409080328,0.05543326927378382,0.06742594731292254,-0.03155655575691455,-0.25773393528007416,-0.07458631377615067,-0.0402433958560623,0.07292472166049656,-0.24113444745214935,-0.00743516823620171,-0.09483217463150544,-0.08193475055576604,-0.12842463721144673,-0.24793693253662122,-0.16411143622727292,0.031652416840509984,0.08824606170714895
#51,0.5747702757603839,0.6328894813002415,0.5627912921617587,0.637802133593832,-0.016403200847229387,0.058059862964298596,0.29862005687757626,0.5030442741261806,0.3597648208082459,1.0,0.5364778811961637,-0.2519165369498829,-0.018205389218823465,-0.007269009024636298,-0.2235097025111039,-0.09634221493880868,0.6713325147101116,0.3605773576120548,0.09764044789950106,-0.21209949467514505,-0.23763688734496752,-0.1997735852501746,0.10501809948554552,-0.09388634527336386,0.11333975450432973,-0.04098837342000393,0.29513162639740353,0.2661450606435474,0.11089210150319309,0.055356580406907475,0.057654507525095065,0.08276189476278947,0.42141171422441537,0.1858819447931455,-0.1743767888362921,-0.08547430694718967,-0.024327717091118244,-0.097210442467373,0.44984776346962346,0.08173937653777155,0.004492689451172472,-0.05692322440166707,-0.34679801156723744,-0.3155171705459973,-0.29086626465875737,-0.3564772421222731,0.31303391199952524,0.4071411942465091,0.14592156737436493,0.07574851529440765,0.2175617505146827,0.186317428001479,0.2893525725006505,0.20664636846261647,0.025634166716118813,0.027769586473544623,-0.32262914998607733,-0.35799915094468815,0.31201321969990914,0.16789201477173651,0.044458544646158484,-0.018230039211748005,-0.1835557158312297,0.016750126673574752,0.41743393573655546,0.2181570021956753,-0.15864005076072618,0.05961007363044183,0.037355694833087594,0.04916943218284817,0.4037029767148863,0.4652932664435995,-0.23757845773210937,-0.12494442339558218,-0.2845640831343835,-0.18806575157371946,-0.26668279567438274,-0.16679372064254314,-0.059429307015661875,-0.10181086151725272,-0.23952580717314795,0.0019847809117758495,0.13100193091611242,-0.2514098426508785,-0.30987871290518426,-0.1379888344661679,-0.08033706582917555,-0.007026160946194543,0.14368298283173642,-0.32197912054303024,-0.14218207215144224,-0.2129284648075703,-0.3142435875782295,0.17195287286537908,-0.2796258678851676,0.3658405875827943,0.268092410084586,0.3406072114923745,0.27602696891818485,0.35409806132370464,0.43175466866301176,0.2009695663883652,0.14718236886432004,0.4046460671849252,0.40989103790164655,0.32560632135374107,0.4314670854122255,-0.06277805420259555,-0.19140719505904585,0.16623133561878328,0.0983461680673036
#52,0.4009001812230961,0.5906393934275815,0.27179082198596777,0.27554218572400224,0.1489626461310923,0.1992678039138711,0.2931294991943104,0.5893137715858618,0.616135702775863,0.5364778811961637,1.0,0.01716461173978737,0.26620075136830285,0.1836260139591997,-0.1381668621928451,-0.10041859339836672,0.2578325352517723,0.15820182866428992,0.24528842774128462,-0.14501499541236243,-0.33917020820114396,-0.2629259541601428,0.043680700424984134,-0.079671516020213,0.02709399407487207,-0.0566685078081135,0.06157476936279768,0.059277755207311,0.16425659729671743,0.20385178963513445,0.12524387516148028,-0.13109048829810058,0.17747447128047583,0.09397398969265111,0.06365449839546805,0.11170007349349742,0.11271072320340353,0.18900062537945012,0.3177301921330004,0.13303235996293372,0.041362688127376555,0.24564539615734,-0.24500267041590015,0.04611648491100896,-0.33116991605307966,-0.3025804890741189,0.13890910086868402,0.19983201486303276,0.08429749802571816,-0.11850894931687565,0.061121026900445984,-0.044630181633929344,0.026730634919910345,0.006744968434314616,-0.15502837031593075,0.058934481231769274,-0.4129302907329721,-0.3864936298027544,0.006186235261358398,-0.08082093606065724,-0.02388219129307472,-0.12089999863055595,-0.005373698457549517,-0.09059328881118561,0.3019350244445763,0.20080705902760343,0.07889093291093592,0.017246778382869168,0.2068965202426655,0.12379591631783883,0.43493086589947366,0.41382225529176003,-0.03205138154080715,0.012804301880246682,-0.2444914113033912,-0.11892252142038737,-0.18332017145439522,-0.2764834502686393,-0.004267187664047985,0.02955534151652234,-0.001999388314990391,0.14952959596835672,0.1193799157335427,0.004931824510309631,-0.004852396755330561,-0.03430092163584657,-0.07569830234585766,0.019680736943492174,0.10234768358538712,-0.09887659939653165,0.01745128202787275,-0.07619038924164753,-0.26182948595635125,0.04747040859645679,-0.20467802087945697,0.18801006084896402,0.2093414343556994,0.12366171080080524,-0.05756868903120963,0.12041156358556972,0.11029319797139688,0.21049907106045182,-0.08056439354170185,0.22918650458535517,0.0809405341744763,0.04300236913820886,0.08822688949042987,-0.1461361136090785,-0.179686579904778,0.11302569533521709,0.05520046378505206
#53,-0.41747501905809636,-0.4059744279147475,-0.24337120606937604,-0.1755526847950627,0.6341274587226738,0.5961573399918746,0.2031862398261719,-0.1999068778045073,-0.021097655055302717,-0.2519165369498829,0.01716461173978737,1.0,0.592768422446101,0.48538027178899606,-0.08407382216399549,-0.45254191640000546,-0.09954945290710147,-0.14553173230107683,-0.09010759265430211,-0.3556738349454733,-0.2789621440016068,-0.4444402853921403,-0.06407720012598886,-0.22010800348751752,-0.18305541227113167,-0.3098896684575952,-0.21504653827367884,-0.4504603614419333,0.022529180570327798,-0.051118607549288576,0.09605737057612511,-0.18882898839167925,-0.1591878283812715,-0.08053426577257186,0.3553652535525661,0.1890690975820183,0.24999109861366614,0.19330615747693627,-0.08721897866862649,-0.03212167966877713,0.1553643405898652,0.24723577718232323,0.32734734122437426,0.06120319354352778,0.2606079418625352,-0.03852885190375547,-0.033539510743288585,-0.2645044666700142,-0.08047309727161096,-0.20647290554944378,0.013007892562549358,-0.2235909561914848,-0.16805360916979736,-0.24030273843162137,-0.2348806529509237,-0.31728831818576053,-0.07802453130777343,-0.329123053677642,-0.02825071781692359,-0.17302103922544246,0.015128704916760626,-0.03914510172686895,0.41918682412230046,0.19712051564133348,-0.2664655105515664,-0.29416571185984197,0.1351458686155377,0.0007038942424007267,-0.0715890572290669,-0.025933618482016918,-0.1967224639037372,-0.1285771019824985,0.0812801562992144,0.0695476726298347,-0.01897410381298872,-0.03162867981028635,0.03572331752386256,-0.1322472120401521,0.13879771941917313,-0.046461584811952505,0.4495145320837917,0.5333007709970009,-0.061226930573751406,0.7854035523378692,0.7991217298817257,0.27002880397321366,0.2974240757393857,0.39012996024047436,0.23531887504735993,0.6026238548024121,0.626504220170085,0.4971091036075721,0.39408582762351246,0.11814011238570848,0.21604805835657584,-0.34999338102041844,-0.10194780592238904,0.011245874549795268,-0.21567648253730592,-0.0005322572546298621,-0.25511373232846574,0.16366956228003304,0.11811454943008304,-0.08188362464451515,-0.23347195150342132,-0.21308001661592116,-0.27309909753637013,0.003560554533544532,-0.07683950572199373,-0.16015374291883305,-0.34397604385872815
#54,-0.2573888353791306,-0.04127595667079022,-0.18083965179602587,-0.0285200418136917,0.4022604956474503,0.3346236539506178,0.35199642118621244,-0.07223908667211401,0.190604700844947,-0.018205389218823465,0.26620075136830285,0.592768422446101,1.0,0.49342529910940486,-0.07235503293512943,-0.22469107624607998,-0.06314232632025818,-0.1447529751172016,-0.09539729854336801,-0.28592531052143866,-0.37917805968037177,-0.40813814951590155,-0.19513025695335218,-0.26674031232454,-0.21988615355119667,-0.3413403205412043,-0.07696458161201825,-0.27593293375999123,-0.1664796614734305,-0.11997790630263801,0.27967334194561483,-0.14292157193917843,-0.14790726124884168,-0.14938626082431403,0.3590262339832106,0.006074853811847517,0.233995992093743,0.16504265818219996,-0.055739111778588285,-0.1404045337727727,-0.0676194954055152,0.07667608539853105,0.16848817941542998,0.0034509990094354695,0.11565320198843276,-0.10107227469221745,0.045240953680837366,-0.11924936206731274,0.0670516326055499,-0.21431799403835355,-0.027225460703802946,-0.19276659652069913,-0.12690455431443348,-0.27188577010686227,-0.3448250991705734,-0.31107651996877667,-0.2358210045328598,-0.2794761420022185,-0.13776241971634248,-0.2162005231276276,-0.02264786572144595,-0.12144229847489581,0.29224575129983066,0.09946728626401968,-0.08211003939434054,-0.09001081860800576,0.23970018304902152,-0.07596397449182214,-0.09836077547051815,0.018912935312027826,0.008564503097225963,-0.0791155217353595,0.03455107341589559,0.06177288226889491,-0.07493323960249604,-0.019652435099764,-0.042561408153669884,-0.27019039837127456,0.13802626593690515,-0.047704127047889455,0.5923539373798884,0.3858929003455564,0.4043694394865498,0.6811496026329844,0.5075223561741385,0.1854610689880265,0.08417424806109547,0.13685858664244271,0.07128230176156153,0.35465588153395994,0.26526039978636673,0.34707737815371553,0.14494834913519608,-0.03689282274372681,0.15674474019363938,-0.24326621535877152,-0.06948741709157473,0.028454308499226266,-0.25903125527806564,-0.028826797281197077,-0.11605673150223447,0.21053558956848817,-0.21033291184888642,0.12528130663221754,-0.09403881004441564,-0.053369973569729806,-0.17038166405711494,-0.10204914478218992,-0.1626863014511542,-0.17522949599894097,-0.0911492830960391
#58,-0.35672374205151847,-0.034420519749665625,-0.29691738144038127,-0.24454162425194118,0.19683110646514537,0.26717944738367716,0.3737861019688041,-0.0537817197478397,0.32717753016200524,-0.007269009024636298,0.1836260139591997,0.48538027178899606,0.49342529910940486,1.0,-0.002890439911077433,-0.15120305659912264,-0.09576430954913337,-0.17517745712498917,-0.037823131735952926,-0.044026713288628595,-0.23335965709120954,-0.28553547544815056,-0.03001182286697677,-0.050713252110085046,-0.13854391578832048,-0.056799061474343465,-0.15434730014105275,-0.30445571446178565,0.10403849050747031,0.2003916609986899,-0.04122665668494114,-0.15950006162498231,-0.14613246175827488,-0.04986693568634253,0.3199760803772362,0.2913729589577618,0.46634408651234555,0.3325220138131257,-0.0012498459375442216,-0.005874914980348478,0.06603459215673743,0.14268511459964303,0.2922503161133352,0.2628830449132001,0.24752062154500679,0.13764738641602797,-0.31932970278499273,-0.3463050117087466,-0.06286295973378007,-0.16742914268237571,-0.05800691112764588,-0.2293334915802015,-0.16248453669425336,-0.2531435588199044,-0.23707998009741313,-0.3123784047802727,-0.08167181729790429,-0.18820999968046306,-0.10960299816950979,-0.17506607567547827,-0.012468331606312224,-0.13238872125879297,0.4861462474950586,0.0703099964850936,-0.26163046008755314,-0.13703296251831631,0.6767372538994919,0.3012429987172874,0.17082810281785937,0.2831051687383312,0.02333441367252941,0.09396942487914656,0.20192635129891767,-0.05779601674373593,0.09115110902144093,-0.1001191416324686,0.0502759429763497,-0.21017131745082554,0.3371041736089872,0.09562919106939886,0.29878256423833804,0.2178867652362063,0.047084225373972347,0.4458225109213163,0.44216792122957815,0.14991121437733662,-0.02201883442051975,0.02267160275166958,-0.006075766774548426,0.33603600724892385,0.29927008632062335,0.22808547156805908,0.38114823318893304,-0.15462849265293266,0.11145813837775657,-0.3612100407637846,0.11093135889933217,-0.3490448127741741,-0.4526423422971054,-0.16182720354959898,-0.31921649541008,0.04700936243249782,-0.03891229623813719,-0.2303961801640594,-0.3065710490397915,-0.2786855163032314,-0.30121378391085835,0.016449761944975737,-0.03371845143266672,-0.19534480318806574,-0.16516225629601902
#101,-0.23417675870852298,-0.10712886925004679,-0.292412823474097,-0.1429909571044475,-0.26674761602614727,-0.37733843983804044,-0.12954758133356462,-0.15205119894826696,-0.003640895251224511,-0.2235097025111039,-0.1381668621928451,-0.08407382216399549,-0.07235503293512943,-0.002890439911077433,1.0,0.5484669073844988,-0.06568492744228935,-0.34525419164000054,0.3621403497560107,-0.06413015196264156,0.4270739088954521,0.23492995293677277,-0.020860284753066415,0.018196259591814378,0.3844622877932322,0.016985671050409237,-0.1039134146174458,-0.3037892516901222,0.19552100498934116,-0.07306166606563289,-0.10951717967562435,-0.15679677906759118,-0.31182332345812014,-0.09225579388954064,0.19394614433027338,-0.0822287245454587,0.23582739527176616,0.21091355612666446,-0.0976440997503047,-0.1293102110313283,-0.013352079500791996,0.03768070955461115,-0.1301026626557172,0.017936065222055354,0.007246184957113577,-0.13299218960409373,-0.24658666070197702,-0.3048820680431101,-0.18254506612132362,-0.21232317053686772,-0.16947326616971065,-0.12793072439025505,-0.18196350888084467,-0.19834388566055133,0.2397476571094688,-0.008396517960258733,0.1430238237616802,0.10695905818767774,-0.24533042402552643,-0.30060118593854845,-0.09551963554528979,-0.26316971520128546,0.2488015082143819,-0.006564201819534663,-0.15663792355763306,-0.05954160142787367,0.21817252256159075,-0.19727845818859072,0.4041749784312562,0.06837908037267137,-0.02930245084837059,-0.15363792812244656,0.20043000543212808,-0.052753723746616334,0.0817968931879288,-0.12283000178027727,0.10555126970287629,-0.14593708774028036,0.27841254045565966,0.017517928305039097,-0.0032684064692536986,-0.3740143426440313,0.09437295439294828,-0.14381079760986365,-0.28018277513272194,-0.22065943295886647,-0.26161402675893675,-0.2702899113056736,-0.3204827746762406,-0.3105844330729868,-0.4185185354252352,-0.34261846832247667,-0.20126536630345968,-0.17333327246915328,-0.02719807182277568,0.16247175521644064,-0.08652330109053395,-0.24607266270136532,-0.34140148904216516,-0.29251507529659876,-0.23029940611776306,-0.1780268137145257,-0.42227994175297967,-0.1818119570724938,-0.33513034824962223,-0.2843075406154282,-0.3417520667193142,-0.20326475461845006,-0.027775064249750077,-0.009951293439906512,0.0031743713110600866
#102,-0.030854487439915642,0.12148977253534307,-0.1998237981987246,-0.1192758379856391,-0.45275737559741996,-0.45826071475849856,-0.01717282840409555,-0.08923753920033597,-0.030756800430918396,-0.09634221493880868,-0.10041859339836672,-0.45254191640000546,-0.22469107624607998,-0.15120305659912264,0.5484669073844988,1.0,-0.18815522191840853,-0.19519325137971488,0.23634139327237785,0.4505726558541451,0.42486271323385083,0.6702561316857399,-0.11525241136273377,0.17817014885856838,0.22412869122232013,0.14336983662532468,-0.157199395618692,-0.1285670593927885,-0.030376094984639404,-0.10297123711010786,-0.13329164136999183,-0.0962929149529596,-0.24573212761392632,-0.1663436300309951,-0.0502549448342288,-0.18775899610621408,-0.03429087904613657,0.07633920216189567,-0.014671310603605289,-0.16025508177863393,-0.07186568492744229,-0.10700288039732136,-0.17286948741709157,0.06814536192123871,-0.15841089712279804,0.129443503585661,-0.2468002939739897,-0.16141910922229272,-0.15789050838328,-0.13480715945350052,-0.40415306732643436,-0.1635627456440267,-0.24323700055234243,-0.10803087639854474,0.21679760073402202,0.19691601199632988,0.13279864151150106,0.39247627438181015,-0.3122734140696682,-0.2758343337882931,-0.24204649719035728,-0.26395395016136614,0.07131334249339243,0.16762086484956656,-0.052155733177521035,0.06239460986821383,0.10618669174270885,0.1268442987761735,0.35508953881689165,0.40725074977061815,-0.04700205873089055,0.017582748656803628,0.1712517175110811,-0.025550174147635198,0.2380760224041047,0.03078601523734748,0.13992431539209466,-0.09128074972496998,0.10816964672908289,0.18326995850584524,-0.1256191028315538,-0.4427677377240753,0.06049199559951978,-0.36285246066271964,-0.38177543856445745,-0.2975226757110838,-0.410707226556259,-0.4768696334911237,-0.36450127130056104,-0.4569433095810871,-0.5236681015397116,-0.45084471873901594,-0.30371073689784406,-0.27611826518827576,-0.17683722331524146,0.09656315191242862,-0.06800567862799965,-0.31984643967370713,-0.1900094491639544,-0.34092127066148714,-0.18885089949650108,-0.3259587249562919,-0.35746050295115195,-0.23879543701242087,-0.21679942665942384,-0.1645834379436428,-0.2553063674583575,-0.16645409851780504,0.030443654224506657,-0.06451085740892055,0.010007897127362862
#201,0.45452030657287495,0.31169459571729197,0.5880593608348131,0.5596059652982878,-0.12752536895105152,0.03777565767550567,0.16808282397622645,0.381689620070572,0.16739262417433937,0.6713325147101116,0.2578325352517723,-0.09954945290710147,-0.06314232632025818,-0.09576430954913337,-0.06568492744228935,-0.18815522191840853,1.0,0.4328611794565133,0.06020623827413531,-0.3877453016657004,-0.2314269150533855,-0.24283529696394254,0.3572021345067947,0.04162196953443467,0.3564571569428531,0.033123199751674146,0.21417100704350725,0.12946815357858554,0.18343611771741067,-0.010275395198729156,-0.08611064194972315,0.16916103292599982,0.4091990121743576,0.09178835698667531,-0.2411417511537566,-0.13409048373328708,0.03149264836785093,-0.08147370439180707,0.43265850173691156,0.06546033861786577,-0.05388214564493968,-0.11516294101804471,-0.33633454605212104,-0.3654407099197962,-0.22858029735195168,-0.35357949850958836,0.35719665673058926,0.25711859841966156,-0.047438454901924984,0.026204768404186847,0.20319171760237736,0.19585423637517288,0.2896319390871286,0.23750633367873755,0.22224798805844787,0.10744475434456126,-0.3106675126787695,-0.4277650216600401,0.464236055635947,0.2861252493529377,0.10902235389173175,0.012922074068663924,-0.1306175736190298,0.014829253150862521,0.3154185705742992,0.047748862220233994,-0.2350769399316191,0.01376930345510734,-0.010478072918330921,-0.09578439472855337,0.32855153902687306,0.30343228327406685,-0.28436688319098724,-0.18141755718570118,-0.4271907681211684,-0.3369471440244309,-0.3268315172983608,-0.13916199153683576,0.12328557016803078,-0.10316661112810237,-0.306214993586437,-0.01871117055512697,0.0994691121894215,-0.22374889873874204,-0.31637444252215075,-0.06460124071631053,0.051971314711937444,0.13838049546485778,0.08011795478095743,-0.32394107738728334,-0.2012708440796651,-0.19617742517129463,-0.13188111399708766,0.36707582611712397,0.03438034939082564,0.6159914546691195,0.23504407327438637,0.6635093373260236,0.5501522365303766,0.45687209849041616,0.49112645902851637,0.31539209465597284,0.2513167204553858,0.5667991984187486,0.5779364304071357,0.41305810551109934,0.5009517636156975,-0.10185833557769998,-0.26029479565612346,0.20456481350454428,0.13609808871258564
