,#10,#11,#12,#13,#17,#18,#26,#49,#50,#51,#52,#53,#54,#58,#101,#102,#201,#202,#301,#302,#401,#402,#501,#502,#601,#602,#701,#702,#801,#802,#901,#902,#1001,#1002,#1101,#1102,#1201,#1202,#1301,#1302,#1401,#1402,#1501,#1502,#1601,#1602,#1701,#1702,#1801,#1802,#1901,#1902,#2001,#2002,#2101,#2102,#2201,#2202,#2301,#2302,#2401,#2402,#2501,#2502,#2601,#2602,#2701,#2702,#2801,#2802,#2901,#2902,#3001,#3002,#3101,#3102,#3201,#3202,#3301,#3302,#3401,#3402,#3455,#3501,#3502,#3601,#3602,#3701,#3702,#3801,#3802,#3901,#3902,#4001,#4002,#4101,#4102,#4201,#4202,#4301,#4302,#4401,#4402,#4501,#4502,#4601,#4602,#4701,#4702,#4801,#4802
#10,1.0,0.32663261321709475,0.3244921865661532,0.3742431607551259,-0.060319231167672065,0.06631338204942266,0.21495589254835085,0.3054419112432165,-0.1405254643833324,0.2905975822582059,0.19729219294121397,-0.04864968244228578,-0.10001035947373874,0.09622994844169608,-0.1026097904995657,0.1939070356764338,0.1737586561371913,0.1801703734988724,0.03716182294862498,0.13838025643681917,-0.06028098080309828,0.1738208129796237,0.2607750480121764,0.2660105666632135,0.18214026727442245,0.24196543123301645,0.19634230888763157,0.29932982173736344,-0.015762337734781535,-0.07124449154906008,0.14282208002295022,0.08539393891098025,0.07536278080150452,-0.13024567890412705,-0.2101714094462463,0.026630222569308862,-0.14055893345233447,-0.02148714229932504,0.053639761253974454,0.21948218568958236,0.16276327008741803,0.02646447098948912,-0.03203946162611862,0.11588744830224162,-0.06715170253966483,0.24996135119412857,0.18459307190271657,0.1603295906414108,0.04235909123508833,-0.037223979791057384,0.10431033795790866,0.08981185601925268,0.0676537385746958,0.08800293252795066,-0.02228561865980285,0.2714229932504044,-0.21878730406649188,0.02694578807704261,-0.10208862928224785,0.07900931555753891,0.16549657738925325,-0.04505414817234977,-0.02828933213269689,-0.03740726278797345,0.3629306154324283,0.01229749221047263,-0.01673294073584139,0.03546127549028202,0.09130202647243982,-0.15437050259385285,0.174265473467794,0.22152220513351767,-0.018852648439305435,0.06762823833164659,-0.13580154435846967,-0.15475778753516245,-0.1574942823673788,-0.11715608539393892,0.15062196686562168,0.14070555984986732,-0.35262054841460205,-0.05802899058881655,-0.023444285953350495,-0.10942791798484329,-0.08586091211181857,-0.10520125269943979,-0.1250611607391883,-0.03680322578074572,-0.04200208783239965,-0.14746153049271252,-0.2769374208097921,-0.23514570998254827,-0.031177234658017833,-0.22190630254444613,-0.21933237176166837,0.2531265688626095,0.22254062109029477,0.1329343607806262,0.15901632812437744,-0.1252285060841986,-0.023176533401333983,0.11451521647315702,-0.03840017850170135,0.1464000828757899,-0.030724605343894686,0.19630565228824837,-0.052159153391930765,-0.0389085895974946,-0.16194726230984388,-0.26857334108965725,-0.148991545075664
#11,0.32663261321709475,1.0,0.23833483412888778,0.3010192128393724,-0.014750296838766745,0.06879646821633768,0.2963845436651818,0.19168692076596355,0.2785630613041781,0.20534708221437736,0.05571324976691184,0.01056188191793703,-0.028804118289252445,0.13064571396696126,-0.05543593462375188,0.05897090581644606,0.14579763963375275,0.039526970491437496,0.0029452780721816257,0.04678019587374192,-0.06645682091657436,-0.028265425654838274,-0.07855668624341576,0.025905059407597478,-0.20216752065918128,0.0287881806373467,0.1834423734351218,0.12846703695144596,-0.09892819290933867,-0.30268788499390387,0.1465323653866076,-0.08825155989768027,0.0580321781191977,-0.06787527193618564,-0.37544167217843794,-0.11165281419088526,-0.2496728796946346,-0.20476217038943653,-0.308619879033222,-0.09241288081027023,-0.07923722397979106,-0.2143088238809776,-0.1374048721401876,-0.23080429360342342,-0.07484161958418666,-0.03111189028520428,0.22325303413048156,0.16358405916056387,0.3118855039087091,0.09703958115850791,0.15375690299548167,0.05852783909346636,0.238210520444023,0.0405756679868355,-0.014377355784172319,0.008591988142386982,0.007826980850911235,-0.10321701503717458,-0.015755962674019238,-0.11532644295515941,0.11404824327231869,0.18039987568631513,-0.052857222545402385,0.025315366287084924,0.2766011363545809,-0.05113754990477253,0.03787742351919292,0.12507072333033173,0.09953701121213812,0.04732526356891839,0.20390472471690746,0.12134768784514978,0.027964204033819696,0.09262803911099778,-0.020691853469228378,0.04101076588386233,-0.040186789280335325,-0.017697168676138946,0.01609224712923045,-0.11689630166787528,-0.2165767517471651,-0.28154818350612404,-0.21882555443106566,0.18825076301508498,0.07974244754520317,0.03038513335830232,-0.1392584210568257,-0.21667875271936185,-0.14657380328156253,0.07712229757189873,-0.31569141518380095,-0.22067591581732263,-0.18232036274095736,-0.2050315167066436,-0.17211389046051845,0.2329718142626047,-0.10034505016375937,0.15297117675652847,-0.027892484600243846,-0.11193331686442637,-0.03619600124313685,0.0362549705551881,-0.19292687008423048,-0.08173624779861183,-0.0913147765939644,0.14330817840607543,-0.06088183027994486,0.08228928431974117,0.05446851915307318,-0.1612220991481325,-0.15651730430555666
#12,0.3244921865661532,0.23833483412888778,1.0,0.7239263999234993,-0.06647594609886126,0.433416474750775,0.4380734566376336,0.01876817888420499,-0.26208034170325684,0.7572520300584115,0.15763453370414937,0.020138816948099037,0.2860649140562121,-0.16671262022966157,-0.29708898787941573,0.12333989433336787,0.6812007426945788,0.6502275099809545,-0.33740009084461586,-0.20846289316195046,-0.18169082549068047,0.10674082987353473,0.4434587892165847,0.2907665213684068,-0.04485811505390911,0.28935763293993894,0.23348500665396968,0.1901919690172047,0.0020304568527918783,-0.2904652997473882,0.5363657372359331,0.1533058674465491,0.406805377363753,0.024225230896731984,-0.37000215158300725,-0.4213102343631713,-0.43143223708850975,-0.36067703145295604,0.02556239989162397,-0.05049526253297102,-0.055909282885352504,-0.3696993361967981,0.12870769549522268,-0.018670959207579947,0.42855389715433223,0.23977878539154826,0.11354461347209716,0.00758632230713449,-0.06132170947254341,-0.04687900931555754,-0.12688124058682435,0.06446142689797513,0.18640040162882804,0.5217397540820311,-0.010588975926176797,0.3143112145287635,-0.25559212361242817,-0.27089067567675257,0.39183195339830584,0.485207468383683,0.07746495708787224,0.10480281140179618,-0.46922519105260224,-0.4365545984110161,0.27898222154929914,-0.14636661380678784,-0.3317517870092199,0.046531568504012306,-0.22499023818820774,-0.3328913291204807,0.27766417773669405,0.20152045199180804,-0.22148236100375332,0.15194160444341734,-0.5012869653913888,-0.42841683334794284,-0.27805624397357537,-0.04575381109101196,0.22386663372885274,-0.021399485213843446,-0.19582114767031372,-0.02025038051143925,0.14854688458749374,-0.1853469228378583,-0.25573237494919876,0.25803855317996,0.259611599423057,0.07797655571404664,-0.11858250523950306,-0.23718732319167418,-0.15019961909011945,0.09773286901640782,0.36359840304727903,0.26146196080931394,0.34283801767485594,0.6082955478169402,-0.03540230617823076,0.4422379650806047,0.3577094406681064,-0.11516069137533967,0.22929181043756824,0.5460191729952426,0.33488991066946106,0.17647124449154905,0.2636135438165895,0.32502131660942396,0.3083345950641092,-0.06590378439544502,-0.052889097849213876,0.17652065121245686,0.3008901178589358
#13,0.3742431607551259,0.3010192128393724,0.7239263999234993,1.0,-0.052184653634979955,0.31983042338372286,0.5230673604857796,0.06432436309158572,-0.24785917490776083,0.6505382941931165,0.09616460406888253,-0.023028313238610557,0.23981862952131264,0.0010534787909697264,-0.32805584553227773,0.12709480512236132,0.5934799066053599,0.45481595996461843,-0.41399963343400614,-0.1728151471443712,-0.11456781072444597,0.1580696316011762,0.3702985919084541,0.3187036313939867,-0.023657850488887473,0.31308879662759287,0.12111021683175417,0.11393030464821619,-0.045908406314497684,-0.26956785056857574,0.4863342603734192,0.11327526715489007,0.4114400465379436,0.1525249225031676,-0.28003888787065,-0.2609455808875678,-0.3613097562336141,-0.20213883288575094,0.09561156754775318,0.0692459100000797,-0.16378646733976684,-0.21947899815920122,0.10135390352939301,0.0588561547227247,0.3220824135980046,0.2941437098072341,0.03597128035126585,-0.14123468989313803,-0.07398895520722931,-0.15831666520571525,-0.19997609352214138,-0.02723425957653659,0.13016917817497947,0.4635529807393477,0.14512507072333033,0.3901824064260612,-0.11575675955661452,-0.06582568990110688,0.3860019603311844,0.4876363665341185,0.1063933890619895,0.09847237606483437,-0.42925993513375676,-0.3250165353138522,0.11895385252890692,-0.1682155408043733,-0.2569659492067034,0.06159583708532222,-0.19923021141295252,-0.24595462550502434,0.16306130417805545,0.14050952673142666,-0.07106120855214401,0.1634645267712708,-0.3068523934368749,-0.26859087250675356,-0.14895010718070906,0.007619791376136554,0.12286176477619552,-0.05719226386376495,-0.1529807393476719,-0.01287443520946059,0.1327717967311876,-0.2130099052506594,-0.2998127325901075,0.19828988995051358,0.17825626150499246,-0.032084087051454706,-0.16539776394743763,-0.25881631059296034,-0.15305724007681948,-0.0127676529416921,0.26369801337168997,0.20394935014224355,0.29543625337678997,0.4642048307022926,-0.06439927005554272,0.3268700842304903,0.1841723178924049,-0.09369745555387325,0.16699471666839324,0.43576090334611,0.32156762744144907,0.22290399955374574,0.23807505040282415,0.28251081768123104,0.3060140729466328,-0.03169839587533569,-0.0031444987210034344,0.10157224936050172,0.18718612786778124
#17,-0.060319231167672065,-0.014750296838766745,-0.06647594609886126,-0.052184653634979955,1.0,0.15020599415088176,-0.07768808421455267,0.1240618699646981,0.08053136131453753,-0.10475340468088837,-0.022451370239622598,0.29687701710906933,0.23822327056554757,0.2568814796516029,-0.03232952689080318,0.0015921714253838981,-0.17615249145343417,-0.02267449736630302,0.03526683613703193,0.1863637450294448,-0.2483914924814127,-0.08587206846815258,-0.036643849261688274,0.044813489628573025,-0.028493334077090423,0.12706611734893097,-0.14270254763365714,0.09422817936233455,0.03303875240060882,0.19811776330993155,-0.0777231470487453,-0.012990780068372527,-0.03848624182199237,0.08067798771207038,0.0003330969248300648,0.14036290033389381,-0.04618731522284822,0.11604204352572735,-0.17502410569850743,0.05382941931165281,-0.03561905824414889,0.14447959582114767,-0.28874881463713953,0.06952003761285849,-0.09971391914829188,-0.013878507279522508,-0.07771995951836416,0.09219294121397095,0.03518555411231263,0.10863741045031836,-0.025920997059503223,-0.012004239415406927,-0.12181625481117866,0.030664042266652855,-0.24110957932567795,-0.059737506873112384,-0.21633131190781663,0.027463761763979314,-0.031680864458239366,0.011353983217652543,-0.2575683924487405,-0.07892803353281962,0.27670951238753994,0.2877335862107436,-0.08316266764417599,0.11476065631250548,0.20526739395484864,0.3573253432571779,-0.08794077568551825,0.1867876865701376,-0.04975097418897274,-0.1062627003163624,-0.01845739467204297,0.07391086071289117,-0.01689391102008941,0.11958498354437441,-0.17165329232044244,-0.19962227764983384,0.15422706372670114,0.24462223780570408,0.01980890755365012,0.21348484727745062,-0.04915649977288846,0.18782682147439217,0.5099650168540669,-0.027254978524014057,-0.013853007036473316,0.012262429376279993,0.2695503191514794,-0.014721609065336405,0.2148586728717258,-0.032578154260532795,0.2118368940703966,-0.054398393484687904,-0.04096454669333567,-0.1340085585190734,0.12810365848799496,-0.21363306744017405,0.0903919865486218,0.12969901744376,0.011733299333009269,-0.09863015881870124,0.04360860314449872,-0.14623433129597016,-0.1540613121468814,-0.16456581851795776,-0.09169249894413056,-0.18776785216234093,-0.1641323143861215,-0.062327375307795904,-0.08966682338691041
#18,0.06631338204942266,0.06879646821633768,0.433416474750775,0.31983042338372286,0.15020599415088176,1.0,0.24056610539569206,-0.09691526747364311,-0.1413064093267139,0.4008925085067217,0.1236060531201938,0.09303126170421312,0.7029078245902032,0.0341512005036298,-0.0952736893273514,-0.12008542581421479,0.5538110910119612,0.2840679262724223,-0.30112280757675974,-0.24090398361609383,-0.18240961359162955,-0.06923475364374566,0.23860099291571374,-0.12885272812756496,-0.17827698045246992,-0.04243877949461706,0.0542485795567739,-0.095061718557005,0.49079202161145596,0.06651897775900677,0.352137637561858,0.20209739499079601,0.3446851915307318,0.07647363513933492,0.12414633951979855,-0.05404298384718979,-0.05571006223653069,-0.15108734630126944,-0.021627393636095595,-0.16615320864776992,-0.1389587932009977,-0.1834104981313103,0.188325669979042,-0.13482297253145695,0.43164261409366556,0.06866259194032943,0.02013403565252731,0.09160165432826782,-0.021192295739068764,0.16089537728406475,0.15681852592657525,0.3205970244403892,0.17915833260285763,0.35584951669070597,-0.09926925866012161,0.05485261656400162,-0.16825060363856592,-0.17549267266453633,0.31092924479436446,0.3763772123453052,-0.0016511407374351537,-0.0075114153431774895,-0.04127054960992597,-0.08620357162779207,-0.17396903314234713,-0.3145534668377308,-0.2119755516419766,0.053931420283849583,-0.14062109029476688,-0.15958211476703138,0.2849588410139534,0.18359537489341696,-0.3512770043589478,-0.006590219063025445,-0.23209364964259815,-0.1637131541410004,-0.05642247527671748,0.028475802659994102,0.2085712691949095,-0.04583987441130298,-0.25480002231271265,0.2515726478017994,-0.10693367546159424,0.1938369100080485,0.02397819729219294,0.19069400505223566,0.24136458175616987,-0.15522316697081018,-0.03465801783423248,-0.11180103435360868,0.05356963558558917,0.13882969822056115,0.37586083242355905,0.25377682506036386,0.3868434683518077,0.23849421064794524,-0.08790571285132562,0.09600682131501566,0.10576544557690315,0.07014957486313542,0.21530492712508667,0.3342826861318522,0.22967909537887782,0.14441265768314354,0.0840296759078485,0.20562917865310903,0.18208448549275236,-0.037923642709719575,-0.1274263082820008,0.07293388265106902,0.23526364860665078
#26,0.21495589254835085,0.2963845436651818,0.4380734566376336,0.5230673604857796,-0.07768808421455267,0.24056610539569206,1.0,0.10407924200527537,0.03254149766114958,0.6387826821474392,0.11253576010646352,0.0509207978388544,0.23969112830606668,0.3125947294185148,-0.04241009172118672,-0.06277203579596619,0.46947859971790357,0.20837842360685,-0.29456605758273635,-0.24523424363888469,-0.057643299412697524,-0.0893735705918447,0.02973168963016679,-0.020212130146865463,-0.13124018838304552,-0.0968467355704484,-0.028662273187291316,-0.22186805217987235,-0.022358931858569277,-0.35050562200670976,0.3967550940719904,-0.06635003864880587,0.2984532508825475,0.02861446023157408,-0.16198073137884594,-0.2809441464988963,-0.1931515909761015,-0.32729880706675485,-0.09772808772083609,-0.20119691765812142,-0.043589477962211826,-0.3876068818780929,0.04796276964514818,-0.16535313852210154,0.24516252420530882,-0.08609519559483302,0.061952840488010905,-0.04781454948242476,-0.012275179497804588,-0.0327088430061599,-0.15906732861047582,-0.07592856744415845,0.10983432810843978,0.22519742766298242,0.10262413438628087,0.10630413821131733,-0.09463618325112161,-0.2599686028257457,0.32644295515941635,0.2528349098327343,0.06013116687518428,0.15621130138896636,-0.1952043605415614,-0.1417176007458821,-0.17035915498569595,-0.41787248284710216,-0.02202105363816749,0.37338093378702514,-0.02754185625831746,0.03220202567555722,0.20817123413207533,0.06691901282184096,-0.06007697885870475,0.029207340882467785,-0.1424061073082103,-0.1352548828981026,-0.004339822613934289,0.04944497127238244,0.1423551068221119,-0.2060690578457076,-0.056926105076939015,-0.22613137406465905,0.1683334794284758,-0.0998940146148268,-0.15222210711695847,0.24196383746782588,0.2663739451266645,-0.18548717417462884,-0.3497087394114225,-0.17052012526994398,-0.13716421359641084,0.10093314951908135,0.04157814629170684,0.24850624357513407,0.323107204615544,0.42190311501406497,-0.28721561252380684,0.20041437894954936,-0.08245503589956092,0.014820422507152022,0.1625465180214999,0.1624588609360183,0.11399724278622031,0.19711369123986963,0.23351688195778117,0.219378590952195,0.22645012710277396,0.04473698889942545,0.16724653156850403,0.16827929141199627,0.34927523527958626
#49,0.3054419112432165,0.19168692076596355,0.01876817888420499,0.06432436309158572,0.1240618699646981,-0.09691526747364311,0.10407924200527537,1.0,0.4047032010773853,1.5937651905744726e-06,0.14165863143383087,0.24521352469140723,0.0013196375777956633,0.13095968570950442,0.09661723338300568,0.061839683159480116,-0.09556375459203595,-0.07025316960052276,0.2513750209181681,0.22641984556415304,0.07325263568918391,0.04262843755229542,0.0010439161998262796,0.08194662480376766,0.029345998454047766,0.046906103323797306,0.06393867191546669,0.24446445505183723,-0.025828558678449905,-0.019611280670018886,0.03526842990222251,0.01029094183553937,-0.22171823825195833,-0.16525910637585764,-0.18628086923953494,0.11619982627959423,-0.013798819019993785,0.061543242834033264,0.053317820685478405,0.13854760178182948,-0.05504227462167999,-0.06231621895146188,-0.16150738311724533,0.011785893584298225,-0.11556710149893616,0.20357481532245855,0.08384001785017013,0.22504123867430612,0.023858664902899857,0.14675708627847858,0.0336141016344062,-0.02851405302456789,-0.11149662520220896,-0.11292304504777312,-0.052884316553642154,-0.09252125684322929,-0.045908406314497684,0.1259855445497215,-0.1619153870060324,-0.2221150857844114,0.00454701208870897,0.11118902852042808,0.12057471172772115,0.11599901186558184,0.18900939524579843,0.04462383157089466,0.24269537569029956,0.3362701113244986,0.076967702348413,-0.05187705695319909,-0.16228195299986453,-0.2530691933157488,0.19512945357760442,0.07584409788905801,0.016159185267234578,0.022892843197411725,-0.06856855979408553,-0.07460255480560049,0.15967455314808468,0.12906151136753022,-0.17944361657197044,-0.20323374957167561,-0.21552327295619536,0.015574273442293746,0.23047916550454622,-0.18485763692435195,-0.09345360947971536,-0.09732008383204903,-0.1754321095872945,0.1933571866856856,-0.2962474798587924,-0.181370478687375,-0.2298815035580808,-0.18294671246085314,-0.17082612818653428,-0.038419303683988236,-0.013656973918032656,-0.1719306074636024,-0.20872427065320467,-0.2128473412012208,-0.20041916024512108,-0.16721146873431136,0.017118631911960412,0.08616213373283714,0.14381180820629696,-0.14463259727944283,-0.09869869072189594,0.11334539282327534,0.11674648773996127,-0.20981121851317647,-0.20202726932241072
#50,-0.1405254643833324,0.2785630613041781,-0.26208034170325684,-0.24785917490776083,0.08053136131453753,-0.1413064093267139,0.03254149766114958,0.4047032010773853,1.0,-0.22802476711106154,0.012158834638892653,0.186025866809043,0.00500282893321327,0.2206281028616054,-0.027970579094581994,-0.04640884858433807,-0.2705416411000167,-0.2953485962913084,0.1478998159201205,0.1943501023994135,-0.1513072858975687,-0.10677908023810852,-0.3496688952816582,-0.1699941827570544,-0.30871231741427535,-0.17396903314234713,-0.13744631003514252,0.15048171552885115,-0.17175369952744862,-0.05246356254333049,-0.11145518730725403,-0.08941660225199022,-0.29369108049311093,-0.09043979950433903,-0.1803090310704524,0.019525217349727866,-0.04721529377076875,-0.026474033580632564,-0.3068348620197786,-0.05988572703583581,-0.1426419845564153,-0.11549219453497916,-0.18106606953597526,-0.1733602148395477,-0.09303604299978484,0.005445895656192973,0.21281705966259992,0.1980842942409295,0.17928902134848473,0.21375738112503884,0.055187307254022266,0.01751388567922288,-0.06236243814198854,-0.11988142386982126,-0.1531560535186351,-0.19590721099060476,-0.019777032249838632,0.08214425168739889,-0.11455027930734965,-0.24319263042975878,-0.0836423909665389,0.0717863717138554,0.14745993672752195,0.2144793567563691,0.03709010351504913,0.11750511997067473,0.27087951932041854,0.3620078253870857,-0.02381722700794492,0.22361003753317024,-0.0664361019690969,-0.1511208153702715,-0.00627146602491055,0.1265226434189451,0.0652997473882173,0.1844161639665628,-0.027022288806190183,-0.04933818900461395,-0.09697264302050379,-0.019063025444461267,0.03668528715664321,-0.2274223238690244,-0.355175354015093,0.4056084597056316,0.37529185825052397,-0.033590195156547584,-0.13823363003928632,-0.1982835148897513,-0.15756600180095467,0.43002175489485134,-0.13375993114934376,-0.0711616157591502,-0.1931452159153392,-0.15307317772872522,-0.15606945628700525,-0.13178206854784086,-0.13024567890412705,-0.16195204360541562,-0.2930774808947398,0.05106742423638725,-0.18134816597470696,-0.2860330387524006,-0.25096701702938107,-0.2541704850624357,-0.23788698611033637,-0.2853827825546462,-0.2203842567874475,-0.021428172987273786,0.13517997593414563,-0.052104965375451236,-0.1827745858202711
#51,0.2905975822582059,0.20534708221437736,0.7572520300584115,0.6505382941931165,-0.10475340468088837,0.4008925085067217,0.6387826821474392,1.5937651905744726e-06,-0.22802476711106154,1.0,0.158707137677406,0.02061375897489023,0.2638685462470814,0.018772960179776713,-0.19515017252508188,-0.006445186430683167,0.7430117380806286,0.4769485771661261,-0.34471228553897154,-0.32660073791328326,-0.06771748918231876,0.03013172469300098,0.38580433344755316,0.16497860370231654,-0.011432077711990693,0.11352867582019141,0.2541704850624357,0.011658392369052268,0.001695766162771239,-0.37080381547386626,0.5118392847181825,0.06210743571149663,0.36949692801759515,-0.052740877686490446,-0.3429671126552925,-0.46672616723378146,-0.3966084676744575,-0.4576879248380336,0.120946059017125,-0.16178788579078646,-0.149216265967535,-0.4853477197204536,0.09478759094422619,-0.06804102351600538,0.44385244921865663,0.06445345807202225,0.24844249296751109,0.04215190176031365,0.00549848990748193,0.018487676210663884,-0.12495597223661038,0.06776370837284543,0.2810381786451402,0.5117484401023197,0.14855644717863717,0.3131382033485007,-0.17956474272645412,-0.3475029683876674,0.4515120847245575,0.4761182255018368,0.012748527759405206,0.07136721146873432,-0.48616850879359946,-0.45803377188438826,0.13894126178390137,-0.2914406840440198,-0.4026711504594028,0.07302791479731291,-0.14610204878515248,-0.2279275474344365,0.2840105507255616,0.13567244937803313,-0.22948465602562773,0.07939819426403907,-0.4428738773916439,-0.3602929340420276,-0.2156459928758696,-0.041090454143391054,0.2617153694746153,-0.17388296982205612,-0.10312457665612125,-0.15898604658575652,0.11599104303962897,-0.13124018838304552,-0.3092063846233534,0.1892914916845301,0.220202567555722,-0.07241112766856059,-0.27549028201675047,-0.23614659452222905,-0.1410243128879822,0.10285841786929531,0.2726262859692881,0.2952179075456813,0.32830925419757906,0.6340986062523408,-0.21854027046195285,0.35711815378240325,0.17461769557491094,-0.07951932041852273,0.2591366573962658,0.40309509200009563,0.23219724437998548,0.20207826980850913,0.25493071105833975,0.28814796516029295,0.28105411629704596,-0.08961901043119318,0.020820948449664912,0.14828072580066778,0.3186366932559826
#52,0.19729219294121397,0.05571324976691184,0.15763453370414937,0.09616460406888253,-0.022451370239622598,0.1236060531201938,0.11253576010646352,0.14165863143383087,0.012158834638892653,0.158707137677406,1.0,0.01680147263903609,0.2675692690195953,-0.017231789240491197,0.07158555729984302,0.1292065439998725,0.2581038975527736,0.17329965176230586,0.05985066420164317,0.0573452653220601,0.12304186024273044,0.2634302608196734,0.22695056937261432,0.09776793185060045,0.1463761763979313,0.0902166723776586,0.16525273131509535,0.018801647953207053,0.18158085569253082,0.022907187084126895,0.135980046059814,0.04006566312585167,0.1264158611511766,-0.03313597207723386,0.020664759460988613,-0.013994852138434445,0.06429726908334595,-0.05432667405111205,0.26172652583094935,0.049341376534995096,0.11996589342492171,-0.05600490879678697,0.1512578791766609,0.10627545043788698,-0.03521742941612412,0.10433583820095785,0.11261704213118282,-0.08529034417359291,-0.07022926312266414,-0.12341002000175315,-0.11505550287276176,-0.04674035174397756,0.013596410840790826,0.16203013809975375,0.0820008128202472,0.19913458550151805,-0.20818079672321876,-0.08682514005211613,-0.09415008486799639,0.04159408394361259,0.04243718572942649,-0.07836384065535625,-0.0879184629728502,-0.12122018662990382,0.1649260094510276,-0.07244459673756265,-0.09992270238825714,0.055939564423973416,0.17731275251217238,-0.17597239598689926,0.34053502697447585,0.29949079202161144,0.10231972523488114,0.08529671923435521,-0.06711345217509104,-0.04525018129079043,-0.18055447090980087,-0.29339942146323583,0.12316617392759524,0.09738702197005315,-0.16086828327582497,-0.008539393891098025,-0.07511574719696547,0.012861685087935995,0.0553721840161289,-0.1737905314410028,-0.2517495557379531,-0.006958378822048148,-0.07304863374479038,-0.06197037190510722,-0.10678545529887082,-0.2554486847452765,-0.07287331957382719,-0.2326100295643443,-0.16392671867653738,0.2553036521129342,0.09802930934185466,0.07214656264692523,0.041267362079544824,-0.004111914191682139,-0.06583206496186916,0.15044824645984908,0.07830168381292384,0.2030520603399501,0.009771374383412091,0.016176716684330898,0.001490170453187132,-0.12378296105634756,-0.11998661237239917,-0.23701997784666384,-0.0930073552263545
#53,-0.04864968244228578,0.01056188191793703,0.020138816948099037,-0.023028313238610557,0.29687701710906933,0.09303126170421312,0.0509207978388544,0.24521352469140723,0.186025866809043,0.02061375897489023,0.01680147263903609,1.0,0.2683836830319789,0.32903601112448105,0.25728470224481825,-0.20699025412585964,-0.0005052235654121078,-0.11429049558128601,0.10430236913195579,-0.03978834798269171,-0.03839858473651077,-0.29214353449306313,-0.16899967327813592,-0.1553156053518635,-0.08774314880188702,-0.2846671819840783,-0.20784451226800754,-0.21819123588521702,0.11963279650009165,0.03827745858202711,0.06457139669612476,0.009753842966315773,0.033916917020615354,0.14806078620436852,0.04456008096327168,0.06645522715138379,0.1691335495541442,-0.009052586282463004,0.03742957550064149,-0.11112687167799568,0.11443552821362829,-0.06562806301747563,-0.07678441935149695,-0.03674903776426619,0.07890253328977041,-0.23781367291156993,0.1700627146602491,0.20122082413598005,0.09072030217788013,0.13248810652726534,0.13094056052721753,0.21741347847221668,-0.1290631051327208,-0.09599566495868164,-0.148542103291922,-0.2852090621488736,-0.06688076245726716,-0.20965981082007187,-0.007050817203101467,-0.1248236897257927,0.0011379483460701736,0.016791910047892645,0.27421845739467204,0.15415375052793473,-0.1881073241479333,-0.08094414649889632,0.39929236825538494,0.2583955565826487,0.2219015212488744,0.16833029189809465,0.19076413072062093,0.01991887735179976,0.07979185426611098,0.02657922208321048,0.056314099243758416,0.01603805911275092,-0.06332985361266724,-0.0983018431894429,0.270525703448111,0.07996557467188359,0.15721856098940942,0.10103833802165926,-0.16602889496290513,0.26073839141279315,0.3902541258596371,0.029790658942218044,0.06518977759006765,0.09125421351672258,0.047310919682203224,0.06248037676609105,0.027664576177991698,0.1433543975966021,0.14741690506737642,0.030640135788794237,0.008419861501804939,-0.15249942226011842,-0.05151208472455753,-0.06468614778984612,-0.14179250770983912,0.0914088087402083,0.03592506116073919,-0.11912916669987011,0.3297946433551945,0.021353266023316785,0.09956410522037788,-0.09547609750655436,-0.04629728502099786,0.04252803034528923,0.04274956370677908,0.01895305564631163,0.05215277833116847
#54,-0.10001035947373874,-0.028804118289252445,0.2860649140562121,0.23981862952131264,0.23822327056554757,0.7029078245902032,0.23969112830606668,0.0013196375777956633,0.00500282893321327,0.2638685462470814,0.2675692690195953,0.2683836830319789,1.0,0.10158978077759803,0.16604642638000144,-0.16866179505773415,0.4218967399533027,0.11607391882953884,-0.058086366135677234,-0.20807560822064086,-0.07833674664711648,-0.15250420355569014,0.18347903003450503,-0.1631011483078198,-0.1667349329423296,-0.19864848711839284,-0.04539999521870443,-0.21446182533927277,0.5149391580138498,0.13339495892070222,0.22678481779279458,0.05020041597271474,0.19646821633768696,0.017633418068515965,0.1412251273019946,-0.04408992023205221,-0.04561196598905083,-0.19183673469387755,0.005393301404904015,-0.24923140673684546,-0.08320888683470265,-0.17033684227302792,0.21515351943198208,-0.07531656161097786,0.3223358222633059,-0.06363745029444812,0.05321103841770992,0.03225143239646503,-0.07059742288168684,0.08688410936416738,0.1398449266469571,0.2571651698555252,0.10819274996214807,0.16837969861900245,-0.12285857724581438,-0.1904039397875511,-0.16517782435113834,-0.2919522826701942,0.22988787861884308,0.1165137980221374,-0.15796763062897942,-0.1080477173298058,0.08731601973081306,0.026107467586800437,-0.25880196670624517,-0.3612220991481325,-0.12313589238897434,0.25656750790905974,0.027382479739260016,-0.04732685733410896,0.3295587661069895,0.2162579987090502,-0.05885296719234355,0.1291188869143909,-0.15001952362358453,-0.15142203699129006,-0.13185219421622613,-0.08421933396552686,0.2593677533488991,-0.009892500537895752,-0.19559642677844274,0.2602044800739507,-0.20039206623688133,0.28704029835284367,0.25492433599757747,0.29439711847253547,0.234936926742583,-0.09677501613687256,-0.10031158109475731,-0.036211938895042595,0.04357991537106838,0.12381483636015905,0.32361561571133723,0.2248930185115827,0.3064188893050387,0.17576042521655286,-0.14730852903441735,-0.0036481285212249677,-0.012313429862378376,0.0615655555467013,0.09418992899776076,0.189299460510483,0.1874506928894166,0.09468240244164827,0.07682426348126131,0.09823171752105762,0.1004805202049582,-0.22365466295850633,-0.09587772633457912,0.06982763429463937,0.21241702459976572
#58,0.09622994844169608,0.13064571396696126,-0.16671262022966157,0.0010534787909697264,0.2568814796516029,0.0341512005036298,0.3125947294185148,0.13095968570950442,0.2206281028616054,0.018772960179776713,-0.017231789240491197,0.32903601112448105,0.10158978077759803,1.0,0.13835953748934168,-0.15743053175975583,-0.04163233430818637,-0.326788802205771,0.07192184175505423,0.16021962084326116,-0.1485548534134466,-0.26247559547051935,-0.28291085274406524,-0.26394026568065726,-0.1085656910167425,-0.2968355792141144,-0.34126019013618725,-0.2222266493477516,0.11383149120640056,0.16896142291356214,-0.11005426770473906,-0.0556909370542438,-0.04737148275944505,0.18397150347839253,0.1972905991760234,0.2952450015539211,0.18331168468949469,0.14449872100343455,-0.12714421184326913,0.049604347791439886,0.23912534166341273,0.1313485644160046,-0.11809640685637784,-0.06221899927483684,-0.072173656655165,-0.060524826877256174,-0.00944305875415375,0.10306241981368885,0.06572847022448183,0.06332188478671437,0.1365729267107077,0.09028361051566272,-0.16114400465379436,-0.24931747005713648,-0.2099068444246109,-0.22293428109236665,-0.15419678218808022,0.025452430093474327,-0.03767501533998996,-0.09808668488871534,-0.007819012024958364,-0.017722668919188136,0.4523838742838018,0.40565308513096765,-0.35861788682673384,-0.09308544972069265,0.5235359274518085,0.47064682960259463,0.24350500840711137,0.3793782721991569,0.11615679461944872,0.027647044760895377,0.0899728263035007,-0.14671724214871423,0.16571332945517137,0.1559531114280933,0.00401947581062882,0.014044258859342252,0.20529130043270724,0.11089577572536238,0.16524476248914247,0.126189546494115,0.08973694905529568,0.05838440022631466,0.21978818860617266,-0.09729936488457155,0.023536724334403812,-0.05223565412107834,0.0777550223525568,0.12067990023029906,-0.02791957860848361,-0.06767286375698268,-0.03483970706595797,-0.05321581971328164,-0.049146937181745017,-0.207704260931237,-0.031739833770290625,-0.13971901919690172,-0.24275275123716022,0.1808780052434875,-0.033977480097857185,-0.22166245647028823,-0.05628063017475635,-0.022999625465180216,-0.11215006893034449,-0.04729020073472575,-0.12081696403668847,0.05858840217070819,0.011781112288726503,-0.04888715345568138,0.010112440134195029
#101,-0.1026097904995657,-0.05543593462375188,-0.29708898787941573,-0.32805584553227773,-0.03232952689080318,-0.0952736893273514,-0.04241009172118672,0.09661723338300568,-0.027970579094581994,-0.19515017252508188,0.07158555729984302,0.25728470224481825,0.16604642638000144,0.13835953748934168,1.0,0.1268398026918694,-0.059509598450860235,-0.347055120369116,0.6824645984907044,0.16895345408760928,0.4138530070364733,-0.12117077990899601,-0.017925077098391095,-0.05566384304600403,0.43231837053446914,-0.2974953980030122,-0.12084883934049996,-0.32567794786794063,0.47216409406402154,0.2573309214353449,-0.26054395205954306,-0.26005307238084613,-0.1251344739379547,-0.01636956227239041,0.2636326689988764,0.13745746639147655,0.39219851939213796,0.21892596163807188,0.23196455466216162,-0.0808580831786053,0.20929324482623976,0.1805959088047558,0.1406306528859103,0.17585126983241559,-0.29889631760552715,-0.24268262556877496,-0.0744017403915881,0.016171935388759173,-0.17071137709281292,-0.05562718644662082,0.2294304680091482,0.0408003888787065,-0.11347130027333073,-0.4937500498051622,-0.028241519176979656,-0.4992421646518818,-0.15890954585660894,-0.15209619966690308,-0.3966546868649842,-0.525002191427137,-0.35641052203778817,-0.39188773517997594,0.5382702866386695,0.3400903664863056,-0.21305771820637665,-0.1070548016160779,0.22694260054666146,0.1299922702388257,0.660061041206799,0.41485707910653524,0.1970467531018655,0.12566519774641602,0.3889934575938927,-0.09836718756225646,0.06734932942329606,-0.1557283905362223,-0.23714588529671923,-0.35288192590585626,0.4878467435392744,0.282949103108639,-0.02416944911506188,0.08718533098518595,-0.07995760584593072,0.1378734391062165,0.1992493365952394,-0.39711209747467907,-0.36695806006901005,0.16766250428324395,0.08212034520954029,0.046872634254795244,-0.137242308090749,-0.36566232896907297,-0.33700164954697226,-0.27855828000860633,-0.28683470264325955,-0.19959837117197524,0.1351688195778116,-0.30894978842767096,-0.238970746439927,-0.029988285825849278,-0.11248475962036514,-0.36573404840264884,-0.13103778020384257,-0.07898700284487087,0.055725999888436434,-0.02985122201945987,-0.16631896022758966,-0.3126361673134697,-0.18199842217246134,-0.30309270135230976,-0.18042378216417376
#102,0.1939070356764338,0.05897090581644606,0.12333989433336787,0.12709480512236132,0.0015921714253838981,-0.12008542581421479,-0.06277203579596619,0.061839683159480116,-0.04640884858433807,-0.006445186430683167,0.1292065439998725,-0.20699025412585964,-0.16866179505773415,-0.15743053175975583,0.1268398026918694,1.0,0.05429958004287228,0.1405939962865271,0.37266852074683837,0.6668743873965048,0.018599239774004097,0.6727920375491079,0.044544143311365934,0.5719290136984118,0.3820143598243671,0.5386846655882189,-0.21351512881607151,0.4556479053940983,0.11608188765549171,0.4141781351353505,-0.21300831148546884,0.14698977599630247,-0.16764816039652877,0.03960347122058507,-0.16449091155400075,0.21717281992843995,-0.03123301643968794,0.5174126815896214,0.10964945134633315,0.6558295946258238,0.0746583365872706,0.44000988134418156,0.07169233956761151,0.5617974483819299,-0.4405995744646941,0.49746830399477243,0.05347879096972643,-0.11239232123931181,-0.2775797081815936,-0.33256779478679405,-0.238959590083593,-0.45355369793368344,-0.4347504562152858,-0.1534875566782746,-0.2030409039836161,0.25263409541872195,-0.5721919849548566,0.45185952553610276,-0.3801273418387269,0.04397516913833085,-0.21402035238148365,-0.18971224569484177,0.043705822821123765,0.1220330068770968,0.2973392090143359,0.33179481866936544,0.050645076460885015,0.20511917379212521,0.19340181211102167,0.13736821554080436,-0.02012925435695559,0.05296719234355202,0.08980069966291866,0.0562965678266621,-0.25717154491628746,-0.35157981974515695,-0.5000039844129764,-0.5465578656296568,0.3102503008231797,0.7022591621576393,-0.276057662424595,0.05496099259696069,0.017227007944919475,-0.29115061877933524,-0.045245399995218705,-0.3520483867111858,-0.41524755157822596,0.15671811871956903,0.38870339232920814,-0.023031500768991704,-0.10647148355632764,-0.5078325590290782,-0.24042744782411207,-0.40421710269426003,-0.2756655961877137,-0.029841659428316427,0.6330817840607543,-0.25131605160611686,0.17331240188383046,-0.23791886141414786,-0.33635617464478956,-0.2282080501079776,-0.11159862617440572,-0.016191060571046068,-0.216382312393915,-0.012067990023029907,-0.32248722995641055,-0.287731992445553,-0.4023492098909068,-0.34539760457091856,-0.3258691996908096
#201,0.1737586561371913,0.14579763963375275,0.6812007426945788,0.5934799066053599,-0.17615249145343417,0.5538110910119612,0.46947859971790357,-0.09556375459203595,-0.2705416411000167,0.7430117380806286,0.2581038975527736,-0.0005052235654121078,0.4218967399533027,-0.04163233430818637,-0.059509598450860235,0.05429958004287228,1.0,0.5089003817067631,-0.33246260628421614,-0.3309740295962196,-0.01781351353505088,0.051222019459872974,0.39050275322936673,0.09291172931492003,-0.02484361179067488,0.01662297093769175,0.2933707336898055,-0.03144658097522492,0.3187163815155113,-0.22584290256516507,0.5506092167440971,0.21801273418387268,0.4795336643052379,0.04347632063368104,-0.1301436779319303,-0.39784841699272444,-0.26514674592992216,-0.3633959948680761,0.1572329048761246,-0.14976770872347378,-0.11016901879846042,-0.3714492903760489,0.22500776960530405,-0.13054530675995504,0.4510275801066229,0.05618500426332188,0.24046410442349528,0.04994541354222282,-0.04313844241327925,0.059944696347887065,-0.03347385029763565,0.16045231056108503,0.2857079106535234,0.4887599709934735,0.07435552120106145,0.25241574958761326,-0.2735650136665365,-0.3530668026679629,0.471263616731347,0.5589414211604204,0.0011299795201173011,0.006939253639761254,-0.3921267999585621,-0.3849707942528827,0.12745021475985943,-0.3188088198965646,-0.3945556981089976,0.02694578807704261,-0.08660360669062626,-0.2345002350803656,0.4217676449728662,0.2784291850281698,-0.3172262110623242,-0.013242594968483293,-0.4857764425567181,-0.4796771031723896,-0.24162914677780523,-0.08956322864952307,0.3386352588673111,-0.17167082373753875,-0.1806708157687128,-0.06924272246969854,0.09079839667221828,-0.11405621209827156,-0.40255799313087204,0.14487963088398187,0.16626317844591956,-0.1044952147200153,-0.15981321071966467,-0.24065376248117365,-0.11109977766975591,0.05891671779996653,0.2845093992302114,0.30521081529058325,0.4266541290471675,0.6279418913211516,-0.18407828574616103,0.4463339416203811,0.19960155870235638,-0.07315860354294001,0.31553681996031524,0.5369474615304927,0.28377148594697543,0.3936584083067042,0.3414195666552447,0.31807887543928154,0.42804389229334844,-0.11047661548024129,-0.10440437010415256,0.12807178318418347,0.3596952720955622
