,#10,#11,#12,#13,#17,#18,#26,#49,#50,#51,#52,#53,#54,#58,#101,#102,#201,#202,#301,#302,#401,#402,#501,#502,#601,#602,#701,#702,#801,#802,#901,#902,#1001,#1002,#1101,#1102,#1201,#1202,#1301,#1302,#1401,#1402,#1501,#1502,#1601,#1602,#1701,#1702,#1801,#1802,#1901,#1902,#2001,#2002,#2101,#2102,#2201,#2202,#2301,#2302,#2401,#2402,#2501,#2502,#2601,#2602,#2701,#2702,#2801,#2802,#2901,#2902,#3001,#3002,#3101,#3102,#3201,#3202,#3301,#3302,#3401,#3402,#3455,#3501,#3502,#3601,#3602,#3701,#3702,#3801,#3802,#3901,#3902,#4001,#4002,#4101,#4102,#4201,#4202,#4301,#4302,#4401,#4402,#4501,#4502,#4601,#4602,#4701,#4702,#4801,#4802
#10,1.0,0.448922216289874,0.39202001769079364,0.3956649586816374,0.2568097602180271,-0.08846990572878898,0.10739108607128911,0.37622899218258177,0.3464925212568432,0.2273282917227805,0.14760975065543594,0.03195817960139932,-0.035279586258556525,-0.04825124114464216,0.1487923244268422,0.06269394130162803,0.18218489269975854,-0.09792252707408618,0.08467515081003116,0.23089673198447672,0.08897353552901051,-0.08099833451537584,0.3040999609527528,0.20127501215245958,0.18657412203460064,0.22551936823147845,-0.25957653658886437,-0.23421176358087162,-0.30038967558909546,-0.1711863191196041,-0.3048872809568966,0.12801759516770395,0.00625393460781423,0.23683988238012893,0.14491788124855565,0.2542692985042514,0.14495772537832002,0.004269696945549012,0.07031373267776458,0.1300544270812581,-0.1484369147893441,-0.07647204137414434,0.08967797974324443,0.08455721218592865,0.021227358573261402,0.19691925188661955,-0.23271203053654105,-0.24692682227127477,-0.3938130035301899,-0.40848679963980905,-0.41019053462853317,-0.3577811601016822,-0.2960434779143989,-0.17249320657587516,-0.026545753014208417,-0.020267911928535567,-0.189299460510483,-0.10768433886635483,-0.08194024974300536,-0.15284208177609193,-0.12028305269784603,-0.009323526364860665,0.06937181745013507,-0.23023531943038833,-0.24132633139159607,-0.16279195786084835,0.0003219405684960435,-0.030903107045239023,0.07665213684067926,0.10167265656750792,-0.06793264748304632,0.06813664942743985,0.12167122217883639,0.11805496896142291,0.12311836097187802,0.009607216568782922,-0.23995888085808317,-0.0810078971065193,-0.130212209835125,-0.10507215771900326,0.00510642367060061,-0.14909035851747962,-0.0984580321781192,0.02807576759715991,0.08177449816318562,0.007022129429671126,0.1346763461339241,0.10757596283339575,-0.11364980197467507,0.18196654686864985,-0.1462821442516874,0.12535919482982572,0.11437337137119588,0.0008510706117667684,0.048472774506132014,-0.12038027237447108,0.1943867589987967,-0.12170469124783846,0.16901879846042284,-0.0069424411701424025,-0.1432858656934074,-0.17418578520826528,0.04379029237622421,-0.0951238753994374,0.06590378439544502,0.12311995473706859,-0.09133708930663245,-0.00835611089418196,0.033077002765182606,-0.08682195252173497,-0.0847038385834615
#11,0.448922216289874,1.0,0.29833053096287326,0.3267505518411972,0.009438277458582027,-0.2787288128839978,0.20550964626381596,0.22922009100399238,0.4293922176445744,0.30615273051821273,0.20562120982715618,-0.18719569045892467,-0.24297109706826894,0.029455968252197404,0.2467626644566456,0.2643450820390632,0.07880690737833596,0.03567165249543785,0.14833810134752848,0.31419486966985155,0.20955621608268454,0.15043549633832448,0.171194287945557,0.20564830383539592,0.1591996111212935,0.21615440397166286,-0.10637745141008376,-0.07978547920534867,-0.25958928671038894,-0.18305508849381222,-0.22708285188343202,0.0850719983424842,0.10044226984038442,0.3209078086525512,-0.06889368789296273,0.18703472017467668,0.0030233725665197745,0.11466981169664274,0.051376614683358704,0.2059447441608428,-0.051837212823434724,0.03823283315669102,-0.008939428953932217,-0.020505382941931164,-0.0011251982245455777,-0.018218329893456797,-0.10021595518332284,-0.12280917052490657,-0.10921435344930631,-0.0892173816031684,-0.2041071328961104,-0.19404250571763262,-0.1739148451258676,0.1696132728765071,0.07572775303014607,0.18379459554223876,-0.13737459060156668,-0.0077600427129071075,-0.04734757628158644,-0.08303197889854888,-0.13073974611320513,0.0784785917490776,0.06767764505255441,-0.07163974531632254,0.07319526014232323,0.09397317693184264,-0.06638828901337966,0.1715672290001514,0.1749141359003578,0.1572695614755078,-0.03497677087234738,0.06110495740662528,-0.07981257321358844,-0.07100383300528333,-0.02890930679183036,-0.13176134960036337,-0.22152379889870824,-0.13654742646765852,0.06916781550574154,5.25942512889576e-05,-0.13451856338005722,-0.05287156643211756,-0.21513120671931404,-0.1555164197658759,-0.0765373857469579,-0.25857883957956473,-0.22311597032409214,0.1106073042258684,0.03718891695686474,0.00572958586011523,-0.02597677884117333,-0.21965749986054556,-0.1581875702252787,-0.1851174206504156,-0.06722979703400297,0.052159153391930765,0.16657077512770044,-0.04880587143096208,0.26814461825339275,0.05703448110989808,-0.06557546876618668,-0.22654894054458957,0.09841181298759254,0.042805345488449185,-0.00947812158834639,-0.022666528540350152,-0.060352700236674134,-0.04481827092414475,-0.03286184446445505,-0.16950489684354805,-0.1707432523966244
#12,0.39202001769079364,0.29833053096287326,1.0,0.4633394162038107,0.060290543394241725,0.07590147343591869,0.17763150555028728,0.13411693455203244,0.14010949166859246,0.4570281060491358,0.27533568679326476,0.00432229119683797,0.027312354070874737,-0.026670066699073226,0.028837587358254507,0.06405979806995035,0.4257488704189212,0.30086939891145836,0.025047613735068412,-0.09757349249735037,0.031851397333630835,-0.0021499892420849638,0.40890436611973957,0.3408808740208305,0.22659515973511624,0.020070285044904334,0.009269338348381133,-0.12912048067958148,-0.14607176724653156,-0.1566145239821817,-0.10292854353768059,0.1902477507988748,0.19536214329542828,0.12351520850433105,-0.07387739164388911,0.026089936169704116,0.13115890635832622,-0.15995186829124466,0.24581278040306323,0.41421160420435255,-0.0007761636478097681,-0.0916526548143662,0.2593805034704237,0.3282247846424786,0.1161328881415901,0.08529034417359291,-0.21197714540716717,-0.23395994868076087,-0.2141717600745882,-0.24589087489740136,-0.13217413478472217,-0.08887631585238547,0.06529177856226442,0.133144737785782,0.11139621799520277,0.17776378806110496,-0.1837244698738535,-0.25661850839515815,-0.013158125413382847,0.1251551928854322,-0.01960490560925659,0.06510212050458605,-0.22747969941588506,-0.06423989353648527,-0.11708595972555363,-0.01570018089234913,-0.0608292360286559,-0.05708070030042474,-0.02100582521177155,-0.06933994214632358,0.034345639856879884,0.052956035987218,-0.10871550494465651,-0.010440755763453371,-0.12894994780419,-0.1981576074396959,-0.0564463817545761,0.09681804779701807,0.11699352134450032,-0.018898867629832096,-0.0002550024304919156,-0.06144602315740822,0.0169257863239009,-0.1890237391325136,-0.14942504920750027,0.013803600315565507,-0.03162827020695041,-0.061103363641434705,-0.07898859661006144,0.07346938775510205,-0.15999330618619959,-0.15787041095235438,-0.09235391149821896,0.09833053096287324,-0.014683358700762617,0.2370534469156659,0.31790196750312777,0.2220465538812167,0.1754082031094359,0.07353154459753444,0.2138036003155655,-0.008360892189753683,0.2693638486241822,0.12833475444062825,0.21925587103252078,0.19240092757134092,0.15494425806245965,-0.06650782140267275,0.02603096685765286,-0.10163121867255297,-0.10490162484361179
#13,0.3956649586816374,0.3267505518411972,0.4633394162038107,1.0,0.12037708484408992,0.17995680896333544,0.17766019332371763,0.2668584497445991,0.1971519416044434,0.5577604411542048,0.44715313692833636,0.15452191028695741,0.07479380662846943,0.07969463458948593,0.3549872897226052,0.24365641610021596,0.2430970045183243,0.11591135478010024,0.22181705169377397,0.28557562814270576,0.2654686864984182,0.11547785064826399,0.21546908493971584,0.061708994413853004,-0.003729410545944266,0.03700244642956753,-0.1726733020424101,-0.2534628533178207,-0.010035939405047455,0.148392289364008,-0.036938695821944555,0.1895799631840241,0.003978037915673884,0.2782044641362988,0.17701471842153496,0.31485628222393997,0.27113452175091046,0.2925706635641371,0.1816509813609161,0.21408410298910663,0.2771717042928065,0.17602817776856935,0.34597295380471593,0.26184605822024243,0.017521854505175752,0.024446764258221836,-0.25855333933651553,-0.2623975009761812,-0.41697359927961813,-0.3754082031094359,-0.34427559387675416,-0.38867948585134954,-0.3094645745842265,-0.006792627242228402,0.11943676338165098,0.23969431583644782,-0.2676744575221733,-0.16083322044163234,-0.07051614085696754,-0.16315374255910878,-0.08668170118496442,0.03237255855094869,0.18613743037238323,-0.11871000645474902,-0.044803927037429574,0.01785335766481524,0.09095617942608515,-0.07356820119691766,0.22488664345082038,0.2180876411478297,-0.09683717297930496,0.1143972778490545,0.08358342165448765,-0.08807624572671709,0.08704348588322483,-0.18474288583063056,-0.2853493134856442,-0.21043756823307222,0.1042083369857119,0.1530381148945326,-0.13084174708540192,-0.1982197642821283,-0.05409557809847875,-0.0238682274940433,0.09593669564663038,0.04671963279650009,-0.03450979767150906,0.0643626134561595,0.0919586577309565,-0.08773836750631529,-0.055262214217979264,-0.03508674067049702,-0.16600817601542764,-0.04634191044633394,0.00474623273753078,0.049044936209548244,0.13601670265919721,0.002025675557220155,-0.05473467793989911,-0.1418610396130338,-0.17024281012678402,0.040597980699503544,0.002723744710691774,0.0942249918319534,-0.2087832399652559,-0.15193044808708334,-0.32844153670839676,-0.10932910454302767,0.04882977790882069,0.0034712205850712012,-0.06069535975264764
#17,0.2568097602180271,0.009438277458582027,0.060290543394241725,0.12037708484408992,1.0,0.16802747651188552,-0.04983066244850146,-0.09070117699559324,-0.04242124807752074,0.11617113850616388,0.0484361179067488,0.26480249264875805,-0.08614778984612197,-0.16084597056315694,-0.021399485213843446,0.16785694363649403,0.12177003562065201,-0.12956354740256118,0.14035811903832207,0.10821028137924439,-0.30068930344492345,-0.1380344093904645,0.07636525910637586,0.3981464510833619,0.1954673317980062,0.39044378391731543,-0.2832407621385141,-0.15065543593462374,-0.1775629736470926,0.09146777805225956,-0.3040840233008471,0.25609415964745913,-0.06834383890221454,0.2087099267664895,0.35659699256508537,0.2712588354357752,0.15243089035692373,0.15913267298328937,0.06295531879288224,0.182205611647236,0.05629975535704325,0.26663691638310927,0.09930910278988597,0.11169106455545905,-0.022491214369386957,0.12527153774434413,-0.1560774251129581,-0.2532253823044251,-0.3633864322769326,-0.31973160994190725,-0.26618109953860497,-0.26150499246945946,-0.25458167648160396,-0.045945062913880896,-0.15583836033437193,0.23924646781789638,-0.3007355226354501,-0.054863772920335646,-0.07954163313119078,-0.10764927603216218,-0.16937420809792092,0.035714684155583355,0.08315310505303254,-0.14325877168516762,-0.008582425551243535,-0.041849086374104505,-0.06322625887527991,0.06574281411119699,-0.06550056180222968,0.15234960833220443,-0.015610930041676959,0.05792539585142921,0.021136513957398656,0.0446461442835627,-0.0007506634047605767,0.009623154220688665,-0.17264302050378919,-0.09350301620062317,-0.13878666656041566,0.1660671453274789,0.004781295571723418,0.1536421519017603,-0.09285116623767821,-0.017341759038640835,0.30911235247710955,0.010981042163058117,0.2001992206488218,-0.06805377363752999,0.2932193259967009,0.15046896540732654,0.1078851532803672,0.07194574823291285,0.391086071289117,-0.005436333065049526,0.16091290870116107,-0.1629513343799058,0.297844432579748,-0.047508546565834454,-0.07537074962745739,-0.1381459729538047,-0.15109690889241287,-0.2808453330570807,0.03918112344508284,0.027140227430292693,-0.10370630095068094,-0.010923666616197435,-0.19678218808023015,-0.17011212138115692,-0.11534716190263689,-0.10003585971678793,-0.10859756632055399
#18,-0.08846990572878898,-0.2787288128839978,0.07590147343591869,0.17995680896333544,0.16802747651188552,1.0,0.05225318553817466,0.18477794866482322,-0.06975432109587294,0.28348938950824376,0.27404633075409,0.45214640327040617,0.4516363984094223,0.2369976651339958,-0.060123198049231406,0.0966969216425344,0.2926965710141925,0.27164452661189425,0.05279825323335113,-0.06396735968889704,-0.1575516579142395,-0.07395070484265553,0.10174596976627434,0.00015937651905744728,-0.01932121540533433,-0.02958984452820566,-0.11597510538772322,-0.25460717672465316,0.4171664448676776,0.4959749460112042,0.45057495079249976,0.16820757197842043,0.18481301149901586,0.0003968475324530437,0.09777908820693447,-0.1057558829857597,0.35967614691327526,0.048769214831578866,0.05879240411510172,0.14527329088605376,0.13013889663635855,0.08513734271529776,0.0303739770019683,0.24186980532158198,-0.17976077584489478,-0.0696698515407725,-0.21435185554112313,-0.2279323287300082,-0.19272764943540868,-0.18587445911593845,-0.14203316625361587,-0.17368215540804374,-0.01967662504283244,-0.1078038712556479,-0.18598124138370695,-0.14106734454812772,-0.40930121365219263,-0.3720166707838934,-0.11932679358350134,-0.06994876044912303,-0.1639123747898222,-0.22990700380112997,-0.05435058052897067,0.016406218871773622,0.13411215325646073,0.08088198965646391,0.3609479715353537,0.026623847508546565,-0.006851596554279658,0.06791989736152172,0.2916510610491756,0.18858864123548677,0.161179067487987,-0.04234952864394489,-0.0838113300767398,-0.02747651188550391,-0.19740056897417305,-0.16398409422339807,-0.05008088358342166,0.3437337137119588,-0.07011769955932393,0.2192367458502339,0.07127158555729984,0.2816023715226036,0.3401063041382113,0.40224880268390056,0.025546462239718223,-0.08615416490688427,0.11246244690769709,0.05217668480902709,0.09111874347552375,0.09228219206464311,0.11933635617464479,-0.012020177067312673,0.20316840519886206,0.11215803775629736,0.16980293093418547,0.08377307971216601,-0.2613392408896397,-0.04432420371506666,-0.0632453840575668,0.418629521312625,0.11775534110559491,0.10044545737076556,0.014699296352668362,-0.00495660974268661,0.08842049900788117,-0.13392408896397293,-0.13952936113922335,-0.015128019188932895,-0.03785032951095315
#26,0.10739108607128911,0.20550964626381596,0.17763150555028728,0.17766019332371763,-0.04983066244850146,0.05225318553817466,1.0,0.220041597271474,0.1270087418020703,0.33972858178804516,0.370381467698364,0.0404943859621162,-0.07403039310218426,0.3292734821378766,-0.034752049980476374,0.07741395660177386,0.1092398536923555,0.22776020208942616,-0.2161512164412817,0.014041071328961104,-0.02226808724270653,0.17439297468303994,0.10638382647084604,-0.015070643642072213,-0.028034329702204975,-0.016379124863533854,-0.1383085370032433,-0.09080795926336173,-0.11530413024249138,-0.1293738893448828,0.1503781207914638,0.2736032640311103,0.20038250364573787,0.31979057925395854,-0.030421789957685533,-0.021329359545458167,-0.03130792340364494,0.07222465714126337,0.281301149901585,0.2949485612284742,-0.05088892253504291,-0.09823809258181992,-0.14433934448437713,-0.0870323295268908,-0.15842025994310258,0.2157910255082119,-0.11262341719194512,-0.06586553403087123,0.06858130991561014,0.05943309772171266,-0.08546406457936552,-0.05610531600379316,-0.0510769868275307,0.19907720995465739,0.08934328905322379,0.1283076604323885,0.02732032289682761,0.1159575739706269,0.08081664528365036,0.07163496402075083,0.16968021101451122,0.2786730311023277,0.13739371578385356,0.26379204551793384,-0.21206480249264875,-0.046380160810907727,0.18421375578735985,0.3058754153750528,0.1141040250539888,0.04230012192303708,0.12463721919849549,0.0523695303970866,0.1849102311756409,-0.1373793718971384,0.20756719712484759,0.18291961845261337,0.015300145829514937,0.025452430093474327,0.024105698507438898,-0.05420236036624724,-0.2605375769987808,-0.2204958203507877,-0.17823235502713386,-0.036073281323462617,0.03903927834312171,0.05579931308720286,-0.11941923196455466,0.009693279889073942,-0.004202758807544884,-0.21697838057518987,0.01501964315597383,-0.1757269561475508,-0.27968507199834247,-0.06002438460741579,-0.06985154077249799,0.09136258954968164,0.035340149335798356,-0.012914279339224953,0.05209380901911721,0.006451561491445466,-0.16404625106583048,0.026395939086294416,0.21417494760496936,0.146145080445298,0.02314147056714134,-0.066866418570552,-0.03181474073424762,0.1934384687104049,0.08556606555156229,0.0915219660687391,0.05249862537752313
#49,0.37622899218258177,0.22922009100399238,0.13411693455203244,0.2668584497445991,-0.09070117699559324,0.18477794866482322,0.220041597271474,1.0,0.31340117460494543,0.354010311660783,0.26444708301125996,0.3971280351265848,0.26768561387850726,0.319608890022233,0.052066715010877444,-0.013680880395891274,0.14687183737219994,0.25190893225701055,-0.06848249647379452,0.15349074420865574,0.1364804883296544,-0.014386918375315765,0.2015921714253839,-0.01902796261026863,0.25050960641968617,0.10129493421734176,-0.0768800452629314,-0.1284080676393947,0.16123006797408537,0.2240499167257688,0.322058507120146,0.0867884834527329,0.1758576448931779,0.30293173106806176,0.0020017690793615378,0.12446509255791344,0.19042625250021913,0.19842854752209357,0.14686068101586594,0.10486656200941916,-0.046961885105467414,-0.2215891432715218,-0.09188693829738065,-0.029271091490090766,-0.13401493357983568,0.08321048059989322,-0.11385061638868746,-0.12089346476583605,-0.2293125293850457,-0.2530452868378902,-0.3008056483038354,-0.34313923929587453,-0.2759094422618716,-0.1659364565818518,-0.010681414307230117,-0.22024400545067696,-0.16554598411016105,-0.16406218871773623,-0.04166580337718844,-0.14577532692108472,0.04248181115476257,0.12758727856624882,0.2189721808285985,-0.10700858242555124,0.02409454215110488,-0.02188877112734981,0.44306194168413165,0.1651794181163289,0.20482273346667834,-0.009906844424610923,-0.031213891257401045,-0.0794970077058547,0.24843930543712994,-0.15229860784610602,0.11429527687685773,-0.00535186350994908,-0.19081194367633816,-0.1405637147479062,-0.03433767103092701,0.1278024368669764,-0.40429838471897933,-0.3172437424794205,0.08876634605423583,0.14534022902405788,0.2502466351632414,0.32444596737562653,-0.0408003888787065,0.06558184382694898,-0.19650806046745134,-0.3282805664241487,-0.3486345416729753,0.0072819131557347655,-0.15161807010973075,-0.19702762791957862,-0.11059455410434381,0.028166612213022656,0.027007944919475012,-0.0736845460558296,-0.12720636868570154,-0.13716421359641084,-0.37150985345329074,0.3362238921339719,0.11245288431655365,0.12273266979575899,-0.1771677198798301,0.04586218712397103,-0.20453585573237495,0.16579939277546238,0.010863103538955607,0.18702197005315208,0.18187092095721538
#50,0.3464925212568432,0.4293922176445744,0.14010949166859246,0.1971519416044434,-0.04242124807752074,-0.06975432109587294,0.1270087418020703,0.31340117460494543,1.0,0.14783925284287866,0.15801225605431551,-0.07882443879543227,-0.1919769860306481,0.12290160890595989,-0.02332953485962913,-0.06357210592163456,-0.12165369076174007,0.09046529974738822,-0.19688259528723634,0.12482847102136442,0.07505359035453307,0.08683151511287841,0.14887201268637093,0.15123556646399286,0.1337710875056778,-0.031076827451011643,-0.11553522619512467,-0.12382121142092135,-0.2886245009522747,-0.27894237741953476,-0.08298257217764107,-0.07048904684872778,0.13084174708540192,0.3239056809760218,-0.24926965710141924,0.038521304656185,-0.18957518188845238,0.04604706388607766,0.12772274860744767,0.0767126999179211,-0.21487301675844098,-0.16606555156228833,-0.18719090916335296,-0.19532229916566393,0.10338276661699432,0.182954681286806,-0.07381045350588498,-0.0002151583007275538,-0.03806708157687128,0.030254444612675215,-0.12647004916765614,-0.20842623656256723,-0.2118560192526835,-0.004025850871391118,-0.07492130784371538,0.03606053120193802,0.19153870060324013,0.21549777271314619,-0.03703432173337902,-0.03814836360159058,-0.00651371833387787,0.22331040967734223,0.2129987488943254,-0.030519009634310576,-0.19065097339209014,0.03530189897122457,0.2711281466901481,0.12891647873518794,-0.08503374797791041,-0.045941875383499746,-0.14872538628883805,-0.043756823307222144,0.11433512100662209,-0.2150403621034513,0.20400672568910422,0.003817067631425862,-0.007455633561507383,0.06804580481157711,0.06555953111428094,-0.22820645634278702,-0.29235550526340953,-0.1626899568886516,-0.38279052347217685,-0.00968849859350222,0.09746192893401015,0.022505558256102128,-0.2157336499613512,-0.05376726246922041,-0.13506522484042427,-0.18984612197085005,-0.06098701878252277,-0.3039931786849843,-0.18779972746615242,-0.09512546916462798,-0.12785024982269363,0.12100662209436684,0.17296177354190406,0.049199531433033974,0.07599869311254373,0.12546278956721307,-0.12490337798532142,-0.08797105722413917,0.15248985966897496,0.17687765461514554,0.006013276064037485,-0.09154109125102598,-0.046413629879909796,0.1859461785495143,0.18730884778745546,-0.01739275952473922,-0.0805712054443019
#51,0.2273282917227805,0.30615273051821273,0.4570281060491358,0.5577604411542048,0.11617113850616388,0.28348938950824376,0.33972858178804516,0.354010311660783,0.14783925284287866,1.0,0.4513256141972603,0.25955263011100577,0.20970603001059854,0.2757628158643387,0.1449210687789368,0.2786459370940879,0.33980986381276446,0.25012550900875774,0.09023898509032664,0.09802771557666409,0.06131852194216226,0.082050219541155,0.28041023516005387,0.2206041963837468,0.0950123118360972,0.19436444628612867,-0.16417375228107642,-0.23464845524308903,-0.0022344587971854105,0.1508323438707775,0.040980484345241416,0.274132394074381,0.1629640845014304,0.3768378104853812,-0.014484138051940808,0.021574799384806637,0.2799336993680721,0.2722549386798843,0.16902836105156627,0.38612149272047747,0.10600769788587047,0.03994134944098686,0.16370677908023812,0.2722182820805011,-0.1225573556247958,0.04633553538557164,-0.2656121253655699,-0.3273753077959024,-0.2743029269497725,-0.3026081967343751,-0.3692706133605336,-0.4168014726390361,-0.1713616332905673,0.1814645108336189,0.22079544820661573,0.21961287443520947,-0.3113754990477253,-0.23357266373945126,-0.05853740168460981,-0.15056777884914216,-0.15299508323438707,0.003283156292583414,0.0736781709950673,0.000586505590131406,0.12721274374646382,0.07049542190949007,0.3618341049813131,0.22271115396568625,0.19526014232323152,-0.007187881009490872,0.04261249990038968,-0.007715417287571022,0.1144466845699623,-0.22359091235088335,-0.009160962315422069,-0.1743770370311342,-0.24442461092207285,-0.11803425001394545,0.1592697367896788,0.15607423758257696,-0.2764497286614763,-0.07259600443066723,-0.09878316027699639,-0.06411557985162046,0.00980643721760473,0.014533544772848616,-0.21320912589948124,0.05890237391325136,0.10166946903712676,-0.26824821299078005,-0.12355186510371427,-0.25166508618285266,-0.24967606722501573,-0.1950099211883113,-0.07515559132672983,0.10664679772729084,0.3394337352277889,0.0033325630134912222,-0.08734151997386225,-0.10916175919801735,-0.19437082134689096,0.09953541744694754,0.23409701248715026,0.17388615735243726,-0.21361553602307773,-0.19504817155288512,-0.20873064571396696,-0.1367115842822877,-0.14609407995919962,-0.037485357282311595,-0.07347576281586433
#52,0.14760975065543594,0.20562120982715618,0.27533568679326476,0.44715313692833636,0.0484361179067488,0.27404633075409,0.370381467698364,0.26444708301125996,0.15801225605431551,0.4513256141972603,1.0,0.05590131405939963,0.005090486018694866,0.30566663213508755,0.021284734120122082,0.1798898708253313,0.22159711209747468,0.3104383651156675,-0.007046035907529744,0.010239941349440987,-0.012381961765573078,0.20070444421423392,0.13816350437090102,0.23366032082493285,0.1093211357170748,0.2361736885304688,-0.018497238801807328,-0.0729721330156428,0.10136984118129876,0.19408234984739697,0.16562726613488035,0.19233717696371794,0.21238355553076366,0.2864155423981385,-0.03942018822366901,0.2489987170190216,0.036183251121612255,0.12695296002040019,0.28689048442492965,0.4731554160125589,0.14489556853588761,0.24853652511375499,0.11567547753189522,0.25987616444469236,0.06701463873327543,-0.03570830909482106,-0.19261289834168732,-0.1819314840344572,-0.13792443959231487,-0.1415247551578226,-0.16470447608953773,-0.1862458064053423,-0.07374989042864315,0.2925706635641371,0.014965455139494299,0.19931149343767182,-0.29599088366310994,-0.18389659651443552,-0.03320769151080971,-0.047366701463873326,-0.15653483572265298,0.0030871231741427534,-0.03945046976228992,0.08087402083051104,0.15546063798420579,0.028541147032807655,0.19321534158372447,0.04982428738773916,0.017215851588585452,0.06107308210281379,0.08683948393883129,0.1535560885814693,-0.0005386926344141717,-0.2563443807823793,-0.11650901672656568,-0.2660440357322156,-0.25802739682362597,-0.22805664241487303,0.3370590250938329,0.22055000836726726,-0.1334459594068006,-0.022827498824598173,-0.22517511495031436,-0.13331048936560178,0.022244180764847916,-0.01576074396959096,-0.19687622022647402,0.09111236841476145,0.2103387547912566,-0.10787718445441433,0.15569332770202965,-0.2680346484552431,-0.2361418132266573,-0.17545920359553427,-0.05692132378136729,0.2633394162038107,0.2808278016399844,0.10479643634103387,0.07871128146690148,-0.016286686482480536,-0.12896588545609575,0.1290312298289093,0.35719306074636026,0.31603407469977446,0.012570026058060867,-0.14328267816302623,-0.028066205006016462,-0.1463443010941198,-0.10301938815354333,-0.1468574934854848,-0.1718668568559794
#53,0.03195817960139932,-0.18719569045892467,0.00432229119683797,0.15452191028695741,0.26480249264875805,0.45214640327040617,0.0404943859621162,0.3971280351265848,-0.07882443879543227,0.25955263011100577,0.05590131405939963,1.0,0.5356660743172709,0.24448676776450526,-0.020081441401238357,-0.07198718612786778,0.1303986803624222,0.014449075217748169,0.028796149463299572,0.08280088294591557,-0.14000908446158628,-0.2252914598092263,0.1305500880555268,0.06066189068364558,0.07947947628875837,0.051320832901688596,-0.16840679262724223,-0.18673190478846752,0.15302377100781742,0.41759676146913277,0.28339057606642815,0.14066093442453123,-0.006636438253552104,0.18024368669763885,0.10330148459227502,0.12190231813146969,0.26621934990317875,0.19091872594410667,-0.029011307764027126,-0.0337830407446071,0.06827052570344812,-0.15730462430970046,-0.022213899226227,0.08667532612420212,-0.13208647769924056,0.14228179362334548,-0.1598976802747651,-0.22863039788347983,-0.3130362023763039,-0.3365745204758983,-0.32627401604921547,-0.315167066436102,-0.28053773637529983,-0.2228195299986453,-0.2655053430978014,-0.26153208647769927,-0.32842241152610985,-0.24107929778705703,-0.13535369633991823,-0.17732550263369698,-0.06576512682386504,0.0774681446182534,0.1941875383499749,-0.15815888245184836,0.09432221150857845,-0.023233908948194663,0.4686084039238499,-0.0426109061351991,0.06182693303795552,-0.06579381459729539,0.017048506243575134,-0.15496178947955597,0.22687884993903848,-0.18366550056180223,0.05829833690602364,-0.0028512459259377315,-0.19806038776307086,-0.18170835690777679,-0.2589183115651571,0.29850584513383643,-0.11812031333423646,-0.008188765549171641,0.2664106017260477,0.4454701208870897,0.43927515559132674,0.6393899066850481,0.14671564838352366,0.014936767366063957,-0.13875957255217589,-0.1991441480926615,-0.15400871789559245,0.14190885256875105,0.011419327590466096,-0.17042131182812836,0.0861143207771199,-0.19239774004095977,0.07455952314545498,-0.08773039868036242,-0.3278008431017858,-0.13021380360031556,-0.3461100176111054,0.36690068452214936,-0.07650869797352756,-0.12358533417271633,-0.23288256341193253,-0.10114671405461834,-0.26667516674768305,0.01216520969965495,0.033714508841412395,0.0849476846576194,0.10402346022360526
#54,-0.035279586258556525,-0.24297109706826894,0.027312354070874737,0.07479380662846943,-0.08614778984612197,0.4516363984094223,-0.07403039310218426,0.26768561387850726,-0.1919769860306481,0.20970603001059854,0.005090486018694866,0.5356660743172709,1.0,0.1490234203794755,0.03403963694028959,-0.004325478727219119,0.1580568814796516,-0.07352357577158157,0.06668154180844536,0.06760751938416913,0.1703878427591263,-0.0012654495613161313,0.10988054729896644,-0.0513017077194017,0.007235693965208106,-0.08656695009124306,-0.15329152355983394,-0.2501717281992844,0.41587549506331234,0.39980556064674994,0.3466152411765175,-0.17778928830415414,-0.21862633378224386,-0.2191921204248978,-0.05250181290790428,-0.04317509901266246,0.364752289045255,0.07042210871072364,-0.24590840631449767,-0.2225629338029628,-0.00501717281992844,-0.11137071775215357,-0.01725728948354039,0.13455521997944042,-0.18805951119221606,0.13198128919666266,-0.275619376997187,-0.33188725705041877,-0.29628094892779444,-0.3122520699025413,-0.3231629863972141,-0.21668990907569588,-0.15422387619632,-0.2735076381196758,-0.08892891010367443,-0.318249408314673,-0.3609798468391652,-0.40161926543362364,-0.31524356716524954,-0.3030719824048323,-0.118399222242587,-0.3325725760823658,-0.028085330188303358,-0.16841157392281395,0.11935707512212226,-0.08269569444333766,0.2849413095968571,-0.024029197778291326,0.1380854098765629,-0.013860975862426189,0.20473507638119676,-0.028957119747547593,0.2049693598642112,0.02065679063503574,0.008158484010550726,-0.019443935325008568,-0.25545027851046703,-0.2919299699575262,-0.15646311628907714,0.24014057008980866,0.2939763644622238,0.07585206671501088,0.6712205850712014,0.5756488616532126,0.247948425758433,0.5062802317334587,0.0362804707982373,-0.08793440062475595,-0.15654758584417758,0.09713042577437066,-0.2671102646447099,0.46700826367251314,0.24258381212695934,-0.16764337910095706,0.013731880881989657,-0.12066715010877448,-0.14188175856051127,-0.15278948752480298,-0.49942863517917907,-0.1634693080668425,-0.16305014782172142,0.48144777629911784,-0.34657699081194365,-0.306874706149543,-0.2885750942313669,-0.13860816485907132,-0.19088685064029517,-0.15747196965471078,-0.2836742662703504,0.152875550845094,0.1187992573054212
#58,-0.04825124114464216,0.029455968252197404,-0.026670066699073226,0.07969463458948593,-0.16084597056315694,0.2369976651339958,0.3292734821378766,0.319608890022233,0.12290160890595989,0.2757628158643387,0.30566663213508755,0.24448676776450526,0.1490234203794755,1.0,-0.23227055757875192,-0.04335519447919738,0.06033357505438724,0.3141247440014663,-0.262907505837165,-0.018760210058252118,-0.012024958362884397,0.20887408458111867,-0.14911585876052882,-0.08606969535178383,-0.10477093609798468,0.13713233829259935,-0.16896301667875271,0.046179346396895346,0.09220409757030497,0.1524245152961614,0.3364247065479843,0.14794444134545656,0.32588035604714355,0.21021603487158236,-0.21155798516204607,-0.09006526468455403,0.0500027890890835,-0.002593055965064667,0.2131549378830017,0.2110129174668696,-0.1282391285291938,-0.024689016567189154,-0.17622899218258173,-0.0691582529145981,-0.08265425654838272,0.037231948617010256,-0.12803193905441912,-0.03602706213293595,-0.005401270230856888,0.06824821299078007,-0.06833427631107108,-0.19331096749515894,-0.04677063328259847,0.15543673150634718,-0.052332873797703384,-0.0877447425670776,-0.012039302249599567,0.04900827961016503,0.02185052076277602,-0.06116073918829539,0.03327462964881384,-0.05028010423224347,-0.03899305915259505,0.3631744615065862,0.0014184510196112807,-0.15252014120759588,0.5917650152603017,0.22950059367753348,-0.0081600777757413,-0.058637808891615996,0.07491174525257194,-0.06897975121325375,0.2382902087035517,0.051027580106622894,-0.03097004518324315,0.051720867964522785,-0.054717146522802795,0.04822892843197412,0.007809449433814916,0.10168221915865136,-0.16873351449131,0.03799376837810486,-0.14484775558017038,0.0901353903529393,0.1422913562144889,0.23267059264158613,-0.07906828486959017,0.1293946082923603,0.08860537576998781,-0.28104295994071193,-0.026458095928726822,-0.05060523233112066,-0.08534293842488186,-0.12828694148491102,-0.0110320426491565,0.11956904589246867,0.04021069575819394,-0.09196503279171879,-0.03961781510730024,-0.2396321589940154,-0.1962355266198631,0.31453593542063446,0.24663994453697136,0.1599869311254373,-0.14651164643913012,-0.0931507940935062,0.03050944704316713,0.08103020981918733,-0.07068029867159671,-0.012106240387603695,0.03742160667468862
#101,0.1487923244268422,0.2467626644566456,0.028837587358254507,0.3549872897226052,-0.021399485213843446,-0.060123198049231406,-0.034752049980476374,0.052066715010877444,-0.02332953485962913,0.1449210687789368,0.021284734120122082,-0.020081441401238357,0.03403963694028959,-0.23227055757875192,1.0,0.6355521201061448,0.10541162970459562,-0.3916789519400107,0.721706285013029,0.518623943134458,0.5063854202360366,0.07688482655850314,0.03364597693821769,-0.11672736255767438,-0.030268788499390385,0.09838471897935278,-0.2976531807568791,-0.4741897696212417,0.2565021635362462,0.34436803225780743,-0.17452366342866704,-0.05543912215413303,-0.28312919857517393,0.11639267186765374,0.3060937612061615,0.4343870777518348,0.3931372470893863,0.6061057144450908,-0.37689359226705127,-0.3598673987361442,0.4053247695017093,0.39231167672066874,0.4201212855310027,0.19000071719433576,-0.05278709687701711,-0.07134808628644741,-0.32804947047151545,-0.3680035700340269,-0.4839675190654161,-0.4946664647897425,-0.40085585190733847,-0.3971630979607774,-0.46410123596490527,-0.15182844711488655,0.11900325924981472,0.300529926925866,-0.30427527512371605,-0.09191084477523927,-0.2906501765094949,-0.4841237080540924,-0.1824383013650599,-0.2241311987504881,0.4586123086485668,-0.19522348572384832,0.14250013945445417,0.2425232490497175,-0.07436349002701433,-0.05886731107905872,0.7546717242148714,0.4885495939883177,-0.025332897704181245,0.1454964180127342,0.1266772386424308,-0.015529648016957661,0.1748073536325893,-0.24141717600745882,-0.42361322506355137,-0.4710357083090948,0.015402146801711704,0.3395931117468463,-0.04445648622588434,-0.23720804213915164,0.014892141940727872,0.09054498800691695,0.20229980316999896,-0.29707464399270056,-0.22090860553514652,0.11258357306218075,0.04695072874913339,0.0597677884117333,-0.09180565627266135,0.1962594330977217,-0.05005219580999131,-0.3548661635681215,-0.2446461442835627,-0.170167903162827,0.03070866769198894,-0.31044952147200156,-0.26145558574855166,-0.2039031309517169,-0.36334818191235885,-0.1469865884659213,-0.36636358565292576,-0.19449035373618404,-0.31864147455155434,-0.2191474949995617,-0.45489564822414713,-0.18883408107483524,-0.08093139637737172,0.0011650423543099395,-0.07755102040816327
#102,0.06269394130162803,0.2643450820390632,0.06405979806995035,0.24365641610021596,0.16785694363649403,0.0966969216425344,0.07741395660177386,-0.013680880395891274,-0.06357210592163456,0.2786459370940879,0.1798898708253313,-0.07198718612786778,-0.004325478727219119,-0.04335519447919738,0.6355521201061448,1.0,0.1652559188454765,-0.20629537250276916,0.4344253281164086,0.371194287945557,0.33176134960036335,0.3232012367617879,-0.03257656049534222,0.024371857294264835,-0.014549482424754361,0.2872650192447147,-0.30723808461299396,-0.348617010255879,0.1351130377961415,0.30961757604252166,-0.05281100335487573,0.14579923339894332,-0.03732757452844472,0.14067687207643698,0.17924280215795807,0.2712365227231072,0.4644311453593542,0.5272669317629434,-0.11008136171297883,-0.05266597072253345,0.24753564057407423,0.38273952298607844,0.12855788156730868,0.20468088836471723,-0.09217700356206521,-0.11976986030648104,-0.3033668289650886,-0.323942337575405,-0.3146793742877862,-0.34552988708173626,-0.24997569508084375,-0.28615097737650314,-0.30846209627935517,0.14016049215469084,0.28328379379865964,0.5203882412004239,-0.22398935364852696,-0.0266716604642638,0.01136673333917714,-0.15720421710269425,-0.1260413263313916,-0.2097649993226498,0.11979376678433966,-0.16284933340770905,0.1078851532803672,0.20426491564997729,-0.005890556144363251,0.15278311246404067,0.507912247288607,0.48005641928774634,0.00269027564168971,0.06975910239144467,0.03300687709679733,-0.12698961661978342,-0.02966156396178151,-0.21957621783582626,-0.29714955095665757,-0.24558327821562048,0.15067615488210123,0.4449808349735833,0.015115269067408298,-0.0052881129023261,0.039063184820980326,-0.17418578520826528,0.13041461801432794,-0.22982890930679184,-0.055700499645387244,-0.005616428531584442,0.1846217596761469,0.08755349074420865,0.0778426794380384,0.07730398680362423,0.02380766441680147,-0.15481356931683254,0.15708787224378232,-0.1252540063272478,0.22878658687215614,-0.2641139860864299,-0.16753978436356973,-0.20984468758217853,-0.3367848974810541,-0.11728358660918486,-0.06243097004518324,-0.09058483213668131,-0.2595223485723848,-0.18940146148267975,-0.27800843101785816,-0.20740144554502785,-0.21985353297898622,-0.07964841539895927,-0.05868402808214266
#201,0.18218489269975854,0.07880690737833596,0.4257488704189212,0.2430970045183243,0.12177003562065201,0.2926965710141925,0.1092398536923555,0.14687183737219994,-0.12165369076174007,0.33980986381276446,0.22159711209747468,0.1303986803624222,0.1580568814796516,0.06033357505438724,0.10541162970459562,0.1652559188454765,1.0,0.2925324131995633,0.11285929444015014,-0.1927085242531218,-0.08810174596976628,-0.14955892548350852,0.07329885487971058,0.05559212361242818,0.12340205117580028,0.027954641442676252,0.03168883328419224,-0.1364119564264597,0.17269561475507814,0.06314975814613233,0.17049940632246652,0.3503127764186502,0.3353441337487748,0.024121636159344644,0.04996135119412857,0.05937731594004255,0.23244268421933398,-0.0072245376088740845,0.1307110583397748,0.32065121245686873,-0.07701870283451138,-0.025119333168644262,0.28243431695208343,0.10277554207938544,-0.0039939755675796286,-0.00625712213819538,-0.08512618635896374,-0.16984277506394982,-0.0909912422602778,-0.1308736223892134,-0.012273585732614015,-0.017220632884157178,0.18036800038250364,0.019735594354883694,0.03139239295874539,-0.05444620644040513,-0.3611280670018886,-0.3860704922343791,-0.0006773502059941508,0.06967303907115364,-0.08611272701192933,-0.11836894070396609,-0.22395269704914375,-0.009105180533751962,0.12457824988644423,-0.09235391149821896,-0.07136243017316259,0.07950019523623585,0.03646056626477221,0.09088286622731873,0.2552112137318809,0.16104519121197874,-0.07226290750583717,0.11005108017435791,-0.2834527329088605,-0.10583238371490729,-0.15414418793679127,-0.08369498521782785,-0.012640151726446143,0.036006343185458485,0.03692275817003881,0.13091984157974007,0.09671126552924958,-0.008591988142386982,-0.09049239375562798,0.07845149774083784,0.11134521750910438,-0.06485827443042816,-0.06292822478464248,0.052127278088119275,0.10977376503119796,-0.018092422443401413,0.04598968833921698,0.024696985393142027,0.12911091808843803,0.4433201316450047,0.23844480392703743,0.40837364231127826,-0.08342723266581134,-0.008424642797376663,0.15050562200670975,0.27341838726900364,0.2545450198822208,0.3818023890540207,0.14296870642048307,0.32099546573803284,0.19789941747882284,-0.14419271808684425,-0.10961916980771223,-0.18990827881328243,-0.13576488775908646
