,#10,#11,#12,#13,#17,#18,#26,#49,#50,#51,#52,#53,#54,#58,#101,#102,#201,#202,#301,#302,#401,#402,#501,#502,#601,#602,#701,#702,#801,#802,#901,#902,#1001,#1002,#1101,#1102,#1201,#1202,#1301,#1302,#1401,#1402,#1501,#1502,#1601,#1602,#1701,#1702,#1801,#1802,#1901,#1902,#2001,#2002,#2101,#2102,#2201,#2202,#2301,#2302,#2401,#2402,#2501,#2502,#2601,#2602,#2701,#2702,#2801,#2802,#2901,#2902,#3001,#3002,#3101,#3102,#3201,#3202,#3301,#3302,#3401,#3402,#3455,#3501,#3502,#3601,#3602,#3701,#3702,#3801,#3802,#3901,#3902,#4001,#4002,#4101,#4102,#4201,#4202,#4301,#4302,#4401,#4402,#4501,#4502,#4601,#4602,#4701,#4702,#4801,#4802
#10,1.0,0.10633281972265023,0.16812018489984593,0.2800132071318512,-0.011210653753026635,-0.14229804094210874,-0.26534888839973586,0.7194695135373101,0.15258199427690952,0.14772397094430992,0.44434074400176093,0.3442064714946071,-0.17857142857142858,0.021034558661677305,0.08269865727492846,0.07336561743341405,-0.028067356372441118,-0.33218357913273167,-0.09238168611049967,-0.019194364957076823,0.24076161127008586,0.11243451463790446,0.07330618534008365,0.2365067136253577,0.0028989654413383225,-0.06082984811798371,-0.006141316310807836,0.13642526964560864,-0.3144089808496588,-0.16836891921637684,-0.4331499009465111,-0.07529826106097293,-0.22788685890380805,-0.019271406559542154,-0.04845036319612591,0.14782962799911953,-0.10020911292097733,0.12455425930002201,-0.10225181598062955,0.020884877834030376,-0.012491745542593,-0.07489984591679506,0.17591019150341183,0.16699537750385207,0.20104556460488665,0.27201408760730794,0.1681267884657715,0.2702333259960379,0.024318732115342283,0.1912987012987013,0.16525863966541932,0.018272066916134713,0.002071318511996478,-0.19537090028615453,-0.03910631741140216,-0.06214615892581994,0.009553158705701078,0.09615452344265904,-0.0016420867268324894,-0.03305965221219458,-0.14139995597622718,-0.21934404578472375,-0.2792868148800352,-0.1641800572309047,0.053233546114902046,0.14388069557561084,-0.47600044023772836,-0.4092361875412723,0.10863966541932643,0.050854061193044246,-0.04957076821483601,0.27627118644067794,0.1439027074620295,0.08954655513977548,0.054169051287695356,0.034747963900506273,0.0683381025753907,0.03464450803433854,-0.3949636803874092,-0.14471054369359454,0.21292537970504072,0.24605987233105878,,0.4210015408320493,0.2618930222320053,-0.27902707462029497,-0.18394012766894122,0.1173167510455646,-0.03445740699977988,0.10823684789786485,0.005401716927140656,0.21477437816420866,0.18654633502091128,-0.01363416244772177,-0.1311996478098173,-0.008476777459828307,-0.39435395113361216,0.07380805635042924,0.14657054809597184,-0.007360774818401937,-0.021576051067576492,-0.18404138234646708,-0.3501078582434515,-0.4248668280871671,-0.15951793968743122,-0.2765089148139996,-0.23875852960598723,-0.17166850099053488,-0.08201408760730794,0.11776799471714726,-0.09257318952234206
#11,0.10633281972265023,1.0,0.26265903587937484,0.2886814880035219,0.05662998018930222,-0.19969843715606428,0.18961259079903148,-0.16723970944309927,-0.011934844816200748,0.1749240589918556,0.19573629760070438,-0.13772397094430994,-0.10616552938586837,0.11714065595421527,0.08290556900726392,0.3885692273827867,-0.08244772176975566,-0.12022232005282853,-0.04427690953114682,0.3626062073519701,-0.2179572969403478,0.35466431873211535,-0.2286550737398195,0.18230464450803432,-0.28211314109619196,0.3634360554699538,-0.30942989214175654,-0.0017587497248514198,-0.2782148360114462,-0.11038961038961038,-0.2345278450363196,0.09198327096632182,0.06562843935725292,0.23437156064274708,-0.00841074180057231,0.0763944530046225,0.07573409641206251,0.3209487123046445,-0.21049526744442,0.24517939687431212,-0.26445960818842174,0.12832269425489765,-0.026447281532027293,-0.03596302003081664,-0.24007043803653974,0.2008496588157605,-0.11559322033898305,-0.06733436055469953,-0.4270658155403918,-0.1530046224961479,-0.1646599163548316,-0.0821351529826106,-0.23247413603345807,-0.08004182258419547,-0.43184239489324233,0.05868368919216377,-0.19406779661016949,0.27854501430772616,-0.17358353510895883,-0.06698437156064274,-0.11451683909311028,-0.053929121725731895,0.17457627118644067,0.2883314990094651,0.015751705921197446,-0.004116222760290557,0.08614131631080783,0.2212392692053709,0.23443979749064495,0.2883248954435395,0.112425709883337,0.21945190402817522,-0.02599603786044464,0.054578472375082544,0.0762491745542593,0.2644618093770636,0.23652872551177637,0.2586154523442659,0.0010631741140215715,0.08622055910191503,-0.11152542372881356,-0.08261941448382126,,-0.10720669161347128,0.10201188641866608,-0.3096235967422408,-0.028309487123046446,-0.1815562403697997,0.10168831168831169,-0.14819942769095312,0.022590799031476996,-0.2732049306625578,0.1589390270746203,-0.3007197886858904,-0.04720228923618754,-0.23265903587937486,0.0574290116662998,-0.02072639225181598,0.13571208452564384,0.0539555359894343,-0.01800132071318512,-0.2430398415144178,-0.010187101034558662,0.06802113141096192,0.07952674444199868,0.08174334140435835,0.1528417345366498,0.22613691393352411,0.10922077922077922,-0.19327316751045565,-0.0021197446621175433
#12,0.16812018489984593,0.26265903587937484,1.0,0.47865067136253575,0.3729804094210874,0.2040149680827647,0.144983491085186,-0.07535108958837772,0.014338542813119083,0.3410697776799472,0.05197666740039621,0.06533788245652652,-0.06377283733215937,0.09900726392251816,-0.3215980629539952,-0.26220338983050845,0.7154633502091129,0.4483975346687211,-0.1134470614131631,-0.4065529385868369,-0.24501210653753028,-0.29242791107197885,0.30862645828747526,-0.03088928021131411,0.3559696235967422,-0.03188861985472155,0.16745982830728592,0.19453224741360334,0.09045784723750826,0.07209112920977327,0.16581554039181157,0.18354611490204711,0.435379705040722,0.10139995597622717,0.015377503852080122,0.17885758309487124,0.2501056570548096,-0.1283248954435395,0.1298613251155624,-0.024538850979528945,-0.1852938586836892,-0.008406339423288577,0.07045784723750825,0.07610609729253796,0.01430332379484922,0.12299141536429672,0.30679286814880036,0.29169271406559544,-0.0072198987453224745,0.11050847457627119,0.5183469073299581,0.5332951793968743,0.48381245872771295,0.4884503631961259,0.10125027514858023,-0.12892802113141097,-0.5178472375082545,-0.45803213735417125,0.10058991855602024,0.1551287695355492,-0.0887211093990755,0.1376667400396214,-0.05983711204050187,0.15198106977767994,0.41131410961919435,0.27006163328197225,0.14287695355491967,0.08674224081003742,0.01035659255998239,-0.01618534008364517,0.49796390050627337,0.17771736737838434,-0.1075148580233326,0.0004820603125687871,-0.4574466211754347,-0.40215056130310367,-0.17151882016288797,-0.10449702839533348,0.2257825225621836,0.07059432093330398,-0.3422342064714946,-0.06852080123266564,,-0.3587343165309267,-0.025577812018489986,-0.14508474576271185,-0.18299141536429672,-0.11114461809377063,-0.14476117103235747,0.020534888839973585,0.18348228043143297,-0.14140215716486904,0.17390490865067137,-0.07458507594100815,-0.09442659035879375,0.59801893022232,0.28967422408100374,0.6734932863746423,0.6676095091349329,0.4916618974246093,0.7153444860224522,0.4829517939687431,0.3423728813559322,0.3860246533127889,0.543878494386969,0.48615232225401717,0.5027823024433193,-0.025573409641206253,-0.31076821483601147,0.1672000880475457,0.3224169051287695
#13,0.2800132071318512,0.2886814880035219,0.47865067136253575,1.0,0.16393792648029937,-0.2733017829627999,-0.06872991415364296,-0.006722430112260621,-0.1287343165309267,0.45487563284173455,0.25773717807616114,0.17460708782742682,-0.012284833810257538,0.18949152542372882,-0.2386748844375963,-0.020488663878494386,0.4011270085846357,-0.05950473255558001,-0.2043759630200308,-0.12307065815540391,-0.016920537090028616,-0.02548976447281532,0.225379705040722,0.15319832709663217,0.05352410301562844,0.14360994937266125,0.12593000220118863,0.10017389390270746,-0.27275808936825885,-0.36933083865287253,-0.30368919216376844,0.11555800132071319,0.04009024873431653,0.045661457186880916,-0.19789786484701738,0.03456086286594761,0.10047985912392692,-0.1088267664538851,0.1664538850979529,0.0977525863966542,-0.2554501430772617,-0.02158925819942769,-0.19600044023772836,0.0676271186440678,0.24480299361655294,0.1445410521681708,0.09373541712524763,0.04939687431212855,-0.022014087607307945,0.17208672683248954,0.3338014527845036,0.34205150781421967,0.31513097072419105,0.25122386088487786,0.19073519700638344,0.21023552718467972,-0.18464450803433854,0.02128989654413383,0.06535549196566146,0.003167510455646049,-0.09201408760730795,-0.07928241250275149,-0.22354391371340523,-0.020444640105657056,0.19892802113141095,0.223119084305525,-0.00699537750385208,-0.007613911512216597,-0.07359013867488444,-0.15120405018710104,0.06921637684349549,0.18749944970283952,-0.05427690953114682,0.09830948712304645,-0.2583226942548976,-0.03834690732995818,-0.12388509795289457,0.0087145058331499,0.07439577371780762,-0.10388069557561083,-0.16836011446180937,-0.17327536869909752,,-0.16639225181598064,-0.016436275588817963,-0.36745102355271847,-0.16324014968082765,-0.14201408760730794,-0.0650429231785164,-0.20152102135152983,-0.06212854941668501,-0.1659123926920537,0.3214968082764693,-0.15773497688751925,-0.0025907990314769976,0.15987233105877174,0.005036319612590799,0.08761171032357473,0.2276997578692494,0.11739159145938807,0.18690953114681927,-0.11273827867048206,-0.06845476557340964,0.039958177415804534,0.033171912832929785,0.04011005943209333,0.18256218357913273,-0.024712744882236407,-0.07534448602245213,0.11703279771076382,0.028197226502311247
#17,-0.011210653753026635,0.05662998018930222,0.3729804094210874,0.16393792648029937,1.0,0.2922342064714946,0.05088707902267224,-0.012066916134712745,-0.07829187761391151,0.012069117323354611,-0.17427690953114683,0.5068258859784284,0.38871890821043364,-0.07643627558881796,-0.02441338322694255,-0.3461787365177196,0.30290336781862204,0.3876975566806075,-0.08173453664979088,-0.2635130970724191,-0.1461171032357473,-0.3036121505613031,0.07086286594761171,-0.028509795289456307,0.07788245652652433,0.07100374202069118,0.010081443979749064,0.019744662117543475,0.3388399735857363,0.0734998899405679,0.3544287915474356,0.21595421527624917,0.10668060752806516,0.13566806075280652,0.3034404578472375,0.19757208892802114,0.3930332379484922,0.04445960818842175,0.09511336121505613,0.005685670261941448,0.19208232445520582,-0.07946290997138455,0.3580079242791107,0.24127668941228264,-0.057290336781862204,-0.08968523002421308,0.10698217037200088,0.05099273607748184,-0.12062073519700639,-0.06751045564604886,0.1109751265683469,0.20354171252476339,0.13896103896103895,0.16591459388069557,-0.05983270966321814,-0.24191283292978208,-0.33838872991415364,-0.4126942548976447,0.01704820603125688,0.09956856702619414,0.05665859564164649,0.07835351089588377,0.08188421747743782,0.1485163988553819,0.24952014087607308,0.16943869689632401,0.16232445520581112,-0.054175654853620955,0.003088267664538851,-0.011747743781642088,0.2813251155624037,-0.009443099273607748,0.1740347787805415,0.3225775918996258,-0.055817741580453446,-0.11342945190402817,0.029038080563504293,-0.17075500770416024,0.31526964560862863,0.009511336121505613,0.1299141536429672,0.2603279771076381,,-0.132194585075941,0.37982390490865064,0.09213075060532688,-0.01339423288575831,0.30889720449042485,-0.012093330398415144,0.38972044904248293,0.5044397974906449,0.0053554919656614575,0.14211093990755008,-0.17103896103896105,-0.09286594761171033,0.06961259079903148,0.32626458287475235,0.1050033017829628,0.15136913933524104,0.15757208892802113,0.30256658595641645,0.38560642747083423,0.4639819502531367,0.08992956196346027,0.17328637464230684,0.1223134492626018,0.36340964120625135,-0.0199933964340744,-0.20035439137134053,-0.004325335681267885,0.16290997138454766
#18,-0.14229804094210874,-0.19969843715606428,0.2040149680827647,-0.2733017829627999,0.2922342064714946,1.0,0.010939907550077042,-0.1961699317631521,0.05076161127008585,-0.30709663218137795,-0.538135593220339,0.11570327977107638,0.5130970724191063,-0.08202949592780101,-0.09508474576271186,-0.25976667400396214,0.25284613691393354,0.7657561082984812,-0.057640325775918995,-0.21305745102355272,-0.27379925159586177,-0.36900286154523443,0.05991195245432534,-0.05543913713405239,0.1023794849218578,-0.07790666960158485,0.02184899845916795,0.059575170592119746,0.8836583755227823,0.8113317191283292,0.779306625577812,0.23543473475676865,0.2732951793968743,0.034006163328197225,0.3078516398855382,0.3623024433193925,0.1350363196125908,0.05053268765133172,-0.03377283733215937,-0.14836011446180938,0.20269865727492847,0.14290336781862206,0.41957517059211974,0.18568787145058332,-0.08179396874312128,-0.14689632401496808,0.13278670482060312,0.2216949152542373,0.1064010565705481,0.08211754347347568,0.05492626018049747,0.07802993616552939,0.10985912392692054,0.08844155844155845,-0.0711270085846357,-0.35787365177195685,-0.18963900506273387,-0.3164648910411622,-0.1161501210653753,0.002667840633942329,0.07460488663878495,0.027123046445080342,0.23445740699977988,0.20243451463790446,0.02797490644948272,-0.08052828527404798,0.48958837772397096,0.13974686330618535,-0.09233546114902047,-0.11883116883116883,0.05374202069117323,-0.2789324235086947,-0.11573849878934625,-0.13191503411842395,-0.024446401056570546,-0.2357473035439137,-0.07170372000880476,-0.3054501430772617,0.22186660796830288,0.2360114461809377,-0.032036099493726614,0.3520823244552058,,-0.12999559762271626,0.35368258859784285,0.5171978868589038,0.23587717367378383,0.22787365177195687,-0.009865727492846137,0.5733590138674884,0.398580233325996,0.32506053268765134,-0.18772617213295179,0.08443979749064495,-0.20523662777900065,0.17885097952894563,0.375791327316751,0.26026854501430774,0.15559322033898304,0.1275346687211094,0.340363196125908,0.6910125467752586,0.6633061853400837,0.3242284833810258,0.45517059211974464,0.42747083425049526,0.40123706801672904,0.04110499669821704,-0.1438168611049967,-0.26191283292978207,-0.008195025313669382
#26,-0.26534888839973586,0.18961259079903148,0.144983491085186,-0.06872991415364296,0.05088707902267224,0.010939907550077042,1.0,-0.1600792427911072,0.2635725291657495,0.23470834250495268,0.19855381906229363,-0.03570768214836011,-0.006306405458947832,0.4211270085846357,0.0514505833149901,0.06247413603345807,0.13423508694695135,0.10191943649570769,0.161666299801893,0.1788928021131411,-0.1767884657715166,0.047745982830728596,-0.026297600704380364,0.046896324014968085,-0.05553598943429452,0.0005591019150341185,-0.08872551177635923,-0.0350561303103676,-0.008712304644508034,-0.03469073299581774,0.0675676865507374,-0.04069997798811358,0.14613471274488224,0.01012326656394453,0.20495927801012548,-0.000438036539731455,-0.03305965221219458,-0.03152542372881356,-0.10622055910191504,0.05175434734756769,-0.1712656834690733,0.2834382566585956,-0.10051948051948052,-0.06445080343385429,-0.028531807175874974,-0.04899625797930883,-0.19833149900946512,-0.25882896764252694,-0.1026964560862866,-0.05180717587497249,-0.2569095311468193,-0.03316530926700418,-0.09361435174994497,-0.07098393132291438,-0.19171692714065594,-0.08661897424609288,-0.07745982830728594,-0.00025533788245652654,0.09834470614131631,0.23427250715386308,-0.002425709883337002,-0.021027955095751706,0.3909487123046445,0.5174488223640766,-0.011624477217697557,0.07435835351089588,0.45571428571428574,0.7559498128989655,0.08674224081003742,0.2899537750385208,0.06436935945410521,0.08243671582654634,-0.21369359454105216,0.016962359674224083,-0.10338322694254898,-0.07707682148360115,-0.0872705260840854,-0.12554039181157825,0.6648624257098833,0.3167290336781862,-0.2698921417565485,-0.09841074180057231,,0.0087343165309267,-0.025745102355271846,-0.009951573849878935,0.0050297160466651995,-0.3481223860884878,0.06900066035659257,-0.039531146819282416,-0.08411182038300682,0.02116883116883117,0.19567686550737398,0.05306845696676205,0.09030816640986132,0.03259520140876073,0.032995817741580453,-0.013462469733656173,-0.19491305304864626,-0.06996478098173013,-0.034798591239269205,0.09983270966321814,0.06209333039841514,0.26852960598723313,0.15254017169271405,0.07333700198106978,-0.07834250495267445,0.15728813559322033,-0.20306625577812018,-0.19705921197446621,0.10306845696676205
#49,0.7194695135373101,-0.16723970944309927,-0.07535108958837772,-0.006722430112260621,-0.012066916134712745,-0.1961699317631521,-0.1600792427911072,1.0,0.332788906009245,0.12784943869689633,0.39020691173233546,0.43973365617433413,-0.09733215936605767,0.1342042703059652,0.23234206471494606,-0.057862645828747526,-0.1137706361435175,-0.45391811578252256,0.10904908650671362,-0.12633061853400837,0.3734360554699538,-0.07990314769975787,0.028349108518600043,0.0336583755227823,-0.005782522562183579,-0.2177657935285054,0.023979749064494828,0.006029055690072639,-0.3150187101034559,-0.2384371560642747,-0.4360906889720449,-0.22224961479198768,-0.33678626458287475,-0.15033237948492187,-0.03963240149680828,0.05222760290556901,-0.13334800792427912,0.02837772397094431,-0.10848117983711204,-0.08357913273167511,0.11628659476117104,-0.04718908210433634,0.16303764032577592,0.15985252036099493,0.039134932863746426,-0.019022672243011227,0.21000880475456746,0.1572837332159366,0.1676337222099934,0.030939907550077042,0.09475896984371561,-0.07675544794188861,-0.1259850319172353,-0.3420911292097733,-0.046363636363636364,-0.21357913273167511,0.05819062293638565,-0.05096191943649571,-0.035855161787365177,-0.008018930222320053,0.06589478318291878,-0.04271406559542153,-0.16298261060972927,-0.18184899845916794,0.022656834690732996,0.11311688311688312,-0.5150913493286374,-0.36733436055469953,0.09311027955095752,-0.035326876513317194,0.0011027955095751706,0.15848558221439576,0.3498657274928461,0.2322870349988994,0.21651992075720888,0.061672903367818624,0.0678450363196126,0.023801452784503633,-0.26545894783182916,-0.1856680607528065,0.3181818181818182,0.20277790006603566,,0.6135307065815541,0.2763152102135153,0.024186660796830288,-0.13464891041162227,0.09933964340744002,0.09826766453885098,0.018963240149680826,-0.12112480739599384,0.25876513317191285,0.050147479639005066,0.04688751926040061,0.013028835571208453,-0.07482500550297161,-0.4916486902927581,-0.020561303103675984,-0.028511996478098173,-0.0684767774598283,-0.1108364516839093,-0.18627118644067797,-0.514836011446181,-0.4868677085626238,-0.258597842835131,-0.4629605987233106,-0.43342504952674443,-0.16766233766233765,-0.05397314549856923,0.15325775918996257,-0.13040942108738718
#50,0.15258199427690952,-0.011934844816200748,0.014338542813119083,-0.1287343165309267,-0.07829187761391151,0.05076161127008585,0.2635725291657495,0.332788906009245,1.0,0.24801452784503633,0.1542196786264583,0.15669821703720008,0.05490204710543694,0.3603830068236848,0.4826854501430773,0.16788025533788245,0.12044023772837333,-0.08553819062293638,0.33504732555580014,0.08565265243231344,0.15416024653312788,-0.10845916795069338,0.05304864626898525,0.09139335241030157,0.12261501210653752,0.08242791107197887,-0.29741360334580674,-0.3116486902927581,-0.009535549196566146,0.054807395993836674,-0.0387673343605547,0.015260840854061193,-0.019749064494827207,-0.057490644948272066,-0.021078582434514638,0.19938366718027736,-0.060638344706141316,0.17993616552938588,-0.09339863526304204,0.08280211314109619,0.029264802993616553,0.22578912612810917,0.07442879154743562,0.3409839313229144,-0.16630640545894784,-0.03603125687871451,-0.067706361435175,-0.13158705701078582,-0.14209112920977326,-0.33430772617213295,-0.13407660136473695,-0.2124719348448162,-0.20939687431212856,-0.40716266784063393,-0.18347567686550736,-0.16527624917455425,-0.17325115562403698,-0.0376337222099934,-0.20913493286374643,-0.14172353070658156,-0.06872551177635923,-0.12763592339863528,0.28623816861104995,0.15440898084965882,-0.3289522342064715,-0.1803477878054149,0.11140215716486902,0.18432533568126788,0.5170504072198987,0.41951573849878937,0.4008232445520581,0.3719392471934845,0.22174554259300022,0.20351749944970285,0.14110279550957516,-0.007290336781862206,0.06447061413163108,-0.18451904028175214,0.2314241690512877,0.29470173893902707,0.00986352630420427,0.17879154743561523,,0.25635923398635263,0.1373365617433414,0.01599603786044464,-0.13571868809156945,-0.25430552498349107,0.23953995157384989,-0.026900726392251818,-0.03397094430992736,0.1251023552718468,-0.017252916574950473,-0.11563944530046225,-0.15494166850099053,-0.08907329958177415,-0.08053048646268986,0.09598062953995157,-0.11589918556020251,0.05635263042042703,0.007664538850979529,0.014558661677305745,-0.13727712965001101,0.03301562843935725,0.17963240149680829,0.021879815100154083,-0.15927360774818403,-0.12436055469953775,-0.24713625357693153,-0.13029275808936827,-0.22643847677745982
#51,0.14772397094430992,0.1749240589918556,0.3410697776799472,0.45487563284173455,0.012069117323354611,-0.30709663218137795,0.23470834250495268,0.12784943869689633,0.24801452784503633,1.0,0.3697116442879155,0.1994320933303984,-0.3764076601364737,0.4118181818181818,-0.10770195905789126,-0.16313669381465992,0.4756614571868809,-0.18686550737398194,0.06333700198106977,-0.20293198327096632,0.06686550737398195,-0.24014747963900507,0.3963284173453665,0.0913779440898085,0.22985252036099493,-0.11385648250055029,0.15241030156284394,-0.07267224301122606,-0.3180871670702179,-0.275148580233326,-0.38007484041382344,-0.1615628439357253,0.10691833590138675,-0.1226832489544354,-0.0784041382346467,-0.10782522562183579,0.09035439137134052,-0.17358793748624257,0.30361435174994494,-0.0773035439137134,-0.2690204710543694,0.20305524983491086,-0.1603764032577592,0.03869689632401497,0.10292758089368259,0.051727933083865286,0.08101694915254237,-0.05268545014307726,0.04346687211093991,0.015478758529605988,0.326304204270306,0.36439357252916577,0.3656812678846577,0.2400594320933304,0.2945432533568127,-0.05276029055690073,-0.1825974025974026,-0.1651221659696236,0.09130310367598503,0.017162667840633944,0.2217939687431213,0.2756702619414484,-0.05235307065815541,0.09408540611930442,0.14852520360994936,0.28433193924719347,-0.03442659035879375,0.19424829407880256,0.024965881576051067,0.06040721989874532,0.26462909971384546,0.15577371780761612,0.0437310147479639,0.16766233766233765,-0.1365199207572089,-0.06414043583535109,0.059082104336341625,0.13875632841734536,0.30333259960378606,-0.14610609729253798,-0.31385208012326654,-0.12246973365617433,,-0.05350649350649351,-0.04561523222540172,-0.23360334580673564,-0.08870570107858243,-0.3845564604886639,0.10573409641206251,-0.24271626678406338,-0.13052388289676425,-0.082689852520361,0.14112480739599384,-0.2109046885318072,0.036440677966101696,0.3413449262601805,-0.17665419326436277,0.25379484921857803,0.09799031476997579,0.2198811358133392,0.22848778340303763,-0.0686352630420427,-0.32121725731895223,0.10244772176975567,0.06211314109619195,0.11522121945850759,-0.009817301342725071,0.28771516618974247,-0.0036341624477217696,0.3374025974025974,0.2270856262381686
#52,0.44434074400176093,0.19573629760070438,0.05197666740039621,0.25773717807616114,-0.17427690953114683,-0.538135593220339,0.19855381906229363,0.39020691173233546,0.1542196786264583,0.3697116442879155,1.0,0.10155183799251596,-0.21511776359233986,0.13700858463570328,0.029022672243011225,0.05130970724191063,-0.013649570768214835,-0.546748844375963,-0.06304864626898525,0.03815540391811578,0.26278450363196126,0.12243011226062074,0.005480959718247854,0.15273827867048206,-0.057583094871230464,-0.07237068016729034,0.01588597842835131,-0.07274928461369139,-0.5698987453224741,-0.5596324014968083,-0.6772243011226062,-0.2904820603125688,-0.3367554479418886,-0.19343825665859565,-0.2673299581774158,-0.24801452784503633,-0.2556504512436716,-0.1416861104996698,-0.19985692273827868,-0.019892141756548538,-0.11525863966541933,-0.16668060752806516,-0.1990909090909091,-0.18744001760950912,0.19858243451463792,0.19156724631300903,-0.16441338322694254,-0.17672022892361874,-0.10802773497688752,-0.012262821923838874,-0.022956196346026855,0.026070878274268103,-0.04481399955976227,-0.18782302443319393,0.10307506053268765,0.13338983050847458,0.2158793748624257,0.249537750385208,0.14828967642526963,0.11533568126788465,-0.1897886858903808,-0.14572749284613692,-0.2814571868809157,-0.15710543693594542,-0.09737178076161127,0.03599603786044464,-0.41396654193264365,-0.08242791107197887,0.06505172793308386,0.11346907329958178,-0.00710543693594541,0.2615760510675765,0.02563944530046225,0.08082764692934184,-0.006988773937926481,0.1423992956196346,0.09238168611049967,0.2892868148800352,-0.11364957076821483,-0.22799031476997578,0.1275941008144398,-0.042742681047765796,,0.3656570548095972,-0.07338762931983271,-0.4404028175214616,-0.17881135813339202,-0.060834250495267445,0.009079903147699757,-0.32091789566365836,-0.2853995157384988,0.04059872331058772,0.26086066475896985,0.03911512216596962,0.16695795729694035,0.00589918556020251,-0.44571868809156945,-0.12500770416024654,-0.08090688972044904,-0.18935945410521682,-0.26966762051507814,-0.38558661677305744,-0.5763702399295619,-0.3596522121945851,-0.28194805194805195,-0.41250275148580234,-0.42507814219678625,-0.015621835791327317,0.09027955095751707,0.18231785163988554,0.12422408100374202
#53,0.3442064714946071,-0.13772397094430994,0.06533788245652652,0.17460708782742682,0.5068258859784284,0.11570327977107638,-0.03570768214836011,0.43973365617433413,0.15669821703720008,0.1994320933303984,0.10155183799251596,1.0,0.33589478318291877,0.14790006603565925,0.00829407880255338,-0.28871230464450803,0.23102795509575172,-0.01173893902707462,-0.17825005502971605,-0.2925445740699978,0.04054149240589919,-0.37440457847237507,0.13774598283072859,0.08829848117983712,0.033409641206251374,-0.1512392692053709,0.05007704160246533,0.08176535329077703,0.04714505833149901,-0.1423794849218578,-0.022676645388509796,-0.08290997138454766,-0.13670702179176755,-0.17416244772176975,0.09497248514197666,0.033598943429451904,-0.031127008584635702,-0.15019590578912612,0.0007087827426810478,-0.23786924939467313,0.057433414043583535,0.012300242130750606,0.19474136033458067,0.1046665199207572,0.16357473035439138,-0.11113141096191943,0.008496588157605107,-0.040578912612810915,0.16706581554039182,0.16002421307506054,0.13966101694915253,0.18018930222320054,0.19747083425049528,-0.16260620735197007,0.033948932423508695,-0.41295839753466873,0.04819942769095312,-0.2054589478318292,0.11246092890160687,-0.010044023772837331,0.24029275808936826,0.052084525643847676,-0.029038080563504293,0.023713405238828967,0.010444640105657054,0.1371714725952014,-0.09777019590578913,-0.16536869909751264,-0.005571208452564385,-0.06010785824345146,0.12728153202729475,0.10590578912612811,0.2833678186220559,0.4142350869469514,0.1034272507153863,0.04637904468412943,0.12895443539511336,0.01218578032137354,0.16817081223860886,-0.25086946951353734,0.28216596962359675,0.39419766674003964,,0.3808056350429232,0.4667642526964561,0.07412502751485803,-0.0008892802113141097,0.25091349328637463,0.09567906669601585,0.32559982390490866,0.0648316090688972,0.3566916134712745,0.23895663658375524,0.02658155403918116,-0.057116442879154745,0.053033237948492185,-0.14178956636583756,-0.03993616552938587,-0.1401122606207352,-0.06670702179176756,0.06262821923838872,0.19421967862645828,-0.041853400836451685,-0.1727624917455426,-0.11069777679947171,-0.1553532907770196,-0.046788465771516616,0.005868368919216377,-0.17272066916134712,0.17742460928901607,0.04779440898084966
#54,-0.17857142857142858,-0.10616552938586837,-0.06377283733215937,-0.012284833810257538,0.38871890821043364,0.5130970724191063,-0.006306405458947832,-0.09733215936605767,0.05490204710543694,-0.3764076601364737,-0.21511776359233986,0.33589478318291877,1.0,-0.15420867268324895,-0.04552938586836892,-0.15711424169051288,0.134851419766674,0.34547435615232225,-0.2097886858903808,-0.1291503411842395,-0.15614791987673343,-0.22295839753466873,-0.2251221659696236,-0.08367598503191724,-0.2121681708122386,0.01436715826546335,-0.002769095311468193,0.030658155403918117,0.5172705260840854,0.17176755447941888,0.4376931543033238,0.10500550297160467,-0.05898305084745763,-0.15687211093990755,0.03332379484921858,0.10931763152102135,-0.038980849658815764,-0.12300242130750605,-0.2561193044243892,-0.17946070878274267,0.17386088487783402,-0.08550077041602465,0.14889060092449924,0.01195905789126128,-0.02485362095531587,-0.2792626018049747,0.012458727712965,0.014862425709883336,0.03159586176535329,0.11201628879594981,-0.07829187761391151,-0.0125049526744442,-0.06310587717367379,-0.19502531366938147,-0.1986748844375963,-0.25316751045564606,-0.05059432093330398,-0.12683469073299583,0.0014219678626458288,0.015403918115782523,0.07294298921417565,-0.14488883997358573,0.11951573849878934,0.026847897864847016,-0.05366718027734977,-0.10560422628219239,0.30241030156284393,0.03717587497248514,-0.08686330618534008,-0.14092449922958397,0.022942989214175653,-0.12268985252036099,0.05685009905348888,0.16974025974025975,0.0623464670922298,-0.03168831168831169,-0.08240149680827646,-0.18559542152762493,0.1213185119964781,0.03866387849438697,0.3051045564604887,0.32535549196566144,,0.16471494607087828,0.2968038740920097,0.33024653312788904,0.16687871450583314,0.36912612810917894,0.03146379044684129,0.37948932423508697,0.11785604226282193,0.1967752586396654,-0.059161347127448825,0.07049526744441999,0.10457847237508254,-0.13471714725952014,0.16619194364957077,-0.12488883997358574,-0.15045564604886638,-0.08592119744662118,-0.03644508034338543,0.4401584855822144,0.35594320933303986,0.05627999119524543,0.03464230684569668,-0.03708782742681048,0.1427294739159146,-0.058322694254897646,-0.11862205591019151,-0.2638498789346247,-0.1284437596302003
#58,0.021034558661677305,0.11714065595421527,0.09900726392251816,0.18949152542372882,-0.07643627558881796,-0.08202949592780101,0.4211270085846357,0.1342042703059652,0.3603830068236848,0.4118181818181818,0.13700858463570328,0.14790006603565925,-0.15420867268324895,1.0,0.20143517499449703,0.09586176535329077,0.10799031476997578,-0.024721549636803872,0.1720889280211314,0.06095971824785384,0.0007109839313229144,-0.10319392471934845,0.1535329077701959,0.05299581774158045,0.01513317191283293,0.007827426810477657,-0.1520427030596522,-0.1375280651551838,-0.08600924499229584,-0.049115122165969624,-0.13810697776799472,-0.054336341624477216,0.032489544353951134,0.08,0.06708122386088487,0.1183513097072419,-0.03619854721549637,0.15794408980849658,-0.04721769755668061,0.09464230684569667,-0.15409200968523,0.42780761611270085,-0.16663658375522783,0.30139995597622715,-0.02991635483160907,-0.020068236847897866,-0.2658221439577372,-0.2551463790446841,-0.10587937486242571,-0.10221659696235967,-0.0748051948051948,0.0007043803653973145,-0.009388069557561083,-0.18883777239709443,-0.08622055910191503,-0.11715386308606647,-0.07692493946731235,0.06367598503191724,-0.13505172793308387,-0.05928021131410962,0.10198987453224741,0.027790006603565925,0.3330398415144178,0.4803147699757869,-0.1460576711424169,-0.046253576931543035,0.39923178516398855,0.4782588597842835,0.1783711204050187,0.11001760950913493,0.09604006163328198,0.14106317411402158,0.10666519920757209,0.13591019150341185,0.14359013867488443,0.10471494607087828,0.08781862205591019,-0.014364957076821484,0.5264670922298041,0.26090688972044906,-0.33864406779661016,-0.01854061193044244,,0.09818842174774378,0.07468192824125028,-0.00225181598062954,-0.0575676865507374,-0.4991107197886859,0.3576579352850539,-0.2770019810697777,-0.06642967202289236,0.009639005062733876,0.17564604886638785,-0.07760730794629099,-0.019244992295839754,0.0512392692053709,-0.05274268104776579,-0.027006383447061414,-0.18397314549856922,-0.07695355491965661,-0.06676865507373982,-0.06774378164208672,-0.06297380585516178,0.0902377283733216,0.07441338322694255,-0.03139335241030156,-0.04018049746863306,0.13755888179616993,-0.022282632621615672,-0.13802553378824564,-0.04215276249174554
#101,0.08269865727492846,0.08290556900726392,-0.3215980629539952,-0.2386748844375963,-0.02441338322694255,-0.09508474576271186,0.0514505833149901,0.23234206471494606,0.4826854501430773,-0.10770195905789126,0.029022672243011225,0.00829407880255338,-0.04552938586836892,0.20143517499449703,1.0,0.621336121505613,-0.3273475676865507,-0.20460488663878496,0.4898084965881576,0.525130970724191,0.49446180937706363,0.25070878274268105,-0.27889500330178296,-0.023017829627999118,-0.22536429672022892,0.19724631300902487,-0.5455469953775038,-0.5079396874312129,-0.03192383887299142,-0.0007241910631741141,-0.11709443099273607,0.044725952014087605,-0.23848778340303764,0.25640986132511556,0.15510015408320493,0.14841074180057232,0.07544574069997799,0.5963570327977108,-0.12828527404798593,0.30798811358133393,0.2266255778120185,0.0821813779440898,0.08981950253136693,0.3642328857583095,-0.3515430332379485,0.016883116883116882,-0.2597974906449483,-0.32649130530486464,-0.4728593440457847,-0.5964758969843715,-0.4272463130090249,-0.6506427470834251,-0.6190887079022672,-0.6083623156504513,-0.32942548976447283,-0.014836011446180937,0.06291217257318953,0.28155403918115784,-0.35364957076821485,-0.35830068236847895,-0.3248822364076601,-0.39046445080343384,0.509603786044464,0.25756328417345364,-0.398564825005503,-0.22113581333920318,0.09434294519040282,0.18425269645608627,0.6875478758529606,0.5697446621175435,0.11088047545674665,0.3864560862865948,0.46834910851860007,0.1509024873431653,0.5449746863306185,0.34561963460268547,0.3349768875192604,0.0009707241910631741,0.09918115782522562,0.24134712744882236,0.20389390270746202,0.044265903587937486,,0.2232423508694695,0.12492846136913933,-0.17624477217697557,-0.296766453885098,-0.1385560202509355,0.29167730574510237,-0.17692493946731236,-0.0748051948051948,-0.1900264142637024,-0.15205150781421967,-0.2957517059211974,-0.308135593220339,-0.5640413823464671,-0.11439137134052388,-0.33372881355932205,-0.346220559101915,-0.20614791987673345,-0.36138014527845036,-0.2852674444199868,-0.09846797270526084,-0.17452564384767774,0.02679286814880035,-0.22523002421307506,-0.17170372000880477,-0.2148448162007484,0.037653532907770196,-0.4079506933744222,-0.44785163988553817
#102,0.07336561743341405,0.3885692273827867,-0.26220338983050845,-0.020488663878494386,-0.3461787365177196,-0.25976667400396214,0.06247413603345807,-0.057862645828747526,0.16788025533788245,-0.16313669381465992,0.05130970724191063,-0.28871230464450803,-0.15711424169051288,0.09586176535329077,0.621336121505613,1.0,-0.4503191723530707,-0.24144838212634823,0.18679506933744222,0.6702597402597402,0.21857362976007044,0.6717389390270746,-0.2743583535108959,0.2805679066696016,-0.36719128329297823,0.4303367818622056,-0.5948338102575391,-0.4044750165089148,-0.2277327756988774,-0.08493506493506493,-0.23940567906669602,0.05120184899845917,-0.22286594761171033,0.32497468633061855,-0.03068236847897865,0.06562843935725292,-0.09530926700418225,0.5667796610169491,-0.2565925599823905,0.44819722650231125,-0.14418886198547215,0.060873871890821045,-0.23928901606867709,0.09253576931543034,-0.24738718908210433,0.33129650011005946,-0.4232753686990975,-0.4307726172132952,-0.5477503852080123,-0.41364957076821485,-0.4710631741140216,-0.6080893682588597,-0.595610829848118,-0.4451375742901167,-0.300066035659256,0.35112920977327755,0.20565705480959717,0.6045432533568127,-0.2319436495707682,-0.2609685230024213,-0.37811138014527845,-0.4374950473255558,0.3072220999339643,0.1772969403477878,-0.42331939247193484,-0.30309707241910633,0.08410521681708122,0.2374290116662998,0.5016817081223861,0.5202377283733216,-0.117442218798151,0.3528703499889941,0.17900506273387629,-0.009093110279550957,0.33879154743561524,0.411798371120405,0.29207131851199647,0.20832049306625577,-0.1578252256218358,0.3078582434514638,0.008434954875632842,-0.2073695795729694,,0.03768434954875633,-0.13316530926700418,-0.3546290997138455,-0.17928681488003523,-0.28283953334800793,0.06438476777459828,-0.3268170812238609,-0.14350869469513539,-0.30906889720449043,-0.03528945630640546,-0.16529826106097292,-0.22208452564384767,-0.5555998239049087,-0.07607307946290998,-0.3765441338322694,-0.2867642526964561,-0.29057010785824344,-0.4950297160466652,-0.4605194805194805,-0.15569227382786704,-0.14602025093550516,-0.06763812458727712,-0.2286946951353731,-0.23635263042042703,-0.09640986132511556,0.07791987673343606,-0.4114637904468413,-0.4016024653312789
#201,-0.028067356372441118,-0.08244772176975566,0.7154633502091129,0.4011270085846357,0.30290336781862204,0.25284613691393354,0.13423508694695135,-0.1137706361435175,0.12044023772837333,0.4756614571868809,-0.013649570768214835,0.23102795509575172,0.134851419766674,0.10799031476997578,-0.3273475676865507,-0.4503191723530707,1.0,0.4373233546114902,-0.0876337222099934,-0.5073695795729694,-0.1164604886638785,-0.5190799031476998,0.30444199867928684,-0.23311468192824125,0.3390975126568347,-0.3030508474576271,0.23457186880915695,0.08212854941668501,0.17958837772397093,0.017875852960598723,0.26197886858903807,0.11786704820603126,0.5210279550957517,-0.12534008364516838,-0.08610829848117983,0.024158045344486023,0.29606647589698437,-0.38577591899625796,0.2308518600044024,-0.25478098173013425,-0.1711996478098173,0.005293858683689192,-0.003706801672903368,0.025558001320713186,0.09741800572309046,-0.11554699537750385,0.333680387409201,0.2571010345586617,0.15675324675324676,0.1508826766453885,0.5739555359894343,0.56148580233326,0.5916905128769535,0.41734096412062516,0.21058331499009464,-0.317805414924059,-0.46205591019150344,-0.5899845916795069,0.2530398415144178,0.11181377944089808,0.12222099933964341,0.21404138234646708,-0.055192604006163326,0.09293638564825006,0.3543979749064495,0.24476337222099934,0.19196346026854502,0.12056350429231785,-0.05607968302883557,-0.10710543693594542,0.47964560862865946,0.0735791327316751,-0.05692934184459608,0.030279550957517058,-0.46499889940567907,-0.539900946511116,-0.20922738278670483,-0.12432313449262601,0.37027294739159144,-0.10901606867708563,-0.2826964560862866,0.01362755888179617,,-0.24860004402377284,-0.026183138895003302,0.03526744441998679,-0.041835791327316754,-0.13322914373761832,-0.09684129429892142,0.04900726392251816,0.0029561963460268546,-0.00023552718467972705,0.07043363416244772,0.023319392471934843,0.04631961259079903,0.6363944530046225,0.14549856922738277,0.6715958617653532,0.45752586396654193,0.5211358133392032,0.6822936385648251,0.6492031697116443,0.2737574290116663,0.4666563944530046,0.4958199427690953,0.48937706361435174,0.4376601364736958,0.030101254677525863,-0.35541712524763375,0.24639225181598062,0.3483072859344046
