,#10,#11,#12,#13,#17,#18,#26,#49,#50,#51,#52,#53,#54,#58,#101,#102,#201,#202,#301,#302,#401,#402,#501,#502,#601,#602,#701,#702,#801,#802,#901,#902,#1001,#1002,#1101,#1102,#1201,#1202,#1301,#1302,#1401,#1402,#1501,#1502,#1601,#1602,#1701,#1702,#1801,#1802,#1901,#1902,#2001,#2002,#2101,#2102,#2201,#2202,#2301,#2302,#2401,#2402,#2501,#2502,#2601,#2602,#2701,#2702,#2801,#2802,#2901,#2902,#3001,#3002,#3101,#3102,#3201,#3202,#3301,#3302,#3401,#3402,#3455,#3501,#3502,#3601,#3602,#3701,#3702,#3801,#3802,#3901,#3902,#4001,#4002,#4101,#4102,#4201,#4202,#4301,#4302,#4401,#4402,#4501,#4502,#4601,#4602,#4701,#4702,#4801,#4802
#10,1.0,0.5657666376040207,0.4562668042197136,0.5812367905709213,0.349897519936823,0.4013027977741969,0.3518667804826834,0.7782011895903993,0.509461488950869,0.4409454641730612,0.5461552858257975,0.2333158348815659,0.29545390223082435,0.26991194474749736,-0.17616802165547527,-0.19998447963408456,0.311994960445891,0.20975044164570655,-0.11266507506835809,-0.03074493191580658,-0.24438002985388033,-0.11658624986876161,-0.03932404241624708,-0.0297571062734232,0.0731557012238265,0.1576230103119137,0.09016967411796391,0.1958852771070038,0.15379313178160106,0.18349819918107246,0.211258656027608,0.14662637457946656,0.07139094432296969,0.12773991518576508,0.060338617865767094,-0.07172052385799778,0.17256638380038983,0.061160284296585064,0.045084837058981954,0.02190836593370978,-0.08750656191941278,-0.11007773877398239,-0.06926648011795478,-0.20609585195396843,-0.09670648705647131,-0.07111888143809884,0.04758635485947221,0.12665531549708536,0.018572400224588826,-0.11672136834849613,-0.02376441910465748,-0.1965471750651627,-0.04687972172896876,-0.21846284470047977,-0.1566443142965394,0.030719368960181133,-0.13308622476228735,-0.2635832873047972,0.05994878279247901,-0.19633536771855187,-0.14654055608558111,-0.30999009435469516,0.15144225282676077,0.004667978289746973,0.24777442517585943,0.24924703401242543,0.1407560244126226,0.13151866780482682,-0.0028886139856756153,-0.03217919631893439,0.13116809012767783,0.13793588262951517,0.027833493862608243,0.2261992906279814,0.037562024403492995,-0.027821625347496427,-0.12023170993349067,-0.25171659811838387,0.020516097814823775,0.24417461324617581,0.09530874116137986,0.18324348258751888,-0.04370717634331049,0.08219311900012324,0.10117726540282197,0.04221539529002542,0.04692902171481784,-0.024142385662833745,0.10379838131713129,0.06509424057480132,0.13758165310156253,0.12276974624201728,0.045162438888559205,0.10767299501978847,-0.04955470244263171,0.22116977910867452,0.36342214938808676,0.03966366454098518,0.03633226364536877,0.03512989176827181,0.018134178128152573,0.35020518836702924,0.1407560244126226,0.16323955684790498,-0.00853528829079688,0.030236411691400348,-0.141022609521288,-0.24098106971839667,-0.3561020144521996,-0.1969360971757499,-0.23699050975272407
#11,0.5657666376040207,1.0,0.2867360213998457,0.32938324804740104,0.26326009850867543,0.3072758562448931,0.5476908890887263,0.6215806123240835,0.5677943277627393,0.4561362505534836,0.573626333496145,0.17437222402278754,0.2559956542975437,0.3089420131740518,0.07802818315857706,0.07959391419063575,0.3102365942839405,0.24164935841546192,0.06637695316957826,0.16298118840354778,-0.022919928606316788,0.13047149958688437,0.04995549306833069,0.06483313324234138,0.18046259820055052,0.2717707368065478,0.1352152537808068,0.06106351025028872,0.10427586080970662,0.2135593220338983,0.22809642712046999,0.292973382572455,0.05922023855715375,0.1803046556532933,0.01896588714868054,0.0552251137779766,0.21393272377857003,0.11293713795322892,0.09024271113403662,0.06787421199906878,0.047000232805488734,0.09863192539268809,-0.057086644725129754,-0.11550347610548371,-0.12004363961710345,-0.08156317473649614,0.05530362857025476,0.04857235457645378,-0.16902043667005984,-0.21999753500070754,-0.09812157924288004,-0.3251735770335103,-0.20936973619942756,-0.20574070946331488,-0.07619860590595572,0.053202901395463485,-0.31947760274253995,-0.2324284351362825,-0.04571752021071179,-0.26037970118730797,-0.13254118602984474,-0.2641876686127988,0.08445817946107811,-0.026869405250448494,0.19833384307084134,0.24082312717113943,0.13065409212706613,0.12116475781381951,0.1830481085695244,0.08635714187896854,0.2189293686406442,0.22061652371192375,0.12026822844152703,0.12187321686972478,0.039896470029716934,0.020023097956332996,-0.23732648002665852,-0.28473754604755624,0.14337531440153012,0.3990925150752966,0.09709997398056303,0.11606494816654266,-0.19510012918422218,0.008514290148675975,0.1263695581717009,-0.09406985077624654,-0.08473115530864987,-0.07131060360528971,0.13555487590554488,0.003504863808789092,0.10833215408984466,0.009238269570496697,0.005476863242752217,0.006548681453619212,-0.0988711216203262,0.2450884889097856,0.46792533791031965,0.02522242053800892,0.011727005893174235,0.055439660012690184,-0.20554898729612403,0.2247367243811254,0.22483075953931903,0.13998913574385918,-0.07621686515997389,0.03293695536068874,-0.2300565580393213,-0.2592759292819092,-0.17860289317879918,-0.13099462721450514,-0.2421916582598018
#12,0.4562668042197136,0.2867360213998457,1.0,0.6569049651476488,0.07043142052431448,0.2465519681193425,0.49789059967955007,0.3132128526889034,0.2909959053622864,0.6233234581201185,0.45151848521228666,0.11024572391094963,0.16024321326352212,0.015732173262061378,-0.1673570186290039,-0.13797240113755152,0.6196716073164831,0.5539720724709792,-0.26707810852387626,-0.286252151168364,-0.30451140518654113,-0.3128531453847453,0.027969525305043662,0.05397618080313329,0.08420072397942183,-0.08244966151907863,0.07654370580689926,0.2125587149137022,0.11783609580630583,0.06503307207384042,0.3458156637010595,0.13970794323197927,0.42593818329552147,0.1116151679623129,-0.13958195437925383,-0.23041809126888121,-0.017404720930126398,-0.23496373255670638,-0.23361437368476312,-0.2165483619166739,0.04367796153688141,-0.015798819539227724,-0.09598068170924877,-0.141743850055006,-0.03002003953128495,-0.1014785430941219,0.15779556026238548,0.1162238036765008,0.17776661934476667,-0.07167944053645689,0.2596922402735236,0.18864091807529204,0.33740362537488533,0.20270510848279294,-0.05428841404684412,-0.035431169459571726,-0.20659615551406646,-0.4405620198386795,0.12296238137190905,-0.07060762232558988,-0.21561531403634504,-0.12724782828997522,-0.0890960299816951,0.13195688990126309,0.26665358086795365,0.15416105575006733,-0.07943688460607942,0.17644191046574792,-0.00984082495309654,-3.743147073726303e-05,0.20873614008499683,0.18071457590600137,-0.10406131457499304,0.1556537497660533,-0.19215856336189385,-0.058695285004131154,-0.13665590892284096,-0.09233156979371608,0.2293252749158933,0.1762337549699407,-0.02298201006997859,0.059212021892845565,-0.08466177014338079,-0.06467245180698143,-0.0491210451597,-0.01938950184190225,0.18714639813390424,-0.025785718524469682,0.15463579635453994,-0.04745397526784043,-0.038910470312735375,-0.07585624489311489,-0.16218599789105617,0.2631450652083609,0.25478597871883946,0.508378715187591,0.26170623599172854,0.5147338485486176,0.5715447785380728,0.40666736660473735,0.43121693363217645,0.5554948942560952,0.2767527742654074,0.38541633381568197,0.4071457590600136,0.3665125281306632,0.2407382216399549,-0.28672141399663115,-0.1918445041927812,-0.05476406761401763,0.05633710234768358
#13,0.5812367905709213,0.32938324804740104,0.6569049651476488,1.0,0.25534379892909476,0.3574769362797683,0.4700808428471655,0.3360597442791475,0.2134159868898556,0.6963513445658177,0.5495971552082239,0.2695184578234056,0.416507278595133,0.1563220384631186,0.05088032428435136,-0.03302642570537781,0.5049843198656119,0.16978549941342147,0.018356941027174334,-0.0964782463812441,-0.03665910429229414,-0.14583118406697496,0.14134853720551246,-0.001961956844253128,0.08829718761839984,0.040774740147991255,0.194040179488467,0.28131393591914805,0.16206183496373255,0.07005710581694184,0.24933559139441358,0.08746821748597461,0.1519626415662788,0.10381664057114946,0.05319468473115531,-0.15491242405291533,0.234296356822342,-0.04823821022792114,0.0010791219124742658,-0.09429170071256739,-0.018819813116535123,-0.05677806333222256,0.07012740394491183,-0.09387538972095295,0.0697530892375392,-0.00851885496218052,0.1681905535749337,0.26714840665184625,0.014421158823556263,-0.10631085467003246,0.08765902669046456,-0.032579073981932466,0.1363820201125683,-0.03219380372214893,0.06259911351321741,0.034048943930395724,-0.05396613821342329,-0.30277403716671153,0.0713507739641297,-0.09730995540177206,-0.29956314734761513,-0.3456065952425514,0.12323079240597626,0.12717844312470614,0.17151738965704555,0.15873408591891977,0.10430324969073389,0.1490840701703132,0.0768577649760119,0.1040777479036094,0.08719706756380469,0.10927707048528533,-0.0031798490872655396,0.26349929473631356,0.0810646971017999,0.013068148100809342,-0.09733369243199569,-0.18165218859983476,0.24109245116790753,0.1671899464547376,0.1931847334377154,0.2875321248750382,0.08119525076802987,0.04518708888148375,0.06702424372452263,-0.21436455513609992,-0.0555756914551256,0.06953032633851744,0.1670995631473476,0.13101288646852333,0.12800558733172956,0.057197113211939724,-0.007594936708860759,0.05042749478470057,-0.02444092446603094,0.28317090205279666,0.20371393226729723,0.07583524675099398,0.1576230103119137,0.08860485604860613,0.18075474626484134,0.3381458640507242,0.11432940607211492,0.05459699543975131,0.05291896999548083,0.01250393715164767,0.040513632815531324,-0.24697010503635874,-0.21854135949275794,-0.1873509017789078,-0.0624740376231929
#17,0.349897519936823,0.26326009850867543,0.07043142052431448,0.25534379892909476,1.0,0.5148415781473248,0.15585003674674872,0.2743389008842044,0.2810555674747908,0.30832941520174195,0.23442508456317018,0.6751660450912278,0.4427777803137853,0.4305431671589057,-0.04118557336340024,0.022124738093825178,0.17123711010786655,0.0470687050080569,-0.14033514860750365,0.014645747647979842,-0.25911707377195103,0.010446119223799111,0.3813582146101421,0.11817480496834303,0.2106816636006336,0.2742631249800289,-0.05596826541651641,0.0275714735674474,0.3215317688195849,0.45459334358894765,0.42638462205626587,0.29990003058425047,0.03470810300045191,0.14907950535680864,0.3556993979010987,0.2965311982178968,0.27955922160800123,0.32036408952512246,0.11626762588614442,0.23967370713069516,0.04759731041188312,-0.04492141673551927,0.21529851597912966,-0.06801480825500875,0.3616035276878763,0.20535543920353133,-0.17359985757781865,-0.13720733839418991,-0.3726585930331816,-0.21594763245947587,-0.1660259190110788,-0.1356297388470194,-0.3674510537871975,-0.34180136670516326,-0.24817430283885752,-0.1516851009052025,-0.15062697713484915,0.027585168007961035,0.057332231691674236,0.01094094500769171,0.020628392227035563,-0.14593617477757947,0.6050715078035487,0.3463406172540821,-0.07645971323841565,0.07498162662564421,0.5331638265918646,0.31218485668768003,-0.08683279544614204,0.13660752189969277,-0.1756868903120963,-0.1287615204480821,-0.20813267173969607,0.04165483619166739,0.10042041932376852,-0.1256693157801038,0.019655173987866727,-0.16387680481313935,0.19223160037796655,0.3770992436104023,0.27953274568967484,0.4833617112572866,-0.3564964143389922,0.4217330770951353,0.6158472065623759,0.1165643387639398,0.0602774493648062,0.23059520603285752,0.2551228619554748,0.3975742581036852,0.5732839724833042,0.44604436085763716,0.4861982863690104,-0.02169929747520165,-0.1302469107624608,0.002016734606307659,0.044186481761287644,-0.0928391770554214,-0.15053111605125372,-0.2948285227807018,-0.24146311402447654,0.2945308969402055,0.47410244354466896,0.029752541459918656,-0.26659606421779636,-0.22762533836680102,-0.31119703104529667,0.03254894621280248,-0.23259002953434338,-0.14134853720551246,-0.04463383348473298
#18,0.4013027977741969,0.3072758562448931,0.2465519681193425,0.3574769362797683,0.5148415781473248,1.0,0.40926291956342126,0.3269967635472253,0.2841377295530591,0.4637339261504471,0.35542916094162974,0.4925068586322906,0.7162831462520599,0.2877338896319391,0.13133424933924326,0.08794021920234449,0.34355425509090826,0.12508867150232578,0.0044351728010152145,0.06773087685502609,-0.13079560134570703,-0.0138578608370955,0.18998206028292713,-0.10122839131407287,0.12080413754696052,0.01129973934914889,-0.07671808168277285,-0.008006682886970653,0.3786613227916574,0.3501549754184793,0.2111034523684535,0.09228957350947427,0.08966480574436131,0.01752249311854364,0.11761059401918135,0.057964001880703164,0.2625762894456947,0.024782372516170853,-6.39073890636198e-05,0.05692231143896616,-0.11200226414749825,-0.08225611342648596,-0.11649495359867072,0.07581333564617218,0.07306623087913744,-0.038443946372570946,-0.1020153651622563,-0.14663367828107382,-0.12791155217353595,-0.1761625438792698,-0.1910200988738605,-0.18239168838757092,-0.1271830079382107,-0.13170491219581223,-0.0695458467044329,-0.009748615720304747,-0.030480172732543012,-0.12599615642702916,-0.1266900080797199,-0.1600980521940776,-0.17277636522159887,-0.2064546462954256,0.24744941045433588,0.25837757398421485,-0.10979472033670064,0.055101863813353906,0.341983959245345,0.2224241898597233,0.1788411764437364,0.282285328232915,0.20332683608211186,0.14472193438537068,0.024069348646761038,0.09627009088543688,0.09628561125135232,0.07569556345775494,-0.033022773854574174,-0.08602117160503407,0.2925716789840551,0.19514760324466943,0.5289705889065902,0.5017241300606664,-0.1439815216349336,0.3164191776944953,0.1058105511099344,-0.17049761032013036,-0.07309270679746378,-0.08356530193958926,0.12027005436692884,-0.003318619417803686,0.15176909347368614,0.1472700132836073,0.04110066783221571,0.010905339462356266,-0.19197962267251573,0.15189234343830882,0.023854802412047457,-0.11603390743471176,-0.11943560645829815,-0.05830636289354398,-0.17391665563503403,0.3987665873910721,0.14303843116489476,-0.1046456107035747,-0.21280065002944304,-0.16553200618988712,-0.2506082613994805,-0.12545933435889478,-0.1404556596840236,-0.08998890750318396,0.05774306490708322
#26,0.3518667804826834,0.5476908890887263,0.49789059967955007,0.4700808428471655,0.15585003674674872,0.40926291956342126,1.0,0.4594767810761091,0.33493406126892683,0.7018364244728782,0.6527564626347191,0.3061401306449625,0.2936873194045657,0.4335331200043822,0.13043589404154893,0.10998918139199423,0.4892603632678587,0.3017460411654882,0.08333706126436205,-0.09481117648938453,-0.00028027954917901826,-0.05260125897556455,0.09975030470130143,0.03512715288016908,0.20227601601336578,0.012857253716899397,0.0544007084590559,-0.12854058347446215,0.09048647217517929,0.12939602952521376,0.2164780637887039,0.22269168793108957,0.12893498336125478,-0.01866917427088516,-0.16178155541455355,-0.12366171080080524,0.07895575326270045,-0.13566717031775666,-0.18027270195876147,-0.09927830298493155,0.004804009732182392,0.049945450478620694,-0.15877151738965706,0.022778419387675917,-0.05009426339886884,-0.01584172878617044,0.02561864635020336,-0.047915021431799404,-0.14812272044625616,-0.2962299205265969,0.01082134689387265,-0.27589367636385215,0.058606727622142994,-0.16703382983288217,0.0539780067285351,-0.15601893484641685,-0.2515997388926675,-0.42472668179141543,0.02671420159129399,-0.21328817211172837,-0.28016360291600284,-0.23069289304185478,0.05931609964074918,0.1844294211359995,-0.0045931153482724465,0.08712129165962924,0.12211606494816654,0.32334217385548714,0.3373077642912899,0.27562435236708405,0.342364664691624,0.3233668238484117,0.2321490685498044,0.2135894498030283,-0.005949777921823004,0.06495273135616045,-0.23893055549215536,-0.23699233567812586,0.37413667964595304,0.27380116585336906,-0.04739280676687954,0.13778706970926702,-0.06657141422487184,0.01627447310640124,0.1762447105223516,-0.15141668987113532,-0.02381189316510474,-0.11568880753376821,0.06414019455235156,-0.13579589805858483,0.031269885468829174,0.028439701096011724,-0.08681544915482478,0.14635431169459573,0.04303067098193703,0.4137035701406419,0.35411084280151733,0.16954447726038152,0.03026562649782943,0.25667763743512256,-0.058690720190626613,0.32932755732264557,0.09224666426253156,0.1180597716680285,0.05525798043520932,0.11072685525432858,-0.10486654767719465,-0.3370110514134945,-0.22984566365541137,-0.057659985301300516,0.058568383188704824
#49,0.7782011895903993,0.6215806123240835,0.3132128526889034,0.3360597442791475,0.2743389008842044,0.3269967635472253,0.4594767810761091,1.0,0.5604760187522538,0.4400808884953005,0.532879895191882,0.2559445283862928,0.2761849114654421,0.3583652489877526,-0.0640817649394934,-0.12012398033478343,0.27582063934777945,0.297941725590801,0.0710211944291016,0.060855354754481505,-0.1266580543851881,-0.0823839282046132,-0.12302628876097267,-0.030843531887504737,0.09921804744667156,0.12405611068759786,0.023736117260929303,-0.03858089077770728,0.16267808478684603,0.21758822643300907,0.12750984858513606,0.1447648436323134,0.0735364066701055,0.08036445471020282,-0.08099531193653084,0.02016095532417023,0.11533549096851649,0.024079391236471032,-0.04940132470887902,-0.05083832800010955,-0.010980202403830791,-0.0168688118246929,-0.19079185819863329,-0.13328342470568366,-0.18373191763250513,-0.1297904294120064,0.03422605869437204,-0.014626575431260756,-0.10176156153140363,-0.25585779692970645,0.014882204987515236,-0.2326028110121561,-0.11614802777232536,-0.2542738066436296,-0.18247659391875545,-0.06190069704702214,-0.2780309220466798,-0.3976902043667006,0.03536269725700356,-0.30078012662792664,-0.0886824578781834,-0.2576271186440678,0.12338051828892531,0.0008718793793679559,0.2283127992805854,0.1177192365805895,0.15399854838930555,0.12444777168628776,0.19828545604769318,0.08490096637101892,0.336465099718351,0.2581210314652595,0.14032419305509272,0.2178575504297772,0.03674583574888048,-0.08742165638822826,-0.17100978239534023,-0.34283940529609663,0.09010759265430211,0.23630122291353786,0.020291508990400196,0.04596402013995718,-0.13040302738431622,0.05199687766756289,0.09115658679764638,0.06420684082951791,-0.007197797933965408,-0.14973227368795847,0.011138144951088023,-0.1341133078008098,-0.007614108925579845,0.035369087995909924,-0.07329629747976646,0.10916842792387717,-0.06763318984602884,0.27608996334454755,0.3878155997936704,0.09424057480131649,0.009680143517736583,0.12055672465501421,-0.05530271560755386,0.25466090282881493,0.11727371078254598,0.2016908069220832,0.0721030552296786,0.11471558929459937,-0.14635431169459573,-0.2808072416201436,-0.40031314620641173,-0.11279562873458805,-0.15401863356872555
#50,0.509461488950869,0.5677943277627393,0.2909959053622864,0.2134159868898556,0.2810555674747908,0.2841377295530591,0.33493406126892683,0.5604760187522538,1.0,0.27212040152099587,0.37915432265014815,0.2064966425796674,0.1309069827952179,0.249822200513998,0.0011366385626315238,-0.07378655845015451,0.30789119310530566,0.32240821301245737,-0.10027160640352038,0.06322084111253634,-0.1760584661313662,-0.08531453847453062,0.10955735003446435,0.06136296201618683,0.1202253191945843,0.13653448488362008,-0.11113951439513939,-0.07630450957926115,0.2251165168647035,0.2759091967297676,0.2444183742873185,0.32446694390300684,0.14398699941113907,0.1963600177114764,0.1897501677568963,0.06909210424208119,0.28110851931144354,0.061197715767322323,0.16183542021390715,0.07366148256013001,0.19156239871820036,0.013422377628761977,-0.002400178940689378,-0.12826852058959132,0.020534357068841953,0.059890353179620846,-0.13737349760575532,-0.03213720003469258,-0.1652535525661099,-0.19966676861416827,-0.1201942784627534,-0.16384576408130846,-0.22660921088068947,-0.30132151350956554,-0.16696809651841674,-0.022828632336225903,-0.19550274573532297,-0.27767486659332535,-0.07167304979755051,-0.0821885541866187,0.010743745064295398,-0.059096988592531055,0.15690907347980299,0.09976217321641324,-0.0039230007258053475,0.10188937630953088,0.18895406428170378,0.18330191220037706,0.08347126678139564,0.07580329305646218,0.09118397567867365,0.0857454568693596,-0.1488174850616478,-0.06047099745739888,-0.030285711677249427,-0.04431338357671397,-0.12282178511596908,-0.26621992358502194,0.17959802252278984,0.29929838816435156,-0.01071818210866995,0.054036436341393275,-0.3293485554647665,0.021041051367846366,0.16497966375583725,-0.04613383120232623,0.019670694353782176,0.04151332697302652,0.03658789320162325,0.036939383841473154,0.18630282059826445,0.16224077565311068,0.13312183030762278,-0.006441864817612876,-0.03870870555583451,0.19002405656716895,0.23610128408203881,0.1388762342114513,0.036973163461406784,-0.00929213436985032,-0.13208561764209123,0.2979983292782573,0.3808533462365395,0.27446945455043437,0.04162744731064012,0.07933463278357762,-0.2375209410819521,-0.07683767979659191,-0.18983872513888445,-0.053235768052696204,-0.09957045104922238
#51,0.4409454641730612,0.4561362505534836,0.6233234581201185,0.6963513445658177,0.30832941520174195,0.4637339261504471,0.7018364244728782,0.4400808884953005,0.27212040152099587,1.0,0.7471905855286283,0.3634677975231322,0.47500171180506423,0.2639694705272816,0.21393911451747638,0.134391761424587,0.7610776611721528,0.4253045871810907,0.15598698115188503,-0.10452692555245656,0.022414147270013285,-0.06380787612922074,0.18295863822483532,0.005915998301889376,0.2133210387689611,0.039437249791159784,0.2023280548873176,0.07791406282096346,0.21596954356429768,0.18096929249955493,0.35223105260034604,0.126739308065569,0.2684082951791005,0.029474087836141454,-0.10344323882647774,-0.018955844558970543,0.1427636293919212,-0.057086644725129754,-0.1055001437916254,-0.13661391263859915,-0.0004583072758562449,0.14248152391734037,-0.09657958524104497,0.08514290148675976,0.1010056284150511,-0.06658328273998365,0.11846969192073657,0.005783618710257592,-0.07638028548343657,-0.2747451692861088,0.1729543929482761,-0.10705035445776863,0.15178917865310612,-0.0177452560175654,0.10769855797541392,-0.02802612899250001,-0.27847827377012513,-0.5059529732912762,-0.05015451893712882,-0.2209095847389155,-0.32868757046930847,-0.34280288678806026,0.1603116854660903,0.27363865849260727,0.2044433894653234,0.12468422902582316,0.21581433990514318,0.2916021125956899,0.34884943875617963,0.37273436893735706,0.3784604709974574,0.36407035290573203,0.040769262371785804,0.16204266274701348,-0.09473996539871364,-0.09518549119675716,-0.22657908311155947,-0.23918618504840986,0.44281521178452254,0.35276057096687313,0.13629346273058013,0.28924484290194324,-0.10528103274340726,0.17540204594941275,0.09873052536438624,-0.23465789005190194,-0.07810395906275248,-0.18940324193055091,0.1593649431452478,-0.03706628565689949,0.12237443339252375,-0.036507552483943266,-0.14914158682047046,0.010844170961395371,-0.08338636125021112,0.5549690277403717,0.2942433136894192,0.2588879201340229,0.25289979777876176,0.22050331633701106,0.1393811025850539,0.5376994252899798,0.16058831316446567,0.18356210657013608,0.11002843878813331,0.1300816645135963,0.011622928145270625,-0.36449396759895375,-0.2379637279918929,-0.18968260851702903,-0.04703127353731963
#52,0.5461552858257975,0.573626333496145,0.45151848521228666,0.5495971552082239,0.23442508456317018,0.35542916094162974,0.6527564626347191,0.532879895191882,0.37915432265014815,0.7471905855286283,1.0,0.25605408391040185,0.3689857440874253,0.2737975140025654,0.09147338485486176,0.06858723586847859,0.5554592887107597,0.3498226569953485,0.15326635230317665,-0.04798349363436757,0.06883008394692035,0.07717365007052637,0.12065075981320783,0.03007573025604039,0.22972697850429322,0.12717113942309888,0.1278759466282005,-0.0652156646140222,0.19545983648838028,0.12594320459037647,0.2560212172531691,0.13082755504023882,0.10602053253114344,-0.00094035158193612,-0.08438788133310814,-0.07947249015141486,0.11936622129302907,-0.020143609032852963,-0.08400717588682914,-0.06097312694289875,-0.029097947203367006,0.1714799581863083,-0.14087653548914258,0.0040261655110080475,-0.04957113577124807,-0.022054439965855197,-0.08601204197802499,-0.08914532996754418,-0.09966996398362145,-0.23523670840427816,0.02220873066230879,-0.2983689921348263,0.072990454974962,-0.11259021212688355,0.12040334692126153,0.01876777424258332,-0.23357876813942766,-0.3518786489977952,0.044414722436514856,-0.28277924105410673,-0.15932020797290328,-0.3020108003487518,0.047864808483249414,0.09481117648938453,0.11478406149716754,0.13686223849324636,0.12292038508766724,0.18335395107432886,0.2457713850100654,0.20590047793597394,0.2461822182254744,0.21634842308517485,0.0819813116535124,0.1358360684174248,-0.12336682384841167,-0.12667357475110355,-0.1658716283146252,-0.11473110966051482,0.29422961924890556,0.3305847069617971,0.11367115996475964,0.23349203668284133,-0.046262558943154376,0.06065998073648701,0.0131256647509666,-0.08940095952379866,0.0007121109067089064,-0.06405985383467158,0.06551237749181757,-0.08220498751523507,0.01731707651083915,-0.03261559248996882,-0.12214162790379199,0.12111363190256862,0.03101699480067742,0.5638439381559066,0.3996503352855519,0.1736957186614141,0.06104159914546691,0.046650568091040644,-0.10684676377546595,0.35789781208488725,0.08797034697147448,0.13469303911588693,-0.04683407359392332,-0.005385566972661332,-0.16413608622019749,-0.24442750391432758,-0.18506484317583205,-0.0251585131489453,-0.03525588062099723
#53,0.2333158348815659,0.17437222402278754,0.11024572391094963,0.2695184578234056,0.6751660450912278,0.4925068586322906,0.3061401306449625,0.2559445283862928,0.2064966425796674,0.3634677975231322,0.25605408391040185,1.0,0.42325681184295216,0.47931728649226035,0.027019131133397545,-0.1314940178119023,0.2501691263403434,0.08430388876462452,-0.027593384672269215,-0.13110600866401603,-0.12221831677066833,-0.14679070786563014,0.34243861467039766,0.036918385699352255,0.25056535215253783,0.10252297242396162,0.0018323161407240707,-0.09500655050737902,0.3765304678477361,0.32439390688693415,0.3787681394276637,0.1677459407395911,-0.011256830102206175,-0.07171778496989506,0.28902938370452874,0.10767938575869483,0.3036933906065268,0.03836269269219006,0.059773493953904515,0.005827440919901217,0.06717853442097622,-0.03610584889554337,0.22195766591955884,-0.11902568620559006,0.35102868072324905,0.18202376441910464,-0.10221439103105442,-0.08631788448282945,-0.3372958957761781,-0.24174978431256192,-0.08021655475265559,-0.1832553511026307,-0.24813778433082118,-0.3131096879037007,-0.10844536146475736,-0.19963390195693556,-0.13497331866506593,-0.22027507566178384,-0.025856929615140575,0.008704186390465017,-0.06889033948518034,-0.1422487184286086,0.4360519840961897,0.3213747392350286,-0.10569551780961989,0.04195702684566822,0.5141221635390086,0.36442184354558194,0.09278257336796505,0.2674624658209589,0.007261705323029027,0.021028269890033643,-0.051799677724166576,0.1573427307627347,0.1485271629227588,-0.021202645765907233,-0.011150013466199838,-0.18475991363372848,0.3373342402096162,0.20455385795213338,0.2861170326886295,0.47033738536612085,-0.23412380687187026,0.600711197944008,0.6586898072279257,0.05914811450378195,0.003711193379194493,0.027776890175151895,0.05047588180784874,0.49073936284333103,0.48471654790543534,0.5184103493451775,0.35716561599875835,-0.09218275687346793,-0.1429270497153839,0.0772795537438318,0.06789064532768514,-0.08872993193863064,-0.17011416598574866,-0.10893562243514542,-0.20419049879717163,0.3196629341708245,0.20902098444768039,0.02491292618240082,-0.1678819721820265,-0.21417100704350725,-0.27194693860782315,0.006042900117315707,-0.1399790931541492,-0.16496049153911818,-0.0404387698740568
#54,0.29545390223082435,0.2559956542975437,0.16024321326352212,0.416507278595133,0.4427777803137853,0.7162831462520599,0.2936873194045657,0.2761849114654421,0.1309069827952179,0.47500171180506423,0.3689857440874253,0.42325681184295216,1.0,0.31517846138396016,0.09916600857271976,0.07336933449583917,0.24097285305408847,0.0866118584725221,0.1648600656420182,0.21094733574659807,0.001102858942697896,0.13941579516768843,0.1871737870149315,0.0436560504320596,0.1261002341749328,0.19476963668649316,0.08006591590700562,0.16242336819329245,0.47812039239136883,0.25378993641214787,0.2036609804306445,-0.14103082618559618,-0.010269004459822794,0.10668790826550781,0.20322001944610554,0.07683585387119009,0.2590988145179329,0.1902358639137798,-0.075444498715005,0.18785668311521134,-0.05416516408222142,-0.07462831006039249,0.0635860261928999,0.035337134301378116,0.11869245481975833,-0.02918285273455153,0.030470130142833014,0.004363961710344324,-0.13283242113143467,-0.10242163356416073,0.011715137378062419,-0.021711165990313464,-0.010891645021842632,0.04476803900176658,0.021575134547878048,0.11266963988186263,-0.07936932536621216,-0.03393756248088484,-0.13606613501805384,-0.19253105214386465,-0.1815554145535384,-0.26575979038376385,0.2796961660131375,0.0841669443594882,-0.06706897889686717,-0.03293786832338965,0.306194908407017,0.057459133507100565,0.17166985442809735,0.18769965353065501,0.17697508068307868,0.10116357096230834,0.04353371343013781,0.14650129868944203,0.08576006427257414,0.011192922713142555,-0.10370525912163858,-0.149126066454555,0.25064569287021776,0.24341594124172056,0.7184121752705793,0.510812673748214,0.00467802087945697,0.2905576832658502,0.02694335522922211,-0.35611114407920863,-0.3596926967548741,0.16098819082746374,0.16300036062026685,0.17623558089534253,0.20707911278284727,0.027229112554606583,-0.015630834402260495,-0.24360766340891143,-0.46375035947906346,0.10515230500257912,-0.05716881136821155,-0.14887408874910416,-0.03983712745415786,-0.12038143581643972,-0.08339001310101476,0.2627342319929519,0.06863470992892585,-0.17598451615259258,-0.12366079783810432,-0.16811751655886098,-0.03828326493721099,-0.12728525976071248,-0.15306002273277125,-0.20755476635002076,-0.08295818174348488
#58,0.26991194474749736,0.3089420131740518,0.015732173262061378,0.1563220384631186,0.4305431671589057,0.2877338896319391,0.4335331200043822,0.3583652489877526,0.249822200513998,0.2639694705272816,0.2737975140025654,0.47931728649226035,0.31517846138396016,1.0,0.17761050272291126,0.09646455194073046,0.023019441540715856,-0.05677441148141893,0.043864205927866814,0.1713037563850329,0.01642602491475211,0.1096039111322107,0.008129932851593347,-0.12075940237461598,0.1374346661067162,0.1335664431429654,-0.19052709901536974,-0.22220233992340244,0.2390373721281617,0.3297219572094382,0.190083399142728,0.23809428165812285,-0.12510693075634394,0.22811651229989,0.22213021587003062,0.21806753185098623,0.4122063113111514,0.42403739495222925,0.015480195556610534,0.24024978659496865,-0.013782084932920066,-0.15639781436729402,0.12779743183592235,0.011182880123432557,-0.06895698576234668,0.17731378984511587,-0.18948632153633363,-0.2547056380011595,-0.47303336422190473,-0.41359310165383195,-0.3085083558911201,-0.43423792720948384,-0.3809975943432831,-0.5181145494300831,-0.10699009891950864,-0.3236827089429261,-0.1475092095112454,-0.053852930838510595,-0.19005235841089713,-0.35330560969931574,-0.09194356064582981,-0.251655429617423,0.6885190375547207,0.37800216372160117,-0.12570492132543926,0.042439984114449006,0.7604623243117402,0.4899806908388758,0.2574472649919888,0.27122113326060066,0.100746347007993,0.16970424573304058,0.2331378071548887,0.1384854861754623,0.35728612707527835,0.11532270949070375,-0.1047588180784874,-0.39759982105931063,0.38443581187490583,0.358301341598689,0.11735496446292687,0.24776620851155126,-0.072629834708103,0.17124715269757654,0.4725266699229003,-0.08502056448483797,-0.23942538127604795,0.05389310119735058,0.009764136086220197,0.18787220348112676,0.2692153542067039,0.1995480834630501,0.14829161854592432,-0.19646683434748274,-0.2756499153227095,0.06945455043434201,0.10167756896292002,-0.16035915952653754,-0.3015716652896146,-0.10253210205097071,-0.35384151880474923,0.02998717287405223,0.20586578535333938,-0.09324727138272766,-0.20645738518352832,-0.17740052130170222,-0.2300976413608622,-0.07135625174033515,-0.22062747926433465,-0.2129403333226821,-0.17061720843394942
#101,-0.17616802165547527,0.07802818315857706,-0.1673570186290039,0.05088032428435136,-0.04118557336340024,0.13133424933924326,0.13043589404154893,-0.0640817649394934,0.0011366385626315238,0.21393911451747638,0.09147338485486176,0.027019131133397545,0.09916600857271976,0.17761050272291126,1.0,0.5894452382147928,0.1936156518325444,0.004019774772101686,0.5227651814285127,0.17025111039088497,0.6761885633162457,0.32896328520498297,-0.07932276426846581,-0.42485449656954266,-0.006578809222749204,-0.12330474238474987,-0.2510948705190649,-0.3891083549781574,0.20561198172248674,0.07896853474051317,-0.06794451012703875,0.1297128275824291,-0.18194251073872378,0.13042767737724076,0.019100092665714143,0.27876676998361233,0.43414754390209387,0.2028676158435547,0.337196382841779,-0.06907749683886664,-0.07687054645382463,0.266289308750291,0.01564452884277413,0.42116247540706725,-0.12055124687880876,-0.08622111043653312,-0.26298347081030005,-0.2622841413814039,-0.38568839670055277,-0.3565813198701767,-0.24530759995800372,-0.34630866355955026,-0.1778195711814194,-0.16802165547526557,0.3900678787768126,0.026430270191311334,-0.005230363313506826,-0.1808305221690168,-0.5125838213879772,-0.33434337440143885,-0.12933577398695376,-0.14467811217572707,0.2641922334263034,0.36489841007545637,-0.16794679253379102,0.006007294571980262,0.39048875458193155,0.29406711188814383,0.7143129727434986,0.5048345939826628,0.4058730890549467,0.3959373159809556,0.40221576047510577,0.029859358095924993,0.3685849534617263,0.1824400754107191,-0.041779912081691906,-0.2056904965147649,0.5755645533101745,0.16012544107510487,0.060049208689578984,0.038311566780939166,0.2085069864470687,-0.17088653243071755,0.019807638758918503,-0.38137464793875847,-0.31583853341671725,-0.39245710216509105,-0.1352572500650486,-0.27580146713106035,-0.12899432593681384,-0.2735090177890782,-0.31902477324288914,-0.30674359899026327,-0.23210889819096442,0.26019802160982713,-0.06714292887564079,-0.14367841801823186,-0.13849735469057411,-0.015065710490397915,-0.21843636878215342,-0.07068431119246624,-0.03957236827089429,-0.22015639051066568,-0.0890750318395742,-0.20954958985150662,-0.12689085987391985,-0.05574550251749465,0.04488215933938019,-0.0742485175768144,-0.05221964056658465
#102,-0.19998447963408456,0.07959391419063575,-0.13797240113755152,-0.03302642570537781,0.022124738093825178,0.08794021920234449,0.10998918139199423,-0.12012398033478343,-0.07378655845015451,0.134391761424587,0.06858723586847859,-0.1314940178119023,0.07336933449583917,0.09646455194073046,0.5894452382147928,1.0,0.051988661003254714,0.11805794574262668,0.42944487302971235,0.3001921786485413,0.2969739851278376,0.5852930838510593,-0.04858878790507014,0.05327228656073256,0.07712982786088274,0.2871158138834238,-0.08807716360748082,-0.3096988592531052,0.0489868396426664,0.2669082974615072,-0.038215705697343734,0.15117292882999264,-0.165202426654859,0.1805849352024723,-0.02810099193397454,0.23619258035212973,0.0906115480652038,0.3158732259993518,0.06586934590787294,0.16305422541962047,0.004649719035728795,0.40263754924292566,-0.10122656538867104,0.42135876238776265,-0.1281927446854159,-0.008959815946719497,-0.25464538246289947,-0.39289623722422823,-0.2408203882830367,-0.14165346674761603,-0.23296982201792146,-0.21996466834347483,-0.17252256159074622,-0.06850598218809771,0.1376601678938407,0.03503950846088183,-0.25051696512938965,-0.038944249932669,-0.39627602514299276,-0.24332829682243332,-0.22919746013776607,-0.1463031857833448,0.23873061666065634,0.43813536497966377,-0.11583122971510999,-0.10715078035486861,0.236119543336057,0.36636828002391963,0.5502471846512711,0.5891567420013055,0.31469093930167485,0.3652608562677172,0.1835219362112961,-0.0674843769257807,0.11332697302651701,0.028826797281197077,-0.20286122510464835,-0.2141965699991327,0.3308540309585652,0.43926835169149164,0.018761383503676957,0.0028265325220138133,0.06688547339398448,-0.18339868624667338,-0.010730963586482675,-0.3938137647386416,-0.3264298137099609,-0.2557108099348601,0.10269369644903158,-0.22960920631587597,-0.008012160663176105,-0.33073808469554977,-0.20110194597999698,-0.23852337412755,-0.22108487357749,0.14581292481295677,0.15336951708837934,-0.08282397622645127,-0.14017903198564824,-0.03349751445904678,-0.27337481227204463,-0.09142591079441449,0.05589796728854643,-0.13894379345131855,-0.18805388305860765,-0.13674720519293185,-0.24525008330784645,-0.2152282178511597,0.12324357388378898,-0.1264544637028854,-0.14671036714795016
#201,0.311994960445891,0.3102365942839405,0.6196716073164831,0.5049843198656119,0.17123711010786655,0.34355425509090826,0.4892603632678587,0.27582063934777945,0.30789119310530566,0.7610776611721528,0.5554592887107597,0.2501691263403434,0.24097285305408847,0.023019441540715856,0.1936156518325444,0.051988661003254714,1.0,0.4823528874727823,0.015542277020272336,-0.26175644894027855,0.06290313009262007,-0.1488686109728987,0.013489023905928323,-0.1974546599898661,0.04700844946979691,-0.12206585199961656,0.11940273980106543,0.04493419821333199,0.1854528523237183,0.18048816115617597,0.4426152729530235,0.2047738819630524,0.48455586647007537,0.08852451533092616,-0.14045109487051907,-0.00597716680285027,0.06300812080322458,-0.13924141929181483,-0.09586199655813062,-0.17313333363765424,0.02352613583972027,0.2524405775402046,-0.1525487636202623,0.16837040722701274,-0.014201134812637229,-0.06160124528112404,0.17805328963285205,-0.02583684443572058,-0.035631108291070766,-0.2612972287017214,0.2147361309553698,-0.07562617829248586,0.27020317984908726,0.10237415950371348,0.16348057900094493,0.054368754764524095,-0.3237457033692889,-0.5448561399024043,-0.11445904677564397,-0.21807757444069623,-0.2943647377286401,-0.2102178785485719,-0.04265270442376077,0.15282356539323586,0.21701853770764196,0.04082130124573761,0.04279147475429891,0.31836378824743117,0.2565087393354544,0.19314912789237995,0.28619189563010405,0.220704168131211,-0.07792501837337436,0.013626881273765561,-0.27192411454030047,-0.17193370064866,-0.26713106036052897,-0.17404538337586217,0.3864342872271953,0.2718675108528441,0.033128677527879596,0.17081623430274756,-0.15349915779190842,0.23703159307426494,0.11622015182569716,-0.1571382271177311,0.06603002734323289,-0.29254702899113055,0.12840455203202672,-0.11764528660181588,0.00925196401101033,-0.15415283908575916,-0.24241350819612265,0.08159786731913067,0.06567305892717754,0.6771983000634509,0.16618294859563512,0.52986437939078,0.41969808323480945,0.3657246413197789,0.276516316925872,0.7407971077341635,0.2749314136770942,0.4176749578895954,0.2783678052833152,0.312835799093428,0.10544810491767359,-0.37669297520849787,-0.20203042904682128,-0.14578097111842495,0.002054166077044922
