,#10,#11,#12,#13,#17,#18,#26,#49,#50,#51,#52,#53,#54,#58,#101,#102,#201,#202,#301,#302,#401,#402,#501,#502,#601,#602,#701,#702,#801,#802,#901,#902,#1001,#1002,#1101,#1102,#1201,#1202,#1301,#1302,#1401,#1402,#1501,#1502,#1601,#1602,#1701,#1702,#1801,#1802,#1901,#1902,#2001,#2002,#2101,#2102,#2201,#2202,#2301,#2302,#2401,#2402,#2501,#2502,#2601,#2602,#2701,#2702,#2801,#2802,#2901,#2902,#3001,#3002,#3101,#3102,#3201,#3202,#3301,#3302,#3401,#3402,#3455,#3501,#3502,#3601,#3602,#3701,#3702,#3801,#3802,#3901,#3902,#4001,#4002,#4101,#4102,#4201,#4202,#4301,#4302,#4401,#4402,#4501,#4502,#4601,#4602,#4701,#4702,#4801,#4802
#10,1.0,0.5441767804349386,0.5636223095251377,0.5319892580226155,0.11077305580568815,0.11546031923116767,0.421004231446581,0.4966092645570528,0.21694969280175952,0.585254484456805,0.4332395668146212,0.21520770744846163,-0.026834224513702397,0.07633657133294551,0.08844599925093036,0.41584202599431025,0.3813449784443258,0.34829506968738294,-0.335294727027867,-0.09292288567125405,-0.35032552654017485,-0.2138115691415184,0.0012192303707894716,0.2505159814804485,-0.27400011156356335,-0.028330770027651827,-0.30788993457593894,-0.22753707496274575,-0.00015937651905744728,-0.31771390321063997,0.17333790212687963,-0.10192765899799983,0.08644263640637825,-0.49176262461251585,-0.36164444692363473,-0.4072851006861159,-0.24835642964722007,-0.19483938831291986,-0.3097689837356262,-0.23849899194351695,-0.26711982723585337,-0.18481301149901586,-0.10012670433265067,0.046692538788260324,0.018277299205508052,0.005573396871438931,-0.3692594570041996,-0.21898652471531369,-0.28831052920973155,0.14200925977575724,-0.0908223031500769,0.09668098399062866,0.0884189052426906,0.16129859987728007,-0.2185737395309549,-0.04127533090549769,-0.11978101666281507,-0.030657667205890558,-0.19120400991321948,-0.3289961669947167,0.0012829809784124504,-0.06616197435631808,-0.17973049430627386,-0.012907904278462654,-0.02208958554136219,0.11272860569452303,0.09980795129453578,0.21752982333112864,0.3628891775374734,0.04261249990038968,0.4350453027755421,0.34240929483859145,0.5727083648766027,0.04491230307038864,-0.21871399086772547,0.27758130194678415,-0.2267911928535569,-0.13154459753444525,0.12786140617902764,0.12729243200599255,-0.043673947517312274,-0.2441520770744846,,0.03338619321215405,0.2762266015347959,0.27151543163145775,0.00630015379834089,0.06601216042840408,-0.40191411199387994,-0.04115739228139518,-0.10926376017021412,-0.22242746376176398,-0.35956936464550676,-0.0038537242308090748,-0.1702890293173107,0.32743108957757255,0.13536166516587111,0.025594275195435456,0.09110599335399916,-0.0376845779311334,0.22074444772051732,0.19169329582672584,0.024129604985297516,0.1236188032417184,0.15123556646399286,0.1740280024543984,0.2129286232259401,-0.17565523671397493,0.005584553227772952,-0.0529002542055479,-0.1146905306441202
#11,0.5441767804349386,1.0,0.35644399110679026,0.26183649562909894,-0.011575516579142395,0.17078309652638876,0.4267784427320323,0.29929794643355195,0.39031468893687893,0.4541274534022902,0.19450629138808978,0.09010829634469954,0.056663133820494226,0.09562909896484952,0.12221628987401287,0.4193244029357155,0.22123692116440485,0.19347831284016925,-0.07124130401867892,0.06369323207611823,-0.20230777199595185,-0.053811887894556494,0.08506084198615019,0.16118544254874928,-0.16207476352508984,0.10172843834917801,-0.203895162125764,-0.2076166038457554,0.031561332068946284,-0.2715600570567938,-0.029537250276916702,-0.33537760281777684,-0.011929332451449929,-0.3809019117213461,-0.39663874921307846,-0.4343695463347385,-0.2890149734239654,-0.14074221644925053,-0.3929842456310912,-0.339201045509965,-0.05419120400991322,-0.16915586226681223,-0.1266533321645722,-0.18514292089346476,-0.1894668058554933,0.043324912940576464,-0.2590250938329256,-0.20335168819577812,-0.2930870434858832,0.050857047231231425,-0.1143972778490545,-0.045039804285634595,0.09377714381340198,0.0812326179983903,-0.08325988732080103,0.005268987720039206,0.057268764592912524,0.0026615878682593693,-0.2583190558535011,-0.37865151527225493,0.08335870076261664,0.1288575094231367,-0.16667436986508777,-0.18335949764521192,-0.013081624684235271,0.12206966347648002,0.08382567396345496,0.3052235654121078,0.3492290160890596,0.08336985711895066,0.34379268302401006,0.3068284869590163,0.3966546868649842,0.04735554510753931,-0.18039828192112456,0.15113197172660553,-0.011140418682115565,0.05994947764345879,0.2787606881878093,0.175774769103268,-0.15246754695630693,-0.116676362071576,,0.07645450995704803,0.2792467865709345,0.23085051279395008,0.09035214241885743,0.038212114209213555,-0.2852425312178757,0.02101698156810557,-0.23957637721234532,-0.18398265983472656,-0.39808110671054836,-0.0765565109292448,-0.2624277825148021,0.1847604172477269,0.14189769621241702,-0.15575070324889034,-0.09546653491541092,-0.11113962179952028,0.1370733689805481,0.032399652559188453,-0.1434532110384177,0.03058435400712413,0.004510355489325758,0.03924168652232467,0.028886994079162318,0.049137374590601565,-0.05641450645076461,-0.02445792061455586,-0.1490361705010001
#12,0.5636223095251377,0.35644399110679026,1.0,0.6539377953446118,0.23324912940576464,0.40587302472726694,0.40801504514339904,0.2655643124098527,0.2914709655826407,0.542175011355577,0.4625250021914271,0.32960179776713494,0.22011172293985928,0.333422052928942,0.026185562081138584,0.3903465642406904,0.5535959327112336,0.6852234060355887,-0.2528444724238778,-0.01281387213221876,-0.3221700706834862,-0.26872315501757127,0.020443226099498762,0.17883798579955215,-0.21819123588521702,-0.009949876084756433,-0.23510905338316507,-0.20425216552845268,0.3656575476735013,-0.013059311971567228,0.38687215612523806,-0.016820597821322985,0.2674035174397756,-0.27273625576743776,-0.26175043230880796,-0.3028950744686785,-0.22896030727792874,-0.07750001992206489,-0.33317980061997465,-0.11051645961000565,-0.08892731633848384,-0.08165177824351139,-0.022432245057335702,0.020341225127301996,-0.03708691598466798,0.21226402314147055,-0.2780339312609073,-0.30355648702276694,-0.38024368669763886,-0.06470208544175186,-0.17980540127023087,0.023273753077959026,-0.05792698961661978,0.3463140195554989,-0.331849006685845,0.014512825825371148,-0.2715042752751237,-0.23154380065184996,-0.32039461626118626,-0.3256173847906988,-0.10931157312593136,-0.07814708858943811,0.06675485500721179,0.18291483715704165,0.01584999482026313,0.1319286949453737,0.27475555626389564,0.42375985146108425,0.47229478280964865,0.37314505653882013,0.5329678298496282,0.5724214871422993,0.42835308274031986,0.2109316354421503,-0.2631370080246077,0.17323590115468288,-0.30757118153782403,-0.17268923969431585,0.2835674840025819,0.35844576018615176,-0.14659611599423056,-0.08722836264533146,,0.22797217285977256,0.3947437624014854,0.13513535050880954,-0.024265075026496347,0.23644622237805704,-0.206355935580011,-0.004105539130919842,-0.0717050896891361,-0.02405310425614994,-0.34430746918056565,-0.2609105180533752,-0.29135462072372875,0.5200423941540693,0.29018798460422823,0.2717959343049988,0.22713863366510212,0.10985026576034553,0.26182533927276497,0.5175083075010559,0.2659388472296377,0.3061447616922599,0.22701272621504673,0.171879606977504,0.353549713520707,-0.22634971989576777,-0.09826837412044083,-0.20556702181067663,-0.2302990700380113
#13,0.5319892580226155,0.26183649562909894,0.6539377953446118,1.0,0.16972164890946617,0.39467204296790953,0.30380989568806827,0.16700587302472727,0.14256229629688658,0.7588999832654655,0.45649897600586503,0.3075855254245392,0.2504283243949669,0.2482289284319741,-0.004786076867295141,0.45884818589677184,0.5694969280175952,0.33726940209898876,-0.21525711416936943,0.17941971009411184,-0.15073193666377133,-0.10520284646463036,-0.0960610093314952,-0.0309047008104296,-0.3617225414179729,-0.27599550558216257,-0.3423375754050156,-0.3240857764425567,0.2772752990301939,-0.031908772880491515,0.2661189426961726,-0.12722549386798843,-0.014045852624532828,-0.3105164596100057,-0.04543983934846879,-0.2349066452039621,-0.07281275649658536,0.11692339567611504,-0.24015491397652383,-0.12461171895544629,-0.09132274541991728,-0.132009976970093,0.16986030648104614,0.2701639187498506,0.04424929675110966,0.2574871104240212,-0.5945939484735714,-0.3348516603048873,-0.23625178302480696,0.04055973033492975,-0.17266533321645722,0.06070492234379109,-0.12999705153439745,0.24026488377467348,-0.2350692092534007,0.016175122919140323,-0.00577261752026074,0.006198152826144124,-0.2558535011036824,-0.31970132840328636,-0.16753181553761684,-0.16407972013483255,0.022889655667030575,0.24389866840918328,-0.19941349440986858,0.1925140848998717,0.3707432523966244,0.4007315382224737,0.26455864657460015,0.22965678266620979,0.2744081154523504,0.3224760736000765,0.3802596243495446,0.11352389452461968,-0.04376797966355617,0.22171026942600547,-0.09703161233255504,-0.03820573914845126,0.16739315796603688,0.2389643713791647,-0.21373188088198966,0.026470846050251417,,0.27300719584983546,0.3327462964881384,0.19853054849429033,0.00305365410514069,0.2401246324379029,-0.3026576034552829,0.05406689032504841,-0.026907537712468822,0.13131828287738367,-0.2854401581015069,-0.2445218305986979,-0.2642303309453418,0.30499725075504625,0.02905274565898206,-0.05418482894915092,-0.2125939325359195,-0.13274470272294783,-0.084597056315693,0.27160468248212993,0.02114448278335153,-0.04153989592713306,-0.17826423033094535,-0.21226402314147055,-0.0032719999362493925,-0.1271139303046482,-0.15589254835085148,-0.244042107276335,-0.18993377905633163
#17,0.11077305580568815,-0.011575516579142395,0.23324912940576464,0.16972164890946617,1.0,0.36887217206288997,0.1437655890157703,0.41940249743005364,0.37953127365745204,0.2954426284375523,0.4304233837228761,0.6435687590147343,0.40258986843468353,0.44519758703950146,-0.13384440070444423,-0.13737459060156668,-0.13379818151391756,0.08632788531265688,-0.12699917921092685,-0.09712883200918009,-0.08807465196152651,-0.25863940265680657,-0.015467491174525257,-0.008902772354549005,-0.04735076381196758,-0.3121197873917236,-0.27356820119691766,-0.22416466781949015,0.3184980356844026,0.3508435002271115,0.401123604459355,0.13261879527289244,0.12001370638063893,0.17684896684171522,0.0853780012590745,0.20255002430491917,0.16792228800930759,0.09510475021715051,-0.04715791822390807,-0.13799775279108129,0.0318912414633952,-0.13146490927491652,0.058929467921491126,-0.06949931866538103,0.058024209293244824,0.17149550956657555,-0.24610922072851008,-0.17987074564304442,-0.15084190646192097,-0.1673341886539856,-0.1353935404696826,-0.12740399556933277,-0.29502665572281234,-0.1792412083927675,-0.2629664751492163,-0.5215803775629736,-0.10925738510945182,-0.1168755827203978,0.0966841715210098,0.03579437241511208,-0.03444604706388608,0.005165392982651866,0.20249583628843962,0.13342842798970428,-0.17261752026073998,-0.26606634844488364,0.5026783224027604,0.3783885440158101,-0.1665851190144156,-0.05371944951350317,-0.0860585389954498,-0.03267537393715784,-0.042022806779877124,-0.049513503175577143,-0.3074468678529592,-0.23916040449760537,-0.20380112997952013,-0.1621401078979034,0.16960371028536367,0.201936424706548,-0.14783287778211637,0.1303556487022767,,0.41172851803743754,0.5103570830909482,0.1760998972021452,-0.025414179728900543,0.12311517344149686,0.07138314912064006,-0.1288686657794707,0.14294479994262446,0.14265314091274933,-0.0325717791997705,0.07238881495589254,0.15480719425607026,-0.158044131358127,-0.08820215317677246,-0.11639107810246316,-0.11095793256779479,-0.11254054140203523,-0.26651419646343505,0.3000007968825953,0.36043956043956044,-0.04354325877168517,-0.043650041039453656,-0.2664839149248141,-0.04363888468311963,-0.05884499836639068,0.0400385691176119,0.07656766728557882,0.21822789248460026
#18,0.11546031923116767,0.17078309652638876,0.40587302472726694,0.39467204296790953,0.36887217206288997,1.0,0.391557825785527,0.3627967391564201,0.33198766425742493,0.4458048115771103,0.45539290296360635,0.6685462470814175,0.8749165265481437,0.2941500848679964,-0.18545848640119852,-0.020479882698881974,0.1909410386567747,0.2644263640637825,-0.022421088701001683,0.13312242507311398,-0.046023157408219044,-0.12891169743961622,-0.0865207309007164,-0.16282702069504099,-0.06774458319055854,-0.3003609878156651,-0.24143311365936457,-0.30797121660065824,0.7664942743985529,0.5594386758998797,0.48609360182964245,-0.10595829116496266,0.011269513662552097,0.018425519368231478,0.0630015379834089,-0.07860290543394241,0.09051470646829603,0.22758010662289124,-0.24170883503733395,-0.20925021316609424,-0.10730821028137924,-0.1510347520499805,0.12761596633967917,0.07460892986636279,0.08961901043119318,0.2555060602921372,-0.4194853732199635,-0.41634724955972235,-0.07942210074189769,-0.12031174047127637,-0.18570552000573756,-0.09385523830774012,-0.26257281514714437,-0.0018742678641155799,-0.2187426786411558,-0.24416642096119978,-0.07266134880348078,-0.09201762704300775,-0.2122863358541386,-0.17628477396425185,-0.19122313509550637,-0.11641657834551236,0.07059901664687741,0.0704938281442995,-0.16114081712341322,0.04010231972523488,0.6168030664042267,0.46535234163950623,0.01148467196327965,0.13215182207205411,-0.016485907131302345,0.03160436372909179,0.07607997513726303,0.0451083361888293,-0.21077225892309287,-0.17699559323924807,-0.1811393827347417,-0.19930352461171896,0.3742718485285563,0.4267130983592187,-0.3484544462064404,0.4512379571117787,,0.8463833483412889,0.5969001267043327,0.32126162452485874,0.05679701009650248,0.08743714588529672,-0.14252085840193165,-0.03223708850974986,-0.06362310640773294,0.43838902214536735,-0.11236841476145319,-0.12259719975456015,-0.14505494505494507,0.08446318003968475,-0.10841109579325678,-0.1476926264453458,-0.27439058403525407,-0.09627776139741331,-0.2937643936918774,0.5366095833100909,0.3389157615408522,-0.08077520738869542,-0.1926447736454988,-0.37949142952768766,-0.12897863557762035,-0.1705010000876571,-0.13689008598363203,-0.22715616508219844,-0.06727760998972021
#26,0.421004231446581,0.4267784427320323,0.40801504514339904,0.30380989568806827,0.1437655890157703,0.391557825785527,1.0,0.34623592506116074,0.4232004398791926,0.490600769788587,0.44421742144729814,0.44593709408792803,0.2773980189498681,0.31796571811075075,-0.24083067041732742,0.17599630246475786,0.15165950800468567,0.3452446031126234,-0.11561650821984397,-0.07647682266971607,-0.18648008988835674,-0.10376845779311335,0.0903170795846648,0.04333766306210106,0.09490074827275698,0.04253121787567038,-0.2558471260429201,-0.14300058172429456,0.3536517144929038,0.141736725928169,0.3497756775494266,0.05020041597271474,0.22057869614069758,0.07339926208671677,0.08873606451561492,-0.19576377212345306,0.13385555706077823,0.20036656599383212,0.0003330969248300648,0.047363513933492175,0.024306512921451282,0.06876459291252619,-0.02109188853206257,0.08699248539712644,0.16783781845420714,0.03548040067256891,-0.22318928352285858,-0.1822996437934799,-0.02122417104288025,-0.09521472001530015,-0.14293204982109986,-0.010431193172309923,-0.008681238993059153,0.17436747443999076,-0.0696698515407725,-0.011596235526619864,-0.1668162149670489,-0.18326387173377745,-0.09267903959709616,-0.1135541760632406,-0.2856712540541402,-0.28605535146506866,-0.037517232586123085,0.01878252277092016,0.008182390488409342,-0.009827156165082198,0.40449919913299176,0.47520977934320935,0.16084437679796634,0.10615113675302218,0.14815641211580297,0.23742160667468862,0.18107085083154698,0.045588059511192214,-0.3499844607893919,-0.1506458733434803,-0.37808254109921985,-0.32943445242212466,0.28342085760504904,0.24209611997864355,-0.2113938273474169,-0.0740272055718031,,0.27968188446796133,0.33581907577556597,0.10752655611248794,-0.24828789774402538,0.11383627250197229,-0.10980723410020002,-0.19235948967638597,-0.04705432348652073,-0.15645674122831482,-0.3657930177147001,-0.2627035038927715,-0.19375722174851978,0.06717560901752345,0.05487174174628852,-0.036825538493413766,-0.013323876993202591,-0.0678593342842799,-0.03450023508036561,0.3151399724278622,0.2610587382160986,0.05931515909761015,0.10643163942656328,-0.08654782490895617,0.09810740383619282,-0.3914845125867606,-0.25206512124568686,-0.19140004303166014,-0.1116257201826455
#49,0.4966092645570528,0.29929794643355195,0.2655643124098527,0.16700587302472727,0.41940249743005364,0.3627967391564201,0.34623592506116074,1.0,0.3193427312354071,0.3902365944425408,0.4055670218106766,0.4830511040808358,0.3701439966849684,0.19501629624907363,-0.0872012686370917,0.04944018997681072,0.0537927627122696,0.28216018933930465,-0.09635266836137032,-0.22136442237965082,-0.21519814485731817,-0.18484966809839906,-0.001227199196742344,0.08823084095020281,0.027232665811346014,-0.05269147096558264,-0.2284008956960371,-0.24349385205077737,0.26958378822048146,0.10650814015571086,0.4124106495390034,0.046906103323797306,0.17253623823602068,-0.04283881455745125,-0.1388663548199444,-0.1965526858927874,0.04272725099411104,-0.03849102311756409,-0.1848416992724462,-0.09126218234267545,-0.10444899552948864,-0.08936719553108241,0.007584728541943916,-0.15126106670704206,-0.04301572249360502,-0.08086764576974874,-0.176598745706795,-0.25512674417678044,-0.08069870665954784,-0.014828391333104894,-0.19428635179179052,-0.12368574137972252,-0.18796707281116273,0.17675174716509018,-0.2018551426818287,-0.20060244324203716,-0.2794045693248014,-0.27619631999617494,-0.12698802285459282,-0.18826670066699072,0.06347966754058125,0.037459857039262405,-0.14788547203340532,-0.11456462319406482,0.049457721393907035,-0.08470702611384265,0.3409509996892158,0.27921172373674186,0.09077130266397851,-0.061544836599223836,0.1267967710317239,-0.04043701041525552,0.31679111316529734,-0.07589509837515639,-0.28378901736407175,-0.11245766561212536,-0.2448597088190997,-0.14946170580688348,0.153560869877041,0.3355369793368343,-0.13048793121309438,-0.07769127174493382,,0.41740869717664497,0.41669787790164875,0.3518348221756489,0.02001928455880595,-0.0527440652168716,-0.15393221716644487,-0.14936448613025843,-0.08008670082636725,-0.022223461817370446,-0.2063065288591032,0.142785423423567,-0.007280319390544191,-0.031676083162667644,0.08314991752265138,-0.16495150969407676,-0.08117842998191077,-0.04451704930312617,-0.1125485102279881,0.380344093904645,0.30315804572512334,0.09410705320785089,0.10346723617209476,-0.03634740893624142,0.08600116344858912,-0.08585134952067512,0.1503908709129884,0.05618819179370303,0.03695144594346915
#50,0.21694969280175952,0.39031468893687893,0.2914709655826407,0.14256229629688658,0.37953127365745204,0.33198766425742493,0.4232004398791926,0.3193427312354071,1.0,0.24789583150714406,0.40326881240586826,0.37142697766338084,0.25117898779972747,0.1999378431575676,0.07183418466957263,0.07511893472734663,0.028474208894803527,0.15496338324474654,0.08715983074213676,-0.0420116504235431,-0.031231422674497366,-0.15605670616548065,-0.006504155742734423,0.11853150475340468,0.01837292511694252,-0.055469403692753945,-0.2848169959119923,-0.18954011905425974,0.2783989034895489,0.2471005426770474,0.23547243184661604,0.039087091298838944,0.20271418211954834,0.020130848122146165,0.09470949644988803,-0.1111252779128051,0.08707695495222689,0.0801711703814677,-0.04011825737714063,-0.15201651140737435,0.24046410442349528,-0.03732757452844472,0.06262540939843333,-0.049110280582361804,0.2170628501302903,0.2102144411063918,-0.09448796308839819,-0.10040720700619178,-0.1467379610961917,-0.12177003562065201,-0.2133669086533481,0.012826622253743356,-0.187437942767892,0.045070085824255514,-0.10003426595159735,-0.14705830789949717,-0.1853532978986206,-0.1655491716405422,-0.019223995728709288,-0.08864681366494274,-0.1333088956004112,-0.06169146299675669,0.21543242834033263,0.04212321398688331,-0.1257050418761804,-0.15920757994724638,0.2245742654734678,0.3629385842583812,0.1233000502036035,0.17839970037214417,0.14745356166675963,0.13057240076819482,0.060963112304664155,0.001251105674600961,-0.2987879415725681,-0.21647156324458716,-0.29783805751898573,-0.22521177154969757,0.18895680099450948,0.247113292798572,-0.06947541218752241,0.06718995290423861,,0.2886739076731825,0.32914916845301184,0.005745523512020974,-0.08908828662273187,0.10179537648718215,-0.09818231080014982,-0.024674672680473984,0.10338117285180375,-0.028316426140936657,-0.1785527018304393,-0.10570966379523304,-0.13220760385372424,-0.058789216584720576,-0.04159408394361259,0.06245009522747014,0.07006669907322555,-0.013669724039557253,0.060382981775295046,0.2632836344221406,0.2546183330809872,0.205606865940441,0.09623632350245838,-0.02565324450748671,0.04675788316107388,-0.19057447266294256,-0.310597741634725,-0.23948553259648256,-0.20454701208870896
#51,0.585254484456805,0.4541274534022902,0.542175011355577,0.7588999832654655,0.2954426284375523,0.4458048115771103,0.490600769788587,0.3902365944425408,0.24789583150714406,1.0,0.5093498234905052,0.46904190805568613,0.3186287244300297,0.40364334722565326,-0.05502314943939309,0.3780299468479309,0.45981719513264113,0.3161711385061639,-0.1873263792045518,0.04278462654097172,-0.17019659093625736,-0.124230809074899,0.025791902079066693,-0.061516148825793496,-0.2575683924487405,-0.22070779112113412,-0.3547832877782116,-0.32580863661356774,0.38071862872443,-0.026937819251089738,0.41883352325701856,-0.022739841739116577,0.11825418961024473,-0.1829754002342835,-0.0014248260803735786,-0.2796229151559101,0.010955541920008926,0.16688793440062474,-0.23019069400505224,-0.1786228274988246,-0.039259217939420984,-0.04810461474710931,0.19341934352811802,0.10347520499804763,-0.06571412633776666,0.22090382423957478,-0.6090254922742232,-0.40209580122560545,-0.21721744535377602,0.04886962203858505,-0.20437010415255522,0.002632900094829029,-0.13851253894763685,0.1479858792404115,-0.18874642398935365,-0.09617576042521656,-0.039633752759205984,-0.07260556702181067,-0.34686546231143767,-0.4404449792412084,-0.05010797759166142,-0.0912781199945812,-0.03634422140586027,0.09599885248906279,-0.0739522986078461,0.06913115890635832,0.49292607320163523,0.538399381619106,0.25318075687908903,0.07604809983345154,0.2338946043079473,0.23248093458390776,0.36787606881878093,-0.05180533751962323,-0.1908661316928177,0.050181290790427845,-0.12450334292248723,-0.06755811266326132,0.34222760560686594,0.2984373132306417,-0.29566256803385155,-0.06764576974874292,,0.35494266429726906,0.5116065950003585,0.3484066332507232,-0.010421630581166477,0.20218186454589646,-0.20471116990333815,-0.09311413749412299,-0.11883750766999499,-0.03200918008749771,-0.4126560893783519,-0.20429200965821706,-0.32543410179378274,0.19850186072085999,0.09699814326355298,-0.1746017579230052,-0.2220959606021245,-0.20276837013602786,-0.14721768441855462,0.28879025253209445,0.14496091290870117,-0.08897672305939167,-0.09968363760967097,-0.2401007259600443,-0.005147861565555547,-0.06759955055821626,-0.08433089752886708,-0.1439217780044466,-0.16618667771677198
#52,0.4332395668146212,0.19450629138808978,0.4625250021914271,0.45649897600586503,0.4304233837228761,0.45539290296360635,0.44421742144729814,0.4055670218106766,0.40326881240586826,0.5093498234905052,1.0,0.4784228099674075,0.3567834630923826,0.2764608850178103,-0.2034584704635466,0.11379483460701735,0.32713783678250685,0.30348317382400053,-0.27246850321542126,-0.10161209349026608,-0.36923714429153154,-0.4030026536190423,-0.24166102208161672,-0.08776227398417391,-0.23120114113587645,-0.28730008207890734,-0.28787224378232357,-0.17168835515463507,0.45168580513033013,0.10814493700643084,0.5113994055255839,0.16103244109045414,0.2551602132457825,-0.07496274573867032,0.026528221597112097,-0.2779239614627577,0.03390097936870961,0.036415940839436126,-0.1097402959621959,-0.07775661611774737,0.02498705065782658,-0.10721258436994478,0.1996509654232642,0.08204543824558327,0.04419351496943955,0.07164771414227541,-0.30913625895496816,-0.11913872929101356,-0.10384814605264206,-0.007608635019802533,-0.18345193602626525,-0.01793463968953454,-0.13294392337176963,0.12791878172588833,-0.2586872156125238,-0.16778044290734645,-0.326788802205771,-0.2701097307333711,-0.13023133501741188,-0.13234307389492306,-0.025689901106869924,-0.021338922136601615,0.0954729099761732,0.2548860856330037,0.041230705480161604,0.046778602108551344,0.3726876459291253,0.49477484082270157,0.24163233430818637,0.266780355250261,0.2467945397604571,0.28908988038792244,0.2458255305245878,0.016001402513367704,-0.3589238897433241,-0.1439042465873503,-0.3173329933300927,-0.19573189681964157,0.23078516842113653,0.2824980675597064,-0.19871861278677813,-0.02412004239415407,,0.3907991935548136,0.4293985927053367,0.27875590689223756,0.023525567978069793,0.0944242124807752,-0.07050498450063353,-0.20191889328945167,0.08875200216752066,0.03346747523687335,-0.343845277275299,-0.1295619536373706,-0.10254444612675215,0.1143845277275299,-0.04589565619297309,0.009699654949836241,0.016047621703894364,-0.10548175537298089,-0.031739833770290625,0.5143287459458598,0.3227007944919475,0.07909856640821109,0.14675389874809744,-0.040894421024950396,0.13878029149965335,-0.09917044521830598,-0.15827682107595087,-0.12667883240762137,-0.06397851604523105
#53,0.21520770744846163,0.09010829634469954,0.32960179776713494,0.3075855254245392,0.6435687590147343,0.6685462470814175,0.44593709408792803,0.4830511040808358,0.37142697766338084,0.46904190805568613,0.4784228099674075,1.0,0.6980452469937604,0.5544485970881909,-0.2052514563029429,-0.1351624445170493,0.04822733466678354,0.2295117500338675,-0.012217803950943908,0.062303468829937286,-0.08679645227868578,-0.2642287371801513,-0.11206878690562519,-0.03890540206711345,-0.02305221971646917,-0.260885017810326,-0.4419351496943955,-0.3156451959932743,0.588411733299333,0.48552940895217905,0.6903919865486218,0.19551673851891402,0.2679756791431918,0.23053335352102575,0.17855907689120162,0.032120743650837925,0.35836607192662306,0.34419271808684426,-0.016696284136458177,-0.09927722748607448,-0.004078445122680075,-0.05967216250029883,0.011532484918996885,0.03840974109284479,0.1661293021699113,0.1911036027062133,-0.3329232044242922,-0.31883910143518557,-0.13823681756966746,-0.2098574377037031,-0.27448780371187914,-0.15077178079353568,-0.33932217166444867,-0.06441680147263903,-0.17314983783439186,-0.3447983488592626,-0.17769684992310084,-0.12546916462797536,-0.01916980771222976,-0.022650590888444407,-0.10664201643171911,-0.1054259735913108,0.18916399046928417,0.10092836822350963,-0.1964714038680681,-0.10400752257169951,0.7719720453585573,0.450708827068508,-0.1306807768011539,-0.008767302313350173,-0.17080381547386622,-0.07721314218776147,0.06787208440580449,-0.11818565770705002,-0.25638263114695314,-0.32769724836439845,-0.20922311915785446,-0.24065216871598308,0.2816916223732757,0.28452055558654543,-0.44099482823195657,0.014138291005586147,,0.6863071663651794,0.7423391691702061,0.3125182286893672,-0.02158754950633123,0.13468431495987696,-0.007304225868402808,-0.36589023739132515,0.07521137310839994,0.1721346094079959,-0.13445481277243423,-0.016073121946943558,0.051781431041764615,-0.13856035190335408,-0.14208416673971425,-0.11941126313860179,-0.10433583820095785,-0.0863581668512778,-0.29944297906589423,0.4537210432786937,0.5497198957677565,0.008599956968339855,-0.010926854146578584,-0.32849731849006686,0.02406744814286511,-0.1684769182956275,-0.1271218991306011,0.056310911713377265,0.1991393667970898
#54,-0.026834224513702397,0.056663133820494226,0.22011172293985928,0.2504283243949669,0.40258986843468353,0.8749165265481437,0.2773980189498681,0.3701439966849684,0.25117898779972747,0.3186287244300297,0.3567834630923826,0.6980452469937604,1.0,0.37643618165735643,-0.25928965885456096,-0.2363298775191451,0.05211134043621353,0.162014200447848,0.04026169624429233,0.13160834814206823,0.049199531433033974,-0.12260994987608476,-0.02768370136027859,-0.1555036696443513,0.054771334539282325,-0.28159918399222245,-0.17217126600737914,-0.2782459020312537,0.7433559913617926,0.5686331072843038,0.5132959861023675,-0.06494115022033804,-0.05162524205308832,0.12444437361043598,0.12018264549083983,0.0027779327271713057,0.18721322187602102,0.23659444254078046,-0.1331463315509726,-0.20255799313087203,-0.10086621138107722,-0.2197053128162628,0.06571412633776666,0.003340531839444095,0.1257974802572337,0.2067240953390337,-0.34936448613025844,-0.39465929284638496,-0.008368861015706556,-0.07417861326490768,-0.1610101283777861,-0.13621273577763787,-0.259686506387014,-0.04783845596028337,-0.10250778952736893,-0.2913450581325853,-0.017815107300241457,-0.07541537505279347,-0.14408274828869463,-0.11570416530532557,-0.15629098964849508,-0.09593669564663038,-0.012593932535919483,0.017325821386735094,-0.13181075632127118,-0.03918909227103571,0.6348397070659579,0.34511869566256803,-0.17448063176852155,0.038977121500689306,-0.20930599494776433,-0.16887217206288999,-0.03086166915028409,-0.00249424252324905,-0.15422068866593885,-0.23632668998876397,-0.1284128489349664,-0.14357433719290136,0.3011993083059073,0.3173313995649021,-0.4359824367075999,0.4400066938138004,,0.880971240507136,0.5610945979328865,0.35144913099952985,0.09301691781749795,0.06115436412753309,-0.056900604833889826,-0.11601176198710644,-0.017010255879001346,0.46445186430683166,-0.03386272900413582,-0.028647929300576146,-0.02736335455697312,-0.053204663356947623,-0.1510634398234108,-0.17175848082302034,-0.3393030464821618,-0.09899991234291451,-0.3881790435815091,0.5055215995027452,0.35895098375156387,-0.10653364039876005,-0.2692538788260326,-0.4806572687645929,-0.20908286782108393,-0.11421080732175729,-0.08864521989975217,-0.10047095761381476,0.09334523344675628
#58,0.07633657133294551,0.09562909896484952,0.333422052928942,0.2482289284319741,0.44519758703950146,0.2941500848679964,0.31796571811075075,0.19501629624907363,0.1999378431575676,0.40364334722565326,0.2764608850178103,0.5544485970881909,0.37643618165735643,1.0,-0.04980834973583342,-0.0343886715170254,0.03159958243352007,0.23290168859421942,-0.07082533130393899,0.10179059519161042,0.03467714301651938,-0.09076174007283506,-0.054192797775103795,-0.1254675708627848,0.03128401692578633,-0.15511319717266056,-0.22933962339328548,-0.17849851381395979,0.3157041653053256,0.12456231223453848,0.39851620460757514,0.11558782044641364,0.0910406489811856,0.23623425160771064,0.16573245463745825,0.14716668393245624,0.2056945230259226,0.18365912550103994,0.09176899967327813,0.02216449250531919,0.024234793487875432,-0.07814549482424754,0.03744710691773781,0.08294591557825785,0.02488345592043924,0.15406449967726255,-0.12464837555482951,-0.2353799934655627,-0.13133422052928942,-0.16670624516889926,-0.11527066117348932,-0.09323366988341608,-0.08357545282853478,0.01209030273569795,-0.09411502203380376,-0.1376853748137287,-0.013293595454581676,-0.045973750687311236,-0.04718341846695726,-0.01816254811178669,-0.0959351018814398,0.027817577636286846,0.18659165345169695,0.04237821641737523,-0.09331495190813538,-0.07710157862442127,0.6078158244945772,0.2840679262724223,-0.02782873399262087,0.05090964148252038,-0.09319701328403286,-0.05517455713249767,-0.0216018933930464,0.11056267880053232,-0.08205978213229845,-0.12986955031915148,-0.07845787280160015,-0.029338029628094894,0.14705033907354428,0.07141980572002327,-0.23242515280223763,-0.13267617081975314,,0.31707161583883847,0.5120018487676211,0.12382918024687423,0.011216919411263139,0.10375411390639817,0.06002438460741579,-0.3354126656519695,0.09357951692977073,0.08132027508387189,-0.1272525878762282,-0.11946226362470018,-0.03767501533998996,-0.07569109643076286,-0.09797830885575629,-0.06205962275577939,-0.06793264748304632,-0.06299994421821833,-0.20664600084469556,0.27341201220824135,0.23647172262110625,-0.03938831291985752,-0.0241806054713959,-0.27486233853166414,-0.03002016112966077,0.005327957032090462,-0.054282048625775965,-0.024732048227334668,0.10872506753579995
#101,0.08844599925093036,0.12221628987401287,0.026185562081138584,-0.004786076867295141,-0.13384440070444423,-0.18545848640119852,-0.24083067041732742,-0.0872012686370917,0.07183418466957263,-0.05502314943939309,-0.2034584704635466,-0.2052514563029429,-0.25928965885456096,-0.04980834973583342,1.0,0.39101753938592226,0.07785861708994414,-0.02494401899768107,0.38785391548263193,0.2182757054403175,0.30183043932137477,0.20962952928145095,0.2072611942082573,0.3529918957040059,0.03044091513997243,0.23429942066635323,-0.03940106304138211,-0.005541521567627441,-0.23352166325335288,-0.169194112631386,-0.22910852744065216,0.09423614818828742,-0.03806708157687128,-0.05784570759190048,-0.0471435743371929,0.156845619934815,-0.048667213859382094,-0.17875829754002343,0.13333120831307924,-0.009623154220688665,0.0893735705918447,0.03063057319765079,-0.060994987608475645,-0.0626461283459108,-0.10430874419271809,-0.08451258676059256,0.06862434157575564,-0.06255209619966691,-0.26743379897839653,-0.029639251249113468,0.1221142889018161,0.15726318641474551,0.09389986373307621,0.07413398783957159,0.11884547649594786,0.14695471316210984,-0.03462933006080214,0.007235693965208106,-0.10627704420307756,-0.16928495724724876,-0.10917132178916081,-0.019080556861557588,0.3318553817466073,0.0010200097219676624,0.11966467180390312,0.09739977209157774,-0.2867454517925874,-0.19482026313063297,0.30311660783016836,0.11820637665452749,0.2499406322466511,0.044692363474089364,0.1409318745069289,0.0038154738662352877,0.09514459434691487,0.11590019842376623,-0.06237996955908486,-0.0560590968132665,-0.03646534756034393,0.003085529408952179,0.29726270828518836,-0.13008470861987903,,-0.24965534827753827,-0.0036800038250364574,-0.23801767485596348,-0.0814939954896445,-0.025626150499246946,-0.05341663412729403,0.11744136936305175,0.05502474320458367,-0.19446963478870657,-0.07247647204137414,-0.11603407469977448,-0.2280948927794468,0.1024791017539386,0.1532373355433544,0.16930248866434508,0.31205922431448174,0.08828343520149176,0.17114647498983976,-0.1438787463443011,-0.0720047175449641,0.12628676617074006,0.21647156324458716,0.1174875885535784,0.02385388360732813,-0.06922200352222108,-0.1753189522587637,-0.2602777932727171,-0.34811497422084803
#102,0.41584202599431025,0.4193244029357155,0.3903465642406904,0.45884818589677184,-0.13737459060156668,-0.020479882698881974,0.17599630246475786,0.04944018997681072,0.07511893472734663,0.3780299468479309,0.11379483460701735,-0.1351624445170493,-0.2363298775191451,-0.0343886715170254,0.39101753938592226,1.0,0.4605057016949693,0.30121046466224133,0.0142785423423567,0.15658902373913253,-0.21698475563595215,0.2981121851317645,0.17936392831244172,0.2562551299317072,-0.1156706962363235,0.3364438317302712,-0.26502402601024794,-0.12796340715122442,-0.03919706109698858,-0.2177433878666656,-0.051583804158133385,-0.07875909442261872,0.11178509670170293,-0.2247113292798572,-0.17620189817434198,-0.24128011220106943,-0.15053271601494952,0.09455649499159288,-0.16487660273011978,0.09031229828909307,0.0422363713154141,0.10195953430181132,0.17122775701455906,0.16285092717289962,-0.1719672640629856,-0.04393054371299476,-0.28934488281841436,-0.2123867430611448,-0.35555626389564027,-0.09683079791854265,-0.21939452860410075,-0.02165767517471651,-0.08724270653204663,0.4112456071846935,-0.10923666616197436,0.4170022870530485,-0.16413072062093093,-0.02113332642701751,-0.3718668568559794,-0.33126568862609473,-0.14697702587477787,-0.09017682824789423,0.06646319597733666,0.15091043836511567,0.24591159384487885,0.1974037565045542,-0.09651682617599949,0.22082572974523662,0.6260134354405565,0.32686849046529975,0.5211165918925165,0.46819880626987226,0.3690156109300417,-0.013502378694546933,-0.08074014455450279,0.3156627274103706,-0.10646670226075593,-0.010375411390639817,0.25053191913235423,0.4660344731410721,0.128725226912319,-0.08664345082039063,,-0.165287794149288,0.07283028791368168,-0.18103419423216377,-0.17235773653467634,0.12045517933842807,-0.18322880889958482,0.1708070030042474,-0.05194399509120321,-0.2858051303301485,-0.4382774585820271,-0.44139167576440963,-0.49509359386081647,0.30321382750679343,0.3491238275864817,-0.0020384256787447505,0.09348867231390799,-0.056583445560965506,0.11874347552375109,-0.023751882635131366,-0.054282048625775965,0.04223796508060467,0.20540445776123803,0.15778116010168222,0.1217891608029389,-0.14522229039995538,-0.06923315987855509,-0.36365896612452087,-0.5435998374359505
#201,0.3813449784443258,0.22123692116440485,0.5535959327112336,0.5694969280175952,-0.13379818151391756,0.1909410386567747,0.15165950800468567,0.0537927627122696,0.028474208894803527,0.45981719513264113,0.32713783678250685,0.04822733466678354,0.05211134043621353,0.03159958243352007,0.07785861708994414,0.4605057016949693,1.0,0.5250133477834711,-0.24537927627122696,-0.08638526085951757,-0.1952489859668975,-0.16398568798858865,0.10566663213508753,0.05560646749914335,-0.3294312648917435,-0.032026711504594026,-0.1712994764481349,-0.36457697487429175,0.24859071313023454,-0.19723800492473445,0.15624477045796842,-0.14476966108583222,0.18115532038664744,-0.4136713178047478,-0.2515073034289858,-0.3845723529552391,-0.29528325191849486,-0.051757524563906,-0.3123237893361171,-0.0644996772625489,-0.060290543394241725,0.041554239813848225,0.3214018758616293,0.15854776115834854,-0.18961183848783558,0.09507446867852959,-0.2358437791360199,-0.3010989010989011,-0.08645060523233113,-0.10538931699192758,-0.18623146251862713,-0.07088430061599024,0.034731331032998906,0.3829929316513798,-0.15432587716851676,0.26335376009052586,-0.20198105013188408,-0.21351353505088094,-0.5049781255727593,-0.3738096566232897,0.00038250364573787346,0.01059375722174852,-0.04113826709910829,0.32722390010279784,0.05931994039318187,0.15345249384408194,0.04841858648965248,0.2209277307174334,0.5025332897704181,0.3527161743260365,0.5354987289722605,0.4629457562017388,0.48122305540724686,0.11900007171943358,0.004671325773573779,0.3734287467427424,-0.13818741084875966,-0.042049900788116885,0.2694387555881392,0.2966554837475795,0.09704914374965136,0.024421264015172646,,0.18243511383467872,0.2607049223437911,0.13106328044689175,0.08223828383364279,0.18354596817250915,-0.18500585708707537,0.20812501494154867,-0.2416307405429958,-0.036098781566511806,-0.41003434563985686,-0.32899297946433553,-0.4055383340372463,0.6493015324052307,0.1641195642645969,0.24126258078397309,0.10668823562224578,0.04697941652256373,0.18868745467730239,0.39321693534891505,0.016084278303277577,0.21314059399628651,0.12630429758783637,0.22162261234052388,0.20651531209906845,-0.05832861844464455,-0.019761094597932887,-0.2586999657340484,-0.4206966347648001
