,#10,#11,#12,#13,#17,#18,#26,#49,#50,#51,#52,#53,#54,#58,#101,#102,#201,#202,#301,#302,#401,#402,#501,#502,#601,#602,#701,#702,#801,#802,#901,#902,#1001,#1002,#1101,#1102,#1201,#1202,#1301,#1302,#1401,#1402,#1501,#1502,#1601,#1602,#1701,#1702,#1801,#1802,#1901,#1902,#2001,#2002,#2101,#2102,#2201,#2202,#2301,#2302,#2401,#2402,#2501,#2502,#2601,#2602,#2701,#2702,#2801,#2802,#2901,#2902,#3001,#3002,#3101,#3102,#3201,#3202,#3301,#3302,#3401,#3402,#3455,#3501,#3502,#3601,#3602,#3701,#3702,#3801,#3802,#3901,#3902,#4001,#4002,#4101,#4102,#4201,#4202,#4301,#4302,#4401,#4402,#4501,#4502,#4601,#4602,#4701,#4702,#4801,#4802
#10,1.0,0.1650773507648345,0.5348400261107332,0.6147799531650134,0.13863795094651407,-0.14386374944651636,-0.17394130562795856,0.3596643949111459,-0.12921982772393834,0.3270424116822707,0.2052394929405159,0.003046556532932847,0.2465519681193425,-0.19504809031027037,0.11536196688684283,0.10536776419999361,0.3978408432123506,0.4509250594566959,0.20239378820178303,0.30239333172043253,0.1139970876489841,0.4849310941401489,0.3240369384708788,0.23454194378888651,0.21630916568903577,0.2879292636499336,0.006164324156536585,0.2457275628004218,0.00929943807145759,-0.008712403054773197,0.34917262755230133,-0.11751929774909046,0.2975427608905038,0.13107496793218512,-0.022069960331770645,-0.15658862357178396,0.08901660222671602,-0.1034386740129732,0.046772905092962426,0.029989911762154958,0.0747022600391661,-0.16024686511432576,-0.12258258888833097,-0.18863452733638567,-0.2576992426974396,-0.04867917121246011,-0.03856171856098819,0.07725033893740271,0.05256200157942547,-0.12707619130220435,0.05569620253164557,0.020335331200043823,0.14872892767965964,0.07061218713909444,0.13128129750259054,0.3255999306148347,-0.13790392893498335,0.017846594877366284,-0.0666389734647391,0.08649134739600213,0.15232508775853962,-0.10098280434752838,-0.19162356721916127,-0.1293905517490083,-0.06709454185249261,0.2474092400954959,-0.28637996594649123,0.1341324800175289,0.16900217741604168,0.22401091903390288,0.2792086439308522,0.3227003610767482,-0.09482030611639361,0.0497190357287953,-0.1511373232846572,-0.14468815476543706,-0.07623695033939389,-0.10120739317195196,-0.19329063711102082,-0.00205599200244674,-0.23518740841842906,-0.021919321486120684,0.16492488599378272,-0.23501211957985457,-0.026937877453016658,-0.11265046766514354,0.09047642958546928,0.0761876503535448,0.10059570816234303,-0.09364532312032392,-0.09916418264731794,-0.1317505603308577,-0.23940438313392706,-0.032924173882876016,-0.13477885760977235,-0.04599414790908717,0.23899902769472353,0.17059803621723035,0.21400484783194182,0.0860649938146777,0.02689679413147576,0.3418607092807223,0.29445512103603005,0.0685251544048168,0.3319304139829367,0.18805479602130856,0.1616318295316045,0.048854460051034616,0.020384631185892902,0.0847439367864626,0.1274532448976797
#11,0.1650773507648345,1.0,0.19547626981699662,0.2752883820931496,-0.007669799650335285,-0.4166223118954475,-0.04484290194324111,0.244843814905942,0.5840980156755696,0.3951859476781076,0.27288455130165656,-0.25343114207069073,0.04087607900779214,0.03216367595301894,0.1717985821689255,0.31046392199646683,0.09687721108154126,0.20379518594767812,-0.03909580174101987,0.16005879479793853,-0.19004322878388805,-0.0627515782842692,0.08215568752938598,0.1635590937932231,0.14080715032387353,0.3702657177940995,-0.39071425636905605,0.056872098490416176,-0.3460968562129394,-0.3681147776707583,-0.12047455801193242,-0.13844714174202413,0.19347962039010896,0.28696517503777386,-0.2678048268337997,0.0854049217819206,0.16987862160891418,0.19096897296260962,0.1250904974277276,0.4184464113718634,-0.14024476530011368,-0.06277348938909101,-0.41456266804219716,-0.11222502704652002,-0.31574541122122457,-0.1460338617865767,-0.09980599542605686,-0.10753513765195123,-0.2642689222931797,-0.20001734629131726,-0.10900044278690994,-0.12634399521607545,0.2946039339562782,0.0643611315259715,-0.40847320682713506,-0.09865566242291171,-0.5346693020856633,-0.3562115699763086,0.1146060337704903,0.12150620586395942,0.27474151743530517,0.4422957360077054,0.055090908260943,0.14556368599560865,0.09175001255323714,0.2101539711595083,-0.26100234174932785,-0.16798148511642558,0.05934166259637463,0.07158449241556236,0.07678837981074284,0.12008654886404616,-0.33503540012872773,-0.4530860421697471,-0.30875942063387,-0.42976897478853504,-0.16897935334851893,-0.12385891074420155,-0.30266630756800433,0.13391975970821712,-0.1906375675021797,-0.36411417511537564,0.3087046428718155,-0.37630587902331253,-0.42069960331770645,-0.08645939370147032,0.010030721194885583,-0.017999059648418064,-0.13353905426193813,-0.3481108519311443,-0.39385393509748157,-0.48769645816120183,-0.3168656164552397,0.012799737066742138,0.17850703209520374,0.20308946577987555,0.49456193767203643,0.28646213258957304,0.4492643803037427,0.08832001168592257,0.11290609722139802,-0.01352462945126377,0.03511802325315999,0.1678609740399056,0.1989601354836648,0.294025115603902,0.06247768947399654,0.30946605376437347,0.15937863758576143,0.29387538972095295,0.3524821173430959
#12,0.5348400261107332,0.19547626981699662,1.0,0.5999680463054682,0.2780765701817252,-0.1991947668977984,-0.24571112947180543,0.20927935289203758,-0.07971990304336116,0.25922297744525646,0.0038198359406026467,-0.17934604481733898,0.1198427878229035,-0.3059529732912762,0.19994522223794547,0.28512099038193794,0.5033528555190878,0.8859873919851005,0.08556742914268238,0.03348655890663587,-0.13152323261833138,0.22816489932303816,0.23855441485938092,0.31002022212382513,0.13888262495035766,0.4319409130539972,-0.15979220968927316,0.29811244961587097,-0.073330990062401,-0.20953315652289026,0.44406140587126314,-0.15800736760899634,0.6472248216299124,0.4060136853108866,-0.21197167989701782,-0.37731196391971406,-0.09019158522278573,-0.19472490151414865,-0.016478063788703912,-0.01604897131927675,0.17122798048085747,-0.2654639904686694,-0.45129115749976034,-0.578916039385211,-0.29347551205795486,-0.4213770216417808,0.13071343470262523,0.27317304751514376,0.008272355032935129,0.1696960290687324,0.3841190138176905,0.4717278275596051,0.5253406492077766,0.547143111468181,0.1633244623790895,0.4859937827240068,-0.08662829180113847,-0.07369617514276454,0.18367166209424515,0.42321116370790673,-0.07352910296849823,-0.15707066787786386,-0.19609982334171738,0.004379482076259774,-0.08244966151907863,0.05186906288943565,-0.45769102603313144,-0.18069631665198319,0.27633463734839114,0.22768833279316372,0.5098650184646706,0.5258710805370047,0.05628415051103087,0.07354005852090913,-0.32046816727302607,-0.2558961413631446,0.009948554551803787,0.20547686324275222,-0.5170637293613369,-0.31796208465903125,-0.45535384151880476,-0.17086827317669936,0.03417858463392478,-0.43875344072817907,-0.3563585569711549,-0.26680695860170633,-0.14742978175626634,0.06580909036961295,0.016213304605440345,-0.45416151223141776,-0.3028543778843915,-0.3153254483788065,-0.3072019062661195,-0.05350509204946432,-0.18836611630231848,-0.12453176425477137,0.43688460607941865,0.613201440655142,0.6282452400407181,0.5540515002259583,0.5353695444772604,0.46325553369517086,0.7029164593480534,0.08738878973099554,0.782861864178539,0.5106109089913131,0.5589659784449507,-0.11366020441234874,0.08936078916495867,-0.012361514970305888,0.1717255451528528
#13,0.6147799531650134,0.2752883820931496,0.5999680463054682,1.0,0.11628132032665806,-0.11467633189846028,-0.09400503042448201,0.22302765820502404,-0.004552944989432457,0.43446251603390745,0.13457435396476877,-0.15125326954767263,0.20038618322248444,-0.1405277837373954,0.07911369580995768,0.11733031447000233,0.4865306047921412,0.4765546613593102,-0.06509880538830586,0.04913200071211091,-0.17541939224073,0.18411810085498956,0.38590659478607003,0.21642237306394846,0.21013206005468646,0.23468345300752738,0.03617979887431699,0.43160220389195997,-0.1548695148059726,-0.19225625037089109,0.37151556373164374,-0.020357242304865634,0.25795213336559136,0.18053015744041778,-0.2095769787325339,-0.22933531750560332,-0.06868492287747584,-0.20438861170326886,-0.07686598164032009,0.06546855528217395,-0.08763711558564274,-0.3170582515851315,-0.30412522196405667,-0.3940949572505215,-0.3746324183925466,-0.2151761789772079,0.07597493004423304,0.15277243948198496,0.012489329748433128,0.013996631167633646,0.07557596534393587,0.11557742608425733,0.289267666969466,0.1478488316359835,0.0394911145905134,0.19497048848069312,-0.3110591736774594,-0.23840012416292733,-0.13513308713772498,0.12184947983950116,0.15200737673862336,0.1060890047337116,-0.27671808168277284,-0.038748875914674505,0.05840404990254123,0.19016921763661346,-0.32849128348861306,-0.10791219124742658,-0.02149935864370261,0.0636800613510935,0.08337540569780022,0.1120387826555346,-0.15336677820027664,-0.04238611931509538,-0.2803553250831937,-0.27691619458887007,-0.22599022216947326,-0.13849096395166777,-0.34223593695079585,-0.12612762305596004,-0.12350194232814618,-0.03812532238995376,0.25181611105278295,-0.28187358205480517,-0.1529303820292422,-0.10383855167597128,0.06886112467875125,0.09187234955515892,0.03788156134881109,-0.11208077893977642,-0.24653096997722157,-0.2703812075757645,-0.3215765039919294,-0.10361944062775315,-0.05962011622015183,0.163519836397084,0.3576558769691464,0.38834785704830027,0.4078469144143116,0.16767746853702292,0.15684516609073937,0.41411166446794817,0.2666261919869264,0.19058461566552698,0.3385950416995714,0.30098645619833203,0.19316647418369723,0.0644624703857724,0.012960418502102097,-0.022796678641694094,0.032189238908644384
#17,0.13863795094651407,-0.007669799650335285,0.2780765701817252,0.11628132032665806,1.0,0.15640876991970493,-0.19031437870605797,0.1375989993928798,-0.0342835753445293,-0.1724175708801417,-0.02486362619655174,0.44480547047250385,0.05637088196761721,0.06212163402064209,0.07167761461105507,0.09854793282420447,0.01739741722851913,0.27056197419054445,0.03320901824555958,0.017959802252278983,-0.16115617596443096,-0.024262896739353713,0.16346049382152492,0.24368252635038595,0.01988158873769212,0.12155641881250942,-0.2686812710266722,-0.08477315159289167,0.040575714279193126,0.018412631751929774,0.26430270191311334,-0.154044196524351,0.2222105565877106,0.03472910114257282,0.0031679805721537245,-0.17824318587464108,-0.032440303651394324,-0.049085439614364554,-0.1030360574618724,-0.1352599889531513,0.15420305203430915,-0.28081363235905,0.0017191087658113729,-0.1911734766076132,-0.05544239890079291,-0.07072356858860532,-0.10987962586788516,0.031641461288099075,-0.18389077314246327,-0.017465889431087293,0.05914720154108104,0.02447196519786184,0.06973026517001647,0.039970420008490555,-0.21619321942602035,-0.08801234325571629,-0.13818968626036784,-0.04991075789598616,0.14948942560951672,0.17107186385900203,0.10345419437888866,-0.04223274158134269,0.08996699639836214,-0.012265653886710458,-0.2081664513596297,-0.2472659049514532,0.04280790808291527,-0.057514824231856006,0.2095806305833375,0.245915633116809,0.1795313762456235,-0.018709344629725153,0.03482952703967279,0.0889727800170724,-0.0974158590750775,-0.07486111554912424,0.014162790379199057,-0.03309124605714234,-0.16185641835602807,-0.19510743288582946,0.125667489854702,0.3505621567830846,-0.004737363455016045,0.019797596169208505,0.38513605426650294,0.12920065550721926,0.006890129503759124,0.2510127038759831,0.2166706989185957,0.127279781984507,0.27131882026959786,-0.06071567146124245,-0.08848617089748799,-0.05198500915245108,-0.272168788544144,-0.1747173239237311,0.2110943227414444,0.12043347469039152,0.09790612004546555,0.14659442088493474,0.12416566621170692,0.3564571569428531,0.33314921918865004,-0.023186513714982173,0.3063428083645643,0.11997334148913347,0.1745739887796884,0.07231486257628944,0.07880146256624686,0.08845056535215254,0.187379203622636
#18,-0.14386374944651636,-0.4166223118954475,-0.1991947668977984,-0.11467633189846028,0.15640876991970493,1.0,0.31084736633084853,-0.16948696061022428,-0.41060680065915905,-0.2167227377925475,-0.07478899149575244,0.5338576782445553,0.07574668936900583,-0.12369366449533704,-0.573946783404164,-0.5205968950138542,-0.03718679673341946,-0.2699265521507119,-0.1070886988912068,-0.2002273277125263,-0.10243715393007619,0.022317373223716946,-0.18095194620823765,-0.3029858445133224,-0.43056416530102665,-0.47833585158878333,0.3146562467190403,-0.03285935353111149,0.4924036938470879,0.70197884665422,0.12646724518069813,0.4690190672260085,-0.3474754298913118,-0.3782660099421638,0.3909917970301323,0.04851209903819379,-0.13601592206950386,-0.13883423792720948,-0.23605472298429248,-0.4221238251311243,0.04813595840541934,0.13899400639986853,0.42893726576800706,0.43243208698708613,0.33243345643113753,0.3173522255748241,-0.13965681732072835,-0.1081194337805329,0.1698621882802978,0.14631414133575574,-0.12077948755403597,-0.037545591074876636,-0.5546933130046972,-0.37992121131891154,0.06669922900299909,-0.1488366572783669,0.19619751035071462,-0.01253589084617948,-0.15755271218394373,-0.22785631793013097,-0.32318697019633263,-0.35094925296827,-0.2238274135310202,-0.24229756193310723,0.408925123364085,0.09343260281101215,0.4892201929090187,0.3869017241300607,-0.42145188458325533,-0.421745858572948,-0.24621782377080983,-0.15575052381234963,0.04358575230408961,0.3220202038645711,0.05925858299059192,0.24864813048062923,-0.10556496414338992,-0.1641917769449529,0.4162078268292349,0.03144517430740367,0.4839414425723637,0.7184231308229903,-0.26575705149566115,0.7788512190334463,0.6261801184112623,0.09688360182044763,0.1428567515874139,0.10840792999402009,0.2757339078911931,0.5711111212551411,0.5783828691678802,0.6951097152925817,0.5541318409436382,0.07021048355069454,-0.009963161955018328,-0.023712380230705675,-0.4977828700808428,-0.23110098736916104,-0.46253246723605107,-0.34892612762305597,-0.45095883907662954,0.2726307476708039,-0.2833909260637157,0.12527035107980664,-0.39260226323453556,-0.3893256401009737,-0.3820091570158901,-0.4116521429516997,-0.38615126878991357,-0.2735765770289455,-0.2582908425276285
#26,-0.17394130562795856,-0.04484290194324111,-0.24571112947180543,-0.09400503042448201,-0.19031437870605797,0.31084736633084853,1.0,0.03578266009942164,-0.1437121976381655,0.3071197396230377,0.37228062647500537,0.15487407961947713,0.33549827221808853,0.37642273824902883,-0.31538205206626285,-0.34735857066559545,-0.08544965695426514,-0.4021153345780058,0.11933426759849726,0.12453267721747228,-0.04826833799705113,0.07793232207498163,-0.23967918490690063,-0.08340005569072476,-0.32213706309028745,-0.2690747579507639,0.28256560778209405,0.040041631099161444,0.3586930025973789,0.2931468454856277,0.020398325626406533,0.35121309918883264,-0.3539656817320728,-0.36479524529025364,0.22452674295991637,0.05479784723395126,0.046755558801645156,-0.22159795861540077,-0.22733045141440747,-0.3590846635960688,0.19799604687150507,0.3029949741403315,0.358732259993518,0.33377916345227715,0.2756572190243168,0.34808985378902346,-0.24749779747748404,-0.1520639804260797,0.15442946678413452,0.1941962961103224,-0.23717218933020492,-0.04918403958606271,-0.38610562065486814,-0.21019596744375008,0.07110792588568794,-0.12451624388885592,0.05704647436628976,0.08669858992910845,-0.35865557112664165,-0.2762488188545057,-0.30581785481154167,-0.26322358000063906,0.2093505639827085,0.0978705145001301,0.34535096568629686,0.0785586144878051,0.32100955415466503,0.21720478209862737,-0.2516800796103475,-0.17734209168884404,-0.18480921361957758,-0.021366066089369917,0.10930080751550895,0.2820543486695851,0.21793241337125172,0.22403191717602378,-0.2096819694431384,-0.12045812468331606,0.4239104931368029,0.296659925958725,0.0713096906425888,0.1952462032163676,-0.3109277070485285,0.32358958674743343,0.2233125025677076,-0.14630957652225118,-0.07303519014730653,-0.02207452514527519,0.1068102452674296,0.08182336910625516,0.2986547494602108,0.22531828162160436,0.37870331907589916,-0.17021641780825045,0.06705711038175535,-0.13223077871153574,-0.40144704588094055,-0.29844020322549725,-0.4197044739737158,-0.3862142632162763,-0.36397266589673477,-0.06392564831763799,-0.2219850548005861,-0.06956958373465652,-0.29555067627712067,-0.3831293622499053,-0.2901066796916012,-0.30147580420601916,-0.30792497272523933,-0.3174928218307641,-0.2536968142166552
#49,0.3596643949111459,0.244843814905942,0.20927935289203758,0.22302765820502404,0.1375989993928798,-0.16948696061022428,0.03578266009942164,1.0,0.39022673428677074,0.413201440655142,0.3241537976965951,0.24702396983571237,0.49530874116137985,0.02357178397476571,0.29552328739609346,0.11990213039846256,0.3825331976062118,0.18737737769723417,0.16760717040905293,0.02431402265060461,0.15019971059082382,0.1034185888335532,0.22598474439326782,0.14847055923530245,0.20210072717479127,0.13557130923416125,-0.19279672428982914,-0.2060830704761557,0.03748077072311211,-0.14058347446215086,0.034176758708522964,-0.09018702040928119,0.1992878890932911,0.04223274158134269,0.015453719638284178,-0.06075218996927881,0.1928460242756782,-0.10326247221169779,-0.03116124290742102,-0.011056891270707135,0.06382522242053801,-0.08370224634472559,-0.10852661514513824,-0.1490338572217632,-0.18859800882834932,-0.024215422678906452,-0.26639429946089555,-0.24120565854282022,-0.24374186892594504,-0.25446644177352135,-0.21624251941186942,-0.1685712590212127,0.008331697608494205,-0.05697526327561887,-0.015073927154706094,-0.07619495405515207,-0.11933974537470271,-0.1781199359100184,-0.09619796683206508,-0.07918673282603039,0.06728352513158074,0.05543692112458745,-0.07271291431388571,-0.10934189083704986,-0.15701497715310841,-0.07859148114503782,-0.14937713119730495,-0.060455477091483426,0.2950476338289199,0.14061816704478539,0.31541674464889735,0.19978180191448278,0.17921640411380993,0.08742348231363008,0.054712941702766735,-0.04158088621289377,-0.026286022084567734,-0.07723573153418817,-0.057786887116726846,-0.03960706085352883,-0.24591198126600539,-0.07365783070932637,0.2556879858673374,-0.17985821689254886,-0.045779601674373595,-0.02246344725586236,-0.050262248535836065,0.16167199989044448,-0.05542687853487746,-0.1685621293942036,-0.12326183313780716,-0.3144836967685685,-0.24563078875412545,-0.052121040594886495,-0.08654338626995393,0.03284839797870058,0.05696248179780615,0.19711868971593166,0.06310672077492274,-0.010195054481049176,-0.03773548731666568,0.16968142166551786,0.22033807008814654,0.046273514495565285,0.2908361368896274,0.10169856710504092,0.09679047962495492,0.07042868163621176,-0.00673401288190371,-0.011513372621161562,0.023567219161261168
#50,-0.12921982772393834,0.5840980156755696,-0.07971990304336116,-0.004552944989432457,-0.0342835753445293,-0.41060680065915905,-0.1437121976381655,0.39022673428677074,1.0,0.2863553159535667,0.2999958916678459,-0.1229468610059936,0.08015995106519923,0.23663719318747234,0.4166807415083057,0.2340051217207521,0.20016889809966815,0.04805561768773937,-0.1710892101503193,-0.17079249727252394,-0.03447255862361743,-0.3973368878014489,0.04460370571560299,0.009692924995549307,0.3136465099718351,0.14737865584501544,-0.47462374524688794,-0.34085097253351715,-0.34172924265179144,-0.4513998000611685,-0.2163849415932112,-0.10870464287181547,0.13373077642912898,0.3061602158243825,-0.23517736582871906,0.1842258304536968,0.2779925776132416,0.26333404848744907,0.28330693349523206,0.4146923087457262,-0.2016396810108323,-0.07773055731808078,-0.3454039175229496,-0.16031716324229572,-0.2651764072178831,-0.15838076935366804,-0.034543769714288325,-0.15542277020272338,-0.4314552168971137,-0.33927246002364575,-0.21433534032967083,-0.22219047140829062,0.2737025658816709,-0.010581237703533622,-0.3982881949357959,-0.39782988765993965,-0.3692377217928762,-0.4949444690437172,0.3171440700790169,0.18573313187289733,0.3385493935645259,0.5760046013320126,0.08099622489923174,0.12320157759954717,-0.2687214413855122,-0.1479410408687753,-0.18681499267347432,-0.21612018240994765,0.18640689834616805,0.08022385845426284,0.07134620915062515,-0.09911305673606705,-0.26027014566319895,-0.5793907799896835,-0.23585752304089616,-0.36730132790424846,0.09338056393706035,0.032463127718917045,-0.08605221233686498,0.016820424801544734,-0.1464656931441066,-0.36416438806392565,0.42628693504726867,-0.4062483167250202,-0.3571857011781784,0.056355361601701764,0.07920499208004857,0.15891211364559701,-0.262102461803923,-0.15012484764934927,-0.4107656561691172,-0.50177799486002,-0.3393007618673739,0.12532147699105753,0.16790570921225012,0.31916445653612824,0.34913337015616225,0.29276340115124594,0.29280448447278684,0.14256277759772124,0.14128462981644885,-0.15495898515066167,-0.0705373241976199,0.21442663659976172,0.14934517750277312,0.2995594954968115,0.0974277275901893,0.4228697156577668,0.2669585104100572,0.3077149913040303,0.3077487709239639
#51,0.3270424116822707,0.3951859476781076,0.25922297744525646,0.43446251603390745,-0.1724175708801417,-0.2167227377925475,0.3071197396230377,0.413201440655142,0.2863553159535667,1.0,0.4818169783673488,-0.10195237073589358,0.5116352531417329,0.15928551539026872,0.048025489918609374,-0.14711846147525642,0.5109760940716767,0.06826678596045958,-0.10098189138482748,-0.033688323663536725,0.0016086402790014013,0.012589755645533102,0.21771512824843542,0.1335983968374972,0.17329949284921964,-0.0028374880744247194,0.1407751966293417,0.1432812792433365,-0.03990103484322148,-0.2498833690149589,0.1402392875239082,0.08747826007568461,0.12780199664942687,0.1691172107163562,-0.159302861681586,-0.12287017213911726,0.09459845618007276,-0.2878480099695527,-0.12828038910470313,-0.12625817672219,-0.07982215486586296,-0.055080865671233,-0.1918846745516212,-0.22404743754193923,-0.13704939584693268,0.012079409495725052,-0.0006737664732707346,-0.008650321591111395,0.05453126212528587,0.04285629510606344,-0.05708299287432612,-0.00661441476808465,0.20765793113522346,0.07186477196474138,0.11571254456399184,-0.05406291225971963,-0.1141002524341868,-0.1383293695536069,-0.17642639009983246,0.05380545677806333,0.04331916719542423,0.11735131261212323,0.05636449122871085,0.16508374150374086,-0.0038335303811162795,0.02363477840112842,-0.2552725878384239,-0.03526135839720268,-0.13912182117799576,-0.10493684580516463,-0.10075547663500208,0.13662030337750553,-0.07488576554204877,-0.10360665914994042,-0.022342023216641485,-0.1450350805917824,-0.1936183907206471,-0.07995270853209292,0.02804347528381728,0.011738874408286049,-0.34472558623617433,-0.26809880082349236,0.039737614519758796,-0.25398165857933874,-0.22502887244541625,-0.22163447712343712,-0.035036769572779104,0.011142709764592567,-0.1711932878982229,-0.27713165378628457,-0.2645628962828724,-0.2905165999443093,-0.11263312137382628,-0.16354813824081219,0.12481843454285675,0.2342214938808675,0.07415356945591987,0.30254670945418527,0.16295106063441778,0.007573938566739856,0.009556893553113888,0.06845394331414591,0.10462096071065016,0.04339585606230058,0.14445626223940622,0.20182775132721953,0.09198738285547343,0.09100594795199642,0.09245299383293695,-0.03455107341589559,0.0827545910611822
#52,0.2052394929405159,0.27288455130165656,0.0038198359406026467,0.13457435396476877,-0.02486362619655174,-0.07478899149575244,0.37228062647500537,0.3241537976965951,0.2999958916678459,0.4818169783673488,1.0,0.04462013904421935,0.33029438482290807,0.3301291385740436,0.06435565374976605,-0.06052942707025705,0.29364714904572575,-0.044668526067367514,-0.05673698001068166,0.00816827728503152,0.11414407464383043,0.03866853519699453,0.18138286460306663,0.17069298433812485,0.09380235270488024,0.14587500627661856,-0.155085886966088,0.018141481829759845,-0.11389666175188412,-0.1739540871057713,-0.02057726631578467,0.08035623804589463,0.004678933842157879,0.06397768719158979,-0.059873006888303576,-0.0010261700758215522,0.07429599163726167,-0.06142413051714772,-0.14157312602993605,0.05419255296324869,-0.09715840359342119,-0.08041649358415462,-0.2228688026950659,-0.04825738244464022,-0.24384412074844683,0.03421784203006386,-0.26057324927990066,-0.215755910292285,-0.2199391053878494,-0.14184518891480688,-0.30505005318007733,-0.18095924990984494,-0.02366764505836114,-0.11309508050048615,-0.1609014593708774,-0.18628456134424629,-0.0987360031405917,-0.1452304546097769,0.006192626000264759,0.006960427631729106,-0.024308544874399155,0.058973738627908355,0.04178904170870099,0.14853446662436606,0.06384804648806074,0.0641018501189134,0.0017857550429777192,0.06455467961856419,0.03227505740252982,0.03081705596917838,0.12456097906120045,0.2334573441002068,0.05318829399224895,-0.13044867551936165,-0.0320979426385535,-0.021366066089369917,-0.04324521721665062,0.014879466099412509,0.15506214993586437,0.07832307011097062,-0.24976833571464438,-0.2084558605358178,0.037873344684502916,-0.12459749756923681,-0.15881716552470249,-0.16253292371740152,-0.12792981142755414,0.021104958756909986,-0.16373438263179757,-0.13138628821319506,-0.27115083513263066,-0.19662477689473998,-0.11823688643200482,0.004426043174006126,0.07359209739486093,0.2729265475858984,0.13440362993969882,-0.02229728804429695,-0.005292444777168628,-0.1772243195004268,-0.15858709892407347,0.015448241862078724,-0.08259208370042041,0.14015073014192006,-0.049807593110783456,0.013919942300757302,-0.026508784983589495,-0.05802425741896315,0.007003336878671822,0.06632034948212191,0.1396084302975802
#53,0.003046556532932847,-0.25343114207069073,-0.17934604481733898,-0.15125326954767263,0.44480547047250385,0.5338576782445553,0.15487407961947713,0.24702396983571237,-0.1229468610059936,-0.10195237073589358,0.04462013904421935,1.0,0.40190261426869406,0.18183478114001653,-0.11144444393724294,-0.31886135291942647,-0.0037705359547535685,-0.24567552392647,0.09773174416959195,-0.032902262778054206,0.15981138190599223,0.044537059438436645,-0.0016415069362341202,0.01763387456805452,-0.11085649595785764,-0.2604216974715498,0.10497245135050008,-0.21309553698183661,0.42573915742672336,0.43638521548202147,0.03195004268100627,0.015830773233759535,-0.22530458718109073,-0.38388986017976234,0.3605116242975893,-0.008133584702396984,0.0806629935134,-0.12141764848197127,-0.1610447945149201,-0.2872673656917747,0.156157705176955,-0.01683138035395564,0.41121300789256254,0.23320354046935413,0.07180999420268686,0.2526322997073955,-0.31736409408993593,-0.3123437121976382,-0.04975646719953256,-0.14810354822953709,-0.3004468952420949,-0.2522470294476119,-0.4314433483820019,-0.35356397814367296,-0.0900546408176494,-0.1832973473868725,0.021808852999310714,0.035953384124491596,-0.30337385366120867,-0.41498810866082064,-0.12555063062898567,-0.2739645861768317,0.13291367481181557,-0.1335253598214245,0.06090100288952695,0.004516426481396102,0.45974975692368086,0.33778615674656615,0.01996923315697937,0.014522497683357146,-0.0521529942894183,-0.11739422185906595,0.11078254597908402,0.28364655561997015,0.26503763688734494,0.160715214979892,-0.11465076894283484,-0.24401210588541405,0.38076935366805587,0.0730525364386238,0.36738897232353573,0.567496701922243,-0.09502937457490174,0.5744945610247093,0.7227898314214373,0.23410919946865572,0.012866383343908485,0.1865246705345853,0.1920289226583648,0.4357762693605153,0.48096883601820445,0.345189371288236,0.23381796436706578,-0.17179310439272003,-0.22470933550009814,-0.12479834936343676,-0.2728882031524602,-0.34408925123364087,-0.4838273222347501,-0.32596055088169373,-0.36071977979339653,0.17870970981480552,-0.1724203097682444,-0.10421469230874572,-0.1371343013781172,-0.2884049172171071,-0.25898378121761834,-0.11615624443663354,-0.19079094523593237,-0.20557089840094583,-0.16530285255195898
#54,0.2465519681193425,0.04087607900779214,0.1198427878229035,0.20038618322248444,0.05637088196761721,0.07574668936900583,0.33549827221808853,0.49530874116137985,0.08015995106519923,0.5116352531417329,0.33029438482290807,0.40190261426869406,1.0,0.34578279704382675,0.16333906978230403,-0.10530294384822908,0.4158691176671977,-0.0276025142992783,0.011909598433356006,0.04832494168450748,0.13472225392231602,0.0283858362966581,0.19240688921654106,0.13481902796861234,-0.037268963376501256,-0.06530330903330944,0.04951179319568899,-0.07236324959943762,0.2557308951142801,0.07814686830969521,0.05433953995809501,0.07828746456563516,0.05403461041599145,-0.00043274432023079695,0.09310850105218951,-0.01718743580731009,0.13636467382125103,-0.13175786403246495,-0.13523625192292768,-0.13621951275180652,0.11752203663719318,-0.03268223876713517,0.024296676359287343,-0.046123788612616234,-0.07991619002405656,0.09609662797226419,-0.08884405227624426,-0.06126162315638595,0.018872764953187838,-0.054645382462899475,-0.06461037034331962,-0.08081363235904997,0.01868560759950152,-0.10308170559691784,0.06145699717438044,-0.16699731132484583,0.0033807008814654878,-0.049364806200842666,-0.23865210186837818,-0.12332300163876805,0.030789667088151115,-0.01602614725175403,0.1428147553031721,0.16550370434615894,-0.13507922233837136,-0.02164451971314712,-0.052482573824446405,0.09769613862425651,0.12330382942204897,0.0967576129677222,0.13589906284378753,0.12889024818891023,0.16346231974692674,0.13470399466829783,0.1562289162676259,-0.0025864233316747844,-0.07475064706231427,-0.02839496592366719,0.1964622695339782,0.15611936074351682,-0.11994960445890983,0.1030360574618724,0.14381992723687273,-0.03700511715593859,0.17173832663066552,-0.018412631751929774,0.03932221649084527,0.08037541026261372,-0.0860229975304359,-0.09526126710093259,0.016810382211834736,-0.04153341215244651,0.005391957711567694,-0.08693961208214838,-0.007874303295338869,-0.07621686515997389,-0.09146242930245085,0.0752189969278805,-0.10611182880123432,0.03487243628661551,-0.028453395536525355,0.06103612136926146,0.10951626671292344,-0.02679271638357215,0.1497550977554812,0.10586532887198893,0.0540501307819069,0.02058365705469103,-0.004742841231221499,-0.07890188846334684,0.0015337773375268754
#58,-0.19504809031027037,0.03216367595301894,-0.3059529732912762,-0.1405277837373954,0.06212163402064209,-0.12369366449533704,0.37642273824902883,0.02357178397476571,0.23663719318747234,0.15928551539026872,0.3301291385740436,0.18183478114001653,0.34578279704382675,1.0,0.1770992436104023,-0.08856468568976615,-0.07368156773955,-0.3237110107866543,-0.13531567967790675,-0.02118986428809451,-0.18842728480327936,-0.3613652444229391,-0.11501230217239475,-0.04575586464414996,0.034132936498879336,-0.04697923466336783,-0.10878498358949545,-0.1605499687310275,0.04655744589554794,-0.01864817612876426,-0.08331880201034386,0.2004117461781099,-0.09084526651663646,0.0958400854533088,0.10251384279695253,0.3670247002058731,0.34893160539926144,0.2592731903938065,0.11430201719108765,0.15250220252251595,0.08376250188298558,-0.01667708965750204,0.016445197131471193,0.10254670945418524,-0.1333089876613091,0.022342023216641485,0.06296064674277732,-0.026485047953365867,-0.12238721487033648,-0.17492639238223923,-0.14589143960523493,-0.28702634353873474,-0.009703880547960213,-0.2530394810720008,-0.3383302825163078,-0.43268862950604153,-0.2463885477958798,-0.2061780185970502,-0.06269314867141103,-0.11599282411317086,0.28144083773457435,0.2512071649312767,0.6509917057338622,0.4818589746515906,-0.18979398996653993,-0.17833174325662926,0.15128978805570897,0.11430932089269492,0.08866145973606249,0.20042178876781988,-0.11012521283442965,-0.1557048756773042,-0.08797673771038084,-0.18399850274117052,0.19559039015461024,-0.03380792177735579,0.07342228633249188,-0.05579115065254009,0.21805657629857533,0.24383773000954045,0.10372443133835767,-0.02433045597922097,0.13471038540720418,-0.09884738459010257,0.10478164214601013,0.1761223735204298,0.06161128787083404,0.041456723285570166,-0.15101589924543632,0.010349345177502772,-0.011328041192877066,-0.13016839597018265,-0.10688967302240866,0.0006025553825998439,0.0995403232800924,-0.020936973619942758,-0.010518243277170911,-0.14881565913624598,-0.11101991628132032,-0.017118963604741928,-0.08358630008171015,-0.20438404688976433,-0.1859348966297982,0.07273756430681025,-0.0987989975669544,0.06995576695714097,-0.05793935188777862,0.3507054919271273,0.14294622193210296,0.09420770814408377,0.07835502380550242
#101,0.11536196688684283,0.1717985821689255,0.19994522223794547,0.07911369580995768,0.07167761461105507,-0.573946783404164,-0.31538205206626285,0.29552328739609346,0.4166807415083057,0.048025489918609374,0.06435565374976605,-0.11144444393724294,0.16333906978230403,0.1770992436104023,1.0,0.6942268803608028,0.23416580315611205,0.26669466418949456,0.2908781331738692,0.161045707477621,0.28551265138062787,-0.03861832224844454,0.12117297447812769,0.17621366979052072,0.44064783833256493,0.3927017761689346,-0.43235996293371437,-0.2920996772676852,-0.17564032921434994,-0.4020642086667549,-0.198938224378843,-0.46393934275815163,0.1839857212633578,0.2576280316067687,-0.15811327128230176,0.10483368101996193,0.3341242633532207,0.28460516645592443,0.33292280443882466,0.36263700146530514,0.12107528746913045,-0.13944774886222022,-0.33926241743393576,-0.32413645140527786,-0.4803443695307828,-0.39156787649440583,0.12780747442563234,-0.008544417917805969,-0.32988811642100363,-0.40042635358132445,-0.05843509063437213,-0.19535301985237394,0.27682215943067645,0.14239205357265128,-0.23899081103041536,-0.1342794670123752,-0.19092971556647054,-0.13048701995279982,0.17664824003615331,0.14551986378596501,0.3082454226332583,0.2119926780391387,0.260329488238758,0.3000680157212177,-0.5701798993002141,-0.2495035765313808,-0.35861540076780163,-0.18347811400165245,0.7967197250156345,0.6722728662920476,0.42600848142349146,0.16384211223050482,0.13681111258199546,-0.20784782737701252,0.07264079026051391,-0.1841327082582041,0.21586181396559043,0.2324996462269534,-0.20102434415041973,0.08960546316880223,-0.3896871733305336,-0.416457065646583,0.43562928236566895,-0.6356429768061825,-0.3563202125377168,0.013696266439034634,-0.09391556007979295,0.017242213569364624,-0.30069339517134025,-0.46166423970748677,-0.45815024627168854,-0.6071010238876691,-0.5575581899601492,-0.020621088525428294,-0.07911826062346222,-0.1809336869542195,0.3123218010928164,0.14661359310165384,0.21231677979796135,0.27405588244692264,0.2877694951772745,-0.243521844915026,0.17616528276737253,-0.234326484591472,0.37666284743936784,0.23730000410833216,0.28938087434437865,0.2831727279781984,0.2956337558829034,0.27624973181720663,0.21816430589728256
#102,0.10536776419999361,0.31046392199646683,0.28512099038193794,0.11733031447000233,0.09854793282420447,-0.5205968950138542,-0.34735857066559545,0.11990213039846256,0.2340051217207521,-0.14711846147525642,-0.06052942707025705,-0.31886135291942647,-0.10530294384822908,-0.08856468568976615,0.6942268803608028,1.0,-0.04213596753504636,0.4172303450542528,0.2675838898601798,0.3285579297657794,-0.0858906179388041,0.16280224771416965,0.03612319518686064,0.24864173974172285,0.23717675414370945,0.5435588199044128,-0.5722587153701836,-0.09508963011316172,-0.26064354740787066,-0.3107770682028786,-0.16775141851579653,-0.37628853273199525,0.21815517627027348,0.26114111207986596,-0.18839441814604665,0.07673542797409012,0.1405679540962354,0.3903582009157016,0.2294576545075251,0.4519147110244811,0.025886144421569657,-0.12001077295987073,-0.46387360944368616,-0.26550233490210756,-0.3486586295516897,-0.37840569323540285,0.10090976733145568,0.07497249699863512,-0.2871002935175083,-0.229488695239356,0.1041297867775612,-0.039205357265128936,0.31799312539086216,0.16322586240739134,-0.36317291057073864,-0.06370379838131714,-0.2903513536954448,-0.10989605919650153,0.261100941721026,0.23259642027324973,0.28114047300597533,0.2601459827358753,0.10266448164260249,0.24557053321586547,-0.282866885473394,-0.0848881848932062,-0.313367143385357,-0.19577572158289472,0.6461447867547372,0.6109153820520663,0.5228528258478,0.2770750500988282,0.14101256693157802,-0.12722956903595703,-0.06817366376496688,-0.08753303783773914,0.30150228012434555,0.3418369722504987,-0.46131548795573957,0.1729041799997261,-0.31523050025791194,-0.33307892106068004,0.32580991203604376,-0.6030164287638029,-0.4042023673122835,0.02734323289222019,-0.019339288893352263,-0.025713594471097882,-0.17348756316560687,-0.44613474416502713,-0.43116306883282285,-0.502989496364126,-0.45390862156326606,0.13204453432055033,0.05869345907872934,-0.1450113435615588,0.4715141942875924,0.16833845353248092,0.35828034345656806,0.30057927483372665,0.2935996749852785,-0.16360200304016578,0.22692966078870846,-0.15115284365057266,0.3927401206023728,0.2437701707696732,0.2757220393760813,0.23882099996804632,0.3375688716237498,0.34480318806575155,0.2575759927328169
#201,0.3978408432123506,0.09687721108154126,0.5033528555190878,0.4865306047921412,0.01739741722851913,-0.03718679673341946,-0.08544965695426514,0.3825331976062118,0.20016889809966815,0.5109760940716767,0.29364714904572575,-0.0037705359547535685,0.4158691176671977,-0.07368156773955,0.23416580315611205,-0.04213596753504636,1.0,0.4304546097769176,-0.148344570382577,-0.3494739052436013,0.13340758763300725,-0.0914578644889463,0.32049738207945516,0.13799613816777515,0.24179817133571008,0.05552091369307107,-0.003070293563156477,0.05192384065149018,-0.022123825131124267,-0.2698763392021619,0.2985187180177754,0.011009417210259874,0.3079167560609311,0.3562115699763086,-0.17386644268648405,-0.23058790233125026,-0.010481724769134558,-0.22102826989003363,-0.03197743156203353,-0.0035760748994599825,-0.0926438030374269,-0.24755987894114587,-0.3997315889659328,-0.41873125573454695,-0.2646596703291687,-0.23027932093834305,0.21580703620353592,0.1430338663513902,-0.05870532759384115,-0.04918769143686635,0.11595995745593814,0.0924885993782724,0.29628561125135233,0.20358155267566544,0.1522319655630469,0.05781701488585684,-0.006978686885747282,-0.27343963262380916,0.09309845846247952,0.3182460160590139,-0.05226163685082646,0.01103680609128714,-0.36541240807606806,-0.08890339485180333,-0.14416776602591902,-0.0946231061729973,-0.40193365500052497,-0.13438810957378336,0.07838880342543605,-0.06517092944167766,0.18047629264106416,0.2760570966873148,0.09030022778419387,-0.03487243628661551,-0.20284113992522834,-0.2464816699913725,-0.0017967105953886253,0.13646418675565009,-0.02853647514230806,-0.23473914373228283,-0.3214934243861467,-0.19270360209433643,0.21159462630154244,-0.30882697987373725,-0.24512226852971922,-0.23052673383028938,0.0004793054179771485,-0.025673424112257894,-0.3072375118114549,-0.23515180287309362,-0.4298511414316168,-0.22643574796751678,-0.2247467669708354,-0.011773566990920586,0.01808852999310713,0.3072950284616122,0.1337846412284826,0.5404839615277518,0.26831426002090686,0.24447223908667212,0.21043242478328547,0.39649696211661273,0.26362163173823533,0.27135442581493335,0.36776511295631015,0.3878813331081359,0.36828824058393095,-0.15272679134693953,0.0798878881803284,0.06334774292796268,0.13814768997612603
