,#10,#11,#12,#13,#17,#18,#26,#49,#50,#51,#52,#53,#54,#58,#101,#102,#201,#202,#301,#302,#401,#402,#501,#502,#601,#602,#701,#702,#801,#802,#901,#902,#1001,#1002,#1101,#1102,#1201,#1202,#1301,#1302,#1401,#1402,#1501,#1502,#1601,#1602,#1701,#1702,#1801,#1802,#1901,#1902,#2001,#2002,#2101,#2102,#2201,#2202,#2301,#2302,#2401,#2402,#2501,#2502,#2601,#2602,#2701,#2702,#2801,#2802,#2901,#2902,#3001,#3002,#3101,#3102,#3201,#3202,#3301,#3302,#3401,#3402,#3455,#3501,#3502,#3601,#3602,#3701,#3702,#3801,#3802,#3901,#3902,#4001,#4002,#4101,#4102,#4201,#4202,#4301,#4302,#4401,#4402,#4501,#4502,#4601,#4602,#4701,#4702,#4801,#4802
#10,1.0,0.34897401365856767,0.192456709353011,0.23685263250165353,0.24718341846695727,0.1762815864338707,0.306222856186598,0.5004119883017635,0.12863438229645627,0.40335646949134984,0.342560702531696,0.22653619042306497,0.1602594649730255,0.056103722238602584,0.21391516387890572,0.18587605288112902,0.33396233932854674,-0.13831969335957733,-0.009372933085768474,0.15358637012009022,0.21157870410952354,0.2319231167672067,0.2744415845213525,0.06941325534509,0.0896859485691973,-0.05498808660520046,0.08496521607471572,-0.24626381595199578,-0.04769979838870339,-0.21041366175521362,-0.008515487413239407,-0.30096502482289283,-0.2272470096980612,-0.21818964212002645,-0.13714508841412396,-0.3693821769238738,-0.23514252245216713,-0.2766744495533473,-0.08516443672353752,-0.2697750400433504,-0.24155105228346707,-0.3122425073113978,0.08713592426427814,-0.18491979376678433,0.08964929196981408,0.22830526978460264,-0.29263441417176006,-0.3008885240937453,-0.1569157456032003,-0.005841149423455442,-0.3180183123620397,0.05759867398736144,0.14043940106304137,0.06824821299078007,0.24292806540812342,0.21744057248045645,0.05380232530341305,0.11521966068739092,-0.09345520324490593,-0.3241686522324666,-0.3299492385786802,-0.3397078628405677,-0.11624923300050204,-0.03987759883336388,0.020519726828646334,0.13969670648423368,-0.09233638008112265,0.15268270525703448,0.22472407940138178,0.20035381587230752,0.24607893918988916,0.17929539640924702,0.3764074938839261,0.17991696483357106,0.26579540836248594,0.25516977583692596,-0.24260612483962737,-0.21444907521774817,-0.09412299085975663,-0.1267266453633386,0.020269505693726143,-0.10103833802165926,-0.20726438173863845,0.1782419176182773,0.17009140243367946,-0.3726780833379818,-0.4314449872100343,-0.09306313700802461,-0.2070555984986732,0.09907960060244324,0.01772426268437871,-0.24397995043390258,0.1843157567595566,-0.40097697806182214,-0.4124170245997657,0.03305947134808629,0.009188056323661835,0.014747109308385596,-0.2549546175361984,-0.0624835642964722,0.01648431336611177,0.2469252285060842,-0.0989074739618612,0.004725513790053312,-0.32280917052490654,-0.2466574759540677,-0.13120671931404346,-0.36977264939556453,-0.11137231151734416,-0.3724485811505391,-0.3887368613982102
#11,0.34897401365856767,1.0,0.2274207301038338,0.3530062395907211,0.10945501199308307,0.07317932249041749,0.19907083489389507,0.19841739116575954,0.12633139159607615,0.427232665811346,0.3604108726661301,0.014865047932488107,-0.020669540756560335,0.030324570281060493,-0.02877383675063153,0.10125190255719625,0.27628875837722827,-0.0007219756313302362,-0.1881631059296034,-0.17392281395182047,0.0009100399238180239,0.08071464431145359,0.12950139056012877,-0.10395492832041055,0.00949246547506156,-0.045449401939612236,0.12140028209643873,-0.0777677724740814,-0.10383858346149862,-0.12074205707273147,0.09408633426037342,-0.060725641291268555,-0.1861278677812398,-0.1434293045605591,-0.09507765620891075,-0.12579907402242427,-0.1300942712110225,-0.053926638988277854,0.022752591860641172,-0.008164859071313023,0.006848409023898509,-0.2755492513288017,0.09470949644988803,0.030675198622986875,0.0305237909298823,0.0660615671493119,-0.09343607806261904,-0.13698252436468536,-0.03970228466240069,0.013017874076612293,-0.029130840153320212,0.12221310234363171,0.13288495405971837,-0.004006725689104224,0.2573707655651093,0.18830813856194567,-0.057012168397230036,-0.07933763118679725,0.0504028241519177,-0.026107467586800437,-0.0348253631792428,-0.0679406163089992,-0.24757867223421973,-0.22741754257345265,0.20490242172620707,0.07543131270469922,-0.1903672831881679,-0.010778633983855158,-0.038014487325582325,-0.08145574512507073,0.18438906995832305,0.19984699854170485,0.09447361920168301,0.09872259719975456,0.002000175314170963,0.04686625919403294,0.10213166094239336,0.009626341751069814,-0.20943030863262915,-0.18340731060092916,0.038970746439927005,-0.2568814796516029,-0.22563890062077155,0.020588258731841037,0.07932009976970093,-0.10149096733578242,-0.13759453019786594,0.0024926487580584755,-0.11303779614149448,-0.010749946210424818,0.08543059551036346,-0.10483787423598881,0.04849349345360948,-0.09299779263521106,-0.08428945963391214,0.1587756695806007,0.08747220871948935,0.2303102263943453,-0.10557259998884365,-0.026780036497222864,0.02945437448700683,0.14221485548534135,0.003735785606706564,0.044375204201165044,-0.23829817752950458,-0.08139677581301946,-0.17538429663157726,-0.0798651674648774,0.02171823825195834,-0.0696698515407725,-0.08017435791184885
#12,0.192456709353011,0.2274207301038338,1.0,0.40706516108981666,-0.07146602491054993,0.11862872443002973,0.30183681438213705,0.27683382607240475,0.2386535871670027,0.31223931978101666,0.2752496234729737,-0.2221820239224155,-0.08313397987074564,-0.2786347807377539,-0.28196574998605456,-0.07823633944011028,0.40120807401445546,0.5656065471874029,-0.15474663117882842,-0.07182621584361976,0.03559037047071855,0.03393604220290224,0.22217405509646262,-0.1837483763517121,0.05029285435376806,-0.19186701623249847,0.38428228769055456,0.21998422172461332,-0.040658543776745375,-0.18619480591924392,0.1408505924822096,-0.1542159073703671,0.045739467204296794,-0.03771804700013547,-0.22775382702866387,-0.28325351226003875,-0.057335702730916656,-0.09783168245822343,-0.026644566456024033,-0.11174525257193858,0.011245607184693479,-0.2003123779773526,0.0931762943365554,-0.22178677015515305,-0.13628923650678545,-0.07739961271505869,0.11796093681517902,0.1707623775789113,0.17480894739777988,0.1667476830638542,0.12411924551155878,0.2619958721481564,0.22807417383196935,0.06555953111428094,0.3144419032743906,0.017223820414538325,-0.08335232570185434,-0.34767190749786836,0.01615599773685343,-0.06208034170325686,-0.11523081704372495,-0.0750392464678179,-0.34986014710452706,-0.061602212146084516,0.49269019595343017,0.3307158396353465,-0.38237773828781807,-0.06959335081162492,0.060123198049231406,-0.08154340221055231,0.28615097737650314,0.3106471483556328,-0.07322554168094415,0.18081106710548334,-0.0850719983424842,-0.020213723912056038,-0.08835993593063934,-0.15459044219015214,-0.02479420506976707,-0.2373594498322562,0.01926383985847365,-0.30762855708468473,-0.12344508283594578,-0.04343169520834495,-0.0684522149351736,-0.18428706898612626,-0.11498218967399533,-0.4149782052610189,-0.15938926917897187,-0.21611934113747022,-0.00324968722358135,-0.3473053415040362,-0.1220951637195292,-0.10019842376622652,-0.09088924128808103,0.44951509694076774,0.191535513072859,0.4367777255376965,0.20575986739873614,0.25075345249384406,0.3840081600777757,0.2844775239263999,0.3224266668791687,0.3843173505247472,0.1276334977567755,0.22802795464144268,-0.01850361386256963,-0.08555331543003769,0.04746551490568895,-0.08027476511885503,-0.07347735658105492
#13,0.23685263250165353,0.3530062395907211,0.40706516108981666,1.0,0.14872060499326634,0.25910796962283544,0.2269139127732311,0.11465706157511814,0.12939779582274144,0.6232610029564344,0.34941229908597565,0.09907800683725267,0.19486648232115963,-0.017270039605064985,-0.02263146570615751,-0.20120329271888374,0.43243152786299993,0.05132242666687917,-0.010303691957063967,-0.09378989393492657,-0.10236913195578895,-0.18804197977511974,0.06209149805959088,-0.29156659149407516,-0.11002557993130872,-0.26357369968682515,0.23492577038624898,0.02466192255894939,-0.01572886866577947,-0.03419901345934703,0.06511168309572951,-0.031416299436604005,0.013354158531823507,-0.059627537074962746,-0.06497143175895895,-0.2575094231366893,0.043229287029142,-0.2342022009897282,0.007962450892110066,-0.04234952864394489,0.187887384551634,-0.1669596538342006,0.2727601622452964,-0.1225318553817466,-0.0933324833252317,0.04110320426491565,0.020287037110822463,0.014245073273354636,0.07817418259767789,0.06158149319860705,-0.029639251249113468,0.10365370669939197,0.17129469515256318,-0.06781949015451554,0.17865151527225495,-0.0595303173983377,-0.1363737060618859,-0.12668201993800254,0.020561164723601272,0.0022535839794723045,-0.17788172668520746,-0.22546996151057064,-0.08225740901592968,-0.2331710349114265,0.1490792021611456,0.05685597940855374,-0.035834216544876445,0.21144004653794357,-0.06297763150555029,-0.20571683573859062,0.2216401437576202,0.19718062937787376,0.07281275649658536,0.05871112209038242,0.04572193578720047,0.14477284861621337,-0.1776681621496705,-0.21454948242475436,-0.0673222354150563,-0.27170349592394555,0.15667986835499526,-0.22508745786483278,-0.09372933085768474,0.12751874666305413,0.056287005235518654,-0.09076174007283506,-0.22314306433233191,-0.23972778490544988,-0.06972244579206145,0.02097713743834121,0.20657268764592912,-0.04005928806508937,0.12479659571755293,-0.0166946903712676,-0.002801839205029923,0.19624987050657827,-0.07800843101785813,0.09676226601534796,-0.09835443744073186,0.012719839985974866,0.32817378415638027,0.2703376391556232,0.1706125636509973,0.25155192885432187,-0.12085202687088112,-0.006328841571771231,-0.02113810772258923,-0.19081672497190988,-0.027318729131637035,-0.11074755556263896,-0.09711289435727434
#17,0.24718341846695727,0.10945501199308307,-0.07146602491054993,0.14872060499326634,1.0,0.41397094566057585,0.159531114280933,0.20536620739666425,0.36977424316075513,0.2931747005713648,0.45579293802644055,0.6165289387914479,0.5256556351552726,0.2496537545123477,-0.02287690554550598,-0.2729195387643539,-0.004363729091792906,-0.03520467929459953,-0.02188558359696866,-0.09025014144666066,-0.1719927643060348,-0.16535632605248268,-0.15841547864753086,-0.1393269529600204,0.019453497916152012,-0.11563722716732144,-0.14767828255863064,-0.26852552813394004,0.21851955151447539,0.16184526133764712,0.17118472535441354,-0.1573396871438931,0.06347488624500952,0.014919235948967638,0.1842041931962164,-0.12564447879893856,0.25230896731984476,-0.09566894309461386,0.3101323621990772,-0.02752751237160229,-0.09662360844376798,-0.003614659452222904,0.08790252532094446,-0.07811043199005491,0.06892237566639307,0.23674106893831331,-0.2753149678457873,-0.30714564623194063,-0.15953430181131414,-0.29888037995362143,-0.3117070022073648,-0.1987026751348724,-0.13984173911657596,-0.0768800452629314,-0.04380623002812996,0.07952410171409446,-0.04126098701878252,0.07117595964586537,0.13851891400839914,-0.10252532094446525,-0.06404067288766346,0.030052036433472255,-0.05237112416227717,-0.2086716764019157,-0.12578791766609027,-0.1698379937683781,0.3272127437464638,0.3257911051964714,0.02640390791224729,-0.03955725203005841,0.06819402497430054,0.029428874243957636,0.11397652383874284,0.31074277426706726,0.18582505239503064,0.21221780395094392,-0.17965080604674513,-0.07051932838734869,0.1372168078476998,0.11767405908087561,0.2254173672592817,0.25716357609033463,-0.02813633067440174,0.4741578943174302,0.49155065384216945,0.12874913339017763,-0.05025779151957542,0.15506857174732447,-0.02000015937651906,0.3702364350660217,0.22643737698124936,0.1472431846616038,0.13543497836463753,-0.14626620659978165,-0.21082485317438182,0.06221262421407454,-0.11153328180159217,-0.3105897728087721,-0.28924447561140815,-0.4132234697861964,-0.11352708205500084,0.10627226290750584,0.01674728462255656,0.06770792659117532,-0.005318394440947016,-0.1816446063001538,-0.0023444285953350495,-0.09444333766306211,0.06632294464056611,-0.16192973089274756,-0.19545139414610047
#18,0.1762815864338707,0.07317932249041749,0.11862872443002973,0.25910796962283544,0.41397094566057585,1.0,0.02356063081226243,0.29613751006064276,0.3247137199276431,0.10835850154196783,0.3269943979153551,0.3845117898779973,0.5263313915960761,0.10131884069520038,0.10820550008367268,-0.25853421415422867,0.22496473794515853,0.25807361601415263,-0.01966228115611727,-0.2520523711241623,-0.19512945357760442,-0.32714421184326914,0.04453936201579421,-0.0270461952840488,0.18908430220975544,0.05627425511399405,-0.1878188526484393,-0.23288575094231367,0.4305317597558352,0.2286128664663835,0.08830256038377866,-0.02824948800293253,0.3215516897895433,0.25221652893879143,0.1828303676019412,0.07826821474392177,0.35977177282470973,0.05722095163719529,0.4187618038234427,0.11676083162667644,-0.03701200902071098,0.06245009522747014,0.0434476328602507,-0.06352907426148906,0.06614125540884061,0.12551857134888317,-0.2199156898214186,-0.17401684609806436,-0.1422674497366303,-0.29981113882491695,-0.22465076620261537,-0.0699694793966005,-0.07794468041023515,0.14082349847396983,-0.02642622062491533,0.013605973431934273,-0.210689383133183,-0.10375889520196989,-0.16043159161360757,-0.14638573898907473,-0.13783359497645212,-0.04277028265425655,0.0644502705416411,-0.0315103315828479,-0.1313900023109595,-0.2851198112982014,0.12876666480727395,0.0481364900509208,0.05549331017061256,-0.09116496266605041,0.13651873869422818,0.004044976053678011,0.11207675573157806,0.05347082214377356,-0.014836360159057767,-0.008413486441042641,-0.17061096988580673,-0.13033333598960864,0.38215461116113764,0.2825984747667126,0.23639203436157752,0.23496720828120393,0.0768497637243105,0.355882985759708,0.4068117524245153,0.04128011220106942,-0.08918550629935691,-0.008086764576974874,0.10520444022982094,0.06503996366215366,0.2719744360063432,-0.07928503693550829,0.16587111220903825,-0.15801544358469666,-0.18568480105826007,0.2025962434954458,0.1138984293444047,-0.2442461092207285,-0.199625465180215,-0.2191602451210863,0.008437392918901259,0.36720031237797734,0.2384527727529903,0.3956713337423997,0.10472471690745802,-0.013395596426778443,0.23604459355003227,-0.17279602196208432,-0.12784706229231246,-0.15333933651555115,-0.20098494688777502
#26,0.306222856186598,0.19907083489389507,0.30183681438213705,0.2269139127732311,0.159531114280933,0.02356063081226243,1.0,0.3362701113244986,0.33205619616061965,0.39691287682585724,0.3560774251129581,0.3450182884555618,0.3392504522308728,0.3198097044362454,0.024634828550709625,-0.04270653204663357,0.32599670090605554,0.17319127572934678,-0.016364780976818684,0.08742120823339097,0.0010407286694451307,-0.07910653523416394,0.06590856569101675,-0.14079162317015834,-0.1043645259743882,-0.2696953517838217,0.19473260604515136,-0.09786833905760664,-0.1617464478958315,-0.13196216401437577,0.056197754384846484,-0.319125979169489,0.005960681812748528,-0.1321964474973902,-0.2172254141797289,-0.40893624142355106,-0.05412426587190909,-0.38124138370693844,-0.2083353919467045,-0.2912207444477205,-0.14968164540318274,-0.1562591143446836,-0.0438906995832304,-0.2582329925332101,-0.18204782889336915,-0.09243200599255712,-0.09628573022336619,-0.07312354070874738,0.014829985098295468,-0.06941325534509,-0.13573619998565611,-0.003287937588155137,0.028402489461227677,-0.18140554152156763,0.06159583708532222,-0.16216720190614317,0.006548781168070508,-0.14303086326291548,-0.07821880802301397,-0.11848369179768745,-0.25844974459912823,-0.16541529536453395,0.18307261991090854,0.2514754281251743,0.24142195730303054,0.07908103499111475,0.15784650447449577,0.2987082533130394,0.20231733458709528,0.1502155567420252,0.40273649483221635,0.15666711823347065,0.4023842727250994,0.4938839260811705,0.3337296496107229,0.3662169592553929,-0.1059997290599176,-0.23798898708253313,0.07120145988891456,-0.18929467921491128,0.029502187442724065,-0.021490329829706188,-0.04300615990246157,0.3788204543824558,0.41591852672345786,-0.027702826542565485,-0.1903226577628318,-0.07581062882005594,-0.23359975774769104,-0.03534493063137008,0.012853716261983122,-0.1239997131222657,-0.011486265728470224,-0.22619831220266318,-0.30468965407326537,0.20770585469642758,-0.1635203085529409,0.1198352046792946,-0.21881599183992223,0.04793886316728956,0.12081218274111676,0.28874084581118664,0.22610109252603813,0.257664018360175,0.11566750870594235,0.040715919323606055,0.012707089864450271,-0.22591462199874093,0.10172525081879687,-0.2958920702212943,-0.2819769063423886
#49,0.5004119883017635,0.19841739116575954,0.27683382607240475,0.11465706157511814,0.20536620739666425,0.29613751006064276,0.3362701113244986,1.0,0.43070069886603607,0.3338778697734463,0.3728087720836089,0.29618851054674117,0.43709966610619255,0.07143255584154787,0.10480440516698675,-0.028969869869072188,0.2834543266740511,0.163426276406697,0.006800596068181275,0.04383173027117915,0.150628341926384,0.020848042457904677,0.22107276334977569,0.0005641928774633633,0.05914303245702811,-0.23632828375395454,0.19257146044673237,-0.18437631983679845,0.14396321589940153,-0.14186263337822438,0.13799775279108129,-0.3944505096064197,0.08089952107356023,-0.1230880794332571,-0.015255520404178852,-0.318784913418706,0.0075448844121795535,-0.24548127724342372,0.05700419957127716,-0.3270039605064986,-0.11573444684394649,-0.12652901847970738,0.019412060021197077,-0.21987106439608253,-0.007532134290654958,0.18237136322705577,-0.2186789280335328,-0.2469873853485166,-0.046117189554462944,-0.041173329933300924,-0.2886165321263218,0.11882157001808924,0.11564997728884603,0.10923825992716493,0.24847596203651315,0.017859732725577542,0.1514889751292942,-0.035805528771446105,-0.1776235367243344,-0.4146339519798548,-0.44189530556463114,-0.31532803672035,0.014796516029293404,-0.045071679589446086,0.14456247161105754,0.0535058849779662,0.008045326682019937,0.2895425097020456,0.23047597797416505,-0.045132242666687916,0.3367864912462447,0.13062021372391205,0.3572217485197906,0.2228816868410777,0.373003211436859,0.28903409860625234,-0.3364119564264597,-0.3286869765477452,0.17484879152754423,-0.07448620994668856,0.19744360063431854,0.01168389261210146,0.08475165153917873,0.32990301938815353,0.35789272366502245,-0.3417431009889313,-0.39903099076413073,-0.07052410968292042,-0.19674553148084692,-0.15482472567316657,-0.09431264891743499,-0.3522587637163417,-0.04961231661739276,-0.4831148546884588,-0.48927794468041025,0.2868060148698292,-0.03780092279004534,0.0575763612746934,-0.30250619576217835,-0.05894221804301572,-0.05792858338181036,0.413311126871678,0.17023165377045,0.21212058427431887,0.04011825737714063,-0.08945007132099228,0.03530030520603399,-0.4490098733753556,-0.11348245662966475,-0.43915402943684306,-0.5015419678218808
#50,0.12863438229645627,0.12633139159607615,0.2386535871670027,0.12939779582274144,0.36977424316075513,0.3247137199276431,0.33205619616061965,0.43070069886603607,1.0,0.2643865199340181,0.30331901600937133,0.27429973941939134,0.4805010797759166,0.2211349201922081,-0.044781614324761534,-0.11554797631664927,0.2606108901975472,0.2713799615902589,0.1097769525615791,-0.03661038019268621,0.06926822271274773,-0.10657826582409613,-0.08641076110256676,-0.09075855254245392,-0.058636215126425424,-0.1923339894333368,0.02718166532524763,-0.2832869813290408,0.081825498649284,-0.02174373849500753,0.0850656232817219,-0.21454788865956378,0.20639577970977535,0.0850592482209596,0.028429583469467442,-0.21998740925499446,0.28743714588529673,-0.042811720549211486,0.21200423941540691,-0.14179569524022026,-0.07407820605790148,-0.0738582664616022,0.06364541912040099,-0.18771525791105195,-0.07390448565212887,0.0431352548828981,-0.06772227047789049,-0.09862537752312951,-0.14682880571205445,-0.3166492680633362,-0.1347496593326905,-0.16225485899162476,-0.20783176214648297,-0.08306544796755094,-0.07089226944194311,-0.08806827690076421,-0.016004590043748854,-0.176437775422547,0.01083600953071584,-0.20891392871088302,-0.05432189275554033,0.02484361179067488,-0.05683526046107627,-0.08182390488409343,0.12097315302536478,-0.07034720174676665,-0.005447489421383548,0.27855031118265344,0.0029245591247041573,-0.17657324546374584,0.18358103100670178,0.07623297659555818,0.16541051406896223,0.3944999163273275,0.12032289682761038,0.07638916558423448,-0.10887010016814223,-0.19241367769286552,0.15174238379459554,-0.036941883352325705,0.2228083736423113,0.08497159113547802,0.06121811473515607,0.3282152220513352,0.30107180709066134,0.1443600634318546,0.003133342364669413,-0.046442317653340136,-0.12492250316760832,0.023931978101666283,0.05550287276175601,-0.002841683334794285,-0.13548916638111708,-0.12579907402242427,-0.23186255368996486,0.20681015865932473,-0.05705041876180382,-0.031393986723935965,-0.10559172517113054,-0.15192088549593988,-0.13944648534931348,0.19429910191331512,0.26806014869829226,0.34425646869446724,0.2956115675477532,0.08105730382742711,0.06770155153041302,-0.05992557116560017,0.030452071496306448,-0.11359242642781439,-0.14332730358836232
#51,0.40335646949134984,0.427232665811346,0.31223931978101666,0.6232610029564344,0.2931747005713648,0.10835850154196783,0.39691287682585724,0.3338778697734463,0.2643865199340181,1.0,0.5418259767788411,0.2561244411860801,0.29350620373100433,0.24441186080054825,0.24775079887480178,-0.011216919411263139,0.5516435703527799,-0.01934512188319295,0.14447959582114767,-0.04078285746161018,0.17179513742240357,-0.11101849564503662,0.14368749452143215,-0.35166110176987625,-0.029959598052418938,-0.4265393779534461,0.38860936018296427,-0.2170628501302903,0.06153527400808039,-0.0201037541139064,0.17258245742654735,-0.08391970610969886,-0.12489700292455913,-0.08989632557435313,-0.004782889336913993,-0.32577038624899396,0.0327343432492091,-0.17307493087043485,-0.00462510658304712,-0.22899855764250254,0.022363713154141,-0.1394401102885512,0.16620261536867773,-0.1066053598323359,0.008172827897265896,-0.0801584202599431,-0.148317382400051,-0.23525089848512618,-0.04924575062356063,-0.11959454613551786,-0.19471029333248333,-0.002366741308003092,0.1496720828120393,-0.1710365051916901,0.265978691359402,-0.03855158619480592,0.059339065575468766,-0.16262780004621918,0.06007538509351417,-0.28089792730836965,-0.3221079138410538,-0.30025739307827776,0.04203077560582999,-0.06610778633983855,0.2613408346548303,0.17066675166747683,0.12204735076381197,0.3281945031038577,0.17112734980755284,0.058636215126425424,0.4109937922845827,0.38835276398728175,0.30966857652862007,0.23005363019866282,0.21080572799209493,0.2429057526954554,-0.21619902939699895,-0.3165871112209038,0.028823243471539337,-0.2653937795344612,0.21112766856059098,-0.17997434038043175,-0.2540621090294767,0.26792945995266515,0.21862792754743443,-0.22688044370422905,-0.3607216568782921,-0.09582035078771844,-0.09438596211620141,0.11156834463578481,0.0956418490863741,-0.12079943261959215,-0.02441648271960092,-0.3018336268517559,-0.32404593231279233,0.3015164675788316,-0.17812079146379364,0.09078883408107484,-0.20092438381053318,-0.1791216760034744,0.08262078747938066,0.34926407892325223,0.12590585629019277,0.15819553905123157,-0.143673150634717,-0.12989186303181952,-0.0636948258413088,-0.3271808684426523,0.021275171528978634,-0.33298536126672457,-0.35946576990811946
#52,0.342560702531696,0.3604108726661301,0.2752496234729737,0.34941229908597565,0.45579293802644055,0.3269943979153551,0.3560774251129581,0.3728087720836089,0.30331901600937133,0.5418259767788411,1.0,0.47911291029492625,0.36430125349632236,0.12751237160229184,0.1308162468423527,0.026633410099690013,0.41567149311891877,0.07890093952457984,-0.012200272533847588,0.03086645044585581,0.028380176748559634,0.014104821936584083,0.020975543673150635,-0.03996525591884548,-0.0323343081863749,-0.1753269210847166,0.04302050378917674,-0.2935922670512953,0.07743308178406075,-0.06914869032345465,0.13113818741084876,-0.22375347640032195,-0.051599741810039124,-0.1845420714166182,0.015333614898517001,-0.22069663476480011,-0.06260947174652759,-0.044520236833507316,-0.0004207540103116608,-0.21899449354126657,-0.06967941413191595,-0.13041621177951854,-0.09742527233462694,-0.1391325136067703,-0.03872211907019739,0.1752456390599973,-0.21067025795089608,-0.22122257727768968,-0.1710875056777885,-0.20291340276837014,-0.28653666855262216,-0.08886197196567029,-0.0708683629640845,-0.07232187681788842,0.022988469108846193,0.12055239901505312,-0.1803775629736471,-0.07880212608276423,-0.10266875981161695,-0.2612069583788221,-0.159081672497191,-0.12225932153415837,0.00577261752026074,-0.013988477077672147,0.08058395556582648,-0.008360892189753683,0.12477587677007547,0.37040378041103206,0.29625226115436415,0.014648295866569978,0.31648989154427876,0.2929834487484959,0.33374239973224745,0.2917403118998478,0.20209898875598659,0.18902214536732304,-0.050994111037620825,-0.17971615041955868,0.164025532118353,0.03468033054690053,0.2526707520181052,-0.07779964777789289,-0.15919164229534064,0.3295747037588952,0.3622341400441473,-0.025205396488935286,-0.23031500768991706,-0.01712500697272271,-0.2913020264724398,0.08375873582545083,0.13058993218529114,-0.16185801145917172,0.11032202025675557,-0.3320115707352836,-0.3757094247304545,0.26384304600403224,-0.07994804325478727,0.053263632668998875,-0.17930655276558105,-0.1670728111627314,-0.057770800627943486,0.4036146594522229,0.08783239965255919,0.23764632756655962,0.02646447098948912,-0.09731849006685844,-0.14325717791997705,-0.18835435775247233,-0.05914462622221868,-0.24219652718564974,-0.32373355433543977
#53,0.22653619042306497,0.014865047932488107,-0.2221820239224155,0.09907800683725267,0.6165289387914479,0.3845117898779973,0.3450182884555618,0.29618851054674117,0.27429973941939134,0.2561244411860801,0.47911291029492625,1.0,0.6809250213166094,0.3282247846424786,0.21647315700977776,-0.22135645355369793,0.033736821554080434,-0.10321382750679342,0.1567898381531449,0.1250802859214752,-0.11293420140410713,-0.21619743563180838,-0.2014551076189945,-0.11383946003235343,-0.07694698340093555,-0.17842520061519337,-0.27504721529377074,-0.3662360844376798,0.16962283546765056,0.1791790515503351,-0.10707552056355538,-0.16399684434492265,0.06137908501940409,0.04316394265632844,0.17464160205276957,-0.1575707830965264,0.24104582871805497,-0.13166412992373833,0.14128569037923644,-0.06689670010917291,-0.2243670759986931,0.03714747906190981,-0.03590434221326172,-0.13800094032146243,-0.07239040872108313,0.16190582441488896,-0.36395859398034885,-0.3411183450342261,-0.21797926511487062,-0.29839109404011505,-0.4329590641410801,-0.2738837667046514,-0.2701655125150412,-0.17143972778490546,-0.22377578911298998,-0.06615719306074636,-0.021217795982117954,0.2108264469395724,-0.09495334252404593,-0.11361792667086358,-0.13923132704858593,-0.07254022264899712,0.2546486146196081,-0.059221126951366256,-0.25226593565969924,-0.20709384886324697,0.5010000876570855,0.38270127262150466,0.14359824367076,-0.03296384543665182,0.08856871917060459,-0.12290320267115046,0.3484305397285818,0.3844878834001387,0.3721585158858545,0.3431551769477803,-0.29963104335838203,-0.3030480759269737,0.3147654376080772,0.15390831068858626,0.2690419080556862,0.23274390584035254,0.11509215947214498,0.6970124871502682,0.651607710635992,0.13629401780235717,-0.13951979854807992,0.11807728167409096,-0.10744368032257808,0.3114775000199221,0.22575205794930234,0.08560750344651723,0.1888563937875033,-0.2574074221644925,-0.3231008295547817,-0.02196049056092566,-0.26731107905872226,-0.40675118934727345,-0.44901943596649907,-0.39701806532843514,-0.20095625911434467,0.17070340826686003,0.11773780968849859,0.1761811792268645,0.1175688705782977,-0.21523002016112966,0.079578289730574,-0.16800675756440803,0.054336236642255495,-0.28811449609129086,-0.33678967877662586
#54,0.1602594649730255,-0.020669540756560335,-0.08313397987074564,0.19486648232115963,0.5256556351552726,0.5263313915960761,0.3392504522308728,0.43709966610619255,0.4805010797759166,0.29350620373100433,0.36430125349632236,0.6809250213166094,1.0,0.41194048880778394,0.15816366374742008,-0.28260325606228437,0.18240323853086723,-0.029956410522037787,0.12030058411494235,-0.0007347257528548318,-0.09586178868267338,-0.22487548709448638,-0.1512578791766609,-0.10528094095896852,-0.018360174995417925,-0.186164524380623,-0.03355672608754552,-0.2588609360182964,0.2807640510323614,0.07386623528755508,-0.03201077385268828,-0.21663572105921636,0.2495230657667206,0.08897672305939167,0.15995983711719752,-0.16992246332347855,0.2853907513805991,-0.1270517734622158,0.2099466885543753,-0.10962395110328395,-0.24313844241327925,0.0251607710635992,0.04191283698172748,-0.20487851524834846,0.015151925666791511,0.16778681796810876,-0.20682769007642104,-0.19161360756719711,-0.08731442596562249,-0.17901170620532478,-0.29856322068069713,-0.1325901074994621,-0.10136984118129876,-0.04753882810445537,-0.1378096884985935,-0.13664145861390242,-0.04914534341655444,0.08816071528181753,-0.1946672616723378,-0.2024591796890564,-0.2636023874602555,-0.1577062531377252,0.26552606204527884,-0.025909840703169203,-0.1091521966068739,-0.3188550390870913,0.3275968411573923,0.49903497517710715,0.15038290208703553,-0.17077194017005476,0.16018455800906853,-0.09105658663309135,0.3113197172660552,0.32740558933452335,0.2868394839388313,0.2839420188223669,-0.3181665325247631,-0.3244842177402003,0.4056419287746336,0.10094749340579652,0.1028902931731068,0.3482488504968563,0.4064866243256381,0.6370901035150491,0.6308568878547124,0.062160029962785586,-0.2048880778394919,-0.05359832335901952,-0.017536198391890922,0.008496362230952514,0.15744328188128043,-0.002559586896062603,0.111743658806748,-0.3225382304425089,-0.39967327813593223,0.125354413534254,-0.21037700515583038,-0.320260739985178,-0.3535560885814693,-0.3444349703958116,-0.1524245152961614,0.24962984803448907,0.18815991839922225,0.32413996445903626,0.21411916582329926,-0.016764816039652877,0.23424842018025485,-0.2819769063423886,0.053059630724605344,-0.35076381196758283,-0.3998517798372766
#58,0.056103722238602584,0.030324570281060493,-0.2786347807377539,-0.017270039605064985,0.2496537545123477,0.10131884069520038,0.3198097044362454,0.07143255584154787,0.2211349201922081,0.24441186080054825,0.12751237160229184,0.3282247846424786,0.41194048880778394,1.0,0.06491405621209827,-0.05370829315716916,0.028251081768123104,-0.17977352596641938,0.17402640868920782,0.2001992206488218,-0.14686068101586594,-0.18072181625481118,-0.3352054761771948,-0.17997912167600347,-0.2579381459729538,-0.2211907019738782,-0.14511869566256802,-0.2501876658511901,0.013443409382495677,0.10799352931332627,0.026239750097618118,-0.10898006996629186,0.025981560136745054,-0.027605606865940442,0.13186972563332244,-0.10876331790037373,0.03288256341193252,-0.13321645721935788,-0.13376311867972493,-0.23158842607718605,-0.10998254827116322,0.17832001211261544,-0.08189721808285985,-0.12282510817681232,-0.08535728231159703,-0.13813641036266128,-0.0037883798579955216,-0.07438739650487294,-0.09101514873813642,-0.35557698284311773,-0.1107826183968316,-0.36465985066420165,-0.2387763070866769,-0.4866514196463435,-0.39861023675381907,-0.37913123859461784,-0.10371586354182438,0.040535823857071135,0.10699264477364549,0.024064260612483963,0.03416713815553554,0.10668345432667405,0.5405669022782873,0.355070165512515,-0.18487676210663884,-0.22921530970842066,0.49259297627680515,0.3572392799368869,-0.01883989831778084,0.11158906358326227,0.03872690036576911,-0.04805361426101092,0.10125827761795855,0.11888053933014049,0.04022982094048084,0.06586234650049008,-0.03729888675501438,-0.0952736893273514,0.11999458119835205,-0.026298719409669373,0.11677358174820104,0.30807481133804554,0.05551562288328061,0.3315063471698715,0.38385834614986175,0.2665173839938162,0.1395707990341783,0.24437839173154619,0.07915753572026234,0.12091896500888524,0.05813577285658504,0.28114177338252755,-0.005930400274127613,0.02702069504099961,0.004089601479014097,-0.1857214576576433,-0.4152045199180805,-0.30516778363043773,-0.24341257002605807,-0.1961223692913323,-0.21632971814262605,0.05643522539824208,0.017102694260054667,0.1637450294448119,0.1345823139876802,0.025643681916343267,0.03186733498553658,-0.0043238849620285446,0.10719824048322961,-0.06042123213986883,-0.040766919809704434
#101,0.21391516387890572,-0.02877383675063153,-0.28196574998605456,-0.02263146570615751,-0.02287690554550598,0.10820550008367268,0.024634828550709625,0.10480440516698675,-0.044781614324761534,0.24775079887480178,0.1308162468423527,0.21647315700977776,0.15816366374742008,0.06491405621209827,1.0,0.34384208974491787,0.23603981225446055,-0.1632079305755883,0.6619847157918224,-0.031073639920630492,0.5357648877590865,-0.07636047781080413,0.2993680721019372,-0.00042712907107395867,0.3859206783064651,-0.022768529512546917,-0.0553976842591781,-0.5730048052020495,0.4832630748511822,0.3201698953693152,-0.1735642167839412,0.1539864051829244,-0.08494290336204767,0.22157161185442548,0.3016933755149854,0.18757819410466256,0.2665604156539617,0.3275824972706771,0.23261162332953486,0.08821649706348764,-0.010214441106391796,0.16502960418841492,0.12629632876188351,0.1502840886452199,0.29377236251783023,-0.05554909195228267,-0.609288463530668,-0.6273442293746863,-0.5010415255520404,-0.33743355991361795,-0.5675477531895226,-0.1853708293157169,-0.11431440205914463,0.11297085800349034,0.14864569802930935,0.18663787264222362,0.23858824279418914,0.03767342157479939,-0.2575157981974516,-0.3811744455689343,-0.3500434301014432,-0.4111149184390664,0.23803042497748805,0.19534461187833196,-0.13268732717608714,-0.02452326498736941,0.06042760720063113,0.11684689494696747,0.5977177282470973,0.43442851564678975,0.25095426690785644,0.26424945612762873,0.34158372446987384,-0.19848592306895424,0.15779072269282565,0.01606355935580011,-0.3604427479699416,-0.2967973288495406,0.4474479834885926,0.23801448732558234,0.09519878236339441,0.030624198136888492,0.03547561937699719,0.05973431934273123,0.1272525878762282,-0.3831762146482959,-0.4536397612539744,0.026499533823681757,0.10626907537712468,0.031390799193554815,0.0181370478687375,-0.1828447114886564,-0.03427073289292289,-0.374029596219589,-0.3702332475356406,0.07835268429902223,-0.05217349727864594,-0.1650072914757469,-0.3541059375722175,-0.2039270374295755,-0.24837236729912582,0.10747077433081784,-0.01371913076046506,-0.23157408219047088,-0.2500713209922782,-0.37864354644630205,0.12949820302974763,-0.41402035238148366,-0.17073368980548095,-0.3498298655659062,-0.339938958793201
#102,0.18587605288112902,0.10125190255719625,-0.07823633944011028,-0.20120329271888374,-0.2729195387643539,-0.25853421415422867,-0.04270653204663357,-0.028969869869072188,-0.11554797631664927,-0.011216919411263139,0.026633410099690013,-0.22135645355369793,-0.28260325606228437,-0.05370829315716916,0.34384208974491787,1.0,0.019902939699894016,-0.18062300281299556,0.3091458215461116,0.40526261265927693,0.46490927491652656,0.6513527082055001,0.0376287961494633,0.47910494146897337,-0.05217827857421766,0.2050123915243567,-0.05333853963295588,-0.11069496131135,-0.0794029755596108,0.05618978555889361,-0.08227334666783542,0.16580895536660584,-0.393130872028624,-0.17915514507247648,-0.08923969431583645,0.09629051151893792,-0.24200049406720908,0.30455896532763826,-0.0660982237486951,-0.01588187012407462,-0.0302990700380113,0.04261887496115197,-0.2497716931364502,0.23444126576831437,0.18353321805098455,0.08843643665978691,-0.18036800038250364,-0.26683773079712164,-0.41432476153288333,-0.17524085776442558,-0.19598211795456175,-0.06505430754886883,-0.13869741570974348,0.24323884962028544,-0.04729657579548805,0.4261281865342779,0.007469977448222554,0.14519360262652503,-0.11721983600156188,-0.17877423519192917,-0.135230976420244,-0.22520061519336357,-0.018530707870809394,0.15121006622094366,0.03965925300225518,0.23499589605463428,-0.2752655611248795,0.06537624811736487,0.4029118090031796,0.36009052586282464,-0.046439130122958985,0.244802333272239,0.04288184621759676,-0.2069743164739539,-0.11725968013132625,-0.26285013029030435,-0.0397389412617839,-0.11614563826311469,-0.174040752575923,0.3134983942815705,-0.09817115444381579,-0.07829849628254269,-0.1367115842822877,-0.3261050769390146,-0.2592131581254134,-0.2516778363043773,-0.2108200718788101,0.023385316641299236,-0.022892843197411725,-0.1415805369394927,-0.15706237200073314,-0.1696833985448924,0.006580656471881998,-0.1311413749412299,-0.08748495884101395,-0.1319796954314721,0.004680888364717226,0.057303827427105165,0.07192184175505423,-0.050334292248722996,-0.3871032520778714,-0.13770768752639673,-0.28009148212193896,-0.35142363075648064,-0.3099299540198743,-0.2969312051255489,-0.31326570456374664,-0.2305126345735483,-0.3784124504936688,-0.04500952274701368,-0.026837412044083544
#201,0.33396233932854674,0.27628875837722827,0.40120807401445546,0.43243152786299993,-0.004363729091792906,0.22496473794515853,0.32599670090605554,0.2834543266740511,0.2606108901975472,0.5516435703527799,0.41567149311891877,0.033736821554080434,0.18240323853086723,0.028251081768123104,0.23603981225446055,0.019902939699894016,1.0,0.10002310959526332,0.080327359370144,-0.15608220640852982,0.21646040688825316,-0.03802723744710692,0.22347456749197142,-0.13665102120504585,0.05795567739005012,-0.20826845380870038,0.3424204511949255,-0.188112105443505,0.12523328737977032,-0.03250484106176637,0.07576122209914814,-0.19859748663229446,0.001514076931045749,-0.09107571181537824,-0.12344348907075521,-0.2965662328969073,-0.07088908191156197,-0.13003530189897122,-0.11058339774800978,-0.33740009084461586,-0.049985257671987186,-0.10567141343065926,0.06248037676609105,-0.09126377610786603,0.004315916136075672,-0.11774418474926089,-0.021770832503247295,-0.07477308768099196,0.08215222051335176,-0.07020376287961495,-0.0280327359370144,0.024263481261305772,0.2299356915745603,-0.11539178732797296,0.2866115755165791,-0.05601606515312099,-0.058927874156300554,-0.3099203914287308,-0.17463203946162612,-0.37829451186956625,-0.3201985831427456,-0.29140562120982716,0.08629919753922655,0.12527472527472527,0.2944066810636789,0.10106702579508961,-0.05758114257026512,0.20252930535744168,0.25431233016439686,0.11156515710540366,0.46016622970937693,0.38479388631672895,0.2124616500251018,0.1567276813107125,0.08371570416530533,-0.000961040409916407,-0.2196925626947382,-0.3487301675844098,0.1612858497557555,-0.11280670018886117,0.23595853022974125,-0.010931635442150308,-0.07297691431121453,0.20455498091466184,0.13607726573643905,-0.26486943078676217,-0.3293053574416881,-0.09544581596793345,-0.16829363529871144,0.006033995011514953,0.12561897855588935,-0.17575564392098111,-0.0003426595159735116,-0.30219541155001634,-0.352478703312641,0.3616906661141614,0.0019141119938799417,0.30325526540174835,-0.01697838057518986,-0.02402760401310075,0.21325056379443616,0.4460709703639363,0.05136545832702468,0.22537433559913617,-0.05829514937564249,0.05249225031676083,0.049226625441273736,-0.27131142968706423,-0.09613591629545219,-0.3071360836407972,-0.3576265648781965
