,#10,#11,#12,#13,#17,#18,#26,#49,#50,#51,#52,#53,#54,#58,#101,#102,#201,#202,#301,#302,#401,#402,#501,#502,#601,#602,#701,#702,#801,#802,#901,#902,#1001,#1002,#1101,#1102,#1201,#1202,#1301,#1302,#1401,#1402,#1501,#1502,#1601,#1602,#1701,#1702,#1801,#1802,#1901,#1902,#2001,#2002,#2101,#2102,#2201,#2202,#2301,#2302,#2401,#2402,#2501,#2502,#2601,#2602,#2701,#2702,#2801,#2802,#2901,#2902,#3001,#3002,#3101,#3102,#3201,#3202,#3301,#3302,#3401,#3402,#3455,#3501,#3502,#3601,#3602,#3701,#3702,#3801,#3802,#3901,#3902,#4001,#4002,#4101,#4102,#4201,#4202,#4301,#4302,#4401,#4402,#4501,#4502,#4601,#4602,#4701,#4702,#4801,#4802
#10,1.0,0.02249631391309508,0.33020126262741534,0.5164894758224653,0.32722043940894796,0.041417465889431085,0.00422336545440436,0.6553437989290948,-0.23861101854683728,0.4693395171340275,0.3903198564822634,0.13108957533539967,-0.1415183482678815,-0.058419570268456684,0.03617979887431699,0.07401023431187718,0.40771727371078254,0.19953256309713466,0.2145891439605235,-0.1148014077884848,0.02126837908037267,-0.09520466341347625,0.17601464392172259,0.27730602966215817,0.1815545015908375,0.22264786572144596,0.024174339357365553,-0.07501997105908238,-0.14663641716917655,0.035985337819023404,-0.01475073835858436,0.31520585026498743,0.1846996580954685,0.11852081783198748,-0.017122615455545564,0.046257081166948925,-0.011485070777433389,0.09538908187905983,-0.04038307914930136,0.012769609297612146,-0.01500636791483884,-0.3447018492059507,-0.287984954374689,-0.23995763853067784,-0.31040457942090777,-0.14395595867930816,0.13992248946669283,-0.05260764971447091,-0.06549320527509848,-0.17738500093578677,0.09636960381983595,-0.019230646331944108,0.038198359406026464,0.007844175526208877,0.02071055887011736,0.1623338978486034,-0.1671808168277285,-0.2131877462146284,0.008475945715237803,-0.27447949714014436,0.31437596716986127,0.10671073233303054,-0.00881282895187317,-0.275885459699544,0.1453107953274569,-0.04001241629273236,-0.07052728160790991,0.14864584807387693,0.33550283703159306,0.08145453217508798,0.45157052408623843,0.12814618358766952,0.26271871162703647,0.2946696672707437,0.06458480738769418,0.003072119488558295,0.1708299287432612,-0.06236083024828021,0.04469043717218933,-0.015217262298748785,-0.3095454815193525,-0.3138838802740714,-0.2856359013452505,-0.049668822780245314,-0.18876508100261563,0.15594772375574595,0.17212633577855177,-0.09330478803288492,-0.3139094432296968,-0.3543619075442673,-0.3035847480451186,-0.09096486463045553,0.04825738244464022,0.09095025722724098,0.08831818576052075,0.14262577202408397,0.2407053549827222,0.07236690145024124,0.10933367417274167,0.07137816284515697,-0.03206142413051715,0.1447319769750807,0.29229505128567973,0.22272820643912594,-0.016086402790014016,0.16721916126116668,-0.055772891398521915,0.12458289016602227,0.05633984123578631,0.5605426650294202,-0.0513066778656758
#11,0.02249631391309508,1.0,0.1144407875216258,0.15619148479688863,0.09674848334071312,0.23152186317428,0.2476246992929104,0.21480369019523707,0.7638247659391876,0.28372963522575284,0.33497697051586955,0.029066906471536105,0.19496318477908586,0.3514367750505553,0.05192475361419109,0.199359100183962,0.09895876603961345,0.062463995033482905,0.007669799650335285,0.02705473667873299,-0.08240401338403319,0.081023613780259,0.05461434173106858,0.08876188563316245,-0.1355448333158349,-0.05315451437231532,-0.1568068216573012,-0.12036682841322517,0.04895032113463004,0.19490384220352677,-0.00040261655110080476,0.015806123240834996,-0.045657264672451806,-0.06026284196159166,0.27304979755052106,0.09561184477808159,0.13578676843157572,-0.03837273528190006,-0.22182072151442253,0.07832854788717607,-0.1081723856171856,0.20859554382905687,0.15467414078797811,0.38051007226099776,0.1284858057124076,-0.07749957775475083,-0.25732401502736607,-0.17400886486782582,-0.23042995978399303,-0.14789082792022532,-0.23916244801818623,-0.07351540852798459,-0.395402319838223,0.030328620924192144,-0.39041389164045703,-0.06414932417936066,-0.21442846252516354,-0.0609064806657324,-0.19599665855651469,0.16878489229322535,-0.3218841724221357,-0.23358698480373585,0.25830362400544127,0.05659181894123715,0.06832704149871957,-0.03506598437920819,0.42374159503713477,0.2896428946395395,0.3300834904389981,0.47130695175448606,0.42627597949485774,0.4556195136647692,-0.20431557468719616,-0.3316930436807004,-0.30472229957045105,-0.15935216166743507,0.018071183701789863,0.08291618545924306,0.15000890138633385,0.1620545312621253,0.30994901103315425,0.17919723189709083,0.10928254826149078,0.08233371525606321,0.16559682654165164,-0.16990053271373598,-0.2269515718935303,0.08364655561997014,0.15288108204339312,0.2609283917705542,0.13674446630482912,0.06007659757060625,0.0004044424765026225,-0.07193963490621591,-0.1597456485915268,0.13971433397088562,0.01048811550804092,-0.030954913337015617,-0.22676350157714306,-0.38701493150497335,-0.044632007559331166,-0.03886756106579266,0.062042206265663015,-0.11983000634509078,-0.06820379153409688,-0.31907589915414003,0.038455814887682765,-0.12419761990623873,0.1113157161964148,0.023681339498874774,0.10352357954415772
#12,0.33020126262741534,0.1144407875216258,1.0,0.6624101302341293,0.38098024805196584,0.45110491310877493,0.4122273094532723,0.19940840016981107,0.013382207269921988,0.6613300953589542,0.3928131576184455,0.3221133260600638,0.064586633313096,0.27858509040613144,0.07638028548343657,0.13010722746922174,0.7328214655790237,0.7306130088055253,-0.2037321915213154,-0.30822807634194105,-0.12456736980010681,-0.25606595242551367,0.36624776894739963,0.25712681508396973,0.1741613296388776,0.21592572135465404,-0.12637412298520545,-0.08801782103192174,0.060999602861225105,0.23393756248088485,0.14870610361213693,0.45736875019971057,0.5738746593507922,0.20525410034373046,0.008162799508826066,-0.022557482414055974,0.1786668005678628,0.07119283141687247,0.027720286487695544,0.03225497222310982,-0.037834087288363835,-0.0779505813289998,0.05687940219202345,0.1000570601688068,-0.052470705309334585,-0.020317984908726553,0.01754988199957091,-0.07617212998762936,-0.22127750870738175,-0.292773443740956,-0.0945920654411664,-0.10391797943095035,0.06942716155331474,-0.021175256884879968,-0.20259372703328205,-0.0005970776063943908,-0.3629921439559587,-0.4155577973861878,0.1752842737609955,0.07419921759096532,0.09221197167989702,-0.005501513235676756,-0.0004555683877535183,0.1639544066427166,0.016380376779706666,-0.1148014077884848,0.14279010531024755,0.35856153596844803,0.15909105433497514,0.18455997480222947,0.35535612392555704,0.21902522972423963,-0.23349568853364497,0.07646153916381747,-0.3820210255310019,-0.19854291152934947,-0.0972314406094939,-0.12939329063711102,0.31119703104529667,0.35585551452295416,-0.13851378801919048,0.039809738573130596,-0.06043813080016616,0.020580005203887395,0.06322997073954544,0.1956889901263084,0.18640872427156988,0.0018852679773767843,0.0620613784823821,-0.08306682430489302,-0.026610123843390378,0.06724152884733894,0.06807323786786691,0.059773493953904515,0.06948193931536926,0.5104337942273368,0.3672739390232212,0.4407382216399549,0.45543418223648474,0.37641269565931884,0.4733392067267092,0.43010859691327313,0.6080167254766806,0.5553287350445297,0.4584003980517376,0.50206922996161,0.3422578480556177,-0.08704095094194926,-0.1238954292522379,0.31553816868811824,0.15190147306531793
#13,0.5164894758224653,0.15619148479688863,0.6624101302341293,1.0,0.4872810601322883,0.49130631268059544,0.2841276869633491,0.16456883054042826,-0.061694367476616746,0.6896301131617267,0.43858362966581,0.3875663609763223,0.04209944902701,0.292412823474097,-0.02588249257076602,0.024495702228085472,0.6354238657579645,0.34735309288939,-0.1752760570966873,-0.25179967772416656,-0.25259669416206,-0.2415343251151474,0.3154222224251028,0.26196003962258124,0.15118479734510445,0.22322303222301854,-0.00353042676441454,0.027961308640735483,-0.018486581730703392,0.2997557824775069,0.10492223840195009,0.5177064551027768,0.4290596027699288,0.3034651499312996,0.16187832946084987,0.17401069079322765,0.264536420364546,0.1984625708116695,0.06861188586140313,0.17712389360332684,-0.019782075803293057,-0.20390565443448808,-0.032256798148511644,-0.017569054216289993,-0.12992098307823635,-0.06934408194753203,0.22260586943720415,0.07302697348299836,-0.060483778935211605,-0.12183487243628661,0.07206379783353951,-0.17841390989971104,-0.05222237945468738,-0.14556642488371138,-0.25525980636061113,0.11117055512697029,-0.33511939269721136,-0.27324151971771193,0.07005801877964275,0.07666604280882104,0.1135953840605842,-0.045196218508492834,0.11973414526149534,0.053104301423765335,-0.012354211268698618,-0.1732848854460051,0.19081468226615603,0.42385662833744925,0.09109907014748912,0.04644332555793433,0.3770608991769641,0.21129700046104616,-0.09163863110372626,0.05077807246184957,-0.18632016688958172,-0.10165839674620093,0.008548982731310512,-0.16166926100234175,0.22801882529089273,0.22825436966772722,-0.25365481793241335,-0.005723363171997608,-0.13321221361501276,0.08281119474863854,0.05984653096997722,0.3009006377044466,0.3200801581251398,-0.07929354946203673,-0.07272113097819388,-0.17127271565320198,-0.102819685301757,0.19569264197711203,0.18506575613853296,0.2373876485276194,0.20925744178721578,0.21350545723454467,0.2282726289217454,0.20488252452446054,0.18019601309188513,0.19467742745370137,0.25499504717734756,0.2879876932627917,0.4861435086069559,0.37844403766884105,0.06714566776374352,0.20799481437185885,0.09633856308800504,0.07415813426942443,-0.04056567168948313,0.3990706039704748,0.20650942405748013
#17,0.32722043940894796,0.09674848334071312,0.38098024805196584,0.4872810601322883,1.0,0.42530732606919347,0.2313566169254155,0.18458736368325673,-0.03876165739248723,0.39924406688364744,0.3067472508410669,0.5105050053180077,0.12829043169441312,0.044736998269935685,-0.16679006879173952,-0.07739823889494994,0.4067750962034446,0.2147753883515089,-0.41001520082897014,-0.34260386091926215,-0.3621695645624398,-0.26509515353750224,0.15063701972455915,0.08597095865648409,0.09077131653786284,0.15664705318464214,-0.2921261531860116,-0.10241615578795528,-0.13928615446415937,0.15992367631820403,0.20387917851616172,0.3280028484436268,0.3146279448753121,0.18295316044862986,0.104592658866922,0.1325859212021893,0.17256820972579165,0.16009531330597487,-0.07494419515490694,0.0801042603404438,0.0250863890955735,-0.11496117626114385,0.03990559965672603,-0.047787206653672164,0.07020317984908726,0.08198496350431603,-0.005951603847224821,-0.10177799486002,-0.19028151204882524,-0.20742238675838898,-0.06754463246404069,-0.24018587920590503,-0.18793702383289132,-0.2287163287943871,-0.3127298954201226,-0.025025220594612606,-0.30460909219553833,-0.3372831142983653,0.1591805246796642,0.05715602989039883,0.22121542724371995,0.14850433885523606,0.0374488170285803,0.05204800357881379,-0.1900277084179726,-0.2475544011649404,0.1803064815786951,0.2174458042516673,-0.2269634404086421,-0.13937379888344661,0.05576558769691464,-0.03466701967891102,-0.1467943597164338,-0.0013128403639069326,-0.2657707459361748,-0.11979348783705442,0.13698183660706542,0.024574217020363633,0.18880981617496018,0.25341196985397163,-0.018020970753239877,0.16272921069809693,0.14807707231121073,0.19861138373191764,0.2892384521630369,0.4027452788416329,0.32547576768751113,0.002934262120721058,0.06821018227300324,0.08527528107839154,0.19005235841089713,0.328141618774165,0.12202020386457112,0.2683690377829614,0.207712708897278,0.19733323595064522,0.1110683033044685,0.20049117393308896,0.05222146649198647,0.0993559048145088,0.070516326055499,0.3880721423126258,0.30067604888002303,0.25602578206667365,0.15765952881995007,0.13246541012566931,0.08860942086211068,0.1741923703707085,0.0328401813143924,0.29168884405227624,0.15669635317049121
#18,0.041417465889431085,0.23152186317428,0.45110491310877493,0.49130631268059544,0.42530732606919347,1.0,0.6543176288532732,0.04337577088288058,0.11466811523415212,0.4983361254775936,0.43955593494227796,0.6232266840738222,0.523232618331378,0.2750126673574751,-0.23799294279832198,-0.1772316232020341,0.38560166524396644,0.26163502490105767,-0.3734190909630387,-0.12140486700415855,-0.4913163552703054,-0.23091017816467108,0.0323143147986689,0.07805648500230523,-0.12179470207744662,0.025990222169473266,-0.24689889394568784,0.03237183144882616,0.06363350025334714,0.6198551128193658,0.38660044643876074,0.3231495387255954,0.35843372119032074,0.037001465305134956,0.20633687410700835,0.2863635326178749,0.5480295982507635,0.23181492420127175,-0.15092825482614908,0.0373976911173294,-0.12227309453272286,0.1564772421222731,0.25391136045136875,0.4150739271547061,0.16820424801544734,0.0847147219800335,-0.03364358849119219,0.09250229381878604,-0.03936238684968526,-0.06255529130357379,0.010299132228952786,-0.30224634472558626,-0.2984995458010563,-0.3911826062346223,-0.45244605531641,-0.24582981462292358,-0.31905490101201917,-0.29836260139591997,-0.16647235777182323,0.10759265430210849,-0.07805283315150159,-0.09559541144946523,0.20756207005162805,0.390864895214706,-0.10250562613264436,-0.06308754855820366,0.32524113627337753,0.4837214185614447,-0.1399188376158892,-0.05785627228199592,0.09299803256537954,0.07826920531161699,-0.5101927720742969,-0.20370662856568994,-0.2445626223940621,-0.0497190357287953,-0.18974742886879356,-0.2045666394299461,0.48881209858171243,0.5948837570241068,0.12427248284771325,0.460309403059338,0.133600222762899,0.36919481254593345,0.4943966914231719,-0.05099900943546951,-0.03879178516161722,0.019940018350550287,0.4067577499121273,0.2562394153386863,0.40816279950882606,0.32528861033382483,0.23371114773105944,0.04979024681946619,0.04774521036943036,0.020412020066920167,0.063524857691939,0.09982790653087868,0.03862562595005181,0.1328762433410783,-0.01572304363505229,0.2942232285099992,0.29515536342762716,0.09356954721614849,0.0448730297123711,0.12936316286798102,0.05700173919394523,-0.07717091118242364,0.009855432356311082,0.06925004678933842,0.16318751797395317
#26,0.00422336545440436,0.2476246992929104,0.4122273094532723,0.2841276869633491,0.2313566169254155,0.6543176288532732,1.0,0.1374657068385471,0.14851164255684335,0.5793944318404871,0.6392930016844162,0.4558714913702201,0.45801604075465496,0.23929117575901437,-0.16703109094477944,-0.10795510049436931,0.3079121912474266,0.22946495820913237,-0.2206831699890901,-0.0041831950955643704,-0.3227542258761018,-0.07658113727763652,-0.10003149721318136,-0.05500417680435666,-0.2515166592868848,-0.042544061862352614,-0.2387598314670854,-0.13032451259203806,0.26011494200404445,0.5850995357584666,0.2198067257962176,0.247358114184245,0.17487983128449286,0.05763442234567507,0.19661199541692725,0.2169409358780647,0.5291422258943611,0.3844166396581868,-0.19384663139587432,0.048520315702501975,-0.07575125418251037,0.265537940447443,0.4117553077369024,0.473141093820612,0.24306536356457156,0.09879991052965531,-0.1894215011845691,-0.05330515321796528,-0.16820424801544734,-0.13933454148730753,0.060911045479236946,-0.11707833676455148,-0.21424130517147721,-0.23961710344323883,-0.30817512450528833,-0.1629939698813605,-0.4163329027192594,-0.3581625712681508,-0.2732789511884492,-0.010432424783285479,-0.11291979166191166,-0.14715224109519007,0.2526615145138245,0.5019852373931263,-0.08778227665508725,-0.15488868702269168,0.20866675491972775,0.534933148306226,0.04113809930295298,0.0020715123683621908,0.15143860097595713,0.047484103036970426,-0.4495875690998644,-0.3193452231509082,-0.29339973615377946,-0.19690231755581625,-0.212350559417895,-0.30473234216016104,0.5712690638023984,0.6712320888130116,0.13070247915021432,0.45469194356064585,0.19476689779839046,0.3184286085991957,0.4556971154943465,-0.20355598972004,-0.23430731237475294,-0.03181766308937448,0.5078446320075594,0.24507844632007558,0.4174028950047246,0.07648071138053655,0.13422651517572248,-0.17248604308270984,-0.03410189576704844,-0.0026229418397111385,-0.0694125541501002,-0.03418497537283114,-0.06846581182925772,0.11445904677564397,-0.0662874828248892,0.2390665869345908,0.13147575855788413,0.05189006103155656,0.04645154222224251,0.12896419816768387,-0.01357119054901012,-0.15333482450574482,-0.2043730913373534,0.019895283178205755,-0.0201162201518257
#49,0.6553437989290948,0.21480369019523707,0.19940840016981107,0.16456883054042826,0.18458736368325673,0.04337577088288058,0.1374657068385471,1.0,0.107016574837835,0.36669238178274227,0.4746392656128034,0.15374017994494835,0.034072680960619356,-0.011239483810888906,-0.005209365171385923,-0.0441097928944113,0.2580498203745886,0.22988857290235407,0.21852218727603884,-0.08320194278462753,0.090879959099271,-0.14156217047752515,0.02545340010133886,0.027299410682576564,0.10044689524209488,0.07482733592919061,-0.11275819726385078,-0.27101754257829797,-0.01766674122528724,0.03166611128102361,0.06106442321298963,0.18998571213373078,0.06381974464433256,-0.08835561723125801,0.054314889965170476,0.11017451282027872,0.06405437605846613,0.11921740837278093,-0.18740294065285962,0.0010891645021842632,-0.16967137907580787,-0.032412914770367056,-0.13506917974866137,0.08168642470111884,-0.2109309024179817,-0.2518544554862211,-0.14257464611283305,-0.29871956981197534,-0.2922859216586706,-0.36102197044739737,-0.185245609790612,-0.13017204782098626,-0.11233275664522725,-0.06159485454221768,0.013853296023590957,0.0019236124108149562,-0.26558450154518937,-0.34223228509999226,-0.24276317291057073,-0.4093816047145394,0.11329045451848065,-0.05642839861777447,0.11009782395340238,-0.2088155678399759,0.2168998525565238,-0.011497852255246112,0.08482062565333894,0.058602162808638454,0.44490772229500564,0.15366714292887565,0.3951950773051167,0.11344839706573788,0.28239762264512686,0.1063765879844979,-0.003592508228076342,-0.1281553132146786,-0.031929957501586274,-0.15092551593804635,0.12971374054513002,0.04225282676076269,-0.1009955858253411,-0.1135223470445115,-0.21189042621663692,0.09383521936211296,-0.12506493447210215,-0.1527980024376104,-0.16532111180597717,-0.08909237813089146,-0.19550365869802389,-0.08384010371256283,-0.07895757918810227,-0.3091611242222699,-0.21254228158508584,-0.19232654849886108,-0.16559865246705346,0.19947048163347286,0.04628355708527528,0.007034377610502723,-0.016724563717949302,-0.11707103306294421,-0.20498295042156053,0.20505507447493232,0.20820205690496515,0.17750459904960583,0.01563631217846595,0.08936900582926685,-0.09863557724349171,-0.058490781359127574,0.073020582744092,0.3141568561216431,-0.1924205836570547
#50,-0.23861101854683728,0.7638247659391876,0.013382207269921988,-0.061694367476616746,-0.03876165739248723,0.11466811523415212,0.14851164255684335,0.107016574837835,1.0,0.09752176274838291,0.16894831261668805,-0.09219553835128066,0.158551493378738,0.39334724079847716,0.10776246536447753,0.2125167186294604,-0.021987793688688848,0.006418127787389246,0.03220475927455984,0.07663956689049468,0.06637695316957826,0.10821164301332468,-0.11248887326708268,0.04029269584191138,-0.20179671059538862,-0.01201732803206325,-0.21326169619340202,-0.1545390223082436,0.17461963691473384,0.20749177192365806,-0.0726818735820548,-0.06664445124094455,-0.13910173599857578,-0.09099681832498734,0.2706943537821762,0.23952854606125068,0.08779597109560089,0.06112924356475416,-0.2322622759247171,0.1017989930021409,-0.1068093323047287,0.3622827719373525,0.18096837953685402,0.4865671233001776,0.14357251434492643,-0.080352586195091,-0.32061150241706876,-0.2080121606631761,-0.2802503343725892,-0.06128079537310503,-0.31793286985260216,-0.041758913939571,-0.3600587947979385,0.05964385325037545,-0.2514399704200085,0.00799390140915793,-0.18460014516106946,-0.0014023107085960004,-0.1897812084887272,0.13737714945655896,-0.4299643488065295,-0.28312981873125576,0.3261951822958273,0.11741248111308412,0.026604646067184923,0.025522785266607933,0.46060063816092794,0.18016497236005424,0.27818429978043246,0.4232275970365231,0.20519110591736775,0.34790452236073893,-0.1783892599067865,-0.4235827395271766,-0.29858627725764264,-0.2719980645190741,0.0579265704099659,0.10186472631660634,0.12637686187330816,0.16962299205265968,0.3236051071133489,0.17695682142906052,0.02056631076337376,-0.01381038677664824,0.08595909014137228,-0.2579886518736277,-0.2887609726704615,0.09054581475073836,0.18041603710280416,0.290569551780962,0.1843919896652622,-0.060743973304970625,-0.1262444822816764,-0.14217476844983498,-0.22132772165593176,0.030284798714548516,-0.05835748880479488,-0.03867857778670453,-0.3034925388123268,-0.34576727667791135,-0.12117297447812769,-0.08697978244098838,0.03499203440043457,-0.07367882885144728,-0.10845175220366372,-0.37536917929218,-0.08834283575344529,-0.2149917605116243,0.16366499746652852,-0.10512582908425276,0.03051303938977573
#51,0.4693395171340275,0.28372963522575284,0.6613300953589542,0.6896301131617267,0.39924406688364744,0.4983361254775936,0.5793944318404871,0.36669238178274227,0.09752176274838291,1.0,0.7274240300912507,0.5011590061488038,0.2649289943259368,0.36919663847133527,0.06612223657602469,0.0034829527039672795,0.6952996115343708,0.4540373493040942,-0.0459138071914072,-0.19368047218430892,-0.06926100234174933,-0.16647692258532779,0.2923781308914624,0.14408286049473448,0.17629766235900432,0.08126098408249531,0.0064254314889965174,-0.1391446452455185,0.025283589038969812,0.3264973729498281,0.16288441435725143,0.384955287651723,0.36910534220124436,0.14107099654443617,-0.005993600131466629,0.0420373675633482,0.3510241159097445,0.15281260984082495,-0.11484522999812842,0.047810030721194885,-0.2192397759589532,-0.11669306650476795,0.07545728019281772,0.04507114261846832,0.10901961500362903,-0.055622252552871954,0.013030716630072079,-0.061753710052175816,-0.10672716566164689,-0.20071484979481163,0.010939119082289893,-0.0456773498518718,-0.03904650175517079,-0.03571236197145165,-0.2010225182250179,0.04734076789292774,-0.25055348363742597,-0.342074342552735,-0.18838346259363573,-0.1139450487750323,-0.06794633605244058,-0.0846937238379126,0.16369147338485487,0.26195364888367484,0.17300186700872336,-0.11746360702433502,0.13990057836187103,0.4355133361026535,0.20069659054079345,0.1408573632724235,0.48600656420181954,0.2620732469974939,-0.15045899199788193,0.05483162685388489,-0.26203581552675664,-0.07517426175553597,-0.20089835529769431,-0.19480889408263224,0.4452035222101001,0.3315862270446941,-0.08986200568775762,0.03010677098787129,-0.045063838916861054,0.21716004692628282,0.19209830782363388,-0.04923790438541634,-0.0028301843728174487,-0.13027156075538535,0.05406108633431781,-0.07355192703602094,0.023401972912396665,0.11022107391802508,0.14019363938886276,-0.11492922256661205,-0.096849822200514,0.3082171207895301,0.2282607604066336,0.18477908585044758,0.08344205197496657,0.13429407441558974,0.1882337367106867,0.34806155194529526,0.440987460457303,0.30400197199943396,0.0753933728037541,0.1866661797532262,0.044186481761287644,-0.10520616980193274,0.018326813258044344,0.20741782194488445,-0.02412321344611466
#52,0.3903198564822634,0.33497697051586955,0.3928131576184455,0.43858362966581,0.3067472508410669,0.43955593494227796,0.6392930016844162,0.4746392656128034,0.16894831261668805,0.7274240300912507,1.0,0.4668060456390054,0.3478351371954699,0.3573765103826683,-0.03561832681325804,-0.06632947910913099,0.4331396330802905,0.2775890480994399,-0.09297520849785681,-0.07020135392368544,-0.10991614437592152,-0.15943798016132052,0.11657985912985525,0.01705140436487467,-0.014911419793944319,0.02511286501389986,-0.1543317797751373,-0.12902354074324293,0.07681850757987282,0.44291928953242615,0.20576718538164124,0.3086261280795373,0.1981640320084723,0.12691916171764803,0.11179593457709286,0.16459348053335282,0.4450711426184683,0.34254360538100215,-0.18456180072763126,0.14319546074945108,-0.1352682056174595,-0.008036810656100644,0.2328319646500842,0.24562622394062092,0.12189421501184569,0.05016456152683882,-0.10558504932280992,-0.16504357114490087,-0.24611648491100896,-0.25885961829029475,-0.04539341845188915,-0.17004295489507776,-0.2606618066618888,-0.18260897351038724,-0.19676993796418446,-0.11176032903175741,-0.3793040485330972,-0.3762538401493607,-0.3589732821465579,-0.12947454431749192,0.03503494364737729,-0.036739445009974114,0.24737546047556228,0.23960614789082793,-0.004269926552150712,-0.19285241501458458,0.19403104986145792,0.4562056357187527,0.22172851228163074,0.06632217540752372,0.42825436966772723,0.20945190284250936,-0.1950426125340649,-0.18710440184966243,-0.19394340544217065,-0.1786969283369928,-0.1928642835296964,-0.2662180976596201,0.4768550260879092,0.419702648048314,0.019933627611643925,0.16858860531252995,-0.030262887609726705,0.39416890722929515,0.2672981325347953,-0.07351814741608731,-0.1107588089488604,0.01576412695659319,0.17321641324343695,0.062149022901669355,0.20980887125856473,0.04923790438541634,0.17799212113189117,-0.12219640566584652,-0.07216422373063948,0.0994070307257597,-0.0008317090205279663,-0.05484897314520215,-0.006559637006030118,-0.043498107884802364,-0.13134429192895325,0.3187435807310092,0.28561581616583054,0.1522401822273551,-0.08388392592220645,0.03784778172887747,-0.10077464885172116,-0.023391017359985757,-0.013033455518174804,0.24562165912711637,-0.005993600131466629
#53,0.13108957533539967,0.029066906471536105,0.3221133260600638,0.3875663609763223,0.5105050053180077,0.6232266840738222,0.4558714913702201,0.15374017994494835,-0.09219553835128066,0.5011590061488038,0.4668060456390054,1.0,0.537837282657817,0.3057384270565626,-0.1439504809031027,-0.18759922763355502,0.4928583492721405,0.25396431228802147,-0.32085708938361324,-0.08705008056895835,-0.3416288167546915,-0.24185660094856826,0.16671337992486318,0.053380929122140715,0.09628561125135232,-0.001881616126573149,-0.12172714283757938,-0.0813413248001753,0.014541669900076232,0.3481884537607216,0.37296717442608884,0.2513395445229085,0.3738198815887377,-0.0656812755914857,-0.021753162274555274,0.10659752495811783,0.46865205622024314,0.1482824889189152,-0.17560928848251905,0.021168866145973606,-0.2917463607024335,-0.1828198678942972,0.11048674606398956,0.03253251288418612,0.22150118456910442,0.15838989898067715,0.08808355434638718,-0.02126290130416722,0.0033314008956164096,-0.08559755691181237,0.10060666371475394,-0.21365335719209191,-0.15910292285008695,-0.35624534959624227,-0.21124678751249618,-0.2197957702438067,-0.27941132165045396,-0.2558641876686128,-0.2739289806314963,-0.06905741165944665,-0.0567305892717753,0.05721172061515427,0.2672680047656653,0.23049478013575755,-0.16183268132580444,-0.13768390492406432,0.19390140915792886,0.20240930856769845,-0.14652138386886204,-0.11590883154468724,0.048870893379650976,0.03887029995389538,-0.2881620691386653,0.05107661126504676,-0.029625639644492323,0.039499331254821586,-0.2835342612077584,-0.31670310909447796,0.4910935923712837,0.3571199678637129,0.059506908845239126,0.06931030232759841,0.15789872504758817,0.6139464182190837,0.44860065642018193,0.06403337791634522,0.053813673442371514,-0.23406263837090935,-0.010751048765902669,0.041323430731237475,0.23577535639781436,0.41824647254036434,0.2902600574253539,0.06735382325955074,0.12607193233120462,0.1229569035957036,0.07023148169281544,0.143426440312781,0.005213929984890467,0.05796856669420771,-0.13343680243943634,0.42436514856185553,0.23594790634828613,0.22852369366449535,0.0053992614131749645,0.1851314894529984,-0.08795026179205448,-0.02749113284976742,0.10219795770243807,-0.03560463237274441,-0.041723308394235555
#54,-0.1415183482678815,0.19496318477908586,0.064586633313096,0.04209944902701,0.12829043169441312,0.523232618331378,0.45801604075465496,0.034072680960619356,0.158551493378738,0.2649289943259368,0.3478351371954699,0.537837282657817,1.0,0.19105753034459777,-0.17155390816508193,-0.1449081787763561,-0.01610283611863037,0.136565525615451,-0.13846905284684594,0.08589153090150502,-0.27315113641032196,-0.06561462931431937,-0.17448908324850387,0.043632313401835966,-0.3259349879260683,-0.11328680266767702,-0.28516389962888067,0.020199299757608404,0.12599706938973007,0.458826751633062,0.31869245481975833,0.060911045479236946,-0.023866670927159273,-0.25209547763926105,0.003755015588838118,0.2726407902605139,0.5417584574582206,0.20899085667855039,-0.24098746045730302,-0.058785668311521135,-0.3821963143695764,0.21489042165182343,0.4117562206996033,0.4674295991637262,0.47405131763341807,0.3474005669498373,-0.18433264708970315,-0.05468190097093583,-0.1532490060118594,-0.05190284250936928,-0.016709043352033853,-0.12290029990824725,-0.33863338613300953,-0.25674610963769073,-0.326979417255908,-0.2720610589454368,-0.2703492538812327,-0.16669877252164864,-0.38612661879698906,-0.06351025028872445,-0.2575997297630405,-0.16308252726334865,0.38993093437167625,0.16979462904043055,0.005469559541144946,-0.11681631646939064,0.3526199747109332,0.20758945893265532,-0.13784002154591973,-0.11031237018811596,-0.044287820621088526,-0.11964376195410537,-0.40166798285456046,-0.23831065381823827,-0.10424390711517481,-0.0865689492255794,-0.32894320002556293,-0.3138619691692496,0.3668174576727668,0.46533617569054214,0.5657657246413198,0.3460402525254831,0.3072402506995577,0.505584136360109,0.5934056704113353,-0.2944980302829728,-0.295588107747858,-0.13451775027731241,0.3364961404501819,0.38378304354375603,0.6879429580904473,0.2925333345506169,0.26683982525893907,-0.11059995343890225,-0.03096952074023016,-0.17700064363870413,-0.01617496017200217,-0.18198176813486286,-0.06482126472722957,-0.06480574436131412,-0.18614487805100724,0.15869756741088342,-0.041284173335098394,-0.15202928784344516,-0.114739326324823,-0.14176119634632328,-0.2148465994421798,-0.2540747807748314,0.0974377701798993,-0.23767066696490116,-0.21615213610447945
#58,-0.058419570268456684,0.3514367750505553,0.27858509040613144,0.292412823474097,0.044736998269935685,0.2750126673574751,0.23929117575901437,-0.011239483810888906,0.39334724079847716,0.36919663847133527,0.3573765103826683,0.3057384270565626,0.19105753034459777,1.0,0.16154418511231725,0.24669895511418882,0.2052376670151141,0.28023298808127195,-0.06579539592909932,0.11811728831818576,-0.061660587856683116,-0.09035591850894932,0.10694810263526684,0.15856883967005528,0.03130549101416462,0.02896921946253886,-0.08740431009691099,-0.08486262193758073,-0.06568949225579389,0.16191576093158713,0.15515070731785252,0.1607663408911429,0.1486221110436533,0.07453883971570341,-0.008393779072156007,0.12752628191375243,0.2814590969885925,0.14709655037043462,-0.028899834297269784,0.1303199477785335,-0.2226935138564914,0.03296069239091237,0.07273026060520298,0.17486978869478287,0.13771859750669888,0.10898857427179813,-0.015291212277522401,-0.1506717123071937,-0.10221530399375534,-0.06025736418538621,-0.20288131028406833,-0.16997174380440688,-0.24370169856710505,-0.059690414348121806,-0.23103890590549922,-0.08652147516513213,-0.26035505119438346,-0.10572655854145079,-0.15035765313808105,0.16510747853396449,-0.17787800079427754,-0.15786038061415,0.4355525934987926,0.08882944487302971,-0.07368521959035364,-0.14202778145498865,0.5406473818512144,0.2588121442298475,0.2069595146690282,0.3149675670000502,0.34541943788886503,0.4018852679773768,-0.25633527642228177,-0.2382312260632592,-0.15871856555300434,-0.14180136670516327,-0.2988756864338307,-0.30653361756905423,0.17229340795281808,0.10171043562015274,0.0597205421172518,0.041067801174982994,0.06167428229719675,0.3477109742681463,0.26805041380034417,-0.008221229121684234,-0.01871208351782788,-0.015274778948906043,-0.0063204407783919985,0.057992303724431336,0.08479414973501258,0.17214550799527084,0.21361318683325192,-0.05625767459270452,0.00025380363085266154,0.08977527423117128,0.13197332322987945,0.05163808332610571,0.1104082312717114,-0.09659054079345589,0.03652946358876508,0.11900103621266553,0.32344899049149345,0.13932906371110207,-0.04572117206151543,-0.038034026119862875,-0.050745205804616854,-0.09156102927414901,0.07365600478392455,-0.019920846133831202,0.012107711339453226
#101,0.03617979887431699,0.05192475361419109,0.07638028548343657,-0.02588249257076602,-0.16679006879173952,-0.23799294279832198,-0.16703109094477944,-0.005209365171385923,0.10776246536447753,0.06612223657602469,-0.03561832681325804,-0.1439504809031027,-0.17155390816508193,0.16154418511231725,1.0,0.6471526975765405,0.21953374994864586,0.23534443800298538,0.24218526752089545,-0.2362227081212597,0.5232061424130517,-0.06773818055663336,0.2018560531709477,0.038694098152619975,0.4427595210597671,-0.02625863320354047,0.23094030593380108,-0.19075442672789603,0.06537634604938215,-0.27649714470915293,-0.2603176197236462,-0.19364304071357163,-0.007567547827833494,-0.040193182907512316,-0.09835803658241543,-0.2628319190019492,-0.17481409797002742,-0.2511523871692222,-0.183452551046027,-0.1539921576503992,-0.03239465551634888,-0.11302021755901162,-0.18118931651047396,-0.12004455257980436,-0.11398521913387229,-0.32354759046319165,-0.060111290153240786,-0.17710106953580412,-0.128041192877065,-0.12654941182377993,-0.09734190909630387,0.11840213268086933,0.20571423354498852,0.22232650285072603,0.34615072101229305,0.0661341050911365,0.18736368325672054,-0.11686013867903426,0.10222534658346533,0.10019856938744767,-0.29797094039723004,-0.11871801777538378,0.17779492118849485,-0.007693536680558916,0.01458457914701895,-0.15135917322097805,-0.02744639767742289,-0.360514363185692,0.37800216372160117,0.5729534799855752,0.06013776607156714,0.18971912702506538,0.008389214258651462,0.011529805949777922,-0.16829645724823913,-0.28979992422409584,-0.08415324991897456,0.07618308554004026,-0.18133904239342302,-0.2831608594630866,-0.0481724769134557,-0.3125326954767263,-0.08332427978654933,-0.2984538976660109,-0.33963399325320565,-0.0643182222790288,-0.01667708965750204,-0.17677514185157966,-0.14596812847211127,-0.22493848913802628,-0.2954666837086371,-0.14952046634134764,-0.2996471399160987,0.018067531850986227,0.0020989012493894564,0.268042197136036,0.3316884788671959,0.17446808510638298,0.14221950362217953,0.0874974322924037,0.2377290965777593,-0.002953434337440144,0.13994166168341193,0.03807602240410468,0.10440915336403932,-0.07506105438062328,-0.027241894032419306,-0.23341078300246043,0.0016880680339804717,-0.09325366212163402,0.20837734574353964
#102,0.07401023431187718,0.199359100183962,0.13010722746922174,0.024495702228085472,-0.07739823889494994,-0.1772316232020341,-0.10795510049436931,-0.0441097928944113,0.2125167186294604,0.0034829527039672795,-0.06632947910913099,-0.18759922763355502,-0.1449081787763561,0.24669895511418882,0.6471526975765405,1.0,0.09765140345191198,0.303290774055426,0.12219366677774379,-0.025162164999748934,0.2996562695431078,0.2876206822570264,0.1476498057671854,0.43993937927665966,0.2532257254629862,0.3466802393788202,0.059817316163548136,-0.13154331779775139,-0.0825893448123177,-0.1795213336559135,-0.26695211967115084,-0.12226761675651741,-0.05046492625543783,-0.008738878973099554,-0.16331989756558496,-0.14092309658688895,-0.3274450282333715,-0.14192552963248686,-0.2260860832530687,0.060134114220763514,0.045413503631309145,0.014497847690432608,-0.1408783614145444,0.06952941337581653,-0.14640817649394933,-0.0629168245331337,-0.06433191671954243,-0.27992805853916836,-0.19766281548567333,-0.14337714032693194,-0.17561294033332267,0.020380979335089266,-0.12635221188038362,0.3387557231349313,0.03526592321070723,0.23639069325822692,-0.06230148767272113,0.04380303742690592,0.2158371639726659,0.2572555428247979,-0.12007102849813071,-0.020149086809058418,0.12921161105963017,0.009237356607795788,-0.14658255236982293,-0.16827272021801548,0.09092834612241917,-0.2949097764610827,0.3231002387397463,0.5853551653147211,0.13660752189969277,0.25022116521429516,-0.09384800083992569,-0.10719095071370859,-0.21856600948568247,-0.25361099572276974,0.06878169692377217,0.0818370635467688,-0.25192018880068656,-0.08081545828445179,-0.0015903810249832243,-0.2070635924169318,0.07641589102877203,-0.2720227145119986,-0.1289358963239557,0.1039636275659958,0.0654219941844276,-0.07338576782445554,0.020765336632171894,-0.14557007673451502,-0.1166985442809734,-0.09037052591216387,-0.042310343410919944,0.08056621946710367,0.0769609297612146,0.21579151583762046,0.5675396111691857,0.19271820949755097,0.25870532759384113,0.019366677774379528,0.10758808948860395,-0.07146672022714512,0.054225419620481406,0.023722422820415673,0.09434100069841647,-0.07566452272592403,-0.04004071813646053,-0.11935526574061817,-0.04478903714388749,0.07996275112180291,0.07886628291801139
#201,0.40771727371078254,0.09895876603961345,0.7328214655790237,0.6354238657579645,0.4067750962034446,0.38560166524396644,0.3079121912474266,0.2580498203745886,-0.021987793688688848,0.6952996115343708,0.4331396330802905,0.4928583492721405,-0.01610283611863037,0.2052376670151141,0.21953374994864586,0.09765140345191198,1.0,0.5588847247645697,-0.11900560102617008,-0.35149155281260985,0.0016095532417023102,-0.24244181003985082,0.5309909753637015,0.17473740910315108,0.4738906361980581,0.18581803740408184,0.08473206827135077,-0.16402105291988295,0.06080788069403425,0.16165830544993084,0.0764551484249111,0.3363190256862056,0.5519151675058316,0.14418328639183448,-0.0073265256747935565,-0.10748675062880306,0.13206279357456852,-0.0067595758375291574,-0.09847854765893539,-0.030582424555044802,-0.026869405250448494,-0.2780300090839789,-0.09556984849383979,-0.13061574769362796,-0.15007006988729477,-0.20147991253817324,0.1523743877443887,-0.03231522776136981,-0.06172175635764401,-0.25299200701155355,0.007914473654178859,-0.1138619691692496,0.14003295795350282,-0.014810993896844345,0.025865146279448754,0.0746091378436734,-0.19700183049021533,-0.33480989834160324,0.05025311890882698,-0.05511373232846572,-0.031269885468829174,0.012378861261623157,-0.02927871381814696,0.13984762652521832,0.06376314095687621,-0.0772183852428709,-0.034504512318149244,0.17436765920928302,0.16326055499002587,0.19739988222781157,0.31979987857596076,0.2694326393295202,-0.1264005989035318,0.18542455047999015,-0.27536689688542776,-0.10971164073091794,-0.12428526432552599,-0.04775160110833672,0.31697334605394695,0.18660866310306892,-0.2370562430671895,-0.19260226323453555,-0.1517325749656498,0.060994125085019654,-0.07074913154423076,0.16125568889883005,0.13802809186230697,-0.020569962614177397,-0.13003327749044813,-0.2479862325224703,-0.20531800773279407,0.07899501065883953,-0.02805169194812546,0.08160699694613976,0.02203344182373429,0.6058256149944994,0.29562097440509066,0.5256930528103274,0.19589258080861108,0.2620485970045694,0.2814024933011362,0.5337179949513162,0.5344145854921097,0.5955082235115284,0.16834849612219094,0.4416776602591901,0.08761976929432548,-0.13455974656155423,-0.03232527035107981,0.27608813741914573,0.2271396422099175
