,#10,#11,#12,#13,#17,#18,#26,#49,#50,#51,#52,#53,#54,#58,#101,#102,#201,#202,#301,#302,#401,#402,#501,#502,#601,#602,#701,#702,#801,#802,#901,#902,#1001,#1002,#1101,#1102,#1201,#1202,#1301,#1302,#1401,#1402,#1501,#1502,#1601,#1602,#1701,#1702,#1801,#1802,#1901,#1902,#2001,#2002,#2101,#2102,#2201,#2202,#2301,#2302,#2401,#2402,#2501,#2502,#2601,#2602,#2701,#2702,#2801,#2802,#2901,#2902,#3001,#3002,#3101,#3102,#3201,#3202,#3301,#3302,#3401,#3402,#3455,#3501,#3502,#3601,#3602,#3701,#3702,#3801,#3802,#3901,#3902,#4001,#4002,#4101,#4102,#4201,#4202,#4301,#4302,#4401,#4402,#4501,#4502,#4601,#4602,#4701,#4702,#4801,#4802
#10,1.0,0.6006515518379926,0.5340501871010346,0.4650429231785164,0.2544045784723751,0.10303103675985031,0.18856042262821923,0.672194585075941,0.4032357473035439,0.6204754567466432,0.455941008144398,-0.058800352190182696,0.054618093770636145,0.027237508254457407,-0.20016508914814,0.12824345146379046,0.3378736517719569,0.07631741140215717,-0.15005062733876293,0.1254523442659036,-0.16480079242791107,-0.017109839313229142,0.1433942328857583,0.23805414924058993,0.15661016949152542,0.3460356592559982,0.056363636363636366,0.15787805414924058,-0.09704160246533128,-0.07228923618754127,-0.1841800572309047,0.054228483381025754,0.10894342945190402,0.14818401937046005,-0.13256658595641646,-0.14206911732335462,-0.30364736957957295,-0.007558881796169932,-0.3136121505613031,-0.06928901606867709,-0.2999427690953115,-0.2563812458727713,-0.12853180717587498,-0.16284613691393351,-0.05301342725071539,0.1176205150781422,0.19382786704820604,0.06077261721329518,-0.0485362095531587,0.0062755888179617,0.016627779000660356,0.067607307946291,0.09236407660136474,0.045111160026414264,-0.261270085846357,-0.02854061193044244,-0.05261501210653753,0.05737838432753687,-0.20862425709883337,-0.20119524543253356,0.21062293638564825,0.35970724191063175,-0.08638564825005503,-0.14854721549636804,0.19730574510235527,0.2094254897644728,-0.24650451243671584,-0.11449262601804974,-0.15603345806735638,-0.06921637684349549,0.14670261941448381,0.11089368258859784,-0.29055029716046665,-0.2259123926920537,-0.14368919216376844,-0.0672573189522342,-0.05032577591899626,0.1840215716486903,-0.25426370239929563,-0.028311688311688312,-0.03195685670261941,-0.09021571648690292,,0.014265903587937487,0.14524983491085186,0.18837772397094432,0.23102795509575172,-0.27636363636363637,-0.03565265243231345,-0.058036539731454985,-0.06797490644948272,0.102425709883337,0.16165089148139997,-0.03890380805635043,-0.1372903367818622,0.29657935285053927,0.13205591019150342,0.21279991195245432,0.2569953775038521,0.07988113581333921,-0.021314109619194364,-0.04767554479418886,-0.10049526744441999,0.07264582874752366,0.10465991635483161,0.21011446180937707,0.11176535329077703,0.16105216817081225,0.028483381025753908,0.03825885978428351,-0.0934998899405679
#11,0.6006515518379926,1.0,0.3167114241690513,0.4136847897864847,0.22488223640766014,0.23759189962579794,0.30680607528065157,0.4229275808936826,0.5267268324895443,0.5765573409641206,0.253086066475897,-0.11931763152102136,-0.02901386748844376,0.18094430992736077,-0.012795509575170592,0.30848998459167953,0.13118423948932423,0.014331939247193485,0.1924521241470394,0.31237068016729036,-0.1680959718247854,0.002443319392471935,0.02934404578472375,0.0627426810477658,0.1869359454105217,0.26846797270526085,0.021399955976227163,0.06851419766674004,0.1301716927140656,0.1725313669381466,-0.04905789126128109,0.11689412282632622,0.008639665419326436,0.1338234646709223,0.10803213735417125,0.10105216817081224,-0.024767774598283072,0.1163680387409201,-0.22710983931322914,0.031604666519920756,-0.09163108078362316,0.013686990975126568,-0.09162667840633942,0.11635703279771076,-0.0936385648250055,-0.01834470614131631,0.03795509575170592,0.008998459167950694,-0.16721769755668062,-0.08876513317191283,-0.017710763812458726,-0.05841074180057231,0.029445300462249614,-0.13835351089588377,-0.339192163768435,-0.08139995597622716,-0.20610829848117984,-0.010935505172793309,0.008934624697336562,0.13193704600484263,-0.11009685230024213,0.03487563284173454,0.13144177856042263,0.023513097072419106,0.05907329958177416,0.1716552938586837,0.15930222320052828,0.2724807395993837,0.12165089148139996,0.23985252036099494,0.1841844596081884,0.13916574950473257,-0.23027294739159146,-0.30424829407880255,-0.12565265243231344,-0.2025511776359234,-0.1659454105216817,-0.09314329738058552,0.02406779661016949,0.2602179176755448,-0.12860004402377284,-0.17005502971604666,,-0.12657054809597182,0.04039841514417786,-0.036172132951793966,-0.02975346687211094,-0.39335020911292096,0.02944750165089148,-0.16019810697776798,-0.08944309927360775,0.11278450363196126,0.1077591899625798,0.13662337662337662,0.04906449482720669,0.17011666299801892,0.14058551617873652,-0.13483381025753907,-0.023310587717367378,-0.185478758529606,-0.18955095751705922,-0.17233766233766235,0.05598723310587717,-0.21606867708562624,-0.08570988333700198,-0.08127668941228264,-0.14640986132511558,-0.01036979969183359,-0.32258639665419325,0.14916134712744883,0.06958397534668721
#12,0.5340501871010346,0.3167114241690513,1.0,0.7309134932863747,0.33838872991415364,0.05068456966762051,0.2858991855602025,0.14039841514417786,0.25254677525863967,0.6781972265023113,0.36498789346246974,0.16891041162227602,0.19997578692493947,-0.006559542152762492,-0.30006383447061413,-0.05102575390710984,0.767886858903808,0.469159145938807,-0.30579793088267665,-0.24603565925599824,-0.3379154743561523,-0.29358353510895885,0.22514417785604227,0.351600264142637,0.23543033237948494,0.2799603786044464,0.2995311468192824,0.4014439797490645,-0.1806867708562624,-0.35128109178956635,0.18095311468192823,0.02441338322694255,0.5653775038520801,0.1508958837772397,-0.43974686330618534,-0.4279550957517059,-0.3721043363416245,-0.3397754787585296,-0.3817411402157165,-0.37186000440237726,-0.43661457186880914,-0.4794144838212635,-0.27692493946731234,-0.37066916134712746,0.12945190402817522,0.21031256878714505,0.2412194585075941,0.22022892361875412,0.17314769975786926,0.2530948712304644,0.28380145278450364,0.3602597402597403,0.3470878274268105,0.24370019810697777,-0.4594276909531147,-0.3759278010125468,-0.12401716927140656,-0.2810147479639005,-0.1586418666079683,-0.08583094871230465,0.31691833590138674,0.41180277349768873,-0.22493506493506493,-0.08300242130750606,0.45232445520581116,0.2915144177856042,0.0036737838432753687,-0.13232445520581113,-0.22947391591459387,-0.14163328197226502,0.4251507814219679,0.28559762271626676,-0.38161787365177197,-0.22535989434294518,-0.4606229363856483,-0.292920977327757,-0.3072331058771737,0.152854941668501,-0.2584569667620515,-0.1518864186660797,0.05760950913493287,-0.14114461809377063,,0.40993836671802775,0.2152674444199868,0.20182698657274928,0.26488883997358575,-0.28504732555580015,-0.16935285053929122,-0.12101034558661677,-0.21961919436495708,-0.2056174334140436,0.03550077041602465,0.07973365617433414,0.02906009244992296,0.6518071758749725,0.09656614571868809,0.49660796830288356,0.6000946511116003,0.3233083865287255,0.367574290116663,0.48829627999119524,0.274389170151882,0.49822364076601366,0.5689852520360995,0.4382456526524323,0.4846995377503852,0.07911071978868589,-0.007178076161127009,0.11641206251375742,-0.0273959938366718
#13,0.4650429231785164,0.4136847897864847,0.7309134932863747,1.0,0.5162469733656174,0.18271186440677967,0.3224367158265463,0.15415584415584416,0.43301122606207354,0.6647215496368039,0.3490314769975787,0.33911292097732776,0.3792229804094211,0.20789126128109178,-0.12077701959057892,0.20217917675544794,0.48130090248734314,0.0861567246313009,-0.17711204050187102,-0.004133832269425489,-0.32607307946291,-0.21675324675324675,0.3253202729473916,0.3253378824565265,-0.0137376183138895,0.3363988553819062,0.15343165309267004,0.3337222099933964,-0.26079462909971385,-0.34360994937266126,-0.048109178956636585,0.1572727272727273,0.27563504292317853,0.10959498128989655,-0.19898084965881577,-0.11128769535549196,-0.3554633502091129,-0.11510895883777239,-0.4733942328857583,-0.22377944089808496,-0.39040721989874533,-0.2902069117323355,-0.37096412062513756,-0.17150781421967862,-0.061701518820162886,0.06341184239489324,0.2546004842615012,0.20211093990755008,0.024631300902487344,0.10056790666960158,0.1804028175214616,0.1717543473475677,0.2040017609509135,-0.10418886198547216,-0.40301562843935723,-0.3293418445960819,-0.15626458287475237,-0.08828527404798592,-0.005546995377503852,0.12289676425269645,0.15550297160466653,0.23310367598503193,0.018571428571428572,-0.06860004402377284,0.2663284173453665,0.24065595421527625,0.18983270966321814,-0.044811798371120405,-0.1432049306625578,0.01475676865507374,0.11959938366718027,0.10232885758309487,-0.07437816420867269,-0.008415144177856042,-0.24906889720449044,-0.20658375522782302,-0.13161787365177197,0.007433414043583535,-0.24066696015848557,0.02568567026194145,-0.11840193704600484,-0.07318952234206472,,0.3996456086286595,0.3990975126568347,0.026779661016949154,0.0574356152322254,-0.2927184679727053,-0.08969843715606428,-0.038263262161567245,-0.05682148360114462,0.06032357473035439,0.2857957296940348,0.12304644508034339,0.12920757208892802,0.28120405018710104,0.10872551177635924,0.034195465551397755,0.239636803874092,-0.0009619194364957077,0.06533568126788465,0.11292978208232446,0.0802113141096192,0.27968743121285494,0.3315034118423949,0.07447941888619855,0.27057230904688534,0.07168390931102796,-0.21890380805635043,0.17829187761391152,0.14104556460488663
#17,0.2544045784723751,0.22488223640766014,0.33838872991415364,0.5162469733656174,1.0,0.32688531807175875,0.04701518820162888,0.06961038961038961,0.31001540832049307,0.35581774158045343,0.3302773497688752,0.3923816861104997,0.3800528285274048,0.2631807175874972,-0.013775038520801232,0.23323354611490205,0.10612810917895664,-0.02037640325775919,-0.15491305304864628,0.15700638344706142,-0.11031917235307066,-0.03622716266784064,0.17276469293418445,0.14319172353070658,-0.1633083865287255,0.12936385648250054,0.08683689192163768,0.29052388289676423,-0.13548976447281533,-0.3386022452124147,-0.1466387849438697,0.021483601144618093,-0.05566585956416465,-0.15298261060972926,-0.07991635483160907,-0.0766255778120185,-0.3166916134712745,-0.1379506933744222,-0.3824367158265463,-0.3225467752586397,-0.2976667400396214,-0.05974025974025974,-0.11436275588817962,0.00014527845036319613,0.028718908210433634,0.08954875632841734,0.2359189962579793,0.10952674444199868,0.008842174774378164,0.12926260180497468,0.18075500770416025,0.14601584855822144,0.12414043583535109,-0.1047589698437156,-0.28178736517719566,-0.22355712084525645,-0.09499889940567907,0.11823464670922298,0.09019810697776799,0.10327977107638124,0.013486682808716706,0.08778340303764033,0.05436055469953775,0.06112920977327757,0.01637904468412943,0.19390710983931322,0.10770416024653313,-0.037809817301342724,-0.06938366718027734,0.02776139115122166,0.020220118864186662,-0.09453224741360335,-0.04548095971824785,-0.055830948712304644,-0.1735857362976007,-0.08158705701078582,-0.17324455205811137,-0.17685230024213075,-0.2710301562843936,0.02685890380805635,-0.011833590138674884,0.19996478098173012,,0.2678164208672683,0.5314241690512876,0.0161831388950033,-0.03946511116002641,-0.09598723310587717,0.004505833149900947,0.12481399955976227,0.1671648690292758,0.12697776799471713,0.3927030596522122,0.08022011886418666,-0.07368258859784284,0.10797270526084085,-0.04059872331058772,-0.15296059872331058,-0.03580013207131851,-0.1228813559322034,-0.05164208672683249,-0.04879594981289897,-0.04580893682588598,0.06099053488883997,0.1393924719348448,-0.11059652212194584,-0.008699097512656835,-0.018386528725511775,-0.26326876513317193,0.14882456526524324,0.025544794188861984
#18,0.10303103675985031,0.23759189962579794,0.05068456966762051,0.18271186440677967,0.32688531807175875,1.0,0.023152102135152983,0.07422628219238389,0.13746423068456967,0.25006383447061414,0.0977327756988774,0.363860884877834,0.4025467752586397,0.305676865507374,-0.06207351970063835,0.22140435835351088,0.13159806295399515,0.12220999339643407,-0.028010125467752587,0.05505172793308386,-0.16969403477878053,0.018892802113141097,0.16078142196786266,0.21070217917675546,0.10673783843275368,0.22474136033458067,0.08034558661677306,0.1537178076161127,0.4707528065155184,0.19990975126568347,0.14108298481179837,0.3069623596742241,-0.0009795289456306405,0.18623156504512436,0.08040501871010346,0.14884217477437817,-0.023847677745982832,-0.014948272066916134,-0.32362976007043803,-0.11184239489324235,-0.0487937486242571,0.11181377944089808,0.018415144177856044,0.03318071758749725,0.05238828967642527,0.06148139995597623,0.1663284173453665,0.12739379264802994,0.03623156504512437,0.12325335681267885,0.12181818181818181,-0.006887519260400616,0.1903037640325776,-0.13542593000220118,-0.2582786704820603,-0.21274047985912392,-0.09914593880695576,0.12245432533568126,-0.005954215276249174,0.1038696896324015,-0.2984899845916795,-0.25761831388950035,0.22873211534228483,0.19093330398415145,-0.03648250055029716,-0.035868368919216374,0.19202289236187542,0.17835351089588378,0.060132071318512,0.15713405238828967,0.13246973365617434,0.1051551837992516,0.012830728593440458,0.06666740039621395,-0.14820383006823684,-0.17651551837992516,-0.18474136033458066,-0.18627338762931983,0.25907990314769974,0.37651551837992514,0.2546004842615012,0.2849878934624697,,0.014913053048646268,0.40957296940347787,-0.2755425930002201,-0.15698437156064274,-0.10307285934404578,0.032126348228043146,0.22784283513097073,0.23728813559322035,0.048412942989214176,0.21296500110059433,-0.006931543033237948,-0.0026590358793748626,-0.09985912392692053,0.1707968302883557,-0.20942989214175656,-0.19776799471714726,-0.09804314329738059,-0.1301254677525864,0.015194805194805195,0.09091129209773277,-0.25109619194364957,-0.03444419986792868,0.011833590138674884,-0.0028263262161567246,-0.16053048646268986,-0.36524983491085183,0.015205811138014528,0.07383226942548976
#26,0.18856042262821923,0.30680607528065157,0.2858991855602025,0.3224367158265463,0.04701518820162888,0.023152102135152983,1.0,0.11306845696676206,0.34221879815100154,0.357838432753687,0.3398217037200088,-0.0802113141096192,-0.06431653092670042,0.36645168390931104,0.16509134932863748,0.3107968302883557,0.09539511336121506,-0.17994276909531146,0.1012524763372221,0.06143517499449703,-0.14377944089808498,-0.07116883116883117,-0.10484921857803214,-0.21817741580453445,-0.17598723310587716,-0.2374488223640766,0.029225181598062953,-0.03749064494827207,0.007845036319612591,-0.037889060092449925,0.01820823244552058,0.17221659696235966,0.11604006163328197,0.1537244111820383,0.05180057230904689,0.10155844155844156,-0.018743121285494168,0.053911512216596964,-0.0790380805635043,-0.018659476117103235,-0.1791965661457187,-0.0820559101915034,-0.19395333480079244,0.09912392692053709,-0.06103235747303544,-0.09797050407219898,-0.08761831388950032,-0.05647149460708783,0.08915254237288135,-0.04301122606207352,-0.00476337222099934,-0.05256878714505833,-0.05815540391811578,-0.184554259300022,-0.15290116662998018,-0.242854941668501,-0.20769535549196566,-0.011716927140655954,0.012650231124807397,0.13595201408760732,0.04731234866828087,0.12652432313449263,0.37504512436715826,0.45827867048206034,0.09435835351089589,-0.008012326656394453,0.3513911512216597,0.5831873211534229,0.11989874532247413,0.2069755668060753,0.07406779661016949,0.17634382566585957,-0.09195465551397755,-0.08688531807175875,0.06306625577812018,0.09047105436935945,0.014585075941008144,-0.21138895003301783,-0.014081003742020691,0.027609509134932864,-0.37874312128549414,-0.3350913493286375,,0.0976007043803654,0.24408540611930443,0.21700418225841955,0.04476997578692494,-0.43485582214395774,-0.31719348448162005,-0.20284393572529166,-0.1862161567246313,0.029275808936825885,0.10739379264802994,-0.01305084745762712,-3.081664098613251e-05,0.1437574290116663,-0.20250935505172793,-0.17605546995377505,-0.09708782742681048,-0.01184239489324235,0.06675104556460489,-0.06520801232665639,0.031967862645828744,0.022218798151001543,0.08432973805855162,-0.07412942989214176,0.14456526524323135,0.09495267444419987,-0.004219678626458287,-0.07930442438917015,-0.18131631080783622
#49,0.672194585075941,0.4229275808936826,0.14039841514417786,0.15415584415584416,0.06961038961038961,0.07422628219238389,0.11306845696676206,1.0,0.40928901606867707,0.49920537090028616,0.42317631521021354,0.06492846136913934,0.09298921417565485,0.16142857142857142,0.02173893902707462,0.07735197006383447,0.19109619194364957,-0.20623816861104996,0.030028615452344264,0.1526370239929562,0.13575830948712306,-0.06680167290336782,-0.11127008584635703,-0.15314549856922738,-0.053182918776139114,-0.09025533788245653,-0.06792427911071978,-0.11096852300242131,-0.032546775258639665,0.14206911732335462,-0.32840633942328856,0.01445080343385428,-0.12471054369359454,-0.05585956416464891,0.05240810037420207,-0.025005502971604667,-0.1649702839533348,-0.006715826546335021,-0.2555976227162668,-0.15233986352630421,-0.09013427250715386,-0.027633722209993397,0.1034404578472375,0.05755668060752807,-0.10252916574950473,0.040365397314549856,0.22895663658375523,0.09183359013867488,-0.012357473035439137,-0.05263922518159806,-0.12593220338983052,-0.09638344706141316,-0.012681047765793528,-0.19503191723530708,-0.10176975566806075,-0.11119524543253356,0.012526964560862866,-0.0038432753686990975,-0.18225841954655514,-0.3019942769095311,0.099702839533348,0.2747325555800132,-0.033466872110939905,-0.10919436495707682,0.1237178076161127,0.07645828747523663,-0.29487343165309265,-0.03576271186440678,-0.018483381025753906,1.3207131851199647e-05,0.06492185780321373,0.06463790446841294,-0.1814241690512877,-0.2736517719568567,-0.03669821703720009,-0.07629760070438037,0.005208012326656394,0.08115562403697997,-0.2965595421527625,-0.15213955535989435,0.008802553378824565,-0.020644948272066917,,-0.04047765793528505,0.0952608408540612,0.21412282632621615,0.1541272287034999,-0.08625797930882677,0.003711204050187101,0.21255337882456526,0.09207351970063835,0.20373981950253137,0.11491745542593,-0.060948712304644506,-0.14828527404798592,0.19041382346467092,-0.17052608408540612,0.15819502531366939,0.09088487783403038,0.05181157825225622,-0.1703830068236848,-0.14757869249394673,-0.29887739379264805,0.0072617213295179395,-0.11858023332599604,0.15165969623596742,-0.10349108518600043,0.17878934624697337,0.06538410741800572,0.016114902047105438,-0.20137574290116664
#50,0.4032357473035439,0.5267268324895443,0.25254677525863967,0.43301122606207354,0.31001540832049307,0.13746423068456967,0.34221879815100154,0.40928901606867707,1.0,0.6106735637244112,0.39254017169271405,0.10277349768875192,0.14596302003081665,0.37213075060532685,0.39869029275808937,0.3724191063174114,0.12812458727712964,-0.24565705480959718,0.3715760510675765,0.2986616773057451,0.09768214836011446,0.020462249614791986,0.07654413383226942,-0.040697776799471716,-0.0125379705040722,0.016819282412502752,-0.10957957296940347,-0.267277129650011,-0.22124367158265462,-0.052623816861105,-0.29660796830288355,0.11626018049746863,-0.046390050627338766,0.12519920757208894,0.13011666299801894,0.15599383667180278,0.05743781642086727,0.2391041162227603,-0.13990534888839973,0.04416464891041162,0.00937706361435175,0.08146599163548317,0.014697336561743341,0.27228923618754125,-0.39281311908430555,-0.2704138234646709,0.07557781201848998,-0.10620074840413823,-0.33089368258859786,-0.42221439577371783,-0.1996566145718688,-0.36366497908870793,-0.2258199427690953,-0.5003015628439357,0.03151441778560422,-0.06962799911952454,-0.22130750605326877,-0.046224961479198766,0.014712744882236407,-0.06454545454545454,-0.10897644728153202,0.025201408760730796,0.22350209112920977,-0.006037860444640106,0.03548976447281532,-0.023786044464010565,0.22177856042262822,0.2590182698657275,0.3638432753686991,0.42027514858023335,-0.0074598283072859345,0.13609289016068676,0.08248073959938367,-0.0801122606207352,0.07018049746863306,-0.10202949592780101,0.02035659255998239,-0.2616596962359674,-0.025150781421967864,0.14224301122606206,-0.31445300462249615,-0.3132225401716927,,0.15757869249394674,0.2517587497248514,-0.05726172132951794,-0.1290050627338763,-0.5017719568567026,-0.11857583094871231,-0.12266563944530046,-0.1251948051948052,0.1345432533568127,0.1508056350429232,0.05827646929341845,-0.03802993616552939,0.04856042262821924,0.05528725511776359,-0.21558441558441557,-0.14840633942328857,-0.3451551837992516,-0.4204006163328197,-0.26405679066696014,-0.021970063834470616,-0.06021571648690293,-0.09609509134932864,-0.19900726392251816,-0.15324235086946952,0.01598283072859344,-0.3748095971824785,0.050004402377283735,0.0589588377723971
#51,0.6204754567466432,0.5765573409641206,0.6781972265023113,0.6647215496368039,0.35581774158045343,0.25006383447061414,0.357838432753687,0.49920537090028616,0.6106735637244112,1.0,0.45867708562623816,0.16906009244992296,0.25631080783623156,0.24844816200748404,-0.10037200088047546,0.09719568567026195,0.6138190622936386,0.14613251155624038,-0.08781421967862646,0.021490204710543692,-0.15521021351529826,-0.25461809377063616,0.142557781201849,0.2157671142416905,0.1512524763372221,0.24547435615232224,0.14321153422848337,0.16243671582654634,-0.119900946511116,-0.1808826766453885,-0.028888399735857363,0.14222540171692713,0.25458067356372444,0.15900946511116001,-0.17610609729253798,-0.17285934404578474,-0.2634272507153863,-0.1430838652872551,-0.42112920977327756,-0.2582896764252696,-0.2940545894783183,-0.2775522782302443,-0.2766321813779441,-0.17355051727933085,-0.016101694915254237,0.13074620294959277,0.2979242791107198,0.1540215716486903,0.05468853180717587,0.06106097292537971,0.11724851419766674,0.06735857362976007,0.2306383447061413,-0.17113141096191944,-0.3663504292317852,-0.3572573189522342,-0.08533127889060092,-0.13156724631300903,-0.1037706361435175,-0.13204710543693596,0.10576711424169051,0.31167510455646047,0.0011138014527845037,-0.04580893682588598,0.331138014527845,0.2678450363196126,0.07019810697776799,0.0038366718027734977,-0.061873211534228485,0.07440677966101696,0.2603323794849219,0.21881796169931764,-0.333746423068457,-0.24360774818401937,-0.3137398195025314,-0.23253576931543032,-0.2246995377503852,-0.014021571648690292,-0.2093286374642307,-0.04560642747083425,-0.01547655734096412,-0.20217257318952234,,0.2674620294959278,0.3109751265683469,0.10093110279550957,0.1583645168390931,-0.40635923398635265,-0.09148800352190183,-0.02098613251155624,-0.1327690953114682,0.018467972705260842,0.19496808276469293,0.05145498569227383,-0.02050627338762932,0.4640876073079463,0.02647809817301343,0.16757649130530486,0.26213955535989436,0.040411622276029055,-0.04805855161787365,0.11691833590138676,0.00901386748844376,0.1471846797270526,0.15407660136473697,0.15764913053048646,0.13970724191063175,0.057950693374422185,-0.1969227382786705,0.10192824125027515,0.005738498789346247
#52,0.455941008144398,0.253086066475897,0.36498789346246974,0.3490314769975787,0.3302773497688752,0.0977327756988774,0.3398217037200088,0.42317631521021354,0.39254017169271405,0.45867708562623816,1.0,0.018967642526964562,0.13334360554699537,0.44010125467752587,0.008443759630200309,0.25368919216376845,0.2337178076161127,-0.10994937266123707,-0.0796896324014968,0.22674884437596302,-0.10087827426810478,0.026434074400176095,0.1422474136033458,0.027068016729033677,0.08967422408100374,0.05201188641866608,0.12341624477217697,0.1498811358133392,-0.1995179396874312,-0.31338542813119086,-0.18076601364736958,0.21622716266784064,0.1568082764692934,0.08478318291877614,-0.057812018489984594,-0.11533568126788465,-0.17949812898965442,-0.0550231124807396,-0.19973365617433414,-0.1793220338983051,-0.3641844596081884,-0.2503411842394893,-0.15826326216156725,-0.003896103896103896,-0.036621175434734754,0.12513097072419108,0.16286374642306845,0.0948316090688972,0.015808936825885977,0.08302883557120845,-0.04418445960818842,0.08430992736077482,0.06926920537090028,-0.019088707902267223,-0.20102575390710983,-0.16037200088047546,-0.2672198987453225,0.15150121065375302,-0.13654193264362757,-0.004780981730134273,0.07187321153422849,0.1269337442218798,0.12984591679506935,0.03779000660356593,0.15677305745102355,0.05482060312568787,-0.01580013207131851,0.12157164869029276,-0.0587343165309267,0.04641866607968303,0.08554699537750385,-0.017745982830728594,-0.2095399515738499,-0.26812678846577154,-0.03397094430992736,0.0400066035659256,-0.03934404578472375,-0.16126348228043144,-0.2907704160246533,-0.19809156944750164,-0.1672000880475457,-0.2913295179396874,,0.1914307726172133,0.23413603345806736,0.052293638564825,-0.11737178076161127,-0.3751661897424609,-0.3372485141976667,-0.08065815540391812,0.032282632621615674,-0.12448602245212415,0.18387849438696896,-0.225280651551838,-0.26033898305084746,0.29928461369139336,-0.0636979969183359,0.08014527845036319,0.042392692053709005,-0.02683909311027955,0.018382126348228042,-0.058732115342284834,-0.06845256438476778,0.19941668500990534,0.089900946511116,0.08497248514197667,0.20960158485582214,0.008089368258859784,-0.08047325555800132,-0.06160246533127889,-0.27339203169711646
#53,-0.058800352190182696,-0.11931763152102136,0.16891041162227602,0.33911292097732776,0.3923816861104997,0.363860884877834,-0.0802113141096192,0.06492846136913934,0.10277349768875192,0.16906009244992296,0.018967642526964562,1.0,0.6342857142857142,0.3075610829848118,-0.08033898305084745,0.017853841074180057,0.22672243011226062,-0.04178076161127008,-0.24916134712744883,-0.13566806075280652,-0.09651771956856703,-0.12318952234206472,0.022095531587057012,0.09942989214175654,-0.27241690512876954,-0.02637904468412943,-0.054072198987453225,0.018881796169931762,-0.09162447721769755,-0.11184459608188421,-0.04098393132291438,0.12446401056570548,-0.05676865507373982,-0.17915474356152322,-0.08391151221659696,-0.10397974906449482,-0.20364296720228925,-0.18299801893022233,-0.27143517499449704,-0.30885538190622935,-0.15867048206031256,-0.11799911952454326,-0.08602685450143077,-0.13506053268765134,0.08516618974246093,0.1483711204050187,0.0736517719568567,-0.0004710543693594541,0.03096191943649571,0.10441338322694255,0.06450363196125908,0.10234206471494607,0.10819282412502751,-0.2055580013207132,-0.07276469293418446,-0.23921197446621176,0.19790666960158484,0.14199427690953115,0.09231565045124367,-0.0021791767554479417,0.003204930662557781,0.009951573849878935,0.03618534008364517,0.14911952454325336,0.00827426810477658,-0.09438256658595642,0.23508694695135374,0.04279330838652873,-0.08759850319172353,0.0016310807836231564,0.04254677525863967,0.03543253356812679,0.17493286374642306,0.25806955756108296,-0.04155844155844156,-0.043398635263042044,-0.013242350869469514,-0.001364736957957297,-0.10327096632181378,0.029854721549636806,0.41908210433634163,0.4669887739379265,,0.5571692714065596,0.6210763812458727,0.05253576931543033,0.015478758529605988,0.22000440237728372,0.05716707021791768,0.509819502531367,0.17084745762711864,0.2557208892802113,0.3595487563284173,0.015395113361215056,0.04897424609289016,0.01705260840854061,-0.11524983491085186,-0.10659255998239049,-0.0712788906009245,-0.12230464450803434,-0.06929341844596082,0.09461589258199428,-0.08576271186440677,0.0927096632181378,0.09997578692493947,0.021358133392031697,-0.012421307506053268,0.140726392251816,-0.17201408760730794,0.050160686770856264,0.07522342064714946
#54,0.054618093770636145,-0.02901386748844376,0.19997578692493947,0.3792229804094211,0.3800528285274048,0.4025467752586397,-0.06431653092670042,0.09298921417565485,0.14596302003081665,0.25631080783623156,0.13334360554699537,0.6342857142857142,1.0,0.2462689852520361,-0.09685670261941448,0.08811358133392032,0.3631829187761391,-0.03694254897644728,-0.1969601584855822,0.005289456306405459,-0.06596742240810037,-0.04419986792868149,0.1578252256218358,0.10197006383447062,-0.1893132291437376,0.0386286594761171,-0.03448602245212415,0.10305524983491085,-0.18450583314990093,-0.056823684789786486,-0.005408320493066256,0.16929341844596082,-0.06680167290336782,-0.05633281972265023,-0.042788906009244995,0.030651551837992515,-0.22829848117983711,-0.107244111820383,-0.4054765573409641,-0.25200748404138235,-0.16225181598062954,-0.08720228923618754,-0.16053048646268986,-0.0840017609509135,0.16817301342725072,0.15020911292097733,0.24002201188641867,0.14160026414263702,0.135346687211094,0.17073959938366717,0.09915474356152322,0.10699097512656834,0.1446268985252036,-0.21499889940567907,-0.1719656614571869,-0.20532467532467533,0.1322209993396434,0.10467532467532467,0.09787585296059872,-0.0060004402377283736,-0.11301342725071539,-0.035368699097512654,0.05926700418225842,0.08565045124367159,0.07831829187761391,0.12668721109399075,0.2607506053268765,-0.009403477878054149,-0.06210213515298261,0.021283292978208232,-0.03775478758529606,0.10614571868809157,0.02097292537970504,0.04874532247413604,-0.013865287255117764,0.03835130970724191,-0.032513757429011664,-0.05737398195025314,-0.0535989434294519,-0.0024785384107418006,0.22166629980189304,0.29493946731234866,,0.30133392031697115,0.3961831388950033,-0.15372661237068017,-0.07487123046445081,0.04414263702399296,-0.05268985252036099,0.3276975566806075,0.2224191063174114,0.24780101254677525,0.24466872110939908,-0.010781421967862645,0.015602025093550517,0.07088487783403037,-0.043819062293638564,0.005993836671802774,0.05154083204930662,-0.0048492185780321375,0.014974686330618533,0.06800572309046886,0.02095971824785384,0.0735329077701959,0.026533127889060093,0.022584195465551397,-0.09366938146599163,-0.04591019150341184,-0.1537772397094431,-0.0686220559101915,-0.05845696676205151
#58,0.027237508254457407,0.18094430992736077,-0.006559542152762492,0.20789126128109178,0.2631807175874972,0.305676865507374,0.36645168390931104,0.16142857142857142,0.37213075060532685,0.24844816200748404,0.44010125467752587,0.3075610829848118,0.2462689852520361,1.0,0.22611270085846358,0.2724367158265463,-0.12072419106317411,-0.3306647589698437,0.14508254457407,0.25424169051287693,-0.06511116002641426,0.07227602905569007,-0.01603565925599824,-0.13281752146158926,-0.14651111600264144,-0.1301188641866608,-0.09240810037420207,-0.15388509795289457,-0.01917675544794189,0.07269205370900286,-0.24039621395553598,0.4375874972485142,-0.0673167510455646,0.07977988113581334,0.22723530706581554,0.3034272507153863,0.04473475676865507,0.12288575830948713,-0.1296566145718688,0.07609289016068677,-0.001661897424609289,0.08959278010125468,-0.07965001100594321,0.26929782082324455,-0.17666299801893023,-0.10058771736737838,-0.031120405018710103,-0.06961699317631521,-0.22071538630860665,-0.20388729914153644,-0.24775478758529607,-0.2218578032137354,-0.17302443319392471,-0.4158199427690953,-0.013942328857583095,-0.08645168390931103,-0.1601915034118424,0.26104996698217037,0.008857583094871231,0.0325775918996258,-0.15685670261941448,-0.11854281311908431,0.45569887739379267,0.27566365837552276,-0.11999779881135814,-0.1369205370900286,0.35878274268104776,0.35679286814880035,0.2585230024213075,0.37555359894342943,0.014453004622496149,-0.03502091129209773,0.1978120184899846,0.16238828967642527,0.26417565485362093,0.24300462249614793,0.18485582214395774,-0.2324851419766674,0.018529605987233105,0.1710279550957517,-0.10159145938806956,0.08282412502751486,,0.2318071758749725,0.5549702839533348,0.03959938366718028,-0.23319832709663219,-0.22426810477657935,-0.16632621615672463,0.1417521461589258,0.27635923398635265,0.14259740259740258,0.3238344706141316,-0.11489544353951134,-0.11473035439137134,-0.1456174334140436,-0.02226502311248074,-0.4538586836891922,-0.3504820603125688,-0.439141536429672,-0.314983491085186,-0.3411160026414264,-0.038738718908210436,-0.2788795949812899,-0.12646268985252035,-0.2756834690732996,-0.05104776579352851,-0.0337772397094431,-0.1894453004622496,-0.1768500990534889,-0.05057671142416905
#101,-0.20016508914814,-0.012795509575170592,-0.30006383447061413,-0.12077701959057892,-0.013775038520801232,-0.06207351970063835,0.16509134932863748,0.02173893902707462,0.39869029275808937,-0.10037200088047546,0.008443759630200309,-0.08033898305084745,-0.09685670261941448,0.22611270085846358,1.0,0.3942967202289236,-0.3147677745982831,-0.5071582654633502,0.696764252696456,0.35452564384767776,0.33391811578252256,0.202425709883337,-0.09266563944530046,-0.30297380585516176,-0.13293638564825005,-0.2885582214395774,-0.4972881355932203,-0.6756306405458948,-0.09433634162447722,0.2835659255998239,-0.2996962359674224,0.08994276909531147,-0.18525203609949373,0.2753334800792428,0.5309509134932864,0.5226260180497468,0.593959938366718,0.6517785604226283,0.3854919656614572,0.5442482940788026,0.491270085846357,0.45342504952674445,0.4437508254457407,0.7200792427911072,-0.649273607748184,-0.6029077701959058,-0.33316530926700416,-0.4416751045564605,-0.5330838652872552,-0.7307351970063835,-0.6311402157164869,-0.7495245432533568,-0.700708782742681,-0.4919282412502751,0.43635263042042705,0.3630376403257759,-0.4260598723310588,-0.08524323134492626,-0.18559982390490865,-0.11414043583535109,-0.13665419326436276,-0.08514637904468413,0.5081421967862646,0.13430552498349108,-0.26822584195465554,-0.43923398635263045,0.12355491965661457,0.39105216817081223,0.8009531146819282,0.7335483160906889,0.046535329077701956,0.24629980189302222,0.5614725952014088,0.302062513757429,0.5366982170372001,0.21292317851639886,0.4643825665859564,-0.43309707241910633,0.237772397094431,0.27667400396213954,-0.31312568787145056,-0.09092229804094211,,-0.12198767334360555,0.020222320052828528,-0.13651771956856704,-0.21366057671142416,-0.03947171472595201,0.05470173893902708,0.01638564825005503,0.24019590578912614,0.006458287475236628,-0.16836011446180937,-0.25000220118864186,-0.329570768214836,-0.2721483601144618,0.18621395553598943,-0.34318952234206473,-0.49634382566585955,-0.2547787805414924,-0.44426810477657935,-0.4185163988553819,-0.011769755668060752,-0.24705040721989874,-0.26969183359013865,-0.34369579572969405,-0.23928461369139334,0.20909311027955096,-0.2029583975346687,-0.16745982830728592,0.01965001100594321
#102,0.12824345146379046,0.30848998459167953,-0.05102575390710984,0.20217917675544794,0.23323354611490205,0.22140435835351088,0.3107968302883557,0.07735197006383447,0.3724191063174114,0.09719568567026195,0.25368919216376845,0.017853841074180057,0.08811358133392032,0.2724367158265463,0.3942967202289236,1.0,-0.18550077041602464,-0.33410961919436494,0.20315870570107858,0.5966387849438697,0.1148712304644508,0.4553951133612151,0.3549460708782743,0.09679286814880035,0.06419986792868149,0.18578252256218358,-0.21231124807395993,-0.16273607748184019,-0.04006823684789786,-0.027785604226282193,-0.1662161567246313,0.19316530926700418,-0.12434734756768655,0.06395553598943429,0.2568104776579353,0.19246092890160688,0.1627492846136914,0.4134580673563724,0.020101254677525864,0.18936605767114242,-0.1328615452344266,0.0023222540171692714,-0.06428351309707242,0.25830948712304647,-0.4295641646489104,-0.1339555359894343,-0.1295311468192824,-0.21460268545014308,-0.3493924719348448,-0.3000374202069117,-0.41713625357693157,-0.35361215056130313,-0.35382566585956415,-0.2511093990755008,-0.010198106977767995,0.18484921857803213,-0.4387057010785824,0.30442659035879377,-0.11077041602465332,0.08923618754127229,-0.1026040061633282,-0.07796390050627339,0.3624301122606207,0.25314990094651113,-0.165181598062954,-0.12945850759410082,0.26670922298040944,0.405280651551838,0.27751265683469073,0.4341976667400396,-0.07627779000660356,-0.00575610829848118,0.19261941448382125,-0.039808496588157605,0.25438696896324015,0.07178516398855382,0.16718688091569447,-0.23416905128769536,0.10569887739379265,0.2839687431212855,-0.10702179176755448,-0.06553598943429452,,-0.08126348228043143,0.2322077922077922,-0.1417411402157165,-0.2566960158485582,-0.20768214836011445,-0.3217917675544794,0.0012987012987012987,0.023222540171692715,-0.09783182918776138,-0.02292097732775699,-0.3840281752146159,-0.32498789346246976,-0.07461149020471054,0.2004886638784944,-0.4148580233325996,-0.36128109178956636,-0.3858353510895884,-0.3065331278890601,-0.3109487123046445,-0.04242130750605327,-0.2731829187761391,-0.1736451683909311,-0.36496808276469295,-0.18176975566806075,0.009918556020250935,-0.33311468192824123,-0.09928021131410962,-0.08489324235086947
#201,0.3378736517719569,0.13118423948932423,0.767886858903808,0.48130090248734314,0.10612810917895664,0.13159806295399515,0.09539511336121506,0.19109619194364957,0.12812458727712964,0.6138190622936386,0.2337178076161127,0.22672243011226062,0.3631829187761391,-0.12072419106317411,-0.3147677745982831,-0.18550077041602464,1.0,0.5170261941448382,-0.3216486902927581,-0.40439797490644946,-0.04474356152322254,-0.284025974025974,0.15662777900066036,0.23011666299801892,0.20108958837772398,0.11079683028835571,0.2646753246753247,0.29912612810917893,-0.04920316971164429,-0.2364472815320273,0.23793528505392914,-0.04570548095971825,0.4491107197886859,0.08648470173893903,-0.49204490424829406,-0.44748624257098835,-0.34197666740039623,-0.39369579572969404,-0.40492405899185563,-0.4962315650451244,-0.2598062953995157,-0.4025797930882677,-0.24317191283292977,-0.40581113801452784,0.22064054589478319,0.24871890821043363,0.3666519920757209,0.3260906889720449,0.3179242791107198,0.3598657274928461,0.32963460268545014,0.3029055690072639,0.4551529826106097,0.18216156724631302,-0.29548976447281533,-0.44437376183138894,0.06211754347347568,-0.43126788465771515,-0.23336561743341405,-0.3093132291437376,0.21116222760290557,0.30779440898084964,-0.3401496808276469,-0.1208100374202069,0.5230156284393572,0.31374202069117324,-0.10319172353070657,-0.18342504952674443,-0.24204270305965223,-0.21642526964560863,0.4468743121285494,0.42609289016068674,-0.40532247413603345,-0.266106097292538,-0.5231256878714505,-0.397475236627779,-0.36578912612810915,0.1543913713405239,-0.13670041822584195,-0.202524763372221,0.3299537750385208,-0.10839753466872111,,0.38357032797710766,0.06326436275588818,0.14103675985031916,0.2746180937706361,-0.06565045124367158,-0.18630200308166409,0.09146819282412502,-0.1749306625577812,-0.225445740699978,-0.1503499889940568,0.04621175434734757,0.028228043143297382,0.721882016288796,0.0087739379264803,0.6319920757208893,0.5767092229804094,0.5078956636583756,0.3749284613691393,0.6025974025974026,0.21567246313009025,0.5046687211093991,0.43016729033678186,0.516748844375963,0.37631961259079905,-0.02841074180057231,0.0071340523882896766,0.0989456306405459,-0.11116222760290558
