,#10,#11,#12,#13,#17,#18,#26,#49,#50,#51,#52,#53,#54,#58,#101,#102,#201,#202,#301,#302,#401,#402,#501,#502,#601,#602,#701,#702,#801,#802,#901,#902,#1001,#1002,#1101,#1102,#1201,#1202,#1301,#1302,#1401,#1402,#1501,#1502,#1601,#1602,#1701,#1702,#1801,#1802,#1901,#1902,#2001,#2002,#2101,#2102,#2201,#2202,#2301,#2302,#2401,#2402,#2501,#2502,#2601,#2602,#2701,#2702,#2801,#2802,#2901,#2902,#3001,#3002,#3101,#3102,#3201,#3202,#3301,#3302,#3401,#3402,#3455,#3501,#3502,#3601,#3602,#3701,#3702,#3801,#3802,#3901,#3902,#4001,#4002,#4101,#4102,#4201,#4202,#4301,#4302,#4401,#4402,#4501,#4502,#4601,#4602,#4701,#4702,#4801,#4802
#10,1.0,0.21017226919109638,0.5179277568372649,0.4869250865202009,0.1014662643517492,0.09370788466543915,0.2511698302372437,0.41652511736862907,-0.15038801538565355,0.31977287844755287,0.009483963637415287,-0.11856014961487665,-0.018688363394483914,0.08426826564352713,-0.14286871101770893,0.14290727155292915,0.525034463478353,0.2584114987516027,-0.19358738299287595,-0.23601168384217172,0.009815584240309256,0.17124155283275333,0.26655933984363706,0.3324670066420522,0.3236366440766198,0.15287902596088035,0.29939749163718393,0.3508526698350573,-0.28818023194161935,-0.3067895462389018,0.32716493304927075,-0.18767605294361486,0.31446694880124937,0.05323474689828695,-0.3492485515698958,-0.39640808614423567,-0.17139579497363425,-0.35030511023493005,0.03820385026944174,0.048086915446386394,-0.4209133062766911,-0.35584240309255494,-0.322661062535548,-0.26733826265508565,-0.18012975620101607,-0.23767749896368562,0.2673112702804315,0.19453211610577154,0.15840860671146115,0.19467093403256439,0.33831278378143886,0.2351132233715404,0.31758264004704384,0.2978396460142867,0.06830806011587441,-0.011346437488552342,-0.1517414901718836,-0.010941551868739938,-0.14973634234043168,-0.08122198336112905,0.0965806445393462,0.004413253255955193,-0.2555387388776956,-0.22476357571843097,0.24449500159062207,0.06514224017429363,-0.15044971224200593,-0.021842615175498636,-0.1469792640721853,-0.06649185890700163,0.12405888193728129,0.15629934543491464,0.009079078017602884,0.08589166417629877,-0.0025045067625538643,0.03761001802705022,-0.11263339535152748,0.11506270907040189,-0.11661669863977712,-0.19917866059980913,0.13093036931352608,-0.08432225039283545,0.2594487771490268,-0.07188647778431165,-0.1309535056346582,0.1565499889138461,0.07450088207224316,-0.08947393789825803,-0.2637058602373401,-0.22005533436804103,-0.36519718893698244,-0.017045684594102165,-0.1361591778893891,-0.14978261498269596,-0.1478006034723762,0.3156738935536425,0.013332305052394126,0.42917682897438614,0.28078817733990147,0.3891162889340904,0.42812798241639594,0.3195762197179297,-0.046856834372861096,0.362925973412511,0.4675985462678222,0.3351662441074682,0.456948126439995,0.06211909421302768,0.0240097172548755,-0.09844697444400528,-0.16998062333105182
#11,0.21017226919109638,1.0,0.3343294804931892,0.20011182555213866,0.19020176800053984,0.18398580972303896,0.09572460065745712,0.21167227401116329,0.18938042860034898,0.35657505326173927,0.05163448468664745,0.23692556852689114,0.1744575014701204,0.29124965054514956,-0.250043862608813,-0.1373545544812162,0.2968023676168625,0.41876162841140235,-0.1544214473696895,-0.33628449962885487,-0.1922994611165203,0.03854318297937975,0.05384014730124454,0.008404268651248879,0.1432003316206029,0.1900243895385268,0.11230177474863351,0.1333095543366142,-0.25344104576171517,-0.30149132869964235,0.34719327504265757,-0.004004511582620766,0.2750040970568671,0.18943055729613528,-0.3418912014498761,-0.354334686165444,0.03551618096459179,-0.27742955472221953,0.3385325788321942,0.2003239084958499,-0.15933020350322463,-0.3365544233753964,-0.2468240579179239,-0.19179817415865733,-0.20278792669642254,0.11495859562530727,0.07852660194923505,-0.03589021815622801,-0.04754321189978117,-0.08195848958383542,0.11558327629587499,-0.03091976516634051,0.10715779935025498,0.14618877310017064,0.0644982792361158,-0.03155987005099631,-0.29547974125880866,-0.3273962962605921,-0.17869916034434558,-0.08107545332729219,-0.24719038300251608,-0.27840513626329133,-0.3151494702746474,-0.27484985491598624,0.23857981548783896,0.12873627485949504,-0.05350852669835057,-0.06233503321026096,-0.19977634889572268,-0.14090212372147726,0.1225434529031263,-0.04177841188435696,-0.23939729883450783,0.06214608658768184,-0.26778942091716235,-0.2129216353522987,-0.2655220614462129,0.1229483385229387,-0.255268815131154,-0.16373381662537476,0.030437758476087647,-0.3438423645320197,0.11358198451794511,0.10071818996847676,-0.16152429795725565,-0.08962432398561693,0.05483886516344847,-0.035882506049183964,-0.30419056616505835,-0.16406543722826872,-0.32625876047159535,-0.2414988480040103,0.1796824539924614,-0.04954835973123307,0.00990041741779376,0.2684565181764723,0.08272970028824,0.18073901265749567,0.3701252253381277,0.22664532983717814,0.3746059595307183,0.28194884945003035,0.27901824877329295,0.3042137024861905,0.49290968158638043,0.18896397481997051,0.4143965758244724,-0.23758495367915708,-0.32806339351990205,-0.1257594015404934,0.01651740526158503
#12,0.5179277568372649,0.3343294804931892,1.0,0.5947133506213066,-0.08351247915321065,0.0681229695468173,0.13200620824617046,0.17927756837264902,-0.058070238014903644,0.40213046957091764,-0.018607386270521435,-0.1124174563542942,-0.07639806040507842,0.10568478690484225,-0.34917528655297736,0.12549718990099581,0.5620332970221626,0.601681239335602,-0.3941522948338523,-0.32187828367057736,-0.2529204785362421,0.2669796496775375,0.19010151060896724,0.425100980401608,-0.08451119701541457,0.09862049685249631,0.4339390550740844,0.5495551078248966,-0.4703826169107227,-0.5390743543520384,0.42713697666123607,-0.3308166157346264,0.3882178284634591,-0.09784543009456971,-0.5625345839800256,-0.6340798010276383,-0.3606393336739514,-0.5420126671358199,0.103116655259175,0.05770776898383349,-0.4041433295094136,-0.49968862367809663,-0.4412617007124059,-0.47620525772897726,-0.28795272478382,-0.10457038743697762,0.46177976150308964,0.4041587537235017,0.38472038791898433,0.43609844504641726,0.541873849209027,0.4596088033701908,0.5539085922512604,0.47635178776281417,0.1436553459362016,0.01810609931265846,-0.3346032602932529,-0.12660773331533842,-0.012804025719876991,0.02156883537543501,-0.1782132976005707,-0.2871892261864595,-0.5254470612052096,-0.3000530207359278,0.4921770314171961,0.1971696567148352,-0.23060549680429565,-0.20866840831750744,-0.2908331967647711,-0.22930986282089597,0.19311694446318914,0.30215456990543027,-0.11677865288770208,0.07589291739369343,-0.29583064212931276,-0.10939045433950623,-0.4724957342407913,-0.030780947239547683,-0.2744603935102619,-0.35059045819555973,0.02502771538468954,-0.3198924161067356,0.2471942390560381,-0.24876750889302343,-0.30246691024071415,-0.00972689500930273,0.04715760654757888,-0.15096256736043495,-0.37583218455072154,-0.15308339679754754,-0.49451765590506397,0.048021362536512006,0.031783521155273636,0.05203937030645985,-0.046482797181224875,0.38268824771287824,0.17055517530583325,0.6274473889697589,0.5727955424021285,0.5040691004791147,0.6975195935719588,0.5067452016233985,0.06348413715982378,0.6088380746724764,0.6501479760539076,0.48896108277982897,0.5061860738627052,-0.2673652550297398,-0.2156864257275891,-0.11331977287844755,-0.1323995257054168
#13,0.4869250865202009,0.20011182555213866,0.5947133506213066,1.0,-0.0781641329181649,-0.024310489429593282,0.30090520856429487,0.1472800362469031,-0.21116713099977827,0.5697569722267745,0.08141092998370818,-0.050527797325826886,0.14097538873839568,-0.019255203262221278,-0.1596155514638543,0.136139897621779,0.4797296906481062,0.22000520567225473,-0.24029575930513916,-0.1856130643093326,-0.13484811969190133,0.029967319946400856,-0.09663462928865453,0.05067818341318577,-0.12517328140514591,-0.13337510724648857,0.2558742155341116,0.22751294187963328,-0.2820722431627351,-0.2845478295238738,0.23805153615532185,-0.22037924286389096,0.14660137082702707,-0.06298670625548283,-0.2485939864845324,-0.2862483491270859,-0.21714401395891375,-0.26123798598324544,0.0699584510233002,-0.1081873656406351,-0.22940626415894652,-0.27156449731522275,-0.17030838788042377,-0.2290322269673103,-0.1511206655548379,-0.2080514397539838,0.26055160845632536,0.19588559089200158,0.20019665872962317,0.28507996490991294,0.27505036969913144,0.1670076060655722,0.31897853142201615,0.115922609005813,0.020531556978010856,-0.034825947384149694,-0.16346389287883314,-0.021237214772541042,-0.13627100344152776,-0.009618925510686088,0.021858039389586727,-0.16464770131009418,-0.21601419027696103,-0.23296540155977366,0.19777120106427076,0.04680284962355277,-0.08725670712309487,-0.06024119614780253,-0.2301928990774392,-0.03796477495107632,0.040004627264226426,0.11552157943952263,-0.13747794819392092,0.264531055691053,-0.08526312745220904,-0.029354207436399216,-0.15703199560409897,-0.040748845593976846,-0.20142673980314846,-0.23050138335920103,0.26482797181224876,-0.11264496351209355,0.18978531422016137,-0.20773909941869992,-0.2459140292867265,0.08429525801818129,-0.014454416627302787,-0.1401347690705947,-0.17896522803736517,-0.03661515621836831,-0.29098358285213,-0.02790047525859659,-0.13681085093461098,-0.001675455255318944,-0.12799591258326665,0.15010266742502387,0.20275707826824638,0.3112317198962722,0.2726673286225213,0.27970462630021303,0.3117445750147012,0.1066719366064801,-0.0346254326010045,0.3769003113763219,0.18865163448468664,0.15045742434904996,0.1372735773572537,-0.040336247867120395,-0.08069370402861192,0.0043438442925587805,-0.05759594343169483
#17,0.1014662643517492,0.19020176800053984,-0.08351247915321065,-0.0781641329181649,1.0,0.7151147657929492,0.22182911898817156,0.29758129042831116,-0.017728206067500217,-0.0025623475653842077,0.06538902759970308,0.39972043611965336,0.6261633231469252,0.45952011413918425,-0.16265026558568632,-0.36881031108711787,-0.12679282388439553,-0.025247510435444844,-0.20391389432485324,-0.18262076677624287,-0.22894353773630377,-0.5151629664619745,-0.10064878100508035,-0.18611435126719558,0.0049839491772145795,-0.11995989704337096,-0.16302430277732255,-0.17482382655471257,0.04129254914058207,0.2183162542296087,0.057279747042888955,0.48203561065427586,-0.15756798704366018,0.2290322269673103,0.11901516393047536,0.12238149865520133,0.38366382925395004,0.2087918020302122,-0.0631332362893197,-0.12365399631746889,-0.11950488272777227,-0.052617778334763284,0.3983978097615995,0.15488417379233224,0.5332131529985636,0.12589436341376417,-0.11965912486865318,-0.023581695313930957,-0.20924681634581088,-0.13801779568700415,-0.19868894180251223,-0.10364493459169213,-0.25524182275649987,-0.22361061571534613,-0.23183557787782094,-0.3970983197246778,0.1382491588983255,-0.015780899038878658,-0.16453973181147755,-0.03598661949427858,-0.08748807033441625,0.0436563099495821,0.343888637174284,0.32567649638976987,-0.09699324226620265,-0.4579468443021989,0.3360415682569674,0.3198114389827731,-0.12386993531470217,-0.05945841728283188,-0.022714083271475807,-0.1847377401598334,0.23971735127683572,0.009237176212005822,0.17852949398937656,0.08971686927014547,0.2184319358352694,0.21290235508468858,0.5151282619802763,0.1543057657640288,0.01986831577222292,0.2707971426643402,0.14735330126382154,0.5027657543886709,0.6392816172288471,0.00035282889726509406,0.020439011693482306,-0.1462851744382212,-0.032065013062381305,0.14735330126382154,0.48962818003913894,0.12124781891972661,0.17559118120559514,-0.1794780831557942,-0.09217317536367405,-0.263354959366836,-0.23471990591229405,-0.23492813280248329,-0.2561634195482633,-0.01268063200717226,-0.028031581078345368,-0.21664272700105078,0.19649099129495917,-0.29421109965006315,0.05849054784880414,-0.10015520615426142,-0.0005610557874543299,0.027854202616332313,-0.10197911947017825,-0.25012098367925345,-0.1610962760163111
#18,0.09370788466543915,0.18398580972303896,0.0681229695468173,-0.024310489429593282,0.7151147657929492,1.0,0.2734963801297562,0.29100671917326215,-0.06098541447755295,0.05972062892232944,0.12268998293696316,0.37392343805732026,0.7072060000192802,0.4527527402080341,-0.14813993618231422,-0.29943605217240415,0.0016407507736207378,0.16875054225752653,-0.1707364098213683,-0.33362382269865903,-0.3261739272941108,-0.42886834469262436,-0.02908042763633559,-0.03953033268101761,-0.12252031658199415,-0.12081594092526005,-0.11660898653273308,-0.0494018296973962,0.11972082172500555,0.1494201459516258,0.32394512835838163,0.2778035919138558,0.09577472935324342,0.16463227709600609,0.03259329239489844,-0.024511004212738472,0.24558240868383252,-0.0020302121793450492,-0.055085652588857933,-0.1987043660166003,-0.12985067432735967,-0.044917239451283585,0.26500920632778385,0.014064955221578475,0.29822910742001096,0.03678482257333732,-0.036391505114090984,0.005469811920989463,-0.16583150974135522,-0.043644741789016034,-0.03269740583999306,0.061162792939566,-0.0693838990485188,-0.04030925549246624,-0.17485853103641077,-0.4345637357446521,-0.06459082452064435,-0.10703826169107228,-0.1663212285386521,-0.013077805519940616,-0.19880847946169491,-0.1440795118236241,0.2065013062381306,0.2188368214550818,0.061263050331138595,-0.35636682637155004,0.2660117802435098,0.27547453558655394,-0.12949206134981153,-0.14985202394609237,0.1485062612669064,-0.07200215938997233,0.24879064521415556,0.05800082905150723,-0.10924006825214734,-0.1378944019742994,0.026917181610480755,0.07706515766438839,0.4877695622415239,0.17814388863717429,0.06806127269046494,0.37605197960147685,0.10822592617585532,0.41984132339756874,0.5517453462254056,-0.06970780754436871,0.007660050321498462,-0.0351652800940877,0.1223930668157674,0.09596753202934456,0.4188503176424089,0.1032516171324458,0.28708511274136483,-0.09125929067895462,0.02655085652588858,-0.16588549449066353,-0.28147455486682155,-0.12959231874138413,-0.015171642582399043,0.20017737846201306,0.22670317064000847,0.13538796718498453,0.34807631129920086,-0.08302661640943576,0.270426961526226,0.15019906876307443,0.20366325084592174,-0.07321681624940954,-0.22292809424194807,-0.24848601698591577,-0.135808277018885
#26,0.2511698302372437,0.09572460065745712,0.13200620824617046,0.30090520856429487,0.22182911898817156,0.2734963801297562,1.0,0.3182613054669199,0.20675580577058408,0.3989222330405946,0.42184261517549865,0.13531084611454408,0.3135376399024418,0.3785815507119239,0.1408944116144332,0.08388651634484687,0.5023608687688585,0.11485062612669064,0.20082133940019087,0.13926330097461753,-0.07153172086028554,-0.12424397250633838,-0.23158879045241149,-0.1596618241061186,-0.05498539519728534,-0.30193091880115297,-0.0960215167786529,-0.084919938688749,0.22659134508786982,0.11342003027002015,0.24752971571245408,0.19102696345425274,0.0836744334011356,-0.05073988026953814,0.09595981992230052,0.035608726249120336,0.20289204014151715,0.16329037047034212,-0.14173117522871218,-0.3448025218590034,0.07848032930697078,0.16576981288500284,0.1704973345030029,0.2375579613045029,-0.06705098666769495,-0.14492784359846914,0.059003402967233186,-0.04283497054939123,-0.14166562231883778,-0.10214492977162523,0.04647894112770285,-0.09740969604658113,0.008913267716155901,-0.13593167073158977,-0.05522832656917278,-0.14239827248802214,-0.17367857865867178,-0.07875025305351238,-0.27759922107718854,-0.4297243885745134,-0.0718941898913557,-0.2587546875150627,0.18090096690542065,0.24762611705050466,0.10897400055912776,-0.22607848996944077,0.37188358574417013,0.3844311839048326,0.21317999093827422,0.21302960485091532,0.26319686117243307,0.2752971571245409,0.1944241466071549,0.1133274849854916,-0.07148930427154329,-0.06157539066642245,0.033083011192195345,-0.2878139068570272,0.36417919080716843,0.12653446829842,0.3091186025662036,0.21465300338368695,-0.024564988962046792,0.10220277057445558,0.1530564044228934,-0.1063673083782403,-0.007960822496216248,-0.04187481322240753,0.018692219448005937,0.09243153094964958,0.04585811651065717,-0.08599577762139339,-0.07445846548350091,-0.09892898113425815,-0.15993945995970424,0.01939016513549208,-0.10019376668948166,0.032319512594834815,-0.033946767181128476,0.22957207446039352,0.05531701580017931,0.09709349965777525,0.1671618482064531,-0.011215331668803563,0.1241938438105521,0.08105617305968207,0.10310508709860892,-0.003827133120607714,-0.1338185534015212,-0.12467970655432697,-0.12440592675426335
#49,0.41652511736862907,0.21167227401116329,0.17927756837264902,0.1472800362469031,0.29758129042831116,0.29100671917326215,0.3182613054669199,1.0,0.21613372793614374,0.4242063759844987,0.1842595895231026,0.4071279149354593,0.11947789035311811,0.26478169916998445,-0.07007027657543886,-0.18560535220228858,0.3044797701792101,0.0555522350650227,0.05862165366855292,-0.04555734433593938,0.05099052374846963,-0.2098753530699006,-0.11714497797229426,-0.15655384496736816,0.21530853248243087,-0.07021680660927573,-0.18155263995064252,-0.01569992191491618,0.2616004550143156,0.16820298265739927,0.30506203426103556,0.33940019087464934,0.0543221539914974,0.2300733614182565,0.09837756548060887,-0.022725651432041877,0.35770102089017,-0.03697762524943846,0.06836590091870476,-0.09400480078663492,0.034471190460123584,-0.03400075193043679,0.1073968746686204,-0.02722952194576461,0.15732891172529476,-0.1297735532569192,-0.04710747785179258,-0.11850616486556834,-0.10531460576672805,-0.2501556881609517,-0.1205730095533726,-0.23899241321469541,-0.20389847011076515,-0.1465512421312408,-0.15919909768347584,-0.28848486016985914,-0.0682039466707798,-0.11261411508391736,-0.4078682772116877,-0.3963309650737952,0.1226938389904852,0.10571949138654045,0.11296887200794348,0.010818158156035205,-0.011138210598363105,-0.30415971773688216,0.24615310460509193,0.08778884250913403,0.011654921770314172,-0.11123364792303317,0.13354477360145758,0.15333404027647904,0.44875401270569637,-0.09293281790751255,0.26864546479905144,0.22401935738868056,0.16856930774199147,0.01735802492938602,0.22206433825301494,0.09729015838739842,-0.09377343757531355,0.056466119749742125,-0.12361543578224866,0.4069235440987921,0.244818910086472,0.5064328612881147,0.2843318905266405,0.03544677200119538,0.0015443494355701656,-0.17704105732987574,0.008161337279361438,0.08658189775674087,-0.14637386366922772,-0.16475952686223286,-0.2077198191510898,0.023859331167516606,0.013999402311704087,0.1067567697839646,-0.01361765301302382,-0.0016947355229290583,0.03377324477263744,0.09353821831047016,0.23235614510329403,-0.12803061706496485,0.1705821676804874,-0.15096256736043495,0.21456431415268043,0.15860912149460635,0.04317044720580722,-0.28589359220305977,-0.2642727001050775
#50,-0.15038801538565355,0.18938042860034898,-0.058070238014903644,-0.21116713099977827,-0.017728206067500217,-0.06098541447755295,0.20675580577058408,0.21613372793614374,1.0,0.2760606557219014,0.23051295151976708,0.3031494317141122,-0.10061407652338214,0.29936664320900774,-0.1081565172124589,-0.2902123721477254,0.1738019723713765,0.15065408307867315,0.12464885812615079,0.019216642727001052,0.042233426199955654,-0.14589956908601892,-0.1987390704982985,-0.30424069486084465,-0.0948261401868258,-0.23534073052933974,-0.28007480743832724,-0.2181658681422498,0.12745220903666143,0.10845343333365468,-0.0996307828752663,0.2770593735841054,-0.10617064964861712,0.06786461396084177,0.03283236771326386,0.11022721795378519,0.24115180318702822,0.22266588260245052,0.023030279660281684,-0.09359220305977847,0.14067847261719993,0.16629809221751998,0.11951259483481631,0.09050350418863813,0.1004714025430673,0.20435348442636384,-0.11837891509934158,-0.17970173426007152,-0.08074383272439821,-0.1826978878466833,-0.09358449095273443,-0.22493324207339999,-0.15736747226051498,-0.2468240579179239,-0.07445460942997889,-0.003803996799475577,0.07642890883325461,-0.03401617614452489,-0.1726875729035119,-0.2484088959154753,-0.30193091880115297,-0.12206530226639546,0.1537851985385557,0.12053444901815237,-0.08298034376717149,-0.15019906876307443,0.33478449480878797,0.19773649658257256,0.23219033480184706,-0.025687100536955453,0.16870426961526225,0.17304618588106002,0.17653591431849075,-0.0035687775346321805,0.03717814003258365,0.16634050880626222,-0.01779761503089663,-0.0005764800015424214,0.06163708752277482,-0.07172452353638668,0.05988643922377643,-0.11633906278619147,-0.23774305187356,0.16124666210367,0.06875921837795108,-0.11744189409349001,-0.09775674086356319,0.18890613401714015,-0.008990388786596358,0.24158753723501683,0.11465396739706747,0.010652347854588221,0.10185958181099554,-0.2823113184811005,-0.24781506367308379,0.013305312677739966,-0.1426643401810417,0.04079511823624112,-0.07642890883325461,-0.014250045790635574,-0.1022914598054621,0.07835693559426604,0.28204910684160295,0.15282118515805,0.0036574667656387072,-0.006225598411305949,-0.08434538671396759,-0.09722846153104606,-0.05372060964206183,-0.3379541708038908,-0.2221221790558453
#51,0.31977287844755287,0.35657505326173927,0.40213046957091764,0.5697569722267745,-0.0025623475653842077,0.05972062892232944,0.3989222330405946,0.4242063759844987,0.2760606557219014,1.0,0.1535306990061022,0.17763488957226725,0.02455727685500275,0.21875970038464135,-0.19439715423250076,-0.13666817695429612,0.5496630773235133,0.25667627466669235,0.03170640008483318,-0.1049367125215698,-0.015491695024726942,-0.13482883942429122,-0.2349628372841815,-0.11873367202336768,-0.10287372388728755,-0.16868498934765214,-0.04401492292713023,-0.004725593591239047,-0.022000713369901573,-0.12012570734481795,0.2728601312986224,-0.052748884154512066,0.05554837901150068,0.09493796573896446,-0.06861654439763624,-0.17443436514898827,0.03441720571081527,-0.1448198740998525,0.16463227709600609,-0.06686975215215987,0.13990726191279534,-0.06952657302883364,-0.19610152988923485,-0.1575756991507042,-0.06168336016503909,-0.11807428687110177,-0.0013631149200350901,-0.12909103178352116,0.0100083869164104,-0.02734134749790327,-0.022309197651663407,-0.12460644153740853,0.019756490220084254,0.0023656888357610406,0.03207272516942535,-0.022509712434808597,-0.19277761175325114,-0.24235489188589937,-0.25670712309486854,-0.1722171343738251,-0.16463998920305015,-0.22860034897284373,-0.1685615956349474,-0.22501421919736245,0.1349792255116501,-0.04724243972506338,0.02636576595683148,0.006750021690301061,-0.026928749771046822,-0.12703961130980498,0.22229955751785835,0.20345888000925452,0.056076658344017816,-0.058317025440313114,0.05927332671377479,0.02420251993097664,-0.10388015385653553,-0.021090684738704173,-0.1475653842075328,-0.06658054813800815,0.08946236973769196,-0.11762312860902509,-0.18064646737296713,-0.0015173570609160055,-0.21875970038464135,0.10570406717245236,0.02626936461878091,-0.04077969402215303,0.03085806830998814,-0.09451379985154194,-0.28282417359952955,-0.179613045029065,-0.12388535952879026,0.005843849112625683,-0.02119094213027677,0.0845497575506348,0.13849209027021295,0.1502260611377286,0.1672582495445037,0.1514561422112539,0.18206549506907155,0.24741789016031543,0.3020697367279458,0.24530091677672486,0.1382954315405898,0.0076561942679764395,0.11701387215254548,-0.201850905690571,-0.08672457173705571,-0.07424252648626763,0.0036381864980285926
#52,0.009483963637415287,0.05163448468664745,-0.018607386270521435,0.08141092998370818,0.06538902759970308,0.12268998293696316,0.42184261517549865,0.1842595895231026,0.23051295151976708,0.1535306990061022,1.0,0.10510252282301678,0.2917894980382328,0.3440467353686869,-0.2587045588192764,-0.12418998775703007,0.2019048904398793,0.25084592174139375,0.04278484185360493,0.13546123220190295,-0.027160112982368194,0.12664243779703663,-0.28654912130180366,-0.1404201170312244,-0.10979533995931863,-0.07367954267205229,-0.05216662007268661,0.08461531046050919,0.03753289695660976,0.05164605284721352,0.1636219910732361,0.19710024775143878,-0.04368330232423626,-0.05471932750426576,0.060487983573211994,-0.002489082548465773,0.07478623003287285,0.13412318162976103,-0.1990552668871044,-0.0955510782489661,0.03580152892522148,0.07301630146626435,0.2860324101298526,0.1320293445673026,0.0826294428966674,0.252739244020707,0.08683254123567236,0.03633752036478266,-0.007166475470679533,0.14981346341087215,-0.037467344046735365,-0.02609584221028988,0.004247442954508208,-0.13685326752335322,0.04327070459737981,0.04191722981114978,0.08509731715076205,0.23840629307934794,-0.03699304946352655,-0.07023608687688584,-0.06755612967907995,-0.09281713630185187,0.07317825571418932,0.19178274994456923,0.059477697550442,-0.16275823508430298,0.44646351691361474,0.15163352067326694,0.033935199020562405,0.0289300415489767,0.17808990388786597,0.05034270675676979,0.20358227372195925,-0.038986629134412386,0.10581589272459102,0.1863341463179509,0.04745066661525262,-0.02362796795619523,0.05897641059257903,0.11446887682801038,0.3483230987246103,-0.05252523305023474,-0.15125177137458667,0.03554702939276797,0.15660397366315446,-0.3245004000655529,-0.2501055594651654,0.08422199300126286,-0.10877734182950459,0.2858280392931854,0.03538893119836503,0.030815651721245892,-0.029739812788601504,-0.19146655355576336,-0.1313082625586843,-0.021518706679648714,-0.19921336508150733,0.057877435338802505,-0.07517183538507514,0.055448121619928084,-0.010205045646033566,0.1176578330907233,0.08867959087272131,0.025675532376389386,0.09260119730461859,-0.09581714594198568,-0.09336855195550114,0.13025170389365004,0.02420251993097664,-0.17178525637935854,-0.12191877223255859
#53,-0.11856014961487665,0.23692556852689114,-0.1124174563542942,-0.050527797325826886,0.39972043611965336,0.37392343805732026,0.13531084611454408,0.4071279149354593,0.3031494317141122,0.17763488957226725,0.10510252282301678,1.0,0.43817685789478755,0.3259001474940472,0.06771422787348289,-0.335305062034261,0.021121533166880355,-0.050007230100353794,-0.017982705599953727,-0.1621566907348674,-0.03715114765792949,-0.3358217732062121,-0.057191057811882426,-0.3252484744488254,0.12712058843376747,-0.077504747765899,-0.4172654796448575,-0.41051738598131743,0.34703132079473265,0.2759565422768068,0.02709841612601583,0.4388709475287517,-0.1671926966346293,0.2776532058264969,0.304132725362228,0.1214984623986581,0.4384352134807631,0.18017988489680237,-0.005346418208284731,-0.02371665718720176,0.16898576152236994,0.01031687119817223,0.5133429091995797,0.07694176395168364,0.4199030202539211,0.2494654545805096,-0.26292693742589146,-0.5116308214358015,-0.2947702274107565,-0.4124338445817628,-0.40302507398802695,-0.4372668292635902,-0.39599934447090124,-0.3167420203792429,-0.17508989424773216,-0.237573385518591,0.19402311704086453,0.06932991429921047,-0.2925568526891153,-0.18703209200543702,-0.06654969970983197,0.004393972988345078,0.3814196061041327,0.20753087252851068,-0.43410872142905343,-0.507666798415162,0.2988036593947924,0.25863900590940203,-0.006618915870552283,-0.11387118853209682,-0.15349213847088197,-0.24315309496495813,0.5028891481013756,0.2361736380900967,0.302952772984489,0.3011442838826603,0.3098204043072118,0.3303616014190277,0.4848389615647865,0.18687784986455613,-0.21677383282079954,0.12467970655432697,-0.0199492928961854,0.6800940877059374,0.3574580895182825,0.21207715963097568,0.0825291855050948,0.38853402485226496,-0.0002062988634282244,0.08503562029440968,0.3817743630281588,0.10768222262925009,0.1084765696547868,-0.34208786017949927,-0.18901024746223477,-0.08131067259213558,-0.12369255685268911,-0.17175440795118235,-0.33081275968110435,-0.187028235951915,-0.26860690426383116,-0.08550220277057445,0.27232413985906123,-0.24710169377150956,-0.04401106687360821,-0.39896464962933686,-0.09649966741538372,0.10784417687717505,-0.17035080446916603,-0.406229454464828,-0.25194104094164826
#54,-0.018688363394483914,0.1744575014701204,-0.07639806040507842,0.14097538873839568,0.6261633231469252,0.7072060000192802,0.3135376399024418,0.11947789035311811,-0.10061407652338214,0.02455727685500275,0.2917894980382328,0.43817685789478755,1.0,0.45705609593861163,-0.02915754870677605,-0.25057214194133015,0.031178120752316043,0.16222224364474178,-0.003052066362681114,-0.24598343825012292,-0.2627187105357022,-0.5485756702303028,-0.1984999951799331,-0.28633703835809243,-0.17680583806503233,-0.2073959106552399,-0.2355682376871391,-0.2778652887702081,0.18756037133795417,0.20516711171951066,0.20305785044296415,0.3925558886757348,-0.1366951693289503,0.15772994129158513,0.18161048075347286,0.1346591730693222,0.25044103612158136,0.22639854241176868,-0.11908071684034974,-0.2528009408770594,0.08279139714459237,0.0483067104971417,0.4043631245601689,0.0968659924999759,0.32560708742637345,-0.0005649118409763528,-0.07576566762746667,-0.16165925983052645,-0.28058766255675627,-0.1928740130913017,-0.24967753752422084,-0.23616592598305264,-0.2520952830825292,-0.29330107101886577,-0.18734828839424292,-0.4228837496264448,-0.09283641656946198,-0.17419143377710083,-0.1354149595596387,-0.0773736419461502,-0.12519641772627804,-0.14003836773254413,0.2913460518832001,0.32330887952724785,-0.0959559638687785,-0.41451225743013315,0.3666239287401309,0.41507524124434847,0.00011375357889967512,0.027364483819035407,0.1655962904765118,-0.10919765166340509,0.29226764867496363,0.34577424734655315,-0.08279910925163642,-0.16322481756046775,0.11532106465637743,0.07554972863023339,0.5400653601071983,0.38619340036439703,0.14514378259570243,0.2630310508709861,0.1493006082924431,0.36225502009967897,0.49416675503455987,-0.12349204206954392,0.0380110475933406,0.13457819594535972,0.11622338118053079,0.14693299142992106,0.3603385614992336,0.11117966317372485,0.24100141709966935,-0.036009755815410716,0.14894970742193903,-0.18522745895713033,-0.03268583767942699,-0.2617045684594102,-0.15926079453982822,0.01717293436032892,-0.05356636750118092,-0.1270241870957169,0.3027445460942998,-0.1790577733218937,-0.00604050784224885,-0.1418507128878949,-0.053608784089923166,-0.04602007075858213,-0.254925626367694,-0.06061523333943875,0.09569760828280297
#58,0.08426826564352713,0.29124965054514956,0.10568478690484225,-0.019255203262221278,0.45952011413918425,0.4527527402080341,0.3785815507119239,0.26478169916998445,0.29936664320900774,0.21875970038464135,0.3440467353686869,0.3259001474940472,0.45705609593861163,1.0,-0.3279168634860652,-0.409765455544523,0.1791734549275544,0.10075289445017496,-0.11571823816914578,-0.09021430017448642,-0.19002053348500478,-0.36123702196986496,-0.2892329345531316,-0.30843608109280557,-0.2299229753308976,-0.3055054804160682,-0.12563986388131068,-0.03232722470187886,0.0880896146838518,0.07050986667694947,-0.053296443754639315,0.2650207744883499,-0.20135347478623003,-0.18262462282976488,0.0917605776368176,0.04328227275794588,0.12807688970722914,0.1270280431492389,-0.3146751756914386,-0.362594352809617,0.16219139521656561,-0.06034916564641917,0.24882534969585376,0.0022307269624902396,0.23056308021555338,0.11092901969479337,0.17721843579188878,0.1204226234660137,0.04476685336392469,-0.044250142191973624,-0.006742309583257016,-0.08343150202924816,-0.06290572913152034,-0.20610798877888425,-0.2018200572623948,-0.4341202895896195,-0.021202510290842837,-0.04765503745191983,0.0684430219891452,-0.1237581097625635,-0.11409483963637415,-0.19713495223313698,0.22093451457106225,0.42377835404355413,0.11367067374895164,-0.2566377141314721,0.454252745028101,0.514222089402601,-0.016343882853094002,0.017122805664542624,0.16691891683456567,-0.03881310672592136,0.20836763614278966,-0.06557411816876019,0.011867004714025431,0.05318076214897863,0.04064858820240425,-0.032250103631438404,0.20458099158416318,0.1141873849209027,0.26762746666923737,0.10532617392729411,-0.051896696326145006,0.18148708704076813,0.406564931121244,-0.247013004540503,-0.14909238140225387,0.01590043669806137,-0.10318220816904938,0.2835028390194056,0.17873000877252176,0.15085845391534033,0.06344172057108152,-0.1382298786307154,-0.07747775539124482,-0.28566222899173843,-0.29450415971773686,-0.0941204823922956,0.07860757907319754,0.13876587007027658,0.09315646901178988,0.028178111112182238,0.15606412617007123,-0.022872181465878747,0.21735995295614702,0.03217683861451997,0.017523835230833004,-0.011219187722325585,-0.03968843087542055,-0.23311964370065458,-0.04519487530486923
#101,-0.14286871101770893,-0.250043862608813,-0.34917528655297736,-0.1596155514638543,-0.16265026558568632,-0.14813993618231422,0.1408944116144332,-0.07007027657543886,-0.1081565172124589,-0.19439715423250076,-0.2587045588192764,0.06771422787348289,-0.02915754870677605,-0.3279168634860652,1.0,0.5769947846876115,-0.0324506184145836,-0.24014151716425824,0.5474381344413061,0.3484773408654912,0.5160691390396499,0.05585686329326251,0.002454378066767567,-0.16607444111324265,0.2032390849584992,-0.17256032313728514,-0.3518436755902172,-0.5452016233985327,0.4507321681624941,0.26551820539269083,-0.10502154569905431,0.08243278416704423,-0.04817560467739292,0.07286591537890547,0.3092882689211726,0.27274444969296174,0.13250363915051142,0.22809520596145874,-0.1347440062468067,-0.23471604985877204,0.3351469638398581,0.37609825224374116,0.04487096680901931,0.2943267812557238,-0.2432340720889206,-0.3122381498655201,-0.3909363461964852,-0.44052905054322156,-0.45513963733816626,-0.4861191713340981,-0.36428716030578506,-0.417859311887249,-0.41221790558452953,-0.2795272478382,-0.12756789064232213,0.02629635699343507,-0.05996741634773891,-0.10609738463169868,-0.25087291411604795,-0.4414120867997648,0.21028409474323503,0.08592636865799698,0.2198471074778518,-0.12851647980873976,-0.25870841487279844,0.0368657996972998,0.051221886959791005,0.14109107034405638,0.40711249072137123,0.26737682319030587,-0.11299586438259764,0.0917605776368176,0.17202047564420195,0.27099380139396334,0.017176790413850944,-0.11741490171883585,0.27635757184309717,-0.1475152555117465,0.28413137574349534,0.32346312166812874,-0.09292124974694649,0.18476087648096556,-0.17844466081189206,0.07672196890092835,-0.016798897168692702,0.22683813251327928,0.3118062718710536,0.05532858396074537,0.22474429545082086,-0.2641724427135049,-0.04376042339467672,-0.22976102108297264,-0.17978656743755603,0.18507707286977143,0.1337144399564266,0.0919803726875729,0.19492157751149586,-0.14718749096237455,-0.4281087021487858,-0.21324554384814862,-0.3988605361842422,-0.25189091224586196,-0.003561065427588135,-0.3404837419143378,-0.36218175508276057,-0.22529571110447014,-0.15366951693289502,0.13451264303548532,-0.06498799803341271,0.3011442838826603,0.22942940048007868
#102,0.14290727155292915,-0.1373545544812162,0.12549718990099581,0.136139897621779,-0.36881031108711787,-0.29943605217240415,0.08388651634484687,-0.18560535220228858,-0.2902123721477254,-0.13666817695429612,-0.12418998775703007,-0.335305062034261,-0.25057214194133015,-0.409765455544523,0.5769947846876115,1.0,0.24414024466659598,0.11327350023618328,0.3549709349965777,0.38900831943547376,0.2765619426797644,0.4678337655326656,0.028097133988219756,0.26214801461444287,0.098905844813126,0.01767807737171392,0.024113830699970116,-0.011936413677421842,0.0009582293002226871,-0.02385161906047256,0.13434683273403836,-0.3120761956175952,0.10126574956860401,-0.2952136735657891,-0.13625172317391765,0.024607405550789045,-0.3864748922715047,-0.0769841805404259,-0.1655770102089017,-0.13637126083310036,-0.04481698205971099,0.1795282118515805,-0.3163988316157828,0.1264380669603694,-0.5292799784061003,-0.39243249496303007,0.08786210752605246,0.008188329654015598,0.005766728042185225,-0.02153027484021478,0.1380949167574446,0.0226793787897776,0.10139299933483077,0.1270241870957169,-0.08431453828579141,0.26272642264274626,-0.3898258027821426,-0.13617074604995516,-0.023180665747640578,-0.2662855600435734,0.19632518099351218,0.01640943576296839,-0.18407449895404548,-0.2309872461029759,0.23729574966500536,0.39149547395717854,-0.15433275813868297,-0.03757916959887403,0.2916198316832638,0.28482546537745945,0.0707990706911012,0.3781612408780234,-0.17372485130093607,0.11042387668340836,-0.22683427645975726,-0.2760799359895115,-0.10021304695709177,-0.3298178978724225,-0.14680188561017227,0.19221077188551378,-0.07740063432080438,-0.07301244541274234,-0.031104855735397608,-0.3215929357099477,-0.18022615753906665,0.0976757637396007,0.2704115373121379,-0.18919148197776986,-0.013814311742646988,-0.29188589937628334,-0.4382115623764858,-0.20098714970163786,-0.00807264804835491,0.3861664079897429,0.23775076398060405,0.19184059074739956,0.46927978560342415,0.34031407555936877,0.014947991478121717,0.08460759835346515,0.01382973595673508,0.06157539066642245,-0.06042628671685963,0.11155370036536107,-0.08208188329654016,0.12073496380129756,-0.09449837563745385,0.04509076185977461,-0.13817589388140708,0.4954508208573935,0.2966095649407614
#201,0.525034463478353,0.2968023676168625,0.5620332970221626,0.4797296906481062,-0.12679282388439553,0.0016407507736207378,0.5023608687688585,0.3044797701792101,0.1738019723713765,0.5496630773235133,0.2019048904398793,0.021121533166880355,0.031178120752316043,0.1791734549275544,-0.0324506184145836,0.24414024466659598,1.0,0.5829408192185708,0.06241601033422344,-0.20405656830516808,-0.04541081430210251,0.11564882920574937,0.02375907377594401,0.12049974453645416,0.11918868633896638,-0.027989164489603115,0.2199319406553363,0.1567505036969913,-0.1981953669516933,-0.2541544156632894,0.4384814861230274,-0.25531508777341827,0.20085218782836706,-0.12346504969488976,-0.3668514358979303,-0.3202201806561075,-0.2741673334425882,-0.313225299567158,0.03678867862685934,-0.1257439773264053,-0.16292018933222793,-0.10615522543452903,-0.33517395621451224,-0.24090501576161877,-0.3586496100565876,-0.2587932480502829,0.3220903666142886,-0.058012397212073304,0.1301283101809453,0.014778325123152709,0.28118149479914784,0.03299432196118882,0.26625856766891925,0.17514002294351846,0.028906905227844563,-0.024445451302864084,-0.37148255617787973,-0.32199782132976007,-0.180457520750388,-0.3429670403825205,-0.1557710661023975,-0.336481158358478,-0.3052509808836147,-0.15673893553642523,0.46046870330560186,0.12879025960880336,-0.08032352289049773,0.10318606422257141,0.034679417350312824,-0.124178419596464,0.3670133901458552,0.342041587537235,-0.0012127288326761975,0.17399477504747765,-0.1483404509654594,-0.19056423703161,-0.16295874986744815,-0.05361264014344519,-0.06960755015279613,-0.11320409127278687,0.08627341347497904,-0.32410322655278456,-0.0008888203368262751,-0.09729015838739842,-0.3653205826496872,0.090985510878891,0.13205633694195676,0.08546364223535423,-0.14344711904601237,-0.16722354506280548,-0.4850703247761079,-0.14225174245418526,0.009495531797981356,0.01969864941725391,0.04572701069090839,0.3831702544031311,0.2199666451370345,0.5604291787570012,0.3519400769282678,0.4742695188609218,0.374054543877069,0.5691361476097289,0.23418005841921086,0.5056924990118863,0.40280142288374965,0.26112230437758477,0.3023203802068773,-0.1273133911098686,-0.25585879132002354,0.007000665169232549,0.006491666104325528
