,#10,#11,#12,#13,#17,#18,#26,#49,#50,#51,#52,#53,#54,#58,#101,#102,#201,#202,#301,#302,#401,#402,#501,#502,#601,#602,#701,#702,#801,#802,#901,#902,#1001,#1002,#1101,#1102,#1201,#1202,#1301,#1302,#1401,#1402,#1501,#1502,#1601,#1602,#1701,#1702,#1801,#1802,#1901,#1902,#2001,#2002,#2101,#2102,#2201,#2202,#2301,#2302,#2401,#2402,#2501,#2502,#2601,#2602,#2701,#2702,#2801,#2802,#2901,#2902,#3001,#3002,#3101,#3102,#3201,#3202,#3301,#3302,#3401,#3402,#3455,#3501,#3502,#3601,#3602,#3701,#3702,#3801,#3802,#3901,#3902,#4001,#4002,#4101,#4102,#4201,#4202,#4301,#4302,#4401,#4402,#4501,#4502,#4601,#4602,#4701,#4702,#4801,#4802
#10,1.0,0.3633578514069775,0.23679446270714238,0.45532472790722334,0.21082779828984027,0.24782663183364986,0.3520943190691487,0.48220527700924487,0.1490306845459015,0.4414005186391987,0.2763922763247954,0.22935999151668224,0.29448487945012675,0.07460113946381576,-0.21274811294380766,0.020932586544301236,0.36199666451370344,0.015160074421832976,-0.2897419336180386,-0.015449278435984691,-0.13044065051622916,0.03191077092150039,-0.30491164817367666,-0.15407054649918542,0.0017911368609796305,-0.032855504034396,-0.16032892136542856,0.08539423327195782,-0.42457270106909084,-0.0652733459940424,0.01327060819604176,-0.03622183875912198,0.1138673324785748,0.03977326405290505,-0.02576422160739591,0.09868219370884868,-0.1631862570252475,0.035392787251887055,-0.25892820992355375,0.08489680236761686,-0.17910018991063595,0.04688768280103728,-0.09010247462234776,0.14699854433979542,-0.10097268950093027,-0.039387658700702766,-0.24301042098464326,0.05068589552022982,-0.02691332555695873,0.07072194962066074,-0.04058303529252986,-0.06874765021738502,-0.0947258827952532,-0.03301745828232096,-0.14231343931053764,0.0068040064396093815,0.019586823865115247,0.19494471383262799,-0.33372408009023163,-0.18938042860034898,0.013941561508873743,0.01786316794077102,0.026234660137082703,0.1078017602884328,-0.08922715047284856,0.07167439484060038,0.07564998602180598,0.06848929463140949,0.04343265884530477,0.08693279862724494,0.09692768935632827,0.16237262973210068,0.2232018740420117,0.28818023194161935,0.21805789864363317,0.19869279785603425,0.11349329528693858,0.04396479423134393,-0.04351363596926725,-0.1271437247548996,0.00443638957708733,0.28144370643864536,-0.1492350553825687,-0.02391717197034695,0.16109241996278909,0.1650217385017304,-0.02378606615059817,0.11969382935035139,-0.06906770265971292,0.13125042175585397,0.05585686329326251,-0.1089817126661718,-0.170848235373507,-0.08870272719385346,-0.1610615715346129,-0.17474670548427212,-0.12529281906432863,0.07927082027898547,-0.05544426556640606,0.18312590978762786,-0.03346090443735359,-0.03328352597534054,-0.2115951529407228,0.26263773341173974,0.25020967291026,0.3912216941571149,0.17080967483828677,-0.01961381623976941,-0.028525155929164298,-0.20636248831133777,-0.17670558067345976
#11,0.3633578514069775,1.0,0.3129360955530063,0.39877570300675774,-0.07191732621248782,-0.16145874504738125,0.019540551222850974,0.06636460914077487,0.5755217722421987,0.3803861837602306,-0.0838749481842808,0.044955799986503814,-0.04432726326241408,-0.07334792206915831,0.04836069524645002,0.08521685480994476,0.13792525040247558,0.09479914781217164,-0.07102272179537852,0.07261527189997397,-0.04822958942670124,0.11816683215563031,-0.14269133255569588,-0.10207552080822882,0.011597080967483828,0.0060636441633809875,0.07877338937464452,0.23737672678896782,-0.3066044556698447,-0.1052567649638977,-0.08178496717534439,-0.08379397106031831,0.037243692942458044,0.03036063740564719,-0.09078114004222379,-0.08939681682781757,-0.07526823672312571,-0.07128107738135406,-0.19698842219930013,-0.010679340229242383,-0.04046735368686918,0.08941995314894971,-0.2302083232915273,-0.019744922059518187,-0.08422970510830691,-0.13591239046397963,0.02858685278551666,0.16511042773273693,0.12351132233715403,0.11559870050996308,0.04318972747341733,0.023886323542170764,-0.05633501392999335,-0.008388844437160788,-0.08401376611107363,-0.13023627967956194,-0.11259869086982928,-0.13174014055315086,-0.3358873261160865,-0.17771201064270772,-0.05064733498500959,0.034717977885533054,0.12969643218647875,0.22096921905276046,0.04082211061089528,0.09094695034367077,-0.008866995073891626,0.033329798617604815,0.051368416993627875,0.1303789536598768,0.21166456190411922,0.012487829331071116,0.00990041741779376,0.050743736323060167,0.06723607723675204,0.04563446540637984,-0.197304618588106,-0.13231083647441028,0.1015318172616236,-0.14329287690513146,-0.08517829427472454,-0.10110379532067905,0.031047014932567264,0.10869250865202008,0.026072705889157742,-0.04556505644298343,-0.13546123220190295,-0.02468067056770748,0.1446502077448835,0.06727849382549429,-0.27169945918849353,-0.2270077988682483,-0.15111295344779385,-0.23608494885909018,-0.12484937290929599,-0.029404336132185516,0.005747447774575111,0.2730066613324593,0.201685095389124,0.09360762727386657,0.07966028168470979,-0.27833958335341696,-0.06563967107863457,0.0741191327735629,0.06884405155543559,0.012271890333837833,0.18319531875102427,-0.06200341260736699,-0.1307992634937773,-0.23273403834845227,-0.2074306151369381
#12,0.23679446270714238,0.3129360955530063,1.0,0.41308166157346266,-0.1625461521405917,0.0574224210232038,0.14602681885224567,-0.02482720060154435,0.03225781573848245,0.3571534612900427,0.15178390676062584,0.12906789546238903,0.013571380370759546,-0.0511370537823065,-0.3357716445104258,-0.1930436794462707,0.2860131298622425,0.4690329981780147,0.1679214907502916,-0.04945581444670452,-0.3701946343015241,-0.13656020745567948,0.13429284798473004,0.16411942197757706,0.15920295373699786,0.14082114659751477,0.22463632595220423,0.2336672033007818,0.016089383320640492,-0.03734780638755266,-0.08522842297051084,-0.3796689578051343,0.13911677094078065,-0.3439040613883721,-0.1646862618453144,-0.21106301755468365,-0.3948425284142944,-0.28529975996066825,-0.1248031002670317,0.05572961352703575,0.2827084919938689,0.22830728890517,-0.3939980526929714,-0.17340865491213017,0.007043081757974801,-0.04025912679667994,-0.13870802926744624,0.19552697791445345,0.3339168827663328,0.3554645098473967,0.3832319512594835,0.39370113657177563,0.4135328198355393,0.3023897891702737,0.004640760413754543,-0.11397530197719144,-0.16659886439223776,-0.3329297330646949,0.01526033181340557,0.10066806127269047,-0.13444709012561093,0.07276180193381084,-0.18039967994755768,-0.05259464201363115,0.11143030665265634,0.1848727020331042,-0.08010758389326444,-0.0008155553199078403,-0.15106282475200755,-0.13206019299547878,0.27081256687842825,0.23140369988335438,-0.11530178438876731,0.04746609082934071,-0.2861635159496014,-0.1391206269943027,-0.13646766217115094,-0.01227960244088188,0.30171112375039766,0.06567051950681076,-0.33965083435358084,-0.0503118583285936,0.32696441826612554,-0.05345839800256427,-0.24730220855465473,-0.07217568179846336,-0.06867824125398861,0.044651171758264004,0.2174756345618077,0.08016542469609478,-0.3421071404471094,0.07208313651393482,0.011338725381508295,0.06511910385316148,-0.011947981837987912,0.34405444747573094,-0.023219226282860807,0.5500910992644578,0.43680795889446944,0.28568536531287053,0.6106427077207832,-0.09462176935015858,-0.11859871015009689,0.39385152265913453,0.34366884212352866,0.42223207658122297,0.25135877685982283,-0.16011298236819527,-0.17999479432774526,0.07128107738135406,-0.01035543173339246
#13,0.45532472790722334,0.39877570300675774,0.41308166157346266,1.0,-0.04055989897139772,-0.033777100826159465,-0.007120202828415258,-0.0804199242285483,0.24291016359307066,0.5236308599963367,0.21877512459872944,0.16580837342022306,0.19201796920941264,-0.24982021150453568,0.1743765243461579,0.30866744430412696,0.27900668061272693,0.07913585840571467,-0.020516132763922765,0.36449153114245225,-0.13173628449962885,0.27926503619870247,-0.10719635988547521,0.03752132879604369,0.12963473533012637,0.16316312070411537,0.043968650284865955,0.28197969787820654,-0.1790192127866735,0.2978280778537206,-0.20222494288220721,-0.02673594709494568,0.09832358073130056,0.043471219380525,0.06027975668302276,0.20018894662257913,-0.18871333134103901,0.14124145643141528,-0.26123412992972345,0.2561557074412193,0.03147118081998978,0.2964514667463584,-0.08232095861490557,0.2595991632363857,-0.11562954893813926,0.13061031687119817,-0.13339824356762073,0.24142172693356984,0.10912438664648666,0.16396903589021816,0.12830054081150646,0.05769620082326743,-0.11298429622203156,0.0777592472983525,-0.29847203879189843,0.07272709745211263,-0.10257295171256978,0.23741914337771008,-0.2687997069399323,-0.031791233262317684,-0.25195260910221434,-0.22025970520470825,0.18610278310662953,0.04119229174900948,0.1932094897477177,0.2217867023994293,-0.00975388738395689,-0.011115074277230968,0.16453587575795553,0.18972747341733104,0.07280421852255309,0.023007143339149546,0.08521299875642274,-0.1160729950931719,0.00435541245312485,0.04972573819324612,-0.03245833052162764,0.07381836059884511,0.02410611859292607,0.061498269595981994,-0.366134209942834,-0.002145893785005736,0.014539249804787291,-0.10722720831365139,-0.1898238747553816,-0.04748922715047285,-0.13908206645908244,0.12560515939961248,0.30545149566675983,0.14828261016262906,-0.15734819199290487,-0.2719231102927709,-0.19444728292828706,-0.0851397337395043,-0.06698543375782055,-0.28464423086192436,0.14154608465965507,0.15090472655760462,0.15397800121465685,0.13749722846153103,0.11316553073756663,-0.35463545834016175,-0.16961429824645965,0.15171835385075144,-0.007717891124328806,0.2404075848572778,0.011859292606981386,-0.2586544301234901,-0.3008010951192003,-0.1691014431280306,-0.11571438211562377
#17,0.21082779828984027,-0.07191732621248782,-0.1625461521405917,-0.04055989897139772,1.0,0.6337211880500901,0.3547781323204766,0.5290331909806908,-0.04337867409599645,0.14045096545940058,0.5595268622328478,0.2312725940636056,0.6427173609169695,0.445491791426065,-0.2572315463738637,0.02758042281626869,0.24850529725352588,-0.018109955366180482,-0.5613160710670664,0.004532790915137902,-0.030071433391495473,0.017057252754668236,-0.0017949929145016533,0.13645223795706285,-0.1687081256687843,-0.24574821898527952,-0.38841448719308225,-0.2037403719163622,-0.2831095215601592,-0.08901121147561528,0.5714690599905526,0.3552485708501634,0.280876866570908,0.3706188001889466,-0.286772772406081,0.17342022307269625,0.1257941060221916,-0.08107545332729219,-0.3806753877743823,0.07687235498828723,-0.15242786769880365,-0.24774565470968737,0.3279862724494616,0.08832869000221723,0.1456951982493517,0.11267581194026974,0.08230553440081749,-0.04974887451437826,-0.2770362372629732,-0.1841940366132282,-0.20290746435560525,-0.1962249236019396,-0.13328641801548205,-0.45375531412376,-0.4136947740834643,-0.352996635593302,-0.11435705127587172,0.036696133342330794,-0.12133650815073313,-0.07717312716300502,0.04539539008801442,-0.04529513269644183,0.19390743543520383,0.055097220749424004,-0.5412491685384593,-0.3453230890844765,0.3816933859041963,0.3898258027821426,-0.04894295932827548,0.19242671088274704,-0.16255386424763577,-0.2542700972689501,-0.0002757078268246363,0.36600310412308523,-0.10561537794144582,-0.19112336479230332,-0.15937262009196687,-0.07118467604330347,-0.015009688334474082,0.22235354226716667,0.5950141227960244,0.4758852052866494,-0.26898865356251145,0.17122612861866524,0.4279197555262067,0.1880192417070749,0.03873984170900292,0.32252224460875517,-0.03276295874986745,0.12133650815073313,0.6165501817165222,-0.15623764857856226,0.17269914106407797,-0.07625153037124155,-0.018260341453539376,-0.14306922580085413,-0.10394570676640992,0.005797576470361408,-0.01851869703951491,0.13640210926127655,0.009456971262761127,0.5493160325065312,0.3219361244734077,0.173882949495339,0.16265026558568632,0.17388680554886102,0.31040266838903724,-0.16981481302960486,0.03423211514175817,-0.07542633491752866,-0.030032872856275244
#18,0.24782663183364986,-0.16145874504738125,0.0574224210232038,-0.033777100826159465,0.6337211880500901,1.0,0.35625500081941136,0.5883894228451891,-0.14676332507495204,0.133783848919823,0.4859649291932172,-0.06578620111247144,0.4634185842499494,0.48282995767981257,-0.13842653736033855,-0.15712454088862754,0.1905989415133082,0.1243635101655211,-0.3399091899395564,-0.1986696615349021,0.1313082625586843,-0.10802926744623216,-0.035882506049183964,0.06107410370855947,-0.12839694214955705,-0.2456286813260968,-0.28213779607260947,-0.2420541197111816,-0.1240781622048914,0.0015790539172683717,0.4118708607675475,0.16147802531499136,0.1847030356781352,-0.044782277578012786,-0.17046648607482673,0.20290746435560525,-0.0731088467507929,-0.2145218975639382,-0.30321112857046456,-0.13148178496717536,0.07129264554192012,-0.023743649561855918,0.2511428378625895,-0.013394001908746494,0.17879556168239616,0.06909469503436708,-0.01003537929106456,-0.028162686898094147,-0.13632884424435812,-0.12386993531470217,-0.14218618954431086,-0.18614134364184975,-0.05112548562174043,-0.29832165270453953,-0.19266964225463448,-0.16505644298342861,-0.007579073197535982,-0.03324496544012031,-0.04661390300097366,-0.1481206559147041,0.03794163862994419,-0.011230755882891654,0.0671281077381354,0.05606894623697377,-0.5194200495502878,-0.30621113821059837,0.47487491926387937,0.19579304560747304,-0.04994167719047941,-0.028216671647402467,-0.14556794848312496,-0.1480512469513077,-0.04214088091542711,0.35672929540262016,-0.03500718189968477,-0.14971320601929955,-0.09684285617884376,-0.1596309756779424,0.21995122092294642,0.25675725179065484,0.4725651432041877,0.5762814147860372,-0.1787570011471759,-0.08451890912245862,0.14182372051324071,0.20532135386039158,0.012175488995787262,0.22585483886516344,-0.0645137034502039,-0.12581724234332373,0.5761194605381122,0.03993907435435204,0.24489988721043449,-0.026504583883624304,-0.07148159216449924,-0.21618385663193004,-0.14551781978733866,-0.06853556727367376,-0.02418709571688855,0.3884569037818245,0.11135704163573791,0.42966269171816107,0.2271774652232173,0.11084033046378684,0.465038126729199,0.3707113454734752,0.398147166282668,-0.043995642659520114,-0.14510136600696016,-0.030179402890112113,-0.026265508565258885
#26,0.3520943190691487,0.019540551222850974,0.14602681885224567,-0.007120202828415258,0.3547781323204766,0.35625500081941136,1.0,0.3858000829051507,0.2228972458137719,0.3763566078297167,0.335467016282186,0.042939083994485844,0.24430605496804295,0.5347632865144168,-0.2932200938949033,-0.06512681596020553,0.18868633896638484,0.2600348972843743,-0.29521752961931114,-0.18526216343882854,-0.32556467083763124,-0.18836243047053494,-0.2909951510126961,0.06445586264737355,-0.3763488957226726,-0.10848042570830883,-0.2509384670259223,0.027503301745828233,-0.12511929665583757,-0.13716560785863707,0.5491964948473484,0.10553825687100538,0.3763758880973268,0.14339313429670403,-0.05366662489275351,0.12260514975947866,-0.02129891162889341,-0.029631843289984864,-0.1256090154531345,0.024028997522485614,0.10898942477321585,0.06771037181996085,0.0328053753386097,0.10413465338898904,-0.01618578465869106,-0.09898296588356646,-0.064193651007876,0.05738000443446155,-0.1376051979601477,-0.008550798685085749,0.21719799870822207,0.03839665294554288,0.03441720571081527,-0.11864883884588318,-0.28156324409782807,-0.1418507128878949,-0.16965285878167988,-0.16824154319261952,-0.009268024640182006,0.07691477157702949,0.12447147966413774,0.1148120655914704,0.08704076812586159,0.31284740632199975,-0.16820683871092132,-0.141360994090598,0.38878852438471845,0.45141468963589215,0.049625480801673526,0.03162156690734867,0.17625442241138306,-0.027966028168470977,-0.024457019463430152,0.28834989829658836,-0.14196639449355558,-0.13942525522254248,-0.06819237851021372,0.04949437498192475,0.31576643883817107,0.11924652714179673,0.16682637155003713,0.2586043014277038,0.07328236915928393,0.05008049511727223,0.19572749269759865,0.05823219226282861,0.04640953216430644,0.01770506974636808,0.10166677913489439,0.04915889832550876,0.19901670635188418,0.03529252986031446,0.016070103053030377,0.02852901198268632,0.04974887451437826,0.08106774122024814,-0.15555898315868624,0.061517549863592105,0.10869250865202008,0.2269962307076822,0.06469493796573897,0.23573404798858608,0.16824925529966356,0.3430672977740931,0.34309429014874726,0.41328603241012984,0.32767007606065573,-0.049332420733999786,-0.00015231411411990398,0.08956648318278658,-0.0078181485159014
#49,0.48220527700924487,0.06636460914077487,-0.02482720060154435,-0.0804199242285483,0.5290331909806908,0.5883894228451891,0.3858000829051507,1.0,0.18841255916632124,0.18380071915398186,0.3082702707913586,0.18683157722229185,0.38208284730992065,0.39076282378799415,-0.2702958557064772,-0.26072127481129437,0.29635120935478587,-0.08663588250604919,-0.41640557970944636,-0.21842807978174736,0.04195579034637001,-0.18144467045202586,-0.06821165877782384,-0.19043698726538325,-0.09403950526833313,-0.2947123866079261,-0.23444612611223042,-0.169498616640799,-0.18880202057204554,-0.028166542951616167,0.33699401347690705,0.15970038464133882,0.13999209509027985,0.12504217558539713,-0.005697319078788813,0.11984421543771027,0.18014132436158214,-0.13222214724340373,-0.09681200775066758,-0.05385942756885465,-0.06689288847329201,-0.17301148139936182,0.2631158840484706,-0.07558057705840956,0.028405618269981586,-0.051063788765388064,0.021291199521849363,-0.06145585300723974,-0.02683234843299625,-0.1084765696547868,-0.17717216314962453,-0.3483346668851764,-0.027295074855638996,-0.3397163872634552,-0.03352645734722798,-0.20364782663183364,0.07148159216449924,-0.05534786422835549,-0.07324766467758573,-0.3454927554394455,0.20429949967705552,0.24593716560785864,0.2278329943219612,0.1856940414332951,-0.505977846972516,-0.25405801432523883,0.41416135655962905,0.28044498857644146,-0.002438953852679475,0.15046128040257198,-0.08439551540975389,0.06464866532347469,0.051522659134508784,0.3974376524346158,0.23365949119373777,0.162931757492794,0.07735050562501808,-0.09083126873801009,0.21116327494625625,0.016779616901082588,0.28613652357494723,0.5138673324785749,-0.07372195926079454,0.12145604580991584,0.49642254634494326,0.31901323590371433,0.07393404220450579,0.38639391514754223,-0.18486498992606018,0.033962191395216564,0.502106369236405,0.1987544947123866,0.18323002323272247,-0.002805278937271649,-0.09199194084813897,-0.10342513954093682,-0.24821609323937416,0.09253950044826623,-0.15354226716666827,0.24156825696740672,-0.11178506357668244,0.3202818775124599,0.19249611984614345,0.0747592376582187,0.33621509066545846,0.36968563523661707,0.30048489873039436,0.1842981500583228,0.09415518687399381,-0.07319367992827741,-0.060225771933714436
#50,0.1490306845459015,0.5755217722421987,0.03225781573848245,0.24291016359307066,-0.04337867409599645,-0.14676332507495204,0.2228972458137719,0.18841255916632124,1.0,0.39604947316668754,-0.034471190460123584,0.11766554519776734,-0.041365814157500506,0.16880838306035686,0.19630204467238005,-0.0355855899279882,0.0016793113088409666,-0.02529763913123114,-0.08079396142018451,-0.004139473455891568,-0.06115893688604398,-0.1269933386675407,-0.3205903617942217,-0.29515968881648075,-0.1698572296183471,-0.10188271813212767,-0.0770844379319985,0.11411026385046225,-0.026250084351170794,0.14829417832319514,0.048430104209846433,0.14164634205122767,0.2191375936297996,0.2542199685731638,0.25576624603549497,0.11458841448719308,0.3448912110900099,0.07634021960224809,0.052571505692499014,-0.07078750253053512,0.12609487819690937,0.11205884337674607,0.041296405194104095,-0.08431839433931343,-0.29954787772454283,-0.22733941947114225,0.13947538391832878,0.020921018383735165,-0.07727338455457762,-0.16384564217751343,-0.15689317767730615,-0.30562116202172884,-0.2470438529686792,-0.18095495165472897,-0.17305004193458204,-0.06371935642466718,-0.05247510435444844,-0.09205749375801336,-0.17085980353407304,-0.36174602103477194,0.26596936365476753,0.3350312822341974,0.5287632672341492,0.4823016783472955,-0.016027686464288125,-0.0428311144958692,0.26636268111401384,0.3465223217298256,0.2803215948637367,0.29404914540213817,0.23436514898826796,0.034895356347546105,0.052698755458725766,0.029886342822438374,0.15806927400152315,0.17721457973836677,0.06319878919919408,0.10218734636036748,0.37405839993059103,-0.024630541871921183,-0.18953081468770785,-0.12086992567456836,0.2752046118400123,0.11343931053763026,0.2648356839192928,0.18090096690542065,0.19981876548446492,0.11065138384120772,0.09159862338889264,0.13382240945504323,-0.09427472453317652,0.0893351199714652,0.036048316350630945,0.019436437777756357,0.09503436707701503,-0.13792139434895356,-0.12019126025469233,0.07357157317343564,-0.05545197767345011,-0.16295874986744815,-0.14974405444747574,-0.3240916583922185,0.20298844147956774,0.02853286803620834,-0.022980150964495388,0.049772010835510395,0.2169820597109888,0.2754359750513337,0.0061060607521232395,0.10005494876268882,0.07971812248754012
#51,0.4414005186391987,0.3803861837602306,0.3571534612900427,0.5236308599963367,0.14045096545940058,0.133783848919823,0.3763566078297167,0.18380071915398186,0.39604947316668754,1.0,0.2368792958846269,0.1991208197969788,0.3063345319233031,0.1625461521405917,-0.009510956012069447,0.05919620564333433,0.5765976111748431,0.13331726644365824,-0.1187028235951915,-0.004390116934823055,-0.2361427896619205,-0.08794694070353697,-0.1067721939980527,0.05556380322558877,0.10950999199868894,-0.11101385287227787,-0.2057802242295123,-0.016405579709446366,-0.06742887991285319,-0.16384949823103545,0.2607983958817348,0.022444159524934205,0.22893968168278175,0.10521820442867746,0.033896638485342176,-0.019702505470775934,0.01573077034309236,-0.02108297263166013,-0.07964871352414371,0.1403237156931738,0.15273249592704347,-0.07054071510512566,-0.1418391447273288,-0.025100980401607974,-0.08284538189390069,-0.011882428928113522,-0.25180222301485544,0.09058833736612264,-0.042430084929578823,0.0641628025796998,0.12725555030703825,0.10334030636345233,0.0026317565287806194,-0.09097008666480291,-0.31864691081912216,-0.162592424782856,-0.04708434153066045,-0.10782489660956494,-0.014053387061012407,0.09173358526216344,-0.0815998766062873,-0.041207715963097566,0.020662662797759634,0.11125292819064328,-0.16792920285733565,-0.16853074720677122,0.2174370740265875,0.1004366980613691,0.06142500457906356,0.16926339737595558,0.20583420897882063,0.04932085257343372,0.08959733161096275,-0.0007885629452536802,-0.046043207079714266,-0.082560033933271,-0.053493102484262485,0.10169377150954856,0.23422633106147514,0.055128069177600186,-0.05227458957130325,-0.051291295923187416,0.021503282465560623,0.2094704674500882,-0.07099958547424638,-0.06028746879006681,-0.09300222687090896,0.0034299596078393568,0.0337655326655934,0.05771162503735552,-0.13718874417976923,-0.11359355267851118,0.035373506984276944,-0.02342745317305004,0.018711499715616052,0.044489217510339046,-0.06730163014662643,0.17464644809269952,0.10329403372118805,0.2793074527874447,0.12174139377054553,0.05525531894382694,0.029743668842123528,0.2426980806493594,0.15309496495811362,0.30268670529146946,0.20223651104277326,-0.1052721891779858,-0.23788958190739687,0.07324766467758573,-0.047257863939151476
#52,0.2763922763247954,-0.0838749481842808,0.15178390676062584,0.21877512459872944,0.5595268622328478,0.4859649291932172,0.335467016282186,0.3082702707913586,-0.034471190460123584,0.2368792958846269,1.0,0.2898267667955231,0.41466264351749205,0.1916902046600407,-0.21998978145816664,0.07094560072493807,0.015989125929067895,0.25302073592781466,-0.2993820674230958,0.05216662007268661,-0.13794838672360774,-0.00026028361273654476,-0.1922801808489102,0.06862425650468028,-0.1395447928817252,-0.00294024081054245,-0.4213336161105916,-0.17089450801577125,-0.13548822457655713,0.20418381807139482,0.1500949553179798,0.3096507379522428,0.12504603163891914,0.2528356453587576,-0.018888878177629107,0.2573356598189583,0.001232009100286312,0.0721833939055074,-0.4252205180607907,0.039464779771143224,-0.030352925298603145,0.11884935362902838,0.035550885446289995,0.1865693655827943,-0.058667926310817194,0.06162937541573077,-0.27242054119711184,-0.1129920083290756,-0.27577530776127174,-0.12029922975330898,-0.11491617903656502,-0.16843434586872066,-0.20339718315290217,-0.17370942708684797,-0.317779298776667,-0.053747602016715995,-0.20311183519227247,-0.022602257719337146,-0.10529532549911792,-0.17593436996905518,0.16775568044884462,0.14711808199897813,0.14066690445663385,-0.15172992201131752,-0.23520576865606896,-0.07892763151552544,0.2221568835375435,0.21244348471556784,0.11259097876278523,0.1603404895259946,0.054850433324014534,-0.08657418564969682,0.1826978878466833,0.4604108625027715,-0.0722990755111681,-0.03172568035244329,-0.15883277259888368,-0.05546354583401618,0.05464991854086935,0.28064550335958666,0.21832396633665274,0.3096507379522428,0.047404393972988346,0.24344615503263184,0.21811959549998555,0.2787174765985752,0.1766284596030193,0.15528905941214463,0.16859630011664561,0.22226099698263813,0.23395640731493353,0.00563947827595847,0.0852052866493787,0.06612167776888743,0.03261642871603058,-0.06299056230900485,0.10403825205093847,-0.03006757733797345,0.033692267648674966,0.07601245505287614,-0.016752624526428426,0.06290958518504237,0.1723135357118757,0.08184280797817474,0.12517328140514591,0.16815671001513502,0.11895732312764501,-0.03264727714420676,0.002280855658276537,0.07333635390859225,-0.004320707971426643
#53,0.22935999151668224,0.044955799986503814,0.12906789546238903,0.16580837342022306,0.2312725940636056,-0.06578620111247144,0.042939083994485844,0.18683157722229185,0.11766554519776734,0.1991208197969788,0.2898267667955231,1.0,0.3928682290110187,0.0977760211311733,-0.2794963994100238,-0.2426788003817493,0.07502530535123828,-0.25114669391611155,-0.24715182246729583,-0.04187866927592955,-0.031197401019926158,-0.31452093355055766,-0.09109348037750764,-0.5200485862743774,-0.02489660956494076,-0.45009977538488233,-0.2517058216768049,-0.1786875921837795,-0.1544561518513877,-0.08340836570811602,-0.04126941281944994,-0.10585059720628923,0.17438038039967996,0.2703459844022635,0.07268468086337038,-0.26351305756123894,0.34418555329547973,0.01242613247471875,-0.10487501566521744,-0.3113551136089769,0.07980681171854666,-0.32275746387359855,0.18953081468770785,-0.06264737354554481,-0.20438818890806204,-0.4014170996693434,-0.02311896889128821,-0.026674250238593312,-0.027942891847338842,-0.21505017689645534,0.009005813000684449,-0.25147831451900554,-0.08514358979302633,-0.4157346263966144,-0.19089585763450398,-0.24001041134450946,0.12994707566541022,-0.015557247934601332,0.06681576740285156,-0.09448295142336575,0.28275476463613314,0.2935285781766651,0.32346312166812874,-0.13340981172818678,-0.18963107207928045,-0.1109174515342273,0.05030414622154956,0.30398619532839116,0.11086346678491897,0.26066343400846403,0.15329547974125882,0.32914308850606844,0.23794742271022723,0.25675339573713285,0.2749462562540368,0.2700606364416338,0.3290235508468858,0.33996317468886467,-0.11296115990089943,-0.34071896117918116,-0.00776416376659308,0.034953197150376446,0.07930552476068368,0.6876828010372784,0.6136350052538729,0.4562424686454648,0.36684757984440824,0.19135472800362469,-0.24759526862232847,0.7132368677277241,-0.03401617614452489,0.2762418902374365,0.26623928740130914,0.17328526119942544,0.19414265470004724,-0.12306402012859939,-0.40458677566444623,0.18659635795744844,-0.14581859196205643,0.014037962846924315,0.04280026606769302,-0.06658054813800815,-0.06385817435146,0.25828424898537594,0.18453336932316622,0.2218676795233918,0.09476829938399545,0.2867342118708608,0.3387485178294275,0.08326183567427915,0.23862994418362526
#54,0.29448487945012675,-0.04432726326241408,0.013571380370759546,0.19201796920941264,0.6427173609169695,0.4634185842499494,0.24430605496804295,0.38208284730992065,-0.041365814157500506,0.3063345319233031,0.41466264351749205,0.3928682290110187,1.0,0.4573607241668514,-0.2172712637251405,-0.10681846664031697,0.41899299162272374,-0.1828444178805202,-0.5124251684613382,0.01111893033075299,-0.13156276209113782,-0.23603096410978183,-0.0024042493709812694,-0.06317179682453992,0.04465502781178603,-0.4384814861230274,-0.26446935883470063,-0.18520046658247616,-0.10201382395187646,0.02830150482488697,0.2748537109695083,0.11097914839057967,0.2570310315907185,0.19371077670558068,-0.19271205884337675,0.17035080446916603,0.07896619205074566,-0.11701387215254548,-0.37461752769128437,-0.1281887152593678,-0.15403969807100923,-0.3158049993733913,0.3304464345965122,0.13264631313082625,0.0270598555907956,-0.10695728456710979,0.11055112644963512,0.08266414737836561,-0.06462167294882053,-0.09608706968852727,-0.11345859080524037,-0.1877377497999672,-0.130074325431637,-0.5243288056838229,-0.4988518600638177,-0.4067924382790433,-0.013748758832772599,0.0022962798723646285,-0.04161645763643199,-0.033241109386598286,0.09612563022374751,0.07505615377941446,0.288114679031745,0.023446733440660155,-0.5272169897718181,-0.2951095601206945,0.5102734905960494,0.474138413041173,0.047041924941918195,0.2428638909508064,0.02378606615059817,0.15327234342012666,-0.07728109666162167,0.229992384294294,0.016895298506743272,0.0428812431916555,0.11336604552071183,0.22167487684729065,0.2554114891114689,0.16874668620400451,0.36983602132397597,0.5564381633617075,0.0514918107063326,0.15266308696364705,0.4252822149171431,0.3440081748334667,0.16214897862782335,0.4194711422594546,-0.1060819604176106,0.35285010555946517,0.4280547173994775,0.11276835722479828,-0.022440303471412182,0.033476328651441685,0.006950536473446251,-0.2279833804093201,-0.32132686801692806,0.07165511457299027,-0.11768482546537747,0.24602585483886516,0.09329914299210473,0.40044537418179366,-0.08078624931314046,0.25353359104624373,0.4279313236867728,0.2811583584780157,0.24225463449432677,0.03736323060164075,0.10612823305987487,-0.03561258230264236,-0.02524365438192282
#58,0.07460113946381576,-0.07334792206915831,-0.0511370537823065,-0.24982021150453568,0.445491791426065,0.48282995767981257,0.5347632865144168,0.39076282378799415,0.16880838306035686,0.1625461521405917,0.1916902046600407,0.0977760211311733,0.4573607241668514,1.0,-0.26606962104634013,-0.39742994032757173,0.22560033933270993,0.018738492090270214,-0.33846316986879776,-0.4586023734009428,-0.12334551203570705,-0.49766033952551264,-0.13759362979958162,-0.11190074518234314,-0.2565875854356858,-0.36719076860786826,-0.31617132445798346,-0.19530332681017612,0.06117821715365409,-0.08707161655403776,0.5494201459516258,0.10947914357051276,0.3304232982753801,0.20062853672408973,-0.03980411248108124,0.07067567697839645,0.2511698302372437,-0.1789536598767991,-0.06022191588019242,-0.22737412395284046,0.07694176395168364,-0.28181388757675957,0.292001580981944,-0.10675291373044257,-0.08110630175546836,-0.29004270579275643,0.13574272410901064,0.0042860034897284375,-0.2273085710429661,-0.2036054100430914,0.0656281029180685,-0.19992287892955954,0.05070517578783994,-0.39485024052133844,-0.29976767277529814,-0.3667743148274898,-0.13174785266019493,-0.3113435454484108,-0.0383156758215804,-0.039719279303596734,0.3239065678231614,0.27746811525743975,0.28514937387330935,0.281883296540156,-0.4715278648067635,-0.4670895472029152,0.6950902798530844,0.5281000260283613,-0.0030752026838132512,0.07226822708299191,0.1776734501074875,0.1331553121957333,-0.19859254046446165,0.20804758370046175,-0.08295335139251733,-0.05375145807023801,0.013613796959501798,0.13414246189737114,0.42944675272092775,0.09831201257073448,0.3986176048123548,0.4380110475933406,0.1463005986523093,0.08080167352722856,0.4545111006140765,0.26386781448526503,0.20840234062448787,0.2783858559956812,-0.1961593706920652,0.08947008184473601,0.40680015038608736,0.18260534256215477,0.10109993926715703,0.02979765359143185,0.053647344625143395,0.0022885677653205825,-0.2491685384593138,-0.005751303828097134,0.09622203156179808,0.29820982715240085,0.21307973354670162,0.4506627591990977,0.22691910963724177,0.27461463565114286,0.4097423192233908,0.3220363818649803,0.4501306238130585,0.23850655047092054,0.12541621277703335,0.08712174524982406,0.09379657389644568
#101,-0.21274811294380766,0.04836069524645002,-0.3357716445104258,0.1743765243461579,-0.2572315463738637,-0.13842653736033855,-0.2932200938949033,-0.2702958557064772,0.19630204467238005,-0.009510956012069447,-0.21998978145816664,-0.2794963994100238,-0.2172712637251405,-0.26606962104634013,1.0,0.4817348384795581,-0.10147783251231528,-0.027626695458532965,0.41443128030617066,0.37555840475065794,0.5348982483876876,0.38664455862647373,-0.07111141102638505,-0.0109184155476078,-0.024807920333934235,0.16502945060877444,-0.07416154936230515,-0.0505972062892233,0.26294621769350157,0.227967956195232,-0.002481370441421727,0.1466206510946372,-0.15727878302950846,0.15266694301716907,0.4410997464644809,0.2521492678318375,0.33903000973653513,0.4224325913643681,0.29000028920401416,0.16924026105482345,0.13699594150366806,0.14837129939363558,0.27084341530660444,0.2767354650882554,-0.2966211331013274,0.06021034771962635,0.10709610249390261,-0.12503060742483105,-0.2616197352819257,-0.323000395245486,-0.3520480464268844,-0.21933039630590073,-0.3879671849845276,0.1596618241061186,0.09384670259223198,0.38996847676245744,-0.060696210463401234,0.13313603192812315,-0.3666085045260428,-0.372361736380901,-0.35954807052721893,-0.35165472896763805,0.30979726798607965,0.2795580962663762,0.15550885446289994,0.05477331225357408,-0.006468529783193391,-0.09958836628652405,0.3382279506039544,0.16493304927072389,-0.12238535470872336,-0.19042156305129515,0.04383754446511717,-0.3266597900378857,0.27820462148014613,0.08864103033750108,-0.09409349001764145,-0.24776107892377547,-0.044477649349772976,0.06885176366247964,-0.02438761050003374,-0.2456788100218831,-0.3110620535413032,-0.11328892445027137,-0.2627418468568344,-0.35072927612235255,-0.37968438201922244,-0.14762322501036315,0.13629413976265992,-0.28943730538979884,-0.00825773861741201,-0.41591200485862745,-0.3745943913701522,-0.43576682444352327,-0.3524182275649986,-0.37021777062265626,0.2335476656415991,-0.3857615223699305,-0.07131578186305226,-0.14381344413060454,-0.3793874658980267,-0.14444969296173832,0.05574503774112385,-0.3505133371251193,-0.27294882052962893,-0.16137776792341876,-0.23001937666894817,-0.13884684719423906,-0.26178940163689474,-0.3021777062265624,-0.29969826381190173
#102,0.020932586544301236,0.08521685480994476,-0.1930436794462707,0.30866744430412696,0.02758042281626869,-0.15712454088862754,-0.06512681596020553,-0.26072127481129437,-0.0355855899279882,0.05919620564333433,0.07094560072493807,-0.2426788003817493,-0.10681846664031697,-0.39742994032757173,0.4817348384795581,1.0,-0.11468095977172163,0.10356395746772966,0.22560033933270993,0.7723925848090771,0.12336479230331716,0.7871651258519469,-0.24518137911754215,0.35240665940443255,-0.24263252773948502,0.46639545756895107,-0.20105270261151226,0.11389432485322896,-0.07760886121099361,0.27026886333182304,0.04996481351161154,0.4227950603954383,-0.10118091639111951,0.31900166774314825,0.21561701676419268,0.4385508950864238,0.04401877898065225,0.6873473243808624,0.052698755458725766,0.4993994196639449,0.04324756827624768,0.39861374875883276,0.023913315916824926,0.7370479982262154,-0.23082914790857298,0.399658739263301,-0.05671676322867361,-0.04867303558173387,-0.2585541727319175,-0.1328892445027137,-0.24995131732428447,0.03610615715346129,-0.49742897631419125,0.29637434567591797,-0.22749751766554518,0.5010073939826285,-0.35159303211128573,0.4654083078673132,-0.4550432360001157,-0.08810118284441788,-0.49340325643719934,-0.49436726981770507,0.010016099023454446,0.17582640047043854,0.2860825388256389,0.37375762775587323,-0.11994061677576084,-0.08628883768906713,0.3847512363471605,0.264700722046022,0.014350303182208169,-0.2654719327504266,0.25606701821021277,-0.13634812451196823,0.15243943585936973,0.12139049290004145,-0.2559551926580741,-0.31626001368899,-0.3345030029016803,0.27471874909623745,-0.051476386492244515,-0.06125919427761657,-0.2925877011172915,-0.11210511601901034,-0.2298728466351113,-0.5201874042011703,-0.4734481794607309,-0.1960205527652724,0.4802888184087995,-0.21619928084601814,0.10834160778151601,-0.5854472540078857,-0.3385981317420686,-0.46974636807958897,-0.39921914916179035,-0.25635236617084245,0.44535297349927216,-0.3409965970327668,0.011188339294149403,-0.2827084919938689,-0.3704607019945437,-0.12699719472106272,0.13782884906442502,-0.2593678000250643,-0.28059537466380036,-0.2137159823778354,-0.38944019742994035,-0.42509326829456395,-0.1767132927805038,-0.5143878997040479,-0.5032400489718797
#201,0.36199666451370344,0.13792525040247558,0.2860131298622425,0.27900668061272693,0.24850529725352588,0.1905989415133082,0.18868633896638484,0.29635120935478587,0.0016793113088409666,0.5765976111748431,0.015989125929067895,0.07502530535123828,0.41899299162272374,0.22560033933270993,-0.10147783251231528,-0.11468095977172163,1.0,0.14809366354004994,-0.06805741663694292,-0.11592646505933503,-0.14847926889225221,-0.013752614886294623,0.2979784639410795,0.20736891828058573,0.4153644452585002,-0.09697781805211457,0.044516209884993205,-0.01846471229020659,-0.04117301148139936,-0.3306315251655693,0.3483346668851764,-0.17139965102715626,0.10821435801528925,-0.0499069727087812,-0.1494317141121919,-0.20771210704404577,-0.07926310817194143,-0.2121812730760703,-0.09142124492687959,0.16251915976593756,-0.03995835462196215,-0.3876047159534574,-0.025864478998968505,-0.2087069688527277,0.1699112143676554,0.059601091263146735,-0.1256090154531345,0.08809732679089585,0.09475673122342938,0.19555397028910762,0.2206915831991748,0.2478034955125177,0.3184194036613228,0.06204197314258722,-0.033241109386598286,-0.2792611801451804,0.05708694436678781,-0.07986850857489902,-0.018992991622723724,0.13409618925510686,-0.2980324486903878,-0.1767634214762901,-0.2006246806705677,-0.10937117407189612,-0.2425129900803023,-0.215162002448594,0.13816046966731899,-0.045572768550027475,-0.1907840320823653,0.00153663732852612,0.07013582948531326,0.026774507630165905,-0.04603935102619224,-0.18312976584114987,-0.0782798145238256,-0.10500226543144418,-0.05156507572325104,0.04658305457279747,0.11264110745857152,-0.05799697299798521,0.04191722981114978,0.050651191038531614,-0.07481707846104904,-0.007490383966529455,-0.09572460065745712,-0.19117734954161164,-0.29342446473157047,0.13782113695738096,-0.14974791050099776,-0.095365987679909,0.004309139810860575,-0.14236742405984595,-0.12233908206645908,-0.12211543096218176,-0.16935594266048412,0.23195125948348164,-0.10992258972554539,0.42259840166581514,0.24443716078779174,0.37373449143474113,0.24450271369766613,0.4539673970674713,-0.01895828714102552,0.23990244184589282,0.22708106388516672,0.31559677248320206,0.20869925674568363,-0.2175874601139464,-0.09942255598507707,-0.10596242275842789,-0.15650371627158186
