,#10,#11,#12,#13,#17,#18,#26,#49,#50,#51,#52,#53,#54,#58,#101,#102,#201,#202,#301,#302,#401,#402,#501,#502,#601,#602,#701,#702,#801,#802,#901,#902,#1001,#1002,#1101,#1102,#1201,#1202,#1301,#1302,#1401,#1402,#1501,#1502,#1601,#1602,#1701,#1702,#1801,#1802,#1901,#1902,#2001,#2002,#2101,#2102,#2201,#2202,#2301,#2302,#2401,#2402,#2501,#2502,#2601,#2602,#2701,#2702,#2801,#2802,#2901,#2902,#3001,#3002,#3101,#3102,#3201,#3202,#3301,#3302,#3401,#3402,#3455,#3501,#3502,#3601,#3602,#3701,#3702,#3801,#3802,#3901,#3902,#4001,#4002,#4101,#4102,#4201,#4202,#4301,#4302,#4401,#4402,#4501,#4502,#4601,#4602,#4701,#4702,#4801,#4802
#10,1.0,0.39991323879575447,0.3535210588722971,0.3131366103361515,-0.16145874504738125,-0.3461791329663656,0.28334859687852465,0.6412520605786008,0.20893061995700501,0.6876403844485361,0.291997724928422,-0.27904909720146914,-0.16601660031041232,0.03693135260717419,0.08372070604339989,-0.19899357003075202,0.6477379426026433,0.18441768771750552,0.01806368272391621,-0.19195241629953824,0.12804604127905295,-0.19666836975697222,0.24412482045250788,-0.12797663231565654,0.3233860005976883,-0.06932605824568845,0.3325171353378385,0.32918936114833275,-0.20890362758235084,-0.25969556457443627,-0.257293243230216,-0.16052558009505172,0.08061658295817146,0.052023946092371764,0.06825793142008811,-0.1581155466437874,-0.005863129380235798,0.008654912130180367,-0.03166783954961295,-0.32226388902277964,-0.179782711384034,-0.2206375984498665,-0.21639593957564132,-0.2613613796959502,-0.43678867862685933,-0.31477157702948916,0.20442289338976025,0.3259117156546133,0.09248937175247993,0.16598575188223613,0.13105761907975283,0.0381460094666114,0.2540310219505847,0.021904312031851003,0.06567437556033277,-0.15429805365698476,0.09547781323204767,-0.10122333297986176,-0.10858453915340345,-0.06094685394233272,0.18543568584731956,-0.03581309708578755,0.04041722499108288,0.01753154733787705,0.3686830613208911,0.16524924565952975,-0.08291864691081913,0.03543520384062931,0.2528742058939778,-0.07159341771663791,0.29999132387957544,0.19412337443243713,0.14152294833852294,0.007143339149547396,0.03742878351151514,-0.1395486489352472,0.17087908380168318,0.07327080099871786,0.11488147455486682,-0.11925423924884078,-0.02549815391437633,-0.49297909054977684,0.14118361562858492,-0.06173734491434741,-0.12241234708337752,-0.08340065360107199,0.15598314904610877,-0.35935526785111777,-0.2049511727222774,-0.2609256456479616,-0.45715635333018423,0.05967050022654315,-0.32877676342147627,0.0618028978242218,-0.09744440052827934,0.2537109695082568,-0.13697666123605795,0.5583199174804546,0.3338281935353263,0.3580943383494163,0.05767306450213529,0.11515525435493044,-0.16040989848939102,0.6039794472347276,-0.12574012127288325,0.4795098955973509,0.05502395573250557,0.2955838547039033,0.28063779125254257,-0.06221935160460027,0.054823440949360376
#11,0.39991323879575447,1.0,0.15510396884308755,0.5375396450502733,0.0015906220778344404,-0.07044045771355306,0.3720686763132272,0.1746078875574793,0.31375743495319713,0.25382279506039546,0.3231006526370586,-0.08498549159862338,-0.005897833861934003,-0.020049550287757994,0.07789035311810127,-0.14207436399217221,0.3172240270694957,0.019675513096121776,0.053284875594073244,0.0060212275746387356,-0.09419374740921405,-0.11662055469329914,0.06122063374239634,-0.22925973412510967,0.11244444872894836,0.2887663520769668,-0.06580162532655953,0.24047699382067422,0.02871795860526544,-0.10354467720011953,-0.31776387456257893,-0.09219245563128416,-0.23042426228876056,0.16528009408770594,0.29001185736458024,-0.18604494230379917,0.11074778517925829,0.14979418314326204,0.16733537061494413,-0.09383899048518793,-0.1772030115778007,-0.09688912882110803,-0.2660657649928181,-0.20180848910182872,-0.35739253660840814,-0.13553064116529936,0.11572595027618983,0.2944386068078625,0.019378596974926013,0.15965796805259658,-0.023045703874369775,-0.14733402099621143,-0.06302912284422507,0.07083763122632142,-0.11829408192185707,0.1823431309226572,-0.11280691776001851,0.05383629124772252,0.05781188242892811,0.08056645426238516,0.27673932114177746,0.23800911956657958,0.22462090173811614,0.06029903695063287,0.26784340566647064,0.33460711634677487,0.21106687360820567,0.2659153789054592,0.24450656975118815,0.21476482893582563,0.18914520933550558,0.003217876664128098,-0.21195762197179296,-0.3189361148332739,-0.03229637627370268,-0.005103486836397289,0.21314914251009803,0.09243924305669363,0.12958846268786212,0.017689645532279988,-0.22836512970800035,-0.2767470332488215,-0.08586852785516663,-0.19545756895105704,-0.023057272034935846,0.06757155389316803,0.1783482594738415,-0.1946747900860864,-0.16019010343863574,-0.2774835394715279,-0.05814350303182208,0.16851532299268313,-0.1508160373265981,0.22436640220566262,-0.015773186931834614,0.04915118621846471,0.11576836686493208,0.10638273259232839,0.14353195222349685,0.004929964427906259,-0.15508468857547741,-0.15969267253429478,-0.31019058544532596,0.09426701242613247,-0.029030298940549294,0.07723096796583537,-0.14395611811091938,0.2345772319319792,0.3741239528404654,0.2572546826949958,0.27682415431926194
#12,0.3535210588722971,0.15510396884308755,1.0,0.40719346784533367,-0.12203445383821927,-0.08597264130026125,-0.08413715982377835,0.08093663540049936,-0.24136774218426152,0.33766882284326105,0.07811786027590063,-0.2331427800217867,-0.030927477273384553,-0.2010796949861664,-0.12242777129746561,-0.05874119132773563,0.48684796544976044,0.35301591586091213,0.01428475027233378,-0.04340566647065061,-0.0027628623485293977,-0.06799957583411258,0.276662200071337,0.15320293445673025,0.24449114553710005,0.09556650246305419,0.22715432890208517,0.24454898633993039,-0.2350785188898422,-0.11220922946410496,-0.04158560920825581,-0.12777226147898932,0.19054110071047786,0.03180280142288375,-0.29768540387340575,-0.08142635419779627,-0.004741017805327138,-0.3111545988258317,0.13402292423818843,-0.1712569770468414,-0.30749134797990996,-0.08061272690464943,-0.10957940096208535,-0.0634185842499494,-0.132434230187115,-0.07022451871631978,0.07664484783048789,0.07800217867023994,0.36647354265277204,0.25760172751197785,0.3413359297427048,0.3067702659712917,0.4093220093894903,0.29421109965006315,-0.046432668485438575,-0.21357330839752056,0.14446897322934843,-0.017755198442154375,0.4823248146684276,0.45729517125697705,-0.04436196774411229,-0.16303972699141064,-0.2286928942573723,-0.029489169309670018,0.017126661718064647,0.0665381315492659,-0.3468423741721535,-0.06312938023579767,0.3204553999209509,0.21747949061532973,0.09800738434249467,0.4077294592848949,-0.21036892792071954,-0.045445518783800716,-0.1685230350997272,0.027248802213374723,-0.14084042686512488,0.2778267282349879,0.05729517125697705,-0.009429978888106967,-0.21196919013235904,-0.061752769128435504,0.032905632730182294,-0.14561422112538921,-0.05810494249660185,-0.0957207446039351,-0.036753974145161135,-0.17669401251289368,-0.006950536473446251,-0.1758379686310046,-0.06540059576026916,-0.12855504034395998,0.20325836522610935,-0.03535808277018885,0.022744931699651992,0.41165106571679216,0.23736130257487975,0.3878515033788669,0.40836185206250664,0.26405676110784415,0.3979582196600889,0.3280865298410342,-0.12173368166350149,0.33243230216035397,0.11439175575756992,0.289464297764453,0.28582032718614137,0.17118756808344499,0.028960889977152883,-0.20672881339592994,0.1531720860285541
#13,0.3131366103361515,0.5375396450502733,0.40719346784533367,1.0,-0.09538526794751911,-0.13261932075617208,0.026489159669536213,-0.10349069245081122,0.10749327600667097,0.2165810301446984,0.03915243943585937,-0.1182131047978946,-0.2691814562386126,-0.4010353503706631,0.10966423413956985,0.10504468202018644,0.38922811448622907,0.1798289840262983,0.038890227796361816,0.07603559137400827,0.00016002622116394975,0.10960639333673951,0.24080475837004617,0.019023840050899906,0.2251376129100672,0.19676862714854482,-0.11711027349059605,0.20055141565364928,-0.05807795012194769,0.12065398667733508,-0.424939026153683,-0.018723067876182123,-0.3146944559590487,-0.018568825735301206,-0.07990706911011924,0.027325923283815178,-0.16693048499513174,-0.0803042426228876,-0.0835896002236511,-0.26130739494664185,-0.16109241996278909,0.12666943017169077,-0.21154888029845853,-0.21487665448796428,-0.32160835992403575,-0.3655133853257883,-0.11730307616669719,-0.049193602807206964,0.12237764260167931,0.09515004868267572,0.15711682878158348,0.032331080755400886,-0.05855610075867853,0.10292770863659588,-0.1515563996028265,0.03046475085074181,-0.011674202037924287,0.07646361331495281,0.10658324737547357,0.01403025073988027,0.1643122246536782,0.02365110427732737,0.00791069380042995,0.07704202134325625,0.15071192388150348,0.14513221443513635,-0.16914000366325085,0.08775799408095784,0.40058804816210847,0.37712781853412125,0.12962702322308234,0.2874899983611773,-0.23475461039399226,-0.14710651383841208,-0.12734038348452276,0.13769774324467624,0.22747052529089104,0.2359538430393414,0.03743649561855918,0.11464625529002342,-0.4035842017487203,0.01555339188107931,-0.10065649311212439,-0.333947731194509,-0.09649581136186171,0.10244184589282099,0.11709099322298594,-0.12662315752942652,0.01876162841140235,-0.3177947229907551,-0.1059971272401261,0.2846905035041886,-0.1951452286157732,0.24826236588163844,-0.11544445836908217,0.3135067914742657,0.22909006777014065,0.15717466958441384,0.16896648125475983,0.008728177147098802,-0.2368175990282745,0.10834931988856006,-0.2818524481119798,0.1601708231710256,0.0029363847570204275,-0.058532964437546395,-0.2981095697608283,0.17767730616100952,0.2610297590930562,0.11692518292153894,0.17721457973836677
#17,-0.16145874504738125,0.0015906220778344404,-0.12203445383821927,-0.09538526794751911,1.0,0.128728562752451,0.30629211533456085,-0.17003460808036017,0.060511119894344136,-0.33583334136677817,-0.0756037133795417,0.6142134132821764,0.4077834440342032,0.1960706814610587,-0.11136860979630397,-0.22241523912351904,-0.2898460470631332,-0.06101626290572913,-0.295876914771577,-0.22524943846220585,-0.33579478083155795,-0.22816075887133314,-0.349784543009457,-0.27298352501132717,-0.3043255280383292,0.09725545390570021,-0.46339930398233925,-0.37219207002593196,-0.11342003027002015,0.05148024254576654,-0.011867004714025431,0.31515332632816945,0.13117330068541352,0.4808903627582351,0.1083570319956041,0.005492948242121601,0.14845227651759807,0.4002371472916044,-0.2040951288403883,0.11978637463487993,-0.09196494847348481,0.06969623938380265,-0.016706351884164153,0.07531450936539,0.051102349300608294,-0.05694812643999499,-0.19652569577665738,-0.22145508179653534,-0.20457327947711915,-0.3005388834797027,-0.4344943267812557,-0.4025122188695979,-0.3460133226649186,-0.285596676081864,-0.42322308233638284,0.08165386135559562,-0.11279920565297447,-0.015522543452903126,-0.06961526225984016,-0.21265556765927912,-0.03439021333616111,0.2674655124213124,0.4391755757569915,0.14044325335235652,-0.22192937637974416,-0.2367828945465763,0.2721274811294381,0.1709677730326897,-0.15810397848322136,0.008300155206154262,0.03615242979572556,-0.22888569693347344,-0.14365920198972362,-0.09100479114650112,0.08520914270290071,0.13060646081767616,0.30226639545756895,0.12946121292163534,-0.0784841853604928,0.08453433333654671,-0.04699950835317594,0.3559079560024293,-0.06882477128782548,0.31632171054534236,0.5708906519622492,0.2903781824491724,0.34347603944742755,-0.06368465194296896,0.04317430325932924,0.10800613112510002,0.27301437343950336,0.28845015568816096,0.1397298834507823,0.21053859427568855,0.27056963550654084,-0.38279621721149487,0.03383494162898981,-0.2937213808527662,-0.38861885802974944,-0.12127095524085875,-0.12573626521936124,0.11704857663424369,0.2050861345955482,-0.05647383185678617,0.2033200620824617,-0.23916207956966443,0.10917837139579498,0.05412935131539626,-0.08761532010064299,0.1521001031494317,0.05933887962364918
#18,-0.3461791329663656,-0.07044045771355306,-0.08597264130026125,-0.13261932075617208,0.128728562752451,1.0,0.0934610972400297,-0.2502867939807005,-0.16421582331562762,-0.0558722875073506,0.0032757174669584416,0.22449750802541138,0.3611521887923804,0.18133670095340923,-0.029296366633568875,0.15122477899993253,-0.1847724446415316,0.03608302083232915,0.2235180704308176,0.1284432147918213,-0.19799870822207014,0.013104797894594776,0.03619870243798984,-0.029527729844890247,-0.12322597437652434,-0.13890083194354738,-0.10139299933483077,-0.0505972062892233,0.4733633462832464,0.42523594227487876,0.26401434451910194,0.21618385663193004,0.028991738405329065,-0.042958364262095955,0.0967464548407932,0.2725516470168606,-0.09512305630802155,-0.03378095687968149,0.14453838219274484,0.1279033672987381,0.10639815680641647,0.29326636653716753,-0.040552186864353676,0.2218522553093037,-0.015113801779568701,-0.011226899829369632,0.12421312407816221,0.022189659992480695,0.10507938650188464,-0.015271899973971638,0.21862088245784853,0.1523815950565394,0.016440284191144572,-0.1017361880982908,-0.011762891268930813,0.0655933984363703,0.021958296781159323,-0.10618992991622724,0.12172211350293542,0.13617074604995516,0.025787357928528046,0.06657283603096412,0.19779048133188087,-0.03765629066931449,-0.05920391775037837,0.07556129679079945,0.12229666547771684,0.03133621894671898,-0.05354323118004878,0.1684613382433748,-0.09510377604041144,-0.051476386492244515,-0.1321141777447871,-0.12513086481640365,-0.07186719751670154,0.1561065427588135,0.04024755863611387,0.16961429824645965,0.12538150829533515,0.41769735763932403,-0.055478970048104266,0.4744893139116771,-0.20938949032612572,-0.11906529262626166,0.12593678000250644,0.15635333018422296,0.054117783154830186,0.2860786827721169,0.40125128936789645,-0.11411411990398426,0.21528539616129871,-0.06817695429612564,0.004220450579854048,0.12525040247558636,0.06550085315184175,0.03700461762409262,0.1877493179605333,-0.13104990697270877,-0.03843521348076311,-0.14017332960581494,0.021495570358516576,-0.07748161144476685,0.1714729160440747,-0.10666036844591403,-0.011253892204023792,-0.157537138615484,0.010818158156035205,-0.0815150434288028,-0.20900388497392344,0.053755314123760035,0.22692296569076378
#26,0.28334859687852465,0.3720686763132272,-0.08413715982377835,0.026489159669536213,0.30629211533456085,0.0934610972400297,1.0,0.20810156844977007,0.2291671888405811,0.17850635766824444,0.472954604609912,0.22425457665352394,0.3970173426007153,0.4685587035948059,0.04355990861153153,-0.3010517385981317,-0.05459978984508305,0.11574523054379995,0.05178101472048432,-0.11244444872894836,-0.07929781265363964,-0.130749134797991,-0.11943547376437585,-0.3973219708289551,-0.07995334175238353,-0.06028746879006681,0.04056761107844177,0.280198201151032,0.0006073284297186045,-0.11476579294920614,-0.22024428099062016,0.013983978097615994,0.06537745943913702,0.4630329788977471,0.3759632903704703,-0.08268728369949775,0.2381479374933724,0.44726943209971753,0.006680612726904649,-0.002014787965256958,-0.0006767373931150164,-0.013868296491955309,0.0126536396325181,0.018638234698697617,-0.12108200861827963,-0.19535731155948444,0.14095225241726356,0.43329123808238457,-0.014361871342774238,0.04709205363770449,-0.017126661718064647,-0.14834430701898144,-0.052972535258789394,-0.11644703228480811,-0.1313738154685587,0.15263223853547087,-0.14500882072243163,-0.06841988566801308,-0.23692171247336913,-0.14045096545940058,0.09795339959318636,0.12530053117137266,0.5024765503745192,0.2360039717351277,0.16521839723135356,-0.017346456768819952,0.48131067259213556,0.6018856101722692,-0.0011548880298458543,-0.08661660223843907,0.30939238236626726,-0.11218994919649485,-0.027048287430229533,0.15459882583170254,0.12927997840610028,0.0561422112538922,0.29026635689703373,0.03491078056163419,0.2062005340634128,-0.02355855899279882,-0.04625914607694755,-0.16521454117783155,-0.14984816789257036,0.1972737701599298,0.29470467450088206,0.17134566627784795,0.18464133882178285,-0.2100758678530458,-0.14824790568093085,-0.054256601081623015,0.024607405550789045,0.06867052914694456,-0.13990726191279534,0.10113078769533321,0.11810899135279998,-0.13824144679128147,-0.207920333934235,-0.015264187866927592,-0.21628411402350264,0.28495657119720824,-0.10179402890112114,-0.12921056944270387,0.06213066237359374,0.0781641329181649,-0.10711538276151272,0.114407179971658,0.05889157741509452,0.2926224055989897,0.040266838903723984,0.1342041587537235,-0.02867554201652319
#49,0.6412520605786008,0.1746078875574793,0.08093663540049936,-0.10349069245081122,-0.17003460808036017,-0.2502867939807005,0.20810156844977007,1.0,0.2979437594593813,0.5221655596579681,0.28059537466380036,-0.24466081189206906,0.09965391919639845,0.4126035109367318,0.1111526707990707,-0.2125514542141845,0.48541736959308995,0.196124666210367,-0.019926156575053262,-0.2275669266289416,0.07006256446839482,-0.26378298130778055,0.05264477070941745,-0.2666056124859013,0.10107294689250287,-0.14436871583777583,0.4495252234101009,0.2983640692932818,-0.035951915012580375,-0.4221742357783926,0.10094184107275408,-0.3036314384043651,0.12407430615136938,0.03948020398523131,0.12221568835375435,-0.40494538864199436,-0.014223053415981414,0.013968553883527903,-0.06346100083869165,-0.2674308079396142,-0.06671551001127896,-0.3764992818100315,-0.04715375049405686,-0.2101259965488321,-0.15046899250961604,-0.24345772319319792,0.21052702611512247,0.3336855195550114,-0.263856246324699,0.11744189409349001,0.027376051979601478,-0.04726943209971755,0.2399641387022452,-0.1276488677662846,0.11990976834758467,-0.20065167304522186,-0.032381209451187186,-0.23518648838845882,-0.21995507697646843,-0.0681538179749935,0.21803861837602306,0.08652791300743254,-0.04169357870687245,-0.025193525686136524,0.44700722046022,0.13800237147291605,0.04460104306247771,-0.08497392343805732,-0.07529522909777987,-0.33839376090540135,0.2099563301938631,-0.1611117002303992,0.3571457491829987,-0.09083898084505412,0.16464384525657216,-0.18713234939700962,0.07328622521280595,-0.1214329094887837,0.16519911696374345,-0.23825205093846702,0.35413031532877676,-0.4910510637887654,0.2782663183364985,0.07650602990369507,-0.05286070970665073,-0.16751274907695718,0.09539683610808518,-0.20959771721631495,-0.2846288066478363,-0.012765465184656762,-0.45610750677219397,-0.14693684748344307,-0.32720349358449097,-0.20799745500467545,-0.07235306026047642,0.09909093538218311,-0.3453963541013949,0.5045626753299336,0.2071259869086983,0.3097201469156392,0.15708212429988527,-0.06841988566801308,-0.0033142780021786704,0.45984402263503416,-0.06433246893466882,0.5102310740073073,0.19577762139338495,0.2396325180993512,0.17739967030742387,-0.08576827046359403,-0.004401685095389124
#50,0.20893061995700501,0.31375743495319713,-0.24136774218426152,0.10749327600667097,0.060511119894344136,-0.16421582331562762,0.2291671888405811,0.2979437594593813,1.0,-0.046825985944684914,0.20667868470014364,0.19606296935401463,0.15535846837554104,0.2094704674500882,-0.010868286851821504,-0.29227921683552965,-0.011018672939180395,0.2343574368812239,-0.09563205537292857,-0.40218059826670394,-0.11803187028235952,-0.3211996182507013,-0.2527006834854868,-0.5159496013804672,0.06979649677537524,-0.024167815449278436,-0.11760770439493701,-0.04547251115845488,0.14448439744343652,-0.18928788331582042,-0.28563138056356224,-0.17281096661621664,-0.05107921297947615,0.0954508208573935,0.23623533494644905,-0.3059682068387109,0.054071510512565917,0.11758071202028283,0.010093220093894904,-0.12961931111603828,0.14046638967348868,-0.08072069640326608,-0.033376071259869085,-0.34996192147147004,-0.11645474439185216,-0.2842971860449423,-0.19712724012609295,0.05481958489583835,-0.290987438905652,-0.28529975996066825,-0.38590419635024537,-0.33835134431665914,-0.25425852910838403,-0.2175874601139464,-0.09687756066054197,-0.04635554741499812,-0.1879845372253767,-0.18651538083348596,-0.34166369429207677,-0.3908553690725227,0.07973354670162822,0.2109010633067587,0.1166629712820414,-0.08794308465001494,0.16697290158387398,-0.153160517867988,0.2602354120675195,0.1449394117590352,-0.029766805163255666,-0.26182796217211496,0.3016340026799572,-0.08054331794125302,0.014558530072397404,0.14930446434596512,0.036194846384467814,0.036996905517048574,0.3084900658421139,-0.06953428513587769,-0.08949707421939017,-0.20675580577058408,0.24565181764722893,-0.17373641946150212,-0.0034800883036256542,0.3453655056732187,0.12356145103294033,-0.13145479259252119,0.16418883094097347,-0.1166822515496515,-0.16759372620091967,0.14520547945205478,-0.36959694600561055,0.21543963830217963,-0.3974106600599616,-0.06696615349021044,-0.2727714420676159,0.058718055006603494,-0.1339188107930938,0.19113107689934736,-0.2615811747467055,0.08586852785516663,0.03414342591075164,-0.0529571110447013,-0.013876008598999354,0.029388911918097425,0.30726769687563266,0.028872200746146357,0.1514060135154676,0.22593581598912593,0.2546557026211524,-0.0061330531267774,-0.2740169473552293
#51,0.6876403844485361,0.25382279506039546,0.33766882284326105,0.2165810301446984,-0.33583334136677817,-0.0558722875073506,0.17850635766824444,0.5221655596579681,-0.046825985944684914,1.0,0.3616033470544571,-0.2787406129197073,-0.07239933290274068,0.09329143088506069,0.02655085652588858,-0.1910848042570831,0.6486595393944068,0.11435705127587172,0.07937107767055807,-0.0923004251299008,0.21808874707180936,-0.06422064338253015,0.3820172944000463,-0.03936452237957063,0.35403005793720416,-0.16701917422613827,0.5797287266347257,0.4239827248802213,-0.028039293185389412,-0.19677633925558888,-0.10652155051912121,-0.2532135386039158,0.026454455187838007,-0.2484397443436515,-0.12649205170967773,-0.17749607164547443,-0.21020311761927254,-0.214996192147147,0.03841207715963098,-0.429319502954701,-0.20866840831750744,-0.22965690763787802,-0.22039852313150107,-0.13056018817541187,-0.19189071944318586,-0.26188965902846734,0.3148602662604957,0.28701184772444643,0.12373882949495339,0.3284297186044942,0.3833977615609305,0.3277317729170081,0.4602527643083686,0.07796361813501972,0.14113734298632066,-0.24918781872692394,0.2762611705050466,-0.05338513298564584,0.2151812827162041,0.15507697646843338,0.2369988335438096,-0.08436852303509973,-0.10698813299528598,-0.038439069534285136,0.29666740574359174,0.1780320630850356,-0.07264612032815015,-0.08768858511756143,0.3111815912004859,-0.05633501392999335,0.32633973759555784,0.2559204881763759,0.11221308551762699,-0.1317941253024592,-0.005724311453442973,-0.06819623456373575,-0.014412000038560534,0.15549728630233386,0.17792409358641897,-0.11724909141738887,-0.09129013910713081,-0.3081545891856979,0.050840137661110736,-0.2970761474169262,-0.1145575660590169,0.10838788042378028,0.10305881445634466,-0.2162571216488485,-0.16690349262047757,-0.3545891856978975,-0.41406109916805645,-0.020851609420338754,-0.14065148024254576,0.1558404750657939,0.06529648231517453,0.4098348645079194,-0.159565422768068,0.5045318269017574,0.4769494760587277,0.2947586592501904,0.12007172259550962,0.09280556814128581,-0.17675956542276808,0.5736323060164075,-0.1219033480184705,0.5030163978676024,-0.011836156285849248,0.235213480763113,0.21520441903733623,0.014361871342774238,0.14100238111304986
#52,0.291997724928422,0.3231006526370586,0.07811786027590063,0.03915243943585937,-0.0756037133795417,0.0032757174669584416,0.472954604609912,0.28059537466380036,0.20667868470014364,0.3616033470544571,1.0,-0.3401714015790539,0.059404432533523566,0.2011143994678646,-0.05052008521878284,-0.11345087869819633,-0.04110745857152497,0.03510743929125736,0.15035331090395535,0.07036719269663463,0.11970154145739542,0.14814379223583624,0.002172886159659896,-0.18412077159630977,0.12129023550846886,-0.06115893688604398,0.3581251867775925,0.5433314374403516,0.22790625933887962,-0.11965141276160914,-0.09308706004839347,-0.16417340672688538,-0.11051642196793691,0.09725930995922223,0.20915812711480436,-0.17510146240829821,0.09376958152179152,0.1099071655114573,0.16744334011356077,-0.1299740680400644,-0.003391399072619128,-0.1741027445460943,-0.05896869848553498,-0.07136976661236058,-0.06108181581560352,0.08725285106957284,0.1531065331186797,0.5171989627216026,0.05266405097702756,0.393936355836619,0.18710150096883343,0.15592916429680043,0.3924864797123384,0.1579960089846047,0.09658450059286823,0.10711923881503475,0.07643276488677662,0.16024408818794406,-0.03153673372986417,0.08402147821811767,-0.06181832203830989,-0.009530236279679562,0.052552225424888896,0.10639044469937242,0.3260659577954942,0.12086606962104635,0.20895761233165916,0.2981327060819604,0.0505316533793489,-0.0917952821185158,0.07279650641550904,0.011165202973017265,-0.1917056288741288,-0.1216334242719289,-0.06334531923303095,-0.0023155601399747427,0.03718199608610567,0.10377218435791889,0.08849450030366421,-0.04834527103236193,0.16856545168846943,-0.2070604339988239,0.1651374201073911,-0.005022509712434809,-0.021811766747322454,-0.12142134132821764,-0.06430933261353668,-0.00014074595355383532,-0.24038059248262367,-0.07944048663395448,-0.022922310161665044,-0.16856545168846943,0.016440284191144572,-0.041971214560458096,-0.03608302083232915,0.14740728601312986,-0.09207677402562348,0.12547019752634167,0.10876962972246054,0.3026327205421611,0.04878871718739456,-0.20024678742540947,-0.09976188869501508,-0.08207802724301813,-0.1855282311318481,0.14825561778797489,0.003187028235951915,0.15040729565326366,-0.024800208226890188,0.21630339429111275,0.16674925047959666
#53,-0.27904909720146914,-0.08498549159862338,-0.2331427800217867,-0.1182131047978946,0.6142134132821764,0.22449750802541138,0.22425457665352394,-0.24466081189206906,0.19606296935401463,-0.2787406129197073,-0.3401714015790539,1.0,0.5471759228018085,0.23818649802859262,-0.24644230861924363,-0.465034270675677,-0.13179026924893716,-0.024198663877454618,-0.41046725728553113,-0.3471971310961796,-0.21953476714256795,-0.24845516855773958,-0.33411354149595596,-0.41229502665497,-0.2963936259435281,-0.08766159274290727,-0.5225126044749501,-0.5385884916082635,-0.1307838392796892,-0.06925664928229204,-0.12249332420733999,0.17046648607482673,0.2584153548051247,0.26927014546961914,0.006337423963444612,-0.025062419866387745,-0.022868325412356724,0.20256813164566725,-0.25514156536492727,-0.04252648626762939,0.05734529995276334,0.00793768617508411,0.14141883489342832,0.15223892107622453,0.07155485718141767,-0.27626502655856866,-0.17488937946458696,-0.304468202018644,-0.23409136918820433,-0.40669989299451476,-0.4524789604079705,-0.3407845140890556,-0.5387311655885784,-0.39316514513221446,-0.4250547077593437,-0.10816422931950295,-0.11913470158965807,-0.06135559561566715,-0.017778334763286514,-0.36701724619937726,0.19217221135029355,0.3140042223786066,0.357882255405705,-0.0014980767933058911,-0.42616139512016427,-0.44769359798714004,0.3845121610287951,0.15387388776956223,-0.06935305062034261,-0.09895982956243432,0.2848524577521136,-0.06042628671685963,0.015838739841709002,0.16233021314335844,0.19139714459236695,0.329571110447013,0.34688093470737374,0.1595114380187597,-0.19838431357427241,-0.16801017998129814,-0.14055893495801722,0.4401241649234091,-0.4018027050215457,0.2997946651499523,0.7686753492138471,0.609250672399333,0.43150974135521003,-0.0219544407276373,0.013451842711576836,0.20879951413725623,0.09071173107882738,0.443467363327003,-0.045719298583864344,0.3233975687582544,0.1820693511225936,-0.2065205865057407,-0.19225704452777806,-0.1886246421100325,-0.3458320881493835,-0.15731734356472868,-0.12351517839067606,0.11698302372436929,0.16844591402928671,0.17205903617942217,0.40899424484011837,-0.13268101761252446,0.22221858039389586,0.14895356347546104,0.1603559137400827,0.05695969460056106,-0.19110022847117117
#54,-0.16601660031041232,-0.005897833861934003,-0.030927477273384553,-0.2691814562386126,0.4077834440342032,0.3611521887923804,0.3970173426007153,0.09965391919639845,0.15535846837554104,-0.07239933290274068,0.059404432533523566,0.5471759228018085,1.0,0.6799205652974464,-0.30414814957631614,-0.44496351209354784,-0.12392392006401048,0.1745423346476049,-0.2732611608649128,-0.1812788601505789,-0.3772743485679581,-0.32863794549468345,-0.3482459776541698,-0.4831345859080524,-0.35635140215746197,-0.1898740034511679,-0.04022442231498173,-0.05935815989125929,0.014095803649754659,-0.23982146472193033,0.13685712357687524,0.0017294400046272641,0.1603906182217809,0.1155678520817869,-0.02306498414197989,-0.2683408365708116,0.005631766168914425,0.13181340557006932,-0.06902914212449268,-0.13784427327851312,0.0017872808074576075,0.0058785535943238895,0.22982657399284703,0.21948463844678165,0.19133159168249256,-0.14623890179595692,0.030769379078981616,0.10432745606509018,-0.11028120270309352,-0.10959482517617344,-0.16833023242362605,-0.15222349686213646,-0.1736515862840176,-0.3750108451505307,-0.3974106600599616,-0.26108759989588654,-0.016883730346177205,-0.1641271340846211,0.12653061224489795,0.04074498954045482,0.020022557913103835,0.18825060491839626,0.2955183017940289,0.08142249814427424,0.04051748238265547,-0.16512970800034704,0.42435290601833553,0.28694243876105,-0.07765898990677991,-0.29525994620805335,0.31382684391659355,-0.04193651007875989,-0.0602527643083686,0.05085556187519883,-0.021079116578138105,0.09393153576971648,0.05143011384998024,0.1849189746753685,0.10844957728013264,-0.10198297552370027,0.15194200495502877,0.11701387215254548,-0.17126468915388546,0.2514898826795716,0.6325682280470053,0.24560554500496468,0.18429043795127875,-0.10261151224779,0.06931449008512239,0.12976584114987516,0.20288432803447312,0.059817030260380016,0.13219515486874958,0.004320707971426643,0.20179306488774065,-0.23355537774864316,-0.24339988239036758,-0.005944106504198278,-0.1773071250228953,-0.057915995874022734,0.11728379589908708,-0.14900754822476936,0.11953958720947047,0.0726037037394079,0.1884434075944974,0.012337443243712222,0.3104065244425593,0.12406659404432534,-0.06139415615088738,0.05767692055565731,-0.01580789141353282
#58,0.03693135260717419,-0.020049550287757994,-0.2010796949861664,-0.4010353503706631,0.1960706814610587,0.18133670095340923,0.4685587035948059,0.4126035109367318,0.2094704674500882,0.09329143088506069,0.2011143994678646,0.23818649802859262,0.6799205652974464,1.0,-0.20150771692711095,-0.3779453018807901,-0.13103833881214272,0.1743726682926359,-0.1522967618790549,-0.2383176038483414,-0.27095909691226516,-0.39456874861423075,-0.22693838990485188,-0.27693983592492266,-0.20368253111353185,-0.26923929704144295,0.15695487453365853,0.03237735339766516,0.1033711547916285,-0.2563986388131067,0.02033875430190971,-0.12218483992557817,0.13319772878447553,0.09547010112500362,0.15992403574561614,-0.22617489130749135,-0.006368272391620796,0.15456412135000433,-0.17992924141787087,-0.0848698099929627,0.05699825513578129,-0.020400451158262077,0.20987920912342264,0.16268882612090657,0.24112095475885206,0.002176742213181919,0.1196128522263889,0.27670461666007923,-0.06327976632315657,0.0015404933820481429,-0.0652579217799543,-0.005543076937907898,-0.023296347353301265,-0.2594911937377691,-0.132268419885668,-0.2426479519535731,0.005311713726586525,-0.17179682453992462,-0.11426450599134316,-0.04930542835934563,0.08057031031590718,0.19415036680709127,0.251389625287999,0.0572026259724485,0.055143493391688274,-0.13965661843386387,0.5096488099254818,0.31158262076677623,-0.25054129351315396,-0.4937657254682695,0.2274473889697589,-0.21731368031388276,0.080539461887731,0.0755535846837554,0.011215331668803563,-0.045156314769649,0.009106070392257045,0.005330993994196639,0.1461193641367742,-0.10694957246006574,0.36349281328024835,-0.10607424831056655,0.04334782566782027,0.2892637829813078,0.39098261883874946,0.08493921895635911,0.15773379734510715,-0.019220498780523072,-0.03271283005408115,0.1566656705195068,0.11342003027002015,-0.16368368792958846,0.04819102889148101,-0.14749983129765842,0.23106436717341636,-0.17587652916622482,-0.3113049849131906,0.21804247442954508,-0.037405647190383,0.03558173387446618,0.17490480367867506,-0.3533089759285859,0.1398108605747448,0.11640461569606586,0.06070006651692326,0.20932779346977337,0.34413542459969343,0.14788158059633869,-0.1413956985722962,-0.026516152044190375,-0.15298313940597497
#101,0.08372070604339989,0.07789035311810127,-0.12242777129746561,0.10966423413956985,-0.11136860979630397,-0.029296366633568875,0.04355990861153153,0.1111526707990707,-0.010868286851821504,0.02655085652588858,-0.05052008521878284,-0.24644230861924363,-0.30414814957631614,-0.20150771692711095,1.0,0.40335669459092094,0.04163573790404211,-0.008327147580808422,0.567478044595259,0.08594564892560709,0.43379252504024757,0.04784784012802098,0.4690715587132349,0.11459227054071511,0.3724812740400837,0.16411556592405502,0.06509596753202934,0.014890150675291373,0.2101414207629202,0.2211813019964717,0.2402379185023088,0.24525078808093856,-0.039553469002149746,0.1057117792794964,0.4297937975379098,0.2121966972901584,0.4965767884858242,0.18365033306662296,0.1439599741644414,0.24735233725044103,-0.04286581897756741,0.22452835645358757,-0.015591952416299537,0.001906818466640317,-0.22720445759787145,-0.1774883595384304,-0.12266684661583102,-0.008049511727222774,-0.20477765031378636,-0.28737046070199457,-0.05665506637232125,-0.3059065099823586,-0.12718614134364184,0.049212883074817075,0.4252050938467026,0.2565297446328555,-0.2464345965121996,-0.2670066420521917,-0.3891664176298767,-0.011893997088679591,0.1597775057117793,0.02689790134287064,0.3052625490441807,0.19189457549670788,0.13737769080234832,0.32212121504246477,-0.1168326376370104,-0.026890189235826593,0.24121735609690262,0.3792062313824916,-0.036842663376167664,-0.25369554529416866,0.11082490624969875,-0.07814870870407681,-0.09648424320129563,-0.4645214155572479,-0.014631795089315839,-0.3169849517511303,0.3687139097490673,0.2682752836609372,0.0033798309120530593,-0.1574754417591316,0.2667058698774739,-0.15818495560718382,-0.505141083358237,-0.36747997262202,-0.2232018740420117,-0.19803726875729036,0.1736323060164075,0.024445451302864084,-0.1256437199348327,-0.19390743543520383,-0.18537784504448923,-0.11604214666499571,-0.1969999903598662,-0.09013717910404596,0.31464047120974037,-0.18200765426624121,-0.16841892165463257,-0.13571573173435647,-0.3266405097702756,0.0033451264303548532,0.08411402350264621,-0.19248069563205536,-0.18267475152555118,-0.027194817464066403,-0.22472501518321075,-0.002454378066767567,0.022536704809462755,-0.0233696123702197,-0.008678048451312504
#102,-0.19899357003075202,-0.14207436399217221,-0.05874119132773563,0.10504468202018644,-0.22241523912351904,0.15122477899993253,-0.3010517385981317,-0.2125514542141845,-0.29227921683552965,-0.1910848042570831,-0.11345087869819633,-0.465034270675677,-0.44496351209354784,-0.3779453018807901,0.40335669459092094,1.0,-0.22305534400817484,-0.16447417890160315,0.3706997773129091,0.6337867409599646,0.015468558703594806,0.49482228413330376,0.22078027243018133,0.5990552668871044,-0.026720522880857585,0.34302488118535085,-0.027121552447147968,0.1969151571823817,0.3623090048489873,0.52653446829842,0.18023386964611068,0.3697704684141016,-0.3379850192320669,-0.04563446540637984,0.13321700905208564,0.3879748970915716,0.02260996982638119,0.05205093846702592,0.05397510917451534,0.4401742936191954,0.11910770921500391,0.35764703614086163,0.07234149209991035,0.10078374287835115,-0.0978608543086578,0.3240723781246084,-0.12475682762476743,-0.045318269017573964,0.17763488957226725,0.1333442588183124,0.22007461463565114,0.1417890160315425,0.006225598411305949,0.4252089499002246,0.2625914607694755,0.43897891702736835,-0.08727984344422701,0.13813733334618686,-0.15245871612697984,0.15045742434904996,-0.31858907001629183,-0.39452633202548854,-0.10075675050369699,0.10672592135578841,0.12742136060848525,0.4209595789189554,-0.4031291874331216,-0.1493198885600532,-0.07702274107564613,0.44433497536945815,-0.6002313632113214,-0.12477996394589957,-0.052347854588221686,-0.05346996616313034,-0.11595345743398919,-0.16246517501662924,-0.3360222879893573,-0.24771480628151119,0.013903000973653514,0.57844080475837,-0.0897053011095794,0.23986002525715058,0.14885716213741046,-0.45168461338243376,-0.5751862955857827,-0.3344914347411142,-0.40253149913720804,0.3186353426585561,0.34843492427674894,-0.0368156710015135,0.29836021323975975,-0.2793768617508411,-0.032601004501942484,-0.28644886391023106,-0.27795012194769264,-0.09359220305977847,0.45183885552331465,-0.36583729382163827,-0.0792245476367212,-0.32996442790625935,-0.15530833967975474,-0.1749626444815054,0.1840976352751776,-0.4488504140437469,-0.18052692971378442,-0.4193940211890141,-0.4222590689558771,-0.3549940713177099,-0.28723164277520175,-0.21133294130122526,-0.017643372890015715
#201,0.6477379426026433,0.3172240270694957,0.48684796544976044,0.38922811448622907,-0.2898460470631332,-0.1847724446415316,-0.05459978984508305,0.48541736959308995,-0.011018672939180395,0.6486595393944068,-0.04110745857152497,-0.13179026924893716,-0.12392392006401048,-0.13103833881214272,0.04163573790404211,-0.22305534400817484,1.0,0.16499089007355422,-0.04294679610152989,-0.22245379965873927,0.05776175373314182,-0.20311569124579448,0.4267050986667695,-0.032789951124521606,0.3586071934678453,-0.07428494307500988,0.26137294785651627,0.17849093345415634,-0.19248840773909942,-0.30058130006844497,-0.049625480801673526,-0.30514686743852004,0.14678646139608417,-0.21600262211639498,-0.2248059923071732,-0.22276999604754513,-0.21971985771162503,-0.3252253381276932,0.0645137034502039,-0.39676284306826176,-0.36493497729748486,-0.29729594246768143,-0.24528163650911475,-0.2501556881609517,-0.3432022596473639,-0.32988345078229686,0.22936384757020428,0.13791368224190953,0.0588877213615725,0.11190845728938717,0.20119152053830508,0.12127481129438077,0.2263831181976806,0.051144765889350546,-0.02378606615059817,-0.31848881262471923,0.023203802068772716,-0.14316177108538267,0.1907146231189689,0.10724648858126151,0.35423057272034936,-0.019235922994611167,-0.18853595287902597,-0.033075299085151305,0.17932384101491328,0.1192079666065765,-0.22732399525705416,-0.20935478584442752,0.336315348057031,0.13717717601920315,0.2775606605419683,0.20301543385422188,0.1243133814697348,-0.24468780426672324,0.012013534747862301,-0.07237619658160856,0.07399573906085817,0.12280952059614587,0.17920044730220855,-0.23308108316543433,-0.25874697540801866,-0.3277664773987063,-0.08752277481611445,-0.21154888029845853,-0.031879922493324206,0.10974521126353234,0.09876702688633318,-0.4057397356675311,-0.2517983669613334,-0.3075376206221742,-0.48181195954999856,0.20083676361427896,-0.1787184406119557,0.16746262038117088,-0.08028110630175547,0.4338156613613797,-0.09330299904562675,0.572868807419047,0.4749983129765841,0.2698755458725767,0.02367809665198153,0.30246691024071415,-0.27609921625712164,0.7386906770265971,-0.06692373690146819,0.5921992037249477,0.06049183962673402,0.2973345030029017,0.386686975215216,-0.062300328728562754,0.12708974000559128
