,#10,#11,#12,#13,#17,#18,#26,#49,#50,#51,#52,#53,#54,#58,#101,#102,#201,#202,#301,#302,#401,#402,#501,#502,#601,#602,#701,#702,#801,#802,#901,#902,#1001,#1002,#1101,#1102,#1201,#1202,#1301,#1302,#1401,#1402,#1501,#1502,#1601,#1602,#1701,#1702,#1801,#1802,#1901,#1902,#2001,#2002,#2101,#2102,#2201,#2202,#2301,#2302,#2401,#2402,#2501,#2502,#2601,#2602,#2701,#2702,#2801,#2802,#2901,#2902,#3001,#3002,#3101,#3102,#3201,#3202,#3301,#3302,#3401,#3402,#3455,#3501,#3502,#3601,#3602,#3701,#3702,#3801,#3802,#3901,#3902,#4001,#4002,#4101,#4102,#4201,#4202,#4301,#4302,#4401,#4402,#4501,#4502,#4601,#4602,#4701,#4702,#4801,#4802
#10,1.0,0.6050861345955482,0.3129900803023146,0.27074315791503184,0.23482016330386665,0.11506270907040189,0.10582360483163507,0.6016041182651615,-0.023234650496948898,0.49315261295826784,0.6317700249679465,0.18444082403863765,0.12641107458571524,0.10481717486238709,-0.276662200071337,-0.1664369101443128,0.4103284393587383,0.2560862984778229,-0.09269759864266916,0.06757540994669006,-0.2441132522919418,0.03475653842075328,0.14010006458889648,0.20140745953553835,0.17972487058120368,0.29924710554982503,-0.2864912804989733,-0.33328448998872107,0.16711943161771087,-0.1513558848196813,-0.04778614327166861,-0.10571949138654045,0.10219505846741153,-0.3190865009206328,-0.08387109213075877,0.0010507745847512363,-0.2896763807081642,-0.005223024495579999,-0.37795301398783415,-0.1723482401935739,0.054900562019800835,-0.12456016889514426,-0.32122275457183347,-0.19776734501074875,-0.23012949604234617,0.10238400508999065,-0.36411749395081605,-0.2046349763334715,-0.06521936124473408,0.04784012802097693,0.32152352674655127,0.17507061398012205,0.05316919398841256,-0.18566704905864093,-0.2368677277240608,0.07113454734751719,-0.18601023782210097,0.08516672611415846,-0.31305948926571103,-0.1488108894951462,-0.011893997088679591,-0.09758707450859418,0.20638176857894788,0.2255617787974897,0.20367481900648782,-0.08697135916246518,0.08524384718459892,0.12204602199878534,0.3591778893891047,0.17173512768357224,0.30466100469474516,0.23522119287015703,-0.1546605226880549,0.09388526312745221,-0.09001378539134124,-0.08043149238911436,-0.21187664484783048,-0.2565952975427299,0.19173262124878293,0.27679330589108575,0.023350332102609585,-0.11042387668340836,0.1564612996828396,0.1820847753366817,0.33210839366450406,0.1350447784215245,0.09216931931015203,-0.03493777293628836,-0.03675783019868316,-0.17832512315270935,-0.17815931285126238,0.15267851117773515,0.08596878524673922,-0.10248811853508527,-0.08059730269056134,0.2984990311665526,0.09693925751689433,0.11535191308455361,0.020674230958325702,-0.07207156835336874,-0.006325855802878544,0.04342494673826073,-0.1068068984797509,0.2174216498124994,0.1883894228451891,0.12095861490557488,0.019548263329895017,0.0032371569317382123,-0.07263069611406206,-0.10843415306604455,-0.09558192667714228
#11,0.6050861345955482,1.0,0.3142857142857143,0.42702900716261943,0.2924334589764106,0.32375232568228046,0.2985992885581252,0.3922358362334069,0.34526910433516816,0.7421572691428957,0.38153914376331544,0.35434239827248804,0.48179267928238845,0.34612514821705725,-0.38788235180704306,-0.3458783607916478,0.36238612591942776,0.1463160228663974,-0.006711461155080833,0.04740053791946632,-0.2902586447899897,-0.13596637521328797,0.0030096497739388623,0.0406910047911465,0.1178274994456923,0.15655770102089017,-0.1614664571544253,-0.010995536618048259,0.09654979611117002,0.033769388719115424,0.12804989733257496,-0.050643478931487566,0.04714218233349079,-0.08854462899945051,0.12113599336758794,0.15761425968592443,-0.12495734240791262,0.04864218715355769,-0.3129862242487926,-0.1587710757425313,-0.08635439059894151,-0.08466929520981752,0.04655606219814331,-0.06676563870706526,-0.22819761136544914,0.045171738983737095,-0.09926831384419615,0.0494519583931825,-0.010066227719240744,0.030831075935333983,0.2969990263464857,0.15978521781882332,-0.13191751901516394,-0.17045877396778267,-0.3846047063133236,-0.01431174264698794,-0.3079000896532444,-0.11873752807688971,-0.34526139222812413,-0.22784070642900522,-0.1457800314268362,-0.13426585561007587,0.4057782962027513,0.1760037789324516,0.19113493295286937,0.05394426074633916,0.2606750021690301,0.42596088033701907,0.12493420608678048,-0.05690185379773071,0.23752711287632672,0.20365168268535566,-0.27519304367944625,-0.0681229695468173,-0.1666220007133699,-0.027746233117715673,-0.3555339188107931,-0.36259820886313904,0.25955289059412145,0.26127654651846566,-0.009410698620496852,0.16755130961217743,0.3435647286784341,0.12029922975330898,0.4037924286389095,0.20906943788379784,0.033349078885214926,-0.08854848505297254,-0.07564227391476194,0.16052943614857373,0.0758736371260833,0.23388699835153712,0.1509818476280451,-0.13372600811699267,-0.21412858010469185,-0.0028554076330579467,0.18273644838190353,0.13337896330001062,0.1966452334358401,0.030325932923948983,0.07792120154627746,0.028606133053126776,-0.04149306392372726,0.3031648559282003,0.22863119740101992,0.10147397645879325,0.010471113339053146,-0.1609805944106504,-0.19785217818823325,-0.26211331013274464,-0.21860545824376043
#12,0.3129900803023146,0.3142857142857143,1.0,0.5275871709099322,0.10695728456710979,0.03638379300704694,0.0034415277684054254,0.19118506164865567,-0.04094550432360001,0.3754311549844312,0.1833726972130373,0.014890150675291373,-0.02093644259782326,-0.1269239297041443,-0.3008280874938544,-0.17323898855716116,0.4939700963049367,0.4770381652897342,-0.3378037847165319,-0.2913344837226341,-0.33675108210501964,-0.16961429824645965,0.11882236125437422,0.10566550663723212,0.18150251125485622,0.11456913421958297,-0.021171661862666655,0.04609719182902259,-0.14125302459198133,-0.20788948550605882,-0.07789806522514532,0.21633038666576693,0.5188262173078962,0.028656261748913076,-0.17072869771432428,-0.22515303712415527,-0.3095581926677142,-0.20242160161183037,-0.3707653302227835,-0.1677826728234988,-0.047697454040662085,-0.370518542797374,-0.24971609805944106,-0.3022085546547386,-0.15606234858957496,-0.16460528472135194,-0.022239788688266992,0.07922069158319918,-0.029681971985771164,0.0014518041510416164,0.27571361090491936,0.16572354024273858,0.13710005494876268,-0.022891461733488862,-0.2097558154107179,-0.16042917875700113,-0.34843492427674894,-0.22553093036931351,-0.00018701859581810997,0.06120906558183028,0.029145980546209982,0.22263889022779637,-0.19133544773601457,-0.17339708675156412,0.4588915774150945,-0.2169666354969007,-0.2734963801297562,0.0022924238188426057,0.014897862782335418,-0.03258943634137642,0.2581107265768849,0.26289608899771527,-0.37224219872171826,-0.10540329499773457,-0.2724051169830237,-0.16730066613324593,-0.2314769649002728,-0.02854058014325239,-0.10565779453018807,-0.14510136600696016,0.08809347073737384,0.016606094492591556,0.250714815921645,0.13292780503793392,0.12495734240791262,-0.01915880192417071,0.12423240434577232,0.0293850558645754,-0.18886757348191993,-0.09509991998688942,-0.19502183490306846,0.016482700779886825,0.13163217105453423,0.09550480560670183,0.01806753877743823,0.5347787107285049,-0.015568816095167401,0.53528385373989,0.4670934032564372,0.2316890478439841,0.23650140263946864,0.10845343333365468,0.359220305977847,0.5853084360810928,0.5639266193014759,0.6259049675609497,0.3444516209884993,0.021202510290842837,0.10046754648954527,0.1059971272401261,0.09721303731695796
#13,0.27074315791503184,0.42702900716261943,0.5275871709099322,1.0,0.22403478160276866,0.22115816567533958,0.14968621364464538,0.2054100430913981,0.17092535644394743,0.5199560409898489,0.19742801230081072,0.07983380409320082,0.16159756297417407,0.0541023589407421,-0.32725747833379926,-0.10212564950401512,0.41631689047843984,0.16067982223593263,-0.04676814514185457,0.04540310219505847,-0.3572575747351373,-0.07679137786432476,-0.07921683552967715,0.010559802570059673,0.010660059961632268,0.07232221183230023,-0.09860507263840822,-0.05244811197979428,-0.0032718614134364184,-0.1733276777881677,0.022158811564304513,-0.05931188724899501,0.18095109560120695,0.00716261941715751,0.10691486797836754,0.01816008406196678,0.005427395332247211,0.13551521695121127,-0.11879536887972005,0.06867438520046658,-0.13657563166976758,0.023018711499715617,0.0273799080331235,0.19916709243924305,-0.22127791664949756,0.06049183962673402,-0.030927477273384553,0.03823855475113994,-0.06071163467748932,-0.03676939835924923,0.1278532386029518,0.03495705320389847,-0.15491887827403045,-0.12704732341684902,-0.3107612813665854,0.10408838074672476,-0.3421534130893737,-0.01806753877743823,-0.03852004665824762,-0.03214984623986581,0.024861905083242555,0.09920276093432177,0.2010604147185563,0.057915995874022734,0.2948897650699392,-0.09914877618501344,0.020196080321594864,0.30193091880115297,0.19275833148564103,0.052405695391052026,0.17133409811728187,0.158046137680391,-0.21048846557990225,-0.14702168066092758,-0.24117108345463836,-0.00833871574137449,-0.16687264419230138,-0.1350486344750465,0.035755256282957205,0.1525165569298102,-0.1371193352163728,0.15328391158069274,0.176242854250817,0.08908833254605573,0.09880558742155342,0.10541100710477862,0.14015790539172684,-0.09922204120193188,0.010852862637733413,0.11266424377970366,0.13204476878139068,0.04330926513260004,-0.10758582129119952,0.019636952560901547,-0.05133371251192967,0.1071115267079907,0.14532887316475954,0.2486248349127086,0.19698071009225607,0.10991873367202337,-0.042206433825301495,0.16046388323869934,-0.05299567157992153,0.307499060086954,0.20789334155958084,0.20447687813906856,-0.0398311048557354,-0.07706130161086636,0.16162841140235026,-0.04296222031561798,-0.022205084206568786
#17,0.23482016330386665,0.2924334589764106,0.10695728456710979,0.22403478160276866,1.0,0.466040700644925,0.093680892290785,0.16566955549343024,0.17258345945841727,0.16229936471518225,0.2683369805172896,0.36631544445836905,0.38640162725458627,0.10898556871969382,0.008157481225839414,0.15279804883691786,0.1833842653736034,0.20484320322366076,-0.12824270000867613,0.08214358015289253,-0.340190681846664,0.022687090896821648,0.03776811622145315,0.14183143262028478,-0.13213731406591925,0.2076504101876934,-0.016197352819257133,0.04640182005726239,0.23050138335920103,-0.020412019318828144,0.08046234081729055,-0.18774546190701127,-0.22836512970800035,0.20124164923409138,0.11050870986089287,0.17864903164855928,0.004679320948974772,0.10790587373352742,-0.1899781168962625,0.05529387947904717,0.04037866445586265,0.14443426874765022,0.2058457771393867,0.19806040507842249,-0.17803801879643374,0.20530592964630348,0.06759083416077816,0.07287748353947153,-0.04488253496958538,0.08047776503137864,0.06455612003894615,0.00958036497546586,-0.2939026153683013,-0.24044614539249803,-0.36089768925992693,-0.03412800169666355,-0.2236029036083021,-0.01779761503089663,-0.09761406688324833,-0.14522861577318694,-0.014689635892146183,-0.08044306054968042,0.24037673642910162,0.224771287825475,0.0020803408751313467,-0.07053685905160363,0.06938004299499677,0.21581367549381586,-0.14909623745577588,0.09285184078355008,-0.02026163323146925,-0.10673748951635449,-0.24780735156603972,-0.09051892840272623,-0.11856400566839868,-0.015133082047178815,-0.03549304464345965,-0.08495078711692518,0.19035215408789874,0.23352452932046697,0.23018518697039514,0.23909267060626802,0.14408722393066817,0.20647816991699844,0.5745076301659067,0.1058968698485535,0.13848437816316891,0.18281742550586602,0.11345859080524037,0.3607627273866561,0.22420059190421562,-0.06980035282889727,-0.03243133814697348,-0.07375666374249275,-0.3026288644886391,-0.12033007818148515,0.2689809414554674,-0.011057233474400624,-0.07691477157702949,-0.17217471778508286,-0.23341655982185033,0.33139887981645183,-0.15351141873849208,-0.017778334763286514,-0.014037962846924315,-0.18523902711769638,-0.27198866320264525,0.08022326549892513,-0.03546990832232751,-0.16883923148853305,-0.1725179065485429
#18,0.11506270907040189,0.32375232568228046,0.03638379300704694,0.22115816567533958,0.466040700644925,1.0,0.19421206366344365,0.17255646708376313,0.448025218590034,0.4707952146375792,0.323497826149827,0.5566541023589407,0.6801519285087677,0.3854993107304329,-0.09543539664330541,-0.1448005938322424,0.21562087281771472,0.22876615927429073,-0.14659751477350505,-0.16521068512430953,-0.37738231806657474,-0.379437594593813,-0.13794838672360774,-0.11565654131279342,-0.2387726181639401,-0.11512054987323224,-0.0630831075935334,0.006495522157847551,0.18462205855417274,0.24384332854540022,0.4594584172828319,-0.02317295364059653,0.07016667791348943,0.20517482382655472,-0.03612929347459343,0.2602546923351296,-0.10687245138962528,0.01552639950642515,-0.2880337019077825,0.0026009081006044365,-0.18143695834498183,8.676120424551493e-05,0.1308146877078654,0.029323359008223034,-0.010536676406429472,-0.10549584028226312,0.25756316697675763,0.15291758649610057,-0.05622704443137671,-0.1818726923929704,0.049849131905950854,-0.09661920507456644,-0.3188011529600031,-0.36318047294496447,-0.46493015723058234,-0.2351633520673267,-0.2937946458696847,-0.29025093268294566,-0.1261527189997397,-0.3158204235874794,-0.05750339814716628,-0.0353503706631448,0.41925520326222127,0.40228085565827654,-0.07180550066034917,0.039044469937242726,0.39737595557826344,0.34219968573163795,-0.0681036892792072,0.004532790915137902,0.1299740680400644,0.18747168210694765,-0.07592762187539163,-0.03850847849768155,-0.17591123364792302,0.026180675387774383,-0.015329740776801982,0.017593244194229415,0.24895645551560255,0.13020543125138576,-0.03204187674124917,0.37779877184695326,0.13240723781246083,0.10965652203252581,0.4950960639333674,0.4170341164335361,0.08651248879334446,0.03895963675975823,0.04827586206896552,0.302613440274551,0.2742405984595066,0.1944087223930668,-0.03286321614144004,-0.09310248426248156,-0.1746387359856555,-0.12374268554847541,0.16271967454908273,0.29675609497459826,-0.08021940944540311,-0.1692672534294776,-0.110362179827056,0.3786316794077102,-0.008824578485149373,0.3207677402562348,0.2323831374779482,0.0570522398850896,-0.136648896686686,-0.07053685905160363,0.30479596656801594,-0.03232336864835684,0.045329837178140035
#26,0.10582360483163507,0.2985992885581252,0.0034415277684054254,0.14968621364464538,0.093680892290785,0.19421206366344365,1.0,0.3153885455930128,0.484414795677364,0.3503706631448045,0.030565008242314402,0.07102272179537852,0.3014951847531644,0.5826708954720291,-0.29232548947779396,-0.07997262201999364,-0.15269393539182324,-0.1185177330261344,0.06015250691679601,0.30742193901651355,-0.16044845902461127,0.011627929395660012,-0.4651036796390734,-0.16098830651769447,-0.31499137208024447,-0.2918087783058429,-0.37276662200071337,-0.14288413523179702,0.09516161684324179,0.17070556139319215,0.25160170823171024,-0.011554664378741577,-0.11495859562530727,-0.25441662730278697,0.22907464355605256,0.11916940607135627,0.04696094781795571,0.0064338253014951845,-0.29176636171710063,-0.12705117947037106,0.24098213683205924,0.2036401145247896,0.21813887576759566,0.10796371453635777,-0.4024181334949606,0.07841477639709639,-0.30265971291681526,-0.2087262491203378,0.010282166716474025,0.03962673401906818,-0.022016137583989667,0.1642929443860681,-0.17320428407546296,0.06759854626782219,-0.26948994052037445,0.04811390782104056,-0.0779096333857114,0.15141758167603367,-0.007278301022818197,0.13279669921818515,-0.30274069004077775,-0.3384785940828859,0.23563379059701348,-0.09900995825822062,-0.11540589783386193,0.00017545043525204129,0.36644655027811784,0.5686040122236896,0.017273191751901517,0.030086857605583564,0.39618443503995837,-0.0992760259512402,0.11805886265701368,0.22756307057541958,0.3087638456421775,0.35899665487356963,-0.028151118737528076,-0.11323108364744103,0.1890141035157568,0.3167304522186768,-0.06656126787039804,0.12706660368445913,0.17492793999980719,-0.0005070710381460095,0.12796120810156844,-0.006252590785960109,-0.1795127876374924,0.07686849893476522,0.18612977548128368,0.18980073843424947,0.2892714950883518,0.0037384438896011876,0.1019868315772223,-0.06715510011278956,-0.04404191530178439,-0.21962345637357447,-0.06064993782113696,-0.001027638263619099,-0.12204602199878534,-0.05261006622771924,0.27512363471604984,-0.0798145238255907,-0.026292500939913047,0.13885070324776108,0.056840156941378346,0.0014942207397838682,0.023219226282860807,-0.21479567736400182,-0.15402427385692113,-0.22667617826535433,-0.03806888839617094
#49,0.6016041182651615,0.3922358362334069,0.19118506164865567,0.2054100430913981,0.16566955549343024,0.17255646708376313,0.3153885455930128,1.0,0.3166494750947143,0.3794183143262028,0.35434239827248804,0.07411142066651885,0.024345193911291488,0.3172818678723261,-0.17141507524124436,-0.10866166022384391,0.017951857171777545,0.13546894430894701,0.16208342571794895,0.11335833341366779,-0.04327841670442386,-0.02410226253940405,-0.031162696538227952,0.031505885301687984,0.1683726490123683,0.10020533485004772,-0.41718064646737296,-0.5265074759237658,0.24265180800709513,-0.031262953929800545,-0.1928932933589118,-0.011905565249245659,-0.1964447186526949,-0.23415306604455668,0.13390338657900572,-0.003908110244570195,0.023176809694118554,0.09616419075896773,-0.24637675570936923,-0.13185196610528954,0.2150617450570214,0.145575660590169,-0.031397915803071344,0.05861394156150888,-0.2720139897757906,0.11843675590217193,-0.45779645821484,-0.40650709031841364,-0.15275177619465358,-0.09651123557594979,0.08984411903637222,0.02979765359143185,-0.07817184502520895,-0.2106851243095254,-0.0281549747910501,0.09058833736612264,-0.12725169425351623,0.028212815593880444,-0.3141623205730096,-0.26614288606325853,-0.19306295971388082,-0.17697936047352336,0.20658999546913712,0.034139569857229615,0.11212054023309843,-0.16744334011356077,0.3055054804160682,0.31546566666345327,0.4400817483346669,0.07156256928846172,0.37773321893707884,0.057985404837419145,0.1447196167082799,-0.0020880529821753926,-0.05410621499426412,-0.013066237359374549,-0.16499860218059828,-0.35984113059489264,0.08924643074045868,0.1403892686030482,0.13983785294939893,0.044261710352539695,0.24799244213509683,0.39144920131491423,0.34332565336006865,0.11203956310913596,-0.07668726441923014,0.0808248098483607,0.0785844427520654,0.03437093306855099,0.07621296983602133,-0.09545853296443754,-0.05065890314557566,-0.20664783627196745,-0.17902692489371752,0.015981413822023848,-0.0046137680391003825,-0.07416540541582717,-0.18057705840957072,-0.2010989752537765,-0.09399323262606885,0.05005735879614009,-0.06321421341328218,0.10322462475779164,-0.029334927168789104,-0.06337616766120714,-0.1736631544445837,-0.1722672630696114,0.04523729189361148,-0.22548465772704926,-0.11756143175267272
#50,-0.023234650496948898,0.34526910433516816,-0.04094550432360001,0.17092535644394743,0.17258345945841727,0.448025218590034,0.484414795677364,0.3166494750947143,1.0,0.4812296954681731,0.02173078962335997,0.34356087262491203,0.48061658295817145,0.38907772839887017,-0.3350814109299837,-0.24410554018489777,-0.09080813241687795,-0.25963772377160593,0.08847136398253208,0.14858723839086888,-0.06937233088795272,-0.19518764520451543,-0.38477822872181466,-0.16984951751130306,-0.1418198644597187,-0.11715654613286032,-0.09391996760915042,-0.015568816095167401,0.16047545139926542,0.3162792939566001,0.2293368551955501,-0.22467103043390244,-0.31680371723559525,0.16515284432147917,0.13534169454272024,0.14691371116231094,0.01072946892502868,0.15600242931371888,-0.30762245379965875,-0.042110032487250926,-0.012287314547925926,0.17055903135935527,0.4240444217365737,0.2580605978810986,-0.22191223806536495,0.1278686628170399,0.05267561913759363,0.07256514320418768,0.023728225347767827,-0.0665882602450522,-0.07134663029122844,0.011770603375974858,-0.317948965131636,-0.15097413552100103,-0.21351932364821224,-0.05111006140765234,-0.18746782605342563,-0.12762187539163045,-0.19486373670866552,-0.10752798048836917,-0.27128300540811506,-0.22037538681036892,0.3571187568083445,0.05459978984508305,-0.15941889273423115,0.019795050755304484,0.5115112837766188,0.5270049068281067,0.00483741914337771,-0.18500766390637502,0.16452816365091147,0.02893389760249872,0.008712752933010711,0.11797402947952917,-0.093006082924431,0.11392902933492717,-0.21764530091677672,-0.18095880770825098,0.05392112442520702,0.19583160614269327,0.04843396026336846,0.43803803996799473,0.2707277337009438,-0.04719231102927709,0.12019897236173638,0.15714767720975967,-0.09855879999614395,-0.01932075617209567,0.024337481804247444,0.5087156449731522,0.4799957583411258,0.10550740844282919,-0.0785844427520654,-0.17563745384785942,-0.1365949119373777,-0.3396161298718826,-0.06393143936837843,-0.0018759700384641338,-0.2278522745895713,-0.07472453317652049,0.007313005504516403,-0.018206356704231055,-0.20128406582283362,0.08805105414863158,-0.1309535056346582,-0.1809279592800748,-0.28228047005292434,-0.3038897939903406,0.10556910529918155,-0.25596676081864017,-0.12167969691419317
#51,0.49315261295826784,0.7421572691428957,0.3754311549844312,0.5199560409898489,0.16229936471518225,0.4707952146375792,0.3503706631448045,0.3794183143262028,0.4812296954681731,1.0,0.4334300560091774,0.38241446791281464,0.5829716676467469,0.3772126517116058,-0.46325663000202444,-0.3205903617942217,0.4994495483597312,0.12833524529320467,-0.15622993647151823,-0.08018084891018287,-0.26300791454985395,-0.22851551579535925,-0.21964273664118458,0.009364425978232577,-0.009410698620496852,-0.05104836455129997,-0.1558250508517058,-0.04831056655066372,0.1041462215495551,0.19872750233773245,0.3113242651808007,-0.09129785121417486,0.17921972756981866,-0.03858945562164403,-0.08025796998062333,0.05048538073708463,-0.2587739677826728,-0.05331958007577145,-0.44726557604619555,-0.2535258789391997,-0.16829167188840582,-0.18355007567505036,0.01904312031851002,-0.10190585445325981,-0.340655664692845,-0.0967811593224914,-0.06089672524654642,0.056281029180685026,-0.034012320091002864,-0.04857277819016128,0.3562395766053233,0.20438818890806204,-0.012834874148053175,-0.1953457433989184,-0.3454773312253574,-0.18142924623793777,-0.3078075443687158,-0.27953110389172203,-0.2795272478382,-0.21562087281771472,-0.1284933434876076,-0.05135299277953978,0.30178053271379407,0.15634176202365688,0.23940115488802985,0.09172587315511939,0.2980324486903878,0.43995449856844016,0.11776194653581792,-0.1058968698485535,0.33763026230804083,0.3681432138278079,-0.17767730616100952,0.08256388998679301,-0.14599211437054746,-0.03567813521251675,-0.2435541245312485,-0.21858617797615032,0.16893563282658364,0.19379175382954317,-0.21720956686878815,0.20472752161800006,0.2623948020398523,0.006711461155080833,0.3498076793305891,0.34875497671907685,0.009973682434712194,-0.1598314904610876,-0.06987747389933772,0.09629144052519449,0.057792602161318,0.18379686310045984,0.07187490962374558,-0.08457289387176695,-0.07725024823344548,0.08213201199232645,0.02031176192725555,0.2758370046176241,0.1432697405839993,0.0525020967291026,0.12255502106369237,0.09493410968544243,-0.08541351353956793,0.4034916564641917,0.3146558954238285,0.22465946227333636,0.0719288943730539,-0.16411556592405502,0.06023734009428051,-0.13913219515486874,-0.043359393828386335
#52,0.6317700249679465,0.38153914376331544,0.1833726972130373,0.19742801230081072,0.2683369805172896,0.323497826149827,0.030565008242314402,0.35434239827248804,0.02173078962335997,0.4334300560091774,1.0,0.22802579699806233,0.2381787859215486,0.148444564410554,-0.3669941098782451,-0.18562077641637667,0.22214145932345541,0.2311877608861211,-0.14245225723733046,0.06372706853171121,-0.33009553372600814,0.0626435174920228,-0.0729083319676477,0.21559388044306055,-0.014454416627302787,0.27468404461453927,-0.1919292799784061,-0.1478160276864643,0.20739205460171786,-0.04555734433593938,0.10346755612967908,-0.01385672833138924,0.13479027888907097,-0.08251761734452874,-0.09636856159563495,-0.1018364454898634,-0.32282687283699496,-0.019652376774989638,-0.3155697801085479,-0.07384535297349927,-0.129233705763836,-0.1350447784215245,-0.027198673517588423,-0.06214223053415981,-0.056190466091304764,0.11739176539770373,-0.1288288201440236,-0.06164865568334089,0.15567466476434694,0.0738492090270213,0.3149798039196784,0.1900089653244387,0.07012426132474718,-0.06637232124781892,-0.25076494461743126,-0.004312995864382598,-0.3443282272757946,-0.1994794327745269,-0.25378423452517523,-0.1406746165636779,-0.0473966818659443,-0.0995112452160836,0.23151938148901507,0.42239788688266994,0.07585050080495118,0.022552129023550846,0.1465550981847628,0.19326347449702602,0.17611174843106822,0.09407806580355335,0.18971976131028698,0.24531634099081295,-0.1968148997908091,0.10736217018692219,-0.20190874649340132,-0.1391553314760009,-0.16656030385701753,-0.14510136600696016,0.18410534738222167,0.3162291652608138,0.09493796573896446,-0.11470024003933174,0.061567678559378405,0.051808007095138484,0.22124299885282409,0.30783453674337,0.0448516865414092,-0.08333124463767558,-0.15869009861856884,-0.10167063518841642,-0.0715741374490278,0.02763440756557701,-0.06835818881166071,-0.16506415509047265,-0.11410640779694022,0.09161790365650276,0.20547173994775048,0.17867602402321345,0.0025854838865163447,-0.2244473793296251,0.028706390444699373,0.1715616052750812,-0.093850558645754,0.31971503764472253,0.19564265952011414,0.16093817782190817,-0.012915851272015656,-0.09436726981770507,0.0740535798636885,-0.037370942708684796,-0.11952030694186035
#53,0.18444082403863765,0.35434239827248804,0.014890150675291373,0.07983380409320082,0.36631544445836905,0.5566541023589407,0.07102272179537852,0.07411142066651885,0.34356087262491203,0.38241446791281464,0.22802579699806233,1.0,0.678355007567505,0.26391408712752934,-0.044643459651219956,-0.14200881108229782,0.1300087725217626,0.049968669565133565,-0.16169396431222466,-0.22096536299923844,-0.4751139945822448,-0.44135810205045645,-0.10267320910414236,-0.22108490065842115,-0.36512777997358603,-0.10039042541910481,-0.008851570859803534,0.027626695458532965,0.1436399217221135,0.3084823537350698,0.19731618674867207,-0.18421717293436032,0.03785680545245968,0.40892483587672196,-0.06381575776271775,0.5511090973942718,-0.1448391543674626,0.12479924421350969,-0.3045067625538643,0.09612948627726953,-0.3158705522832657,-0.13906664224499435,0.14040083676361428,-0.08333895674471961,-0.01938054368479946,-0.2838575959434317,0.33351970925356444,0.22739340422045057,-0.06718980459448777,-0.21062342745317306,0.0034762322501036315,-0.2831982107911658,-0.35488610181909325,-0.4897824221800199,-0.5789960764655413,-0.22568517251019443,-0.28463651875488033,-0.3282561961960032,-0.026169107227208315,-0.28457482189852795,0.035755256282957205,-0.033719260023329124,0.5282966847579844,0.44762804507726567,-0.10731204149113589,-0.11121436765542306,0.43151745346225406,0.304799822621538,-0.15456412135000433,0.05088641030337501,-0.009842576614963416,0.1751130305688643,-0.07704587739677826,-0.00017930648877406417,-0.2097558154107179,-0.07848804141401483,0.016760336633472473,0.026678106292115335,0.22791397144592368,0.21923785102137217,0.1343082721988181,0.45036969913142394,0.2593485197574542,-0.10757810918415547,0.5477196263484138,0.3949774902875652,0.17062458426922966,-0.10772849527151437,-0.12488407739099419,0.4438375444651172,0.0740690040777766,0.3405917114129544,-0.01918965035234689,0.1478044595258982,-0.03283622376678588,-0.22022500072301004,0.3468925028679398,0.10873878129428437,-0.1222426807284085,-0.13160132262635804,-0.3726625085556188,0.1705320389847011,-0.13479027888907097,0.15056153779414458,0.10023232722470188,-0.00032969257613295675,-0.2818370238978917,-0.0036458986050726385,0.07762042937155968,0.18744854578581552,0.18110919379560989
#54,0.12641107458571524,0.48179267928238845,-0.02093644259782326,0.16159756297417407,0.38640162725458627,0.6801519285087677,0.3014951847531644,0.024345193911291488,0.48061658295817145,0.5829716676467469,0.2381787859215486,0.678355007567505,1.0,0.48114100623716655,-0.30634610008386914,-0.28548485052972533,0.21316456672418613,0.1402543067297774,-0.20902702129505557,-0.11442646023926813,-0.4046407604137545,-0.41362536512006787,-0.3362035225048924,-0.18747553816046966,-0.38122294737450957,-0.21953862319608997,0.03966529455428841,0.17924286389095082,0.1951645088833833,0.3437343950334031,0.5872248946815382,-0.06746744044807342,0.11242516846133824,0.32486286909662304,-0.017739774228066284,0.37537331418160086,-0.10417321392420927,0.05852525233050235,-0.27493854414699276,-0.005974954932374462,-0.18120945118718249,-0.04890825484657727,0.22784456248252727,-0.04772830246883827,-0.0952523259255703,-0.0866551627736593,0.30585252523305023,0.2909180299422556,-0.017855455833726972,-0.12591749973489633,0.19392671570281395,-0.0198143310229146,-0.19546913711162311,-0.2997136880259898,-0.5429998168374577,-0.21051545795455642,-0.22881628797007703,-0.25378423452517523,0.03599818765484465,-0.1649060568960697,-0.0396961429824646,-0.03360743447119046,0.5036565027522582,0.20543703546605227,-0.05854067654459044,0.06540830786731319,0.4083579960089846,0.41611637569529464,-0.19335987583507658,-0.14410650419827828,0.2018856101722692,0.2257083088313266,-0.08390965266597901,0.18076214897862783,-0.03049559927891799,0.1059469985443398,0.00570503118583286,0.046081767614934495,0.21065813193487126,0.2228779655461618,-0.05186970395149085,0.45779645821484,0.280703344162417,-0.1566810947335949,0.5191424136967021,0.48044691660320243,0.1809973682434712,0.007201179952377739,-0.0011124714411036025,0.4668157674028516,0.30133708655876146,0.3695545294168683,0.21480338947104585,0.12020282841525841,0.005562357205518013,-0.2669488012493613,0.1874138413041173,0.21483038184570002,0.030645985366276884,0.051730886024698025,-0.006121484966211331,0.18769147715770296,0.036696133342330794,0.2730529339747236,0.29330107101886577,0.11601901034386357,-0.021063692364050014,0.008277018885022124,0.0937657254682695,0.03636836879295885,0.09949582100199551
#58,0.10481717486238709,0.34612514821705725,-0.1269239297041443,0.0541023589407421,0.10898556871969382,0.3854993107304329,0.5826708954720291,0.3172818678723261,0.38907772839887017,0.3772126517116058,0.148444564410554,0.26391408712752934,0.48114100623716655,1.0,-0.3148255617787975,-0.24638061176289128,-0.15421707653302227,0.1448352983139406,0.21719799870822207,0.1683070961024939,-0.17163487029199964,-0.21415942853286804,-0.6041992422854829,-0.45540956108470787,-0.44703806888839615,-0.468574127808894,-0.46321421341328217,-0.2492495155832763,0.10649070209094502,0.19409638205778296,0.184498664841468,0.006638196138162398,-0.06887489998361178,-0.04058303529252986,0.2010796949861664,0.21510801769928567,0.22393838026471807,0.18522745895713033,-0.08329654015597736,0.008327147580808422,-0.09777987718469533,0.19715037644722508,0.1044315695101848,0.18855523314663608,-0.18625142071617565,-0.059030395341887344,-0.130752990851513,-0.14314634687129457,-0.2614500689269567,-0.3311058197487781,-0.14014248117763875,-0.1525358371974203,-0.4152333394387514,-0.21926869944954835,-0.3373680506685433,0.01704182854058014,-0.10282359519150126,-0.011188339294149403,0.09200350900870503,-0.16593562318644983,-0.043077901921278666,-0.06410496177686946,0.4532964437546393,0.0505817820751352,-0.10388786596357957,0.10591229406264159,0.6960889977152883,0.5991323879575449,0.15163352067326694,-0.0024312417456354295,0.5236539963174689,0.17776985144553806,0.49343410486537553,0.29492446955163737,0.4289300415489767,0.4112076195617595,0.3071828636981481,0.08606133053126777,-0.03547762042937156,0.10661409580364975,-0.1596772483202067,0.11683649369053242,0.20435734047988585,0.028505875661554183,0.3577203011577801,0.4384352134807631,0.10457809954402167,-0.21301803669034927,-0.09098165482536898,0.22300907136591056,0.43913315916824924,0.10814880510541486,0.0015482054890921886,0.1813135646322771,0.1542710612823306,-0.34434365148988266,0.05255993753193294,0.035099727184213315,-0.09677730326896937,0.037193564246671744,0.06657283603096412,-0.06590573877165415,-0.007814292462379378,0.08377854684623022,0.13519130845536137,-0.04292751583391977,-0.04198278272102417,0.006364416338098772,-0.03241205787936337,-0.03068068984797509,0.04455091436669141
#101,-0.276662200071337,-0.38788235180704306,-0.3008280874938544,-0.32725747833379926,0.008157481225839414,-0.09543539664330541,-0.29232548947779396,-0.17141507524124436,-0.3350814109299837,-0.46325663000202444,-0.3669941098782451,-0.044643459651219956,-0.30634610008386914,-0.3148255617787975,1.0,0.7087252851069573,-0.04696865992499976,-0.1454252745028101,0.29687948868730296,-0.027896619205074566,0.28613652357494723,0.12226581704954065,0.2890594121446406,-0.03707402658748903,0.028714102551743417,-0.06452141555724794,0.06492630117706034,-0.1389856651210319,0.05752653446829842,0.0993415788611146,-0.08677470043284201,-0.1314933531277414,-0.24267108827470527,0.1016166504391081,0.0508170013399786,0.18502308812046311,0.2899964331504921,0.13913605120839076,0.2757097548513973,0.1781284644230862,-0.08626184531441296,0.16289319695757376,-0.0187192118226601,0.21081237407575218,0.15483226633023334,-0.14310778633607435,-0.06283632016812393,-0.24750657939132195,-0.15075434047024572,-0.1826978878466833,-0.44550335958663106,-0.42189659992480694,-0.09181841843964794,-0.17456932702225908,0.3022124107082606,0.0981963309650738,0.15057696200823267,-0.05813964697830006,-0.0836744334011356,-0.23862223207658123,0.005350274261806754,-0.07153172086028554,-0.17252176260206492,0.1855243750783261,-0.11424136967021102,-0.13500621788630426,-0.13976844398600252,-0.5122477899993252,0.11380563562222244,0.29559927891799137,-0.2744912419384381,-0.08208188329654016,0.23997956291633327,-0.18362719674549083,-0.058895433468616545,-0.17339323069804208,0.21688951442646023,0.024437739195820037,0.3547202915176463,0.027834922348722202,-0.014400431877994467,-0.056905709851252734,-0.37396585464606247,-0.11759613623437093,-0.04880799745500468,-0.3107805616341955,-0.21442935227940965,-0.026635689703373083,0.14155765282022115,-0.21428667829909478,-0.201345762679186,-0.20204370836667213,-0.24781120761956177,-0.10079916709243925,-0.19196398446010432,0.15049598488427018,-0.01878862078605651,-0.2425476945620005,-0.4328940645696162,-0.20389075800372108,-0.5135549921432909,0.03776426016793113,-0.24053483462350458,-0.48885311328121234,-0.4636152429795726,-0.40463690436023253,-0.3437768116221453,-0.03881696277944338,-0.15442915947673352,-0.07409599645243076,-0.09844311839048327
#102,-0.1664369101443128,-0.3458783607916478,-0.17323898855716116,-0.10212564950401512,0.15279804883691786,-0.1448005938322424,-0.07997262201999364,-0.10866166022384391,-0.24410554018489777,-0.3205903617942217,-0.18562077641637667,-0.14200881108229782,-0.28548485052972533,-0.24638061176289128,0.7087252851069573,1.0,-0.060703922570445275,-0.03173724851300936,0.2592366942053156,0.29165453616496195,0.10161279438558607,0.4563658623581695,0.06287488070334417,0.13044836262327322,-0.09017188358574417,0.09868990581589272,-0.034386357282639085,-0.13468616544397635,0.1538160469667319,0.06956127751053184,-0.06807669690455304,-0.23710680304242623,-0.2894527296038869,0.04244550914366691,0.058748903434779676,0.017978849546431704,0.1768636788678627,0.18087783058428852,0.20676351787762814,0.26181253795802684,0.08228625413320736,0.20736506222706372,0.04444294486807477,0.3650815073313218,-0.13849607983587342,0.1528713138538363,-0.20169666354969007,-0.3891548494693106,-0.03937223448661467,-0.022617681933425237,-0.41340557006931256,-0.23938187462041974,-0.15403198596396517,0.04203291141681047,0.200505143011385,0.2577096970105945,0.02333490788852149,0.18512720156555773,-0.1037413359297427,-0.002535355190730047,-0.15343044161452962,-0.21436379936953526,-0.1909999710795986,0.22241909517704106,0.07972583459458417,-0.13790982618838749,-0.08614230765523026,-0.29659028467315124,0.12038406293079348,0.4384429255878072,-0.04883884588318086,-0.10030944829514234,0.21813887576759566,-0.06540830786731319,-0.08952406659404433,-0.13496765735108404,0.24213509683514406,0.07712299846721872,0.2921211186411267,0.297226533504285,-0.14070546499185407,-0.18376987072580567,-0.42724880221337475,-0.11816683215563031,-0.05310749713206019,-0.36671647402465946,-0.24817367665063192,0.03688507996490991,0.0740690040777766,-0.32870349840455787,-0.19015163930475354,-0.3416906866667309,-0.2630696114062063,-0.0347603944742753,-0.1973586033374143,0.154510136600696,0.11300357648964168,-0.22308619243635103,-0.42629250093991305,-0.12986609854144776,-0.39528983062284906,0.0643131886670587,-0.3169541033229541,-0.38679494471383263,-0.49940327571746695,-0.37967666991217836,-0.4135983727454137,-0.10592771827672968,-0.23975591181205594,-0.14216690927670075,-0.16529551830179404
#201,0.4103284393587383,0.36238612591942776,0.4939700963049367,0.41631689047843984,0.1833842653736034,0.21562087281771472,-0.15269393539182324,0.017951857171777545,-0.09080813241687795,0.4994495483597312,0.22214145932345541,0.1300087725217626,0.21316456672418613,-0.15421707653302227,-0.04696865992499976,-0.060703922570445275,1.0,0.3581753154733788,-0.29173165723540245,-0.41040170437565676,-0.1848688459795822,-0.19865809337433604,0.15702042744353292,0.18263619099033093,0.19513751650872915,0.18432514243297696,0.10755497286302333,0.0183490306845459,0.08904205990379147,-0.17724157211302094,0.2617701213692846,0.09054977683090241,0.4409763527517762,-0.11828636981481302,-0.18544725400788564,-0.10969122651422401,-0.2525001687023416,-0.22440110668736082,-0.22947567312234293,-0.1725024823344548,-0.012495541438115161,-0.24588318085855032,-0.28773678578658674,-0.23517106417437075,-0.34384076797251956,-0.12894064569616226,0.07216025758437528,0.15532761994736488,-0.027734664957149605,0.07726567244753357,0.2747958701666779,0.14059749549323744,0.20752701647498867,-0.06471421823334908,-0.09702409069437884,-0.15288673806792438,-0.21052702611512247,-0.24626107410370857,-0.23552582109839684,-0.1891490653890276,0.12710130816615733,0.2062043901169348,-0.14366305804324564,0.027183249303500332,0.49655365216469205,0.09034926204775723,-0.18002949880944347,-0.05979003788572585,-0.015491695024726942,-0.11609613141430403,0.23995642659520114,0.33824337481804245,-0.3052239885089605,-0.058991834806667115,-0.27213904929000415,-0.32929347459342734,-0.14720677122998468,-0.05249052856853653,0.19526091022143388,-0.03041076610143349,-0.09358834700625644,0.18754494712386607,0.07914357051275872,0.07734664957149605,0.15554741499812016,0.0669777216507765,0.10776319975321258,0.12947278108220142,0.05505480416068175,-0.12358458735407248,-0.16651403121475325,0.12874784302006112,-0.054364570580239656,0.022228220527700925,-0.14583787222966654,0.612964051941041,-0.038489198230071436,0.5025382472308716,0.2667405743591721,0.2895028582996732,0.08346620651094637,0.28929463140948397,0.0900253535519073,0.3446135752364243,0.40296337713167457,0.39670114621190944,0.2572546826949958,0.07942120636634437,0.0475817724350014,0.0160238304107661,-0.049529079463622956
