,#10,#11,#12,#13,#17,#18,#26,#49,#50,#51,#52,#53,#54,#58,#101,#102,#201,#202,#301,#302,#401,#402,#501,#502,#601,#602,#701,#702,#801,#802,#901,#902,#1001,#1002,#1101,#1102,#1201,#1202,#1301,#1302,#1401,#1402,#1501,#1502,#1601,#1602,#1701,#1702,#1801,#1802,#1901,#1902,#2001,#2002,#2101,#2102,#2201,#2202,#2301,#2302,#2401,#2402,#2501,#2502,#2601,#2602,#2701,#2702,#2801,#2802,#2901,#2902,#3001,#3002,#3101,#3102,#3201,#3202,#3301,#3302,#3401,#3402,#3455,#3501,#3502,#3601,#3602,#3701,#3702,#3801,#3802,#3901,#3902,#4001,#4002,#4101,#4102,#4201,#4202,#4301,#4302,#4401,#4402,#4501,#4502,#4601,#4602,#4701,#4702,#4801,#4802
#10,1.0,0.07286205932538344,0.6896918049222523,0.6542700972689501,0.13220286697579361,0.21956947162426615,-0.23267234149209992,0.700604436389577,-0.25680738048644114,0.6482160932393741,0.42622309197651664,0.21274040083676363,-0.06983505731059547,-0.4424377970366229,-0.2955530062757271,-0.20982136832059228,0.6550220277057446,0.382641975070614,-0.22477899993251907,0.026080417996201786,0.0020302121793450492,-0.14638157577627178,0.1640461569606586,-0.17128011336797355,0.20947817955713224,-0.0029633771316745876,0.28207995526977914,0.5003557209374067,-0.11300357648964168,0.07904331312118612,0.324006825214734,-0.13751265267561913,0.2745028100990042,0.3401212728832676,0.01161250518157192,-0.1222234004607984,-0.32127673932114176,-0.23318134055700693,-0.25725853874851784,-0.17520943190691488,0.02451871631978252,-0.3366161202317488,-0.014334878968120078,-0.21739851349136727,-0.2911339689394889,-0.270261151224779,0.20525580095051718,0.29358641897949544,-0.01640943576296839,0.22770960060925646,0.332598112461801,0.23643970578311627,0.28439358738299286,0.20255270743157916,0.016964707470139687,0.05518976603395255,-0.45453423693520867,-0.3579786567437556,-0.5460113946381576,-0.35807120202828413,0.0020880529821753926,-0.17283410293734877,-0.32637829813077807,-0.26031253313795993,0.14563735744652137,0.4051844639603598,-0.19029045723154636,-0.28652598498067156,-0.13716175180511506,-0.0253747602016716,0.047766863004058496,0.33638861307394946,0.14093682820317546,0.3649195530833968,-0.35549921432909487,-0.3663385807795012,-0.2981327060819604,-0.08068984797508989,-0.2629693540146337,-0.5182362411190268,0.04520258741191328,0.23069032998178016,-0.11156526852592714,0.13536097481033038,-0.06467565769812884,0.09169116867342118,0.28398098965613644,0.09213075877493179,0.12293677036237263,0.07076436620940299,0.08840581107265769,0.03852390271176964,-0.09724002969161212,-0.07950603954382887,0.06137487588327726,0.3412086799764781,-0.006167757608475605,0.629649195530834,0.41105723347440065,0.3532974077680198,0.3950468992509616,0.33448757868759216,0.17837139579497363,0.4633645995006411,0.572872663472569,0.5325884723279959,0.40890555560911185,-0.12322597437652434,-0.17523642428156902,-0.2758601409387562,-0.11080948203561065
#11,0.07286205932538344,1.0,0.13909363461964852,0.011142066651885128,0.2762110418092603,0.22077641637665932,0.394946641859389,0.20895375627813714,-0.015237195492273432,0.10539943894421254,-0.005088062622309198,0.20846789353436226,0.1744382212025103,0.12540078856294526,-0.11422980150964496,-0.13237253333076263,0.1138673324785748,0.3585763450396692,-0.016201208872779153,0.13344066015636297,0.10934032564371994,0.028652405695391053,0.4645792563600783,-0.1797480069023358,0.24772251838855525,-0.17183152902162283,0.02505856381286572,0.0654931410447977,0.4221202510290843,0.2821069476444333,0.35485139733739507,0.21591393288538846,0.28885504130797335,0.33970096304936714,0.15273635198056548,-0.021356752431723754,0.0688787560371338,-0.15423635680063238,0.05751882236125437,-0.17493179605332923,0.2525194489699517,0.1314586486460432,0.04076812586158696,-0.04452392199203725,0.15649214811101578,-0.01982975523700269,-0.13142008811082298,-0.0031523237542537092,-0.153665660879373,0.04212545670133901,0.08731840397944723,0.2124473407690899,0.30939238236626726,0.20506685432793806,0.27065832473754736,-0.054499532453510455,-0.07202143965758245,-0.23111449586920266,-0.0699738752373883,-0.2754513992654218,-0.15048441672370413,-0.03821541843000781,-0.13565017882448208,0.18639584317430327,0.09471817068820915,-0.08645464799051411,0.33933078191125293,0.36946584018586176,0.08535181668321556,-0.02813955057696201,0.49537755584047505,0.08517058216768049,-0.00017545043525204129,-0.05208949900224615,-0.21296790799456297,-0.24401685095389125,-0.15126333953515275,-0.08503947634793171,0.3023203802068773,0.310360251800295,0.3467845333693232,0.26713774787194045,0.380625259078596,0.13568873935970233,0.09083898084505412,-0.15173763411836155,-0.11540975388738396,0.33320736891828057,0.1315589060376158,0.13241109386598285,-0.07932094897477177,-0.18720561441392808,0.006298863428224384,-0.033885070324776105,-0.14846770073168616,0.13027098416126015,-0.15148699063943008,0.07452016233985327,0.27958894469455237,0.05908438009119567,0.24292173175363674,0.22120443831760384,0.3009900417417794,-0.17675956542276808,0.1350949071173108,0.10490972014691564,0.38499802377257,-0.17334310200225578,-0.007050793865018846,-0.0817695429612563,-0.31274714893042715
#12,0.6896918049222523,0.13909363461964852,1.0,0.8280392931853894,0.17542151485062613,0.33262510483645513,-0.17200505143011385,0.2858588877213616,-0.36063547762042936,0.561069283641657,0.16639449355557054,0.2815092593485198,0.18590612437700635,-0.29733064694937966,-0.21700519603212093,-0.1479548456132571,0.7362420830401126,0.5293223949948426,-0.2955954228644694,-0.12121697049155042,-0.02498915484946931,-0.23125716984951752,0.24398214647219305,-0.06604070064492495,0.2671223236578524,0.03037220556621326,0.36978589262818967,0.4437681355017208,-0.036314384043650526,-0.055290023425525144,0.48032352289049773,0.0409609285376881,0.4060482199492929,0.43244290630753957,0.05018075250884482,-0.07164740246594622,-0.2511621181301997,-0.1620178728080746,-0.1553006275727107,-0.058698774738993376,-0.007305293397472357,-0.34966114929675224,-0.15009881137150183,-0.3648000154242141,-0.33734877040093314,-0.32074845998862467,0.312380823845835,0.2876673768231903,-0.0028014228837496265,0.10293542074363993,0.5662363953611677,0.18842027127336528,0.43288249640905013,0.18312590978762786,0.09064617816895298,-0.12355759497941832,-0.3967127143724755,-0.5081256687842828,-0.43657273962962606,-0.37842730857104295,-0.1731271630050225,-0.387199830333645,-0.3755815410717901,-0.23133814697347999,0.162596280836378,0.413478835086231,-0.15412838730201575,-0.18518504236838806,-0.18201151031976323,-0.019906876307443148,0.2221028987882352,0.3343873212960196,-0.11574137449027792,0.2829475673122343,-0.4275148699063943,-0.34048759796785977,-0.25815314316562715,-0.021723077516315928,-0.1520306941860353,-0.3900070372976777,0.1909151379021141,0.27934986937618694,0.2393086096035013,0.3699748392507688,-0.02394802039852313,0.0580278214261614,0.32110321691265076,0.09405107342889919,0.14799726220199935,0.1089315839703855,0.06147127722132783,0.17195106668080554,-0.12962702322308234,0.004162609777023705,0.06733633462832464,0.46572064820259707,0.012179345049309285,0.5827595847030357,0.5043467363327003,0.4793132368677277,0.41141584645194873,0.6462996346389288,0.4061137728591673,0.54641628025797,0.5963059007259021,0.5952416299538238,0.4291267002785999,-0.339685538835279,-0.24210039235344585,-0.2879334445162099,0.00454435907570397
#13,0.6542700972689501,0.011142066651885128,0.8280392931853894,1.0,0.24899887210434482,0.33367009534092334,-0.3014681923785102,0.24405155543558946,-0.3836676853074721,0.5878958479943701,0.23593456277173128,0.25614028322713117,0.17349348808961468,-0.3127394368233831,-0.10777476791377864,-0.06565895134624469,0.7387061012406853,0.32327803109907166,-0.19268121041520056,-0.017180646467372968,-0.06487617248127404,-0.23232144062159582,0.04661004694745163,-0.04699565229965392,0.12478767605294361,0.037899222041201934,0.2715220807264805,0.4889842191009611,-0.136645040633164,-0.05367819305331958,0.3816702495830642,-0.011026385046224442,0.3710622463439793,0.3158397038550895,0.03546990832232751,0.10342899559445885,-0.10099196976854038,-0.034120289589619504,-0.06751756914385972,0.04867303558173387,-0.06186845073409619,-0.3174746705484272,-0.1130922657206482,-0.12831210897207254,-0.412133072407045,-0.2087455293879479,0.3395660011760963,0.3772743485679581,-0.14446897322934843,0.022432591364368138,0.4678183413185775,0.06619108673228384,0.22289338976024986,-0.04272314499725256,-0.0038387012811737825,-0.10116934823055344,-0.37120877637781613,-0.3942294159042928,-0.43300974617527693,-0.30146048027146616,0.014851590140071144,-0.2795966568015964,-0.10754340470245727,-0.2351132233715404,0.12323754253709042,0.2860324101298526,-0.10233387639420435,-0.172032043804768,-0.08173869453308012,-0.004802714661679504,0.09894826140186826,0.24550143155987006,-0.10987246102975909,0.26019685153229927,-0.3233050234737258,-0.3559580846982156,-0.18819276411556593,0.034324660426286714,-0.20246401820057264,-0.4972631660127443,0.14869906394300753,0.22221858039389586,0.1433044450656975,0.41944800593832243,0.02068194306536975,0.18467218724995904,0.3751650872914116,0.06130932297340287,0.12524269036854233,0.13330184222957014,0.14159235730191935,0.19622877965546162,-0.1739137979235152,-0.05542498529879595,0.039387658700702766,0.2622444159524934,0.03904832599076475,0.47038647296424474,0.3865365891278571,0.40821917808219177,0.4165405415827172,0.6090231652415335,0.3455158917605776,0.4571717775442723,0.45408307867313197,0.4438259763045511,0.2850028438394725,-0.2748845593976844,-0.2044306054968043,-0.2852457752113599,-0.02442617103525397
#17,0.13220286697579361,0.2762110418092603,0.17542151485062613,0.24899887210434482,1.0,0.40417417793758975,0.04879642929443861,0.18732515207311076,0.015449278435984691,0.12398947297388488,0.03845834980189525,0.2116607058505972,0.39805076494461744,-0.06056510464365245,-0.08045848476376852,-0.12437507832608717,0.1299779240935864,0.2952638022615754,-0.08845593976844399,-0.008196041761059644,-0.16777881676997677,-0.19194084813897216,0.13505249052856855,-0.29681779183095064,-0.042487925732409164,-0.10461280402571987,-0.09668475798444083,0.1642620959578919,0.12509230428118343,0.2639603597697936,0.4446743080793961,0.38514455380640683,0.44876943691978444,0.49897910983004445,0.05028872200746146,0.31713919389201123,0.40690040777765996,0.2841892165463257,0.2624256504680285,0.10792129794761551,0.06907927082027898,0.12270540715105126,0.05264477070941745,0.08500862791975553,-0.037104875015665215,0.0027204457597871457,0.10226832348432996,0.2040257198769919,-0.4310547270396113,-0.11746117436110014,0.007262876808730105,-0.016752624526428426,0.016806609275736746,-0.12355373892589629,-0.10098811371501837,-0.008226890189235827,-0.16282378799417735,-0.24828550220277057,-0.1402350264621673,0.1298429622203156,-0.1796438934572412,-0.01245312484937291,0.13736226658826026,0.3052124203483944,0.040297687331900166,-0.06233888926378298,0.24564796159370691,0.15545872576711364,-0.06722450907618598,-0.035307954074402556,0.16489448873550364,0.11887634600368253,0.041855532954797416,-0.00031812441556688806,-0.11886092178959444,-0.24649243731502993,0.08329654015597736,0.002037924286389095,-0.026689674452681403,0.20789334155958084,0.20107198287912237,0.2524808884347315,0.18771461347883509,0.13485583179894536,0.6437623514214378,-0.2113599336758794,0.1078171845025209,0.10548812817521908,0.19279689202086125,0.08608061079887788,0.18152950362951037,-0.029007162619417156,0.05185042368388073,-0.12899463044547058,-0.042410804661968705,-0.12427096488099255,-0.08315001012214049,0.03529252986031446,0.3014527681644221,0.13710005494876268,0.0834700625644684,0.24821223718585214,0.6242700008676121,0.012915851272015656,0.18512334551203571,0.2040642804122121,0.28634475046513647,-0.1250036150501769,0.0555522350650227,-0.37513423886323544,-0.3081083165434336
#18,0.21956947162426615,0.22077641637665932,0.33262510483645513,0.33367009534092334,0.40417417793758975,1.0,-0.08493150684931507,0.09940327571746696,-0.1599818765484465,0.31559291642968007,-0.01617036044460297,0.07867698803659395,0.5866156382250586,-0.20606942824366403,-0.0007500024100334513,-0.2124820452507881,0.3175440795118236,0.35146192629153694,-0.14168875863996994,-0.1360087918020302,0.017608668408317506,-0.23020061118448323,0.26014672283651297,-0.3463140948396364,0.26539481167998613,-0.15891760577636818,0.22287025343911773,0.10691872403188957,0.08823228866416666,-0.0789391996760915,0.3854607501952127,0.21183037220556622,0.2429140196465927,0.39396334821127316,0.1063518841641522,0.01129245273924402,0.07101115363481245,-0.019995565538449674,0.14271832493035003,0.024499436052172405,0.006753877743823084,-0.23446155032631852,0.04885812615079097,-0.33796959501797885,-0.0769841805404259,-0.3584336710593543,-0.01767807737171392,-0.16752817329104527,-0.12451389625288,-0.08320013881792679,0.17304618588106002,0.2273779800063625,0.3208448613266752,0.08561402832271311,0.20868383253159553,-0.312554346254326,0.03673854993107304,-0.2718421331688084,-0.14820934514571063,-0.22514918107063325,-0.04006632412057879,-0.20999874678260536,-0.03485293975880385,0.19318249737306353,0.14048181388757677,0.14527874446897324,0.2518369274965537,-0.024260360733806986,-0.16125823026423608,-0.02308040835606798,0.3142008811082298,0.19182902258683351,-0.1463198789199194,0.08128368021748142,-0.12334165598218504,-0.1357735725371868,0.09820789912563986,0.15255511746503042,0.12344191337375762,-0.024125398860536183,0.032466042628671685,0.27982030790587376,0.2107661014334879,0.175737711239432,0.35611232683909655,-0.29608128560824426,-0.03942236318240097,0.2151118737528077,0.061930147590448556,0.230836860015617,0.011088081902576808,-0.1588559089200158,-0.05980931815333597,0.09373873309361534,-0.1592415142722181,0.1872441749491483,-0.03864729642447437,0.32055180125900146,0.18538555715153326,0.17535596194075173,0.06496486171228057,0.3379464586968467,0.29097587074508596,0.24568652212892714,-0.010139492736159179,0.2529898874996385,0.2002043708366672,-0.15439831104855736,-0.1942891847338841,-0.1901092227160113,-0.14299210473041365
#26,-0.23267234149209992,0.394946641859389,-0.17200505143011385,-0.3014681923785102,0.04879642929443861,-0.08493150684931507,1.0,0.08329654015597736,0.17977114322346793,-0.0925857730905305,-0.17863746348799323,0.16740863563186256,0.25008242314403323,0.5007914549853952,-0.16539963174688865,-0.21635737904042107,0.007652338214454417,-0.024942882207205037,0.0966153490210444,-0.0688479076089576,-0.14704867303558172,-0.12129794761551291,0.19421591971696567,-0.14932760066709727,-0.08763845642177513,-0.18054235392787252,-0.22372629732100682,-0.12809616997483925,0.4790780176028843,0.4255559947172067,0.04581184386839289,0.06925664928229204,0.03510743929125736,0.028035437131867392,0.35921644992432494,0.06582476164769167,0.24846288066478361,-0.060156362970318025,0.2684603742299943,-0.08278368503754832,0.34802618260341456,0.24915311424522574,0.07172837958990871,0.13761291006719173,0.20133805057214194,-0.234708337751728,-0.3226803428031581,-0.07976053907628237,-0.04853036160141903,0.11445345261392229,-0.03881310672592136,0.038693569066738646,0.06964611068801635,0.19899357003075202,0.07874639699999036,-0.01563051295151977,0.13184039794472346,0.022070122333297987,0.12371569317382125,0.04996481351161154,-0.04892753511418738,0.21101288885889735,-0.06213066237359374,0.3874813222407527,-0.22772888087686657,-0.20782393259618442,0.35226012937059564,0.6737354554481216,0.04567302594160007,0.11952030694186035,0.09063461000838692,-0.045622897245813775,0.10244570194634302,-0.1005215312388536,0.16979553276199474,0.2650747592376582,0.08965902846731513,-0.05879903213056597,0.3077342793517974,0.3586341858424995,0.3374104672572855,0.24110553054476397,0.32763922763247955,-0.02611126642437797,-0.07297774093104412,-0.05781959453597216,-0.1891683456566377,0.1254933338474738,-0.0683234843299625,0.07493661612023175,-0.14169261469349195,-0.04982985163834074,-0.14025045067625538,-0.13023627967956194,-0.10431974395804613,0.02893389760249872,-0.2547289676380708,-0.14327359663752132,-0.06541601997435724,-0.2730220855465474,0.00593253834363221,-0.07123480473908977,0.0034145353937512653,-0.12302931564690119,0.0644481505403295,0.06508054331794125,0.15937262009196687,0.07195974280123008,0.11186604070064493,-0.04663318326858377,-0.14526332025488514
#49,0.700604436389577,0.20895375627813714,0.2858588877213616,0.24405155543558946,0.18732515207311076,0.09940327571746696,0.08329654015597736,1.0,0.0446665959723521,0.5879498327436785,0.5127028043149239,0.15107824896609565,-0.07007027657543886,-0.14693299142992106,-0.3169541033229541,-0.22088052982175393,0.41175132310836476,0.24966982541717678,-0.07686849893476522,0.2250334994649726,-0.04973730635381219,0.08907676438548967,0.155350756268497,-0.22030983390049455,0.06141729247201951,-0.0949263975783984,-0.05061648655683341,0.3353551907300473,0.07706130161086636,0.3028525155929164,0.34565470968737044,-0.08505875661554183,0.17922743967686272,0.19197555262067037,0.14176587971041038,-0.16967985115633405,-0.18961179181167034,-0.31607106706641086,-0.2459140292867265,-0.2537688103110871,0.22661833746252397,-0.20538690677026597,0.18481100517675186,-0.07743148274898055,-0.12278638427501373,-0.1040768125861587,0.0064184010874070935,0.18752952290977798,-0.12140977316765157,0.28264293908399446,-8.290515072349204e-05,0.21984325142432978,0.08904591595731348,0.27025729517125696,-0.018534121253603,0.18260534256215477,-0.34872412829090066,-0.13066044556698447,-0.4707296617277048,-0.2679166706833891,-0.22212989116288934,-0.09170659288750928,-0.09217703141719608,-0.013413282176356608,0.03655345936201594,0.15104354448439744,-0.04942882207205036,0.10306267050986667,-0.08347777467151245,-0.06568594372089885,-0.03812672919900128,0.26690252860709707,0.5128030617064965,0.32649397973643873,-0.16074537514580703,-0.21191520538305073,-0.17411045665313835,-0.1497054939122555,-0.08962818003913894,-0.19286244493073565,0.006368272391620796,0.28652984103419354,-0.19672621055980258,-0.07486335110331331,0.035601014142076295,-0.05014990408066864,0.016999411951837892,0.14249081777255068,0.1747582736448382,0.19785603424175527,0.18058477051661478,-0.031968611724330735,0.039025189669632615,-0.23864922445123538,-0.06062680150000482,0.16438548967059663,-0.1268082480984836,0.3638090096690542,0.23933560197815545,0.12904475914125688,0.26782026934533854,0.0380958807708251,0.10833389567447196,0.09689684092815208,0.2725670712309487,0.3950777476791378,0.25719684189216546,-0.1466206510946372,-0.07729652087570975,-0.2903589021815623,-0.19000510927091668
#50,-0.25680738048644114,-0.015237195492273432,-0.36063547762042936,-0.3836676853074721,0.015449278435984691,-0.1599818765484465,0.17977114322346793,0.0446665959723521,1.0,-0.11392131722788312,0.07660243124174564,-0.37815738482450134,-0.10633260389654209,0.487958508864103,-0.04569616226273221,-0.023288635246257218,-0.15438674288799129,0.03669998939585281,0.21930340393124656,0.2098252243741143,-0.038612591942776164,0.27576373960070566,0.08312687380100836,0.18774546190701127,0.07607800796275052,0.18165675339573714,-0.06531961863630667,-0.15429419760346275,0.012310450869058062,-0.1170524326877657,0.03785680545245968,-0.02441074682116588,-0.06948415644009139,-0.12518484956571196,-0.14389827730808905,-0.1529098743890565,-0.01558038425573347,-0.19335601978155456,-0.0135636682637155,0.14802811063017554,-0.045268140321787664,-0.029446752720927765,0.05886072898691834,0.1099919986889418,-0.12392777611753251,0.2308831326578813,0.039935218300830015,-0.19271977095042078,-0.04212160064781699,-0.14555638032255888,-0.27715577492215593,-0.22929058255328583,-0.22465946227333636,0.27080099871786223,-0.17994466563195896,0.15197670943672698,-0.14361292934745934,0.0025314991372080244,0.08503176424088767,0.037212844514281855,-0.16834565663771414,0.05616149152150232,0.21825841342677837,-0.0056934630252667906,0.21646920459255975,0.052667907030549584,0.04961005658758544,0.2793845738578851,0.24609140774873955,0.12332237571457492,-0.023766785882988056,0.04462032333008782,0.3230158194595741,-0.2314731088467508,-0.03432080437276469,-0.16314769649002728,-0.1129727280614655,-0.22005533436804103,0.2376080900002892,0.2709166803235229,-0.31904794038541257,-0.173208140128985,-0.1980951095601207,-0.6133535133467652,-0.13471701387215254,-0.33141816008406194,-0.18150251125485622,-0.368999257709697,-0.2551801259001475,-0.13266559339843637,-0.23788186980035284,-0.3625635043814408,-0.12350361023011,-0.032936481158358476,0.03304830671049714,0.06671551001127896,0.1668919244599115,-0.006850279081873656,0.15625307279265035,-0.006877271456527816,-0.16677624285425083,-0.27126372514050495,-0.21992037249477023,-0.24365823797634312,-0.1376090540136697,0.06979264072185322,-0.040266838903723984,-0.09266675021449297,-0.2533562125842307,0.27321874427617054,0.21007972390656782
#51,0.6482160932393741,0.10539943894421254,0.561069283641657,0.5878958479943701,0.12398947297388488,0.31559291642968007,-0.0925857730905305,0.5879498327436785,-0.11392131722788312,1.0,0.43410872142905343,0.255770102089017,0.16717341636701918,-0.13093036931352608,-0.20327378944019742,-0.27736400181234516,0.7609439619021912,0.23416463420512276,-0.13408462109454078,0.05128743986966539,0.05224374114312707,-0.14887644240502057,0.23378674095996452,-0.15865539413687063,0.1907647518147552,-0.027935179740294795,0.3134682309390454,0.4566280739976671,-0.08005745519747814,-0.07039032901776676,0.29340518446396036,0.06580162532655953,0.34430509095466244,0.2914077487395525,0.118787656772676,0.03884395515409754,-0.21919543443262993,-0.15708983640692933,-0.020188368214550816,0.034432629924903355,0.02284904514474661,-0.2887123673276585,-0.1056770747977982,-0.23635101655210974,-0.28010565586650343,-0.2597418372167006,0.2578947875796516,0.30929598102821665,-0.009117638552823113,0.12870157037779684,0.3019039264264988,0.10154338542218966,0.3688141671406399,0.20342417552755632,0.2625991728765195,0.09311405242304763,-0.3599336758794212,-0.2855773958142539,-0.2294486807476888,-0.23857595943431695,-0.08456132571120087,-0.2190874649340133,-0.07776310335187453,-0.18696653909556266,0.19142028091349908,0.2790413850944251,-0.03206886911590333,-0.011597080967483828,-0.04564988962046793,0.08798550123875719,0.04675272092776648,0.4268940452893486,0.16715028004588703,0.3756625181957526,-0.22747823739793507,-0.2556814128580105,-0.20578408028303433,-0.03788379782711384,-0.16879681489979081,-0.4812296954681731,0.03687736785786587,0.06186459468057417,0.12009485891664176,0.30852091427029005,-0.06839674934688093,0.16135463160228664,0.15450242449365198,-0.03363828289936664,0.062281048460952636,0.048009794375945936,0.012750040970568671,0.02296858280392932,-0.22385354708723357,-0.0070739301861509835,-0.036657572807110565,0.23925462485419297,0.03732467006642052,0.47689163525589734,0.18191510898171268,0.36229743668842124,0.247174958788428,0.42167294882052964,0.1579613045029065,0.3096083213635005,0.2875401270569635,0.4601794992914502,0.24675079290100546,-0.3449413397857962,-0.3266597900378857,-0.20371723559523006,-0.1085421225646612
#52,0.42622309197651664,-0.005088062622309198,0.16639449355557054,0.23593456277173128,0.03845834980189525,-0.01617036044460297,-0.17863746348799323,0.5127028043149239,0.07660243124174564,0.43410872142905343,1.0,0.16138548003046282,-0.26408760953602034,-0.19641772627804074,-0.35263031050870985,-0.19055266887104394,0.2387687621104181,0.183654189120145,-0.055020099678983546,0.08854462899945051,-0.07983380409320082,0.14903454059942353,0.01929761985096353,0.08881069669247009,-0.0755690088978435,0.10224518716319783,-0.16896648125475983,0.2931583970385509,-0.2383793007046938,-0.06675021449297716,0.17120299229753308,-0.33086288837689065,-0.03291334483722634,-0.11470024003933174,-0.3592434422989791,-0.3790365650275226,-0.46878235469908325,-0.4328902085160942,-0.4676409628565644,-0.1153326328169435,-0.1520306941860353,-0.27438327243982147,-0.0037847165318654623,-0.10674134556987651,-0.20370181138114196,0.09874774661872307,-0.1402543067297774,0.14758852052866495,-0.16524924565952975,0.3134142461897371,0.01063692364050013,0.16202558491511862,-0.10675291373044257,0.012260322173271766,-0.24626493015723058,-0.051437825957024286,-0.3848746300598652,-0.058317025440313114,-0.43535808277018884,0.014034106793402293,-0.07520268381325133,-0.12993550750484417,-0.021657524606441537,-0.15340730529339747,-0.1469908322327514,0.04142365496033085,-0.24234332372533332,-0.13074527874446898,-0.07576952368098869,-0.2844398600252572,-0.15431347787107286,0.04350977991574523,0.37602113117330066,0.19276604359268507,-0.3297562010160701,-0.39394021189014106,-0.5553738925896291,-0.4449480878794598,-0.08375155447157606,-0.20606171613661997,-0.13030568864295836,-0.04058303529252986,-0.14241755275563225,-0.010937695815217915,-0.04773215852236029,0.3151803187028236,0.2039254624854193,-0.1561258230264236,0.07384535297349927,-0.028031581078345368,0.15507312041491136,0.1260833100363433,0.21788823228866416,-0.0858299673199464,0.13724272892907755,0.05140312147532608,0.06032988537880906,0.1175382954315406,0.0856101722691911,0.11074778517925829,0.2195270550355239,0.13044836262327322,-0.034266819623456374,0.034093297214965346,0.116427752017198,0.1760423394676718,0.05193140080784321,-0.2017853527806966,-0.14576460721274812,-0.0844649243731503,0.0006613131790269249
#53,0.21274040083676363,0.20846789353436226,0.2815092593485198,0.25614028322713117,0.2116607058505972,0.07867698803659395,0.16740863563186256,0.15107824896609565,-0.37815738482450134,0.255770102089017,0.16138548003046282,1.0,0.27701310094184106,-0.262348529397588,-0.1866040700644925,-0.055644780349551254,0.34774469069630687,0.19800642032911417,-0.20378664455862647,-0.2672804218522553,-0.30191549458706485,-0.2893409040517482,0.050867130035764895,0.057025247510435445,-0.14964379705590314,-0.07260755979292993,-0.23983688893601843,0.19517222099042736,0.1939999807197324,0.424430027088776,0.17099476540734385,-0.005007085498346717,0.44748922715047285,0.3411624073342138,0.1990899713688026,0.20328150154724148,0.006931256205836137,0.04680284962355277,-0.012923563379059701,-0.03774112384679899,0.23054379994794327,0.053685905160363624,-0.1613160710670664,0.006129197073255377,-0.006873415403005794,-0.17685982281434065,-0.151475422478864,-0.011828444178805202,-0.33466881320312725,-0.035442915947673355,0.06573221636316312,0.11272979668957805,0.1693867910886603,-0.09132869964235103,-0.08689423809202472,-0.20691390396498704,-0.3119682261189785,-0.2710902027320139,-0.2898267667955231,0.0013438346524249757,0.10161279438558607,-0.003221732717650121,-0.2092853768810311,0.12467199444728293,-0.204214666499571,-0.018653658912785708,0.10486730355817339,0.060194923505538254,-0.018738492090270214,-0.18300637212844514,0.1240434577231932,-0.03550461280402572,-0.008689616611878573,0.32608909411662634,-0.1819343892493228,-0.22114274146125149,-0.06868209730751063,-0.046432668485438575,-0.09535827557286496,0.04207532800555272,0.5494394262192359,0.4564776879103082,0.2738549931073043,0.6539346206125342,0.13015144650207744,0.5139984382983236,0.44248406967888715,0.30572141941330144,0.36434114505509335,0.23935102619224355,0.3367163776233214,0.4749481842807978,0.11975167015318172,-0.07030549584028227,-0.03734395033403064,0.06213066237359374,0.007949254335650179,0.1398301408423549,0.1121822370894508,0.1516605130479211,0.2876673768231903,0.3831741104566531,0.5032554731859679,0.2706776050051575,0.22460933357755006,0.2299615358661178,0.32913923245254645,-0.02009582293002227,0.00481042676872355,-0.32321247818919724,-0.36826660754051266
#54,-0.06983505731059547,0.1744382212025103,0.18590612437700635,0.17349348808961468,0.39805076494461744,0.5866156382250586,0.25008242314403323,-0.07007027657543886,-0.10633260389654209,0.16717341636701918,-0.26408760953602034,0.27701310094184106,1.0,-0.0023965372639372234,-0.18724031889562628,-0.18926089094116627,0.2527739485024052,0.27964292944386065,-0.2991584163188185,-0.31240396016696714,-0.17259888367250537,-0.326879585088641,0.04172442713504863,-0.20118380843126102,-0.033730828183895195,-0.07866541987602788,0.1225781573848245,0.10963338571139368,0.1876837650506589,0.05620390811024457,0.3706689288847329,0.3377459439137015,0.41028602276999604,0.42861770121369286,0.176242854250817,0.15420936442597824,0.3472086992567457,0.24192686994495483,0.47507543404702457,0.17422613825879904,0.06776435656926919,0.03853161481881368,-0.036996905517048574,-0.14260264332468936,0.03781824491723945,-0.2991198557835983,0.07122323657852371,-0.06775664446222514,-0.182647759150897,-0.23591528250412117,-0.07819112529281906,-0.10163978676024023,0.19013621509066544,0.010451833071443031,0.15117850635766825,-0.14336614192204988,0.01920507456643498,-0.2677547164354641,0.05045453230890845,0.0013746830806011588,-0.18016446068271427,-0.2480849874196254,-0.006437681355017207,0.25283178930523553,0.2595066179518572,0.08512430952541622,0.27796940221530275,0.09340711249072137,-0.30750291614047603,-0.14502810099004174,0.13733527421360608,0.01746599442800266,-0.2133265209721111,-0.06608697328718922,-0.05505480416068175,-0.019216642727001052,0.2659153789054592,0.1820385026944174,0.22873145479259252,0.12806532154666306,0.18880587662556755,0.2763614278966192,0.2799321334580124,0.16130835896002235,0.31419702505470776,-0.2434384429255878,-0.08083637800892676,0.16230707682222628,-0.1262992490335766,0.13498693761869415,-0.04450078567090511,0.022363182400971727,-0.10599327118660407,0.28828048933319195,0.041786123991401,0.14631216681287537,-0.025409464683369805,0.09503051102349301,0.16583922184839925,0.04981828347777467,0.004459525898219467,0.3137188744179769,0.5086462360097558,0.10737759440101029,0.10644442944868075,0.08534796062969353,0.26298863428224384,-0.2031349715134046,-0.12463728996558472,-0.18439069534285135,-0.1405396546904071
#58,-0.4424377970366229,0.12540078856294526,-0.29733064694937966,-0.3127394368233831,-0.06056510464365245,-0.20606942824366403,0.5007914549853952,-0.14693299142992106,0.487958508864103,-0.13093036931352608,-0.19641772627804074,-0.262348529397588,-0.0023965372639372234,1.0,0.2490991294959174,0.007251308648164037,-0.1730269056134499,-0.12156015925501046,0.4518658478979688,0.17986754456151852,0.1298776667020138,0.0012590014749404722,0.17339323069804208,0.09847782287218147,0.08859090164171479,0.0344904707277337,-0.16317468886468145,-0.2457096584500593,0.23943200331620604,0.07523353224142751,-0.1635063094675754,0.0457964196543048,-0.15540474101780533,-0.25775211359933675,0.1141372562251164,0.09720146915639188,0.277842152449076,-0.01792100874360136,0.23411450550933646,0.15641502704057533,0.07378751217066892,0.2292365978039775,-0.010447977017921009,0.22290495792081594,0.13064502135289638,0.14076716184820645,-0.14762708106388517,-0.03633752036478266,-0.17522100006748093,-0.17043178159312852,-0.21502318452180116,-0.3639632518099351,-0.20818254557373256,0.03146346871294574,0.15099727184213316,0.055193622087474574,0.24942303799176732,0.0782643903097375,0.3127895655191694,0.07131963791657428,-0.10837631226321422,0.20169280749616805,0.310194441498848,0.14821705725275466,-0.05367433699979756,-0.16526081382009583,0.3184926686782413,0.6051362632913345,0.31020215360589204,0.2760799359895115,0.016806609275736746,-0.04784784012802098,0.15227748161144478,-0.2066555483790115,0.340691968804527,0.31319059508545977,0.13511033133139888,-0.019833611290524713,0.31262761127124444,0.2218522553093037,0.005373410582938891,-0.17072484166080226,0.273797152304474,-0.21611444766853363,-0.11727608379204303,-0.2100604436389577,-0.2451042580471017,-0.1679214907502916,-0.21066198798839328,-0.16853460326029326,-0.22221858039389586,-0.17268371684998987,-0.23032014884366594,-0.2449731522273529,-0.23315434818235278,-0.024325913643681373,0.04964861712280567,-0.3384361774941436,-0.18016446068271427,-0.31742839790616295,-0.31037181996086105,-0.07049444246286138,-0.30782682463632594,-0.41977191443417233,-0.2136157249862628,-0.15561682396151658,-0.11753058332449655,0.03841207715963098,-0.02394802039852313,0.017928720850645407,0.03707017053396701
#101,-0.2955530062757271,-0.11422980150964496,-0.21700519603212093,-0.10777476791377864,-0.08045848476376852,-0.0007500024100334513,-0.16539963174688865,-0.3169541033229541,-0.04569616226273221,-0.20327378944019742,-0.35263031050870985,-0.1866040700644925,-0.18724031889562628,0.2490991294959174,1.0,0.6875054225752654,-0.23976747997262202,-0.2501749684285618,0.6542932335900822,0.3152690079338301,0.2578947875796516,0.19866194942785806,0.006507090318413619,0.2980748652791301,0.13538796718498453,0.2423587479394214,-0.19484831249457743,-0.3007008377276277,0.240604243586901,0.02092487443725719,-0.2317430325932924,0.2968987689549131,-0.24448728948357804,-0.18614519969537177,0.22309390454339506,0.4022615753906664,0.2996751274907696,0.3995623379252504,0.09777987718469533,0.10231459612659424,0.09949967705551753,0.4376370104017044,0.11517067856901854,0.34182564854000175,-0.0674481601804633,0.13702678993184425,-0.10068348548677855,-0.1022066266279776,-0.17751920796660658,-0.159897043370962,-0.15812711480435349,-0.1872094704674501,-0.22509134026780292,-0.21906818466640318,0.20222108682868517,0.08972458137718951,0.2763652839501412,0.20673652550297397,0.1654111999074547,0.14358208091928315,0.128558896397482,-0.0023309843540628345,0.4460239268121042,0.14264891596695362,-0.18273644838190353,-0.3148294178323195,0.16608986532733075,0.08625413320736892,0.43642235354226716,0.42741075646129967,0.036117725314027356,0.0869944954835973,-0.07692248368407353,0.03833881214271254,0.3090299133351971,0.22138567283313892,0.22705021545699056,0.060059961632267456,0.11684034974405445,0.26836782894546574,-0.06741731175228712,-0.22051034868363972,0.10555368108509346,0.07183249303500333,0.029589426701242615,-0.04929771625230158,-0.12203059778469726,-0.07278879430846501,0.10513337125119297,-0.031216681287536272,0.024511004212738472,-0.1804035360010797,-0.15408982676679553,-0.1312735580769861,-0.29994119518378914,-0.1829138268439166,0.2929386019877956,-0.2659924999758997,-0.2710015135010074,-0.18868633896638484,-0.46627977596329034,-0.0708491993868875,-0.214656859437209,-0.28784475528520337,-0.47717312716300503,-0.2595451784870774,-0.4702939276797162,0.12594449210955047,-0.07517183538507514,0.08677084437931999,-0.1877994466563196
#102,-0.20982136832059228,-0.13237253333076263,-0.1479548456132571,-0.06565895134624469,-0.12437507832608717,-0.2124820452507881,-0.21635737904042107,-0.22088052982175393,-0.023288635246257218,-0.27736400181234516,-0.19055266887104394,-0.055644780349551254,-0.18926089094116627,0.007251308648164037,0.6875054225752654,1.0,-0.17434953197150377,-0.08215129225993657,0.4625239798328401,0.4155649600416454,-0.020462148014614445,0.40200707585821294,-0.048472520798588686,0.47898161626483376,-0.048441672370412504,0.4801152960003085,-0.3028833640210926,-0.11609998746782606,0.2652405695391052,0.0974906731705436,0.0689982936963165,0.34017525763257594,-0.146925279322877,-0.09539683610808518,0.23200524423278995,0.2867419239779048,0.21928026761011443,0.39525127008762884,-0.018075250884482277,0.17889967512749078,0.17961690108258702,0.5158647682029827,0.22347565384207532,0.3918116703459844,-0.22029826573992847,0.24242430084929578,0.09849710313979158,0.021896599924806956,-0.14987130421370248,-0.12616043110678377,-0.16255000819411372,-0.24409011597080968,-0.32338214454416625,-0.08418728851956465,-0.024630541871921183,0.2671994447282928,-0.03683109521560159,0.13826843916593562,-0.1455409561084708,0.10314364763382916,-0.08331196437006545,-0.1798289840262983,0.3170659288750928,0.10431974395804613,-0.05096353137381547,-0.3081044604899116,-0.047111333905314606,-0.03876297803013506,0.2613845160170823,0.24984720387918985,-0.02665882602450522,0.013158782643903097,-0.012850298362141266,-0.005600917740738241,0.05753039052182044,-0.08554076330579469,0.04439281617228847,-0.03513443166591152,0.29726123798598325,0.3216045038705137,-0.05244811197979428,-0.10829147908572971,-0.10896628845208371,0.0014440920439975707,-0.05791985192754476,-0.035041886381382975,-0.1274136485014412,-0.10925934851975745,0.24457212266106254,-0.045669169888078044,0.13512575554548698,-0.08708704076812586,-0.026342629635699343,0.037594593812962124,-0.0588877213615725,-0.03866657669208449,0.4510213721766458,-0.19062978994148438,-0.0073631342003027,-0.07061783617556612,-0.3163101423847763,-0.03118968891288211,0.015923573019193508,-0.272277867216797,-0.28041414014826527,-0.18968891288211082,-0.35948637367086655,-0.05603424175527556,-0.06567051950681076,0.12563600782778864,-0.06261652511736863
#201,0.6550220277057446,0.1138673324785748,0.7362420830401126,0.7387061012406853,0.1299779240935864,0.3175440795118236,0.007652338214454417,0.41175132310836476,-0.15438674288799129,0.7609439619021912,0.2387687621104181,0.34774469069630687,0.2527739485024052,-0.1730269056134499,-0.23976747997262202,-0.17434953197150377,1.0,0.4124145643141527,-0.1503610230109994,0.020211504535682955,-0.12711673238024543,-0.19549227343275524,0.3130132166234467,-0.13049077921201546,0.25120839077246393,-0.009456971262761127,0.38853788090578695,0.5704587739677827,0.11536348124511968,0.0005109270916680323,0.49522716975311615,0.0873646766217115,0.4618915870552283,0.3696933473436611,0.23389471045858118,0.10030944829514234,-0.1863187221038628,-0.19316321710545342,0.005685750918222745,0.009630493671252157,0.08945851368416993,-0.2902779250575998,-0.04924758755651529,-0.2492495155832763,-0.44128869308706004,-0.45020774488349896,0.3051700037596522,0.3615146578234506,0.056261748913074915,0.132268419885668,0.4746281318384699,0.11186604070064493,0.43564728678434056,0.2874167333442588,0.20732264563832145,0.031652415335524854,-0.43077323513250365,-0.48058187847647327,-0.3297562010160701,-0.39106359596271195,0.0013399785989029528,-0.2798357321199618,-0.24755670808710825,-0.12059614587450473,0.27636914000366325,0.33701329374451716,-0.03577839260408935,0.03665371675358854,-0.11165010170341165,0.10606268015000048,0.19994215919716965,0.40893640403728804,-0.006356704231054727,0.2450348490837053,-0.33904543395062325,-0.28420078470689175,-0.20580336055064444,0.09012175488995787,0.021726933569837948,-0.45458822168451696,0.26693337703527326,0.2289126893081276,0.1821233358719019,0.29738848775221,-0.19613623437093305,0.16855388352790338,0.20819025768077662,0.04845324053097857,0.10396498703402003,0.17928528047969305,-0.04354062834392142,0.02838633800237147,-0.428471171179856,0.03158300637212844,-0.05030414622154956,0.5397221713437382,0.13405377266636462,0.6198625316919398,0.4273991883007336,0.502260611377286,0.32272661544542236,0.6908331967647711,0.2949823103544677,0.5397337395043044,0.48989810378568055,0.6426440959000511,0.39613045029065,-0.33814311742646985,-0.3765262741846857,-0.12141362922117359,-0.0409262240559899
