,#10,#11,#12,#13,#17,#18,#26,#49,#50,#51,#52,#53,#54,#58,#101,#102,#201,#202,#301,#302,#401,#402,#501,#502,#601,#602,#701,#702,#801,#802,#901,#902,#1001,#1002,#1101,#1102,#1201,#1202,#1301,#1302,#1401,#1402,#1501,#1502,#1601,#1602,#1701,#1702,#1801,#1802,#1901,#1902,#2001,#2002,#2101,#2102,#2201,#2202,#2301,#2302,#2401,#2402,#2501,#2502,#2601,#2602,#2701,#2702,#2801,#2802,#2901,#2902,#3001,#3002,#3101,#3102,#3201,#3202,#3301,#3302,#3401,#3402,#3455,#3501,#3502,#3601,#3602,#3701,#3702,#3801,#3802,#3901,#3902,#4001,#4002,#4101,#4102,#4201,#4202,#4301,#4302,#4401,#4402,#4501,#4502,#4601,#4602,#4701,#4702,#4801,#4802
#10,1.0,0.44991468481582525,0.33341945186199184,0.0945407922261961,0.11188917702177706,-0.05169618154299982,0.2803331630243028,0.5387118853209683,0.273631342003027,0.5760577636817599,0.43547376437584956,0.04772444641531624,-0.03058814456344654,0.15262452642842683,0.15990475547800603,-0.06150598170302604,0.23237928142442618,-0.23920064010488465,0.09271302285675725,0.13514117975957507,0.31607877917345495,-0.047041924941918195,0.2050707103814601,-0.131759420820761,0.18678530458002757,0.040239846529069825,0.08233252677547165,0.04345579516643691,0.05102137217664581,0.1772222918454108,-0.13645609401058487,-0.045083049752730565,-0.22823016783472955,0.3515467594690214,0.13033653707113455,0.23197825185813578,0.13444709012561093,-0.072958460663434,0.0935806348992124,-0.14272218098387204,0.08541736959308996,-0.04834527103236193,0.08846365187548803,-0.08007673546508826,-0.22999624034781602,-0.3156546132860324,0.07487106321035736,-0.1426759083416078,-0.02075135202876616,0.020396595104740053,-0.11390974906731706,-0.1490808132416878,0.1207426759083416,0.06315251655692981,0.26430740458677565,0.04826043785487743,0.11630821435801529,-0.2718035726335882,-0.048071491232298307,-0.15272863987352145,0.0966307732351325,0.13952165656059307,-0.024183239663366527,0.09699324226620265,0.31905950854597864,0.3490904533754928,-0.037166571872017586,0.139679754754996,0.29657486045906317,0.3066198798839328,0.3198499995179933,0.38385277587652916,0.3368667637106803,-0.05155350756268497,0.22179441450647336,0.15003711451514948,0.028660117802435096,0.1655770102089017,0.2197776985144554,-0.1108827470525291,-0.3143435550885446,0.07204071992519256,,-0.2753549979273712,-0.011419702505470777,0.02990176703652647,-0.034494326781255726,0.10897785661264979,-0.00563947827595847,-0.21533552485708501,0.07185948540965749,0.06341472819642736,-0.052070218734636034,0.018912014498761242,0.15062709070401897,0.4228490451447466,-0.20051671117195108,0.2073612061735417,-0.2554616178072552,0.06486460432070797,0.12029922975330898,-0.27082413503899433,-0.08580297494529224,0.167146423992365,-0.1617171006333568,-0.012603510936731802,-0.20231748816673575,0.10228760375194007,0.22103862801615687,0.024526428426826563,-0.03162156690734867
#11,0.44991468481582525,1.0,0.341359066063837,0.3947538391832879,0.014747476694976527,-0.09339940038367732,0.4676679552312186,0.16949476058727694,0.21060414718556295,0.4858068309988143,0.3690879469407035,-0.22292038213490403,-0.008963396411942198,0.04595837390222976,0.11640075964254384,-0.06885176366247964,0.21692807496168046,-0.1960205527652724,0.05348539037721844,0.0955703585165762,0.4910356395746773,0.22474429545082086,0.5338069852409552,0.09701252253381278,0.5063480281106302,0.16256928846172386,0.39870629404336133,0.06587489034347797,-0.01210608003239085,0.11639690358902181,-0.1977056481543964,0.11530949649581136,-0.11756143175267272,0.32656338869983514,0.23721477254104287,0.09766033952551262,0.15399342542874495,-0.01143898277308089,0.27827017439002055,-0.15840089460441711,0.14232886352462573,0.02606113772859167,-0.024310489429593282,-0.09397009630493672,-0.13930186150983775,-0.22927130228567572,-0.17099090935382183,-0.16192918357706804,0.03250845921741394,0.18658093374336035,-0.04576557122612862,0.031397915803071344,0.17722614789893285,0.07054071510512566,0.35281154502424494,0.14308079396142018,0.37302112153316686,0.09113975301977191,0.09504207918405908,0.03419741066005996,-0.011049521367356579,0.05913450878698196,-0.07724639217992346,-0.2332083329316611,0.3075838932644385,0.26492051709677733,-0.20059768829591354,-0.02593774401588694,0.1774382308426441,0.06504969488976507,0.1420897882062603,0.18609507099958547,0.07857287459149934,-0.20145373217780263,0.10548427212169705,0.10501768964553228,0.18820433227613198,0.15179933097471393,0.1737672678896783,0.014219197362459392,-0.19737788360502445,-0.08891095408404269,,-0.20793190209480109,-0.0409262240559899,-0.24222764211967263,-0.13077227111912312,0.03185293011867005,0.11429149836599732,0.005917114129544118,0.18523131501065235,0.13359490229724388,0.08844437160787792,-0.054958402822631175,0.17267986079646785,0.190059094020225,-0.03533880250257874,-0.07507157799350254,-0.24753742781949814,0.2064357533282562,0.04531441296405194,-0.05036584307790192,-0.042511062053541306,-0.2660734770998621,-0.11066295200177378,-0.13145479259252119,-0.12056144139280653,0.12489178949803824,0.18238554751139946,-0.03885166726114159,0.01912024138895048
#12,0.33341945186199184,0.341359066063837,1.0,0.5505422575265345,-0.036626724378934376,0.07310499069727087,0.253919196398446,0.1959742801230081,0.17373641946150212,0.5098878852438472,0.27252465464220643,-0.1125022895317787,-0.056859437208988464,-0.18988557161173397,0.00044923023531566616,0.15884819681297177,0.6926378298130778,0.2875169907358314,0.21441778411884357,0.13371058390290458,0.2928267764356569,0.07151629664619745,0.26666345328873164,-0.0042435869009861855,0.20257198769918927,0.20751930436794463,0.003561065427588135,-0.16152044190373363,0.21464529127664292,0.26774314827489804,0.04305090954662451,0.12492649397973644,0.04660619089392961,0.42523594227487876,0.1125871227092632,0.18999739716387262,0.1857248898614713,0.17428012300810736,0.09757550634802811,-0.27867506000983294,0.11254856217404298,0.023855475113994582,0.1449856844012995,0.02993261546470265,-0.2645002072628768,-0.32188213972409935,0.03891336411749395,-0.22572373304541468,0.16421582331562762,0.10373362382269866,-0.04897380775645166,-0.13160517867988009,0.19443185871419896,0.30967773032689694,0.23980218445432022,0.41377960726094876,0.016259049675609497,-0.13136610336151466,-0.015283468134537707,-0.14539828212815595,0.0036767470332488214,0.07010112500361505,-0.23187413841304116,-0.45302652000809773,0.4526486267629395,0.4200688305553681,-0.3032265527845526,-0.22748209345145712,0.42793517974029477,0.13597023126681,0.4719944472829283,0.38408413908785055,0.009364425978232577,-0.25870841487279844,-0.003965951047400538,0.10007037297677691,-0.1062863312542778,-0.06654198760278793,0.16608986532733075,0.1487453365852718,-0.2168972265335043,0.06927978560342418,,-0.24396672225810495,-0.018082962991526324,-0.15722865433372216,-0.24198085469426317,0.13623629895982955,0.3058949418217925,-0.08444564410554019,0.13474015019328467,-0.027013582948531324,-0.13635969267253428,-0.18170688209152344,-0.159056423703161,0.6019742994032757,0.16391505114090985,0.20041645378037848,-0.014836165925983053,0.13322857721265172,0.0162089209798232,0.3425351623880539,-0.19182516653331147,0.0304801750648299,0.11461540686184725,0.06784918974675369,-0.15279419278339584,0.03529252986031446,0.03992750619378597,-0.17924286389095082,-0.2650978955587904
#13,0.0945407922261961,0.3947538391832879,0.5505422575265345,1.0,-0.2845131250421756,0.08913074913479799,0.28875478391640075,0.1825976304551107,0.13206019299547878,0.47303172568035246,0.24879064521415556,-0.3099129495917403,0.038211562376485785,-0.004216594526332025,0.03196475567080871,0.08146877078653851,0.6683793971060318,-0.12978512141748527,0.2865568334088477,0.384666403169676,0.23941657910211794,0.28796814899790807,0.34641820828473097,0.05839800256427559,0.17034694841564402,0.1308840966712618,0.19746271678250893,0.08174255058660214,0.32644385104065243,0.44912804989733257,0.18179171526900795,0.33173821252638985,0.23475461039399226,0.3650545149566676,0.3514542141844929,0.44706891731657233,0.25743206115700884,0.304807534728582,0.20095244521993966,-0.3219746850086279,0.3744208689616612,0.32647855552235067,0.39220113175170873,0.39284509268988654,-0.2498394917721458,-0.12179537851985385,0.25302844803485874,0.17254104286967503,0.2974270482874302,0.3170003759652184,0.04743909845468655,-0.06656512392392007,0.13843424946738261,0.01948271042002063,0.17603462736062778,0.2846789353436226,0.1286938582707528,0.04735812133072407,-0.046178168952985064,-0.10783260871660899,-0.15849729594246767,-0.16713871188532098,-0.030433902422565624,-0.6344345579516644,0.3371713919389201,0.22005919042156305,-0.14881474554866822,-0.12663086963647055,0.22981114977875894,0.049128049897332576,-0.051935256861365235,0.07061783617556612,0.0727540898267668,-0.30857104296607635,0.10485573539760731,0.12173753771702352,-0.14812836802174814,-0.22339853277163488,0.2457443629317575,0.4839559253082433,-0.18456807380486442,0.20749231199329046,,-0.3599645243075974,0.13477099862146086,-0.3632383137477948,-0.4017101597370171,0.34856217404297574,0.604542431048943,-0.026955742145700984,0.327384728100026,-0.2757058987978753,-0.3169618154299982,-0.34295547222195444,-0.28132416877946265,0.07727338455457762,0.1695178969084091,0.12898306228490453,-0.18582129119952184,0.10710767065446869,-0.09460634513607048,0.20748459988624643,-0.048040642804122125,-0.1706322963762737,0.15818495560718382,0.20610798877888425,0.0535972159293571,-0.08027339419471143,0.11305756123895,-0.3002149749838528,-0.2977625249438462
#17,0.11188917702177706,0.014747476694976527,-0.036626724378934376,-0.2845131250421756,1.0,0.4271832493035003,0.04350206780870119,0.2749038396652946,-0.3238294467527209,0.013166494750947144,0.11587633636354873,0.6094126266472578,0.5251347208699256,0.21169926638581743,0.29795532761994736,0.2264679513751651,0.04419230138914328,0.10853826651113918,0.068408317507447,0.09077728398870176,-0.11582235161424041,-0.06795715924537032,-0.006549506907155871,0.2733421379888753,-0.042996924797316184,0.046432668485438575,-0.38408413908785055,-0.2785478102436062,0.11148043534844264,0.07018595818109956,0.06529262626165251,-0.1186334146317951,-0.09214232693549787,0.10570792322597437,0.13910905883373662,0.027437748835953842,0.26416858665998283,0.048295142336575635,0.1207928046041279,0.19489458513684169,-0.009823296347353301,-0.14371318673903194,0.19074161549362306,-0.024233368359152824,-0.10977991574523055,-0.04482469416675503,0.015017400441518128,0.053373564825079774,-0.309349965777525,-0.39404432533523565,-0.2454435907570397,-0.3365621354824405,-0.2757213230119634,0.1738328207995527,-0.30733710583902907,0.1207581001224297,-0.37994659365871997,-0.3267716155900244,-0.3882679571592454,-0.43975783983881694,-0.3817165222253285,-0.3262240559898971,0.3270106909083898,0.33436418497488746,-0.023500718189968475,-0.02055083724562097,0.2958036497546586,0.21713630185186972,0.11615397221713437,0.21687409021237214,0.3114206665188513,0.18657322163631632,0.3126854520740748,0.37893245158242794,0.09284798473002805,0.21440235990475548,-0.40344923987544945,-0.3585763450396692,0.1983958817348385,-0.00305977846972516,0.17929684864025913,0.3393577742859071,,0.2968987689549131,0.29220595181861125,-0.08144177841188435,-0.18167217760982524,0.01915880192417071,0.007289869183384265,0.2962393838026472,0.10351768482546538,0.0455766246035495,-0.16290862117166185,-0.18210791165781381,-0.19012079087657738,0.017300184126555675,0.0929405300145566,0.3196919013235904,0.08133380891326772,-0.15898315868624258,-0.047061205209528306,-0.041766843723790886,0.09618347102657784,0.09729787049444247,-0.02386704327456065,0.016467276565798734,-0.09903309457935276,-0.4560728022904958,0.003857981548783897,-0.3977924093586419,-0.3655827942891847
#18,-0.05169618154299982,-0.09339940038367732,0.07310499069727087,0.08913074913479799,0.4271832493035003,1.0,0.3135067914742657,0.3016532829475673,0.014157500506107024,0.08825928103882082,0.3086443079829948,0.2664475142914984,0.7386405483308108,0.4710882747052529,0.1074470033644067,0.2095514445740507,0.4504776686300406,0.1422401742936192,0.21075838932644386,0.16152044190373363,-0.18853595287902597,0.03246218657514966,-0.16710015135010073,0.3052625490441807,-0.1570512758717091,0.010151060896725246,-0.1702119865423732,-0.04433497536945813,0.3684709783771799,0.2494346061523334,0.5196706930292192,0.30832811159418894,0.43909845468655107,0.09442511062053541,0.17563359779433738,0.17535596194075173,0.3829620275129419,0.2599654883209779,0.187028235951915,0.3170119441257845,0.01995314894970742,0.07754330830111922,0.47021295055575374,0.4008926763903483,-0.1383494162898981,0.27311463083107596,0.3695198249351701,0.42261768193342525,-0.12086992567456836,-0.19994601525069167,-0.07058313169386791,-0.1709831972467778,-0.3515081989338012,-0.04138509442511062,-0.39980141324361584,0.10571563533301842,-0.3845468655104933,-0.31786413195415153,-0.6058534892464308,-0.5371347594304609,-0.48171941426547,-0.5331321758746012,0.3640943576296839,0.126538324351942,0.1072117840995633,-0.1256282957207446,0.3742704828743023,0.30927284470708455,0.05230543799947943,-0.03113570416357379,0.10200996789835443,-0.06954970934996578,0.4661525261970636,0.41441200003856055,0.2668061272690465,0.26403362478671205,-0.3961767229329143,-0.5315627620911378,0.2993319387273095,0.3666200726866089,0.20924296029228887,0.4660831172336672,,0.009437690995151012,0.5894305572961352,-0.2612996828395978,-0.432689693732949,0.22167102079376863,0.3341868065128744,0.2292674462321537,0.27406321999749356,-0.3546470265007278,-0.3201854761744093,-0.4731936799282774,-0.5500602508362816,-0.11822852901198269,0.058698774738993376,0.37017149798039195,0.176582186960755,-0.10577347613584877,0.011627929395660012,0.25039090742579506,0.29520981751226705,0.22543452903126296,0.3450030366421486,0.3999016706351884,0.352321826226948,-0.5808585503166784,-0.24952329538333992,-0.606065572190142,-0.5675628777727435
#26,0.2803331630243028,0.4676679552312186,0.253919196398446,0.28875478391640075,0.04350206780870119,0.3135067914742657,1.0,0.21714787001243577,0.2032699333866754,0.3008319435473764,0.3992345733758785,-0.23970192706274762,0.22737412395284046,0.49172972920864144,0.12797663231565654,0.1546065379387466,0.35971002477514386,-0.29136147609728824,0.1473957178525638,0.2868537495300435,0.34445547704202134,0.2602932528703498,0.3166610432552804,0.15771837313101905,0.21838951924652714,0.19416964707470138,0.20389075800372108,0.15957313487511207,0.15527749125157858,0.32517906548542896,-0.0033412703768328305,0.23896156478651923,0.12830439686502848,0.3268988653562511,0.3402176742213182,0.26746936847483443,0.33691303635294456,0.12092776647739871,0.40968062236703845,0.08340836570811602,0.2401685095389124,0.20230977605969172,0.3064579256360078,0.2136157249862628,-0.22371087310691873,0.09312947663713572,0.1624613189631072,0.20698331292838346,0.019945436842663377,0.2251877416058535,-0.05904581955597544,-0.031409483963637415,0.06245842692296569,0.1463661515621837,0.17567987043660166,0.2145064733498501,0.17190865009206327,0.08601891394252552,-0.2940645696162263,-0.29220595181861125,-0.28489487434085586,-0.2947625153037124,0.15749472202674172,-0.026331061475133276,0.18198066189158704,0.09951510126960562,0.10627090704018972,0.4194595740988885,0.2434847155678521,0.196799475576721,0.11883392941494028,0.24806185109849324,0.2842084968139358,0.033044450656975116,0.44280797817473705,0.28555425949312174,0.08831712184165116,-0.08711788919630205,0.3494914829417832,0.28340643768135504,-0.16976854038734057,0.17643951298044017,,-0.23670577347613586,0.20448073419259058,-0.39677441122882784,-0.4203079058737335,0.28131260061889657,0.2405232664629385,0.11096372417649157,0.463514985588,-0.10506781834131858,-0.056936558279428916,-0.37156738935536426,-0.28713524143715113,0.10668736082056819,-0.04463189149065389,-0.0685934080765041,-0.3104875015665217,0.04073342137988875,0.05534400817483347,0.049224451235383146,0.01257266250855562,-0.20883807467247645,0.09777987718469533,0.03324496544012031,0.09420917162330213,-0.2165656059306103,-0.13362189467189806,-0.37436688421235287,-0.35581155466437875
#49,0.5387118853209683,0.16949476058727694,0.1959742801230081,0.1825976304551107,0.2749038396652946,0.3016532829475673,0.21714787001243577,1.0,0.08629654979611116,0.6113329413012253,0.5797171584741596,0.27778816769976766,0.28020591325807603,0.41089913527999766,0.34705060106234276,0.15973508912303702,0.47078750253053514,-0.3564285232279024,0.3421071404471094,0.4164942689404529,0.11947789035311811,-0.0706833890854405,0.12299461116520297,0.11963213249399901,-0.011920989463333751,0.11954344326299249,-0.11670924392430566,0.04103419355460654,0.5300897496457251,0.5978367539741452,0.24265566406061717,0.24300270887759923,-0.04499436052172404,0.3167304522186768,0.4399005138191318,0.5369997975571901,0.4640085604388189,0.19918251665333114,0.17546007538584635,-0.15000241003345127,0.36363548726056316,0.3050543221539915,0.5600782778864971,0.30265585686329327,-0.2841969286533697,-0.2769321238178786,0.33752614886294624,0.09682743196475567,0.08473099206616988,-0.0490817772550683,-0.13016301466264352,-0.4201768000539847,-0.10694571640654373,0.07302015751978637,-0.03549304464345965,0.12865529773553258,-0.21865558693954673,-0.475144843010421,-0.3623321411701194,-0.538842991140717,-0.18648067635178775,-0.22130855176269848,0.3527575602749366,-0.045630609352857815,0.44265759208737815,0.391904215630513,0.3424618973711355,0.24632277096006092,0.3608745529387948,0.3394734558915678,0.21647691669960378,0.31752094319069146,0.5996876596647162,0.17252176260206492,0.2882766332796699,0.37233474400624683,-0.3671637762332141,-0.3235209624709591,0.38251472530438724,0.2556737007509664,-0.24364281376225502,0.5139598777631034,,-0.4014170996693434,0.2795118236241119,-0.13422729507485565,-0.29488590901641715,0.4259840166581512,0.378091831914627,-0.042302835163352065,0.34243876105000337,-0.30188079010536667,-0.4632874784302006,-0.3098936693241302,-0.2882033682627515,0.16964129062111383,0.04425785429901767,0.5194046253361997,-0.32219833611290527,0.026608697328718924,-0.07717698321652705,-0.2501094155186874,0.2857162137410467,0.03883624304705349,-0.12598690869829274,0.3178911243288057,-0.08158830844572122,-0.2444294486807477,0.06751756914385972,-0.3237985983245447,-0.3778411884356955
#50,0.273631342003027,0.21060414718556295,0.17373641946150212,0.13206019299547878,-0.3238294467527209,0.014157500506107024,0.2032699333866754,0.08629654979611116,1.0,0.14936230514879548,0.2977586688903242,-0.473964890632682,-0.020724359654112,0.08815131154020418,0.006090636538035148,-0.020091966876500247,0.08067056770747978,-0.10763594998698582,0.05234014248117764,-0.015414573954286486,0.26937040286119174,-0.021788630426190315,0.2572199782132976,-0.10094184107275408,0.17114900754822476,-0.10989559735089123,0.4288452083714922,0.128393086096035,0.001131751708713717,-0.06191472337636046,0.08468086337038358,0.2923717621200582,-0.016282185996741635,-0.08118727887943085,0.08567186912554346,0.008265450724456055,-0.09219245563128416,-0.10954855253390917,-0.08441865173088603,-0.10545342369352087,0.12739822428735312,0.17013100941841072,-0.1017361880982908,-0.03227323995257054,-0.13223757145749182,-0.08128753627100344,-0.10165521097432832,-0.1551618096459179,0.04602007075858213,0.1458301601226225,0.1629818861885803,0.15109367318018374,0.22146279390357937,-0.12933781920893062,0.24089730365457473,-0.10401511572980633,0.2972072532366749,0.03904832599076475,0.10135443879961054,0.05763450396691506,0.2618665227073352,0.2645040633163988,-0.09764491531142452,0.05080157712589051,0.13820288625606122,0.12584037866445585,-0.0609777023705089,0.07330550548041607,0.02119479818379879,0.13856149923360936,-0.012275746387359857,0.12049974453645416,0.08695207889485507,0.03906760625837487,0.03305601881754119,0.0273799080331235,0.31973431791233264,0.35699150704211774,0.23099110215649793,0.06410496177686946,-0.01618578465869106,-0.28095398764134843,,-0.3389220402379185,-0.35468558703594805,-0.09477986754456152,0.0885754774276267,0.009599645243075975,-0.08478883286900023,-0.06948801249361342,-0.013478835086230996,-0.0051960321209258385,0.08355875179547492,0.19599356039061822,0.20413368937560852,0.23706438645368397,-0.12194576460721275,-0.09950353310903956,-0.039946786461396086,0.3182420251993098,0.21070826063065756,0.15203455023955734,0.10316678395496129,0.03584780156748576,0.025760365553873888,0.05145325017111237,0.020280913499079366,0.3105954710651384,0.02683234843299625,0.1290987438905652,0.11751901516393047
#51,0.5760577636817599,0.4858068309988143,0.5098878852438472,0.47303172568035246,0.013166494750947144,0.08825928103882082,0.3008319435473764,0.6113329413012253,0.14936230514879548,1.0,0.5217876664128098,0.09344181697241957,0.12359615551463854,0.16909373102098657,0.21627254586293657,0.02981307780551994,0.6091272786866282,-0.17115286360174678,0.1846876114640471,0.2526698350573106,0.33603771220344536,-0.02159197169656715,0.22199492928961853,-0.07475538160469668,0.12162571216488485,-0.016309178371395797,0.10939816644655027,0.006036651788726827,0.2979938881551676,0.3913412318162976,0.03150974135521001,0.011974974212642072,-0.1034714121832011,0.3441469927602595,0.3188512816557894,0.3111738790934418,0.27304522186767954,0.014462128734346833,0.0713736226658826,-0.41501740044151814,0.3279361437536753,0.23478160276864643,0.26496293368551954,0.1156526852592714,-0.24510811410062372,-0.4042898595432505,0.1968650284865954,0.030476319011307876,0.24749115517723386,0.19869665390955626,-0.07662556756287778,-0.21090877541380273,0.17908476569654788,0.0131086539481168,0.17549477986754455,0.08941609709542768,0.09921047304136582,-0.3542459969344374,-0.04198278272102417,-0.22283554895741953,-0.047971233840725706,-0.04421543771027542,0.004667752788408703,-0.22285097317150762,0.5156912457944917,0.5102040816326531,-0.0027474381344413062,0.06152526197063615,0.3104875015665217,0.2378086047834344,0.28545014604802715,0.2888897457896716,0.31966490894893623,-0.029658835664639026,0.053716753588539806,0.22555406669044567,-0.19314779289136533,-0.13369515968881648,0.3715365409271881,0.09423616399795628,-0.2602161317999094,0.2333779992866301,,-0.3771548109087754,0.06721294091561991,-0.06672707817184502,-0.1695873058718055,0.31024071414111226,0.3650737952242777,-0.03745191983264728,0.15348828241735996,-0.003175460075385846,-0.2323985616920363,-0.09874774661872307,-0.032828511659741835,0.3718797296906481,-0.056466119749742125,0.4523787030163979,-0.2449230235315666,0.08053560583420898,0.05557537138615484,-0.09184155476078008,0.07485178294274725,0.05938129621239143,-0.1003364406697965,0.1827788649706458,-0.14457694272796506,-0.0430162050649263,0.07929395660011761,-0.219546335303134,-0.22702322308233638
#52,0.43547376437584956,0.3690879469407035,0.27252465464220643,0.24879064521415556,0.11587633636354873,0.3086443079829948,0.3992345733758785,0.5797171584741596,0.2977586688903242,0.5217876664128098,1.0,0.06627591990976835,0.3665390955626464,0.34663029122844224,0.36557122612861864,0.19138557643180087,0.47759729305042753,-0.14230187114997156,0.4591846374827683,0.37358410534738223,0.32345926561460675,0.08461916651403122,0.27619947364869424,0.16492919321720184,0.17668630040584962,0.20412212121504247,0.11963984460104306,0.021973720995247414,0.40794925433565016,0.3892859552890594,0.22780600194730702,0.30555175305833243,-0.0015135010073939826,0.353490210444121,0.3143127066603684,0.28563523661708423,0.44322828800863756,0.3087137169463912,0.2388535952879026,-0.11211282812605439,0.3431984035938419,0.2691467517569144,0.13306662296472674,0.22722373786548158,-0.2290669314490085,-0.14305380158676603,0.1986850857489902,0.05494683466206511,0.011080369795532763,-0.001066198798839328,-0.09881329952859745,-0.20825195453712897,-0.050662759199097684,0.13239566965189478,0.13975687582543644,0.30137950314750367,-0.11902673209104142,-0.36664706506126304,-0.2736621904312032,-0.378766641280981,-0.2463844678164133,-0.2515130190007037,0.2692971378442733,0.017192214627939035,0.42544802521859004,0.34814957631611926,0.12811159418892734,0.2518253593359876,0.46133245929453504,0.39857518822361254,0.3787550731204149,0.3965237677498964,0.39665487356964513,0.1082374943364214,0.16442790625933887,0.20173136803138828,-0.2183972313535712,-0.22398850896050437,0.4462128734346833,0.3534593620159448,-0.10232230823363828,0.21255916632122854,,-0.3526187423481438,0.1016166504391081,-0.29665583758302566,-0.3669054206472386,0.2873781728090386,0.370005687678945,-0.09693154540985029,0.12421698013168422,-0.27488841545120646,-0.33109425158821204,-0.319287015703778,-0.26066343400846403,0.22457462909585185,0.1642273914761937,0.2578986436331736,-0.12085450146048027,0.08087108249062497,0.0410110572334744,-0.07158956166311588,0.12121697049155042,-0.04014344519101925,-0.052062506627591994,0.15623764857856226,-0.044466081189206905,-0.2003701811381142,-0.1710371819960861,-0.3453462254056086,-0.40353021699941194
#53,0.04772444641531624,-0.22292038213490403,-0.1125022895317787,-0.3099129495917403,0.6094126266472578,0.2664475142914984,-0.23970192706274762,0.27778816769976766,-0.473964890632682,0.09344181697241957,0.06627591990976835,1.0,0.352988923486258,0.15696258664070256,0.0876500245823412,-0.04438510406524442,0.054206472385836715,0.1721631496245168,-0.007559792929925867,0.13016301466264352,-0.3664504063316399,-0.2698601216584886,-0.342708684796545,0.008034087513134683,-0.4143348789681201,-0.12844707084534332,-0.6669140967676631,-0.39105973990918996,0.08133380891326772,0.15459496977818052,0.0011163274946256255,-0.399832261671792,-0.08502405213384362,-0.0874148053174978,-0.04018200572623948,0.010787309727859023,-0.010363143840436505,-0.03496862136446454,-0.12414757116828781,0.045584336710593545,0.0016137583989665777,-0.029805365698475896,0.11643932017776407,-0.10010507745847512,0.131589754465792,-0.012148496621133101,0.03492620477572229,0.049448102339660474,0.010174197217857384,-0.27434856795812324,-0.19258480907715,-0.3016378587334792,-0.25805674182757654,-0.009815584240309256,-0.403364406697965,-0.054156343690050415,-0.4698080649359413,-0.34743620641454503,-0.11059739909189939,-0.1919292799784061,-0.2613806599635603,-0.2412636287391669,0.27184984527585243,0.22570059672428253,-0.18019916516441248,-0.010023811130498491,0.3552022982078991,0.16468240579179239,0.0708337751727994,0.12781082201420957,0.32835259753405377,0.051738598131742065,0.20896146838518118,0.10396113098049801,-0.031505885301687984,0.062439146655355576,-0.4571794896513164,-0.3720995247414034,-0.044535490152603316,-0.11580307134663029,0.33744517173898375,0.36999797557190095,,0.5002053348500477,0.38535278069659606,0.253749530043477,-0.019363172760837922,0.1195781477446907,0.03011770603375975,0.390396498703402,-0.13495608919051796,0.254586293657756,-0.13720802444737934,-0.03287478430200611,-0.14376717148834026,-0.03385422189659992,-0.007320717611560448,0.27974318683543326,-0.03339149547395718,-0.4735214444776493,-0.3142240174293619,-0.0464866532347469,-0.03406630484031118,0.36352366170842454,-0.08432610644635748,-0.05625789285955289,-0.09442511062053541,-0.4321382780792997,-0.1436052172404153,-0.2560554500496467,-0.3129129592318741
#54,-0.03058814456344654,-0.008963396411942198,-0.056859437208988464,0.038211562376485785,0.5251347208699256,0.7386405483308108,0.22737412395284046,0.28020591325807603,-0.020724359654112,0.12359615551463854,0.3665390955626464,0.352988923486258,1.0,0.5000935092979091,0.21951548687495784,0.06083117233667203,0.2516634050880626,0.09990456267532993,0.29335119971465207,0.2926262616525117,-0.07440448073419259,-0.08089421881175711,-0.005219168442057976,0.2797817473706535,-0.1380447880616583,0.051476386492244515,-0.003329702216266762,0.08274898055585012,0.3022085546547386,0.21206173541688758,0.4178284634590728,0.31040266838903724,0.22188310373747988,0.1810127924575593,0.3264708434153066,0.09879016320746532,0.44205990379146465,0.33530891808778307,0.2808228818215997,0.2035012965979968,0.22454763672119768,0.1560371337954171,0.33889890391678634,0.3053242459005331,-0.0039582389403564925,0.1509317189322588,0.24786519236887009,0.5165010170341164,-0.029469889042059903,-0.05468847907608958,0.036364512739436826,-0.09167188840581107,-0.11606142693260582,0.07130806975600822,-0.16105771548109088,0.22566974829610634,-0.3076455901207909,-0.32421505210492324,-0.4408105424503292,-0.4597476212969836,-0.6247095909691226,-0.611120858357514,0.4928749771046822,0.1855436553459362,0.22671088274705253,0.051044508497777946,0.43694677682126226,0.42693646187809087,0.24017236559243443,0.30115585204322637,0.242459005330994,0.210785381701098,0.42816654295161616,0.45055093364695903,0.2764809655558019,0.30065456508536337,-0.38758929173936935,-0.4687090896821648,0.30034222475007955,0.354168875863997,0.3355557055131925,0.3434837515544716,,0.2002043708366672,0.46659982840561826,-0.45673989954980576,-0.5393944067943663,0.12894835780320632,0.28882033682627517,0.40957650892194386,0.23261064463574754,-0.2960697174476782,-0.3393539182323851,-0.5131616746840446,-0.44440438433285456,-0.23039726991410642,0.06580162532655953,0.3476135848765581,-0.05062805471739948,0.05759979948521685,0.09415904292751584,0.20445759787145845,0.35829870918608353,0.12201902962413118,0.1959241514272218,0.2964206183181823,0.2253766882284326,-0.6646004646544494,-0.2536801210800806,-0.6879642929443861,-0.6163766593080312
#58,0.15262452642842683,0.04595837390222976,-0.18988557161173397,-0.004216594526332025,0.21169926638581743,0.4710882747052529,0.49172972920864144,0.41089913527999766,0.08815131154020418,0.16909373102098657,0.34663029122844224,0.15696258664070256,0.5000935092979091,1.0,0.3009746175276913,0.05234399853469966,0.16158985086713004,-0.26865317690609547,0.3114360907329394,0.5021950584674115,0.07625538642476358,0.09276700760606557,0.19054495676399988,0.4224441595249342,0.044759141256880644,0.12393163217105453,-0.004151041616457636,0.09432099717544079,0.38730394377873967,0.36492726519044083,0.2971031397915803,0.28628690966230613,0.2509885957217086,0.15318365418912014,0.5156951018480137,0.3605275081218127,0.4736988229396624,0.2116452816365091,0.2808614423568199,0.11090202732013921,0.3921278667347903,0.44457790674134556,0.45829388911918095,0.3073988026953814,-0.15199213365081507,0.014419712145604582,0.19403854125495262,0.37063422440303473,-0.011558520432263599,0.0022615753906664224,-0.18338040932008137,-0.19052567649638977,-0.22074942400200515,-0.061390300097365354,-0.17479683418005842,0.08617701213692847,-0.15864768202982657,-0.1215832955761426,-0.419540551222851,-0.417851599780205,-0.4295585782730664,-0.46744430412694127,0.5687698225251366,0.2505605737807641,0.06971937570493479,0.05353166301948271,0.6987612428060501,0.7018075250884482,0.27372388728755553,0.355857827306643,0.05552524269036854,0.15902557527498482,0.40405464027840704,0.27098223323339726,0.4347603944742753,0.29104913576200436,-0.1357195877878785,-0.270928248484089,0.5387581579632326,0.4343940693896831,-0.09614876654487964,0.32600811699266385,,-0.12106658440419153,0.3800429949967706,-0.38180906750985705,-0.38955973508912306,0.2699796593176713,0.3488822264853036,0.2243471219380525,0.4089595403584202,-0.21376225502009968,-0.26028168470978374,-0.3948772328959926,-0.33820095822930024,-0.07609728823036063,0.08660889013139503,0.19593186353426587,-0.18825831702544032,-0.05967435628006517,0.015322028669757936,-0.16927496553652166,0.4414313670673749,0.01991458841448719,0.17923515178390675,0.17478140996597033,0.30487308763845644,-0.38511370537823064,-0.09827345203551426,-0.4981963309650738,-0.42460354949726703
#101,0.15990475547800603,0.11640075964254384,0.00044923023531566616,0.03196475567080871,0.29795532761994736,0.1074470033644067,0.12797663231565654,0.34705060106234276,0.006090636538035148,0.21627254586293657,0.36557122612861864,0.0876500245823412,0.21951548687495784,0.3009746175276913,1.0,0.6245939093634619,0.14444198085469426,-0.18135212516749732,0.6642958364262096,0.6078547810243606,0.3373102098657129,0.22138567283313892,0.47613584876558085,0.4797258345945842,0.3621894671898046,0.30397848322134713,-0.14338542218966,-0.35237581097625637,0.4076986108567187,0.36309563976748,0.12883653225106764,0.335810205045646,0.10784417687717505,0.3369708771557749,0.5102464982213953,0.4624545708694437,0.556017853527807,0.5227323995257054,0.20679822235932635,-0.22794867592762189,0.4412308522842297,0.39219341964466464,0.15320293445673025,0.35461617807255164,-0.5575679870436602,-0.41026674250238593,0.19214521897563938,0.06369236405001301,-0.2671107554972863,-0.36863678867862687,-0.4120443831760385,-0.4559609767383571,-0.3493410968544243,0.0613478835086231,-0.08169627794433787,0.3249245659529754,-0.2998525059527826,-0.30647334985009594,-0.5451939112914888,-0.6147841092034357,-0.4690329981780147,-0.48347777467151243,0.7028255232182623,0.2885388449191675,0.04974501846085624,0.10774006343208044,0.4409185119489458,0.4171189496110206,0.6222571409291161,0.5815912004858628,0.24619552119383417,0.3222561769157356,0.3164065437228269,0.18881358873261161,0.18356549988913845,0.010883711065909595,-0.35050562501807525,-0.3640827894691178,0.5466167950411152,0.4300560091774074,-0.17768501826805355,0.21651933328834605,,-0.31297080003470445,-0.19133544773601457,-0.40002506434789314,-0.36055450049646687,0.15151783906760627,0.24031503957274927,-0.1997107959858483,-0.006742309583257016,-0.4279390357938168,-0.6997908090964302,-0.38495175113030566,-0.3058949418217925,0.08063971927930359,0.43124752971571245,0.18747553816046966,-0.10443542556370683,0.01359066063836966,-0.14585715249727665,-0.26337809568796816,0.3099437980199165,-0.07734664957149605,-0.06474121060800324,0.2551647016860594,-0.09707036333664311,-0.4081729054399275,-0.017095813289888465,-0.4238554751139946,-0.33021507138519085
#102,-0.06150598170302604,-0.06885176366247964,0.15884819681297177,0.08146877078653851,0.2264679513751651,0.2095514445740507,0.1546065379387466,0.15973508912303702,-0.020091966876500247,0.02981307780551994,0.19138557643180087,-0.04438510406524442,0.06083117233667203,0.05234399853469966,0.6245939093634619,1.0,0.2103457915995874,-0.0391408712752933,0.5036565027522582,0.3386174120096787,0.08027339419471143,0.3676804874051652,0.24758755651528444,0.4263889022779636,0.2315232375425371,0.5162542296087069,-0.263015626656898,-0.3371328314036999,0.3189052664050977,0.2885388449191675,0.2092853768810311,0.37230775163159263,0.144229897910983,0.24764154126459276,0.23498211755179163,0.3436418497488745,0.3449721882139724,0.5021410737181032,0.09478757965160556,-0.06948030038656937,0.15943817300184127,0.152825041211572,0.1358892541428475,0.3984517945109078,-0.5751978637463488,-0.11793546894430895,0.23362093065851755,-0.06601756432379281,-0.3528693858270753,-0.39138364840503986,-0.35763546798029555,-0.3643064405733952,-0.4171343738251087,0.31956465155736363,-0.1992403574561615,0.3893052355566695,-0.4663684651942969,-0.18451794510907812,-0.6203561065427589,-0.5968187558443311,-0.3182111767711336,-0.35424214088091543,0.3505518976603395,0.08261401868257931,0.0449712242005919,0.021225646611974975,0.22021343256244397,0.13686097963039728,0.34988480040102954,0.19474805510300483,0.008523806310431589,0.07143531952223497,0.23461964852072148,0.28752470284287546,0.047550924006825215,0.04748922715047285,-0.39247491155177233,-0.3847550924006825,0.2840079820307906,0.4388208188329654,-0.2292828704462418,0.15946902143001745,,-0.3860314461164721,-0.20769282677643566,-0.2845516855773958,-0.3179990938274223,0.13129669439811825,0.25622126035109366,-0.36143753675301016,0.021996857316379553,-0.5379213943489536,-0.6297455968688845,-0.37082317102561385,-0.3826689674452681,0.0747592376582187,0.5982994803967879,0.14930446434596512,0.16504873087638455,-0.06312166812875362,-0.21713630185186972,-0.08168856583729382,0.1199830333645031,-0.13923630859996336,-0.018125379580268573,0.25876239962210673,-0.1483944357147677,-0.3184811005176752,-0.029176828974386164,-0.3103294033721188,-0.2960234448054139
#201,0.23237928142442618,0.21692807496168046,0.6926378298130778,0.6683793971060318,0.04419230138914328,0.4504776686300406,0.35971002477514386,0.47078750253053514,0.08067056770747978,0.6091272786866282,0.47759729305042753,0.054206472385836715,0.2516634050880626,0.16158985086713004,0.14444198085469426,0.2103457915995874,1.0,0.05394426074633916,0.3711702158425959,0.35099148776185013,0.19565037162715818,0.19228789295595422,0.1649716098059441,0.1036410785381701,0.08206645908245207,0.10259223198017989,-0.10007808508382096,-0.08576441441007202,0.5154675946902143,0.5443879961053859,0.3542768453626136,0.29114939315357696,0.30403632402417746,0.3721612215977558,0.3233050234737258,0.454418555329548,0.4315752942650844,0.27388969758900256,0.183318712463729,-0.1888290129466997,0.3077844080475837,0.2838036111941234,0.5204997445364542,0.3837795108596107,-0.3683591528250412,-0.14127230485959144,0.36096709822332335,0.1480705272189178,0.15042271986735176,0.08651634484686647,-0.05005735879614009,-0.243978290418671,0.0463015626656898,0.1709831972467778,0.037918502308812045,0.34578581550711923,-0.14219775770487694,-0.26728813395929935,-0.309006777014065,-0.45271417967281385,-0.23584972959424677,-0.24821223718585214,0.05639285473282369,-0.4103824241080466,0.42742232462186575,0.3449413397857962,-0.008304011259676284,0.0035456412135000436,0.4146202269287498,0.15625307279265035,0.35529098743890564,0.26222127963136127,0.32267263069611407,-0.08317314644327263,0.15429419760346275,0.2793035967339227,-0.3517395621451226,-0.3933116751660513,0.4316061426932606,0.4296009948618087,-0.19602826487231642,0.4316369911214368,,-0.3981124618009698,0.2785323860295181,-0.23047053493102485,-0.43000973653514313,0.38790163207465317,0.6239306681576741,0.01031687119817223,0.3936625760365554,-0.2365476752817329,-0.3822679378789778,-0.37617151726065956,-0.4353388025025787,0.37035273249592704,0.12020282841525841,0.5003595769909286,-0.0438414005186392,-0.019768058380650322,-0.018711499715616052,0.28124319165550016,0.07736592983910617,0.11628893409040518,0.22492552996635592,0.38477051661477063,0.10637887653880636,-0.25531508777341827,-0.018152371954922735,-0.5000241003345126,-0.5861066391601515
