,#10,#11,#12,#13,#17,#18,#26,#49,#50,#51,#52,#53,#54,#58,#101,#102,#201,#202,#301,#302,#401,#402,#501,#502,#601,#602,#701,#702,#801,#802,#901,#902,#1001,#1002,#1101,#1102,#1201,#1202,#1301,#1302,#1401,#1402,#1501,#1502,#1601,#1602,#1701,#1702,#1801,#1802,#1901,#1902,#2001,#2002,#2101,#2102,#2201,#2202,#2301,#2302,#2401,#2402,#2501,#2502,#2601,#2602,#2701,#2702,#2801,#2802,#2901,#2902,#3001,#3002,#3101,#3102,#3201,#3202,#3301,#3302,#3401,#3402,#3455,#3501,#3502,#3601,#3602,#3701,#3702,#3801,#3802,#3901,#3902,#4001,#4002,#4101,#4102,#4201,#4202,#4301,#4302,#4401,#4402,#4501,#4502,#4601,#4602,#4701,#4702,#4801,#4802
#10,1.0,0.31354149595596387,0.41836831095215604,0.18740998525059527,-0.019463430152410515,0.04126170071240589,0.292664822187732,0.6396440862599173,0.0664031696759951,0.5503571669574774,0.22437025825918464,-0.027052143483751553,-0.10848813781535288,0.11663983496090925,0.31603250653119064,0.23166591152285193,0.2720619282195637,0.09825031571438211,0.3777100826159467,0.31988856005321353,0.36236684565181765,0.2532752354602682,0.03201102831307299,-0.15333018422295702,0.26078297166764675,-0.037008473677614645,0.13223757145749182,-0.448692315849344,0.34220354178516,-0.0003142683620448652,0.04494808787945977,-0.04861519477890353,-0.1708983640692933,-0.19044084331890526,0.1431849074065148,0.05169618154299982,-0.075484175720359,-0.13176327687428302,-0.11757685596676082,-0.09675416694783724,0.06516152044190374,-0.021912024138895047,0.36594140726673285,0.08908447649253372,-0.3384091851194895,0.043008492957882255,-0.38875767595654226,-0.5537504940568575,-0.38233349078885215,-0.17977114322346793,-0.34000559127760693,-0.18292925105800467,-0.3735262645445519,-0.11146115508083253,0.13466688517636624,-0.03729767769176636,0.03693135260717419,0.15107824896609565,-0.42276035591374006,-0.2776107892377546,-0.05426045713514504,-0.42559841130594894,0.07610885639092671,-0.30703633366431127,0.164952329538334,0.029566290380110476,-0.038574031407555935,0.1611811091937956,0.3112741364850144,0.1240627379908033,0.17711046629327215,-0.09171430499455333,0.37070363336643114,0.06550085315184175,0.14144197121456045,0.14715278648067634,-0.04784012802097693,-0.4097461752769128,-0.0786191472337636,0.02410226253940405,-0.22978801345762678,-0.022883749626444815,-0.20608099640423008,-0.20424937098126922,0.07507543404702458,-0.14913865404451815,-0.3290004145257536,-0.054098502887220075,-0.2756673382626551,0.0019839395370807745,0.06700471402543068,-0.18153721573655443,-0.11803958238940357,-0.3990918993955636,-0.2898730394377874,0.18076600503214985,0.133109039553469,0.027102272179537854,-0.22390753183654188,-0.09637241764915697,-0.20642804122121214,-0.2031349715134046,-0.1745423346476049,0.39597620814976914,0.2344384140051864,0.14246768145141855,-0.006445393462061254,-0.18496524731763278,-0.1178776281414786,-0.522501036314384,-0.5310267706515767
#11,0.31354149595596387,1.0,0.2707971426643402,0.03656502752258201,0.014010970472270155,0.16907059469985444,0.5439368378433093,0.2526621229502666,0.4954006921616072,0.43604831635063096,0.3503128223419741,0.01753154733787705,0.16295103776040412,0.3904851879344085,0.016212777033345224,-0.15336488870465523,0.021711509355749857,0.2645117754234429,-0.021013563668263714,-0.07353686869173744,0.18082384583498018,-0.14308850606846424,0.0059942351999845754,-0.21460287468790068,0.087110177089258,-0.2703421283487415,0.05587614356087262,-0.08831712184165116,0.3458166639352954,0.06083502839019406,0.11029662691718162,0.14380958807708252,-0.006429969247973162,0.010378568054524596,0.007347709986214608,-0.07309727859022683,0.14199724292173174,-0.0667733508141093,-0.1510204081632653,-0.3214618298901989,0.13667588906134018,0.07646361331495281,-0.08417572035899858,-0.15602942168837303,-0.12001002573915726,-0.30064685297831933,-0.1745269104335168,-0.20263368455554162,-0.1757569915070421,-0.054071510512565917,0.056651210318799224,0.030256523960552572,0.06779520499744536,-0.05589542382848274,-0.11743032593292395,-0.2308522842297051,-0.043251424329769694,-0.19794857952628384,0.07380679243827905,-0.08678241253988606,-0.060634513607048864,-0.12943036449345918,-0.009160055141565366,-0.10430046369043602,0.14980189525030607,0.23205151687505424,0.2976931159804498,0.3197497421264207,0.27155678520817866,0.13418487848611338,0.40806879199483287,0.2763768521107073,-0.0029980816133727936,-0.11943161771085382,-0.005577781419606104,-0.045661457781034004,-0.032153702293387834,-0.255943624497508,0.05862550972207494,-0.10039042541910481,0.03237735339766516,-0.0690484223921028,0.025143396990350227,0.09301765108499706,0.08290322269673103,-0.12931082683427647,-0.054792592521184194,0.22620573973566754,-0.09424002005147832,0.030800227507157798,0.1638919148197777,0.06286331254277809,-0.22637926214415857,-0.0751139945822448,-0.013035388931198365,0.2612649783578996,-0.07674510522206049,-0.09386983891336412,0.014701204052712252,0.09909864748922716,0.03587864999566194,0.1334290919957969,0.08604205026365766,-0.14593427356771713,0.18956166311588404,-0.0030636345232471825,0.05559850770728698,0.051808007095138484,0.1566502463054187,-0.17944723472761803,-0.11358969662498916
#12,0.41836831095215604,0.2707971426643402,1.0,0.4375444651171758,0.210276382636191,0.28720465040054755,0.033923630859996334,0.15250884482276614,0.0013631149200350901,0.407748739552505,0.318454108143021,-0.15169521752961931,0.14799726220199935,0.12878640355528134,0.25306700857007897,0.34622926166215184,0.2902432205759016,0.5655885783694677,0.056281029180685026,-0.12884810041163372,0.15138673324785748,-0.05690185379773071,0.20076349859736053,0.0669931458648646,0.16528009408770594,-0.18891384612418421,0.2413291816490413,-0.18852052866493788,0.2505374374596319,0.06877464259203918,0.37987332864180157,0.11502414853518167,0.0183490306845459,0.1301437343950334,-0.1745384785940829,-0.15251270087628815,-0.05403680603086771,-0.18019916516441248,-0.1499060086954007,-0.2353985713321701,-0.007906837746907928,0.034286099891066485,-0.0055237966702977835,-0.17692151967069303,-0.19898971397723,-0.2054254673054862,-0.2047545139926542,-0.3740892483587672,-0.18898325508758063,-0.005334850047718663,-0.06767181128474063,0.13420801480724553,0.07209856072802291,0.1620525772897728,0.10560380978087976,-0.018337462523979834,-0.0788890709803052,-0.23542556370682424,-0.02830150482488697,-0.0641280980980016,-0.19931747852660195,-0.24944231825937743,0.07206771229984672,-0.05212420348394436,0.24079319020948012,0.07072966172770478,0.07133506213066237,0.1491000935092979,0.1417697357639324,0.13482112731724716,0.2930234351652801,0.26898865356251145,0.1290486151947789,0.04353291623687737,-0.018711499715616052,0.06833119643700654,-0.014007114418748133,0.12975812904283113,0.07551116809501315,0.05511264496351209,-0.20932393741625133,-0.13863862030404983,-0.014253901844157597,-0.21653475750243414,0.0730587180550066,-0.24170707489419954,-0.33138345560236376,-0.056936558279428916,-0.0941204823922956,-0.18152179152246634,-0.14001137535788996,-0.2225617691573559,-0.13511033133139888,-0.1440756557701021,-0.2767817377305197,0.4211099650063143,0.1666027204457598,0.2583999305910366,0.19668765002458233,0.1868739938110341,0.24746030674905767,0.3068628112558202,0.2740015231411412,0.27819305331958005,0.3732254923698341,-0.027618983351488918,0.15778392604089345,-0.06678106292115335,0.06546614867014354,-0.15759883547183634,-0.12810002602836126
#13,0.18740998525059527,0.03656502752258201,0.4375444651171758,1.0,0.10754340470245727,0.2892406466601756,-0.10782875266308696,0.16168239615165858,0.12617199926734984,0.3955790346370008,0.28838460277828654,0.1876837650506589,0.2647855552235065,0.01256109434798955,0.13709619889524066,0.09027985308436082,0.3057445557344336,0.023199946015250692,0.0709687370460702,0.10540329499773457,-0.2113753578899675,-0.04578099544021671,-0.07853045800275708,0.15148313458590806,-0.11329663655731542,0.16641377382318068,0.16796390733903385,0.18813492331273557,-0.08705619233994968,0.05844041915301784,0.0959713880828666,0.11503957274926976,0.12661158936886044,0.05537485660300965,-0.07227593919003596,0.03229637627370268,-0.29133062766911205,0.08274898055585012,0.09440968640644733,0.20873396122738183,-0.0880896146838518,-0.020439011693482306,0.03117426469879402,0.2887817762910549,-0.06195328391158069,0.13544195193429284,0.1824935170100161,0.02414853518166832,-0.303619870243799,-0.17873000877252176,-0.00563947827595847,-0.09882486768916353,-0.06580162532655953,0.01895057503398147,-0.18524673922474044,0.03684651942968968,-0.41080658999546915,-0.11130691293995161,-0.14643941657910212,-0.06581704954064763,0.009638205778296202,-0.13415788611145923,0.20891519574291692,0.31926387938264583,0.11751901516393047,0.06457540030655626,0.06650728312108972,-0.005689606971744768,-0.0069042638311819764,0.08974771769832166,0.04268844051555436,0.040432649205170965,-0.07003557209374066,0.19973393230698042,-0.21473398050764944,-0.17377112394320032,-0.3292240656300309,-0.035951915012580375,0.14220161375839896,0.03877454619070113,-0.19124675850500805,0.005863129380235798,-0.09218859957776214,-0.05585300723974049,0.005500660349165646,0.025687100536955453,-0.07050215456990543,-0.0663684651942969,0.28713138538362915,-0.11480049743090434,-0.027834922348722202,-0.007806580355335332,-0.004540503022181948,-0.09776445297060724,-0.10367963907339034,0.07741991458841449,0.08106388516672611,0.1666220007133699,0.21546277462331176,0.16716570425997512,0.18093952744064087,0.15796516055642854,0.11886477784311646,0.21859389008319435,0.3252677547164355,0.1708675156411171,0.1176925375724215,-0.03638379300704694,0.08501248397327756,-0.019648520721467614,-0.09652665979003788
#17,-0.019463430152410515,0.014010970472270155,0.210276382636191,0.10754340470245727,1.0,0.5682993839954499,-0.2427289290775356,-0.1308493921895636,-0.31306720137275507,-0.027040575323185486,0.01678732900812663,0.20680979051989243,0.5250884482276614,0.019305331958007578,-0.11621952512700877,0.15363866850471886,-0.2109704722701551,0.05805866985433758,-0.022559841130594893,0.034405637550249196,-0.21478410920343574,0.11674009235248185,0.09159476733537061,0.19048711596116955,-0.038007191539818574,0.17326598093181533,-0.22300521531238854,-0.018703787608572008,0.21474940472173754,0.24299499677055517,0.43126680998332256,0.14177359181745441,-0.05566020456363934,0.35109174515342273,0.1545756895105704,0.2359885475210396,0.33783077709118603,0.0949263975783984,0.029793797537909825,0.09293667396103458,-0.10190585445325981,-0.011674202037924287,-0.0369159283930861,0.2224962162474815,0.2136157249862628,0.38025893399400384,0.056211620217288615,0.008388844437160788,-0.05623090048489873,0.042511062053541306,-0.1337645686522129,0.045877396778267285,-0.1338146973479992,0.10191356656030386,-0.06665381315492659,0.19351797402947954,-0.08146877078653851,0.07944434268747651,-0.019035408211465977,0.17476212969836022,-0.2798087397453077,-0.019582967811593226,0.3912718228529012,0.33495030511023494,-0.45058949418217925,-0.16362970318028014,0.19031744960620053,-0.09243538700317161,-0.15117850635766825,-0.046841410158773,-0.30501190556524926,-0.06803042426228877,-0.2223419741066006,0.022656242468645466,-0.2738472810002603,-0.15130961217741704,-0.1671772724205412,0.2570734481794607,0.20339332709938013,0.4960755015279612,0.23640885735494008,0.25830738530650804,0.29739234380573204,0.24123663636451273,0.5829369631650487,-0.2825426816924219,-0.10407295653263668,-0.404548215129226,0.1932094897477177,0.2391543674626204,0.17812075231604216,-0.10081073525300531,0.5134200302700201,-0.04269229656907638,-0.0390560380978088,-0.014851590140071144,0.24058496331929088,-0.24534718941898914,0.06757155389316803,0.023751361668899965,-0.019980141324361583,0.1049367125215698,0.37688488716223384,-0.08484667367183056,-0.0621229502665497,-0.2622058554172732,-0.06576692084486133,-0.1421900455978329,0.3032998178014711,0.06381190170919572,-0.03259329239489844
#18,0.04126170071240589,0.16907059469985444,0.28720465040054755,0.2892406466601756,0.5682993839954499,1.0,-0.013170350804469166,0.07040575323185486,-0.06496871776580258,0.20661313179026924,0.17515544715760656,0.33007625345839803,0.7174476781737731,0.3509220787984537,0.09065389027599703,0.17399477504747765,0.04425399824549565,0.10515265151880308,0.003021217934504931,0.0552823113184811,-0.18583285936008792,0.06619879883932789,0.18649224451235383,0.12632238535470872,0.05068975157375184,0.1556708087108249,-0.0003682531113531856,0.10597013486547194,0.3954363606566859,0.21572498626280934,0.569344374499918,0.15096256736043495,0.13958335341694542,0.306831962827644,0.17897679619793122,0.2263522697695044,0.3912525425852911,0.13483655153133525,0.014762900909064618,0.09454850433324015,0.011928701570377797,0.007721747177850829,0.09358834700625644,0.05086327398224287,0.27343853932692586,0.16637521328796043,0.2020514204737162,-0.13514117975957507,-0.32214820741711897,-0.1679214907502916,-0.16015539895693753,-0.03626811140138625,-0.1965449760442675,-0.07639806040507842,-0.233192908717573,-0.04430798299480397,-0.1902596088033702,-0.030198683157722228,-0.01950970279467479,0.09175672158329558,-0.20496659693636549,-0.013343873212960196,0.4747977981934389,0.43390435059238625,-0.2446183953033268,-0.1783482594738415,0.5516643691014431,0.14916179036565028,0.05255993753193294,0.1865886458504044,0.03124367366219043,-0.018765484464924372,-0.24973152227352916,-0.014620226928749772,-0.20457713553064116,-0.19337915610268672,-0.21414400431877995,0.28613652357494723,0.48089807486527913,0.35330511987506386,0.18124029961535867,0.1867737364194615,0.23311964370065458,0.24760298072937253,0.43217298256099795,-0.25028293792717843,-0.15254740535798636,-0.1085922512604475,0.2261324747187491,0.472110128888589,0.3296713678385856,-0.07136205450531653,0.32009678694340277,-0.20194345097509953,-0.19046397964003742,0.13570801962731244,0.15572864951365525,-0.20895761233165916,0.04719616708279911,-0.05884916082635227,-0.1278532386029518,0.1654073438539327,0.42111767711335835,-0.058004685105029256,0.1132619320756172,-0.11013852872277867,0.06356897033730828,0.01727704780542354,0.024406890767643855,-0.1908148805105415,-0.2395129804401685
#26,0.292664822187732,0.5439368378433093,0.033923630859996334,-0.10782875266308696,-0.2427289290775356,-0.013170350804469166,1.0,0.2690734867399959,0.301595442144737,0.3536020359962596,0.3275659626155611,-0.17126083310036344,-0.07845719298583864,0.3284798473002805,0.04227584278869791,-0.010941551868739938,0.04595451784870774,-0.018711499715616052,0.1211282812605439,0.12405116983023724,0.11928123162349494,0.04367944627071424,-0.23146539673970676,-0.4087166089865327,-0.18801538565355286,-0.21055016243625463,-0.044300270887759924,-0.22146279390357937,0.30426768723549885,0.07504458561884839,-0.0281549747910501,0.2190874649340133,-0.23909652665979003,-0.14774661872306788,0.374393876587007,0.005269297137844273,0.09670403825205094,0.19731233069515006,-0.3438655008531518,-0.39539394406794365,0.18495753521058872,0.1481206559147041,0.11830179402890112,0.02057782962027513,-0.2040295759305139,-0.23194354737643758,-0.27807351566039734,-0.42418709571688856,-0.18677759247298353,-0.2897226533504285,-0.1768328304396865,-0.11902673209104142,-0.3265865250209673,-0.3847049637048962,-0.23579960089846047,-0.3983322568517251,0.051896696326145006,-0.05257536174602104,0.037783540435541246,-0.0777746715124406,0.08810889495146193,-0.1291527286398735,0.04147378365611715,-0.11866040700644925,0.2974193361803862,0.36252108779269854,0.2562135482440496,0.4308195077747679,0.4793787897776021,0.30781525647575986,0.3454657630647913,0.05173474207822005,0.03277838296395554,-0.19003210164557083,0.2314229801509645,0.11304984913190595,0.07097644915311424,-0.26240251414689636,-0.19013235903714343,-0.11891876259242479,-0.20088689231006526,-0.2637791252542585,-0.2717303076166697,-0.09542768453626137,-0.09075414766756963,-0.03881696277944338,-0.10284287545911137,0.02532077545236328,-0.24195771837313101,0.0663029122844225,0.10777476791377864,-0.013347729266482219,-0.14682887798482644,-0.12697020234640857,-0.024511004212738472,-0.05053936548639295,0.008951828251376128,-0.10127731772917008,-0.2038946140572431,-0.1034367077015029,-0.10900099293378192,-0.24065051622916525,-0.08709089682164789,0.05603424175527556,-0.025586843145382857,-0.08174640664012417,-0.1433391495473957,0.06364223535422672,-0.0031099071655114573,-0.3122882785613064,-0.22135482440496274
#49,0.6396440862599173,0.2526621229502666,0.15250884482276614,0.16168239615165858,-0.1308493921895636,0.07040575323185486,0.2690734867399959,1.0,0.3941985674761166,0.6244820838113233,0.45766535239509126,0.07578494789507678,-0.154001137535789,0.1388237108731069,0.3370171497980392,0.12886738067924383,0.21798848968023676,-0.2262520123779318,0.37771393866946873,0.3311598044980864,0.3763758880973268,0.27245524567881,0.0055237966702977835,-0.0737489516354487,0.16386492244512355,-0.05720648202597052,-0.010667772068676314,-0.38189004463381954,0.2770285251559292,0.11084804257083088,-0.10896628845208371,-0.01264207147195203,-0.14714893042715432,-0.1972544898923197,0.17219399805269298,0.09236983409329722,-0.06362681114013863,-0.043047053493102484,-0.0981963309650738,-0.009518668119113493,0.2964784591210126,0.15808469821561122,0.4481409001956947,0.17915031860642225,-0.243638957708733,0.09287883315820424,-0.34784880414140146,-0.4921153345608437,-0.3297176404808499,-0.3102445701946343,-0.340522302449558,-0.20378278850510445,-0.30704018971783326,-0.2092352481852448,0.15979292992586738,0.017099669343410485,-0.1147927853238603,0.19971850809289232,-0.42272179537851984,-0.3810802733941947,0.09965391919639845,-0.3184194036613228,0.14379030780947238,-0.2293329991420281,0.15560911185447254,-0.0021266135173956214,0.0029325287034984047,0.18556679166706833,0.3729362883556824,0.18851281655789381,0.3221944800593832,-0.14263349175286552,0.4987824511004213,0.2373227420396595,0.23692171247336913,0.24989733257497615,0.060333741432331084,-0.36593755121321087,0.15413609940905978,-0.008998100893640403,-0.4595933791561027,0.04000848331774845,-0.47497132060193,-0.24809655558019145,0.00972689500930273,0.23135357118756808,-0.1139174611743611,0.010791165781381045,-0.011755179161886767,0.04805221096468819,0.08030038656936558,-0.1677325441277125,-0.28925607087426375,-0.4312243933945803,-0.33458398002564277,0.15233917846779713,0.08010758389326444,-0.08461145440698717,-0.4445971870089557,-0.4858993762833428,-0.4251318288297842,-0.43504188638138297,-0.25670326704134655,0.2932702225906896,0.008866995073891626,0.01250710959868123,-0.2581685673797152,-0.10942130276768242,-0.1263378095687968,-0.5613854800304628,-0.5586631062439147
#50,0.0664031696759951,0.4954006921616072,0.0013631149200350901,0.12617199926734984,-0.31306720137275507,-0.06496871776580258,0.301595442144737,0.3941985674761166,1.0,0.3156931738212526,0.31222272565143205,0.09526958634185842,-0.05847512363471605,0.2857894787579652,0.04289666740574359,-0.3524722123143069,0.14529416868306133,-0.061047111333905314,-0.12898306228490453,-0.1885937936818563,0.08593793681856304,-0.2784976815478199,-0.12442135096835144,-0.20887277915417465,-0.22733941947114225,-0.26038194210135635,-0.06291344123856439,-0.10312822341974107,-0.04608947972197854,-0.070768222262925,-0.29074065148024253,0.07219110601255145,0.074809366354005,-0.2602855407633058,0.010752605246160818,-0.19842287410949264,-0.07281193062959714,0.07979909961150261,-0.02835548957419529,-0.22012088727791543,0.08116414255829871,0.07415769330878312,0.12466428234023888,-0.06004453741817936,-0.28944887355036486,-0.39422555985077073,-0.19444728292828706,-0.10139685538835279,-0.10050225097124348,-0.2537880905786972,0.27502337732447724,0.02453414053387061,0.17136109049193604,-0.07257285531123173,-0.06238516190604725,-0.12014113155890603,-0.4243336257507254,-0.28134344904707276,0.1743071153827615,-0.32074845998862467,0.3216739128339101,0.11264110745857152,-0.008188329654015598,-0.042742425264862674,0.23075973894517657,0.17908476569654788,0.12644577906741344,0.23957467729652088,0.16899347362941397,0.23797055903135936,0.47534921384708817,0.24969296173830893,0.16063354959366835,0.0804893331919447,0.15575178583478738,0.1573559040999489,0.23560294216883731,-0.03441720571081527,-0.06105482344094936,-0.36729102599944086,-0.10465522061446213,-0.0848698099929627,-0.2801712087763778,-0.10717322356434307,-0.14448054138991448,0.3757627755873251,0.3240916583922185,0.202190238400509,0.05434529031262954,-0.07146231189688913,0.0361408616351595,0.3285916728524192,-0.4388015385653553,0.137659182709456,0.20331620602893968,0.18590226832348433,-0.24216980131684226,0.16745876432764886,0.019301475904485554,-0.024939026153683014,0.12398176086684083,-0.050759160537148254,-0.22595895231025806,-0.023138249158898325,0.06521550519121205,0.06219621528346814,-0.1387890063914087,0.20310797913875045,0.11670153181726162,-0.04844552842393452,0.026157539066642244
#51,0.5503571669574774,0.43604831635063096,0.407748739552505,0.3955790346370008,-0.027040575323185486,0.20661313179026924,0.3536020359962596,0.6244820838113233,0.3156931738212526,1.0,0.540871275293301,-0.022459583739022296,0.05810879855012387,0.2856892213663926,0.182643903097375,0.16234949341096855,0.38902759970308387,-0.026612553382240944,0.138164325720841,0.24807727531258134,0.06377719722749751,0.15356925954132244,0.03193776329615455,0.04864989926060174,0.05738000443446155,-0.041323397568758254,0.09207677402562348,-0.12397019270627477,0.3430827219881812,0.12499590294313286,0.07425023859331167,0.02586062294544648,-0.09014489121109001,-0.23660551608456326,0.16929038975060973,-0.027742377064193652,-0.18298709186083503,-0.08353947152786481,-0.2898229107420011,-0.1872750233773245,0.2224615117657833,0.10970665072831211,0.28339872557431095,0.14556794848312496,-0.2083946285174438,-0.019023840050899906,-0.21109000992933782,-0.361587922840369,-0.24685490634610008,-0.1186526948994052,-0.15045356829552795,-0.05290312629539298,-0.18811178699160344,-0.06282860806107989,-0.028324641146019108,-0.11517067856901854,-0.1523661708424513,0.10831461540686185,-0.21225839414651076,-0.0974713929029335,-0.10703440563755025,-0.35455062516267727,0.20556428523227901,-0.1231334290919958,0.21709774131664947,0.13233782884906442,0.2797277626213452,0.3359605911330049,0.26954392526968274,0.1406052076002815,0.3664195579034637,0.023377324477263744,0.20711441874813222,0.09031841361958104,0.09229656907637877,0.15538546075019521,-0.10030944829514234,-0.09955751785834788,0.21183037220556622,0.005913258076022095,-0.40501865365891276,-0.1328583960745375,-0.19698071009225607,-0.31825359335987585,-0.04409204399757068,-0.026654969970983197,-0.26775857248898616,0.18813106725921355,0.08197391379792351,0.03990822592617586,0.1749626444815054,-0.2997329682935999,-0.3160055141565365,-0.4321459901863438,-0.4091986156767856,0.214660715490731,0.027780937599413878,0.1318095495165473,-0.10518735600050129,-0.08444178805201816,-0.05240183933753,-0.0584327070459738,-0.1657466765638707,0.43158300637212843,0.03708945080157713,0.1003865693655828,-0.1744767817377305,-0.18452951326964417,-0.03164084717495879,-0.4119711181591201,-0.4026626049569568
#52,0.22437025825918464,0.3503128223419741,0.318454108143021,0.28838460277828654,0.01678732900812663,0.17515544715760656,0.3275659626155611,0.45766535239509126,0.31222272565143205,0.540871275293301,1.0,-0.24500014460200709,0.0996462070893544,0.36428716030578506,0.1110716936751082,0.04886583825783502,0.15911812055951335,-0.14310393028255233,0.14892271504728485,0.04503292105694427,0.05567177272420541,0.04506762553864248,-0.20461184001233937,-0.06842759777505712,-0.08719115421322048,-0.1611618289261855,-0.17577627177465224,-0.19781747370653505,0.3754889957872615,0.08744179769215196,0.09483770834739186,0.05060106234274532,-0.08050090135251077,-0.08113715018364455,0.168657996972998,-0.11713726586525021,0.00604050784224885,-0.039584317430325935,-0.3205440891519574,-0.19879305524760685,0.148440708357032,0.15725179065485428,0.0907657158281357,0.11025421032843936,-0.13258461627447388,-0.08631197401019926,-0.21869029142124494,-0.29490518928402726,-0.22877387138133476,-0.11392902933492717,-0.1262876808730105,-0.07836850375483212,-0.1940848138972169,-0.207075858212912,-0.1223082336382829,-0.12941108422584904,-0.10323619291835771,0.10037500120501673,-0.022309197651663407,-0.08984411903637222,-0.015356733151456142,-0.19467093403256439,0.17357832126709918,0.046228297648771365,0.1503610230109994,0.08780426672322211,0.37688874321575583,0.5177927949639941,0.4181832203830989,0.32655953264631316,0.30651576643883816,0.03865500853151842,0.22007075858212913,-0.023084264409590004,0.20631235961555147,0.23530602604764153,0.19473263088891674,0.034463478353079544,0.14572219062400585,-0.06175662518195753,-0.3687293339631554,-0.13846124184203676,-0.20761956175951723,-0.24675079290100546,0.03958817348384796,-0.020466004068136465,-0.14850240521338437,-0.02743389278243182,0.07723868007287941,-0.06125919427761657,0.1974588607289869,-0.2835336874475818,-0.16703074238670432,-0.19333288346042243,-0.17197805905545968,0.08026568208766738,0.10022461511765783,-0.03590949842383812,-0.20488176375888098,-0.13839183287864035,-0.16031349715134047,-0.1988547521039592,-0.06536203522504892,0.06161395120164268,-0.16789449837563744,-0.14619262915369266,-0.3393847666605612,0.06371164431762313,0.11686734211870861,-0.24732534487578686,-0.17515544715760656
#53,-0.027052143483751553,0.01753154733787705,-0.15169521752961931,0.1876837650506589,0.20680979051989243,0.33007625345839803,-0.17126083310036344,0.07578494789507678,0.09526958634185842,-0.022459583739022296,-0.24500014460200709,1.0,0.2869077342793518,-0.009738463169868797,0.009163911195087387,-0.16846519429689685,-0.03229637627370268,-0.10216421003923534,-0.04275013737190672,-0.00153663732852612,0.005261585030800228,-0.1273095350563466,0.017007124058881936,0.001706303683495127,0.15272863987352145,-0.004232018740420117,-0.18149094309429015,-0.003989087368532675,-0.0448516865414092,0.2064704578099544,-0.23016590670278503,0.19950642514918107,-0.05788900349936857,0.06705484272121696,0.1680371723559523,0.25202201806561075,0.03611386926050533,0.2689809414554674,0.11193544966404134,-0.022613825879903213,-0.07657158281356945,0.10846500149422074,0.18964649629336855,0.1559754369390647,0.022644674308079395,0.028455746965767886,0.0509018345174631,0.044693588347006256,-0.1892493227806002,-0.24938833351006912,0.037625442241138306,-0.2504795966568016,-0.04328227275794588,-0.2027262298400702,-0.07170138721525454,-0.12734809559156682,-0.30435252041298333,-0.08639295113416175,-0.20906172577675378,-0.3052201324554385,0.12322597437652434,0.22877001532781274,0.16078393568102725,0.18106677720686762,-0.17987525666856255,-0.10644442944868075,0.034806667116539576,-0.20225964736390542,0.028629269374258914,0.029689684092815208,-0.06845073409618925,-0.07568469050350418,-0.16744334011356077,0.12520027377980006,-0.14557180453664698,-0.1381990302025392,-0.0802695381411894,-0.16568112365399632,0.06384275013737191,0.03708173869453308,0.25899761888695016,0.3341058293889119,-0.09985443397954363,0.5697068435309882,0.3264708434153066,0.31345280672495734,0.3644992432494963,0.0952811545024245,0.18664648665323474,0.34803003865693655,0.0881397433796381,0.5198365033306662,0.105981703026038,0.015464702650072782,-0.003823277067085691,-0.019251347208699258,-0.16939450319570434,-0.21409773167651566,-0.2143059585667049,-0.23089084476492533,-0.18333028062429507,-0.01795571322529957,0.08315001012214049,-0.07392247404393973,0.14108721429053436,0.004540503022181948,0.1472453317652049,0.1223583623340692,0.05631187760886121,-0.01900455978328979,-0.12356916313998438
#54,-0.10848813781535288,0.16295103776040412,0.14799726220199935,0.2647855552235065,0.5250884482276614,0.7174476781737731,-0.07845719298583864,-0.154001137535789,-0.05847512363471605,0.05810879855012387,0.0996462070893544,0.2869077342793518,1.0,0.31680371723559525,0.015518687399381103,-0.06432475682762477,-0.10772078316447033,-0.04434654353002419,-0.15451399265421803,-0.08121041520056298,-0.1138172037827885,-0.005955674664764347,0.17020041838180713,0.18789584799437017,0.05064733498500959,0.03978483221347112,0.01347112297918695,0.11444188445335621,0.2463690436023252,0.010675484175720359,0.49252407623417815,0.09662691718161048,0.02851744382212025,0.2127712492649398,0.18853209682550393,-0.11368995401656175,0.4055893495801722,0.03748662431434548,0.13244194229415904,0.031085575467787493,-0.0013708270270791358,-0.23667106899443766,0.007378558414390792,-0.06495714960523652,0.4320611570088593,0.028833640210926128,0.18391254470612053,-0.03519998457578591,-0.36200437662074747,-0.103791464625529,-0.06349184926686782,0.18832772598883674,-0.07799832261671792,0.12825041211572016,-0.11087503494548505,-0.019343892493227807,-0.007972390656782315,-0.012314306922580086,0.18547039032901777,0.24182661255338225,-0.2666171806464674,0.03598276344075656,0.5035832377353398,0.49148294178323193,-0.40715490731011345,-0.22140880915427105,0.5254701975263417,0.06701628218599674,-0.09968476762457464,-0.16005128551184292,-0.07312427096488099,-0.10548041606817503,-0.23613507755487645,0.07088775992210772,-0.03461386444043843,0.003761580210733325,-0.05230158194595741,0.17669401251289368,0.3308166157346264,0.060302893004154895,0.43675397414516115,0.13272729025478874,0.5007220460219988,0.4935806348992124,0.47203686387167054,-0.44700336440669797,-0.23321604503870513,-0.09404721737537718,0.17774671512440593,0.5650294506087744,0.4025623475653842,-0.012167776888743216,0.46470650612630504,-0.20536377044913384,-0.18801152960003084,-0.10117320428407546,-0.1283391013467267,-0.2922637926214416,0.15609497459824742,0.05866407025729517,-0.020801480724552457,0.30339236308599965,0.3607897197613103,-0.3981972949784543,0.018422295701464336,-0.25665313834556025,-0.00808421620892098,0.16179807775731928,0.18362719674549083,-0.11289560699102504,-0.14462321537022935
#58,0.11663983496090925,0.3904851879344085,0.12878640355528134,0.01256109434798955,0.019305331958007578,0.3509220787984537,0.3284798473002805,0.1388237108731069,0.2857894787579652,0.2856892213663926,0.36428716030578506,-0.009738463169868797,0.31680371723559525,1.0,-0.04517945109078114,-0.32117262587604717,-0.04614346447128686,-0.07021680660927573,-0.06489159669536212,0.0427809858000829,0.02283747698418054,-0.22278542026163323,-0.16868113329413012,-0.2611917133409812,-0.22888955298699545,-0.20858743119354498,-0.13162060289396818,-0.02299557517858348,0.3370672784938255,-0.06167179200447302,0.18312976584114987,0.12415913932885389,0.10603568777534632,-0.15191115652685258,0.37385402909392385,-0.16344075655770102,0.374393876587007,0.15896387841863244,-0.2784591210125997,-0.4121793450493093,-0.023007143339149546,-0.01396469783000588,0.04953293551714498,-0.06747900860863949,-0.1100922560805144,-0.35138094916757445,-0.06713581984517945,-0.1632209615069457,-0.1245987294303645,-0.12118612206337424,0.2715220807264805,0.14616178072551647,0.015437710275418622,-0.2173869453308012,-0.1875989318731744,-0.17701406495522157,0.04741210608003239,0.031945475403198594,0.27745654709687373,-0.0877001532781275,0.08621942872567072,0.07385692113406533,0.38275765667627465,0.14469262433362576,0.1547067953303192,0.23515178390676061,0.7452960967098223,0.2838344596222996,0.34297475248956455,0.32410708260630655,0.3956021709581329,0.11295344779385538,0.14784302006111844,0.11382491588983255,0.3187047516219525,0.3091070344056375,0.27464934013284104,0.19620178728080745,-0.034043168519179046,-0.31877801663887095,-0.06806127269046494,-0.09173744131568547,0.0001214656859437209,0.05149952281337665,0.057229618347102655,-0.0969508256774604,-0.12188406775086039,0.03945321161057715,0.023762929829466033,0.057815738482450134,0.2625683244483433,0.059832454474468104,-0.1811786027590063,-0.07418082962991526,-0.07678366575728071,-0.23815950565393848,-0.08538652116491377,-0.05144939411759035,0.017701213692846055,0.05888000925452845,0.14171189496110206,0.06589417061108808,0.06798800767354651,-0.10075289445017496,0.07490576769205556,0.038319531875102425,-0.12075038801538565,0.32868421813694776,0.090480367867506,-0.11114110263850462,-0.027364483819035407
#101,0.31603250653119064,0.016212777033345224,0.25306700857007897,0.13709619889524066,-0.11621952512700877,0.09065389027599703,0.04227584278869791,0.3370171497980392,0.04289666740574359,0.182643903097375,0.1110716936751082,0.009163911195087387,0.015518687399381103,-0.04517945109078114,1.0,0.46961911831336217,0.40477572228702535,0.29903116655259177,0.5203724947702274,-0.04440052827933252,0.47285049116481737,0.07642505277973258,0.26361331495281154,-0.051075356925954135,0.2938717669401251,-0.2690002217230775,0.12384679899357003,-0.3951433005890122,0.4001484580605979,0.11119508738781295,0.10912053059296463,0.10936346196485207,-0.18802309776059692,0.07221424233368359,0.029003306565895136,0.0836744334011356,0.10083387157413745,-0.09760635477620429,-0.05857538102628865,-0.058131934871256015,0.1782171536540927,0.1115575564188831,0.29716098059441065,-0.11779665101751613,-0.239088814552746,-0.06763710680304243,-0.2920979823199946,-0.44079897428976317,-0.4977451727029971,-0.3076340219602248,-0.5081950777476791,-0.23888444371607878,-0.3179990938274223,-0.05289155813482691,0.24698215611232685,-0.09071944318587143,-0.04402263503417427,-0.2011992326453491,-0.2813164566724186,-0.30364686261845314,-0.24130990138143119,-0.28203753868103687,-0.03976555194586101,-0.05333114823633752,0.12119383417041829,-0.2264679513751651,-0.060646081767614934,0.2609757743437479,0.34773697858926284,0.16861943643777777,0.386686975215216,0.0671936606480098,0.1096218175508276,-0.06821937088486789,0.008589359220305978,-0.03773726779327697,-0.04041336893756085,-0.14277230967965834,0.1776387456257893,0.09707036333664311,-0.10122718903338378,-0.07143531952223497,-0.16053329220209578,-0.09075800372109165,-0.02080533677807448,-0.043957082124299884,-0.12459487337684247,0.07063711644317623,-0.09859350447784215,-0.07725410428696751,-0.09092767007606066,-0.14478131356463228,-0.03634523247182671,-0.20227892763151553,-0.10425033499464972,0.3443166591152285,0.2815092593485198,-0.033561161828926184,-0.15842017487202723,-0.29058640933936164,-0.3667203300781815,-0.06340701608938332,0.12063085035620294,0.06838518118631487,0.1479201411315589,-0.27630744314731087,0.020975003133043485,-0.18016060462919226,-0.3442973788476184,-0.4950767836657573,-0.37293243230216033
#102,0.23166591152285193,-0.15336488870465523,0.34622926166215184,0.09027985308436082,0.15363866850471886,0.17399477504747765,-0.010941551868739938,0.12886738067924383,-0.3524722123143069,0.16234949341096855,0.04886583825783502,-0.16846519429689685,-0.06432475682762477,-0.32117262587604717,0.46961911831336217,1.0,0.2746262038117089,0.4757579555204226,0.41585030800227507,0.2948936211234612,0.09004463381951741,0.5094907117310788,0.3040594603453096,0.2558202307848033,0.2899385923476618,0.19258866513067202,-0.0039003981375261487,-0.27279457838874804,0.2691621759710025,0.24193072599847687,0.2959077631997532,-0.12262443002708878,-0.19625191597659375,0.0807746811525744,-0.17189322587797518,0.2129100671917326,-0.21704375656734115,-0.17776599539201604,-0.2302083232915273,0.07935565345646997,0.2069756008213394,0.2555387388776956,0.07290061986060367,0.0628825928103882,-0.02539018441575969,0.332598112461801,-0.25328294756731223,-0.3312022210868287,-0.26149634156922097,0.06112423240434577,-0.5398687013775751,-0.0028361273654478325,-0.2892907753559619,0.20104113445094618,0.18315675821580404,0.19184059074739956,0.032890208516094206,0.15802300135925887,-0.3799812981404182,0.057464837611946054,-0.47611271244444875,-0.5040228278368504,-0.006298863428224384,-0.03434394069389683,-0.07451245023280924,-0.32145797383667685,-0.10880819025768078,0.19148583382337347,0.18436755902171922,0.14110263850462246,0.030923621219862533,-0.08665901882718133,0.03792235836233407,-0.29546046099119855,-0.17338937464452006,-0.13400364397057832,-0.2965632922984971,-0.08650092063277838,0.2719616708279911,0.6342648915966954,-0.17244464153162445,0.013143358429815006,-0.03171796824539925,-0.2002197950507553,0.09867062554828261,-0.2707354458079878,-0.3700558163747313,-0.08338908544050591,-0.03467170524326878,-0.007447967377787204,-0.1821040556042918,-0.45825532858396073,0.03884781120761956,-0.3167921490750292,-0.3999672235450628,0.2987496746454841,0.557868759218378,-0.0806744237610018,-0.021457009823296347,-0.18542026163323147,-0.2293484233561162,-0.0585175402234583,0.14808980748652792,0.13416559821850327,-0.045121610287950795,-0.31010189621431944,-0.050975099534381535,-0.5446849122265817,-0.3890314557566059,-0.3800314268362045,-0.4012782817425506
#201,0.2720619282195637,0.021711509355749857,0.2902432205759016,0.3057445557344336,-0.2109704722701551,0.04425399824549565,0.04595451784870774,0.21798848968023676,0.14529416868306133,0.38902759970308387,0.15911812055951335,-0.03229637627370268,-0.10772078316447033,-0.04614346447128686,0.40477572228702535,0.2746262038117089,1.0,0.2755208082288182,-0.01600840619667801,-0.11881079309380814,-0.040914655895423827,-0.0956513356405387,0.11149971561605275,-0.05781959453597216,0.11845989222330405,-0.0971012117648193,0.11963984460104306,-0.17603077130710573,0.09172972920864142,-0.01573077034309236,0.0896050437180068,-0.05635043814408144,0.20826352269769505,-0.057337587845719296,-0.0950806397192793,-0.014624082982271793,-0.23286128811467904,-0.17047034212834875,0.09142124492687959,-0.03728610953120029,-0.07982609198615677,0.0462514339699035,-0.014161356559629048,-0.09313718874417977,-0.39485024052133844,-0.2039601669671175,-0.08010372783974241,-0.1424098406485882,-0.29126121870571564,-0.24938062140302508,-0.13953708077468116,-0.20586505740699682,-0.13706149441354246,-0.05323860295180897,-0.05582601486508633,-0.21003730731782558,-0.4061523333943875,-0.2594911937377691,-0.15611425486585753,-0.19574291691168674,-0.06152140591711413,-0.15719009379850193,-0.1287439869665391,-0.014427424252648627,0.2981944029383128,-0.1779780783357273,-0.031594574532694514,0.2388188908062044,0.19057966124569808,0.21203859909575545,0.3151995989704337,0.1576219717929685,-0.09128628305360878,-0.2748961275582505,-0.1786875921837795,-0.22512990080302314,-0.15786875921837795,-0.12553960648973808,0.20107583893264439,0.052922406563003094,-0.24341145055093363,-0.31826516152044193,-0.2055295807505808,-0.18612977548128368,-0.2405232664629385,0.12183393905507409,0.07438134441306045,0.15131346823093905,0.1111218223708945,-0.22777900957265287,-0.1753829543154059,0.048792573240916584,-0.3210993608591287,0.1042117744594295,-0.016367019174226137,0.5049135762004376,0.13985713321700904,0.5888097326790895,0.09520788948550606,0.12594449210955047,0.08024640182005727,0.22151292259936567,-0.11628507803688315,0.39129495917403334,-0.013212767393211419,0.25290119826863194,0.1222426807284085,-0.1412144640567611,-0.265884530477283,-0.04555734433593938,0.004004511582620766
