,#10,#11,#12,#13,#17,#18,#26,#49,#50,#51,#52,#53,#54,#58,#101,#102,#201,#202,#301,#302,#401,#402,#501,#502,#601,#602,#701,#702,#801,#802,#901,#902,#1001,#1002,#1101,#1102,#1201,#1202,#1301,#1302,#1401,#1402,#1501,#1502,#1601,#1602,#1701,#1702,#1801,#1802,#1901,#1902,#2001,#2002,#2101,#2102,#2201,#2202,#2301,#2302,#2401,#2402,#2501,#2502,#2601,#2602,#2701,#2702,#2801,#2802,#2901,#2902,#3001,#3002,#3101,#3102,#3201,#3202,#3301,#3302,#3401,#3402,#3455,#3501,#3502,#3601,#3602,#3701,#3702,#3801,#3802,#3901,#3902,#4001,#4002,#4101,#4102,#4201,#4202,#4301,#4302,#4401,#4402,#4501,#4502,#4601,#4602,#4701,#4702,#4801,#4802
#10,1.0,0.4091793354091755,0.6001233937127047,0.4507822968582804,0.15542016523189342,0.42531691939884125,0.282222629250094,0.5205305929646303,-0.021106108952792264,0.5503494548504333,0.43684651942968966,0.18828145334657245,0.23405666470650613,-0.15430962181755084,-0.1958701666779135,0.010139492736159179,0.6088342186189545,0.4127153364888705,-0.0254595933791561,0.012379859832454475,0.14473118486884598,-0.08209730751062824,0.06329904659076668,-0.02108297263166013,-0.033025170389365005,-0.060754051266231575,0.20186247385113706,-0.02669738655972545,-0.07773225492369834,-0.3373873309361534,0.14964379705590314,-0.08389808450541293,0.17173127163005023,-0.13776715220807265,-0.1313236867727724,-0.274136485014412,-0.22314788929270338,-0.2722046021998785,0.0069158319917480456,-0.06164865568334089,-0.15704741981818707,-0.4100392353445866,-0.062211639497556225,-0.12512700876288163,0.04977972294255444,-0.24206183181822563,-0.04734269711663598,0.08905748411787956,0.23240627379908033,0.20295373699786953,0.3600455014315599,0.37870880047815064,0.37905198924161065,0.11006526370586024,0.04349435570165714,-0.09919890488079974,-0.009264168586659982,-0.2762958749867448,-0.359902827451245,0.04094936037712203,0.13111931593610518,-0.0815150434288028,-0.2719655268815131,-0.2667907030549584,0.24374692720734964,-0.07620140167545525,-0.2532598112461801,0.02890304917432254,-0.12820799552697792,-0.20982908042763634,0.08852920478536241,0.02422565625210878,0.018098387205614415,0.14599597042406948,-0.15217722421987218,0.11714883402581627,-0.09860892869193025,-0.057815738482450134,0.20645888964938833,-0.23765050658903145,-0.19128531904022827,0.09312176453009167,0.16583536579487723,0.21458359442029054,0.16969141931690013,-0.1643469291353764,-0.09165260813820096,-0.039160151542903414,-0.22226870908968216,0.05550210636923641,0.0017410081651933328,-0.05099437980199165,-0.017400441518128272,-0.23169675995102812,-0.16887393597023126,0.2042262346601371,-0.09439811824588125,0.36061234129929726,0.28582032718614137,0.1625114476588935,0.23189341868065128,0.4114081343449047,0.006379840552186864,0.3015453134489507,0.19740101992615658,0.33345801239721207,0.045680738048644115,0.05719491386540445,-0.10249583064212932,-0.27292568420849683,-0.21125196417726277
#11,0.4091793354091755,1.0,0.3119566579584125,0.05417948001118256,0.07972583459458417,0.21313371829600994,0.6234717977885533,0.21825841342677837,0.27985115633404994,0.4329441932654025,0.40189910635959625,0.11727608379204303,0.23227516797933156,-0.22826101626290574,-0.058444275206539865,0.16805645262356242,0.4156844977008281,0.28841159515294074,-0.214325238834315,-0.16597032766814804,0.022309197651663407,0.04179769215196707,0.07790577733218937,-0.008304011259676284,0.12160643189727473,-0.056419847107477855,-0.013756470939816644,-0.2155167593726201,0.04768202982657399,-0.08847136398253208,0.0035070806782798144,-0.07801760288432803,-0.0004183818071394831,0.021904312031851003,-0.058471267581194024,-0.17385981317420685,-0.021376032699333868,-0.0730587180550066,0.1698071009225608,0.030136986301369864,0.009202471730307617,-0.14898441190363723,-0.09100479114650112,0.03391206269943027,0.1783983881696278,-0.1411450550933647,-0.002751294187963329,-0.08636210270598556,0.12132879604368908,0.054048374191433775,0.022309197651663407,0.06462167294882053,0.025502009967898354,0.0514571062246344,-0.06297128204139474,-0.13938283863380024,0.045484079319020945,-0.08380168316736236,-0.24340759449741162,-0.22635612582302642,0.0140186825793142,0.051279727762621345,-0.28211851580499936,-0.16160913113474015,-0.09862049685249631,-0.35062901873078,-0.2592791107940578,0.04676814514185457,-0.2829090067770141,-0.25275852428831713,0.3154502424493652,0.08721429053435262,0.20504371800680593,-0.08607675474535587,0.016201208872779153,0.17778527565962615,0.2070257295171257,0.03550846885754774,0.05752653446829842,-0.1256090154531345,0.10844572122661063,0.1548610374712001,0.29006198606036654,0.21400518639198712,0.13535326270328632,-0.037135723443841404,-0.03641849748874514,0.07773611097722036,-0.020824617045684595,-0.029296366633568875,0.08029653051584355,0.12782624622829764,0.03949177214579738,0.022232076581222948,-0.18940742097500313,0.30562887412877293,-0.07652145411778316,0.2200167738328208,0.00311376321903348,-0.002211446694880125,0.07669112047275216,0.15574792978126537,0.002635612582302642,0.09961921471470024,0.059832454474468104,0.11786991603443456,0.0663530409802088,-0.09913335197092536,-0.27921490750291617,-0.09054592077738038,-0.3424850336922676
#12,0.6001233937127047,0.3119566579584125,1.0,0.7380312918743313,0.24484590246112617,0.3486470072204602,0.23781246083695642,0.17220942226678107,0.049193602807206964,0.6234448054138991,0.22820703151359742,0.1150125803746156,0.40505721419413304,-0.28334474082500266,-0.1522851937184888,-0.12853576007634987,0.8245148602662605,0.7183654189120146,-0.036607444111324265,-0.26231382491588984,-0.07512556274281088,-0.28133959299355077,0.3612254538092989,0.25524182275649987,0.20031619638880588,0.04532598112461801,0.3459284894874341,0.16988036593947925,0.004775722287025344,-0.18032641493063925,0.4178824482083811,-0.025525146289030493,0.47898161626483376,-0.031235961555146387,0.023778354043554124,-0.3364040372880376,-0.007147195203069418,-0.24954257565095003,0.3859350447784215,0.2457752113599337,-0.12530438722489468,-0.39228982098271525,-0.3112548562174043,-0.37695815217915224,-0.009368282031754601,-0.39081295248378045,-0.02275649986021806,0.29231777737074993,0.10296241311829409,0.1139174611743611,0.28813010324583305,0.26477013100941843,0.34782952387379135,-0.0658131934871256,-0.13650622270637117,-0.2914694455959049,-0.3988913846124184,-0.613642717360917,-0.3650198104749694,-0.18673517588424127,0.07815256475759884,-0.12088534988865646,-0.22493324207339999,-0.33648887046552206,0.44290437951278766,0.0476319011307877,-0.17597678655779742,-0.251223814986552,0.00043766207474959753,-0.23046282282398078,0.28631004598343823,0.3432716686107603,-0.07066410881783039,0.1812788601505789,-0.4776589899067799,-0.04678356935594266,-0.2104807534728582,-0.27375859176925377,0.23777004424821416,0.00305977846972516,-0.146254326010045,0.03798019916516441,0.24225849054784881,0.11958200379821272,0.15442915947673352,-0.1158879045241148,-0.08034665921162985,0.0907001629182613,-0.16666056124859013,-0.10537630262308041,-0.06251241167227402,-0.05770776898383349,-0.2057108152661159,-0.22261960996018626,-0.36742213181918965,0.2846635111295345,0.041816972419577186,0.69132677161559,0.6359114264505992,0.4148940067288134,0.4878890999007066,0.6995594458851089,0.4796255772030116,0.5673430827219882,0.5900359576990929,0.5968997329682936,0.3491020215360589,-0.027564998602180597,-0.14125688064550335,-0.28531132812123433,-0.22467103043390244
#13,0.4507822968582804,0.05417948001118256,0.7380312918743313,1.0,0.22889726509403951,0.2702110225289927,0.1498597360531364,0.18952695863418584,-0.22174814186420908,0.6101992615657506,0.2013149142510098,0.17273384554577617,0.21362343709330686,-0.2008598999354111,0.0012358651538083348,-0.11691747081449491,0.6036555387388777,0.33842460933357754,0.1879845372253767,0.06623735937454812,-0.022147243403738442,0.06580933743360358,0.1561065427588135,0.21715172606595778,0.06589031455756605,0.036607444111324265,0.15938033219901093,0.3072638408221106,0.025941600069408963,0.04568459410216614,0.24660811892069062,0.07897390415778971,0.29092574204929966,0.0338503658430779,0.14846384467816412,-0.019555975436939065,0.1247683957853335,-0.005685750918222745,0.20894604417109308,0.25472125553102676,-0.049930109029913336,0.006025083628160759,-0.06554712579410603,-0.11052413407498096,0.005620198008348356,-0.19227632479538817,-0.045514927747197134,0.3204939604561711,-0.06726306961140621,0.05769620082326743,0.09793797537909826,0.06623735937454812,0.18154107179007645,0.020705079386501884,-0.0018836821455081797,-0.0436563099495821,-0.4004415181282716,-0.3978425380544282,-0.084919938688749,0.02545573732563408,0.07061783617556612,-0.22698851860063818,0.0199492928961854,-0.1639960282648723,0.3945571804536647,0.164952329538334,-0.13055247606836784,-0.23060549680429565,0.11815526399506425,0.012892714950883519,0.007891413532819835,0.25255800950517193,-0.14094068425669748,0.1447851696181543,-0.41013178062911515,-0.13189438269403178,-0.2702110225289927,-0.3582254441691651,0.11134547347517183,0.1440139589137497,-0.3291353763990244,0.03907146231189689,0.13103833881214272,0.12986609854144776,0.16167854009813656,-0.011936413677421842,-0.07155100112789566,0.10929790905497769,0.009395274406408761,0.08503176424088767,0.03252388343150203,0.0530920729179721,-0.12713215659433352,-0.11589947268468086,-0.09611020600965942,0.07301244541274234,0.19191385576431802,0.4340701608938332,0.41640172365592437,0.10243027773225492,0.23234072088920593,0.34108143021025134,0.3504786326434211,0.42088631390203696,0.3934620612534102,0.3385094425110621,0.15466437874157693,0.06556640606171614,-0.10116934823055344,-0.1445499503533109,0.022602257719337146
#17,0.15542016523189342,0.07972583459458417,0.24484590246112617,0.22889726509403951,1.0,0.535468944308947,0.26618915870552284,0.30551704857663425,0.15387003171604022,0.3589542382848274,0.42668581839915937,0.3090761859774614,0.3095890410958904,0.4043284200784707,-0.08682868518215033,-0.3252870349840456,0.32985260235412067,0.1137477948193921,-0.1980642611319445,-0.10421948656647355,0.0007037297677691766,-0.23777004424821416,-0.07431193544966404,-0.08002660676930196,-0.21133294130122526,-0.09943026809212112,0.033241109386598286,0.08965902846731513,0.09307934794134942,0.15797672871699459,0.0448362623273211,0.056732187442761706,0.026770651576643885,0.002994225559850771,-0.24964283304252263,0.0770343092362122,-0.39283352452932047,0.12002930600676738,-0.09832743678482257,-0.06317950893158397,0.04356376466505355,-0.026728234987901632,-0.01523333943875141,-0.01352510772849527,-0.018453144129640518,-0.08340836570811602,-0.16358343053801586,0.016421003923534457,-0.07886207860565105,-0.07403815564960042,-0.0873299721400133,-0.07034020032198048,-0.19411180627187105,-0.2521454117783155,-0.31607877917345495,-0.1849883836387649,-0.03230794443426875,-0.06930292192455631,-0.34032949977345683,-0.09289811342581435,-0.18139454175623956,-0.2257430133130248,0.11820539269085055,-0.009402986513452807,0.22666075405126623,0.22686898094145547,-0.08281067741220248,0.06479905141083359,-0.17018885022124108,-0.22103477196263485,0.07920141131558905,0.27869434027744305,0.174052615850308,0.44061388372070603,-0.08028496235527749,0.39780783357273,-0.04782084775336682,0.04204447957737653,0.044975080254113925,0.02756885465570262,-0.04548022326549893,0.316429680043959,0.1396643305409079,0.03117426469879402,0.7543308301119219,0.03834652424975658,0.11409869568989618,0.07529137304425786,0.1404046928171363,0.15650757232510387,0.3045800275707827,-0.16354487000279563,0.048009794375945936,-0.2632161414400432,-0.1728379589908708,0.1871439175575757,-0.1834189698553016,0.24647701310094183,-0.010031523237542537,0.13690339621913952,0.16621325904003548,0.2351787762814148,0.28612495541438115,0.22148978627823354,0.21146790317449607,0.15775307761271726,0.015908148805105413,-0.16683408365708116,0.04495194393298179,-0.2760413754542913,-0.009711470795214637
#18,0.42531691939884125,0.21313371829600994,0.3486470072204602,0.2702110225289927,0.535468944308947,1.0,0.337491444381248,0.40747110369891937,0.2397443436514899,0.4303066526563389,0.44956378394532115,0.5091243866464866,0.37067664099177694,0.25374181793643297,-0.22026356125823027,-0.25690378182449175,0.4151832107429651,0.20964784591210125,-0.21041134450946178,-0.04075270164749887,0.12094704674500882,-0.22280084447572132,-0.19124675850500805,-0.12733652743100074,-0.10104209846432669,0.027757801278281743,0.211460191067452,-0.10142384776300695,0.08325797962075714,-0.029068859475769523,-0.08200861827962172,-0.12561672756017853,-0.018140803794356664,-0.2284615310460509,-0.27009919697685403,-0.26572643228288007,-0.4504468202018644,-0.11478892927033828,-0.12366942053155698,-0.15573250556717727,-0.15282889726509405,-0.24628035437131868,-0.09656136427173609,0.06783762158618761,0.00750966423413957,-0.002489082548465773,-0.055058660214203775,-0.008223034135713804,0.024807920333934235,0.06459468057416637,0.048029074643556054,0.10585830931333327,0.06565123923920065,-0.06322578157384824,-0.20550258837592666,-0.1780474872991237,0.1502453414053387,0.037760404114409105,-0.5315666181446599,0.030962181755082762,-0.04155476078007963,-0.10180559706168722,-0.23850269441739852,-0.2571621374104673,0.111202799494857,0.0258297745172703,-0.07559985732601969,0.06115893688604398,-0.19607839356810272,-0.3076880067095331,0.1339188107930938,0.11900359576990929,0.15852428831712184,0.39004559783289794,-0.08037750763980604,0.46206510946371937,-0.014373439503340307,0.26360174679224546,0.05509336469590198,-0.08132995285974569,0.10987246102975909,0.426620265489285,-0.07417311752287122,0.2542700972689501,0.4615869588269885,-0.19847300280527894,-0.17867988007673546,-0.03212285386521165,-0.0036458986050726385,0.2852881918001022,0.21439850385123346,-0.006580355335332054,0.16981095697608284,-0.37739774228066286,-0.23827133120607713,0.2447379329625095,-0.3088641030337501,0.19613237831741104,-0.008014807245524568,0.07923997185080929,0.17299605718527372,0.28737431675551656,-0.03749433642138953,0.2848138972168934,0.08555233146636075,0.2190913209875353,-0.029018730779983227,0.012383715885976497,0.08945080157712589,-0.41248782933107114,-0.2974386164479963
#26,0.282222629250094,0.6234717977885533,0.23781246083695642,0.1498597360531364,0.26618915870552284,0.337491444381248,1.0,0.3604388188908062,0.3252176260206492,0.4836050244377392,0.49895211745539025,0.18578273066430162,0.28442443581116905,0.1431849074065148,-0.11136860979630397,-0.20007712107044046,0.3149296752238921,0.12662315752942652,-0.21427511013852873,-0.2051054148631583,0.01604696673189824,-0.1040960928537688,-0.017018692219448007,-0.20557199733932308,0.09432870928248484,-0.10771307105742628,0.04517945109078114,-0.060256620361890625,-0.016690927670076062,-0.16033277741895058,0.014034106793402293,-0.03729767769176636,-0.15619908804334204,-0.06858569596946006,-0.21650005302073594,-0.10654468684025334,-0.06565895134624469,-0.06624892753511419,0.026921037664002775,0.02645831124136003,-0.04686069042638312,-0.04702264467430808,0.01239914010006459,0.16196388805876624,0.1360743447119046,-0.12995478777245428,0.10967580230013593,-0.08369371366874573,-0.031945475403198594,-0.1171179855976401,-0.11606142693260582,-0.031181976805838067,-0.11058197487781131,-0.18920690619185795,-0.13176713292780504,-0.30043091398108607,0.11426450599134316,-0.005458243760423395,-0.21852062506627593,-0.1538468953949081,-0.05466919880847946,0.0018296973961998593,-0.09585185042368388,0.1093827422324622,-6.74809366354005e-05,-0.2125360300000964,0.03815757762717747,0.3586264737354555,-0.30259030395341885,-0.24780735156603972,0.2705349310248426,0.21532395669651894,0.1407748739552505,-0.05052008521878284,0.007517376341183615,0.2417032188406775,0.11881079309380814,0.07683765050658903,0.25612100295952106,-0.1564805799504497,0.1299277953978001,0.1397800121465686,0.19888174447861337,0.1701232973113667,0.30443735359046786,-0.02969354014633723,0.006777014064955221,0.022162667617826537,-0.0025392112442520704,0.08833640210926128,0.15693559426604842,0.10470534931024843,0.16417340672688538,-0.09238911436090733,-0.19258866513067202,0.2800786634918493,-0.16738164325720842,0.17382125263898662,-0.033083011192195345,-0.0570676640991777,0.12116684179576412,0.05618848389615648,0.054110071047786146,0.05509336469590198,-0.04523729189361148,-0.052386415123441915,-0.029712820413947346,-0.057299027310499066,-0.21070826063065756,-0.21183037220556622,-0.31471759228018087
#49,0.5205305929646303,0.21825841342677837,0.17220942226678107,0.18952695863418584,0.30551704857663425,0.40747110369891937,0.3604388188908062,1.0,0.26143850076639064,0.3770661216777689,0.37803784716531863,0.32550297398127886,0.28706968852727677,0.22266973865597253,-0.1745230543799948,-0.13519130845536137,0.40427057927564036,0.10387629780301351,-0.141195183789151,-0.007833572729989493,0.1270743157915032,-0.11251000163882274,-0.15548957419528983,-0.36288741287729076,-0.1336990157423385,-0.2382828993666432,-0.0011857364580220373,-0.234372861095312,-0.14869906394300753,-0.3786316794077102,-0.06944173985134913,-0.09655365216469204,-0.1351141873849209,-0.2664359461309323,-0.4169454272025296,-0.12961545506251626,-0.4208130488851185,-0.2498240675580577,-0.21188821300839655,-0.2233059874871063,-0.2548947779395178,-0.16113483655153132,0.07531450936539,-0.007262876808730105,-0.07534535779356617,-0.09747524895645551,-0.15043814408143985,-0.1233879286244493,0.09539683610808518,0.03308686724571737,0.12998563620063047,0.11585320004241659,0.11315396257700057,-0.04698408413908785,0.026234660137082703,-0.16682637155003713,0.07150087243210936,-0.16647932673305504,-0.3000144602007076,-0.04233753964505027,-0.08645079193699208,-0.13175556476723896,-0.2328227275794588,-0.1536309563976748,0.013795031475036874,-0.1793431212825234,-0.23872634552167585,0.2536994013476907,-0.4068888396170939,-0.2966288452083715,-0.07286205932538344,-0.002770574455573443,0.20031619638880588,0.19274676332507495,0.1207581001224297,0.35827171681142933,-0.11090588337366122,0.00730914945099438,0.0002024428099062015,-0.28014421640172366,-0.0885253487318404,-0.1245331765204901,-0.011018672939180395,0.207920333934235,0.3295248378047487,0.050527797325826886,-0.23431502029248166,-0.22174814186420908,-0.14825947384149693,0.06521550519121205,0.029095851850423685,-0.17852563793585455,0.025760365553873888,-0.19277761175325114,-0.07812557238294468,0.15945745326945138,-0.279195627235306,0.2322520316581994,-0.05576046195521194,-0.17879556168239616,0.09147137362266589,0.0866898672553575,-0.11852544513317845,0.12998178014710846,0.01648655683340885,0.05112548562174043,-0.1997493565210685,-0.0919302439917866,0.06952657302883364,-0.2035514252937831,-0.18190739687466861
#50,-0.021106108952792264,0.27985115633404994,0.049193602807206964,-0.22174814186420908,0.15387003171604022,0.2397443436514899,0.3252176260206492,0.26143850076639064,1.0,-0.021977577048769438,0.24637675570936923,-0.044682020186440186,0.13056018817541187,0.0721486894238092,-0.2389577087329972,-0.1182478092795928,0.13489824838768763,0.2902085160942034,-0.48124897573578324,-0.35972159293570993,-0.27148352019126026,-0.41381816779616903,-0.024796352173368168,0.04789796882380727,-0.10237243692942458,-0.025941600069408963,-0.010752605246160818,-0.027977596329037048,0.005662614597090608,-0.17327369303885937,0.19073004733305698,-0.14939700963049368,0.04377584760876481,-0.028640837534824982,-0.10115778006998737,-0.2522688054910202,-0.28877020813048887,-0.10334416241697435,-0.009665198152950362,-0.04138895047863264,-0.10224904321671985,-0.16081478410920344,-0.2600927380872047,-0.17153075684690502,-0.15413609940905978,-0.21613372793614374,0.2235026462167295,0.021757781998014133,0.09332999142028091,0.006796294332565336,0.009923553738925896,0.040856815092593486,-0.06011394638157578,-0.18219274483529832,-0.32657881291392327,-0.2890131395023763,-0.11527093596059114,-0.16302430277732255,-0.23635872865915378,-0.0838248194884945,-0.1071770796178651,0.06866667309342253,-0.16796005128551184,-0.0263349175286553,-0.18100122429699325,-0.27011847724446414,0.04731956079550384,0.1461694928325605,-0.3523950912438665,-0.30723684844745647,0.17337009437690995,0.03506502270251511,-0.07323224046349763,0.07887750281973914,-0.14988672842779058,0.13057561238949997,-0.16379551348172713,0.19120434191626579,0.12413985906124377,-0.06442501421919736,0.31476772097596717,0.08894180251221886,0.09944183625268718,-0.14298053656984758,0.21218898518311435,-0.1616014190276961,-0.015726914289570338,-0.09167960051285512,0.11370537823064984,-0.17493950816037326,0.04725400788562945,-0.17798193438924934,0.02248657611367646,-0.07206385624632469,-0.18549738270367191,0.19039457067664098,-0.1278339583353417,0.3264168586659983,0.1633520673266945,0.053246315058853015,0.09515776078971976,0.10896628845208371,0.1958701666779135,0.1857750185572576,0.07515255511746503,0.12468356260784899,0.10386472964244743,-0.18569018537977308,0.0031330434866435946,-0.17449991805886267,-0.3470236086876886
#51,0.5503494548504333,0.4329441932654025,0.6234448054138991,0.6101992615657506,0.3589542382848274,0.4303066526563389,0.4836050244377392,0.3770661216777689,-0.021977577048769438,1.0,0.6134576267918599,0.23997185080928923,0.4732708009987179,-0.16961429824645965,-0.06899443764279448,-0.09071173107882738,0.7670326704134653,0.29361726740767163,-0.10842644095900052,-0.05600339332709938,0.04661004694745163,-0.005045646033566946,0.0785343140562791,0.08548292250296434,0.06144428484667367,0.014516113483655153,0.22164788447263647,0.07918598710150097,-0.014766756962586641,-0.024815632440978282,0.11269894826140187,0.07136976661236058,0.26033952551261413,-0.017697357639324035,-0.025054707759343698,-0.06735561489593475,-0.05335814061099168,-0.040606171613662,0.19890102474622348,0.1268082480984836,-0.20242160161183037,-0.14668234795098956,-0.061849170466486074,-0.0098734250431396,0.14783145190055239,-0.14410650419827828,0.04676043303481053,0.20760799359895116,0.0826448671107555,0.12813087445653745,0.15961940751737635,0.16925954132243357,0.2054254673054862,0.08170784610490393,0.007035369650930755,-0.06168721621856112,-0.056516248445528425,-0.2040758485727782,-0.22866975793624014,-0.14078644211581656,0.2582495445036777,-0.04081439850385123,-0.08271427607415191,-0.16986879777891317,0.31070729661727703,-0.02617681933425236,-0.2551377093114052,-0.024831056655066373,-0.15419394021189015,-0.23739986311009997,0.0377256996327109,0.13335968303240048,0.09915263223853547,0.13644838190354083,-0.15762968390001253,0.2073265016918435,0.016621518706679647,-0.021414593234554094,0.17854491820346466,-0.04772830246883827,-0.31718932258779753,0.1731425872191106,0.23872634552167585,0.1259136436813743,0.30699777312909104,-0.059539394406794365,-0.03288635246257218,0.14182757656676276,-0.012915851272015656,0.06712039563109136,-0.045680738048644115,0.14933916882766332,-0.17018499416771904,-0.10858453915340345,-0.3036314384043651,0.16607058505972064,-0.07272324139859061,0.45908052403767363,0.23964023020639527,0.19945629645339477,0.24482662219351606,0.38433478256678205,0.25244618395303325,0.41987217182574493,0.38018952503060743,0.4272796506415509,0.18061176289126893,0.17694079993830314,-0.12772213278320302,-0.1684227777081546,-0.1280383291720089
#52,0.43684651942968966,0.40189910635959625,0.22820703151359742,0.2013149142510098,0.42668581839915937,0.44956378394532115,0.49895211745539025,0.37803784716531863,0.24637675570936923,0.6134576267918599,1.0,0.22035996259628082,0.15930706718209248,0.14680574166369428,-0.06337616766120714,-0.14891885899376284,0.4293002226870909,0.14085199502569096,-0.2716416183856632,-0.08561402832271311,0.12255887711721439,-0.10283130729854531,-0.08389808450541293,-0.04887740641840109,-0.1418198644597187,-0.07305486200148457,0.09004463381951741,-0.013266752142519739,0.020627958316061425,-0.07869241225068203,0.012750040970568671,-0.08052789372716493,0.09076957188165771,-0.004320707971426643,-0.11765397703720128,-0.08734925240762342,-0.31572787830295085,0.018726923929704143,-0.14661293898759314,-0.14225174245418526,-0.18393568102725266,-0.04146992760259512,0.1101423847763007,0.06633761676612071,0.04580413176134885,-0.08390194055893496,0.1085421225646612,0.08454204544359076,0.12529281906432863,0.041832396633665274,0.04802521859003403,0.05033499464972574,0.01535287709793412,0.019694793363731887,-0.034698697617922936,-0.0009929337819208931,0.22573915725950275,-0.01718450252089499,-0.3505711779279496,-0.03657273962962606,0.09666933377035274,-0.032038020687727146,-0.14342783877840223,-0.04414602874687901,0.045915957313487514,-0.14278773389374644,-0.2517790866937233,0.17315415537967668,-0.173042329827538,-0.3276006670972593,0.06693144900851224,0.04750850741808296,0.10329017766766603,0.2548253689761214,-0.0520972111092902,0.3969016609950546,-0.007741027445460943,0.18869790712695092,0.24374692720734964,-0.13045993078383927,-0.08779655461617807,0.266725150145084,0.2173908013843232,0.18108605747447776,0.5143339149547396,-0.1248185244811198,-0.04022056626145971,0.04731184868845979,0.0054081150646370976,0.009160055141565366,0.07739677826728235,-0.06205354130315329,-0.08035051526515188,-0.1950449712242006,-0.15008724321093578,0.17579169598874034,-0.1539471527864807,0.23845642177513424,-0.03157915031860642,0.08518215032824655,0.05937744015886941,0.2714719520306942,0.05636586235816953,0.31918290225868334,0.1215832955761426,0.22806435753328255,0.02317295364059653,0.10653311867968727,-0.02838248194884945,-0.22956050629982744,-0.18634571447851697
#53,0.18828145334657245,0.11727608379204303,0.1150125803746156,0.17273384554577617,0.3090761859774614,0.5091243866464866,0.18578273066430162,0.32550297398127886,-0.044682020186440186,0.23997185080928923,0.22035996259628082,1.0,0.5431116423895964,0.24206183181822563,-0.09589426701242613,-0.26850279081873657,0.2803408751313468,-0.0349454850433324,-0.10233773244772637,0.019054688479076088,0.03428995594458851,-0.07418082962991526,-0.11252156979938882,-0.23877647421746215,-0.010374712001002574,-0.044651171758264004,0.03517299220113175,-0.1500409705686715,-0.03850847849768155,-0.02566010816230129,-0.1632171054534237,-0.134963801297562,-0.1610615715346129,-0.13005118911050487,-0.23473918617990416,-0.26501306238130584,-0.31469059990552667,-0.11935449664041337,-0.13330569828309216,-0.07345203551425294,-0.2918781872692393,-0.13903193776329614,0.19336373188859862,-0.034120289589619504,-0.1323301167420204,0.143894421254567,0.03515756798704366,-0.05444554770420213,-0.09591740333355828,-0.12779154174659943,-0.16516055642852323,-0.16324024177455584,-0.03280151928508768,-0.11731850038078528,-0.007413262896088998,-0.19932133458012397,0.21478796525695776,0.06022191588019242,-0.35212516749732486,-0.0822746859726413,0.10794443426874765,0.0231845218011626,-0.0896050437180068,-0.23218647874832501,-0.11162696538227951,-0.13291238082384582,-0.02708684796544976,-0.06182989019887596,-0.11400615040536763,-0.2214473696894913,0.06724378934379609,0.2084756056414063,-0.029647267504072955,0.3498423838122873,0.1105125659144149,0.35109945726046676,-0.1734626396614385,-0.01757010787309728,0.05077844080475837,-0.024322057590159353,-0.10901641714787001,0.32696827431964753,-0.0533272921828155,0.6160643189727474,0.27136783858559954,0.3268178882322887,0.09405107342889919,-0.14027744305090956,-0.021981433102291458,0.4937657254682695,0.2153509490711731,0.34788736467662174,0.2464538767798097,-0.15169521752961931,-0.05074759237658219,0.013166494750947144,-0.28416993627871556,0.07281193062959714,-0.2322481756046774,-0.07676052943614857,0.005747447774575111,0.14750368735118044,-0.2718961179181167,0.15741760095630128,-0.029458320881493836,0.005142047371617518,-0.20558742155341117,0.17207831644703228,0.12324139859061244,-0.26129582678607577,-0.17989453693617266
#54,0.23405666470650613,0.23227516797933156,0.40505721419413304,0.21362343709330686,0.3095890410958904,0.37067664099177694,0.28442443581116905,0.28706968852727677,0.13056018817541187,0.4732708009987179,0.15930706718209248,0.5431116423895964,1.0,0.04167429843926234,0.0056664706506126305,-0.04150848813781535,0.5071693675108211,0.16553459362015946,-0.12695477813232048,-0.2204563639343314,-0.030723106436717343,-0.10753569259541322,0.24719809510956012,0.15220807264804836,0.2125861586958827,0.024021285415441566,0.1347247259791966,-0.16887007991670924,0.17798193438924934,0.05033499464972574,0.0021189014103515755,0.18387784022442233,0.09368860439782904,0.05003036642148593,0.004108625027715385,-0.06179518571717776,0.030622849045144746,0.05023859331167516,0.2976892599269278,0.21902576807766092,-0.1773418295045935,-0.20245245004000656,0.16151272979668957,-0.038674288799128535,-0.0040584963319290875,-0.08017699285666086,0.02410226253940405,0.020836185206250663,-0.014446704520258742,-0.0791242902451486,-0.04189023743649562,0.05417562395766053,0.03988894565856574,-0.028347777467151242,0.003823277067085691,-0.15630320148843665,0.02525907859601091,-0.20717225955096258,-0.21537408539230524,-0.28828048933319195,0.24451428185823218,-0.028297648771364946,0.13756278137140543,-0.10782104055604291,-0.03130922657206482,-0.20463883238699354,0.08122198336112905,-0.05965507601245505,-0.14409879209123422,-0.1625615763546798,0.161416328458639,0.11119123133429092,-0.0479866580548138,-0.034540599423519995,0.017473706535046707,0.04340566647065061,-0.060912149460634515,-0.1354342398272488,0.3581791715269008,0.12509616033470544,-0.12247789999325191,0.2868383253159554,0.44250334994649726,0.2299114071703315,0.10901641714787001,0.19825320775452362,-0.020724359654112,0.028471171179855977,0.05389798810407488,0.2681904504834527,0.15181861124232404,0.2248021362536512,-0.06267436592019897,-0.07212555310267707,-0.34005571997339323,0.020238496910337116,-0.12394705638514263,0.20976352751776195,0.0889803630474391,0.044173021121533165,0.13405377266636462,0.2540503022181948,0.13398050764944616,0.14511293416752624,0.23075973894517657,0.18895240665940444,0.07831837505904582,0.08731840397944723,-0.04416916506801114,-0.08878756037133795,-0.07843791271822853
#58,-0.15430962181755084,-0.22826101626290574,-0.28334474082500266,-0.2008598999354111,0.4043284200784707,0.25374181793643297,0.1431849074065148,0.22266973865597253,0.0721486894238092,-0.16961429824645965,0.14680574166369428,0.24206183181822563,0.04167429843926234,1.0,-0.11545602652964823,-0.2055257246970588,-0.24583690821628604,-0.2145913065273346,-0.14827875410910704,0.07585050080495118,-0.021657524606441537,-0.07772839887017632,-0.3578321267099187,-0.2611492967522389,-0.23375589253178833,-0.03470255367144496,-0.2150964495387196,0.006464673729671368,-0.06876693048499513,0.04081054245032921,-0.1109174515342273,0.020250065070903184,-0.22046793209489748,0.02402514146896359,-0.46909469503436707,0.13016687071616553,-0.36339255588867575,0.1656618433863862,-0.33190787888135886,-0.11563340499166129,-0.18262076677624287,0.12587122709263204,0.14385586071934678,0.2706159081488051,-0.18842027127336528,0.2041144091079984,-0.03837351662441075,-0.21559388044306055,-0.26601949235055383,-0.3740892483587672,-0.2613652357494722,-0.17997165800661313,-0.31203377902885293,-0.2809732679089586,-0.31556592405502587,-0.05006121484966211,0.07727338455457762,0.21135222156883537,-0.12216941571149008,-0.005516084563253738,-0.14816692855696836,-0.06459853662768839,0.2512045347189419,0.3257304811390782,-0.09881329952859745,0.03900205334850048,0.4312051131269702,0.4949148294178323,-0.14878389712049203,0.11025806638196138,-0.08817830391485834,0.13242266202654893,-0.061980276286234856,0.1835038030327861,0.10126574956860401,0.20281877512459873,-0.07312041491135897,0.08263329895018943,0.11662441074682117,0.11581849556071838,0.10748556389962692,0.0991757685596676,-0.2603703739407903,0.07416154936230515,0.4676178265354323,0.19901285029836213,-0.013178062911513211,-0.25985366276883926,0.07418468568343728,0.21618771268545206,0.3942294159042928,-0.2407083570319956,0.18591769253757243,-0.13064116529937436,0.028320785092497084,-0.014223053415981414,-0.22869675031089431,-0.13038666576692085,-0.20748845593976845,-0.29434220546981194,-0.15759883547183634,-0.14573761483809394,-0.062211639497556225,-0.05432601004501943,-0.20374422796988423,-0.2713716946391216,-0.13720031234033528,0.007995526977914454,0.12392392006401048,-0.043340113560776224,0.12806146549314104
#101,-0.1958701666779135,-0.058444275206539865,-0.1522851937184888,0.0012358651538083348,-0.08682868518215033,-0.22026356125823027,-0.11136860979630397,-0.1745230543799948,-0.2389577087329972,-0.06899443764279448,-0.06337616766120714,-0.09589426701242613,0.0056664706506126305,-0.11545602652964823,1.0,0.6093200813627293,-0.1463545834016176,-0.31374201073910907,0.703616014190277,0.27862493131404664,0.7003923534458658,0.45025787357928526,0.2136967021102253,0.06196485207214676,0.15734433593938285,0.07534150174004416,-0.05018075250884482,-0.3768116221453154,0.3918232385065505,0.227293146828878,-0.5179239007837428,0.144226041857461,-0.34333722152063473,-0.1478854366498607,0.2868074768877792,0.5438018759700385,0.3223949948425284,0.32773948502405215,-0.3208757097548514,-0.19537273577357253,0.24848601698591577,0.5386424763575719,0.6290900677701406,0.4721024167815449,0.12103187992249333,0.008277018885022124,-0.3970481910288915,-0.38924353870031714,-0.3249361341135415,-0.15722865433372216,-0.2525811458263041,-0.20222494288220721,-0.2593369515968882,0.27274444969296174,0.47878110148168856,0.4563967107863457,0.2966943981182459,0.15628777727434856,0.025621547627081066,-0.22451678829302152,-0.14833273885841536,-0.354334686165444,0.32373304541467035,0.27894883980989654,-0.16812586158695883,-0.17613488475220035,0.23977519207966608,0.0985163834074017,0.3505480416068175,0.15912583266655742,-0.2197969787820655,-0.3810918415547608,0.3002689597331611,-0.2869655750821821,0.1801683167362363,-0.3059142220894026,0.09093152612958268,-0.38020880529821754,0.21061185929260698,0.31474072860131297,-0.053639632518099355,0.07399188300733614,0.14619262915369266,0.015576528202211446,-0.12326453491174458,-0.08446878042667232,-0.21786509596753204,0.02414853518166832,0.13932499783096988,0.013571380370759546,-0.0680034318876346,-0.09883643584972959,-0.2117108345463835,-0.2388073226456383,-0.12772984489024708,-0.19103853161481882,0.22108490065842115,-0.4440496274088284,-0.3720455399920951,-0.3776946584018586,-0.3431521309515776,-0.3607935758148323,-0.2993704992625298,-0.31005176751853314,-0.3756548060887085,-0.38102243259136437,-0.5351951645088834,-0.2368677277240608,-0.2917625056635786,-0.04807920333934235,-0.10418478208477534
#102,0.010139492736159179,0.16805645262356242,-0.12853576007634987,-0.11691747081449491,-0.3252870349840456,-0.25690378182449175,-0.20007712107044046,-0.13519130845536137,-0.1182478092795928,-0.09071173107882738,-0.14891885899376284,-0.26850279081873657,-0.04150848813781535,-0.2055257246970588,0.6093200813627293,1.0,-0.15915282504121156,-0.16169010825870264,0.3934620612534102,0.4243991786605998,0.4349994697926407,0.5957236366440766,0.10280431492389114,0.3087137169463912,0.05478102436061812,0.3011789883643585,-0.16841892165463257,-0.3425120260669218,0.19536887972005051,0.27339997879170563,-0.3703643006564931,0.11170023039919794,-0.23631245601688952,0.018179364329576893,0.22570059672428253,0.44500207262876806,0.300083869164104,0.33711355113608976,-0.15547029392767972,-0.11276450117127626,0.14990215264187867,0.35051719317864133,0.2816326530612245,0.39882583170254404,0.19220691583199176,0.1388892637829813,-0.33433333654671127,-0.34627939035793814,-0.1397491637183924,0.01373719067220653,-0.056527816606094496,0.0018759700384641338,-0.14945870648684603,0.49663462928865454,0.2549564747958702,0.46681191134932953,0.11446116472096633,0.13400750002410033,0.12274011163274946,-0.1995951143801876,-0.06125919427761657,-0.1361900263175653,0.16214126652077931,0.23478545882216845,-0.18888685374953004,-0.2536685529195145,0.164952329538334,0.10918993955636104,0.022409455043236,0.3532588472327996,-0.34039505268333126,-0.47616284114023505,0.02230148554461936,-0.4265007278301023,0.15715538931680373,-0.43141719607068146,0.03324882149364233,-0.3043139598777631,0.04750850741808296,0.4415663289406457,-0.12983139405974956,0.09115132118033799,0.052710323619291836,-0.11702929636663358,-0.2635361938823711,-0.11210897207253237,-0.22002448593986484,0.013741046725728553,0.24457983476810657,-0.10372205566213259,-0.05617691573559041,-0.10684931506849316,-0.039885089605043715,-0.08670143541592357,-0.18685085748990196,-0.2534487578687592,0.3178178593118873,-0.31953380312918744,-0.21355017207638843,-0.38844533562125844,-0.34140533870610124,-0.36600310412308523,-0.3338281935353263,-0.31095794009620853,-0.4171999267349831,-0.29486662874880704,-0.354338542218966,-0.1433005890121755,-0.23562607848996944,0.1360242160161183,-0.09953052548369372
#201,0.6088342186189545,0.4156844977008281,0.8245148602662605,0.6036555387388777,0.32985260235412067,0.4151832107429651,0.3149296752238921,0.40427057927564036,0.13489824838768763,0.7670326704134653,0.4293002226870909,0.2803408751313468,0.5071693675108211,-0.24583690821628604,-0.1463545834016176,-0.15915282504121156,1.0,0.6412906211138211,-0.12881725198345753,-0.2522880857586303,-0.0059363943971542325,-0.26152718999739716,0.35915475306797257,0.03179508931583971,0.2443484715567852,-0.055243750783260874,0.3292009293088988,0.024206375984498665,0.04767817377305197,-0.22078027243018133,0.26769301957911174,-0.11188532096825504,0.43162156690734865,-0.061077959762081496,-0.06079646785497383,-0.3329721496534372,-0.10295084495772801,-0.2538112268998294,0.28831904986841217,0.1234380573202356,-0.21389336083984845,-0.395617595172221,-0.2755516566569944,-0.3458590805240377,-0.10487887171873946,-0.3809992962702322,-0.002978801345762679,0.15146771037181997,0.0027320139203532144,0.006661332459294535,0.15882506049183961,0.1569124579449163,0.2954681730982426,-0.03995449856844013,-0.007478815805963387,-0.25842692296569075,-0.27594883016976274,-0.5758880973267909,-0.4838595239701927,-0.3303423211514176,0.22357591123364792,-0.013567524317237524,-0.341035157567987,-0.4265547125794106,0.33896831288018275,-0.0464365245389606,-0.2837072098560728,-0.19874678260534256,-0.07130421370248619,-0.30654661486701434,0.27536271003441526,0.2889398744854579,0.059786181832203834,0.32640914655895426,-0.33906857027175535,0.18447938457385787,-0.08936982445316341,-0.1209084862097886,0.22898981037856805,-0.09921818514840985,-0.18870561923399498,0.061567678559378405,0.22610548234409494,0.21293320351286477,0.28256967406707606,-0.014751332748498549,0.006792438279043313,0.0740690040777766,-0.15799215293108268,-0.08213586804584848,-0.16284306826178746,0.03273982242873531,-0.24176105964350786,-0.23279959125832667,-0.3936471518224673,0.4439262336961237,-0.06908312687380101,0.7018460856236685,0.37919851927544757,0.3565133564053869,0.3928181003152324,0.6801827769369438,0.3473976458793248,0.6461453924980479,0.5773842460933358,0.6501749684285618,0.28196812971764046,0.12732495927043466,-0.027325923283815178,-0.33769581521791525,-0.3129939363558366
