,#10,#11,#12,#13,#17,#18,#26,#49,#50,#51,#52,#53,#54,#58,#101,#102,#201,#202,#301,#302,#401,#402,#501,#502,#601,#602,#701,#702,#801,#802,#901,#902,#1001,#1002,#1101,#1102,#1201,#1202,#1301,#1302,#1401,#1402,#1501,#1502,#1601,#1602,#1701,#1702,#1801,#1802,#1901,#1902,#2001,#2002,#2101,#2102,#2201,#2202,#2301,#2302,#2401,#2402,#2501,#2502,#2601,#2602,#2701,#2702,#2801,#2802,#2901,#2902,#3001,#3002,#3101,#3102,#3201,#3202,#3301,#3302,#3401,#3402,#3455,#3501,#3502,#3601,#3602,#3701,#3702,#3801,#3802,#3901,#3902,#4001,#4002,#4101,#4102,#4201,#4202,#4301,#4302,#4401,#4402,#4501,#4502,#4601,#4602,#4701,#4702,#4801,#4802
#10,1.0,0.46715510011278955,0.4426691602479442,0.405558501151996,0.3883180858550317,0.32636287391668994,0.38425766149634155,0.6617662653157625,-0.059901863437864515,0.5250575997994852,0.4932644385104065,0.33471508584539156,0.3712936095553006,0.2169820597109888,0.004748729912371184,0.03327195781477447,0.36597225569490904,0.39875642273914763,-0.2897419336180386,-0.1433391495473957,-0.31223429381199813,0.02852901198268632,-0.02790047525859659,0.1264342109068474,-0.1427260370373941,0.30247076629423614,-0.1788572585387485,0.01881175710718865,0.2585233243037413,0.1729767769176636,0.07795976208149769,0.21380852766236397,0.28629847782287215,0.21974299403275718,-0.0452565721612216,0.09374258914713736,-0.14563350139299933,0.11089045915957313,-0.1953303191848303,0.1351951645088834,-0.12954604609911985,,0.17013872152545478,0.3304734269711664,-0.040482777900957265,0.07896233599722365,-0.052826005224952524,0.08373998631101,0.02890304917432254,0.03836194846384468,-0.037467344046735365,0.024537996587392634,0.1735821773206212,0.15423250074711037,-0.07857287459149934,0.19514137256225117,-0.05530544763961324,-0.14227487877531741,-0.08759603983303288,0.08690966230611281,-0.3304734269711664,-0.20081362729314683,0.4235508468857548,0.2768087301051739,-0.12956147031320794,0.07638263619099032,0.21102831307298545,0.2983833495608919,0.020385026944173986,-0.03785680545245968,0.08466543915629549,0.2366132281916073,-0.1999652955183018,-0.5439484060038753,-0.2608909411662634,-0.19365293590275032,-0.06700085797190865,-0.18490740651480242,0.3652203252581146,0.24850529725352588,0.19863881310672593,0.24688575477427627,0.3214656859437209,-0.057191057811882426,0.14439185215890796,-0.08342378992220412,0.15573250556717727,-0.23470062564468394,-0.004845135921199865,-0.1343545448410824,0.39098261883874946,-0.10637502048528434,0.08121427125408501,0.1752132879604369,0.11006140765233821,0.2683369805172896,0.39222041201931884,0.287108249062497,0.3151957429169117,0.23561451032940336,0.17190479403854125,0.08309216931931016,0.31624073342137987,0.3119952184936327,0.3245312484937291,0.23099495821001995,0.22531113531855823,-0.3421418449288076,-0.2351325036391505,-0.11662441074682117,-0.024780927959280073
#11,0.46715510011278955,1.0,0.4993685712357688,0.5642351035832377,0.22076099216257122,0.16382250585638128,0.3269489940520374,0.3183615628584925,-0.10710767065446869,0.42998274416048893,0.2599924806956321,-0.04472829282870446,0.011685770198490354,0.014099659703276682,0.19489458513684169,0.34056471903830027,0.3841805404259011,0.5124907213712127,-0.07274637771972275,-0.13057175633597795,-0.2479693058139647,0.06638774546190701,0.15544330155302555,0.13963733816625376,0.11717582640047045,0.3516701531817262,-0.1549458706486846,0.1580615618944791,0.3052586929906587,0.19047554780060347,0.3222600329692576,0.14673247664677586,0.3733874466177591,0.3245042561190749,0.02311511283776619,0.09132869964235103,0.1178082191780822,0.15554741499812016,-0.14293811998110534,0.10104209846432669,-0.08685182150328247,,0.17220556621325905,0.13917846779713303,-0.40603665178872683,-0.03534651460962278,0.16150887374316755,0.10448941031301515,-0.06423221154309622,-0.16600888820336826,-0.09150607810436409,-0.13051777158666963,-0.05478873646766217,0.1167825089412241,-0.1824935170100161,0.0794944713832628,-0.22958364262095957,-0.3033807949254336,-0.3769311598044981,-0.0651576643883817,-0.13321315299856362,-0.12262057397356675,0.10920536377044913,0.03668842123528675,0.1783289792062314,0.24390502540175257,0.05470004723665565,0.23982146472193033,0.27348866802271216,0.1291334483722634,0.2418883094097346,0.31797210145276816,-0.3364233175556477,-0.5610075867853046,-0.27845526495907763,-0.3110736217018692,-0.10974521126353234,-0.22617489130749135,0.2831827865770777,0.3038628016156864,0.24411710834546382,0.1328738202886256,0.015279612081015685,0.02448015578456229,0.18438683928932934,-0.19572749269759865,-0.044732148882226486,-0.18923004251299008,-0.10155312345461175,-0.034687129457356865,0.11974395804613767,-0.3773051969961343,-0.003827133120607714,-0.09122458619725642,0.03582466524635362,0.42641203859909577,0.5831143416270618,0.3472896763807082,0.4257256610721757,0.19943316013226264,0.13456662778479364,0.33549015260331816,0.4607540512662316,0.1523006179325769,0.3342292231016166,0.12743678482257334,0.2831210897207253,-0.1432041876741249,-0.23573019193506406,-0.16215283468134536,-0.11771952994707567
#12,0.4426691602479442,0.4993685712357688,1.0,0.7408115064637097,0.38027821426161396,0.3800699873714247,0.3831008454397347,0.1655615859948136,-0.26653234746898286,0.6994399082259262,0.3467421167805809,-0.07847647325344875,-0.05110620535413032,-0.18225058563812865,0.15274406408760954,0.22455920488176376,0.7732254923698341,0.6510271562569289,-0.3395467209084862,-0.3817242343323725,-0.31862377449799,-0.09933001070054852,0.3230505239412723,0.22146279390357937,0.17077497035658856,0.17851406977528847,0.20240617739774228,0.33014566242179444,0.11519381489015068,0.08877984826429391,0.4795021834903068,0.005431251385769234,0.5398879816451853,0.2634359364907985,-0.2763845642177513,-0.06499571014045676,-0.10950999199868894,-0.19387658700702765,-0.22438568247327273,-0.15395872094704674,-0.20822881821599684,,0.09561663115884049,-0.06665766920844861,-0.19118506164865567,-0.031613854800304625,0.32462764983177966,0.29445403102195056,-0.02626936461878091,0.08146105867949448,0.12674269518860923,0.21564015308532483,0.25370325740121275,0.3416598382385547,-0.14236356800632394,0.374887451437826,-0.2422237860661506,-0.4979495435396643,-0.33050041934582053,0.06004453741817936,-0.4334300560091774,-0.334117397549478,-0.007675474535586554,0.061498269595981994,0.39679754754996,0.053404413253255956,-0.06234660137082703,-0.002354120675194972,-0.049968669565133565,-0.013787319367992828,0.30173040401800777,0.48044306054968045,-0.1921683552967715,-0.3526727270974521,-0.4806512874398697,-0.4152140591711413,-0.14825947384149693,-0.07405743591721053,0.09575544908563331,0.008454397347035177,0.39141835288673804,0.08292635901786317,-0.1491656464191723,0.0605226880549102,0.18582129119952184,-0.4498414197989068,-0.09613719838431357,-0.13777100826159466,-0.10435840509621373,0.025054707759343698,0.15225434529031262,-0.38864585040440364,0.1536502366652849,0.010444120964398985,0.10100739398262848,0.5696258664070257,0.47409214039890873,0.5319715037644722,0.666555483790115,0.48255617787974897,0.47813714054351075,0.6981828347777467,0.3958103978483221,0.3773514696383986,0.5958585985173475,0.28139357774285906,0.4231690975870745,-0.3651547723482402,-0.46956127751053184,-0.3244117108345464,-0.07669497652627419
#13,0.405558501151996,0.5642351035832377,0.7408115064637097,1.0,0.3839414651075357,0.2781275004097057,0.3994350881590236,0.2887085112741365,-0.12014498761242806,0.5898161626483376,0.2873666046484725,0.01583488378818698,0.03882467488648742,0.01697241957718373,0.03629895982956243,0.06780291710448941,0.6331389239682647,0.5527556322481756,-0.218366382925395,-0.2896840928152083,-0.3044334975369458,-0.026863196861172434,0.22459005330993995,0.1619677441122883,0.14433786740959964,0.2167005678038811,0.13150106523478547,0.28432417841959645,0.14044325335235652,0.28880491261218705,0.4786191472337636,0.1762582784649051,0.5268159602055277,0.3150376447225087,-0.06604455669844697,0.08954720291517647,-0.0078181485159014,0.006109916805645262,-0.2004395901015106,-0.1074315791503186,-0.2307481707846105,,0.0907001629182613,0.16103843521348077,-0.13281597948579527,0.10909739427183249,0.42565239605525723,0.3002342552514629,-0.01445827268082481,-0.03860487983573212,0.04897380775645166,0.0729083319676477,0.17054360714526717,0.26071356270425033,-0.17290351190074518,0.2449191674780446,-0.16157442665304195,-0.40076928267764356,-0.3041095890410959,0.024352906018335535,-0.35909691226514223,-0.4171652222532849,0.10202539211244252,0.1776040411440911,0.22794867592762189,0.09944569230620921,-0.02369352086606962,0.16359499869858193,-0.01822563697184117,-0.037251405049502084,0.013567524317237524,0.23227131192580952,-0.42869096623061126,-0.420890169955559,-0.5041693578706873,-0.42071664754706795,-0.1445499503533109,-0.09205363770449133,0.26772772406080997,0.16015539895693753,0.38946333375107245,0.2696904553035196,0.018715355769138076,-0.0381460094666114,0.21122497180260863,-0.3084592174139377,-0.12105501624362547,-0.12122082654507245,0.002398467602854211,-0.020412019318828144,0.29920468896108277,-0.28213008396556544,0.15114380187597004,-0.035978907387234534,0.20049743090434094,0.39069341482459774,0.42543645705802396,0.4557296135270358,0.62628671685963,0.4505355094328709,0.4769649002728158,0.5438095880770825,0.5489227150472848,0.3936972805182536,0.44375271128763266,0.3330299904562675,0.34688479076089573,-0.39457646072127484,-0.4270945600724938,-0.31705821676804874,-0.07621682588954334
#17,0.3883180858550317,0.22076099216257122,0.38027821426161396,0.3839414651075357,1.0,0.7035735976015347,0.3704491338339776,0.46105096738742735,0.006765445904389153,0.26173927294110844,0.4375945938129621,0.6130797335467016,0.48407160691390394,0.3429516161684324,0.05897641059257903,0.050986667694947606,0.1494702746474121,0.28700027956388036,-0.008600927380872047,0.09037239836888936,-0.02275649986021806,0.13332112249718026,-0.11906914867978367,-0.05335042850394763,-0.1865847897968824,0.029724388574513413,-0.28073804864411517,0.13175556476723896,0.2803408751313468,0.40635670423105474,0.2460489911599973,0.3421032843935874,0.14353195222349685,0.15854356858473195,0.25213384361774943,0.3219052760452315,0.2625914607694755,0.289140389268603,-0.17972101452768163,0.01920507456643498,0.1485756702303028,,0.41409194759623263,0.5249843347825668,-0.2018007769947847,0.26797836753974147,0.012464693009938977,0.15118236241119026,-0.5156642534198375,-0.22322886641666587,-0.09349194566820587,-0.03894035649214811,-0.3346765253101713,-0.14470804854771385,-0.2189216546325663,-0.08559860410862503,-0.397985212034743,-0.17780841198075828,-0.44355990861153155,-0.21907589677344722,-0.36697868566415703,-0.25603231372851454,0.28587431193544965,0.3452035514252938,-0.09055363288442443,0.4115700885928297,0.26200919668765005,0.4882554249852988,-0.02326549892512508,-0.002573915725950276,-0.03300589012175489,0.16736621904312032,0.036900504178998005,-0.18782643903097376,-0.19702312668099833,-0.09165646419172298,-0.24864797123384072,-0.3151147657929492,0.30574841178795564,0.23711451514947027,0.47188647778431164,0.6838036111941234,0.24243201295633984,0.27994370161857846,0.5594883016976275,-0.0680882650651191,0.0008155553199078403,0.018607386270521435,0.24022465389487402,0.3637241764915697,0.7046802849623552,-0.09499195048827277,0.25156314769649,-0.2598652309294053,0.032890208516094206,0.1549959993444709,0.3251597852178188,-0.035284817753270414,0.16870041356174023,-0.04892367906066536,-0.0438761050003374,0.06998929945147639,0.49735956735079484,0.06619879883932789,0.16786364994746128,-0.07761271726451563,-0.10200996789835443,-0.2795079675705899,-0.21542421408809154,-0.47531836541891204,-0.3071751515911041
#18,0.32636287391668994,0.16382250585638128,0.3800699873714247,0.2781275004097057,0.7035735976015347,1.0,0.5616823961516586,0.4281009900417418,0.20151928508767702,0.444481505403295,0.5657158281356945,0.6044151812827162,0.6600811699266386,0.4615214059171141,-0.017697357639324035,-0.019016127943855862,0.22823016783472955,0.35574985780802637,-0.15906027975668302,-0.11604214666499571,-0.23777004424821416,-0.13599336758794212,-0.05321932268419886,-0.20900388497392344,-0.21369284605670327,0.00803023145961266,-0.15181861124232404,0.06858955202298207,0.35731155948444565,0.3793064887740642,0.07434278387784023,0.22816847097837717,0.13108461145440697,-0.07371810320727251,0.1164778807129843,0.22833042522630215,-0.03735551849459671,0.02719096141054438,-0.21327253622280276,-0.12050745664349821,0.01253410197333539,,0.3240299615358661,0.3022085546547386,-0.0725535750436216,-0.007239740487597968,0.04543009456971263,0.1118274801654247,-0.1769677923129573,-0.07245717370557103,-0.03769485120453472,0.0053541303153287765,-0.12358073130055044,-0.08027725024823344,-0.40285540763305794,-0.12944193265402523,-0.1806541794800112,-0.337653398629173,-0.241953862319609,-0.10345598796911301,-0.422409455043236,-0.2504101876934052,0.314744584654835,0.39512402032140204,0.004906828106774122,0.15894459815102233,0.19471720667482864,0.35748122583941466,-0.14113734298632066,-0.04007403622762284,0.048295142336575635,0.20352443291912892,0.01855725757473514,-0.13013602228798934,-0.2756287777274349,-0.1166976757637396,-0.20110668736082057,-0.14840214782181177,0.23175460075385845,0.3358719019019984,0.26488966866860114,0.5782210097076147,0.3311482363375204,0.19679176346967697,0.43082721988181194,-0.025039283545255607,0.0900600580336055,0.10465136456094011,0.19833630410419026,0.18451408905555608,0.5472106272835067,-0.0096883344740825,0.09285955289059412,-0.11901516393047536,-0.08468471942390561,0.16435078518889842,0.29573038473774016,0.054048374191433775,0.13781342485033693,0.04566531383455602,0.09192638793826459,0.07016282185996742,0.3771856593369516,0.0971012117648193,0.15139830140842356,-0.053863283622376676,-0.07568854655702621,-0.34127423288635245,-0.2718151407941542,-0.3717370557103333,-0.10585059720628923
#26,0.38425766149634155,0.3269489940520374,0.3831008454397347,0.3994350881590236,0.3704491338339776,0.5616823961516586,1.0,0.36724089730365456,0.17862589532742715,0.5620410091292067,0.409102214338735,0.2436235334946449,0.49641869029142127,0.45682087667376825,-0.06803042426228877,-0.04909334541563437,0.17571457491829987,0.32774334107757414,-0.02848659539394407,-0.0011741682974559687,-0.3219438365804517,-0.01058293889119181,-0.18854366498607,-0.1673623629895983,-0.1635525821098397,0.16455901207908766,-0.07519111565268526,0.11547530679725834,0.29514040854887064,0.32350939431039305,0.14108335823701232,0.3213500043380602,0.1624613189631072,0.09239297041442936,0.22619031552157945,0.29223680024678744,0.03120125707344818,0.07875796516055643,-0.1522312089691805,-0.06887489998361178,0.10609738463169868,,0.28890517000375965,0.29987949832743677,0.07244560554500497,0.09428243664022057,0.0710689944376428,0.11121436765542306,0.06823479509895597,-0.022432591364368138,-0.07638263619099032,0.018726923929704143,0.058660214203773146,0.01280016966635497,-0.36451081141006236,-0.022945446482797182,-0.13414246189737114,-0.23916207956966443,-0.06531576258278465,0.01829504593523758,-0.32649397973643873,-0.3104258047101694,0.2821030915909113,0.3551097529233706,0.03146346871294574,0.1477157702948917,0.2926879585088641,0.4699970115585204,-0.11166938197102176,0.00019087464934013285,0.08434924276748962,0.12664629385055864,-0.19541900841583681,-0.2214165212613151,-0.1715731734356473,-0.0062063181436958345,-0.3208679976478074,-0.19415807891413533,0.2471094058785536,0.326536396325181,0.09558963878418632,0.3287960436890864,0.21522755535846838,-0.03609458899289522,0.3727897583218455,-0.20834835587517955,-0.1173377806483954,0.22640625451881272,0.12071772793400953,-0.018657514966307732,0.3712858974482566,-0.021746213837448063,-0.05009977538488234,-0.17121070440457714,-0.23030472462957785,0.18502308812046311,0.2121465685943721,0.12690464943653418,0.2056105578745433,0.15811940269730945,0.21628797007702466,0.0651576643883817,0.32128830748170784,0.15263995064251493,0.22453221250710959,0.07512556274281088,0.08869887114033143,-0.23331244637675572,-0.21936895684112095,-0.31774845034849086,-0.2636210270598556
#49,0.6617662653157625,0.3183615628584925,0.1655615859948136,0.2887085112741365,0.46105096738742735,0.4281009900417418,0.36724089730365456,1.0,0.41700712405888196,0.33304927072387763,0.5306295971388083,0.6008714680959771,0.6161221597755777,0.4674404480734193,-0.19773649658257256,-0.18628016156864258,0.1439638302179634,0.17597678655779742,-0.1721130209287305,-0.16162069929530623,-0.20236376080900004,-0.1111719510666808,-0.23382144544166272,-0.24100912920671339,-0.21775327041539336,0.09866676949476058,-0.30296048509153306,-0.19703855089508643,0.2985838643440371,0.18617604812354796,-0.011334869327986273,0.326879585088641,0.26508247134470225,-0.011315589060376158,0.019232066941089143,0.14124145643141528,-0.09630686473928259,0.16698832579796208,-0.16177879748970916,0.009985250595278262,-0.23548726056317662,,0.09222716011298236,0.37373449143474113,-0.024048277790095725,0.024144679128146298,0.020172944000462725,0.029743668842123528,-0.09213461482845382,-0.13990340585927333,-0.1026269364618781,-0.22966847579844407,0.06412424204447957,-0.06050340778730009,-0.09634542527450281,0.008778305842885099,0.11368995401656175,-0.22807978174737065,-0.00012917779298776666,-0.1367645782923467,-0.20242931371887443,0.008450541293513154,0.35146192629153694,0.24760298072937253,-0.13772087956580836,-0.03351103313313989,0.26815188994823247,0.24392430566936268,-0.02515110909739427,-0.21624555348828242,0.14544841082394225,0.12671570281395506,0.010451833071443031,-0.32331273558076984,-0.04721930340393125,-0.003055922416203137,0.0823093904543395,-0.08608446685239991,0.3316610914559494,0.19780590554596897,-0.031879922493324206,0.3386791088660311,0.556696518947683,-0.027595847030356783,0.23894228451890911,0.30823556630966037,0.4493169965199117,-0.17887653880635862,0.030624806594643318,-0.16962586640702573,0.4143695834498183,0.04123085228422971,0.08067827981452383,0.24014151716425824,0.12975427298930908,0.1583122053734106,0.22014402359904756,0.14416820105463063,0.11176578330907233,0.11548687495782442,0.11921182266009853,-0.17463102387861143,0.21982011510319763,0.25728167506964994,0.208086144235682,0.2647662749558964,0.038967348866802275,-0.21532395669651894,-0.01018190932490143,-0.06546614867014354,-0.05140312147532608
#50,-0.059901863437864515,-0.10710767065446869,-0.26653234746898286,-0.12014498761242806,0.006765445904389153,0.20151928508767702,0.17862589532742715,0.41700712405888196,1.0,0.03974627167825089,0.15561296790799456,0.4154184300078085,0.4548735696451467,0.374386164479963,-0.370680497045299,-0.38258413426778365,-0.13692267648674963,-0.17901150067962943,-0.07892763151552544,-0.16075308725285106,-0.1462697502241331,-0.35009302729121883,-0.3433333654671127,-0.5338146973479992,-0.3094078065803553,-0.29546046099119855,-0.14227873482883943,-0.27771490268284926,0.10155880963627775,0.04951365524953486,-0.4209248744372572,0.0979611117002304,-0.05813579092477804,-0.3752499204688961,-0.13671830565008242,0.05505480416068175,-0.2234525175209432,-0.05021931304406505,-0.13159746657283602,-0.16687264419230138,-0.0777245428166543,,0.003996799475576721,0.0348105231700616,0.1681374297475249,-0.12730567900282455,0.09398937657254683,-0.08272584423471797,0.2748614230765523,0.024653678193053318,-0.06073091494509944,-0.1193930571756336,0.040336247867120395,-0.10895857634503966,-0.13201777640673654,-0.11280691776001851,0.39780783357273,-0.12469898682193709,0.24731763276874283,-0.08870658324737547,0.012688344114216306,0.2095707248416608,0.03883624304705349,0.003653610712116684,0.011045665313834555,-0.23547569240261054,-0.048071491232298307,-0.004795002554635459,-0.19943316013226264,-0.2642996924797316,-0.06532733074335072,-0.2848408895915475,0.026516152044190375,0.13722730471498945,0.1222234004607984,0.12822341974106602,0.16901660995054613,0.34869327986272447,-0.05466148670143542,0.10524519680333164,-0.37525377652241815,0.014647219303403932,0.4150135443879961,-0.11762312860902509,-0.05588385566791667,0.5245755931092324,0.4757386752528125,0.2017197998708222,-0.042110073081944394,-0.2849025864478999,0.07043274560650901,0.3367163776233214,0.1723983688893602,0.26266472578639394,-0.05183499946979264,-0.09624516788293022,-0.2799282774044904,0.0003643970578311627,-0.19801027638263619,-0.07674510522206049,0.0034376717148834027,-0.349622588761532,-0.18110533774208787,0.0038194210135636683,-0.30622270637116444,-0.005651046436524539,-0.1969305813964698,-0.003923534458658286,0.1482903222696731,0.2998640741133487,0.19641001417099668
#51,0.5250575997994852,0.42998274416048893,0.6994399082259262,0.5898161626483376,0.26173927294110844,0.444481505403295,0.5620410091292067,0.33304927072387763,0.03974627167825089,1.0,0.44367944627071426,0.10415778971012117,0.301599298198259,0.15596386877849863,0.09660378086047834,0.11276450117127626,0.6594911937377691,0.5028158830844572,-0.31884742560226736,-0.38728466351112956,-0.5444689732293484,-0.284247057349156,0.1345396354101395,-0.014813029604850916,-0.025239798328400797,0.15116308214358015,-0.08321556303201488,-0.023589407420975005,0.28270463594034684,0.14359364907984923,0.14949341096854424,0.04837997551406013,0.46498028592636864,0.23803996799475577,-0.09307934794134942,0.13956792920285735,-0.14368619436437777,-0.08741094926397579,-0.17380968447842057,-0.07934408529590391,-0.2736968949129014,,0.07077593436996905,0.007644626107410371,-0.12841236636364511,-0.12818100315232375,0.20518639198712077,0.20049743090434094,0.21042676872354987,0.08871043930089749,0.13055633212188986,0.11965526881513115,0.2658305457279747,0.2015501335158532,-0.37385402909392385,0.14632759102696347,-0.04019742994032757,-0.44661004694745166,-0.12538536434885716,0.05284914154608466,-0.4079916709243924,-0.28939488880105657,0.2273085710429661,0.27400923524818527,0.09848167892570349,-0.18973132947085306,0.08594564892560709,0.06052654410843222,0.046883826747515255,0.11303056886429584,0.2792418998775703,0.34720484320322365,-0.19109637241764915,-0.3757126468915389,-0.3777255068300348,-0.240604243586901,-0.050770728697714325,0.11232491106976565,0.29264168586659983,0.28037943566656703,0.16380708164229318,0.049783578996076466,0.17176212005822641,-0.0747592376582187,0.1112220797624671,-0.1994293040787406,0.05784658691062632,-0.10535316630194827,0.04636716027414865,-0.21476868498934765,0.20174679224547637,-0.15990475547800603,-0.04906249698745819,0.1550962567360435,-0.13404991661284257,0.4082346022962799,0.3304348664359461,0.3972294255444266,0.3294554288413523,0.4095842210289879,0.4461974492205952,0.3527189997397164,0.2258278464905093,0.41161250518157194,0.4314634687129457,0.28971879729690647,0.3255068300348009,-0.3565981895828714,-0.41490171883585747,-0.09306777978078336,0.06729777409310442
#52,0.4932644385104065,0.2599924806956321,0.3467421167805809,0.2873666046484725,0.4375945938129621,0.5657158281356945,0.409102214338735,0.5306295971388083,0.15561296790799456,0.44367944627071426,1.0,0.3631997532125746,0.42874109492639756,0.41262664725786397,0.1073968746686204,0.07634793170929212,0.3543732467006642,0.342384776300695,-0.12700490682810678,-0.1278493825494298,-0.20581878476473253,-0.12558202307848032,0.020439011693482306,-0.08730683581888117,-0.09911021564979322,0.3037201276353716,-0.23583430538015868,-0.07273480955915668,0.2846519429689684,0.31551579535923957,0.11799330974713929,0.30371627158184955,0.3529233705763836,0.324006825214734,0.023589407420975005,0.1008261594670934,0.02227834922348722,0.226282860806108,-0.20270309351893803,0.18821590043669806,-0.13762833428127982,,0.2047892184743524,0.17781226803428032,-0.1777081545891857,0.0029248165964543588,-0.03883238699353147,-0.040660156362970316,-0.20943576296839,-0.1582620766776243,-0.2137005581637473,-0.24079319020948012,-0.13132754282629444,-0.1257786818081035,-0.2595914511293417,-0.07431579150318607,-0.010629211533456084,-0.21700519603212093,-0.19305139155331477,-0.07647132542199686,-0.3284412867650603,-0.10449326636653716,0.13810262886448865,0.1351835963483173,-0.03828868344692624,0.15635718623774497,0.1529600030848428,0.19596656801596407,0.10534545419490422,0.1597967859793894,0.08798550123875719,0.19303211128570463,0.007606065572190142,-0.2898576152236993,-0.1692325489477794,-0.10727348095591567,0.029454464827971812,-0.04788640066324121,0.24124049241803477,0.24225849054784881,0.1204226234660137,0.3174862387089933,0.3394348953563475,0.13983399689587692,0.21548591094444391,0.042391524394358594,0.21216970491550421,-0.006715317208602856,0.033700012242997394,0.0029672331851966103,0.3214001330338465,-0.21160286504776687,-0.18676602431241746,0.07406129197073255,0.07676052943614857,0.2838730201575198,0.3131636027108056,0.16288934090405174,0.017562395766053233,0.0488966866860112,0.005030221819478854,-0.06468722585869492,0.3947615512903319,0.20676737393115016,0.2366132281916073,0.17680969411855438,0.0242796410014171,-0.2690503504188638,-0.18065032342648915,-0.12247018788620787,0.05059335023570127
#53,0.33471508584539156,-0.04472829282870446,-0.07847647325344875,0.01583488378818698,0.6130797335467016,0.6044151812827162,0.2436235334946449,0.6008714680959771,0.4154184300078085,0.10415778971012117,0.3631997532125746,1.0,0.7358757579555204,0.5026038001407459,-0.3182497373063538,-0.3936625760365554,-0.20419153017843888,-0.07441604889475865,0.06396614385007664,0.11272208458253401,0.06754456151851387,0.0002062988634282244,-0.2526852592713987,-0.27132542199685733,-0.31389239682646797,-0.11742646987940193,-0.27189997397163873,-0.14176587971041038,0.09754851397337395,0.1952339178467797,-0.27191925423924884,0.3177600185090569,-0.1229483385229387,-0.180962663761773,0.15786490316485594,0.26854520740747884,0.007093210453761098,0.1797441508488138,-0.0640933936163034,-0.029512305630802156,-0.004729449644761069,,0.36869077342793516,0.46016407507736207,0.20071336990157423,0.20683678289454657,-0.15817338744661777,-0.07157028139550577,-0.29557614259685927,-0.08956262712926455,-0.17503976555194586,-0.08000732650169184,-0.23783559715808855,-0.1523314663607531,-0.14314634687129457,-0.19371077670558068,0.0187192118226601,-0.0045829196109242,0.0035109367318018375,-0.06953042908235567,-0.12521955404741017,-0.04992239692286929,0.42656242468645467,0.391071308069756,-0.2907637878013747,0.10986474892271504,0.27822390174775624,0.2461839530332681,-0.11467324766467758,-0.2522186767952339,-0.2716300502250971,-0.19786374634879933,0.13351006911975938,-0.02153798694725883,-0.07126179711374393,0.030021304695709176,-0.09304464345965122,-0.12473369130363529,0.24804257083088313,0.23090626897901342,0.152146375791696,0.5185370132937445,0.48491608263522695,0.2569809028949322,0.3595095099919987,0.3007818148515901,0.22352963859138364,0.02851744382212025,0.1455758009272566,0.17419914588414487,0.609096430258452,0.2950208708896879,0.29104913576200436,-0.07256128715066565,-0.04797508989424773,-0.2971378442732785,0.004918396267340191,-0.3002149749838528,-0.18900639140871275,-0.21473783656117146,-0.238919148197777,-0.32488986147127724,0.17021584259589523,-0.04995324535104547,-0.21534323696412908,-0.15331476000886893,-0.33628835568237686,-0.14502424493651972,0.04458176279486759,-0.1546412424204448,-0.09539683610808518
#54,0.3712936095553006,0.011685770198490354,-0.05110620535413032,0.03882467488648742,0.48407160691390394,0.6600811699266386,0.49641869029142127,0.6161221597755777,0.4548735696451467,0.301599298198259,0.42874109492639756,0.7358757579555204,1.0,0.7362305148795465,-0.18159120048586275,-0.2204409397202433,-0.0985009591933136,0.07669497652627419,0.08291864691081913,0.12419769986407411,-0.12395476849218667,-0.09779530139878341,-0.4309197651663405,-0.38792091234226334,-0.3675185331572402,-0.0742540946468337,-0.37195299470756654,-0.23192426710882746,0.38617797615030897,0.2977895173185004,-0.24860555464509848,0.37181803283429576,-0.010332295412260321,-0.09711663597890739,0.3485583179894537,0.3861008550798685,0.04870774006343208,0.29800545631573366,-0.08925799890102475,0.033584298150058325,-0.1404895259946208,,0.25946420136311493,0.5182246729584606,0.03849305428359345,0.14379030780947238,-0.022509712434808597,0.022563697184116917,-0.08413330377025634,-0.1350794829032227,0.0857451341424619,-0.0897554298053657,-0.1377247356193304,-0.25005157471585704,-0.331761348847522,-0.27336913036352944,0.015495551078248966,-0.06147513327484985,-0.10024389538526794,-0.2554808980748653,-0.33065851754022346,-0.19449741162407333,0.5335254933338475,0.5114110263850462,-0.26592694706602527,0.03211899781168963,0.4705831316938679,0.45820134383465244,-0.005165183692749656,-0.018580393895867273,-0.034266819623456374,0.0651229599066835,0.15187259599163236,-0.05077844080475837,-0.0065186584789796885,0.1338494018296974,-0.016019974357244077,-0.07540319859639652,0.3466341472819643,0.4119981105337742,-0.05057021391456913,0.490476511813984,0.6942843646669816,-0.05486971359162465,0.3824453163409908,0.26359403468520143,0.2484243201295634,0.11612697984248022,0.15404563065341298,-0.10275804228162687,0.6136619976285271,0.1354149595596387,-0.019528983062284906,0.05029257806098349,-0.1448854270097269,-0.10017448642187153,0.028633125427780938,-0.1043814408143985,-0.1508507418082963,-0.07563841786123991,-0.049980237725699636,-0.4024119614780253,0.12361157972872663,0.1205383050716744,-0.013548244049627409,0.08154589185697897,-0.20753472858203273,-0.2778074479673778,-0.049556071838277115,-0.12203059778469726,0.007636914000366325
#58,0.2169820597109888,0.014099659703276682,-0.18225058563812865,0.01697241957718373,0.3429516161684324,0.4615214059171141,0.45682087667376825,0.4674404480734193,0.374386164479963,0.15596386877849863,0.41262664725786397,0.5026038001407459,0.7362305148795465,1.0,-0.04754706795330319,-0.06471421823334908,-0.22150521049232164,-0.07741605853489246,0.15535846837554104,0.19880076735465088,-0.15422478864006633,-0.1669574773697859,-0.4591615011616361,-0.3994775047477659,-0.3932114177744787,-0.0012011606721101288,-0.435388931198365,-0.25358371974203003,0.26643209007741026,0.4349686213644645,-0.27498867284277906,0.5032978897747101,-0.06679263108171941,0.0849353629028371,0.5225241726355162,0.5274483529831394,0.13111545988258316,0.44856892213663924,-0.04054061870378761,0.1914896898768955,-0.05975918945754967,,0.20011182555213866,0.48870272719385344,-0.07062554828261017,0.1690821628604205,0.009773167651567004,0.03196089961728669,-0.023273211032169127,-0.21047304136581416,0.027919755526206704,-0.3033885070324776,-0.23571091166745395,-0.44872702033104217,-0.4038039967994756,-0.47946747900860864,-0.02077834440342032,0.06944945195839318,-0.12722084582534005,-0.26469300993897793,-0.0838749481842808,-0.033534169454272025,0.33543231180048777,0.34437064386453686,-0.32364435618366383,0.09172972920864142,0.5941079502183491,0.47303172568035246,-0.016706351884164153,0.09904851879344086,-0.031104855735397608,-0.014169068666673093,0.16999604754513992,-0.016235913354477362,0.13924016465348538,0.3263166012744257,0.14244840118380844,-0.007232028380553922,0.2398330328824964,0.37742859070883905,-0.018580393895867273,0.5303018325894363,0.502607656194268,-0.045191019251347206,0.37785275659626155,0.18527758765291663,0.22679185987101502,0.13598179942737607,0.26558979841509106,-0.13409233320158484,0.483905796612457,0.03512286350534546,-0.19452054794520549,-0.05818206356704231,-0.1415846451948753,-0.11433777100826159,-0.02270251511090974,-0.1427645975726143,-0.30031523237542534,-0.10719635988547521,-0.011508391736477303,-0.39783096989386213,0.15807698610856719,0.044782277578012786,-0.003588057802242295,0.08898807515448315,-0.10379917673257305,-0.12747148930427155,0.04619359316707316,-0.1129418796332893,0.0436910144312803
#101,0.004748729912371184,0.19489458513684169,0.15274406408760954,0.03629895982956243,0.05897641059257903,-0.017697357639324035,-0.06803042426228877,-0.19773649658257256,-0.370680497045299,0.09660378086047834,0.1073968746686204,-0.3182497373063538,-0.18159120048586275,-0.04754706795330319,1.0,0.902437989839299,0.16726981770506974,0.3303847377401598,0.13758591769253758,-0.029030298940549294,0.06663453288731648,0.08788138779366257,0.15065793913219516,0.13123499754176587,0.05494683466206511,0.15863225781573848,-0.206401048846558,-0.19338686820973075,0.3447138326279969,0.31401579053917267,0.37168307096102493,0.04116915542787734,0.1148429140196466,0.24200013496187328,0.14020803408751314,0.2715105125659144,0.19377632961545507,0.1411142066651885,-0.16573125234978262,0.17924671994447283,0.26753877743823085,,0.07267696875632634,0.06118978531422016,-0.6239923650140264,-0.21055787454329866,-0.18439069534285135,-0.28051439753983787,-0.13413474979032708,-0.3425621547627081,-0.015669073486739998,-0.1337144399564266,-0.20224807920333934,-0.2626300213046957,-0.18330714430316292,-0.19794857952628384,-0.39815487838971203,-0.07112297918695111,-0.5295344779385538,-0.3861239914010006,-0.0032333008782161896,-0.024522572373304543,-0.005620198008348356,-0.060059961632267456,-0.08320399487144882,0.1767132927805038,-0.11112953447793855,0.15603327774189507,0.5697068435309882,0.6265874890343478,0.3832859360087918,0.38384506376948513,0.05372446569558385,-0.3010440264910877,0.04660619089392961,-0.060595953071828634,0.16029421688373036,-0.2075655770102089,0.17500891712376968,0.3306353812190913,0.20498202115045358,0.1233185196610529,-0.17227111912313342,0.12937637974415084,0.07812171632942265,-0.1581810995536618,-0.02826294428966674,0.06007538584635555,0.004667757288191354,0.026789931844254,-0.08267185948540966,-0.4131703508044692,-0.35761233165916345,-0.1739677826728235,-0.032388921558231226,0.3541071790076446,0.2603665178872683,0.12247789999325191,-0.07304329384091851,-0.0024852264949437497,-0.1052721891779858,0.1609805944106504,0.3299914202809135,0.13084553613604158,0.2941262664725786,0.018175508276054873,0.05823219226282861,0.04677200119537659,-0.06585561007586785,-0.2415335524857085,-0.15459882583170254
#102,0.03327195781477447,0.34056471903830027,0.22455920488176376,0.06780291710448941,0.050986667694947606,-0.019016127943855862,-0.04909334541563437,-0.18628016156864258,-0.38258413426778365,0.11276450117127626,0.07634793170929212,-0.3936625760365554,-0.2204409397202433,-0.06471421823334908,0.902437989839299,1.0,0.20006940896339642,0.36502366652849144,0.09579400962085353,0.0123335871901902,-0.031016166504391082,0.06863582466524636,0.08898421910096112,0.15181861124232404,0.07567312234293812,0.18785728745914992,-0.27210820086182796,-0.1506849315068493,0.3270916680323523,0.29003113763219035,0.385672833138924,0.1028814359943316,0.15733276777881677,0.308000347044817,0.12501518321074295,0.2636248831133776,0.2006246806705677,0.18156806416473062,-0.19835346514609623,0.22587411913277355,0.20359384188252533,,-0.04027455101076803,-0.018217924864797123,-0.7261816394011549,-0.29667126179711373,-0.11628122198336113,-0.20525580095051718,-0.08106002911320409,-0.3267870398041125,0.08924257468693665,-0.10090713659105588,-0.17950121947692635,-0.23878033027098416,-0.23492427674896127,-0.19151668225154966,-0.42847888328690004,-0.08570271755371965,-0.5907493276006671,-0.4326742695188609,-0.051144765889350546,-0.03389278243182015,-0.08667058698774739,-0.13868874899983613,-0.02414853518166832,0.21623012927419433,-0.11551001127895655,0.1233532241427511,0.4437604233946767,0.6496891056847869,0.45952011413918425,0.47833765532665595,-0.025559850770728698,-0.34115083917364775,0.04222185803938959,-0.055714189312947665,0.15810783453674337,-0.16194075173763411,0.06517694465599183,0.30466100469474516,0.18485727781901612,0.07521810802733941,-0.24331119315936106,0.0460663434008464,0.12813087445653745,-0.2026144042879315,-0.024233368359152824,0.026415894652617778,-0.07147780501657088,0.060449423037991765,-0.14949726702206625,-0.43654189120144987,-0.3630377989646496,-0.12702033104219487,0.0038117089065196224,0.45547125794106025,0.40535027426180675,0.2679243827904331,0.028964746030674907,0.03155215794395226,-0.09119759382260226,0.2169126507475924,0.3139348134152102,0.16890092834488543,0.38837207060434,0.024221800198586756,0.06137873193679928,0.039699999035986616,-0.0989713977230004,-0.2226620265489285,-0.13906278619147233
#201,0.36597225569490904,0.3841805404259011,0.7732254923698341,0.6331389239682647,0.1494702746474121,0.22823016783472955,0.17571457491829987,0.1439638302179634,-0.13692267648674963,0.6594911937377691,0.3543732467006642,-0.20419153017843888,-0.0985009591933136,-0.22150521049232164,0.16726981770506974,0.20006940896339642,1.0,0.678355007567505,-0.4477167343082722,-0.5500062660869733,-0.4018412655567659,-0.3257497614066883,0.400167738328208,0.1654921770314172,0.2958036497546586,0.1484252841429439,0.24830863852390272,0.13245736650824713,0.22702322308233638,0.10816037326598094,0.4496717534439378,-0.03186835433275814,0.7655018171652223,0.31947210627283507,-0.3885224566916989,-0.0979264072185322,-0.19927891799138173,-0.24347700346080803,-0.21257844658883865,-0.13140466389673489,-0.23768135501720764,,-0.19957583411257748,-0.2241119026732091,-0.26304647508507417,-0.24968139357774286,0.3475094714314635,0.16228394050109415,0.11716425823990437,0.046640895375627815,0.18866320264525271,0.16900118573645803,0.34939508160373267,0.3273500236183278,-0.06426305997127241,0.36886815188994826,-0.02593774401588694,-0.5500949553179798,-0.2591942776165733,0.05517048576634244,-0.33731406591923496,-0.22256562521087792,-0.048040642804122125,6.362488311337762e-05,0.31768289743861644,-0.15177233860005976,-0.15930321112857046,-0.20388304589667705,0.07059084380091196,0.0855600435734048,0.3450917258731551,0.44770902220122816,-0.3070054852361351,-0.33673180183740953,-0.41315492659038106,-0.336982445316341,0.10376447225087485,0.19784446608118922,0.12162956821840687,0.03189149065389028,0.13416559821850327,-0.14142269094695034,-0.10227989164489604,-0.12812701840301544,-0.1265884530477283,-0.21535480512469513,0.08014228837496265,-0.13865018846461588,-0.04573862294414023,-0.132434230187115,-0.02210097076147417,-0.33083203994871446,-0.013394001908746494,0.23996028264872316,0.22133940019087464,0.6815323956696518,0.4036343304445066,0.6910414236549604,0.5827171681142934,0.612971764048085,0.5774343747891221,0.6357494722026742,0.3207947326308889,0.5916593562318645,0.5865925019039264,0.5060009832936481,0.5020755208082288,-0.26820201864401877,-0.3560082133940019,-0.08763074431473108,0.17883026616409436
