,#10,#11,#12,#13,#17,#18,#26,#49,#50,#51,#52,#53,#54,#58,#101,#102,#201,#202,#301,#302,#401,#402,#501,#502,#601,#602,#701,#702,#801,#802,#901,#902,#1001,#1002,#1101,#1102,#1201,#1202,#1301,#1302,#1401,#1402,#1501,#1502,#1601,#1602,#1701,#1702,#1801,#1802,#1901,#1902,#2001,#2002,#2101,#2102,#2201,#2202,#2301,#2302,#2401,#2402,#2501,#2502,#2601,#2602,#2701,#2702,#2801,#2802,#2901,#2902,#3001,#3002,#3101,#3102,#3201,#3202,#3301,#3302,#3401,#3402,#3455,#3501,#3502,#3601,#3602,#3701,#3702,#3801,#3802,#3901,#3902,#4001,#4002,#4101,#4102,#4201,#4202,#4301,#4302,#4401,#4402,#4501,#4502,#4601,#4602,#4701,#4702,#4801,#4802
#10,1.0,0.27973933078191127,0.5548147648289359,0.43343391206269943,0.03721670056780388,0.10592771827672968,0.3328294756731223,0.36523574947220266,-0.35884626878621073,0.4117397549477987,0.3021430017448642,0.22066459082452064,0.20612726904649437,-0.05593398436370297,-0.0187192118226601,-0.034286099891066485,0.4157770429853566,0.33987062940433616,-0.008253882563889987,-0.06816538613555956,-0.04346350727348096,0.09519632132493999,-0.020072686608890132,0.12977740931044124,0.22368388073226456,0.08185823219226283,0.1470756654102359,0.260493767653495,-0.03720898846075984,-0.24340759449741162,-0.14194711422594547,0.10480560670182103,0.18538170109801125,0.26549506907155873,0.08468086337038358,0.006622771924074306,0.176578330907233,0.10321305659722557,0.29111083261835674,0.15285203358622618,-0.2959193313603193,-0.17379426026433248,-0.4034723761965816,-0.2923679060665362,-0.227293146828878,0.10184030154338543,-0.06140572431145344,0.19854626782219736,0.0047564420194152295,0.031020022557913102,0.05800082905150723,0.26915831991748046,0.07993791753829543,0.18583285936008792,-0.050134479866580546,0.3034887644240502,-0.1736978589262819,0.06141343641849749,-0.25430865780417033,0.005107342889919312,-0.006183181822563697,0.0723492042069544,0.017126661718064647,-0.15882506049183961,0.37815352877097935,0.3212420348394436,0.35864189794954354,0.19513751650872915,0.25350274261806754,-0.03575140022943518,0.25564670837631226,0.11861413436418497,-0.027811786027590064,0.200339332709938,-0.14639314393683783,0.2762958749867448,0.009229464104961777,0.03206886911590333,0.20162725458629366,0.07659857518822362,-0.4154145739542865,-0.31990398426730166,,0.12770670856911495,0.34772926648221875,-0.22283554895741953,-0.14404866339544792,-0.34218040546402784,-0.3400788562945254,-0.018996847676245748,0.0439416579102118,0.12133650815073313,0.48088650670471306,-0.16263484137159823,-0.12624140823074625,0.29075993174785264,-0.020724359654112,0.132434230187115,0.3400017352240849,0.2779077053589504,0.23942043515563996,0.1441296405194104,0.14891885899376284,0.4939315357697165,0.3283487414805317,0.1910500997753849,0.45268333124463767,-0.03630667193660648,0.09520403343198404,-0.18166446550278117,0.09653051584355991
#11,0.27973933078191127,1.0,0.2270077988682483,0.031181976805838067,0.3061841458359442,0.032651133197728784,0.19113878900639142,0.28569307741991457,0.062234775818688366,0.07755487646168528,0.10957940096208535,0.3041944222185804,0.1324496544012031,0.20001542421408808,-0.040139589137497225,-0.13336739513944454,0.05016918434827875,0.04710362179827056,-0.11434548311530564,-0.0759237658218696,0.023435165280094088,-0.11006526370586024,-0.11165010170341165,-0.20662855600435734,-0.06032217327176501,-0.16499860218059828,-0.0770188850221241,-0.04923216334242719,-0.23704125013255184,-0.10190585445325981,0.189214618298902,-0.03804189602151678,0.02410611859292607,0.09253950044826623,-0.15710911667453945,0.08533639246912747,-0.05820519988817445,-0.013505827460885158,-0.1359895115344201,-0.01198654237320814,-0.2114910394956282,-0.2979090549776831,-0.08215129225993657,0.04401492292713023,-0.14737258153143165,0.10610895279226476,-0.05772319319792159,0.03758302565239605,-0.012553382240945505,0.06421293127548611,-0.11313853836291247,0.016791185061648655,-0.13541881561316071,0.022440303471412182,-0.11525936780002506,0.06322578157384824,-0.038743697762524947,-0.039121591007683185,-0.25442819546335305,0.06647257863939152,-0.19224162031368996,-0.013066237359374549,-0.0292500939913046,-0.18697039514908467,-0.09029913335197093,0.15245871612697984,0.14398696653909557,-0.013235903714343555,-0.007552080822881822,-0.13671059354303838,0.14328130874456538,0.028714102551743417,-0.04974887451437826,0.004270579275640346,-0.07361013370865588,0.1730230495599279,-0.03053415981413822,0.066218079106938,-0.14653196186363066,-0.05632344576942728,0.11855629356135464,-0.011103506116664899,,0.09784543009456971,0.35690667386463326,0.0853055440409513,0.10935574985780802,-0.2792766043592685,-0.24081632653061225,0.0974906731705436,0.05994813608012879,-0.027279650641550905,0.1681374297475249,-0.24991661284258626,-0.09426315637261046,0.3564323792814244,-0.030661409580364975,0.046991796246131895,0.047832415913932884,-0.0829147908572971,0.07927853238602951,-0.01674105636586236,0.013582948531325615,0.183152902162282,0.1524317237523257,0.004710169377150955,0.1402350264621673,-0.14783916400759642,-0.09599838045752075,-0.2652405695391052,-0.15261681432138277
#12,0.5548147648289359,0.2270077988682483,1.0,0.6317237523256822,0.10352539693250942,0.4254017525763258,0.05647383185678617,-0.03789536598767991,-0.411963406052076,0.38974482565818014,0.21252446183953033,0.0994264120385991,0.02306498414197989,-0.37888232288664164,-0.2508189293667396,-0.10980690811988471,0.47470139685538837,0.4542990176703653,-0.1736631544445837,-0.15029932615464703,0.024595837390222978,0.2601621470506011,0.2122468259859447,0.044585618848389616,0.14473118486884598,0.06545072445605545,0.3678578658671782,0.37360724166851433,0.028559860410862503,0.09772974848890903,-0.016031542517810148,-0.22931757492794,0.17576084756056415,0.3594748055103005,-0.08123740757521715,-0.01158551280691776,-0.025567562877772742,-0.11919639844601043,0.2993319387273095,0.07326694494519584,-0.10193284682791397,-0.11097914839057967,-0.18863621027059854,-0.14506666152526196,-0.07114611550808325,0.010212757753077614,0.1932403381758939,0.3017265479644857,0.22337539645050272,0.13958335341694542,0.39302632720542163,0.35328198355393176,0.39909961150260764,0.40474487385884916,0.01528732418805973,0.26736911108326183,-0.21126353233782885,-0.21889851831143417,0.07162041009129207,0.16255386424763577,-0.13461675648057994,-0.189893283718778,-0.2985761522369931,-0.05798154878389712,0.4233349078885215,0.21381238371588598,-0.02946603298853788,-0.0011741682974559687,0.006379840552186864,0.021426161395120165,0.18316061426932606,0.14147281964273664,-0.3831008454397347,-0.07938650188464616,-0.35197478140996596,-0.03216141440043188,-0.27918020302121793,-0.1684266337616766,0.1795320679051025,0.24797701792100874,0.015025112548562173,-0.030657553526842952,,0.11903058814456345,0.09437498192474912,-0.3720609642061832,-0.24408625991728766,0.00406235238545111,-0.11311925809530236,0.11142645059913432,0.0017294400046272641,0.13900108933511998,0.2484590246112616,0.012372147725410428,-0.1433005890121755,0.35652492456595297,0.29047458378722296,0.36737200312340335,0.4967503108943152,0.4808903627582351,0.29168538459313814,0.24471094058785536,0.3467151244059268,0.5591335447736014,0.2967522389210762,0.3054939122555021,0.4779944665631959,-0.09281713630185187,-0.2937830777091186,-0.1559407324573665,0.0821744285810687
#13,0.43343391206269943,0.031181976805838067,0.6317237523256822,1.0,-0.050716743948406,0.2746030674905768,0.39144920131491423,0.029138268439165935,-0.3680545245968014,0.5442684584462032,0.21979312272854348,-0.05033499464972574,0.09981201739080138,-0.2225270646756577,-0.10966037808604784,-0.0771345666277848,0.4477514387899704,0.23364406697964968,-0.027468597264130028,0.016706351884164153,-0.01815622800844476,0.14928904013187702,0.057268178882322884,-0.018800188946622578,-0.02410226253940405,-0.0005263513057561239,0.25164026876693046,0.3001070054852361,0.039025189669632615,0.07610885639092671,-0.0982965883566464,-0.15662325393076457,0.10317835211552737,0.2858781679889717,0.05507022837476984,0.1195974280123008,0.15009881137150183,0.040444217365737035,0.23798983929896947,0.03312928383445962,-0.06502270251511091,-0.06472578639391514,-0.05284914154608466,-0.19182902258683351,-0.08268342764597572,0.04942496601852834,0.20869925674568363,0.3110003566849508,0.014635651142837863,-0.04454705831316939,0.2568690773427935,0.1929087175729999,0.21669285569683708,0.15662325393076457,0.013733334618684508,0.14780831557942023,-0.13447022644674309,-0.15409368282031755,0.014176780773717139,0.013355441373526265,0.06533118679687273,0.08772328959925964,-0.058444275206539865,0.05363192041105531,0.3912872470669893,0.09083898084505412,0.03255858791320024,0.08797778913171315,0.13560776223573984,0.021009707614741694,0.20436890864045193,0.12498047872904476,-0.1264380669603694,-0.041894093490017645,-0.15434432629924905,0.03199946015250692,-0.038173001841265555,-0.02471923110292771,0.2023946092371762,0.11168866223863187,-0.13242266202654893,-0.14123374432437122,,0.034432629924903355,0.05155736361620699,-0.20808228818215996,-0.07152786480676351,-0.11759613623437093,-0.09001764144486325,-0.02348143792235836,-0.05963579574484494,0.184498664841468,0.283745770391293,0.00213818167796169,-0.09504207918405908,0.15352684295258018,0.1147272324139859,0.19532260707778623,0.35031667839549613,0.3749645725082664,0.30287950796757057,0.08883383301360223,0.18896783087349253,0.3260004048856198,0.14382886834469263,0.14783916400759642,0.4149132869964235,0.03787608572006979,-0.014226909469503437,-0.19101153924016465,-0.04258432707045974
#17,0.03721670056780388,0.3061841458359442,0.10352539693250942,-0.050716743948406,1.0,0.2756866185302652,-0.062242487925732407,0.07294689250286794,0.20096786943402775,-0.01138499802377257,0.11805115054996963,0.1261180145180415,0.04755478006034724,0.06936461878090867,-0.04679513751650873,0.17804363124560169,-0.0971860449423038,-0.05796612456980903,0.13404606055932056,0.10939045433950623,-0.2182969739619986,0.003456951982493517,-0.24452970607232027,-0.09282484840889592,-0.1791888791416425,0.11743418198644597,-0.15350370663144805,0.008369564169550673,0.11853701329374451,0.08984026298285021,0.05918078142924624,0.06343400846403748,-0.2598652309294053,0.017469850481524683,0.09014874726461203,0.017766766602720446,-0.10468221298911629,0.07706130161086636,-0.0380110475933406,-0.05203551425293783,0.25680738048644114,-0.011369573809684478,0.12081208487173802,0.16421967936914963,-0.19557710661023975,-0.10268477726470844,0.01325518398195367,-0.046906963068647396,-0.03405859273326714,-0.04455091436669141,-0.07135819845179452,-0.15216951211282811,-0.19237272613343873,-0.08357031995604099,-0.1722981114977876,-0.0004723665564478035,-0.22683813251327928,-0.054225752653446826,-0.140859707132735,0.01921278667347903,-0.16081478410920344,-0.03936066632604861,0.022887605679966838,-0.019077824800208226,-0.1587517954749212,-0.09390454339506232,-0.06031060511119894,-0.08231710256138355,-0.0543221539914974,0.18893312639179433,-0.03418584249949389,0.28350669507292764,-0.18592540464461646,0.020948010758389327,-0.12899463044547058,-0.053990533388603434,-0.09792255116501017,-0.1717775442723145,-0.09980816133727936,0.08767316090347334,0.3284914154608466,0.2735040922368002,,0.2310682232269384,0.44595451784870777,-0.08045848476376852,-0.05954325046031639,0.15553970289107613,0.0843800911956658,0.21616843241784195,0.1338494018296974,-0.21339207388198547,-0.15408982676679553,-0.22410419056616507,-0.0910549198422874,0.014735908534410458,-0.0020263561258230265,-0.016143368069948812,-0.04681827383764087,-0.07699574870099198,-0.2228779655461618,-0.1617363809009669,0.1923688700799167,-0.085255415345165,-0.16440862599172876,-0.15762968390001253,-0.09830430046369043,-0.1313892396826468,-0.16370296819719857,-0.21486508632739823,-0.1364946545458051
#18,0.10592771827672968,0.032651133197728784,0.4254017525763258,0.2746030674905768,0.2756866185302652,1.0,-0.0863852390271177,-0.17794337385402909,-0.257960340489526,-0.09712049203242941,-0.0751641232780311,0.11739947750474776,0.11271822852901198,-0.09145980546209981,0.02532077545236328,0.052718035726335884,0.13797152304473986,0.42823595191501257,-0.1063865886458504,-0.2773832820799553,-0.1178776281414786,0.05207793084168008,0.23912737508796622,0.01281559388044306,0.2681673141623206,0.10451254663414729,0.22496409050157617,0.09548166928556968,0.35289252214820743,0.5766901564593716,0.28895529869954595,0.23579960089846047,0.2453741817936433,0.3475480319666837,0.2838267475152555,0.1951837891509934,0.17125312099331938,0.009831008454397347,0.3608784089923168,-0.027349059604947316,0.3864748922715047,0.16234949341096855,0.16937136687457222,0.01387215254547733,0.15296385913836483,-0.2948319242671088,0.3809067509857037,0.17852949398937656,0.06498799803341271,-0.07423867043274561,0.33283333172664437,0.17793951780050707,0.2256774604031504,0.19746271678250893,-0.028336209306585175,-0.1454792592521184,-0.0017294400046272641,-0.43909845468655107,0.27008762881628795,0.08814359943316014,-0.02301099939267157,-0.2796082249621625,-0.0667386463324111,-0.0011780243509779916,0.14786230032872857,-0.21746792245476368,-0.13104605091918675,0.04265373603385615,-0.21825841342677837,-0.1257786818081035,-0.22781371405435108,-0.06664224499436053,-0.3364156054486036,-0.19973393230698042,-0.26735368686917377,-0.17237523256822804,-0.20475837004617625,-0.32854540021015494,0.22173271765012098,0.6332546055739253,0.3450377411238468,0.5660821532202867,,0.08540965748604591,-0.15755256282957208,-0.2376582186960755,-0.39149933001070053,0.582316138548003,0.1613623437093307,0.29063653803514794,0.07128107738135406,-0.04152391235190345,-0.2055912776069332,0.006742309583257016,-0.15342272950748556,0.07281578668311917,0.2823421669092767,0.15371964562868132,0.35148506261266904,0.24758755651528444,0.031301514465020774,0.26027782865626176,0.372369448487945,0.21907589677344722,0.17181610480753473,0.30961217741702257,0.34009428050861346,-0.08491222658170496,-0.23120704115373122,0.09734028708318472,0.02830150482488697
#26,0.3328294756731223,0.19113878900639142,0.05647383185678617,0.39144920131491423,-0.062242487925732407,-0.0863852390271177,1.0,0.1497556226080418,-0.12526582668967445,0.5023955732505567,0.10864623600975581,0.03420512276710401,0.4724725979196591,0.2281221983361129,0.025525146289030493,0.07192503831953187,0.23843714150752413,-0.093680892290785,-0.018514840985992886,0.054665342754957436,-0.2311877608861211,-0.048595914511293414,-0.24823151745346225,-0.07658700702765754,-0.22290110186729392,-0.06429776445297061,0.06318722103862802,0.11433005890121754,-0.15632248175604677,-0.13112702804314924,-0.0010700548523613507,0.11214753260775259,0.1471604985877204,0.05333886034338157,0.0863505345454195,0.12248561210029595,0.02151485062612669,0.19427761657331805,-0.1829138268439166,-0.005720455399920951,-0.2159370692065206,-0.07012811737826921,-0.29301572305823603,-0.044820838113233015,-0.2585233243037413,0.03129380235797673,-0.008870851127413648,0.18976603395255126,-0.018152371954922735,-0.02953158589841227,-0.022579121398205008,0.0494365341790944,-0.0940857779105974,-0.03815757762717747,-0.126368657996973,0.07253043872248947,-0.058748903434779676,0.017550827605487165,-0.23428031581078346,-0.08874128772907368,0.17196649089489363,0.2028804719809511,0.2667598546267822,0.1275833148564102,0.1891529214425496,0.022667810629211534,0.31654150559609767,0.41635545101366006,0.17844466081189206,-0.036900504178998005,0.17867988007673546,0.3271996375309689,0.010613787319367993,0.24130604532790914,-0.0006343208043727646,0.11402157461945572,0.07720397559118121,0.01774748633511033,0.12881725198345753,-0.03498790163207465,-0.2405733951587248,-0.36974733209296945,,-0.06018335534497219,0.05748797393307819,0.09620660734770999,0.1200177378462013,-0.35594266048412754,-0.233027098416126,-0.17692923177773706,-0.1308185437613874,0.012699912274782375,0.10844957728013264,-0.051171758264004705,0.1070266935305062,0.22093065851754023,-0.14388670914752297,0.004906828106774122,0.11522466331832686,0.13190209480107584,0.2872123625075916,-0.05389798810407488,-0.16017467922454764,0.24066594044325335,0.08463073467459728,-0.033349078885214926,0.1892994514763865,0.06806512874398697,0.10638273259232839,-0.11296887200794348,-0.053227034791242904
#49,0.36523574947220266,0.28569307741991457,-0.03789536598767991,0.029138268439165935,0.07294689250286794,-0.17794337385402909,0.1497556226080418,1.0,0.3338667540705465,0.1298776667020138,0.2344576942727965,0.36626145970906077,0.21308744565374568,0.3253294515727878,-0.001436379936953525,-0.2695709176443369,0.19452826005224952,0.06223091976516634,-0.05649311212439629,-0.21510801769928567,-0.03778739648906327,-0.27360820568189487,-0.05059335023570127,-0.1332092969450416,0.09121301803669035,-0.11949717062072822,-0.23056308021555338,-0.2595914511293417,0.0730741422690947,-0.19031359355267852,0.032388921558231226,0.002743582080919283,0.09017959569278822,0.0784841853604928,0.056211620217288615,0.022802772502482336,0.11331977287844755,0.05734144389924132,-0.06931449008512239,-0.2873627485949505,-0.21784195964639988,-0.23252966751178505,-0.04194422218580394,0.05170389365004386,-0.04323985616920363,0.02702129505557537,-0.16967213904929002,-0.20998332256851726,-0.17050119055652493,-0.15086230996886238,-0.009190903569741548,0.030376061619735283,-0.05310364107853817,-0.08445721226610625,0.022035417851599782,0.018780908679012463,0.05224374114312707,-0.060765619426797646,-0.10391871439175576,0.04374885523411065,0.1493854414699276,0.3016262905729131,0.13742781949813462,0.0032024524500400067,-0.22376100180270503,0.0026741731175228714,0.21324939990167063,0.08474641628025797,0.08979784639410796,-0.02977451727029971,0.2563562222243645,-0.07193275042657592,0.3285993849594632,-0.09064232211543097,0.2720426479519536,0.19269277857576664,0.2254576653523951,0.32401839337530003,0.1596656801596406,-0.16900118573645803,-0.137319849999518,-0.29059026539288363,,0.14045096545940058,0.29401444092044,0.3411354149595596,0.09364233175556477,-0.37621778990292387,-0.42497758668890323,-0.04288509924517752,0.15439445499503532,0.1510512565914415,0.17343950334030636,-0.04890825484657727,-0.007278301022818197,0.35136166889996434,0.047030356781352124,0.13117715673893554,0.07876182121407845,0.06870908968216478,0.12051516875054226,0.04163959395756413,0.0708491993868875,0.17471971310961795,0.28635631862570254,0.202861191713341,0.1297735532569192,0.11247915321064657,0.29266096613420994,-0.041971214560458096,-0.03402003219804691
#50,-0.35884626878621073,0.062234775818688366,-0.411963406052076,-0.3680545245968014,0.20096786943402775,-0.257960340489526,-0.12526582668967445,0.3338667540705465,1.0,-0.17150376447225088,-0.0572026259724485,0.05707152015269972,0.034825947384149694,0.33832435194200494,-0.19575062901873078,-0.04255347864228355,-0.22167102079376863,-0.23650525869299066,-0.09392767971619446,-0.04858049029720533,-0.12550490200803988,-0.05056635786104711,0.09043795127876375,-0.011635641502704058,-0.17701406495522157,-0.10121947692633974,-0.21121725969556457,-0.2081362729314683,0.05527074315791503,-0.0878351151513983,-0.02695188609217896,-0.14961680468124897,-0.2539616129871883,-0.33166494750947145,-0.18180713948309601,-0.15685461714208593,-0.26863775269200735,-0.21892936673961036,-0.35984113059489264,-0.22588183123981762,0.04354062834392142,0.0727193853450686,0.24150656011105434,0.3317266443658238,0.21655018171652224,0.11997146520393703,-0.1991902287603752,-0.2703768328304397,0.1376090540136697,0.12125167497324862,-0.07804073920546017,-0.03617171006333568,-0.0033142780021786704,-0.10052538729237562,0.022359326347449703,-0.04498279236115797,0.17835982763440755,0.09181456238612593,0.034872220026413964,0.28359924035745615,-0.15018750060250835,0.06094685394233272,-0.0021227574638735987,-0.0014248117763874563,-0.4368002467874254,-0.1381990302025392,0.011045665313834555,-0.19840744989540454,-0.23889601187664486,-0.11507042117744594,-0.030460894797219785,-0.1759382260225772,0.06593273114630831,-0.22017872808074576,0.06370393221057909,-0.14297668051632556,-0.09488783704317816,0.21288693087060048,-0.07030935189380429,-0.09525030607424831,0.0762592424782856,0.015048248869694312,,-0.1684227777081546,0.15796901660995055,0.17697164836647933,0.21043062477707192,0.03661515621836831,0.04214088091542711,-0.0035070806782798144,0.11499330010700548,-0.12954219004559783,-0.10331717004232019,-0.22644095900051092,0.010629211533456084,0.14158850124839734,0.04361774941436187,0.01103795320679051,-0.41507524124434847,-0.32871506656512395,-0.10084543973470352,-0.11726065957795494,-0.2762264660233484,-0.4067924382790433,-0.1761927255550307,-0.250888338330136,-0.30117127625731444,-0.16605516084563254,0.06096613420994283,-0.21013370865587613,-0.2246517501662923
#51,0.4117397549477987,0.07755487646168528,0.38974482565818014,0.5442684584462032,-0.01138499802377257,-0.09712049203242941,0.5023955732505567,0.1298776667020138,-0.17150376447225088,1.0,0.3959800642032911,-0.12627996876596648,0.18538941320505528,-0.1316398831615783,-0.06605998091253507,-0.05274502810099004,0.4865086327398224,0.013050813145286456,0.1456103650718672,0.009989106648800285,0.032172982560997945,-0.008010951192002545,-0.07335563417620236,-0.16816442212217905,-0.05156507572325104,0.1025266790703055,0.30093605699247106,0.29969826381190173,-0.03430152410515458,0.011624073342137988,-0.26238323387928625,-0.04288509924517752,0.044388960118766446,0.2745606509018345,0.07224123470833775,0.16281607588713332,0.09258962914405251,0.16199859254046445,0.1350447784215245,0.11505885301687988,-0.09633000106041471,-0.0785497382703672,-0.2626608697328719,-0.23552582109839684,-0.43102773466495714,-0.09657678848582418,-0.037243692942458044,0.1596271196244204,0.03185678617219207,-0.09041867101115364,0.08351633520673267,-0.06688132031272594,0.018237205132407237,0.013775751207426759,0.06566280739976671,0.20833293166109146,-0.24964668909604465,-0.17510917451534228,-0.23119932904668716,-0.17899607646554133,0.09984286581897757,0.12140977316765157,0.14687129457356868,0.11506656512392392,0.4597360531364175,0.2316080707200216,0.02346215765474825,-0.01862666653813155,0.2745413706342244,0.044955799986503814,0.24718267089547202,0.41075646129968285,-0.15639960282648724,0.14340855851079212,-0.1953341752383523,0.03694677682126228,-0.01999170948492765,-0.10684931506849316,0.20082905150723493,-0.007960822496216248,-0.23176231286090251,-0.24758755651528444,,-0.03508430297012523,-0.0666730934225367,-0.06108181581560352,0.12775683726490122,-0.24654256601081623,-0.17230967965835367,-0.2652174332179731,-0.33242459005330993,0.054314441884453356,0.10452025874119132,0.05079772107236848,0.07704973345030029,0.0889456585657409,0.022656242468645466,0.15126333953515275,0.3534285135877686,0.15711297272806146,0.16341376418304687,-0.08704076812586159,0.13874273374914445,0.2184666403169676,0.06678106292115335,-0.022031561798077758,0.2816287970077025,0.0514571062246344,-0.03212285386521165,-0.1639767479972622,-0.04244550914366691
#52,0.3021430017448642,0.10957940096208535,0.21252446183953033,0.21979312272854348,0.11805115054996963,-0.0751641232780311,0.10864623600975581,0.2344576942727965,-0.0572026259724485,0.3959800642032911,1.0,-0.11005369554529416,-0.029643411450550935,0.17011944125784467,-0.06925279322877001,0.0334801847049637,0.285758630329789,0.12264756634822091,0.14018875381990303,0.15941503668070914,-0.11512054987323224,0.026026433246893466,0.08804334204158754,-0.05840957072484166,-0.12512700876288163,0.07913200235219264,-0.0060636441633809875,0.21011828444178804,0.07483635872865915,-0.11842133168808383,0.09366161202317488,-0.08429140196465927,0.11191616939643122,0.20060925645647962,0.015561103988123355,0.029473745095581927,0.1226784147763971,0.13180183740950324,0.12499975899665487,0.07748161144476685,-0.09755237002689597,0.01806368272391621,-0.08375926657862011,0.26050147976053906,-0.06744044807341926,0.1923842942940048,0.109687370460702,0.15215794395226206,-0.1367645782923467,0.011161346919495243,0.027692248368407352,-0.019563687543983112,-0.0729893090916102,0.04175141950970279,-0.05255608147841092,0.03285936008791802,-0.41439271977095044,0.03225395968496043,-0.21785738386048797,0.13044450656975118,0.004505798540483742,0.17048962239595886,0.3357677884569038,0.263690436023252,0.14125688064550335,0.25503359586631064,0.10856911493931536,0.21646920459255975,0.038975060973846315,0.25629066931449007,0.07814485265055479,0.10359480589590583,-0.12250489236790607,-0.05367433699979756,-0.09042252706467566,0.03950719635988548,-0.015160074421832976,-0.011519959897043372,0.10189814234621576,0.026651113917461174,-0.11460383870128117,-0.196629809221752,,0.07548803177388103,0.1575718430971822,-0.17518629558578272,0.2273085710429661,-0.14028129910443157,-0.008851570859803534,0.02670124261324747,0.08323869935314702,-0.158211947981838,0.2871468095977172,-0.2006902335804421,-0.047539355846259145,-0.14420676158985088,0.111202799494857,0.011203763508237494,0.18523517106417436,0.04732727290254789,-0.02806242950652155,0.14375174727425216,-0.009356713871188532,-0.002905536328844244,0.1720474680188561,0.06814224981442743,0.13283140369988336,-0.0703787608572007,0.07580422816268689,-0.11741104566531384,-0.07131192580953023
#53,0.22066459082452064,0.3041944222185804,0.0994264120385991,-0.05033499464972574,0.1261180145180415,0.11739947750474776,0.03420512276710401,0.36626145970906077,0.05707152015269972,-0.12627996876596648,-0.11005369554529416,1.0,0.43005215312388534,0.25049116481736766,-0.05000337404683177,-0.26610818158156035,0.13636354872605633,-0.06539673970674713,-0.06981963309650738,-0.09434413349657293,-0.15707055613931922,-0.26197834825947386,-0.16620554693299144,0.13270800998717863,0.07605487164161838,-0.10442000134961874,-0.2543202259647364,-0.2567109791483906,-0.03433237253333076,-0.13885841535480511,0.26339351990205623,0.2555001783424754,0.27830102281819674,0.19701541457395427,0.19963367491540782,0.011435126719558868,0.2734809559156681,0.16273509876317083,0.11433777100826159,-0.32462764983177966,-0.16174794906153298,-0.3002843839472492,0.4045135106475278,0.07353301263821542,-0.09840070180174101,-0.09324515824279642,-0.047030356781352124,-0.20713369901574233,-0.17327369303885937,-0.16300502250971244,0.07037104875015665,0.05750725420068831,-0.017269335698379493,-0.15412453124849373,-0.15261681432138277,-0.19807582929251058,-0.048568922136639256,-0.15528905941214463,-0.14214377295556863,-0.22526486267629395,0.15744844938447747,0.15403969807100923,0.09411277028525156,-0.20010796949861664,-0.28027917827499443,-0.039885089605043715,0.3819440293831278,-0.08025025787357928,0.14762322501036315,-0.11508970144505606,0.2601852833717332,0.015329740776801982,0.07619368956841122,0.052787444689732295,0.07109598681229695,0.1471412183201103,0.21041134450946178,0.06251626772579603,-0.11909999710795986,-0.21443706438645369,0.22509905237484695,-0.016104807534728583,,0.3501084515053069,0.4014595162580857,0.3520287661592743,0.10452025874119132,-0.1935642466717438,-0.3047072773370094,0.5163891914819778,0.4661718064646737,0.39953920160411827,0.13717717601920315,0.03934138605843849,-0.2307982994803968,0.1917056288741288,-0.22769803244869039,0.19420820760992163,0.019933868682097306,0.2978589262818968,0.15064637097162908,0.09532742714468877,0.09948039678790742,0.3171700423201874,0.1996298188618858,0.28184473600493576,0.15303326810176127,0.33336932316620554,-0.0032872856275245103,0.014238477630069505,-0.05990571949138654
#54,0.20612726904649437,0.1324496544012031,0.02306498414197989,0.09981201739080138,0.04755478006034724,0.11271822852901198,0.4724725979196591,0.21308744565374568,0.034825947384149694,0.18538941320505528,-0.029643411450550935,0.43005215312388534,1.0,0.34007500024100334,0.014342591075164123,-0.061664079897428975,0.054518812721120566,-0.22855022027705746,-0.006025083628160759,-0.07340190681846664,-0.2536492726519044,-0.0981307780551994,-0.31998881744478613,0.11296887200794348,-0.04431183904832599,0.013806599635602943,-0.11646245649889621,-0.19728533832049588,-0.02858685278551666,-0.2069447523931632,0.19372234486614673,0.33960070565779454,0.17827499445692307,0.17270685317112203,0.23800526351305756,-0.0054659558674674405,0.09844311839048327,0.25725853874851784,-0.06738646332411094,0.0060058033605506446,-0.09949582100199551,-0.05553681085093461,0.1505808180617547,0.08303818457000184,-0.15913354477360145,-0.06796101529889235,-0.0852901198268632,-0.057160209383706244,-0.09430557296135271,-0.12129794761551291,0.12857046455804808,0.010629211533456084,-0.07788264101105723,-0.11338146973479991,-0.10445084977779491,-0.06856641570184994,-0.014169068666673093,-0.024499436052172405,-0.21362729314682888,-0.15608340643768134,-0.07488263137092342,-0.007085498346717053,0.3138808286659019,-0.05216276401916459,-0.18201536637328525,-0.18397038550895087,0.20460798395881735,0.19613237831741104,0.04814090019569472,-0.11360512083907724,0.014157500506107024,0.07946362295508662,-0.14251781014720485,0.05100980401607974,0.05155736361620699,0.07180935671387119,0.10927477273384555,0.021144669488012493,-0.04891596695362132,-0.07753174014055315,0.028868344692624334,0.0524519680333163,,-0.03489921240106813,0.1161076995748701,0.28557353976073185,-0.09916805645262357,-0.15086230996886238,-0.27825089412241044,0.16940992740979244,0.3077188551377093,0.19998071973238987,-0.030966037808604782,0.04601621470506011,-0.09244695516373767,0.1429304078740613,-0.3513462446858762,0.20212854154415663,-0.10770535895038223,0.11510126960562213,0.01638629944183625,-0.16096517019656234,-0.09333384747380294,0.1598623388892638,-0.0030983390049453886,0.07736592983910617,0.05718720175836041,0.09222330405946035,-0.008226890189235827,-0.01381816779616901,-0.08452276517598065
#58,-0.05593398436370297,0.20001542421408808,-0.37888232288664164,-0.2225270646756577,0.06936461878090867,-0.09145980546209981,0.2281221983361129,0.3253294515727878,0.33832435194200494,-0.1316398831615783,0.17011944125784467,0.25049116481736766,0.34007500024100334,1.0,-0.00044923023531566616,0.05447639613237832,0.0064338253014951845,-0.19496013804671608,0.06191472337636046,0.11276064511775423,-0.5004675464895453,-0.3336276787521811,-0.2901275389702409,-0.02255598507707287,-0.2860208419692865,-0.13201006429969248,-0.4078335727299895,-0.3008936404037288,0.06537745943913702,-0.20393703064598537,0.23883431502029248,0.2856969334734366,0.20761956175951723,0.02728350669507293,0.236223766785883,0.08312301774748633,0.22102320380206877,0.30231652415335525,-0.031216681287536272,-0.0690484223921028,0.005250016870234159,0.09739427183249304,0.18325701560737662,0.39018827181321275,-0.05330415586168336,0.015696065861394156,-0.07197516701531817,-0.1663327966992182,-0.23338956744719616,-0.17635853585647768,-0.13332497855070227,-0.1127375087966221,-0.28100026028361275,-0.28241928797971716,-0.4566434982117552,-0.28779848264293906,-0.16009370210058516,0.014334878968120078,-0.3304348664359461,-0.0979611117002304,0.2560361697820366,0.3639246912747149,0.6310720792804604,0.22057975764703613,-0.2979090549776831,-0.07614356087262492,0.394611165202973,0.30590265392883653,0.1114418748132224,0.10026703170640008,0.19001667743148276,0.10031330434866435,0.16816056606865704,-0.03310614751332749,0.21498848004010296,0.21280209769311598,0.26356318625702524,0.17275312581338628,-0.11070536859051604,0.023230794443426874,-0.00761763373275621,-0.037155003711451515,,0.19515679677633926,0.2086259917287652,0.3444169165068011,0.3512652675619138,-0.07497517665545197,-0.16090732939373198,0.3526341665622319,0.2615927429072716,-0.0072435965411199905,0.030287372388728754,-0.19237658218696074,-0.1516759372620092,0.015171642582399043,-0.17630069505364734,-0.02943904061388372,-0.1683726490123683,0.06529262626165251,0.04123856439127375,0.09251250807361207,-0.30893736805066857,-0.11435705127587172,0.047053493102484266,0.11183133621894673,-0.07679137786432476,0.21618385663193004,0.2654912130180367,-0.06112423240434577,-0.2133612254538093
#101,-0.0187192118226601,-0.040139589137497225,-0.2508189293667396,-0.10966037808604784,-0.04679513751650873,0.02532077545236328,0.025525146289030493,-0.001436379936953525,-0.19575062901873078,-0.06605998091253507,-0.06925279322877001,-0.05000337404683177,0.014342591075164123,-0.00044923023531566616,1.0,0.32038213490403245,-0.08238265547125793,0.038300251607492314,0.5573520480464269,0.10452411479471335,0.3433333654671127,-0.2873897409696047,0.04051362632913345,-0.21457973836676852,0.33732949013332303,0.026157539066642244,-0.2214820741711895,-0.43533494644905674,0.34630638273259234,0.2659539394406794,-0.16664899308802406,0.35662518195752557,-0.1857133217009052,0.10234930060829245,0.4570830883132658,0.3894671898045945,0.5799138172037828,0.40661891587055227,0.343383494162899,0.36813550172076387,0.3484233561161829,0.17578398388169628,0.06375020485284336,0.011573944646351692,-0.2518137911754215,-0.14635843945513963,-0.17945880288818408,-0.31324072378124607,-0.45491984228741095,-0.5833225685172511,-0.4543067297774093,-0.5379368185630417,-0.574052615850308,-0.3915918752952291,0.37319849999517996,0.12826198027628624,0.127213133718296,-0.07168981905468848,-0.38851474458465485,-0.5429689684092815,0.08697135916246518,0.18962335997223642,0.19729690648106196,0.05741856496968178,-0.025818206356704232,-0.06331447080485478,0.1269239297041443,-0.04701878862078605,0.3964042300907137,0.12125553102677065,0.07567697839646015,0.08529397588038522,0.520974039119663,0.24942689404528934,0.45535943238892157,0.34177551984421545,0.5371077670558068,0.21267484792688923,0.36497739388622713,0.17350120019665874,-0.004162609777023705,0.18307192503831954,,-0.1473301649426894,-0.053894132050552865,0.06861268834411421,-0.008450541293513154,-0.05761907975282697,0.02362411190267321,0.011496823575911233,0.0016214705060106234,-0.2849912756789064,-0.17265286842181368,-0.08036208342571795,-0.03925655288095399,-0.24657727049251443,-0.02755343044161453,-0.3743745963193969,-0.07050601062342746,-0.2550875806156189,-0.16723125716984952,-0.20861827962172114,0.09576316119267736,-0.026639545756895106,-0.09099707903945707,-0.30728697714324277,-0.12823498790163207,0.12483780474872991,0.2512122468259859,-0.025154965150916295,-0.240604243586901
#102,-0.034286099891066485,-0.13336739513944454,-0.10980690811988471,-0.0771345666277848,0.17804363124560169,0.052718035726335884,0.07192503831953187,-0.2695709176443369,-0.04255347864228355,-0.05274502810099004,0.0334801847049637,-0.26610818158156035,-0.061664079897428975,0.05447639613237832,0.32038213490403245,1.0,-0.09747524895645551,-0.06872065784273086,0.5058814456344654,0.6547906644944231,-0.3100556235720552,0.3635390859225126,-0.04747765898990678,0.38529493989376573,-0.05310364107853817,0.5949601380467161,-0.18957323127645012,0.10714623118968891,0.22231498173194644,0.06451755950372591,-0.17276083792043034,0.1708173869453308,-0.22954122603221733,-0.16993049463526555,0.1414998120173908,0.3295903907146231,-0.006796294332565336,0.3498346717052433,0.11553314760008869,0.3793566174698505,0.23859523970192706,0.36139126411074585,-0.27532414949919504,0.28047583700461765,-0.1417504554963223,0.2236221838759122,-0.10946757540994669,-0.17935468944308947,-0.2899578726152719,-0.14245611329085248,-0.5254779096333857,-0.2807457607511592,-0.4658286177012137,0.0008965324438703209,-0.13645995006410688,0.345415634369005,-0.32910838402437026,0.294018296973962,-0.16516055642852323,-0.22445894749019116,-0.14551396373381661,-0.2465695583854704,0.23019675513096122,0.29315068493150687,0.11592646505933503,0.06646872258586949,0.2097558154107179,-0.0009389490326125727,0.31059161501161636,0.614996192147147,0.12668099833225685,0.23367105935430385,-0.07313969517896908,0.006981384901622435,-0.25374567398995496,-0.3385904196350245,-0.08360502443773919,-0.41500197622743,-0.03239663366527527,0.38169724195771837,-0.17734568555811556,0.09941098782451101,,-0.13629799581618193,-0.08111015780899039,-0.2308831326578813,-0.26746936847483443,0.15174920227892763,0.298063297118564,-0.06041857460981558,0.014816885658372938,-0.3353860391582235,-0.22218387591219765,-0.08953563475461039,-0.1739022297629491,-0.3833746252397983,0.07701502896860209,-0.2327378944019743,-0.06986976179229368,-0.3207253236674925,-0.32497855070228376,-0.09764491531142452,-0.2017699285666085,-0.15598314904610877,-0.3856227044431377,-0.36847869048422394,-0.2374229994312321,-0.3285723925848091,-0.29331649523295383,-0.14244840118380844,-0.3897910983004444
#201,0.4157770429853566,0.05016918434827875,0.47470139685538837,0.4477514387899704,-0.0971860449423038,0.13797152304473986,0.23843714150752413,0.19452826005224952,-0.22167102079376863,0.4865086327398224,0.285758630329789,0.13636354872605633,0.054518812721120566,0.0064338253014951845,-0.08238265547125793,-0.09747524895645551,1.0,0.44135424599693446,-0.014412000038560534,-0.12869771432427482,-0.1832840079820308,-0.17706419365100787,0.038427501373719065,-0.01710352539693251,0.15273635198056548,0.07010112500361505,0.13921317227883123,0.15717466958441384,0.19686117243307338,0.05914607694754803,0.1747428494307501,-0.07836079164778807,0.4847309920661699,0.3361225453809299,0.10026317565287807,0.15864768202982657,0.24938062140302508,0.13286225212805955,0.3931034482758621,0.0994264120385991,-0.05853682049106842,0.056828588780812275,-0.184328998486499,-0.10008194113734299,-0.27528944501749686,-0.1793932499783097,0.08893794645869685,0.22410033451264302,-0.20305399438944213,-0.25800275707826825,0.14524018393375301,0.007046937811496823,0.11340846210945407,0.09631843289984865,-0.06969623938380265,0.09844697444400528,-0.4118708607675475,-0.41190556524924565,-0.04961005658758544,-0.23209393346379648,0.3595442144736969,0.2754012705696355,0.15685461714208593,0.25467112683524046,0.4277847936529359,0.16242275842788698,0.27889871111411024,-0.02142230534159814,0.4069389683128802,0.1844138316639835,0.47981066777206866,0.31898238747553814,-0.007606065572190142,0.11904986841217356,-0.11722209904273471,0.0287950796757059,0.04148535181668322,-0.09343410486537553,0.27244367751824394,0.06344557662460355,-0.04145835944202905,-0.28646814417784117,,0.3546200341260737,0.06043399882390368,-0.06453683977133602,0.0026741731175228714,-0.11645860044537418,-0.2076696904553035,0.02402514146896359,0.010594507051757879,0.3359220305977847,0.14863351103313313,0.1514445740506878,-0.29441547048673034,0.3519516450888338,0.2456248252725748,0.5366990253824723,0.6752277481611445,0.534782566782027,0.4529802473658334,0.54237513616689,0.36079743186835433,0.5594227487877532,0.4891500294024081,0.4803582273721959,0.586176048123548,0.35827942891847336,0.1067220653022664,0.12679282388439553,0.0342552514628903
