,#10,#11,#12,#13,#17,#18,#26,#49,#50,#51,#52,#53,#54,#58,#101,#102,#201,#202,#301,#302,#401,#402,#501,#502,#601,#602,#701,#702,#801,#802,#901,#902,#1001,#1002,#1101,#1102,#1201,#1202,#1301,#1302,#1401,#1402,#1501,#1502,#1601,#1602,#1701,#1702,#1801,#1802,#1901,#1902,#2001,#2002,#2101,#2102,#2201,#2202,#2301,#2302,#2401,#2402,#2501,#2502,#2601,#2602,#2701,#2702,#2801,#2802,#2901,#2902,#3001,#3002,#3101,#3102,#3201,#3202,#3301,#3302,#3401,#3402,#3455,#3501,#3502,#3601,#3602,#3701,#3702,#3801,#3802,#3901,#3902,#4001,#4002,#4101,#4102,#4201,#4202,#4301,#4302,#4401,#4402,#4501,#4502,#4601,#4602,#4701,#4702,#4801,#4802
#10,1.0,0.5809009669054207,0.2970838595239702,0.34607501952127095,0.09177214579738367,0.022189659992480695,0.21871728379589908,0.49214232693549786,0.19335987583507658,0.557355904099949,0.6842817618308542,-0.0016137583989665777,0.09461791329663656,-0.010451833071443031,-0.1161925327523546,0.26648993088024064,0.274302295315859,0.16011683842171728,0.20888820336826275,0.24765696547868085,0.03690821628604205,0.3061340171401579,0.52990851513019,0.2911763855282311,0.5365756316697676,0.38590419635024537,-0.002708877599221077,0.3194990986474892,0.16231864498279236,0.165796805259657,0.20592289820982715,0.23051295151976708,0.2909141738887336,0.16235720551801258,0.2652868421813695,0.014223053415981414,0.13738540290939238,-0.03574368812239114,0.3029334927168789,0.3176443369033962,0.13327870590843802,-0.16234563735744653,0.07876182121407845,0.1143724754899598,-0.054403131115459885,-0.08382867554201652,-0.13557691380756365,0.12658074094068425,0.08020784128483703,0.11673623629895984,0.03177580904822959,0.2673421187086077,0.11142259454561229,0.43414342591075167,0.1702235547029393,0.31655692981018574,-0.41393770545535175,-0.04997638167217761,-0.22385740314075558,-0.1878997040478922,-0.3004077776599539,-0.2821223718585214,0.2047043852968679,-0.10591615011616361,0.10560380978087976,0.10501383359201026,0.18390483259907647,0.3310711152670799,0.21340364204255155,0.09771818032834295,0.13084168008251953,0.14988672842779058,0.11195858598517347,0.004459525898219467,-0.15736361620699296,-0.0633376071259869,-0.33279477119142414,-0.26971359162465175,0.15124020321402062,0.2668254075366566,-0.40784514089055557,-0.17259888367250537,-0.016494268940452892,-0.2144100720117995,0.15249727666220006,-0.366138065996356,-0.41803669034926205,-0.038917220171015975,-0.10816037326598094,-0.01097240029691612,0.037008473677614645,-0.2659230910125033,0.0008001311058197487,-0.2829282870446242,-0.3603192812316235,0.38684507340961893,0.49024129254914056,0.19234187770526254,0.0007962750522977259,0.08143021025131829,0.4570869443667878,-0.016166504391080947,0.16706544686840252,0.30198490355046126,0.10654854289377537,0.1819343892493228,0.3417678077371714,-0.26974829610635,0.004960812856082442,-0.376075115922609,-0.43928354525560814
#11,0.5809009669054207,1.0,0.14492398754494712,0.3441778411884357,0.3157124540888627,0.23808624063702005,0.24237802820703153,0.23613122150135443,0.4225636971841169,0.3314528645657602,0.5326193207561721,-0.13835712839694214,-0.0511871824780928,0.11975938226022577,-0.11670924392430566,0.3473475171835385,0.10000867612042455,0.016606094492591556,0.13765147060241195,0.55146771037182,0.3148641223140177,0.5304599307838392,0.5202568131645667,0.47708058187847646,0.5319445113898181,0.5159303211128571,0.15604484590246112,0.4886448863910231,0.1922801808489102,0.2683215563032015,0.3484542045443591,0.34663029122844224,0.4737296713678386,0.2700606364416338,0.17562202963377133,0.20314268362044866,0.2944193265402524,0.22103862801615687,0.4314866050340779,0.48814359943316016,0.18803080986764095,0.02702129505557537,0.1959241514272218,0.3424734655317016,-0.12881725198345753,0.15727492697598644,-0.06607540512662316,0.1628469243153095,-0.17005388834797028,-0.09939941966394493,-0.1631669767576374,0.20369409927409793,-0.07074508594179288,0.41600069408963397,-0.01305466919880848,0.35692981018576536,-0.4534314056279101,0.0996462070893544,-0.3698630136986301,-0.12090077410274455,-0.4246575342465753,-0.4137718951539047,0.399492928961854,-0.02063181436958345,0.14189312947663713,0.1544098792091234,0.3382780792997407,0.27827403044354254,0.31898238747553814,0.15673893553642523,0.07286205932538344,0.0738337848129332,0.04180154820548909,-0.012198625316919398,-0.09161790365650276,-0.13474786230032873,-0.4333452228316929,-0.3344721544735041,0.40335669459092094,0.4209788591865655,0.0040584963319290875,-0.008304011259676284,-0.1839433931342967,-0.26386395843174304,0.3147792891365332,-0.5562684970067384,-0.5498404557855263,0.06152140591711413,0.14558337269721303,0.23215563032014885,0.28319435473764376,-0.32477032381209453,0.07964871352414371,-0.49311019636952563,-0.49057291315203455,0.06807284085103102,0.4618106099312658,-0.06258567668919245,-0.012638215418430007,-0.017230775163159264,0.6366556447803495,-0.08274126844880607,0.06133631534805703,-0.03853932692585773,0.1598276344075656,0.23269933386675407,0.48434153066044555,-0.2853036160141903,-0.04878486113387254,-0.520638562463247,-0.5123133429091996
#12,0.2970838595239702,0.14492398754494712,1.0,0.5124675850500805,-0.1893033075299085,0.0037500120501672563,0.44811005176751856,-0.21528925221482073,-0.011319445113898182,0.3516701531817262,0.4227642119672621,-0.15025690956590476,0.0896551724137931,0.182308426440959,0.13439696142982466,0.09428629269374258,0.4194441498848004,0.5776117532511351,0.1389856651210319,-0.06560111054341435,-0.15275948830169764,-0.19415036680709127,0.27293339631554087,0.08458831808585503,0.16435078518889842,-0.013501971407363134,0.37790288529204785,0.24922637926214417,-0.1680680207841285,-0.1914781217163294,-0.13675686618530264,-0.060137082702707914,0.05695969460056106,0.09147137362266589,-0.17120299229753308,-0.11106398156806417,-0.26783183750590456,-0.17310402668389038,-0.17148062815111872,-0.1374046831770025,-0.3101057522678415,-0.31670731589754464,-0.40686184724243973,-0.25416598382385547,-0.07695333211224972,-0.20660927573674723,-0.04232597148448421,0.160911185447254,0.08387109213075877,0.11028505875661554,0.2770979341193256,0.11109482999624035,0.227802145893785,-0.03623726297321007,-0.11478507321681625,-0.18301022818196716,-0.24383561643835616,-0.30127153364888704,-0.03155987005099631,0.04912033779028853,0.013771895153904735,0.09615262259840167,-0.06162166330868672,0.17286495136552496,0.3867718083927005,0.2487405165183693,0.04704963704896224,0.25195260910221434,0.25798733286418013,0.21998978145816664,0.523322375714575,0.42124107082606305,0.30371627158184955,0.33889890391678634,-0.17705262549044182,0.0028554076330579467,-0.14362835356154743,-0.09832358073130056,0.3187433121571727,0.09586727463777198,-0.008940260090810061,-0.2659732197082896,-0.20607328429718605,-0.09504593523758109,-0.07080292674462321,-0.08290322269673103,-0.04549950353310904,-0.3549323744613575,-0.19758225444169164,-0.1572864951365525,-0.2794771191424137,-0.08269113975301977,-0.03744420772560323,-0.024661390300097365,-0.07700346080803601,0.3454580509577473,0.22271601129823682,0.23522504892367907,0.2040257198769919,0.21553218358670817,0.30667772068676313,0.27048865838257835,0.13998438298323582,0.3414091947596233,0.4019376668948165,0.2637714131472145,0.33220865105607666,0.0875651914048567,-0.004393972988345078,-0.0785998669661535,-0.10401897178332835
#13,0.34607501952127095,0.3441778411884357,0.5124675850500805,1.0,-0.14824404962740884,0.05795841246276498,0.27019945436842663,-0.21773013409426123,-0.21097432832367713,0.5096025372832175,0.3838065032342649,0.06167950411151707,0.16067982223593263,0.08855619716001659,-0.0774391948560246,0.0785844427520654,0.2888319049868412,0.38338233734684235,0.012954411807235885,0.15376206221742358,0.0178091831914627,0.15800372109164876,0.29525994620805335,0.27752981211379213,0.2715028004588704,0.2814090019569472,0.30804276363355926,0.36496196967213906,-0.03281308744565375,0.15926850664687225,0.21381238371588598,0.27692441171083454,0.5792197275698187,0.4367192696634629,-0.08289551058968699,0.08430682617874737,0.044682020186440186,0.11072079280460413,0.1625307279265036,0.30189621431945474,0.1559253082432784,-0.15923765821869607,-0.12342263310614751,-0.06816924218908159,0.028852920478536243,0.2028804719809511,0.12287892955954229,0.20565683051680758,-0.11958971590525677,-0.011847724446415317,-0.006109916805645262,0.3014450560573781,0.11202799494856988,0.2669796496775375,-0.00966134209942834,0.13148564102069737,-0.3950121947692634,-0.12368098869212305,-0.2659732197082896,-0.0878852438471846,-0.26007731387311656,-0.2324679706554327,0.14859880655143493,-0.01537986947258828,0.3701059450705176,0.19697685403873405,0.16319011307876954,0.12400875324149499,0.2999681875584433,0.08063586322578158,0.4112153316688036,0.41089142317295363,0.42189274387128495,0.4590226832348433,0.084245129322395,-0.003048210309159091,-0.26836782894546574,-0.2647469946882863,0.13570801962731244,0.056975118814649145,0.21355017207638843,-0.1900243895385268,-0.1463854318297938,-0.07028235951915013,0.04560747303172568,-0.3338860343381566,-0.37700828087493854,-0.08483896156478651,0.02370508902663569,-0.13839183287864035,-0.26735754292269576,-0.3129360955530063,0.20301543385422188,-0.3213924209268025,-0.3149605236520683,0.10499069727087812,0.3035890218156228,-0.04682984199820694,0.27382028862560615,0.15729420724359655,0.5067914742656628,0.26313902036960274,0.4512103187992249,0.18135212516749732,0.48243664022056626,0.39021912024138894,0.6270810638851667,-0.08173098242603608,0.032427482093451455,-0.404043072117841,-0.4451910192513472
#17,0.09177214579738367,0.3157124540888627,-0.1893033075299085,-0.14824404962740884,1.0,0.4572527546682348,-0.018699931555049985,0.2815863804189602,0.20781236443561837,-0.062045829196109244,-0.06201498076793306,0.21021854183336064,0.09141353281983554,0.1581309708578755,-0.24962740882843454,0.18970048104267687,-0.03241205787936337,-0.12358073130055044,0.07285049116481737,0.31617132445798346,0.07513713090337694,0.38494403902326163,0.062489275351141876,0.1951837891509934,0.035207696682829956,0.3123191269894826,-0.14250238593311676,0.2260823460229628,0.29936664320900774,0.34627553430441615,0.47480165424696097,0.3573077034309236,0.1514445740506878,0.2593600879180203,0.22904379512787637,0.20637791252542587,0.3467459728341029,0.31540782586062294,0.21077381354053193,0.36407893341559583,0.2019550191356656,0.14014248117763875,0.2500130141806368,0.29729208641415944,0.06077718758736371,0.22946024890825484,0.050369699131423945,0.012954411807235885,-0.23952069254721256,-0.20676737393115016,-0.2465348539037722,0.08403690243220575,-0.18451023300203406,0.2791069380042995,-0.24479962981886189,0.2592791107940578,-0.3322549236983409,0.014450560573780764,-0.303955346900215,-0.28809539876413487,-0.32108779269856264,-0.2831519381489015,0.20012339371270474,-0.17330839752055757,0.05105607665834402,0.11067066410881783,0.18148708704076813,-0.14457308667444305,-0.05298024736583344,-0.10175932441942294,-0.07098801731368032,-0.25220710863466783,-0.18824289281135223,-0.07795976208149769,-0.2911763855282311,-0.16206028939681683,-0.2381325132792843,-0.23339342350071818,0.08366672129409156,0.2143406630484031,-0.023415885012483973,0.12024910105752268,0.08742637347806388,0.10246883826747515,0.6744372571891298,-0.3313024784784013,-0.10810253246315059,0.14696769591161926,0.11113339053146058,0.2857085016340027,0.5687274059363944,0.021892743871284932,0.2698061369091803,-0.2164113637897294,-0.20374808402340625,-0.09382356627109985,0.0784841853604928,-0.11473494452102995,-0.049968669565133565,-0.16159370692065206,0.1092169319310152,0.06688132031272594,0.1364946545458051,-0.44126555676592794,-0.17041635737904043,-0.11557170813530891,0.012834874148053175,-0.28200669025286074,0.06996230707682223,-0.2005899761888695,-0.21791522466331834
#18,0.022189659992480695,0.23808624063702005,0.0037500120501672563,0.05795841246276498,0.4572527546682348,1.0,0.2176722932914309,0.09650737952242777,0.26202076484821607,-0.04759334059556747,0.02412154280701416,-0.06908698292732303,0.22538054428195464,0.43999691515718237,-0.24583690821628604,-0.02977451727029971,0.12548562174042976,0.024645966086009274,0.06982734520355142,0.1412954411807236,-0.24993203705667436,0.10649070209094502,-0.1849189746753685,0.09764491531142452,-0.17774671512440593,0.11963598854752104,-0.13927101308166157,0.019023840050899906,0.10395341887345397,0.2592405502588376,0.3312870542643132,0.45024630541871924,0.2715722094222668,0.41789787242246923,0.04608947972197854,0.13291623687736787,0.3148602662604957,0.2986648414679996,-0.022802772502482336,0.14735330126382154,-0.03006372128445143,-0.1672274011163275,0.005643334329480493,0.09239682646795137,-0.011080369795532763,0.12601390107294688,0.04582341202895896,-0.005951818611242324,-0.07303172568035245,-0.37972679860796466,-0.3052239885089605,-0.38192860516903976,-0.3466071549073101,-0.020747495975244137,-0.5161616843241784,-0.02357398320688691,-0.436225694812644,-0.14886487424445452,-0.30909161019154946,-0.1273095350563466,-0.11253313795995488,-0.0750638658864585,0.21911445730866744,-0.00018701859581810997,0.04361003730731783,-0.08252532945157279,0.27608764809655556,-0.05977075761811574,0.07740834642784841,-0.027090704018971783,0.17057059951992135,-0.02204698601216585,-0.010714044710940588,0.019359316707315898,-0.005219168442057976,0.036029036083020834,-0.07970655432697406,-0.15520422623466013,0.025343911773495417,0.22416588742251742,0.06204968524963127,0.17825957024283498,-0.0395110524134075,0.05729517125697705,0.4945446482797181,-0.35982956243432657,-0.07373738347488264,0.0012859938495946323,-0.11407941542228606,0.22129312754861039,0.27302594160006943,0.05808566222899174,0.188539808932548,-0.10885831895346708,-0.1795783405473668,-0.2676737393115016,0.0851744382212025,-0.03759844986648415,0.04117301148139936,0.09579015356733152,0.17997165800661313,0.34093875622993647,0.41430017448642187,-0.27058891577415095,0.3185813579092478,0.21690879469407034,0.2388188908062044,-0.03127066603684459,0.11953187510242642,-0.10044441016841314,-0.11916555001783424
#26,0.21871728379589908,0.24237802820703153,0.44811005176751856,0.27019945436842663,-0.018699931555049985,0.2176722932914309,1.0,0.047601052702611515,0.19643315049212884,0.40598652309294053,0.3717062072821571,-0.31372273047149896,0.13453192330309544,0.5170832811159419,0.19786374634879933,0.03654189120144988,0.41818707643662095,0.07386848929463141,0.27606451177542346,0.10174390020533484,-0.02806242950652155,-0.1411296308792766,0.24309139810860575,-0.06999701155852044,0.020570117513231085,-0.0869597910018991,0.3999093827422325,0.3602267359470949,-0.033279669921818515,-0.14570291035639574,0.011689626252012378,0.07531065331186797,0.179443378674096,0.013648501441200004,-0.029543154058978338,0.04691081912216941,-0.07942506241986638,-0.17262973210068155,-0.12754475432118997,-0.22379570628440323,-0.1883585744170129,-0.24757984440824038,-0.29097972679860795,-0.1256630002024428,0.000252571505692499,-0.2173368166350149,0.07555744073727744,0.0881898720754244,-0.030873492524076233,0.10764366209402987,0.02689790134287064,-0.09984672187249959,0.003769292317777371,-0.10224904321671985,-0.08205103486836397,-0.1542055083724562,-0.28786017949929144,-0.26200148458060596,-0.09511148814745549,-0.03534651460962278,0.015507119238815035,0.017616380515361553,0.03801490364686262,0.35526785111777354,0.47987236462842103,0.37101597370171496,0.17023512286350534,0.364950401511573,0.19455139637338167,0.11348558317989453,0.42276806802078415,0.22308619243635103,0.2426595201141392,0.248694243876105,-0.22172500554307695,-0.044103612158136754,-0.09108191221694158,-0.07254971899009958,0.4050032294448247,0.13463218069466804,-0.12109743283236771,0.031085575467787493,-0.01079887788842509,-0.15193429284798474,0.04988769244117108,-0.16747033248821494,-0.01772049396045617,-0.3998823903675783,-0.21700905208564295,0.04770516614770613,-0.07699189264746994,0.005454387706901371,-0.21833939055074084,0.023485293975880384,-0.11387504458561885,0.08722585869491868,0.08273741239528405,0.19581618192860517,0.031166552591749972,0.23084457212266107,0.10244184589282099,0.048372263407016086,-0.04035167208120849,0.12479924421350969,0.20147686849893476,0.24767624574629096,0.29717254875497673,0.026400470438529687,-0.030190971050678184,-0.06603684459140292,-0.10578118824289282
#49,0.49214232693549786,0.23613122150135443,-0.21528925221482073,-0.21773013409426123,0.2815863804189602,0.09650737952242777,0.047601052702611515,1.0,0.48058573452999526,0.26072127481129437,0.3223795706284403,0.06517694465599183,0.29775481283680216,0.00808421620892098,-0.1450203888829977,0.1626464095321643,0.06543915629548938,-0.13564632277096006,0.2603009649773939,0.3368821879247684,0.03253930764559012,0.34501846085623666,0.20457327947711915,0.16127365447832415,0.17227111912313342,0.17697936047352336,-0.2970684353098821,0.028744950979919602,0.43025266790703054,0.27697454040662084,0.34572411865076685,0.17242921731753635,0.10118862849816355,0.07455101076802946,0.4030019376668948,0.10061407652338214,0.2878331871246373,-0.00940684256697483,0.16459757261430788,0.1691361476097288,0.17473513732370605,0.008639487916092276,0.34160585348924644,0.22170958132898885,0.1584664475142915,-0.06181446598478787,-0.2717110273490596,-0.04829128628305361,0.09880558742155342,0.1441604889475866,-0.05621547627081064,0.16890478439840745,-0.008334859687852468,0.2697251597852178,-0.04560747303172568,0.22707335177812268,-0.2019048904398793,-0.025359335987583508,-0.17421457009823296,-0.26009659414072667,-0.3071134547347517,-0.3599683803611194,0.2946468336980517,-0.14502810099004174,-0.1692865336970877,0.024183239663366527,0.16174023695448894,-0.09728630233387639,0.030645985366276884,-0.12322983043004637,0.01035543173339246,-0.08109858964842433,-0.07897004810426769,-0.3747949061532974,-0.19815680641647307,-0.056277173127163,-0.30208130488851187,-0.22944482469416674,-0.049301572305823604,0.3452883846027783,-0.5794125302459198,0.11384034010392065,0.3636239190999971,-0.24002197950507553,0.2861712280566454,-0.23604638832386993,-0.24927265190440842,0.16963357851406977,0.06052654410843222,0.2420194152294834,0.2883576104036324,-0.25082664147378364,-0.09002920960542932,-0.20122622502000329,-0.29677151918868633,0.22057975764703613,0.21593321315299857,0.17134566627784795,-0.07965256957766574,0.12112056915349985,0.11879151282619803,-0.17994080957843694,-0.08140321787666413,0.18093567138711886,-0.22669931458648646,-0.03036063740564719,0.038331100035668496,-0.37162908621171664,-0.1454908274126845,-0.2202866975793624,-0.276828010372784
#50,0.19335987583507658,0.4225636971841169,-0.011319445113898182,-0.21097432832367713,0.20781236443561837,0.26202076484821607,0.19643315049212884,0.48058573452999526,1.0,0.054511100614076526,0.23902711769639362,-0.33887962364917623,-0.09252407623417813,0.21522755535846838,0.04162416974347604,0.010066227719240744,0.08951635448700028,-0.04615503263185293,0.13879286244493075,0.10400354756924027,0.12415528327533186,0.04979514715664254,0.10746628363201681,0.06378490933454156,0.12672727097452113,-0.039993059103660356,-0.056223188377854685,-0.00400836763614279,0.17637010401704376,-0.05019617672293292,0.1442761705532473,0.01771663790693415,0.08306903299817801,-0.07423867043274561,0.16511428378625895,-0.056527816606094496,0.13293166109145596,-0.10672977740931044,-0.011697338359056423,-0.1153326328169435,-0.16105771548109088,-0.11432234679417351,0.0488465579902249,0.08267571553893167,-0.28037557961304505,-0.37517279939845566,-0.13491367260177572,-0.032782239017477566,-0.01642485997705648,-0.10214492977162523,-0.06200341260736699,-0.1928547328236916,-0.1092670606268015,-0.06079646785497383,-0.03885166726114159,-0.045611329085247704,-0.07091475229676188,-0.2051555435589446,-0.13047149894440535,-0.21075838932644386,0.04936712521569799,-0.07051757878399352,0.13894324853228962,-0.03554702939276797,-0.11102927708636597,0.1479201411315589,0.20950902798530843,0.005099630782875266,0.06132089113396894,-0.043471219380525,0.06093528578176665,-0.1461694928325605,-0.04790953698437334,-0.27259406360560284,-0.12933781920893062,-0.07263840822110611,-0.02341202895896195,0.03625268718729816,0.061478989328371876,0.18917605776368177,-0.2963473533012638,0.11981722306305612,0.20100257391572596,-0.3468423741721535,0.09179913817203783,-0.10941359066063837,0.013787319367992828,0.003753868103689279,-0.03207272516942535,0.007667762428542508,0.2629423616399796,-0.03370383580924103,-0.35340537726663646,0.04809077149990842,-0.10479018248773293,0.03192233908206646,-0.012476261170505046,0.20075193043679446,-0.14242140880915427,0.06179518571717776,0.06209981394541756,-0.03355730577540416,-0.22893582562925974,0.021811766747322454,-0.038223130537051855,0.22718517733026133,0.13280055527170717,0.086435367722904,-0.08658575381026289,0.0714083271475808,0.03223853547087233
#51,0.557355904099949,0.3314528645657602,0.3516701531817262,0.5096025372832175,-0.062045829196109244,-0.04759334059556747,0.40598652309294053,0.26072127481129437,0.054511100614076526,1.0,0.656109434798955,0.06029132484358883,0.3388102146857798,0.08554847541283873,-0.0959713880828666,-0.12756789064232213,0.5994331601322627,0.060754051266231575,0.11392131722788312,0.05159592415142722,-0.07803688315193814,-0.011350293542074364,0.2168972265335043,-0.04420772560323137,0.1635718623774498,-0.057985404837419145,0.32838344596222996,0.3633501392999335,-0.03491849266867824,-0.051680757328911725,0.21173397086751564,0.039865809337433604,0.5171873945610365,0.09429014874726462,-0.004652328574320612,-0.06081960417610596,-0.004976237070170534,-0.26404519294727813,0.04409590005109271,0.027896619205074566,0.012996828395978136,-0.20638948068599192,-0.05308436081092806,-0.13743167555165667,0.25618269981587344,-0.1616862522051806,0.16430836860015616,0.2128907869241225,0.2249216739128339,0.12483394869520789,0.20450001446020072,0.1665333114823634,0.2342880279178275,0.0320303085806831,0.05054322153991497,-0.08347391861799042,-0.29404143329509413,-0.3433719260023329,-0.1635178776281415,-0.0878351151513983,-0.20953987641348462,-0.18902567167632287,0.12315270935960591,-0.1477157702948917,0.3509529272266299,0.3317459246334339,0.07473995739060858,0.1739986311009997,-0.060295180897110855,-0.06968467122323657,0.22041009129206712,0.21701290813916496,0.09464104961776869,0.09405107342889919,-0.021919736245939094,-0.03900205334850048,-0.21420570117513232,-0.17166571872017583,0.1500910992644578,-0.11443802839983419,-0.2173908013843232,-0.028158830844572123,-0.015221771278185341,-0.0020996211427414613,0.03525011327157221,-0.15138673324785748,-0.27134855831798943,-0.14590728119306295,-0.17567215832955763,0.0827451245023281,-0.03359586631062439,-0.004370836667212941,-0.11280306170649648,-0.20802444737932962,-0.2524616081671214,0.24195000626608698,0.013440274551010769,0.3995122092294641,0.12459101732332045,0.2012146568594372,0.2772097596714642,0.1716580066131318,0.2359384188252533,0.4486267629394696,0.27313776715220806,0.46369622010353506,0.4780445952589822,-0.09511148814745549,-0.05153037124155283,-0.2752778768569308,-0.3104797894594777
#52,0.6842817618308542,0.5326193207561721,0.4227642119672621,0.3838065032342649,-0.06201498076793306,0.02412154280701416,0.3717062072821571,0.3223795706284403,0.23902711769639362,0.656109434798955,1.0,-0.10220277057445558,0.266216151080177,0.08590323233686484,-0.0026626049569568027,0.219376668948165,0.3235672351132234,0.07890063914087128,0.15469522716975312,0.2721968900928345,0.09614105443783559,0.2232712830054081,0.39410987824511007,0.18869790712695092,0.3529580750580818,0.16600503214984624,0.1008261594670934,0.29342446473157047,0.012576518562077641,0.006279583160614269,0.12259743765243461,0.15104354448439744,0.3783193390724263,0.1568314808209538,0.1193429284798473,0.0003335486296549796,0.11531720860285541,-0.05989029527729845,0.18970048104267687,0.14075559368764037,-0.0707990706911012,-0.2174756345618077,0.10081844736004936,0.06767566733826265,-0.0724687418661371,-0.09748681711702159,-0.12405888193728129,0.07397260273972603,0.027133120607714035,0.06753684941146983,0.007521232394705639,0.07244560554500497,0.027129264554192012,0.2333779992866301,0.029419760346273607,0.15089701445056058,-0.3434837515544716,-0.11873367202336768,-0.36343882853094,-0.18810021883103736,-0.2583189534670741,-0.28720079434702556,0.23054379994794327,0.0841294477167343,0.13180569346302526,0.21317999093827422,0.22752836609372137,0.2605554645098474,0.23741143127066602,0.1657621007779588,0.2891133968939489,0.3264477070941745,0.20020822689018924,0.13705763836002044,-0.010779597620814978,-0.013895288866609469,-0.2836763614278966,-0.19413494259300318,0.16988807804652328,0.19865038126729198,-0.34856217404297574,-0.1465165376495426,-0.039730847464162805,-0.08502790818736564,0.21283680217481418,-0.26196292404538574,-0.4179827055999537,-0.22509134026780292,-0.16558472231594573,0.08764616852881918,0.018912014498761242,-0.2829359991516682,-0.21438693569066739,-0.31881272112056913,-0.42286832541235675,0.20744989540454822,0.37569722267745076,0.1388738395688932,0.03174881667357543,0.13978772425361263,0.41040556042917875,-0.04334396961429825,0.01721149489554915,0.3165376495425756,0.16596261556110398,0.21051545795455642,0.475823508430297,-0.19920179692094125,-0.20830208323291527,-0.3495647479587017,-0.36243625461521406
#53,-0.0016137583989665777,-0.13835712839694214,-0.15025690956590476,0.06167950411151707,0.21021854183336064,-0.06908698292732303,-0.31372273047149896,0.06517694465599183,-0.33887962364917623,0.06029132484358883,-0.10220277057445558,1.0,0.36397096391697914,-0.18762592424782856,-0.24078162204891404,-0.010166485110813339,-0.03589407420975003,-0.14752682367231257,-0.1966452334358401,-0.053894132050552865,-0.15233917846779713,0.11511669381971022,-0.06084659655076013,0.05438770690137179,-0.07296231671695604,0.047894112770285255,-0.22972246054775242,-0.009965970327668149,0.006406832926841024,0.16920941262664727,0.19418507128878948,0.12689693732949014,0.05345068589552023,0.06187230678761821,-0.04566531383455602,-0.060804179962017875,0.0907502916140476,0.13945610365071867,0.020265489284991275,0.16942149557035852,0.20090617257767537,0.06903685423153673,0.14170803890758005,-0.039719279303596734,0.11402543067297774,0.2720040874167333,-0.19263108171941426,-0.23286128811467904,-0.21897949543539663,-0.08455746965767885,-0.11816683215563031,0.2846326627013583,-0.1256244396672226,0.15493044643459652,-0.06426691602479442,0.10196755130961217,-0.09141738887335757,0.07793662576036556,-0.20930851320216323,-0.1795976208149769,-0.05572575747351373,0.008369564169550673,0.04346736332700298,-0.344401492292713,-0.15491887827403045,-0.09361148332738858,-0.09383899048518793,-0.21786123991401002,-0.12145218975639382,-0.2614423568199127,0.012036671068994437,0.015136938100700837,-0.01604696673189824,0.11739947750474776,0.05181957525570455,0.010220469860121659,0.03050716743948406,0.03315242015559176,-0.23288442443581117,-0.11355113608976893,0.18366961333423307,0.0984662547116154,0.022293773437575312,0.5162542296087069,0.34895549150222205,0.10204852843357466,-0.05114090983582852,0.07254200688305554,0.16887393597023126,0.29384091851194893,0.134288991931208,0.11903444419808547,0.2818717283795899,-0.06461010478825446,0.06578234505894942,-0.008874707180935672,-0.07022451871631978,-0.21483038184570002,-0.1194431858714199,-0.22601293705956638,0.0027937107767055805,0.15366180482585098,0.06252012377931805,-0.1616708279910925,-0.19502569095659048,-0.250884482276614,-0.10740458677566445,-0.061371019829755236,0.311713726586525,-0.009773167651567004,-0.02857142857142857
#54,0.09461791329663656,-0.0511871824780928,0.0896551724137931,0.16067982223593263,0.09141353281983554,0.22538054428195464,0.13453192330309544,0.29775481283680216,-0.09252407623417813,0.3388102146857798,0.266216151080177,0.36397096391697914,1.0,0.41040556042917875,-0.19301283101809452,-0.02535162388053946,0.07188647778431165,-0.0783993521830083,-0.15845102330020341,0.10015906220778345,-0.17822486576113677,0.14802425457665352,-0.05902653928836532,0.08021169733835906,-0.2639796400374037,-0.016089383320640492,-0.12737508796622096,-0.12493806214030251,0.01835674279158995,0.1591721053088217,0.21866715510011278,0.3164952329538334,0.23856439127375087,0.3242304763190113,-0.017924864797123383,0.05512035707055614,0.15990475547800603,0.10667579266000211,-0.07937107767055807,0.14445740506878235,-0.13064502135289638,-0.14241369670211024,0.010027667184020515,-0.13441624169743477,0.2331389239682647,0.14683659009187047,-0.2935709947654073,-0.3003268005359914,-0.03301745828232096,-0.08737238872875555,-0.14731859678212333,-0.00773717139193892,-0.2161260158290997,-0.0006458889649388333,-0.3861162792939566,-0.04287738713813348,-0.13820674230958327,0.11084804257083088,-0.24647701310094183,-0.059416000694089637,-0.20159255010459545,-0.18096651981529505,0.42859070883903866,-0.02311896889128821,-0.16326337809568797,-0.19244599115035715,0.307329393731985,-0.002751294187963329,0.03534265855610076,-0.18417475634561808,0.21239335601978154,0.09065774632951905,0.2509307549188783,0.201850905690571,0.2205913258076022,0.174052615850308,-0.1101423847763007,-0.03516913614760973,0.005099630782875266,0.16160913113474015,-0.14192783395833533,0.03547376437584954,0.21128666865896098,0.320975967146424,0.4122641782267938,-0.08234409493603771,-0.18321074296511236,-0.1966837939710603,-0.1852737315993946,0.4230032872856275,-0.13792525040247558,-0.008304011259676284,0.15212709552408588,-0.16774411228827857,-0.1849189746753685,-0.08371299393635584,0.07379522427771297,-0.11604214666499571,-0.20731493353127742,0.05298795947287748,-0.044053483462350454,0.17136109049193604,0.1857750185572576,0.09109348037750764,0.17621586187616284,0.12076195617595173,0.1468597264130026,-0.0960562212603511,-0.1786683119161694,-0.21053473822216653,-0.22160932393741625
#58,-0.010451833071443031,0.11975938226022577,0.182308426440959,0.08855619716001659,0.1581309708578755,0.43999691515718237,0.5170832811159419,0.00808421620892098,0.21522755535846838,0.08554847541283873,0.08590323233686484,-0.18762592424782856,0.41040556042917875,1.0,-0.011971118159120048,-0.03843521348076311,0.10662952001773784,-0.11665525917499735,-0.12184936326916218,0.006568787174765986,-0.1903097374991565,-0.06662682078027243,-0.09050350418863813,0.023685808759025574,-0.35200562983814215,-0.07341347497903271,0.1486412231401772,-0.005635622222436448,-0.13187510242642167,-0.09447523931632171,0.10556910529918155,0.2275322221472434,0.17964003740371917,0.14168875863996994,-0.14331601322626358,-0.037714131472144835,0.07066025276430837,-0.005550789044951944,-0.16292404538574995,-0.11233647923033172,-0.3123306951500487,-0.21507716927110948,-0.3126237552177224,-0.24521993965276237,-0.0342552514628903,-0.04000848331774845,-0.08268728369949775,-0.19038300251607493,-0.01904312031851002,-0.0956706159081488,-0.2280219409445403,-0.2590863081179567,-0.4336691313275428,-0.1872248946815382,-0.4378683736130258,-0.1899742608427405,-0.07377208795658084,0.08841737923322376,-0.15298699545949698,-0.03316398831615783,0.13657177561624556,0.09562819931940655,0.2194962066073477,0.2548562174042976,0.10373362382269866,-0.026867052914694455,0.3949813463410872,0.36857123576875245,0.08363201681239335,-0.04726943209971755,0.3175055189766034,0.02986706255482826,0.31337182960099486,0.23303095446964803,0.09029913335197093,0.2218715355769138,0.12767200408741675,0.16401530853248242,0.3780262790047526,0.13125042175585397,-0.13781342485033693,-0.04753549979273712,0.12758717090993224,0.10465136456094011,0.2511351257555455,-0.074473889697589,0.13486739995951144,-0.3588077082509905,-0.34571255049020083,0.15330704790182487,-0.08030809867640963,0.11480049743090434,0.022035417851599782,0.041755275563224815,-0.06683504767046167,-0.24418651730886023,-0.006965960687534343,-0.07685693077419914,-0.22673787512170668,0.23733431020022558,-0.0640933936163034,0.07180164460682714,0.093345415634369,-0.21489593475557442,0.21866715510011278,0.17566830227603558,0.10203696027300858,0.2499898778595047,-0.03821541843000781,-0.010760317353204863,-0.05685558115546644
#101,-0.1161925327523546,-0.11670924392430566,0.13439696142982466,-0.0774391948560246,-0.24962740882843454,-0.24583690821628604,0.19786374634879933,-0.1450203888829977,0.04162416974347604,-0.0959713880828666,-0.0026626049569568027,-0.24078162204891404,-0.19301283101809452,-0.011971118159120048,1.0,0.32566492822920384,-0.10526062101741972,-0.02799302054312514,0.44054833081083167,-0.012784745452266877,0.23047053493102485,-0.2189409349001764,0.3800622752643807,-0.015109945726046677,0.17851406977528847,-0.158046137680391,0.16902432205759016,-0.10433131211861221,-0.016251337568565453,-0.242462861384516,-0.42402128541544154,-0.16813357369400286,-0.37919851927544757,-0.2623793778257642,-0.01932075617209567,0.03802261575390666,-0.18593311675166052,-0.2609487819690937,-0.031409483963637415,-0.35625500081941136,-0.2507379522427771,0.021117677113358335,-0.15076205257728978,-0.059658932065977076,-0.25605930610316874,-0.3573385518590998,-0.062250200032776454,-0.07640191645860045,-0.23488957226726306,0.10818350958711306,0.005670326704134653,-0.06609468539423327,0.021750069890970086,-0.09134797990996114,0.32148882226485304,-0.11691361476097288,0.13138152757560276,-0.29682935999151666,0.003310421948656647,-0.2681557460017545,0.21212343227323996,0.1562068001503861,-0.25885880096015734,0.4666229647267504,0.19601669671175037,0.15675435975051333,-0.11380177956870041,0.2122352578253786,0.32154666306768337,0.3691496437970559,0.14835201912602547,0.21194219775770487,0.141360994090598,0.2687804266723222,-0.28201440235990477,-0.19144727328815325,0.08639295113416175,0.08570271755371965,0.3218358670818351,0.06101626290572913,-0.07227979524355799,0.3145556380322559,-0.17530583324496543,-0.29830622849045146,-0.2925568526891153,0.1382453028448035,0.18157577627177465,-0.3350775548764617,0.1562260804179962,-0.0628980170244763,-0.030453182690175738,-0.27945398282128153,-0.5954768492186672,0.2405078422488504,0.10000482006690253,0.20826737875121706,0.14331215717274157,0.05380929887306836,-0.09869376186941475,-0.10751641232780311,-0.25145903425139543,-0.3785815507119239,-0.31752865529773555,0.000927380872046504,-0.08678241253988606,-0.1988894565856574,-0.22795638803466592,0.06918724031889563,-0.14896898768954914,0.1876336363548726,0.21987409985250594
#102,0.26648993088024064,0.3473475171835385,0.09428629269374258,0.0785844427520654,0.18970048104267687,-0.02977451727029971,0.03654189120144988,0.1626464095321643,0.010066227719240744,-0.12756789064232213,0.219376668948165,-0.010166485110813339,-0.02535162388053946,-0.03843521348076311,0.32566492822920384,1.0,-0.2363433044450657,0.10753954864893525,0.4997696008020591,0.6163033942911128,0.2309486855677557,0.6348008830362566,0.5846336267147388,0.590394570676641,0.4856063162156691,0.6627341347497904,-0.11096758023001359,0.1605024437739196,0.5089315839703855,0.49262818967927274,0.1697569722267745,0.43029894054929485,0.017408153625172316,0.3398976217789903,0.44599693443745,0.4203387543019097,0.35466245071481595,0.4244801557845623,0.4375059045819556,0.4213490403246797,0.3092574204929964,0.25817627948675925,0.39372041683938575,0.5437903078094724,-0.3614336806994881,0.31522273529156586,-0.14660137082702707,-0.12060771403507081,-0.4629172972920864,-0.13817203782788506,-0.37186430547656,0.291488725863515,-0.23106051111989434,0.6771519188686339,-0.03124367366219043,0.6243933945803167,-0.46070006651692325,0.09189168345656638,-0.422918454108143,-0.43119740101992615,-0.4469493796573896,-0.42704828743022955,0.3833553449721882,0.33662383233879284,0.07539163043583046,0.012298882708491993,0.33761869414747475,0.1751978637463488,0.7389297523449625,0.3852756596261556,0.31111603829061146,0.2756789064232212,0.06765638707065254,0.08161915687389741,-0.3999286630098426,-0.3562781371405435,-0.5133776136812779,-0.434039312465657,0.39520885349888657,0.724519680333163,-0.21687023415885012,0.22797952435579805,-0.21189206906191857,-0.3618539905333886,0.31019829755237005,-0.5091012503253545,-0.46499571014045676,0.11731850038078528,0.4380110475933406,0.3711547916285078,0.1802531499137208,-0.5635988547521039,0.07917827499445693,-0.40565104643652455,-0.3949543539664331,0.2769475480319667,0.7555609111854472,-0.31798752566685623,-0.0779443378674096,-0.19726605805288577,0.30341549940713175,-0.36181157394464636,-0.009102214338735022,-0.13983785294939893,-0.055382568710053696,-0.3548899578726153,-0.0379609188975543,-0.5753482498337077,-0.2803524432919129,-0.3967127143724755,-0.38859572170861734
#201,0.274302295315859,0.10000867612042455,0.4194441498848004,0.2888319049868412,-0.03241205787936337,0.12548562174042976,0.41818707643662095,0.06543915629548938,0.08951635448700028,0.5994331601322627,0.3235672351132234,-0.03589407420975003,0.07188647778431165,0.10662952001773784,-0.10526062101741972,-0.2363433044450657,1.0,0.13149720918126342,0.1550307038261691,-0.11746503041462215,-0.29369053242459003,-0.24863640307327467,0.07404201170312244,-0.11670153181726162,-0.05661650583710102,-0.18451408905555608,0.2194769263397376,0.21414014826525793,-0.0037808604783434395,-0.16010912631467325,0.038585599568122006,-0.07560756943306374,0.19116578138104556,-0.07899704047892185,-0.10993801393963348,-0.13700365361071212,-0.14589185697897486,-0.3239605525724697,-0.18043052837573387,-0.20532906596743564,-0.09633771316745876,-0.15665410235894076,-0.24647701310094183,-0.182813569452344,0.21198847039996915,-0.17210916487520847,0.32612765465184657,0.3283795899087079,0.21840108740709321,0.09704722701551098,0.30681653861355596,0.019139521656560594,0.26103747120010024,-0.08776185013447986,-0.061351739562145124,-0.23455409561084709,-0.20220180656107506,-0.3968322520316582,0.033368359152825045,-0.09745982474236742,0.03276681480338947,0.03673854993107304,-0.004771866233503321,0.0228644693588347,0.3825918463748277,0.209266096613421,0.002816847097837718,0.027985308436081092,-0.12565143204187673,-0.08283381373333462,0.3151687505422575,0.10024775143878997,0.08660117802435098,0.046856834372861096,-0.07509857036815672,0.04214088091542711,-0.061783617556611686,-0.054487964292944384,0.20644732148882228,-0.10819893380120116,-0.027322067230293158,0.1176925375724215,-0.11725680352443292,-0.10826834276459757,-0.14471190460123587,-0.05820519988817445,-0.055008531518417475,-0.18230457038743697,-0.1448854270097269,0.01742357783926041,0.07018595818109956,0.1186526948994052,-0.11925038319531875,0.019548263329895017,-0.109351893804286,0.26498221395312965,-0.0981809067509857,0.375230640201286,0.18479558096266377,0.19011693482305533,0.009109926445779067,0.37284759912467585,0.22715047284856313,0.27810436408857353,0.1961593706920652,0.35786683119161694,0.14161163756952946,0.08739938110340971,0.12612187057156354,-0.003946670779790423,-0.11727608379204303
