,#10,#11,#12,#13,#17,#18,#26,#49,#50,#51,#52,#53,#54,#58,#101,#102,#201,#202,#301,#302,#401,#402,#501,#502,#601,#602,#701,#702,#801,#802,#901,#902,#1001,#1002,#1101,#1102,#1201,#1202,#1301,#1302,#1401,#1402,#1501,#1502,#1601,#1602,#1701,#1702,#1801,#1802,#1901,#1902,#2001,#2002,#2101,#2102,#2201,#2202,#2301,#2302,#2401,#2402,#2501,#2502,#2601,#2602,#2701,#2702,#2801,#2802,#2901,#2902,#3001,#3002,#3101,#3102,#3201,#3202,#3301,#3302,#3401,#3402,#3455,#3501,#3502,#3601,#3602,#3701,#3702,#3801,#3802,#3901,#3902,#4001,#4002,#4101,#4102,#4201,#4202,#4301,#4302,#4401,#4402,#4501,#4502,#4601,#4602,#4701,#4702,#4801,#4802
#10,1.0,0.3435897435897436,0.5032714412024757,0.44041056394879485,-0.05546457540460539,0.31564217891054475,0.36337984853726985,0.6185983931111367,0.25823242225041326,0.4922692499903894,0.32189289970399415,0.16653211855610656,0.02798600699650175,-0.15536846961134818,-0.1410679275746742,-0.1323953407911429,0.4749471418137085,0.26722792449928884,0.2302464152539115,-0.08708722561796026,-0.16800830354053742,0.03878060969515242,0.05207396301849075,0.29800484373198016,0.06505208933994541,0.3333794641140968,-0.011425056702418022,0.17031484257871066,0.12028601084073348,0.05613347172567562,0.05853227232537577,-0.10696190366355283,0.12387652327682312,0.17162188136700882,0.12747472417637334,0.008211278975896666,0.32659055087840694,0.047514704186368356,0.23888055972013994,0.09186176142697881,0.06775074001460808,-0.0454234421250913,0.047453196478683735,-0.03430592396109638,-0.16810056510206436,-0.3826163841156345,0.25098988967054936,-0.007980625072079344,-0.027236434160727976,-0.15085534155998923,0.13049629031638027,0.05315803636643217,0.11733364087187176,0.24582324222504132,0.24975204705339638,0.21436973820781915,-0.20488217429746666,-0.2628993195709837,-0.15150117249067774,-0.22209664398569945,-0.007134894091415831,-0.17723445969323032,-0.01625341175566063,0.03000038442317303,-0.07059547149502172,-0.03863452888940146,-0.07432437627340176,-0.08729481413139584,-0.023173028870180294,-0.17674239803175334,-0.05747895283127667,-0.04457771114442779,-0.18490754622688654,-0.0850651597278284,-0.10959135816707032,-0.008072886633606273,-0.0880252181601507,-0.19232691346634376,-0.00784223272978895,0.11897897205243532,0.08152846653596278,0.2127628493445585,0.03250682351132126,0.20607388613385616,-0.03815784415484565,-0.18445392688271248,-0.0904701495406143,-0.03461346249951947,0.028847114904086417,-0.011970937608119018,0.05308884019528697,0.19156575558374658,0.008157459731672626,0.0029985007496251873,0.0386191519624803,-0.0008457309806635144,0.2778149386845039,0.16301849075462269,0.125206627455503,0.08741782954676508,0.12445315803636643,0.03425210471687233,0.052281551531926346,0.004113327951408911,0.12792065505708683,0.1266674355130127,0.10525506477530465,-0.08864798370045747,0.0011302041287048782,-0.042463383692769,0.08752546803521316
#11,0.3435897435897436,1.0,0.28596470995271595,0.10128781762964671,-0.2060815745973167,0.04098719870833814,0.5302579479491024,0.47453965325029795,0.359374159074309,0.4820974128320455,0.4333371775650636,0.08551109060854188,0.18952831276669357,0.26612847422442626,0.16824664590781532,-0.10042670972206205,0.285472648291239,0.20083035405374236,0.12295390766155384,0.010756160381347787,0.3565524929842771,-0.043716603236843114,-0.044316303386768154,-0.1705685618729097,0.06545188943989544,-0.12093953023488256,-0.00841117902587168,0.007734594241340868,0.14683427517010725,-0.028524199438742168,0.01199400299850075,-0.03267596970745396,0.08735632183908046,-0.021666090031907122,0.018252412255410758,-0.08847114904086419,0.14932533733133432,-0.1580517433590897,-0.10684657671164417,-0.30511667243301427,0.16109637488947834,-0.09130050359435667,0.26075423826548266,-0.11536539422596394,-0.10527044170222581,-0.3667935263137662,0.00994887171798716,-0.07177180640449006,0.07931434151081716,-0.1524699188867105,-0.04623841925191251,-0.11201322415715219,0.020289855072463767,-0.03825779417983316,0.1792795909737439,-0.013908430400184524,-0.033091146734325144,-0.19865451889439895,-0.4098027909122362,-0.4637296736247261,-0.18803675085534155,-0.12903548225887057,-0.09529850459385691,-0.055572213893053474,0.14131395840541267,-0.13953023488255872,-0.047422442624841424,0.2037750355591435,0.18860569715142428,0.10549340714258255,0.051105216622458004,0.23509014723407526,-0.22247337869526776,-0.21379310344827587,0.05163572060123784,0.0644754545804021,-0.049521393149579054,0.008441932879713988,0.03686618229346865,-0.14255948948602623,0.15553761580748088,0.04628455003267597,0.16306462153538615,0.11509629800484374,0.02839349555991235,-0.2887018029446815,-0.030038826740475914,-0.10423249913504785,-0.09695921270134164,0.2104101795256218,-0.24002614077576595,0.1723369084688425,-0.32151616499442587,-0.19028947064929075,-0.22016683965709452,0.12795140891092915,-0.004251720293699304,0.08610310229500634,-0.04417022258101718,-0.0514127551608811,0.044323991850228735,0.03586668204359359,0.06041594587321724,0.013539384154076808,-0.10091108292007842,-0.0787683081536155,-0.09840464383193019,-0.03196094260562027,-0.04323991850228732,-0.19923884211740284,-0.09924268634913312
#12,0.5032714412024757,0.28596470995271595,1.0,0.6827586206896552,-0.20760389036251106,0.3963710452466075,0.22877791873294123,0.12029369930419406,-0.22281935955099375,0.2870564717641179,0.1107523161496175,-0.009318417714219812,0.022988505747126436,-0.389866605158959,-0.08551877907200246,0.06160765770960674,0.7066159228078268,0.4930534732633683,0.30362511052166224,0.02567177949486795,-0.14225195094760312,0.294660362126629,0.13897666551339716,0.345819397993311,0.2772459923884212,0.51691077538154,0.3413062699419521,0.5051089839695537,0.09688232806673586,-0.004828355053242609,0.24628455003267596,-0.09550609310729251,0.36334140621996697,0.25069003959558683,-0.011855610656210356,-0.0031138277015338484,0.2987813785414985,-0.1151731826394495,0.3436820051512705,-0.15401530004228656,-0.049851997078383885,-0.19341867527774576,-0.1870680044593088,-0.25379617883366007,-0.08724868335063238,-0.49153884596163455,0.2277322877023027,0.349986545188944,-0.003248382055866639,0.12266943451351248,0.4607542382654826,0.41297812632145464,0.5394149079306501,0.5328874024526199,0.36924614615769036,0.2598777534309768,-0.29145427286356823,-0.6271172106254566,0.06088494214431246,-0.09159266520585861,-0.04425479567908353,-0.25188175143197633,-0.07613116518663746,0.04871410448621843,0.48614154461230924,0.31438127090301005,-0.3414369738207819,-0.0031522700188367355,-0.17408987813785415,-0.38188598008687963,-0.1280974897166801,-0.039634029139276515,-0.303701995156268,-0.1880905700995656,-0.3493253373313343,-0.19093530157997923,-0.31062161227078766,-0.303794256717795,-0.16484834505824011,0.00778841348556491,-0.005750970668511898,-0.004343981855226233,-0.006712028601084073,-0.023073078845192788,-0.3429746665128974,-0.24407027255602967,-0.20722715565294275,0.08746396032752854,0.0741398531503479,-0.22273478645292738,-0.09705916272632914,-0.0691731057548149,-0.11178257025333486,0.03479029715911275,0.025625648714104485,0.12423019259600969,0.21042555645254296,0.37320570483988774,0.510706185368854,0.43702764002614075,0.609333794641141,0.26865029023949566,0.2860646599777035,0.3391227463191481,0.2412024756852343,0.3123130742321147,0.4888786376042748,-0.1453580901856764,-0.11491177488178987,-0.022634836427939876,0.14436627839926192
#13,0.44041056394879485,0.10128781762964671,0.6827586206896552,1.0,0.0027370929919655557,0.40338292392265407,0.16165763272210049,0.03000038442317303,-0.32697497405143583,0.3245146657440511,0.08664129473724676,0.025510321762195826,-0.00997962557182947,-0.2826125398839042,-0.015584515434590397,0.11343558989735901,0.4120478222427248,0.16946142313458656,0.35095529158497674,0.176111944027986,-0.1579133510167993,0.3067466266866567,0.08134394341290893,0.3883289124668435,0.22477991773344097,0.5870449390689271,0.3096913081920578,0.47613116518663745,-0.0004305539537923346,0.08205897051474263,0.1406604390112636,0.05748664129473725,0.2920385960865721,0.2924383961865221,0.2275554530427094,0.29739745511859456,0.3727751508860954,0.1495790566255334,0.46126167685388075,0.13416368738707568,-0.1657017645023642,0.001906738938223196,-0.2511974781839849,0.03159189635951255,-0.14055280052281552,-0.18896705493407143,0.28651059085841696,0.32492984277092224,-0.0390997560831001,-0.030961442355745203,0.1756352592934302,0.2097028408872487,0.39523315265444203,0.35604505439587897,0.18613001191711837,0.3121593049629032,-0.3745511859454888,-0.39484872948141314,0.07460884942144312,0.024802983123822703,-0.0371890977588129,-0.1786645138968977,0.1571983239149656,0.14513512474531964,0.3916041979010495,0.3431361242455695,-0.20625840925691,-0.10424787606196902,-0.18430784607696152,-0.28555722138930534,-0.21430054203667398,-0.08426555952792834,-0.26347595433052706,-0.11998616076577096,-0.24240956444854495,-0.27161034867181794,-0.307576980740399,-0.4525045169722831,-0.3214546572867412,-0.009010879175796717,-0.06523661246299926,0.005681774497366701,-0.06512128551109062,-0.15065544151001423,-0.29336870026525197,-0.22161227078768309,-0.18586860415945874,0.1348095183177642,0.06897320570483989,-0.2757851843309115,0.023026948064429325,-0.23561296274939453,-0.055741360089186176,0.09315342328835582,0.08521124053357937,-0.05384999807788413,0.18728328143620498,0.25431899434897937,0.47942951601122513,0.2847653096528659,0.45238150155691387,0.30992196209587514,0.2846192288471149,0.3997232153154192,0.2663821935186253,0.3253450197977934,0.4431169030869181,-0.20385960865720987,-0.25156652443009264,-0.08384269403759659,0.03819628647214854
#17,-0.05546457540460539,-0.2060815745973167,-0.20760389036251106,0.0027370929919655557,1.0,0.47347095682927764,0.030361742205820167,0.006104639987698459,0.17798792911236688,-0.20784992119324952,0.15439972321531542,0.5896820820359051,0.3889439895436897,0.3382385730211817,-0.2048667973705455,-0.3798562257332872,-0.3025333487102603,-0.07586206896551724,-0.3315726752008611,-0.0024295544535424597,-0.21016414869488334,-0.3660169915042479,-0.2644677661169415,-0.10806135393841541,-0.2730173374851036,-0.24979048937069925,-0.16948448852496828,-0.10391727213316419,0.023549763579748587,0.3913735439972322,0.15097835697535847,0.3367162572559874,0.22681736055049398,0.11945565678699112,0.3252835120901088,0.32828201283973396,0.1946257640410564,0.3173182639449506,-0.003029254603467497,0.3629877369007804,0.2123476723176873,0.20167608503440587,0.03435974320532042,0.006881174797216776,0.0259946949602122,-0.01430054203667397,0.019198093261061776,0.03899588667204859,-0.031607334039450305,-0.31962480298312385,-0.0980971052935071,-0.3639487948333526,-0.22733248760235267,-0.5158036366432168,-0.5015492253873064,-0.22508745627186408,-0.22671741052550648,0.19668627224849114,0.22380348287394763,0.16075039403375235,-0.30042670972206204,-0.17734978664513898,0.4861261676853881,0.05098988967054934,-0.18837504324760695,-0.21749894283627416,0.3589128512666744,0.12791296659362628,0.025348864029523698,0.19079690923768886,-0.13467881443893437,0.04128704878330066,0.18188598008687965,0.29416061200169147,0.43924191750278707,0.21825241225541075,0.23873447891438895,0.050128781762964675,-0.16555568369661322,-0.16295698304693806,0.005697151424287856,0.18874408949371468,0.0055587590819974626,0.01412370737708069,0.6007380924922154,-0.03227616960750394,-0.07088763310652366,0.35183946488294315,0.32914312074731866,0.19771652635220852,0.44515434590397107,0.2391957867220236,0.48222042824741473,-0.07869142351900972,-0.16081959020489756,-0.3603659708607235,-0.21442355745204322,0.21672240802675585,0.1192250028831738,0.16496367201014878,-0.023388305847076463,0.21450813055010956,0.31182101257063777,0.16755468419636335,0.3320954907161804,0.26670510898396954,0.12798216276477145,-0.1098297005343482,0.10613154960981049,-0.2777457425133587,-0.27280206050820743
#18,0.31564217891054475,0.04098719870833814,0.3963710452466075,0.40338292392265407,0.47347095682927764,1.0,0.25719447968323533,0.19470264867566217,0.14410487064160227,0.1652942759389536,0.2454618844423942,0.368361972859724,0.38022527197939493,0.009987314035290048,-0.11573444047207165,-0.26711259754738015,0.2790989120824203,0.4040902625610272,-0.02093568600315227,0.03017721908276631,-0.19853919194249028,-0.14354361280898012,-0.13578595317725753,0.21080997962557183,-0.11136739322646369,0.04953677007650021,-0.01308576480990274,0.10264867566216891,0.343182255026333,0.37768807903740437,0.17399761657632723,0.1921116364894476,0.230346365278899,0.3059316495598355,0.3270518586860416,0.2272940452850498,0.32942759389536,0.2560565870910699,0.239334179064314,0.365632568331219,0.20257563525929342,0.13347172567562374,-0.005258909007034944,-0.06857340560488986,-0.2312305385768654,-0.415992003998001,0.17694229808172837,0.25350401722215815,0.1708802730950627,-0.1050320993349479,0.16578633760043054,-0.05825548764079499,0.07466266866566716,-0.019790104947526237,-0.14568100565102066,0.147603121516165,-0.3844231730288702,-0.25006727405528006,0.10832276169607503,0.014346672817437435,-0.19535616806981124,-0.21162495675239304,0.2949371468112098,0.0635605274285934,0.05481874447391689,-0.13522469534463538,-0.062384192519125053,0.02410333294891016,-0.044316303386768154,-0.002360358282397263,-0.11542690193364856,-0.09296890016530196,-0.1483796563256833,0.034674970207204094,0.008918617614269788,-0.056425633337177566,-0.09587513935340022,-0.21060239111213624,-0.20222196594010686,0.07018029446815054,0.1587590819974628,0.3079767808403491,-0.02117402837043017,0.12621381616883864,0.24149463729673626,-0.20317533540921848,-0.19318033291046785,0.1458578403106139,0.37916426402183523,0.06638988198208588,0.20126090800753468,0.13723907277130665,0.3244992888171299,-0.025541075616038134,0.05052089339945412,-0.19723215315419212,0.07501633798485373,0.3443662783992619,0.30051897128358895,0.376457924883712,0.29875831315111673,0.17335178564563872,0.2041210164148695,0.16894629608272788,0.20382885480336754,0.26288394264406256,0.2847191788721024,-0.11975550686195365,0.20093030407872986,-0.16078114788759468,-0.13603967247145657
#26,0.36337984853726985,0.5302579479491024,0.22877791873294123,0.16165763272210049,0.030361742205820167,0.25719447968323533,1.0,0.2712797447430131,0.18593011186714334,0.523369084688425,0.4445392688271249,0.2432476069657479,0.299481028716411,0.32917387460116093,0.22847038019451812,-0.08008303540537423,0.26868873255679854,0.2980202206589013,0.14547341713758505,0.08684119478722177,0.11322031292046285,-0.19065082843193787,-0.07103371391227463,0.13753892284626917,0.015315419213470188,0.06750470918386961,0.031376619382616384,0.03761196324914466,0.3902971591127513,0.28256640910314074,0.01646100026909622,0.09278437704224811,0.06068504209433745,6.919617114519663e-05,0.1857455887440895,0.0755699073540153,0.37905662553338715,0.016276477146042363,0.0891784876792373,-0.07872217737285203,0.07140276015838234,-0.021504632299234997,0.02022065890131857,0.021889055472263868,0.030008072886633607,-0.24792988121323953,0.11076000461307807,-0.04597701149425287,-0.01908664722766611,-0.1846845807865298,-0.1558374658824434,-0.10971437358243954,-0.015822857801868297,-0.10893783877292124,0.036420251412755164,-0.18777534309768193,-0.21275516088109792,-0.2544112559105063,-0.12590627763041556,0.01148656441010264,-0.2808211278975897,-0.3747895283127667,0.15182408795602198,0.23247606965747894,0.09861223234536577,0.07623880367508554,0.18259331872525275,0.35833621650713104,0.28914004536193444,0.22060508207434745,0.07539307269442203,0.30387114135240073,-0.15090916080421327,-0.060892630607773036,-0.04390112635989697,-0.09332256948448853,-0.28252796678583786,-0.29606735093991465,0.13407911428900934,0.23658939760888786,0.17568139007419367,0.08161303963402913,0.16330296390266405,0.27130281013339486,0.0495060162226579,-0.32226963441356243,-0.15106293007342483,-0.09064698420020759,0.008810979125821704,0.1098681428516511,0.0166378349286895,0.14997116826202284,0.13683158420789604,-0.1601891362011302,-0.1344635374620382,0.11592665205858609,0.07954484296313381,0.12232345365778649,0.1851305116672433,-0.30812286164610003,-0.08981663014646522,0.035497635797485876,0.03509783569753585,0.03672778995117826,-0.12198516126552109,-0.06034674970207204,-0.06954984046438319,-0.28634913312574484,0.02091262061277054,-0.2668588782531811,-0.017514319763195327
#49,0.6185983931111367,0.47453965325029795,0.12029369930419406,0.03000038442317303,0.006104639987698459,0.19470264867566217,0.2712797447430131,1.0,0.48929381463114596,0.41570753084995965,0.6005689462960827,0.22961596125014416,0.3342328835582209,0.3133740821896744,0.09950409410679276,-0.004736093491715681,0.1849921193249529,0.19916195748279705,0.17923346019298042,-0.03333717756506362,0.08528043670472456,0.005251220543574367,-0.1124514665744051,0.09885057471264368,-0.18028677968707954,-0.06090800753469419,-0.4838580709645177,-0.2985968554184446,0.33795409987314035,0.20778072502210435,-0.08920924153307962,-0.045823242225041326,-0.08008303540537423,0.012124706877330565,0.1511398147080306,0.03362165071310499,0.2278245492638296,0.10390958366970361,-0.0769615192403798,0.1904432399185023,0.29436051205166647,0.14833352554491985,0.4203513627801484,0.035459193480182984,-0.15040172221581516,-0.3419290354822589,-0.06235343866528274,-0.30380194518125553,-0.1148620206476205,-0.3381001806788913,-0.1275592972744397,-0.22843962634067583,-0.275047091838696,-0.004935993541690693,0.009641333179564063,0.11927882212739783,-0.23169953484796063,0.01157882597162957,-0.47221773728520355,-0.5852150847653097,-0.13820013070387882,-0.09174643447507015,-0.0038365432668281243,0.012447622342674816,-0.4198362357282897,-0.306085418829047,0.08641064083342943,-0.011002191212086265,0.3947641563833468,0.3144889093914581,0.2619228847114904,0.13992234651904817,0.11659554837965633,0.012539883904201745,0.18399261907507786,0.12307692307692308,0.21673009649021643,-0.00698881328566486,0.07708453465574905,0.22604082574097567,0.21722984661515396,0.38889017029946565,0.23030792296159613,0.39980009995002497,0.25799407988313533,-0.2140237573520932,-0.11909429900434398,0.002360358282397263,0.3032637527390151,0.34928689501403143,0.08025218160150693,0.29674393572444546,-0.07249452196978434,-0.2034059893130358,-0.28597239841617655,0.05412678276246492,0.22687117979471802,0.0730865336562488,-0.14335908968592626,-0.05765578749086995,-0.12502210433244915,-0.14980202206589013,-0.1254757236766232,-0.20026140775765963,-0.03523622803982624,-0.019966939607119517,-0.1483104601545381,-0.044731480413639335,0.08617998692961212,-0.26293007342482605,-0.3275285434205974
#50,0.25823242225041326,0.359374159074309,-0.22281935955099375,-0.32697497405143583,0.17798792911236688,0.14410487064160227,0.18593011186714334,0.48929381463114596,1.0,0.16868488832506823,0.194487371698766,0.1867297120670434,0.03270672356129627,0.27562372659823936,-0.1407603890362511,-0.3772959674009149,-0.10859185791719525,0.10267942951601122,-0.09619805481874448,-0.180133010417868,-0.06201514627301734,-0.48225887056471767,-0.2906316072732864,-0.29406835044016455,-0.35860531272825125,-0.4575020182216584,-0.21180179141198632,-0.13484027217160652,0.26732018606081576,0.28331219005881675,-0.10597009187713835,0.0685964709952716,0.003959558682197363,0.051297428208972436,0.29192326913466343,0.04254795679083535,0.09695152423788106,0.09409910429400685,-0.2200053819244224,0.1987390919924653,0.5224925998539192,0.25772498366201513,0.39042017452812056,0.015100142236574021,-0.34877945642563335,-0.37997924114865644,0.19930803828854804,-0.028047514704186368,0.23252649161326083,-0.14126013916118862,-0.06829662092030908,-0.4062660977203706,-0.259547149502172,-0.3077999461807558,-0.20067658478453082,0.0686272248491139,-0.011117518163994925,0.22880867258678353,-0.14810287164110253,-0.2339215007880675,-0.1563756583246838,0.018667589282281936,0.16484065659477953,-0.1258909007034944,-0.35885134355898973,-0.4474993272594472,0.23986468304309383,0.17059931572675202,0.1892515280821128,0.17184484680736556,-0.030923000038442318,0.08783300657363625,-0.11393534002229655,0.03035405374235959,0.1948641064083343,0.25796332602929306,0.21447737669626726,0.2601314727251759,-0.018290854572713643,-0.0442317302887018,0.09297658862876254,0.2241571521931342,-0.021573828470380193,0.21862914696497904,0.2671279744743013,-0.14997885672548342,0.005097451274362818,-0.040725790950678506,0.24716872333064238,0.24636912313074233,0.06894245185099758,0.2758466920385961,0.02750932226194595,-0.055326183062314994,-0.15979702456464076,-0.1065313497097605,-0.1054472763618191,0.12241571521931342,-0.25158958982047436,-0.030984507746126936,-0.2142544112559105,-0.2613154960981048,-0.03161496174989428,-0.1997232153154192,0.01873678545342713,-0.11422750163379848,-0.2924537731134433,0.021412370737708068,0.419521008726406,-0.07572367662322685,0.008434244416253412
#51,0.4922692499903894,0.4820974128320455,0.2870564717641179,0.3245146657440511,-0.20784992119324952,0.1652942759389536,0.523369084688425,0.41570753084995965,0.16868488832506823,1.0,0.4549571368162073,0.15500711182870103,0.1360704263252989,0.11103678929765887,0.02907776880790374,0.0685964709952716,0.3113520162995425,0.21510783070003459,0.3778341598431553,0.1360012301541537,0.15332333833083459,0.01586898858263176,0.021166339906969592,0.1383077691923269,0.05237381309345327,0.1851689539845462,0.1693768500365202,0.10667743051551147,0.16165763272210049,0.13121900588167454,-0.10872256179602506,-0.0667204859108907,-0.008995502248875561,0.08722561796025065,0.08952446853496329,0.03948794833352554,0.21948256640910313,-0.16153461730673124,-0.05967016491754123,-0.1002344981355476,0.009779725521854457,0.058793680083035406,0.2000307538538423,0.10455541460039211,-0.10244108714873333,-0.23196094260562028,0.15316956906162305,-0.11237458193979934,0.10756949903817788,-0.09807403990312535,-0.02182754776457925,-0.05001345481105601,0.142290393264906,0.02395725214315919,0.1984699957713451,-0.075739053550148,-0.10704647676161919,-0.16660900319071234,-0.3238842117402837,-0.2918310075731365,0.03745050551647253,-0.10434013762349595,-0.013047322492599853,-0.011855610656210356,0.22720178372352284,0.24088724868335062,-0.02638680659670165,0.0859493330257948,0.18405412678276248,0.00100718871333564,0.06452158536116558,0.22920078422327297,-0.11818706031599585,-0.009964248644908314,-0.2415023257601968,-0.1575750586245339,-0.25292738246261487,-0.19907738438473072,-0.10334063737362088,0.031107523161496176,0.1627109522161996,0.1213008880175297,0.09602890862261178,0.14036058893630107,-0.042709414523507475,-0.12315380771152885,-0.08745627186406797,0.005504939837773421,-0.07497020720409026,0.1270826125398839,-0.08025987006496751,-0.005812478376196517,-0.2384500057663476,-0.17691154422788605,-0.06895782877791873,0.19997693460961827,0.3041479260369815,0.012532195440741169,0.052143159189635954,-0.1232383808095952,-0.03224541575366163,-0.02064352439165033,-0.18061738361588436,-0.09489101603044632,-0.2536270326375274,-0.19222696344135626,-0.06146926536731634,-0.0892169299965402,-0.22042824741475417,-0.12389958866720487,-0.06762003613577826
#52,0.32189289970399415,0.4333371775650636,0.1107523161496175,0.08664129473724676,0.15439972321531542,0.2454618844423942,0.4445392688271249,0.6005689462960827,0.194487371698766,0.4549571368162073,1.0,0.2748164379348787,0.5216161150194134,0.5007957559681697,0.11285126667435513,0.0916618613770038,0.11907892207742282,0.05888594164456233,0.18090185676392573,0.08016760850344058,0.11401222465690232,-0.0055895129358397725,-0.1329412216968439,0.06402183523622804,-0.1182716334140622,0.021327797639641717,-0.4228654903317572,-0.3029254603467497,0.31462730173374853,0.2808749471418137,-0.273355629877369,0.024503133048860187,0.04447776111944028,-0.06563641256294929,0.24483911890208743,0.07551608810979125,0.21736055049398378,0.10244108714873333,-0.1597508937838773,0.17469726675123975,0.09112366893476338,0.04923692000153769,0.22611002191212087,0.010979125821704532,-0.12835120901087918,-0.21919809326106177,-0.16382577941798332,-0.20577403605889363,-0.2923390080715201,-0.29485257371314344,-0.12972744397032254,-0.21655326183062315,-0.28402721716065044,-0.20728866336062737,-0.14089109291508092,-0.09715142428785607,-0.28076730865336563,0.06693576288778688,-0.4133010417867989,-0.5443739668627224,-0.18202437242917002,-0.08240495137046862,0.14342059739361088,0.1909506785069004,-0.18552262330373276,-0.167270211048322,0.14494291315880523,0.21173259524084112,0.4721331641871372,0.4421250913005036,0.25060546649752047,0.339653250297928,0.3245377311344328,0.16829277668857878,0.2955137815707531,0.1945873217237535,0.261730673124976,0.03432130088801753,-0.017306731249759736,0.11360473609349171,0.06477530465536463,0.2322223503632799,0.2631530388651828,0.3526775074001461,0.2831584207896052,-0.2516434090646984,-0.15841310114173682,0.1285818629146965,0.17794179833160342,0.3107523161496175,0.042086648983200706,0.1607734594241341,-0.07753815399992312,-0.23237611963249144,-0.42607926805827856,0.11365086687425519,0.2544727636181909,0.13540921846768922,0.0889401453119594,-0.14292084726867335,-0.15310037289047784,-0.043070772306154616,-0.10746165378849037,-0.01353169569061623,-0.12006304540037674,-0.009141583054626532,-0.033583208395802096,0.04199438742167378,-0.04244800676584785,-0.2842886249183101,-0.5086303002344982
#53,0.16653211855610656,0.08551109060854188,-0.009318417714219812,0.025510321762195826,0.5896820820359051,0.368361972859724,0.2432476069657479,0.22961596125014416,0.1867297120670434,0.15500711182870103,0.2748164379348787,1.0,0.6270326375273901,0.269280744243263,-0.42070503209933496,-0.41473878445392687,0.014907930650059586,0.15942797831853303,-0.24570791527313265,-0.047099527159497175,-0.2136777764963672,-0.4263329873524776,-0.12539883904201746,0.05014415868988582,-0.20032291546534425,-0.267151039864683,-0.1852689040095337,-0.036581709145427285,-0.01430054203667397,0.2879560219890055,0.09595971245146658,0.2262637911813324,0.22046668973205705,0.15739053550148002,0.26436781609195403,0.23347556990735402,0.2608311229000884,0.06712028601084073,-0.07114135240072271,0.19853919194249028,0.32927382462614846,0.033506323761196326,0.2684734555799024,-0.0067889132356898476,0.03535924345519548,-0.12901241686848883,0.1579133510167993,-0.043147656940760386,-0.04562342986866896,-0.4023757352093184,-0.09064698420020759,-0.4268096720870334,-0.24122554107561603,-0.43485180486679736,-0.1835313112674432,-0.13706992657517394,-0.18093261061776805,0.058055587590819975,-0.03187636950755392,-0.1054780302156614,-0.03016953061930573,-0.03479798562257333,0.24909083919578673,0.028270480144543114,-0.11079844693038096,-0.13692384576942299,0.18293161111751816,0.17988697958712951,-0.02680198362357283,0.18014069888132855,-0.1597508937838773,0.04728405028255103,0.12298466151539615,0.39494099104294006,0.3144350901472341,0.28367354784146387,0.3206858109406835,0.18436935378464614,-0.0721639180409795,-0.0910160304463153,0.37091454272863567,0.44967516241879063,0.19625571829469882,0.2783070003459809,0.6488217429746665,-0.030507823011571136,0.016414869488332758,0.45500326759697074,0.299880828816361,0.5160266020835736,0.457363625879368,0.4531811017568139,0.320439780109945,-0.0007688463460577404,-0.10427094145235075,-0.17790335601430055,0.01217083765809403,0.30801522315765195,0.025279667858378502,0.18532272325375773,0.07128743320647368,0.03236843116903087,0.19447199477184485,-0.08232806673586283,0.13377157575058624,0.12517587360166071,0.01669934263637412,-0.016714719563295274,0.19523315265444202,-0.11608042132779764,-0.17445892438396188
#54,0.02798600699650175,0.18952831276669357,0.022988505747126436,-0.00997962557182947,0.3889439895436897,0.38022527197939493,0.299481028716411,0.3342328835582209,0.03270672356129627,0.1360704263252989,0.5216161150194134,0.6270326375273901,1.0,0.5314496597854919,0.03114596547879906,-0.11821012570637758,0.10284088724868336,0.16615538384653827,0.004074885634106024,0.04621535386153077,0.0022604082574097565,-0.2769076999961558,-0.20069965017491254,-0.006143082305001346,-0.2348441164033368,-0.2437627340176066,-0.3759889286126168,-0.3158267020335986,0.36670895321569985,0.4373966862722485,-0.03449813554761081,0.3567754584246338,0.09778187829162342,0.05092838196286472,0.23748894783377542,0.2045515703686618,0.271318187060316,0.1932264636912313,-0.088601852919694,0.24870641602275786,0.236058893630108,0.10524737631184408,0.31642640218352364,0.05414215968938608,-0.0002229654403567447,-0.13474801061007957,-0.1704916772383039,-0.17086841194787222,-0.1749090356921612,-0.3743820397493561,-0.19717833390996808,-0.3833698535347711,-0.3410679275746742,-0.3405835543766578,-0.2397801099450275,-0.17585822473378696,-0.27976011994002997,-0.00601237842617153,-0.13843847307115673,-0.22934686502902396,-0.2262945450351747,-0.12662130473224925,0.28765617191404297,0.15363087686925767,-0.1492023219159651,-0.2567485488025218,0.22056663975704455,0.20821896743935725,0.3155576058124784,0.4576788528812517,0.23532848960135316,0.20199131203628956,0.419267289432207,0.20442086648983201,0.32304616922308077,0.06943451351247454,0.2840810364048745,0.07551608810979125,0.02525660246799677,0.21802175835159343,0.43362933917656554,0.4100949525237381,0.3639564832968131,0.3345711759504863,0.47054934071425825,-0.27140276015838233,-0.19562526429093147,0.3120977972552185,0.33043478260869563,0.41372390727713065,0.18678353131126743,0.2574943297581978,0.20704263252988891,-0.253834621150963,-0.2717333640871872,-0.012632145465728674,-0.07617729596740092,0.2445700226809672,0.01217083765809403,0.052988890170299466,-0.04992888171298966,0.1137431284357821,0.09399146580555875,0.00139161188636451,0.0042978510744627685,0.02780917233690847,-0.054618844423941874,0.0041210164148694885,0.003913427901433899,-0.3496021220159151,-0.46446007765348096
#58,-0.15536846961134818,0.26612847422442626,-0.389866605158959,-0.2826125398839042,0.3382385730211817,0.009987314035290048,0.32917387460116093,0.3133740821896744,0.27562372659823936,0.11103678929765887,0.5007957559681697,0.269280744243263,0.5314496597854919,1.0,0.2342597931803329,-0.10780763464421636,-0.25593357167570063,-0.12260792680582785,0.13866912697497405,0.03262215046322992,0.21034867181793718,-0.3397916426402183,-0.23405220466689733,-0.29981932110867643,-0.211771037558144,-0.4032522200438242,-0.4299081228616461,-0.46768923230692344,0.36799292661361627,0.41771421981317036,-0.14164456233421752,0.3765271210548572,0.08438857494329759,0.03505170491677238,0.20237573520931842,0.22419559451043708,0.21064083342943912,0.2606312228501134,-0.2610310229500634,0.1895898204743782,0.16272632914312074,0.20788067504709185,0.21837542767078,0.1233075769807404,0.0033598585322723255,0.01137123745819398,-0.3362703263752739,-0.35925883212240034,-0.24010348691753675,-0.47854534271325877,-0.3698919770883789,-0.5691000653519395,-0.44639218852112406,-0.5987160266020836,-0.3982777841848307,-0.37085303502095107,-0.17318263944950602,0.23792719025102832,-0.25973167262522584,-0.25191250528581866,-0.3411371237458194,-0.12660592780532812,0.3222465690231807,0.16075808249721293,-0.205912428401184,-0.2125860146849652,0.4615461500019221,0.41943643562833965,0.5970783838849806,0.6385653327182562,0.3192480682735555,0.48650290239495636,0.29624418559950794,0.15012493753123438,0.3748125937031484,0.08446545957790336,0.2363049244608465,0.06550570868411948,0.14086802752469918,0.09719755506861953,0.01957482797063007,-0.015453811555760581,0.23472110098796756,0.35988928612616766,0.4114865644101026,-0.21807557759581747,-0.10419405681774498,0.06115403836543267,0.20359051243608964,0.3698612232345366,-0.021281666858878254,0.16735478414638835,-0.11392765155883597,-0.3108368892476838,-0.41877522777073,0.0454234421250913,-0.07710760004613078,0.17350555491485026,-0.14796447929881212,-0.33928420405182025,-0.3973090377887979,-0.010210279475646792,-0.08912466843501327,-0.09318417714219814,-0.13759274209049321,-0.06299158113251067,-0.23377541998231655,-0.06046976511744128,0.05433437127590051,-0.3146888094414331,-0.45441894437396685
#101,-0.1410679275746742,0.16824664590781532,-0.08551877907200246,-0.015584515434590397,-0.2048667973705455,-0.11573444047207165,0.22847038019451812,0.09950409410679276,-0.1407603890362511,0.02907776880790374,0.11285126667435513,-0.42070503209933496,0.03114596547879906,0.2342597931803329,1.0,0.4037904124860647,3.0753853842309616e-05,-0.10222581017183716,0.41460039211163646,0.3235766732018606,0.6515895898204743,0.33621650713104984,0.04084111790258717,-0.0032060892630607772,0.07839157344404721,0.08840195286971898,-0.1965632568331219,-0.39955406911928654,0.36048129781263216,0.09978087879137354,-0.19849306116172682,0.059039710913773885,-0.3600814977126821,-0.2554491984776842,-0.06625917810325606,0.10747703071541152,-0.07058778303156114,0.07987544689193865,0.08455003267596971,-0.04326298389266905,-0.21346249951947102,0.12253873063468265,-0.0534194441240918,0.24005689462960828,0.22030523199938493,0.2011532695190866,-0.39696305693307193,-0.32645984699957714,-0.07578148576011723,-0.06688194364356283,-0.21280898012532196,0.11545765578749087,-0.10794602698650675,0.01581516933840772,0.0162303463652789,-0.1392303848075962,-0.0004305539537923346,-0.08926306077730366,-0.2246645907815323,0.06801214777226772,-0.29236151155191636,-0.31964017991004495,0.06475992772844347,0.10983738899780879,-0.10293314881021028,-0.024603083073847693,0.025133587052627533,0.047460884942144316,0.4999038942067428,0.2999500249875062,0.39390304847576213,0.14581939799331103,0.1907046476761619,-0.32945065928574174,0.06690500903394457,-0.3079152731326644,-0.31621881367008803,-0.44715334640372123,0.19842386499058162,0.33602429554453545,-0.04741475416138085,-0.23152270018836735,-0.11197478183984931,-0.009556760081497712,-0.26549033175719833,-0.3143658939760889,-0.27240226040825744,-0.38427709222311923,-0.08967823780417483,-0.28252027832237725,-0.31259754738015605,-0.27359397224464693,-0.10927613116518664,-0.27960635067081846,-0.20615077076846192,0.15632952754392035,-0.1122823203782724,-0.42920847268673357,-0.0563795025564141,-0.3230384807596202,-0.2878483835005574,-0.1318187060315996,-0.1425287356321839,-0.01148656441010264,-0.3138507669242302,-0.22598700649675163,-0.2295313881520778,-0.25285818629146967,-0.39726290700803446,-0.36241879060469767,-0.215992003998001
#102,-0.1323953407911429,-0.10042670972206205,0.06160765770960674,0.11343558989735901,-0.3798562257332872,-0.26711259754738015,-0.08008303540537423,-0.004736093491715681,-0.3772959674009149,0.0685964709952716,0.0916618613770038,-0.41473878445392687,-0.11821012570637758,-0.10780763464421636,0.4037904124860647,1.0,-0.026156152692884328,0.008741782954676508,0.2849421443124592,0.4872102410333295,0.09514473532464537,0.6579479491023719,-0.07889132356898473,0.3122746319148118,0.022550263329873525,0.42164302464152537,-0.13039634029139277,-0.06346057740360589,-0.02585630261792181,-0.19896205743282205,-0.0471917887210241,-0.2713950716949218,-0.13653942259639412,-0.16756237265982393,-0.10078806750470919,-0.08155922038980509,-0.20578172452235421,-0.0554261330873025,0.0072348441164033364,-0.2007842232729789,-0.26225348864029524,-0.09420674278245493,-0.05321185561065621,0.16363356783146887,0.07115672932764387,0.23176104255564525,-0.21646868873255679,0.01874447391688771,-0.11666496879460446,0.19929266136162688,0.010141083304501596,0.42117402837043016,0.27341713758505365,0.49868911697997154,0.003813477876446392,0.163795025564141,-0.2933533233383308,-0.12703648175912044,-0.1857455887440895,-0.054649598277784185,-0.05297351324337831,-0.10350978356975359,-0.17901818321608426,0.040641217852612155,0.008464998270095721,0.40866489832007075,-0.16860800369046247,-0.0161611501941337,0.24739168877099912,0.12866643601276284,0.2767077999461808,0.05255833621650713,0.15707530849959636,-0.1783954176757775,-0.18453081151731826,-0.21955945104370891,-0.19276515588359666,-0.3153346403721216,-0.0579787029562142,0.32333064237112213,-0.003736593241840618,-0.14428939376465613,0.12241571521931342,-0.1245684849882751,-0.4048667973705455,-0.10837658094029907,-0.2749778956675508,-0.13892284626917312,-0.2509514473532464,-0.21736823895744437,-0.10983738899780879,-0.5240379810094953,-0.31672625225848616,-0.11664167916041979,-0.2030292546034675,0.05060546649752047,0.23084611540383654,-0.26688963210702343,0.18666051589589822,-0.08665667166416792,0.1444047207165648,-0.14214431245915504,-0.2069119286510591,0.07773805404989813,-0.10528581862914696,0.05605658709106985,0.08321224003382924,-0.1145965478799062,-0.40807288663360625,-0.06033906123861146,-0.07507784569253835
#201,0.4749471418137085,0.285472648291239,0.7066159228078268,0.4120478222427248,-0.3025333487102603,0.2790989120824203,0.26868873255679854,0.1849921193249529,-0.10859185791719525,0.3113520162995425,0.11907892207742282,0.014907930650059586,0.10284088724868336,-0.25593357167570063,3.0753853842309616e-05,-0.026156152692884328,1.0,0.6731172875100911,0.15799792411486566,-0.2826125398839042,-0.058732172375350784,0.025917810325606427,0.4094568100565102,0.20128397339791643,0.43689693614731095,0.4085111290508592,0.14139853150347903,0.2646830430938377,0.3469880444393188,0.03206858109406835,0.3580133010417868,-0.06032368431169031,0.25769422980817286,0.34825664091031405,-0.04302464152539115,-0.14344366278399262,0.3418367739207319,-0.1052396878483835,0.29807403990312537,-0.16693960711951716,-0.15555299273440204,-0.2891016030446315,-0.09522930842271173,-0.22305770191827162,0.17046092338446162,-0.3268135163187637,0.15004036443316804,0.09922730942221197,-0.05987018004504975,-0.012808980125321955,0.2469534463537462,0.2749778956675508,0.3236151155191635,0.32928151308960907,0.39763964171760274,0.0703648175912044,-0.13968400415177026,-0.6798754468919387,0.08831737977165263,-0.04656133471725676,-0.0046207665398070195,-0.10286395263906509,-0.29667473955330026,0.15778264713796947,0.2706723561296275,0.09455272363818092,-0.37876446392188523,0.04595394610387114,-0.09230000384423173,-0.2705416522507977,0.060446699727059544,-0.039610963748894785,-0.19358013301041788,-0.10886095413831545,-0.3636873870756929,-0.15333102679429517,-0.14238265482643295,-0.11938646061584593,0.10814592703648176,0.02591012186214585,0.10004997501249376,0.12602160458232423,0.2768231268980894,0.15429208472686734,-0.22070503209933495,-0.18155537615807482,0.037265982393418676,0.14465075154730328,-0.10447084150232576,0.032360742705570295,-0.0479068158228578,0.16222657901818321,-0.03656633221850613,0.08950140314458156,0.18181678391573444,0.37867220236035826,0.36353361780648136,0.2986045438819052,0.3960173759274209,0.37399761657632724,0.3905431899434898,0.2736016607081075,0.24357052243109215,0.1488255872063968,0.20345980855725984,0.16942298081728366,0.4115557605812478,-0.04989812785914735,-0.1189866605158959,0.013400991811786415,0.14337446661284742
