,#10,#11,#12,#13,#17,#18,#26,#49,#50,#51,#52,#53,#54,#58,#101,#102,#201,#202,#301,#302,#401,#402,#501,#502,#601,#602,#701,#702,#801,#802,#901,#902,#1001,#1002,#1101,#1102,#1201,#1202,#1301,#1302,#1401,#1402,#1501,#1502,#1601,#1602,#1701,#1702,#1801,#1802,#1901,#1902,#2001,#2002,#2101,#2102,#2201,#2202,#2301,#2302,#2401,#2402,#2501,#2502,#2601,#2602,#2701,#2702,#2801,#2802,#2901,#2902,#3001,#3002,#3101,#3102,#3201,#3202,#3301,#3302,#3401,#3402,#3455,#3501,#3502,#3601,#3602,#3701,#3702,#3801,#3802,#3901,#3902,#4001,#4002,#4101,#4102,#4201,#4202,#4301,#4302,#4401,#4402,#4501,#4502,#4601,#4602,#4701,#4702,#4801,#4802
#10,1.0,0.4200257268053878,0.4146106044411129,0.4560409407867035,0.06694614491224661,0.09958217076861145,0.15973986312969363,0.3913805947704253,0.18375093120855832,0.523402138656376,0.29654770332736435,0.10429674666962803,0.04199068097373182,-0.006850456002998376,-0.10210858007468177,0.07064044013196556,0.40916957018651934,0.4413822142635702,-0.11623657555860946,-0.046624282217502554,-0.0906666296496805,-0.07168108015565643,0.25212315551298603,0.20559465474719713,0.23685827584132668,0.24108746651119534,0.19807187773289467,0.19457238440289287,-0.013180823350314876,-0.055684189582494666,0.35930398811754743,0.258043559738475,0.10448136888814855,0.2509483289144306,-0.07209150598981108,0.12884687460958646,0.08646288815780341,-0.07927696571764369,0.12492816391121477,0.09206031917896325,-0.3539383759722743,-0.18821934415154754,-0.28318688488180016,-0.3305889865211899,-0.2116265726435218,-0.17059463161158075,0.029821809482826433,0.10777217895861964,0.08681640037572241,0.2567030821268109,0.2021673445402259,0.2191803513837412,0.27080470300809284,0.15785060869806633,0.020173332037738818,0.1510839036262765,-0.13124696345035328,0.08683028174553599,-0.1227908956722516,0.1188772748094782,0.12794551099635845,0.07238347746822323,0.09592119083644507,0.18339094101805967,0.0708111809806725,0.19899822781178714,0.05519926706367384,-0.02271084643966,0.06342027697959901,0.1563949157169496,0.08311747803273227,0.15103716968123748,-0.07833580884428341,0.17447354904982024,-0.10611196712891628,0.14584923906957806,-0.10428147716283309,-0.053567280685924756,0.016221306051814526,0.005129628858442418,-0.04969252765862935,-0.1953719513041547,,-0.11652715890004026,0.04860561640222657,-0.131327475395272,0.03465298889027703,-0.17603011331824892,-0.11090196513925328,-0.131218737998399,-0.38884678206712103,-0.10558863948694457,-0.2361299666384412,-0.08750954344174683,-0.3923388719998889,0.10492742357149137,0.2234497980260692,0.08540050065473795,0.4005219395049904,0.02502718434921825,0.26406714881291155,0.2807326586987604,0.2654330756025671,0.12339936238241322,0.13053855087753394,0.13223254070711699,0.11274402291351444,0.26405373015542505,0.125752717278141,-0.067444948800881,0.05278113244214939
#11,0.4200257268053878,1.0,0.5342185020151122,0.4305940763567882,-0.16442852714039155,-0.2149201589879556,0.23361790141451158,0.342838369957014,0.5118158219853135,0.5031899387831591,0.2508747576544187,-0.06456271371525608,-0.17065894862505032,0.23330325703207058,0.23900526103915934,-0.04853944853944854,0.41799071799071796,0.4495222495222495,-0.04051509136254899,-0.10651591499049126,-0.20546879699422071,-0.10075005668226007,0.25231749469037607,0.3968424510797392,0.30762781271255846,0.2768722497536057,0.1612668138091867,0.0618748178070212,-0.20920473632338038,-0.18869362428684464,0.35683634327702124,-0.044410203732237634,0.29643665236885575,0.15963575285609183,-0.1257962122368902,-0.047814841035180015,0.08762244524956389,-0.18853676480795126,0.11443431104448054,0.05501973468075163,-0.14809339385610573,-0.13667596718444175,-0.21226141395632922,-0.2293197666079022,-0.29756520773469924,-0.31603251942234994,-0.09047645488323454,-0.00422687710823304,0.019744860422826523,0.006064770471550133,-0.0012331283517724196,0.08333217655251554,0.15304163948231744,0.1183761573592082,0.0636474687322145,0.1100403947861575,-0.04593437813776797,-0.032166835556666065,-0.18343860038775292,-0.04686396720295025,0.1439595219256236,0.04603663756206129,-0.04460222934799206,-0.055396382515026585,0.20440409592951966,0.16908711484982672,0.16432441686678975,-0.006027290773053485,0.170036137832748,0.17882859747266527,0.3965685253820847,0.31797035864832474,0.05759843047978641,0.3066047557572981,-0.06016231948435338,0.08535700569598875,0.024395119310373546,0.10198503588334097,-0.0319715709546218,-0.04180096891961299,0.09419573656861792,-0.267907198415673,,-0.22600952261969212,-0.1265638519875808,-0.272576891220959,-0.29319396438040507,-0.1455258031529218,-0.06537246028771453,0.02162624874489281,-0.16242868446258277,-0.35015986710901964,-0.35872004516072314,-0.3046951419832776,-0.33337497744277406,0.3758806572365894,0.3568567026194145,0.4159769939430956,0.5078943350129791,0.24354909609146896,0.39682440529898155,0.20305482678364034,0.08585858585858586,0.27930056404632675,0.3510968595714358,0.23184201150302844,0.390835519649079,0.15327669734449395,0.08818602886399497,-0.02083038354224795,-0.10963320793829269
#12,0.4146106044411129,0.5342185020151122,1.0,0.7450450450450451,0.01885645275475784,-0.08347469194926822,0.347721373145102,0.1793741353063387,0.08221148729623307,0.6015866405696915,0.522559539508692,0.2271260474650305,-0.0024495990597685514,0.23673658249929436,0.08744152472966032,-0.20773377383546876,0.6213620400061078,0.8017004678021628,-0.34447590888268853,-0.3508118287779305,-0.25847480762735,-0.3100505744573541,0.06958962043707806,0.28290786934854734,0.17967304746965765,0.3763817746868594,0.2474557762693356,-0.02030289148933217,-0.10707116978303419,-0.07034708051657204,0.6127676212421975,0.18403920098835352,0.4288186491576322,0.3955820227006668,-0.09771096211774177,0.07837236311812583,0.16349801265055502,-0.15592803897888644,0.1280482331329789,0.113631967869256,-0.21610146355909068,-0.19311622870944906,-0.3074038599462328,-0.31389016134778847,-0.313321025185432,-0.31745443440358695,0.09561765154985494,-0.0979150182540013,0.21319886913107253,0.1527089493191188,0.2229819958633518,0.24809617013006843,0.3497193649736023,0.3143010498942702,0.05690158571514504,0.06773275586834909,0.023603418518672755,-0.13990014667980769,-0.11725685623990709,0.14488263301822624,0.24419689334943573,0.18643281185654068,-0.06575003354664372,0.15727730812476576,0.103581856124229,0.15248407112813891,-0.021439775677063812,-0.019269192150548082,-0.1376041681126427,0.17972949837356617,0.20269853829175863,0.3318475640509539,-0.09164572893386452,0.3147892113993809,-0.1378008208516683,0.20283920283920284,-0.10006477972579668,0.08419976216586386,0.10749408885002106,0.09915277372904492,0.14036979969183358,-0.2855976161060907,,-0.20197948333541554,-0.04265467316314774,-0.1868862699371174,-0.2030219742084149,-0.2393041732024783,-0.1395346039413836,-0.13853236904084362,-0.31073955311243445,-0.25820273277900396,-0.3262339380983449,-0.24256351883470528,-0.4582619599568752,0.2460296968771545,0.45541766728207406,0.3786666481581736,0.6178694873610128,0.24943618502940537,0.4967503713266425,0.39115803014108097,0.4268974675754337,0.3741316046400792,0.43050014575438306,0.4156540207387665,0.3645437425098442,0.2373381085245492,-0.011907901738410213,-0.1202191405581236,-0.128883891595756
#13,0.4560409407867035,0.4305940763567882,0.7450450450450451,1.0,-0.06689894825488046,0.10238759560793459,0.33364288788017604,0.17682551580856665,0.17233951979714693,0.6276891683671345,0.4839896907693518,0.31823225382547415,0.18094411823225381,0.3271477949444051,0.05775991708195098,-0.1656454605607148,0.5346701092463805,0.5315463383259993,-0.3332338501830027,-0.3056793311030599,-0.23672455197878928,-0.23323940273092816,-0.03139132969641444,0.19827454573217285,0.10783603325976207,0.2797503204282865,0.2437721234331404,0.07944076588144384,0.02391065950387984,0.08508678169695119,0.4915962187148628,0.29605445198665536,0.3456322269881592,0.39162536959147126,0.04003896037794343,0.11754558873202942,0.11192594751916786,-0.051870977294706105,0.08512888851871903,0.03987701106345174,-0.2542201677794898,-0.05427199156012715,-0.20398349042416838,-0.168338446304548,-0.351579005816294,-0.2717217988404429,0.17374847883322458,0.11157197258892174,0.16909544367171486,0.16477648681038512,0.26521097368554997,0.2720410703461551,0.30111791298231977,0.22593826492131577,0.09015486981588676,0.010539198674791896,-0.055893798266679624,-0.04295913787439211,-0.07974754415432382,0.016461453749589343,0.057427689631079464,0.06550618415025194,-0.000944395859650097,0.14832891443060933,-0.0834501681959309,0.0026536551960280774,0.05328039904311091,0.00453272995645877,-0.0030150335235080996,0.21513300665843038,0.1407233119097526,0.23675185200608928,-0.07929362336141997,0.2137337645812222,-0.12986345359226714,0.04919511190697631,-0.19128944044198282,-0.14102731390866985,0.10594677882813476,0.1882452560418662,-0.10718083260456142,-0.20964061133552658,,0.003913620862773405,-0.08919057732617054,-0.08364913449659213,-0.17164452588181403,-0.2397840058857008,-0.08450885400037943,-0.24558873202941,-0.2250674403216776,-0.1355335304487847,-0.33910937131276114,-0.16129689011044943,-0.394533979279742,0.05267100690829504,0.3798854324278053,0.28457455915083035,0.5151630829596932,0.24239971867090512,0.43889374736832365,0.4929478014223777,0.4251595200747743,0.34059097618419654,0.2993711739474451,0.30274527223679765,0.30261617549753145,0.08066972982227219,-0.041196203908068316,-0.11590666166937354,-0.06557836727328253
#17,0.06694614491224661,-0.16442852714039155,0.01885645275475784,-0.06689894825488046,1.0,0.24281662247763944,0.2085125186820102,0.175746933374052,-0.0870121276900938,-0.10853611701069328,-0.003844214013705539,0.16554782825969266,0.18112411332750317,-0.10096059079109927,-0.18866215984860052,-0.10651961668910821,0.015676693642795336,-0.0605912538115928,0.016532248735638567,0.06385059944381978,0.10852501191484243,-0.08525752254565813,-0.24029345215785894,-0.14458788526585137,-0.13804467024806008,-0.08723284147012961,-0.14694725542183168,-0.17395253496948412,0.44815678544492105,0.19366315468010384,0.1600179532382922,0.2333666486208859,-0.135422016777949,0.2131789725010064,0.11215637825807317,0.219020252918558,0.23527903866886918,0.40568025652771417,0.028412850446748752,0.09699051902441733,0.08592845541998084,0.20795957745110288,0.1639986673884979,0.1946602997450455,0.054373788272093354,0.11304154693985202,-0.1763419814267272,-0.16344480073293632,-0.007374246357297205,-0.027012220232559215,-0.0881480864531712,-0.040791793334166215,-0.13716181512791684,-0.11778804999143982,-0.2100959202654118,-0.09812601507516762,-0.18724672283994317,-0.172137777222523,0.1363044091857651,0.3046599758464165,0.040657144046974555,0.2178093347584873,0.18592382829670964,0.15216665047173522,-0.048675485963621555,-0.1287552575688169,0.2637538925674519,0.26728114863708086,-0.28771313686567923,-0.16268317624249828,-0.3756678095661147,-0.19403887708972456,-0.08128189823105077,-0.04421678997950185,-0.046288815780341205,-0.0005163869570649232,-0.15596736952669157,-0.17052429933785865,0.2853130480249124,0.3006533498058922,0.17486963080183418,0.19087207392292138,,0.0990630075375838,0.5503912232725792,0.12738886806683417,0.26465803245464264,0.22946228200465488,0.1334920436615352,0.3326378767056733,0.22940259211445652,0.047354904982023625,0.3179065043471823,0.003037706427536936,0.06496388530286835,-0.1707649097479606,-0.0924610280542484,-0.20541188337798508,-0.23234590522726115,-0.1530092496194191,-0.3208114123368361,0.06666666666666667,0.32118713474645677,-0.1853824548739803,-0.18190841072197003,-0.12308518071229936,-0.2979872013770319,0.15961354266439012,0.14224609817830156,-0.21003623037521343,-0.08631435750079818
#18,0.09958217076861145,-0.2149201589879556,-0.08347469194926822,0.10238759560793459,0.24281662247763944,1.0,0.12122924156822462,0.09441228593770967,-0.18908091450464332,-0.12684934549341328,0.25726250133029793,0.3161986331477857,0.4971955005853311,-0.3519107705548383,-0.31912297505517845,-0.18278201159557092,-0.031057251396234446,0.016952854240989836,-0.06764669137550494,-0.025861917387341116,-0.03426153426153426,0.006809737318211894,-0.37009073788734803,-0.0766718953159631,-0.1449733246343416,0.0934951901053596,-0.09521185283897149,-0.07412327581819107,0.3747729239254663,0.30526659170726966,0.1516146346654821,0.2667814193237922,-0.5570903723446097,-0.03521842335401657,0.20267308911376708,0.03897981186116779,0.08105285562912681,0.33380437448234057,0.05185431965092982,-0.03856707246537755,-0.15675259234581268,0.09726444472207184,0.1096142367328808,0.307392754850382,0.20419124825904486,0.21110046872758736,0.01372219677304423,0.05385971487666403,-0.0030571403452759383,0.17495338173304276,0.14669368906657043,0.02532702193719143,0.00520088655681876,-0.10313580144088619,-0.05671094823637197,-0.18196995146147688,-0.09020576817186987,-0.04047205911612691,0.23735337803134413,0.099518316467469,-0.03259114276063429,0.11107594497425007,0.19675962557318488,-0.004642392777985998,-0.276819037835987,-0.3215341689917961,-0.09708352420216827,0.04800871750024292,-0.17889522804777042,0.0048783760648167425,-0.3179421331963705,0.12248966994729707,0.030737517178195145,0.012508039626683695,0.04672145180619757,-0.06103684578260849,-0.2734824192451311,-0.3467991874771536,-0.03455258031529218,0.3401856401856402,-0.034295774973741075,0.23895482539550336,,0.6224531156734546,0.15822725653234126,0.4772433450399552,0.3399288348440891,-0.1832266781419324,0.025174326869242123,-0.13341800968919612,0.07547069411476191,0.24459297510144967,0.2201538981199998,0.2609503185774372,0.09064025504703471,-0.45974310211598346,0.08163494773664265,-0.4551701161870653,-0.054318725505166185,-0.106584859127232,-0.20052286492964458,0.15351406876830606,0.2808978469995419,-0.3627100135574712,-0.43394133733116785,-0.3550697076120805,-0.5437327928853353,-0.05741936080919132,-0.0577191983971645,-0.12418180892757164,-0.00889934618748178
#26,0.15973986312969363,0.23361790141451158,0.347721373145102,0.33364288788017604,0.2085125186820102,0.12122924156822462,1.0,0.3027702587024621,0.2637390857729841,0.4682028715927021,0.5272037831359865,0.08883428883428883,0.332318142487634,0.389095258586784,-0.0019743934998172285,-0.0801371479337581,0.3826802148836047,0.15244566600498805,0.07421859455757761,-0.020906268363895482,0.003599439192659532,-0.03668151973236719,-0.24757191706344248,-0.15761462541123558,-0.1933161204347645,-0.12769287006575142,0.28687840382755636,0.21822762670220297,0.14703100635304026,-0.011190234919048478,0.22320039608175202,0.0486014519912825,0.08924055025749941,0.22470050944627215,-0.08273574036285901,-0.14908498637312195,0.41064747335933777,0.09801496411665903,0.23710999134727948,0.0524567711008389,-0.25846370253149914,-0.2735185108066464,-0.04400856943229824,-0.08544677188744985,-0.10655293197666078,-0.09560238204306001,0.0642846236066575,0.09120754036008273,0.23302933133441608,0.25304349033162593,0.11277872633804838,0.04940472059116127,0.22237815627646138,-0.020986317596487086,0.12882281356857628,-0.17668947838439364,0.1457122762207508,-0.2500548314107636,0.048521865471018014,0.28422567405618254,0.23851709953404868,0.10549146989824956,0.23884978969724732,0.39046025995178535,0.16590874387484558,0.061151598439734035,0.44997154319188215,0.6110981551659518,-0.19133524896236762,-0.04789072585682755,-0.039351369859844436,0.041124946209691975,-0.09943271468695197,0.11817950462018259,-0.010553080044605468,0.07777962862708625,-0.2167219607897574,-0.11747062933503612,0.43827417556231113,0.17389839762721118,0.10534108839193584,-0.23066116964422048,,-0.039178778161829006,0.054372400135112,0.10727892761791066,-0.10156119139169986,-0.09506517303127472,-0.32386762725745777,0.003912695438119167,-0.1722687248110977,-0.1979802606921251,-0.25797970543733256,-0.09645793713590324,-0.24522689098960285,-0.11647163342078597,-0.15734440141219802,-0.00039793260132243183,0.023323014848438576,-0.04190461648088767,-0.014891008111347094,0.2794930523744083,0.2818107784209479,0.14317059740788554,-0.004636840230060569,0.07988496971547819,0.03141353988811616,0.15594330848568136,0.1537060943840605,-0.010000138813698135,-0.14198374028882504
#49,0.3913805947704253,0.342838369957014,0.1793741353063387,0.17682551580856665,0.175746933374052,0.09441228593770967,0.3027702587024621,1.0,0.4674574420337132,0.32802694836593144,0.3186908017416492,0.09750505513217378,0.11377263241670021,0.005188856036313663,0.04149928048233133,-0.11809066385337572,0.24252927812249847,0.21797359763461457,0.04285549031311743,-0.05857243992837213,-0.15231286756710485,-0.07931999796406576,-0.17210214837333482,-0.0569950536052231,-0.07131785097886793,0.011046794097641555,-0.03485889587584503,-0.15924614907665754,0.08676735286904778,0.029286914032676744,0.09357709018725968,0.14443010036230375,-0.07810630353003234,0.006519153976781095,-0.14171305357746036,0.023671437230759266,0.16719138244561974,0.009905745498965838,0.1136342814308916,-0.06058061142806905,-0.20668758126385245,0.02391065950387984,-0.18289583882804222,-0.0963746489170218,-0.2192909396299227,-0.20017027813637983,-0.09416473484270095,-0.23200257268053878,0.04750251021437462,-0.01755067856762772,-0.05600808821147804,-0.08838453245232906,0.12165817589546403,-0.2808446350819232,-0.08857563264342926,-0.4175543802662447,-0.09622241656139961,-0.4085074288464119,0.08855157160241905,0.17048774506401626,0.3129790807756909,0.126549045193113,0.11463836718074007,0.02353401166960489,0.10606754674551284,0.0002128476704747891,0.23436934623375302,0.09474312525159982,0.01952507206744495,0.07119523221218137,-0.021163073705446588,0.04121748867511579,0.17898082982828745,0.05586325925308976,0.11605241605241605,-0.028156507817524767,0.0335794962913607,-0.04590060013788828,0.030524206795393236,0.03958272602340399,0.08923592313422822,-0.14400579315833553,,0.03202987270783881,0.18556337539388387,0.16982467829925457,0.0028447553871282683,-0.1445939005261039,0.04292397173753106,0.03688835214258943,-0.18231883655612469,-0.05770392889036957,-0.10762642457557711,0.099460014714252,-0.02713021187597459,-0.015212130466367754,0.10396637006806499,0.02995877233165369,0.182125885515716,0.05895140132428268,0.07389515864092135,0.08319058658041709,0.1415108482905093,0.155471804624347,0.01563875123197157,0.11897213083653761,-0.12363904736786092,0.32614787360550074,0.13116922777939727,-0.0004113512588088859,-0.054868427749783684
#50,0.18375093120855832,0.5118158219853135,0.08221148729623307,0.17233951979714693,-0.0870121276900938,-0.18908091450464332,0.2637390857729841,0.4674574420337132,1.0,0.44403077962399995,0.2107913768930718,-0.09273217747794019,0.023267952081511403,0.3581388784778615,0.36058570126366735,0.025713849442663,0.2574068675763591,0.008188620053026834,0.02046622894080521,-0.12332903010869113,-0.12720424584831364,0.10205536815706308,-0.06970020868325953,-0.0019600494176765363,0.03822373991865517,-0.08491418999893577,0.18670581212954093,0.1860122063511894,-0.16652044957129702,-0.19226206175358718,0.03152782983291458,-0.0073117801931361255,0.17643961372774933,0.018235955524091116,-0.09379410226867854,-0.1290675883896223,0.03327225530615361,-0.1498651193566448,-0.014677697728545186,-0.1401157706242452,-0.12707838809533725,-0.151396697159409,-0.05372969271274356,-0.13624749556952948,-0.38246597907614854,-0.3243261751736328,-0.00896643947491405,0.0356209830786102,0.006115668827533234,-0.09167441709814592,-0.09707149368166318,-0.029400278552820926,0.10058348024449719,-0.11644248254417745,0.10588107367768385,0.0032949744814151595,0.08374075153736171,-0.17036605172198394,-0.03333610960729605,0.0004076495601919331,0.07258475733052004,-0.07136458492390696,-0.11517974060346942,-0.05920034055627276,0.12995044350976553,0.0722178264551146,0.27805124076310517,0.1582374362035379,0.3028896384828588,0.08075301804115363,0.45254607457997287,0.16800945783996632,0.1507280778467219,0.1847115219996576,0.09426144171906883,0.06158608531489888,0.04533238940018601,-0.021304663677545032,-0.00032991388923592316,-0.09123669123669123,0.04388548795328456,-0.2984397340329544,,0.003569825603723909,0.04451801570445638,-0.035183257217155525,-0.1446906074024718,-0.09983573712387271,-0.20436939250498573,0.15669521601724992,-0.07113369147267452,-0.2340764493306866,-0.31174965412253547,-0.06701555176131448,-0.08968567951618799,0.22950207526478714,-0.030078152112050418,0.2852056987650208,0.012804638228367042,0.09594987900072646,0.0468894163809418,0.11775797369017708,-0.1037030867539342,0.1684212718111023,0.0851959818061513,0.15357792306944848,0.23419397826177488,0.20586950586950586,0.045494801427004815,0.08737767042851789,-0.036829587677045306
#51,0.523402138656376,0.5031899387831591,0.6015866405696915,0.6276891683671345,-0.10853611701069328,-0.12684934549341328,0.4682028715927021,0.32802694836593144,0.44403077962399995,1.0,0.5871777787032024,0.20200678336271558,0.13568807636604246,0.4553931435287368,0.1748312256786833,-0.16796226118260016,0.6899124085564764,0.44445878852658516,-0.27030127199618725,-0.348160487143538,-0.2240578020239037,-0.26349292281495673,0.11180517960178978,0.15469305977780554,0.11554111893094944,0.11648782835223513,0.4738363941753772,0.2709948777745388,-0.12115567030821268,-0.1025865619085958,0.44978044300078196,0.1726074302345489,0.4404507743490794,0.25773493061628655,-0.17117626100676947,-0.02117649236293304,0.18028891757705318,-0.2545135273948833,0.0736494583952211,-0.07140576632102055,-0.379103448594974,-0.3754443195121161,-0.2646552561806799,-0.4150631370970354,-0.2840183789336332,-0.3428860293267073,0.2215679469916758,0.10456511981935711,0.24082140692310183,0.25012146198586876,0.3084926220519441,0.34052712188305406,0.4380280126042838,0.2947912473336202,0.11178343212241518,0.04185279270025033,-0.009473572185436593,-0.17353146675180572,-0.1474900169815424,0.11013571352554404,0.03921857142196125,-0.09461911834793191,-0.012017101847610323,0.22377092038108987,0.035791723927317144,0.15466437161352414,0.13221264407705086,0.15545792325453342,-0.07207669919534326,0.04685517566873499,0.3033828898235678,0.2943817469241198,-0.09419712470559928,0.3200178606958268,-0.2607906828245811,0.10297801653733857,-0.2252756608688812,-0.049027610044559196,0.20541928677521898,0.0012992962145504518,-0.00039839531364955095,-0.41706436791182555,,-0.0745281491044203,-0.08735222125052633,-0.17472804082973575,-0.24779355626813254,-0.20449154855934518,-0.3351337469981538,-0.09494856952484071,-0.38985456951558645,-0.2632328784871158,-0.4595103578154426,-0.2583461736004109,-0.47136134593761714,0.17879620760976694,0.19221301424691256,0.4129138383375672,0.44582286446693226,0.2043536602858637,0.4189101273847037,0.4041116617387804,0.3368485588824572,0.4912334522504014,0.31978650453226726,0.45273486120943746,0.38357787679821576,0.11098386522115336,0.04936539004335615,-0.14639200062928875,-0.2191030784251123
#52,0.29654770332736435,0.2508747576544187,0.522559539508692,0.4839896907693518,-0.003844214013705539,0.25726250133029793,0.5272037831359865,0.3186908017416492,0.2107913768930718,0.5871777787032024,1.0,0.2326809089520954,0.311149516234262,0.19292235224438614,-0.04939361549531041,-0.13096332079382927,0.5435884266392741,0.4847624203556407,-0.2872661567576822,-0.31698061698061697,-0.2196236297931213,-0.2342698630834224,-0.11666921158446582,-0.050089534835297544,0.000702397312566804,0.16726495370563166,0.19454369623861148,0.030236862440252272,0.03429438683675972,0.043234914421355096,0.40446656209368076,0.22324666731446394,0.13511431308041477,0.20137471832387085,-0.1429323005594192,0.022993563671529774,0.26975665958716805,-0.03478116020488902,0.136086471679692,-0.07447910159774566,-0.31093713127611433,-0.2139368952928275,-0.18209488378979904,-0.1404206980478167,-0.0986803444430563,-0.16068425898934374,0.10887250887250888,0.000519625943354757,0.18034120407001764,0.2056376869936192,0.2543168746558577,0.2112536265078638,0.2503713266425131,0.20270362812735693,0.0022122276359564496,-0.10757922791821097,0.022630797207068395,-0.24725588454402014,0.07682690394554802,0.1954228496601378,0.17767783191512004,0.10453550623042149,0.1550410194477991,0.30115400454383506,-0.0561839188957833,-0.0320247828722405,0.057293040343887804,0.21179222365663045,-0.16708033148711116,0.14167464845430947,0.07161953941614958,0.2906074024718093,-0.12190804055210835,0.1911029673741538,-0.15954783751393922,0.07131461199257809,-0.2176325786495278,-0.07581217581217581,0.19922403142742126,0.1280898772424196,0.04742477454341861,-0.1667740159265583,,0.16658384116011235,-0.030447859261418582,0.23929214268197319,0.04088803749820699,-0.2958022737683755,-0.20268002979867386,-0.21140539615115886,-0.21559294271158677,-0.09275855208058598,-0.22485505536352993,0.01962224165613996,-0.25559257254172507,-0.067425514883142,0.2087299934757562,0.07982065270200864,0.31868941360466785,-0.02448673635114313,0.14643965999898204,0.2964158303141354,0.32415774788656143,0.25958809348639855,0.059018031899387834,0.22669803856244533,-0.010118593169440627,0.25862611455831797,-0.0723682079614283,-0.08046104656274147,-0.1763327271801848
#53,0.10429674666962803,-0.06456271371525608,0.2271260474650305,0.31823225382547415,0.16554782825969266,0.3161986331477857,0.08883428883428883,0.09750505513217378,-0.09273217747794019,0.20200678336271558,0.2326809089520954,1.0,0.3176001887866295,0.17253200812522845,-0.24361156225563005,-0.25615384259452056,0.09363122752953261,0.22886121869172715,-0.31771170245746516,-0.2868312071701902,-0.3124349310789989,-0.2139975106076801,-0.18267466233567928,0.03992096873452806,0.03766524613982241,0.1799094934688155,-0.11774686859432622,-0.25847110592873307,0.2657935285053929,0.41868571190605086,0.31566743939625297,0.41664746410509124,0.14350698926970112,0.2958342009189467,0.2775186588745911,0.40604996367708235,0.0450269992642874,0.06771563551224569,-0.03012210978312673,-0.020780410610919085,-0.0404160709245455,0.17066681473461134,0.14158858396146531,0.005787605787605787,0.04562112189230833,-0.1219482965245677,0.009778962321335202,-0.3013460301595895,-0.08658828319845269,-0.1595885561987257,0.056287103744730865,0.060784204852001464,-0.10617165701911464,-0.09102430627854356,-0.2181628469764063,-0.25798618340991225,-0.20484876247588113,-0.15257707630588987,0.1607925336738896,0.13342818936039275,0.06675828370743625,0.1273023408616629,-0.0024727346761245065,-0.03888958295737957,-0.27372997034013985,-0.0879639269469778,-0.0006875905180989927,-0.23572740691384758,-0.02120749408885002,0.16822785805836654,0.04685147397011804,0.20984605560876748,0.15110472568099687,0.15307495476987001,-0.07293549327447632,-0.08666509344475447,-0.009959882841238773,-0.14589088317901877,-0.18753961974300956,0.16967661035457646,0.1544982578880884,0.2074468921926549,,0.4412952243460718,0.2289005492395323,0.2484802213615773,0.17393448918872648,-0.0857045026536552,0.026770684397803043,0.10484228450330145,-0.041626989084616206,0.4346765872189601,0.14629575646524798,0.1928001961900267,-0.0008574059421517048,-0.15369545200053675,0.2600781058408177,-0.01697043730942036,0.13953876835232767,0.028882040746447527,0.017952312867567106,0.25796721220450036,0.3352230504772878,0.14540827422183356,-0.05618438160811042,-0.003036318290555579,-0.14870972667582838,0.05367231638418079,0.019735606176284143,-0.13123308208053971,0.045158872277516346
#54,0.04199068097373182,-0.17065894862505032,-0.0024495990597685514,0.18094411823225381,0.18112411332750317,0.4971955005853311,0.332318142487634,0.11377263241670021,0.023267952081511403,0.13568807636604246,0.311149516234262,0.3176001887866295,1.0,0.18634443380206092,-0.16885529597394003,-0.1602858636756942,0.20669313381177787,-0.0431719855448669,0.026521745165812963,0.008623106928191675,-0.05494061087281426,0.05986895986895987,-0.2317341995308097,-0.2650416209738244,-0.23027064044013196,-0.09318332199688131,0.2272611594645493,0.16165549216396674,0.4818473326947903,0.2038358851918174,0.14966522763132933,0.22486986215799776,-0.23126038210783972,-0.17302572217826456,-0.032279274652156006,-0.11416177348380738,0.27148257656732233,0.19156706783825428,-0.11850062697520325,-0.3218682472919761,-0.034838536533451786,-0.22612196171518206,0.4106248004553089,0.3031205319340913,0.2941055076648297,0.2822290703646636,0.2410698834427648,0.2097326910886233,0.1893664080104758,0.30755933128814483,0.24005422988473835,0.29555009555009554,0.12788443296917873,0.07420656403707251,-0.14581823734366106,-0.2189448308092376,-0.1503815063137097,-0.12065177658397998,-0.1070762596186325,0.028521125131294622,-0.17412327581819106,-0.1875447095786079,0.23748617646922732,0.16584720313533874,-0.2316129689011045,-0.23912417810722897,0.27232054859173505,0.4238199678877645,-0.14670942128569248,-0.14831827204708561,-0.060840655755909995,0.07931768440243017,0.016844116844116845,0.13095869367055807,-0.0837504684962312,-0.0047414132159894875,-0.21861399149534744,-0.2652507669456822,0.3463522073691565,0.2837722159756058,-0.15581097276012532,0.14559012016639136,,0.5253561728138,0.15337803134413303,0.2364737618974907,0.17070105544681816,-0.10879292235224439,-0.30598055682801445,0.08127819653243382,0.23424626475473934,0.20125950295441822,0.014648084139609564,0.04598064937047988,-0.05447789854569515,-0.23856984873934026,-0.06993249027147332,-0.014735999481762194,-0.07019808714723969,0.10060754128550739,-0.005037549105345715,0.23690778606032845,0.19780211644618426,0.05469028350384283,-0.2632264005145361,-0.03438322760356659,-0.320892849706409,-0.05574156591105744,-0.08020933105678868,-0.19673741538148318,-0.06724505707556555
#58,-0.006850456002998376,0.23330325703207058,0.23673658249929436,0.3271477949444051,-0.10096059079109927,-0.3519107705548383,0.389095258586784,0.005188856036313663,0.3581388784778615,0.4553931435287368,0.19292235224438614,0.17253200812522845,0.18634443380206092,1.0,0.2074496684666176,-0.04099492404577151,0.20013094758857472,0.04416959332213569,-0.024250290351985268,-0.08415904348107738,-0.20873184432506467,-0.10298912163318943,-0.00982153185543016,0.036844857183840236,0.03193594210543363,0.0013710166252539134,0.21689455248777284,0.08806664908359824,0.12268956167261252,0.0423048626438457,0.22702239990375583,0.05732496749445902,0.5323075001041103,0.20747511764460916,0.06859293808446351,0.09429660785592989,0.17281935248036942,-0.08834982902779513,-0.10579408376018545,-0.07399001466798077,0.07824650536514943,-0.1283272486662317,0.14169084338575863,-0.03447021752106498,-0.21432140923666348,-0.172048473743389,0.07142103582781549,0.05700430785176548,0.060451051976475705,-0.06784288140220343,0.00849586103823392,0.094631148868437,-0.01304941304941305,0.03325143325143325,-0.09859474266253927,-0.08161736466821212,-0.07958096771656094,-0.16285854421447643,-0.2723853283175317,-0.07805910687266619,-0.1164410944071961,-0.22367282536774064,0.0695104966291407,0.21677702355668457,0.01021067292253733,0.001598671090196514,0.4219367287163897,0.24858895875845027,0.15175344836361784,0.08871074464294804,0.3570487282351689,0.127520278367736,0.19564957870042615,0.28326045614181206,0.0048797642017981,0.024923536787943568,0.12764798697002086,0.06814595797646646,0.23730849493561357,0.09710388354456151,0.007220163152366542,-0.03724278978516267,,0.003487000097169589,0.028215272283068894,-0.33959892095485317,-0.34290962765539035,0.16144542076745466,-0.20214467163619707,0.11654844366708773,0.04105183766200715,-0.1757640537301554,-0.23953969377698192,-0.3745841372960017,-0.24052665917072696,0.12575456812744948,-0.03520593012118436,0.35433260687497975,-0.015900183696793867,0.1392148697233443,0.18608068777560302,0.33944298690061403,0.18798012187842697,0.3929746387373506,0.27731182646436886,0.24047761166405235,0.4312895329844482,-0.0156540207387665,0.12061938672108163,-0.16798863578524595,-0.15232258452597436
#101,-0.10210858007468177,0.23900526103915934,0.08744152472966032,0.05775991708195098,-0.18866215984860052,-0.31912297505517845,-0.0019743934998172285,0.04149928048233133,0.36058570126366735,0.1748312256786833,-0.04939361549531041,-0.24361156225563005,-0.16885529597394003,0.2074496684666176,1.0,0.2559053660748576,0.18846689524655627,0.047071262325499616,0.14415571195232213,0.01040177311363752,0.3301577386323149,0.23907975772382553,0.11537130350689673,0.21420619386721082,0.20778374676679762,0.1037512088359546,0.08115789132738285,-0.08176820888685296,-0.15551206059680636,-0.2134427185274643,-0.01678257610461,-0.1568988094411823,0.07759824539485556,-0.0038983513559784745,-0.12377554750436107,-0.0738067805864416,0.10836167446336938,-0.10399922264329044,0.021015468473095593,-0.19412355344558735,0.0008791534215263029,-0.03066070693189337,-0.04346858414655025,-0.10976693180083011,-0.4218802778124812,-0.38977220672135926,-0.17140576632102056,-0.09069485510163476,-0.1041968008069703,-0.11908225637039196,-0.06263644229745925,0.003791002096086842,0.056395841141603856,-0.029012062910367994,0.25964315625332574,0.0836315514281616,0.13706880995016588,0.004571597791936775,-0.17312936973953924,-0.24653497873836858,-0.17526108543057695,-0.18764002831799442,-0.007426995562588783,0.006044873841484011,0.07624619997501353,0.01309013173419953,0.13065284082233236,0.07049468574892304,0.4715478190054461,0.22446545158409564,0.3379748006866651,0.23843010961655028,0.18955149294132345,0.1635026397738262,0.1928894996691607,-0.01507424219288626,0.07793047284572709,-0.03794657523471083,0.25581513717106935,0.11300823165229945,0.09857530874480026,-0.2988298005247158,,-0.12103536510316171,-0.005407256254713882,-0.27226779938644347,-0.2704761772558383,-0.11993827417556231,-0.06909313011007927,0.08683629700578853,-0.13449103957578534,-0.37685281583586666,-0.3735504379572176,-0.1390283966555153,-0.274569793213861,0.2744753998991287,0.17837930380303263,0.08356723441469205,0.05016403151996372,-0.057393911631199765,0.08591966388576558,-0.11364908822535941,-0.14712262339380983,0.06049963677082321,0.018807405248083213,0.05750403716505412,0.14783473766524613,0.05690898911237894,-0.11391931222439697,-0.10838295923041685,-0.15233877945742352
#102,0.07064044013196556,-0.04853944853944854,-0.20773377383546876,-0.1656454605607148,-0.10651961668910821,-0.18278201159557092,-0.0801371479337581,-0.11809066385337572,0.025713849442663,-0.16796226118260016,-0.13096332079382927,-0.25615384259452056,-0.1602858636756942,-0.04099492404577151,0.2559053660748576,1.0,-0.17015921931176167,-0.0343156716038072,0.20659457608610152,0.4285581421174641,0.43967341763951934,0.4283836995701403,0.4607471878658319,0.04184770286465202,0.27585752162023347,0.07991735957837652,-0.039048293285581424,0.13294187870459057,0.0245029312825923,-0.03938329701041565,-0.1459403933980205,0.018859229028720555,0.016678928543335324,0.08368013622250911,-0.237609257948241,0.021067754966060052,0.023540952354511677,0.030659781507239133,0.027027489739354146,0.07201377031885506,-0.15421415251923726,0.016695123474784492,-0.14261210362905277,-0.14314376009291263,-0.18832391713747645,-0.07030497369480421,-0.01671687095415909,0.053685735041667244,-0.08781447086531832,-0.01943623130063808,-0.10382801908225638,-0.011077795823558535,-0.19481669651161176,0.018890230754637534,0.1047950878459353,0.24632583276651074,0.0475964408167798,0.34177320617998586,-0.22494944867826225,-0.13755743416760366,-0.1778457964898643,-0.2158432700805582,0.3207105410495241,0.409304219473711,0.16296543076204092,0.2666509344475446,0.2978932707746267,0.10119611136560289,0.42926470384097504,0.35393559969831156,-0.048188712595492254,-0.12089007343244632,-0.0026883586205620103,-0.112994812994813,0.23372525067440322,-0.005823697349121078,-0.002638848401560266,-0.09511468325027647,0.24931495439970017,0.0074413396447294755,-0.1017314695280797,0.016512352105572444,,-0.1583993855180296,0.011988413683328938,-0.17430188277645906,-0.05114775792741894,-0.0723196231670808,0.023080090876701046,-0.05851552631213648,-0.21479846564592328,-0.19770124515887227,-0.11684134057015413,0.027836773599485463,-0.19155411189309493,0.18958018110560484,-0.07712026356094152,-0.15944233910335606,-0.10740062095994299,-0.3654298366162773,-0.1339547559886543,-0.2507465863398067,-0.23716968123747784,-0.14893182859284554,-0.09998426778087795,-0.04561742019369138,-0.007796702711956949,0.1826316300892572,-0.000489549642092015,-0.026001193797803968,-0.018564018564018563
#201,0.40916957018651934,0.41799071799071796,0.6213620400061078,0.5346701092463805,0.015676693642795336,-0.031057251396234446,0.3826802148836047,0.24252927812249847,0.2574068675763591,0.6899124085564764,0.5435884266392741,0.09363122752953261,0.20669313381177787,0.20013094758857472,0.18846689524655627,-0.17015921931176167,1.0,0.4702563889004567,-0.20004534580805766,-0.3876367893317046,-0.06464646464646465,-0.20783695868441632,0.1215605435944419,-0.024225766598647953,0.18106534886195902,0.0373066440863051,0.29482780160746264,0.09796221491136746,-0.025646293442903614,-0.288745448067482,0.47688566841109215,0.04287029710758524,0.24632953446512768,0.13292383292383292,-0.17987710360591716,-0.18151556795624593,0.23856198262977923,-0.1455618947144371,0.22537421859455758,-0.04032908100704711,-0.22369688640875082,-0.4469926012298894,-0.15051199118995728,-0.34765566799465103,-0.31197684587515095,-0.31985220968271816,-0.058984716611835256,0.06676753795397863,0.15650411582614973,0.2109921940430415,0.15514096531045685,0.18398830263237043,0.43283221588306336,0.1740538689691232,0.2282180485570316,0.004272222916290713,0.01322478102139119,-0.2462087665477496,-0.03363548448294211,0.14433616975989857,0.1947061082654303,0.19686558669609516,-0.07308772563009851,0.12557040862125607,0.005166183132284828,-0.03795027693332778,0.16483987839920045,0.15899489628303187,0.02854888787092177,0.08469902876682538,0.2658296200669082,0.30489040658532185,-0.11790835519649079,0.32362747955968296,-0.1720632805378568,0.1911700606615861,-0.14320252455845675,0.07564421123743158,0.26722793671946216,-0.08922250447674177,0.12184603710027439,-0.46877293317971286,,-0.08125274735444227,0.01883655612469172,0.03016051490627762,0.0056404632675819116,-0.16615074242192887,-0.36793449844297305,0.006394684360786056,-0.3282680214883605,-0.25303099709879373,-0.5086740052841747,-0.13151718744939084,-0.4382524280829366,0.43281046840368875,0.13884284901234054,0.40919085495356683,0.3419865165627877,0.21507840660383032,0.2577548272463527,0.4458094458094458,0.23794703794703795,0.45422294405345254,0.32739765960104944,0.33756206129087485,0.2611821374533239,0.268221842798114,0.13499770957398077,-0.04687368416181976,-0.06304085287136135
