,#10,#11,#12,#13,#17,#18,#26,#49,#50,#51,#52,#53,#54,#58,#101,#102,#201,#202,#301,#302,#401,#402,#501,#502,#601,#602,#701,#702,#801,#802,#901,#902,#1001,#1002,#1101,#1102,#1201,#1202,#1301,#1302,#1401,#1402,#1501,#1502,#1601,#1602,#1701,#1702,#1801,#1802,#1901,#1902,#2001,#2002,#2101,#2102,#2201,#2202,#2301,#2302,#2401,#2402,#2501,#2502,#2601,#2602,#2701,#2702,#2801,#2802,#2901,#2902,#3001,#3002,#3101,#3102,#3201,#3202,#3301,#3302,#3401,#3402,#3455,#3501,#3502,#3601,#3602,#3701,#3702,#3801,#3802,#3901,#3902,#4001,#4002,#4101,#4102,#4201,#4202,#4301,#4302,#4401,#4402,#4501,#4502,#4601,#4602,#4701,#4702,#4801,#4802
#10,1.0,0.2994672862640197,0.25558847293293835,0.29472170614469545,-0.054451834370306804,-0.07050171865228447,0.17282931705825158,0.5476406761401763,0.11740517741147685,0.34073046145699715,0.30485559212478375,-0.08644843814905942,-0.02638462205626589,0.1574367659209283,0.13464282616733694,0.27110062218408065,0.08827345058817622,-0.008846608571806799,0.21995827760456846,0.33753417904111527,-0.04265726923726531,0.2682211378254141,0.005925127928898465,0.013202353617842943,-0.02154591974144896,0.1818849940885665,-0.13926698224744027,-0.06836995074566228,0.1473211391948582,0.08365020747077379,-0.17894708011704183,-0.22133685128294084,-0.18394281201641507,-0.06571962002492387,-0.035896780437035244,0.10774329314775845,-0.0358712174814098,0.2626913227460092,0.030373356096536675,0.2298620969840277,0.20259098814517934,0.2095879342849448,-0.04878598784846645,0.12072744868008417,-0.2751477858372096,-0.11170372534430106,-0.29233156979371605,-0.26117763058790233,-0.14696508374150374,-0.231201413266261,-0.2358100489804489,-0.17637252530047884,-0.17084544910917665,0.19981101672091187,0.0702278298420118,0.35807857869966725,-0.22969045999625684,0.32278617957063366,-0.18709709814805517,-0.24487942045127747,-0.18601067253397363,-0.11221224556870729,0.0010352997028306409,0.07380116585336906,0.21030734889326097,0.12079865977075506,-0.057292061332834245,-0.09181665883040348,0.2935814157312603,0.1454659989866114,0.10280507789854246,-0.06046369375579161,0.1959893548549074,0.0015721217709650471,0.033471951503421325,-0.09704702214391031,-0.17413850557135488,-0.137867410426947,-0.07057658159375899,0.2978139108126737,-0.052809414471371774,0.04878507488576554,,-0.18409436382476593,0.06603459215673743,-0.13533302596922403,-0.0869925639188011,0.1224629907745119,0.21375834790269643,0.03245217216650614,-0.1609827130512583,-0.1268652969182944,-0.27198710896666317,-0.24206566940707638,-0.22914268237571153,0.2378103502581402,0.05833466473727216,-0.21765487271017542,-0.24903979147931912,-0.3230783276349245,-0.18727421291203147,-0.2272838903166611,-0.0333861330095359,-0.24735628825884318,-0.17130558231043472,-0.13089146242930244,-0.14919088680631953,-0.1625794848151479,0.2869186139400275,-0.2922539679641388,-0.191185345122725
#11,0.2994672862640197,1.0,0.1603975039599757,0.1301419200518563,0.21496528459329795,0.15905727471504152,0.22552278526660793,0.3798783020719689,0.3895137104173609,0.3500326384165575,0.29785408117151374,0.15365618737646475,0.13077551616628702,0.09615688351052418,-0.010286350751140063,0.24969255981046895,0.08996334454755851,0.12454180684448136,0.07297310868364473,0.07072995932751168,-0.09957501586272693,0.136505270077191,0.03548777314702808,-0.023575435825569348,-0.15363701515974565,0.024889189152177187,-0.1485901573491215,-0.17962723732921893,0.17355786129357684,0.26986355772434917,0.18615492064071723,-0.16640845038275962,-0.09620709645907416,-0.06485687027256501,-0.06326009850867542,-0.019303683348016815,-0.028197765980270875,0.12876699822428755,0.0581739833019122,-0.005949777921823004,0.0987067883341626,0.14294804785750478,-0.09242925680271333,0.09270405857568689,0.15358771517389658,-0.06705437149365262,-0.16078460014516108,-0.2051646299990414,-0.13675816074534275,-0.2296658100033323,-0.07341772151898734,-0.24654831626853885,0.0018341420661258884,0.11636439993244076,-0.08771106556441637,0.13362030794231902,-0.1543737760593791,0.047055010567543264,0.032645720259098815,-0.032240364819895284,0.018438194707555224,-0.03238369996393797,-0.21017953411513374,0.031178589198738286,0.05927592928190919,0.1405569985438245,-0.17424075739385667,0.10909447794510355,0.10756161357027759,0.05682827628077255,0.052643255259806364,-0.07437815828034346,-0.1176571551169277,-0.2396043219654261,-0.21997014611968027,-0.2141563996402927,-0.1546138852497181,-0.013206005468646578,0.030962217038622886,0.30926063715666896,0.013449766509789242,0.02044762561225561,,-0.22707208297005027,0.07098193703296252,0.14987469586930027,0.12584277869327648,0.06081974920914606,0.1918445041927812,-0.12334308681818805,-0.13784915117292884,-0.04017766254159686,-0.06330392071831906,0.07967881972182027,0.1299867163927018,0.3138637950946514,-0.022061743667462465,-0.030081208032245843,-0.09414653964312288,-0.19175594681079305,-0.21472700132836073,-0.03200573340576171,-0.13833849918061597,0.03793451318546381,-0.07067974637896168,-0.11230354183879818,-0.09659784449506316,-0.03161407240707181,0.08519676628611338,0.08899651704729604,0.04083682161165306
#12,0.25558847293293835,0.1603975039599757,1.0,0.5420606481122213,0.09740946833617113,0.2927661400393487,0.07759087402484172,-0.09010302784079756,0.0004080943273062579,0.47603883743329667,0.0397275719300488,-0.040203225497222314,0.08324302610616843,-0.09324270656922311,-0.05499504717734757,0.3649650563526227,0.5372036865433862,0.6819940931313251,-0.01390533489754276,0.055611297000461045,-0.4281913752413645,0.33079194949490337,-0.04466213532846115,0.12890485559212478,-0.2757521671452113,0.030500257911963008,0.163179301309645,0.0821365153126669,0.24944605988122356,0.014864858696197967,0.142054257373315,-0.037902559490932,0.29298525108756684,0.18419387675916502,-0.2950558504932281,-0.14017811902294733,-0.1437541939224073,0.05211373689327922,-0.04210401384051454,0.30896940205507906,0.07698192790333551,0.15567657383357603,-0.09099225351148278,0.14912241460375136,-0.2903239648144175,-0.011752568848799683,0.23211528892987077,0.31433762273642313,0.14057069298433814,0.14532448976797052,0.2781779090415261,0.20673675177000644,0.35546567944966606,0.5174115681503832,-0.23404255319148937,0.37159042667311826,-0.4088210456161814,-0.18204384959852465,-0.20935330287081122,-0.10217239474681263,-0.039641753436163364,-0.052625908968489093,-0.05943569775456824,0.0742275194346935,0.3708883583561194,0.09413467112801106,-0.18838346259363573,0.14760598355754176,0.10087324882341932,0.08760242300300822,0.29450807287268277,0.09959692696754874,-0.04841258610379473,0.32048733948974517,-0.27798618687433524,0.041890380568501875,-0.28371228893443556,-0.11621649997489353,0.14613154879557397,0.31614620184692355,-0.11354791000013695,-0.0029945176589810424,,-0.23544303797468355,-0.026803671935983056,-0.338018049272597,-0.20784326256350796,0.013751044201089165,0.13498518718017774,-0.22720263663628024,-0.12149890216235215,-0.1618189868852908,-0.24381855779282138,-0.28069129535712817,-0.1726056411965289,0.4493867173056645,0.23473184003067554,0.41196711508351325,0.42928966937055785,0.10955004633285707,0.3930423112563736,0.3421738554871341,0.21316492214710567,0.3018912022349327,0.4584853035829221,0.3832918696106671,0.35503110920403347,-0.03236178885911616,0.15131900286213806,-0.23852428709025092,-0.10839697444160919
#13,0.29472170614469545,0.1301419200518563,0.5420606481122213,1.0,0.11669945724367431,0.27756622403191716,0.06199564516791666,0.003252886103338248,0.05434227884619774,0.599279672428983,0.04526103886025736,-0.03585387119009253,0.010843257998694464,0.09379504900327297,0.053386406898346166,0.24477169085257022,0.49792894411298827,0.3136848544052733,0.12133000406268402,0.18669630752235616,-0.3077597264763748,0.18899514760324468,-0.06504676651435405,0.05000388009147886,-0.29122597196291544,-0.042361469322170844,0.08740704898501371,0.1322462990774512,0.16021765030789667,0.05800143335144042,0.026629296060109463,-0.035530682393970794,0.2067623147256319,0.2019473494410386,-0.027964047528838208,-0.03634778401128422,-0.027053823716032082,0.044629268671228434,-0.17053504179086765,0.09706071658442395,0.12309202207543811,0.17830891918910652,0.11834735491881479,0.11727005893174235,-0.2774457129553972,-0.22899021760465976,0.2388118703410372,0.2574125724093542,0.1708107565265421,0.014936069786868858,0.14909685164812592,0.13137168080998052,0.18829399224894666,0.2978084330364683,-0.2335303811162795,0.28480145343661983,-0.3695937772462306,-0.08903577444343512,-0.19768837844129877,-0.21717191544139464,-0.14470732698215613,-0.1916801709066176,0.16482537305938366,0.08164351545417611,0.2967959574011604,0.1395910840062629,0.03960158307732337,0.042565972967174424,0.13527459635636585,0.07543628205069682,0.2492333395719118,0.07221261075378765,0.07376738623343543,0.2317555816257127,-0.2020395586738304,0.03880182775132722,-0.2685580210620495,-0.18321791963189343,0.1025731853725116,0.21348354612972287,-0.041362688127376555,0.20583109277070485,,-0.19210561152524114,0.024908361368896275,-0.36604783011590064,-0.2558276691605764,0.1200701155354298,0.1638594585218221,-0.047115266105803244,-0.070546453824629,-0.15967078565005227,-0.25379997900185786,-0.32898428334710383,-0.2018989624178904,0.2085991956798605,0.09136748118155633,0.3280503225040741,0.2839533110874755,0.19877845590618395,0.30902144092903083,0.10298219266251878,0.12377309225031612,0.17515737194556916,0.20163785508543047,0.31201321969990914,0.25910429229413834,-0.14671858381225836,0.18215796993613825,-0.3226391925757873,-0.14134579831740973
#17,-0.054451834370306804,0.21496528459329795,0.09740946833617113,0.11669945724367431,1.0,0.5430137811719702,0.22700634965558483,0.04190498797171641,0.31602295188230084,0.17682809368823238,0.1818329552146147,0.5155126057324928,0.418550489119767,0.22745461434173106,0.03437213272651746,-0.04836693796874929,0.1490320312963614,0.3568077346200021,-0.10235133543619075,-0.27265448470102754,-0.3671999890444476,-0.12378313484002611,0.03591138784024979,0.03232253146297708,-0.16692975208497857,-0.21034660628940005,-0.1153993983575801,-0.22888613985675615,0.43718770969612036,0.38652740942268804,0.5019898022066308,0.33038476813029805,0.4052897058890659,0.08820771727371078,0.12118393003053861,0.2046497190357288,0.2501718652284461,0.09445512103603007,0.18587829294234184,-0.010872472805123547,0.21358579795222465,0.07018674652047091,0.28237936339110864,0.14766532613310082,-0.022928145270624967,0.21094368389579443,0.16420547138546654,0.15147511948399348,0.00981800088557382,-0.11544961130613009,-0.07162740166250507,-0.1194721249663345,-0.061128330602053256,0.014425723637060808,-0.34817475932020797,0.0029497824866365086,-0.22455413184094364,-0.2225602213021587,-0.08955707614565407,0.037173102292905824,0.055666987725216485,-0.06076862329789517,0.22984383773000955,0.17412481113084124,-0.2067230573294928,-0.1996987223087001,0.2742092601806753,0.2979828089123419,-0.0898994371584949,-0.03567127864991076,0.2222205991774206,0.029292408258660592,0.1410417817380071,0.11822775680499573,-0.029466784134534185,0.016824989615049277,-0.06664171235284183,-0.027609818000885574,0.3234425997525871,0.19477602742539954,0.2305942930701566,0.3037362998534695,,0.10171043562015274,0.4672835251315807,-0.03663993207557505,0.047970712156554844,0.28024303067098194,0.1673542797409012,0.15677851981357302,0.09940429183765698,-0.028360273341032652,-0.028258021518530862,-0.09434739143732283,0.0004363961710344324,0.03590408413864252,0.039464638672187045,0.22799234937256638,0.12027096732962975,0.07415904723212532,0.023981704227473786,0.38287921046985623,0.38983416032537993,0.35179283050390975,0.20821301245737606,0.21500454198943703,0.36496870820342636,0.14478036399822886,-0.15134913063126806,0.027234590330812034,0.07455801193242251
#18,-0.07050171865228447,0.15905727471504152,0.2927661400393487,0.27756622403191716,0.5430137811719702,1.0,0.23452277157216742,-0.0647527925246614,0.14099430767755983,0.29428713589906286,0.1170080386365815,0.39364395367627253,0.47444115270670617,0.3304368070042498,-0.15993828372141855,0.006934864676103658,0.25892991641826474,0.44427047432977124,-0.25067947249015143,-0.22805899564973273,-0.5479574741973917,-0.10059570816234303,-0.08709298981590106,0.10018396198423313,-0.3818977755663792,-0.2815357858554689,-0.04236968598647902,-0.09422231554729832,0.5376455604906262,0.46588395331108745,0.5987994540483048,0.36941118470604883,0.4110523264572026,0.17154843038887646,0.020810071804516425,0.2407783919987949,0.12293955730438633,0.07698740567954096,0.2233134155304085,0.18856240328301388,0.21301884811496027,0.03684260979517682,0.16507461187673178,0.23085357447721475,-0.1654197117776753,0.20939895100585665,0.3408692317875353,0.23352764222817676,0.19847991710298676,0.028239762264512684,0.044120748446822206,-0.01993727946244756,0.0386347555770609,0.2039786914505608,-0.33126029936046963,0.14139783719136154,-0.1812660053773503,-0.22682101822730033,-0.05246796642123186,0.0972935220731557,0.07911734766076133,-0.07341863448168826,0.2204768404186847,0.28479049788420896,-0.07139642209917514,-0.18116923133105398,0.20741690898218354,0.40882469746698497,-0.20933595657949394,-0.22736879584784564,0.06997950398736459,-0.030979563329940157,0.020700516280407363,0.05133041489589943,-0.21554318998297325,-0.06601633290271926,-0.08039184359123008,0.06288943565210643,0.4900966371018912,0.4647820073310905,0.21067801174982997,0.3129983064541898,,0.12457376053901317,0.4893443558363423,-0.08969675943889312,0.04447406501207393,0.2162416064491685,0.21699845252822195,0.1132648915628552,0.21997744982128756,-0.08328593535311114,0.04137181775438564,-0.07619586701785298,0.06380878909192166,0.13583059064121936,-0.018966800111381448,0.26975765405104374,0.20518197629035867,0.10946879265247618,0.0640516371703634,0.5778597415402593,0.38749880173645507,0.37471367207292744,0.13552931294991943,0.25403278449058964,0.2368115690633459,0.11258108249987447,-0.17029858445133225,-0.0016953717355877426,0.19020025836844437
#26,0.17282931705825158,0.22552278526660793,0.07759087402484172,0.06199564516791666,0.22700634965558483,0.23452277157216742,1.0,0.18436733967233768,0.04760187522538767,0.293253662121634,0.17948207625977441,0.2165191471102448,0.11681540350668973,0.301537885669681,0.16159348509816632,0.007612283000178028,-0.05289888481606084,0.0271688570163466,-0.12496907338850671,-0.014214829253150863,-0.06081974920914606,-0.0805187454066564,-0.015039234572071559,-0.06677044009366997,-0.2291289879351979,-0.28409116845531274,-0.362919106939886,-0.34864767399927876,0.1312484308453578,0.13909625822237032,0.2035678582351518,-0.06659971606860002,0.08622111043653312,-0.12501746041165487,0.011265046766514355,0.1712937137953229,0.029882182163447714,0.11529805949777922,0.03597346930391159,-0.03377596808282397,0.029642072973108682,0.010707226556259044,0.028822232467692534,0.3170664682494397,-0.13969516175416655,0.13926150447123484,-0.12038326174184154,-0.06732826030392529,-0.04769225853277764,-0.1251315807492685,-0.1832042251913798,-0.08379902039102193,0.0013174051774114768,-0.09283826409272049,0.031258016953717355,-0.019244340772457742,0.037389474453021224,0.08022933623046831,-0.06755741394185341,0.04720108459968868,0.05448378806483861,0.04434077245774124,0.09618609831695327,0.24575129983064542,-0.2763620262294184,-0.17623831978344526,0.19087950261792055,0.3693472773169852,0.012763218558705785,-0.14249978317135853,0.020578179278485577,-0.19533384763565484,0.12880534265772572,-0.07124943510432881,0.17670575668631058,0.05322207361218258,0.17997325019286337,0.03711102082924402,0.2493173321403954,0.247378199363665,0.05040375775447694,0.0348715233239146,,0.01288555556062757,0.2559061839528546,-0.032751623932404245,0.0968817758950458,-0.07787937023832892,-0.0503891503512624,0.013583059064121935,0.0603705715602989,-0.12345446826769892,-0.023920535726512895,-0.11618911109386626,-0.07764930363769988,-0.11047213866077502,-0.15197542304409153,-0.11758776995165862,-0.1093053723290135,-0.08826249503576532,-0.027860882743635507,0.14834639630797883,0.12253328890248188,0.05573545992778465,-0.06456837405907781,-0.044263170628163984,0.07147037207794875,0.014261390350897215,-0.019016100097230527,0.01481373278494707,0.020332592311941095
#49,0.5476406761401763,0.3798783020719689,-0.09010302784079756,0.003252886103338248,0.04190498797171641,-0.0647527925246614,0.18436733967233768,1.0,0.2687953913642858,0.09133644044972543,0.5051623475922891,0.13906613045324034,0.04077839199879489,0.21232864831307316,0.17192639694705272,-0.021185299474589966,-0.12118758188134224,-0.0977874348943474,0.2160005842961286,0.20567588911155035,0.14557281562261773,0.05682371146726801,0.102819685301757,-0.1488877831896178,0.08872171527432247,0.07155436464643238,-0.2654667293567721,-0.20556998543824492,0.169169249590308,0.21750423386452547,0.0172294320915519,-0.1460521210405949,-0.07395363062442084,-0.12102598748328137,0.06740768805890435,0.14175206671931417,0.03624918403958606,0.23456659378181105,0.1815225478963057,0.13868268611885862,0.103160220389196,0.16765190558139748,-0.09467058023344456,0.0629168245331337,-0.09630752235617414,0.025352061241537976,-0.30237142061561073,-0.4039385210917208,-0.30664043420506054,-0.424020048660912,-0.33900131010147583,-0.3046163958971456,-0.1999470481633473,0.004384959852465228,0.15052289938694555,0.09977951950773051,-0.07692349829047734,0.1847398284543085,-0.14444804557509802,-0.24727868642926593,-0.2068362647044055,-0.11966749898432899,0.02126016241606449,-0.06126527500718958,-0.04894849520922823,0.051172472348642195,-0.011440335605088853,-0.14727092624630822,0.26443508150474515,0.04202641201093729,0.1754504329725609,-0.013241611013982024,0.3257943916701283,-0.19369234069942073,0.17349395390451322,-0.1107588089488604,-0.04279603956780346,-0.17918627634467993,-0.016912634034336526,0.1293403388004583,0.10890732059141724,0.0828687113987958,,0.013940027480177298,0.15466775004907174,0.19301218348724364,-0.029894963641260437,0.08224789676217778,0.015598880707728685,0.019591266598803107,-0.00847138090173326,0.1396823802763538,-0.16479707121565548,-0.10918577421519444,-0.19315460566858542,0.02616277211994504,-0.03931217390113527,-0.2712804758361597,-0.23261102767646427,-0.27263987729781297,-0.31148370133338205,-0.3349368001570296,-0.0806410824085782,-0.23662167282155688,-0.25637544678112173,-0.22284689159024407,-0.09287569556345776,-0.17190905065573547,0.19145740800759584,-0.16701830946696672,-0.20980430644506018
#50,0.11740517741147685,0.3895137104173609,0.0004080943273062579,0.05434227884619774,0.31602295188230084,0.14099430767755983,0.04760187522538767,0.2687953913642858,1.0,0.20523310220160956,0.3639964029269584,0.38496076542792845,0.24661313662030337,0.264656931441066,0.2996590084312105,0.1875974017081532,0.08502969411184706,0.2132279165734684,0.22410130234129286,0.06776465647495972,0.03279179429124423,0.10661669717483692,0.007402301578968991,-0.22749569766327196,-0.06531974236192581,0.010792132087443567,-0.32452719944126684,-0.3559440719049423,0.195863366002182,0.14774749277618263,0.1562115699763086,-0.0036135063701972455,-0.028726371384097102,-0.06807323786786691,0.05882675163306203,0.14746082248809725,0.2286040343821753,0.2583693573199067,0.0754034153934641,-0.015059319751491553,0.06357780952859171,0.16193949796181076,0.043293604239798784,0.17763697864123762,-0.0009732182391688388,0.02898565279115522,-0.23701881159645222,-0.3082855929920983,-0.325857386096491,-0.4705692778921517,-0.27424212683790805,-0.33307618217257734,-0.16593644866638974,-0.10829107076830376,0.024637211446726343,0.059789014319819964,-0.18103411285131946,0.04971629684069257,-0.23550694536374717,-0.2204759274559838,0.0538538438012115,-0.10096819694431385,0.007871564407236142,0.047665782614451285,-0.12029926917335793,0.011023111650773508,0.10911182423642082,-0.0027352362519229277,0.30556770303149267,0.2918376569725244,0.3551570980567589,0.18990902326685444,0.06778474165437971,-0.15028461612200833,0.14827518521730795,0.041062323398777544,0.01814513368056348,-0.13451957620271424,0.0411097974592248,0.18842637184057845,0.09764957752651016,-0.010709052481660862,,0.15631016994800678,0.21222548352787046,0.06626100690656284,-0.0024732159567620866,0.09307198254415316,0.13786193265074156,-0.1361026535260902,-0.0748455951832088,-0.2046396764460188,-0.15929920983078236,-0.013074538839715703,-0.011408381910557043,0.13314921918865005,-0.05704738732899067,0.022426015785125097,-0.008523419775685064,-0.30319673889723237,-0.24978933385676527,0.080362628784801,-0.06637330131877463,0.11479227816147572,-0.12060237279005966,-0.075805118981864,-0.04738459010257136,0.05714690026338974,-0.15787681394276637,-0.07182094975509776,-0.15867200445525798
#51,0.34073046145699715,0.3500326384165575,0.47603883743329667,0.599279672428983,0.17682809368823238,0.29428713589906286,0.293253662121634,0.09133644044972543,0.20523310220160956,1.0,0.3640685269803302,0.020093396084302977,0.05399535301985237,0.13174964736815678,0.1613040759219782,0.30948613894379345,0.5288719889348921,0.1788220042270173,0.179996987223087,0.22050514226241286,-0.2677610046241561,0.1672127705222603,-0.09499650791766902,-0.06964262075072923,-0.311744808665842,-0.07820438495985246,-0.07974911784979025,-0.2243331948673237,0.18191786074579924,0.003047469495633756,0.13647057749455646,-0.17051678253684946,0.16005514294713488,-0.01058397659163635,0.027966786416940937,0.0035833786010672536,-0.03137852803023732,0.0977061812139665,-0.08854460051034616,0.06895242094884213,0.21120022641474984,0.21539255113732328,0.15639781436729402,0.2157641269565932,-0.1679431406829874,-0.12096573194502139,0.11872440851429014,0.030748583766610216,0.06448255556519239,-0.10767025613168574,0.03972665896734789,-0.03251151474206521,0.13766838455814887,0.1651275637133845,-0.16556578580982073,0.18454080258551037,-0.33180533809291224,-0.004531946847311553,-0.2180529244477717,-0.18240629579078546,-0.23197012786042626,-0.2569652206859089,0.11482331889330662,0.22794670123752095,0.07972720674496843,0.033022773854574174,0.050829198373100466,0.13609443686178202,0.16951708837935425,0.06975400220024011,0.14939356452592129,-0.03209885560125441,0.01673551927036021,0.04540528696700096,-0.14257373315013216,0.015362423368193292,-0.3030844444850206,-0.24013110144385053,0.17118963604741927,0.3066650841979851,-0.11460694673319122,0.055518174804968345,,-0.08440340169902359,0.1701388159786732,-0.3800408094327306,-0.2565406930299863,0.13253205640283566,0.062188280297808436,-0.07449775639416252,-0.04961039316738715,-0.17898085973697545,-0.15288655981959856,-0.3955273957282475,-0.13222895278613392,0.23503768253548002,0.007376738623343543,0.24303706172084338,0.15045807903518102,0.060988647308814196,0.2026795455271675,0.047743384444028536,-0.038516070425942746,0.23437121976381656,0.031065381823825587,0.2226031305491014,0.16677911323932862,-0.19976902043667005,0.1474243039800609,-0.30505187910547915,-0.1367335107524182
#52,0.30485559212478375,0.29785408117151374,0.0397275719300488,0.04526103886025736,0.1818329552146147,0.1170080386365815,0.17948207625977441,0.5051623475922891,0.3639964029269584,0.3640685269803302,1.0,0.15142308061004167,0.1312876882414969,0.25808816480802677,0.3148306225949139,0.20011868515111816,0.11466263745794665,0.05260399786366728,0.15022253465834653,0.027603427261979212,-0.001122944122117891,0.009086717762145827,0.30188755038412907,-0.03232527035107981,0.08919736884149598,0.20518927999196593,-0.1839364212775087,-0.2837132018971365,0.24297132840637795,0.006378870391250165,0.1456011174663459,-0.09037691665107023,-0.0377382262047684,-0.06061341963874066,0.10159722824524003,-0.010059023038613758,0.18712448702908244,0.25943843664267097,0.1297128275824291,0.10658109162950148,0.2620832895872039,0.10711334888413133,-0.018586094665102457,0.12420309768244418,-0.05903125527806562,0.009038330738997659,-0.20595708162343027,-0.3069371470828559,-0.22679089045817033,-0.3206105894543678,-0.2624512135556702,-0.347092898519631,-0.0965932796815586,0.01384142750847914,0.0385726741133991,0.13555852775634852,-0.23706354676879676,0.026096125842778692,-0.23759945587423026,-0.3320226232157285,-0.23350299223525223,-0.2648705647130786,-0.020532531143440134,0.11523506507141651,-0.1248549530508931,0.038217531622745556,0.05987391985100449,-0.007258053472225392,0.2038481377843308,0.056178246837725446,0.11095783481765853,-0.07129051842586971,0.259368138514701,-0.1818429978043247,-0.010683489526035414,-0.11610420556268174,-0.17996777241665793,-0.2919663847133525,0.21792419670694355,0.24570108688209544,0.1412298520543943,-0.09257715676026056,,0.08385745000388009,0.16968507351632148,0.0035395563914236284,-0.15735825112865015,0.21274495930468762,-0.0064144759365856105,-0.06945089858353837,-0.0489457563211255,-0.011130841249480753,-0.19162995795806761,-0.17733204909913405,-0.060355964157084364,0.17130193045963107,-0.06694481596954356,-0.11665472207132978,-0.08802238584542628,-0.21797897446899808,-0.18264275313032086,-0.043604011558107794,0.012204485385749565,0.10207835958861901,-0.13582419990231298,-0.06321718926173271,0.0185495761570661,-0.16657095774352138,0.03872970369795542,-0.19042210830476522,-0.2173024691076246
#53,-0.08644843814905942,0.15365618737646475,-0.040203225497222314,-0.03585387119009253,0.5155126057324928,0.39364395367627253,0.2165191471102448,0.13906613045324034,0.38496076542792845,0.020093396084302977,0.15142308061004167,1.0,0.5098403684717461,0.4362555747784924,-0.06963805593722469,-0.20169902358639138,-0.03243665180059069,0.21392815896506548,-0.19638649362980276,-0.297981895949641,-0.14096600583383165,-0.2769618427239155,-0.014296995896232659,-0.08439153318391177,-0.06715023257724806,-0.21752705793204818,-0.04466122236576025,-0.12045538579521334,0.35307006532248125,0.500145617550795,0.5154441335299247,0.2225620472275605,0.2552232878525748,0.008521593850283248,0.23824765939187553,0.18260897351038724,0.13900861380308308,0.08164260249147522,0.2447999926962984,-0.16955908466359607,0.23195917230801535,0.06146703976409044,0.13056827363318071,0.15987528929505584,0.03451911972136378,0.19739623037700796,0.06267854126819648,-0.06073484367796154,0.01715000433657283,-0.18512875056489567,-0.13252292677582658,-0.16680376323225315,-0.02691048857198939,-0.13712973656461266,-0.11323567675642611,-0.30225182250179167,0.10183825039827998,-0.16875202563599265,0.06411828344752975,0.18423861193150953,0.36255757371032604,0.17721884172422137,0.0804466213532846,0.0649782943117859,-0.15259441175530775,-0.00935604175891394,0.041894945382006415,0.1633664586633313,-0.1528199135424322,0.000727631272624357,0.07783098321518074,0.07413348427649988,-0.007385868250352632,-0.0745881397015525,0.049619522794396236,-0.07315935307463013,0.25662651152387167,0.10775333573746844,0.21879881497441422,0.08526889033948518,0.3516321490685498,0.30891918910652905,,0.15363701515974565,0.48494752746876524,0.34786526496459985,0.33976272099403376,0.19966037787526192,0.18257336796505177,0.24139281589650655,0.13944135812331387,0.00426353581324435,0.05301939589258081,0.2230048341375013,0.17911689117941088,0.007257140509524483,-0.17148543596251375,0.04031004213322865,0.009374301012932117,-0.029357228610425123,-0.10296119452039787,0.3320299269173358,0.15705879936275202,0.27601966521657756,0.06229053212031022,0.040590321682407664,0.19709951749921256,0.38596958921243274,-0.0959012539542697,0.2798175900523584,0.2458937220119872
#54,-0.02638462205626589,0.13077551616628702,0.08324302610616843,0.010843257998694464,0.418550489119767,0.47444115270670617,0.11681540350668973,0.04077839199879489,0.24661313662030337,0.05399535301985237,0.1312876882414969,0.5098403684717461,1.0,0.30000867314565866,0.0023846585747739277,-0.02727019587614748,0.10346241104319683,0.35564005532553966,-0.22927962678084787,-0.2083526957506151,-0.060798751067025154,-0.08313803539556391,0.13615012758653744,0.18009467423208425,0.04022787549014685,0.046767427316756975,0.08008782701182743,0.05429206589764775,0.4837506333678738,0.44551758137921277,0.5005199322581676,0.2116630985041106,0.25126194269333124,0.005857568689031209,0.21465670320039074,0.07435989902632528,0.1835967991527706,0.037999333537228334,0.4096089324270657,0.07898405510642863,0.09945450478620696,-0.04362227081212597,0.25472298429247675,0.1713484915573774,0.04078295681229943,0.17168993960751733,0.07357383814084276,-0.029611945203978692,0.1166565479967316,-0.08886687634376697,-0.06960336335459015,-0.0744037212359689,0.019058096381472336,0.09820100699785911,-0.028891617632961605,-0.0612570583428814,0.0630610726398773,-0.1708600565123912,-0.007469860818836246,0.19392058137464793,0.25832644807296395,0.05649230600683809,0.010201445219955538,-0.004514600555994285,-0.00393669516631898,-0.006347829659419264,-0.02424007267183099,0.14689022080002923,-0.14454299369599255,-0.03996311630688328,0.16536310809021898,0.14286314232632025,-0.05778871304212867,-0.053124386603185324,-0.11604577594982357,-0.098562540227419,0.08017364550571286,0.10574025298196442,0.3209556893553114,0.18535973012822562,0.6299260043730913,0.24397010960117224,,0.06833617112572866,0.43179118717104814,0.21637946381700576,0.2617427544997649,0.26410732789511887,0.18385790648523054,0.2439445466455468,0.26501572578252314,-0.0022805808268703182,0.11936530833032817,0.1348756316560687,0.15817991755946811,0.19667316391788814,0.041811865776223714,0.009351476945409396,-0.01088616724563718,-0.014978066071110664,-0.08368398709070742,0.3657173376181716,0.26268493200710286,0.25180880735117567,0.1891110938662601,0.13990331724997376,0.1643132009841738,0.2726417032232148,-0.1225661555597146,0.09975578247750688,0.17654964006445517
#58,0.1574367659209283,0.09615688351052418,-0.09324270656922311,0.09379504900327297,0.22745461434173106,0.3304368070042498,0.301537885669681,0.21232864831307316,0.264656931441066,0.13174964736815678,0.25808816480802677,0.4362555747784924,0.30000867314565866,1.0,0.11679805721537247,-0.10743288582944943,-0.10381664057114946,-0.05162073703478844,0.01713448397065738,0.024454618906544573,-0.06821200819840506,-0.14704085964567917,-0.13965499139532656,-0.1364103219562965,-0.18394920275532142,-0.2257665463077506,-0.24984776346962345,-0.34308864411344475,0.1822538310197337,0.31801321057028215,0.1709002268712312,0.24101393637562937,-0.04479451492009294,-0.0010690793227642686,0.2419542879575655,0.3006431822227903,0.06411463159672612,0.09670192224296677,0.028142988218216345,-0.0398718200367924,0.2337997051130476,-0.03745246887938393,0.08051783244395551,-0.012672835251315807,-0.24621508488270713,0.08708294722619107,-0.11072502932892676,-0.20473462456691333,-0.017424806109546394,-0.33944683589951935,-0.16143280366280635,-0.13477977057247326,-0.2763848502969411,-0.13484367796153687,0.006860001734629132,-0.037905298379034724,0.01180095587194785,-0.15166958053928706,-0.08176767838149972,-0.1177393217600095,0.20874618267470682,0.1565292809962249,0.3311616993887715,0.3145841226656685,-0.29964805287879964,0.00493273747301054,0.4567926707354371,0.24253036742183898,0.09877799942483349,0.002262321572852141,0.16075447237603108,-0.046400416310991614,0.2116183633317661,0.04766943446525492,0.34902837944555776,0.12485312712549129,0.28890522077720515,0.0661140199117165,0.21423126258176722,0.15588838118018689,0.1717693673624964,0.14581018592485404,,0.2087626160033232,0.4475836159713695,0.2562540227419009,0.20326201573034733,0.14641274130745388,0.15623621996923315,0.26233161544185113,0.07836415343251152,-0.08681362322942296,-0.2733656826450355,-0.04453340758763301,-0.17898998936398453,-0.19181163753554847,-0.2680275897328215,-0.19034268054978615,-0.1531668393687776,-0.23251699251827065,-0.12034948212190791,0.08015082143819015,0.11674236649061702,0.030507561613570277,-0.13713977915432266,-0.08180145800143335,-0.010935467231486258,0.18926355863731187,0.13315195807675279,0.07153884428051692,0.07398284543084992
#101,0.13464282616733694,-0.010286350751140063,-0.05499504717734757,0.053386406898346166,0.03437213272651746,-0.15993828372141855,0.16159348509816632,0.17192639694705272,0.2996590084312105,0.1613040759219782,0.3148306225949139,-0.06963805593722469,0.0023846585747739277,0.11679805721537247,1.0,0.49218458279886973,0.2213861512687899,-0.0009129627009088544,0.5008084284716547,0.3443750085590253,0.38387799166465053,0.21608275093921037,0.07558053015744041,-0.268122537853716,0.14118329095664797,0.21152798002437612,-0.3799759890809661,-0.38559344857965827,0.24670351992769335,-0.15914126728352512,-0.011800042909246944,0.08329780386822297,0.050274117050947885,0.05851725727745393,0.12662153587715175,0.12866657232718756,0.5253032177370394,0.47813408683188247,0.0831161242907421,0.07757078884542172,-0.03171815015497542,0.18274317902742082,0.07471960633048337,0.39886062254926574,-0.35911935617870333,-0.1173074904024796,-0.22469655402228542,-0.24650540702159612,-0.20991294900646834,-0.4894913428311886,-0.35245198957396595,-0.2783011590061488,-0.2650695905818768,-0.09022719076812116,0.28461886089643806,0.23954863124067066,-0.44014570884706505,0.10933276121004076,-0.6177388652786591,-0.6411088844965239,-0.31396878580525595,-0.3935343981521635,0.21256419268990764,0.2572555428247979,-0.16413060844399202,-0.11460238191968668,0.2787959847900414,-0.08635896780437036,0.5869263741229852,0.29011946116941395,0.30132973017387377,0.12287108510181817,0.4192105611525241,-0.06657050126217093,0.28824514874444807,-0.010126582278481013,-0.14291426823757114,-0.5043488978257793,0.21178269661792967,0.24806657324015027,0.05071599099818777,-0.15397755024718465,,-0.03888855920791356,-0.042421724860430825,-0.39000123249964624,-0.504332464497163,-0.06844298776173499,-0.208093414343557,-0.25128111491005034,-0.06588577923648929,-0.44512774630592467,-0.46919800791538663,-0.5091583853341671,-0.39875106702515667,-0.03894151104456627,0.0977372219457974,-0.009352389908110305,-0.17899911899099363,-0.19628150291919824,-0.11137414580927296,-0.052643255259806364,-0.020361807118370177,0.11090123113020217,-0.0014150921864087243,-0.030410787567273938,0.01201732803206325,-0.28848160608398343,-0.16708495574413307,-0.5351613889814532,-0.607000597990569
#102,0.27110062218408065,0.24969255981046895,0.3649650563526227,0.24477169085257022,-0.04836693796874929,0.006934864676103658,0.007612283000178028,-0.021185299474589966,0.1875974017081532,0.30948613894379345,0.20011868515111816,-0.20169902358639138,-0.02727019587614748,-0.10743288582944943,0.49218458279886973,1.0,0.2617601007910822,0.32361606266575976,0.3730192133000406,0.3843198656118904,-0.07598314670854123,0.6328420072397942,-0.02228268064108241,-0.031835922343392664,-0.1040576627241894,0.3898405510642863,-0.13794592521922516,-0.12459475868113408,0.2798897141057302,-0.09011124450510574,0.058823099782258394,-0.20076962755686617,-0.08311977614154574,0.1298452071740609,-0.21576138806849046,-0.20566675948454127,0.08971958350641585,0.4818069357776388,-0.04471052235160933,0.30455979220968926,0.08112130078925625,0.2991304030273843,-0.13972802841139925,0.435428430571469,-0.285341014392857,-0.24938032656675813,-0.11246878808766268,-0.07276860503864115,-0.0681134082267069,-0.19662021208123542,-0.17658615857249152,-0.26244482281676385,-0.06578900519019296,0.39940657424440923,-0.03193360935238991,0.6189175001255324,-0.625672511149557,0.22102644396463184,-0.4440020632957041,-0.5037746442869077,-0.25756229829230326,-0.3658195894406734,-0.20118319966037787,0.2210036198971091,0.29637051678253684,0.012163402064208666,-0.09645998712722592,-0.09352481204380395,0.41603801576686583,0.21327721655931747,0.12473535493707405,-0.055340147078291116,0.1081924707966056,0.005318920695494986,-0.26426344451697426,-0.23733013187746216,-0.4288441435725143,-0.42227720286487697,0.08364472969456833,0.6304190042315821,0.018742211286957872,-0.1908530266995942,,-0.2803361528664746,-0.194831718150155,-0.358130617573619,-0.4070973720368654,-0.10603605289705889,0.007567547827833494,-0.4344616030712065,-0.15332021710253027,-0.5011498765217947,-0.3387119009252877,-0.28143992477187346,-0.25253917751190275,0.3257514824231856,0.3036687406136022,-0.04067340128819037,-0.06794724901514149,-0.25077624653644776,-0.05728840948203061,-0.0014872162397805238,-0.15360506146521383,0.04361679303592052,-0.02981279699817864,-0.031863311224419925,-0.046982886514171464,-0.35624808848434497,-0.17246413197788804,-0.39828363012229134,-0.5239474681261898
#201,0.08827345058817622,0.08996334454755851,0.5372036865433862,0.49792894411298827,0.1490320312963614,0.25892991641826474,-0.05289888481606084,-0.12118758188134224,0.08502969411184706,0.5288719889348921,0.11466263745794665,-0.03243665180059069,0.10346241104319683,-0.10381664057114946,0.2213861512687899,0.2617601007910822,1.0,0.3726658967347889,0.09980690838875778,0.09360971757498847,-0.15762574920001643,0.15761388068490462,0.0519466647190129,0.04542811103452368,-0.1523323914601469,0.07502910068609148,0.1146882004135721,0.018373374355790693,0.2466377866132279,-0.03479118260623462,0.15818813422377628,0.12787320774009778,0.3525451117694587,0.18864274400069386,0.019774772101685784,0.03564023791807985,0.1787590098006546,0.18503288948130023,-0.05653612821648171,0.19732684521173888,0.13906978230404396,0.2659104292294138,0.10866355955027457,0.20406542290714713,-0.23524583803128724,-0.022687123117585032,0.19047779902952064,0.1697179401735542,0.11662185541409706,-0.03626105255469788,0.14213916290449954,0.04565361282164817,0.1185847252210511,0.22886514171463526,-0.07320226232157286,0.17392030748583767,-0.2992545659547079,-0.08681453619212387,-0.26774822314634333,-0.22229454915619423,-0.22647957017716042,-0.2962417890417087,0.12113371708198861,0.09597702985844514,0.13610995722769748,0.09488238758005542,0.009807045333162914,0.027104036664582068,0.13833667325521415,0.08773023778113545,0.19150944688154767,0.146962344853401,-0.05300752737746899,0.1225862407391346,-0.18095012028283586,-0.014824688337357977,-0.34946751450469493,-0.2514417963454103,0.26948559116617293,0.1591065747008906,-0.006307659300579275,-0.013741001611379167,,-0.08820771727371078,0.006465601847836506,-0.47515417657611597,-0.357610228834101,0.10274390939758156,0.11114955698484938,-0.018659131681175167,-0.025137515006824398,-0.12686803580639713,-0.22685753673533668,-0.4103913414617446,-0.08753486376314096,0.3100065276833115,0.10847822812199008,0.43616701739650426,0.1772206676496232,0.18796989049012403,0.2788681088434132,0.24101941415183484,0.08256834667019679,0.36962938279156604,0.27895301437459774,0.34632783577626935,0.24241624708422538,-0.11541217983539283,0.09905827897401252,-0.417799120816919,-0.17280466706532704
