,#10,#11,#12,#13,#17,#18,#26,#49,#50,#51,#52,#53,#54,#58,#101,#102,#201,#202,#301,#302,#401,#402,#501,#502,#601,#602,#701,#702,#801,#802,#901,#902,#1001,#1002,#1101,#1102,#1201,#1202,#1301,#1302,#1401,#1402,#1501,#1502,#1601,#1602,#1701,#1702,#1801,#1802,#1901,#1902,#2001,#2002,#2101,#2102,#2201,#2202,#2301,#2302,#2401,#2402,#2501,#2502,#2601,#2602,#2701,#2702,#2801,#2802,#2901,#2902,#3001,#3002,#3101,#3102,#3201,#3202,#3301,#3302,#3401,#3402,#3455,#3501,#3502,#3601,#3602,#3701,#3702,#3801,#3802,#3901,#3902,#4001,#4002,#4101,#4102,#4201,#4202,#4301,#4302,#4401,#4402,#4501,#4502,#4601,#4602,#4701,#4702,#4801,#4802
#10,1.0,0.2620358416968587,0.5959683874938112,0.590979423182813,-0.021593396169667357,0.2905412346090312,0.23040575243965075,0.26438318133233385,-0.15215600808821148,0.4820425972968346,0.3864064372538949,0.04175192141293836,0.14347645025611128,-0.01442181781164832,-0.3538157572055877,-0.21412244293600227,0.5319401065163777,0.4833951054290037,0.012499248092468431,0.10322001508442187,0.011031061878519505,0.1797156170037526,0.18767611987950972,0.2867391274170935,0.0864212440483627,0.3121697969155596,0.354803648023987,0.5003868275054716,0.14466330737517177,0.07470120351476284,0.3256148290046595,-0.2118782881494746,0.3460870732057173,0.04924971196157637,-0.2076037516715483,-0.171959170264255,-0.03813073474090423,0.013097072419106317,0.3840165280843247,0.0681228223601105,-0.08901613477884664,-0.35207503343096563,-0.10768056191785005,0.015464771396974787,-0.07166442251188014,-0.03727194066177117,0.22198253723677452,0.4398686822415636,0.2750718360887852,0.422081557674778,0.33391912713946614,0.4467344077513569,0.45207595885561985,0.5131294622820046,0.1996395470971742,0.39912871268803474,-0.13030025402906759,0.018293331852653888,-0.355666143801737,-0.30125302498183854,-0.12682204546611325,-0.14035962002063698,-0.4727295862889083,0.11206059680635952,0.46176469227316685,0.36457844593437816,-0.20058579380613278,-0.028795513541276255,0.1252099557184303,-0.08070674680844173,0.3552561806799095,0.2733820106701463,-0.04189721308365376,0.11266767537953978,-0.38872555143741583,0.008768398598907073,-0.29173595783765277,-0.2638441214712401,0.12697566595871682,0.15422618303974236,-0.15897685050227423,-0.0373621695655594,,-0.204770564092598,-0.1644030779624,-0.12876728808932197,-0.16721683162361128,-0.17599911159233192,-0.2624148030927692,-0.21701439498049668,-0.06048945709962659,-0.3085148322436458,-0.33822096364469245,-0.31023612210052887,-0.4082362794227201,0.3293290208544446,0.3284230301179454,0.42818704683111464,0.36724042995229433,0.3765099460014714,0.4544880782168918,0.430414543973866,0.2984318679233933,0.4981667337599541,0.3367102078966486,0.42650369938505533,0.2995756927960318,-0.16483293771429364,-0.30344674412471023,-0.3034749695766645,-0.3367786893210622
#11,0.2620358416968587,1.0,0.2800672783723631,0.20194107821226465,-0.06832363951008019,0.1292300004164411,0.2615379632328785,0.33268461065071236,0.2974139008037313,0.24842423316999587,0.26903853005547923,0.06284790183095268,-0.13578293239310188,-0.0041917109713719885,-0.17806049500964755,-0.08544816002443122,0.1165526080780318,0.28550322279135837,-0.18495722224535785,-0.07264861163166247,-0.17704622958860247,0.1282300790775367,0.08650730854120685,0.2860163707621335,0.007866572273351934,0.2123918988325768,0.10459704696992833,0.16109931194676957,-0.03658064844505522,0.08446859802792006,0.10342777291929835,0.01251035318831929,0.08984624069369831,-0.02752351735402583,-0.23558813050338473,-0.23858373010915385,0.0192816853833803,0.08135824576502543,0.06793311030599167,0.09190392241239699,0.0696752222175951,-0.07165748182697335,-0.004535506230421485,0.182805609924254,-0.021101070253612627,0.006899503509673001,0.045372645372645376,0.050853010175044074,-0.06031177556601285,0.0854842515859465,0.06639597995530198,0.15309253783830054,0.11658222166696743,0.12032186269474406,0.02215003909919164,0.10735342430257684,-0.15069013543589815,-0.01999518779179796,-0.013146582638108062,-0.09247074501311789,-0.047868052952798716,-0.037606944386605404,-0.23671761129388247,-0.08920677225761972,0.09863314778569016,-0.03715626257999139,-0.017304515609600356,0.00746493797341255,-0.03363548448294211,-0.18401467723501622,0.005151376337817016,-0.043698552173128444,-0.1533891364399839,0.03405701541294762,-0.26937214564333206,-0.1013899878306658,-0.15051152847763016,-0.08723099062082112,-0.06482692245404109,0.0598213004992666,-0.01829194371567253,-0.0028702045651198193,,0.044825256689663466,-0.08959683874938112,0.017609905745498967,-0.10716926479638345,-0.13656445351360605,-0.0324486273638816,-0.09120522679844714,0.06767028970418801,-0.04262737313584771,-0.06597953886089479,-0.06283170689950351,-0.09498975092195432,0.13526330644974713,0.29783774529537244,0.06932679983527441,0.2243095175298565,-0.05531078073450955,0.0001092001092001092,0.14518339603085365,0.09059722280061264,0.06474409694748678,0.13259669530855972,0.010737239550798873,0.0761749422766372,-0.19504666453818997,-0.30056682260072093,-0.022946367014163624,-0.010318022182428962
#12,0.5959683874938112,0.2800672783723631,1.0,0.7510658578455188,-0.0485797045119079,0.4323422035286442,0.3437064182826895,0.212462693818626,-0.06536366875349926,0.6058810736776838,0.2756307925799451,0.04378831836458955,0.21456572134538235,-0.0563194936076292,-0.38950846069490136,-0.2535057399464179,0.5502945163962113,0.8288639949656899,-0.15205143510228256,-0.09464364210126922,-0.12930958693670558,-0.026292702563889006,0.3684911413724973,0.4042777754642161,0.10343980343980344,0.37262917771392345,0.3579005816293952,0.504098705793621,0.0943137282120333,0.12675448946635387,0.42599795481151415,-0.09549364464618702,0.2774538791487944,-0.018916605357283324,-0.3004678021627174,-0.41420989556582777,-0.18685434278654617,-0.040414220075237026,0.2962404623421573,0.023459052272611594,-0.10366792061707315,-0.32104091765108717,-0.1624610743254811,0.10075051939458719,-0.04851816377240106,-0.12369457284711521,0.2524600100871287,0.4471624166539421,0.2025333499909771,0.2941129110620636,0.4160450126551821,0.5824914282541401,0.5338270473863694,0.6477440460491308,0.28115789132738284,0.21388414608753592,-0.16802426463443412,-0.2581041750533276,-0.34449349195111906,-0.22454041098108896,-0.35577812018489985,-0.3907707399232823,-0.5487171300730623,0.16867900257730767,0.5121346307786986,0.27373598560039236,-0.2319234488726014,0.1424672746706645,-0.13016838101583864,-0.2046086147781063,0.2927039520259859,0.17775186588745912,-0.20930745846000084,0.14545870986548953,-0.49118209118209116,-0.10226358870426668,-0.37793880166761523,-0.26889185024778245,0.17282953215156605,0.32075496143292753,-0.13255366306213764,-0.27073668429600634,,-0.01187273560154916,-0.2366333976503468,-0.20542761559710712,-0.33004576224915205,-0.21228825127130213,-0.26135056474039525,-0.22570228163448502,-0.07831637492654442,-0.15822170398441585,-0.26744633693786235,-0.3127407839272246,-0.32099094471975825,0.4507997982574254,0.4669387415150127,0.45208984022543347,0.7171934646510918,0.2584146550248245,0.5638626299643249,0.5699125936414072,0.4008958110653026,0.5397048820777635,0.32341925901247937,0.36084111846823713,0.3156396766566258,-0.29151616948227116,-0.40766344156174666,-0.3295367786893211,-0.2886926988621904
#13,0.590979423182813,0.20194107821226465,0.7510658578455188,1.0,-0.06972056802565277,0.4550317652012567,0.24835251275929243,0.20656727605880149,-0.12914069693730712,0.6288380830753713,0.32509288949966914,0.09646256425917443,0.34301188707968366,-0.05141242937853107,-0.41063636826348693,-0.2612061984943341,0.5255532882651527,0.6411906513601429,-0.08181077842094792,0.002573143251109353,-0.20438003488850948,0.07467297806280856,0.27979612894867134,0.40606662132085863,0.03517770466923009,0.3717079174706293,0.4807298824247977,0.5586390705034773,0.07721928399894501,0.18087193510922325,0.34597555953488157,-0.2132224674597556,0.17125214582841702,-0.055010480434209245,-0.2476376222138934,-0.2270575660406169,-0.18178255296899365,-0.10221176492362934,0.3254033694711661,0.15022510954714344,-0.037367722113484825,-0.23566031362641532,-0.10251484149789235,0.1332139535529366,0.07686577178102602,0.03290532443074816,0.3239550798872833,0.4616406853694989,0.27352498877922604,0.3589055928038979,0.42456678558373473,0.5127676212421975,0.5471619539416149,0.5628238407899425,0.18713983629237865,0.23436333097350046,-0.13235793574776625,-0.13558072710615082,-0.2673528690477843,-0.1371807863333287,-0.37258753360448277,-0.41563366139637326,-0.48126847957356433,0.15867932647593663,0.5145393467427366,0.3222064900031002,-0.16924351161639298,0.1429582124497379,-0.11783200766251614,-0.19408792459639918,0.25468889536686146,0.17169634966245137,-0.2380914041930991,0.041394707496402415,-0.5249475978289537,-0.10053119375153273,-0.4212264652942619,-0.25912306759764386,0.1577145712738933,0.22910229181415623,-0.07148627826593928,-0.007426995562588783,,-0.05820134464202261,-0.3178676365117043,-0.25469953775038523,-0.3175048700472429,-0.16802241378512564,-0.19157400852316106,-0.11861306607069319,0.10238574475862612,-0.19186875627553593,-0.2744323676527066,-0.3287631236783779,-0.3706052739951045,0.27780877950369476,0.36805110194940704,0.323122660410796,0.4366583841160112,0.22810329589990608,0.4628215272283069,0.4917040306870815,0.2739645654899892,0.4815123289699561,0.004082973574498998,0.2447095786078837,0.05673732283901775,-0.33941753772262245,-0.3572139165359504,-0.27588111994891656,-0.29060416348551943
#17,-0.021593396169667357,-0.06832363951008019,-0.0485797045119079,-0.06972056802565277,1.0,0.35861639759944847,0.3098654895265065,0.2540720998348117,0.11433436518182281,0.009962196402874369,0.0618530703276466,0.5383917044933995,0.10684675430438142,0.35640509538814624,-0.07257920478259461,-0.1690653673704521,0.024395119310373546,-0.08919751801107734,-0.19244529583512635,-0.011568733602631907,-0.14270881050542067,-0.29780581814480117,-0.08997996455623575,-0.23722613214138638,-0.04530138767426903,-0.21653502500960128,-0.38147392384680523,-0.3458506272065594,0.06876182808386198,0.3228690940555347,-0.08326462055275614,0.3849252950947866,0.0003345410125071142,0.13621279214499554,0.18918086036730106,0.1949120152509983,0.26715714173341293,0.15070725579200156,0.05768171869866785,0.33669031126658244,0.11705603908993739,0.2056034462814124,0.23550021516123212,0.18095013349250638,0.24613750884937324,0.25714127070059273,-0.1887556277386786,-0.3092482312821296,-0.1991671178111856,-0.2645502204824239,-0.32909997825252063,-0.21752661752661753,-0.2867844732251512,-0.1766135935627461,-0.16730613510274528,-0.13703225567632346,-0.0255805882924527,0.1043735569159298,0.036948504745114914,0.06058061142806905,-0.05696544001628747,-0.049184932235779695,0.15448298838129346,-0.13907050347728314,-0.31962039080683147,-0.3149668929329946,0.3389492728475779,0.03445541072659717,-0.20792718758820453,-0.017660804101482068,-0.15645321747016663,-0.2297653585789179,0.09721771077703281,-0.10766390427407377,0.05759889319211353,0.06163975994484469,0.024156359749580088,0.06819639362012243,0.1525655084977119,0.1483812009235738,0.01730729188356307,0.33097257504037164,,0.125309901581088,0.3003003003003003,0.1549244159413651,0.17032533303719744,0.13913574591540692,0.40794477065663504,0.4593447068023339,0.4059000448830957,0.2566905888939787,0.2061873892382367,0.020318623708454216,-0.04393777444624902,-0.10931162287094491,-0.021147341486324536,-0.12630288223508562,-0.13036410833021003,-0.12221481882498832,-0.12624087878325166,0.08485820180735434,0.04310998209303294,0.08339834441529356,-0.10217382251280556,-0.23323246204602135,-0.11998917253154541,-0.008162708162708162,-0.031362641532133056,-0.03744036794884253,-0.022857988959683873
#18,0.2905412346090312,0.1292300004164411,0.4323422035286442,0.4550317652012567,0.35861639759944847,1.0,0.37860279385703116,0.27308171036984596,0.026481951905680718,0.3353077268331506,0.21192224582055091,0.49870810718268344,0.3059111499789466,0.22498831651374024,-0.1867895630607495,-0.2677660711559017,0.20741635317906504,0.3421868710004303,-0.15592063558165253,-0.15193066718490447,-0.19048663455443116,-0.17825946131030876,-0.004721053873596247,0.0811879676286456,-0.07874021941818551,0.1106701462633666,-0.08392676189286359,-0.0209696599527108,0.09763554000842137,0.5037248342333088,0.1783353461319563,0.21952553477977207,0.0720461601817534,0.1959535806993434,0.15133469370757507,-0.12358583545024222,0.02699556258878293,0.0812559863407321,0.04205037086393019,0.06158007005464632,0.15262473567558313,-0.041951813138253816,0.1618077245195889,0.39784052156933514,-0.0035291069189374276,0.08764234187963002,0.03774298181077842,0.0371636659772253,0.012901807817062055,-0.032095577858289724,0.03097257504037165,0.1884220121508257,0.08527927002503273,0.24389289135051848,-0.03998482303567049,0.044152010253705166,-0.13799238375509562,-0.05092889499669161,-0.27235664015325034,-0.23373311678396425,-0.01982583508007237,-0.12481387396641634,-0.08970187444763716,0.13513791140909784,-0.08135963390200679,-0.07094166585692009,0.24122211579838698,0.2755822077855976,-0.13613875817265647,-0.0938005802412582,0.11772188212866179,0.007637066959100857,-0.038528667342226666,0.09403239911714488,-0.16594391001170664,-0.025610201881388323,-0.1641874540179625,-0.16782900003238987,0.19283906402550471,0.29859196638857655,-0.048817538648047124,0.28464674227386094,,0.09709694285965473,0.01415807178519043,0.04635729720475483,-0.024344683666717565,0.02725792047825946,0.0645483696331154,0.20829041676499305,0.4914537033181101,0.11103152459084663,-0.16641495116071386,-0.09261835024546888,-0.21910816826071064,-0.04710596575003355,0.22652174516581297,0.04103332916892239,0.25568141330853195,0.15238458797780832,0.3058070397053448,0.2338437050301457,0.3129383620909045,0.19525766135935627,0.1023033819643989,-0.011225863768236649,0.0902016037609258,-0.037734652988890276,-0.16905426227460127,-0.20279108075718244,-0.21039945955200193
#26,0.23040575243965075,0.2615379632328785,0.3437064182826895,0.24835251275929243,0.3098654895265065,0.37860279385703116,1.0,0.37541563134783473,0.1366620858146282,0.3748983189661156,0.1858137027628553,0.3335114775792742,0.10712345627599865,0.4305390135898611,-0.07906226719786041,-0.1238079373672594,0.297859492774747,0.30830846254575067,-0.08591873846111134,-0.10490521337978966,-0.09545477681070902,-0.14255796628677986,0.034130586672959554,-0.01412151751134802,0.00612816206036545,0.04158673311215684,-0.07478217817200868,0.016278219668050178,0.1700315107094768,0.24526760967438935,0.21953987886191276,0.19410874665111955,0.0021775242114225163,0.12483978585673501,0.01132858590485709,-0.08322529000495102,0.2713863324032816,0.20332134908406094,0.1654668536024468,0.12097336165132776,0.16625809168182049,0.12500080974657246,0.14471651929279047,0.18072479258919938,-0.014863708084047068,0.008630047613098461,-0.09059861093759398,-0.07129471536251197,-0.1383500603839587,-0.13478717546514157,-0.03843566216447573,0.13293031089641258,0.03285350065011082,0.20541188337798508,0.036600545075121345,0.11224429360022581,-0.17238347746822322,-0.14888139294918956,-0.1830314135398881,-0.2436582962006691,-0.19617429447937923,-0.24084824423807474,-0.08173304274999191,-0.10160653719975754,0.09614329275346224,-0.02126533312973991,0.22763271746322594,0.20259535344281107,0.0371854134565999,-0.055752208294581176,0.17635262381025094,0.11168117269812185,-0.027840938010429535,-0.04229422026032195,-0.23405840354992896,-0.07016986169528543,-0.16826857674315301,-0.15605621029349842,0.16385707741639946,0.21274448562584156,-0.10420559234118557,0.08428443852172665,,0.0011401231740214791,-0.005387822336974879,-0.04832104832104832,-0.14169547050902984,-0.1122711309151987,0.08644252881541017,0.01099820930329405,0.15091131192826107,-0.0957328669193076,-0.19645284730030493,-0.1485871079091418,-0.14863384185418083,0.17953932360712022,0.1690598148225267,0.15778351541063407,0.17322376305427153,0.052380886279191366,0.07040538226978905,0.23595691222809867,0.133526284373742,0.2090811921320396,0.1268567488906472,0.03623592776135149,0.10283781470222148,-0.2414257092223194,-0.26593049135422014,-0.19081284674505014,-0.10328201853625582
#49,0.26438318133233385,0.33268461065071236,0.212462693818626,0.20656727605880149,0.2540720998348117,0.27308171036984596,0.37541563134783473,1.0,0.3101838356075644,0.30036693087540545,0.287506304455457,0.3985257985257985,0.004528102833187579,0.42780021932564305,-0.15720142330311823,-0.2197249637927604,0.16605125927159825,0.1873633263463772,-0.22743884099816303,-0.3118801389987831,-0.19081978742995692,-0.19854754600517313,-0.14087045442977647,0.13044878468607282,-0.15232952521088114,0.048645872374685935,-0.11195139669715941,-0.08962830318762523,-0.12263218534404975,0.0976026874331959,0.046307324273425966,0.22024273888680668,0.15384259452056062,0.08721710925100756,-0.01382538162199179,0.009013636132280201,0.17913074862227404,0.0575086642883253,0.26933975578043373,-0.0007981787642804592,0.20936067037761952,0.09044036332171926,0.11693480846023219,0.1705543756391214,0.1977063349944706,0.1564453513606056,0.08775200470115724,-0.05319757353655659,-0.14037581495208615,-0.18696446832040053,-0.011415113110028364,0.04210265735689465,0.0031172929478014222,0.02655829943965537,-0.047571917063442486,-0.08752666379785023,-0.21731932240406818,-0.27379613820291787,-0.07318489521879352,-0.16068287085236238,-0.06389039270395203,-0.13470249910927878,-0.14288741746368866,-0.12338455558794542,-0.04023283684300633,-0.1997848387678896,0.3225891530976277,0.10133492506373862,-0.08397257041324838,-0.10470439622981996,0.078633332870621,0.09068467543043814,0.16174016851982953,-0.03905801024445092,-0.09468713706001841,-0.1339547559886543,-0.009704928348996146,-0.14642762947847693,-0.06047881471610285,-0.09441598763632662,-0.06816770545584105,0.22992915874271808,,0.21435611266119742,0.044402337622676605,0.30272722645604,-0.016128300874063587,-0.07408857239365714,0.1385490266846199,-0.0021469851978326553,0.19863222236103592,-0.0728378609734542,-0.1584919279834534,-0.07172318697742426,-0.2897879389404813,0.06610400847688984,0.08259322496610633,0.037068809950165885,0.1751750209377328,0.02339936238241323,0.07820393583105448,0.17613792529046765,-0.08713706001841595,0.15594099492404578,0.011654335383148943,-0.0021525377457580846,0.024527455035929614,-0.2247527959392366,-0.31563551224568176,-0.1361975226382006,-0.22552321196388994
#50,-0.15215600808821148,0.2974139008037313,-0.06536366875349926,-0.12914069693730712,0.11433436518182281,0.026481951905680718,0.1366620858146282,0.3101838356075644,1.0,0.032768824294248024,0.2041093481771448,0.16104980172776784,-0.024382626077541332,0.26044040959295195,0.00435689927215351,-0.15118384948893424,-0.09661387119014238,-0.045442977646367476,-0.2790858655265435,-0.24979432437059557,-0.044432876636266466,-0.17931675897777594,-0.003986266698131105,0.05860436707894335,0.1204708560640764,-0.15894584877635726,-0.2412924480721091,-0.3337229371127676,-0.07312242905463244,-0.008077106382191128,-0.10609947389608407,0.12179375060730993,0.06892192654904519,-0.08266078096586571,-0.00031556980709523084,-0.040807062840961146,0.15301572759199877,0.09852626123812565,0.04439817321173253,-0.0024792126487041743,0.16034277729192983,0.17708000758848216,0.24730678290000324,0.11050171897629525,0.13331436212792144,0.23861288098576233,-0.22238972408463933,-0.3180207942919807,-0.16673190910479047,-0.18883151256032613,-0.016403614708699454,-0.16703591110370772,-0.10204981560913765,-0.16760088285512015,-0.0470902335309115,-0.2766473715626258,0.04099075963482743,-0.10525409847443745,0.2208798937612497,0.1857040399413281,0.01695609322727967,-0.00029706131401046655,0.1365635280889518,-0.08573966879051625,-0.2907730534849179,-0.35089326614750344,0.3746887102819306,0.06913107252090303,-0.042973019244205685,-0.07086485561061832,0.02370058810736777,-0.03354479286682677,0.09973764211052347,0.09509524933253746,0.004692365709314862,-0.023525682847716747,0.09274929783404359,-0.0008439872846652507,-0.18032732270020405,-0.1853583938329701,-0.058367458367458366,0.06876275350851623,,0.09595496883632477,0.18462406936983208,0.0450899281407756,0.03937080377758344,0.1483108686498517,0.19334851029766284,0.13806826857674315,0.2520667046090775,0.08726245505906523,0.09780396729549272,-0.002469495689834673,0.05418083723168469,0.1277118412711633,-0.031624073996955354,0.07642434422095438,0.0003738715603122383,0.09403147369249064,-0.09874604959350722,0.056959424756034924,-0.07962353725065589,-0.016556772488975878,-0.06732418088350292,-0.17875132451403639,-0.059344244090006805,-0.11820449108584702,0.024225303886320836,0.015242206767630497,0.14975823280908027
#51,0.4820425972968346,0.24842423316999587,0.6058810736776838,0.6288380830753713,0.009962196402874369,0.3353077268331506,0.3748983189661156,0.30036693087540545,0.032768824294248024,1.0,0.416409629968952,0.182961081266166,0.30003053901358984,0.12106266513046174,-0.2765446494260054,-0.26531277039751616,0.6537209011785283,0.4927516113956792,-0.1041144380127431,-0.09267618928635878,-0.1662798391611951,-0.061232573096979874,0.16807655112739858,0.2199188402578233,0.08595714358426222,0.2776500691754929,0.3736638024773618,0.4236968864087508,0.19542192423548355,0.08735546023681617,0.5380025634262923,-0.12904537819792056,0.3159376633952905,0.02969826529148563,-0.28923916212051803,-0.19383065654252096,-0.03629839392551257,-0.022028808469486436,0.20869991717449343,-0.018191997853014803,-0.1542659762998746,-0.24456151066320558,-0.058565036531138225,0.042771276669581755,0.015182979589759251,0.04167233489267388,0.3535432196449146,0.4028646520171944,0.2645673408385273,0.2554384893367944,0.385490266846199,0.33894372029965253,0.4793565522379082,0.31262510584544484,0.08543659221625323,0.09869561394985124,-0.22876589995234062,-0.3055992818704683,-0.2128249975707603,-0.1888967549984499,-0.26707570436384,-0.3645155170578899,-0.34320206184612967,-0.08180198688673265,0.42271963797387524,0.2559784746225424,-0.07365593636780078,-0.07835015292642411,0.023698737258059294,-0.172421419879047,0.3685300092079753,0.2647538139063563,-0.16534423483576027,-0.01696395933684069,-0.47597551326364884,-0.16398247245704872,-0.36684110921399055,-0.35228094041653363,0.13906171194306788,0.10143209465243364,-0.25457830712068,-0.08573781794120777,,-0.04943479689242401,-0.13903903903903903,-0.23519898943627757,-0.3376161986331478,-0.30634887584040127,-0.20557198184316827,-0.18961673537944723,0.09084569932027559,-0.15228788110144043,-0.16580463360124378,-0.2676068981153727,-0.2539184793422082,0.3666722192145921,0.24394887954209987,0.4955658277692176,0.4669970432682297,0.4327170005136107,0.44673764673764677,0.5246223110629891,0.25134117168015474,0.540814003525868,0.2481220820203871,0.4476963866794375,0.3150302845218099,-0.3425898934373511,-0.44915485593451693,-0.2729618678771221,-0.25806854620413944
#52,0.3864064372538949,0.26903853005547923,0.2756307925799451,0.32509288949966914,0.0618530703276466,0.21192224582055091,0.1858137027628553,0.287506304455457,0.2041093481771448,0.416409629968952,1.0,0.07409227409227409,0.2502875757113045,0.16570422502625892,-0.20261617549753144,-0.08129207790224739,0.45991523110167176,0.27373043305246697,-0.06889925364501635,-0.044593437813776796,-0.14959396993295299,0.047796332542095255,0.2178310822378619,0.1520088655681876,0.17092362007616244,0.22208711022270344,0.1431817025037364,0.17074177413160463,0.2824011993503519,0.08846365626026644,0.36159117515049716,-0.09121263019568104,0.2933600781058408,0.11368101537593063,-0.26289371035133746,-0.20492603543451002,0.227294937464429,0.1473294558040321,0.3220496305242068,0.14040727939033024,-0.0012465470092588736,-0.22866919307597275,0.24664973139549412,0.09401435333638723,-0.004553089298852011,0.028027411078258537,0.040600693143066025,0.1255731848952188,0.17731460273833155,0.055395457090372344,0.08667527311595108,0.04826552284179403,0.15081784403818302,0.1481873244585109,-0.018013853607073946,0.10002544917799155,-0.2667462531869311,-0.053731543562052037,-0.09995326605496097,-0.07770883364103703,-0.1401449215008537,-0.15092843228436448,-0.18666277988311886,0.05793621047858336,0.13840558586321297,0.0821425431594923,0.09939754855009092,0.0005103716968123748,-0.0246167585150636,-0.14184862828930625,0.0998232438910405,0.08442047594589967,-0.052328137073899786,-0.03434944960368689,-0.29661294576548813,-0.013553769485972875,-0.14144977026332958,-0.2954108191396327,0.3362026124737989,0.17074408769324023,-0.12101222948680576,0.07747608934049612,,-0.14007366380247735,-0.10083103133950591,-0.12942572773081248,-0.14342694003710954,-0.2088683444615648,-0.08228737211788059,-0.17454388132354234,0.19459089289597764,-0.18284864217067606,-0.23310984327933482,-0.27447632532378297,-0.3359818986937631,0.3171342374732205,0.23021002512527936,0.38786536922130144,0.2017703373635577,0.2971186903390293,0.14907943382519653,0.3815775714080799,0.17625406608457456,0.3085361170106933,0.061477347918025886,0.18708616166243286,-0.03320146032010439,-0.18640551182924064,-0.1669100533507313,-0.10109477736596381,-0.1703341245714127
#53,0.04175192141293836,0.06284790183095268,0.04378831836458955,0.09646256425917443,0.5383917044933995,0.49870810718268344,0.3335114775792742,0.3985257985257985,0.16104980172776784,0.182961081266166,0.07409227409227409,1.0,0.2855619872569025,0.285653141585345,-0.17223864850983495,-0.3486717842650046,-0.03624471929556675,-0.0034259220699898664,-0.3820139091325532,-0.33738345433260686,-0.16842219723575655,-0.3108283938792413,-0.21660905898194033,-0.04979756335688539,-0.15897546236529286,-0.077269719642601,-0.17411540970863004,-0.21893927826131215,-0.0476570561316324,0.2545417528468376,-0.05911103707713877,0.2411379021548513,-0.06294645955662904,-0.002214078485264926,0.3050949254339085,0.19297417602502348,0.02710291184867456,-0.05671835163360587,-0.16008597195037874,0.06184844320437541,0.15194454855471803,0.07524812948541762,0.24912986946885252,0.16578010984790645,0.2265805096313571,0.30226497684124803,0.01096628215272283,-0.1663140798734019,-0.18028382774145485,-0.13351841826418098,-0.09526691560589866,0.04777180878875794,-0.08774321316694197,-0.10012446961599504,-0.13279566160922093,-0.2167705455841049,-0.03682033343050292,-0.08793153708407946,-0.06007995669012618,-0.12488605708944692,0.03700217937506073,0.010308305223559461,-0.03723584910025588,-0.19937395022140786,-0.2577460357121374,-0.26640245792788164,0.21533336109607296,0.08649712887001022,-0.2931555592572542,-0.15375097747979105,-0.11157706242452005,-0.14269354099862575,-0.023029655233045062,-0.10869806632518497,-0.045064478962784045,-0.05218608438947422,-0.0869686327313446,-0.003918710698371715,-0.03527209798396239,-0.07994697316731215,0.19124270649694378,0.43866840646501665,,0.32956592956592956,0.254636608873897,0.27731460273833153,0.14419920691107133,0.24458464627956153,0.2570829689473757,0.3987872309906208,0.46136028169926474,0.38929191132580965,0.11100144828958389,0.13756715112647316,-0.012186917271663034,-0.20972713854069785,-0.039900609392134814,-0.23798266679622612,-0.04288973102532424,-0.03290902612936511,0.0559173965953627,0.023474321779406525,-0.03182118944830809,-0.07126556448590347,-0.06842265994808368,-0.2603441654289112,-0.07974615601734246,0.035680210256481444,-0.019417260095226197,-0.04627539712285475,-0.04890823026416247
#54,0.14347645025611128,-0.13578293239310188,0.21456572134538235,0.34301188707968366,0.10684675430438142,0.3059111499789466,0.10712345627599865,0.004528102833187579,-0.024382626077541332,0.30003053901358984,0.2502875757113045,0.2855619872569025,1.0,-0.02107932277423803,-0.16824544112679707,-0.19393893122706682,0.29448354363608603,0.22329849109510128,-0.10013973912278996,-0.07313029516419348,0.014472716167631423,-0.06958638145078823,0.1279857669688178,0.039770124515887226,0.09255958577992476,0.06092810838573551,0.07091482854194718,0.1147484927145944,0.31692740506299827,0.17377624157285174,0.31784681445698393,-0.0211561330205398,-0.001962362979312132,-0.07640953742648658,0.08044762790525502,-0.08890277025870247,0.05231471841641333,-0.026734592836287752,0.0447701939227363,0.02859469639130656,-0.05093259669530856,-0.1464845430947126,0.17677461745258355,0.13075047312335447,0.14979386165826844,-0.024691255199729777,0.09631357088984208,0.14991324143866516,0.06708773488434505,0.007196102111356349,0.04136694475677526,0.06974740534062568,0.1705932434745994,0.13422035286442066,0.08811199489165591,0.013640759403471267,-0.13965768542039728,-0.16267207114664742,-0.23781100052286494,-0.10894052758459538,-0.1192090395480226,-0.15146841757011248,-0.1128615518446027,0.11244372261321414,0.10396960905435482,0.02190850326443547,0.04828449404720591,0.12012289639408283,-0.09813573203403712,-0.17127250517081025,0.04730863374931171,-0.009979779471304896,-0.11608850761393134,-0.020164540503523554,-0.23997973320007218,-0.06213763840882485,-0.1987432733195445,-0.2105466020720258,0.27299194417838485,0.08635785245954737,0.05680765511273986,0.0945802505124539,,0.016619701365464076,-0.10121461985868765,-0.1463105632597158,-0.10954991971941125,0.02074293091242244,0.06891915027508248,0.12211533567465771,0.26184983134135675,0.024117029201774963,-0.07184349218247524,-0.1593007491312576,-0.2118736610262034,0.11964769083413151,0.10598333310197718,0.1947764405391524,0.05173077545958902,0.29392504985725326,0.2789826806775959,0.34087970867631884,0.1949439424015695,0.18803287108371855,-0.041288746373492134,0.08409842816622477,-0.05451260197022909,-0.10654043874382857,-0.15138281578959545,-0.1403873827602641,-0.1234423946288353
#58,-0.01442181781164832,-0.0041917109713719885,-0.0563194936076292,-0.05141242937853107,0.35640509538814624,0.22498831651374024,0.4305390135898611,0.42780021932564305,0.26044040959295195,0.12106266513046174,0.16570422502625892,0.285653141585345,-0.02107932277423803,1.0,0.16489401574147336,0.09547235987913955,-0.008601822161144195,-0.06683046683046683,-0.033120485662858544,-0.16077957772873028,-0.1705784366801316,-0.19262667906735703,-0.22186732186732186,-0.11482021312529787,-0.10140525733746072,-0.06497082598777514,-0.277063812657033,-0.2436129503926114,0.07016847355830406,0.2685267702216855,-0.023258697834969023,0.2874604959350722,-0.04249596283494589,0.21594552950485155,0.20299189790715214,0.12052129170773239,0.30745522101454303,0.3061938672108164,0.13087586816400376,0.09654307620409315,0.3698765020798919,0.3783274800223953,0.3453994826876183,0.25870431294160107,0.09989727786337955,0.091795185015524,-0.1901678257610461,-0.28127912195708804,-0.26933605408181677,-0.37728822813568574,-0.2544473595321053,-0.19400000925424654,-0.28490169676610355,-0.1897874762281542,-0.27116376777393725,-0.10007495939699329,-0.25825825825825827,-0.14102546305936137,-0.0700676022709921,-0.10516988483090178,0.030555208521310218,-0.04252927812249846,0.30970724191063176,-0.004979247352128708,-0.16390612492307408,-0.22758875979214963,0.6535945807132247,0.23692074200548777,0.16694198050130254,0.24076912043013737,0.20695179000263747,0.1989440904695142,0.2927307893409588,-0.03625027184349218,0.09793954200733862,-0.0013687030636183178,0.13239171374764594,-0.15087892206536274,0.08419929945353674,0.14071498308786445,-0.16632796124321547,0.26655469028350387,,-0.08248263671992485,0.1511343392699325,0.1436342351596589,-0.04581499835737124,-0.04487245334702962,0.3456826626318152,0.09123206411342004,0.3683800904139887,-0.07731275188902308,-0.050602682806072635,-0.05556203352813522,-0.09276734361480124,-0.07065478421410624,-0.032747076814873426,-0.021236182253131404,-0.041697784070665427,0.04022913514438938,-0.07455591184404743,-0.04638043282111079,-0.09918747715357885,0.005368388419235877,-0.02793162962654488,-0.123476172628715,-0.04587561367222384,-0.06989223429901396,-0.13238014593946798,-0.05128610891322756,-0.059776880115863164
#101,-0.3538157572055877,-0.17806049500964755,-0.38950846069490136,-0.41063636826348693,-0.07257920478259461,-0.1867895630607495,-0.07906226719786041,-0.15720142330311823,0.00435689927215351,-0.2765446494260054,-0.20261617549753144,-0.17223864850983495,-0.16824544112679707,0.16489401574147336,1.0,0.4588449774890453,-0.29599059768551295,-0.3701985498595668,0.537527820578668,0.12276081937098886,0.4385078452875063,0.028280977433519806,-0.17236034185186727,-0.3662534645585493,0.14170842645418916,-0.1468505485454638,-0.34048270149965065,-0.4983569085264001,0.09860445962140878,0.1031408912764845,-0.21556564268428674,0.20254445508682797,-0.19968165391894205,0.20912931421405997,0.30997700319734217,0.17530735666328887,0.2277016615999667,0.1432154805036161,-0.2079766978072063,-0.25163221773391264,0.39919719411244836,0.45492858035230915,0.21801385360707395,0.08028938028938029,-0.17809195944789166,-0.2726231624536709,-0.305155078036434,-0.5082820879431049,-0.2937149784607412,-0.47788836602395923,-0.43450399552094465,-0.4038442140137055,-0.5477852274462444,-0.2871583447854634,-0.05461995123012072,-0.02378248818926785,0.038471291013663894,-0.013165553843519945,0.06585044212162856,-0.13784339038576326,0.24632768361581922,0.16378026717009767,0.4391422238879866,0.09229722789044822,-0.4210446193497041,-0.2009568890924823,0.27110222703443043,0.07948796253880999,0.47484279348686126,0.37120726273268645,0.08815826612436782,0.13084440372575964,0.26423233711369304,-0.0040200446980108,0.4570084722627096,-0.002465331278890601,0.33109565651938533,0.13474368050639238,0.04754415432381534,0.06777856438873388,-0.023845879778083168,-0.06094060161856772,,-0.3262080262080262,-0.1479138614731835,0.07270413711091678,-0.012589014283929539,0.04551886246801501,0.15784505615014088,-0.05028665028665029,-0.006479360716648852,-0.14107451056603598,-0.15153227187125493,0.18952650647565902,0.303737327466141,-0.17733449936839768,-0.1692365709314862,-0.3164114808182605,-0.2610812661660119,-0.25189874003433327,-0.40065751421683626,-0.39332213569501706,-0.07679867849359374,-0.43940782076375295,-0.027369434149095165,-0.24426352392454087,-0.05647080053859715,0.2251812675541489,0.20807016569728434,0.18832530527445782,0.22695253034236085
#102,-0.21412244293600227,-0.08544816002443122,-0.2535057399464179,-0.2612061984943341,-0.1690653673704521,-0.2677660711559017,-0.1238079373672594,-0.2197249637927604,-0.15118384948893424,-0.26531277039751616,-0.08129207790224739,-0.3486717842650046,-0.19393893122706682,0.09547235987913955,0.4588449774890453,1.0,-0.1303728998644253,-0.20159682024088804,0.3848549628210645,0.433044600841211,0.10747881934322612,0.47188004645631765,-0.09850127477246122,-0.04428527140391547,-0.07806512213291875,0.2201127167228862,-0.29857715959410874,-0.15007842973944668,0.15804217160149364,0.09095397400482146,-0.0770226312599194,0.04827477708833641,-0.01714719341837986,0.25067995576470153,0.12117001439035337,0.03500372483423331,0.1741283656537894,0.40478675902404715,-0.03197295909160316,0.0704572060504264,0.14227895075352703,0.28549489396947025,0.004521162148280793,0.08772701823549281,-0.23245417991180703,-0.17003983953136495,-0.15989533447160567,-0.20114243673565707,-0.19145786772905418,-0.2536075366583841,-0.3151427236172999,-0.28255065543201136,-0.3907531568548518,-0.1579468528621071,-0.22519977604723368,0.18355057677091574,-0.32979543488018065,0.21350009485602706,0.00829365575128287,-0.08417986553579775,0.09779101135033338,0.024309054817529395,0.37468685943262214,0.26936427953377107,-0.17370359573749405,-0.050662372696271,0.11218182743606472,0.07030497369480421,0.40665796767491685,0.49866414951160715,0.04605236978118334,0.027233859437249267,0.1135782932393102,-0.09628071831461663,0.23246944941860195,-0.034321224151732624,0.26141580717851903,-0.036937862361591176,0.017605278622227775,0.378769370294794,0.052706173045156096,-0.0390089627377763,,-0.3015588778300643,-0.19742222962561945,-0.042149854014260794,-0.19755734162513824,-0.047260974379618445,0.08843265453434945,-0.19855680025171552,-0.1425056797938154,-0.4369498928820963,-0.1946987048681964,-0.022337900304001998,0.011986100121693342,-0.024340519255773494,0.11401555638843774,-0.034546565055039634,-0.10549285803523091,-0.12451727536473299,-0.25862102472271964,-0.25621954774497147,-0.09031080387012591,-0.222936187342967,-0.10094856027059416,-0.06816678003118681,-0.03452296672635655,0.024216049639778452,0.0546509529560377,0.049877149877149876,0.05186958915772475
#201,0.5319401065163777,0.1165526080780318,0.5502945163962113,0.5255532882651527,0.024395119310373546,0.20741635317906504,0.297859492774747,0.16605125927159825,-0.09661387119014238,0.6537209011785283,0.45991523110167176,-0.03624471929556675,0.29448354363608603,-0.008601822161144195,-0.29599059768551295,-0.1303728998644253,1.0,0.5373834543326069,-0.014997431946584488,-0.015095989672260859,-0.2296954890175229,-0.0054840665010156536,0.41315907587094025,0.20271750949717052,0.23241161037771207,0.23734828819574583,0.2527987155105799,0.3560219695812916,0.4115247759315556,0.01785097886792802,0.6453240605782978,-0.32180161671687096,0.4788054618563093,0.038309804411499324,-0.40180735434972725,-0.2541933304645169,0.19840965773169164,0.051272227543413984,0.38418588079605026,0.13024796753610313,-0.21869033902932208,-0.2657597505055132,-0.06565240124562158,-0.03509210288871306,0.1309031681913038,0.08969539647505749,0.2149368166317319,0.3349255264509502,0.22009096924351162,0.20938334328164837,0.27320294099955117,0.2957180601248398,0.43801968378239564,0.4354030455725371,0.22524280829365576,0.22862662354187777,-0.25670123127750244,-0.15966212745873762,-0.12574068675763592,-0.09986858969909818,-0.31809390283966554,-0.37490155795240543,-0.3783112850909461,0.19470055571750486,0.4076208720276517,0.2533618364126839,-0.2211010702536126,-0.12963579912732456,0.07020919224309055,-0.1547379428735361,0.31497013191928447,0.17644470356334763,-0.18548841599689056,-0.007281241179546264,-0.5168468931180795,-0.19403424996645335,-0.3934901002697613,-0.2653710721507332,0.4359726444472207,0.2595982731575952,-0.14441714441714443,-0.1301304386050149,,-0.24553644553644555,-0.16866234493353138,-0.19993799654816605,-0.21041657990810533,-0.27637159501566283,-0.20743578709680405,-0.36932494898596596,-0.10503616096836436,-0.21828777930472845,-0.16302835963852913,-0.18173674444860885,-0.22128846874609587,0.6337608795235914,0.2751893650198735,0.704646094476603,0.3621288468746096,0.4627410152833882,0.2921889532059024,0.7611974069601188,0.2111661738780383,0.6634517414178431,0.18699824632028023,0.5112656570283689,0.18062160774025182,-0.36242822175025563,-0.33969053799562277,-0.08444314884992851,-0.15265666282615434
