,#10,#11,#12,#13,#17,#18,#26,#49,#50,#51,#52,#53,#54,#58,#101,#102,#201,#202,#301,#302,#401,#402,#501,#502,#601,#602,#701,#702,#801,#802,#901,#902,#1001,#1002,#1101,#1102,#1201,#1202,#1301,#1302,#1401,#1402,#1501,#1502,#1601,#1602,#1701,#1702,#1801,#1802,#1901,#1902,#2001,#2002,#2101,#2102,#2201,#2202,#2301,#2302,#2401,#2402,#2501,#2502,#2601,#2602,#2701,#2702,#2801,#2802,#2901,#2902,#3001,#3002,#3101,#3102,#3201,#3202,#3301,#3302,#3401,#3402,#3455,#3501,#3502,#3601,#3602,#3701,#3702,#3801,#3802,#3901,#3902,#4001,#4002,#4101,#4102,#4201,#4202,#4301,#4302,#4401,#4402,#4501,#4502,#4601,#4602,#4701,#4702,#4801,#4802
#10,1.0,0.43653557836466383,0.37933341021796796,0.4963902664052589,0.02354207511628801,0.22773997616576327,0.32359973859224234,0.5106139238073271,-0.05439587898358513,0.44377811094452774,0.40924153307961403,-0.05002883173797717,0.07842232729788952,-0.02733248760235267,-0.1693768500365202,0.2207819167339407,0.46003921116364893,0.16769307653865376,-0.04121016414869488,0.05934724945219698,-0.058739860838811365,0.204766847345558,-0.05237381309345327,0.06339138123246069,0.021304732249259984,0.12200822665590282,0.2245646407565448,0.3470956829277669,-0.19440279860069964,-0.09519855456886941,0.10616230346365278,-0.01616883865759428,0.1952715949717449,-0.2231345865528774,-0.14861799869296122,-0.10909160804213278,-0.23352938915157806,-0.11045246607465498,-0.09592895859762426,-0.02689424518509976,-0.14201360858032522,-0.056148848652596776,-0.24399338792142392,-0.0770691577288279,-0.26364510052665974,-0.08744858340060739,0.30383269903509785,0.3342559489486026,-0.0515819013570138,0.17200630454003768,0.17341329335332334,0.07829931188252028,0.06543651251297428,0.03528235882058971,-0.05880905700995656,0.06652827432437627,-0.34938684503901896,-0.06724330142620998,-0.0858416945373467,-0.06858109406835045,-0.046507515473032716,-0.1171798716026602,-0.06299926959597124,0.024887556221889054,0.2108176680890324,0.30483988774843346,-0.06404490062660977,-0.028293545534924844,0.10297159112751317,-0.05905508784069504,0.035459193480182984,0.23004651520393649,-0.1473955330027294,0.08307384769153885,-0.13177257525083613,-0.11185176642448007,-0.08345827086456771,-0.019021258601468496,-0.2789067004959059,-0.09328412716718563,0.17706531349709762,-0.04701495406143082,0.03156114250567024,0.0376657824933687,0.03634336677814939,-0.09760504363203014,0.020389805097451273,-0.1788029062391881,-0.0632837427440126,-0.07071079844693039,-0.04746857340560489,-0.01634567331718756,0.034805674086033904,0.020720409026256104,-0.003259908507284819,0.03980317533540922,0.15279283435205473,0.10577019182716334,0.30390189520624306,0.12561411601891362,0.1235074770307154,0.25860915695998155,0.1949256141160189,0.13479414139084303,0.17718064044900628,0.30936839272671357,0.13756198823665092,-0.018613770038057895,0.17814938684503903,-0.10947603121516165,-0.25421904432399184
#11,0.43653557836466383,1.0,0.3568830969130819,0.4173528620305232,0.32619075077845694,0.36974589628262794,0.4859800868796371,0.4753623188405797,0.4001691461961327,0.5292738246261485,0.40403644331680316,0.24328604928305078,0.4587321723753508,0.1360704263252989,0.03297581978241648,-0.006335293891515781,0.38117095298504594,0.07467035712912774,-0.19150424787606196,-0.050859185791719524,0.1575750586245339,-0.11520393649329182,-0.035328489601353166,-0.13421750663129972,0.11573444047207165,-0.18705262753238766,0.013693153423288355,0.11972475300811133,-0.08184369353784646,0.17511244377811094,0.1184100257563526,0.1344404720716565,0.16707799946180757,-0.015622957751893284,0.015876677046092337,0.10710029600584323,-0.13738515357705763,-0.10131088302002844,-0.24161765271210547,-0.2675123976473302,-0.12986583631261292,0.1071464267866067,0.009057009956560181,-0.04050282551032176,-0.06748164379348787,0.010733094990966056,0.052881251681851385,0.13485564909852765,-0.2858878253181102,0.0005381924422404183,0.026248414254411257,-0.12026294545035175,-0.03169184638450006,-0.3851689539845462,-0.005420366739707069,-0.15844385499557914,-0.12336908468842502,-0.2347441663783493,-0.30713873832314614,-0.2549955791335102,-0.13440202975435359,-0.1404220966439857,0.17915657555837466,0.27843001576135007,0.18590704647676162,0.32236958443854996,0.09303040787298658,0.23073078845192788,0.17446661284742243,0.07865298120170684,0.10893015030946065,0.1254834121400838,0.056071964017991006,0.1441356244954446,0.00914927151808711,-0.014177526621304733,-0.07443201476184984,-0.06879637104524661,0.014930996040441317,-0.08002921616115019,0.046230730788451926,0.06024679967708454,0.10718486910390958,0.16018144773766962,0.16443316803136893,0.22009764348594935,-0.08141313958405412,-0.04063352938915158,0.1773728520355207,0.2423326798139392,0.051981701456963826,-0.014708030600084573,0.01797562757082997,-0.16948448852496828,-0.12557567370161074,0.16414100641986698,-0.05015953561680698,0.0034213662399569444,0.13598585322723253,0.02475685234305924,0.03452120093799254,0.13280282935455348,0.09293814631145965,0.06268404259408757,0.25788644139468725,0.16676277245992388,0.10439395686771999,-0.014800292161611502,0.10730788451927882,-0.24441625341175566,-0.2561488486525968
#12,0.37933341021796796,0.3568830969130819,1.0,0.4143466728174374,0.1211624956752393,0.42727097989466806,0.028185907046476763,0.12421481566908853,-0.15245454195978933,0.3578134009918118,0.0031753354092184678,-0.05373467112597547,0.020505132049359935,-0.1178641448506516,-0.4411409679775497,-0.1275592972744397,0.6979279590973744,0.5888055972013994,-0.06923461346249953,-0.25903971091377387,-0.2666820435935878,-0.15516856956137315,0.18613770038057895,-0.1472263868065967,0.3235689847384,0.18371583439049705,0.42549494483527467,0.4309230000384423,-0.08879406450620843,-0.014162149694383577,0.3494714181370853,-0.14339753200322916,0.5025794794910238,-0.31759504862953136,-0.35174720332141624,-0.3953715449967324,-0.13142659439511015,-0.492968900165302,-0.16877714988659517,-0.11940952600622766,0.033121900588167455,-0.03934955599123515,-0.199254219044324,-0.5129512166993426,-0.07135662937761889,-0.30968361972859726,0.3934032983508246,0.4240648906316073,0.10520893399454119,0.1732902779379541,0.48907084919078925,0.40165301964402417,0.4409795102448776,0.022135086303002344,0.0024910621612270786,-0.4501134048360435,-0.29961942105870143,-0.38436935378464615,0.13658555337715758,0.0061584592319225,0.07527774574251336,0.07230231038326991,-0.37372852035520704,-0.16989966555183947,0.4191980932610618,0.4579479491023719,-0.3270595471495022,-0.12310767693076538,-0.3205474185983931,-0.06450620843424441,-0.0269480644293238,0.24909083919578673,-0.21134048360435168,-0.0779840848806366,-0.30066505208933997,-0.13924576173451736,-0.0275938953600123,0.2493061161726829,-0.26772767462422636,-0.10216430246415253,0.029123899588667203,0.1122823203782724,-0.10138776765463423,-0.03465190481682236,-0.17030715411525008,0.11140583554376658,0.17234459693230308,0.03431361242455695,0.2251028331987852,0.08278937454349748,0.08195902048975512,0.11805635643716603,0.03359089685926268,0.13411755660631222,0.0788375043247607,0.5888132856648599,0.1956406412178526,0.6665205858609157,0.6461999769346096,0.5248837119901588,0.2938684503901895,0.6208664898320071,0.22880098412332295,0.5023795794410487,0.40412101641486947,0.5793103448275863,0.20482066658978204,0.09946565178948986,0.17882597162956984,0.06689732057048399,-0.0729173874601161
#13,0.4963902664052589,0.4173528620305232,0.4143466728174374,1.0,0.15769807403990313,0.3040172221581517,0.10524737631184408,0.20249875062468767,0.11440433629339176,0.39878522277322875,0.2342982354976358,0.12267712297697306,-0.0353515549917349,-0.21999769346096182,-0.1505016722408027,0.14030676969207703,0.35037865682543345,0.07527005727905278,-0.052881251681851385,0.08340445162034367,0.038980509745127435,0.08886326067735363,-0.07264829123899588,0.00201437742667128,0.09953484796063507,0.14070656979202706,0.13080382885480338,0.3001268596470995,-0.1590666205358859,0.06157690385576443,-0.14300542036673972,0.10906854265175105,0.18035597585822474,-0.16500980279091224,-0.09830469380694268,-0.08079806250720793,-0.27167954484296314,-0.013131895590666205,-0.1961865221235536,-0.16627839926190752,-0.056687041094837194,0.13336408718717566,-0.10048052896628609,-0.002760158382347288,-0.21069465267366316,-0.1312343828085957,0.27442432629838925,0.294860262176604,-0.12704417022258102,0.14285165109752815,0.18035597585822474,0.056148848652596776,0.0644754545804021,-0.17847230231038327,-0.07887594664206359,-0.048844808365048245,-0.18153999923115366,-0.07796870795371545,-0.08694883327566985,-0.2049359935416907,0.03335255449198478,-0.06699727059547149,-0.06837350555491485,-0.008295852073963019,0.23835774420482067,0.3686003152270019,-0.2937608119017414,-0.1681543843462884,0.07729981163264521,0.02433398685272748,-0.052612155460731176,0.32712874332064734,-0.08810979125821705,0.11405066697420521,-0.08695652173913043,0.04074885634106024,0.02230423249913505,0.17179102756314152,-0.3702225810171837,-0.15114750317149117,0.09027793795409987,0.15543766578249338,-0.35465344250951447,0.3556068119786261,-0.001699150424787606,0.2329066236112713,0.08877868757928728,0.1458578403106139,0.20498981278591474,0.32832045515703684,-0.034813362549494485,-0.024410871487333258,-0.034536577864913695,-0.07862222734786453,-0.04420097643485949,0.12114711874831816,0.0760158382347288,0.12505285818629147,0.236404874485834,0.04098719870833814,0.07833775419982317,0.18732941221696844,0.12241571521931342,0.3191634951754892,0.43532080113789257,0.33941490793065004,0.2396417176027371,0.07810710029600584,0.22287317879521779,-0.14657286741244763,-0.21127128743320647
#17,0.02354207511628801,0.32619075077845694,0.1211624956752393,0.15769807403990313,1.0,0.35383846538269326,0.03355245454195979,0.1445431130588552,0.11581132510667744,-0.07533925345019797,-0.21410833045015953,0.6046592088571099,0.204021066389882,0.0025833237227540075,-0.06106177680390574,0.08786376042747857,0.03395225464190981,-0.10035751355091685,-0.22298081728366587,0.05683312190058817,-0.17069926575173952,-0.1186483681236305,-0.18042517202936992,-0.026694345135124746,-0.2861492330757698,-0.08041363933417907,-0.2949294583477492,-0.12795140891092915,0.1699611732595241,0.3344558489985776,-0.036228039826240725,0.266351439664783,0.041786798908238186,0.10401722215815169,0.09827393995310037,0.15395379233460194,-0.05760965671010648,0.15977395917425902,-0.09930419405681774,-0.10261023334486603,0.20672740552800523,0.3020720409026256,0.23869603659708608,0.12839733979164264,-0.333648560335217,-0.24165609502940838,0.13964556183446739,-0.1728135932033983,-0.31019105831699534,-0.33901510783070005,-0.24043362933917656,-0.3501172490677738,-0.3196094260562027,-0.12353054242109715,-0.20757313650866874,0.057671164417791104,-0.2144619997693461,-0.08086725867835313,-0.08479606350670818,-0.06579787029562142,0.08507284819128898,0.03300657363625879,0.06595932802829355,0.12014761849844309,-0.08998577634259793,0.06474455080152232,-0.00701956713950717,0.08391189020874178,0.06288394264406258,0.14272863568215893,0.09465267366316842,0.06167685388075193,0.10566255333871526,0.13849229231538077,0.13550148002921616,0.07677699611732595,-0.02848575712143928,0.030361742205820167,0.00891092915080921,0.21174797216776228,0.2354515050167224,0.4735324645369623,-0.04225579517933341,0.16031984007996003,0.2656210356360281,0.24383961865221235,0.18869027024949064,0.41692230807673086,0.4446699727059547,0.5111598047130281,0.24197132203129204,0.22385730211817167,-0.09014723407527006,0.032491446584400105,0.08766386037750355,0.12233114212124707,-0.013823857302118171,0.07666935762887787,0.049936570176450236,-0.07186406796601699,-0.1797255218544574,-0.04640756544804521,0.10167992926613616,-0.2315457655787491,0.02239649406066198,-0.08648752546803522,-0.17648099027409372,-0.09761273209549072,-0.010448621842924692,0.037673470956829276,0.06082343443662784
#18,0.22773997616576327,0.36974589628262794,0.42727097989466806,0.3040172221581517,0.35383846538269326,1.0,0.04390881482335755,0.1088455772113943,-0.16749317648867873,0.09323799638642218,-0.1322877023026948,0.24683811940183753,0.2462076653980702,-0.15623726598239343,-0.17865682543343714,0.1540921846768923,0.2947680006150771,0.1797485872448391,-0.03539768577249837,0.020920309076231117,-0.22367277899511784,0.015407680774997117,-0.017698842886249185,0.02331142121247069,-0.04849882750932226,0.1510091108292008,0.2525045169722831,0.31019874678045595,-0.005166647445508015,0.3644408564948295,0.24730711567293276,0.0831199784723023,0.3336254949448353,-0.08463460577403606,-0.11998616076577096,0.10513204935993542,-0.23913427901433898,-0.044700726559797024,-0.208295852073963,-0.16636297235997385,0.04839118902087418,0.28459616345673316,0.0032368431169030867,-0.00858801368546496,-0.052881251681851385,-0.15061699919271135,0.21083304501595357,0.22433398685272748,-0.06795832852804368,0.05172029369930419,0.25218160150693886,-0.025210471687233307,0.11358935916657056,-0.12243109214623457,-0.1853381001806789,-0.1166724330142621,-0.3727213316418714,-0.28895552223888055,-0.1554607311728751,-0.05368085188175143,-0.2803982624072579,-0.2013301041786799,0.10029600584323223,0.18420020758851344,0.34299773190327915,0.22511821012570638,-0.12458386191519624,-0.18309306885019028,-0.07719217314419713,-0.004513128051358936,-0.13550148002921616,-0.08311229000884174,-0.18083266059278053,0.06683581286279937,-0.21113289509091607,-0.11936339522546419,-0.34173682389574445,-0.048129781263214544,-0.2656441010264099,0.16677814938684504,0.10778456925383462,0.43030792296159615,-0.04897551224387806,0.16452542959289587,0.04894475839003575,-0.06079268058278553,-0.06932687502402644,0.37874908699496407,0.38657594279783186,0.32975050936070427,0.12734402029754355,-0.12581401606888865,0.02624072579095068,-0.09165417291354323,-0.004543881905201245,0.21418521508476532,0.08325068235113213,0.22245031330488602,0.36118863645100524,0.0658747549302272,-0.0217429746665129,0.2244262484142544,0.15734440472071656,0.11861761426978819,0.19781647637719602,0.19999231153653943,-0.013723907277130666,-0.33070387882981583,0.13091146734325146,-0.09550609310729251,-0.11740283704301695
#26,0.32359973859224234,0.4859800868796371,0.028185907046476763,0.10524737631184408,0.03355245454195979,0.04390881482335755,1.0,0.3027793795409987,0.2538730634682659,0.47360934917156805,0.5423749663629723,-0.04951370468611848,0.38538423096144236,0.38877484334755696,0.08789451428132088,0.23063083842694038,-0.05024410871487333,-0.03592050128781763,-0.027670779994618075,0.2204820666589782,0.05770960673509399,0.1333410217967939,0.0029293045784799907,0.16708568792526812,-0.1606273786183831,-0.14376657824933686,-0.06380655825933187,-0.09566755083996463,-0.02865490331757198,0.08508053665474954,0.10286395263906509,0.30256410256410254,-0.004982124322454157,0.33124975973551685,0.16846192288471148,0.18912082420328297,-0.008834044516203437,0.045138968977049936,-0.14768769461423134,0.03776573251835621,-0.12887402452619845,0.10769999615576827,-0.1964633068081344,0.16412562949294585,-0.17749586745088994,0.13952254641909814,-0.20719640179910045,-0.09945027486256872,-0.07387844539268827,0.007004190212586014,-0.14461230923000037,-0.09432975819782416,-0.11329719755506862,-0.09172336908468842,-0.07098758313151117,-0.005504939837773421,-0.21216314919463344,-0.08704109483719678,-0.25833237227540073,-0.0773382539499481,-0.03509783569753585,-0.13741590743089993,0.14476607849921194,0.3452120093799254,0.04850651597278284,0.1945950101872141,0.311744127936032,0.46530580863414445,0.20460538961288585,0.2945988544189444,0.16520201437742668,0.1374620382116634,0.09727443970322532,0.21325491100603544,0.1212009379925422,0.10972206204590013,-0.06197670395571445,-0.31887902202744783,0.1317495098604544,0.16534809518317764,-0.05044400876484834,-0.20605082074347442,0.3114673432514512,-0.09239226540575866,0.15533771575750585,-0.06801214777226772,-0.15014031445815554,-0.28095183177641947,-0.03846538269326875,-0.18845961634567332,0.1370929919655557,-0.09812785914734941,0.03308345827086457,-0.15537615807480876,-0.19137354399723217,-0.049498327759197325,0.021281666858878254,-0.30338676815438437,-0.16336447161034867,0.030584707646176913,0.09366086187675393,-0.05368085188175143,0.1186483681236305,-0.22417252912005536,-0.08051358935916657,-0.1724753008111329,-0.04871410448621843,-0.02931611117518164,-0.09136969976550187,-0.11192865105908584,-0.13948410410179526
#49,0.5106139238073271,0.4753623188405797,0.12421481566908853,0.20249875062468767,0.1445431130588552,0.1088455772113943,0.3027793795409987,1.0,0.26198439241917504,0.26041594587321726,0.35332333833083457,0.23101526159996924,0.2820666589782032,0.2155153192634452,-0.055364625379617886,-0.1554299773190328,0.1828854803367547,0.11396609387613886,-0.24575404605389614,-0.1194633452504517,0.08679506400645831,-0.1548533425594895,-0.09045477261369315,-0.20033060392880483,-0.06196901549225387,-0.286964210202591,-0.1315803636643217,0.11289739745511859,0.045984699957713454,-0.023857302118171685,0.058047899127359394,-0.01140199131203629,0.16565563372160075,-0.026394495060162226,0.02720947218698343,0.03131511167493176,0.06803521316264945,-0.07370161073309499,-0.02359589436051205,-0.10563179948487295,-0.14508899396455618,-0.13437896436397187,-0.11109060854188291,-0.05006727405528005,-0.24992119324952908,0.08237419751662631,-0.002268096720870334,0.08449621343174567,-0.15619113520162994,-0.05665628724099489,-0.14118325452658287,-0.13996078883635105,-0.10090339445661785,-0.19810094952523738,0.047537769576750086,-0.04490062660977204,-0.12813593203398302,-0.044016453311805634,-0.20746549802022066,-0.07603890362511052,-0.15993541690693114,-0.03632030138776766,0.1139122746319148,-0.037619651712605236,0.05267366316841579,0.31894821819859304,0.1381386229961942,0.09835851305116672,0.10587014185215085,-0.08704878330065736,0.22326529043170723,0.12047822242724791,0.15177026871179794,0.3081843693537846,0.17726521354707261,0.1001345481105601,0.01237842617152962,-0.03340637373620882,-0.03798100949525238,-0.16409487563910352,0.3110906085418829,-0.11807173336408719,0.3029946565178949,0.22069734363587437,0.09030869180794218,0.06833506323761196,-0.14605005189712836,-0.1535616806981125,-0.18469995771345096,-0.04424710721562296,-0.06921923653557836,0.026609772037058395,-0.11700303694306693,-0.21285511090608542,-0.1481797562757083,0.09297658862876254,-0.2322531042171222,0.007088763310652366,0.06678968208203591,0.06334525045169723,0.1027870680044593,0.058386191519624805,-0.04172529120055357,0.06546726636681659,0.14648060585092068,0.18024833736977666,0.16697036097335946,-0.009687463960327528,0.12397647330181064,-0.1771960173759274,-0.30164148694883325
#50,-0.05439587898358513,0.4001691461961327,-0.15245454195978933,0.11440433629339176,0.11581132510667744,-0.16749317648867873,0.2538730634682659,0.26198439241917504,1.0,0.37660400568946295,0.330027294045285,0.16806212278476146,0.24868335063237612,0.4196055818244724,0.3801253219544074,-0.02721716065044401,-0.16643985699457964,-0.231638027140276,-0.20337523545919348,0.04942913158805213,0.501318571483489,-0.0748241263983393,-0.06186137700380579,-0.06441394687271748,-0.04302464152539115,-0.35244685349632876,-0.4267174105255065,-0.25462653288740245,-0.07279437204474686,-0.14152154691884827,-0.14237496636297237,0.18483835005574137,-0.04758390035751355,0.2883404451620344,0.31982470303309884,0.12438396186522123,0.02733248760235267,0.07709222311920963,-0.10293314881021028,-0.1344327836081959,-0.16840041517702686,-0.149240764233268,0.0671356629377619,0.12876638603775037,0.02344981355476108,0.2853035020951063,-0.33168031368930917,-0.2098335447660785,-0.4946526736631684,-0.2633452504516972,-0.3798100949525237,-0.2346057740360589,-0.364886787375543,-0.30181832160842653,0.06289163110752316,0.00900319071233614,0.16823895744435474,0.0856110406335294,-0.3707915273132664,-0.38893630108022914,0.0349440664283243,0.019882366509053166,0.3168877099911583,0.2557336716257256,-0.3181409295352324,0.10018836735478415,0.2799523315265444,0.32951216699342634,0.4053434821051013,0.38164763771960175,0.3604582324222504,0.2923461346249952,0.32405335793641643,0.17398992811286665,0.37348248952446855,0.24486987275592972,0.2407949871218237,-0.16816207280974896,0.2775458424633837,-0.2019759351093684,-0.1347787644639219,-0.27624649213854613,-0.007242532579863914,0.1574751085995464,0.2983046938069427,0.2446392188521124,-0.07990620074578096,-0.07937569676700111,-0.12355360781147888,0.12486064659977704,0.04322454157536616,-0.13010417867989083,0.018944373966862722,-0.3313958405412678,-0.30128781762964674,-0.1710760004613078,-0.20548956291085227,-0.22438780609695153,-0.2439626340675816,-0.27568523430592395,-0.07129512166993426,-0.21935186253027333,-0.18504593856917695,-0.11555760581247837,0.11008341982854726,-0.22825510321762196,0.009549071618037135,0.17028408872486833,-0.04443931880213739,-0.27413216468688734,-0.18862876254180602
#51,0.44377811094452774,0.5292738246261485,0.3578134009918118,0.39878522277322875,-0.07533925345019797,0.09323799638642218,0.47360934917156805,0.26041594587321726,0.37660400568946295,1.0,0.5623495944335525,-0.07294045285049783,0.23005420366739707,0.35115519163495174,0.10402491062161227,0.05700226809672087,0.42853188790220276,0.3189405297351324,0.025049013954561182,-0.06059278053281052,0.1899973090377888,0.03292200053819244,0.27600046130780764,0.06868104409333795,0.24970591627263292,-0.022281167108753316,0.08508053665474954,0.07804559258832122,-0.15646791988621075,-0.20286779687079537,0.21350094183677393,0.08391189020874178,0.3524314765694076,-0.0483143043862684,0.024272479145042863,-0.24057971014492754,-0.04171760273709299,-0.29091608042132777,-0.1505247376311844,-0.12736708568792526,-0.1632568331219006,-0.2925537231384308,-0.14630377119132743,-0.18430015761350094,-0.07959866220735785,0.07272517587360167,-0.20313689309191557,0.011325106677430516,-0.08935532233883059,0.0036597086072348442,0.039249605966247644,0.10657748049052397,0.11398147080306001,-0.09760504363203014,0.05958559181947488,-0.25960096874639604,-0.12551416599392612,-0.18521508476530965,-0.1415753661630723,-0.21846000076884634,-0.057379002806289166,-0.09412216968438858,-0.09344558489985777,0.07681543843462883,0.05673317187560066,0.3752969669011648,0.04393188021373928,0.2371275900511283,0.21824472379195017,0.20988736401030253,0.23394456617844925,0.3139584054126783,-0.033913812324606926,0.0428708722561796,-0.08815592203898051,-0.09370699265751739,-0.03389843539768577,-0.1617960250643909,-0.0342982354976358,-0.19958482297312882,0.06462153538615308,-0.2787298658363126,0.007626955752892784,0.1675777495867451,-0.03841925191250529,0.12153154192134702,0.03295275439203475,-0.31934801829854303,-0.2120785760965671,-0.0003844231730288702,-0.1409295352323838,-0.10523199938492292,-0.011970937608119018,-0.11144427786106946,-0.1591358167070311,0.26354515050167227,0.13084995963556684,0.08065198170145696,0.1373313343328336,-0.000399800099950025,0.1146657440510514,0.29208472686733555,0.2079960019990005,0.21188636451005266,0.20849575212393803,0.24005689462960828,0.14195978933610118,-0.006181524622304232,0.11807173336408719,-0.1362626379118133,-0.23750432476069658
#52,0.40924153307961403,0.40403644331680316,0.0031753354092184678,0.2342982354976358,-0.21410833045015953,-0.1322877023026948,0.5423749663629723,0.35332333833083457,0.330027294045285,0.5623495944335525,1.0,-0.08293545534924845,0.22294237496636296,0.3739130434782609,0.13108061353938416,0.22834736477914888,0.011094452773613194,0.07656940760389036,0.10504747626186907,0.1091146734325145,0.16806212278476146,0.342690193364856,0.3671318187060316,0.31019874678045595,0.16108868642601776,0.0607696151924038,-0.014139084304001846,-0.11444277861069466,-0.045654096028908624,-0.09647483950332526,-0.06168454234421251,0.2551570368661823,0.01981317033790797,0.36224964440856494,0.22587936800830355,0.1347018798293161,0.03230692346134625,0.07933725444969823,0.010264098719870834,0.12127782262714797,-0.4003306039288048,-0.2588936301080229,-0.4320532041671472,0.11603429054703418,0.013108830200284473,0.43727367085687924,-0.35012493753123436,-0.1396686272248491,-0.22622534886402954,-0.03534386652827432,-0.23575904355514551,-0.10509360704263253,-0.1773420981816784,0.01474647291738746,-0.12383808095952024,0.045354245953946104,-0.12240033829239226,0.09225387306346827,-0.29584438549955794,-0.26956521739130435,-0.04318609925806328,-0.11495021719909276,0.24746857340560488,0.24245569522930843,-0.11541152500672741,0.1481797562757083,0.22911621112520664,0.20079191173643948,0.4526044669972706,0.2925921654557337,0.3374927920655057,0.2661746050051897,0.17226002383423672,0.2291930957598124,0.1631107523161496,0.13287202552569868,0.08601084073347941,-0.3895129358397724,0.2373274901011033,0.10082650982201206,-0.03121516164994426,-0.4592396109637489,0.20083804251720294,0.03761196324914466,0.26082343443662787,0.009833544766078499,-0.22492599853919193,-0.4174451235920501,-0.40144543113058856,-0.21678391573444047,-0.06472917387460116,-0.23966478299311883,0.10711567293276439,-0.28360435167031867,-0.32160073809249223,0.009241533079614039,0.274993272594472,-0.3038096336447161,-0.23743512858955138,-0.29814323607427057,0.14844116403336793,-0.06640525890900703,-0.007181024872179295,-0.11519624802983124,-0.07251758736016607,-0.10113404836043517,0.14628839426440626,0.08776381040249107,0.0854034521200938,-0.20073809249221544,-0.23548994733402528
#53,-0.05002883173797717,0.24328604928305078,-0.05373467112597547,0.12267712297697306,0.6046592088571099,0.24683811940183753,-0.04951370468611848,0.23101526159996924,0.16806212278476146,-0.07294045285049783,-0.08293545534924845,1.0,0.2752700572790528,0.018144773766962673,0.03471341252450698,0.0379041248606466,0.01746818898243186,-0.07159497174489678,-0.2855418444623842,-0.10194133702379579,-0.06337600430553954,-0.16027370929919654,-0.16447929881213239,-0.18460000768846346,-0.26684350132625995,-0.23665090531657249,-0.1919424902933149,-0.03884980586629762,0.1836005074385884,0.046476761619190406,-0.13234152154691886,0.1378387729212317,0.03879598662207358,0.05084380886479837,0.08042132779763964,0.09778956675508399,-0.10981432360742706,0.09141583054626533,-0.19482566409103141,-0.26901933648560333,0.1630108022911621,0.09699765501864452,0.3062007457809557,0.12200822665590282,-0.29260754238265485,-0.22158151693384076,0.06691269749740514,-0.09396071195171644,-0.30873025025948564,-0.3685849383000807,-0.23553607811478877,-0.4211355860531273,-0.3381770653134971,-0.31601891362011303,-0.27255602967746895,-0.011978626071579596,-0.12362280398262407,-0.03812709030100334,-0.07503940337523546,-0.08754084496213432,0.021289355322338832,0.08528812516818514,0.20671202860108406,0.1381386229961942,-0.031084457771114442,-0.04417022258101718,-0.025125898589166955,-0.11914811824856802,0.08501134048360436,0.08976281090224118,0.09844308614923307,0.022365740206819668,0.11312805135893592,0.27559297274439704,0.15983546688194364,0.07037250605466497,-0.015246223042324992,0.08238188598008687,0.06471379694768001,0.03237611963249145,0.4430784607696152,0.43891900203744283,0.09071618037135279,0.37347480106100794,0.32202360358282395,0.4085341944412409,0.2715949717448968,0.5026486756621689,0.3805020566639757,0.6250105716372583,0.15759043555145505,0.28501902894706493,-0.13967631568830968,0.06366816591704148,0.191904047976012,-0.005674086033906124,-0.23522853957636566,0.11812555260831123,0.09692077038403875,-0.20143774266712797,-0.1808403490562411,-0.15064006458309306,-0.05201245531080614,-0.14721100987967556,0.09858916695498404,0.038488448083650484,0.037373620881866756,-0.046715103986468304,0.23049244608464997,0.11457348248952447,0.08806366047745358
#54,0.07842232729788952,0.4587321723753508,0.020505132049359935,-0.0353515549917349,0.204021066389882,0.2462076653980702,0.38538423096144236,0.2820666589782032,0.24868335063237612,0.23005420366739707,0.22294237496636296,0.2752700572790528,1.0,0.42420328297389764,0.23558220889555223,0.00867258678353131,0.09726675123976473,0.10461692230807673,0.06914235190097259,-0.042986199208088265,0.011555760581247838,-0.24194056817744974,-0.012086264560027678,-0.12393803098450774,-0.22697112981970552,-0.4040441317802637,-0.0634913312574482,-0.18062507207934494,0.3193403298350825,0.22475685234305923,0.20314458155537615,0.09512935839772421,-0.15153192634452003,0.06779687079537154,0.15596048129781262,0.1614807980625072,0.0016607081074847191,-0.03227616960750394,-0.2350824587706147,-0.30706954215200094,0.04029523699688617,0.12685964709952716,0.1823780417483566,0.23352170068811748,-0.05374235958943605,0.04659977703455964,-0.1622650213354861,-0.12200822665590282,-0.10048052896628609,-0.1803021566140007,-0.11136739322646369,-0.14584246338369278,-0.10781532310767693,-0.07831468880944144,0.05303502095106293,0.04226348364279399,-0.03898819820858802,-0.1480721177872602,-0.32991965555683694,-0.08438857494329759,-0.1939799331103679,-0.15762887786875793,0.26094644985199705,0.37003805789412986,0.11716449467573906,0.023557452043209165,0.47558528428093644,0.3595125514165994,0.2041902125860147,0.1616268788682582,0.4626456002767847,0.0937377465113597,0.39525621804482375,0.5404989812785915,0.23437512013224157,0.23285280436704725,-0.09146196132702879,-0.072063968015992,0.4115326951908661,0.24979048937069925,-0.019774728020605082,0.18427709222311922,0.48858647599277283,-0.0892169299965402,0.2094644985199708,-0.0340598931303579,-0.29728212816668587,0.040610463998769844,0.08930919155806712,0.2644447007265598,0.208641832929689,-0.011632645215853612,-0.1498173989928113,-0.2956291085226617,-0.31179794718025605,0.0829508322761696,-0.22571791027563143,-0.09953484796063507,-0.1479721677622727,0.07758428478068657,0.065259677853381,0.14642678660669664,-0.2750009610579326,-0.004251720293699304,-0.20552800522815515,-0.15972013993003498,-0.029954253642409563,-0.23292200053819245,0.19021258601468496,-0.16633990696959214,-0.09502171990927613
#58,-0.02733248760235267,0.1360704263252989,-0.1178641448506516,-0.21999769346096182,0.0025833237227540075,-0.15623726598239343,0.38877484334755696,0.2155153192634452,0.4196055818244724,0.35115519163495174,0.3739130434782609,0.018144773766962673,0.42420328297389764,1.0,0.3216391804097951,0.01474647291738746,-0.14662668665667167,0.16816207280974896,-0.05474185983931111,-0.0722715565294276,0.208641832929689,-0.11954791834851805,0.04802983123822704,0.005335793641640718,-0.13678545342713258,-0.4111021412370738,-0.2481144043362934,-0.41783723522853955,0.14876407949871218,-0.1089455272363818,0.09505247376311844,0.12296159612501442,-0.10271018336985353,0.23223772729020106,0.2820820359051244,0.046123092300003846,0.05880136854649598,-0.08105178180140699,-0.19383385230461692,-0.1662476454080652,-0.23196094260562028,-0.18223964940606618,-0.11829469880444393,0.05891669549840464,-0.19905431899434897,0.1376234959443355,-0.33094222119709377,-0.4052512205435744,-0.12615230846115405,-0.37455887440894936,-0.45289662860877256,-0.2906316072732864,-0.2569561373159574,-0.12602160458232423,0.05987775343097682,0.017045323492100105,0.08232806673586283,0.1376234959443355,-0.30520124553108063,-0.15255449198477683,-0.04758390035751355,0.08341214008380425,0.1564832968131319,0.235313112674432,-0.3242917003036943,0.04465459577903356,0.5686771998616077,0.5247606965747895,0.3287510091108292,0.28927074924076424,0.6286625917810326,0.20456694729558297,0.45307346326836584,0.4448775612193903,0.4537884903701995,0.3960558182447238,0.21938261638411563,-0.09909660554338215,0.562103563602814,0.09040095336946911,0.11066005458809057,-0.2519663245300427,0.4528428093645485,-0.026348364279398764,0.3351093683927267,0.003398300849575212,-0.03505939338023296,-0.3038788298158613,-0.21569215392303848,0.05190481682235805,0.038626840425940875,-0.1442048206665898,-0.08620305231999385,-0.30866105408834044,-0.3502248875562219,-0.03436743166878099,-0.14595010187214086,-0.11220543574366663,-0.2823126898089417,-0.18233191096759313,-0.07448583400607389,-0.07954484296313381,-0.16140391342790145,-0.004343981855226233,-0.17684234805674087,-0.1833237227540076,-0.06336062737861839,0.0017760350593933802,0.026133087302502595,-0.03673547841463883,-0.10641602275785185
#101,-0.1693768500365202,0.03297581978241648,-0.4411409679775497,-0.1505016722408027,-0.06106177680390574,-0.17865682543343714,0.08789451428132088,-0.055364625379617886,0.3801253219544074,0.10402491062161227,0.13108061353938416,0.03471341252450698,0.23558220889555223,0.3216391804097951,1.0,0.24659208857109907,-0.13757736516357205,-0.18667589282281935,0.27150271018336986,0.06098489216929997,0.63342175066313,0.08751009110829201,-0.1888363510552416,0.06169223080767309,-0.06763541306269942,-0.389120824203283,-0.5332718256256487,-0.4790220274478146,0.23167646945757892,0.045823242225041326,0.06809672087033407,0.1419521008726406,-0.1701303194556568,0.04872179294967901,0.5302963902664053,0.08817898742936224,0.3087763810402491,0.29416061200169147,0.19397224464690732,-0.06579018183216084,0.10184907546226886,0.07681543843462883,0.30899934648060584,0.46748933225694844,-0.14852573713143427,0.20648137469726674,-0.32133164187137203,-0.40702725560296776,-0.4215353861530773,-0.4392034751854842,-0.39913120362895477,-0.40359820089955023,-0.3142121247068773,-0.03602813977626571,0.33397147580056125,0.4327067235612963,-0.016084265559527928,-0.07314804136393342,-0.5373390227962942,-0.5684619228847115,-0.23884980586629762,-0.1580056125783262,0.29925806327605425,0.23582055126283014,-0.4958136316457156,-0.4519278822127398,0.5061315496098104,0.4096336447161035,0.6548033675469958,0.1496098104793757,0.38391573444047206,-0.004789912735939723,0.3945488794064506,0.11002191212086264,0.2776842348056741,0.03908814823357552,0.04359358782147388,-0.4091954022988506,0.40620459001268594,0.009848921692999654,0.025187406296851574,-0.08345827086456771,0.007219467189482182,0.05812478376196517,0.12550647753046554,-0.12496059662476454,-0.3218083266059278,-0.17561988236650905,-0.1691769499865452,0.14452773613193404,-0.26060815745973165,-0.4624457002268097,-0.4247337869526775,-0.4476684734555799,-0.47860685042094336,-0.40245261984392416,-0.2695113981470803,-0.40505900895705993,-0.4017299042786299,-0.3903663552838965,-0.2844731480413639,-0.2934686502902395,-0.05882443393687772,-0.11865605658709107,0.030569330719255758,-0.2278245492638296,-0.015230846115403837,-0.1885980086879637,-0.2205128205128205,-0.4228654903317572,-0.380133010417868
#102,0.2207819167339407,-0.006335293891515781,-0.1275592972744397,0.14030676969207703,0.08786376042747857,0.1540921846768923,0.23063083842694038,-0.1554299773190328,-0.02721716065044401,0.05700226809672087,0.22834736477914888,0.0379041248606466,0.00867258678353131,0.01474647291738746,0.24659208857109907,1.0,-0.18001768346595934,-0.12186214585015184,0.22730173374851037,0.5966170760773459,-0.09671318187060315,0.7399454119094299,0.03594356667819936,0.5420981816783915,-0.26025448814054514,0.4048975512243878,-0.06226117710375582,-0.15997385922423404,-0.08991658017145274,0.23515934340522046,-0.0328681812939684,0.4331449659785492,-0.1062930073424826,0.2070733863837312,0.37316726252258486,0.35966632068581095,-0.09538307769192327,0.48551109060854186,-0.12281551531926345,0.06705108983969554,-0.12923538230884557,0.16462537961788337,0.02191980932610618,0.6314996347979857,-0.06625148963979549,0.3651481951332026,-0.11834851804866797,-0.25391150578556876,-0.367869911198247,-0.17119901587667705,-0.20858801368546495,-0.2360358282397263,-0.4220582016683966,0.14741859839311114,-0.4747164879098912,0.35755199323415215,-0.5530157997924114,0.2266789682082036,-0.41046399876984585,-0.29703609733594744,-0.2595163956483297,-0.33696228808672585,0.4397724214815669,0.5492253873063468,-0.09978087879137354,-0.05735593741590743,0.19372621381616884,0.24047976011994002,0.5016261100219122,0.4369815092453773,0.1876446392188521,0.07453196478683735,0.006858109406835044,0.15449198477684234,0.07872217737285203,0.08505747126436781,-0.2816822358051743,-0.45606427555453044,-0.012862799369545996,0.5161496174989428,-2.306539038173221e-05,-0.039280359820089955,-0.11550378656825433,-0.025333487102602546,0.21090224118709877,-0.128681812939684,-0.24414715719063546,-0.11611886364510053,-0.04417791104447776,0.11343558989735901,0.054380502056663976,-0.4443778110944528,0.12616768538807518,-0.2765309652865875,-0.28491139045861685,-0.30252566024679967,0.33808480375197014,-0.2583938799830854,-0.20219890054972514,-0.47093376388728714,-0.30902241187098756,-0.2278706800445931,0.11400453619344174,-0.22733248760235267,-0.19947718448468074,-0.3142813208780225,-0.3313573982239649,-0.3026948064429324,0.05990081882135855,-0.2930457847999077,-0.31883289124668435
#201,0.46003921116364893,0.38117095298504594,0.6979279590973744,0.35037865682543345,0.03395225464190981,0.2947680006150771,-0.05024410871487333,0.1828854803367547,-0.16643985699457964,0.42853188790220276,0.011094452773613194,0.01746818898243186,0.09726675123976473,-0.14662668665667167,-0.13757736516357205,-0.18001768346595934,1.0,0.5734901779879291,-0.047099527159497175,-0.4239495636796986,-0.02913158805212778,-0.24832968131318955,0.062384192519125053,-0.21760658132472224,0.3167723830392496,0.019198093261061776,0.3276669357628878,0.3573828470380194,-0.03328335832083958,-0.12588321224003382,0.3902356514050667,-0.20339061238611464,0.5830700034598085,-0.5686618229346865,-0.21476184984430863,-0.48085188175143195,0.0024910621612270786,-0.46809672087033405,-0.02072809748971668,-0.22437242917003036,0.18794448929381463,-0.13557836466382195,0.0932610617768039,-0.44145619497943334,-0.10218736785453428,-0.43743512858955136,0.4415100142236574,0.3502095106293007,0.08508053665474954,0.03180717333640872,0.48834044516203434,0.2709337638872871,0.4276554030676969,-0.002652519893899204,0.1359627878368508,-0.30470918386960366,-0.26484450082650984,-0.4535347710760005,0.19022796294160613,-0.023849613654711107,-0.017406681274747243,0.017598892861261678,-0.4034059893130358,-0.292476838503825,0.2109176181140199,0.25288894014531194,-0.2609080075346942,-0.11066005458809057,-0.17917964094875638,-0.2711029100834198,-0.024303232998885173,0.2384192519125053,-0.27204859108907087,-0.21291661861377004,-0.4127628493445585,-0.3868296620920309,-0.18542267327874523,0.19650174912543728,-0.2314458155537616,-0.26405258909007034,0.21842924691500404,0.13979933110367893,-0.17179871602660207,0.053488640295237,-0.27122592549878904,0.10416330296390267,0.19797793410986814,0.021812170837658094,0.21787567754584247,0.15914350517049167,-0.23245300426709722,0.1780186829662092,-0.1511782570253335,0.26950370968361975,0.15679852381501558,0.4876407949871218,0.04075654480452082,0.604074885634106,0.6402644831430438,0.46143851151347404,0.1543074616537885,0.5913351016799293,0.34169838157844157,0.5237535078614539,0.4373582439549456,0.7137969476800061,0.24910621612270786,-0.05468804059508707,0.19324184061815247,-0.0010533194940991043,-0.11621112520662745
