,#10,#11,#12,#13,#17,#18,#26,#49,#50,#51,#52,#53,#54,#58,#101,#102,#201,#202,#301,#302,#401,#402,#501,#502,#601,#602,#701,#702,#801,#802,#901,#902,#1001,#1002,#1101,#1102,#1201,#1202,#1301,#1302,#1401,#1402,#1501,#1502,#1601,#1602,#1701,#1702,#1801,#1802,#1901,#1902,#2001,#2002,#2101,#2102,#2201,#2202,#2301,#2302,#2401,#2402,#2501,#2502,#2601,#2602,#2701,#2702,#2801,#2802,#2901,#2902,#3001,#3002,#3101,#3102,#3201,#3202,#3301,#3302,#3401,#3402,#3455,#3501,#3502,#3601,#3602,#3701,#3702,#3801,#3802,#3901,#3902,#4001,#4002,#4101,#4102,#4201,#4202,#4301,#4302,#4401,#4402,#4501,#4502,#4601,#4602,#4701,#4702,#4801,#4802
#10,1.0,0.3027175094971705,0.24697039103818766,0.4699782987918581,-0.04329043990060939,0.1309276919446411,0.16193497040954669,0.5158826006283633,0.090058625651846,0.40659642693541,0.26377497649132087,0.025847573305200423,0.0067278372363118125,-0.15341180934401275,-0.2764049103032154,-0.09589805522008912,0.19433408755442655,0.11369443403341709,-0.1599934294849549,-0.0568085805373941,-0.06769249989588973,0.0007241447919414021,-0.08369355487999555,-0.08571421961252469,-0.1348917484510705,-0.08061790604163485,0.14998727541100423,0.18840813078101212,-0.20483950822933875,-0.10150335235080998,0.0856124229005585,0.0983582966633814,0.1771656093689992,-0.03813166016555847,-0.03378956768787277,-0.11844834048223879,-0.12194181855198805,-0.14496314496314497,-0.0749908614315394,-0.1222361035920358,-0.07813360355733237,0.005554398774737758,-0.03939717838022923,-0.1133265777333574,-0.12963302285336184,-0.0651466566720804,0.24053637612959647,0.20574734981514642,0.14468783112850908,0.09648338631389479,0.11493913019336748,-0.048650036785630006,0.0905019040612261,-0.023958318873573112,0.0013492691458793153,-0.1583929075454499,-0.1101153541831508,-0.12845680811782506,0.013414493075510025,0.020303354201659286,0.06059819449649958,0.07696247865739392,-0.20088840766806867,-0.10897384287214795,0.23843427402749437,0.1899276780632713,-0.2944742893895436,-0.17205032459269748,-0.07948657440182864,-0.11054799020900716,0.015306986493427172,0.02683824039756243,0.06044920112716723,0.013638908554162792,-0.07397428244885872,0.026951142205379492,-0.11513532022006598,-0.1547740344350514,-0.22896579167765607,-0.17243946565980464,0.052967605509978394,-0.2041533058482211,-0.06875303654964672,-0.1263172263172263,-0.006249855402397775,-0.016093597449529654,0.028107923023177262,-0.2083496439428643,-0.04031010980163523,0.058527556832641575,-0.09254709254709255,0.05465789364094449,-0.09570649231666181,0.07549059074482803,-0.005385046063012165,0.1612325730969799,-0.025014228404058914,0.11130822656246385,0.20482053702392686,0.18592567914601812,0.14814799391070577,0.13660470948606543,0.13280352771878196,0.04839647043036874,0.02090164124062429,0.19129915740085232,0.013899415594330848,-0.023547430327091345,-0.09039871921227853,0.03976827366657875,0.09957199109741482
#11,0.3027175094971705,1.0,0.23311169412864327,0.15805142584803603,-0.05470277673667504,-0.10128217585844705,0.29927909419434845,0.0753105956495787,0.48728744152472964,0.4437748997071031,0.40446522074446295,0.12091089548716667,0.09575877880962627,-0.02105341088391936,-0.07003289884645816,0.0295983194288279,0.23794241082376674,0.06337308032223286,-0.1382047687132433,0.08743412133242642,0.04280921908040552,0.14211422516507263,-0.12806489077675517,-0.028969493376273036,-0.07303358828782558,-0.0490447304006626,0.023386406437253895,0.08895459403933981,-0.20849678646288816,-0.18715464308684648,-0.07217155522240268,-0.1345525803152922,0.00438743828574337,-0.061378790192349514,-0.19408329747312797,-0.20072784649055836,-0.17057751125547735,-0.10088701953108732,-0.06051213000365543,-0.20960960960960962,-0.13000273000273,-0.19620437078064196,-0.03776658013946149,-0.13806364145347197,-0.14583767126140007,-0.027450871518668127,0.01093019059120754,-0.021393504444351903,0.00399922264329044,0.07304700694531203,0.09178176635803754,0.05749709648014733,0.04986280579500919,0.06568941823179111,-0.16036221120966884,-0.20008143736957296,-0.08852149530115631,-0.07402888250345878,0.028573874336586202,-0.14237658305454914,0.0689681977817571,-0.0033130202621728046,-0.05597893733486954,-0.006751435564994887,0.07727295862889083,0.1651299990283041,0.07696571764368375,0.2019859613079952,0.0030923064821369904,0.15920450496721683,0.15023945362928415,0.18917114340843155,0.02178866077171162,0.07156031223827834,-0.21588769046396164,-0.17012497859955486,-0.07003983953136496,-0.1274212579297325,-0.14849456544371797,-0.24982393795953117,0.09655880842321521,0.0026670738535145315,0.081616901955885,-0.05340440594677883,0.08474715084884576,0.014506494167511116,0.014350097400944858,-0.15250581860751353,-0.1398566517210585,-0.028733047377115174,0.004342555190012817,0.07054512139257901,-0.08049713812425677,0.017336442760171572,-0.05974402754063771,0.12715890004025598,-0.09916387882489577,0.10178375602104416,0.24392481850108969,-0.02715057121836783,0.1594215170486357,0.014079410689580182,-0.04777736133668337,-0.0067158067158067155,-0.05348908230264163,-0.008992351365232722,0.026648528343443598,-0.059776880115863164,-0.11411735310040395,-0.007560256712799086,0.04108052582628854
#12,0.24697039103818766,0.23311169412864327,1.0,0.44118741237385306,-0.06104748816613224,0.25771364584923906,0.12510260645853866,-0.016138943257587326,-0.10209377328021396,0.2494537680978359,0.13956400231865268,-0.01786578566239583,-0.023085643424626476,-0.08514230717620548,-0.14396785074751176,-0.10465257244918262,0.5574591540693236,0.6877904098243082,-0.3436911487758945,-0.23679025712924018,-0.11210918160070703,-0.1211852838971483,0.32292785852107886,0.13558118981847794,0.04252094930061032,-0.0979996946098641,0.30675513726361187,0.35310641920811414,-0.1844181623842641,-0.16335595996612945,0.19125010989417768,0.04699306394221649,0.20582554819842955,0.14867502325129445,-0.21097090927599402,-0.16115853912464081,-0.2026925230315061,-0.3392639172300189,-0.07215859927724334,-0.020833622528537783,0.06330830059643619,-0.1619044313959568,-0.1074274582749159,-0.33700032852575224,-0.20246579399121772,-0.10222240730715307,0.2504731233544793,0.21211380872397823,0.0855860482979127,0.2342578325629173,0.25889309957106565,0.35203107575988934,0.32506142506142505,0.532850261663821,0.2979561996511149,0.06678928543335323,-0.052814447729701966,-0.32344378276581665,-0.18059384500062467,-0.032488420624013845,-0.10693235608489846,-0.011724667656871047,-0.3346525261779499,-0.2041463651633143,0.2526557374015001,0.17063257402240453,-0.26861746183780083,-0.11993133349065553,-0.1508058135176779,-0.17119939662312544,0.28032917354951253,0.2803495328919058,-0.2719489905930584,0.10984281662247763,-0.42003127935331325,-0.08500765788901382,-0.2144116381404517,-0.04477389562135325,-0.10224785648514462,-0.25268026115483744,-0.07912612149900286,-0.008590254352966217,0.0008574059421517048,0.042348357602594894,-0.13049135422016778,-0.03477560765696359,0.02972463989413142,-0.008085435204079271,0.13096748520477333,-0.10734602090534294,-0.19055742954048038,0.021468926553672316,-0.11115506878218742,0.11289903154309934,-0.062094606162402775,0.5775112554773572,0.2779623999962983,0.631385777148489,0.6814910442029086,0.3518996654589875,0.6238282967096527,0.4205189781460968,0.31233220894237845,0.3148919335360013,0.36746623356792846,0.3857257874207027,0.3800108274684546,0.034804758533572094,0.1273749866970206,-0.08920816039460107,-0.15063738623060657
#13,0.4699782987918581,0.15805142584803603,0.44118741237385306,1.0,0.023786652600211924,0.39092436041588585,0.07593664542817086,0.2707228029261928,0.04409787291143223,0.4436860589402962,0.08744940095520089,0.17200914319558389,0.28546851936682444,0.03903857632671192,-0.27814794763947304,-0.2080373131220589,0.3945413826769759,0.182755174280598,-0.11729757492469357,-0.11159603362993194,-0.22360249309401853,-0.16666898022830226,0.07158529870394277,0.04587931537084079,-0.04016620626790118,-0.034130586672959554,0.2259752819074853,0.22224998496184936,-0.057106567276058805,0.04734518802315413,0.31038835445615104,0.04947597828953761,0.15532281125501465,-0.12314163161620789,-0.07217803319498235,-0.023273041917109712,-0.18260062836334023,-0.25409801172513036,-0.06116871879583744,-0.17488860200724607,0.015671603807197027,0.0036170222610900577,-0.023542803203820153,-0.1798780290305714,-0.04962497165886996,-0.012819445022834853,0.21411180055247853,0.09407172966495,-0.018254001304848763,-0.030969798766408936,0.18094504365690806,0.0939361549531041,0.12708347793093555,0.08048140590513472,0.08690061401925808,-0.14292674801149377,-0.10470624707912843,-0.19199044961756825,-0.024592234761726287,-0.04220399135653373,-0.10082270251761777,0.03050708643928983,-0.20550072414479195,-0.21871116108404243,0.22862384726791507,0.11807955875752486,-0.3276942582027328,-0.11513902191868293,-0.12160126227922838,-0.20259674157979243,0.16993526654543603,0.12056663751579005,-0.1171337747608934,0.03230009670687637,-0.2770957398076042,-0.2017000050898356,-0.29502537977114246,-0.12105479902090072,-0.2694452541910169,-0.15911797776204556,-0.015637363094990215,0.011534955602752212,0.11001309475885747,0.15484621755808198,0.028188897680423104,0.033970950920103465,0.15507017032440762,-0.04711336914726745,-0.03628404984337188,0.04834834834834835,-0.09940171296103499,0.12663140798734018,0.08739617892160265,0.10840146772350162,0.03809464317938894,0.2432686924212348,0.025914666592632696,0.264305908373705,0.32961173808631433,0.17609443033171845,0.25511412799548394,0.2040417921773854,0.18436957758991657,-0.0170851899665459,0.03433232924758348,0.1372122507715728,0.007010091755854468,-0.1210399922264329,-0.058048649574073304,-0.002690672182197606,-0.06192849243696701
#17,-0.04329043990060939,-0.05470277673667504,-0.06104748816613224,0.023786652600211924,1.0,0.37443792020063205,0.03660193321210271,0.1213426060883688,-0.06887519260400617,0.008760995201673168,-0.0659473879828278,0.5042005025055872,0.37080747928205554,0.013498706719045702,-0.04116335133284286,-0.055254329830601016,0.12164892164892165,-0.16745836745836745,-0.05284498674329183,-0.029419249758232808,-0.2001161407941069,-0.1617128684925295,-0.10764169408237205,-0.05281907485297316,-0.08763262492076052,-0.07073807243298769,-0.21061415807178518,-0.16454883234544251,0.2708292267614302,0.23522490132659624,0.09321154744883559,0.12935076833381917,0.15068597102495407,0.0982541863897796,-0.032717000513610685,0.06569080636877248,0.08739849248323825,0.14040496582869463,0.23864480813633357,0.05133700726921066,-0.10454661132627234,0.10965171643137744,0.21669743703642008,0.2734046835741751,0.0007833719698126478,0.23640342962376862,-0.10144273703595738,-0.014697131646284188,-0.14409555934979665,-0.178711068541577,-0.21761036845782608,-0.10215623944437503,-0.10234780234780234,-0.19311576599712194,-0.17168015473100218,-0.2695442746290204,-0.14941304941304942,0.08094781993087077,0.08010845976947673,0.1412878209488379,-0.0013446420226081242,0.05932943729553899,0.30916216678928543,0.23301591267692962,-0.19000263746026458,-0.12405687659924948,0.3069679849340866,0.25942475603492554,-0.12788906009244994,-0.13961835487259217,-0.09349472739303248,-0.14046650656820148,-0.097280639653521,0.0715617003752597,-0.03333379604566045,0.12526177949906764,-0.19070966189610258,-0.10348653738484247,0.3460569969044545,0.20236214642994305,0.22507067930796745,0.3736249346418838,0.15269506794930524,0.14680890443602307,0.4762360203038169,0.18741977725028572,0.0903663293493802,0.08331505619641214,-0.10768935345206532,0.3955149294132345,0.3127287534067195,0.13753291041426635,0.16603830332643893,-0.04208877598708107,0.15959272060966975,-0.20244219566253466,-0.2312113346011651,-0.04222342527427273,-0.13511199951877917,-0.15916378628243036,-0.07893178232161283,0.1943595367324181,-0.018418264180976047,-0.02446776514573125,-0.032087711748728695,0.008968753036549646,-0.020797993679349612,0.04038969632189971,0.1166470013927641,-0.16545667393125021,-0.11195741195741196
#18,0.1309276919446411,-0.10128217585844705,0.25771364584923906,0.39092436041588585,0.37443792020063205,1.0,0.06113447808363063,0.1517622398978331,-0.11274170935187884,0.13732052545611867,-0.07098077325948182,0.19337627303729,0.31307625036438597,0.057120911358199494,-0.04787268007606991,-0.2371539490183558,0.1929552048196116,0.20713363594719528,0.033944113605130555,-0.19883303951100562,-0.14190646733019616,-0.32370521523063894,0.17365963806641774,-0.05551344873378772,0.017794990676346607,-0.14683204005237904,0.12399764942137824,0.0630251206522393,0.16908295043888263,0.23670928247199433,0.13433603094620045,0.10635627923763517,0.16003646173137698,0.05868395359920783,-0.08088350291740122,0.1240110680788647,0.021243122938038192,-0.04087646969002901,0.048672709689658845,0.04159274837240939,0.017479883581578495,0.1686702110430924,0.019786967244594365,-0.11892215790520876,-0.07365547365547366,-0.07026055331140077,0.033872855906754214,0.08310914921084413,-0.02261784126190906,-0.02254982254982255,0.06627845102421373,0.09507951711341542,0.12562362053887477,0.10848938306565425,0.13854208599971313,-0.0557286099658981,-0.17683291920580055,-0.12109598041801431,-0.09464225396428787,0.03474414321871949,-0.03944715131155809,0.054104952410037155,0.05396428786259295,-0.01819801311326735,-0.012306297052059764,-0.18223045850164493,-0.0559997593895899,-0.12450848383051773,0.004155619409856698,-0.1541350287112999,0.08965143880398117,-0.039647043036873546,0.021391190882716307,0.008146513231258994,-0.09239763646543307,-0.11298509603594349,-0.2626864152287881,-0.0915795610710865,0.16466358500256806,0.12588921741464115,0.05737401500113364,0.1948708338538847,0.018258165715792835,0.1744485625841558,0.25633198684046143,0.06596843376504394,0.08046752453532115,-0.01712590865133238,-0.0023255921561006307,0.1080086249577775,0.03233202385744759,0.003878454725912353,0.08937427412003683,-0.015001133645201442,-0.03686012669063517,0.10780225525988238,0.01509552695993374,0.14384615740547943,0.20796004016343,0.10900808358435476,0.289176695956357,0.1953552936603784,0.3049616642836982,0.062258406326202935,0.1388613575054253,0.19814128458196253,0.14489558896338559,0.0657130165604742,0.11818366903112666,-0.14133316675689558,-0.22323463679395883
#26,0.16193497040954669,0.29927909419434845,0.12510260645853866,0.07593664542817086,0.03660193321210271,0.06113447808363063,1.0,0.015974680381460042,0.2506725523674676,0.5168829846795948,0.29920069906586666,0.005373015542507068,0.1140266614842886,0.3174789581569243,0.26304640541928676,0.014948847152236983,0.1713969747868053,-0.10406492779374135,-0.026822045466113262,-0.04252094930061032,0.32541678812865255,0.00018693578015611915,-0.06248883706510825,-0.23891133043675417,0.11979899776509946,-0.15598171360883226,-0.08012650555023436,-0.16991675805235126,0.029917128222212968,-0.022543344577242882,0.027272264560400154,0.14184076217974523,0.20623782488189268,0.14328211107872124,-0.08765113341384528,-0.15240957444347275,0.10635720466228941,0.028083861982167068,0.038187185644812764,-0.16366320095133655,-0.20581583123956004,-0.018293794564981005,0.0694716287936627,-0.03127796517627026,-0.14730030492742358,-0.22048890184483405,0.010975536399265212,-0.04466330737517178,0.020866937816090357,-0.1091589278029956,0.0578862375472545,-0.11942651434176858,0.05971672751333768,-0.14353243844769267,0.019884136833289375,-0.26084204389289134,0.10624892997774353,-0.14682324851816378,-0.1218849049357524,-0.11938070582138378,0.07440599305006085,0.07273282527519816,0.019396900752832957,0.14925942892044586,-0.12414386651674787,-0.17130720859534418,0.009819681006121683,0.20337872541262372,0.08990546787156957,0.19785625378845717,0.29537565300277163,0.2788901382121721,0.1858646011188384,-0.08887547023140244,0.14946718675532236,-0.06668980228302263,0.12973481956532804,-0.015855763313390434,0.1010387891743824,-0.11110787212482127,-0.2108469023723261,-0.05265388655219164,-0.07975864925017467,0.005764007458922713,0.07829971728276813,-0.09019512578834613,-0.0727337506998524,-0.28973796600915247,-0.10711050033083931,0.03613644461102088,-0.04340889425635188,-0.12255953950869206,-0.28195144296839214,-0.08819574582286446,-0.2604357824696808,0.15449501890179856,-0.28713983629237866,0.050778513490377895,-0.08919011461384342,0.2314408399154162,0.07319507488999015,-0.015839105669614145,0.041513624564472024,0.10431016532711448,-0.009360670377619531,0.046587265231333025,-0.023661720271889765,0.11070947681117173,0.0347904144514314,-0.03854439956134871,-0.08146466960026282
#49,0.5158826006283633,0.0753105956495787,-0.016138943257587326,0.2707228029261928,0.1213426060883688,0.1517622398978331,0.015974680381460042,1.0,0.2286904778430202,0.20146818621394894,0.12789624692831364,0.2744897439812694,0.19454369623861148,0.12108394989750922,-0.3166682861598116,-0.30602081280047383,0.10801001309475886,-0.013080877487657148,-0.07631977123502547,-0.16153194797262593,-0.15516872805008397,-0.1921200090691616,-0.22172943359384037,-0.23921301887403582,-0.12766233105216157,-0.13010221315306061,-0.05825224299800571,-0.021535557128777468,-0.10705960197485621,0.03616929718624634,0.16399496568988095,0.1446924582517803,0.18732816020951615,-0.21885645275475785,0.03001383509858086,-0.02478796207609767,-0.029404442963764998,-0.16014196014196014,0.021753957347177687,-0.2332940027855282,-0.00866706459926799,0.003903441191576785,0.01886107987802903,-0.1484080382385467,-0.0278594465035143,-0.21662201492709968,-0.0021034902390834596,0.053386822878348304,0.04505938912718574,-0.053959198026994636,-0.11794537218266032,-0.1692416607670845,-0.11403360216919539,-0.2267230250281098,-0.1716343462106174,-0.23824918909664672,-0.3672459825002198,-0.2886542937390395,-0.04179541637168756,-0.1872883669493839,0.13317416029280435,0.09931564846819084,-0.06087258290648121,-0.2016541965694508,0.06427999648338631,-0.06671386332403281,-0.12888666786971872,-0.10930375676138387,-0.04246634924601026,-0.06196643484779078,0.00124839785856735,-0.09080359249850775,0.07786199142131346,-0.02296487550724839,0.015291254274305121,0.03152782983291458,-0.12921149192335632,-0.148102185390321,-0.21129156891868756,-0.10651961668910821,-0.05110935280426806,-0.1981329557600744,0.06542382135602474,0.10000879153421527,0.17147054604681725,0.3650508752203667,0.2265689418231791,-0.1383500603839587,-0.0646187019068375,0.07798692374963562,-0.1312113346011651,0.0198508215457368,-0.010907980399505824,0.1771295178074839,-0.07926169621084875,0.04361248768028429,-0.13504120453272997,0.011080109385194131,0.03764997663302748,-0.06367245519787892,-0.07568076551127399,0.2733417546976869,0.15099367472248829,0.0865716255546764,-0.11507609304219474,0.13352258267512504,-0.06103268137166442,-0.0187125492210238,-0.0731358477121189,-0.06931893372571339,-0.1372020711003762
#50,0.090058625651846,0.48728744152472964,-0.10209377328021396,0.04409787291143223,-0.06887519260400617,-0.11274170935187884,0.2506725523674676,0.2286904778430202,1.0,0.2300823165229945,0.22713255171186958,0.13916119509339847,0.15924476093967618,0.3844112216993573,0.07327651225956311,-0.22477361799395698,0.04577011526164069,-0.16551173669817737,0.020597639241707037,0.015558701999379965,0.06323010221315306,-0.05906846754304381,-0.0790377434445231,-0.1705034772831383,0.025720327415242668,-0.06689941096720758,-0.08802731853579311,-0.13381501686586433,-0.00424260932735509,0.06923425736985059,0.11921921921921921,-0.12002618951771495,0.10693652049584253,-0.14720452347570992,-0.17099672862384727,-0.25044582332717924,0.10997654048501507,-0.004131095656519385,0.05917489137828121,-0.20226590226590227,-0.19154994748215087,-0.23195861500946247,0.23043305246695078,0.02558012558012558,0.04647343799886173,-0.03462013631505157,-0.15910270825525064,-0.23889374736832364,-0.1172184511167562,-0.1346571533012211,-0.06398108432006737,-0.10345044582332719,-0.08528112087434121,-0.18014131234470218,-0.13501020280681297,-0.220325564393361,-0.04965042083686152,-0.07898638237621289,0.11821652160635211,-0.1376772766603275,0.08938121480494361,-0.029855587482706128,0.02646020442630612,-0.16059264194857414,-0.1488457641000014,-0.09050560575984305,0.2440608559252627,0.29347760703692904,0.11793334166215522,0.12648565360429767,0.20414960414960415,0.14385356080271333,0.16473854439956134,0.028353623268877505,0.03849627747932833,-0.18262561482900466,0.023168006218853676,-0.10454476047696387,-0.03855180295858262,-0.1463832090950735,-0.05671002281171773,-0.086573939116312,-0.12807830943424164,0.018283614893784387,0.06821397668855296,0.07570667740159266,-0.020552756145976486,-0.18899299916249068,-0.37237699949564357,0.13870033361558784,0.04559104559104559,0.05754568127449483,-0.15608119675916285,0.003913620862773405,-0.10513425598171361,0.06143107668531397,-0.21180517960178977,0.039875160214143265,-0.04788841229519196,0.09166470013927641,0.019399214314468553,-0.012030983217423895,0.10430368735453481,0.0012025893381825586,-0.03877621843723539,-0.046827412929107845,-0.057473035439137135,-0.04115270894931912,-0.10573346844533285,-0.04997339404119065,-0.10047289199831573
#51,0.40659642693541,0.4437748997071031,0.2494537680978359,0.4436860589402962,0.008760995201673168,0.13732052545611867,0.5168829846795948,0.20146818621394894,0.2300823165229945,1.0,0.5052893230622015,0.05668920075699737,0.2796947949490322,0.16194746364237889,0.012678317763063525,-0.04132437522268031,0.4507086439289829,-0.02701962362979312,-0.07728776542335865,-0.06219547744971474,0.06969049172439003,-0.01892262061753587,0.013004067241355378,-0.1203593423932407,0.0019568104313867026,-0.10647195731941494,0.09771929093962992,0.06724644521254691,-0.04674736369651624,-0.06918428443852173,0.08334374436069351,-0.005832488883336341,0.2716709004844598,-0.07323671899943086,-0.09120754036008273,-0.24937556971455277,-0.09203533271329882,-0.16064816742782845,0.0548591735032413,-0.282335494199901,-0.13546088461342698,-0.06831993781146324,-0.008624032352845912,-0.15302451912621404,-0.12828421641980964,-0.21460227561922476,0.1450413433464281,-0.008837805447974939,0.053825011452130096,-0.07660804101482067,0.1600711651559109,-0.09668744245015432,0.11716061207586631,-0.10069684476464137,0.0470490521337979,-0.3362433311585854,0.010652100482608957,-0.20973963177353008,-0.19695489017522916,-0.1394105970377157,0.06445814072932717,0.09940587737197906,-0.12966680085324153,0.05021539258827394,0.18997209844667473,0.14411545597986275,-0.13183229454415896,0.1115659573286692,0.03484501450603145,0.14433339348593585,0.28459167950693376,0.30698603071484426,0.06283725944742893,0.0333518418264181,-0.030302104878376066,-0.0691181165757437,-0.028464211515058974,-0.09270534016296728,-0.012980006200345184,-0.13627710915846508,-0.1050273694341491,-0.029479865073085414,0.042057311548836976,0.000918946681658546,-0.03224734750158479,-0.06273407459848138,-0.03860501487620132,-0.22735000023135615,-0.06947394235529829,0.00516479499530347,-0.1196254806424298,-0.09989912871268804,-0.12822915365288245,-0.09949194186482323,-0.1972200243386684,0.28236186880254677,-0.06448636618128144,0.18015565642684286,-0.011636752314718416,0.24475399899128714,0.08403735013904505,0.11547263750653582,-0.08467172873952535,0.06244349125705058,-0.13560478814716104,0.10090691616115345,-0.06937168293100497,0.03610035304950559,-0.04510519764757053,-0.03951794629760731,-0.06939111684874397
#52,0.26377497649132087,0.40446522074446295,0.13956400231865268,0.08744940095520089,-0.0659473879828278,-0.07098077325948182,0.29920069906586666,0.12789624692831364,0.22713255171186958,0.5052893230622015,1.0,0.1032697686056366,0.01867067591520762,0.1164114942845196,-0.05846903048684669,-0.07454180774092413,0.304128817275924,0.01309267816653467,-0.133140860406732,0.06421105977445822,0.20024456662879114,0.23508310719229872,0.06111528259175425,0.03116275341166535,0.024921688821528416,-0.027353011025626466,0.07539736293273636,0.13725391075828355,-0.1835510607160787,-0.3677934137288407,0.050034709212453454,-0.10889935878475145,0.2570013299510618,-0.17057845641232136,-0.14807305164252005,-0.328488310554969,0.02511533395282826,-0.2647887793173136,0.006102250875943497,-0.2439352577464142,-0.060704625353932,-0.28847317523299787,0.06823411256797435,-0.14009797240591676,-0.20558912598142878,-0.26039902696213646,0.13654295318542284,0.10267425777174675,0.1568990589471291,0.16159512689829308,0.14960486097864462,0.03586344848663577,0.2070013241671567,0.12997544501074101,0.04084061420904146,-0.15701311754895805,-0.09367403925582493,-0.13679513143287425,-0.07241587570805165,-0.18518258457023223,0.1963279376828233,0.23261268579203617,-0.2643334703347591,-0.17918328719898222,0.048248870779354885,0.16225264119118932,-0.08455027653427095,0.20564534553567712,-0.00493575296433798,0.0796344202023007,0.1867349846072955,0.25799107173326097,-0.07326194529606064,0.0015766924370471235,-0.09514546462627536,0.09743473412951546,0.04124016634972824,0.044779221993089924,0.08364868146058457,-0.3002591536365916,-0.020689258675770518,-0.030435832261672385,-0.17342066721043198,-0.11605219812094893,-0.01571047346003257,0.11513163183965612,0.08582181015628283,-0.06234586616807907,-0.1881326073530331,-0.03426917297912415,-0.11310194398195775,-0.10936646693301236,-0.3276577418317116,0.07089933588048834,-0.19462353662871823,0.29752591160412284,-0.06770245604261349,0.25343705648295495,0.05054739453020788,0.11529288710431083,0.12677347533667904,0.24386793309503038,-0.08689877322223359,0.07533003828135254,0.0400671904647937,0.11176609333903624,0.023519207595794057,0.2343920462518057,0.24802656061607542,0.18119770554811931,-0.02096017677463804
#53,0.025847573305200423,0.12091089548716667,-0.01786578566239583,0.17200914319558389,0.5042005025055872,0.19337627303729,0.005373015542507068,0.2744897439812694,0.13916119509339847,0.05668920075699737,0.1032697686056366,1.0,0.5485690621283842,0.2603251942234993,-0.23224457122762207,-0.4154892951503121,0.12991342652359603,-0.24441529356783595,-0.18827070521985775,-0.1986488800048122,-0.1682732038664242,-0.3324426121036291,-0.12073737836449701,-0.15465141566836482,0.018683398344415295,-0.22893386452708486,-0.13902053054595429,-0.1455674472623625,0.10620080789572316,0.032357473035439135,0.3274453189707427,-0.10996959980010827,0.10538458335068504,-0.16207702309397223,0.00164216604894571,-0.024404836269243047,-0.0001642628761272829,-0.1803934905629821,0.10494778291388461,-0.2736855499567364,0.012309998750676716,-0.11582800057376329,0.19842168825219672,0.09986627613746257,0.00784852649259429,0.05740131502843367,0.0018693578015611914,-0.028960701842057773,0.0029012062910367996,-0.1709273217747794,-0.1398011262418042,-0.02451866350171435,-0.06663288866678697,-0.22178495907309467,-0.18254834187037577,-0.36713909595265526,-0.10827144555958115,-0.04652526177949907,0.23613228020007682,-0.020375537324689868,0.1967059509432391,0.1333250045114452,0.20441520102537053,-0.015538342656986726,-0.22296626364422975,-0.15337618049482457,0.20699806123534936,0.11534030178097975,-0.2543182627928391,-0.21546430868464767,0.012522383708824386,-0.04171120272815188,0.00711235118014779,0.13070790358925952,0.0687405433168145,0.1210640532674431,-0.04976332264467858,0.04337233998250947,0.07486130197994605,-0.1611317018096679,0.08722173637427874,0.4808872046160182,0.23708963200488625,0.5698755766552377,0.5197629062035841,0.5671131840623366,0.44115733607259033,0.17901275697885868,-0.1499331380687313,0.34693198591503677,0.1449103957578534,0.3900900900900901,0.3427476783408987,0.178909109417584,0.21694128643281185,-0.0839364788517331,-0.39271366898485544,-0.012584387160658347,-0.016647001392764104,-0.0831035966629187,-0.0459181832063188,0.2474025643517169,0.03176427583207244,-0.014786897837745295,0.07466141025463059,0.030923064821369906,0.03245464262413415,0.051758538199216164,0.13694665389580643,-0.015242669479957616,0.01973236718999431
#54,0.0067278372363118125,0.09575877880962627,-0.023085643424626476,0.28546851936682444,0.37080747928205554,0.31307625036438597,0.1140266614842886,0.19454369623861148,0.15924476093967618,0.2796947949490322,0.01867067591520762,0.5485690621283842,1.0,0.2622736758329979,-0.08748501968840952,-0.2267697589731488,0.11639806216077403,-0.24984476001425154,-0.17018235492811765,-0.13601521398131566,-0.08611863018642679,-0.21716940361008158,-0.08735360938750769,-0.11312761143269617,0.06831993781146324,-0.19868219529236478,-0.20357630357630357,-0.23205809815979309,0.2366866095679655,0.1327294937464429,0.25890790636553346,-0.04242424242424243,0.0513235886117242,-0.17115636437670337,-0.06703406025439924,-0.14784167835015294,0.09102569441552492,-0.05093305940763568,0.22430766668054802,-0.2592577168848355,-0.06937029479402361,-0.18378054479749395,0.2289491340338798,0.17248897587880638,0.0731066968355104,0.1433459653798637,-0.09623490979423183,-0.16545574850659597,-0.17445411513208123,-0.1992638246875535,-0.17161583771753264,-0.10691107131785098,-0.15451907994280875,-0.22629131442690764,-0.18966855916008457,-0.37129702892414757,-0.13895436268317624,-0.08413266887843159,0.04737341347510839,-0.12514841497892346,0.18530379377837006,0.08309434241637631,0.2623541877779166,0.1100477981833914,-0.2846180541095795,-0.25112832400967994,0.2561140493343883,0.2607800404410574,-0.16898439271320628,-0.103504120453273,0.04223082867150664,-0.08011678859136487,0.08775154198883013,-0.027038132122877884,0.14545454545454545,0.008659661202034083,0.028565545514698056,0.1005422988473836,0.11523387794574236,-0.09601558415117738,0.14086767815581375,0.41209853921718326,0.4083163286553117,0.3954011021807632,0.3836903158937057,0.4407779119643526,0.31823873179805384,-0.0006149446827412929,-0.32084010050111744,0.327547578395036,0.1610849678646289,0.21205458154610696,0.17535779230694484,0.06311951396697159,0.04476093967619391,-0.061840577094814386,-0.3383431196990519,-0.022096827181572944,-0.03473350083519575,-0.10126968262561482,-0.03586436976267485,0.059911992115381944,-0.05442977646367477,-0.11262140414682788,-0.05323875493367019,-0.07704669230092959,-0.05461301054521393,0.07977762045558656,0.05815368527232934,-0.01930204472577354,-0.12187703882619137
#58,-0.15341180934401275,-0.02105341088391936,-0.08514230717620548,0.03903857632671192,0.013498706719045702,0.057120911358199494,0.3174789581569243,0.12108394989750922,0.3844112216993573,0.16194746364237889,0.1164114942845196,0.2603251942234993,0.2622736758329979,1.0,0.1419272893849165,-0.258711716338835,-0.005650180226451413,-0.0957185228371669,0.15910779809084893,0.07763618780567932,0.1469648384902622,-0.23021002512527936,-0.22386808996978488,-0.3128541484473688,0.07747516391584189,-0.16261700837972023,-0.2573073844260285,-0.2499266600961516,0.16825469537333945,0.13681940800584869,0.18026624467302432,0.03442163272671747,0.13932777153116135,0.051366620858146285,0.02264884298782604,-0.04047437267776251,0.24245848313644924,0.1081927844639709,0.0019142408972917448,-0.14273240883410374,-0.08615333361096073,-0.030142469125519974,0.25318693115303287,0.16999310558632594,-0.006956417125908651,-0.058700148530657005,-0.0391616578057256,-0.1352267521759047,-0.033786791413910056,-0.2893233757640537,-0.10795680117714015,-0.13290995155401936,-0.17982389168829846,-0.27006667684633784,-0.19352989352989353,-0.13347214703146906,-0.1055479208021581,-0.13807983638492113,-0.0425811019031358,-0.19194880550812754,0.07820162226941887,-0.016310609530948515,0.3029909724824979,0.09758047724149418,-0.24729567780415238,-0.23323292475834848,0.45107048496879004,0.16808765622324945,0.1377355784135445,0.1877700504819149,0.3629955070633037,0.20478814716102853,0.26559363678007747,0.08319290014205269,0.2647524257693749,0.08382496518089738,0.017189300240147698,0.023361419971589463,0.1361054428851039,0.07329363261566652,-0.13108964125913278,0.11414604126468533,-0.12040330006431701,0.2773951146832503,0.31142621820587923,0.12283531605565504,0.004551238449543534,-0.010001064238352375,-0.08286715066376084,0.0908359823614061,0.15192465192465193,-0.06129827824743079,-0.10035767662886307,-0.15969451732163598,-0.27256856239907085,-0.09457469796452847,-0.2192599379040057,0.043595367324180886,-0.13909687807992893,0.14056413886922361,-0.061828083861982165,-0.12337530134140304,0.11895408505577997,0.15224716241665395,0.18605431317295723,0.1132927997334777,0.07995113757825623,0.034595612561714256,0.02758505809353267,-0.20229227686854806,-0.3292133427726648
#101,-0.2764049103032154,-0.07003289884645816,-0.14396785074751176,-0.27814794763947304,-0.04116335133284286,-0.04787268007606991,0.26304640541928676,-0.3166682861598116,0.07327651225956311,0.012678317763063525,-0.05846903048684669,-0.23224457122762207,-0.08748501968840952,0.1419272893849165,1.0,0.32563750190868834,0.0003826630945275013,-0.04783566308990038,0.5848947560811968,0.208391288052305,0.44970918530240567,0.11678581509089983,0.001408496323750561,-0.11646423002355205,0.3634420244589736,0.2032232540707117,-0.285190891970553,-0.5639898758542826,0.49496106275767293,0.22415312076329025,-0.23549049820236262,0.02844570302197421,-0.05041713516289788,0.20996913708778114,0.0690459334527131,0.10346247634383228,0.4765141104124155,0.4669896398709958,0.1486930690320521,0.20879662405086133,-0.09101967915527237,0.1939653058297126,0.04131373283915657,0.10745013117894474,-0.20462110801093852,-0.0220570339214407,-0.39708028521587846,-0.509308383884655,-0.4033972339057085,-0.4643933610035305,-0.2761925253450677,-0.39560654645400406,-0.36907971145259283,-0.18127680839545246,0.061330205398002005,0.27889060092449924,-0.026671201247472433,-0.018479342208155766,-0.29747821781720085,-0.24028789960993352,-0.01576923610821916,-0.22641254505661285,0.3721211195787467,0.3221097831267323,-0.240926905333685,-0.27216091283887894,0.3362461074325481,0.10379053938375972,0.6529458580306038,0.45437332555976623,0.22911802403327827,0.07727295862889083,0.38708662437476,-0.09498373566170176,0.401973468075163,-0.3154212764382256,0.241975874179264,-0.16387373506017575,0.4427185274642902,0.4023973125668041,-0.07968368985318137,-0.11355053049968304,-0.12456123303580931,-0.26297005788531214,-0.0011799164341537223,-0.3825293706649639,-0.40955732311664517,-0.11713840188416459,-0.08969771003669309,-0.17261113193316582,0.011725130369198165,-0.41441996696233985,-0.38585303331066045,-0.46410647936071664,-0.42536681519732367,-0.20590097030774998,0.10259859242910091,-0.16980154268289863,-0.3778481100514999,-0.10958647399325365,-0.32822869094055535,-0.34708005385971485,-0.0682223055104411,0.01828500303076574,0.002279783635715839,-0.0891725315454129,-0.08794634387854727,0.020422271269728898,-0.16226858599739954,-0.23203958966670832,-0.13103781747849544
#102,-0.09589805522008912,0.0295983194288279,-0.10465257244918262,-0.2080373131220589,-0.055254329830601016,-0.2371539490183558,0.014948847152236983,-0.30602081280047383,-0.22477361799395698,-0.04132437522268031,-0.07454180774092413,-0.4154892951503121,-0.2267697589731488,-0.258711716338835,0.32563750190868834,1.0,-0.2220371372913746,0.05836144310720582,0.21566327498530888,0.47877029571944824,0.005131016995423775,0.5549618956398618,-0.22514147429401668,0.2329423414169177,-0.1707889707889708,0.41913222930172084,-0.34949633763193083,-0.23059731534307806,0.0015260252548388142,-0.01567530550581398,-0.21052392916799698,0.007584780466136399,-0.21706251706251706,0.1260358972223379,-0.013513513513513514,0.20282300790775368,-0.07393402647639936,0.31456525863305523,-0.1880782168917762,0.11143269617845888,-0.044536986909868265,0.3091778990084075,-0.20977248434875553,0.21327521666504717,-0.05920404225488971,0.1390769814498628,-0.23671668586922825,-0.2332111772789739,-0.27374061272366357,-0.1166493149543997,-0.17849359374783103,-0.2798201899896815,-0.3168964033370813,-0.1065316472096133,-0.2548452921334277,0.27805077805077805,-0.19938135361864176,0.30226497684124803,-0.2261885922902872,-0.17192354141506683,-0.16089618123516428,-0.19528912579760038,0.09894501589416843,0.25280195449686976,0.009304219473711,0.07578348764789443,0.04307157696988206,0.012870806091145074,0.2617022261090058,0.4153759306301679,-0.001521398131567623,-0.008835029174012224,0.13344762327813176,0.027630403901590342,0.03429299869977836,-0.14255056288954593,0.13811268896014658,-0.0980603099247167,0.01290458409102477,0.38507243761481047,0.07786569311993041,-0.11179222365663044,0.06594992527195917,-0.29376310054276156,0.011081034809848369,-0.29074066362201956,-0.28890230754637536,-0.005038937242327073,0.09949564356344018,-0.11050171897629525,0.03737420008606449,-0.2891304247236451,-0.19193446142598686,-0.13346150464794532,-0.06727513337682829,-0.2653428466987789,0.24714529629783866,-0.19055881767746174,-0.23932499525719864,-0.3028600248939232,-0.4031043370026421,-0.2947676490049371,-0.1804568821517974,-0.13746442898985273,-0.13085365797230203,-0.2004238444916411,-0.21725084097965455,-0.16046123164767231,-0.1353276234632167,-0.15109917313307145,-0.0703748432561992
#201,0.19433408755442655,0.23794241082376674,0.5574591540693236,0.3945413826769759,0.12164892164892165,0.1929552048196116,0.1713969747868053,0.10801001309475886,0.04577011526164069,0.4507086439289829,0.304128817275924,0.12991342652359603,0.11639806216077403,-0.005650180226451413,0.0003826630945275013,-0.2220371372913746,1.0,0.34937001716662736,-0.23534798280560992,-0.26606514064141185,0.05245260668989483,-0.0883081849183544,0.3277044378739294,-0.04091672566248838,0.2583757871893465,-0.13013691657759455,0.26860681945427706,0.17899980103369934,0.004954723598791395,-0.13809279233008045,0.17035957374940425,0.0806817603427773,0.4082654302993286,0.07032625846185168,-0.1285789641721845,-0.1402828097743352,-0.08875562773867858,-0.25016958406788914,0.17810398996839674,-0.02550840516942212,0.07109297278788804,-0.15441774594316968,-0.03899369323098137,-0.3507840660383033,-0.12207184071590851,-0.16882845865896715,0.008322806627891373,-0.026687396178921602,0.03543312187379984,0.06712567729516881,0.09576571949453305,0.0772262246838518,0.2723783876326249,0.24757746961136792,0.33776565471480724,-0.15752393379512022,0.11235488184640727,-0.3822739534603941,-0.016274055257106103,-0.00401495486241249,0.08027688705654808,0.1287603474044152,-0.26204509594340103,-0.21190743902608308,0.11907948009642925,0.12806118907813824,-0.16124599175446633,0.04972630565850905,0.040709430539939015,-0.0537185876168927,0.3373214508807729,0.3783756021044157,-0.1680793274013613,0.10966883678748085,-0.3043282111078721,-0.000992517941670484,-0.07037947037947039,0.010293961141418768,0.05226150649879464,-0.22432247347501585,0.03296593974560076,-0.09614745716440631,0.040358231883655615,-0.06157868191766497,-0.19074112633434667,0.05871264176348922,0.055168265337756865,-0.003847915712322492,-0.014698982495592665,-0.04380312515905736,-0.3184201150302845,0.04843071114257555,-0.10746493797341256,0.11181859825927623,-0.05563375393883868,0.4411110648398784,0.018449728619220146,0.5155420443556037,0.3148447368786352,0.3477630172545427,0.3832470374843256,0.492855721669281,0.2079845639167673,0.3562676698269919,0.17186986678512103,0.3425931324236409,0.26990195125788347,0.17919691648505207,0.19539554963283776,0.04608105794546472,0.02806026365348399
