,#10,#11,#12,#13,#17,#18,#26,#49,#50,#51,#52,#53,#54,#58,#101,#102,#201,#202,#301,#302,#401,#402,#501,#502,#601,#602,#701,#702,#801,#802,#901,#902,#1001,#1002,#1101,#1102,#1201,#1202,#1301,#1302,#1401,#1402,#1501,#1502,#1601,#1602,#1701,#1702,#1801,#1802,#1901,#1902,#2001,#2002,#2101,#2102,#2201,#2202,#2301,#2302,#2401,#2402,#2501,#2502,#2601,#2602,#2701,#2702,#2801,#2802,#2901,#2902,#3001,#3002,#3101,#3102,#3201,#3202,#3301,#3302,#3401,#3402,#3455,#3501,#3502,#3601,#3602,#3701,#3702,#3801,#3802,#3901,#3902,#4001,#4002,#4101,#4102,#4201,#4202,#4301,#4302,#4401,#4402,#4501,#4502,#4601,#4602,#4701,#4702,#4801,#4802
#10,1.0,0.07723207968338454,0.14394409016419635,0.2595562088310882,0.1487243628661551,0.20526414293344045,0.23851333153784002,0.512276152957771,0.13784732524752702,0.2526350385954982,0.25862133502535756,0.19013543801667984,0.00261381221270205,-0.035857523040896164,-0.012023718770969612,-0.04442111317542122,0.3504653827367883,0.17075323987638485,-0.08280206512162945,-0.02758242911985831,-0.055090908260943,0.025646948193931537,0.03658880616432416,0.02304865634714494,-0.018914761237429644,0.006130544536602957,-0.16489567118735365,0.08752208228532823,0.16917929218001798,0.07303701607270835,0.13006431822227904,-0.018611657620727907,0.2037002378267836,-0.055151163799202985,0.05375615679221425,-0.10252479834936344,-0.008244966151907864,-0.08045940283109733,0.04376469299346775,0.1682745461434173,0.012573322316916742,-0.06543477566224032,-0.11291248796030438,-0.08490827007262618,-0.04223548046944542,0.1375259623768071,0.006363350025334715,0.0971091036075721,0.07790128134315072,0.033128677527879596,0.05790648523054591,0.120348569159207,0.09863649020619263,0.08394783331127006,0.01483838277787161,0.0018158828121077114,-0.2541523826044087,-0.1745548165629693,-0.14107738728334254,-0.005412042890987689,-0.135493707404584,-0.11876366591042922,-0.010650622868802695,-0.17426175553597759,-0.15310293197971397,-0.016991148826614687,0.026981699662660282,-0.2093724750875303,0.0672680047656653,-0.03760675957583753,0.004525556108405191,-0.01671086927743567,0.05241957939808369,-0.15064341046346552,-0.1549909388451935,-0.3162776684758544,-0.332999493305701,-0.2682138341238069,0.0008700534539661382,0.01958944067340129,0.257434483514176,-0.11853542523520201,0.020376414521584722,-0.09067910730507105,-0.08114777670758261,0.05541774890786837,-0.0808474119789836,0.15488412220918715,-0.036445471020281464,-0.01468683096952074,-0.16193767203640896,-0.1221635390086138,-0.0537817197478397,-0.20112842189832333,-0.1368768458964609,-0.013884336755421858,0.1014383727352819,0.013261696193402018,0.07492137108738423,0.06173636376085855,0.2131685739979093,0.16276299031803057,0.027886445699260957,-0.056044954283392755,-0.01634385827167031,0.26956319299575016,0.22685297192183213,-0.24439281133169305,-0.10381481464574764,-0.15413823168254462,-0.1155336038746137
#11,0.07723207968338454,1.0,0.127019587614748,0.09664440559280951,-0.07188120529335774,0.012087626160033232,0.09365171385923028,0.05408938817804598,0.004834137501312384,0.38482290806009123,0.0737436492032118,-0.013187746214628402,0.034128371685374796,-0.13106492534247513,0.11591978709709815,0.103871418333204,0.16094436861782013,-0.08842043758302255,-0.03791716689414654,0.04811222137519572,0.0466049199559952,0.0904472147790402,0.06316971520128545,0.16406396216682567,0.0032364527747218885,-0.09573052992919974,-0.015376117808706926,-0.0016661569291586593,-0.1720697320910954,-0.1713996174686283,0.029888572902354076,-0.10577677149000078,0.03306294421341416,-0.19772489694933512,-0.17751007682581127,-0.08079354717962997,-0.07180999420268686,-0.09315597511263678,0.027867273482541872,-0.16839870907074092,-0.3016949152542373,-0.24855500828513652,-0.13377733752687535,-0.1979978727969069,0.0343456568081911,0.07931911241766218,0.06964079482532741,0.013822255291760056,0.076456061387612,-0.01005719711321194,0.11313433789662523,0.0346861918956301,0.13796874928674788,-0.0014936069786868858,0.06278079309069828,-0.03523123062807269,-0.05472754910598127,0.033471951503421325,0.07510578955296782,-0.07278138651645387,-0.002450391889239365,-0.028264412257437223,-0.003169806497555542,-0.017368202422090046,-0.10602783623275071,0.013079103653220247,0.07258236064765573,0.18722217403807967,0.14270885162986666,0.16443188613529194,-0.0117854355060324,0.012959505539401188,-0.061438737920362266,-0.24702396983571237,-0.12118210410513679,-0.13331537840021546,-0.17278823373671068,-0.10127403944911831,0.022564786115663246,-0.12356858860531253,-0.12618057489261275,0.08260577814093405,0.13735523835173713,0.16782810738267287,-0.03953493680015703,0.023733378372826578,-0.06357507064048898,0.015441851123172362,0.06991103178479643,-0.12203663719318747,0.12073201349358872,-0.02846708997703899,0.059157244130791035,-0.1041087886354403,-0.08324302610616843,0.02104561618135091,-0.013121099937462055,0.048520315702501975,-0.05241957939808369,0.09358506758206393,-0.015575143677505055,-0.02125468463985904,0.05932066445425372,-0.018630829837446992,-0.000739499787736172,-0.0556167747766665,-0.06112376578854871,-0.03212807040768349,0.06653763460493821,-0.048054704725038457,0.032562640653316106
#12,0.14394409016419635,0.127019587614748,1.0,0.37375597419967405,-0.03236178885911616,0.14541852492616414,0.023726074671219306,0.030590641219352982,-0.1742836666407994,0.4229190156436159,0.3166547220713298,0.29235804571204244,0.0035705971232545294,-0.04452792981142755,-0.24362774858833142,-0.09564105958451068,0.5042247348984558,0.6226140861015124,-0.28120255446963716,-0.22265608238575413,-0.30077282292631935,-0.3079149301355293,0.0878580525592627,-0.01766765418798815,0.15654662728754218,-0.19791479319112418,0.17218202650330722,-0.005959820511533001,0.14142887792319245,0.011087019039837127,0.1343808058721761,0.07776616286341621,0.32676669694659627,0.019887066513897576,-0.244563535356763,-0.12710449314593253,-0.2009996941574952,-0.34181323522027507,-0.10039759525624581,-0.11654151469641708,0.024973181720660802,-0.18808492379043854,-0.15863913779802527,-0.25423911406099503,-0.025397709376583418,-0.02221694732661697,0.051722988857290236,-0.03136665951512551,0.3370092254880927,0.10893836132324813,0.2743936786462589,0.24032282361104138,0.40371575819269906,0.27718551858563817,0.22247348984557236,0.1835639324955379,0.0021408975336312634,-0.24882068043110098,0.1307316939566434,0.16555026544390528,0.24639128668398252,0.1649130174786709,-0.25767185381641233,-0.1403205412042891,0.19751765441622882,-0.043237913515043344,0.015064797527697005,0.046556532932847026,-0.1911734766076132,-0.23306568310151687,0.15101955109623996,0.2339941661683412,-0.138929186048104,0.007415083056781715,-0.28902208000292146,-0.04403858180374041,-0.017145439523068285,0.28551630323143146,0.0362017099791388,-0.11049587569099864,0.29892863827048344,-0.04378203928478502,-0.0476466103977322,-0.017250430233672804,-0.09169797367928534,0.251534918540903,0.07692441125317825,0.09668731483975222,0.0322211926031762,0.03714845229998128,0.001039864516335185,-0.001285451482879667,0.11822684384229483,0.10215504845549535,-0.004536511660816097,0.44743115120031773,0.10678103046100051,0.4313347058205937,0.29047186477196474,0.26731547882611256,0.3566662254013612,0.46435565374976606,0.14754481505658087,0.29645542231372135,0.2806209972291582,0.15793250466752182,0.2838611018546837,0.13283059520603285,-0.04195885277107004,0.07014383727352819,0.014598273587532582
#13,0.2595562088310882,0.09664440559280951,0.37375597419967405,1.0,0.03148260577814094,0.1581671360816554,-0.04713991609872779,0.19773585250174605,-0.00499664486207416,0.3557359164091351,0.16720455385795213,0.13360570053910448,0.02104379025594909,-0.09643259824619865,0.11130293471860207,-0.03913871098796259,0.2477607307353458,0.18033660934782508,0.16530193958925807,-0.009179839957638531,-0.04304162653434794,-0.0886934134305943,0.08659816403200847,0.03896342214938809,-0.0445845334988839,-0.05192657953959291,0.10544719195497268,0.10311365929144965,0.029729717392395934,0.03811345387484194,0.06905832462214756,0.0003040165794026485,0.17539200335970273,-0.1007783007025248,0.16650705035445776,0.12808866693751228,0.027961308640735483,-0.020070572016780256,0.0325827258327361,-0.02054348669585104,0.0981699662660282,0.14556277303290774,-0.0429348098983416,0.098602710586259,0.04512226852971922,-0.1861220539834845,0.28437144800449177,0.17934969666814263,0.2596995439751309,0.0019090050076004145,0.21997562389588574,0.15250676733602048,0.17070211396513396,-0.03789160393852109,0.032257711111212554,-0.06469253698640141,-0.1595402319838223,-0.31435131717693676,-0.08123633408957077,-0.1285853186468067,-0.11964193602870354,-0.06361341507392715,0.07908995877973406,-0.23014785430941218,0.012765044484107601,0.02489649285378446,0.10077099700091753,-0.050357196656730586,0.22975528034802137,0.027387055101863813,0.07638667622234294,0.044214783605015816,-0.008207534681170602,-0.39740536000401705,-0.31812915683329757,-0.31551625758329643,-0.18623069654489266,-0.09151264225100084,0.011404730059753409,0.015273865986205134,0.1452268027589733,0.026335322070416813,-0.09485043388552361,-0.20694673319121548,-0.30153697270698004,0.0901578056028521,-0.1416927241437551,0.13830471956068235,-0.10845540405446735,-0.08976066682795675,-0.14108742987305253,-0.08776858221457362,-0.0789822291810268,-0.032633851743987,-0.18640142056996262,0.08325215573317753,0.16401831403178024,0.07688606681974008,-0.04442659095162667,0.07575581899601491,0.2852314588687479,0.07475795076392154,0.013852383060890048,0.02959003409915688,-0.013748305312986438,0.07317852529134922,0.06909027831667937,-0.15145412134187258,-0.10856222069047369,-0.18698936854934792,-0.1794802503343726
#17,0.1487243628661551,-0.07188120529335774,-0.03236178885911616,0.03148260577814094,1.0,0.2681389711823323,0.1687994996964399,0.06301725043023368,-0.014325297739960835,0.13841610101019322,0.0695367170774238,0.32934490361396285,-0.10143563384717917,0.1851725727745393,0.014127184833863613,-0.10389424240072671,-0.11170372534430106,-0.05463351394778766,-0.09927647705952973,-0.13903052490790488,-0.25518950823264114,-0.1845837118324531,-0.1667690706496186,-0.0316131594443709,-0.010242528541496437,0.1637982900208612,-0.24507388150657106,-0.03871235740663815,0.13563612958592577,0.22698900336426756,-0.17692943254803326,0.2352951380171363,-0.10749770618121397,0.06869861731798947,0.10817603746798925,0.16648422628693504,0.251925666576892,0.13858408614716045,0.09155829038604628,0.0909721683320628,0.08200778757183876,-0.01222457056516956,-0.006754098061323705,0.14467537328762434,-0.09071288692500468,-0.028787539885057997,0.08672963066093935,0.022116521429517,0.04959395983877079,-0.17555907553396907,-0.13383941899053714,-0.16761995188686565,-0.21254410751048766,-0.1924434077245774,-0.2714448091223233,-0.22622394062090592,-0.31274450282333716,-0.20359342119077725,0.04839980462598201,-0.05419529185135141,-0.12374844225739158,-0.07561704866547678,0.27367152514984,0.11724267005071508,-0.09979047506014142,-0.008358173526820561,0.18043338339412143,0.23690469125883862,-0.128051235466775,0.07586446155742307,-0.13012731264864175,-0.0665577197843582,0.053270460635330745,-0.05528080450273204,-0.03749629108902756,-0.20697503503494366,-0.1624270200440961,-0.275825204161284,0.12714557646747343,0.21915121857696504,0.15726421597045653,0.05706290769490612,0.029918700671484066,0.22206722144366792,0.15870578407519162,0.07041772608380084,0.0016077273163004925,0.18495163580091936,-0.04987697827605253,0.07865904038490508,0.2598237069024545,0.16580680796286068,0.14084001698110624,0.09999132685434137,0.08266877256729677,-0.2617801859705022,0.10657561385329602,-0.11973505822419625,-0.03386269953941032,-0.14515924351910603,0.024135994923927383,-0.052761027448223606,0.11831174937347935,-0.05001392268118886,-0.043193178342698806,-0.041819169477830986,-0.0866209880995312,-0.1574477214733392,-0.060966736203992386,0.12137839108583219,0.121029639334085
#18,0.20526414293344045,0.012087626160033232,0.14541852492616414,0.1581671360816554,0.2681389711823323,1.0,-0.02032802749843655,0.2313675724778264,-0.08381180186883465,0.31983822300939896,0.09370101384507935,0.37393765377715493,0.18775625721811134,0.3476187650353545,-0.023144517430740367,-0.1805748926127623,0.25728840948203063,0.30298127969981786,-0.14554542674159046,-0.2686264932646177,-0.29576157066103065,-0.3335719209191709,0.13683028479871454,0.0045191653694988294,0.2870957287040038,0.010046241560801033,0.030702022668863863,-0.02412047455801193,0.3559513756065496,0.17254082084476438,-0.08846334682996526,0.2804502732040883,0.13358287647158176,0.2656374533818421,0.024151515289842832,0.01878329460849877,0.19144553949248402,0.13279955447420197,0.15032661240625014,0.10130142833014558,0.08173937653777155,-0.021749510423751638,-0.1990824724855866,-0.14493739358278518,0.020123523853432967,0.08259117073771952,-0.0583282739983658,-0.019848722080459402,0.03833073899765825,-0.2118155632751624,-0.07175430347793141,0.055451528527801996,0.11276367504005624,0.13682115517170546,0.028583036240054413,0.12321253315195807,-0.06954310781633016,-0.14519941387794602,0.07538606910214683,0.33647788119616373,0.016083663901911287,0.002840226962527446,0.051699251827066604,0.054673684306627654,-0.12866748528988847,0.02283045826162772,0.30538237160320814,0.13712151990030447,-0.17478944797710289,-0.023711467268004764,0.02358730434068116,0.02057452742768194,0.005846613136620303,0.166965357630314,0.1273080838282352,0.0432853875754906,0.04166122693057375,0.007910821803375222,0.2675674565315634,0.19885149292225665,0.02021025531001931,0.2194369759023495,-0.05585323211620189,0.2101046711736592,0.1460840747351267,-0.07267548284314844,-0.09786229783582191,0.14765893539419447,-0.14197117776753232,8.39925684836146e-05,0.16633267447858419,-0.1053969790064227,0.294536374716411,-0.1921138281895493,-0.05422724554588322,-0.053579954990938844,0.07762374068207444,-0.0948906042443636,0.0958501280430188,-0.043226044999931525,0.17643369380143975,0.12437016985671051,0.2884368709116389,0.07067335564005532,0.19303226866666362,0.01151519854656338,0.16427120469993198,-0.0869925639188011,-0.08802603769622992,0.11478406149716754,0.07453427490219887
#26,0.23851333153784002,0.09365171385923028,0.023726074671219306,-0.04713991609872779,0.1687994996964399,-0.02032802749843655,1.0,0.28512372927004065,0.08481240898903075,0.0756407856957004,0.411458594859107,0.20397686552515898,0.0753112061606723,0.23919440171271802,0.24788580662537033,0.07862434780227054,0.2038052285373881,0.016684393359109314,0.030430872746693934,0.05788731301382682,0.09390551749008294,-0.05727471504151698,-0.04766213076364765,-0.12623809154277002,-0.10640123797742243,0.038233051988661004,-0.3524191229167332,-0.2148767272113098,0.30281420752555155,0.278539442271086,0.03948746273970977,-0.004332920978513423,0.13318847658478913,0.044197437313698545,0.1400932134917628,0.1956159531102357,0.15093555852775634,0.1754613885249718,0.007076373894744531,0.02089497733570095,-0.032102507452058046,0.2187778168322933,0.28275002624767764,0.29314593252292676,-0.02068225702638919,0.07069617970757805,-0.03491169368275459,0.07476342854012699,-0.011517937434666106,-0.11387840249786595,-0.14590969885925312,-0.21574038992636957,-0.1581589194173472,-0.24760096226268677,-0.19596926967548742,-0.22025590344506477,-0.1317204325617277,-0.15843098230221805,-0.19510560696042764,-0.1864187668612799,-0.16609256528824515,-0.24154619363025923,0.30383672575056947,0.17953776698452983,-0.20638617409285745,-0.10883245764994272,0.20261472517540297,0.28434679801156726,0.2965512833973168,0.14488444174613246,0.29369371014347206,0.1698092364436451,0.1586336600218198,0.016564795245290254,0.032551685100905205,-0.016669785955894773,-0.17376875567748679,-0.21455445137788895,0.14016351161973278,0.15350463556811386,0.3061912565562134,0.014530714347665325,0.024828933613917203,0.06895881168774849,0.24695732355854602,-0.18059223890407958,-0.28984557235914127,0.06611675879981924,-0.05030059296927424,0.15339781893210752,-0.18109071653877581,-0.05984653096997722,-0.1704674825510004,-0.2952210967420926,-0.20503498929551234,-0.03397134210081847,-0.05889978864913474,0.009748615720304747,0.04198806757749912,0.10341037216924502,-0.018522187276038837,0.021823460402525256,-0.1690560422153953,-0.006337787069709267,0.08615263823396495,0.22123186057233632,0.070907074091488,-0.2339119995252594,-0.0673602139984571,-0.22601122031159418,-0.20897898816343857
#49,0.512276152957771,0.05408938817804598,0.030590641219352982,0.19773585250174605,0.06301725043023368,0.2313675724778264,0.28512372927004065,1.0,0.00014242218134178129,0.25861950909995574,0.21944519256665768,0.08164990619308247,0.06631487170591646,0.12148885957264216,0.0345620289683065,-0.09949011033154241,0.19292362610525546,-0.0264165757507977,-0.11242679180342087,-0.19134328766998224,0.06746976952256616,-0.06177836004510036,0.10618303989190521,-0.007810395906275249,0.00619992970187203,-0.017948846699868078,-0.10880506876891545,-0.1719656543431918,0.2049172171070951,0.11420067833128678,-0.013202353617842943,-0.039665490466386996,0.07777529249042531,-0.12026001177721884,-0.02610616843248869,-0.14903659610986594,0.051717511081084785,-0.0787238607366696,0.06218006363350025,0.09044447589093747,-0.07552575239538589,-0.08822871541583169,-0.10907439276568356,-0.03183135752988812,0.08321655018784208,0.0819813116535124,-0.24212501198263545,-0.12171253543436483,0.030114074689478562,-0.1393217600094948,-0.1858518170240155,0.01048720254534001,0.018396198423313415,0.0715169331756951,0.14399521607544724,0.1085220503316337,0.05860490169674118,-0.2033122286788973,-0.04878598784846645,0.02282406752272136,-0.03651668211095236,-0.04402853921403041,-0.01961409066632583,-0.16245258299972154,-0.16946413654270154,-0.1743028388575185,-0.0640297260655416,-0.06247038577238927,0.0025544696371429744,-0.16775050555309562,-0.01813874294165712,-0.06380970205462255,0.09835347176891088,-0.14982539588345117,-0.003987821077569876,-0.017160959888983737,-0.16011083367189033,-0.10500805689583552,0.05191288509907928,0.02380367650079656,0.10832393742553648,-0.08612890120374132,-0.004315574687196155,-0.019642392510054,0.07259970693897301,-0.03655320061898871,-0.019275381504288643,0.05223881278330374,-0.0627314931048492,-0.07873572925178142,-0.17184423030397092,-0.08373602596465922,-0.044914113033912,-0.16712512610297306,0.020923279179429124,0.08131484888184894,-0.11066842564147042,-0.17121428604034383,-0.041539802891352874,0.02921571939178425,-0.07338668078715645,-0.06149716753322043,0.13081020874892157,-0.1773996083390013,-0.08837752833607983,0.2400772366444969,0.06946824487485564,-0.10617573619029795,0.06714749368914533,-0.02352522287701936,0.021967708509268855
#50,0.13784732524752702,0.004834137501312384,-0.1742836666407994,-0.00499664486207416,-0.014325297739960835,-0.08381180186883465,0.08481240898903075,0.00014242218134178129,1.0,0.021063875435369087,-0.07564352458380313,-0.08466177014338079,-0.12783212441855688,0.031786622357543586,-0.060893699187919675,0.008248618002711499,-0.163850328894813,-0.05967215509410363,0.0359232563553616,0.12853054088475216,0.09743137944099294,0.04411800955871948,-0.056761630003606206,-0.025570259327055193,-0.1348135501924069,-0.0799508826066911,0.14075876330072534,0.16485915267931728,-0.10930354640361169,-0.2131977888043384,-0.08727466939338194,-0.167706683343452,0.048616176786097406,-0.14608955251133215,-0.07215874595443403,-0.061853222986574884,-0.06228596730680568,-0.11844869377861568,-0.14090575029557167,-0.033838049546485775,0.2242209004551119,0.010188663742142815,-0.09061793880411016,0.12263188887418004,0.2739298935941972,0.034582114147726495,0.1415776908434406,0.031156678093916472,0.057219937279462445,0.0658236977728275,0.2414092492251229,0.0972423961619048,0.10640580279092697,-0.07611735222557482,-0.011040457942090775,-0.060984082495309656,0.12143499477328853,-0.06532430717543035,0.04794423623822849,-0.11350043593968968,0.015918417653046784,0.07694906124610279,-0.11534462059552557,0.1130275212606189,0.09632760753559413,0.16828641465852912,-0.110522351609325,0.0717734756946505,0.016856943309581086,-0.009032852962792205,0.03367097737221946,-0.03618710257592426,-0.26668279567438274,-0.004400480218380678,-0.21499723828782974,-0.11056617381896863,-0.07378016771124815,-0.009136930710695814,-0.020358155267566545,-0.04586907201906266,-0.06675674565315634,-0.14994499399727024,0.023265941469961245,-0.12617692304180914,-0.0026229418397111385,-0.11105095701315122,-0.09490429868487722,0.29826765327502547,-0.0307056745196675,-0.10858047994449187,-0.03575618418109528,0.05109760940716767,-0.06297616710869278,0.00335513792584004,-0.14383544760278819,0.05784531672958501,0.06747889914957525,0.09514988565142171,-0.06644999018565097,0.1343388095879343,-0.044702305687301144,-0.042705656260413484,-0.19028881575043252,0.15789872504758817,0.03453007527377469,0.07004980211533458,0.0352111454486527,0.12439481984963505,-0.005544422482619472,-0.01584172878617044,-0.1036961294946295
#51,0.2526350385954982,0.38482290806009123,0.4229190156436159,0.3557359164091351,0.13841610101019322,0.31983822300939896,0.0756407856957004,0.25861950909995574,0.021063875435369087,1.0,0.10090702844335295,0.2646614962545705,0.1581087064687972,-0.0027242806995120216,-0.07543263019989319,-0.21990806465601848,0.3897748177498208,0.15537164429147246,-0.2728772476000493,-0.20425166729813254,-0.1308750291006861,-0.29435925995243467,0.18114366837542853,-0.01147502818772339,0.18933294380258095,-0.08137875627091255,0.20897442334993405,0.09221379760529884,0.11230628072690091,0.09713192767509483,-0.03847863895520549,0.027314931048492013,0.1771394139692423,-0.08218033752231052,-0.18451523962988492,-0.14866775917869876,0.004457996868537936,-0.2977573071252174,0.03758119662021208,-0.07085777410563891,0.02426472266475553,-0.20980248051965836,-0.12741581342694244,-0.2579703926196095,0.211599191115047,0.008962554834822223,0.11305034532814162,0.0015812513979741357,0.2551338175078857,0.022160343639160623,0.22233745840313693,0.22264421387064232,0.46427166118128244,0.14321737185427288,0.22921480642908335,0.08791739513482176,-0.01731798947354006,-0.33355822647865724,0.18712905184258696,0.11398065432036775,0.04692354393861239,-0.026642990500623097,-0.05252548307138912,-0.05780514637074503,0.11946299533932542,0.12147972994563307,0.09518275230865443,0.15117384179269355,-0.04144668069586017,-0.1324827564169866,0.11738509223205686,0.09685529997671945,-0.059012996024047436,-0.0868893991335984,-0.23738217075141396,-0.19080281375104421,-0.1602413873381203,-0.043987455892489515,0.12889024818891023,-0.22079455143860097,0.15779008248618004,0.12159202435784486,0.006784225830453697,0.204507296854387,0.05114417050491402,0.01728512281630734,-0.009123236270182182,0.13848913802626595,-0.1607261705323029,0.06061889741494611,0.11550438906818462,0.013647879415886464,0.2286642899204353,-0.0278910105127655,0.024762287336750857,0.20427449136565526,0.013293649887933828,0.25264051637170365,0.2043520931952325,0.02354622101914026,0.19267073543710372,0.29039882775589204,0.20221028269890035,0.09586290952083153,0.08252543742325408,-0.0031825879753682664,0.09873965499139532,-0.1550238055024262,0.030670068974332054,0.01604988428197766,0.0394801590381025
#52,0.25862133502535756,0.0737436492032118,0.3166547220713298,0.16720455385795213,0.0695367170774238,0.09370101384507935,0.411458594859107,0.21944519256665768,-0.07564352458380313,0.10090702844335295,1.0,0.10293015378856697,0.04266457293887258,-0.042240045282949966,0.030930263344091078,0.20349116936827547,0.27869373296753963,0.2874262212017328,-0.11367389885286236,0.0933330898766131,-0.19180889864744577,0.021566917883569868,0.1038933294380258,-0.11730109966357324,0.020093396084302977,-0.010514591426367275,-0.19208643930852204,-0.09863922909429536,0.15812513979741358,0.15512970917573163,0.00037887952087717455,-0.062203800663723885,0.09963161955018328,-0.026779934905759424,0.03509063437213273,0.06813897118233235,-0.052977399608339,0.07185290344962957,-0.0010544719195497267,0.04994910232942433,0.06533617569054216,0.049868761611744354,-0.017695043069015415,0.11152752354302566,-0.08301569839364213,0.1392888933522621,-0.052692555245655436,-0.04436633541336669,0.2089306011402904,-0.01301428330145572,-0.09626826496003506,-0.0685470655096386,0.10369521653192859,0.04712622165821415,-0.0686392747424304,0.061187673177612326,-0.24316487649897064,-0.023385539583780306,-0.12923352216445197,-0.05703095400037431,-0.037140235635673105,-0.08651691035162759,0.07728229263193452,-0.10026886751541766,-0.10171865228446092,-0.15725326041804563,0.02717707368065478,0.27171139423098867,0.07467487115813884,-0.04096007157627575,0.052338325717702805,0.07091437779309526,-0.024901057667289003,0.06037970118730799,-0.05743265758877421,0.009619887979476598,-0.18355845471933244,-0.06518918869569584,0.18790050532485494,0.1503019624133256,0.15021796984484198,-0.06576800704807205,0.0013630533124569196,-0.021394367933098093,-0.020310681207119284,-0.15896415251954882,-0.25576558769691465,-0.027224547741102036,0.024626255894315437,-0.04521630368791283,-0.1619951886865662,-0.18397476571094687,-0.07973359748387479,-0.23931034797573345,-0.1197405360004017,0.05541409705706473,0.047277773466565025,0.06991924844910462,0.19118717104812682,0.16250736076177608,0.14465711403360615,0.2642771389574879,-0.08677253990788206,0.0964672908288332,0.11191644565361282,0.15520274619180432,0.16402744365878932,-0.10114622467099106,0.06531609051112217,-0.0657835274139875,-0.09611580018898327
#53,0.19013543801667984,-0.013187746214628402,0.29235804571204244,0.13360570053910448,0.32934490361396285,0.37393765377715493,0.20397686552515898,0.08164990619308247,-0.08466177014338079,0.2646614962545705,0.10293015378856697,1.0,0.15601071818210868,0.2317272797819845,-0.2080413754696052,-0.27278321244185566,0.08673328251174298,0.17604477169085256,-0.27296397905663566,-0.1671689483126167,-0.387318948084376,-0.4748866785047497,0.010584889554337257,-0.02558030191676519,-0.018870026065085112,-0.0014470458809405342,-0.008512464223274159,-0.0394701164483925,0.05184806474731475,0.03703798381317131,-0.1694705272816079,0.1034697147448041,0.13031538296502895,0.04656931441065975,-0.08310334281292937,0.016069056498696745,0.10264987423938796,-0.10024056567168949,-0.11528892987077013,-0.1101197350582242,0.09256620120784965,-0.05476589353941945,-0.09218184391076703,0.017532535708253638,0.043632313401835966,-0.08991769641251307,0.14398426052303634,0.12523931034797572,0.2085599382837214,0.033817051404364876,0.14914341274587226,0.05062743361619961,0.03002643027019131,-0.13430046515449612,-0.35161754166533526,-0.197586126618797,-0.18797171641552585,-0.16825537392669823,0.22191201778451342,0.2310160818379765,0.16098727786476283,0.08079993791853633,0.21716278581438556,0.05127198528304126,0.01463935690907348,0.12175453171860663,0.2989925456595471,0.026262285054344105,-0.15419027055649642,0.06645911981266005,0.12465318829399225,0.21860617984452246,0.09663984077930496,0.05793570003697499,-0.0038517896351344567,-0.07004888915263367,-0.1297529979412691,0.07230938480008399,0.029569035957035975,-0.02225803064815787,0.3627976829006651,0.1593357283388187,0.024348715233239147,0.24277230253757984,0.25488092683973396,0.2601971086471262,0.06275705606047464,0.2963111742069778,0.055278065614629314,0.3215025540131558,0.09251781418470148,0.11248704734168086,0.23061620417497844,0.15118479734510445,0.08945847617395591,-0.11616354813824081,-0.00047108875366896885,0.01580886212893772,0.08933979102283776,0.1646948193931537,0.20545860398873403,0.1497131014712394,0.05656260413480807,0.05140253894927123,0.12369092560723431,0.08263864479816677,0.2522032072379683,0.03608393779072156,-0.020333505274642005,0.054697421336851286,0.08379993335372284
#54,0.00261381221270205,0.034128371685374796,0.0035705971232545294,0.02104379025594909,-0.10143563384717917,0.18775625721811134,0.0753112061606723,0.06631487170591646,-0.12783212441855688,0.1581087064687972,0.04266457293887258,0.15601071818210868,1.0,0.13419730036929342,-0.021789680782591626,-0.12369275153263613,0.12477369937051222,0.19198144859791752,-0.05869893685493479,-0.03520658063514815,-0.014273258866009029,-0.11164894758224653,0.35428521867739093,0.08033706582917555,0.04441746132461758,0.13096541240807608,0.20084814234914433,0.1236279311808716,0.2059607334742339,0.218931194566046,0.07742014999977176,0.18770695723226227,0.053380016159439804,0.29532060967649165,-0.10085590253210205,0.06100234174932783,0.11531997060260103,0.11071955155272131,0.19621850849283554,0.014153660752189968,-0.001830490215322253,0.13065226620166434,0.05006778748054248,-0.12798093733880503,0.29849132913674814,-0.05239766829326188,0.014171920006208146,0.105614264129239,-0.016442458243368468,-0.08206895607279964,0.08947490950257227,0.07367608996334454,0.14394226423879453,0.058186764779724925,-0.03376866438121671,0.08326128536018661,0.026410185011891338,0.02683197377971123,-0.0030922046679782897,0.027609818000885574,0.11878740294065286,0.03674309686077775,0.16128672963066093,0.0384905074703173,0.06259180981161015,0.12319975167414535,0.18293855304541534,0.10157166528961459,0.05045397070302693,0.1213071799951613,0.12476548270620404,0.11908685470655096,0.04684320322093241,0.12274418328639183,0.023057785974154026,0.17803503037883386,0.03700785604404132,0.000482957268780784,0.13803539556391423,0.030803361528664745,-0.0035651193470490764,0.4935814157312603,-0.12345812011850256,0.36995622343849144,0.33954269698311473,-0.2407500901550667,-0.07908265507812678,0.0035934211907772506,-0.2585482980092848,0.17515280713206463,-0.19249088178502466,-0.21235877608220316,0.030414439418077574,-0.15181565457143248,0.05320837917166894,-0.04182647317943825,0.01330004062684019,-0.016796687771321102,0.10848827071170007,0.06488882396709682,0.15799641205658543,0.08369037782961378,0.1482295370822625,0.26255163945277016,0.08302574098335212,0.0834365741987611,0.0013329255433269273,0.14859198327452333,0.09072840729092013,0.06778839350518334,0.0930665047679477
#58,-0.035857523040896164,-0.13106492534247513,-0.04452792981142755,-0.09643259824619865,0.1851725727745393,0.3476187650353545,0.23919440171271802,0.12148885957264216,0.031786622357543586,-0.0027242806995120216,-0.042240045282949966,0.2317272797819845,0.13419730036929342,1.0,0.26367914838839257,-0.0779295831868789,0.01510222899843427,0.0594941273674264,0.16449214167355192,-0.09335865283223854,-0.057564124217705084,-0.33122104196433055,-0.10055279891540031,-0.18394098609101325,0.09193808286962436,0.1275235430256497,-0.10928711307499532,-0.20314698243003282,0.372965348500687,0.21655383969287934,-0.20112111819671608,0.24585081276504447,-0.06968644296037285,0.2759411504242994,0.049824026439399816,0.21104410979289442,0.3080135301072275,0.1703460585117795,0.1485792017967106,0.05233193497879644,0.1674684000785148,0.06147251754029589,0.04368983005199323,0.1478999575472344,0.09352663796920577,-0.05337362542053344,0.04821812504850114,0.07527377468993504,-0.03537365280941447,-0.2675446324640407,-0.07016848726645272,-0.20673492584460462,-0.25076163913323324,-0.1182962290075639,-0.24976103201303712,-0.16011905033619853,0.00440687095728704,-0.12436469208050505,0.007890736623955228,0.08982092236621673,0.06521840350212492,0.024324065240314607,0.4008883127079843,0.23174645199870358,0.054092127066148715,0.16082294457859925,0.47922051244596403,0.02724737180862476,0.12875786859727845,0.3198911748460517,0.37700886030301234,0.189152177187801,0.1624169774543861,0.06467610365778506,0.18413727307170866,0.1149976947691802,0.12637868779870998,0.04865999899574103,0.2408103456933267,0.08721258792972013,0.05210917207977468,0.16335093829741587,-0.22151031419611353,0.25685657812450075,0.15080317893612458,-0.17107095089630114,-0.12846754645838945,0.18626904097833083,-0.14189448890065595,0.08880205599200244,0.13171495478552223,-0.17648299378728882,0.0071795386799472305,-0.2002583684443572,-0.1626844755257524,-0.11054608863954864,-0.034071767997918445,-0.20070937201860617,-0.010776611721528117,-0.045302122181798264,0.027934832722409125,0.05270259783536543,0.006998772065167277,0.040614058712631296,0.22167829933308075,-0.16708130389332942,0.083477657520302,0.10212765957446808,0.03246677956972068,-0.02487914656246719,-0.12821374282753678
#101,-0.012023718770969612,0.11591978709709815,-0.24362774858833142,0.11130293471860207,0.014127184833863613,-0.023144517430740367,0.24788580662537033,0.0345620289683065,-0.060893699187919675,-0.07543263019989319,0.030930263344091078,-0.2080413754696052,-0.021789680782591626,0.26367914838839257,1.0,0.4078679125564325,0.10206922996160991,-0.057615250128955985,0.7432128070407683,0.2735875325813564,0.4766423057785974,0.20578818352376213,0.05634531901199177,-0.14006582461073552,0.0677208342653161,0.13706765510095084,-0.10078286551602934,-0.17720514728370773,0.3534261207758357,0.18233051988661003,0.06248590613830472,0.043326470897031504,0.00042909246942716153,0.07840067194054787,0.30644597314976696,0.2848680997137862,0.3638841085147466,0.3495588107747858,0.19470116448392502,0.11498308736596566,-0.03534443800298539,0.16082294457859925,0.12562184171965654,0.25092232056859315,-0.05593722468468551,-0.06572053298762479,0.0574417872157833,-0.006962253557130924,-0.12351837565676255,-0.2695275874504147,-0.12554880470358384,-0.2819192301898506,-0.23816549274879376,-0.2714457220850242,0.023053221160649482,-0.20375136373803449,-0.15284091168455313,-0.09739212204485385,-0.5055549215536799,-0.3788767819890718,-0.48362555747784924,-0.511964832676761,0.40347382307695817,0.03754832996297936,0.052338325717702805,0.08949134283118863,0.27147128504064966,-0.0891261577508251,0.7121903344638855,0.38941237155756003,0.475484669073845,0.18127148315355576,0.4520808702360465,-0.2691112764588003,0.10740732287382398,-0.17566041439376995,-0.05606412650011184,-0.3406948559116617,0.3514888139245071,0.18614031323750269,0.06230422656082386,-0.022845978627543173,-0.11168181423947925,-0.07013562060922,-0.255771978435821,-0.48395696293827917,-0.5235904997101344,-0.14725631884309368,-0.006794268420163695,-0.2170139728941374,-0.18001250758900245,-0.5303993755335126,-0.5182040197747722,-0.4656812755914857,-0.41506297160229516,-0.02253648427193507,0.005756229829230327,-0.2072690090246363,-0.22657451829805494,-0.18102041841080582,-0.1847279599391967,-0.10567269374209717,-0.0895707705861677,-0.2635321613935463,0.01715822100088101,-0.21981311653512395,-0.04617582748656804,-0.38615126878991357,-0.08374059077816376,-0.5524255136556396,-0.462432954301652
#102,-0.04442111317542122,0.103871418333204,-0.09564105958451068,-0.03913871098796259,-0.10389424240072671,-0.1805748926127623,0.07862434780227054,-0.09949011033154241,0.008248618002711499,-0.21990806465601848,0.20349116936827547,-0.27278321244185566,-0.12369275153263613,-0.0779295831868789,0.4078679125564325,1.0,0.04116001040777479,0.055666074762515574,0.46644359944674463,0.712696115800189,0.18879520877174563,0.6047921412170706,-0.09277253077825505,0.1058726325735962,-0.21502736605695974,0.1624270200440961,-0.08918367440098235,0.060127723481857145,-0.0584213961938585,0.03163872239999635,0.24985963198473526,-0.32196177425171296,-0.07885167551479684,-0.08882396709682426,0.05267886080514181,0.1464556505543966,-0.23518740841842906,0.22441079669690095,-0.05705651695599976,0.09804854222680733,0.018956757521671454,0.07254219028881576,-0.013887988606225492,0.07246915327274304,-0.16317747538424318,0.2327169313497697,-0.03304194607129326,0.0025635992641520632,-0.1181108975792794,-0.12133913368969311,-0.08692591764163475,-0.0791666476466104,-0.11724723486421962,0.0822908060091205,0.10653635645715694,0.10404031643287213,-0.3693472773169852,0.31619002405656715,-0.4198834146630939,-0.3157864945427655,-0.2740138861626808,-0.3199769933399371,0.141733807465296,0.16592640607667974,0.032724235051376976,-0.16131868332519275,-0.014141792237078154,0.020330766386539276,0.47467395819543795,0.21989528317820575,0.17060899176964126,-0.005067855952745051,0.20132836072982238,-0.14636618020970754,-0.05350509204946432,-0.15270670616751952,-0.15708527528107838,-0.26311950225273545,0.21420569962614178,0.380998507305984,-0.0188481149602633,-0.2300246043447895,0.009583369471440244,-0.1972172896876298,-0.10774329314775845,-0.30483550694536377,-0.29937142518042426,-0.11625575737103261,0.04156627880967923,-0.1703122788918459,-0.18211323476379374,-0.3818393459535211,-0.28963467797523135,-0.2647016666134105,-0.19757790995448882,0.15189325640100973,0.13339845800599817,-0.20233444562622394,-0.16267351997334148,-0.0715169331756951,-0.33547818703866855,0.03944729238086978,-0.16482628602208457,-0.144608727010458,-0.10716630072078405,-0.06943446525492201,-0.08145727106319071,-0.17312511697334607,0.017282383928204612,-0.32748063377870695,-0.2853720551246879
#201,0.3504653827367883,0.16094436861782013,0.5042247348984558,0.2477607307353458,-0.11170372534430106,0.25728840948203063,0.2038052285373881,0.19292362610525546,-0.163850328894813,0.3897748177498208,0.27869373296753963,0.08673328251174298,0.12477369937051222,0.01510222899843427,0.10206922996160991,0.04116001040777479,1.0,0.5381641233047424,-0.03451911972136378,-0.1056151770919399,-0.013327429507867456,-0.14000830796057828,0.30009905645304863,0.005517946564293116,0.14742795583086454,-0.04974459868442075,0.08314260020906845,-0.002412960418502102,0.3712444138094738,0.1437213272651746,0.17881835237621366,0.0760525318738103,0.30597031958259346,0.11283397316802622,0.022220599177420607,-0.061200454655425056,-0.08865233010905339,-0.1074812728525976,0.036924776438258616,0.017316163548138242,0.005724276134698517,-0.07701570752326914,0.05176863699233568,-0.28715324535416104,0.013286346186326558,0.22444001150333004,0.10367878320331222,0.0856623772635769,0.28238849301811775,0.09037326480026658,0.13682937183601365,0.23680700424984139,0.4405209365171386,0.2987807383129362,0.3304368070042498,0.18535060050121652,-0.050218426326192445,-0.20337978791876457,-0.038893124021418105,0.1116471216568447,-0.05672876334637349,-0.10224086694938078,-0.13820338070088148,-0.15549124240529152,0.09305372329013498,0.04935019879762812,-0.05950599588253822,-0.05402821967708509,0.09457289322444731,-0.14153478159649788,0.18356575842093972,0.12841824647254035,0.04054832539816586,0.010204184108058265,-0.2516773407222448,-0.13692614588230997,-0.15216075447237604,-0.010807652453359018,0.14315894224141473,0.08119251187992714,0.15449976491210451,-0.0041001154897816645,-0.09639242788735866,0.08856742457786887,-0.05388762342114513,-0.15673287167852756,-0.17995316501344338,0.029423874887591468,-0.018452802110769766,0.053317934695778,-0.08140340626383709,-0.1660788708477315,0.012153359474498669,-0.24842628054430838,-0.27499714699155964,0.2739801065427472,0.12065715055211419,0.18049729078318505,0.22625498135273683,0.11585770563343635,0.22309156559408766,0.3632852049829504,0.19519781619321944,0.058240629579078544,0.19200244674003844,0.1693043680700425,0.2963056964307723,-0.17054964919408216,-0.055156641575408435,-0.18617865767094086,-0.14094409472900984
