,#10,#11,#12,#13,#17,#18,#26,#49,#50,#51,#52,#53,#54,#58,#101,#102,#201,#202,#301,#302,#401,#402,#501,#502,#601,#602,#701,#702,#801,#802,#901,#902,#1001,#1002,#1101,#1102,#1201,#1202,#1301,#1302,#1401,#1402,#1501,#1502,#1601,#1602,#1701,#1702,#1801,#1802,#1901,#1902,#2001,#2002,#2101,#2102,#2201,#2202,#2301,#2302,#2401,#2402,#2501,#2502,#2601,#2602,#2701,#2702,#2801,#2802,#2901,#2902,#3001,#3002,#3101,#3102,#3201,#3202,#3301,#3302,#3401,#3402,#3455,#3501,#3502,#3601,#3602,#3701,#3702,#3801,#3802,#3901,#3902,#4001,#4002,#4101,#4102,#4201,#4202,#4301,#4302,#4401,#4402,#4501,#4502,#4601,#4602,#4701,#4702,#4801,#4802
#10,1.0,0.2667481040362396,0.43546227275040833,0.3444967309374089,0.41262834483173466,0.37049838744754,0.23239356459695443,0.5237315898332847,-0.1412151751134802,0.3248545926512028,0.23222189832359325,0.12033204236594067,0.3900850002544918,-0.055666143801737025,-0.20789294687599771,0.03233572555606454,0.500940231448706,0.3381330483025398,-0.246148151232897,-0.1336549184006811,-0.0950961747571917,0.13928705284637488,-0.02739765960104943,0.13612904121378697,0.13025120652239297,0.04481507701846685,0.06670044466654636,0.25049163184756407,-0.13162314857230112,-0.16046123164767231,0.1839272246051907,-0.03857123687632162,0.20830753712109645,-0.12799363307837885,-0.26453217470166623,-0.17191845157946853,-0.2094569145416603,-0.21363474414321873,0.0899207373783645,0.19412725514420429,-0.1039399954654192,-0.08332569857993587,0.017340607171115647,-0.031451945011267045,-0.034329552973620774,-0.018943905384583352,-0.22294960600045347,0.01614171953155004,-0.12826987233766896,0.08627919136393712,0.15902543529662175,0.13389043897518474,0.1335549725380234,0.18433209789141994,-0.04258711716338835,-0.022392500358602054,-0.17968554070248985,-0.2305885238088628,-0.041124946209691975,0.009216304131558368,0.16581851497105735,0.17523332269094982,-0.18801621343994226,-0.20908350569367518,0.36506845828879725,0.15406793542386762,-0.14912107793463725,-0.15494477528375833,-0.07797998306472882,-0.25059296584720314,0.18652905602058145,0.0990602312636211,-0.1301836505226336,-0.17253848609780814,-0.2058824618146652,-0.01592424473780406,-0.0961206198494334,-0.10076625161370924,-0.23366556078420486,-0.2642887880176016,0.002296441279492127,0.16726402828097744,,0.024410388817168477,0.21530097123317463,0.3503375486426334,0.2169422118574661,0.08102509288949968,0.06667083107761074,-0.09961363520685555,0.06974509177899009,-0.23871236413609295,-0.05110935280426806,-0.11021576275813565,-0.16430729651068635,0.21291383833756716,-0.0943114146503977,0.3367851672936419,0.28295275244427787,0.11795185015523998,0.1963603048348811,0.1868959868959869,0.08072294173989089,0.3941156873360263,0.20941712128152806,0.30946246708958575,0.11785236700490938,0.0663575748321511,-0.25165674148725,-0.1139396715667902,-0.15286395794870372
#11,0.2667481040362396,1.0,0.19156475427661868,0.22077069365204957,0.018331274263477654,-0.02748696308018342,0.07990625448252567,0.2577099441506221,0.5033231999333694,0.4292734953751903,0.505493320747558,-0.2341560358509511,0.03301915166321946,0.22040885261224244,-0.26908804027448097,0.039856189008731384,0.017977762045558655,0.10923018550137194,-0.05529921292633157,-0.11274494833816867,-0.09539092250956657,0.018072155360290953,-0.22644308407020272,0.049427856207517225,-0.15143556499488703,-0.26960396451921875,0.2225803615634124,0.2894168436541318,-0.28058690431571787,-0.17744138591596217,-0.20897338015982084,0.003640620589773132,-0.009386119555611082,0.06311997667929871,-0.21435009740094485,-0.29600077735670954,-0.2380215346317041,-0.2053859714876664,0.08995173910428148,0.2069161611534493,-0.26287381372127133,-0.0977165146656672,-0.07871847193881092,-0.14178662483747229,-0.0022598870056497176,-0.058094458094458096,0.05630422410083427,0.1460560714798003,0.1408348255805883,0.15163777028183809,0.10359897648033241,0.061584697177917515,0.1662752120379239,-0.13263278687007501,-0.1355557406404864,-0.2955223328104684,-0.12599610396220565,-0.22352892183400658,-0.13102115983471915,-0.06095402027605418,-0.021557304608152066,0.10825108621718792,-0.06646075968109866,0.01152616406853695,0.31508210830244726,0.22309212139720613,0.08241184173387563,0.0003474969576664492,-0.1181290689765266,-0.10095550095550096,0.31444449071567715,0.38224804157007547,-0.2173461597190411,-0.050491169135236935,-0.18711762610067695,0.011272597713275679,-0.11527552205518307,-0.08911885691546709,-0.1255343170597408,-0.29822642365015245,-0.24549618956398617,-0.15398834890360313,,-0.12423316999588185,-0.18018989713904968,-0.05405775575267101,-0.0676531693480846,-0.2399417907892484,-0.08652951873290857,-0.12980098742810608,-0.027176020396359378,-0.3356607763387424,-0.1538152944932606,-0.22409250544843765,-0.19855541211473415,-0.06288538152944932,-0.34706108265430297,-0.023563625258540513,0.09717745480457345,-0.023707528792274554,0.210442491798424,-0.10035443764257324,0.04409324578816104,0.18919566716176886,0.24680890443602307,0.03663941291059935,0.09896722608587015,-0.03371784727716931,0.08039580412461768,-0.06859293808446351,-0.0570362350023367
#12,0.43546227275040833,0.19156475427661868,1.0,0.4366111874586451,0.2518857840891739,0.2717167090048446,-0.08819574582286446,0.325713849442663,0.018627872865161002,0.3059689890198365,0.21332935400732012,0.051048737489415456,-0.03482095346502126,-0.04827570251299065,-0.10761346863041778,-0.017445642869371683,0.7276359564495157,0.6874729891679044,-0.22311386887658075,-0.38445795564439633,-0.004042254889712517,-0.07205310086666018,0.21253996677725492,0.16154675476709374,0.29340449848924427,-0.06300198503588333,0.2851409190392241,0.19786088091172838,-0.021904801565818515,-0.15677341440053305,0.09210103786374972,0.01468602655043333,0.20105267054419595,-0.044739192196819315,-0.16328516498008022,-0.20045854791617504,-0.317489600540448,-0.45021215360198413,0.093395706955029,0.1862856693365168,-0.05108390362627651,-0.13857864027355551,0.005730229459043019,-0.3114891470823674,-0.22225600022210193,-0.22978016537338572,-0.06880439761795694,0.15795333083468677,-0.037854958193941246,0.3119907272449645,0.3995396012345165,0.47130350689672723,0.4696960442723155,0.25410263884840156,0.01975827908031298,-0.15245306940222195,-0.33560525085948817,-0.4528954223869478,-0.3523420184437134,0.02886306954103564,0.10050065473794287,0.11947833812240592,-0.2216771471008759,-0.29852441038881716,0.3960280773840096,0.19008962737776297,-0.3425302035471527,-0.3635526127051551,-0.12678641661692508,-0.2953289190577326,0.40143255736476074,0.2996941471517743,-0.15102606458538662,0.010829782016222695,-0.3599129175400362,-0.16166150742421928,-0.09034319373302424,-0.1570774163994503,0.11052069018170713,-0.05738789637094722,0.12358861172420495,0.0648051749746665,,0.15015292642411288,0.01995955894260979,0.015398603534196755,0.028984762883067967,0.08648741191114072,-0.10022811717726972,0.15654113281231924,-0.24378831836458956,-0.25720975212500635,-0.15556851150071488,-0.3801612089747683,-0.35680025171550594,0.5607351573453269,0.04066501015653558,0.6333499909771096,0.4267729979594386,0.37083940643262675,0.534256907138263,0.42973667041463653,0.28438901150765555,0.49950721137161813,0.4090580565156836,0.4589514013242827,0.28424834696021134,0.1470319317776945,-0.12285891438433812,-0.2746683509395374,-0.33461180749316344
#13,0.3444967309374089,0.22077069365204957,0.4366111874586451,1.0,0.21663265731062342,0.19413882295238227,0.09494209155226105,0.21669604889943872,0.13278131752708025,0.4615675768218141,0.35587575248592196,-0.03175779785949277,0.1198193571074927,0.2513231258993971,-0.06729641814387577,0.04076310516988483,0.28614916920001665,0.25082293387378135,-0.14688987909326892,-0.0506744032167761,-0.015631347834737665,0.0511926410231495,0.10083889744906695,0.06564869954700463,0.04001767561089595,0.0013205809815979308,0.12308564342462648,0.22204592882558985,-0.28380738211246687,-0.09865443255273763,-0.15432427805309162,-0.016541502982180947,0.17525784644428713,0.09186459186459187,-0.09273634188888426,-0.11903043258975463,-0.16886501293280953,-0.12809728063965353,-0.03562884918817122,0.10714289019373766,-0.02187657611386425,0.055564347089770816,-0.0013751810361979854,-0.0938223277206328,0.03081617827380539,-0.004040866752731159,0.05968850206138342,0.18292776597861343,-0.11312437244640634,0.12467459755595349,0.17050255185848406,0.1715839105669614,0.09933508238592985,0.005942614417190688,-0.07947084218270659,-0.12875942197976095,-0.36450163568807636,-0.129726953455767,-0.1753198498961211,-0.05690112300281792,0.0576271186440678,0.12912542743051217,-0.10163892706265587,-0.24841359078647215,0.16945867284850336,0.08331089178546805,-0.12250447674176487,-0.10607171115645692,-0.07389469592859424,-0.16005497022446175,0.08311608989575091,0.11933443458867188,-0.20313071160528787,-0.023841715367139096,-0.2613783274800224,-0.16382283670419265,-0.2652341093019059,-0.2491849322357797,-0.012138795189642648,-0.02928506318336827,0.15482123109241752,0.2104614630038359,,0.0942725468149197,0.09856050195033246,-0.1173082173082173,-0.05338034490576864,0.061870190683750007,0.10537070198087148,0.1563949157169496,0.015345854328905176,-0.04140766344156175,-0.026071063359198954,-0.29772252992591974,-0.24758070859765774,-0.006958730687544247,-0.015878898929746386,0.33497133497133497,0.2599735328548888,0.2861459302137268,0.31972079938181636,0.03594580713224781,0.2013705539129268,0.4119870255463476,0.345021446716362,0.3527182035656612,0.2331676823202247,0.02584849872985466,-0.12097521250063623,-0.25769051023288314,-0.23382242026309824
#17,0.41262834483173466,0.018331274263477654,0.2518857840891739,0.21663265731062342,1.0,0.5503699385055317,0.03495143834126885,0.28257888088396566,-0.0008254787915804865,-0.009907596348274315,-0.14057755752671006,0.3670599721447179,0.24434033417084264,-0.13961650402328368,-0.13548402022978295,-0.22337391320442168,0.34005330446008414,0.20174905259651021,-0.15607194251262047,-0.0733995937385768,-0.09346742736573245,-0.09510219001744426,0.25959457145897824,0.08256314866484359,0.1696095170671442,0.11292031631014682,0.009658194403957116,0.00409778036896681,0.15269506794930524,0.12775255995594978,0.26471124437226135,-0.1201053133256523,0.2180485570316079,0.15276401208604598,0.08588588588588589,0.1846485931231694,0.08887408209442108,0.011449353822235178,-0.10495333546181004,0.05609739169061203,0.027478634258295276,0.1425084560677781,0.18462036767121512,-0.12871638973333888,-0.19613820291786394,-0.17371793981963474,-0.011586316671062434,0.07103791002096087,-0.06690311266582454,-0.11197684587515096,-0.05594562204731696,-0.03529847258660818,-0.08882272102611086,0.0394763021881666,-0.1033033033033033,0.026990472753184617,-0.21416501247009723,-0.17208086360628733,-0.1060129466909128,-0.01024167464845431,0.04306972612057358,-0.15209122836241482,0.0001221560543594442,-0.18425621306977238,0.02173591156642004,0.003639695165118894,-0.07982805609924254,-0.20321538796115068,-0.1255708713335832,-0.18919705529875022,-0.12648287733033495,-0.013229870856989501,-0.03729368814114577,-0.151124622311063,-0.12425584289991069,-0.15006038395868904,-0.14997200590420928,-0.23953321580440223,0.19970016241202682,0.02350809977928622,0.010584081770522448,0.4771198008486144,,0.11199304080660012,0.5414687414687415,0.25998463795073967,0.012398376805156467,0.2808756368078402,0.12022839480466599,0.275669197703096,0.14558179134450322,-0.12496471818505717,0.11676869473479642,-0.025722640976878264,-0.13859298435569622,0.07771438618896247,0.12381441533983907,0.2824789350213079,0.1438378285835913,0.02311479430123498,0.043568530009207976,0.30979747081441994,0.2744508761457914,0.22789970247597366,0.15682893987978733,0.22122553986960766,0.0915795610710865,-0.06681195833738207,-0.1272199780674357,-0.14991000245237535,-0.14866900799104188
#18,0.37049838744754,-0.02748696308018342,0.2717167090048446,0.19413882295238227,0.5503699385055317,1.0,-0.1503958503958504,0.2229287839457331,-0.19301905912075404,-0.01658222166696743,-0.11891891891891893,0.4568451348112365,0.3633573481031108,-0.2449154855934517,-0.19306209136717611,-0.27709250082131437,0.47386091792871454,0.3398099177760195,-0.25226196921112176,-0.20746910238435662,-0.08588912487217572,-0.026332495824021248,0.2934729799136579,0.1321987627072373,0.09840919501936451,0.06288353068014085,-0.0012669063516521143,-0.031095193807058216,0.08731612968901105,0.2138008578686545,0.4269506794930524,0.12612751426310748,0.20231865147119385,-0.05527422646066714,-0.03929676980524438,0.02060180365265111,0.08532692939472601,-0.16275582207785597,0.0787374431442228,0.06791552723756114,0.02801908225637039,0.01159880990389465,0.26157590564370226,-0.0534738127958467,0.005401703706788452,-0.011405396151158863,-0.058191164970825986,0.09809686419855912,-0.0707866572273352,0.012130003655427385,0.05103207984563917,0.08375926003044647,-0.0032644354678252985,0.03808076180957537,-0.13330048075810788,-0.010331903552242535,-0.028969493376273036,-0.20425417713553307,-0.15389256745188948,-0.01784126190905852,0.0877362724820352,-0.023904644243627295,-0.048832808154842054,-0.1786476769527617,0.06877663487832979,0.006182762114965505,-0.21408820222379543,-0.22025014228404058,-0.32940398025143786,-0.3017916221306052,-0.1350930283133673,-0.19297371331269636,-0.08935484020229784,-0.1834649749903987,-0.04490715677156355,-0.017259169801542684,0.058738090941480775,0.003189013358504884,0.13464327193140752,0.045548013344623516,0.11616670599721447,0.42988103666069766,,0.23338747067560628,0.46212977229926383,0.31585807687502604,0.24216882521967267,0.2978395961446809,0.05641620048399709,0.20228487347131416,0.2838226516192618,0.14124478870241583,0.3433640111606213,-0.09985841002790155,-0.10512777800913393,0.15623574267642065,0.065079100672321,0.3148262283855504,0.12108533803449058,0.16872758737165516,0.08211663126917364,0.3584896144218178,0.2500779670271196,0.2832419476487273,0.053716736767584226,0.23722613214138638,0.04614444953428004,0.11405997677184118,-0.03236765270663576,-0.24087508155304765,-0.23603325976207332
#26,0.23239356459695443,0.07990625448252567,-0.08819574582286446,0.09494209155226105,0.03495143834126885,-0.1503958503958504,1.0,0.07109621177417788,0.055950249170588155,0.2391977493672409,0.21253117524303966,-0.17556184844320438,0.251221791899758,0.3871481651142668,0.10825525062813199,0.09455942845773355,-0.19581939412447888,-0.2140868140868141,0.07750200123081478,0.11776491437508387,-0.12001693527117256,0.01088345664616851,-0.13551548466802704,-0.010628039441598763,-0.054562574901557956,0.025557915388423863,-0.10266522300420605,-0.09223198545232443,-0.06758746419763369,-0.010522541031015607,-0.17995854097549013,0.039402730928154654,0.04781808002146985,0.05509561950239916,0.025543108593956053,-0.053334073673056724,0.18056885853496024,0.20380534617822754,0.03983814322797374,0.03169394355835034,0.038555041944872456,0.09599013497318581,0.09691741047673251,0.17741501131331638,0.15890281652993518,0.2513453360910988,-0.01562857156077495,-0.04082094421077472,-0.026433367111333213,-0.1950577696340408,-0.0964496083140151,-0.15237579644359306,-0.10343795259049496,0.034617360041088854,-0.07166025810093607,0.11773807706011095,-0.11892909859011554,-0.014263107483446466,-0.033300018045780755,-0.11462124682463666,-0.11186857119060509,-0.0001369628488272556,0.09063377707445504,0.16320095133654455,-0.02558660355270525,-0.02472595862426371,0.23476912968438393,0.4491738271399288,0.1982097660063762,0.1469768690107673,0.06626595779138152,0.04618192923277669,0.07120772544501358,0.04325157206513139,0.01574933947815304,-0.11591822947755151,-0.04496592123710768,-0.06261562024273888,-0.13696192340260138,-0.041075435990690225,-0.0660595880934864,0.056039552649722144,,-0.07454943387146777,-0.08586969095443672,-0.06739034874628096,-0.14828727032116862,-0.020857220857220856,0.09980797438424557,-0.02335309114970132,0.11569427671122587,-0.17306227645210695,-0.0870875497994142,-0.00829874558688118,-0.03180175553056909,-0.2366643993762638,0.034175469768690105,-0.07834089867988173,-0.0946528963478116,0.00353280861755438,-0.0037854495481614127,-0.21733921903413428,-0.16875164841266535,-0.06188592290287206,-0.01904385124724108,0.029861140030631558,0.04101019355256644,-0.1111397992753925,0.004682186038118242,0.09197841909706317,0.10108089599615024
#49,0.5237315898332847,0.2577099441506221,0.325713849442663,0.21669604889943872,0.28257888088396566,0.2229287839457331,0.07109621177417788,1.0,0.19668883058713568,0.3010591485167756,0.3482738516636822,0.03109843279334805,0.17002364459991579,-0.06799233748386291,-0.1400482146244858,-0.18074839091788245,0.3139632698954733,0.23340829273032662,-0.12369549827176946,-0.23220940509076102,-0.14193376735749616,-0.048540373964102775,-0.005000994831503306,0.018171638510621563,0.08115141335480318,-0.013055428309665598,-0.06422215744249643,0.043178926229773686,-0.038943720299652505,0.026711457219931796,-0.006763466085499984,0.15150913625489898,0.09702938685989533,0.0033703965907355736,-0.025638890045669705,0.05259512208664751,-0.005157854310396683,-0.03447623278131753,0.0642119777712998,0.1773303349574536,0.10388817168478186,0.16061716570191145,-0.10198503588334097,-0.1029400741265148,-0.15568881670576587,-0.302680492511001,-0.06953270682084241,0.019904033463355498,-0.07499548855481059,-0.013415881212491381,-0.029079156197800264,-0.1270145337941948,-0.029658472031353387,0.007538046521097369,-0.060264578908646706,0.018324796290897987,-0.2263648856869196,-0.26155924799992597,-0.08287316592401338,-0.06342444139054308,0.10492973713312696,0.12455938218650082,0.04178384856350958,-0.10636553348417756,0.23533641499743194,-0.011068541577016153,-0.1742930912422438,-0.1727170930560761,-0.05411513208123377,-0.23179944196893348,0.09723298028382774,0.02287140761717033,-0.12581610886695632,-0.14281199535436823,-0.05166229403517539,-0.1305811204116289,-0.016541965694508068,-0.24879532845634542,-0.1813744406964746,-0.12778356168186678,0.03810713641222116,0.1033130202621728,,0.16063382334568777,0.2584947042574161,0.17282305417898638,0.11325393189799969,-0.07621427282444232,-0.013877205402629132,0.09406293813073474,-0.06871925854976703,-0.23459792612334984,-0.17125029497910854,-0.08743550946940777,-0.16120481035735273,0.11790233993623823,-0.03601567669364279,0.2233359707935979,0.036964699676564086,0.1563509580458733,0.1474414321871949,0.09551076500229043,0.2893423469694656,0.3912871268803472,0.25785107141039343,0.29521324097595286,0.053849997917794525,0.026096049824863386,-0.07930565388192506,-0.0904172277053633,-0.17711100931439913
#50,-0.1412151751134802,0.5033231999333694,0.018627872865161002,0.13278131752708025,-0.0008254787915804865,-0.19301905912075404,0.055950249170588155,0.19668883058713568,1.0,0.3060929959235044,0.4607559794000472,-0.167503250554098,-0.21597190410749734,0.4021914055812361,-0.15803615634124107,-0.04723367435231842,-0.15311474803000227,-0.014822526686933466,-0.043354756914078946,-0.03448502431553279,-0.15439599846379506,0.10956009939060786,-0.010710864948153084,0.04346441973560618,-0.08185381066736999,-0.029902784140072275,0.029820421345845075,0.1207031376522902,-0.10166391352832031,-0.06261885922902873,-0.23030673200164725,0.004339778916050103,-0.018439548948023524,0.31814618933263,0.1806817603427773,0.046707107724056875,0.07916637747146221,0.09577913815201951,-0.12393101884627308,0.10971418259553853,0.022196310331903554,0.10304742338640643,0.023078702739719688,-0.15640740894978183,-0.11632819259937904,-0.09736485329705669,0.17142288667712396,0.16639274096901216,-0.019178037822105618,0.08504560029983758,-0.12596972935955986,-0.11476607578302493,-0.1104545223189291,-0.12019646765409478,-0.11848859645469816,-0.06707246537755013,-0.16701740261062295,0.010647473359337765,-0.22418134621524452,-0.09671057806651027,-0.19021779869237496,-0.03845555879454184,0.21512791682283208,0.08348996145606315,0.08443620816502173,0.03543543543543543,0.1968711392440206,-0.04570949994678808,-0.026531462124682464,0.02859377096665232,0.13705168959406247,0.26238148780521664,-0.12637552807044333,0.11922477176714465,0.05762387965777796,0.020470856064076403,-0.13247453925420027,-0.21422423964796847,0.17533280584128041,-0.04944081215267656,-0.08819343226122887,-0.07889846703406025,,-0.010636368263486908,-0.04416774247282722,-0.35013071623241115,-0.30542160033685456,-0.14181161130313671,-0.14061364908822535,0.1380377295631533,-0.056597121003900665,-0.24226553209604057,-0.03905847295677804,-0.2731747155475969,-0.22430350226960397,-0.1977405757066774,-0.02616082955066006,-0.05739529976818113,0.0699297139975106,0.03579727647524258,0.10429767209428227,-0.1186593373034051,0.14255056288954593,0.0641805133330557,0.21223827833997325,-0.02664760291878936,0.11505943539841845,-0.11094314653636687,0.07372025338127033,-0.22460981783015682,-0.1840044975638196
#51,0.3248545926512028,0.4292734953751903,0.3059689890198365,0.4615675768218141,-0.009907596348274315,-0.01658222166696743,0.2391977493672409,0.3010591485167756,0.3060929959235044,1.0,0.5913731913731913,-0.386426333883961,0.12186871000430323,0.31797313492228746,-0.20417135162897876,0.06395239615578599,0.2619280297246399,0.21311002836426565,-0.020444944173757734,-0.0555856318568183,-0.07993309179749858,0.06002258036156341,-0.0912792607707862,0.02900882392407816,0.0024792126487041743,0.04040080141775057,0.14517136551034857,0.21420295488092098,-0.21067569881129203,-0.26946561353341014,-0.1819172022561853,0.027939958448433024,0.22870621006214226,0.15609322727966796,0.028075533160278922,-0.16715806715806716,-0.061331130822656246,0.0434116705303146,0.2291716986632241,0.23298074654006856,-0.07443560663899647,-0.02104369392504986,-0.09694841220264949,-0.06090589819403379,-0.06624698658596964,0.09269053336849947,0.010579454647251258,0.11287080609114507,0.06710670608975694,0.17857688196671248,0.09046627521203793,0.06293165276216124,0.13998436032334338,0.06221953849072493,-0.028858442417764453,-0.018118889305329983,-0.17529162444416682,-0.08648972547277632,-0.1224276664954631,-0.005418824062891859,-0.09437388081455877,0.024195690297385213,-0.00827237098423539,-0.019159992041347974,0.2804286566998431,0.17040769583142465,0.023774159367379706,0.04418810181522046,0.0026615213055891022,-0.043013737928992164,0.1750565665819903,0.2721868247291976,-0.26526140932920594,0.023050477287765422,-0.1531786023311447,-0.017308217308217307,-0.21863435083774066,-0.26272111865332204,-0.07161306144356992,-0.16430961007232195,-0.13590832743375117,-0.15819810565573278,,-0.28324102222407305,-0.0914657338386152,-0.2979238097882166,-0.2238537458876442,-0.1964255472730049,-0.06210709939523499,-0.1592156100630677,-0.05094508992814078,-0.3364108330210025,-0.21737623602030381,-0.3375333731265935,-0.28771359957800635,-0.017313769856142736,-0.04697501816145884,0.2073497226039599,0.15548013344623515,0.1853750514767464,0.2370202251558184,-0.07308726291777139,0.03360448275702513,0.34209849294595057,0.2913259947158252,0.2799756613315935,0.21593211084736508,-0.11844047437267777,-0.04565443717986091,-0.16438734574327796,-0.2305043101653271
#52,0.23222189832359325,0.505493320747558,0.21332935400732012,0.35587575248592196,-0.14057755752671006,-0.11891891891891893,0.21253117524303966,0.3482738516636822,0.4607559794000472,0.5913731913731913,1.0,-0.24421216285623065,0.04322936187342967,0.4136773136773137,-0.1734069971358107,0.0891290365866637,0.14869214360739785,0.1520134926914588,-0.02176089803208447,-0.17204014492150085,-0.16747456238981662,0.0649939616041311,-0.013024889296075736,0.02168917762138101,0.0840405891253349,-0.08215966351559571,0.11167238116390658,0.20071581597005325,-0.15369406386355539,-0.21579283443690223,-0.24879856744263523,-0.03755188161967823,0.11920718869871412,0.08422891304247236,-0.0205337849405646,-0.062352336928608115,-0.08679095119773086,-0.036630621376384086,0.13587408672154436,0.13325097053910614,0.028509094610789525,-0.006284096114604589,-0.10065334980589218,-0.11657481826973352,-0.1131984064187454,-0.038348672246977335,0.0509214915994577,0.15024870787582653,0.0073876650147836585,0.19897555490775828,0.11355793389691694,0.01926641587658537,0.0987844547166581,0.04603987654835112,-0.056114512046715435,-0.07382806535348908,-0.24827523980066352,-0.12381256449053059,-0.14012224859682487,-0.05164424825441775,-0.08306334069045933,0.047860186843237694,-0.04062614232105757,-0.041218414099770034,0.2616467006297515,-0.040847318813420505,-0.005348491789169755,-0.048533433279195994,-0.008420438928913506,-0.10214929875946825,0.2097474978830911,0.21956347719059582,-0.22103860408945156,-0.12513916073238107,-0.2300443741121707,-0.05342661613848054,-0.22180948282643198,-0.17923300804656736,-0.13334305029220284,-0.22174886751157938,0.05658370234641421,-0.16564684869769616,,-0.04299384129892604,-0.15707602826246894,-0.21035642730557985,-0.11337377439072355,-0.06257490155795241,-0.008548610243525498,0.005569205569205569,-0.09758417894011115,-0.32933827510098695,-0.19077675518353485,-0.2137337645812222,-0.16981912575132915,0.0025916517441941173,-0.15431965092982042,0.16679437526895155,0.13879704049195574,0.13206688969400834,0.23839170449339941,-0.029200386827505472,0.044657292114919235,0.2843728165762064,0.284868381478551,0.15757020502783214,0.15801903598513767,-0.15672806859247537,0.0008907212297042806,-0.041244325990088704,-0.15001041102736018
#53,0.12033204236594067,-0.2341560358509511,0.051048737489415456,-0.03175779785949277,0.3670599721447179,0.4568451348112365,-0.17556184844320438,0.03109843279334805,-0.167503250554098,-0.386426333883961,-0.24421216285623065,1.0,0.19317453046266606,-0.23560293729785256,-0.055089604242146616,-0.21499835737123874,0.2224901326596242,-0.06604061688807451,-0.14606301216470707,-0.08340250882623763,-0.09862528167612913,-0.040728401745350896,0.15287043592128338,-0.07493070882901391,0.011740399875993096,-0.038807682875479484,-0.1654390908628197,-0.0719226159904126,0.19946047742657913,0.2097983962390742,0.36083880490660153,0.006195718060124839,-0.07981787642804591,-0.17896232133520268,0.02044725773539333,0.18605431317295723,0.01329233702115058,-0.13786467515281076,-0.2605736707431623,-0.15835265157299055,0.006510825154892951,0.05748969308291342,0.09800617258244376,-0.011227714617545126,-0.06851705326281597,-0.2375218053184155,-0.08813420508335762,-0.06970853750514767,-0.13432909026129364,-0.18841507146591893,-0.11209252395693074,-0.10367995113757826,-0.2033856660975305,-0.13727332879875254,-0.21498401328909802,-0.013118357186153796,0.060628270797762326,-0.0529629783867072,0.008523161065533948,-0.04685239939477227,0.11992022839480466,-0.028395267378318226,0.0950647103189476,-0.10312747261899805,-0.11922245820550906,-0.10295580634563685,-0.09094379433362484,-0.17228168075625702,-0.14290176154582934,-0.07929223522443861,-0.2534849178916975,-0.2349181230537163,0.15838828042217873,-0.11764831086864985,0.16495509376865308,0.008958573365353027,0.23413567650855788,0.10589588047215166,0.15381159279464365,0.13638492113068384,0.37083616744633696,0.3797859492774747,,0.5554954029530301,0.5218918456206592,0.5120096984503765,0.3267669826991861,0.2821952923647839,0.03731312205888477,0.27599124548277093,0.16332588366486672,0.316972750871056,0.3292221343068801,0.16671802773497688,0.1034074135769051,0.12960109570279063,0.04379109463855226,0.00426343138207545,-0.041075435990690225,-0.05893844537912334,-0.10641643184016066,0.3414229329483567,0.07893548402022978,-0.15551437415844196,-0.20941480771989246,-0.12393425783256291,-0.18425019780951984,0.09307227103837273,0.00340880171388646,-0.04496869751107039,0.01310031140539615
#54,0.3900850002544918,0.03301915166321946,-0.03482095346502126,0.1198193571074927,0.24434033417084264,0.3633573481031108,0.251221791899758,0.17002364459991579,-0.21597190410749734,0.12186871000430323,0.04322936187342967,0.19317453046266606,1.0,-0.06306861561098849,-0.06416616925091502,0.07267082182336419,0.14832937714293645,-0.08144754924415941,0.13228020007681024,0.1935632088174461,-0.02861089132275573,0.11480448090617582,-0.1213523230472383,0.014239971867090511,-0.15343401953571445,0.08576696881781627,-0.007692129726028031,0.004876525215508266,-0.09019975291161732,-0.026733204699306394,0.1895524183659777,0.17078758265198943,0.02182428962089979,-0.0896930829134219,-0.09599846379507397,-0.04787221736374279,0.13864203186237084,0.08709680404595659,0.16463859853690363,-0.021795601456618404,-0.20180457807576452,-0.018733833988071276,0.26578473697117766,0.39739261603668385,0.18506457150524946,0.25949740187028325,-0.11633050616101463,-0.08897958050500424,-0.008980320844727625,-0.1269677998491558,0.0050102490780456884,-0.029167071539952894,-0.025006825006825006,0.15052679798442511,-0.07930102675865387,0.15309300055062766,-0.04232753554787453,0.015833553121688715,0.0015834015834015835,-0.07830110541974948,0.02811255014644845,-0.10039746988899531,-0.02410916309221394,0.04088063410097308,0.11676036591290828,0.14327054327054328,0.08116945913556083,0.2569464688108756,-0.05288385457876983,-0.12013538962691506,-0.14904149141437276,-0.15612654256722053,-0.07839920043309874,-0.29338460185917814,-0.01585668873804467,0.08502847994373418,-0.01663867257087596,-0.0053521934877867085,-0.05904255565272514,0.12443306172119731,0.1012446961599504,0.29576988390547715,,-0.04047067097914556,0.13533595228510484,0.2494954122072766,0.058542826339436506,0.10644373186746069,0.00639283351147758,-0.09477273884053546,0.5916818204953798,0.027681764969900564,0.20935419240503986,0.02750778513490378,-0.1371132303335693,-0.11949684661549069,0.00449108584701805,0.006462703072872564,-0.2041338719304821,-0.08529361410717343,-0.17118042541771356,-0.015677156355122457,-0.2168283846249948,0.07082367421350472,-0.17322006135565457,-0.06832965477033273,-0.19081007047108742,-0.0814665204495713,-0.07891096026689247,-0.07807715265342384,-0.04804110736314126
#58,-0.055666143801737025,0.22040885261224244,-0.04827570251299065,0.2513231258993971,-0.13961650402328368,-0.2449154855934517,0.3871481651142668,-0.06799233748386291,0.4021914055812361,0.31797313492228746,0.4136773136773137,-0.23560293729785256,-0.06306861561098849,1.0,-0.038288519644451846,0.0626378304344406,-0.17253987423478948,-0.1457779813712017,-0.11475589611182832,0.2273342680122341,-0.07510422595168358,0.20427777546421613,-0.15587528977359486,0.044320900253103646,-0.1982875016773322,-0.05177936025393653,0.013688418773164537,0.08344415293567836,-0.20705821383787484,-0.13168422659948084,-0.28921232480554515,-0.04407149830878644,-0.09248092468431451,0.11172004053359985,0.0668226007209058,-0.025997029386859896,-0.0484876247588112,0.05020336206776885,-0.15431132210793227,-0.019947528422104694,0.0539194047668624,0.09276503005316565,0.0859298435569622,-0.07190040579871089,0.010771017550678568,0.14430377989700024,0.07812018489984592,0.1191632310276378,-0.054063308300596434,0.04405807965129999,0.008753591804439262,0.014740163892706265,-0.05482447007870737,-0.0890489873540721,-0.1752721905264278,-0.03275540563676157,-0.20716324953613088,0.12505124539022844,-0.28323269340218493,-0.14135630237325153,-0.11271302118759746,0.030095272468153824,0.2845435574249134,0.11984017916221307,0.0186496203445356,0.027800219325643055,0.36226349616180126,0.2663381409144121,0.16666342768037684,0.1522365200331302,0.1552733010360129,0.1188846782067121,-0.04398450839128805,0.17615180666028124,0.05827121420341759,0.0922745549864194,-0.05658462777106845,-0.1218122591003947,0.1402874368976064,-0.06578288612186917,-0.07629478476936104,0.1784200224878191,,-0.018552913468167707,-0.0611992578094273,-0.2924101296982653,-0.3084755016958407,0.08815687798738646,0.06812930033269016,0.17531152107423295,0.07324365968433764,-0.16832502764706156,-0.030052702934058866,-0.31072243275633105,-0.2363497549938228,-0.31811518760671303,0.0016930644049288116,0.057727064506725524,0.137224744004405,0.19467649467649467,0.2284429267480115,-0.16104332375518815,-0.06777116099149998,0.009880759033301406,0.13350870130531148,0.05481752939380058,0.14986141765802782,0.013139179240874157,-0.01540600693143066,-0.1642698168121897,-0.10092866364052805
#101,-0.20789294687599771,-0.26908804027448097,-0.10761346863041778,-0.06729641814387577,-0.13548402022978295,-0.19306209136717611,0.10825525062813199,-0.1400482146244858,-0.15803615634124107,-0.20417135162897876,-0.1734069971358107,-0.055089604242146616,-0.06416616925091502,-0.038288519644451846,1.0,0.14097178842941555,-0.13675092658143506,-0.24711383185959457,0.35942105433630855,0.21721243585650366,0.46299273078934094,-0.1011433621603113,0.150192256971918,0.0160996127097822,0.210963043166433,0.16877108233040436,-0.40279987229139774,-0.5408135408135408,0.042392315273671204,-0.08739432807229418,-0.0874239416612298,-0.14434727485574944,-0.11659980473539795,-0.15947935608952557,0.187094490484321,0.11300545537833673,0.35515762295423314,0.13538453707945233,0.019411707547300767,-0.2262108024819889,-0.005919941513161852,-0.014236270168473559,0.038213560247458554,0.045798340713594954,-0.04032537930843016,-0.035482632092801586,-0.1832970104156545,-0.3768028429045378,-0.3665394207767089,-0.40612260951244,-0.2795083218812032,-0.1370424353475201,-0.16514017869950073,-0.03696840137518104,0.3285488878709218,0.09895056844209386,0.09271737068347238,0.1176857905671465,-0.014940981042675957,-0.16149585641111064,-0.024816650240379053,0.07062609604982487,-0.03113961419046165,0.10826404216234725,-0.4816890850789156,-0.2635146702943313,-0.16276738988603395,-0.0018513120208035463,0.5810213911908827,0.3831174780327323,-0.10396035480781243,-0.09241429410920936,0.29963306912459453,0.05589611182831522,0.13943326994174451,-0.21191808140960683,0.03825335350759079,0.002421373607814286,0.1253066625947982,0.2864138406511288,0.044994609401389066,0.06285067810491539,,0.01025185431965093,-0.031232156655885468,-0.1606588098113522,-0.040923203635068045,-0.11253302609234812,-0.09477273884053546,0.1465433075602567,-0.18026624467302432,-0.018453430317837097,-0.20275175020937733,-0.05152579389867525,0.06360860089673649,-0.03699199970386411,0.2602613399223569,-0.15697376883817563,-0.2675772845264371,-0.2334610419356182,-0.3096544927053402,-0.24415941365093907,-0.17433519806401163,-0.11451621112638062,-0.14338205694137898,-0.13594025458432238,-0.11864221694730169,0.020759588556198725,0.09830693559507118,0.0434528519274282,0.03641453471961947
#102,0.03233572555606454,0.039856189008731384,-0.017445642869371683,0.04076310516988483,-0.22337391320442168,-0.27709250082131437,0.09455942845773355,-0.18074839091788245,-0.04723367435231842,0.06395239615578599,0.0891290365866637,-0.21499835737123874,0.07267082182336419,0.0626378304344406,0.14097178842941555,1.0,-0.13487138910867724,0.012806951790002637,0.031167839642415915,0.3885811851913547,0.005832488883336341,0.5398945941318822,-0.1945390691153403,0.24665389580643818,-0.1383458959730146,0.16956833567003057,-0.16975203246389686,0.022294405345252802,-0.1208363988025005,0.12628206018036525,-0.25110935280426805,-0.012440483626924305,-0.3323176797753069,-0.2486939944567063,-0.22858868113105402,-0.12932254288186493,-0.21611950933984833,-0.003623037521342606,0.09913380252363303,0.052311942142450614,-0.13166803166803168,-0.08687423941661229,0.05534085703577229,0.38084278423261475,0.14634526668424974,0.2548786074209803,-0.3067343152088915,-0.36574864540966234,-0.17348889721771077,-0.0324000425695341,0.008654571366435774,0.20743810065843965,0.0524956389363169,0.07484834603478671,0.042139211630737056,-0.013041546939852025,-0.07709481438294997,0.18056839582263312,-0.05449733246343416,-0.0020382478009596653,-0.25660359897648033,-0.04841868062207045,-0.25435481706668145,-0.025293706649638852,0.04222249984961849,0.15908188620053026,-0.05682708903047886,0.018065677387711285,0.13297843297843298,0.08648741191114072,0.24978738368568876,0.011331362178819806,0.19742176691329233,-0.044780373593932915,0.029184191896056304,0.09530902242766649,-0.10028549350583249,0.0392366172027189,-0.0707311317480809,0.23844630454799948,0.01750440733491581,-0.23108223786189888,,-0.2100043032246422,-0.2500053211917619,-0.1777999879694795,-0.024209108954871668,-0.053645016356880765,0.15109454600980024,-0.2553899045424469,0.059351184774913586,-0.13366093366093365,-0.013477421951998223,-0.140445221801154,0.07835755632365801,0.0016676152269372608,0.15621075621075622,-0.13938283429808854,-0.13250276470615455,-0.18675994947181387,-0.12644678576881968,-0.32295099413743483,-0.41840345738650825,-0.16310331903552241,-0.4258082427573953,-0.34971843954894805,-0.39762165863860777,-0.002565739853875447,0.11175844565675074,-0.028249975707602827,0.024154971612598733
#201,0.500940231448706,0.017977762045558655,0.7276359564495157,0.28614916920001665,0.34005330446008414,0.47386091792871454,-0.19581939412447888,0.3139632698954733,-0.15311474803000227,0.2619280297246399,0.14869214360739785,0.2224901326596242,0.14832937714293645,-0.17253987423478948,-0.13675092658143506,-0.13487138910867724,1.0,0.6903829869931565,-0.17037947037947038,-0.3996589810149132,0.061383880027947826,-0.024014769777481643,0.3141890735111074,0.12150594353984184,0.4606810200030539,-0.02204315255162713,0.2602761467168247,0.12553107807345096,0.22198392537375589,-0.1005159242447378,0.3632740598842294,-0.09559359050884475,0.2564777412235039,-0.1449932212644077,-0.07140391547171208,-0.026420873878501,-0.09677952220325102,-0.3840382755636993,0.09282888435430808,0.0924175330954992,-0.027795129490044743,-0.12115705844519403,0.10476825053096239,-0.2945395318276674,-0.29613126223295716,-0.25382177246584026,-0.14692597065478422,0.08229153652882466,-0.13400472891998316,0.1833992698399478,0.3471832387086624,0.3315542044355604,0.30862912218844424,0.29703632754480214,0.018105933360170648,-0.03402786453633911,-0.2535270247134654,-0.4092001092001092,-0.2363330973500465,-0.011755669382788027,0.15013858234197217,0.06919215054808275,-0.21508627271339137,-0.3499331380687313,0.40520551368008995,0.09815377781479476,-0.39963538268623017,-0.41555361216378167,-0.12232355622186131,-0.2969354562574902,0.21012090673107622,0.1401282638570774,-0.1476589069809409,-0.09397641092556347,-0.25989672260858704,-0.12169611830628779,-0.01688298467959485,-0.10183928150029845,0.12858405400778283,-0.12323278594465036,0.17102310322649306,0.16094707959114737,,0.2186695169746017,0.22298292128800604,0.1444694309101089,0.0965708389437203,0.25515623481725175,-0.10190544936307648,0.15628941730636645,-0.20647936071664885,-0.16632981209252395,-0.1167922930634795,-0.2440173609665135,-0.3152963441099034,0.6343605546995378,0.013259947158252242,0.6984068814577289,0.4305663136171611,0.3249748978562538,0.3758464165243826,0.6189263223161529,0.2782432663788596,0.4880351846453541,0.2873924772229857,0.4528125968803935,0.21767514818362277,0.08767889615347242,-0.1147919876733436,-0.20438743828574338,-0.3643003558257796
