,#10,#11,#12,#13,#17,#18,#26,#49,#50,#51,#52,#53,#54,#58,#101,#102,#201,#202,#301,#302,#401,#402,#501,#502,#601,#602,#701,#702,#801,#802,#901,#902,#1001,#1002,#1101,#1102,#1201,#1202,#1301,#1302,#1401,#1402,#1501,#1502,#1601,#1602,#1701,#1702,#1801,#1802,#1901,#1902,#2001,#2002,#2101,#2102,#2201,#2202,#2301,#2302,#2401,#2402,#2501,#2502,#2601,#2602,#2701,#2702,#2801,#2802,#2901,#2902,#3001,#3002,#3101,#3102,#3201,#3202,#3301,#3302,#3401,#3402,#3455,#3501,#3502,#3601,#3602,#3701,#3702,#3801,#3802,#3901,#3902,#4001,#4002,#4101,#4102,#4201,#4202,#4301,#4302,#4401,#4402,#4501,#4502,#4601,#4602,#4701,#4702,#4801,#4802
#10,1.0,0.2496499581245344,0.258630278969262,0.37194482618211433,0.10008837805447975,0.10214374621154282,0.10339445763174576,0.5754952178680992,0.06274841868062207,0.3558896338557356,0.3670789433501298,0.1799048663455443,-0.04166493149543997,-0.035010202806812975,-0.05146656672080401,0.15546393851478596,0.19224864309610074,0.16037146545621123,0.09880296320974287,0.22678595390459796,-0.03994456706321113,0.10052286492964459,0.085769745091779,0.15742676420642523,0.27497698006172583,-0.006378026717009768,-0.1096554181299944,0.02247763942679197,-0.1356839119550984,-0.023144407890170603,-0.041881018152204595,-0.08346821397668855,-0.13651771956856704,-0.018407621797452305,-0.1076916670137009,-0.1359023121734986,-0.23034698797410663,-0.17752698769647923,-0.08867557850608698,0.12264421586455485,-0.022297644331542636,-0.12340028780706747,-0.24126561075713618,-0.31064238352373946,0.06682306343323292,0.18286206082816253,-0.09561580070054647,-0.11513485750773886,-0.1720507873050246,-0.058337382066195625,0.0006667684633786329,-0.05259558479897463,-0.0046215707232656385,0.17268655404248626,0.09058796855407025,0.16809320877117487,-0.03429808853537667,0.07125399667772549,-0.12321335202691135,-0.17356246847772272,0.05294770887991227,-0.11827621149655047,-0.11042166974370364,-0.14270557151913085,-0.046367014163624334,0.17906134177320618,-0.06743245556804879,-0.12322168084879949,0.1493547476598324,-0.10991823873179805,0.10796327914971983,-0.04448284956759533,-0.05346687211093991,-0.02585405127778009,-0.011720503245926975,-0.00959896722608587,-0.09681237477847647,-0.0021599411429919905,-0.17494181392486477,0.07057427226918753,-0.35880240795495033,-0.08574846032473152,-0.07458552543298307,-0.17414733685920128,0.0876298486467978,-0.02978155351036707,-0.01843630996173369,-0.09380196837823956,-0.09957106567276058,-0.19544505985183952,-0.1578524595473748,-0.01793426708680946,0.11220172406613084,-0.08450237602779975,0.02195338636016602,0.05286395794870371,-0.04494417375773308,0.14688987909326892,0.21858391519408468,0.0365413178972501,0.24575669660415422,0.0249388062947385,-0.04961988182327166,0.15759010165789827,0.07540961608758219,-0.010439715524461287,-0.009371775473470388,-0.03536787943567605,-0.010631741140215716,0.005008860941064331,0.029075454499183313
#11,0.2496499581245344,1.0,0.3496837361244141,0.3185866914680474,-0.2145745128795976,0.31264222620154825,0.45821892771045314,0.2649837819329345,0.4954404327285683,0.5476353086522578,0.40506068472170165,-0.021116802472734675,0.23642702795245168,0.1450390297847925,0.059452056062225554,0.10866799002392223,0.12315134857507738,0.08234706200807895,0.12182382690857267,0.03206041172142867,0.03775547504361064,0.22376536783316445,-0.013142880939491109,0.08025606500182772,0.1557679405137032,0.10092866364052805,-0.22316199095860112,-0.03407459848137814,0.0796767491682746,-0.018279450482840312,-0.06251289810611844,-0.011213833247731553,-0.2314940518330349,-0.16621829842168825,-0.3027124196615722,-0.3607189624138777,-0.07274393037104901,-0.12295423312372465,-0.03855087753392838,-0.13601475126898857,-0.022053794935150868,-0.16645243085921052,0.11129110620636044,0.02954834649749904,0.0030890674958471568,0.07819699514614768,-0.31337099811676083,-0.2711036151714118,-0.39386628539170915,-0.14242285428726106,-0.10123405377642666,0.0259438174692412,-0.1206716732140461,0.23737605093537298,0.24446434107451057,0.20102583322922307,-0.09519704604450367,0.029665412716260175,-0.09644636932772525,-0.2397432872009143,-0.13509349102569443,-0.27158714955325125,-0.11591499049126168,-0.0016454050352355436,-0.0642628761272829,0.0516382329941652,0.31444865512662123,0.45385740131502844,-0.001945705335535844,-0.09350953418750028,0.0928099131488962,-0.0006043022992175534,0.05849516696974324,-0.07094351670622857,-0.11641795879084015,-0.16143339024694958,-0.004082973574498998,0.03757316638672571,0.12983198915402305,0.13771151737253431,-0.07448048973472703,0.2959387739048756,0.1159880990389465,-0.11520518978146096,-0.29659906439567457,-0.04199669623398437,-0.09844204759458997,0.10060754128550739,-0.013316860774487894,0.08507290032713762,0.07853755141890735,0.030861986794190183,-0.11861491692000166,0.0108783668105702,-0.05716764530323852,0.13699477597782683,-0.03739085772984078,0.08035832442612104,0.10767315852061615,-0.05842437198369402,-0.02496379276040293,-0.09199785301480216,-0.10076625161370924,-0.1392629918053647,-0.13491812305371628,-0.17416677077694026,-0.19866137323764443,-0.07012497859955487,-0.11481280972806397,-0.025845259743564827,-0.03208956259803718
#12,0.258630278969262,0.3496837361244141,1.0,0.4399505823234637,-0.15322394813920237,0.3114400995756928,0.137383917044934,0.033674352318420114,0.03513791140909785,0.49975198619266414,0.22819445022834853,-0.18844792404114438,0.1120527306967985,-0.09645284730030493,-0.10453226724413166,-0.017875039908938215,0.6623379928464674,0.7944557808964589,-0.05346779753559414,-0.03743712896255269,-0.07325291393088003,0.16261747109204736,0.20416950077967028,0.1780665102699001,0.2351050588338724,0.031556517997195964,0.037004030224369204,0.20583156345868212,0.25444458325814256,0.04202121998732168,0.2651304617406312,0.19349842909164944,0.2965662118204491,0.059052272611594646,-0.11274633647515003,-0.23305755678637036,-0.10337456100167965,-0.21384666638903926,0.2028160672228469,0.09932212644077051,0.012290102120610595,-0.10108043328382312,-0.10843432029872707,-0.19087068578594002,-0.07746405881999102,0.28966023033819643,-0.11504971843954895,-0.03246898670627484,-0.11447780600322974,0.0419490368642911,0.3029733894140674,0.29564171259086514,0.29647968461527785,0.45136014288556664,0.14759597810445269,0.2825941503907606,-0.2244765566799465,-0.11463327734514175,-0.2577316916299967,-0.40795448761550457,-0.12524650999227271,-0.012023117107862871,-0.4300138350985809,0.07677693101421915,0.14705969451732165,0.27297065941133736,0.036125802227497145,0.22681279121957088,-0.060383495976716314,-0.11663450815993189,0.32620895163268043,0.2440081067199711,-0.3383519112332672,0.10143070651545227,-0.4068708153453916,-0.03229546958360518,-0.11448197041417381,0.13477190595834665,0.195633383768977,0.25251183386776604,-0.25486935317443793,0.19231064654793467,0.08678169695118848,-0.3384305723288774,-0.02573605963436472,-0.2728790423705678,-0.08883937866988714,0.0746206915698441,-0.09601743500048585,-0.1104059375245816,-0.15922208803564736,-0.13772678687932927,-0.09005029682995784,-0.31183664404003386,-0.3050102490780457,0.49899776509946003,0.18404984337187727,0.5623532623532623,0.46419115571657943,0.26064631657851994,0.5809945538759098,0.4130461740631232,0.2760153065237811,0.2520282994859266,0.34621709536963774,0.3440363321719254,0.3940453550623042,-0.00876515961261724,-0.03403110352262895,-0.16182530758801944,-0.30676994405807967
#13,0.37194482618211433,0.3185866914680474,0.4399505823234637,1.0,0.043308948393694154,0.2150612862477269,0.2927395808751741,0.01931685152024135,0.04311553464095837,0.6042444601766636,0.2838721618382635,0.12896671710231034,0.2677582050463406,0.18031066505642776,0.03899045424469153,0.11252932439373117,0.425690713826307,0.19174567479652224,0.09452102333458266,0.20262866873036364,0.055510672459825,0.2176321159372007,0.10764493306866188,0.11684643040575243,0.16569589620437078,-0.04910719656482369,-0.06058338770203177,0.0894362775718708,0.15479578191442597,0.07536427027952451,0.17433149636539466,-0.04805591415760907,0.10437910946385523,-0.15465881906559872,-0.024116103777120725,-0.08008810042708348,0.001972079938181633,0.04999375338358389,0.018619544043272856,0.0981255523628405,0.03608138184409371,0.02657958420670285,0.043055844750760006,0.04903686429110158,-0.1352915319017014,0.2167756354197032,-0.1122609512440021,-0.04021664191155717,-0.2268613760139184,-0.02796679576340593,0.023504860792996386,0.06950263051957967,-0.006281782552968994,0.18276720480110312,-0.06149446827412929,0.2360471411318869,-0.2217960641689455,0.034467441247102264,-0.25689510774256535,-0.18033148711114813,-0.07398862653099941,-0.16698593817237886,-0.02134723321163999,0.1017097220487051,0.022753415973754958,-0.019790668943211315,0.203927502232587,0.21883331713840187,-0.019842030011521537,-0.13390802204361527,0.004820074311599735,0.03387563218071692,-0.10254630593613645,-0.06151991745212084,-0.12536681519732368,-0.08751463327734514,-0.17777916591475915,-0.10003701698616953,0.21506406252168964,0.17630542715288477,0.03583197989977651,0.2349764248069333,0.08507752745040881,-0.07194991601771263,0.14224609817830156,-0.11066644456474965,-0.16657181063960724,0.12980792811301287,0.07053679257069087,-0.03442533442533442,0.08580768750260276,-0.17379151107964666,-0.055994669553991586,-0.19741991606398385,-0.10794986049223337,0.08948069795527423,0.11327706751435565,0.15794824099908847,0.12716907971145258,-0.07139095952655275,0.08285789641721845,0.2326883123493293,-0.1471240115307912,0.16847818542733797,0.09752310091293143,0.10265689418231791,0.020766529241105513,-0.16772026263551687,-0.13382103212611687,-0.18291342189647275,-0.19773687400806045
#17,0.10008837805447975,-0.2145745128795976,-0.15322394813920237,0.043308948393694154,1.0,0.28033194982347526,-0.15098904759921708,-0.020258933818255852,-0.18280884891054383,-0.24892951503120994,-0.1267137707815674,0.33792529046766334,0.03528829291541156,0.1178773534705738,-0.18227395346039413,0.01762933966323797,-0.2376527529069902,-0.10614296885483326,-0.2208701768023802,0.08772794366014705,-0.10048631065580219,-0.13754077652382737,-0.10529759343318665,-0.10653766246986586,-0.14893691842844387,0.08153592729863916,-0.06752222175950989,-0.05468935807918859,-0.1438915032135371,0.15654113281231924,-0.17147378503310706,0.004641930065658879,0.05594562204731696,0.0907272449645331,0.19793028776079624,0.2983023084718,0.17838069194001396,0.08680113086892748,0.16591799812138794,0.2500094856027059,-0.020102537051689594,0.06382515026582823,-0.1540262913144269,0.026250133029794048,0.1703558720507873,0.023885210325888293,0.19135144389381678,0.07423386406437255,0.1645997307014256,0.021685013210436938,-0.09212139720614297,-0.17415844195505212,-0.04463323107390904,-0.23285396336243794,-0.21583447854634294,-0.15321793287894983,0.019706918012002757,0.030173008139109832,0.17854958193941245,0.33037937783700494,0.07403952488698251,0.22900095781451713,0.25578321002049814,-0.018719489905930583,-0.0487032487032487,-0.13012997589268777,-0.09970386411064378,-0.3016986169528542,-0.06085685068735916,-0.05534131974809941,-0.2519459366916994,-0.2780951984341815,-0.09050606847217017,0.08376434986604478,0.16536366875349925,0.04874072840174535,-0.1698399478060495,-0.2185723473859067,-0.1574406455762388,0.12876867622630334,0.04344267225623158,0.12376120342222037,-0.1236529287376745,0.1415710008930348,0.4859196638857656,0.09828935252664066,0.09075269414252465,-0.08989066107710175,0.21643739270857915,0.012527473544422697,0.3098289352526641,-0.033218117963880675,0.2508363525312678,-0.02611409560562103,0.13055613394596446,-0.37319738845162576,-0.040952817224003665,-0.2677767135394254,0.0401278011447503,-0.12332717925938265,-0.08647399325365428,-0.11052763086661392,0.12012474724339131,-0.09025203940458178,-0.015735458108339463,-0.10732427342596834,-0.019252534506771796,0.021693342032325084,0.14190739275485037,-0.09522989861972912,0.07280824738451858
#18,0.10214374621154282,0.31264222620154825,0.3114400995756928,0.2150612862477269,0.28033194982347526,1.0,0.12236011049570372,0.18428351309707242,0.12379174243581023,0.11235488184640727,0.1404424455271913,0.2020752647871292,0.34477435833368036,0.20567562940444295,-0.20531887820023415,0.033161667059972144,0.05195102652729772,0.20859997131183572,0.005771410856156619,0.04279302414895635,-0.22681695563051496,0.023340135204541985,-0.16725431132210794,-0.012362285243641176,-0.1347756076569636,0.11567900720443093,-0.04220352864420661,0.09773733672038756,0.10536977655621724,0.2584549109972839,0.14369716403614707,0.2279973347769958,0.04251169505406793,0.05712970289241476,-0.07598754378415395,-0.1373357949629136,0.03973495837902617,0.011062526316763605,0.13590601387211557,0.05392310646547935,-0.06454883234544251,-0.008364450737332094,-0.01965000439576711,0.036249346418837945,0.14436439521185285,0.08117038456021507,0.15320867863240745,0.0950887713599578,0.04137712442797189,0.03689020299189791,0.023749635614042395,-0.023011609452287418,-0.01375366121128833,-0.000966606051351814,-0.11474617915295882,0.045752994905537275,-0.10352633064497471,-0.11930158201344641,-0.06578658782048613,-0.04271251220403763,-0.12173776241572852,-0.07406080965402999,0.06713215526774849,0.022411008851686818,0.12138008578686545,0.03470666352022284,0.27226317226317226,0.28758172656477743,-0.1538782233697488,-0.16975851043647655,-0.10619664348477907,-0.089891586501756,-0.07840752925498688,0.11727120032204778,0.016256934901002697,-0.020313533872855907,-0.10751907531568548,-0.12037229833840003,-0.00046826487504453605,0.2428763123678378,-0.013196555569436925,0.35156697529578884,-0.048447831498678956,-0.2127333805299907,0.025159520074774313,-0.10077689399723298,-0.15465187838069194,0.06554412656107571,0.0364978229385009,0.1965412253547847,0.24045910317096758,-0.06032195523720948,-0.04107913768930718,-0.18398321279677213,-0.13194427092732178,-0.08516821906652415,-0.06769573888217956,0.13220986780308813,0.3493172679613358,-0.06913708778115558,0.07649606463165785,0.14990491261677702,0.22684842006875905,-0.03578663409171884,0.06059958263348094,0.015544820629566393,0.022817270274897394,-0.06876738063178742,0.0016838101583864296,-0.14913033218117963,-0.07151080201927659
#26,0.10339445763174576,0.45821892771045314,0.137383917044934,0.2927395808751741,-0.15098904759921708,0.12236011049570372,1.0,0.13493431798516545,0.30915615152903286,0.45481984295543615,0.3165012470097216,0.03112989723159215,0.11371756964977305,0.2272079475469306,0.06340917188374816,-0.006679715154291425,0.15530846717287394,-0.07612774561927105,0.0709513828157896,-0.022972741616809414,0.026063659961965045,0.09342717139327308,0.08150816455901201,-0.018865244288973102,0.060410333291689225,-0.0004858479434750621,-0.11132858590485709,-0.01920163615078869,0.05653095314112263,-0.08822628483645432,-0.03982472457048728,-0.104436485792418,-0.10645344882633018,-0.22430026328331412,-0.15129813943373266,-0.2436777301184081,0.054236362710938985,-0.04071544580019156,0.02784371428439225,-0.021314843348741654,0.08330672737452398,-0.13691380132058098,0.2131016995423775,0.10479277428429971,-0.005614551377263242,0.07179351925114637,-0.160389973949296,-0.09157215767385259,-0.24641883794426167,-0.10186889508923407,-0.2183155420443556,-0.04738220500932366,-0.2248569062128384,0.051007556092301856,0.04925665264648316,0.1443218256777579,-0.1327396734176395,0.06694799576155508,-0.04679872476482646,0.05120189526969188,-0.029088410444342648,-0.05443949342254427,0.002621728045456859,-0.05004326360258564,-0.1560867493070883,0.05560830476084713,0.29412216530860597,0.5056025208567582,-0.044417607129471535,-0.10055571750487005,-0.07106012021266259,-0.14219982694558966,-0.03737003567512042,-0.013980390251576692,-0.029105530800446054,-0.05417898638237621,0.08627687780230153,0.1064418810181522,0.20090367717486363,0.043261289024000886,0.12298616027429586,0.2778388558049575,0.10433885349139586,0.003614245987127343,-0.16043069263408247,-0.045833506850456,-0.05398464720498619,0.047193881092186175,0.034456798863578525,0.03809649402869742,0.2214078485264926,-0.02211487296233059,-0.16440492881170848,0.023443320053489546,-0.025966953085597152,-0.017922699278631483,-0.05731663867257088,-0.11009083042981348,-0.044439817321173254,-0.11254042948958203,-0.09873309364834788,0.04331912806489078,-0.14823868552682112,0.013569038992767806,-0.09389080914504644,-0.030253520084028557,-0.1333833062646622,0.00681760342777292,-0.28208701768023803,-0.045412438632777614,0.0004608614778106303
#49,0.5754952178680992,0.2649837819329345,0.033674352318420114,0.01931685152024135,-0.020258933818255852,0.18428351309707242,0.13493431798516545,1.0,0.4070036137832748,0.27403073335276723,0.31771586686840925,0.28661095610248155,0.042165586233382846,0.03201367777638964,0.041801894344267225,0.053469185672575505,-0.023368823368823368,-0.0016838101583864296,0.24015371303506897,0.013591711896796643,-0.05484482942110061,-0.1322256000222102,-0.0042504754369161145,0.01687049144676263,0.12325684698566054,-0.10947172133612812,-0.10678613898952882,-0.0528685850719749,-0.11690241859733386,-0.022056108496786464,-0.09419805013025352,-0.05708158081039437,-0.4648000851390682,-0.1576683000411814,-0.24493306866188222,-0.2809890013279844,-0.35406284558826934,-0.4197758621487435,-0.266470013927641,-0.19454277081395727,0.018630649139123715,-0.30726458353576996,-0.18546666851751598,-0.3368559622796911,-0.005879222828375371,-0.005871819431141465,-0.058834335105521544,-0.10450589264148587,-0.22348450145060314,-0.11545274087646969,-0.08210552617332278,-0.019744860422826523,-0.1478023478023478,0.0018522374454577844,0.020521291707732387,-0.07328206480748854,-0.0641707963741862,-0.15636160042939704,-0.1485889587584503,-0.3017916221306052,-0.027042759246149076,-0.20931347372025338,-0.02991157567428754,-0.2386656301910539,0.11900174442547323,0.16799372562084428,0.14218733371275744,0.03617253617253617,0.2224105461393597,-0.049334851029766286,0.1536551960280774,-0.08285234386929302,0.2123312835177242,0.03591387998167659,0.042946644641559895,-0.13268183437674963,0.06685822957009398,-0.08085250119148424,-0.17838439363863093,-0.08192830735203617,-0.2042911941217026,0.05582485412993887,-0.14329738058551617,-0.08084324694494185,-0.1466932263542433,0.09025342754156314,0.03626739219959559,-0.1240670562704461,-0.06164346164346164,-0.10577372441779222,-0.1582420633268091,0.09745647033782627,0.04534349449603687,0.16418375231934554,0.030966097067791982,-0.00869297648958666,-0.19994077282212874,0.1336035573323709,0.16205342476528917,0.019039686836297007,0.06064076403059454,-0.05459403933980205,-0.07039011276299412,-0.019164619164619166,-0.04476371595015663,-0.15148877691250573,-0.12025430669498466,0.041484010975536396,-0.05747858798706256,0.08299902367698977,0.12354928117639982
#50,0.06274841868062207,0.4954404327285683,0.03513791140909785,0.04311553464095837,-0.18280884891054383,0.12379174243581023,0.30915615152903286,0.4070036137832748,1.0,0.2892863587778842,0.2186787712211441,0.21506591337099812,0.16564962497165886,0.22833696562510122,0.1164387808455605,-0.08639764571967962,-0.13265268350014112,-0.14491224660716187,0.12943035485408366,-0.1656477741223504,0.09292559123067598,-0.10317790826265402,-0.1793523878269641,-0.2140993073196463,0.008943766570885215,-0.0950355594423391,-0.22474631796665695,-0.22255444967309373,-0.04213088280884891,-0.06446554412656108,-0.321572574114947,-0.009366222925544959,-0.45924799992596604,-0.2663696053526562,-0.24004914004914005,-0.2650763243983583,-0.12487726555523165,-0.20439946880624846,-0.282292924665806,-0.3416251382353077,0.09456821999194881,-0.2282448858720045,0.026757728452643705,-0.16716038071970277,-0.028026485653604296,-0.2829097201978558,-0.18900641781997715,-0.26331662941832434,-0.2965208660123914,-0.2372626864152288,-0.19267248758774183,-0.10639237079915045,-0.2405155540748761,-0.08017925475552594,0.16937677276660326,-0.07033736355770254,0.029798673866470476,-0.11378373751255107,0.02366727281981519,-0.17748303002540292,0.05346687211093991,-0.14948615796073422,0.009708630047613099,-0.03532947431252516,-0.1534812161930806,-0.11253302609234812,0.453265129536316,0.4013080877487657,0.14203695220644375,0.09942669942669943,0.14424177644516628,0.019868404614167327,0.38168029354470034,0.11321506406252169,0.1149636539467048,-0.1469065367370452,0.15440571542266457,-0.12228839008500025,0.04813041084227525,-0.13246667314463925,0.14525002660595882,0.33810621098756694,-0.005319803624888371,0.0799701087836681,-0.21346539143149312,0.14665806021738226,0.12022793209233887,0.1525030423335508,-0.045981112082806995,0.20114937742056385,-0.09546958360517682,0.1760393675647913,-0.17922097752606228,0.28604228265245213,0.05674241267461606,-0.05598865429373904,-0.1374250984420476,-0.12590587505841744,-0.022268030742607015,-0.0614680936714835,-0.2658259183682912,-0.30690783233156116,-0.1808302909997825,-0.1665199868589699,-0.13141585344975176,-0.20435597384749926,-0.3347154550544381,0.06389085541627915,-0.09392967698052444,0.23660239592442983,0.2099751523480337
#51,0.3558896338557356,0.5476353086522578,0.49975198619266414,0.6042444601766636,-0.24892951503120994,0.11235488184640727,0.45481984295543615,0.27403073335276723,0.2892863587778842,1.0,0.44090191886802055,0.012977692638709588,0.2600397007176668,0.1379100209608684,0.1298764095374265,0.11243585650365312,0.5897254727763203,0.28250808589791643,0.2468528621070994,0.062191775751097786,0.1028017231407062,0.25709129776926387,0.2902992360619479,0.261058130549656,0.25257430003192716,0.0729882424797679,-0.10220991407432085,-0.05798664612223934,0.3093791788707043,0.12146198586876553,0.13544561510663206,-0.09648755072483886,-0.09529560377018004,-0.12745411050495797,-0.15977641740353604,-0.31850756766011,-0.043474599406802795,-0.1484802213615773,0.013735615430530685,-0.061539814082186964,0.08049019743934999,-0.1558567812805101,0.06547518242433496,0.0023774159367379705,-0.2090233530911497,0.2103046035249425,-0.30549424617221227,-0.28706117519676844,-0.28915865017559933,-0.156353734319836,0.022022793209233886,0.1270335049996067,-0.01554065621862232,0.3651998685896991,0.14480582277192447,0.2542817085189967,-0.25723103689205384,-0.09093592822406382,-0.3801154004543835,-0.38287455406099474,-0.16878450098789083,-0.2267262640143996,-0.20213264111569196,0.08298606773183044,0.07532956685499058,0.18075440617813499,0.23224827292623904,0.37969757122299497,0.062176506244302855,-0.0580097817385953,0.1511320257082969,0.07755428772377924,-0.10745013117894474,-0.17540313811500252,-0.2802097937691158,-0.20357075102837816,-0.06962987640953743,0.02280894145300925,0.4085731339968628,0.26080641504370317,0.013803171430290074,0.267779027101061,0.10213310382801909,-0.058834797817848665,-0.18086221815035375,-0.17523332269094982,-0.18857794620506485,0.20868557309235275,0.039425403832183493,-0.1477708833641037,-0.01027730349764248,-0.19871088345664617,-0.21083533456414813,-0.1375292087156494,-0.1887732108071091,0.3582170768611447,0.16289833747460866,0.27354858710790914,0.09729359559868034,0.08157248157248158,0.17522221759509896,0.24897115914065066,-0.14823267026656858,0.08305963899184238,-0.07493811222624781,0.04695188254510289,0.010592410592410593,-0.13044184400116604,-0.15966212745873762,-0.12517293873226076,-0.17493209696599527
#52,0.3670789433501298,0.40506068472170165,0.22819445022834853,0.2838721618382635,-0.1267137707815674,0.1404424455271913,0.3165012470097216,0.31771586686840925,0.2186787712211441,0.44090191886802055,1.0,0.07491034948662068,0.06657967674916827,0.04198651656278775,0.04750852547462717,0.11457173660563491,0.23027850654969298,0.07541655677248897,0.13951748358528018,0.05711535881027406,-0.12147771808788758,-0.015723427587834366,-0.08093717754734704,-0.09830092033481864,-0.008800325749478291,-0.04940842228977822,-0.10491076592771507,-0.03376550664686258,0.002928506318336827,-0.024321085338034492,-0.06189702799872292,0.046434570163383725,-0.13306218390964153,-0.058602516229634874,-0.3132830827746082,-0.2254764780188509,-0.1551525331186348,-0.10347728313830008,-0.20884011900961053,-0.08144569839485094,0.015066376083325237,-0.11460088748224341,-0.09716311072243275,-0.1039719226159904,-0.043818857378179414,0.004513758751046887,-0.15409662358814902,-0.12906666296496805,-0.07154828171777325,-0.05611775103300527,-0.008446813531559294,0.02765076324398358,-0.06641957828398506,0.24455642082760726,0.04174729428966717,0.11057205125001736,-0.16537384842469588,-0.09670224924462213,-0.1497008564805175,-0.3032135371118422,-0.01572250216318013,-0.04263477653308162,0.015163082959693128,-0.10913810574827525,0.041495578783714376,0.16596195579246426,0.12037229833840003,0.23408755442653748,0.2547694073117802,0.034486412452514145,0.25782654765705615,0.1469139401342791,0.05868025190059088,0.1499673787809381,-0.03610451746044967,0.03519575044998774,0.07785227446244396,0.10802435717689955,0.0421452268909896,0.1563023732515258,-0.06292424936492733,0.15301202589338184,-0.005405405405405406,-0.011092139905699228,-0.2103263510043171,-0.030513564411869497,-0.06012437707352961,0.06226071988783853,0.08686683601937839,0.03926391723001892,-0.04974620228857517,-0.013824918909664672,-0.17719753651957043,-0.14614444953428005,-0.12350948791626758,0.12023441006491854,-0.16747502510214374,0.10969567410245376,0.18539587353146675,0.10730252594659374,0.11060120212662586,-0.007138725782793579,-0.041583956838194124,0.07460033222745087,0.028622921843260825,0.033591989524192914,-0.06321945982962932,0.006863411948157711,-0.06995979029877335,-0.04100093930602405,-0.08673588843080368
#53,0.1799048663455443,-0.021116802472734675,-0.18844792404114438,0.12896671710231034,0.33792529046766334,0.2020752647871292,0.03112989723159215,0.28661095610248155,0.21506591337099812,0.012977692638709588,0.07491034948662068,1.0,0.24646372103999223,0.2185885423173559,-0.0822730280357399,-0.05854143820245515,-0.12990370956472652,-0.2899910696520866,-0.042962376860681946,0.04826506012946691,-0.021849276086564222,-0.19437156725292318,-0.26834955140039884,-0.24064974064974065,-0.14319697201053133,-0.1400694993915333,-0.04779031728184271,-0.13134737202533814,-0.1532993702485228,0.09700347496957666,-0.17202024829143472,-0.16847078203010407,-0.26604848299763556,-0.13233572555606454,-0.10751491090474141,0.10073432446313803,-0.14579325087799663,-0.15011961113656028,-0.206250780827052,-0.12078920214513435,0.0550021516123211,-0.13922828838083076,-0.15866266883216035,-0.13238940018601036,0.06319678692560049,-0.2689820791515707,0.17765145731247425,-0.030214652248550553,0.0195287737660619,-0.12255398696076662,-0.20317050486542013,-0.1963843658758913,-0.18921232480554515,-0.21160991499974552,-0.19966499627516576,-0.1694989288209627,0.02462740089858734,-0.04914930338659152,0.12381672890147466,0.060062373621695656,0.043040575243965075,0.0365316009383806,0.2519357570205028,-0.130041597838208,-0.02587626146948181,-0.08056284327470768,0.20823905569668283,-0.008577298407806883,0.14762050185779,0.19392042273398205,0.04575669660415423,0.04125589379826668,0.210757136180865,0.16831531068819205,0.2612191544394934,0.08048279404211607,-0.11162009467094212,-0.19452796401948944,-0.1499914398219483,-0.15848406187389238,0.21335156419902182,0.3682778309896954,-0.1178602331144704,0.37793926437994235,0.32149437573166384,0.28466941517788974,0.11334092181549808,-0.008327896463489684,0.08156507817524766,0.26526140932920594,0.019853597819699514,0.14411314241822717,0.025671742620895163,0.05001503815063137,0.12865161000754222,-0.41019679155272376,-0.2574767371377541,-0.1829273032662863,-0.11032588829198998,-0.09260493158798244,-0.29771235025472315,-0.08950522170861154,-0.2508530101750441,-0.08062438401421453,-0.19623768606819456,-0.19264472484811468,-0.257884386697946,-0.0006093921348158636,0.033985295002244155,0.024000888407668067,0.16605172198392537
#54,-0.04166493149543997,0.23642702795245168,0.1120527306967985,0.2677582050463406,0.03528829291541156,0.34477435833368036,0.11371756964977305,0.042165586233382846,0.16564962497165886,0.2600397007176668,0.06657967674916827,0.24646372103999223,1.0,0.1315500400246163,0.016174572106775496,-0.043366324722256926,0.1079503232045605,-0.09214083112388197,-0.07948194727855745,-0.21369535945807133,-0.1816381867229325,-0.06627428661326966,-0.14203278779549966,-0.13125066514897024,-0.1559104559104559,-0.01914009541128185,-0.06744587422553525,-0.08573966879051625,0.3335498827024251,0.25163638214485673,0.08259831480170463,-0.005184228913042472,0.018905962973759585,-0.04665713479272801,-0.05180249587029248,-0.046677494135121254,0.07663811731608342,-0.13907790687451704,-0.0284794810218539,-0.10296876229079618,0.00815345391616578,-0.07230157738632315,0.21519038298699317,0.3295159566346007,-0.036477463596107665,0.06115622556300523,0.07858150908998367,-0.10308073867395902,-0.003177445550326906,0.017133312048566284,0.04130309045563283,-0.01748358528019545,-0.08153777814794765,-0.20182169843186792,-0.07074131141927752,-0.1485264925942892,-0.0311650633684532,-0.11798747900442816,-0.061977539943641635,0.01599642786083464,-0.038969632189971175,-0.11988598768259785,-0.005504425843408894,0.20585978891063636,-0.03891179314908128,-0.20265272977137383,0.25171689408977543,0.3150751676175405,-0.14486828893608555,-0.1366403383352536,0.0537500520551368,-0.09849248323824596,0.08214300587181943,-0.07843066487134284,0.1271380779855356,-0.009524470541419694,0.048058227719244666,-0.09359097155707326,0.16679483798127867,0.007963741862046948,0.23117755660128542,0.27293873226076615,0.4433839077906874,0.08982588135130508,0.19563107020734138,0.12470559928187047,0.04526066898948255,0.039792334707588944,-0.07255884544020137,0.20442121628562307,0.3342666240971326,0.09705483603788688,-0.0779258457224559,-0.01931685152024135,-0.1818154055442191,-0.10249355673084487,0.0016935271172559309,0.028125043379280668,-0.0497179768366209,-0.09823845417065756,-0.04563639139910326,0.1349935451630367,0.017241124020785037,-0.1059791686910331,-0.09775168080252826,-0.06766705071789818,-0.0113651401786995,-0.004448516312923092,-0.09339478153037475,-0.02633157039936701,-0.0795222032510168
#58,-0.035010202806812975,0.1450390297847925,-0.09645284730030493,0.18031066505642776,0.1178773534705738,0.20567562940444295,0.2272079475469306,0.03201367777638964,0.22833696562510122,0.1379100209608684,0.04198651656278775,0.2185885423173559,0.1315500400246163,1.0,0.06268734065344235,0.05286951049662914,-0.02481387396641634,-0.16857766857766857,0.049898434644197354,0.2544283883266934,0.04432969178731891,0.049027147332232075,-0.10823720484737434,-0.13610174118648696,-0.10333754401551011,0.035074057107955414,-0.05098951031154421,-0.1118445101495949,-0.04360045715977919,-0.029767672140553498,-0.20302058607143353,0.025713386730335883,-0.09834765427985767,-0.0599883396493566,0.06084296931754559,0.13610220389881406,0.16419069300425232,0.2579510172730512,-0.1584914652711263,-0.06064307759223014,0.061917387341116153,0.007255329289227595,0.043691611488221656,0.1449423229084246,-0.1393629376680224,-0.22157164869029275,0.04299430401125316,0.02156563343004021,0.06902696224730123,-0.11558739016366135,-0.21249739724315994,-0.16986215799775123,-0.25253080507317793,-0.29648801343716596,-0.16808765622324945,0.004812670914365829,-0.03304043643026694,0.017495615800700547,0.11189170680696105,0.1159131396419532,0.016570191146462333,-0.007300212384958147,0.6158252242998006,0.2355238134899152,-0.15214582841701485,-0.13521749792936233,0.7353711184219659,0.14947782913884608,0.13734134751083904,0.08411184682371123,-0.1670405382269789,-0.13562005765395596,0.275816802935447,-0.005813054965597339,0.3016273592544779,-0.0687840382755637,0.05196629603409265,-0.13068152898661373,0.18241230444620274,0.11647996224267411,0.1450367162231569,0.24993406349338554,-0.14700648259970295,-0.03413752735786634,0.07553408570357723,-0.03541229981907948,-0.12416376314681399,0.22182428962089978,-0.006063845046895894,0.05261733227834923,0.1921972820277905,-0.13567743398251872,-0.11884442223425275,0.015426366273823901,-0.04678484339501288,-0.24487754318262792,0.06240323528459122,-0.14886889971635733,-0.08919566716176885,-0.12430581583123956,-0.21416547518242435,-0.13226076615907123,-0.06518644993221265,-0.01786578566239583,0.11247055992818705,0.018942979959929114,-0.15278668499007483,-0.06337446845921423,0.009145509145509146,-0.06134825117875965,-0.03505832488883336
#101,-0.05146656672080401,0.059452056062225554,-0.10453226724413166,0.03899045424469153,-0.18227395346039413,-0.20531887820023415,0.06340917188374816,0.041801894344267225,0.1164387808455605,0.1298764095374265,0.04750852547462717,-0.0822730280357399,0.016174572106775496,0.06268734065344235,1.0,0.4086263459144815,0.05600068481424414,-0.11690889656991352,0.577984147475673,0.2827579505545607,0.6447151311558091,0.3113193316583147,0.24174868242664851,-0.003938144616110718,0.19096785537463504,-0.11686216262487449,-0.34326684157192633,-0.39151061693434575,0.21086032102981256,-0.13184756405095388,-0.11052948171592239,-0.13070882901391376,-0.3280283365029128,-0.12978294164734844,-0.047335933776611744,-0.06191414835482632,0.09373024796753611,0.06890619432992315,-0.18385735504379572,-0.19367842418689876,-0.07993262908517146,0.07093102347339636,0.2995539453166572,0.10759079572638895,-0.10936159580227377,-0.006456225100292897,-0.5371502473197388,-0.39933739594756545,-0.2936423326253835,-0.3490007727295863,-0.294491409745647,-0.2644673949758696,-0.3083107761073863,0.011297121466612992,0.471049940541466,0.24282772757349028,0.15417343383445078,0.3137194204990815,-0.2975851043647654,-0.13335600623736216,-0.2273796138202918,-0.23215943215943216,0.12296024838397719,0.11490766575512339,-0.1691787318905963,0.003033542016592864,0.2117038456021507,0.05267378318225776,0.5431627312983245,0.29825233554047115,0.16100862033065422,0.002968762290796189,0.28123099987506767,-0.25054669461449125,0.13935229528449866,0.045293058852380885,0.1996608318642217,0.19466909127926077,0.4211875974587839,-0.013455674472623625,0.009649865582068972,-0.15200099945862658,-0.19833516104702545,-0.1264912061522231,-0.10436430266938741,-0.3016967661035458,-0.21378558836185954,-0.05121716477648681,-0.09337858659892558,-0.21215637825807318,-0.08035092102888713,-0.1919626868779411,-0.10342360850835428,-0.13683606564962497,-0.08453430317837098,0.23085180712299355,0.02008958110653026,-0.32019831850340325,-0.18806526094661688,-0.3219358032917355,-0.21427745156558717,-0.20003840512315088,-0.19261279769754347,-0.3490521337978965,-0.31050218168862237,-0.28421688252196725,-0.2641421082099048,-0.16400283179944197,0.006960581536852723,-0.048009642924897164,-0.04398959822688636
#102,0.15546393851478596,0.10866799002392223,-0.017875039908938215,0.11252932439373117,0.01762933966323797,0.033161667059972144,-0.006679715154291425,0.053469185672575505,-0.08639764571967962,0.11243585650365312,0.11457173660563491,-0.05854143820245515,-0.043366324722256926,0.05286951049662914,0.4086263459144815,1.0,0.05942197976096281,0.038138138138138135,0.4107302988658921,0.5247005094462721,0.3511759833793732,0.581484566230329,0.13076435449316806,0.27353424302576845,0.14193793176844025,0.19287515558701998,-0.23079813249304776,-0.09169940356381034,0.16942443213629654,0.01645728933864527,-0.014674458742255352,-0.17289292374038137,-0.08006172582443769,-0.08224017546051444,0.0015001133645201443,-0.10592456863643304,0.17714201104031613,0.3012442334476233,-0.03646311951396697,0.10178421873337128,-0.14741922199549318,0.07709157539666014,0.17493903765090205,0.11220727661405627,-0.04188749612478426,0.3024065668133465,-0.36886732649444515,-0.1491437508386661,-0.095318739386536,-0.08796346423465068,-0.22282652452143978,-0.1300096706876368,-0.2271936034647899,0.20979654538976572,0.20583017532170075,0.47342504291656834,-0.15194177228075534,0.25684883650985346,-0.3276179106687581,-0.19057038548563973,-0.30833946427166764,-0.19030987844547168,0.0886737276567785,0.08272463526700814,-0.0822392500358602,0.22691366250688286,0.06710809422673829,0.05398834890360314,0.35870894006487225,0.37482937482937484,0.002011873198313876,0.04892766418190147,0.021796064168945525,-0.09871967499086143,0.04872592160727754,0.07399741806521468,-0.030637571315537418,-0.011342467274670665,0.15887274022867243,0.3765437240013511,-0.14525604186621136,0.02696224730123035,-0.09700532581888514,-0.22941739890892432,0.023933795120235798,-0.41128138924749097,-0.3065899489628303,-0.12338779457423525,0.013228482720008143,-0.16956833567003057,0.11671131840623367,-0.3149113674537403,-0.11427745156558716,-0.368404614167326,-0.2390649509293577,0.1445110750195496,0.22939611414187686,-0.11824335892132502,0.03910011706621876,-0.2238199678877645,-0.1166904963515133,-0.07784533377753716,-0.11259179055789226,-0.20906360906360907,-0.169115340301781,-0.12620432450940924,-0.20265735689464504,-0.3073159446040802,0.035350759079572636,-0.26706182299402637,-0.24799668697973784
#201,0.19224864309610074,0.12315134857507738,0.6623379928464674,0.425690713826307,-0.2376527529069902,0.05195102652729772,0.15530846717287394,-0.023368823368823368,-0.13265268350014112,0.5897254727763203,0.23027850654969298,-0.12990370956472652,0.1079503232045605,-0.02481387396641634,0.05600068481424414,0.05942197976096281,1.0,0.6034018610289796,0.13167404692828422,0.06475150034472069,0.15556342166511658,0.31127722483654685,0.45307079035892595,0.32020248291434733,0.3309637835061564,-0.013400148993369332,0.07562107562107562,0.10197207993818164,0.39411244834973647,0.07733449936839767,0.5099603455535658,-0.08361813277067515,0.32991897907152146,-0.02367976605264741,0.032421790048908695,-0.22823285535149943,0.06557790456095541,-0.07672371909660045,0.18040505837116005,0.12840220806322503,-0.05439599846379507,-0.03738067805864416,0.10572375148646335,0.009289875391570307,-0.17870690413063295,0.2864499322126441,-0.17109806262348634,-0.09111407247000468,-0.09518409009934434,-0.03369656251012183,0.19940772822128755,0.18960054044799807,0.20210996821166313,0.4527871477024019,0.06672728198151927,0.28742718064751965,-0.30839730331255755,-0.15182979589759252,-0.30875266637978505,-0.3664084731881342,-0.13748987816784428,-0.049936839767348244,-0.25128194450228347,0.20824507095693537,0.18288427101986424,0.3001017967119662,0.031960465858770944,0.2506091607786523,-0.009764155526867392,-0.08221380085786865,0.21420017860695828,0.20760236353456693,-0.4195917026425501,-0.12005950480526752,-0.5066991490720304,-0.2241568224619072,-0.16239490646270308,0.09260770786194515,0.5297477755104874,0.2581916276831531,-0.043474136694475675,0.11451991282499757,0.1035864832475002,-0.11359680173239495,0.040279108075718245,-0.2681422562778495,-0.157895954506124,0.16798632222361035,-0.0877992013585234,-0.2057589176233244,-0.08902955343633309,-0.24453467334823267,-0.17232841470129606,-0.3777208641615421,-0.2563079257994512,0.6530309970987938,0.2806623264250383,0.5244501820773008,0.09473942355298287,0.29488702878533385,0.34768204259729685,0.7091977956384736,0.002132178403364844,0.3387433658620099,0.07268562861783201,0.3824099908845672,0.2835343818394666,-0.09950212153601984,-0.0776135149016505,-0.272242812920779,-0.3811204116288862
