,#10,#11,#12,#13,#17,#18,#26,#49,#50,#51,#52,#53,#54,#58,#101,#102,#201,#202,#301,#302,#401,#402,#501,#502,#601,#602,#701,#702,#801,#802,#901,#902,#1001,#1002,#1101,#1102,#1201,#1202,#1301,#1302,#1401,#1402,#1501,#1502,#1601,#1602,#1701,#1702,#1801,#1802,#1901,#1902,#2001,#2002,#2101,#2102,#2201,#2202,#2301,#2302,#2401,#2402,#2501,#2502,#2601,#2602,#2701,#2702,#2801,#2802,#2901,#2902,#3001,#3002,#3101,#3102,#3201,#3202,#3301,#3302,#3401,#3402,#3455,#3501,#3502,#3601,#3602,#3701,#3702,#3801,#3802,#3901,#3902,#4001,#4002,#4101,#4102,#4201,#4202,#4301,#4302,#4401,#4402,#4501,#4502,#4601,#4602,#4701,#4702,#4801,#4802
#10,1.0,0.5348019822596094,0.18350939537380215,0.5098890878551896,0.27128129670502554,0.1874914976609892,0.41350611011627963,0.6848420068759051,0.4659550151075575,0.7509802560650018,0.6691764183289607,0.3653992976026874,0.31836412683870313,0.30845282879181185,-0.08845949184932236,0.008516683092954279,0.383298861264963,-0.10944025689788402,0.08210321261168718,0.04789211399380891,-0.025265481197684587,-0.09901997529116173,-0.09603640620589773,0.07813869339293068,-0.13819829074066362,0.06470707996131725,-0.2470485894214708,-0.19349056298208842,-0.10819602345026073,-0.14861996048436726,-0.15582716769157448,-0.02319715709546218,-0.21345336091098802,-0.23737975263398992,-0.2624976285993235,-0.28944553181841315,-0.19668188990222887,-0.03745471203098322,-0.19161056279700348,-0.2329428041292448,-0.11536251197268146,-0.14957129702892416,-0.39715061748960057,-0.29219358032917353,-0.2605315639213944,-0.2334776995793945,-0.3162990417227705,-0.3843890115076556,-0.2894848623662183,-0.3959818061512977,-0.31859178130364574,-0.38241924513110953,-0.24946487319368676,-0.15991106669072772,-0.2086962154758765,-0.13645802967836868,-0.40913856846060237,-0.19544552256416664,-0.32264236501524635,-0.31501038789174385,-0.07578163679858595,-0.16957064923166618,-0.057087596070646916,-0.2490276100445592,-0.06479406987881564,-0.15990690227978363,0.25981759880064964,-0.1330709754438568,0.3404433709518455,0.1408542594983273,0.4893640944488402,0.24529259614005378,0.1304293507683338,-0.004690977572333504,-0.013319174336123488,0.0678539864980543,-0.2169403610081576,-0.3306616323565476,-0.18980413387193049,-0.050194570533553584,0.1465650550396313,-0.07037715681783478,0.17773289468204723,0.29386073284378367,0.19625295557498948,0.20536931384389012,-0.1980288454864726,-0.13260085971950378,-0.06803722057959347,-0.06752129633485565,-0.16652507669456823,-0.002126163143112296,-0.40497184395489483,-0.15237949814221,-0.17859122604885316,0.17228908415349092,-0.038314431534770516,-0.09351832572171555,-0.25617697821087654,-0.27007546838055313,-0.3239560053119375,-0.0078004044105739025,-0.03853283175317074,-0.045300462249614794,-0.11884164596029002,-0.09241660767084496,-0.16927682690394555,-0.09299499807974385,0.01728693254116983,0.20551321737762415,-0.06430266938741515
#11,0.5348019822596094,1.0,0.09205476663103782,0.3145328687701569,0.20167085421322709,0.048010105637224285,0.4331787874160756,0.5644123322089424,0.41911372080863607,0.5430743532438448,0.5309355580542021,0.31041657990810534,0.09618030973963178,0.1506600591346354,-0.06736304871898093,0.21654844366708773,0.18534543788781077,-0.22932809542979035,0.03264342925359875,0.00024153583475617374,0.11470268419420962,0.026783177630635258,-0.09997038641106437,0.07317887995854097,-0.11330621839096415,0.08748872138702647,-0.34003664681630785,-0.2671117959253552,-0.07701430243803126,-0.09952757071401139,-0.17669780720628178,-0.1139975106076801,-0.3155984952595122,-0.2898425389950814,-0.2537870690413063,-0.23829638575401288,-0.1847795407117441,-0.07326864615000209,-0.17980214420892388,-0.23965398372178034,0.008168260710633592,-0.08239934850104341,-0.16440122711309152,-0.20381830212338686,-0.013838337567151127,0.007711563643767034,-0.4477135070355409,-0.5294035175391107,-0.4255907679636493,-0.5285317675148183,-0.44761448659753744,-0.4919997038641106,-0.3751287497050209,-0.2741663080646132,-0.15687706196180773,-0.16300059689890198,-0.41546847309559176,-0.22103351425385323,-0.19972005904209295,-0.21436721775704826,-0.2137892900604765,-0.2538499979177945,-0.09472415404618795,-0.07655621723418334,-0.11349084060948468,-0.24612501561654104,0.07510885307495477,0.011494699630292851,0.12427388868066834,0.16093921348158635,0.3215855300601063,0.12015528625698117,0.10250604996367708,-0.32110801093851943,-0.0779892373112712,-0.05988515480040904,-0.23291087697867358,-0.33065052726069677,-0.17641092556346794,-0.0360036461731377,0.17799525257152377,0.11653086059865721,0.048930903168191306,0.24790044281569706,0.11063359198952419,0.14085749848461712,-0.2831207170190221,-0.03597773428281903,-0.10114845199590962,0.040923203635068045,-0.025712461305681646,0.05496374648917022,-0.30215485130739367,-0.059489535760722204,-0.006809274605884775,0.08315356959424756,0.03527348612094375,-0.08298144060855925,-0.27284618979534236,-0.37339080220436155,-0.4366259942531129,-0.0150534201381659,-0.11551937145157484,-0.18088072664343852,-0.26916392509612846,-0.32176552515535567,-0.3418268808099317,-0.17286654913773558,0.08701397853940226,0.19223985156188547,-0.042014742014742014
#12,0.18350939537380215,0.09205476663103782,1.0,0.3968780799289274,0.19510450357907985,0.26083232693402186,-0.025637964621015467,-0.03759769014006302,-0.08219390422780254,0.16003553630672274,0.16220334355927576,0.0914634202769796,0.13340459103170968,-0.07470120351476284,-0.332531915582763,-0.08613204884391325,0.5443389460338612,0.686725708759607,-0.20963690963690965,-0.14552302687895907,-0.14700509446272159,-0.16914032676744542,0.15719772160450127,0.22027651688668637,0.022774700740802435,0.07340190730021239,0.275032042828653,0.22543668475871867,-0.010529944428249513,-0.04000101796711966,0.395338173304275,-0.027592461490766575,0.22324620460213682,0.05618808330672737,-0.08439363863092676,-0.223064358657579,-0.17851580393953276,-0.3634179634179634,-0.19820745244474058,-0.2006949939153329,-0.07431576414627263,-0.16700120767917379,-0.2707292808987724,-0.3384999791779453,-0.14340981968100613,-0.20950549933600782,0.24891794722303198,0.1701569057501261,0.18525243271005984,0.08654663908901197,0.2016491067338525,0.0957546143986822,0.27737938246412824,0.3113022113022113,0.14549526413933195,0.11816932494898597,0.022547971700514074,-0.179841474756729,-0.052114363978770756,-0.09817321173253377,-0.14665852292970938,-0.13259438174692412,-0.08082335031487574,-0.06705765858308231,0.3954358056052971,0.24120638357926494,-0.24117584456567506,-0.11546199512301207,-0.072460287714525,0.10377341902765631,0.19598180615129768,0.17665940208313088,0.04463785819718023,0.18215734995396013,-0.05481706668147346,0.09045331926687859,-0.13273874799298527,0.012346090312192007,-0.0549609702152075,0.15374820120582833,0.0041403499030617675,-0.11684272870713548,-0.012803712803712803,0.005364224008291805,0.11361299666384413,-0.18999615948768492,-0.06657458691356996,0.07040445684513481,0.008595806900891647,-0.14187546560427916,-0.26365857382806535,-0.11656510131086402,0.0631389478847106,-0.08855573601336313,-0.12115983471915676,0.4558859321571186,0.22847809288487256,0.5011942605162945,0.3819560700916633,0.2909923791279723,0.3215212130466368,0.6487421165387267,0.3482396109514754,0.36284743911862555,0.3248291434732113,0.29555055826242266,0.2392944562436088,-0.15091131192826107,-0.1550822008449127,-0.011822299957893178,-0.02923323940273093
#13,0.5098890878551896,0.3145328687701569,0.3968780799289274,1.0,0.17362447192955668,0.1825562079799368,0.2290749917868562,0.31604316180587366,0.3142270159219312,0.617710777032811,0.4325689325689326,0.2673093740890351,0.22026818806479823,0.1603802569904265,-0.13500233669725195,-0.04954631056325971,0.28760254861949774,0.04202075727499456,-0.05842113299740418,0.022488744522642826,-0.29360300207757833,-0.07298592891813231,-0.12678826746623356,0.04939454091996465,-0.09137226594853713,0.057315713247916636,0.005394300309554547,0.020380627160288177,-0.021796064168945525,-0.00955269599337396,0.0005182378063733996,0.06572458436865217,-0.041745906152685815,-0.10446100954575531,-0.07165979538860895,-0.10662696594899984,-0.09911436860589402,-0.0486403198267605,-0.1351508673542572,-0.15397122854749973,0.04226830837000328,-0.05083311354497795,-0.17899841289671797,-0.182149021132072,-0.08665491377355784,-0.058643697626748474,-0.02398885788716297,-0.1120212662585544,-0.03705446586802519,-0.16720480110310618,-0.15888060633823345,-0.2778194218872185,-0.13205902358444732,-0.07562153833340274,-0.16231115553149453,-0.039454554708792,-0.2553806502959045,-0.12001369628488273,-0.11898647491867831,-0.15357699764479427,-0.1612358120832697,-0.1079817876428046,0.10889795805050043,-0.09855587482706127,0.11215499012109181,-0.004298597518936502,0.1661544441205458,-0.06403568437466743,0.1152616406853695,0.06595501510755748,0.23688603858095383,0.10237649051208374,-0.0029784792496656905,-0.04738775755724908,-0.06546777902710106,-0.00531008666601887,-0.20784667564328582,-0.22692523031506082,-0.17904653497873838,0.06197198739571621,0.11239883951748358,0.02622838555041945,0.06759116589625064,0.26714326036359937,0.21738687840382756,0.10925887366565333,-0.1081007047108742,-0.008173813258559022,-0.0370475251831184,-0.02500451144518941,-0.1016708542132271,0.023929630709291726,-0.0643184016065372,-0.13482280431432975,0.0014071081867692036,0.08596408426916902,0.06205064849132646,0.03991078906333144,-0.15065867099765404,-0.1641712590865133,-0.1606615860853149,0.10030631556055285,0.07904051971848582,-0.040305019966036915,-0.062281541942558895,-0.07083339117237422,-0.057580847411355884,-0.175385555046572,0.01881573406997136,0.019188680205629357,-0.017015783117478034
#17,0.27128129670502554,0.20167085421322709,0.19510450357907985,0.17362447192955668,1.0,0.5285285285285285,0.27462902039173226,0.3094846772812874,0.09140234224979987,0.25895695387220813,0.30473539795573695,0.6522110708551386,0.43362437938709125,0.24850104341629764,-0.3717819514429684,-0.22072858683028174,-0.01423534474381932,-0.14318725505166183,-0.2037003104799715,-0.12561344086767814,-0.36636821721567486,-0.13896593049135422,-0.2308115511505342,-0.020465766228478094,-0.18581185191354682,0.05441311881989848,-0.17291698478139156,-0.0527038594835205,-0.021913130387706658,0.049861417658027825,-0.05405497947870829,-0.0629913426523596,-0.07678618526076153,-0.038640181013062366,-0.017183284979895148,-0.10509168644761865,0.006328979210335143,-0.14393777444624903,-0.18730826357945002,-0.19437388081455878,0.11621112638061791,0.0989778684693939,-0.003891410671071688,-0.1514059514059514,0.056720665195241465,0.13448132261691584,-0.10972297412975379,-0.21538657301369166,-0.1425130831910493,-0.26812004608614776,-0.1799895427014071,-0.3483691704030687,-0.2289153560340001,-0.2874387484556976,-0.4297477755104874,-0.4292401800876377,-0.32620478722173635,-0.28311192548480685,0.1435032875710842,-0.007005001920256157,-0.13351610470254538,-0.1002299680265782,0.36118121202866965,0.1827695183627387,-0.003905292040885261,0.020979376911580302,0.21468417570112486,0.19991902534275416,-0.23631829055557868,0.07798507290032713,0.05369128758959268,-0.09994725079470843,-0.09342855953025445,0.09230648213699061,-0.1224248902215004,-0.17834321224151733,-0.19647366935502528,-0.23063757131553742,-0.028630325240494733,0.07155475969035291,0.3473202015574897,0.2424987391089086,0.02673042842534368,0.4440238389390932,0.7166178505161556,0.28043143297380585,-0.004498026531924837,0.22384449164110182,0.0763979696183086,0.45429373903950176,0.12228515109871042,0.30302845218099456,0.15571519130841166,0.15452787147702401,0.25646571070299884,-0.17030821268109403,0.06768324564934734,-0.15392542002711493,-0.21847980492048288,-0.16123534937094258,-0.19372238185797508,0.16807840197670706,0.11757473960863792,-0.0694938389853644,-0.1843191419462606,-0.089782849104883,-0.16226118260016564,-0.11953016190304326,-0.07841909706316486,0.170673292707191,0.16862347709805336
#18,0.1874914976609892,0.048010105637224285,0.26083232693402186,0.1825562079799368,0.5285285285285285,1.0,0.23112573282064808,0.11085060407094305,0.01709860862403235,0.20436383995706028,0.289491340338798,0.5915092287973643,0.5845569760823998,0.2292151936219733,-0.36045429096276554,-0.3051948712965662,0.12147910622486893,0.02260118361813277,-0.16591013201182692,-0.2021358801019818,-0.43428975971348854,-0.2663085273254765,-0.09201127167228862,0.07267637437128963,-0.07618373381085246,0.12051111203653576,-0.029147174909886775,-0.0032389862898337474,0.15925771688483553,0.16298532739210705,0.07361891938163125,0.08427981139845547,-0.01745767338987678,0.12550886788174923,0.00461555546301309,-0.10977942503366232,0.026515729905560413,-0.12337113693045897,-0.19070457206050426,-0.10704803416667824,0.212730604256028,0.017134237473220525,0.10939537380215346,-0.0643521796064169,0.10164216604894571,0.040698325444088156,0.0410675698811292,-0.06122748326138157,0.009120059967517595,-0.11961761453286877,-0.10455725370979609,-0.1685850719749025,-0.0557577608425066,-0.04181114859080961,-0.2734583582041209,-0.17927789114229792,-0.20723543265916147,-0.23550761855846603,0.024592697474053408,0.02753832414849364,-0.22668323176797753,-0.23959660739321756,0.18450422687710824,0.1519362197328299,-0.00630445545699783,0.07366657875132451,0.11762610067694813,0.17302988658920862,-0.2116751574378693,-0.012054118833779852,0.06024468227858058,-0.08882318373843798,-0.03586251891336637,0.035295233600318346,-0.16727328252751983,-0.15993929214268196,-0.24504920945598913,-0.15278020701749515,0.11681357783052698,0.25791585113619014,0.359702383431197,0.348385828046845,0.13414631889208162,0.39527894612640374,0.5264546518783807,0.1744675337895677,-0.045146841757011245,0.39262667906735704,0.11818737072974361,0.29622380469838094,0.18106905056057598,0.11695239152866271,0.240219880897847,0.08305686271787967,0.07811787133821033,-0.07863194473363964,0.10141358615934887,-0.06814271899017661,0.02212551534585433,-0.026853047192030244,-0.030393721919145647,0.2567604584553737,0.26101232202927116,0.04508946542844848,0.025705983333101978,0.047302155776732045,0.029192983430271567,-0.24311090751768719,-0.09830045762249152,-0.03582735277650532,-0.03379095582485413
#26,0.41350611011627963,0.4331787874160756,-0.025637964621015467,0.2290749917868562,0.27462902039173226,0.23112573282064808,1.0,0.35305552085213104,0.21635965703762314,0.515473100218863,0.4482428499377652,0.36549184006811125,0.3097905301295132,0.4956773414400533,0.050359296122007985,0.10485385231147944,-0.04029298944553182,-0.33961974300957354,0.03109288024542262,-0.010081576183271098,-0.013858696909544367,-0.1217155522240268,-0.207870736684296,-0.035923134228218974,-0.22643660609762303,-0.07566966041542313,-0.4251868201020743,-0.37749413512125374,-0.051853394226275586,-0.06479406987881564,-0.25939144074737297,0.01300823165229945,-0.3694503440266152,-0.2386073284378369,-0.11710045947334083,-0.07439396252955575,-0.047931444541614035,0.13004020970122665,-0.0005256412036073053,-0.19059676008828552,0.02884965088354919,0.044997385675351775,0.020754498720600416,0.07686715991800737,0.14143264990722618,0.172949837356617,-0.40882299865350713,-0.45186403660979935,-0.4483131822114873,-0.4568062669757585,-0.45003123308208054,-0.5160260414497703,-0.4218395591276947,-0.37754595890189113,-0.296091931685152,-0.27004215309300056,-0.39636354382117095,-0.1512241054613936,-0.17698006172582445,-0.23015912676929626,-0.013086892747909697,-0.030994785232073368,0.19206448358990733,0.15189365019873494,-0.2486717842650046,-0.30819926243655055,0.28357926493519714,0.266737924365043,0.16335642267845657,0.1489674574420337,0.31606861098386524,0.11579237172457511,0.1454439030710217,-0.1022353632523124,0.05419703216313386,-0.048214624485810924,-0.1323588611724205,-0.23717199479911344,0.16365348399246704,0.1181651605380419,0.14405484066501015,0.1646187019068375,0.10098927895538065,0.4601771262788212,0.31145398094550636,0.3703970534479009,-0.08369077860603284,-0.03970858377638039,0.01096165502945164,0.2343929445624361,0.07170051407339544,0.08844607319183591,-0.1721188060171111,0.035928224063817286,0.013782812087896834,-0.14214059976771842,-0.07810722895468658,-0.3399760315014552,-0.5011896333930232,-0.46804138499053755,-0.4309013173419953,-0.2024893923199008,-0.14071822207415427,-0.29174798835815785,-0.30152695067949303,-0.292622514656413,-0.3156031223827834,-0.07986692393472054,0.08319613912834252,0.18532739210705312,-0.07081858437790642
#49,0.6848420068759051,0.5644123322089424,-0.03759769014006302,0.31604316180587366,0.3094846772812874,0.11085060407094305,0.35305552085213104,1.0,0.48636433043212707,0.6043855874364349,0.6426903020123359,0.350406030067047,0.29310882531221516,0.18605523859761147,-0.1516433228297635,0.033554509825696265,0.18487532216345776,-0.2706853232276961,0.1441117542812458,0.08623708454216929,0.02458575678914662,-0.07762739627146407,-0.22832724866623172,0.043104429545107514,-0.20122433681755716,0.10546370715862241,-0.32685304719203023,-0.2582480785870616,-0.13651355515762295,-0.14485070586765503,-0.263420276979599,-0.030136453865267424,-0.32674939963075555,-0.38380553126315836,-0.2772215975605806,-0.28343258512750036,-0.3162273213120671,-0.130317374385171,-0.28257980630861984,-0.31890272398746977,0.09904126005820921,-0.05593405423913898,-0.27830758339232914,-0.32320641134200456,-0.14348570450265366,-0.157651179685078,-0.48288195745822865,-0.6060629196222417,-0.4834645122780716,-0.5842145689603316,-0.5153037475071374,-0.5501890179856281,-0.3940222194459483,-0.2468648926276045,-0.29613635206855543,-0.18181494283189198,-0.5573693878778625,-0.23703364381330483,-0.3410643308948394,-0.31636428416089435,-0.24302067861389895,-0.36958360517682554,-0.1072215512893479,-0.16124367819283073,-0.06671941587195825,-0.1333176011142113,0.12348403873827603,0.021507331676823203,0.12691828963015403,0.185905782515952,0.3537070198087147,0.09006880532304261,0.16414951160713873,-0.1904847837051227,-0.0705108806803722,0.02814586543400103,-0.38140729327170003,-0.4948796253881,-0.22593548864735305,-0.1414159922634499,0.28800372020711,0.0624222064900031,0.19199091232989537,0.42309212139720614,0.2670382246653433,0.2097326910886233,-0.33064543742509844,0.010724283605639538,-0.06379692481387397,0.010228255990967855,-0.08946126403753522,0.07125445939005261,-0.321720179347298,-0.11345937617124058,0.0583609803948787,-0.013133626692948727,-0.05929982370660337,-0.11164646927358791,-0.36375805697839597,-0.4043351517927789,-0.4705270756118214,-0.05543478763817747,-0.1350425926697113,-0.18698945478606496,-0.26723395197971467,-0.24859034689543164,-0.31552631213648163,-0.28799168968660493,0.19383713451510062,0.2123437767505564,-0.1135639491571695
#50,0.4659550151075575,0.41911372080863607,-0.08219390422780254,0.3142270159219312,0.09140234224979987,0.01709860862403235,0.21635965703762314,0.48636433043212707,1.0,0.5177982296626364,0.4088544630917512,0.21015005760768474,0.07086578103527257,0.11974624855980788,0.11358338307490849,-0.08095383519112333,0.2194561279307042,-0.2651249091927058,0.062014556929811164,-0.06816678003118681,-0.0032917354951253258,-0.09508460694901373,0.05976022247208688,0.04204759458996747,0.014607365454823083,0.006719045702096549,-0.2142617193464651,-0.2129591841456248,-0.15090807294197126,-0.2662122831614357,-0.1816696511611766,-0.26127005279547655,-0.04783520037757326,-0.17284433894603385,-0.20463452666842497,-0.28690153944391233,-0.22552043568992722,-0.062420355640694626,-0.10859210520227469,-0.26860496860496863,-0.1874845569760824,-0.14324092968160765,-0.2538888657532725,-0.20627067745711813,-0.1938389853644091,-0.09846934762189,-0.295800422919067,-0.29129314214059976,-0.31436953131868384,-0.35127176483108685,-0.29444513851293513,-0.27370220760051267,-0.2053253561728138,-0.1482136990611567,-0.08788295228973195,-0.1791103892798808,-0.39733477699579395,-0.23031459811120827,-0.324998958897264,-0.3408787832516646,-0.019656019656019656,0.09845222726578659,-0.1836898531813786,-0.24850428240258748,-0.20043911399843603,-0.2070836630158664,0.3351781673815572,-0.26122285613811036,0.26296357991273245,-0.07976373908577299,0.3820638820638821,0.06535163823299417,-0.008123840327230158,-0.1965490914643457,-0.07997566133159353,0.017052800103647563,-0.14413442718527464,-0.20239684985447698,-0.1894413674074691,-0.3259109648940157,0.172382552043569,-0.016383255366306214,-0.050763706695910085,0.21156456919168784,0.09921431446855175,0.15177103143204837,-0.15039723853283174,-0.12686322686322687,-0.17755845213472332,-0.08601544533747923,-0.13291966851288886,-0.04025550974703517,-0.2785093259669531,-0.08647676952761699,-0.08435847249406571,0.1698880698880699,-0.28531628701120226,0.057876520588384994,-0.25598125089650514,-0.11598532276498379,-0.28453106419208113,-0.044477297019669904,-0.15534224517275363,0.06352531267785505,-0.014236732880800677,-0.01558230032806304,-0.016189841613570427,0.039430030955454685,0.29924485348214164,0.2240670562704461,0.014985864138406512
#51,0.7509802560650018,0.5430743532438448,0.16003553630672274,0.617710777032811,0.25895695387220813,0.20436383995706028,0.515473100218863,0.6043855874364349,0.5177982296626364,1.0,0.7270867169172254,0.4862685489804134,0.3879005353581625,0.4193686753008787,0.04004219936423326,0.05456026133992236,0.4487740436892979,-0.17003474969576665,0.16606745420304742,-0.029368814114576827,-0.09672029502537977,-0.193364705229112,-0.23343698089460801,-0.05251646099103726,-0.12118944830809238,-0.12828652998144524,-0.2707940606245691,-0.32215744249642553,0.0710869575276355,-0.10821221838170991,-0.17318350708181215,-0.05154106340547018,-0.29960438096031317,-0.3150367624943896,-0.16520773469926012,-0.2423270728355474,-0.0929986997783608,0.03182350300994369,-0.044847466881365185,-0.25708620793366554,0.08456530490428796,0.068151973236719,-0.16550849771188755,-0.09789049450066399,-0.12145920959480282,-0.0729567780415238,-0.3385902080817335,-0.42114780419865167,-0.37004909377790735,-0.5119990560668527,-0.42607615319479725,-0.5446124090191887,-0.3950013187301323,-0.36231208095614875,-0.32780577187356846,-0.21995123012072165,-0.5674250521708148,-0.3219233100589033,-0.21285785014598574,-0.275502158553006,-0.11757150062234809,-0.08925304349033163,0.0821494838443991,-0.03986498054294665,-0.029632097428707597,-0.17186755322348543,0.30771295178074837,0.03773233942725468,0.2650652193025074,0.10477241494190646,0.4074214430146634,0.1256092764567341,0.04285595302544455,-0.1668758126385245,-0.19316897791474064,-0.11416362433311586,-0.24424455271912898,-0.3439058472956778,0.030701425616679854,0.035631162749806815,0.20264347552483145,0.011308226562463851,0.11139845546625207,0.34470587690926674,0.23787254126237178,0.24565258633055242,-0.1109727601253025,-0.09486065418268808,-0.0025860991962686876,-0.017917146730706053,-0.12469125519972978,0.1289690306639459,-0.33929630709291725,-0.08306472882744069,-0.014387577099441506,0.13406673237181713,-0.13942679196916485,-0.09237727712303984,-0.43882850493019987,-0.3716084343202987,-0.4609063609063609,0.005062072858683028,-0.10680140849632375,-0.14479841937469057,-0.2465354414506957,-0.24034203695220643,-0.3271181813554695,-0.1797984425103069,0.09163554926266791,0.2586816400375722,0.06362988566378397
#52,0.6691764183289607,0.5309355580542021,0.16220334355927576,0.4325689325689326,0.30473539795573695,0.289491340338798,0.4482428499377652,0.6426903020123359,0.4088544630917512,0.7270867169172254,1.0,0.426615213055891,0.4047733403665607,0.32582721396280717,-0.07782867613376088,-0.026856286178320078,0.3618308601359449,-0.13082034268474946,0.017957865415492533,-0.06099797794713049,-0.08638283892521181,-0.2256629510866799,-0.16112291027545264,-0.04646140747835663,-0.14999652965754662,-0.10859858317485437,-0.30520690181707133,-0.29982231846638624,-0.009031219200710726,-0.1607055437563912,-0.12355390829967101,-0.006725986387003336,-0.28866586154721746,-0.3264935197138587,-0.2886010818214208,-0.31993688603858095,-0.1907031839235229,-0.07743953506665371,-0.19472415404618795,-0.33207197952960665,0.12273537019299731,0.013936432580500377,-0.13876141164276756,-0.187044054840665,-0.011486370808404707,-0.0927978826283911,-0.3971848582018074,-0.47819653243382054,-0.4138739664163393,-0.4858780197763249,-0.4245973245973246,-0.42507761999287424,-0.2897027998722914,-0.15715098765946223,-0.21719068837712904,-0.1596524104998681,-0.4943354756914079,-0.39360809191317664,-0.2230328942193349,-0.33801042953585325,-0.1773858604367079,-0.27960687960687963,0.018594094865281307,0.028051472119268728,0.008209904820074311,-0.12471901793935693,0.2013002216392047,0.11917341069883443,0.19383158196717518,0.21973606888861127,0.4348667619854061,0.1675805235127269,0.11258855157160241,-0.17836310887158344,-0.12739025620381553,-0.06437624064742709,-0.3388488642725931,-0.42461629580273647,0.013082728336965626,-0.014263107483446466,0.2584067889152635,0.057106567276058805,0.2072817038918734,0.5458080576724644,0.27779813712017104,0.29719596329765824,-0.17172735138836834,0.01685105752902363,0.014764687646043578,-0.00942822637737892,-0.12173961326503699,0.14293739039501752,-0.22157673852589108,-0.10628640967624019,0.05753874058958805,0.14264541891660537,-0.11902858174044614,-0.11511033375440155,-0.35945113063757134,-0.35158594650120073,-0.3731219663423053,0.054442732408834106,-0.050367162231569014,-0.20588662622560927,-0.18063410097308402,-0.20352262894635775,-0.23962066843422775,-0.19105160630584359,-0.0031436675504472114,0.18938260294192497,-0.06072682852343869
#53,0.3653992976026874,0.31041657990810534,0.0914634202769796,0.2673093740890351,0.6522110708551386,0.5915092287973643,0.36549184006811125,0.350406030067047,0.21015005760768474,0.4862685489804134,0.426615213055891,1.0,0.573121040917651,0.49192381904246313,-0.20722016315236655,-0.12679243187717765,0.05665866174340751,-0.22475788577483494,-0.062057126463906126,-0.03369748793477607,-0.3428277275734903,-0.18897772965569576,-0.3892970011614079,-0.1282208248309943,-0.1604917706612622,-0.09394448377499225,-0.35623342911478506,-0.2731136375204172,0.2445790937316361,0.24446850548545465,-0.17869950073339905,0.09830554745808984,-0.0952678410305529,-0.05148461250156165,0.07049746202288575,-0.052571523757964436,0.12030289148933217,0.039358310544751224,-0.08472910506808812,-0.17402610622949605,0.2860825386249115,0.22394443750375953,0.1421646608087286,-0.022225923920839174,0.08996839674805776,0.14337835524276202,-0.22321057575294864,-0.313791140909785,-0.2341680663714562,-0.40253612626493984,-0.36655700384513945,-0.4271635271635272,-0.34292119546356836,-0.36159024972584297,-0.5123608971066598,-0.42514101158168954,-0.4243095175298565,-0.35484575484575487,0.033831674509640614,-0.06420827607268285,-0.20247412281310587,-0.09896630066121591,0.3815465696821629,0.18476565934193054,-0.16293951887172226,-0.08294025921144565,0.37863472100760237,0.2522846421151506,-0.08381524822202788,0.13036966087813545,0.15679099746896358,0.0019993799654816602,-0.06065048098946404,-0.06870260090599074,-0.1232605486842775,-0.16379877566318243,-0.2572000351661369,-0.33722243044276945,0.15122225461208513,0.15642314116890388,0.39441459949934526,0.45016264338298234,0.021833543867442174,0.44503255181221285,0.627924226229311,0.2917442866595409,-0.15101172050324593,0.3119842492723849,0.24041190651360142,0.5072187750153851,0.23524711151829797,0.3159057362447193,0.057933434204620646,-0.004107497327836311,0.12452838046058386,-0.24916734916734917,-0.029968952002850307,-0.21619585687382298,-0.30704803416667825,-0.26025162296348736,-0.2911344318123979,0.07038363479041446,0.10194986974647992,-0.12203158474344915,-0.20805582161514366,-0.1597343105817682,-0.21615698903834496,-0.12734768666972057,-0.003101098016352254,0.06507308541206847,0.07579783173003513
#54,0.31836412683870313,0.09618030973963178,0.13340459103170968,0.22026818806479823,0.43362437938709125,0.5845569760823998,0.3097905301295132,0.29310882531221516,0.07086578103527257,0.3879005353581625,0.4047733403665607,0.573121040917651,1.0,0.3307777731506545,-0.19373857678942424,-0.24232337113693045,0.05990690227978364,-0.07517687178704127,0.02876728808932199,-0.07640953742648658,-0.32224767140021376,-0.3491747525645831,-0.3540165743555574,-0.0374325018392815,-0.2766931800830106,-0.12354419134080151,-0.1557892252807507,-0.17648357139882564,0.12975702975702977,0.054723136079068285,-0.05855578228459584,0.2257166257166257,-0.13740797808594418,-0.15756511519223385,-0.09204412424751408,-0.1405956033074677,0.023463216683555665,0.08603811824150807,-0.18600850465257246,-0.2882475696035018,0.1376041681126427,0.2533683143852635,0.16416200483997095,0.12704044568451348,0.057099163878824896,0.06603460162782197,-0.1177052244848855,-0.21111943993299925,-0.17787864906508974,-0.2618803703549466,-0.27170375305968525,-0.2973264481739058,-0.2585645738188111,-0.2442588968012697,-0.41085338034490576,-0.2951197730858748,-0.380665102699001,-0.3376629325781868,-0.06923749635614042,-0.16861283471452962,-0.16676013455674474,-0.1629159205430392,0.30675837624990165,0.30365126297329686,0.022480878413081804,-0.10127338432423179,0.40906545991291754,0.37905301295131805,-0.03589999861186302,0.07043407043407043,0.20085139068189917,-0.03260641226742922,-0.007544524493677036,0.047325754105415126,-0.13264528010290721,-0.13811870422039912,-0.22547601530652378,-0.2314436161893789,0.21004594733408294,0.15351221791899758,0.2967984934086629,0.25565966582915733,0.2491752152769102,0.48499423923152735,0.4069453120300578,0.2449131720318161,-0.061506961506961506,0.2087281426264477,0.1149636539467048,0.25542645881628934,0.10537301554250707,0.1928728420253844,-0.04577705594654747,-0.035579801681496596,0.07909465706075876,-0.13330001804578076,-0.1587246722839943,-0.10458501644942322,-0.28783945733098276,-0.21734569700671397,-0.21484566230328941,0.02567451889485788,0.010602127551280094,-0.02630936020766529,-0.13829360948005015,-0.038808145587806604,-0.1828740913486676,-0.2305089372885983,-0.005672853130480249,0.05530013835098581,0.019419110944534673
#58,0.30845282879181185,0.1506600591346354,-0.07470120351476284,0.1603802569904265,0.24850104341629764,0.2292151936219733,0.4956773414400533,0.18605523859761147,0.11974624855980788,0.4193686753008787,0.32582721396280717,0.49192381904246313,0.3307777731506545,1.0,-0.06270862542048983,-0.18501506128624773,-0.04024671821281991,-0.2060009161704077,0.10344304242609327,0.13552381348991518,-0.2133895066098456,-0.1936474224609818,-0.4227154735629312,-0.3276077309975615,-0.053943465807872584,-0.20082964320252455,-0.24523938422243508,-0.1739423552982875,0.23075741380826126,0.2852496564360971,-0.1544575392033019,0.25130970724191065,-0.0033939949194186484,0.09104744189489952,0.15633291226511564,0.2526344526344526,0.34323075001041103,0.3022089886496666,0.1889467279297788,0.005559025898008949,0.24090700870361886,0.26306583933702576,0.03230796281643739,0.044092320363506805,-0.06556078420485201,0.004417514587006112,-0.12470606199419759,-0.13901914240897292,-0.18560409407867035,-0.2020558308693902,-0.17760055895649116,-0.2602358907443653,-0.2473886829819033,-0.4202913236811542,-0.41157798784917426,-0.3651869126445398,-0.2809131165063368,-0.1632837768430989,-0.06804740025079008,-0.17553501112823147,0.08089136902696224,0.14189628765899953,0.4984443611562256,0.11420434301790235,-0.22689931842474215,-0.08877922606736166,0.5209835413225243,0.2432640652979636,0.2670821823364196,0.23374005746887103,0.184845245862195,0.2811426218205879,-0.1416362433311586,-0.021712775950064087,0.10632250123775548,0.0879713303442117,-0.00667231175705752,-0.06538263995891115,0.17174724801843447,0.1378003581393412,0.046804740025079006,0.23139688224433988,-0.09033902932208017,0.28062068231559756,0.3824349773502316,0.2402707792538301,-0.043433418009689195,0.03733301868895089,0.24827894149928048,0.26086194052295747,0.15155957189855496,0.14212903195954044,-0.08094689450621655,-0.09476070832003035,-0.05152810746031085,-0.3309804411499327,-0.18407621797452306,-0.3601165109639686,-0.26314450043263604,-0.11391005797785458,-0.13710258795004557,-0.22663094527501307,0.1808367689723622,-0.0939407820763753,0.0036688460417273975,0.021118653322043154,0.008278386244487939,0.12144764178662484,0.0033981593303627202,-0.038744291286664165,-0.10582878718471939
#101,-0.08845949184932236,-0.06736304871898093,-0.332531915582763,-0.13500233669725195,-0.3717819514429684,-0.36045429096276554,0.050359296122007985,-0.1516433228297635,0.11358338307490849,0.04004219936423326,-0.07782867613376088,-0.20722016315236655,-0.19373857678942424,-0.06270862542048983,1.0,0.4597509682255445,0.05037549105345716,-0.26067361660582,0.2800714427833072,-0.016783038816937122,0.5268826607809659,0.1494685748923037,0.02003174206564037,-0.10210811736235464,0.16801593581254598,-0.2857378179412078,-0.2947246167585151,-0.501534354076727,0.17080238944645723,-0.10140433191280648,-0.25022927395808753,-0.18836278497295447,-0.2388002794782456,-0.2826214504180606,0.007353887014903964,0.19856235279964093,0.17899748747206373,0.31355006778735595,0.29172207646783915,0.05819718023107854,-0.09877566318244284,0.1316620164077791,0.17838439363863093,0.2997774353706557,0.06616786277803227,0.14493815849748054,-0.2999199507674084,-0.17991597144139518,-0.2648773580976971,-0.2003993207383038,-0.19289597764174035,-0.09766561630968411,-0.273990940092635,-0.23084903084903086,0.033622528537782775,-0.06912875895926743,-0.023784339038576328,-0.04307435324384477,-0.12050741033791881,-0.1405488693624287,0.15758454910997283,0.22098261589787013,0.02708347793093556,0.04760014251539675,-0.4516118583915194,-0.3315310688192044,0.20569182433589214,-0.06050611474340288,0.4697450917789901,0.09740187028322622,0.18643743897981185,0.15383148942470976,0.2975851043647654,-0.11914796152084288,0.141428022783955,-0.07715219071151275,0.2916299967147425,0.0020465766228478094,0.3512407631051699,-0.07174771073076158,-0.1271834237935933,-0.20106238750306546,-0.065168404151455,-0.11216609521694268,-0.26867067375541953,0.0003896037794342879,0.004208368615148277,-0.34074228311516447,-0.08554949402407029,-0.1860941064330895,-0.1340926442621358,-0.05319849896121082,-0.2837203921949685,-0.08579519426977054,-0.11016810338844236,0.04948245626211728,-0.2792219029507165,-0.1746156017342458,-0.30921121429596005,-0.24091348667619855,-0.238040505837116,-0.29057316175960246,-0.4305940763567882,-0.16533035346594668,-0.2808298282874554,-0.24812023117107862,-0.2666463073242734,0.15307356663288868,0.050602682806072635,0.020841951350425925,-0.02891119162305603
#102,0.008516683092954279,0.21654844366708773,-0.08613204884391325,-0.04954631056325971,-0.22072858683028174,-0.3051948712965662,0.10485385231147944,0.033554509825696265,-0.08095383519112333,0.05456026133992236,-0.026856286178320078,-0.12679243187717765,-0.24232337113693045,-0.18501506128624773,0.4597509682255445,1.0,0.027608656422215744,-0.09780674356945543,0.3225637039196361,0.34464664973139547,0.458886621598486,0.49367564791293606,-0.10390668017786663,0.17499502584248347,-0.18425297408348257,0.015892317587232842,-0.35745730322001507,-0.2250840979654539,0.13018041153634374,-0.035740825571334046,-0.27576729271644523,-0.09918979071521444,-0.2972177107770328,-0.3661544441205458,-0.07420841488638098,0.15080349995604234,-0.04617406312321567,0.2187565068921001,-0.04765289172068833,0.0922819583836533,0.19253830101287728,0.20014390353373404,0.039467510653951335,0.222800149918794,-0.06743569455433862,0.08424510797392153,-0.31519686095957283,-0.31638464350328754,-0.3167293641869913,-0.2504088063410097,-0.24223684393175918,-0.22697242697242698,-0.30578251595200745,-0.16265032366727283,-0.11452453994826876,0.10031279353313252,-0.18393601613940597,0.03786652600211922,-0.18584655533808075,0.016849669392042275,-0.18278247430789804,-0.21560404780743764,-0.040143533363872344,0.10050158016259711,-0.249112286400422,-0.11778434829282287,-0.20656866419578285,0.1650814142339566,0.17691713284933624,0.3918391426866003,-0.00982153185543016,0.15015246371178576,0.15765071697275088,-0.17588991148313182,0.032907175280056634,-0.1368420809098775,-0.014741552029687624,-0.1782742681047766,0.07627350000231356,0.26889832822036214,0.009721585992772433,-0.12844107589870302,0.014850289426560612,-0.04586404586404586,-0.14651230583433975,-0.1674523521981149,-0.19055233970488208,-0.07178010059365991,0.03349019281222671,-0.0023510413340921818,-0.13176982837999787,-0.10304742338640643,-0.26596103036781005,-0.11778064659420591,-0.12206027290773054,-0.03915564254547305,0.2312261413956329,-0.08048695845306014,-0.23204838120092358,-0.3678401051282407,-0.29847952729308663,-0.2002128476704748,-0.37880453643165507,-0.21968517053262815,-0.3983518186908017,-0.400683888819482,-0.4121156595732867,-0.24027170467848433,-0.12858405400778283,-0.021427745156558715,-0.13477283138300086
#201,0.383298861264963,0.18534543788781077,0.5443389460338612,0.28760254861949774,-0.01423534474381932,0.12147910622486893,-0.04029298944553182,0.18487532216345776,0.2194561279307042,0.4487740436892979,0.3618308601359449,0.05665866174340751,0.05990690227978364,-0.04024671821281991,0.05037549105345716,0.027608656422215744,1.0,0.4824234095420536,0.06630297477755105,-0.17458460000832882,0.05324338205694138,-0.14617406312321565,0.1906865262797466,0.11713146119925781,0.182992082992083,-0.05944604080197301,0.20012123062970522,-0.008416737230296553,0.08628289306255409,-0.26985475460051733,0.2871842566757821,-0.15375560460306223,0.1140821869635429,-0.09698866817510886,-0.21188476612205426,-0.24768898328220362,-0.12402911385962233,-0.23259576988390548,0.009524470541419694,-0.23794981422100067,-0.09350490706422909,-0.13510598425852663,-0.29455572675911657,-0.2932902085444458,-0.22393055613394597,-0.3128138924749094,0.0908096077587603,0.041357227797905766,-0.023571028655774418,-0.12917771392347663,0.08769416566026736,-0.002752212921704447,0.1258956953872208,0.15226474548508448,0.19161704076958314,0.14738220500932364,-0.18338631389478846,-0.3070804240295766,-0.20107811972218753,-0.12407631051698849,-0.16523549743888727,-0.05647265138790562,-0.27066496388530287,-0.20175599328141702,0.18900873138161273,0.03937913259947158,-0.09429707056825701,-0.20575752948634304,0.26614518987400343,0.043658296200669085,0.35962325962325964,0.23532901160019803,0.10829458117593711,0.02090349208993277,-0.2184002184002184,-0.03438692930218354,-0.14350004858479434,-0.09438082149946557,0.028012141571463606,-0.021573962251928355,-0.01513670835704734,-0.2657375403138115,0.0167413947074964,-0.05348908230264163,-0.09729081932471763,-0.19045331926687858,-0.15391015052032,-0.25036808765622326,-0.12294636701416363,-0.38004830716695126,-0.3940546093088466,-0.12531499141668634,-0.21457914000286882,-0.23890624060115587,-0.28505485454637997,0.7043541229981908,0.020811875049163184,0.4900692680353697,0.18143413058667296,0.14411082885659157,0.10691338487948658,0.5141784311275837,0.06129874095975791,0.34780882577492744,0.244792404114438,0.1400454383505231,0.09198674791895131,-0.11642304862643846,-0.1748724070757969,-0.01875835774140859,-0.12163365214212672
