,#10,#11,#12,#13,#17,#18,#26,#49,#50,#51,#52,#53,#54,#58,#101,#102,#201,#202,#301,#302,#401,#402,#501,#502,#601,#602,#701,#702,#801,#802,#901,#902,#1001,#1002,#1101,#1102,#1201,#1202,#1301,#1302,#1401,#1402,#1501,#1502,#1601,#1602,#1701,#1702,#1801,#1802,#1901,#1902,#2001,#2002,#2101,#2102,#2201,#2202,#2301,#2302,#2401,#2402,#2501,#2502,#2601,#2602,#2701,#2702,#2801,#2802,#2901,#2902,#3001,#3002,#3101,#3102,#3201,#3202,#3301,#3302,#3401,#3402,#3455,#3501,#3502,#3601,#3602,#3701,#3702,#3801,#3802,#3901,#3902,#4001,#4002,#4101,#4102,#4201,#4202,#4301,#4302,#4401,#4402,#4501,#4502,#4601,#4602,#4701,#4702,#4801,#4802
#10,1.0,0.27377849536770077,0.6545188943989544,0.5475877445892439,-0.12171606504440087,0.04850651597278284,0.2629608272786684,0.7309191558067121,0.13078076346442163,0.5826855802867796,0.6380578941298581,0.148149002421866,0.09997309037788799,-0.28131318955906665,-0.00977203705839388,0.064513896897705,0.4793141890593165,0.36367201014877176,0.26302233498635297,0.09142351900972591,0.08527274824126398,0.225179717833391,-0.23489793564756084,-0.004136393341790643,-0.08192826663591281,-0.06389881982085881,-0.05747895283127667,-0.16734709568292777,0.021074078345442664,-0.34034521200937995,-0.09119286510590859,-0.5263368315842079,-0.06289163110752316,-0.5493791565755584,-0.3696843885749433,-0.5990927613116519,-0.5406450620843425,-0.3876446392188521,-0.25717141429285356,-0.4000384423173029,-0.2882712489908892,-0.6013916118863645,-0.38980509745127434,-0.30903010033444817,-0.10615461500019222,-0.028916311075231616,-0.36031984007996004,-0.4297543535924346,-0.029385307346326838,0.1542382654826433,0.04289393764656133,0.20957213700841887,0.11101372390727714,0.23492868950140314,-0.16537884903701996,-0.4555799023565141,-0.14340522046668974,-0.014446622842424942,-0.21773728520355207,-0.25777880290623917,-0.03529773574751086,0.0074347441663783495,-0.08134394341290893,-0.2442701726060047,0.18171683389074694,0.23660477453580903,-0.1522008226655903,-0.14614231345865528,0.34166762772459924,-0.109014723407527,0.5742052050897628,0.24951370468611847,0.03452120093799254,-0.06789682082035906,-0.0682889324568485,0.040641217852612155,-0.0724407027255603,-0.41485411140583556,0.15719063545150502,-0.08663360627378619,-0.05641025641025641,-0.32880482835505326,0.004935993541690693,0.1929881213239534,0.13756967670011147,-0.0028524199438742168,-0.10540114558105562,-0.047591588820974126,-0.417337485103602,-0.16309537538922847,-0.26680505900895707,-0.2810133394841041,-0.11541152500672741,-0.20482835505324262,-0.07027255602967747,0.3467573905355015,-0.1679467958328528,0.036335678314688806,-0.17538922846269173,0.11970168761772959,0.11472725175873602,0.10660823434436628,-0.4669357628877869,0.2351824087956022,-0.0221504632299235,0.07691538845961635,-0.12498366201514627,-0.11100603544381656,-0.019144274016837735,-0.12689040095336948,-0.34519663245300425
#11,0.27377849536770077,1.0,0.287909891208242,0.4017683465959328,-0.006073886133856149,0.1736285703302195,0.2928843270672356,0.31570368661822934,0.3207626955752893,0.3453965325029793,0.2450543958789836,0.08990889170799216,0.07055702917771883,0.09825856302617922,-0.1466805059008957,0.08185138200130704,0.1505631799484873,0.11760273709299196,-0.09047783800407488,-0.06146926536731634,0.03465190481682236,0.06163841156344904,-0.07773036558643755,-0.11701841386998808,0.047514704186368356,-0.2901164802214278,0.05578749086994964,-0.059554837965632566,-0.15765194325913967,-0.1728751009110829,0.08095952023988005,-0.13121900588167454,-0.004197901049475262,-0.1658094029908123,-0.17122976973051934,-0.44026448314304384,-0.2872333064237112,-0.32284626917310577,-0.20539730134932535,-0.24969822780917234,-0.12796678583785032,-0.3468496520970284,-0.05834006073886134,-0.3209395302348826,0.16511744127936032,0.01666858878253181,-0.10513204935993542,-0.12300772690577788,-0.0012839733979164265,0.10858416945373467,-0.07104140237573521,0.05508015223157652,0.12250797678084036,0.21522315765194325,0.07588513435589897,-0.21852919693999154,-0.0680813439434129,-0.0565486487525468,-0.1593357167570061,-0.08935532233883059,-0.13794641140967978,-0.0402183523622804,-0.05307346326836582,0.0627763041556145,0.06920385960865721,0.12925075923576673,0.08089032406873486,0.3256218044823742,-0.028616461000269097,-0.18310844577711144,0.15016337984853728,0.005351170568561873,0.13162649444508515,0.1052396878483835,0.11019105831699536,0.19550224887556222,0.03172260023834237,-0.058516895398454616,0.06827355552992734,-0.2140237573520932,0.006112328451159036,0.027171029869680546,-0.029331488102102794,-0.11290508591857917,0.13503248375812094,-0.0728481912889709,-0.04815284665359628,-0.11162111252066274,-0.1308192057817245,0.02789374543497482,0.020420558951293584,0.0008534194441240918,0.03234536577864914,-0.1823780417483566,-0.09231538077115288,0.15478414638834428,-0.26961134817206783,0.012462999269595971,-0.08178987429362242,-0.0024141775266213047,0.11431976319532541,0.02022065890131857,-0.05347326336831584,0.03686618229346865,0.0022834736477914887,0.0285472648291239,0.021450813055010957,-0.031438127090301006,0.0212662899319571,-0.23084611540383654,-0.138415407680775
#12,0.6545188943989544,0.287909891208242,1.0,0.5268058278553032,-0.10747703071541152,0.3646100026909622,0.16295698304693806,0.5062238111713374,0.003521316264944451,0.5742205820166839,0.5593280282935456,0.04036443316803137,0.12084726867335563,-0.3018721408526506,-0.13489409141583056,-0.0011455810556260332,0.6495829008572637,0.6614308230500134,0.016207280974897167,-0.05241225541075616,-0.132902779379541,-0.0484526967285588,-0.2269480644293238,-0.17340560488986276,-0.02004382424172529,-0.20552800522815515,0.06418329296890017,0.007550071118287011,0.22988505747126436,-0.2112635989697459,0.138415407680775,-0.2056125783262215,0.22870872256179603,-0.4320839580209895,-0.42407257909506785,-0.44686118479221926,-0.521877522777073,-0.46751239764733016,-0.3145888594164456,-0.5083842694037597,-0.2449467573905355,-0.5186791219774728,-0.5108061353938416,-0.3144658440010764,-0.13111905585668704,-0.22385730211817167,-0.20337523545919348,-0.23819628647214855,0.12812824357052244,0.3037096836197286,0.13636258793680084,0.33734671125975474,0.2699573290277938,0.4025987006496752,-0.17326721254757238,-0.4201283973397916,-0.2361665321185561,-0.13415599892361513,-0.30763848844808367,-0.18163994925614116,-0.07035712912774382,-0.058770614692653676,-0.057778802906239185,-0.2489293814631146,0.36285703302195055,0.3225617960250644,-0.08742551801022566,-0.07503940337523546,0.2259639411063699,-0.07930650059585592,0.71771037558144,0.3351478107100296,0.02428016760850344,0.03361396224964441,-0.1862837811863299,0.01951332026294545,-0.06355283896513282,-0.2928535732133933,0.13652404566947296,-0.20025371929419905,0.005997001499250375,-0.14390497059162727,0.017183715834390496,0.14066812747472418,0.09968861722984662,-0.016845423442125092,-0.0032060892630607772,-0.0175912043978011,-0.2810748471917887,-0.023995694460462076,-0.2975435359243455,-0.32711336639372623,-0.2300080728866336,-0.16238034828739475,-0.10062660977203707,0.41097912582170454,-0.2887018029446815,0.2930457847999077,0.03342943912659055,0.2673509399146581,0.2813823857302118,0.3790258716795448,-0.13009649021643024,0.3536231884057971,0.2190827663091531,0.2982201207088763,-0.0006765847845308116,-0.14282089724368585,0.010594702648675663,-0.14495829008572636,-0.3177641948256641
#13,0.5475877445892439,0.4017683465959328,0.5268058278553032,1.0,-0.10848421942874717,0.22706339138123247,0.14507361703763502,0.32868950140314457,-0.054672663668165915,0.6418252412255411,0.2416791604197901,-0.06176911544227886,0.09623649713604736,-0.20882635605274286,-0.2613693153423288,-0.039172721331641874,0.34601160957982546,0.3522315765194326,-0.001430054203667397,-0.03304501595356168,-0.1585591819474878,0.12453773113443278,-0.4198593011186714,0.16374120631991695,-0.2063276054280552,0.09864298619920808,0.09716680121477722,0.21043324491600354,-0.007457809556760082,-0.09197708837888748,0.2043516703186868,-0.07562372659823934,0.3166339906969592,-0.1619651712605236,-0.16671664167916042,-0.39743974166762774,-0.3090531657248299,-0.2769384538499981,-0.13338715257755737,-0.10462461077153731,-0.07729212316918464,-0.3527928343520547,-0.26560565870910696,-0.17718064044900628,-0.2421635336178065,-0.029039326490600852,0.029123899588667203,0.07880675047091838,0.18736016607081074,0.31638027140276015,0.019382616384115633,0.2055741360089186,0.15862837811863298,0.25550301772190825,-0.004643831930188752,-0.07789951178257025,-0.35140891092915083,-0.07524699188867105,-0.11888671049090839,-0.22867028024449315,-0.32290777688079036,-0.2155537615807481,-0.2943451351247453,-0.22969284588474995,0.2967593126513666,0.18403874985584132,-0.2267789182331911,-0.13821550763079998,-0.03165340406719717,-0.44132549110060354,0.28850959135816706,-0.025364240956444854,-0.16717794948679507,-0.21141736823895743,-0.2053742359589436,-0.09466805059008956,-0.22580248337369777,-0.36996886172298465,0.0005305039787798408,-0.049813554761081,0.04352439165032868,-0.22537192941990544,-0.11878676046592089,-0.07271748741014109,-0.03680467458578403,-0.2597701149425287,-0.1990466305308884,-0.0651597278283935,-0.07527005727905278,-0.06574405105139738,-0.21729135432283858,-0.34783377541998234,-0.15829008572636757,-0.2108176680890324,-0.07839926190750779,0.11659554837965633,-0.011671087533156498,0.2437166032368431,0.2058201668396571,0.1999692461461577,0.287709991158267,0.17537385153577056,-0.04188674893322569,0.37442048206665896,0.26939607119517167,0.2818590704647676,0.2587167954484296,-0.4446930380963364,-0.22533348710260254,-0.31237458193979933,-0.38809825856302615
#17,-0.12171606504440087,-0.006073886133856149,-0.10747703071541152,-0.10848421942874717,1.0,0.2261638411563449,0.020266789682082037,-0.04201745281205551,-0.07010340983354477,-0.2472609848921693,-0.03319878522277323,0.22783992619075077,0.13736977665013647,0.3557144504670742,-0.015592203898050975,0.05351939414907931,-0.3028716411025257,-0.2513743128435782,-0.06256102717871834,0.18802137392842042,-0.2357282897013032,0.06946526736631684,-0.16170376350286395,0.21620728097489716,-0.20291392765155883,0.18985122823203782,-0.1505939338023296,0.04907546226886557,-0.01175566063122285,0.2714258255487641,-0.10296390266405259,0.07650789989620574,-0.057671164417791104,0.27085687925268137,0.12232345365778649,0.22431092146234574,0.19491023718909775,0.36071964017991004,-0.08684888325068235,0.3377003805789413,0.035982008995502246,0.2656210356360281,0.11659554837965633,0.21075616038134778,-0.12978126321454658,0.36038903625110524,0.13510936839272672,0.04603083073847691,-0.09250759235766733,-0.11262830123399839,-0.21663014646522893,-0.16460231422750163,-0.2547034175220082,-0.1796486372198516,-0.37051474262868567,0.19929266136162688,-0.26108484219428746,0.23864221735286203,0.057732672125475726,0.11118287010340984,-0.1921116364894476,-0.04084111790258717,0.27089532156998425,0.13660093030407874,-0.07996770845346557,0.0507669242301926,0.2854803367546996,0.3617960250643909,0.026963441356244955,0.1562142005920117,-0.16055049398377735,-0.019597893361011802,0.15354630377119133,0.29913504786068507,0.1780263714296698,0.05810171837158344,0.07855303117671933,0.12036289547533925,0.05312728251258986,0.27906046976511745,0.06229193095759812,0.4046053896128859,-0.10846884250182601,-0.05553377157575059,0.37698074039903123,0.058055587590819975,-0.07205627955253142,-0.08411179025871679,0.2534501979779341,0.07452427632337677,0.37337485103602047,0.020705032099334948,0.42348825587206396,-0.04547726136931534,-0.15466881943643562,-0.20104563103063852,0.16394110636989198,-0.051243608964748395,-0.0307922961596125,-0.12122400338292393,-0.05433437127590051,-0.2958136316457156,-0.0483143043862684,-0.15995848229731288,-0.07109522161995925,-0.0720332141621497,0.021750663129973476,-0.04782224272479145,-0.16081959020489756,-0.14970207204090263,-0.16966901164802214
#18,0.04850651597278284,0.1736285703302195,0.3646100026909622,0.22706339138123247,0.2261638411563449,1.0,0.13440971821781417,0.20133779264214047,-0.1319801637642717,0.167270211048322,0.17532003229154652,0.03477492023219159,0.39876215738284704,0.28112866643601275,-0.025956252642909315,0.02632529888901703,0.2766155383846538,0.3503402145081306,0.040648906316072736,-0.05228923999538692,-0.1884673048091339,-0.10194902548725637,0.028170530119555608,-0.12394571944796832,-0.027278668358128626,-0.022311920962595624,-0.054157536616307234,0.02173528620305232,0.3864683043093838,0.30713104985968553,-0.0556644754545804,0.1659401068696421,0.028439626340675817,-0.053634721100987964,-0.12401491561911351,0.08837119901587667,-0.04753008111328951,-0.01741436973820782,-0.22235036327989852,-0.105139737823396,-0.1820013070387883,0.010310229500634299,-0.13142659439511015,0.05178180140698881,-0.3082305001345481,-0.09780494368200515,-0.00257563525929343,0.0003844231730288702,-0.01916733940721947,-0.01824472379195018,-0.08909391458117095,-0.05844769922730942,-0.07188713335639872,-0.08689501403144581,-0.23148425787106447,-0.1735593741590743,-0.26755852842809363,-0.032529888901703,-0.29012416868488833,-0.31948641064083344,0.07786875792872794,0.14298235497635797,0.16086572098566101,0.09322261945950101,0.2441317802637143,0.00944912159304963,0.45180486679737053,0.019613270287932957,0.26428324299388767,-0.04172529120055357,0.386537500480529,0.19154269019336487,0.1255218544573867,0.34638834428939375,-0.009264598469995772,0.008218967439357244,0.12813593203398302,0.1948641064083343,0.17161419290354823,0.03505170491677238,-0.007696151924037981,0.2799215776727021,-0.12384576942298081,-0.047891438895936646,0.32436858493830006,0.21532310767693078,0.2821281666858878,-0.21309345327336332,0.1601968246645908,0.11019874678045592,0.048137469726675125,-0.05643332180063814,-0.12733633183408297,0.1151424287856072,-0.09964248644908315,0.35139353400222967,-0.048514204436243415,0.17879521777572752,-0.04319378772152385,0.029623649713604736,0.03193018875177796,0.10954522738630684,-0.013785414984815284,0.019267289432206975,0.23439818552262331,0.10032675969707454,-0.02105101295506093,0.09739745511859454,0.10785376542497982,-0.044485449582900856,-0.07161803713527852
#26,0.2629608272786684,0.2928843270672356,0.16295698304693806,0.14507361703763502,0.020266789682082037,0.13440971821781417,1.0,0.22690962211202093,-0.17801099450274863,0.4139468727174874,0.20131472725175872,-0.022811671087533156,0.22744781455426133,0.2485910890708492,0.06567485488025218,0.2861338561488487,0.053011955560681195,-0.04939837773420982,0.10567793026563642,0.17502018221658402,-0.022780917233690846,0.27539307269442204,-0.23509014723407526,0.05074385883981086,-0.2765770960673509,0.0385499557913351,-0.08988582631761043,-0.0435167031868681,-0.14901011032945066,-0.12556798523815016,-0.10848421942874717,-0.23954945604121017,-0.21152500672740554,-0.17000730404028755,-0.1621650713104986,-0.15342328835582209,-0.2902318071733364,0.025456502517971782,-0.3295044785299658,-0.0007842232729788951,-0.20522046668973207,-0.16504055664475453,0.02064352439165033,0.07402452619843924,-0.06233037327490101,0.3031407373236459,0.0006535193941490793,-0.09965786337600431,-0.055718294698804446,-0.042601776035059394,0.004897551224387806,-0.0359973859224234,-0.09595971245146658,-0.0782916234190597,-0.32200822665590284,-0.15598354668819436,-0.26918848268173606,0.0280705800945681,-0.22563333717756506,-0.15497635797485873,0.018613770038057895,0.01682235805174336,0.16826202283473649,0.04224041825241225,-0.004536193441740668,-0.10305616422557952,0.20641986698958215,0.3727213316418714,0.18752162380348286,-0.07703840387498559,0.08163610502441088,0.05035174720332142,0.09160035366931919,-0.0982662514896398,0.04971360473609349,0.05647176411794103,-0.016630146465228923,-0.1280744243262984,0.038542267327874524,0.15938953600123015,-0.13973013493253372,0.1117748817898743,-0.0798908238188598,-0.1604966747395533,0.1123515165494176,-0.026794295160112253,-0.03259908507284819,-0.08153615499942336,-0.068934763387537,-0.24782993118825203,-0.13748510360204513,-0.17931803329104679,0.0021835236228039826,-0.17618882866259178,-0.15595279283435207,0.06268404259408757,0.03477492023219159,0.010463998769845845,-0.08246645907815323,-0.053750048052896626,-0.053504017222158154,-0.17491254372813594,-0.3237535078614539,0.0212662899319571,-0.2103409833544766,-0.0598854418944374,-0.07282512589858917,-0.0002075885134355899,0.1605351170568562,-0.14070656979202706,-0.12005535693691616
#49,0.7309191558067121,0.31570368661822934,0.5062238111713374,0.32868950140314457,-0.04201745281205551,0.20133779264214047,0.22690962211202093,1.0,0.38733710068042904,0.4378041748356591,0.7339868527274824,0.41712220812670586,0.2995194710337139,-0.12226963441356245,0.23753507861453887,-0.02437242917003037,0.49246146157690385,0.27316341829085455,0.3167339407219467,-0.060177603505939335,0.2804443931880214,0.001868296620920309,0.07388613385614885,-0.3211240533579364,0.1102756314150617,-0.2829123899588667,-0.12609848921693,-0.44247876061969016,0.24161765271210547,-0.19556375658324684,-0.30747703071541155,-0.5799792411486564,-0.36442547956790833,-0.63968015992004,-0.30805366547495483,-0.46274555030177217,-0.3597816476377196,-0.3555837465882443,-0.31248990889170797,-0.3909429900434398,-0.4008841732979664,-0.3823549763579749,-0.11336639372621382,-0.3263829623649714,0.08875562218890555,-0.16361819090454774,-0.4774458924383962,-0.531411217468189,-0.2095952023988006,-0.09672855879752432,-0.06374505055164725,0.04839887748433475,-0.01430054203667397,0.06788913235689847,-0.1148348902471841,-0.5413754661130973,0.07121054857186791,-0.11641102525660246,-0.40016145773267214,-0.37235997385922426,0.10891477338253949,0.13936108868642602,0.15419213470187984,-0.0977203705839388,0.0765232768231269,0.08025218160150693,0.08988582631761043,-0.011063698919770883,0.4208972436858494,-0.006258409256910007,0.6001230154153693,0.4103179179640949,0.3904047976011994,0.21287817629646716,0.139906969592127,0.11568062122784761,0.23167646945757892,-0.0929919655556837,0.4942528735632184,-0.2042594087571599,0.047568523430592397,-0.19725521854457387,0.12515280821127897,0.3298658363126129,0.27782262714796446,0.24843731980163763,0.05417291354322839,0.11681851382001307,-0.27503171491177486,-0.034536577864913695,-0.14392034751854843,-0.03070003459808557,-0.17468957828777917,-0.1007496251874063,-0.14771076000461308,0.5778802906239188,-0.29606735093991465,-0.081797562757083,-0.4321377772652136,-0.03898819820858802,-0.07653096528658748,0.029585207396301848,-0.5353630876869258,0.04319378772152385,-0.15352323838080958,-0.12864337062238113,-0.37037635028639526,0.10106485218928997,0.09749740514358206,-0.04763771960173759,-0.23762734017606582
#50,0.13078076346442163,0.3207626955752893,0.003521316264944451,-0.054672663668165915,-0.07010340983354477,-0.1319801637642717,-0.17801099450274863,0.38733710068042904,1.0,-0.05760196824664591,0.259201168646446,0.18575327720755008,-0.152369968861723,-0.1318417714219813,0.17729596740091494,0.07878368508053665,-0.013439434129089302,-0.10582401107138738,0.2179679391073694,0.08221273978395417,0.27742282704801446,0.08068273555529927,0.33136508668742554,-0.10586245338869027,0.15065544151001423,-0.10876869257678853,-0.17969476800061507,-0.2808749471418137,-0.12788221273978395,-0.07396301849075462,-0.37095298504593854,-0.16499442586399107,-0.36364894475839005,-0.13143428285857073,0.03146888094414331,-0.09227693845385,0.1534155998923615,-0.035243916503286815,0.014208280475147042,-0.081797562757083,-0.1905124360896475,-0.06647445508015223,0.08034444316303387,-0.1398839042017453,0.31523469034713414,-0.005189712835889747,-0.2905470341752201,-0.24617691154422788,-0.21969784338599932,-0.26248414254411256,-0.16537884903701996,-0.2252104716872333,-0.21094068350440165,-0.17061469265367316,0.060669665167416294,-0.17781878291623418,0.3732825894744935,0.12848960135316956,-0.043716603236843114,0.017183715834390496,0.2305539537923346,0.20641217852612156,0.11590358666820436,0.0877484334755699,-0.24061046399876984,-0.10497059162726328,-0.10730788451927882,0.0349440664283243,0.21639180409795103,0.16577864913696996,0.1137431284357821,0.16221889055472263,0.3354245953946104,0.28047514704186366,0.3803252220043824,0.4347287894514281,0.2960289086226118,0.2509437588897859,0.2534040671971706,-0.058816745473417135,-0.035243916503286815,-0.1855072463768116,-0.12966593626263792,-0.0383116134240572,0.19225002883173797,0.13044247107215623,0.13873832314611925,-0.10110329450659286,-0.20474378195517626,-0.09646715103986468,0.1762810902241187,0.18817514319763196,0.1761503863452889,0.049475262368815595,0.06112328451159036,0.19518702187367853,-0.038680659670164916,-0.35186253027332487,-0.36943066928074425,-0.37806481374697265,-0.30076500211432744,-0.1442663283742744,-0.241917502787068,-0.22039749356091184,-0.29630569330719253,-0.38990504747626187,-0.347457040710414,0.3332410717718064,0.06752777457425134,0.053857686541344714,-0.0013454811056010456
#51,0.5826855802867796,0.3453965325029793,0.5742205820166839,0.6418252412255411,-0.2472609848921693,0.167270211048322,0.4139468727174874,0.4378041748356591,-0.05760196824664591,1.0,0.4621996693960712,-0.061430823050013454,0.18191673394072194,-0.21700688117479722,-0.15189328412716718,0.015592203898050975,0.5063237611963249,0.3201937492792066,0.039987698458463075,-0.01388536500980279,-0.0930919155806712,0.040072271556529426,-0.22707107984469305,-0.020566639757044553,-0.044808365048245105,-0.11751816399492561,0.12017068388882482,-0.023111521162495676,0.09890439395686772,-0.1520316764694576,0.10489370699265751,-0.11648790989120825,0.08779456425633338,-0.2662438011763349,-0.29705147426286854,-0.35980471302810135,-0.3768346595932803,-0.35690616230346367,-0.2987506246876562,-0.2924153307961404,-0.14881789874293622,-0.32596778533810017,-0.1971091377388229,-0.11611886364510053,-0.02507207934494291,-0.10231038326990351,-0.14815669088532657,-0.1648175912043978,0.10529350709260754,0.23884980586629762,0.16646292238496135,0.1989466805059009,0.22587167954484297,0.2311075231614962,-0.03479029715911275,-0.38355437665782494,-0.15699842386499058,-0.10620843424441626,-0.09453734671125975,-0.19922346519048167,-0.12261561526928844,-0.11215930496290316,-0.1410986814285165,-0.2684273247991389,0.3530157997924115,0.3166109253065775,-0.18313151116749318,-0.12777457425133587,0.020566639757044553,-0.26143082305001347,0.3648560335217007,0.081251681851382,-0.13357167570061124,-0.16762388036750855,-0.28528812516818514,-0.10341752200822665,-0.1905124360896475,-0.3658862876254181,0.030392496059662478,-0.09825087456271864,-0.0016068888632606775,-0.2608772536808519,0.02458001768346596,0.09583669703609733,-0.02341905970091877,0.01130972975050936,-0.049875062468765614,-0.05474954830277169,-0.08825587206396801,-0.06372198516126552,-0.2363049244608465,-0.2452542959289586,-0.29208472686733555,-0.17562757082996963,0.0032522200438242417,0.25364240956444856,-0.13678545342713258,0.23404451620343675,0.04942913158805213,0.16514819513320264,0.1403913427901434,0.21748356590935303,-0.18750624687656173,0.3206858109406835,0.13047322492599853,0.1544766078499212,0.020835735978164762,-0.24902164302464153,0.02973128820205282,-0.09952715949717449,-0.23455964325529544
#52,0.6380578941298581,0.2450543958789836,0.5593280282935456,0.2416791604197901,-0.03319878522277323,0.17532003229154652,0.20131472725175872,0.7339868527274824,0.259201168646446,0.4621996693960712,1.0,0.2083342943912659,0.1300734248260485,-0.17751893284127168,0.19834698035597587,0.06203052319993849,0.4497520470533964,0.4033675469957329,0.2862491831007573,0.009718217814169839,0.16161150194133703,-0.019613270287932957,0.04190212586014685,-0.24462384192519124,0.1404144081805251,-0.19697843385999309,-0.260239111213624,-0.44411640333679314,0.3168108253565525,-0.10924537731134433,-0.1621343174566563,-0.4434936377964864,-0.22543343712759006,-0.5149502171990927,-0.2856033521700688,-0.29759735516856956,-0.31984776842348056,-0.22360358282397264,-0.3316880021527698,-0.3685388075193173,-0.32768231268980896,-0.2654672663668166,-0.14116018913620113,-0.19285741744512358,0.11797947180256026,-0.11532695190866106,-0.5657094529658248,-0.6145773267212548,-0.2541421596893861,-0.07228693345634875,0.0657363625879368,0.05703302195056318,0.04285549532925845,0.08482681736055049,-0.17895667550839964,-0.46233806173836156,0.005281974397416676,-0.08165148195133203,-0.1753969169261523,-0.2554491984776842,-0.04289393764656133,-0.025064390881482337,0.1334409718217814,-0.15718294698804444,0.08371199015876676,0.2254872563718141,-0.0014608080575097067,-0.03381386229961942,0.4810440933379464,0.12772075500711183,0.641371621881367,0.38546880405950873,0.18147849152346904,0.06337600430553954,-0.06173836158843655,-0.015707530849959635,0.1138815207780725,-0.22134317456656288,0.34268250490139546,-0.12004766847345558,0.032852804367047246,-0.21452350747703072,0.3717987160266021,0.27237919501787566,0.1774728020605082,0.11651097528158998,-0.028800984123322954,0.1025179717833391,-0.21004882174297468,-0.08777918732941221,-0.18180909545227386,0.03457502018221659,-0.19225771729519855,0.007619267289432207,0.062061277053780804,0.5350094183677392,-0.1612424556952293,-0.06429861992080883,-0.4333141121746819,-0.04217122208126706,-0.007826855802867797,0.15802098950524737,-0.37113750816899244,0.06781993618575327,-0.08665667166416792,-0.0937761888286626,-0.3307500096105793,-0.0915619113520163,0.11479644792988121,0.07709222311920963,-0.08808672586783531
#53,0.148149002421866,0.08990889170799216,0.04036443316803137,-0.06176911544227886,0.22783992619075077,0.03477492023219159,-0.022811671087533156,0.41712220812670586,0.18575327720755008,-0.061430823050013454,0.2083342943912659,1.0,0.44044900626609773,0.14550417099142737,0.2799215776727021,-0.14465075154730328,0.07760735017106832,-0.1021796793910737,0.0033444816053511705,-0.11435051704916772,0.20118402337292893,-0.1536231884057971,0.16617844923692,-0.06911159804713028,0.16316457156037367,-0.19997693460961827,-0.1984315534540422,-0.3694383577442048,0.36602467996770843,0.017452812055510705,-0.25617960250643906,-0.24187137200630454,-0.2311075231614962,-0.10825356552492985,0.07307115672932764,-0.16602467996770845,0.10042670972206205,-0.03433667781493868,0.08416560950294084,-0.02707107984469304,-0.04782224272479145,-0.040341367777649635,0.13918425402683274,-0.21341636873870756,0.19274209049321492,-0.009848921692999654,-0.36333371775650636,-0.29150040364433166,-0.394887171798716,-0.2391265905508784,-0.21181716833890746,-0.11614961749894284,-0.16617844923692,-0.02249644408564948,-0.030254103717372083,-0.17137585053627033,-0.04736862338061738,-0.15888209741283205,-0.23675085534155998,-0.17917964094875638,0.12356898473840003,0.19652481451581902,0.4045977011494253,0.012601391611886364,-0.10633913812324607,-0.10946065428824049,0.460492830507823,0.17742667127974474,0.11133663937262138,0.11833314112174682,0.13920731941721448,0.311198247030331,0.3755353092684427,0.24642294237496637,0.17339791642640218,-0.017829546765079,0.20911082920078422,0.13408680275246992,0.5295352323838081,-0.09942720947218699,0.3766193826163841,0.03163033867681544,0.2890554722638681,0.6149771268212048,0.45784031061392383,0.48544958290085727,0.17748817898742936,0.12329988851727983,-0.09525237381309345,0.4044439318802137,0.17967170261023335,0.35116288009841234,0.06819667089532157,0.08811747972167762,0.031199784723023104,0.24527736131934033,-0.2502748625687156,-0.08415023257601968,-0.2949294583477492,-0.12592165455733673,-0.1225617960250644,-0.19198093261061777,-0.1956098873640103,-0.13064237112213123,-0.13319494099104295,-0.14496597854918694,-0.17507400146080807,0.12634452004766847,0.09245377311344327,-0.019121208626456002,-0.011040633529389152
#54,0.09997309037788799,0.07055702917771883,0.12084726867335563,0.09623649713604736,0.13736977665013647,0.39876215738284704,0.22744781455426133,0.2995194710337139,-0.152369968861723,0.18191673394072194,0.1300734248260485,0.44044900626609773,1.0,0.4075885134355899,0.01995925114365894,-0.25829392995809786,0.27572367662322683,0.04330142620997194,-0.22168915542228887,-0.16184215584515435,-0.0418175527620805,-0.30506285318879023,-0.05825548764079499,-0.18995117825702534,0.08298158613001191,-0.294660362126629,0.10637758044054896,-0.09343789643639719,0.465059777803406,0.21413908430400186,0.02298081728366586,-0.008357359781647637,-0.10873025025948564,-0.19736285703302195,-0.08671817937185254,-0.09947334025295045,-0.2132318456156537,-0.14554261330873025,-0.25906277630415564,-0.2757159881597663,-0.13631645715603738,-0.08654134471225926,-0.10815361549994233,-0.1620881866758928,-0.08024449313804637,-0.10720793449429132,-0.07693845384999808,-0.11214392803598201,0.01756045054395879,0.12642909314573483,0.14078345442663284,0.23835774420482067,0.1276592472994272,0.15225464190981433,-0.1800868796371045,-0.28538038672971205,-0.22468765617191405,-0.27636181909045476,-0.259201168646446,-0.2907699996155768,0.014315918963595126,0.11941721446968823,0.39433360242955445,0.08657209856610157,0.2777457425133587,0.00030753853842309614,0.6944989043939569,0.22264252489140046,-0.044593088071348944,-0.05705608734094491,0.15350786145388845,0.038865182793218774,0.21601506938838272,0.24466228424249414,-0.038511513474032213,-0.11859454887940644,-0.010625456502517972,-0.05444969822780917,0.4970745396532503,-0.12812824357052244,0.16054280552031677,0.23232998885172798,0.27397839541767577,0.3356552492984277,0.3550609310729251,0.36446392188521126,0.22091262061277053,0.3004728405028255,0.0877484334755699,0.26511359704763005,-0.004689962710952216,0.0034367431668780994,-0.02691731057548149,-0.1145965478799062,-0.24176373351785646,0.28139776265713295,-0.328881712989659,0.2168684888325068,-0.042463383692769,0.2562334217506631,0.20552031676469457,0.008741782954676508,-0.0844193287971399,0.10297927959097375,0.1764963672010149,0.19635566831968632,-0.03653557836466382,0.011863299119670934,0.08412716718563795,-0.21839080459770116,-0.23897282128166686
#58,-0.28131318955906665,0.09825856302617922,-0.3018721408526506,-0.20882635605274286,0.3557144504670742,0.28112866643601275,0.2485910890708492,-0.12226963441356245,-0.1318417714219813,-0.21700688117479722,-0.17751893284127168,0.14550417099142737,0.4075885134355899,1.0,-0.1206166147695383,-0.14028370430169532,-0.30643908814823356,-0.18556875408449622,-0.3008495752123938,0.009572137008418868,-0.2542036673970707,-0.2265713297197555,-0.16936147310959904,-0.048083650482451085,-0.196870795371545,0.02306539038173221,0.02208895552223888,0.12509898896705493,0.06969592127013416,0.5425594894860262,0.1375312343828086,0.25816322607926806,0.020120708876331064,0.2736554799523315,0.1389536001230154,0.2871256679352631,0.13584746088494215,0.32097797255218546,-0.15456118094798754,0.18231653404067197,-0.016860800369046247,0.27796101949025487,-0.023411371237458192,0.15167800715027102,-0.17227540076115788,0.19145042863183792,0.24884480836504824,0.18017145273517088,0.07344789143889593,0.05623342175066313,0.10190289470649291,0.06541344712259255,0.026794295160112253,-0.029900434398185523,-0.30234113712374583,0.035982008995502246,-0.3303809633644716,-0.04632299234997886,0.023618959750893783,0.04764540806519817,0.026463691231307422,0.14589628262791682,0.30062660977203703,0.2674124476223427,0.02419559451043709,-0.14318994348979355,0.6307538538423096,0.34432014761849844,-0.20402875485334257,-0.06669742052050898,-0.17330565486487526,-0.24547726136931533,-0.04223272978895168,0.1465190481682236,-0.05002883173797717,-0.12870487833006575,-0.12309998846730481,0.13663937262138162,-0.016307230999884674,0.17917195248529583,0.045815553761580745,0.4670510898396955,-0.14545035174720333,0.011571137508168992,0.27134125245069773,0.1415830546265329,0.24728405028255104,0.16972283089224618,0.3868604159458732,0.2803290662361127,0.1659016645523392,0.06160765770960674,0.2269480644293238,-0.028770230269480643,-0.1130972975050936,-0.21410064198669895,0.08865567216391804,0.13543228385807096,0.09114673432514513,-0.033583208395802096,0.11547303271441202,-0.08047514704186369,0.1770730019605582,-0.05807096451774113,0.12293084227117211,0.06775074001460808,0.12450697728059047,0.05408065198170146,0.03840387498558413,0.026371429669780493,0.1303117671933264
#101,-0.00977203705839388,-0.1466805059008957,-0.13489409141583056,-0.2613693153423288,-0.015592203898050975,-0.025956252642909315,0.06567485488025218,0.23753507861453887,0.17729596740091494,-0.15189328412716718,0.19834698035597587,0.2799215776727021,0.01995925114365894,-0.1206166147695383,1.0,0.3565140506669742,-0.09848152846653596,-0.22346519048168223,0.579133510167993,0.10516280321377773,0.7110598546880406,0.2328989351478107,0.528043670472456,-0.14006073886133857,0.11759504862953139,-0.09185407296351825,-0.4763464421635336,-0.6762464921385462,0.15019413370237958,-0.21732979664014146,-0.5725983162265021,-0.5209549071618037,-0.523515165494176,-0.21754507361703765,0.16136547111059854,0.0687656171914043,0.3347787644639219,0.1530465536462538,0.36184215584515433,0.031922500288317376,-0.15826702033598586,0.05104370891477338,0.3484719178872102,0.01738361588436551,0.32742859339560987,0.15150886095413832,-0.48004459308807135,-0.4592934302079729,-0.6299311882520279,-0.6807365547995233,-0.35892053973013494,-0.4595625264290931,-0.3939184254026833,-0.4336831584207896,0.24141775266213047,-0.059793180332910464,0.37113750816899244,-0.01765271210548572,-0.40366739707069543,-0.2503671241302426,0.11269749740514358,-0.017937185253527083,0.39185022873178793,0.22098181678391574,-0.48413485564909853,-0.18503825010571637,0.21353169569061622,0.1416830046515204,0.5918502287317879,0.45632568331219003,0.13726982662514897,0.32420712720562794,0.6095490716180372,0.04880636604774536,0.4869411448122093,0.264021835236228,0.48711029100834197,0.20735785953177258,0.3249375312343828,0.02617152961980548,-0.09648252796678584,-0.11135970476300311,0.40036135778264714,0.14312074731864838,-0.05973167262522585,0.10593933802329604,-0.16005843232230038,-0.0026063891131357397,-0.2857033021950563,-0.18953600123015416,-0.019413370237957944,0.19823934186752779,-0.1376234959443355,0.06112328451159036,-0.13485564909852765,0.16178064813746973,-0.019597893361011802,-0.5374235958943605,-0.6230269480644294,-0.5073001960558182,-0.491731057548149,-0.2870718486910391,-0.3963479798562257,-0.4205128205128205,-0.5068158228578019,-0.49249221543074617,-0.5247145657940261,0.061484642294237495,0.40079191173643947,0.08090570099565601,0.0969053934571176
#102,0.064513896897705,0.08185138200130704,-0.0011455810556260332,-0.039172721331641874,0.05351939414907931,0.02632529888901703,0.2861338561488487,-0.02437242917003037,0.07878368508053665,0.015592203898050975,0.06203052319993849,-0.14465075154730328,-0.25829392995809786,-0.14028370430169532,0.3565140506669742,1.0,-0.36535578364663823,-0.19967708453465574,0.5465882443393688,0.8199746280705801,0.3030561642255795,0.7391227463191481,0.06601314727251759,0.20295236996886173,-0.36908468842501824,0.29750509360704264,-0.6439472571406605,-0.40868796371045246,-0.3698612232345366,-0.13611655710606235,-0.4992426863491331,-0.31084457771114443,-0.4452927382462615,-0.02579479491023719,-0.12003229154653443,0.07632337677315189,0.06139238073271057,0.45813247222542575,-0.09153115749817399,0.2175988928612617,0.01403913427901434,0.15942028985507245,0.11441202475685235,0.5276208049821243,0.013485564909852766,0.5867989082381886,-0.36987660016145774,-0.3627417060700419,-0.5700149925037481,-0.5045784799907739,-0.41298581478491525,-0.40141467727674623,-0.54234421250913,-0.35734440472071655,-0.14351285895513782,0.21313958405412678,0.07965248145158191,0.6088801752969669,-0.14350517049167724,-0.0184753776957675,-0.002798600699650175,-0.12560642755545304,0.27480106100795754,0.1655633721600738,-0.45691769499865453,-0.018275477645792487,0.023642025141275516,0.10131857148348902,0.5339253450197978,0.5173105754814901,-0.015622957751893284,0.10024987506246877,0.38837504324760697,0.10821512320762695,0.527136431784108,0.5761273209549072,0.4035059393380233,0.15819013570138007,-0.2395033252604467,0.443755045554146,-0.15040941067927574,0.048544958290085725,-0.04806058509206935,-0.20538961288586477,0.1715834390497059,-0.2534040671971706,-0.25827086456771614,-0.3656171914042978,-0.16066582093568602,-0.2505977780340599,0.217283665859378,-0.05340406719717065,0.16303386768154385,-0.14202898550724638,-0.09396071195171644,-0.27164110252566026,0.3745050551647253,-0.617829546765079,-0.3976934609618268,-0.5851689539845462,-0.5228155153192634,-0.42737861838311614,-0.3912582170453235,-0.40713489409141584,-0.5857994079883135,-0.58668358128628,-0.5811171337408219,0.13984546188444238,0.17976396417176027,-0.13209549071618037,-0.1625725598739092
#201,0.4793141890593165,0.1505631799484873,0.6495829008572637,0.34601160957982546,-0.3028716411025257,0.2766155383846538,0.053011955560681195,0.49246146157690385,-0.013439434129089302,0.5063237611963249,0.4497520470533964,0.07760735017106832,0.27572367662322683,-0.30643908814823356,-0.09848152846653596,-0.36535578364663823,1.0,0.599507938338523,-0.013554761080997962,-0.4364817591204398,-0.07940645062084342,-0.2764617691154423,0.042324991350478604,-0.32472225425748663,0.34758774458924385,-0.3544304770691577,0.3539230384807596,0.0028062891631107523,0.4651904816822358,-0.19446430630838427,0.17322877023026947,-0.10311767193326414,0.17675008649521393,-0.4171529619805482,-0.2860031522700188,-0.32852804367047245,-0.39457963326029294,-0.5642947756890785,-0.16446392188521125,-0.49898896705493406,-0.18012532195440742,-0.3769346096182678,-0.309706685118979,-0.3764886787375543,-0.023588205897051476,-0.5156575558374659,-0.07952946603621266,-0.1312343828085957,0.26412178526121555,0.308614923307577,0.22932379963864222,0.2554261330873025,0.397616576327221,0.28122092799753967,0.07000345980855725,-0.5153346403721216,-0.08024449313804637,-0.37021489255372314,-0.23088455772113944,-0.3363318340829585,0.009718217814169839,0.02910852266174605,-0.23857302118171683,-0.30560873409449124,0.4489908891707992,0.09126974974051436,-0.1290893015030946,-0.24844500826509822,0.005435743666628225,-0.30028831737977163,0.528374274401261,0.2423941875216238,0.0074347441663783495,0.028455003267596972,-0.277576596317226,-0.19762426479068157,-0.04367816091954023,-0.2179679391073694,0.3015876677046092,-0.4284011840233729,-0.03569753584746088,-0.12123938030984507,0.07896051974012994,0.06980355975858225,-0.06562872409948872,0.10084188674893323,0.09217698842886249,0.1545073617037635,-0.14922538730634682,-0.029838926690500905,-0.32479145042863183,-0.20882635605274286,-0.5473801560758083,-0.06915772882789374,-0.0834967131818706,0.6927766885787875,-0.42423403682773997,0.4616768538807519,-0.013554761080997962,0.4355898973590128,0.2893937646561335,0.5234459693230308,-0.0742398031753354,0.44134855649098526,0.3395456118094799,0.4066735862837812,0.06973436358743705,-0.0854034521200938,0.04899857763425979,-0.08950140314458156,-0.227763041556145
