,#10,#11,#12,#13,#17,#18,#26,#49,#50,#51,#52,#53,#54,#58,#101,#102,#201,#202,#301,#302,#401,#402,#501,#502,#601,#602,#701,#702,#801,#802,#901,#902,#1001,#1002,#1101,#1102,#1201,#1202,#1301,#1302,#1401,#1402,#1501,#1502,#1601,#1602,#1701,#1702,#1801,#1802,#1901,#1902,#2001,#2002,#2101,#2102,#2201,#2202,#2301,#2302,#2401,#2402,#2501,#2502,#2601,#2602,#2701,#2702,#2801,#2802,#2901,#2902,#3001,#3002,#3101,#3102,#3201,#3202,#3301,#3302,#3401,#3402,#3455,#3501,#3502,#3601,#3602,#3701,#3702,#3801,#3802,#3901,#3902,#4001,#4002,#4101,#4102,#4201,#4202,#4301,#4302,#4401,#4402,#4501,#4502,#4601,#4602,#4701,#4702,#4801,#4802
#10,1.0,0.4514920092939603,0.380838738833325,0.5388132397850885,0.16571368576736797,0.22361469322170843,0.35222648778684146,0.5601884355014676,0.11253086955132448,0.49397764154345475,0.40340626383709094,0.3450615565101088,0.14691121894215012,-0.05199687766756289,0.09936959925502244,0.19767377103808423,0.27359027146945913,0.15196629341708245,0.2341000698416466,0.042055626817366375,-0.11849342895096021,0.051715685155682964,0.15458193155518632,0.165963837547417,0.1168318368353061,0.16329524757266042,-0.29852510875668176,-0.09033948518033295,-0.03606659149940429,-0.14411207530116357,-0.4129092925908512,-0.41526382339649515,-0.344288277102439,-0.33044045885505346,-0.07664321874129833,-0.15582356082842236,-0.3232371831448826,-0.3728183615058407,-0.11747273665134411,-0.18550671712307193,0.3004788489366267,-0.06010763830243716,-0.06277348938909101,-0.2660711106647738,0.25049779291267055,-0.41246376679280766,-0.43198017045013626,-0.39727024152428253,-0.45394148822049873,-0.4397814367294024,-0.42166916970607166,-0.2693897300825775,-0.36684302062839225,0.04512957223132649,0.033178890476429586,0.08152026548955342,-0.15265649321896954,-0.1785426376405392,0.3027329538451707,-0.008605586418766862,0.0035258619509099956,-0.04947710061305445,-0.137176297662359,-0.10660939347322965,-0.20918440477114308,-0.032408349956862516,-0.07945788274820033,-0.04436359652526396,0.15988807077286857,-0.016982932162306508,0.3636038289655676,-0.026295151711576824,-0.05470837688926219,-0.040247960669566846,-0.26176557856728766,-0.15288747278229947,-0.3205229450350806,-0.35119118808401084,0.14490087507474883,0.04986419679823981,-0.008782701182743179,-0.01682955442855382,0.0608964380760224,0.26101421026443966,0.1888527254219029,-0.09192895324261527,-0.2208274180958337,0.33362122090501994,-0.022675254602473216,0.26224397102256386,-0.12523018072096664,0.25235293312091733,0.12844015757736219,-0.0759091967297676,-0.06938425230637202,-0.0144558514061908,0.024062957907854676,-0.1931226519740536,0.02944487302971237,-0.18615674656611905,-0.12513888445087576,0.07912099951156495,-0.25398896228094603,-0.01491050683124341,0.03500025106474275,-0.2955397207247098,-0.1999269629839273,-0.2664609457380619,-0.17986917244495976,0.11861028817667654,0.11341461744580425
#11,0.4514920092939603,1.0,0.2511514742065213,0.29148981818347813,-0.09589851506616698,0.1793679559221608,0.28292440212355124,0.23991838113453876,0.3241355384425769,0.4347765752030201,0.3716881136821155,0.23763962623307025,-0.0758361597136949,-0.046655132904545184,0.17201860617984452,0.19900395769330845,0.1435487773147028,0.06216089141678117,0.27145667763743514,0.09143412745872267,-0.08194753203357877,0.23051851716598118,0.0376241058671548,0.09422961924890559,-0.057453655730895115,0.0353563065180972,-0.09387812860905567,0.01253497788347857,-0.1078418931194566,-0.11815563275162393,-0.2908973053905883,-0.30562887153245355,-0.26496642579667407,-0.24709609388908416,-0.16027607992075485,-0.29693655365710037,-0.22477506881456358,-0.28649043443330124,-0.1472289299620664,-0.031957346382613536,-0.00425531914893617,-0.1445795122040289,-0.1980197839017287,-0.08766267854126819,0.052487138637950945,-0.2326429813709961,-0.18606818918413087,-0.23960979974163155,-0.22806173453783546,-0.3130348249622262,-0.324545458695285,-0.12421314027215419,-0.2192096481898232,0.11011151839391602,0.1967206379783354,0.11444170048432671,0.0090940214637531,0.018991450104305987,0.09850137172645812,-0.11128193657648117,0.2713124295306915,0.12122683927748132,-0.14325206443690744,-0.10580324740832714,0.11484431703542752,0.1342803799750761,-0.1475594224597954,-0.01033473777428823,0.2024750418821639,0.06427257414398335,0.2684840710832759,0.029029475000798843,-0.2121351002204805,-0.1947824181643059,-0.14121341872577794,-0.06663349568853365,-0.25306504402762625,-0.07336842153313826,0.20849876978276052,-0.15075296598757457,0.07461644154528067,-0.05895365344848836,0.004549293138628821,0.03704072270127404,-0.03713201897136492,-0.10379746835443038,-0.06093113065865694,-0.030318578334482146,-0.06013502718346442,0.054701986150355826,-0.0850543441047716,0.04744210675272862,0.0440787521625804,-0.016126573148854004,0.08596000310407319,-0.04797527697005939,-0.11396056914094775,-0.1265238488681545,-0.060482865972510694,-0.13422925406382522,-0.1462191932148612,0.03518923434383088,-0.162878936581046,0.03952854606125067,-0.010890732059141723,-0.21912109080783504,-0.20241113449310028,0.186668005678628,-0.15990450410148493,0.3581077935060963,0.3234727275217171
#12,0.380838738833325,0.2511514742065213,1.0,0.6625005135415193,0.13664495337043006,0.5240086366271506,0.32838446685260675,0.07022326502850726,-0.13826363623914145,0.35049094569241374,0.2936215860901003,0.06130361944062775,0.14265681275591485,0.13139359191480232,-0.05580940990655827,0.23241565365846978,0.5934303204042599,0.6154591974144896,-0.09862736057918353,0.0010809478378760835,-0.11499952069458202,0.13489571683548868,0.381288829444873,0.3574522862868437,0.30580142148292533,0.40572792798550217,0.1929272779560591,0.34952411819215123,0.21262901304167217,0.19954077976144285,-0.11916536949882912,0.0009540460224497528,0.15678582351518028,0.06149990642132316,0.15531595356671704,-0.0023609215445502974,-0.1304934106917062,-0.19554017720606023,0.06278718382960465,0.2911894534548791,0.0888586596794588,-0.0007111979440079975,-0.2042690135894498,-0.33024417187435806,-0.12712823017615615,-0.19915824838976204,0.18343520475470976,0.19764820808245878,-0.026141773977824138,0.036796961660131376,0.19537401799449483,0.25737605390131785,0.22581493333089878,0.42349418214518847,0.2727339124560066,0.379386215176179,-0.2698243003282101,-0.04555409988724911,-0.10012370644597315,-0.22330976367960487,-0.00853528829079688,-0.01992449798463484,-0.024626255894315437,-0.08168003396221248,0.055205941561257514,0.008706012315866835,0.06399138163210343,0.11312703419501796,0.06047008449469797,-0.04241442115882356,0.12546024732159566,-0.030391615350554853,-0.12042160617527971,0.12751076154783697,-0.34552260267406776,-0.17782322303222303,-0.11355064888823967,-0.10289820009403516,0.26233161544185113,0.2890686411006678,0.08966845759516495,0.1250603696585976,-0.049124697010503635,-0.2366965357630314,-0.02958912113645597,-0.17387739823889495,-0.07210670708048222,-0.03481765852456098,0.030745844878507487,0.0318605723363172,0.017978974468998068,0.14629040430553208,0.029048647217517928,-0.1841409249225123,-0.256503261559249,0.2739070695266745,0.36919755143403615,0.4245103096313,0.526648011795478,0.33498610014287866,0.38776903869592405,0.4322741444398289,0.3347304705866242,0.38732533882328235,0.5215180743790713,0.19501613661573858,0.30826003003647284,-0.09189973843618619,-0.1280494095413732,-0.17691026033131416,-0.3523926469984069
#13,0.5388132397850885,0.29148981818347813,0.6625005135415193,1.0,0.17809254702899113,0.3755125144362227,0.34659259495953293,0.19115978216709956,0.013806734925844605,0.615314949307746,0.4254269241830125,0.208423906841286,0.12575787316209197,0.1435898606362437,-0.07864899779519507,0.1719738710075,0.5212122318742668,0.3097180314698243,-0.0271998977481775,-0.09493899126751176,-0.23292234795747419,0.012157924288003214,0.15697845864507207,0.29598981133625785,0.21927172965348501,0.3066952119671151,-0.019027055649641435,0.13494684274673957,0.19101644702305687,0.12464131977888043,-0.1732018058402224,-0.19449939972702415,-0.10792497272523931,-0.0954484244546189,0.11457316711325759,-0.022142084385142445,-0.13704391807072722,-0.1966777287313927,0.09105981275135004,0.10121743576166196,0.27700383900815734,-0.007591284858057124,0.02314086557993673,-0.25907599045041013,0.06148986383161316,-0.2549859175503385,-0.08142623033135982,-0.08944386877074137,-0.20608763528966023,-0.19570359752952293,-0.0869003546860093,-0.05520959341206115,-0.06309576522251184,0.14865041288738148,0.1610867907991619,0.2164251119520512,-0.14690665412864556,0.025821324069805127,0.17578457732109354,0.030711152295872953,-0.02823245856290541,-0.09611306130088056,0.026754371950133977,-0.06532248125002853,-0.11808533462365395,-0.03175010384950723,-0.033890088420437586,0.07748223146343357,0.015932112093560418,0.11675240908032702,0.16637101891202236,0.062253100649572964,-0.01754805607416909,0.248770467482551,-0.23264572025909883,-0.17543491260664545,-0.176932171436136,-0.18003989647002971,0.12564466578717925,0.2363450451231815,0.15944893571373142,0.19687310274938719,0.054425358451980446,-0.08701812687442655,0.03639525807173148,-0.18798906270684312,-0.13186194178036856,0.21050363587395637,0.06897889686716849,0.21334477579918473,-0.027712982786088275,0.23317249973752321,0.2870418639046502,-0.08671684918312662,-0.09668822780245313,0.01187399288802056,0.2546709454185249,0.11869428074516016,0.315550950165931,0.07504005623850238,0.12409536808373695,0.2225200509433187,0.03862380002464999,0.16359652526396035,0.2702050057744891,-0.04255684334016534,0.016619573007344787,-0.11891339179337829,-0.103891503512624,0.025474398243459765,-0.11862033076638653
#17,0.16571368576736797,-0.09589851506616698,0.13664495337043006,0.17809254702899113,1.0,0.31826518827573297,0.156177790356375,0.03717584118100855,-0.01862352613583972,-0.0629679504443846,-0.04791958624530395,0.260629852967357,0.1572806492990729,-0.026507872020888588,0.13055001437916253,0.25701269474635613,0.09865840131101444,0.38552132452628646,-0.18684694636800614,0.10808474119789836,0.030308535744772148,0.024077565311069218,0.09534160781861258,0.21820721514422528,0.0521319961472974,0.2118657762237124,-0.0010179534115133727,0.110842801517344,0.27318217714215287,0.1594772375574596,0.0441718743580731,0.09533886893050984,-0.0003222758334208256,0.01851031876092702,0.17996320760315337,0.10508565872541277,-0.2587856683115211,-0.044242172486043084,0.15113914921005903,0.03474462150848827,0.06494177580374953,0.05251087566817458,-0.054384275130439544,-0.09398585820776292,0.0038654840756480895,0.04482738157732566,0.05869437204143025,0.07473056188289427,0.022842326776739537,0.0961075835246751,0.13154240483505047,0.2273870551018638,0.012196268721441385,0.06396125386297342,-0.029235804571204244,0.05245701086882095,-0.24669530326338518,-0.12978586459850183,-0.1541984872208046,-0.050590002145462346,-0.3062104287729325,-0.2783824126865297,0.17169906923452644,0.04846188608964381,-0.13305883588126008,-0.01334751468728745,0.17566132735647086,0.2405830179808004,0.03631126550324786,-0.052925360734387195,0.09285743630943957,-0.008167364322330612,-0.09622718163849416,-0.08488088119159892,-0.1805228537388105,-0.15403689282274372,-0.22316642853556218,-0.08767089520557637,0.11913432876699823,0.36430224543176287,-0.009980508246335597,0.051701077752468426,-0.1292463036422647,0.0867761917586857,0.16388867332825116,-0.17221945797404448,-0.2616395897145622,0.09606467427773238,0.0873431415959501,0.08562311986743781,0.02056722372607467,0.04635385521324526,-0.025713594471097882,-0.2747752970552388,-0.27589093747574944,-0.03858454262851091,0.17503138309284375,-0.02271359903591139,0.3111267329173267,0.05250631085467003,0.11289605463168802,0.31489087813317385,0.2695138930099011,0.1220594612607102,0.15144864356566712,-0.03272879986488152,0.16680376323225315,-0.195402319838223,-0.062315182113234766,-0.29971835100676963,-0.3740399055996567
#18,0.22361469322170843,0.1793679559221608,0.5240086366271506,0.3755125144362227,0.31826518827573297,1.0,0.3976993339937097,-0.1701397289413741,0.09489516905786814,0.32903449629565384,0.2776766925187272,0.3166255072649007,0.40956237132931933,0.2832841094277093,-0.019038924164753248,0.1971844230303971,0.4804977472645355,0.4994161603527688,-0.2688227802453131,-0.06779113239328607,0.03744333925237484,0.18654932052750986,0.17926387817425718,0.1279681558609923,0.14983269958505846,0.19924497984634837,-0.09369279718077118,0.040380340261198626,0.4150492771617816,0.49301537885669683,-0.06235717839747657,-0.16222525528719525,0.03157572797363364,-0.2554296174229802,0.13514678157823862,0.15200920266402515,-0.07376829919613634,-0.1729763040530979,0.20122154409381604,0.3986716392701776,0.1542806538638864,0.08317637982900208,-0.21932011667663318,-0.1599830188937631,0.035957948937996136,0.04953553022591262,-0.05635627456440267,-0.07279234206886477,-0.2360875896415252,-0.16890540336974533,-0.06498377208799135,0.01562718255145686,-0.005368220681344064,0.06846763775465953,0.22768285501695829,0.22104470321865,-0.1402164634563855,0.008718793793679559,-0.02718072553145841,-0.004051728466633496,-0.06199655813061757,-0.12061332834247057,-0.002476867807565722,-0.10550927341863447,-0.2027726677226602,-0.0031634157586491805,0.03814905942017739,0.10283885751847609,0.012617144526560367,0.021767769677769815,0.05243692568940096,-0.10170221895584455,-0.23909397581561806,-0.1411248613437898,-0.30743471175485126,-0.27331638265918645,-0.26533434976514036,-0.08850625607690797,0.2216837771092862,0.148725275828856,0.3182861864178539,0.46767518613027065,0.2104424673729955,-0.08909237813089146,0.14483240287218066,-0.2602445827075735,-0.20612141490959388,0.08099074712302629,0.24008545330880507,0.10154245048318551,0.11260390656739719,0.10864164844545277,0.08354521676016927,-0.2306353763916975,-0.17210533763643088,0.057184331734127,0.1719848265599109,0.0877338896319391,0.3110655644163658,0.01743667462465821,-0.012735829677678518,0.49187782733136437,0.22190745297100886,0.329032670370252,0.2659305144088338,-0.037531896634363,0.04683589951932514,-0.1635709623083349,0.06610489028470742,-0.14658620422062657,-0.14287592380413297
#26,0.35222648778684146,0.28292440212355124,0.32838446685260675,0.34659259495953293,0.156177790356375,0.3976993339937097,1.0,0.25514020824679207,0.06459850182820781,0.3951028680723249,0.17407916299579582,0.1870496240876079,0.2300026932399677,0.29030935741120295,0.049014228523693665,0.14196752591672868,0.21240807606805223,0.18416557491543684,0.1139249635956123,0.08184984502458152,-0.1936083481309371,-0.0928081363235905,-0.005056900400334145,-0.07517882656904053,-0.20454564128782518,-0.06818005450387324,-0.2967576129677222,-0.15369818366070653,0.05375706975491516,0.04215970456526998,-0.17183692660236366,0.04776255666074763,-0.1808113499522977,-0.2237452468879384,-0.05893174234366655,0.21145859485910704,-0.2199509739029612,-0.11850621042877293,-0.13413978371913615,0.01129152268484071,0.04349445603399873,-0.06853519699452679,-0.10914195200555081,-0.12657862663020902,0.09912949006468341,-0.23431005126285565,-0.33219334724079846,-0.23511437140235636,-0.29393108044570837,-0.2240237005117156,-0.30057653594562395,-0.2111664467948162,-0.15509319066769528,-0.03785965024398928,0.06783038978942516,-0.08096518416740084,-0.02747926433465561,-0.06507780724618496,0.16046506319984297,-0.0034199582776045685,0.14333514404269013,0.13800709372018607,0.14845047405588244,-0.05883496829737021,-0.05560034144805014,-0.10108688209543198,0.16047236690145025,0.11161699388771472,0.10240337431014256,0.020834721797440964,0.20893425299109405,0.10197702072881812,0.008841130795601346,-0.03994942186636965,-0.025993874020276902,0.019424194424536786,0.00867040677053139,-0.03709550046332857,0.06658145681458184,0.05646765601391355,0.07116361661044338,0.033399827450049525,-0.0005258665157235001,-0.003940347017122615,0.163570049345634,0.0012014589143960524,-0.014739782806173454,0.05614903203129636,0.1256191028315538,0.11379440992938233,-0.041417465889431085,0.11237840478027271,0.1324864082677902,0.12398489959692696,0.16718172979042942,0.006233709321805657,0.020673127399380098,-0.19586610489028472,-0.0240757393856674,-0.20616797600734021,-0.18417196565434318,0.1261522730488846,0.019090963038705052,-0.06007020683169989,0.0488937174471737,-0.0929423418406241,-0.11705551269702877,0.036867259788101354,0.15934850981663143,0.044925068586322905,0.05358908461794793
#49,0.5601884355014676,0.23991838113453876,0.07022326502850726,0.19115978216709956,0.03717584118100855,-0.1701397289413741,0.25514020824679207,1.0,0.18584633924781002,0.12255063519379916,0.1203065728749652,0.13759443457937526,-0.04363413932723779,-0.11565046310033003,0.22175407523725618,0.12389086443873336,-0.050527920681800544,-0.10851292070462461,0.40130188481149603,0.13434428736413973,-0.14502138615126878,-0.06080788069403425,0.019147566726161403,0.020555355210962856,-0.04859609160667741,0.027171595904449324,-0.1371644291472472,-0.05446918066162407,-0.14322558851858108,-0.2389122962381372,-0.3624571478132261,-0.23463689190978101,-0.2905522054896447,-0.18606271140792544,-0.11707742380185057,-0.15368631514559472,-0.2547394176210931,-0.20292239360560924,-0.06965540222854195,-0.3657383357602925,0.11606220927843992,-0.08186536539049698,0.06909393016748301,-0.09715657766801937,0.030102206174366746,-0.41437003291230534,-0.2152273048884588,-0.27893566808328046,-0.19432776273925328,-0.2538036308526615,-0.3398951005856656,-0.3148936170212766,-0.31018729429809144,-0.062119808095240266,-0.16354813824081219,-0.16881775895045809,-0.2459128942287063,-0.33306887847097005,0.09292590851200774,-0.11686196460443608,-0.01788128746000082,-0.01424039220877631,-0.07673816686219284,-0.13459626506959058,-0.0007230664591198127,-0.1424660035514249,0.07863347742927963,-0.023544395093738447,0.249471622836849,-0.01565000661897958,0.2951188449195908,0.16865890344049994,0.25382828084558606,0.14898638316131593,-0.06163593786375857,-0.012692920430735803,-0.19298022979271182,-0.3343406355133361,-0.04875220822853282,-0.017099791388022843,-0.10584706961797076,-0.18040782043849599,-0.0993668603669197,0.24340589865201057,0.09177557550886259,0.05639553196054175,-0.1649541008002118,0.14033240971940092,-0.10671529714653508,0.14036527637663362,-0.25675797815280255,0.06158937676601223,0.025315542733501624,0.06454372406615327,-0.059810925424641774,-0.05083011133580138,0.03672118575595594,-0.3644401027996001,-0.14306490708322112,-0.24676834027945788,-0.17926844298776173,-0.17950033551379257,-0.25952060328575277,-0.23466884560431284,-0.05747191498491329,-0.09412554150100198,-0.18255967352453817,-0.15260354138231683,-0.08311247243993847,-0.008132671739696075,0.05282402187458631
#50,0.11253086955132448,0.3241355384425769,-0.13826363623914145,0.013806734925844605,-0.01862352613583972,0.09489516905786814,0.06459850182820781,0.18584633924781002,1.0,0.33020126262741534,0.233335007098285,0.24899870815777822,0.11984917856180986,0.06178383782130581,0.009473813947331182,-0.1568917271884857,0.05278750336654996,-0.12497089931390853,-0.1213071799951613,-0.10774694499856208,-0.034520945646765604,-0.12147607809482944,-0.268934161694824,-0.2576170760543578,-0.19077998968352147,-0.13349705797769632,-0.14749095025722725,-0.22684566822022487,0.08907777072767692,0.11838204750144933,-0.13693710143472088,-0.360975409349651,-0.1565995791241949,-0.2787147311096605,0.025327411248613436,-0.03668740613602231,0.11524236877302378,-0.13624142385662832,0.13856947874394593,-0.057076602135419756,0.23774461694367477,0.11063829787234042,0.20170632728799864,0.07597675596963487,0.1748716146201847,0.008644843814905942,-0.1991947668977984,-0.3660377875261906,-0.2198688072598794,-0.35249581178360956,-0.3599519781619322,-0.43853798153076456,-0.24363048747643415,-0.29871226611036805,0.04613930897853168,-0.28757503412198093,0.12040882469746698,-0.20872427156988502,0.2376460169719766,0.07711065564416365,0.19857669114928309,0.06238913209200838,-0.09530600227327712,-0.1778095285917094,-0.07584985415420853,0.049287204371265415,-0.15639964029269585,-0.1655000524953553,0.06659971606860002,0.16770029260454564,0.2617847507840067,0.2579475685520868,-0.10940397230071165,0.03442508456317017,0.020430279320938344,-0.0924365605043206,-0.1121090807835046,-0.02643392204211497,-0.05607416908982184,-0.34401712718026906,0.2958300428635988,0.3325119712234157,0.44051911059173676,0.16745105378719752,0.11377523771266325,-0.051267420469536716,0.03298260349573418,0.2149305920106634,0.22770202723367736,0.19351248704734167,0.011148187540798021,0.16374625114690938,0.36595653384580973,0.12943619988405375,0.12156463547681759,-0.16541879881497443,-0.278839806999685,-0.20706998315583816,-0.24785567885624032,-0.18889015689264016,-0.34549338786763867,-0.04002154591974145,-0.18902071055887013,0.009832608288788361,-0.09193899583232527,-0.14551073415895593,-0.3397837191361547,0.230860878178822,-0.05843509063437213,0.20765884409792437,0.348515294407647
#51,0.49397764154345475,0.4347765752030201,0.35049094569241374,0.615314949307746,-0.0629679504443846,0.32903449629565384,0.3951028680723249,0.12255063519379916,0.33020126262741534,1.0,0.5863913779802526,0.351590152784308,0.14022559308339458,0.19455874230258322,-0.02777323832434826,0.1603025558390812,0.45887879050701386,0.05448196213943679,0.0748976340571606,-0.0694956337558829,-0.06558267561978755,0.038599150031725454,-0.1280092391825332,0.04019592179561504,0.03788156134881109,0.06426435747967517,-0.19826354494287135,-0.12523109368366755,0.1801731890243624,0.1365764811678619,-0.18756818690172414,-0.2286524214053235,-0.09220831982909339,-0.25742170203636333,0.20944733802900484,0.052116475781381955,0.020690473690697368,-0.26926191530445026,0.02604043511802325,-0.029863922909429536,0.4012370644597315,0.16999913268543412,0.06843477109742681,-0.18664883346190891,0.21287277408281485,-0.2702278298420118,-0.29446516362574005,-0.3461278969447703,-0.3414544408788179,-0.43034870610361214,-0.3375086160854898,-0.3532307467578412,-0.21644793601957393,-0.07157262390045055,0.041600971392313765,-0.016457978609283917,-0.00943546951389301,-0.03678326721961774,0.3465296005331702,0.12236165191471103,0.10381755353385037,-0.06327105406108634,-0.10648523054590604,-0.19246623179210012,-0.07868734222863324,0.09276340115124597,-0.22819502709216816,-0.05078628912615775,0.05558116923133105,0.15132721952644626,0.2352129713740545,0.13174599551735314,-0.10302327598405966,-0.02506904280425623,-0.16018204476256123,-0.21703040622275377,-0.10754518024166122,-0.12651928405464996,0.13804726407902604,-0.09225579388954064,0.20862201974738323,0.31298461201367617,0.21927355557888684,-0.021904714082906142,0.22411225789370376,-0.24301880246682522,-0.11159873463369654,0.40055325539675074,0.29988633614373683,0.27071991673780166,0.030575120853437533,0.21825468920467253,0.31737596260504775,-0.017055056215678308,0.04351910602692327,-0.14285857751281572,-0.044730607531029316,-0.04156536584697832,0.02457695590846636,-0.0787959847900414,-0.19007883432922348,0.04537242030976824,-0.23512532695476726,-0.025090953909078045,0.04805653065044028,-0.07605618372461394,-0.17592699950243532,0.05042110404579421,-0.13432328922201883,0.21006815266562284,0.21806753185098623
#52,0.40340626383709094,0.3716881136821155,0.2936215860901003,0.4254269241830125,-0.04791958624530395,0.2776766925187272,0.17407916299579582,0.1203065728749652,0.233335007098285,0.5863913779802526,1.0,0.2837031593074265,0.15602989039882775,0.21315214066929294,-0.01631281753983941,0.12332117571336623,0.41567100476110047,0.19311443530974542,0.09646363897802955,-0.14695321522639193,-0.10479351066112194,0.09137387192046269,0.010169491525423728,0.22385571537474835,0.09317697325475768,0.07210214226697768,0.00028393139998265373,-0.021353284611557194,0.29276979189015234,0.054674597269328565,-0.05089219279946318,-0.2667512678769509,0.03050573568816846,-0.1964732250863891,0.08067029721500728,-0.08300109099042759,0.04395002442175225,-0.20500760041448507,0.24257510259418352,0.05725828171290062,0.17474197391665564,0.03251334066746703,-0.015459197414489631,-0.12560358246563835,0.12768513742371054,-0.15326635230317665,-0.1891229623813719,-0.22066947554857647,-0.20828513651074784,-0.24733163826591864,-0.2734661085421355,-0.24159549361610833,-0.10311639817955237,0.17204325617276905,0.20904837332870765,0.11766354585583406,-0.06905741165944665,4.564813504544272e-06,0.10971164073091794,0.10353636102197045,0.05037089109724422,-0.0036792396846626833,-0.14256186463502032,-0.15828490827007263,0.061287186112011394,0.06684986784864905,-0.04443298169053303,-0.08326493721099025,0.1309489790794597,0.16478063788703912,0.2952493985858208,0.002910525090497428,-0.10325060369658598,0.02155596233115896,-0.12117571336623043,-0.0683398229765323,-0.06460215367901144,-0.11525332432543468,0.3504188216390419,0.09252785677441148,0.16452957314428918,0.2998991176215496,0.16509287113074994,-0.09390369156468112,0.15640968288240584,-0.2262522424646341,-0.0673200436396171,0.10867451510268548,0.19291267055284456,0.13183820475014493,0.05598378578243186,0.18018688346487605,0.28360638526113013,-0.027352362519229276,-0.06679782897469724,-0.016483541564909367,0.08354156490936562,0.0298913117904568,0.06022906234165803,0.024905622480793546,-0.0846626831060817,0.21403041078756727,-0.05843874248517577,0.11620006664627716,0.13631172198459832,0.03221388890156893,-0.10580324740832714,0.035164584350906344,-0.12291034249795725,0.07112253328890249,0.10220982621754988
#53,0.3450615565101088,0.23763962623307025,0.06130361944062775,0.208423906841286,0.260629852967357,0.3166255072649007,0.1870496240876079,0.13759443457937526,0.24899870815777822,0.351590152784308,0.2837031593074265,1.0,0.362468103365637,0.165282767372539,-0.06770987871290518,-0.01874129832425696,0.335393281507484,0.1510624603431827,0.09482669685529997,-0.13800891964558787,-0.15438199272368727,-0.14141244459457608,-0.15812057498390902,-0.04566000356055453,-0.11923658058950001,-0.07386416027973178,-0.29378318048816116,-0.2905768554825693,0.378084330364683,0.2526596885884227,-0.09384708787722477,-0.21797988743169897,-0.21566643994759593,-0.2985716698544281,0.17866314871705916,0.08523419775685065,-0.09859358095924992,-0.29443229696850737,0.09937051221772335,-0.11175211236744922,0.4952000985999717,0.20474831900742696,0.2224241898597233,-0.23230883702246344,0.31904394545960824,-0.19502617920544857,-0.40256268630145114,-0.41866552242008154,-0.3983694486161768,-0.4492141673551927,-0.35923804132982146,-0.3523561284903705,-0.4405154587409331,-0.25744817795468966,-0.2222288158417288,-0.20626292412823474,-0.18944615117749364,-0.28222324676925326,0.1986497281653558,0.2217339900578362,-0.09463406172540821,-0.1362788553273656,-0.10935649824026439,-0.3051066568675337,-0.2829636595196903,-0.0068444813687136815,-0.06052668818215432,-0.20029123510158992,-0.0763821114088384,-0.15790602874919546,0.09818366070654183,-0.17268506895150798,-0.27891466994115954,-0.23051760420328027,-0.3586665266790525,-0.3485518129156833,-0.24897131927675095,-0.12510693075634394,0.016756517412481114,-0.07280238465857478,0.41698019327420377,0.37886765236206277,0.13552931294991943,0.34790543532343987,0.47914747542989133,-0.125907599045041,-0.10424116822707208,0.5089182761438281,0.4689186413289085,0.43743786147616937,0.23008942469655402,0.3876275294772832,0.2399238589107442,-0.06533617569054216,0.030791493013552933,-0.1591777857915615,-0.07344511040001461,-0.22155413640575713,-0.02572455002350879,-0.30457439961290383,-0.23748442257391575,0.22349326918248755,-0.24231308229902268,-0.03554437683448443,-0.0836940296804174,-0.31104456627424487,-0.2688930783732831,-0.1502398809496638,-0.128462068682184,-0.07032186500020542,0.026047738819630524
#54,0.14691121894215012,-0.0758361597136949,0.14265681275591485,0.12575787316209197,0.1572806492990729,0.40956237132931933,0.2300026932399677,-0.04363413932723779,0.11984917856180986,0.14022559308339458,0.15602989039882775,0.362468103365637,1.0,0.18379491205886783,-0.016258952740485787,-0.14604846918979125,0.26316515038778093,0.2594329588664655,-0.03829878530312644,-0.2373474781687794,-0.1607161279425929,-0.23777657063820656,0.12742950786745608,-0.03516093250010271,0.08798404141198811,0.0432954301652006,-0.2634919910347063,-0.18444402853921402,0.39381924251484707,0.3322572546298621,0.03560463237274441,-0.18802192936407583,-0.1588801599510652,-0.29748250535224385,-0.029290582333258774,0.1014283301455719,-0.1178023161863722,-0.15216166743507695,0.11467176708495574,0.006483861101854684,0.07846092747880785,0.16317564945884136,-0.007471686744238064,-0.1984333560052404,0.2922211013069061,0.05038275961235604,-0.24538154993677733,-0.16531837291787443,-0.17900094491639543,-0.20678239990505187,-0.1627063866305742,-0.12073566534439235,-0.12714922831827705,-0.12399494218663697,0.004217887678198907,-0.0493894561937672,-0.05503339161078574,-0.12965531093227187,0.18186490890914653,0.297270698005633,-0.22264147498253958,-0.11895264918951737,-0.02709399407487207,-0.17189718214062363,-0.37996868537935885,-0.15369087995909927,0.03583652489877526,-0.13876941757544495,-0.03982343301364423,-0.16473772864009642,0.15276970059388223,-0.1310704031186806,-0.2155605362742905,-0.09498007458905267,-0.2387260518471518,-0.26475553141276414,-0.22225437879735424,-0.0883638338955662,-0.021974099248175217,-0.033212670096363216,0.20069932942889618,0.30003149721318134,0.05619650609174362,0.23619897109103608,0.17356151314438048,-0.15643341991262946,-0.08905677258555601,0.24882433228190462,0.36975263275618875,0.21147137633691976,0.07675916500431375,0.24920868957898726,0.1654498395468053,0.009365171385923028,0.0452436925689401,0.05051422624128691,0.07297858645985018,-0.01025531001930916,0.11486714110295024,-0.153363126349473,-0.09751537200947655,0.2149214623836543,-0.027048345939826628,0.005677715036952165,0.06498742393879497,-0.19896378733446846,-0.11719154413946418,-0.32767509483400054,0.01428877923192448,-0.2859536123651668,-0.1770590732515623
#58,-0.05199687766756289,-0.046655132904545184,0.13139359191480232,0.1435898606362437,-0.026507872020888588,0.2832841094277093,0.29030935741120295,-0.11565046310033003,0.06178383782130581,0.19455874230258322,0.21315214066929294,0.165282767372539,0.18379491205886783,1.0,-0.12375848484710157,0.023949750532941978,0.2298100581100759,0.289497733570095,-0.022047136264247924,-0.09595420579092241,-0.0558641876686128,-0.060006299442636274,-0.07686598164032009,-0.048326767609909296,-0.18770330538145863,-0.12808866693751228,-0.20013237959163177,-0.21167770590732515,0.3030561426412924,0.31690030903787425,0.12617235822830458,0.08445270168487266,-0.0031542861316400917,-0.06524396645775037,0.11463890042772303,0.22250087872659963,0.02695157189353029,0.14366654950312005,0.032901349815353295,0.17255816713608166,0.13948061551945296,0.27221991445539495,0.09943533256948787,-0.0031451565046310033,0.20582196314369577,0.004335659866616149,-0.24527016848726646,-0.24343693938384148,-0.2448209908384193,-0.1872550406953124,-0.1675825204161284,-0.19268625580301918,-0.024977746534165346,0.021598871578101676,-0.015216349336047876,-0.01423217554446813,0.02800239196227638,0.028008782701182743,0.1115731716780711,0.2493785006413563,0.05157691482514482,0.12440851429014868,0.2882351061547381,0.1259587249562919,-0.15666805132676304,-0.08457503868679445,0.4783586756563061,0.12394564220078788,0.1364130608443992,0.18274135310201903,0.16046506319984297,0.05576284880881192,0.06670288085380272,0.06741316583510981,0.003492995293677277,0.0818270209570588,0.14362546618157915,0.1381668621928451,0.1739750852478922,0.1700064363870414,0.3184331734127002,0.21819991144261802,-0.005989035317962085,0.02687944784015849,0.1371050865716881,-0.028824058393094352,0.17615706610306436,0.15866561371635163,0.09057137770636381,0.16351527158357945,0.268543413658835,0.08054339539958096,0.21827660030949436,0.04376378003076684,0.12067175795532874,-0.03319806269314867,0.04916760625744635,-0.004027991436409866,-0.07838971638813697,-0.16308800503955412,-0.07585898378121762,0.2574500038800915,0.30719825441531584,0.056499609708445364,0.11702721085330059,0.02116521429516997,-0.015471978892302354,0.097540934965102,0.24244728781605626,-0.10380020724253311,0.015709349194538657
#101,0.09936959925502244,0.17201860617984452,-0.05580940990655827,-0.07864899779519507,0.13055001437916253,-0.019038924164753248,0.049014228523693665,0.22175407523725618,0.009473813947331182,-0.02777323832434826,-0.01631281753983941,-0.06770987871290518,-0.016258952740485787,-0.12375848484710157,1.0,0.49625639644492325,-0.07488302665394606,0.05799504261253406,0.3678491055247938,0.25089949650107046,0.4521137368932792,0.28365568524697926,0.30536046049838633,0.1559532015319514,0.2889892133456888,0.20581283351668667,0.1358972369183857,0.16288532731995234,0.062165456230285715,0.03829239456422008,-0.12037230618943064,0.004857874531536014,0.055588472932938324,0.09744416091880566,-0.00569780021637216,-0.1337618171609599,0.04448228167638211,0.16679098175444043,-0.06869770435528856,-0.06276618568748374,-0.22140714941091083,0.05858846836812482,-0.23629118032382787,0.14223045917459043,-0.32713918572856704,-0.04528021107697645,0.014024933011361821,0.050057744890832485,0.04498349819918107,0.16129129444416548,-0.023728813559322035,0.16800339622124738,-0.03874522406387087,0.1938858887920134,0.08039184359123008,0.18651188905677257,-0.1072128618185304,-0.06184135447146307,-0.296910077738774,-0.07572843011498766,-0.3263732100225045,-0.3312776456517869,0.2136707034834092,0.19918837615889204,0.05856473133790119,0.18698023892233884,0.07732976669238179,0.1546321445037363,0.6726325735962058,0.20279092697667836,0.24795245290253667,0.18072461849571136,-0.000325927684224461,-0.22397805237667015,-0.03470262522424646,-0.14095413731871984,-0.1978572765409669,-0.2682695248485623,0.3787361857331319,0.27255223287852576,-0.35719209191708473,-0.09601902614268694,-0.10186655224200815,-0.26757202134506797,-0.2731894808437601,-0.5102667220530706,-0.479170299497414,-0.19642027324973638,-0.20634965558482107,-0.2901523278266466,-0.10292102416155788,-0.4457065646583009,-0.13786193265074156,-0.3993198427878229,-0.3073589358506758,0.2588431849616784,0.15339781893210752,-0.23932860722975163,-0.06595059958825382,-0.14066290221712993,0.09929108446274428,-0.2623370932180566,-0.04646523666275614,-0.12848032793620218,-0.04229208415690177,-0.04444302428024303,0.14735674474019364,-0.21537885669680965,-0.1038303350116631,-0.2292513249371197,-0.2439564151606586
#102,0.19767377103808423,0.19900395769330845,0.23241565365846978,0.1719738710075,0.25701269474635613,0.1971844230303971,0.14196752591672868,0.12389086443873336,-0.1568917271884857,0.1603025558390812,0.12332117571336623,-0.01874129832425696,-0.14604846918979125,0.023949750532941978,0.49625639644492325,1.0,0.08235745228628684,0.3036979554200313,0.2980056329798646,0.401382225529176,0.30071713220156393,0.464486207415996,0.15408801873399464,0.2946523209794264,0.11934431018820726,0.3628999347231669,0.0710412796085216,0.16260778665887604,0.11689757014977153,0.1409915687894571,-0.2934189083704985,-0.048071138053654816,0.018356941027174334,0.12432360875896416,0.029245847160914242,-0.11113494958163485,-0.1214934243861467,0.13972985433680107,-0.20526140404533771,-0.12069366906015054,-0.07465387301601793,0.11200956784910553,-0.08361186303733562,0.09462767098650185,-0.2863845307599958,-0.09511336714338536,-0.04562531097792,-0.0744868008417516,-0.1290701018409893,-0.002845704738732899,-0.02176503078966709,0.12213888901568927,-0.08920193365500052,0.21994184427595212,-0.028900747259970695,0.18284725677532446,-0.29198738285547343,0.08880570784280609,-0.2408833827093994,-0.20053682206813442,-0.17765523789525578,-0.1928451113129773,0.15250220252251595,0.08620650303331857,0.07611917815097664,0.20868775306184867,0.1528591709385713,0.39167469313041214,0.4697010503635874,0.11772836620759859,0.18203289404611375,0.12277339809282092,-0.03562928236566895,-0.11773110509570131,-0.15909835803658243,-0.07848375154633057,-0.2854971310147124,-0.3088689761579791,0.3397955876512665,0.5631354791000014,-0.08556560321728056,0.014983543847316119,-0.05091592982968681,-0.2376460169719766,-0.06398681681859887,-0.37175567292198275,-0.38063332222562046,-0.08342014087014475,-0.12964800723066458,-0.10392984794606216,-0.016963759945587423,-0.32649919887522993,-0.20836639019112874,-0.31076154783696314,-0.28188453760721605,0.12632025818585182,0.39660560467802086,-0.024778720665367217,0.11557286127075278,0.0008244053189206955,0.09296699183354865,0.07401479912538174,0.08016816772950741,0.06347099289258537,0.0677929583186879,-0.0011521589285469743,0.1744215240086366,-0.2037732748428563,-0.18682868711398795,-0.1741923703707085,-0.1716141637033419
#201,0.27359027146945913,0.1435487773147028,0.5934303204042599,0.5212122318742668,0.09865840131101444,0.4804977472645355,0.21240807606805223,-0.050527920681800544,0.05278750336654996,0.45887879050701386,0.41567100476110047,0.335393281507484,0.26316515038778093,0.2298100581100759,-0.07488302665394606,0.08235745228628684,1.0,0.40199756238958856,-0.12390729776734971,-0.03437578457732109,-0.0668863863566854,-0.002748017729735652,0.2705081093911908,0.2727914291061639,0.25450843805776313,0.2811961637307308,0.07866451816111053,0.15610018852679775,0.473401288190371,0.3711111212551411,0.07761461105506534,0.010088237845042841,0.2369129079231468,-0.016091880566219467,0.38750701840076324,0.1828755586190526,0.07729690003514907,-0.1467952726791347,0.23086818188042926,0.3031940000091296,0.3631811272350468,0.1554903294425906,0.07717182414512455,-0.39113787106227776,0.05620289683064998,-0.15739020482318195,0.01902157787343598,0.05395609562371329,-0.09676126481852584,-0.09719127025065391,0.06812801562992143,0.006067550110240246,0.1238753440728179,0.16473772864009642,0.27420286944176897,0.24356110231116507,-0.14298000155203658,-0.18116557948025033,0.0181058762844244,0.05514659898569844,-0.1135844285081733,-0.13382389862462168,-0.039277481318500736,-0.12140851885496218,-0.05237027941223461,-0.013052627734893891,-0.06224853583606842,-0.04905531184523456,-0.015931199130859507,0.03575527121839437,0.23429544385964113,0.02665029420223037,-0.18171427006349655,0.004077291422258943,-0.4198788498495894,-0.415185308604217,-0.1661373004605897,-0.055057128641009374,0.24813413248001753,0.0962618742211287,0.1555606275705606,0.3594772375574596,0.06566940707637389,-0.1364021052919883,0.09827221808853,-0.27291194018268383,-0.07534315985520411,0.19021851762246253,0.32827034651499315,0.20976687497432292,0.07232399220329853,0.3297621275682782,0.21181191142435876,-0.1278147781272396,-0.2150958382595279,0.21512322714055518,0.26066089369918793,0.3340420967101389,0.4011567237420515,0.13797240113755152,0.0576070334646478,0.34553447118917957,0.197846320988556,0.3120479122825437,0.3064304527838515,0.23175375570031087,0.04544728325124277,-0.10501809948554552,-0.16026786325644665,-0.21772608380084632,-0.23940073128312342
