,#10,#11,#12,#13,#17,#18,#26,#49,#50,#51,#52,#53,#54,#58,#101,#102,#201,#202,#301,#302,#401,#402,#501,#502,#601,#602,#701,#702,#801,#802,#901,#902,#1001,#1002,#1101,#1102,#1201,#1202,#1301,#1302,#1401,#1402,#1501,#1502,#1601,#1602,#1701,#1702,#1801,#1802,#1901,#1902,#2001,#2002,#2101,#2102,#2201,#2202,#2301,#2302,#2401,#2402,#2501,#2502,#2601,#2602,#2701,#2702,#2801,#2802,#2901,#2902,#3001,#3002,#3101,#3102,#3201,#3202,#3301,#3302,#3401,#3402,#3455,#3501,#3502,#3601,#3602,#3701,#3702,#3801,#3802,#3901,#3902,#4001,#4002,#4101,#4102,#4201,#4202,#4301,#4302,#4401,#4402,#4501,#4502,#4601,#4602,#4701,#4702,#4801,#4802
#10,1.0,0.18540811715137379,0.08588240127449594,0.29126705528445634,0.045701999844796344,-0.2365532006189887,-0.08390127221352371,0.5312091734492187,0.2595269940246591,0.49621805201148506,0.31803238278700124,0.14432388264777443,-0.015120488252452446,0.06773726759393245,-0.09364258423222119,0.07025339279763725,0.35112271588144267,-0.1385037454294805,0.08232549859175503,0.18860166067915296,0.17254447269556802,0.36810656100645006,0.09616418721213145,0.09614227610730963,0.0426454007221535,-0.070856861142938,-0.026035870304518708,0.13564708513833668,-0.25219681649906195,-0.32530321773703935,-0.1915140116950522,-0.03320993120826048,-0.10841523369562736,-0.2468441161836333,-0.3652718118201281,-0.09605280576262057,-0.24156445288427741,-0.18228304582616278,-0.22305778597415402,-0.23861740928574363,-0.1852446968279111,-0.18423952489421044,-0.1728201874312425,-0.1368476310900318,-0.08442348687844359,-0.04017766254159686,0.02747104767034743,-0.01567465661190412,-0.026446703519927693,0.1553825998438834,0.03532435282356539,-0.06122327872294778,-0.15757005847526098,-0.004839615277517837,-0.1282374798577604,-0.09376674715954479,-0.09755645533101745,0.0856222069047369,-0.11150561243820384,0.14222589436108588,-0.0327059757973588,0.10213587623877626,0.015668265872997758,-0.24129238999940658,0.020722427385229177,0.0025343844577229795,-0.2481085695243921,-0.1896999548083463,-0.049136565525615454,0.07425764720382348,-0.20828239762264514,0.026069649924452338,0.15677121611196573,0.35983329301081407,0.046161220083353494,0.02770020130827555,-0.29231970127860424,-0.15661236060200762,-0.2118886002912351,-0.2380157668658447,-0.32557071580840563,-0.31574541122122457,-0.04446767427316757,0.05948773662852004,0.14873531841856602,0.15492885738153167,0.12786042626228505,0.04266457293887258,-0.21981037764702124,-0.14593252292677583,0.017750733793770856,-0.01650453970703027,0.08048131393591915,0.01497441422030703,-0.07615387073361118,0.21705140436487466,0.15422587610183186,-0.22923671753390515,-0.05341653466747616,-0.013559322033898305,-0.04646341073735433,-0.20292604545641288,-0.2458197720332136,-0.3503969105342201,-0.20129731999799147,-0.10018122309613041,-0.17410563891412217,-0.08838848388849073,0.022127476981927904,-0.23927291650499619,-0.09216723650755249
#11,0.18540811715137379,1.0,0.22831645113138901,0.4099923767614474,-0.1200491173933089,-0.09413284520260924,0.2774922740531436,-0.005218494798395011,0.3672428982913903,0.4207662495948728,0.11628405921476079,-0.06521475165132129,0.0876005970776064,-0.010687141376839049,0.14251073872376943,0.26768431575727974,0.2609776917564033,0.032002081554958074,-0.02184354558194525,0.062044032191064837,0.09304002884962134,0.09363893238141756,0.04940771544778538,-0.08125002853008441,0.001648810637841391,0.045491105460886395,0.09612492981599237,0.17892790790032273,-0.08648221776899305,-0.21352097760046013,-0.12344625160339075,-0.22007422386758388,-0.19721272487412528,-0.0729292864740011,-0.05857386096491028,-0.18869478287464567,-0.017591878283812715,-0.06572966261463388,0.0434497208616542,-0.0450994444621965,0.08291983731004669,0.04096554935248121,-0.09025457964914843,0.043038887646245215,-0.01624343237457034,0.06471627401662505,0.07784193876759166,0.04188033797879188,0.024851757681439924,-0.054812454637165796,-0.20093943861923522,-0.05456412878251859,0.04209853606430909,0.17554446813075453,-0.2572162854286588,0.06476557400247412,-0.11063738490963952,-0.05068312434095505,-0.10605522511377798,0.1260920175106246,-0.22865698621882802,0.07456348970862796,-0.07693080199208462,-0.09025731853725116,0.11720706450537963,-0.031790274208347215,-0.12942615729434373,0.012443681613387684,0.06845211738874409,0.14602016734606307,0.08043292691277099,0.09945085293540333,-0.199649422322851,-0.070566539004049,-0.1438783568497309,-0.06346186326557629,-0.2775269666357781,0.024856322494944467,-0.04816517321184843,-0.09741951092588112,0.06153916381746224,-0.06671931418241908,0.11810541980307394,0.059756147662587245,0.12040791173476607,-0.25674610963769073,-0.19009891950864347,0.0568647947888089,0.10577403260189805,-0.10839058370270283,0.0037842303952672013,-0.09945085293540333,-0.026920531161699388,-0.03464784746219193,-0.15028644204741015,0.06697129188786992,-0.0004245276559226173,-0.05121538159558491,-0.12527308996790937,-0.02246436021856327,-0.1487344054558651,-0.13082755504023882,-0.26261006906562834,-0.13168208812828952,-0.017976235580895342,-0.11170372534430106,0.02344579512204029,-0.15425600387096186,-0.009844476803900177,-0.2090438085152031,-0.07774881657209895
#12,0.08588240127449594,0.22831645113138901,1.0,0.4054896447205649,0.25851269246394937,0.16981471421985056,-0.2226533434976514,-0.022077264033377918,0.017391026489612767,0.09098586277257642,0.024882798413270825,-0.11985922115151985,-0.12158380769353667,-0.3068787174699978,-0.10917025384927899,0.09405250448492927,0.3605435779921211,0.4200751368302848,-0.05487088425002397,-0.2821401671634705,-0.3161982407208753,-0.1056964307723208,0.3327831211455856,0.05508908233554118,0.19589805858481651,0.1860371484523,0.17181775438564456,0.3350500075319423,0.057620727905161435,-0.05083011133580138,0.07176982384384686,-0.05096340389013407,-0.010181360040535544,0.09159663481948445,-0.08868884861708975,-0.14246691651412582,-0.10888358356119361,-0.2457677331592618,0.09747428868793566,-0.03306020532531143,0.06741681768591344,0.18664883346190891,-0.054302108487357746,0.006365175950736533,0.2568949225579389,0.04662683106081701,0.11626397403534079,0.20144613291823962,0.10877402803708454,0.16726937420971666,0.0508328502239041,0.37311324845823424,0.4583912684247285,0.4620732469974939,-0.10214774475388808,0.004838702314816928,-0.16446292686712286,-0.3352061241537977,-0.050911365016182264,0.07055010567543263,-0.08782153405122634,-0.08515020518836702,-0.36275020884021786,-0.047255862361743214,0.3463460950302875,0.2025471659355357,-0.22813568451660907,-0.050407409605280576,-0.13356187832946084,-0.2083006568766633,0.21271848338636126,0.19302405200235545,-0.15277335244468587,-0.023734291335527485,-0.26915144681764025,-0.2177982078542181,-0.12560632135374108,0.15608284223548047,-0.009429078774986648,0.034515467870560146,0.01674099704656566,-0.004216974715497999,0.1755006459211109,-0.15811327128230176,-0.24341137642821603,-0.06763592873413157,-0.08456043128357991,0.08612159750213405,0.1811007591284858,-0.1565393235859349,0.06435839263786879,-0.15859622855108255,0.16907521443211437,0.10750500988282123,0.017193826546216453,0.35142216764734074,-0.05119620937886583,0.1856673985584319,0.3458978303441413,-0.11727188485714417,0.18852497181227662,0.1289486778017684,0.07730511669945725,-0.002913263978600154,0.08362738340325106,-0.060444521539072524,0.04941045433588811,-0.23466884560431284,0.05621385238306089,-0.06739764546919436,-0.06709545481519352
#13,0.29126705528445634,0.4099923767614474,0.4054896447205649,1.0,-0.08611429380052678,0.1955045716607248,-0.09420314333057923,0.06408450382759612,0.14762424281155995,0.3427846275340421,0.04706779204535599,-0.02322942296192489,0.04642780519201888,-0.17619906238730618,0.125296826998133,0.09389730082577476,0.3627575125418251,0.1585706655954571,0.04292202842052888,0.0995923621540442,0.09358324165666211,0.2332126700963632,0.2829737021094003,0.041341689985255656,0.1565511921010467,0.03340804411435771,0.005362742905138611,0.2066591499404292,-0.031141157728001023,-0.054574171372228586,-0.15495989811336258,-0.06699411595539265,-0.2561161653740636,-0.06569770892010207,-0.10357927026891316,0.08097431379440993,-0.11574723714662638,-0.011012156098362601,0.1012220005751665,-0.0036071156312908834,-0.05131215564188125,0.0621435451254639,0.06730543623640256,0.11789178653106128,-0.01511774936434972,0.009763223123519288,0.07600231892526031,-0.0702488279841327,0.0647509665992596,-0.03318162936453231,-0.21591385283954223,0.04039859951521681,0.07688789274514189,0.12750984858513606,-0.07278138651645387,0.07119922215577883,-0.011337170819886154,0.022880671210177707,0.0818891024207206,0.2081463661802097,-0.117564032921435,0.12458471609142409,-0.12625178598328365,-0.05619194127823908,0.19149849132913674,-0.007811308868976158,-0.2512162945582858,-0.14669393381933382,0.003435478643520019,-0.1699945678719296,0.11319733232298794,0.1379997900185788,-0.16997174380440688,-0.04762287336750857,-0.0765281854409838,-0.10004884350449862,-0.23270962764816244,-0.026908662646587575,-0.09719127025065391,-0.03838551675971278,0.006950385042019109,0.010953726485504434,0.06744877138044525,-0.12191886500477023,0.0031871527888728108,-0.16471307864717186,-0.0919928606316789,0.009573326881730246,0.07521808396517961,-0.057287496519329704,0.12041430247367244,0.04818891024207206,0.15590298858340143,0.1227505740252982,-0.0064144759365856105,0.13588262951517116,0.10979380737399974,-0.11165077350764835,-0.006940342452309111,0.04872755823560829,-0.26288852268940555,-0.08750564895671187,-0.15441851123172362,-0.22066947554857647,-0.09288939000397138,-0.17720788617181046,-0.16908616998452528,-0.037029767148863135,0.11510177251708381,-0.15689264015118662,-0.028605860307577134
#17,0.045701999844796344,-0.1200491173933089,0.25851269246394937,-0.08611429380052678,1.0,0.19856390967147036,-0.1308969402055079,0.06634591243774736,-0.020304290468212922,-0.16937192730990974,0.06836447296945683,0.15374657068385472,-0.05042201700849512,0.10483915879616738,-0.11810541980307394,-0.14855729069188878,-0.11464711709203121,-0.012266566849411367,-0.026354494287135898,-0.10326794998790324,-0.24320869870861425,-0.10127677833722103,0.12335039051979531,0.09089365353978464,-0.10999465916819968,-0.010318304445671871,0.1271839209009116,0.10983215180743791,0.1022837761963235,0.1609233704756992,0.22894639539501613,0.16156427029173723,0.20107364413626883,0.18292851045570532,0.013699005327137359,0.14066837999333537,4.382220964362501e-05,0.05532553967507658,-0.03665088762798596,-0.03389282730854031,-0.02160982713051258,0.2808574545686936,0.016470760087096643,0.04897405816485367,0.14631688022385844,-0.0432853875754906,0.15126148621198082,0.20568593170126034,0.1806168888970041,0.13787380116585338,0.24573486650202905,0.04440650577220668,-0.01912565562133959,-0.08577832352659231,-0.008021290290185194,-0.113697635883086,-0.18979581589194172,-0.25014630227282064,-0.15719756969329018,-0.08176676541879882,0.00658246107355284,-0.11634522771572167,0.15967991527706135,0.03692842828906225,0.15569483308759421,-0.16910260331314164,0.10067330999192028,0.24328082276198607,-0.056499609708445364,-0.0485020564484838,-0.060595160384722485,0.06264476164826285,0.033760447716908525,0.13258044342598382,-0.029202024951270614,0.015450067787480542,0.005613807647888546,-0.1439596105301118,0.07088607594936709,0.06688090858047994,0.022359369507958752,0.003033775055120123,0.05566516179981467,0.1476096354083454,0.15186586751998246,0.020594612607101936,0.0013009718487951175,0.09456285063473732,0.16048788726736568,0.12154089844659396,0.14263764053919578,0.023378235882173033,0.0700306298986155,-0.13354179315004086,-0.16124929815992367,-0.009489334313246632,-0.06292686712284369,0.13172864922603586,0.018810683489526036,0.07609087630724846,0.22999721546376223,0.09919157152834521,0.10071895812696573,0.0685671506890586,0.03904102397896534,0.25957903289861095,0.11264225100083536,-0.08075885459699544,0.1168007961034752,-0.09220375501558883,-0.14893434428736413
#18,-0.2365532006189887,-0.09413284520260924,0.16981471421985056,0.1955045716607248,0.19856390967147036,1.0,-0.1032131722258487,-0.21635755271218393,0.04154436770485742,-0.13741458092729622,-0.1579315917048209,-0.12083974309229596,0.4184646706258816,-0.046166697859558944,0.043143878356849734,0.06502942022303679,0.020115307189124788,0.3717730192133,0.03890407957382901,-0.17129097490722017,-0.17860837095500462,-0.10626611949768792,0.04416274473106401,0.043121967252027917,0.17052499920115763,0.0949736838501463,0.16979554200313146,0.06363441321604806,0.5070704396371887,0.5641534325115147,0.14930500714393313,0.04235964339676902,-0.13803904741471787,0.12081509309937143,0.3849543746890221,0.11002569990003058,0.10197154295261267,0.10611456768933705,0.025184989067271655,-0.017610137537830892,0.029028562038097932,0.15769969917879004,0.11961819899847992,0.22950604153067328,0.12039147840614972,0.03653950617847508,0.01749145238671274,-0.05111495569848494,0.14924931641917769,0.0740732287382399,-0.0036281137734117874,0.08460973126942899,0.11015990541706419,0.06542929788603487,0.0028603121419474406,0.10436350522899387,0.04923333957191179,-0.22562138523830608,0.11193287898222919,-0.06151360086183679,0.05537118781012202,-0.061564726773087684,0.03671205612894685,0.23596707856500523,0.1462803617158221,0.02922393605609243,-0.03818922977901738,-0.03193087046428718,0.020801855140208245,-0.1088826705984927,0.1920280096956639,0.1968667120104808,-0.09196821063875435,-0.16212117753929164,-0.1532499189745603,-0.1900916158070362,0.045824336846718126,-0.030237324654101255,0.243551972684156,0.4126901815426331,0.014221219992057225,0.5525971506434104,0.05274550708230815,-0.24818525839126843,-0.07559057274715042,-0.2839414425723637,-0.0651654516654722,-0.08425367581607453,0.22272911940182682,0.039459160895981595,0.06601359401461654,0.06599350883519654,0.07433707495880255,0.18210501809948554,0.1759662568985744,-0.0032072379682928052,0.11035345350965686,0.06477470362948322,0.004649719035728795,-0.07683585387119009,-0.06814171007043507,0.20539834845047406,0.28057717501951457,0.1352563371023477,-0.0347163196647601,-0.09749711275545837,0.059644766213076364,-0.045556838775351834,0.0423569045086663,0.09114015346903002,0.09215445502973976
#26,-0.08390127221352371,0.2774922740531436,-0.2226533434976514,-0.09420314333057923,-0.1308969402055079,-0.1032131722258487,1.0,0.04441289651111304,0.19349057594251987,0.17435213884336756,0.3661464300875988,0.009513071343470262,0.2452436925689401,0.33761269383339343,0.20122154409381604,0.0451094870519065,-0.2833516686675766,-0.08682183989373114,-0.009965900843121054,0.13444106141043607,0.08960728909420405,-0.08408112586560276,-0.07857413485372056,-0.08227711156860687,-0.16326603276623133,-0.026459484997740416,-0.2702269168793109,-0.3399918746319619,-0.12042343210068153,-0.09143869227222721,-0.05684653553479073,-0.011135406062985296,0.11759689957866772,0.12445142353709139,0.09093017204782099,0.09006742229546212,0.1928761520448082,0.0004217887678198907,-0.08376980558459284,-0.017238561718560988,-0.03705624306718949,-0.03283652946358877,-0.17297995590390156,0.18417926935595047,-0.0330465108847978,0.003315880529700959,-0.2726937420971666,-0.28108204339311715,-0.2348906955406337,-0.28472567753244443,-0.13706856806365175,-0.18313392706340983,-0.2886523301090534,-0.19482897926205225,-0.03244395550219796,-0.02432041338951097,-0.06396307978837525,0.054945747191498494,-0.07983402338097477,-0.20346560641265002,-0.0029169158294037895,0.12723322088676067,0.34368663468254007,0.04926255437834087,-0.23274066837999333,-0.035530682393970794,0.2225702638918687,0.20445160612963156,0.35437012420857544,0.29218093094806613,0.2192626000264759,-0.00951581023157299,0.1782650969794629,-0.13547727407596763,0.2540921270661487,0.23758667439641754,0.04195702684566822,0.08658173070339212,0.045835292399129035,0.06398225200509433,0.043111011699617015,-0.09142043301820904,0.16762725558847294,0.06277622827719373,0.203826226679509,-0.0066984073365682646,0.02984383773000954,-0.014737043918070727,0.20352403602550817,-0.0880342543605381,-0.07233220886760672,0.023688643200482043,-0.10222534658346533,0.01968164990619308,-0.008891343744151332,-0.16390601961956844,-0.00032501472152355216,-0.08511825149383521,-0.37059894917993125,0.08240857819753775,-0.04189768427010915,-0.12491794747725582,-0.03966914231719063,0.10954730744475434,0.21979211839300306,0.06202303404894393,0.16170030173417266,0.03344547558509497,-0.06721231404090985,0.031607681668165445,0.13149219188650046
#49,0.5312091734492187,-0.005218494798395011,-0.022077264033377918,0.06408450382759612,0.06634591243774736,-0.21635755271218393,0.04441289651111304,1.0,0.2581639407122022,0.25159882592996663,0.21793789114745718,0.29163863110372623,0.021863630761365244,0.26688090858047997,-0.2683544303797468,-0.2269214441244003,0.15580986638790872,-0.22526532978495165,-0.041118014123532984,-0.0412540455659684,0.02715242368773024,0.1064697101799906,0.01202645765907234,-0.05118616678915583,-0.030324969073388507,-0.07945423089739669,-0.06866757658615857,0.011863950298310562,-0.22395705423454926,-0.23630213587623877,-0.15727517152286744,0.030754061542815667,-0.08213286346186327,-0.12171801321057028,-0.3580347564900236,0.02455504480364455,-0.16497236005423,-0.12251229076036099,-0.3940630035559897,-0.24564904800814363,-0.1320098417379158,-0.2506347373178069,-0.09726978504293207,-0.08929140399968959,-0.05392049007837785,-0.20315246020623828,0.005076072617053231,0.056588167090433523,-0.0848480145343662,0.011024937576175325,0.09818183478114002,-0.08807442471937808,-0.15600980521940777,-0.22957542669594233,-0.13013187746214627,-0.19278576873741823,-0.05174763885021477,-0.09848402543514084,-0.019321029639334086,-0.22891535466318524,0.13545810185924853,0.029585469285652335,-0.00451825240679792,-0.20118959039928425,-0.09309389364897497,-0.10251201687155072,-0.0808364564265727,-0.03773548731666568,-0.011723354042370598,0.00040352951380171365,-0.13731232910479443,-0.047698649271684004,0.29165780332044533,0.43239465551634887,0.07951174754755394,0.15354754481505659,-0.021369717940173553,-0.14948303487061035,-0.09381513418269297,-0.14163703341899966,-0.14927579233750404,-0.21275591485709852,-0.08759055448789639,0.3481811500591143,0.3365609608019464,0.4433164283073215,0.20051399800061168,0.03664906170258414,-0.16709591129654397,-0.04003524036025508,-0.08023207511857103,0.17236279311808717,-0.01725134319637371,0.08845421720295617,0.02304591745904221,0.11089940520480036,0.11057347752057589,-0.2178785485718981,0.03922818133265166,0.009540460224497529,-0.07336933449583917,-0.10445297557368294,-0.024151515289842832,-0.30721925255743676,-0.18747871655703507,0.023827413531020192,-0.14321645889157197,-0.03130092620066007,0.06446612223657602,0.03826774457129554,-0.0783531978801006
#50,0.2595269940246591,0.3672428982913903,0.017391026489612767,0.14762424281155995,-0.020304290468212922,0.04154436770485742,0.19349057594251987,0.2581639407122022,1.0,0.4514326667184012,0.25964202732497366,0.0026521566461402218,0.05615085795669818,0.26146795272679135,0.1663262837396778,0.10502175133634915,0.24615939415795168,-0.0504722299570451,0.0711033610721834,0.0886121597502134,0.19721820265033072,0.10749953210661578,-0.0573176242884597,-0.1106967274851986,0.12617874896721096,-0.034859654808802785,-0.011081541263631674,0.03521388433675542,-0.04348532640698964,-0.17921092633760446,-0.15980773005518858,-0.0541222548352787,-0.0851876366591043,-0.06656137163516185,-0.057858098207397735,-0.18968991221863632,-0.09462036728489458,-0.08465264051637171,-0.06171719154413947,-0.2106834895260354,0.07717456303322728,-0.11782514025389493,-0.1269282913446571,0.06543660158764214,0.05810368517394222,-0.02786818644524278,-0.07902605139067044,-0.14053143558819906,-0.04173791579745009,0.032046816727302606,-0.13154514372315318,-0.11263768618733082,0.019421455536434058,-0.07760182957725262,-0.040024284807844174,0.030100380248964928,-0.0013210570282151124,0.01381769047825551,-0.12590851200774192,-0.10740001917221671,-0.08808629323448991,-0.07468308782244701,-0.04447862982557848,-0.27477347112983697,-0.06983069106711645,0.046455194073046144,-0.08712403054773198,-0.1587550840610407,0.13620034053508745,0.2702433502079273,0.013135707340676596,0.14991486622814024,0.11946573422742814,0.13706856806365175,0.09934312333669608,0.03840651490183369,-0.10638297872340426,-0.030869094843130183,0.0696088411307956,-0.12530504366244116,-0.042238219357548144,-0.223208424819804,0.11599647596397449,0.13489206498468506,0.06705437149365262,-0.05771750195145777,-0.14912971830535862,-0.06859180068198313,0.07279142910616387,-0.06704889371744717,-0.16023225771111121,-0.05886053125299566,-0.03555624534959624,0.01434446995667992,-0.04724764569743503,0.1259998082778328,0.14157495195533787,-0.2310379929427983,-0.08288423176471126,-0.045046492625543784,-0.2583912684247285,-0.17672036408952513,-0.09571318363788248,-0.16793766290678194,-0.002339010439728485,-0.12253785371598644,-0.03314419789379505,-0.1512505306595699,0.045140527783737394,-0.12596237680709554,-0.08996060565945578
#51,0.49621805201148506,0.4207662495948728,0.09098586277257642,0.3427846275340421,-0.16937192730990974,-0.13741458092729622,0.17435213884336756,0.25159882592996663,0.4514326667184012,1.0,0.19058096381472334,0.02554926118493429,0.11189909936229556,0.06112924356475416,0.07749592590394719,0.19452039786914505,0.332628830449132,-0.11865411038632016,0.060722975162849725,0.24660035514249065,0.16078003533165652,0.22344214327123665,0.18649728165355806,-0.03197195378582808,0.04453432055033392,-0.14060629852967357,-0.16433967690250015,0.019530098097842213,-0.22112047912282543,-0.33283789890764015,-0.31431571163160127,-0.2662254013612274,-0.2489868396426664,-0.3061090899131316,-0.32791246513623684,-0.2212702050057745,-0.22416155787955283,-0.23349660149634588,-0.08187358205480515,-0.27375916956912727,-0.10300684265544331,-0.13981749875608832,-0.09090278316679372,-0.040857819753773957,0.14737774288231453,-0.06335778551767268,-0.21437185883770718,-0.2691468820041357,-0.12977582200879184,0.0593800070298128,-0.03314328493109414,-0.07301693089328835,0.030280233901043972,0.07725672967630907,-0.18794067568369494,-0.08569706984621143,-0.012345994604390438,0.1182870993805548,-0.041135360414850254,0.017091574723714663,-0.04915665070503544,0.08693596023134474,-0.060018167957748086,-0.17753472681873583,-0.0824049263467341,0.1070686137117868,-0.12046451542222243,-0.12692007468034894,0.034870610361213694,0.15349550594110478,-0.12375392003359703,0.034870610361213694,0.011798216983845125,0.18568565781245008,0.057510259418351466,0.09478743945916089,-0.1983393208470468,0.049219645131398156,-0.007667060762232559,-0.14509077131653786,-0.16634910780720052,-0.2925935900888769,-0.014236740357972675,-0.07586354859472216,-0.04234777488165721,0.09968091953603235,0.07660670023326197,0.051116781623886755,0.031083641077843765,-0.1563329940155295,-0.0924785567885624,-0.019965581306175737,0.04227565082828541,0.08451660907393628,-0.013370338754810172,0.1695216531928588,0.10802265973423655,-0.21331738691815746,-0.2612798824104041,-0.19691236014552627,-0.2270876033359657,-0.2871176398088256,-0.30763099873554667,-0.2647153610539241,-0.22476959103835814,-0.3605097983721875,-0.24103219562964756,-0.1265138062784445,0.08305952060328575,-0.13343680243943634,-0.015158832685890617
#52,0.31803238278700124,0.11628405921476079,0.024882798413270825,0.04706779204535599,0.06836447296945683,-0.1579315917048209,0.3661464300875988,0.21793789114745718,0.25964202732497366,0.19058096381472334,1.0,-0.030188937630953087,-0.16956638836520335,0.3055667900687917,0.11830353270917117,0.05847617395591303,-0.006085809364258423,-0.08577010686228415,0.14195200555081322,0.21474891243318253,0.10309266114932875,0.16504813595840542,0.1193479620390109,0.22431584857600642,0.0012361514970305888,0.23679148388392593,-0.1731926762132133,-0.07536233207192321,-0.13803904741471787,-0.17894160234083636,-0.027447310640123797,0.17861110984310735,0.19287706500750912,0.17799394705729296,-0.1809957684178813,0.006371566689642894,0.09892133456887618,-0.07828563864023336,-0.10637019724559153,0.03015607097372037,-0.040396773589814985,0.15705971232545293,-0.20075502015365163,-0.10786471718697932,-0.11358351554547239,-0.0856724198532869,-0.05439249179474773,-0.07331546969648554,-0.05727471504151698,-0.015631747364961403,-0.11294718054293892,-0.07341680855628643,-0.10292558897506242,-0.1568506438669448,0.15586464414996326,0.08839852647820073,-0.17897173010996636,0.05624306718948997,-0.19791022837761962,-0.05836114065559852,-0.08636079372977216,0.08197948572811058,0.18129978499728394,-0.06984712439573282,0.013688049774726454,-0.007343871966110824,0.06603824400754107,-0.06093386954675967,0.3117886308754856,0.029319797139687857,0.1819142088949956,0.1192338417013973,0.24003250147215235,0.15554693313004697,0.23026745242323124,0.17138318414001197,-0.0945409395299155,-0.017151830261974647,-0.06959240780217925,-0.04411161881981312,-0.2153715529952024,-0.2937959619659739,0.1334039357822036,-0.15471887596032263,0.07281060132288296,-0.01518896045502061,0.05023851150561244,0.009917513819972886,-0.036924776438258616,-0.28031332879895193,-0.22039284785020108,-0.2576782445553187,-0.1720761228300018,-0.10757439504809031,-0.14856276846809424,0.09475639872733,0.020300638617409286,-0.06379783353951074,-0.14380805872176092,0.048554095322435604,-0.16940205507903974,-0.1912775543555168,-0.07969890490124026,-0.09783856080559829,-0.019433324051545874,0.12324905165999443,0.023600998781194794,-0.1470737263029119,0.020858458827664596,-0.1365061830398919,-0.1275344985780606
#53,0.14432388264777443,-0.06521475165132129,-0.11985922115151985,-0.02322942296192489,0.15374657068385472,-0.12083974309229596,0.009513071343470262,0.29163863110372623,0.0026521566461402218,0.02554926118493429,-0.030188937630953087,1.0,0.0538428882488006,0.2707856500522671,-0.010341128513194594,-0.1871537018355115,-0.02836849000534083,-0.40177936430407135,0.021411714224415363,0.15918417653046785,-0.14437135670822168,-0.11907042137793461,0.05825067216878854,-0.02276016013365774,-0.12769426705071965,-0.22825893448123177,-0.23653859321577417,-0.12451076611265047,-0.08797125993417539,-0.11124998288194936,-0.1795651558655571,0.10476064400388922,-0.03967827194419972,0.02306052486225675,-0.013327429507867456,0.1663865392779378,0.1600679244249476,0.10473964586176832,-0.05621933015926634,0.039277481318500736,0.15082052522744183,0.12680138952923078,0.07679111869884556,0.15765678993184734,-0.01925438336216774,-0.1254109473357466,0.0088055252502659,0.05742535388716694,-0.15152259354444075,-0.2366855802106205,-0.03276714429831969,-0.3413111057347752,-0.23784412987807382,-0.30438085152031114,-0.16561417283296892,-0.17301464848653608,-0.18649819461625897,-0.026856623772635767,-0.08136871368120255,-0.09065993508835196,-0.10246362984840254,0.06973574294622194,0.21216340206420867,0.012608927862252187,-0.2173535950188755,-0.16423012137839108,0.21175256884879967,0.11908411581844824,0.04536511660816098,0.1465378171974784,-0.07601783929117575,-0.028426919618198997,0.09147247189216084,0.06489612766870409,0.031403178023161865,0.23751728923114845,-0.13902869898250306,-0.14920458124683317,-0.08010973811664925,-0.12898976112330932,0.21551214925114234,0.053688597552347,-0.022731858289929564,0.3690341311105735,0.31065473120095677,0.3207320134935887,0.10110057653594562,0.10212400772366445,0.1283296890905522,0.38132260906480664,0.1713996174686283,0.1885760977235275,-0.13405944300145617,-0.09662432041338952,-0.09442955808040462,-0.07709057046474366,-0.09445055622252553,-0.1235448515750889,-0.24452701684872666,0.0990984493328525,-0.13151045114051865,-0.11899099362295554,-0.11415320427083951,-0.08312525391775119,-0.1840395860627114,-0.04219622307330634,-0.16318295316044862,-0.03921813874294166,0.008339001310101476,-0.09206133283424706,-0.04217613789388634
#54,-0.015120488252452446,0.0876005970776064,-0.12158380769353667,0.04642780519201888,-0.05042201700849512,0.4184646706258816,0.2452436925689401,0.021863630761365244,0.05615085795669818,0.11189909936229556,-0.16956638836520335,0.0538428882488006,1.0,0.14564676560139136,0.040191356982110495,0.04425769285195853,0.08241953374994865,0.25693691884218073,-0.020652129257259195,0.026798194159777602,-0.036352348824788765,-0.056992609566936143,-0.03637882474311512,-0.08977344830576947,-0.0460489256711417,-0.05774397786978413,0.09422596739810195,0.03477748816572099,0.3005016730041494,0.29497916162635174,0.025963746251146908,-0.011839300305386024,-0.11626214810993897,0.039759525624580606,0.2465556199701461,-0.010332911848886414,0.1080893060114029,0.11511911880840109,-0.1914327580146713,-0.18153624233681934,-0.012597059347140373,-0.054135036313091425,0.06235626543477566,0.01198537433753144,0.0960865853825542,-0.09473631354791,0.0018314031780231619,-0.09867757352773353,0.0592868848343201,0.002656721459644766,-0.009723965727380207,-0.13509748159238955,-0.28731757864032464,-0.18830312187595577,-0.2591517663545856,-0.16515677851981359,-0.09268123450816416,-0.21267648710211945,0.05230819794857281,-0.05517490082942662,0.08406104068618277,0.04217248604308271,0.12095477639261049,0.23928843687091164,0.09769796454965832,0.0449451537657429,0.10490763099873554,0.0721030552296786,0.12203207237968293,0.1351340001004259,0.17829887659939653,0.130885984653097,0.023672209871865683,-0.0668553456248545,-0.021266553154970853,-0.04698471243957328,-0.07357018629003913,-0.10805370046606746,0.10799527085320929,0.25853916838227575,-0.20783961071270432,0.31146726800476565,0.01718743580731009,-0.053746114202504254,0.10855400402616551,-0.13024052002355443,0.04947983950115718,-0.00039896470029716934,0.24653096997722157,0.21367618125961463,0.12989998493611543,0.29157654964006446,0.022428754673227826,0.11750377738317501,0.21962869806954036,-0.11988113225634167,0.3106903367462922,-0.11226976221886455,-0.11667206836264704,-0.06799837492639238,-0.10122565242597013,0.032446694390300686,0.09497642273824902,0.18970634554725266,0.051134127915204025,-0.017041361775164677,0.06339430402570903,0.07547006167063045,0.004604983863384262,0.020436670059844706,0.15482660555902988
#58,0.06773726759393245,-0.010687141376839049,-0.3068787174699978,-0.17619906238730618,0.10483915879616738,-0.046166697859558944,0.33761269383339343,0.26688090858047997,0.26146795272679135,0.06112924356475416,0.3055667900687917,0.2707856500522671,0.14564676560139136,1.0,0.3001529212524022,-0.17311142253283243,-0.07193963490621591,-0.12711453573564252,0.08361642785084016,0.2412339603865484,0.1448050139911534,-0.12385252000529519,-0.20103529970283063,-0.13439632623809153,-0.2196506091743622,-0.21563722514116684,-0.298872947545728,-0.32311941095646535,0.03175649458841359,0.011160056055909836,-0.12072197090387872,0.29903910675729345,0.10317482779241054,0.19439623494182146,-0.06455285369316237,0.10017209346912131,0.1815106793811939,0.2084649901628269,-0.06646277166346369,-0.0877767988788818,-0.027288455130165656,0.0433365134867415,-0.3927939854017264,0.13805365481793241,-0.0753933728037541,-0.21045798773891092,-0.10371986652485313,-0.11510542436788745,-0.03271145357356425,-0.1350719186367641,-0.011430293015378857,-0.28401995736464186,-0.28629597337800766,-0.3446123788612616,0.0532448976797053,-0.01761926716483998,-0.14678705601482653,0.03685721719839136,-0.2646478018140569,-0.3266160581009463,0.024651818849940884,0.14912880534265774,0.46348103548229536,0.04321691537292244,-0.2677144435264097,-0.2351390213952809,0.5714434396782719,0.28788178958948635,0.3777565767550567,0.2733465104283164,0.19986944633377005,0.030546819009709358,0.3276413152140669,0.13555852775634852,0.3636439993244076,0.39663390652174907,0.10328073146571597,-0.08986839642666399,0.08351508899103927,-0.018899240871514195,-0.035758923069198006,-0.06448894630409875,0.04129238999940658,0.24047802727019588,0.41895858344707326,0.1965846065359,0.15687711978527116,0.049330113618208125,0.004700844946979691,0.07765843326470898,-0.07697188531362552,-0.01574769362797683,-0.4050915929829687,-0.17308129476370243,-0.19597383448899194,-0.08102909155646446,-0.01144307449319158,-0.13371890791401717,-0.26399503348290704,0.05421355110536959,-0.03175558162571268,-0.0018167957748086202,0.058585729480022095,0.12347364048441802,0.11337262116156245,0.19606969557258738,0.1623028571167725,0.1402091597547782,0.07464200450090612,-0.07372082513568907,-0.121740837278093
#101,-0.09364258423222119,0.14251073872376943,-0.10917025384927899,0.125296826998133,-0.11810541980307394,0.043143878356849734,0.20122154409381604,-0.2683544303797468,0.1663262837396778,0.07749592590394719,0.11830353270917117,-0.010341128513194594,0.040191356982110495,0.3001529212524022,1.0,0.2830348706103612,-0.0014525236571459872,-0.027631729105707388,0.48122446557445897,0.28783340256633816,0.5113577124806566,0.15038686794451012,0.15888655068997157,0.12091734492187321,0.16357735304724125,0.008475032752536894,-0.2758270300866858,-0.41662413782084934,0.16996261417739777,-0.01849571135771248,-0.205639370603514,0.024275678217166436,-0.051149648281119474,0.14621645432675848,0.2058046168523785,0.19352709445055621,0.2756709134648304,0.23281461835876696,0.341232590942497,0.1504452975573683,0.10175060597899273,0.22901943241108885,-0.06055133817507886,0.2718894219576659,-0.010156710047611005,0.0785677441148142,-0.3227807017944282,-0.40653407405040465,-0.4179707578046899,-0.4346798011567237,-0.35761388068490463,-0.2861572030474695,-0.07085047040403164,-0.020864849566570958,0.3620828331058535,0.22656630163374675,-0.15041973460174285,0.19204261709887843,-0.4110322412777826,-0.09297064368435227,-0.43257724805653064,-0.16790844810035285,0.2749378044160006,-0.013720916431959173,-0.2056831928131576,-0.10853483180944642,0.234376697540022,-0.014234001469869948,0.576210017939717,0.3445995973834489,0.15348637631409567,0.051135040877904936,0.1308038180100152,-0.22077811810998463,0.2428827710243898,0.034488078989532885,-0.22264512683334323,-0.34561755079496226,0.2228898008371868,0.08109391190822898,0.18815704784381035,-0.0971091036075721,0.2547321139194858,-0.041118927086233895,-0.1828527345515299,-0.4153039937553351,-0.3831713585341471,0.1706144695458467,0.08569524392080961,-0.10280051308503792,-0.03610493593284246,-0.3910328803516732,-0.40316158983324735,-0.41395463488339185,-0.29901080491356524,0.03010129321166584,0.029181939771850622,-0.044114357707915844,-0.22214208438514244,-0.1963006751359173,-0.25690313922224706,-0.07148771836926603,-0.08104917673588445,0.041600971392313765,0.18532138569478743,-0.036683754285218674,-0.015725782523155016,-0.22325224702944763,-0.12112276152957771,-0.38208584588276645,-0.27295758831772926
#102,0.07025339279763725,0.26768431575727974,0.09405250448492927,0.09389730082577476,-0.14855729069188878,0.06502942022303679,0.0451094870519065,-0.2269214441244003,0.10502175133634915,0.19452039786914505,0.05847617395591303,-0.1871537018355115,0.04425769285195853,-0.17311142253283243,0.2830348706103612,1.0,0.06633221799723373,0.11964558787950719,0.37843216915372924,0.2880223858454263,0.13382298566192077,0.4624338672643529,0.006786051755855515,0.17146535078309375,0.22566977226145427,0.18090812399859404,0.1493223534352504,0.06078505662651153,0.03350938297415859,-0.07661035208406561,-0.0019455235156367687,-0.15117018994188994,-0.10705674519667499,0.02754682357452286,0.13784732524752702,-0.2148913346145243,0.04085051605216669,-0.023775374657068384,-0.008218490233581507,0.05148561855505393,0.10701018409892864,0.08434771097426814,0.08665933253296937,0.12020066920165977,-0.11668393687775885,0.22573367965051788,-0.004022513660204412,-0.011011243135661692,-0.12605458603988734,-0.09935042703830335,-0.15130530842162443,-0.05022207817699608,0.09914135857979522,0.2930756343949568,-0.048919280402799144,0.19354717962997622,-0.28990400197199945,-0.06817366376496688,-0.3324416730954457,0.012998762935540269,-0.41661683411924205,-0.2547074639265613,-0.045851725727745395,0.0896940205507904,0.14980165885322755,0.010605887696458162,-0.11650864803918436,-0.0353663491078072,0.2761392633303966,0.2616459804534686,0.07292380869779565,0.2518736277029402,-0.1502417068750656,-0.11571254456399184,-0.11509720770357927,-0.1637471641096103,-0.2894329132183305,-0.16438897688834922,0.0854469180661624,0.20678605175585552,-0.09514258194981444,-0.02571724632190152,0.1488585683831887,-0.23703068011156403,-0.1682225072694655,-0.4324202184719743,-0.4100654137775201,0.24130608443992022,0.035789050838328,-0.1675012667357475,0.0006354220398325627,-0.307487663591504,-0.19224529481848018,-0.30112431356616925,-0.3194410842345036,0.0635878521183017,0.08691404912652294,-0.11181875864461557,0.025801238890385134,-0.060855354754481505,-0.0901897592973839,-0.1540031132028101,-0.13716716803534992,-0.010178621152432817,-0.13259231194109564,0.006040161229212981,0.021345067947249014,-0.37455572952567023,-0.1974528340644643,-0.33175695106976405,-0.26998315583816823
#201,0.35112271588144267,0.2609776917564033,0.3605435779921211,0.3627575125418251,-0.11464711709203121,0.020115307189124788,-0.2833516686675766,0.15580986638790872,0.24615939415795168,0.332628830449132,-0.006085809364258423,-0.02836849000534083,0.08241953374994865,-0.07193963490621591,-0.0014525236571459872,0.06633221799723373,1.0,0.1189772991824419,0.06844663961253863,0.04346250233946692,-0.06327561887459088,0.12173535950188755,0.13472955762392327,-0.04452336499792301,0.1398768413316474,0.04886632856614643,0.2111445356899944,0.34149826308846154,0.03864205927866817,-0.1220905019925411,-0.30005249535530226,-0.054601560253255854,-0.2635759836031899,-0.16804721843089102,-0.17772553602322577,-0.15657858098207397,-0.21980124802001214,-0.12307924059762539,-0.011941552127887814,-0.0991705733862243,0.08953790392893499,-0.09925091410390428,-0.000870966416667047,-0.05105378719752404,0.12448429019432411,0.013678007185016456,0.16374533818420847,0.08417881287460001,0.1777602286058603,0.2339129124879603,0.11942191201778452,0.08006956775780925,0.19441540715854053,0.24674460324923425,-0.25391136045136875,0.0817138135821461,-0.1774087379660104,-0.026196551739878667,0.014066929295603629,0.24365787635746142,-0.1265439340475745,-0.06930482455139295,-0.3269675487407962,-0.3217572706067094,0.3111942921571939,0.24193146389004277,-0.25158604445215393,-0.3635417475019058,-0.036917472736651344,-0.025258939046045273,0.022825893448123177,0.1388963193908713,-0.19688314533909718,0.1467761004624156,-0.29333035098851035,-0.169129079231468,-0.315130074360812,-0.03897255177639718,0.008951599282411318,-0.1079852282634993,-0.061598506393021314,-0.02691048857198939,-0.05563685995608649,-0.0024796066956684483,-0.14857189809510332,-0.09536078003533166,-0.08122811742526259,0.04313748761794337,-0.03135752988811642,-0.0023609215445502974,0.024914752107802637,-0.08834009686534257,0.15087712891489818,0.02844883072302081,0.025852364801636028,0.30424755896597844,0.07194328675701954,0.12406432735190603,0.17334148913346145,-0.03137761506753642,-0.08561855505393327,-0.041235786311950226,-0.13507922233837136,-0.17428731849160303,-0.2075054663641717,-0.2761009188969585,-0.15238077848329507,-0.1637891603938521,-0.07684498349819918,-0.16765190558139748,-0.11105186997585213
