,#10,#11,#12,#13,#17,#18,#26,#49,#50,#51,#52,#53,#54,#58,#101,#102,#201,#202,#301,#302,#401,#402,#501,#502,#601,#602,#701,#702,#801,#802,#901,#902,#1001,#1002,#1101,#1102,#1201,#1202,#1301,#1302,#1401,#1402,#1501,#1502,#1601,#1602,#1701,#1702,#1801,#1802,#1901,#1902,#2001,#2002,#2101,#2102,#2201,#2202,#2301,#2302,#2401,#2402,#2501,#2502,#2601,#2602,#2701,#2702,#2801,#2802,#2901,#2902,#3001,#3002,#3101,#3102,#3201,#3202,#3301,#3302,#3401,#3402,#3455,#3501,#3502,#3601,#3602,#3701,#3702,#3801,#3802,#3901,#3902,#4001,#4002,#4101,#4102,#4201,#4202,#4301,#4302,#4401,#4402,#4501,#4502,#4601,#4602,#4701,#4702,#4801,#4802
#10,1.0,0.18185577928213742,0.46763684169683245,0.3877818201737368,0.06647372721587459,-0.16228185897465158,-0.02981279699817864,0.4925004678933842,-0.3141449876065313,0.41461927172965346,0.5304295033026426,0.10036381563631218,-0.17777757489717758,0.013640575714279193,-0.22697074411024937,-0.29853515134639175,0.37899181528938636,-0.09351476945409395,-0.11937900277084179,-0.0367065783527414,0.03156659834662455,0.030177982078542182,0.02860129549407259,-0.05385019195040787,0.3074118876873285,0.16353444380029855,0.08585957720697321,0.25979540505872634,-0.2520680887582338,-0.2600601642419899,0.14635705058269843,-0.24645428111034523,-0.24802001214240393,0.06363441321604806,-0.18514427093081112,0.01889376309530874,-0.0032821009097673314,0.03243665180059069,-0.00215185308604217,-0.03405989948280663,-0.002519777054508438,-0.099974893525725,-0.40457303016885243,-0.22292540638252223,-0.19185637270789302,-0.15019514577731927,0.12862640196834757,0.13593923320262752,-0.020540747807748314,0.011990852113736893,0.1058717196108953,-0.12448702908242684,0.10558048450930538,0.010347519252100956,0.10218974103812989,0.06605650326155925,-0.1120689104246646,-0.06610762917281014,-0.0790543532343986,-0.2902956629706893,0.14669941159553926,0.08804155806214536,-0.09223296982201792,0.034638717835182846,0.12238630190763557,0.2208694143800755,-0.15822921754531719,-0.10802539862233929,-0.02050514226241287,-0.03682708942926137,0.08259390962582223,0.260950302875376,-0.017114398791237384,0.3595402319838223,-0.22451213555670183,0.16656639293001685,-0.08013256218417196,-0.03864571112947181,-0.1457152378039595,-0.15641059584510675,-0.09335043616793036,-0.28943839099453594,-0.246316423742508,0.12471526975765405,-0.011839300305386024,0.28181241355384423,0.16974441609188057,-0.14144531125180881,-0.03504589919978819,-0.07627438181013114,-0.3109879625867885,0.17621732164132434,0.038526113015652744,0.010913556126664446,-0.05257387009453729,0.06515814796386493,0.10244263170628164,0.32147699105753036,0.19656086950567633,0.2917235366349108,0.11232088813011544,-0.12478648084832494,-0.22940196378276964,-0.029387356379555113,-0.0057443613141185115,0.26196369147338483,0.12613492675756732,0.05034715406702059,-0.13503448716602684,-0.1274240300912506,-0.16809925730484282
#11,0.18185577928213742,1.0,0.42243058059862965,0.4805881305719255,0.2636371521041508,0.39035454906489797,0.49806223666732097,0.09260728452939056,0.27963499751217663,0.35129709175731627,0.17113759717346747,0.16842062017556272,0.25195488138332106,-0.005742535388716694,0.023889494994681994,0.08482792935494621,0.32969639425381275,0.37590052358410897,-0.018489320618806118,0.03106172997302195,-0.12389086443873336,-0.1836890083855624,-0.06452729073753692,-0.00350668973419091,-0.008622019747383221,0.06493629802754408,0.1294626758023801,0.2268913163552703,0.18129339425837757,0.20423340804411436,0.18784572756280044,0.3716981562718255,0.27421291203147896,0.1389072749432822,0.034770184464113715,-0.03176562421542268,0.07314200678331287,-0.001361227387055102,-0.023744333925237483,-0.02191658259801796,-0.0721770052084522,-0.04944971173202719,-0.10857043735478188,-0.0027671899464547377,-0.11950681754896904,0.054557738043612226,0.09916418264731794,0.1816357552712184,0.053673990149132454,0.05953064587546276,0.042011804607722754,-0.11220037705359548,-0.12406524031460694,-0.09831330141007089,-0.1601975651284767,-0.09493351349130631,-0.20151095327000415,-0.15359684480090566,0.08998342972697851,-0.0029881269200746803,0.005449474361724951,0.2207050810939119,0.052067175795532876,0.17869966722509553,0.09801658853227552,0.1948326311128559,0.13577124806566027,0.15784303432283275,0.20344917308403365,0.17645469194356064,0.36875202563599263,0.28919189106529053,-0.13123838825564782,-0.00288496213487198,-0.11207164931276732,-0.032356311082910705,-0.16561873764647345,-0.1630158809861823,0.049858719022034356,0.17534909411276003,-0.0738157732565836,0.18147416087315751,0.09332213432420218,-0.0583282739983658,0.1371343013781172,-0.2009604367613561,-0.08152939511656251,0.0006947646153916382,0.11826975308923754,0.16693796874928674,-0.09300898811779044,-0.1162028055343799,-0.10420921453254027,-0.14218298511414315,0.06204859700456938,0.2505352243834078,0.10767208205708756,0.2436761356114796,0.07460548599286976,0.25633253753417906,-0.037982900208611975,0.36573285798408706,0.25250813678007183,0.215806123240835,0.1394650951535375,0.10930263344091078,0.10561152524113628,-0.037261659674893984,-0.2378733446845029,-0.0053043132922804435,0.11317450825546523
#12,0.46763684169683245,0.42243058059862965,1.0,0.587909634951864,0.21258701675743039,0.17491087201632377,0.1919686671201048,0.15799184724308088,-0.1443019715429526,0.6699219873372073,0.4246043447894936,0.009536808373693893,0.09722504987058754,-0.20590686867488028,-0.2081244550753879,-0.13244715087165113,0.7155445594270247,0.5333528098709527,-0.04681764026530696,-0.11585679267073544,-0.2016889809966814,-0.2561526838821,0.16324959943761497,0.03277079614912333,0.22746374396874017,0.02856842883683987,0.29385439157883203,0.2798869752176275,0.02742905138610562,0.039514851620737035,0.3952078587829294,0.1566543568862494,0.32700589317423434,0.29060972213980196,-0.015456458526386904,-0.10871285953612365,0.04933650435711449,-0.13649157563667735,-0.05596643949111459,0.021177082810281786,0.037911689117941086,-0.16036281137734118,-0.20784143663810614,-0.2507698557975414,-0.012566018615309472,-0.10891188540492178,0.2663011772654028,0.11162977536552744,0.21608366390191128,0.14243313689419218,0.3159855204115636,0.06124062501426504,0.3429800015520366,0.22696983114754846,0.13040302738431622,0.04178904170870099,-0.11936165647952453,-0.22598109254246418,0.08876736340936792,0.009652754636709317,0.06300264302701913,0.22205717885395793,-0.3398248024576956,0.004856961568835106,0.34671858381225834,0.20971027128686656,-0.36033085768280937,-0.04488855007828655,0.15024261983776652,0.05967763287030908,0.2642652704423761,0.2783769349103242,-0.26912040608580934,-0.015933938018962236,-0.33275755818996017,0.05516485823971662,-0.20020176475690085,0.022096436250097003,0.09407806744055472,-0.11767358844554406,-0.19809829869400686,-0.1088826705984927,0.033173412700224135,-0.2851164255684334,-0.1995882538218901,0.004386785777867045,0.04274034884304802,0.09894050678559528,-0.04810856952439208,-0.0331907589915414,-0.1244313383576714,0.07810122017464977,-0.09602724280699512,0.110842801517344,-0.07193050527920682,0.6201271757042366,0.19748843960979975,0.7143905745730759,0.4215778734359808,0.5866369649467971,0.4172632117114855,0.4253639297566498,0.33692066810610455,0.4961002798230678,0.371222502704652,0.5269921987337207,0.428366664079939,0.050335285551908776,-0.21548293444471325,-0.050811852081783196,-0.08156500066189795
#13,0.3877818201737368,0.4805881305719255,0.587909634951864,1.0,0.23759854291152935,0.16215404419652435,0.22834657890051901,-0.14795838716009257,-0.1232244016670699,0.5722815394377063,0.2678869934768815,0.08828897095409168,0.05484988610790306,-0.14161329638877604,0.1510341584994545,0.015132356767564262,0.5791269337691208,0.2888413133881415,0.11311699160530797,0.011695965161343334,-0.06282278937494008,-0.1281334021098568,-0.012364253858408615,-0.057947568552086805,0.2762999447657566,0.0867250658474348,0.31270433246449714,0.21289559815033757,0.25407386781213054,0.16316925871993498,0.14293709230509388,0.3123090196150036,0.2849530052449707,0.4088338270939941,0.1527651357803777,0.052576608982640015,0.30753422468925035,0.16667960030492954,0.19201248932974843,0.1037992942798322,0.2163128175398394,0.0939429489608202,-0.03098595406884652,-0.10511304760644004,-0.007767486659332533,0.040026110733245995,0.2197473832206585,0.27010549284009,0.1692139847626525,0.1299054627123209,0.07800262020295161,-0.13688871441157272,-0.01374647938758462,0.10231207804005167,0.0392126609667362,0.16002684110340673,-0.1334523228053518,0.01045616181350911,0.10246545577380436,-0.07652362062747926,0.05198227026434835,0.26294695230226367,0.07263257359620573,0.12006920257272889,-0.010108323024462835,0.09904549749619979,-0.023479574741973916,-0.06048104004710887,0.2500595708162343,0.15619331072229045,0.19199696896383298,0.2353754787348163,-0.35266288395787593,-0.10158901158093187,-0.33003510341584996,-0.09006377044465848,-0.1887504735994011,-0.048759511930140095,0.09141769413010631,0.015990541706418584,-0.07797888317272798,-0.006521292572591947,0.014496934727731699,-0.23849598524652274,-0.01553132146786143,-0.1119137067655101,0.037106456015739475,0.026819192301898505,0.22311073781080673,0.13426120775835704,-0.11036806091287141,0.016213304605440345,-0.15517079249727253,-0.10842436332263646,-0.12767692075940237,0.34516380833261057,0.13226273240606756,0.2780537461142025,0.1109870496240876,0.3141961135177822,0.0980768440705355,0.2439153318391177,0.37832078770421834,0.1706226862101549,0.16753687228108297,0.21637216011539848,0.26471444809122324,-0.066319436519421,-0.1801302797774197,-0.09846667914382358,0.052138386886203765
#17,0.06647372721587459,0.2636371521041508,0.21258701675743039,0.23759854291152935,1.0,0.2294147452605824,0.17262572637594892,0.07052819457061081,0.10726581365518312,0.19543883834625936,0.17304477625566608,0.4427293932906371,0.19424285720806878,0.0227665508725641,-0.17281653558043886,-0.14195200555081322,0.24276773772407528,0.19862507817243127,-0.1258966434926301,-0.22253648427193506,-0.30254579649148433,-0.35946171719154413,-0.1682307239337737,-0.07059666677317898,-0.12312945354617537,-0.1386927287085686,0.013760173828098254,-0.09701598141207941,0.07459818229126249,0.12192799463177932,0.016019756512847667,0.2880032136287072,0.19093519334267597,0.04048989578530769,0.02938187860334966,0.05350509204946432,0.0450382759612356,-0.015498454810628712,0.11086471262216582,-0.02208274180958337,0.03194456490480081,-0.06992746511341279,0.05263412563279727,0.011062369046912589,0.010200532257254629,0.1023568132123962,-0.039882775589203306,-0.11112855884272849,-0.16418721213144838,-0.23483409185317733,-0.03545216760169263,-0.17387648527619404,-0.11862946039339563,-0.25762346679326414,-0.17475566835716927,-0.2177470819429672,0.06960975409349651,-0.23876257035518814,0.29365993052353845,0.13654544043603098,0.271307864717187,0.3009636321308093,0.09648007230664592,0.20025289066815175,-0.038511505612438206,0.18189047186477197,0.12074570793410236,-0.0408824697466985,-0.15758831772927917,-0.12400772366444969,0.0918686977043553,0.0179305874458499,-0.17406090374177763,-0.06618340507698559,-0.1388652786590404,-0.12861088160243214,0.11270889727800171,0.16237863302094793,-0.10062583593147302,-0.0574417872157833,0.26982977810441555,0.274102443544669,0.1789260819749209,-0.00346651937535092,0.3761525012895598,0.13123291047944236,0.2610132973017387,0.11692769791890152,0.21254867232399222,0.38793154605668584,0.2504676651435406,0.1294425906229601,0.027145119986122967,0.11577645195305546,0.17122615455545565,0.08428562951060635,-0.05911433488384832,0.16706760945281582,-0.028803060250973445,0.26163776378916037,-0.0013813125664750966,0.08767637298178182,0.2645793296114887,0.10081390624786024,0.13502718346441955,0.048120438039503895,0.04241807300962719,0.19813573016474412,0.022183167706683344,0.22140897533631262,0.22113965133954452
#18,-0.16228185897465158,0.39035454906489797,0.17491087201632377,0.16215404419652435,0.2294147452605824,1.0,0.3171778496989506,0.022788461977385915,0.35677486796276936,0.21188677436583328,0.09649376674715955,0.2835023075132265,0.6305185171659812,0.0014406551420341723,0.028214199308887234,0.051659994430927524,0.2550635193799157,0.49486595425143903,-0.06284561344246281,-0.25435506032401045,-0.3066678230860878,-0.38869386991194477,0.12180748355525935,0.006452820370023783,-0.24246737299547627,-0.2953863429909571,0.11327310822716338,0.12366079783810432,0.29914592339329976,0.41510131603573336,0.2316031168546609,0.45152578891389394,0.3697389383156751,-0.007004249841372731,0.0739600213633272,-0.08652969182944031,-0.04826194725814477,-0.1851534005578202,-0.05760977235275053,-0.07388424545915176,-0.12048916541514697,-0.11081906448712038,0.20176932171436135,0.043194091305399716,0.14396782719441997,-0.007086416484454528,0.06878078396107128,0.134321463296617,0.051355064888823965,-0.021178908735683604,0.03889129809601629,-0.09844111618819813,-0.046278992271770736,-0.11704273121921605,-0.19034724536329067,-0.24264266183405078,-0.0020212994198122035,-0.2318815704784381,0.2007020683169989,0.18933111787717913,0.027486568036262878,0.1454787804644241,0.13489389091008686,0.22424281155993372,0.14558651006313136,0.2689359876202258,0.15739842148749014,0.21525195488138332,0.046072662701365334,0.0369539912446877,0.3832243103707998,0.09341069170619035,-0.030366965357630313,-0.19299666312132818,0.060282927141011654,-0.010393167387146398,-0.01924525373515865,-0.09029657593339024,0.23002734323289223,0.21470417726083801,-0.03587030451870889,0.3593265987118096,0.3347259057731196,-0.23419593092524205,0.06463045552273962,-0.3066952119671151,-0.048104004710887535,0.27470317300186703,0.07334651042831646,0.2752253876667869,0.09660606115937133,-0.21555505849808507,-0.16012270218700214,-0.04421204471691309,0.13074721432255884,0.3066988638179187,-0.024351454121341872,0.1397535913670247,0.034093679102740256,0.09184496067413166,0.02474220215733086,0.48083463050117087,0.48696152318697017,0.3173494866867214,0.22502339466921079,0.08549986990281512,0.14449278074744257,0.18666435382782437,0.04251484705592353,0.28974240757393854,0.3281224465574459
#26,-0.02981279699817864,0.49806223666732097,0.1919686671201048,0.22834657890051901,0.17262572637594892,0.3171778496989506,1.0,0.003997863667279874,0.2659177329310211,0.25859120725622753,0.1892261271665746,0.07285990130873203,0.28020651216294556,0.0454609776917564,0.2094875083878448,0.12675848028228806,0.12034400434570246,0.24053645688305406,-0.05773484824277504,0.0023645733953539328,0.02177050856587254,-0.2045657264672452,0.07888362920932865,0.04931824510309631,-0.23211255004176803,-0.04685781062414695,0.11454760415763214,0.180978422126564,0.07830298493155062,0.14322102370507653,-0.0844572664983772,0.3798856057735761,0.19987948892348004,0.0908187905983101,0.13170582515851315,-0.03064815786951024,0.027650901322426473,-0.028740065824610736,0.04584989980234357,-0.10187568186901724,0.08743535082874189,-0.02537397234635979,-0.009404428782062109,0.007109240551977249,-0.06566027744936481,-0.03172362793118087,-0.003261102767646428,0.16764916669329474,0.15439203531339726,0.02443362076442367,0.08523145886874792,-0.05257387009453729,-0.07413348427649988,-0.08768824149689365,-0.04929542103557359,-0.11031328315081687,-0.03886482217768993,-0.014129010759265431,0.095086891225059,0.058585729480022095,0.04850570829928743,0.22006783312867753,0.07660396134515925,0.18469600624466487,0.04898592667996549,-0.1051404364874673,0.25959820511533,0.3415603445521233,0.21222274463976773,0.13248732123049112,0.30110331542404833,0.06945089858353837,0.03595064523638887,-0.08238666709271593,0.06301907635563549,0.07337389930934372,-0.007370347884437182,0.04727138272765866,0.1570031086379966,0.08050231207804005,-0.1818210866995029,0.17877635609197187,0.22880123432557162,-0.16756882597561476,0.1332998580343,-0.31144718282534567,-0.128421898323344,-0.024444576316834575,0.14828522780701794,0.1283369927921595,0.07525003765971142,-0.25844513322408214,-0.12271588144266365,-0.19490931997973224,-0.01157088927131882,0.10094537287679112,-0.07877681257332232,0.1461050728772476,-0.06733556400553255,0.13779254748547248,-0.040918075292033944,0.2720911867145668,0.2774950129412463,0.2554250526094756,0.15940237461598505,0.12096755787042321,0.14304025709029658,0.11307134347026253,-0.038964335112088994,0.02815485673332816,0.09378865826436661
#49,0.4925004678933842,0.09260728452939056,0.15799184724308088,-0.14795838716009257,0.07052819457061081,0.022788461977385915,0.003997863667279874,1.0,0.1668512372927004,0.12444046798468049,0.48142623033135984,0.2740330583793999,0.21224648166999138,0.2857938438925078,-0.3625219681649906,-0.4058338316588076,0.1406610762917281,0.02988309512614862,-0.2633532207041681,-0.28221594306764597,-0.16018752253876667,-0.21696558587098924,-0.001642419898935029,-0.10993896844344424,0.00642269260089379,-0.09552328739609343,-0.11493835219362113,-0.051138692728708565,-0.3287834315529039,-0.3670603057512085,0.21599510651992312,-0.2274244865726011,-0.08501143485782889,-0.21044155441029458,-0.3052125605408391,-0.18629460393395628,-0.23186148529901812,-0.20645099444462198,-0.2018953105670868,-0.2970680202860312,-0.3393737988834466,-0.315410353909991,-0.3553506461493516,-0.33148123633408955,-0.17207247097919814,-0.21002980823218467,-0.013376729493716535,-0.05595822282680641,-0.17867136538136735,-0.186577622371238,-0.020340808976249274,-0.171222502704652,0.04089981603801577,-0.2734798029826491,-0.02056904965147649,-0.18642789648828897,0.019979275746689368,-0.2412330474238475,-0.16612543194547788,-0.2389031666111281,0.24555044803644546,0.10922137976052988,-0.14826422966489705,-0.06998132991276641,0.271968849712645,0.2744448045575098,-0.10663221754075237,-0.08006865479510834,-0.09585377989382243,-0.10669612492981599,0.32651837109194903,0.2626821931190001,0.3806461037034332,0.2934992490881785,0.1983183227049259,0.2949216449761945,0.2549685712590212,0.15649276248818855,-0.15930833945779146,-0.34306673300862295,0.014331688478867196,-0.09088726280087828,-0.034360264211405644,0.1540551520767619,-0.014365468098800823,0.3807821351458686,0.2002455869665445,0.02746922174494561,-0.251204426043174,-0.04498349819918107,-0.17719419173129683,0.0914788626310672,0.04511587779081286,0.06884377838743398,0.08972323535721947,0.039443640530066146,-0.1270807561157089,0.3000223675861723,0.027376099549452908,0.16774411481418927,0.07326069193443102,0.007342046040709007,-0.19068138971182333,0.11289879351979075,0.10449405889522384,0.27921503466975856,0.03406446429631117,0.336505270077191,0.0854058347446215,0.08920375958040234,-0.05262043119228364
#50,-0.3141449876065313,0.27963499751217663,-0.1443019715429526,-0.1232244016670699,0.10726581365518312,0.35677486796276936,0.2659177329310211,0.1668512372927004,1.0,-0.14966836629889485,-0.03190895935946537,0.17861658761931282,0.349226492351655,0.18819721820265034,0.06052394929405159,0.09959327511674511,-0.14861572030474696,0.17194100435026727,-0.02483258546472084,-0.161756905421629,-0.22362564877411933,-0.23676226907749684,-0.10773051166994572,-0.030754061542815667,-0.2964809852693468,-0.07165296461813053,-0.05407204188672872,-0.07496154144622422,0.044704131612702966,0.19447201084599688,0.005883131644656658,0.2161895675752167,0.20405629328013805,-0.0418109528135228,-0.008231271711394232,-0.03220384631185893,-0.07344511040001461,0.006514901833685585,-0.11478680038527025,-0.02984566365541136,-0.20404259883962442,-0.13641579973250192,-0.06385717611506982,0.0071795386799472305,-0.0324585629054125,0.18553228007869738,-0.018939411230354183,-0.03921722578024075,-0.11000287583250787,-0.15614674962454408,-0.13388415416288169,-0.12694928948677803,-0.22231554729831512,-0.24619591266598803,-0.2550635193799157,-0.12332391460146895,-0.10529655310932272,-0.17341087429873053,-0.11661363874978888,-0.0391916628246153,0.0692582634536466,-0.041740654685552825,0.20503316337011052,0.15063701972455915,0.0706496186098317,0.13915925264873302,0.33331811728831817,0.3214422984748958,0.11384370991523142,0.20133383850602785,0.33096632537077697,0.05487088425002397,0.2087973085859577,-0.2172093469121319,0.23491899738436187,-0.014581840258916222,0.176170760543578,-0.007088242409856346,-0.028610425121081678,0.1409495725052153,-0.005134502229911397,0.19963664084503827,0.14234001469869947,0.03066733008622933,0.014761693910995266,-0.11186897159316556,-0.027169769979047506,-0.1072959414243131,-0.07417000278453624,0.024419926323910036,-0.051915623987182004,-0.19364212775087075,-0.04143207329264563,-0.07630816143006477,0.09828134771553908,-0.03191626306107264,0.028901660222671603,-0.08645026407446124,-0.0544828751021377,-0.03369654032784491,-0.05770563343634596,0.16890449040704442,0.2622795765678993,0.08314077428366665,0.16734971492739664,-0.0759192393194776,-0.030381572760844855,0.11897821214514281,-0.01748414868510547,0.1480633778706971,0.18084421660953043
#51,0.41461927172965346,0.35129709175731627,0.6699219873372073,0.5722815394377063,0.19543883834625936,0.21188677436583328,0.25859120725622753,0.12444046798468049,-0.14966836629889485,1.0,0.5158047537967836,0.14518298054932965,0.240416858769235,0.08047309727161096,-0.12227948527162923,-0.12269031848703821,0.6112796541697288,0.397745895091456,0.02256752500376597,-0.04293572286104251,-0.18470513587167398,-0.27362587701479457,0.14333514404269013,0.043665180059068685,0.21391263859915002,0.046706258815796084,0.26592412366992746,0.17359985757781865,0.061566552698489506,0.06179114152291308,0.3232746146156199,0.20046834986556625,0.2870948157413029,0.18574317446260732,0.0865287788667394,-0.12116201892571679,0.1585606230057471,-0.08306134652868757,-0.00813632359049971,0.02395614127184834,0.15571765715511693,-0.006277531531449282,-0.00939621211775393,-0.11587687785015544,0.1089657502042754,-0.09935499185180789,0.2007194146083162,0.14059077816375812,0.1570140641904075,0.024151515289842832,0.30316661112810234,-0.0661551032332574,0.1901016583967462,0.024650905887239977,0.018061141112079866,0.022434232449433277,-0.15189690825181337,-0.03338795893493771,0.11391035619239775,0.05593174690848005,0.02125194575175631,0.25238671274085095,-0.0867241528847339,0.017532535708253638,0.04830759539319021,0.07170774238018505,-0.1507438363605655,-0.08163986360337248,0.05309608475945715,0.08555464766486966,0.24520808702360464,0.1819041663052856,-0.37382353343954133,-0.1252758288560121,-0.3293312091734492,0.04551940730461457,-0.21614118055206855,-0.09306193995444316,0.14268967941314759,-0.050479533658652376,-0.0488836748574637,-0.06083709550046333,0.026810062674889418,-0.22939739896926511,-0.07178990902326686,-0.04142111774023472,-0.008918732625178599,0.12778647628351145,0.11614802777232536,0.05847799988131485,-0.09321257880009312,0.04085508086567123,-0.1659218412631752,-0.024237333783728266,-0.07226099777693583,0.421595219727298,0.0667941771238936,0.5836387954370125,0.23251334066746704,0.44296950248097616,0.20584935202472304,0.4169710636471947,0.28383280001095557,0.395061784750784,0.310181816521886,0.4164844545276103,0.3916902134963276,0.02810099193397454,-0.043183135752988815,-0.16023956141271847,-0.02383654315802928
#52,0.5304295033026426,0.17113759717346747,0.4246043447894936,0.2678869934768815,0.17304477625566608,0.09649376674715955,0.1892261271665746,0.48142623033135984,-0.03190895935946537,0.5158047537967836,1.0,0.2552680230249193,0.10650896757612968,0.11048492013858774,-0.05776041119840049,-0.18036034637804874,0.5223799111687292,0.16049610393167388,-0.11457773192676213,-0.12794624475617047,-0.10567725855560171,-0.1783454376971429,0.04265818219996622,0.033466473727215874,0.14675327639489288,-0.0034455212332300165,0.07573938566739856,0.002413873381203011,-0.12721770052084522,-0.04478903714388749,0.21142116338836978,0.010067239702921936,0.1598725504069531,0.10993622955534152,-0.08053426577257186,-0.09888390309813892,0.10344141290107593,-0.0148785531367116,0.02507725946856441,-0.07638119844613749,0.0949125153491854,-0.09816266256442092,-0.20770814408377344,-0.2758388986017976,-0.12651015442764085,-0.1265968858842272,0.17549608110760634,-0.06354311694595717,0.026033131416415983,-0.14709289851963098,0.051383366732552144,-0.1807492684886359,0.028929962066399778,-0.07247919586245304,-0.012228222415973196,-0.07265631062642935,-0.13970337841847472,-0.19243519106026924,-0.08204978385608055,-0.20049026097038805,0.18163210342041475,0.18216709956314736,-0.024027352362519228,0.062331615441851125,0.007112892402780884,0.1412709353759352,-0.011253178251402539,-0.1081203467432338,0.10751505247253124,0.05262956081929273,0.2732643437852347,0.1889595420579092,-0.019638740659250368,0.14335705514751196,-0.13255944528386293,0.11700986456198333,-0.09860453651166082,-0.13078921060680065,0.03951211273263431,-0.11237383996676815,0.05754403903828509,-0.14316989779382563,-0.06938607823177384,-0.0018350550288267972,0.044414722436514856,0.2665568068216573,0.19644766213076365,0.05077898542455048,0.0767536872281083,0.03171815015497542,-0.2532868939639471,0.2125988852725422,0.009752267571108383,0.020198386794907493,-0.0800010955552411,0.27330907895757917,0.09703150177799486,0.37540387187481455,0.0024695641059584513,0.2671027585168008,0.0025471659355357037,0.1552301350728316,0.0570400836273834,0.20625379450122566,0.09367636385215482,0.4157814732479105,0.17966375583725527,0.07163744425221508,-0.07624699292910388,-0.14563672301168135,-0.10567086781669535
#53,0.10036381563631218,0.16842062017556272,0.009536808373693893,0.08828897095409168,0.4427293932906371,0.2835023075132265,0.07285990130873203,0.2740330583793999,0.17861658761931282,0.14518298054932965,0.2552680230249193,1.0,0.35849580265398256,0.159623311589605,-0.1778606545029603,-0.162448018186217,0.19388954064281705,0.14542491566507051,-0.22865516029342622,-0.36437984726134015,-0.32768331149830876,-0.3286410093715621,-0.2865278659040385,-0.10555674747908174,-0.15331747821442754,-0.17248421715730805,-0.03982891078984968,-0.031990213039846255,0.16538958400854534,0.1900614880379062,0.0210237050765291,0.29595511875362335,0.1603564206384348,0.03341260892786225,0.13104301423765333,0.12576061205019468,0.06709089000168898,0.0001798536520790443,-0.022110130690610637,-0.023411102539405752,0.10946422783897164,0.005433953995809501,0.06943081340411837,-0.03980152190882241,-0.07467030634463429,-0.1305463625283589,-0.06084257327666878,-0.0038846562923671754,-0.12847119830919307,-0.21004532859810013,-0.18723039070238787,-0.24266822478967623,-0.1729562188736779,-0.2630711152295873,-0.12598063606111373,-0.12066171536561873,0.024219987492411,-0.15126787695088717,0.2354603842660008,0.05784075191608047,0.3009508506529966,0.44567278503836727,0.15862544335751164,0.32982238310653816,-0.1688223237639626,0.16452683425618647,0.1081002615638138,0.12920248143262106,-0.1421985054800586,-0.13203266580543851,0.22263051943012868,-0.028852360236822524,0.09154916075903718,0.10844627442745827,0.03183866123149539,0.14365833283881188,0.24254953963855808,0.13315195807675279,0.0661441476808465,-0.08059543427353276,0.27402575467779267,0.3360633961299511,0.14138322978814702,0.07388150657104904,0.36496870820342636,0.08712950832393743,0.28032063250055916,0.23157390204823183,0.15377578549028378,0.529404246189522,0.14605668585409942,0.20622366673209566,0.08420346286752455,0.20014698699484632,0.2926739308065569,0.02271359903591139,-0.022665212012763218,0.10589180479031529,-0.06248590613830472,0.1078409801567557,-0.13472316688501693,0.029505128567972355,0.1450350805917824,-0.04279330067970073,0.006804311009873692,0.012470157531714042,0.009447338029004824,0.3021249206863654,0.23060616158526842,0.30145480606389824,0.23674400982347865
#54,-0.17777757489717758,0.25195488138332106,0.09722504987058754,0.05484988610790306,0.19424285720806878,0.6305185171659812,0.28020651216294556,0.21224648166999138,0.349226492351655,0.240416858769235,0.10650896757612968,0.35849580265398256,1.0,0.11921193059657548,-0.08392409628104644,-0.006943081340411838,0.14403447347158632,0.4658565644300602,-0.17135853414708743,-0.19714607859695893,-0.21775164675647177,-0.2429138117562207,0.18226843842294824,0.16960929761214605,-0.2105994969575518,-0.11426641164575221,0.15429526126710094,0.12636681928359816,0.3144197893795049,0.2259117073771951,0.34834730927067975,0.34240483505046404,0.34973136072525757,-0.11426367275764948,0.14905759425198684,-0.1637069937507703,-0.1382590714256369,-0.1703789251690122,-0.15610384037760136,-0.010604974733757253,-0.19159252648733036,-0.21164575221279336,0.20044004802183807,0.046766514354056064,0.12578800093122194,-0.04703401242542236,0.11960359159526537,0.18489594507616391,0.13800344186938243,0.016475324900601187,0.059041297867775615,-0.029830143289495906,0.033599766281548565,-0.1009426339886884,-0.09647276860503864,-0.14195200555081322,-0.06441408336262422,-0.05956442549539639,0.01905992230687415,0.1709550046332857,0.07223087000780583,0.27186112011393776,0.09225670685224155,0.08687022691687932,0.11354699703743604,0.1899163269684617,0.15245472846206867,0.1562617829248586,0.011048674606398955,-0.0036819785727654096,0.4283137122432863,0.017900459676719906,0.08146274883939617,-0.1553743831795752,0.11032789055403142,0.10349710362583137,0.13846905284684594,0.10314287409787873,0.24254771371315625,0.11246513623685904,-0.06486417397417228,0.42909246942716156,0.44725038458553773,-0.195081869930204,-0.04229756193310722,-0.257615250128956,-0.10770312278891846,0.3043689830051993,-0.010675272861727234,0.2700324558240173,0.10011366385626315,-0.30907895757918813,-0.21336212209050198,-0.1666622540136123,0.07128777953776698,0.2558961413631446,-0.06065176407217883,0.1984114449004186,0.12449707167213683,0.1537356151314438,0.1054910141646163,0.4250772594685644,0.2655835885824885,0.27863347742927963,0.31303117311142253,0.12938598693550374,0.096479159343945,0.194410842345036,0.20249969187508846,0.1567136994618085,0.15593494227793323
#58,0.013640575714279193,-0.005742535388716694,-0.20590686867488028,-0.14161329638877604,0.0227665508725641,0.0014406551420341723,0.0454609776917564,0.2857938438925078,0.18819721820265034,0.08047309727161096,0.11048492013858774,0.159623311589605,0.11921193059657548,1.0,-0.061988341466309396,-0.14221859065947862,-0.10726307476708039,0.0049692559810468944,0.018498450245815208,-0.12161210953726485,-0.21291659629245846,-0.11165807720925562,-0.050352631843226046,-0.2009376126938334,-0.07160092574417873,-0.031212368818671912,-0.32490973081294766,-0.24486755193616566,-0.13647240341995828,-0.13777976600765976,-0.010706313593558135,-0.15203841747045424,0.03177566680513268,-0.01993819242514847,0.11553269091191279,0.062231189544751146,0.012284826103429545,0.0008810090063770445,-0.12744776712147426,-0.3685603034688018,-0.14954329040887035,-0.11917084727503457,-0.1772142769107168,-0.21211592800376142,-0.30209479291723534,-0.3311543956871642,-0.15574139418534055,-0.08341740198204202,-0.33200162507360764,-0.3902879027877316,0.046189521927081666,-0.3764546919435606,-0.2645291166629387,-0.4376058466131366,-0.42147288272537625,-0.18729338512875057,0.008235836524898775,-0.012482939009526765,-0.023718770969612037,-0.04482738157732566,0.3328251174298274,0.1999689592681691,0.4054239114060995,-0.031363920627022784,-0.14668663011772654,0.007194146083161773,0.3876065313351623,0.06757932504667521,-0.03725892078679126,0.0509971835100677,0.2289308750291007,0.09544294667841345,0.07943140682987397,-0.0782281219900761,0.24793784549932213,0.13419364851848978,0.29815444590011275,0.02995704510492224,-0.05057082992874326,0.020987186568492744,0.29080600912049737,-0.03165059091510816,0.005885870532759384,0.19400366098043065,0.12967630907439276,0.29119401826838365,0.1767504918586551,-0.0865598195985703,-0.12187230390702387,-0.02146010124756353,-0.07595575782751396,0.15431808533462366,0.13446205955255697,0.0654740330583794,0.13162183259002955,-0.18684512044260432,-0.17822949143412745,-0.11755581625712681,-0.23413202353617843,-0.015617139961746863,-0.06581821999662203,0.007069983155838168,0.04941136729858902,0.022557482414055974,0.1089027557779127,-0.04353553935553963,0.18809314045474673,0.22517585944026255,0.09293503813901684,0.1184203919348875,0.1266078414366381
#101,-0.22697074411024937,0.023889494994681994,-0.2081244550753879,0.1510341584994545,-0.17281653558043886,0.028214199308887234,0.2094875083878448,-0.3625219681649906,0.06052394929405159,-0.12227948527162923,-0.05776041119840049,-0.1778606545029603,-0.08392409628104644,-0.061988341466309396,1.0,0.6691879653256766,-0.0649782943117859,-0.13147210670708048,0.39867529112098127,0.3837821305810551,0.3447100658702589,0.46476100918896956,0.1191635435734273,0.14545869528500413,0.16775233147849744,0.2352540546955954,-0.01608001205110765,-0.268503243299995,0.4811998155815344,0.478089351659538,-0.39371333884154164,0.29609388908416145,0.21448963102612442,0.2694728096883602,0.33489480387278775,0.29633856308800505,0.5436729402420264,0.5841573582511287,0.5675715648637175,0.3128412768696335,0.4495054024567826,0.513066778656758,0.23076501709522657,0.4189960149178105,-0.007906256989870679,0.2890421651823415,-0.08688300839469204,-0.05924306262467647,0.054312151077067744,-0.14239570542345492,-0.26317884482829457,-0.15653201988432763,-0.3493141367709422,0.2344296493766747,-0.012419031620463147,0.38514700981891387,-0.11504242994152473,0.1746570683854711,-0.03965453491397609,-0.15866013594014616,-0.36204266274701347,-0.254750373173504,0.27464748227711155,0.09089456650248554,-0.5002460434478949,-0.20134935887194327,0.2747862526076497,0.018403502124920687,0.594391670128317,0.5569218549576157,0.0666590586441591,-0.026954310781633017,0.04962865242140532,-0.14011877644738824,-0.09807410518243277,-0.37452651471924114,-0.2172796450401019,-0.3490877220211168,0.30715625813107406,0.482536392975665,-0.14838108889061338,0.19107396367321414,-0.012134187257779584,-0.21626169162858852,-0.07018126874426546,-0.4592868848343201,-0.3564096828824058,0.0767336020486883,0.4243715393007619,-0.07083038522461164,0.014326210702661742,-0.3494885126468158,-0.16165830544993084,-0.40580096500157486,-0.26288395787590096,-0.11743621814330775,0.22404835050464014,-0.3010877950581329,-0.4472750345784623,-0.2871605490557683,-0.42797956789475367,-0.16991605307965144,0.08376432780838738,-0.07721564635476817,-0.20992481752158015,-0.1196054175206672,-0.18867652362062748,-0.4521529942894183,-0.20916249366632125,-0.36287619769294327,-0.19470664226013046
#102,-0.29853515134639175,0.08482792935494621,-0.13244715087165113,0.015132356767564262,-0.14195200555081322,0.051659994430927524,0.12675848028228806,-0.4058338316588076,0.09959327511674511,-0.12269031848703821,-0.18036034637804874,-0.162448018186217,-0.006943081340411838,-0.14221859065947862,0.6691879653256766,1.0,-0.16012270218700214,0.1556418812509415,0.25480880278636214,0.5856244893114891,0.01688524515330926,0.5948289792620522,0.19714516563425802,0.32687442654530346,0.033539510743288585,0.35191608046853246,-0.13605883131644655,-0.14079162995795808,0.5325521415822556,0.49347551205795487,-0.26980786699959375,0.35112819365764814,0.11933883241200181,0.17228975610201444,0.2324795610475334,0.2143745977258099,0.286402790014014,0.5590956191484797,0.29332943802580946,0.4566666818827117,0.3679038832868483,0.5648555008285137,0.24714265498683052,0.622657908311156,-0.007362131220129002,0.3437934513185464,-0.1730046058968261,-0.08543870140185422,-0.07313652900710742,-0.031712672378769964,-0.27640950028986566,0.02424189859723281,-0.35628004217887677,0.39011535283725984,-0.12570948613894378,0.49669279261595767,-0.34117050947883526,0.17718962691779228,-0.24908817850246728,-0.07513317843399508,-0.4693029986259911,-0.3320007121109067,0.15438473161179,0.14956794040179489,-0.29642346861918956,-0.13469760392939145,0.08380541112992829,0.0013511847973451045,0.6119634632327097,0.6202230367878321,0.10965047222995704,-0.05875006276618569,2.8301843728174484e-05,-0.2656420181953466,-0.16917198847841072,-0.4148164716730498,-0.22944578599241328,-0.24563900541843364,0.12003359702739344,0.577242578754445,-0.18743763323549417,0.26873604878872676,0.152331478497446,-0.2806803398047173,-0.20670571103817553,-0.5715046081792329,-0.5062012991459234,0.2304993449492621,0.507598132078314,-0.023959793122651975,0.007931819945496127,-0.45834105547617854,-0.20463328570711242,-0.41233047423847496,-0.15321431342922484,-0.01553223443056234,0.5032560814727914,-0.28062647500536364,-0.26516088685196765,-0.3192256250370891,-0.4376953169578257,-0.054041914117598726,0.10369795542003131,-0.10537050308809634,-0.14208073329164136,-0.2641000241935116,-0.3090771316537863,-0.5076994709381148,-0.23437487161462017,-0.2161484842536758,-0.08588422719989774
#201,0.37899181528938636,0.32969639425381275,0.7155445594270247,0.5791269337691208,0.24276773772407528,0.2550635193799157,0.12034400434570246,0.1406610762917281,-0.14861572030474696,0.6112796541697288,0.5223799111687292,0.19388954064281705,0.14403447347158632,-0.10726307476708039,-0.0649782943117859,-0.16012270218700214,1.0,0.32892037595804025,0.009861823095217446,-0.22070599405661281,-0.18430251932057315,-0.29701780733748123,0.026643903463324004,-0.04096828824058393,0.20614789082792023,-0.09692742403009125,0.14817019450670343,0.10813221525834563,0.042527628533736254,0.1262590896848909,0.3175978125413686,0.2541505566790069,0.32843559276385764,0.24261892480382713,-0.016653352627278413,-0.07233220886760672,0.18579795222466186,-0.06889490429868488,0.01491872349555159,-0.01585177137588044,0.1311954790087051,-0.10212492068636536,-0.17464519987035929,-0.28580206055681595,-0.11671315168418794,-0.14467628625032525,0.1385895639233659,-0.07434346569770892,0.051649038878516615,-0.09579352435556246,0.12392555702136789,-0.14953598670726306,0.17019907151693317,0.08305678171518302,0.07675825204161284,-0.03270506283465789,-0.099323951119977,-0.2881995006094026,0.20843577535639782,-0.056782628145727106,0.13784915117292884,0.3083257633509383,-0.21910557044191958,0.12340699420725167,0.10782272090273752,0.17653046784773607,-0.21238160014972587,-0.07611278741207028,0.16407491771923657,0.051200774192370374,0.3081513874750647,0.20735391455582083,-0.29168610516417354,0.07829659419264426,-0.3719063117676327,-0.002112595689903089,-0.2044032191064834,-0.09685529997671945,0.21723856171856099,-0.1374547512861362,0.060761319596287895,-0.1348135501924069,0.07561613570277587,-0.09690094811176489,0.018608918732625178,0.1793889540642817,0.22608790917847052,0.09209693837958251,-0.0008892256706852242,0.06285839492027553,-0.26263471905855285,0.25419711777675325,0.0010499071060451825,0.205889522383563,0.08024394363368284,0.5872002629332579,0.09649102785905682,0.5734674779861869,0.1607270834950038,0.33114617902285604,0.21047259514212546,0.38289746972387445,0.32078679125564324,0.319907608174668,0.19048784161923066,0.3991445539492484,0.24938123952945904,0.06626009394386193,-0.05289523296525721,-0.05965480880278636,-0.005069681878146868
