,#10,#11,#12,#13,#17,#18,#26,#49,#50,#51,#52,#53,#54,#58,#101,#102,#201,#202,#301,#302,#401,#402,#501,#502,#601,#602,#701,#702,#801,#802,#901,#902,#1001,#1002,#1101,#1102,#1201,#1202,#1301,#1302,#1401,#1402,#1501,#1502,#1601,#1602,#1701,#1702,#1801,#1802,#1901,#1902,#2001,#2002,#2101,#2102,#2201,#2202,#2301,#2302,#2401,#2402,#2501,#2502,#2601,#2602,#2701,#2702,#2801,#2802,#2901,#2902,#3001,#3002,#3101,#3102,#3201,#3202,#3301,#3302,#3401,#3402,#3455,#3501,#3502,#3601,#3602,#3701,#3702,#3801,#3802,#3901,#3902,#4001,#4002,#4101,#4102,#4201,#4202,#4301,#4302,#4401,#4402,#4501,#4502,#4601,#4602,#4701,#4702,#4801,#4802
#10,1.0,0.3394994810287164,0.3861838311613424,0.47453196478683735,-0.15165494175988928,0.21437742667127974,0.1292968900165302,0.5726521354707261,0.05541844462384193,0.293768500365202,0.3034098335447661,-0.12778226271479645,0.048106715872832814,-0.11284357821089455,-0.22690962211202093,0.01423903432898935,0.3325260446699727,0.19851612655210857,-0.007980625072079344,0.1872371506554415,-0.054680352131626496,0.1642025141275516,0.16786222273478646,0.0848575712143928,-0.0040056894629608274,0.11522700188367355,0.14799523315265445,0.3379694768000615,0.20655057086841194,-0.09496021220159151,0.08386575942797832,-0.1385230461692231,0.08232037827240227,-0.08967823780417483,-0.15520701187867605,-0.0643063083842694,-0.14342828585707146,0.13264137162188136,-0.033367931418905934,0.11865605658709107,-0.05558759081997463,-0.04381655326183062,0.002744781455426133,0.10021143274516588,0.0018298543036174221,0.12747472417637334,0.08266635912812824,0.028862491831007572,-0.07967554684196364,-0.06538269326875024,-0.17341329335332334,-0.09133125744819898,-0.1455195479183485,0.11967862222734786,0.14870257179102755,0.17660400568946297,-0.1865221235536078,0.008580325222004382,-0.09185407296351825,-0.04608464998270096,-0.1673086533656249,0.005051320493599354,-0.03874216737784954,-0.0013377926421404682,0.11492715180871103,0.36823126898089414,-0.09061623034636528,-0.12474531964786838,0.07641563833467882,0.10810748471917887,0.2519663245300427,0.24470072655979702,-0.05605658709106985,0.02581786030061892,0.016299542536424096,0.12316149617498943,-0.24440856494829508,-0.07660016145773267,0.0033444816053511705,0.1786645138968977,-0.05798639141967478,-0.021396993810786913,-0.04626917310575482,-0.058055587590819975,0.04416253411755661,0.003067696920770384,-0.1263675854380502,0.006150770768461923,0.057671164417791104,-0.05286587475493023,0.04820666589782032,-0.03792719025102833,-0.021150962980048437,-0.06497520470533964,-0.19626340675815937,0.06748933225694845,0.00722715565294276,0.19024333986852726,0.29917349017798794,0.08993195709837389,0.11047553146503672,0.3306808134394341,0.03373697766501365,0.15276976896167302,0.11529619805481875,0.05681774497366701,-0.03023103832699035,-0.10235651405066698,-0.12719025102833198,-0.42863952639065084,-0.11191327413216469
#11,0.3394994810287164,1.0,0.28351209010879175,0.16969976550186444,-0.1629877369007804,0.2853035020951063,0.3934417406681275,0.48753315649867374,0.31086764310152615,0.36034290547034176,0.4319148118248568,-0.08599546380655826,0.18445392688271248,0.1726444470072656,0.050451697228308924,0.037212163149194635,0.24353208011378927,0.16487141044862183,0.10986045438819052,0.0575020182216584,0.08482681736055049,-0.07619267289432206,0.0038365432668281243,-0.08141313958405412,-0.009933494791066005,-0.10204897551224387,-0.04187906046976512,0.020943374466612846,0.27449352246953446,-0.15415369238457693,0.14480452081651482,-0.07727674624226348,0.025264290931457347,-0.30154922538730633,-0.14222888555722138,0.01116364894475839,-0.136431784107946,0.007650021143274516,-0.14448160535117058,-0.11769499865451889,-0.2540960289086226,0.00100718871333564,-0.23126129243070773,-0.06956521739130435,-0.21188636451005266,-0.13886902702494908,-0.1456656287240995,-0.10099565601814478,-0.2094568100565102,-0.12145465728674125,-0.2494445085149733,-0.1598815976627071,-0.13415599892361513,-0.09401453119594048,-0.007042632529888902,0.1279283435205474,-0.11084457771114443,-0.1980625072079345,-0.22534117556606312,-0.28657978702956216,-0.01829854303617422,0.01681466958828278,0.04900626609772037,0.16867719986160765,0.024180217583515934,0.3126974974051436,0.09076231115211625,0.16652443009264598,0.33168031368930917,0.4008687963710452,0.3828931688002153,0.30196440241417755,0.21774497366701265,0.01856763925729443,0.10950678506900396,0.13101910583169954,-0.018844423941875216,-0.11559604812978126,0.08398108637988698,0.07533925345019797,0.10018836735478415,-0.1553915350017299,-0.061246299926959596,0.07390151078307,-0.15966632068581094,-0.015207780725022104,-0.19810863798869796,-0.1310959904663053,-0.23359858532272326,-0.11287433206473686,-0.16939991542690194,-0.28296620920309073,-0.34888709491408143,-0.1931572675200861,-0.20957982547187945,0.1878522277322877,0.06087725368085188,0.12327682312689808,-0.06840425940875716,0.08110560104563103,-0.0875792872794372,0.1567523930342521,-0.028977818782916234,0.05035174720332142,0.17681928266635913,0.056802368046745856,-0.06682812439933879,-0.07082612539883905,-0.09668242801676084,-0.1460039211163649,-0.16562487986775842
#12,0.3861838311613424,0.28351209010879175,1.0,0.4102102794756468,-0.13115749817398992,0.4582093568600315,0.37372083189174643,0.2960827278668358,-0.056333371775650634,0.5014185215084765,0.4364356283396763,-0.09512935839772421,0.299827009572137,0.11651866374505056,-0.12175450736170376,-0.0594087571598816,0.5941337023795794,0.7351785645638719,-0.17128358897474338,0.05044400876484834,0.04210971437358244,0.2226271479644793,0.3263368315842079,-0.11983239149655942,0.2918925152808211,-0.1278668358128628,0.09705147426286856,0.18308538038672972,0.499227309422212,-0.09136201130204129,0.31754891784876793,-0.03568984738400031,0.31358167070311,-0.28598777534309766,-0.30612386114634993,-0.17152961980548187,-0.02607926805827855,-0.1591358167070311,-0.08872486833506324,-0.3041094837196786,-0.007688463460577404,-0.11346634375120132,-0.14921769884288624,-0.24618460000768846,-0.050859185791719524,-0.17571983239149655,-0.15051704916772382,-0.1047322492599854,-0.13254911006035444,0.16837734978664515,-0.04356283396763157,0.21962864721485412,0.09152346903471341,0.30562411102141235,0.2768461922884711,0.15898973590128013,0.06762003613577826,-0.3243378310844578,-0.18844423941875216,-0.16004305539537925,-0.13134202129704378,-0.01803713527851459,-0.4106562103563603,-0.24942144312459155,0.1582208895552224,0.30000384423173027,0.05305039787798409,-0.11002960058432322,0.28702571791027565,0.19600968746396033,0.758336216507131,0.5878060969515242,0.20840349056241111,0.29264598469995773,-0.12955829777418984,0.22988505747126436,-0.23479029715911276,0.0952677507400146,-0.03159958482297313,0.09133894591165956,-0.0863875754430477,-0.1730211817168339,-0.2040825740975666,-0.13848460385192018,-0.19188098258563027,-0.22404951370468612,-0.18967439357244456,-0.32731326644370123,-0.2675123976473302,-0.0986045438819052,-0.23304501595356167,-0.24925998539191943,-0.18248568023680467,-0.16095798254718793,-0.289893514781071,0.47456271864067967,0.20226040825740976,0.6081113289509091,0.16646292238496135,0.32400722715565294,0.28154384346288397,0.6386883481336255,0.15038634528889402,0.3168800215276977,0.462330373274901,0.10536270326375274,0.26323761196324913,-0.11061392380732711,-0.04882943143812709,-0.19192711336639373,-0.15639872371506555
#13,0.47453196478683735,0.16969976550186444,0.4102102794756468,1.0,-0.2031676469457579,0.17181409295352323,0.03360627378618383,0.08654903317571984,0.017306731249759736,0.5173720831891746,0.1824472379195018,-0.2515511475031715,0.031399684772998114,-0.142290393264906,-0.23099988467304808,-0.15280052281551532,0.24955214700342138,0.2635989697458963,-0.05578749086994964,0.08820974128320455,-0.1703225310421712,0.015499942336524046,0.05105908584169454,0.009602890862261177,0.05483412140083804,0.21782954676507899,0.3417214469688233,0.5447814554261331,0.19338023296044285,0.15769807403990313,-0.0832583708145927,-0.08172067812247723,0.05918579171952485,0.049475262368815595,-0.011348172067812247,-0.06313766193826163,0.13969938107869143,0.226125398839042,0.18631453504017223,0.22403413677776496,0.06327605428055204,0.01798331603429055,0.034129089301503095,-0.01824472379195018,0.1940798831353554,0.062468765617191405,0.2301080229116211,0.19414139084304002,0.2052358436166532,0.05420366739707069,0.06024679967708454,0.027432437627340177,0.03435205474185984,0.018928997039941567,0.04823741975166263,0.17602737092991966,-0.15055549148502673,0.05028255103217622,0.1667550839964633,0.16105024410871488,-0.09649021643024641,0.08285857071464268,-0.043662783992619074,0.013754661130972975,0.3328335832083958,0.4050051897128359,-0.062276554030676966,-0.25397301349325335,-0.0981586130011917,0.04684580786529812,0.21061007957559683,0.07123361396224964,-0.3199246530580863,0.049828931688002155,0.08236650905316573,0.24740706569792026,-0.010833045015953561,0.07337100680429016,-0.04378579940798832,0.17543535924345519,-0.2873409449121593,0.025756352592934302,-0.19671702610233344,-0.30467843001576134,-0.006835044016453312,-0.27024180217583516,0.041025641025641026,0.001922115865144351,-0.07595433052704417,-0.2370891477338254,-0.028331987852227732,0.09900434398185523,0.1344404720716565,-0.05174335908968593,-0.03591281282435705,-0.12302310383269903,0.1405220466689732,0.1959558682197363,0.43799638642217353,0.19818552262330374,0.2637604274785684,0.22817821858301618,0.16268019836235728,0.16354899473340254,0.13560911851766425,-0.013508630300234498,-0.07634644216353362,0.0965671010648522,-0.14747241763733518,-0.23085380386729712,0.012124706877330565
#17,-0.15165494175988928,-0.1629877369007804,-0.13115749817398992,-0.2031676469457579,1.0,0.09412216968438858,-0.05545688694114481,-0.03970322531042171,0.05667166416791604,-0.09334563487487026,-0.06961903663552839,0.5543151501172491,0.03914965594126014,0.3147041863683543,-0.10341752200822665,-0.14928689501403145,-0.07476261869065468,-0.21498481528466537,-0.2398723715065544,-0.3809402990812286,-0.18912082420328297,-0.2980355975858225,0.10276400261407757,0.015169338407719217,-0.19830853803867296,-0.2581478491523469,-0.29416061200169147,-0.47310191058316997,-0.10091108292007842,0.11574981739899282,-0.10991427363241456,0.1038788298158613,-0.06487525468035213,0.2635528389651328,0.24245569522930843,0.24977511244377812,-0.004374735709068543,0.08904778380040748,-0.03294506592857417,0.04622304232499135,0.211025256602468,0.08335832083958021,0.27204859108907087,0.09659785491869449,0.1824779917733441,0.07300196055818245,0.09918886710490908,-0.005997001499250375,0.05622573328720255,-0.18095567600814977,0.05867066466766617,-0.1701918271633414,-0.08741782954676508,-0.16687041094837196,-0.2055741360089186,-0.3034790297159113,0.15145504170991428,-0.035082458770614694,0.08544958290085726,-0.010433244916003536,0.1619267289432207,0.19570214892553722,0.23276823126898089,0.03401376234959443,-0.22664821435436128,-0.3252527582362665,0.08887863760427478,0.25118978972052436,-0.22155845154345905,-0.02514127551608811,-0.18903625110521663,-0.012455310806135394,0.2135393841540768,0.2187906046976512,0.14578095567600816,0.16528658747549302,0.18113251066774305,0.1386460615845923,0.17757275208549572,-0.05820935686003152,0.14792603698150925,0.2278245492638296,-0.06396032752854341,0.2515511475031715,0.34547341713758506,0.37017645023642026,0.17844154845654095,0.22453388690270248,0.14683427517010725,0.31102910083419827,0.28177449736670124,0.0792449928881713,0.014754161380848037,0.25475723676623224,0.05266597470495522,-0.19380309845077462,-0.277176796217276,0.13214162149694383,-0.16300311382770152,0.11761811401991312,0.047153346403721215,0.008687963710452466,0.03970322531042171,-0.10256410256410256,0.01154807211778726,0.14074501210932994,0.15894360512051667,0.010617768039057394,0.007011878676046592,0.1682543343712759,0.040918002537192945
#18,0.21437742667127974,0.2853035020951063,0.4582093568600315,0.17181409295352323,0.09412216968438858,1.0,0.40488217429746665,0.46551339714758005,0.18979740898781378,0.3367162572559874,0.44267866066966516,0.2750009610579326,0.5637642717102987,0.23319878522277324,-0.0033367931418905932,-0.0012916618613770037,0.28643370622381115,0.22217352862030523,0.008687963710452466,0.02156614000691962,-0.13029639026640527,0.03256833121900588,0.36578633760043056,0.08399646330680813,0.11560373659324184,-0.08474224426248414,-0.21155576058124784,-0.20661976703955715,0.3550224887556222,0.10224887556221889,0.24756083496713183,-0.05883212240033829,0.021666090031907122,0.023872679045092837,-0.15060931072925077,0.18225502633298735,-0.05885518779072003,0.04275554530427094,-0.1180332910467843,-0.03627417060700419,-0.03808864798370046,0.10700803444431631,-0.15389228462691731,-0.08032137777265214,-0.13440202975435359,0.07093376388728713,-0.014077576596317226,-0.11837927190251028,-0.22312689808941683,-0.23665859378003307,-0.13282589474493522,-0.023672778995117827,-0.29256141160189136,-0.06399108138238573,-0.10188751777957175,-0.09980394418175528,-0.06760465920885711,-0.23646638219351862,-0.23081536154999424,-0.1424595394610387,-0.10031907123361396,-0.0672356129627494,-0.025133587052627533,-0.0658747549302272,0.09964248644908315,-0.02754776457924884,0.15268519586360665,0.04289393764656133,0.20294468150540115,0.18864413946872718,0.5094914081420828,0.4376504055664475,0.2624457002268097,0.03668165917041479,0.086764310152616,-0.005435743666628225,-0.0754699573290278,-0.10740783454426633,0.35579133510167993,0.3185022873178795,0.21325491100603544,0.247776111944028,-0.2909545227386307,0.2321224003382924,0.12951216699342635,-0.06449851997078383,-0.25592588321224,-0.050590089570599316,-0.0717256756237266,0.13221850613154962,-0.07108753315649867,-0.04939837773420982,-0.01682235805174336,-0.09983469803559758,-0.20689655172413793,0.07804559258832122,0.18862107407834544,0.15357705762503363,-0.01243993387921424,0.06619767039557145,-0.15034021450813054,0.29953484796063506,0.05250451697228309,0.06511359704763003,0.22700957213700843,-0.05570291777188329,0.07230231038326991,-0.07032637527390151,-0.10400953369469111,-0.12846653596278784,-0.18355437665782492
#26,0.1292968900165302,0.3934417406681275,0.37372083189174643,0.03360627378618383,-0.05545688694114481,0.40488217429746665,1.0,0.25982393418675276,0.3510091108292008,0.44142544112559107,0.41943643562833965,0.03367546995732903,0.4660362126628993,0.40099181178641446,0.006819667089532157,0.03934186752777458,0.14863337561988238,0.16312612924307077,-0.1439895436896936,0.14867181793718526,-0.1442663283742744,-0.04080267558528428,0.18705262753238766,-0.0761849844308615,-0.17053011955560682,-0.0910852266174605,-0.2413408680275247,-0.07271748741014109,0.3338945911659555,0.17146811209779725,-0.007442432629838926,-0.05925498789067005,-0.10179525621804482,-0.2797908737938723,-0.17242917003036942,0.04249413754661131,-0.21975166263022336,-0.012593703148425787,-0.12085495713681621,-0.24842963133817705,0.07126436781609195,0.3163341406219967,-0.15536846961134818,-0.00417483565909353,-0.056371814092953526,-0.05523392150078807,-0.23952639065082842,-0.2207896051974013,-0.22148925537231384,-0.03115365394225964,-0.26004689962710953,0.015453811555760581,-0.12356898473840003,-0.11972475300811133,-0.10996040441317803,0.08327374774151386,0.00642755545304271,-0.11695690616230346,-0.06902702494906393,-0.04108714873332565,0.03941875216238035,-0.08554953292584477,0.15982008995502248,0.1647176411794103,0.00814208280475147,0.09559835466881944,0.46878099411832547,0.3914965594126014,0.33566293776188827,0.4985661015646023,0.49052396878483834,0.44196363356783147,0.29759735516856956,-0.02165071310498597,0.11968631069080844,0.10753084995963556,-0.03153038865182793,-0.10283319878522278,0.2535578364663822,0.2825510321762196,0.12826663591281282,-0.044101026409871985,0.1445046707415523,0.18126321454657288,0.00595087071848691,-0.016130396340291394,-0.2916003536693192,0.08717948717948718,0.20490523968784838,-0.007603890362511052,-0.03465959328028294,-0.16904624610771538,-0.1221158651443509,-0.1566140006919617,-0.19950793833852304,0.11379694768000614,0.011694152923538231,0.09568292776688579,-0.37231384307846077,0.030454003767347096,-0.15819013570138007,0.007703840387498558,-0.14936377964863723,-0.05584131011417368,0.0205512628301234,-0.15306961903663552,-0.17315957405912427,-0.17346711259754738,-0.009518317764194826,0.09463729673624727,-0.04180986429861992
#49,0.5726521354707261,0.48753315649867374,0.2960827278668358,0.08654903317571984,-0.03970322531042171,0.46551339714758005,0.25982393418675276,1.0,0.3026179218083266,0.2538038672971207,0.5376081190174143,0.09524468534963287,0.44472379195017875,0.2007150271018337,0.013247222542574866,-0.050151847153346404,0.28531887902202746,0.07311728751009111,0.331265136662438,0.1918732941221697,0.22953907661553838,0.09702840887248683,0.13640103025410372,-0.10611617268288932,0.01113289509091608,-0.27171029869680546,-0.02350363279898512,-0.11072925075923577,0.17861838311613423,-0.11036789297658862,0.28075193172644447,-0.08571867912197748,-0.10100334448160535,-0.1646791988621074,-0.22811671087533156,0.03349094683427517,-0.49583669703609734,-0.1949563679698612,-0.2999500249875062,-0.2400415177026871,-0.07809941183254526,0.005374235958943605,-0.03254526582862415,-0.18811363548994733,-0.2375273901510783,-0.1798946680505901,-0.1836389497558913,-0.2706416022757852,-0.3218621458501518,-0.21028716411025256,-0.1908737938722946,0.010771537308268943,-0.1602967746895783,0.02381117133740822,0.14680352131626495,-0.06274555030177219,-0.06125398839042018,-0.27478568408103643,-0.2955445354245954,-0.2997424364740707,-0.1609426056202668,-0.07026486756621689,-0.1162649444508515,-0.03970322531042171,0.16977665013647023,0.2706031599584823,0.029861992080882634,0.02908545727136432,0.31689539845461884,0.2950370968361973,0.4337369776650136,0.38704493906892706,0.18892861261676855,-0.04368584938300081,0.008111328950909161,-0.006373736208818668,-0.32203129204628456,-0.2427632337677315,0.18839042017452812,0.03096913081920578,0.29181563064621535,-0.009041633029639026,-0.09663629723599738,0.49415292353823087,0.06530580863414447,0.04522354207511629,-0.3410679275746742,-0.049167723830392494,-0.10377887979087379,0.156444854495829,-0.1957867220236036,-0.23956483296813133,-0.3298504593856918,-0.2044516203436743,-0.2753161880598162,0.095406143082305,-0.07028024449313805,-0.05049782800907239,-0.07385538000230654,-0.06174605005189713,0.03602045131280514,0.292476838503825,0.012001691461961327,-0.06697420520508976,0.12842040518202438,-0.07122592549878906,0.05767885288125168,-0.0814208280475147,-0.01373928420405182,-0.305393457117595,-0.41015646023142277
#50,0.05541844462384193,0.31086764310152615,-0.056333371775650634,0.017306731249759736,0.05667166416791604,0.18979740898781378,0.3510091108292008,0.3026179218083266,1.0,0.2181293968400415,0.4316841579210395,-0.0018529196939991543,0.28117479721677624,0.234913312574482,0.23803482873947643,-0.13766193826163842,0.08411179025871679,-0.06171529619805482,0.2807749971168262,0.09704378579940799,0.1380079191173644,-0.20196055818244724,0.028201283973397915,-0.11070618536885403,-0.10111098297005343,-0.20579710144927535,-0.018759850843808865,-0.10881482335755199,0.16778533810018068,0.0906085418829047,0.08164379348787144,0.08745627186406797,-0.2170145696382578,-0.08730250259485642,0.04454695729058548,0.18175527620804982,-0.3125667935263138,-0.14931764886787374,-0.1979241148656441,-0.2681505401145581,0.04865259677853381,0.0893168800215277,-0.12632145465728675,-0.05833237227540076,-0.17262138161688387,-0.1730519355706762,-0.07553915350017298,-0.12385345788644139,-0.01934417406681275,-0.249613654711106,-0.09555991235151655,-0.22407257909506786,-0.023903432898935147,-0.25152039364932915,-0.09476800061507708,-0.13653173413293354,0.039003575135509165,-0.09506785069003959,-0.06975742897781878,-0.22726329143120746,-0.06057740360588936,-0.04252489140045362,0.17762657132971976,0.0032291546534425094,0.048844808365048245,0.13112674432014762,0.20688117479721677,0.22676354130626994,0.23728904778380042,0.36895398454618844,0.15486103102295007,0.14235190097259062,0.007603890362511052,-0.15129358397724216,0.07738438473071156,-0.015315419213470188,-0.12169299965401914,-0.20014608080575097,0.22141237073770806,0.006058509206934994,0.10900703494406642,-0.06589782032060892,0.007065697920270634,0.16769307653865376,-0.1645177411294353,-0.15204705339637872,-0.23329104678430015,0.09204628455003268,-0.07970630069580595,-0.07906046976511744,-0.18320070733863839,-0.2548494983277592,-0.24435474570407104,-0.3231614961749894,-0.13738515357705763,0.01140199131203629,-0.2151462730173375,-0.19859301118671432,-0.10852266174605005,0.033152654442009766,0.08214354361280898,0.01297043785799408,0.0628455003267597,-0.3358628378118633,-0.05646407565448045,-0.035220851112905086,-0.15738284703801944,0.015323107676930766,-0.029654403567447047,-0.09600584323223003,-0.15602967746895782
#51,0.293768500365202,0.36034290547034176,0.5014185215084765,0.5173720831891746,-0.09334563487487026,0.3367162572559874,0.44142544112559107,0.2538038672971207,0.2181293968400415,1.0,0.40803444431630337,-0.24321685311190558,0.3903817322108177,0.16703186868104408,-0.05194325913966094,-0.2054741859839311,0.47477799561757583,0.29944258639910815,-0.08427324799138892,0.1030638526890401,-0.15180102256564026,-0.2530503978779841,0.26122323453657786,-0.2107177180640449,-0.07361703763502864,-0.13482489524468536,0.381078691423519,0.3620881866758928,0.34315918963595127,-0.06816591704147926,0.07142582554876407,0.03517472033214162,0.015415369238457695,-0.23210702341137124,-0.2727021104832199,0.07041863683542844,-0.2504286318379272,-0.09722830892246184,0.031199784723023104,-0.17925652558336216,-0.03835774420482067,0.13944566178449236,-0.10983738899780879,-0.2615538384653827,-0.07041863683542844,-0.28538807519317266,-0.012047822242724791,0.03710452466074655,0.15210856110406334,0.1671702610233345,0.05697151424287856,0.07716141929035482,0.1853381001806789,-0.01915965094375889,0.04216353361780648,-0.024556952293084227,0.016414869488332758,-0.30001922115865143,0.17084534655749048,0.13937646561334718,-0.1302195056317995,0.03555914350517049,0.03161496174989428,-0.06812747472417638,0.26898858263176106,0.32486064659977704,0.0850651597278284,0.014638834428939377,0.167670011148272,0.3337792642140468,0.4644447007265598,0.3590666205358859,0.07904509283819629,0.2287548533425595,0.08775612193903048,0.19790873793872293,-0.054918694498904394,-0.030400184523123056,0.13484027217160652,0.14738784453926881,-0.15649098527659247,-0.229400684273248,-0.15057086841194786,-0.1690078037904125,-0.21418521508476532,-0.23216084265559528,-0.13897666551339716,-0.19371852535270825,-0.12460692730557799,-0.22815515319263446,-0.2655364625379618,-0.12832814362049744,-0.06906546726636682,-0.17794179833160342,-0.09640564333218006,0.08413485564909853,-0.02249644408564948,0.20113789259216547,0.1392688271248991,0.25354245953946103,0.23788105947026486,0.1783569753584746,0.10029600584323223,0.21906738938223197,0.26289163110752317,-0.043801176334909465,-0.0274247491638796,-0.10575481490024219,-0.23338330834582707,-0.05531849459885442,0.031084457771114442
#52,0.3034098335447661,0.4319148118248568,0.4364356283396763,0.1824472379195018,-0.06961903663552839,0.44267866066966516,0.41943643562833965,0.5376081190174143,0.4316841579210395,0.40803444431630337,1.0,-0.08558028677968708,0.4536654749548303,0.07464729173874601,0.1276592472994272,-0.06895782877791873,0.45615653711605736,0.28902471841002575,0.25858609156959983,0.05647176411794103,0.14866412947372468,-0.05368854034521201,0.28422711721062544,-0.09995771345096682,0.25636412562949296,-0.14251335870526274,0.06093107292507592,0.1044247107215623,0.37671933264137164,-0.1084380886479837,0.1945873217237535,-0.017429746665128976,0.01190174143697382,-0.2523891900203744,-0.18099411832545265,0.07700765002114328,-0.2536193441740668,-0.10356360281397763,-0.250613154960981,-0.29338407719217313,-0.09376850036520201,0.06563641256294929,-0.10215661400069197,-0.18293161111751816,-0.16134240572021682,-0.27997539691692613,-0.09848921692999654,-0.1370929919655557,-0.30743089993464806,-0.08630300234498135,-0.08987044939068928,0.04131011417368239,0.01696843885749433,-0.07732287702302695,0.15544535424595396,-0.09177718832891246,-0.030907623111521162,-0.3193633952254642,-0.19144274016837734,-0.24799138892092415,-0.16168069811248223,-0.054780302156614,-0.050182601007188715,0.003390612386114635,0.1683542843962634,0.149986545188944,0.11608810979125822,0.06365278899012032,0.40771921731441974,0.22257332872025526,0.48872486833506323,0.2837504324760697,0.0829892745934725,-0.11921731441971321,-0.14448929381463116,-0.1268135163187637,-0.21768346595932803,-0.21756813900741936,0.08864798370045747,0.04528504978280091,0.18090185676392573,-0.17973321031791797,-0.016207280974897167,0.22344212509130051,-0.24236343366778149,-0.28099027409372235,-0.270026525198939,-0.20269096221120209,-0.21297812632145466,-0.01956713950716949,-0.2465075154730327,-0.2777457425133587,-0.21916733940721947,-0.26214585015184716,-0.21042555645254296,0.2795448429631338,0.07311728751009111,0.0600545880905701,-0.06652058586091569,0.11525775573751586,0.17667320186060817,0.334540422096644,-0.023911121362395725,-0.004497751124437781,0.18923615115519163,0.03739668627224849,0.030899934648060585,-0.10728481912889709,-0.19097374389728214,-0.24163302963902664,-0.30590089570599316
#53,-0.12778226271479645,-0.08599546380655826,-0.09512935839772421,-0.2515511475031715,0.5543151501172491,0.2750009610579326,0.03367546995732903,0.09524468534963287,-0.0018529196939991543,-0.24321685311190558,-0.08558028677968708,1.0,0.3158574558874409,0.35883596663206857,-0.33394841041017953,-0.2037750355591435,-0.33628570330219504,-0.3054395878983585,-0.22168915542228887,-0.3698689116979972,-0.2464152539115058,-0.14680352131626495,0.20943374466612846,0.14665744051051396,-0.17732672125475724,-0.237496636297236,-0.37711913274132164,-0.47262522584861416,-0.34618844423941875,0.2206819667089532,-0.04694575789028563,0.2287548533425595,-0.08059816245723292,0.43959558682197364,0.2783070003459809,0.30696190366355286,0.11355091684926767,0.0709106984969054,-0.024395494560412102,0.11741821396993811,0.04834505824011071,-0.00399800099950025,0.2645754046053896,0.156444854495829,0.1758120939530235,0.2771076000461308,0.06704340137623496,-0.13756967670011147,-0.07649252296928459,-0.2743705070541652,-0.06499827009572137,-0.16550186445238918,-0.20911082920078422,-0.2653903817322108,-0.4714796447929881,-0.37642717102986967,-0.03672010148771768,0.12210817668089033,0.054972513743128434,0.0017452812055510705,0.30457847999077386,0.34428170530119556,0.1962249644408565,0.19998462307307885,-0.16424864490831506,-0.3978241648406566,0.16258793680083036,0.16248798677584284,-0.3865836312612924,-0.18250105716372583,-0.1577057625033637,-0.11419674777995617,0.058847499327259446,0.12512205435743667,0.08348902471841002,0.10586245338869027,0.27413216468688734,0.18303156114250568,0.18134009918117863,-0.003751970168761773,0.39593280282935456,0.6326605927805328,0.16957675008649523,0.45333487102602543,0.6976742398031753,0.5050474762618691,0.2593395609887364,0.27057240610464,-0.036520201437742664,0.5628032137777266,0.35853611655710604,0.3314881021027948,0.22418021758351594,0.38454618844423943,0.045546457540460536,-0.24916772383039248,-0.2162611002191212,0.08949371468112098,-0.12397647330181064,0.12212355360781148,-0.02182754776457925,0.09565217391304348,0.1734594241340868,-0.11149040864183293,0.041356244954445856,0.04343981855226233,0.2450543958789836,0.2493753123438281,0.11605735593741591,0.2577864913696998,0.025002883173797716
#54,0.048106715872832814,0.18445392688271248,0.299827009572137,0.031399684772998114,0.03914965594126014,0.5637642717102987,0.4660362126628993,0.44472379195017875,0.28117479721677624,0.3903817322108177,0.4536654749548303,0.3158574558874409,1.0,0.38566870410948373,-0.03839618652212355,-0.1201783723522854,0.08774074501210934,0.020858801368546495,0.0538961288586476,-0.013616268788682582,-0.10616230346365278,-0.11648022142774767,0.31984007996002,-0.11832545265828624,-0.042324991350478604,-0.28262791681082533,-0.003951870218736785,-0.1462730173374851,0.21876753930726944,0.1291200553569369,0.07622342674816437,0.004343981855226233,-0.1276284934455849,0.01513089609041633,-0.19769346096182677,0.32659055087840694,-0.24959827778418484,-0.23792719025102832,-0.11116749317648868,-0.28763310652366125,0.15844385499557914,0.26033906123861145,0.1424979817783416,-0.13277207550071118,-0.12095490716180371,-0.1270518586860416,-0.18423096144235573,-0.31251297428208974,-0.04011071387383231,-0.032683658170914544,-0.023703532848960134,0.1277591973244147,0.008711029100834199,-0.08102102794756467,-0.1785338100180679,-0.28367354784146387,-0.05827855303117672,-0.22032829738976664,-0.09433744666128474,-0.01130972975050936,-0.10673893822319609,-0.08225887056471765,0.10566255333871526,0.1171798716026602,0.1862914696497905,-0.08266635912812824,0.21631491946334525,0.3054395878983585,0.0752623688155922,0.18396186522123553,0.3390996809287664,0.28868642601776034,0.2760389036251105,0.1840464383193019,0.09938107869142351,0.03770422481067159,-0.15165494175988928,-0.16731634182908545,0.3336946911159805,0.1551916349517549,0.40157613500941836,0.31471187483181484,-0.007849921193249529,0.3010956060431323,0.14312074731864838,-0.11069849690539346,-0.3679852381501557,0.014054511205935493,0.09100834198285472,0.19941567677699612,0.027470879944643062,-0.060423634336677814,0.006696651674162919,-0.24464690731557298,-0.22686349133125744,-0.0038596086572098565,-0.015338484603851921,0.020174528120555108,-0.11488870949140814,0.09312266943451351,0.017391304347826087,0.1408295852073963,-0.06613616268788683,-0.0760158382347288,-0.014638834428939377,-0.14597316726252257,0.03237611963249145,-0.08321224003382924,-0.07839157344404721,-0.08007534694191366,-0.2863798869795871
#58,-0.11284357821089455,0.1726444470072656,0.11651866374505056,-0.142290393264906,0.3147041863683543,0.23319878522277324,0.40099181178641446,0.2007150271018337,0.234913312574482,0.16703186868104408,0.07464729173874601,0.35883596663206857,0.38566870410948373,1.0,-0.232929689001653,-0.16391035251604966,-0.10144927536231885,-0.0694114481220928,-0.03553607811478876,-0.1257909506785069,-0.23046169223080767,-0.3189866605158959,-0.03588205897051474,-0.2390266405258909,-0.41771421981317036,-0.46263022334986353,-0.10613154960981049,-0.22740937223695845,0.1170799215776727,0.16212662899319571,0.05907046476761619,0.268934763387537,-0.0317456656287241,0.13450966824280167,-0.07849152346903471,0.12785145888594165,-0.23931111367393226,-0.1590743089993465,0.004566947295582977,-0.176857724983662,0.09273824626148464,0.1002729404528505,0.054295928958597625,-0.1943489793564756,0.0326990350978357,-0.10997578134009918,-0.0723715065544151,-0.11624956752393034,0.05584899857763426,0.045062084342444166,0.07929112366893476,0.07510091108292008,0.17551224387806097,-0.05649482950832276,-0.24159458732172376,-0.174474301310883,-0.11425825548764079,-0.34553492484526965,0.06752008611079076,0.08586475992772845,0.04592319225002883,0.1260600468996271,0.1518855956637066,0.21999769346096182,0.04376273401760658,-0.10482451082151233,0.41712220812670586,0.5961480798062507,0.13315649867374005,0.5795640641217853,0.3364164071810249,0.3496713181870603,0.2388267404759159,0.21714527351708762,-0.0833967631568831,0.08518048667973706,-0.15102448775612193,-0.11924037981009496,0.11761811401991312,-0.016476377196017376,0.20599700149925038,0.21641486948833275,0.0278322377272902,0.453888440395187,0.2039441817552762,0.11551147503171491,-0.06731249759735516,0.1948641064083343,0.10886864260177603,0.2584861415446123,0.06444470072655979,-0.04067966016991504,-0.15216238034828738,-0.059424134086802756,0.013746972667512397,-0.07215622957751894,-0.0919386460615846,-0.0005458809057009956,-0.19066620535885903,0.15749048552646752,0.19297274439703224,0.005366547495483028,-0.08257409756660132,-0.2532733633183408,-0.0761465421135586,0.040648906316072736,0.21051781801406988,-0.07793026563641256,-0.16414100641986698,0.08291238995886673,0.044646907315572984
#101,-0.22690962211202093,0.050451697228308924,-0.12175450736170376,-0.23099988467304808,-0.10341752200822665,-0.0033367931418905932,0.006819667089532157,0.013247222542574866,0.23803482873947643,-0.05194325913966094,0.1276592472994272,-0.33394841041017953,-0.03839618652212355,-0.232929689001653,1.0,0.5062853188790221,0.4663821935186253,0.1718986660515896,0.40292930457848,0.23813477876446393,0.5441663783492869,0.09104678430015761,-0.03534386652827432,-0.09405297351324338,0.31315111674931767,0.1394379733210318,-0.3229615961250144,-0.27024180217583516,0.3661092530657748,-0.09143889593664706,0.10367892976588629,-0.11846384500057663,-0.1359320339830085,-0.4301157113750817,-0.05991619574827971,0.20485142044362434,-0.15379233460192981,-0.004336293391765655,-0.5016261100219122,-0.24546957290585478,0.04978280090723869,0.2164379348787145,-0.4989505247376312,0.15925883212240033,-0.6257332872025526,-0.33394841041017953,-0.3136278014838734,-0.20498212432245416,-0.33707761503863454,-0.20169915042478762,-0.3191327413216469,-0.13537846461384692,-0.27161034867181794,-0.11817168338907469,0.1659708607234844,0.09146964979048937,-0.06662822434936377,-0.30348671817937184,-0.5937108368892476,-0.5018413869988083,-0.1453888440395187,-0.3737669626725099,-0.004582324222504133,-0.18207050320993348,-0.20756544804520816,-0.17943336024295545,0.12225425748664129,-0.1727443970322531,0.6606773536308769,0.10386345288894014,0.09858147849152347,0.09550609310729251,0.2191519624802983,-0.3301579979241149,0.14285165109752815,-0.23665090531657249,0.036235728289701306,-0.3825471879444893,0.1464421635336178,0.09371468112097797,0.04122554107561604,-0.44942913158805214,-0.25339637873371007,-0.0845884749932726,-0.5344712259254988,-0.25024410871487335,-0.3474185983931111,-0.34083727367085687,-0.10063429823549763,-0.40658901318571483,-0.5053780801906739,-0.5419290354822589,-0.5468650290239495,-0.3002344981355476,-0.185845538769077,0.4549110060354438,0.27037250605466495,-0.23485180486679738,-0.15441510014223658,-0.3937108368892477,-0.30587014185215083,-0.13433283358320838,-0.20941836773920733,-0.20229116211125206,-0.053880751931726444,-0.13810018067889132,-0.28632606773536307,-0.20151462730173375,-0.04999807788413486,0.10786914235190097,-0.2647599277284435
#102,0.01423903432898935,0.037212163149194635,-0.0594087571598816,-0.15280052281551532,-0.14928689501403145,-0.0012916618613770037,0.03934186752777458,-0.050151847153346404,-0.13766193826163842,-0.2054741859839311,-0.06895782877791873,-0.2037750355591435,-0.1201783723522854,-0.16391035251604966,0.5062853188790221,1.0,0.10843040018452313,0.16959212701341636,0.0741090992965056,0.551731826394495,0.06330680813439434,0.4977588129012417,-0.024433936877714987,0.38875177795717525,0.19903894206742784,0.6221581516933841,-0.26599008188213585,-0.02659439511013724,0.20761157882597164,0.027993695459962328,-0.07320954907161804,-0.11907123361396225,-0.1309268442701726,-0.24575404605389614,-0.14016068888632607,-0.04896782378041748,-0.04526198439241917,0.2258639910813824,-0.3820166839657095,0.1444354745704071,-0.022473378695267752,0.25759427978318533,-0.34769538307769193,0.5077691923269134,-0.49368392726713567,0.21173259524084112,-0.03302195056317995,-0.04776842348056741,-0.21165571060623534,-0.111398147080306,-0.4784377042248107,-0.322077422827048,-0.44332449160035364,0.11511167493176488,-0.14207511628800984,0.34351285895513783,-0.392795909737439,0.15220851112905087,-0.6142236574020682,-0.40158382347287896,0.04367816091954023,-0.29153884596163454,0.08661054088340445,0.2639603275285434,-0.14802598700649675,-0.15031714911774882,0.07197939491792565,0.0051205166647445505,0.43939568677199864,0.19421058701418523,-0.07022642524891401,-0.0367816091954023,0.2289239995386922,-0.3422442624841425,0.1006804290162611,-0.0787375542997732,0.17871064467766118,-0.21316264944450852,0.09652097028408872,0.5258601468496521,0.034890247184100255,-0.05897051474262868,-0.15293891515780572,-0.16765463422135085,-0.2773151885595664,-0.001699150424787606,-0.23838849805866297,-0.12057817245223543,0.24849113904586168,-0.4200745780955676,-0.000553569369161573,-0.40256794679583285,-0.25959328028293543,-0.06988044439318802,-0.29937339022796294,0.1928189751278207,0.5580517433590897,-0.2374197516626302,-0.10450159535616807,-0.35995848229731287,-0.4864260177603506,-0.18320839580209894,-0.2930457847999077,-0.21872140852650598,-0.19048168223580517,-0.1688694114481221,-0.4406873486333756,-0.18154768769461424,0.0028524199438742168,0.03183023872679045,-0.24942144312459155
#201,0.3325260446699727,0.24353208011378927,0.5941337023795794,0.24955214700342138,-0.07476261869065468,0.28643370622381115,0.14863337561988238,0.28531887902202746,0.08411179025871679,0.47477799561757583,0.45615653711605736,-0.33628570330219504,0.08774074501210934,-0.10144927536231885,0.4663821935186253,0.10843040018452313,1.0,0.6660515895898205,0.11171337408218968,0.019774728020605082,0.329081613039634,-0.021289355322338832,0.3086072348441164,-0.22794756467919886,0.4289855072463768,-0.12788990120324453,0.04493906892707492,0.09358397724214816,0.6139391842540268,-0.2685195863606658,0.266351439664783,-0.09233075769807404,0.24493138046361435,-0.3995233152654442,-0.2943220697343636,-0.012716718563795026,-0.14510437089147735,-0.1337561988236651,-0.27742282704801446,-0.36085803252220044,-0.022288855572213894,-0.10238726790450928,-0.33339484104101796,-0.15020182216584016,-0.3192557567370161,-0.3899973090377888,-0.23322953907661553,-0.09900434398185523,-0.26956521739130435,0.0009456810056510206,-0.15020182216584016,0.07527005727905278,0.029869680544343212,0.0829508322761696,0.38935916657056086,0.0017991004497751124,0.03280667358628378,-0.5329796640141468,-0.37755737515857457,-0.33021950563179947,-0.22807826855802868,-0.16091954022988506,-0.22396494060661976,-0.3378003306039288,-0.04683811940183754,0.06582093568600315,0.059308807134894094,-0.24689962710952215,0.6234190597009188,0.2109560604313228,0.6190597009187714,0.44377811094452774,0.19550224887556222,0.005420366739707069,-0.07544689193864607,-0.09095452273863068,-0.21836773920731942,-0.22288086725867837,0.08784069503709684,0.05036712413024257,-0.08471917887210241,-0.4539883904201745,-0.3090377887979087,-0.1779187329412217,-0.44629223849613653,-0.30821512320762695,-0.26419098143236075,-0.4451466574405105,-0.3263598969745896,-0.333248760235267,-0.4822434936377965,-0.41340868027524696,-0.40158382347287896,-0.2866336062737862,-0.24540037673470957,0.6853650098027909,0.23451351247453198,0.3437204474685734,0.11866374505055165,0.06008534194441241,0.1764963672010149,0.45462653288740246,0.009287663860377503,0.2369123130742321,0.40182216584015684,0.13189559066620535,0.12389190020374428,-0.22928535732133934,-0.20065351939414908,-0.147949102371891,-0.1744127936031984
