,#10,#11,#12,#13,#17,#18,#26,#49,#50,#51,#52,#53,#54,#58,#101,#102,#201,#202,#301,#302,#401,#402,#501,#502,#601,#602,#701,#702,#801,#802,#901,#902,#1001,#1002,#1101,#1102,#1201,#1202,#1301,#1302,#1401,#1402,#1501,#1502,#1601,#1602,#1701,#1702,#1801,#1802,#1901,#1902,#2001,#2002,#2101,#2102,#2201,#2202,#2301,#2302,#2401,#2402,#2501,#2502,#2601,#2602,#2701,#2702,#2801,#2802,#2901,#2902,#3001,#3002,#3101,#3102,#3201,#3202,#3301,#3302,#3401,#3402,#3455,#3501,#3502,#3601,#3602,#3701,#3702,#3801,#3802,#3901,#3902,#4001,#4002,#4101,#4102,#4201,#4202,#4301,#4302,#4401,#4402,#4501,#4502,#4601,#4602,#4701,#4702,#4801,#4802
#10,1.0,0.5899281128666436,0.6649982700957213,0.7705224310921462,0.2617691154422789,0.08285857071464268,0.15700611232845116,0.2746626686656672,0.1727136431784108,0.6924537731134432,0.41011801791411984,0.18299311882520278,-0.04855264675354631,-0.03674316687809941,-0.26201514627301736,-0.2627455503017722,0.6861031022950064,0.1271825625648714,0.024087956021989005,-0.00938761388536501,-0.40029216161150194,0.08673355629877369,0.14089109291508092,0.14604236343366778,-0.015223157651943259,0.2866028524199439,0.15047860685042094,0.42067427824549264,-0.13440202975435359,-0.2376350286395264,-0.17273670856879253,0.18156306462153537,0.1578364663821935,0.29565986237650405,0.0313381770653135,0.25608734094491215,0.12383039249605966,0.12971206704340138,0.35629108522661745,0.35957405912428403,-0.05142044362434168,0.19791642640218352,-0.35075539153500174,-0.13414831046015455,-0.016238034828739475,0.06743551301272441,0.4369123130742321,0.6042286549033176,0.2336831584207896,0.2216737784953677,0.20314458155537615,0.11310498596855419,0.24673048091338945,0.22703263752739014,0.05120516664744551,0.269080844193288,-0.5372544496982278,0.10873025025948564,0.009018567639257295,0.5386153077307501,0.1513474032214662,0.027578518433091146,0.0817591204397801,-0.20365970860723484,0.15242378810594703,0.0604620766539807,-0.07097220620459001,-0.14019144274016837,0.10902241187098759,0.12481451581901357,-0.1410986814285165,0.15839772421481568,0.07146426786606697,0.23112290008841732,-0.10838426940375966,0.07656940760389036,-0.15274670357129128,0.012547572367662322,-0.030592396109637487,0.11777188328912466,-0.1980932610617768,0.0927536231884058,,0.11757198323914965,0.11903279129665936,-0.01669934263637412,-0.12509130050359435,-0.009187713835389997,0.10718486910390958,-0.09614423557452043,-0.013854611155960482,-0.17150655441510015,0.15210087264060276,-0.2058893630108023,-0.1627417060700419,0.11498097105293507,0.17517395148579556,0.5197631953254143,0.5896128858647599,0.3378618383116134,0.3932879713989159,0.008980125321954408,0.22209664398569945,0.4751547303271441,0.45421904432399185,0.48742551801022566,0.27770730019605583,0.23515165494175988,-0.011870987583131511,-0.2963979548687195,-0.19747049552147003
#11,0.5899281128666436,1.0,0.6864952139314958,0.6071656479452582,0.17444354745704072,0.21889055472263869,0.2928920155306962,0.1011571137508169,0.23196094260562028,0.6307692307692307,0.35487640794987124,0.06552877407450121,0.13696997655018645,0.13042709414523507,-0.3918348518048668,-0.09762810902241187,0.5266981893668551,0.28306615922807826,-0.014269788182831662,0.036935378464613845,-0.4875485334255949,0.015392303848075961,0.2840195286971899,0.3503248375812094,-0.1865528774074501,0.3013570138007919,0.06725098988967054,0.3557836466382194,-0.024949063929573675,-0.06891938646061585,-0.09783569753584746,0.30138007919117366,0.18224733786952677,0.28884788375043247,0.06928074424326298,0.2887248683350632,0.1826394495060162,0.2778149386845039,0.32306154615000193,0.25754814900242184,0.17867220236035827,0.2342290393264906,-0.08508053665474954,0.038949755891285125,0.2241879060469765,0.030961442355745203,0.22635605274285933,0.42492599853919194,0.05771729519855457,0.2870410948371968,0.03914965594126014,0.07563141506169992,0.05624879867758428,-0.013608580325222004,0.028355053242609465,0.1226924999038942,-0.3714142928535732,0.00849575212393803,0.025771729519855457,0.4504286318379272,0.03061546150001922,-0.02928535732133933,0.1691385076692423,-0.042355745204320915,0.07219467189482182,0.05115134740322146,0.012055510706185369,0.01817552762080498,-0.019198093261061776,0.1179333410217968,-0.17848767923730444,0.1475646791988621,-0.19301887517779573,-0.11957867220236036,-0.22235036327989852,0.05575673701610733,-0.29168492676738556,-0.00636604774535809,0.07733056548648752,0.3708145927036482,-0.16955368469611348,0.18920539730134933,,0.17338253949948104,0.14448160535117058,-0.12881251681851383,-0.13067312497597355,0.22800907238688348,0.2597701149425287,0.1468880944143313,0.13353323338330836,-0.12526044669972705,0.1488255872063968,-0.1984699957713451,-0.0502210433244916,0.11754122938530735,0.36537884903701995,0.364287087225618,0.5244916003536694,0.36990735401530006,0.3125283512090109,0.1170491677238304,0.3525468035213163,0.31291277438203974,0.35548379656325685,0.4079344942913159,0.14482758620689656,0.1436896936147311,0.002444931380463614,-0.24309383769653634,-0.13332564486987275
#12,0.6649982700957213,0.6864952139314958,1.0,0.7527159497174489,0.1712220812670588,0.2741475416138085,0.27118748318148617,0.08422711721062545,0.09542152000922616,0.6107330949909661,0.4567485488025218,0.027055702917771884,-0.04942144312459155,0.018713720063045402,-0.25139737823395997,-0.012701341636873871,0.6704186368354285,0.5687771498865951,-0.07637719601737593,0.02244262484142544,-0.4225271979394918,0.08095183177641949,0.24071810248721792,0.2651597278283935,0.06954984046438319,0.38409256910006534,0.3020797293660862,0.47776880790374043,-0.25458809057009957,-0.004190212586014685,-0.04562334217506631,0.19933110367892976,0.3240841117902587,0.1519240379810095,-0.12213124207127206,0.12176988428862492,0.045654096028908624,0.08760235266981893,0.12729788951678006,0.26303771191327413,-0.12293084227117211,0.029746665128973976,-0.18617614269788182,-0.11491946334525045,-0.07691538845961635,-0.1202783223772729,0.3414523507477031,0.5390535501480029,0.2671971706454465,0.3902433398685273,0.18189366855034023,0.10113404836043517,0.17435897435897435,0.20158382347287895,-0.03011571137508169,0.1771345096682428,-0.4774228270480145,-0.026871179794718026,0.061784492369200014,0.34581170952985046,-0.07779187329412217,-0.15183946488294314,0.138415407680775,0.13947641563833468,0.315073232614462,0.1622342674816438,0.03876523276823127,0.1457578902856264,-0.051189789720524355,0.09980394418175528,-0.06543651251297428,0.08773305654864876,-0.09366086187675393,0.009526006227655403,-0.35413062699419523,0.045023642025141274,-0.2992503748125937,-0.04417791104447776,0.08936301080229116,0.3074462768615692,-0.08661054088340445,0.2041902125860147,,0.044131780263714296,-0.10700803444431631,-0.20305231999384923,-0.17086841194787222,-0.029708222811671087,0.24149463729673626,-0.042363433667781496,0.025610271787183333,-0.2069119286510591,0.0299081228616461,-0.14071425825548764,-0.12979664014146772,0.3084457771114443,0.27939107369392224,0.5221004882174297,0.6231730288701803,0.4609156959981548,0.4915004036443317,0.18090185676392573,0.4292315380771153,0.4105793257217545,0.37851843309114674,0.5071464267866067,0.35235459193480184,-0.025264290931457347,-0.1232076269557529,-0.2992503748125937,-0.15432283858070964
#13,0.7705224310921462,0.6071656479452582,0.7527159497174489,1.0,0.13807711528850958,0.1409295352323838,0.16687809941183254,0.19058932072425325,0.1919655556836966,0.7345096682428017,0.46476761619190404,0.059908507284819126,-0.014377426671279744,-0.14748010610079576,-0.22387267904509284,-0.09847384000307538,0.7214085265059778,0.3287433206473686,0.08609541383154577,0.05042863183792719,-0.4694422019759351,0.015054011455810557,0.2454926382962365,0.12669050090339445,-0.0012916618613770037,0.31401991312036287,0.29555222388805596,0.4201899050474763,-0.06821204782224273,-0.1368469611348172,-0.06457540460538962,0.15845154345903972,0.27640794987121825,0.20093030407872986,-0.10205666397570445,0.23033867681543843,0.09308422711721062,0.18194748779456427,0.21829854303617421,0.2896244185599508,-0.057863376004305536,0.10264098719870834,-0.24530811517318263,-0.09468342751701073,-0.02330373274901011,-0.0467843001576135,0.5348556490985277,0.5270903010033445,0.3532233883058471,0.13468650290239495,0.1699919271133664,-0.10876869257678853,0.15500711182870103,0.08826356052742859,-0.09422980817283666,0.1640026140775766,-0.49113904586168455,0.04424710721562296,0.12445315803636643,0.36479452581401606,-0.06351439664782993,-0.19974628070580094,0.14021450813055011,0.03808095952023988,0.35147810710029603,0.10082650982201206,-0.03597432053204167,-0.03683542843962634,0.07539307269442203,0.11560373659324184,-0.1336870026525199,0.07042632529888902,-0.06920385960865721,0.02005151270518587,-0.2971821781416984,-0.08571867912197748,-0.3275054780302157,-0.10750009610579325,-0.012716718563795026,0.17977165263522085,-0.13603198400799602,0.017491254372813594,,0.15289278437704223,-0.023826548264329374,-0.18651443509014723,-0.1977549686695114,-0.05030561642255795,0.19590204897551225,-0.0029293045784799907,0.005135893591665706,-0.1396071195171645,0.0805366547495483,-0.16307230999884673,-0.1585207396301849,0.20168377349786645,0.18701418521508476,0.5254219044323992,0.4936377964863722,0.3442970822281167,0.2823357551993234,0.2233037327490101,0.24693806942682506,0.42097412832045517,0.4324068734863338,0.5048860185291969,0.2650828431937877,-0.026878868258178604,-0.1844846807365548,-0.29849690539345713,-0.09691308192057817
#17,0.2617691154422789,0.17444354745704072,0.1712220812670588,0.13807711528850958,1.0,0.6569176949986545,-0.03894206742782455,0.47957559681697615,0.366670510898397,0.16357974858724483,0.16016607081074846,0.5990389420674278,0.5304347826086957,0.14234421250913004,0.02516434090646984,-0.49014723407527006,0.2559950793833852,-0.0006535193941490793,-0.2662130473224926,-0.4653442509514474,-0.2961903663552839,-0.3033713912274632,0.07811478875946642,0.06131549609810479,-0.08319686310690809,0.13000422865490333,-0.19055087840695037,-0.2162303463652789,0.31445046707415525,0.4785684081036405,0.5591127513166494,0.457563525929343,0.44882174297466654,0.6427017260600469,0.1781186329911967,0.4973820781916734,0.2592319225002883,0.2887248683350632,0.3181947487794564,0.47430899934648063,-0.09351478107100296,0.22764771460423636,0.1725752508361204,0.24190981432360742,0.06937300580478992,0.13726982662514897,0.19075846692038595,0.271864067966017,-0.0809825856302618,-0.21731441971322032,-0.0308614923307577,-0.13071156729327643,0.020197593510936838,-0.09838926690500903,0.07157190635451505,0.01427747664629224,-0.43768115942028984,-0.2950447852996579,-0.08739476415638335,0.5836081959020489,-0.08168223580517434,-0.17723445969323032,0.49417598892861264,-0.03878060969515242,-0.22835505324260946,-0.44202514127551606,0.4085418829047015,0.22358820589705147,-0.20229116211125206,-0.22512589858916696,-0.17490485526467536,-0.23832699035097835,0.32270787683081537,0.1918040979510245,0.03398300849575212,-0.21523084611540383,-0.1328412716718564,-0.43230692346134625,0.3234152154691885,0.11760273709299196,-0.11689539845461884,0.4806673586283781,,0.12798985122823203,0.6056663975704455,-0.02946219198093261,-0.22072040902625611,0.008511129050859186,0.20909545227386306,0.26932687502402647,0.5365547995233153,-0.24498519970783839,0.4221120209126206,-0.19175796717026103,-0.23413677776496367,-0.09003959558682198,0.050536270326375275,0.26290700803444433,0.21690693114980972,0.1674777995617576,0.3531465036712413,0.3639257294429708,0.4260408257409757,0.026548264329373773,0.24146388344289393,0.24108714873332565,0.47324799138892093,-0.08300465152039364,-0.14139853150347903,-0.397216776227271,-0.294660362126629
#18,0.08285857071464268,0.21889055472263869,0.2741475416138085,0.1409295352323838,0.6569176949986545,1.0,0.10455541460039211,0.39892361511551916,0.23959558682197363,0.11770268711797947,0.2296697804943682,0.37466651289739744,0.37725752508361204,0.2564102564102564,-0.11632645215853611,-0.2155845154345904,0.1644485449582901,0.26319916964594625,-0.3603582823972629,-0.18293929958097874,-0.29592895859762425,-0.16299542536424097,-0.06360665820935686,0.231438127090301,-0.04989812785914735,0.23389843539768576,-0.07880675047091838,-0.09114673432514513,0.18442317302887018,0.6114173682389574,0.5255064775304655,0.2565102064352439,0.3900280628916311,0.36946911159804713,0.013608580325222004,0.3914658055587591,0.05665628724099489,0.12821281666858877,0.032091646484450086,0.33289509091608044,-0.08827893745434975,0.03502095106293007,0.32216968438857496,0.3294660362126629,0.02979279590973744,0.11503479029715911,0.14358205512628303,0.11305885518779071,0.07956790835351556,-0.04047207165647945,-0.011771037558144005,-0.0057663475954330525,-0.035113212624457005,-0.01128666436012763,-0.11607273286433706,0.028847114904086417,-0.3214546572867412,-0.18151693384077192,-0.1864606158459232,0.4090185676392573,-0.20891861761426977,-0.2482835505324261,0.5561373159574059,0.22351900972590627,-0.2181293968400415,-0.2802906239188098,0.46429861992080884,0.4128397339791643,-0.29847384000307536,-0.20705032099334947,-0.275246991888671,-0.3445431130588552,0.14499673240302927,-0.12214661899819321,-0.11415061699919271,-0.21308576480990274,-0.16803905739437974,-0.48208972436858494,0.40839580209895054,0.41271671856379505,0.03493637796486372,0.5782262714796448,,-0.1537538922846269,0.42605620266789684,-0.2504286318379272,-0.2725406527505478,-0.07818398493061161,0.26972667512397647,0.3617652712105486,0.528282012839734,-0.3211932495290816,0.39058932072425323,-0.3315496098104794,-0.2506285318879022,-0.14129089301503095,0.13260292930457848,0.1252835120901088,0.12072425325798639,0.18827509322261946,0.32023219159650945,0.32004766847345556,0.237296736247261,-0.13187252527582363,-0.08298158613001191,0.12815130896090415,0.38690654672663666,-0.16856187290969898,-0.31590358666820434,-0.40811901741436973,-0.28396570945296584
#26,0.15700611232845116,0.2928920155306962,0.27118748318148617,0.16687809941183254,-0.03894206742782455,0.10455541460039211,1.0,0.05434205973936109,-0.1348787144889094,0.4026832737477415,0.3829392995809787,-0.05795563756583247,-0.030961442355745203,0.38722177372852035,-0.18879022027447814,0.19324184061815247,0.08351977857225233,0.2078576096567101,-0.04247876061969016,0.232529888901703,-0.21349325337331335,0.11255910506285319,0.23897282128166686,0.03363702764002614,0.03844231730288702,0.09582900857263676,-0.21714527351708762,-0.09552147003421366,-0.06564410102640987,-0.06810440933379464,-0.06346826586706647,-0.0780917233690847,0.05531849459885442,-0.22301925960096874,0.10908391957867221,0.08144389343789643,0.15997385922423404,-0.05291969399915427,9.995002498750625e-05,-0.20106869642102027,-0.2104101795256218,-0.14741859839311114,-0.16214969438357743,-0.12409948871717986,-0.21732210817668088,0.015553761580748088,0.050205666397570445,0.16555568369661322,-0.20992580632760544,-0.03065390381732211,-0.2728405028255103,-0.1014262099719371,-0.24064890631607272,-0.07261753738515357,-0.11311267443201477,0.01015646023142275,-0.1958866720485911,0.03556683196863107,-0.14154461230923,0.00914927151808711,0.2589551378157075,0.2221889055472264,0.1515473032714412,-0.034567331718756006,0.015300042286549033,0.09331488102102795,0.219467189482182,0.2602006688963211,-0.034021450813055014,0.16687041094837196,0.12735939722446468,0.1100372890477838,0.037127590051128284,-0.046853496328758695,0.100372890477838,0.2697497405143582,0.22006688963210702,0.21454657286741244,-0.030507823011571136,0.1340560488986276,0.09504478529965786,-0.09960404413178027,,-0.04388574943297582,-0.07234844116403337,0.08270480144543113,0.1302195056317995,0.04860646599777035,-0.16693191865605658,0.02336524045669473,-0.056333371775650634,0.10952216199592511,-0.0688348133625495,0.06367585438050205,-0.06486756621689155,-0.12588321224003382,-0.0007534694191365856,0.11252835120901088,0.10597778034059893,-0.10527813016568639,-0.0007150271018336985,0.030223349863529772,0.08378887479337255,0.1341252450697728,0.14135240072271557,0.13041171721831393,0.08118248568023681,0.37320570483988774,0.23689693614731097,0.11868681044093338,0.022104332449160036
#49,0.2746626686656672,0.1011571137508169,0.08422711721062545,0.19058932072425325,0.47957559681697615,0.39892361511551916,0.05434205973936109,1.0,0.28657978702956216,0.2918463845000577,0.5217160650444008,0.4563026179218083,0.32097797255218546,0.13383308345827086,0.23534386652827433,-0.3517318263944951,0.16865413447122593,-0.06100026909622112,-0.0912236189597509,-0.3204013377926421,-0.2035366931918656,-0.15594510437089149,0.17221389305347326,-0.049090839195786724,0.2288855572213893,-0.08544958290085726,-0.25717910275631417,-0.2589397608887864,0.26109253065774807,0.23196094260562028,0.49358397724214814,0.3178333909968093,0.21253988390420175,0.24834505824011072,0.05703302195056318,0.3962172759773959,0.1121131741821397,0.015592203898050975,0.10481682235805174,0.14017606581324724,-0.03283742744012609,0.1838311613424057,0.09905047476261869,0.08757159881597663,0.00781916733940722,0.04578479990773844,0.15010187214085266,0.060131472725175876,-0.0698189366855034,-0.4069042401875985,-0.026571329719755506,-0.1334409718217814,-0.005281974397416676,-0.09524468534963287,-0.032060892630607775,-0.07807634644216353,-0.4125552608311229,-0.35865144350901473,-0.22569484488524968,0.22246569023180718,-0.1403144581555376,-0.21860608157459732,0.20868796371045248,-0.13005804789912737,-0.09362241955945104,-0.3176104255564525,0.08304309383769654,-0.14142159689386077,0.009526006227655403,-0.12777457425133587,0.03053088840195287,-0.2821358551493484,0.33653942259639413,0.1041863683542844,0.062145850151847155,-0.2608080575097067,-0.04926767385538,-0.37422827048014456,0.11526544420097644,-0.09009341483104602,-0.1973090377887979,0.26394495060162226,,0.15506093107292507,0.46400645830930687,0.01447737669626725,-0.1870680044593088,-0.006419866989582132,0.10859185791719525,0.06247645408065198,0.2709798946680506,-0.12014761849844309,0.3579825471879445,-0.19627878368508053,-0.2862030523199938,0.055333871525775576,-0.15089378387729213,0.105339637873371,0.11690308691807942,-0.17953331026794295,0.12203129204628455,0.34738015607580824,0.14480452081651482,-0.013078076346442164,0.07191019874678045,0.11582670203359859,0.2580171452735171,-0.1320878022527198,-0.0910544727636182,-0.25899358013301044,-0.2028216660900319
#50,0.1727136431784108,0.23196094260562028,0.09542152000922616,0.1919655556836966,0.366670510898397,0.23959558682197363,-0.1348787144889094,0.28657978702956216,1.0,0.29889670549340713,0.2521200937992542,0.4609310729250759,0.42148156690885324,0.10368661822934687,0.18660669665167418,-0.18501518471533465,0.22245031330488602,0.08171298965901665,-0.03465190481682236,-0.29515242378810597,0.0005766347595433052,-0.038865182793218774,0.2275938953600123,0.15942797831853303,0.09792027063391381,0.16231115211624958,-0.14028370430169532,-0.14609618267789182,0.22968515742128937,0.057640410563948793,0.28394264406258407,0.12462230423249913,0.17272133164187137,0.35258524583861917,0.05779417983316034,0.2876638603775036,0.2329066236112713,0.2543036174220582,0.24236343366778149,0.2122477222926998,0.12171606504440087,0.3856610156460231,0.08470380194518126,0.12280782685580287,0.16044285549532925,0.0410333294891016,0.0809825856302618,0.13756967670011147,0.09689001653019644,-0.1919424902933149,-0.12733633183408297,-0.1457348248952447,0.011732595240841118,-0.0817591204397801,0.11937877215238535,-0.013285664859877753,-0.21053319494099104,-0.14049898127859148,-0.07763810402491061,0.11425056702418021,-0.3051474262868566,-0.28055203167646947,0.2614846422942375,0.040425940875715986,-0.30169530619305734,-0.40310613923807326,0.23502095106293008,0.09765886287625418,0.07214854111405836,-0.11169030869180795,-0.06691269749740514,-0.009964248644908314,0.13322569484488525,0.1708069042401876,-0.04252489140045362,-0.23228385807096452,-0.32969669011648023,-0.33620113020412873,0.2754238265482643,0.09634413562449544,-0.1976550186445239,0.32162380348287395,,0.28297389766655134,0.40886479837004575,-0.06308384269403759,-0.29703609733594744,0.22788605697151423,0.20901087917579672,0.3402145081305501,0.18493830008072887,-0.08258178603006189,0.0006612078576096567,-0.1673009649021643,-0.22985430361742207,0.09140045361934418,0.2043901126359897,0.015822857801868297,0.11665705608734095,-0.037888747933725445,-0.030815361549994234,0.2501134048360435,0.1312036289547534,0.030392496059662478,0.1606043132280014,0.04296313381770653,0.1211624956752393,-0.2852573713143428,-0.16312612924307077,-0.3464037212163149,-0.21909814323607427
#51,0.6924537731134432,0.6307692307692307,0.6107330949909661,0.7345096682428017,0.16357974858724483,0.11770268711797947,0.4026832737477415,0.2918463845000577,0.29889670549340713,1.0,0.6069042401875985,0.18860569715142428,0.12435320801137893,0.063968015992004,-0.11930188751777958,-0.10217199092761312,0.6592626763541306,0.16942298081728366,0.016068888632606772,0.020205281974397415,-0.4551493484027217,0.008295852073963019,0.24653826932687503,0.1238842117402837,0.05315803636643217,0.21560758082497214,-0.00657363625879368,0.1866297620420559,0.04361665321185561,-0.2720947218698343,0.0018606081574597316,0.17219082766309154,0.18471533464037213,0.22164302464152538,-0.056610156460231424,0.33714681120977974,0.1812170837658094,0.16793910736939222,0.2819282666359128,0.1525391150578557,-0.01868296620920309,0.33373313343328337,-0.14671894821819859,-0.04853726982662515,-0.04014146772767462,0.012416868488832507,0.3468804059508707,0.38153999923115367,0.18428478068657977,0.029231538077115288,0.0018990504747626188,-0.0502210433244916,0.050236420251412756,0.0385499557913351,-0.03727367085687925,0.10856110406335294,-0.3946949602122016,0.0691039095836697,-0.08864029523699689,0.29696690116480223,0.06200745780955676,-0.07021873678545343,0.05953946103871141,-0.13094222119709376,0.07963710452466075,-0.10394033752354592,-0.02022065890131857,-0.06465997770345597,0.10718486910390958,0.14540422096643985,0.06880405950870719,0.18613770038057895,0.09208472686733556,0.05753277207550071,-0.0328681812939684,0.08346595932802829,-0.11694152923538231,-0.005581824472379195,-0.0634913312574482,0.018221658401568447,-0.1883981086379887,0.06847345557990235,,0.16418713720063047,0.1557990235651405,-0.008326605927805328,-0.11353553992234652,0.265059777803406,0.10531657248298927,0.1151039864683043,-0.07377849536770076,-0.04500826509822012,0.04260946449851997,-0.11700303694306693,-0.13474801061007957,0.13291815630646214,0.07449352246953446,0.465805558759082,0.45806327605428054,0.21659170414792603,0.17496636297235998,0.17767270211048322,0.1947641563833468,0.4429400684273248,0.45017491254372816,0.47448583400607386,0.2226963441356245,0.13748510360204513,0.020512820512820513,-0.2487909891208242,-0.1374620382116634
#52,0.41011801791411984,0.35487640794987124,0.4567485488025218,0.46476761619190404,0.16016607081074846,0.2296697804943682,0.3829392995809787,0.5217160650444008,0.2521200937992542,0.6069042401875985,1.0,0.13566293776188829,0.17378233959943104,0.11444277861069466,0.0467843001576135,-0.06457540460538962,0.32376119632491446,0.24739168877099912,0.1060546649752047,0.044839118902087416,-0.32512974282089724,0.05384230961442356,0.3134663437512013,0.058347749202321914,0.1325644869872756,0.13380232960442856,-0.10518586860415946,0.03550532426094645,0.04985968554184446,0.010164148694883328,0.19903125360396726,0.016753161880598163,0.2638988198208588,0.1359704763003114,-0.005789412985814785,0.28760235266981893,0.07021104832199285,0.009895052473763119,0.16829277668857878,0.036943066928074426,-0.10199515626801983,0.24007996001999002,-0.09866605158958983,-0.06789682082035906,-0.028224349363779648,0.042655595279283434,0.1873755429977319,0.2466459078153231,0.01933648560335217,-0.011232845115903587,-0.06475992772844347,-0.0226271479644793,-0.05993157267520086,0.07502402644831431,-0.09665936262637911,0.046692038596086574,-0.3995002498750625,-0.10926075423826548,-0.20751162880098412,0.21120209126206127,-0.12897397455118595,-0.15577595817475878,0.16494060661976703,0.00796524814515819,0.07150271018336986,-0.005935493791565756,0.037158343904970595,0.014831046015453812,0.08348133625494945,0.07344789143889593,0.056279552531426594,0.04959827778418483,0.030330988351977856,-0.010879175796717025,-0.05333487102602545,-0.0925152808211279,-0.10261023334486603,-0.16175758274708799,0.019359550993733904,0.09659016645523393,-0.19364932918156305,0.030330988351977856,,0.04114865644101026,0.1372852035520701,-0.06449083150732327,-0.16537116057355938,0.12707492407642332,0.3047014954061431,-0.07717679621727598,0.02037442817053012,-0.09401453119594048,0.13016568638757545,-0.16297235997385923,-0.2603928804828355,0.10733094990966055,0.02674047591588821,0.1753046553646254,0.3505401145581056,0.0373582439549456,0.1938107869142352,0.3473724676123477,0.17239841617652713,0.24067966016991504,0.3699534847960635,0.3050705416522508,0.3012724407027256,-0.09375312343828086,-0.06156152692884327,-0.2230346365278899,-0.143382155076308
#53,0.18299311882520278,0.06552877407450121,0.027055702917771884,0.059908507284819126,0.5990389420674278,0.37466651289739744,-0.05795563756583247,0.4563026179218083,0.4609310729250759,0.18860569715142428,0.13566293776188829,1.0,0.12225425748664129,0.10269480644293238,0.012155460731172876,-0.39948487294814133,0.1738669126974974,-0.20215276976896168,-0.39882366509053163,-0.45918579171952484,-0.19594049129281513,-0.3181024872179295,0.06142313458655288,-0.06098489216929997,0.13186483681236305,0.05355014800292161,-0.12346903471341253,-0.2646061584592319,0.15417675777495868,0.2263406758159382,0.45261984392419174,0.2440548956291085,0.3641333179564064,0.3228539576365663,0.09519086610540883,0.3661323184561565,0.35822857801868296,0.1461730673124976,0.30376350286395265,0.2503901895206243,0.00011532695190866105,0.2989812785914735,0.1014954061430823,0.14132164686887325,-0.00636604774535809,0.0084726867335563,0.33845384999807787,0.2173528620305232,0.1783954176757775,-0.1552531426594395,-0.11463499019720909,-0.2139853150347903,0.015561450044208665,-0.11940183754276708,0.05425748664129474,-0.012770537808019067,-0.2303771191327413,-0.13247222542574866,-0.20814208280475147,0.16211125206627455,-0.001752969669011648,-0.12308461154038365,0.24929073924576173,-0.1917733440971822,-0.34824126398339295,-0.5295659862376504,0.2110867643101526,0.06916541729135432,-0.2889401453119594,-0.3664244800676585,-0.20253719294199055,-0.30151078307000345,0.29022411870987586,0.12846653596278784,0.1524007227155653,-0.011732595240841118,0.056071964017991006,-0.3054165225079768,0.11017568139007419,-0.09494483527467036,0.1742820897243686,0.39395686771998617,,0.2841425441125591,0.5013723907277131,0.031753354092184674,-0.14643447507015722,0.06027755353092684,0.06502902394956368,0.44785299657863376,0.3111290508591858,-0.17648099027409372,0.24037212163149194,-0.16364125629492945,-0.3099757813400992,-0.17954099873140353,-0.07413216468688733,0.38070195671395074,0.17053011955560682,0.03141506169991927,0.139707069542152,0.3263060777303656,0.1306269941952101,0.13617806481374697,0.17388997808787915,0.15279283435205473,0.32153154192134703,0.05790181832160843,-0.17971014492753623,-0.29550609310729253,-0.28351209010879175
#54,-0.04855264675354631,0.13696997655018645,-0.04942144312459155,-0.014377426671279744,0.5304347826086957,0.37725752508361204,-0.030961442355745203,0.32097797255218546,0.42148156690885324,0.12435320801137893,0.17378233959943104,0.12225425748664129,1.0,0.1096298004843732,0.2425940875715988,-0.1694460462076654,0.15725214315918964,0.09541383154576558,0.00257563525929343,-0.3695844385499558,-0.303302195056318,-0.25720985661015644,0.2196363356783147,0.06805827855303118,-0.2222196594010687,0.10182601007188713,-0.3870064967516242,-0.3603582823972629,0.5554837965632569,0.23394456617844925,0.503209933494791,0.4104101795256218,0.13638565332718255,0.5471264367816092,0.23176104255564525,0.4480682735555299,0.18507669242301927,0.44094106792757465,0.1354553492484527,0.2151385845538769,-0.09366855034021451,0.28565717141429287,0.18549955791335102,0.2563795025564141,0.21308576480990274,0.1310344827586207,-0.018167839157344403,-0.01625341175566063,-0.14748779456425634,-0.2734632683658171,-0.17435128589551377,-0.2381732210817668,-0.29019336485603353,-0.2955676008149771,-0.0858801368546496,-0.05068235113212625,-0.21476953830776918,-0.27064929073924576,0.030269480644293238,0.29212316918463843,-0.13221850613154962,-0.13447891438895937,0.3799946180755776,0.070026525198939,-0.22921616115019414,-0.45915503786568257,0.2940837273670857,0.10698496905393456,0.17943336024295545,0.11495021719909276,0.08508053665474954,0.06163841156344904,0.08388882481836005,0.1061238611463499,-0.014700342136623995,-0.33431745665628726,-0.19303425210471686,-0.3179025871679545,0.3183331411217468,0.1191250528581863,-0.20592780532810517,0.15799023565140508,,0.22744012609080075,0.5434974820282167,0.0789374543497482,-0.21163264521585362,0.20043824241725292,0.2486910390958367,0.15078614538884405,0.24034136777764964,0.027855303117671933,0.16075039403375235,-0.09468342751701073,-0.025225848614154462,-0.024733786952677507,0.19821627647714604,-0.15612193903048477,-0.005858609156959981,0.0074347441663783495,-0.048952446853496326,0.4106100795755968,0.23476723176873102,-0.11583439049705917,0.159174259024334,0.020266789682082037,0.11586514435090148,-0.2404566947295583,-0.060808057509706685,-0.19429516011225156,-0.18079421827547765
#58,-0.03674316687809941,0.13042709414523507,0.018713720063045402,-0.14748010610079576,0.14234421250913004,0.2564102564102564,0.38722177372852035,0.13383308345827086,0.10368661822934687,0.063968015992004,0.11444277861069466,0.10269480644293238,0.1096298004843732,1.0,-0.0068504209433744665,0.04526198439241917,-0.03842694037596586,0.13929189251528082,-0.11749509860454388,0.016983815784415483,-0.06875792872794372,-0.06765078998962057,0.025402683273747742,0.31731057548149,0.05498789067004959,0.028293545534924844,-0.21866758928228194,-0.0992503748125937,-0.1456271864067966,0.1213700841886749,-0.03207626955752893,0.28139776265713295,0.04764540806519817,-0.06475992772844347,-0.14434321300888017,0.010971437358243954,0.24156383346788143,0.022788605697151423,0.18070964517741128,0.021396993810786913,0.0913543228385807,-0.023080767308653365,0.30032675969707456,0.20768077499711682,0.1157882597162957,0.34656517894898703,-0.08579556375658325,0.12467612347672317,-0.20645830930688502,0.010448621842924692,-0.1069388382731711,0.20560488986276093,0.048737169876600164,0.11450428631837928,0.09305347326336831,0.002952369968861723,-0.21645331180563565,-0.025241225541075617,-0.3810479375696767,-0.03640487448583401,-0.271464267866067,-0.25157421289355325,0.18309306885019028,-0.02987736900780379,-0.16082727866835814,-0.2488601852919694,0.5174412793603198,0.393395609887364,-0.1456656287240995,-0.11245915503786569,0.06472148541114059,-0.05234305923961096,0.17398223964940607,-0.10294083727367086,0.11556529427593895,-0.0611771037558144,-0.014023757352093184,-0.22423403682773999,0.35883596663206857,0.27789182331910967,-0.11737208318917465,0.3743051551147503,,-0.07320186060815746,0.13234152154691886,-0.16534809518317764,-0.21076384884480837,0.12669818936685504,0.027378618383116133,0.12385345788644139,0.2960827278668358,-0.28270480144543114,0.13151116749317648,-0.27797639641717603,-0.3395379233460193,-0.2348748702571791,-0.10002690962211203,0.05987775343097682,0.09262291930957599,0.0018144773766962672,0.14952523738130935,-0.10424787606196902,0.07250989889670549,-0.05730211817168339,-0.2064967516241879,-0.0775074001460808,0.06649752047053396,0.00601237842617153,-0.15429977319032792,-0.25364240956444856,-0.3920731941721447
#101,-0.26201514627301736,-0.3918348518048668,-0.25139737823395997,-0.22387267904509284,0.02516434090646984,-0.11632645215853611,-0.18879022027447814,0.23534386652827433,0.18660669665167418,-0.11930188751777958,0.0467843001576135,0.012155460731172876,0.2425940875715988,-0.0068504209433744665,1.0,0.20563564371660323,-0.03429054703417522,-0.0038903625110521664,0.23353707761503864,-0.2103409833544766,0.540598931303579,0.022880867258678352,-0.03373697766501365,-0.14578095567600816,0.4506362203513628,-0.12300772690577788,-0.09054703417522009,-0.24772229269980395,0.19841617652712107,0.06433706223811171,0.1851305116672433,-0.034482758620689655,-0.18852881251681852,-0.12270018836735479,-0.1658094029908123,-0.15639103525160497,-0.07711528850959136,-0.13553223388305846,-0.14152154691884827,-0.15716757006112328,-0.1535539922346519,0.07119517164494676,0.184753776957675,-0.021389305347326335,-0.1536231884057971,-0.14584246338369278,-0.12697497405143582,-0.2524276323376773,-0.15692153923038482,-0.3532464536962288,0.06438319301887518,0.03248375812093953,0.21177872602160458,0.014269788182831662,0.07415523007726905,-0.20688886326067735,-0.05051320493599354,-0.2716564794525814,-0.05930111867143351,-0.3209164648445008,-0.34727251758736016,-0.3449198477684235,-0.13059624034136777,0.1345711759504863,0.01045631030638527,-0.2755160881097913,0.062222734786452925,-0.0338907469342252,0.3203552070118787,-0.024510821512320764,0.46343751201322414,-0.08874024526198439,0.1042555645254296,0.014700342136623995,-0.13053473263368315,-0.4223888055972014,-0.17862607157959481,-0.32015530696190364,0.1564832968131319,-0.25483412140083805,0.12575250836120402,0.04849882750932226,,0.01563833467881444,-0.011255910506285318,-0.017406681274747243,-0.32363049244608466,-0.12083189174643448,-0.014385115134740322,-0.08348902471841002,-0.1412755160881098,-0.10603159958482297,-0.28375812093953023,-0.019198093261061776,-0.23711990158766771,0.2511744127936032,-0.28038288548033674,-0.21051781801406988,-0.14541190942990043,-0.31950947603121516,-0.18011763349094684,0.03408295852073963,0.05038250105716373,-0.059362626379118134,-0.28415792103948023,-0.37994079883135357,-0.20997962557182948,-0.4086725867835313,-0.282943143812709,-0.11741052550647753,-0.11659554837965633
#102,-0.2627455503017722,-0.09762810902241187,-0.012701341636873871,-0.09847384000307538,-0.49014723407527006,-0.2155845154345904,0.19324184061815247,-0.3517318263944951,-0.18501518471533465,-0.10217199092761312,-0.06457540460538962,-0.39948487294814133,-0.1694460462076654,0.04526198439241917,0.20563564371660323,1.0,-0.2177680390573944,0.2648906316072733,0.3112597547380156,0.52103948025987,0.25803252220043826,0.5637719601737593,-0.1775419982316534,0.09806635143966479,-0.04376273401760658,0.25314265943951103,-0.029031638027140275,0.05518010225656403,-0.0858801368546496,0.019497943336024295,-0.3667627724599239,-0.36091954022988504,-0.28619536385653327,-0.4461692230807673,-0.1377003805789413,-0.29718986660515895,-0.1449121593049629,-0.00831891746434475,-0.39018952062430323,-0.3048014454311306,0.0360665820935686,-0.1378387729212317,-0.011886364510052667,0.1315726752008611,-0.34481989774343597,-0.11488870949140814,-0.17510475531465036,-0.19915426901933647,-0.1385153577057625,0.14917925652558336,-0.13001960558182446,0.11220543574366663,-0.1459039710913774,0.31009110829200787,-0.16736247260984893,0.18162457232922,0.01356244954445854,0.34693422519509476,-0.17407450121093299,-0.5464729173874601,-0.13763887287125667,-0.1003421366239957,-0.07013416368738708,0.47756890785376543,0.15517625802483373,0.2558951293583977,0.04755314650367124,0.2288932456848499,0.3438588398108638,0.47295582977741896,0.3522623303732749,0.47736900780379043,-0.03319109675931265,-0.11577288278937455,-0.1756737016107331,0.04240187598508438,-0.006804290162611002,0.1961173259524084,-0.0718948218198593,0.18759850843808865,0.09897359012801292,-0.09612885864759928,,-0.1585207396301849,-0.3972013993003498,-0.2634913312574482,-0.13434821051012955,-0.19141967477799562,-0.026748164379348786,-0.12586783531311269,-0.2373966862722485,-0.06567485488025218,-0.40508207434744165,0.001922115865144351,-0.08479606350670818,-0.03634336677814939,0.08840195286971898,-0.32432245415753663,-0.1880905700995656,-0.21313958405412678,-0.37350555491485027,-0.30164148694883325,-0.12529120055356938,-0.0953061930573175,-0.2993426363741206,-0.41163264521585363,-0.4412716718563795,-0.07739207319417214,-0.1749202321915965,0.02318840579710145,-0.0840425940875716
#201,0.6861031022950064,0.5266981893668551,0.6704186368354285,0.7214085265059778,0.2559950793833852,0.1644485449582901,0.08351977857225233,0.16865413447122593,0.22245031330488602,0.6592626763541306,0.32376119632491446,0.1738669126974974,0.15725214315918964,-0.03842694037596586,-0.03429054703417522,-0.2177680390573944,1.0,0.28754084496213433,-0.12342290393264906,-0.2820897243685849,-0.4077038403874986,-0.10958366970360973,0.3001499250374813,0.06860415945873218,0.12618306231499635,0.2118402337292892,0.15657555837465884,0.2625379617883366,0.0384807596201899,-0.1812478376196517,0.018060200668896322,0.3383769653634721,0.1868681044093338,0.29229231538077116,0.01708376580940299,0.18096336447161035,0.16445623342175067,0.21431591896359511,0.30272556029677467,0.3973397916426402,-0.21214008380425173,0.24145619497943335,-0.2403567447045708,-0.06234575020182217,0.014400492061661477,-0.058847499327259446,0.3296890016530196,0.3684311690308692,0.17412063199169647,0.1671395071694922,0.1812862799369546,-0.06096951524237881,0.17295967400914927,0.02140468227424749,0.01915965094375889,0.17116826202283475,-0.4411332795140891,-0.11751047553146504,0.1340944912159305,0.3854611155960481,-0.005143582055126283,-0.15057086841194786,0.07163341406219967,-0.11718756006612079,0.1908814823357552,-0.09396071195171644,-0.005274285933956099,0.04073347941413909,0.03106139238073271,0.05817860300618921,0.043016953061930575,0.029600584323223003,-0.01237842617152962,0.05161265521085611,-0.20640449006266098,-0.05638719101987468,-0.22680198362357282,-0.10881482335755199,0.13094990966055434,0.04403951870218737,-0.0742090493214931,0.08824049513704686,,0.21186329911967094,0.06878099411832546,0.008149771268212048,-0.17581978241648408,-0.0020681966708953215,0.1369469111598047,-0.03585899358013301,-0.08288163610502441,-0.09479875446891939,-0.0028524199438742168,-0.08545727136431784,-0.04136393341790643,0.3471187483181486,0.07862222734786453,0.6175220082266559,0.5127666935762888,0.47950640064583094,0.46431399684773,0.23289124668435013,0.3167493176488679,0.48744858340060737,0.4917003036943067,0.5243685849383001,0.31964017991004495,-0.03465190481682236,-0.17035328489601353,-0.29116979971552687,-0.1676085034405874
