,#10,#11,#12,#13,#17,#18,#26,#49,#50,#51,#52,#53,#54,#58,#101,#102,#201,#202,#301,#302,#401,#402,#501,#502,#601,#602,#701,#702,#801,#802,#901,#902,#1001,#1002,#1101,#1102,#1201,#1202,#1301,#1302,#1401,#1402,#1501,#1502,#1601,#1602,#1701,#1702,#1801,#1802,#1901,#1902,#2001,#2002,#2101,#2102,#2201,#2202,#2301,#2302,#2401,#2402,#2501,#2502,#2601,#2602,#2701,#2702,#2801,#2802,#2901,#2902,#3001,#3002,#3101,#3102,#3201,#3202,#3301,#3302,#3401,#3402,#3455,#3501,#3502,#3601,#3602,#3701,#3702,#3801,#3802,#3901,#3902,#4001,#4002,#4101,#4102,#4201,#4202,#4301,#4302,#4401,#4402,#4501,#4502,#4601,#4602,#4701,#4702,#4801,#4802
#10,1.0,0.5560758082497212,0.4531042171222081,0.5615038634528889,0.19110444777611194,0.4699111982470303,0.5405758659131973,0.7898896705493407,0.49862760927228694,0.5692615230846115,0.6852804367047246,0.38600699650174913,0.5573597816476377,0.31489639795486873,0.1372928920155307,0.0912236189597509,0.485126667435513,0.24989043939568678,0.08733325644869873,0.01972090877638104,0.24470072655979702,0.10446315303886518,0.22710183369853534,0.18034059893130358,0.5484719178872103,0.22438011763349094,-0.29600584323223006,-0.19626340675815937,0.19664014146772768,-0.14595010187214086,-0.047507015722907775,-0.13194172144696883,-0.14456617844923692,-0.3686003152270019,0.10567024180217584,0.11883289124668435,0.024241725291200552,-0.2893553223388306,-0.10313304886018529,-0.18566101564602314,-0.0878868258178603,-0.22378041748356592,0.08857878752931227,-0.01353169569061623,-0.2372275400761158,0.04769153884596163,-0.3489947334025295,-0.31087533156498676,-0.5330949909660554,-0.562757082996963,-0.492876638603775,-0.21496174989428363,-0.46913466343751203,-0.14463537462038212,0.31608810979125823,0.07431668780994119,-0.27773805404989815,-0.1712220812670588,-0.3334102179679391,-0.4067427824549264,0.11811017568139008,0.036258793680083036,0.17180640449006265,0.04014146772767462,0.1039787798408488,0.0943528235882059,0.24907546226886557,0.35067081843693537,0.42110483219928496,0.14432014761849846,0.5199323415215469,0.4641986698958213,0.27969092376888477,-0.05488794064506208,0.05528774074501211,-0.032768231268980895,0.012247722292699804,-0.13726982662514897,0.39025871679544843,0.11521931342021297,0.015230846115403837,0.19825471879444892,0.35206243032329987,0.30460923384461613,0.30822281167108756,-0.029423749663629723,-0.1619267289432207,0.030784607696151923,-0.03297581978241648,0.23701226309921963,-0.22601776035059393,0.004213277976396417,-0.01939030484757621,-0.3651174412793603,-0.3290201053319494,0.32665974704955214,-0.12249259985391919,0.04823741975166263,0.1404144081805251,-0.11992465305808635,0.07846845807865298,0.10982201207088764,-0.17532003229154652,0.19813939184254026,0.12077038403874986,0.0898627609272287,-0.034159843155345405,0.0930919155806712,0.03915734440472072,-0.140053050397878,-0.3679391073693922
#11,0.5560758082497212,1.0,0.41916733940721945,0.41729904278629915,0.0709106984969054,0.345219697843386,0.4523584361665321,0.46891169799715526,0.5296198054818745,0.5462730173374851,0.5622419559451044,0.19933110367892976,0.34918694498904396,-0.010440933379464114,0.13248760235266982,0.09919655556836966,0.4963287586975743,0.41460039211163646,0.09092376888478837,-0.11180563564371661,0.21999000499750124,0.08658747549302272,0.32413793103448274,0.2116710875331565,0.3630108022911621,0.3054165225079768,-0.08109791258217046,0.13353323338330836,0.16773920731941722,-0.304047976011994,0.10009610579325721,-0.2741706070041902,-0.13369469111598048,-0.30177987929112365,-0.13234921001037941,-0.17472802060508208,-0.16414100641986698,-0.28022911621112523,-0.03159189635951255,-0.03013877676546342,-0.11240533579364165,-0.4031676469457579,0.08651059085841695,-0.3655941260139161,-0.09856610156460231,-0.11470418636835429,-0.26616691654172914,-0.1698150924537731,-0.3622419559451044,-0.26024679967708453,-0.18913620113020413,0.12066274555030178,-0.16238034828739475,0.04082574097566601,0.24778380040748857,0.0805366547495483,-0.26459078153231075,-0.29978087879137355,-0.2098719870833814,-0.22710183369853534,-0.12236189597508938,-0.16647829931188252,-0.17342098181678392,-0.16251105216622458,0.17408218967439357,0.27460884942144315,-0.042770922231192096,0.2339983854226733,0.29406066197670394,0.09266905009033945,0.41270903010033444,0.3416445623342175,0.05128205128205128,-0.11240533579364165,-0.15657555837465884,-0.1797255218544574,-0.25805558759082,-0.34047591588820975,0.3715911275131665,0.01952100872640603,0.06531349709760505,0.08321992849728982,0.22344212509130051,0.16368738707569291,0.17558144004920617,-0.10823818859800868,-0.09050090339445661,-0.11525775573751586,-0.21591511936339522,0.13595509937339023,-0.0972129319955407,0.07562372659823934,0.15203936493291817,-0.2297389766655134,-0.1304809133894591,0.4344058739860839,-0.12815899742436473,0.1661400069196171,0.49143120747318647,-0.07916041979010495,0.09349171568062123,0.2907930650059586,-0.042932379963864224,0.13117287510091108,0.2906777380540499,0.06905777880290624,0.09113904586168455,-0.20124553108061355,-0.13494022219659402,-0.18340060738861338,-0.19571752585245838
#12,0.4531042171222081,0.41916733940721945,1.0,0.556936916157306,0.1994233652404567,0.7071156729327643,0.4461769115442279,0.2942144312459155,0.3074232114711875,0.5672087033406373,0.47075692922769385,0.008503440587398608,0.40076884634605775,-0.2483835005574136,0.05457271364317841,0.31550378656825434,0.6961596125014415,0.7485180486679737,0.1147656940760389,-0.30043439818552264,-0.12112405335793641,-0.1072463768115942,0.5428747164879099,0.27723830392496057,0.26214585015184716,0.4192288471149041,-0.06572867412447622,0.17242148156690884,0.30069580594318224,0.01922115865144351,0.2582785530311767,-0.1544381655326183,0.15721370084188674,-0.1104140237573521,-0.18797524314765693,-0.17561988236650905,-0.09986545188943989,0.0014531195940491292,-0.01166339906969592,0.18250874562718641,0.01137123745819398,-0.32931995540691195,-0.13526313766193826,-0.2993580133010418,-0.07377849536770076,-0.20768077499711682,-0.25701764502364205,-0.1733902279629416,-0.25993157267520084,-0.2302848575712144,-0.14336677814938684,0.11774112943528237,0.04074885634106024,0.25311959404912926,0.0777149886595164,0.16236497136047362,-0.4149771268212048,-0.5801791411986315,-0.05929343020797294,-0.14526582862414947,-0.12777457425133587,-0.0016222657901818322,-0.34088340445162035,-0.15506093107292507,0.345911659554838,0.36758543805020566,-0.16547111059854688,0.1849306116172683,0.1540998731403529,0.032522200438242416,0.34809518317764193,0.20042286549033175,-0.1235459193480183,-0.11821012570637758,-0.3690385576442548,-0.27939876215738285,0.011240533579364165,-0.16095029408372738,0.26061584592319226,0.21223234536577865,0.09563679698612232,0.04826817360550494,0.34374351285895516,0.012516818513820013,-0.08527274824126398,-0.14752623688155922,-0.06174605005189713,0.06588244339368778,0.005520316764694576,-0.06163841156344904,-0.04659977703455964,0.12542959289585975,-0.07616960750394033,0.08810210279475647,0.06814285165109753,0.49770499365701765,0.12699803944181756,0.46471379694768,0.5847922192749779,0.16301849075462269,0.34500442086648986,0.602583323722754,0.20887248683350632,0.3482181985930112,0.24527736131934033,0.23822704032599085,0.19853919194249028,-0.15592972744397032,-0.17515088609541382,-0.10548571867912197,-0.2970053434821051
#13,0.5615038634528889,0.41729904278629915,0.556936916157306,1.0,0.10702341137123746,0.47686925767885285,0.22979279590973745,0.41703763502863955,0.14662668665667167,0.4664206358359282,0.42443393687771497,0.19281128666436012,0.4184830661592281,0.11417368238957444,0.15636796986122323,0.0941836773920732,0.5599046630530888,0.2938069426825049,0.11229000884173299,-0.03534386652827432,0.0616537884903702,0.007780725022104333,0.06978818283166109,0.1497712682120478,0.30785376542497983,0.1632568331219006,0.0021681466958828276,-0.0175912043978011,0.23117671933264136,0.15837465882443394,0.06571329719755507,-0.10763079998462308,0.047045707915273134,-0.1765194325913966,0.10623149963479799,0.06501364702264252,-0.0013839234229039326,-0.13006573636258795,-0.10001153269519086,-0.009733594741090992,0.25942413408680276,0.04710721562295775,0.057640410563948793,-0.08890170299465652,-0.29794333602429557,-0.1084380886479837,-0.21130972975050935,-0.17751893284127168,-0.36711644177911046,-0.3522700188367355,-0.1575673701610733,0.04138699880828817,-0.22724022604082575,-0.14536577864913697,0.04114096797754969,-0.07420136085803253,-0.3539922346519048,-0.23496713181870604,-0.2627147964479299,-0.3034021450813055,0.09871218237035329,0.05784799907738439,0.0891784876792373,0.07247145657940261,0.2365740206819667,0.10847653096528659,0.12721331641871372,0.16441779110444776,0.15187790720024602,0.09203090762311152,0.11106754315150118,0.18014069888132855,-0.02920078422327298,-0.008687963710452466,0.005335793641640718,-0.09532156998423864,0.04297082228116711,-0.20274478145542613,0.2791450428631838,0.15237765732518357,0.09191558067120285,0.1503248375812094,0.11151347403221466,0.2335140122246569,0.24236343366778149,-0.10953753892284628,-0.14462768615692154,0.18114019913120363,0.17043016953061932,0.2507438588398109,-0.04877561219390305,0.1333717756506362,0.01589974243647407,-0.1910890708491908,-0.28735632183908044,0.07252527582362665,0.01815246223042325,0.2696036597086072,0.2677046092338446,0.013339484104101795,0.3406681274747242,0.22308845577211395,0.17512013224157152,0.37759581747587745,0.22132010917618114,0.2778764463921885,0.21406219966939607,0.0607696151924038,-0.020020758851343558,-0.1543074616537885,-0.3669626725098989
#17,0.19110444777611194,0.0709106984969054,0.1994233652404567,0.10702341137123746,1.0,0.42074347441663784,0.070772306154615,0.2925691000653519,0.348494983277592,0.03194556567869911,0.22333448660285243,0.6377272902010533,0.36480221427747667,0.27014185215084763,-0.00048437319801637643,-0.060292930457848,0.23302195056317995,0.059062776304155615,-0.1270826125398839,-0.0631530388651828,-0.10138007919117364,-0.17109906585168955,-0.19255756737016108,0.2121785261215546,-0.06025448814054511,-0.09765886287625418,-0.06155383846538269,-0.09765886287625418,0.36115788259716297,0.25973167262522584,0.28225887056471766,0.43499019720908777,0.2534501979779341,0.10138007919117364,0.4418867489332257,0.4671356629377619,0.42700188367354786,0.3761734517356706,-0.026663591281282435,-0.08411179025871679,0.1157190635451505,0.21204782224272478,0.12379963864221735,0.2437627340176066,-0.21579210394802598,-0.1539691692615231,0.1950255641410064,0.16904624610771538,0.05491100603544382,0.026448314304386267,0.01903663552838965,0.004228654903317572,-0.3212086264560028,-0.36595548379656323,-0.22995425364240957,-0.14214431245915504,-0.39158882097412834,-0.19961557682697112,-0.3474339753200323,-0.3144350901472341,-0.011348172067812247,-0.18361588436550955,0.2188828662591781,0.3228539576365663,-0.1698919770883789,-0.11127513166493676,0.281251681851382,0.15589897359012803,-0.08851727982162765,0.031345865528774074,-0.02108945527236382,-0.012193903048475762,0.1409679775496867,0.39757044554645754,0.12568331219005882,-0.009664398569945797,-0.07772267712297698,-0.27269442201975935,0.09745896282627917,0.3853227232537577,-0.0390958366970361,0.5993541690693115,0.08411947872217737,0.19398762157382848,0.5867835313112675,0.02048975512243878,-0.13088071348940913,0.3292968900165302,0.41525391150578556,0.5199477184484681,0.4632991196709338,-0.07161803713527852,-0.046469073155729824,-0.2658670664667666,-0.29732825894744935,-0.15207780725022105,0.311944027986007,0.25503402145081305,-0.0052665974704955215,0.05411140583554377,0.2702956214200592,0.10662361127128743,0.15965863222235036,0.12680582785530312,-0.024087956021989005,0.19890054972513743,-0.03267596970745396,-0.07001883673547842,-0.23745819397993312,-0.3307884519278822,-0.44888325068235113
#18,0.4699111982470303,0.345219697843386,0.7071156729327643,0.47686925767885285,0.42074347441663784,1.0,0.4698189366855034,0.4590397109137739,0.23289124668435013,0.4185445738669127,0.552969669011648,0.328881712989659,0.6374120631991697,0.021197093760811903,0.060069965017491254,0.35402298850574715,0.5945719447968324,0.5731211317418214,0.11395840541267828,-0.18605312728251258,-0.14934071425825549,-0.09376850036520201,0.34299004343981854,0.22043593587821475,0.22451082151232077,0.36133471725675625,-0.14136777764963673,0.06288394264406258,0.5144504670741552,0.18147849152346904,0.26644370122630995,0.09129281513089609,0.14473532464536962,-0.047537769576750086,0.11278207050320993,0.0850959135816707,0.05218928997039941,0.06000845730980663,-0.10403259908507285,0.08904009533694691,0.1088455772113943,-0.11062161227078768,0.042386499058163225,0.0031676469457578905,-0.15439972321531542,-0.07403221466189983,-0.28518048667973706,-0.1577442048206666,-0.3298427709222312,-0.23088455772113944,-0.2201437742667128,0.09881982085880137,-0.10193364856033521,0.0371890977588129,-0.051920193749279205,0.13693922269634415,-0.5317956406412179,-0.40505900895705993,-0.30933763887287125,-0.3463806558259332,-0.09481413139584054,-0.059716295698304694,-0.15174720332141622,0.01664552339215008,0.25363472110098795,0.15912043978010995,0.014054511205935493,0.2900626609772037,0.15536846961134818,0.07204090262561028,0.3626648214354361,0.20787298658363126,-0.07031099834698036,0.0993887671548841,-0.32110867643101526,-0.30769999615576826,-0.057917195248529584,-0.31753354092184677,0.3312882020528197,0.47685388075193175,0.12507592357667321,0.4036366432168531,0.26115403836543266,0.27087225617960253,0.24636912313074233,-0.09489870449390689,-0.14059893130357898,0.23784261715296198,0.2744858340060739,0.24458539960788836,-0.011840233729289202,0.18855187790720024,-0.12682120478222428,-0.04280936454849498,-0.06281474647291739,0.2828739476415638,0.20998731403529006,0.33763887287125666,0.3149732825894745,-0.028408872486833506,0.31761811401991313,0.45271210548571866,0.20879560219890056,0.28198208588013685,0.2299388767154884,0.1564756083496713,0.1054472763618191,-0.14934840272171607,-0.05297351324337831,-0.1528082112789759,-0.3871756429477569
#26,0.5405758659131973,0.4523584361665321,0.4461769115442279,0.22979279590973745,0.070772306154615,0.4698189366855034,1.0,0.3726521354707262,0.3907123361396225,0.5056394879483336,0.5542536424095644,0.20307538538423095,0.5307192557567371,0.27483181486179986,0.1990081882135855,0.27732287702302694,0.43026179218083266,0.35863606658209357,0.08401184023372929,-0.006627455503017722,0.20492830507823012,-0.005574136008918618,0.33148041363933417,0.04659208857109907,0.373382539499481,0.20069965017491254,-0.2895167800715027,-0.12472994272094722,0.12155460731172875,-0.23715065544151,0.01839080459770115,-0.05342713258755238,-0.023695844385499557,-0.2030215661400069,-0.027470879944643062,0.061523084611540386,-0.10711567293276439,-0.20995656018144773,-0.1292661361626879,-0.10632376119632492,-0.27953715449967326,-0.3348633375619882,0.0025218160150693885,-0.25990081882135857,-0.20961057932572175,-0.014500442086648984,-0.39514857955637567,-0.27966785837850305,-0.3914273632414562,-0.32486064659977704,-0.36443316803136894,-0.09914273632414562,-0.14720332141621498,-0.016691654172913545,0.1768961673009649,0.06551339714758006,-0.3280359820089955,-0.3582900857263676,-0.22989274593472495,-0.3166032368431169,-0.06880405950870719,-0.10079575596816977,0.10537039172721331,0.009941183254526583,0.09689001653019644,0.18643755045554147,0.1539230384807596,0.5087302502594856,0.5150040364433168,0.1899588667204859,0.7132664437012263,0.5826163841156345,0.30560873409449124,-0.049221543074616535,-0.09546765078998962,-0.01632260792680583,-0.012978126321454658,-0.06166916541729135,0.3207780725022104,0.1440279860069965,0.1729135432283858,0.07279437204474686,0.2756467919886211,0.3753277207550071,0.11088302002844731,-0.19413370237957944,-0.10345596432552955,-0.19607119517164495,-0.23988774843347557,0.08601084073347941,-0.24363203013877677,0.02673278745242763,-0.045062084342444166,-0.10104947526236882,-0.08902471841002575,0.42747856840810367,-0.11596509437588898,0.04324760696574789,0.2563103063852689,-0.10761542305770191,0.09446046207665398,0.22464921385461115,-0.10651597278283935,0.2005766347595433,0.2950217199092761,0.147949102371891,0.16608618767539307,-0.1088455772113943,0.05449582900857264,-0.030284857571214394,-0.2603083073847692
#49,0.7898896705493407,0.46891169799715526,0.2942144312459155,0.41703763502863955,0.2925691000653519,0.4590397109137739,0.3726521354707262,1.0,0.45326567485488023,0.512689808941683,0.6160842655595279,0.540145311959405,0.5940491292815131,0.45248914004536195,0.10663129973474801,-0.05268135163187637,0.47334025295044785,0.11045246607465498,0.15973551685695614,0.019144274016837735,0.20765002114327452,0.0847576211894053,0.06412947372467612,0.09705916272632914,0.4776919232691347,0.1594356667819936,-0.21357782647137968,-0.20838042517202937,0.3323645869373006,-0.08140545112059355,-0.12272325375773652,0.03189943489793565,-0.27207934494291314,-0.3796255718294699,0.22247337869526776,0.21673778495367702,0.08759466420635836,-0.2051051397378234,-0.0894860262176604,-0.1722677122976973,0.06259946949602122,-0.16790066505208934,0.19128128243570522,0.05827855303117672,-0.2622304232499135,-0.08201283973397916,-0.38104024910621614,-0.3306577480490524,-0.48553415599892363,-0.4923768884788375,-0.3175258524583862,-0.14996347979856225,-0.4429170030369431,-0.2921385461115596,0.2287240994887172,0.03598969745896283,-0.21267058778303155,-0.1230692346134625,-0.3218852112405336,-0.3854380502056664,0.01833698535347711,-0.1355629877369008,0.2552954292084727,0.10360204513128052,0.009426056202667897,-0.02555645254295929,0.3316188059816246,0.3788721024103333,0.3854303617422058,0.12173913043478261,0.4314150616999193,0.48018298543036175,0.25650251797178336,0.03795794410487064,0.0555952792834352,-0.09013954561180948,-0.05848614154461231,-0.22622534886402954,0.3486333756198824,0.21680698112482222,-0.011648022142774767,0.3846692038596087,0.23369084688425018,0.4313766193826164,0.4423326798139392,-0.07446276861569215,-0.2734709568292777,0.19258832122400338,0.09189251528082112,0.4087494714181371,-0.124806827355553,0.053488640295237,-0.04063352938915158,-0.40661976703955716,-0.32151616499442587,0.21090992965055932,0.005812478376196517,0.013470187982931611,-0.09521393149579056,-0.13889978087879137,-0.004982124322454157,-0.026486756621689155,-0.21467727674624226,-0.008849421443124592,-0.0326298389266905,-0.04286318379271903,-0.16017375927420904,-0.005497251374312844,-0.10798446930380963,-0.16100411332795142,-0.2484834505824011
#50,0.49862760927228694,0.5296198054818745,0.3074232114711875,0.14662668665667167,0.348494983277592,0.23289124668435013,0.3907123361396225,0.45326567485488023,1.0,0.3778264713796948,0.4409333794641141,0.34721100987967557,0.4218813670088033,0.23258370814592705,0.12744397032253105,0.026402183523622804,0.5099911582670204,0.3213623957252143,0.022350363279898512,-0.10360204513128052,0.2261638411563449,0.12597547380156077,0.2773843847307116,0.34434321300888016,0.42828585707146427,0.2786222273478645,-0.22977741898281628,-0.06895014031445816,0.24575404605389614,-0.3326336831584208,0.01838311613424057,-0.19780109945027485,0.07230999884673048,-0.2723484411640334,0.08713335639872372,0.06780455925883212,0.12886633606273787,-0.07163341406219967,0.014285165109752815,-0.05477261369315342,-0.2470610848421943,-0.2850959135816707,0.09858147849152347,-0.12842040518202438,-0.20402875485334257,-0.053696228808672586,-0.16612462999269595,-0.0968361972859724,-0.3067389382231961,-0.2853342559489486,-0.19048937069926575,0.04297851074462768,-0.23534386652827433,-0.1616191904047976,0.24969053934571175,0.07520086110790758,-0.3136508668742552,-0.23041556145004422,-0.1822088955522239,-0.2705954714950217,-0.22407257909506786,-0.27422442624841425,0.006635143966478299,-0.03432898935147811,-0.23913427901433898,0.09086226117710376,0.2873793872294622,0.2627147964479299,0.405912428401184,0.1832929689001653,0.5616268788682581,0.41011801791411984,0.2987813785414985,0.14648060585092068,-0.008211278975896666,0.04303232998885173,-0.20921077922577172,-0.24421635336178066,0.381770653134971,0.10599315726752008,-0.027962941606120017,0.2665436512512974,0.4079268058278553,0.018698343136124247,0.3366393726213816,-0.15267750740014607,-0.007919117364394726,-0.09168492676738554,-0.20488217429746666,0.24295544535424596,-0.005258909007034944,-0.09647483950332526,0.042740168377349785,-0.20420558951293585,-0.15643716603236843,0.4206512128551109,-0.003944181755276208,0.1458578403106139,0.23281436204974437,-0.02624072579095068,0.02416484065659478,0.27721523853457886,-0.1990081882135855,0.2372198516126552,0.2600238342367278,0.19471033713912275,0.049529081613039636,-0.2683196863106908,-0.17492792065505708,-0.3339176565563372,-0.36514050666974207
#51,0.5692615230846115,0.5462730173374851,0.5672087033406373,0.4664206358359282,0.03194556567869911,0.4185445738669127,0.5056394879483336,0.512689808941683,0.3778264713796948,1.0,0.44193287971398915,0.12881251681851383,0.4548187444739169,0.04865259677853381,0.2522738630684658,0.19429516011225156,0.5954176757774958,0.3708069042401876,0.2808672586783531,0.0025833237227540075,0.30549340714258255,0.1887364010302541,0.4017375927420905,0.042055895129358395,0.468335063237612,0.1518855956637066,-0.10643908814823358,-0.07434744166378349,0.09961942105870142,-0.3409602890862261,0.030730788451927882,-0.27749202321915967,-0.25575673701610735,-0.42834736477914886,-0.21418521508476532,-0.2715103986468304,-0.1204474685734056,-0.41077922577172954,-0.16592472994272095,-0.13620113020412872,-0.16175758274708799,-0.44024910621612273,0.19810863798869796,-0.19427209472186985,-0.004090262561027179,-0.08842501826010071,-0.42073578595317723,-0.37894898704493907,-0.4691423519009726,-0.4030907623111521,-0.2740552800522815,-0.054295928958597625,-0.06023911121362396,-0.01915965094375889,0.39584054126782764,0.0914927151808711,-0.08304309383769654,-0.19283435205474186,-0.22207357859531773,-0.3101756813900742,-0.006281474647291739,-0.01969015492253873,-0.1826394495060162,-0.032829738976665516,0.29957329027793794,0.23993387921423903,0.10907623111521163,0.4453465574904855,0.3238150155691385,0.07288663360627379,0.46010840733479413,0.36599392611386616,0.0518202437242917,-0.2874408949371468,-0.2765309652865875,-0.3001499250374813,-0.030369430669280745,-0.019082766309153117,0.4069196171145197,-0.11006804290162611,-0.019505631799484873,-0.010256410256410256,0.4380502056663976,0.1933033483258371,0.07334025295044785,-0.014708030600084573,0.01956713950716949,-0.044024141775266215,-0.2844116403336793,0.010256410256410256,-0.2881251681851382,0.29853534771076,0.0774766462922385,0.06673586283781187,-0.005720216814669588,0.45315803636643215,-0.23995694460462078,0.059424134086802756,0.216337984853727,-0.05930111867143351,0.07583131511167493,0.3347787644639219,-0.03958789835851305,0.03196863106908084,0.14629608272786684,-0.07010340983354477,0.0020835735978164765,-0.10345596432552955,0.03296813131895591,0.03643562833967631,-0.2885864759927728
#52,0.6852804367047246,0.5622419559451044,0.47075692922769385,0.42443393687771497,0.22333448660285243,0.552969669011648,0.5542536424095644,0.6160842655595279,0.4409333794641141,0.44193287971398915,1.0,0.3504247876061969,0.6331834082958521,0.2533118056356437,0.26142313458655286,0.11114442778610695,0.552477607350171,0.2819359550993734,0.17541998231653405,-0.08937838772921232,0.1657709606735094,0.0023757352093184175,0.1977472802060508,0.14271325875523777,0.5267520086110791,0.42402644831430436,-0.36303386768154383,-0.21566140006919618,0.4321454657286741,-0.09501403144581555,-0.11295890516280321,-0.0034213662399569444,-0.14466612847422441,-0.29396071195171647,0.23541306269941953,0.2502748625687156,0.05412678276246492,-0.0840425940875716,-0.10400953369469111,-0.10024218659900819,-0.051159035866682044,-0.24164071810248722,0.12088571099065852,-0.10201822165840156,-0.22495675239303425,-0.10481682235805174,-0.36021220159151196,-0.28981663014646525,-0.5136047360934917,-0.4598777534309768,-0.4565870910698497,-0.1744819897743436,-0.49914273632414563,-0.12140852650597778,0.2494060661976704,0.2408718717564295,-0.4063583592818975,-0.3400376734709568,-0.34751085995463804,-0.4907392457617345,-0.10778456925383462,-0.1382770153384846,0.060831122900088415,-0.07988313535539922,-0.1071464267866067,-0.14022988505747128,0.0672356129627494,0.40756544804520817,0.5086764310152616,0.23968784838350055,0.5259985391919425,0.49035482258870566,0.34846422942374966,0.0062891631107523166,0.013070387882981586,-0.037919501787567755,0.058463076154230575,-0.22018990504747626,0.4683119978472302,0.3549456041210164,-0.04879867758428478,0.2577864913696998,0.3743512858955138,0.3008957059931573,0.22377272902010534,-0.20740399031253604,-0.3121593049629032,0.04156383346788144,-0.06989582132010917,0.2670126475223927,-0.1608964748395033,-0.02507207934494291,0.04101026409871987,-0.38950524737631187,-0.32679813939184255,0.4749471418137085,0.07061084842194287,-0.008687963710452466,0.14179833160342906,-0.21945950101872141,-0.05392688271248991,0.07961403913427902,-0.22920847268673356,0.033183408295852077,0.16550955291584976,0.09888901702994657,-0.020804982124322455,-0.0932303079229616,-0.03133048860185292,-0.18976665513397148,-0.3457963326029293
#53,0.38600699650174913,0.19933110367892976,0.008503440587398608,0.19281128666436012,0.6377272902010533,0.328881712989659,0.20307538538423095,0.540145311959405,0.34721100987967557,0.12881251681851383,0.3504247876061969,1.0,0.5004574635759044,0.4785069003959559,0.16551724137931034,-0.1463729673624726,0.22220428247414753,-0.09462960827278669,0.09977319032791297,0.16442547956790834,0.2041210164148695,-0.043962634067581594,-0.27545458040210663,-0.008242032829738977,0.04882943143812709,-0.2633221850613155,-0.301118671433514,-0.34139853150347904,0.3941644562334218,0.13797716526352208,0.03988774843347557,0.29560604313228,-0.09846615153961481,-0.009164648445008266,0.42240418252412254,0.3713297197555069,0.4194979433360243,0.1400761157882597,-0.04586937300580479,-0.285472648291239,0.2242571022181217,0.10012685964709953,0.33136508668742554,0.19729366086187675,-0.3274209049321493,-0.17597355168569562,0.0647829931188252,0.12879713989159267,-0.1713527851458886,-0.2495444585399608,-0.09592895859762426,-0.12114711874831816,-0.5534847960635068,-0.5313881520778072,-0.05820935686003152,-0.16301849075462269,-0.32488371199015875,-0.0958828278168608,-0.4371199015876677,-0.4023449813554761,0.11547303271441202,-0.13856148848652597,0.3721216314919463,0.2668588782531811,-0.23413677776496367,-0.2637604274785684,0.30307922961596123,0.2063968015992004,0.16507899896205744,0.062491831007573134,0.13425594894860263,0.19138123246069272,0.15704455464575404,0.15244685349632875,0.115073232614462,-0.14696497904893707,-0.24558489985776344,-0.35928189751278206,0.16856187290969898,0.2699880828816361,0.22151232076269559,0.7071464267866067,-0.04544650751547303,0.6140160688886326,0.7208318917464345,0.10747703071541152,-0.18592242340368278,0.42029754353592436,0.2531349709760504,0.8279168108253565,0.2323914965594126,0.002344981355476108,-0.1316495598354669,-0.3945642563333718,-0.3649482950832276,-0.12457617345173568,0.13613193403298351,0.02144312459155038,-0.2133010417867989,-0.09851997078383885,0.08681044093337946,-0.15792103948025987,-0.024749163879598662,-0.06561334717256756,-0.12373813093453273,-0.031199784723023104,-0.19684004151770268,0.06191519624802983,-0.023403682773997618,-0.1563064621535386,-0.28634144466228423
#54,0.5573597816476377,0.34918694498904396,0.40076884634605775,0.4184830661592281,0.36480221427747667,0.6374120631991697,0.5307192557567371,0.5940491292815131,0.4218813670088033,0.4548187444739169,0.6331834082958521,0.5004574635759044,1.0,0.39424134086802753,0.4032599085072848,0.12095490716180371,0.5624418559950793,0.20964902164302465,0.286564410102641,0.07474724176373351,0.22598700649675163,-0.04616922308076731,0.13884596163456733,-0.15424595394610388,0.5136201130204129,0.1325260446699727,-0.3056625533387153,-0.389520624303233,0.4439318802137393,-0.029654403567447047,-0.1964863721985161,-0.010317917964094876,-0.18616845423442124,-0.33699304194056817,0.2966670510898397,0.33892284626917313,0.13756198823665092,-0.10317917964094876,-0.24691500403644331,-0.24859877753430976,-0.012885864759927729,-0.09895052473763119,0.29520624303233,0.17779571752585246,-0.20584323223003884,-0.06887325567985238,-0.36922308076730864,-0.331811017568139,-0.45007496251874063,-0.4972821281666859,-0.4252719793949179,-0.15468419636335679,-0.3860685042094337,-0.4263791181332411,0.18150155691385075,-0.07370161073309499,-0.36765463422135086,-0.16120401337792642,-0.4757774958674509,-0.5814169838157844,-0.0555952792834352,-0.1850613154960981,0.239534079114289,0.12010148771767962,-0.11273593972244647,-0.21280898012532196,0.38891323568984737,0.6008226655902817,0.5542920847268673,0.40781147887594665,0.5556606312228501,0.4582862414946373,0.3235459193480183,0.1868681044093338,0.025602583323722755,0.004605389612885865,0.02955445354245954,-0.18617614269788182,0.5753277207550072,0.33132664437012266,0.06016991504247876,0.42257332872025527,0.36527121054857187,0.45374235958943604,0.41671471956329525,-0.15997385922423404,-0.23475185484180985,0.19752431476569407,0.04291700303694307,0.36833121900588167,-0.19236535578364664,0.04354745704071041,-0.054649598277784185,-0.3347480106100796,-0.3582900857263676,0.2628531887902203,-0.05069003959558682,-0.01276284934455849,-0.07304809133894591,-0.238442317302887,0.0232729788951678,0.16096567101064851,-0.030154153692384576,0.11400453619344174,0.18429246915004036,0.036612462999269596,-0.03698150924537731,-0.07028024449313805,0.11924037981009496,-0.15016337984853728,-0.5350786145388844
#58,0.31489639795486873,-0.010440933379464114,-0.2483835005574136,0.11417368238957444,0.27014185215084763,0.021197093760811903,0.27483181486179986,0.45248914004536195,0.23258370814592705,0.04865259677853381,0.2533118056356437,0.4785069003959559,0.39424134086802753,1.0,0.12914312074731865,-0.24036443316803136,0.02757082996963057,-0.4320916464844501,0.02570253334871026,0.19757044554645753,0.19941567677699612,-0.037319801637642716,-0.39916195748279704,-0.16448698727559297,0.2173528620305232,-0.12214661899819321,-0.13255679852381502,-0.3195632952754392,0.1410986814285165,0.06111559604812978,-0.281597662707108,0.286964210202591,-0.18990504747626186,-0.23906508284319378,0.42515665244300926,0.6040287548533425,0.08974743397532003,-0.03828854803367547,-0.2993195709837389,-0.3173182639449506,-0.00864952139314958,0.3204628455003268,0.12460692730557799,0.3558682197362857,-0.4083419828547265,0.11372006304540037,-0.19318802137392843,-0.16902318071733363,-0.17289816630146465,-0.2152077807250221,-0.26655133971475803,-0.20932610617768038,-0.3803098450774613,-0.48902471841002576,-0.022773228770230268,-0.09768961673009649,-0.06848114404336293,0.16827739976165762,-0.33710068042901625,-0.35125514165993926,0.15517625802483373,-0.06589782032060892,0.7996386422173528,0.5507861453888441,-0.23131511167493177,-0.318802137392842,0.7421750663129973,0.5257371314342829,0.41824472379195016,0.33748510360204514,0.26612078576096565,0.4620612770537808,0.4871717987160266,0.20774228270480144,0.5054395878983585,0.28004459308807134,0.1418829047014954,0.0431784107946027,0.2720947218698343,0.2647906815822858,-0.11085995463806558,0.3176949986545189,-0.06881174797216776,0.4251643409064698,0.6065736362587937,-0.015100142236574021,-0.04441625341175566,0.09755891285126668,0.1867681543843463,0.38083266059278054,-0.06242263483642794,-0.10241033329489102,0.05863222235036328,-0.3529927344020298,-0.4261715296198055,-0.13488640295236998,0.026994195210087266,-0.3172106254565025,-0.44457002268096724,-0.15758274708799447,-0.12407642332679814,-0.4601237842617153,-0.24615384615384617,-0.1511398147080306,-0.07294814131395841,0.0418175527620805,-0.11036789297658862,0.11118287010340984,-0.0038365432668281243,-0.13989928112866643,-0.26060815745973165
#101,0.1372928920155307,0.13248760235266982,0.05457271364317841,0.15636796986122323,-0.00048437319801637643,0.060069965017491254,0.1990081882135855,0.10663129973474801,0.12744397032253105,0.2522738630684658,0.26142313458655286,0.16551724137931034,0.4032599085072848,0.12914312074731865,1.0,0.41118671433514015,0.2814900242186599,-0.15210856110406334,0.7218390804597701,0.5326413716218814,0.7614884865259678,0.4944835274670357,0.06499058163226079,-0.22287317879521779,0.5286356821589205,-0.09617498942836274,-0.4849344558489986,-0.5867758428478068,0.025156652443009266,-0.3502710183369854,-0.49484488524968284,-0.36405643332180065,-0.48378118632991196,-0.5682235805174336,0.14572713643178412,0.02366509053165725,0.0696497904893707,-0.31438127090301005,-0.49293814631145966,-0.5041786798908238,-0.0028447314804136395,-0.11162111252066274,0.606950370968362,0.19225771729519855,0.07920655057086841,0.19419521008726406,-0.3580517433590897,-0.39912351516549416,-0.5275746742013608,-0.5082458770614693,-0.4199284972898166,-0.2340906469842002,-0.45819397993311034,-0.44550801522315764,0.5346019298043286,-0.010648521892899703,-0.1753277207550071,0.08231268980894169,-0.7113750816899242,-0.6956983046938069,-0.07160266020835736,-0.29812017068388885,0.12357667320186061,0.017275977395917425,-0.3424595394610387,-0.25275823626648214,0.15111674931764887,0.5466497520470533,0.5863991081382386,0.49797408987813785,0.3189866605158959,0.3620881866758928,0.3608272786683581,-0.06529812017068388,0.1337561988236651,-0.19199630953753893,0.0015300042286549033,-0.21724522354207512,0.5845615653711606,-0.09056241110214124,0.030284857571214394,0.011717218313919963,0.3715757505862453,0.10960673509399146,-0.0011148272017837235,-0.213062699419521,-0.32128551109060854,0.20291392765155883,-0.2315688309691308,0.14780302156614,-0.3708837888747934,-0.23625110521662246,-0.03435205474185984,-0.32459155037865683,-0.4222888555722139,0.21601506938838272,-0.3725214315918964,-0.21111751816399493,-0.16309537538922847,-0.4978895167800715,-0.3375927420904932,-0.13955330027294044,-0.31053703917272135,-0.1624034136777765,-0.12430707723061546,-0.2317149117748818,-0.3319801637642717,-0.07714604236343367,0.05006727405528005,-0.22686349133125744,-0.600199900049975
#102,0.0912236189597509,0.09919655556836966,0.31550378656825434,0.0941836773920732,-0.060292930457848,0.35402298850574715,0.27732287702302694,-0.05268135163187637,0.026402183523622804,0.19429516011225156,0.11114442778610695,-0.1463729673624726,0.12095490716180371,-0.24036443316803136,0.41118671433514015,1.0,0.16924614615769037,0.35768269711298195,0.309014723407527,0.2363741206319917,0.12748241263983393,0.3428747164879099,0.368069811248222,0.26833506323761197,0.1479029715911275,0.23532848960135316,-0.24856802368046746,-0.08713335639872372,0.032083958020989505,-0.1589359166570561,0.00820359051243609,-0.26779687079537157,-0.09160804213277976,-0.2412409180025372,-0.20334448160535118,-0.2008841732979664,-0.20621996693960712,-0.14634990197209088,-0.25474185983931114,-0.09827393995310037,-0.1797255218544574,-0.1828547264829124,0.17078383884980586,0.045415753661630726,0.08730250259485642,0.1950024987506247,-0.28200515127051856,-0.1981932110867643,-0.2911082920078422,-0.023795794410487063,-0.2562334217506631,0.02383423672778995,0.03118440779610195,0.1926190750778457,0.18325452658286243,0.25159727828393497,-0.4509283819628647,-0.23788105947026486,-0.2674355130127244,-0.2954522738630685,-0.15327720755007113,-0.12983508245877062,-0.2878868258178603,-0.010979125821704532,0.11326644370122631,0.18501518471533465,-0.12059354937915658,0.2599238842117403,0.1959866220735786,0.2283858070964518,0.2881174797216776,0.22336524045669473,-0.05384999807788413,-0.07942182754776458,-0.27528543420597396,-0.36625533387152576,-0.12369200015376927,-0.24288624918310076,0.26858109406835046,0.22674047591588822,0.024380117633490947,-0.12430707723061546,0.19294199054318995,-0.09842770922231192,-0.28871717987160267,-0.09906585168953985,-0.1835389997309038,-0.08745627186406797,-0.08945527236381809,-0.19128128243570522,-0.2259639411063699,-0.008026755852842809,-0.09387613885365009,0.08566485987775344,-0.06198439241917503,0.27449352246953446,0.014139084304001846,0.05945488794064506,0.21566908853265676,-0.24492369200015376,-0.08994733402529505,0.23156114250567025,-0.014884865259677853,-0.04590781532310768,-0.07236381809095452,-0.13482489524468536,-0.11904816822358051,-0.18956675508399645,-0.10095721370084189,-0.09674393572444547,-0.31368162072809747
#201,0.485126667435513,0.4963287586975743,0.6961596125014415,0.5599046630530888,0.23302195056317995,0.5945719447968324,0.43026179218083266,0.47334025295044785,0.5099911582670204,0.5954176757774958,0.552477607350171,0.22220428247414753,0.5624418559950793,0.02757082996963057,0.2814900242186599,0.16924614615769037,1.0,0.5206627455503018,0.30464767616191907,-0.19404144081805252,0.16472532964287087,0.03708914773382539,0.3892592165455734,0.18816745473417137,0.5360242955445355,0.29150809210779227,-0.24202514127551608,-0.11056779302656364,0.4280705800945681,-0.03231461192480683,0.08191288970899166,-0.0628455003267597,-0.0436550955291585,-0.23928804828355052,0.046807365547995236,-0.046199976934609616,0.09450659285741744,-0.08901702994656518,-0.15749048552646752,-0.028947064929073923,0.09516011225156652,-0.226471379694768,0.13199554069119288,-0.19141198631453504,-0.19261138661438512,-0.10192596009687464,-0.36135778264713797,-0.24577711144427786,-0.48430400184523126,-0.4423019259600969,-0.23445200476684736,-0.013124207127205629,-0.24612309230000384,-0.07650021143274517,0.2684273247991389,0.14132164686887325,-0.4079114289009341,-0.3297812632145466,-0.31528082112789757,-0.43063852689040094,-0.2210279475646792,-0.20451312805135893,-0.15046322992349978,-0.07982162764771461,0.054511205935493794,0.1944950601622266,0.14115250067274054,0.3607119517164495,0.3937339022796294,0.1399838542267328,0.5142659439511014,0.39073540153000424,0.19063545150501673,0.08020605082074347,-0.22388036750855342,-0.21260139161188638,-0.006327605428055203,-0.2188828662591781,0.504447776111944,0.1890439395686772,0.22987736900780378,0.22397262907008034,0.36882328066735864,0.2440318302387268,0.18779840848806367,-0.26056971514242877,-0.18663745050551647,0.12469150040364434,0.014415868988582633,0.2725022104332449,-0.06828124399338792,0.09985776342597932,-0.11028331987852227,-0.10779994618075578,-0.11265136662438012,0.5543843462883943,0.033121900588167455,0.3510398646830431,0.37333640871871754,0.02414177526621305,0.2444393188021374,0.4251874062968516,0.1114673432514512,0.2925844769922731,0.18403874985584132,0.1977242148156691,0.12236189597508938,-0.26601314727251757,-0.3139507169492177,-0.23584361665321185,-0.43548225887056474
