,#10,#11,#12,#13,#17,#18,#26,#49,#50,#51,#52,#53,#54,#58,#101,#102,#201,#202,#301,#302,#401,#402,#501,#502,#601,#602,#701,#702,#801,#802,#901,#902,#1001,#1002,#1101,#1102,#1201,#1202,#1301,#1302,#1401,#1402,#1501,#1502,#1601,#1602,#1701,#1702,#1801,#1802,#1901,#1902,#2001,#2002,#2101,#2102,#2201,#2202,#2301,#2302,#2401,#2402,#2501,#2502,#2601,#2602,#2701,#2702,#2801,#2802,#2901,#2902,#3001,#3002,#3101,#3102,#3201,#3202,#3301,#3302,#3401,#3402,#3455,#3501,#3502,#3601,#3602,#3701,#3702,#3801,#3802,#3901,#3902,#4001,#4002,#4101,#4102,#4201,#4202,#4301,#4302,#4401,#4402,#4501,#4502,#4601,#4602,#4701,#4702,#4801,#4802
#10,1.0,0.17401299350324836,0.32130857648099026,0.3662476454080652,-0.002537192941990543,0.15034021450813054,0.13810018067889132,0.5611117518163995,0.15426133087302502,0.3989851228232038,0.22655595279283436,0.20297543535924345,0.08813285664859878,0.0646138469226925,-0.26415253911505787,-0.09454503517472033,0.18952831276669357,0.24145619497943335,0.17476646292238496,-0.03378310844577711,-0.18705262753238766,0.12153154192134702,-0.12722869334563489,0.063422135086303,0.13172644447007265,0.10863798869795871,0.15213931495790567,0.44152539115057854,0.21889824318609927,0.3211009879675547,0.06699727059547149,0.014915619113520164,-0.09878137854149849,-0.012124706877330565,0.04456233421750663,-0.10141083304501596,0.15566063122285012,-0.07326336831584208,0.11771806404490062,-0.03714296697804944,0.1618575327720755,0.2019374927920655,-0.052658286241494635,-0.056287240994887175,-0.2544650751547303,-0.2639757044554646,0.2042901626110022,0.34765694076038905,-0.033452504516972285,0.008211278975896666,0.01335486103102295,0.026248414254411257,0.16108868642601776,0.13136508668742553,-0.022373428670280245,0.09699765501864452,-0.4133087302502595,-0.4341367777649637,-0.1573674701110983,-0.25330411717218315,0.14250567024180216,0.08871717987160266,-0.13986083881136355,-0.06655902817821858,0.417629646715104,0.3166724330142621,-0.23625110521662246,-0.20364433168031368,0.16006612078576096,0.1324260946449852,-0.07929881213239534,0.1102756314150617,-0.18905931649559835,-0.12815130896090415,-0.17292892015530698,-0.21232460692730556,-0.06552877407450121,-0.22926998039441818,-0.0062353438665282744,0.07513166493676239,0.15325414215968938,-0.013362549494483527,0.034759543305270445,0.1662860877253681,-0.1391996309537539,0.25066697420520506,0.1029946565178949,0.12161611501941337,0.25910890708491907,0.020205281974397415,-0.08210510129550609,-0.13763887287125667,-0.22246569023180718,-0.09100834198285472,-0.15075539153500173,0.12083189174643448,0.4642832429938877,0.05824779917733441,0.1385845538769077,0.022188905547226388,-0.01800638142467228,-0.12583708145927036,-0.06738169376850037,-0.2940760389036251,0.18203974935609119,-0.03133048860185292,0.13513243378310844,-0.024703033098835196,-0.11277438203974936,-0.0064121785261215545,-0.24689962710952215
#11,0.17401299350324836,1.0,0.022511821012570637,0.1541690693114981,-0.07992926613616269,-0.2932687502402645,0.25319647868373507,0.17280590473993773,-0.0321531541921347,0.5120362895475339,0.28531887902202746,-0.1552608311229001,0.11947103371391228,0.15837465882443394,-0.018844423941875216,-0.11009110829200784,0.22318071733364087,-0.10114173682389574,-0.08307384769153885,-0.07800715027101833,-0.18996655518394648,-0.15543766578249338,-0.3227155652942759,-0.2241263983392919,-0.2200745780955676,-0.06864260177603505,-0.030200284473148042,0.16453311805635643,0.27902202744781457,0.08902471841002575,-0.20209126206127706,-0.04390881482335755,-0.0042978510744627685,-0.06052358436166532,0.32052435320801137,0.0960212201591512,0.08439626340675815,0.11482720178372352,-0.09432975819782416,0.13975320032291547,-0.15156268019836236,0.020743474416637833,-0.17093760811901743,0.025948564179448737,-0.2021450813055011,-0.1797947180256026,0.11426594395110137,0.11241302425710221,0.12592165455733673,-0.12625225848614155,0.18998962057432822,0.039664782993118826,0.03203782724022604,-0.23219159650943758,-0.21285511090608542,-0.13915350017299044,-0.27670011148272017,-0.40909545227386307,0.027055702917771884,-0.19463345250451697,0.20818821358551493,0.0625072079344943,-0.0591012186214585,0.02025910121862146,0.11996309537538923,0.02855495329258448,-0.024180217583515934,0.020197593510936838,0.060039211163648944,0.39497943336024294,-0.10267174105255064,0.14201360858032522,-0.32634452004766845,-0.46432168531119056,-0.10097259062776304,-0.24627686156921538,-0.22297312882020529,-0.2719255756737016,-0.011294352823588205,-0.29466805059008955,-0.08575712143928035,-0.38123246069273053,0.036174220582016685,0.22161227078768309,-0.2368123630492446,0.2409641333179564,0.0016145773267212547,0.020512820512820513,0.0340598931303579,-0.21285511090608542,-0.3293276438703725,0.03245300426709722,-0.15135509168492678,0.15217775727520855,0.06140006919617114,-0.07417829546765078,-0.002644831430438627,0.08212047822242725,0.22475685234305923,0.09757428977818783,0.21772959674009149,-0.18109406835044017,-0.0596470995271595,-0.23077691923269134,0.1405604889862761,-0.01456963825779418,0.240625840925691,-0.022419559451043708,-0.03757352093184177,-0.09644408564948295,0.026878868258178604
#12,0.32130857648099026,0.022511821012570637,1.0,0.35156268019836234,0.07340176065813248,0.15723676623226848,0.06287625418060201,0.19209625956252643,-0.04544650751547303,0.2814285165109753,0.01160957982547188,0.013370237957944104,0.0011532695190866105,-0.3411832545265829,-0.2679583285280437,-0.1605581824472379,0.5996617076077346,0.6281243993387922,0.07656171914042978,-0.27759966170760775,-0.3513474032214662,-0.3052319993849229,0.14452773613193404,0.016145773267212546,0.33254142159689387,0.04220966439856995,0.24185599507938338,0.18127090301003346,-0.14650367124130242,-0.09415292353823089,0.21355476108099797,0.1553915350017299,0.3050782301157114,-0.043478260869565216,-0.29853534771076,-0.30374043747357093,-0.1184407796101949,-0.3430746165378849,0.11033713912274631,-0.049252296928458845,0.22251182101257064,-0.10976819282666359,-0.1939107369392227,-0.3934648060585092,0.13107292507592358,-0.14043747357090686,-0.03147656940760389,0.02384192519125053,-0.05806327605428055,0.06823511321262446,0.30974512743628185,0.38716026602083575,0.5159112751316649,0.2889708991658017,0.28574174451235923,-0.02525660246799677,-0.04629992695959712,-0.1603890362511052,0.08691807942182755,-0.10018067889132357,-0.04896013531695691,0.060431322800138396,-0.49433744666128476,-0.26901933648560333,0.3510706185368854,0.06743551301272441,-0.438442317302887,-0.4212970437857994,-0.02757082996963057,-0.04800676584784531,0.39786260715795946,0.30699265751739513,-0.4634298235497636,-0.17805712528351209,-0.39654019144274016,-0.24992119324952908,-0.2747241763733518,-0.16544035674470456,-0.06278399261907508,-0.09349171568062123,0.07295582977741898,-0.07235612962749395,-0.12778226271479645,-0.2095260062276554,0.0037827240226040826,0.09137738822896244,0.04245569522930842,-0.01554607311728751,0.04393188021373928,-0.09037788797908738,0.1484796063506708,0.09188482681736056,0.17305962403413677,-0.11428132087802252,-0.01018721408526506,0.40372890477838,0.2663437512013224,0.4558489985776343,0.5807865298120171,0.2204820666589782,0.4692346134624995,0.2799292661361627,0.33091915580671205,0.09671318187060315,0.3202475685234306,0.29692077038403875,0.35228539576365664,-0.1550916849267674,-0.10846884250182601,0.06203821166339907,0.05638719101987468
#13,0.3662476454080652,0.1541690693114981,0.35156268019836234,1.0,-0.18408488063660478,-0.17207550071118288,0.05747895283127667,0.2809825856302618,-0.23124591550378656,0.5573444047207166,0.15726752008611078,-0.17575058624533887,-0.028685657171414292,-0.08376580940299082,-0.09824318609925806,-0.08800215276976896,0.4320532041671472,0.20777303655864376,0.18760619690154923,-0.024918310075731365,-0.16011225156652442,0.023726598239341867,-0.11079844693038096,-0.09784338599930804,0.3339176565563372,0.10740014608080575,0.332902779379541,0.436005074385884,-0.1513089609041633,-0.09918886710490908,0.1552608311229001,-0.03230692346134625,0.18460769615192404,0.03627417060700419,-0.09097758812901241,-0.2990735401530004,0.12072425325798639,-0.06518279321877522,0.07022642524891401,0.1571291277438204,0.021004882174297468,-0.05027486256871564,-0.12287702302694807,0.0534194441240918,-0.19966939607119516,-0.08527274824126398,0.15040941067927574,0.1860838811363549,-0.15527620804982123,-0.03668165917041479,0.2473993772344597,0.20994887171798715,0.338415407680775,0.2955829777418983,0.16742398031753353,0.16635528389651327,-0.38670664667666166,-0.31264367816091954,-0.1578057125283512,-0.3923115365394226,-0.11719524852958137,-0.18205512628301235,-0.19507938338523045,-0.011278975896667051,0.49171568062122784,0.23258370814592705,-0.3223542075116288,-0.15537615807480876,-0.10495521470034214,-0.052635220851112906,0.05960865720985661,0.23816553261830622,-0.4741167877599662,-0.40492830507823013,-0.3761426978818283,-0.4302694806442932,-0.3698150924537731,-0.39914658055587593,-0.0681197862607158,-0.16201130204128705,-0.03929573674701111,-0.2905239687848383,0.013170337907969093,-0.014900242186599008,-0.28160535117056856,0.0810440933379464,-0.01314727251758736,-0.09025487256371814,-0.14478914388959366,-0.25787106446776614,-0.25143582055126285,-0.07664629223849613,-0.3014569638257794,0.19385691769499866,0.036443316803136894,0.29362241955945106,0.09325337331334332,0.405712528351209,0.3722523353707762,0.03605120516664745,0.36965363472110097,0.08089032406873486,-0.02380348287394764,-0.14146003921116365,0.26677430515511474,0.02064352439165033,0.4825971629569831,-0.33451735670626226,-0.36256487141044863,0.20389036251105216,0.02371890977588129
#17,-0.002537192941990543,-0.07992926613616269,0.07340176065813248,-0.18408488063660478,1.0,0.18003306039288047,-0.20514358205512628,0.05721754507361704,-0.21665321185561065,-0.12642140468227425,-0.14098335447660784,0.5090224118709876,0.509760504363203,0.25601814477376694,-0.2682120478222427,-0.2398723715065544,-0.12744397032253105,-0.26465997770345595,-0.2542728635682159,-0.13381001806788914,-0.3443124591550379,-0.2396032752854342,0.02208895552223888,0.10832276169607503,-0.28922461846000075,-0.140252950447853,-0.3032714412024757,-0.12652135470726175,0.12979664014146772,0.14939453350247953,-0.029516011225156652,0.062168915542228885,0.13611655710606235,-0.17409756660131473,0.2256871564217891,0.20004613078076347,0.03512858955137816,-0.14830277169107753,-0.11734132933533234,-0.05123592050128782,0.3138123246069273,0.37532003229154653,0.35921270134163685,-0.09014723407527006,0.21599969246146158,0.07240994887171799,0.01498481528466536,0.0015992003998001,0.05717141429285357,-0.05544919847768424,-0.3039557144504671,-0.06562872409948872,-0.21655326183062315,-0.24824510821512322,-0.2699573290277938,-0.35987390919924656,0.15974320532041672,0.03945719447968324,0.21610733094990967,0.29355322338830586,0.14588090570099566,0.335140122246569,0.15269288432706724,0.042740168377349785,-0.4209818167839157,-0.27715373082689426,0.04616922308076731,-0.19095836697036098,-0.15898973590128013,0.07486256871564217,-0.07116441779110445,-0.23312190058816745,-0.02467227924499289,0.09439126590550878,0.2192596009687464,0.14683427517010725,0.03147656940760389,0.24750701572290779,-0.17490485526467536,-0.07642332679813939,0.1562833967631569,0.5106216122707877,0.2942990043439819,0.006150770768461923,0.5299811632645216,0.35201629954253644,0.2925152808211279,0.46205358859032025,0.5147503171491178,0.3898589166954984,0.6300311382770153,0.4914850267174105,0.4118709875831315,0.0034213662399569444,0.025894744935224694,-0.454980202206589,-0.09216161150194134,-0.2340983354476608,0.20028447314804138,-0.0125552608311229,-0.021520009226156152,-0.2632837427440126,0.0010456310306385269,-0.08031368930919155,0.17857994079883135,0.13019644024141774,0.03354476607849921,0.18562257332872026,0.12644447007265597,-0.0674739553300273,-0.07365547995233153
#18,0.15034021450813054,-0.2932687502402645,0.15723676623226848,-0.17207550071118288,0.18003306039288047,1.0,-0.010602391112136239,-0.08734863337561988,0.12660592780532812,-0.1982316534040672,-0.14170607004190214,0.3941106369891977,0.23660477453580903,0.022073578595317726,-0.22830123399838542,0.08854803367546996,-0.09440664283242994,0.19471033713912275,-0.221850613154961,-0.15434590397109138,-0.1857071464267866,-0.05554146003921116,0.21781416983815785,0.23718140929535234,-0.09307653865375005,0.07121054857186791,0.03514396647829931,0.16530196440241418,0.020597393610886864,0.2681505401145581,0.17192173144197131,0.10791527313266444,0.06432168531119056,0.26952677507400147,-0.10093414831046016,0.03525929343020797,-0.09085457271364318,-0.09569830469380694,0.16251105216622458,-0.09194633452504516,0.20150693883827317,0.0869334563487487,0.03636643216853112,-0.21647637719601737,0.01297043785799408,0.07374774151385846,0.16415638334678814,0.27643101526159997,0.07440894937146811,0.11635720601237842,-0.026309921962095875,0.06166916541729135,-0.05422673278745243,0.06570560873409449,-0.14335908968592626,-0.09574443547457041,-0.14557336716257255,0.051574212893553226,-0.003083073847691539,0.12434551954791835,-0.09949640564333218,0.15489178487679237,0.026602083573597817,-0.09194633452504516,0.0059124284011840235,0.0780532810517818,0.03149963479798562,-0.23738130934532733,0.026225348864029524,-0.03904970591627263,0.028824049513704687,-0.01495406143082305,0.1319109675931265,0.3467804559258832,0.017568139007419367,0.20295236996886173,0.19790104947526238,0.25575673701610735,0.15435359243455196,0.4596701649175412,0.12649060085341945,0.5234382808595702,-0.003090762311152116,0.16609387613885365,0.20641986698958215,-0.059385691769499864,0.07801483873447891,-0.02448775612193903,0.057455887440894936,0.08195133202629455,0.23481336254949448,-0.1566216891554223,0.05185868604159459,-0.04353976857724984,0.13887671548840963,-0.007127205627955253,0.1957482797063007,0.03336024295544535,0.0874793372544497,0.16361050244108716,-0.1396686272248491,0.3249836620151463,0.12403798100949526,0.16385653327182562,0.16458693730058047,0.13672394571944796,0.018137085303502096,0.11335870526275324,0.09120055356936917,0.11691077538154,0.06412947372467612
#26,0.13810018067889132,0.25319647868373507,0.06287625418060201,0.05747895283127667,-0.20514358205512628,-0.010602391112136239,1.0,0.14241340868027524,-0.007142582554876408,0.3502710183369854,0.22693268750240264,-0.19667089532156998,0.19670933763887288,0.3269672855879752,0.19898512282320377,0.0776765463422135,0.16324914465844,0.09015492253873063,-0.07079537154499674,0.008034444316303386,-0.052627532387652325,-0.15173951485795564,-0.13005035943566678,-0.21706838888248184,0.05452658286241495,-0.17385153577057624,-0.10657748049052397,-0.003636643216853112,0.4001691461961327,0.20341367777649635,0.0638680659670165,0.0953753892284627,-0.03149963479798562,-0.004920616614769538,0.33070387882981583,0.09134663437512013,0.3026025448814055,0.22547956790835352,0.0903010033444816,0.16367969861223233,0.17476646292238496,-0.033421750663129975,-0.006058509206934994,0.23393687771498867,-0.18187060315995848,-0.23492868950140314,-0.14366662822434936,-0.11311267443201477,0.07558528428093646,-0.07603890362511052,0.1301426209971937,-0.04114096797754969,-0.0694114481220928,-0.13059624034136777,-0.16840041517702686,-0.05179717833390997,-0.39392611386614385,-0.3267058778303156,-0.17881828316610926,-0.13663937262138162,-0.06724330142620998,-0.1630108022911621,0.11813324107177181,0.18739860838811365,0.05930111867143351,0.14281320878022527,0.19658632222350364,0.43860377503555914,0.14508899396455618,0.19446430630838427,0.019205781724522353,0.16547111059854688,-0.07365547995233153,-0.2599085072848191,-0.14087571598815976,-0.1565140506669742,-0.27181024872179294,-0.3311651866374505,0.5002652519893899,0.1560066120785761,-0.0390958366970361,-0.16013531695690617,0.060292930457848,0.14016068888632607,-0.20356744704570792,-0.03940337523545919,-0.13624726098489218,-0.01676853880751932,-0.0061738361588436555,0.007042632529888902,-0.10815361549994233,-0.17885672548341214,-0.18301618421558452,-0.026048514204436244,-0.09818936685503402,0.05044400876484834,-0.021865990081882135,0.0945911659554838,-0.08278937454349748,0.13797716526352208,0.17875677545842464,0.23872679045092837,0.012124706877330565,0.028439626340675817,0.15427670779994618,0.046123092300003846,0.1724137931034483,-0.12121631491946334,-0.056748548802521816,0.16061969015492253,-0.04262484142544112
#49,0.5611117518163995,0.17280590473993773,0.19209625956252643,0.2809825856302618,0.05721754507361704,-0.08734863337561988,0.14241340868027524,1.0,-0.06323761196324915,0.40630454003767347,0.35340791142890093,0.21985161265521086,0.3715296198054819,0.0961211701841387,-0.0633221850613155,-0.192449928881713,0.219121208626456,-0.011632645215853612,0.2000999500249875,-0.009995002498750625,0.08518817514319763,0.012524506977280591,0.0005074385883981086,-0.21794487371698765,0.25551070618536886,-0.16671664167916042,0.006181524622304232,0.13808480375197016,0.22803213777726522,0.2180602006688963,0.1452273863068466,0.047453196478683735,0.04693038096336447,0.06443701226309922,0.09659785491869449,-0.10698496905393456,0.13236458693730058,-0.2668127474724176,-0.06356821589205397,-0.07397839541767577,0.39393380232960445,0.09293045784799908,0.14231345865528774,-0.10695421520009227,-0.07422442624841426,-0.19549456041210164,-0.1100372890477838,-0.04187906046976512,-0.15197785722523355,-0.17349786645138968,-0.14582708645677162,0.09165417291354323,0.13468650290239495,0.19408757159881598,0.15898204743781955,-0.0006150770768461923,-0.2778995117825703,-0.34742628685657173,-0.2691039095836697,-0.30543189943489796,-0.0636604774535809,-0.14707261753738515,-0.14728020605082073,0.04483143043862684,0.19676315688309692,0.10695421520009227,-0.16857724983662015,-0.08219736285703302,0.031461192480682736,-0.031099834698035598,-0.09945027486256872,0.015707530849959635,-0.29325337331334334,-0.2881866758928228,-0.21053319494099104,-0.3182331910967593,-0.26213816168838655,-0.3612808980125322,0.17262138161688387,-0.19594049129281513,0.2647829931188252,0.006442932379963864,0.09615192403798101,0.13077307500096105,-0.0753315649867374,0.2579787029562142,0.05847845308115173,0.23126129243070773,0.2409948871717987,0.18199361857532773,-0.020289855072463767,-0.07779187329412217,-0.19617114519663245,0.1605658709106985,-0.08553415599892361,0.0995579133510168,0.031199784723023104,0.12985814784915234,0.19065082843193787,-0.21396224964440858,0.12472994272094722,-0.13214930996040442,-0.19971552685195865,-0.33408680275246994,0.04185599507938338,-0.08439626340675815,0.19292661361626878,-0.1291969399915427,-0.15556836966132317,0.12369200015376927,-0.22097412832045515
#50,0.15426133087302502,-0.0321531541921347,-0.04544650751547303,-0.23124591550378656,-0.21665321185561065,0.12660592780532812,-0.007142582554876408,-0.06323761196324915,1.0,-0.06503671241302425,-0.11866374505055165,-0.00438242417252912,-0.21930573174950985,0.13563987237150654,-0.27817629646715103,0.0050590089570599316,-0.11210548571867912,0.06828124399338792,-0.06157690385576443,0.14206742782454926,-0.1877138353899973,0.086764310152616,-0.0769000115326952,0.3414831046015454,-0.3419213470187983,0.10294083727367086,0.09982700957213701,0.12343059239610964,-0.0017375927420904933,0.1251374312843578,-0.3065697920270634,0.09429131588052128,-0.023888055972013992,0.016545573367162572,-0.049828931688002155,0.16657824933687002,-0.2748625687156422,0.1575673701610733,-0.2572329220005382,-0.2108868642601776,-0.1598508438088648,0.13959174259024335,-0.0699188867104909,0.01513089609041633,-0.13615499942336523,-0.12445315803636643,0.32005535693691617,0.3811171337408219,0.16742398031753353,0.27181024872179294,0.14577326721254757,-0.08837888747933725,-0.11251297428208973,-0.16149617498942836,-0.2811594202898551,-0.05451889439895437,0.04567716141929035,0.10204897551224387,0.26140006919617115,0.06888863260677354,0.04107177180640449,0.20222196594010686,-0.039926190750778454,-0.08487294814131396,0.011363548994733403,0.07785338100180679,0.026486756621689155,0.12225425748664129,-0.02481067158728328,0.1003421366239957,-0.14316687809941184,-0.14119863145350403,0.056071964017991006,0.16619382616384115,-0.09366086187675393,0.2285780186829662,0.20240648906316072,0.17726521354707261,-0.07221773728520355,0.1916964594625764,-0.11079075846692038,-0.06293007342482605,-0.21139430284857572,-0.16707799946180757,0.16816207280974896,0.10886864260177603,0.2534655749048553,0.15602198900549724,0.16983815784415485,-0.025602583323722755,-0.03734286702802445,0.09323799638642218,0.1713912274631915,-0.06758928228193596,0.19307269442201977,-0.17212163149194634,0.2737323645869373,0.016099642486449083,-0.055110906085418826,0.2846192288471149,-0.13035789797408986,-0.11014492753623188,0.02792449928881713,0.19089685926267635,0.09233075769807404,0.3224695344635375,-0.1472263868065967,0.2828201283973398,0.16447161034867183,-0.10233344866028524,0.12040133779264214
#51,0.3989851228232038,0.5120362895475339,0.2814285165109753,0.5573444047207166,-0.12642140468227425,-0.1982316534040672,0.3502710183369854,0.40630454003767347,-0.06503671241302425,1.0,0.4729096989966555,-0.08199746280705801,0.10608541882904701,-0.024626148464229423,-0.13387921423903432,-0.21319340329835082,0.5801406988813286,0.10524737631184408,0.07163341406219967,0.11815630646215354,-0.15220851112905087,-0.043147656940760386,-0.27294045285049784,-0.2903394456617845,0.016507131049859687,-0.07736131934032983,0.1962249644408565,0.434367431668781,0.11465036712413024,0.21138661438511513,0.007796101949025487,0.02034367431668781,0.11355860531272825,0.07278668358128627,0.17388997808787915,-0.18321608426555952,0.2398493061161727,0.1454964825279668,-0.0958136316457156,0.06120785760965671,0.059747049552147005,0.02825510321762196,-0.1614500442086649,0.05327336331834083,-0.3601968246645908,-0.2089801253219544,0.15452273863068466,0.15124745319647867,-0.01293968400415177,-0.13148810210279477,0.07150271018336986,0.001868296620920309,0.10896090416330297,0.06699727059547149,-0.05114365893976089,0.09255372313843079,-0.4780994118325453,-0.4456540960289086,-0.16558643755045555,-0.406312228501134,0.008165148195133202,-0.05055164725329643,-0.2851420443624342,-0.18572252335370776,0.46966516741629183,0.4172682889324568,-0.3883673547841464,-0.18651443509014723,-0.08806366047745358,0.10188751777957175,-0.03292968900165302,0.15490716180371353,-0.411917118363895,-0.4847883750432476,-0.37633490946834275,-0.4367047245607965,-0.3570599315726752,-0.5004805289662861,-0.029231538077115288,-0.22750932226194595,-0.009272286933456348,-0.4065582593318725,0.03842694037596586,0.20006150770768463,-0.28392726713566296,0.2131703379079691,0.0367816091954023,0.03777342098181678,0.12238496136547111,-0.10927613116518664,-0.4155845154345904,-0.026002383423672778,-0.39563295275439203,0.2869257678852881,0.07553146503671242,0.13773113443278362,0.04044131780263714,0.291039095836697,0.29262291930957596,0.050836120401337795,0.30121862145850153,0.062168915542228885,0.026225348864029524,-0.3611117518163995,0.29457578902856263,0.04753008111328951,0.39201937492792066,-0.28637219851612655,-0.27226386806596703,0.29660554338215506,0.04081036404874486
#52,0.22655595279283436,0.28531887902202746,0.01160957982547188,0.15726752008611078,-0.14098335447660784,-0.14170607004190214,0.22693268750240264,0.35340791142890093,-0.11866374505055165,0.4729096989966555,1.0,0.10501672240802676,0.17156806212278475,-0.005305039787798408,-0.03948025987006497,-0.07795333102679429,0.21709145427286355,0.10632376119632492,0.10567024180217584,0.14823357551993235,0.04714565794026064,0.15888209741283205,-0.08352746703571291,-0.28684119478722175,0.11873294122169685,-0.1316726252258486,-0.08135932033983008,0.022527197939491792,0.11678775996617076,0.2553953792334602,0.04961365471110599,-0.08893245684849883,0.11106754315150118,0.14982508745627188,0.21056394879483334,-0.08246645907815323,0.28218967439357245,0.1530081113289509,-0.0012301541536923846,0.04491600353669319,0.024695344635374622,-0.009487563910352517,-0.14762618690654672,0.02314996347979856,-0.16150386345288895,-0.13763887287125667,-0.18476146542113558,-0.16371045246607466,-0.13226463691231308,-0.03221466189981932,-0.1775804405489563,-0.013347172567562373,-0.005627955253142659,0.1114673432514512,0.061869065467266365,0.17096836197285972,-0.30099565601814476,-0.20310613923807327,-0.08957059931572675,-0.19854688040595087,-0.12317687310191058,-0.2286472148541114,-0.24196363356783146,-0.03547457040710414,0.29010879175796717,0.21196324914465844,-0.193395609887364,-0.06954215200092262,0.1364394725714066,0.10335601430054203,0.0582170453234921,-0.057163725829393,-0.07663860377503556,-0.2151462730173375,-0.1021412370737708,-0.24652289239995387,-0.23665859378003307,-0.33644716103486716,0.034459693230307925,-0.0065275054780302155,0.22231192096259564,-0.04196363356783147,-0.23053857686541346,0.1759812401491562,-0.26643601276284934,-0.029831238227040327,-0.10959135816707032,-0.017222158151693385,0.022650213354861032,0.034813362549494485,-0.10324068734863337,-0.1322877023026948,-0.23041556145004422,0.14622688655672164,0.07553146503671242,0.14281320878022527,-0.004259408757159882,0.06641294737246761,-0.089147733825395,-0.11984007996002,-0.0030446315303886517,0.15690616230346366,0.06316841579210394,-0.10826125398839043,-0.04098719870833814,-0.09930419405681774,0.08933225694844885,-0.3216161150194134,-0.20431322800138393,-0.03405220466689732,-0.11894052973513243
#53,0.20297543535924345,-0.1552608311229001,0.013370237957944104,-0.17575058624533887,0.5090224118709876,0.3941106369891977,-0.19667089532156998,0.21985161265521086,-0.00438242417252912,-0.08199746280705801,0.10501672240802676,1.0,0.3295967400914927,0.09221543074616538,-0.4008841732979664,-0.5398762157382847,0.007042632529888902,-0.16351055241609963,-0.20395955868219737,-0.21446968823280668,-0.10119555606811978,-0.2405566447545458,0.047430131088302005,-0.18333909968092876,-0.12428401184023373,-0.3551608810979126,0.0035366931918656055,0.07376311844077961,0.00013070387882981586,0.25592588321224,0.038734478914388956,0.09117748817898742,0.19710144927536233,0.20869565217391303,0.18847499327259448,0.11172875100911082,0.11862530273324876,-0.16041979010494753,0.044185599507938336,-0.21227078768308152,0.2718563795025564,0.1713220312920463,0.28333525544919846,-0.23733517856456388,0.1547457040710414,0.004528504978280091,0.09336101180179142,0.16640141467727676,0.23632798985122824,0.15176258024833736,-0.20650444008764848,0.05477261369315342,-0.040556644754545804,-0.018944373966862722,-0.06062353438665283,-0.21731441971322032,0.09689770499365702,-0.050151847153346404,0.28750240264483146,0.015876677046092337,-0.016876177295967403,0.16033521700688116,-0.15514550417099143,-0.2044900626609772,-0.12182370353284896,-0.027432437627340177,-0.13080382885480338,-0.3339176565563372,-0.2587167954484296,-0.19123515165494176,-0.28276630915311574,-0.25401914427401684,-0.03971091377388229,-0.011840233729289202,0.05356552492984277,0.0665897820320609,0.023080767308653365,0.1361703763502864,-0.24715334640372122,-0.10430938376965364,0.3383077691923269,0.43869603659708606,0.007288663360627379,0.24160996424864492,0.4026448314304386,0.22516434090646983,0.2899165801714527,0.2938453849998078,0.25759427978318533,0.4278014838734479,0.3573828470380194,0.24451620343674316,0.21008726406027756,0.25739437973321033,0.26254565025179716,-0.15840541267827624,-0.10840733479414139,-0.04847576211894053,0.052904317072233115,-0.04885249682850882,-0.14354361280898012,-0.04827586206896552,0.10960673509399146,-0.1602198900549725,0.1419905431899435,-0.08672586783531311,0.14986352977357476,0.060446699727059544,0.017337485103602047,0.07310959904663053,0.09152346903471341
#54,0.08813285664859878,0.11947103371391228,0.0011532695190866105,-0.028685657171414292,0.509760504363203,0.23660477453580903,0.19670933763887288,0.3715296198054819,-0.21930573174950985,0.10608541882904701,0.17156806212278475,0.3295967400914927,1.0,0.47943720447468574,-0.03338330834582709,-0.22091262061277053,-0.07083381386229962,-0.2634990197209088,-0.2701187867604659,-0.2019067389382232,-0.15173951485795564,-0.2892861261676854,0.03217621958251644,-0.1412447622342675,-0.16425633337177564,-0.2866336062737862,-0.38018682966209205,-0.18017914119863146,0.43802714027601586,0.4293699304194057,-0.06579018183216084,0.1255218544573867,0.15915888209741283,0.07207165647945259,0.41570753084995965,0.2814285165109753,0.1836005074385884,-0.1054780302156614,0.024733786952677507,0.04663053088840195,0.43871910198746783,0.4333141121746819,0.3362780148387345,-0.010033444816053512,0.059685541844462384,-0.05531849459885442,-0.2810287164110253,-0.18216276477146043,0.002591012186214585,-0.1770730019605582,-0.3776342597931803,0.06523661246299926,-0.27935263137661936,-0.14506592857417444,-0.2228270480144543,-0.3354169069311498,-0.04509283819628647,-0.1426978818283166,-0.11360473609349171,0.16569407603890363,0.039364932918156306,0.05586437550455541,0.31189020874178297,0.21183254526582862,-0.3587360166070811,-0.32329220005381926,0.29613654711105986,0.08656441010264099,-0.01951332026294545,0.12093953023488256,-0.05254295928958597,-0.09625187406296852,0.04792219274977896,-0.10133394841041019,0.2431784107946027,0.060477453580901855,-0.0617229846615154,0.014054511205935493,0.22551032176219582,-0.07142582554876407,0.1684926767385538,0.39730134932533734,0.3497482028216661,0.15496098104793757,0.2724791450428632,0.28851727982162767,0.014838734478914388,0.42834736477914886,0.4085649482950832,0.29416061200169147,0.3314881021027948,0.12165455733671626,0.062130473224926,0.048245108215123206,0.004851420443624342,-0.34438934378964364,-0.24527736131934033,-0.2528043670472456,0.03870372506054665,-0.1282435705224311,0.1198016376427171,-0.13430976819282667,-0.03970322531042171,-0.11191327413216469,0.16005843232230038,-0.048129781263214544,0.22655595279283436,0.10123399838542267,0.0055587590819974626,0.05040556644754546,-0.15517625802483373
#58,0.0646138469226925,0.15837465882443394,-0.3411832545265829,-0.08376580940299082,0.25601814477376694,0.022073578595317726,0.3269672855879752,0.0961211701841387,0.13563987237150654,-0.024626148464229423,-0.005305039787798408,0.09221543074616538,0.47943720447468574,1.0,0.030415561450044207,-0.22060508207434745,-0.30014223657402067,-0.3002421865990082,-0.1292892015530696,-0.038734478914388956,-0.3066697420520509,-0.35998154768769464,-0.28956291085226615,-0.047860685042094335,-0.4328604928305078,-0.2980279091223619,-0.36112712874332065,0.0425325798639142,0.5628877868757929,0.430000384423173,-0.21504632299235,0.11169799715526851,-0.008857109906585168,-0.08907853765424979,0.4925844769922731,0.6198516126552108,0.09340714258255488,0.15804405489562912,-0.018729096989966554,0.12243109214623457,-0.008034444316303386,0.3773728520355207,0.2776996117325952,0.2580786529812017,-0.3414139084304002,-0.2925767885288125,0.01690693114980971,0.18134009918117863,0.14105255064775304,-0.16006612078576096,-0.10330219505631799,-0.05507246376811594,-0.4996578633760043,-0.5891823319109676,-0.6840425940875716,-0.4834582708645677,-0.17160650444008765,-0.2381040249106216,0.1063622035136278,0.32178526121554607,0.24663821935186253,0.20396724714565795,0.6186675892822819,0.31628800984123323,-0.2557336716257256,-0.09769730519355707,0.5649944258639911,0.5601583823472879,0.07133356398723716,0.44882174297466654,-0.08605697151424288,0.08591089070849191,0.2616614769538308,0.06670510898396956,0.44463153038865183,0.3151039864683043,0.054972513743128434,0.10846884250182601,0.17230615461500018,0.11405066697420521,-0.127590051128282,0.1789028562641756,0.2412332295390766,0.1757428977818783,0.17626571329719756,0.3533771575750586,0.16229577518932842,0.23312958905162803,0.2584861415446123,0.0017452812055510705,0.10755391535001729,0.1622650213354861,0.07602352669818936,0.0965671010648522,0.08543420597393611,-0.6121862145850152,-0.10866105408834044,-0.29190789220774227,-0.15385384230961444,0.18114788759466421,0.07008034444316304,-0.15717525852458386,-0.20150693883827317,0.10812286164610002,0.16395648329681314,0.07779956175758275,0.0504593856917695,0.3270134163687387,0.3278360819590205,0.011909429900434398,0.07888363510552417
#101,-0.26415253911505787,-0.018844423941875216,-0.2679583285280437,-0.09824318609925806,-0.2682120478222427,-0.22830123399838542,0.19898512282320377,-0.0633221850613155,-0.27817629646715103,-0.13387921423903432,-0.03948025987006497,-0.4008841732979664,-0.03338330834582709,0.030415561450044207,1.0,0.4642371122131242,-0.06518279321877522,-0.1555299273440203,0.3486564410102641,-0.030108022911621114,0.6294698804443932,0.028539576365663323,-0.08487294814131396,-0.2479068158228578,0.19570214892553722,-0.03359089685926268,-0.3482720178372352,-0.39828547264829123,0.20017683465959327,-0.18294698804443932,0.06918079421827547,-0.15755968169761272,-0.24739168877099912,-0.10914542728635682,0.18796755468419638,-0.04408564948295083,0.2160612001691462,0.07630799984623073,0.04602314227501634,-0.03565140506669742,0.050559335716757005,-0.13654711105985468,-0.13595509937339023,0.26619767039557146,-0.19361088686426017,-0.29242301925960096,-0.20459001268596472,-0.3035712912774382,-0.29606735093991465,-0.432929689001653,-0.3099988467304809,-0.2719563295275439,-0.3251681851382001,-0.16051205166647445,0.13952254641909814,-0.014723407527005728,0.07061853688540345,-0.22514127551608812,-0.343435974320532,-0.23319878522277324,0.013685464959827778,-0.38204743781955175,0.28411947872217735,0.3124822204282474,-0.2862953138815208,-0.2685195863606658,0.31461192480682737,0.4306615922807827,0.5311421212470687,0.27987544689193866,0.14581170952985045,0.3066928074424326,0.37313650866874254,0.04632299234997886,0.28239726290700806,-0.07902971591127513,0.11332026294545035,-0.12529120055356938,0.43441356244954443,0.07867604659208857,-0.03550532426094645,-0.28055203167646947,-0.062253488640295236,-0.05308115173182639,-0.4066505208933995,-0.2594702648675662,-0.44656133471725673,-0.25498789067004957,-0.3078460769615192,-0.12916618613770037,-0.38082497212932,-0.3138815207780725,-0.2489293814631146,-0.17814169838157845,-0.26398339291892514,0.1147656940760389,-0.24434705724061045,-0.15184715334640372,-0.21267058778303155,-0.23548225887056473,-0.11099834698035597,-0.08571867912197748,-0.16657824933687002,-0.059831622650213356,-0.3480413639334179,-0.312343828085957,-0.29161573059624035,-0.15536846961134818,0.049936570176450236,0.04413946872717488,-0.06034674970207204
#102,-0.09454503517472033,-0.11009110829200784,-0.1605581824472379,-0.08800215276976896,-0.2398723715065544,0.08854803367546996,0.0776765463422135,-0.192449928881713,0.0050590089570599316,-0.21319340329835082,-0.07795333102679429,-0.5398762157382847,-0.22091262061277053,-0.22060508207434745,0.4642371122131242,1.0,-0.2909698996655518,0.03117671933264137,0.09917349017798793,0.19909276131165188,0.3142890093414831,0.5393226463691231,0.10121862145850152,0.43320647368623383,0.15265444200976436,0.5924960596624764,-0.1757736516357206,-0.17857994079883135,-0.07236381809095452,-0.13650098027909122,0.008849421443124592,-0.3131049859685542,-0.32975050936070427,-0.15777495867450889,-0.18582247337869526,-0.26261484642294236,-0.04258639910813824,0.19127359397224464,-0.03607427055702918,0.14200592011686464,0.019590204897551224,-0.07970630069580595,-0.23573597816476377,0.3255449198477684,-0.03978779840848806,0.157536616307231,-0.05617960250643909,-0.12952754392034752,-0.3842155845154346,-0.12543728135932034,-0.18147849152346904,-0.17818014069888133,-0.12426863491331258,0.1619882366509053,0.12136239572521432,0.40402875485334255,-0.18046361434667282,0.0633221850613155,-0.379587129512167,-0.06462922384961366,-0.2267789182331911,-0.33003498250874563,0.1424979817783416,0.31818706031599586,-0.09375312343828086,-0.06544420097643486,0.014492753623188406,0.2421865990081882,0.33244916003536695,0.12063968015992003,0.03087686925767885,-0.03154576557874909,0.2226579018183216,0.22444162534117557,-0.001922115865144351,-0.10410179525621804,0.10710029600584323,-0.04772229269980394,0.3714142928535732,0.5664167916041979,0.013585514934840273,-0.049828931688002155,-0.07786875792872794,-0.250159535616807,-0.343728135932034,-0.4424018759850844,-0.38038672971206705,-0.1917964094875639,-0.24599238842117402,-0.21113289509091607,-0.13142659439511015,-0.39080459770114945,-0.20252181601506938,-0.3552685195863607,-0.32363049244608466,0.16910006535193942,0.27971398915926654,-0.05631799484872948,-0.06350670818436935,-0.1344404720716565,-0.21621496943835775,-0.00722715565294276,-0.1459039710913774,0.08662591781032561,-0.23867297120670433,-0.14956367969861223,-0.3548840964133318,-0.1819628647214854,-0.11405066697420521,-0.2287471648790989,-0.22604851420443625
#201,0.18952831276669357,0.22318071733364087,0.5996617076077346,0.4320532041671472,-0.12744397032253105,-0.09440664283242994,0.16324914465844,0.219121208626456,-0.11210548571867912,0.5801406988813286,0.21709145427286355,0.007042632529888902,-0.07083381386229962,-0.30014223657402067,-0.06518279321877522,-0.2909698996655518,1.0,0.40205281974397417,0.2122861646100027,-0.12273863068465767,-0.0014915619113520164,-0.24220966439856995,-0.09539845461884443,-0.286272248491139,0.3048552646753546,-0.11098297005343483,0.3161880598162457,0.3256141160189136,-0.007949871218237035,-0.08723330642371122,0.19072002460308307,0.03281436204974436,0.33707761503863454,0.005643332180063815,-0.033775419982316535,-0.22106638988198207,0.1381386229961942,-0.11315880521277823,0.08072886633606274,-0.02484142544112559,0.0758082497212932,-0.26357590435551453,-0.22607926805827855,-0.2175912043978011,-0.18054818744473916,-0.3389920424403183,0.17468188982431862,0.08953984546188444,0.04138699880828817,-0.18242417252912005,0.25905508784069503,0.0685964709952716,0.23879598662207357,0.09349940414408181,0.14755699073540152,-0.014000691961711453,-0.18971283588974744,-0.3105139737823396,-0.0647829931188252,-0.39081228616461,-0.028624149463729674,-0.009172336908468843,-0.5624649213854611,-0.37781878291623416,0.4246415253911506,0.19005881674547342,-0.48095952023988003,-0.3827393995310037,-0.024264790681582285,0.014254411255910506,0.1846845807865298,0.3529004728405028,-0.4437242917003037,-0.3950178756775458,-0.3753584746088494,-0.36855418444623844,-0.2482527966785838,-0.2866720485910891,-0.09968861722984662,-0.34136008918617616,-0.015876677046092337,-0.4303156114250567,0.05132049359935417,0.020635835928189752,-0.07643101526159997,0.2050359435666782,-0.0239880059970015,-0.053611655710606235,-0.01729904278629916,-0.14358205512628303,-0.26622842424941373,0.0736324145619498,-0.20545880905700994,0.17289047783800407,0.09708222811671087,0.4460462076653981,-0.04094875639103525,0.5824395494560413,0.49000884173297965,0.21316264944450852,0.3525314265943951,0.34060661976703954,0.23408295852073963,-0.0632529888901703,0.35972782839349554,0.11574981739899282,0.44337062238111713,-0.2239188098258563,-0.06385268904009533,0.3067158728328144,0.11872525275823627
