,#10,#11,#12,#13,#17,#18,#26,#49,#50,#51,#52,#53,#54,#58,#101,#102,#201,#202,#301,#302,#401,#402,#501,#502,#601,#602,#701,#702,#801,#802,#901,#902,#1001,#1002,#1101,#1102,#1201,#1202,#1301,#1302,#1401,#1402,#1501,#1502,#1601,#1602,#1701,#1702,#1801,#1802,#1901,#1902,#2001,#2002,#2101,#2102,#2201,#2202,#2301,#2302,#2401,#2402,#2501,#2502,#2601,#2602,#2701,#2702,#2801,#2802,#2901,#2902,#3001,#3002,#3101,#3102,#3201,#3202,#3301,#3302,#3401,#3402,#3455,#3501,#3502,#3601,#3602,#3701,#3702,#3801,#3802,#3901,#3902,#4001,#4002,#4101,#4102,#4201,#4202,#4301,#4302,#4401,#4402,#4501,#4502,#4601,#4602,#4701,#4702,#4801,#4802
#10,1.0,0.4387575443047707,0.6777611194402798,0.5684388574943298,0.03835005574136009,0.37229077768807906,0.06014684965209703,0.3566601314727252,0.20145311959404913,0.5154807211778726,0.5103371391227464,0.016883865759427977,0.3367316341829085,-0.1662860877253681,-0.45467266366816594,-0.31482720178372353,0.5905201245531081,0.417137585053627,-0.24917541229385307,-0.1416522507976781,-0.28688732556798524,-0.2886402952369969,0.1319186560565871,-0.031784107946026985,0.16700111482720179,-0.057863376004305536,0.43860377503555914,0.39318802137392844,0.21897512782070502,0.13542459539461038,0.2618921308576481,0.1604274785684081,0.18979740898781378,-0.054541959789336104,-0.1878137854149848,-0.1717295198554569,-0.30113404836043517,-0.28173605504939836,0.11570368661822934,-0.17909506785069004,-0.07446276861569215,-0.2024833736977665,-0.19011263598969746,-0.2144927536231884,-0.01610733094990966,-0.1875754430477069,0.22280398262407258,0.32582939299580976,0.4561719140429785,0.3736900780379041,0.4346749702072041,0.3815169338407719,0.5244685349632876,0.419267289432207,-0.2962288086725868,0.05054395878983585,-0.2116710875331565,-0.2771152885095914,0.1676469457578903,-0.01752969669011648,0.2785607196401799,0.33127282512589856,-0.3132433783108446,-0.11544996732403029,0.5568600315227001,0.4807134894091416,-0.13652404566947296,-0.1958482297312882,-0.21197093760811903,-0.01190174143697382,0.18609925806327604,0.4452773613193403,-0.25680236804674583,0.04175604505439588,-0.43867297120670434,-0.26545188943989545,0.05555683696613232,0.15866682043593588,-0.17731903279129665,-0.04054895629108523,-0.32567562372659825,0.03126129243070772,0.020128397339791642,-0.2147310959904663,-0.09793564756083496,0.06694345135124745,0.07419367239457195,0.15313112674432014,-0.04529273824626148,-0.12398416176527122,-0.07085687925268135,0.2193979933110368,-0.2113251066774305,0.1466805059008957,-0.05792488371199016,0.4842424941375466,0.15695229308422712,0.5933648560335217,0.21139430284857572,0.30491677238303927,0.3166416791604198,0.37405912428401183,0.32812055510706184,0.17380540498981278,0.24057971014492754,0.33948410410179525,0.24370122630992197,0.18571483489024718,0.152023988005997,0.10568561872909699,0.02288855572213893
#11,0.4387575443047707,1.0,0.5244916003536694,0.33246453696228806,-0.11035251604966748,0.12369200015376927,0.39345711759504864,0.3490331757198324,0.3764886787375543,0.47000345980855723,0.5632337677315189,-0.17612732095490716,0.018890554722638682,-0.016353361780648137,-0.10903010033444815,-0.03373697766501365,0.2978587629262292,0.4824664590781532,-0.017714219813170336,-0.11444277861069466,-0.18020989505247376,-0.15179333410217968,0.3798100949525237,0.1478799062007458,0.26150770768461923,0.04633068081343943,0.27996001999000497,0.17112981970553184,0.28677199861607655,0.22744781455426133,0.19242686349133126,0.15469957329027795,0.15340022296544037,-0.2130319455656787,-0.11275131664936762,-0.19720139930034983,-0.2452542959289586,-0.29777418982816284,0.04087956021989005,-0.3611425056702418,-0.1236151155191635,-0.007972936608618768,-0.4060277553530927,-0.2721946718948218,0.08428093645484949,-0.2801291661861377,-0.14071425825548764,-0.03300657363625879,0.26972667512397647,0.25071310498596855,0.4222427247914504,0.27163341406219965,0.4871179794718026,0.35631415061699917,-0.10689270749240765,-0.011348172067812247,-0.09629800484373198,-0.28828662591781035,0.106431399684773,-0.10551647253296428,0.2003767347095683,0.21128666436012764,-0.14477376696267252,-0.07372467612347672,0.45927805328105176,0.22810902241187098,-0.09289970399415677,-0.08579556375658325,0.17469726675123975,0.0068504209433744665,0.4688348133625495,0.4773613193403298,0.18418483066159227,0.28368892476838503,-0.1385461115596048,-0.00908776381040249,0.2306231499634798,0.23874985584131012,0.06796601699150424,0.08321224003382924,-0.33620113020412873,-0.24763771960173758,0.03325260446699727,-0.16211125206627455,-0.231784107946027,-0.019367239457194478,0.004989812785914735,-0.12198516126552109,-0.2929304578479991,-0.2794064506208434,-0.3166109253065775,-0.08398108637988698,-0.04804520816514819,-0.00459001268596471,-0.15560681197862608,0.4006688963210702,0.23243762734017606,0.3963479798562257,0.07889132356898473,0.1657094529658248,0.1968015992003998,0.27733056548648755,0.20083035405374236,0.3199400299850075,0.14815669088532657,0.07218698343136125,0.060746549802022064,0.1597124514665744,0.1443739668627225,0.06065428824049514,-0.11415061699919271
#12,0.6777611194402798,0.5244916003536694,1.0,0.7207703840387498,-0.005489562910852266,0.5735978164763772,0.2653211855610656,0.3359012801291662,0.23636643216853112,0.677976396417176,0.5752662130473225,-0.07570829969630569,0.37861069465267366,-0.22964671510398646,-0.3413139584054127,-0.24421635336178066,0.7791104447776112,0.6555183946488294,-0.24571560373659324,-0.2732249259985392,-0.33730826894245186,-0.42852419943874215,0.1212316918463845,-0.09148502671741053,0.13677007650021145,-0.22383423672778996,0.5474262868565717,0.48312766693576287,0.3621343174566563,0.21703763502863951,0.3183100757313651,0.22210433244916003,0.2316072732864337,-0.152369968861723,-0.1466805059008957,-0.16447161034867183,-0.34425863991081385,-0.441517702687118,0.07719986160765771,-0.40369046246107715,0.057379002806289166,-0.16735478414638835,-0.25805558759082,-0.38430015761350095,-0.08080575097066851,-0.3294660362126629,0.14109099296505592,0.38705262753238767,0.5950101872140853,0.52236958443855,0.6229039326490601,0.5224695344635375,0.7267981393918426,0.5929650559335716,-0.2669972705954715,0.015507630799984623,-0.3231384307846077,-0.4725406527505478,0.12042440318302387,-0.08008303540537423,0.2465844001076385,0.3323261446199977,-0.41596893860761924,-0.20713489409141583,0.6778918233191097,0.6012301541536924,-0.29806635143966476,-0.24772998116326453,-0.1813477876446392,-0.13801560758082498,0.3821012570637758,0.5390151078307001,-0.21928266635912813,0.13603198400799602,-0.44574635759043557,-0.21433129589051628,0.1124207127205628,0.21870603159958482,-0.11591127513166494,-0.07573136508668743,-0.3015722907776881,0.10777688079037405,0.12314611924806827,-0.3121823703532849,-0.290785376542498,-0.095406143082305,-0.06129243070772306,0.17810325606427554,-0.03820397493560912,-0.28740245261984393,-0.23707377080690423,0.05584131011417368,-0.32819743974166765,0.19680928766386038,-0.12446084649982701,0.6423864990581633,0.20347518548418098,0.7746357590435552,0.39195017875677546,0.49763579748587244,0.6620920309076231,0.5288125168185138,0.3266136162687887,0.3340560488986276,0.34477376696267253,0.49739745511859457,0.42027447814554264,0.10141852150847654,0.09879675546841964,0.05928574174451236,-0.09553684696113482
#13,0.5684388574943298,0.33246453696228806,0.7207703840387498,1.0,0.028739476415638336,0.5491946334525045,0.31098297005343484,0.25814016068888634,0.13078845192788222,0.7849152346903472,0.3442278860569715,0.01922115865144351,0.517202936993042,-0.023941875216238036,-0.31570368661822934,-0.2985968554184446,0.6863952639065083,0.44020297543535925,-0.25912428401184023,-0.2507746126936532,-0.43379079690923766,-0.4069888132856649,-0.03250682351132126,-0.2618921308576481,-0.09076999961557683,-0.35815938184753776,0.551478107100296,0.4424941375466113,0.3092453773113443,0.23346019298043286,0.17038403874985583,0.17894898704493906,0.2467535463037712,0.05443432130088802,-0.061492330757698076,-0.07487794564256334,-0.2912543728135932,-0.246138469226925,0.044677661169415295,-0.2123861146349902,0.15004805289662862,-0.12930457847999077,-0.22243493637796485,-0.17275977395917425,-0.0986737400530504,-0.36002767846845807,0.3395456118094799,0.41111751816399494,0.5797178333909968,0.35064006458309305,0.5212701341636874,0.2897551224387806,0.608441932879714,0.4055049398377734,-0.3692077038403875,-0.09682082035905125,-0.26177680390573943,-0.4287856071964018,0.2594087571598816,-0.08019836235728289,0.13885365009802791,0.17006881174797217,-0.2782224272479145,-0.18359281897512783,0.6578941298581479,0.4962749394533503,-0.15189328412716718,-0.020720409026256104,-0.24916003536693193,-0.04613078076346442,0.24910621612270786,0.3427978318533041,-0.2073194172144697,0.10123399838542267,-0.3961942105870142,-0.12427632337677315,0.0044746857340560485,0.05918579171952485,-0.19992311536539423,-0.09590589320724253,-0.18212432245415755,0.10574712643678161,0.12015530696190366,-0.15453811555760583,-0.23972629070080345,-0.01732979664014147,-0.09096989966555184,0.20634298235497636,0.04493138046361435,-0.3081382385730212,-0.17262907008034445,0.16535578364663822,-0.3377388228962442,0.2263406758159382,-0.04937531234382809,0.3538538423096144,0.0719947718448468,0.644154845654096,0.2798216276477146,0.500172990427863,0.5036174220582017,0.3838157844154846,0.2947910660054588,0.2862491831007573,0.4282012839733979,0.536685503402145,0.43624341675316186,0.04972129319955407,0.06385268904009533,0.07672317687310191,-0.02982354976357975
#17,0.03835005574136009,-0.11035251604966748,-0.005489562910852266,0.028739476415638336,1.0,0.2972898166301465,0.09949640564333218,0.3640410563948795,0.094660362126629,-0.026409871987083382,0.048406565947795334,0.5591665705608734,0.23065390381732212,0.07999846230730788,-0.02786299158113251,-0.06903471341252451,0.06495982777841848,0.114873332564487,-0.14639603275285434,-0.01915965094375889,-0.26790450928381965,-0.14112943528235883,-0.011678775996617076,-0.08985507246376812,-0.09089301503094606,-0.15296966901164802,-0.3380079191173644,-0.30585476492522967,0.20171452735170875,0.20640449006266098,0.15094760312151617,0.27273286433706223,0.11326644370122631,0.3012955060931073,0.26169223080767307,0.2326605927805328,0.1714142928535732,0.17508168992426865,-0.02314996347979856,0.16015838234728788,0.1345634874870257,0.11677238303924961,-0.026517510475531466,0.18929765886287625,-0.09742820897243686,-0.13287202552569868,-0.09306116172682889,-0.24210971437358245,-0.13349479106600545,-0.2595010187214085,-0.0734632683658171,-0.13929189251528082,-0.046007765348095184,0.06261484642294238,-0.25163572060123784,0.00908776381040249,-0.42158151693384077,-0.15778264713796947,-0.1703917272133164,-0.2054818744473917,0.15454580402106638,0.26180755775958175,0.1595125514165994,0.1804713028101334,-0.08176680890324069,-0.055979702456464074,0.23646638219351862,0.1065313497097605,0.06163072309998847,0.08935532233883059,0.19272671356629378,0.21676085034405873,0.1617498942836274,0.33109599046630533,0.14511974781839848,-0.03916503286818129,0.13248760235266982,-0.12418406181524622,0.1835620651212855,0.12049359935416908,0.2491292815130896,0.3824779917733441,0.29845077461269365,0.3112597547380156,0.6022604082574098,0.23073078845192788,0.21664552339215007,0.1052396878483835,0.13265674854880252,0.22737861838311613,0.21467727674624226,0.010094952523738132,-0.13909199246530582,-0.051574212893553226,-0.06738169376850037,-0.016015069388382732,-0.07654634221350863,-0.020589705147426286,-0.13948410410179526,0.15034021450813054,-0.0004228654903317572,0.1834928689501403,0.28589551378157074,0.07638488448083651,0.18599161957482796,0.18477684234805675,0.16790835351554992,0.18049436820051512,0.14584246338369278,-0.022811671087533156,-0.24175604505439588
#18,0.37229077768807906,0.12369200015376927,0.5735978164763772,0.5491946334525045,0.2972898166301465,1.0,0.22115865144350902,0.40916464844500827,-0.0065890131857148345,0.4270557029177719,0.3000653519394149,0.3347018798293161,0.48006765847845306,-0.19532541421596894,-0.13825394994810286,-0.23920347518548418,0.5615423057701918,0.4877791873294122,-0.06800445930880714,-0.3978779840848806,-0.3283665859378003,-0.5635566831968631,-0.060177603505939335,-0.35979702456464074,-0.1038788298158613,-0.4813131895590666,0.30852266174605003,0.23335255449198478,0.5518087110291008,0.4386806596701649,0.13717756506362203,0.39446430630838425,0.11457348248952447,-0.0289547533925345,0.15053242609464498,0.2278014838734479,-0.2234113712374582,-0.24279398762157384,0.005943182255026333,-0.27739207319417214,0.0905777880290624,0.01669934263637412,-0.12628301233998385,-0.19116595548379656,-0.2423557452043209,-0.5626648214354362,0.14642678660669664,0.25210471687233305,0.34601929804328607,0.1349786645138969,0.368561872909699,0.03438280859570215,0.4053742359589436,0.16711644177911045,-0.2735632183908046,-0.18961288586475994,-0.3665551839464883,-0.5402606389113136,-0.1532848960135317,-0.3849613654711106,0.13926113866143852,0.250705416522508,-0.2513358705262753,-0.19788567254834122,0.47030330988351976,0.5153269519086611,-0.07789951178257025,-0.17711913274132166,-0.05644101026409872,-0.09346096182677892,0.42598700649675164,0.44573866912697496,0.0031138277015338484,0.2151462730173375,-0.13543228385807096,-0.023964940606619765,0.15318494598854418,0.07801483873447891,0.035574520432091646,-0.006243032329988852,-0.05252758236266482,0.5136431784107947,0.4571944796832353,0.03780417483565909,-0.07541613808480375,0.06033137277515089,-0.00793449429131588,0.1285818629146965,-0.10577788029062392,-0.18563026179218084,-0.363994925614116,-0.07259447199477184,-0.6081574597316727,0.11970937608119017,-0.29640564333218006,0.47878368508053665,0.13547841463883442,0.575166263022335,0.17388997808787915,0.41890593164955986,0.3821473878445393,0.36585553377157576,0.44085649482950834,0.27950640064583093,0.39943874216737785,0.5010417867989082,0.42226579018183213,0.11118287010340984,0.04425479567908353,-0.023972629070080343,-0.3236535578364664
#26,0.06014684965209703,0.39345711759504864,0.2653211855610656,0.31098297005343484,0.09949640564333218,0.22115865144350902,1.0,0.4554953292584477,0.4115096298004844,0.5641256294929459,0.4871717987160266,0.0658363126129243,0.17711144427786107,0.37170645446507516,0.17771883289124668,-0.1577134509668243,0.24124860646599777,0.3095759812401492,0.0869718986660516,-0.39504862953138814,-0.22273478645292738,-0.38756006612078575,0.009426056202667897,-0.2682735555299273,-0.1781878291623419,-0.4215353861530773,0.08896321070234113,-0.07849152346903471,0.40137623495944336,0.2739707069542152,0.013670088032906624,0.23538999730903779,0.21987467804559258,0.027878368508053666,0.040641217852612155,-0.0331065236612463,-0.07383231461192481,-0.18687579287279438,-0.030577019182716336,-0.25478799062007457,0.27497020720409027,0.12377657325183562,-0.23396763156883096,-0.17073001960558182,-0.22513358705262754,-0.4194287471648791,0.11903279129665936,-0.007888363510552415,0.2114711874831815,-0.022519509476031215,0.2949679006650521,0.0359666320685811,0.36534040671971707,0.1456886941144812,-0.1472186983431361,-0.27303271441202476,-0.23553607811478877,-0.5062084342444163,0.013224157152193133,-0.24015684465459577,0.045438819052012455,0.139906969592127,0.11042940068427325,0.15309268442701726,0.38599161957482797,0.14819513320262945,0.24112559105062853,0.27770730019605583,0.25779417983316033,0.03937262138161688,0.5810171837158344,0.4455310806135394,0.42873178795217776,0.43937262138161687,0.09400684273247992,0.19031253603967246,0.16017375927420904,0.047099527159497175,0.3338715257755738,0.03568215892053973,-0.27602352669818936,-0.12040902625610272,0.12279244992888172,-0.2479452581401607,-0.015676776996117327,-0.04183292968900165,0.005489562910852266,0.0427017260600469,-0.06748933225694845,-0.43169184638450003,-0.3091300503594357,-0.2532733633183408,-0.1565448045208165,0.043939568677199864,-0.22255026332987352,0.2323914965594126,-0.028278168608003692,0.2666743551301272,0.0011763349094683427,0.3835466881943644,0.2756775458424634,0.16006612078576096,0.25903971091377387,0.24160996424864492,0.37126821204782223,0.3109522161995925,0.3435051704916772,0.033829239226540575,0.10607004190212586,0.0761849844308615,-0.24626148464229425
#49,0.3566601314727252,0.3490331757198324,0.3359012801291662,0.25814016068888634,0.3640410563948795,0.40916464844500827,0.4554953292584477,1.0,0.38682197362857035,0.3132433783108446,0.469480644293238,0.3207165647945258,0.293568600315227,0.07640026140775766,-0.09066236112712875,-0.09076231115211625,0.27518548418098643,0.3944104870641602,-0.06672817437435129,-0.2555645254295929,-0.1466113097297505,-0.3132049359935417,0.012978126321454658,-0.17157575058624533,-0.09692845884749933,-0.32522200438242416,0.015792103948025986,-0.1294352823588206,0.346511359704763,0.1993541690693115,0.05095913581670703,0.2122784761465421,0.06382193518625302,-0.011717218313919963,0.09369930419405682,-0.08151308960904163,-0.20568946296082727,-0.24040287548533426,-0.19936954599623266,-0.27559297274439704,-0.007311728751009111,0.036796986122323454,-0.09739745511859454,-0.19310344827586207,-0.23604351670318688,-0.4042901626110022,-0.1553915350017299,-0.09858147849152347,0.062130473224926,0.029662092030907625,0.13801560758082498,0.03953407911428901,0.2668511897897205,0.18541498481528468,-0.13379464114096798,-0.25295813631645714,-0.28222811671087533,-0.3863837312113174,-0.1344712259254988,-0.40463614346672816,0.1823088455772114,0.24847576211894054,-0.07963710452466075,0.002268096720870334,0.24693038096336448,0.1456963825779418,0.1993849229231538,0.035028639526390654,0.2072732864337062,-0.016599392611386616,0.5851151347403222,0.4065351939414908,0.46598239341867526,0.46956521739130436,0.05837081459270365,0.14258255487640795,0.22285780186829662,-0.01566908853265675,0.12566024679967708,-0.0646830430938377,-0.25233537077615037,0.12661361626878867,0.2076577096067351,0.05108215123207627,0.3199092761311652,0.08375043247606966,0.11290508591857917,0.05901664552339215,-0.060154538115557606,-0.004097951024487756,-0.15569138507669242,-0.07333256448698727,-0.24596163456733172,-0.06841963633567831,-0.21782954676507899,0.3522008226655903,-0.09154653442509514,0.27620036135778264,-0.019651712605235842,0.28457309806635145,0.22546419098143236,0.21829854303617421,0.34751854841809865,0.20828816361050245,0.3004113327951409,0.2657286741244762,0.2865951639564833,0.11584207896051973,0.06701264752239265,-0.041925191250528585,-0.34154461230923
#50,0.20145311959404913,0.3764886787375543,0.23636643216853112,0.13078845192788222,0.094660362126629,-0.0065890131857148345,0.4115096298004844,0.38682197362857035,1.0,0.3375312343828086,0.3592050128781763,-0.06426786606696652,0.14642678660669664,0.14342828585707146,0.13489409141583056,0.09811248222042825,0.20586629762042055,0.35353861530773073,0.20879560219890056,-0.07151039864683043,0.007834544266328375,-0.07477030715411526,0.2906162303463653,0.07733056548648752,0.29633644716103485,-0.06474455080152232,0.06865797870295622,-0.25514934840272174,0.04409333794641141,0.043939568677199864,0.01874447391688771,0.13380232960442856,-0.04196363356783147,0.0021989005497251375,-0.06775074001460808,-0.2698881328566486,-0.07630031138277016,-0.0002075885134355899,0.053642409564448545,-0.17657325183562064,-0.05207396301849075,-0.048514204436243415,-0.2424326298389267,-0.06777380540498981,-0.07004190212586014,0.03228385807096452,-0.26312997347480105,-0.2582631761042556,0.06687425518010226,0.0725790950678507,0.13384846038519202,0.15488409641333178,0.28194364356283397,0.4567869911198247,0.08717179871602661,0.20056125783262216,-0.19676315688309692,-0.23999538692192365,0.012985814784915235,-0.07531618805981624,0.11126744320147619,0.15264675354630378,-0.020505132049359935,0.07531618805981624,0.19460269865067467,0.179986929612117,0.07208703340637374,0.014139084304001846,0.2661746050051897,0.16271864067966016,0.46370660823434434,0.3734286702802445,0.37122976973051935,0.30088032906623613,-0.002321915965094376,0.0034982508745627187,0.11332026294545035,-0.01074847191788721,0.17757275208549572,0.005997001499250375,-0.5375389228462691,-0.3311036789297659,-0.08392726713566294,-0.3986698958213201,0.14417406681274747,-0.07933725444969823,0.04607696151924038,-0.21982085880136853,-0.18996655518394648,-0.22373428670280243,-0.020459001268596472,0.05180486679737054,0.01764502364202514,-0.025456502517971782,-0.04316303386768154,0.2956752393034252,0.18603006189213087,0.12063968015992003,0.025987006496751622,0.00695805943182255,0.09505247376311844,0.20049975012493754,0.2691731057548149,-0.11785645638719101,-0.0550186445238919,-0.08484219428747165,0.02034367431668781,0.07995233152654442,0.08228193595509938,0.19201168646446007,-0.030330988351977856
#51,0.5154807211778726,0.47000345980855723,0.677976396417176,0.7849152346903472,-0.026409871987083382,0.4270557029177719,0.5641256294929459,0.3132433783108446,0.3375312343828086,1.0,0.5637335178564564,-0.07056471764117941,0.46135393841540767,0.08564948295083227,-0.11114442778610695,-0.30056510206435244,0.7028178218583017,0.5418367739207319,-0.13374082189674394,-0.457763425979318,-0.3781186329911967,-0.5307807634644216,0.08116710875331565,-0.302010533194941,0.12672125475723678,-0.438242417252912,0.447776111944028,0.15521470034213664,0.39287279437204475,0.1573674701110983,0.11438895936647062,0.13755429977319034,0.2422557951793334,-0.11632645215853611,-0.08274324376273402,-0.1934955599123515,-0.27290201053319496,-0.3555376158074809,0.1496482527966786,-0.4117325952408411,0.24745319647868375,-0.053942259639411065,-0.29746665128973976,-0.3246299926959597,-0.0061738361588436555,-0.4923615115519164,0.21570753084995964,0.13020412870487832,0.5193249529081613,0.16763925729442972,0.43516703186868105,0.1642025141275516,0.6195517625802484,0.3520009226156153,-0.23862684042594087,-0.10206435243916503,-0.22217352862030523,-0.6163379848537269,0.3410909929650559,-0.04019528697189867,0.29662860877253683,0.3376773151885596,-0.2484526967285588,-0.1027870680044593,0.7023795794410487,0.3932649060085342,-0.11638027140276015,-0.03835774420482067,-0.0844808365048245,-0.09509091608042133,0.444101026409872,0.5047322492599854,-0.04458539960788836,0.248521892899704,-0.3049859685541845,-0.02946988044439319,0.24758390035751354,0.18573021181716834,-0.09393764656133471,-0.1398377734209818,-0.44819128897089916,-0.04065659477953331,0.18658363126129243,-0.27582362664821436,-0.2994579633260293,0.07936800830354054,0.09246146157690385,0.08973205704839887,-0.12227732287702303,-0.4708107484719179,-0.3263137661938262,0.10737708069042402,-0.29652097028408875,0.3839772421481567,-0.026702033598585324,0.48501902894706495,0.07154884096413332,0.6087648483450583,0.23219159650943758,0.47497789566755083,0.41579979241148657,0.43273747741513857,0.33499404144081807,0.19963864221735286,0.32389958866720486,0.38851343558989737,0.3129742820897244,0.2449083150732326,0.2636912313074232,0.2969361473109599,0.08906316072732864
#52,0.5103371391227464,0.5632337677315189,0.5752662130473225,0.3442278860569715,0.048406565947795334,0.3000653519394149,0.4871717987160266,0.469480644293238,0.3592050128781763,0.5637335178564564,1.0,-0.032829738976665516,0.06525198938992043,0.05757890285626418,0.011740283704301696,-0.03468265867066467,0.40787298658363125,0.3634567331718756,0.10351747203321417,-0.23103832699035098,-0.28624149463729676,-0.2823357551993234,0.16602467996770845,0.013670088032906624,0.1838311613424057,-0.11703379079690923,0.1399454119094299,-0.008365048245108215,0.41390074193672394,0.2776765463422135,0.0392649828931688,0.07821473878445392,0.07543920347518548,-0.2804059508707185,-0.042386499058163225,-0.03398300849575212,-0.09441433129589051,-0.28765617191404297,0.25510321762195826,-0.22451850997578135,0.16916926152308462,0.025925498789067004,-0.1371160573559374,-0.2301772190827663,-0.07387075692922769,-0.26799677084534657,-0.001752969669011648,-0.12849728981663014,0.1355860531272825,-0.0015992003998001,0.18962826279168107,0.14938684503901895,0.408495752123938,0.3309883519778572,-0.05453427132587552,0.08436550955291584,-0.4300234498135548,-0.4388651827932188,0.019267289432206975,-0.09636720101487718,0.11319724753008112,0.2696190366355284,-0.009602890862261177,0.1357936416407181,0.5213239534079114,0.38346980355975857,0.045331180563564374,0.051889439895436894,0.24898320070733865,0.07385538000230654,0.554407411678776,0.6164686887325568,0.15755199323415214,0.25537231384307846,-0.22965440356744704,-0.1494329758197824,0.15877445892438397,0.08388113635489948,0.25912428401184023,0.18729096989966554,-0.4303156114250567,-0.025302733248760235,0.13946103871141352,-0.2507438588398109,-0.12764387037250605,-0.0726790450928382,-0.007288663360627379,-0.025133587052627533,-0.15108599546380655,-0.4118479221927498,-0.22175066312997346,-0.2611771037558144,-0.14275938953600123,0.13526313766193826,-0.11622650213354861,0.503940337523546,0.22866259178103257,0.4259716295698305,0.10001922115865144,0.2608311229000884,0.24023372928920156,0.16919232691346633,0.15863606658209356,0.1002037442817053,0.12266943451351248,0.08123630492446085,0.06392957367470112,0.1282743243762734,0.10763079998462308,0.07932187752277707,-0.06030061892130858
#53,0.016883865759427977,-0.17612732095490716,-0.07570829969630569,0.01922115865144351,0.5591665705608734,0.3347018798293161,0.0658363126129243,0.3207165647945258,-0.06426786606696652,-0.07056471764117941,-0.032829738976665516,1.0,0.40477453580901857,0.21236304924460847,0.02686349133125745,-0.30848421942874715,0.0386191519624803,0.022819359550993734,-0.05548764079498712,-0.23808864798370047,-0.18826740475915887,-0.3836389497558913,-0.043070772306154616,-0.32585245838619153,-0.11719524852958137,-0.2861876753930727,-0.21753738515357707,-0.27749202321915967,0.3309268442701726,0.21732979664014146,-0.03823472878945143,0.24383193018875177,0.16560950294083726,0.28035213162649447,0.42554107561603816,0.2586168454234421,0.21043324491600354,0.19657863376004306,-0.08008303540537423,0.14938684503901895,0.19287279437204474,0.21533079614039136,0.12696728558797524,0.1388613385614885,0.08195133202629455,-0.1403221466189982,-0.10840733479414139,-0.13163418290854573,-0.045108215123207625,-0.19880059970014993,0.043778110944527736,-0.19030484757621188,-0.014192903548225886,-0.13979164264021834,-0.09296890016530196,-0.18259331872525275,-0.08167454734171375,-0.1692077038403875,-0.0666205358859032,-0.2513435589897359,0.11342790143389843,0.184899857763426,0.07282512589858917,0.03144581555376158,-0.12744397032253105,-0.16982278091723368,0.2283396763156883,0.06216122707876831,-0.011102141237073771,-0.10088032906623612,0.027286356821589204,-0.11719524852958137,0.14342828585707146,0.11747203321416215,0.12549110060354438,-0.028578018682966208,0.09023180717333641,-0.0395033252604467,0.14866412947372468,0.09718986660515896,0.3081613039634029,0.6258178603006189,0.4840425940875716,0.4801906738938223,0.4771614192903548,0.27838388498058664,0.1798177834159843,0.25235843616653214,0.32342290393264905,0.30338676815438437,0.01833698535347711,0.14653442509514475,-0.028062891631107523,-0.017268288932456848,-0.06364510052665975,-0.021666090031907122,-0.1463729673624726,0.002329604428554953,-0.1995925114365894,0.04422404182524123,-0.019843924191750278,0.02093568600315227,0.21772959674009149,0.09502940837273671,0.17858762926229194,0.13815399992311536,0.16803905739437974,0.17847999077384386,0.1955099373390228,0.05425748664129474,-0.14608080575097065
#54,0.3367316341829085,0.018890554722638682,0.37861069465267366,0.517202936993042,0.23065390381732212,0.48006765847845306,0.17711144427786107,0.293568600315227,0.14642678660669664,0.46135393841540767,0.06525198938992043,0.40477453580901857,1.0,0.16476377196017375,-0.21363164571560372,-0.3135124745319648,0.45179717833391,0.4219428747164879,-0.17874139853150348,-0.256617844923692,-0.35326951908661053,-0.4413639334179064,-0.06519817014569639,-0.26728943220697343,-0.1873063468265867,-0.386737400530504,0.23114596547879906,0.08292007842232729,0.38000999500249877,0.22172759773959175,0.11136739322646369,0.27957559681697614,0.174620382116634,0.2055510706185369,0.19102756314150618,0.05276592472994272,-0.03575135509168493,0.010317917964094876,0.030553953792334602,-0.08285857071464268,0.25485718679121977,0.07457809556760081,0.09228462691731057,-0.04784530811517318,-0.1385153577057625,-0.2566255333871526,-0.0047668473455579905,0.15007880675047092,0.3880213739284204,0.20964902164302465,0.3891054472763618,0.17128358897474338,0.40814977126821206,0.2064275554530427,-0.3029946565178949,-0.01471571906354515,-0.1981317033790797,-0.2480836504824511,0.05032099334947911,-0.2303848075962019,0.13810018067889132,0.1450121093299504,-0.16991504247876063,0.013024257102218122,0.2679198862107408,0.19471033713912275,0.12795140891092915,0.01869065467266367,-0.25883981086379887,-0.14999423365240458,0.10859954638065583,0.049144658440010765,-0.15584515434590396,0.14019913120362895,-0.22997731903279128,-0.14199823165340406,-0.03973397916426402,-0.06750470918386961,-0.058024833736977664,0.0008303540537423596,-0.1400146080805751,0.45554146003921114,0.3117748817898743,0.01732210817668089,0.10038057894129858,0.10760773459424135,0.0014992503748125937,0.4106562103563603,0.2144927536231884,0.03376004305539538,0.04350901472340753,0.22506439088148233,-0.22454926382962365,0.12100872640602775,-0.13856148848652597,0.20909545227386306,0.06173836158843655,0.38522277322877024,0.009379925421904432,0.30011917118363896,0.3477030715411525,0.4029985007496252,0.4235497635797486,0.1283435205474186,0.2520970284088725,0.40036135778264714,0.34254411255910505,0.07365547995233153,0.14876407949871218,0.03901895206243032,-0.14857186791219776
#58,-0.1662860877253681,-0.016353361780648137,-0.22964671510398646,-0.023941875216238036,0.07999846230730788,-0.19532541421596894,0.37170645446507516,0.07640026140775766,0.14342828585707146,0.08564948295083227,0.05757890285626418,0.21236304924460847,0.16476377196017375,1.0,0.12113943028485757,-0.18213969938107868,-0.2267097220620459,-0.23870372506054666,0.1382462614846423,0.08341214008380425,-0.13961480798062506,-0.10447084150232576,-0.30120324453158037,-0.2730557798024065,-0.24087956021989004,-0.19763195325414215,-0.3032329988851728,-0.30271018336985356,0.044047207165647945,0.0014915619113520164,-0.2891938646061585,0.11875600661207858,0.23002344981355477,0.3888132856648599,0.18529196939991543,0.057994079883135354,0.37597355168569563,0.2850267174105255,-0.05662553338715258,0.22945450351747204,0.39890054972513744,0.3483796563256833,0.11580363664321686,0.15191634951754893,0.04420097643485949,0.08352746703571291,-0.08976281090224118,-0.16364125629492945,-0.1362395725214316,-0.1555299273440203,-0.06635912812824357,-0.13773882289624417,-0.1158574558874409,-0.13836927690001152,-0.09940414408180526,-0.04763003113827702,0.11572675200861107,0.09802022065890131,0.10141083304501596,0.019997693460961828,-0.048521892899703996,-0.11191327413216469,0.38504593856917696,0.3727059547149502,-0.21307807634644216,-0.20891092915080922,0.47593126513666245,0.44067966016991506,0.22641756045054395,0.1749894283627417,0.06754315150117249,-0.12411486564410103,0.23236843116903086,0.21535386153077307,0.3409833544766078,0.1872755929727444,-0.010694652673663168,-0.04436243416753162,0.24859877753430976,0.05885518779072003,0.1286126167685388,0.03160727328643371,0.041294737246761234,0.1329412216968439,0.2655364625379618,0.06358359281897513,-0.06835044016453312,0.27260216045823243,0.31843309114673435,0.1342021297043786,0.1649559835466882,-0.024587706146926538,0.2666589782032061,-0.09408372736708569,0.028493445584899857,-0.30902241187098756,-0.2204820666589782,-0.16443316803136893,-0.3681159420289855,0.07982162764771461,-0.01477722677122977,-0.22455695229308423,-0.05681774497366701,0.009533694691115981,0.12808980125321953,0.05997770345596432,0.10427862991581133,-0.03218390804597701,0.10556260331372776,-0.032760542805520314,-0.07097989466805059
#101,-0.45467266366816594,-0.10903010033444815,-0.3413139584054127,-0.31570368661822934,-0.02786299158113251,-0.13825394994810286,0.17771883289124668,-0.09066236112712875,0.13489409141583056,-0.11114442778610695,0.011740283704301696,0.02686349133125745,-0.21363164571560372,0.12113943028485757,1.0,0.5326567485488025,-0.18787529312266943,-0.1756352592934302,0.6773382539499481,0.09646715103986468,0.5792027063391382,0.2030984507746127,0.023941875216238036,-0.10374043747357091,0.08835582208895552,-0.10883788874793372,-0.1423595894360512,-0.4218121708376581,0.13808480375197016,0.1822088955522239,-0.3394072194671895,0.07946795832852804,-0.36619382616384116,-0.07533925345019797,0.3117364394725714,0.2726867335562988,0.379587129512167,0.2720562795525314,0.02963902664052589,0.0980971052935071,0.026655902817821858,0.013839234229039326,0.10202591012186214,0.2451159035866682,-0.22215815169338407,-0.07660784992119325,-0.24550801522315766,-0.3877830315611425,-0.47712297697305195,-0.44264790681582283,-0.39824703033098835,-0.5105601045631031,-0.36756237265982394,-0.39899281128666436,0.5130972975050936,-0.1240918002537193,0.06335293891515781,0.0750932226194595,-0.2926382962364971,-0.33914581170952984,-0.34717256756237264,-0.26448314304386267,0.39252681351631874,0.17512013224157152,-0.2078576096567101,-0.09033944566178449,0.38085572598316225,0.17987160266020835,0.6318686810440933,0.21590743089993464,0.2678814438934379,0.08258947449352247,0.4961903663552839,0.057563525929343023,0.37206012378426173,0.2233037327490101,-0.048052896628608774,-0.2591704147926037,0.4859800868796371,0.27008034444316303,-0.12991965555683696,0.10833045015953562,0.0870026525198939,-0.08959366470610848,0.07399377234459693,-0.2720255256986891,-0.21461576903855764,-0.19314189059316494,-0.2351439664782993,-0.2234805674086034,-0.11366624380117633,-0.5230077269057779,-0.19843924191750278,-0.16632453004267098,-0.2052358436166532,-0.03485180486679737,0.08357359781647637,-0.4301772190827663,-0.49507553915350017,-0.39406450620843425,-0.47837619651712604,-0.3451812555260831,-0.26193826163841155,-0.3726521354707262,-0.3586898858263176,-0.47187944489293815,-0.38051743359089685,-0.22775535309268444,-0.23098450774612694,-0.16268019836235728,-0.2896474839503325
#102,-0.31482720178372353,-0.03373697766501365,-0.24421635336178066,-0.2985968554184446,-0.06903471341252451,-0.23920347518548418,-0.1577134509668243,-0.09076231115211625,0.09811248222042825,-0.30056510206435244,-0.03468265867066467,-0.30848421942874715,-0.3135124745319648,-0.18213969938107868,0.5326567485488025,1.0,-0.3057778802906239,-0.2490600853419444,0.5093222619459501,0.474793372544497,0.4663129973474801,0.6813208780225272,0.015169338407719217,0.3486795064006458,-0.08171298965901665,0.2921462345750202,-0.197216776227271,-0.18675277745742513,-0.2379041248606466,0.004482374197516626,-0.18286241494637298,-0.06586706646676661,-0.5138277015338485,-0.18214738784453927,-0.016391804097951025,0.0785299657863376,0.11438895936647062,0.2042901626110022,0.031761042555645255,0.18932841271671857,-0.16718563795025565,0.04357052243109215,-0.040618152462230425,0.21468496520970284,-0.20831122900088417,0.29046246107715373,-0.25939338023296044,-0.3044631530388652,-0.4105793257217545,-0.17882597162956984,-0.4058124783761965,-0.213808480375197,-0.3474339753200323,-0.07565448045208165,0.325352708261254,0.1877138353899973,-0.17102218121708376,0.34470457079152733,-0.45834006073886135,-0.18549186944989043,-0.3553377157575059,-0.3673932264636912,0.33699304194056817,0.2531349709760504,-0.21722984661515396,-0.08037519701687618,0.2172144696882328,0.23218390804597702,0.42011302041287046,0.3547457040710414,0.08343520547418598,0.015330796140391343,0.24434705724061045,-0.011832545265828625,0.05547995233152654,-0.03765809402990812,-0.24335524545419598,-0.4100411332795141,0.292822819359551,0.2694191365855534,-0.04310152615999693,-0.12795909737438974,-0.13654711105985468,-0.08474224426248414,0.05173567062622535,-0.2756314150616999,-0.2619228847114904,-0.4405489562910852,-0.42111252066274557,-0.12559873909199246,0.08221273978395417,-0.4866028524199439,-0.03640487448583401,-0.39820089955022486,-0.24325529542920848,-0.16044285549532925,0.18060969515242378,-0.3884903701995156,-0.21002575635259293,-0.37821089455272366,-0.4289239995386922,-0.2866720485910891,-0.3409372236958444,-0.40056894629608275,-0.43648944758390035,-0.49649021643024643,-0.4417022258101718,-0.31656479452581404,-0.3826163841156345,-0.3912812824357052,-0.3154422788605697
#201,0.5905201245531081,0.2978587629262292,0.7791104447776112,0.6863952639065083,0.06495982777841848,0.5615423057701918,0.24124860646599777,0.27518548418098643,0.20586629762042055,0.7028178218583017,0.40787298658363125,0.0386191519624803,0.45179717833391,-0.2267097220620459,-0.18787529312266943,-0.3057778802906239,1.0,0.6603775035559144,-0.23964940606619767,-0.34441240918002536,-0.22284242494137546,-0.48470380194518126,0.11469649790489371,-0.20733479414139083,0.13365624879867757,-0.3483565909353016,0.5353015799792411,0.32713643178410795,0.4106946526736632,0.2069349940414408,0.2774689578287779,0.3040402875485334,0.24017991004497752,-0.06326836581709146,-0.03221466189981932,-0.0575712143928036,-0.4239188098258563,-0.4683119978472302,-0.025425748664129475,-0.42301925960096876,0.0708415023257602,-0.2225271979394918,-0.2618383116134241,-0.4254488140545112,-0.1141890593164956,-0.45960096874639605,0.23805789412985814,0.2806750470918387,0.5224925998539192,0.31849459885441894,0.4887325567985238,0.3059162726329143,0.6468611847922193,0.4470918386960366,-0.30085726367585436,-0.12964287087225618,-0.2528351209010879,-0.5389536001230154,0.22642524891400453,-0.14792603698150925,0.35537615807480877,0.4429400684273248,-0.4469842002075885,-0.31420443624341676,0.6788913235689847,0.518948218198593,-0.20073809249221544,-0.3113750816899243,-0.17624264790681582,-0.15521470034213664,0.36088878637604277,0.5111367393226464,-0.1952023988005997,0.1922423403682774,-0.4414485065159728,-0.23113827701533848,0.19916964594625763,0.21447737669626726,-0.1262061277053781,-0.14240572021681466,-0.39930034982508744,0.07389382231960942,0.1377695767500865,-0.3113673932264637,-0.25948564179448735,0.023857302118171685,0.09840464383193019,0.136431784107946,-0.13216468688732558,-0.38382347287894514,-0.31900972590627763,0.12641371621881367,-0.4079344942913159,0.35615269288432705,-0.05724829892745935,0.70479375696767,0.037235228539576365,0.7348556490985276,0.3190020374428171,0.5222465690231807,0.4646676661669165,0.5792103948025987,0.46017760350593934,0.23823472878945143,0.37116057355937415,0.48991658017145273,0.41498481528466535,0.21064083342943912,0.18987429362241956,0.2818206281474647,-0.0035136278014838733
