,#10,#11,#12,#13,#17,#18,#26,#49,#50,#51,#52,#53,#54,#58,#101,#102,#201,#202,#301,#302,#401,#402,#501,#502,#601,#602,#701,#702,#801,#802,#901,#902,#1001,#1002,#1101,#1102,#1201,#1202,#1301,#1302,#1401,#1402,#1501,#1502,#1601,#1602,#1701,#1702,#1801,#1802,#1901,#1902,#2001,#2002,#2101,#2102,#2201,#2202,#2301,#2302,#2401,#2402,#2501,#2502,#2601,#2602,#2701,#2702,#2801,#2802,#2901,#2902,#3001,#3002,#3101,#3102,#3201,#3202,#3301,#3302,#3401,#3402,#3455,#3501,#3502,#3601,#3602,#3701,#3702,#3801,#3802,#3901,#3902,#4001,#4002,#4101,#4102,#4201,#4202,#4301,#4302,#4401,#4402,#4501,#4502,#4601,#4602,#4701,#4702,#4801,#4802
#10,1.0,0.15963390200678337,0.29528079697571225,0.289872152584017,0.0984790645807595,0.1543409356968679,0.07697636002720748,0.4353428929700116,0.10714242748141053,0.4479161750348191,0.27842927673436146,0.06706321113100774,0.12067953932360712,0.1637663858002841,-0.12407584780466137,-0.26547194343804514,0.3821342143376042,0.27182267012775485,0.11797915018254002,-0.04316643299694147,-0.13624425658323963,-0.21985961307995205,-0.04738590670794061,-0.20601526025254838,-0.13521564708005385,-0.07812434931078999,0.2670261941448382,0.33871837939634547,0.11210039006649176,0.24707727758575215,0.06447711193473905,0.03384139146851011,0.09292697936765733,-0.059699144444907155,0.011605287876474317,0.024412702378804073,-0.1885885885885886,-0.12796494491409746,0.05860853148988742,-0.03334305029220284,0.01960280773840096,0.02881818644530509,-0.13208863717338293,-0.29032607337692085,-0.2845241235071744,-0.21449723992096872,0.3283406673237182,0.3450519857299518,0.09761009083042982,0.08825497300073572,0.023398899670086112,0.13801968378239565,0.06079577266017944,0.1264916688645502,-0.24725588454402014,0.060713409865952236,-0.21285646200900438,-0.31266721266721265,-0.10212801399242077,0.015339376356325509,0.11338673033588288,0.13591156642004099,-0.10745105660359898,-0.02294914328812634,0.36475242576937494,0.30479092343499126,-0.09435305875983842,0.05644303779897,-0.13738761874355096,-0.27412096225655547,0.0867895630607495,0.15465743092861736,-0.12774885825733284,0.22260997515234804,-0.10538319521370369,-0.04268012234113929,-0.05898795559812509,-0.048286344896514385,0.05257707630588986,0.11790002637460265,0.1697307476968494,0.03595968850206138,-0.05924707450131179,-0.006201733320377388,0.023727425422340676,0.030002267290402885,-0.03869154208137259,0.11303830795356219,0.11288468746095864,0.04461148359453444,-0.19357616476260545,-0.11699866276137462,-0.0179231619909586,-0.08854000379424108,-0.1562394443750376,0.20266244673024333,-0.06834353614014631,0.1352651572990556,0.10633453175826058,0.14681862139489257,0.23478948902677715,0.20125580125580125,0.08669054262274602,0.24587052383662553,0.0738331551890874,0.17894242470513658,0.028068592475372137,0.034434588671876806,-0.0380622533164906,0.09368305131016995,-0.03183877251673862
#11,0.15963390200678337,1.0,0.3934910256944155,0.4098779827593387,0.16499442431645822,0.1891702179837773,0.30669961178435756,0.2580847411355886,0.21025185431965093,0.40772914671219757,0.35727453185080305,0.12806442806442805,0.14159413650939073,0.20322695576932864,-0.09847999000541373,-0.0004863106558021812,0.3159520074774312,0.17544940934771444,-0.06444333393485936,-0.026214041468278756,-0.011242521412012938,-0.08442464035684374,0.12372187287441525,-0.06092486939944567,0.0013238199678877645,-0.06454004081122725,0.24530601479754022,0.38783668105702,-0.08595529273495375,-0.04190507919321479,0.08028752944007181,-0.02659022659022659,0.08702045651198194,0.042052684425565784,-0.07232054859173503,-0.026231161824382163,-0.15086781696951188,-0.12228330024940194,0.0715450427314834,-0.19689936469597485,-0.07397104346256889,-0.09183266471402064,-0.07849405646015815,0.0036563528088951816,-0.0070943053993901455,-0.03365353026369976,0.27649699005631206,0.2829268405539592,0.07633411531716616,0.14861949777204014,0.07465817126834076,0.11830952678410306,0.0854796244626753,-0.002335771827297251,-0.03713405238828968,-0.10807201654659282,-0.2530046224961479,-0.31531855430160516,-0.18268206573291318,-0.17878371437693472,-0.021535557128777468,0.029104605375791816,-0.1926090959989265,-0.03915008999754763,0.3195889263685874,0.28420438928913505,-0.002401476977748164,0.22929663099154624,-0.07676628863069541,-0.06592493880629474,0.06761522693726084,0.11665209122836241,-0.2646372103999223,-0.11521768301429318,-0.32041301702318653,-0.2696585645738188,-0.28238870611751965,-0.2224952224952225,-0.07818820361193242,-0.11990819787429957,0.05172568562399071,-0.04050537440367949,0.10696196967383408,0.12726578658782048,-0.05625240032019693,0.1149321895084607,0.03840975027415705,0.01796526881272644,-0.16351605843131267,-0.10302428777005049,-0.04198327757649792,-0.044025227076074536,-0.06315144111754281,0.017497466650009022,0.015365750958971297,0.3078966485746147,-0.11264731603714655,0.24336632472225692,0.17194158719582447,0.13512865716255545,0.2098229199924115,0.1259942531128972,-0.04439400880078846,0.16566350634147245,0.1540716371224846,0.158160163244909,0.11304987576174017,-0.1568955704548925,-0.1264819519056807,-0.004069554917012544,0.04821369906115669
#12,0.29528079697571225,0.3934910256944155,1.0,0.48779411152292507,-0.007861482437753625,0.0475237949814221,0.12770027346298532,0.12990972482497906,0.05333314824840248,0.4459089289597764,0.15237764729290154,-0.058389205846832964,0.03612117510422595,-0.12231892909859012,-0.11823873179805383,-0.16431516262024737,0.5372057727989932,0.5133973727194067,-0.18716667360735156,-0.2762193626600406,-0.12687942179467604,-0.22518543196509297,0.219000819000819,-0.05051754373788272,0.017275364732991853,0.0003137189577867544,0.457996825793436,0.43082311895871217,-0.13930833761342237,-0.12012058283244724,0.35617790363553076,-0.13966508881763118,0.258237898915865,0.05711767237190966,-0.09152311016717797,-0.300058301753217,-0.30960035536306724,-0.32022746938001173,0.021091353294743126,-0.21502334383690316,-0.020060892942248873,-0.035699181461893326,-0.1467589315046942,-0.1671229010212061,-0.065001365001365,-0.03853236904084362,0.42300698232901623,0.525259465937432,0.3453148063317555,0.3776260081344827,0.5084255287645119,0.5260146124552905,0.5415774788656145,0.5014792913097997,0.08229801450140434,0.2198216706691283,-0.27217803319498235,-0.441105512291953,-0.05413641684828126,0.09401898045965842,-0.10535126806313247,-0.19377328021395818,-0.3142011040316125,0.020588384995164657,0.30954760615777566,0.3231814248763401,-0.14519774011299436,0.016751111666365903,-0.20830753712109645,-0.25792880708134946,0.1255491238542086,0.04639570232790572,-0.17370914828541947,-0.0013899878306657969,-0.4649745276863921,-0.21429410920936345,-0.3521833081155115,-0.21015144574466607,-0.050187167136319676,-0.1308647630681529,0.011748265985554122,-0.09498651193566447,-0.08039302785065497,-0.16752823701976244,-0.18282920825293705,-0.17350833113544978,-0.3154023052328137,0.04361248768028429,-0.06326619377466836,0.041589046673792436,-0.09117329964787592,-0.236785630005969,-0.03874336586200993,-0.22251604454994287,-0.18611076407686578,0.4786578566239583,0.03602955806345637,0.6844237149321895,0.5930708829013914,0.5739418925859604,0.5868270427592461,0.5123410004765937,0.14440881559525628,0.5236094337789253,0.4668013159538583,0.4743763794611252,0.3047571454351115,-0.2930713456137185,-0.19303895575082017,-0.024681075528533155,-0.11580810394369716
#13,0.289872152584017,0.4098779827593387,0.48779411152292507,1.0,-0.03464928719166007,0.1264477111934739,0.07794018980459659,0.12166835556666065,-0.046583100820388954,0.5503074723413707,0.41681265240587273,0.12285613811037539,0.20608929422488745,0.11492802509751662,-0.24955463938514785,-0.1413609294965227,0.2907513060055433,0.03072409852070869,-0.20352262894635775,-0.10412554310859395,-0.1300846300846301,-0.09117376236020304,0.027653076805619178,-0.12732732732732732,0.01201340014899337,-0.0848253492321289,0.3908864180050621,0.43546458631204393,-0.13887477616291174,-0.054966522763132936,0.23629793121318546,-0.12875988469208807,0.2062336604709486,0.10443185866914681,0.04091441210085278,-0.08101028609503186,-0.28631898462406935,-0.23961835487259217,-0.1785195056381497,-0.2008592567914602,-0.12062170028271724,-0.08808932198762708,-0.01642721303738253,0.0628992628992629,-0.03352211996279793,-0.14407612543205764,0.48624448793940317,0.447989746294831,0.28860709708167337,0.25736290990528277,0.2180656773877113,0.24941073585141382,0.23689020299189792,0.11603390755933128,-0.05485038196902604,0.017417417417417418,-0.14429869006140192,-0.1978951216239352,-0.08413637057704855,-0.039070503477283136,-0.07463087124104073,-0.11721289856883077,-0.19129267942827266,-0.14366893858419283,0.32200474742847623,0.22883021696581018,0.05373339441136051,0.058299902367698976,-0.1672316384180791,-0.14638691079369046,-0.02131206707477894,0.01067708694827339,-0.13793176844024302,0.0414960414960415,-0.21038604089451546,-0.11546801038326462,-0.20111930111930112,-0.06667777176251753,-0.18122174562852528,-0.22689885571241503,-0.06024005515530939,0.01789308568969586,0.07857503111740399,-0.06467469009841892,-0.15581976429434058,-0.01782506697760935,-0.09779054863800626,-0.07653539517946298,-0.1954256259341005,-0.05473933101051745,-0.06858183298861265,0.1522004284716149,0.039916341611256866,-0.0023353091149701318,0.03984138221426357,0.13240420698047817,-0.15652493788087007,0.28418310452208756,0.18381154652341092,0.43229963399454924,0.4570260553311401,0.1631926225146564,-0.09092898753915703,0.1986872851279631,0.2667781803375024,0.3158020886834446,0.27048034166678236,-0.05239430493667782,-0.02668878431590296,0.0435060638450469,0.08698020053952257
#17,0.0984790645807595,0.16499442431645822,-0.007861482437753625,-0.03464928719166007,1.0,0.4839896907693518,0.17901507054049426,0.04620321399982417,-0.04459852764937511,0.16468070535867146,-0.009654029993013043,0.207812434931079,0.37577747238764186,0.04521671131840623,-0.10092820092820093,-0.26831577340051915,0.28627225067903034,-0.06120249679571713,0.10317050486542012,-0.14598481378142394,-0.19283582503921487,-0.22870667277446938,-0.1467131229843094,-0.18354502422299032,-0.24591309337072048,-0.24681769597023834,-0.010709014098844607,0.10761208049343643,-0.04372029965250304,0.3237232610113966,0.03585372737915111,0.3461944224656089,0.35069198628520665,0.2395591276947209,-0.06634924601026296,0.33383537620825754,0.32092709041861583,0.28721618382635333,0.347698237528746,0.16516979228843637,-0.05196953502038248,-0.009109417583993855,0.028343906310008004,0.04000842136435357,0.201581088021766,0.22886399496568988,0.028924610280542485,0.0006107802717972209,0.08960516757126927,0.02349699468343536,0.046314727670659875,-0.027334730724561232,-0.015497623972200244,-0.14827385166368218,-0.2298134806609383,-0.3376721868247292,-0.20661401000384053,-0.2708838268160302,0.3179847027304654,0.18289445069106086,0.15050227423108778,0.13556175590073896,0.16240832512018952,0.11386286132048844,0.22109412956870583,0.08306657967674917,0.2846578473697118,0.26575280982060645,-0.1584868381478551,-0.09891308874359722,-0.10658532183955913,0.03599809362521227,-0.12267429216581759,0.09507581541479847,-0.122299032468524,-0.048952650647565904,-0.09205939375430901,-0.2320053489545015,0.3093676110625263,0.1845449455618947,-0.11425524137388544,0.0746688136518645,0.11947278557448049,0.11807400620959943,0.4463101005473887,0.42534923212889314,0.3810454522318929,-0.05924661178898467,-0.1517182822267568,-0.12029456266744402,0.3669674296792941,0.10529990699482225,0.16789794416913062,-0.08667295955431549,0.009514753582550193,0.0683046683046683,-0.24899429475700663,0.02222870019480189,-0.12802602294127718,-0.15594747289662544,-0.08809533724787962,0.20068111254551932,0.3306681103291273,0.10685971024954076,-0.18321048321048322,0.002582397497651735,-0.0510765002290426,0.041887958837111376,-0.09525627322237491,0.08236325693952813,0.04421401370553913
#18,0.1543409356968679,0.1891702179837773,0.0475237949814221,0.1264477111934739,0.4839896907693518,1.0,0.12081326318614455,-0.04963191234377675,-0.10496397784533378,0.2324629714460223,-0.04356158932430119,0.1900678798983884,0.44485857197721607,0.15933498984346442,-0.20768009920552294,-0.36837176159210056,0.3395753226261701,-0.1067611525238644,0.10154453374792358,-0.10059180906638533,-0.2926183502454689,-0.2605546995377504,-0.19575091270006525,-0.20785685531448242,-0.31514873887755246,-0.23056770175414243,0.1145666467700366,0.0851839512856462,0.08805508127542026,0.2239143612024968,0.2186112152213847,0.10337548642633389,0.42501793010267586,0.16139637326078005,-0.013087818172563935,0.22150548082751473,0.33147924503856707,0.12097706334994471,0.27285822031584744,0.08538569386027013,-0.024519588926368588,-0.023687632162208434,-0.10135759796776746,0.13792806674162605,0.009321339829814406,0.15267285775760353,0.15880796050287577,0.14812485829434982,0.2715108020192766,0.09438868760902659,-0.10202344100649186,0.07672742079521741,-0.06098224572800844,-0.06211681635410449,-0.2649375107002226,-0.21085800746817696,-0.2031122031122031,-0.34103471730590373,0.1420142793024149,0.34343943326994175,0.09649634225905412,0.0870412785667023,0.02576613593562746,0.052653423839864516,0.32023718633888126,0.22935308189545478,0.22501330297940467,0.44040311497938617,-0.2916600730160052,-0.17742380284753165,-0.2156660512592716,-0.17738030788878245,-0.13803356515220921,0.016405465558007933,-0.14432969178731891,0.013739779841474757,-0.12737082228607652,-0.1499257346714974,0.38539078369586843,0.384433431891059,-0.2737651364770009,0.16847494644104813,0.11971154513527395,0.050288038423631644,0.25257892715519836,0.260856387975032,0.2955903515225549,0.046033398575771454,-0.13598837666634278,-0.11631662479120106,0.2359532105294817,0.15059111499789465,0.18910867724427047,-0.17210492464729754,-0.0033227372210423056,-0.006089294224887445,-0.2155374172323325,0.01095610248152621,0.007499641397946483,-0.10987659462235734,0.06479915971441395,0.3033495745360152,0.2949393152782983,0.1406460389511237,-0.14674967725815183,0.07366565332667027,-0.021206105951868663,0.006660281236552423,-0.06798215781266628,-0.005733005733005733,0.08902955343633309
#26,0.07697636002720748,0.30669961178435756,0.12770027346298532,0.07794018980459659,0.17901507054049426,0.12081326318614455,1.0,0.14799992596602765,0.11224012918928174,0.2357926493519714,0.3088618664889851,0.3749131257605834,0.16296820703600365,0.28649759158233734,-0.11688992536450163,-0.11814989103124697,0.024478870241582105,0.11746137508849373,-0.06507493626137693,-0.11345937617124058,-0.1953747275781174,-0.25628941730636645,-0.31772234484098894,-0.3960766621783571,-0.25409569816349475,-0.3846874609586474,-0.08102555560182678,0.15256226951142204,-0.033569779332491195,0.006645011729757492,-0.0848642170676069,-0.03374005746887103,-0.0036447850007172043,0.15083357625730506,0.06256425917442866,0.15044489790252502,-0.14207350648028613,0.0796286270862542,0.06886547564513666,-0.08753823160602822,-0.09313566262718805,-0.16263597958513212,0.05497947870829227,0.00542900373408848,-0.037378364497008564,-0.1992999162490688,0.09133663709934896,0.02949097016893627,0.08657764081492896,-0.06011604825164147,-0.03414816974139008,-0.04331912806489078,-0.10205906985568003,-0.12243692074200549,-0.07694443287663627,-0.20609114507419593,-0.12062910367995114,-0.1697529578885511,-0.01760712947153625,-0.11602141432649907,0.2850659596422308,0.266765224392343,-0.07073807243298769,0.14907017957865415,0.21695840678891526,0.2558086591984897,0.18020840563213444,0.3550752601600059,-0.013558396609244067,0.04949772576891221,0.20581536852723292,0.21638880791423165,-0.0445814072932717,-0.050902520394045817,-0.06726958082890286,-0.002232124266022571,-0.07337738354687508,-0.04932976119416797,-0.23798359222088036,-0.21422146337400574,0.10126551821467075,0.029447937922514194,0.12182984216882523,0.34989334480859907,-0.022367513892937622,0.4249614791987673,0.2262704923721873,-0.22444833122799224,-0.2749936377055021,0.07418157757140809,-0.12083315981621066,0.17620779485186264,0.07403258420207573,0.24972954464479888,0.17115219996575928,-0.02803527718781956,-0.06735009277382159,0.05814767001207679,0.09495458478509326,-0.09124640819556074,-0.02760588014825303,-0.02144486551266212,0.007103096933605408,0.10979932166372844,-0.014291332935400731,-0.01494005561802172,-0.061147434028789964,0.11704956111735773,-0.03947954117445643,0.1427578580120953,0.11294576548813837
#49,0.4353428929700116,0.2580847411355886,0.12990972482497906,0.12166835556666065,0.04620321399982417,-0.04963191234377675,0.14799992596602765,1.0,0.44834834834834836,0.21182322538254741,0.36810709014098847,0.14245061702688822,0.08199817691343116,0.32572449182618674,0.10779809084893831,-0.03753337312659347,0.21332518959637603,0.2592660457067237,0.13734458649712886,0.014932652220787814,-0.0005783904088988835,-0.21465271126288074,-0.06768000666305751,-0.12847207762461998,-0.03073983073983074,-0.13444291749376494,0.054027216739081146,0.1098469810334217,0.20752138887732108,0.13571167469472553,-0.16294183243335786,0.10361655954876293,-0.1817015783117478,-0.01805410957953331,0.006115206115206115,0.19367102078966486,-0.18170528001036476,0.005431317295724075,-0.16608318642216946,-0.10384976656163097,0.06370391963612303,0.06862486523503472,-0.20285123335970795,-0.2414062753045804,-0.19214545824715315,-0.25187884340426714,0.1022038988140683,0.09831156271834238,-0.09626406067084033,-0.20691245945483233,0.05496235835218886,0.0026758653877297944,-0.024147105503037707,-0.09803809973301499,-0.1261187227288922,-0.19205476663103782,-0.2382700111513671,-0.19722372603728536,-0.30945830267864166,-0.3616735379447244,-0.0705932434745994,0.041355839660924404,0.002556948319660184,0.15310179208484292,0.21864545593359153,0.17449575924152194,0.07229648755072483,0.033228760347404414,0.24865929103217238,0.1076477093426246,0.5149622658097235,0.42035055085902545,0.12289870764447036,0.06314079873401908,0.05237255745730322,-0.1749857715959411,-0.02084565304904288,-0.19001466798076969,-0.16124645446679345,-0.05343355682338733,0.5029521046470199,0.0973121040917651,0.17199479911344318,0.18230495518631112,0.2013950776662641,0.16284697640629844,-0.030859673232554587,0.013740705266128994,0.05415076093042195,0.012339149627285221,-0.3131021622547046,-0.13181054706478434,-0.2161653178602331,0.03998528574799761,-0.08391102967374153,0.12221620696196968,-0.06301586640569691,0.004633138531443616,-0.06778689321062202,0.11650032158506735,0.1234784861903506,-0.14093292059393756,0.13530495055918784,0.021316231485723012,0.08975971348852704,0.036166983624610745,0.013976225840632621,0.002867428291157105,-0.0822827449946094,-0.16307416815891393,-0.16414812347015736
#50,0.10714242748141053,0.21025185431965093,0.05333314824840248,-0.046583100820388954,-0.04459852764937511,-0.10496397784533378,0.11224012918928174,0.44834834834834836,1.0,0.13205902358444732,0.1778388558049575,-0.06479962242674107,-0.04378878107691667,0.2483400195264602,0.23185635558516915,0.21718143413058666,-0.0427361105327207,0.15379956227413855,0.19001836967938662,0.08799354053591342,0.03803911770013465,-0.044796105813054966,-0.01961761453286877,0.12307361290412137,0.03278131752708024,0.02811810269437388,-0.0510256018730595,0.06822554449673093,0.19740464655718892,0.20030909183451556,-0.22493788087008426,0.00615407395068412,-0.2095004095004095,-0.0044799807511671915,0.02393795953117987,0.11696766103545765,0.0246264754739331,0.13185866914680475,-0.16650194107821226,0.0006663057510515138,0.256190396868363,0.13236811541896287,0.0007440414220075237,-0.04579787800126783,-0.05819347853246158,-0.10171388645964917,-0.020235798201899895,-0.02171971663497087,-0.2650161717958328,-0.17487286978812402,-0.03261103939070041,0.04989241938394481,-0.10478722173637428,-0.040039423090270546,-0.08143089160038312,-0.026914587931537084,-0.35791862741015285,-0.07935423867627257,-0.2688867604121841,-0.3152380423566864,-0.21999750135343354,-0.22282004654886012,0.12068370373455119,0.27223124511260105,-0.027147794944405113,0.14860284012826386,0.13878639810843202,0.1156877987386462,0.2518566332125654,0.18675671048552406,0.42186963542895745,0.3454189166053573,-0.006789840688145773,-0.22828282828282828,-0.21498956583702347,-0.3539573471776862,-0.324439539693777,-0.38321696118306287,0.08297727619761518,0.11234655302451912,0.18376805156466172,0.10434024162837723,0.031166451505434557,0.018665352563657648,0.00033037660156304223,-0.04611807493163425,-0.19640703877992013,0.13712341000476594,0.036196134501219245,0.011219848507984102,-0.2154596815613765,-0.1597292207461699,-0.16977840706654265,-0.03687585890975721,-0.011582614972445482,0.041278566702295516,0.15485547180462433,-0.13239356459695442,-0.02399996298301383,0.02457465169329576,0.014146041264685333,-0.2545250952030613,0.049504666453819,-0.17358467866942442,0.046919955394531664,-0.06706413655566199,0.032178403364844045,-0.30203593423932407,-0.1176543261289024,-0.17603844214013706,-0.16020442630612122
#51,0.4479161750348191,0.40772914671219757,0.4459089289597764,0.5503074723413707,0.16468070535867146,0.2324629714460223,0.2357926493519714,0.21182322538254741,0.13205902358444732,1.0,0.4193672871638973,0.058364219381168536,0.2549632837768431,0.26140192580870547,-0.17516437855420905,-0.31710369845963066,0.5375305968526307,0.13447391921968194,-0.08952696918798614,-0.28542224813411254,-0.1058482211024584,-0.27440830661169646,0.013648162800705174,-0.18537320062743792,-0.21703429161056279,-0.2842969317545589,0.4820388955982176,0.4555208521310216,-0.14980080234317522,0.06829263778416321,0.2581286988066649,-0.004645631764275832,0.25876816724274354,0.11734338344507836,-0.13500279940957907,-0.02642966541271626,-0.20339630848105425,-0.18666786971871718,0.059152681186579494,-0.23795212778263625,-0.17914971982768593,-0.04164596029002809,-0.0855231194214245,-0.03696932679983527,-0.04701249785995549,-0.2307393680275036,0.5122230088331783,0.46102620339908473,0.3206693596524105,0.19961363520685554,0.1788318364589551,0.13479457886237547,0.276574263014941,0.11518112874045078,-0.10085231610655339,-0.11387350370401218,-0.24505753827787727,-0.42286492964459066,0.04807257180138536,0.04258989343735106,0.10260923481262464,-0.0026726264014399607,-0.22169334203232507,0.00814790136824035,0.5417449807280316,0.3498086684527362,0.01813693508608763,0.19024278515803938,-0.24011206892562825,-0.21590249725842947,0.05478745309253784,0.06986817325800376,-0.22723894927284757,0.10392056154768019,-0.379899776509946,-0.20386781234238863,-0.27496448682889363,-0.13497873836856888,0.07725167386184335,-0.09360439021455971,-0.09504388826422724,-0.04007551465178584,0.009155226104378647,0.005987034800594123,-0.1582837074362498,0.12869834395258123,0.07966656949707797,-0.03508608762846051,-0.04781761730914273,-0.11063960724977674,-0.14312571431215498,0.07779582355853543,0.057334684453328524,0.03626878033657695,0.029741760250234825,0.31409144121008525,-0.2419346927821504,0.2956282939333787,0.12785990921584142,0.3026740145384213,0.3601942466349246,0.24232290842460333,0.024676448405261963,0.22416468857146823,0.18262098770573346,0.3376374834001953,0.26831531068819203,-0.06098502200197115,-0.05612422900558494,0.2253459931426033,0.22674708606911997
#52,0.27842927673436146,0.35727453185080305,0.15237764729290154,0.41681265240587273,-0.009654029993013043,-0.04356158932430119,0.3088618664889851,0.36810709014098847,0.1778388558049575,0.4193672871638973,1.0,0.214004914004914,0.3270719101227576,0.44520468079790115,-0.010715029359097156,-0.004105183766200715,0.0606592725236793,0.149885478699038,-0.05549817922699279,-0.015721114026198774,-0.007014718879125659,-0.05265157299055604,-0.11567299194417839,-0.04375685392634545,-0.023325328410074172,-0.12245311567345465,0.18736425177103144,0.29396299226807704,0.07711193473905338,0.06272852205055594,-0.08387817709851608,-0.07414317244825719,-0.20784760106794006,-0.11805688585349602,0.03828898235677897,0.06928423030117946,-0.23264759366454282,-0.23482372973898397,-0.2616328192599379,-0.29943178926229774,-0.06486671571417334,-0.10598287038965006,0.0289782849104883,-0.0026541179083551963,0.0233429114785047,-0.15712877746776052,0.2911899572916522,0.20398534127347687,0.020744319049403794,-0.002205286951049663,0.05955292734953752,0.0005543293678886899,0.04404836269243049,-0.02899910696520866,0.0075172244663770085,-0.05091732718851363,-0.16215383334027403,-0.17078017925475553,-0.14672422808016028,-0.23171615375005206,-0.09599568752111125,-0.12656709097387064,-0.12579806308619867,0.042486245876076384,0.27193788549720754,0.19824261858160164,0.09311484057246769,0.05675953303071947,0.19761564337835524,0.2088054155850766,0.3090256666527853,0.2826024792126487,0.06836297005788532,0.03329770448414516,-0.10234502607383963,-0.21188754239601698,-0.09328373057186616,-0.13853236904084362,-0.2554546842682436,-0.27503481910261574,0.21814942831891984,0.17378318225775852,0.27862916845967695,0.194161033144084,-0.14243025768449497,0.11330297940467432,-0.03668753499261974,-0.054239601697228815,-0.07364159228566008,0.03920422733982056,-0.12817594173526378,0.17775001503815063,0.028267558776033354,0.2208512055969683,0.19813804559567272,0.03243798498035786,-0.10780318068453662,-0.03149543997001624,0.00044050213541738965,0.11529726953455767,0.16540716371224845,-0.15055270987474378,-0.10169815424052712,-0.17555305690898912,0.19587908401467724,0.04841035180018231,0.0712179051162102,-0.04673810944997386,-0.07833719698126478,0.03030349301535742,-0.0030626928932013676
#53,0.06706321113100774,0.12806442806442805,-0.058389205846832964,0.12285613811037539,0.207812434931079,0.1900678798983884,0.3749131257605834,0.14245061702688822,-0.06479962242674107,0.058364219381168536,0.214004914004914,1.0,0.4201557489693083,0.27756585553195723,-0.1972732362562871,-0.15375560460306223,-0.12279598550784991,-0.15914388965236423,-0.03279334804758534,-0.07565994345655362,-0.13932915966814272,-1.4806794467811417e-05,-0.31565216988945805,-0.27040353142048057,-0.1932120101611627,-0.2402203436101741,0.06331848026763282,0.1357473035439137,0.261104864494695,0.24904935752393378,-0.1632435208706395,0.0996899827408302,-0.013042472364506263,0.01813091982583508,0.14433616975989857,0.40389603779434285,-0.008448664380867771,0.00819000819000819,-0.10279755872976212,-0.09645932527288459,0.011656186232457419,0.06704331450094161,0.24902483377059648,0.2308837342735648,0.2839582263311077,-0.01358847291050681,0.1706700537209012,0.0858206434477621,0.08523855134024626,-0.09735097192724311,0.020084953983259067,-0.07506443269155133,-0.14351439266693505,-0.18752111124992482,-0.20342083223439156,-0.26941286432811856,-0.06665648699547004,-0.0931851728461898,0.042595445985276495,-0.10632897921033514,0.042572773081247656,0.02448210922787194,0.06291406969373071,0.013223392884409834,0.19465197092315736,0.030163753892567452,0.2642818473326948,0.20185084930847644,-0.042210006616786276,0.01670715399528959,0.025376994868520294,0.12524095744434727,-0.10433653992976027,-0.02414432922907499,-0.04994239231527367,-0.045053836579260306,-0.20318577437221505,-0.19707843436656997,-0.23673797063627572,-0.0009203348186399033,0.2041051837662007,0.4845278252057913,0.40862171879121034,0.5238023848193339,0.22869556767861854,0.41238495814767,0.22089516326804462,-0.05918969817274902,-0.1559951322663187,0.07665246139822411,0.27682459038391244,0.5608998829337812,0.20542530203547152,0.35421554065621863,0.4029595080442538,-0.21069790900299376,-0.047860186843237694,-0.1469426282985605,-0.040952354511676545,-0.08579704511907901,-0.054453837504684965,-0.20751814989103123,0.03595506137879019,-0.15229204551238448,-0.10030353928659014,-0.10771572805471111,-0.19337766117427135,0.05900137425561154,-0.08294581175937109,0.040807062840961146,0.12894728318457133
#54,0.12067953932360712,0.14159413650939073,0.03612117510422595,0.20608929422488745,0.37577747238764186,0.44485857197721607,0.16296820703600365,0.08199817691343116,-0.04378878107691667,0.2549632837768431,0.3270719101227576,0.4201557489693083,1.0,0.3542761559710712,-0.17743537065570963,-0.2409898342101732,0.0877557063997742,-0.11408866493612256,-0.07844315810417506,-0.20431479245038567,-0.08681593766339529,-0.20259211445652123,-0.21786856193635853,-0.1019420036369189,-0.2531101209067311,-0.3519334434588672,0.19562320409778036,0.19508368152435948,0.1252992591975643,0.17340931069744628,-0.12918928173165461,0.1237787864906509,0.13577691713284934,-0.042430257684494974,-0.026551821467075704,0.2276507632439836,0.14008708245996382,-0.060623180962164014,-0.12744254269678,-0.24448470041690382,-0.051234285132590214,-0.00825247435416927,0.181430428888056,0.2501839281500298,0.2755239060323806,0.1258878292776598,0.24153907374246358,0.252962052962053,0.21335619132229303,0.09305885238088628,0.10640995386758098,0.053705168959406246,0.051784450089534834,-0.09559821763211594,-0.11635919432529603,-0.1906883771290551,-0.1805975466992416,-0.21595061934044985,0.13260687497975635,0.11239467510653951,-0.03014987252275388,-0.06943461180749316,-0.06188684832752629,0.03910937131276114,0.23171522832539782,0.2005955107650023,0.23296825330723636,0.2899235136523272,-0.15962325962325963,-0.11488638098807591,-0.003778046150927507,0.0033787254126237177,-0.062086277340514626,-0.02818010614620784,-0.1828176404447591,-0.14534812161930807,-0.22365107788836602,-0.18628983374746086,0.05100200354437642,-0.06045290282578418,0.014288556661438018,0.3624744929829676,0.4310197716977378,0.23568576280440687,0.16399311484057247,0.33009110805720976,0.17046831114627725,-0.02957934822341602,-0.2084593067643915,-0.010761300591809067,0.3032292693309642,0.314544899290662,0.19621223689020298,0.1925656010401773,0.13917692731252054,-0.018124904565582533,-0.18912533488804675,-0.12022191683208633,-0.11010424908729993,-0.0963626183965167,0.11672010994044893,-0.07478032732270021,0.0433607721743315,-0.19648061003993209,0.09996714742477454,0.004672006366921621,-0.013470481267091437,-0.11689270163846435,-0.12358305917627951,0.09938598074191295,0.07973690177080008
#58,0.1637663858002841,0.20322695576932864,-0.12231892909859012,0.11492802509751662,0.04521671131840623,0.15933498984346442,0.28649759158233734,0.32572449182618674,0.2483400195264602,0.26140192580870547,0.44520468079790115,0.27756585553195723,0.3542761559710712,1.0,-0.00984235391015052,0.09703262584618517,-0.11949083135523814,-0.03378447785227446,0.034037581495208614,0.0614995581097276,-0.07178565314158535,0.04481230074450413,-0.22259285479624463,-0.027286145930213727,-0.19014191387072743,-0.199891262603127,-0.017573814183983676,0.16631685614736463,0.22125654159552466,0.1675393421156133,-0.23941707501029535,0.024981838541160574,-0.15290375120883595,-0.15537139604936215,0.015098765946223574,0.35119125288616815,-0.06974000194339178,-0.011937515327345835,-0.2412318327572565,-0.03632152954186853,-0.0016305982407677324,0.04168066371456202,0.12245820550905297,0.04673625860066538,-0.018608901659749117,-0.16875673824826368,0.1568307907290958,0.08819620853519158,-0.013764766307139189,-0.08799122697427782,-0.06967059509432391,-0.06937908632823887,-0.12746290203917324,-0.15357051967221458,-0.05898610474881661,-0.030753712109644313,-0.17238116390658764,-0.04288279034041746,-0.17743120624476558,-0.22920270038914106,-0.05940300855555093,-0.07306875442468663,-0.00042662076560381646,0.09710758524317846,0.117058352651573,0.0683990616194006,0.1281472535709824,0.1941323449798026,0.07497327836310887,0.08297681348528806,0.1427018698205139,0.22222823748247478,0.042299772808247385,0.10608235353998066,-0.055010943146536366,-0.05095203061304756,-0.08535654298366163,-0.08544214476417866,0.0035545560969289782,0.043268229708907674,0.22339704882077763,0.29918793986590597,0.357336535302637,0.22440853796786,0.0671710231032265,0.18250993674722488,0.08445379123345224,0.003354664371613524,0.044514776718166546,-0.00040533599855633755,-0.057136643577321546,0.24099908845671558,-0.013164628418865707,0.2975559534881569,0.18366671756502265,-0.10903908531027175,-0.056555939606787065,-0.24777180878875793,-0.17762184372353865,0.009846055608767473,0.08213143806364145,-0.40482794042116077,0.008626808626808627,-0.3681491969627563,0.08336919353868506,-0.06793357301831877,0.05335443301544997,0.016408704544297766,0.057256023357718275,0.09293160649092852,0.09671798146374418
#101,-0.12407584780466137,-0.09847999000541373,-0.11823873179805383,-0.24955463938514785,-0.10092820092820093,-0.20768009920552294,-0.11688992536450163,0.10779809084893831,0.23185635558516915,-0.17516437855420905,-0.010715029359097156,-0.1972732362562871,-0.17743537065570963,-0.00984235391015052,1.0,0.45374218594557575,-0.06246940314736925,0.03880213032755406,0.6164901419138707,0.08017370220760052,0.38706210062142266,0.1654617637668485,0.1633083005964362,0.1218340065797693,0.4792334707588945,0.07439627609119134,-0.13213444569376773,-0.25664431766126683,0.35943262214448657,0.00928339741899064,-0.3593900526103916,0.2196888722312451,-0.2166687488721387,-0.06050056219547745,0.05771457127389331,0.18659198489706963,0.34363886228293006,0.23830378915124678,0.10884844783149868,0.13713358967596256,0.3561917850053443,0.27458783899461864,0.027132525437610182,-0.06303715117274439,-0.22206351189402038,-0.24119435305875983,-0.16959702383431197,-0.2463609989033718,-0.4653405331371433,-0.44037535223975904,-0.3089220190915106,-0.24318540420235335,-0.25875243502362144,0.0014108098853861566,0.1954325666190073,0.1254982254982255,-0.17397058075024177,-0.07582744531897075,-0.30450357907985026,-0.4882864374389798,-0.2572736064261488,-0.19396854481600245,0.3263241670021331,0.33597079359791227,-0.1667157141733413,-0.09113304367541655,0.19466076245737263,-0.04460639375893613,0.6461620326027105,0.3783307190086851,0.47520000740339724,0.35981112082807,0.4248060078568553,-0.011019956782668648,0.17984286289371035,-0.16383532993702485,-0.014615231564384107,-0.16083278964634898,0.2525770763058899,0.2025065126760042,0.20793274013612997,-0.23370489133200997,-0.057334221741001404,-0.1279880805304534,-0.12228144940009347,-0.23738946959285942,-0.25857799247629754,-0.1337025777703744,0.13620492603543452,-0.20038636479314445,-0.21480355548152158,-0.31709722048705097,-0.42060087822799685,-0.26975943586113077,-0.283256291730868,0.012827311132395878,0.39760638913181284,-0.22059810195403415,-0.1361077564467395,-0.21808603673010452,-0.2598064937047988,-0.29916850594816696,0.03381640500284568,-0.2658902353817608,-0.09503648486699334,-0.2622847809288487,-0.2171994799113443,-0.2729151339320831,-0.15350620265874504,-0.3052036628307815,-0.3398446212005534
#102,-0.26547194343804514,-0.0004863106558021812,-0.16431516262024737,-0.1413609294965227,-0.26831577340051915,-0.36837176159210056,-0.11814989103124697,-0.03753337312659347,0.21718143413058666,-0.31710369845963066,-0.004105183766200715,-0.15375560460306223,-0.2409898342101732,0.09703262584618517,0.45374218594557575,1.0,-0.4632356547610785,0.003545301850386596,0.22115474488355844,0.42543205763544745,0.12449599059768551,0.6202367236265541,0.12785528209257022,0.47702633295853636,0.22565415955246465,0.41595061934044986,-0.1959026823433603,-0.025526450950179764,0.15905551159788447,0.05109223244816465,-0.29812185066422353,0.01363520685554584,-0.3161412568192229,0.026944664232799825,0.003971459903663294,0.0971594090238158,0.01797591119625018,0.35514605514605513,-0.1773377383546875,0.23481540091709582,0.11181952368393046,0.295171134154185,-0.07453740335096268,0.16560289102661985,-0.11800645020984005,0.062041394244784075,-0.12025847110592873,-0.24204481831600475,-0.4161514364904195,-0.31598717361429224,-0.1561376476630714,-0.26661114118741236,-0.2646862579065969,-0.08699500733399039,0.08094550636923518,0.1745915406932356,-0.23797526339899222,0.3780100593659916,-0.3045281028331876,-0.4063567419499623,-0.3067079406062457,-0.30613140104665526,0.34002507900812984,0.31333768282920826,-0.2592683592683593,-0.04859636215568419,0.2104980172776783,-0.06775172707376097,0.45429327632717464,0.460821221838171,0.15417944909470332,0.25337571778249746,0.10494917105086597,-0.25257661359356276,-0.02688034721933027,-0.29592859423367895,-0.214692504523013,-0.23108177514957176,0.003488388234150946,0.21064747335933776,0.16748335392403188,-0.08417107400158248,-0.05224068444407427,-0.09486296774432368,-0.06546731631477394,-0.335037502834113,-0.36961321876576114,-0.14988594141136513,-0.07361891938163125,-0.009913611608526864,-0.1288815780341204,-0.24800131410300902,-0.3045743740658995,-0.06901955885006733,-0.005744110828856591,-0.17079035892595215,0.4103740103740104,-0.3239634087091714,-0.10180827977438146,-0.12074894617267498,-0.202101639389775,-0.4006348413128074,-0.07256393527579968,-0.3223226307972071,0.004909840503060842,-0.19377328021395818,-0.12890934077374755,-0.31853394226275583,-0.2782844477759732,-0.2361808649944243,-0.16461268664658496
#201,0.3821342143376042,0.3159520074774312,0.5372057727989932,0.2907513060055433,0.28627225067903034,0.3395753226261701,0.024478870241582105,0.21332518959637603,-0.0427361105327207,0.5375305968526307,0.0606592725236793,-0.12279598550784991,0.0877557063997742,-0.11949083135523814,-0.06246940314736925,-0.4632356547610785,1.0,0.31867738308416277,0.05506924489975337,-0.32852667767922006,-0.031080849724917523,-0.43395105429003733,0.12909072400597824,-0.25215276910192164,-0.06717565022649769,-0.28789822179652685,0.49169894085148325,0.28857054280783095,-0.10065334980589218,-0.0487758945386064,0.41438850252409576,0.1704257416121823,0.418460833715071,0.07630080002961359,-0.15459403933980206,-0.12002156239444375,0.033678054017037065,-0.2293780683611192,0.31219755965518675,-0.18186769203718356,-0.12214633740057469,-0.13487231453333148,-0.23742232216808487,-0.22044725773539334,-0.11418352096318198,-0.10556226488429878,0.392098261589787,0.4269812185066422,0.3119268729438221,0.17973088651054753,0.2078290925748553,0.26637562061290876,0.37994419689334946,0.2835019919765682,-0.05005529412309073,-0.032270945830267864,-0.21678350152926423,-0.6225252987964852,0.2162791450927044,0.17850886325462598,0.12886630852732547,0.10835612191544394,-0.2245343957208364,-0.07845056150140896,0.5267734606717658,0.32021358801019817,-0.1101639389774983,0.08083630626003507,-0.2630496444055766,-0.2990796651813601,0.005576608966439475,0.051019123900479836,-0.16618868483275262,0.05210418430757414,-0.26121267646691376,-0.11787041278566703,-0.1095633383768977,-0.12516044549942856,0.28646427629478477,0.039406895339098726,-0.11618799076426195,-0.1626642050370864,-0.11249924809246843,-0.19247213315009926,0.0030483488110606754,0.1429248971621853,0.1278400125857753,0.05374912663048256,0.08466108635600161,-0.14692967235340118,-0.0680696104424918,-0.16859154994748216,-0.030988769971820818,-0.22085259373394966,-0.2540716371224846,0.5566799465104549,-0.27725630098511456,0.5848628289306256,0.19454832336188269,0.3624370132844709,0.33502223332731806,0.6439164896792016,0.3256287103744731,0.5217868099224031,0.2132710522541031,0.4473373219135931,0.24119990560668528,-0.05517520602266365,-0.046000546000546004,0.13237922051481374,-0.007595885561987257
