,#10,#11,#12,#13,#17,#18,#26,#49,#50,#51,#52,#53,#54,#58,#101,#102,#201,#202,#301,#302,#401,#402,#501,#502,#601,#602,#701,#702,#801,#802,#901,#902,#1001,#1002,#1101,#1102,#1201,#1202,#1301,#1302,#1401,#1402,#1501,#1502,#1601,#1602,#1701,#1702,#1801,#1802,#1901,#1902,#2001,#2002,#2101,#2102,#2201,#2202,#2301,#2302,#2401,#2402,#2501,#2502,#2601,#2602,#2701,#2702,#2801,#2802,#2901,#2902,#3001,#3002,#3101,#3102,#3201,#3202,#3301,#3302,#3401,#3402,#3455,#3501,#3502,#3601,#3602,#3701,#3702,#3801,#3802,#3901,#3902,#4001,#4002,#4101,#4102,#4201,#4202,#4301,#4302,#4401,#4402,#4501,#4502,#4601,#4602,#4701,#4702,#4801,#4802
#10,1.0,0.17049852328283127,-0.002074251256464917,0.26103155655575694,-0.2497710746027471,-0.09320710102388767,0.14974779405387392,0.31861120113937746,-0.1354864037029767,0.4258140203681979,0.24652731812641795,0.12861544641593667,0.10644688611246787,-0.06603185326863471,0.12724782828997522,0.1548485166638517,0.1902650787202089,0.01950909995572131,0.09555797997872797,0.12497455116471216,0.32930382029242194,0.1762529271866598,0.21498719569811975,-0.081404319226538,0.18321974555729525,0.028479871454851712,0.026901358944980303,-0.17842486545212197,-0.053137168080998054,-0.00835999945222238,-0.1032633851743987,-0.06293417082445096,-0.005018555966895972,-0.09407258966434927,0.06677683083257634,-0.07729416114704633,0.24997557824775068,0.1622508182428207,0.2135383238917774,-0.09518275230865443,-0.011243135661692542,0.09018884633468299,0.013715438655753719,0.1280119780706359,-0.03114480957880466,0.06312498002894092,-0.33724842171573083,-0.2312726243569319,-0.19580950120282836,-0.09216084576864612,-0.12469609754093497,0.10820525227441832,0.11267968247157262,0.10414074232997211,0.37296078368718244,0.14939812933942584,0.18161110527829386,-0.03078601523734748,-0.13144836967685686,-0.18213331994321372,0.0890038207489033,-0.04895032113463004,-0.05587149137022007,-0.06548772749889303,0.08684557692395477,0.04513413704483103,-0.1349075853506005,-0.10113435615587925,0.2179388041101581,-0.07293202536210383,0.20268867515417657,-0.08792652476183085,0.18227848101265823,-0.1683767979659191,-0.12854058347446215,-0.17759315643159398,-0.11555825386753824,-0.14695869300259737,0.2211670402205718,0.07198710896666316,0.02319107852848672,-0.10861973734063095,,0.06417671306038791,-0.07204553857952134,-0.06456928702177872,-0.027530390245906502,-0.17997142426746154,-0.06950019856938745,-0.19265612803388918,0.0008052331022016095,-0.2233964951361912,-0.023098869295694924,-0.08894265224794241,0.07667791132393285,0.21111805977166803,0.07073361117831531,-0.24165301026626557,-0.1258026083344365,-0.029550776703017798,-0.0661231495387256,-0.005142718894219577,-0.15275509319066768,-0.1714799581863083,0.002045949412736743,-0.14547969342712502,-0.17252803936695166,0.006880999876750035,-0.17538835150889912,-0.04624795153993984,0.10121013206005469
#11,0.17049852328283127,1.0,0.04311192466231792,0.25396157339991876,-0.009349651020007578,0.12272318514427093,0.018562357634878828,-0.0312826669466419,-0.009263832526122145,0.30101749693016294,0.03263932952019245,0.027858143855532782,-0.04217248604308271,0.0383563019532837,0.09047460366006747,0.08176220060529427,0.1369991828983827,0.06248499317560381,0.059740627296671796,0.034571158595315586,-0.047411066020897716,-0.02211378254141427,-0.17095865648408934,-0.24973181720660803,-0.0692573504909457,-0.007111979440079975,-0.015176178977207886,0.02756508282854104,0.020810984767217336,-0.02862594548699713,-0.17040083627383404,0.13365591348765446,0.009019158522278572,-0.046800293973989694,0.048177041726960246,0.11174206977773923,-0.01194611694139236,0.01645523972118119,-0.15178187495149886,-0.27711248156956547,0.1557450460361442,-0.028041649358415462,-0.043604011558107794,0.07074091487992258,-0.02712503480670297,0.14088201326534805,0.07109240551977249,0.028630510300501674,-0.07878046442412595,-0.13762364938580435,0.003110463921996467,-0.17570606252881538,-0.09859449392195081,-0.1603034688017821,0.07151145539948965,-0.08978349089547946,-0.03324644971629684,-0.07584255045260126,-0.15469148707929536,-0.16894739965398714,0.08273633180716401,0.08688209543199113,0.20617162785814386,0.28509086261280797,0.10735071918636764,0.04583803128723176,0.029905919193671342,0.12864100937156212,0.011791826244938764,-0.024469226309759114,-0.023139039654534913,-0.015529495542459613,-0.08200961349724058,0.17953594105912804,-0.062116156244436636,0.09820739773676547,0.07472964892019336,0.04898592667996549,0.013659747930998278,0.028801234325571627,0.027770499436245533,0.169790064226926,,0.08907868369037783,-0.008029506954493374,-0.030816143006477472,0.026826496003505777,0.05254009047460366,0.09465140801672547,0.16140541478177908,0.060528514107556136,-0.08273907069526674,-0.00555446507232947,-0.07410609539547262,-0.0324585629054125,-0.04764204558422765,-0.13817964367065783,0.07303427718460562,0.22902856203809793,-0.08169829321623065,0.015278430799709678,-0.18223648472841641,0.008300656876663304,-0.011016720911867145,0.008326219832288751,-0.12525391775119027,0.05340192726426162,0.0718154719788923,-0.026685899747565814,-0.04430151506160216,-0.13626333496145016
#12,-0.002074251256464917,0.04311192466231792,1.0,0.37821670995631473,0.15356215221827113,0.28613164009184405,0.12432360875896416,-0.3955456549822657,-0.03288674241213875,0.1444243085448744,-0.1083778022248901,-0.05305134958711262,-0.05397252895232965,0.013456157248695604,-0.44416730954456857,-0.012425422359369508,0.1773868268611886,0.43852428709025093,-0.23956780345738976,0.08638270483459398,-0.31767267548284317,-0.20374314707372632,-0.046178566374670764,0.03912136469664532,0.015839902860768623,-0.0725467551023203,0.2904052184947984,0.5360898720482775,0.03011498765217947,0.03821844458544646,0.03813171312886012,0.06145699717438044,0.3885140162598657,0.06635504206475644,-0.25800143335144043,-0.1924534503142874,-0.35837711750286444,-0.2090638936946231,-0.03373579772398399,0.16892822743726804,0.22546344269104887,-0.15030013648792379,-0.14481231769276065,-0.19502526624274766,0.02620294247878503,-0.14836009074849246,0.32618148785531365,0.3498902162352157,0.28071777127545455,0.46550050897670575,0.39124103584748043,0.3903472453632907,0.4166104433803357,0.32153542067038854,-0.11755672921982772,-0.2598912661423218,0.10300958154354604,-0.02261865091501687,-0.12306280726900902,0.0365212469244569,0.13221891019642393,0.24706414019455236,-0.2559554839387037,-0.01830581511592344,0.528762433410783,0.1603235539812021,0.1890590549923083,0.29032761666522117,-0.22212108624302154,0.13168482701639225,0.28181423947924605,0.35067719008339915,-0.2784152793437624,0.07069344081947532,-0.29747246276253386,0.14195565740161686,0.010864256140815367,0.27580055416835947,0.317183327475156,0.2518325443813993,-0.1850684950266357,0.1746050295115193,,-0.29944263627109513,0.1931838204750145,-0.04337850977098331,0.10909356498240265,0.2718556423377323,0.1643433287533038,-0.1035619239775959,0.061860526688182156,-0.06442595187773603,0.01879151127280695,-0.144568556651618,-0.16150857956698178,0.2840409555067628,0.12102142266977682,0.33225908055526393,0.3197770545084381,0.17374319272186134,0.39651156951982724,0.20209433643588492,0.28422354804694455,0.2884469135013489,0.2839916555209137,0.35563001273582967,0.22863142326320257,0.14467446032492343,0.25090040946377135,-0.26073393071526063,-0.25147740189074574
#13,0.26103155655575694,0.25396157339991876,0.37821670995631473,1.0,0.09093747574942826,0.12341612383426075,0.033627155162575834,-0.1861229669461854,-0.16714155943158943,0.4295909470618578,0.09700137400886487,-0.06661249754641274,0.03316610899861686,-0.2187641223917797,-0.268032154546326,0.06370379838131714,0.31223506963623,0.26993659474042186,-0.027494784700571057,0.088085380271789,-0.08881392450711426,-0.012187139094432297,-0.0030912917052773807,-0.04290559509191252,0.010145754495200098,-0.026230331359812294,0.2412631751929775,0.29133004971081905,0.09214076058922613,0.08008965293722925,0.07973998822278115,0.09917148634892521,0.4032985342383837,0.09506863197104082,0.09899254565954708,0.05205256839231833,0.07930450501444763,-0.17113303235996294,0.15064706231426914,0.00503681522091415,0.04561070357470545,0.016709043352033853,-0.0266329479109131,-0.11970493045506626,0.11802416612269306,-0.051561394459229366,0.19035820091570158,0.13396175599245894,0.2489786229783582,0.08147826920531162,0.10861334660172459,0.2952247485928962,0.28270802996343586,0.22124738093825178,0.058641420204777535,0.0007385868250352631,0.10207835958861901,-0.06662710494962729,0.007359392332026275,-0.18308645300296256,0.0707646519101462,-0.011685009608932427,-0.1653055914400617,-0.2816626876708952,0.37047752514071036,0.1412362427933007,-0.02316003779665582,0.18507397280284113,-0.0012845385201787581,0.10632728799864881,0.21943788886505042,0.1853569912401229,-0.17143431005126286,0.07310731420067833,-0.2550927341863448,0.046677044009366994,-0.11583031675240908,0.09609571500956328,0.20536000401703589,-0.017073315469696485,-0.1822766550872564,0.16342488827618948,,-0.1394943099599666,0.04866638973464739,-0.1497340996133603,-0.018625352061241537,-0.11009508506529966,0.07122204622330154,-0.05538579521333656,0.15156185094057983,0.008816480802676807,-0.042326776739536304,0.026868492287747583,-0.12226213898031196,0.1801731890243624,0.07428412312214984,0.14422984748958081,0.2278617957063364,0.04841715091729927,0.3405898652010572,0.21495980681709248,0.035202015821643604,0.12975756275477365,0.2453468573541428,0.1162347592289117,0.16715707979750488,-0.0424290285620381,0.03165972054211725,-0.08809359693609718,-0.204277230253758
#17,-0.2497710746027471,-0.009349651020007578,0.15356215221827113,0.09093747574942826,1.0,0.09260728452939056,0.10946970561517709,-0.06325005591896543,0.10395723682708943,-0.07197158860074772,-0.07445210825911708,0.12724965421537704,-0.00636700187613835,-0.007248923845216304,-0.29122505900021456,0.1007983858819448,0.15864552853693162,-0.0766614779953165,-0.24909274331597184,0.1035518813878859,-0.34512272501106966,-0.3426540738678121,-0.4302628876097267,-0.20995859714151377,-0.38388894721706146,-0.20692664801179547,-0.2735765770289455,0.0665878475534882,-0.10899313908530267,0.26957323558546015,0.020348112677856547,0.1146571596817412,-0.022667037938165036,0.2006272053755244,0.13620034053508745,0.18136551831174938,-0.24059214760780948,0.031107378108067393,-0.2364372543559733,0.02265608238575413,0.2584332647089703,-0.02738249028835927,0.1746141591385284,0.020411107104219256,0.06364719469386078,0.06981060588769646,0.22513660204412347,0.06578900519019296,0.22248261947258144,0.03677596351801047,0.17616528276737253,-0.09716479433232755,0.0317574075511145,-0.25568524697923467,-0.3714808711490092,-0.38915582903860463,-0.2829810058110076,-0.15266927469678226,-0.04388885592079136,0.012686529691829441,0.14777762054531263,0.14138322978814702,0.06323088370224635,0.028088210456161812,0.029814622923580458,0.013815864552853694,0.12216080012051107,0.1040467071717785,-0.14893160539926142,-0.1508707381759918,0.10944140377144891,0.19421364240163969,-0.05303582922119717,0.017823770809843563,0.36155605362742904,0.28774667110975183,0.19153774872527582,0.24063870870555584,-0.12824934837287222,0.0025782066673666047,0.14997603472910115,0.2331314164159823,,0.11758685698895771,0.338638863909215,0.17171458960044186,0.1733150132151351,0.20914879922580762,0.15620883108820588,0.2660464606718492,0.21190046880634691,0.09400229153637928,0.2566666818827117,0.008633888262495035,-0.15503749994293983,-0.1362697257003565,0.05149200929396029,0.28978531682088127,-0.032030383398686246,0.13674629223023094,-0.0829609206315876,0.10124299871728741,0.14350860695586282,0.20746347007992988,-0.024383407815873684,0.10711700073493498,0.09425335627912922,0.10507926798650641,0.08496761264818525,-0.013241611013982024,-0.1916281320326658
#18,-0.09320710102388767,0.12272318514427093,0.28613164009184405,0.12341612383426075,0.09260728452939056,1.0,0.03290408870345602,0.04292933212213615,0.15089173631811273,0.08431027950353089,0.002863963992751076,0.16474320641630186,0.11830992344807753,0.0856002957999151,-0.15427517608768093,0.04157632139938923,0.18002072425331064,0.19481528482153862,-0.29392925452030655,-0.18048724819347506,-0.30736989140308674,-0.4978047811856647,-0.17658889746059425,-0.04836328611794565,-0.19742270629533432,-0.15714918267014202,0.08398526478200734,0.13634276271642923,0.2006500294430471,0.27563622088219586,0.15257250065048591,0.2953133059748844,0.3168017090661761,0.21248476493492857,0.017433022773854574,-0.1442910159905417,-0.3409413558409071,0.02943848229080601,0.017999059648418064,0.29840459768016175,0.3178717013516413,-0.21295767961399936,0.030820707819982016,0.015427243719957821,0.09018519448387936,0.026360885026042263,0.17888591161608092,0.19048875458193157,0.20099330341858884,0.1488284406140587,0.1539629428439701,0.05320837917166894,0.049319158065797224,0.06908662646587574,-0.21162749295877517,-0.33138628821319505,-0.23119137067655102,-0.20872427156988502,-0.2706048834374872,-0.04043694394865498,-0.1462922302309339,-0.1329273692523292,-0.18607275399763543,-0.07387968064564722,0.13072804210583977,-0.08233462821876412,0.3849936320851612,0.17039901034843222,-0.23320627935745686,0.021185299474589966,0.08432945172024997,0.11240488069859905,-0.01076565616911721,0.1328871988934892,0.051849890672716566,0.17454751286136205,0.15078126783130275,0.07692075940237461,0.09469796911447183,0.13905517490082941,-0.06778474165437971,0.43754924292568026,,0.10596027699288346,0.3661701671178224,0.04056841057758585,-0.03646555619970146,0.09315780103803858,0.13968877101526017,0.022801243455198638,0.20911136775507036,-0.0448009056589993,-0.041727873207740095,-0.176892001077296,-0.11714680896711965,0.023363628478958492,-0.1756558495802654,0.24547467213227003,0.09697124623973488,0.11268242135967535,0.1704501362596831,0.2255383056325234,0.47454614341731066,0.2808574545686936,0.07810213313735068,0.4100106360154656,0.3993070613100102,-0.130966325370777,0.11846877895803568,-0.3135223470445115,-0.2929606010946423
#26,0.14974779405387392,0.018562357634878828,0.12432360875896416,0.033627155162575834,0.10946970561517709,0.03290408870345602,1.0,0.12726060976778794,-0.007393171951959903,0.2963540834539205,0.2772065167277591,-0.12126792259902222,0.036318569204855135,0.23577261750971165,0.06797189900806602,0.1897401251671863,0.16037924470595755,0.13686589034405,-0.07971990304336116,-0.03484413444288734,0.0011978070635924169,-0.042660008125368035,0.13666595151255095,0.09372748976340571,0.10127038759831467,0.09607289094204056,0.022359369507958752,0.033762273642310346,-0.09844294211359995,-0.1625100996498788,-0.07495058589381332,-0.038294220489621895,0.03360524405775402,0.10566356411508808,-0.18474804511861667,-0.1627155162575833,-0.09640247047706865,0.06460032775360963,0.31665015725782525,0.17661628634162152,0.17317715584729787,0.01249572048733949,0.026136296201618683,-0.08511825149383521,0.16938562175042338,0.1606010946422784,-0.08563407541984872,-0.0897460594247422,-0.2427385229176462,-0.10048432671283215,-0.30900226871231173,0.07365965663472819,0.07515782842691962,0.1532709171166812,0.022373063948472386,0.1020674040362081,-0.06675126787695089,-0.04513687593293376,-0.2764250206557811,-0.16835945167460184,-0.10563982708486445,-0.1499796865799048,-0.1000470175790968,0.02438614670397641,0.009919339745374702,0.07148771836926603,0.19374894438687706,0.24357023193817418,-0.013601318318140113,0.007658844097924379,0.11073689784403858,0.23147165022573002,-0.025200509433187107,-0.1336586523757572,-0.15674108834283576,-0.1251836196232203,-0.21112992828677984,-0.144217978974469,0.01187399288802056,0.21922608151843956,-0.06021993271464894,-0.05296826998132991,,0.012402598291846787,-0.1509921622152127,-0.18213514586861554,-0.1229158202741627,0.18387799166465055,-0.06238456727850384,-0.002965302852551959,0.0034135675386982064,0.047194693860782316,-0.1730466021810679,-0.2796833845353248,-0.21553132146786144,0.22142906051573263,-0.004682585692961514,0.1284638946075858,-0.033084855318235976,-0.12027827103123702,0.02763629391921193,0.0791976883784413,0.08641465852912579,0.050245815207219706,0.06126253611908686,-0.011798216983845125,0.025856016652439664,-0.09134283118863179,-0.09269766783678053,-0.35560810163100787,-0.22871085101818164
#49,0.31861120113937746,-0.0312826669466419,-0.3955456549822657,-0.1861229669461854,-0.06325005591896543,0.04292933212213615,0.12726060976778794,1.0,0.08071868423815545,0.13512213158531408,0.11686470349253882,0.19388771471741523,0.23021450058657852,-0.030844444850205644,0.3548485166638517,0.23146160763602003,-0.0013657922005596462,-0.2555126970287629,0.056443918983689924,-0.09888755494894257,0.23117311142253283,-0.002745278841632925,0.23709732638873038,-0.09686808145453217,0.17083540651946666,-0.17303382070325518,-0.06987816512756372,-0.38684694636800615,-0.08107200080340718,-0.03451455490785924,-0.14928492196451315,-0.12762214299734784,-0.21478086612771435,-0.20553255396750766,0.15206854523958424,-0.17522584414813733,0.0758261171239849,-0.05808999073342858,0.13122012900162963,-0.03674492278617957,-0.012515805666759484,-0.14594439144188764,0.27393719729580446,0.18486307841893118,0.10753787654005395,0.29865657538561263,-0.4382540501307819,-0.4364089525122451,-0.2456344406049291,-0.3720167802544427,-0.3723582283045826,-0.21987519799878577,-0.22927871381814696,-0.06831882483441139,0.10708413407770226,-0.009500289865657539,0.1098001981129061,0.08422263508424363,-0.07474608224880973,-0.14416046232431173,-0.12830230020952493,-0.2291070768303761,-0.02472029105250905,-0.014570884706505315,-0.23739221334112395,-0.17898998936398453,-0.19278029096121277,-0.3125527806561463,0.040147534772466874,-0.21692450254944834,-0.13716808099805083,-0.15123683621905626,0.22608060547686323,-0.25483710463009035,0.23678235425691682,-0.14753203357876815,0.013983849689820922,-0.13633363308942012,-0.12062976167108692,-0.19291814832905002,0.024125039371516478,-0.16336280681252768,,0.30666964901148963,0.0005669498372643985,0.19695526939246896,-0.053598214244957025,-0.01440837734574354,-0.25258117379614453,0.033694714402443086,0.026620166433100376,0.04622056265891257,0.07430694718967257,0.029945176589810423,0.2032044990801901,-0.028462525163534445,-0.06567397188987843,-0.2481423491443257,-0.2742987305253644,-0.15751254182510374,-0.2276016013365774,-0.11716506822113783,-0.1634705364112349,-0.17282475224474705,-0.2051244596402014,-0.21505931975149156,-0.1287514778583721,-0.12367449227861796,-0.2397367015570579,0.001629638421122305,0.14437683448442715
#50,-0.1354864037029767,-0.009263832526122145,-0.03288674241213875,-0.16714155943158943,0.10395723682708943,0.15089173631811273,-0.007393171951959903,0.08071868423815545,1.0,-0.026917792273596662,-0.018037404081856237,0.11298461201367618,0.09850045876375721,-0.0009303089922261226,0.12567296763090743,0.20838921425865145,0.1663135022618651,-0.011990852113736893,0.08636901039408035,-0.1052527308996791,-0.18402132680869324,-0.011720615154267873,0.029611945203978692,-0.14574171372228586,-0.08941830581511592,-0.034309138300154744,0.04801362140349756,0.07639215399854839,0.03849872413462548,0.16967411796391058,0.18555236525811739,0.028730023234900738,-0.016367595301893943,0.08316085946308664,0.10180173189024362,-0.018166131822684384,-0.003335965709120954,0.11669671835557158,-0.08294722619107396,0.08873814860293883,-0.003629939698813605,-0.008716054905576833,-0.003133287989519188,0.11350317482779242,0.1706445973149767,0.06640434205060552,0.0857755846384896,0.045618007276312725,-0.02872180657059256,0.058791146087726585,-0.12509871409203577,-0.052960053317021735,-0.1524355562453496,0.035126239917468174,-0.14310325151665929,-0.06456746109637691,-0.16990418456453962,-0.11179319568899013,-0.19671881205293357,-0.18116740540565215,-0.24347710974268147,-0.3116306883282284,0.0871276823985356,0.16745379267530025,-0.02202522515942611,-0.013001501823642994,-0.011063282009613496,-0.10963860371484523,-0.019391327767304067,0.07887541254502048,-0.07304158088621289,-0.1124605714233545,-0.10737263029118946,0.11264316396353627,-0.027647249471622837,0.08687661765578568,-0.22594913884793236,-0.22671237566589217,0.03797103169350016,0.05911159599574559,0.24476256122556114,0.17598451615259258,,0.2146393569090735,-0.0323654407099198,0.012969548129111184,-0.23062168195118388,0.07153154057890965,0.14060538556697266,-0.17354781870386685,0.12998123861649633,-0.05000844490498341,0.12718665978901433,0.008404734624566913,-0.07876129220740687,-0.03144608727010458,-0.042727567365235294,-0.0034710841888554644,-0.012730351901473065,-0.19411869428074516,-0.07923146799837492,0.010828650595479921,0.030488389396851192,0.010306435930560057,-0.07142381098020241,0.06333496145014995,0.025211464985598012,-0.24958848206256534,-0.08633157892334309,-0.2544089251233641,-0.2600775105333072
#51,0.4258140203681979,0.30101749693016294,0.1444243085448744,0.4295909470618578,-0.07197158860074772,0.08431027950353089,0.2963540834539205,0.13512213158531408,-0.026917792273596662,1.0,0.4074954237744617,0.014329862553465378,0.21751610237963728,0.046018797902011715,0.14261755535977577,0.15408254095778917,0.3784403858180374,0.17815371552995202,0.21882163904193694,0.18968352147972994,0.13067600323188797,0.07521625803977779,0.16543523214359077,-0.12115745411221225,0.020678605175585552,0.03616336554570063,0.028865141714635247,0.0016588532275513884,0.2742676897935335,-0.008147279142910616,-0.061187673177612326,0.04428325580758398,0.18919873828554734,-0.0032118027817973497,0.20349116936827547,0.06137574349399955,0.2198907183647012,-0.01809126888120986,0.08388666481030918,-0.1407003336878672,0.06394573349705798,0.1362806812527674,-0.016867898861991994,0.0482446009668275,0.0038517896351344567,0.07482824889189152,-0.04734624566913319,-0.04123852520005295,-0.15279891540031132,-0.11127006806136935,-0.05404556596840236,-0.023745246887938394,0.014860293882693422,0.07965690861699845,0.26285748195757463,0.12221101306906107,-0.04827472873595749,-0.1003145156504631,-0.17879461534599003,-0.21464209579717622,-0.09896698270392164,-0.1735532964800723,0.08644569926095669,-0.061771969306194,0.17096048240949116,0.014644834685278933,-0.08914076515403963,0.04635294225054436,0.04231308229902268,-0.05300478848936627,0.1775219453409231,-0.052887016300949025,-0.02226624731246605,-0.14250252205946126,-0.1974738322065852,-0.11151109021440929,-0.2872481934750556,-0.1921832133548184,0.09773174416959195,-0.01382590714256369,-0.23406537725901208,0.05478871760694217,,-0.039309435013032544,-0.043593968968397796,-0.17093674537926754,-0.17784878598784848,-0.08783066367823543,-0.025173120552159842,-0.0702068316998909,-0.03318254232723322,-0.20816006062072334,-0.15972282452400408,-0.19781893210752874,-0.08987113531476672,0.25434045292079593,-0.11175759014365468,0.0989012493894562,-0.03500025106474275,0.005727015022801244,-0.01382590714256369,0.1734373502170569,-0.11479501704957844,-0.06903732648002665,0.16307339763633957,-0.07379294918906087,-0.11335162301944154,-0.12719670237872432,-0.06535899975806489,-0.20711928314168723,-0.18951644930546363
#52,0.24652731812641795,0.03263932952019245,-0.1083778022248901,0.09700137400886487,-0.07445210825911708,0.002863963992751076,0.2772065167277591,0.11686470349253882,-0.018037404081856237,0.4074954237744617,1.0,0.014871249435104329,0.11983731004669804,0.17039079368412405,0.1965973880137127,0.1630058383964723,0.1894735400585209,0.0892813614099796,0.06657689200107729,0.07864078113088689,0.2821465579023769,0.19325959637918994,0.14194835370000958,-0.07255405880392757,-0.06070288998342973,0.08850534311420707,0.0008271442070234221,-0.08688118246929022,0.1284858057124076,0.03922361651914711,-0.004420565397800673,0.004311009873691611,0.07976189932760297,0.11436409865474946,-0.002297014155486678,-0.0023116215587012192,0.21423126258176722,0.156758434634153,0.2185377076419543,0.04633559595922709,-0.0465948773662852,0.09255615861813965,0.10062309704337029,0.10172047820986274,0.01252037048026403,0.12093834306399412,-0.12473809382517677,-0.12186591316811751,-0.3402274190087964,-0.11703268862950604,-0.3204416913546997,-0.05959364030182547,-0.06539460530340033,0.1700246956410596,0.28923297438683143,0.28769006742229547,-0.05319011991765076,0.05552913035737925,-0.017502407939123648,-0.16252288112769153,-0.04915482477963363,-0.21032743407268095,0.14621280247595483,-0.001090077464885172,-0.21222730945327228,0.001986606837177667,0.1430128682092693,-0.09722870172139117,0.058152985159791296,-0.04798440659706848,0.10089881177904476,-0.08985378902344944,0.14300282561955932,-0.1537885669680965,-0.058057124076195864,-0.2721651366933404,-0.1384033195323805,-0.2745990952539634,0.14055882446922632,0.004228843230609814,-0.0840646925369864,0.06278079309069828,,0.16183176836310353,0.027447310640123797,-0.0981699662660282,-0.2253465834653325,-0.06396764460187979,-0.11089849224209945,-0.0703821205384654,-0.13506644086055863,-0.15047999014000282,-0.10267178534420976,-0.16825537392669823,-0.10942131859202893,0.10677920453559869,0.01617496017200217,-0.01260710193685037,-0.052050742466916516,-0.08597369754458682,-0.14932783121145585,0.17213637836826176,-0.12907831850529747,-0.13137350673538234,0.015455545563685995,-0.044014844773516776,-0.05663655411358169,-0.14553994896538502,-0.10629076949061246,-0.18175352745963563,-0.011457681896406122
#53,0.12861544641593667,0.027858143855532782,-0.05305134958711262,-0.06661249754641274,0.12724965421537704,0.16474320641630186,-0.12126792259902222,0.19388771471741523,0.11298461201367618,0.014329862553465378,0.014871249435104329,1.0,0.3390003971387749,0.07518978212145143,-0.1298552497637709,-0.06283191900194918,0.09234252534612698,0.03018711170555127,-0.290148675975843,-0.015042886422875193,0.023288765537483967,-0.19466647190129047,-0.20226232157285215,-0.06781669534891152,-0.07311644382768742,-0.006251055613122926,-0.0195702684566822,0.04899505630697458,0.15850401931829075,0.3273217782687488,0.11474389113832754,0.03547042685571081,0.10166387452240638,-0.05729662614633879,0.244162744731064,-0.041124404862439345,0.03440226049564745,0.042678267379386216,-0.1086553428859664,-0.13087959391419063,-0.08585501239346867,-0.023538917317532992,0.0892722317829705,-0.020107090524816608,-0.03345277928670224,-0.06031761972364619,0.019373981475986797,0.14345382919380828,0.12336225903490713,0.11777218841724221,0.08795665253096084,-0.01302158700306299,-0.04620960710650166,-0.19277937799851186,-0.02451122259400092,-0.2328611794565133,-0.023736117260929303,-0.20726079236032813,0.14136679645953065,-0.07628168551173842,0.16847174608681362,0.05421081221726686,0.20765245335901802,0.03692568940095953,-0.05584045063838917,0.08753303783773914,-0.13032359962933715,-0.046821292116110594,-0.07997735852501746,-0.11319824528568885,-0.057159681741202464,-0.1286373575207585,0.1086662984383773,0.014571797669206224,0.17829978956209744,-0.028954612059324317,0.026779021943058517,-0.026954310781633017,0.0216837771092862,-0.11833183455289935,0.2065788092227492,0.2416977454386101,,0.2765354891425911,0.2655142034172194,0.1418479278029096,0.09292682147470865,-0.1335554875905545,0.052765592261728146,0.10517786795820457,0.23249325548804703,0.06341804105593266,0.25005683192813155,0.031773840879730855,0.035775356397814366,-0.035975295229313406,0.07960395678034574,-0.08328867424121388,-0.13493314830622594,0.023957054234549247,-0.2057114946568858,0.014570884706505315,0.09551233184368253,-0.04937667471595448,0.05402091597547782,0.13852017875809683,-0.00021454623471358077,-0.06479113695809957,-0.011980809524026895,0.11883487700110013,0.10273660569597429
#54,0.10644688611246787,-0.04217248604308271,-0.05397252895232965,0.03316610899861686,-0.00636700187613835,0.11830992344807753,0.036318569204855135,0.23021450058657852,0.09850045876375721,0.21751610237963728,0.11983731004669804,0.3390003971387749,1.0,-0.03609945815663701,-0.009959510104214692,0.033983210615930286,0.3882182163447712,0.11265229359054536,-0.02750756617838378,0.03168710942314452,0.13268178228578473,0.02320477296900035,0.05546431000561472,-0.06429631117420698,0.05060917436218143,-0.02278481012658228,0.11527340950485468,0.05758329643442417,0.11539209465597283,0.13380107455709897,0.2654649034313703,-0.009313132511971224,0.16515677851981359,-0.1158522278572309,0.2527117274623745,-0.19187828381271482,0.20141052737290419,-0.20860376049336504,0.15829951567328718,-0.0792816809469249,-0.17754750829654856,-0.03999507000141509,-0.049270771042649056,-0.13290180629670376,0.09958871030324055,0.047187390159175044,-0.09298251219946409,0.02567616300036062,0.0240757393856674,0.050278681864452425,0.057554994590696,0.2334892977947386,0.15876421368804977,0.07193689601811318,0.12171070950896301,-0.05700082623124432,0.11312794715771887,0.03849872413462548,0.1472910114257282,-0.13628250717816923,-0.1566424883711376,-0.25575828399530737,0.10838328000109555,-0.0035779008248618,0.0006016424198989351,0.028727284346798013,-0.15080226597342367,-0.09390643045278385,-0.11498308736596566,-0.1690149588938544,-0.09100868684009915,-0.17354507981576411,0.0016259865703186697,-0.029283278631651505,-0.01666887299319386,-0.0824971355795259,-0.17972492433821616,-0.0634938169601081,0.1476196779980554,-0.13908712859536124,0.005488731757864032,0.09777739230463739,,0.2629067819434237,0.05556290997731288,0.026739764546919436,-0.04623699598752893,-0.10594110477616436,-0.11000378879520877,-0.027419008796395625,-0.05578110806283009,-0.12098033934823593,0.18334482144731978,-0.07427134164433712,0.007573025604038947,0.00972213980197839,-0.18293033638110714,0.07946153459900396,-0.22471207438820087,0.18416101010193228,-0.08012434551986379,0.2510583520110286,0.06763136392062702,0.009144234412303085,-0.1830079382106844,-0.028766541742937093,-0.1648810637841391,-0.20157212177096503,-0.12400954958985151,-0.08018642698352559,-0.04048898282260678
#58,-0.06603185326863471,0.0383563019532837,0.013456157248695604,-0.2187641223917797,-0.007248923845216304,0.0856002957999151,0.23577261750971165,-0.030844444850205644,-0.0009303089922261226,0.046018797902011715,0.17039079368412405,0.07518978212145143,-0.03609945815663701,1.0,0.11600286670288085,0.10725942291627676,-0.01923703707085047,0.05966576435519727,-0.18312571039910164,0.0012133274295078674,0.09912401228847795,-0.030917481866278355,-0.03604559335728339,0.07005345396613821,-0.06700050669429901,0.0786106533617569,-0.04336938014397422,0.016894374780318352,0.017687739367408143,-0.11959172308015356,-0.024020961623612867,-0.010882515394833545,-0.09841372730717086,-0.09049286291408565,-0.16313456613730046,-0.21148324485203157,-0.03519379915733543,0.02284050085133772,0.11556738349454733,0.11096970333277034,0.06795637864215058,-0.1287405223059612,-0.02468651143257542,-0.11300195830499345,0.028078167866451818,-0.07313013826820106,-0.11762154957159225,-0.06459028516389963,-0.15524382951334523,-0.04105593265987118,-0.11205795487225369,0.03281827020957059,0.04923333957191179,0.07742654073867812,-0.003266580543851881,0.0035222101001063603,0.07838149972382878,0.07560152829956132,-0.014661268013895293,0.11235466775004907,0.07295667535502837,0.12036317656242154,0.12269488330054276,0.3128330602053253,0.047799075168783976,0.1053568086475827,0.327019587614748,0.26514627944875313,-0.06504767947705496,0.11136684210766569,0.11202600117772188,0.09157198482655991,0.15084243633226366,0.141673551927036,0.039593366413015196,-0.015344164114175116,0.15212149707623696,0.04878507488576554,0.18478821547745666,0.09203394395321979,-0.006210885254282936,-0.1345570076734515,,-0.060034601286364446,0.15031017907763378,-0.01880520571332058,-0.02311073781080674,0.13951804699019021,-0.1564671995325631,-0.04003615332295599,-0.19525076802987215,-0.042964937667471594,-0.12486590860330402,-0.17122706751815656,-0.18789776643675224,-0.03964084047346245,-0.15015132356767563,-0.00437491726275523,-0.03394577914519303,-0.1378381956205179,-0.1325357082536393,-0.02329424331368942,0.0057343187244085145,0.07056380011594626,-0.08388301295950554,0.06161037490813313,-0.05616455239721181,0.05766272418940324,0.09523479118260623,-0.14068481332195173,-0.07341680855628643
#101,0.12724782828997522,0.09047460366006747,-0.44416730954456857,-0.268032154546326,-0.29122505900021456,-0.15427517608768093,0.06797189900806602,0.3548485166638517,0.12567296763090743,0.14261755535977577,0.1965973880137127,-0.1298552497637709,-0.009959510104214692,0.11600286670288085,1.0,0.3630058383964723,-0.08648495665709577,-0.34603933956278216,0.6069202572728891,0.11668484984045976,0.5907772507954188,0.36566895059502347,0.3265311525697618,-0.08013986588577923,0.2298602710586259,0.04866273788384375,-0.22211104365331155,-0.48232549859175505,-0.031868789000625376,-0.10672351381084326,-0.20017802772667723,-0.14561846375766319,-0.3940109646820379,-0.07945149200929397,0.0171673506278901,0.015639051066568675,0.45338275504754255,0.20483778935211602,0.015586099229915962,-0.1048418976842701,-0.024973181720660802,0.12366079783810432,0.1459918655023349,0.22622850543441048,-0.010922685753673533,0.23803311315716197,-0.43941625164903886,-0.39176690236320394,-0.5047642958546928,-0.6144923699142272,-0.506966361889285,-0.38236703839464636,-0.422958273039755,-0.1322764268465812,0.3158221000881009,0.331927675094834,-0.1562517403351486,-0.06360519840961898,-0.22742266064719927,-0.10090611548065204,-0.4057617076054358,-0.32147699105753036,0.1816074534274902,0.12040334692126153,-0.4289847398284543,-0.16960747168674423,0.058164853674903115,-0.03508241770782455,0.4777141239894644,-0.0576170760543578,0.06985077624653645,-0.06471809994202687,0.29867026982612627,-0.07442563234079072,0.06918431347487299,-0.17747629720587765,-0.2811569063345917,-0.4797326845211739,-0.024920229884008088,0.04647984406597069,-0.025806716666590585,-0.15518266101238434,,0.07679933536315374,-0.2643109185774215,-0.17744343054864495,-0.37335061876047054,0.012856340754198487,-0.20190991797030133,-0.019860590595571218,-0.2741389620527053,-0.22738888102726562,-0.04682676989231605,-0.0892521466035505,0.030758626356320214,-0.012839907425582128,-0.23565210643319168,-0.34395413275390635,-0.2667941771238936,-0.27982032894046116,-0.4467053458530952,-0.3469860818836246,-0.30843440591234644,-0.4283420140870145,-0.22887518430434525,-0.48001022518225017,-0.29439121364696647,-0.28781149146151636,-0.1860261928998891,-0.15510323325740527,0.06760214911419794
#102,0.1548485166638517,0.08176220060529427,-0.012425422359369508,0.06370379838131714,0.1007983858819448,0.04157632139938923,0.1897401251671863,0.23146160763602003,0.20838921425865145,0.15408254095778917,0.1630058383964723,-0.06283191900194918,0.033983210615930286,0.10725942291627676,0.3630058383964723,1.0,0.13151045114051865,-0.02558030191676519,0.154014068755221,0.14687196154601104,0.03496281959400549,0.3015807949166237,0.1114910050349893,-0.01673551927036021,0.045490192498185485,0.04826194725814477,-0.19392423322545158,-0.28274728735957494,-0.1895648363286118,0.08098892119762448,-0.06882278024531308,-0.0028995695380865214,-0.21152250224817065,0.07884984958939502,0.011615624443663354,0.030607987510670252,0.13004605896826085,0.34378066984073363,0.157139140080432,-0.005175585551452295,0.05811737961445585,0.06528322385388945,0.26778930646788424,0.3039188923936513,0.05205895913122469,0.33396540784326256,-0.24410614104360767,-0.2314479131955064,-0.24847740645555927,-0.34248243688004126,-0.2792479013269913,-0.10567725855560171,-0.15324444119835484,0.06065724184838429,-0.044936024138733814,0.13884154162881676,-0.08865963381066067,0.08547704583529239,-0.31571254456399184,-0.2154874992582178,-0.24033834397695683,-0.16894557372858532,-0.071217481409797,0.08327315387529842,-0.14466989551141887,-0.1437039809738573,0.10176156153140363,0.09389547490037295,0.1799650335285552,0.00886943263932952,0.101016583967462,0.03681430795144865,0.12238173709413101,-0.06703337335153173,0.057675505667215965,0.003398047172782756,-0.22878114914615164,-0.28406195364888365,0.11847699562234384,0.2724134625479876,0.011548978166497009,0.16099001675286556,,-0.08292714101165397,-0.10955004633285707,-0.2312306280726901,-0.3457563211255004,0.28876462452126517,0.02568255373926698,-0.033044684959395984,-0.06816818598876143,-0.1030369704245733,-0.008306134652868757,-0.13688962737427363,-0.11314346752363433,0.1891211364559701,0.0778063332222562,0.02715790146393569,-0.06568218855418662,-0.18263271054061087,-0.1523424340498569,-0.124204923607846,-0.06763045095792611,-0.053869364167126954,-0.12217997233723016,-0.14126363167432796,-0.12771343926743872,-0.12864374825966485,-0.06216636919298662,-0.25974884396097997,-0.21339133689693107
#201,0.1902650787202089,0.1369991828983827,0.1773868268611886,0.31223506963623,0.15864552853693162,0.18002072425331064,0.16037924470595755,-0.0013657922005596462,0.1663135022618651,0.3784403858180374,0.1894735400585209,0.09234252534612698,0.3882182163447712,-0.01923703707085047,-0.08648495665709577,0.13151045114051865,1.0,0.3076401283625557,-0.04212136013183181,0.06668736048788727,0.07525825432401959,0.01916582598017958,0.05807264444211132,0.11517663545855834,0.1205339005874915,0.19093519334267597,0.14642095797176205,0.09851597912967265,0.07188942195766591,0.10126582278481013,0.30627890097550065,0.14482236028247067,0.3308421624434534,0.22509917057338621,0.1435679495314219,-0.04878963969927009,0.046645090314835186,0.0329433460995951,0.12366444968890795,0.06523209794263855,-0.13850009357867685,-0.012144229847489581,-0.22768194205425737,-0.15339051523050026,-0.06295151711576824,0.07453244897679705,0.0019400457394313155,0.03836999639379733,0.112595689903089,0.15435825569346365,0.16930984584624795,0.2892713188202696,0.2769609297612146,0.1893804178630282,0.05017825596735245,0.0766724335477274,-0.009071197396230376,-0.05749108720163238,-0.2257245500235088,-0.3318966343630031,-0.05007874303295339,-0.10851383366732552,0.057724805653065044,-0.21915304450236686,0.15626452181296133,-0.03663354133666869,-0.06664992901715,-0.0556167747766665,-0.023369106255163946,-0.037507246641438466,0.14799490566812892,-0.01052006920257273,0.03390104397284849,0.06590312552780656,0.0023161863722057636,0.06781760831161243,-0.029775365527441377,0.025911707377195104,0.12639512112732634,-0.014104360766340892,-0.1279791114134032,0.03066550416082751,,0.04723760310772503,0.15660870875120397,-0.026582734962363113,-0.22726928291344656,-0.3058078122218317,0.09091282575650372,-0.04359762081920143,-0.09541281890928346,-0.3598807670712613,-0.17674684000785149,-0.2541761196346323,-0.343126075584182,0.3797084910095998,0.15139843061711714,0.2301076839505722,0.03181401123857085,0.056294193100740866,0.1250384585537758,0.2956364947710061,0.09883095126148621,0.09517910045785079,0.11189088269798737,0.0823419319203714,0.0776301314209808,-0.06489247581790046,0.07883524218618049,-0.3218668261308184,-0.324635842002675
