,#10,#11,#12,#13,#17,#18,#26,#49,#50,#51,#52,#53,#54,#58,#101,#102,#201,#202,#301,#302,#401,#402,#501,#502,#601,#602,#701,#702,#801,#802,#901,#902,#1001,#1002,#1101,#1102,#1201,#1202,#1301,#1302,#1401,#1402,#1501,#1502,#1601,#1602,#1701,#1702,#1801,#1802,#1901,#1902,#2001,#2002,#2101,#2102,#2201,#2202,#2301,#2302,#2401,#2402,#2501,#2502,#2601,#2602,#2701,#2702,#2801,#2802,#2901,#2902,#3001,#3002,#3101,#3102,#3201,#3202,#3301,#3302,#3401,#3402,#3455,#3501,#3502,#3601,#3602,#3701,#3702,#3801,#3802,#3901,#3902,#4001,#4002,#4101,#4102,#4201,#4202,#4301,#4302,#4401,#4402,#4501,#4502,#4601,#4602,#4701,#4702,#4801,#4802
#10,1.0,0.25862224798805844,0.43749629108902754,0.5602085206808876,-0.10513404574856094,0.20324284351362826,0.1298022979271182,0.624020048660912,0.06871413768390493,0.4890339485180333,0.3590015839902861,0.055683421053832845,0.09879078090264622,-0.08701721391172564,0.12494259747018036,0.17245591531357987,0.381369170162553,-0.13410052632299707,0.1256693157801038,-0.15354571888965476,0.11986835077852895,0.1420204777533814,0.0795272679134694,-0.014906854980439773,0.22908151387475065,0.03150634280836456,-0.05815572404789402,-0.22056539780067286,-0.0659067773786102,-0.12897058890659022,-0.1763962623307025,-0.3353485463351395,-0.052065349870131054,-0.2754171098339777,-0.03065728749651933,-0.14219667955465679,-0.01776442823428449,-0.08801051733031447,-0.13590454061999296,-0.233685584775434,-0.09356772129074667,0.062492296877211084,-0.28791830809752267,-0.010250745205804617,-0.03300268867515418,-0.023508789548403,-0.26781304349810786,-0.24911556738349455,-0.41800362446192263,-0.3119319660195283,-0.17382444640224223,-0.015911113951439515,-0.06954128189092834,-0.010234311877188257,0.21875955757827514,0.1716141637033419,-0.06704706779204536,-0.2411417511537566,-0.07917303838551676,-0.3178881346802576,-0.12333487015387987,-0.22123186057233632,-0.03900815732173262,-0.2788790643958241,-0.07177256273194958,-0.023275071096970332,-0.07460092117936522,-0.14320915518996472,0.07774151287049168,0.04972633943040257,0.03132740211898643,0.21947988514929223,0.3370119643761954,0.08424637211446727,-0.08534557920636153,-0.03146708541222548,-0.20196104388155223,-0.031153939205813747,-0.00026658510866538546,0.12191247426586387,-0.2768778501554319,-0.11258199546257537,,0.0935923712836712,-0.2443553798609558,-0.2509369279718077,-0.39285697982808915,0.013183181401123857,-0.05158056667594845,-0.10907621869108537,-0.12732177826874883,-0.1520767619038924,-0.11178863087548559,-0.14571067299045498,-0.11807620499664487,0.19085028781149146,0.003286665723271876,0.12648276554661358,-0.06291408564503097,-0.10187476890631633,-0.01627995088260669,0.1980718227756805,-0.3367207292746055,-0.18942332710997092,-0.2287455436008162,-0.0015575143677505055,-0.18991906585656443,-0.43909397581561804,-0.0038709618518535426,0.03157390204823182,-0.05759060013603144
#11,0.25862224798805844,1.0,0.40804867917121246,0.32722043940894796,0.11453208379171669,-0.01684690071987109,0.21068896730224088,0.31735405150022594,0.2773306796550827,0.1987337207338394,0.29539273372986347,-0.033444562622394064,0.08235836524898775,-0.00840747351266964,0.07644967064870564,0.23124614843860555,0.2763729817818293,0.3307106958145225,0.057659072338599605,-0.10902965759333902,0.07917486431091858,-0.022681645341379578,0.24812956766651298,0.10829107076830376,0.39820328940461136,0.34618450063222667,0.22488736322677538,0.012269305737514094,0.15571035345350967,-0.010120191539574651,-0.11108473663308485,-0.19913085950873477,-0.08063286574427002,0.03956049975578248,-0.21864452427796063,-0.20393486924091717,-0.14869788694782873,0.016772950741097473,0.08228258934481232,0.16255300889682153,0.1286893963947103,-0.0833425390405675,-0.37005117155938594,-0.11572076122830002,0.028535562179607152,-0.04705135871673963,-0.22453313369882275,-0.2454600647290555,-0.13541062779880128,-0.21111897273436894,0.0034619545618463756,-0.06775004907174517,0.227675551315351,0.045395244377290964,0.17202134506794725,0.05003126897250613,-0.05332158654658164,-0.21621239164273945,-0.0032145416699000764,-0.07948070681572304,-0.07849470709874148,-0.10211487809665536,0.00028301843728174484,-0.06906928017455846,0.07512313584428508,0.04416457065646583,-0.06609849954580106,-0.15093373260235454,-0.00827144207023422,0.0005669498372643985,0.1616537406364263,0.16120182409947642,-0.016239780523766702,-0.11935070092711363,-0.34227336842153316,0.009755006459211108,-0.234777488165721,0.0480903102703739,0.046351116325142536,0.28717424349628196,0.07331638265918645,-0.005705103917979431,,0.0835388260212629,0.002601943697590235,-0.25329054581475074,-0.221715730803818,0.09160576444649354,0.04079482532741125,-0.09825121994640909,-0.0700205873089055,0.12895689446607658,0.09930112705245427,-0.04124491593895931,-0.026638425687118553,0.36903504407327437,0.08467637754659534,0.18117288318185762,-0.04947892653845627,-0.05092049464319135,0.13415713001045343,0.22485449656954265,-0.13941853405579116,-0.03882921663235449,-0.14785157052408623,-0.13789114745717063,-0.12380504594484792,-0.21317313881141386,-0.08006774183240743,-0.02118438651188906,-0.023249508141344886
#12,0.43749629108902754,0.40804867917121246,1.0,0.5825724550023509,-0.15267840432379134,0.1214824688337358,0.2170331451108565,0.3093245445457326,0.013735523835173714,0.3591476580224315,0.07585441896771307,-0.08597004569378318,0.18475169696942031,-0.19738253593649432,-0.09278896410687142,0.05602486910397276,0.5735578612935769,0.4093222621389803,-0.014808255008741618,-0.2918203106812071,-0.035580895342520784,-0.010565717337618172,0.16802895917687283,0.14892795354845778,0.22763994577001556,0.17220576353353084,0.2554734396326238,0.1839263786877987,0.13473594836282965,-0.038959770298584454,0.14280745160156483,0.0247768947399654,0.19160348203974126,0.18120209798828668,-0.239385210917208,-0.27372904179999724,0.13940940442878205,0.027156075538533872,0.08068307869282,0.2601578512509871,0.03640164881063784,0.04931550621499359,-0.27326799563603826,-0.22750026247677652,0.05618189868852908,-0.03534169911488266,-0.15443403159763908,-0.057580557546321444,-0.04580881648080268,-0.06541925529632486,0.23245217216650613,0.3019888892439299,0.4054366928839122,0.3037381257788713,0.20400242848078443,0.07486933221343242,-0.15495898515066167,-0.46057142335449885,0.056371794930318124,0.04846006016424199,-0.08118520817831988,-0.05950508291983731,-0.3001218805205713,-0.17980343913049432,0.2390583702702826,0.1207612283000178,-0.21721391172563645,-0.19628606773270277,-0.05119164456536128,-0.07694723532070097,0.21628634162151306,0.2601724586542017,0.009196273286254891,-0.02215303993755335,-0.47924424947618766,-0.019824985050235774,-0.3104675738472705,0.13325147101115184,0.011874905850721469,0.2126198834146631,-0.2166004007906257,-0.03508333067052546,,-0.01306997402621116,-0.31003391656433876,-0.2568857929309298,-0.2883683987090707,0.017063272879986487,0.20338617865767095,-0.1750158627269283,-0.11159964759639746,-0.04186846946368006,-0.005431215107706775,-0.021035573591640915,-0.1265028507260336,0.47948161977842396,0.08287692806310398,0.4359542970871925,0.24637120150456254,-0.01642419898935029,0.3873600314059169,0.48876097267046154,0.09481026352668362,0.19058005085202245,0.10470586624183469,0.12995293677276815,0.1485381184751697,-0.21763387456805453,-0.15694833087594207,-0.06411554455942703,-0.1886162680823675
#13,0.5602085206808876,0.32722043940894796,0.5825724550023509,1.0,-0.08209725791652782,0.1329702784992719,0.22766185687483736,0.336445014538931,0.007632368179598023,0.5926953854300283,0.23257724805653066,0.038421122305048225,0.21122396344497346,-0.05580393213035281,0.11246696216226086,0.10146484865360826,0.5288792926364994,0.09391921193059657,0.24113170856404662,-0.1568059086946003,-0.020453103388461066,0.0007258053472225392,0.033124112714375056,-0.09220284205288792,0.21810313739632167,0.11351869519370786,-0.006814353599583689,-0.07115996475963975,0.11175667718095378,0.07446580269963071,-0.07474151743530517,-0.10289820009403516,0.03625557477849242,-0.060011777218841725,-0.08213377642456418,-0.07716725933162001,0.10519064943601729,0.006426344451697426,-0.05701360770905704,-0.01959491844960674,0.06092017510624603,0.08886413745566425,-0.4526423422971054,-0.10287446306381152,-0.18239442727567365,-0.12906005925127928,-0.22208274180958337,-0.1902760342726198,-0.28753303783773915,-0.2948686931395418,-0.051443622270812124,0.04664235142673246,0.06381061501732346,0.030884615209045636,0.17294800220936973,0.07384316213761087,-0.133029621074831,-0.381228573906613,-0.02664207753792219,-0.2710120648020925,-0.13978006728535106,-0.15984059671242132,0.020896803261102766,-0.19730584706961798,0.06601724586542017,-0.00337887495606367,-0.06534256642944852,-0.08563681430795145,0.17221763204864265,0.17932048186171354,0.16547266361432802,0.29303911588692044,0.17414854816106487,0.024340498568930967,-0.18764122391779683,-0.013812212702050058,-0.2209314958437373,-0.035237621366979055,0.12012580626018524,0.2886112467875125,-0.37250612826212987,-0.1487736628520042,,-0.031312794715771884,-0.30213313735067354,-0.2788160699694614,-0.3821826199290628,0.03748533553661665,0.015161571573993345,-0.18250672168788545,-0.16635732447150872,-0.14809898341603253,-0.1048921106328201,-0.11231358442850817,-0.19539501613661575,0.2638042242784171,0.12252963705167826,0.2699603317706455,0.04039951247791772,-0.0018167957748086202,0.15946628200504867,0.262022121086243,-0.17775383786695395,0.05059730584706962,-0.013520064637759224,0.06403794272984978,-0.10977828700808429,-0.35786038061415,-0.20805598287281973,-0.08500778300702524,-0.14316442001762017
#17,-0.10513404574856094,0.11453208379171669,-0.15267840432379134,-0.08209725791652782,1.0,0.4191393500618532,0.036440906206776924,-0.11832909566479662,0.17350673538232594,-0.04594393496053719,-0.020318897871427464,0.38747780359433415,0.21785298561627264,0.33649157563667736,-0.3451574175937042,-0.21061227843536454,-0.3080792634216929,0.22226898620056879,-0.09235713274934153,-0.03023458576599853,-0.4978075200737674,-0.36022951882300847,-0.1884921051550439,-0.011124450510574391,-0.1249992011576367,0.09574331140701246,-0.24128417333509838,-0.05215116836401649,0.18084512957223134,0.32427522173581597,-0.004670717177849699,-0.034253447575399304,0.10696818781468682,0.18288651417146354,0.22841505110308719,0.3313086863836178,-0.09874878461840442,0.02919837310046698,-0.016270821255597603,-0.03240287218065706,0.250573568816846,0.1121611196574564,0.13506644086055863,0.2503654133210388,-0.14490087507474883,-0.13279864151150106,0.06748802877658433,0.048419889805402,-0.057387922416429676,-0.0648340462050423,-0.07400749542377447,-0.0877558007367609,-0.22160617527970894,-0.34825327411248613,-0.4457421702036363,-0.36403109550959295,-0.028437875170609906,0.04905074703173002,0.18308097522675712,0.08543322362564877,0.33693527550931907,0.4181369170162553,0.389071836470121,0.44355197268415597,-0.05589888025124733,-0.08341922790744384,0.4235033117721975,0.09758658310014745,-0.059335271857468265,0.044998105602395616,-0.0025754677792638784,-0.1890407957382901,-0.38707701296863517,-0.20966827500262478,-0.0907037572979956,-0.12547028991130568,0.038981681403406264,-0.15117201586729173,0.22498231134766988,0.24179178059680373,0.3249772900528149,0.27400566949837263,,0.25911707377195103,0.6302802339010439,0.2999420268684923,0.39386123879908885,0.30164835415649094,0.09952388995147603,0.4705418890111244,0.18252954575540817,0.17603472910114257,0.010173143376227364,0.2684612470157532,0.16094436861782013,-0.2931158047537968,0.18524104497710747,-0.06705071964284899,0.07650536137346109,0.22621389803119593,-0.0639995982964116,0.01107697645012713,0.12045355986981152,0.24243633226364536,0.1727270652357498,0.1872130444110706,0.02414512455093647,0.32237717228062646,0.30394628127467854,0.2458005998164945,0.38956209744050907
#18,0.20324284351362826,-0.01684690071987109,0.1214824688337358,0.1329702784992719,0.4191393500618532,1.0,0.2944898136186646,-0.08122081372365532,0.1032013037107369,0.17098330647701387,0.19723920079245164,0.27342776410869735,0.35478187038668535,0.3591275728430115,-0.20348569159207,-0.07752331478497446,-0.14234001469869947,0.27667699836123194,-0.07787663135022618,-0.06910123386909028,-0.39695435642976806,-0.1841728786170441,-0.15571857011781784,0.129032670370252,-0.15483482222333805,0.08950503727170227,-0.06197647295119758,-0.05373424568739244,0.1324937119693975,0.24852944532951107,0.10729959327511675,0.08613985675615222,0.1171422441536151,0.14961358853684031,0.19669416206000903,0.25483253981658577,-0.1649750989423327,-0.040269871774388656,-0.051860846225127474,0.0241168227072083,0.1055731808076981,0.100365641561714,0.035131717693673625,0.1984306171171377,-0.1523351303482496,0.1031392222470751,0.12215440938160471,-0.026431183154012244,0.015943067645971323,-0.0986346642807908,-0.06225036176147024,0.07917303838551676,-0.12331204608635714,-0.18539442271086015,-0.23584017674957888,-0.08867789306467884,-0.13052992919974254,-0.02921480642908334,-0.002922393605609243,0.006723970292193712,0.11861211410207836,0.1602213021587003,0.37845864507205557,0.2625187727955374,-0.012324083499568626,-0.0608653973441915,0.3382152492159933,0.13460356877119786,0.019075442672789603,0.20244126226223028,0.015597054782326867,-0.059318838528851905,-0.09435834698973374,-0.1341443485326407,-0.011805520685452396,0.027112253328890248,0.02051244596402014,-0.08192653389145786,0.268763437669754,0.36755330560969934,0.27348162890805094,0.5524967247463105,,0.26020076049792984,0.4130252388538666,0.04677838286916788,0.13886071384553583,0.11095327000415398,0.19473859595466228,0.19625228811276915,0.298713179073069,0.038898601797623555,0.07370621773247454,0.049403150634280836,-0.028152117845225432,-0.34705911889969737,0.2689825487179721,0.06701146224670991,0.17909589303728995,0.06759393244988976,-0.11325941378664975,0.1836470121013206,-0.03026562649782943,0.14487074730561883,0.27865538853410143,0.21586090100288952,-0.053232116201892575,0.11590974450738815,0.09288939000397138,0.05632614679527268,0.16711417055056216
#26,0.1298022979271182,0.21068896730224088,0.2170331451108565,0.22766185687483736,0.036440906206776924,0.2944898136186646,1.0,0.10551292526943812,0.07462191932148612,0.4023326197008221,0.22087671808168277,-0.03719227450962491,0.2916705847982581,0.20577083723244488,0.15258254324019593,0.23771266324914295,0.09681330369247765,0.23086909484313017,0.05549261184934289,-0.038793611087019036,0.013689875700128272,0.08009239182533198,0.04588276645957629,0.09329657136857673,0.11939452313675725,0.12333213126577713,-0.008514290148675975,-0.19129307472143225,0.1169459571729197,0.08500139226811888,0.025448835287834315,0.08492744228934528,0.13046054403447346,0.018031013342949875,0.055817626570866447,0.04590832941520174,-0.09839820694125541,0.02358730434068116,0.0427695636494771,0.018309466966727073,0.1678618870026065,-0.041456723285570166,-0.19066130453240332,0.05247800901094186,-0.08267698923160494,-0.1315031474389114,-0.10582515851314894,-0.1808944295580804,-0.15362423368193293,-0.18264001424221812,-0.17441604623243118,-0.08051326763045095,0.07021230947609636,0.013257131379897475,0.04163840286305103,0.08807898953288264,-0.10035377304660219,-0.260389743777018,-0.14286131640091845,-0.19102101183656142,0.05349961427325887,-0.042145097162055445,0.04989249864196798,0.22482071694960903,-0.07480725074977061,-0.11997881926533892,0.04427777803137853,0.30985771476306334,0.15999123555807127,0.18435181930642225,0.232313401835968,0.06695577152195448,0.12942798321974555,-0.07290920129458112,0.008280571697243309,0.20056603687456348,0.11604486298712266,0.18351919732319336,0.21353467204097376,0.2768157686917701,0.16759712781934294,0.1272761301337034,,0.15672648093962122,0.027769586473544623,-0.14726636143280367,-0.2067340128819037,0.024062044945153765,0.07646975582812564,-0.023608302482802067,-0.004520078332199738,-0.13325420989925457,-0.00900455111906403,-0.19198236156061843,-0.18489229322536027,0.0929414288779232,0.16326968461703498,0.2177461689802663,-0.022212382513112427,-0.06982064847740646,-0.07648984100754563,0.07490493775876786,-0.056188289427435444,0.11011243135661693,0.15617961628177682,0.1499723828782975,-0.042749478470057105,-0.05978353654361451,0.11235101589924544,0.004037121063418954,-0.10965503704346159
#49,0.624020048660912,0.31735405150022594,0.3093245445457326,0.336445014538931,-0.11832909566479662,-0.08122081372365532,0.10551292526943812,1.0,0.2970862795400494,0.3732319336093524,0.38202559034450645,0.03757024106780117,-0.007989336595653384,0.08192196907795332,0.20537917623375496,0.1394769636686493,0.32024996918750886,-0.004294576545075251,0.20104625525524156,-0.12763401151245965,0.14141792237078155,0.027997827148771838,0.1732428891617633,-0.05631427828016086,0.35539264243359336,0.025106474274993493,-0.1733898761566096,-0.3844294211359995,0.11328406377957428,-0.18925077715949915,-0.1943186331122442,-0.38906544573121465,-0.13262243971022564,-0.36875293859869357,-0.04562896282872363,-0.23807510944140378,-0.08066025462529729,-0.18545376528641921,-0.21427964960491538,-0.351940730461457,0.012419031620463147,-0.07506835808223056,-0.18891298096016287,0.013366686904006537,-0.08467911643469805,-0.13142371968393232,-0.3533859504169957,-0.3218832594594348,-0.4707144389615962,-0.40171910876581135,-0.32181752614496933,-0.17129006194451926,-0.04960674131658351,-0.15303719866524854,0.34307860152373476,0.11445448196213943,-0.005507903974583119,-0.285010521895128,-0.1928871075972191,-0.35484212592494535,-0.01025531001930916,-0.13303692477643825,-0.12085891530901505,-0.33885067125582585,-0.15198729155920335,0.03538460836182538,-0.02139801978390173,-0.25637635974382267,0.3024974094683362,0.18996197510350715,0.3524355562453496,0.33065409212706615,0.3938639776871916,0.06354402990865808,-0.0991596178338134,-0.03040348386566667,-0.13050071439331346,0.060322184537150735,0.06142321755444681,0.033345049687994996,-0.07085594818023709,-0.20982895643798471,,0.2443590317117594,-0.2158380769353668,-0.22170934006491164,-0.3632906827591559,0.07967060305751208,-0.3224894666928383,0.13667690706496186,-0.17661628634162152,-0.17011599191115048,-0.1666366910579868,-0.2236019117438957,-0.11536105392414193,0.308038180100152,0.04047437541939224,0.10730780993942493,-0.1687255497176663,-0.16243432374570338,-0.10668243048930236,0.06955954114494653,-0.3231394961358854,-0.21506844937850064,-0.22805990861243364,-0.05852364801636029,-0.24171417876722648,-0.3918773708500139,-0.0643812167053915,0.0891891521771878,-0.047293293832480474
#50,0.06871413768390493,0.2773306796550827,0.013735523835173714,0.007632368179598023,0.17350673538232594,0.1032013037107369,0.07462191932148612,0.2970862795400494,1.0,0.09780386822296375,0.40528240218745865,0.1540323280092392,0.026167336933449584,0.29179109587477803,-0.05175859440262568,-0.14409838086064994,-0.05979357913332451,0.2616003323184231,0.05736692427430877,-0.09499285606686539,-0.09233704756992153,-0.2298210136624868,0.1194200860923827,-0.05988852725421903,0.20836456426572691,0.09540551520767619,-0.16720455385795213,-0.10992801289103334,0.2506274336161996,0.05045397070302693,-0.11203604376743188,-0.09782577932778556,-0.17394313155336039,-0.048542226807323785,-0.07479994704816335,-0.0061040686182766,-0.1692943254803325,-0.08956255392185952,-0.03457846229692286,-0.03505502882679728,0.08139792848763164,0.026426618340507697,0.022142997347843352,-0.183823213902596,-0.06524579238315219,-0.0137857367837237,-0.2193958925808086,-0.18553684489220193,-0.1455390360026841,-0.07702027233677368,-0.16683571692678495,-0.09644994453751592,-0.03911314803233714,-0.1744991258382139,-0.07189946454737592,-0.07251206251968575,-0.11107834589417849,-0.22172394746812618,-0.004788489366266941,-0.05032250407409605,0.23614510629168245,0.08907868369037783,0.10330812034674323,0.035291486166332674,-0.004371265411951594,0.07975824747679934,0.27125126102973063,-0.06298986154920641,0.11361090442649965,0.18069175183847863,0.3324234138414275,0.25467459726932856,-0.03587304340681161,-0.07309270679746378,-0.1079341023522484,0.07461735450798157,-0.016678002620202952,0.0334381718834877,0.18050642041019413,0.06719222886148986,0.16340297717136767,0.0999639379733141,,0.3283223853889449,0.20137400886486784,0.10272291125546065,0.029410180447077834,0.2197446443325558,-0.14363733469669096,0.12219640566584652,-0.012243742781888646,-0.0019153957465067764,-0.062164543267584804,0.03817005756229829,-0.03752550589545664,0.19970693897300826,0.19855295411905946,0.01436729402420264,-0.18560896894557372,-0.21194337805328964,0.010110148949864653,0.051250074178219446,-0.12488234193192037,-0.033976819877023924,0.00025928140705811463,-0.12233426303368376,-0.11983365819589441,0.015153354909685165,0.009224575129983065,0.07769860362354895,0.03609032852962792
#51,0.4890339485180333,0.1987337207338394,0.3591476580224315,0.5926953854300283,-0.04594393496053719,0.17098330647701387,0.4023326197008221,0.3732319336093524,0.09780386822296375,1.0,0.4551228619554748,0.11774753842431768,0.2483870231481693,0.06428444265909516,0.07427225460703803,0.039225442444548925,0.41050180994855456,-0.04877229340795282,-0.061615852684338585,-0.3001319231102813,-0.07635837437861476,0.011065107935015315,0.1410837780222489,0.11289605463168802,0.2680029397398969,0.0916021125956899,-0.0280042178876782,-0.09317058251585132,-0.008425732766687817,-0.12680504138003443,-0.12257893703752733,-0.0897351038723313,-0.05227259240323737,-0.06539004048989579,-0.1921220448538575,-0.26600446438760744,-0.205969863101243,-0.10935832416566621,-0.14162242601578512,-0.046696216226086086,0.020104351636713882,-0.06953763004012471,-0.2895634668845604,-0.16196597388013712,0.0073274386374944656,0.06584013110144385,-0.15222192297333692,-0.17182323216185003,-0.2875093008075155,-0.14783148534466625,-0.05978444950631542,0.16496870820342635,0.08458782016460717,0.03365728293170583,0.008180145800143335,0.002553556674442066,-0.08891982818041969,-0.2926565845152396,0.06357415767778807,-0.11299282867798437,-0.11846786599533476,-0.14651499312995567,-0.03987364596219421,-0.026300629487782275,-0.07154432205672237,-0.11701534233818878,-0.1130174786709089,-0.14915254237288136,-0.035592763857632596,0.04350358566100782,0.15374200587035017,0.22026320714667202,0.10646331944108424,0.003290317574075511,-0.17556911812367906,-0.09561184477808159,-0.21787763560919718,-0.020317071946025646,0.0966654037349304,0.1215746780665276,-0.1618390720647108,-0.08047035838350824,,0.1526427987784559,-0.2208593717903655,-0.20040444247650263,-0.3068695878429887,0.18420757119967865,-0.0768258112814801,-0.050751596543523216,-0.12047820986273605,-0.12391186258085427,0.0990464104589007,-0.05198683507785289,0.07114809624452793,0.28956711873536406,0.0651964923973031,0.20658702588705738,0.06374762059096076,-0.2283420140870145,0.021641780825044393,0.22755595320153196,-0.2010307348893261,-0.0676076268904034,-0.08589244386420593,0.021083960614789083,-0.12616779341480003,-0.3351476945409395,-0.0026558084969438575,0.050345328141618774,-0.023785417246778382
#52,0.3590015839902861,0.29539273372986347,0.07585441896771307,0.23257724805653066,-0.020318897871427464,0.19723920079245164,0.22087671808168277,0.38202559034450645,0.40528240218745865,0.4551228619554748,1.0,0.12068362647044055,0.07323512897880557,0.1876357461415914,0.1639735788594357,0.15386799472307558,-0.014068755221005445,0.10260240017894069,0.08852542829362707,-0.12078770421834416,0.047522447470408596,-0.036479250640215094,0.28932883547042687,0.11419520055508132,0.3261623156385946,0.17611598278152346,0.010137537830891918,-0.09799741631555643,0.1358351554547239,-0.05680362628784801,-0.2250863890955735,-0.18724956291910694,-0.224230030082121,-0.07808843869683704,-0.15789324727138274,-0.16923589586747434,-0.21966795546567944,-0.1433333181172883,-0.08938452619518229,-0.11082636818872765,0.1462301487672721,-0.17240387643962807,-0.18892211058717195,-0.16598940050304245,-0.032333487015387984,0.08766085261586638,-0.25937544221630826,-0.21580155842733045,-0.26486234804877046,-0.11399800061168501,-0.21741202463173367,-0.14765710946879265,-0.03480579000944917,-0.09758840902554926,0.09795724595671644,0.12981690533033272,-0.05049322809916601,-0.1789242560495191,-0.057905572267845,-0.17628761976929433,0.04656474959715521,-0.10706039704747862,0.05271446635047725,-0.01208945208543505,-0.05622024312196725,0.05202426654859016,0.04799992696298393,-0.12496724746310489,0.0637120150456253,0.03596342671420159,0.17392669822474402,0.18944797710289546,0.1802234019729124,-0.04767308631605856,-0.11457225415055668,-0.09214897725353431,-0.11348308964837242,-0.05760977235275053,0.15522557025932707,0.16160444065057722,0.15115375661327357,0.08878470970068518,,0.17289778926081975,0.03348655890663587,-0.14132480017528884,-0.11811728831818576,0.23601272670005066,-0.19355174444348075,-0.039043762867068066,-0.0018752253876667868,-0.05382919380828696,0.04496250005706017,-0.07114170550562157,0.048439974984822,0.1469203485691592,0.16025782066673666,-0.03322545157417594,-0.16773224629907746,-0.1638284177899912,-0.08717241757088014,0.005228537388105009,-0.25882857755846383,-0.26944998562083744,-0.08933522620933322,-0.16503352855519088,-0.32442586058146594,-0.20661258884268283,0.06921535420670388,-0.04998835972556341,-0.07268369950745662
#53,0.055683421053832845,-0.033444562622394064,-0.08597004569378318,0.038421122305048225,0.38747780359433415,0.27342776410869735,-0.03719227450962491,0.03757024106780117,0.1540323280092392,0.11774753842431768,0.12068362647044055,1.0,0.2493775876786554,0.37544586815905634,-0.21975651284766762,-0.373015561449237,-0.07066970378925169,-0.025216942761803467,-0.05788000931221955,-0.28585227350536596,-0.2640397686552516,-0.3926816909895146,-0.17039170664682493,-0.1898022066308481,0.0547092898519631,-0.1403305837939991,-0.02159613268999895,-0.08224424491137415,0.3874924109975487,0.18593124477899456,0.04328082276198606,-0.001993910538784938,0.1720989468975245,-0.07491589331117877,0.35705879936275203,0.05950873477064095,0.11028680723249051,-0.2121588372507041,0.15687894571067298,-0.1427234590330812,0.27439276568355797,-0.028825884318496166,0.2567798892576244,0.021917495560718866,0.15187043233348702,0.06680056786279996,0.03047560791903847,-0.04002976258404963,-0.12495172709718945,-0.12699311169642163,0.048303030579685664,-0.005768098344342142,-0.045923849781117194,-0.30543441047715997,-0.20168715507127957,-0.28623115302624313,0.0635878521183017,-0.13588080358976934,0.14666928382640929,0.031624114996781805,0.15667809391647305,0.1729525670228743,0.24268191923018986,0.19884692810875212,0.0014242218134178127,0.0644122574372224,0.27047706865935994,-0.129173266626192,-0.08264960035057768,-0.017972583730091706,-0.04564904800814363,-0.10047884893662669,-0.07788119616373074,0.02828358447415631,-0.04790132699128577,-0.15924808391953146,-0.008430297580192361,-0.18022887974911786,0.2254670945418525,-0.11645660916523255,0.218590659478607,0.3518886915875052,,0.29922535114827886,0.2834639630797884,0.29024362409673754,0.28350595936403017,0.4090629807319222,-0.10884432616505453,0.48186080057699243,0.0013603144243541931,0.25493113978828397,0.0033432694107282247,0.13522164451971314,0.17477210168578564,-0.11284401575773621,-0.13004514600555994,0.09847763469623448,0.04826012133274295,0.2572290669064715,-0.006429083339800153,0.07968703638612845,0.004456170943136118,0.20593973533211302,0.15480286852880626,0.24332281904622788,0.027107688515385704,0.1609818000885574,0.10995631473476151,0.12926364993358197,0.1000159768472659
#54,0.09879078090264622,0.08235836524898775,0.18475169696942031,0.21122396344497346,0.21785298561627264,0.35478187038668535,0.2916705847982581,-0.007989336595653384,0.026167336933449584,0.2483870231481693,0.07323512897880557,0.2493775876786554,1.0,0.2648459147201541,-0.052764679299027235,0.05070229655767414,0.11642282954529892,0.22835023075132266,0.0958400854533088,-0.2461530034190453,-0.2295736007705405,-0.17461233321312658,-0.07272021801549297,-0.0030547731972410267,0.08026311585040193,0.11433031903481583,-0.13532207041681313,-0.1125418251037354,0.3097034240666098,0.13138446228779324,0.10032273231477128,0.1409605280576262,0.05902212565105652,0.02276107309635865,0.21034843221480187,0.11997060260103073,0.07439915642246436,-0.014377336613912639,-0.05842230915655941,-0.020738860713845536,0.3289057685548257,0.08182245614355425,-0.003059338010745571,0.0003907480359889897,-0.13566899624315848,-0.06969465962468104,-0.23031857833448213,-0.18880707728685744,-0.24619499970328712,-0.20363176562421542,-0.15763305290162372,0.04243450633824355,-0.07906804767491224,-0.04455166684165118,-0.13460630765930057,-0.09175275144133986,-0.1528263042813386,-0.1314940178119023,-0.08101174526514719,-0.06740860102160526,0.041268652969182945,-0.005216668872993194,0.20829700502585966,0.15886463958514974,-0.09783217006669193,-0.26096217139048783,0.2291372045995061,0.19209374301012933,0.07697553716442915,0.24527838515157463,0.10118822095523287,-0.1018711170555127,0.0013018848114960263,-0.12401502736605696,-0.031790274208347215,0.07412800650029443,0.05834470732698216,0.1865228446091835,0.22590440367558784,0.2373995170427312,0.05653156340297717,0.16221338677208344,,0.18520726535717383,0.13833576029251324,-0.060017254995047176,-0.03404803096769481,0.18174348486992564,0.12161028361186303,0.14355060324010463,-0.05348774575814705,-0.012138752071284127,-0.005079724467856866,-0.1134000100425897,-0.07515508953881689,0.014387379203622637,0.04767308631605856,0.19577389565749292,0.05368129385073973,-0.01562535662605504,0.036957643095491335,0.2602811012156098,-0.1050673994713946,0.2888394874627397,0.1863082983744699,0.06885838579064853,-0.052077218385242874,-0.006579722185450113,0.09025914446265298,0.05541501001976564,0.1676053444836511
#58,-0.08701721391172564,-0.00840747351266964,-0.19738253593649432,-0.05580393213035281,0.33649157563667736,0.3591275728430115,0.20577083723244488,0.08192196907795332,0.29179109587477803,0.06428444265909516,0.1876357461415914,0.37544586815905634,0.2648459147201541,1.0,0.0402433958560623,-0.08331515015954023,-0.22229546211889514,0.2513139815672831,0.09509419492666626,-0.05002031342009522,-0.2575997297630405,-0.22970871925027503,-0.03686452089999863,0.06007933645870898,-0.025317368658903442,-0.0839104018405328,-0.2426024914752108,-0.2712759110226552,0.18269022719076813,0.23117767623603738,0.03880913145293449,-0.08873267082673338,0.015709349194538657,-0.11944199719720451,0.11761698475808771,0.20621088525428294,-0.21287003519471212,-0.11824875494711663,-0.023411102539405752,-0.1937115129161398,0.08972140943181767,-0.10472503845855377,0.16226633860873613,0.26454007221534964,-0.1615505758512236,-0.05329876247905892,-0.048553182359734694,-0.1441988067577499,-0.1352262093332177,-0.15478369631208716,-0.2575002168286415,-0.11803329574970214,-0.21293668147187847,-0.32312854058347446,-0.15812422683471267,-0.20888038819174043,-0.11743530518060685,0.03309672383334779,-0.16802987213957374,-0.15576330529016236,0.12202842052887929,0.07529020801855141,0.41957209438208404,0.2842399813755609,-0.25704830029169157,-0.3192648824332282,0.7240332866200752,0.15695289568944662,0.23421327721655932,0.2635659410134799,0.300045191653695,0.02760707911278285,-0.021036486554341823,-0.12294959989409633,0.040207790310726854,-0.1574458955479374,0.043138400580644276,-0.17001282712594776,0.25803338704597223,0.14421341416096445,0.3726102060100335,0.3231924479725381,,0.3206160672305733,0.40408003031036166,0.03944090164196342,0.11344657114033606,0.17910684858970086,-0.18298146229235804,0.31619458887007174,0.1721902431676154,-0.04810126582278481,-0.19048692865652975,-0.12500376597114124,-0.07753244441198355,-0.17430740367102301,0.20585939461443303,0.0034683453007527377,0.05815024627168857,-0.13611817389200564,-0.21623156385945852,0.09984707874759777,-0.058968260851702904,0.08882670598492698,0.08533462365395061,0.06464780181405688,-0.18193064222361197,0.06135200646377592,0.06363076136524443,0.04108149561549663,0.11648399804625982
#101,0.12494259747018036,0.07644967064870564,-0.09278896410687142,0.11246696216226086,-0.3451574175937042,-0.20348569159207,0.15258254324019593,0.20537917623375496,-0.05175859440262568,0.07427225460703803,0.1639735788594357,-0.21975651284766762,-0.052764679299027235,0.0402433958560623,1.0,0.5515381139103562,0.08548982731310513,-0.09480935056398271,0.5592937320545769,0.057324927990066964,0.6047866634408651,0.19820328940461138,0.3760046013320126,-0.107717730192133,0.3861549206407172,0.04948896912816627,0.0008928775214888596,-0.3767897492547942,-0.014724262440258004,-0.08543139770024695,-0.16794770549649193,-0.09285469742133685,-0.23180396864886085,-0.19281589650654823,-0.05054709289851963,-0.07153519242971329,0.06865296918294403,0.06759758430069339,-0.10847183738308372,-0.18006454646295425,-0.11761881068348952,-0.10793958012845385,-0.12515896963029574,0.21123674492278618,-0.28992408715141943,-0.4056065039462813,-0.2562394153386863,-0.39204535598698115,-0.25417703259733326,-0.46842198961961407,-0.3983621449145695,-0.44612652750071896,-0.10290367787024061,-0.05898286825491744,0.44907722295005637,0.2353864342872272,-0.10746575248668215,-0.12390364591654608,-0.4111344931002844,-0.4825300022367586,-0.5062560769079779,-0.5462675802380094,0.18850853848366025,-0.11153574020733382,-0.17712754545413048,-0.07672721130978194,0.04979937644647528,0.16660017254995046,0.4870126490982211,0.2608553547544815,0.15953658013301866,0.13067691619458888,0.3438801827751327,-0.13099371425180426,0.04136907886628292,-0.09552420035879435,-0.23651576914825145,-0.1651905581397472,0.09068732396937923,0.15318327269739396,-0.03356781258701676,-0.32993467751875,,-0.06394025572085252,-0.311984917856181,-0.576159804991167,-0.5805155500372032,-0.34657524866821565,-0.20476931714954785,-0.13549188147918217,-0.14547786750172323,-0.38277421975925174,-0.24787850292376304,-0.6145845791470189,-0.42987396549913953,0.07034925388123268,0.07067518156545714,-0.16143828143901182,-0.3166300720784052,-0.1832334399978089,-0.3392450711426185,-0.12056220243121968,-0.37274167263896435,-0.2314086557993673,-0.3195004268100627,-0.39184815604358486,-0.33245810642406204,-0.5136236859043124,-0.2574719149849133,-0.4594320459037646,-0.2739280676687954
#102,0.17245591531357987,0.23124614843860555,0.05602486910397276,0.10146484865360826,-0.21061227843536454,-0.07752331478497446,0.23771266324914295,0.1394769636686493,-0.14409838086064994,0.039225442444548925,0.15386799472307558,-0.373015561449237,0.05070229655767414,-0.08331515015954023,0.5515381139103562,1.0,0.08911155034761055,0.05983192356676268,0.38629460393395626,0.3432712366536265,0.42428845969497914,0.5154879557395683,0.1314730196697814,0.07326343082253374,0.09608019464364784,0.43242113143467525,-0.02110221986880726,-0.20242665485901573,-0.2118256058648724,-0.026286022084567734,-0.22885053431142072,-0.13270734524141017,-0.21504471234827702,-0.08473937197295804,-0.25889339791022836,0.002764451058352011,-0.0423258637768354,0.2446247038577239,-0.2661560161959583,-0.06258633203540469,-0.046239734875631655,0.10705948408477772,-0.2444074187349076,0.3257505694604847,-0.2640945464173061,-0.38441755262088767,-0.3130512582908425,-0.3313798974742887,-0.2565023485965481,-0.39572824752244745,-0.4369685986479022,-0.48771836926602363,-0.1856345319011992,0.06305468190097094,0.17517745712498917,0.3657894616715434,-0.16918476995622345,0.06749807136629433,-0.346692107893932,-0.3103068924119105,-0.3356187832946085,-0.3885441440289957,0.06616605878566831,-0.08374424262896739,-0.19404474430197155,-0.023822848717515645,-0.07859878484664509,0.23555715831229715,0.3039207183190531,0.32569853058653286,-0.056123469075670916,-0.030478346807141194,0.12204394089479474,-0.22723824218161567,-0.02516672981325348,0.01422487184286086,-0.1237201404136634,-0.001749236534941365,-0.08415872769518001,0.2842911072868118,-0.06398681681859887,-0.2732515623074219,,-0.18941237155756002,-0.2748300748172933,-0.5639617103443239,-0.4767755983329301,-0.27734346113289543,0.03491717145896005,-0.24094272528495847,0.03925648317637983,-0.11046392199646683,-0.1138327543628205,-0.34230806100416766,-0.28363742599296105,-0.0013310996179251096,0.2069622535571309,-0.24200176201801277,-0.2448830723020811,-0.33640940899359556,-0.39027512130991887,-0.16143828143901182,-0.3582356082842236,-0.2052066262832832,-0.3783490895479465,-0.4318496167839063,-0.38024074826422966,-0.3989363984534412,-0.08212464679755509,-0.2599579124194881,-0.0629688634070855
#201,0.381369170162553,0.2763729817818293,0.5735578612935769,0.5288792926364994,-0.3080792634216929,-0.14234001469869947,0.09681330369247765,0.32024996918750886,-0.05979357913332451,0.41050180994855456,-0.014068755221005445,-0.07066970378925169,0.11642282954529892,-0.22229546211889514,0.08548982731310513,0.08911155034761055,1.0,0.05191927583798564,-0.07898405510642863,-0.29014411116233846,0.29813436072069277,0.1438363605654891,0.13468664837698055,-0.0030319491297183055,0.25194757768171383,-0.01665609151538114,0.2465848347765752,0.09144964782463813,0.10592010663404347,-0.2741079213208744,0.24808118064336482,-0.020110742375620244,0.25266973117813274,-0.03840651490183369,-0.11897638621974099,-0.2931678436277486,0.1657383357602925,-0.1426924183012503,0.018013667051632605,0.1299903682435054,-0.09535165040832257,-0.024459183720049116,-0.20730735345807447,-0.31591978709709817,0.11065747008905952,-0.06778017684087517,-0.1046236995987529,-0.022204165848804247,-0.08337175384699658,-0.10643227870925333,0.22552187230390702,0.25788274820032225,0.45715055211419336,0.31227889184587365,0.3948782792479013,0.13898944158636398,-0.03114298365340284,-0.4385754130015018,-0.04703492538812327,-0.1258117379614456,-0.18653106127349167,-0.1561595311023568,-0.40472458197720335,-0.3733734428279933,0.19750304701301427,0.058184938854323104,-0.21985602578206667,-0.20074771645204434,0.06631395874321555,0.07462374524688793,0.22595461662413782,0.3491771923658059,0.2770485741805019,0.15789324727138274,-0.2730744475434456,0.07824455531869245,-0.13868359908155953,0.29043534626392836,-0.20071484979481163,-0.13410783002460436,-0.3107898496806913,-0.2237443339252375,,0.05723089283187335,-0.4613483546129723,-0.2256241241264088,-0.2828796669512067,0.0030136898757001282,0.021034660628940004,-0.06397312237808524,-0.2862804530120922,-0.0724655014219394,-0.11295448424454618,-0.09803941259979823,-0.22824706596611996,0.5277043096404297,-0.16291728101448416,0.5079012356950157,0.2128563407541985,-0.07245637179493032,0.33907799896835217,0.496749396303414,-0.010206010033460083,0.03897620362720081,0.08417516102379637,0.10242163356416073,0.16761721299876295,-0.17500855902532103,-0.1660998689898524,-0.22052248855373013,-0.40474649308202515
