,#10,#11,#12,#13,#17,#18,#26,#49,#50,#51,#52,#53,#54,#58,#101,#102,#201,#202,#301,#302,#401,#402,#501,#502,#601,#602,#701,#702,#801,#802,#901,#902,#1001,#1002,#1101,#1102,#1201,#1202,#1301,#1302,#1401,#1402,#1501,#1502,#1601,#1602,#1701,#1702,#1801,#1802,#1901,#1902,#2001,#2002,#2101,#2102,#2201,#2202,#2301,#2302,#2401,#2402,#2501,#2502,#2601,#2602,#2701,#2702,#2801,#2802,#2901,#2902,#3001,#3002,#3101,#3102,#3201,#3202,#3301,#3302,#3401,#3402,#3455,#3501,#3502,#3601,#3602,#3701,#3702,#3801,#3802,#3901,#3902,#4001,#4002,#4101,#4102,#4201,#4202,#4301,#4302,#4401,#4402,#4501,#4502,#4601,#4602,#4701,#4702,#4801,#4802
#10,1.0,0.14501358060680095,0.44704026059958263,0.553525636576484,0.08141515938126108,0.26155878528759885,-0.08461759139725242,0.5166169250915014,-0.1314704535043518,0.5307847138355613,0.4129781553510367,-0.0889157262038618,0.4078193756159858,-0.03256800714427833,0.02500451144518941,0.13472933642425167,0.6448636618128144,0.45361123835700107,0.14771211889855956,-0.06594622357334222,-0.01647348427009444,0.17601021668818279,0.3481119023491905,0.27387572472318233,0.2182910182910183,0.18973102532424566,0.1187153254949865,0.01389849016967661,0.24028003350037247,0.0795800422919067,0.1088803749820699,-0.385354229422026,-0.08355936830513101,-0.2819796684203464,-0.1254427000189712,-0.01582568701212769,-0.15468843265453436,-0.16231393180545722,-0.03954617174956158,0.036384458418356726,-0.17707815673917368,-0.12399070873647144,-0.16040801973005364,-0.09230694484931773,-0.05668873804467025,-0.009162166789285433,-0.28536209553158703,-0.3720295025379771,-0.11509645238458797,-0.15425903561496782,0.021142714363053348,0.12572495453851387,0.06855499567363973,0.2042939703956653,0.2627655390367255,0.20844542539457794,0.09720614296885484,-0.018940666398293518,0.060724514961803096,0.045394392852019974,-0.06904084361711481,0.08383930926303808,-0.4521833081155115,-0.09344706802333921,0.2925262704923722,0.1209307921172328,-0.18620423196694383,-0.12316800621885368,0.07890494500663993,-0.06765548290972019,0.14447313260872582,0.2883660239592443,-0.2368124673209419,-0.11364307296510687,-0.2574822896856795,-0.012187379983990153,-0.10444296376499766,0.26412036073053025,0.19740696011882453,0.16976730197069181,0.057824696807747655,-0.15064571505249472,0.23529477088799122,-0.14072146106044411,-0.22690672182197605,-0.09943410282393333,-0.12038941869450344,-0.10837694397016431,-0.04213180823350315,-0.3050528186121406,-0.26141164276757495,-0.2489864286474456,-0.15537556046030623,-0.18331366805943078,-0.10799937071123512,0.3591656371317388,0.4265347011109723,0.20955732311664516,0.2346543770272584,-0.21787041278566702,-0.10950873832229764,0.39716542428406837,-0.0772600026837315,0.3730812476575188,-0.05896296913246066,0.04345100107811972,-0.1988080530453412,-0.02539966777254913,0.056975619687484096,-0.08750352818149429,-0.16486486486486487
#11,0.14501358060680095,1.0,0.18848309017800544,0.3450126551821467,0.21376384088248496,0.07968739155179833,0.24975823280908027,0.10884196985891902,0.343957208363988,0.42344100649185396,0.25755632365801856,0.14180744689219266,0.27642341879630017,0.19258179597162647,-0.12251696997459709,0.08140775598402716,0.08429091649430633,0.0963649319581523,-0.035658462777106846,-0.020106238750306548,-0.19403054826783642,0.053682496055377414,0.09789465891160806,0.11824058264736231,0.041292910784436206,0.12710522541031016,-0.08152759847675102,0.006607532031260845,0.015832164984707357,0.08482396109514753,-0.06746947255421831,-0.04596029002808664,-0.033229685772058655,-0.16471494607087828,0.09100440964847745,-0.02199503046960674,-0.13333564689496893,0.015132543946103269,0.03104475816340223,0.1721965416880671,-0.0070869020021562396,-0.06096975249517622,-0.0889134126422262,0.05120744781761731,0.1125395040649278,0.14298227349074807,-0.09621547587649283,-0.07495106817140715,-0.1883419629182341,-0.06103406950864578,0.07444809987182868,0.00011799164341537223,-0.038052999069948225,-0.07521990403346336,-0.13110768703989042,0.001057760379794278,-0.2073691565216989,-0.04095420536098502,0.05431502380654923,0.0760153065237811,-0.00470902335309115,0.10598749751292125,-0.01921320395896667,-0.045948259507581544,0.02263311076870399,-0.023769532244108514,0.25192974176025024,0.19765219765219766,-0.0427481410532258,0.007218312303058066,0.11712452051435102,0.17793232369503556,-0.14218502015112183,-0.14053174900632528,-0.17945510996358455,-0.1354197032163134,-0.06651952414664279,-0.08561843816081104,0.18686822415635976,0.17250979793352675,0.07254172508409797,0.03225151191252886,-0.04885686919585225,0.15001920256157544,0.1428721479568937,0.04727115405081507,0.04736832363951008,0.09218108709634133,-0.05633244955278854,0.005108806803722058,0.04994192960294655,0.11381797822475788,0.14388224896699472,-0.007090140988446073,0.17288228135685763,0.19203209372700897,0.2930454337233998,0.10607495014274675,0.08244839600771804,0.07263380483719467,0.05072946598370327,0.03521703521703522,-0.15620196467654096,-0.04649981260150752,0.0018221611441950425,-0.0018915679932629086,-0.05482169380474465,0.008120601340940324,-0.11793704336077217,0.0062294960600045345,0.19221347695923968
#12,0.44704026059958263,0.18848309017800544,1.0,0.4918275748784223,0.1508122914902576,0.3097886792802047,-0.0909354655117367,0.093531744379202,-0.2530018462221852,0.3148919335360013,0.056810431386702574,0.00379192752074108,0.2192238463424904,-0.19622935724630639,-0.17612774561927105,0.10713085967323255,0.6161208974768296,0.7846564592327304,-0.05295187329085634,-0.2861524081863065,-0.23173003511986562,0.06595594053221172,0.26346747363696515,0.3407580153342865,0.2613621325485732,0.4359744952965292,0.3624439539693777,0.29079341282731114,0.330729188356307,0.0035420628640967624,0.4209483751856633,-0.15810139877936488,0.36345498040413293,-0.12245635465974448,-0.4589958217076861,-0.2628053322968577,-0.289705113433927,-0.509677165609369,-0.007974384245570686,0.0025213194704720126,-0.17236450626281136,-0.36732418088350294,-0.23450399552094467,-0.2068610983865221,0.04172184511167562,0.0689316435079147,-0.10316402689284045,-0.15331047534437364,0.01970229088873157,-0.01647718596871139,0.17523378540327691,0.3749593969932953,0.29202839202839204,0.5629210103786375,0.16477185968711391,0.4300795402490318,-0.08173489359930038,-0.27695414983550576,0.09488702878533387,0.2105975004280089,-0.00624707912843506,0.07912704692365709,-0.499724223453037,-0.017187449390839223,0.30768333819181276,-0.03503935368342148,-0.3120161764229561,-0.0731816562325037,-0.3261057667837329,-0.2269344845616032,0.1585108991888653,0.3571597791936775,-0.3158067158067158,0.1455674472623625,-0.42660549609702153,-0.12441038881716848,-0.19655973384786943,0.22077624619997502,0.09695257661359356,0.1955783210020498,0.015027045535520112,-0.011430382616823295,0.0273314917382714,-0.10805535890281653,-0.15659527015459218,-0.03198869131072521,0.006496481072752259,0.05306755137263612,-0.15161787365177196,-0.06982005117598337,-0.11338302863726593,0.0013765691731793426,0.1377887903311632,0.1329640888962923,0.11834376749630987,0.3518080484182179,0.5270140710818677,0.6096623588149012,0.6596255731848952,-0.05534085703577229,0.2753291041426635,0.5979890522263404,0.16551081127352313,0.3818126292702564,0.38743458404475356,0.19431326549970618,0.2646136120712392,-0.030340047289199833,-0.09350490706422909,0.13567835940717296,0.13830286372659253
#13,0.553525636576484,0.3450126551821467,0.4918275748784223,1.0,0.24540364709856236,0.3283971182276267,-0.15154707866572273,0.07205957883923986,-0.21585807687502603,0.3941837060481128,0.07782034731187273,0.11085939560515831,0.307862870574735,-0.2146508604135723,-0.1413044785926142,0.1235631625462134,0.45244103888171683,0.39324948985965935,-0.10712114271436306,-0.09123252682574716,-0.14997339404119064,0.024955926650841904,0.08914430609345864,0.22312821295872143,0.018000897661914612,0.11056418514045632,0.12370105081969489,0.1970650157090835,0.13981639574859914,0.2079674435606639,0.2817788512703767,-0.08105100477981834,0.1461893326300106,0.02411008851686818,-0.1032524049473202,0.038000249864656645,-0.09770957398076043,-0.07495754614398682,0.0004622496147919877,0.16533775686318058,-0.1874387484556976,-0.0663043629145324,-0.021733598004784447,0.17318258165715794,0.01583679210797855,0.006708866030899929,-0.03522675217590472,-0.034393407274763206,-0.017448419143334396,-0.008907675009369925,0.165836560751815,0.16081844556420827,0.18965560321492525,0.18967272357102866,0.04740163892706266,0.1235025472313608,-0.06969882054627817,-0.11242660225711074,0.200951799256884,0.2117186523966185,-0.02043615263954247,0.0831035966629187,-0.2025958161551382,-0.03257911224012919,0.27416168094134197,-0.03599346650194108,-0.19839623907420517,-0.18180106146207842,-0.15387729794509455,-0.0587024620922926,-0.0021331038280190825,0.1804346719600957,-0.3003553630672275,-0.15376023172633344,-0.35295927668809024,-0.16665648699547006,-0.2023103226493057,0.14561695748136427,0.08512888851871903,0.12071100376185122,0.057753439109371314,0.01658360980394879,0.09737457025592619,-0.04492196356603136,-0.024542261830397424,0.015503639232452791,0.005066699981954219,0.05236376592308796,-0.08043374653544146,-0.14024671821281992,-0.07309142732871546,-0.004359675546116224,-0.008067852135648746,-0.01744240388308185,0.12074894617267498,0.15657305996289048,0.2833238477306274,0.27139373580051546,0.3536514943294604,0.013346011651096397,0.21875465604279162,0.45420582369734913,0.11204162560094763,0.33476218899947713,0.12061984943340875,0.13804559567271432,0.10173748478833225,-0.042771276669581755,-0.07516252770490059,-0.020170093051448984,0.07136227136227136
#17,0.08141515938126108,0.21376384088248496,0.1508122914902576,0.24540364709856236,1.0,0.5112614926174248,0.15457229186042745,0.02387641879167303,2.03593423932407e-05,0.07573767912750963,-0.07645303238523578,0.695485778536626,0.4199896352438725,0.2985739206078189,-0.24445184784167834,-0.30328063039927444,0.09561348713891087,-0.000519625943354757,-0.1960817520139554,-0.197750755377874,-0.2906781974578585,-0.29540249031774457,-0.1104276850039562,0.0034263847823169857,-0.10387984286289371,-0.06463304598897819,-0.24762512898106118,-0.19960253011100468,-0.004478592614185834,0.4914800779207559,0.28243590277488584,0.23552288806526095,0.1534978738368569,0.22043846620117807,0.24924924924924924,0.10494593206457613,0.16905935211019957,0.13547661683254902,0.27416121822901485,0.31688899993984737,-0.0014593946797336627,-0.02971538564758904,0.09078600943007722,0.07543460255324662,0.12584155804494787,0.16948551016347627,-0.14052943544468968,-0.08231976198077894,-0.04524725033199609,-0.112808339926984,-0.10769074158904668,-0.10106285021539259,-0.14590430183650524,-0.11327567937737429,-0.1624559844898828,-0.24898087609952016,-0.3144949263593331,-0.21294992989908243,0.10179301026758654,0.276081011674232,0.18239518409009933,0.31422609049727696,0.1867053494172138,-0.06510593798729392,-0.09346094939315279,-0.2747608934049612,0.2772234484098891,0.09162907129008824,-0.26223897240846394,-0.1372608355659203,0.04202538439826575,-0.1212482127736365,-0.13050245931601864,-0.018691727166303438,-0.027613746257814053,-0.05688400264671451,-0.016582684379294547,-0.1142543159492312,0.09912639912639913,0.05893566910516063,-0.18869501242382597,0.4227594312340075,0.06795161879907642,0.56908017416492,0.7189216951928816,0.5458043559738475,0.37024806007856853,0.09869052411425293,0.2648338631389479,0.41542729169847814,0.20694438660540354,0.2891003484223823,0.2909581384157655,0.24046002859562182,0.12533812703304228,-0.20726319539878862,0.0800742190572699,-0.04964810727522592,-0.06300892572079013,-0.02316060282161977,0.11053133256523087,0.4313732839156568,-0.022846421151505897,0.07783793038030326,-0.04701573684624532,0.07764775561385731,0.08217678387169913,0.1684476464137481,0.0834668258397072,0.022739071891614265,0.08050870593243474
#18,0.26155878528759885,0.07968739155179833,0.3097886792802047,0.3283971182276267,0.5112614926174248,1.0,0.20978729114322334,0.0348098483691704,-0.22922352244386143,0.17144741043046127,-0.035149016504948706,0.5066445490174304,0.393562746105119,0.19628071831461663,-0.1659698219020253,-0.3582425260391362,0.3275429512717648,0.2515466159533956,-0.2714520375537325,-0.4519005908836417,-0.2639144537449622,-0.38516544279256143,0.06231670807941994,-0.03849535205467409,-0.00853148988742209,-0.03475015847897204,-0.1112924943433418,-0.22322769610905205,0.248836509853459,0.5115118199863963,0.36957064923166616,0.1290291832664714,0.019381631246038027,0.22368346775126435,0.11543053068476797,0.1479203394457632,0.34187315204264357,0.17209520768842804,0.44263477653308164,0.33822096364469245,-0.07562847901830953,-0.061383417315620706,0.17197906689432113,0.03249906300753758,0.11398733093648347,0.032312589939708584,-0.1769911668216753,-0.18022922768685481,-0.043595830036508,-0.17568770619618077,-0.14576039830277118,-0.01022547971700514,-0.050629520121045546,0.056747039797887255,0.0247305857475349,-0.1885788716297191,-0.11338719304821,-0.29984591679506933,0.2185455100709338,0.38993184247421536,0.13263463771938347,0.3119828611354035,-0.059986026087721,3.7016986169528545e-05,-0.006422909812740321,-0.28040690922046857,0.11737022076005127,0.13844352827403675,-0.3946797336627845,-0.36791552723756116,-0.10702674939963075,-0.06896218252150456,-0.19533678516729364,-0.18708569895010574,-0.12180578112781502,-0.1606449284415386,0.016405002845680812,0.18071924004127393,0.08489290523188828,0.18783483020771155,-0.05612284086860358,0.2961469944520792,0.28960470485894213,0.3694739423552983,0.437030404827015,0.48497711887542394,0.25285747997612407,0.054871204023746394,0.08192044124247515,0.1526918289630154,0.06279145092704415,0.057749737410754357,0.12375981528523901,0.11179731349222875,0.13006380802990972,-0.16955260345090853,0.13168422659948084,0.02017101847610322,0.04689311807955876,-0.11408311238819713,0.07483770365126298,0.6049389913796693,0.22791450927044146,0.29395234988455327,0.003677637575942661,0.12257804800177681,0.01519362197328299,0.17557017726509253,0.1520208960886927,0.02701592193117617,0.16252492862662354
#26,-0.08461759139725242,0.24975823280908027,-0.0909354655117367,-0.15154707866572273,0.15457229186042745,0.20978729114322334,1.0,0.12290888731566697,0.14252974083482559,0.19223892613723123,0.23824918909664672,0.11124807395993837,0.25322857526247355,0.5503902978479249,-0.19566068379627702,-0.11335202691134895,-0.08437883183645896,-0.16804740025079007,-0.12998977405757067,-0.03571167469472554,-0.17996918335901388,-0.07819190531054938,-0.028086175543802664,-0.08077291467121976,-0.1676605727453185,-0.022261090057700227,0.0032588829198998692,-0.013075324939731719,-0.20181475774696114,0.16355214999282797,-0.21897074269955627,0.11630737054465869,-0.13356283864758442,0.07976836620904418,0.17746081983370118,0.21475497068717408,0.057618327109852534,0.24489605167571268,0.08265661655492164,0.28850067324643597,-0.16929764895866592,0.13777722252298524,0.008730456188083307,0.13558396609244067,0.054262274601257654,0.004063539656759996,0.11504971843954895,0.1509358356815984,0.048799492867289476,0.1410092681279122,0.05614967818357649,0.0690070656172351,0.03723492367560164,-0.18159561718883752,-0.038875238875238874,-0.16190304325897545,-0.21067616152361915,-0.029706594113373775,0.02351920487513708,0.006746808441723696,-0.13244492566526464,-0.09674157979242726,0.1268275980140387,-0.11043323755188161,0.006080965402999301,0.018386337030404827,0.5862116353641778,0.6961821605889402,-0.030837463040852872,-0.09302090997006252,0.20455170116187066,0.015649393615495312,0.03451787689075825,-0.03573943743435269,-0.04059560330746771,-0.15423358643697627,-0.0012382181873707297,-0.13291781766358038,0.15957328669193077,0.29396067870644144,-0.056627197305163406,0.09774196384365876,-0.026089109139956598,0.1459274374528612,0.07480901548698159,-0.014032214032214033,-0.11781303645710425,-0.08744198744198745,-0.02219122049630524,0.003948324287307338,0.009594802815141799,-0.1436976267484742,-0.03604390214559706,-0.22120841951350426,-0.07473683236395101,-0.15063831165526081,-0.049914166863319405,-0.20624846726541643,-0.11271209576294322,0.06252770490058626,0.009627192678040136,-0.0909646163883452,-0.1258711716338835,-0.09465058278617601,-0.06717888921278752,-0.015224160986872851,-0.11333351841826418,-0.16064446572921148,0.003868275054715733,-0.10951244002091459,0.015796536135519186
#49,0.5166169250915014,0.10884196985891902,0.093531744379202,0.07205957883923986,0.02387641879167303,0.0348098483691704,0.12290888731566697,1.0,0.24343388072201633,0.510407325661563,0.5857202348727772,-0.20145846925507943,0.38375694646881087,0.2618461296427398,0.2169764525696729,0.07313492228746465,0.32818473326947906,0.14568728975508635,0.3766561630968411,0.1186301864267966,0.14613935969868172,0.19559868034444305,0.34936724089266463,0.20862912218844423,0.20819602345026073,0.21247379891447687,0.011042629686697484,-0.15855531957226873,0.09808529639038113,-0.1350786842312266,-0.2655172892461028,-0.3677096202519931,-0.2788466432534229,-0.2902339936238241,-0.09250591114997894,-0.03223577969340681,-0.05745591508303373,-0.055975235636252584,0.0013316860774487892,-0.11638371807863333,-0.09134866761985407,-0.1157678479712378,-0.17905069938968243,-0.08132122877885589,-0.25961631893835285,-0.05466761059981399,-0.32364598805276773,-0.42596371409930733,-0.20094532128430434,-0.16385476385476386,-0.08190424631102597,0.03361234886658616,-0.048832345442514934,0.06737415381483178,0.266333976503468,0.11362548989667634,-0.023012997589268776,-0.03267304284253437,-0.1388349829027795,-0.1959267433843705,-0.09590916031593998,-0.06318336826811403,-0.1807594960137333,-0.039309725750403715,0.14021479106224868,0.16564869954700462,0.13836764345238922,0.14210728448016582,0.3009249619419111,-0.010514674921454583,0.19915184830439067,0.12946829726490744,0.03177121651697923,-0.01260844820166854,-0.08973148803657278,-0.030794893506757914,-0.08415117737151635,0.0368948301151691,0.21256032611964815,0.05068689644960831,0.04320668896940083,-0.1433145009416196,0.01890920196004942,-0.1429225836005497,-0.22224720868788667,-0.18419559775491978,-0.1596491715135783,-0.16150788693161575,-0.132399579857207,-0.3685466668517516,-0.2226377378919752,-0.34587283739826113,-0.1801787920431988,-0.24310766853139734,-0.22637136365949925,0.29254986882105527,0.20996265911520148,-0.12188675578506086,-0.038195051754373786,-0.2610858932892831,-0.3074954769870024,-0.008821147804198652,-0.1464003294511769,-0.08859599198582249,-0.14573818811106948,-0.22918049019743936,-0.2998857100552016,-0.08286761337608796,0.11579561071086494,-0.1296732788258212,-0.2824877265555232
#50,-0.1314704535043518,0.343957208363988,-0.2530018462221852,-0.21585807687502603,2.03593423932407e-05,-0.22922352244386143,0.14252974083482559,0.24343388072201633,1.0,0.21744471744471744,0.19946232827588758,0.003956653109195482,-0.06308018341916646,0.37853986498054293,0.07445827954302531,-0.13966879051624814,-0.10662233882572866,-0.3103291272782798,0.05811065302590726,0.037615273208493546,0.11641749607851302,0.048694457169033444,0.1042648195190568,-0.04765566799465105,0.07814887306412731,-0.0021914055812360896,-0.23425598171360884,-0.1957495245630839,-0.10046363775177335,-0.22547370174488818,-0.3375653002771647,-0.14799761240439208,-0.1776671895315963,-0.13525682847716747,0.08964588625605575,-0.05934933392560511,0.00953696377425191,0.03808955334379063,-0.0061341773206179985,-0.10730761578219206,0.11869913056353734,0.03528829291541156,-0.11918914291795647,-0.16369142640329082,0.027643822559076797,0.07786985753087448,-0.20675976438688304,-0.1425255764238815,-0.2750468496231208,-0.04191572157673853,0.040915800237834136,-0.09645099645099645,-0.14577844408352883,-0.1473326947903219,0.01564846819084107,-0.1085222356408797,-0.014958564111106484,0.1275424885594377,-0.18607606065233184,-0.21606398386059403,0.05507248388604321,0.032102981255523626,0.1653234127810399,-0.050266753656584166,-0.1918632037276105,-0.07503065469167164,0.43211547448835586,0.2100575151422609,0.23313760601896194,0.15519556536505688,0.10214374621154282,-0.018982773220061356,0.3040815854375176,0.08780567933110306,0.18982495592665083,0.09169662728984763,0.0841521027961706,-0.1379748006866651,0.1978613436240555,-0.14253668151973237,-0.10255972459362289,-0.035467362586006655,-0.22552136111458146,0.11386239860816132,0.08315125603261196,-0.02676651998685897,0.007960965588084233,-0.03300665843038724,-0.07665338682287835,0.0836218344692921,0.033798821934415156,0.08812032371354406,0.08922481803837735,-0.0023033819643989133,0.05218145726620303,0.24799714969206493,-0.11357921866396442,-0.09640056080734047,-0.3276734361480124,0.1519579672122045,-0.15703438415302823,-0.2574684083158659,-0.1203736864753814,-0.27227797905764006,-0.17285590675421184,-0.08292036258137953,-0.14264310535496977,-0.03198869131072521,0.038029863453592265,0.04995303469879741,0.005109269516049177
#51,0.5307847138355613,0.42344100649185396,0.3148919335360013,0.3941837060481128,0.07573767912750963,0.17144741043046127,0.19223892613723123,0.510407325661563,0.21744471744471744,1.0,0.588795883711138,-0.10471365047636234,0.3751745582254057,0.2732233003419444,0.1377059648246089,0.0686313432076144,0.5114919233563301,0.22362979312131853,0.16172166002674476,-0.05124215124215124,0.061611997205217546,0.15041944872453347,0.5281865841187875,0.2937001716662734,0.30654737942873533,0.24311275836699567,0.1417574739608638,0.03577645442052222,0.12811069929713997,-0.12442334476232782,-0.19126584211329975,-0.3458867187680747,-0.12649028072756888,-0.19416751111666367,-0.15217729285525897,-0.09318979996946099,-0.13408153916628493,-0.08651054752749668,-0.004153305848221102,-0.028311516447109667,-0.13453453453453454,-0.20853565429836615,-0.24622496147919876,-0.08408084509779425,-0.16742273860917928,-0.061811888930533,-0.1670599721447179,-0.20384699028766826,-0.1444143681431817,0.008767935886579955,0.06446785768819667,0.14807164637673112,0.020796605542368254,0.11203607305302221,0.28252381811703847,0.10972482497906226,-0.015537879944659605,-0.08613204884391325,-0.05747488628844561,-0.10102398237991458,-0.06429943040112532,0.0010855231194214245,-0.25768634582193906,-0.01520472706913385,0.18612973528227766,0.09751893650198735,0.15064617776482184,0.18009457839966314,0.13808261265888386,-0.021235719540804287,0.14065483048533897,0.2349329298481841,-0.09874419874419875,-0.05783857817756123,-0.3500062466164161,-0.27746683509395376,-0.20239870070378546,0.11071826834538699,0.4062248689367333,0.21935618206804647,0.09954746734407752,-0.08443898443898444,0.08844746132881726,-0.1726564777412235,-0.21975550280635026,-0.22466673144639246,-0.19726213116043625,-0.07392708579149257,-0.1827260234039895,-0.2917701985498596,-0.2351777046692301,-0.2762619321941356,-0.23545301850386596,-0.26297283415927486,-0.0852177292855259,0.43305478051240764,0.31977539943641636,0.19416288399339246,0.111767237190966,-0.032705432705432705,-0.05342892970011614,0.12820509261187227,-0.13901358986104748,0.04982486338418542,0.05508266355723983,0.015137633781701578,-0.12944145994993453,-0.1647445596598139,0.04907017957865416,-0.04679918747715358,0.009722974129753792
#52,0.4129781553510367,0.25755632365801856,0.056810431386702574,0.07782034731187273,-0.07645303238523578,-0.035149016504948706,0.23824918909664672,0.5857202348727772,0.19946232827588758,0.588795883711138,1.0,-0.30579130748622274,0.3478463054734241,0.3427874716010309,0.20037942410823767,0.09198767334360555,0.27956616092209313,0.06393249952571986,0.207163712248458,0.07577006899040797,0.13387933387933387,0.2627225067903034,0.3993193501668078,0.3092676651998686,0.3223675138929376,0.30229459043018364,0.07095971163767774,0.028609040473447252,0.04717676073608277,-0.19422535015755354,-0.2640181013062369,-0.24375963020030816,-0.21646191646191645,-0.2387910252317032,-0.05114683250276471,-0.00010549841058315634,-0.059213296501432096,-0.06874193145379585,-0.0458478509325967,-0.06826024792126487,-0.09252719591702642,-0.10141867599494718,-0.2357787679821578,-0.16048344183937405,-0.31398409195019367,-0.11418120740154639,-0.0995641249878538,-0.14724200317420658,-0.20585238551340246,-0.08102555560182678,-0.06409629968952003,0.05253820847041186,-0.05218839795110981,-0.015207040630769445,0.14619997501353432,0.0796189101273847,0.00113966046169436,0.03937450547620039,-0.1973213583383075,-0.32592530897615646,0.005721437924827755,-0.08092329617753347,-0.08219020252918557,0.03351240300392843,0.11352323047238301,0.18532554125774464,0.21515197786384227,0.1848276627937645,0.29879232082621915,0.03453638538384301,0.2464197633689159,0.23391958985179323,0.14660993813536186,0.1391547171208188,0.011910678012372928,0.04764919002207138,0.07046877385860437,0.23677313677313677,0.29420545352748745,0.1109315787281889,0.17795453388673727,-0.24139424478407528,0.04509594340102815,-0.22890934077374755,-0.31726796133575796,-0.27465632041903226,-0.15252478981292542,-0.10529342902224258,-0.21516076939805753,-0.4120680002035934,-0.2955690667555074,-0.4436513555157623,-0.32322769610905205,-0.3641638556892794,-0.2158016259711175,0.28992906620025266,0.26097808131706435,0.022706682028715928,0.0258082427573953,5.552547925429281e-06,-0.16791876622385096,-0.10550997839133433,-0.22656801639852486,-0.06702388058320262,0.0019119273356561493,-0.005668226007209058,-0.16840739044128875,-0.014615231564384107,0.0016930644049288116,-0.05168728050083982,-0.11946862116353642
#53,-0.0889157262038618,0.14180744689219266,0.00379192752074108,0.11085939560515831,0.695485778536626,0.5066445490174304,0.11124807395993837,-0.20145846925507943,0.003956653109195482,-0.10471365047636234,-0.30579130748622274,1.0,0.13443875308282088,0.19787337414456058,-0.2662775255995595,-0.37565624175793666,-0.020124284531064192,-0.10209840040348515,-0.2872027651688669,-0.3796910932504153,-0.35269599337395946,-0.5118222999578932,-0.21246315653095313,-0.17203320423659407,-0.22332255213611146,-0.2108376481257837,-0.3404498489244252,-0.3702249244622126,-0.041171680154731,0.5000333152875526,0.33109611923171245,0.1950207526478713,0.0522170861153912,0.2535464586312044,0.27241309105715883,0.12826061809112657,0.23966046169436,0.21559479356089525,0.3241702411193937,0.3467283924911044,0.03977290078984994,0.07168848355289033,0.2924415941365094,0.03494958749196037,0.32622653470111096,0.09798164882910645,-0.1777444624902252,-0.1159663515595719,-0.03947907846212931,-0.14328211107872124,-0.08758357741408589,-0.1923328567396364,-0.15402675402675403,-0.2026249670317467,-0.2316999588186029,-0.3877987386461963,-0.2643165507572287,-0.2786860820759126,0.3103263510043171,0.43037845241235073,0.24778383930926304,0.46034509085356545,0.20978266401995216,-0.0895066098455929,-0.1934951901053596,-0.41009268127912196,0.27366796688830586,0.032057172735138834,-0.38349273773002585,-0.20906453448826331,0.008857239365713941,-0.19832729493746443,-0.21088299393384138,-0.1954307157696988,-0.04394332699417445,-0.13576951373561544,-0.00772405687659925,-0.22013029979131674,-0.09460755053975393,0.08041893974097364,-0.36940499821855755,0.2668198244469431,0.04351485537926216,0.7175677989237311,0.8513818903649412,0.7547277632023395,0.5289519103078425,0.08550507364066687,0.20612584849872986,0.6275994021756733,0.25020151121846035,0.5946029234164827,0.4281032958999061,0.4823174484191433,0.35092334244876616,-0.31419555148368705,-0.021196851705326283,-0.11781488730641274,-0.18804490160422363,-0.056398617415566565,0.04532082159200803,0.4743486167214981,-0.007650948328914431,0.02897458321187135,-0.17294335938403735,0.004481831600475669,-0.024309517529856512,0.19873448178532924,0.12204639153791697,0.13975624314607366,0.30436106368309757
#54,0.4078193756159858,0.27642341879630017,0.2192238463424904,0.307862870574735,0.4199896352438725,0.393562746105119,0.25322857526247355,0.38375694646881087,-0.06308018341916646,0.3751745582254057,0.3478463054734241,0.13443875308282088,1.0,0.2932050694762559,-0.0005149988200835659,-0.04772785111768162,0.27448604228265244,0.2543862815049256,0.0776671895315963,-0.014212671839790483,-0.05288478000342407,0.08506225794361387,0.21267600420142793,0.12243275633106142,0.19084199762165863,0.15267470860691199,-0.11249462096919724,-0.11015561015561015,0.14558456761846592,0.20562102934984292,0.06501432094652433,-0.03820939583651448,-0.03394966615305598,-0.05268026115483743,0.1729882424797679,0.0668008532415312,0.14625318693115302,0.08023524294710735,0.05935164748724071,0.16470893081062574,-0.12456400930977202,-0.013310382801908226,0.02240406816678003,0.18044068722034823,-0.1426107154920714,0.017589546403105723,-0.22061475959781043,-0.19367102078966486,-0.15239985748460325,-0.1841696858646011,-0.06471911048182234,-0.03370720489364557,-0.04023977752791312,0.08734851955190938,0.06876738063178742,0.07843853098090386,-0.1731066968355104,-0.10315430993397096,-0.09965204033000644,-0.0797299610858933,0.08830216965810186,0.20364385957606296,-0.09150830337271015,-0.09531226141395632,0.04620413942447841,0.0031695794407658813,0.1647348427009444,0.16019100764863478,0.01273800765326189,-0.1674134843626369,0.07898777051319424,0.1367379706362757,-0.11061369535945807,0.0731358477121189,-0.04518987400343333,-0.10054461240901919,-0.05971256310239361,0.09361734615971905,0.3462712327119107,0.22096318198013112,0.03893539147776436,0.16525724491826188,0.27781109306533036,0.12700759310928803,0.10625957236126728,0.09523267489369185,0.10797901136884187,-0.09079711452592809,0.030294701481142158,-0.1713197018281764,-0.004586867298731706,-0.12681834376749632,-0.080008513906819,-0.14471744471744472,-0.1105054206749122,0.049643942864281844,0.24452680723867165,0.055205282323926394,0.06866512120749409,-0.07686669720568026,-0.06472327489276641,0.24956481905634448,-0.04390954899429476,0.17927650300531656,0.04071220681390173,0.046770499312872194,-0.05339515170023645,0.08438392167205727,0.11083903626276508,-0.07884432969178731,-0.10667231175705752
#58,-0.03256800714427833,0.19258179597162647,-0.19622935724630639,-0.2146508604135723,0.2985739206078189,0.19628071831461663,0.5503902978479249,0.2618461296427398,0.37853986498054293,0.2732233003419444,0.3427874716010309,0.19787337414456058,0.2932050694762559,1.0,-0.03486676198540605,-0.17929038437513015,0.01810084352457234,-0.27487749691139524,-0.1146707570436384,-0.07944909470333199,-0.13876279977974892,-0.19960576909729452,0.12309443495884174,-0.09005538666555615,0.0692296302465794,-0.06769435074519821,-0.16139128342518172,-0.19220607356200575,-0.11982999949101644,0.05914018795374727,-0.26039876548351126,0.08125321006676939,-0.0514059514059514,0.12266411249462097,0.18862699371173947,0.00594677882813476,0.16719832313052652,0.23099709879370897,0.1775695572305742,0.11748404799252257,-0.09453259114276064,0.031990079447706564,0.03836995701402481,-0.0651758075486889,0.00023690871148498267,-0.06066528778393185,-0.007811509506424761,0.002482451634994008,-0.15251414742940167,-0.042700018971205414,0.11266998894117539,0.05377688937010971,-0.02298430942498739,-0.2021553140197208,-0.024514961803097396,-0.20065751421683625,-0.1967573120115493,-0.07529254986882106,-0.0773812333134367,-0.09412910599351278,0.12475372136389086,0.08412110107025361,0.3430433515179278,0.11992624365505722,-0.13006473345456396,-0.04472993795027693,0.7054937834598851,0.5326610123220292,0.026063659961965045,-0.05900183696793866,0.2281352230504773,-0.09466955399158788,0.13950869205106492,0.02063974606347488,0.11714117815812732,-0.11197638316282384,0.12056247310484598,-0.1335794962913607,0.3239897833118172,0.14257832562917308,0.006154536663011239,0.12647408579611968,0.11996696233984369,0.3000846763558628,0.25346455854930433,0.15226150649879464,0.08475871865702374,-0.06651443431104448,-0.0004492936696326527,0.014755896111828315,0.10280311127768754,-0.06776745929288303,-0.08201020743393625,-0.10224693106049038,-0.09121725731895224,-0.05790937316361045,-0.13542479305191168,-0.08754470957860788,-0.20233623453962438,0.16477972579667494,-0.01919238190424631,-0.08950383357163018,-0.16739081145860807,-0.09564032445388378,-0.01230861061369536,0.07361336683370581,-0.02724866623171708,0.09404859404859404,0.15712692661845204,-0.014009078415858077,-0.01611071780563306
#101,0.02500451144518941,-0.12251696997459709,-0.17612774561927105,-0.1413044785926142,-0.24445184784167834,-0.1659698219020253,-0.19566068379627702,0.2169764525696729,0.07445827954302531,0.1377059648246089,0.20037942410823767,-0.2662775255995595,-0.0005149988200835659,-0.03486676198540605,1.0,0.12406566813346474,0.13671622315690113,-0.1254547305394763,0.3060495009647552,-0.08370836167446337,0.7356251474895543,0.13104337002642089,0.4237352915319017,0.08394850937223819,0.32135602474585523,-0.04756960350180689,-0.2695308559715339,-0.3860584775839013,0.21926086332865993,-0.3668702600905991,-0.24446249022520208,-0.27844223267952084,-0.35751699311021345,-0.09362567498160719,-0.03795582948125321,-0.24438197828028335,0.10674912200335929,-0.11320719795296066,0.15222310137564374,-0.22878302030844402,0.1352508132169149,-0.17543367712859237,-0.04868844190878089,-0.07933110305991661,-0.19243511616392972,-0.015222310137564374,-0.3314709162166789,-0.3483441839374043,-0.40298449450991825,-0.13640204148678725,-0.2714816511426681,-0.12073599022751565,-0.31337331167839644,0.022723339672492213,0.46032797049746205,-0.004757608147438656,0.3358967596255732,0.18119953543682357,-0.27645488323454426,-0.365836560751815,-0.11436675504472114,-0.11656047418759283,0.05923087956986262,0.05038428258767242,-0.3431432973805855,-0.11458885696173832,-0.10181244418532553,-0.05716116733065885,0.5587163434621062,0.03666116038997395,-0.012466395517242974,-0.08049343642563982,0.41413910057977854,-0.02946089386767353,0.19736161431076685,-0.0037280732195986432,0.14874026568941823,0.26338927525368205,0.2565332667027582,-0.23933424950374102,0.1094495111444264,-0.2568428212496009,0.1076916670137009,-0.19216304131558368,-0.28129901858715417,-0.2451357366611604,-0.19678276118954086,-0.16044179772993333,-0.08272556069166238,-0.20282994859266046,-0.1385198758080114,-0.2726171471934184,-0.37772687942179467,-0.19829166608827625,-0.27753901821698435,0.25880564694124014,-0.12629085171458052,-0.12643660609762306,-0.2947977253061999,-0.08321834932004424,-0.24237473220524067,-0.15837856346330922,-0.09388942100806508,-0.08708662437475997,-0.01859316944062707,-0.18062253316490604,-0.11634207396919262,-0.08033703965907356,0.0031751319886913106,-0.13227788651517466,-0.2622088961072012
#102,0.13472933642425167,0.08140775598402716,0.10713085967323255,0.1235631625462134,-0.30328063039927444,-0.3582425260391362,-0.11335202691134895,0.07313492228746465,-0.13966879051624814,0.0686313432076144,0.09198767334360555,-0.37565624175793666,-0.04772785111768162,-0.17929038437513015,0.12406566813346474,1.0,0.05982453948555643,0.19958124534395721,0.20998625744388455,0.43395383056400005,0.026092810838573552,0.636809228334652,0.040278645363391125,0.43416205111120365,-0.026069675222217596,0.3621029349842909,-0.02444694309101089,0.21801616716870953,0.15104781206476123,-0.12071655630977665,-0.16702110430923992,-0.4115173725343217,-0.04407381187042204,-0.24283420554606996,-0.20812939287515558,-0.009341699172207648,-0.3870991176075922,0.002088683444615648,-0.21647626054405716,0.159465474719712,-0.12198299994910164,0.009494856952484072,-0.2388632083547338,0.23428420716556309,-0.0780859441876391,0.08924887907938756,0.009396299226807701,-0.03571815266730521,-0.14545130646825563,-0.016468857146823248,0.07052291120087731,-0.01046979182572403,0.05732589291911326,0.02050324592697474,-0.05839938551802958,0.3772512111495162,-0.22523494218409473,0.2805748737952128,-0.04998958897263982,-0.1816113494079596,-0.33663524849965526,-0.31117126371363657,-0.18379535159196175,0.21889069346696466,0.11473090964616388,0.31589833284748536,-0.2535186958915773,-0.08839378669887145,0.4058343397326448,0.30994970317004217,0.1313806873128907,0.16156109884923445,0.08214300587181943,-0.04062984401967453,-0.24274906647788003,-0.07021844648963294,-0.15523258235122642,0.008948856406483525,0.03721317619622704,0.3352119453814369,0.15142122091274635,-0.14744791015977457,-0.05244057616938973,-0.4151802033157965,-0.4410689580181106,-0.44273657324504784,-0.29626220982153184,-0.06514850752138887,-0.09935914342694004,-0.2746549322820509,-0.1844426861376014,-0.2112096688367875,-0.2476066204879764,-0.13254764780188508,-0.0673843334860284,0.26112522383708825,0.3492982967559239,-0.005013025352008403,0.25968850206138344,-0.01602233975115331,-0.17921866396442668,-0.18582203158474345,-0.08594881476237408,-0.05896019285849794,-0.09688131891521722,-0.13167497235293846,-0.21304663677545033,-0.3222287001948019,-0.23680737748534358,-0.10196097484233077,-0.21297028924147568
#201,0.6448636618128144,0.08429091649430633,0.6161208974768296,0.45244103888171683,0.09561348713891087,0.3275429512717648,-0.08437883183645896,0.32818473326947906,-0.10662233882572866,0.5114919233563301,0.27956616092209313,-0.020124284531064192,0.27448604228265244,0.01810084352457234,0.13671622315690113,0.05982453948555643,1.0,0.5771110093143992,0.0922116261099312,-0.3352776505318878,0.012027281518806943,0.03906078651841364,0.48167103929815797,0.26802010022349004,0.3189087392477223,0.26133529523360033,0.18200049047506675,-0.017843112758366995,0.38036063798775666,-0.014026661484288603,0.31160898957509126,-0.28601128092653516,0.1416996349199739,-0.20258517377161445,-0.3338002100713965,-0.20669914907203044,-0.07990532905787143,-0.35267054419596794,0.13417269349472738,-0.06825515808566655,-0.2509432390788323,-0.3161588398876534,-0.13633356006237363,-0.2402221944594826,0.08847337321913593,0.032559678322390186,-0.3314459297510145,-0.4136777763896408,-0.19767209428226376,-0.1625142862430998,0.1012303520778097,0.22160820296413516,0.12237584271482577,0.3615328733972802,0.33461828546574307,0.24284160894330387,0.11296612483053162,-0.1958129161518992,0.11601863805253636,0.16316393435037502,-0.07948842525113711,0.09958633517955552,-0.49897694304473966,-0.07343013275216664,0.1600730160052194,-0.018605662673459283,-0.15643933610035304,0.026534701110972298,-0.03684300633453176,-0.19754392296765177,0.15278807312705617,0.27946714048408966,-0.1951956579075223,-0.0017888458566424669,-0.4323306357204662,-0.16924628789035567,-0.18957833025629636,0.34868103851154697,0.3040242091089549,0.05254561186764577,0.051609082117556694,-0.10326998801575073,0.2549711498864041,-0.10822286076523364,-0.2331200229505314,-0.0689635706584859,-0.06508233965861085,-0.0483108686498517,-0.16615999666847125,-0.19516650703091382,-0.2098418911978234,-0.120197393078749,-0.004159321108473651,-0.024313219228473466,0.05052355899813527,0.5534849178916975,0.39439007574600793,0.5293947260048955,0.3339519797146916,-0.08137860510741866,0.03562329664024579,0.5406608457455915,0.1192136666712938,0.4639676656625809,0.1553649180767825,0.1848669933415696,0.01714302900743579,-0.09404211607601438,0.0345312955482447,0.10512731529680683,0.06520912283624149
