,#10,#11,#12,#13,#17,#18,#26,#49,#50,#51,#52,#53,#54,#58,#101,#102,#201,#202,#301,#302,#401,#402,#501,#502,#601,#602,#701,#702,#801,#802,#901,#902,#1001,#1002,#1101,#1102,#1201,#1202,#1301,#1302,#1401,#1402,#1501,#1502,#1601,#1602,#1701,#1702,#1801,#1802,#1901,#1902,#2001,#2002,#2101,#2102,#2201,#2202,#2301,#2302,#2401,#2402,#2501,#2502,#2601,#2602,#2701,#2702,#2801,#2802,#2901,#2902,#3001,#3002,#3101,#3102,#3201,#3202,#3301,#3302,#3401,#3402,#3455,#3501,#3502,#3601,#3602,#3701,#3702,#3801,#3802,#3901,#3902,#4001,#4002,#4101,#4102,#4201,#4202,#4301,#4302,#4401,#4402,#4501,#4502,#4601,#4602,#4701,#4702,#4801,#4802
#10,1.0,0.7465428448479295,0.6751315259789836,0.48597889106363684,0.10455632828514184,0.26318105470647846,0.20284290453781978,0.6449996992369874,0.34458233271792593,0.6069471628793662,0.4763891780840933,0.16780910340232374,0.3875821892771045,0.12034777458506273,-0.3591674879810473,-0.2169616457752051,0.6350051129712146,0.4672029502537977,-0.23036734731649985,-0.16667407006390056,-0.11848582018073543,-0.11500344720683704,0.3308957647940699,0.20753573295946176,0.06622385096961368,0.15433769671057807,0.2335554352503505,0.27262640143996075,0.19499252719591703,-0.029970340139831665,0.25756095078128977,0.23834728410999598,0.2437582420633268,0.04044475908882689,0.011870884752240685,-0.15014783658851455,-0.10695086457798322,-0.2096433876094893,0.07262223702901668,0.009813203033542016,-0.031819338598999616,-0.013982703813212288,0.07480161208974768,-0.15888477074917753,0.12098307861019725,-0.02626401439960762,0.11402990047057844,0.16660327507785136,0.2166150742421929,0.19440256897884017,0.17485713756900198,0.23090455632828513,0.3654659281777926,0.5239731256680409,0.03727286608642541,0.20295904533192669,-0.30173378308971527,-0.3099631218275286,-0.1715256088137444,-0.0690459334527131,-0.15726574031658777,-0.07312474261626804,-0.28595159103633677,-0.06294969854291889,0.39380613278918364,0.3867965037456563,-0.09688039349056299,0.06795254422373066,-0.06120018323408154,-0.03028868622088961,0.4768865938357464,0.4174599869515124,0.0006973074769684939,0.23716783038816938,-0.20752509057593804,-0.056496249716588696,-0.22036489494116612,-0.1922430905481753,-0.03408524086490188,0.07400204518848587,-0.022115335674657708,0.08440474372677763,0.017666819361734615,-0.045858956028447556,-0.11233498521634115,-0.20125580125580125,-0.24259729683458497,-0.06428138462036767,-0.0814350560113272,0.03030441844001166,0.24442501052670546,-0.2632777615828463,-0.17074640125487583,-0.2537500520551368,-0.19337766117427135,0.4852154157238903,0.2070785731802681,0.526152500728772,0.4435222587764961,0.3714117815812731,0.414366292332394,0.4697848850391223,0.31123974513805025,0.510419356182068,0.2064391047441895,0.3523383167450964,0.1952289731950749,-0.0922287464660346,-0.10685462041394245,-0.12732362562871039,-0.2328141701023057
#11,0.7465428448479295,1.0,0.5362206582545566,0.5356806729688086,-0.046370715862241285,0.2749723529384546,0.22215281537315434,0.4726185353303997,0.4050273694341491,0.5918849512069851,0.5248212773636503,0.0803842363164397,0.283629237866526,0.18435523350777588,-0.3212431229380382,-0.16523966184983135,0.4946473437998862,0.2986322223610359,-0.1437142843922505,-0.0643281185654067,-0.08161551381890365,-0.02844015047404878,0.1420337132201539,0.08036295154939223,-0.02457002457002457,0.023335045368943673,0.154461703614246,0.2520019248832808,0.09681931546338327,0.042363164397062704,0.1874989010582231,0.10009346789007806,0.18347515466159534,-0.01602095161417195,-0.04506771794907388,-0.11304756220010458,-0.0896542150779439,-0.10232096503282943,0.04488818556615167,0.04249735097192724,0.0025796212236890203,0.09146804740025079,0.18202732779003966,0.02359647783376597,0.05955662904815447,0.044563361512514055,0.20871518668128838,0.19696460713409866,0.20475483187347593,0.1563384648130411,0.16282846791321368,0.17859492774747013,0.30740894978183114,0.3258725597708649,0.002418597333851571,0.10599397548550091,-0.3051444356529102,-0.24281199535436823,-0.05803106650564278,-0.023639510080188046,-0.07617679312594566,-0.0027281518806942535,-0.16139868682241565,0.02310924175330955,0.44262829856050195,0.4525914203880306,-0.01258207359902275,0.06635433584586127,-0.033797896509760915,0.009149673556453217,0.3782974037211325,0.44160801787920434,-0.06773275586834909,0.2678641661692509,-0.2305746424390492,-0.08761411642767575,-0.21298185704965367,-0.1458381339737272,-0.06936751852006089,-0.0020997885404665066,0.08847661220542577,0.10925147026841941,0.0085995085995086,-0.09570232790571774,-0.18231837384379757,-0.10149965065219302,-0.222337900304002,0.018910127384703657,-0.02144625364964348,0.008237204847374339,0.22263912602895652,-0.21816608596269613,-0.21386610030677827,-0.14818593632152954,-0.16233938098344877,0.4248892960757368,0.06383718078633333,0.48844468505485455,0.41470869945446215,0.42834436902233514,0.3861528708986336,0.15823419721724807,0.1549369091741973,0.41678766594020833,0.12508502339010813,0.3034199068097373,0.1907031839235229,-0.003831258068546204,-0.06334531758260571,-0.05927761351490165,-0.14468459214221926
#12,0.6751315259789836,0.5362206582545566,1.0,0.6576729271644526,0.12220417644146457,0.3720531008666602,0.1102125237718458,0.273890068805323,-0.024309517529856512,0.48227904329599247,0.27378364497008567,0.013023963871421499,0.23783598698852937,-0.01587658536811079,-0.3508201575998186,-0.2023973125668041,0.7393657139419851,0.7188347052753833,-0.2661169644220492,-0.2787573397742889,-0.03594626984457493,-0.23563393902376953,0.5257184765659342,0.38242017055576377,-0.01910030215114961,0.07986275952377647,0.35566706922639124,0.4217081488267929,0.036425639815470326,-0.16397368092283346,0.45347982805609927,0.4096845690066029,0.3704118602423687,0.24356760458455373,-0.1278645363391126,-0.2709152912542743,-0.23143343651818227,-0.4538416690959064,0.14679317221690102,0.12658883845324523,-0.19021039529514105,-0.1560747187865832,-0.10762087202765169,-0.32078688858349874,0.04833122799224494,-0.12427064969437851,0.2129439146388299,0.3202547694073118,0.21833914037303867,0.3199961132164522,0.257600744041422,0.3774705367925707,0.4285900692680354,0.7012405317490064,0.011764923629330409,0.24821693804744652,-0.3104156544834511,-0.467328345294447,-0.10954714344544852,-0.17281241179546264,-0.17982065270200864,-0.06191183479319073,-0.46834908868807174,-0.165953164258249,0.568753961974301,0.5080641504370318,-0.318352096318198,-0.11388183252590033,-0.13339441136051305,-0.10082409065459913,0.5604926960859165,0.5753490007727295,-0.08644021525377457,0.25333916350865504,-0.3267794759320183,-0.09843001707408487,-0.25661886848327525,-0.1124816650240379,0.038381987534529906,-0.006426611511357274,-0.00791515706769944,-0.04219982694558966,-0.07658583082311896,-0.09336192895514929,-0.22025569483196603,-0.16493658527556831,-0.17739789095721298,-0.15756511519223385,-0.24876941656602675,-0.04456845134811237,0.1374903408801714,-0.3106835649208531,-0.25549679109001144,-0.15669660415423128,-0.19748978562537883,0.7445652123618225,0.22582906481211565,0.7593618271584374,0.7331621297722992,0.5346358685341737,0.690847087457257,0.6449196500043958,0.6135047219792983,0.57915388423863,0.4397284804064465,0.43231073909040013,0.4070771850432867,-0.1708060911450742,-0.024400671858298976,-0.07150386133436981,-0.25959688502061384
#13,0.48597889106363684,0.5356806729688086,0.6576729271644526,1.0,0.028617832007662516,0.43087633087633087,0.09976540485015062,0.10549424617221227,-0.062097845148692606,0.5742005487768199,0.3316203722983384,0.09910696520866012,0.30853519158603904,0.07949814221000662,-0.23194288279034042,-0.1269784422326795,0.5278488041199906,0.3941267924318772,-0.1986539698404105,-0.1680982986067732,-0.06643577321543423,-0.14517275364732993,0.20695687983823577,0.1619446873684162,-0.17803782210561872,-0.05418129994401181,0.29397317193927364,0.4280163059824077,-0.05751838124719481,0.025490822100991593,0.27495106817140713,0.16317411402157164,0.3279344059005076,0.16854527871477024,-0.11841086078374213,-0.17650578159052735,-0.11721891382908332,-0.22364598805276772,0.03975624314607366,0.08040228209719735,-0.05879500455771642,-0.04792542928136149,0.03065700523327642,-0.08366995655131249,0.1284211792686369,0.0024111939366176656,0.3184145624823591,0.440270316541503,0.18423585372737916,0.3169306440492881,0.26758931504694217,0.30717944446758005,0.3770730669035754,0.43577737984517645,-0.003410189850867817,0.052001462170953694,-0.27127944585571706,-0.3104068629492358,0.031122031122031123,0.0004307851765478884,-0.13017300813910984,0.016330968873341754,-0.2356621644757238,-0.01369212047178149,0.4436874470772776,0.44037859122604883,-0.13399454924878654,-0.0964884761494931,-0.19867109019651394,-0.19722187518797687,0.27843344114530555,0.4297750755377874,-0.24238028475316611,0.20952585867840104,-0.32108071091121937,-0.17134468829384084,-0.3072358953714886,-0.17502556485607332,-0.022872795754151687,0.05076972195616263,0.202000768102463,0.04360323343374191,-0.014832706358130087,-0.04857507738863671,-0.18904621108010938,-0.07872402448673635,-0.1396923888449312,-0.0713002679104374,-0.2072317309605445,0.015969127833534612,0.1328673820199244,-0.25352656200113827,-0.238786398108432,-0.08771637585196908,-0.11913361743870218,0.48220408389899916,0.032810005691361624,0.5167747099950489,0.4333934859358588,0.4155887783006427,0.5230097586029789,0.30207202580083936,0.3941198517469704,0.3941776907878603,0.3921241734801057,0.33613829546032936,0.3894899522018166,-0.07182405826473623,-0.020163615078869317,-0.009841891197823402,-0.124035591832202
#17,0.10455632828514184,-0.046370715862241285,0.12220417644146457,0.028617832007662516,1.0,-0.05295835126343601,-0.15644118694966153,0.16634924601026296,0.09471212352568285,0.013734690005876446,0.07692453624657014,0.24454855471804623,-0.0958804721516586,-0.13762591559201728,0.0644539763183831,-0.07127065432150177,0.13673935877325707,0.20203778508863254,-0.005971302581472073,-0.018879125658786675,0.05826797521712776,-0.06850039561903969,0.037176621922384634,0.06991166821675296,0.2464290176154583,0.07411494699630293,0.055523165692657216,-0.10315153366000823,0.04114946996302928,-0.04261904431395957,-0.05832535154569053,0.02943868367597181,0.014383875400824553,0.05530892988520107,0.2709652641856032,0.20876330876330876,0.17647986970020868,-0.11744286659540897,0.045057538277877264,0.18286576252677947,0.0785458802407955,0.07476690866521375,-0.010739553112434469,-0.12677022168547591,-0.2794245709499947,-0.27719614838258905,0.06380617906041634,-0.012112883299323977,0.12019369138013206,0.04593113915147813,0.05686549415362974,0.07097729470610827,0.08938908091450465,0.10575521592470745,0.15691176538634166,0.03804929737133127,-0.03362345396243702,0.013408015102930358,-0.16732094189721308,-0.03489174845107049,-0.14516951466104008,-0.19902691597606853,0.09306070323019476,0.29617568261636057,-0.13703827093657603,-0.030825895232674892,-0.06298116298116298,-0.2058149058149058,0.1687211093990755,0.22197050671626942,0.12029317453046266,0.1685878482488652,0.00035767662886306955,0.02047178148873064,0.17377624157285174,0.16520079401435334,-0.2697256578612511,-0.1542345118616305,0.18056885853496024,0.04055766089664395,-0.20509076102296442,0.22183539471675065,-0.16803907142890193,0.09883350222333273,0.5545972783260918,-0.12513869802005395,-0.14009032144625366,0.2576363728906102,0.2664103240374427,0.2887079683689853,-0.16823294789396484,-0.15481475311983786,0.1328937566225702,-0.3544505985183951,-0.18070304510982477,0.09824955926650841,0.2175381853347955,0.04523105540054693,0.08848632916429526,-0.09958217076861145,-0.007783746766797614,0.30554236825423264,0.0634535922671516,0.13734921362040006,0.08707181758029216,-0.004690977572333504,0.009633670650619803,0.011672381163906587,-0.04068907119754577,-0.43434852417903264,-0.4503500418754656
#18,0.26318105470647846,0.2749723529384546,0.3720531008666602,0.43087633087633087,-0.05295835126343601,1.0,0.14877311826464368,0.06436143385295928,0.09103633679904867,0.2760611150441659,0.4088267003521241,0.3353336387234692,0.45200840285586047,0.3824595011035689,-0.30999366084111846,-0.28108848447831497,0.3129540943100265,0.2245126482414618,-0.21211473414863247,-0.23369517437314047,-0.21116709930269253,-0.2554468181586826,0.20112716722886215,0.053656121452731624,-0.05959549688363248,-0.011612228561381104,0.11260706006468718,0.18289583882804222,0.20202667999278168,0.3082945811759371,0.20201187319831387,0.08837111379484261,0.14022358259646395,0.01569705298518858,-0.0002836426565240125,-0.034325851275003816,-0.07177871245667856,-0.11810315708620793,-0.06810523929167997,-0.025543108593956053,0.11271626017388729,0.24060578297866433,0.24348246551636382,0.053958735314667515,0.34079040519718484,0.09368767843344114,0.2119708306148984,0.27538740589588045,0.08219945677572796,0.1621626248744893,0.04139331935942105,0.1064150437031793,0.14660438558743644,0.2923101838356076,-0.039253737558822305,0.03784524123507174,-0.24642207693055151,-0.292867289477459,0.06634739516095449,-0.06506984642577864,-0.07796101185931695,-0.033176473854439954,-0.13402370012539505,-0.05332065501557027,0.12994859266045708,0.14796799881545644,0.069367981232388,0.10041782923138855,-0.16171795832812783,-0.17701152616406854,0.22618581601632448,0.2645890883179019,-0.0179643433880722,0.28049760083658387,-0.23500974009448586,-0.16649916480424956,-0.1103744730863375,0.012279459737086856,0.01891753078193756,0.21911557165794454,0.5166668980228303,0.26020072460750426,0.34247421535557127,0.2635947195269229,-0.1806868501783756,0.1373043305246695,-0.0147845842761097,-0.0607754133177862,-0.23086615120513426,0.16306861561098848,0.43815340764493305,0.010019110019110019,-0.07853338700796328,0.11479337581032496,0.013058204583628313,0.2695521407385814,-0.0023427125122040377,0.2941633467057196,0.1533627618373381,0.22564259174428666,0.10393629376680225,0.11842659300286419,0.19772715704919094,0.1994068027966333,0.11535881027406451,0.16182021775242114,0.13171430290074357,-0.026199234673810946,-0.06351235673269572,0.14003433325467224,0.11300730622764521
#26,0.20284290453781978,0.22215281537315434,0.1102125237718458,0.09976540485015062,-0.15644118694966153,0.14877311826464368,1.0,0.10675467455128472,0.14862921473090965,0.39976864383644045,0.2836338649897972,0.05849331612043476,0.36197615180666026,0.5557628506781049,-0.32682389631542175,-0.04970548360378869,0.15573878963709473,-0.16459602900280867,-0.2927567012312775,-0.036567229787568774,-0.09855402397775279,0.039444375037595375,-0.03458635831517187,0.06427536936011512,-0.1974134380914042,-0.17417093518788435,-0.13268275980140387,0.06391769273125206,-0.05850442121628562,0.12759893946334624,-0.09112564027818265,0.02343036410833021,0.06772674060809654,0.0796647186477695,-0.11028285604556791,-0.12399996298301383,0.01164461842427944,0.08369540572930403,-0.03274383782858359,-0.17717578904019582,-0.04706385892826571,-0.0044725773539332865,0.09502491705881537,0.1840123636733806,0.22480970955547228,0.2233766894783844,-0.02915411559479356,0.05977132756793774,0.11593858881994475,0.1617461837800821,0.011358199493792714,0.12910876978673588,0.028771915212593178,0.12283253978169233,-0.09331519501011026,-0.04329275346224499,0.008107182683453869,0.07968276442852713,0.040170370678845255,0.16344248717130072,0.07459801866581528,0.2074126514804481,-0.05387128268484201,0.14445416140331394,-0.1388391473137236,-0.04313635669567873,0.18586089942022146,0.5155684189582495,-0.2571690334402199,-0.06108959498790007,-0.042262293109750736,-0.0726902557411032,-0.11713331204856628,0.048106812513592175,-0.055381113008231654,0.19103818764835714,0.050105267054419596,0.14296839212093448,0.006484450552247162,0.01395123937496819,0.17102587950045578,0.05235728795050829,0.08115742861505573,-0.024046234215725742,-0.2631630089257208,-0.04047483539008963,-0.023874567942364554,-0.23340921815498086,-0.06286918659800016,-0.014870648768953854,0.23133395336785167,0.03431196990519025,-0.09440580796513,-0.02636858738553654,-0.0780567933110306,-0.11411966666203954,-0.10964847744508761,-0.00280773840095874,-0.036773599485463895,-0.012444185325541257,-0.031226604107960042,-0.0897874762281542,0.007127620686942721,0.01794537218266032,-0.08067065524692643,0.07538462962191776,0.019735606176284143,0.2114979386165827,0.012322029271181813,0.04771489517252229,0.058176820888685296
#49,0.6449996992369874,0.4726185353303997,0.273890068805323,0.10549424617221227,0.16634924601026296,0.06436143385295928,0.10675467455128472,1.0,0.5836412683870311,0.5033134829745,0.527555444504597,0.24745068643373727,0.346206452986114,0.19949471813878594,-0.08527047849081748,-0.17288135593220338,0.4615046479453259,0.23032338964542354,-0.15357237052152306,-0.17211232804453144,-0.026479175631718005,-0.17485898841831046,0.1481702041024075,-0.043029932860441336,0.17741825029960623,0.024410388817168477,0.05789780535543247,-0.0707792538301013,0.3148498267142335,0.07779212185991848,0.0013770318855064617,0.02564675615523073,-0.025472776320233946,-0.13821818737072974,0.13566586617434076,-0.11142899447984193,0.012154064696437579,-0.09192890887806142,-0.02524974897856254,-0.14164781113933655,0.18650684582887972,0.10501441348898977,0.07644331542636627,-0.14924462212597805,0.01352508132169149,-0.1958684416311535,-0.11687604399468807,-0.10995756927960318,0.034509548068870105,-0.012419198859876825,-0.003231582892599842,-0.008748039256513834,0.11376800529342902,0.16231485723011146,0.049739261603668386,-0.09180027485112231,-0.15605852385513402,-0.30213958180059874,-0.2234497980260692,-0.14913588472910508,-0.09374320391269544,0.0009763230102213153,-0.06156109884923444,0.05800145291670716,0.224260932735509,0.16849993290671256,0.05672482960618554,0.1862759523776473,0.10871241040732565,0.05790891045128333,0.43390015593405423,0.2684129429892142,0.16317689029553437,0.1165743555574064,0.03821078397349584,-0.020198781215730367,0.0014177505702929433,-0.09009934433663247,0.13073381547957819,-0.06810801556564268,-0.05222865392356918,0.014769314769314769,-0.22964042625059575,-0.08949781831137764,0.03229500687127806,-0.07457858474807627,-0.15869737225669428,0.012729678831373747,-0.04851723834774682,0.03606796318660725,0.08712179051162101,-0.20304696067407932,-0.2252608540744134,-0.31318221148729625,-0.2570579824817113,0.2144116381404517,-0.041764414645770576,0.27604815909900654,0.084670340602544,0.11348019822596093,0.12809774335198065,0.22067121050171898,-0.008067389423321627,0.32280153805577533,-0.023478486190350596,0.16343508377406682,-0.01258762614694818,-0.015075630329867617,-0.07595839290754546,-0.23674306047187405,-0.21735633939023769
#50,0.34458233271792593,0.4050273694341491,-0.024309517529856512,-0.062097845148692606,0.09471212352568285,0.09103633679904867,0.14862921473090965,0.5836412683870311,1.0,0.36433552196264063,0.4832993239772901,0.15790382061568503,0.2366986400884706,0.24744559659813897,0.09296399635382686,-0.13188273018781493,0.12618072618072618,-0.06992740043587502,-0.011912991574008523,-0.14976794976794977,-0.0517909280621145,-0.05723103689205384,0.03084764271204949,-0.08982726948828644,0.18652905602058145,-0.00822563703919636,-0.01986562834020461,-0.13195815229713534,0.29096554181299944,0.14926544418069843,-0.11068587848248865,-0.13740751537361706,-0.1857604908452366,-0.19505591878473236,0.18617739465197092,-0.019289088780614205,0.08317994419689335,0.05497809057131091,-0.03609526321390728,-0.07102264051416594,0.3093768653090687,0.2687211093990755,0.19606463165785198,0.09827269488286437,0.030225757344401413,-0.01682144394008801,-0.17949258966208118,-0.24243442209543906,-0.01134524354863338,-0.062596649037327,-0.10347913398760857,-0.12783446003784987,-0.035826427351851084,-0.055707325198850625,0.02902409343087309,-0.144912709319489,-0.0661997899286035,-0.07430650989973024,-0.13366139637326077,-0.08517839873772078,-0.03799608545371257,0.00934031103522629,0.14474243118310914,0.05186449932212644,0.10911126843330234,0.0179328789498281,0.21034624763438323,0.22553616790904926,0.10985530985530985,0.028953298444823868,0.1494560816594715,0.0021007139651207448,0.1494445138512935,-0.007440876932402356,0.04290777680608189,-0.08337150710032067,0.052069480883040205,-0.1213763840882485,0.1702661058593262,0.04803786837685143,0.06006052277238718,0.044802583785634634,-0.011248536672265486,-0.0505193945871912,-0.0027498993600688516,-0.07087318443250647,-0.12517016245829804,0.028949596746206917,-0.016414719804550313,-0.009065922625244659,0.11525192372649999,-0.11076592771508026,-0.09030201233591065,-0.17365084653220247,-0.10691754929043065,0.008316791367638826,-0.07223402138656376,-0.030365959179518502,-0.11385915962187149,-0.06316948689830046,-0.12401291892817316,-0.024972584294618193,-0.1290338103897426,0.0794856489771744,-0.19117098608624034,-0.0958300365080026,-0.12785667022955158,-0.009736855499567364,-0.08889582957379567,-0.17470397978872554,-0.1180564231411689
#51,0.6069471628793662,0.5918849512069851,0.48227904329599247,0.5742005487768199,0.013734690005876446,0.2760611150441659,0.39976864383644045,0.5033134829745,0.36433552196264063,1.0,0.6011345706260961,0.2885520343147462,0.5553043027619299,0.40162365755586094,-0.19418370604811283,-0.26563990801278936,0.6762864559474729,0.156738248263672,-0.2568090432497212,-0.2732607800404411,-0.12050787305024593,-0.27343753614940053,0.20123127750246395,0.049049820236260915,-0.10324638968706765,-0.24528565545514697,0.25679747544154324,0.1948421456896033,0.18908183992929756,0.03781470222148188,0.19370202251558183,0.23588334096808672,0.2483057788142534,0.12092338871999889,0.007218312303058066,-0.24430886973259855,0.03214740163892706,-0.14580111698755766,0.0373816034832984,-0.050314875738604554,0.0707144741043046,0.07306597815072391,0.12987548411277225,0.0023209650328294396,0.22233095961909521,0.015156142274786342,0.30072830920288546,0.2775038520801233,0.32284503301452455,0.2680682223055104,0.19648014732760496,0.2214004451292587,0.31859363215295416,0.3340949578237714,-0.024163763146813993,-0.11222300883317833,-0.29734449395466345,-0.46600036091561514,-0.0741723233248657,-0.07631236783779156,-0.030594076356788222,0.16456872897550864,-0.14382070822748788,0.0693869524377999,0.32406844440742744,0.24694586728485032,0.10189526969187986,0.2330321076083788,-0.2252002387595608,-0.17588528435986064,0.3225502852621497,0.3079188587663164,-0.12224258156461547,0.17722529925919756,-0.21681727952914392,-0.062353262353262356,-0.1386411064377166,-0.08546851936682445,0.14904334226368124,-0.09068513814276526,0.19240874156128393,0.042995692148234524,-0.007751356903899277,-0.059389127185737356,-0.2321996881318915,-0.04864170796374186,-0.08409009934433663,-0.2532743837828584,-0.23051263898721525,-0.04855101634762652,0.2513064682556208,-0.2555065080488809,-0.29436277571870795,-0.1932818797225577,-0.21909798858951401,0.4111499789465891,-0.1257869579903478,0.48534266161384804,0.21522601183618134,0.3131664792681742,0.30834594224424733,0.22083038354224796,0.27269395743972014,0.3790238620747095,0.17617864397525415,0.35352286030252134,0.23580421716014938,0.049158094920806784,-0.05952747817154597,-0.10736314126144635,-0.20964061133552658
#52,0.4763891780840933,0.5248212773636503,0.27378364497008567,0.3316203722983384,0.07692453624657014,0.4088267003521241,0.2836338649897972,0.527555444504597,0.4832993239772901,0.6011345706260961,1.0,0.2912575132914116,0.34386003877529303,0.45490081761268203,-0.09865211899110204,-0.1897125168311609,0.46406853694989286,0.1064344776209183,-0.14382440992610485,-0.16935641342421004,-0.09222735832905324,-0.20688423400287806,0.08833733579496292,-0.06667453277622769,-0.00902890563907513,-0.10148762013168793,0.08221889069346697,-0.044012733843242315,0.158925489433964,0.1267531013293725,0.054157238903001614,-0.07985257985257985,0.0909937672649537,-0.11912991574008523,0.03626924304890407,-0.0631051698848309,0.11514688802824397,-0.049296908618942516,-0.06630482562685952,-0.08958573365353026,0.2175280056635989,0.19937441293373498,0.20354252557642388,0.018709310234733965,0.046936150325980835,-0.04944775283758335,0.14789257670613604,0.0681084782779698,0.12921519362197328,0.02906527482798669,0.08536024468227858,0.06844718370142099,0.1453994826876183,0.13342680122341138,-0.08820314922009838,-0.1478236325693953,-0.23891780840933383,-0.31026157127852044,-0.16853324819426516,-0.16067778101676405,-0.08552358213375162,-0.015910363367990486,0.013348325212731993,0.2754392296765178,0.20708273759121218,0.21894668165854606,0.14692180624384013,0.1724917521527691,-0.06764391510154222,-0.04699028766825377,0.2994688062484673,0.3031339505915777,0.07609211677008287,0.1416945450843756,-0.06309915462457835,-0.1095439044591587,-0.06822554449673093,-0.06865910594724155,0.2099751523480337,0.0837453786606329,0.19935035189272476,0.0735138836833752,-0.04317661266813809,0.008506966134084777,-0.08828273574036286,0.05544311646006561,-0.1267480114937742,0.07844778522744625,-0.061854458464627955,0.08148271538102046,0.12679474543881322,-0.21847841678350152,-0.32482821804855705,-0.16298810366606978,-0.24946070878274268,0.2421331963704845,-0.05876909266739775,0.28469069994493723,0.003119143797109899,0.2813823068060356,0.13806780586441603,0.10979932166372844,-0.04498489244251956,0.3072770767686022,0.06975665958716806,0.24175099598828412,0.06612945765488139,0.0006251243539379133,-0.11573592082066658,-0.11046979182572403,-0.1619668975601179
#53,0.16780910340232374,0.0803842363164397,0.013023963871421499,0.09910696520866012,0.24454855471804623,0.3353336387234692,0.05849331612043476,0.24745068643373727,0.15790382061568503,0.2885520343147462,0.2912575132914116,1.0,0.5562704461009546,0.4326355631440377,-0.1769425820273278,-0.3699625665727361,0.11197360688886113,-0.1430197531892447,-0.3616818667666125,-0.24425010526705443,-0.18725088725088726,-0.2620251993133349,-0.09572037368647539,-0.13039464734379988,0.05588732029409996,-0.13426847494644104,-0.06993758010707163,-0.059691741047673254,0.22701777278048466,0.22278025328872786,0.03685781312899957,0.10343748987816784,0.026095124400209144,0.05873115025657399,0.20315939976956926,0.07833395799497495,0.1811398455466252,0.06323519204875137,-0.05056011327197768,-0.09990005413734228,0.09340681205087985,0.19468065908743876,0.23138809071012462,0.15758501182229995,0.25067995576470153,0.02607846675643286,-0.003891873383398807,0.09890892433265315,-0.01979807234044522,0.01850756766011003,0.0713557933896917,0.02596278867465308,0.03380761346863042,-0.07679682764428528,0.08601081821420804,-0.19047738030788877,-0.054979941420619384,-0.15052587255977087,-0.004346719600956889,-0.0771656093689992,0.015225549123854208,0.13094851399936144,0.21645451306468255,0.17096804045956587,-0.17071863851524868,-0.18557494320206186,0.39642230828671504,0.02818704683111463,-0.18201761083117016,-0.013937358005154615,0.05727268100149456,0.129089798581324,0.056057598430479784,0.3109829397964991,0.16818713937358004,0.1103166340454476,0.03201923032431507,0.17066496388530286,-0.03083792575317999,-0.11591452777893456,0.34421956625346456,0.32607106335919894,0.31892169519288166,0.6694373880814559,0.3527765053188782,0.2644512000444204,0.1329428041292448,0.13586668332431046,0.09824817112952706,0.5092570228163449,0.4219362660040626,0.2733519343688835,0.12959415501788382,-0.0992855721669281,-0.009457839966314543,-0.07625591693388303,-0.25450843755928504,0.10154083204930663,-0.2077587603011332,0.07882535848637544,-0.11296010957027906,-0.05111906976313756,-0.08582203158474346,0.0955612006459464,0.020045160723126825,0.02352383199840827,-0.07761953016190304,0.3139248647723224,0.06514110412415497,-0.1197587417926401,-0.09960438096031317
#54,0.3875821892771045,0.283629237866526,0.23783598698852937,0.30853519158603904,-0.0958804721516586,0.45200840285586047,0.36197615180666026,0.346206452986114,0.2366986400884706,0.5553043027619299,0.34386003877529303,0.5562704461009546,1.0,0.5895329844482387,-0.21619909586011282,-0.23896454235437287,0.2888481702041024,-0.007916082492353678,-0.29113998436032335,-0.16020072460750426,-0.26897189948037403,-0.16155415816432767,0.09947250794708422,0.007623648301614403,-0.15598680344443056,-0.14931449168737304,-0.04474520745707186,0.05569251840438281,0.3850270918067528,0.35478051240763103,0.21357459154069325,0.1900734324463138,0.10987520648537598,0.16657828861218693,0.1872249753605686,-0.14003155698070952,0.0907998907998908,0.09202839202839203,-0.03433880722016315,-0.15444319512116123,0.16870306361831786,0.20399089382140229,0.3382607569048247,0.2986923749635614,0.5584919279834534,0.3524424270186982,0.10990389464965736,0.14305584475076,0.13432446313802246,0.10819324717629802,0.08453569131535234,0.08064890776755183,0.1287140761717033,0.1331172466765687,-0.1717745480457345,-0.14554338622135232,-0.30510279154346953,-0.265479346835279,-0.011760759218386338,0.0025759195250720673,-0.025696266374232477,0.13506110116279607,0.07755937755937756,0.012589939708583776,-0.014657338386151946,0.03291041426634647,0.42660827237098425,0.4181114859080961,-0.3390871611210594,-0.177533928381386,0.10213495467732756,0.11828315218145727,-0.13457571593164813,0.18545648884631935,-0.0938829430354854,-0.06561538425945206,-0.09761518066602812,-0.09072446869057038,0.09154532035887968,0.08976063891318128,0.5205384120638358,0.1863055659665829,0.20526057644701712,0.25235867608748963,-0.15864601118838406,0.018989251192641023,0.01143315889078601,-0.2318966115576285,-0.11116339760407556,0.1487569233331945,0.6859631588445148,-0.0012761605981944965,-0.13496161801246548,-0.15126667499548854,-0.14529768597565207,0.12392315273671206,-0.14561047950878458,0.1744897439812694,-0.07665986479545801,0.11366435773215434,0.01888837990532906,0.04467394975869552,0.14010651637770283,0.17809195944789166,0.005804726143709194,0.12640282809774336,0.020453272995645876,0.10396590735573787,0.046976869010767315,0.017065293336479777,-0.02676698269918609
#58,0.12034777458506273,0.18435523350777588,-0.01587658536811079,0.07949814221000662,-0.13762591559201728,0.3824595011035689,0.5557628506781049,0.19949471813878594,0.24744559659813897,0.40162365755586094,0.45490081761268203,0.4326355631440377,0.5895329844482387,1.0,-0.20577418713011933,-0.1964838490262219,0.12833372663881137,-0.27797859492774746,-0.26514526853509907,-0.10260183141539074,-0.2397863194473364,-0.13398945941318824,-0.094592281032959,-0.08970927784487107,-0.07096942859654724,-0.18250160792533673,-0.1959822688636248,-0.06373029423876882,0.162961729063424,0.22315227399973162,-0.15334193978261776,-0.1010461925716163,-0.007300675097285267,-0.045965842576012064,-0.008212681094037026,-0.10191285276031038,0.15477264629807003,0.12332532841007417,-0.08589606555708251,-0.21515614227478636,0.14187222661798932,0.1159908753129092,0.3358347561737392,0.33384416774247283,0.35478513953090224,0.25625101218321555,0.00865086966781882,0.0649749903987192,-0.02173637427874716,0.019102615712785206,-0.05953256800714428,0.01663312002295053,-0.07975957467482891,-0.022237491729017154,-0.09806725060962349,-0.15172846189795341,-0.12449043804976008,-0.04534858433163518,-0.055044258434088944,-0.06316485977502927,0.033263001059611226,0.20212570043078518,0.23702207600512684,0.22845495726851658,-0.17518427518427518,-0.1545348121619308,0.5693466964653405,0.426207100783372,-0.19780766899410968,-0.00721090890582416,-0.014169639593368408,0.006435403045572537,-0.07267637437128963,0.10315939976956925,0.05276077309975615,0.10772174331496365,0.06715482817177733,0.10291832664714021,0.14194811143963687,0.033840003331528756,0.4133413845278252,0.2281888976804231,0.2335993929214268,0.29362891396789703,-0.07981324930477472,0.10787721465687568,0.024791201062387504,-0.14126746160644466,-0.052837120633730805,0.17021659564032446,0.45818792598453617,0.1306565425209493,-0.08850576308203427,-0.051066783270173104,-0.0992952891257976,-0.11756270908813282,-0.20418523299879232,-0.002674014538421318,-0.19347899517391043,-0.033787254126237176,-0.15629682070360038,-0.2692458251780286,-0.18413729600170278,-0.02670497924735213,-0.08757941300314181,0.03748617646922732,-0.08424834696021137,0.305073640666861,-0.0022742310877904097,0.02521689640333708,0.07342550562889547
#101,-0.3591674879810473,-0.3212431229380382,-0.3508201575998186,-0.23194288279034042,0.0644539763183831,-0.30999366084111846,-0.32682389631542175,-0.08527047849081748,0.09296399635382686,-0.19418370604811283,-0.09865211899110204,-0.1769425820273278,-0.21619909586011282,-0.20577418713011933,1.0,0.4356866882290611,-0.2572402911385962,-0.167200173979835,0.5865498780753018,0.20532443074815956,0.42019554222944056,0.1695391847934221,-0.0974162143653669,-0.24801519547282258,0.20770277210955176,-0.041166127606805575,-0.19087808918317392,-0.5196245552177755,0.08875701587565994,-0.061555546301309015,-0.23140798734019072,-0.25690852640005185,-0.35637363094990215,-0.2552760773099756,0.19277335887505379,0.24622172249290894,0.23131128046382285,0.21441672797605002,-0.07504361063683097,-0.15015755354738405,0.43142649583327547,0.1708930810625726,0.0726152963441099,0.017226317226317227,-0.3232850724376148,-0.2106558021812259,-0.2784394564055581,-0.34623190216410554,-0.2700236445999158,-0.43521055724445556,-0.24988547869903802,-0.3499932906712568,-0.3676013455674473,-0.4819047090233531,0.016666898022830227,-0.22306019424663492,0.10407742102657357,-0.03992467043314501,-0.3148197504129708,-0.3337326540716371,-0.21715691037724935,-0.28561566188684834,0.30763660424677375,0.05633337497744277,-0.19890152093541924,-0.24883003188087935,0.11425477866155832,0.0521759047182776,0.41187551187551186,0.21580856665602427,-0.06287658999523406,-0.1282055553241994,0.3243382056941379,-0.14652017194390077,0.24783890207619022,-0.1485792417995808,0.05891160806415044,-0.3348103110814975,0.3350805350805351,0.06799372562084427,-0.08319613912834252,-0.07674870556226489,-0.19572500080974659,-0.15033199609470796,0.12642873998806203,-0.15065126760042014,-0.10113780961238589,0.17266295571380316,-0.04042023533548957,-0.18208239055696682,-0.38288103203357443,-0.21095749061850758,-0.15540332319993336,-0.1738572162300976,-0.17842603774807164,-0.2676943507451982,-0.00573439386998709,-0.36227552668230634,-0.3303488388234151,-0.2660234965319711,-0.31526025254838813,-0.17835246648805972,-0.2971862463387887,-0.2354710642846236,-0.16058755211297585,-0.34597741038419005,-0.22609281083857355,-0.24231781858900503,-0.34478268715556853,-0.24545500816687257,-0.17145111212907824
#102,-0.2169616457752051,-0.16523966184983135,-0.2023973125668041,-0.1269784422326795,-0.07127065432150177,-0.28108848447831497,-0.04970548360378869,-0.17288135593220338,-0.13188273018781493,-0.26563990801278936,-0.1897125168311609,-0.3699625665727361,-0.23896454235437287,-0.1964838490262219,0.4356866882290611,1.0,-0.3053785680904325,-0.07194575160676855,0.43383074908498637,0.5877126741533522,0.19955255717967582,0.6839850636460806,-0.24388733880259303,-0.055953488156877985,-0.03795444134427185,0.21160019804087601,-0.32016407779119643,-0.1866660188694087,-0.007843899369323098,0.07567012312775025,-0.16704470263792298,-0.16814410712715797,-0.26433413382565923,-0.23662691967776714,0.015649393615495312,0.0895260437633319,-0.13331898925119265,0.24383875400824553,-0.2427870088887038,-0.16479175631718004,0.24062382875942198,0.098418911978234,0.04044660993813536,0.2149710573439387,-0.2417870875497994,0.06065788438669795,-0.12630936020766528,-0.21393735800515462,-0.1796869288394712,-0.2978104452680724,-0.2087323070373918,-0.13626924304890406,-0.3248351587334638,-0.2480156581851497,-0.2440344813226169,0.08810968133002031,-0.12833465206346562,0.2425565781497985,-0.27850793782997174,-0.12579297325060038,-0.22972972972972974,-0.26230884196985893,0.10969891308874359,0.04986002952104647,-0.16055331140076903,-0.008016028355011405,-0.03706695910085741,0.2248879079387554,0.35752115752115754,0.3827949675407303,-0.0960549146989825,-0.16978719860075792,0.06384597232054859,-0.03606842589893437,0.016040385531910957,0.04942554264588163,-0.19642739812231338,-0.41277039751616024,-0.035426643901220176,0.31171032357473033,-0.12055368157063072,-0.0344174683157734,-0.07835015292642411,-0.11502612011086587,-0.035496513462615155,-0.26257027443468123,-0.2355312168871491,-0.047918951308781814,0.06783917970358648,-0.24702545380511481,-0.19339616966735612,-0.18887778379303802,-0.17807530180411538,-0.11630875868164003,-0.17295770346617803,-0.34032861829472,0.20412091598532275,-0.32063002910460536,-0.09250915013626879,-0.303041870838481,-0.21329927770605736,-0.10247736179939569,-0.15259280852501192,-0.19330594076356789,-0.21408126153888865,-0.26165410402698536,-0.26627891373654083,-0.22515350481452176,-0.23783876326249206,-0.17906735703345872,-0.07564976378535701
#201,0.6350051129712146,0.4946473437998862,0.7393657139419851,0.5278488041199906,0.13673935877325707,0.3129540943100265,0.15573878963709473,0.4615046479453259,0.12618072618072618,0.6762864559474729,0.46406853694989286,0.11197360688886113,0.2888481702041024,0.12833372663881137,-0.2572402911385962,-0.3053785680904325,1.0,0.5277807854079041,-0.22281171772697198,-0.378182651064007,-0.07282675587760333,-0.3895089234072285,0.4492548017971747,0.14595288663085274,0.07812249846148152,-0.12487171300730623,0.3330779161287636,0.21760296506059218,0.18771267415335213,-0.16433922366125756,0.28422336049454694,0.30713872578279355,0.2728318457132016,0.08466247449298296,-0.09323792205148138,-0.25773909502723064,-0.13256893256893257,-0.461664283698182,0.03490979423182813,-0.017755197416214365,-0.019017013932268168,-0.09402407029525674,-0.06006006006006006,-0.38911515521685014,0.0403119606509437,-0.3061462078411231,0.2146443824409926,0.23579635105058833,0.20803222328646057,0.29468065908743873,0.2779665644072424,0.2995830961932657,0.3896593049135422,0.5291786393481309,0.04841451621112638,0.03532299633994549,-0.2934558595575545,-0.6394055072021174,-0.020873878500997145,-0.14881707593572,-0.05821152431321923,0.04553737096109978,-0.3952224952224952,-0.06227830295626906,0.5188800510834409,0.3978132215420351,-0.28291619817043545,-0.06111087975494755,-0.006888861126149262,-0.09976633027480485,0.609941374348154,0.6202742033250508,-0.04770980533692398,0.16470245283804605,-0.3292517478958157,-0.13758103249628673,-0.1641268387031099,-0.06351976012992962,0.20891091399565975,-0.12561529171698663,-0.014237195593127796,-0.022976443315426365,-0.04221139475376764,-0.13158613158613158,-0.22173868784038275,-0.01105466020720258,-0.004489234997709574,-0.17894473826677215,-0.29362521226928007,-0.046708495861038236,0.011233267165470556,-0.22069434611807492,-0.3147262825228927,-0.05973153430780549,-0.10589125334888047,0.7454707403859946,0.0326448173905801,0.7533821957550771,0.5294484006348413,0.48648324750019667,0.5513513513513514,0.5500788924517738,0.4664565952701546,0.46020997885404663,0.3248855943771198,0.4252252252252252,0.2997894658911608,-0.09395420073386175,-0.137923902330682,-0.01668124210497092,-0.18672015621168164
