,#10,#11,#12,#13,#17,#18,#26,#49,#50,#51,#52,#53,#54,#58,#101,#102,#201,#202,#301,#302,#401,#402,#501,#502,#601,#602,#701,#702,#801,#802,#901,#902,#1001,#1002,#1101,#1102,#1201,#1202,#1301,#1302,#1401,#1402,#1501,#1502,#1601,#1602,#1701,#1702,#1801,#1802,#1901,#1902,#2001,#2002,#2101,#2102,#2201,#2202,#2301,#2302,#2401,#2402,#2501,#2502,#2601,#2602,#2701,#2702,#2801,#2802,#2901,#2902,#3001,#3002,#3101,#3102,#3201,#3202,#3301,#3302,#3401,#3402,#3455,#3501,#3502,#3601,#3602,#3701,#3702,#3801,#3802,#3901,#3902,#4001,#4002,#4101,#4102,#4201,#4202,#4301,#4302,#4401,#4402,#4501,#4502,#4601,#4602,#4701,#4702,#4801,#4802
#10,1.0,-0.09295011498401329,0.22514980311590482,0.4915767847971238,0.41953386360166023,-0.1397451380502228,0.25495726851659056,0.284798511917156,0.07231129434519265,0.33308578223832463,0.3341486324537172,-0.11528014917845426,0.061301517233720626,0.30883965629728344,-0.17805725602335773,-0.1771563551224568,0.14107821226465295,-0.06613778647676953,0.08258443343189106,0.3392023764905121,0.02118204491085847,0.05651984804527178,-0.23787207855004466,-0.05344512463156531,-0.040327692870065754,0.3685855346872296,0.029494671867553224,0.4274212579297325,0.29091279260770786,-0.3829925457044101,-0.003168654016111643,-0.40298495722224537,0.364566415413873,-0.06867530087869071,-0.05992633619752264,0.3896514388039812,0.13679673510181986,-0.13654409417121283,-0.06522716861699912,0.3471087420239963,0.15076602025754568,-0.018406696372798067,-0.13637751773344994,-0.31242937853107344,-0.22957101940152788,-0.3608258489614422,0.1419147961520843,0.3243909548994295,-0.12089099885710056,0.18031714302900745,0.30875266637978505,-0.04208090987752005,0.2875132451403638,-0.036465433075602564,0.023779711915305136,0.06059911992115382,-0.12143144685517566,0.030378452412350716,-0.14465497855328363,-0.06480795124862922,-0.1037465817126834,-0.003497642480693328,0.10898911237894289,0.09805198110282856,0.2104475816340223,0.28221518899485,0.19949009101551474,0.17134422558151371,0.22995136893441978,0.29620946061624026,0.3067060897569372,0.38165900877765285,-0.13714654562112188,0.22244386142691228,-0.12428314292721072,0.040024153583475615,0.009932120101611626,-0.06308851224105462,-0.08641476607578302,-0.1288135593220339,-0.014990028549350583,0.2179860908674468,0.07446753378956769,-0.1632384310350412,0.34900401171587614,-0.32760125302498183,0.043822096364469244,0.044468968197781754,0.20305528949596746,-0.1277576497915481,-0.3284938251039946,-0.06902603682264699,0.17506396997922422,-0.18228690940555348,-0.06264708468098298,-0.11895871217905116,0.24522689098960285,0.23334675199081978,0.10473493524340982,0.335756095078129,-0.17044332468061282,-0.0061684180328248125,-0.3539707658351726,0.3293262445804819,-0.21483733348140127,0.3722377230851807,-0.07980168149659675,-0.04832243645802968,0.011043092399024602,0.008587478079003502,-0.02618165160538042
#11,-0.09295011498401329,1.0,0.6403443505138421,0.4049644405576609,-0.025494986511935665,0.08688904621108011,0.5875969960715723,0.058392907545449915,0.5457030219742084,0.5884243257124613,0.5807062840961146,0.14930246116686793,0.05397909465706076,0.4244349125705058,-0.0675245353211455,0.20893682588597842,0.5380451329603873,0.3604922333735893,0.022650693837134514,-0.09356737322839018,-0.10451746044966384,-0.027473544422696967,-0.016354567202024828,0.10839591517557619,0.00271982305880611,-0.16292933920052563,-0.29807326586987604,-0.12020525918831003,-0.2712202186778458,0.024143866516747874,-0.3657227335193437,-0.053390987289292376,0.00813309457377254,0.032189508460694904,-0.0232290842460334,-0.12786129735282278,-0.19315278298329147,0.14052064391047442,-0.16235002336697252,-0.19527431900313255,0.055213148433487416,-0.10007681024630177,-0.12385189503833571,0.17787124566785584,-0.13191697090002175,-0.1370401217858845,-0.30015084421864086,-0.2075412855073872,-0.17375171781951443,-0.1663626646677494,-0.22843783691241318,-0.1891072891072891,-0.18098344878005895,-0.05721993179620298,-0.10926396350125164,0.07871014311692277,-0.3016500321585067,-0.36700305852848225,-0.2621760435319757,-0.23473442625985,-0.09619604195875382,-0.10922370752879228,0.19387924133686846,0.3011373469000588,0.05579061341773206,0.1368952928274962,0.21031987303173744,0.1985517104161172,0.1875572028114401,0.3328942193348973,0.20330469144028465,0.09642415913602355,-0.13636594992527196,-0.20616286548489937,-0.05899813526932171,-0.07582235548337243,-0.11253071253071253,-0.23216082029641352,0.4190637478773072,0.23691472674523523,0.11376291545783071,-0.3004765936969327,-0.2823304043643027,0.04509270441473831,-0.2383741214249689,0.021500390991916415,-0.30881837153023595,-0.2428642818473327,-0.3132321844186251,0.2554403401861029,-0.1205990273786884,-0.008182142080447164,-0.3941115229250822,-0.2487513707852691,-0.4071202172897088,0.44196708264504875,0.1544038645733561,0.3351730775459589,-0.3362174192682667,-0.016762216762216762,-0.0862250540216642,0.2210251854319651,-0.07809103402323742,0.08392259748191952,0.046070878274268104,0.1522170861153912,-0.14658957879296863,-0.05628201390913255,-0.20539892743282573,-0.1561233035809307,-0.1972079938181633
#12,0.22514980311590482,0.6403443505138421,1.0,0.6091117311456294,-0.17626794745438812,0.061445883479781783,0.4357510052425307,0.0696752222175951,0.35106539513319174,0.6362137175696497,0.5001818459445578,-0.04785463429531226,-0.12863125066514897,0.32966217372997036,-0.23893955588870844,0.1322501237755475,0.7825242808293655,0.5779364881059796,-0.03597819699514615,-0.04472623625165998,-0.26041125871634346,0.12477639426791969,-0.10049463947769033,0.2560168797456933,-0.012265115654946163,-0.15848359916156526,-0.09747729239254663,-0.09957754364534026,-0.24442501052670546,0.18348302077115636,-0.18823600179532382,0.06765964732066428,0.30886973259854617,0.31390219186829355,0.148207221088577,-0.21508303372710152,-0.23564365598263903,0.1807206281782553,-0.23598143598143598,-0.1676605727453185,0.0978881809390284,0.03498614176580278,-0.29573564319327034,0.010892248180383774,-0.19967378780938103,-0.027505934285595304,-0.030105452139350446,-0.08029632097428707,-0.16156063613690733,0.010145893196740655,0.09900146679807696,0.1362410175969498,0.08323963408709172,0.11966157220394509,-0.2266776792200521,0.13221495763868646,-0.46750926581435054,-0.4366241434038044,-0.1030367810028827,-0.0271764831086865,0.0556050657745573,0.0394230902705479,0.20284521809945538,0.32440714983087865,0.1341680663714562,0.23791464808413962,0.07357079729961086,0.10374102916475798,0.23829592304168576,0.44772738840535453,0.3682963394827802,0.30313441330390484,-0.26679159899498883,-0.17706705164332284,-0.22920501395077666,-0.1548786074209803,-0.27631236783779156,-0.13949295983194288,0.24718138785935395,0.3592817779258457,-0.14547120309832173,-0.27539619743009575,-0.26370484506077724,-0.12052776968031205,-0.2969900563120902,0.01319933184339964,-0.2666884141460413,-0.15937432039126953,-0.35324291934461427,0.21032681371664422,-0.16425639815470325,0.020043772586145467,-0.3556989963769625,-0.26865679238560597,-0.4073432446313802,0.354667610599814,0.22823146721451806,0.6072941971247056,-0.16657227335193436,0.2322889916110255,0.1211875974587839,0.5397627211186533,0.1170875035281815,0.47176159210057517,0.27065432150177915,0.42691366250688284,0.07123317462300513,0.06704886704886705,0.032821573499539604,-0.0041111990264532635,-0.22370845421692878
#13,0.4915767847971238,0.4049644405576609,0.6091117311456294,1.0,0.13789151246778367,-0.006409953867580987,0.5185866914680474,0.0624731048459862,0.25448992906620027,0.6308754054516766,0.5911001911001911,-0.0025190059088364175,0.042082298014501404,0.46740330469144026,-0.05226613362206583,0.020734139378207176,0.3980112624180421,0.18427842326147412,0.18894811606676012,0.27836125802227496,-0.053562190850326444,0.18748548240073665,-0.20061772095670402,0.009927955690667555,-0.05593174067750339,0.08615148276165226,-0.02731020697122392,0.18068361119208576,0.09184515794685286,-0.028355474118185984,-0.05080951521629488,-0.14101296982652914,0.30780919594478917,0.07415242669479957,0.08828273574036286,0.09295705566892007,0.1252969456359287,0.1622602571755114,-0.023470157368462453,0.050344952039867295,0.05008722127366195,0.1960743486167215,-0.14234558132863218,0.09542886492039035,-0.23809973301498724,-0.19168274592003406,0.0614898411508581,0.25133700726921065,-0.13228806618637126,0.14899660831864223,0.13384185418083724,0.059725981759880066,0.07963603048348811,-0.05708065538574013,-0.09804689126723025,0.02502718434921825,-0.3996631454258573,-0.29503000689441367,-0.25348167890540774,-0.15335628386475844,-0.2192238463424904,-0.06460574596167816,0.2609628118102694,0.2640597454156776,0.28635276262394904,0.27769448955889636,0.3015394439123253,0.3530772683315056,0.2447530735666329,0.4113938283429809,0.3766584766584767,0.3212371076777856,-0.21744888185566152,-0.02822637737891975,-0.19080174164919927,-0.024594085611034763,-0.1594603848841137,-0.34508159931888743,0.09185950202899355,0.0473470388724626,-0.007029988385920589,0.0038715140410055665,-0.045008028058875514,-0.1332717925938265,0.0076879653150839595,-0.26900614019258084,-0.2248638468977452,0.0019526460204426306,-0.023219829999491015,0.013786976498840905,-0.24004173665190615,-0.1512777800913394,-0.2678687932925221,-0.34346441973560615,-0.4147799571528385,0.02027929316064909,0.11226187666865634,0.3035161509737781,-0.08073959938366718,0.2796651813600966,-0.0012109181600707024,0.19670548823091197,-0.11962640606708404,0.2640227284295081,0.049645331001263206,0.3229778314524077,-0.042348357602594894,-0.20049325134070897,-0.07301878149335776,-0.10716047326216818,-0.23380391177001347
#17,0.41953386360166023,-0.025494986511935665,-0.17626794745438812,0.13789151246778367,1.0,0.1774154740256435,0.4454198420300115,0.19184469523452574,0.2250790081298556,0.19246611788984672,0.30677781016764066,0.19378669887144465,0.39385240402189553,0.34064002369087115,-0.049188633934396646,-0.17048126709143657,-0.09923559923559924,-0.4869427208410259,-0.005505813980390252,0.237745295372414,0.19389219728202778,0.018588542317355877,-0.1299934757561876,-0.08686683601937839,-0.1743685133515642,0.45465049024371057,-0.21890827653539519,0.40532026633721546,0.29939847397474517,-0.6069402221944595,-0.15678960933198222,-0.6927900165188301,0.15912676929626082,-0.4731076222601646,-0.35776732047918486,0.5620279755872977,0.12465655177519584,-0.24498720600415516,0.19713442255815136,0.33048811523387794,0.020677688474298645,-0.12890425093814925,-0.025034125034125033,-0.10633083005964362,0.07074593854254871,-0.3166923472008218,-0.06575419795758779,0.08210228718703295,-0.05904301836505226,-0.19556166335827352,0.01417843112758367,-0.3932629085171458,0.018447877769911667,-0.2933401814757747,0.07371053642240083,0.015871958244839602,0.005162018721340755,0.05455748506595964,-0.2707426995562589,-0.23906818991564754,-0.18031112776875488,-0.007230342823563163,-0.025455193251803423,-0.015392588273944206,-0.051421220912746333,0.007249314028975046,0.3887075056566582,0.3928436911487759,0.017136088322529,0.05209169107474192,-0.019014700370632576,0.057319414946533594,0.1102028068129763,0.35275753411346633,-0.12146661299203672,0.2084662474492983,-0.013859622334198605,-0.16178875331417705,0.2188624680150104,-0.003920098835353073,0.2020169630339122,0.44957916313848517,0.07988867141409514,-0.011574286150557337,0.4733852496564361,-0.28218002285798893,0.14274443935460884,0.047283184571320164,0.33167265879130287,-0.042594520560622254,-0.09943687909789604,-0.08016907508432933,0.23377152190711512,-0.13084116473946983,0.014308453291504139,-0.1132446776514573,0.19349796637932232,-0.05455702235363252,-0.0968179273264019,0.0876030113318249,-0.5545750681343902,-0.18656561029442387,-0.7011165248453384,-0.05274180189434427,-0.6725935488647353,0.024652387364251772,-0.5443111832942341,-0.17325800376647835,0.01512652868585072,-0.05952932902085444,-0.02125931786948736
#18,-0.1397451380502228,0.08688904621108011,0.061445883479781783,-0.006409953867580987,0.1774154740256435,1.0,0.21428948208609225,0.03477977206790766,0.2985905782515952,0.15318693115303283,0.1805970839869145,0.35883664866715714,0.5026009059907365,0.26095494570070843,-0.1842640791793334,-0.05129767672140553,0.014156220935881952,-0.1667666125293244,0.05878066047557573,0.034834372122507715,0.08777699116682168,0.14246542382135602,-0.07953562190850326,-0.06098872370058811,-0.11832710985253359,-0.4024463600734787,-0.22479166377471463,-0.4176413701837431,0.12635887042666705,0.11855106261885923,0.3392491104355511,0.20221454119759205,-0.17117024574651693,0.1641703336618591,0.024316920927090417,-0.16352577539018218,0.11697275087105595,0.3045572537097961,-0.08395313649550938,-0.19121031663404545,-0.26991213092908006,-0.05973338515711397,0.16730104526714695,0.4553191095563977,0.23407043407043407,0.35544866900799105,-0.22568608670303586,-0.2534104212070314,-0.14543187255051662,-0.2068726661947001,-0.14917243900294747,0.06563759445115377,-0.28400588570080093,0.01926641587658537,-0.29352249013265963,-0.04238306102712883,-0.22723802384819333,-0.3096827181572944,-0.21704308314477805,0.04807904977396503,-0.017170329034735813,0.17881888051379577,0.281912112420587,0.35711119439933,-0.36184289065645,-0.2919742546861191,0.496289972561159,0.4881281898231051,0.047931907253941156,0.1782284595843918,-0.0001235441913408015,-0.009415733144546704,0.02145041806058755,-0.03647931444541614,-0.20090275175020939,-0.07396687905162481,-0.2057080192673413,-0.23759306301679184,0.45125788346127327,0.22303381964398913,0.3393088003257495,0.27155337155337156,0.023092121397206143,0.25160861940522955,-0.3519468621163536,0.24617082413692584,0.05264648315495773,0.04504828403133488,-0.18769601650957582,0.20770971279445855,0.1674597555953488,0.06606652877839318,-0.36071387257827936,-0.1982925915129305,-0.1920658717268887,-0.006609845592896441,-0.15959781044526808,-0.2151524405761694,-0.36224868936733345,-0.38189915647542766,0.081480864531712,0.20580518885603633,0.13983860594030084,-0.2907975772382552,0.012772711077795823,-0.36333421248675485,-0.09784190970631648,-0.06607670844958981,-0.0030150335235080996,-0.19478800834733037,-0.2537990995618114
#26,0.25495726851659056,0.5875969960715723,0.4357510052425307,0.5185866914680474,0.4454198420300115,0.21428948208609225,1.0,0.1944636470060199,0.49578469069994496,0.6812661660119287,0.649326059495551,0.35727730812476577,0.354430701888329,0.7279973347769958,-0.13323153662136714,0.04226553209604057,0.3502625892456401,-0.10485524044846078,0.12415589703725297,0.13825798063086198,-0.0035601086448544075,-0.004290731409375477,-0.25132451403637845,-0.03810389742593132,-0.21258901428392954,0.19078138230680602,-0.36408658273065053,0.1632115937200683,0.09264148586182484,-0.2596699935682987,-0.3067486592910322,-0.4280815484205315,0.20648861496319124,-0.12014973370905574,-0.27342504291656833,0.2707579690630538,-0.01506406252168964,0.09536593604390214,-0.05715931648135038,0.06679761425524137,0.1221949221949222,-0.036024468227858056,-0.030715769698820547,0.1276054174359259,-0.12431553279010907,-0.23791511079646674,-0.08090617582143006,-0.0265444180698418,-0.1704428619682857,-0.1845319896167354,-0.03954015648930903,-0.30481359633902005,-0.13121040917651086,-0.3090959989265074,-0.1388710744642948,0.009557323116645151,-0.353195259974921,-0.2663622019554223,-0.44514869260631973,-0.24114391741510385,-0.28664288325305276,-0.1976318383098044,0.34929320692032556,0.45445106123072226,-0.016008458381339737,0.13590046132419015,0.5532156193173142,0.5849933138068731,0.2063086198679419,0.4395086920510649,0.24980080234317523,0.2548064242979497,-0.07492700713039696,0.04587052383662553,-0.17291189494579326,-0.024535783857817756,-0.19523869015394438,-0.3925901247935146,0.5239213018874036,0.252760310387429,0.2005446124090192,0.19405322117186524,0.059108260803176056,0.17253709796082678,0.11327197767875734,-0.20194570533553585,-0.22874600332227452,-0.10634286058014872,-0.08698621579977513,0.279612432154805,-0.1590633777074455,-0.0160269668744245,-0.15260345090853566,-0.3229676517812111,-0.2524734287446152,0.03312372464914838,0.22202510677086948,0.15847480762735,-0.29867710545676646,0.07457025592618813,-0.4247296603228807,0.025426042375194916,-0.4648320122896394,0.070280912653794,-0.3734208785056243,0.11106900428934327,-0.43919358495629685,-0.2930856896958592,-0.13154633832599935,-0.19352295284498675,-0.17882952289731952
#49,0.284798511917156,0.058392907545449915,0.0696752222175951,0.0624731048459862,0.19184469523452574,0.03477977206790766,0.1944636470060199,1.0,0.366776792200521,0.20315616078327942,0.27165100385439367,0.2488850946478065,0.2459061526858137,0.2745341643646728,-0.25912954557022355,-0.06290250188555273,0.11889994771350704,0.029191132580963088,-0.028463286090404733,0.09332861366759672,-0.0282226756803028,-0.05980926997876151,-0.027995946640014438,0.0892669248601452,0.016696974324092968,0.16687766348783298,-0.08728050083982287,0.16840276331801757,0.04648408038238547,-0.2682782937020225,-0.024219751338395407,-0.3143565753735245,0.16729549271922153,-0.19057362447192955,-0.2054923953229038,0.14898966763373542,-0.03368499470194385,-0.08479573564319327,-0.034064418810181525,0.09205754290500054,-0.056933050153389134,-0.07475580356936289,-0.046924119805475735,-0.02830087406358593,0.08693994456706321,-0.10874433755789688,-0.015311150904371244,-0.01774918215596182,-0.10674819657870506,0.025159057362447192,0.18291342189647275,-0.09243557887625685,0.14348848077661636,-0.007857318026809551,-0.052462786361091446,0.18358713104475816,-0.08964681168070998,-0.07788697788697789,-0.18010059365991568,-0.10813772169704373,-0.11193011193011193,-0.05186126033583661,-0.03239680358324426,0.07237838763262493,0.09611969442477918,0.046906074024718095,0.13042055923411855,0.09186274101528338,0.04973185820643448,0.1402758690894284,0.07281056094615417,0.054291425477866154,0.0893492876543724,-0.05091732718851363,-0.1642457557711795,-0.25141196666620397,-0.07009629043527349,-0.1982056015954321,0.19069901951257884,0.1449423229084246,0.026122424427509172,0.008774413859159622,0.11910909368536488,0.11303691981658083,0.15118199863962575,-0.037614810496166426,-0.09265444180698418,-0.030561223781562764,-0.04677373829916203,0.09632421327336582,-0.0901918868020563,-0.06878126200160098,0.04845662303289422,-0.22932578186815475,-0.1544066408473188,0.12098585488415997,0.2119777712998052,0.0768509649865582,-0.13505554861487065,0.16087813545440663,-0.16594159645007103,0.06891174687784857,-0.2574697964528473,0.14694309101088762,-0.17929038437513015,0.1510228255990968,-0.15831887357311086,-0.04266392740969012,-0.16840785315361587,-0.19972514887769124,-0.2703021974208415
#50,0.07231129434519265,0.5457030219742084,0.35106539513319174,0.25448992906620027,0.2250790081298556,0.2985905782515952,0.49578469069994496,0.366776792200521,1.0,0.43576673746165273,0.43267813267813265,0.2395952192562362,0.3259271598254649,0.4363187532679058,-0.19967934035730645,-0.04645492950577696,0.3001411272597713,0.059011091214481046,0.14626753101329373,0.0437216877894844,0.09964139794648269,0.09881730729188357,-0.14506170268882132,-0.07445272699509987,0.03326531462124682,-0.026195995687521113,-0.14801380733584124,0.029943965537185875,-0.04438891896519015,-0.1497591582337345,-0.12651387905625194,-0.15503824317383638,0.008258489614421818,-0.11696072035055086,-0.14295080905250396,-0.03231073909040011,-0.029222597019207187,0.0027184349218247524,-0.12101269219913288,-0.08276118954085056,0.0013811962964505337,-0.1370401217858845,-0.051613246528500765,0.168260710633592,0.008903047886098733,-0.09075454499183312,-0.1962298199586335,-0.079282055553242,-0.1937112767621242,-0.09374135306338696,0.01423580745614644,-0.14451477671816654,-0.02716954242377971,-0.11271348389992458,-0.06713817052800104,0.09843233063572046,-0.30228209719735144,-0.3444726698963987,-0.2602497721141789,-0.2032015065913371,-0.17449899822781179,0.012481665024037905,0.20392194968466154,0.2732816020951614,-0.025860529250359757,0.16982421558692745,0.34256120527306966,0.33109658194403957,0.3030335420165929,0.37976512722275435,0.22612427527681764,0.25542923509025206,-0.10136685221430984,0.034644197356061765,-0.2651498956583702,0.03739270857914926,-0.2798442510306917,-0.25402212690348286,0.4814202492168594,0.20701888329006973,0.18961951165340996,0.06707940606245691,0.022771924466839722,0.03574175099598829,-0.16611696442204918,-0.10453134181947742,-0.08193571074927007,-0.15496513462615158,-0.26440215253774574,0.23485889587584502,-0.17057519769384177,-0.030437216877894843,-0.2664084731881342,-0.2717944446758006,-0.24374806239213018,0.3257957495245631,0.1524692643336711,0.17341578867002597,-0.17502649028072756,-0.009787753855550465,-0.09107566734685378,0.06088877783793038,-0.1983439525812407,0.0006357667374616527,-0.15321099219404305,-0.02057589176233244,-0.18455466252076422,-0.14827246352670082,-0.03654733315750265,-0.17621057112582536,-0.28709865489526504
#51,0.33308578223832463,0.5884243257124613,0.6362137175696497,0.6308754054516766,0.19246611788984672,0.15318693115303283,0.6812661660119287,0.20315616078327942,0.43576673746165273,1.0,0.7242447378040598,0.1957231499604381,0.23685272329340126,0.5514202954880921,-0.22360573208030834,0.021527691019216443,0.5849808205740409,0.12436180402282097,-0.0318359962427759,0.04578538476843562,-0.0979316758977776,0.01811009777111472,-0.2118111948620423,0.11210779346372567,-0.10464563176427583,0.042336789794416914,-0.2128888518719027,0.037982204083899,-0.057431854042023535,-0.15392865901340477,-0.18432238093255043,-0.26855823465992956,0.18808376943970165,-0.0611580764123137,-0.11911603437027166,0.02539920506022201,-0.1521786809922403,0.13436610724746317,-0.06910701147989283,0.006820379701735634,0.09588648741191114,0.004787221736374279,-0.09987923208262191,0.11674232013215063,-0.16555476894459945,-0.16593465576516425,-0.08965375236561678,-0.07288922204176441,-0.11969396206684342,-0.133693323523832,0.023417408163170873,-0.13962066843422777,-0.032530527445781686,-0.11321413863786745,-0.17791011350333386,0.07051504509131627,-0.42147216553996214,-0.3786647973088651,-0.298920029428504,-0.18408084509779424,-0.24897023371599641,-0.11510107950785917,0.31463836718074006,0.39191965463151907,-0.03383028637265925,0.09184191896056303,0.42323278594465036,0.39858687655297825,0.16383024010142655,0.420096521791437,0.2681491969627563,0.2519019790206231,-0.20358694595982732,-0.16684527362493465,-0.28438577252136577,-0.1466932263542433,-0.25504610928339744,-0.3276192988057395,0.44937742056386126,0.26984411221699356,0.13034606254945239,0.005965287321219525,-0.1170440085694323,0.10746586339806678,-0.06824544112679706,-0.2133117709388896,-0.2666629649680497,-0.11831461661970137,-0.11549160871194769,0.222318466386263,-0.1206887935701495,-0.04166215522147725,-0.21249277011988876,-0.3380409685494431,-0.3026550433330094,0.14615370378082243,0.21789586196365857,0.35492765492765493,-0.27160612075866314,0.20668480498988973,-0.15960845282879182,0.23676758422521135,-0.24231134061642537,0.2799950952493325,-0.08574984846171287,0.24961803097396318,-0.21150626743847084,-0.21711017643221034,-0.07317008842432571,-0.20954945700708413,-0.22119083644507373
#52,0.3341486324537172,0.5807062840961146,0.5001818459445578,0.5911001911001911,0.30677781016764066,0.1805970839869145,0.649326059495551,0.27165100385439367,0.43267813267813265,0.7242447378040598,1.0,0.27213176196227046,0.2635262381025093,0.5931009592026542,-0.13154124849040102,0.07624018471476099,0.4435014367217757,0.11990958601128093,0.04400671858298977,0.18714862782659392,0.04309193631227529,0.02548758311470176,-0.06549600447905532,0.02726347302618489,-0.02253871745397169,0.09655556943692536,-0.30490058625651845,0.11552677484880874,0.03829175863074168,-0.17992106127699348,-0.16645752069480882,-0.27792260673616603,0.24674551284720778,-0.14781252747354443,-0.16179338043744823,0.09359744952965292,-0.05367833164443334,0.10962349097942319,-0.09074158904667379,0.006201270608050269,0.06013594488170759,-0.053184617591397254,-0.10635859279927076,0.13245510533646127,-0.1105734393869987,-0.21522092200058301,-0.17935285053929123,-0.006030529759343319,-0.2604732621681774,-0.11272690255741104,0.04471420573115489,-0.15785384768435615,-0.032654071637122487,-0.12878116945913556,-0.11973560617628415,0.16073839633161668,-0.38021997344031244,-0.3152024135074983,-0.3554866114188148,-0.3045239384222435,-0.2351490165049487,-0.1433024704211145,0.24521948759236895,0.33998158404938067,-0.001174363886228293,0.11112360434394333,0.4788341500205907,0.5015709083505694,0.20891785468056653,0.4297871060582925,0.2687595145222264,0.1851399936145699,-0.07680423104151918,-0.02659022659022659,-0.19647089308106258,-0.06865216526233475,-0.08624124895311336,-0.3178694873610128,0.3647894427555444,0.19343781377679684,0.12238417153671391,0.046745512847207765,-0.14315949231203468,0.0006061531485260299,-0.022366125755956263,-0.22714409324578816,-0.3060754128550739,-0.14824655163638215,-0.16793496115530013,0.19274004358750121,-0.2248346960211367,-0.020391269543811916,-0.2947607083200304,-0.3744245015431456,-0.393760786981126,0.21719809177436297,0.3112874045077435,0.28307305764932883,-0.18269918608901659,0.14813688881485493,-0.2592512389122559,0.21293604852926887,-0.27199341097646185,0.2545352748742579,-0.15743000319271505,0.2511468325027647,-0.2679002577307662,-0.20314783196139127,-0.2170028271723187,-0.19920089581106531,-0.2527852968530935
#53,-0.11528014917845426,0.14930246116686793,-0.04785463429531226,-0.0025190059088364175,0.19378669887144465,0.35883664866715714,0.35727730812476577,0.2488850946478065,0.2395952192562362,0.1957231499604381,0.27213176196227046,1.0,0.69256837731414,0.4079207096156249,-0.07803134413303905,-0.037165054114206654,-0.028892220417644148,-0.24680242646344341,-0.08528065816201409,0.12336188268391658,0.05814813272440391,-0.12946644641559896,0.041196203908068316,0.03318156369003827,-0.03677776389640797,-0.07712905509515679,-0.3516285160352957,-0.1894001860103555,0.19300008791534215,-0.015464308684647668,-0.005763082034268475,-0.09910603978400588,-0.2269030201233591,-0.06094384060485755,-0.15077296094245246,0.0860316402689284,-0.001026758653877298,0.15362326887750616,0.012229486805757993,-0.10662927951063544,-0.041233683606564965,-0.14233725250674403,0.3074607735624685,0.24005885700800955,0.42891905773261707,0.1013876742690302,-0.3273157595191494,-0.23101144287584965,-0.20674865929103217,-0.21094222111171262,-0.14054239138984903,-0.20492418458520154,-0.2097400944858572,-0.26261469481808464,-0.03807567197397706,-0.03249767487055623,-0.13400380349532892,0.01470731131748081,-0.2068967272357103,-0.23822744161727213,-0.2541331778619914,-0.1582517802856786,0.22563518834705276,0.2925544959443265,-0.34182225368666047,-0.3629908799400325,0.5683102208525938,0.5136282661706391,0.010370308675393422,0.11174132530064733,0.0788489568150585,-0.03818348394619581,0.16683000411813972,-0.002309397224651462,-0.12973065515438398,-0.12286678049389914,-0.06691838217261946,-0.22726439845083912,0.447892576706136,0.22582675125048007,0.4614764224933716,0.47404322658559944,0.4300924961941911,0.6554482062956639,0.09791871995261826,0.025261316786740515,-0.05543525035050459,0.026568016398524873,-0.20749455156234817,0.49807326586987605,0.14769361040547482,0.35352147216554,-0.02378711531253904,-0.11093713127611432,-0.01149562505494709,0.010498479990005414,0.00988955056751667,-0.22256694290592596,-0.2836741209622566,-0.13499030617674684,-0.24009356043254348,-0.11628793662691968,-0.17206744494880089,-0.20729095813841578,-0.28213190077596856,-0.24831225678683305,-0.3345345345345345,-0.2352526640662234,-0.14038090478768445,-0.29111592331931313,-0.08442464035684374
#54,0.061301517233720626,0.05397909465706076,-0.12863125066514897,0.042082298014501404,0.39385240402189553,0.5026009059907365,0.354430701888329,0.2459061526858137,0.3259271598254649,0.23685272329340126,0.2635262381025093,0.69256837731414,1.0,0.5112540892201909,-0.0862278302956269,-0.16248328451718283,-0.0803671159603363,-0.42682713530171157,-0.0486815012238741,0.10816872342296072,0.17781248120231172,-0.06157312936973954,-0.06959887468362044,-0.058011169875576654,-0.020494454392759476,0.0685517566873499,-0.3338881254135491,-0.0369457284711522,0.29447752837583346,-0.27566318244284344,0.09866044781299019,-0.26760828625235406,-0.10366745790474605,-0.26190535682061106,-0.26295571380317145,0.17164036147086995,0.10918715325494986,0.060709708167335286,0.0438475455424608,0.032126116871879586,-0.05348075348075348,-0.19136763882526595,0.1678276118954085,0.1464290176154583,0.2011017180508706,-0.07001253950406493,-0.1752092616499396,-0.09788401652808433,-0.1952701545921885,-0.2147868978377453,0.011730682917123595,-0.2295788855110889,-0.129777389099423,-0.2896181235164286,-0.029011600198040877,-0.01843630996173369,-0.13974652618720415,-0.0990047057843668,-0.3405581236089711,-0.1958855619872569,-0.3141395632921057,-0.14175793667319092,0.30294099955116904,0.3646094476602951,-0.38829198998690523,-0.33689297926586065,0.7133436980894609,0.5904019581985683,0.18071415020567563,0.23899323051865426,0.2035383611654798,0.1243988210089905,0.25652123618225314,0.17566503329215194,-0.10574966337678202,0.006384967401916555,-0.10735666328886669,-0.3688367874808553,0.5253765321561932,0.1591698015426829,0.4181901470037063,0.5529051393458173,0.43354988270242506,0.41864129152264745,0.12358074561464392,-0.08993508146050519,0.03218858303604066,0.042419615300971235,-0.07923532160820296,0.3491798424001814,-0.054427462902039175,0.1653479365343772,-0.04019859613079952,-0.24858479434750622,-0.12097151080201927,-0.1268646150002082,0.050763243983582965,-0.20750380580889055,-0.2145499891262603,-0.005173123817191614,-0.2335915268118658,-0.17878047539064487,-0.354135491423627,-0.1741144842839758,-0.3691935386850641,-0.22466488059708398,-0.3475557221319933,-0.2882105526173323,-0.1555712877746776,-0.33200812522846423,-0.25672251604454993
#58,0.30883965629728344,0.4244349125705058,0.32966217372997036,0.46740330469144026,0.34064002369087115,0.26095494570070843,0.7279973347769958,0.2745341643646728,0.4363187532679058,0.5514202954880921,0.5931009592026542,0.4079207096156249,0.5112540892201909,1.0,-0.16893395706955028,0.0038011817672834623,0.2079845639167673,-0.09684291379206633,0.05613857308772563,0.22413091057158854,0.033805762619321944,-0.04489188726476862,-0.13508007236820796,-0.035371581134293,-0.04763114424131373,0.13958596500969384,-0.4097766487596996,0.06632934938019684,0.31928214809570743,-0.2302303844676726,-0.1766982699186089,-0.33429114785046987,0.153607073946057,-0.06667499548855481,-0.23110861246454467,0.2536968401375181,0.11330436754165568,0.1927247740807063,-0.11924651924651924,0.08633147785690158,0.13489961456063151,-0.0028845486472605115,0.001646793172216901,0.19590545861732303,-0.12100251252793626,-0.14541475219441322,-0.19679294086073748,-0.07828352235131897,-0.3234137064645539,-0.22738562908054433,0.0013538962691505064,-0.27748349273773004,-0.1479499530346988,-0.26624559844898826,-0.12248920723496995,0.13087864443796648,-0.3137115543895205,-0.1313422821897398,-0.435254977627859,-0.24689358079188586,-0.26156294969854293,-0.2285447234599777,0.47063211131007743,0.556605912538116,-0.18091034023237412,0.0019082256370391963,0.7125529227224142,0.6278492668323177,0.3893034791339876,0.58527649375107,0.47040954668073315,0.34989288209627195,0.15508312626956694,0.08990361702226109,0.006240601155855393,-0.08684138684138684,-0.01442690764724663,-0.3631357088984208,0.44368467080331486,0.18707598199123623,0.23176936566767076,0.29465937432039124,0.15712276220750798,0.2400213773095129,0.18751879768828922,-0.21987673343605546,-0.23836070276748242,0.037352452606689894,-0.05506600591346354,0.28536903621649384,-0.02153416899179611,0.04620090043818857,-0.1638945571148961,-0.4099635845398557,-0.3735620057653956,0.01418814808645317,0.2841798655357977,0.10584590754082279,-0.3144111754281246,0.13011794537218266,-0.3363108871583448,-0.05537787402194182,-0.3588815317628877,0.17228723330418247,-0.29065089743055844,0.09033949203440729,-0.3405104642392778,-0.16045614181207402,-0.31430197531892445,-0.35611821374533237,-0.3278497295446448
#101,-0.17805725602335773,-0.0675245353211455,-0.23893955588870844,-0.05226613362206583,-0.049188633934396646,-0.1842640791793334,-0.13323153662136714,-0.25912954557022355,-0.19967934035730645,-0.22360573208030834,-0.13154124849040102,-0.07803134413303905,-0.0862278302956269,-0.16893395706955028,1.0,0.3840109755363993,-0.08538430572328877,0.13446975480873785,0.3387984286289371,-0.04523105540054693,0.23630579732274648,-0.076819037835987,0.3796836898531814,-0.12852158784362175,0.30996867437545406,0.14370641828268946,-0.09911205504425843,-0.05614690190961377,0.18447831498678957,0.1116122285613811,-0.04903269988015751,0.1187319831387628,-0.07585844704488773,0.013835098580861292,0.16306028678910034,0.05718013853607074,0.3945298148687979,0.1384828588218419,0.40611520611520613,0.16423650152463712,0.1027873790585655,0.2221565170717713,0.17406266050333846,0.052597435648283106,-0.06431423719559312,-0.12360526936798123,-0.11578172934105138,0.04919418648232208,-0.19530393259206819,-0.24529537241401647,-0.3054377952683037,-0.24519496383903164,-0.23117107862870576,-0.22024597787309652,0.11879444930292388,-0.010673847961983556,-0.03728443389460338,-0.011430382616823295,-0.14584738822026957,-0.013997510607680098,-0.2958999060693976,-0.12298986197291283,-0.2024991092787703,-0.24613010545213934,0.053648718055497716,-0.027093657602132178,-0.06693827880268559,0.04826598555412115,0.2759357200035166,-0.07278927617910669,-0.02221898323593239,-0.043515318091589275,0.16324861070623783,0.09036679206170732,0.22306250780827053,0.22300513147970774,0.13108131243724463,0.02623301267369064,-0.17347547856022433,-0.10868464766769852,-0.00029150876608503726,-0.021558230032806304,-0.14481507701846685,-0.1475501695840679,0.1109075176871787,-0.28197642943405654,-0.21853810667369988,-0.13323014848438577,0.04254454762929339,-0.1898170898170898,1.8045780757645165e-05,-0.20567609211677007,-0.07741686216262487,-0.18565499243465344,-0.13052883391866443,0.14144977026332958,0.04155573138623986,-0.16054637071586225,0.31898277322006136,-0.04811329048617184,-0.1032426879884507,-0.08022876497452769,0.1402684656921945,-0.11832109459228103,0.04020229782941647,-0.15417713553306775,0.005705705705705706,-0.24283189198443436,-0.13245510533646127,-0.20185131202080356,-0.02024366431146092
#102,-0.1771563551224568,0.20893682588597842,0.1322501237755475,0.020734139378207176,-0.17048126709143657,-0.05129767672140553,0.04226553209604057,-0.06290250188555273,-0.04645492950577696,0.021527691019216443,0.07624018471476099,-0.037165054114206654,-0.16248328451718283,0.0038011817672834623,0.3840109755363993,1.0,0.16046678419559776,0.2920806785213565,0.29376032426879883,0.21844139979733201,-0.04203648949411661,0.32343128953298445,0.10149965065219302,0.416125987312428,0.12950994137434815,-0.02995692148234521,-0.16694475677526524,-0.13401213231721706,-0.23060194246634924,0.16276507632439835,-0.16359240596528732,0.07082737591212168,0.027821041380363416,0.157857086670646,0.11364399838976111,-0.12038941869450344,0.10706607994743587,0.4255829018540883,-0.009848831882730188,0.03773928011216147,0.03494449765636206,0.10966606051351814,0.011663589629691325,0.29817274902020663,0.03581347140669174,0.224350236214643,-0.24509409255171968,-0.17376883817561783,-0.3150099251794167,-0.16348922111633976,-0.09641953201275236,-0.014482433126500924,-0.175816802935447,-0.0456905287413762,-0.18930440455864184,0.2562348172517664,-0.2815821985313511,0.11717541887033413,-0.1989727786337956,0.13690547249869284,-0.22464220769305515,-0.028705747349815146,0.007539434658078726,0.11512051342559818,0.09354840202297829,0.07801144750297292,0.018938352836657922,-0.01963797387526201,0.17782219816118122,0.2129059722280061,-0.008147438655913232,-0.053648255343170595,-0.03641731099358218,-0.1607897573999269,0.07701152616406853,-0.005342013816590088,0.0696557882998561,-0.05861917387341116,-0.09474173711461847,0.370494685748923,-0.21371016625253914,-0.2244645261594414,-0.25595765256782205,-0.06935132358861172,-0.25847480762735,-0.11740584960923944,-0.31811148590809607,-0.27826131215961725,-0.3000532119176187,0.05172568562399071,-0.024126283448317347,-0.09503417130535774,-0.290548175293938,-0.27840151399473434,-0.30164540503523557,0.1055192326378767,0.2325023019938274,0.15719587075519278,-0.12255907679636494,0.044560122526224225,0.05965148507521389,0.11771216516979228,0.045225040140294374,0.02843459792612335,0.05164100926812791,0.08768444870139785,-0.03909826621691029,-0.12885335258216615,0.0030520505096776284,-0.2520801232665639,-0.19120800307240984
#201,0.14107821226465295,0.5380451329603873,0.7825242808293655,0.3980112624180421,-0.09923559923559924,0.014156220935881952,0.3502625892456401,0.11889994771350704,0.3001411272597713,0.5849808205740409,0.4435014367217757,-0.028892220417644148,-0.0803671159603363,0.2079845639167673,-0.08538430572328877,0.16046678419559776,1.0,0.5427689631079462,-0.07674639200062928,-0.1670354483913806,-0.10553033773372757,0.06527852968530935,-0.06533914500016196,0.209098312488143,-0.08854925804078347,-0.18880606338233458,-0.03140752462786361,-0.16336336336336335,-0.20589402962284317,0.08709819218293795,-0.21111249924809247,0.057072326563851986,0.37529671427976513,0.22479258919936887,-0.04764548832345442,-0.26744170981459114,-0.18456067778101676,0.0870149039640565,-0.014697594358611307,-0.19693730710679863,0.01853024056413887,-0.07914740626605034,-0.27746220797068255,-0.03116922777939727,-0.0958300365080026,-0.030722247671400214,-0.003582318836556125,-0.15452324435375284,-0.01785606870352633,-0.0496064631657852,0.045438350523096284,0.005537278418634351,0.0958661280695179,0.13409356968679004,-0.13852820462989954,0.1819486666944294,-0.31529865767153903,-0.38587570621468925,-0.02380377295631533,-0.06835834293461412,-0.03335137911409098,0.015683634327702124,0.015075167617540498,0.11932564305445661,0.053143436194283654,0.07357218543659222,0.021221375458663594,0.06905611312390973,0.15129212417348012,0.2450728077846722,0.20621191299157401,0.15584567618465925,-0.284239092713669,-0.15954182225368665,-0.2487319368675301,-0.10053905986109377,-0.2907799941698247,-0.09170217983777305,0.3865915221847425,0.2762434237010508,-0.16306769018633424,-0.2860265504333301,-0.28967087272172015,-0.11308226562463851,-0.29264935197138586,-0.09126537940097262,-0.27630959156382884,-0.21412753277160057,-0.29400324824053636,0.17994234604404097,-0.12578742070267493,0.06464692735879177,-0.3244224193376736,-0.32784649055835496,-0.2858974536940639,0.502082205472036,0.13541831507933202,0.5941485399112518,-0.10986086240323528,0.19748238222814493,0.07824049010489688,0.5846647880546185,0.11171957782127273,0.5287547948564898,0.23945594284577335,0.43653854162328737,0.09906902279783636,-0.028244885872004515,0.07246676568710467,-0.07903126547194343,-0.14907480670192536
