,#10,#11,#12,#13,#17,#18,#26,#49,#50,#51,#52,#53,#54,#58,#101,#102,#201,#202,#301,#302,#401,#402,#501,#502,#601,#602,#701,#702,#801,#802,#901,#902,#1001,#1002,#1101,#1102,#1201,#1202,#1301,#1302,#1401,#1402,#1501,#1502,#1601,#1602,#1701,#1702,#1801,#1802,#1901,#1902,#2001,#2002,#2101,#2102,#2201,#2202,#2301,#2302,#2401,#2402,#2501,#2502,#2601,#2602,#2701,#2702,#2801,#2802,#2901,#2902,#3001,#3002,#3101,#3102,#3201,#3202,#3301,#3302,#3401,#3402,#3455,#3501,#3502,#3601,#3602,#3701,#3702,#3801,#3802,#3901,#3902,#4001,#4002,#4101,#4102,#4201,#4202,#4301,#4302,#4401,#4402,#4501,#4502,#4601,#4602,#4701,#4702,#4801,#4802
#10,1.0,0.43094805128703434,0.4684462582767667,0.5728212033296779,0.13919219681931547,0.13984323306357205,0.20679863222236103,0.409187615967277,0.059829629321154744,0.5933850645715052,0.47891790095179926,0.10348052212458993,0.10846115761369998,0.015581374903408801,-0.10115539268081641,0.02260257175511413,0.40234086166289557,0.25169237033643815,0.13416482738516636,-0.00018693578015611915,-0.17798044577705593,-0.020594400255417204,0.03755743416760366,0.0026883586205620103,0.11923448872601415,0.08355289033255135,-0.015565642684286752,0.07964019489443218,-0.006119833238477306,-0.07373968729900933,-0.04739469824215587,-0.04959905976855129,-0.060855462550377805,-0.2201029997640167,-0.03759306301679183,-0.17169866322408694,-0.037487564606208675,-0.12533581347140668,0.09426514341768578,-0.12606782437290912,-0.1257018189221579,0.050404641930065656,-0.06217141640870454,-0.0021418953622343454,-0.09713395984582425,0.05183858743180777,-0.2118685711906051,-0.20086157035309576,-0.24925387637252044,-0.1443343189105901,-0.23507822151889948,0.03116969049172439,-0.23823530772683316,0.015604510519764758,-0.1089821716940361,0.01919330732890055,-0.25942706959656114,-0.22710985253358135,0.08625374218594557,0.0770614990953974,0.09271320627252831,0.09508414423668661,-0.07947639473063202,-0.015873346381820957,0.13393624749556954,0.1493954663446189,0.029471536251197267,-0.00802990972482498,0.0793065793065793,0.013358504883928613,0.20415515669752957,0.10971186903390293,-0.1663265731062341,0.04073117801931361,-0.18089183173928935,-0.12452514147429401,-0.06627613746257814,-0.024401597282953214,0.03614153444661919,-0.06240184714760986,-0.06802889175770532,-0.0707676860219233,-0.054239601697228815,0.02640930607032302,-0.020334355927576268,0.13213259484445924,0.1422567405618253,-0.24963607675472083,-0.11462633666023496,-0.06920094208229802,-0.00980163522536404,-0.02988011123604344,-0.09730053628358713,0.15199729776000961,0.08873202940999551,0.23528736749075732,0.14925804078346452,0.1461921089039733,0.1525608813744407,-0.02142034175932481,0.0747488628844561,0.18597657750200122,-0.0025402906758838963,0.05745452694605237,0.012501561654104027,-0.0633059870348006,-0.057217618234567384,-0.035571935571935574,-0.14422234252742727,0.18681084782779697,0.20296552330450635
#11,0.43094805128703434,1.0,0.25741242012428456,0.3613269664117122,-0.1448719906347025,-0.1870806091145074,0.33871976753332683,0.22491289440441983,0.547690371419185,0.4969757122299495,0.5146397553177214,-0.1359481206938834,-0.028281440145846926,0.23932915966814272,-0.1373427356478204,0.1498415210279617,0.055613857308772566,0.24202121998732168,0.03248333078841553,0.1777736133668337,-0.20885446309175124,0.028141238310729837,-0.05323921764599731,-0.03152968068222305,-0.03629746850085833,0.15872513499632143,-0.06927682690394554,0.0014408861866488985,-0.06368494843071114,-0.07729470610826543,-0.06068472170167086,-0.10705127315296807,0.003131637029942115,-0.005126389872152584,-0.0667693888032871,-0.07547393310105174,-0.05370563167173337,0.05277095277095277,-0.017443329307736087,0.05998093625212269,-0.09516511889393245,-0.0022418412248920725,-0.03345687752467413,-0.05634170379933092,-0.17556832641578404,-0.0419004520699436,-0.25249101181304573,-0.16904917243900294,-0.20939444837749924,-0.14966337678202085,-0.13300156859478893,-0.0351730775459589,-0.04437920200632065,0.0563703919636123,-0.13377013377013378,0.059265120282069435,-0.00409778036896681,0.0381566466312229,0.03580190359851377,-0.03314408399154162,0.0034347136042051298,-0.02256000222101917,0.03515734532683685,0.19556212607060064,0.1605621029349843,0.13138855342245173,0.22509844204759458,0.13974143635160585,0.24408815595256272,0.29443403341708424,0.36199095860112807,0.32030289148933216,-0.0409319951692833,0.07791196435264232,-0.17411587242095716,-0.10098002470883827,0.05610849678646289,0.14227015921931177,-0.12966911441487713,-0.018810644234373047,-0.1643475524831457,-0.10917651087142613,-0.04741043046127792,-0.11687558128236095,-0.058917160612075865,-0.15790011891706807,0.03921995955894261,-0.07119662034916273,0.028972269650235753,-0.07477431206244765,0.01874725264555773,-0.035507618558466014,-0.13053670002822546,0.018841183247962908,0.076819037835987,0.1683893446605311,0.24230717620548128,0.04063724741690843,0.06659494625596321,-0.010273601799025528,-0.0369554454300217,0.01556147827334268,-0.045883942494111984,-0.09366084111846824,0.03791973791973792,-0.011041241549716125,0.010211135634864449,0.019543580560529714,0.019856836805989347,0.12079938181633097,0.1951299527570714
#12,0.4684462582767667,0.25741242012428456,1.0,0.6545112138332477,-0.005756141349361688,0.1633517955551854,0.1257966749492173,0.10308258952326749,-0.02947107353887015,0.5678752712651017,0.2898406881457729,-0.04861301979946048,0.07931629626544881,-0.16613362206582546,-0.1676166150742422,0.05780803916397137,0.7314977535316518,0.8277160056821073,-0.06490003100172592,-0.25982453948555645,-0.3293688141145768,-0.10037942410823766,0.25640648352512757,0.07324412239666477,0.316969049172439,0.2886418005062073,0.27900535358162476,0.31455137726324167,0.1009467094212857,-0.08865707001300221,0.3900054137342273,-0.023795444134427184,0.42200983726407454,-0.15115099691370878,-0.14776255454221557,-0.4125279362567498,-0.20592179236247032,-0.5005020428749243,0.02194366940129652,-0.17073899785764193,0.036126264939824265,-0.0068796068796068794,-0.257406404864032,-0.13731265934655765,-0.14345609091371803,-0.014970131919284462,0.0716514665667208,0.02613491766034139,0.023023639972792515,0.08710235659388202,0.10073339903848379,0.29417167552760776,0.19950952493325375,0.5039913565337294,0.10730067509728526,0.3730215577673205,-0.4382343823021789,-0.5076463212056432,0.13161667059972146,0.1653285026166382,-0.027763665051800644,-0.03233526284373742,-0.3203982102287187,-0.29648986428647445,0.4763530865225781,0.45088401190096106,-0.285004418902724,-0.2220473169625712,0.11192548480684074,-0.08644021525377457,0.2315620705451214,0.2663284239555426,-0.34566230328942193,-0.08711253626507864,-0.5168579982139304,-0.36273314917382715,-0.36878820268650775,-0.1551011720503246,0.13228482720008145,-0.13059638991842382,-0.19164156452292044,-0.010063993114840573,-0.04778013761064608,-0.19220329728804306,-0.29029831063729367,0.034767278835075445,0.1360499174058496,-0.13239356459695442,0.03720808636062874,-0.11511125917905579,-0.22319715709546217,-0.15825270571033284,-0.22756053434019535,0.23267720725347843,0.20955315870570107,0.5532355159473804,0.32472966032288064,0.5689395096174757,0.5951160713872579,0.2544839138059477,0.33017809797470815,0.566773090501904,0.4276900937917887,0.3212667212667213,0.47710915846509067,0.2589648199817691,0.35253265592248645,-0.1028503079350537,-0.18929700116140794,0.22972463989413142,0.22241933767357497
#13,0.5728212033296779,0.3613269664117122,0.6545112138332477,1.0,0.015484668027040908,0.07299333231536621,0.27551789077212807,0.1557262964042625,0.04555634216651166,0.5863735846786694,0.4960215994114299,-0.06595594053221172,0.01260428379072447,-0.1334851029766284,-0.1792922352244386,0.06057968600341482,0.5044267688335485,0.551874216280996,0.12932300559419205,-0.13229593229593228,-0.23015403693369796,-0.06978904945006639,0.02530990158108802,0.03156854851770106,0.14514036378443157,0.2765335443301545,0.18962922861227946,0.2705515993651587,-0.019640287436897608,-0.054845754845754845,0.09415594330848569,0.06990380210719194,0.16746206915698442,-0.06431238634628465,-0.06823387331861908,-0.2848637543552798,-0.17165192927904793,-0.19468019637511164,0.009876131910030216,-0.05593590508844746,-0.07377670428517887,0.12955158548378887,-0.16434107451056604,-0.03599809362521227,-0.1659554778198846,-0.082619136856425,-0.13089761564337835,-0.09278122498461482,-0.09064395674565166,0.004286566998431406,-0.006331755484297858,0.27229278585210787,0.07564050953881463,0.2824877265555232,-0.02182984216882522,0.2334272639357385,-0.32340630306732,-0.32808062299587726,0.11074232938639718,0.14546657597505055,0.01997529116173184,0.05298148687979196,-0.1700717666819362,-0.11952692291675343,0.5381302720285771,0.4769310142191498,-0.11947417371146185,-0.08750676716778412,0.271947602456077,0.09018031899387832,0.2839545246324907,0.32430720396822094,-0.3068657255097933,-0.12596232596232596,-0.4847434491502288,-0.2604487384148401,-0.3199567826686471,-0.09265397909465706,0.011794074505938912,0.034119944289435815,-0.29502954418208654,-0.1601410347173059,-0.04868011308689275,-0.12299310095920266,-0.229019929019929,0.017754734703887245,0.1720313533872856,-0.23536834214800317,-0.013200257268053878,-0.11256032611964815,-0.1055409801172513,-0.1441913408015103,-0.14454346488244793,0.20449108584701806,0.18214439400880078,0.30563213444569376,0.34974573957624805,0.31696349662451356,0.43303997371793984,0.08985503222791358,0.1988302632370429,0.3192863125066515,0.34082418319706453,0.15045831656001146,0.19803486074672516,0.07841169366593095,0.11659934202307083,-0.10221176492362934,-0.17237514864633507,0.2179106687581264,0.21880601711110187
#17,0.13919219681931547,-0.1448719906347025,-0.005756141349361688,0.015484668027040908,1.0,0.5058070397053448,-0.06793866285391709,-0.012180439299083367,-0.23146999079202468,-0.03269571574656321,0.12569487823725112,0.3435745452694605,0.30869020021562393,-0.06814827153810205,-0.0812268354641236,-0.13819551446670092,-0.02318605199961132,0.004564194394702869,0.07813036457104254,-0.015692425861917388,-0.06508419050791932,-0.027713229408144663,0.06507308541206847,0.0698422613676851,0.021691491183016606,0.06255269136625069,-0.11088854648176683,-0.07264120823442857,0.12252761235812083,0.2913065607980862,0.08490123405377642,0.35763544746595594,0.04013659267896556,0.19541498355057677,0.1560122526224221,0.21874031196065094,0.27408209442107745,0.13327595700477057,0.3112744485625842,0.19331288144847467,0.13704104721053872,0.13821078397349584,0.10823350314875739,0.15562357426764206,0.10075653465483973,0.2433926993249027,-0.12193626600406261,-0.09898110745568373,-0.10670516433228297,0.08130133214878978,-0.12077532077532077,0.10226497684124802,-0.05612839341652901,0.0605380418939741,-0.1339237542627373,-0.004317106012021266,-0.2370595557036235,-0.020760051268525846,0.059504342555190014,0.22893432723941198,-0.13927363418888844,-0.11802079429198073,0.15438165438165438,0.009799321663728443,-0.04355511135172152,0.0800959665366445,0.09007296973398668,0.05429790345044582,-0.06893210622024182,-0.06468533248194265,-0.15929380844635083,-0.2792015436083233,-0.034938945108436634,-0.04663723816266189,-0.053686660466321486,-0.06934438290370494,-0.1618142024921686,-0.29868635970330887,0.2849276086564222,0.31882730187814934,0.05861084505152302,0.2599615023343837,0.0751241225817497,0.2672260858701537,0.3821790974333347,0.08532461583309041,-0.0834719156753055,0.07760287251812675,0.2647542766186834,0.10115076555754522,0.20685739668790518,0.033488341962918236,0.24392574392574393,-0.1072192377277123,0.031845713201645406,-0.11573684624532082,0.044646187019068376,-0.2970742699556259,-0.14743726777625082,-0.2542840220806323,-0.17687733958920399,0.07651688668637821,0.14664093986127885,-0.05281305959272061,-0.19921616531786024,-0.16072312682482173,-0.09958263348093857,-0.19953775038520802,-0.14147568215364825,-0.13926345451769181,-0.05833969562783122
#18,0.13984323306357205,-0.1870806091145074,0.1633517955551854,0.07299333231536621,0.5058070397053448,1.0,-0.0644636932772526,0.11632078920214513,-0.12955528718240583,0.07890818399292976,0.06165549216396674,0.5423844491641102,0.33169162999671475,0.04157285174234327,-0.1689728249050283,-0.37153486306028677,0.1811416963959337,0.19004613241901377,-0.07449113211825076,-0.24677003660054508,-0.16013085504610927,-0.24990537532910415,0.11687234229607112,0.07360411258716343,0.14191340801510294,0.05697284341352138,0.026617989329853736,0.03314177042990602,0.21833914037303867,0.4146684434820028,0.2569899637696248,0.45284822572958167,0.23955496328377685,0.1540258286020998,0.18763632661937746,0.2210330515415261,0.2336692624828218,-0.0747706103638307,0.21481188430340972,0.07614903038631853,0.30387058861635136,0.11338025236330321,0.07218867557850608,-0.05445059851839513,0.1531300175367972,0.16295201210455448,0.06991213092908008,0.020087730257221784,0.09075038058088905,0.19346789007805956,0.04441159186921899,0.20440918576511796,0.11891706806961044,0.1006612159154532,-0.15770254075338822,0.05405775575267101,-0.22581148174368512,-0.24521439775677065,0.058404938065955016,0.314331126195533,-0.169810796929441,-0.19784607411726055,0.12289222967189069,0.02650277396040108,0.0625698117223541,0.07954163716875581,0.047310484598620195,0.03381085245492025,-0.21672149807743027,-0.2999861186301864,-0.1746447526108543,-0.19916989408514832,-0.08481239328696956,-0.12255537509774798,-0.034475307356663286,-0.14853991125177565,-0.13260224785648514,-0.281049616642837,0.25843686521652626,0.22953446512768547,0.2326758191164971,0.3287737660619017,0.12413368684555125,0.37328669193075975,0.3587843621741927,0.03496624513573666,-0.08647630681528987,0.12373112712095763,0.2584294618192923,0.12326471309522156,0.03688974027957079,0.08601313177584365,0.14673163147739418,-0.1412008310313395,0.09843603233433743,-0.056421290319595405,-0.054722673366741165,0.014005839429568243,0.04159136023542803,0.06458029678368661,0.14422234252742727,0.16730798595205376,0.4092894126792432,0.09884044290823951,0.06653618179041908,0.1438308878986845,0.22089146156942768,-0.20845144065483048,-0.21274170935187883,-0.23065330353465946,-0.1456951558646474
#26,0.20679863222236103,0.33871976753332683,0.1257966749492173,0.27551789077212807,-0.06793866285391709,-0.0644636932772526,1.0,0.2099344336632472,0.2992198670164772,0.5424302576844949,0.4172119731441765,-0.03141677887440599,0.1352267521759047,0.39329576109237124,-0.014933577645442052,0.16010262959415503,0.11849923883822189,0.08576141626989085,0.2768750260275684,0.1764803324125358,-0.20630260460768934,-0.16527482798669238,-0.05379215887690464,-0.15872374685934007,-0.10202390371881898,-0.00899744120083103,-0.17916776560844358,-0.2010262959415502,0.09463485056705395,-0.008916929255912307,-0.06013872115567031,-0.06038951123696886,-0.018402994674181116,0.05668827533234313,0.004649333462892785,-0.1078462129309587,0.13958226331107687,0.13433464280921908,0.14480258378563463,0.013804096854944313,0.041117080100130945,0.18395498734481786,0.02447563125529227,0.0077495060545908,-0.16351513300665843,-0.10672968808562029,-0.22297320432913653,-0.15806900891646655,-0.1430465905042176,-0.14661363983397882,-0.17498253260965124,-0.03186884881800136,-0.1762892322214356,-0.13449474127440228,-0.10803592498507752,-0.10949069254154,0.03925049857253247,-0.07238486560520459,-0.06360536191044666,-0.15724121656325046,0.1732547647801885,0.149761009083043,0.12475418407621798,0.33433371738456485,0.1979122419800386,0.16789377975818653,0.24045910317096758,0.3430743532438448,0.17092269465150822,0.10728309202885473,0.3947403489776371,0.25053327595700475,0.028535931925762436,-0.04844505522471624,0.040982430812939286,0.13632430581583124,0.114731372358491,0.18596084528287918,0.03464651091769736,0.012788906009244993,-0.2985891901146138,-0.24683527903866886,-0.11274170935187884,-0.1044341722307824,0.027115867793833896,0.0007722668739617892,0.09617151820541651,-0.20762549915092288,-0.13747923578432053,-0.032611964815354645,0.03830378915124678,-0.11303599439192659,-0.19283166062827078,-0.030712530712530713,-0.0948490863745101,0.08513166479268174,0.07324736138295461,-0.11635364177737059,-0.08023292938547176,-0.19904542446915327,-0.172666194700093,0.05958577992476297,-0.05735041667245057,-0.06685730414543974,-0.14339547559886542,-0.11582938871074465,-0.11233498521634115,0.1870579362104786,0.07771901331223365,0.11590434810773793,0.10729974967263103
#49,0.409187615967277,0.22491289440441983,0.10308258952326749,0.1557262964042625,-0.012180439299083367,0.11632078920214513,0.2099344336632472,1.0,0.4025652771415483,0.26844348200280405,0.20870176802380191,0.012907823077314603,-0.19699838513397835,0.1465891160806415,-0.07607638455096082,0.011570584451940384,0.14444953428004276,0.019432992314348245,0.09270163846435032,0.01899063932962238,-0.13691380132058098,-0.16204509594340102,0.027948287270321167,-0.04900771341449307,0.04523475709916388,-0.16194098566979923,-0.2895320590235844,-0.3219297880314829,0.11088068037220579,0.054834187037576865,-0.06466821212583924,-0.06664306833798359,-0.1214684638413452,-0.12962423131914658,0.11161130313672686,0.013795768033056169,0.06849530578344137,0.059913380252363306,-0.08245256041866211,-0.15275753411346632,0.0628992628992629,0.12980746540068575,-0.15704965365982315,-0.17984702730465443,-0.22341740816317088,-0.2520838249651809,-0.40511806105026443,-0.33576257305070867,-0.3822869094055535,-0.35346594668628567,-0.3639121401833266,-0.23536787943567605,-0.26989269701134105,-0.3181910724283606,-0.12300975860297894,-0.2573471776861607,0.1321677609813203,-0.08941684365413179,-0.18114215910826081,-0.28432330635720465,0.1480850650342176,0.1428814022034361,0.21189587121790512,0.10257453138809071,-0.1660979932166373,-0.14827570251299066,0.2668827533234313,0.1332185806762078,0.21129850960359434,0.0496888259600124,0.36704609077490435,0.17512365986942258,0.4214929875946825,0.27124520514351025,0.2659624185047914,0.23080044605468333,0.427687317517826,0.30388909710943607,-0.11021437462115428,-0.1331001263204653,0.0033514253853236904,-0.21194445601225262,-0.16484080382385466,0.19402916013085506,0.2154629205476663,0.04587098654895265,0.05859788910636368,-0.20569691417149044,-0.1826940962534183,-0.041434500756534653,-0.1285183488573319,-0.05654298366162773,-0.1589106826394962,-0.0507253015727592,-0.13943326994174451,0.15490683287293458,-0.030353928659013405,-0.15243132192284733,-0.2867090511158308,-0.23169116728438763,-0.22756562417579368,0.003648949411661276,-0.16401254875831148,-0.13415372228931552,-0.08749288579797054,-0.09197749367240893,-0.17223078240027392,0.2154629205476663,0.25228926923842176,-0.0009726213116043624,0.009750274157053818
#50,0.059829629321154744,0.547690371419185,-0.02947107353887015,0.04555634216651166,-0.23146999079202468,-0.12955528718240583,0.2992198670164772,0.4025652771415483,1.0,0.2876904639616504,0.273373219135931,-0.05508034999560423,-0.08057209752125007,0.36289232221435613,-0.13351332842858266,0.0305112508502339,-0.15707371470083334,-0.003307930426574494,-0.06478250207063767,0.16283216961183064,-0.1606856471263251,-0.08883891595756002,-0.07203135338728558,-0.03828759421979761,-0.17308587478079004,-0.08368707690741589,-0.22877376606190167,-0.2231883655612469,0.005163869570649232,0.02907637992383755,-0.15668318549674481,-0.1257814054424224,-0.08717592785389396,0.09460708782742681,-0.03556915929797286,0.12746382746382745,-0.04782779698033935,0.19631958615009462,-0.11669928788572856,0.08974074228311517,0.016842728707135487,0.06598786768278293,0.010724746317966657,-0.09758464165243826,-0.14712354881846407,-0.17919367749876225,-0.26767584225211344,-0.22415589703725297,-0.16418560316865402,-0.26264893553029145,-0.15319757353655658,-0.15673223300341946,-0.042011503028452184,-0.23462430072599563,-0.19215286164438708,-0.13073705446586803,0.2399464179125196,0.21173299647875918,-0.00729928696030391,-0.1228464211515059,-0.027546190258054666,0.00477102680492511,0.26651535973569873,0.223437304793237,-0.10723682079614283,-0.13203773881739983,0.4238421780794662,0.20644743356607764,0.25262057126463905,0.3236131354775423,0.35163545672020247,0.2794440048677337,0.2608540744133964,0.19946556726217743,0.1539268081640963,0.17937552344332006,0.3173591156642004,0.31754836500599215,-0.22535339653983721,-0.023744545778444082,-0.13434297163110723,-0.09652549313566262,-0.022536866604663214,0.10088054155850766,0.17313908669840875,-0.19759620946061623,-0.054873054873054876,0.014619395975328178,-0.0373816034832984,0.04753304922796448,0.04419457978780013,0.02358629816256935,-0.03508793847776898,-0.14928857979705437,-0.047276243886413376,-0.0005881073677683847,0.10152926424112865,-0.1252460472799456,-0.22850909461078953,-0.05870338751694684,-0.20694762559169338,-0.18400727383778231,-0.1462254241915259,-0.15850257036697715,-0.0893807520926165,0.012679705900044884,-0.07321450880772915,0.12089284970640903,0.26374139933461965,-0.04224471004132021,0.0624707912843506
#51,0.5933850645715052,0.4969757122299495,0.5678752712651017,0.5863735846786694,-0.03269571574656321,0.07890818399292976,0.5424302576844949,0.26844348200280405,0.2876904639616504,1.0,0.6332218196624976,0.09910280079771605,0.29190531054937835,0.2994887028785334,-0.09241105512291953,0.018259091140447072,0.5845037641647811,0.40398487856114973,0.07246398941314196,-0.036477463596107665,-0.36028771452500263,-0.2696881781627544,0.11724713928103758,-0.13120902103952953,0.09042648195190568,0.07209381955144667,-0.015534640958369771,-0.010376786647973089,0.08828088489105439,-0.02967836866141951,0.149131720318161,-0.04137666171564477,0.19652873212195246,-0.041738502755451906,-0.05625934100510372,-0.26126079854893414,0.011986100121693342,-0.17817848665306293,0.08935993003789613,-0.1695128101907763,0.044088155952562734,0.12036720850280172,-0.014233956606837963,-0.03802893802893803,-0.17795592202371863,-0.1632698954732853,-0.17024852279089567,-0.10754822619229398,-0.1635026397738262,-0.11294345192650278,-0.06906305380881653,0.11459163323570103,0.016268039996853556,0.10764678391797036,-0.06043439433269942,0.06830651915397679,-0.15340903307005002,-0.3070554375639121,0.07299240689071197,0.0807474654932282,0.10827005742259979,0.08618433533687771,-0.04404743726777625,0.11015746100491863,0.2642873998806202,0.21812120286696557,0.1376578427425885,0.09289690306639459,0.15184228913042472,0.015339839068652628,0.4118148965606593,0.36394406733389784,-0.17858104637765654,-0.046314264958332754,-0.24178060957721975,-0.11213694434033417,-0.06620811875049164,0.07650022904260192,0.07808686961229334,-0.10045160723126825,-0.19735930074913124,-0.13260271056881226,-0.06493242086462425,-0.08388465507109574,-0.06592586423094898,0.03475062119129916,0.1060009161704077,-0.29587399417907895,-0.08864318864318864,0.04259035614967818,0.055716579445393,-0.07828120878968337,-0.12907776806081891,0.13249582402124774,0.043080831216424434,0.34484006348413127,0.2394721377772225,0.26600961516215754,0.19168089507072558,0.03956884465359042,0.08798983883729647,0.31353433556823385,0.16382283670419265,0.13344345886718767,0.08412942989214175,0.12200012030520505,0.07493394781530374,0.09449835043055382,-0.007942457094999468,0.23168145032551812,0.28146466960026284
#52,0.47891790095179926,0.5146397553177214,0.2898406881457729,0.4960215994114299,0.12569487823725112,0.06165549216396674,0.4172119731441765,0.20870176802380191,0.273373219135931,0.6332218196624976,1.0,0.1240573393115766,0.14130355316795995,0.24470819047090234,-0.13364566415413873,0.058957879296862345,0.22735185108066464,0.15962742403420369,0.03305246695077203,-0.0074561464391972865,-0.1539559590407048,0.004593345271311373,-0.0030432589754623655,-0.03740242553801876,0.10012400690366792,0.13566586617434076,-0.15190290444527732,-0.0824377536241943,-0.13061952553477976,-0.06690126181651605,-0.057513754123923615,0.03508007236820796,0.024120730900391917,0.08328266633351379,-0.10432497212158229,-0.1471725963251387,0.010724283605639538,-0.04072238648509835,0.18687979196453772,0.00710726134454948,-0.030245653974467535,0.051298602146059774,0.01598671090196514,-0.05569853366463536,-0.15938727633642888,-0.004590568997348658,-0.25631718004599363,-0.1950036322917679,-0.1927395808751741,-0.07631005427615598,-0.11761407015644304,-0.005969451732163597,-0.0788776449793399,0.040072275665496,-0.11064932420864625,0.07558961118283153,-0.07550724838860431,-0.08512981394337327,0.038044670248060075,0.206880069591934,0.060058209210751584,0.08051703475432288,0.011646931985915036,0.06175913972524142,0.11653733857123688,0.1882401662062679,0.1368319012386809,0.19989172531545413,0.1579177019854986,0.11035503916859848,0.18164790368180198,0.22269326337122947,-0.154236362710939,0.002825784181716385,-0.2211052346645567,-0.08141284581962548,-0.04073673056723904,0.02700990667092362,0.1414331126195533,0.10097632301022132,-0.11793241623750099,-0.013166016555847064,-0.08817770004210682,-0.07590934540087083,-0.01593951424459899,-0.03113406164253622,0.042382135602474585,-0.17243206226257074,0.13066764761680016,0.018225313140567377,0.09800617258244376,-0.08876256842358538,-0.10774996876691792,-0.01800691292216716,-0.001104957037160427,0.19110805720975213,0.21410948699084292,0.06577316916299968,0.11691491183016607,-0.0492312034684916,0.037697173290393626,0.07570390112762994,0.14921223226307972,0.05651383278501922,-0.06042328923684856,-0.07210908905824161,-0.0043527348612094376,-0.01500205906985568,0.0052397543922967655,0.09439562829393337,0.15692101963288405
#53,0.10348052212458993,-0.1359481206938834,-0.04861301979946048,-0.06595594053221172,0.3435745452694605,0.5423844491641102,-0.03141677887440599,0.012907823077314603,-0.05508034999560423,0.09910280079771605,0.1240573393115766,1.0,0.5510260645853866,0.3214342231291384,-0.16738063178741144,-0.345647033782627,0.07878741607555168,-0.10454707403859946,-0.19447243854023516,-0.2404304150066862,-0.1591531438989066,-0.25709083505693675,0.03353738946959286,-0.011760759218386338,-0.01726611048644947,-0.11040917651087143,-0.07091482854194718,-0.11072058190702258,0.07084449626822509,0.26014751268988556,0.21472952150918254,0.32294220260321954,0.07158807497790548,0.13436842080909878,0.1674666962802556,0.24196245552177756,0.24000101796711967,0.0116242590818862,0.20930236862440252,-0.04999791779452797,0.22826802148836048,0.08480684073904413,0.2628826052554866,-0.059557091760481594,0.3207290495426089,0.074080243571769,0.05809538351911233,-0.04591633235701032,0.08117732524512186,0.06703174669276364,0.020188138832206628,0.06823387331861908,0.0115733607259031,-0.11382491890966467,-0.2980288454864726,-0.2751245852940768,-0.07382019924392806,-0.1415659110574365,0.09316851520241351,0.284542169287932,-0.13726870167548133,-0.13058713567188143,0.1601655584706432,0.05847619576433136,-0.11949129406756526,-0.15006454836963312,0.23974606347487704,0.14919835089326614,-0.35008398228737214,-0.29691509691509693,-0.15378290463036226,-0.2301091538379674,-0.10769583142464498,-0.24345701633837227,0.01790789248416367,-0.08691033097812759,-0.07189716681242105,-0.24676772303890948,0.22227080701656973,0.10653719975753874,0.3981139845546625,0.3178463517446568,0.18844514776718166,0.5872180346756618,0.5642952659901812,0.10370216132927998,-0.11438803981176862,0.20957721974671129,0.15973477329409533,0.3237408440798271,0.1754174821971432,0.3518848586645197,0.33761712405780203,-0.13762869186598,0.08494056460158154,-0.2589921200090692,-0.257344401412198,-0.04939269007065617,-0.08730965171643137,0.004843209927955691,0.11445004326360259,0.06527482798669239,0.12875248129485417,0.18522235640879708,-0.07624573726268642,0.11681589139216259,0.11128092653516382,-0.14834048223878732,-0.1692365709314862,-0.21405257337460729,-0.19395096174757193
#54,0.10846115761369998,-0.028281440145846926,0.07931629626544881,0.01260428379072447,0.30869020021562393,0.33169162999671475,0.1352267521759047,-0.19699838513397835,-0.08057209752125007,0.29190531054937835,0.14130355316795995,0.5510260645853866,1.0,0.3966999356829865,0.030850418986012207,-0.14063030673200164,0.2774594316967198,0.042434884807766166,0.01756641078674977,-0.03253422914439864,-0.12920177496448682,-0.12256277849498189,0.06783316444333394,-0.07989329853736633,0.052903751208835954,0.09515540193506296,-0.11726055793852404,-0.08086036730104526,0.23862306065695896,0.29835459496476446,0.22543344577242883,0.1538102046576623,0.1491826186741441,0.11825538944183012,0.1932679983527441,0.0749108121989478,0.4066246523873642,0.06646723765367833,0.44210774719249296,0.11666504717352175,0.20414081261538888,0.3798100103184849,0.5956870583989228,0.3592988982819491,0.356501339552187,0.2929579810935743,0.007842048520014622,0.0030182725097979337,0.0254764780188509,0.11303553167959948,0.06652646483154957,0.08080345368480962,0.06735657074640125,0.08769555379724871,-0.00496767954395073,0.05760861015098303,-0.26521837708278384,-0.12209405090761023,-0.17312520532859516,0.18401976707061451,-0.23150839591517558,-0.24536246570144876,-0.02486986215799775,0.13220338983050847,-0.05036947579320461,-0.04263801551937145,0.23357209289412678,0.19076287381372128,-0.24012872656940454,-0.2121087188883799,-0.13991634161125688,-0.1416607670844959,-0.1803550854398312,-0.19180814096068333,-0.05831424644983967,-0.1272204407797628,-0.09650096938232532,-0.24772507484371892,0.417862546676106,0.19755086365255856,0.1850243155327901,0.4879472693032015,0.39901997529116173,0.175552594196662,0.3651128786722007,-0.06593002864189305,-0.28894441436814317,-0.09535806993434112,0.19911020419494996,0.4911214758672386,0.5202589338182558,0.18079419943826724,0.1774390723543266,-0.23424672746706646,-0.1267697589731488,0.014198790469976911,0.02286631778157202,0.08485773909502724,0.01815220459288256,0.07088012511741325,0.06711225863768237,0.20256111273060426,0.09214499553482604,0.10847874068213051,-0.09885432427805309,0.04743958133788642,0.022116723811639066,-0.16293489174845108,-0.15694091626295015,-0.2311650633684532,-0.28589884183104525
#58,0.015581374903408801,0.23932915966814272,-0.16613362206582546,-0.1334851029766284,-0.06814827153810205,0.04157285174234327,0.39329576109237124,0.1465891160806415,0.36289232221435613,0.2994887028785334,0.24470819047090234,0.3214342231291384,0.3966999356829865,1.0,-0.0555324199391996,-0.09219867016477186,-0.037554657893640944,-0.2266337215489758,-0.09214129383620909,0.11021761360744411,-0.1929482641347048,-0.3166900336391862,-0.277514494463647,-0.35539591980269947,-0.2303437489878168,-0.31979899776509946,-0.26123997649421377,-0.3098224572800844,-0.06727698422613677,0.15693119930408067,-0.10374195458941221,0.055743879472693034,0.05784227987617818,0.1965486287520186,0.04467903959429383,0.2733593377661174,0.34620506484913266,0.32134862134862135,0.15141983277576498,0.011003299138892359,0.08867789206772257,0.18439363863092675,0.3405174049241846,0.04654978553283638,0.029261464854685195,-0.11694498813142881,-0.16315791909012248,-0.10455725370979609,-0.02082992082992083,-0.04528843172910969,-0.02497304700694531,-0.05577256763697442,-0.023867627257457766,-0.30625679608730455,-0.2654858248078587,-0.30431386702573143,0.14497008564805175,0.061450047890725855,-0.19799691833590138,-0.09659073557378642,0.07160982245728008,0.0921075158363294,0.2803088142071193,0.47602132178403367,-0.04963098691912251,-0.1501126704516535,0.642073043767959,0.39963862167251996,-0.15804032075218516,-0.02410499868126987,0.1448187787170838,0.06608272370984235,0.19061758214300586,0.20368180198688673,0.3327368971436768,0.2535788484941027,0.4008518533942263,0.21837893363317093,-0.01628099594201289,-0.1251280556365302,0.024780558678863765,0.09484122026494908,0.0007727295862889084,0.22660318253538592,0.47311780193136127,-0.08359962427759038,-0.09902136342814309,-0.09808714723968961,0.03179435213333518,0.36707986877478405,0.35998463795073965,0.17478911885691548,-0.048611168950152,-0.2006075412855074,-0.19737179398196347,-0.2429609887237006,-0.30754267364436855,-0.030051314797077507,-0.23381038974259313,0.11384065112878672,0.07225993327688243,-0.1477172087341579,-0.042516322177339125,0.09318193385989997,-0.14413535260992888,0.14889018448340482,-0.030069360577835155,0.25466575975050554,0.2791395401564893,-0.08822489669947298,-0.10054414969669206
#101,-0.10115539268081641,-0.1373427356478204,-0.1676166150742422,-0.1792922352244386,-0.0812268354641236,-0.1689728249050283,-0.014933577645442052,-0.07607638455096082,-0.13351332842858266,-0.09241105512291953,-0.13364566415413873,-0.16738063178741144,0.030850418986012207,-0.0555324199391996,1.0,0.4722789044822943,-0.08317948148456623,-0.20606939759482132,0.31790928062114504,0.18578131289995697,0.5829402592114457,0.4015672066519524,0.03543312187379984,-0.13952303613320563,0.054490391778527374,-0.03254718508955797,-0.2938274175562311,-0.20337271015237116,0.1850483765738003,-0.08652951873290857,-0.2575720558771406,-0.2474442084611576,-0.31458746882475697,-0.13924448331227993,-0.11453425690713827,0.0757150062234808,0.14239416612297967,0.25390829967101153,0.15974772923925468,0.15198295367786893,-0.14499368397673482,0.13751902904445276,0.19007713414493074,0.32528075070447954,-0.060736082769981076,0.14695327068208425,-0.292754850381969,-0.13259299360994276,-0.3184011438248726,-0.2182040283735199,-0.314311692277794,-0.272805933822883,-0.38458982865762525,-0.1395679192289362,0.34120915985322764,0.07492608170574272,-0.0386531369582217,0.09296584720313533,-0.36081798285188116,-0.28784732344054376,-0.13676249438961302,-0.17870505328132447,0.0859733385157114,0.03378170157831175,-0.4206550155702698,-0.22807460773562468,0.03564458140729327,0.008977081858437791,0.30952817224003665,0.20141266073469463,-0.09536639875622926,-0.01928029724639894,0.14401180841858807,-0.04775191215869182,0.14230208636988298,-0.05181776537708741,-0.0015264879671659333,-0.18649712887001021,0.24668443482002805,0.03783737512551072,0.15567632347293364,0.03239078832299171,0.17243900294747752,-0.22362562871037447,-0.02482312821295872,-0.18321464762142728,-0.3026587450316264,-0.2376411850988122,-0.13576303576303575,0.08826237639796962,0.0934128273111324,-0.2961886385615199,-0.3000490475066746,-0.18965051337932695,-0.2296617110176432,0.21468556383810622,0.19228288380830755,-0.19349704095466808,-0.17761027591536066,-0.2812124913819829,-0.26174155665681087,-0.15551853856938602,-0.22441732950207527,-0.2360300207757835,-0.27638408824849503,-0.3246547009258874,-0.27194390075746006,-0.14713048950337085,-0.09115664200409963,-0.2478606495555648,-0.17534252280014992
#102,0.02260257175511413,0.1498415210279617,0.05780803916397137,0.06057968600341482,-0.13819551446670092,-0.37153486306028677,0.16010262959415503,0.011570584451940384,0.0305112508502339,0.018259091140447072,0.058957879296862345,-0.345647033782627,-0.14063030673200164,-0.09219867016477186,0.4722789044822943,1.0,-0.11882498831651374,0.0419393199054216,0.19106826394961987,0.35663089900378037,0.1223207799478986,0.47943891503213537,-0.05296205296205296,-0.08660540355455609,-0.061918775478097515,0.16850687359161937,-0.3145865434001027,-0.30202066473252914,-0.108911839420314,-0.3000624661641611,-0.11849553713960494,-0.31688020840563214,-0.17451010332366265,-0.09961224706987419,-0.1879421794676032,-0.25956033074677143,-0.035684374667425516,0.11449446364700602,0.04808922944516165,0.11093666856378721,-0.008605523859761148,0.028483645432797976,-0.03254579695257662,0.14444444444444443,-0.21363104244460177,0.072343684208091,-0.4281009823382705,-0.44407936441834744,-0.3884678206712105,-0.3148155860020267,-0.4103115442098493,-0.33068939509617473,-0.3807516299041723,0.03956745651660906,0.2439132506929117,0.22326610123220292,-0.23564134242100343,-0.0019600494176765363,-0.16912922167159455,-0.3327151496643022,0.07795962372233559,0.03185820643447762,-0.09880203778508863,0.04269770540956982,-0.11986331477856901,-0.08927062655876215,-0.03546597444902529,0.04746225424191526,0.3223383630163291,0.3522911200877303,0.26217928251826556,0.16823711230490893,0.2526196458399848,0.07835154106340547,-0.020294099955116905,-0.05312400227654465,-0.04547444208461158,0.03194149465335906,-0.04654562112189231,-0.0439905236515406,0.0025574110319873033,-0.14534303178370975,-0.10891415298194959,-0.2578936409444884,-0.17935146240230987,0.01944085842390927,0.02817547902293665,-0.28208933124187363,-0.05232536079993707,-0.11080155656426843,-0.02802509751662294,-0.31800459936053155,-0.49580088563139413,0.08827579505545607,-0.11721151043184941,0.12686739127417093,0.28620238111763535,-0.14510612307222476,-0.00791561978002656,-0.2664783427495292,-0.30542807830943425,0.027425885053003696,-0.15099460014714253,-0.19375801070716325,-0.20582786176006515,-0.30173979834996784,-0.2449326059495551,0.015089511699681191,0.03517030127199619,0.11387072743004946,0.11502612011086587
#201,0.40234086166289557,0.055613857308772566,0.7314977535316518,0.5044267688335485,-0.02318605199961132,0.1811416963959337,0.11849923883822189,0.14444953428004276,-0.15707371470083334,0.5845037641647811,0.22735185108066464,0.07878741607555168,0.2774594316967198,-0.037554657893640944,-0.08317948148456623,-0.11882498831651374,1.0,0.5881749237681441,-0.024700972158599278,-0.40502320502320505,-0.3371655168265338,-0.3058611770476177,0.28821517974060346,-0.10524253066625948,0.34436948504745113,0.11334508622644215,0.2968424510797392,0.2597653123076852,0.21668864550220482,-0.05662442103120069,0.3685050227423109,-0.045735411837106756,0.43294372955389904,-0.20713271052254104,-0.045712276220750796,-0.4196624976285993,-0.027314834094495113,-0.5094930061031756,0.09079063655334842,-0.3549711498864041,0.060357584086397645,0.08415256550849771,-0.10271519593553492,-0.11352230504772878,-0.04612501561654104,-0.12875895926743383,0.11842474215355571,0.17006390057237514,0.016606282707977624,0.09740001943391774,0.2062068231559757,0.25263537805910685,0.2629945816386494,0.3599818616767769,0.19801079970571497,0.22437337183099895,-0.30632435208706393,-0.5307652799178223,0.05506924489975337,0.09441089780072831,0.04947366472790202,0.001680571172096596,-0.3014214522689099,-0.29162953400241537,0.3539920506022201,0.29873494449765636,-0.21824335892132501,-0.2083519575044999,-0.012408556476353087,-0.2646117612219307,0.17568446720989095,0.24896097946945406,-0.3192529972190989,-0.09564680242646344,-0.3687599772345535,-0.24057709481438294,-0.2057098701166498,-0.05995224808784131,0.2653409958494704,-0.23898582712142033,-0.0638219112795384,0.007035540933846019,0.08793153708407946,-0.16310331903552241,-0.20633915888153176,0.09308522698353207,0.10415747025916518,-0.20484922518820825,0.011266582453023132,0.06092579482409991,-0.1574790506993897,-0.08950198272232171,-0.1417287857965824,0.18254926729503002,0.10692957981093575,0.5551761314473179,0.09061064145809909,0.6206730613510274,0.4242266920233022,0.30667369989403886,0.35992679890984974,0.6258128698806665,0.2674477250748437,0.377355321423118,0.45527376374834,0.30373593932915965,0.31642304862643844,-0.0005844056691514318,-0.20138350985808612,0.15808659198489708,0.12902594428018158
