,#10,#11,#12,#13,#17,#18,#26,#49,#50,#51,#52,#53,#54,#58,#101,#102,#201,#202,#301,#302,#401,#402,#501,#502,#601,#602,#701,#702,#801,#802,#901,#902,#1001,#1002,#1101,#1102,#1201,#1202,#1301,#1302,#1401,#1402,#1501,#1502,#1601,#1602,#1701,#1702,#1801,#1802,#1901,#1902,#2001,#2002,#2101,#2102,#2201,#2202,#2301,#2302,#2401,#2402,#2501,#2502,#2601,#2602,#2701,#2702,#2801,#2802,#2901,#2902,#3001,#3002,#3101,#3102,#3201,#3202,#3301,#3302,#3401,#3402,#3455,#3501,#3502,#3601,#3602,#3701,#3702,#3801,#3802,#3901,#3902,#4001,#4002,#4101,#4102,#4201,#4202,#4301,#4302,#4401,#4402,#4501,#4502,#4601,#4602,#4701,#4702,#4801,#4802
#10,1.0,0.1242670050715078,-0.00469354124537242,0.41125409121410345,-0.05911433488384832,-0.1750049071745174,0.1445274733300771,0.624280243030671,0.19559495496811477,0.30577677149000076,0.3884071996238594,-0.09639242788735866,-0.11838204750144933,0.14170094080806328,-0.016864247011188358,0.13955273957282474,0.11177676236037376,-0.3129955675660871,0.00011503330031451565,0.09517362268164534,0.29627100384813776,0.05698895771613251,-0.059806360611137234,-0.03315332752080414,0.031845964933102655,0.09062706843111924,0.06883464876042489,0.008066938425230636,-0.2906909758201829,-0.11960998233417174,-0.2946030209935773,-0.2656803626287848,-0.3665736966316241,-0.3710536046049839,-0.17232992646085443,-0.17677605481428058,-0.2942378359132138,-0.23539191206343266,-0.044924155623621995,-0.08291709842194397,-0.03307024791502143,-0.09526035413823168,-0.01404136633997818,-0.11054791456495044,0.09628926310215596,0.0467601236151497,-0.1776579767833585,-0.29211063282009614,-0.10464013292736925,0.011696878124044243,-0.010815869117667198,-0.0076515403963171085,0.04886632856614643,-0.022709034222406842,0.1764483012046543,-0.07986962892631022,0.16882506265206534,0.02371603208150931,-0.16982384384685964,-0.0837141148598374,-0.010344780363998229,0.04547193324416731,-0.0036071156312908834,0.05979723098412815,0.01294215924808392,-0.06996672250955187,0.12216627789671652,0.08884496523894517,0.14529162311073782,-0.02920658976477516,0.156488197674684,0.15261723582283046,0.25728840948203063,0.09303455107341589,0.14648030054732114,0.14853172773626333,0.05843782952247486,-0.041561713996174685,-0.08695513244806384,-0.13224903796555393,-0.11163068832822835,0.00037157581926990373,0.28344022604956476,0.011081541263631674,0.1491771923658059,0.09110272199829277,-0.13892553419730036,0.16986401420569963,-0.030252845020016707,0.08362555747784924,0.020953406948559117,-0.1798728242957634,-0.08507625520959342,-0.1532407893475512,-0.13406035596415708,0.035647541619687126,0.1692550680841934,-0.011844778081591477,-0.18653471312429531,-0.026529783125710398,-0.2922183624188034,-0.13430229107989794,-0.3076063487426221,-0.2041777173193589,-0.38721760922457515,-0.17596534393587349,-0.35893676363852156,-0.11085832188325946,0.02783531978801006,-0.14906124610279048,-0.1818210866995029
#11,0.1242670050715078,1.0,0.1771832361788859,0.1021395280895799,0.14816015191699344,0.0052997484787759,0.2573039298479461,0.25861494428645115,0.2699886336143737,0.2593042311256374,0.02952521374739235,-0.06746155285825797,0.08246792077309681,0.18461201367618127,0.21251489270405857,0.22125377167715812,0.16762086484956656,-0.0255401315579252,0.17856820059616466,0.051334066746703065,0.17302377811354516,0.12366901450241251,-0.003910219247992623,0.30606526770348796,0.11385375250494141,0.015313123382344215,0.12202111682727203,0.08008600108642562,-0.09825669772261454,-0.13726485504434716,0.09224666426253156,0.012241916856486828,-0.027673725389949194,-0.04204101941415184,0.06894603020993577,-0.12338782199053258,0.15438473161179,0.07940949572505215,-0.03145430393441276,0.02367038394646387,-0.04533316291362916,-0.048714776757795564,0.030233672803297622,-0.19065491379349697,-0.10648614350860695,-0.1198637859650244,0.08347309270679747,-0.019018838985333256,0.026761675651741246,-0.17622462534293162,0.05359912720765793,-0.11476123742964481,0.03627018218170697,0.02521329091099983,0.028655160293426213,0.07583524675099398,-0.24377564854587866,-0.1380737399973524,-0.38160562750208843,-0.4358602619289989,-0.2616103749081331,-0.05932614223045918,0.13441458549210972,0.002707847370895662,-0.057436309439577844,-0.19871363555441943,0.03728813559322034,0.1389584008545331,0.25627502088402176,0.14069942072516628,0.18857883661163022,0.17596899578667713,0.18654110386320166,0.10555309562827811,-0.23396129951110847,-0.07709970009175275,-0.11136501618226387,-0.20095313305974885,-0.10913190941584082,0.030365139432228495,0.0313447484103037,-0.19814120794094958,0.12438386429722413,-0.048471015716652896,-0.14719606330483367,-0.15626908662646588,-0.13014009412645447,-0.07541528390857591,0.029689547033555943,-0.2144476347418826,-0.30218426326192444,-0.20389561184477809,-0.3600268411034067,-0.213001501823643,-0.24881611561759645,0.1970319582593453,0.23153647057749455,0.02210008810090064,0.05099170573386224,0.054302108487357746,-0.10932271862033077,0.0208794569697855,-0.18968352147972994,0.05758329643442417,-0.16082750939210377,0.01866552242008153,0.07599866707445667,-0.09496820607394085,-0.0823118041512414,-0.16165921841263176,-0.2403776013730959
#12,-0.00469354124537242,0.1771832361788859,1.0,0.1302058274409199,0.1388972323535722,0.23440591234645108,0.06651389757471458,0.014325297739960835,0.015789689912218637,0.2334792552050286,-0.12485769193899583,0.010732789511884493,0.1115019605874002,0.024062044945153765,-0.0247668521502554,0.008595543829056864,0.4136168386840556,0.47693627976829006,0.07755618144220718,-0.06232339877754294,-0.08631514559472672,-0.04879511747547554,0.1552091369307107,0.035401954653142644,0.10135711905490101,-0.143546951389301,-0.031646939064304526,0.0214674049491708,-0.10457439961290381,-0.04817430283885752,0.12691550986684438,0.0262102461803923,0.17418780555720395,0.05771750195145777,0.08557108099348601,-0.03503950846088183,-0.003136026877621915,-0.10494871432027644,-0.25182706660519383,-0.14017811902294733,-0.03576166195730073,0.21519169934312335,-0.09795085521781008,-0.00464606718492516,-0.08929779473859595,-0.11017542578297963,0.10825181337216468,0.15920700059799056,0.09383613232481387,0.08205526163228602,0.05034989295512332,0.009683795368540218,-0.0551420341721939,0.014611968028046214,0.025852364801636028,-0.21544276408587326,-0.14839113148032337,-0.17518749971469916,-0.16874107008358175,-0.26911218942150117,-0.07637480770723112,-0.022928145270624967,0.059429307015661875,-0.07202454043740043,0.22208730662308793,-0.03308211643013325,0.013041672182482984,0.014218481103954498,0.1570021956752957,0.23313598122948687,0.3293385128750565,0.3808323480944186,0.019857851707468493,-0.10558778821091264,-0.017559924589280906,0.14934700342817495,0.02221146955041152,0.1232353572194808,-0.03041809126888121,-0.0112595689903089,0.15304815421765944,0.023367280329762128,0.07408601021605263,-0.08045757690569552,-0.18107154432205672,-0.02624311283762502,-0.0664116457522128,-0.05508908233554118,-0.04564357023193817,-0.0023609215445502974,-0.06516179981466858,-0.138858887920134,-0.012970461091812093,-0.0911894534548791,-0.2501399115339143,0.3780980248051966,0.2954593800070298,0.3125929510149863,0.4551739878667257,0.3929564927624882,0.1620864849566571,0.2899250001141203,0.18532321162018925,0.3093345871354426,0.2021472882725376,0.18407519160804686,0.2400699329428896,-0.0890248188910242,-0.06853884884533043,-0.12777004295489508,-0.23938338499180617
#13,0.41125409121410345,0.1021395280895799,0.1302058274409199,1.0,-0.09999863055594864,0.03437761050272291,0.2905704647436629,0.30444841076017837,0.020302464542811104,0.4257355055759197,0.29864196798239806,-0.09026370927615752,0.08781331738691815,0.09613132055489873,0.05028781149146152,0.08815020062355353,0.12411819215125966,-0.09105342201244368,-0.00736304418282991,0.06958145224976833,0.13478159649787508,0.0010590367330542711,-0.1218029187417548,0.026559910894840392,-0.09192986620531618,0.17728274911328498,-0.07549927647705953,-0.10949983338430709,-0.06469892772530779,0.17207155801649723,-0.10143198199637554,-0.08348770011001201,-0.10878315766409363,-0.06589308293809656,0.12505397891969122,-0.028508173298579888,-0.06196643036148758,-0.19611351778223102,-0.035059593640301825,0.05849991098613666,0.14587957109012312,0.0675875417109834,0.0006874609137843674,0.006408085197679249,-0.041037673405853,-0.13497331866506593,-0.11478497445986845,-0.30902144092903083,0.09802937001008824,-0.05239584236786006,0.11653694988291254,-0.11096057370576125,0.0054823410189576705,-0.012340516828184985,0.09895054937530527,-0.07597493004423304,0.06957323558546015,-0.017153656187376465,-0.17842303952672015,-0.15310384494241489,-0.018728516846444238,0.0168688118246929,0.05362834201408701,0.13409961336029616,0.0984685050692254,-0.008411125363473276,0.23876622220599178,0.07273756430681025,0.07594206338700032,-0.11052143864662409,0.0952101411896817,0.1743585295822739,0.15242003587943415,0.12918604810400472,0.19889987994540484,0.06446155742307148,0.0739700639530372,0.009638147233494775,0.004330182090410696,0.010642406204494515,0.11758229217545317,0.13612730351901473,0.2763519836397084,-0.020462233015470153,0.06132826943355229,0.021233686497738134,-0.10203545034167628,0.16275842550452602,0.17496017200217284,0.09761762383197835,-0.06376679280767984,-0.11906676952713097,-0.041053193771768456,-0.1419392240730005,-0.17599455874230258,-0.1495095107889367,0.07161735907279508,0.04833315834881566,-0.09334313246632309,0.11110938662600939,-0.24346798011567236,0.0016524624886450265,-0.07401845097618537,0.08040006025553827,-0.2958693002597379,-0.001379486641073279,-0.2590202997256547,-0.0435528856468569,0.09242195310110606,-0.23334139783719135,-0.21404319226538
#17,-0.05911433488384832,0.14816015191699344,0.1388972323535722,-0.09999863055594864,1.0,0.058769234982904775,-0.13585889248494754,-0.09574787622051702,0.047394632692281356,-0.05077168172294321,-0.1015826208420255,0.2605120807789398,0.1000671027585168,0.1266808784527108,-0.0568027133251471,-0.1694075328552452,0.14257008129932852,0.18432169153729225,-0.016427850840153926,-0.06232796359104749,-0.1311041827386142,-0.2918668717789535,0.11348948038727878,-0.1513555213701744,0.14464889736929798,-0.13964768769371927,-0.08644569926095669,-0.09961701214696873,0.06894146539643123,-0.12121131891156586,0.00396043219654261,-0.14755394468358995,0.06998680768897186,0.1555378035030379,0.05114690939301675,-0.0048761337855541915,-0.043665180059068685,-0.07252301807209667,-0.29480661167587996,-0.08995330195784851,0.00988190827463744,0.018763209429078775,0.016900765519224713,0.05689674848334071,0.1564361588007322,-0.12433365134867415,0.031155765131215565,0.07863256446657872,-0.1097481592389543,-0.09052025179511292,-0.014627488393961665,-0.00927478807853305,-0.15970182638188316,-0.02574007038942424,-0.2105082006874609,-0.310101475804206,0.10079290810573933,-0.17468445726649837,0.19828728197309498,-0.02016186828687114,-0.10182364299506544,-0.17356607795788503,0.050551657712024176,0.08398982959551188,-0.044590924237790264,-0.0005824702031798491,0.0043520931952325086,0.03918527208570894,0.08126737482140167,0.08368581301610922,0.17640995677121613,0.08181058762844244,-0.2585775128157139,-0.10158627269282913,-0.26492077766162864,-0.06992929103881461,-0.35620700516280407,-0.2565662559856117,0.09719127025065391,0.0047492319701278604,-0.0756928245696522,0.13623503311772198,-0.19215947632459476,0.10578316222890714,0.17029128074972497,-0.009229139943487608,0.07946518644980759,0.04160279731771559,0.041289651111303845,0.27117822401365793,-0.021878238164579785,0.16862421085786541,-0.01078939319934084,0.1614875814248609,0.1241026717853442,0.11989665262225711,0.09764044789950106,-0.0020477753381385605,0.03436209013680746,0.02420172823839282,-0.029751628497217745,-0.014802777232536165,0.08334619089137113,0.10272838903166612,0.1631820401977477,-0.002944304710431055,-0.040190444019409584,-0.10911182423642082,-0.1493533941670813,0.10049163041443941,0.2176530467847736
#18,-0.1750049071745174,0.0052997484787759,0.23440591234645108,0.03437761050272291,0.058769234982904775,1.0,0.04024522178146412,-0.04219804899870816,-0.11477128001935481,0.08158325991591614,-0.035142673246084534,0.26168158599880403,0.27186112011393776,0.13180716401831402,-0.08905859851095783,-0.20161229212980503,0.3687209849041617,0.4123441686789886,0.03013050801809492,0.0032136287071991673,-0.2132279165734684,-0.2191786074579923,0.3350655278978577,0.005589157654964007,0.22533015013671617,0.059738801371269974,0.009449163954406642,0.09338147689976126,0.4236932080139866,0.15819908977618719,0.4427211766263289,0.1594461968256287,0.23212076670607623,0.15857249152085892,0.14019363938886276,0.17599821059310622,0.0565242597013699,-0.06009942163812897,0.24536237772005826,0.05187819251644474,0.1296909164776073,0.16933997361537795,0.1494036071156313,-0.022687123117585032,0.10001780277266772,0.08553091063464602,-0.07005619285424095,-0.04531946847311553,0.17485974610507288,0.09320344917308403,0.3311443530974542,0.13197514915528127,0.3639060196195684,-0.2515102685479785,0.1702730214957068,-0.23383896250918668,0.04202002127203093,-0.17897538196076998,-0.005981731616354814,-0.007668886687634376,-0.2403346921261532,-0.14076150218882807,-0.08855738198815888,-0.11184706048834375,0.4526715571035345,0.1772033213583059,-0.15335856153596844,-0.15175631199587342,-0.08630601596771764,0.14675053750679015,0.28524697923466336,0.12084704679390323,-0.1342356448027316,0.0076825811281480095,-0.13671707742380185,-0.08557929765779419,-0.24662409217271428,-0.14025389492712276,0.2220443973761452,0.2019583049934495,0.09125883862014818,0.2080943273062579,0.070907074091488,-0.023853889449346546,0.0021098568018003624,-0.11801047168217943,-0.19368686292321527,0.21643058972825666,0.19665307873846813,-0.02857847142654987,0.102449022445188,0.011533457800581558,-0.011317085640466159,-0.15697571975696933,-0.2667330086229327,0.30914651681905536,0.08132763035966166,0.3776762360373767,0.2947518339138255,0.24037942729849773,0.2142997347843354,0.453507830937567,0.5356206092200103,0.29113832754362823,0.41115001346619984,0.2544171417876723,0.32480108825153947,-0.15272770430964042,-0.32507041224830757,-0.28882031524602064,-0.23072575969908748
#26,0.1445274733300771,0.2573039298479461,0.06651389757471458,0.2905704647436629,-0.13585889248494754,0.04024522178146412,1.0,0.27096185185354255,0.09954762698169967,0.2777972035952471,0.3372876791118699,-0.07269648098526935,0.046861462474950585,0.012239177968384102,-0.04102763081614301,0.05516942305322116,-0.030072991367937663,-0.22570629076949061,-0.119657456394619,0.06797098604536511,0.08734040270784738,-0.0038307914930135528,-0.17224958574317445,-0.01570569734373502,0.004441563539921576,-0.020756207005162803,-0.07008540766067002,0.030276582050240336,-0.24820716949609023,-0.012039239136885063,-0.1316400918440477,-0.11205247709604824,-0.1672109445968585,-0.16414156399640292,-0.050114348578288836,-0.03801302797774197,0.04971720980339348,-0.16893644410157624,-0.05613259870268,-0.22715242368773023,0.04767034742795583,-0.03410098280434753,0.043742781888645936,-0.08399439440901642,-0.040464332829682245,-0.0704332464497163,-0.04794241031282667,-0.14045109487051907,0.17016894374780317,0.019918107245728477,0.01960952585282128,-0.2705272816079099,0.06642807908082915,-0.21086334317811445,0.1414544408788179,0.0731456586341165,0.16081016310078652,0.18438194707555222,-0.1184925159882593,-0.10413709047916847,0.007806744055471613,0.1271547060944825,0.022818589746515905,-0.010635102502887244,-0.01652097303564663,0.11915715283452094,0.1616847813682572,0.1331346117854355,0.11860846225127472,0.24837058981955293,0.013015196264156629,0.20487156897204964,0.14955333299858034,0.12006463775922435,0.11105460886395487,-0.04279786549320527,0.0799508826066911,-0.02660099421638129,-0.24535324809304915,-0.028150291919823614,0.1489197368841496,-0.023608302482802067,0.20540382622667952,0.016362117525688488,-0.0074945108117607856,0.06302364116914004,-0.039935727425856014,0.11680901276778337,-0.012037413211483244,0.06285291714407008,-0.1699124012288478,-0.012155185399900487,-0.1351759963846677,-0.0621234599460439,-0.07032825573911178,-0.052182209095847386,-0.29756284606992384,-0.10289728713133425,-0.1916893005336267,-0.01335664431429654,-0.1313287715630378,-0.08629506041530673,-0.23324371082819412,-0.006542290714712851,-0.1405789096486463,-0.11210816782080368,-0.07346245669133188,0.18493702839770482,-0.033832571770280324,0.012275696476420456,0.028651508442622577
#49,0.624280243030671,0.25861494428645115,0.014325297739960835,0.30444841076017837,-0.09574787622051702,-0.04219804899870816,0.27096185185354255,1.0,0.40942360099878117,0.30618669174270885,0.3211684096646232,0.011293348610242528,0.0687214413855122,0.1740262111591431,-0.014323471814559017,0.09956953808652147,0.18464031551990942,-0.2784253219334724,0.033998730981845735,0.156478155084974,0.2935293768573085,0.040997503047013016,0.008546243843207785,-0.07786293690971255,0.014703264298137099,-0.0878489229322536,0.02722272181570022,-0.11917723801394094,-0.3124523547590463,-0.08795482660555903,-0.1962659825532828,-0.1812440942725285,-0.3156860686456655,-0.4927871381814696,-0.29583186878900064,-0.1211318911565868,-0.28689305098440204,-0.29524026895881167,0.017003930304427414,-0.11389209693837958,-0.0034007860608854827,-0.06097312694289875,-0.0686082340105995,-0.03966914231719063,0.1194209990550836,0.059972519822702644,-0.2610717269145969,-0.37774105638914124,-0.0698973373442828,-0.09397581561805292,0.07204279969141861,-0.06176831745539036,0.07567000050212949,-0.11802325315999215,0.21355384425769286,0.0049391282119169025,0.14313155336038746,0.012153359474498669,-0.2209406254707464,-0.1559294645017278,-0.15371644291472472,-0.02169199377359438,-0.11160147352179926,-0.021536790114439874,-0.03296708312981873,-0.19547626981699662,0.07855952745050601,0.06844207479903408,0.12366718857701069,0.05339462356265435,0.14280106086265845,0.1060680065915907,0.27907991619002404,0.04112075301163571,0.08174759320207974,0.12519548813833212,0.015895593585524063,-0.0065934166259637465,-0.13661208671319733,-0.17720788617181046,0.1570551475119484,0.037595804023426625,0.23926926465419254,0.1379185363381979,0.15232873960934326,0.04885993782724007,-0.1922653799979002,0.20270510848279294,0.02040836821611653,0.12347546640981982,0.0006244664874216564,-0.007958295863822483,-0.034248882761894764,-0.2089488603943086,-0.14102078359588618,0.0712065258573861,0.049651476488928044,-0.011591887413439724,-0.20470906161128788,-0.04246646003277536,-0.2960126354037806,-0.025885231458868747,-0.24851027311279197,-0.1581890471864772,-0.2753933728037541,-0.11916536949882912,-0.2984593754422163,-0.09261367526829692,-0.05237849607654279,-0.23173823533439541,-0.20605385566972662
#50,0.19559495496811477,0.2699886336143737,0.015789689912218637,0.020302464542811104,0.047394632692281356,-0.11477128001935481,0.09954762698169967,0.40942360099878117,1.0,0.15889020254077518,0.05929236261052555,0.20424345063382435,0.2406679235119849,0.34296722007422387,0.10570829928743261,-0.06931669306650477,0.05204069987720652,-0.06796459530645875,0.008260486517823315,0.05136602044123487,0.339160165611434,0.02927141011653969,0.07461918043338339,-0.14054695595411448,0.03976591636348697,-0.18268292348916085,-0.083848320376871,-0.10079564699384207,-0.07237055330104489,0.033866351390213954,-0.04348441344428873,-0.022861498993458622,-0.1567876494405821,-0.3182323216185003,-0.21570021956752958,-0.11865502334902107,-0.04891197670119187,-0.03886482217768993,-0.07680298721395737,-0.0033003601637855086,-0.05317459955173531,-0.026739764546919436,0.04322969685073516,0.016951891430475607,0.038589107442015456,0.02213112883273154,-0.07000871879379368,-0.17388470194050223,-0.02261408610151232,-0.10413069974026211,0.10267726312041521,-0.20977874348943473,0.023585478415279342,-0.10392163128175398,0.13802717889960606,0.09808232184674096,-0.07809848128654703,-0.08052148429475914,-0.1706153825085476,-0.11346483039435423,-0.0652156646140222,-0.014273258866009029,0.037612237352042985,-0.03451729379596197,-0.17016985671050408,-0.12851684644423852,0.23052582086758847,0.05497861384873121,0.2854423532526579,0.14174019820420236,0.2874590878589655,0.19199149118762754,0.03177749273053449,-0.06689460302099358,-0.007686232978951645,0.10859508734770641,-0.04885993782724007,-0.056904052184947984,-0.05366120867131973,-0.09512340973309535,0.031552903906110916,0.021999662203800664,0.09161398111080171,0.07776251101261258,0.1518284360492452,-0.06684347710974269,0.041816430589728254,0.11666567762374068,-0.03532343986086448,-0.12475909196729768,-0.0722180885299931,0.036257400703894244,-0.21764391715776452,-0.09852328283127992,0.06484956657095774,0.17928122446557446,0.008130845814294256,-0.09441038586368554,-0.2519676628611338,0.014349947732885372,-0.06935321157454112,0.02913355274870245,-0.09796454965832371,0.11577827787845728,-0.09674300556450766,0.021440016068143535,-0.021839893731141615,0.10214135401498171,0.08923845216303689,-0.1118004993905974,-0.0553593192950102
#51,0.30577677149000076,0.2593042311256374,0.2334792552050286,0.4257355055759197,-0.05077168172294321,0.08158325991591614,0.2777972035952471,0.30618669174270885,0.15889020254077518,1.0,0.25969497916162637,0.005668585409943077,0.03669927465113413,0.1545088945391136,-0.09580447990797336,0.04493237228793018,0.3654507525095062,-0.14739600213633272,-0.059395527395728245,0.06991285771019826,0.02264969164684777,-0.08886139856756152,-0.16438076022404105,0.09597063911953878,-0.08605312529956588,-0.050917755755088626,-0.002539862233928433,0.06581091629501477,-0.3338038134452017,-0.0630921133717082,-0.08139153774872528,-0.16430498431986562,-0.0008828349317788622,-0.18031378528030237,0.006581548110851931,-0.019704473973715803,-0.11368211551717054,-0.10486015693828829,-0.1061501732346725,-0.12671557103534536,-0.06592321070722655,-0.1019240688921654,-0.023397408098892118,0.07656379098631926,0.023849324635842002,0.08662372698763392,0.11093683667553762,-0.020324375647632915,0.21320600546864657,0.10121743576166196,0.09154277002013082,0.1096869907379934,0.015083056781715183,-0.07880785330515322,-0.05572541733807465,-0.11392952840911684,-0.10753148580114759,0.061177630587902335,-0.24882615820730644,-0.22420629305189738,-0.12810601322882953,0.05548804703583835,0.15421400758672005,0.2098654749460211,0.1876375720669932,-0.08379445557751738,0.11834735491881479,0.2679992878890933,0.06622905321203103,0.07795879799330799,0.16639201705414325,0.14585492109719858,0.3478323983073672,0.17632231235192886,0.16008161886546124,0.10919399087950261,0.08123085631336532,0.09982242875467323,-0.17389748341831496,0.015258345620289684,0.0600300364728599,-0.024344150419734603,0.10669064715361054,-0.0005523424340498569,0.08117060077510534,-0.05748469646272601,-0.13157161964147954,0.026474092400954958,0.0438934207342959,0.011863950298310562,-0.04194241944245368,-0.038726964809852694,-0.1193799157335427,-0.146311402447653,-0.1999990870372991,-0.060765884409792435,-0.08539031437870606,0.19761899327602972,0.03921448689213802,0.21682316368964746,-0.056177333875024535,0.08216116530559144,-0.2168998525565238,0.21482651426275978,-0.17958158919417347,0.09749619979275746,-0.012592494533635827,-0.022525528719524165,0.13897118233234582,-0.12433639023677688,-0.19041754349126067
#52,0.3884071996238594,0.02952521374739235,-0.12485769193899583,0.29864196798239806,-0.1015826208420255,-0.035142673246084534,0.3372876791118699,0.3211684096646232,0.05929236261052555,0.25969497916162637,1.0,0.020706907019313724,0.16053353540241114,0.022006052942707025,-0.1661601245281124,-0.055045260125897555,-0.05794300373858226,-0.20118776447388242,-0.14010873385767825,0.004086421049268032,0.1446918066162407,-0.12904362592266294,-0.07572751715228675,0.09941433442736697,0.02107117913697636,0.21935024444576318,0.07020409281178817,-0.0495537894799308,-0.17248878197081258,0.07776890175151895,-0.08786170441006633,-0.016247997188074882,-0.07009910210118366,-0.271778040508155,-0.012645446370288542,0.11874905850721469,0.09703150177799486,-0.14261299054627125,-0.043786604098289564,-0.0954785522237489,0.07681394276636828,-0.03197925748743535,0.21173887440828604,-0.11800499390597396,0.21820173736801982,0.015350554853081478,0.02840866036418082,-0.03142874097878731,0.08787813773868268,0.1487334924931642,0.16197510350714622,0.09311580475379679,-0.06931851899190658,0.08403182587975368,0.047093355000981434,0.10158353380472641,0.26439582410860607,0.2527929811427554,0.036723011681357755,-0.004524643145704282,-0.12189056316104206,-0.021177082810281786,-0.001374008864867826,-0.006052029744324796,0.06841925073151137,-0.1467213227003611,0.1688707107871108,0.1265950599588254,-0.07936932536621216,0.026899533019578484,0.008249530965412408,-0.04212136013183181,0.01279791114134032,0.1862781706053399,0.15349550594110478,0.170220982621755,-0.1643551972684156,-0.15275965800417224,-0.14077154477853807,0.023981704227473786,0.021361501275865374,0.1853086042169747,0.2101649267119192,-0.08489822748291619,0.2540875622526442,-0.07291741795888929,-0.21265822784810126,0.06617427544997649,0.0728042105839766,0.10524451423537091,-0.03585021933928889,-0.09273966412102233,-0.05500052495355302,-0.29342256022130214,-0.21085877836460992,-0.22088219585788824,-0.1637891603938521,-0.04449962796769938,-0.21384325343388097,0.013179529550320222,-0.14539022308243596,-0.03760584661313662,-0.1650682211378254,0.03559367682033351,-0.12698306910671164,0.025865146279448754,-0.24795153993983576,-0.0897871427462831,0.06036874563489709,-0.31537748725275827,-0.24961860983169532
#53,-0.09639242788735866,-0.06746155285825797,0.010732789511884493,-0.09026370927615752,0.2605120807789398,0.26168158599880403,-0.07269648098526935,0.011293348610242528,0.20424345063382435,0.005668585409943077,0.020706907019313724,1.0,0.37079249727252395,0.053530655005089765,-0.22709308111217116,-0.2647929628835014,0.009374301012932117,0.1461781098933203,-0.06681974007951905,0.10385315907918583,-0.09950745662285967,-0.316021125956899,0.14819940931313252,-0.2931705825158513,0.09433004514600556,-0.11509446881547654,0.05216760169263285,0.2577923648929323,0.036734880196469574,-0.009886473088141985,-0.026859362660738496,-0.07023604650631998,-0.0022979271181875864,-0.033849005098896684,-0.13485828536475142,-0.04679299027238242,-0.11769093473686132,-0.20042178876781988,-0.1472599706938973,-0.1861412262002036,-0.09668457595164949,-0.07803639982288524,-0.010737354325389036,-0.0143116032994472,0.13908895452076306,-0.09240095495898515,0.17292517814184702,0.14195200555081322,0.1907617304295033,0.046688912524478814,0.09459389136656822,0.13163004925433772,-0.03185600752281265,-0.30741280065002946,-0.1765405104374461,-0.2775050555309563,0.11439696531198218,-0.022374889873874204,0.22757512541825103,0.04960856724198533,-0.13007527377468994,0.0032574509168427925,0.1216477150826003,0.02327689702237215,0.10196058740020177,0.15572952567022874,0.02704925890252754,-0.07509209511245418,0.028049866022723642,0.11822136606608936,0.24744667156623315,0.1108519311443531,-0.1845964933102658,0.00814454025480789,0.017884026348103547,-0.044753431598552045,-0.24166213989327465,-0.03971844230303971,0.08880296895470335,-0.013123838825564782,0.11568332975756275,0.24923060068380906,-0.17087557687830662,0.18389990276947235,0.29011307043050755,-0.1428147553031721,0.1053157253260418,0.3517773101379943,0.06933677824592477,0.3214842947591376,0.10312735373196329,0.3209036504813596,-0.03163324462379089,-0.0322421907452971,0.14628310060392483,-0.009239182533197606,-0.01992997576084029,0.02719898478547659,0.11531997060260103,0.12562458060775927,0.02914450830111336,0.047864808483249414,0.17441148141892662,0.1589951932513797,0.26125158056667597,0.1527459635636586,0.12780747442563234,0.06984073365682646,0.08447187390159175,-0.1971835100676962,0.09913040302738432
#54,-0.11838204750144933,0.08246792077309681,0.1115019605874002,0.08781331738691815,0.1000671027585168,0.27186112011393776,0.046861462474950585,0.0687214413855122,0.2406679235119849,0.03669927465113413,0.16053353540241114,0.37079249727252395,1.0,0.26247860243669746,-0.1317505603308577,-0.3669726613319213,0.19903591138784024,0.13177155847297858,-0.08894904298684878,-0.21326169619340202,-0.07746671109751811,-0.39132046360245953,0.17254812454637167,-0.19020847503275254,0.22219321029639333,-0.01654288414046844,-0.023776287619769295,-0.05528263042813386,0.19682654165164082,0.18499089319705844,0.16547448953972985,0.006771444352640973,0.057909224118648635,-0.004282708029963436,0.05820684995914492,0.03101699480067742,-0.010216965585870989,-0.1697462420172824,-0.1565411495113367,0.02811286044908635,0.13618208128106926,0.010007897127362862,0.00496469116754235,-0.04120018076661478,0.09584647619221516,-0.03431370311365929,0.12671283214724263,0.05347131242953069,0.20767892927734438,0.11727918855875143,0.2565817763515272,-0.030364226469527588,0.018803379787918763,-0.23426531609051113,0.03298169053303327,-0.08621106784682311,0.15187591010969248,-0.06491438692272228,0.01768591344200633,0.011007591284858058,-0.16481441750697276,-0.10694079893365957,-0.022397713941396925,-0.0888285319103288,0.2074643830426308,-0.048126828778410256,0.07867547371352143,0.18560988190827463,-0.03612136926145882,-0.014358164397193552,0.29251507529659876,0.04007449775639416,-0.13484915573774234,0.10217148178411171,-0.018221822547439825,0.04859609160667741,-0.21146224670991068,-0.019210561152524112,-0.0019610438815522192,-0.041346254798760196,0.23503220475927455,0.2655059867529112,0.11513555213701744,0.09751902386028019,0.0009211793652170341,-0.02850360848507534,0.02418620787247737,0.20108094783787608,0.1543947742015,0.10338572217632049,0.03466336782810738,0.18421031008778135,-0.06822935448972232,-0.10040307303245126,-0.021639041936941668,0.09744598684420748,-0.05922662929606011,0.12909383887121292,0.0683306933495232,0.20666371475393372,0.10901596315282538,0.19704839158796167,0.15975112636773225,0.24363961710344323,0.13052901623704163,0.2060310316022039,0.07710426490525729,-0.079981923338522,-0.09031757407551115,-0.2162379545983649,-0.08976066682795675
#58,0.14170094080806328,0.18461201367618127,0.024062044945153765,0.09613132055489873,0.1266808784527108,0.13180716401831402,0.012239177968384102,0.1740262111591431,0.34296722007422387,0.1545088945391136,0.022006052942707025,0.053530655005089765,0.26247860243669746,1.0,0.1576832658501737,-0.009591586135748424,0.12312488873267083,-0.08456773498518717,0.07014566319893001,-0.0088776493036377,0.3002926045456413,-0.10569825669772262,-0.068072324905166,-0.16357370119643763,0.06792351198491786,-0.14329406072114922,-0.18664244272300254,-0.2921161105963016,0.14514828796669513,-0.04744758452893407,-0.033206279357456854,-0.09981877690386959,-0.13995353019852375,-0.0401813143924005,0.021322243879726293,0.028358447415630834,-0.12186591316811751,-0.1700456937831805,0.06098499545801056,-0.1269584191137871,0.10493775876786554,-0.11391674693130412,0.1891028772019519,-0.06437300004108332,-0.16518234147543903,-0.0832813705396066,-0.1685219590353636,-0.2529399681376017,-0.10495236617108009,-0.17482687944784017,0.0010480811806433648,-0.2629989911762155,-0.01034386740129732,-0.20351216751039636,0.05854008134497665,-0.022268986200568774,0.01581981768134863,-0.23381796436706578,-0.1474754298913118,-0.15285095427426312,0.08413316473955457,0.00032501472152355216,0.014756216134789814,0.1594799764455623,-0.11619002405656717,-0.055484395185034716,0.2588851812459202,0.2566885929875335,0.31003482952703965,0.07416908982183533,0.26005742535388715,0.029283278631651505,0.18910744201545646,0.09039426294238749,0.15117475475539446,0.1788932153176882,0.13956278216253476,0.10161548749925822,0.1933280685817581,0.03947285533649523,-0.009859084207114718,0.18206302181524373,0.059222977445256474,0.05166273331903025,0.11504151697882382,0.2502458152072197,0.10783276349244751,0.07465204709061611,0.022373063948472386,0.03981247746123332,-0.10642771389574879,0.047549836351435865,-0.18246472540364364,0.01602614725175403,-0.0156518325443814,0.3037070850470404,-0.03787060579640019,-0.047368156773955,-0.22518590202997257,-0.039858125596278764,-0.17505968493657192,0.02655352015593403,-0.056338015310384494,-0.17580922731401807,-0.03682161165305591,-0.06244573577946473,-0.06316332446237909,0.0013320125806260184,0.05823241291477037,0.03858636855391273,-0.0117854355060324
#101,-0.016864247011188358,0.21251489270405857,-0.0247668521502554,0.05028781149146152,-0.0568027133251471,-0.08905859851095783,-0.04102763081614301,-0.014323471814559017,0.10570829928743261,-0.09580447990797336,-0.1661601245281124,-0.22709308111217116,-0.1317505603308577,0.1576832658501737,1.0,0.44882707117000736,-0.0964271204699932,-0.009859997169815627,0.6326886295060415,0.06084074735126696,0.466049199559952,0.3964367065783527,-0.11196848452756462,0.23926652576608984,0.026360885026042263,-0.033444562622394064,-0.20463145978171063,-0.2633395262636545,0.35564735902714695,0.12619700822122912,-0.0159613268999895,0.09013406857262847,-0.07541071909507137,0.14992399585514934,0.14948029598250764,0.11249708993139085,0.19358917591421804,0.22198961961409067,0.11387840249786595,0.12308471837383084,-0.010128408203882831,0.11066751267876951,0.09310484920138588,0.18416374899003501,-0.37270332820552615,-0.11571619641479547,-0.2758982411773567,-0.38326082887883617,-0.26295243007846913,-0.4102297470636837,-0.2202394701164484,-0.15432630199893183,-0.07866725704921325,0.03912501654744895,0.1946993385585232,0.2633294836739445,-0.30993075177913604,-0.3588509451446361,-0.46514627944875314,-0.40186883464876044,-0.2305495578978121,-0.23636513030260148,0.14787622051701077,0.043715393007618675,-0.2567506744511953,-0.155837255268936,0.14932326639795132,0.028637814002108943,0.5394358803471084,-0.015474717780405082,0.043110098736916104,0.05867063501120662,0.37573619029794536,0.03281461835876695,-0.08135867109149256,-0.2461411349039335,0.29275518448693777,-0.09590947061857788,0.19797687465478597,0.17865219316464825,-0.05250174604116549,-0.1746242017282384,0.19044036755878338,-0.06352029287843446,-0.14161694823957968,-0.23113659291449648,-0.20270054366928839,-0.13867538241725133,-0.16493584154619362,-0.17436309439577846,-0.1556309256985306,-0.38129248129567667,-0.18225748287053734,-0.317374136679646,-0.18106880543395398,0.23916518690628893,0.20570692984338124,-0.17596169208506987,-0.10062127111796848,-0.07465843782952247,-0.1565813198701767,-0.14937621823460404,-0.10790671347122113,-0.23840651490183368,-0.11013342949873783,-0.08874088749104156,-0.09281087521169322,-0.14626849320071028,-0.1602103466062894,-0.23310220160955325,-0.2648961276687041
#102,0.13955273957282474,0.22125377167715812,0.008595543829056864,0.08815020062355353,-0.1694075328552452,-0.20161229212980503,0.05516942305322116,0.09956953808652147,-0.06931669306650477,0.04493237228793018,-0.055045260125897555,-0.2647929628835014,-0.3669726613319213,-0.009591586135748424,0.44882707117000736,1.0,-0.05867154797390753,0.07442015456458527,0.4241140838191056,0.5572587381942511,0.23379331437414125,0.7430786015237347,-0.21002980823218467,0.35419574833270184,-0.24196067869647186,0.11447274121615761,-0.051183427901053104,-0.04446676131046666,-0.03010494506246947,0.10925972419396805,-0.17625018829855707,0.05485810277221124,-0.09307380846955497,-0.0842819776598027,-0.17692943254803326,0.070516326055499,-0.0809816174960172,0.20841934202778145,-0.0009111367755070366,-0.04116822707208297,-0.1228236110413709,0.197586126618797,0.10733519882045219,0.2690099375989994,-0.3850913190941584,-0.08067577499121273,-0.031247974364007357,-0.30929715566470534,-0.1921110893014466,-0.25611251352326003,-0.2620093396084303,-0.07985593448579659,-0.10283337974227064,0.1686963349112372,-0.0884679116434698,0.226253155427335,-0.4065642018195347,-0.04645245518494342,-0.33638749788877376,-0.4133091702538493,-0.24686967913925875,-0.20121058854140514,0.2532312032391917,0.27183281827020955,-0.1652754636709317,-0.015935763944364054,0.11003117767623603,-0.06943172636681928,0.45887970346971474,0.21801092816352988,-0.08123724705227169,0.005937909406711189,0.2724061588463803,0.0663605198409619,-0.055278065614629314,-0.11201778451341371,0.1042639922945948,-0.21911287414352687,0.0478218992363067,0.3198318322704926,-0.13480076871459418,-0.08998890750318396,0.062448474667567457,-0.14860476475233605,0.02361012840820388,-0.2329734738687251,-0.2749898432899524,-0.23318162936453232,-0.12901623704163567,-0.04357297082627689,-0.008907777072767692,-0.3008221229121684,-0.1615715739933445,-0.18275778643063537,-0.2232933303509885,-0.0512765500965458,0.3790465930514409,-0.20001552036591544,-0.05740800759584967,-0.1132648915628552,-0.2920001643332862,-0.2054869058324622,-0.1316683936877759,-0.2426463136848544,-0.1661811226702333,-0.17914245413503632,-0.10069156924593846,-0.17239474681261896,-0.10025152122410039,-0.15946628200504867,-0.26770713982480243
#201,0.11177676236037376,0.16762086484956656,0.4136168386840556,0.12411819215125966,0.14257008129932852,0.3687209849041617,-0.030072991367937663,0.18464031551990942,0.05204069987720652,0.3654507525095062,-0.05794300373858226,0.009374301012932117,0.19903591138784024,0.12312488873267083,-0.0964271204699932,-0.05867154797390753,1.0,0.290970342406661,0.012403511254547696,-0.1128841861165762,-0.22159430676459713,-0.15515892398216072,0.2927442289345269,-0.09705797769632121,0.1723983986634226,-0.20171363098960593,0.20193365500052496,0.06264658757366467,0.061798445224520354,-0.05518129156833298,0.2289107898496807,-0.05003035600980522,0.16249184039586062,-0.06928473937197296,0.007337481227204463,-0.12199646683434748,-0.2054129558536886,-0.1668612798824104,-0.007073635006641803,-0.1502910068609147,0.07976555117840661,0.11065838305176041,-0.08818489320618807,0.01109340977874349,0.10439454596082477,-0.03108637996594649,0.09973569729808689,0.05300296256396445,0.20692664801179547,0.09595055394011878,0.1887194328675702,0.04467491680627388,0.2720857089383613,-0.17006212711179686,0.14025389492712276,-0.33326973026517004,-0.016516408222142086,-0.23601090077464884,-0.017574531992495448,-0.166995485399444,-0.23921448689213803,0.007821351458686156,-0.24253584519804444,0.08230450044963412,0.4248901021148781,-0.1642219047140829,-0.16913820885847708,0.03334778857609772,0.004953735615131444,0.10980750181451336,0.30179077633783274,0.3326671748825702,-0.0036911081997744984,-0.07079660560467801,-0.18125048501143487,0.012716657460959433,-0.13361574312881447,0.09474635613762,0.10235407432429348,0.015495715922525985,0.130144658939959,0.05937726814171007,0.05623667645058361,-0.03954589235256794,-0.16387497888773755,-0.019991144261801184,-0.19994248334984274,0.20836547722842783,0.1888326402424829,-0.03700055234243405,0.09332852506310854,-0.027641771695417382,0.09033674629223024,-0.11489909479748205,-0.19937827240068107,0.4001844184655836,0.08514837926296522,0.5432967996092519,0.24972633943040257,0.35873865073242434,0.07524638580890777,0.4013411422076351,0.16739901491324571,0.3085147466300264,0.1255341973003693,0.1895246659697718,0.1517955693920125,-0.2663303920718319,-0.26026101603618984,-0.13485554647664869,-0.1974829618335943
