,#10,#11,#12,#13,#17,#18,#26,#49,#50,#51,#52,#53,#54,#58,#101,#102,#201,#202,#301,#302,#401,#402,#501,#502,#601,#602,#701,#702,#801,#802,#901,#902,#1001,#1002,#1101,#1102,#1201,#1202,#1301,#1302,#1401,#1402,#1501,#1502,#1601,#1602,#1701,#1702,#1801,#1802,#1901,#1902,#2001,#2002,#2101,#2102,#2201,#2202,#2301,#2302,#2401,#2402,#2501,#2502,#2601,#2602,#2701,#2702,#2801,#2802,#2901,#2902,#3001,#3002,#3101,#3102,#3201,#3202,#3301,#3302,#3401,#3402,#3455,#3501,#3502,#3601,#3602,#3701,#3702,#3801,#3802,#3901,#3902,#4001,#4002,#4101,#4102,#4201,#4202,#4301,#4302,#4401,#4402,#4501,#4502,#4601,#4602,#4701,#4702,#4801,#4802
#10,1.0,0.49683874938112227,0.5412702378804074,0.5833423562237121,0.24913958642772202,0.24514869260631972,0.24209340311035227,0.46606837962770165,0.24896144218178118,0.49867895630607495,0.43707991504601673,0.07975679840086619,0.29362752583091567,0.10885816479036818,-0.08197226502311249,-0.07825668503634606,0.46670784806378024,0.310022811717727,0.11447595515392125,0.26273129832451864,0.07822290703646635,0.017890772128060263,-0.0017573814183983675,0.0009434704349958587,-0.08420253843982657,-0.10877672742079522,-0.11487203690593521,0.02583415464771397,0.01992393009342162,-0.002426463443412596,-0.12368809487453555,0.003544839138059477,-0.07695414983550576,0.10312284549572685,-0.18477398816381868,-0.04832983985526358,-0.09574350930283133,0.06929487268470319,-0.002521782182799132,0.006121221375458664,-0.1351392995460792,-0.059814822526686934,0.07272542187796426,0.19873725805929196,-0.029767209428226377,0.011538657301369167,-0.06197568909433316,-0.04193423006982329,-0.17372626864152288,-0.1086045984351069,0.020112716722886215,0.032084472762438865,-0.14915439322218985,0.08448803194565907,-0.04035175391107595,0.0012502487078758266,-0.3116760828625235,-0.06553440960220622,-0.02584849872985466,-0.03591064099538676,0.07078989621362503,0.2209576294322057,-0.07132016454050352,-0.02470930098048742,0.10550118685711907,0.23714747104577613,0.04198651656278775,-0.014173804004312479,0.04570163383722706,0.14745299999537287,0.0530744920575429,0.06049917405849609,-0.0003567512042088313,0.039320368133927454,-0.21226511565494616,0.16948042032787797,-0.09904403633217193,-0.053918948291776146,0.13147831961391285,0.17063858928265707,-0.0767829462744717,0.14092875618299347,-0.03354479286682677,0.19920506022200937,0.08708153453916166,0.03868321325948445,0.042086925137772596,-0.035242947107353886,0.1162883993392468,-0.11585992772433451,0.14466793449844298,0.04175469768690108,-0.08038793801505666,0.044039108445888105,-0.07843991911788523,0.18029955996057692,0.1839512856462009,0.1256388900456697,0.22028021858530333,-0.05833969562783122,0.20927923300804657,0.16742505217081488,-0.005119449187245798,0.16455623574267642,-0.0416510501256264,-0.028363802940074127,-0.09820652702008634,-0.034879255218238266,-0.1302595353442811,0.073353785218192,0.10537209011785283
#11,0.49683874938112227,1.0,0.6005501649569446,0.5090525039677583,0.31036799511375784,0.21585113619011925,0.23736818482581196,0.2404669692805286,0.26087443375578967,0.5514850752138888,0.31569196314959025,0.0029701504277775464,0.2704039941328077,0.23135847712118898,-0.27060064687183333,-0.05442237306644086,0.44239046442436275,0.4613079952063003,-0.08840442908239518,0.005801487157419361,0.03816590087776529,-0.13292938547175837,0.12048473743388997,0.08994294757006621,0.0782118019406155,-0.15794361387581726,0.04089035105984259,0.04315486518876349,-0.050452301299758924,-0.00022441547865276678,0.2059259567734144,0.055912306759764385,0.24715038613343698,0.3395082293387378,-0.14625457506813438,-0.12011734384615741,-0.13351055215461996,0.00124330802296904,0.14061411180055247,0.12677762508270982,-0.06951142205379493,-0.10158571514503718,-0.022748788850483766,0.02414432922907499,-0.059114738775755724,-0.15285840540077827,-0.0009605907910992657,0.04038553191095564,-0.022133844167742472,-0.06417033366185909,0.14602923416482738,0.012692661845204218,0.04262968669748331,-0.042019369138013206,-0.13861565725972505,-0.19627933017763527,-0.22697751680802528,-0.24420244589736115,0.0938320446795023,0.12650786379599938,0.07629709833099664,0.20439576710763152,-0.060114197402332994,0.1351124622311063,0.15287783931851728,0.19644174220445407,0.10674634572939658,0.163470712623255,-0.12780901085985832,0.2814720729974967,0.09146064400301689,0.2150409269053337,-0.18994294757006622,0.09881268016861237,-0.37575202320965034,0.09146527112628808,-0.06754073025259466,0.075143796548143,0.2898143135431271,0.18626022015852525,-0.02705617790363553,0.08498035786171379,-0.06452615944141368,-0.011843584724940657,-0.043815155679562456,-0.012158691819708769,0.0589712979543488,0.2005524785185802,0.20326767445411514,-0.15923365584382534,0.00046595131340894055,0.06769758973148804,-0.2234423946288353,0.06423650152463711,-0.16104054748122545,0.39847860186843237,0.2964158303141354,0.3338265846740423,0.29371220218677846,0.17641277641277642,0.40408112272519053,0.23902747123086107,0.09872013770318855,0.29327216276368817,0.24560724052249475,0.29557369387877863,0.09824585756789146,-0.00011475265712553849,-0.1853875447095786,0.1171939273634189,0.04375685392634545
#12,0.5412702378804074,0.6005501649569446,1.0,0.6356987187495662,0.25578829985609647,0.20647750986734037,0.383128120416256,0.2814466238195052,0.1616429989311345,0.5491886339343967,0.3567715635512246,0.04152056524937881,0.3262783584817483,0.28012141571463606,-0.17718087887579412,-0.09046211080109386,0.6087984749001698,0.6597315343078055,-0.15511273985850257,-0.025053558951864036,0.04226090497276938,-0.12277099904218548,0.01379021548513074,-0.009065922625244659,0.033954755988654294,-0.20150288963848287,0.11362826617063905,0.10020035443764257,-0.09918979071521444,-0.07069550289889273,0.13790631926225147,-0.010397145990366329,0.23331898925119265,0.2792848318272047,-0.20051037169681238,-0.09226344989056853,-0.17738400958739942,-0.12437013284470912,0.13567095600993906,0.055979862759523775,-0.15138327850192257,-0.17776898624356252,-0.03041315583688465,0.027288459491849323,-0.18754008245533668,-0.2018263255551391,0.08943951655816063,0.1365339145000162,-0.023912973065515437,0.0025888754702314025,0.18118010151908456,0.06451829333185266,0.10594446526649917,0.1497813684254362,-0.08228181956995516,-0.06811217997658675,-0.30083658388743134,-0.35138003951563274,-0.00996728623847268,-0.06107016107016107,0.026188129577960087,0.16101371016625254,-0.13823114331588907,0.08066926710994507,0.2376236020303817,0.255196028077384,0.1105197647570529,0.2289366408010476,-0.11639852487310115,0.26566350634147246,0.20031279353313253,0.25546856563805714,-0.06807238671645452,0.19939245871449263,-0.2956167261252007,0.0010688654756451366,0.05542414525465373,0.041187417138334736,0.2826510640069962,0.19909771096211773,0.024748631528292545,-0.016526233475386017,-0.16079207096156248,-0.01831693018133696,-0.24891563366139638,-0.062000675559997595,-0.07762693355913695,0.08291527274578123,0.22812134168066373,-0.2791293604852927,0.03982009744721609,-0.019197009027517503,-0.3591633235701032,-0.048712965662118204,-0.1959503417130536,0.4394638089553344,0.2973361651327753,0.4761360744411592,0.4127361568039534,0.2465280380534618,0.4639116774709995,0.46609891864129155,0.2506211912991574,0.4218779642508456,0.3237769356413424,0.3118458982865763,0.20256805341551104,-0.04508900271612136,-0.3485033569779333,0.144675800608004,-0.03914314931264084
#13,0.5833423562237121,0.5090525039677583,0.6356987187495662,1.0,0.25746331848026766,0.2222606273453731,0.377526062271825,0.3415201025370517,0.34416635433584586,0.6864272593086153,0.5816497545311105,0.03241299851469343,0.40402559724593623,0.30474557762693355,-0.12874183891133043,-0.00444990444990445,0.558859321571186,0.24816280070517358,-0.09449372330728263,0.03517354025828602,0.07270321168626254,-0.03946797336627845,0.055249239995002704,-0.04710920473632338,-0.05536075366583841,-0.13019938274175563,-0.033880259303988115,0.09956828939879787,-0.07236265541350287,-0.10542854102176136,-0.022697427782173544,-0.0555250165419657,-0.013809649402869741,0.1284841081451251,-0.25984952595122085,-0.1391908086823341,-0.08293100496490327,-0.06459880527677138,0.09516234261996974,-0.04195690297385213,-0.19358865799543765,-0.21461893326300105,0.07751634531295548,-0.0005316564638598537,-0.031840623366047094,-0.07066635202228423,-0.013519066061438942,0.06611002373714238,-0.12578279357940375,-0.06553718587616893,0.00969150969150969,-0.09744675337895677,-0.11223689020299189,-0.0886274564240666,-0.08592567914601813,-0.21302535200840286,-0.07248342333088095,-0.19965666745327762,0.05863814507882305,-0.14445508682796818,0.22398284262691043,0.3675310132937252,-0.12989260446887566,0.09778083167913676,0.1788748687053772,0.17046599758464165,0.13915286627151033,0.19091695701865194,-0.07704576687627535,0.2305112508502339,0.16744402337622677,0.05345345345345345,-0.06514711938440752,0.015295418685249194,-0.147923578432053,0.01815174188055544,0.1611381797822476,0.07660874394526442,0.18186584118787508,0.09744397710499406,0.08723145333314825,0.05161602280246348,-0.07648125783719004,0.0774344452310554,-0.12318466386262997,0.10703091381057482,0.052297598060309924,0.1654252094930061,0.26674671589925825,-0.1333615587852876,0.02746151390219187,0.12362933040899142,-0.3158978701351583,0.04610743254811051,-0.17421443014663354,0.3379053938375972,0.06857859400232282,0.2677725491284813,0.16710022811717726,0.06843006334531758,0.1607300675097285,0.2062114502792469,-0.025318693115303284,0.1868113105401241,0.007797165424284068,0.030223906495092937,-0.14297949721678535,0.16979043758704776,-0.238168677151728,0.1367911825538944,-0.019722187518797687
#17,0.24913958642772202,0.31036799511375784,0.25578829985609647,0.25746331848026766,1.0,0.47068347237838765,0.08852751056140887,0.016434616434616436,-0.012717185598541531,0.21047256809968676,0.245538296385754,0.36164299893113455,0.3437415844195505,0.05305644627678526,-0.37778009133941337,-0.25464632583276653,0.04045031163675231,0.12960202112744484,-0.06267438470828302,-0.03946889879093269,-0.23692953353970303,-0.15811759371081405,-0.11996742505217081,-0.015104318494149003,-0.13616559548762938,-0.08545093629839393,-0.02160218770388262,0.0485797045119079,0.16598046428554902,0.10908350569367518,0.27684494972630563,0.12094050907610229,0.05119726814642069,0.15389349287654372,0.16240693698320818,0.17400852316106552,0.05229482178634721,0.020954853158242987,0.035968942748603766,0.07918118426593003,0.11310678937797582,0.04872129448400635,0.019226622616453123,0.060200724607504266,-0.17068809950165884,-0.021750255648560732,0.16423187440136594,0.1206138341731562,0.16252307777731506,0.04079595774511029,0.21503537435740824,-0.047553408570357725,-0.02688543705492858,-0.16225239106595038,-0.2630903630903631,-0.06724181808927572,-0.10348283568622552,-0.03152782983291458,0.2540119472322862,0.17921635040279107,0.10292110292110292,0.3359481206938834,0.01623426199697386,-0.08897495338173304,0.030271103152459084,0.18869454971149888,0.03469694656135334,-0.03644831271949916,-0.1346765872189601,0.09787892669248602,-0.2162958027364807,0.07825390876238333,-0.13099941235534457,0.2106187851950564,-0.10049926660096152,0.251567438008116,-0.04218316930181337,0.013699062741369667,-0.019081330945737725,0.16996441742204454,0.13555712877746776,0.23868321325948444,0.0626230236399728,0.10665056427768292,0.30443741121707224,0.18422659948083678,0.18879310743717523,-0.052511371155438955,0.1990218261404702,0.14492242627835847,0.21803143667550448,0.12205101866118816,0.06563620631417241,0.03888495583410838,0.1176274888139295,0.14717305903746583,0.1156466173415326,0.17543737882720933,0.021697043730942035,0.1469541961067385,0.16705950943239078,0.23867303358828781,0.2311451667383871,0.17750755377874022,0.11556703082126811,0.11564893090316819,0.03287108371854135,0.14175701124853668,0.16367476875951453,0.014835019919765682,0.1389441830119796
#18,0.24514869260631972,0.21585113619011925,0.20647750986734037,0.2222606273453731,0.47068347237838765,1.0,0.08215040926905334,0.05008213143806364,0.14679594849086375,0.2254959119365899,0.213328891294993,0.4473016930644049,0.6160616702989584,0.16417819977142012,-0.3077666264106942,-0.3024005515530939,0.04145300924961942,0.0703679025712924,-0.10357769171328493,-0.06722145874688247,-0.27438470828301337,-0.1403457386508234,-0.2622796910932504,-0.09601882313746721,-0.217703373635577,-0.1474992712280848,0.03470990250651267,0.2496282106451598,0.4885561987256902,0.24777273421341217,0.2298717824141553,0.05100570524299338,-0.045221801154004544,0.044780373593932915,0.055920172869325414,-0.0540818167936812,-0.11700837972024412,-0.010113966046169437,-0.034150020590698556,0.00037988682056478665,-0.0025314991416686334,-0.09028119028119028,0.15519926706367385,0.11846175913972525,0.04670988399801959,0.0012234113929029183,0.18624078624078624,0.20266661114118742,0.3075931092880245,0.05188809765080952,0.22728799677952222,0.03805901433020077,-0.09181554435791724,-0.0721646145374959,-0.23701652345720142,-0.09626868779411152,-0.09775399436416386,-0.1959313705076417,0.08764280459195714,0.07920570801926734,-0.10477287765423358,0.16299504435097656,-0.017627026101602373,0.062202880846948645,0.016192155175206023,0.10832697103883544,0.08902770258702462,0.15886579954376565,-0.17590564370225387,-0.11511264731603715,-0.1995955894260979,-0.08917160612075867,-0.0823942586654451,0.10227700736175313,-0.09767348241924513,0.1809311622870945,-0.20059967517594637,-0.06646030465677255,0.033368499470194386,0.2988806988806989,0.3304460084121101,0.2699560886001564,-0.0022464683481632636,0.1991837754549619,0.10645206068934883,0.12014279302414896,0.0723464604820537,0.09048802269141253,0.12651989431650448,0.2706700537209012,0.261916924628789,0.15631671733366648,-0.004448979025250212,-0.00676022709921015,0.0576442390001712,-0.006756062688266078,0.06252770490058626,0.13209141344734565,0.1600827329640889,0.255541674185742,0.270397516160228,0.5113558859321571,0.32483006889786553,0.14849641629302646,0.20513656954334922,0.1115201488082844,0.09731719392736342,-0.037273791511079644,0.048242387225438076,-0.14295127176483108,-0.020009994586265772
#26,0.24209340311035227,0.23736818482581196,0.383128120416256,0.377526062271825,0.08852751056140887,0.08215040926905334,1.0,0.2687590518098993,0.3630255833645664,0.44576456271371523,0.3656070554375639,0.13776056487920896,0.2002355205745036,0.3231217349861418,0.047736642651896886,0.05707464012548758,0.3943914638829893,0.2403244538837759,-0.05610618322482729,-0.09591471286386541,0.17323070373917832,-0.1733399038483784,-0.1395785616124599,-0.1884678206712105,0.006479360716648852,-0.281438294997617,0.014773016467931723,-0.08456484219196084,-0.15609507812897644,-0.011590943794333624,-0.18433672501469112,-0.05471758353114285,-0.0022372141016208814,0.14512925868858073,-0.12546352207369157,-0.06389224355326051,-0.04597463411022733,-0.10302012335910642,-0.09872060041551567,-0.1845976947671863,-0.14457770559465474,-0.07287534067195084,-0.05703762313931805,-0.14317383639417539,-0.12500034703424534,-0.2289056390751306,-0.015234340658069471,0.044526344526344526,-0.04909655418129994,0.0461458376712614,-0.1047853708870658,-0.009695211390126645,0.03163425366815197,-0.09642832354696762,0.0894922657634522,-0.14489697710036692,0.013631042444601766,-0.25372599101412663,-0.08031205319340913,-0.1015449964602507,0.13854532498600294,0.06620302891489332,-0.14708977081858438,0.10071396512074478,0.12425584289991069,-0.07096804045956588,0.0838009041398872,0.3545459172577817,0.13734643734643734,0.16715760444574004,0.2972116955167803,0.09011553926808163,0.1262566110023737,0.20526427814563408,0.024108237667559703,0.01903829869931565,0.22458159237820255,-0.06119787675169935,0.16354706015722964,-0.06650841905079193,-0.035657537352452605,-0.029860677318304437,0.01342189647274393,0.18220500932365338,-0.10424677373829916,0.07963464234650676,-0.014817436851335157,-0.10372159524701897,0.021046932911339692,-0.207614394055072,-0.06161014635590907,-0.07465585770670516,-0.38438160811042166,0.007904051971848581,-0.10073802616175498,0.1811685337109066,-0.1252289269238422,0.06168556846522948,-0.04236038812309999,-0.030104526714696205,0.08150168658643235,0.04812393286969558,0.1160052193950499,-0.14898504051046424,0.0011299435028248588,-0.1467367213129925,-0.0060240517867636515,0.058187925984536155,-0.1081150487930149,0.1294650582786176,-0.02628067204338391
#49,0.46606837962770165,0.2404669692805286,0.2814466238195052,0.3415201025370517,0.016434616434616436,0.05008213143806364,0.2687590518098993,1.0,0.4652595584798975,0.4150987659462236,0.43647700088378055,0.16026781789493655,0.08472632879412541,0.23776889370109708,0.25674703979788727,0.12403836810616471,0.5340593289745832,0.2664829698728004,0.1735185108066464,0.05518492298153315,0.12003775732589292,-0.1504222249984962,0.018075394346580786,-0.07306227645210696,0.08152482220278831,-0.12662539272708764,-0.2959771790280265,-0.2998519320553219,-0.19924855518075857,0.09695303932592068,-0.19834719156753056,-0.02771369212047178,-0.19278029955996057,-0.042135509932120105,-0.2787712211441025,-0.03294419226622616,-0.04168343998852474,-0.011688113383028637,-0.20312330820805397,-0.14235853727379152,0.030525132220047473,0.1268086268086268,-0.026081243030395572,0.11220079864147661,-0.18798151001540833,-0.23744129337349676,-0.37807946621505945,-0.3380261617549753,-0.4981385083079998,-0.4847383593146305,-0.4393000087915342,-0.13875447095786078,-0.36865956865956867,-0.03754817992106128,0.033015912676929625,-0.14654932282050925,-0.3757705317027351,-0.14119203949712425,-0.316312460380257,-0.3313344160801788,0.30300439113998434,0.2086263459144815,0.01885645275475784,0.09250544843765182,0.08430849956273685,-0.04083112388197134,0.2194949957661822,0.11649523174946903,0.27526432441686677,0.1827695183627387,0.38490401032773913,0.06598509140882022,0.4126718397904839,-0.235499752448905,0.02211857466094754,-0.29571482113854997,0.262363442024459,0.09349265600261217,0.32996802657819607,0.12542743051217628,-0.020207110037618513,0.08825497300073572,-0.29241707038317205,0.29957245380974196,0.18988881022779328,0.14568358805646942,-0.010889934618748178,-0.008359823614060902,0.09211353109658195,-0.1369674759505268,0.07961983555203894,-0.07934590985438443,-0.1441210085277882,-0.06919492682204546,-0.09208252937066497,0.26856656348181773,0.0824618146652045,-0.04490623134690931,-0.00038127495754614396,-0.10013187301322894,-0.019651855245075584,-0.06297237144694771,-0.0986632240869529,0.0036868918224850426,-0.17979936793496115,-0.14173942818010615,-0.17175603955264973,0.14391926595316426,0.025193760786981125,0.11219617151820542,0.04607365454823082
#50,0.24896144218178118,0.26087443375578967,0.1616429989311345,0.34416635433584586,-0.012717185598541531,0.14679594849086375,0.3630255833645664,0.4652595584798975,1.0,0.4386013131775844,0.31701670854213226,0.027204245848313643,0.1844884946579862,0.2265319248370096,0.2693920422733982,-0.007611617781109307,0.3797961289486713,-0.02414571736605635,-0.14408769324023563,-0.21432788720924315,0.24481970414173804,-0.19827130674588303,-0.03755743416760366,-0.24996599064395675,0.1046303622574809,-0.32241702411193934,-0.011863018642679659,-0.0845713201645405,-0.01977401129943503,-0.12031307116052879,-0.14053776426657782,-0.24648176682074988,-0.07513569038992768,-0.08049389913796694,-0.1808293655751283,-0.26386957064923167,-0.0075195380280126045,-0.17829555287182405,-0.14371844880319457,-0.2539591980269946,-0.1576775542877238,-0.23780498526261237,-0.10634887584040126,-0.12904445277326634,-0.05517520602266365,-0.24039339802051665,-0.24997061776722793,-0.1696946561353341,-0.2156979784098428,-0.15805651568363432,-0.2337271015237117,-0.1349990977109621,-0.09988941175381853,-0.1084736508465322,0.28617878278895226,-0.21343392699324903,-0.03222745087151867,-0.3246796873915518,-0.1972056802565277,-0.3372321474016389,0.10678891526349153,-0.062518913366371,-0.33441191576784796,0.08894210080650759,0.060294192497582326,-0.1884507003151071,0.06701323819967887,0.3297926586062179,0.13814507882304491,0.03379095582485413,0.33860177588991147,-0.052200891183942034,0.24180513333055706,-0.08352003775732589,0.009443033171846731,-0.17268701675481338,0.2816502172434376,0.03565985503915207,0.14954584785093258,-0.13789382602941924,0.03940041736651906,0.007731460273833155,0.06454466793449844,0.17121374070526613,-0.12374778476473391,0.11052531730497832,-0.09336794421540184,0.194728318457132,-0.01961668910821453,-0.00800307240985207,-0.10936067037761953,-0.06384041977262317,-0.2438933540628456,0.06646677494135121,-0.16976406298440197,0.3314500941619586,-0.23451602604144978,0.03026231161824382,-0.03586853417361892,-0.17829092574855288,-0.023159677396965533,0.09471906421058963,-0.035934702036396954,-0.07715265342383987,-0.1232656385198758,-0.18332245959364604,-0.1531351073723955,-0.006111504416589163,-0.1106895801811056,0.18378563463309225,0.016262487448928126
#51,0.49867895630607495,0.5514850752138888,0.5491886339343967,0.6864272593086153,0.21047256809968676,0.2254959119365899,0.44576456271371523,0.4150987659462236,0.4386013131775844,1.0,0.5694568219991949,0.01111203653576535,0.3211704771026805,0.36402365385416235,-0.08529962936742598,-0.04614444953428004,0.6527010832095578,0.29935682986530443,-0.14586821027498995,-0.14923906957805264,0.18352373945594286,-0.20807988265615385,0.04276202242303937,-0.10055062766927174,0.062400921722955624,-0.2644974712771323,0.10421947371099914,0.04852464174498073,-0.12286261608295507,-0.14541151320812337,0.050329682533072365,-0.09188541391931222,0.03956144125635651,0.21340153713035068,-0.2951799256884003,-0.1965925864230949,-0.01632911802403328,-0.14552163874197774,0.1049380659550151,-0.017168940897754458,-0.17264352179606418,-0.1756428231004502,0.1314611992578094,-0.09868080715538342,0.01619354331218738,-0.1618965652863958,-0.048028151417981925,-0.031815636900382666,-0.11810870963413336,-0.12475372136389086,-0.02836750463869108,-0.15382825043841994,-0.04135954135954136,-0.08309665597801191,0.028391102967374154,-0.17254588949504204,-0.08500765788901382,-0.37275966259017107,0.03551641009268128,-0.16726495370563166,0.12500312330820806,0.17592692846930136,-0.25709546218020796,0.05796351050588339,0.2649014191387073,0.10022857988959684,-0.024515887227751634,0.18931736050380119,-0.16121452731622224,0.10365635280889518,0.20423844491641102,0.08587478079003502,-0.022968577205865343,-0.006188314662890934,-0.27835524276202245,-0.05127454110504958,0.1385467131229843,0.13490865305698543,0.2367523147184164,0.04075338821101533,-0.02061753587177316,-0.11481558600202668,-0.10768703989042971,0.045531818413174344,-0.16142783769902413,0.058051888560363134,0.031834145393467426,0.046756155230731504,0.11906744957592415,-0.31266952622884825,-0.0896930829134219,0.10472059116126912,-0.29760685184414,0.14088988834751548,-0.12239435120791053,0.46906120295950804,0.1314972908193247,0.3950762781271256,0.14673394503902978,0.0847068948763864,0.23483298398552635,0.2538546250410657,0.05063414724431674,0.175443856799789,0.04778754100787999,0.013749496800344258,-0.060571819893853796,-0.05407441339644729,-0.24588579334342045,0.2436296080363877,0.015420813725898472
#52,0.43707991504601673,0.31569196314959025,0.3567715635512246,0.5816497545311105,0.245538296385754,0.213328891294993,0.3656070554375639,0.43647700088378055,0.31701670854213226,0.5694568219991949,1.0,0.2063303673473165,0.3104262968669748,0.26332218196624974,-0.0473905338312118,0.08018156831716154,0.4137980815946918,0.15577025407533882,0.03602631907716654,0.08953437258522004,0.02789600077735671,-0.05414382024551516,-0.05726203861797082,-0.03970210580380072,-0.049473202015574896,-0.07074455040556736,-0.07123086106136954,0.0502047502047502,0.07585381992161654,-0.030762966356186694,-0.2179134450320891,-0.01298139433732654,-0.16235326235326236,0.01898601220635119,-0.274247282721859,-0.11799395697700782,-0.028156970529851885,0.06241434038044207,0.0034513712479814175,-0.1028285604556791,-0.13394411360513056,0.02661752661752662,0.04984013289098035,0.1082071285461116,-0.04808784130818029,-0.08854370549285803,-0.13140382292924666,-0.0529241105512292,-0.17049838744753998,-0.19902737868839565,-0.19599522480878412,-0.2063086198679419,-0.1376360952632139,-0.09752865346085685,0.03948324287307338,-0.05113387655760537,-0.1695785153412272,-0.13566771702364921,-0.020227932092338873,-0.3260483904551701,0.1245515160769398,0.20103416205111121,-0.1053568206110579,0.03962298199586335,0.1965583457108881,0.17611987950971003,0.08495120698510529,0.13550021516123212,0.09982046761707779,0.1880027947824558,0.20990343193733024,-0.04187963001522323,0.08020886834446156,-0.013377938801667615,-0.14863893168977915,-0.13331436212792144,0.12156146901909613,0.014441947468494878,0.14756173739224587,0.1218316930181337,-0.018510343934072748,0.038086777069827916,-0.04169824678299255,0.2620016009846518,-0.045883479781784864,0.12120934493815849,-0.0460731918359037,-0.06825469537333945,0.14484654145671094,-0.12100899050051593,0.1471022640514166,0.023251757150062235,-0.19836986447155938,0.04276664954631056,-0.12169658101861491,0.270459519612062,0.02662724357639612,0.10537949351508674,0.08818880513795768,-0.07888273481493821,-0.032368115418962874,0.08927849266832318,-0.11947000930051778,0.028238407899424847,-0.15809075639584114,-0.08445055224716241,-0.2256412036073053,-0.05147628367967351,-0.2166641217488675,0.13886320835473379,-0.020164540503523554
#53,0.07975679840086619,0.0029701504277775464,0.04152056524937881,0.03241299851469343,0.36164299893113455,0.4473016930644049,0.13776056487920896,0.16026781789493655,0.027204245848313643,0.01111203653576535,0.2063303673473165,1.0,0.3614139563292106,0.07842788859738012,-0.2104614630038359,-0.21610840424399747,0.015214906740330469,-0.05355802643938237,0.011219385795656981,0.0009605907910992657,-0.30001804578075764,-0.2533808076180957,-0.28129855587482705,-0.2194727855744805,-0.26075783024935567,-0.16326804462397682,-0.1220135389626915,-0.07476366967892392,0.27270922694651506,0.37817154596815616,-0.0004215309300055063,0.30099853320192305,-0.17616337446845923,-0.0002447748210460075,0.05136800899512764,0.1952530342360851,-0.09122743699014886,-0.0011563181054706478,-0.33905615939514244,-0.28632129818570495,0.24371520981690473,0.24281199535436823,0.10333893215249147,0.18897726694336864,-0.1129656621182045,-0.17607268285234387,0.09311206429850498,0.06253464558549304,0.11875835774140858,-0.16678327017310068,-0.030395572768454126,-0.2253918016629881,-0.2552126857211603,-0.3011091214481045,-0.34491409745647034,-0.2655922486430961,-0.1326152038016445,-0.1344146920418107,0.034729799136578796,-0.1667619854060532,0.13415187144000704,0.2628386475844103,0.15624314607365455,0.00539244946024607,-0.029798211154143356,-0.08528944969622936,0.21301239606324351,0.07943289977188282,-0.005155078036433968,-0.0027397196888722312,-0.08487763572509335,0.03911723742232217,0.12620339908475503,0.18134621524452033,0.061970136546407734,0.01363520685554584,0.0044017823678840625,-0.13998599600980072,-0.09714506494167512,0.19725241420156675,0.4578288612186917,0.38687516484126655,0.2064201335387776,0.4881698339325458,0.3466585229297094,0.37645719679617984,0.1879199692759015,-0.13986683139225511,0.09614838258906055,0.330367810028827,0.39122558614084035,0.1810671997112675,0.055531494514545365,0.10365912908285789,0.21996048436726404,-0.05359365528857054,-0.12929431742991065,0.0905458617323024,-0.14989519565790752,0.12638293146767723,-0.06945173216359657,0.20606291962224166,0.22560603747044425,-0.047998537829046305,0.04303039557276846,-0.11687373043305246,0.05291393088003257,0.1702781363798313,0.17440830661169643,0.06687257365223467,0.1541910169028813
#54,0.29362752583091567,0.2704039941328077,0.3262783584817483,0.40402559724593623,0.3437415844195505,0.6160616702989584,0.2002355205745036,0.08472632879412541,0.1844884946579862,0.3211704771026805,0.3104262968669748,0.3614139563292106,1.0,0.2978159978159978,-0.324995257198647,-0.15898008948856407,0.08020146494722766,0.19064210589634317,-0.05594192034870001,0.0820236260914227,-0.2135329474312525,-0.054508437559285014,-0.2537500520551368,-0.04492381441533984,-0.2552251789539925,-0.04874489281268942,-0.0661757288875933,0.2622186130660707,0.40936529750089073,0.2482645974171398,0.1732816020951614,0.05939838143227974,-0.03846342490410287,0.04566276600174905,0.044470356334763116,0.02030104064002369,-0.21570584451940383,0.020667508803102023,-0.043848470967115034,-0.09586196365857383,-0.035781544256120526,-0.025102143746211544,0.17926632333411993,0.1874609586473993,-0.009750274157053818,-0.031829518270196235,0.07441617272125747,0.10790497739650282,0.12385189503833571,-0.01817811648320123,0.16446323056492548,-0.07427365732450478,-0.07770929635336415,-0.09102106729225373,-0.2808168723422961,-0.15923180499451686,-0.13310614158071785,-0.15798525798525798,0.10588199910233809,-0.04665343309411106,-0.04145532281125502,0.1634054701851312,-0.029365575128286994,-0.018872647686207007,0.032189045748367784,0.08157248157248158,0.18761550456465712,0.28139480003886785,-0.0428545648884632,0.03711924559382186,-0.03893354062845588,-0.13074492057542905,-0.0803888634397109,0.13298028382774146,-0.1294386836759718,0.219284461657343,-0.11529079156197801,-0.0965116229301291,-0.007318258165715793,0.327209335683912,0.40599675175946365,0.21332565230870315,0.07360550072414479,0.1794250336623218,0.02439928372131762,0.09088364173109936,-0.02506744032167761,0.20422178727263474,0.2438082149946557,0.16794699167580524,0.25029960623180963,0.1558063456368541,-0.0789743518557078,0.0334656690588894,-0.001815683171615375,-0.020013233572555605,0.06009152449830416,0.1759403471267878,0.11713099848693069,0.16468116807099858,0.23296732788258212,0.37358375324477017,0.10724422419337673,0.2068629492358306,0.08792413368684555,0.10681575257846444,-0.03223948139202377,-0.02780345831193289,-0.005002382968484664,0.004080197300536283,-0.035833368036757865
#58,0.10885816479036818,0.23135847712118898,0.28012141571463606,0.30474557762693355,0.05305644627678526,0.16417819977142012,0.3231217349861418,0.23776889370109708,0.2265319248370096,0.36402365385416235,0.26332218196624974,0.07842788859738012,0.2978159978159978,1.0,-0.0017814424594085612,0.26160320567100226,0.32020063206503885,0.26388576558068083,-0.030083241947648727,0.044574929320692035,0.026991398177838855,-0.01761129388248032,0.02374639662775256,-0.13305339237542627,0.11915536491807678,-0.08502709180675283,0.021713701374718324,0.027883044832197376,-0.08090756395841142,-0.11139475376763512,0.11740307333527672,-0.08047307708324658,0.03550299143519482,-0.01291939088549258,-0.157895954506124,-0.052338316745096404,-0.10273786883956375,-0.04448377499224957,0.21079045146841757,-0.13340551645636392,-0.17174724801843447,-0.11604038553191096,0.04414599499345262,0.0552006552006552,-0.07812434931078999,-0.10148021673445402,0.10971557073251989,0.11514364904195412,0.017853292429563617,-0.12796772118806016,-0.07421674370826913,-0.12599286497591583,-0.08133557286099659,-0.1756400468264875,-0.08729438220963645,-0.1325110935280427,-0.1211075482261923,-0.09982000490475067,-0.07154134103286645,-0.277467760518608,-0.058180059874975126,0.09191456479592072,0.04907203042796263,0.28015056659124454,0.08577899933832137,0.08755627738678586,0.4881735356311627,0.32093403110352264,0.14874026568941823,0.3764780188509002,0.3536815706307232,0.21971432140923666,0.06661576831068357,0.05901525562542512,-0.11282916198170435,0.0222435069892697,0.06982930542252576,0.16940825680167068,0.38354780049695303,0.18688719536177165,0.203748895274319,0.19504620182586285,-0.2693281879722558,-0.026634646973630025,-0.07599170819509803,-0.027536010586858044,-0.24618331736975804,0.25795795795795795,0.23705631671733365,-0.05376994868520292,0.04778337659693592,0.019230324315070078,-0.4756469875113943,-0.06511981935710749,-0.35362465701448753,0.1733972801769412,-0.006563111647857411,0.2700680649833192,0.08354363608600897,0.11146369790437587,0.07036882799594664,0.17249545385138607,-0.013168792829809779,0.08701906837500058,-0.056170500238296846,0.1351628978747623,-0.09514105785292226,-0.0595330307194714,0.035103670696891034,-0.12219399677026796,-0.2722807553316028
#101,-0.08197226502311249,-0.27060064687183333,-0.17718087887579412,-0.12874183891133043,-0.37778009133941337,-0.3077666264106942,0.047736642651896886,0.25674703979788727,0.2693920422733982,-0.08529962936742598,-0.0473905338312118,-0.2104614630038359,-0.324995257198647,-0.0017814424594085612,1.0,0.3614463461921089,0.13555897962677624,-0.1741487249961826,0.32062401384435285,-0.0386457335609878,0.4590744828032964,-0.01600151769643295,0.052800103647561276,-0.2820143718448803,0.22443213629654307,-0.11793889421008065,-0.07164221232017842,-0.27173012766233107,-0.0847601067940051,-0.23632754480212106,-0.4288010660892017,-0.16773830841627452,-0.13879518964264728,-0.23506248929977744,-0.13637798044577706,-0.0706584859127232,0.43675740455401474,0.05095203061304756,0.04488124488124488,-0.18463147276706598,-0.017121744240388308,0.053798174137157186,0.04841312807414502,0.11387072743004946,-0.0003400935604325435,0.07547578395036023,-0.25164933809001605,-0.18319336285437982,-0.3159788447924041,-0.16734176395193345,-0.4658129624231319,0.02700435412299819,-0.06915976068518441,0.08221333814554153,0.5518288704729383,0.24422465608906288,-0.10124608429693176,0.12947616337446846,-0.413985480087175,-0.32771878195607007,-0.1646834816326342,-0.37353516845042267,0.020061818366903114,0.0499599753837042,-0.1263436009198721,-0.3816719647228122,0.12103629052781595,-0.0726416709467557,0.446019979918285,-0.0015102930357167646,0.26755322348542687,-0.12779050236677356,0.361547680191748,-0.21032218659337304,0.314719804550313,-0.32664760291878936,0.05690991453703318,-0.208031321926472,0.2041634855194177,-0.33549373718865244,-0.09990884567155754,-0.20353419675453574,-0.15661886848327528,0.04113790215485131,-0.10711373931712914,-0.3116696048899439,-0.41753633448548705,-0.10042893432723941,-0.24485394485394485,-0.2540674727115405,-0.16639690537995622,-0.4187079220977526,-0.1649671242891582,-0.3689779147406266,-0.254263662738239,-0.023671437230759266,-0.3159464549295058,-0.3719994262367144,-0.12427481410532258,-0.41334230995247945,-0.40929080081622454,-0.3964139794648269,-0.33059500178144247,-0.3607041556194099,-0.2623574267642064,-0.2801811056048344,-0.18327665107326124,-0.2585710517913908,-0.03784570394739886,-0.1852663140798734,-0.2021645682662632
#102,-0.07825668503634606,-0.05442237306644086,-0.09046211080109386,-0.00444990444990445,-0.25464632583276653,-0.3024005515530939,0.05707464012548758,0.12403836810616471,-0.007611617781109307,-0.04614444953428004,0.08018156831716154,-0.21610840424399747,-0.15898008948856407,0.26160320567100226,0.3614463461921089,1.0,0.020201557489693083,0.1335045368943674,0.2574364811652947,0.3527381001957273,0.06685591600845839,0.5054021664191156,0.17047617725583827,0.21404146827875642,0.12286446693226354,0.4136856424992018,-0.4038534682602479,-0.3200248013807336,-0.1342166511658037,-0.06014843811453981,-0.2533016838101584,-0.15295002244154787,-0.12170259627886747,-0.15392310646547935,-0.17766533868228784,0.06941240161579144,0.11274032121489748,0.4003623037521343,0.14329043990060938,0.14321409236663474,0.09860677318304437,0.199382279043296,0.030520505096776285,0.17071539952895884,-0.06334578029493283,0.17739696553255876,-0.4278224295173448,-0.38078540790405196,-0.45189550104804344,-0.16312182752860718,-0.329276271649153,0.062273675832997866,-0.20477981833914038,0.21893002401476977,0.14104674782640883,0.25428726106692207,-0.34097641555268676,0.3959725519047553,-0.2282758875979215,-0.1440603932129356,-0.04378785565226243,-0.16981681218969355,0.1415201025370517,0.19770078244654515,0.07330011058824618,0.04910812198947792,0.23247962908979858,0.028620145569298112,0.3911103707713877,0.25280611890781385,0.3728026948365931,0.12493510459612155,0.1924221602187704,-0.27148766640292066,-0.016798308323732053,-0.2616591938625837,-0.007318720878042912,-0.051480222689587775,0.26230051314797076,0.145126482414618,-0.15646339714136323,-0.08634212024042533,-0.17258753360448276,-0.09723020400986503,-0.024970733445309718,-0.2567336211404008,-0.3510797392153324,-0.06517858382265163,-0.03053207290495426,-0.15216572504708098,-0.1428744615185293,-0.25596042884178477,-0.1621413401074418,-0.2482428499377652,-0.2882503458774645,0.032474076541873155,0.1589592674338437,-0.29831757797859493,-0.005597431021159835,-0.14725866081798286,-0.18368615148276166,-0.4503171893002402,-0.44937279344059006,-0.17335100894422928,-0.41900729697339867,-0.12474724339131119,-0.38839101042490876,-0.13025629635799127,-0.019165081876946283,-0.09204319882285984,-0.19185209863175964
#201,0.46670784806378024,0.44239046442436275,0.6087984749001698,0.558859321571186,0.04045031163675231,0.04145300924961942,0.3943914638829893,0.5340593289745832,0.3797961289486713,0.6527010832095578,0.4137980815946918,0.015214906740330469,0.08020146494722766,0.32020063206503885,0.13555897962677624,0.020201557489693083,1.0,0.4403628590069268,-0.12469403147369248,-0.17043730942036026,0.23785912260488531,-0.24055072021173715,0.18493131035503918,-0.15691592979728572,0.22752212921704448,-0.2411258716343462,0.05862657727064507,-0.07925660637525045,-0.22177246584026244,-0.11599318887454481,0.038078448247939774,-0.1048191488869455,0.05730969798766409,0.25050366236806915,-0.32960664825071606,-0.27548550090922974,0.03787763109797008,-0.18184686998246322,0.11360559326661021,-0.06029558063456369,-0.1819801311326735,-0.22830133677591305,0.02889036956833567,-0.04429915277372905,-0.039198212079568015,-0.1458770018092052,-0.08335855115516133,-0.07117579829444236,-0.2555810047335471,-0.22682667258938446,-0.11058408177052245,-0.0878718471938811,0.011467862315319943,-0.059078184501913315,0.172285382454874,-0.13147600605227724,-0.10682361868802547,-0.30745337016523455,-0.15942753230888823,-0.22381441533983906,0.0845130184113235,0.15253265592248644,-0.30015871032820185,0.183706973537482,0.2361605056520311,0.043133580421716014,0.0815803476820426,0.15180388400727385,-0.0031866997968692883,0.16142644956204277,0.41593812610761766,0.2770300346571533,0.10133908947468269,0.01677841169366593,-0.22258313783737513,-0.15631394105970378,0.18596963681709444,0.13272534468891298,0.35572259470564555,-0.057524859219774474,-0.029780628085712833,-0.09700995294215634,-0.27278094735721853,0.06716547055530106,-0.16542335864369762,-0.06125802227497143,-0.0975638195977179,0.052328137073899786,0.008549535668179736,-0.3067977067977068,-0.041023612210052886,-0.005968989019836477,-0.29880666490835983,-0.09504897809982556,-0.254861949777204,0.5484760569506332,0.11418259553852775,0.40932735509006696,0.141956440261525,0.08827995946640015,0.10442491798424001,0.20300994368790978,0.04733778462592022,0.23850645715052496,0.11260798548934142,0.08276535395179463,0.02690070656172351,-0.0327271801848073,-0.2794639014977998,0.1314824840248569,-0.09639685910872352
