,#10,#11,#12,#13,#17,#18,#26,#49,#50,#51,#52,#53,#54,#58,#101,#102,#201,#202,#301,#302,#401,#402,#501,#502,#601,#602,#701,#702,#801,#802,#901,#902,#1001,#1002,#1101,#1102,#1201,#1202,#1301,#1302,#1401,#1402,#1501,#1502,#1601,#1602,#1701,#1702,#1801,#1802,#1901,#1902,#2001,#2002,#2101,#2102,#2201,#2202,#2301,#2302,#2401,#2402,#2501,#2502,#2601,#2602,#2701,#2702,#2801,#2802,#2901,#2902,#3001,#3002,#3101,#3102,#3201,#3202,#3301,#3302,#3401,#3402,#3455,#3501,#3502,#3601,#3602,#3701,#3702,#3801,#3802,#3901,#3902,#4001,#4002,#4101,#4102,#4201,#4202,#4301,#4302,#4401,#4402,#4501,#4502,#4601,#4602,#4701,#4702,#4801,#4802
#10,1.0,0.6809748971668013,0.26994964056433324,0.43142275016337983,0.4211202091262061,0.26602852419943873,0.31579594817975626,0.7521085611040633,0.48985507246376814,0.6461846000076885,0.594287471648791,0.5696151924037981,0.25922423403682776,0.21665321185561065,0.04080267558528428,0.05624879867758428,0.17538922846269173,-0.05085149732825895,0.2632837427440126,0.3114289009341483,0.3253834621150963,0.3329719755506862,-0.1177641948256641,-0.2135393841540768,0.10201822165840156,0.15179333410217968,-0.060392880482835504,-0.05561065621035636,0.04164071810248722,0.057340560488986274,-0.18657594279783185,-0.37096067350939915,-0.27478568408103643,-0.4239264982893169,-0.25345788644139466,-0.0428708722561796,-0.14955599123515165,-0.23330642371122132,-0.18294698804443932,-0.49208472686733556,0.017452812055510705,0.1986083881136355,-0.2759697074539653,-0.08932456848498828,-0.1443739668627225,0.03306039288048283,-0.23608964748395034,-0.2658670664667666,-0.3015953561680698,-0.15912812824357053,-0.3057240610463999,-0.2781916733940722,-0.31685695613731596,-0.17775727520854956,-0.1259293430207973,-0.01530773075000961,-0.25547995233152654,0.1006496751624188,-0.5603967247145658,-0.5295813631645716,-0.07756890785376543,0.023119209625956254,-0.06469842002075885,0.08052127782262715,0.07068004459308808,0.10219505631799485,0.1911198247030331,0.2069811248222043,0.22928535732133934,0.18528428093645485,0.10863798869795871,0.1201783723522854,0.0891784876792373,0.024918310075731365,0.07589282281935955,-0.15132433783108445,-0.017368238957444354,-0.2552877407450121,0.14485065159727828,-0.22472609848921693,0.0876177295967401,0.12013993003498251,,0.3590896859262676,0.26790450928381965,-0.1854380502056664,-0.3342251950947603,0.37340560488986274,-0.022404182524122553,0.09823549763579749,-0.39002037442817056,-0.2997655018644524,-0.4713104985968554,-0.35938953600123014,-0.3869680544343213,0.017952562180448238,-0.08511129050859186,-0.05522623303732749,-0.03190712336139623,-0.08050590089570599,-0.22661746050051898,-0.07389382231960942,-0.25687156421789104,0.06391419674777996,-0.16790835351554992,-0.02866259178103256,-0.2764156383346788,0.08359666320685812,0.03881905201245531,-0.20356744704570792,-0.4165301964402414
#11,0.6809748971668013,1.0,0.13484027217160652,0.29560604313228,0.36402567946795833,0.24888325068235112,0.5212009379925422,0.5520162995425364,0.4759620189905047,0.6304001845231231,0.6251874062968515,0.40965671010648524,0.30108022911621113,0.21583054626532888,0.143182255026333,0.032445315803636646,0.014500442086648984,-0.1741052550647753,0.1588590320224503,0.30648521892899705,0.3396301849075462,0.3364625379617883,0.14375120132241573,-0.01421596893860762,0.032030138776765464,0.11090608541882904,0.1167416291854073,-0.004566947295582977,0.05143582055126283,0.01285511090608542,-0.13220312920462846,-0.29168492676738556,-0.31175181639949257,-0.3197631953254142,-0.07434744166378349,-0.00556644754545804,0.03321416214969438,-0.1824703033098835,-0.06589782032060892,-0.35007880675047093,-0.012778226271479644,0.06360665820935686,-0.09998077884134855,-0.014408180525122055,0.09425287356321839,0.15623726598239343,-0.1294660362126629,-0.25322723253757734,-0.20546649752047053,-0.07167185637950256,-0.2134471225925499,-0.20635835928189752,-0.2884711490408642,-0.10823818859800868,-0.01957482797063007,0.008311229000884173,-0.08765617191404299,0.16637834928689502,-0.394687271748741,-0.36751624187906046,-0.21782954676507899,-0.015769038557644256,-0.03083073847691539,-0.021896743935724446,-0.04719947718448468,0.22659439511013724,0.21627647714604237,0.35073232614462,0.2151693384077192,0.059962326529043174,-0.10853803867297121,0.05491100603544382,-0.027970630069580595,-0.1660477453580902,-0.0022219659401068697,-0.1256218044823742,-0.1838388498058663,-0.2847191788721024,0.27539307269442204,-0.18726021604582324,0.2743089993464806,0.13291815630646214,,0.1332795140891093,0.2001383923422904,-0.18824433936877716,-0.3089685926267635,0.42202744781455426,-0.1618267789182332,0.006342982354976358,-0.1343020797293661,-0.15987390919924654,-0.28292776688578786,-0.18164763771960174,-0.3579210394802599,-0.11115211624956753,-0.06810440933379464,-0.2695498404643832,-0.15063237611963248,-0.23609733594741092,-0.35827470879944645,-0.16323376773151885,-0.2980279091223619,-0.12669818936685504,-0.2853650098027909,-0.14908699496405645,-0.2875485334255949,-0.15309268442701726,0.1701303194556568,-0.25741744512359205,-0.40103794256717795
#12,0.26994964056433324,0.13484027217160652,1.0,0.5444662284242494,0.34803367546995734,0.5818552262330373,0.12951985545688693,0.14358205512628303,-0.02324222504132549,0.33254142159689387,0.3457732672125476,0.3021027947564679,0.3815861300119171,0.24283242993887671,-0.03338330834582709,0.16489447583900357,0.5834159843155345,0.7008726406027755,-0.2503901895206243,-0.25381155576058123,-0.09324568484988276,-0.12246953446353746,-0.2158536116557106,-0.1829854303617422,0.1359704763003114,-0.19292661361626878,-0.28076730865336563,-0.23026179218083265,0.12689808941683003,0.014761849844308615,-0.018836735478414638,-0.11158267020335985,-0.05615653711605736,-0.08647983700457464,-0.23051551147503171,-0.3572982739399531,-0.39930803828854805,-0.16147310959904662,-0.5196709337638873,-0.3436128089801253,-0.012893553223388306,0.15809787413985316,-0.0998962057432822,-0.06553646253796179,-0.27344020297543536,-0.32176219582516435,-0.21603813477876446,-0.23066928074424325,-0.16881559220389805,-0.20069196171145195,-0.030899934648060585,0.013993003498250875,-0.011747972167762273,0.0007688463460577404,-0.26799677084534657,-0.1320878022527198,-0.2732941221696844,-0.31679544842963137,-0.12740552800522814,-0.20977203705839387,0.11920193749279206,0.0015069388382731711,-0.18933610118017913,0.017275977395917425,0.24356283396763156,0.14049898127859148,0.06480605850920694,0.08879406450620843,-0.02519509476031215,-0.09830469380694268,0.5370084188674893,0.21978241648406566,0.007765348095183177,0.23354476607849922,-0.17147580056125783,-0.0825125898589167,0.04400876484834506,0.14506592857417444,-0.06712028601084073,-0.03877292123169185,-0.016099642486449083,0.30646215353861533,,0.5158420789605197,0.2927074924076423,0.0742398031753354,0.147603121516165,-0.1737669626725099,0.04972898166301465,0.3551224387806097,-0.1818629146964979,0.2971052935070926,0.08146695882827817,0.19010494752623688,0.042655595279283434,0.5105677930265636,0.1426056202667897,0.5476569407603891,0.4754238265482643,0.18218583016184214,0.23604351670318688,0.5774343597432053,0.2530657748049052,0.27505478030215663,0.2810056510206435,0.060100718871333565,-0.042663283742744015,0.18896705493407143,-0.03610502441087149,0.17379002806289162,0.1648560335217007
#13,0.43142275016337983,0.29560604313228,0.5444662284242494,1.0,0.28389651328182064,0.20586629762042055,-0.02298081728366586,0.16568638757544304,0.16666282243493638,0.38916695498404646,0.2819667089532157,0.146511359704763,0.26900395955868217,-0.019459501018721407,-0.12672125475723678,-0.08961673009649021,0.37660400568946295,0.29609041633029637,-0.3013262599469496,-0.1810171837158344,-0.022934686502902396,-0.05801714527351709,-0.3091915580671203,-0.24735324645369622,0.022219659401068695,-0.20250643908814822,-0.08427324799138892,0.04182524122554108,-0.12948141313958406,-0.0581170952985046,-0.21651481951332027,-0.3268827124899089,-0.07039557144504671,-0.04155614500442087,-0.22897781878291623,-0.23832699035097835,-0.3910583169953485,-0.2489601353169569,-0.31358167070311,-0.2917156806212278,0.012739783954176758,0.21632260792680583,-0.09138507669242302,-0.09861992080882635,-0.20474378195517626,-0.25568754084496215,-0.08058278553031177,-0.04954445853996079,-0.030638526890400954,0.02564102564102564,0.08431937877215238,0.11825625648714104,0.05409602890862261,0.11713374082189675,-0.12160842655595279,-0.1972398416176527,-0.06941913658555338,-0.09003959558682198,-0.004213277976396417,-0.015615269288432706,0.00657363625879368,0.030753853842309616,-0.25046707415523006,-0.1715834390497059,0.07872986583631261,0.2064659977703456,-0.01613808480375197,-0.006112328451159036,-0.22700188367354784,-0.3006035443816553,0.06705108983969554,-0.13440202975435359,-0.09289970399415677,0.16184215584515435,-0.18456156537116059,-7.688463460577404e-05,0.047860685042094335,0.15741360089186177,-0.17851074462768615,-0.17541998231653405,-0.1755737515857456,0.12230038826740476,,0.36225733287202555,0.08505747126436781,0.06424480067658478,0.1219774728020605,-0.16219582516434092,0.11513474032214661,0.31537308268942454,-0.10228731787952178,0.17808019067389383,0.14328989351478108,0.18014069888132855,0.09212316918463845,0.2479068158228578,-0.14700342136623995,0.40253719294199053,0.4110329450659286,0.23667397070695423,0.25795563756583245,0.13037327490101103,-0.054864875254680354,0.23689693614731097,0.33536308768692574,0.18500749625187407,0.11288202052819744,-0.007396301849075462,0.022850113404836045,0.08308153615499943,0.10710029600584323
#17,0.4211202091262061,0.36402567946795833,0.34803367546995734,0.28389651328182064,1.0,0.524353208011379,0.10330988351977857,0.34837196786222274,0.27644639218852113,0.24173297966401414,0.453688540345212,0.6443316803136893,0.4486218429246915,0.4060892630607773,0.2162303463652789,0.1674316687809941,0.17778802906239188,0.1917272133164187,-0.03520547418598393,0.023565140506669743,-0.025625648714104485,0.06984969053934571,-0.0060277553530926845,-0.07331718756006612,-0.2351824087956022,-0.14714950217199094,-0.3366855034021451,-0.24127167185637952,-0.07340944912159304,-0.023173028870180294,-0.2514050666974205,-0.3622188905547226,-0.25584899857763427,-0.34425095144735324,0.020197593510936838,0.07281743743512858,0.022119709376081192,0.04146388344289394,-0.3388536500980279,-0.4539653250297928,0.0342290393264906,0.2838042517202937,-0.16292622919309577,0.05098988967054934,-0.10743858839810864,-0.03831930188751778,-0.19107369392226964,-0.19021258601468496,-0.2796832353054242,-0.310106485218929,-0.28634913312574484,-0.1556298773690078,-0.32772075500711184,-0.30144158689885825,-0.4245338869027025,-0.36391804097951025,-0.32243878060969516,-0.11637258293929958,-0.2015684465459578,-0.09850459385691769,-0.1618190904547726,0.04926767385538,0.31811786414485066,0.11519624802983124,-0.08601084073347941,-0.044462384192519126,0.5830546265328874,0.35908199746280706,0.17152961980548187,0.22220428247414753,0.2565947795333103,0.18245492638296237,0.16956137315957406,0.16283396763156882,0.26026986506746624,0.03259908507284819,-0.025825548764079498,-0.06690500903394457,0.10660823434436628,-0.027017260600468995,0.08885557221389305,0.34595010187214087,,0.49772805904739936,0.5453965325029793,-0.129227693845385,-0.11424287856071964,0.055003267596970745,-0.039249605966247644,0.3673470956829278,-0.08993195709837389,0.04011840233729289,0.020951062930073424,-0.027347864529273826,-0.05771729519855457,-0.1371852535270826,0.0727482412639834,0.06906546726636682,-0.0722715565294276,-0.018167839157344403,-0.09861223234536577,0.2549494483527467,-0.1302118171683389,0.10053434821051013,-0.09548302771691078,-0.1141198631453504,-0.15072463768115943,-0.03096913081920578,0.012601391611886364,-0.2244031830238727,-0.20436704724560797
#18,0.26602852419943873,0.24888325068235112,0.5818552262330373,0.20586629762042055,0.524353208011379,1.0,0.2289239995386922,0.1847922192749779,0.057724983662015145,0.33125744819897746,0.4430323299888517,0.4180755775958175,0.5994925614116019,0.5929035482258871,0.3173182639449506,0.3606196901549225,0.251305116672433,0.5349479106600545,0.019282666359128127,-0.09670549340714259,-0.16710875331564987,-0.09739745511859454,0.10831507323261447,-0.08678737554299773,0.017660400568946296,-0.06383731211317419,-0.31557298273939954,-0.40508976281090225,0.3857532772075501,0.32852804367047245,0.03457502018221659,-0.02295006342982355,0.018629146964979047,-0.07569292276938454,0.078322377272902,-0.026832737477415138,0.16265713297197554,0.12384576942298081,-0.20453619344174068,-0.27206396801599203,0.15567600814977126,0.26309153115749817,0.10445546457540461,0.12432245415753662,-0.14842578710644677,-0.1851689539845462,-0.2328374274401261,-0.20814977126821205,-0.246484450082651,-0.35757505862453387,-0.2176911544227886,-0.19787798408488064,-0.1661169415292354,-0.2192980432860493,-0.369307653865375,-0.3301118671433514,-0.4448006765847845,-0.3256602467996771,-0.16229577518932842,-0.14714950217199094,-0.05218928997039941,-0.10861492330757698,0.24881405451120595,0.18093261061776805,0.11401222465690232,-0.06767385538000231,0.5523930342521047,0.32738246261484644,0.30365586437550457,0.3346173067312498,0.4720255256986891,0.3614500442086649,-0.09786645138968977,-0.017283665859378003,-0.0032445315803636644,-0.12172375350786145,-0.16984584630761543,-0.23073078845192788,0.21870603159958482,0.34040671971706454,-0.022419559451043708,0.4193979933110368,,0.4836966132318456,0.49469111598047133,-0.14598854418944374,-0.1581516933840772,-0.06870410948371967,-0.03567447045707915,0.3116441779110445,-0.0299081228616461,-0.010886864260177603,-0.08424249413754661,-0.09155422288855572,-0.1605658709106985,0.1173182639449506,0.26388344289393767,0.1961942105870142,0.007534694191365855,-0.036204974435858996,-0.10513204935993542,0.4704955214700342,0.22227347864529273,0.3183715834390497,0.02467227924499289,-0.03934186752777458,-0.05688694114481221,0.03459808557259832,-0.1380079191173644,-0.0794525814016069,-0.062491831007573134
#26,0.31579594817975626,0.5212009379925422,0.12951985545688693,-0.02298081728366586,0.10330988351977857,0.2289239995386922,1.0,0.3060008457309807,0.20094568100565102,0.40562795525314266,0.41873678545342713,0.19338023296044285,0.2734017606581325,0.2668358128627994,0.2097028408872487,0.27523930342521047,0.007765348095183177,-0.05051320493599354,0.19657094529658248,0.1799638642217353,0.25649482950832275,0.10009610579325721,0.08553415599892361,-0.1565524929842771,0.008226655902817822,-0.08837119901587667,-0.00438242417252912,-0.2986429861992081,0.16579402606389113,0.11600353669319187,-0.14095260062276554,0.12077807250221044,-0.21999769346096182,-0.244101026409872,-0.007849921193249529,0.12742859339560988,0.07212547572367663,0.00010763848844808364,-0.06599777034559644,-0.23971860223734287,-0.05371929419905432,0.05409602890862261,-0.06696651674162919,0.08207434744166378,0.07582362664821435,-0.04839887748433475,-0.1067696920770384,-0.2885249682850882,-0.19995386921923652,-0.26058509206934993,-0.24792988121323953,-0.2623765040556645,-0.2930842271172106,-0.15446891938646062,-0.04726867335562988,-0.01809095452273863,-0.2220120708876331,-0.15470726175373853,-0.3219236535578365,-0.39120439780109945,0.062176604005689466,0.17084534655749048,0.031115211624956753,0.15336178064813746,0.07167954484296313,0.04156383346788144,0.05872448391189021,0.3417060700419021,0.31577288278937454,0.2907238688348134,0.24370891477338255,0.3571291277438204,0.09389920424403184,0.08390420174528121,0.023080767308653365,-0.1604966747395533,0.0319148118248568,-0.10106485218928997,0.20732710567793028,-0.13012724407027257,0.32302310383269905,0.09070849190789221,,-0.12244646907315573,0.12131626494445086,-0.0008841732979664014,-0.11261292430707723,0.2869718986660516,-0.24391650328681813,-0.06132318456156537,-0.024887556221889054,-0.004843731980163764,-0.23575135509168493,-0.02629454503517472,-0.1886364510052666,-0.058793680083035406,-0.017099142736324145,-0.14312074731864838,-0.14475839003575136,-0.21396993810786913,-0.28432706723561296,-0.1030638526890401,-0.008749471418137086,-0.19220389805097451,-0.15595279283435207,-0.22203513627801483,-0.2930842271172106,0.13870756929227693,0.1976857724983662,-0.08923230692346135,-0.2712797447430131
#49,0.7521085611040633,0.5520162995425364,0.14358205512628303,0.16568638757544304,0.34837196786222274,0.1847922192749779,0.3060008457309807,1.0,0.5304501595356168,0.605312728251259,0.602383423672779,0.5545304270941452,0.042417252912005536,0.17351324337831084,0.1685003652020144,0.06617460500518971,0.22123553607811478,-0.06081574597316726,0.3030330988351978,0.2384884480836505,0.26596701649175414,0.25091300503594355,0.08065967016491754,-0.1198708338138623,0.08569561373159575,0.07224080267558529,-0.048168223580517436,-0.1883981086379887,0.09026256102717872,0.039687848383500555,0.015399992311536539,-0.19698612232345367,-0.3304809133894591,-0.3861607657709607,-0.30256410256410254,0.010802291162111252,-0.02917003036943067,-0.14589628262791682,-0.24490062660977205,-0.5416445623342175,-0.06374505055164725,-0.052304616922308075,-0.17446661284742243,-0.06381424672279246,-0.2198362357282897,-0.0005920116864644601,-0.20498981278591474,-0.32281551531926345,-0.4181063314496598,-0.2290239495636797,-0.3274901011032945,-0.2830815361549994,-0.35010956060431325,-0.1861146349901972,-0.019936185753277207,-0.10667743051551147,-0.27928343520547416,0.012263099219620958,-0.4785299657863376,-0.5101756813900742,-0.10391727213316419,-0.0016607081074847191,0.21559220389805098,0.2945296582477992,-0.00459001268596471,0.009510629300734248,0.24244800676584785,0.44935993541690694,0.259747049552147,0.22015915119363394,0.09961173259524084,0.06443701226309922,0.30042670972206204,0.07610041133279515,0.13407911428900934,-0.26378349286895014,-0.017275977395917425,-0.21024872179294968,0.2968669511398147,-0.25939338023296044,0.3763733517856456,-0.0231038326990351,,0.18314688809441435,0.08481912889708991,-0.1700918771383539,-0.3036327989851228,0.32376888478837507,-0.12659823934186754,-0.13941490793065006,-0.31740283704301697,-0.35537615807480877,-0.4586629762042056,-0.3452965824779918,-0.38232422250413256,0.011478875946642063,-0.06911928651059086,-0.1585207396301849,-0.1369469111598047,-0.1387229462191981,-0.2549955791335102,0.01696843885749433,-0.1690078037904125,-0.12011686464460078,-0.3475723676623227,-0.18554568869411447,-0.34171375850536273,0.05421904432399185,0.041263983392918924,-0.179041248606466,-0.3374620382116634
#50,0.48985507246376814,0.4759620189905047,-0.02324222504132549,0.16666282243493638,0.27644639218852113,0.057724983662015145,0.20094568100565102,0.5304501595356168,1.0,0.39797793410986815,0.5974781839849306,0.30011148272017835,0.16392572944297082,0.03682005151270518,0.2583785030561642,-0.03820397493560912,0.1039787798408488,-0.02819359550993734,0.026971129819705533,0.009172336908468843,0.3478414638834429,0.2916464844500827,0.32356129627493946,0.06108484219428747,0.2697343635874371,0.11359704763003114,0.08880175296966901,-0.07181024872179295,0.0022604082574097565,-0.26517510475531464,0.11070618536885403,-0.25906277630415564,-0.22574866412947373,-0.12856648598777534,-0.1634182908545727,0.04175604505439588,0.13039634029139277,-0.03030023449813555,0.03159189635951255,-0.3414369738207819,-0.2139776265713297,-0.09246146157690385,-0.2962288086725868,-0.04934455848998578,0.0794525814016069,0.1362626379118133,-0.12606773536308769,-0.18433859993080384,-0.28122092799753967,-0.1561373159574059,-0.28385807096451776,-0.27541613808480375,-0.1866220735785953,-0.06433706223811171,0.07027255602967747,-0.1626725098988967,-0.12506054664975205,0.07782262714796448,-0.19642486449083152,-0.23065390381732212,-0.162503363702764,-0.08907853765424979,0.11533464037212163,0.042301925960096874,-0.4323146119248068,-0.21053319494099104,0.2317379771652635,0.3019490254872564,0.1565524929842771,-0.051897128358897475,-0.13397147580056126,-0.1399761657632722,0.19807788413485564,0.061184792219274975,0.023826548264329374,-0.16428708722561797,-0.05587975243147657,-0.12822050513204936,0.3897820320608926,-0.3511013723907277,-0.016753161880598163,-0.09589051628032137,,0.2402183523622804,0.08970899165801714,-0.16657056087340946,-0.2172529120055357,0.35681390074193675,0.007588513435589897,-0.06319148118248569,-0.17279821627647715,-0.3788874793372545,-0.14624995194710338,-0.0818667589282282,-0.11292046284550032,0.09123130742321148,-0.19923115365394226,-0.2355283896513282,-0.10781532310767693,-0.16738553800023065,-0.18087879137354398,0.032383808095952024,-0.11502710183369853,-0.04567716141929035,-0.13250297927959098,-0.08591857917195249,-0.10746165378849037,-0.18330834582708647,0.04278629915811325,-0.09363010802291162,-0.19710144927536233
#51,0.6461846000076885,0.6304001845231231,0.33254142159689387,0.38916695498404646,0.24173297966401414,0.33125744819897746,0.40562795525314266,0.605312728251259,0.39797793410986815,1.0,0.6094568100565102,0.43224541575366165,0.294860262176604,0.3374005305039788,0.17791104447776113,-0.05714834890247184,0.2901702994656518,0.07819936185753278,0.18466151539614808,0.1147656940760389,0.2412024756852343,0.11575750586245338,0.16224195594510438,-0.04693038096336447,0.13807711528850958,-0.05784031061392381,0.15037096836197286,-0.17974089878137856,0.2688578787529312,0.16956906162303464,0.13554761080997962,-0.09832775919732442,-0.18226271479644793,-0.23224541575366164,-0.05682543343712759,-0.12612155460731173,0.021958251643409064,-0.2313766193826164,-0.02899319570983739,-0.4054434321300888,0.04902164302464153,0.10267942951601122,-0.09014723407527006,-0.0287856071964018,-0.1718525352708261,-0.03109214623457502,-0.1989466805059009,-0.38992042440318303,-0.34137546611309727,-0.19183485180486679,-0.35962018990504746,-0.3271056779302656,-0.25670241802175836,-0.06696651674162919,0.16106562103563604,-0.05660246799677084,-0.19745511859454887,0.026702033598585324,-0.47293276438703724,-0.3949256141160189,-0.08323530542421097,-0.12329988851727983,0.03811940183754277,-0.07799177334409718,0.1289278437704225,0.09027793795409987,0.1466805059008957,0.27874524276323376,0.12979664014146772,-0.048383500557413604,0.20220658901318572,0.17170645446507515,0.00914927151808711,-0.014169838157844155,-0.08017529696690116,-0.18253181101756813,-0.17418982816284165,-0.31012955060931074,0.25741744512359205,-0.13695459962326528,0.08717179871602661,0.17695767500864953,,0.24366278399261906,0.1858762926229193,-0.12890477838004075,-0.2643063083842694,0.2323223003882674,-0.09236151155191635,0.048706416022757854,-0.16477146042363433,-0.25779417983316033,-0.32619075077845694,-0.23499788567254834,-0.3474647291738746,0.04673816937685003,-0.06442163533617806,-0.005812478376196517,-0.1513089609041633,-0.16024295544535425,-0.2888555722138931,0.19583285280436705,0.01646100026909622,0.10534732633683158,-0.1397147580056126,-0.07828393495559913,-0.2857109906585169,-0.012524506977280591,-0.04656133471725676,-0.18985122823203782,-0.302356514050667
#52,0.594287471648791,0.6251874062968515,0.3457732672125476,0.2819667089532157,0.453688540345212,0.4430323299888517,0.41873678545342713,0.602383423672779,0.5974781839849306,0.6094568100565102,1.0,0.5044554645754046,0.3773420981816784,0.21831391996309538,0.33212624457002266,0.15010187214085266,0.1728520355207012,0.18660669665167418,0.1305501095606043,0.05967016491754123,0.31005266597470493,0.2216737784953677,0.13008111328950908,-0.07211009879675546,0.2176219582516434,-0.018129396840041518,-0.0018836735478414638,-0.1770730019605582,0.1630108022911621,-0.03552838965132818,0.03408295852073963,-0.27647714604236345,-0.28575712143928034,-0.30284088724868335,-0.135632183908046,-0.03841156344904471,0.01160957982547188,-0.1508707184869104,-0.14356667819936186,-0.5264214046822743,-0.12068581094068351,0.06516741629185407,-0.020866489832007073,0.024241725291200552,0.018836735478414638,0.04237112213124207,-0.21062545650251796,-0.3067696920770384,-0.3634797985622573,-0.1934724945219698,-0.35581440049206164,-0.31590358666820434,-0.31278207050320994,-0.1359320339830085,0.03196863106908084,-0.23713527851458885,-0.2400415177026871,-0.06409871987083382,-0.3442278860569715,-0.34099104294006843,-0.18885172798216276,-0.1403529004728405,0.07769961173259524,0.13329489101603045,-0.12339215007880674,0.04217891054472764,0.41923653557836466,0.46488294314381273,0.3214085265059778,0.07984469303809634,0.14727251758736018,0.1540306769692077,0.13861530773075,0.037942567177949485,-0.05019797793410987,-0.26394495060162226,-0.2227655403067697,-0.34126013916118864,0.3334102179679391,-0.24824510821512322,0.1331103678929766,0.17834928689501403,,0.32682889324568487,0.251305116672433,-0.25012878176296466,-0.32032445315803637,0.30090339445661785,-0.11694152923538231,0.0878176296467151,-0.14378195517625803,-0.24577711144427786,-0.2954522738630685,-0.22877023026948065,-0.28702571791027565,0.1611425056702418,-0.0654980202206589,-0.09113135739822396,-0.0655672163918041,-0.1276592472994272,-0.2631145965478799,0.12870487833006575,-0.052904317072233115,0.042471072156229576,-0.1835389997309038,-0.15027101833698536,-0.28531887902202746,-0.09580594318225502,-0.05458040210663899,-0.23029254603467497,-0.3045861684542344
#53,0.5696151924037981,0.40965671010648524,0.3021027947564679,0.146511359704763,0.6443316803136893,0.4180755775958175,0.19338023296044285,0.5545304270941452,0.30011148272017835,0.43224541575366165,0.5044554645754046,1.0,0.42389574443547456,0.3903125360396725,0.2856110406335294,0.16161150194133703,0.23754276707799946,0.06854265175104755,0.15204705339637872,0.2491984776842348,0.1466881943643563,0.19709376081190175,-0.029539076615538385,-0.16518663745050552,-0.08160535117056857,-0.07415523007726905,-0.2810825356552493,-0.23431361242455695,0.0460000768846346,-0.10012685964709953,-0.19066620535885903,-0.3657325183562065,-0.2530811517318264,-0.43590512436089646,-0.13287971398915926,0.019421058701418522,0.08904009533694691,-0.02165071310498597,-0.2961211701841387,-0.4831584207896052,0.063968015992004,0.0641371621881367,-0.0398108637988698,0.15444585399607888,-0.2570483988774843,0.018283166109253065,-0.19633260292930457,-0.3090839195786722,-0.4251028331987852,-0.36677046092338444,-0.3471264367816092,-0.24153307961403914,-0.4432552954292085,-0.29535232383808097,-0.2551185945488794,-0.1112290008841733,-0.42521816015069386,0.012593703148425787,-0.5446123092300004,-0.37894898704493907,-0.1028255103217622,0.016845423442125092,0.3462883942644063,0.1872755929727444,-0.022219659401068695,0.06169991927113366,0.5373851535770576,0.5268212047822243,0.242863183792719,0.2900703494406643,0.31222081267058777,0.2640910314073732,0.2596778533810018,0.15735978164763773,0.3425979318033291,-0.06317610425556452,0.0033675469957329027,-0.1947872217737285,0.32785145888594164,-0.11491177488178987,0.3218160150693884,0.4787683081536155,,0.49068542651751046,0.6582708645677161,-0.2667896820820359,-0.38062507207934493,0.2677046092338446,-0.03567447045707915,0.37226002383423673,-0.21774497366701265,-0.23455964325529544,-0.38756775458424636,-0.33907661553838464,-0.39777034559643254,0.004836043516703187,-0.16427939876215739,0.018521508476530966,-0.08173605504939838,-0.09432206973436359,-0.1659093530157998,0.16132702879329566,-0.07477030715411526,-0.010064198669895821,-0.21124822204282473,-0.09837388997808788,-0.2532733633183408,0.18189366855034023,0.12781301656863875,-0.3541460039211164,-0.40066120785760967
#54,0.25922423403682776,0.30108022911621113,0.3815861300119171,0.26900395955868217,0.4486218429246915,0.5994925614116019,0.2734017606581325,0.042417252912005536,0.16392572944297082,0.294860262176604,0.3773420981816784,0.42389574443547456,1.0,0.5953638565332718,0.21211701841386998,0.247976011994003,0.28548802521816014,0.3293507092607542,0.03235305424210971,-0.0653288740245262,-0.11597278283934956,-0.09842770922231192,0.06125398839042018,-0.14397416676277247,-0.06414485065159728,-0.15238534578864413,-0.16967670011148273,-0.2659977703455964,0.22508745627186408,-0.04182524122554108,-0.2653211855610656,-0.31301272440702727,-0.0496751624187906,-0.14698035597585823,0.19341867527774576,0.012047822242724791,0.17623495944335524,0.1917733440971822,-0.11125975473801561,-0.2729788951678007,0.011017568139007419,-0.0120785760965671,-0.006865797870295621,0.11471187483181486,-0.06025448814054511,-0.12246953446353746,-0.09847384000307538,-0.1673317187560066,-0.18742167377849536,-0.3628109022411871,-0.24309383769653634,-0.2518740629685157,-0.20249875062468767,-0.23818859800868797,-0.34094491215930495,-0.38909775881290126,-0.4341829085457271,-0.18790604697651175,-0.18959750893783878,-0.07799177334409718,0.010917618114019914,-0.045115903586668206,0.1619882366509053,0.08827893745434975,-0.004520816514819513,-0.08102871641102526,0.37357475108599547,0.24833736977665014,0.2280398262407258,0.2035366931918656,0.4024679967708453,0.33539384154076807,0.026402183523622804,0.017537385153577056,0.1296351824087956,0.04741475416138085,0.043339868527274825,-0.009587513935340023,0.11699534847960635,0.22539499481028716,-0.03801176334909468,0.4047976011994003,,0.2721946718948218,0.5655941260139161,-0.06788913235689847,-0.13821550763079998,0.1292661361626879,0.023050013454811055,0.5384307846076961,0.02757082996963057,-0.08660285241994388,-0.06095413831545766,-0.06873486333756199,-0.08193595509937339,0.033037327490101104,0.0626071579594818,0.1929650559335717,0.04468534963287587,-0.04251720293699304,-0.06000076884634606,0.20031522700188367,-0.008603390612386115,0.1370161073309499,0.11737977165263522,0.013670088032906624,0.016876177295967403,0.03457502018221659,-0.026279168108253564,-0.03346019298043286,-0.024818360050743858
#58,0.21665321185561065,0.21583054626532888,0.24283242993887671,-0.019459501018721407,0.4060892630607773,0.5929035482258871,0.2668358128627994,0.17351324337831084,0.03682005151270518,0.3374005305039788,0.21831391996309538,0.3903125360396725,0.5953638565332718,1.0,0.29039326490600853,0.33197247530081114,0.08817129896590166,0.1671318187060316,0.3409602890862261,0.087310191058317,-0.1609041633029639,-0.2199054318994349,0.1257909506785069,-0.2203206089263061,-0.27154115250067273,-0.20542036673970707,-0.3039787798408488,-0.4710414023757352,0.2072809748971668,0.20341367777649635,-0.17229846615153963,0.01676085034405874,0.007457809556760082,-0.1948564179448737,0.2953061930573175,0.21842155845154346,0.4282243493637796,0.36735478414638834,-0.159174259024334,-0.21448506515972782,0.05180486679737054,0.1482412639833929,0.037496636297236,0.18103256064275555,-0.15493791565755582,-0.2959135816707031,-0.13650098027909122,-0.20634298235497636,-0.2949755891285127,-0.43040018452312306,-0.25448814054511204,-0.2898243186099258,-0.3190174143697382,-0.33806942682504904,-0.373528620305232,-0.28817898742936227,-0.37201399300349824,-0.2709798946680506,-0.3223772729020105,-0.18301618421558452,-0.050866874255180106,-0.16650905316572484,0.39055087840695035,0.20749625187406298,0.15260831122900087,-0.159374159074309,0.3886748933225695,0.2384807596201899,0.43836543266828126,0.4308999346480606,0.47599277284434705,0.46013147272517585,0.19744743013108831,0.21141736823895743,0.3413370237957944,-0.032383808095952024,0.01077922577172952,-0.14963287586975743,0.13554761080997962,0.34154461230923,0.12256948448852496,0.34485834006073884,,0.16686272248491138,0.5512858955137816,-0.16664744550801522,-0.21426978818283166,0.046392188521124055,-0.0651904816822358,0.29415292353823086,0.07833775419982317,-0.1783262215046323,-0.145565678699112,-0.19739361088686427,-0.17796486372198517,-0.25060546649752047,0.21644562334217507,0.0003844231730288702,-0.2974128320455157,-0.11694152923538231,-0.22560258332372277,0.1881597662707108,0.17622727097989466,0.16057355937415907,-0.11574212893553223,-0.07888363510552417,-0.15200092261561526,0.03096913081920578,-0.1752277707300196,-0.11162880098412332,-0.13516318763695076
#101,0.04080267558528428,0.143182255026333,-0.03338330834582709,-0.12672125475723678,0.2162303463652789,0.3173182639449506,0.2097028408872487,0.1685003652020144,0.2583785030561642,0.17791104447776113,0.33212624457002266,0.2856110406335294,0.21211701841386998,0.29039326490600853,1.0,0.6361204013377927,0.059062776304155615,0.017522008226655904,0.5684234805674087,0.35386153077307503,0.5012186214585015,0.38800599700149924,0.48069811248222044,0.1660400568946296,0.27184100257563526,0.2940529735132434,-0.3930650059585592,-0.34108330450159535,0.25532618306231497,-0.0018529196939991543,-0.04041825241225541,-0.17565063622035137,-0.4705416522507977,-0.4558951293583977,0.17600430553953791,0.09103909583669703,0.46858109406835047,0.25228155153192633,0.05691769499865452,-0.35752123938030983,-0.07078768308153616,-0.04386268404259409,0.25574904855264674,0.4110175681390074,0.0718948218198593,0.22814746472917388,-0.5655018644523891,-0.5348248952446853,-0.6204743781955177,-0.4266943451351247,-0.48713335639872374,-0.5883904201745281,-0.5363395225464191,-0.3878522277322877,-0.017814169838157843,-0.1096605543382155,-0.3151578057125283,0.10223349863529774,-0.3820397493560912,-0.3175412293853073,-0.2465767116441779,-0.260638911313574,0.575912043978011,0.3424672279244993,-0.4189828162841656,-0.3204244031830239,0.476138853650098,0.607550071118287,0.623941875216238,0.42666359128128245,0.12526813516318763,0.2774074501210933,0.162157382847038,-0.1486564410102641,-0.08681812939684004,-0.4877714988659516,-0.14801829854303616,-0.4552416099642487,0.6371583439049706,0.1312036289547534,0.1553607811478876,0.20237573520931842,,0.2849959635566832,0.247976011994003,-0.45960096874639605,-0.4156767769961173,0.18473840003075384,-0.07073386383731212,-0.10167224080267559,-0.03319878522277323,-0.29534463537462036,-0.3276208049821243,-0.2873947641563833,-0.3872602160458232,0.054234421250913004,0.14517356706262252,-0.3391150578556875,-0.3586206896551724,-0.6156229577518932,-0.5942413408680275,-0.01616883865759428,-0.2165763272210049,-0.19998462307307885,-0.4834582708645677,-0.6344289393764656,-0.5650789989620575,-0.21287048783300658,-0.25138968977049936,-0.2396724714565794,-0.36762388036750854
#102,0.05624879867758428,0.032445315803636646,0.16489447583900357,-0.08961673009649021,0.1674316687809941,0.3606196901549225,0.27523930342521047,0.06617460500518971,-0.03820397493560912,-0.05714834890247184,0.15010187214085266,0.16161150194133703,0.247976011994003,0.33197247530081114,0.6361204013377927,1.0,-0.0004228654903317572,0.0652289239995387,0.5339868527274824,0.44983662015146275,0.34285933956098874,0.42648675662168917,0.23258370814592705,0.08989351478107101,0.10979125821704533,0.34408180525122056,-0.6935378464613847,-0.5064006458309307,0.16630146465228923,0.1416522507976781,-0.22680198362357282,-0.19414139084304002,-0.4338292392265406,-0.48484219428747166,0.09532925844769922,0.16942298081728366,0.12964287087225618,0.35867450889939645,-0.2801983623572829,-0.38306231499634796,-0.08462691731057548,0.11175950486295314,0.22190443239918503,0.3947564679198862,0.014346672817437435,0.1904432399185023,-0.6134778764463922,-0.6069349940414408,-0.57243685849383,-0.5710606235343867,-0.4980279091223619,-0.55739053550148,-0.6647753046553646,-0.4022450313304886,-0.35435359243455195,0.019890054972513744,-0.3576058124783762,0.09308422711721062,-0.40524353208011377,-0.4391112136239573,-0.11464267866066967,-0.15871295121669934,0.22458001768346597,0.4550647753046554,-0.33111136739322644,-0.34715719063545153,0.2203129204628455,0.37023795794410486,0.6925152808211279,0.6053050397877984,0.45285049782800907,0.44047976011994006,0.3679852381501557,0.14867181793718526,-0.047291738746011606,-0.5043785799407988,0.06433706223811171,-0.149094683427517,0.24085649482950833,0.20913389459116596,0.15217006881174797,0.27708453465574906,,0.20971052935070927,0.2774766462922385,-0.2889785876292623,-0.16320301387767655,0.015315419213470188,0.21636873870756929,0.10978356975358475,-0.07952946603621266,0.0552569868911698,-0.26234575020182216,-0.10434782608695652,-0.1860838811363549,0.11207473186483681,0.2863337561988237,-0.21103294506592857,-0.22806289163110752,-0.5037404374735709,-0.46533656248798677,-0.010602391112136239,-0.2532656748548803,-0.16423326798139393,-0.47157190635451507,-0.5995310037289048,-0.6525352708261254,-0.12149309960404413,-0.43369853534771075,-0.029162341905970092,-0.21654557336716257
#201,0.17538922846269173,0.014500442086648984,0.5834159843155345,0.37660400568946295,0.17778802906239188,0.251305116672433,0.007765348095183177,0.22123553607811478,0.1039787798408488,0.2901702994656518,0.1728520355207012,0.23754276707799946,0.28548802521816014,0.08817129896590166,0.059062776304155615,-0.0004228654903317572,1.0,0.588828662591781,-0.15578364663821936,-0.3860685042094337,-0.08013685464959827,-0.24856802368046746,-0.07672317687310191,-0.25026717410525506,0.3002114327451659,-0.054864875254680354,-0.0071118287010340986,-0.16035059393380233,0.36844654595779036,0.03269134663437512,0.025033637027640027,-0.09659785491869449,-0.03236843116903087,0.02191980932610618,-0.0760158382347288,-0.19689386076192672,-0.1834928689501403,0.03504401645331181,-0.31454272863568217,-0.21230923000038443,-0.1271210548571868,-0.01833698535347711,-0.22463383692769,-0.18637604274785685,-0.3044554645754046,-0.39454119094299006,-0.05629492945834775,-0.09353015799792412,-0.23703532848960135,-0.26160765770960676,0.005920116864644601,-0.05839387998308538,0.038626840425940875,-0.22013608580325222,-0.1615499942336524,-0.33485564909852766,-0.3783723522853958,-0.3947257140660439,-0.16018144773766962,-0.2506362203513628,0.24176373351785646,0.09116211125206627,0.11511936339522547,0.23012339983854227,0.21486179986929613,0.011448122092799754,-0.10294852573713144,0.11368930919155806,-0.04032599085072848,-0.09845077461269365,0.37439741667627724,0.14540422096643985,-0.008941683004651521,0.08923230692346135,-0.21819859301118671,-0.08623380617383616,0.16673970706954216,0.20902625610271788,0.17206012378426172,0.008103640487448584,0.17621189405297352,-0.07929881213239534,,0.2415023257601968,0.0495060162226579,0.14765694076038904,0.13478645292738245,-0.0057355937415907434,-0.039718602237342866,0.04014146772767462,-0.20916464844500826,-0.05305808634144466,0.00873409449121593,0.062084342444162534,-0.0350132625994695,0.5751278207050321,0.16924614615769037,0.6313612424556952,0.43479029715911277,0.2115019413370238,0.27543920347518547,0.47567754584246336,0.04874485834006074,0.131811017568139,0.283635105524161,0.07512397647330181,0.04528504978280091,0.24591550378656826,0.11951716449467574,0.21484642294237496,0.18692961211701842
