,#10,#11,#12,#13,#17,#18,#26,#49,#50,#51,#52,#53,#54,#58,#101,#102,#201,#202,#301,#302,#401,#402,#501,#502,#601,#602,#701,#702,#801,#802,#901,#902,#1001,#1002,#1101,#1102,#1201,#1202,#1301,#1302,#1401,#1402,#1501,#1502,#1601,#1602,#1701,#1702,#1801,#1802,#1901,#1902,#2001,#2002,#2101,#2102,#2201,#2202,#2301,#2302,#2401,#2402,#2501,#2502,#2601,#2602,#2701,#2702,#2801,#2802,#2901,#2902,#3001,#3002,#3101,#3102,#3201,#3202,#3301,#3302,#3401,#3402,#3455,#3501,#3502,#3601,#3602,#3701,#3702,#3801,#3802,#3901,#3902,#4001,#4002,#4101,#4102,#4201,#4202,#4301,#4302,#4401,#4402,#4501,#4502,#4601,#4602,#4701,#4702,#4801,#4802
#10,1.0,0.22151149608776727,0.5025305737170144,0.5190831817950462,0.34882771831924375,0.33081756641078675,-0.004312478888750075,0.6104101019355257,0.3459764849595358,0.5907526941425246,0.3015769236108219,0.4056154768019175,0.21076592771508026,0.06995701402481064,-0.45128564620090045,-0.3630274342138749,0.5836838379211261,0.4270196236297931,-0.2836037886885345,-0.2343443597680886,-0.3089368258859784,-0.3597347732940953,-0.021790511621020095,-0.2721363890855416,0.13687354534812163,-0.14934317985165443,0.06601470499775584,-0.11921598023292938,0.16376175867701293,0.18220593474830762,0.2702152075033431,0.1406552931976661,0.24731279816025578,0.13844861810963505,0.10041829194371567,0.11695979492589662,-0.025208104869121818,-0.0032611964815354648,-0.02791219570880588,0.11338719304821,-0.018809256097391692,0.07412003683190124,-0.06756201501964214,-0.19613450121924697,-0.04858109264888926,-0.14337696710578066,0.07109759991115923,-0.14479379225141936,-0.21121337053540443,-0.26375296714279767,0.06626364422974593,-0.06351883470527539,0.2249920182123572,-0.0031043370026420875,-0.1515924244737804,0.012363673380622534,-0.31561422747863427,-0.223064358657579,-0.07199063470249911,-0.15658462777106844,0.17630912885150174,0.1274596630528834,-0.13395336785167294,-0.0812508965051338,0.1350472197929825,0.01742574623930556,0.07491729017152746,0.04737804059837958,-0.20577233628081085,-0.263272671747248,0.23694989288209628,0.051019123900479836,0.13827741454860099,0.4449312178125737,-0.18394573309827547,-0.0820236260914227,0.03409958494704257,-0.001135958763077407,0.20191377818496462,0.21690935928224064,0.30882253594118003,0.2370401217858845,-0.06799742731946122,0.18086915883526053,0.29728665491377354,0.18625605574758117,0.16113494079595775,0.012495546393851479,0.10108552311942143,0.09664811190234919,-0.04994609401389062,0.16456502727689168,0.09329067125677296,-0.011675157437869302,-0.15977364112957335,0.2655621723418334,0.21179546264292026,0.34702314024347924,0.1800182308656885,0.2052938917345697,0.10915152440576169,0.5151089456174202,0.23584724940657145,0.5685633244955279,0.3429475700662141,0.31760712947153624,0.2988547869903802,0.08322251373098831,-0.001023056955260345,-0.04493121781257375,-0.07909049264981469
#11,0.22151149608776727,1.0,0.19695535288755628,0.0018938815548985041,-0.017301276623310522,0.04140627530458039,0.5113808723978216,0.3288158728836695,0.45221847425237255,0.16648296987280037,0.3602090534293924,-0.10074219057269905,0.09385286673422266,0.3313515364362822,-0.15242160496397786,0.0325018392815003,0.17057797396780447,0.22977646367476875,0.0023496531971108243,0.09820606430775922,0.003788225822124127,0.22159478430664872,-0.25878112318790286,-0.06517118042541771,-0.1467344077513569,0.09200942082298015,0.05316749723529385,0.18648278478786953,0.057513754123923615,0.02688682519190994,0.19345724769453582,0.0517932416237501,0.28729484492196355,0.12492908933586899,-0.0950693374422188,-0.14923860686572551,-0.09643295067023881,-0.08681454952641393,0.17860048029539555,-0.15728841322061662,-0.16140423937034107,0.013513050801186394,0.16402920640208776,0.1420698047816692,-0.009790992841840299,-0.07571315537417232,0.11969164850520783,0.11587751079276502,0.019639362012243367,0.018319706455299675,0.050923805161093294,0.05694785694785695,0.17698468884909563,0.051751597514309376,-0.11343392699324903,-0.07837513939208854,-0.1036739358773257,-0.10133862676235558,0.049360300207757835,0.1125034125034125,0.07609026592077439,0.1933281509552696,-0.32207970682546955,-0.16268456437947965,0.16985753087448002,0.16406853694989287,0.249640703877992,0.253280861755438,-0.16215151977863843,-0.1192599379040057,0.12220926627706288,0.08300041181397114,-0.11142621820587922,-0.006717194852788073,-0.1869667818820361,-0.07287117626100677,-0.0029095351129249433,0.08916559086050611,0.09792010808959961,0.1458066695354831,0.04955001226187667,0.10061633281972265,0.18733510089442293,-0.01070762596186325,-0.08770573346844533,-0.03758936131817488,-0.05963806641772743,-0.23673935877325708,-0.03740150011336452,0.13006750972852668,0.11486093181008435,-0.15073825751791853,-0.18955195565365057,-0.15952470189758325,-0.17593248101722678,-0.08609364372076236,-0.15559396067870643,0.11620418569571112,0.2344729937950277,0.07222800612631121,0.06312969363816821,0.10736638024773618,0.11532133057556786,0.22774376842173452,0.3716468394434496,0.2227034430424261,0.38931736050380117,0.13281231925299722,0.06600359990190499,-0.031065580218122592,0.13919636123025952
#12,0.5025305737170144,0.19695535288755628,1.0,0.4599226344989057,0.21615467547670938,0.28829152727457813,0.16504115826149723,0.14116520218215134,0.1651466566720804,0.49221717865785664,0.1585354229422026,0.2243164582147633,0.3294905074566091,0.06289556120064595,-0.41483872161838264,-0.33006473345456394,0.5560020729512255,0.7177209567040076,-0.22887324921223226,-0.2440580796513,-0.01376893071808326,-0.06029187893594673,-0.05175344836361786,-0.16603228806618636,0.16060744874304198,-0.24715455054438104,0.21283378910497555,0.08240212477500614,0.1281042213245603,0.09200895811065303,0.32724727809473575,0.08749288579797054,0.27227797905764006,0.153774113096147,0.009850220019711545,-0.06620210349023908,-0.014605051893187487,-0.10442769425820274,0.15840077365501096,-0.0616980616980617,-0.08165067995576471,0.009826621691028471,0.1976531230768519,0.07154874443010036,-0.13627849729544644,-0.16014658726523134,0.15301572759199877,0.09628580815021492,-0.01425570408621256,-0.046180078383468215,0.2849387137522731,0.2576271186440678,0.28878848031390403,0.10371372913745795,0.03568715094138823,-0.16357158391056695,-0.25555555555555554,-0.36301216470708,-0.06797244085379679,-0.027928390640255048,0.08982819491294068,0.21048413590786472,-0.3072941971247056,-0.02839804365228094,0.18423539101505204,0.05329057871430753,0.06266466774941351,0.014076171703290348,-0.21993781146323518,-0.2452694605236978,0.13366509807187774,0.07560673153893493,-0.06017990255278391,0.22493279103448596,-0.3119921153819459,-0.09637927604029299,-0.11873337127574415,-0.13641684828125505,0.31489470980996404,0.22270066676846337,0.08566054498257888,0.18191859039316666,0.12914856304686814,0.14090469514198328,0.1373209881684458,0.14868936733343513,0.08975601178991009,0.07093981500761162,0.04446387836218345,0.13693971321089965,0.15797924272500544,0.06517303127472619,0.017038918733833987,-0.014439400880078846,-0.2309059444652665,0.43808538893284654,0.06920927090418616,0.3700356751204209,0.3688173535631163,0.03287385999250406,0.28711993966231253,0.506849067866017,0.22943174299106503,0.483652373482882,0.47038317207808733,0.14848392306019426,0.17412281310586394,0.02697288968475409,-0.008520847503898352,-0.14554014723506248,-0.17195963297658212
#13,0.5190831817950462,0.0018938815548985041,0.4599226344989057,1.0,0.1818302123386869,0.26921898786305565,-0.1849785070124053,0.34137157188004646,0.10784575021863158,0.5009194093939857,0.17749876224452496,0.26120203408339,0.15529458580306038,-0.17516113956791923,-0.2683990616194006,-0.4095614875275892,0.49528033426338514,0.4124020785037734,-0.13708916929255913,-0.2524035591832202,-0.09497772040144921,-0.3407330288686221,0.0305741797267221,-0.10768009920552293,0.08728790423705678,-0.1319711082422947,0.11835857429077767,0.020461601817534023,0.04262829856050195,0.19219635660313628,0.14594131882267475,0.15162157535038892,0.08916975527145019,0.15662118204491085,0.06449423229084246,0.17092547092547092,-0.0317244825719402,0.035957374940425786,-0.0932601322431831,0.09605075028803842,0.011779267711471102,-0.06780262542974408,-0.17714710087591443,-0.0830092033481864,-0.112081881573407,-0.11066690727707677,0.05262473567558313,-0.008789220653627434,-0.14483404822387874,-0.04695419610673848,0.06406992508687424,0.08786305565966583,0.17274716935733886,-0.004080660012863403,-0.0787277261853533,-0.015066838795652356,-0.2478384393638631,-0.08836185954830023,-0.17900535358162475,-0.14883373357949628,0.013847129101366389,0.05457876983300712,-0.15031441302627743,-0.12891674417098145,0.17261946075505397,0.12645095017976374,-0.13550854398312026,-0.2460514443565291,0.03716042699093547,-0.10768981616439244,0.23422544270001897,0.15303654964671914,0.2310951938070582,0.2759472878116946,-0.07277076768602192,-0.03308161782738054,-0.03823021789123484,-0.06386771979992319,0.16169343457479052,0.11822068601729618,0.26228107923023175,0.10702906296126635,0.034131049385286674,0.20964616388345203,0.1966189610257407,0.15082293387378135,0.1114909979316759,0.014842886029326707,0.023908808654571366,-0.058901891105280935,-0.11266906351652115,0.04185140456326897,0.08080622995877233,0.009039085310271752,-0.13401629672816112,0.3244131650911312,0.1824349773502316,0.13345919108630974,0.257386970946293,0.07265092519329808,0.21978372825830453,0.36648435800978174,0.24383181332333875,0.2921167700828718,0.30299698774275047,0.180459195713433,0.17879713303442116,-0.06804740025079008,-0.08904852464174498,-0.2276706598740497,-0.3003368545741427
#17,0.34882771831924375,-0.017301276623310522,0.21615467547670938,0.1818302123386869,1.0,0.6690848012881911,0.05006269752032464,0.36043948416829774,0.04348107737938246,0.13137513476496526,0.08844190878089184,0.6756881689085079,0.4119662034916272,0.03716274055257106,-0.250192256971918,-0.0935849562968207,0.28082335031487576,0.23282481248582942,-0.42513083191049295,-0.37255792001554716,-0.33787022770073616,-0.3433362484209942,-0.18361072937344125,-0.23805346178227535,-0.048137351527182036,-0.31869727971422884,-0.21020280681297632,-0.35572537097960827,0.19586751620649925,0.4217252691828963,0.4237588898605848,0.3203204745577627,0.26704053822697893,0.1096554181299944,0.3071391884951207,0.45306847679729034,0.15050690135435899,0.2186426796596288,-0.06654080891369027,0.15382177246584025,0.126382006043023,0.22789137365408552,-0.031100283642656525,-0.1879930778235863,-0.10589217877353471,-0.3345299074112633,-0.03149960438096031,-0.37602132178403364,-0.20695410356427305,-0.4379771142483007,-0.034082927303266286,-0.15349648569987553,-0.024707912843506062,-0.19615347242465886,-0.23971506174896007,0.003956653109195482,-0.31298648417292485,-0.2360762920084954,0.048230819417260096,-0.2740001943391774,0.09408792459639917,0.04396507447354905,0.03343605546995378,-0.18755165026351467,-0.17464336447387294,-0.2618854601905449,-0.08200696844764642,0.04200271149423692,-0.12189924901789309,-0.08463471175335582,-0.053951794629760734,-0.11119995187791798,0.2900271612136019,0.2841062942757858,-0.008084047067097914,-0.03034467441247102,-0.019592628067204337,-0.08190193274939038,0.05682755174280598,0.11491738271399288,0.37596302003081666,0.43677868932106223,0.06879051624814336,0.34561140493343884,0.6746623356792848,0.32295377041139756,0.33518371992948265,0.16596658291573546,0.31188522883438136,0.40758154147984654,-0.062307453832877564,0.27369943132654995,0.1726805387822337,0.1790641180471689,0.022801075343448225,0.013222930172082715,0.17294891193196277,0.002344100649185395,-0.1526797984425103,-0.12901761545829343,-0.10579917359578377,0.565389580643818,0.4894677420101149,0.2530092496194191,-0.0845592896440354,-0.15278020701749515,-0.024828218048557033,0.011466011466011465,-0.03604066315930723,-0.05246509992272704,-0.0035522425352933827
#18,0.33081756641078675,0.04140627530458039,0.28829152727457813,0.26921898786305565,0.6690848012881911,1.0,0.021960789757399925,0.38160394601072567,0.22139072817038918,0.2854486227367583,0.17506998523947676,0.6008985873392653,0.4601951720595788,0.021977447401176214,-0.2481975041297075,-0.2176904176904177,0.2968331968331968,0.2512652868585072,-0.30421716014936356,-0.36508233965861087,-0.25958809348639855,-0.3740547943937774,-0.0917493764951392,-0.23776334115317166,0.01677887440599305,-0.24483127194991602,-0.10364200872675448,-0.28301568132076604,0.194887491497661,0.4224498766871648,0.44083667642989677,0.27511533104753444,0.2559446966226627,0.19281315213518604,0.22261321413863785,0.357464706617249,0.17886145004789072,0.1489864286474456,-0.03986729410458224,0.03507960965588084,0.044593437813776796,0.13601382584433433,-0.012104091765108715,-0.051236135981898696,-0.038120555069707615,-0.20185223744545777,-0.06306861561098849,-0.2913060980857591,-0.19729174474937186,-0.40242553801875836,0.01846222185205236,-0.07630496444055766,0.0890998857100552,-0.07619345076972196,-0.17460033222745086,-0.05353720438466201,-0.27915989949888254,-0.37215628571560777,0.06368309758140267,-0.16221306051814527,0.09257763156068241,0.01911557165794454,0.048607929963862165,-0.13588657995437656,-0.059777805540517405,-0.18225220598101954,-0.1109995974402754,0.013802708717962955,-0.14645631764275832,-0.21668263024195228,0.10586256518459908,-0.01760296506059218,0.31381520195079515,0.2122924156822462,-0.07329270719101227,-0.16931384389011508,-0.02788489568150585,-0.09928510945460098,0.17683985989070736,0.11264916688645502,0.41817626563389276,0.5427328715464309,0.005840354992897366,0.2302493556730845,0.4706311858854232,0.26755461162240823,0.2543964611761222,0.18446119463068616,0.2044295451075112,0.30785315361586546,-0.021619308059986027,0.20083380761346864,0.10040579871088345,0.12706126773923385,-0.06924212347941161,0.06328007514448192,0.054976702434329554,0.0525196999773271,-0.01694498813142881,-0.03401768486514249,0.001404794625133608,0.5705802875294401,0.2855869737225669,0.27907938755396383,0.04618609364372076,0.002565739853875447,0.1106918937427412,-0.03561959494162884,-0.05393837597227428,-0.09427532308888241,-0.08604089451547078
#26,-0.004312478888750075,0.5113808723978216,0.16504115826149723,-0.1849785070124053,0.05006269752032464,0.021960789757399925,1.0,0.21576507169727507,0.2702596278867465,0.1506211912991574,0.19716311072243276,0.014341305866729595,0.24142154481137532,0.6694068490678661,-0.03327827056640616,0.07045442977646367,0.0996367708232115,0.009467094212856925,-0.108911839420314,-0.028399431789262297,0.07050764169408237,0.15095480688701027,-0.34840711281389247,-0.11580856665602428,-0.21696581018614916,-0.02924388178625467,-0.06031825353859252,-0.02374547120309832,0.10666629649680497,0.029331334416080178,0.13642471439081608,0.02213615772937807,0.13936663936663937,0.10216225470462759,0.0020590698556800253,-0.13691148775894538,0.012154990121091816,-0.07793972709226947,0.2047418759283166,-0.18189221579052087,-0.14795874456891406,0.09994493723307282,0.3104323121272274,0.04856258415580449,-0.04294386836759718,-0.07060805026906722,0.13129739909400925,-0.01441672797605001,-0.05725833691935387,-0.10684212718111023,-0.005218469625249286,-0.12326702665685717,0.08242526039136208,-0.21831831831831833,-0.06391214018332662,-0.2310318022182429,-0.02836843006334532,-0.17811093065330352,0.09073372293711277,0.02615573971506175,0.05385740131502843,0.12142820786888583,-0.1753226261700838,0.029447012497859956,-0.04775792741894437,-0.17735994854638923,0.3346044040959295,0.462977461282546,-0.23224873563856616,-0.150417597875225,-0.13102069712239203,-0.13855550465719957,-0.028907489924439075,-0.03072271038372733,-0.034404049658286945,-0.11393596986817325,0.037068809950165885,0.0629186968170019,0.19264657569742316,0.18775894538606402,0.0376698732630936,0.13509950628594697,0.2205217544200595,0.3029488656607301,0.08794171675527608,0.08478046613639834,0.042501052670544194,-0.18722358722358723,-0.1781752476667731,0.2938297311178667,0.16119833238477307,0.08349690214096994,-0.0006422447100413202,-0.10683703734551192,-0.08927710453134181,-0.12602941924975825,-0.3012571893927826,0.012219769846888492,-0.019640287436897608,-0.09066385337571778,-0.1877992013585234,0.06046770962025199,0.051022362886769666,0.07471601030923065,0.20287992152398932,0.05844288047677878,0.22374130679215426,0.18425760120675375,0.16844301929047692,0.012551534585432891,0.09949980797438425
#49,0.6104101019355257,0.3288158728836695,0.14116520218215134,0.34137157188004646,0.36043948416829774,0.38160394601072567,0.21576507169727507,1.0,0.47844778522744624,0.5243007259956413,0.43015727591998776,0.3711151829795898,0.2521647996224267,0.26564869954700465,-0.31111666365903656,-0.3235918507104948,0.45565550141821326,0.16446924582517802,-0.32199040334633555,-0.3066787897296372,-0.1636229449788772,-0.444135815322256,-0.18416089433038585,-0.19810843200673708,0.0012659809269978761,-0.11882221204255103,0.032784556513370075,-0.14121887681209716,0.15620103925188672,0.3284850335697793,0.19895704641467354,0.18892405502574994,0.16560613001290966,0.09174613750884937,0.14525141474294018,0.18627780322695578,-0.0060268280607263655,0.021426819731904478,-0.033562375935257294,-0.07736041125871634,-0.038019221070068526,0.01895454776810709,-0.09584808228876025,-0.23442394628835306,-0.025728193524803693,-0.2412947616337447,0.13659823151348574,-0.1509557323116645,-0.11791807215536029,-0.3214939130193368,-0.01499187939865906,-0.11146786231531994,0.2476066204879764,-0.09093916721035365,-0.14240527121883054,-0.11323866239120477,-0.2665421970506716,-0.2675638658689506,0.056331061415807175,-0.14995951267137708,0.07600836583887431,0.02978109079803995,-0.14184122489207235,-0.19237126186278727,0.11620326027105689,-0.08059893483622298,0.13428744615185292,0.1648824479332954,-0.1323662645696544,-0.19932721627636882,0.24607272912357658,0.12364691347742195,0.35566753193871836,0.2752953261427838,-0.04982949050745661,-0.1881189355765627,0.10474002507900813,-0.006369235182794505,0.17212944840063485,0.04700925887366565,0.33089437665708854,0.2646265680163985,-0.028857516993110212,0.33417176807007315,0.2895621353248472,0.12332301484843858,0.06551497568446721,-0.14873286229218433,0.024639431419092438,0.21759648708801252,-0.17538833132053472,0.09997547624666268,-0.057192169056575835,-0.07301646793172217,-0.1578742070267494,0.05006547379428735,-0.041008805415585076,0.14954492242627837,0.00593659915693814,0.1821420804471652,1.3881369813573203e-06,0.34939222735832903,0.31204717814887306,0.3836995701402481,0.22707329825973893,0.21264592790016518,0.27988358157849685,0.043469972283531604,0.014496777208641615,-0.10936899919950767,-0.09917914833169071
#50,0.3459764849595358,0.45221847425237255,0.1651466566720804,0.10784575021863158,0.04348107737938246,0.22139072817038918,0.2702596278867465,0.47844778522744624,1.0,0.36564222157442494,0.2073548124395582,0.027386091792871454,0.1595404341167053,0.2690866521374996,-0.04117445642869372,-0.03173975207873513,0.34607504268521216,0.1083283591758168,0.028751093157872817,-0.13985803985803985,0.016169019558850067,-0.10097262131160437,-0.023938884955834107,-0.07116330506161014,0.2075727499456313,-0.03603927502232587,0.028603025213194706,-0.11646006561260798,0.260378406141118,0.2063521148266911,0.24033879796591662,0.10434255519001281,0.19968211663126917,0.18330302567590703,0.11196435264231874,-0.012929570556689201,0.06986215799775122,-0.12503227418481655,0.04748770341990681,-0.21335526589763879,-0.014216836250734556,0.14132992777060574,0.04453606148521403,-0.09655233045063553,-0.003822466534330941,-0.1494611714950698,0.042464035684374665,-0.14556096928978285,-0.3051018661188153,-0.3468213976688553,0.007836495972089193,-0.06924258619173873,0.01978835538157572,0.037772595399714046,-0.11541479846564592,0.01574239879324625,-0.18416876043994687,-0.26378026717009767,-0.0694161033144084,-0.19124687090788786,-0.07716792293063479,-0.0923185126574957,-0.14237195593127797,-0.22345257430003193,0.020759588556198725,-0.02774608198337012,0.24802815141798193,0.09870764447035633,0.03751671548281718,-0.09481160667601346,0.3945122318003674,0.20130669961178435,0.2511801477903173,0.09333601706483062,-0.025993790400570062,-0.13356654034620136,-0.02106127699348038,-0.10828486421706761,0.05482123109241753,-0.005343401953571445,0.2246995840216179,0.18680344443056307,0.15146564129614978,0.006785213564874582,-0.0014834557207438564,-0.05772613908207128,-0.09527108001684273,-0.11854412193395245,-0.04594363238431035,0.09109648940157415,-0.12269002438493964,-0.12627188050916865,-0.21135125880888592,-0.2213888773210807,-0.2442811069929714,0.17243298768722498,-0.003622574809015487,0.3214712401153079,0.05401842520486588,0.2091394938852566,-0.009843742047131877,0.2319155827630404,0.05296945635928687,0.33679673510181984,0.27986970020868324,0.36106923564550686,0.3872346923194381,-0.06950772035517798,-0.07941207771716247,-0.17043592128337892,-0.13280306500645483
#51,0.5907526941425246,0.16648296987280037,0.49221717865785664,0.5009194093939857,0.13137513476496526,0.2854486227367583,0.1506211912991574,0.5243007259956413,0.36564222157442494,1.0,0.4483261381566466,0.26794005099089846,0.3206166104471189,0.19174845107048497,-0.3904361989107752,-0.46251474895542694,0.7286465201719439,0.2747655205282324,-0.12846143524109627,-0.24692504523012998,-0.16131123419259014,-0.3600026837314973,0.002332070128680298,-0.07842650046039877,0.20477148951725224,-0.015244983041593212,0.26437022538717453,0.010969983851339784,0.12292600767177038,0.19241336868455514,0.22989167904422142,0.060788831975272656,0.2437212250771573,0.16286039506378489,-0.012082806998061236,-0.09386397183007353,0.002326980293081988,-0.11740446147225808,0.17782358629816256,-0.024122119037373276,-0.05497114988640412,-0.01616809413419583,0.07025361262649399,-0.03115442098492946,0.010244450922417023,-0.10798086221815036,0.2482914347321127,0.003787300397469889,0.015539730793968082,-0.14288926831299711,0.18032315828926,0.06750602682806073,0.4690963690963691,0.08804582702887788,0.020173332037738818,-0.21354590337641186,-0.30653534890823025,-0.360984559289644,0.03390802204361527,0.051074649379734126,-0.021702133566540348,0.0775797369017708,-0.20122757580384698,0.13699107427920987,0.23479319072539412,0.003011331824891147,0.08343998852473429,0.12968392120934494,-0.288722312451126,-0.3273217747794019,0.0877992013585234,0.06647001392764104,0.12455568048788387,0.2994179078924842,-0.3086915883526053,-0.37595098951031153,-0.12020618461296427,-0.104661826695725,0.4477033273643443,0.2529921292633157,0.1738266772165077,0.23965028202316338,-0.05730645900137426,0.1422877422877423,0.06321483270635812,0.04241082376675597,-0.020079401435333637,-0.05017513661581458,-0.08576049084523661,-0.00014575438304251863,0.031990542160033685,0.017476181882961545,-0.05597199664996275,-0.1723996723996724,-0.3371891151552168,0.40741589046673793,0.015963575285609183,0.4322311525701356,0.28169371220218675,0.23247222569256468,0.14057246769111176,0.435565920311683,0.21384620367671214,0.49287376745003864,0.35496235835218887,0.43686799280019617,0.2678054017037068,-0.04291101579237173,-0.019828611354035082,-0.15343772123433141,-0.17831776306352579
#52,0.3015769236108219,0.3602090534293924,0.1585354229422026,0.17749876224452496,0.08844190878089184,0.17506998523947676,0.19716311072243276,0.43015727591998776,0.2073548124395582,0.4483261381566466,1.0,0.18776172166002675,0.3066061438942795,0.19031404285641573,-0.31864036609799323,-0.31077148026300566,0.34471837014209894,0.14994100417829231,-0.0761920626327406,-0.0766547749598597,-0.12638894672792977,-0.1756863180591994,-0.03637612959646858,-0.1133945964454439,-0.024289158187463272,0.03923476635341042,0.1247935146240231,0.12947570066214134,0.1211778804999144,0.015328733972801769,0.08428536394638089,-0.0994577011526164,0.3650999227270414,-0.12276544649426005,-0.20726874794671404,-0.12656200113827232,0.01078027179722095,-0.1394614953936988,0.17095647265138791,-0.17271431678211338,-0.023977290078984994,0.07277678294627447,0.08079512486292147,0.00854722210654414,0.07883600086989917,-0.07753485380604025,0.1805582161514365,0.18781817256393527,0.1328609040473447,0.06673375995409894,0.2148137351527182,0.11771818043004484,0.45051384203926576,0.09490276100445592,-0.1696557882998561,-0.19832636951281019,-0.14257925105382732,-0.33617855143278874,0.20229042601923958,0.11506730150797947,0.010385578182188352,0.11464530786564685,-0.12179282518265569,-0.03186653525636576,0.15088401190096104,-0.04327008055821615,0.018630649139123715,0.11283934165290098,-0.22499803347260974,-0.2841567299194418,0.1592040422548897,0.08141192039497125,0.05173540258286021,0.22620710078337197,-0.3494047205911613,-0.26136074441159185,-0.137865600577465,-0.07682227682227682,0.19890383449705484,-0.004639153791696164,0.12184742523725575,0.25423358643697624,-0.025902173359800478,0.09003178833687309,0.06997644794254963,0.06225331649060463,0.08608346404956574,0.024909192705802875,0.05763498475362882,0.04274629020391732,0.1631773530078615,0.025629173086800204,-0.0922361498632685,-0.04076773229315602,-0.16539976031501455,0.0015264879671659333,-0.2654196569450807,0.21789493653900432,0.18874822434144467,0.3314926636960535,0.245196351976013,0.1463758056978396,0.07608702693448456,0.30664593715441174,0.26376916207424683,0.3675828370743625,0.21282916198170435,-0.006343786004802954,-0.13759398844144607,-0.1348676874100603,-0.08454864726051167
#53,0.4056154768019175,-0.10074219057269905,0.2243164582147633,0.26120203408339,0.6756881689085079,0.6008985873392653,0.014341305866729595,0.3711151829795898,0.027386091792871454,0.26794005099089846,0.18776172166002675,1.0,0.6342087850562427,0.08089692157488768,-0.2656958962043708,-0.20816872342296072,0.25229806077263706,0.17712257712257712,-0.4042671330806924,-0.42551349500502045,-0.38557216692809915,-0.44731696257119985,0.03549419990097956,-0.13980899235136524,0.034228218973981685,-0.20248106349801265,-0.1369554454300217,-0.3282370197624435,0.14604404095929518,0.25132636488568694,0.3534344822480416,0.09042555652725144,0.1921052022746938,-0.10192951040408668,0.16159024972584293,0.20515646617341532,0.0494634850567054,0.03775871402990047,0.0178602331144704,0.11399519704604451,0.13654825858215688,0.08481239328696956,-0.042599147683893446,-0.29815655408875746,0.057629894918030514,-0.16388854185464355,-0.1346039413836024,-0.40740571079554133,-0.14710041320210812,-0.37554750436106366,0.005200423844491641,-0.12459408561103476,0.0824692180624384,-0.17062517062517063,-0.18961210825617605,-0.025845259743564827,-0.18730733815479578,-0.28242757395299767,0.1244932143237228,-0.24232614741089317,0.08665445106123072,-0.07506211912991574,-0.025589379826667962,-0.12015343540767269,-0.15382223517816737,-0.2307412188768121,-0.13416760365912908,-0.019473248286807607,-0.2630621376384088,-0.26140562750732244,-0.05914342694003711,-0.16335087013053115,0.3018601035550188,0.3556198725690251,-0.0031395031395031396,-0.144644798882087,-0.03435083774066825,-0.14693985202459778,0.0035425255764238816,0.025272884594918492,0.2640856573059963,0.37938662853917093,0.06431469990792024,0.534951901053596,0.6948546389224355,0.3595260900345646,0.3416487365639908,0.20395804124617684,0.17631005427615598,0.39658009319026266,-0.0807715265342384,0.45065635743601845,0.2735860668064058,0.20836306260035073,0.083236857813129,0.031225215970978683,0.2134788100889796,0.057132016454050354,-0.02985836375666884,0.014203417593248101,-0.02401014265421045,0.5107654650027531,0.19747821781720087,0.17589083690778606,-0.06907832331561145,-0.11271440932457881,-0.08835630700037479,-0.02881402203436102,-0.14111939366176654,-0.03221634577566781,-0.09301443199748284
#54,0.21076592771508026,0.09385286673422266,0.3294905074566091,0.15529458580306038,0.4119662034916272,0.4601951720595788,0.24142154481137532,0.2521647996224267,0.1595404341167053,0.3206166104471189,0.3066061438942795,0.6342087850562427,1.0,0.25980788184178016,-0.3109297278788804,-0.27563171800459935,0.36525678220593477,0.28567720262635515,-0.24448284956759533,-0.3393939393939394,-0.21637400111976382,-0.29410180596621277,0.07393495190105359,-0.11197221875187977,0.07758852843598606,-0.16462703072872564,0.009869191225123428,-0.042703720669822365,0.38315542044355605,0.3084639338876627,0.45988099038946495,-0.008119675916286085,0.18366116501709723,-0.03913713405238829,0.1120892849706409,-0.06835695479763276,0.009067773474553136,-0.0928293470666352,0.12193626600406261,-0.19668142718990175,0.038774830300254026,0.13615032598083446,0.3135440525271034,0.0347080516572042,0.12617656176978212,-0.02455984489882795,0.14440603932129356,-0.05579570325333037,-0.04181855198804351,-0.29540758015334284,0.18701768023801923,0.02265161926178875,0.2938251039945955,-0.021067754966060052,-0.20698371715320868,-0.25155957189855493,-0.21785930768981615,-0.4781900544612409,0.0824645909391672,-0.04387206929579811,-0.04080382385467131,-0.020584683296547703,-0.15646987511394292,-0.10099020438003489,0.02220787814008153,-0.11803421294946718,0.015493459561256171,0.11979205708019268,-0.3578043374653544,-0.3435014367217757,-0.1020414867872495,-0.1421475404526252,0.09492497119615764,0.17005510903815987,-0.17534761263574822,-0.2748488087471138,-0.16965995271080017,-0.2887102819306209,0.3051337932693865,0.1295062396757312,0.04221093204144052,0.5562084426491206,0.2531277039751616,0.4506452523401676,0.46237038270936576,0.24860839267618928,0.20959156382885197,0.12684610650712347,0.07084218270658948,0.43867118273897937,0.28743273319544504,0.31671316925554216,0.20441288746373493,-0.01453610775644674,-0.06445027461976614,0.1832734120869714,-0.004502190942868909,0.3068897865508035,0.2622306435865758,0.2628775154198883,0.21701670854213226,0.4861598115835404,0.18088859275299954,0.22502718434921826,0.15697006713955866,0.11784912801861955,0.12489022150039099,-0.07841169366593095,-0.11661137254357594,-0.14091903922412397,-0.13839448076736213
#58,0.06995701402481064,0.3313515364362822,0.06289556120064595,-0.17516113956791923,0.03716274055257106,0.021977447401176214,0.6694068490678661,0.26564869954700465,0.2690866521374996,0.19174845107048497,0.19031404285641573,0.08089692157488768,0.25980788184178016,1.0,-0.10306685730414544,-0.056607763387424404,0.038168677151727996,-0.032028484570857454,-0.04719804550313025,0.02383014755896112,0.014535182331792502,0.057595654205823694,-0.2691889115617929,-0.16993804281939875,-0.19432205703392144,-0.12119222458205509,-0.13482604330061956,-0.10279755872976212,0.2576585830823119,0.2602738331551891,0.17287302711031524,0.2035915730830985,0.13792112605671927,0.24366986400884705,0.14983041593211086,0.031559756983485794,0.10550627669271737,0.02094374806239213,0.19092482312821296,-0.09353313251618336,-0.06492177848110052,0.15749061850756765,0.22185991847008796,-0.0025587991689686603,-0.07867451426773461,-0.09093962992268077,0.09411892632231615,-0.05344142293294836,-0.13617855143278873,-0.23547522869556767,-0.12955898888102277,-0.1891776213810112,-0.0003160325194223499,-0.17909419434843163,-0.18099640472521827,-0.2062674384708283,-0.219020252918558,-0.1737535686688229,-0.04092968160764771,-0.016392046900521477,0.009032607337692084,0.08322621542960526,0.12462740089858734,0.1987987987987988,-0.07889569076009754,-0.17881888051379577,0.6694114761911372,0.5664598342564444,-0.17182452097706336,-0.06586941332704045,-0.01610100084676356,-0.15538250114521301,0.08409472646760782,0.10549146989824956,0.07890772128060264,-0.1325527376374834,0.08802593039881175,-0.010926951604917707,0.2716153750052055,0.2980168149659675,0.02790109061295502,0.2647862037692546,0.14396692532285751,0.3654400162874739,0.22069295798109356,0.04518293331852654,0.020100223490053998,-0.13497549938227904,-0.1468426824359028,0.30145893196740653,0.21405164794995304,0.07997658675624778,0.027927927927927927,-0.1387017217525692,-0.022660873508331136,-0.11964769083413151,-0.19703262584618517,-0.02423224457122762,-0.08747530272954002,-0.04081122725190522,-0.21527829832914577,0.12436874470772775,0.21527691019216444,0.04878283522351319,0.2619275670123128,0.08809950165882369,0.14542261830397424,0.17908355196490788,0.13436240554884624,-0.004647482613584309,0.049240920427361105
#101,-0.45128564620090045,-0.15242160496397786,-0.41483872161838264,-0.2683990616194006,-0.250192256971918,-0.2481975041297075,-0.03327827056640616,-0.31111666365903656,-0.04117445642869372,-0.3904361989107752,-0.31864036609799323,-0.2656958962043708,-0.3109297278788804,-0.10306685730414544,1.0,0.7614879903015497,-0.32613954478361257,-0.3260622718249837,0.37772595399714043,0.17849637002179375,0.2668850668850669,0.2630052240221732,0.3229986535071281,0.22090302937760564,0.11489378438530981,0.29843279334804756,-0.24610095457553086,-0.13392838138600852,-0.022227774770147653,-0.14919141020835935,-0.29116774709995047,-0.030945737725398742,-0.2634175007056363,0.04931495439970016,0.0216840877857827,-0.03349250637386231,0.18210413803634143,0.16067546745512848,-0.03214369994031011,0.0733681293003327,0.053634373973357026,0.033876094893044044,-0.004486921436073979,0.08268206573291319,0.04834510936205851,0.045843686521652625,-0.3817089817089817,-0.1860580148715742,-0.19283998945015896,-0.03366509807187773,-0.3379604566045244,-0.2104212070313765,-0.34256768324564935,0.015921005751514228,0.2689843927132063,0.3005237903542988,0.07717810260183142,0.19770448414516212,-0.23700726921065904,-0.10751306005543294,-0.334672422808016,-0.46015167710082966,0.21593534983365492,0.08509418509418509,-0.40235705659434473,-0.09813156762309305,-0.03185172846189795,-0.039433732654071636,0.40103046035249423,0.40970955547226734,-0.1444916411018106,-0.14695280796975713,-0.021307902663834866,-0.4512944377351157,0.2602992823331806,-0.01700097632301022,-0.0942410823766756,-0.18627410152833881,-0.3503995520944673,-0.14342555190012818,-0.0931925762434237,-0.2566327498530888,0.06655931740677504,-0.24399792704877452,-0.29698126477787495,-0.39247953654733314,-0.3934392019137782,-0.05297917331815637,-0.09603039094564518,-0.2868543427865462,-0.20724376148104962,-0.3908170111559942,-0.2533317601114211,-0.22111124992480924,-0.04392157951479985,-0.18750399089382142,0.032877098978793894,-0.2918678308508817,-0.24200872675448948,-0.20809746572458437,-0.1994192960294655,-0.4466085499983805,-0.21940337872541263,-0.3928219436694013,-0.3652803805346178,-0.21875234248115605,-0.09745045507757372,-0.37086346747363697,-0.17150478675902406,-0.08584979432437059,0.0005492395322903797
#102,-0.3630274342138749,0.0325018392815003,-0.33006473345456394,-0.4095614875275892,-0.0935849562968207,-0.2176904176904177,0.07045442977646367,-0.3235918507104948,-0.03173975207873513,-0.46251474895542694,-0.31077148026300566,-0.20816872342296072,-0.27563171800459935,-0.056607763387424404,0.7614879903015497,1.0,-0.35546764021340294,-0.25917165239199136,0.2299633994549249,0.2941850941850942,0.15523258235122642,0.42855536584350146,0.21797267220996033,0.19026869704835805,0.03762915457830712,0.32597620733213956,-0.32460889240550256,-0.12038201529726954,0.015875659943456553,-0.09025666652785297,-0.16070693189337257,-0.0834719156753055,-0.12958999060693976,0.026034971797683663,-0.025920681852885243,0.05094185094185094,0.07616337446845921,0.26121221375458664,-0.07082645048746744,0.22587209705853772,-0.009961270978220131,0.17425514883142001,0.07022770073617532,0.19694933762730374,0.04809015486981589,0.07408487069504019,-0.3837985905782516,-0.2058435939791872,-0.21131054012409944,0.0016916762679474544,-0.2406367847045813,-0.15620751722446638,-0.30987659462235734,-0.013873503704012179,0.12925868858072248,0.36558577067051645,0.0374325018392815,0.3573656861792455,-0.15789780535543246,-0.1389386304640542,-0.24437827658166641,-0.3928126894228589,0.23587131044758164,0.06856471263250924,-0.4486838147855097,-0.09056622107469565,0.047283647283647284,0.1886806683416853,0.2657065385878945,0.3683537158113429,-0.23027711841271165,-0.22924804619719874,-0.051586409213527855,-0.2997598523022252,0.15776685776685775,0.025324708375555834,-0.07190873462059903,-0.16946792709504574,-0.35315546671478876,-0.0021830767593479456,-0.1423289236848559,-0.10010457298592892,0.04342462647547393,-0.24692041810685877,-0.20584220584220583,-0.369095906384042,-0.30548591735032415,-0.038827116793218486,0.08901243308022969,-0.12175025564856073,-0.06098502200197115,-0.26516146346654823,-0.1638681825122503,-0.16621552214772553,-0.04733315750264903,-0.28847105965750036,0.04387392014510658,-0.21704817298037637,-0.28690200215623946,-0.29905190244173296,-0.2795333083468677,-0.33171615375005203,-0.14754184076217974,-0.2881504000148068,-0.44267225623157824,-0.38909387044980265,-0.13800626512490918,-0.26159302599980566,-0.1553001383509858,-0.023035670493297612,0.10322140322140322
#201,0.5836838379211261,0.17057797396780447,0.5560020729512255,0.49528033426338514,0.28082335031487576,0.2968331968331968,0.0996367708232115,0.45565550141821326,0.34607504268521216,0.7286465201719439,0.34471837014209894,0.25229806077263706,0.36525678220593477,0.038168677151727996,-0.32613954478361257,-0.35546764021340294,1.0,0.5402980792811302,-0.10548082751472582,-0.362580916818205,-0.15799867664274445,-0.3870338751694684,0.08756182993471129,-0.05143417685790567,0.34151362456447204,-0.0695711119439933,0.22487217571963336,-0.03637751773344994,0.2764831086864985,0.3135227677600559,0.3565147582096735,0.1770013464928719,0.2992249568520755,0.14732806766705073,0.11866674070063901,-0.009514290870223074,0.045457784440835286,0.020758200419217367,0.17341116154675476,-0.010829782016222695,0.0019429290615731293,0.09768134852880615,0.049872060041551564,-0.03910659503879843,-0.07520833622528537,-0.2946838980737286,0.2711568270890305,-0.0837116006607532,-0.12177524211422516,-0.3209719735143464,0.17695785153412272,0.028326785953904598,0.40467015551761315,0.08257703003465715,0.08197087688613112,-0.04383181332333875,-0.34305260576447016,-0.36618683398344415,-0.1287797813221542,-0.13363455905828786,-0.01995354368235724,0.025032736897143675,-0.31598763632661936,-0.02719637973875262,0.11756039552649722,-0.05470370216132928,0.0061855383889282195,0.02308934512324343,-0.07088752851464716,-0.16470522911200877,0.20082409065459914,0.26089803208447276,0.15610016796457474,0.27840614111800555,-0.2408667527311595,-0.30468635044906234,-0.15907910992656754,-0.15305829712609373,0.4276822276822277,0.2650198734944498,0.24003664681630785,0.24761726287150015,0.04791478689783774,0.1419004520699436,0.13429207327512413,0.04073858141654752,-0.02284040589125335,-0.1355460236816169,-0.0294141599226345,0.07944539300471504,-0.06458075949601373,-0.08231652299448909,-0.15508497711887542,-0.14811375319849895,-0.3530411767699903,0.6139632698954733,0.1574767371377541,0.5369295335397031,0.3094883789799044,0.2688298467959485,0.23288357695137357,0.620884983596848,0.2963334675199082,0.5334494741274403,0.29496383903163564,0.4530814327424497,0.28866169713627343,-0.10448229431280279,-0.07894843996538911,-0.20762226016463303,-0.2352336928608115
