,#10,#11,#12,#13,#17,#18,#26,#49,#50,#51,#52,#53,#54,#58,#101,#102,#201,#202,#301,#302,#401,#402,#501,#502,#601,#602,#701,#702,#801,#802,#901,#902,#1001,#1002,#1101,#1102,#1201,#1202,#1301,#1302,#1401,#1402,#1501,#1502,#1601,#1602,#1701,#1702,#1801,#1802,#1901,#1902,#2001,#2002,#2101,#2102,#2201,#2202,#2301,#2302,#2401,#2402,#2501,#2502,#2601,#2602,#2701,#2702,#2801,#2802,#2901,#2902,#3001,#3002,#3101,#3102,#3201,#3202,#3301,#3302,#3401,#3402,#3455,#3501,#3502,#3601,#3602,#3701,#3702,#3801,#3802,#3901,#3902,#4001,#4002,#4101,#4102,#4201,#4202,#4301,#4302,#4401,#4402,#4501,#4502,#4601,#4602,#4701,#4702,#4801,#4802
#10,1.0,0.45741288283661163,0.3673408385272792,0.5957527635493737,0.15778582897226964,0.2062914995118385,0.324369670132382,0.6999509524933254,0.3204588255435713,0.5380900160561177,0.4677036049917406,0.25760305760305763,0.141035642730558,-0.021703058991194586,0.12045095943401028,0.2399080127893687,0.4247148535284129,0.04936724089266462,0.15483603788688535,0.19071799071799073,0.11071179037280732,0.17532447701939227,0.16764622866317783,0.05799913935507156,0.11286108913227558,-0.22097613792529047,-0.24825904486921435,-0.10644789627840476,0.10140710818676921,-0.13352258267512504,-0.08802130327554056,-0.10261478736055007,-0.30906499720059044,-0.20755239060323807,-0.23238431035041204,-0.22809357894103657,-0.24187037576868084,-0.16114188148086453,-0.13508793847776898,-0.32250123775547507,0.0010734925989163277,-0.03139086698408732,-0.12932531915582762,0.0982153185543016,-0.2263311076870399,0.12158044022450802,-0.40148114215910824,-0.3572925776315607,-0.3082006505735319,-0.3651017735763499,-0.20481822346229125,-0.12442427018698206,-0.03877390487559979,-0.028479943734181022,0.03546042190109987,0.005996751759463624,-0.12284827200081437,-0.16261793380437448,-0.2192136666712938,-0.19411568733602633,0.15923874567942364,0.08094134195829111,-0.20734463276836157,0.052926424112864794,0.3533132516183364,0.3191923819042463,0.08993600688515943,0.2702827635031025,0.17909280621145027,0.018092977415011313,0.3566970668665584,0.12909396299226808,0.0913810574827524,0.005443810528556291,-0.27320016472558845,0.04319234488726014,-0.3110491076592771,-0.23799747359069393,0.19271505712183679,0.11781488730641274,-0.04127208872971585,-0.0644928441538611,-0.023188365561246916,0.18472725421877964,0.1496939157956107,0.1536167909049265,-0.0718356260729142,0.0873101144287585,-0.04152519237265,-0.11308411647394698,-0.08340343425089188,-0.06732510630815716,-0.3409754901280325,0.23329030108691126,-0.29639778453337773,0.06737739280112161,0.09594062475418408,-0.08399570602960434,-0.22909350027994096,-0.226529611275374,-0.23338238084000795,0.08527927002503273,-0.2792829809778962,-0.04556513370072692,-0.36291499511838493,-0.20142793024148956,-0.27554426537477383,-0.15062535571010147,0.016440631694868982,0.31394059699144444,-0.04871111481280973
#11,0.45741288283661163,1.0,0.3357945002012799,0.4925859603825706,-0.07226502311248074,-0.0033782627002965984,0.4240966698593817,0.37564606208674006,0.5268123285072438,0.6501557026980755,0.434283744453236,0.125546810292573,0.24076403059453907,0.14289297001161408,0.16747317425283528,0.3102518543196509,0.2475237949814221,0.0415131618521449,0.03765876816724274,-0.03809047876844487,0.1422761744795643,0.11615467547670938,0.17000004627123272,0.2562468477722715,-0.09983296084991,-0.04980866845273625,-0.19248601451991282,-0.044425010526705444,0.06988621903876141,-0.27846721914518524,0.015529551122771462,0.043956282939333784,-0.11752893108825312,-0.07075195380280126,-0.3866340917188375,-0.33178879958540974,-0.23443643952118529,-0.10522263403619336,-0.051452222638663316,-0.12945672945672945,-0.04637950739645655,-0.05346224498766872,-0.08932846559965205,0.059777342828190284,-0.1607726370438235,0.13655658740404503,-0.31578034120407,-0.21502288112457604,-0.40420744319049406,-0.1870435921283379,-0.20446286039506378,-0.0995326605496097,0.05495634309193631,0.18072571801385362,0.03607536658384116,0.1389705576146254,-0.2372506558947237,-0.06372381626618914,-0.1559710712253085,-0.19507211371618152,0.12917493764951393,-0.09912501098941777,-0.2659286405049117,0.03686799280019619,0.206701462633666,0.08300087452629826,0.030421021946445675,0.3008305686271788,0.06619331195602382,-0.14930431201617642,0.18600757922791822,0.12577816645613255,0.024235020845190337,-0.1927298639163046,-0.3771216516979229,-0.14267595793019522,-0.3063433232924758,-0.15143787855652263,0.07817385952979174,0.15499150922879737,0.006575604880689627,-0.11893696469967656,0.16153194797262593,0.05943262214448655,-0.1929353081895455,0.10499544228357788,-0.18450145060314552,0.09414946533590601,-0.08449682347987433,-0.020670285077064737,-0.1255444967309374,-0.10470069453120301,-0.2885238088627919,0.27457118135084235,-0.11253765321561932,0.09684152565508498,0.19332953909225095,0.018978608809117285,0.001551474432830365,-0.1632287140761717,-0.06530629242493649,0.13243289514475956,-0.03291319054030918,-0.043264990722617844,-0.10722710383727332,-0.09215656334300402,-0.12973435685300092,-0.2540993998621117,0.12679613357579458,0.2587417926400977,-0.006166567183516336
#12,0.3673408385272792,0.3357945002012799,1.0,0.5416168094134196,0.021553602909535112,0.22602941924975822,0.21594830577881424,0.29071475173170086,0.07937135903237598,0.423033356931662,0.1627757187079221,0.18623569640518792,0.34783751393920886,-0.05637918349782756,-0.12102611085661934,0.12437290911867183,0.6755183534844552,0.6742255352424844,-0.1831059102245543,-0.2424793051911696,-0.17457951017273052,-0.19110805720975213,0.1158187463272209,0.12322538254741644,0.15602104415663737,-0.04627539712285475,0.17702078041061092,0.03687956060837417,0.2668054803648024,-0.014079410689580182,0.4180703045109825,0.16137925290467664,0.1534474381932009,-0.0361054428851039,-0.3390385763267119,-0.24214568960331673,-0.35981250896505135,-0.28468422197235754,-0.06687211093990755,-0.153323431289533,0.057648403411115275,-0.01287358236510779,-0.25822586839535994,-0.09842816622477639,-0.3171337747608934,-0.18718379396345497,-0.03484270094439586,-0.03368083029099978,-0.04129476163374469,-0.008041477533002956,0.12336928608115048,0.35665403462013634,0.23598236140609022,0.16549230278043836,-0.2650934447544617,-0.09747868052952799,-0.199036632934938,-0.44930014760523235,-0.15480920057191244,-0.10083056862717879,0.02868307444578631,-0.0019077629247120772,-0.31110694670016703,0.11765247527959392,0.47829694100880543,0.1302252946320743,-0.015604973232091876,0.18387262455059064,-0.12068694272084103,-0.2269992642873999,0.3725412623717708,0.2590411675157438,-0.008000758848216475,0.03156253325744851,-0.3022807090603701,-0.12060365450195959,-0.17269210659041168,-0.09097942318281302,0.08183437674963098,0.29576294322057034,0.1657791844232522,0.10100223490053999,0.1261108566193312,0.14666546361461616,-0.07368971436768047,0.15941087466511195,-0.07759500640856573,0.17548365005992125,0.029633948278016076,-0.02911709860862403,-0.12880708134945423,0.10265874503162639,-0.27499919025342756,0.12320039608175201,-0.17220533322228238,0.49695535288755627,0.3534196754535738,0.5058773719790669,0.33861288098576237,0.15856133483252127,0.43075463753429855,0.6417870875497994,0.2589749996529658,0.17966055423682542,0.29287839457330983,0.22489160963737234,0.2572828606726912,-0.03144315347705178,0.062232494435884265,-0.017873651771956857,-0.163323107390904
#13,0.5957527635493737,0.4925859603825706,0.5416168094134196,1.0,-0.07393541461338071,0.044795643100727846,0.27003706325740223,0.44428018156831717,0.30018832391713746,0.6057482752398007,0.27610784898920493,0.14024070295256735,0.25397909465706076,0.0022473937728175017,0.0696511611765849,0.1788757941300314,0.37485436129503924,0.2649032699880158,0.0473710999134728,-0.004311090751768718,0.06403614708699454,0.03632152954186853,0.16346192108903973,0.14159506193404497,0.03472794828727032,0.06518506179523129,-0.09965157761767932,0.01715644766492224,0.01722446637700875,-0.10691431030414081,0.008740173146952808,-0.016990796651813602,-0.16040154175747395,-0.08102555560182678,-0.2725523674676217,-0.22754110042245634,-0.2725047080979284,-0.16204093153245697,-0.1379502769333278,-0.15416510501256264,-0.13785218191997853,-0.006287335100894423,-0.21849877612589477,-0.0031797591119625017,-0.32667305209678094,-0.0025338127033042285,-0.18915124677836542,-0.16069397594821325,-0.32320641134200456,-0.2263968128374908,-0.06802889175770532,0.06718768074700278,0.12934891748451072,0.08847429864379017,-0.02770952770952771,0.06298023755650874,-0.03042472364506263,-0.1711720965958254,-0.18973518973518974,-0.30013973912278996,0.23422590541234609,-0.08363849211306838,-0.20410055664292953,0.01549392227358329,0.30544704951484614,0.12920732751241226,-0.011783894834742292,0.15854005006547378,0.08908924332653147,-0.05127963094064789,0.21481095887875548,0.05665681089409903,0.02976998570218909,-0.051318036063798776,-0.2483057788142534,-0.06630899003780359,-0.130278506549693,-0.029535853264666824,-0.019129453027758113,0.15663274985308884,0.010358278154888325,-0.12047409505036624,0.20239592442982274,0.030451098247708416,-0.051827019623629796,0.19171791205689512,-0.14603108501413586,0.022257388359083273,-0.1499770957398076,-0.054730076763975066,-0.08229153652882466,-0.11361207123918989,-0.32349930824507095,0.2828713150747049,-0.24651045498503127,0.0910224554292351,0.23405562727596627,0.1385777148489013,0.08441260983633865,-0.15925308976156433,-0.041894436809691044,0.18082566387651133,-0.0035471526996950727,0.08069286543862815,-0.08369355487999555,-0.027297713738391703,-0.1154407103559646,-0.0986803444430563,0.04903316259248463,0.20269113489452473,-0.13277946667777177
#17,0.15778582897226964,-0.07226502311248074,0.021553602909535112,-0.07393541461338071,1.0,0.2826371826371826,0.10769768227395346,0.04518154518154518,-0.04531249277011989,-0.006438179319535252,0.08396285345437887,0.15198110282856045,0.05028757571130452,0.02959970756580926,0.0585159890244636,0.0012974453652419755,0.03437721234331404,-0.07297945094555264,-0.037019299731164135,0.0015847897203829407,-0.09296075736753703,-0.1054535274874258,0.017980538319521372,-0.08611168950152001,-0.11025463059361365,-0.13874336586200994,-0.1239629459968443,-0.08858812587626147,0.2274476325323783,0.22046900521476792,-0.07819097988589514,0.16321853440497508,-0.058382265161926176,0.13423238338492577,0.19371451574841406,0.26472605116672915,0.19746433644738728,0.25466992416144957,0.01933397187634476,0.01447919414021109,0.4374274120036832,0.30017814424594086,0.3438378285835913,0.3244636007347872,0.11758353114285318,0.27359763461458375,-0.056193635854652806,0.0050028456808117825,-0.07644470356334764,-0.11623333657231963,0.026575419795758778,-0.055681413308531956,-0.13806826857674315,-0.059984175238412527,-0.0777685235312354,0.05640879708676319,-0.3502440807525553,-0.07330011058824618,-0.08755118755118756,0.010336530675513727,-0.25263954247005094,-0.15164656181605335,0.20199660369151895,-0.023431752245311566,-0.08001915629034273,-0.07324874951993596,0.02617100922185668,0.05077157280547111,-0.03520546740885724,0.022841794028234705,0.01918775478097512,-0.016056580463360125,0.13376967105780666,-0.13183460810579456,-0.14129938875701586,-0.04158349412586701,-0.2341000476593697,-0.33966416339297695,0.27191845157946853,0.0689635706584859,0.10417412790294146,0.43270219371914287,-0.09213389043897519,0.06751805734856582,0.34893136588051843,-0.09055742954048039,-0.02549267295030007,0.22346830651915398,0.4130096197892808,0.3303321811796388,0.27305950017814423,-0.03800626512490919,-0.044822017703373636,-0.16299273078934096,-0.14365968433765045,-0.007964667286701185,-0.11978372825830452,-0.16918520986317598,-0.1935655223790817,0.021640130114706387,-0.10528972732362563,-0.15270756118213746,0.025842020757274993,-0.043702716584072515,-0.09378947514540735,-0.06710809422673829,-0.09087855189550105,-0.19562551765941597,-0.14285687845009878,-0.061539814082186964,-0.03202200659827779
#18,0.2062914995118385,-0.0033782627002965984,0.22602941924975822,0.044795643100727846,0.2826371826371826,1.0,0.18111948620423196,0.21075944974250058,-0.09980334726097438,0.06527112628807544,0.07385629080544334,0.33518834705275385,0.13648255343170598,0.013444569376772767,0.036379831295085534,-0.04160662974222296,0.24260932735509005,0.12047178148873064,0.01934183798590578,-0.07510931578728189,-0.10080882114780419,-0.2749663376782021,-0.018838869686327312,-0.05970238343119699,0.003015958948162338,-0.29207743953506665,-0.21668679465289634,-0.2726032658236048,0.5452629825511182,0.40209793769115804,0.3055548614870649,0.38995544080289846,-0.14802861413030904,0.14006903667920617,0.26518089738428724,-0.02340907934128273,0.13899276780632713,0.11805966212745873,-0.28051842289130424,-0.09990283041130499,0.2380233854810126,-0.05921977447401176,0.3179018772239111,0.2758991657296742,-0.16962108487532215,0.14235067116423047,-0.19162490687914416,-0.12242165123521055,-0.15059389127185738,-0.16489309031681912,-0.15766922546583564,-0.011198101028609504,-0.2906925415399992,-0.22473845185709593,-0.20527075611821374,-0.30564046326758193,-0.32137592137592136,-0.3086795578321002,-0.25827213962807183,-0.008977081858437791,-0.20800723682079614,-0.08877228538245488,0.2066644456474965,0.2881610423983305,-0.03283776843098877,-0.030265550604533654,0.11218923083329863,0.13387840845467963,0.00787397567058584,-0.0010952400782909258,0.28783205393374883,0.044425010526705444,-0.059384962774793285,-0.03619891077518196,-0.14658541438202455,-0.10398487856114975,-0.18439317591859966,-0.3037974800686665,0.4036110070008375,0.26612390510695594,0.13407043407043406,0.624148493640019,-0.4306704238907629,0.293927826131216,0.19132460657884387,0.06361091445837208,0.11059842585266313,0.3253196185399575,0.36151760389048526,0.2739863129693638,0.3578348764789443,0.33843612487680286,0.12240962071470546,-0.07922005210140803,0.02607198878385319,0.008455605065774557,-0.07615643378355243,-0.12406381728415626,-0.24825117875965333,-0.18353160556550388,-0.1181508164559012,0.2062743791557351,0.07449622195384907,-0.10545584104906139,-0.12396711040778838,-0.23115719725889217,-0.10799705714959952,-0.08405632134445694,-0.10812152676559456,-0.11096720757737707,-0.03704474890915569
#26,0.324369670132382,0.4240966698593817,0.21594830577881424,0.27003706325740223,0.10769768227395346,0.18111948620423196,1.0,0.3016500321585067,0.24306186001101254,0.5010929265166554,0.30804194024533005,0.24544529120800307,0.1667592091320905,0.15711674694725541,0.24137851256495324,0.2712859238282967,0.27815905273532393,-0.046478527834460034,0.08706163790909553,0.0214564333208401,0.12483145703484687,-0.09850914088202224,0.04207767089123021,0.08800325749478292,-0.25231009129314214,-0.18261821143177076,-0.1856702619414484,-0.0856341703799331,0.03883128120416256,-0.2052069018170713,-0.014070619155364918,0.0006279006279006279,-0.15756141349361688,-0.035186958915772476,-0.2586436976267485,-0.2285201997066404,-0.15405405405405406,-0.12134538236233151,-0.24932189508460695,-0.19732968716019564,-0.09909586011280927,-0.07468732214494926,0.01634392481850109,0.10775043147924504,-0.10607402471809252,0.07733264851908919,-0.2020391732256139,-0.11607832794273472,-0.22955482447007872,-0.15124492751611396,-0.11065210048260896,-0.03328058412804175,-0.08809441182322539,-0.14739932536542705,-0.15153736170685322,-0.17236589439979272,-0.163657185691084,-0.11403822929246658,-0.18050454152149067,-0.0725764285086319,0.09953821309753513,-0.012163318942979959,0.033304182456724826,0.19162629501612552,0.05446494260053582,0.11705557637761027,0.23643905847295676,0.5156521698894581,0.10596806359518224,-0.004272222916290713,0.3034971797683662,0.1604024671821282,0.08443250646640477,-0.10758061605519233,-0.3618961025740687,-0.051464253159168416,-0.22901483918433072,-0.11117496541225355,0.2311655260807803,0.21231046146300384,-0.014354261811888931,0.1358250392148697,-0.0556050657745573,0.08089183173928936,-0.053483992467043315,0.14223175409616087,-0.009146897282490503,0.03168283846249948,0.0031705048654201195,0.08279728110236585,-0.06221259780581814,0.00482285058556245,-0.1544043272856832,0.11733320377388173,-0.07605556249624046,0.004243072039682209,-0.00032251049200201744,-0.06230652840822332,-0.1997316268502709,-0.018864318864318864,-0.07678109542516322,0.07905902821157058,-0.23966601424228542,-0.09034088017138865,-0.18581416547518242,-0.10099390607865184,-0.12699787615041852,-0.16961183062877977,0.18064937047987895,0.24424686628076459,0.09426745697932139
#49,0.6999509524933254,0.37564606208674006,0.29071475173170086,0.44428018156831717,0.04518154518154518,0.21075944974250058,0.3016500321585067,1.0,0.4740362859006927,0.5408598120462528,0.5254750898818695,0.4317614995581097,0.41953016190304326,0.08936039275022326,0.35447974939500365,0.18808330672737453,0.4070919918377546,-0.07493163425366815,0.2616272667120125,-0.007843899369323098,0.26632703581856126,-0.03370581675666422,0.35784181716385105,0.04049704558179135,0.1598865429373904,-0.45709037234460964,-0.18064705691824337,-0.3556925184043828,0.27635863907050345,-0.15789456636914265,-0.1253820847041186,-0.11749700393768191,-0.38992258822767295,-0.4011452130096198,-0.3460412646853325,-0.4297251026064585,-0.3307777731506545,-0.3843145148229894,-0.3488938861820218,-0.600982800982801,-0.1253427541563135,-0.22493464188379442,-0.05059389127185737,0.023800071257698376,-0.22423548355751746,-0.043744823405840357,-0.5577048543150238,-0.525756418976758,-0.47275179648061005,-0.40434857045026534,-0.11244464803786838,-0.04594455780896459,0.13103828019082256,-0.010866799002392223,0.19264935197138586,-0.11708842895283574,-0.02355344558734389,-0.2440539152403559,-0.4269659489998473,-0.4106942073043768,-0.02340398950568442,-0.23803587871384482,-0.1442792561436629,0.19677119338136287,0.17178611585391246,0.11518714400070332,0.2807215536029095,0.35887088937936396,0.3522702980330099,-0.04548554718046244,0.4122341139290292,0.17119662034916272,0.22340260136870307,-0.27980399505823234,-0.25656797012729216,-0.03945686827042759,-0.3370230014297811,-0.3547481225447327,0.3383093416991722,0.16415552686739127,0.20320798456391675,0.008012789368721572,0.05864138406511288,0.3850312562176969,0.04651785838226516,0.08099779286219964,-0.25542229440534525,0.18373843797572612,-0.12254658356353272,-0.034632629547883785,-0.13142140599767718,-0.0920519903570751,-0.28007468176959704,0.09087947732015529,-0.3120143255736476,0.09636308110884383,-0.24865142492261136,-0.13851386054775885,-0.32882836611650174,-0.301352045419842,-0.16584720313533874,0.054292813614847515,-0.2676152269372608,-0.29854153074492057,-0.41757612774561925,-0.3713743018827765,-0.3839258364682093,-0.254923953229038,-0.07792538301012877,0.24039062174655396,-0.1256680409222782
#50,0.3204588255435713,0.5268123285072438,0.07937135903237598,0.30018832391713746,-0.04531249277011989,-0.09980334726097438,0.24306186001101254,0.4740362859006927,1.0,0.5643785542090627,0.4509039085310272,0.23445263445263445,0.32247440044050213,0.2963653946704794,0.44267965962881217,0.22331052161560636,0.033705354044337096,-0.27273051171356255,0.22995044350976554,0.007513522767760056,0.3096891961298741,0.06720156211681635,0.2877557063997742,0.11302303844676725,0.009453212843043351,-0.15532234854268753,-0.20952123155512986,-0.1885404665065682,0.04754693059777806,-0.2320877117487287,-0.1718254464017176,-0.11474803000226728,-0.21438156183918897,-0.25161047025453803,-0.2605038011817673,-0.2623981454489929,-0.11728554440418847,-0.1146804740025079,-0.21579375986155647,-0.3346284651369397,-0.08549304312016176,0.0028179180721553602,0.07470212893941708,0.1339811305913001,-0.03052605764470171,0.09904126005820921,-0.4112244756312553,-0.387242095716672,-0.5241373885441682,-0.35528162985790107,-0.11083255829018542,-0.1410944071961021,0.13588704266670368,0.02055044258434089,0.23362391667476412,0.1290435273486121,-0.1019808714723969,0.028368892775672436,-0.28548795328456344,-0.34821971432140925,0.02318188758866725,-0.18898281949129406,-0.08797318119352018,0.07415566568108942,-0.027598476751019126,-0.05324800918021257,0.17648634767278834,0.2651128786722007,0.28331829518270196,-0.028199077351619726,0.17453694063863556,0.08327248666231717,0.13450075653465485,-0.3503528181494283,-0.25380048769879276,-0.14746595594053222,-0.18387910252317033,-0.13828666879514337,0.15282138841460877,0.025422803388905083,0.059683874938112225,-0.13410791376893072,0.25807918858766316,0.15523258235122642,0.002452375333731266,-0.019998889490414916,-0.27256023357718273,0.15246047279945585,-0.05038058088905546,-0.0015366676383625536,-0.077475626628169,-0.27284572708301524,-0.1992707653724603,0.08527880731270562,-0.21648875377688936,-0.034243951193103736,-0.1966411712174424,-0.16198725690251115,-0.27811833405053743,-0.29015394439123254,-0.21969720105313326,-0.09487499826482877,-0.17073205717273515,-0.15496606005080582,-0.25013580606800945,-0.25773493061628655,-0.29183312742634776,-0.1769883905477126,-0.17462161699449835,0.15368018249374182,-0.0971955005853311
#51,0.5380900160561177,0.6501557026980755,0.423033356931662,0.6057482752398007,-0.006438179319535252,0.06527112628807544,0.5010929265166554,0.5408598120462528,0.5643785542090627,1.0,0.4644465729211492,0.1954038784547259,0.27793833895528813,0.16306769018633424,0.3240897291744749,0.3060110958416043,0.4063039927446707,0.010234733963547522,0.10210117667744786,-0.11699820004904751,0.19360948005015802,-0.03401722215281537,0.28508215457368,0.1657740945876539,-0.006472420031742066,-0.14822063974606348,-0.17296464415108484,-0.20464331820264023,0.1212722738146467,-0.2616443870681159,-0.07778240490104897,-0.03202663372154898,-0.31411966666203955,-0.13400148993369332,-0.40601340940323993,-0.39166099844065944,-0.2770610363830703,-0.18648787462346783,-0.12752814447729702,-0.29004104258341545,-0.0842201215082571,-0.10464933346289279,-0.12713946612251698,0.025101681033884424,-0.16559317406775034,0.04161634670109246,-0.349757307384426,-0.3240212477500613,-0.45026952993054686,-0.34941443755003077,-0.181822808941453,-0.14303224642207693,0.08207082274878885,0.06416154212764383,0.04348894348894349,-0.005856087212019415,-0.09941513161852145,-0.18899392458714492,-0.3168621626248745,-0.324035591832202,0.1676073608276998,-0.14342462647547394,-0.19749903987192122,0.10553403943234452,0.19760407557017726,0.08224757885774835,0.1388104591494422,0.34196245552177756,0.11641148081826048,-0.07913722659485371,0.3143760092912635,0.15761925253450676,0.05117366981773761,-0.13971043462568886,-0.3006570515045091,-0.053266517673297334,-0.2404304150066862,-0.153234127810399,0.1934419781877409,0.21841271163305062,-0.016001054984105832,-0.08424510797392153,0.1285183488573319,0.1301836505226336,0.01043786467515281,0.12118204491085847,-0.14536570468773857,0.09357385120096985,-0.10688886112614926,-0.1287848711577525,-0.1236214642994304,-0.09156151529032885,-0.3369142640329081,0.20590744828032964,-0.23411948157710868,0.17315620705451215,0.07312520532859516,0.0077296094245246786,-0.1385009046025995,-0.192824719943364,-0.09264888925905874,0.1500303076574263,-0.14016065371997574,-0.13886182021775242,-0.2317559470101843,-0.22135556203352813,-0.2209187615967277,-0.15920034055627275,0.04854685193668244,0.31617688566841107,-0.0023811176353549235
#52,0.4677036049917406,0.434283744453236,0.1627757187079221,0.27610784898920493,0.08396285345437887,0.07385629080544334,0.30804194024533005,0.5254750898818695,0.4509039085310272,0.4644465729211492,1.0,0.3115539268081641,0.32540475760814747,0.15737632856276923,0.15094046280486959,0.3019581985683681,0.13695220644373188,-0.0471823132840082,0.17310021886293073,0.18764373001661136,0.10742930912422438,0.21044711892169518,0.06544603154772646,0.09565698209766006,0.0011799164341537223,-0.20252409574443472,-0.2622736758329979,-0.1838379211260567,0.21219524609355117,-0.11645266221537408,-0.19253182304029762,-0.09380381922754805,-0.22432478703665143,-0.20086851103800257,-0.2333083468676689,-0.12524280829365575,-0.15031533845093167,-0.059793537759639456,-0.25813887847786154,-0.33716921852515075,0.0031501455230268788,0.015858539587353147,0.10486588283198453,0.2006778735592295,-0.10360452902825784,0.1303053438646659,-0.42401523248980877,-0.34621987164360046,-0.3935220274203325,-0.21685429651531346,-0.021305589102199273,-0.008142811532642041,-0.00325842020757275,0.03701374718323871,-0.03514670294331311,0.06366181281435519,-0.2220061355654576,-0.04988038886343971,-0.18634952363765922,-0.12215697978409842,-0.06515637363094991,-0.1805609924253992,-0.08144384754554246,0.012781039899683967,0.16817973597634614,0.087859816673376,0.1670067602270992,0.24911413724973047,0.1961058130549656,0.08917669595635698,0.2634984753628821,0.24430886973259855,0.07291420850742884,-0.13738484246958824,-0.293030626928932,-0.15298796485237162,-0.369616457752051,-0.2487828352235132,0.21301563504953336,0.17770004210682178,0.18192969548901752,0.08262237584271483,0.1275660868881208,0.2706589486250503,-0.06804693753846296,-0.0018129068976526603,-0.2228103295899906,0.17681764969900562,0.08675347149923421,0.09110851992207925,0.13489776371132303,0.018104082510862173,-0.10484737433889976,0.06069999120846579,-0.1513041546939852,0.001122540105590953,0.03641453471961947,-0.19435074519820283,-0.3234710827931167,-0.16834770055109038,-0.24144190415376857,0.00848521865471018,-0.1716417496078513,-0.19640241165664896,-0.34242563056122377,-0.26318475640509537,-0.35150635998093627,-0.2706510825154893,-0.011922245820550905,0.20041875465604278,-0.030301179453721825
#53,0.25760305760305763,0.125546810292573,0.18623569640518792,0.14024070295256735,0.15198110282856045,0.33518834705275385,0.24544529120800307,0.4317614995581097,0.23445263445263445,0.1954038784547259,0.3115539268081641,1.0,0.591573545810834,0.3725796674949217,0.1639454554708792,-0.07154643086846477,0.2782687155568512,-0.07450038636479314,0.10703924263246298,-0.0983846712660272,-0.014529167071539954,-0.3125681922292092,-0.013172957240753852,-0.1300096706876368,-0.17547439581337887,-0.3286034879255218,-0.1692055692055692,-0.26383255366306213,0.3859978622690487,0.23936849021594783,0.1344008106719971,-0.029754253483067043,-0.0020525918831003575,-0.19463623870403532,0.12864420661030831,-0.15423867627257457,0.09677258151834423,-0.0814012780114475,-0.4116598879310744,-0.3481123650615176,-0.11608573133996863,-0.1492478611122679,-0.035763035763035765,0.09524100371557999,-0.2644997848387679,-0.03840142145226891,-0.1919936886038581,-0.12602479212648704,-0.2265541350287113,-0.0660572745318508,-0.05609230185501372,0.029913426523596014,-0.12341463188920816,-0.35562033528135223,-0.11617179583281279,-0.3061249230740756,-0.16159580227376838,-0.14931402897504592,-0.24762975610433238,-0.19181554435791723,-0.08349042416839027,-0.11322524373371831,0.3762892322214356,0.35793806132789185,-0.05795101727305117,-0.08861727675286997,0.5562260257175511,0.3632772988705192,0.28866354798558186,0.15399621501316416,0.4049986812698677,0.15547365547365546,0.25593497966379325,-0.14410250003470343,0.0005335073131683301,-0.09354331218737999,-0.08466432534229144,-0.26786092718296106,0.4717597412512667,0.11978974351855708,0.341082376675597,0.1758607606065233,-0.1707602826246894,0.6751491090474141,0.19705205976392418,0.29225650920566176,-0.08848031390404272,0.23491257050579084,0.020147882859747265,0.013738854416820519,0.009053429392412443,0.30042245635465975,0.015903885395410818,0.08157525784644429,-0.028769138938630465,-0.1750829411846361,-0.3100982338270474,-0.07899517391042815,-0.23917831544950188,-0.061042861042861045,-0.05080627623000504,0.30388770897245476,-0.0931028100519626,-0.031033190355224255,-0.08070073154818917,-0.007531105836190582,0.013267813267813268,0.012486754859636216,-0.037327003428698345,-0.026613824918909665,-0.23791742435810231
#54,0.141035642730558,0.24076403059453907,0.34783751393920886,0.25397909465706076,0.05028757571130452,0.13648255343170598,0.1667592091320905,0.41953016190304326,0.32247440044050213,0.27793833895528813,0.32540475760814747,0.591573545810834,1.0,0.2647181850571681,0.12726069675222218,-0.01800691292216716,0.2432131669419805,0.1752814447729702,0.025670354483913804,-0.26433876094893044,-0.05356080271334509,-0.2548129022705294,0.14623005131479708,-0.0620807247925892,-0.02425491747525646,-0.13590971557073253,-0.12354557947778287,-0.2538328775616911,0.45762110338381523,0.25547273004900123,0.07359809732691089,-0.03311539582726023,0.00888407668068685,-0.23701744888185566,-0.1529333647977716,-0.15507849914629576,-0.20266105859326197,-0.20518931874864077,-0.4574429591378744,-0.37970312377092036,-0.010484135907864721,-0.005022742310877904,0.015978382080076996,0.01718652396618498,-0.3067680932087712,-0.14931217812573744,-0.30987196749908613,-0.2852848225729582,-0.3335841234146319,-0.18287270321168625,0.008452828791811843,0.1380354160015177,0.11512791682283208,-0.1438549489396947,-0.06370438234845015,-0.22136759255403324,-0.06879699422072304,-0.23080275961631894,-0.346824173942818,-0.3419249758232809,-0.09885987682597852,-0.22765446494260053,0.1148840674264403,0.22872471855522702,0.10478953529800987,-0.19881869542886493,0.3600077735670956,0.26516192617887535,0.20061633281972266,-0.012025430669498465,0.34937371886524426,0.26337400574688713,0.31664838952974544,-0.29017106474733595,-0.11336452014418116,-0.17698144986280578,-0.02890610178745772,-0.18879403286182947,0.23722983384000332,0.11082469218062438,0.5544015510117205,0.14313450584637025,0.24558040320752186,0.5364140720072923,-0.1404961201571371,0.21068171407154457,-0.19622010299976403,0.41807770790821636,0.150367162231569,0.18100334541012508,0.012231337655066468,0.09423275355478745,-0.0571986470291555,0.0765529782478935,-0.09406849067866017,0.0629427578580121,-0.1694859728758034,0.06732695715746563,-0.05968202408880375,0.00821545736799974,0.0807886468903418,0.3245797415288941,0.18622181503537436,-0.11402851233359708,0.015531401972079938,-0.07414317244825719,-0.03491118236880949,-0.060413572277979055,0.09584021617919923,-0.06219594016204186,-0.3776334115317166
#58,-0.021703058991194586,0.14289297001161408,-0.05637918349782756,0.0022473937728175017,0.02959970756580926,0.013444569376772767,0.15711674694725541,0.08936039275022326,0.2963653946704794,0.16306769018633424,0.15737632856276923,0.3725796674949217,0.2647181850571681,1.0,0.18906842127181112,-0.025211343855411652,0.053402092385143235,-0.19003549003549003,0.1297847924966569,-0.11907624111013941,0.08600526566628261,-0.11477116561862324,0.06915235728795051,-0.1452014418116113,-0.12066750880310202,-0.09186690542622745,-0.030051777509404628,-0.07419083181795046,0.0660910525317305,0.03679349611553001,-0.030104989427023325,-0.150553635299398,0.021609591101116526,-0.13109611923171247,0.011936127190364479,-0.10083149405183303,0.18644854407566272,0.03012396063243521,-0.078240952817224,-0.09542979034504458,-0.1029229537704114,-0.11210039006649176,0.014192775209724362,-0.0965102236288677,0.06897745202829948,-0.061559710712253086,-0.028513259021733597,-0.01765386341657528,-0.20366514434311045,-0.11807955875752486,-0.10788970788970789,-0.1965055965055965,-0.04402985419934573,-0.2174798835815785,0.042689376587681675,-0.10655524553829639,0.04662752120379239,-0.08018573272810561,-0.16368263486907556,-0.24373094203602677,0.07776667268192691,0.06540670099992134,0.3553029146249485,0.25488878709217694,-0.04470078707366843,-0.1972079938181633,0.5100329913889236,0.3220667508803102,0.30104989427023326,0.2990306176746855,0.24638228367041926,0.17148165114266808,0.18403040945413826,-0.03763146813994272,0.07228029261927567,-0.04167418574198235,0.10647010647010648,-0.13820847041186024,0.2699875530384005,-0.04578862375472545,0.04809015486981589,0.04959859705622417,0.10761439405507202,0.21784126190905853,0.1662659577913815,0.05870523836625532,-0.17118829152727458,0.017056501802264513,0.012412720887297158,-0.017781109306533035,-0.0594798188018527,-0.07281194908313553,-0.1920658717268887,-0.0209284785555972,-0.20001341865748645,-0.04086351374486968,-0.2410846902372326,-0.009877520047011572,-0.15673547198970927,-0.030951752985651292,-0.10212246144449534,0.06556679946510455,-0.12334383690315893,0.030372899864425287,0.021832618442787933,0.014626336660234966,0.03529615902497259,0.11975365195704178,0.14005746887102818,0.024111476653849537,-0.0957740483164212
#101,0.12045095943401028,0.16747317425283528,-0.12102611085661934,0.0696511611765849,0.0585159890244636,0.036379831295085534,0.24137851256495324,0.35447974939500365,0.44267965962881217,0.3240897291744749,0.15094046280486959,0.1639454554708792,0.12726069675222218,0.18906842127181112,1.0,0.37348380738211245,0.045012192469819585,-0.40881883424256305,0.6599827871014312,0.06721127907568586,0.5072886445767801,0.10507734236547796,0.41568687331399196,-0.03570473400981876,0.0989491803051125,-0.320337132201539,-0.28598999615948767,-0.44566970668665584,0.28636618128143554,-0.20994276248513535,-0.41435009740094486,-0.3033690084537542,-0.4358851918173952,-0.41818043004483685,-0.09004659513134089,-0.19464410481359634,0.17935562681325393,-0.21531809158927803,-0.16230976739451317,-0.41535973569871876,0.03688742671793519,0.030764354493168052,0.29277243345039955,0.20259951785375513,-0.006944849317730674,0.0543312187379984,-0.5301859640842692,-0.5008449127093195,-0.5696784612038849,-0.47939819634734887,-0.2881869542886492,-0.30707024435837993,0.18203380576261932,0.05504287029710758,0.5434533146397553,0.21610516525770762,-0.04005978243266379,0.08907489924439077,-0.3565610294423854,-0.5522416098687285,-0.19348501043416297,-0.3206924952687665,0.1112198485079841,0.21308596732325547,-0.2413993346196736,-0.17856577687086161,0.2756946468810876,0.15821291245020058,0.6239041815313002,0.2724936030020776,0.17617401685198295,0.1959771790280265,0.3554620876654775,-0.3662710476269798,-0.10105544681815869,-0.19408514832243645,-0.24992295839753467,-0.27198878385319064,0.45924568636433044,0.1189596376037054,0.05798433256060375,-0.042987826038673495,0.06308851224105462,0.14533192668785888,0.013589861047488166,-0.18434274027494366,-0.2652581703429161,0.04463647006019887,-0.012838416228246738,-0.09377513106326665,-0.15408736934160663,-0.3713594950883086,-0.23505786217650623,-0.1456789609331982,-0.1781002882697798,0.01486740978266402,-0.36268410166715254,-0.39864980542946643,-0.44866854527871475,-0.3463480429582125,-0.30760236353456694,-0.29541683439988525,-0.35470000046271233,-0.4125524600100871,-0.45997723455350575,-0.4157511903274615,-0.4314334365181823,-0.376139313427449,-0.13708685573092352,0.18855527330103602,0.023402138656375946
#102,0.2399080127893687,0.3102518543196509,0.12437290911867183,0.1788757941300314,0.0012974453652419755,-0.04160662974222296,0.2712859238282967,0.18808330672737453,0.22331052161560636,0.3060110958416043,0.3019581985683681,-0.07154643086846477,-0.01800691292216716,-0.025211343855411652,0.37348380738211245,1.0,0.10847179999722373,-0.04039247259586243,0.3923152736712059,0.4636983670881976,0.1710994507604677,0.40222749714275136,0.11724806470569182,0.18086684527362493,0.029391024306278542,0.01730729188356307,-0.37207901275697886,-0.12395831887357311,0.08599601141974024,-0.08389529745461949,-0.2629455341319748,-0.2710504032537931,-0.3076292008495398,-0.19870070378544955,-0.234959767163157,0.06443593053762545,-0.09409949240457716,-0.030406215151977865,-0.19840734417005604,-0.2092773821587381,0.1518492298153315,0.23895667624481184,0.08457918627410153,0.22650416209738244,-0.21521953386360165,0.11319424200780133,-0.4331153958272602,-0.393690917419731,-0.39185672575503083,-0.37574091811379945,-0.4023103226493057,-0.25051661831322847,-0.12212505263352721,0.11624444166817048,0.006194792635470602,0.3224827292623903,-0.3185755863721965,0.17019901257189393,-0.08355196490789711,-0.2820069684476464,-0.08069564171259086,-0.11350102028068129,-0.21486093181008437,0.07878649065089743,0.1945973708685573,0.17727851117681626,0.12732270020405614,0.11315259789836062,0.4192460565341921,0.428895459403934,0.181597468038146,0.3693943558350338,0.16308434783011055,-0.1637344586497129,-0.2496333004807581,-0.06923749635614042,-0.3030080928386013,-0.24191803513837412,0.18017647848156323,0.3096313570889842,-0.0393384139146851,0.004171351628978748,0.13060009161704078,-0.08049667541192965,-0.05239245408736934,-0.15259882378526446,-0.11798794171675528,0.0443949342254427,0.20567285313048025,-0.01618799076426195,-0.010983865221153357,-0.2618558466016093,-0.12163874197772503,0.0022219445948259507,-0.07140299004705784,0.1480151954728226,0.10833807613468631,-0.2022399903755836,-0.3021266258554394,-0.23041454397386602,-0.2354826320928016,-0.15857521620233483,-0.19033208863717338,-0.24195320127523517,-0.35190059088364173,-0.26533960771248905,-0.38554162791450924,-0.3522527149645794,0.043515318091589275,0.17174215818283614,0.07138586969095444
#201,0.4247148535284129,0.2475237949814221,0.6755183534844552,0.37485436129503924,0.03437721234331404,0.24260932735509005,0.27815905273532393,0.4070919918377546,0.033705354044337096,0.4063039927446707,0.13695220644373188,0.2782687155568512,0.2432131669419805,0.053402092385143235,0.045012192469819585,0.10847179999722373,1.0,0.47361012784741596,-0.12926377841632078,-0.2258642309489767,-0.07837421396743431,-0.19414206193867212,0.18949550474974203,-0.007439951507748118,0.2258272139628072,-0.21713701374718325,0.10360637987756632,-0.15450427314834095,0.21106622801538055,-0.07076537246028772,0.3599596514850752,0.05437332555976624,0.10914134473456508,-0.13987423478948902,-0.23728165762064068,-0.2421035827815489,-0.23674537403350962,-0.33422729354932745,-0.1027147332232078,-0.27528329562227866,-0.11052300374334273,-0.1543534289297001,-0.2610150983032339,-0.1749473664727902,-0.273983073983074,-0.26248374722950996,-0.05075028803842363,-0.08281069975985231,0.0011577062424520052,-0.09871504786759024,0.0439516558160626,0.1364543279797517,0.14224609817830156,0.02738331551890874,-0.11873846111134247,-0.18185751236598693,-0.06389825881351305,-0.4289940171296103,-0.19369323098136657,-0.1658726523133303,0.08573874336586201,0.012631583818024495,-0.1387794574235252,0.18020794291980732,0.297715589241013,0.09937487564606208,0.13500650110819604,0.3579274189443681,0.056264430840702026,-0.10816224545038104,0.4317485436129504,0.2886515174650768,0.08413220616610446,0.08439965389117932,-0.16516794143912789,-0.03183507081812167,-0.055171504324046695,-0.12544964070387798,0.26833289375662256,0.2200062928876488,0.04147892113993809,0.05988006496481073,0.07638778994711198,0.14495389071660258,0.12785898379118718,0.12647501122077393,-0.04500247551095009,-0.008891942790247876,-0.13945177843482928,-0.17096248791164045,-0.2352582166141488,0.001902673089113767,-0.32359879139540154,0.03546042190109987,-0.19266786046447062,0.4747400713502408,0.11593349898434645,0.5050824322010763,0.1315602196958129,0.22173082173082173,0.2730419171097137,0.59334897300999,0.11783478393647885,0.20318068453661675,0.1759616318938353,0.23226816955630514,0.19863083422405456,0.0731335341504833,-0.018967966425593546,0.06562001138272325,-0.057258799631680984
