,#10,#11,#12,#13,#17,#18,#26,#49,#50,#51,#52,#53,#54,#58,#101,#102,#201,#202,#301,#302,#401,#402,#501,#502,#601,#602,#701,#702,#801,#802,#901,#902,#1001,#1002,#1101,#1102,#1201,#1202,#1301,#1302,#1401,#1402,#1501,#1502,#1601,#1602,#1701,#1702,#1801,#1802,#1901,#1902,#2001,#2002,#2101,#2102,#2201,#2202,#2301,#2302,#2401,#2402,#2501,#2502,#2601,#2602,#2701,#2702,#2801,#2802,#2901,#2902,#3001,#3002,#3101,#3102,#3201,#3202,#3301,#3302,#3401,#3402,#3455,#3501,#3502,#3601,#3602,#3701,#3702,#3801,#3802,#3901,#3902,#4001,#4002,#4101,#4102,#4201,#4202,#4301,#4302,#4401,#4402,#4501,#4502,#4601,#4602,#4701,#4702,#4801,#4802
#10,1.0,0.3317925012840267,0.2445499428550276,0.6064927793741353,0.17405479439377744,0.300493251340709,0.23824548739802978,0.6340648815225086,0.42968577205865344,0.5317304978321927,0.32780993628451255,-0.05791955283480707,0.2093574313913297,-0.18191118699593276,0.03893539147776436,-0.0019979918285003033,0.26362896023912974,0.2114400995756928,0.2886413377938802,0.1218659337303405,0.1224322936187343,0.04727855744804897,0.011861167793371184,0.100244774821046,-0.08566933651679415,-0.05791353757455452,-0.009053429392412443,0.013931342744902066,0.10269483659314167,0.06356834492427713,-0.2879690167825761,-0.09887329548346498,-0.34105230037433426,-0.21966527390256205,-0.11919423275355479,-0.08787832516646076,-0.2618799076426195,0.014782733426801224,-0.3007074871481651,-0.22293063479504158,-0.24408954408954409,0.00453272995645877,-0.15363992652128244,0.01336035573323709,-0.13950869205106492,0.13456183456183457,-0.2001619493144917,-0.09964509964509964,-0.28420670285077065,-0.17793001013339996,-0.07169449881314288,-0.027148257656732233,-0.1474779864610373,-0.06391954358056053,-0.09213111416501248,-0.1391394476140239,-0.1986123257309698,-0.11296797567984009,-0.2833636409907596,-0.1584118787508618,0.2586196365857383,0.0013326115021030276,0.1905620566637516,-0.03970812106405327,0.24926405604371707,-0.028323084255287644,-0.08470735758871352,-0.02854333532299634,0.2595529273495375,0.09553066163235654,0.33712618627872865,0.09447937922514194,0.2828454031843862,0.06338279728110237,0.012669988941175383,-0.1033879796591661,-0.12936048529268868,-0.4167566642142913,0.13755928501691214,0.16123442394628834,-0.1774635961076639,-0.06673884978969724,0.009015949693915795,-0.0971228547499734,0.00818491835440988,-0.0580315292179699,-0.20404595658832947,-0.22621635502991436,-0.06384874859451131,0.00654275230546417,-0.22861135403508284,-0.14673579588833827,0.011985637409366224,-0.04088248495028156,0.08898929746387374,0.010618322482729262,0.2448604228265245,-0.08252566896634693,0.006489540387845473,-0.21952831105373477,-0.0656746114373233,0.021863620168704915,0.18119629645053373,-0.14934179171467307,-0.05143278872092431,-0.13098182928691404,0.004529028257841817,0.1987867682782937,-0.1646501663450816,0.12625707371470082,0.08693439201913779
#11,0.3317925012840267,1.0,0.349737873466687,0.2593465576516424,0.0201923032431507,0.07558776033352305,0.34698704868196395,0.25950989510311545,0.511662664205037,0.5052027374061272,0.10894793098182928,0.27016292101037864,0.05763914916457289,0.05958809348639857,0.1261737854958194,0.2463374005746887,0.26539096878079926,0.2617105549308939,0.059336840692772896,-0.014712863865406238,-0.04776810709014099,-0.03255181221282916,0.08872231245112601,0.04942369179657315,0.07677646830189203,0.11721012229486806,0.03251710878829523,0.0759278538939556,0.14793653437721235,0.07064599267989098,0.023250369013080877,-0.036301170199475284,0.04082372048473743,0.1276146716824683,0.0743685133515642,-0.0637515790058163,0.023514577751865887,-0.06200345183396031,0.04838258906055516,-0.014508345016819593,0.0933498984346442,0.14456891406043948,0.07440599305006085,-0.008043791094638552,-0.054243303395845766,0.056680409222782106,-0.14524077235941643,-0.0771947602456077,-0.08818325259003225,-0.1597343105817682,-0.17903589259521463,-0.037525044304705324,-0.10568025652771415,0.07069874188518256,-0.21617873651771957,0.04650860413572278,-0.2771003669308754,-0.20009300517775094,-0.003383815248222028,-0.12141386378674514,0.09836662548526956,0.07522730743069726,-0.03303349574536015,0.19863870033361558,0.12341463188920816,0.05882230458501645,0.1764410018647307,0.16752129633485566,0.13976410925563468,0.1463614616156989,0.12761189540850557,0.14109718347006484,-0.16979090029937488,0.010946385522656709,-0.21388507151219016,-0.1534784399191179,-0.16033953830564,-0.1648023987007038,-0.10711188846782067,0.05641943947028693,0.09561950239916342,0.057031607879065506,0.22106960581536853,0.15322764983781934,0.012130003655427385,-0.21126658245302313,-0.19133432353771337,-0.01114766538495352,0.2846305473424117,-0.10200354437642573,-0.0024343295529736207,-0.18786953363224548,-0.1682704275924615,-0.29740788554347874,-0.2867479189513088,0.1552608078031807,0.23290347358143967,0.19333647977715773,0.20440178236788406,0.018962413877668116,0.062027050162643385,0.19735976346145837,-0.05023760277997566,0.16535395179462975,0.15923643211778804,0.015615152903288496,0.08317346622431368,0.0659628812171185,-0.2742713437628692,0.024174405530337735,-0.011093990755007704
#12,0.2445499428550276,0.349737873466687,1.0,0.5496809598504514,0.13064867641138828,0.25909761841965234,0.3180716926479638,0.14470911589555657,0.2052240221731747,0.3406793542386763,-0.10376277664413258,0.1662479120106239,-0.0006403938607328438,0.23203079813249305,-0.15864323491442137,0.1682005580310665,0.4941503907605603,0.7167603659129083,-0.2766048020285308,-0.07572426047002319,-0.2120795680117714,0.23329770448414516,0.18530842090164124,0.2838573550437957,0.0025402906758838963,0.12772387179166841,-0.1608554625503778,0.19311160158617785,0.00456928423030118,0.12422993100959202,0.3309355580542021,0.10179532382922213,0.20523235099506287,0.16110578991934923,-0.1320395896667083,-0.12804777042065177,-0.1827496217326726,-0.3276540022302734,0.06715714173341292,0.049266832317679775,0.037016523457201425,-0.046546546546546545,-0.08638098807590333,-0.17652429008361212,-0.07171208188157341,0.11823410467478264,-0.2754563500326212,0.021718328497989516,-0.09415270432219584,-0.025005899582170768,0.16420318623708455,0.3399459552001925,0.22767945140826495,0.41520889148007795,-0.028181956995516316,0.01992855721669281,-0.3616082955066006,-0.24489003641546014,0.044982578880883965,0.060907749043342264,0.21260058209210753,0.14699260122988936,-0.024411314241822718,0.1787855652262432,0.10260877210029752,0.23382380840007957,0.086818713937358,0.12691088623292013,0.10115724353012488,0.11117311456294507,0.5291332935400732,0.4506915235728795,-0.08227996872064669,0.3208484293230056,-0.36461407478356633,-0.14203834034342508,-0.1876566859617707,-0.024380312515905736,0.14943757316638673,0.2567044702637923,-0.005844519403841438,0.07108742023996262,0.20317420656403706,0.06250086758561335,0.13290763799238375,0.006789377975818653,-0.08090895209539277,-0.15187236543168747,0.18263949619881822,-0.20908165484436672,0.05935349833654918,-0.1835561293188412,0.06162819213666671,-0.15135921746091238,-0.30023135616355956,0.376624698658597,0.32182058792228285,0.5352137962307454,0.5395743972015159,0.3618789822179653,0.5066699981954219,0.47561506036082307,-0.07847832424103611,0.38727494829189746,0.46042097567521295,0.35819255310780734,0.35517057889939246,0.19717930565388192,-0.01055678174322242,0.1870486819639362,-0.06885020613834174
#13,0.6064927793741353,0.2593465576516424,0.5496809598504514,1.0,0.13218534404975082,0.21955144667009074,0.32498091311650634,0.38979534233771523,0.27415242669479956,0.5415821059888857,0.11807261807261807,0.0890244636007348,0.13146813994271622,0.009276919446410972,0.050078892451773806,-0.05869459598273158,0.403787763109797,0.3296630991546246,0.03764025967415798,0.006008319567641602,0.02230689857808502,0.04560862865947612,0.1152639542470051,0.06510454985031257,0.016078327942734724,0.030151723372062355,-0.030229459043018363,0.19062406011558555,0.1267965962881217,0.11273939579024325,0.048368707690741586,0.10419078554671775,-0.10683703734551192,-0.0023764905120837324,-0.014269585456026135,-0.04604311553464096,-0.14155711952322123,-0.05408505577997103,-0.12853408107645395,-0.10277673667504177,-0.09178685619363586,-0.023605269367981234,-0.026897467575433678,-0.04627863610914458,-0.09826297792399487,0.10509723899554409,-0.16224221139475375,0.02840868603580468,-0.2749908614315394,-0.151035318831929,0.04964348015195473,0.12176043531975736,-0.02393286969558156,0.0909789604704859,-0.1162305602983569,-0.06967799849155781,-0.27636326619377466,-0.17904422141710277,-0.18160533414770702,-0.13334628927849268,0.18025513957717348,-0.019841567299194417,0.15110380025634262,0.0421790048908693,0.1485315824298875,0.06468116807099858,0.015667439396252956,0.06528176867159918,0.23323385018300272,0.060136870306361834,0.3026319077166535,0.1954348801806429,0.11467769772854519,0.17750107580616056,-0.13508423677915204,-0.1586733112156841,-0.08849049357523933,-0.32404854777736136,0.17166164623791744,0.17179814637441757,-0.1083112388197134,-0.04031242336327082,0.09452657588250808,-0.0897583253515457,0.027152884780003425,-0.05336137370035675,-0.24381052855629126,-0.074678530610734,0.012378480175090344,0.01186348135500678,0.025013302979404673,-0.18810227793278642,0.05512153139271783,-0.1762508270982847,-0.1097863657185691,0.11459024509871968,0.2944358842663927,0.18233549419990097,0.2509793306403476,0.04671404840896366,0.17797813221542036,0.11595987358699224,0.03900942545010341,0.028692328692328694,0.13497735023158752,0.04116057505888014,0.1650374565628803,0.16587404045031165,-0.19302229810704388,0.07799849155781359,-0.047041186024236875
#17,0.17405479439377744,0.0201923032431507,0.13064867641138828,0.13218534404975082,1.0,0.3182137453323894,-0.057353192946413285,-0.0915480966328424,0.2052841747757002,0.08177746313339533,0.09934063493385527,0.0816747409967749,0.39124964718185057,0.14166400607078572,-0.06723857910298588,-0.10096197892808062,0.046135195287737664,0.06331986840461416,-0.1375292087156494,-0.06609660507965592,-0.27672834621987163,-0.06318475640509538,0.09100857405942152,0.06688090247412282,0.022095439044591585,0.22883160510279155,-0.1292059393754309,-0.08854925804078347,0.17569140789479773,0.22191868293563208,0.27894612640375355,0.18694919881360558,-0.07695322441085153,0.0777176251752523,0.3179930315523536,0.3581092648889259,0.11931685152024135,0.0815414798465646,0.17676073608277,0.21571880046456318,0.17808964588625606,0.2790715214444028,0.03734504920945599,-0.04889064719573194,0.15124307666680548,0.09626220982153186,-0.051571602419060045,-0.008617554380266245,0.025861917387341116,0.0663404544760477,0.04134797355136338,-0.04284762420355641,0.04135167524998033,-0.1918706071248444,-0.08935437748997072,-0.24312895329844483,-0.18295923041685755,-0.22790988214717028,0.1932647593664543,0.24961571741232758,-0.21661599966684714,-0.2689709740557198,0.3297648958665908,0.030647750986734036,-0.19420637895214166,-0.07175002429239717,-0.247659369693268,-0.12807136874933486,-0.09159390515322718,0.13028405909761842,-0.11574471235488185,0.23590508844746133,-0.23514531480633175,0.13721548975786263,-0.28523114794301235,-0.16703637381603484,-0.10078013298352281,-0.006379414853991125,0.30086666018869407,0.3345188023154125,-0.2882651526719323,0.30374473086337495,-0.3904634989380752,-0.4545880240795495,0.4018911052809358,0.21342698630834225,0.10618091126565703,0.029368814114576827,0.3326961784588903,0.5119143797109899,0.170447951803884,0.3809626267253386,0.4752037091020142,0.08214393129647367,0.08801991513855921,-0.021037678664797308,0.11910816826071063,-0.13591017828305965,-0.16320604117214288,0.1692610946848235,-0.08587987062563333,-0.042224813411254086,0.4876830605644165,-0.1633934396646261,-0.3042069804781669,-0.12475325865156374,-0.2712854611159696,-0.23568391195509839,-0.04806054128088026,-0.015814119203949713,-0.04251493404035777
#18,0.300493251340709,0.07558776033352305,0.25909761841965234,0.21955144667009074,0.3182137453323894,1.0,0.2709541590897523,0.11591730405289727,0.2141548327989006,0.18043097026147872,0.182374362035379,0.024075385092334246,0.21404378184039202,0.00626327405988423,-0.09483427958004229,-0.23222930172082715,0.15262751194954585,0.2792288436356233,0.121984388086083,-0.06564314699907921,-0.18117639982046763,-0.3283684300633453,0.017705224484885502,-0.017909743333472148,-0.04323352628437374,0.10244682278580583,-0.04725542183169302,-0.07893317045859419,0.250289426560613,0.4500279940957907,-0.08616443870681159,0.08061605519232638,-0.13562052036628308,0.22336789794416914,0.15755401009638298,-0.02373621695655594,0.14787591906235975,0.23125760583387703,0.10626373677221135,0.2486713215526775,-0.10810348098483692,0.02577770374380544,0.021501779128897773,0.022527612358120834,0.12845218099455388,0.2272713391357459,-0.1438623523369286,-0.012928645132034962,-0.15944465266499164,-0.10566035989764803,0.00841257281935248,0.012466858229570095,-0.025154430239176,-0.03326947903219089,-0.0851501732857665,-0.08914523151811288,-0.1652118991102042,-0.250475899628442,0.16048297912704693,0.23691333860825387,0.12469958402161792,0.07485065959642231,0.24131512097613791,0.07581078767519446,0.10951105188393324,-0.23217562709088133,-0.09688548332616129,0.1785967785967786,0.09099052827866387,0.1105563190308953,0.09154763392051528,0.008426916901493173,-0.048444129800062005,-0.04912570505790845,-0.2010313857771485,-0.11003715579986767,-0.21884904935752394,-0.17794620506484912,0.3426458816289325,0.41276854666685175,-0.00788415534178246,0.3090210395295141,-0.08516035295696313,-0.022863078795282186,-0.03871236413609295,0.08604922333735893,0.09273865545051986,-0.11834561834561834,-0.0178093347584873,-0.0023413243752226803,-0.03499354516303669,0.11946306861561098,0.20786055701309938,0.13636317365130923,0.1275619224771767,0.0056256564731141006,0.19512578834612732,-0.19527894612640376,-0.016225470462758598,-0.07604029298944553,-0.11209946464183752,0.06115715098765946,0.3033324541799118,-0.08492251882082391,-0.030820342684749466,-0.17248342333088096,0.01102874831688391,0.04438105285562913,-0.1546657597505055,0.13237551881619677,0.16070137934544715
#26,0.23824548739802978,0.34698704868196395,0.3180716926479638,0.32498091311650634,-0.057353192946413285,0.2709541590897523,1.0,0.1773081247657519,0.27434769129684383,0.49540758015334285,0.1979515725278437,0.2493963917692731,0.19198859876825977,0.3053165646385985,-0.030369198165808336,-0.11007741177232702,0.23762915457830713,0.08024357176899549,0.023188365561246916,-0.07021150580472614,-0.03764257323579358,-0.23871514041005568,0.015226011836181328,0.011759833793732098,-0.05883711137948426,-0.12952937529208716,-0.1505369776556217,0.06484358009781739,0.41693434574790506,0.23875308282087943,-0.1276586293535446,-0.029914351948250255,-0.004070943053993902,0.10951799256884003,0.08571051791390774,-0.0036040663159307225,0.196849391764646,0.08787739974180653,0.23779665644072423,0.10073941429873633,0.031239560053119377,0.11066922083871236,0.2853921718328498,0.08590624522827912,0.18659985100663068,0.35940023228158824,-0.2545875613672224,-0.022630334494741274,-0.2655029451639621,-0.23616420735064803,-0.07714247375264324,0.05315963112573282,-0.05759519149349658,0.025499150922879736,-0.1284184029946742,-0.02667212667212667,-0.25152995830961933,-0.21418953622343453,-0.10435088401190096,-0.01760712947153625,0.09586427722020942,0.18444222342527428,0.12160774025180805,0.3857702078041061,-0.09177899008407484,-0.13923985618900872,0.2958466941517789,0.5391412984633324,0.1000657051504509,-0.012855073872023025,0.09109880296320974,-0.10127801144750297,-0.06665926326943276,0.011364677466372382,-0.0901192409666986,-0.16833474460593104,-0.11488360471411319,-0.3142515396752685,0.19867849359374784,0.14660068388881947,0.17357403628590068,0.16347256347256348,0.08573319081793658,0.14756682722784417,-0.17315435620520367,-0.2597935377596395,-0.20019063747877308,0.18500441890272398,0.20005968989019837,-0.07202487541470592,0.1920223767681395,-0.29702198346266145,0.08630556596658291,-0.3105031071132766,-0.3262445804818686,0.06063150978405216,-0.052147679266323334,0.13214925248823553,0.031949360762920084,0.05111305450288501,0.02623949064627031,-0.07924272500543687,-0.14372538948810135,-0.03700217937506073,0.11076222601646331,-0.05502806350263977,0.03215758131012368,0.019081330945737725,-0.1369119504712725,0.07547856022432294,0.11877594080983911
#49,0.6340648815225086,0.25950989510311545,0.14470911589555657,0.38979534233771523,-0.0915480966328424,0.11591730405289727,0.1773081247657519,1.0,0.32339334712216067,0.45685855346872295,0.4383431196990519,-0.06644271390034102,0.1240110680788647,-0.2072793903302378,0.163323107390904,0.07113739317129147,0.17924966569034365,0.08588912487217572,0.311984711984712,0.07133126963635439,0.30518145263907975,0.010107950785916888,-0.04580898309711869,-0.08376990241397021,-0.15070216595640323,-0.24753304922796449,0.04047946251336082,0.025573647607545914,-0.11539767810954252,-0.18368198707181757,-0.2830920288547407,-0.1508826237639797,-0.39151755761925255,-0.37857919552834807,-0.29206078189129037,-0.2584146550248245,-0.44296191414835484,-0.1467492145458247,-0.5392185714219613,-0.48441492339797426,-0.2836819870718176,0.03344530971649616,-0.298349042416839,-0.08589652826940962,-0.3122706682028716,-0.16067824372909117,-0.23494958749196038,-0.1413724973047007,-0.3164262876127283,-0.2426394036563528,-0.16306861561098848,-0.07301276623310522,-0.22042643568067297,-0.034228681686308805,-0.055729072678225224,-0.2558017185135829,-0.178800372020711,-0.12433404128319382,-0.3631565309531411,-0.37427041833821495,0.1827764590476455,-0.13110074635498364,0.09931426033120948,-0.191196897976559,0.3722784417699672,0.07981880185270016,-0.04978183113776334,-0.15130785639260216,0.2687497975633569,-0.00834547953192021,0.40085648051749745,-0.04677743999777898,0.44569932027559145,0.03420462064529861,0.14616388345201906,-0.08375093120855832,-0.22758922250447675,-0.44857091297769264,-0.10213634281430892,-0.17863287015829388,-0.07413484362636905,-0.24925017467390348,0.17648866123442394,0.19204875137078528,0.14914189998935762,-0.19799691833590138,-0.37515003447206835,-0.296507447354905,-0.10269437388081457,-0.1264236501524637,-0.37069781646052835,-0.33899878306657966,-0.174876571486741,-0.11561931731423257,0.14652664991648043,0.014317707538046521,-0.018532091413447346,0.029131442690764724,0.07408949781831138,-0.29989542701407107,-0.07480577650069176,0.07037206698223647,-0.04457678017000051,-0.05745591508303373,0.0026453263741399334,-0.052732084935474766,0.022081094962450896,0.18336179014145115,-0.1337756863180592,0.04557623879657778,0.0860413572277979
#50,0.42968577205865344,0.511662664205037,0.2052240221731747,0.27415242669479956,0.2052841747757002,0.2141548327989006,0.27434769129684383,0.32339334712216067,1.0,0.5559599661294576,0.22742634776533083,0.24090608327896462,0.242752768176497,0.21581411920394972,0.08160625957236127,0.016113956791922894,0.39449696229357245,0.1302451912621404,0.27649699005631206,0.19999074575345763,0.05817497003937682,-0.11811472489438592,0.040264763993577556,0.01911372080863606,0.08333217655251554,0.102257110731687,-0.00016009846518321095,0.028503542062864096,0.17933480475853358,0.10486403198267605,-0.039942253501575535,0.04301188707968369,-0.09022242581564616,-0.04674319928557217,0.025654159552464636,0.07625915592017286,0.09631773530078615,0.045308328359175816,-0.07978733741445605,-0.08142533905245769,-0.03705215230638959,0.15608813744406966,0.11904847837051227,0.18004090376971732,-0.1884608799863037,0.07201747201747202,-0.052478055867886376,-0.021573962251928355,-0.20565156836343276,-0.22013353877760658,-0.12119916526696188,-0.17002503273689715,-0.2272343221495764,-0.06546407732848411,-0.24102314949772577,0.04040866752731159,-0.24987113461689733,-0.14198651656278774,-0.035006963820523145,-0.12545565596413055,0.016398062160774024,-0.0021696581018614916,0.20179948824016622,0.02556022895005946,0.05784551886246801,-0.026236714372307592,0.2994479841937469,0.16133390709661896,0.3244936770360499,0.31066690727707674,0.17098839980195912,0.17082598777514033,-0.042090164124062426,0.15332574485116857,-0.12913884608799864,-0.051224105461393596,-0.1492168593863509,-0.2802815141798193,0.12452884317291096,0.13857447586261146,0.03296871601956348,0.09809547606157776,-0.0018471476098594743,-0.011249462096919724,0.04810125996566675,-0.2590814234882031,-0.21796202982643662,-0.03552149992827959,0.12714640680742376,0.052312867567104855,-0.059841659841659844,-0.11421868710004303,-0.08010984790645807,-0.2395558887084311,-0.09777018929561303,0.06606976776468301,0.2245899212000907,0.05127454110504958,0.018383560756442114,0.017009767857225484,-0.11763119051254645,-0.0225146564129615,0.2123993022298107,0.007203042796263135,-0.05826843792945488,-0.14745901525562544,-0.05342430257684495,-0.023782025476940732,-0.11850664223545579,-0.07754179449094703,0.06251012183215574
#51,0.5317304978321927,0.5052027374061272,0.3406793542386763,0.5415821059888857,0.08177746313339533,0.18043097026147872,0.49540758015334285,0.45685855346872295,0.5559599661294576,1.0,0.4800043494958749,0.358327202394999,0.299529884275647,0.08839980195912399,-0.00022117649236293304,-0.010054276155971072,0.599968998274083,0.2561117357727527,0.13575285609183915,0.016310146818621394,0.12156702156702157,-0.1294844921963566,0.20818769462837258,0.07642712049491711,-0.020078013298352283,-0.10534987992615111,0.09817136088322528,0.13272394119851746,0.2870028734435514,0.00970724191063174,-0.2299758926877571,0.021941818551988044,-0.1457437406589949,-0.12279876178181263,-0.03870542345118616,-0.12585960382570552,0.026282522892692384,-0.0018485357468408317,-0.10557568354178523,-0.14303548540836677,-0.1150145523026879,0.025363113498706718,0.1750028919520445,0.07658768167242744,-0.01872180346756618,0.14301373792899216,-0.1937177547347039,-0.0981981981981982,-0.22955991430567702,-0.2846046354520931,-0.11097599911159234,-0.09821115414335753,-0.18202547694073118,-0.07052106035156883,-0.2951410578529223,-0.2080160283550114,-0.3725940115770624,-0.27689492265763455,-0.1859955487074131,-0.22114410250003472,0.07374986697020595,0.019299731164137943,0.12311664515054345,0.17192122785343125,0.26933235238319986,0.08980783557054743,0.30695780526289,0.2736707431622686,0.22269789049450067,0.13909734079225605,0.27341763951933445,0.08698482766279376,0.03545070494223036,0.04263014940981043,-0.14879208947005557,-0.16240647427088106,-0.2811403082589523,-0.4750820157599819,0.20776153657509588,0.1646261053040714,0.29150136268780336,0.07391644340796884,0.140798734019073,0.14461888699176834,-0.006489540387845473,-0.34367495384444535,-0.3163716875581282,0.018324333578570867,0.057529486343045666,-0.022137545866359427,-0.04345238921510108,-0.36190581953293816,-0.023919451038095105,-0.3403896963218997,-0.12156378258073174,0.18936501987349444,0.07211973144176534,0.1470055571750487,0.03704891332009976,-0.17899054678715695,-0.05327484649518548,0.11401324282680216,0.05134811236506152,0.03669956551312484,-0.06787388312812041,-0.12588181401740725,-0.057540128726569405,-0.009135792186639645,-0.24947736642651896,-0.08738599925040604,0.01674278284447776
#52,0.32780993628451255,0.10894793098182928,-0.10376277664413258,0.11807261807261807,0.09934063493385527,0.182374362035379,0.1979515725278437,0.4383431196990519,0.22742634776533083,0.4800043494958749,1.0,0.11240115307911919,0.5659249388062947,-0.028733510089442294,0.07261113193316583,-0.16963218997117302,0.17093009804874212,-0.05076093042194737,0.3035207780970493,-0.12151334693707574,0.3419249758232809,-0.1730169306440493,0.004340241628377222,-0.2840290213171569,-0.1356815983934628,-0.2751167191845158,0.00028456808117825066,-0.04107774955232582,0.25911288792644727,-0.04084546796411203,-0.334194440974102,-0.004940842228977822,-0.5005992124636193,-0.2628826052554866,-0.019742546861190927,-0.06280348144754924,0.0018119814729984222,0.22629640426250597,-0.2793061165942522,-0.21742620895163267,-0.22770027346298533,0.013309920089581106,0.14408075255532882,0.18531351073723956,0.12388104591494423,0.02923832923832924,-0.1259465937432039,-0.10646038951123697,-0.30235428032038203,-0.23150099251794168,-0.17219283998945015,-0.20693374422187982,-0.3158317022723802,-0.22428777005048192,-0.06707894335012979,-0.2799839901534817,-0.12162486060791146,-0.1832363951008019,-0.18261034532220974,-0.21230074450413433,-0.09718948532507854,-0.10858331366805943,0.1425764747798646,0.0717967582374362,0.2653581162055738,-0.1043009110805721,0.014605514605514605,0.22475557221319933,0.169398982958305,0.005217544200595048,0.09389682440529898,-0.09760453828250439,0.18114400995756927,-0.05051754373788272,0.006601979483335416,-0.060185917813036456,-0.2614102546305936,-0.4944548554718046,0.1609179287145389,0.13031413539888115,0.028425343679580967,-0.0612307222476714,-0.08197457858474808,0.05264000518237806,0.035204541984203,-0.13194149465335905,-0.12818427055715192,0.04729243881786255,-0.10635118940203686,0.2071030969336054,-0.09764942137823494,0.029007898499423923,0.07720864161542128,-0.08227626702202974,0.22155406562186222,-0.07407098932522661,-0.14198327757649792,-0.19479865073085412,-0.2151769643295067,-0.34865327577191985,-0.3142816159765312,-0.11852931513948463,0.18470596945173218,-0.34514822989399263,-0.4218515896481998,-0.42219353405794086,-0.3517738077060111,-0.18919104003849765,-0.2448284956759533,-0.08421965879592998,0.10432821110787212
#53,-0.05791955283480707,0.27016292101037864,0.1662479120106239,0.0890244636007348,0.0816747409967749,0.024075385092334246,0.2493963917692731,-0.06644271390034102,0.24090608327896462,0.358327202394999,0.11240115307911919,1.0,0.4061841502519469,0.38703480059412265,0.002946552099094472,-0.07406867576359102,0.4195861500946247,0.05852709412031446,-0.0823290162273213,-0.007246537755012331,-0.07308587478079004,-0.1772188212866179,-0.06903482835686225,-0.06507215998741422,-0.09975476246662687,-0.18520893775131064,-0.0475770068990408,0.018582989769430448,0.2700939768736379,-0.03068754424686628,-0.007777731506545066,-0.003129786180633638,0.02589569538722081,0.11645219950304696,0.1521324097595284,0.08475131525978984,0.31369212047178147,0.04479795666236344,0.16940731178019314,0.03558350338011355,0.13264019026730892,0.04475955153921256,0.5097271385406978,0.2203158474344915,0.09720429211954636,0.16935733884886428,0.05525525525525526,0.04643179388942101,-0.18589467742010116,-0.22141293836209092,-0.2279760500099483,-0.13720345923735755,-0.2211584465821754,-0.05504518385874318,-0.3752448904991278,-0.01360327970497462,-0.28339279186736815,-0.13699061156688275,-0.00082362794227201,-0.08425204865882832,-0.09254755525941967,0.05266730520967809,0.20267725352471117,0.3067213592637321,-0.12736480702582398,0.02971908734620599,0.6369424894848623,0.45215785893752,0.10866197476366968,0.22342666240971326,0.02387549336701879,0.04294248023061582,-0.07786337955829481,0.16973861380641042,-0.09220884983596848,-0.2059162398145449,-0.13699292512851835,-0.23402786453633911,0.17671909197332927,0.14916873730433053,0.4586580417088892,0.20664593715441174,0.26929394726004896,0.4380418939740974,0.1283193825566707,-0.09773965028202317,-0.059574212116585,0.35973014617082416,0.11652068092746058,0.21131840623366047,0.22466395517242974,-0.1556268132539319,-0.021344456937677277,-0.3452875063044555,-0.22735138836833751,0.019210890397331076,0.04863615541581643,0.2121036290527816,0.10413340921815498,0.1367930334032029,0.04347321126982144,0.1543168746558577,-0.20645992679890984,0.2783043444060393,0.07654927654927655,-0.035343818394665855,-0.0007588482164753352,-0.14928580352309165,-0.17074917752883856,-0.1907776806081891,-0.11728091728091729
#54,0.2093574313913297,0.05763914916457289,-0.0006403938607328438,0.13146813994271622,0.39124964718185057,0.21404378184039202,0.19198859876825977,0.1240110680788647,0.242752768176497,0.299529884275647,0.5659249388062947,0.4061841502519469,1.0,0.29311437786014055,0.08600757922791821,-0.22996062318096216,0.21716847818542734,-0.012735694091626296,0.15227585058093532,-0.056324120730900394,0.1851427698885326,-0.11240022765446495,-0.05891253348880467,-0.116223156901123,-0.028951910307842513,-0.17201377031885506,-0.07711933813628728,-0.0623180962164013,0.3487245334702962,-0.010604903825242809,-0.18911978234012133,0.057644701712498324,-0.309420822980145,-0.08453522860302522,0.05517798229662636,0.16696650425463985,0.1299809825233554,0.19025342754156313,-0.003917322561390358,-0.09236941101347881,-0.17537768893701097,-0.016383255366306214,0.30659642693541,0.197781757103791,0.19398844144606855,0.12145273162222314,-0.010616934345747906,0.006105489156336614,-0.29300980487421163,-0.15480133446235142,-0.07732570783418241,-0.11597560580611428,-0.18434736739821486,-0.14979432437059556,-0.13809047876844488,-0.2978978978978979,-0.24393129647366935,-0.2938019683782396,-0.18475871865702373,-0.11911603437027166,-0.09513134089405276,-0.1338140914412101,0.2924346534516026,0.15814396831345984,-0.029328558142117465,-0.13466178042449228,0.17737521805318415,0.38814993730247965,0.09691046979182573,0.08177098516081567,-0.08530148021673445,-0.05318276674208878,0.04665343309411106,0.07633550345414752,-0.12826524521439775,-0.19451639621131148,-0.21628284679132137,-0.43784986835834294,0.3681561376476631,0.3146929672353401,-0.015435620520366284,0.05241512699139818,-0.17867220070609902,0.001811056048344184,0.1208387123641361,0.06723117570575197,0.008587478079003502,0.17959808807266434,0.011421591082608032,0.4729651068634119,0.02858497943243706,0.21314843348741655,0.2170005136106831,-0.1418208655496791,0.06405881999102338,-0.14772738840535451,-0.0761531947972626,-0.15802134954677327,-0.1380960313163703,-0.10108506040709431,-0.22471022640514166,-0.01959771790280265,0.3301170199475284,-0.287731645358764,-0.3183807844824794,-0.4210978312673228,-0.28173628173628174,-0.21980131132673505,-0.2833104290731409,-0.005575683541785237,0.053322968577205865
#58,-0.18191118699593276,0.05958809348639857,0.23203079813249305,0.009276919446410972,0.14166400607078572,0.00626327405988423,0.3053165646385985,-0.2072793903302378,0.21581411920394972,0.08839980195912399,-0.028733510089442294,0.38703480059412265,0.29311437786014055,1.0,-0.011267970590004488,0.008945154707866573,0.1944784538004877,0.06282522892692384,-0.13349111823688095,0.1276604802028531,-0.11858484061873892,-0.06767954395073039,-0.17046784843395013,-0.03688927756724367,-0.06389409440256898,-0.09260261802634684,-0.3208095614875276,-0.11432511093528043,0.28355011405858865,0.0964667286701185,0.21955838735499753,0.10044096484774451,0.14328211107872124,0.13641360929496524,0.1638654062382876,0.10579871088345665,0.358171731053087,0.036118398830263236,0.2932536542706034,0.03986220426898393,0.09549503278316837,0.13670326721174178,0.37812388659846285,0.07816738155721206,0.0971955005853311,0.24386420318623708,-0.14355418592706728,-0.04786990380210719,-0.10720859534418857,-0.14126005820921075,-0.07597967767459293,-0.04367587926909961,-0.09921662803018735,-0.02668924702823008,-0.2673648995682894,0.18728790423705677,-0.1758408639764572,-0.0017573814183983675,0.03282712604746503,-0.06209506887472989,-0.046381820958092145,0.1283193825566707,0.1757802486616046,0.27402564351716896,-0.26828662252391067,0.10828532692939473,0.4655580079308893,0.42169010304603527,0.09524701897583253,0.22067815118662576,0.04326452801029072,0.14395813378864225,-0.043314038229292466,0.3364348940620127,-0.049576849576849574,0.01038095105891716,0.04528010290722155,-0.03328289768967735,0.3222023255921561,0.17352730234086167,0.16035989764803324,0.10211737160889703,0.06520634656227876,0.12280986687766349,0.02753415973754957,0.02258637682366496,0.001412660734694633,0.21524174405530339,0.23230426111782043,0.04295127176483109,0.10965171643137744,-0.03450121924698196,0.03201367777638964,-0.23828574337048913,-0.39621686401347417,0.03632476852815836,0.09743518557077879,0.24256953409495782,-0.04010142654210451,0.3410573902099326,0.09842307638917809,0.006753286414303363,-0.1924105924105924,0.09608036387697405,0.07650531887820024,0.0214467163619706,-0.06383995706029605,-0.07194760245607704,0.034056089988293375,0.028011678859136486,-0.01794444675800608
#101,0.03893539147776436,0.1261737854958194,-0.15864323491442137,0.050078892451773806,-0.06723857910298588,-0.09483427958004229,-0.030369198165808336,0.163323107390904,0.08160625957236127,-0.00022117649236293304,0.07261113193316583,0.002946552099094472,0.08600757922791821,-0.011267970590004488,1.0,0.4111587704808044,0.037480161208974766,-0.2670645992679891,0.5714936816631732,0.1713048950337086,0.26354058218465,0.06143107668531397,-0.07723131451945012,-0.24420198318503403,0.16283818487208318,-0.03286877015690575,-0.22342990139600308,-0.27250794708421827,0.11911372080863607,-0.16032889592211627,0.049577775001503815,-0.206643160880449,-0.15119819357107492,-0.1915527237561136,0.21144380127430976,0.15635651059379874,0.1587751079276503,0.3909206587172689,-0.19894270233253283,-0.14006117056964515,0.09862898337474608,0.30273694341490953,-0.06357898730780087,0.31987904699769104,-0.14744050676254067,-0.16043809603131637,-0.13415140872767992,-0.22932115474488357,-0.41830952678410305,-0.3533919127139466,-0.36135519186366644,-0.3969530393259207,-0.46199697386138067,-0.4474289389543627,-0.20930884659698218,0.11732348681501224,-0.2680474002507901,-0.09958494704257416,-0.23079304265744943,-0.27798553561265427,0.05568927941809298,-0.31419184978507014,0.3551155161324653,0.09110296737415381,-0.09954052665917072,-0.13382242026309824,0.13597865970747328,0.014124293785310734,0.6289875391570307,0.3722881587288367,-0.003796554644012271,0.01385777148489013,0.15141983277576498,-0.19493792714131697,-0.007308078494519172,-0.36752360989649124,-0.1339043203449983,-0.4357746035712137,0.15681228223601104,0.10380071905495634,-0.06813392745596135,-0.22290287205541442,-0.0015149201589879555,0.03338423168931644,0.16036221120966884,-0.24019443171985544,-0.3670553450214467,-0.16223480799751985,0.09132044216789979,-0.046311025972042924,-0.061760527862222775,-0.16277895769421194,-0.18004368004368004,-0.2907633365260484,0.02493741815775714,0.04743865591323219,0.22883669493838985,-0.3518617230481637,-0.2507734236547796,-0.1960280773840096,-0.35757760842506603,-0.23779202931745305,-0.14989797193187024,-0.3019105391986748,-0.26017064830624154,-0.19598504513758752,-0.26689617198091775,-0.0007967906272991019,-0.30700731548189175,0.022403142742125792,0.08892266688876858
#102,-0.0019979918285003033,0.2463374005746887,0.1682005580310665,-0.05869459598273158,-0.10096197892808062,-0.23222930172082715,-0.11007741177232702,0.07113739317129147,0.016113956791922894,-0.010054276155971072,-0.16963218997117302,-0.07406867576359102,-0.22996062318096216,0.008945154707866573,0.4111587704808044,1.0,-0.03761434778383931,0.04402985419934573,0.09365343772123433,0.2883317832470375,0.06093504907064229,0.5120795680117713,0.11661276068055729,0.3476339205152765,0.07000976323010222,0.20564370225387174,-0.18054526020627715,-0.1078924841636706,-0.09014977998028846,-0.22001693527117255,0.20871009684569006,-0.23834173156207056,0.10234502607383963,-0.1485866451968147,-0.10551599365158687,-0.12265902265902266,-0.10848059153143899,-0.06808811893557656,0.008637451010332366,-0.0812680168612372,0.08512287325846647,0.2003192715057122,-0.17347547856022433,0.1203232508317254,-0.028443389460338614,0.07316407316407317,-0.15235913879981677,-0.2378998412896718,-0.09338275100986966,-0.09473572185436592,-0.19716033444847003,-0.1073520361655955,-0.09484122026494908,-0.01293003326901632,-0.05275105614088665,0.19786967244594364,-0.20576030576030577,0.07148350199197658,-0.02510908443111833,-0.0435037502834113,0.09677628321696119,-0.18344554107265973,-0.05427893224503394,0.0068282458112966585,-0.029732043291365324,0.13722752027836774,-0.0037933156577224375,-0.12025847110592873,0.3171069374459205,0.3052929663099155,0.1207711563643767,0.19160408482442381,-0.04281893603927502,-0.057996825793435965,-0.22002109968211664,-0.200707024435838,-0.18789683365954551,0.011663126917364205,0.008684184955371396,0.119167858150909,-0.08526076153194798,-0.15081136606560336,0.06604200502505587,-0.07605972690718453,0.08917993494264681,-0.22617054650952956,-0.23806641772743467,-0.19041306329441923,0.22634221278289074,-0.23600734787175465,-0.0999056066852677,-0.21648366394129107,-0.0679146018129069,-0.20016518830078153,-0.15355339931611117,0.17054558410490614,0.26652831568085805,-0.012932346830651916,0.010797392153324356,0.010030677827287997,-0.021101070253612627,0.003788225822124127,-0.2760277997566133,0.05475876492825645,0.022469310604903824,0.1277210955177057,-0.10144875229620992,0.0711087050070101,-0.0863925558840813,0.19834210173193223,0.08539587353146676
#201,0.26362896023912974,0.26539096878079926,0.4941503907605603,0.403787763109797,0.046135195287737664,0.15262751194954585,0.23762915457830713,0.17924966569034365,0.39449696229357245,0.599968998274083,0.17093009804874212,0.4195861500946247,0.21716847818542734,0.1944784538004877,0.037480161208974766,-0.03761434778383931,1.0,0.3982884271019864,0.05854560261339922,0.020361193242549175,0.032087711748728695,-0.08644854407566271,0.1798970002359833,0.013167404692828422,0.07320710541049524,-0.15529134681677054,-0.06929533539703031,0.018355798016814966,0.24278608346404956,-0.10422733982056016,-0.020476408612001833,-0.017901877223911122,0.11181165757436944,-0.050829411846361,-0.050684582887972715,-0.1079142316430452,0.08560733306496018,-0.0647542766186834,0.0039205615476801915,0.023988395174835853,-0.048530194292906156,-0.08013807335841235,0.2297218636201687,-0.05164239740510927,0.039791871995261824,0.1212866178967874,-0.12206952715427291,-0.050179763739085774,-0.27556647556647557,-0.3021108936363174,-0.12586469366130382,-0.08278201159557091,-0.09932814170102305,0.01811009777111472,-0.2098224572800844,-0.029586288908322808,-0.3535154569052874,-0.24614398682195293,0.04224147105503038,0.015874271806475198,0.21471564013936895,0.2060976230467756,0.09637140993073197,0.20646918104545223,0.10891739196823942,0.11997991828500303,0.44227478634258294,0.24637025314991418,0.31333768282920826,0.23826445860344164,0.442189647274393,0.2755544450459705,-0.0029571944826182112,0.12495870292480463,-0.22293202293202294,-0.1643401490859118,-0.2235636252585405,-0.2653900433561451,0.31407108186769206,0.19192752074108008,0.23170273509256561,0.013019799460477427,0.2390866984087323,0.17822522059810195,-0.009610997746590967,-0.05518029585826196,-0.0014654099399862112,0.027930241489563523,-0.019764757052892646,-0.12624828218048556,0.006215614690190961,-0.17739511468325028,-0.005513680089951276,-0.1120744781761731,-0.0536579723020401,0.4215827537861436,0.1484538467589315,0.32876219825372366,0.1308212681094037,0.0721817348935993,0.10186287982898153,0.37584780466136397,0.028234243488480776,0.24930570015315778,0.14115548522328183,0.05038104360138258,0.1342458020424122,0.14799946325370053,-0.11737669873263093,0.06298301383047146,0.054093847314186295
