,#10,#11,#12,#13,#17,#18,#26,#49,#50,#51,#52,#53,#54,#58,#101,#102,#201,#202,#301,#302,#401,#402,#501,#502,#601,#602,#701,#702,#801,#802,#901,#902,#1001,#1002,#1101,#1102,#1201,#1202,#1301,#1302,#1401,#1402,#1501,#1502,#1601,#1602,#1701,#1702,#1801,#1802,#1901,#1902,#2001,#2002,#2101,#2102,#2201,#2202,#2301,#2302,#2401,#2402,#2501,#2502,#2601,#2602,#2701,#2702,#2801,#2802,#2901,#2902,#3001,#3002,#3101,#3102,#3201,#3202,#3301,#3302,#3401,#3402,#3455,#3501,#3502,#3601,#3602,#3701,#3702,#3801,#3802,#3901,#3902,#4001,#4002,#4101,#4102,#4201,#4202,#4301,#4302,#4401,#4402,#4501,#4502,#4601,#4602,#4701,#4702,#4801,#4802
#10,1.0,0.5728238392820462,0.7162174129375944,0.7099197962267252,0.19319934084092993,0.3959765733770947,0.31605125372602905,0.6233061118288012,0.2844581794610781,0.627816147571291,0.549456558952284,-0.1468683096952074,0.11276367504005624,0.17797112298977025,0.13858317318445956,0.17685548256925962,0.6945783710006528,0.689086900354686,0.08598374013429681,0.022517312055215986,-0.16042032802749845,0.09668457595164949,0.5416370334189997,0.23878448146000994,0.14835461297228703,0.3452770157075233,0.16874015712088083,0.2573486650202906,0.17785791561485756,0.26867579325046675,0.38067988332336683,0.3015205393783637,0.3896889992559354,0.3390113526911858,-0.09574148548161066,0.2592129348555465,-0.06486782582497592,0.18459923219836855,-0.04444302428024303,0.306425887970347,-0.09804762926410641,0.09892224753157709,-0.2802101640137492,0.033611634796660385,-0.31328771563037794,-0.07437359346683892,0.1260290230842619,0.1803786056320669,-0.08692591764163475,-0.037523679970054825,-0.08059178242272912,0.24755896597844496,0.10443654224506657,0.30965868889426523,-0.00473371160421241,0.1761616309165689,-0.35670000502129484,-0.1801311927401206,-0.13874841943332406,-0.0030292102416155787,-0.0981800088557382,-0.15564462013904423,0.1345259669416206,0.1387018583355777,0.257214459503257,0.1279991965928232,0.30808565416059924,0.034853264069896424,0.31180415124140104,0.21067801174982997,0.540872883638339,0.5643670657835275,-0.2778510683946007,-0.012737655603080336,-0.4368499134967841,-0.32854058347446213,-0.308529354033241,-0.12065349870131056,0.2196633906521749,0.3349614501499541,-0.1659446653306979,0.08122537853715986,-0.07147311096605148,0.053530655005089765,0.13557587404766577,-0.16052897058890658,-0.05495944163201212,-0.11180597716680285,-0.008889517818749516,-0.18555601710892103,0.026708723815088535,-0.10386959240780218,-0.09052481660861746,-0.23028845056535216,-0.15159654352321436,0.3635225752851867,0.5120807789397764,0.5083778022248902,0.5646783860645374,0.255902532102051,0.4017364550571286,0.4880662080550699,0.5382636362391414,0.3913314191548704,0.5255844102489193,0.3815125053065957,0.30036838044981673,-0.18138286460306663,-0.23349568853364497,-0.2924676012361515,-0.2271916810838693
#11,0.5728238392820462,1.0,0.6695650189211519,0.6092820917801404,0.24643876074442977,0.34946021080308765,0.4324065240314607,0.6314059169112646,0.45699078364153434,0.7253917751190275,0.5393181081586912,0.03365180515550037,0.23408363651303027,0.2376441910465748,0.36934088657807884,0.25789461671543407,0.5801092816352987,0.6866447251297548,0.1959382289436565,0.0028265325220138133,-0.08861489863831613,0.008662190106223211,0.270786563014968,0.05545974519211018,0.1490950257227241,0.1538479095436556,0.0015091273446023363,0.11531175393829285,0.20743334231079988,0.17744434351134583,0.39407669799650336,0.3899610621408062,0.46727348254187073,0.2554588322294093,-0.08121716187285169,0.22269716570729503,0.04385690222625955,0.25206443690743013,0.0008974423349934038,0.22676806639064762,0.03389647915934395,0.17321823916883874,0.019884327625794847,0.16970333277033967,-0.247348071594535,-0.07604066335869848,0.07433251014529801,0.059307882976441,-0.1310183642447288,-0.1831083641077844,-0.0774457129553972,0.11600377966558176,0.10464834959167743,0.1823880365367673,0.049851415320427084,0.03336787375551772,-0.5559559404200541,-0.4139071608229446,-0.22105200692025728,-0.23284292020249514,-0.20098508675428065,-0.15581990897761872,0.1743247499623403,0.23656598209680144,0.2173636376085855,0.08904399110774329,0.2705975797358799,0.09769613862425651,0.45993326242656357,0.3942574646112833,0.6334272163310768,0.5987364596219421,-0.17598725504069532,-0.05988852725421903,-0.4734898455723591,-0.4063021815243738,-0.3684589646090009,-0.21902522972423963,0.2377382262047684,0.19699452678860804,-0.08803973213674356,0.15868113408226706,0.19900213176790663,0.29532060967649165,0.17026936964490316,-0.15812970461091813,-0.11740791629957958,-0.04114540300456025,-0.005934257555907554,-0.1011909598433356,0.08809177101069536,-0.19602222151214013,-0.235478643520019,-0.2974551164712166,-0.27409696576846354,0.30170221895584454,0.4240876079007792,0.47016940022915366,0.544989432456737,0.1965553917294709,0.3050409235530682,0.5087813317386918,0.6198541998566649,0.3106903367462922,0.40560741690898217,0.3658679764638216,0.2324074369941616,-0.25890983123884476,-0.3312228678897324,-0.35053659382745916,-0.2919444736085307
#12,0.7162174129375944,0.6695650189211519,1.0,0.7885770106862284,0.2983233439997809,0.5543756019847809,0.4379409039243702,0.582761438281439,0.2784746219193215,0.8104260340443791,0.6570519521424952,-0.0020267771960176565,0.3183217919631893,0.2964271204699932,0.12858257975870396,0.09385713046693478,0.7391519489471258,0.8456682202248628,0.0216527363774553,-0.04055015132356767,-0.05345031428740979,0.06975947997644556,0.5265421081221726,0.11447639306696125,0.2584104406414476,0.25912894228706285,0.20647838332564922,0.23874065925036633,0.21644245824336847,0.21573217326206137,0.49758019236124107,0.349597155208224,0.43821661866004463,0.2692253967964139,-0.09677495925903948,0.1716324229573601,-0.023354498851949405,0.17988104096007157,0.03123884473699827,0.3206233709321806,0.09373479346501298,0.08625854190727038,-0.12667722660190717,-0.007301875681869017,-0.353943770627251,-0.06352303176653717,0.22104287729324817,0.12126244482281677,0.02009978682320934,-0.02083106994663733,-0.09937964184473243,0.2440559280950577,0.1155336038746137,0.22521420387370075,0.10571195113823625,0.17379066678230862,-0.4217796381928816,-0.2704222908973054,-0.08843139313543345,0.01977294617628397,-0.17480405538031743,-0.17490539424011833,0.14873805730666873,0.21155171705459974,0.21893484641684963,0.14318450519704018,0.360414850251293,0.11320737491269794,0.271568059086946,0.2624539524437729,0.5170409052938142,0.5906421323156842,-0.34954420337157127,-0.07994723075588747,-0.5000798842363295,-0.28574089205585507,-0.3687775885916181,-0.15515983694486163,0.31901473065317915,0.2791821680125258,-0.2015356032629287,0.16635823743420963,-0.0680832804575769,0.1324727138272766,0.194010051719337,-0.14537561567922141,-0.11303299903682434,0.07120835178278792,0.13394349673844075,-0.19728211003939433,0.11152478465492292,-0.19628606773270277,-0.05056352622713599,-0.3536607521899693,-0.21026535260901916,0.5027786019802161,0.4376478428973784,0.615094925296827,0.6433803356963851,0.21121665974336618,0.43082618559618746,0.640907119739623,0.6931386288213195,0.5299812386164964,0.5386242565060004,0.4105401543819927,0.25666303003190805,-0.22219047140829062,-0.3429800015520366,-0.4055362058183113,-0.3495359867072631
#13,0.7099197962267252,0.6092820917801404,0.7885770106862284,1.0,0.22356630619856024,0.4200797016437893,0.2969484221722122,0.5440636882780154,0.2045164264813961,0.7526190617482322,0.6196250462187367,-0.1366924274308773,0.15574139418534055,0.23443512715288017,0.16399914181506114,0.16072434460690108,0.7133844896766742,0.7281443576622677,0.10894201317405178,-0.053048610699009895,-0.026198377665280485,0.1829166419405935,0.4827372447698649,0.24799079733597484,0.24786846033405305,0.3645222694426819,0.24803370658291757,0.3106099960286123,0.11743439221790594,0.2142111774023472,0.38367166209424514,0.29929656223894974,0.4026603733104484,0.25112773717629766,-0.1950307440189531,0.232603723974857,-0.044297863210798524,0.10312005003035601,0.037233357831165804,0.3475658131987018,-0.03159307426495091,0.11563311680901277,-0.1500335513792584,0.018347811400165247,-0.2907448406195365,-0.03976226451268333,0.19549087722021116,0.14788626310672076,0.016038928729566755,0.04616395897145622,-0.0017784513413704483,0.25685840404990257,0.15140116950521987,0.3482204074552534,0.11631509994659169,0.2514290148675976,-0.382681097563759,-0.20633870003241017,-0.09164136999182898,-0.031155765131215565,-0.27289185500326385,-0.1878530312644077,0.013557496108496487,0.10913190941584082,0.2752491246970105,0.011747091072594229,0.29417301556144926,0.10745844878507489,0.2784234960080706,0.2109089913131599,0.4831362094701621,0.49865931427371535,-0.359653439358735,-0.06937420971666203,-0.5763195734638261,-0.29448433584245914,-0.399508826066911,-0.16040754654968573,0.23307298680312416,0.265527897857733,-0.24410522808090676,0.06063533074356247,-0.026516088685196768,0.02897743612684704,0.04135173257496565,-0.23118315401224282,-0.1406501207393172,-0.016577576723102977,0.03502855290847092,-0.2846955497633144,0.047587267822173124,-0.20737582566064264,-0.12133456887618857,-0.2888148374698152,-0.15943341534781597,0.4558541450789028,0.4205608329871683,0.4994161603527688,0.5124359214304299,0.22611164620869414,0.3880164515878704,0.5454294804785751,0.5219106483404621,0.46899715612118664,0.5573938566739856,0.34217476844983497,0.24297132840637795,-0.3546184500632227,-0.4185742261499906,-0.3048409847215692,-0.21605718798358492
#17,0.19319934084092993,0.24643876074442977,0.2983233439997809,0.22356630619856024,1.0,0.5327365600478392,0.27703487973998825,0.09635590937932231,0.27537967836324045,0.1998767500353773,0.3176051162429759,0.4464716274016625,0.5073507191863676,0.4051628040736396,-0.11360633961299511,0.0012863644455805758,0.24052276244254042,0.33871829166419404,-0.0804466213532846,-0.06839368777588592,-0.24226926008937905,-0.14441061410436076,-0.016122921298050368,0.2022075438107976,-0.05729480022093698,0.1399498783477201,-0.3192630565078264,-0.23290865351696055,0.43898168140340627,0.4546070380294613,0.2745808359999452,0.2050614652138387,0.22072242738522918,0.293944774886222,0.23042265608238574,0.34406551420341724,0.12145051513920399,0.35541455353841517,-0.005949777921823004,0.1974729192438843,0.4354001287277408,0.40458398572126336,0.1230600683809063,0.06258268018460106,-0.2694326393295202,-0.04984958939502527,-0.06233344136725294,-0.01585085841317953,-0.055245198957396595,-0.2251073872376944,-0.2830631724540894,-0.14787439459160895,-0.31912885099079275,-0.06887025430576034,-0.12009293960295252,0.14101256693157802,-0.326638882168469,-0.021907452971008868,-0.15647359027146945,-0.06685078081134996,-0.14900099056453048,-0.08625580301916765,0.3547636111326672,0.16794770549649193,-0.2896438076022404,0.03798107428321016,0.24522999812842647,0.15257432657588774,0.15774443435113458,0.22963568223420233,0.2248398891663281,0.27053093345871354,0.06830786928200049,0.24393998183204224,-0.028118338225291806,0.03590682302674524,-0.16103110007440646,-0.037285396705117616,0.20092848306682431,0.28634070855035215,0.16481259158157094,0.5030670981937033,-0.09047916847357201,0.29674391852720855,0.6132589573052993,0.05085476132872591,0.08825427837145713,0.4213359383202399,0.45805255926269134,0.2074360811989026,0.4444804557509803,0.12414831992038965,0.18200276627698375,-0.15123227140555173,-0.03684260979517682,0.08123176927606622,0.29118397567867366,0.07575947084681856,0.2893334002839314,0.12953297393035007,0.15861996558130617,0.2288185806168889,0.4222397713941397,0.13613917203412654,0.27107779811655797,0.05242505717428914,0.28453121647715085,-0.07797523132192434,-0.10221986880725988,-0.22684658118292578,-0.19148936170212766
#18,0.3959765733770947,0.34946021080308765,0.5543756019847809,0.4200797016437893,0.5327365600478392,1.0,0.28115234152108715,0.3046647829202938,0.18008463164237426,0.4032300620358155,0.34364463839829823,0.363610219704474,0.6483450268639275,0.24899962112047913,-0.027920225319194584,-0.12861544641593667,0.39772489694933516,0.5609836260139592,0.07628898921334569,-0.03550511943834535,-0.06269040978330831,-0.024706596611995417,0.2065778962600483,0.0563800115946263,0.1728101448415325,0.20528148922475772,0.034948212190790945,0.1270314561298598,0.4179342392966535,0.4640644186481761,0.23294060721149237,0.4193338111171468,0.13805365481793241,0.2744356749305007,0.04193511574084641,0.33831750103849506,0.02295005637544678,0.22015639051066568,-0.021306723513810844,0.2773827185290345,0.32042525802608335,0.19451857194374325,-0.11969306193995444,0.06124062501426504,-0.23436026421140566,-0.04308544874399156,0.09983703615788778,0.08539761808031333,-0.09164776073073534,-0.10242163356416073,-0.07574029863009947,0.16936736249640522,-0.14914341274587226,0.034653325238397384,-0.07377195104693998,0.08667211401078209,-0.428757412115928,-0.26843933591093133,-0.17366193904148047,-0.001985693874476758,-0.11110938662600939,-0.10812582451943926,0.19694522680275897,0.04937119693974903,0.11470554670488937,0.12204667978289747,0.17300277997142427,-0.020141783107451145,0.16390967147037208,0.07487207110153515,0.24135264553766655,0.42983288217759863,-0.09550411517937435,0.06610762917281014,-0.2671036714795017,-0.21296954812911117,-0.21230399832014862,-0.08123085631336532,0.25769285195853325,0.35883268589061795,0.04170231025211465,0.34459411960724345,0.0029981695097846778,0.3608786353033547,0.5396969876795683,0.001973825359364943,-0.04547832398307367,0.1710253027612557,0.2644213870642315,-0.008621106784682312,0.20919536032355399,0.01564361588007322,0.07997370667421383,-0.25596187467761006,-0.10854304847375461,0.2337677514185158,0.44875768600473825,0.34853355366166516,0.521841263175193,0.10759813207831394,0.3129325731397244,0.26423970748675063,0.5914628857838014,0.20512993741640687,0.36750583154925204,0.12480656602774494,0.17835456732415197,-0.0892201929090187,-0.1885861403132375,-0.28033523990377374,-0.3269145969041435
#26,0.31605125372602905,0.4324065240314607,0.4379409039243702,0.2969484221722122,0.27703487973998825,0.28115234152108715,1.0,0.19198418748602025,0.19930523538460837,0.5099362295553416,0.4479195862453039,0.0478730251475576,0.23051760420328027,0.4847439367864626,0.3341763022271725,0.33377003382526804,0.3553241702310252,0.35815435460384265,-0.05416699000762324,0.003310402753495506,-0.08456590905978537,-0.07061949084070171,0.13901683046739124,0.13335554875905545,0.12547028991130568,0.09338878060136853,-0.12599798235243098,-0.21017405633892827,0.06434652412275696,0.06930756343949568,0.2779870998370362,0.2589865201057211,0.31323932860722975,0.24057388835379132,-0.1369809236443645,0.16161904805379176,-0.030159722824524005,0.2872198916313274,-0.01990806465601848,0.12033030990518882,-0.02038371822319199,0.022874280471271345,-0.1157298908553091,-0.09706984621143303,-0.32870674268602756,0.034143892051290245,0.04139098997110473,-0.2006600720327571,-0.047721473339206726,-0.24516882962746556,-0.24442293910082302,-0.14072041886728717,-0.11578192972926091,-0.10858687068339823,-0.1211108930144659,-0.13617021276595745,-0.21983411467724487,-0.1844002063295704,-0.11351686926830604,-0.06662893087502911,-0.12158106880543396,-0.16559773950435255,0.24943236544070993,0.34238566283374494,-0.10501353467204097,-0.01318865917732931,0.40924192142130034,0.3517453564434625,0.3913697635883086,0.4140943181766309,0.4886313319669325,0.45189006103155654,-0.05469376948604765,-0.028628684375099855,-0.1943478479186733,-0.14759959281863538,-0.1995143038431165,-0.12005094331871072,0.2067659665764355,0.3223251334066747,-0.07208114412485678,0.06404250754335432,0.11042740348843048,0.10921407605892261,0.15482295370822624,-0.07335472709262462,-0.03901454806063898,0.012477461233321312,0.12202020386457112,-0.10751779136063395,0.054730287994084005,-0.19220877631044384,-0.0973437350217057,-0.28647582703008667,-0.05137606303094487,0.12164223730639484,0.23644638398298237,0.16315191242861773,0.21567374364920322,-0.020922366216728217,0.03291504425586693,0.2534274902198871,0.3732008928775215,0.19425289979777877,0.3193616564795245,0.12780017072402508,0.20528148922475772,-0.15405241318865917,-0.26226314323928296,-0.19019204170413617,-0.080352586195091
#49,0.6233061118288012,0.6314059169112646,0.582761438281439,0.5440636882780154,0.09635590937932231,0.3046647829202938,0.19198418748602025,1.0,0.4858595772069732,0.6087151419428759,0.5334422802156418,0.021752249311854363,0.10459996256852926,0.18364427321321788,0.22886514171463526,0.0006098590842071147,0.6069905554008591,0.5601993910538785,0.17552073110053087,-0.08227893749400868,-0.06306563745338184,-0.08022933623046831,0.3271327949896607,-0.06810975637590326,0.2291408564503097,0.08922110587171961,0.0957889595420579,0.12819913542432224,0.16480346195456186,0.16856943309581088,0.33531841856600947,0.2749177192365806,0.38971456221156087,0.17111386014324384,-0.18867652362062748,0.11157773649157564,-0.018971364924885995,0.03542203983256264,0.025888883309672383,0.10385772389269037,0.00973035646628657,0.08649591220950668,-0.2614889508689123,-0.08918550032638417,-0.2913866533982754,-0.21323248138697293,0.07003884656292367,0.03900724435903171,-0.13047149958688437,-0.1413111057347752,0.008954338170514043,0.13284794149735013,0.15706336417625658,0.10191950407866086,0.05730210392254424,-0.05084380577631501,-0.41264544637028855,-0.3654114951133671,-0.09810879776506731,-0.1455262545248714,-0.02374798577604112,-0.006097677879370238,-0.09147064596675902,-0.10420464971903573,0.28733948974514645,0.07205010339302588,0.09915870487111249,-0.019849635043160313,0.3360405720624284,0.20245860855354755,0.5291696147753884,0.4358712174814098,-0.08624393450405583,-0.11819123829695938,-0.32261454258286276,-0.31289514166898713,-0.15914126728352512,-0.08175124505288336,0.03741321148324485,0.02461621330460544,-0.16766194817110747,0.0349226492351655,0.03813627794236466,0.1942875923804133,0.10164378934298639,0.059023951576458344,0.026088822141171423,-0.06566666818827117,-0.17629948828440614,-0.19494309959966585,-0.12658593033181628,-0.16618477452103694,-0.22094792917235367,-0.09637873344684503,-0.09816083663901912,0.4086530604792141,0.3457061081769504,0.5072448155130622,0.43747894479771027,0.24988975975386526,0.2940032044990802,0.46309028744630637,0.54039175229496,0.3775219453409231,0.30799070603970474,0.45183710919490383,0.1841847471321559,-0.04249750076460626,-0.1042539497048848,-0.13131233823442143,-0.1396714247239429
#50,0.2844581794610781,0.45699078364153434,0.2784746219193215,0.2045164264813961,0.27537967836324045,0.18008463164237426,0.19930523538460837,0.4858595772069732,1.0,0.4038289655676117,0.45025859668503243,0.1000881009006377,0.13530381116279494,0.33708865324307175,0.22750574025298195,0.0830649983794912,0.4137619997535001,0.316021125956899,0.14033880045830727,-0.12128070407683494,-0.017511537566132735,-0.20182683836451862,0.21382134232905914,-0.02201153071891248,0.2515321796528003,0.07548284314844317,-0.2700005021294855,-0.2664709883277719,0.2415014584579147,0.23160037796655816,0.3702337640995677,0.24647254036436342,0.25028142075255516,0.1421355110536959,0.05957172919700365,0.22226807323786787,0.1450825546522297,0.29383430639941205,0.11910146210976551,0.06785960459585423,0.1872550406953124,0.3681321239620755,0.049502663568679904,0.042534019272642616,-0.2774365833283881,-0.11576914825144818,-0.12015502106661433,-0.17479766464141108,-0.2375328095970639,-0.33485828536475143,-0.20210711791369765,-0.07702757603838095,-0.13514221676473406,-0.051661820356329345,0.04835141760283384,-0.0857144161375287,-0.3374118420391935,-0.25378993641214787,-0.13804817704172695,-0.25146005559942847,-0.028778410258048906,-0.032850223904102395,0.041889467605800965,-0.035092460297534545,-0.01980946468432032,0.017307946883830062,0.21739650426581822,0.03799111687292016,0.44823090652631387,0.3206763227688333,0.49633947605070594,0.44668252178557244,0.1268534284031826,0.1415804297315433,-0.1446278992271771,-0.12754728005587332,-0.05745000388009148,-0.030760452281722032,0.08196579128759694,0.06514536648605221,-0.0215806123240835,0.26114841578147324,0.019933627611643925,0.26071475849854153,0.3515152898428335,0.03642721176626329,0.05335262727841254,0.13043680700424984,0.0020852068088758236,0.08448556834210538,0.12444046798468049,-0.010248919280402799,-0.14860567771503697,-0.06795729160485148,-0.10915199459526082,0.23382161621786943,0.23564936754508894,0.3576650065961555,0.33358013758347904,0.14666745790100746,0.08552908470924421,0.40165063656324324,0.3036258313666595,0.08554186618705693,0.1884017218476539,0.1482295370822625,0.10913464830394354,-0.0009933034185888336,-0.05964385325037545,-0.1121930733519882,-0.052813979284876314
#51,0.627816147571291,0.7253917751190275,0.8104260340443791,0.7526190617482322,0.1998767500353773,0.4032300620358155,0.5099362295553416,0.6087151419428759,0.4038289655676117,1.0,0.7303738125778871,-0.026415662788096792,0.2406533161087704,0.24654922923123976,0.384804648806073,0.28181880429275064,0.7762867068065934,0.7719565247161827,0.011669489243016976,-0.12535160476018753,-0.0507086872965805,0.00261381221270205,0.4563170171682636,-0.006238274135310202,0.2508355891120068,0.09196638471335254,0.15879434145717977,0.11496208922384477,0.18897141057302103,0.1613734610872473,0.5564462013904422,0.2895123409733095,0.5802471390031361,0.1921950818699302,-0.12659779884692812,0.10877859285058909,-0.025075433543162592,0.06370562430671894,0.0856925050327069,0.26531335162301944,0.04473425938183295,0.1150068243961893,-0.07632002994517659,0.011067846823118042,-0.3071699525715877,-0.080002008517942,0.1574568511003483,0.004646980147626069,-0.020913236589719126,-0.12004729146790707,-0.024793328068581758,0.14935978490598767,0.17721792876152045,0.17568049957318993,0.10034829527039672,0.02670598492698581,-0.4468550717360442,-0.4119808095240269,-0.08222142084385142,-0.09716205544422482,-0.2098353471768911,-0.24928355252046178,0.13482633167021962,0.30552935859805447,0.2340078606088548,-0.0129092925908512,0.27231303665088763,0.2054869058324622,0.3197907489489517,0.31941734720427994,0.5654379710316935,0.5507821807940037,-0.31328041192877065,-0.20338070088146548,-0.552492159932806,-0.3551178406606198,-0.3724102671785344,-0.20560741690898218,0.36753687228108295,0.24342141901792602,-0.12116019300031497,0.13287350445297558,0.05809364258423222,0.13737075871765259,0.11815745867702575,-0.16668964289463953,-0.17029219371242588,0.04462196496962117,0.032300620358155264,-0.1511163251425363,0.06188061186760215,-0.22072881812413553,-0.19267073543710372,-0.3378153715529952,-0.2616697174836922,0.5178780920905477,0.2504676651435406,0.6013384033195324,0.5232700498021153,0.2744548471472198,0.36871002935175085,0.6845175220366372,0.6060091204973821,0.5091291705277381,0.4632062337093218,0.4787731607225187,0.2665759790383764,-0.27367974181414817,-0.3633454605212104,-0.34217020363633044,-0.2483349842742175
#52,0.549456558952284,0.5393181081586912,0.6570519521424952,0.6196250462187367,0.3176051162429759,0.34364463839829823,0.4479195862453039,0.5334422802156418,0.45025859668503243,0.7303738125778871,1.0,-0.07619312812975026,0.206020076049793,0.3060680065915907,0.22648504795336585,0.18272400681070175,0.7149456558952284,0.5953694531809903,-0.1146872874508712,-0.1519498600884661,-0.008410212400772367,-0.05090771316537863,0.338588650960665,0.010561152524113626,0.31853999004870653,0.18785211830170678,0.06176740449268945,-0.006083070476155697,0.09648555008285137,0.1465396431228802,0.5042092145325403,0.22309339151948948,0.44819530098097843,0.14785430941218897,-0.1496218052011485,0.16285611251352325,0.03290865351696057,0.09101781646710824,0.03514084732068271,0.040951854911967574,0.10416721824829847,0.07991345113595384,-0.0936024138733812,-0.1114919179976902,-0.4273313643771084,-0.2868684009914775,0.01771604121113632,-0.08347217974409656,0.0027690158718565554,-0.08390401110162644,-0.16777515554602015,-0.002758060319445649,-0.052142951699708305,0.0008298830951261486,-0.005164629999041389,-0.034399521607544725,-0.19478972186591317,-0.08827892836438167,-0.0009759571272715653,-0.028395878886368096,-0.04889919522337915,-0.10552479378454993,0.10850379107761553,0.15435003902915545,0.0035961600788799774,-0.11070950896301132,0.2142513477611872,0.038865735140390836,0.3165643387639398,0.32612031935435276,0.5393756248088485,0.4704743297712572,-0.12511058260714758,-0.003252886103338248,-0.24292750619673434,-0.04497162968406926,-0.11078437190448584,0.0351289788055709,0.2813057192548398,0.14319911260025472,-0.2038453988962281,0.11717784969895055,-0.0835388260212629,0.04243085448743992,0.15721765487271017,-0.08062830093076548,-0.014502412503937152,0.13841975286099686,0.0793738901797167,-0.08056621946710367,0.10929898159010713,-0.05779145193023139,-0.19143549690277403,-0.20411928770650076,-0.049897063455472526,0.44993997270241526,0.26642351426732463,0.5099690962125742,0.4163246860549512,0.20864758270300868,0.2164360675044621,0.5487882702552187,0.44742658638681315,0.40397595256245805,0.36165008878562266,0.37107642867250656,0.11487900961806205,0.006946733191215473,-0.2113417356333907,-0.23161315944437091,-0.06760306207689885
#53,-0.1468683096952074,0.03365180515550037,-0.0020267771960176565,-0.1366924274308773,0.4464716274016625,0.363610219704474,0.0478730251475576,0.021752249311854363,0.1000881009006377,-0.026415662788096792,-0.07619312812975026,1.0,0.5462995339325412,0.1965763898715918,-0.06912131904851028,-0.31050500531800773,-0.0829189243473458,0.03964084047346245,-0.14841669443594882,-0.414744347619678,-0.24545641287825187,-0.4279448753121191,-0.2683197377971123,-0.117894525419164,-0.1212031022472577,-0.0889928651964924,-0.29555615405332614,-0.3729397855450616,0.5729005281489224,0.323413384946158,0.09098860166067915,0.19408856651161516,0.1135223470445115,0.2732068271350774,0.3620709645907417,0.21826929660788708,0.3658716283146252,0.24388063925648318,0.19420268684922878,0.18800184418465585,0.45718889654763156,0.2465108847978016,0.13377642456417443,-0.12173718542728937,0.12215623530700653,0.047572660418958586,0.03063446342899661,-0.1953502809642712,-0.15249581178360958,-0.32957953502809645,-0.012380687187024973,-0.27555405423911405,-0.09139943487608813,-0.29556984849383977,0.020422062656630165,-0.056283237548329965,-0.20474101530581967,-0.25885231458868746,0.05996612908379628,-0.10877494099978545,0.08249622261682499,0.13164283073215044,0.26246034318267925,-0.02805716972433091,-0.2580991203604377,-0.24229756193310723,-0.025219681649906192,-0.14679892452993834,-0.03036240054412577,-0.0367997005482341,0.01334021098568018,0.009119584419378546,0.3496309348281576,0.028351143714023565,0.06731639178881346,-0.09767331455673378,0.10014470458809405,0.08359634267142016,-0.1118424956748392,-0.11018455540998873,0.38109162950147674,0.27574851529440764,0.2108259117073772,0.5697234179497597,0.5346957780039896,0.3079067134712211,0.16447205649413194,0.4172823839282046,0.21942784627534043,0.31527797431835924,0.1218650002054166,0.17103534535096568,0.060942999173768754,0.001754714311146818,-0.007558418200824406,-0.17929857075689173,-0.061515426787238606,0.04878963969927009,0.06336508921927994,0.15020062355352473,0.04627625338366801,0.07682855016958282,0.20345556382294003,-0.004266274701347076,-0.07137542395705423,0.030976824441837428,0.009593412061150242,0.04445215390725212,0.13980197839017286,0.008712403054773197,-0.10670981937032963
#54,0.11276367504005624,0.23408363651303027,0.3183217919631893,0.15574139418534055,0.5073507191863676,0.6483450268639275,0.23051760420328027,0.10459996256852926,0.13530381116279494,0.2406533161087704,0.206020076049793,0.5462995339325412,1.0,0.21959765733770947,-0.09868944204284534,-0.13111696421642693,0.11357986369466876,0.3206617153656187,-0.16520333961755992,-0.14601651549525943,-0.07647249471622837,-0.03778204841441203,-0.034260751277006576,0.03440865123455381,0.0858367531394505,0.14674688565598654,-0.19083841929637965,-0.15031383092843742,0.44265087849835894,0.4163858545559121,0.22093240880643822,0.4175151894169364,0.1988761429151812,0.29858810318304446,0.24966243204133895,0.28857472827947617,0.1427225460703803,0.23838003898350732,0.07419556574016169,0.35075753080107913,0.35886190069704704,0.23669927465113413,0.03939707943231979,-0.045181611105278296,0.011855733634002382,0.11059356269999589,-0.055583908119433784,-0.1779053896753048,-0.3320801398658858,-0.2559874376332355,-0.03886664810309175,-0.01921512596602866,-0.19729032670370253,-0.0686803580639713,-0.1332368636079373,0.11958168049044356,-0.39312173901135267,-0.16810656100645008,-0.05660368745634897,0.11376154327214962,-0.09763223123519289,-0.11774479953621494,0.2761173522255748,0.14331779775137288,-0.14792369457745805,-0.0791666476466104,0.2224680120693669,-0.01441659401005172,0.0711964832676761,0.029506041530673266,0.12071558016497236,0.1621695645624398,0.07048893717447173,0.11932696389688999,-0.1545801056297845,-0.1598205115330013,-0.10912734460233627,-0.06898437464337394,0.21217253169121775,0.28116147114809625,0.22308061004167676,0.45081824282068955,0.12511514742065213,0.36913638293307527,0.6133885980088284,-0.015359684480090566,-0.0751249617696869,0.3624370626338061,0.31446817640265307,0.21179000031953696,0.3027356927332734,0.0046351116325142536,0.16822615912026914,-0.19612721222274465,-0.04268100626748894,0.14176850004793054,0.19436519420999054,0.1762748382914816,0.28124363779117806,0.05545974519211018,0.05965389584008545,0.1945879571090123,0.4509980964727686,0.09401598597689291,0.09657319450213861,0.056438441207484466,0.056100645008148195,-0.08615355119666586,-0.04270474329771257,-0.13897757307125216,-0.1407861521817526
#58,0.17797112298977025,0.2376441910465748,0.2964271204699932,0.23443512715288017,0.4051628040736396,0.24899962112047913,0.4847439367864626,0.18364427321321788,0.33708865324307175,0.24654922923123976,0.3060680065915907,0.1965763898715918,0.21959765733770947,1.0,0.14231353878037312,0.0690318487038212,0.2856121643150269,0.2412631751929775,-0.15116471216568447,-0.09889942346405438,-0.12932481843454285,-0.1754723440773827,0.10308353152231965,0.21881342237762877,0.025521872303907026,0.15878064701666614,-0.3780916340662902,-0.30264896127668706,0.21726686356228916,0.30316387223999963,0.24021600697503503,0.42712412184400206,0.18960865853825543,0.384413900770084,0.1374355790694171,0.2793346327835776,0.20653498701310558,0.4771581297046109,0.015058406788790644,0.09477830983215181,0.2240154838474074,0.17431288144722848,-0.10369430356922768,-0.07791771467176709,-0.27932641611926945,0.01842450026704159,-0.18285090862612807,-0.18897141057302103,-0.20066189795815892,-0.2705026316149854,-0.23789342986392292,-0.20547321139194857,-0.2323553981202098,-0.2836931167177165,-0.20647655740024742,-0.16846535534790727,-0.16115343707632826,-0.01970082212291217,-0.15649458841359037,-0.060338617865767094,0.03517919175412088,-0.03163233166108999,0.38596319847352634,0.1635618326813258,-0.3009170710330629,-0.05908785896552196,0.6264594849977404,0.2882323672666353,0.35271127098102406,0.5132064619499971,0.37321732620613784,0.35239173403570595,0.030094902472759474,0.06652485312712549,-0.0661861439650883,-0.036430863617066926,-0.011950681754896903,-0.06026284196159166,0.055394924840345645,0.24100298082321847,0.06837999333537229,0.1784604709974574,-0.03634504512318149,0.24896949335134913,0.3321148324485203,0.12682147470865077,0.10829380965640649,0.007821351458686156,0.1839546805315269,0.08640735482751852,0.13198519174499126,-0.089137113303236,-0.04535507401845098,-0.20525957811993592,-0.03168984831124724,-0.03155016501800819,0.2138039960377419,0.12798093733880503,0.12477552529591404,-0.02151670493501988,0.022611347213409596,0.20277905846156655,0.2881967617212999,0.31415503019624136,0.24363048747643415,0.1001081860800577,0.19206270227829841,0.030110422838674926,-0.13642401639681012,-0.060361441933289815,0.0017410198706331852
#101,0.13858317318445956,0.36934088657807884,0.12858257975870396,0.16399914181506114,-0.11360633961299511,-0.027920225319194584,0.3341763022271725,0.22886514171463526,0.22750574025298195,0.384804648806073,0.22648504795336585,-0.06912131904851028,-0.09868944204284534,0.14231353878037312,1.0,0.5645441805475038,0.22904864721751791,0.14358255693463642,0.2236009987811948,0.10809113193680472,0.33195141212505763,0.19039837127454157,0.08051144170504915,-0.06331305034532814,0.30500805689583554,0.043420506055225114,-0.2030118639502983,-0.10316387223999963,0.012807040768349409,0.04448319463908302,0.11176854569606559,0.14691395783025285,0.14277275901893027,0.08064656018478365,-0.1804406870957287,0.01650271378162845,0.052342890531207345,0.055789324727138274,0.18564183560280645,0.13891183975678673,-0.07037664276225995,0.1450013009718488,0.016357552712183945,0.3111048218125049,-0.08473845901025713,0.19797230984128145,-0.16230650896757612,-0.11832453085129208,-0.21157362815942155,-0.35657584209397125,-0.19585788822597652,-0.1573427307627347,-0.15546202759886246,-0.1553972072470979,0.12654028219677085,-0.08484710157166529,-0.24167035655758284,-0.3523734747816878,-0.2971593165561221,-0.41420387370073997,-0.07045150570373447,-0.2155568844234869,0.22689314228067212,0.29108994052048004,0.043151182058457,0.04824551392952841,0.10094719880219294,0.1567666512984612,0.43096221703862286,0.3934942277933235,0.29154368298283173,0.29734738687250933,0.04061679760073402,-0.147703670566539,-0.20691295357128184,-0.32432634764706686,-0.13876850461274404,-0.26795272679134696,0.27593658561079487,0.18881620691386652,0.01578056028520955,0.01669534891152022,0.4062346222845066,0.02769928834557464,-0.06163958971456221,-0.16346414567232856,-0.2445964020139957,-0.14957433114070123,-0.05762803160676871,-0.11866963075223562,-0.03699416160352769,-0.29112098125231095,-0.41810131147091983,-0.26989368549347914,-0.24720930126399687,0.06470897031501778,-0.02463355959592271,-0.06761219170390793,0.10601048994143344,-0.17759772124509854,-0.17532170523173277,0.08989852419579399,0.14817110746940435,-0.07856135337590783,0.17648390674998973,-0.048309421318592026,0.08073694349217363,-0.12378861261623156,-0.29233065683101517,-0.15611205704190956,-0.13280685817580923
#102,0.17685548256925962,0.25789461671543407,0.09385713046693478,0.16072434460690108,0.0012863644455805758,-0.12861544641593667,0.33377003382526804,0.0006098590842071147,0.0830649983794912,0.28181880429275064,0.18272400681070175,-0.31050500531800773,-0.13111696421642693,0.0690318487038212,0.5645441805475038,1.0,0.15085339188467456,0.14862028511825148,0.187759909068915,0.31609598889837354,0.013804909000442787,0.3097928944112988,0.12769883186422418,0.31101169961701214,-0.04331186349381696,0.20169811062369047,-0.26743690286533345,-0.14231445174307403,-0.06542747196063305,0.04494424080304199,0.15021431799403837,-0.041784476895196446,0.2618641785389858,-0.03799842057452743,-0.07242806995120214,0.04812591581570935,-0.09339699726567671,0.12568483614601925,-0.12180109281635298,0.1301136182081281,-0.12826304281338585,0.138318414001196,0.09470892466688273,0.33667325521415825,-0.24005258665157236,0.10461548293444471,-0.05780971118424957,-0.07206836264704405,-0.14444804557509802,-0.218971364924886,-0.232273231477128,-0.1932166871322472,-0.19654900099056452,0.016433328616359377,-0.2277686735108437,0.014761693910995266,-0.23715666896428947,-0.05589340247504188,-0.2695641059584511,-0.1857203503950846,-0.26788151570067603,-0.26677500490717454,0.3261522730488846,0.4906745424915665,-0.0984383773000954,0.019063574157677787,0.18776356091971863,0.3666531243866032,0.36713516869268303,0.433945779145193,0.30022778419387675,0.24449415019149393,-0.06699868076889719,0.030092163584656748,-0.09986351207621412,-0.08964563352764222,-0.16630163374675327,-0.19531011060543121,0.27362131220129,0.427385229176462,-0.0690117635244012,0.04296311174206978,0.21637672492890303,-0.2706085352882908,-0.17970301323339435,-0.3728037541026261,-0.3361364331460238,-0.1594891060725714,-0.04763565484532129,-0.1011909598433356,0.05290253666686447,-0.3082225985657356,-0.38539442271086016,-0.37830800622640565,-0.24895306002273276,0.02856934179954078,0.06896337650125305,-0.07430420830156984,0.12580534722253922,-0.1321349176279403,-0.10722290440824041,0.07473695262180063,0.08946212802475954,-0.00450273204088247,0.2792670735437104,0.029611945203978692,0.13425390405674975,-0.1909479748204887,-0.2825491744534777,-0.2560531709477009,-0.11132028100991934
#201,0.6945783710006528,0.5801092816352987,0.7391519489471258,0.7133844896766742,0.24052276244254042,0.39772489694933516,0.3553241702310252,0.6069905554008591,0.4137619997535001,0.7762867068065934,0.7149456558952284,-0.0829189243473458,0.11357986369466876,0.2856121643150269,0.22904864721751791,0.15085339188467456,1.0,0.7015853597301283,-0.025966485139249637,-0.15685155682964572,-0.08070316387224,-0.030379746835443037,0.5182487549471166,0.05286054038262267,0.2883099690962126,0.18141664422300027,0.13473047058662418,0.08720528422811286,0.2084759457152378,0.22948504338855236,0.5445758603532252,0.21233047423847498,0.4838391907498619,0.26437573892918603,-0.11770919399087951,0.2181989984799171,-0.025403187152788873,0.034781140016524624,0.029354489722322394,0.04385325037545591,0.07285077168172294,0.07254127732611484,-0.131897547325704,-0.0775689629200199,-0.41571756585884684,-0.2513395445229085,0.10050715078035487,0.043887942958090446,0.013960112659597292,-0.04132160480583566,-0.04559792209689273,0.054491091766445884,0.11342648596091606,0.08900564667430512,0.07481820630218153,-0.007622325589888025,-0.293013552931295,-0.2820096134972406,-0.042288432306098134,-0.14549338786763866,-0.07500810254397057,-0.10672625269894598,-0.002023125345214021,0.1051303938977573,0.20594612607101936,0.07902970324147407,0.32978860348660455,0.1410819520968471,0.3139313543345187,0.24739554565498226,0.5681923795003355,0.5592745598378578,-0.30450866629843837,-0.11556099275564097,-0.4200952220097048,-0.1866470075365071,-0.23463506598437922,-0.05788000931221955,0.36336006792442493,0.21499997717593247,-0.20906024184381947,0.13431507255771066,-0.11364833589723691,0.08228715415831686,0.11844230303970932,-0.0359953804087334,0.027394358803471085,0.026761675651741246,0.034809441860252796,-0.19305874458498998,-0.005811007591284858,-0.08258569296151405,-0.19840596712421313,-0.1212569670466113,-0.11318637677057704,0.5678810592193256,0.3369051477401891,0.6654804237972858,0.506535443494456,0.3224730333642219,0.27856317930130964,0.7126185139706117,0.5163507054919271,0.5413896205270534,0.4753888079902496,0.46418219083659334,0.2376551465989857,-0.053470399466829785,-0.1878530312644077,-0.20117954780957423,-0.16661112810236137
