,#10,#11,#12,#13,#17,#18,#26,#49,#50,#51,#52,#53,#54,#58,#101,#102,#201,#202,#301,#302,#401,#402,#501,#502,#601,#602,#701,#702,#801,#802,#901,#902,#1001,#1002,#1101,#1102,#1201,#1202,#1301,#1302,#1401,#1402,#1501,#1502,#1601,#1602,#1701,#1702,#1801,#1802,#1901,#1902,#2001,#2002,#2101,#2102,#2201,#2202,#2301,#2302,#2401,#2402,#2501,#2502,#2601,#2602,#2701,#2702,#2801,#2802,#2901,#2902,#3001,#3002,#3101,#3102,#3201,#3202,#3301,#3302,#3401,#3402,#3455,#3501,#3502,#3601,#3602,#3701,#3702,#3801,#3802,#3901,#3902,#4001,#4002,#4101,#4102,#4201,#4202,#4301,#4302,#4401,#4402,#4501,#4502,#4601,#4602,#4701,#4702,#4801,#4802
#10,1.0,0.4477299811632645,0.5232383808095952,0.40346749702072043,0.47115672932764385,0.45266597470495523,-0.041240918002537194,0.6884250182601007,0.33836158843655095,0.4725483412140084,0.6048975512243878,0.4255948948602622,0.33451735670626226,-0.2457309806635144,-0.1955099373390228,-0.1757428977818783,0.3492023219159651,0.3719678622227348,-0.2151693384077192,-0.12930457847999077,0.08152846653596278,0.016537884903701994,0.08904009533694691,0.1333410217967939,0.15466113097297504,-0.08806366047745358,-0.10499365701764503,-0.08855572213893054,-0.0001691461961327029,-0.03449813554761081,0.09143120747318649,-0.035659093530158,0.10128781762964671,-0.14215200092261562,-0.20443624341675315,-0.06975742897781878,-0.5201860608157459,-0.27097220620459,-0.008311229000884173,-0.055364625379617886,-0.04120639912051421,-0.07971398915926652,-0.028831737977165265,-0.10450928381962865,0.09552147003421366,0.24593856917694998,-0.14795679083535154,-0.13489409141583056,-0.34515819013570137,-0.22917771883289126,-0.1218083266059278,0.017045323492100105,0.11066774305155115,0.1450813055010956,0.06632068581094068,0.05945488794064506,0.013616268788682582,-0.17923346019298042,-0.14227501633798487,-0.11376619382616385,0.02147387844539269,-0.019451812555260833,-0.31638027140276015,-0.39955406911928654,0.09265367316341828,0.06037750355591435,-0.10084188674893323,-0.22029754353592435,-0.11268212047822243,-0.26918848268173606,0.29980394418175527,0.29633644716103485,-0.015953561680698114,0.3263598969745896,-0.25544151001422366,-0.15866682043593588,-0.18681428516510976,-0.17633490946834277,-0.21770653134970977,-0.028470380194518124,0.2004689962710952,0.3116057355937416,-0.08446545957790336,0.05920885710990659,0.32924307077230613,0.06016991504247876,0.0495752123938031,,0.08507284819128898,0.2276246492138546,0.29160804213277974,0.14111405835543767,0.03738899780878791,0.06441394687271748,0.1109214623457502,0.1276900011532695,0.12848960135316956,0.24411640333679313,0.37802637142966977,-0.13702379579441049,0.11697228308922462,0.3887825318110176,0.06625148963979549,-0.0024295544535424597,0.25483412140083805,0.10270249490639295,0.09965786337600431,0.12036289547533925,0.0960212201591512,0.18829047014954062,0.0625687156421789
#11,0.4477299811632645,1.0,0.42168915542228885,0.21145581055626034,0.33568600315227004,0.27582362664821436,0.44592319225002885,0.4057817245223542,0.3810094952523738,0.46336831584207894,0.5313343328335832,0.07834544266328375,0.3911890208741783,0.23033098835197785,0.028985507246376812,0.0299081228616461,0.3320570483988775,0.33244147157190634,0.1363087686925768,0.13091146734325146,0.11782570253334872,0.13066543651251297,0.04308614923307577,0.009856610156460232,0.18623765040556645,0.002098950524737631,-0.11843309114673432,-0.15371544996732403,0.09998077884134855,-0.0067889132356898476,-0.03457502018221659,-0.29341483104601546,0.06854265175104755,-0.06572098566101564,-0.1602890862261177,-0.09905816322607927,-0.23573597816476377,-0.13958405412678276,0.11325875523776573,0.05960096874639603,0.13016209234270834,-0.07217160650444009,-0.09935801330104178,-0.15207780725022105,-0.007050320993349479,0.10598546880405951,-0.20570483988774843,-0.17164494675739053,-0.352223888055972,-0.3394764156383347,-0.19344942913158805,-0.16550955291584976,-0.05612578326221505,-0.04900626609772037,0.1050013454811056,-0.004305539537923346,-0.17933341021796795,-0.22542574866412948,-0.16856187290969898,-0.1603582823972629,-0.25863991081382387,-0.16041979010494753,-0.0941836773920732,-0.19093530157997923,0.06432168531119056,0.15131664936762387,0.1528389651328182,-0.0007842232729788951,0.30819205781724524,0.08605697151424288,0.35606043132280013,0.18763695075539152,-0.08241263983392919,-0.06921154807211778,-0.24448544958290086,-0.12940452850497827,-0.34146003921116364,-0.26936531734132935,0.03216084265559528,0.030753853842309616,-0.09878906700495906,0.019828547264829122,-0.12499903894206743,0.02970053434821051,0.1009879675546842,-0.2204205589512936,-0.18047899127359399,,-0.08767154884096413,-0.08722561796025065,-0.05288894014531196,-0.17351324337831084,0.029931188252027834,-0.011840233729289202,-0.004290162611002191,0.386045438819052,0.13494022219659402,0.07041094837196786,0.13671625725598738,-0.1802637142966978,-0.031022950063429824,0.1647176411794103,-0.09567523930342521,0.061815246223042325,0.2224580017683466,0.06758159381847538,0.14903317571983238,-0.16280321377772652,0.017698842886249185,0.08310460154538116,0.03362165071310499
#12,0.5232383808095952,0.42168915542228885,1.0,0.5886287625418061,0.12780532810517817,0.41118671433514015,0.13029639026640527,0.1755045554146004,0.07800715027101833,0.48748702571791025,0.3394072194671895,0.07783031561142506,0.1966324530042671,-0.2749086994964056,-0.10130319455656787,-0.1338869027024949,0.5990850728481912,0.6249951947103372,0.003736593241840618,-0.20315995848229731,-0.14764156383346788,-0.181078691423519,-0.06348364279398762,0.03503632798985123,0.06392957367470112,0.1125898589166955,0.11365086687425519,0.1866912697497405,0.00962595625264291,-0.05987006496751624,0.10587783031561143,0.11519624802983124,0.37392842040518204,0.1726444470072656,-0.2718333141121747,-0.12029369930419406,-0.33712374581939797,-0.29417598892861263,-0.08777918732941221,-0.26994964056433324,-0.05215863637159593,-0.0237496636297236,-0.23489793564756084,-0.14829508322761695,0.1995233152654442,0.10440933379464114,0.08672586783531311,0.0754315150117249,-0.19168108253565525,-0.11345096682428017,0.3004882174297467,0.36446392188521126,0.34538115557605814,0.38745242763233767,-0.17814938684503903,0.21662245800176835,-0.24367816091954023,-0.48564948295083227,0.043040018452312305,-0.005750970668511898,-0.09892745934724945,-0.06718179371852535,-0.5301272440702726,-0.4212509130050359,0.488801752969669,0.4581247837619652,-0.13400991811786414,-0.2880713489409142,-0.06079268058278553,-0.27818398493061164,0.29100065351939414,0.4476992273094222,-0.4460000768846346,0.14390497059162727,-0.5427363241456195,-0.3492100103794257,-0.26164610002690963,-0.24064890631607272,-0.49586745088993966,-0.20662745550301773,0.10363279898512283,0.03675085534155999,-0.1096989966555184,-0.08125937031484258,-0.10798446930380963,0.0948295083227617,0.06892707492407642,,0.022903932649060085,-0.12608311229000885,-0.1396378733710068,-0.009702840887248683,-0.0002152769768961673,0.24663053088840195,0.1237842617152962,0.14601160957982548,0.19425671779494869,0.5866912697497405,0.6829508322761696,0.17315957405912427,0.5005881674547342,0.6246799677084535,0.2467535463037712,0.29651328182062814,0.46875024026448314,0.3966324530042671,0.5022488755622189,-0.1314804136393342,-0.054295928958597625,0.013931495790566255,0.0637604274785684
#13,0.40346749702072043,0.21145581055626034,0.5886287625418061,1.0,-0.04722254257486641,0.18376965363472111,-0.08107484719178872,0.09991927113366393,0.1273517087610041,0.5580517433590897,0.29372236958443854,-0.07123361396224964,0.029246915004036443,-0.44461615346173067,-0.014992503748125937,-0.05344250951447353,0.43602045131280515,0.2408641832929689,-0.0018529196939991543,-0.19030484757621188,0.05273517087610041,-0.19300349825087457,0.0033829239226540577,0.07808403490562411,0.0331065236612463,0.004820666589782032,0.12615230846115405,0.09195402298850575,0.026471379694768,-0.14958674508899397,-0.1031638027140276,-0.025717910275631414,0.18830584707646178,0.025179717833390996,-0.11658785991619575,-0.12045515703686618,-0.1787337100680429,-0.15286971898666052,0.15488409641333178,-0.08018298543036174,0.03828093315067455,0.17590435551455041,-0.08827124899088917,0.10815361549994233,0.11589589820474379,0.00337523545919348,0.11485795563756583,0.13318725252758237,-0.19392611386614386,-0.10382501057163726,0.21829854303617421,0.2469226924999039,0.33053473263368316,0.271864067966017,0.0841425441125591,0.132156998423865,-0.13873063468265867,-0.3347480106100796,0.05319647868373505,0.06905009033944566,-0.08201283973397916,-0.21584592319225002,-0.32492984277092224,-0.22954676507899896,0.19372621381616884,0.12882789374543496,-0.12813593203398302,-0.2491369699765502,-0.2133394841041018,-0.29160804213277974,0.018198593011186714,0.09601353169569062,-0.3357936416407181,0.11804866797370546,-0.4385115134740322,-0.4551570368661823,-0.2804367047245608,-0.30520124553108063,-0.3117671933264137,-0.21375466113097297,0.09502940837273671,0.06708184369353784,-0.07948333525544919,-0.19899281128666435,-0.2721254757236766,-0.16296467151039865,-0.10167224080267559,,0.07666166916541729,-0.1991850228731788,-0.11775650636220351,-0.12270787683081537,-0.1430438626840426,0.04643063083842694,0.05166647445508015,-0.16295698304693806,0.016868488832506825,0.28392726713566296,0.4684273247991389,0.049413754661130974,0.34558105562603314,0.37336716257255986,0.08844808365048246,0.2536654749548303,0.3976473301810633,0.2658440010763849,0.36780840349056243,-0.08725637181409296,-0.09663629723599738,-0.036120401337792644,-0.02741706070041902
#17,0.47115672932764385,0.33568600315227004,0.12780532810517817,-0.04722254257486641,1.0,0.2961288586475993,0.08062891631107523,0.4789989620574328,0.3262291930957598,0.19791642640218352,0.42502594856417947,0.4221812170837658,0.1681543843462884,0.1864221735286203,-0.1617191404297851,-0.20482835505324262,0.09179256525583362,0.1055779802406489,-0.1253834621150963,0.0479068158228578,0.1550839964633068,0.10256410256410256,0.058463076154230575,-0.12069349940414408,0.17398992811286665,-0.11834082958520739,-0.2786452927382463,-0.22860877253680853,-0.09949640564333218,-0.11469649790489371,0.002129704378579941,-0.06642832429938876,0.06372198516126552,-0.012716718563795026,-0.1947641563833468,-0.06707415523007727,-0.1922346519048168,0.08111328950909161,-0.10078806750470919,0.1189174643447507,0.001118673583736322,0.031161342405720216,0.09820474378195518,0.09130050359435667,0.010640833429439127,0.20832660592780533,-0.3086303002344981,-0.2993580133010418,-0.3429439126590551,-0.3066774305155115,-0.16274939453350248,-0.09622112020912621,-0.1878522277322877,-0.13883058470764617,-0.051220543574366666,-0.14995579133510167,0.17833390996809287,0.1288586475992773,-0.07985238150155691,-0.01669934263637412,0.07115672932764387,0.12383039249605966,0.10670049590589321,-0.043608964748395034,-0.15189328412716718,-0.10537039172721331,0.10029600584323223,0.2623073078845193,0.07489332256948449,-0.003067696920770384,0.2671279744743013,0.03376004305539538,0.3204167147195633,0.17732672125475724,0.11980932610617769,0.2554491984776842,-0.059747049552147005,-0.054295928958597625,0.0006688963210702341,-0.02176604005689463,0.12488371199015877,0.18855956637066082,-0.22684042594087572,0.2657978702956214,0.5609810479375696,0.23939568677199863,0.23493637796486372,,-0.061184792219274975,0.31941721446968824,0.3619651712605236,0.31617268288932454,0.3027640026140776,0.02830123399838542,0.16147310959904662,0.15279283435205473,-0.03237611963249145,-0.04350901472340753,-0.0538961288586476,-0.16622458001768348,-0.008403490562411102,0.09985776342597932,0.13597816476377195,-0.024241725291200552,0.1333410217967939,0.10463998769845846,0.07473186483681236,0.13492484526967286,0.1878906700495906,0.11960173759274209,-0.015107830700034599
#18,0.45266597470495523,0.27582362664821436,0.41118671433514015,0.18376965363472111,0.2961288586475993,1.0,-0.05490331757198324,0.1850613154960981,0.051182101257063774,0.1881982085880137,0.28508822511821014,0.4734863337561988,0.6652058586091569,-0.2291623419059701,0.10144158689885827,-0.1470187982931611,0.43023103832699033,0.4726482912389959,0.06674355130127244,-0.27255602967746895,-0.04089493714681121,-0.1674009149271518,0.002337292892015531,-0.03567447045707915,0.00722715565294276,-0.19626340675815937,-0.07484719178872103,-0.1550148002921616,0.33491715680621226,0.14944066428324299,0.4077884134855649,0.18888248183600506,0.08340445162034367,0.08467304809133895,0.30025756352592936,0.13080382885480338,0.08135932033983008,-0.21740668127474724,-0.01506938838273171,-0.21462345750201822,0.1443511789322986,0.27201014877176793,0.3029869680544343,0.0082343443662784,0.18784453926882713,-0.10371737208318918,-0.16922308076730866,-0.1351478107100296,-0.24602314227501634,-0.17740360588936302,-0.12661361626878867,0.054672663668165915,0.04400107638488448,0.08204359358782147,0.05104370891477338,0.1312036289547534,-0.009418367739207319,-0.329373774651136,-0.12902779379541,-0.19914658055587592,-0.016353361780648137,-0.12167762272709799,-0.25287356321839083,-0.22251950947603122,0.14784915234690346,0.14683427517010725,0.09166954984046438,-0.24350132625994694,0.08903240687348633,-0.08201283973397916,0.35075539153500174,0.47939876215738286,-0.004228654903317572,0.12652904317072233,-0.10430938376965364,-0.13377926421404682,-0.10112635989697459,-0.10381732210817668,-0.25108983969553683,-0.09577518932841271,0.08445777111444278,0.5062853188790221,-0.10817668089032408,0.01839080459770115,0.18682197362857034,0.03153807711528851,0.04795294660362127,,0.226125398839042,0.2953753892284627,0.13585514934840273,0.06933456348748702,-0.23975704455464575,0.1362395725214316,0.03512090108791758,0.1952715949717449,0.042824741475416137,0.11274362818590705,0.25691000653519397,-0.11948641064083343,0.047430131088302005,0.4332833583208396,0.29705147426286854,-0.19301887517779573,0.11614961749894284,-0.10433244916003537,0.18037135278514588,0.024956752393034253,-0.06136931534232883,0.007081074847191789,-0.2812286164610003
#26,-0.041240918002537194,0.44592319225002885,0.13029639026640527,-0.08107484719178872,0.08062891631107523,-0.05490331757198324,1.0,0.07644639218852112,0.35339253450197977,0.3255756737016107,0.19244224041825242,-0.12368431169030869,0.09546765078998962,0.6223119209625956,0.011601891362011302,0.2878022527197939,0.04188674893322569,0.23175335409218467,0.08150540114558105,0.30288701802944684,-0.08361972859723985,0.09000884173297967,-0.05095913581670703,0.08896321070234113,0.017937185253527083,0.22808595702148926,-0.006050820743474417,0.04860646599777035,0.10538576865413447,0.06298389266905009,-0.039311113673932266,-0.13866912697497405,-0.11382001307038789,-0.04929073924576174,-0.0755007111828701,-0.11907892207742282,-0.17678084034905625,0.05090531657248299,-0.1206550570868412,0.03825779417983316,-0.11598453847047618,-0.0876177295967401,-0.01743743512858955,-0.0632529888901703,0.09171568062122784,0.0635605274285934,-0.1496021220159151,-0.19133510167992926,-0.05408065198170146,0.03507477030715411,-0.042747856840810367,-0.007427055702917772,-0.03969553684696114,-0.010602391112136239,-0.08428862491831007,-0.06749702072040903,-0.15344635374620383,0.0522969284588475,-0.03626648214354361,0.036204974435858996,-0.39244224041825243,-0.3355322338830585,0.311398147080306,0.2621919809326106,0.1335178564563872,0.21811401991312035,0.4137777265213547,0.3682697112981971,0.3354169069311498,0.21989774343597432,0.29985007496251875,0.06112328451159036,0.002306539038173221,-0.08398108637988698,-0.16790066505208934,-0.01164033367931419,-0.328481912889709,-0.27035712912774384,0.11022950063429823,0.32063968015992006,-0.2068119786260716,-0.11610348671817937,-0.05995463806558259,0.04160227578518433,-0.070772306154615,-0.20125321954407413,-0.33883827317110676,,-0.18702187367854534,-0.22615615269288433,-0.13806942682504902,-0.22175835159343404,-0.031030638526890402,-0.05534155998923615,-0.045654096028908624,0.11324337831084458,0.2150001922115865,-0.0770999115826702,-0.17482797063006958,-0.16011225156652442,-0.1364779148887095,0.036589397608887866,-0.05315803636643217,0.06864260177603505,-0.09974243647407066,-0.06331449659785492,-0.0938069426825049,-0.4356898473840003,-0.07350939914658056,-0.04636912313074232,0.2310998346980356
#49,0.6884250182601007,0.4057817245223542,0.1755045554146004,0.09991927113366393,0.4789989620574328,0.1850613154960981,0.07644639218852112,1.0,0.6615999692461462,0.37926421404682276,0.659985391919425,0.45941644562334216,0.19926190750778458,0.13893822319609425,-0.019267289432206975,-0.12689808941683003,0.20904163302963902,-0.04442394187521624,-0.013162649444508515,0.014831046015453812,0.3349094683427517,0.08447314804136394,0.27080306000845733,-0.13074232114711876,0.4467227924499289,-0.22825510321762196,-0.3214700342136624,-0.48173605504939837,-0.08348133625494945,-0.1742436474070657,0.009410679275746741,-0.2412409180025372,-0.12011686464460078,-0.4168684888325068,-0.22339599431053703,-0.12334601929804329,-0.447030330988352,-0.20949525237381308,0.060177603505939335,-0.040664283242993884,-0.07023040447174868,-0.20922615615269288,-0.09409910429400685,-0.33863837312113176,0.10856110406335294,0.26432937377465116,-0.4661746050051897,-0.45619497943336024,-0.5186868104409333,-0.5671395071694921,-0.358828278168608,-0.3750432476069657,-0.09776650136470226,-0.21866758928228194,0.21304732249259986,-0.21230923000038443,0.19943105370391728,-0.04724560796524815,-0.20099950024987506,-0.20984892169299965,0.19923115365394226,0.1579825471879445,0.06471379694768001,-0.08185138200130704,-0.2175988928612617,-0.07728443470572406,0.04180217583515934,0.11967862222734786,0.15710606235343866,0.00740399031253604,0.34468150540114556,0.14946372967362473,0.3617268288932457,0.28439626340675817,-0.032053204167147194,0.05208165148195133,-0.22088186675892824,-0.21594587321723754,0.1853381001806789,-0.08950909160804213,0.07177949486795064,0.1659708607234844,0.01243993387921424,0.22467996770845347,0.4828508822511821,0.07745358090185676,0.04577711144427786,,-0.1806481374697267,0.2707492407642333,0.16262637911813324,0.12231576519432591,0.23513627801483875,0.011155960481297812,0.18007919117364396,0.22386499058163226,-0.09489101603044632,-0.08418867489332257,-0.029269980394418176,-0.4221504632299235,-0.21263214546572867,0.02490293314881021,-0.07569292276938454,-0.16909237688847883,0.04343981855226233,-0.06615922807826856,-0.18103256064275555,0.2384807596201899,0.23043093837696535,0.4801906738938223,0.08476530965286587
#50,0.33836158843655095,0.3810094952523738,0.07800715027101833,0.1273517087610041,0.3262291930957598,0.051182101257063774,0.35339253450197977,0.6615999692461462,1.0,0.3863299119670934,0.5312497597355168,0.2410025756352593,0.18493830008072887,0.33910736939222696,0.18105562603313727,0.1519855456886941,0.18610694652673662,-0.04580786529812017,0.15980471302810134,0.20834967131818707,0.32489140045361936,0.2149694383577442,0.2797908737938723,-0.056725483412140086,0.4001076384884481,-0.15576058124783762,-0.27912966593626265,-0.4755775958174759,0.08105947026486757,-0.14874101410833046,-0.07051089839695537,-0.15748279706300697,-0.04017222158151693,-0.3023180717333641,-0.06860415945873218,-0.13724676123476723,-0.25669472955829775,-0.05360396724714566,0.21518471533464037,0.11993234152154691,-0.06869270882400116,-0.24500826509822013,0.058732172375350784,-0.2674816437934879,0.25265059777803406,0.1922346519048168,-0.4953753892284627,-0.485072848191289,-0.5289816630146466,-0.47810710029600584,-0.1455272363818091,-0.28698727559297277,0.03760427478568408,-0.19803944181755276,0.21618421558451542,-0.10479375696767002,-0.04603083073847691,-0.026432937377465115,-0.14289009341483105,-0.23058470764617692,-0.1146657440510514,-0.17798792911236688,0.24237112213124207,0.12729788951678006,-0.15986622073578596,-0.03730442471072156,0.3019797793410987,0.2768461922884711,0.28290470149540614,0.16574789528312767,0.25724061046399876,-0.050643908814823356,0.22808595702148926,0.059147349402221966,-0.21564602314227502,-0.1225233537077615,-0.45681005651020645,-0.4116710875331565,0.3461807557759582,0.0415100142236574,-0.07909122361895975,0.004843731980163764,0.03555914350517049,0.20960289086226117,0.1679160419790105,-0.1445431130588552,-0.2620920309076231,,-0.13372544496982278,0.05370391727213317,-0.15488409641333178,-0.10185676392572944,0.0758774458924384,-0.07224849113904586,0.003990312536039672,0.1495021719909276,-0.034621150962980046,-0.13675469957329028,-0.10866105408834044,-0.41894437396686274,-0.22995425364240957,-0.1002729404528505,-0.10439395686771999,-0.12266943451351248,-0.056064275554530425,-0.10108022911621113,-0.1414062199669396,-0.15053242609464498,0.05210471687233306,0.2078576096567101,-0.024041825241225542
#51,0.4725483412140084,0.46336831584207894,0.48748702571791025,0.5580517433590897,0.19791642640218352,0.1881982085880137,0.3255756737016107,0.37926421404682276,0.3863299119670934,1.0,0.5669780494368201,0.05591050628531888,0.21661476953830777,-0.017921808326605927,-0.03948794833352554,-0.01548456540960289,0.4632299234997886,0.2098335447660785,-0.011209779725521854,-0.1455272363818091,0.11706454465075154,-0.011425056702418022,0.09492176988428863,-0.008034444316303386,0.23118440779610194,-0.04659977703455964,0.08402721716065044,-0.009664398569945797,-0.007365547995233153,-0.2848114404336293,-0.1931572675200861,-0.15542228885557222,-0.13512474531964788,-0.16293391765655635,-0.2037519701687618,-0.1648175912043978,-0.4134701879829316,-0.21475416138084805,-0.014723407527005728,-0.07594664206358359,-0.12587576572461212,-0.0016914619613270288,-0.22637911813324108,-0.16712413024257103,0.1746511359704763,0.18868258178603006,-0.1495406143082305,-0.18436166532118556,-0.17715757505862453,-0.19577134509668243,-0.031353553992234655,0.029746665128973976,0.09599046630530889,-0.019082766309153117,0.03948794833352554,-0.10876869257678853,0.09062391880982586,-0.16464075654480453,0.019843924191750278,-0.04992119324952908,-0.1833237227540076,-0.2777841848306616,-0.21267058778303155,-0.15347710760004613,0.15564525429592896,0.19165801714527353,0.04652289239995387,-0.11679544842963134,-0.09396840041517703,-0.2468919386460616,0.12181601506938838,0.05992388421174028,-0.13177257525083613,0.06698189366855034,-0.3195709837388998,-0.2151770268711798,-0.448175912043978,-0.36470226425248914,-0.056064275554530425,-0.1390304847576212,-0.006581324722254258,0.010325606427555454,-0.2109560604313228,-0.06139238073271057,0.006535193941490793,-0.22689424518509976,-0.17180640449006265,,-0.010056510206435243,0.05634874870257179,-0.007765348095183177,0.020535885903202246,0.12897397455118595,0.033744666128474224,0.007288663360627379,0.11165186637450505,0.08797908737938723,0.1653942259639411,0.16274939453350248,-0.1229000884173298,0.03683542843962634,0.2830277169107754,-0.03229154653442509,0.026702033598585324,0.22118171683389073,0.03512858955137816,0.020951062930073424,-0.2266405258909007,0.02715565294275939,0.26875792872794374,0.21571521931342022
#52,0.6048975512243878,0.5313343328335832,0.3394072194671895,0.29372236958443854,0.42502594856417947,0.28508822511821014,0.19244224041825242,0.659985391919425,0.5312497597355168,0.5669780494368201,1.0,0.3089839695536847,0.24224810671587282,0.06073886133856149,0.13332564486987275,0.04694575789028563,0.45361165571060624,0.19783185330411718,0.1028947064929074,0.025694844885249684,0.30654672663668164,0.1427363241456195,0.3116364894475839,-0.007942182754776457,0.3942182754776458,-0.09566755083996463,-0.15446123092300004,-0.24605389612885864,0.15027101833698536,-0.07389382231960942,-0.20230653903817322,-0.17144504670741553,0.026725098988967053,-0.2142544112559105,-0.3085149732825895,-0.25667935263137664,-0.3928343520547419,-0.23767347095682928,0.08682581786030062,-0.033206473686233806,-0.07656955477958784,-0.11199784723023104,0.007211778726021604,-0.27071848691039097,0.10972206204590013,0.2355898973590128,-0.36963056933071925,-0.32073963018490753,-0.47194864106408335,-0.39178103256064273,-0.1951716449467574,-0.07736900780379041,0.09552915849767424,0.021104832199284974,0.2569792027063391,0.000476684734555799,0.02239649406066198,-0.1952023988005997,-0.2313996847729981,-0.21573828470380194,-0.15488409641333178,-0.10873025025948564,-0.11603429054703418,-0.0760773459424134,0.0710798446930381,0.13277976396417177,0.07982931611117518,-0.07648483450582401,0.2609848921693,0.044485449582900856,0.5008418867489333,0.2332449160035367,0.13963018490754622,0.055718294698804446,-0.19454887940645063,-0.04047976011994003,-0.37093760811901744,-0.3482181985930112,0.1341021796793911,-0.02185061315496098,0.03947257140660439,0.050174912543728134,-0.0926152308461154,0.19563295275439205,0.17059931572675202,-0.13424826048514205,-0.1306577480490524,,-0.16282627916810824,0.11038326990350979,-0.005674086033906124,-0.017306731249759736,-0.016091954022988506,0.017222158151693385,-0.07921423903432899,0.451505016722408,0.055902817821858304,0.054618844423941874,0.10463229923499788,-0.3147733825394995,-0.08546495982777842,0.08527274824126398,-0.11505016722408026,-0.035789797408987814,0.2005151270518587,0.01506938838273171,0.1289509091608042,-0.02516434090646984,0.129773574751086,0.15821320109176182,-0.12551416599392612
#53,0.4255948948602622,0.07834544266328375,0.07783031561142506,-0.07123361396224964,0.4221812170837658,0.4734863337561988,-0.12368431169030869,0.45941644562334216,0.2410025756352593,0.05591050628531888,0.3089839695536847,1.0,0.4884327067235613,0.05346557490485526,0.02226579018183216,-0.2141237073770807,0.04782224272479145,0.09162341905970092,-0.02149694383577442,-0.171491177488179,-0.07812247722292699,-0.1961942105870142,0.018675277745742513,-0.12469150040364434,0.12877407450121092,-0.2988659516395648,-0.2925152808211279,-0.3607350171068312,0.1968015992003998,0.08739476415638335,0.44418559950793834,-0.036474070656979204,0.061453888440395184,-0.2546419098143236,0.18705262753238766,-0.005174335908968593,-0.05347326336831584,-0.197416676277246,-0.11555760581247837,-0.189520624303233,0.03265296707991862,0.023888055972013992,0.29073155729827393,-0.004374735709068543,-0.09632107023411371,-0.15054011455810556,-0.3175412293853073,-0.23770422481067158,-0.32205435743666627,-0.34346672817437435,-0.21750663129973474,-0.1993234152154692,-0.3450505516472533,-0.22990043439818553,-0.04652289239995387,-0.26972667512397647,0.16110406335293892,-0.10066505208933994,-0.2101718371583439,-0.3515088609541383,0.2909698996655518,0.22165840156844654,0.04284011840233729,-0.09469111598047131,0.03065390381732211,0.0702956214200592,-0.0003844231730288702,-0.027355552992734403,0.01098681428516511,-0.09469111598047131,0.2562334217506631,0.302956214200592,0.3337869526775074,0.4085188175143198,0.13640103025410372,0.11415061699919271,0.15557605812478376,0.12732864337062239,-0.1138507669242302,-0.05265059777803406,0.4664206358359282,0.5203705839387999,0.21023334486602852,0.42967746895782877,0.6547956790835352,0.3002344981355476,0.29512166993426364,,0.20199900049975011,0.6165686387575443,0.21622265790181833,0.4450543958789836,-0.006419866989582132,0.1667550839964633,0.047891438895936646,0.038242417252912005,-0.17349017798792912,-0.03841156344904471,-0.07134125245069772,-0.08320455157036866,-0.09529850459385691,0.12562949294583478,0.13743897282128167,-0.30869180794218276,-0.030630838426940376,-0.15845154345903972,-0.13922269634413562,0.3554914850267174,0.29491408142082803,0.15160881097912582,-0.2320532041671472
#54,0.33451735670626226,0.3911890208741783,0.1966324530042671,0.029246915004036443,0.1681543843462884,0.6652058586091569,0.09546765078998962,0.19926190750778458,0.18493830008072887,0.21661476953830777,0.24224810671587282,0.4884327067235613,1.0,0.002122015915119363,-0.04996732403029255,-0.1527390151078307,0.23830392496059663,0.3276592472994272,-0.02471841002575635,-0.181078691423519,-0.14360512051666474,-0.08406565947795333,-0.05069003959558682,-0.08306615922807827,0.09054703417522009,-0.1780186829662092,-0.053642409564448545,-0.18229346865029025,0.34202898550724636,0.24436243416753162,0.4506669742052051,0.046722792449928885,-0.018790604697651175,-0.11474262868565717,0.3810710029600584,0.12874332064736863,0.02572559873909199,-0.20763464421635336,-0.04377042248106716,-0.1802637142966978,0.08661839583761789,0.10021912120862646,0.28005228155153195,-0.048222042824741476,0.13352554491984778,-0.12541421596893862,-0.21060239111213624,-0.15744435474570406,-0.14398185522623302,-0.15014800292161612,-0.11900972590627763,-0.09699765501864452,-0.18930534732633683,-0.2328681812939684,-0.007957559681697613,-0.09837388997808788,0.05286587475493023,-0.13057317495098605,-0.021396993810786913,-0.11233613962249644,-0.031107523161496176,-0.144327836081959,-0.14189828162841656,-0.21816783915734442,0.02656364125629493,0.10686964210202592,0.17571983239149655,-0.28605697151424286,0.03605120516664745,-0.05949333025794795,0.08143620497443586,0.21075616038134778,-0.014008380425172029,0.13060392880482835,-0.055718294698804446,-0.057025333487102606,0.0008918617614269788,0.06360665820935686,-0.038872871256679355,0.009272286933456348,0.016876177295967403,0.5074770307154115,0.01445431130588552,0.0728789451428132,0.2512666743551301,0.032760542805520314,-0.009279975396916926,,0.27762272709798946,0.4125937031484258,0.15881290124168684,0.14866412947372468,-0.14381270903010032,0.19679391073693922,0.05523392150078807,0.24127167185637952,-0.04228654903317572,0.06672817437435129,0.064513896897705,-0.05664859877753431,-0.061569215392303846,0.23509783569753584,0.12678276246492137,-0.15556836966132317,-0.012339983854226733,-0.22725560296774688,-0.027347864529273826,-0.006112328451159036,0.15589128512666744,0.04106408334294391,-0.13939184254026832
#58,-0.2457309806635144,0.23033098835197785,-0.2749086994964056,-0.44461615346173067,0.1864221735286203,-0.2291623419059701,0.6223119209625956,0.13893822319609425,0.33910736939222696,-0.017921808326605927,0.06073886133856149,0.05346557490485526,0.002122015915119363,1.0,0.013654711105985469,-0.04081036404874486,-0.2383116134240572,-0.24608464998270096,0.022765540306769694,0.17312882020528197,0.027609272286933457,0.06575173951485795,0.005066697420520509,-0.16013531695690617,0.13449429131588053,-0.12575250836120402,-0.04291700303694307,-0.0794525814016069,-0.07256371814092953,-0.2195671395071695,-0.0927536231884058,-0.2613231845615654,-0.1244300926459847,-0.2857033021950563,0.06061584592319225,-0.031015261599969247,0.0732556798523815,0.02650213354861031,-0.1141198631453504,0.16571714142928537,0.06346454362165958,-0.21325491100603544,-0.01074847191788721,-0.13132664437012262,-0.05763272210048822,0.004113327951408911,-0.12938915157805714,-0.09735132433783109,0.05561834467381694,0.030377119132741322,-0.20542805520316765,-0.2098719870833814,-0.29185407296351823,-0.3355168569561373,-0.03443662783992619,-0.3479029715911275,0.10743858839810864,0.2399723215315419,-0.009556760081497712,-0.0965286587475493,-0.07517010725406527,-0.007380924922154307,0.6578172452235421,0.44792219274977896,-0.16472532964287087,-0.07024180217583516,0.5934955599123515,0.5955330027294046,0.36803136893091914,0.3276592472994272,0.1575443047706916,-0.17947180256025833,0.4664513896897705,0.02084342444162534,0.31710298696805445,0.40242955445354245,-0.040041517702687116,0.09821243224541576,0.3875523776573252,0.14622688655672164,-0.08610310229500634,-0.12083189174643448,0.07866066966516741,0.19497174489678237,0.2322915465344251,-0.07785338100180679,-0.1239226540575866,,-0.30696190366355286,0.016530196440241417,0.0030369430669280745,-0.041671471956329524,0.2478760619690155,-0.10992196209587514,-0.06683581286279937,0.20577403605889363,-0.17317495098604543,-0.33991465805558757,-0.5233537077615039,-0.1769653634721101,-0.36425633337177565,-0.4024679967708453,-0.16367969861223233,-0.14228270480144542,-0.16429477568907855,-0.09641333179564064,-0.2732479913889209,-0.06804290162611003,0.12393803098450774,-0.00013839234229039325,0.06058509206934994
#101,-0.1955099373390228,0.028985507246376812,-0.10130319455656787,-0.014992503748125937,-0.1617191404297851,0.10144158689885827,0.011601891362011302,-0.019267289432206975,0.18105562603313727,-0.03948794833352554,0.13332564486987275,0.02226579018183216,-0.04996732403029255,0.013654711105985469,1.0,0.4765924729942721,0.24450082650982202,-0.07146426786606697,0.7518548418098643,0.16497904893706994,0.5997462807058009,0.31509629800484373,0.49201553069619036,0.02638680659670165,0.15564525429592896,-0.22053588590320225,-0.30583938799830857,-0.4052742859339561,0.46630530888401955,0.04806058509206935,-0.08284319378772152,-0.021097143735824397,-0.2686579787029562,-0.19080459770114944,0.18444623841925192,-0.08817129896590166,0.33494022219659403,0.026448314304386267,0.593541690693115,0.21781416983815785,0.04596172291117342,-0.016268788682581786,0.3250374812593703,0.029946565178948985,-0.19024333986852726,0.00788067504709184,-0.39457194479683233,-0.334394341290893,-0.4845884749932726,-0.24536962288086725,-0.1847230231038327,-0.18712951216699342,-0.0005689462960827279,0.041271671856379505,0.6452542959289586,0.2692115480721178,-0.27201014877176793,-0.00402875485334256,-0.6381347787644639,-0.35849767423980317,-0.22688655672163918,-0.12805135893591665,0.2381809095452274,0.2039134279014339,-0.18981278591473494,-0.05168953984546189,0.13658555337715758,0.07995233152654442,0.5465344250951447,0.44321685311190556,0.3300734248260485,0.0739399531003729,0.20242955445354247,-0.12254641909814323,0.05193557067620036,-0.04705339637873371,-0.4600315227001884,-0.41257832622150464,0.36265713297197555,0.1282743243762734,0.01353169569061623,-0.1845154345903971,0.004636143466728174,0.14226732787452429,-0.19936954599623266,-0.4102948525737131,-0.38895167800715025,,-0.10971437358243954,-0.23346019298043286,-0.39760119940029987,-0.4522046668973206,-0.42952369968861726,-0.3779264214046823,-0.45968554184446236,0.26724330142620994,0.2544112559105063,-0.33424826048514206,-0.2688732556798524,-0.18872871256679352,-0.3553838465382693,-0.21348556490985277,-0.16680121477722676,-0.4077115288509591,-0.34340522046668975,-0.3470956829277669,-0.28576480990274095,-0.16663975704455464,-0.12991965555683696,-0.14751085995463806,-0.4976511744127936
#102,-0.1757428977818783,0.0299081228616461,-0.1338869027024949,-0.05344250951447353,-0.20482835505324262,-0.1470187982931611,0.2878022527197939,-0.12689808941683003,0.1519855456886941,-0.01548456540960289,0.04694575789028563,-0.2141237073770807,-0.1527390151078307,-0.04081036404874486,0.4765924729942721,1.0,-0.06971129819705532,0.08963210702341137,0.5241379310344828,0.7275592972744397,0.11269749740514358,0.6202283473647792,0.1334179064313997,0.3627417060700419,0.015353861530773075,0.5267750740014608,-0.2538038672971207,-0.04367816091954023,0.3621650713104986,0.39968477299811633,-0.09964248644908315,0.21829085457271363,-0.2759850843808865,0.19815476876946142,-0.05049013954561181,0.07657709606735094,-0.15478414638834428,0.3366624380117634,0.09609810479375697,0.3023795794410487,-0.3878068423619249,0.15866682043593588,0.13345634874870257,0.25908584169453736,0.019943874216737784,0.03100757313650867,-0.38427709222311923,-0.42512589858916694,-0.3147656940760389,0.00459001268596471,-0.09137738822896244,-0.13553992234651904,0.03408295852073963,0.3120747318648368,0.13912274631914812,0.500518971283589,-0.5709068542651751,0.15806712028601083,-0.3634106023911121,-0.1313343328335832,-0.5101910583169953,-0.3744512359205013,0.010617768039057394,0.2774074501210933,0.16935378464613846,0.2800984123322954,-0.014585015184715335,0.13928420405182024,0.38972052435320803,0.4016683965709453,0.21363164571560372,0.03937262138161688,-0.1826086956521739,-0.23287586975742897,-0.2482066658978203,-0.22441855995079382,-0.4914619613270288,-0.5203013877676547,0.14629608272786684,0.6295544535424595,-0.149840464383193,-0.2443701226309922,-0.1136816207280975,-0.03482873947641564,-0.3203936493291816,-0.41359320339830086,-0.5448429631338177,,-0.0339906969592127,-0.38712951216699343,-0.3726521354707262,-0.49248452696728556,-0.36737784953677005,-0.3504094106792757,-0.3086994964056433,-0.01652250797678084,0.6379195017875677,-0.3041325491100604,-0.14630377119132743,-0.30355591435051704,-0.33730826894245186,-0.17027640026140775,-0.23867297120670433,-0.1948641064083343,-0.4914927151808711,-0.4146388344289394,-0.31530388651827934,-0.48297389766655136,-0.25341175566063123,-0.1895129358397724,-0.16803905739437974
#201,0.3492023219159651,0.3320570483988775,0.5990850728481912,0.43602045131280515,0.09179256525583362,0.43023103832699033,0.04188674893322569,0.20904163302963902,0.18610694652673662,0.4632299234997886,0.45361165571060624,0.04782224272479145,0.23830392496059663,-0.2383116134240572,0.24450082650982202,-0.06971129819705532,1.0,0.3788644139468727,0.1555606811978626,-0.2909083919578672,0.26439856994579636,-0.011955560681197862,0.2648291238995887,0.004843731980163764,0.31396609387613883,-0.1981932110867643,0.13170337907969093,-0.012278476146542113,0.22521816015069387,-0.06399108138238573,0.038488448083650484,0.045077461269365314,0.2528120555107062,0.1055779802406489,-0.08585707146426787,-0.14727251758736018,-0.030715411525006727,-0.33761580748087494,0.2910467843001576,-0.07269442201975936,-0.09127761365029288,0.12124706877330566,-0.09232306923461346,-0.1579441048706416,0.05408834044516204,0.05275054780302157,0.015676776996117327,0.03395225464190981,-0.24599238842117402,-0.1840695037096836,0.1302887018029447,0.18289316880021528,0.3493330257947949,0.1763195325414216,0.254234421250913,0.2793833852304617,-0.20070733863837312,-0.4425787106446777,-0.09486795064006458,-0.06253796178833661,-0.2150770768461923,-0.08202821666090032,-0.39550224887556223,-0.342490293314881,0.16925383462115096,0.20136854649598276,0.010979125821704532,-0.2778149386845039,0.09338407719217315,-0.13418675277745742,0.2873793872294622,0.3347787644639219,-0.12088571099065852,0.1282051282051282,-0.3235689847384,-0.2342290393264906,-0.4185138200130704,-0.36456387191019873,-0.054949448352746705,-0.2345058240110714,-0.08880175296966901,0.0710106485218929,-0.24399338792142392,-0.18017914119863146,-0.17763425979318034,-0.17498173989928112,-0.12314611924806827,,0.10154922538730635,-0.1841694537346711,-0.36443316803136894,-0.2527351708761004,-0.2190597009187714,0.026217660400568946,-0.08205897051474263,0.4644447007265598,0.12552954292084728,0.4186599008188214,0.40787298658363125,0.10939914658055587,0.22375735209318418,0.380732710567793,0.181424672279245,-0.031207473186483682,0.3912197747280206,0.20748087494714182,0.39066620535885904,-0.2303771191327413,-0.17674239803175334,0.021297043785799406,-0.1343020797293661
