,#10,#11,#12,#13,#17,#18,#26,#49,#50,#51,#52,#53,#54,#58,#101,#102,#201,#202,#301,#302,#401,#402,#501,#502,#601,#602,#701,#702,#801,#802,#901,#902,#1001,#1002,#1101,#1102,#1201,#1202,#1301,#1302,#1401,#1402,#1501,#1502,#1601,#1602,#1701,#1702,#1801,#1802,#1901,#1902,#2001,#2002,#2101,#2102,#2201,#2202,#2301,#2302,#2401,#2402,#2501,#2502,#2601,#2602,#2701,#2702,#2801,#2802,#2901,#2902,#3001,#3002,#3101,#3102,#3201,#3202,#3301,#3302,#3401,#3402,#3455,#3501,#3502,#3601,#3602,#3701,#3702,#3801,#3802,#3901,#3902,#4001,#4002,#4101,#4102,#4201,#4202,#4301,#4302,#4401,#4402,#4501,#4502,#4601,#4602,#4701,#4702,#4801,#4802
#10,1.0,0.13461180749316343,0.41628701120226547,0.5532595769883906,-0.07264398450839128,0.1978423724186436,0.1327563310614158,0.5693591896981728,-0.09421794676031964,0.4447868515665126,0.35023436379368583,-0.082304492473984,0.20797947408116899,0.011353109658194404,-0.10353280861755439,0.07567151126473161,0.5175784413072548,0.24127070059273448,0.05888060633823346,0.11601123465530246,0.08453893030164217,0.1246602534738128,0.31505018115187605,0.03732931699033394,0.3123123123123123,0.22441686678974815,0.2155087290680511,0.43231212722738144,-0.04416450348653739,-0.024113327503158012,0.25858909757214843,0.11198378656005775,0.17501723603418518,0.177720401449215,-0.14958379026175636,-0.16457381881110694,-0.050700315107094766,0.05291670715399529,0.08240628918595021,0.08828967642526965,-0.12773312603821077,-0.07533835838920584,-0.2881439220422271,-0.05752624735675583,-0.22449182618674143,-0.15493829731117867,-0.00025634262922398515,0.3468699824632028,0.1989079989079989,0.14955232582351227,0.20305436407131322,0.1889374736832364,0.2478245579940495,0.2545301850386596,0.08849974782178172,0.1757126926618452,-0.025638427333342588,-0.07060203500881466,-0.07410152833881647,0.018869871412244294,0.19755363992652128,0.07443005409107104,-0.11368101537593063,-0.19192058005617327,0.3897194575160677,0.3132955760074404,-0.09661340847781526,-0.19238051610932966,0.015160306685730415,0.09897971931870236,0.15999713118357187,0.22860209978854046,-0.0826459741713979,0.025915129304959813,-0.07614347783839309,-0.1120846578473697,0.10742098030233624,-0.03602770721414789,-0.0569538722081095,0.0018318781030645438,-0.09828102370475252,0.010698371715320868,,-0.296495879546727,0.013036919816580833,-0.06285021539258827,-0.09805198110282856,-0.15786356464322565,0.004039478615749802,-0.25890605551622503,-0.08437189115155216,-0.09739076518737536,-0.22638154333069588,-0.10910988029632097,-0.20634656227876566,0.39891401416825145,0.21507239134357778,0.32712743560201185,0.33066302049352897,0.28799909308383886,0.39521555453758844,0.1301910539198675,0.16391028933401816,-0.0010994044892349978,0.17282074061735078,0.31459394679733665,0.22709689658842203,0.13378216429063886,-0.002955343633309735,0.21376337817015784,-0.14486088553885165
#11,0.13461180749316343,1.0,0.4764368374537866,0.29161704076958317,0.19130239638714214,-0.10403855319109556,0.32490086388391476,-0.26555014182132824,0.6383079535621908,0.38797734560446423,0.1951077425653697,-0.23239125103531882,-0.024425658323963408,0.39135098118148964,-0.03964149048894811,-0.11766034138915495,0.22432710059828703,0.20128402670775553,-0.282832909951554,-0.16783408986798817,-0.13217423895389996,-0.06785213564874581,0.017228630787952823,0.04500016194931449,0.04344776209182989,-0.1204805730229459,-0.13614338529592768,0.07932092338872,-0.3987853801413123,-0.2200539522573421,0.288104591494422,-0.2334878792505911,0.4203283406673237,0.39719179888671413,-0.14140951429087023,-0.3353179065043472,0.18839147313723584,0.20705913926252908,0.0859733385157114,0.08322251373098831,0.030545028850113596,0.1277136921204718,0.1193131498216244,0.16265818977683386,-0.3296640245792788,-0.010662742866132696,-0.22406844440742746,0.14151686355076185,-0.08310776107386277,-0.07150062234807998,-0.09086096882707052,0.10430415006686193,-0.061394522411471565,-0.0020683241022224075,-0.2035577950832188,-0.07494505291115461,-0.3152958813975763,-0.4235867608748965,-0.08633795582948126,0.10539892743282574,0.11163027434213875,0.2995368249605538,-0.1791275096359842,0.029877334962080726,0.17038687377670428,0.2383158196717519,0.23951702087295307,0.23761943761943763,0.06528917206883308,0.06802426463443413,0.3798974629483104,0.25860668064057896,-0.22603080738673959,-0.3123775547504361,-0.2573804929737133,-0.05423404914930339,-0.06902002156239444,-0.18660679169153746,-0.35313371923541415,-0.19680265781960699,-0.4591276947209151,0.10924360415885839,,-0.26086101509830323,-0.3064585386619285,0.2308092375888986,0.033457340237001254,0.0651901516308296,-0.10286789100348423,-0.11723927317147656,0.29104420290860966,-0.12144208923869941,-0.23404313404313404,-0.06435541859270673,-0.04772507484371891,0.28515850210765464,0.10349995604232892,0.4390112762994119,0.21459626035897222,0.0420096521791437,0.10978960470485895,-0.06046956046956047,0.4344267225623158,0.06692115844658217,0.25933961696673563,0.3582638108061837,0.31442968392120935,0.05456766473715626,-0.05560599119921154,0.06115946454929506,-0.07131646284188657
#12,0.41628701120226547,0.4764368374537866,1.0,0.5725778166456132,0.07934082001878612,0.004299985655917859,0.3479258919936886,0.009016412406242914,0.24842423316999587,0.3915439322218983,0.2686290296459788,-0.23147924503856707,-0.08435893520639283,0.2649328835769514,-0.10343656445351361,-0.019961872504245387,0.5404669692805286,0.6919011461384342,-0.10608975693721456,-0.06110856619331195,-0.01376893071808326,0.11706992045975097,0.24392574392574393,0.11865054576918983,0.28322899170356797,0.05773724417792214,-0.12066195625517659,0.2926308434783011,-0.25266776792200524,-0.23370951845528118,0.48877876335503456,-0.017793602539365252,0.40096753147600606,0.2346330922602109,-0.22775163453129554,-0.37759269284693014,-0.10717713090594447,-0.1026083093879704,-0.08037590749455156,0.07349259891632773,-0.15333176011142113,-0.056379646210154684,-0.05299629367425977,-0.11706020350088146,-0.3613005918090664,-0.20258795004557717,-0.2736776838471754,0.2592577168848355,0.025287691389386305,0.17417556231115552,0.318833779850729,0.342764335984675,0.2956986262071008,0.47369711776491435,0.1375902867428291,0.3163351332842858,-0.355844750760005,-0.2466663890392704,-0.26918058273990475,0.0272273814646696,0.3068337983592221,0.34180744689219267,-0.3496263597958513,-0.03911122216206962,0.37629524748168813,0.34214939130193367,0.02110430923990246,0.04719480651684042,0.05666976683925837,0.13680182493741816,0.5507960965588085,0.4101884627308356,-0.09772715704919095,-0.16384458418356723,-0.07197860418199402,0.24176719091973328,0.16989732413461228,-0.108282550655432,-0.1854236362710939,-0.07023834311969905,-0.24884530138767427,0.04995858724672284,,-0.19365343772123433,-0.20974657245843686,-0.02584849872985466,-0.05008213143806364,-0.15476940731178018,-0.19524794440048676,-0.14802398700703787,0.05586973722566943,-0.21032172388104592,-0.36444333393485934,-0.17300582554819843,-0.38766547749598596,0.5899651577617679,0.3935164748724071,0.6644252881541017,0.48332569857993585,0.3804231041519177,0.4679877103605917,0.3805013025352008,0.44312340075051937,0.38429184191896054,0.6271154050815068,0.45013117894473825,0.36959378484802213,0.26107154920714243,0.1335313742093403,0.127520278367736,-0.26486856656348184
#13,0.5532595769883906,0.29161704076958317,0.5725778166456132,1.0,0.03008786907091992,0.039796499118533016,0.18540697862731761,0.2089937395022141,0.02100066167862778,0.6804041329465058,0.3574864540966236,-0.18697881240254122,0.15045276401208604,0.10357167645303239,-0.12079336655607842,-0.0037461190003562884,0.4986863597033089,0.24301142436735657,0.07333990384837842,0.1469088502986808,-0.07154735629311901,0.06398756229264704,0.18881485491654984,0.0725958624263709,0.20455170116187066,0.23132377369665505,0.06838471753725991,0.5455901201663913,-0.022178727263473027,-0.02157720123821819,0.25890975721484194,0.18888287362863634,0.3632629547883785,0.34330385855809586,-0.00046548860108182143,-0.06394267919691649,0.12732455105336463,0.12890887806142043,0.0740756164484978,0.19085958069008915,-0.007188698714122443,0.12791821096905842,-0.0020914597185783626,0.032612427527681766,-0.23389645423543728,-0.231397344956667,-0.048915633661396375,0.527147332232078,0.0860048029539555,0.20080789572314997,0.24239185256134407,0.3586358315171875,0.18336549184006812,0.27257133867303357,-0.05509608221472628,0.246245320821592,-0.32066334439215793,-0.057892715519834166,-0.22289454323352628,0.0021044156637376977,0.004281014450505976,0.021988089784699953,-0.03090964616388345,-0.002219631033190355,0.5284767047478912,0.454255796628678,-0.023940273092815465,-0.07321635965703763,0.12520671673214046,0.24780142237769356,0.2065580218122591,0.38678771221144104,-0.17399741806521468,-0.06908156230190128,-0.12830688932383846,-0.017341069883442764,0.023453037012359047,-0.12082112929570557,-0.04522827912658421,0.04126884974342601,-0.10372761050727153,0.04972584294618193,,-0.3125395040649278,-0.07652429008361211,-0.1565036531138226,-0.2366449654585248,-0.024531156734546564,0.1392120934493816,-0.17070013002216392,0.09952757071401139,-0.11517974060346942,-0.21425755493552104,-0.2329326244580482,-0.24772322399441044,0.4763405932897458,0.25445059851839513,0.38269779795203523,0.4775963945455471,0.3014927099672862,0.4540184252048659,0.08813559322033898,0.29442385374588764,0.07504268521217673,0.3338173304274999,0.3277747701476515,0.2904630362257481,-0.021895084606949014,0.0665028665028665,0.009628118102694374,-0.18364219381168534
#17,-0.07264398450839128,0.19130239638714214,0.07934082001878612,0.03008786907091992,1.0,0.1286951049662914,0.061760990574549895,-0.1747585798433256,0.20900484459806493,0.13374005746887102,0.005875521129758418,-0.14233910335605252,0.009952016731677749,0.2685448160024431,-0.14304011253163795,-0.17090464887075058,0.09136625068828459,-0.03174530462666056,-0.45813193779295475,-0.3276493751070022,-0.31362826617063905,-0.26430313209974227,-0.021064053267443098,0.04463369378623616,-0.14942415450890026,-0.12222823748247477,-0.1757682181410995,-0.07426347765330817,-0.19592442982273492,-0.0261594414136787,0.04391139984360323,-0.04854361295039261,0.44572338131660166,-0.0026814179356552236,0.02399857484603247,0.03906448821703059,0.14348616721498078,0.0967184441760713,0.12766649546310563,-0.002959045331926688,0.18980274573494912,0.06861792455012794,-0.013726823896315422,-0.02437244640634471,-0.16565101310864022,0.18762799779748932,0.11037169681237478,0.05182331792501284,-0.1901414511584003,-0.1994961062757673,-0.3149752217548828,-0.17425144713280308,-0.35930445082987456,-0.13187532679058103,-0.33205300832419476,-0.1462860395063785,-0.23270450728077846,-0.29248555180758573,-0.0215605435944419,0.050266290944257046,-0.04116381404516998,0.2092824719943364,-0.03583568159839346,-0.13015958948162337,-0.16358731612968902,-0.17237468593400798,-0.049933138068731286,0.09267896556032149,-0.18994664926868315,-0.29880527677137847,-0.12092801584327008,-0.17004354122998191,0.10969058426685545,0.07400482146244858,0.062149668929329945,0.07316361045174605,-0.14498951956579076,-0.23658342471901794,-0.22987826038673495,-0.15004002461629581,0.12996108589328928,0.3115127454110505,,0.24263246297144603,0.3423580745614644,0.23995706029604336,-0.019329344753073567,0.3723052790849401,0.013352489623676064,0.12881679830832374,0.15038428258767242,-0.1607300675097285,0.2124427971885599,-0.01286340269391117,0.14754230347450686,-0.042071655630977665,-0.031114165012470097,0.09223152273999731,-0.08957046414673533,0.09786782159663515,-0.04693846388761643,-0.03936849021594784,0.44934364256398157,0.10399783450630909,0.13569686790025773,0.2971279445855717,0.22142913329354008,-0.07751356903899277,0.05496467191382445,-0.11988413683328937,-0.11036151714117816
#18,0.1978423724186436,-0.10403855319109556,0.004299985655917859,0.039796499118533016,0.1286951049662914,1.0,0.04517738077060111,0.18888981431354313,-0.06299550706330367,0.04999560423289237,0.16787203227881195,0.4326864615000208,0.5065404387438286,0.0696025763822374,-0.2327244039108446,-0.14958425297408348,0.1472230319687947,0.07299009332907638,-0.12739303247777825,-0.22614648546851937,-0.19182526131678673,-0.27442079984452866,0.1070591392625291,-0.17698098715047866,0.03945270385948352,-0.131269173642055,-0.049520861385268164,-0.1123798683120717,0.1987016292101038,0.2574188980968642,0.08183669031126659,0.11937561598578547,0.07338339880712762,0.008762846050981644,-0.016685869228242108,0.12178634721007603,0.061749422766371916,0.09653104568358806,-0.0453805114822064,-0.03691796573152505,-0.13640898217169403,0.12095948028151418,0.13287663626646679,0.1299860723589537,0.08260109107566735,-0.024754646788545092,0.20412091598532275,-0.04392296765178121,0.05048237760102167,-0.09708306148984115,-0.04547166581064886,-0.20304742338640644,-0.0379192752074108,-0.10670192534599314,-0.07545403647098563,-0.1648727309744259,0.011732533766432072,-0.20354345100107812,-0.05146471587149553,-0.1347853246158331,0.06326850733630394,0.025675444319512117,0.05812499710804796,-0.018143875770994414,-0.18714585155263122,-0.15460606986030714,0.014504180605875522,0.011474803000226729,-0.26057505888014365,-0.13813397372719408,-0.26129920367208503,-0.17075935720003516,0.08172517664043087,-0.005100477981833914,0.10812800473817423,-0.0162763688187417,-0.01751412429378531,-0.0252705710332829,0.20376046308249698,0.10222425815646155,-0.034647436342351595,0.1609618863856152,,0.03313436703267212,0.1890786009430077,0.2958369771929094,0.12472873489822642,-0.20117991643415373,0.026339436508928036,0.05468288010660892,0.18060541280880263,0.28008301059148516,0.19932027559146204,0.07322746475288848,0.012812504337928066,0.03214369994031011,-0.08829152727457812,-0.08125876261469482,-0.0587968554070249,-0.049816534562297274,-0.008812818982310507,0.09171189679664256,-0.05601410347173059,-0.04355187236543169,-0.12145041806058755,-0.056590643031321,-0.13005547920802157,-0.018620932180254214,0.0841086078374214,-0.09615486056164023,-0.13458034305491934
#26,0.1327563310614158,0.32490086388391476,0.3479258919936886,0.18540697862731761,0.061760990574549895,0.04517738077060111,1.0,-0.2178967873883128,0.3384976656163097,0.29510681714071546,0.11489332167298269,-0.15033569779332492,0.10625818422428591,0.5305038474529999,-0.09686281042213246,0.047268377776852354,0.09886080225063276,0.051830258609919626,-0.14152334152334153,-0.16072358953714885,-0.17217849590730946,-0.049255264509501795,0.08830263237042899,0.13903626276507633,0.038580491122864005,0.041870375768680856,-0.1577437221505018,0.13420971048089692,-0.39805707093842685,-0.23707991504601675,0.24768990870685786,-0.2996053063849674,0.3281361484751315,0.23985109917313308,-0.30494593206457615,-0.28192321751643784,0.030028179180721554,0.10602682806072637,0.11593627525830916,0.028083399269839947,-0.18530610734000563,0.033775686318059196,0.02689098960285401,0.29862019184053085,-0.25285747997612407,0.21503491164508115,-0.08630556596658291,0.18775940809839115,-0.051866812883762034,0.08858442417764452,0.006938371345151006,-0.06153703780822425,0.06020951614171953,0.06084898457779814,-0.11814989103124697,0.029285988608022506,-0.43290208544445835,-0.3731742528352698,-0.14599406802796633,0.11144148771267415,0.0763641916184289,0.19141576090728632,-0.31057621566096144,-0.027549891956671617,0.2541401185468982,0.2854569515586465,0.32552691366250686,0.5455933591526811,-0.035519186366643994,-0.0016065371997575387,0.23325235867608748,0.196829957846907,-0.21685429651531346,-0.34679132136759255,-0.3359837495430716,-0.10925979909030757,-0.1533456414812347,-0.35337386693318895,-0.2769254616712244,-0.23852589106826394,-0.42628946357759917,-0.06857535501603299,,-0.15018577899933833,-0.33484316365672295,0.12943266841571927,0.0591503676249439,-0.21749283952673784,-0.18674699352665455,-0.05810602590263607,0.3311211056973769,-0.15563838106210987,-0.24352364691347742,0.013239125103531884,-0.12699463716412868,0.15924476093967618,0.009078878570403993,0.31034624763438323,0.12963394827801608,0.1141256819222921,0.11845250489318286,-0.06214457909373164,0.20331440839915416,0.14783473766524613,0.16868316698825173,0.28177052244848855,0.2543881323542341,0.061749885478699036,-0.05029821809482826,-0.12273675832997867,-0.13399963908438484
#49,0.5693591896981728,-0.26555014182132824,0.009016412406242914,0.2089937395022141,-0.1747585798433256,0.18888981431354313,-0.2178967873883128,1.0,-0.5035055085902543,0.07273421341217952,0.29481715922393886,0.22611039390700408,0.2919594478916513,-0.22484626382931466,-0.12332486569774706,0.13872254380728957,0.25354136879560607,0.15169237033643812,0.38781678442695394,0.265179971959633,0.20853195259974922,0.1735916193543312,0.1857359670918993,-0.1405521083487185,0.16707339080220437,0.21957134330015685,0.33839309263038075,0.24918215596181698,0.3801806428925073,0.2032135371118422,0.0451311095378892,0.35047682505309624,-0.2935076833381918,-0.11993596061392671,0.06345035328086175,0.21267646691375505,-0.17155522240268004,-0.14150899744120082,-0.19090307564883835,-0.1709495319664811,0.005370701980871472,-0.07566040616888074,-0.2653752365616772,-0.14672885520343149,0.0747849544459714,-0.25232304723830146,0.21150858100010642,0.12462369919997039,0.29454508437559285,0.10302151149608776,0.2762087202765169,0.1490104896884558,0.2962895098488319,0.17318119352017658,0.17221458746882476,0.15573231166451507,0.32588875470231404,0.2196523179574027,0.03109288024542262,-0.10412739395790244,-0.006733852496564361,-0.32131669419805015,0.1748552867196935,-0.06383856892331469,0.18166502403790538,0.0425908188620053,-0.2799372562084427,-0.3906939296769805,0.10362350023366973,0.14656042791636012,0.009642924897162185,0.12197235756557791,0.1370447489091557,0.2896574540642337,0.09041630228070906,-0.05475136153102255,0.14854361295039262,0.23967202950253796,0.3007866109561025,0.2842205842205842,0.279585132127505,0.00464655718893007,,-0.03376550664686258,0.18531674972352938,-0.3282906943923893,-0.1634609956643855,-0.077102680492511,0.13881184728642357,-0.006285946963913065,-0.28183900387290217,0.05606453911538657,0.02668878431590296,-0.14664047714895173,-0.025215045554028606,0.18990454244691532,0.12583369193538685,-0.13278270566406158,0.14708236742135047,0.08207221088577021,0.1570973130295164,0.18891109908059062,-0.18451163027434214,-0.08508354271066136,-0.038082149946556725,-0.15364224008291805,-0.11698524410388818,-0.05079841012044402,-0.039927909419434846,0.013519528773766061,-0.004719665736614889
#50,-0.09421794676031964,0.6383079535621908,0.24842423316999587,0.02100066167862778,0.20900484459806493,-0.06299550706330367,0.3384976656163097,-0.5035055085902543,1.0,0.309626729965713,0.12037229833840003,-0.17920478259461312,0.01971570954621802,0.46014704997755845,0.12288899068560086,-0.21565448345109361,0.15441311881989847,0.014638367180740063,-0.4375324477019392,-0.4068735916193543,-0.18696770730669035,-0.26785444921038143,-0.12702795245168128,-0.02520671673214046,-0.03112249383435824,-0.37587880638728094,-0.29066153981408216,-0.1446054683342819,-0.40433885349139587,-0.2859853690362165,0.1007287719152126,-0.36666898022830224,0.3922116261099312,0.21718837481549347,-0.15339931611118052,-0.27202302456539745,0.2559322033898305,0.22090626836389549,0.14674505013488065,0.011687650670701518,-0.10811227251905219,0.09869052411425293,0.15227168616999126,0.2378197920570802,-0.200707024435838,0.1533669262482822,-0.2124890684212718,0.02880106608920168,-0.2767167784116937,-0.14374991324143865,-0.19087161121059426,-0.08033194982347525,-0.2552321196388993,-0.17395808751740954,-0.380762272287696,-0.35499798720137704,-0.34273981223133765,-0.5371368286622524,0.012460380256990427,0.04483497364853297,0.08136842543622205,0.35282323926391723,-0.1321436999403101,0.050681806614010005,0.014508807729146712,0.06986447155938681,0.47266665741242014,0.426525909576757,-0.00341898138508308,-0.013286784473225151,0.30447396549091466,0.06271973051634068,-0.21239236154490393,-0.4383338654525095,-0.24334642809219081,-0.06048390455170116,-0.15175067208965515,-0.24657847369711777,-0.24373510644697086,-0.3616735379447244,-0.40123544191340804,0.11114442639866369,,-0.2146272620848892,-0.11905032921982074,0.39188633934396644,0.26703220940509076,-0.018926322316152825,-0.21866026272805933,-0.09596005867192307,0.392121397206143,0.0057700227191752615,-0.053461782275341596,0.13136402966911442,0.048240999088456714,0.12737637483400197,-0.1369119504712725,0.4594062475418408,-0.15009416195856873,0.04188518256314867,-0.038595297917331815,-0.1167071539952896,0.27398446212005534,0.13924957314787823,0.20616610447118922,0.3799090307564884,0.19848878153962898,0.04977165146656672,0.009901118375694648,0.11328262006228108,-0.04066917456747965
#51,0.4447868515665126,0.38797734560446423,0.3915439322218983,0.6804041329465058,0.13374005746887102,0.04999560423289237,0.29510681714071546,0.07273421341217952,0.309626729965713,1.0,0.33004020970122666,-0.22004330987381834,0.17906967059509432,0.218344230208637,0.044769268498082056,-0.06531554667147887,0.6550590652285567,0.0914078947977253,-0.24383967943289978,-0.17249499113905895,-0.10345183396030853,-0.1717481734430887,0.1443537528283291,0.0155304765474257,0.19751662294035174,0.06629834765427986,0.011124067056270446,0.3272222916290713,-0.199627053864342,-0.188527973273736,0.1807715265342384,-0.00299930130438605,0.4959952248087841,0.33252913930880035,-0.10586256518459908,-0.1741334554893877,0.30673153893492877,0.23991541618660261,0.35573786421244047,0.21249230740756164,-0.05111397992753925,0.04346164346164346,-0.09971543191882175,0.020264949078508402,-0.38020100223490055,-0.13838013668522142,0.022455429235090252,0.4850104341629765,-0.030119333509164018,-0.043665236885575866,0.018763910289334017,0.08404706709791455,0.0017009305144898366,0.01494514545362003,-0.24625411235580727,-0.00751676175404989,-0.28981523896778133,-0.29387368878894304,-0.023170319780489272,0.025604649333462893,0.1024653312788906,0.20262172804545686,-0.0815174188055544,-0.12514795226659634,0.4253533965398372,0.3462800242461259,-0.01669188448849466,-0.01853486768741006,0.050846069490137286,0.13781331408450054,0.15392588273944205,0.2243793870912515,-0.23114609216304133,-0.23393254579695258,-0.2076671432603636,-0.12905925956773415,-0.07141872226617989,-0.22893293910243062,-0.15666699056529565,-0.2601655584706432,-0.23973958550229738,0.00434116705303146,,-0.3471341912019878,-0.05848545001087374,0.068093671483502,-0.08090293683514023,0.04935844935844936,0.1555129860214606,-0.3839577636187806,0.03819320090506531,-0.20688793570149502,-0.23197943706418284,-0.06535071280833993,-0.09967841493265223,0.49841058315634584,-0.03579450020127986,0.5395961446808905,0.2768764141645498,0.3756442112374316,0.31383417315620704,-0.02825321469389266,0.3592308795698626,0.06388530286835371,0.28974074228311514,0.5299453536741673,0.44004127393957904,0.02984309424987391,-0.009323653391450002,0.10710726134454948,-0.15430067972440853
#52,0.35023436379368583,0.1951077425653697,0.2686290296459788,0.3574864540966236,0.005875521129758418,0.16787203227881195,0.11489332167298269,0.29481715922393886,0.12037229833840003,0.33004020970122666,1.0,0.26695401102180766,0.28713752273074306,0.059400232281588215,-0.09550567516669212,0.04046743199285572,0.2982537236774525,0.2540179624925388,0.16163929723251758,0.0888990685600855,-0.10488531674972353,-0.05082247116145421,0.13688835214258943,0.008026208026208027,0.013585696636544095,0.047625128981061186,0.018495537139604935,0.1791275096359842,0.18354594964764456,0.12625846185168219,0.19559081423488203,0.05590629149951184,0.05667254311322108,0.10976369281454028,-0.06882845865896714,0.02147124011530791,-0.018847661220542575,0.0304700694531203,-0.19691648505207826,-0.05637872078550045,-0.023439618354872592,0.027306505272606967,0.05355941457636373,-0.005311474803000227,-0.011637215027045535,-0.19281824197078434,0.033401814757746964,0.16902048427472155,0.14874766908665213,0.1336641726472235,0.13460810579454646,0.11268710929727879,0.12204315255162713,0.07935608952558106,-0.054415432381534075,0.02427388868066834,-0.07097174215818283,-0.032825275198156555,-0.15490174303733625,-0.09716866327035818,0.04148262283855504,-0.050198272232170535,0.10710448507058677,0.1783330325703207,0.1436439521185284,0.21457914000286882,0.14070989325226613,-0.023476172628715,0.11189818477954071,0.20609854847142983,0.1687451704400857,0.2573485658231421,-0.043676804693753846,-0.15875752485921976,-0.2012516368448572,-0.03633402277470074,-0.09595358069934341,-0.07171948527880731,0.1831910492927442,0.28806433552196264,-0.1529847258660818,-0.07135718152667306,,-0.1926405604371706,0.042791636011975,0.013413104938528667,-0.10136731492663696,-0.15161093296686518,0.008528713613459376,-0.18609780813170643,-0.016564638598536904,0.1022862616082955,-0.08200881929695489,-0.11991189957291652,-0.03268507336303946,0.23619891077518196,0.16120527306967986,0.1391834052851002,0.13892151010795079,0.03943697164036147,0.025866544510612308,0.17471832387086625,-0.009705853773650384,0.05182424334966708,0.039268081640962994,0.01649893344808599,-0.009734541937931768,-0.04166030437216878,-0.05938403735013904,-0.060761069235645504,-0.03187440136592679
#53,-0.082304492473984,-0.23239125103531882,-0.23147924503856707,-0.18697881240254122,-0.14233910335605252,0.4326864615000208,-0.15033569779332492,0.22611039390700408,-0.17920478259461312,-0.22004330987381834,0.26695401102180766,1.0,0.4284470911589556,-0.12598870056497175,-0.12353863879287608,-0.15815646154629207,-0.18345849701781905,-0.08130595927206097,0.28295414058125923,0.003927502232586979,-0.05306061068772933,-0.2986016833474461,-0.14372307592646574,-0.35337340422086183,-0.11836551497568447,-0.24078855434787638,0.00026328331413077175,-0.330787490109524,0.4707746267068301,0.28941360466784194,-0.005985183951285646,0.24003387054234512,-0.4083672270112948,-0.09923513652327212,0.1550451838587432,0.3768875192604006,0.020304279626313523,0.03311678396424159,-0.3469643757779351,-0.31264731603714657,-0.08496925276586294,0.08871999888949042,0.32221528153731543,0.09860353419675454,0.4742704183382149,-0.2353646404493862,0.2351318961488453,-0.23301174826598556,0.018794449302923878,-0.051084829050930744,0.015995502436180403,-0.05560460306223018,0.010888083769439701,-0.15242438123794055,0.006316485977502927,-0.20687081534539162,0.2768338446304548,-0.0678974814568035,0.035471064284623606,-0.4203857169958865,-0.17595607934590984,-0.3547694073117802,0.4410069545662766,0.20233808538893286,-0.280859441876391,-0.29700532581888517,0.23156160783279428,-0.05074149650420837,-0.0685952516460991,-0.0041671872180346755,-0.2842538995081368,-0.1916739543858188,0.009790067417186061,-0.11938718379396346,-0.0029747775510487375,-0.1114549063701606,-0.09877473775778861,0.03798266679622612,0.3574795134117168,0.2539036725477403,0.08820083565846278,0.004789998010336994,,0.15939421702133566,0.26814595797646645,0.25005066699981954,0.15342291443986358,-0.25726481489193354,-0.016971825446401717,0.29026823433603094,0.08935484020229784,0.5834473919219682,0.27578672663418424,0.20004025597245936,0.15394254038321836,-0.1727892761791067,-0.0956070091663312,-0.33420554606995284,-0.17952544223730665,-0.22108209904820075,-0.1819556073793362,0.13431104448053602,-0.43600966143339026,-0.13634373973357025,-0.2691477301646793,-0.5580232003960818,-0.4490840609484677,-0.1862347709805337,-0.092482775533623,-0.18369586844163116,-0.009656343554648639
#54,0.20797947408116899,-0.024425658323963408,-0.08435893520639283,0.15045276401208604,0.009952016731677749,0.5065404387438286,0.10625818422428591,0.2919594478916513,0.01971570954621802,0.17906967059509432,0.28713752273074306,0.4284470911589556,1.0,0.13446651582244804,-0.254702776736675,-0.15747581171309985,0.0707575063507267,-0.1664977766672682,0.03373404220861848,-0.022716861699912546,-0.15005575683541786,-0.2425542645881629,-0.06592632694327609,-0.199009332907638,-0.024718555227029804,-0.08983467288552034,0.07915480966328424,0.03221356950170509,0.1944132113623639,0.29148424233169995,0.01928122267105318,0.0875280519348316,-0.06929440997237607,-0.022971353479828056,0.03363826075690483,0.252985651290736,0.15115978844792405,0.16104841359078648,-0.09376587681672427,-0.16868039071428903,-0.23775963945455472,0.12930310896412592,0.2322570644604543,0.3485602705941689,0.1898069101458932,0.02990047057843668,0.1745577626933559,0.11962594335475692,0.18655820689718994,0.014506031455183997,0.03732977970266106,0.036732418088350295,-0.002400551553093926,-0.1124284531064192,-0.1800011105095851,-0.24967540730252594,0.08745355525016542,-0.1541831507933203,0.029539092250956658,-0.08700564971751412,-0.0594603848841137,-0.1937473683236395,0.20282902316800622,0.10968086730798596,0.04830068897865508,-0.007300212384958147,0.26249577775001504,0.12229810704386976,-0.0647010647010647,0.03417130535774603,-0.10569876502079892,-0.011801940615499938,-0.10318577437221504,0.0057237514864633505,-0.020820203871051327,-0.18155906291499513,-0.07553454841590435,-0.053513606055978935,0.11874493908392214,0.11422331422331422,-0.08906657042250263,-0.014168714168714168,,-0.10520875266637979,0.15574249133571166,0.16903482835686226,0.03825289079526368,-0.26951003391681355,-0.04077421026573569,-0.03204467950230662,0.2940037109528635,0.3776704285178861,0.17925753179990467,0.010611844510149595,0.08393462800242461,0.004008014177505703,-0.088368800233207,-0.18162939518871724,-0.1985734578954918,-0.1378827209335684,-0.06791737808686961,-0.04597602224720869,-0.11159557091760482,-0.22590911404470726,-0.1739668790516248,-0.14793699708953947,-0.10577927696571765,-0.1213014246912552,-0.07864027355552779,-0.05183858743180777,-0.058306380340278643
#58,0.011353109658194404,0.39135098118148964,0.2649328835769514,0.10357167645303239,0.2685448160024431,0.0696025763822374,0.5305038474529999,-0.22484626382931466,0.46014704997755845,0.218344230208637,0.059400232281588215,-0.12598870056497175,0.13446651582244804,1.0,0.16065603353738947,-0.10649416751111666,0.03766200715353258,-0.016040385531910957,-0.12589384453791233,-0.09447937922514194,-0.05604926960859164,-0.23140336021691954,-0.27147332232078,-0.19103541137439442,-0.020611520611520613,-0.10870500701009175,-0.3160533414770703,-0.09258272139628072,-0.25896805896805897,-0.017605278622227775,0.11821328262006228,-0.16970992564212903,0.43186653525636576,0.21965046710809422,-0.060529713072085954,-0.1736924906416432,0.23241577478865613,0.4033444847004169,0.05334147707029063,-0.01780470763521611,-0.15652725144250568,0.1839198212079568,-0.08219991948805508,0.20026328331413076,-0.4245006177209567,0.005601132719776788,-0.014260331209483753,0.2080734046835742,-0.17827287996779523,-0.3155915545746054,-0.18869223614986327,-0.19411383648671784,-0.27100089303479136,-0.21922060735620058,-0.42662307916545206,-0.2433630857359671,-0.31260567192770583,-0.45621677147100875,-0.09337766117427135,-0.0954325666190073,0.1628872323787578,0.3261515753041177,0.10399968535561756,-0.11291892817316546,-0.020912283624148032,0.0040228209719735146,0.4426611511357274,0.4032491659610304,0.3142311803328752,0.2522476251289811,0.3318406233660471,0.3108223786189888,0.06216632657310624,-0.08309850682732038,-0.02974962635979585,-0.06293535446077819,0.09595774511028748,-0.17926169621084875,-0.24680381460042478,-0.20195542229440536,-0.27972811023658484,0.07691528200002776,,0.010587320756812282,-0.006062456909914537,0.21650263514670295,0.017705224484885502,-0.11029627470305436,-0.20629982833372665,0.08129346603922875,0.33382565924938806,-0.1674033046914403,-0.16985105290190036,-0.09719642600998533,-0.056046493334628925,-0.05094416450348654,-0.1149807743028082,0.22439049218710236,0.0823503009943688,0.16886778920677226,0.1841567299194418,-0.24910673385249657,0.3703563347631144,0.12337483862907592,0.3815854375176409,0.33141724158673314,0.3339112610299051,0.17318767149275624,0.05129351231046146,-0.12989399260585702,-0.11222439697015968
#101,-0.10353280861755439,-0.03964149048894811,-0.10343656445351361,-0.12079336655607842,-0.14304011253163795,-0.2327244039108446,-0.09686281042213246,-0.12332486569774706,0.12288899068560086,0.044769268498082056,-0.09550567516669212,-0.12353863879287608,-0.254702776736675,0.16065603353738947,1.0,0.39321802542141526,-0.020205721900637155,-0.1948398321279677,0.13083653761619862,0.23721410162088127,0.4946940777449252,0.29282980977896234,0.027308356121915445,-0.03426708680945969,0.15382130975351313,-0.10759496013733302,-0.18938908091450465,-0.26425223374375917,-0.036103592035795426,-0.12808617554380267,-0.08653831026712383,-0.17592970474326405,0.02451449909077028,-0.15344096022062123,0.07631930852269836,-0.121720179347298,0.21530374750713735,0.15493413290023458,0.34230162365755584,0.21690334402198808,-0.04134889897601762,-0.04573309827547116,-0.11987441987441988,-0.14505522471624166,-0.11033282897689678,-0.020972898939000634,-0.16630899003780358,-0.1540841303553168,-0.3121452731622223,-0.2750343563902886,-0.14233216267114573,-0.13813813813813813,-0.25087429494209157,-0.026073376920834546,0.06869103309781276,-0.0742375657629895,-0.12982180948282643,0.04952780207017495,-0.27678618526076154,-0.2557679405137032,0.008217770929635337,-0.0672802232124266,0.057903820615685025,0.04890267771623704,-0.12052453069402222,-0.08618017092593364,0.10499914398219483,-0.050453689436740286,0.3851159325735597,0.2784750852547463,0.1674569793213861,0.17772919298343026,0.3269927863148202,-0.012839804365228094,0.2647251257420749,0.04029298944553182,0.12662493001476052,-0.19970756580926072,0.12449599059768551,-0.15787466973907652,0.0032001184543557423,-0.021206105951868663,,-0.02221759509895103,-0.04559567271431678,-0.12614324648222952,-0.21193566447803736,-0.04275045461486139,-0.06563296732788258,-0.05086272713391357,-0.1120457900118917,-0.3133362946922269,-0.24113882757950555,-0.2135639491571695,-0.2837426023866702,-0.14486042282652453,-0.1890198364774636,0.07187680747002781,-0.11801616716870954,-0.07706427536936011,-0.10491909474960322,-0.05065219302507438,0.004424455271912899,-0.07864258711716339,0.0588186028863995,0.024272037831359866,0.028230541789863825,0.07565022649768413,-0.1500932365339145,-0.12474076541873153,-0.24655394994378046
#102,0.07567151126473161,-0.11766034138915495,-0.019961872504245387,-0.0037461190003562884,-0.17090464887075058,-0.14958425297408348,0.047268377776852354,0.13872254380728957,-0.21565448345109361,-0.06531554667147887,0.04046743199285572,-0.15815646154629207,-0.15747581171309985,-0.10649416751111666,0.39321802542141526,1.0,-0.014482895838828043,0.12566433922366127,0.2022325869783497,0.22584479703123772,0.12328322158830633,0.6157178750399089,0.32286631778157204,0.45339237542627375,0.01746692763641916,0.35110657653030536,0.05719725889217415,0.06735471989709278,-0.12633989922125516,-0.18728235168913135,0.08976989315972367,-0.3454961895639862,-0.1485871079091418,-0.2614750343563903,-0.335666791598995,-0.31135172152121304,-0.30355918322020015,-0.28919983157271295,0.06279839161195093,0.2859400232281588,-0.06133344438429184,-0.2739354146133807,-0.27834136139220883,-0.17019669901025833,0.04198327757649792,0.3328548887870922,0.02998884863291643,-0.17532910414266348,-0.005705705705705706,0.054416357806188316,0.09893159723668198,-0.13482511787596532,0.12748279866923934,0.18954177598245395,0.3420115030284522,0.36584720313533875,-0.1381830212338687,0.42021497614717956,-0.1690750843293216,0.15442653747738494,-0.13753753753753753,-0.1698177376143478,-0.33447623278131755,-0.012244756312552924,0.11877871708380183,0.08326184427879343,-0.14412193395244244,-0.03914407473729507,-0.010741403961742944,0.10593891271857374,0.07774585062720656,0.03225567632347293,0.3149858641384065,0.1389483474229237,-0.038905777888828735,-0.03992420772081789,0.02254843441284119,-0.05311335989302091,0.03592035795425626,0.10645853866192849,0.045962603589722234,-0.2083038354224795,,0.028777467760518607,-0.29993151857558636,-0.3524891609637372,-0.29044313959568197,-0.08597796563898259,-0.06734870463684023,-0.1890633314362128,-0.31498447600142515,-0.35889032329710296,-0.16345127870551598,-0.14183011979622148,-0.24869769615532328,0.0166081335572861,0.12892044586959842,0.027343059546449378,0.18786444379664718,0.0994142061938672,-0.037098423539101505,0.18933771984619444,-0.1882230458501645,-0.03773557841354452,-0.10638913181286062,-0.0418666740700639,-0.09584993313806874,-0.04440557660896644,-0.1356455068319475,-0.09090307564883836,-0.015267193233294929
#201,0.5175784413072548,0.22432710059828703,0.5404669692805286,0.4986863597033089,0.09136625068828459,0.1472230319687947,0.09886080225063276,0.25354136879560607,0.15441311881989847,0.6550590652285567,0.2982537236774525,-0.18345849701781905,0.0707575063507267,0.03766200715353258,-0.020205721900637155,-0.014482895838828043,1.0,0.4491682745920034,-0.2510061679553205,-0.2741436351605843,-0.03142140599767718,-0.06026226534701111,0.32375056103869665,0.06174109394448377,0.3051698848309018,0.08827995946640015,-0.011808881300406724,0.2427314834094495,-0.0798511917155985,-0.23887199988894905,0.3522420725810556,0.0072335818098529965,0.4018101306236899,0.12458066695354832,-0.15826519894316504,-0.24597278326091884,0.14846032473151116,-0.05397909465706076,0.24778198845995456,0.10631648597750293,-0.12925035975883434,-0.07710036693087541,-0.23060009161704076,-0.15398510991731332,-0.3068166780031187,-0.1893802893802894,-0.035594145763637286,0.3033879796591661,-0.010070008375093122,0.04241498817770004,0.18824803231582893,0.17743860964199948,0.21383463586853418,0.2610771017550679,0.004398543381594229,0.1422812643151626,-0.18811477116561862,-0.23345919108630972,-0.04458418356723441,-0.007880916355492627,0.1979247352128708,0.2797739187569696,-0.20123312835177243,-0.17139882563611378,0.3517492839526738,0.21185746609475423,-0.3081645590120166,-0.254096623588149,-0.01446346192108904,0.03116413794379896,0.2967425052170815,0.16174063123215665,-0.09004890869297649,-0.12670729280898774,-0.06035064340149086,0.093885256597121,0.04776579352850539,-0.08594233678979442,0.03019475561848443,-0.17354395998463795,-0.012538115927946436,0.10288871305820459,,-0.1882452560418662,0.037046599758464166,-0.003946010725671743,0.002690672182197606,-0.03357625730507086,0.1728522050555949,-0.37119708306148985,-0.10242091089548716,-0.1969803393532207,-0.199106502496333,-0.032757256486070044,-0.2109028905639075,0.739804365228094,0.11159001836967938,0.6747997612404392,0.29719179888671415,0.37994419689334946,0.30785546717750106,0.4244256583239634,0.2950230662095069,0.19818154055442191,0.29991624906879144,0.4857864027355553,0.27245242160496397,0.23336248420994185,0.1593831119254848,0.13682449784144698,-0.23191280648907767
