,#10,#11,#12,#13,#17,#18,#26,#49,#50,#51,#52,#53,#54,#58,#101,#102,#201,#202,#301,#302,#401,#402,#501,#502,#601,#602,#701,#702,#801,#802,#901,#902,#1001,#1002,#1101,#1102,#1201,#1202,#1301,#1302,#1401,#1402,#1501,#1502,#1601,#1602,#1701,#1702,#1801,#1802,#1901,#1902,#2001,#2002,#2101,#2102,#2201,#2202,#2301,#2302,#2401,#2402,#2501,#2502,#2601,#2602,#2701,#2702,#2801,#2802,#2901,#2902,#3001,#3002,#3101,#3102,#3201,#3202,#3301,#3302,#3401,#3402,#3455,#3501,#3502,#3601,#3602,#3701,#3702,#3801,#3802,#3901,#3902,#4001,#4002,#4101,#4102,#4201,#4202,#4301,#4302,#4401,#4402,#4501,#4502,#4601,#4602,#4701,#4702,#4801,#4802
#10,1.0,0.3690259144462653,0.39210561152524115,0.3302058274409199,-0.05002670415900158,0.09374118420391934,0.26630209022810375,0.5848238210227921,0.3685630423569045,0.4343693938384147,0.44588733127308083,0.15221096742092602,0.0015702958455632294,-0.08573815316775234,-0.11798582168925488,-0.11625301848292988,0.3555031109204033,0.05751117238105237,-0.01635207493597849,-0.03818649089091465,-0.16992518270666052,-0.05045031885222329,0.09961701214696873,0.08632792707253945,0.06744877138044525,0.1404008819219691,-0.05885322755138839,-0.09370923050938754,-0.12149616327424943,0.018300337339717986,0.08511916445653613,-0.1752011941552128,0.09953575846658785,-0.08780327479720816,0.04469408902299297,0.07357657702894549,-0.17504142568255374,0.0025416881593302507,-0.18733446845029147,-0.1321531768819585,0.023545308056439354,0.05936905147740189,0.15315497085366578,-0.14046205042292997,-0.22827628077254905,-0.2257985000022824,-0.10175973560600182,-0.1746050295115193,-0.010520982165273638,-0.07896214400160681,0.15377304660218108,-0.14928766085261586,-0.001121118196716073,0.08595269940246592,-0.03559824163383805,-0.036829828317364095,-0.20382713964220991,-0.06370288541861623,-0.04164661952735921,-0.10020222123825132,0.022787549014685004,-0.05435506032401046,-0.07859604595854236,-0.31995325630971344,0.19944583164054833,0.008424819803986908,0.004660674588139702,-0.1705624306718949,0.17796929706436843,-0.02416155787955283,0.3505521141933746,0.29082061652371194,0.1015826208420255,-0.09392560266950294,-0.08441070540063085,-0.15611205704190956,-0.09705432584551758,-0.2181469596059653,0.08074698608188363,-0.1954214920549421,0.15035765313808105,0.04613200527692441,,-0.020176475690085682,0.06651846238821912,0.007381303436848088,-0.1345277928670224,-0.03830791493013553,0.1204508209817088,0.14662820050486838,-0.17788530449588483,-0.0781769960788252,0.05738883537913059,-0.03053495049459754,0.16192580352129712,0.06093021769595603,0.15263549507684865,0.2535050920494643,0.14947207931819945,0.10404853309718032,-0.030742193027703854,0.17965371324754528,-0.008268703182131494,0.3144407875216258,0.12572591946756015,0.1023969835712362,-0.0880543395399581,0.011405643022454318,0.06499746652850498,-0.008779049331939544,0.042294823045004495
#11,0.3690259144462653,1.0,0.24055197724896948,0.2745990952539634,-0.15562088310882058,0.2120209798828669,0.24389615962239863,0.3335719209191709,0.34052048003578816,0.40746712193073353,0.3570432789968366,0.210196880406451,0.22085206808875824,-0.08573815316775234,0.038600062994426365,0.10035286008390128,0.292312397576997,0.003622635997206334,0.07721108154126363,0.12187778168322932,-0.14378249576613547,0.07287085686114293,-0.03100695221096742,0.058479825806716665,0.08174759320207974,-0.013161270296302045,0.044121661409523116,0.045356899943852794,-0.07601966521657758,0.07085320929213437,-0.06326557628488089,0.01648993230381573,0.20734478492881173,-0.009999680463054682,0.13934823592782117,0.16276116439262875,-0.0075785033802444005,-0.024031917176023775,-0.069154185705743,-0.0931276732689086,0.03115211328041193,0.14530988236475598,0.13236589719127026,0.026371840578453168,-0.07091346483039436,-0.135794072133183,-0.040613145749930385,-0.0538949271227524,-0.13013735523835174,-0.06244025800325928,0.16250097002286973,0.04365513746935869,0.1128832731538753,0.10173782450118,-0.0886012041978025,-0.05536571003391656,-0.2924895123409733,-0.154024111344931,-0.16532932847028534,-0.09423783591321376,-0.20181588281210772,-0.07697645012713006,-0.0365112043347469,-0.15981503375679587,0.17830344141290108,-0.005551726184226743,0.2090931085010522,-0.1670575668631058,0.149827221808853,0.1893082938096564,0.22584140924922513,0.23048565050874847,0.020859371790365504,-0.1921832133548184,-0.1276385763259642,-0.2773197241026718,-0.29388543231066294,-0.3841747045424459,-0.11836652713553387,-0.19159983018893764,0.16396992700863205,0.014495108802329881,,-0.006262924128234741,0.019225168555738654,-0.22629789059967956,-0.3756887162374981,0.1316903047925977,0.08166268767089521,0.09109359237128367,-0.05733679650517878,-0.04891106373849096,0.03146708541222548,-0.22552552415471067,-0.0012608014899551279,-0.05896278307549745,-0.010625972875878156,0.170541432529774,0.11471376336919756,-0.04438550763008577,0.010536502531189089,0.18213423290591463,0.029288756407856956,0.23416854204421478,0.16250462187367334,0.06274792643346556,-0.01707879324590194,-0.17181866734834547,-0.01030278407975642,-0.18953288263408,-0.10530750866173362
#12,0.39210561152524115,0.24055197724896948,1.0,0.5592097394860933,-0.12454728462068682,0.33042859033994165,0.16720546682065304,0.07772051472837077,0.15898058584816518,0.4468340735939233,0.2734451104000146,-0.01886272236347784,0.0678249120132197,-0.019784814691395782,-0.2029388269342256,-0.11319641936028703,0.6092930473325512,0.6511788630875486,-0.21292937777027118,-0.13321038768961094,-0.22458517257277455,-0.24781733442280215,0.312736286159029,0.20978969904184563,0.3782514025389493,0.004877959710956009,0.36016652439664576,0.28451478314853446,0.03705624306718949,-0.036335915496172405,0.33891366568218856,0.06069923813262609,0.2939840322823611,0.10439272003542295,-0.1906795637864215,-0.18047994449186777,-0.15173987866725705,-0.2264886998041695,0.14301834598547478,0.2409135104785294,-0.001196894100891508,-0.04659761625438793,0.012176183542021391,-0.23769988177133022,-0.09741038129887203,-0.2636508465446644,0.28311977614154576,0.1845535840633231,0.29932760297078065,0.11239666403429088,0.2810144841532499,0.18322157148269708,0.3535384151880475,0.15831960085270716,0.1481966704250298,-0.21667982854560477,-0.1549608110760635,-0.29940155294955423,0.041246741864361135,0.04062136241423857,0.1454130471499587,0.18472522105109396,-0.4058484390620221,-0.28858477086918616,0.431131115138291,0.3018017318902436,-0.2180027114992217,-0.26190434889782577,-0.1514477306029662,-0.08901295037591239,0.3654991395326544,0.29137022006965907,-0.16887984041411988,-0.060560467802087944,-0.36527455070823084,-0.23637608585501238,-0.21236425385840862,-0.06280087827011828,-0.11086745151026854,-0.16592640607667974,0.016787558144312015,-0.059484084777716405,,-0.08459694979161626,-0.10742832101594489,0.12163493360478758,-0.059629245847160915,-0.04084869012676487,-0.1005719711321194,-0.0016761995188686566,-0.09817818293033638,0.024199902312991003,0.03931947760274254,0.11601017040448812,0.1405999077907672,0.3749428257108556,0.29996576389871593,0.6092492251229076,0.5053586345729845,0.24181277873892462,0.3484532129439852,0.42961924890558595,0.36831289057685546,0.4092519640110103,0.4585382554195748,0.28929322992509143,0.30413617751646754,0.13710873842249174,0.23833256492306007,0.10115626726070107,0.11591887413439723
#13,0.3302058274409199,0.2745990952539634,0.5592097394860933,1.0,-0.03139496135885368,0.3934138870756435,0.2287154158316862,-0.034177671671223875,0.15029283278631653,0.5374638809131453,0.36906425887970346,-0.14451012703875984,0.06373575207584894,-0.07065692231143897,-0.0648860850789941,-0.017102530276125568,0.47346884743023826,0.31103361072183394,-0.08298283173640941,-0.0713507739641297,-0.14192644259518777,-0.28027498436551374,0.06207415996019482,0.047060488343748715,0.17678609740399057,-0.03676409500289866,0.18622704469408902,0.15127974546599898,0.02373246541012567,0.04700844946979691,0.26977956515586554,0.09913496784088886,0.2436770485741805,0.03979604413261696,0.09363893238141756,-0.028543778843915332,0.018733081659948782,0.06649381239529459,0.2590230386137574,0.17436309439577846,0.04091442344123031,-0.14820397412663705,0.14215833512121862,-0.09696394253812761,-0.07639489288665112,-0.25520868044936024,0.11954151013160358,0.1104082312717114,0.19433232755275784,0.11959993974446174,0.25914720154108106,0.2476137437404995,0.29485225981092544,0.033494775570944046,0.10575486038517896,-0.0900236000858185,-0.09057594251986835,-0.12701684872664526,0.13280959706391196,0.07719282228724546,0.03861832224844454,0.13569364623608302,-0.14837287222630519,-0.19798052650558962,0.2277239383384992,0.1835237621366979,-0.075444498715005,0.031263494729922806,-0.08121077113394533,-0.13543527779172582,0.13812760479670602,0.1385375250494141,-0.20114850707774334,-0.06713106036052897,-0.23461132895415557,-0.13355366166515267,-0.1694075328552452,-0.10790853939662295,-0.1475265558025627,-0.08897004112896968,-0.1524346432826487,-0.029841098841906815,,0.038221183473549185,-0.10559874376332355,-0.05611433944866182,-0.08293261878785942,-0.07111705551269702,-0.031186805863046466,-0.005129024453705944,-0.11333245080272246,0.06034044379116891,0.0007577590417543491,0.1677778944341229,0.2609156102927415,0.13644501453893101,0.021670995631473476,0.25927866817001194,0.18660501125226528,0.0274372680504138,0.2942332710997092,0.30442649965535656,0.22241506023271418,0.24317583205138155,0.16987770864621327,0.03044274126180575,0.15084426225766545,0.07883432922347958,0.16056548909694293,-0.02977993034094592,0.019403196282415883
#17,-0.05002670415900158,-0.15562088310882058,-0.12454728462068682,-0.03139496135885368,1.0,0.2500358337860107,-0.0549366175644894,-0.02816307339763634,-0.11909415840815823,-0.14317172371922746,-0.08280754289783492,0.37662085115512606,0.15280439317651678,-0.010835041334386284,-0.2136104479451492,-0.09130174786709089,-0.24257784148228625,-0.05228993869455464,-0.3134630044689524,-0.09396942487914656,-0.09608293353175056,0.048759511930140095,-0.3360131831814011,-0.07379294918906087,-0.23144060949389914,-0.058685242414421156,-0.24364144302884505,-0.08261125591713951,0.10805370046606746,0.15764583437943644,0.14026393751683275,0.2701566187513409,0.011308868976157979,-0.05731671132575879,0.040301825468920464,0.054757676875111266,0.015848119525076802,0.1620983534717689,-0.11093957556364034,-0.16065130759082838,0.09274879374803142,0.01805018555966896,0.05457873618573313,0.03519379915733543,0.14192735555788868,0.13241063236361478,0.0631331966932491,0.07391437322828176,-0.10392893498336125,-0.18228030693806005,-0.048708386018889195,-0.024144211588235563,-0.3370393532572227,-0.3148954429466784,-0.2615081230856313,-0.053474964280334325,0.02201792145781884,-0.016111965745639462,0.009919339745374702,-0.04747223452185861,0.14140696681837064,0.12691550986684438,0.2265827349623631,0.07923603281187946,-0.35267749136109044,-0.13077003839008158,0.0063113111513829106,0.24220991751381998,-0.03190439454596083,-0.028612251046483496,-0.1583542934353417,0.019327420378240447,0.008207534681170602,0.06434469819735515,0.14318085334623654,0.08382458334664737,0.03883469440855994,0.13337198208767181,0.1749455645989583,0.21346893872650832,0.19231285405834744,0.40715214979891995,,0.12087260974952868,0.5222329241738829,0.05356899943852794,0.1498053107040312,0.16980467163014054,0.10329807775703323,0.20071758868291437,0.010565717337618172,0.0038189229779017377,0.16357370119643763,-0.013630533124569195,-0.12418575139112692,-0.15121401215153354,-0.1968137601738281,-0.046895242094884215,-0.129413375816531,0.029929656223894974,-0.1582529545755408,0.08998799454048305,0.2463383348473298,0.18724956291910694,-0.011673141093820612,0.1505265512377492,0.14669849863283835,0.18075748515294407,-0.0033460082988309514,-0.014085188549621805,-0.09073023321632195
#18,0.09374118420391934,0.2120209798828669,0.33042859033994165,0.3934138870756435,0.2500358337860107,1.0,0.15507767030177982,0.14733483363537184,0.17993216687132246,0.19974893525725007,0.21433534032967083,0.2464926255437834,0.4605604678020879,0.14316076816681655,-0.09405980818653654,0.039997808889517816,0.3210488115508041,0.2941182377993947,-0.24643237000552343,-0.15344164114175116,-0.04047163653128951,-0.14467537328762434,-0.08589244386420593,-0.032302446283557086,-0.002973519516860139,-0.15951466902819686,0.08190370982393515,0.023002095249398585,0.2570802539862234,0.12371922745096249,0.34888595726421595,0.22860768623297895,0.22711407925429206,0.031624114996781805,0.16765920928300473,-0.01358032017601921,0.12458745497952681,-0.05784531672958501,0.08741070083581735,-0.041539802891352874,0.14594439144188764,-0.01374647938758462,0.19984844819164913,-0.08271076885153857,0.058076296292914956,0.02601213327429508,0.03199569081605171,-0.05880118867743658,-0.13148854003569685,-0.19238771699982196,0.15611388296731138,0.1158741389620527,0.021441841993545353,-0.16668872993193862,-0.15549124240529152,-0.25239127755435553,-0.06095212880077784,-0.26903641351732577,0.06943629118032382,0.01505475493798701,0.03630852661514514,0.11424815239173404,-0.07425764720382348,-0.08031515472435374,0.02565972967174426,0.07122022029789973,-0.02081554958072188,-0.09025640557455025,0.0014899551278832503,0.052831325576193584,0.16009531330597487,0.24798075474626485,-0.022627780542025955,-0.054481049176735886,-0.15421948536292548,-0.10198432443042539,-0.08945391136045137,-0.11207347523816914,-0.15252320066463684,-0.03131188175307098,0.11713676637740965,0.22588797034697147,,0.03526683617340814,0.2908379628150292,-0.043437852346542384,0.011157317167807108,0.14346752363432191,-0.10675181565457144,0.005809181665883041,-0.07386507324243267,0.10589728256652074,0.10792588568794022,0.16867168491831266,0.1416717260016342,-0.03197104082312717,-0.03387456805452213,0.21949084070170313,0.20902554926118494,0.09146060337704903,0.10001232499646227,0.3834589417849334,0.3639845344118466,0.32940059433871827,0.3080473097271611,0.2258797536826633,0.17940082257939352,0.12852962792205125,-0.0010508200687460913,0.0889928651964924,0.010174969301629182
#26,0.26630209022810375,0.24389615962239863,0.16720546682065304,0.2287154158316862,-0.0549366175644894,0.15507767030177982,1.0,0.12704788945847617,0.09668914076515404,0.3523753007070896,0.4419552009202664,0.0888376615373379,0.21394733118178458,0.14774018907457537,-0.05698074105182433,0.05717976692062246,0.10207927255131992,-0.21044338033569637,-0.22810007897127363,-0.0010152145234106462,-0.02600117772188417,-0.06638699575928825,-0.016907156258131075,-0.2550598675291121,0.0038417470454244593,-0.2369640338343977,-0.11592800376140633,-0.07556592275422587,-0.03612319518686064,-0.03535813244349902,-0.16203901089620984,-0.1851004487211675,0.024006354220398325,-0.17251617085183985,-0.03903280731465716,-0.08776219147566726,-0.04974277275901893,-0.06598620513358927,0.12705701908548525,0.03444608270529108,0.07096185185354252,-0.014370945875006277,0.08238758005541684,-0.21892845567794328,0.13860599725198228,0.0027169769979047504,-0.14413216048058355,-0.06203490256405574,-0.20674222954621188,-0.07220895890298402,-0.1687273756430681,-0.003157937982443727,-0.011136319025686205,-0.030061122852825847,-0.0334591700256086,-0.09375853049523662,-0.0002784536237772006,0.06719679367499441,0.1629839272916505,0.1254410751048766,-0.006769618427239155,-6.847220256816408e-05,0.05553004332008016,0.029720587765386844,-0.08697339170208201,-0.13989510058566557,0.10638936946231062,0.13515225935444408,-0.19986762040836822,-0.08727649531878375,-0.10283520566767244,0.03554985461068988,-0.01450423842933897,-0.0514198852405885,0.0897460594247422,0.004522817220302465,0.023095217444891288,-0.003095856518781925,-0.08188818945801969,-0.05865602760799207,0.07790584615665527,0.016472586012498458,,0.09582000027388882,-0.08202878571395966,-0.03758210958291299,-0.0429758932198825,-0.04309640429640247,0.03203220932408806,0.011679531832726974,-0.03749811701442938,0.23228875184304346,0.1675003537730466,-0.016694435948819312,0.23267858691633153,-0.05392231600377967,-0.052720857089383615,0.00842299387858509,-0.07182460160590139,-0.0054303021450058655,0.06467245180698143,-0.007974729192438842,-0.15368905403369745,-0.028447004797618993,-0.05748195757462329,-0.08162799508826067,-0.04980850607348437,0.02753860691021468,0.09901810861517253,-0.024070261609461945,0.0005066942990044141
#49,0.5848238210227921,0.3335719209191709,0.07772051472837077,-0.034177671671223875,-0.02816307339763634,0.14733483363537184,0.12704788945847617,1.0,0.36762634262577204,0.22594822588523145,0.3314556733784641,0.3431251626214811,0.1853999004870656,0.16734332418849027,-0.1089456650248554,-0.17622006052942707,0.05488914350404214,-0.11508168733766382,0.07136812025544696,-0.18172157376510384,-0.057687374182327784,-0.1533841244915939,0.0313456613730046,-0.12979408126281,-0.012202659460347747,-0.213311909141952,-0.2648979535941059,-0.4285848621654562,0.08443170354275176,0.17300277997142427,0.014691395783025285,-0.019738253593649432,0.1710892101503193,-0.16423651211729745,0.12087078382412686,0.03370932180565763,0.052698945984561804,-0.14386466240921728,-0.15555332386895335,-0.365743813536498,0.13313187289733278,0.11960085270716266,0.20370480264028812,-0.08435136282507179,-0.027649075397024655,-0.09120040900729001,-0.4166706989185957,-0.5038422035267749,-0.3767623603737669,-0.36260048295726877,-0.18562448931148917,-0.2745516211935161,-0.10567360670479807,-0.16273286254890057,-0.10979198144859792,-0.2322951425819498,-0.2721423126258177,-0.27193507009271134,-0.1166364628173116,-0.12027735806853611,-0.135383238917774,-0.19414060538556696,-0.03567675642611621,-0.2656054996873103,-0.022342936179342392,-0.10722746922174495,0.12286834621371544,-0.20731374419698084,0.19741905444453067,-0.01241537976965951,0.3967233768664381,0.25360004017035886,0.3757033236407127,0.08300291691582941,0.015382508547613288,-0.053819151218576965,-0.15325722267616756,-0.38948814746173543,0.045051970401749235,-0.32953206096764914,0.3046656958829947,0.17876722646496276,,0.11646117397873709,0.3132548489731452,0.06900811167359758,-0.11005034989295512,0.13944866182492113,0.22271542496131322,0.1985365207904431,-0.028326493721099025,-0.0008764441928725002,0.13119365308330327,-0.1571071863859002,0.01263905563138218,-0.056672159658917136,-0.0716292275879069,0.07157262390045055,-0.05844422026138122,0.03292143499477329,-0.1906485230545906,0.17554720701885723,0.050523355868296004,0.16144923699142272,-0.006179844522452035,0.2265927775520731,-0.15631656068691313,-0.14798668900382075,-0.16695987985410857,-0.050723294699795037,-0.04356749305007144
#50,0.3685630423569045,0.34052048003578816,0.15898058584816518,0.15029283278631653,-0.11909415840815823,0.17993216687132246,0.09668914076515404,0.36762634262577204,1.0,0.2498851949403607,0.48297735396020397,0.19639744918221366,0.2032976212756828,0.000639073890636198,0.09395664340133383,0.04513687593293376,0.3394970488480693,0.021306723513810844,0.11653603692021162,0.16264065331610877,0.10435711449008751,-0.0645345944391442,0.0383252612214528,0.006900172093469121,0.06395029831056252,0.05536844892201929,-0.00878087525734136,-0.010983854254634428,-0.019831375789142135,-0.16090876307248467,-0.17542578297963637,-0.2836812482026047,-0.014200221849936322,-0.2799536214947938,0.24937302286515084,-0.039620755294042465,-0.04231490822442449,-0.02398718200367924,-0.24248380632409264,-0.3605892261271666,0.11914893617021277,-0.0173325968767546,0.03373397179858217,-0.12125148927040585,-0.10612369731634615,-0.08382001853314283,-0.08367577042639923,-0.11915350098371731,-0.1772544472695568,-0.14106095395472618,0.10507196428489914,-0.14364463839829825,-0.12431539209465597,-0.13702839770481176,-0.0869204398654293,-0.14115955392642435,-0.22798048085745456,0.07592563005838396,-0.17304021144216153,-0.09850137172645812,-0.035164584350906344,0.04964325982461987,0.17592517357703352,-0.10589363071571711,0.09948828440614059,0.02774858833142372,0.35040147534772464,-0.11185527715265192,0.36151405734318726,0.3421026443964632,0.35925538762113873,0.45158695741485483,0.1376829919613634,0.1396495136191211,0.05824975920608764,0.016563882282589346,-0.15632842920202494,-0.19515581990897762,0.21871117055512698,-0.05079359282776502,0.21903618527665053,0.05452487138637951,,0.09279261595767505,0.1272770430964043,-0.05395061784750784,-0.13499249088178503,-0.015630834402260495,-0.16164095915861357,0.18655388534101439,-0.1808013073625877,-0.07583250786289127,-0.027832580899907335,-0.11424176165282768,-0.06437756485458787,0.022627780542025955,0.2827454614341731,0.0876316378094373,-0.09655219636001772,0.024461922608151845,0.02747652544655288,0.03153920946559728,-0.04661404958300429,0.14087105771293715,0.15002624767765113,0.033594288505343115,-0.21947440737308677,0.03342447744297407,0.036069330387507016,-0.1271948764533225,-0.050150867086325185
#51,0.4343693938384147,0.40746712193073353,0.4468340735939233,0.5374638809131453,-0.14317172371922746,0.19974893525725007,0.3523753007070896,0.22594822588523145,0.2498851949403607,1.0,0.5611214833817965,-0.061891567420013054,0.12403602550817787,0.05335719209191708,0.02258395833238233,-0.059761625438792695,0.442810646971018,0.0522141627903792,0.01904622786636052,-0.00406450994444622,-0.19800791538661688,-0.25976710321499813,0.056454874536100826,-0.09413284520260924,0.03662806356046324,-0.19852830412613492,-0.033777794008225795,-0.13152231965563047,0.06722053070521804,0.003255624991440975,0.026813714525693054,-0.13269365080089654,0.22961194520397868,-0.0775068814563581,0.014433940301368988,0.03210615930286168,0.07507840067194055,-0.057453655730895115,0.2341804105593266,0.05284410705400631,0.061388524971812276,0.04075100311776762,0.157098969721592,0.0618340507698558,-0.006302181524373822,-0.3015762301031191,-0.20758398115644985,-0.17594799764455624,-0.014226697768262677,0.052582999721546377,-0.03052216901678482,-0.010579411778131804,0.30064957296169664,0.07673268908598739,0.09142408486901267,-0.0853537958706697,-0.14871797212724874,-0.07933645870897944,0.08765811372776365,-0.09333948061551946,-0.08979535941059127,-0.005090680020267772,-0.15772891398521913,-0.06609576065769833,0.24893297484331278,0.06342625772024084,0.09695116106031489,-0.03673214130836685,0.1070795692641977,-0.06423879452404972,0.39301766126344906,0.256392793072439,0.029722413690788662,-0.032772622074525144,-0.10694536374716411,-0.08967941314757585,-0.1418168870710787,-0.10915382052066262,-0.08206073940849147,-0.2615884638033113,0.08358903896981289,0.08077437496291089,,-0.11750195145777319,-0.043194091305399716,-0.07598862448474668,-0.12997393491488904,-0.13953448031880658,0.10398097385731306,-0.025775675934759684,-0.11574449825852365,0.11599191115046995,0.012092190973537776,0.08598830494780135,0.21961591659172763,0.12331478497445987,-0.007531942282498048,0.12373657374227975,0.05021112262458517,0.018904718647719646,0.13657191635435734,0.24642506630391614,0.029347186020715125,0.07267183099234481,0.14795564827198984,0.09317606029205677,0.003215454632600985,-0.12466140495830043,0.0754335431625941,-0.12350650714165073,-0.06867488028776585
#52,0.44588733127308083,0.3570432789968366,0.2734451104000146,0.36906425887970346,-0.08280754289783492,0.21433534032967083,0.4419552009202664,0.3314556733784641,0.48297735396020397,0.5611214833817965,1.0,0.15689355311388753,0.18788863680974313,0.0228386749259359,0.12627095820000273,0.1256994435492338,0.3518667804826834,-0.00552251137779766,0.04487668156317474,0.062463082070782,-0.05932705519316008,-0.07337846412284826,-0.0024403492995293675,-0.1622216034363916,-0.019688040645099443,-0.09520831526427988,-0.16519420999055084,-0.24695184578234056,0.147002515212241,0.1337937708554917,-0.11647304249384892,-0.13142006783312868,0.016875202563599263,-0.044302428024303064,0.22921663235448517,0.14107099654443617,0.22591353330259692,0.16113609078501098,0.014683179118717105,-0.022779332350376824,0.16350157714306582,0.17200034692582636,0.21812048368763895,0.018964061223278723,0.0023298808127193964,-0.18700580187796428,-0.2998498176357005,-0.2506466058329187,-0.20136122738705511,-0.20486061341963874,0.07073635006641804,-0.12768057261020602,0.10332729256346232,0.027983219745557297,0.009014593708774029,-0.009575152807132064,-0.181058762844244,-0.002732497363820201,-0.008210273569273327,-0.06875704693084764,-0.04544363140043914,0.018645437240661533,0.10621499358643703,-0.03781491507164475,0.07686872052842281,-0.1592097394860933,0.23937060351399345,0.13973807100110924,0.27178169235895866,0.10189028927223179,0.3090150501901245,0.27748223146343354,0.11411942465090588,-0.012409901993454058,0.016580315611205706,-0.0831782057544039,-0.1368978440385818,-0.1441348993686863,0.03488521776442823,-0.006427257414398335,0.14068663924735356,0.02730214957067929,,-0.0011576367047524273,0.05979175320792269,-0.030286624639950334,-0.10893288354704268,0.01111714680896712,0.09105433497514459,0.06471536105392414,-0.11032971647943324,0.20907850109783765,0.0036518508036354176,-0.09685073516321491,0.09785225524611192,0.042090319400000915,0.10893927428594904,0.08225428750108414,-0.11045844422026138,0.0215806123240835,-0.03906293508378715,0.11113951439513939,0.052832238538894495,0.02212838994462881,0.030230933915194894,0.04024978659496866,-0.18511414316168112,-0.018747689063163323,0.08241314301104229,-0.17664824003615331,-0.03608485075342247
#53,0.15221096742092602,0.210196880406451,-0.01886272236347784,-0.14451012703875984,0.37662085115512606,0.2464926255437834,0.0888376615373379,0.3431251626214811,0.19639744918221366,-0.061891567420013054,0.15689355311388753,1.0,0.3552602628419616,-0.12660053773503083,-0.08315538168688118,0.09357502499235394,-0.07377103808423907,0.020859371790365504,-0.08088484344972086,-0.015849032487777713,0.020748903303555534,0.12096755787042321,-0.29873235128978803,-0.09297612146055773,-0.20868866602454958,-0.07004341137642822,-0.2945747191498491,-0.08711033610721834,0.1296982201792146,0.27887997735852504,0.004604983863384262,0.21042785996978094,-0.06315784668617364,0.019896196140906663,0.24941228026128992,0.12127887815143312,0.16478976751404822,0.08738513788019191,-0.309490703757298,-0.3005527989154003,0.14738322065852,0.25533375633938477,0.06968005222146649,-0.08223055047086052,0.15474352595324717,0.03161681129517453,0.002625680727813865,-0.06056320669019067,-0.38001068166360064,-0.457764976011905,-0.1487261887915569,-0.376571551169277,-0.5221434538291938,-0.23658971912702506,-0.31373324142842146,-0.11692130717999516,-0.14434579375259624,-0.14477397325932248,-0.1339279763725253,-0.12456828276280772,0.03389556619664304,0.07603427261979212,0.20575622982923034,-0.11270524542719808,-0.1039344127595667,-0.016484454527610274,0.14987469586930027,-0.17431014255912575,0.2374689022080003,0.26331578923343085,0.15090634372132727,0.41160284296585065,0.16199975350007076,0.03843390378286095,0.09918152893863522,0.07506835808223056,0.026821018227300323,-0.04033286620075137,0.11740517741147685,0.11435223013963765,0.4610215139660469,0.4144412440029763,,0.08104826377318354,0.40519201888006867,-0.13414800038344432,-0.05813746479387585,0.3879571090123113,0.004330182090410696,0.1661391263859915,-0.09545572815622617,-0.07326343082253374,0.06248590613830472,-0.15627639032807314,-0.17630131420980796,-0.10562704560705172,-0.018431803968648863,-0.024882798413270825,-0.053327977285488,-0.1543619075442673,-0.239324955378948,0.05603765058178548,0.1893174234366655,0.3222968315629465,0.13053814586405071,0.13720003469258263,0.051460055599428484,0.10056740631861485,-0.007569373753235312,-0.01075013580320176,0.013185007326525675
#54,0.0015702958455632294,0.22085206808875824,0.0678249120132197,0.06373575207584894,0.15280439317651678,0.4605604678020879,0.21394733118178458,0.1853999004870656,0.2032976212756828,0.12403602550817787,0.18788863680974313,0.3552602628419616,1.0,0.22709308111217116,-0.03184505197040175,-0.03708637083631948,0.09822291810268091,-0.04045702912807497,-0.1257523953858865,-0.15451345935261815,0.10507470317300187,-0.017923283744242628,-0.11005126285565603,-0.16137072219914456,-0.04895397298543368,-0.26139308978531683,0.03673305427106775,-0.028126554889599985,0.23748807442471936,0.1310521438646624,-0.043775648545878655,0.14836648148739884,-0.01459188284862622,-0.0022148475124048805,0.24194150647975277,0.08815293951165624,0.17707094176667412,0.001623247682215943,0.12852232422044396,-0.06574700890595114,0.04372360967192685,0.04098928638270483,0.13498427421747686,-0.07003610767482095,0.28666846215997843,0.15297603016428765,-0.053369973569729806,-0.07716452044351728,-0.24660309403059338,-0.11667024243724522,-0.07208114412485678,-0.08435866652667905,0.001222457056516956,-0.15726695485855927,-0.1481665426558998,-0.09132822378541725,0.01004076378459558,-0.08975336312634948,0.1597566041439377,0.07688332793163735,-0.1115010476246993,0.10374360355507675,-0.02823245856290541,-0.030582424555044802,-0.011694139235941516,0.04261162110221987,0.16894648669128623,-0.04071083275892763,-0.01616948239579672,0.0348715233239146,0.013479894278919234,0.20806785138793155,0.16973072165136693,0.14388748647674,0.1068823693208014,0.06966727074365377,0.012585190832028557,0.02217221215427244,-0.035780834174019824,-0.11235010293654453,0.3949093199797322,0.20764514965741074,,-0.16791666476466105,0.21856144467217792,-0.15913213765651604,-0.005699626141773978,0.17939534480318806,-0.09018245559577663,-0.016611356343036607,-0.05217034058073557,0.04350723751181145,0.1795030744018953,0.06650111609690186,0.03828235197451008,-0.047770773325055804,-0.07134620915062515,-0.04098106971839666,-0.05463442691048857,-0.043926287391528616,0.03795825021568744,0.10425486266758571,0.00588860942086211,0.08424454618906545,0.10129138574043557,0.06584834776575203,0.1406829873965499,-0.06828961002798231,0.024349628195940054,-0.11455125600843577,-0.127730785558756
#58,-0.08573815316775234,-0.08573815316775234,-0.019784814691395782,-0.07065692231143897,-0.010835041334386284,0.14316076816681655,0.14774018907457537,0.16734332418849027,0.000639073890636198,0.05335719209191708,0.0228386749259359,-0.12660053773503083,0.22709308111217116,1.0,-0.07170956830558688,-0.1982151579197232,-0.051773201805840226,-0.1275354115407615,-0.1031090944779451,-0.15989628743717677,-0.015573317752103237,-0.19796500613967416,0.145970867360214,-0.14054421706601178,0.17713393619303683,-0.3033729406985078,-0.24798075474626485,-0.30780537461142027,0.10340945920654411,0.05368951051504791,-0.1538396928793474,-0.012393468664837698,0.027974090118548206,-0.14997329584099842,-0.14408286049473448,-0.13891457864488946,-0.03952398124774612,-0.144207936384759,0.031825879753682666,-0.15466866301177265,0.14207708144083772,0.03759306513532389,0.1275554967201815,-0.06457841664878781,0.2069193443101882,0.04147863439039198,-0.4004400480218381,-0.34110021135086527,-0.20916797144252672,-0.16172769061519993,-0.23629848402543513,-0.146241104319683,-0.04747040859645679,-0.11020007577590417,-0.12991459233932998,-0.18990902326685444,0.03179940383535631,-0.12790333550922778,-0.0012617144526560367,-0.017805511555825385,0.03298716830923873,-0.09637325567063958,-0.011980809524026895,0.021386151268789913,-0.15136099914637988,-0.24208027681029093,0.25712772804667067,0.24907722295005638,-0.010730963586482675,-0.1110993440362994,0.08284953918207671,0.011407468947856136,0.20735939233202627,0.3510633733058836,0.1339361930368335,0.12215623530700653,0.061436911994960444,0.03069837081806023,-0.036995987528929505,-0.03520658063514815,-0.017433022773854574,0.04358483934138871,,0.06011494200404442,0.06190526186052669,0.23693664495337044,0.06886386356685398,0.02406478383325649,0.1501905809638147,0.09255707158084056,0.10702113965133954,0.21680399147292836,0.17181410253484095,0.10058566557263303,-0.1189772991824419,0.06233252840455203,0.06534439235485034,-0.12462853830106771,0.04836237315524474,0.07990614743434657,0.09182578845741257,0.03589038969812888,0.04534229254063825,-0.13245810642406206,-0.2493082025133863,0.1458969173814404,-0.08150565808633889,-0.022571176854569608,0.00648659998995741,0.00701337946838182,-0.026181944336664126
#101,-0.11798582168925488,0.038600062994426365,-0.2029388269342256,-0.0648860850789941,-0.2136104479451492,-0.09405980818653654,-0.05698074105182433,-0.1089456650248554,0.09395664340133383,0.02258395833238233,0.12627095820000273,-0.08315538168688118,-0.03184505197040175,-0.07170956830558688,1.0,0.5144864356566713,0.032151807437907125,-0.09725061282621299,0.683147165022573,0.18861261623156386,0.5671479501704958,0.26099777693582327,0.2789813162183259,-0.12285556473590271,0.023878539442271085,0.15347907261248842,0.006398042607969252,-0.16067595758375292,0.47788210912643164,0.060561380764788855,-0.18378760835726057,-0.0393769942528998,-0.341443485326407,0.03612776000036518,0.16839779610804,0.3270579320481862,0.46801480825500874,0.3293576850917756,0.10001506388456499,0.0775890480994399,0.1988140614515194,0.21931829075123135,0.23442691048857198,0.3743795277243948,0.05559668959724651,0.15720213450679474,-0.1277234818571487,-0.1278859892179105,-0.1730484281064697,-0.05374520123980335,-0.05647952452902537,-0.04651362368590431,0.24267826737938622,0.2018971364924886,0.3075305728384467,0.3728430114987652,-0.17216833206279358,0.013606796094345565,-0.5335381412992373,-0.3765834196843888,-0.42245249170345145,-0.41301610922685755,0.1658807579416343,0.1667572021345068,-0.0468322476685215,-0.1507228382184446,0.2283246677956972,0.2463374218846289,0.49092286834621374,0.09292043073580229,0.09460393395627821,0.0563069745785536,-0.013430594293070157,-0.18933476972798277,-0.22584506110002875,-0.32821009097673315,-0.32176640023371844,-0.46767244724216794,0.1764300419506361,0.26030483824583345,0.040159403287578686,-0.16580224314935613,,-0.28344113901226564,-0.2964033834397696,-0.5146215541364058,-0.4133082572911484,-0.0858367531394505,-0.1734300465154496,-0.32622713599035913,-0.03181675012667357,-0.28712403054773195,-0.36167839062935087,-0.332398763848503,-0.2644542537214642,-0.022587610183185967,0.09156924593845718,-0.26262193758074015,-0.2931002843878813,-0.19621029182852734,-0.26540556085581124,-0.13030077556181444,-0.04756170486654768,-0.1176781532590486,0.011758959587706045,-0.34723166885016915,-0.3070147489124332,-0.4356594101347989,-0.2518544554862211,-0.279681558609923,-0.32916961477538836
#102,-0.11625301848292988,0.10035286008390128,-0.11319641936028703,-0.017102530276125568,-0.09130174786709089,0.039997808889517816,0.05717976692062246,-0.17622006052942707,0.04513687593293376,-0.059761625438792695,0.1256994435492338,0.09357502499235394,-0.03708637083631948,-0.1982151579197232,0.5144864356566713,1.0,0.0851264681581434,-0.002596465921384782,0.2891763706993751,0.438273222347501,0.16333724385690224,0.4945518950823264,-0.04928355252046178,0.11485253369973569,-0.24182829910484008,0.356788562403283,0.0012361514970305888,0.10139820237644191,0.2829828317364094,0.1706345547252667,-0.09461488950868913,-0.0005167368887144116,-0.2960436761356115,0.042072060145982734,0.19192758379856392,0.401542906964536,0.17359711868971592,0.4292732360419415,-0.062236667320956604,0.2038444859335272,0.14801681677295075,0.35011480505963927,0.1380518288925306,0.4610333824811587,0.0038837433296662663,0.3118424956748392,0.06260093943861923,0.1235649367545089,-0.02871176398088256,0.09499559495496812,0.04314661724495246,0.07726768522871998,-0.053890362309247854,0.25114964828111946,-0.11724267005071508,0.29818366070654184,-0.3075132265471294,0.1998466222662473,-0.23023458576599853,-0.08957168354886862,-0.3863192539268808,-0.2606773270278043,0.1131617267776525,0.1928022020660346,-0.04070900683352582,-0.0028694417689565294,0.13787380116585338,0.2036189841464027,0.16699913725024765,0.2707984315300798,-0.0767445576010992,0.11876549183583104,-0.2831161242907421,-0.33749126979417254,-0.24906626739764548,-0.4436752226487787,-0.38370452875147787,-0.24486116119725929,-0.024232768970223723,0.5374638809131453,0.18242181615670092,0.07499988587966239,,-0.14378979946774276,-0.17661719930432243,-0.580227053823716,-0.5021696558587099,-0.02140441052280809,-0.12452080870236046,-0.0847037664276226,0.019035272313949615,-0.1743247499623403,-0.05540496743005564,-0.2395121127326343,-0.1925137058525474,-0.08921471513281325,0.14889691281662687,-0.19078546745972694,-0.16587345424002703,-0.23701059493214405,-0.20424345063382435,-0.027731242040106453,0.023718770969612037,-0.042749478470057105,0.017247691345570075,-0.2743735934668389,-0.25121264270748217,-0.2204257145074338,-0.2870372990911456,-0.2096609713010175,-0.2177534726818736
#201,0.3555031109204033,0.292312397576997,0.6092930473325512,0.47346884743023826,-0.24257784148228625,0.3210488115508041,0.10207927255131992,0.05488914350404214,0.3394970488480693,0.442810646971018,0.3518667804826834,-0.07377103808423907,0.09822291810268091,-0.051773201805840226,0.032151807437907125,0.0851264681581434,1.0,0.4038892211058717,0.09072110358931286,0.1463743968740157,-0.08189640612232787,-0.03839647231212369,0.198908096609713,0.11138418839898295,0.1845325859212022,0.16397631774753843,0.42174038079674253,0.36231198674378157,0.08161795249855067,-0.09659875745776406,0.27246824031004213,-0.018824377930039667,0.11235101589924544,-0.04638672187047798,-0.05146918522643757,-0.06894329132183305,-0.18074287774972952,-0.08015812513979742,-0.09849771987565448,0.018397111386014325,-0.08431393135433451,-0.18474256734241123,-0.06405894087197067,-0.13451409842650877,-0.327009545025038,-0.22516490388785165,0.2055471613707222,0.18696106670561974,0.24975281534872892,0.14105091136501618,0.31146544207936383,0.16316378094372955,0.33895474900372946,0.09338604171326581,-0.04304071357164703,-0.23419593092524205,-0.17678974925479418,-0.11070950896301132,-0.09489516905786814,-0.09585469285652334,0.005574550251749465,0.07936202166460489,-0.23217189261732712,-0.20177936430407137,0.42553374081901885,0.27708965750204273,0.024196250462187367,-0.2767509483400056,0.2728051235466775,0.13244441198354842,0.5147959300122793,0.44242720263663626,-0.10524360127267,-0.022613173138811414,-0.2526560367376191,-0.1874102443544669,-0.23208059634723624,-0.14233453692249404,0.07105497404903523,-0.10282242418985972,-0.044752518635851134,-0.17259285971871619,,-0.03565210643319167,-0.052266201664331005,-0.10429320710102388,-0.198958309558263,-0.14723623366367367,-0.26020715123683624,-0.04990345419437889,-0.31212642707482186,-0.16397083997133297,-0.05279663299355905,-0.01322791657346839,0.04981489681239073,0.27665508725641014,0.23919622763811985,0.3819242514847056,0.30226642990500624,0.07509665992595872,0.304302336728033,0.3716141637033419,0.15125692139847627,0.23908393322590807,0.3313022956447114,0.1091510816325599,0.06430087598771152,-0.0075565922754225875,0.10499436245532189,-0.0803936695166319,0.015301254867232399
