,#10,#11,#12,#13,#17,#18,#26,#49,#50,#51,#52,#53,#54,#58,#101,#102,#201,#202,#301,#302,#401,#402,#501,#502,#601,#602,#701,#702,#801,#802,#901,#902,#1001,#1002,#1101,#1102,#1201,#1202,#1301,#1302,#1401,#1402,#1501,#1502,#1601,#1602,#1701,#1702,#1801,#1802,#1901,#1902,#2001,#2002,#2101,#2102,#2201,#2202,#2301,#2302,#2401,#2402,#2501,#2502,#2601,#2602,#2701,#2702,#2801,#2802,#2901,#2902,#3001,#3002,#3101,#3102,#3201,#3202,#3301,#3302,#3401,#3402,#3455,#3501,#3502,#3601,#3602,#3701,#3702,#3801,#3802,#3901,#3902,#4001,#4002,#4101,#4102,#4201,#4202,#4301,#4302,#4401,#4402,#4501,#4502,#4601,#4602,#4701,#4702,#4801,#4802
#10,1.0,0.4244090006801871,0.48272232170537255,0.5330034194440975,0.06092024227617448,0.16093181008435245,0.18059569584993312,0.28922065362743327,0.09946186556356047,0.4568451348112365,0.3900928663640528,0.05020104850613325,0.046427166766149816,0.2140604394841683,0.23013228945432335,0.12163504027910807,0.21673537944724386,0.18674930708829013,0.05807363603973773,0.23083144778060033,0.12832262154296054,0.10370586302789693,0.08638839147313723,-0.014928487809843741,0.16445952886630852,0.06542706034231457,-0.017921311141650124,0.10159450667925245,-0.2085782238324611,-0.2040149548624125,-0.09530393259206818,0.038220963644692456,0.020706376638580028,-0.04778245117228168,-0.15309670224924463,-0.10568997348658365,-0.1165498318040691,-0.06769897786846939,-0.21859733385157115,0.02593733949666153,-0.1869057038548564,-0.19068467543043816,-0.19334388317439166,-0.20735990227515652,-0.23598513768005294,-0.3034782085629543,0.04070295256735935,0.011756594807442265,-0.1656718351633606,-0.09230555671233637,-0.010566035989764803,-0.04649333462892785,-0.029011137485713757,-0.04972075311058362,0.023635345669243975,-0.13041084227524904,-0.03764396137277493,-0.19448863347168432,-0.1906939296769805,-0.29015625795286815,0.15442885103902054,0.128588681131054,0.04266901724528843,0.007092454550081668,0.11501085060407094,0.002574994100417829,0.1505337386693319,0.093306403475895,0.36319354793931063,0.31027175094971704,0.5404424455271913,0.29816118121202867,0.0017832933087170374,-0.04718046243469972,-0.13126593465576517,0.17474932559678322,0.055329289227594315,0.29288579797054376,0.1730803222328646,0.09871365973060889,-0.2784982208711022,-0.06592864050491169,0.08990639329622381,-0.019969275901479292,0.02998931134524355,-0.08576049084523661,0.11516585923365584,-0.08404752981024168,-0.19513596801732394,-0.1187079220977526,-0.22832956222786732,-0.0732788258211987,-0.30153620492603544,-0.06404586404586404,-0.3595566290481545,0.11048922574346304,0.19190345970006986,0.13227742380284754,0.2797776204555866,0.11042398330533924,0.07897620270501626,-0.029131442690764724,-0.05831702272380238,0.24252742727319,0.0935437748997071,0.12569302738794264,0.040723774622079704,0.162950161255246,0.2314070619155365,0.07416445721530467,0.009037234460963274
#11,0.4244090006801871,1.0,0.42722182891674415,0.43200210996821164,-0.10980718777328947,0.08584146550248245,0.25588130503384743,0.2834839461958106,0.3996164114808183,0.5552001924883281,0.44311923633957534,0.12224535783857818,0.04222805239754392,0.3863560016102389,-0.07452999995372876,-0.06885992309721123,0.2641277641277641,0.3362155684189583,-0.052609003456461086,0.008565267887301786,-0.23697302849845223,-0.07216276368818741,0.13746535441450697,0.1435106909683181,0.21891012738470367,0.05138975647450224,0.08146559502491706,0.10369707149368167,0.09298944553181841,-0.017521990403346337,0.04705784366801316,0.195749987275411,0.1886681751088531,0.11599596514850752,-0.09626128439687762,-0.20279431974347228,-0.12410268511963428,-0.18971344225581513,0.06354520930792117,-0.11355839660924406,-0.23404405946778828,-0.21629765358578917,-0.17950832188120325,-0.14313404313404313,-0.08581832988612649,-0.08728235168913134,0.019385795656982098,0.019879509710018183,-0.15840771433991774,0.01737531059564958,0.06479083089252581,0.0666287242558429,0.10432404669692805,0.08992814077559841,-0.07880129744536524,0.05602937297852552,-0.3304048270149965,-0.19444097410199104,-0.17528283290995156,-0.22919529699190716,-0.024635729720475483,-0.06808858164790368,-0.06947579320460677,-0.23599069022797836,0.19609008083584356,0.03522582675125048,0.19507303914083576,0.10265134163439248,0.07198878385319063,-0.019248832808154842,0.42518450654043877,0.2391056696141442,-0.18704729382695484,0.060077180416163466,-0.2414502329756567,-0.00809700301225725,-0.19659397456007627,0.061529634410990346,0.09147359994817622,-0.06301540369336979,0.06403614708699454,0.19226067361660582,0.11230675976438688,-0.09588509927492979,-0.13381362872888297,0.004467487518334976,-0.0032343591665625563,-0.13791048367319553,-0.2520542113762453,-0.03588472910506809,-0.08433950128865383,0.09920506022200938,-0.18461111342467273,-0.07176159210057516,-0.14180004349495876,0.3349981722863079,0.1985711443338562,0.3457321728508169,0.20089719920228394,0.2738137212713484,0.11960234502607384,0.08826237639796962,-0.059601974856212145,0.3334693707575064,0.18733833988071277,0.24049982185575405,0.16719138244561974,0.006388669100533507,0.06610030677827287,-0.10913671761129388,-0.1377207716190767
#12,0.48272232170537255,0.42722182891674415,1.0,0.5538597148766641,-0.10483997094166586,0.15735087938477768,0.18284910488300318,0.15078823044924738,0.023290162273213122,0.5271593627525831,0.23509117746405883,-0.09398103804883466,-0.009389358541900915,0.11942327535547874,0.10850557799710342,0.04367541655677249,0.68942517247602,0.7420036369188912,-0.25207271986933005,-0.092296302465794,-0.10589310419818894,-0.1550451838587432,0.211297121466613,0.1548327989005955,0.42672950300068946,0.024115178352466488,0.24348894348894348,0.11444865512662122,-0.1170657560488069,-0.19759806030992472,0.24085796119694425,0.1232994165197555,0.4116450811366066,0.248199354979016,-0.3724482571940199,-0.3471897166812421,-0.1576807932740136,-0.3578307120680002,0.24917845426320004,-0.025509330594076358,-0.4688094874535553,-0.4021691953895344,-0.3122905648329377,-0.3532831753170736,-0.2923823669586381,-0.2781215730368273,0.11900405798710884,0.049415825687012124,0.021361114581453563,0.12672996571301656,0.17554380266244674,0.2834635868534174,0.44027910807571824,0.4248768028429045,0.3171027730349764,0.3076944432876636,-0.0029109232499063007,-0.03160741635317906,-0.2733857123687632,-0.15990412600582093,-0.11301332148789776,0.02865716255546764,-0.39413095684282123,-0.13399084755016957,0.21125686549415362,0.12309397224651462,-0.061532410684953055,-0.08866910053350731,-0.08186815474951069,-0.08384578723561774,0.4430118870796837,0.35940439669253227,0.013435777842557504,0.26751389293762173,-0.1851645173679072,0.1674329182803759,-0.10847735254514916,0.16828245811296658,-0.06357158391056696,-0.12470374843256199,-0.2083283591758168,0.0024158210598888563,0.1542127643822559,-0.15696914171490442,-0.22109690584266856,-0.15159057362447192,-0.09160315939976957,-0.05512338224202631,-0.43718217447031005,-0.1215970978682843,-0.22330311821837245,-0.06983485797045119,-0.14412471022640513,-0.24397525414474566,-0.4753374329645516,0.5448599601141974,0.47576729271644524,0.5591915490220575,0.6761032218659337,0.3057991735957838,0.394060161856772,0.45726944201520475,0.24352179606416893,0.6446975480873786,0.44597602224720867,0.43105910224554295,0.40813910983402507,-0.06169158372548203,0.08771822670127755,-0.21574980219048015,-0.25540980117251305
#13,0.5330034194440975,0.43200210996821164,0.5538597148766641,1.0,-0.05174095513078564,0.3268137166442251,0.10097539758556708,0.14840988908785518,0.23277854125311753,0.6558285558285558,0.35086781696951186,0.0935923596940546,0.10561732765122596,0.33556592031168303,0.21072659716727513,0.0425787883415002,0.3510885307495477,0.2803051125085023,-0.13126362109412956,0.004691902996987743,0.03611701069328188,-0.04787591906235974,0.230375676138388,-0.011520148808284402,0.1901243308022969,0.0288329932397729,0.10619432992314348,0.19816858460926257,-0.07733866377934175,0.0759958726060421,0.1265226705904672,0.12494991139058936,0.23961326503699384,0.2493792714131697,0.055328363802940074,-0.07891928908878061,-0.20991361160852687,-0.15643239541544626,-0.045589194741737116,0.019427902478749936,-0.20835658462777107,-0.193275401749978,-0.04889018448340482,-0.1538347284109996,-0.2143996076199466,-0.13910613232647132,0.10626234863522999,0.11415899720984467,-0.13509395373802152,-0.030621839096415367,0.06477741223503936,0.11937283971182276,0.09107520463452667,0.09157863564643226,0.13042518635738976,-0.05233646589578793,-0.054179911807030454,-0.15178953992513314,-0.27740714520375537,-0.2781095425163222,-0.019739307874901094,0.028179180721553603,0.014183983675509099,0.05337803134413304,0.17806836111920857,-0.017381788568229247,0.2144597602224721,0.059437249267757744,0.1532947431252516,0.13298768722497536,0.3731113239587816,0.2977433519806401,-0.12141478921139938,0.014062290333476774,-0.08362738701721753,0.08790238620747096,-0.03920792903843751,0.13476218899947714,0.08147114757284249,-0.06055377411309615,-0.06353179065043472,0.21948898050592966,0.13635114313080415,-0.013477884664325342,-0.0647834274952919,-0.21194491872457974,-0.05811296658754286,0.05810232420401912,-0.28095198434181484,-0.004008476889832822,-0.027995483927687317,-0.09363400380349533,-0.2650434718231328,-0.20622301808742488,-0.35649439886728024,0.19930639422164845,0.17855235821337517,0.2496476445628988,0.3936631546801038,0.15963112573282065,0.18251826556911302,0.1598865429373904,0.12484071128138925,0.3380645668781262,0.3484732806766705,0.16308203426847495,0.2770254075338821,0.08317161537500521,0.09038622597944632,-0.17350555486148705,-0.09377328021395819
#17,0.06092024227617448,-0.10980718777328947,-0.10483997094166586,-0.05174095513078564,1.0,0.4459709324116104,0.023478486190350596,0.2042574161218229,-0.10517451195417298,-0.115811342929987,0.04277914277914278,0.4730456188083307,0.2331968331968332,-0.021712313237736966,-0.1291166358962969,-0.10160191007648635,0.052218474252372554,-0.19879509710018184,-0.026375528070443324,-0.0554477435833368,-0.062082575641897675,-0.10237325152579389,-0.15530892988520106,-0.06365302128013993,-0.1392120934493816,-0.0598236140609022,-0.18241322987085698,-0.16304733084394102,0.14019211815821986,0.08349967841493265,0.05854467718874499,-0.09751430937871616,-0.07042065177658398,-0.2668758126385245,0.19982787101431168,0.14376564546056073,0.22994627909882148,0.16607763387424404,0.024993406349338554,0.201472350624893,0.15484297857179213,0.05196675874641976,0.1271811102319577,0.06547055530106377,-0.09549595820782261,-0.06885251969997733,0.06746762170490984,-0.095318739386536,-0.15478236325693953,-0.24704581314750806,-0.11770244821092278,-0.27453740335096266,-0.17986229681144936,-0.20281745535982823,-0.33190817936580647,-0.006201733320377388,-0.23740658994896283,-0.3762420355640695,0.17189948037405664,0.1580292156563343,0.07990070193460024,0.0972778633795583,0.05694646881087559,0.04339686373584679,-0.1072701360836954,-0.19793861658268438,0.18736240092172296,0.20508335762573052,-0.04339501288653831,0.020576817186986677,-0.07323070373917831,-0.022412859700995293,-0.0023209650328294396,-0.07152745966305288,-0.07404183844861811,-0.10325749478291851,-0.08879125658786675,-0.051654427925614366,0.2508895644488865,0.30916957018651936,0.12764567340838529,0.15488693624286845,0.09868635970330886,0.19773224688478927,0.5078804536431655,0.2671252145828417,0.3004256953409496,0.031721243585650365,0.09570093976873638,0.08602469958402162,0.0719684245107974,0.08356307000374796,-0.01739011739011739,0.20783464512278071,0.048551941772280754,-0.24975823280908027,-0.15188856036313664,-0.18155258494241544,-0.20031279353313253,-0.16202196032704508,-0.2609119134542863,0.10611428069055187,0.18891942790247876,-0.007709250082131438,-0.15924337280269485,0.0020053952257342088,-0.21350657282860672,-0.08343674953844446,0.13495328919057734,0.12183123030580657,0.1804032075218516
#18,0.16093181008435245,0.08584146550248245,0.15735087938477768,0.3268137166442251,0.4459709324116104,1.0,0.0702175210649787,0.245538296385754,-0.02375194917567799,0.19652549313566262,0.25222819121124207,0.5206360443648579,0.5012210978312673,0.17111703382889823,-0.05224808784130818,0.00360545445291208,0.17024991092787703,0.000775505860251623,-0.18957046414673534,-0.06785213564874581,-0.07210261108566193,-0.03005038937242327,-0.06032102981255524,-0.0986049223337359,-0.11895917489137828,-0.11712081881573407,-0.09805105567817432,-0.00022302734167140947,0.2866290018832392,0.17730488577946205,0.20346987974106617,0.042137823493755694,0.04684730955917397,-0.15176362803481447,0.29436323843103507,-0.008017879204319883,0.13817515512430767,0.05719494533053855,-0.007029062961266351,-0.01225077157280547,-0.023970812106405327,-0.07952775579894224,0.12178264551145906,0.022690949809593877,-0.04053637612959647,0.11619122975055178,0.02879690167825761,0.08421503167265879,-0.11003021511496087,-0.03016329118024033,-0.024381237940559974,-0.05450242229903247,-0.106320650388447,-0.08069610442491798,-0.1996367708232115,-0.08710559558017185,-0.26479221902950717,-0.190792950114984,-0.10605968063595182,-0.03621279214499554,-0.09650513379326939,-0.07613792529046766,0.08023200396081752,0.009155688816705766,-0.14614630038358853,-0.2589879555981251,0.24012317402147912,0.27434630315986247,0.02892090858192553,0.09530624615370378,0.12022839480466599,0.1340588662622561,0.08190285817404462,-0.08303187625221524,0.05554676402134029,-0.06769481345752532,-0.06003738715603123,-0.10711050033083931,0.19579996020673987,0.2467172873952535,0.216506799557647,0.3824187824187824,0.21512745411050496,0.1254764780188509,0.3301429318378471,0.04093939856651721,0.07942827264861163,-0.015268581370276285,-0.09483335415538806,0.12936048529268868,0.17688381756178367,-0.0072044309332444925,-0.03225752717278141,-0.09995650504125081,-0.2944932605949555,-0.0799650189480698,-0.14305491932610576,-0.0521661877594081,0.014350560113271977,-0.09511745952423918,-0.08046104656274147,0.2721701670854213,0.23932592068185288,0.13620307518612604,0.09432714686951975,0.09094425704595197,0.06845088540003794,-0.10447905532651296,-0.04668027040908397,-0.12614694818084649,-0.09824354400625587
#26,0.18059569584993312,0.25588130503384743,0.18284910488300318,0.10097539758556708,0.023478486190350596,0.0702175210649787,1.0,0.255666143801737,0.2970691801200276,0.3371928168538338,0.3215124215124215,0.09030941573314455,0.07253061998824711,0.33602678178949363,0.02101176677447864,0.02299495180851113,0.158366070230477,0.16856101093389228,-0.15474164457215306,0.012024967957171347,0.03145749755919247,-0.14731603714654562,-0.15518677383084162,-0.20798086221815035,-0.03988210089905005,-0.21253626507863796,0.014239509154763392,0.04127995483927687,-0.0507350185316287,-0.10567239041815313,-0.04842423316999588,-0.011582614972445482,-0.0017435000485847944,-0.06557605371164693,-0.19646811680709986,-0.24596121545274088,-0.12197744740117622,-0.2804110736314126,-0.08290601849923884,-0.25419147961520844,-0.2186112152213847,-0.15793991217720033,0.10078337196981264,-0.023136079068282456,0.0044341722307824,-0.14790784621293096,-0.11082469218062438,0.010673385249656437,-0.03669216211589093,0.05082293387378133,0.11096581944039571,0.0026494907850840056,0.056069166238657764,0.04763715950156628,-0.023780637339959373,-0.10491030321538797,-0.128825589842539,-0.15155540748761087,-0.038220963644692456,-0.3447859261418583,-0.09350860876284606,0.08036202612473799,-0.06860635674194997,0.134105137494968,0.03617947685744296,0.07658629353544608,0.18430294701481142,0.4055187699255496,0.03387470675606269,0.0764076865771781,0.28603487925521826,0.13765414104397156,0.09661803560108645,0.2554060994738961,-0.08041107363141262,0.04771489517252229,-0.11331408450052517,-0.12562593410051037,0.013436240554884623,-0.07775325402444047,0.04314329738058552,0.17059648246088924,0.2931578728188898,0.1273578663409172,0.041222115798386985,0.028640042199364234,0.055707325198850625,-0.0694086999171745,-0.12207739326383395,0.18897865508035,-0.026375065358116206,0.14044429637649977,-0.0984647204986188,0.00249170588153639,0.01892400875451723,0.10573254302067861,-0.13420462064529862,0.00596251104725681,-0.09236339575322626,-0.03330233160741635,0.07650115446725617,0.1305205050967763,0.03334351300452995,0.04373186746068102,-0.04174035360476038,0.12888944414368142,-0.01242290055849378,0.014984013289098035,0.004917706612621867,-0.05452555791538843,-0.01056788683907328
#49,0.28922065362743327,0.2834839461958106,0.15078823044924738,0.14840988908785518,0.2042574161218229,0.245538296385754,0.255666143801737,1.0,0.5032477778240491,0.21049662914069694,0.29026823433603094,0.42419985470832927,0.12863310151445745,0.1918460833715071,-0.23596848003627666,-0.22341463188920815,0.1736712058745957,0.21808372316846894,-0.23576072220140018,-0.210139415224161,-0.16307092917262409,-0.27429679294086073,-0.11226187666865634,-0.05709592489253506,-0.060219695812916155,-0.21593534983365492,0.04687831128509094,-0.03293678886899226,0.04367449113211825,0.04825349232128893,0.10635026397738262,0.11472813337220117,-0.027945510996358454,-0.2698834427647987,0.05992448534821416,0.09062128384162282,-0.08607374709069625,-0.19667772549128482,-0.1110551229195297,-0.2688131891521722,-0.22905925956773415,-0.02200058301753217,-0.14747012035147627,-0.17380724329876873,-0.22262246838518024,-0.1760662048797642,0.028923684855888247,-0.09225188208239056,-0.08605199961132165,-0.0010161162703535584,-0.1534349449603687,-0.040008884076680684,-0.02269835320682778,-0.01974208414886381,-0.10280496212699602,-0.12802370937964158,-0.2773307976697807,-0.3859113350638774,-0.2039011276299412,-0.45070077781942186,0.03812286863134321,-0.20714798002933596,0.016201409421748404,-0.2128786722007061,0.23556221861306606,-0.2677956847448373,0.08499331380687312,0.024289158187463272,-0.05510996358453986,-0.1203158474344915,0.27054974851585023,0.03489683828666879,0.35078961858622876,0.03929353081895455,0.14260146124552905,-0.30836768972362194,0.11329742685674889,-0.2559317406775034,-0.11027822892229672,-0.15027369434149096,0.3340588662622561,0.03700680649833192,0.18633934396646262,0.2266170639051995,0.10078614824377537,0.30724700046733944,-0.13070373917831546,-0.2430433515179278,-0.149535668179736,0.03509765543663849,-0.19763831628238407,0.09979177945279641,-0.25739622519283534,0.09050051592424474,-0.12942110060754128,0.04442223425274273,-0.12635378059106872,0.07480577650069176,-0.1024287770050482,0.11516817279529144,0.046744124710226403,0.3544376425732358,0.05440247643637474,0.1490160422363812,0.01929649217784811,0.18311747803273226,0.012172573189522341,-0.012553385434741366,0.035130508011863945,-0.10174026106229496,-0.2557212065686642
#50,0.09946186556356047,0.3996164114808183,0.023290162273213122,0.23277854125311753,-0.10517451195417298,-0.02375194917567799,0.2970691801200276,0.5032477778240491,1.0,0.3117061591637863,0.32547185089557973,0.21294715362511973,0.04971427513800395,0.32975425348306703,0.017008842432571246,-0.20496073885904395,0.08571514503717893,0.07508571745859881,0.016176885668411092,-0.10616055192326379,-0.045562820139091326,-0.23423747322052407,-0.028643743897981185,-0.0796698084833678,0.0238903001614866,-0.17093565059666754,-0.08405030608420438,-0.059018031899387834,0.11953756530027716,-0.045183858743180774,-0.022559076796364933,0.1264407705085671,0.013555620335281352,-0.008608762846050982,0.08036248883706511,-0.059186921898786306,-0.028912117047710267,-0.06800112901807817,-0.16133529523360032,-0.1941684365413179,-0.02279783635715839,0.05662904815447188,-0.0443949342254427,-0.05587991689686605,-0.1681542867983546,-0.11982028253214694,-0.17068578594002323,-0.07719753651957041,-0.2031071132766048,-0.06716454513064682,-0.10551738178856823,-0.13088882410916308,-0.07065478421410624,-0.07840151399473433,-0.06347441432187195,-0.11085615661886848,-0.2294650582786176,-0.2817307291883563,-0.1182669572500081,-0.40916355492626677,0.024949911390589358,-0.15362928413775873,0.10010549841058315,-0.1382991620279756,0.1490859117977762,-0.11548420531471379,0.20543548170666814,0.08754794856489771,0.1559414576363729,0.030777310438327387,0.37387803828481797,0.13319729590916032,0.12966680085324153,0.03924725958624264,0.08467913213675926,-0.24146041264685333,0.022127366195162805,-0.2184821184821185,-0.015381945890420466,-0.16498054294664463,0.15945945945945947,-0.047732478240952815,0.14447128175941734,0.030451098247708416,-0.09839994077282213,0.07292947801422378,-0.13780868696122933,-0.149279325550512,-0.02711771864314237,-0.02473104845986202,-0.1397423617762601,0.036948042032787794,-0.3631246038025699,0.06095633383768977,0.06713354340472985,0.13921903413428838,-0.15992957518381248,0.0683652836195209,-0.11318452504893182,0.1363284702267753,-0.0014024810634980127,0.03848378424649611,-0.0942290518561705,0.09350074265328502,0.08454633369887607,0.036671802773497686,0.14469014469014468,0.0219964186065881,-0.040612260951244004,-0.0508923407228492,-0.029653844908082195
#51,0.4568451348112365,0.5552001924883281,0.5271593627525831,0.6558285558285558,-0.115811342929987,0.19652549313566262,0.3371928168538338,0.21049662914069694,0.3117061591637863,1.0,0.5365269738151094,0.06688414146041265,0.18308323732052545,0.3596736952669156,0.03746304085287136,-0.12476621459672307,0.4764447035633476,0.27946714048408966,-0.28342656986724785,-0.006908295043888265,-0.01971987395716209,-0.09304635914805406,0.19420082640421624,0.01592887186107525,0.2864712169796916,-0.05786726634184261,0.2667666125293244,0.22309952479444004,0.02894867132155268,-0.12774376842173452,0.20772729586288907,0.2056066852677022,0.37033551270839404,0.1308744800270224,-0.07624249827639658,-0.2515058972686091,-0.08750908072941971,-0.2889582957379567,0.21054799020900716,-0.08221056187157882,-0.3085342661613848,-0.23238662391204765,-0.03161805873670281,-0.05653604297672094,0.054303918710698375,-0.026353780591068725,0.20049463947769033,0.15406330830059645,-0.10699065783811547,0.06022154666222463,0.21937330242414987,0.2542488559437712,0.27851811750116834,0.2737308957647941,0.1382366958638145,0.12766649546310563,-0.1917544663307375,-0.10491030321538797,-0.29783358088442835,-0.14805498873295483,-0.16254945237996085,-0.02003174206564037,-0.11689455248777282,0.0330806924027263,0.2145597060851298,0.02537745758084741,0.21398455466252075,0.09207466326110395,-0.027862222777477016,-0.0440728864457678,0.35850071951766865,0.27394651970923156,-0.1646959748654664,0.1588426639274097,-0.24466562093680738,0.1255222865392357,-0.21797591119625018,0.022194459482595075,0.11230814790136824,-0.17395068412017564,-0.03355728609965898,0.23368453198961672,0.2099968998274083,-0.1852589106826395,-0.2588958758450284,-0.1879273726731354,-0.09541452083824965,-0.027892299078739757,-0.3154291425477866,-0.04850613325189596,0.01728693254116983,-0.036631084088711206,-0.18425760120675375,-0.26513832785019226,-0.38818649157632207,0.35995039723853284,0.11167145573925234,0.406724598250022,0.37620224230393723,0.27214379248277554,0.2899235136523272,0.17544940934771444,0.09673834080613741,0.35342430257684493,0.225173864156915,0.26109607296047976,0.2235488184640727,-0.022061661044711894,0.13456923795906847,-0.18594557577608425,-0.15696035018068916
#52,0.3900928663640528,0.44311923633957534,0.23509117746405883,0.35086781696951186,0.04277914277914278,0.25222819121124207,0.3215124215124215,0.29026823433603094,0.32547185089557973,0.5365269738151094,1.0,0.1758917623324403,0.31105604834418393,0.48612557087133357,-0.02491752152769102,-0.061734615971904105,0.1661711017643221,0.06891174687784857,-0.07220672135926373,-0.02937205310086666,-0.13086522578048002,-0.037382528907952635,-0.06423002355205745,-0.09014515285701727,0.08718055497716515,-0.010351337469981538,-0.048372872101685664,0.0009499484075755262,0.21143871143871143,0.010955177056871972,0.13453962437013284,0.16817001901747664,0.17687317517825993,0.07909974689635707,-0.09935868071461292,-0.151291661461153,0.021691953895343726,-0.053738946959285945,0.1172767528699732,0.006106877293317972,-0.26921297260280314,-0.14823452111587704,0.03772123433140382,-0.0911802403327827,0.09862389353914777,-0.06011651096396859,0.011176353549234906,0.058048649574073304,-0.14426398663686799,-0.05066514897023371,0.009799784376055562,-0.089223429901396,0.009761379252904677,-0.05821059888856499,-0.1770082871777787,-0.024242886954751363,-0.2679044221417103,-0.2828532692939473,0.01737392245866822,-0.1543437119708306,0.01579977512180902,0.10312192007107261,0.005995363622482266,0.026178875331417703,0.0712664899105577,-0.05806484450552247,0.2199350351892725,0.2223670511806105,0.1054923953229038,0.03971506174896006,0.29340449848924427,0.21907670382246652,-0.07136921204717815,0.0751435564994887,-0.16198725690251115,-0.008707783284054471,-0.08942702332532841,0.016557697913630116,0.15965703762313932,0.06894089775445708,-0.009377328021395818,0.19895103115442098,0.12393425783256291,0.06367939588278572,-0.05569251840438281,0.08724070757969063,-0.01636335873624009,-0.20245376347071262,-0.2045651198193571,0.0017384102129864843,0.06174109394448377,0.0986197291282037,-0.18418773164535876,-0.04567294567294567,-0.19274790969706224,0.12451357366611604,-0.013940596991444449,0.0728670118500627,0.09184053082358166,0.12485598078818418,0.043283961928029725,0.13128444314884993,0.02629038900225341,0.11540369336979507,0.10918483969331427,0.03307513985480087,0.16824821740075976,0.06707339080220436,0.20713780035813933,-0.03294650582786176,-0.065187838069194
#53,0.05020104850613325,0.12224535783857818,-0.09398103804883466,0.0935923596940546,0.4730456188083307,0.5206360443648579,0.09030941573314455,0.42419985470832927,0.21294715362511973,0.06688414146041265,0.1758917623324403,1.0,0.38124858294349817,0.21571417334129198,-0.08848355289033255,-0.15716163004298597,0.023654779586982977,-0.15333407367305674,-0.20169075084329322,-0.15655779045609555,-0.00013418657486454096,-0.07500335466437161,-0.0007421905726990473,-0.12715149664302206,-0.187731645358764,-0.051288422474863156,-0.363657185691084,-0.3273601799025528,0.25525803152921794,0.1908651332380146,0.18532415312076328,0.09974689635706585,-0.04434542400644095,-0.2825807317332741,0.4700190174766446,0.22675865387729793,0.17908771637585197,0.03234821878889676,-0.05239939477227613,-0.03821032126116872,0.09293577090187259,0.07222754341398409,0.1287506304455457,-0.06262718805091687,-0.11554158164327656,0.10649555564809803,-0.2692920964107405,-0.25413132701268293,-0.3436120249679572,-0.2936594529814869,-0.16853139734495667,-0.2326864615000208,-0.28419189605630285,-0.21158168954779125,-0.3314898874220908,-0.17425653696840138,-0.20900068018712087,-0.31086772442704647,0.031556517997195964,-0.12205009323653392,0.13562190850326444,0.0034652526177949908,0.20769999583558907,-0.03591758168029355,-0.2744703100635304,-0.4390353373404221,0.4210293498429092,0.24815123289699562,0.04841035180018231,0.12025985924291009,0.122318466386263,0.02058745957051042,0.16809043249721214,-0.22434699722835316,0.10499405414659652,-0.31246130568164465,0.09756011789910095,-0.15240587274485579,0.24558271676915744,0.150965449270534,0.5315259789836061,0.3332912265115655,0.062082575641897675,0.3437508386660929,0.3690380673431521,0.40796698084833677,0.24790090552802418,-0.13190262681788106,-0.17706334994470588,0.1461069698357834,-0.1969410088054156,0.22390788322991712,-0.14238815086272713,0.18390686526279745,0.007037854495481614,-0.2511320257082969,-0.23113776334115319,-0.1291573545810834,-0.25540795032320457,-0.13409495782377137,-0.191865054576919,0.17752328599786227,0.08367180740062095,0.06831484797586493,-0.13405146286502218,-0.0806211450279247,-0.17673621232943268,0.14853944853944853,0.0028128282365570503,0.14278562075172244,0.04596491715135783
#54,0.046427166766149816,0.04222805239754392,-0.009389358541900915,0.10561732765122596,0.2331968331968332,0.5012210978312673,0.07253061998824711,0.12863310151445745,0.04971427513800395,0.18308323732052545,0.31105604834418393,0.38124858294349817,1.0,0.18904389751847378,-0.05468935807918859,0.13497133497133498,0.043419536639875626,-0.25446818158682566,-0.17436296080363878,-0.034104674782640884,-0.051998685896990984,0.13082635794500203,-0.2771956856702619,-0.09759898573457895,-0.3044980265319248,-0.1430896227506397,-0.2762961729063424,-0.12666935039816396,0.18398691449538906,0.08599786226904871,0.25830915661424136,0.11560451051976475,0.013801320580981599,-0.13333610960729605,0.13587131044758163,-0.0648292360156767,0.22690209469870487,0.16620071535325773,0.03731960003146444,-0.03474784491733644,-0.06812421049709186,0.05000347034245339,0.2981986609105253,0.1561570815808104,0.1952002850307935,0.23399084755016958,0.0026809552233281048,-0.0396266836944803,-0.1674065436777301,-0.08895135505304996,-0.02266457520694809,-0.20308582850955734,-0.25577904560955406,-0.1292253732931699,-0.3592563287478542,-0.10891739196823942,-0.17751171818968428,-0.21813647237376052,0.0007482058329515957,-0.0569950536052231,0.024345609091371803,0.06463165785199683,0.13624518200789387,0.06837685142769888,-0.20165234572014232,-0.11433020077087874,0.16361415344466193,0.37352915319017016,0.0192502209451362,0.07132756793773742,-0.013606981403591572,-0.021558692745133425,0.07974384245570686,-0.14213689806910146,0.08624448793940319,-0.05740409130239639,0.023794518709772946,-0.0762647084680983,0.2592174609123762,0.2900563120902104,0.06558160625957236,0.3402559724593623,0.11195047127250517,-0.16354289574628558,0.02014556929811167,0.10794800964292489,0.07237237237237237,-0.15624360878598167,-0.11509275068597102,0.053940689533909875,0.27641879167302896,0.08576372983152644,0.018825913741167977,0.007902201122540106,-0.25837486176469227,-0.2383838383838384,-0.21331639806216077,-0.1407159085125187,-0.02853361836412684,-0.10647750986734038,-0.167033134829745,0.09055419055419055,-0.01012183215573046,-0.015441173068291712,0.024418254926729503,-0.03344114530555208,0.040345738650823394,0.05966073932175627,-0.07836310887158345,0.060829550660059135,-0.02910923249906301
#58,0.2140604394841683,0.3863560016102389,0.11942327535547874,0.33556592031168303,-0.021712313237736966,0.17111703382889823,0.33602678178949363,0.1918460833715071,0.32975425348306703,0.3596736952669156,0.48612557087133357,0.21571417334129198,0.18904389751847378,1.0,0.05756233891827112,-0.17980492048288657,0.022444786851566513,0.05836514480582277,-0.16717703836347905,0.03462291258901428,0.027157049190947496,-0.1245126482414618,-0.013099848693069032,-0.2053059222550748,-0.09897879389404814,-0.20200909692435115,-0.15562126070600646,-0.06564869954700463,0.1193034328627549,0.0594289204458696,-0.026260312700990666,0.2916568340297154,0.08357556323658019,0.10784066038303326,0.1364830161440331,-0.12208711022270344,0.15836930921676684,0.014000749593969932,0.10149687437823031,-0.037286284743911866,-0.18632962700759312,-0.256217696895663,0.2212019415409246,0.026322778865151747,0.1166641217488675,0.05901340477611664,-0.14288510390205306,-0.08610289796730475,-0.1988085157576683,-0.09736577872171093,0.1210228718703295,-0.09813943373265407,-0.10526797984425103,-0.18255296899364695,-0.15735041667245056,-0.2746641865285933,-0.10276933327780785,-0.22527381001957272,0.042330311821837246,-0.24382949976170315,0.10676809320877118,0.28065446031547725,0.37319507488999015,0.13748432561991883,-0.0857479976124044,-0.05093028313367296,0.5978118334050537,0.44756636451551707,0.215290791561978,0.060854999838050684,0.34205731154883695,0.024553366926248283,-0.027152884780003425,-0.08409518917993494,0.06854666685175159,0.20683379835922208,0.14489512625105846,0.02092246329534465,0.3511949545847851,-0.012340075051939459,0.10839637788790331,0.1597319970201326,0.08669933415696128,0.09524979524979525,0.04633554972538023,0.030043448687516485,0.12303983490424168,-0.18793199979640657,-0.26920695734255057,0.0972440853796786,0.10658393370257777,0.05208243682819954,-0.11184173387563218,-0.11193057464243905,-0.13200905065311844,-0.026763743712896255,-0.034905629820884056,-0.018910127384703657,-0.01852977785181175,0.059781969951461476,-0.02747493255967832,-0.04776070369290708,-0.15342661613848055,0.16213532484718926,0.008853537667096989,-0.07419314537958606,0.013245603076111551,0.2940254584322381,0.26084852186547103,-0.11253302609234812,-0.07825205791307487
#101,0.23013228945432335,-0.07452999995372876,0.10850557799710342,0.21072659716727513,-0.1291166358962969,-0.05224808784130818,0.02101176677447864,-0.23596848003627666,0.017008842432571246,0.03746304085287136,-0.02491752152769102,-0.08848355289033255,-0.05468935807918859,0.05756233891827112,1.0,0.4561237662932578,-0.03839077906874517,-0.14654145671094823,0.2950526797984425,0.3016565101310864,0.711608064150437,0.4179342670868095,0.2991499974550822,-0.010098696539374506,0.24357361984480627,0.1772507484371891,-0.37291837291837293,-0.4107478819343226,-0.2569770078244655,-0.26270677457118136,-0.35124446480378685,-0.13091242243784618,-0.19595404341167053,0.00965079100672321,0.059238282967096524,-0.18608901659749116,0.1882619136856425,0.13219783728258305,-0.24542076745466576,0.029379919210427687,0.10331348297449992,0.015294030548267836,0.193749219172948,0.058037081765895324,-0.24261765617697822,-0.12680492511000985,-0.4042884178477399,-0.40761022964412796,-0.3811726981218507,-0.4450394924971196,-0.1615384259452056,-0.2894191572157674,-0.2667499548855481,-0.17513476496527344,0.34443010036230376,-0.20110541974948754,0.34332005348954503,0.1016130151723372,0.023479874327331954,-0.14021108936363175,0.15590212708856777,0.288524271575119,0.2720197855791076,0.2342795800422919,-0.38946635387313355,-0.11974624855980788,0.2518334975962095,0.23191974717398448,0.5520269113489452,0.4445314343619428,0.2132058098159793,-0.03280630399274467,0.1031774455503269,-0.28341500205906983,0.1353285488878709,0.10067648542224814,0.19066015167710082,0.24582471531624073,0.4262778957694212,0.18975416094060163,-0.20549609702152075,-0.10837092870991176,0.2974541567761907,-0.12364598805276772,-0.01725130369198166,-0.2556120064594641,0.20798780290305713,0.10868094596908157,-0.1327341208697141,-0.1952460935511783,-0.2227760888777838,-0.34715917766765225,-0.2840285586048298,-0.03511708935437749,-0.051140817242512154,-0.06322501237755475,0.08604228265245215,-0.2403795166507031,0.09106456225100293,-0.37824928163911214,-0.3122262478194682,-0.3930981829286914,-0.3282814401458469,-0.041045359689427484,-0.19151802033157966,-0.38959267433843703,-0.24771628330950365,0.15131572250216319,0.0004002461629580274,0.25062535571010147,0.353265129536316
#102,0.12163504027910807,-0.06885992309721123,0.04367541655677249,0.0425787883415002,-0.10160191007648635,0.00360545445291208,0.02299495180851113,-0.22341463188920815,-0.20496073885904395,-0.12476621459672307,-0.061734615971904105,-0.15716163004298597,0.13497133497133498,-0.17980492048288657,0.4561237662932578,1.0,-0.1352480369429522,-0.11369073233480013,0.2303465252617795,0.32944469893622436,0.21021298648417291,0.7124330802296904,-0.011094453467334823,0.2400958739941791,-0.007069318933725714,0.437247879620761,-0.419707843436657,-0.4338228829754254,-0.20053998528574798,0.01826047927742843,-0.13374884900308628,-0.15979770217058353,-0.2726828523438693,-0.000992055229343365,-0.15607888319752727,-0.15190151630829596,-0.036690773978909574,0.14965921237107677,-0.32070036137832747,-0.018440474372677762,0.08155582392870528,0.13707713877205402,0.019890614805869043,0.13745841372960016,-0.08143598143598144,0.012005996751759463,-0.30597824326637885,-0.41468556383810623,-0.3541618660262728,-0.3757728452643707,-0.35365473331575026,-0.32802509751662295,-0.3405646015815507,-0.07063951470731132,-0.04113651401786995,-0.04918585766043393,0.1615694276711226,0.25387914879440304,0.1776357250933522,-0.02805656195486704,0.24127486500367856,0.1833604020044698,-0.05998556337539388,0.4113387655760537,-0.34922981533151026,-0.11522323556221861,-0.054306694984661084,0.23756067315389348,0.30735851413817517,0.40451098247708417,-0.0616740006570515,-0.04710550303770643,0.07770605736707431,-0.20084352457233814,0.010916771933721087,-0.03157363835329937,0.05626489355302915,0.33260317328113936,0.16691884488494657,0.41698293054225255,-0.34011715876122656,-0.0010637756400468264,0.03574128828366117,-0.1954371937422785,-0.0809505962048335,-0.016354567202024828,0.22885612885612885,-0.03233017300813911,0.01286340269391117,-0.1432932161745721,-0.14127995483927688,-0.03991125177565855,-0.04563685411143038,0.2401426079392181,0.07091251498031159,-0.13751625277049007,0.14798928358250393,-0.29220052101408034,0.0024116566489447845,-0.39801265055502344,-0.32631167376930087,-0.18839101042490872,-0.23260687497975632,-0.269406849067866,-0.26541225354784675,-0.36120481035735275,-0.32785481938024313,0.13417870875497995,-0.09025944280181568,0.38546759394217023,0.3216378165530708
#201,0.21673537944724386,0.2641277641277641,0.68942517247602,0.3510885307495477,0.052218474252372554,0.17024991092787703,0.158366070230477,0.1736712058745957,0.08571514503717893,0.4764447035633476,0.1661711017643221,0.023654779586982977,0.043419536639875626,0.022444786851566513,-0.03839077906874517,-0.1352480369429522,1.0,0.6573277437684217,-0.2970113410791377,-0.22898476288306796,-0.08509002068324102,-0.2737457025592619,0.22919205800561732,0.16983578339510544,0.46212144347737566,0.038943257587325385,0.3538088165206809,0.14607457997288506,0.1308522698353207,-0.12193487786708125,0.4307708324657477,0.1978275656241758,0.5968313459838883,0.2645210696058154,-0.19377235478930394,-0.22320826219131304,0.06315838180244959,-0.27136088322529,0.42852436411758443,0.10358925952146292,-0.2423289236848559,-0.22166511658037083,-0.15600068481424414,-0.3138013205809816,-0.280105683495514,-0.16331477856901586,0.3017916221306052,0.14659096692994997,0.10969983851339783,0.1738285280658162,0.179546264292027,0.24333023316074165,0.5010128772840637,0.4224984614815123,0.2888352142589431,0.34048686591059474,-0.19707612080493436,-0.14461564800547852,-0.3098955658277692,-0.010287020456511982,-0.2345970006986956,-0.07560904510057052,-0.5123423886135751,-0.10510695595441358,0.2398538754470958,0.023147184164133316,-0.10963737234923676,-0.1211075482261923,-0.21931592609558712,-0.14785926141858347,0.30667369989403886,0.30504957962585083,0.03855180295858262,0.20612538578640274,-0.22343360309462004,-0.04295265990181244,-0.1782867613376088,-0.057588713520916913,-0.03873827602641162,-0.14339455017421118,-0.021935340579408377,0.07830526983069357,0.18121758121758122,-0.17244409278307585,-0.1388729253136033,-0.1345627599864888,-0.1830818491835441,-0.03169995881860289,-0.3167284387623371,-0.12804962126996025,-0.13477930935558055,-0.10442306713493155,-0.25689464503023823,-0.26657504962589706,-0.5145092704414739,0.6327188513629192,0.2670285077064738,0.6314940518330349,0.5688534451246315,0.40909738706348875,0.39627007593109287,0.6651207447817618,0.4452185621677147,0.733312511278613,0.48113105401240996,0.5534733500835196,0.45473979372284457,-0.1718083260456142,-0.077269719642601,-0.2431812397914093,-0.33105493783459883
