,#10,#11,#12,#13,#17,#18,#26,#49,#50,#51,#52,#53,#54,#58,#101,#102,#201,#202,#301,#302,#401,#402,#501,#502,#601,#602,#701,#702,#801,#802,#901,#902,#1001,#1002,#1101,#1102,#1201,#1202,#1301,#1302,#1401,#1402,#1501,#1502,#1601,#1602,#1701,#1702,#1801,#1802,#1901,#1902,#2001,#2002,#2101,#2102,#2201,#2202,#2301,#2302,#2401,#2402,#2501,#2502,#2601,#2602,#2701,#2702,#2801,#2802,#2901,#2902,#3001,#3002,#3101,#3102,#3201,#3202,#3301,#3302,#3401,#3402,#3455,#3501,#3502,#3601,#3602,#3701,#3702,#3801,#3802,#3901,#3902,#4001,#4002,#4101,#4102,#4201,#4202,#4301,#4302,#4401,#4402,#4501,#4502,#4601,#4602,#4701,#4702,#4801,#4802
#10,1.0,0.5194552025060499,0.4880250049741575,0.38677151727999187,0.3257670613602817,0.31148729623305893,0.07340190730021239,0.6994641791251961,0.2937644886797429,0.39792149622658096,0.42105757529486343,0.3542932763271746,0.16184474150575845,0.319478800834733,-0.46021969581291616,-0.41242845310641923,0.1526797984425103,0.507144278330719,-0.07201793472979914,-0.05147582096734639,-0.012757441571000894,0.07664366986400885,-0.07167645303238523,-0.035130045299536825,0.1443250646640477,0.05044998773812333,0.2082117556693828,0.14624208183530218,-0.2896764252696456,-0.1802754989195667,0.09783867072002665,0.2737202533812703,0.37679636493195817,0.06749723529384546,-0.07941300314181671,0.033020077087873696,-0.2775242114225165,-0.09351878843404267,-0.034238861357505423,-0.027217201793472978,-0.044242239157493396,0.034710365218839793,-0.30852917632578647,-0.1177561228408686,-0.3024463600734787,-0.13861843353368777,0.19182711216609521,0.19134496592123712,0.22875757113045248,0.18074654006857396,0.17535501603298215,0.12385744758626115,0.3688113383028637,0.3117214286705812,0.282708440335559,0.28521171402527334,0.13374514730446935,0.05593220338983051,0.19632282513638447,-0.08878246505365149,0.2607374709069624,0.15857938061327892,-0.2088951817765377,-0.22001230814790138,0.3627734051462865,0.18150400014806795,-0.11950980256065002,-0.22678734204157933,0.11188754239601698,-0.2522753878686082,0.22356501339552187,0.2220065982777847,0.2592452236520033,0.23291226511565494,0.13467010924638043,0.05761462541123558,0.12536172536172535,0.07470490521337979,-0.26959933739594755,-0.2863203727610507,0.08508539355996983,-0.08922990787397567,-0.17922051481373516,0.05710008930347914,0.25840632620293635,-0.09657361521768301,0.07623000504356436,-0.15982222592392084,0.01638927062655876,0.1563555851691445,0.13304413812888388,0.025428355936830512,0.026370438234845014,0.13571167469472553,-0.18005108344091394,0.10564786666481582,-0.10760745337016524,0.5533641499743195,0.1474173711461847,0.41696210848753223,0.1845296760550998,0.4539753929584438,0.42759662590171066,0.644442593595136,0.4628386475844103,0.4713701374718324,0.26401948944321824,0.1004067241355377,0.13793500742653286,-0.006052277238717917,-0.19923606194792637
#11,0.5194552025060499,1.0,0.28757108418125366,0.18399663145425857,0.2891382908332061,0.07619437619437619,0.11179546264292027,0.3762966356186695,0.5580458733001106,0.31525886441140677,0.4959466400144366,0.21570769536871232,-0.00032343591665625563,0.293003326901632,-0.23011100468727588,-0.11176261006769482,0.01638140451699774,0.2299518316467469,-0.04973185820643448,0.03351194029160131,0.04298690061401926,0.19074945515623482,0.002435717689954978,0.16935965241049986,0.12959322959322958,0.03426384782316986,0.09295844380590143,0.06278265939282889,-0.27006899040797344,-0.16624559844898829,0.06387697404646557,0.41365001365001364,0.19739770587228214,0.20457067236728255,-0.08907443653206365,0.10695595441358154,-0.11628562306528409,0.27198693300388216,0.11160158617785737,0.22194505753827787,-0.2226432904399006,-0.15894075894075893,-0.18176913431150718,0.06605311012090673,-0.12746614102546305,0.22815511968054342,-0.01758723284147013,0.131680987613191,0.1920927090418616,0.24185973338515712,0.09497309327817803,0.05292688682519191,0.27807206281782554,0.10065982777847185,0.25124955463938514,0.34500155008629585,0.1331945196351976,0.20955778582897228,0.07736041125871634,0.11002651341634392,-0.0009675314760060523,-0.06180309739631774,-0.016347626517118043,-0.28316051027915434,0.1677591304709949,0.03092075125973431,0.09038853954108192,-0.2033472609743796,0.18162800705173587,-0.010652563194936076,0.20504726606421522,0.23271098525335812,0.012446036174849734,-0.040106516377702815,-0.060036461731376986,-0.013624564472022099,-0.03855643008185381,-0.06418837944261672,-0.3159788447924041,-0.23385619826297793,-0.042557966286779846,-0.05942012891165434,-0.13151209761379254,-0.1557915388423863,0.03439479541174456,-0.3140558123608971,-0.145724769453583,-0.28705654807349723,-0.19696229357246306,0.14928580352309165,0.21959586705349418,0.06772627789576942,-0.03338191812768084,-0.02889499669160686,-0.1580754868890462,0.04498720600415516,-0.07098608624032353,0.3521846962524929,-0.06303206133714609,0.16015908049806354,0.06268965421507794,0.1778994711198101,0.3560210441566374,0.33545810833946427,0.22950392611409562,0.18588819944752147,0.04193145379586057,0.10787397567058583,0.1806891637400112,0.014106710716880208,0.004108885464817668
#12,0.4880250049741575,0.28757108418125366,1.0,0.5562917308680021,0.34972167853523783,0.21708611539120012,0.31384342740274945,0.2552807044332468,0.018319243742972557,0.35064710318947606,0.26461500020822054,0.1049283489961456,-0.0752550701703244,0.04505568742856878,-0.3545422155591647,-0.2732709597116377,0.38883937866988716,0.7202163642841609,-0.34107358514138175,-0.31527274578122033,-0.17988358157849682,-0.24235437286284744,0.24086999171744936,-0.0724482571940199,0.19014283929538167,-0.10378822582212413,0.0029872707838809534,0.022090349208993276,0.06977100366930876,0.19140650666074394,0.09249711961576368,0.0022057496633767822,0.27734884345053834,0.2063187995391385,0.029986072358953716,-0.03253654270603423,-0.2689968859460385,-0.24099816303206134,-0.018256777578811476,-0.05992032093727009,0.1722835316055655,0.15522656709097388,-0.0708981708981709,-0.25004881615051106,0.00994646418375232,-0.12327674361572667,-0.01983925373755882,0.10252872286770592,0.06644641559895798,0.05162666518598722,0.17298454078115094,0.23351101486694706,0.2916133390709662,0.275486426333884,0.05422340676577965,0.2037900766714326,-0.20935558054202122,-0.3518538569386027,0.010891785468056655,-0.12399487314741552,0.0350712808339927,0.02745549864193932,-0.2655644859034689,-0.0034689543164119437,0.1705252247625129,0.0840119009610535,-0.19475746933374052,0.09744582795430252,0.011684411684411684,-0.28873573110861245,0.08993924587144926,0.08605523859761148,0.07490525965102236,0.2279732737359856,-0.15476616832549037,-0.06654127162601739,-0.07870690413063294,-0.1660355270524762,-0.1541493727934406,0.17792954742107284,0.17291235765812038,0.14331311280463824,-0.3099483150330608,0.30273740612723665,0.23970441936543632,-0.1311192548480684,0.17712303983490424,0.08146698316189842,0.2349259891632773,0.216125987312428,0.07417741316046401,0.19253228575262474,0.09504342555190012,0.052716352716352714,-0.10247273467612451,0.4015186218576049,0.13131498216243978,0.5342980885353766,0.21033467982620524,0.3069087577562154,0.326459741713979,0.32632509242678737,0.35674287538694316,0.49718439548948024,0.3269224540410981,0.28569848739340264,0.1990389464965736,-0.0680672968808562,0.21515567956245923,-0.14922056108496787,-0.19377096665232257
#13,0.38677151727999187,0.18399663145425857,0.5562917308680021,1.0,0.016096836435819488,0.21400028688164283,0.029080081622454505,0.2519945214860469,0.06397136736119786,0.5261751736328008,0.12844477759731998,0.11270469236570932,-0.04066963727980677,-0.09311437786014057,-0.21803513837412142,-0.11913037845241235,0.31200322047779677,0.41192455938218653,-0.011719115108945617,-0.05301433945501742,0.007757834876478944,-0.010922324481646515,0.08536857350416673,0.1239388849558341,0.2435467825298334,0.17244131650911312,0.2906481211565957,0.374402754063771,-0.005072715242206768,0.21037863749728156,0.129109232499063,0.06891220959017569,0.1165863860779115,0.31243585650365313,-0.04654006857396688,-0.09575785338497203,-0.20557105641851406,-0.07360966513508886,0.12427712766695817,0.034561834561834565,0.059871736142922585,0.07195315500400246,-0.16494537680978358,-0.03608323269340218,0.10496397784533378,-0.1273268646150002,0.2016148660216457,0.3725713386730336,0.1363765923087957,0.1619451500807433,0.28767195546856567,0.2968887223124511,0.3366259942531129,0.3172897088151325,0.11059703771568179,0.13648116529472462,-0.15656241757936673,-0.22274092274092275,-0.0077541331778619915,-0.11848396933142696,0.16232596232596233,0.08152944932605949,-0.3241781072289547,-0.059238282967096524,0.4425167848896662,0.20656496249716588,-0.24366199789928603,0.10756997367166858,0.1482604330061957,-0.07494644104813597,0.2245973245973246,0.24490345507294659,0.11686447618651008,0.2305649254801797,-0.043662460611613156,-0.0947278557448049,-0.1360235428032038,-0.1851788614500479,-0.0948245626211728,0.18383607027674825,0.011337840151399473,0.030701425616679854,-0.2449978483876789,0.2160732381071364,0.010102860950318577,-0.047927280130669964,0.10396035480781243,-0.00278691634623838,0.08681501223874105,-0.027178333957994974,-0.08317809334758487,0.15399991671178112,0.059954098937149786,-0.01604362451820079,-0.16360536191044667,0.3201488082844015,0.14827477708833642,0.23905662210746956,0.3709300980487421,0.3469648384902622,0.4640717759361827,0.15555971996649962,0.1525104457307847,0.27984749001698156,0.33364381330483023,0.22822869094055534,0.27853940226821583,0.02537329316990334,0.05230777773150654,-0.08601359448817075,-0.28054803648023985
#17,0.3257670613602817,0.2891382908332061,0.34972167853523783,0.016096836435819488,1.0,0.427236635711212,0.20103416205111121,0.34637488027318536,0.17605232350995062,0.02095392773358875,0.46554181299944014,0.5667772549128481,0.2964468320400524,0.3238079373672594,-0.19606092995923505,-0.2706510825154893,0.1348269687252738,0.1567914601812907,-0.4760620404688201,-0.43044462027512875,-0.49681237477847645,-0.3959989265074011,-0.13291133969100072,-0.32865392356917783,-0.3186690542622746,-0.2774733130665334,-0.5031718930024015,-0.4503791927520741,0.014646233290301087,-0.08239009425450103,0.04103286645659527,0.11815775714080799,0.053136495509376866,-0.0342504291656834,0.1629186968170019,0.37921033514253855,-0.08053554324740765,-0.07000097169588695,-0.2491562440714983,-0.03182257758528945,0.14201844371335898,0.17554333995011961,0.09612385883572325,-0.08390362627650763,-0.1643669864008847,0.08340112068925629,-0.3805026906721822,-0.3356927034893137,-0.24421725269182895,-0.2201997066403846,-0.2460829087947732,-0.17843806826857675,-0.2311581226835464,-0.2191197360688886,-0.21551196805434095,-0.10338520338520339,-0.15812453439572083,-0.24135583966092441,0.17207392292138055,-0.02051388831049848,0.005250396775820504,-0.020198781215730367,0.21224012918928173,0.22860441335017606,-0.3648898513305293,-0.2405224947597829,0.2138499053753291,0.08542178542178543,-0.2389872152584017,-0.3174484191433344,-0.21791437045674333,-0.24959535806993435,-0.2200784760106794,-0.02478194681584512,-0.27528468375926,-0.08018758357741408,0.019015163082959693,-0.09500594585340348,0.015165396521328724,-0.1824257231036892,0.48681778851270374,0.3604658587709435,0.10208775801996141,0.314183520963182,0.6552695993373959,0.10581536852723293,0.24567202024829143,0.08427934868612835,0.2012377554750436,0.44811005149988203,0.39413558396609244,0.31558739016366133,0.32728892220417644,0.36666157683106837,0.057390209932582814,-0.08296478296478296,-0.2757224096207147,0.22782474307898037,-0.22164151825168774,-0.10490521337978966,-0.21427652614093293,0.3687187958374399,0.4306195255347798,0.144372724033741,0.0871745397169126,-0.01970599258734852,-0.10883271561237663,-0.02417764451662757,0.20568210737702264,-0.02740367486130198,0.007551002466256704
#18,0.31148729623305893,0.07619437619437619,0.21708611539120012,0.21400028688164283,0.427236635711212,1.0,0.053128629399815844,0.33759630200308166,-0.1300633453175826,0.1012326656394453,0.2876738063178741,0.5647505749200664,0.44634758024588533,0.07826779013219691,-0.27899748747206377,-0.21619446873684162,0.17041509922865855,0.18775940809839115,-0.2831035966629187,-0.3849970155054901,-0.3661812814355187,-0.20756673468537876,-0.2731677748626901,-0.41772974823822284,-0.31434223129138383,-0.06545574850659597,-0.17838670720026653,-0.11654566739312502,-0.04453606148521403,0.14314607365454823,0.17862639218571422,0.163657185691084,-0.02789553806502959,-0.2041727397659601,0.0718356260729142,0.23349343179851653,-0.1769287006575142,-0.21026018314153908,-0.3063784894293369,-0.177308587478079,0.09234164827385166,0.22180393027850656,0.07895676878727727,0.03766061901655122,-0.1340422086184798,-0.06393296223804698,-0.24680242646344341,-0.08370928709911761,-0.12248781909798859,-0.15055409801172512,-0.12429332259840735,-0.12416653942077671,-0.07426070137934544,-0.07969803393532207,-0.0341898138508308,-0.19003549003549003,-0.13115580912191083,-0.24782825969266647,0.2318383098044115,-0.21690426944664232,0.22744948338168677,-0.07553269756659588,-0.04322149576386865,0.2490252964829236,-0.05319387183793963,-0.14666037377901783,0.016078327942734724,0.29106132326471307,-0.2511019494070342,-0.2803934905629821,-0.18509325966953086,-0.15680811782506698,0.07776158284632861,-0.004157007546838056,-0.1463910752046345,-0.3040737193279566,0.1004164410944072,-0.10669174567479653,0.10741912945302776,0.05508729068051102,0.43231444078901704,0.3334948199354979,0.15262288482627465,0.23572925776315606,0.4264453976318383,0.09250498572532471,-0.04261302905370702,0.038542548712040235,0.19810750658208284,0.38428166224776394,0.19498327294937465,0.3587649282564537,0.04109301905912075,0.3529222597019207,-0.06472327489276641,-0.28016583609803947,-0.35727268100149456,0.030322464220769306,0.005913926252909304,-0.04931032727642897,0.0031783709749811447,0.39567456516609056,0.31341958291110833,0.12648010105637225,0.15941550178838315,0.012346090312192007,0.06490882253594119,0.06491206152223102,-0.13534566924397434,0.14256074256074255,-0.07812851372173406
#26,0.07340190730021239,0.11179546264292027,0.31384342740274945,0.029080081622454505,0.20103416205111121,0.053128629399815844,1.0,0.004265744943711045,0.023345687752467415,0.3626998338862746,0.21894853250785454,0.23575748321511034,0.23262168177422415,0.3546925970654784,-0.02729540017675611,-0.11670807941994382,0.09170726967337137,0.040859349333925606,-0.15028572486199604,-0.13062692893201366,-0.2824011993503519,-0.24420059504805267,-0.010628502153925882,-0.1469305977780554,-0.28052305001457545,-0.1544450459704697,-0.3528736749075732,-0.2977257689122096,0.2830068897865508,0.45812268354641233,0.04548832345442515,-0.013921163073705447,0.05182516877432131,-0.03089067495847157,0.4730803222328646,0.14818130919825834,0.1545852478055868,0.18613158613158612,0.13574684083158658,0.11480263005686735,0.3396530582971261,0.4760953557563727,0.23900757460079494,0.2766066528778393,0.3820726735980973,0.30308953020817425,-0.1839656297283416,-0.16770962025199312,-0.29521694267456977,-0.16820472244201057,-0.10650758616860312,-0.14833678054017038,-0.1248518163772401,-0.10758061605519233,-0.05141751921412938,-0.06428832530527445,-0.21341264222620154,-0.10988631158122683,-0.1968207036003646,-0.0472938269548439,-0.3280320382015297,-0.09125149803115905,-0.024967494459019884,0.03815618391889578,-0.22559169338830357,-0.1562662816900105,0.28140683055937293,0.4432251974624856,-0.1176131447317888,-0.1866947070336901,-0.21588306334069046,-0.23552844061318637,-0.19688085620289011,0.008478277969803393,-0.3503019197934452,-0.11863435083774067,-0.258346636312738,-0.25447003243613414,0.002280709060370077,0.1783547800496953,0.39916110255093307,0.3768555921098294,-0.09161889161889161,0.18010383264620553,0.16808765622324945,-0.23177954533886738,-0.15168496693920422,0.10525409847443745,0.20105128240721462,0.3870075005668226,0.33973033125575497,0.2135903237598153,0.11122447563125529,-0.2293197666079022,-0.12899864425288154,-0.07355275151885321,-0.16056765548290972,0.04162837722159756,-0.13033356931662016,-0.02164336910099622,-0.20550118685711907,-0.01031987303173744,0.03896407964204574,-0.026427814563407783,-0.018999430863837645,-0.05312400227654465,-0.1087762647084681,-0.2216336521421267,0.08781909798858951,-0.2879824354400626,-0.022186593373034053
#49,0.6994641791251961,0.3762966356186695,0.2552807044332468,0.2519945214860469,0.34637488027318536,0.33759630200308166,0.004265744943711045,1.0,0.35849007713414494,0.34049473202015573,0.3115631810547065,0.42655737401500116,0.2073302886862209,0.2670266568571653,-0.30159173040528975,-0.37047571454351114,0.1209719735143464,0.3272611594645493,-0.0825201164184215,-0.19093870449802652,-0.034026939111684876,0.04227478634258295,-0.04593946797336628,-0.04060670840331857,0.045372645372645376,0.08384162282467367,0.13560478814716104,0.08422891304247236,-0.3014862319947066,-0.17189068883984138,0.08037174308360749,0.2325286765964732,0.2940703415279686,0.01918636664399376,-0.13040205074103378,0.05384028095892503,-0.20737332093264296,-0.09290847087457257,-0.021816886223665885,-0.07310854768481888,-0.028772840637247415,0.009426838240397563,-0.25659758371622776,-0.07196518552450756,-0.3192071886987141,-0.1487536843469047,0.08190794800964292,0.12958813975763128,0.08700564971751412,0.10736961923402602,0.08193247176298024,0.12440252270760746,0.21671964722812181,0.14687599772345536,0.14632860904047346,0.03347399788077754,0.06659263269432761,-0.010413803634142618,0.24627215813656492,-0.016886686378211804,0.27514725819810565,0.19727601253024982,-0.15747118458982864,-0.05562218613066071,0.25010665519140096,0.011187921357412882,-0.07583346057922329,-0.1828592845541998,-0.02165956403244539,-0.30407880916355495,0.05804448516312923,-0.03830934169917221,0.09115525386711827,0.10211922245820551,0.03425228001499188,-0.03453175826057182,0.057895491793796876,0.058344785463429534,-0.13653483992467044,-0.3483474229236941,0.1644127949212695,-0.058812124913819826,-0.08377499224956853,0.0727772456586016,0.3327489276641819,0.24802907684263617,0.09059953636224823,-0.12622560927645674,-0.0011808418588079605,0.12629918053646869,0.10738442602849382,-0.006281782552968994,0.06656718351633606,0.22667675379539787,-0.07307615782192053,-0.0012525622695114221,-0.17055113665283156,0.2992291212630196,0.16247125399667772,0.11652068092746058,0.02977646367476876,0.32618442787934315,0.3091103430086481,0.46455901201663913,0.41655862333828436,0.3371437693471592,0.34537727249591654,0.08904991277872634,-0.0063197249637927605,0.10180550350041875,-0.06300800029613589
#50,0.2937644886797429,0.5580458733001106,0.018319243742972557,0.06397136736119786,0.17605232350995062,-0.1300633453175826,0.023345687752467415,0.35849007713414494,1.0,0.16295108667990024,0.43592637321450883,0.08701027684078531,-0.04560770323482188,0.3793857031145167,-0.04845014506031455,-0.15135412762531406,-0.2311919006834261,0.051744656829402595,0.05524322473475016,0.10491909474960322,0.11165664894478454,0.15179971959632976,-0.006981403591573083,0.1713099848693069,0.20783742139674344,-0.07621010841349825,0.00870824599638159,-0.10988122174562852,-0.20573300573300574,-0.07078480637802671,0.07928483182720471,0.43940967161306144,0.29470888453939303,0.3075824669045008,-0.007390441288746373,0.1289371035133747,0.042890193737651364,0.4490882253594118,0.2763901035087476,0.32000074033972337,-0.16445305089372886,-0.03923245279177483,-0.00819463531327938,0.2505119911899573,-0.07589870301734708,0.14617545126019701,0.010335142538532368,0.010800168427287071,-0.03619150737794805,-0.044993221264407704,0.03564180513333056,-0.12312543668475871,0.1719781414696669,-0.08257425376069444,0.16094569145416604,0.1459519612061985,0.12198253723677452,0.1733121411087513,0.03017578441307255,0.26677771762517527,-0.2580819648616259,0.013113267350555485,0.14438336641726474,-0.35685809075639585,0.13826029419249758,0.019269192150548082,0.2100163337451473,-0.334221741001402,0.25309531411226327,0.08383375671511265,0.32037692546167124,0.13105540054692597,-0.18201761083117016,-0.18148456623032894,-0.21659008777652847,-0.010192627141779684,-0.17738447229972654,-0.013891549484769825,-0.31258022274971425,-0.3804841821790974,-0.21103615171411783,-0.23149590268234335,-0.0912191081682607,-0.2380978821656788,-0.0578839239856189,-0.2151209761379253,-0.03782303104337003,-0.3318744013659268,-0.2935576562695207,0.12770073617531244,0.32177339126491666,0.026852121767376006,0.011678859136486254,-0.15338312117973135,0.011162472179421332,0.05700662141340108,-0.107497790548638,0.3426643901220172,-0.14251447132803066,0.13289051763628035,-0.08137906781974578,0.1374329645516086,0.3566910516063058,0.21993272162763688,0.1377328021395818,0.22889499669160687,0.033539240318901334,-0.19323005594192036,0.11177093888958296,0.010397608702693448,0.187222661798933
#51,0.39792149622658096,0.31525886441140677,0.35064710318947606,0.5261751736328008,0.02095392773358875,0.1012326656394453,0.3626998338862746,0.34049473202015573,0.16295108667990024,1.0,0.3557512828699269,0.24600563583614432,0.2764238815086273,0.21651050125626398,0.02719730516340686,-0.13618595483002263,0.5053244307481596,0.16742505217081488,0.09305006084667101,0.02568932568932569,-0.007740714520375537,-0.005412808802639311,0.09704465636669027,0.10057237514864634,0.20967531476006052,0.2661063220385254,0.20612307222476714,0.24163207892021452,0.06268872879042371,0.12464220769305515,0.19291494884715224,0.14478592614185834,0.13765136477000883,0.26042606551081127,0.11493265222078781,-0.016036683833294003,0.14561695748136427,0.17396317735300787,0.25546116224082327,0.0868793292522106,0.05366676383625536,0.06113771706992046,-0.055314019720799384,0.15350897893270773,0.22852899124085566,0.0828592845541998,0.18836741209622565,0.2300166113725436,0.09431048922574346,0.07486222740460029,0.2796314033602169,0.21606167029895842,0.22534182873165923,0.2392245866822138,0.09534557670150891,0.06903667920617074,-0.2206374325018393,-0.15916054729614051,-0.243731867460681,-0.20603052975934333,0.035093028313367296,0.10592132965014321,-0.19815933036272018,-0.05399806586247264,0.29341652900974935,0.15123798683120718,0.06096882707052199,0.10126366736536228,0.19841752384125266,-0.04368976063891318,0.11558739016366135,0.23490007727295864,-0.04107080886741904,0.25951452222638666,-0.1378804073719328,-0.09038391241781073,-0.24102546305936137,-0.24841451621112637,0.12352475742306251,0.1153828713150747,0.06756386586895062,0.028483182720470856,-0.13434667332972416,0.06435032875710842,-0.03366972519514892,-0.18778809626267254,0.031113702300142976,-0.04804758533572093,-0.012809728063965352,-0.039238930764354495,0.046576622847809286,-0.017323949527339358,0.059882378526446324,-0.19934526205712647,-0.26748520477334037,0.302136805526636,0.12804499414668907,0.21819801311326736,0.26682121258392444,0.33308346867668903,0.30691292216715943,0.11475820967346391,0.14391510154222018,0.21086217187912104,0.2501830027253756,0.17134330015685947,0.2081298555874827,0.04292674801149377,0.052444277868006685,-0.23032292693309642,-0.2877552436874471
#52,0.42105757529486343,0.4959466400144366,0.26461500020822054,0.12844477759731998,0.46554181299944014,0.2876738063178741,0.21894853250785454,0.3115631810547065,0.43592637321450883,0.3557512828699269,1.0,0.5160699991208466,0.3177607499641398,0.41254505661285323,-0.27477940189804595,-0.3676267947454388,0.1620423196694383,0.1748386290759172,-0.19441598763632661,-0.16636821721567485,-0.27938570311451666,-0.08650869667818821,-0.017755197416214365,-0.10982291999241152,-0.0874142247023603,-0.04084685610109339,-0.12193857956569822,-0.13399316111180518,0.03424117491914102,-0.053028220824830996,-0.016049639778453337,0.3106724598250022,0.16174572106775498,0.1382926840553959,0.2118445101495949,0.23371183201691675,-0.04662243136819408,0.16861561098849234,0.13649365852755682,0.11928538708199725,0.09142455244150159,0.16690912792607707,0.10278599092158414,0.1414543973866008,0.02058653414585618,0.20255370933337036,-0.18158312395600532,-0.1251419370063438,-0.037453786606328976,-0.05078082705201349,-0.02365894399792705,-0.12148697233442997,0.055912769472091506,-0.00682223055104411,0.1290796189101274,0.11662664205037086,-0.10348191026157127,-0.09360346478990547,-0.06855083126269566,-0.17582050463406396,-0.09082256370391964,-0.0817376698732631,0.0605889402499572,-0.08949920644835899,0.031425107696294134,-0.09503509673001198,0.22235548337243252,-0.09198258350800724,-0.005837116006607532,-0.24704766399681655,-0.03453222097289894,0.005685346363312465,-0.12756238518950383,-0.000355363067227474,-0.23027341671409468,-0.03496809598504514,-0.11981334184724016,-0.22253964287862593,-0.05443625443625444,-0.1498174599869515,0.24016157914463,0.21148220639746063,0.08194033787254126,0.1174026106229496,0.2353401166960489,-0.2958406788915264,-0.06467885450936299,-0.021484196060467246,0.022744624439539694,0.3276341056002073,0.3853176751481836,0.1849729544644799,-0.01550502736943415,0.08474437457488306,-0.17777222522985234,0.09019836477463596,-0.26944479147868977,0.30419356182068047,-0.21976892146383672,0.1412517293873226,-0.050707718504328675,0.3100528880189897,0.38434505383657924,0.1799363307837884,-0.013119745323135154,0.004982949050745661,-0.12611640916725664,-0.16055608767473173,0.11960095688909249,-0.12107747192492956,-0.13241808835029173
#53,0.3542932763271746,0.21570769536871232,0.1049283489961456,0.11270469236570932,0.5667772549128481,0.5647505749200664,0.23575748321511034,0.42655737401500116,0.08701027684078531,0.24600563583614432,0.5160699991208466,1.0,0.5941601077194297,0.37932092338872,-0.25876168927016385,-0.32761837338108524,0.22169010304603526,-0.027766904038090477,-0.2815697052985189,-0.3278742532979821,-0.40743763794611254,-0.23079489350675791,-0.2588301706945775,-0.31097414826228387,-0.3966916068610984,-0.07603335230453874,-0.29141205920866936,-0.27508386660929035,0.005735319294641329,0.04663168561473646,0.1172087341578867,0.1479379225141937,0.01537037808224249,-0.2014501404331913,0.23465900415052957,0.25793898675254606,0.00925193298074654,0.037475996798030695,-0.15582624226692024,-0.005111583077684773,0.1444990444990445,0.22925544959443264,0.19552279552279553,0.21950332458807034,-0.007876289232221436,0.22189045748367783,-0.30313487601623196,-0.24506725523674677,-0.2109917313307144,-0.14992249568520755,-0.22502440807525553,-0.28479573564319327,-0.17091853024056414,-0.2467848433950129,-0.0194464109718347,-0.20220991407432085,-0.07310762226016464,-0.1596977563079258,0.1202237676813948,-0.19605584012363672,0.031028100519625942,-0.09874049704558178,-0.005540980117251303,0.10345414752194414,-0.14977489045285655,-0.24747104577613052,0.1863078795282185,0.1077740298079281,-0.2572981301794861,-0.3708667064599268,-0.2628534543788781,-0.31438109912686185,-0.08946126403753522,0.020012308147901368,-0.23286877015690574,-0.19259243835515022,0.0025074381006584398,-0.17427458274915902,0.04848253492321289,-0.16765640833437442,0.5220195542229441,0.39929390098881623,0.21956856702619415,0.3755660128541484,0.4356848373797526,0.028193062091367176,-0.02478749936377055,0.08053045341180934,0.14939639176927313,0.4272611594645493,0.39016967661035457,0.3426176561769782,0.17082922676143014,0.3123141631616208,-0.12375657629894918,-0.18903047886098734,-0.4641869913056354,0.02919575970423428,-0.26829402592114454,-0.1476015306523781,-0.25067116423048624,0.4245709499946788,0.2710420744319049,-0.0032565693582642737,-0.00509214915994577,-0.12847115219996577,-0.1161093296686517,-0.029002345951498493,-0.001464947227659092,-0.07479883581578496,-0.04434496129411384
#54,0.16184474150575845,-0.00032343591665625563,-0.0752550701703244,-0.04066963727980677,0.2964468320400524,0.44634758024588533,0.23262168177422415,0.2073302886862209,-0.04560770323482188,0.2764238815086273,0.3177607499641398,0.5941601077194297,1.0,0.3647667698515156,0.06305334610419357,-0.12107284480165836,0.25164471096674484,-0.18919474173711462,-0.011212907823077314,-0.04362821989940634,-0.23308902122461445,-0.08455743879472694,-0.2447118921695193,-0.35229065737540316,-0.3103235747303544,-0.032204777967489835,-0.2441260983633865,-0.17484464433616975,0.16525585678128052,0.05339191271394661,0.15288524271575119,0.035242484395026766,-0.24159830092033482,-0.3128175941735264,0.25710980626234864,0.22509103865036068,0.23900711188846782,0.01346863041778296,-0.2438160811042167,-0.12366819824446944,0.06045752994905537,0.2601146601146601,0.25887875548892497,0.34113743944252417,-0.021698431867923394,0.13741676962015945,-0.25376254528796904,-0.2302692523031506,-0.17646691375504936,-0.14294710735388702,-0.15726481489193353,-0.21288098576234168,-0.23797665153597358,-0.16666574124201242,-0.10194801889717144,-0.28201761083117016,-0.2418837944261673,-0.12149946556726218,-0.23964472947523796,-0.27495800885631394,-0.09362660040626142,-0.23724973047006945,0.18358528019544967,0.3024338668406465,-0.15840863976457198,-0.13183877251673862,0.4204083898999153,0.2817677461745258,-0.10286048760625031,-0.19210566498702092,-0.22963256014103473,-0.19287654372400134,-0.2441964306371086,-0.10765418731520426,-0.29809084893830656,-0.23564365598263903,-0.23241531207632904,-0.2889768042310415,0.43461921089039735,0.003431474617915296,0.3648954038784547,0.3343277021243123,0.2916920001665764,0.06438456946931523,0.35631162749806816,-0.11912760217844963,-0.14674042301160944,0.06255361679090493,0.11738826654080892,0.38918548749057225,0.4790613417732062,0.16173045156096003,0.23575285609183913,0.04430007819838328,-0.21028887130582047,-0.29784792496656903,-0.28637034569237957,-0.08921510107950786,-0.13843982657541978,-0.07518103619798536,-0.23560432543483392,0.28992675263861706,0.16288121711850526,-0.13020863698829802,-0.1378688395637548,-0.24616434616434615,-0.1937015598032547,-0.13027017772780486,-0.08705007010091756,-0.17874762281541942,-0.1844690607402472
#58,0.319478800834733,0.293003326901632,0.04505568742856878,-0.09311437786014057,0.3238079373672594,0.07826779013219691,0.3546925970654784,0.2670266568571653,0.3793857031145167,0.21651050125626398,0.41254505661285323,0.37932092338872,0.3647667698515156,1.0,-0.14803324125358025,-0.2554815215832165,-0.16899688594603848,-0.14874026568941823,-0.05376069443866054,0.048676411388275796,-0.1695859187384611,-0.03936802750362072,-0.2582864837102125,-0.18212125839244483,-0.2063909826621691,-0.10573393115765997,-0.2726398200974472,-0.29675592387456795,0.009222319391810917,0.06976267484742062,0.06952807969757123,0.3712780577187357,0.08206203121457359,-0.010887621057112582,0.13969146342027697,0.19020345461023427,0.10540216641911557,0.4214161773483807,0.08524086490188185,0.21098802963209742,0.03605408181679368,0.23704336077217433,0.1620275128749705,0.37825622232401895,-0.011260104480443463,0.26534377212343313,-0.04511954172971122,-0.13043490331625926,-0.13782673274198698,-0.1711068541577016,-0.05292364783890208,-0.17389099422997728,-0.08214161773483808,-0.21596033629931935,-0.10809145046433181,-0.05402397775279131,-0.1111786671108705,0.022650231124807397,-0.05099830184575947,0.12185529134681677,-0.3053952257342088,-0.15526219594016205,0.11111712637136366,-0.2646992138517562,-0.16947533049227964,-0.09856744263523924,0.6420559234118556,-0.03245556804878839,0.11906513601428856,-0.0024509871967499084,0.17721049246472975,0.038819250683657464,-0.25627461051189865,-0.10879754947551558,-0.21948111439636864,-0.11106160089210937,-0.21905495634309194,-0.1965537185876169,-0.16176793125945668,-0.27281148637080843,0.05602428314292721,0.028645594747289664,-0.03369841335943031,-0.07959901349731859,0.25219857762230646,-0.3036452477130443,-0.25160861940522955,-0.21807169264796383,-0.11783709749811444,0.5071100376185121,0.6756469875113943,0.23374468459214223,0.016046400792163504,-0.06887750616564176,-0.21849368629029645,-0.17230435366028587,-0.24990352447979566,0.17141687141687142,-0.2713678239101968,0.06905565041158261,-0.26000268373149726,0.1611627035355849,0.2790127569788587,0.18651887634938483,-0.029019003595274782,0.03450677179490739,-0.08276581666412175,-0.17931768440243018,0.07708741098571607,-0.09742778217354489,0.10376786647973088
#101,-0.46021969581291616,-0.23011100468727588,-0.3545422155591647,-0.21803513837412142,-0.19606092995923505,-0.27899748747206377,-0.02729540017675611,-0.30159173040528975,-0.04845014506031455,0.02719730516340686,-0.27477940189804595,-0.25876168927016385,0.06305334610419357,-0.14803324125358025,1.0,0.6622014927099673,0.2163439248185011,-0.3493070882901391,0.34689728249050283,0.16948689830045763,0.1700601988737582,-0.020262172804545685,0.24877311826464368,0.25535427569325875,0.18145587806604757,0.3582180022857989,-0.07635031024861533,-0.004255565272514425,0.12313098923268415,-0.05122780716001055,-0.00984836917040307,-0.13656676707524165,-0.24420938658226793,0.06996025301110047,-0.034348524179032655,0.036847633457802946,0.653506202658745,0.3871842566757821,0.13086661391746138,0.2808002146985198,-0.20226821582753787,-0.12575780711373932,0.001040177311363752,0.19980519811028286,0.1458820916448035,0.1756927960317791,-0.06511149053521935,-0.03982426185816016,-0.0390283966555153,-0.08316374926544418,0.07159223938884955,0.09262714177968415,-0.22953446512768547,-0.17381696025763824,-0.061742482081465135,-0.1883248425621307,-0.24743773048857795,-0.005481290227052939,-0.22001739798349967,0.15340995849470426,-0.23115534640958368,-0.21677193372108627,0.4520579130748622,0.23076666805480364,-0.25109917313307145,-0.04708375555833183,0.302964135167525,0.23901775427199157,0.40569876502079893,0.49119088271630645,0.09004752055599513,0.16022709921015005,-0.2007528329562228,-0.23350962672996572,-0.08218372455660591,-0.21787781618290092,-0.23934489188726477,-0.14641328539633625,0.49901072104461935,0.3459982324389104,-0.3126408380645669,-0.26245783533919126,0.1461967360272445,-0.24689959605213843,-0.09203857169958865,0.04354354354354354,-0.05793574776625624,-0.17045905689973487,-0.32268354641235997,-0.31021668818278986,-0.11061832248272926,-0.2518177653770874,0.25524322473475014,-0.1687794111522925,-0.06424483034652526,0.10604857554010097,0.44824423807474656,-0.30418615842344654,0.07975864925017467,-0.23406626965949,-0.05936737970636276,-0.15434232383384927,-0.2955510209747498,-0.3531156734546565,-0.1958707551927891,-0.35025148414978924,-0.09792010808959961,-0.0382390094254501,-0.2672672672672673,-0.20904186158423446,-0.09702661058593262
#102,-0.41242845310641923,-0.11176261006769482,-0.2732709597116377,-0.11913037845241235,-0.2706510825154893,-0.21619446873684162,-0.11670807941994382,-0.37047571454351114,-0.15135412762531406,-0.13618595483002263,-0.3676267947454388,-0.32761837338108524,-0.12107284480165836,-0.2554815215832165,0.6622014927099673,1.0,0.05807409875206485,-0.2718934651138041,0.33247824095281725,0.27643730016611373,0.29597116376777394,0.25810093606703777,0.2233160741635318,0.332593919034597,0.16207378410768242,0.35118477491358846,0.038460648630140155,0.10505328132446777,-0.025953997140437817,-0.09075454499183312,-0.07755428772377924,-0.21242799039409208,-0.3207036003646173,-0.02900882392407816,-0.2050977017078712,-0.09217368369910743,0.3546976869010767,0.28650684582887975,0.07705779739678045,0.3340523882896764,-0.21884395952192562,-0.19604658587709436,-0.17628090339954747,0.0750440733491581,0.041087929223522446,0.14295034634017684,-0.016559548762938595,-0.028945895047589962,0.040443370951845525,0.08616860311775566,0.09798488781539628,0.12138425019780952,-0.12416515128379535,-0.12609743796184475,0.03173142325684698,-0.013897102032695252,-0.11791622130605181,0.15197925197925197,0.01964861625878575,0.21016116270353558,-0.09133386082538625,-0.2078096586571163,0.24278608346404956,0.043458867187680744,-0.13841622824673672,-0.04935891207077648,0.02605070401680571,0.12272889222041765,0.3692953353970303,0.5403415742398793,0.16381034347136042,0.26417125908651334,0.06417912519607435,-0.2677813406626966,0.05771318313691195,-0.2631051698848309,-0.07618188296154398,-0.14361572666657413,0.1388178625466761,0.3519852672395045,-0.36734685378753174,-0.25483557517455824,-0.04792172758274453,-0.19889180397654974,-0.1460296968771545,0.01860751352276776,-0.0578524595473748,-0.2013876742690302,-0.3258734851955191,-0.25141613107714805,-0.22097752606227183,-0.21474386559132322,0.11510015408320493,0.003796091931685152,0.13174114021571648,0.044768805785754935,0.4343457479050699,-0.3607929963862167,0.07549521786809922,-0.2087956986262071,0.07575248592197745,-0.24823961095147537,-0.3728475779323237,-0.29437943336248423,-0.2428591920117344,-0.3884974342601461,-0.058520153435407674,0.07244548092005719,-0.22149900285493507,-0.02391251035318832,-0.08848123932869696
#201,0.1526797984425103,0.01638140451699774,0.38883937866988716,0.31200322047779677,0.1348269687252738,0.17041509922865855,0.09170726967337137,0.1209719735143464,-0.2311919006834261,0.5053244307481596,0.1620423196694383,0.22169010304603526,0.25164471096674484,-0.16899688594603848,0.2163439248185011,0.05807409875206485,1.0,0.36907138263070466,-0.13652142126718397,-0.2899744120083103,-0.13053808816520682,-0.23231351536436282,0.48148317809334756,0.08260433006195718,0.29737133126963633,0.3296205296205296,0.08978562537884571,0.11286849252950948,0.16038257055206206,-0.08431729109695212,0.21520750334309657,-0.1500904602599518,0.06963542895746286,0.15884867918766224,-0.055137726324167004,-0.11843954894802353,0.21703984415848823,-0.06616231023010684,-0.015481891753078193,-0.054373788272093354,0.010889934618748178,-0.05605621029349843,-0.09480512870343379,-0.19727878880421254,0.008435245723381316,-0.003818764835713988,-0.11433852959276689,-0.03579126121499003,0.025332574485116856,-0.07973088651054752,0.16110162550840518,0.19670039839531364,0.09870301734708514,0.15360753665838411,0.035964315625332574,-0.03297241771818043,-0.3115034911645081,-0.42524974897856255,-0.11955838735499752,-0.3490771202635609,0.21265379400972623,0.013219691185792882,-0.05410402698538292,0.3223249443588427,0.05892687757094537,-0.02974546194885178,-0.12394536292841378,0.12972510260645853,0.08230171620002129,-0.15030932319067913,-0.06918243358921325,0.06092903381038974,0.034411915767847974,0.10466830466830467,-0.10522309674852048,-0.23291226511565494,-0.01586686840924129,-0.19725426505087523,0.5207632902548157,0.33583984600933753,0.14418254926729504,0.029768597565207736,0.007398770110634517,0.29493191188106443,0.1980024708838268,0.13983629237866527,0.2115590166437624,0.08770665889309957,0.06903390293220801,-0.09434149095166044,-0.14383412688497435,-0.11118699593275864,0.29390978035045834,0.1919284461657343,-0.047717671446485005,0.524482109227872,0.3761485676739914,0.15301572759199877,0.36399311484057245,0.10701147989283583,0.35811342929987,0.34420892386994084,0.0147531198378656,0.11089733801598209,0.1436883725019318,-0.05549771651466567,0.1700384513943836,0.10733213953552936,-0.08313552381348992,-0.1354784676818575,-0.3625679608730456
