,#10,#11,#12,#13,#17,#18,#26,#49,#50,#51,#52,#53,#54,#58,#101,#102,#201,#202,#301,#302,#401,#402,#501,#502,#601,#602,#701,#702,#801,#802,#901,#902,#1001,#1002,#1101,#1102,#1201,#1202,#1301,#1302,#1401,#1402,#1501,#1502,#1601,#1602,#1701,#1702,#1801,#1802,#1901,#1902,#2001,#2002,#2101,#2102,#2201,#2202,#2301,#2302,#2401,#2402,#2501,#2502,#2601,#2602,#2701,#2702,#2801,#2802,#2901,#2902,#3001,#3002,#3101,#3102,#3201,#3202,#3301,#3302,#3401,#3402,#3455,#3501,#3502,#3601,#3602,#3701,#3702,#3801,#3802,#3901,#3902,#4001,#4002,#4101,#4102,#4201,#4202,#4301,#4302,#4401,#4402,#4501,#4502,#4601,#4602,#4701,#4702,#4801,#4802
#10,1.0,0.2432515720651314,0.4718208192784464,0.40300670470162,0.1558230032806304,0.08569895010572977,0.2047437267776251,0.4843436656995979,0.11776121267646691,0.38417338756321806,0.22825969266647234,0.044904380497600836,0.039684522735370195,-0.014951160713872579,-0.3418079096045198,-0.2891359772715705,0.5701397853940227,0.3138841460875359,-0.22698723376689478,-0.0939648431173855,-0.1623495606546454,0.0863125066514897,0.19716820055803105,0.21439035337340423,0.2091468972824905,0.18914199253182304,0.12393795953117986,0.4164235113387656,-0.13674074691023844,-0.2901386748844376,0.21980269946371642,0.16838610567424125,0.02874045077434908,-0.027468454587098654,-0.18434875553519622,-0.15302035471526998,-0.19307504731233543,-0.16567276058801483,-0.3014968743782303,-0.09678831373746628,-0.2620279755872976,-0.24180652146753842,-0.16602534738127958,-0.30903445818700054,0.03204884391325069,0.06840276331801756,-0.20845976947671863,0.19242817547902294,0.23475247204060765,0.32520625401981335,0.08016583609803948,0.27407422831151645,0.13466501941078213,0.21090381598856175,-0.058617785736429805,-0.12493834358241138,-0.12704275924614908,-0.1508756830790729,-0.13306079577266017,0.09207281241179546,0.19797378271954544,0.18114215910826081,-0.20284429267480114,-0.23960771248906843,0.4069346696465341,0.3213712942526502,-0.13791742435810234,0.07088475224068444,-0.21078489892049215,-0.2825585215415724,-0.06988066649083598,-0.06162865484899383,-0.3699056529565004,0.07868469393893122,-0.2707408487069504,0.0352262894635776,-0.04789998010336993,0.1377156817834784,0.19593969932952984,-0.02230551044110366,-0.2616827921912668,0.012304446202751288,-0.23576488661234424,-0.17919645377272497,-0.07080331487111148,0.2247375264324417,0.203259345632227,-0.06357204662289408,0.006010170416950078,-0.1467131229843094,-0.255739715061749,-0.0411499326753564,0.00843385758639996,0.13454240064409556,-0.0929408607374709,0.3073788734805684,-0.23275170393814462,0.39880157507276154,0.1775288385457877,0.1946163420739692,0.11399565975837163,0.4097451843214555,0.2311650633684532,0.39602761467168246,0.18720183974421262,0.010623412318327573,0.13882526594391,0.15789826806775958,0.06252585405127778,0.047317425283526976,-0.0007620872027651689
#11,0.2432515720651314,1.0,0.06069952849613867,0.21476607578302492,0.024626012761605982,0.23534104212070314,0.2890471365047636,0.23504536894367403,0.3636798585951128,0.19205476663103782,0.10931208558327202,0.11629765358578918,0.14632120564323955,0.17645765950850698,-0.05545051985729952,0.046909775723335045,-0.18285141844463879,-0.07915897407422831,-0.132986299087994,-0.09450020127986229,-0.06392740969012155,0.1524007829092575,-0.03411115275522055,0.1475043610636831,-0.22873767450038637,0.039189883257679865,-0.03057464243904922,-0.01652021821513347,-0.27958837111379486,-0.1399538213097535,-0.15325309901581088,-0.07459246611788985,-0.1655603214925249,-0.16747456238981662,-0.25445892734028325,-0.21910863097303776,-0.2669928788572856,-0.11725084097965453,-0.24661641610794152,-0.23663247222569256,-0.1570727892761791,-0.21513069309679478,0.19727878880421254,0.05217683014293184,0.044694771813415884,0.010299513689344198,-0.17576127745619272,-0.1608286252354049,0.13774436994775976,0.0965222541493728,0.10393721919145647,0.01778388558049575,-0.019104929274420798,-0.04325249748978562,-0.07803643396863735,-0.1366111874586451,-0.04370086573476404,-0.1040367023417871,-0.09084940101889255,-0.13006519616689108,0.06116131539860353,-0.00379701735633939,0.00583295159566346,0.01134478083630626,0.16517164313774482,-0.06011697367629571,0.1362021497614718,0.24980126505550235,-0.023432214957638687,0.08433163517909281,0.21766126681380918,0.21995585724399283,0.09508183067505101,0.08422474863152829,0.07471184589828658,0.16063058435939792,-0.04909331519501011,0.022243044276942583,-0.04792681741834284,-0.015841881943576858,0.0550456465710703,0.025904949633763195,0.03681200460861478,0.10079540249031775,0.11371525608813744,0.2104008476889833,0.10709245455008166,-0.10388817168478186,-0.026255222865392357,0.013532484718925398,0.06447757464706617,0.16809135792186639,0.14435560367763758,-0.012080030724098521,-0.11137115543895205,-0.08651980177403906,0.064589551030229,-0.15842807368231096,0.03465067532864143,-0.020004442038340342,-0.04564657107029988,-0.04220399135653373,-0.054697224188749616,0.05848174831225679,-0.07301322894543233,0.019424200780132985,-0.13647885173308902,0.010989880481405905,-0.26439706270214747,-0.12176367430604719,-0.04831734662243137
#12,0.4718208192784464,0.06069952849613867,1.0,0.32491752152769104,-0.11357320340371188,0.2266466774941351,0.008890091940939399,0.09127000652424382,-0.2533164906046262,0.2122077393263834,0.12956778041523803,-0.17905717736226212,0.09822457280084398,-0.12468616536413146,-0.45682940259211446,-0.4104008476889833,0.5325388562676698,0.7224309054817529,-0.41381705280010367,-0.24758718657023743,-0.43414539346742737,0.041480309276919446,0.36592355066931337,0.5178991009499484,0.25940115770624245,0.42854657430928617,0.2575914897948796,0.5337419083181795,-0.1270672829994864,-0.514451894112911,0.4007199803809973,0.15426273731358478,0.293286969558156,0.20316587774214892,-0.3508331135449779,-0.3804781669188449,-0.11435009740094486,-0.40590744828032965,-0.4248495028156045,-0.22867011850062696,-0.23247453925420028,-0.4377985072900327,-0.12412720887297159,-0.48634489651438806,0.10882022237954442,0.15022233327318074,0.0311747803273227,0.2679178407991967,0.2479721632264005,0.45005344327378227,0.37252923185126574,0.39135560830476085,0.3525701356209831,0.5106229496060004,-0.07399880620219604,0.16417403536047603,-0.1019202561575443,-0.1881675203709102,-0.19598411971293328,0.021614680936714835,0.1800908767010462,0.331580116325879,-0.3778342286816863,-0.18338168677151728,0.46238287594219796,0.2635285516641449,-0.3854370549285803,-0.0165984165984166,-0.26802704090839685,-0.1968368985318138,0.09150506438642032,0.14732667953006937,-0.30250281097738724,0.19488934234696947,-0.5104489697710036,0.02163226400514536,-0.14171536713909597,0.2819125751329141,0.20806553857401314,0.15783348834196292,-0.06950864577983222,0.06640708505115285,-0.24619164619164619,-0.16916855221939966,-0.39152357287950507,0.03459931426033121,-0.07194575160676855,0.0014959489535760723,-0.040237463966277524,-0.16889694008338077,-0.42013955403785913,-0.1524613982241101,-0.09404442963764997,0.1120481035735273,-0.2112365061517604,0.5250086758561335,0.07502186315745638,0.5858086129272569,0.43750561038696634,0.259395605158317,0.34625596320511576,0.5848091543006797,0.3457437406589949,0.5206559409949241,0.42554310859395605,0.2869218987863056,0.40920196004941767,0.23674120962256556,0.14290407510746495,-0.015143649041954126,-0.2233623453962437
#13,0.40300670470162,0.21476607578302492,0.32491752152769104,1.0,0.16980339353220708,0.23007121142714362,0.1245852940768195,0.18900225340903307,0.1606907369619234,0.33958920399598364,0.3619729128203705,0.1445790937316361,0.03022622005672853,0.16498840905620565,-0.3226844718370142,-0.19355719355719356,0.2627174169547051,0.2012761605981945,-0.21836320141404889,-0.07449113211825076,-0.2598453615402768,-0.029389173456970067,0.01365510348561196,0.13539795573693877,-0.07972163226400515,0.05547550632296395,0.039440210626651304,0.2647843529199461,-0.15845444828495675,-0.10157599818616768,0.1303761388507151,0.1696872527381002,0.14131558368846506,-0.0042453856013178045,0.04930014760523235,-0.00856295432566619,-0.0957328669193076,-0.1697839596144681,-0.24960553774113095,-0.1692684980820574,-0.00848059153143899,-0.09571065672760588,-0.051377263241670024,-0.09806910145893197,-0.13644322288390084,-0.08377406682491428,-0.045117228168075625,0.18582712142034177,0.12963903811361438,0.1611266119740696,0.19339894594131882,0.3117482659855541,0.18314662890934078,0.14587376282291536,-0.11828685388007422,-0.018485357468408316,-0.23917507646321207,-0.18122267105317952,0.009885386156572598,-0.15466020720258009,0.1084033185728101,0.17789623213352027,-0.11342513545903377,0.07737105364224009,0.4110481822346229,0.3276179106687581,-0.015017328576650611,0.035238782696409815,-0.10420512962885844,-0.018926785028479942,0.056559178593076895,0.22910738164975453,-0.19084986373121968,0.12036350680418477,-0.17511394291055307,-0.09004335614505106,-0.11594043966925323,0.06128023246667314,-0.0742741200368319,-0.05944974250058996,-0.14380543872069296,0.0408227950600832,-0.0491826186741441,0.004165799081053318,0.039744212625568556,0.16545574850659597,0.20854722210654414,0.1650638311655261,0.19739631773530078,0.02794643642101269,-0.004683574175099599,0.0032209405090761023,-0.11754743958133788,0.11685475922764059,-0.08500858331366806,0.10010364756127468,-0.0007778194218872185,0.09428689089706038,0.2849447290125256,0.062367606435403046,0.3314352873674908,0.24142756007162786,0.25343078054942464,0.1201488082844015,0.14097595284035963,0.21484196060467248,0.14879949286728947,0.02628622459130934,-0.08151880694253576,0.0788124025412161,-0.16142043430179023
#17,0.1558230032806304,0.024626012761605982,-0.11357320340371188,0.16980339353220708,1.0,0.2847041186024237,0.2334948199354979,0.08760208590717065,0.15155031765201257,0.18681269867710545,0.29630570478028107,0.33496855869737224,0.029943502824858758,0.09952757071401139,-0.0072557920015547134,-0.10389002253409033,0.22998977405757068,-0.06954381191669327,-0.0287723779249203,-0.06285114081724251,0.17359670918992953,0.0672728198151927,-0.12029502537977114,-0.1375902867428291,-0.018807405248083213,-0.13432214957638686,-0.0007477431206244766,-0.019645839984823037,0.03324310442954511,0.06186787712211441,0.05807733773835469,0.08944136740746911,-0.01195047127250517,0.014623097673945132,0.0710823304043643,0.16748196578705055,-0.2003826630945275,-0.11414650397701245,0.04054007782821342,-0.08762429609887237,-0.009358356815983935,0.07296927127435603,-0.08349505129166146,-0.05981019540341574,0.10280079771605195,0.04999838050685508,-0.005238828967642527,0.03742741200368319,0.10166345081599319,-0.004142200752370244,-0.05894075894075894,0.03274383782858359,0.1156466173415326,0.014124756497637853,0.09873401907300212,0.08494149002623579,-0.141171680154731,-0.02630103138577715,-0.08142395091547634,-0.0323348001314103,-0.19348177144787315,-0.13452250401402943,-0.0945585030330793,-0.021240809376402596,0.05014552302687896,0.09088410444342648,-0.07071725037826733,-0.05233276419717098,0.1302252946320743,-0.05889356228339279,0.07211788059245687,0.07867266341842613,-0.07112721350009485,0.10904880226914125,-0.05848082288760255,0.10329173549512533,-0.1267137707815674,-0.13887523887523887,0.08865059204042255,-0.1055215461995123,-0.1864693661303831,0.13962344470819046,0.24669692805286025,0.16130475622001045,0.4725912353030997,0.02887001022594243,0.1964135167524998,0.053862953862953866,-0.012808802639311114,-0.11175381853347956,0.17718319243742972,0.16564407242373344,0.11743453777352082,-0.07269071845343032,-0.0008851686817788512,-0.0624536709282472,-0.21433806688043977,-0.1939819634734889,-0.09419851284258064,-0.11089178546805666,0.045600762549915096,0.18369077860603283,0.21445374496221953,-0.06777486269011693,0.007966980848336781,-0.0434431349685587,-0.14020461139105206,-0.13909225095665773,-0.19805105567817433,-0.09617660804101483,-0.053614940055618024
#18,0.08569895010572977,0.23534104212070314,0.2266466774941351,0.23007121142714362,0.2847041186024237,1.0,0.3634929228149567,0.03739085772984078,0.09184469523452574,0.17973828990778143,0.1346354058218465,0.2199646487782081,0.31887820023413244,0.23834450783603325,-0.19224956852075495,-0.22250586487874624,0.15386711827389793,0.2620589773132146,-0.29556305149525486,-0.392770119888764,-0.13307930426574494,-0.12778772609281083,0.10345414752194414,0.06127236635711212,-0.03862861320488439,0.03959568196856333,-0.002603682264699214,0.12516322177339126,0.08292915411559479,-0.025902173359800478,0.15242206767630495,0.1111037077138772,0.06393758936131817,-0.03633818718564481,-0.12435717689954978,-0.071469620622163,-0.26309684106294273,-0.31484612501561654,-0.12605857012636673,-0.4533530448784686,0.04831642119777713,-0.19721539721539721,0.14042625059574212,-0.15383287756169112,0.26473808168723423,0.05348075348075348,-0.16097530504310165,-0.006468255620797994,-0.06309637835061564,0.10059921246361925,0.316137555120606,0.22501469111638603,0.30597870597870597,0.2794907388127727,0.07911918081409607,-0.01593858881994475,-0.03953367851672936,-0.30489503370859306,-0.025507942457095,-0.19645469814961342,0.08102185390320983,0.0490252964829236,-0.1642170676068981,-0.07458367458367458,0.286181559062915,0.13591017828305965,0.06311257328206481,0.20490521337978965,-0.13054687969942208,0.013743944252418828,0.3435208706395147,0.19790113688418773,-0.013611145814535645,-0.016615999666847125,-0.11222856138110375,0.12680955223328105,-0.05965981389710203,-0.00230523281370739,0.08090802667073854,0.046977331723094436,0.2043855874364349,0.2746401254875831,0.3510256018730595,0.29254061457451286,0.1793186098270844,0.18861912760217844,0.08288288288288288,-0.06344248717130073,-0.04171629256375019,0.015849748053137883,0.1655580079308893,0.2405997677184118,0.2745795101727305,0.09755040094023144,-0.011233729877797674,0.17017587695553799,-0.0444069647459478,-0.013579681376291546,0.052125469074621615,0.000415978382080077,0.16680871935109223,0.18170481729803764,0.22024505244844228,0.09621316231485723,0.1494366477417325,-0.03520731825816571,-0.037690232605486845,-0.005987034800594123,-0.0928001961900267,-0.12047733403665607,-0.15282786638718843
#26,0.2047437267776251,0.2890471365047636,0.008890091940939399,0.1245852940768195,0.2334948199354979,0.3634929228149567,1.0,0.26499997686438365,0.3064872268262099,0.3607129471536251,0.321755345484159,0.13749728156507818,0.0910178283059639,0.3644003016884373,-0.15880518422891304,-0.007954950327831684,0.08885881258762615,-0.07806234585895602,-0.22247532586515636,-0.24279996483386315,0.028137999324440003,-0.10645067255236747,-0.0926502773960401,-0.1166641217488675,-0.12758737165516826,-0.111130082316523,-0.03170227238023848,-0.029599244853482143,-0.22059532568007145,-0.11885413919312224,-0.08189961918775478,0.050965449270534015,-9.393060240517868e-05,-0.2694517321635966,-0.27606342860580146,-0.022086184798049205,-0.45276493751070024,-0.09138661003067783,-0.15059527940883874,-0.21474386559132322,-0.04271390034101898,-0.05182331792501284,0.01657759454369624,0.026115483742602388,0.2654432552737637,-0.009235738049297372,-0.20220251067708694,-0.06018869408699917,0.09213018874035823,0.04803694295219719,0.0566924397432872,0.11275235173540259,0.13313575516965348,-0.04512278071600106,-0.06906814364441483,-0.27744925202552323,0.0377642665778259,-0.23668753499261974,0.18220871102227035,-0.12821712313237738,0.23677822660873507,0.052204592882558985,-0.2122202325592156,-0.1391621205180527,0.11530235937015598,0.01027730349764248,0.16573198776588607,0.2945737725398742,-0.1360716648852242,-0.2437647200359065,0.1647440969474868,-0.12120888222583139,0.0037507461236274795,-0.08112457603983028,-0.028140775598402716,0.12023533548957278,-0.14971381242567683,-0.18728744152472965,0.08761828083861982,-0.0442084611576137,0.08276118954085056,0.011124529768597565,0.35610109338922896,0.21655677248897587,0.3736874008060449,0.35212870806091146,0.2855124770379008,0.02579204782594613,-0.039377281750163105,-0.12759616318938352,0.16627428661326965,0.23211269821439312,0.2339043203449983,0.24274397664228173,0.1795754151686355,-0.09107798090848938,-0.08152621033976966,-0.03959845824252604,-0.21318776403522166,0.04621663265731062,-0.08394018055035005,0.07211741788012975,-0.15350990435736198,0.05152255491238542,-0.16929903709564725,-0.18205601595432103,-0.3042153093000551,-0.0475237949814221,-0.2091297769263871,0.0718134158812125,0.14595612561714258
#49,0.4843436656995979,0.23504536894367403,0.09127000652424382,0.18900225340903307,0.08760208590717065,0.03739085772984078,0.26499997686438365,1.0,0.5740390621746554,0.28424279441228595,0.09477967952544224,0.1941832433357857,0.03778184964625642,0.22747030543640714,-0.13570242044818315,-0.16490003100172593,0.21104448053600597,0.05271126288075441,0.15085486102435255,0.08022043615263955,-0.030850418986012207,-0.13579912732455104,-0.05177704669230093,-0.18836185954830023,-0.07162139026545807,-0.19386998709032607,-0.08084093338330627,-0.08817816275443394,0.031695794407658816,-0.036695401102180766,-0.008011401231740215,0.0623833386545251,-0.030500608466710162,-0.23911122216206962,-0.013146119925780943,-0.06453448826330183,-0.06678974814568035,0.15119726814642068,-0.04532174701666227,-0.03415464771396975,-0.011370230014297811,0.007690278876719555,-0.07319785116395286,-0.05676092116770083,-0.06869057038548564,0.005868117732524512,-0.19922218057811278,-0.13690824877265556,-0.024045771503398622,-0.029715848359916155,-0.09527755798942239,0.020279755872976212,-0.12795522795522796,-0.21923171245205145,-0.18727494829189745,-0.4499988432191822,-0.2833770596482461,-0.4079336655607842,0.0005543293678886899,-0.2205629358171731,0.010756210756210756,-0.04940842228977822,0.12023764905120837,0.06517164313774483,0.10192997311641379,0.09959188772748095,0.22883391866442715,0.36362988566378396,0.005773724417792214,-0.1836389548253955,0.017647385443995613,-0.20605597893733488,0.0010943146536366876,-0.20171758815826613,-0.01833266240045901,-0.09769522989861973,-0.12130836537616199,-0.22256231578265476,0.2581569242586192,0.0047950878459353035,-0.055380650295904534,0.028029724639894133,-0.18466710161625416,0.14817112952706174,0.10170278136379832,0.37520741080063114,0.1227423108779041,-0.02030289148933217,0.009090446378581972,-0.037988682056478665,-0.152154157238903,-0.08231606028216197,-0.04436393249952572,0.03697765562172342,-0.21150025217821827,0.051931592609558715,-0.25169607203505506,0.05120791052994443,-0.10085925679146018,-0.14851723834774683,-0.2617392430951753,0.024220676763049644,0.09768319937811464,0.13887385073825753,-0.14155989579718392,-0.04657616013548217,-0.1671659332676282,-0.06635942568145958,-0.010007542210932042,0.1067685559210983,-0.01999056066852677
#50,0.11776121267646691,0.3636798585951128,-0.2533164906046262,0.1606907369619234,0.15155031765201257,0.09184469523452574,0.3064872268262099,0.5740390621746554,1.0,0.21025509330594078,0.15235173540258287,0.24006440955593497,0.06919353868506412,0.25946963913065607,0.07398908924332653,0.0017148118843034097,-0.18457918627410153,-0.2751703938144616,0.1845449455618947,0.07510792765030053,0.1275489665320174,-0.12689052689052688,-0.14099908845671558,-0.2662506882845866,-0.17134468829384084,-0.22113114655487537,-0.17951202357982018,-0.22973713312696364,-0.025286765964732068,0.10532165447419685,-0.34332884502376027,-0.04718462684564379,-0.09281546569682163,-0.19108492159339616,0.014318632962700759,-0.03993253654270604,-0.04449302923879195,0.11999796406576067,0.07243021141326227,-0.007401083672270113,0.08465507109574906,0.12446406344711429,-0.029125890142839294,0.16957481364261026,0.054250244080752553,-0.0549827176945821,-0.14239879324625088,-0.23099200895811065,-0.2409028442926748,-0.2497249175215277,-0.17377161444958056,-0.17413761990033177,-0.13645941781535,-0.32965291948342795,-0.07191104818223462,-0.32138702647177225,-0.19535853264666825,-0.2770230939722465,0.1123386869149581,-0.27322191220496306,-0.00037896139591054846,-0.08971853209141345,0.18249466724042995,0.11575720558771406,-0.03853653345178769,-0.06648805970839869,0.346109283397419,0.35461578681917666,0.1380141312344702,-0.051500344720683704,0.10581259225327022,-0.121199627979289,0.10781289764340612,-0.18821795601456617,0.09420267725352471,-0.05713756900197578,-0.05883988765344698,-0.22577307662053425,0.08965976762586932,-0.11203653576534932,0.06250271843492182,0.12833789104975546,0.08970094902298292,0.15102837814702222,0.2917540036184104,0.22480461971987395,0.1817284156267207,-0.011947232286215336,0.04372122507715728,0.03514855379262159,0.11962594335475692,0.13555250165419658,0.005996289047136505,0.0744823405840355,-0.07203274152426695,-0.08443852172665732,-0.17090696243238615,-0.32886815937663394,-0.1683023547430327,-0.1633517955551854,-0.35421785421785423,-0.28477630172545426,-0.11331732348681502,-0.12549452379960854,-0.34185325541257744,-0.1322357796934068,-0.34442130882808847,-0.12795013811962966,-0.1910488300318809,0.1469204181068588,0.1671395586649824
#51,0.38417338756321806,0.19205476663103782,0.2122077393263834,0.33958920399598364,0.18681269867710545,0.17973828990778143,0.3607129471536251,0.28424279441228595,0.21025509330594078,1.0,0.34154971612598733,0.14532035887968092,0.29783404359675547,0.08519135468288011,-0.19820930329404907,-0.23436842080909878,0.4716112105942614,0.08547360920242277,-0.15543154865188763,-0.1462527242188259,-0.02846606236436745,0.07082089793954201,-0.04809894640403115,0.06686655839198212,-0.0393286969558156,0.07385675351777046,-0.01822392500358602,0.22386716454513064,0.062352336928608115,0.0015176964329506703,0.0243576396118769,0.15863027896926202,-0.03607212759755132,-0.10650851159325736,-0.10172915596644411,0.013160464007921636,-0.07310715954783752,-0.10035443764257324,-0.1522661336220658,-0.14339640102351967,0.11364214754045263,-0.04631148868437004,-0.10854999838050686,-0.10125071142020295,-0.011009777111472026,-0.052944932605949555,-0.262212135093491,0.040211552075958855,0.06844440742745828,0.15964130540401728,0.08829893067181203,0.20476686239398104,0.14295358532646668,0.20208313089669022,-0.07698052443815155,-0.017421119116034372,-0.07100135574711845,-0.21194584414923398,0.02080447165192928,0.008180753943465808,0.043417685790567144,0.029743611099543304,-0.21734986141765802,-0.11754281245806669,0.30590235844473135,0.2990602312636211,-0.05623990708736471,0.08941360466784196,0.02784834140766344,-0.12489577404831642,0.13716459140187953,0.11500344720683704,-0.1849757307384426,0.08318225775852894,-0.17760796235372506,-0.049091001633374515,-0.11718328497989515,-0.024250290351985268,0.12635424330339584,-0.14957222245357837,-0.09095258586784011,0.12462092292600767,0.020588847707491774,-0.09890198364774636,0.16113679164526623,-0.023779249202978015,0.06389640796420458,-0.1169861695285424,0.0749862343082682,-0.1761754049889643,-0.13406765779647137,0.00488531674972353,0.1349047043962298,0.1303853930972575,0.11395956819685633,0.06300938843311725,-0.17764220306593187,-0.006622338825728657,0.09486250503199656,-0.03489267387572472,0.05191354682880107,0.18891480077920755,0.14662150594353984,0.03095129027332417,0.0058824618146652045,-0.11440007033227373,-0.0643595830036508,0.012238278339973254,-0.05040880634100973,0.06671941587195825,0.0007644007644007644
#52,0.22825969266647234,0.10931208558327202,0.12956778041523803,0.3619729128203705,0.29630570478028107,0.1346354058218465,0.321755345484159,0.09477967952544224,0.15235173540258287,0.34154971612598733,1.0,0.033529060647704716,0.044271390034101896,0.11726009522619692,-0.1771656093689992,-0.1620103925188671,0.3001286340269391,-0.025628710374473087,-0.14624346997228352,-0.1165669521601725,-0.062262570737147006,-0.04115918692189879,-0.10503801181767283,0.08427888597380123,-0.009693823253145287,0.06149770726041912,0.02418597333851571,0.09532244108515295,-0.11220357491543932,-0.07875595163730757,-0.02328507243761481,-0.028631713377476088,0.060967438933540626,-0.10172545426782714,-0.04374250984420476,-0.00781752476667731,-0.15095619502399163,-0.20031047997149692,-0.10596991444449072,-0.21011627960780502,-0.06472327489276641,0.03258327665107326,-0.19162444416681704,-0.060975305043101655,0.20297524026337585,0.03486259757446198,-0.14645122780716002,0.015828000573763285,0.05944372724033741,0.1621510570663113,0.22015945066792525,0.24436948504745115,0.25867701291430106,0.09219080405521084,-0.035602011873198315,-0.07485343587038502,0.0034740441520102537,-0.09502167807252553,-0.11451482298939926,-0.11697784070665426,0.026801686123720022,-0.08809209826158979,-0.21615698903834496,0.07294058311007463,0.18046706182299402,0.18335993929214267,-0.20828255065543202,-0.004396229819958634,0.0318794912015251,-0.16059726907184535,0.15338358389205847,0.058793616420735065,0.0025689788401652806,0.10601017041695007,-0.07456053896731862,-0.030466367754503346,-0.14810264810264812,0.01100283642656524,0.12017657102402865,-0.07473266795300694,-0.20058070397053449,0.07970775089419158,0.13238708662437476,0.03424765289172069,0.19808252011641841,0.11708842895283574,0.250506901354359,0.04956111735772753,0.07471369674759505,-0.04839276873175178,-0.00643910474418949,-0.012710707625961864,0.003752134260608837,0.06168464304057524,0.03979788725551438,0.024891609637372348,-0.10385254283559368,-0.018313228482720007,0.012642226201548236,-0.06471864776949522,0.05289773594858341,0.2864818593632153,-0.014611529865767154,-0.0560918391426866,-0.13225336276183733,0.008712410407325661,-0.10793320284845709,-0.11486000638543012,-0.12862338455558794,-0.013499169431372821,-0.08057394837055853
#53,0.044904380497600836,0.11629765358578918,-0.17905717736226212,0.1445790937316361,0.33496855869737224,0.2199646487782081,0.13749728156507818,0.1941832433357857,0.24006440955593497,0.14532035887968092,0.033529060647704716,1.0,0.2876006977701893,0.19886033953830565,0.06252724218825914,-0.08994387299472045,0.06799603918247986,-0.22191451852468802,-0.06861514827616523,-0.14078253908762384,0.06295756465247991,-0.2791936774987622,0.052451681265240586,-0.07545172290935002,-0.0779503694757932,-0.1184682371123049,0.054644012271130915,-0.05481752939380058,0.14212995738419468,0.11604084824423808,0.1800376647834275,0.022541031015607286,-0.0663575748321511,0.06759162860857776,0.2164771859687114,0.05471665810648862,-0.001663913528320308,0.0033389321524914745,0.03245001550086296,-0.018916605357283324,0.14803879380150567,0.14370410472105388,0.2701087836681057,0.21160760143810992,0.10790312654719435,0.15883711137948425,0.02609928881115322,0.05129490044744282,-0.006160551923263788,-0.06492316661808187,0.06615120513425599,0.007357588713520917,-0.11722863078795283,-0.13521749792936233,-0.0720364432228839,-0.3949828102370475,-0.2435745452694605,-0.2458742255352425,-0.01442737035957375,-0.25689695859187384,-0.1465335906013872,-0.09946094013890625,0.3780082085166831,0.1509992272704137,0.10220760051268526,0.09069763137559747,0.3183673658249929,0.31802171971663495,-0.08986151020049325,0.04056552700620497,-0.05308513444106665,-0.013656028910266198,-0.05172476019933647,-0.141474756728994,0.11294761633744685,0.008217308217308218,-0.1230088331783247,-0.3420415793297149,0.18022321242660225,-0.26304039015903424,0.0888190193274939,0.20613556545759937,0.3196190026698501,0.32476205018577897,0.4617276752869973,0.20903815988561752,0.09298620654552858,0.16953825936876785,0.14207535732959461,0.2541202219168321,0.18435662164475725,0.18948347422923695,0.17687595145222265,-0.05908466247449298,-0.09344105276308666,-0.02345164887537769,-0.11988506225794361,-0.10663807104485071,-0.05434648824479333,-0.04660669914907203,0.05505119911899573,0.06987696479221903,0.053954570903723444,-0.08534913958642772,-0.11596542613491766,-0.07225715700291971,-0.08552959739400418,-0.2003558257795546,-0.11470407233119098,-0.02728522050555949,-0.09069300425232629
#54,0.039684522735370195,0.14632120564323955,0.09822457280084398,0.03022622005672853,0.029943502824858758,0.31887820023413244,0.0910178283059639,0.03778184964625642,0.06919353868506412,0.29783404359675547,0.044271390034101896,0.2876006977701893,1.0,0.09523360031834609,-0.11315768773395891,-0.13061628654848995,0.1696465340533137,-0.00012770860228487348,-0.21021021021021022,-0.29950674865929106,-0.06975295788855111,-0.10100316032519423,0.10660614389427948,0.08920353327132988,-0.028799215239893206,0.03410282393333241,-0.0010498942702332533,0.143300619571806,0.1560529713072086,0.14807303451371248,0.17153578848494103,0.011578450561501408,0.0008139109834025088,0.004214383875400824,-0.03846296219177575,-0.11317943521333351,0.12659624185047913,-0.10915198711808881,0.14220954390445917,-0.07697636002720748,0.02199086605866267,-0.07831776306352578,0.30354252557642386,0.18336225285377827,0.2863749728156508,0.34227941346585417,-0.05675629404442964,0.12171601493635392,-0.004489234997709574,0.20287344355140965,0.08325212731992393,0.12417162925637502,0.04204250475436916,0.09762628576187898,-0.056709560099390606,-0.13397326448173905,-0.12927534622449877,-0.24902853546921344,-0.025463059361364445,0.040005645090390854,0.013961419046164809,0.061252469727046,0.001659286405049117,-0.09666430683379836,0.18786027938570313,0.059141576090728634,0.13783413613922088,0.26579075223143017,-0.27874392111680246,-0.062221389340033406,0.008230726874794671,-0.028098206064307758,-0.11764877358097697,-0.13312788906009246,-0.08022321242660226,-0.07062840961146045,-0.09492126949754068,-0.040186102897967306,0.17648310868649852,-0.09552881078304808,0.026198309249156705,0.6151242151242151,0.2528597935377596,0.02312080956148753,-0.05163129230925841,0.05953349343179851,0.026033583660702304,0.05114266809182064,0.148366394129106,0.058756599434565536,0.09139169986627614,-0.024070295256735933,0.23000920797530966,-0.0753082820879431,-0.11253441422932949,0.10033269016319864,-0.03811592794643642,-0.011534492890425093,0.04508900271612136,-0.05158131937792955,-0.007123918988325768,0.1503329215193622,0.09263408246459094,-0.005120837324227155,-0.060477426579121495,-0.14246773738299162,-0.05391616578057256,0.059736161431076684,0.008420901641240625,0.08105979631403361,-0.10079077536704656
#58,-0.014951160713872579,0.17645765950850698,-0.12468616536413146,0.16498840905620565,0.09952757071401139,0.23834450783603325,0.3644003016884373,0.22747030543640714,0.25946963913065607,0.08519135468288011,0.11726009522619692,0.19886033953830565,0.09523360031834609,1.0,0.14972861922014463,0.1153148526029882,-0.13980714150205675,-0.17992753924957314,0.03906865262797466,0.06434107451056603,0.1105877834691394,-0.11999287423016236,-0.18100241998547084,-0.2945719216905658,-0.23934489188726477,-0.2156757682181411,-0.19362521226928006,-0.254403401861029,-0.12938593447068023,0.19791918266494538,-0.12342712512204038,-0.15975605806114282,0.008390825339977882,-0.2521412012937437,0.07652105109732228,0.026480563768699363,-0.13545579477782868,0.1283198452689978,0.0033893677961474573,-0.05699551631755022,0.06237177084634712,0.09696923425736985,0.16013270589541775,0.1870102768407853,0.033532762346321666,-0.09435907402009097,-0.12420725810556318,-0.19204551238449544,-0.04128643281185654,-0.22695484390399645,-0.025368666046632148,-0.09296353364149974,-0.09826991860890166,-0.22595445985276494,-0.10001388136981357,-0.20105220783186886,-0.19200386827505472,-0.14664279071058733,0.08238454170657561,-0.2738137212713484,0.00969243511616393,-0.013490840609484677,0.2246940314736925,0.3053272070221223,-0.10801510293035717,-0.09021964954168343,0.550856711873661,0.39134496592123713,0.05180342129494672,0.10623967573120116,0.09881082931930389,0.04518709772947061,0.02856878450098789,-0.23943974791432418,0.1446494260053582,0.0029007435787096803,-0.06147966147966148,-0.16907091991837755,-0.058389205846832964,-0.04141599226344989,0.01744656829402592,0.15712738933077916,0.28691958522467,0.21019355256643393,0.18612973528227766,0.2666352022284226,0.10410749732783631,4.488309573055336e-05,0.16123349852163413,0.040425787883415,0.1538740589588047,0.29117006066158607,0.034157423987932464,0.05851089918886529,-0.021815498086684527,-0.12571292401800876,-0.08117639982046762,-0.07135625610201882,-0.20721414789211398,0.01590990065566337,-0.048500117991643416,-0.047800034240712205,-0.19701319192844616,0.025004048732862293,-0.22774469384638876,-0.017394744513388582,-0.23156253325744852,-0.050913162777569555,-0.08349227501769875,0.003445355987728869,0.06394591818320632
#101,-0.3418079096045198,-0.05545051985729952,-0.45682940259211446,-0.3226844718370142,-0.0072557920015547134,-0.19224956852075495,-0.15880518422891304,-0.13570242044818315,0.07398908924332653,-0.19820930329404907,-0.1771656093689992,0.06252724218825914,-0.11315768773395891,0.14972861922014463,1.0,0.5790733722937113,-0.32334892673875726,-0.4164378554209063,0.5140465581143547,0.3657185691083996,0.5664755664755665,0.13214508807729147,-0.02360017953238292,-0.25179648061003995,-0.06987557665523768,-0.22685813702762855,-0.34151131100283644,-0.512555698996377,0.0763396678650916,0.31435333638723467,-0.36354752286955677,-0.22068740543316814,-0.09932027559146203,0.09827038132122878,0.15815692425861919,0.13536602858636756,0.23832599934294849,0.36744124710226406,0.3232841470129606,0.31737438517099537,0.11240578020239037,0.19868589699098174,0.20081020928478555,0.3564111106483988,-0.19102291814156222,-0.10904047344725311,-0.21602557873744316,-0.34211977771299806,-0.4516095448298838,-0.6633087633087633,-0.4312895329844482,-0.6358949087762648,-0.4477297019669901,-0.4852371632032649,0.2342601461245529,-0.09611414187685374,0.05105290190035953,0.1677720864161542,0.03006195718060125,-0.307633827972811,-0.28788804212533026,-0.31276345683125345,0.37194112448349737,0.2900484459806494,-0.5306449747127713,-0.3176640430877719,0.4643077592230135,0.10558077337738354,0.4309614699445208,0.4779091880786796,-0.00985253358134714,0.1032209405090761,0.3023487277724566,-0.23129971265564486,0.4129073603649875,-0.06531554667147887,0.08107737938246413,-0.3169093592822406,0.11822994026383857,0.1525881814017407,0.04757284248809673,-0.034831133136217884,0.13945779369508182,-0.004393453545995919,0.1649694378507938,-0.21490211320719796,-0.16173739224586683,-0.05483326161292263,-0.10423844491641102,0.14016713169255543,0.2288621441163814,0.13280537856809044,-0.08097789623213351,-0.19355441728323083,0.1159274837240939,-0.2605644164966199,0.03950499035244798,-0.39452518774552675,-0.3398719212278534,-0.1977285451861723,-0.28436356232966403,-0.43878315912214216,-0.38329793584030875,-0.2822804314329738,-0.2366065603353739,-0.22387179166840185,-0.29341421544811375,-0.276248050824322,-0.14389289135051847,-0.12057450362535109,0.19613588935622833
#102,-0.2891359772715705,0.046909775723335045,-0.4104008476889833,-0.19355719355719356,-0.10389002253409033,-0.22250586487874624,-0.007954950327831684,-0.16490003100172593,0.0017148118843034097,-0.23436842080909878,-0.1620103925188671,-0.08994387299472045,-0.13061628654848995,0.1153148526029882,0.5790733722937113,1.0,-0.3892562824766215,-0.41000522864929645,0.41843769809871506,0.4565027276891684,0.2889763415187144,0.28846226812328507,-0.279958078263163,-0.2924550127939958,-0.21862324574188982,-0.2778069286543863,-0.30049047506674625,-0.41040454938760024,-0.11794583489498743,0.3282999486389317,-0.2841780146864893,-0.16335966166474641,-0.18250484691162658,-0.12205286951049663,0.06323334119944289,0.2515822448025838,0.12881032033574408,0.436412683870311,0.13994965689880945,0.285140456326897,0.08352651572990556,0.11961021113563486,0.1056862717879667,0.42209312548295597,-0.24465081414233958,-0.1764683018920307,-0.1814137712442797,-0.3762600813448271,-0.22345581328632175,-0.511122216206962,-0.3847827796980339,-0.4941018059662127,-0.4492575780711374,-0.383609803948787,-0.09454462166326573,0.014254778661558323,-0.07207068393509071,0.2935345206531647,0.14219288626068288,-0.11676406761152523,-0.07124289158187463,-0.17774816418884215,0.11808649944243164,0.21129064349403331,-0.36657366148891574,-0.24288510390205306,0.3327933480475853,0.1350129790807757,0.22818797225576887,0.4550424075847805,0.07558359592257897,0.20147651503583708,0.20413294650582786,-0.10933059407635679,0.3489049912778726,-0.010339306949476441,0.12135972644447221,-0.1404864031982676,-0.10375676138388003,0.220993720993721,0.13314963653946704,-0.006279006279006279,0.1439858965282694,0.07931722169010305,-0.02405224947597829,0.030238250577233627,0.06365070771850433,-0.06499905143972941,0.026410231494977256,-0.056126079854893415,0.13099478523207336,0.13546782529833376,-0.06105951868663733,0.001256726680455494,0.1704960738859044,-0.346754304381423,0.1583517261483363,-0.2896380201464947,-0.25802181225910037,-0.16957157465632042,-0.28379488887963467,-0.41990588431266396,-0.37783237783237783,-0.3875562773867859,-0.3983032338964542,-0.19283536232688775,-0.3369827454573217,-0.135713525544034,-0.12849798951493865,-0.047329455804032076,0.18444731326087258
#201,0.5701397853940227,-0.18285141844463879,0.5325388562676698,0.2627174169547051,0.22998977405757068,0.15386711827389793,0.08885881258762615,0.21104448053600597,-0.18457918627410153,0.4716112105942614,0.3001286340269391,0.06799603918247986,0.1696465340533137,-0.13980714150205675,-0.32334892673875726,-0.3892562824766215,1.0,0.5012789368721572,-0.18688997163573434,-0.24749788309110343,-0.14492381441533983,0.019434380451329603,0.25762619321941355,0.2780049695303933,0.368023801922107,0.2804753906448822,0.14566369142640329,0.4370202251558184,0.10938010429535854,-0.23848424695882323,0.39054123460903123,0.23915841881943578,0.25828509557323115,0.18548101259965666,-0.10218539032098355,-0.024367819283073522,0.021662803018735223,-0.1669095906384042,-0.11754975314297349,-0.09263269432760958,-0.0743661997899286,-0.2480591531438989,-0.16017249915555,-0.35377041139753,0.06060420975675213,0.18098900132798437,-0.11292262987178242,0.1802412582073599,0.11387026471772234,0.29987275411004227,0.15703993670095365,0.2987701106345174,0.24721470314690655,0.40645344882633017,0.10577835154106341,0.09619511653409958,-0.07663117663117663,-0.17721743314963653,-0.11602465331278891,0.11594506679252442,0.016425824900401172,0.11248027688705654,-0.33767311224938346,-0.1806553857401315,0.3254403864573356,0.31635965703762314,-0.32080632250123775,-0.08985503222791358,-0.09715339376356326,-0.2777347455313557,-0.04806331755484298,-0.043646728392491105,-0.38553607536658385,0.16513370072692107,-0.40755655501418214,0.0037151172744393085,-0.18303742880014068,0.06751528107460311,0.392502209451362,0.05544681815868256,-0.23191188106442343,0.07929454878607421,-0.14605329520583757,-0.1632745225965565,-0.10902242766649546,-0.016977377994327147,0.08544816002443122,-0.029813480660938287,0.016532248735638567,-0.17143491719762907,-0.22069018170713087,-0.1581814480119565,-0.04608892405502575,-0.009519380705821383,-0.06888305871356719,0.4764632120564324,-0.2364325805003771,0.4158409565189226,0.23607906828245812,0.13070790358925952,0.21465965194778755,0.5564735768125598,0.4107302988658921,0.33689899452611316,0.2767949767949768,0.06968355103948325,0.2269270811643693,0.07558776033352305,0.1655367231638418,-0.026363960262265347,-0.18361396835973107
