,#10,#11,#12,#13,#17,#18,#26,#49,#50,#51,#52,#53,#54,#58,#101,#102,#201,#202,#301,#302,#401,#402,#501,#502,#601,#602,#701,#702,#801,#802,#901,#902,#1001,#1002,#1101,#1102,#1201,#1202,#1301,#1302,#1401,#1402,#1501,#1502,#1601,#1602,#1701,#1702,#1801,#1802,#1901,#1902,#2001,#2002,#2101,#2102,#2201,#2202,#2301,#2302,#2401,#2402,#2501,#2502,#2601,#2602,#2701,#2702,#2801,#2802,#2901,#2902,#3001,#3002,#3101,#3102,#3201,#3202,#3301,#3302,#3401,#3402,#3455,#3501,#3502,#3601,#3602,#3701,#3702,#3801,#3802,#3901,#3902,#4001,#4002,#4101,#4102,#4201,#4202,#4301,#4302,#4401,#4402,#4501,#4502,#4601,#4602,#4701,#4702,#4801,#4802
#10,1.0,0.2798465645923273,0.30429998565591787,0.2807345095480689,0.2806678789729637,0.08039025157669226,-0.01588815317628877,0.4003706325740224,0.18332107145666468,0.3476255916933883,0.2889906856008551,0.29784561140493343,0.13500048584794347,-0.026568016398524873,0.057199572453809744,-0.14105600207295121,0.2040126413007769,0.268346312414109,-0.05341967545357376,-0.10119009610535035,0.03259068004830717,-0.19321293558581695,0.10248754147059232,0.04908544908544909,0.20159867109019652,-0.2089770818584378,0.1803379650837278,0.08945293521564708,0.18071461291800275,-0.0522800149918794,0.16395609785440293,0.1658296200669082,0.12399348501043417,0.05286580879801219,0.147336859201266,0.18341870375768682,-0.10101333999639084,-0.17615226937260836,-0.16416200483997095,-0.1869029275808937,0.0738285280658162,0.04962774793283268,0.0439905236515406,-0.22110060754128552,-0.18099871828685388,-0.2659850914088202,0.04724477944816928,0.12942248874452264,0.028385087707121604,-0.006769944058079651,-0.02329108769786736,-0.018403457386508233,-0.08886529056020581,-0.06961368147808826,-0.0356524475168543,-0.09762027050162643,-0.32862199641860657,-0.3741723233248657,-0.10863467473636965,-0.14463138022460056,0.06450903908531028,-0.0269173642054998,0.02618165160538042,0.05841743129878723,0.025380696567137245,-0.04067287626609661,-0.007448280329636262,-0.1332935400732011,0.16242544547629292,0.060848059153143896,0.21755345484159044,0.27972163226400515,-0.05528440613186376,0.025527839087161122,-0.0216646538680437,-0.15306107340005645,-0.02420772081789031,-0.2123484038738276,0.03038724394656598,-0.01905310549378346,0.10928432284364488,-0.07313260872582907,-0.10162643382982366,0.12488328081548421,0.08503171893002401,0.07843899369323099,-0.05979400047196658,0.025655547689445994,0.11860149826251522,0.16907878602793858,-0.0029835690852640004,-0.06010818214208045,-0.14097040029243418,-0.025183581115784507,-0.06870075005668226,0.23706649638853028,0.16419624555217777,0.1383259993429485,0.2259271598254649,-0.014227015921931176,0.12500543686984364,0.2044656366690265,0.14769453583012904,-0.06320511574748863,0.18438762337067421,-0.026760504726606422,0.05488138369494302,-0.045293058852380885,-0.1284239555425996,0.06348968382866688,0.022180578112781502
#11,0.2798465645923273,1.0,-0.0075954228496601375,0.15716533174160294,-0.10398349042416839,-0.09962103860408945,0.31648135037965547,0.3039094564518293,0.5674051555407488,0.45785153412272056,0.49140743208539817,0.13676249438961302,0.2613954478361258,0.3345026073839633,-0.11037493579866461,-0.20229690399181924,0.08584331635179093,-0.062162162162162166,-0.1334295774973741,-0.09808992351365232,0.07186523966184984,-0.14880180642892507,-0.19111083348371483,0.02340445221801154,-0.13047793556268134,-0.1413799007019346,0.11465363668753499,0.13839077906874517,-0.2052069018170713,-0.38635970330885583,-0.11352739488332708,0.025168311608989576,0.18234937556971456,0.22032648981801525,-0.13676619608822999,-0.05890374195458941,0.06393527579968258,-0.06066297422229626,-0.17499965296575465,-0.17143954432090025,-0.1512116122285614,-0.10647612173035902,0.009268590624522828,-0.06051074186667407,-0.04661271440932458,-0.1611751967684171,0.05965333592452236,0.15994577011526165,-0.035658000064779725,-0.10302428777005049,0.022206952715427292,-0.23001059611229102,-0.09022797836357159,-0.17550215855300602,-0.06790951197730859,-0.2537500520551368,-0.14731187273560156,-0.09742500589958217,0.00813818440937085,-0.12285521268572117,0.27756400468264875,0.15355339931611117,-0.04660160931347372,-0.026617989329853736,0.2660864254084593,0.021143639787707585,0.31425061425061424,0.3171305357746036,0.02567868330580195,0.05602520856758145,-0.025874410620173333,0.01960188231374672,-0.26276461361207126,-0.315015015015015,-0.09025851737716145,-0.2632236242405734,0.0834571088808377,-0.06596612020340833,-0.0521661877594081,-0.19486944571690334,0.07101847610322187,-0.17034754322889917,-0.07324828680760884,-0.09322681695563051,-0.18105146749214546,0.25578135917118966,0.15575683541785237,-0.1475214814197865,-0.049211306838425485,-0.09275577580662327,-0.11257050579084478,0.06186695169746017,-0.10672321011304062,0.16812930033269016,0.06170037525969729,0.1039113073011378,-0.11626618914754508,-0.020671673214046095,0.07889569076009754,-0.11384527825205791,-0.07101662525391339,-0.23187069966730983,0.0004284716149122929,0.12555791538842387,0.23902700851853395,0.04715177427041834,0.15649023445633614,0.20788646890341805,0.14101852237445459,0.2211468787739974,0.22683870310988954
#12,0.30429998565591787,-0.0075954228496601375,1.0,0.17290495426088645,0.21934507697219563,0.2697922884363562,-0.044215401842520485,-0.05452648334004266,-0.08778023015311151,0.16465109176973583,0.06660882762577677,-0.05605389673186283,-0.019888301244233447,-0.22271177186431423,-0.042864744559659815,0.3320432913653253,0.5456803490701796,0.7896107201191946,-0.2243479226530074,-0.38274915902034545,-0.08506086980663252,0.013669447567752652,0.2711568270890305,0.359694517321636,0.21501640315199638,-0.01939042278025329,0.23760046641402574,0.06819963260641226,0.2818968429137921,-0.03913204421678998,0.12865901340477612,0.1949800339630848,0.14636238704035315,0.0866780493899138,-0.034699722835316055,-0.12278997024759737,-0.1865859696368171,-0.24025967415797925,-0.09072261784126191,0.07079267248758774,-0.06568988094411823,0.0324680612816206,0.09491756779892373,-0.2946677031422794,-0.023465992957518382,-0.03778925304349033,-0.07229463670141636,-0.09360068851594275,0.18208516683092954,0.2230638959452519,0.1745355525016542,0.5047663996816539,0.3295927668809025,0.42141386378674517,0.21575581745073272,0.25658231420943284,-0.24263847823169857,-0.300854629668189,-0.10657930657930657,0.20568025652771416,-0.13986960766621784,-0.21144565212361824,-0.33872717093056076,-0.014330663483205856,0.01213231721706298,-0.11548004090376972,-0.402599055141428,-0.2769805244381516,-0.1388104591494422,-0.10594724154046188,0.22231245112601045,0.2934873239957986,0.018760671303044183,0.2729882424797679,-0.36251798794171675,-0.11017874577196611,-0.45477542257203274,0.12807368231097044,-0.023365121670206417,0.2042551025601873,0.03374931171541341,-0.06751065395133192,-0.19155688816705765,0.03917739002484765,-0.1585520805859789,-0.21353664912986947,-0.22772155823003282,0.021404146827875642,0.05468982079151571,0.05495588037960919,-0.03945871911973607,-0.17368231097044656,0.1039279649449141,-0.2645798340713595,-0.09657361521768301,0.5050393999546542,0.4710194015278761,0.6323195306246153,0.5309693360540818,0.35109176973583756,0.5549952109274143,0.6583924448331228,-0.05649115988099039,0.03024287770050482,0.1597704021432835,0.19460755053975393,0.09307597273698968,-0.20189712054118833,-0.20133261150210302,-0.12155684189582494,-0.1594270695965611
#13,0.2807345095480689,0.15716533174160294,0.17290495426088645,1.0,0.20453643165507573,0.08183067505101403,0.028811245760398303,0.006897189948037405,0.10693975948213236,0.5139364325805004,0.2904486921436074,0.24753721363890854,0.2708333911723742,0.32323232323232326,-0.08032177015227862,-0.07851163952858868,0.2460445036716223,-0.016576669119042,0.12489207234969947,0.06654127162601739,-0.09092482312821296,-0.12062910367995114,0.16881226372751795,-0.00546509529560377,0.1358555782284596,0.15147582096734638,0.10918946681658546,0.35487212944840063,0.08881439220422271,0.16631963242132733,0.16616045938079838,0.11614634665482124,0.24874998264828774,0.17400389603779434,0.19927678063271284,0.0962242674107081,0.08833872393194427,0.08495074427277817,0.16625624083251203,-0.029617753346566907,0.15570871333583197,-0.022893617808872047,0.3087827426810478,0.13543127102449137,-0.19704743264065297,-0.0946334624300726,0.17000976323010222,0.3420633268090895,0.021805781127815026,0.017036605172198394,0.027180184807303453,-0.04522781641425709,-0.13210159311854228,-0.05501233128351772,-0.2597555953488157,0.06122887139836292,-0.2716102851696072,-0.14471235488184642,-0.050026605958809346,-0.08950568442093866,0.02800936529750089,-0.022535941180008977,0.06335734810311082,-0.06766936427953377,0.1832271408542595,0.12641023149497727,0.16296265448807823,0.06319539878861913,-0.02388567303821541,-0.015454591725778167,0.16382977738909943,0.26749723529384545,-0.1408783205393375,-0.07181989385379216,-0.032458344322751104,-0.09481253210066769,-0.09117376236020304,-0.14946070878274267,0.0032917354951253258,0.14638413451972773,0.09103124696345036,0.14333532299633994,0.021438850252409575,-0.012037461190003563,-0.019940587737197906,0.010742329386397183,-0.042101269219913286,-0.08497017819051718,0.11403545301850386,0.03788179550891415,0.30159959651485074,0.1699153699153699,-0.0737364483127195,-0.12322630797207068,-0.07275688631620834,-0.07640861200183234,0.10417135162897875,0.02996247403027064,0.13825242808293656,-0.009033070050019203,0.00520088655681876,0.15016727050625356,-0.006061994197587418,0.14810820065057353,0.07388775524368744,-0.07635725093352212,0.1249559266508419,-0.05690482470143487,-0.12643891965925863,0.05426320002591189,0.08690292758089369
#17,0.2806678789729637,-0.10398349042416839,0.21934507697219563,0.20453643165507573,1.0,0.51168950152001,0.03267350555486149,0.2481901007324736,0.06135981898693763,0.16100723219367288,0.01061462078411231,0.5109061295501973,0.30381691398640553,0.08856036313663432,-0.24908915078406604,-0.26281736281736284,0.052727457812203574,0.18141839836755091,-0.13528366579214038,-0.11935571935571936,-0.3028988927294012,-0.325111860705081,0.08239934850104341,-0.0197999231897537,-0.11102134491965,-0.01635965703762314,-0.04268197319044777,-0.07642989676887982,0.21437924827755336,0.21022547971700514,0.10637293688141146,0.18895274319003133,0.15769421193150007,0.0946598370327184,0.17977762045558657,-0.03042287279575415,-0.06287658999523406,-0.14478176173091428,-0.13512588088859276,-0.09057778888287363,0.10899281407755984,-0.07007315481891753,0.10132752166650472,-0.007779119643526423,0.0799798257425376,0.023926854435329013,-0.04517552992129263,0.10508659661202034,-0.0023561311696904917,-0.01510570663113036,0.026741533521194537,0.2000198966300661,-0.08782002341324376,-0.053293354988270245,-0.40064224471004134,-0.10482840313348787,-0.42412952243460716,-0.3869653937450548,0.05733977428892683,0.014334827894149927,0.1417722807553316,0.09848184085472221,0.2451746044966384,-0.17036697714663818,-0.11921505480827514,-0.08439086235696405,0.19592720609669761,0.010696058153685272,-0.027314834094495113,0.0034291610562797005,0.14031149793861658,0.10491076592771507,-0.16648019359883767,0.028001961900266985,-0.039568381941263296,-0.1848378424649611,-0.051070022256462934,-0.3993406349338553,0.019997964065760675,0.17198970927784488,0.24255241373885442,0.24702776736675042,-0.21588121249138198,0.24147753300295674,0.16929394726004895,0.29144583720854905,0.2671761129388248,0.04399191178852196,0.045883942494111984,0.25313927178333956,0.19302599980566082,0.2141645497577701,0.1272954001767561,0.11003021511496087,0.24281014450505975,-0.12119685170532628,0.044686905703854855,0.011426218205879224,0.23559507118829154,0.14680751629904173,0.26442158645548475,0.28809394911089825,0.21111435009740095,-0.013926715621630876,0.13857864027355551,0.06703822466534332,0.22720378313598652,0.014021571648690292,-0.10969752495176224,0.18961858622875571,0.2436828199540064
#18,0.08039025157669226,-0.09962103860408945,0.2697922884363562,0.08183067505101403,0.51168950152001,1.0,-0.16764391510154222,-0.013044785926141859,-0.07064738081687234,-0.028591457405016726,-0.09520213588010198,0.4266452893571538,0.43399825094740346,-0.07961058130549656,-0.22066797151542913,-0.07558776033352305,0.03941059703771568,0.2890392703952026,-0.013530171157289802,-0.05353118912440946,-0.23315935349833655,-0.12288575169931103,0.18692652590957676,0.04796013270589542,0.09170403068708154,0.022971816192155176,-0.026731816562325036,-0.05968757663672918,0.38925165535335027,0.31685337109065925,0.14279950212153603,0.23335091640176386,-0.011264731603714655,0.03043999315185756,0.07563865868950614,0.15402120147882858,0.08059106872666194,-0.009211214295960059,-0.10195310873276975,0.02233188504374945,0.07467806789840688,-0.19043388534913958,0.24789350213079026,0.04292212088822258,0.11131933165831472,0.018777328946820472,-0.09000865272051713,0.05037641647811139,0.09360346478990547,0.030218353947167508,0.004391602696687443,0.24030548267836405,-0.01390404271760204,0.031306190628224526,-0.21943114146503978,0.09794093014431997,-0.38257517918534867,-0.2680321307439952,-0.08434181485028942,0.12716260173887292,-0.027349074806701925,0.04951253256338002,0.08833409680867307,-0.1006320650388447,-0.1436754165567725,-0.20053628358713105,0.09640981505388285,-0.07724010605366538,-0.24019119273356562,-0.12262709550845144,0.07483539008962738,-0.04449025296482924,-0.01806336382607569,0.1386605403554556,0.02071609359744953,-0.010990343193733024,-0.14474659559405323,-0.23866655561570815,0.11668864550220483,0.29925734671497384,0.32700805582161513,0.4040006107802718,-0.10213449196500043,0.1532512481665024,-0.006534423483576026,0.07256578612510815,0.12536681519732368,0.195808289028628,-0.07714571273893307,0.10220898864966661,0.15960058671923077,0.15004095004095003,0.10512731529680683,-0.14484330247042113,-0.03549049820236261,-0.03154726375065358,0.09803532345905228,-0.004793699708953946,0.10320058116668286,0.18028984300170742,0.2625647218867558,0.30185316287011205,0.11198933910798317,-0.11052948171592239,0.09293021835394717,-0.01620002128476705,0.1038312580685462,-0.12087480392565138,-0.04993082450709569,0.0020650851159325734,0.06502126163143113
#26,-0.01588815317628877,0.31648135037965547,-0.044215401842520485,0.028811245760398303,0.03267350555486149,-0.16764391510154222,1.0,0.18523531235395643,0.1646793172216901,0.31719300193876465,0.21761869727971422,-0.21116478574105693,0.019135005575683543,0.27293873226076615,0.06018406696372798,-0.1885256597121004,0.05441774594316967,-0.13745008490771202,0.0012247995298842757,-0.0266170639051995,-0.0833747460866105,-0.23327364344313498,-0.14821277363650245,-0.06388160116973676,-0.185268627641509,-0.2157988496971548,0.20850927969572036,0.11563597495800886,-0.17797998306472881,-0.14953798174137156,-0.21067893779758187,-0.009170958323500697,0.1192816853833803,0.26594992527195915,-0.03190216410555394,-0.059172115104318496,0.2972177107770328,0.17334268012234114,0.1845056150140896,0.11984850798410121,0.09941235534455874,0.0835565920311683,-0.06853602446822786,-0.07135301711572899,0.16913153523323016,0.05480642429794972,0.12819213666671295,0.15635234618285465,0.24389983203542526,0.062280616517904654,0.1817325800376648,-0.003808122452190249,0.21038835445615106,-0.08052119916526697,0.023986544325527378,-0.14749279325550513,-0.09833284748538985,0.10098881624305353,0.14300818538106674,0.2641809760453828,0.03942031399658518,0.09000680187120864,0.17221690103046036,0.013806873128907026,0.057072789276179106,0.026970576123118498,0.25665496004479055,0.45395086920510647,0.05202320965032829,-0.006648250716047326,0.026348690755470416,0.1675828370743625,-0.2367717486361554,-0.15483835144852093,-0.14000842136435357,-0.25556897421304203,-0.13401259502954418,-0.04797447678803611,0.2381756178366348,-0.022719175261548142,-0.1338460185917813,-0.09530624615370378,-0.11150164031519964,-0.1386721081636336,0.0009948315033060796,-0.0878815641527506,-0.03667087734884345,0.02210515600346109,0.16607069318933726,0.02038525428355937,-0.1358801019817969,-0.12515720651313872,0.18312349329298483,0.011378558836185954,0.07184765659341931,-0.028997256115900184,-0.14419087808918318,-0.07758760301133183,0.008457455915083035,-0.06057644701712498,0.030259998056608225,-0.0827523980066353,0.11743592591050218,0.07675101912390048,0.11437971098988048,0.1638751231971571,0.17401222485968248,-0.06384458418356724,-0.050247782451172285,-0.04388178625466761,-0.008111809806725061
#49,0.4003706325740224,0.3039094564518293,-0.05452648334004266,0.006897189948037405,0.2481901007324736,-0.013044785926141859,0.18523531235395643,1.0,0.337057704854315,0.3355673084486644,0.4199521555453759,0.24249457469796454,0.1947079591147388,0.1945709962659115,0.0770397516160228,-0.3011840808450978,0.157864952780207,-0.009045563282851419,-0.17902432478703664,-0.022169010304603526,0.13004529953682495,-0.18238084000795865,-0.0849271459440951,-0.07769171328493363,-0.03443736494583952,-0.2576396118769,0.10452671469620622,-0.08345618345618346,0.11534724246588654,-0.22905694600609855,-0.019465382177246585,0.014559243372802694,0.22354604219010998,0.07386693318896709,-0.12594751916785815,-0.018984161357042714,0.018599647413206737,-0.2021067292253733,-0.2074903871514041,-0.2618956398617416,-0.04517414178431128,-0.02816992647501122,-0.0009115432844246403,-0.08135639491571695,-0.06797336627845102,-0.13928705284637488,0.030130438605014877,0.0995567215906199,-0.04529722326332496,-0.014366755044721147,0.06639921894159183,-0.04944081215267656,-0.0627539712285475,-0.17299934757561877,-0.07045072807784672,-0.31118792135741286,-0.10906916161153449,-0.15219718948532507,-0.016564175886209783,-0.15560043865128612,0.17539573471776862,0.030077689399723297,0.10831170153204052,0.1403045572537098,-0.07028044994146689,-0.06816122748326138,0.23410837648125785,0.08103804883465901,0.12607522777014302,0.08246042652822314,0.007329363261566651,0.12162856230652841,-0.07253802338548102,-0.1343230750010411,0.09505036623680692,-0.07510376323935646,0.05384166909590638,-0.15960660197948334,0.08528528528528528,-0.14773340366560705,0.19225003123308207,-0.0210108413498244,-0.12737868839563754,-0.029919441783848564,-0.0772382552043569,0.1992443907698145,0.04674042301160945,-0.018827764590476456,0.05461532410684953,-0.0822633110768704,-0.19829397964991186,-0.09523360031834609,-0.2847480762735,0.07131831369119505,-0.10901271070762596,0.10267170097678573,-0.11768393971783803,-0.060683796277016616,0.07003937681903784,-0.056343091936312276,0.04671358569663654,-0.028482257295816618,0.17485945113063758,-0.006310470717250378,0.14808876673283453,0.078143783228529,0.20406724135537696,0.09495782377138309,0.03632661937746683,0.07643683745378661,0.14759967980306962
#50,0.18332107145666468,0.5674051555407488,-0.08778023015311151,0.10693975948213236,0.06135981898693763,-0.07064738081687234,0.1646793172216901,0.337057704854315,1.0,0.3735504379572176,0.4757344401412198,0.23975069059814821,0.25821753957347177,0.4821693804744652,-0.01893881554898504,-0.32770536329858363,-0.0022001971154513526,-0.16227552668230635,-0.015438396794328998,-0.10701009175585446,0.028110699297139975,-0.2815831239560053,-0.2709120522679845,-0.2572467691111759,-0.17379752633989923,-0.31206198494334086,-0.15594793560895256,-0.034093569686790025,-0.08632685073363039,-0.23371645914018796,0.036462656801639855,0.04903038631852191,0.16432164059282703,0.10023274430054091,0.02284457030219742,0.048035554815215833,0.16699149072030428,-0.0421063590555116,-0.20716926479638345,-0.30092218566794837,-0.0316907045720605,-0.06268919150275082,0.026105304071405766,-0.0031871625091964076,-0.079340357306459,-0.2759116589625064,-0.03198961673537945,0.1160898957509127,-0.24674597555953487,-0.3030566776329488,-0.20026235788947652,-0.27120911358199495,-0.2609327355090067,-0.38175895464031057,-0.1856392602155314,-0.28999662220001204,-0.19453583012905046,-0.22865993882943036,0.07988728327711378,-0.24467071077240568,0.3396701786532295,0.12469125519972978,0.1585090483395568,-0.09913102624967032,0.1471337284896607,0.0024107312242905464,0.3960109570279062,0.08566193311956023,0.13964611761221932,0.12210469329113396,0.04075570177265093,0.1339913102624967,-0.16482322075542413,-0.23152875525756883,0.15421924235483558,-0.1826293165276216,0.19967193696007254,-0.00568765992494806,-0.191550410194478,-0.31183201691676266,0.09727693795490405,-0.09134311507192863,0.044710041320210815,0.08616119972052176,-0.022713622713622712,0.5235987913954016,0.38695290051222253,-0.0768338446304548,0.005238366255315408,-0.02039358310544751,-0.1888435430808312,0.2675601641703337,-0.1965754660669915,0.3277284989149396,0.1178093347584873,-0.04278747160103092,-0.3340204611391052,-0.0702323278594465,-0.01578867002595816,-0.12151380964940287,-0.08068546204139425,-0.15496744818778718,0.1159880990389465,0.11453101792084842,0.15194732482868076,-0.021940430415006686,0.0225655547689446,0.2872217363742787,0.008182142080447164,0.21895269691879862,0.13254857322653932
#51,0.3476255916933883,0.45785153412272056,0.16465109176973583,0.5139364325805004,0.16100723219367288,-0.028591457405016726,0.31719300193876465,0.3355673084486644,0.3735504379572176,1.0,0.5186250965911983,0.18512426139544783,0.2861329742685675,0.4059953636224823,0.018372455660591255,-0.26698825173401447,0.43961557859862943,0.01586733112156841,-0.08751139429105531,-0.21104124154971612,0.07495060545908004,-0.3707019808714724,0.04591864591864592,-0.0068305593729322545,0.02994674181114859,-0.17549753142973482,0.30107071632495364,0.21038465275753412,0.024111476653849537,-0.19955348260433006,0.038030788878246506,0.18290833206087442,0.37242789785162667,0.29347390533831214,0.003896037794342879,0.0513235886117242,0.11633605870894007,-0.01633328243497735,-0.03478717546514157,-0.18761874355094693,-0.0001489933693323524,-0.03677036049917406,0.14914282541401186,-0.026483802754989197,0.03544607781895918,-0.14167187218034677,0.14448053600595973,0.19316435079146943,0.141633929769523,0.08468329654770333,0.18848077661636983,-0.037192816853833806,0.09808066926710994,-0.12041856957111194,-0.07861436166520912,-0.2457340237001254,-0.21431169227779398,-0.25505628895459403,0.03627757187079221,-0.005607610692356455,0.17930796744356067,0.10181799673325097,-0.04785926141858345,0.04291610562797003,0.1840461416732603,-0.030162365755586094,0.162320872490364,0.13186884881800137,-0.027759963353183693,-0.0844306556170963,0.14013798081594692,0.3118861542590356,-0.35373709610997744,-0.260475575729813,-0.16819130378452413,-0.2798858951401324,-0.13899970849123391,-0.11854134565998972,0.10232374130679216,-0.10876469690029011,0.021062202418134623,0.019210890397331076,-0.20622209266277064,-0.024384939639176928,-0.053996677725491285,0.1055479208021581,0.10803777583438601,-0.0050250558725134994,0.10181753402092385,-0.008326045614181207,0.09300980487421165,0.07370174488818557,-0.015085810001064239,0.09314445416140331,0.03158520616147735,0.16287520185825272,-0.04699722835316056,0.05685346363312465,0.06885946038488411,0.02875016773321858,0.03260918854139193,0.12173174715547597,0.024068444407427458,0.2147753300295673,0.23539055233970488,0.13753476126357483,0.26139498512379866,0.058834797817848665,-0.10511574748862884,0.20037155799867665,0.17093565059666754
#52,0.2889906856008551,0.49140743208539817,0.06660882762577677,0.2904486921436074,0.01061462078411231,-0.09520213588010198,0.21761869727971422,0.4199521555453759,0.4757344401412198,0.5186250965911983,1.0,0.07802208988649667,0.31759047182775996,0.4534474381932009,-0.09370942591281574,-0.25028526214966895,0.3452958351263436,0.012699602530111005,-0.1886376360952632,-0.1615384259452056,0.1872494991139059,-0.20353419675453574,-0.22110893636317366,-0.03654640773284841,0.06279468991333398,-0.2831850340324917,0.14353614014630964,0.28815826612436785,-0.006462240360545445,-0.26322316152824626,0.12925082247116146,0.019620853519158606,0.26992832586052923,0.16721266721266723,-0.1754239601697229,-0.032043291365325265,0.019184515794685286,-0.10899373950221408,-0.1972514887769125,-0.33376411850988125,-0.2100477981833914,-0.06768000666305751,0.11514503717893548,-0.02127042296533822,-0.06005173123817192,-0.08755211297584178,0.17090464887075058,0.2542613491766034,0.00444990444990445,0.07546421614218224,0.11946677031422794,-0.06586154721747942,-0.04966337678202085,-0.16295062396757312,0.06057228260618091,-0.3141159649634226,-0.1464049565744481,-0.16063474877034198,-0.14657060758755674,-0.21955746193034328,0.28965560321492523,0.17556693827880268,-0.19660276609429153,0.07428059800941157,0.23427865461763767,0.01717773243196972,0.18701351582707515,0.13310475344373648,-0.03086892747909697,-0.013630579732274647,0.01919191919191919,0.1498632685073363,-0.20371650541142067,-0.18791950656357437,-0.1088368800233207,-0.2819926243655057,-0.03621510570663113,-0.024072146106044412,0.08112596417681163,-0.21252886168140406,0.05718754193330464,-0.05705520620774858,-0.18019359883766664,-0.01564060208128005,-0.21533012210978314,0.2289061017874577,0.157080192673413,-0.08667712396525956,-0.06038951123696886,-0.1537986368494843,-0.15164147198045502,0.12000953187393866,-0.18984947967998816,0.026223295714821137,-0.08994942554264589,0.18867187680747002,-0.09207605139808529,0.09586797891882638,0.136323380391177,0.06969419342300698,0.06398154703239449,0.0003817376698732631,-0.04463369378623616,0.2396123396123396,0.22845495726851658,0.0333930232235317,0.2232989538074284,0.25221245899212,0.019099376726495372,0.19048061929417862,0.157336535302637
#53,0.29784561140493343,0.13676249438961302,-0.05605389673186283,0.24753721363890854,0.5109061295501973,0.4266452893571538,-0.21116478574105693,0.24249457469796454,0.23975069059814821,0.18512426139544783,0.07802208988649667,1.0,0.4929158742718065,0.1418157757140808,-0.34496545852478055,-0.34266762910830706,-0.1176594159645007,0.016170870408158542,-0.10368504097317657,-0.004131558368846504,-0.11345428633564227,-0.21647949953034698,-0.016468857146823248,-0.19221856679483798,0.003727147794944405,-0.023967573120115493,-0.04768481887125955,0.11837708278386244,0.1605426690172453,0.2288376203630441,0.3186713678239102,0.2452088452088452,-0.060291416223619616,0.06909590638404198,0.18014593946797336,0.11737022076005127,-0.08646427629478477,-0.03759491386610031,-0.2312016176422956,-0.270242044818316,0.05821152431321923,-0.1865161000754221,0.16318660725440387,0.166590319132692,-0.04756127467991875,-0.11427143630533461,-0.0008847059694517322,0.23188782002341324,-0.18231050773423654,-0.08958203195491331,-0.12476066204879764,-0.17112767621242198,-0.33517677924457584,-0.25833414307990576,-0.5050403253793084,-0.2704086212560789,-0.26726402828097745,-0.3339015440710356,-0.03705168959406248,-0.310007542210932,0.240169445254191,0.18713428374445323,0.26261469481808464,-0.1322862153370628,0.14476973121040917,-0.012579760037387156,0.35813286321760895,-0.08021858530333106,-0.13665653326670277,-0.07405942151704864,-0.003150608235353998,-0.03334999097710962,-0.2834316597028461,-0.10399644636932773,0.1129124502005858,-0.11043555111351722,0.2070596019748562,-0.391146462332903,-0.12372233558674237,-0.05843223809325504,0.3345581328632176,0.25793621047858334,0.07178704127856671,0.3929556675319387,0.11075297176992092,0.5334906555245539,0.3715663274985309,-0.06918983698644715,-0.031945659064303134,0.1506309082580269,0.2735795888338261,0.47598060309924717,-0.15705844519403842,0.26383532993702485,0.10995618114262182,-0.20983587593757086,-0.1755937755937756,-0.17548550090922974,0.02190804055210835,-0.02958490077134145,-0.16371271117033828,0.08575447558498406,0.21547402564351717,-0.07550123312835177,0.14128828366116503,-0.2149729081932472,0.003301915166321946,0.11876437300166114,-0.05413595413595414,0.25078036433968637,0.22875757113045248
#54,0.13500048584794347,0.2613954478361258,-0.019888301244233447,0.2708333911723742,0.30381691398640553,0.43399825094740346,0.019135005575683543,0.1947079591147388,0.25821753957347177,0.2861329742685675,0.31759047182775996,0.4929158742718065,1.0,0.37511579375986154,-0.3594557577608425,-0.43443597680885815,0.13738530518191536,-0.08095429790345045,-0.0575521592470745,-0.07208641615421277,0.021360189156799325,-0.21801200275776547,-0.15142075820041923,-0.20993767264953705,0.02318235030099437,-0.21927011757520232,0.06725708759607064,0.23366833705816756,0.2306273916443408,0.051986655376485884,0.023511801477903174,0.03506572828606727,0.056383347908771635,0.0944011808418588,-0.1414622634961618,0.013017023186514712,0.2139975106076801,0.054737017448881854,-0.22790710587320756,-0.3218006912922167,-0.07125029497910854,-0.28089136902696227,0.5076676059726907,0.3294923583059176,0.13800302613861937,0.017770929635336417,0.16451366620858146,0.3543534289297001,0.07556925184043828,0.08604505892641486,0.157336535302637,0.10197578163679859,-0.055318184131743456,-0.12124960091061786,-0.2471198471198471,-0.2356982560372391,-0.11901377494597834,-0.1664593715441173,-0.16040616888074516,-0.04905722363349482,0.24289713442255814,0.16431192363395752,0.05928964403540675,-0.1971885599004243,0.08295784227987618,-0.10353743574082556,0.4445638242248412,0.28453800487698794,-0.381247657518844,-0.38042819398751604,-0.16735564532174702,-0.15296390381136143,-0.26277664413257634,-0.15432520347774584,0.05248731011442876,-0.1709560099390608,0.01718837481549346,-0.271617225854514,0.18090756395841143,-0.031198378656005776,0.434823729738984,0.3810098233827047,-0.05794962913606981,0.028472540336947117,-0.3096433876094893,0.3238639255588408,0.25382362331514874,-0.16668101074880737,-0.2600272074848346,-0.14260655108112735,0.3169519288163356,0.43999268914523154,-0.01566929024556143,0.014871111481280973,-0.10197948333541554,-0.13838291295918415,-0.1972130836537616,-0.02672071146647418,0.008338538847013422,0.1502288112457604,0.05983240559511746,0.014243210853380345,-0.009974226923379466,-0.02346136583424719,0.17930935558054203,-0.10590328386938556,0.08283568622551674,0.09613033680830291,-0.08448710652100483,0.2238611492848781,0.17376930088794496
#58,-0.026568016398524873,0.3345026073839633,-0.22271177186431423,0.32323232323232326,0.08856036313663432,-0.07961058130549656,0.27293873226076615,0.1945709962659115,0.4821693804744652,0.4059953636224823,0.4534474381932009,0.1418157757140808,0.37511579375986154,1.0,-0.14205499798720136,-0.3248518163772401,0.1142543159492312,-0.35553612163781656,0.13471823132840083,0.18202501422840406,0.0665755123382242,-0.12511880138998782,-0.2671585298703943,-0.24776995793944948,-0.17136504763623409,-0.006705164332282977,-0.038502755451908,0.16457890864670527,-0.28649805429466446,-0.09406710254167881,0.09423830610271289,-0.16438688303095084,0.263315241281343,0.09913333981130591,-0.08960007773567095,0.01332842858266587,0.06633906633906633,0.0779332491196898,-0.20252409574443472,-0.2332042365940671,-0.12761143269617845,-0.15158918548749056,0.26467469009841893,0.3192752074108006,-0.13701374718323872,-0.025810093606703777,0.16744633693786237,0.3223957393448919,0.02726301031385777,-0.1539069115340302,0.10167270506253558,-0.18783159122142173,-0.18360332597620732,-0.29847351203283407,-0.27203551779822965,-0.1856054822156517,-0.1459903663293494,-0.04728596084528288,-0.08263764534950975,-0.23902978479249665,0.1427796054914699,0.026965486287520185,0.19207929038437513,-0.2089048987354072,0.1586150094624671,0.17191706344248717,0.6322843644877543,0.2687743213166942,0.13422821897398168,0.04448007329363261,0.1605671927705826,0.08906980940879246,-0.12276961090520412,-0.2752337854032769,0.12904306463628498,-0.114937279344059,0.07254218779642509,-0.14287723779249203,-0.038771591313964196,-0.08836694938389854,0.027894612640375353,0.16358176358176357,0.010487374894154555,-0.08134528981986609,-0.18927340283272487,0.3003044647112444,0.2245751144056229,-0.245107048496879,-0.19121309290800817,-0.054536200298912166,0.11681820495379817,0.36004247699162956,-0.14509270441473832,0.05988931921135311,-0.012195246093551179,-0.12686276415089975,-0.18623292013122522,-0.03380437448234058,0.02174562852528954,0.12716260173887292,-0.04456613778647677,-0.16251983879102525,-0.15042453856013177,0.33752180531841547,0.17425052170814884,0.08008532415312077,0.24282402587487334,0.11443616189378901,0.007620872027651689,0.029093500279940957,-0.006246153703780823
#101,0.057199572453809744,-0.11037493579866461,-0.042864744559659815,-0.08032177015227862,-0.24908915078406604,-0.22066797151542913,0.06018406696372798,0.0770397516160228,-0.01893881554898504,0.018372455660591255,-0.09370942591281574,-0.34496545852478055,-0.3594557577608425,-0.14205499798720136,1.0,0.2068555458385967,0.15380418939740972,0.02048242387225438,0.4179916434153722,0.003569825603723909,0.2919432529602021,0.029235090252039405,0.37235062489299775,-0.01425616679853968,0.3608355659203117,0.06418143875770994,0.053472424658865335,-0.2816839952433173,0.26744679965018947,-0.02317124520514351,-0.037098886251428626,0.025499613635206857,0.023753800024986466,-0.09822133381455415,0.10348561196018823,0.029633022853361838,0.19452379960854538,0.07082043522721489,0.35691731793426706,0.11513902191868293,0.14663492460102628,0.24010975536399265,-0.08107043869755734,-0.18213699061156688,-0.1772137314510196,-0.21048321048321048,-0.07922791821096906,-0.1806646399866739,-0.1083209557785829,-0.18530379377837006,-0.06089849479679988,-0.08623893539147777,0.0357227797905764,-0.03869709462929802,0.35964593252728844,0.23982935169375846,-0.05060869806632518,-0.03718726430590837,-0.020724885131664792,0.01636520958554857,-0.32299125010989416,-0.24374991324143866,0.058288334559521,0.23539517946297608,-0.23767450038636478,-0.06127606805572907,-0.15272653238754932,-0.19397317193927363,0.47180971418259554,0.1712345627599865,0.24253575609507813,0.2417889383991079,0.15881490118778255,-0.029763045017282306,-0.08912949929899082,0.007648634767278835,-0.16079854893414217,-0.0005233276419717098,0.3328803379650837,0.19268220454661134,0.0019952155545375884,-0.1623689945723844,0.0107645395780989,-0.1251882082390557,-0.002690672182197606,-0.41695100339168134,-0.36640801047580707,0.0972584294618193,0.1902599055141428,-0.08451672010994045,-0.25183858743180776,-0.4375389256745189,-0.1429318378470921,-0.16947856947856949,-0.11140724700046734,0.24212301669928787,0.1485315824298875,-0.052716815428679835,-0.06411342004562344,-0.13320793829268404,-0.025867469935266545,-0.016237038270936578,0.06003738715603123,0.12195940162041857,-0.15484344128411925,0.049537056316717336,0.06392278256685037,-0.2320224693106049,-0.11142853176751481,-0.2180587367028045,-0.17554148910081113
#102,-0.14105600207295121,-0.20229690399181924,0.3320432913653253,-0.07851163952858868,-0.26281736281736284,-0.07558776033352305,-0.1885256597121004,-0.3011840808450978,-0.32770536329858363,-0.26698825173401447,-0.25028526214966895,-0.34266762910830706,-0.43443597680885815,-0.3248518163772401,0.2068555458385967,1.0,0.16259479818801853,0.3708574522133844,0.02107839734958379,0.044025227076074536,-0.09375986155647173,0.5589888810227793,0.3403369471166081,0.46628539170912053,0.15486518876349384,0.40156304224100836,-0.026163605824622772,-0.1368004368004368,0.09373811407709713,-0.09489535760722201,0.02321797915018254,-0.09022011225401055,-0.14173665190614343,-0.2285715607749506,-0.04349449603686892,-0.07353887014903963,-0.26090265920774397,-0.18353438183946658,0.04517691805827399,0.37128684925295097,-0.08718240582647362,0.03941013432538856,-0.010077874484654145,-0.11513208123377615,-0.0733949666153056,0.08661003067782728,-0.20475390644882172,-0.29432251974624857,0.018723191604547537,0.007313631042444602,-0.022380932550424077,0.25506878218742624,0.14847744508761457,0.4782344748446443,0.24606440030168844,0.5494297070568257,-0.047369711776491435,0.12448719906347025,-0.11140724700046734,0.05397354210913533,-0.29329807465400687,-0.2296108126616601,-0.39691370877811555,0.06148475131525979,-0.06811310540124099,0.17399371636659772,-0.471182276267022,-0.25817080562843275,0.0776306352577539,0.24963006149446829,0.17483677822660873,0.04956389363169024,0.22661567576821814,0.3481780702119685,-0.31638880791423163,0.24011530791191807,-0.30595695849933136,0.3751958429924532,-0.11081590064640912,0.32263866331662944,-0.09623490979423183,-0.1547430327091344,0.023941198517469703,-0.09763045017282306,-0.0029007435787096803,-0.3865100848151696,-0.30158293887107446,0.042464035684374665,-0.09939014515285702,0.05291254274305122,-0.07731691629996715,-0.3174146411434547,0.1460921630413156,-0.31461615698903833,-0.12558475270339678,0.39733477699579395,0.5392042273398205,0.2525793898675255,0.11426542104508206,-0.03628266170639052,0.17207160935974494,0.2627951526256611,-0.27713738391704495,-0.004048732862292184,-0.1639621131146555,0.01649847073575887,-0.0673237181711758,-0.1554283096655978,0.11371062896486625,-0.2484487569233332,-0.2857655806808349
#201,0.2040126413007769,0.08584331635179093,0.5456803490701796,0.2460445036716223,0.052727457812203574,0.03941059703771568,0.05441774594316967,0.157864952780207,-0.0022001971154513526,0.43961557859862943,0.3452958351263436,-0.1176594159645007,0.13738530518191536,0.1142543159492312,0.15380418939740972,0.16259479818801853,1.0,0.4937811463235192,-0.12172156748427936,-0.4416723348926739,0.11884997478217817,-0.06419994725079471,0.2538657301369166,0.2247018975832535,0.3871398362923787,-0.07434861672149808,0.2936303021048784,0.04147892113993809,0.28571607046183317,-0.13932915966814272,0.05339330085092797,0.1456132557827473,0.31650865040695547,0.18870287853338702,-0.14142293294835667,-0.05398881161593026,0.04320992795569067,-0.11725315454129014,0.045355987728869084,-0.04621987164360046,-0.14301096165502944,0.11372451033467983,0.24248115604047807,-0.16162217687641417,-0.07145018670442399,-0.17533835838920583,0.18710513286784472,0.10643679118255389,0.2411258716343462,0.1836995701402481,0.24881985220968272,0.3589301165572352,0.3020132613352952,0.3245376347071262,0.3344771582059718,0.20219788355381577,-0.1429540480387938,-0.28260618091126566,-0.16619099839438822,0.02983892983892984,0.052353123539564214,-0.036799511375782565,-0.4190711512745411,0.1562153833340274,0.05222587764960646,-0.083835144852094,-0.2477278511176816,-0.06706136028169926,-0.16721127907568586,-0.18495953580699342,0.1777250285724862,0.3515484668027041,-0.12824812485829434,0.058149983573712385,-0.4083986914495389,-0.1716001054984106,-0.4123553445587344,0.12609743796184475,0.2205846832965477,0.10977526062271825,0.06840692772896163,-0.052985651290736034,-0.22927719707380725,-0.15034911645081137,-0.32839665551529956,-0.14665852292970938,-0.09965296575466066,-0.09591980269946372,0.06568062669757585,-0.15065404387438286,-0.11907439026083094,-0.16762957101940154,-0.1277530226682769,-0.2636793958827857,-0.23931296473669356,0.5753827787726092,0.34112679705900045,0.5973181193520176,0.4057038548563972,0.32078226146022754,0.36347441432187194,0.4277284989149396,-0.1435014367217757,0.38251734014445876,0.20554236825423267,0.27792723385943724,0.21529726953455766,0.03638538384301096,-0.05251784912801862,0.03796091931685152,-0.050090922972278906
