,#10,#11,#12,#13,#17,#18,#26,#49,#50,#51,#52,#53,#54,#58,#101,#102,#201,#202,#301,#302,#401,#402,#501,#502,#601,#602,#701,#702,#801,#802,#901,#902,#1001,#1002,#1101,#1102,#1201,#1202,#1301,#1302,#1401,#1402,#1501,#1502,#1601,#1602,#1701,#1702,#1801,#1802,#1901,#1902,#2001,#2002,#2101,#2102,#2201,#2202,#2301,#2302,#2401,#2402,#2501,#2502,#2601,#2602,#2701,#2702,#2801,#2802,#2901,#2902,#3001,#3002,#3101,#3102,#3201,#3202,#3301,#3302,#3401,#3402,#3455,#3501,#3502,#3601,#3602,#3701,#3702,#3801,#3802,#3901,#3902,#4001,#4002,#4101,#4102,#4201,#4202,#4301,#4302,#4401,#4402,#4501,#4502,#4601,#4602,#4701,#4702,#4801,#4802
#10,1.0,0.42200148812920246,0.2598246198651554,0.4790534402716977,0.23283379057548603,0.17987008540766067,0.09573874659350792,0.4802183806780574,0.16153870733611178,0.3654507525095062,0.29237904385416336,0.22144092903084445,0.2457914701894854,0.022127476981927904,-0.11804607722751487,-0.08107656561691172,0.28807807657018175,-0.023936056092428343,0.02945400265672146,-0.006200842664572939,-0.050877585396248634,-0.117223497833996,0.18106515358315037,-0.060428088210456164,0.0832503298077757,0.18655753719181803,0.1423208424819804,0.049620435757097146,-0.05116882049783856,0.011062369046912589,0.030637202317099335,0.06256624685598469,0.01045616181350911,0.09544933741731981,0.06865753399644857,-0.028016086402790016,0.06052029744324795,0.04102215303993755,0.022086393660387005,-0.05423363628478958,-0.1112025088215021,-0.011092496816042581,0.17495925903947193,-0.15350463556811386,-0.09808323480944187,-0.016491758229217546,0.0013274477671214742,-0.12466049199559952,0.05235019423281462,-0.08695969726156838,0.0634527336385672,-0.008999073342858578,-0.07396732506493447,-0.18467135625174033,-0.05366303459672155,0.021322243879726293,0.0007641497806607111,-0.047521534507707686,-0.17186796733419457,-0.10814317081075653,-0.028622293636193494,-0.022595826847494147,0.1441248567789763,-0.06730178438559893,0.15171066386082796,0.10242619837766528,-0.03757115403050208,-0.2433775968082824,0.08160790990884068,0.07172143682069869,-0.01889467605800965,0.12559901765213383,0.06581548110851931,0.07088516298666618,0.19302770385315907,0.09986259911351322,-0.025846887025430577,-0.0798586733738993,0.07529659875745777,0.06937968749286748,-0.020530705218038316,0.2545577380436122,-0.28988756864338305,-0.03272058320057334,0.14413216048058355,-0.16421368804977474,-0.09425335627912922,-0.03641899510195511,-0.09692651106739034,-0.03737030223630214,0.015558710348888696,-0.006451907407322874,-0.031425089127983676,-0.1805931518667805,-0.12060876352896602,0.049446972843924464,0.24714995868843778,0.051289331574358527,0.11677888499865338,0.2447506927104493,-0.04010462552552416,-0.0384594667384864,0.09380143974217933,-0.049558354293435344,-0.009542286149899345,0.026430270191311334,-0.005569985438244921,-0.07033190758991541,0.11567054827975003,-0.20284935658953654,-0.13566625735505575
#11,0.42200148812920246,1.0,0.21768500047930542,0.1983530152875604,0.21484933833028252,0.15015588838118019,0.14004026165511008,0.1983530152875604,0.20795920882652338,0.44989706345547253,0.1729963892325179,0.12443042539497048,0.023378235882173033,-0.08929779473859595,-0.076836766833891,-0.18664426864840436,0.12704606353307435,-0.03646007842349601,-0.000288496213487198,0.0737025658816709,0.06073666960336335,-0.08619006970470222,0.14656794496660838,-0.11185892900345556,0.01823277809985073,0.012314953872559537,0.03693025421446407,-0.028873358378943427,-0.003587030451870889,-0.034282662381828394,-0.0833334094135584,0.044870290824268376,-0.2133529924634929,-0.0015173440089105159,-0.04385325037545591,0.0904262166369193,-0.01962869806954037,-0.08081454532175088,0.13717173284885445,0.11327767304066792,0.019646044360857637,0.14535644346250234,0.20496743005564508,0.06660062903130093,0.13616290906435016,-0.014739782806173454,-0.11331145266060155,-0.14582388036536767,-0.12782482071694962,-0.1057073863247317,0.08959633354179315,-0.0006016424198989351,-0.04150967512222288,-0.08865506899715613,0.037650581785481155,-0.03970839971332971,0.027831667937206424,0.0462753404209671,0.09576430954913337,0.1124505288336445,0.04115544559427024,0.06163046008755312,-0.017043187700566495,-0.08092501380856085,0.07587359118443215,0.10311365929144965,-0.015181656753413339,-0.08229354489722322,0.10163283379057549,0.03835173713977916,0.0211268698617318,0.13652261636850826,0.005549900258824926,0.08790278773160723,0.03974126637056243,-0.04486481304806292,-0.05527441376382568,0.0020815549580721878,0.050933276121004074,-0.05705103917979431,-0.044846553794044744,0.2240766523483683,-0.16035094286222937,0.008533462365395062,0.10909630387050537,-0.10748218581529852,-0.0010106497099061018,0.2382869167880146,0.09103059794492097,0.1962367677468537,0.16129129444416548,0.19174681718378395,0.13815042886422876,-0.10560239561412718,0.0572664983772088,0.148344570382577,0.1096778611109843,-0.07020317984908726,-0.0245915633116809,0.10122656538867104,-0.11985283041261349,-0.09295877516924046,-0.05405560855811236,-0.2157549973295841,-0.047356288258843186,-0.16885701634659717,-0.05597374319272186,0.035513336102653524,0.03708637083631948,-0.08237662450300592,-0.009373388050231208
#12,0.2598246198651554,0.21768500047930542,1.0,0.2732186956501892,0.0471618272035496,0.18322704925890254,0.04228204156719177,-0.07356288258843185,-0.19661016949152543,0.2379755965070047,0.05796674076880589,-0.07524638580890777,0.012177096504722299,-0.18686885747282794,-0.38114001652462487,-0.33024143298625536,0.36721459644766213,0.6080459402831098,-0.3351139149210059,-0.402323490073813,-0.2902500148356439,-0.2228286323362259,0.2688054339539958,0.03426896794131476,-0.09627739458704415,-0.05841591841765305,0.4068161795249855,0.34939995526482764,-0.070876946322358,-0.36048423541656205,0.3418470148402087,0.013464373913003784,0.15510962399631162,-0.22484171509172993,-0.33906886934134306,-0.33891183975678674,-0.344818708431667,-0.532769426705072,0.1607562983014329,0.013423290591462887,-0.14953142189375854,-0.24601240716310535,-0.23435113458439655,-0.29368823236726666,0.18738468139884146,-0.32954119059465825,0.0885902486453916,0.148414868510547,0.27686050386411465,0.4002309795633299,0.5172444959761169,0.5567164383499112,0.6354056065039463,0.2529144051819763,0.4070955461114636,0.04200815275691912,0.07192046268949683,-0.24347254492917692,0.36823985356078276,0.3404940041174618,0.32274600921179364,0.37339352800741327,-0.39232380961075836,-0.21953101106054312,0.47862160891416783,0.17860015429069645,-0.31829257715676024,-0.16951252356584973,-0.2969192073657831,-0.38117379614455854,0.0668973419090963,-0.18988985105013534,-0.234727275217171,-0.03021906540008308,-0.3240433292097851,-0.04500540930400288,0.0397275719300488,0.43082435967078564,-0.16657460959432502,-0.14836465556199702,-0.2340151643104621,-0.05006139674163612,-0.10093076547357657,-0.3122122455687073,-0.18099942026868493,0.18908461794793374,0.3443850511487353,-0.042622576654630775,-0.08715507127956287,-0.28251448187084316,-0.2566365541135817,0.21237429644811862,0.2394189905371416,0.27358479369325367,0.21775073379377086,0.46016150310179077,0.10568364929450808,0.5640648751295266,0.5628771106556442,0.3970794323197926,0.47964230121378393,0.5202463173367052,-0.023359063665453948,0.40311046392199645,0.3557651312155642,0.13241976199062389,0.39375898697658707,0.35311845234562944,0.3100174832357224,0.17325019286337057,0.05189188695695837
#13,0.4790534402716977,0.1983530152875604,0.2732186956501892,1.0,0.19852191338722858,0.21062140806237362,0.2841596406578809,0.19412417205695062,0.04119835484121296,0.4201655201376748,0.23216641484112166,0.1581561805292445,0.3283424705683649,0.047226647555314125,0.028485349231057167,-0.07363409367910274,0.19173129681786852,0.04954009503941716,0.15971917267320043,0.042111317542121815,-0.009821652736377456,-0.09476461539163818,-0.08653060479214121,-0.12830503909762767,-0.18592211515198548,0.1156869816083664,0.08109938968443445,-0.007153062761620874,0.03420597351495205,0.1447858417744343,0.1060789621440016,0.10984493328525063,-0.003109550959295558,0.08892348003122333,0.1287916482172121,0.0021956752956857947,0.19001583990286078,0.11720706450537963,0.07336385671963372,0.05496035459471303,0.050935102046405896,0.1748433127764565,0.12721404867004157,0.07296215313123382,-0.1422587610183186,-0.01286912223201121,-0.026141773977824138,-0.0714849794811633,0.06036874563489709,-0.06252151168364016,-0.02451122259400092,0.03759762994882844,-0.022434232449433277,-0.18076935366805588,-0.026823757115403052,-0.021282073520886305,-0.05189736473316383,-0.13130594749551508,-0.075093921037856,-0.1277116133420369,-0.037395865191927585,0.008031332879895192,0.15152076761903893,0.010132973017387375,0.14205699626141774,0.2764496706487056,0.09692012032848397,-0.044009366997311325,0.24352914861663327,0.17852529134922193,0.27424486572601076,0.12683973396266895,0.16850278681864453,0.12232878525747831,0.19727937115129163,0.14775114462698627,-0.04366974487257323,-0.19822520050943318,0.11018729429809145,0.1636120456298758,-0.1093464556505544,0.12883181857605208,-0.13349705797769632,-0.04822086393660387,0.10116722281311197,-0.169810149406346,-0.2089187326251786,0.03966640342908791,0.011756220699603318,-0.13015104967886537,0.13659108857107644,-0.1342055170336016,-0.06908114868967029,-0.1480862019382198,-0.18481651732118484,-0.0849310941401489,0.24215422678906454,-0.04107784376469299,0.18030830750409693,0.1974720062811834,0.09197094952685708,-0.054236375172892315,0.11172107163561833,0.07902696435337134,0.084890010818608,-0.05512468788087663,0.020419323768527436,-0.019001492694015985,-0.0054193465925949594,-0.22569168336627607,-0.20341813235220274
#17,0.23283379057548603,0.21484933833028252,0.0471618272035496,0.19852191338722858,1.0,0.2667932641611927,0.2886030301232043,0.1861120113937745,0.33601683503220475,0.2574408742530824,0.05740709463314876,0.41617313424660035,0.3052125605408391,0.21675103963627565,-0.0711252721770052,-0.11832453085129208,0.052820370023782676,-0.15651558655571127,0.02499783171358534,0.14231171285497132,-0.0980978422126564,-0.13017935152259355,-0.0885920745707934,-0.07537054873623138,-0.21250941492785314,0.15818448237297264,-0.1475676391241036,0.19381285177594068,-0.04478447233038294,0.16525537849151173,-0.14453021221817983,-0.08865050418365157,0.046329205220320725,-0.0970351536287985,0.13531659264060766,0.29781482377537466,0.10316478520270055,0.08170924876864155,-0.20309220466797828,-0.12008289701324253,0.06380057242761347,0.14291700712567387,0.15183300086274976,0.20676961842723915,-0.1918746319619112,0.12826030392528312,0.1365883496829737,0.09736108131302296,0.17073406765966576,0.020915062515120944,-0.04035021249206864,-0.29464136542701547,-0.09729260911045479,-0.3388972323535722,-0.26332491886043996,-0.22341384142750847,-0.1315141029913223,-0.06765692687625247,-0.10463009033765926,-0.16213578494250616,-0.1406081244550754,-0.07375003994211816,0.3451145083467615,0.05828992956492762,-0.0523584108971228,0.0957058799362752,0.2476977363089831,-0.0691450560787339,0.2622138432534339,0.32213797605298833,0.00018076661477995317,0.07272660875439933,-0.030445480149908475,0.16974350312917966,0.23700055234243406,0.08965202426654859,-0.09235804571204244,-0.2284579603500299,0.1373944957478762,0.0712485221416279,-0.05220229427526738,0.24801453436619847,0.015939415795167687,0.2126217093400649,0.5460274710476704,-0.14720610589454367,-0.16034729101142572,0.16401192329287387,-0.05290801444306993,0.20658519996165556,0.2926940159859769,-0.08004217887678199,-0.004468952420948842,-0.24896949335134913,-0.10679016008800961,-0.10727585624489311,0.009607106501663874,-0.06844755257523955,-0.12006555072192526,0.021520356785823515,-0.17261111897273437,-0.2226843842294823,0.01577964732250864,-0.012500285300844034,0.05067034286314233,0.15187317122158975,-0.05871080537004661,-0.010101932285556474,0.15413457983174098,-0.1924653188293992,-0.20741690898218354
#18,0.17987008540766067,0.15015588838118019,0.18322704925890254,0.21062140806237362,0.2667932641611927,1.0,0.1574166807415083,0.06289491342831188,0.0026466788699347687,0.2615957675049186,0.12251594261116462,0.19755325996156428,0.5090844353553936,0.2429548950777616,-0.12566292504119744,0.0100736304418283,0.1262956081929273,0.12834520945646766,0.0555136099914638,-0.048048313986132095,-0.16743735934668388,-0.19262965211556282,-0.1350536593827459,-0.16083572605641197,-0.29602359095619146,-0.020955232873960936,0.26455924443206874,0.18384512500741781,0.2083116124290742,0.35125692139847625,-0.015776908434405913,-0.011441248567789762,0.05563685995608649,-0.12180383170445572,0.2755704875677304,0.15503841290564074,0.11265229359054536,0.11543500390291554,-0.1970210027069344,-0.060045556838775355,0.04791776031990213,0.11867510852844107,0.13017204782098626,0.03683895794437318,-0.1113157161964148,-0.12243286300538192,0.1763469623448534,0.05130393897757307,0.2708331241127144,0.08335075570487568,0.10479807547462648,0.0275093921037856,0.03205959820511533,-0.30376277577179583,-0.07905617915980043,-0.1393829285104557,-0.1356525629145421,-0.14511998612296695,-0.1458887007171322,-0.17314520215276605,-0.10343228327406684,-0.1364769682334628,0.24555957766345457,0.08488909785590709,0.3163890499253653,0.2649454276545532,0.09421318592028922,-0.04716365312895142,0.021323156842427204,0.08697613059018473,0.05519316008344479,-0.017557185701178177,0.10416539232289665,-0.008207534681170602,0.09085165725554283,0.033811573628159425,-0.08453760721605719,-0.09477830983215181,-0.057176115069818824,0.17984634837743704,-0.09002725193662213,0.23841747045424458,-0.03127079843153008,0.22690592375848484,0.35363518923434384,-0.26696490114896354,-0.13327977285488002,0.13585067582063934,-0.020891325484897316,0.004746493082025134,0.15012210876124657,-0.24970077647477712,-0.010458900701611836,-0.17779583415119576,-0.06901267648710212,-0.13862425650600044,0.09340612689268579,0.1461032469518458,0.1118525382645492,0.0762798595863366,0.10388602573641854,0.09489790794597086,0.07511309325457509,0.16084759457152378,0.23478479186732826,0.0425011526154099,0.0676496231746452,-0.030773233759534755,-0.04392354850342589,-0.03206507598132078,-0.0010480811806433648
#26,0.09573874659350792,0.14004026165511008,0.04228204156719177,0.2841596406578809,0.2886030301232043,0.1574166807415083,1.0,-0.08273907069526674,0.19694613976545988,0.3374556642488371,0.07485928962372242,0.26053946965996705,0.3663381522547896,0.22114421615304908,0.06697311781327174,0.043093665408299744,-0.06641894945382007,0.01237520941081952,0.0733401196894101,0.21276687040950942,0.016279037919905783,-0.09305098440203226,-0.16406943994303114,-0.1412371557560016,-0.3795505484623426,-0.09672200742238676,-0.09235074201043517,-0.017562663477383632,0.16574472649919889,0.09623905015360597,0.061126504676651434,0.11303482496222617,0.06623909580174102,0.08364107784376469,0.2840646925369864,0.2883218376113244,0.2789320162324768,0.20024832585464722,-0.10467665143540561,-0.026358146137939534,0.05913898487677286,-0.01936485184897771,0.11454760415763214,0.1086033040120146,-0.04591563311680901,0.022859673068056804,0.09917513819972885,0.118966343630031,0.03125619102831554,-0.008024029178287921,0.019921759096532113,-0.10621134173563339,-0.06777835091547335,-0.20031862398261718,-0.11135588655525479,-0.19408308873540972,-0.16130772777278185,0.008828349317788621,-0.175179283050391,-0.07446215084882707,-0.18046990190215778,-0.1682754591061182,0.18549941342146467,0.014994499399727024,-0.12489786229783582,0.049841372730717086,0.24401210588541405,0.26251329501933196,0.18066436295745136,0.1868624667339216,0.16631989300077146,0.17332962061834964,0.056992609566936143,0.05433680106999229,0.20207607718186674,0.11321741750240794,-0.050917755755088626,-0.24249567483920445,0.2803900176658283,0.05777593156431594,0.06636508465446644,0.2952201837793917,0.15745319924954465,0.18056028520954776,0.18925351604760188,-0.31575636677363544,-0.2556943766062438,0.0880442969502481,0.04770230112248764,0.07852118301706784,0.24372269670922594,-0.09594598912661423,-0.020115307189124788,-0.3434958254780501,-0.23864205927866816,-0.12330200349664715,-0.10632728799864881,-0.16941209766874973,-0.11975331747821442,-0.025155774260842572,-0.044446676131046664,-0.07636841696832476,0.24914660811532544,0.08016999365490923,0.11014438505114874,-0.06571231632331662,0.05280850150867086,-0.14421067527286172,0.13122469381513419,-0.2568629688634071,-0.23398868839213574
#49,0.4802183806780574,0.1983530152875604,-0.07356288258843185,0.19412417205695062,0.1861120113937745,0.06289491342831188,-0.08273907069526674,1.0,0.250853848366025,0.027871838296046416,0.22869259176416348,0.29122779788831726,0.1900103621266553,0.14540574344835142,0.028947308357717045,0.09486412832603724,0.06570592558441025,-0.23462958820817376,0.17533174782144276,0.12888020559920024,0.0851876366591043,0.18260349573418178,0.19982014634792095,-0.06466788699347688,0.1558892941428878,0.29271136227729416,0.0570400836273834,0.04566091652325544,-0.011582757786430635,0.10436441819169477,-0.12857984087060123,0.0027434529162311074,-0.006096764916669329,0.039481072000803405,0.07650810026156381,0.04147954735309289,0.13200618988711216,0.1009645450935102,-0.0185285780149452,-0.16627880967923056,-0.09912401228847795,0.0482345583771175,0.17730466021810679,-0.08497948116329708,-0.18054659076903412,0.030191676519055813,0.014919636458252498,-0.12221101306906107,-0.007553853387319861,-0.2029799102557665,-0.1682307239337737,-0.32643711741156817,-0.22125651056526086,-0.37853168208812826,-0.14431475302076532,-0.11277828244327077,-0.1192447972538082,-0.08623845672785038,-0.24597954050587265,-0.3172600163420323,0.02697713484915574,0.0103110007440646,0.25024946705802337,0.07929172353663491,0.1189051751290701,0.014302473672438112,0.06584104406414476,-0.09403150634280837,0.14152017419328333,0.122151670493502,-0.04013840514545778,0.08453943314145901,0.1491698886641986,0.29990550836045593,0.1087904613657009,-0.06783860645373334,-0.022053527003154286,-0.062442083928661095,0.10577038075109442,0.11674327945331793,-0.10268821867282613,0.018867287176982384,-0.05674793556309257,-0.014590056923224402,0.1357922462077812,0.018745863137761505,-0.06151907863804224,-0.06726891772836621,-0.04430060209890125,-0.10315565557569145,0.03322362564877412,-0.1771403269319432,-0.23149356133055185,-0.15118388438240354,-0.20391569702419807,-0.013462547987601967,0.13281142298931378,-0.07975094377519207,-0.04110614560842117,0.02160982713051258,-0.3156888075337682,-0.17794282114604207,0.00753924598410532,-0.11118424956748392,-0.25660916523255445,0.019532836985944938,-0.25960094400343275,-0.014417506972752629,0.14438231226063258,-0.04894393039572368,-0.01720478209862736
#50,0.16153870733611178,0.20795920882652338,-0.19661016949152543,0.04119835484121296,0.33601683503220475,0.0026466788699347687,0.19694613976545988,0.250853848366025,1.0,0.2445954890512948,0.3097271610968334,0.19744918221366067,0.23690743014694135,0.2289016602226716,0.2103539099910073,-0.03444699566799198,0.013183181401123857,-0.14071311516567991,0.247768947399654,0.15312301715913396,0.12292129805036815,-0.030803361528664745,0.030677372675939323,-0.22523702794122347,0.04605988122355261,0.1534891152021984,-0.16714795017049577,-0.07577773010083673,-0.019558399941570388,0.05210734615437286,-0.33599218503928024,-0.05933801074557099,-0.19908795026179205,-0.06476648696517504,0.06803945824793328,0.21749053942401184,0.057874531536014094,0.08755768783066367,-0.01534781596497875,-0.23212259263147805,0.07626525218312206,0.07456896748483341,0.11759781254136863,0.26073393071526063,-0.05493844348989122,0.1440335605088854,-0.09801111075607007,-0.18723221662778966,-0.1090068335258163,-0.2109811153665317,-0.1383311954790087,-0.32699493762182347,-0.27940127906074397,-0.28482975528034804,-0.20127449593046876,-0.2405611068759786,-0.0730516234759229,-0.038328913072256436,-0.16208374606855436,-0.19436610717269145,-0.2547439824345976,-0.18147872568666207,0.25032250407409606,0.10451414407464384,-0.12644533407587633,0.027145119986122967,0.45607234316442,0.0038134452016962846,0.43901819991144264,0.30754883209246486,0.1808643017889504,0.21036303961801642,-0.09637873344684503,0.08158325991591614,0.11893073808469555,-0.048714776757795564,-0.2673501714087471,-0.3721756357644008,0.4274336161996102,0.11081358671091493,0.09068823693208014,0.19356817777209712,0.03340530522625498,0.37899455417748906,0.14169546303185784,-0.29341708244509673,-0.2448410760178393,-0.0398928181789133,-0.09790612004546555,0.24951544504649262,0.23484322148018644,-0.19264517248147828,-0.1476306335504663,-0.28354978157367383,-0.11049496272829773,-0.08737783417858463,0.0784664052550133,-0.25069316693066507,-0.2634819484449963,-0.19830554122711316,-0.36176877393674084,-0.2878836155148881,0.02516672981325348,-0.1428978349089548,-0.15657401616856945,-0.03714297452377583,-0.3203467432338052,-0.1967315935307463,-0.20808702360465064,-0.23308942013174053,-0.12823474096965767
#51,0.3654507525095062,0.44989706345547253,0.2379755965070047,0.4201655201376748,0.2574408742530824,0.2615957675049186,0.3374556642488371,0.027871838296046416,0.2445954890512948,1.0,0.35877516924046066,0.1558810774785796,0.3107889367179904,0.22018104050359022,-0.01659218412631752,-0.17662176411782696,0.23838825564781552,0.06827408966206686,-0.03416397723071024,-0.09639881862626502,-0.1035199276933541,-0.28591618089442955,0.016756517412481114,-0.30321682407665235,-0.2410687141376839,-0.13507374456216592,0.061070813951895994,0.000752281265548896,0.0370982393514313,-0.040557455025174945,-0.007646062620111655,-0.10741006176192672,-0.16299031803055686,-0.016348423085174854,0.008652147516513213,-0.0003368832366353673,0.000902920111198857,-0.0433054727549106,-0.019989318336399366,0.03590682302674524,0.0755796171947395,0.08653151775484212,0.13615377943734108,0.04681946619070878,0.1321951731662003,-0.14932965713685767,-0.058734542400270234,-0.11252721770052085,0.003046556532932847,0.027020957058799363,0.028013347514687287,-0.020015794254725723,-0.027755892033030992,-0.1271017542578298,-0.016460717497386645,-0.13262426563562746,-0.03125527806561463,-0.15521461470691614,0.04469408902299297,0.0419031620463146,-8.39925684836146e-05,0.016889809966813805,-0.028851447274121617,0.03675953018939411,0.1343607206927561,0.2599779975989081,0.06914049126522936,-0.12419944583164055,0.11271072320340353,0.09359602313447483,0.16111052782938554,-0.025125646491712582,-0.06358420026749807,0.04098106971839666,0.0625452487138638,0.01737094131019277,-0.0956748392044443,-0.05744361314118512,0.17577179584328081,-0.015544102945674154,-0.029058689807227926,0.14579831740974222,-0.02306052486225675,-0.006777835091547335,0.16994161603527688,-0.15013397727635838,-0.05527167487572295,0.1866890038207489,0.16419360287035473,0.07696458161201825,0.148134588961368,0.007520073767386233,0.06719953256309713,-0.09796181077022098,0.0724335477274076,0.04590285163899629,0.051953968420620174,-0.12262002035906823,-0.04884898227482916,-0.04432251320372306,-0.0670625881579608,-0.08765902669046456,0.005192018880068655,-0.1149456558952284,-0.07206379783353951,-0.16082294457859925,-0.036324046981060586,0.0014990847548923389,-0.022407756531106923,-0.034930865899473675,-0.004365787635746142
#52,0.29237904385416336,0.1729963892325179,0.05796674076880589,0.23216641484112166,0.05740709463314876,0.12251594261116462,0.07485928962372242,0.22869259176416348,0.3097271610968334,0.35877516924046066,1.0,0.08308234467080848,0.3382873732693651,0.1646345638548937,0.09106255163945277,0.20375775447694083,0.26271505977623283,-6.116850096089325e-05,0.003569684160553621,-0.1378683233896479,0.12121862261317314,0.07319861047076921,0.17673131964193603,-0.14116320577722796,0.06617884026348103,0.17514367750505552,0.1319504991623567,-0.00814454025480789,-0.05045305774032602,-0.10505918280708641,-0.05932249037965554,-0.07974181414818297,-0.03435843828600382,0.028873358378943427,0.035241273217782684,-0.1353923685447831,0.05359364943145248,-0.028352056676724472,0.052999310713160816,-0.07150232577248057,-0.01762565790374634,-0.0029516084120383263,0.2467993810112888,-0.03389100138313849,0.12237169450442102,-0.0608133584702397,-0.11541857057429919,-0.14573532298337952,-0.09876886979782441,-0.017569054216289993,-0.03477748816572099,-0.09521653192858806,-0.09997763241382773,-0.12480017528883858,-0.01849662432041339,-0.15310019309161124,-0.011334431931783427,-0.12155002807360306,-0.12509232335312942,-0.1725015634486253,-0.003996950704578965,-0.12341794975966257,-0.059029429352663795,-0.1525387210305523,0.13392523748442256,-0.0067604888002300665,0.0328913072256433,-0.02513477611872167,0.021380673492584462,0.05485810277221124,0.0858276235124414,-0.013223351759963847,-0.034583027110427406,0.10489667544632464,-0.08104735081048264,-0.03372940698507763,-0.16781532590486015,-0.13464647801814056,0.18463392478100307,0.04708605129937416,-0.1551899647139916,-0.06073484367796154,0.021447319769750808,0.0664947253579955,-0.0070334646478018145,-0.14812454637165798,-0.11629684069257351,-0.15969269675487408,-0.02600209068458508,0.043704437455207766,0.13251744899962112,-0.14633057466437208,-0.09021075743950481,-0.1642438158189047,-0.03519379915733543,0.18545741713722286,0.30028986565753857,-0.05786905375980864,0.060617984452245206,-0.11792282726289217,-0.15004724581977202,-0.17622645126833344,0.020492360784600146,-0.1664887911004396,-0.14832357224045611,-0.12506858632290577,-0.1269976765099262,-0.04666791438235791,-0.19436519420999054,-0.04438459466738486,0.006598894402169199
#53,0.22144092903084445,0.12443042539497048,-0.07524638580890777,0.1581561805292445,0.41617313424660035,0.19755325996156428,0.26053946965996705,0.29122779788831726,0.19744918221366067,0.1558810774785796,0.08308234467080848,1.0,0.4095897602103466,0.11087110336107218,-0.03156568538392364,-0.06372023170993349,0.1299994978705145,-0.18104506840373036,0.01903162046314598,0.23250329807775702,-0.08193383759306513,-0.07669434465254922,0.019316464825829542,-0.09983521023248595,-0.21610101019322855,0.20708276463365088,-0.17766071567146124,0.03850876672433548,-0.061037947294663275,0.19745922480337066,-0.0767746853702292,-0.17010047154523503,0.05127289824574217,0.01460740321454167,0.2266429905006231,0.22241049541920965,0.21853679467925338,0.17053960660437217,-0.28114138596867627,-0.16947235320700973,-0.09439303957236828,0.10878315766409363,0.2230860878178822,0.15803293056462178,-0.25314812363340894,0.09425974701803558,0.13328159878028184,-0.003921174800403529,0.09681239072977674,-0.017408372780930034,-0.022054439965855197,-0.3638393733424021,-0.11858198633294836,-0.4527537237466163,-0.43016702652613126,-0.3988268429293321,-0.0480172732543012,-0.04163748990035012,-0.1696348605677715,-0.2413791214559929,-0.03444973455609471,-0.017425719072247305,0.4385626315236891,-0.08784161923064633,0.002853921403041079,0.05450478620695951,0.3172317144983042,0.16923680883017525,0.22912442312169337,0.30248736687862615,0.0889727800170724,0.3213793040485331,0.13762091049770162,0.24942780062720538,0.2596392884368709,0.14211816476237862,0.055629556254479226,-0.16290815138747505,0.2589783034414129,0.02683106081701032,0.1835438473161179,0.32567479355630924,-0.09913679376629068,0.3681686424701119,0.3520046378505206,-0.1626132644350815,-0.1471869336778246,0.04177443430548645,0.05878019053531568,0.2520690017209347,0.2636070243350208,-0.03725800782409035,-0.10330446849593959,-0.2358511323019898,-0.21573308622476228,-0.1660971301017497,0.12770796149123329,-0.08594265681275591,-0.25342383836908344,0.0534722253922316,-0.2796596475051012,-0.1453418360592878,0.09948463255533695,0.1540131557925201,0.011996329889942347,0.1436921124587455,-0.1227505740252982,-0.025906229600989653,0.25716059470390334,-0.14796203901089622,-0.09696850735163215
#54,0.2457914701894854,0.023378235882173033,0.012177096504722299,0.3283424705683649,0.3052125605408391,0.5090844353553936,0.3663381522547896,0.1900103621266553,0.23690743014694135,0.3107889367179904,0.3382873732693651,0.4095897602103466,1.0,0.3214158225565695,-0.029822839587888637,0.07855222374889874,0.11018455540998873,-0.004982950421560527,0.04707600870966416,0.040153925511373235,-0.13147119374437957,-0.15226665814568147,-0.18316679372064254,-0.2544207936384759,-0.3077588135136739,-0.041851123172362795,-0.0016040754654968572,-0.10229016693522987,0.1832964344241716,0.14669849863283835,-0.14660081162384112,-0.029178287921046986,0.12398216070882424,-0.017489626461310925,0.24584624795153995,0.10029443047104311,0.30574573075816985,0.203215454632601,-0.19784723395125692,-0.24914660811532544,-0.04933285250631086,-0.001955566105346766,0.1744388702999539,0.06387087055558345,-0.12237808524332738,-0.12618331378071548,0.05703095400037431,-0.0667311826975309,0.13125390862156328,-0.09280722336088959,-0.09931208260486518,-0.220684082951791,-0.13655548302574097,-0.42809368823236726,-0.2007641497806607,-0.2675692824569652,-0.046696216226086086,-0.06318980038070544,-0.1169149164410888,-0.26405711494656886,-0.038493246358420025,-0.12562001579425472,0.23304285903399416,0.07667152058502649,0.0667740919444736,0.11696330346423697,0.3059338010745571,0.013926333039663664,0.17867410426947006,0.3173814403812532,0.25269712005916,0.2496140450181908,0.09938877147174152,0.045784166487878135,0.2764478447233038,0.2280042178876782,0.06413106492534247,-0.13468390948887785,0.09791433670977372,0.12008380997594344,-0.06267580238009376,0.223879452404972,0.19229550776703017,0.3925995243464328,0.3945870441463114,-0.2862612807953731,-0.09225488092683973,0.12702415242825255,-0.0788471107012923,0.10224360583748351,0.37188622658821274,-0.181499723828783,0.01707057658159376,-0.1958670178529856,-0.055684334016533756,-0.14085462438432078,0.021810678924712532,0.04179360652220553,-0.1153993983575801,-0.0009056589993015835,-0.20288039732136742,-0.0720318441390077,0.13960751733487928,0.035474991669215354,0.033172499737523224,-0.01883898533325421,-0.0945920654411664,0.06026923270049802,-0.03183227049258903,-0.08945573728585318,0.02179607152149799
#58,0.022127476981927904,-0.08929779473859595,-0.18686885747282794,0.047226647555314125,0.21675103963627565,0.2429548950777616,0.22114421615304908,0.14540574344835142,0.2289016602226716,0.22018104050359022,0.1646345638548937,0.11087110336107218,0.3214158225565695,1.0,0.18882716246627745,0.06046004190498797,-0.13070339211291523,-0.16833845353248092,0.21498445681001702,0.18509770983306478,0.10636654539478789,-0.10059479519964212,-0.1805538944706414,-0.26034500860467347,-0.03811710572564558,0.003971387748953516,-0.06250233946692108,-0.03906932582269351,0.0416867898861992,0.2273733606613502,-0.13155975112636772,-0.10156983936421278,0.012234613154879557,0.0543386269953941,0.1318756362208822,0.31120068289610026,0.2890430781450424,0.1471978892302355,-0.14671767084955745,-0.1300898811779045,-0.006088548252361149,-0.059389136656821884,0.11669489243016977,0.14475571400530432,-0.2321189407806744,0.013231568424272026,0.043716305970319586,-0.009437295439294828,-0.06639429946089552,-0.13653265895821826,-0.14612424509396668,-0.33592462579941296,-0.24732250863890956,-0.3730995540177206,-0.30190672260084817,-0.1531558838163667,-0.013600405355439204,-0.017490539424011832,-0.3429489608202057,-0.33129590490580507,-0.1755344255410445,-0.1754312607558418,0.4201253497788348,0.27888545513473045,-0.18616587619312813,0.12695476726298346,0.5088361095007463,0.16438349911214378,0.3314574993038659,0.4034993860325836,0.22113326060063815,0.1738207945514386,0.2655324626712376,0.17026663075680043,0.3436400735847937,0.1058927177530162,0.056870272565014354,-0.18011841126230788,0.29753545718889657,0.1070795692641977,-0.3362469016328338,0.04910187294298091,0.12285647769860362,0.09306102699174225,0.396764460187979,-0.1809966813805822,-0.28180237096413424,-0.049174909959053624,-0.15039234572071558,0.08052057133205823,0.22597652772895963,-0.3244486846489887,-0.12188873723564024,-0.3062871176398088,-0.22235023988094965,-0.27730237781135453,-0.2301085969132731,-0.2772211241309736,-0.22964846371201506,-0.20284935658953654,-0.2078049181300698,-0.26256442093058285,-0.031774753842431766,-0.06184774521036943,-0.0544728325124277,-0.03624918403958606,-0.11881661774708194,-0.14302473672438112,-0.10243624096737527,-0.24205653978006728,-0.20218198085517217
#101,-0.11804607722751487,-0.076836766833891,-0.38114001652462487,0.028485349231057167,-0.0711252721770052,-0.12566292504119744,0.06697311781327174,0.028947308357717045,0.2103539099910073,-0.01659218412631752,0.09106255163945277,-0.03156568538392364,-0.029822839587888637,0.18882716246627745,1.0,0.3435706884195246,-0.09409997854537652,-0.2538565826893142,0.6423632952475726,0.2796724289829139,0.5744041777173193,0.16094619454322193,-0.009971378619326508,-0.18141755718570118,0.13390332637960076,-0.030180720966644908,-0.0241168227072083,-0.4602865789918153,0.3612301259432046,0.267981941597776,-0.13725298652923534,0.0696499244523365,-0.16863790529837905,0.3215682873276212,0.1471878466405255,0.12891307225643298,0.23764053919577116,0.35084700114576817,0.24119105113960568,0.16672250955187226,0.309079870541889,0.3246139308978532,0.23310311457225416,0.40208703273427765,-0.13779802526167795,0.1354964462926867,-0.28375885003218193,-0.30043593968968396,-0.42419259861138375,-0.5305381458640507,-0.5092432908653517,-0.38738468139884147,-0.3439705660825227,-0.04710978832959779,-0.05236662756143098,0.016756517412481114,-0.11052143864662409,-0.08361916673894287,-0.4595954662272273,-0.45151848521228666,-0.4920047291467907,-0.43614054147817793,0.1888125550630629,0.24951818393459535,-0.31177402347227107,-0.17067289915870487,0.318305358634573,0.3541893575937955,0.5875481017223041,0.22809460119506816,0.40647107962404194,0.3194200860923827,0.35949549681147774,0.2626785412681965,0.05598469874513277,-0.07544997649121045,-0.2845722997986917,-0.4910935923712837,0.4189960149178105,0.09186504585355165,0.09009846302729302,-0.046206868218398936,0.05480971574906307,0.12515075296598757,0.0768778501554319,-0.35311114864402215,-0.5310028438788134,0.033482907055832234,0.03632678586916332,0.09738390538054567,0.2040517284666335,-0.350598675291121,-0.48806985990587354,-0.4208821958578882,-0.3771284584168314,-0.13193497879644128,-0.034659715977303746,-0.5439970420008491,-0.37566132735647084,-0.4234667932641612,-0.33541975742581037,-0.2645336814764433,0.21298780738312936,-0.24346432826486875,-0.028501782559673526,-0.1265649321896954,-0.15256245806077592,-0.5112061606723057,-0.28342927049715383,-0.4455367535959318,-0.3111623384626621
#102,-0.08107656561691172,-0.18664426864840436,-0.33024143298625536,-0.07363409367910274,-0.11832453085129208,0.0100736304418283,0.043093665408299744,0.09486412832603724,-0.03444699566799198,-0.17662176411782696,0.20375775447694083,-0.06372023170993349,0.07855222374889874,0.06046004190498797,0.3435706884195246,1.0,-0.2008262312443225,-0.21237612237352044,0.3182688401265366,0.4376451040092757,0.18533690606070288,0.5427261979211839,-0.2628072690090246,0.1835967991527706,-0.08583766610215139,0.1964330547275491,-0.2266557719784358,-0.2517512907010184,0.006496642579667407,0.21200637247965234,-0.005601939132776731,0.02598930920677236,-0.06674031232453997,0.06272418940324193,0.14493739358278518,-0.030264713535128523,0.15638777177758403,0.22298657488348314,0.02064026074214738,0.09071745173850922,0.0667001419657,0.18164032008472294,0.12673474325206444,0.29627739458704416,-0.21636850826459486,0.3520731100530888,-0.12381326260915611,-0.1846257081166949,-0.24306627652727247,-0.3737997964093177,-0.36041393728859206,-0.3376802530732607,-0.31009964987880423,-0.1015616226999046,-0.2492260358703045,0.06192260815184396,-0.24758270300866858,0.14245778688711672,-0.49087174243496284,-0.45425006961340597,-0.3549434647847462,-0.3982434597634514,0.17813271738783112,0.13956552105063746,-0.19805721537246596,-0.2697923466336783,0.04606535899975806,0.15096112148338178,0.16639932075575053,0.15681960313511392,-0.05803247408327133,0.016828641465852914,0.2138259071425637,0.08033432694107283,-0.1489918609375214,-0.11722623672209873,-0.2629880356238046,-0.27909178470513585,-0.12181387429416571,0.38600428179506724,0.08420620175562728,0.12003268406469254,0.27362131220129,0.010983854254634428,0.04604709974573989,-0.22911346756928247,-0.26603824400754106,-0.0366344542993696,-0.03911223506963623,-0.1362888979170756,0.14805516120638892,-0.35015406245577835,-0.32044534320550333,-0.2768878927451419,-0.25179967772416656,-0.08567150689058599,0.0056822798504567095,-0.28019281772243193,-0.15283178205754405,-0.3038102498322431,-0.23758850032181936,-0.2506173910264896,0.08854825236114978,-0.11209629930569187,-0.044814600099512936,-0.1299483719592636,-0.21659218412631753,-0.3983794912058868,-0.25048592439755873,-0.16075173348792834,-0.21908000748629414
#201,0.28807807657018175,0.12704606353307435,0.36721459644766213,0.19173129681786852,0.052820370023782676,0.1262956081929273,-0.06641894945382007,0.06570592558441025,0.013183181401123857,0.23838825564781552,0.26271505977623283,0.1299994978705145,0.11018455540998873,-0.13070339211291523,-0.09409997854537652,-0.2008262312443225,1.0,0.18286916788014626,-0.17918536338197902,-0.31795478095742397,-0.14322011074237562,-0.25974701803557815,0.3655110080477662,-0.1302898200094035,0.13302414329862552,-0.19741448963102612,0.1888043383987547,0.04933650435711449,-0.09267027895575326,-0.2920996772676852,0.04730881419839592,-0.17468902208000292,0.19559404200541386,-0.1001392268118886,-0.1400128727740828,-0.3036888257930222,-0.24509396668599104,-0.40211168272720216,0.07466939338193337,-0.13543984260523037,-0.13235128978805571,-0.2173618116831837,0.035503293512943526,-0.2338188773297667,0.18708705555834515,-0.23685447831028864,-0.02821146042078451,-0.07633920216189567,0.11888600291235102,0.10773964129695482,0.21068440248873632,0.17849972839359649,0.2250343502216217,0.043549233796053265,0.13658561079487097,-0.2072881812413554,0.01209766874974323,-0.2995019788466542,0.0977783052673383,0.09312493438080587,0.0983762958364336,0.16736797418141483,-0.23993481446315512,-0.2581338129430722,0.35901253954269696,0.18761109614866683,-0.3233357831165808,-0.13341032652110998,-0.15084882707117,-0.13721464209579717,0.02063934777944647,-0.1106465145366486,-0.09068641100667832,-0.10446484408879475,-0.14769180205142718,0.04041046803032862,-0.09230874572619335,0.07383494547330269,-0.00021454623471358077,-0.31242587884072,0.01672091186714567,0.035447602788188086,-0.0759091967297676,-0.023155472983151272,-0.13500618532229866,0.10088876918933477,0.11854638078761293,0.044287820621088526,0.00941994914797756,0.05025220594612607,-0.16862786270866903,0.10961121483381796,-0.05548622111043653,0.11819123829695938,0.11831448826158207,0.3152158928546974,0.1729123966640343,0.3088927131882027,0.14438231226063258,0.13656004783924552,0.15644894027854492,0.299193397453747,-0.04895671187353641,0.1911232636590632,0.02498505023577262,0.11958441937854629,0.19209374301012933,0.1296288350139455,-0.0011959811381905992,0.07672447242167921,0.08698617317989474
