,#10,#11,#12,#13,#17,#18,#26,#49,#50,#51,#52,#53,#54,#58,#101,#102,#201,#202,#301,#302,#401,#402,#501,#502,#601,#602,#701,#702,#801,#802,#901,#902,#1001,#1002,#1101,#1102,#1201,#1202,#1301,#1302,#1401,#1402,#1501,#1502,#1601,#1602,#1701,#1702,#1801,#1802,#1901,#1902,#2001,#2002,#2101,#2102,#2201,#2202,#2301,#2302,#2401,#2402,#2501,#2502,#2601,#2602,#2701,#2702,#2801,#2802,#2901,#2902,#3001,#3002,#3101,#3102,#3201,#3202,#3301,#3302,#3401,#3402,#3455,#3501,#3502,#3601,#3602,#3701,#3702,#3801,#3802,#3901,#3902,#4001,#4002,#4101,#4102,#4201,#4202,#4301,#4302,#4401,#4402,#4501,#4502,#4601,#4602,#4701,#4702,#4801,#4802
#10,1.0,0.058082890286280116,0.4405123150885863,0.7088331783247037,0.5114350097400945,0.6094485857197721,-0.1546019054493631,0.586488337335795,-0.2259581615513819,0.2646187019068375,0.5519519519519519,0.4393671020789665,0.23432353771336822,-0.23409449511144426,-0.3094356297746128,-0.2654048501506129,0.4945506369235183,0.4920270038914107,-0.2528977359485834,0.04943572231707825,-0.23816127375449408,-0.1374052018119815,-0.10264995349741113,0.4028752944007181,-0.18353669540110218,0.2981931083625999,-0.006975388331320534,0.23878408454679642,-0.1413674074691024,0.38761041472905877,0.33754956805804265,-0.3968790053535816,0.08334374436069351,-0.23116182438216337,0.04544066408473188,-0.12542604237519492,-0.15197925197925197,-0.16240925054484376,-0.06270584914652712,0.2179671196620349,-0.003586945959827316,0.11469851978326555,-0.16293211547448835,-0.15076324398358296,-0.1371493218950846,-0.029265629265629266,0.1788387771438619,0.19965065219302508,0.08083306727374524,0.15760120675374914,0.0265953164258249,0.163097766487597,-0.04926960859164249,-0.16086240323528458,-0.37809704928348997,-0.2759005538666556,-0.2593146305010712,-0.2192553107807345,0.008295043888264228,-0.0906499720059042,0.2377790733722937,0.05478837851719208,-0.09696923425736985,0.03141307717578904,0.22593363779804457,0.07663117663117663,-0.2864647390071119,-0.23105308698529037,-0.15637131738826654,0.14708329284600472,0.02960526011373469,0.28973102532424566,-0.19805522008911838,-0.10715908512518682,-0.1303761388507151,-0.020102074339362477,-0.016501247009721585,-0.07125307125307126,0.2028114400995757,0.030473771151737255,-0.052376259155920174,0.36797012729216116,0.07302202047964759,0.2899124085564764,0.36995562588782926,0.3969914444490716,0.45825733283360404,0.017651087142612567,0.031522739997316265,0.03658712641763489,-0.03768051564661734,0.1889305329983296,0.1999560423289237,0.22011317943521333,0.213534798280561,0.15956264430840703,0.4856633212565416,-0.04862690116927405,0.2287552575688169,0.05774696113679165,0.22762762762762762,0.4520158062530944,-0.20506669998195423,0.3120772544501358,-0.03733718309989496,0.04326360258563648,0.06578705053281325,0.19992689145231518,-0.09070364663585002,0.1173322783492275,-0.1672293248564435
#11,0.058082890286280116,1.0,0.18055729072678225,-0.05606453911538657,-0.008636988298005247,-0.051149146064400304,0.14829097201978558,-0.12098770573346844,0.3776556217234183,0.15161602280246347,0.1471189216951929,0.04204944543927595,0.1292276868548055,0.075404988964311,0.030840702027142706,0.04136185492117696,-0.036342814308916005,0.03961233961233961,0.027281518806942535,0.09790900299374876,0.1603728535931926,0.09731395494107359,0.07526710069082951,0.08036619053568206,0.1472401523248981,0.08188342425630561,0.039616504023283684,0.14631148868437005,0.05866544510612307,-0.1826487504453606,-0.05530013835098581,0.08378332107145667,0.10177681533613737,0.07984980357861714,-0.03639093639093639,-0.0738646196273315,0.0789239162120518,-0.11155485223281833,-0.018422428591920118,-0.10153527950138119,-0.09144074737295076,-0.0397090464887075,0.047766718953159634,-0.007129934248578316,0.11240254121610053,-0.07889661618475177,-0.028498914939592907,-0.07566086888120786,-0.06907138263070467,-0.09121679460662512,-0.11402851233359708,-0.007484834603478672,-0.015306523781100052,-0.025398742347894892,0.05897592507761999,-0.15538897911779267,-0.17347316499858872,-0.051889948500117994,-0.15158594650120075,-0.08419374690561131,-0.08117778795744897,-0.009486990842923046,0.054075801533428655,-0.11644757237977577,0.042289130424723646,0.05770901872596788,0.12075542414525466,0.013467242280801603,0.0785847480762735,0.00461046562741478,0.18710235659388202,0.11191299157400852,0.036589902691597606,-0.06618174414784585,0.09503741029164758,0.03507683338191813,0.006354428388326693,-0.018796300152232357,-0.15060962349097942,-0.055572675911658966,0.06833011748265985,-0.13439063100080048,-0.06732233003419444,-0.01884072053563579,0.052903288496508834,-0.09785116395285887,-0.13950175136615814,0.022468847892576707,-0.17480531378836464,-0.0035781544256120526,0.08621579977512181,-0.15005760768472634,-0.18021303275540565,-0.29473155744342183,-0.21591267692962607,0.05706446045429096,0.05909530485801672,0.10522309674852048,0.18607698607698608,-0.0025250211690889656,0.18650592040422548,-0.045760861015098304,0.11025000347034246,0.018035601086448545,0.14375500307703698,0.09128897772965569,0.29116728438762335,0.03801690750843293,0.1287460033222745,0.018795374727578116,-0.10418199401250249
#12,0.4405123150885863,0.18055729072678225,1.0,0.476298486467978,0.20499220329728804,0.2749954885548106,0.17817385952979173,0.13099524794440048,-0.002197883553815757,0.47049977558452133,0.1997362539735421,0.11557721049246474,0.14619349704095466,0.07356663288866679,-0.2684166446878311,-0.27939449464873195,0.6040033870542345,0.7179893298537366,-0.11114997894658911,0.09728110236584812,-0.29024371058269366,-0.10015454591725778,0.0963311539582726,0.3827287996779522,0.013224318309064072,0.33636363636363636,0.07036512629732969,0.36171934646510917,0.03429762582304955,0.1913759676471541,0.33311123141631616,0.03269247676027337,0.5014774404604913,0.18988973565244752,-0.09189142917956478,0.06245182007893872,0.05312585312585313,-0.035855578228459584,0.2410796004016343,0.176857905671465,-0.2338987677970729,0.08904806192941786,0.03281602095161417,-0.020468542502440807,-0.0347057380955686,-0.2123118495999852,0.27583438600387755,0.29173503241299853,0.13475524831457034,0.1649407496865124,0.17191845157946853,0.28778346913940134,0.27084542169287934,0.0700093005177751,-0.1652479906717195,-0.18654895265064755,-0.359682949513458,-0.26979043758704774,-0.2062942757858012,-0.0741408588866216,0.14213134552117604,0.026924767602733705,-0.015441173068291712,0.12276590920658717,0.3020872953076343,0.13679257069087578,0.08773951146832502,0.05971302581472073,-0.10490243710582693,0.06066945219487593,0.07531105836190582,0.35562496240462343,-0.18197411587242096,-0.11067847508525475,-0.21686771517279993,-0.1729299407265509,-0.04943340875544265,-0.08936270631185886,0.3879986303715117,0.35542692152861644,-0.11531392717833396,0.08041847702864652,0.0858451672010994,-0.09810149132183031,-0.11545412901345105,0.019170171712544593,0.006240138443528274,-0.195955894260979,-0.27004215309300056,0.05812592253270219,0.04413488989760176,-0.2156202427388868,-0.31625415862704,-0.25731848952187936,-0.29226853972616684,0.4471036521883979,0.5031755947010185,0.3883951748358528,0.6434708977081859,0.36295617651549855,0.6371729202237677,0.399557184302947,0.31557304608152065,0.5989732413461227,0.4708495861038234,0.4679830832373205,0.5279182109690584,0.1738040043124789,-0.036828199540063944,0.09041213786976499,-0.030301642166048946
#13,0.7088331783247037,-0.05606453911538657,0.476298486467978,1.0,0.6132099742269234,0.672592160727754,-0.21618105007935517,0.3836829124964718,-0.2650592040422549,0.2060064687183331,0.5808062299587723,0.4597704021432835,0.28380506855083126,-0.29864517830619525,-0.32320363506804184,-0.31199165266961876,0.5205194408584239,0.38395730090645347,-0.2890068805323043,0.012432154805036162,-0.29461264037535223,-0.2181559062914995,-0.16482507160473261,0.2969169477644054,-0.26899596052138425,0.18441214712401152,-0.058535885654529725,0.21655816062595723,-0.060301133182489114,0.4461962733149174,0.307416353179065,-0.4153750052055137,0.09435213333518418,-0.3382260534802908,0.13750653581162056,-0.029133293540073203,-0.10159080498063548,-0.02257480901548698,-0.03185357931120643,0.32863865406238285,-0.11444125172938732,0.20409639223198545,0.01701763396678651,0.04881383694943017,-0.006983717153208679,0.04909933045526266,0.28106303530032345,0.18215781266628725,0.08606495555648098,0.11737299703401398,-0.02040422548897125,0.05009647552020433,-0.12683777768523533,-0.0857433704891332,-0.2435976808858165,-0.185190891970553,-0.17642249337164592,-0.1362437938709125,0.024905491007185924,-0.05014829930084167,0.15764100001388137,0.022795985507849916,-0.2666606514064141,0.016050102490780458,0.2051920950226035,-0.0013700912005996753,-0.3058283244723923,-0.3041176769990329,-0.15605158317022724,0.0935655223790817,-0.04587052383662553,0.17784302021590156,-0.12903982564999514,-0.03836440446609938,-0.10468588773673519,-0.04272408001221561,-0.0686095957282398,-0.10227515651244465,0.2955982176321159,0.019875808011401232,-0.05444365783348834,0.48403781285137215,0.1717555768403226,0.3094161958568738,0.2620543501899434,0.37021474479101596,0.4265564485903469,-0.07609350490706424,-0.05213148433487417,0.18486930690320522,0.11532965939745601,0.1106747733866378,0.09187847323440544,0.19026730891137672,0.15216572504708098,0.034516488753776886,0.41554898504051047,-0.05103161713331205,0.2778735592294914,-0.020268650777125353,0.11357274069138476,0.4642911015792372,-0.25489896676337354,0.32937899378577346,-0.14000379424108236,0.0030048538523114792,0.10031927150571218,0.03712711170338289,-0.14934410527630868,-0.005601132719776788,-0.10041181397113601
#17,0.5114350097400945,-0.008636988298005247,0.20499220329728804,0.6132099742269234,1.0,0.7080289843001707,-0.13976087026934483,0.3261594414136787,-0.3733440682593225,-0.17057936210478583,0.4527695646339714,0.7524604727994558,0.43222930172082713,-0.24325342291443985,-0.5040491955746194,-0.4317656639690538,0.3932573559692204,0.24338992305094,-0.25549447752837584,-0.05027045535520112,-0.2129059722280061,-0.26024930940185176,-0.36223388257286565,0.22706589486250503,-0.4063761758677013,0.0792242165123521,-0.02140368411554852,0.23181980131132673,-0.013141030090182632,0.4135593220338983,0.5845009878908184,-0.31979159436786553,0.1760254861949777,-0.20196930366421892,0.18665445106123071,0.03936108681871394,0.011390589356691051,0.014508807729146712,0.09574304659050421,0.35563375393883867,-0.20220528695104967,0.21202496795717135,0.18122035749154394,0.18526307509358356,0.29583558905592805,0.240181013062369,0.28450422687710825,0.18658041708889167,0.22670081483640805,0.1327248666231717,-0.03480105683495514,0.08258628428119953,-0.28082057404091304,-0.21765571426588376,-0.3465072159987414,-0.43108686498517007,-0.24461657343013274,-0.2319183590370031,0.31244464803786837,0.10751814989103124,0.12460704155619409,0.044888648278478785,-0.2280704433246806,0.001391375967647154,0.1172813799932444,0.047865276678836,-0.25805142584803603,-0.06384828588218419,-0.3202700389141067,0.05970608512981394,-0.2444819241429411,0.0036170222610900577,-0.3461925716163004,-0.21177880499914398,-0.2541539999167118,-0.05364177737059093,-0.21314241822716398,-0.1852857479976124,0.35918507104947783,0.029670965264185604,-0.20131086402272844,0.47057288413220616,0.4419046164808877,0.5242752768176497,0.4282222129679757,0.46091006260497785,0.6084509779425034,-0.10296598601683347,-0.18821610516525772,0.38718749566207195,0.3990255278390872,0.28015611913917,0.28106118445101497,0.2822262940907009,0.343086846476677,-0.2135394254038322,0.25496189563986177,-0.39120707764775564,-0.01155670308212681,-0.2644970085648052,0.03378123886598463,0.6085041898601221,-0.14260377480716463,0.2306690357537815,-0.21140215716486904,-0.2140100038405123,0.009748886020072461,-0.05561200645946408,-0.3065168404151455,0.079546264292027,0.12741292910784435
#18,0.6094485857197721,-0.051149146064400304,0.2749954885548106,0.672592160727754,0.7080289843001707,1.0,-0.03988163818672293,0.30376231393180547,-0.3681778851270377,-0.059250776199928745,0.39567687872772617,0.7104526714696207,0.5206665833784477,-0.04482757025129906,-0.5293169903339395,-0.45339561441256354,0.31683763887153715,0.24811606676013456,-0.3318915217220302,-0.006678327017310068,-0.3431446855175669,-0.23431705974078856,-0.300559419203487,0.34808136333560064,-0.3552603450908536,0.21724899013034607,-0.05478004969530393,0.28651887634938483,-0.09120846578473697,0.5301979946047742,0.39751754836500597,-0.31658314709162166,0.22736758329978668,-0.3137434815400917,0.17082413692583184,0.06846708033148712,-0.11149238606865726,-0.0979270487745064,0.012148512148512149,0.3048510760375167,-0.18245811296658754,0.3589694471050403,0.12012104554477436,0.15725324708375557,0.10985854884159969,0.15553612163781655,0.41217951387442914,0.29299731164137943,0.28064890776755186,0.19999167117811187,0.10694670016703915,0.11838726245505907,-0.1130165604741876,-0.2401736096651351,-0.38332754942924435,-0.3984836917040307,-0.2770545584104906,-0.14810264810264812,0.11761684643040575,0.060062836334022776,0.09431326549970617,0.030523281370738998,-0.09751847378966023,0.0747460866104934,0.08288380830753712,0.1430359481206939,-0.13975115331047536,-0.23711137948426084,-0.287545172290935,0.1514346395702328,-0.1272491289440442,0.21132071979529607,-0.16182253131405674,0.06347996686979737,-0.11096767028970418,0.06058292498970465,-0.06298301383047146,-0.10722108857702078,0.3075704363839957,0.061816978766131306,-0.04167603659129083,0.6305297593433187,0.35583179481484567,0.5955996057690973,0.47869209733616513,0.4309998750676717,0.4449862805795009,-0.028192136666712938,-0.08307814748492715,0.41828824201705556,0.3460074866854528,0.2781539628997256,0.3169958864874119,0.2996006792616962,0.32266596334392944,-0.062164938436124875,0.3765386341657528,-0.235185108066464,0.10353974930246117,0.03454240064409556,0.1482571940199059,0.4238204306000916,-0.15042361313547753,0.28608577761120135,-0.17722298569756198,-0.07361244140905158,0.15643008185381066,0.054603756298671556,-0.16211357736781465,0.0649384361248768,-0.0033389321524914745
#26,-0.1546019054493631,0.14829097201978558,0.17817385952979173,-0.21618105007935517,-0.13976087026934483,-0.03988163818672293,1.0,-0.06198725690251114,0.08051934831595849,0.2581504462860395,0.08487671030043911,-0.11214388502524096,0.11879861371386795,0.5454272454272454,-0.09323190679122882,-0.0897004863106558,0.14731372358491002,0.029339663237968324,0.19103448594974018,0.14501404331912807,-0.08757987571546894,-0.14996321436999402,-0.08144523568252382,-0.009066848049898898,-0.05255764238815086,-0.03685318600572838,0.03809510589171606,0.1654034620136315,0.2606060606060606,-0.03865406238287594,0.13271885136291917,0.38971853209141344,0.3769934803833109,0.47072187750153854,-0.011840808450977942,0.2687646043578247,0.14253575609507813,0.1046641402573606,0.10026235788947653,-0.3172577816645613,-0.2851376800529343,0.012437244640634471,0.20635304025134535,0.13945362928413776,0.1645266221537408,-0.15420212199873218,0.22118204491085847,0.21246963450353282,0.18501182229995788,0.03944900216086657,-0.04366338603626739,0.03053716274055257,0.02933596153935137,-0.048298838129346607,-0.11048274777088336,-0.2811759371081405,-0.24539393013969285,-0.11425848036017527,-0.04156452292045512,0.15364779263084347,0.001885090020683241,0.16074209803023362,0.2693689066570423,0.20235104133409218,0.06664214291332936,0.2787684448701398,0.4594127255144204,0.5525326559224865,0.0576248050824322,0.10518145263907976,0.08944784538004877,0.19855032227913583,-0.037918349782756565,-0.11100514998820084,-0.11740538689691232,-0.2344757700689904,-0.05096313570889842,0.014438475455424609,0.29587723316536874,0.3515368989945261,-0.17987710360591716,-0.2526575882508086,0.14628927849266832,-0.17349306162865485,-0.30438188573781794,-0.13633402277470075,-0.20520366283078148,-0.26418837944261675,-0.3424862458760764,0.08343674953844446,0.10411258716343462,-0.2745188948578779,-0.36072821666042004,-0.22792885335258217,-0.3134695558424372,0.10817705224484886,0.035507618558466014,0.1541863897796101,0.10821129295705567,0.2722025569483197,0.13814600424769916,0.024556605912538117,0.43356098779827595,0.21911001911001912,0.34969299037095647,0.3603029840317976,0.31215360198411046,0.008449589805522009,-0.019937811463235193,-0.002512065223929631,0.055549540295303006
#49,0.586488337335795,-0.12098770573346844,0.13099524794440048,0.3836829124964718,0.3261594414136787,0.30376231393180547,-0.06198725690251114,1.0,-0.2589342809681793,0.28472956778041525,0.47048774506401625,0.24826089571852283,0.1976466451042722,-0.19185718846735797,-0.058210136176237874,-0.017590471827759965,0.3545274087646969,0.3110703924263246,-0.09540202760541744,-0.006227645210696058,-0.18177700042106823,-0.14840341111527552,-0.21932841932841932,0.11567808177977669,-0.19475330492279644,0.07848017509034458,-0.17305533576720017,-0.09041861584234466,-0.1420290860968827,0.2376185121947834,0.1719082719082719,-0.31977725028572485,-0.17187588204537357,-0.08819944752148141,-0.08821008990500516,-0.17173799377189208,-0.2114521300961979,-0.15294955972922075,-0.09661525932712374,0.01551937145157484,0.0810644234373048,-0.06719323329492821,-0.35369313843890116,-0.30684721701670853,-0.2732783631088716,-0.021180656773877114,0.007059601974856212,0.05109269516049177,-0.21780702119685172,-0.06954242377971191,-0.20672968808562028,-0.034546565055039634,-0.2915286627151034,-0.15140456326897006,-0.2874470772775857,-0.22178912348403873,-0.17939958448433024,-0.12329802838277415,-0.02212366449654585,-0.10750102953492784,0.1970261478736055,0.10660429304497102,0.05528348070720952,-0.06927312520532859,0.12187102356593882,-0.12273351934368884,-0.16446739497586954,-0.06387743675879269,-0.08635229991162195,-0.11676638117316084,-0.0034703424533933007,-0.047530272954001765,-0.06905796397321821,-0.22460657884386698,-0.11753587177315991,-0.15227955227955228,-0.02829948592660457,-0.02471485352841285,0.1023033819643989,-0.045608165947149,-0.04938482396109515,0.13825427893224504,-0.1042162347247093,0.10947912473336202,0.21752893108825314,0.3593706186926526,0.21391607323810713,0.18162569349010027,0.1891558739016366,-0.2486861283471453,-0.2873216822369365,-0.04908544908544909,0.11106530259072632,0.08470504402707793,0.03168931643507915,-0.06748936918428444,0.18856128856128856,-0.09354701388599694,0.08372640745522102,-0.08755488924980451,-0.07987756631824429,0.30990852177292855,-0.2003053901358986,0.08508446813531559,-0.16416431840160653,-0.011304987576174017,-0.21382445619733756,0.11106021275512801,-0.20789294687599771,-0.11831184034573865,-0.24329460431155348
#50,-0.2259581615513819,0.3776556217234183,-0.002197883553815757,-0.2650592040422549,-0.3733440682593225,-0.3681778851270377,0.08051934831595849,-0.2589342809681793,1.0,0.16144310720581906,0.013320099760777727,-0.23798498035786173,-0.18651424922611362,0.3689635706584859,0.31867506952252717,0.16918012002757765,-0.16706598740497045,-0.022242581564615463,-0.12929755641620047,-0.10837648125783719,0.07970960174350004,-0.10587598384208553,0.3514235344743819,-0.188831049847999,0.3184825811944456,-0.16214735536769434,0.008903973310752971,-0.10891322755729535,0.0517520602266365,-0.22445989903617022,-0.37434306417357266,0.046475288848170204,0.10676346608549998,-0.018573272810560947,-0.10818769462837259,-0.1596033629931935,-0.02527566086888121,-0.2197106197106197,-0.22823794518709772,-0.35002845680811784,0.04939639176927312,-0.08050870593243474,-0.08418264180976046,-0.18384301096165503,-0.05444643410745106,-0.260487143537991,-0.10535820874803925,-0.0645099645099645,-0.1079022011225401,0.031927613283545486,0.001442737035957375,-0.035711211982398426,0.1908022043615264,-0.00428425343679581,0.24801658360980394,0.0641101810593336,0.1016491067338525,0.07362354650490244,-0.2748825867469935,-0.2815993188874545,-0.16977655621723417,-0.1366236806914773,0.054052203204745575,0.014563407783746768,-0.22598175988006497,-0.10569136162356502,0.26206730613510276,-0.06678465831008204,0.1811514133548032,-0.020339908475501697,0.3743370489133201,0.10196745281491044,0.4095318739386536,0.3264504874674366,0.2892285197369943,0.0949994678808238,0.06019794833354156,0.048739340264763995,-0.24649981260150752,-0.18792135741288285,0.2504319419573657,-0.18537227520278368,-0.33699801496411663,-0.14348061466705533,-0.05621260706006469,-0.26651535973569873,-0.3289435814859544,0.06101047117996271,0.11562209358819528,-0.143626831762425,-0.23454980404132947,-0.2180221824289621,-0.20197485621214434,-0.315939514244599,-0.26673699894038877,0.21242058699685817,-0.23260085971950378,0.2869006140192581,0.1721308365376162,0.16735425718476565,0.10463313853144361,-0.29902830411304987,0.06457890864670526,-0.010888546481766822,0.25051846916253695,0.25308050731779547,0.2619618077245196,-0.05481475311983786,0.20442491798424,-0.04538189961918775,-0.17271431678211338
#51,0.2646187019068375,0.15161602280246347,0.47049977558452133,0.2060064687183331,-0.17057936210478583,-0.059250776199928745,0.2581504462860395,0.28472956778041525,0.16144310720581906,1.0,0.35687243483853653,-0.1938801667615227,0.10877533928381386,0.11317758436402504,0.08523901405257338,-0.06972889684754091,0.5453041639482318,0.27033273643443134,0.17873189059629738,0.02895838828042218,-0.17357634984753628,-0.07830110541974948,0.12324620460213681,0.18158173581902395,0.21024537634707127,0.2967397289431188,0.09911159233193131,0.05487027859909216,0.23976642281727029,0.04819657870505328,0.05214305214305214,0.07806558484524587,0.19540758015334286,0.3083621371756965,-0.1711184219658796,0.0850678104915393,0.09129962011317944,0.07493163425366815,0.20409083968406003,0.012149900285493506,0.06360027207484835,-0.1574068675763591,-0.12500775043147924,-0.21885969174104766,-0.1575447558498406,-0.1718717176344295,0.059198489706964286,0.062187148627826594,-0.08698852936141072,-0.09777065200794015,-0.07046275859835181,0.1014020183511709,0.15814396831345984,0.24725542183169302,0.06867159918007376,-0.001452453994826876,-0.11922754804110736,-0.09414206193867211,-0.1598985734578955,-0.09190623597403258,0.12383755095619503,0.06154999375338358,0.08580907563958412,0.09890614805869043,0.25343910937131275,-0.08284540318438624,0.1374329645516086,0.12646066713863324,0.11681542867983546,-0.06627104762697983,-0.046729780628085714,0.12009467094212857,-0.2393893122706682,-0.3394337326540716,-0.30731779545338866,-0.4351832572171555,-0.09691000707949861,-0.08101630135528441,0.27990347820856293,0.2741029164757978,-0.2063447114294572,-0.3034361017411865,-0.16733389784237243,-0.4121059426144172,-0.25143047515928874,-0.11094453467334824,-0.19033116321251914,0.10772174331496365,0.06533821957550771,-0.41544256120527306,-0.34934549341329,-0.3233452250401403,-0.38384347367398214,-0.3564166631963242,-0.42965014320946526,0.3643012812504338,0.2233604945469352,0.41345706260960496,0.39313011007926263,0.21195000856017804,0.2507475117644609,0.27949675407302527,0.2596204833492969,0.3078036433968637,0.3573462522615065,0.5044466654636146,0.19234812624643133,0.05328317531707362,-0.15511736698177375,-0.0381783941105975,-0.16752083362252854
#52,0.5519519519519519,0.1471189216951929,0.1997362539735421,0.5808062299587723,0.4527695646339714,0.39567687872772617,0.08487671030043911,0.47048774506401625,0.013320099760777727,0.35687243483853653,1.0,0.2933989459413188,0.25954830022626635,-0.06962524928626623,-0.2379067819745786,-0.18961951165340996,0.4363571583910567,0.2620483349296909,-0.17067653169348085,0.023011609452287418,-0.2383431196990519,-0.20035027323162916,-0.13330418245672482,0.17566271973051634,-0.2731816562325037,0.15371951304154693,-0.10946200437725861,0.0528588681131054,0.015472637506535812,0.17396595362697057,0.28118195236839305,-0.40090136361322803,0.010229181415622094,-0.24317985165442793,0.002005857938061328,-0.06490234456336151,-0.12625244659142965,-0.03014385726250133,-0.16065371997575387,0.03845602150686896,-0.1030414081261539,-0.030074450413433464,0.01367083570473401,-0.07319414946533591,0.04274212579297325,0.07359300749131258,0.18938167751727072,0.08676689015672066,0.04307296510686341,-0.039848322899170355,-0.2994049519473248,-0.13370905574295405,-0.3188360934123646,-0.04662381950517544,-0.267977067977068,-0.2532063650707719,-0.14010697909002995,-0.08779873864619628,0.030510325425579663,-0.11043184941490027,0.20635118940203687,0.06817834783936479,-0.14956713261798008,-0.0311433158890786,0.061544441205458156,-0.013054040172684241,-0.16374741459487221,-0.05845259743564828,-0.07638177468685943,0.12569395281259688,-0.04909886774293554,0.07716051953340089,-0.06301864267965963,-0.08355103948324287,-0.17156725292318512,-0.12552089840225433,-0.05645599374412934,-0.048027688705654804,0.2722516044549943,-6.84814244136278e-05,-0.1657662284780929,0.15653419212741246,0.15653372941508534,0.24094078670349856,0.2744823405840355,0.34246588653368315,0.4348246551636382,0.02372927627164915,-0.03951655816062596,-0.006747733866377934,-0.043223809325504244,0.03719420499081516,0.059187384611113426,0.11776445166275674,0.05041389617660804,-0.04739099654353891,0.289126260312701,-0.10198364774635961,0.11799164341537223,-0.19703632754480213,-0.12688728790423706,0.4730627391644341,-0.2674352318420115,0.23501390450542992,-0.20503384740672875,-0.017007454295589888,-0.03815201950795171,-0.022578973426431052,-0.253723677452491,0.013684717074547582,-0.11809945538759098
#53,0.4393671020789665,0.04204944543927595,0.11557721049246474,0.4597704021432835,0.7524604727994558,0.7104526714696207,-0.11214388502524096,0.24826089571852283,-0.23798498035786173,-0.1938801667615227,0.2933989459413188,1.0,0.5337863287015829,-0.13190540309184376,-0.4022418412248921,-0.3664107867497698,0.2588306334069046,0.16786046447063396,-0.33469046858877366,-0.14975823280908027,-0.2284503301452454,-0.2745068643373728,-0.3094148077198925,0.15766876275350852,-0.3241341495578784,0.05525941966619933,0.03792852945395318,0.26928885742445063,-0.09419434843163657,0.45107048496879004,0.31773021095054993,-0.3360156766936428,0.11116663659036541,-0.3274013612996664,0.0659022659022659,-0.06802750362072396,-0.1771970738072433,-0.10734555819301582,-0.020164540503523554,0.2743305709407404,-0.11905218006912922,0.30614065529319767,0.012431692092709041,0.14031890133585048,0.22099279556906676,0.19019558850067325,0.32709828472540337,0.18345849701781905,0.28619821670669127,0.13862676235557592,0.04923074075616449,-0.041165202182151334,-0.20721275975513265,-0.31029072215512893,-0.3375037595376578,-0.42105341088391934,-0.21553973079396807,-0.1977868469393893,0.24386929302183538,-0.04537033181100978,-0.050753064312386346,-0.0955005853310938,-0.17007315481891752,-0.04749371868015936,-0.028762198253723677,0.061626803999685356,-0.15129860214605978,-0.20234872777245658,-0.2906906906906907,0.08462730835612192,-0.10227238023848194,0.12516831160898959,-0.2266702758228182,-0.007891558739016365,-0.12614787360550073,0.017621473553676943,-0.19744536524197542,-0.2170995340486866,0.19634966245135738,-0.09827500844449998,0.14673810944997387,0.5874456891406044,0.24356621644757237,0.7161139567919229,0.5779906254482525,0.3917974985771596,0.45151561422747866,0.014174729428966717,-0.026493982426185815,0.4171333120485663,0.32021497614717953,0.46646261053040716,0.45865063831165526,0.3655464401227113,0.49815100154083203,-0.1130651452685351,0.15150358370697353,-0.3162254704627586,-0.06820888685295465,-0.12530573717014395,0.0646187019068375,0.3508183067505101,-0.1595089696784612,0.16984920205259188,-0.17323116645150544,-0.21158354039709973,0.10325749478291851,-0.09489628303187625,-0.18522235640879708,0.044147845842761095,0.0755262195940162
#54,0.23432353771336822,0.1292276868548055,0.14619349704095466,0.28380506855083126,0.43222930172082713,0.5206665833784477,0.11879861371386795,0.1976466451042722,-0.18651424922611362,0.10877533928381386,0.25954830022626635,0.5337863287015829,1.0,0.11607555166877201,-0.3145560043865129,-0.31314380636414535,0.281981981981982,0.07482104600748668,-0.09333000180457808,0.014295034634017685,-0.28823692721997807,-0.20462110801093852,-0.2687720077550586,0.22478611122678918,-0.270203176982838,0.22386300013418658,-0.07082691319979456,0.13443967850747512,0.11808603673010452,0.3592017286932541,0.21736975804772415,-0.04413766617156448,0.1948125321006677,0.029800524715778952,-0.1007144278330719,0.28460602358907444,0.09595681968563324,0.2056450903908531,0.15872282143468583,0.22141849091001634,-0.22169149118301662,0.2717139327308819,0.09090122479952989,0.16693920422733982,0.0683120717019022,0.04442269696506985,0.16046493334628928,0.027992244941397484,0.07032070591392625,-0.07982574253760695,-0.15042870297107586,0.016610909831248813,-0.17597782682528446,-0.18401005011174504,-0.3077990162735925,-0.2412341463188921,-0.3341453934674274,-0.03582318836556125,0.09000402559724593,0.11771170245746516,0.08494981884812393,0.14299060231263622,0.16886084852186548,0.10097077046229588,0.0430581583123956,0.05032042828652998,0.1628502153925883,0.07563125529227224,-0.05034911645081137,0.08185843779064118,-0.12416515128379535,0.059253552473891455,-0.11685568465229482,-0.057917701985498594,-0.14002692985743834,-0.05538805369313844,-0.011410948699084293,-0.00899327678988696,0.3274989936006885,0.3427749783681987,-0.1233766894783844,0.29021270885677664,0.056870121276900935,0.17387803828481796,0.17020965495541768,0.2638145078823045,0.22552136111458146,-0.020635581652530804,-0.10093699246241619,0.1339811305913001,0.23889791177926772,0.0574263014940981,0.046033861288098575,0.01857142196125247,0.06115668827533234,-0.07176066667592092,0.14541105049579625,-0.15128795976253603,-0.025064664047714895,0.04308638376434987,0.156089525581051,0.35490868372224305,0.03230287298083908,0.2040464193006566,-0.04690052147679266,0.07899332306111967,0.11590527353239218,0.08300550164956945,-0.18752527566086888,0.0733709055742954,0.04507882304492474
#58,-0.23409449511144426,0.075404988964311,0.07356663288866679,-0.29864517830619525,-0.24325342291443985,-0.04482757025129906,0.5454272454272454,-0.19185718846735797,0.3689635706584859,0.11317758436402504,-0.06962524928626623,-0.13190540309184376,0.11607555166877201,1.0,-0.006259572361267276,-0.04495898055220089,-0.1675125048006404,-0.09018772239111222,-0.039492959831942884,0.1793722844570302,-0.17793186098270844,-0.16406020812800473,-0.16043763331898925,0.028865383102671237,-0.0960549146989825,0.030373825289079528,-0.24610650712345628,0.03490377897157558,0.1657810352725607,-0.012109181600707024,-0.07750107580616056,0.2929746387373506,0.3467663349019281,0.21946029234164827,-0.06084944729012526,0.33478625004048734,0.19243557887625684,-0.039567919228936176,-0.0014362590633777074,-0.3559752356362526,-0.2454897115914065,0.26372612982782473,0.18371067523609896,0.17084357084357085,0.002893340181475775,-0.2134158812124914,0.12694049982185576,0.1968711392440206,0.06425269645608629,0.11343253885626767,0.07373367203875679,0.09890661077101755,0.03304367541655677,-0.14067704067704068,-0.19056807192400413,-0.12389538999708491,-0.3135056474039525,0.14214707774029808,-0.2649823937959531,-0.002295978567165008,-0.06695910085740595,0.13198776588607097,0.5640111606213302,0.2383190586580417,-0.29032884965088357,0.13737697636002721,0.7756696604154232,0.366287242558429,0.11119578746697391,0.1479064580759496,0.2073793361928955,0.16416478111393365,0.2492696085916425,0.3150918252613168,0.2580097817385953,0.15252895422386947,0.0284600471041149,-0.030847179999722373,0.0983555203894187,0.26283494588579337,-0.0016754813364982855,-0.016582684379294547,0.09168737304330525,-0.05297408348255806,-0.025705520620774858,-0.16817649699005632,-0.22239435120791054,-0.22544640171758815,-0.18785889124872177,0.18153870357260188,0.09535390552339705,-0.22033620677688473,-0.2552302687895908,-0.2926983994780605,-0.23173790122942664,0.015308374630408529,-0.046371178574568406,0.02478749936377055,0.12481618752805193,0.3792094097178843,0.25005575683541786,-0.22304214846587728,0.3198424927238487,0.09459552001924883,0.3079068282458113,0.2830809237588899,0.2845750218631575,0.07817200868048325,0.13957994974944127,-0.12526640662233882,-0.07702772109551771
#101,-0.3094356297746128,0.030840702027142706,-0.2684166446878311,-0.32320363506804184,-0.5040491955746194,-0.5293169903339395,-0.09323190679122882,-0.058210136176237874,0.31867506952252717,0.08523901405257338,-0.2379067819745786,-0.4022418412248921,-0.3145560043865129,-0.006259572361267276,1.0,0.5517747331306654,-0.12693217099996762,-0.2043832738747993,0.376523827371285,0.10993813536186417,0.4145467501399705,0.12886399496568987,0.32994859266045706,-0.3722131993318434,0.22991712822221297,-0.24702406566813345,-0.1687336026319077,-0.5546967614764224,0.207921172327952,-0.09343133580421716,-0.5494611714950698,-0.026904870972667583,-0.4024565397446753,-0.05393559969831156,0.04226553209604057,-0.15257985257985257,-0.03359060138721156,0.12703998297218635,-0.2076208720276517,-0.20046826487504454,0.6023473396354753,-0.09454184538930302,-0.26995979029877337,-0.10205814443102579,-0.3327387479929853,-0.350522633573481,-0.4821855754059144,-0.37399232822961637,-0.5460519070688562,-0.4063076944432877,-0.2594488170759357,-0.3448136888814855,-0.06278960007773567,-0.023931944270927322,0.34034203695220644,0.41870144412517296,0.13895667624481184,-0.00625263167636049,-0.24587561367222385,-0.4053660748576003,-0.27166581064886147,-0.2883604714113189,0.1115053420138166,-0.05925864230948977,-0.2304237982204084,-0.2695202135880102,0.14757423062507807,-0.0741482622838555,0.6626674440233762,0.10390159034226831,0.47845287506304457,0.0760805489619049,0.42091737345974634,0.04314653636687535,0.21929926845181083,-0.12023764905120837,0.04953011563181055,-0.03979094657060759,-0.27487518334975963,-0.058662668832160356,0.22595954968836324,-0.3694595982731576,-0.38577622306435866,-0.2533937635632551,-0.20995664385494894,-0.4610724746317967,-0.492451773807706,0.21678581509089984,0.2591244557346252,-0.4850067324643596,-0.5125806854620414,-0.30009716958869503,-0.20331579653613552,-0.3249013265962418,-0.2647223494681122,0.05551483687076907,-0.20191701717125446,0.12708116436929998,-0.12191220496305243,-0.08188990222888529,-0.16329950906222093,-0.4927368046012114,-0.08004368004368004,-0.4598610937593988,0.02525761508812356,-0.13958133788642263,-0.2335697793324912,-0.20897338015982084,0.010734463276836158,-0.28664288325305276,-0.29185024778245117
#102,-0.2654048501506129,0.04136185492117696,-0.27939449464873195,-0.31199165266961876,-0.4317656639690538,-0.45339561441256354,-0.0897004863106558,-0.017590471827759965,0.16918012002757765,-0.06972889684754091,-0.18961951165340996,-0.3664107867497698,-0.31314380636414535,-0.04495898055220089,0.5517747331306654,1.0,-0.29263454517691806,-0.033580884428342055,0.14639570232790572,0.2874461518529315,0.14477297019669902,0.5645442052221713,0.16786231531994245,-0.18230495518631112,0.15755308467172874,0.0551909382417857,-0.21885599004243073,-0.3653058297126094,-0.18973611515984398,-0.17475950526797984,-0.507249314028975,-0.03673704521162148,-0.3806914773016468,-0.07422275896852168,-0.10239870070378546,-0.27654650027531386,-0.3062813198406419,0.03319822133381455,-0.30263283314130773,-0.1760583387702032,0.36602766094291517,-0.12255167339913102,-0.45349232128893147,-0.17658305454915624,-0.4017583068430526,-0.053067088660309,-0.33085180712299356,-0.3444009494856953,-0.4060846671016163,-0.2244807210908906,-0.4042481618752805,-0.3393013969285156,-0.24114114114114113,0.1287746914865559,0.024675522980607725,0.5130568164466469,-0.02707653724602877,0.19984637950739645,-0.3172471392810376,-0.38443898443898444,-0.24046234215725742,-0.24118185982592763,0.10824645909391672,0.2135593220338983,-0.007651873753568668,-0.10324453883775918,0.06308897495338173,-0.006561260798548934,0.369255079424571,0.2210955177056872,0.3930870778328405,0.13573388488642726,0.3336179014145116,0.16344989056853462,0.09207188698714122,0.0690237232610114,0.058643234914421354,0.1376772766603275,-0.3657625267794759,0.012547370174488818,0.33773419027656315,-0.27623925929010673,-0.4077430280820111,-0.1775801996140979,-0.09826297792399487,-0.3781030645437425,-0.40400662604052434,0.32118482118482117,0.3433001568594789,-0.482374362035379,-0.5502556485607333,-0.3078924841636706,-0.08787832516646076,-0.20174812717185597,-0.16938278802685583,0.0035800052749205293,0.05924059652873212,0.11832572171555222,-0.05861593488712133,-0.08711346168973287,-0.30662048797642016,-0.49264657569742315,-0.05934887121327799,-0.4089655140502598,0.026288075440617814,-0.1203519389960068,-0.23925281213416807,-0.23437536149400556,-0.006384504689589435,-0.2735698718749566,-0.37362447192955667
#201,0.4945506369235183,-0.036342814308916005,0.6040033870542345,0.5205194408584239,0.3932573559692204,0.31683763887153715,0.14731372358491002,0.3545274087646969,-0.16706598740497045,0.5453041639482318,0.4363571583910567,0.2588306334069046,0.281981981981982,-0.1675125048006404,-0.12693217099996762,-0.29263454517691806,1.0,0.514164087045443,0.10958323500696382,0.018414562482359093,-0.1971154513527395,-0.1827454573217285,0.1181943114146504,0.2114785046988437,-0.023475709916387883,0.20559372932254288,0.2335674657708556,0.19522851048274778,0.28042356686424486,0.3678197457858475,0.3720864161542128,-0.13164628418865706,0.21112499248092467,0.10442769425820274,-0.09021502241841226,0.06979321386101048,0.03846388761642999,0.19313381177787958,0.22432987687224976,0.2690602775348538,-0.03562283392791867,-0.0323033356931662,0.029986535071280834,-0.012166557929269795,0.08837018837018837,-0.05293984277035124,0.21161176584905397,0.16442112374315765,0.06934993545163037,-0.039454554708792,-0.0719563939902923,0.07404507743490794,0.05141705650180226,0.12359046257351342,0.0017009305144898366,-0.19531503768791905,-0.195594515933499,-0.33722844570302196,0.027960317790826264,-0.11925531078073451,0.10860783742139675,-0.059074945515623485,-0.23871236413609295,0.1268539726166845,0.41884164596029005,0.0661104864494695,-0.10481498447600142,0.03932962238046984,0.030542715288478,0.0921366667129379,-0.05836236853186006,0.24043411670530315,-0.36574355557406407,-0.41579977512180905,-0.4770545584104906,-0.45573647607545914,-0.301048968845579,-0.2937658768167243,0.518196624976286,0.3264620552756146,-0.3015380557753439,0.006444657292114919,0.14175608582388244,-0.04904102870204565,-0.14669183821726195,0.07516622940351754,0.12849798951493865,-0.05157622954233124,-0.126832687849637,-0.13897102032695252,-0.10079725333962622,-0.1709199183775455,-0.21550826635572398,-0.19603640620589774,-0.1503861334369809,0.3863189846240694,0.3986340732103444,0.24709624879116404,0.23959105484529214,0.06654728688626994,0.24898041338719304,0.6018115187606713,0.14884298782603866,0.4476311442413137,0.2211274448562584,0.2354368235724168,0.12832539781692323,-0.07164360045715978,-0.3331760111421128,-0.023299879232082623,-0.08991749839207466
