,#10,#11,#12,#13,#17,#18,#26,#49,#50,#51,#52,#53,#54,#58,#101,#102,#201,#202,#301,#302,#401,#402,#501,#502,#601,#602,#701,#702,#801,#802,#901,#902,#1001,#1002,#1101,#1102,#1201,#1202,#1301,#1302,#1401,#1402,#1501,#1502,#1601,#1602,#1701,#1702,#1801,#1802,#1901,#1902,#2001,#2002,#2101,#2102,#2201,#2202,#2301,#2302,#2401,#2402,#2501,#2502,#2601,#2602,#2701,#2702,#2801,#2802,#2901,#2902,#3001,#3002,#3101,#3102,#3201,#3202,#3301,#3302,#3401,#3402,#3455,#3501,#3502,#3601,#3602,#3701,#3702,#3801,#3802,#3901,#3902,#4001,#4002,#4101,#4102,#4201,#4202,#4301,#4302,#4401,#4402,#4501,#4502,#4601,#4602,#4701,#4702,#4801,#4802
#10,1.0,0.30453788110486746,0.5166757202134507,0.5681156906334591,0.13870733611178315,0.2985114143161681,0.08978257793277855,0.5644729694568329,0.3785115969087083,0.557509802937001,0.5014493282876928,0.3172454089388178,0.1430941218896502,0.1835438473161179,-0.09882456052257985,0.05231824053828281,0.5672246390373721,0.3887851661820356,-0.06773726759393245,-0.06436752226487787,-0.11834735491881479,0.08866511158686612,0.3103160220389196,0.12535069179748662,0.17857185244696827,0.08094783787608358,-0.05979175320792269,0.04478903714388749,0.22921937124258787,0.15798728242957635,0.24119561595311023,0.12785038367257506,0.10198615035582721,0.04577138501006541,-0.0867871473110966,0.17531166264202275,-0.1832233974080989,-0.017799120816919024,-0.19780797655511784,0.056887618856331625,-0.05167277590874025,-0.14214007586720045,0.08783066367823543,-0.03082435967078565,0.0872198916313274,-0.10136533571920919,-0.0960144613291824,-0.13785189006103155,-0.1495058589381331,-0.13351988204521903,-0.058314579557852166,-0.010075456367230116,-0.14698973373442828,-0.08154674140787978,-0.15156276390328074,-0.02583501851031876,-0.28702634353873474,-0.20474740604472605,-0.0060483778935211605,0.06521109980051765,-0.19370512217723346,-0.001924525373515865,0.012212702050057745,-0.030244628355708528,0.19402100727174793,0.03202216673437807,0.06229509693381477,-0.05650143563384718,0.19713055823104347,0.0878388803425436,0.31031784796432144,0.357360077054052,0.04552123323001639,0.15288655981959856,-0.10730780993942493,-0.11027859056818233,-0.12906462406478383,-0.0478218992363067,0.19245710216509104,0.19321029639334086,-0.06436204448867242,0.017429370923050937,-0.1779866433556857,0.26616879767377105,0.09596790023143605,-0.032189238908644384,-0.024285720806876434,0.1185646400416311,0.1326717396960747,0.022111043653311544,0.04349719492210146,0.04295124322695796,0.14427184377382263,-0.04616487193415713,-0.09624635385521324,0.36115252411362736,0.22574189631482605,0.2809277526966636,0.17650855674291427,0.2050934189083705,0.014606490251840762,0.3364157997325019,0.19918655023349022,0.3312420401064515,0.10295023896798697,0.1932979408126281,-0.16074716867442382,-0.10209935773073991,-0.06466332217997234,-0.19020117133114525,-0.2119068595452533
#11,0.30453788110486746,1.0,0.3842751304395459,0.5001109249681605,0.02646678869934769,0.29399863968557566,0.20821118653197423,0.26234530988236476,0.18576873741823277,0.346682065304222,0.27963408454947575,0.17682444183742874,0.09004185933983667,-0.070496240876079,0.026228505434410476,0.35356671703177567,0.24838611018546838,0.2332227126860732,0.21142846708997703,0.2867442380641539,-0.023914144987606533,0.151890517512907,0.14449734556094712,0.2612652750071896,0.1983384078843459,0.17540022002401093,-0.20361350637019723,-0.007986597707550658,0.35507767030177984,0.3314794104086878,0.039665490466386996,0.14521036943035692,-0.05538305632523383,0.18089534252078132,-0.05153217965280028,0.27617304295033024,0.03608393779072156,0.19563421236425385,0.0184564539615734,0.07052545568250809,0.16319208278745773,0.12640790260513907,0.10534128828166725,0.05824884624338673,0.009073936284333103,-0.02990774511907316,-0.20485057082992875,-0.16585519498600884,-0.2058237890690976,-0.14258377573984216,-0.17970301323339435,0.025496309348281575,-0.34578188408112587,0.02491840395860627,-0.21367983311041827,-0.054712028740065824,-0.459958825382189,-0.30850652996571826,-0.15894680622823154,-0.12998580343000088,-0.23500755476635002,-0.2146503124614844,0.01696741179639106,-0.14934700342817495,0.18207123847955192,0.0382120538465401,0.013143011042283867,-0.005946126071019369,0.287073817599182,-0.027560518015036495,0.26754189357593794,0.2688109117302013,0.028033432694107283,-0.01898140751459599,-0.12983425162165,-0.1634559290080204,-0.2508912798367623,-0.2605577289139852,0.14857189809510332,0.2358210045328598,-0.11904029360880461,0.26233161544185113,-0.27880328849164865,0.33159170482089956,0.10365687209849042,-0.14922284050085133,-0.16111417968018918,0.20699420725166273,0.2692153542067039,-0.19636458252498093,0.10085225068129841,-0.14150100197656426,-0.07202910525090497,-0.1137396321673278,-0.16224442750391432,0.2731064012379774,0.4133831202326229,0.14340818105876285,0.09022810373082207,-0.08570619947322052,-0.07329081970356101,0.10347062770750501,0.04187759909068915,0.05582401730977281,0.04325252091825788,-0.050877585396248634,-0.08534557920636153,-0.18262358091360179,-0.04781733442280216,-0.09086078688255192,-0.03712106341895402
#12,0.5166757202134507,0.3842751304395459,1.0,0.6745598378578244,0.09746424609822565,0.3581041416552927,0.25870167574303754,0.25968311064651456,0.02072699219873372,0.5535575874047666,0.24182738614213917,0.08243414115316319,0.15754358255693462,-0.05640557455025175,-0.14290605157326297,0.07424943053951531,0.553032633851744,0.6308727466939338,-0.02712686073210479,-0.07787389246212346,-0.1662833744927351,-0.13264708970315017,0.386307385411769,0.1537027484742111,0.1941661683411924,0.2072078405236754,0.13581324434990208,0.2820406542290715,0.13639388862768012,-0.03130183916336098,0.39605782705747555,0.20900546408176493,0.2717269145969041,0.15812422683471267,-0.24776255666074762,-0.10544354010416905,0.025200509433187107,-0.17336522616368508,-0.017837465250357197,-0.03698685790192042,0.014687743932221648,-0.0026366362802247713,0.015848119525076802,-0.38247659391875544,0.001097381166492443,-0.32992098307823636,0.021433625329237174,0.05636814307951449,0.07440463419866981,0.12379865520594156,0.30036290267361127,0.35773073991062093,0.16428033432694109,0.3061684324886907,-0.021415366075218996,0.1319066769527131,-0.3298935941972091,-0.2669913770672899,0.10649527313561605,0.11511272806949473,-0.17187983584930638,-0.06995302806903823,-0.17258007824090346,-0.2050313374447087,0.25080546134287685,0.1455892489512341,-0.10740367102302036,-0.194451012703876,0.009648189823204773,-0.029193808286962435,0.31193287898222916,0.2823172819274469,-0.1681713813582146,0.046001451610694445,-0.2201573034733666,-0.017174654329497368,-0.23989920891781966,-0.09375122679362935,0.09424057480131649,0.1425390405674976,-0.13561147959300124,-0.13687501997105908,-0.43771266324914293,0.13843618618961323,-0.11308321198537434,-0.09980508246335595,-0.04886632856614643,0.04180456207461644,0.28253639297566496,-0.06389095573500345,0.026229418397111386,0.08276098180008856,0.10741371361273035,0.0036007248923845218,-0.032558075839811566,0.3976052988355161,0.42679910712247854,0.461711713767934,0.5090524816608617,0.2908361368896274,0.31501230217239473,0.5522648322202797,0.30450592741033566,0.40189531056708677,0.35574230714804145,0.3780989377678975,0.26129175092551593,-0.2312534521402128,-0.02682467007810396,-0.08062191019185912,-0.09742407573938566
#13,0.5681156906334591,0.5001109249681605,0.6745598378578244,1.0,-0.04224917490995905,0.3659227542258761,0.20427266544025344,0.3231860572336317,0.05212651837109195,0.7072064710796241,0.3582283045826163,0.08018916587162832,0.059630158809861826,0.06287482824889189,0.06560549968731028,0.11669489243016977,0.6589655219636001,0.36408222142084384,0.16319847352636407,0.009899254565954708,0.05239492940515915,-0.028060821575134547,0.4321709796546262,0.1287213500892421,0.18566922448383372,0.14297817562663478,0.12878708340370754,0.17778579156148575,0.1726467245180698,0.06264750053636559,0.28345939826628386,0.19505721993727945,0.19454230897396688,0.2130745388397157,-0.032312488873267084,0.01992449798463484,0.09931390853026699,0.005764446493538506,0.09434282662381828,0.061916217412937596,0.20562111134949582,-0.029585469285652335,0.21186395029831057,-0.15235704145307144,0.030987779994248336,-0.2603660067467944,0.04791045661829486,0.03656598209680143,0.10682759155874687,0.01750879867803001,0.17026936964490316,0.16860047382764176,0.10046424153341216,0.20280736030529473,0.0588440979243793,0.06946276709865018,-0.348795573956826,-0.4104552488508082,0.03778478730251476,0.007891649586656137,-0.22432406524031462,-0.12743772453176425,-0.11060725714050952,-0.23863019076355635,0.30038207489033036,0.14675875417109835,0.09040156664399476,-0.04283073215043799,0.19709312676030621,0.06537360716127942,0.4069102146831791,0.39290080203773275,0.020953406948559117,0.06540647381851214,-0.17527057932048187,-0.17841573582511286,-0.3224830759539319,-0.21524739006787877,0.18233234581201185,0.07116087772234066,-0.07746123332131266,-0.06550963860371485,-0.22852734551529896,0.16849822200513997,-0.028420528879292636,-0.12032300620358155,-0.16447205649413194,0.11494291700712568,0.17468080541569475,-0.019172216719085942,0.06914049126522936,0.018913848274728737,-0.053425664294485246,-0.10105401543819927,-0.1938849758293125,0.4141965699991327,0.2578836611630232,0.3480862019382198,0.32490060118593855,0.26641621056571735,0.13609900167528655,0.3762227994175298,0.20951489726887207,0.3607709057046474,0.2518225017916893,0.2372735281900058,0.061548293444471325,-0.1850611913250284,-0.07133251471011152,-0.18691176671977067,-0.2176019208735227
#17,0.13870733611178315,0.02646678869934769,0.09746424609822565,-0.04224917490995905,1.0,0.47260427175247754,0.006416301861987429,0.11741248111308412,0.0535443494456034,-0.027743110555218265,-0.07442471937808981,0.5282018743124249,0.33297484331277644,0.1338476356548453,-0.1280092391825332,-0.18465218403502126,0.14110751505247254,0.1358780647016666,-0.018857244587272386,-0.07632642068408295,-0.2753349431908959,-0.2226615601619596,0.21365792200559647,0.0876015100403073,0.1506342808364564,0.042112230504822726,-0.05476406761401763,0.11910876581137278,0.12981599236763183,0.1988460151460512,0.1785526802302492,0.32286286843751,0.2488827618947628,0.21800636335002532,0.12663340439226356,0.21609005464081765,-0.013530107227469222,-0.06664810309174819,0.11216842335906367,0.0813632359049971,0.057242761346985166,0.1484678203471997,-0.0069814257738500096,0.03679878758553319,-0.01801001520082897,0.025602213021587,0.0736505270077191,0.16106122784353646,-0.14747451692861088,-0.04740650120739317,0.018020970753239877,-0.016125660186153096,0.00520388739518047,-0.03327109970922138,0.015952197272980414,0.22234841395554786,-0.25405652152081326,-0.2012069366906015,0.020486883008394692,0.004504557966284287,-0.15942428572080689,-0.07953274568967485,0.2070736350066418,0.16407583068193748,0.017978974468998068,-0.20879000488435046,0.22609064806657325,0.09934312333669608,0.04208666754919728,-0.04469865383649751,0.01026352668361734,0.015569665901299603,0.0007267183099234481,0.09938420665823698,-0.1271318820269598,-0.111894534548791,-0.3114946568857929,-0.1404748319007427,0.2374287318491603,0.24193602870354733,0.3509109085348318,0.4156007066331305,0.24043055320974863,0.18063971296452683,0.5468354430379747,0.004037121063418954,-0.04814965284593298,-0.03688825793022226,0.13542432223931491,0.10445297557368294,0.23451455490785925,0.02009978682320934,0.31713037563850327,0.04135355850036747,0.015610749222840501,-0.16117626114385097,0.13313004697193095,0.025879753682663296,0.03974674414676788,0.17439230920220755,0.16761630003606204,0.15937863758576143,0.30249467058023344,0.0414393769942529,0.15828947308357716,0.19934540574344836,0.15486677591786988,-0.1620244034929953,-0.002213021587003063,-0.07010914469089366,-0.05715785581580064
#18,0.2985114143161681,0.29399863968557566,0.3581041416552927,0.3659227542258761,0.47260427175247754,1.0,0.15884455440572975,0.20261107332459932,0.20086548864046158,0.25685840404990257,0.09841555323257269,0.48847886719588074,0.47132338508310245,0.1345259669416206,0.1130074360811989,0.13128038453988963,0.44353553935553963,0.4288222324676925,0.08082276198605906,-0.06725613625055349,-0.13244897679705295,-0.24863991381632103,0.19173768755677487,0.1467240615884638,0.1277125263047378,0.029044082404013384,0.0064455166684165115,0.11044018496624321,0.5088981909644081,0.38738285547343965,0.4444713261239712,0.5098266740312325,0.28381910557044193,0.42313630076643216,0.27425399535301986,0.23980243487152333,0.1250192863370567,0.16504904892110633,0.10277677605481428,0.26180027114992216,0.06569223114389662,0.13562334810811305,0.10878498358949545,-0.08100444156353992,0.005061465213838688,-0.12036317656242154,0.07350536593827459,0.1261522730488846,-0.12882086302364118,-0.07916025690770404,0.14449734556094712,0.20998507305984013,0.04024065696795957,0.030443654224506657,-0.005884957570058475,0.17867136538136735,-0.5310402753495506,-0.5086599076994709,-0.04006628109208598,0.02656995348455039,-0.3509382974158591,-0.2612223657602469,0.1679933536315374,0.1672648093962121,0.09031392222470751,-0.19996165556656184,0.29419766555437377,0.1531668393687776,0.24495245746735017,-0.050350805917824225,0.41918134634609505,0.29740307759726475,0.051167907535137655,0.2789566662254014,-0.24818799727937116,-0.24562257208981728,-0.4650723294699795,-0.45195762027142383,0.37540661076291726,0.4502540318715279,0.13324690619764729,0.29733734428279934,-0.03146799837492639,0.3725316912177553,0.4048067486202851,-0.1939580128453852,-0.23145339097171186,0.013634184975372832,0.19294462424737638,0.03669744872573231,0.033890088420437586,0.0010060848964015576,0.10841523369562736,-0.10745297100886943,-0.22798869752176276,0.03903645916546079,0.21684324886906745,0.08853181903253343,0.13862060465519682,0.3317049121958122,0.276506274336162,0.4618678303897894,0.541713722285876,0.12175818356941027,0.15068449378500642,0.268342561864635,0.15812331387201176,-0.3398485394879192,-0.16659560773644594,-0.2916724107236599,-0.23761497624014571
#26,0.08978257793277855,0.20821118653197423,0.25870167574303754,0.20427266544025344,0.006416301861987429,0.15884455440572975,1.0,-0.02073612182574281,0.046655132904545184,0.3081367800718502,0.09143138857061994,0.05131945934348852,0.2756891727188486,0.18780373127855862,0.16800157029584556,0.1480003834443344,0.3067810304610005,0.17696868994417234,0.009660971301017496,-0.03610584889554337,0.13107770682028785,0.025786631487170593,0.017693217143613597,-0.06431457042822515,-0.08169372840272611,-0.025916272190699648,-0.07093537593521616,0.05104283164511314,0.09287934741426139,-0.08482884231764712,0.13558409071197397,0.10604700844946979,0.12145416699000762,0.1837520028119251,0.1251133214952503,0.02415516714064647,0.13605335354024112,-0.07960578270574756,0.07196702378724318,0.0834347482733593,-0.08520589591312247,-0.02013904421934842,-0.07247189216084576,-0.16613090972168332,-0.19136245988670134,-0.0791255643250695,0.03856171856098819,0.11077159042667312,0.07585807081851671,0.14247787206653673,0.0738258158462936,0.15616226999045954,0.05549169888664199,0.21036395258071733,0.17631318272491978,-0.037395865191927585,-0.17594799764455624,-0.31021924799262324,0.14283027566908754,-0.058596685032433,-0.140672031844139,-0.17727179356087408,-0.0025462529728347946,-0.04298684877229341,-0.07344876225081824,-0.2006600720327571,-0.014087014475023623,0.23498746958693004,0.10271469459115248,0.07890462735144955,0.29985712133730774,0.3296580498203746,0.054197117776753234,0.2339129124879603,0.048120438039503895,-0.007826829234891608,-0.0072215349641890384,-0.19908886322449296,0.028404095550676276,0.06284926529326644,-0.04279056179159801,0.0430069339517134,-0.1536744466304829,-0.12343620901368074,-0.09400594338718292,-0.16975080683078692,-0.22021755901162657,-0.03657785061191325,0.016969237721792877,-0.01993727946244756,0.034898912204941866,-0.02723641625621385,-0.15835155454723898,-0.15910383581278786,-0.16843340165337545,0.09627739458704415,0.11467450597305848,-0.04048441800910224,0.026239460986821384,-0.049541008002118074,0.12278344068253091,0.01725316912177553,0.09892224753157709,-0.0560814727914291,-0.0730634919910347,0.030683763414845685,0.08053974354877731,-0.19395709988268428,-0.15347085594818025,-0.12654119515947176,-0.1759972976304053
#49,0.5644729694568329,0.26234530988236476,0.25968311064651456,0.3231860572336317,0.11741248111308412,0.20261107332459932,-0.02073612182574281,1.0,0.48858659679458794,0.36525811737961444,0.41840350212492067,0.2336125477593613,0.04345611160056056,0.29009846302729303,0.15927912465136237,0.032333487015387984,0.3253287806926648,0.1837821305810551,0.23769714288322752,0.17167259331620008,0.08801782103192174,0.2367987875855332,0.20548781879516312,0.10075365070960025,0.12937137953228922,0.006438212966809241,-0.15239995070001416,-0.0803315880529701,0.26037513637380344,0.2673702565881671,0.16221795158558797,0.16755787042320386,-0.10339850365413321,-0.035754358255693466,0.16112148338179644,0.311223506963623,-0.0879210469856254,0.09499285606686539,-0.019897109103607574,-0.04154710659296015,0.07687511126732917,0.05793296114887226,0.020924192142130035,0.16584241350819612,-0.06708449926278262,0.017256820972579166,-0.18618778729794994,-0.22147105679997445,-0.23510798066344998,-0.29634769271501415,-0.16134242035541638,-0.17015159745648592,-0.27676646870592103,-0.25087119465734226,0.05845517581379213,-0.006893781354562759,-0.2634006947646154,-0.1914628857838013,-0.18936215860901004,-0.2459676719907608,-0.1987857596077912,0.002599204809487508,0.2034866045547709,-0.06730178438559893,0.1373388050231208,0.014944286451177038,0.2826632947910913,0.01427143294060721,0.45045944847923236,0.19696166013137534,0.3292170888358356,0.22743452916231108,0.35859805447648435,0.10099102101183656,0.1200801581251398,-0.03896798696289263,-0.08206530422199601,-0.1356918203106812,0.18237251617085184,0.197606211798217,0.2526459941479091,0.12370188115964523,0.13083577170454702,0.13727307170865535,0.14852168514655334,-0.14298365340284022,-0.12799828363012228,-0.0021034660628940004,0.019674346204585812,-0.0016405939735332114,0.10015748606590678,-0.015374291883305108,-0.02355626360885026,-0.17534087744845184,-0.16807369434921737,0.2713206461949997,0.044630181633929344,0.08376889262189194,0.0655260719323312,-0.11085101818165219,-0.10897305390588267,0.01704775251407104,0.13958469326735656,0.18236521246924456,0.12064893388780601,-0.052892494077154475,-0.3267931728649226,-0.030463739403926653,0.1481263722970598,-0.2881785024672817,-0.2467710791675606
#50,0.3785115969087083,0.18576873741823277,0.02072699219873372,0.05212651837109195,0.0535443494456034,0.20086548864046158,0.046655132904545184,0.48858659679458794,1.0,0.25272816079099086,0.42820324375647634,0.15610292741490048,0.17919449300898813,0.2355827212679226,0.17276175781838432,0.024460096682750027,0.22781523460859007,0.1771841491415868,0.06428352969639425,-0.05088580206055682,0.243582100453286,0.14121433168847886,-0.005568159512843103,-0.15543372575513428,-0.007198710896666316,-0.2684247285077168,-0.2378797354234093,-0.2434789356680833,0.27624334107830023,0.08147187846640526,0.155075844376378,-0.04123761223735204,-0.23087457261933564,-0.23344364965969316,0.08939548174759321,0.2356749305007144,-0.21339590171043563,-0.07189489973387138,-0.1723974857007217,-0.11328223785417246,-0.12165410582150667,-0.12129805036815221,-0.016906243295430164,0.16124564630912003,-0.015902897287131335,0.08189001538342151,-0.2905549443777474,-0.3262956081929273,-0.2417999972611119,-0.23998867926250872,-0.22639192575787317,-0.16363486969739852,-0.2893334002839314,-0.24778903257907398,-0.043388552360693305,-0.2281073826728809,-0.06018250124391168,-0.14801772973565164,-0.16514308407929995,-0.13904969712462398,-0.03649385804342964,0.09152816261691629,-0.0045922023855715375,-0.0128371685374794,0.055191334158042976,-0.1050683124340955,0.030173417265037635,0.12226852971921832,0.2385525889339791,0.013657922005596462,0.22443544668982549,0.1699233567812587,0.2313657465524246,0.13170765108391497,0.2103940803498473,0.06708176037467989,0.09211428467089977,-0.08112312671465807,0.15907370804365786,0.10400197199943396,0.09563101699480067,0.05481154167446489,0.04155806214537105,0.08293353175056033,0.09179200883747894,-0.055395837803046556,-0.04952640059890353,-0.07098924073456979,-0.026166423970748674,-0.007810395906275249,-0.11555916683023915,-0.14165529267301785,-0.15858801188677438,-0.178163758119662,-0.1795843280822762,0.29242286606380696,-0.00037157581926990373,-0.04255410445206261,-0.16323590499710133,-0.19180433383394122,-0.17377423345369225,0.013359383202399266,0.09900350121195799,-0.07509939881406145,-0.17761415457371488,-0.17579918472430808,-0.3834096417990843,0.09684343146160763,-0.021234599460439044,-0.20998689898524195,-0.17906667823086087
#51,0.557509802937001,0.346682065304222,0.5535575874047666,0.7072064710796241,-0.027743110555218265,0.25685840404990257,0.3081367800718502,0.36525811737961444,0.25272816079099086,1.0,0.4553602322577111,0.04820169171988478,0.17000826231244323,0.10365322024768678,0.13646692564375282,0.1433305792291856,0.6135602349965992,0.31176763273336466,0.09331756951069764,0.03627018218170697,0.17735578612935768,0.06070380294613063,0.24751696969420314,0.09594325023851151,0.1531257560472367,0.15693463643542843,-0.016045319468473117,-0.012906553702748473,0.16471216568447097,0.016897113668421077,0.22545248713863794,0.08655890663586939,0.19534845503886938,0.07665508725641014,-0.023092478556788563,0.014756216134789814,0.08422080915884182,-0.06036783267219618,-0.007079112782847257,0.0134762424281156,-0.009567849105524794,-0.011952507680298721,0.050873933545445,-0.20596347236233664,-0.10312187595575782,-0.23341169596516134,-0.06336691514468176,-0.14022924493419822,-0.007050810939119082,-0.0561837246139309,0.05764355197268416,0.04418556879858673,0.059905873545536295,0.12835525204617765,0.10964408149105068,0.03770444658483477,-0.20864575677760686,-0.3160019537401799,0.024769591038358126,-0.07850840153925512,-0.22432863005381914,-0.16705574093770398,-0.10796423012137839,-0.11249069919248449,0.21832955214614708,0.09596972615683787,-0.038937859193762636,-0.024188033797879187,0.21680399147292836,0.041962504621873675,0.4247358114184245,0.4168359451674602,0.13269273783819563,0.12601167679294462,0.02814572710631907,-0.08745361008276006,-0.08567059392788508,-0.1583442508456317,0.05706473362030794,0.0620513358926721,-0.06563014968023481,-0.09232152720400608,-0.20159311991308596,0.034253447575399304,-0.06539825715420397,-0.14592156737436493,-0.17208160060620722,-0.035731534188170745,0.17434392217905936,-0.07713347971168638,-0.0678869934768815,-0.03575070640488983,-0.11724632190151871,-0.09916692153542067,-0.1683850146302273,0.40398599515216804,0.25960368289153546,0.2201162201518257,0.17328762433410783,0.11638083326105712,-0.03586026192899889,0.26391377980252617,0.14809167971442527,0.27957109012311304,0.06271962458973739,0.14800677418324074,-0.16189567575216715,-0.2016588532275514,-0.15299702830640854,-0.23248138697293522,-0.2221055658771061
#52,0.5014493282876928,0.27963408454947575,0.24182738614213917,0.3582283045826163,-0.07442471937808981,0.09841555323257269,0.09143138857061994,0.41840350212492067,0.42820324375647634,0.4553602322577111,1.0,0.16311356799517956,0.11347943779756878,0.2809916600857272,0.10093076547357657,0.20217924196706943,0.27460457303016883,0.08761794336892366,0.06542382010982942,0.08775671369946181,0.09728621837154842,0.2015995106519923,0.07406409911123081,0.07800718501645615,-0.04309549133370156,0.0031177676236037377,-0.09583278175170154,-0.05671233001775713,0.13901409157928854,0.12076853200162507,0.08145270624968617,0.04120383261741842,0.06668918641328908,-0.039226355407249835,-0.007323786786690829,0.24348076159348508,-0.13033638110714987,0.010722746922174495,-0.20162781249572048,-0.031713585341470875,0.018445498409162493,0.07437541939224072,0.2632966170167118,0.07469130448675519,0.1346702150483642,-0.004689889394568785,-0.1576869177009773,-0.11933426759849726,-0.057181592846024275,-0.1544778538072827,-0.10480537917623375,-0.039769568214290604,-0.18440385818037405,-0.08193383759306513,-0.18040416858769234,-0.11092679408582762,-0.19577754750829654,-0.19396896839779612,-0.0619061748232276,-0.13810204184108058,-0.2597205421172518,-0.10424116822707208,0.08327132794989661,-0.02892813614099796,0.14582296740266676,0.0011649404063596982,0.009477465798134818,0.10203818922977902,0.282746374396874,0.14529436199884055,0.15191334158042974,0.3095098759740171,0.07286537908493748,0.05876101831859659,0.045208087023604654,0.0840747351266964,-0.11371954698790782,-0.17322645583314694,0.1593238598237069,0.007680755202746191,-0.07641862991687474,0.08495665709577435,-0.09347277316985214,0.21857696503809337,-0.069825213290911,-0.09276066226314324,-0.18414275084791412,0.13934549703971844,0.10180173189024362,0.08849438756179616,0.1251635344438003,-0.04207936384759001,-0.08587327164748684,-0.20219384937028398,-0.2519293184276956,0.31374145809272963,0.16904143481218076,0.0811459507821808,0.0279010531024755,0.0010042589709997399,-0.1511875362332072,0.10832119853743376,0.11919184541715548,0.2624521265183711,0.10465382736788288,0.01908457229979869,-0.179285789279079,-0.13828098253045873,-0.04752609932121223,-0.2609767787937024,-0.2660218106789247
#53,0.3172454089388178,0.17682444183742874,0.08243414115316319,0.08018916587162832,0.5282018743124249,0.48847886719588074,0.05131945934348852,0.2336125477593613,0.15610292741490048,0.04820169171988478,0.16311356799517956,1.0,0.5071078711079259,0.17423436665495032,-0.08897004112896968,-0.015960413937288594,0.1919586245303948,0.11541309279809374,0.0046561097746351575,-0.0014461329182396253,-0.19471212003633592,-0.04036847174608681,0.14693586893507465,0.1792136652257072,-0.023513354361907546,0.03391839026416576,-0.02626684986784865,0.04975920608763529,0.29449163954406643,0.2926118493428951,0.13117630679198602,0.2983498199181073,0.19713512304454803,0.19410773872833426,0.18114366837542853,0.31847882154774565,-0.1676044315209502,0.11909689729626097,-0.06727165661646893,0.1519215582447379,-0.009552328739609343,-0.02875284730242346,0.1579927602057818,0.21461744580425166,0.10288907046702607,0.10338937402712413,0.04264266183405077,0.07955465679449666,-0.13658013301866553,-0.12822469837994768,-0.08697156577668019,0.02971693591458321,-0.21943149812614407,-0.15698667530938024,-0.2146512254241853,0.036657278366892324,-0.3474343465697709,-0.25710672990454975,-0.04878872673656918,-0.04265179146105986,-0.2609749528683006,-0.1660450912277979,0.2462972515257889,0.14967475703780123,0.10554670488937175,-0.1888645939370147,0.21606266575979038,0.1791725819041663,0.14122346131548796,-0.04383407815873683,0.021288464259792667,0.14360264211405643,0.028661551032332575,0.2705829723326654,-0.11009691099070147,-0.19287158723130365,-0.3107807200536822,-0.3314556733784641,0.3058215066623453,0.2503791077615524,0.0890759448022751,0.4047793597392578,-0.014561755079496226,0.5092761575225844,0.560695129800472,-0.03658150246271689,-0.10312735373196329,0.07057932048186172,0.14845138701858335,0.15020244947892653,0.23176927606622633,0.009629017606485686,0.20448903760036885,-0.06636691057986827,-0.0969128166268767,-0.1290299314821493,0.16500157486065906,-0.028032519731406372,0.06278809679230556,0.21889102420720602,0.04646523666275614,0.306505315725326,0.21339864059853836,0.022124738093825178,0.05931336075264645,0.1823880365367673,-0.004364874673045233,-0.162478145955347,-0.10088785622663386,-0.21247107049441494,-0.20753376820789987
#54,0.1430941218896502,0.09004185933983667,0.15754358255693462,0.059630158809861826,0.33297484331277644,0.47132338508310245,0.2756891727188486,0.04345611160056056,0.17919449300898813,0.17000826231244323,0.11347943779756878,0.5071078711079259,1.0,0.30929989455280804,0.08070864164844545,-0.14033423564480274,0.2615930286168159,0.03810432424783285,-0.09485682462442997,-0.23501120661715366,-0.12145690587811035,-0.32871222046223303,0.06617792730078012,-0.0037340174467172145,-0.15318418566009487,-0.10784371904485843,-0.07694358346989734,-0.028795756549366176,0.38791146087726586,0.1764629086078688,0.2365833283881187,0.2412942159248084,0.1450222991139697,0.14058438742485177,0.2642351426732461,0.2574938260897351,0.002702369594690209,0.027642684658118293,-0.06289400046561097,0.19941661683411924,-0.08101448415324992,-0.08127833037381257,0.03272514801407789,-0.09701963326288304,-0.008561764209123236,0.019431498126144055,0.10076734515011389,0.07275125874732388,0.01921330004062684,-0.05728840948203061,0.12530595662514207,0.03915149246577531,0.051945751756312,-0.12588386201481738,-0.12332117571336623,-0.15408893169669552,-0.20179397170728589,-0.3740965092871131,0.06068097887860791,0.019576659195588566,-0.1927428594904755,-0.10412887381486029,0.27295758831772926,0.17016711782240138,0.03246038883081432,-0.2832713279498966,0.1929674483148991,0.29192804027991437,0.2142075255515436,0.07556044497802042,0.22855382143362532,0.3583451638083326,-0.023275071096970332,0.2535726512893316,-0.14350404214235826,-0.17898359862507818,-0.2302017191087658,-0.24229664897040631,0.35696841605536206,0.17371032606462863,0.03741595037134758,0.2074835552593499,-0.12028283584474156,0.2951781874951499,0.3756448940278545,-0.056650248554095325,-0.024945792839633538,0.061226930573751406,0.06979052070827646,0.12398489959692696,0.18031469824300328,-0.011731570706678778,0.009205402913263978,-0.10955917595986615,-0.13600496651709296,0.013415073927154707,0.024351454121341872,-0.10285620380979335,-0.02969958962326594,0.26715114553994895,0.10100106360154656,0.27234407738271854,0.32833425390405674,-0.08955068540674771,-0.1986597707550658,0.15453263156933725,0.12205215755910293,-0.0965102000757759,-0.2607512770065779,-0.19172399311626123,-0.22491292618240083
#58,0.1835438473161179,-0.070496240876079,-0.05640557455025175,0.06287482824889189,0.1338476356548453,0.1345259669416206,0.18780373127855862,0.29009846302729303,0.2355827212679226,0.10365322024768678,0.2809916600857272,0.17423436665495032,0.30929989455280804,1.0,0.22019017013059933,-0.13537958706697037,0.1705122177233449,-0.00847046793903235,0.08309147429781756,0.03987090707409149,0.05658542820233079,-0.14752472987716087,0.18435729708262769,0.014671310603605289,-0.05758512235982599,-0.10717360442239132,-0.04732798641511501,-0.036462817311598734,0.11529897246048013,0.14400708459055905,0.12312488873267083,0.1611287870834037,0.09968183249873326,0.11822958273039755,0.39277937799851187,0.42244975281534874,-0.06002364573395354,-0.003973213674355334,0.09306376587984498,0.1115028735501011,0.05708025398622339,-0.011400165246248865,0.05756138532960236,0.06326557628488089,-0.16676450583611407,-0.11908228989304642,0.007743749629108902,0.008254095778916953,0.01661318226843842,-0.23452824934837288,-0.11232636590632089,-0.25280302373246544,-0.10060666371475394,-0.24210401384051455,0.1270086320623371,-0.09270953635189234,-0.10650257683722332,-0.3321632194716685,-0.07507109697033328,-0.16946139765459883,-0.15637955511327584,0.05000935786768432,0.4895004724581977,0.22634353873472499,0.07850383672575056,-0.0011558107793506096,0.5845563229514258,0.32377857002652155,0.47285077168172296,0.5085503521753619,0.3006240100060712,0.28943108729292866,0.32541733807465295,0.2334381718834877,0.13865347131242953,-0.0772384704222909,-0.06833434520032684,-0.19475229039517591,0.24153158622704468,0.021859978910561607,0.3471221133260601,0.35533786467153883,0.3313707678472796,0.028926310215596142,0.26630026430270193,-0.08169372840272611,-0.11517572249585743,0.038604627807930905,-0.2130544536602957,0.20969018610744658,0.27450232120766704,0.07687876311813281,-0.06395121127326343,-0.22006965905407935,-0.2187641223917797,0.04970077647477712,-0.05678080222032529,-0.10529198829581818,-0.12572318057945742,0.04453340758763301,-0.10479259769842103,-0.04530486106990099,0.1410746483952398,0.13194502138615127,0.15645259212934856,0.013598579430037385,-0.057198939137341545,0.024582433684671813,-0.05437058068992591,-0.3284940223767158,-0.3130704305075616
#101,-0.09882456052257985,0.026228505434410476,-0.14290605157326297,0.06560549968731028,-0.1280092391825332,0.1130074360811989,0.16800157029584556,0.15927912465136237,0.17276175781838432,0.13646692564375282,0.10093076547357657,-0.08897004112896968,0.08070864164844545,0.22019017013059933,1.0,0.34610963769075215,0.12323170536867717,-0.10766295243007847,0.36834119242058366,0.1878238164579786,0.581559979367043,0.2694025115603902,-0.002670415900158399,0.06809149712188509,0.07320956602318013,-0.11074602747104767,-0.2669922900299908,-0.4138669904641046,0.3298305997708464,0.23524036025508177,-0.07003884656292367,0.0012681051915623988,-0.1321540898446594,0.14734761511318456,0.395432447607353,0.35856610078195256,0.23457481044611922,0.316081381495159,0.2965823241291477,0.09146334226515175,0.2006819831375789,0.22144001606814354,0.13348884131338815,0.17513272195264462,-0.21072731173567905,0.16449396759895374,-0.271157225871537,-0.2664125587149137,-0.320368654338627,-0.3953201531951412,-0.26079418625352063,-0.33429316145288884,-0.23181401123857084,-0.15568022568437967,0.31582666490160544,-0.012236439080281375,-0.21818439107670257,-0.29399863968557566,-0.4117133114526606,-0.45604586724609364,-0.4455732721039682,-0.3301537885669681,0.3704574399612904,0.14115133726211615,-0.2717661719930432,-0.2968169555432813,0.41229852054394317,0.3083120689104247,0.5400201764756901,0.29651841674008406,0.3337919449300899,0.23211346300446895,0.4355699397901099,0.1075524839432685,0.33629072384247743,0.01058306362893544,-0.15291851351413038,-0.5015616226999046,0.24109245116790753,0.1650280507789854,0.048758598967439185,0.025839583323823304,0.09314136770942223,-0.06520836091241493,-0.026428444265909515,-0.46717762145827535,-0.5145731671132576,-0.14751560025015178,-0.002057817927848558,-0.060926565845152394,-0.09860453651166082,-0.32364345154678703,-0.2703939890535772,-0.45085932614223045,-0.4629852967357019,0.1496519329702785,-0.07148315355576149,-0.42440897077149914,-0.41656570820799116,-0.2755604449780204,-0.2796578215796994,-0.23277262207452515,-0.07986049929930113,-0.25032067814869424,-0.10825820411107104,-0.30050441189225213,-0.15974382266612497,-0.27761461105506535,-0.10515139203987821,-0.40049847763469626,-0.2513861056206549
#102,0.05231824053828281,0.35356671703177567,0.07424943053951531,0.11669489243016977,-0.18465218403502126,0.13128038453988963,0.1480003834443344,0.032333487015387984,0.024460096682750027,0.1433305792291856,0.20217924196706943,-0.015960413937288594,-0.14033423564480274,-0.13537958706697037,0.34610963769075215,1.0,-0.0413362122090502,0.22010252571131206,0.10610269917422524,0.4673419547444389,0.06945272450894019,0.49434647847462193,-0.15481565000661898,0.3278549484860796,0.058530038755266654,0.25539583780304653,-0.23110372625726375,-0.1534151652234248,0.21097746351572808,0.3740809889211976,-0.018678303897894252,0.12252050742466916,0.039714790452236075,0.22108213468938726,0.07537511354973593,0.1826281457271063,0.14000739499787737,0.4286305103005017,-0.0360264211405643,0.20650577220667649,0.0698562540227419,0.2595151255095473,-0.04800083992568484,0.24702762168651599,-0.06645181611105279,0.21495432904088704,-0.15995654297543674,-0.1744288277102439,-0.25553004332008017,-0.1354024111344931,-0.23897346473909808,0.03860097595712727,-0.28551447730602963,0.2223739769111733,-0.24191046574792188,0.20857454568693595,-0.49713466656319755,-0.09085074429284191,-0.3284447223908667,-0.1735423409276614,-0.4020322549722231,-0.44698197355147057,0.09550776703017798,0.19135424322239314,-0.06675491972775452,-0.04297771914528432,0.0009430904700388465,0.04835233056553474,0.16935366805589158,0.08859572642159705,0.1757261477082354,0.12377948298922248,-0.07643688917089292,-0.09973204544728326,-0.14569058781103497,-0.23441412901075925,-0.3421419017926023,-0.462422911711942,0.09625822237032507,0.5176690236320395,-0.15829860271058627,0.01492602719715886,-0.12812518544554863,0.08202513386315602,-0.1280594521310832,-0.3471065929601446,-0.4629168245331337,-0.06835351741704593,0.19304413718177543,-0.23998685333710693,-0.14634974688109118,-0.34322284963047833,-0.13076912542738067,-0.3003044730607531,-0.3376291271620098,-0.057732109354672316,0.42713599035911387,-0.09973843618618962,0.026482309065263138,-0.18731529623357238,-0.06601724586542017,-0.03274432023079697,-0.039919294097239655,-0.16663121328178138,0.01204106506228688,-0.09641433899218048,-0.0627817060533992,-0.5083905837027028,-0.22639466464597588,-0.20232257711111212,-0.09090643501759736
#201,0.5672246390373721,0.24838611018546838,0.553032633851744,0.6589655219636001,0.14110751505247254,0.44353553935553963,0.3067810304610005,0.3253287806926648,0.22781523460859007,0.6135602349965992,0.27460457303016883,0.1919586245303948,0.2615930286168159,0.1705122177233449,0.12323170536867717,-0.0413362122090502,1.0,0.46266302090228106,0.0519977906302638,-0.16403931217390114,0.12806675583269045,-0.09804306445060187,0.4467290828833188,0.02817129006194452,0.139340019263513,0.05662925041197442,0.14714858924438642,0.11536287984954374,0.2801709066176101,0.04145307143476653,0.46063167889275886,0.13382298566192077,0.25818859070512673,0.17501494976422738,0.06170441006632674,0.07772507954187531,-0.018589746515906093,-0.05881488311795022,0.028663376957734393,0.1388552360693304,-0.072629834708103,-0.1374136679645953,-0.014915071644747953,-0.18991997881926534,-0.1262371785800691,-0.29902176046597617,0.09502572272409811,0.04253767112344625,0.031497213181355475,-0.0895808131758777,0.22146557902376898,0.053530655005089765,0.12919974254451835,0.046804858787494234,0.12769152816261692,0.05142536301679395,-0.2885984653096998,-0.5009681969443138,0.03734839113148032,-0.07602240410468031,-0.23630578772704242,-0.04798623252247029,-0.06914870792953753,-0.1603034688017821,0.20568410577585852,0.036190754426727895,0.1559924589280905,0.09029383704528751,0.23504407327438637,0.11601382225529176,0.48693778615674654,0.47816786645181614,0.10300958154354604,0.21764665604586725,-0.14193283333409412,-0.07661765578567288,-0.26846489886655683,-0.2488836748574637,0.3790538967530482,0.08144996736158344,0.03592873413156705,-0.05816302774950129,-0.170491219581224,0.12757284301149877,0.07699379641844732,-0.14300373858226023,-0.1723682708942926,-0.08768915445959455,-0.016938196989961976,0.017211172837533723,0.05764720382348779,0.03367371626032219,-0.022940013785736783,-0.09599620207516422,-0.22020477753381384,0.5310941401489042,0.17648938452619517,0.35489325183619624,0.1597684726590495,0.3938648906498925,0.10230842618924804,0.48595269940246594,0.24210857865401908,0.35331747821442755,0.09731178132717389,0.24735354937074047,0.009880082349235621,-0.1644702305687301,0.030301232043164875,-0.269164228295453,-0.29797094039723004
