,#10,#11,#12,#13,#17,#18,#26,#49,#50,#51,#52,#53,#54,#58,#101,#102,#201,#202,#301,#302,#401,#402,#501,#502,#601,#602,#701,#702,#801,#802,#901,#902,#1001,#1002,#1101,#1102,#1201,#1202,#1301,#1302,#1401,#1402,#1501,#1502,#1601,#1602,#1701,#1702,#1801,#1802,#1901,#1902,#2001,#2002,#2101,#2102,#2201,#2202,#2301,#2302,#2401,#2402,#2501,#2502,#2601,#2602,#2701,#2702,#2801,#2802,#2901,#2902,#3001,#3002,#3101,#3102,#3201,#3202,#3301,#3302,#3401,#3402,#3455,#3501,#3502,#3601,#3602,#3701,#3702,#3801,#3802,#3901,#3902,#4001,#4002,#4101,#4102,#4201,#4202,#4301,#4302,#4401,#4402,#4501,#4502,#4601,#4602,#4701,#4702,#4801,#4802
#10,1.0,0.3772984078068824,0.5258998597981649,0.39211399380890904,0.5447572379775769,0.2785916887611803,0.15912954557022355,0.5550437957217619,-0.01093019059120754,0.452682574716473,0.2926354706015723,0.2583952211070855,-0.000680187120865087,-0.02517016245829805,0.02139026545806207,0.03613737003567512,0.4441640407742103,0.44145671094823635,-0.09976077772687943,-0.09910465164702453,-0.09072169241660767,0.13427495291902072,0.3157317564097225,0.2510302289963307,0.08760948930440456,0.3178963246759857,0.029789419619928096,0.27709018725967877,-0.1845157946852862,-0.08034120407001763,-0.042307176205481294,0.3069170865781035,0.08834335105521546,0.3403411115275522,-0.07806697298222721,-0.0652507669456822,-0.13846064863014015,0.04994655672621774,0.003210760837879482,0.21131562995969774,-0.05230453874521671,-0.11569659027286146,-0.3923860686572551,-0.31132210793227744,-0.2981954219242355,0.027220903492089932,-0.16945404572523218,0.1166636590365404,-0.07254820305667763,0.19651855245075583,-0.192914023422498,0.11934507697219561,0.0073705446586802515,0.30918946681658543,0.0865813425135459,0.3097336165132775,-0.08721618382635332,0.20394647343799885,-0.28440243016514205,0.09426190443139595,0.17833442070730207,0.1419559775491979,-0.20773655010943146,-0.15957560025356635,0.16542567220533322,-0.1235997168200558,-0.2965504796013271,-0.19371636659772254,0.09139308800325749,0.10687220348237297,0.13599809362521226,0.0813624101759695,0.15015940439669254,0.24121193612719036,0.018953159631125732,0.02484580111698756,0.013453360910988029,0.13569918146189333,-0.016207424682000954,-0.028535469213435315,0.07212297042805517,-0.02591050218168862,,0.25660174812717185,0.07928159284091488,0.2387017217525692,0.12480369429521972,0.09727878880421253,-0.15481614125681922,-0.100656588792182,-0.2184441760712947,-0.15543201136421475,0.030448321973745703,0.1301073029886589,-0.17690047520555996,0.20631463512819445,0.3082478472308981,0.10814882679289459,0.4672455197878927,-0.11167932184881338,0.27562570274434683,0.13804235668642448,0.3832632324157748,0.3321404609540203,0.36845319896167356,0.16098039487869997,0.2679705900044883,0.0936576021321784,-0.15012331283517724,-0.08070767223309597,-0.15918831003576767
#11,0.3772984078068824,1.0,0.4200002776273963,0.3083843473673982,0.23220015084421863,0.022719637973875263,0.1521907115127454,0.2463517446568294,0.4807275688631621,0.3516113956791923,0.42594520560622257,0.24151963982472457,0.10520597639241706,0.24328211107872125,-0.02892784926683232,-0.08416413331667569,0.16187944493029238,0.23800395156327359,-0.10781289764340612,-0.11280417551603993,-0.11029812555236285,0.06883539934387392,0.21377031885506462,0.16320881744610558,-0.03854717583531143,0.23114377860140572,0.024527455035929614,0.08896384828588219,-0.1564629344290361,-0.051597051597051594,-0.1380696567137245,0.04172462138563834,0.040817705224484885,0.23439618354872593,-0.20705728841322063,-0.17457951017273052,-0.13385388470134232,0.006899040797345882,-0.10825710147744046,-0.07836588514554617,0.020142793024148956,-0.06472743930371049,-0.10414543973866008,-0.17854680566544973,-0.27736781465595023,-0.05210048260895719,-0.2156975156975157,-0.18387725167386185,-0.1469305977780554,-0.05521546199512301,-0.26469412401615794,-0.1509409255171967,-0.17977299333231536,-0.0405516456363914,-0.0753832414849364,-0.040667323718171174,-0.14452958351263437,-0.11311974532313515,-0.21873383398807128,-0.05395318276674209,0.14054979478708293,0.10854259498327296,-0.15309577682459038,-0.1487832979358403,0.2856198262977924,-0.009208438021997344,-0.05006732464359583,-0.03093139364325805,-0.034590522726115944,-0.09546032935863444,0.1679779934017222,0.13060610687729332,0.07061360281699265,-0.16673884978969725,0.016771933721086263,-0.06016787203227881,0.054495018901798566,0.05382963857540129,-0.13718263718263718,-0.12728614593021373,-0.19305098627132525,-0.03918525613440867,,-0.11717634429498837,-0.26170962950623966,0.20401402943775826,0.14374065899489627,0.16970159682024089,-0.22425214120129375,-0.005895417759824539,-0.1436809691046979,-0.0681445698394851,-0.1993461874817807,0.26506151760389046,-0.04860654182688081,0.1838328312904584,0.25118431220126136,0.12322214356112661,0.4315282925452417,0.026282985605019505,0.09117052337391321,-0.08646427629478477,0.29907272449645333,0.02162254704627586,0.31064701064701067,0.1510690968318087,0.18039950582323463,0.06471031894760708,-0.3828467913213676,0.053887940328618295,-0.03711785745684051
#12,0.5258998597981649,0.4200002776273963,1.0,0.5643919728665492,0.43679395882785715,0.3660595880934864,0.13017624712539966,0.19765127222754342,0.10070563629885664,0.4210904278700889,0.23635993466501942,0.15755817450732704,0.18622736758329977,0.01661738780382848,-0.07952081511403546,-0.08146420688793571,0.5851321275050089,0.772747632069666,-0.23311632125191448,-0.22997450455077573,-0.1557549845685439,0.06900567748025375,0.3876321622084334,0.30465257244918265,0.12371030506623727,0.28546065325726344,0.23352073182581656,0.2695438119166933,-0.05894029622843182,0.06409444884021155,0.24099862574438846,0.436078605570131,0.29361780887204614,0.508764234187963,-0.09614745716440631,-0.03533919127139466,-0.1740830198457317,0.01983508932661475,-0.10348700009716959,0.029214268197319045,0.026603182535385926,-0.2262080262080262,-0.2943160417736689,-0.4162060365450196,-0.3295941550178838,-0.13461504647945327,0.03970580750241767,0.14192821480957074,0.07963001522323557,0.18834335105521546,-0.08334235622371215,0.2145883942494112,0.19203625813795305,0.365836560751815,0.11944918724579741,0.24872638431960467,-0.019080868233410608,-0.019350166807793927,-0.23077916128763587,-0.10153851848767104,0.14150622116723813,0.32106821767838717,-0.24833678054017036,-0.13817099071336358,0.2940273092815466,-0.05200932828051472,-0.25758454910997286,-0.08702508363525313,-0.026397738262145042,-0.08187231916045476,0.2209766006376176,0.11073862768778023,0.15747581171309985,0.10630445545699783,0.049323745933915426,0.12795522795522796,-0.05250257962122369,0.1577316916299967,0.14399283721317618,-0.010885770207804107,0.10720350550859026,0.0050759542284966016,,0.0018767611987950971,-0.0026851196342721766,0.05978335808844283,0.05217497929362336,0.11912158691819709,-0.20113688418773165,0.01028285604556791,-0.11652253177676906,-0.19333647977715773,0.008039163971367362,0.027194528889444142,-0.25650689210011246,0.367681857512366,0.3714108561566189,0.4603802569904265,0.6198887639565606,0.09862019184053082,0.42353030997098795,0.35869829768134853,0.7270487745064016,0.402190942868909,0.7295316888537228,0.4404526251983879,0.6116746947255421,0.06748890647195732,-0.04958980552200891,-0.17456053896731863,-0.25352378572717554
#13,0.39211399380890904,0.3083843473673982,0.5643919728665492,1.0,0.17318582064344776,0.17998167659184608,0.0379118718101769,0.1275882970798225,0.14470078707366843,0.48693763100542764,0.373874336586201,0.02598453615402768,0.20729789882332256,0.019050329219820746,-0.07454897115914065,-0.1593951424459899,0.2870366514434311,0.25520944673487045,-0.06793820014158997,-0.05564115733607259,-0.0282226756803028,0.11927937182174471,0.21696997459709325,0.20220667508803103,0.1454166030437217,0.3150936761106253,0.25183627387017216,0.25935257291189495,-0.27036281273569407,0.07195269229167535,-0.16381404516997738,0.3331218737998399,0.16077957772873028,0.4099913472794829,-0.1150145523026879,-0.054613473257541054,-0.14464618701906837,0.09360531563921394,-0.014625411235580726,0.16136953594580714,-0.1813577830526983,-0.23262954788378518,-0.25958207822614604,-0.22532054396461176,-0.3750658208285327,-0.026068287085236237,0.16338325999342948,0.27305163406858324,0.09591101116524846,0.20423196694383136,-0.0422007523702439,0.14144977026332958,0.14062058977313216,0.22113808723978215,0.09622149113674537,0.15358393832970105,0.047920802158090296,0.2511426680918206,-0.1577215119588001,0.004718277599633532,0.200489549642092,0.3228630787952822,-0.10785685531448243,-0.15121438850252408,0.28228320770693655,-0.07492284271945289,-0.23694711660813356,-0.09281500298449451,0.052753832414849364,0.029462744716982004,0.06266605588639487,0.005255023899091695,0.03818394665852293,0.08203889559821763,0.1308744800270224,0.062086740052841746,0.04235853727379151,0.10962672996571302,0.017512273444476836,-0.03149914166863319,0.05912029132368116,-0.024176719091973328,,-0.06109653567280686,-0.12429332259840735,0.03817330427499919,-0.03330325703207059,-0.020185362558243915,-0.2771313686567924,-0.11851265749570834,-0.12417671909197332,-0.19962612843968777,0.04712030983217424,-0.02554403401861029,-0.17336442760171575,0.015407857780739137,0.2815757205587714,0.13190725394115224,0.28264458603441656,0.03460486680825664,0.20446702480600787,-0.10048214624485811,0.5018619544043272,0.18122544732714224,0.3864938898837204,0.2493834358241138,0.34435097655436636,0.13702901669003364,0.02955898888102278,-0.06692254658356353,-0.11585391246408196
#17,0.5447572379775769,0.23220015084421863,0.43679395882785715,0.17318582064344776,1.0,0.4725357098238454,0.07375634494278561,0.29208993276789885,-0.10588292452699233,0.22832632324157748,0.08937381140770971,0.4465868025190059,0.17912704692365708,-0.10376185121947834,-0.12611224475631255,-0.004498489244251956,0.26219085032644357,0.306538125182193,-0.37738632314903503,-0.28407899424848576,-0.2479161750348191,0.1001647255884544,0.2429998565591786,0.25349232128893145,0.026635572398284263,0.15874410620173332,-0.11281157891327383,0.10901872596787851,0.026278358481748313,0.08761689270163846,0.07259216072775394,0.12157766395054531,-0.0198193571074927,0.18755905366074857,-0.013363132007199803,-0.17590703183923523,-0.10597315343078055,-0.024851353664912985,-0.06547101801339089,0.04398867280223213,0.09027471230861062,-0.04983041593211085,-0.06752684888278108,-0.14262043245094091,-0.14404003387054234,0.16161431076685315,-0.1461796156711411,-0.09275207410800632,-0.12053054595427477,0.07946945404572524,-0.19997223726037286,0.09632698954732853,-0.10179856281551197,0.13221727120032203,-0.09911159233193131,0.07093333703503195,-0.15388886575327254,0.08016583609803948,-0.14951253256338,-0.05860945691454166,0.12934105137494967,0.16974462906666296,-0.09991115923319313,-0.05723658943997927,-0.21518529315139484,-0.21021021021021022,-0.32908332060874435,0.006401625045692842,-0.21161963195861502,-0.052648796716593324,-0.17413299277706057,-0.1192622514656413,0.142173915055271,0.06561862324574189,-0.04943572231707825,-0.0706390519949842,-0.0658879218201252,0.01775751097784996,0.13244955278853585,-0.0359842122553987,0.09439192659531642,0.3301364538652674,,0.27327512412258176,0.2061966434847791,0.388823183738438,0.3286465201719439,0.2423173558766779,-0.03596662918696817,0.23309688733417547,0.13555018809256097,0.06308481054243766,0.32192423548355753,0.3285956218159608,-0.048103573527302344,0.11872550516618313,0.2195694924508484,-0.04290453781979206,0.37587325383935555,-0.10814096068333356,0.2829620066908202,0.1236455253404406,0.4498757617401685,0.17290958138415766,0.24190184020692496,0.013752735786634092,0.14183844861810962,0.03365676924998959,-0.1350032621219062,-0.05612145273162222,-0.1158187463272209
#18,0.2785916887611803,0.022719637973875263,0.3660595880934864,0.17998167659184608,0.4725357098238454,1.0,0.32875386943183554,0.27542766186833983,-0.1863777490896135,0.12304723830147558,0.02169473016930644,0.32417764451662756,0.4978761504185233,0.03298814993730248,-0.1199572453809742,-0.1290921121429596,0.17956708634674737,0.23595830036508003,-0.08895413132701269,-0.05171134154185002,-0.2046451690519487,-0.06729410458224018,0.14975268026115485,0.09484769823752874,0.00256435171689409,-0.0008916466543585187,0.07938292684055395,0.12143422312913839,0.16972473243659683,0.15743786930227607,0.13749681885275106,0.28367689723621925,-0.0843145148229894,0.07687780230153111,0.12894496962293572,-0.24036887426717934,-0.2050861338996932,-0.19135144389381678,-0.16200992980653997,0.02171416408704544,0.15136291915952932,-0.11882545102884086,-0.052559493237459336,-0.11923865313695822,0.022747400713502407,0.1255222865392357,0.12410129698265292,-0.00716972750871056,0.05548753684346905,0.0326665648699547,-0.08661465780109848,-0.01137115543895205,-0.02931513948463101,-0.024364117584456568,-0.09010582230921214,0.015847434491502287,-0.10231171078628706,0.02645557730303493,-0.15338265846740423,-0.07271477949444051,-0.009685031718930023,0.02144208923869941,-0.03659915693813999,0.011053734782548341,-0.09853875447095786,-0.1418426130290537,-0.17579366731909105,0.08499423923152737,-0.3125857752976397,-0.21991282499757075,-0.248894811606676,-0.34522874183891133,0.11981565540887575,0.06910423520593012,-0.0014529167071539954,-0.10834501681959309,-0.13895204912154066,-0.0679363492922815,0.29789280806229956,0.13274291240392935,0.28197920570801926,0.28364265652401244,,0.2701832803527719,0.197086300476131,0.27226270955084514,0.16481119023491905,0.18812726439845084,-0.058250854861024354,0.21002882697797953,0.22710059828703896,0.16293211547448835,0.3728864457678017,0.2012058283244724,0.12138887732108071,-0.162654950790544,0.031986840461416734,-0.07862546676105998,0.12380747465493228,0.024150807201654658,0.046883401120689255,0.2912130929080082,0.326510177357635,0.04062105248545927,0.18266355723982844,-0.029489582031954915,0.04213180823350315,-0.006894413674074691,-0.08867974291703105,0.08759884692088082,0.055231194214245063
#26,0.15912954557022355,0.1521907115127454,0.13017624712539966,0.0379118718101769,0.07375634494278561,0.32875386943183554,1.0,0.23584493584493585,-0.10026004432784094,0.3625411235580727,0.22271593627525832,0.030531147480300024,0.20271010609993662,0.39909863638677195,0.021263482280431432,0.014291795647727852,0.04991324143866517,0.023527070984698105,0.1461148359453444,0.15985924291009038,-0.013192391158492854,-0.03516521143639788,-0.008214531943345503,-0.06724690792487403,-0.18433348602840127,-0.046532202464405856,0.1911094453467335,0.18404660438558743,-0.13836532989075362,-0.2111809806725061,-0.02922722414247838,0.13665930954066546,-0.15208197411587243,-0.04513388581185191,-0.20379285294539531,-0.08756090451005705,-0.15981065811574285,-0.1388294303548541,-0.23367065061980316,-0.05034310119055882,-0.14095790705960198,-0.2287145388840304,-0.14804064465081415,0.011733921903413429,0.013958642772202094,0.18408639764571968,0.11988043513467242,0.18315819671751876,0.04761772558382728,0.07748025375144019,-0.07627072372835085,-0.05543201136421475,0.029395188717222614,-0.02576150881235627,-0.006151760389048524,0.04831503306079577,-0.045817774631333956,0.036814318170250375,-0.1848813374237103,-0.04525974356482831,-0.06670229551585484,-0.1690991453703318,-0.01751366158145819,0.025607425607425606,0.18238084000795865,0.009618863856151991,0.10659550151075575,0.16112059671381707,-0.08324518663501715,-0.04479749395003632,0.07817709851608157,-0.10825895232674894,0.11531994243858651,0.08144384754554246,0.09803208447276245,0.07117533558211524,0.08707505656658199,0.13779156660512593,0.11249508368152436,-0.001563967665662581,-0.02817085189966546,-0.052930588523808865,,0.031185422710846438,-0.03454702776736675,0.025863305524322474,0.029608499100024523,0.15958207822614603,-0.1489137828120879,-0.18299254570441012,-0.027198693300388217,-0.10050435643655983,0.020198781215730367,0.04847651966296034,0.09046164808876674,-0.11156086749307088,0.011016255084051694,-0.14510658578455188,-0.0022524836084158117,0.01887218497387989,-0.035283665792140366,0.18084602321890458,-0.07133126963635439,-0.03080692402726301,0.10644697085375052,0.028981061184451016,-0.014036841155485223,-0.05922671515891855,-0.17577608425066052,0.015071928631250665,0.10421438387540083
#49,0.5550437957217619,0.2463517446568294,0.19765127222754342,0.1275882970798225,0.29208993276789885,0.27542766186833983,0.23584493584493585,1.0,0.08210645159797703,0.2900530731039206,0.3230324315070078,0.12208155767477802,0.15095156790072045,0.058004229190669866,0.14381793195352519,-0.057166257166257166,0.21138457409643852,0.18256731307578766,-0.016268502709180677,-0.11840438281116247,-0.08522420725810556,-0.06961738317670521,0.19160038312580685,-0.08466201178065585,0.08009550382431739,-0.004768713243289514,0.09705252247625129,0.12606134640032945,-0.04949309864564102,-0.16818066140100038,-0.11046979182572403,0.3620390806831485,-0.14443796647186477,0.18734666870260092,-0.0029312825922995413,0.06986956139498512,-0.1658800557105642,-0.08979534233771522,-0.1469231943808215,-0.000463637751773345,0.04361850294053684,-0.15234849641629303,-0.2986104748816613,-0.24914328812633899,-0.2623486352299912,0.04403077962399996,0.000814373695729628,0.0007162786823803773,-0.0455841049061388,0.08354456151066321,-0.09988154564425751,-0.09199507674083945,-0.013451510061679554,-0.029471998963524388,0.039486481859363216,-0.026133066811032914,-0.16595917951850156,-0.07864027355552779,-0.36099473896084067,-0.12409435629774612,0.051123234174081635,-0.0950207526478713,-0.1732112698214393,-0.2478944275554445,0.12690348283568623,-0.1656477741223504,-0.2728485033569779,-0.28916929255912305,0.04635313279381076,-0.03190401495486241,0.15919062359740327,-0.05394577936950818,0.30664825071604734,0.059481669651161174,0.07917701985498596,-0.08891989061480587,-0.06048529268868252,-0.06539513319174337,-0.05600346108820685,-0.17227427735902312,0.2624421031200692,-0.061689732876173554,,0.42688219806863875,0.17117070845884405,0.4267577284526437,0.18213699061156688,0.07196981264777876,-0.14645446679344984,-0.19584530601479755,-0.18714631426495834,-0.1258253631134987,0.019822133381455415,0.20064779725796675,0.08757617401685198,0.010137101662525391,0.011863018642679659,-0.16849854476973122,0.1205846832965477,-0.07488351217164776,0.02523309133478625,0.048633841854180834,0.11975920450496721,0.11673861843353368,0.20058024125820736,0.01418907351110741,0.018878662946459557,-0.033596616647464106,-0.25537093333703503,0.042909627655390366,-0.11779591610100085
#50,-0.01093019059120754,0.4807275688631621,0.10070563629885664,0.14470078707366843,-0.10588292452699233,-0.1863777490896135,-0.10026004432784094,0.08210645159797703,1.0,0.15977641740353604,0.3670701518159145,0.06140377665801395,0.0024111939366176656,0.4066959100857406,0.14749140511852377,-0.08264504874674367,-0.003478671275281445,0.0038932615203801646,-0.025256689663469323,-0.11417519214129383,-0.011113424672746706,0.06787249499113907,0.2325842020757275,0.12621913130387707,0.15944002554172046,0.16781604408723053,-0.17466973907651873,-0.12066982236473763,-0.03161944687368416,0.005376254528796902,-0.11641333166756895,0.026858137027628553,0.2929186505457692,0.33197758621487433,-0.12902363071854597,-0.07624203556406946,0.23598560039238006,0.27882258221241274,0.08557124150344489,-0.16111596959054586,0.10410379562921936,0.09555657352267521,0.12461722122739072,0.047800496953039326,-0.05599652040330006,0.011875049163184756,-0.23255829018540883,-0.239699329529838,-0.26425362188074053,-0.18153824086027476,-0.19012109181600706,-0.15868765529782478,-0.22244756312552924,-0.13206874054331683,-0.23209326429665414,-0.32395646802426464,-0.2524498304159321,-0.1147771808788758,-0.10137101662525391,-0.148385828046845,-0.013016097761860473,0.09859566808719351,0.07738447229972653,0.01990264532637414,-0.021343994225350157,-0.0492649814683713,0.3669026499534974,-0.12491428254140119,0.22723617299888485,-0.04493538222351782,0.2634448007329363,0.23304274999190253,-0.14786157498021904,-0.46436189656528637,-0.0966360813818441,-0.20678891526349152,0.008817908817908818,-0.03117107862870575,-0.13029423876881505,-0.05340764493306866,-0.3097507368693809,-0.1570963876048622,,-0.22565924938806295,-0.3835755632365802,0.011231879028489197,0.0652942619044314,-0.019321941355839662,-0.14976794976794977,-0.040708505115284774,-0.0735328548887871,-0.16614796614796615,-0.19978807775417945,0.06454929505776963,-0.08620978451486926,0.11632495361308921,0.17802856785907634,0.042786083464049565,0.12298060772637044,-0.023281833451324976,-0.054172045697469424,-0.2361586548027226,0.2610706237824882,0.10911543284424641,0.17877538555504657,0.16207748580629935,0.08712502949791086,-0.07224975360568581,-0.220982153185543,-0.09729452102333458,-0.17140946801963752
#51,0.452682574716473,0.3516113956791923,0.4210904278700889,0.48693763100542764,0.22832632324157748,0.12304723830147558,0.3625411235580727,0.2900530731039206,0.15977641740353604,1.0,0.5823220755424146,0.012369688640875082,0.166287242558429,0.22742449691602235,0.030969336054081816,-0.05211760296506059,0.4791853486768741,0.2565156836343277,-0.09340727476320697,-0.05626350541604779,-0.056945080673894234,-0.048929977743537065,0.24665806021738226,0.11877686623449335,0.0724626012761606,0.1275660868881208,0.16622385096961367,0.15986895986895988,-0.19137689307180833,-0.2314949772576891,-0.027871939736346517,0.28509048339556814,0.19680404595658832,0.2454725912353031,-0.15188948578779088,-0.018843496809598504,-0.021091353294743126,0.011700606615860852,0.005562727596625901,0.021087188883799055,-0.20713039696090543,-0.19078647214240435,-0.4360253936525123,-0.3481169921847888,-0.2919400139739123,-0.11712220695271543,0.15055641157336072,0.27557480438836374,0.07701476515035838,0.17225114174266717,-0.03140567377855513,0.18425528764511814,0.13505786217650625,0.16596334392944562,-0.03934998172286308,0.0458941221653086,-0.025599559497864584,0.08993369332352383,-0.11387211556703082,-0.0062294960600045345,0.14978044300078197,0.3046400792163504,-0.27195037873003974,-0.21134663168561474,0.24083621371756964,0.06500414127532772,-0.16649731395494108,-0.08961442181781165,0.13467751264361433,0.16447711193473905,0.28071229935636716,0.1840049602761467,0.14585062720655942,-0.04132391251035319,0.16014057200497878,0.17137013747183238,0.19600818075394347,0.2922972278904482,0.0655270062049723,-0.06548027225993328,-0.10937362632277886,-0.24815678544492104,,0.06109098312488143,-0.04736415922856601,0.16009800247088382,0.1762910830707441,-0.0298912163318943,-0.3684717074547583,-0.33845509608221475,-0.381403128860756,-0.17422460981783017,-0.13285072437614812,0.10984327933480476,-0.06512444648037868,0.16086194052295746,0.10971279445855717,0.2090330700500192,0.18623292013122522,-0.002105341088391936,0.16117704761772558,0.10468403688742672,0.31627035355848915,0.2628289306255408,0.23631551428161598,0.26753101329372514,0.15185108066463998,0.15776130521893234,-0.025482493279103447,0.048679650374565626,0.004137573629099053
#52,0.2926354706015723,0.42594520560622257,0.23635993466501942,0.373874336586201,0.08937381140770971,0.02169473016930644,0.22271593627525832,0.3230324315070078,0.3670701518159145,0.5823220755424146,1.0,0.06330321076083788,0.25725047080979285,0.3451866350171435,-0.018204953798174137,-0.02596278867465308,0.21913084116473946,0.08911145351823319,-0.014559243372802694,0.027877492284271947,-0.08851548004090377,0.05067579135375746,0.21257929732506003,0.12498415210279618,0.04194996228894534,0.1758871352091691,0.0758991657296742,0.069702059532568,-0.27927511486833523,-0.19989959142501515,-0.17589870301734709,0.13918247986044596,0.0659022659022659,0.06823803772956315,-0.2674065436777301,-0.10719795296066482,-0.07812851372173406,0.024378924378924378,-0.15286951049662914,-0.07739974180652147,-0.22530758801945241,-0.2964824608892406,-0.2966569034365645,-0.19118301660674542,-0.26674162606366,0.011316555384351995,0.015368989945261131,-0.010786287057473498,-0.09285340810764539,0.01892354604219011,-0.135546486393944,-0.00941249415825687,-0.05864878746234679,0.028582665870801462,-0.13691889115617928,-0.07845102421373608,-0.17772965569575738,0.05752763549373719,-0.30810671997112676,-0.09001651883007815,0.0440145846925508,0.1383963316166706,-0.2605903283869386,-0.1393194427092732,0.20657097775741842,-0.0300656588792182,-0.09851654427925614,0.008833178324703749,0.12742218335438674,0.09152449830415932,0.21283378910497555,0.07156725292318512,0.22912774099214778,-0.08002655968757663,0.11965370609438405,0.05950202899355442,0.05184367726740608,0.1023297565670447,0.027095508451440656,-0.12045512384495435,-0.20987520648537597,-0.22238278339973255,,-0.052350347265601505,-0.22943914638829893,0.19484075755262195,0.07987432733195445,-0.10904556328285142,-0.39655927113554235,-0.2602779975661332,-0.21923633957532263,-0.11562857156077495,-0.09449603686891822,0.13050986271325254,-0.08291527274578123,0.06832132594844459,0.08971112869417955,0.01747433103365307,0.12852158784362175,-0.027615597107122532,0.05104179680450867,-0.0765215138096494,0.14903871514041006,0.04369346233753013,0.08370003285257523,0.1395054530647751,0.05626304270372067,-0.046647880546185634,-0.21376661715644765,-0.003385203385203385,-0.2043397789160501
#53,0.2583952211070855,0.24151963982472457,0.15755817450732704,0.02598453615402768,0.4465868025190059,0.32417764451662756,0.030531147480300024,0.12208155767477802,0.06140377665801395,0.012369688640875082,0.06330321076083788,1.0,0.22240221731747156,0.014072932717000514,-0.1720993720993721,-0.24613658342471903,0.1110333754401551,0.038609641999472505,-0.32797651272227546,-0.39750227885821104,-0.2505267979844251,-0.2629769985702189,0.022993100959202654,0.03881554898504051,0.0071822207415427755,-0.08798798798798799,-0.1057441108288566,-0.12367236265541351,0.16011280926535162,0.2456567507414965,-0.01354173896546778,-0.03267258013020725,-0.09097942318281302,0.06487319368675301,0.08426778087795037,-0.20517682551580857,-0.0075857058907906364,-0.08379581430428888,-0.02897319507488999,-0.25587528977359486,0.3222444324139239,0.05438026624467302,-0.010725209030293776,-0.163773789197518,0.22570459519612063,-0.1368198707181758,-0.13311956023820432,-0.13287802440344812,-0.05236793033403203,-0.09191549022057496,-0.04749880851575767,-0.128491511542359,-0.1136342814308916,-0.12746752916244442,-0.18893701097090929,-0.2879130285909947,-0.055451907994280875,-0.1526649916480425,0.048132724403910844,-0.15129397502278857,0.17896833659545525,0.029920829920829922,-0.023281833451324976,0.03307051273152968,-0.22379498142210005,-0.28624263709009473,0.08407112813892476,0.10379933091797498,-0.1466252076421568,-0.1095633383768977,0.03367944215401843,0.09424154508900272,0.08881069050560576,-0.07737429262852992,-0.0579760037387156,-0.25274642901761546,0.08289167441709815,-0.023118495999851933,-0.0264088433579959,0.09564032445388378,0.16994775977826826,0.3131794352133335,,0.1600318346081058,0.09574073302886862,0.3110467940976416,0.24176857905671464,0.25961400537671725,0.0733491580949208,0.4858349875299028,0.013989181785791956,0.532908563417038,0.1678613898952882,0.40695687983823575,0.025299721909891403,0.0426005358208748,-0.010463776565471481,0.01950286187574323,0.2096549554176673,0.06572134538236234,0.13992328229616366,0.08826746623356793,0.3433445772428823,0.0577918442325222,0.11110000601526025,0.05634771905958347,0.07746267068300966,0.19631819801311326,-0.35944465266499165,0.017375773307976697,-0.006305843593979187
#54,-0.000680187120865087,0.10520597639241706,0.18622736758329977,0.20729789882332256,0.17912704692365708,0.4978761504185233,0.20271010609993662,0.15095156790072045,0.0024111939366176656,0.166287242558429,0.25725047080979285,0.22240221731747156,1.0,0.1485940485940486,-0.09269145879315371,-0.1335091640176386,-0.029980982523355404,0.015784042902686972,-0.040749686512398374,-0.045375884358935206,-0.11067616152361916,-0.12683592683592684,0.17643267304284255,0.061716570191146465,0.02788998551710416,-0.006286409676240185,0.1959656112198485,0.10666074394887955,0.04192312497397243,0.04955417667282074,-0.017495153088373426,0.16941286432811856,-0.12483562144579094,-0.08711346168973287,-0.0646163883452019,-0.22965986016833476,-0.24877080470300808,-0.21610238898374493,-0.2728670118500627,-0.2842923046312877,0.020888685295464955,-0.252025985924291,-0.0633207938292684,-0.1114863708084047,0.036675504472114644,-0.014718416413331667,0.08276396581481327,0.035845398557262965,-0.03282712604746503,0.03863092676651999,-0.13612626493982427,-0.07238394018055035,-0.08940342499664533,-0.03436564453513606,-0.07141455785523582,-0.0803282481248583,-0.008841507146591892,0.005237903542988288,-0.20770971279445855,-0.33810158386429573,0.01207031376522902,0.026033583660702304,-0.07932693864897254,-0.03945409199646488,0.09616781650679956,-0.09287561829934711,-0.1540993998621117,0.213523230472383,-0.19693499354516303,-0.1154360832326934,-0.054898504051046425,-0.2875377688937011,0.2718041616346701,-0.05149109047414132,0.18738646196273315,-0.03221310678937798,0.02313422821897398,0.013030904556328285,0.35409662358814903,0.05728702508363525,0.1889689381214805,0.1918437698098715,,0.0649287191660073,-0.016300892572079013,0.19586705349417213,0.10879014607828168,0.06814086814086814,-0.14776903251479523,0.009040936159580227,0.1311118514508345,0.123348001314103,0.21340477611664052,0.16643484779078,0.05490313117431762,-0.16057968600341482,-0.18288242017055575,-0.17485621214434774,-0.007597273698968615,0.03879241336868455,0.07198184316828385,0.048229893992605855,0.2461388969863546,-0.21404239370341066,0.07392708579149257,-0.07041324837935008,0.04164225859141114,0.050292202834575715,-0.05835635327160751,-0.015888615888615888,-0.13336248420994185
#58,-0.02517016245829805,0.24328211107872125,0.01661738780382848,0.019050329219820746,-0.10376185121947834,0.03298814993730248,0.39909863638677195,0.058004229190669866,0.4066959100857406,0.22742449691602235,0.3451866350171435,0.014072932717000514,0.1485940485940486,1.0,0.14585571704215772,-0.03632615666513972,-0.050791006723210116,-0.06696696696696697,0.34079965944372725,0.2822684009124687,0.05598957971839328,-0.05010943146536367,-0.12998468422197235,-0.05451722909350028,-0.05359411800089766,0.039523498845532745,-0.04776440539152404,-0.07928992166280302,-0.051609544829883815,-0.022616453124927702,-0.3261575905643702,0.10895996150233439,0.1242243784616666,0.14542493186560984,-0.09228334652063466,-0.005038937242327073,0.12105387359624648,0.3370447489091557,0.10138906240601156,0.08525474627169542,-0.04555773030349301,0.033551733551733555,-0.05709592489253506,0.1244811838032177,-0.09902737868839563,0.08290000323898629,0.02742542234067658,-0.0008217770929635337,-0.034838536533451786,-0.14687877399741806,-0.09669484584738822,-0.14635267008148364,-0.13581856124229005,-0.2579079850266291,-0.31272690255741104,-0.19157678479712378,-0.19526969187986137,0.12221019170171712,-0.15697145527654002,0.06727513337682829,0.035006963820523145,-0.004447590888268855,0.1295765719494533,-0.028546111596959054,0.13520269113489453,0.1797012729216119,0.3796915559627424,0.04726976591383371,0.29011091214481044,0.14677188744985356,0.26594946255963203,0.22463110259720429,0.004143588889351601,-0.1104957037160427,0.18505670539568844,0.10280635026397739,0.11390866984087324,0.05052587255977087,-0.00517497466650009,0.059934665019410784,-0.31863388812541354,-0.07145573925234942,,-0.1656357436018453,-0.2668050176524753,-0.15301989200294286,-0.08248818926785029,-0.0033588287825575963,-0.1995127639195436,-0.13753568668822905,-0.06571995724538097,-0.16418143875770994,-0.14218502015112183,-0.07342920732751242,-0.06387188421086726,-0.20638774367587928,0.11194029160130856,-0.02756469875113943,-0.03500927738215874,0.04844089081377217,-0.1343836903158937,-0.16801917479883582,0.09280389788864365,0.11558183761573593,0.1286488337335795,0.21713192391158492,0.006571903182072673,0.10778328405447049,-0.21200090691616116,0.022165771318313692,0.025608813744406964
#101,0.02139026545806207,-0.02892784926683232,-0.07952081511403546,-0.07454897115914065,-0.12611224475631255,-0.1199572453809742,0.021263482280431432,0.14381793195352519,0.14749140511852377,0.030969336054081816,-0.018204953798174137,-0.1720993720993721,-0.09269145879315371,0.14585571704215772,1.0,0.37443977104994053,0.08812495083681525,-0.07474516118583915,0.44628603950637846,0.25355525016541963,0.6031788336873083,-0.0013349250637386231,-0.04523059268821981,-0.38782094883789797,0.07242465886533683,-0.274946441048136,-0.2785486565147582,-0.3654006857396688,0.19587445689140603,0.09289875391570307,-0.28116899642323373,0.16540161116432303,-0.012682482174007598,0.1357547069411476,0.152301762471254,0.22665223004206056,0.32230921213972064,0.48043929908336686,0.19895195657907522,0.18586737739280113,0.05633291226511566,0.1450219094286891,-0.2365704687738586,0.07653493246713586,-0.11098802963209743,-0.14116242590818862,-0.2390718916142645,-0.14037859122604884,-0.2772632416700213,-0.2958258720970585,-0.2849562968207036,-0.25442144764178665,-0.32223702901669005,-0.2841951350425927,-0.1777569557230574,-0.1654154925341366,-0.22616545667393126,-0.19202839202839203,-0.1691907624111014,-0.05530060106331293,-0.0510982477084172,-0.006238287594219798,0.07500104110273602,-0.049682810699759855,-0.13819366361739244,0.12290564832937714,0.0573851200969845,-0.08212727365269738,0.6105456766473716,0.5042652822313839,0.3463739548485311,0.40892942248874453,0.10058209210751584,-0.1473572185436592,0.1323273967341764,0.02939750227885821,0.04302299217553455,-0.041940708042402956,0.2533151024676448,0.1964500710263422,0.1769384176163837,-0.23508469949147914,,0.18847198508215457,-0.03043444060393213,-0.06339020067833627,-0.1709393522952845,-0.24188657070013003,-0.11051837662007154,-0.20694438660540354,-0.21853486768741007,-0.2203306542289593,-0.24285780387475303,-0.25128842247486316,-0.09970664038460648,-0.002574068675763591,-0.13655890096568063,-0.14952780207017496,-0.24163809418046706,-0.19953219783728257,-0.3344956666990565,-0.2485260298819621,-0.12193950499035244,-0.07246306398848772,-0.07910344859497402,-0.17069735374820122,-0.1421771540415608,0.12918049019743935,0.1413947074964024,-0.0728475779323237,-0.10439252812134169
#102,0.03613737003567512,-0.08416413331667569,-0.08146420688793571,-0.1593951424459899,-0.004498489244251956,-0.1290921121429596,0.014291795647727852,-0.057166257166257166,-0.08264504874674367,-0.05211760296506059,-0.02596278867465308,-0.24613658342471903,-0.1335091640176386,-0.03632615666513972,0.37443977104994053,1.0,-0.022449876687164822,0.12817038918733833,0.20000555254792543,0.24381052855629126,0.10475668272278442,0.37305487305487306,0.027086716917225393,0.20725718013853608,-0.02736712058745957,0.2073210344396785,-0.28494843071114256,0.027510098696539375,0.21137161815127917,0.18742810607217386,-0.07916498933448086,-0.12785574480489734,-0.08073636039737735,-0.03156854851770106,0.1554819842955436,0.20244913634744144,0.08006172582443769,0.21768393971783803,-0.0550433330094347,0.17441154559798627,0.0452861181674741,0.274954307157697,-0.07596163189383529,0.10976693180083011,-0.03562884918817122,-0.07662747493255968,-0.23573619844806284,-0.1773155281629858,-0.3272181272181272,-0.1389867525460746,-0.20910479046072267,-0.13316120434764503,-0.23741260520921537,0.04286011743638862,-0.07866017018559392,0.21338302863726594,-0.3145245399482688,0.014853065700523327,-0.09274559613542664,-0.12279737364483127,-0.18207730072136852,-0.06550294516396211,0.0403411115275522,0.14973509719272432,-0.08220639746063475,0.04173896546777903,-0.280754406178135,0.11615143649041954,0.2716750648954039,0.4667180277349769,0.0008328821888143922,0.19843788318364589,0.062404160709245454,0.0826047927742843,-0.1875109315787282,0.016557697913630116,-0.20381737669873262,-0.04550127939958448,0.36501154467256164,0.46580093190262684,-0.07924503856707246,-0.018288704729382696,,-0.13584308499562736,0.12964227709990422,-0.1229625619456128,-0.13133349065552455,-0.2007412651480448,0.14013659267896555,-0.18620469467927095,-0.11732811393828343,-0.14033787254126237,-0.022620154823544653,-0.15214953011563181,-0.10524391880324084,-0.03811824150807202,0.24959073094666315,-0.11415807178519043,0.0014034064881522509,-0.25520759588556197,-0.2739492959831943,-0.11624027725722641,-0.234656690588894,-0.20149317267961336,-0.13292290749917868,-0.19767070614528243,-0.04649564819056345,-0.23102023441006492,0.008304760847133729,-0.11512560326119649,-0.1779212185991847
#201,0.4441640407742103,0.16187944493029238,0.5851321275050089,0.2870366514434311,0.26219085032644357,0.17956708634674737,0.04991324143866517,0.21138457409643852,-0.003478671275281445,0.4791853486768741,0.21913084116473946,0.1110333754401551,-0.029980982523355404,-0.050791006723210116,0.08812495083681525,-0.022449876687164822,1.0,0.6069638205231426,-0.17835107835107836,-0.28100056913616234,-0.021784496360767548,-0.14168760439946881,0.3627294474752102,0.15920034055627275,0.2158400310942684,0.06614148817538648,0.005763544746595594,-0.09590777217895861,0.05912723200858794,-0.05887042666703684,0.31345613718495074,0.3956865956865957,0.458828319845269,0.42405317490063255,0.12828421641980964,0.15745591508303372,0.17235756557790455,0.04665667208040089,0.2524567711008389,0.0546750139970479,-0.08755859094842146,-0.03609387507692592,-0.45401935062952015,-0.4958425297408348,-0.1595769883905477,-0.22190757783978124,-0.10483395568141331,0.006190628224526529,-0.017512736156803953,-0.03312279922449414,0.06302095624129522,0.17219469083875863,0.2367129841706113,0.29782432663788594,0.20608420438928912,0.13986312969363818,0.059672769842261365,-0.20028734435514098,0.09554685656380571,-0.011622870944904844,0.04246542382135603,0.34042717602039635,-0.30433839077906877,-0.18009642924897162,0.09696506984642578,-0.022517895399251333,-0.18893562283392792,-0.14979617521990404,0.23625443625443626,0.29294409972376073,0.3706385892826571,0.3690935928224064,0.20439160269668744,0.2086092255583781,0.07859585317212436,0.32071100376185124,0.08851964445184785,0.29444791478689786,0.12084889203533271,-0.03843890115076556,0.08199401250248708,-0.2009157076953687,,0.2535001873984925,0.1912260488531675,0.08426084019304358,0.10947172133612812,-0.10165234572014233,-0.15562264884298782,-0.04874581823734366,-0.2788855110889009,-0.12440067185829898,-0.07190225664801936,-0.11081219894779216,-0.19786180633638262,0.6374889527431901,0.2435162435162435,0.629874558688118,0.31007000837509313,0.11270978220130763,0.3027920061818367,0.509040010734926,0.4484469060740247,0.5048765252155083,0.4471795370100455,0.3618072618072618,0.2965662118204491,0.11868432376906954,0.09446688599230972,-0.05808659198489707,-0.09764062984401968
