,#10,#11,#12,#13,#17,#18,#26,#49,#50,#51,#52,#53,#54,#58,#101,#102,#201,#202,#301,#302,#401,#402,#501,#502,#601,#602,#701,#702,#801,#802,#901,#902,#1001,#1002,#1101,#1102,#1201,#1202,#1301,#1302,#1401,#1402,#1501,#1502,#1601,#1602,#1701,#1702,#1801,#1802,#1901,#1902,#2001,#2002,#2101,#2102,#2201,#2202,#2301,#2302,#2401,#2402,#2501,#2502,#2601,#2602,#2701,#2702,#2801,#2802,#2901,#2902,#3001,#3002,#3101,#3102,#3201,#3202,#3301,#3302,#3401,#3402,#3455,#3501,#3502,#3601,#3602,#3701,#3702,#3801,#3802,#3901,#3902,#4001,#4002,#4101,#4102,#4201,#4202,#4301,#4302,#4401,#4402,#4501,#4502,#4601,#4602,#4701,#4702,#4801,#4802
#10,1.0,0.3575322626170084,0.5303196879468066,0.4378975277280362,0.24302067861389895,0.2785454175284684,0.28701582938871073,0.4959660739321756,-0.022651156549461635,0.4267281148637081,0.40600739414298737,0.273326485190892,0.2698232901622732,0.07727573490285354,-0.43315935349833656,-0.23588472910506808,0.3808247384518571,0.4121545274087647,-0.026139544783612582,-0.07103143204838121,-0.21924929552048197,0.07372673135385,0.12600073108547685,-0.26096142367328806,-0.13156577224373833,-0.04350560113271978,-0.2885224207258106,0.13344993683976736,-0.07462207970682547,0.03511431308041477,0.07474793745980186,-0.08045364316550757,0.05884497748904528,0.0722252298523485,-0.08425297408348256,-0.04103980714150206,-0.16249670317466927,-0.1896759625573185,-0.02657495708343166,-0.22914393592359694,-0.05555925725417251,-0.046187019068375,-0.02406335457182915,-0.1318841183247963,-0.016000129559451595,-0.1875428587292994,-0.16107386276877803,0.1453296131262233,-0.15348908230264163,0.17281842705571518,0.05963020030816641,0.3393268461065071,0.1745693305015339,0.2608897032625846,-0.031986840461416734,0.15813749034088018,-0.28313644923814413,-0.27867127528144475,-0.16059680635951823,-0.17190457020965497,0.1436097114063216,0.20222333273180731,-0.21123372987779768,-0.2139655834571089,0.2804596584257601,0.14832243645802967,-0.17744693846388762,-0.29480883040205075,0.11505480827514726,0.0688423400287807,0.32441501594043964,0.2409704002924342,-0.030670886603089993,0.21223550206601055,-0.07505193945871912,0.17070383172078088,-0.02134214337604168,0.10786842312266041,-0.16098964912524236,0.08972130836537616,-0.04179726722099603,0.1451699773733672,0.18956352346182856,-0.03430549193261058,0.10335420165928641,0.12298662298662298,0.25649810056589717,0.008878061420434302,-0.021123280445314342,0.0034703424533933007,0.0887172226155277,0.053024056413886925,-0.0034263847823169857,0.033218580676207796,-0.19708074792820557,0.3462083038354225,0.05753365075398974,0.4759324810172268,0.4170754730076764,0.27761490303863184,0.34826876182808386,0.2775751097784996,-0.05921468463841345,0.2539971404378184,0.1619937348750908,0.36455716116733067,0.27961520842876775,0.1505462319021641,0.1570316078790655,0.04055442191035411,-0.11049709185302406
#11,0.3575322626170084,1.0,0.4148757386045522,0.31617688566841107,0.11590388539541081,0.014202954880920982,0.2922916753425228,0.2672607892946876,0.3316495231749469,0.4650735481243956,0.29238144153398393,0.07477477477477477,-0.06334578029493283,0.15633476311442412,-0.2822822822822823,-0.12196032704507281,0.31619817043545856,0.41154837426023866,-0.10412785667022956,-0.10540355455609693,-0.11013663895019828,-0.16630297477755104,0.2440900068018712,-0.26574864540966237,-0.013314547212852298,-0.10404780743763795,-0.08254973000735713,0.1918044392620664,-0.07557017726509252,-0.0867724427046461,0.13346011651096396,-0.04312895329844482,0.003960354807812435,0.06362710938982126,-0.2120481035735273,-0.23253700541836136,-0.21093250415284315,-0.19191040038497664,-0.04677975355941458,-0.16969743240929683,-0.18675023251294437,-0.3058412804175516,-0.2857799247629756,-0.17931537084079457,-0.048743041963380945,-0.1251960743486167,-0.04380312515905736,0.04820305667763295,-0.11355839660924406,0.088380368041385,-0.012148512148512149,0.23489313658805183,0.09459089289597764,0.11530606106877293,-0.06205388747761629,-0.048540373964102775,-0.1932263542433034,-0.2530666259479819,0.00992610484135908,0.05348676874100603,0.10765002290426019,0.17563680784019767,-0.37280824738451857,-0.0717676073608277,0.24802583785634633,0.12366819824446944,-0.1342985512477038,-0.16460435782469682,-0.13026508789220653,-0.1573124742616268,0.20347311872735602,0.10624522827912658,-0.23963732607800403,-0.1594164272130374,-0.26578473697117766,-0.038932615203801646,-0.05649578700426158,0.014716102851696071,-0.19302229810704388,-0.09240966698593817,-0.02753786143616652,-0.028764974527686393,0.11484010975536399,0.002608772100297524,-0.12391019679155273,0.2051698848309018,0.04990583804143126,-0.0011438248726384319,-0.1319299268451811,-0.1460338612880986,-0.08300365080026097,-0.03843149775353165,-0.009055742954048039,0.1538976572874878,-0.009465706075875567,0.3024218363201414,0.042449228889906855,0.3841155485223282,0.284437133589676,0.03866007764312849,0.2449103957578534,0.0449955348260433,-0.044791015977456654,0.09696877154504273,0.04480027022399904,0.04612085120559697,0.05797183932777153,0.03908716112105943,0.018160533414770703,0.20442121628562307,0.09543071576969882
#12,0.5303196879468066,0.4148757386045522,1.0,0.4637006806498332,0.15208984022543345,0.3312446498887177,0.2407473729507628,0.12503042333550807,-0.06967013238199679,0.44826320928015845,0.3128231467214518,0.08982588135130508,0.12999162490687916,-0.09843695775899165,-0.3642897134422558,-0.12080169537796656,0.6059111499789466,0.8039150089997548,-0.051706251706251705,-0.08903001614866021,-0.20886232920131226,0.003084903084903085,0.3293142140599768,-0.268252844524031,-0.06703406025439924,-0.1294090700870362,-0.16249994216095912,0.17030127199618725,-0.0684693938931227,-0.16160551923263788,0.30067278372363115,0.060874433755789686,0.2713780035813934,-0.00837601854551007,-0.09221070068527695,-0.3146092163041316,-0.21076777856438875,-0.32432015991338026,0.013025814720729974,-0.28313968822443397,-0.15019364510889935,-0.2572759199877844,-0.09563569733061258,-0.11724713928103758,-0.019403841437739742,-0.29817274902020663,-0.11650865040695549,0.25304395304395305,-0.08591966388576558,0.3265032366727282,0.06817233257911225,0.5399894501589417,0.3088590902150224,0.42930958693670557,0.13906124923074076,0.24444907156771564,-0.3277368277368277,-0.4828486421706761,-0.19203810898726154,-0.1822318466386263,0.11071688020840563,0.18510760375167154,-0.465257707630589,-0.21011859316944062,0.3541614033139457,0.24115178352466488,-0.3535640416996349,-0.19395281259688038,-0.15964732066426982,-0.0846097252876914,0.28015611913917,0.17650624430285447,-0.17434861672149807,0.02250355131711064,-0.14013057741871301,0.07441848628289306,0.008279311669142178,0.2010771942975333,0.06819546819546819,-0.025449640703877993,-0.1941443755003077,0.06909683180869622,0.15432936788868992,-0.08390362627650763,-0.10259026360721275,-0.04581870005598819,0.15492580407834644,0.008077569094518247,-0.22280477704206517,-0.1272301577386323,-0.05154291425477866,-0.07941115229250822,-0.14580898309711868,0.14054609308846597,-0.2532197837282583,0.5593141677887441,0.09769337904931125,0.542135047219793,0.5449603686891823,0.3277280362026125,0.6075065820828532,0.5396012345164888,0.20594122628020933,0.37351203283406675,0.3166095216942675,0.38319706455299674,0.4186338881254135,0.19765913833710444,0.1237450084907712,0.15064617776482184,-0.1057394837055854
#13,0.4378975277280362,0.31617688566841107,0.4637006806498332,1.0,0.05302636997552252,0.22746891729942578,0.41750024292397175,0.3513939208854463,0.19198258350800723,0.6321284304335152,0.4968267188606172,0.09361919700902752,0.12859238282967098,0.29349380196837827,-0.13950128865383102,0.004163022807090603,0.39260308073867395,0.31089687530365495,-0.17115219996575928,-0.02628020933105679,-0.14985725324708377,0.008093764025967416,0.2562783122105156,-0.07717717717717718,0.0708861403776658,-0.051905218006912925,-0.12313330279431975,0.19618169787661313,-0.1801320580981598,-0.18663825612978155,0.15400500654737942,0.09203209372700898,0.154314098381895,0.13216729826899318,-0.1117524303964982,-0.1815465696821629,-0.027167691574471235,-0.04231365417806096,0.05854190091478227,-0.16946144912246608,-0.25400315569807097,-0.18322760356658663,-0.1914004914004914,-0.08040367023417871,-0.04942646807053587,-0.08438392167205727,-0.025856364839415686,0.15831933628543798,-0.1686489262760449,0.018547823632569394,0.057087133358319796,0.2304580389326152,0.12000953187393866,0.11865702374176951,-0.02726347302618489,0.02957425838781771,-0.24315208891480078,-0.25675721946908386,-0.16485931231693943,-0.07463364751500345,0.09101690288130966,0.049008638839147314,-0.1670113873503704,-0.11768255158085666,0.3516877432131669,0.19953913852218938,-0.01774316689570927,-0.0807497790548638,0.03784107682412767,0.05454545454545454,0.30200400708875286,0.19097063164859776,-0.0057945464725125745,-0.08867511579375986,-0.10078290925748552,-0.11065857845518863,-0.012067074778939186,0.0231152570135621,-0.1992471670437772,-0.10709476811171727,-0.08222860765233647,-0.04774867317240199,0.1138064104165799,0.001880925609739169,-0.07456840507687966,0.032727642897134424,-0.010502181688622367,-0.04811606676013456,-0.1393865359967055,-0.12777060573670743,-0.006059217923624703,0.006565887921820125,0.07781757103791002,-0.027386091792871454,-0.10508289491340339,0.24820074311599735,-0.0858377638038655,0.4393856105720513,0.15687983823577045,0.20811643692999626,0.30337224744004404,0.1701980871472397,0.038285743370489136,0.2576516423974051,0.06906629279510636,0.2585284822572958,0.10919918377545496,0.043762869186598,-0.1274161680941342,0.058580306037933155,-0.03998482303567049
#17,0.24302067861389895,0.11590388539541081,0.15208984022543345,0.05302636997552252,1.0,0.4026619840179162,0.25892502672163686,0.2890832280662789,-0.018685711906050888,0.060394601072567174,0.09412309073326022,0.5694091626295016,0.17188791256587868,0.23051680339815933,-0.34124293785310733,-0.24889296075736753,0.050456465710702995,0.0363742787471601,-0.11253765321561932,0.04111152755220552,-0.24550822008449127,-0.042207230342823567,-0.03367203875678452,-0.08154564425750867,-0.11848489475608119,-0.21049847999000543,-0.07824511722816807,0.054510288408593496,-0.05287228677059186,0.1479915971441395,0.1336521421267184,-0.051758538199216164,-0.03305107881379068,0.152791312113346,0.05551761314473179,0.27642480693328153,0.004724755572213199,-0.09190531054937835,0.012326656394453005,0.12095577858289723,0.07115173725343217,0.10545075121346308,0.1592526270492372,0.24369161148822166,0.10270686711364678,0.1666042005025056,0.08743180777079082,0.07533928381386008,-0.08719582448396007,-0.032380145939467975,-0.035702883160510276,0.0937640259674158,-0.179340357306459,-0.11931268710929728,-0.3578385781775612,-0.1683726870167548,-0.2790085925679146,-0.054666222462832634,0.15020336206776885,0.24651091769735836,0.1553676943507452,0.14980311590481082,0.1342407122068139,0.018464998126015077,0.14630963783506157,0.08299624740302707,0.02098030233623454,-0.08476103221865934,-0.24995164656181607,-0.12694790321908966,-0.26944432876636265,-0.19199322589153098,-0.15867238579102985,0.03260317328113938,-0.06636682907869348,0.12949698542918883,-0.09868312071701903,-0.05564994887028785,0.20774672978062808,0.25570269807557944,0.2985572629640426,0.5783237783237783,0.11179823891688298,0.16013085504610927,0.38275841326688786,0.17705733468445334,0.2137698561427375,0.2387109759991116,0.3310975073686938,0.4455373709610998,0.5261770244821092,0.11696858646011188,0.42650740108367224,0.07950971001818459,0.17336998014964117,-0.13101098016352253,-0.04538930301642166,0.0023945362928413775,0.08650730854120685,-0.0744823405840355,-0.03486629927307893,0.21899480374056646,0.12402772572264098,0.09148192877006436,-0.08374075153736171,-0.05277557989422396,-0.03597356987187496,0.03838800279478245,0.06743199285572167,0.0051592424473780405,-0.022601646330459888
#18,0.2785454175284684,0.014202954880920982,0.3312446498887177,0.22746891729942578,0.4026619840179162,1.0,0.2148063317554843,0.23580838157109343,-0.12801538055775344,0.018402531961853996,0.12884687460958646,0.39567040075514653,0.4364038923360957,0.06436097114063216,-0.21343022529463207,-0.23265083265083264,0.17608748964681167,0.2858081502149299,-0.09501196111365603,-0.11592702101176677,-0.33972431599550246,0.05505073640666861,0.11134246727467066,-0.07561413493616884,-0.09193122243969702,-0.06378396886871464,-0.22347709805336924,-0.005376254528796902,0.20001897120541187,0.16773599485463891,0.3608364913449659,0.01761823456738711,0.13728026948365932,0.07651225956310702,0.11805919941513161,0.09427347223957394,0.04899938459260493,-0.06360721275975513,-0.09673463910752046,-0.005054669461449122,0.09625943354756913,0.012514054886936243,0.08649990514397295,0.15134394795411746,0.020578205323968035,-0.11943761943761944,-0.11331593534983365,0.029929621455045186,-0.1439396252955575,-0.057610923712618625,0.03286414303363456,0.289724547351666,-0.07773011840808451,-0.003968683629700579,-0.32495916563713173,0.014798465645923273,-0.3206425223374376,-0.1867456053896732,-0.16511380409685494,-0.03294372955389904,-0.14180929774150114,-0.12112837028091265,0.03141631616207887,-0.07761212676466914,0.053012025893381824,-0.09657777962862708,0.03711600660753203,-0.10427037206698224,-0.024924924924924926,0.006453448826330182,0.10106886547564514,0.002010485061332519,0.04221555916471171,0.15143232600859718,-0.08006589023538176,0.06534839924670433,-0.1374713696747595,-0.1240258748733325,0.2061540739506841,0.26224359953173515,0.06874563315241282,0.46733204699306397,0.18555180758570589,0.011803791464808413,0.3802060920704988,0.06840415145499891,0.10554144282957842,0.0011063451741417842,0.05857012636673654,0.11598393462800242,0.35892872842025386,0.18933540628455883,0.23916489679201544,-0.060922093125482954,-0.0393286969558156,0.02487726555523166,0.05040695549170125,0.06635942568145958,0.09059999907457535,0.037368184825811945,0.14865790289519104,0.5505587251349964,0.12843922504939453,0.21454166030437216,0.1269631727258846,0.06834353614014631,0.21615652632601784,-0.1329451176908804,-0.04348292822869094,-0.09125797600373872,-0.04292397173753106
#26,0.28701582938871073,0.2922916753425228,0.2407473729507628,0.41750024292397175,0.25892502672163686,0.2148063317554843,1.0,0.3716486902927581,0.16866974833076528,0.5803305616864939,0.3425413086430036,0.17594173526376916,-0.15157993124094818,0.44290916494306326,-0.27768523531235395,-0.12768361581920903,0.2593710814049797,0.23063757131553742,0.05726527760426065,0.029597394004173664,-0.24016805711720965,-0.14349958587246722,0.06220750797021984,-0.08752620108552311,-0.18035184645354138,-0.037114155758223556,-0.13273088188342425,0.07278511176816262,-0.0995178537551419,-0.017787124566785585,0.2022399903755836,-0.025096128485958994,0.2419393199054216,0.34472484811467863,-0.024811097692453623,-0.15503824317383638,-0.025205328595159105,0.0364686720618924,0.09008731381612738,0.1087156493936155,-0.06541317897250101,-0.07452028299485927,-0.1931634253668152,-0.1302155776732048,-0.08864180050620729,-0.012851372173406072,0.01262880754406178,0.07344308869732599,-0.1206355816525308,-0.021639667402379267,-0.059079109926567556,0.032425491747525646,-0.050992749297834046,0.04476047696386679,-0.25551437415844197,-0.08487069504018657,-0.2791723927317148,-0.29526136305797324,-0.037237237237237236,0.08595714358426222,0.27094259128157433,0.17330658856082584,-0.033446235141150395,0.05903052513222005,0.3309540665472869,0.2000240610410102,0.05787374431442228,0.1493404035776917,-0.0007296973398668314,0.08776496064631657,0.2537421859455758,0.14676911117589084,-0.09292651665533022,-0.0003757224096207147,-0.18711716338834983,-0.06357389747220256,-0.03545070494223036,0.05913278455651337,-0.11429827362030752,0.06443593053762545,-0.03933054780512408,0.029146249485232537,0.09310836259988803,0.18189406663982935,-0.06320835473377846,0.22105479902090072,0.17876289232221435,0.17981371201710183,0.03228528991240855,0.00552200891183942,0.009519380705821383,0.012865253543219645,0.15111027822892228,0.10246440585423636,0.08217030589911946,0.05528579426884512,0.09792334707588946,0.16310840887112074,-0.0630519579672122,-0.0320853981870931,0.08835075445244937,0.23767264953705633,0.1348801806428925,0.1563005224022173,-0.010688192044124247,0.03437165979538861,0.06813115118199864,0.11548050361609684,-0.1256189934156036,0.18680113086892747,0.10373408847985119
#49,0.4959660739321756,0.2672607892946876,0.12503042333550807,0.3513939208854463,0.2890832280662789,0.23580838157109343,0.3716486902927581,1.0,0.286802981718236,0.43636178551432786,0.4313834635868534,0.3603196416755739,-0.01025648144292212,0.38262607754133177,-0.2538782233697488,-0.2902765631579191,0.2162666518598722,0.15953164258249003,-0.10739229213805485,-0.13882850493019985,-0.05317536334485487,-0.005453064775098673,0.32408602747585796,-0.10038451394383598,0.028080622995877234,-0.02325545884867919,-0.25887875548892497,-0.09739354146133807,-0.05373200627437916,-0.13977382621450418,-0.0007060990111837569,-0.17133265777333573,-0.04081585437517641,0.13238708662437476,-0.150790544010883,0.04344174683157734,-0.04138822952382274,-0.13809741945335166,0.023180499451685894,-0.1657079267248759,-0.06069628950984883,-0.10779485186264848,-0.11051883933239866,-0.15510256018730595,-0.06515498549396855,-0.18026717009767856,-0.1349889180397655,-0.15462272750408343,-0.20539707658351727,-0.22054396461176123,-0.06518228552126858,0.08405030608420438,-0.1002785528209257,-0.04437966471864777,-0.21555176131447318,0.005990736499211075,-0.2203380576261932,-0.1694447914786898,-0.11587380909414807,-0.015786819176649685,0.08025699042648195,0.1312761143269618,-0.12423548355751746,-0.14908452366079486,0.094495111444264,0.061651790465349784,-0.01770244821092279,-0.20137194204990816,0.10169260169260169,0.015296344109903432,0.21390219186829357,0.08664797308865105,0.14021849276086565,0.016360582462277378,0.006261885922902872,0.0023718633888125413,0.09169801542682898,0.045779369508183065,-0.22369364742246098,0.011569659027286145,0.2825659249388063,0.09529467834552581,-0.030491354220167778,0.3140585886348598,0.09828657625267795,0.2776546962987641,0.010340232374130679,0.04853991125177566,0.021682236936474225,0.06692717370683472,0.04449858178671738,-0.07880684999329067,0.1922819583836533,-0.06633675277743074,-0.10847874068213051,0.1959290569460061,-0.09074945515623482,0.18168677151728,0.185455100709338,0.006054128088026393,0.06715529088410445,0.06919770309600819,-0.11899480374056645,0.20008421364353568,0.16597398631296936,0.16245274550359295,0.1666888768583684,-0.09201358523392422,0.008284401504740488,-0.06414118278525058,0.02222453578385782
#50,-0.022651156549461635,0.3316495231749469,-0.06967013238199679,0.19198258350800723,-0.018685711906050888,-0.12801538055775344,0.16866974833076528,0.286802981718236,1.0,0.2674856674856675,0.20135528440613187,-0.09518825451028841,-0.23845093167127066,0.4416561399612247,0.1610368457826085,-0.18787601160482517,0.06230930468218604,-0.01707454758302216,0.09548253955033616,-0.046489632930310894,-0.00439252812134168,-0.23710582693633542,0.1527038594835205,-0.03826816030205861,0.029597856716500785,-0.09658101861491691,0.07909697062239435,-0.018766686563296733,-0.17427088105054206,-0.07155568511500715,-0.17837097498114446,0.04905953719513041,-0.029064812115659575,0.23899970849123392,-0.016802472734676124,-0.0907272449645331,0.08730687544246866,0.18079373672594012,0.02356964051879306,0.08800372020711003,-0.10663622019554223,0.035601086448544074,-0.12788489568150585,0.01904940379516651,-0.20695410356427305,-0.014037766580139461,0.07528329562227867,-0.1062165401148452,-0.02999995372876729,-0.2296200669082025,-0.1938662853917091,-0.1568307907290958,-0.2585432890517636,-0.2919284461657343,-0.15787744601303924,-0.18853028683537157,-0.03248610706237825,0.03796924813873966,0.13258975462365294,0.03250785454175285,-0.10318114724894385,-0.04255981713608832,0.07624434912570506,0.18734342971631107,0.028243960447350277,0.01921459209594803,0.3438928913505185,0.07771022177801838,0.10991870144412517,0.09028766825376995,0.04013983166525539,0.013935969868173258,-0.08261358430849956,-0.20974472160912838,-0.18085805373940966,-0.18658920862310693,-0.09296214550451838,-0.17360272445018207,-0.31593673797063626,-0.17327095971163767,0.1278571329418787,-0.24637488027318535,-0.012652405872744856,0.03470851436953132,-0.1391908086823341,0.1305255949323746,-0.1906328516498008,0.008085435204079271,-0.035295233600318346,-0.06426241341495578,0.01717264259637141,-0.15409754901280326,0.011584465821753957,-0.16567137245103347,-0.11396928515572584,-0.08526723950452764,-0.08423122660410796,0.053644090932226524,-0.2011863944067334,-0.19465706075875566,-0.25429373903950175,-0.11476422493371646,-0.056855314482433125,0.1920445869598412,0.0035494662613306683,-0.0971547819005446,-0.0066667592091320905,-0.2685378753175363,-0.2341097646182392,-0.052529879648523715,0.11255986340732103
#51,0.4267281148637081,0.4650735481243956,0.44826320928015845,0.6321284304335152,0.060394601072567174,0.018402531961853996,0.5803305616864939,0.43636178551432786,0.2674856674856675,1.0,0.5789419619928095,0.1239652595584799,-0.1444527732663326,0.33026555060453366,-0.31712729678831375,-0.09362151057066312,0.612660734694633,0.37945742352522016,-0.03331343670326721,0.029172161375551207,-0.1468237112304909,-0.05479994632537005,0.33414770702906293,-0.1709009471721336,-0.06695123474784492,-0.03921070531240023,0.007398770110634517,0.20084213643535678,-0.2568011771401602,-0.3379882193441516,0.2100885168681779,-0.03254718508955797,0.32031538472216436,0.17154643086846477,-0.20843617114803556,-0.41320904880226916,-0.13490285354692133,-0.1753082820879431,0.11470869945446216,-0.26789886959378484,-0.20168936270631185,-0.2492506373862306,-0.3190928987539157,-0.30471596403799794,-0.11802079429198073,-0.19375754799483613,0.05359967054882309,0.09592859423367898,-0.08158451209298667,0.08006496481072753,0.06091977956384736,0.2634771905958347,0.1925725417250841,0.2854379803532346,0.010798780290305714,0.07180138536070739,-0.24616897328761736,-0.3502149298759468,-0.024028651147295216,-0.04600008328821888,0.2142172989630617,0.15911612691273708,-0.3526080780318068,-0.1722955621260706,0.41131285368573506,0.30303493015357424,-0.19646071340986596,-0.08915356034000102,-0.027909882147170283,-0.036447387294844924,0.24870695040186566,0.05979770217058353,-0.19718948532507855,-0.16839258364682094,-0.23936895292827495,-0.12961821605889404,-0.08361674463369378,0.014793375810324963,-0.1546000546000546,-0.11951720595788393,-0.008191396326989547,-0.1553482604330062,0.04365922162532332,0.12393240698325445,-0.30946524336354847,0.0005839429568243128,-0.04728040829735745,0.09177852737174771,-0.10295071651003855,-0.23177121651697924,-0.1724672283994318,-0.1830337271015237,-0.05252386438827117,-0.02286631778157202,-0.10734648361767006,0.4337039659073557,-0.049696692069573424,0.5080345368480962,0.20966791136282661,0.1757247231823503,0.23943141909243604,0.22853130480249123,0.010980626234863523,0.3085800746817696,0.08289352526640663,0.21199627979288996,0.21230999875067672,0.1378003581393412,-0.07171532086786324,0.1501797637390858,0.12484857739095027
#52,0.40600739414298737,0.29238144153398393,0.3128231467214518,0.4968267188606172,0.09412309073326022,0.12884687460958646,0.3425413086430036,0.4313834635868534,0.20135528440613187,0.5789419619928095,1.0,0.13488665861547217,-0.05892595214629113,0.3409754901280325,-0.22855999296677262,-0.04551562348172518,0.5302336234539624,0.3188384069740002,-0.12738562908054432,0.057823771383093414,-0.14839230601942466,0.05875983842085537,0.2569603501806892,-0.19961317249452842,0.0056797938153870355,0.051089456174201936,-0.04690190961377402,0.15785847480762735,-0.08042171601493635,-0.31818783344207074,0.0856656348181772,-0.2101153541831508,0.14658587709435167,0.21306051814526392,-0.22034129661248306,-0.1930519116959795,-0.12751333768282921,-0.1107307615782192,0.045068643373728116,-0.20836861514827618,-0.073540258286021,-0.18609549457007085,-0.2524692643336711,-0.17172179884044292,-0.07025453805114822,-0.09775815877510793,0.03511292494343342,0.030582045836283125,-0.05811713099848693,0.029856975619687483,0.008969678461203884,0.24521300961978929,0.0598236140609022,0.21346863041778297,-0.1125395040649278,0.11414650397701245,-0.17465261872041532,-0.1453879148794403,-0.08578177561228409,-0.01881018152204593,0.03219829999491017,-0.04695974865466391,-0.28127542025847113,-0.1556753980482794,0.21762887695091085,0.1457798322205102,-0.057017263796924816,-0.059995280334263386,0.08450977942503367,0.12816529935174004,0.22008726754489466,0.14119666662039543,-0.06856887704345331,-0.06368217215674843,-0.14439678507475118,-0.12704461009545756,-0.0896375574341676,0.002041486787249499,-0.12448488550183466,0.07402101639389776,0.08530101750440733,-0.10567239041815313,-0.08202917863934812,0.13415511042629688,-0.1869057038548564,-0.10751167191845158,-0.07767135394254038,-0.011600660753203125,0.006384967401916555,-0.15653789382602942,-0.13511570121739613,-0.18802778124812022,-0.052552089840225434,-0.11234146318892081,-0.17663719189142918,0.38624402522707607,0.04811514133548032,0.3092357380492974,0.2731261307532494,0.034565073548124395,0.1144093245788161,0.02376120342222037,-0.19438729947204522,0.31238865984628694,0.009299592350439808,0.24031751319886913,0.11367222384171537,-0.09073788734805684,-0.061398224110088516,-0.006234123183275726,0.08210691431030415
#53,0.273326485190892,0.07477477477477477,0.08982588135130508,0.09361919700902752,0.5694091626295016,0.39567040075514653,0.17594173526376916,0.3603196416755739,-0.09518825451028841,0.1239652595584799,0.13488665861547217,1.0,0.3827440691847471,0.21020188138832208,-0.3953353970303123,-0.2865281305959272,0.05721669280991315,-0.07599170819509803,-0.16076477093426245,-0.07335980047844455,-0.1118810644234373,-0.024356251474895542,0.004904287955135413,-0.0940763567882212,-0.15268951540137982,-0.2353253099015811,-0.056088137444069645,0.01331824891146925,-0.1170319780489272,0.08724024486736351,0.15605852385513402,-0.034512324342832815,-0.11413169718254464,-0.07742842997080285,-0.010617859770402143,0.15387498438345895,-0.01680895070725579,-0.17837328854278006,-0.0845907540822795,-0.17092176922685398,0.18115095064247608,-0.01358292036258138,0.03123169394355835,0.1832442612103629,0.1634683990616194,0.02434237010508197,0.16287196287196287,0.01118930949439424,-0.05810648861496319,-0.101755993281417,0.0007963279149719827,0.010217613607444116,-0.16136907323348001,-0.10630538088165206,-0.3152685813702763,-0.2709527709527709,-0.19877566318244283,-0.04471142945719217,0.05405821846499813,0.047867127528144475,0.17548920260784667,0.24499368397673482,0.045372645372645376,-0.2205865341458562,0.09198073265869876,0.030378452412350716,-0.0336692624828218,-0.12687155568511502,-0.21559016643762408,-0.1961853995752301,-0.13433556823387333,-0.11220033592914949,-0.1133168607744879,0.058984716611835256,-0.004665528394341954,0.014122905648329378,0.008443111832942342,-0.023784801750903445,0.20772914671219755,0.12229856975619688,0.3167265879130286,0.49754346025532464,0.2008523161065534,0.3574605422063049,0.3779290847087457,0.27121883054086443,0.2898596593511848,0.18310082038895598,0.2506452523401676,0.2383500603839587,0.3117838948347423,0.291266767537954,0.3055525479254293,0.09559914305677017,0.08265893011655724,-0.12118482118482118,-0.25151746507678713,-0.030551969535020384,0.06639042740737656,0.03383121179731349,-0.10580380071905496,0.2461527783561682,-0.05071697275087106,0.07621751181073215,-0.18158312395600532,-0.10940740432265857,-0.14499599753837042,0.19558341083764813,0.11741510385578183,0.09332259840734417,0.04889897601762008
#54,0.2698232901622732,-0.06334578029493283,0.12999162490687916,0.12859238282967098,0.17188791256587868,0.4364038923360957,-0.15157993124094818,-0.01025648144292212,-0.23845093167127066,-0.1444527732663326,-0.05892595214629113,0.3827440691847471,1.0,-0.16844394471513116,-0.1270265643146999,-0.1694841220264949,-0.0684305260576447,0.013377476089340496,-0.04514175192141294,-0.23041454397386602,-0.1190443139595682,0.022677068439780304,-0.05105197647570529,-0.17135394254038322,-0.09055372784186344,-0.2518321094592281,-0.23901220172406612,-0.026561075713618088,0.2619183127657704,0.3655098858488689,0.18138785935396104,0.11043601382584434,-0.06424159136023543,-0.17778610659966593,0.1463369378623616,0.1668461990495889,0.1756830790729096,-0.1059791686910331,-0.051354590337641184,-0.17797766950309324,-0.003368083029099978,0.06094060161856772,0.2883229917128222,0.20776338742440437,0.30739691926132606,0.009172346460482053,-0.13204005237903543,0.06568617924550128,-0.17107353887014903,-0.028037590749455155,-0.024982301253487695,0.11410300901826326,0.002737868839563755,-0.041978650453226726,0.04388687609026592,-0.17545403647098562,-0.1171143408431544,-0.14904565582531684,0.01456201964676541,-0.09759019420036369,-0.06555661979390794,-0.019164156452292046,0.00477611664052342,-0.16533174160292805,0.13041824567248297,-0.03477329409532799,-0.06216771471008759,-0.10605829249897046,-0.07448604228265245,-0.17475025102143746,0.0288959221162611,-0.07101292355529644,-0.023475247204060763,0.17427365732450478,0.02903519852672395,0.027938570311451666,-0.06656995979029877,-0.03220338983050847,0.24072053563578988,0.12852621496689293,-0.071244279718856,0.47138263070466463,0.3799955579616597,-0.17013284470911588,0.4350222333273181,0.10578205323968036,0.2753485380604025,-0.18397627211186532,-0.07740251808048418,0.07309744258896801,0.32957194482618213,0.4407945696081289,0.20097771114720267,0.19890105822309212,0.1626257999139355,-0.018766686563296733,-0.08824803231582892,0.1199183775454962,0.016454050352355438,0.26971871717634427,0.08003396308481055,0.26467885450936296,-0.034973185820643446,-0.060616702989584346,-0.14575253219321016,0.028047307708324656,-0.04923814415339839,0.1240573393115766,0.12397081210640533,0.06707848063780267,0.04335336877709759
#58,0.07727573490285354,0.15633476311442412,-0.09843695775899165,0.29349380196837827,0.23051680339815933,0.06436097114063216,0.44290916494306326,0.38262607754133177,0.4416561399612247,0.33026555060453366,0.3409754901280325,0.21020188138832208,-0.16844394471513116,1.0,0.030322926933096423,-0.23265731062341233,0.07748071646376731,-0.1643017439627609,-0.121630875868164,0.03266147503435639,-0.1065894862505032,-0.12637552807044333,0.03691565216988946,-0.08881300406724135,-0.10385115469861232,-0.13314686026550435,-0.04496499581245344,0.002053980020081715,-0.31594090238158035,-0.11884164596029002,-0.12446082446082446,-0.1855471804624347,-0.012182752860718963,0.19605121300036554,-0.03707066079947436,0.04999514152056525,0.14887306412730142,0.1681376291545783,0.1177607499641398,0.14575530846717288,0.01450973315380095,0.14306093458635832,-0.20339908475501695,-0.011069929713997511,-0.1942947570066214,0.07464290176154582,0.23429161056279701,0.052339704882077766,-0.12431692092709042,-0.19348223416020027,0.016669211584465823,-0.10599536362248227,-0.28647630681528985,-0.29223938884955836,-0.3842849012340538,-0.11228084787406821,-0.21683948972084566,0.052540984744374575,-0.08669794601997992,0.031881342050833573,0.2015621168163541,0.16520033130202622,0.34677836542243323,0.12698815919154902,0.014866484358009783,0.047920802158090296,0.5207040630769444,0.26388391473137235,0.08703757686808535,0.17972255768865938,0.07127435602011874,0.03329539092250957,0.1269677998491558,-0.028944044198281487,0.13113406164253621,0.035721854365922165,0.14166678234474844,0.043537528283290994,-0.15968387493811223,-0.047145296297838674,0.3027378688395638,0.09789095721299111,0.006518691264453976,0.2618192923277669,0.06838101583864296,0.17596579630477935,-0.011366528315680857,0.11173531004039479,0.3127236635711212,0.13077407145203757,0.14316782113392282,-0.20687081534539162,0.17831498678956306,-0.20373779017846813,-0.16401486231994705,-0.13917276290157646,-0.2222509103865036,0.08660864254084594,-0.11919006834261071,-0.13166895709268592,-0.18020562935817172,-0.19927909419434844,-0.16259757446198125,0.3054785139530902,-0.04850659596422308,0.05202367236265541,-0.08739293993531282,-0.01169227779397271,-0.11978881809390284,-0.03981639574859914,-0.01454166030437217
#101,-0.43315935349833656,-0.2822822822822823,-0.3642897134422558,-0.13950128865383102,-0.34124293785310733,-0.21343022529463207,-0.27768523531235395,-0.2538782233697488,0.1610368457826085,-0.31712729678831375,-0.22855999296677262,-0.3953353970303123,-0.1270265643146999,0.030322926933096423,1.0,0.32334429961548605,-0.25943308485681366,-0.3288598305547458,0.11065441404424456,-0.05671603807197027,0.36983208169648846,0.01275882970798225,0.0022237954441344274,0.3243747599679803,0.3593007491312576,0.1834668258397072,-0.12884872545889495,-0.40759079572638895,0.21199627979288996,0.023808400079586522,-0.2043615263954247,0.10636321992254195,0.024236871694498813,-0.043553260502413045,0.1820981227760889,0.07607175742768964,0.5551326364885687,0.4273319544505985,0.37076768602192334,0.33458589560284474,-0.02276868548054989,0.11831878103064544,0.13742833742833743,0.17894473826677215,0.10549100718592244,0.218324796290898,-0.20644697085375052,-0.2958235585354229,-0.18859784283513098,-0.4083352998607236,-0.30073062276452106,-0.4886024699584022,-0.36563898258813515,-0.34533331482484025,0.25434695095712045,0.07222754341398409,0.14740765418731522,0.2016958406788915,-0.15412762531406599,-8.930347913398761e-05,-0.3314778569015857,-0.29288533525821664,0.2928219436694013,0.34277405294354446,-0.33442117001439037,-0.2699135190660614,0.3654034620136315,0.3498873295483465,0.33657787217109253,0.14855101634762652,-0.07468732214494926,-0.05633707667605973,0.3597028461435241,-0.1955223328104684,0.23359060138721155,-0.26247449298296754,0.0998547083292846,-0.13308578223832462,-0.03522906573754031,-0.18529962936742597,-0.09128249975707603,-0.3049426930782863,-0.14334318910590096,-0.15631995631995632,-0.1846462795615338,-0.17092130651452686,-0.28853398853398854,-0.2803712803712804,-0.07559747729239255,-0.20828301336775912,-0.06521883979511098,-0.23845046895894353,-0.18242433496670785,-0.0681788105516919,0.02894728318457132,-0.10155702698075579,0.009057593803356516,-0.3200234132437522,-0.3624925387637252,-0.27678155813749034,-0.2646885714682325,-0.29791409282934705,0.049981722863078795,-0.14692689607943846,0.15443347816229172,-0.19927169079711451,-0.0006191090936853649,-0.3706029604334689,-0.2497781294391464,-0.1129198535978197,-0.10145014043319128
#102,-0.23588472910506808,-0.12196032704507281,-0.12080169537796656,0.004163022807090603,-0.24889296075736753,-0.23265083265083264,-0.12768361581920903,-0.2902765631579191,-0.18787601160482517,-0.09362151057066312,-0.04551562348172518,-0.2865281305959272,-0.1694841220264949,-0.23265731062341233,0.32334429961548605,1.0,-0.07558035693628914,-0.161664283698182,0.08162014094217485,0.5615870107395531,0.04049380659550151,0.5292697936765733,-0.03625212269280066,0.6308282087943105,0.14377675055641156,0.44716611835255904,-0.11804716889462652,-0.20647195731941495,0.04384014214522689,-0.06829078693485473,0.03751070022256463,-0.04039987599309633,-0.03181239791409283,-0.03315935349833655,0.056189008731381614,-0.11954358056052972,-0.00848521865471018,0.2676619608822999,0.14724154046187946,0.23202802185853033,-0.043650892803435176,-0.12833742833742834,-0.023449335313742093,0.217792677114711,0.07915480966328424,0.5463133395336786,-0.19577960086434662,-0.211219385795657,-0.16860080419402454,-0.14023098599369785,-0.14587144926127976,-0.19239486019147037,-0.13594118000897662,0.13213305755678637,0.11157521157521158,0.28638330163753895,-0.12580037664783428,0.15612376629325783,-0.12499664533562839,0.18803009480975583,-0.006811588167520371,-0.14256490697168664,-0.006997135810695132,0.34818547360920243,-0.13961141418768538,-0.09490044744282032,-0.0623833386545251,0.3775575267100691,0.18441122169935728,0.22499248092468432,-0.05239014052573374,0.03125251599827871,0.19033532762346322,-0.04671358569663654,-0.04794440048677337,-0.21316509113119284,0.019097988589514014,0.010022811717726971,0.13817746868594327,0.25516271278983144,-0.14802398700703787,-0.18301244233447622,-0.13912602895653742,-0.20220945136199373,-0.20201094777365963,-0.17018837018837019,-0.10741589046673793,-0.12812781965324338,-0.0019202561575442931,-0.14309610072321938,-0.1402078503773419,-0.08345340718222075,-0.017124520514351024,0.05155124307666681,0.09711036151714118,-0.09350444435190199,0.1858720045160723,-0.25902265902265903,-0.1476589069809409,-0.07436110995433029,-0.02022839480466599,-0.18316745096406115,-0.11314658263810806,-0.24349542146152314,-0.16310794615879362,-0.14190230291925207,-0.14176441464577058,-0.10392703952025986,-0.07244177922144024,0.13379789650976093,-0.00785824345146379
#201,0.3808247384518571,0.31619817043545856,0.6059111499789466,0.39260308073867395,0.050456465710702995,0.17608748964681167,0.2593710814049797,0.2162666518598722,0.06230930468218604,0.612660734694633,0.5302336234539624,0.05721669280991315,-0.0684305260576447,0.07748071646376731,-0.25943308485681366,-0.07558035693628914,1.0,0.4696534747382205,-0.08850576308203427,-0.04127625314065992,-0.1410384190045207,0.004334226368124673,0.34045910317096756,-0.26802010022349004,0.04290777680608189,-0.05145638704960739,0.005311937515327346,0.19457608610150984,-0.15379678600017582,-0.37475950526797985,0.3028442926748012,-0.062274138545324986,0.2856559178593077,0.016527158900040254,-0.28546851936682444,-0.34473549049820235,-0.2289297001161408,-0.24181531300175368,-0.03847638084926221,-0.23960169722881589,-0.05107279853042565,-0.19061017874577196,-0.26039136208627733,-0.23797341254968374,-0.09016458677475626,-0.27527033967711934,0.04715455054438105,0.13578941036568154,-0.03665144343110445,0.1752208294581176,0.05630700037479699,0.35826334809385657,0.24601442737035958,0.2852589106826395,0.0927830758339233,0.15797461560173426,-0.22598083445541073,-0.32556763234729336,-0.1456012252622422,-0.10931717541887033,-0.08465738465738466,-0.00423242965615847,-0.42383338654525093,-0.26274703054364074,0.33728165762064066,0.21620742468200096,-0.29999352202742036,-0.09685124261395447,-0.13322274508715187,-0.05703762313931805,0.21478550970076393,0.13649412123988394,-0.17951109815516594,-0.038378285835912955,-0.13621741926826672,-0.08208979395420074,-0.12776227691481928,0.029778777236404354,0.05172661104864495,-0.06459279001651883,0.04466700907378873,-0.14333763655797555,0.10337456100167965,0.0974231550502737,-0.3282707977623232,-0.1956380108922482,-0.11968008069702984,0.03569038992767806,-0.013617623787115313,-0.2592637321450881,-0.2537292300004164,-0.33936062410638684,-0.2663723816266189,-0.08503033079304266,-0.26038488411369765,0.6227760888777838,0.048716667360735155,0.5400088840766807,0.4319077166534794,0.20464146735333175,0.31476931476931475,0.3513333055705937,-0.03443551409653105,0.3919048478370512,0.20315153366000824,0.2925484806840739,0.2849192798345341,-0.006207748580629936,0.037757325892919115,0.025748090154869816,0.08784084546796411
