,#10,#11,#12,#13,#17,#18,#26,#49,#50,#51,#52,#53,#54,#58,#101,#102,#201,#202,#301,#302,#401,#402,#501,#502,#601,#602,#701,#702,#801,#802,#901,#902,#1001,#1002,#1101,#1102,#1201,#1202,#1301,#1302,#1401,#1402,#1501,#1502,#1601,#1602,#1701,#1702,#1801,#1802,#1901,#1902,#2001,#2002,#2101,#2102,#2201,#2202,#2301,#2302,#2401,#2402,#2501,#2502,#2601,#2602,#2701,#2702,#2801,#2802,#2901,#2902,#3001,#3002,#3101,#3102,#3201,#3202,#3301,#3302,#3401,#3402,#3455,#3501,#3502,#3601,#3602,#3701,#3702,#3801,#3802,#3901,#3902,#4001,#4002,#4101,#4102,#4201,#4202,#4301,#4302,#4401,#4402,#4501,#4502,#4601,#4602,#4701,#4702,#4801,#4802
#10,1.0,0.3894612640375352,0.48812495083681523,0.5047321589694471,0.08429415548059616,0.07271570491909475,0.11139151478134529,0.5437221505018115,0.139590592132965,0.38467681857512365,0.4397085837763804,0.13147646876460437,-0.06762818288242017,0.04895311335989302,-0.006416431840160654,-0.0503643859576063,0.4653983721780332,0.3949698542918882,-0.030855508821610516,-0.1281740908859553,-0.11384851723834774,-0.01888236464507651,0.1092024227617448,0.038176080548961905,0.07445874225535243,0.05290190035952748,0.002527334730724561,0.08292730326628632,0.05076231855892873,0.33985109917313305,0.1279052550238991,0.1860506114743403,0.06600359990190499,0.24471096674486506,-0.06106645937154412,0.04951253256338002,0.01712081881573407,-0.06850733630394647,0.18241646885714682,0.06544556883539934,0.015517983314593484,-0.035849100255879916,-0.1366699519241892,-0.13981269404998217,-0.10791191808140961,-0.007145203755373247,0.06768833548494566,0.10798225035513172,-0.17027859909215842,-0.12271778712456678,-0.02092662770628872,-0.016958869501242382,0.058374861764692275,0.10147882859747266,0.035751467954857785,0.04319512116122286,-0.2055793852404022,-0.21037262223702902,-0.05362326887750617,0.016313848517238348,-0.006514526853509905,0.12201492709967286,-0.018412248920723497,0.011326272343221496,0.15216526233475386,0.11759787522499388,0.06660281236552423,-0.05674241267461606,-0.04618470550673941,-0.0916452662215374,0.21094962450894655,0.20084306186001102,0.09698866817510886,0.10480665565411328,-0.1127430974888602,-0.06487735809769708,-0.01917202256185307,-0.14440557660896644,0.1819389497355599,0.09595219256236205,-0.15081460505189317,-0.008087286053387748,-0.17967536103129322,-0.1533405516456364,-0.08278756414349635,-0.14833169070457206,-0.09736670414636517,0.04776162911756132,0.07107631514411175,0.004085287136134594,0.005465558007930889,-0.084953983259068,-0.13206781511866258,-0.08208933124187362,-0.2193080599860261,0.17578811477116563,0.3023746396627753,0.23230611196712891,0.33917044933994084,0.2663617392430952,0.3412008310313395,0.055990505143047514,0.28582989769430445,0.265502482451635,0.251831646746901,0.19678091034023237,0.15152394304936678,-0.07714247375264324,-0.002889638482858822,-0.10208405632134446,-0.08147346113447808
#11,0.3894612640375352,1.0,0.42616545667393124,0.5441834746919493,-0.017445642869371683,0.03356330135991153,0.2674130216503098,0.22854379803532346,0.5290361239513782,0.5996177996177996,0.39218432608263115,-0.0692536912875896,0.16506290574087185,0.08088766732834529,0.013188689459875901,0.10705034772831383,0.24387114387114386,0.3021261631431123,0.05155216850132104,-0.006037933156577224,0.029187893594673255,0.17611525238643883,0.03234590522726116,0.10285262149668929,0.05964084269169015,0.07158298514230718,0.2344387530828209,0.22538671182738979,0.11945890420466691,0.17166534793653437,0.22073784107682412,0.201041102736018,0.22373667966888305,0.135872698584563,-0.32547786615583224,-0.3103777120726273,0.03811453980945506,-0.1251618336364099,0.19390607865184137,0.17277585752162022,0.11779776695030933,-0.060570431756872434,0.03706649638853029,0.11980362488837065,-0.04949680034425797,0.07920570801926734,0.203111740399876,0.011374857137569002,0.03327271801848073,-0.13052652035702883,0.0888527973273736,0.1356839119550984,0.23046405419286775,0.17868469393893122,-0.045113526469458674,-0.09352295284498674,-0.27240985207086904,-0.2719661109491618,-0.19125936414072006,-0.28564064835251274,-0.09487453555250165,-0.04312525159982787,-0.2142663464697363,0.014853065700523327,0.4629330408991426,0.05270015778490355,0.14114669368906657,0.05837948888796347,-0.061569427671122584,-0.15178398737720772,0.12581148174368514,0.225733283360402,-0.15526450950179763,-0.3118782881494746,-0.06231717079174706,-0.11435796351050588,-0.11079507859168876,-0.12116908896569914,-0.09028489197980723,-0.06362896023912973,0.12841099959744026,0.16733528597935377,-0.11029442385374588,-0.07776250827098284,-0.06111273060425603,-0.2628566933651679,-0.27078526909035383,0.08026485653604298,-0.03957347177686161,-0.39769014006302145,-0.2345192650277396,-0.26465571889300704,-0.3693739964926406,-0.2732783631088716,-0.3198068638746605,0.22018906425686086,0.33815710934355003,0.3588486791876622,0.4192372649999769,0.14554246079669808,0.3193807058213838,0.19136393712664898,0.11384203926576808,0.15994345655362605,0.34754137804985263,0.22570968503171893,0.2906980940879246,-0.0853801413123447,-0.024619997501353432,-0.1639820097447216,-0.22160311312853687
#12,0.48812495083681523,0.42616545667393124,1.0,0.6549790159959652,0.16163883452019046,0.17769032514795227,0.29947158252243,0.09084477389562136,0.07063627572102148,0.4653701467260789,0.24441945797878,-0.03637936858275841,0.0535006501108196,0.060159080498063545,0.017604815909900654,-0.004826552284179403,0.6192742819861464,0.851606305843594,-0.1939070040764956,-0.223553908299671,0.0018004136648204444,-0.06324953613089206,0.18121387951896425,-0.03845185709592489,0.09000402559724593,-0.002673551826094199,0.20814512509427763,0.22415913602354282,0.11776260081344828,0.2280847874068213,0.4343957208363988,0.19993660841118469,0.41132812319253,0.34407242373344066,-0.2905666837870228,-0.2923101838356076,-0.0860557013099386,-0.36542428406835187,0.016542428406835185,-0.0027526756340315664,-0.0008958110653025907,-0.09402869741852793,-0.12691366250688285,-0.01213740705266129,-0.13634373973357025,-0.20178653229500687,0.1838712364136093,0.20212893941707502,0.11041149007250702,0.026028956537431112,0.36772396433413385,0.3941540924591772,0.5535783857817757,0.348354826320928,0.1627076999958356,-0.053997603150145526,-0.3110060754128551,-0.36031177556601285,-0.16812328507243762,-0.21736004108885465,-0.1625846185168219,-0.04883188273018781,-0.32184187268933034,-0.08019637511162934,0.42441409051578544,0.16863504490623135,0.027571176723719098,0.048385828046845,0.1690237232610114,0.15363668753499263,0.4748076273500002,0.5573897472202557,-0.11396188175849192,-0.09586936705580773,-0.2972204870509955,-0.035934702036396954,-0.20523281370738997,-0.14268706302604608,0.02470004673394504,-0.0649722141247565,-0.04381237940559975,0.14777227150108507,-0.05052263357348103,-0.05955200192488328,0.021735448854092922,-0.2811111573823438,-0.27293086615120515,0.05020521291707732,-0.06889323838476381,-0.10195819856836806,-0.23173790122942664,-0.10576817186986678,-0.22860256250086758,-0.2699810750658208,-0.45167247370637204,0.5375097747979104,0.28306056441649663,0.5742185945575776,0.5999370711235118,0.4429799599291125,0.6542423779711916,0.5100413202108117,0.4661229796823017,0.5438359777342828,0.6491733644276018,0.4498859414113651,0.422419337673575,-0.1857604908452366,-0.04887676582591837,-0.3546893580791886,-0.21837014209895567
#13,0.5047321589694471,0.5441834746919493,0.6549790159959652,1.0,0.09380474465220227,0.13449103957578534,0.23717477107307616,0.20312099464641836,0.2862051573915981,0.6921894159182295,0.3178320076625161,0.043677267406080966,0.12617656176978212,0.07205448900364154,0.029515493922273584,-0.051048737489415456,0.4285127963094065,0.4461810038081225,-0.03800626512490919,-0.2392051527644748,-0.11099311946769574,-0.04111013941522416,0.018838869686327312,-0.11252007014718879,0.0014635590906777348,0.009051578543103967,0.08767565716718259,0.26800760699065784,0.16735934702036398,0.38237297389839764,0.2517076398432331,0.360044327840938,0.2650888176311905,0.2801200275776547,-0.16802704090839685,-0.06732927071910123,-0.0475770068990408,-0.0844163115349556,0.1201076268872879,-0.04037535223975902,0.0625360337224744,0.038244099261048416,-0.06538310267123826,-0.03441237848017509,-0.0987627072372835,0.0034684916040848245,0.2848276627937645,0.2241859733385157,-0.1131623148572301,-0.03864249457469796,0.21535510857544757,0.16123488665861546,0.2782455799404952,0.1244205684883651,0.042591744286659544,-0.09509756289417307,-0.2344387530828209,-0.2477755104873749,-0.06982190202529186,-0.1070447951803884,0.012768546666851751,0.08106072173868784,-0.1683939717838023,0.05142954973463448,0.38724255842899913,-0.03974560076254992,0.02998884863291643,0.0049297371331269635,-0.09455248777282675,-0.18110976924536246,0.06848651424922611,0.22649999768643836,-0.06048575540100964,-0.16412313700449294,-0.21592655829943966,-0.2196597213546366,-0.01590804980635489,0.014260793921810871,-0.003678563000596899,-0.05944604080197301,-0.015026120110865874,0.1521759047182776,-0.09315000670932874,-0.04467765145731247,0.011180055247851858,-0.0926331570399367,-0.09459783358088443,0.05404479980751167,-0.046318892081603946,-0.09693360540818168,-0.1773233942725468,0.027557758066232643,-0.0767760055895649,-0.06315468010383264,-0.17888366023959243,0.1953798174137157,0.1506600591346354,0.3903103411577988,0.5201659286405049,0.2718522837166905,0.3994280875636808,0.2767829462744717,0.16845504981098203,0.2944886334716843,0.4911515521685013,0.3100413202108117,0.3972801769411939,0.015220922000583018,0.11858761689270164,-0.12216206961969674,-0.11226881735356312
#17,0.08429415548059616,-0.017445642869371683,0.16163883452019046,0.09380474465220227,1.0,0.4613010545213935,0.14327794666777718,0.09246889416380942,-0.05662627188050917,-0.005509978391334324,-0.034793190725394114,0.3311530328479481,0.0993485010434163,0.14330385855809585,-0.29021964954168344,-0.1601239143612025,0.12616730752323974,0.1328238870611752,-0.3528861681404054,-0.11531300175367971,-0.15765303053438648,-0.06168371761592101,-0.12308286715066376,-0.009295890651822855,-0.08449913704150992,-0.19654261349176602,-0.19561533798821934,-0.16931291846546084,0.09628071831461663,0.1491733644276017,0.2213546366088739,-0.009535112924943433,0.065502482451635,0.06690820250142283,0.2204611391052069,0.12441640407742102,0.011480355548152158,-0.14655394994378046,-0.09629459968443019,-0.00716463767311225,0.05502713807798554,-0.08430340972713854,0.06692115844658217,-0.15887135209169106,-0.11549299684892905,-0.26651350888639025,0.001213694434033417,-0.09900748205832952,-0.11022270344304243,-0.06268872879042371,0.12575826982606644,0.04766954936446462,0.032410684953057836,-0.0001980408760069777,-0.19090538921047395,-0.11431030414081261,-0.05574295404803879,-0.028717315157993126,0.12137777222522986,0.06067037761953016,0.06032889592211626,0.1267933573018319,-0.018097604538282505,0.005825548198429555,-0.17137892900604765,-0.02660595880934864,0.05508034999560423,-0.04774126977516808,-0.09584160431618059,0.007697219561626341,0.13529477088799122,0.16957250008097466,0.12581657157928344,0.1500062466164161,0.09415964500710264,0.19324625087336952,0.056533729415085346,0.07530134140303632,-0.10486727096896588,0.05689510774256537,0.04681491969627563,0.3183396030853658,0.15610063067690186,0.22777985998324982,0.5201497337090557,0.31982028253214695,0.2828828828828829,0.10375028341130035,-0.07147424774543419,0.1971589463114887,0.11441765340070424,0.10445360614852141,0.12483839771975365,0.07522082945811759,0.12234900539985286,-0.043916489679201545,0.07990625448252567,0.1733931157659971,0.040253196185399576,0.12720470856064076,-0.09740094485857198,0.26496342259054123,0.38592660457067235,0.1923814415339839,0.10398117686253279,0.024694956898346727,-0.04111152755220552,0.04676448405261965,0.023786189887884803,-0.05893659452981487,-0.06862486523503472
#18,0.07271570491909475,0.03356330135991153,0.17769032514795227,0.13449103957578534,0.4613010545213935,1.0,-0.04969484122026495,-0.009333833062646622,0.04417190688377129,0.06875211112499248,0.1309836801362225,0.1416829772761976,0.22521041843075743,-9.346789007805957e-05,-0.2358319798997765,-0.06133159353498337,0.116331894297996,0.19331982213338145,-0.28214254315949233,-0.10496258970835241,-0.10708412572819352,-0.05631440377203089,0.07754364534025551,0.06517997195963297,-0.02506697760935049,-0.0765603816451274,-0.024809246843145148,0.039576248050824325,0.21743037336257676,0.23646173137698562,0.23288357695137357,0.13811639065876355,0.10189526969187986,-0.0212699602530111,0.037726786879329254,-0.028854278006820378,-0.03943835977734283,-0.20038081224521903,-0.0723538638792876,0.011886616971362734,0.32530018462221855,0.016171333120485663,0.11836736582499294,-0.06451227807160011,0.02658421132997404,-0.1700018971205412,0.07416075551668772,0.03586483247500197,0.03872532008125228,0.04887491497660989,0.1837671261400075,0.2728503542062864,0.2117043083144778,0.18133696099797794,-0.012393286969558156,0.015494384985910409,-0.09057038548563973,-0.0774487893131961,-0.00046872758737165517,-0.054240064409555935,-0.029707056825700892,0.0012224859682486802,-0.14712077254450137,-0.002035471526996951,0.044114530555208524,-0.10452995368249605,-0.1269122743699015,0.048877691250572605,-0.1158913921625786,0.061109954330293315,0.20664917614070155,0.2610035304950559,-0.04454531573175641,0.1573050708643929,-0.08590254352966217,0.13738114077097127,-0.11529680682223055,0.019180351383741214,0.020841951350425925,0.12960896181235165,0.07215628571560775,0.36835880564694123,0.05823465992957518,0.20426852121767375,0.2168700287344355,0.16613917461375088,0.10024801380733585,0.15618576974509177,-0.06172674986234308,0.13847452999995372,-0.025504703470805166,0.054235899998611864,0.008883151256032612,-0.07313862398608162,-0.07956107108649481,0.16864244830346525,0.03839031635641805,0.1604390214559706,0.14260423751949175,0.19674574420337132,0.1249582402124775,0.3366556078420485,0.15629219358032917,0.22921796989593599,0.15634956990889196,0.05752115752115752,0.16063659961965046,-0.03512310461463004,-0.0004705784366801316,-0.1108394989750922,-0.12535848637543553
#26,0.11139151478134529,0.2674130216503098,0.29947158252243,0.23717477107307616,0.14327794666777718,-0.04969484122026495,1.0,0.06850039561903969,0.2139591054845292,0.42991342652359604,0.35185061795231287,0.07351897351897352,0.1613538037266851,0.5097720216364284,0.08479064580759496,-0.1905671464993499,0.2973417176807007,0.16043763331898925,-0.07871245667855838,-0.3210492464729753,-0.15870385022927397,-0.36211635364177736,-0.2030515877973505,-0.16442343730479322,-0.06444148308555088,-0.17218589930454337,-0.008336225285377828,-0.18909618401143824,0.1623329030108691,-0.009751199581708057,0.17831035966629186,-0.03288820407464475,0.31518205416510503,0.28271029118486746,-0.1555592572541725,-0.09973810482285059,0.3676924998958897,0.14073673056723904,0.4761087744138592,0.09861186301864268,0.07121651697922884,0.03878454725912353,0.14553274383782858,0.08734065344234836,0.23964287862592948,-0.022007986414766076,0.07333666486208859,-0.02413461227020549,-0.1832734120869714,-0.1666962802556023,0.1048024912431692,-0.019128990315430992,0.07367398214855841,-0.18556846522948217,-0.05051430475159289,-0.24211700143903533,-0.2432279737364483,-0.24370688099501658,-0.01692971862463388,-0.06025439923745009,-0.09819172022561853,0.028659938829430354,0.04862597574461981,0.43545255579153885,0.05863583151718745,-0.18471198471198472,0.4407797628136611,0.5519246519246519,-0.07381696025763822,-0.12394443750375954,0.14481322616915837,0.09770402143283499,0.054389057778888285,-0.19126908109958957,-0.07877631097970081,-0.1163346705719587,0.025877186894136046,-0.026262626262626262,0.32072349699468344,0.08432515720651314,0.2467561552307315,0.15470694114761913,0.027458274915902036,0.2605546995377504,0.059445115377318766,-0.11895038335716301,-0.1314968281069976,0.002335771827297251,0.20186010355501882,-0.1382894450691061,0.0660933660933661,-0.08620839637788791,-0.033647977715774324,-0.1745790474604034,-0.13003558257795547,0.14781808002146984,0.0731094731094731,0.2279274652156008,0.10820296413516753,0.25339006186463814,0.13317925012840268,0.1991671178111856,0.08423816728901475,0.19555888708431082,0.28363479041445144,0.22524928626623542,0.11599411429919905,-0.01973097905301295,0.08686729873170551,-0.027681302257573443,0.08114909979316759
#49,0.5437221505018115,0.22854379803532346,0.09084477389562136,0.20312099464641836,0.09246889416380942,-0.009333833062646622,0.06850039561903969,1.0,0.28671043925281214,0.360712484441298,0.4571338673033588,0.28208933124187363,0.006722284688386384,0.2263847823169857,0.010803407413576905,-0.18685341736189193,0.3240036646816308,0.1329502075264787,-0.013001753679719782,-0.27538370419726355,-0.14873147415520296,-0.13920885446309175,0.049551400398858025,-0.012667212667212668,-0.005556712336373353,-0.057405479439377745,-0.006898115372691644,-0.15319387183793964,0.1050713271052254,0.2138156646631223,0.08183113776334115,0.08769833007121143,0.03226631870699667,0.07545542460796698,0.01868478648139665,0.2669479957615551,0.02605810741403962,0.04745531355700847,0.182696872527381,-0.022935261918312765,-0.114820675837625,-0.09839300008791534,-0.331152570135621,-0.30162967281611347,-0.1386647047663997,-0.10130160977618605,0.09908660586626689,-0.09583651448058228,-0.2956935363715025,-0.3668249142825414,-0.0902016037609258,-0.10227747007408024,-0.02723848656052046,-0.09215101079507859,-0.02123294326684157,-0.11864776949522712,-0.1450802111819061,-0.24683296547703326,-0.061476885205698766,-0.04286243099802422,0.012713946612251698,0.05268581370276285,0.12281032958999061,-0.06592169982000491,0.013221542035101357,-0.20145939467973367,0.05309253783830055,-0.1605745961678165,-0.15779323236950354,-0.2843519945214861,0.07549059074482803,-0.006601054058681177,0.3868742394166123,0.13437351064469708,0.12517525229389637,-0.16172119731441764,0.082393795953118,-0.15511273985850257,0.22844524030964708,-0.09567178889212788,-0.1149127555907217,-0.10752601600059228,-0.04610789526043763,0.09588186028863994,-0.032053933748849,0.029370664963885303,-0.037999787152329524,-0.015375467917840798,0.06186741440978729,0.04110643771660721,-0.11843445911242521,-0.11153356746577085,-0.13273735985600393,-0.018123979140928292,0.033284748538985824,0.0412128615518446,0.12757719198397163,0.035332713298814995,0.1079456960812893,0.11020326952530342,0.04534256907138263,-0.023116182438216337,0.15595348815687798,0.09565235497438887,0.0950110356890018,0.10828625235404897,0.04869630801834192,-0.05723844028928775,-0.06718305362373159,-0.005676092116770083,0.04312987872309906
#50,0.139590592132965,0.5290361239513782,0.07063627572102148,0.2862051573915981,-0.05662627188050917,0.04417190688377129,0.2139591054845292,0.28671043925281214,1.0,0.5970136546407733,0.4875039908938214,0.07334545639630385,0.2732135833830749,0.2399098636386772,0.14938436124876803,-0.08675948675948676,0.2077282212875433,0.027423108779040983,0.20775089419157217,-0.11794398404567896,-0.03365630653766247,-0.023350777588065724,0.024667656871046703,-0.07713553306773646,0.2095753688974028,-0.04944034944034944,0.19238097882165678,-0.03501297908077569,0.27685189041121244,0.048402485690621284,0.1687770975906569,-0.01316370299421147,0.22546861190928988,-0.03317184673116876,-0.21879537472757812,-0.15837624990167362,-0.009991809991809993,-0.14368004368004367,0.1628853815294493,-0.03786791413910058,0.1442713900341019,-0.07590101657898268,0.009688270705219857,0.10053628358713104,-0.14163346705719587,-0.10572421419879047,0.18433950128865384,-0.06864013474182966,-0.07379058565499244,-0.27056964514591636,-0.060772637043823484,-0.058763540119472324,0.06559548762938594,-0.005659434472993795,0.09778314524077236,-0.1290726782252206,-0.21856818297496264,-0.2881406830559373,-0.07924781484103519,-0.36339205152764475,0.03343004020970123,0.0005853310938056701,-0.2541271626017389,-0.09134959304450829,0.3376397969618309,-0.07453370165234573,0.11931500067093287,-0.013377938801667615,0.14157192631768903,-0.19701458006542752,0.2028572486199605,0.1212042551025602,0.10980024708838268,-0.21901099867201562,0.09520306130475623,-0.13362530481174548,0.08035786171379392,-0.1435810232420402,-0.09067033134829745,-0.16327267174724802,0.1830337271015237,0.13477514494463647,-0.0763156068240814,0.1128448942008264,-0.0648320122896394,-0.0050884474613288174,-0.1189235460421901,0.11139151478134529,0.05072576428508632,-0.35564439632236244,-0.2471827759963353,-0.1549369091741973,-0.39320645761323725,-0.12847624203556407,-0.06993063942216485,0.11621482807923486,0.050856249161333904,0.24495574156591104,0.12394536292841378,0.10611937052615018,0.10455956727143167,0.21143177075380465,-0.032054396461176124,0.0695007796702712,0.14621802079429197,0.1747946714048409,0.1919936886038581,0.08721618382635332,-0.04112679705900045,0.005868580444851631,-0.11450464331820263
#51,0.38467681857512365,0.5996177996177996,0.4653701467260789,0.6921894159182295,-0.005509978391334324,0.06875211112499248,0.42991342652359604,0.360712484441298,0.5970136546407733,1.0,0.5722955621260706,0.2235631625462134,0.2595172985003493,0.3168436541317897,0.22712188305408645,-0.09015533252821388,0.5495500122618767,0.35484344128411927,0.03706557096387605,-0.36023727888134666,-0.09110250466182669,-0.17262362516599805,0.11975087568307907,-0.1470203639695165,0.17329872245126482,-0.05784181716385106,0.21479615208428768,0.08488411369767301,0.3099899591425015,0.19931611118051795,0.3582809311622871,0.2245144990907703,0.3364372076236483,0.29601974856212143,-0.24051370322556764,-0.18227441617272125,0.10279108075718245,-0.11198239842307639,0.31947972625938725,-0.007831868848818,0.14886936242868445,-0.01674694725542183,-0.07711193473905338,0.00804425380696567,-0.07169634966245136,-0.12122322630797207,0.37360735157345326,0.061150673015079794,-0.16762818288242018,-0.27872448719906345,0.137597690140063,0.07290171527459663,0.2811403082589523,0.11586316671062434,0.0959605213842502,-0.1499891262603127,-0.3867951156086749,-0.4865346085685069,-0.053839818246597906,-0.26215244520329267,-0.029870394277173938,0.06910053350731317,-0.1383532993702485,0.028293470666352023,0.40088701953108735,-0.15255764238815087,0.18027133450862265,0.0898892729401204,-0.00036739358773257077,-0.24141506683879566,0.218569571111944,0.27219237727712303,-0.00486958453060148,-0.28035369730284987,-0.20683611192085768,-0.3228441075898703,-0.07236913338608254,-0.10627900627900629,0.11677147100875915,-0.12006366921621159,0.11859270672829995,0.12293988904158396,-0.03856799789003179,0.11484843857725213,0.08234058403549929,-0.08699223106002767,-0.15087753392838138,0.18580444851631292,0.029023630718545974,-0.22054165105012563,-0.1904658124997108,-0.06109144583720855,-0.2832424103610544,-0.11857188467357958,-0.2073765599189328,0.3526654543603696,0.08297126093736264,0.4797332000721831,0.37911224012918926,0.3237380678058644,0.35976114789674113,0.35187375356866885,0.19951692833048765,0.2823031043370026,0.36479453259114275,0.33691009962196405,0.36147179537010043,0.005228186584118787,0.038082612658883845,-0.07834136139220885,-0.05756465247990672
#52,0.4397085837763804,0.39218432608263115,0.24441945797878,0.3178320076625161,-0.034793190725394114,0.1309836801362225,0.35185061795231287,0.4571338673033588,0.4875039908938214,0.5722955621260706,1.0,0.11821605889402499,0.17271385406978626,0.24551516076939806,0.0822947755151145,-0.14452495638936316,0.45425024408075254,0.24468459214221927,0.03468722960248384,-0.2096429248971622,-0.08611261492617425,-0.1721697043730942,0.1183761573592082,-0.13778832761883608,0.12873304737711516,-0.11306745883017069,0.07080886741903691,-0.02464313311770939,0.16736073515734531,0.09085911797776204,0.1449566669905653,0.05761323727425422,0.1991449076194839,0.13612904121378697,-0.2355196490789711,-0.09853227649837819,0.07582420633268092,-0.08187231916045476,0.3232304723830148,-0.019469083875863536,-0.020189526969187986,-0.13902978479249667,-0.19188448849465797,-0.07952127782636258,0.03416343924818501,-0.04787684448701398,0.06497406497406498,-0.07111101856864568,-0.17395253496948412,-0.2728040829735745,0.0019572731437138215,0.006098085759102708,0.14671404840896365,-0.026648528343443598,0.1623278131752708,-0.05185478236325694,-0.1338770203176983,-0.3060309924716704,-0.009954793005640464,-0.1718837481549346,-0.05212917077323857,0.006895339098728929,-0.15304996830420559,0.07216831623611285,0.22804499414668905,-0.03703318110097771,0.13959198026994638,0.15251831184034573,-0.06049778592151474,-0.12264375315222772,0.13906541364168482,0.08473049320506948,0.13245510533646127,-0.12005256412036074,-0.0068694272084102595,-0.13671899943086382,0.04164596029002809,-0.1824308129392875,0.2527792815928409,-0.07348797179305654,0.003396308481054244,0.06802195107279853,-0.02485089095258587,0.10780364339686374,-0.06518182280894146,-0.07105873207568122,-0.17543275170393816,0.10117760287251813,0.11606768555921099,-0.19638991842381673,-0.11447641786624838,-0.11274217206420596,-0.2521694267456979,-0.10887759870810718,-0.22575364270279524,0.2951456849761934,0.1540091709583235,0.17253478439919118,0.24132576335966166,0.18159052735323922,0.15574156591105745,0.10071859224401597,-0.004328211107872125,0.24445462411564106,0.18637451010332368,0.14498535515484667,0.14918585766043393,-0.020133076065279455,0.004843209927955691,-0.061701300684351534,-0.10476130984605561
#53,0.13147646876460437,-0.0692536912875896,-0.03637936858275841,0.043677267406080966,0.3311530328479481,0.1416829772761976,0.07351897351897352,0.28208933124187363,0.07334545639630385,0.2235631625462134,0.11821605889402499,1.0,0.3823100450219094,0.3650490243710583,-0.22413692583184108,-0.25308282087943107,0.12580685462041394,-0.06405743185404203,-0.2676027337044286,-0.28064890776755186,-0.3314366755044721,-0.18982819491294067,-0.021137624527455035,-0.0998907998907999,0.03978817029664487,-0.18529176325786495,-0.017142566295108668,-0.10138258443343189,0.24545593359152681,0.10278645363391126,0.29552048196115993,0.11348204907526942,-0.006758838962228793,0.09127185737355228,0.2734523429438684,0.1371058269363354,0.13625165998047353,-0.10499821855754059,0.034486412452514145,-0.0913010082501608,0.08533757177824974,-0.10521199165266962,0.06270122202325593,-0.17991273245510533,0.04306000916170408,-0.24521763674306046,0.35345854328905174,0.11652206906444194,-0.02745179694332237,-0.1388761642998931,0.08301845759472878,8.467635586279655e-05,0.016495694461796155,-0.05877649606463166,-0.14433987145851554,-0.05586464739007112,-0.05389303016421661,-0.15713433001568594,0.08327665107326124,-0.0380331024398821,0.15954644937695786,0.24334642809219081,0.14072793903302377,-0.08105979631403361,-0.14593252728845948,-0.23682866225239108,0.18923407228491973,-0.05961863249998843,-0.17629200849539833,-0.12457094999467881,0.004152843135893983,-0.008351957504499878,0.08150816455901201,0.05690297385212639,0.16627706288723237,0.0667305209678091,0.21467584687923671,0.15659110574364812,-0.08368568877043453,-0.06227506396997923,0.10260183141539074,0.3358292036258138,0.11254829559914306,0.2326351004317106,0.4405632134445694,0.3305667763294882,0.21802125700430786,0.23619613450121923,0.03347908771637585,0.2072432987687225,0.08647723223994411,0.31913500557568353,-0.07292855258956954,0.12222546120851206,-0.03835838920584683,-0.06452801029072215,-0.08625096591198286,0.19632051157474886,-0.013977613977613977,0.1878815641527506,-0.06268086268086268,0.26412868955241836,0.25711026897467576,0.10530268326878496,-0.013112804638228366,0.08294257277308124,-0.04934132900234595,0.22677114711013016,0.1294090700870362,0.05048654201196574,-0.020395896667083108
#54,-0.06762818288242017,0.16506290574087185,0.0535006501108196,0.12617656176978212,0.0993485010434163,0.22521041843075743,0.1613538037266851,0.006722284688386384,0.2732135833830749,0.2595172985003493,0.17271385406978626,0.3823100450219094,1.0,0.3931712914763762,-0.1705395688446536,-0.1946644641559896,0.053633448548702785,-0.05224068444407427,0.031041056464785277,-0.15659388201761082,-0.22867613376087953,-0.07698191257513291,-0.10190406122609512,-0.020582832447239227,0.013607906828245812,-0.18719674990861432,0.23547707954487615,0.13615819209039548,0.45355941457636373,0.0283147554333995,0.3880532304261118,0.2614796614796615,0.12395739344891887,0.07320479184885964,-0.1113188689459876,-0.25940532211718653,0.10114706385892827,-0.19072817038918735,0.007430234548878617,-0.04822526686933466,0.1817695970238343,-0.15336646353595507,0.2925503315333824,0.2809006232735046,0.14411962039080684,0.08955704548924888,0.2854486227367583,0.09979085402814217,0.17551095008722128,-0.011972218751879768,0.07277539480929311,0.08194403957115821,0.13638954825395502,-0.1479110851992208,-0.03972755498179227,-0.21808927571639436,-0.16994729706594114,-0.1777375218053184,-0.04900262357889477,-0.17724936030020777,0.13745054762003914,0.201414048871676,-0.12260997515234803,-0.13352535894908776,0.19577312289176696,-0.04537449622195385,0.2887482243414447,0.09331426958545602,-0.14041468278756414,-0.20497045581791346,-0.051628516035295696,-0.09766237732339428,-0.08104684036887427,-0.21361345937617124,0.01215313927178334,-0.039819172022561855,0.06814827153810205,0.14235483557517456,0.008752203667457905,-0.06075505397539296,0.19741204995442282,0.4800496953039326,0.23831489424709765,0.24139840919501937,0.2593900526103916,0.2317605741334555,0.10494593206457613,0.4702545380511482,-0.1430923990246024,-0.25423358643697624,0.09648940157414734,0.1374010374010374,-0.22103397696618035,0.08658226793820015,-0.12189415918229478,0.047204986188037035,-0.10825525062813199,0.25617096295062397,-0.049357061221468004,0.16148290046595132,0.07261159464549295,0.33461458376712616,0.025068828458658966,0.07403489776371132,0.04688478925767061,0.017760749964139795,0.07247925891993688,0.13519343688835214,0.0693897287117626,0.06475844102962747,-0.028676596473206643
#58,0.04895311335989302,0.08088766732834529,0.060159080498063545,0.07205448900364154,0.14330385855809585,-9.346789007805957e-05,0.5097720216364284,0.2263847823169857,0.2399098636386772,0.3168436541317897,0.24551516076939806,0.3650490243710583,0.3931712914763762,1.0,0.13491349593044508,-0.22816900105035698,0.1401907300212385,-0.008668915448576465,-0.09751107039242632,-0.331626387558591,-0.29757631283055014,-0.39138938630464054,-0.22056802565277142,-0.19780257915851135,-0.02512944377351157,-0.25545375884358934,-0.20282023163379095,-0.2730099899591425,0.35638334790877163,0.17023371599642786,0.25557545218562167,0.22815188069425357,0.3235025472313608,0.2591175150497184,0.04783103596662919,0.17493857493857493,0.1665028665028665,0.05707417741316046,0.25846647880546186,-0.08565082802370938,0.0752402633758566,-0.011565031904014955,0.0868233410606292,0.036560289102661986,-0.05618299347112907,-0.07517779721169551,0.11005612700527954,0.0017356339390237694,-0.12602062771554298,-0.2859973995567216,0.027039520259859243,-0.036511241595987357,-0.004019119273356561,-0.3070304510982477,-0.13533595228510484,-0.3346807516299042,-0.14288880560067,-0.24764317476181882,0.046613639833978815,-0.0630811088438207,0.05707417741316046,0.14827246352670082,0.28817353563116277,0.051613709240827886,-0.05985461578681918,-0.39377698191257515,0.6375079239486019,0.18667249684198836,0.10592086693781609,-0.1082751472581981,0.17289523730201697,0.068956167261252,0.23201414048871677,-0.09010767315852061,0.12253547846768185,-0.1624240573393116,0.20233901081358707,0.08265893011655724,0.1693846388761643,0.025099367472248828,0.3072238648509835,0.3204185695711119,0.05347566364515517,0.4464401227113092,0.23503148757386044,0.055209446734870465,0.03531559294271159,0.17518520060892942,0.2771364584923907,-0.010110264347552482,0.12958027364807026,0.19581430428888055,-0.023387331861908132,0.06309082580269021,-0.00672413553769486,-0.10483488110606755,-0.09619696738340806,0.10105590953048581,-0.11817580292156564,0.2706418282689469,0.08357926493519714,0.19679525442237306,0.13740936622292554,0.24447359532105295,0.20603099247167045,0.33196092857109805,0.15441126797059002,0.07882073136310425,0.08814947459015256,-0.019019327493903764,0.13258373936340037
#101,-0.006416431840160654,0.013188689459875901,0.017604815909900654,0.029515493922273584,-0.29021964954168344,-0.2358319798997765,0.08479064580759496,0.010803407413576905,0.14938436124876803,0.22712188305408645,0.0822947755151145,-0.22413692583184108,-0.1705395688446536,0.13491349593044508,1.0,0.4588833826121962,0.0980940879245964,0.06342073969192613,0.30663483205856085,-0.001074880735897685,0.37929316064909285,0.07318582064344777,0.28954594039339804,0.08669100533507314,0.21654613010545215,0.2509298204213459,-0.14102268678539864,-0.2587533604482757,0.11502935909715571,0.0692971862463388,-0.05404757608147439,-0.025014228404058914,0.05378845717828769,0.06097299148146606,-0.12995460792070962,-0.050494408121526765,0.059362289870764445,0.09134311507192863,0.21537454249318655,-0.1653960586163976,-0.03281602095161417,0.25651707177130906,-0.16114465775482725,0.08500164262876127,-0.22990741126334346,-0.05399436416385569,-0.09240503986266699,-0.2400523790354299,-0.29761379252904674,-0.24590198827486964,-0.15917026425501002,-0.11793056538819251,-0.07102495407580153,0.07605093537296927,0.09987506767167784,0.1067421813184525,-0.2686822415635975,-0.10552941230907333,-0.24369114877589454,-0.21409051578543103,-0.25464725125742077,-0.31502750824784725,-0.029416473484270095,0.03584817483122568,-0.06559548762938594,-0.148308092375889,0.0046900521476792665,0.07190873462059903,0.5258605292503598,0.26108404243997463,0.20908720739229214,0.16552052823239263,0.2506410879292235,-0.036989686142228514,-0.06718629261002142,-0.21175196768417107,-0.13318387725167385,-0.23200905065311844,0.3360152139813157,0.13542340491493035,0.0386725708759607,-0.2373112712095763,-0.01970645529967564,-0.050090460259951786,-0.11815174188055544,-0.3563504953335462,-0.31174872869788123,-0.06629649680497138,0.11942234993082451,-0.10576817186986678,-0.1740779300101334,-0.2341777833303257,-0.22102426000731085,-0.16477324782409528,-0.07317332741061555,0.18995497809057132,0.15499798720137703,-0.0766496851242614,0.06155323273967342,-0.01270654321501779,0.0690505605759843,-0.04247097636928145,-0.08542178542178543,-0.0776135149016505,0.022274508715186683,0.04563685411143038,0.1704215772012382,-0.31643045202367237,-0.02156979784098428,-0.1528903325513495,0.04169176881041288
#102,-0.0503643859576063,0.10705034772831383,-0.004826552284179403,-0.051048737489415456,-0.1601239143612025,-0.06133159353498337,-0.1905671464993499,-0.18685341736189193,-0.08675948675948676,-0.09015533252821388,-0.14452495638936316,-0.25308282087943107,-0.1946644641559896,-0.22816900105035698,0.4588833826121962,1.0,-0.05115978844792404,0.11051143593516474,0.08789128111162009,0.4276503005316565,0.34109024278515804,0.5472896625438999,0.32271686169991254,0.35922764058357276,0.2144505059759297,0.4682931004964903,-0.15237811000522866,-0.13106141580717853,0.06274471698200512,0.06060744874304196,-0.09314445416140331,-0.04999467880823813,-0.08416783501529264,-0.18341315120976137,-0.10645159797702171,-0.14698519783265546,-0.16689987367953468,-0.03871976753332686,-0.012911062063604437,0.04272084102592577,0.1036568155212223,0.2719647228121804,0.015837717532632786,0.13547430327091345,-0.19013682403512913,0.012451588722775164,-0.2661192779836848,-0.3395753226261701,-0.08183576488661234,0.024764363747414597,-0.17518890230754638,-0.03375162527704901,-0.07662701222023256,0.3452130096197893,0.017495153088373426,0.45526867391274173,-0.14835667717023648,0.21128185195981805,-0.2520019248832808,-0.1042597296834585,-0.31293142140599767,-0.32669433686382837,-0.1815562866410324,0.08542780068203797,-0.11173762360203038,0.11627451796943322,-0.27257272681001493,-0.09295659295659296,0.3632356547610785,0.48210969058426684,0.08986937631005427,0.1640523420184437,0.05207642156794699,0.1281477162833095,-0.05351129249434334,0.12425584289991069,-0.19533539703031227,-0.16939528125968803,0.052664991648042496,0.2895214166400607,0.07603751671548281,-0.16120110865873577,0.029006510362442565,-0.18191997853014802,-0.1627803458311933,-0.35053235053235055,-0.22180948282643198,-0.16159811583540398,0.04448377499224957,-0.11922060735620058,-0.2004673394503903,-0.23507914694355372,-0.23772215975605807,-0.23359106409953867,-0.15966721729433594,0.11454582471531624,0.36382515026582823,-0.12028345757159316,-0.07162139026545807,-0.20509816442019832,-0.0811130082316523,-0.0015130693096794792,-0.07801468648926276,-0.0798488781539629,-0.12337345049209456,-0.10187722391112222,-0.053969840410518374,-0.33950221407848524,-0.09913148896199743,-0.3085680441612645,-0.262907591721151
#201,0.4653983721780332,0.24387114387114386,0.6192742819861464,0.4285127963094065,0.12616730752323974,0.116331894297996,0.2973417176807007,0.3240036646816308,0.2077282212875433,0.5495500122618767,0.45425024408075254,0.12580685462041394,0.053633448548702785,0.1401907300212385,0.0980940879245964,-0.05115978844792404,1.0,0.6024297024297024,-0.12660457067236727,-0.3242877700504819,-0.010406400236908711,-0.18786444379664718,0.3572833233850183,-0.18045780757645163,0.35304025134533606,-0.12609003456461085,0.2048242387225438,-0.048619035059713024,0.22801167885913648,0.05373293169903339,0.3778578270103694,0.004326360258563648,0.3867141409514291,0.19593831119254848,-0.23087401731469528,-0.2353743574082557,0.021097368554995673,-0.24174683157734006,0.15680256527714154,-0.06874470772775858,0.018046243469972283,-0.19422627558220779,-0.23313806873128906,-0.1210737702263126,-0.10629844019674528,-0.22503875215739622,0.0607971607971608,0.012672765215138097,-0.14870926396350126,-0.13983120254306694,0.2087156493936155,0.08330024940194432,0.4212505263352721,0.1267452352198115,0.3109732228376296,0.006778272879967795,-0.21686586432349145,-0.38599416057043173,0.014372307592646575,-0.1175307819375616,-0.040982893525266406,-0.0053961511588630235,-0.30692911709860865,-0.019133154726375064,0.2664468783112851,0.02076190211783432,-0.020434301790233995,0.040414682787564146,0.18878200234132436,0.08978978978978978,0.47651596126172396,0.45076694568219994,0.10502968299578469,0.0015436083232693402,-0.2715649393615495,-0.056978858673773926,0.011732071054104952,-0.08722636349754993,0.3216831623611285,-0.06101880000185085,-0.047863425829527524,0.028375833460579224,-0.019055419055419055,-0.014195088771359958,-0.05430021701208142,-0.07468778485727638,-0.11757381418398367,0.21221097831267322,-0.024884206240138443,-0.19437850793782996,-0.25378568090432496,-0.1522383708824387,-0.21962686877941115,-0.09136578797595747,-0.2698135732034037,0.6309633207938292,0.1362461074325481,0.5770776940268466,0.24688617739465196,0.3861450047890726,0.37277354395998463,0.4775839013127149,0.35457691898369864,0.5748099409116358,0.3338816474409695,0.3959434010281468,0.20299004705784368,-0.02649074343989598,-0.007505656658199031,-0.1376360952632139,-0.10079031265471944
