,#10,#11,#12,#13,#17,#18,#26,#49,#50,#51,#52,#53,#54,#58,#101,#102,#201,#202,#301,#302,#401,#402,#501,#502,#601,#602,#701,#702,#801,#802,#901,#902,#1001,#1002,#1101,#1102,#1201,#1202,#1301,#1302,#1401,#1402,#1501,#1502,#1601,#1602,#1701,#1702,#1801,#1802,#1901,#1902,#2001,#2002,#2101,#2102,#2201,#2202,#2301,#2302,#2401,#2402,#2501,#2502,#2601,#2602,#2701,#2702,#2801,#2802,#2901,#2902,#3001,#3002,#3101,#3102,#3201,#3202,#3301,#3302,#3401,#3402,#3455,#3501,#3502,#3601,#3602,#3701,#3702,#3801,#3802,#3901,#3902,#4001,#4002,#4101,#4102,#4201,#4202,#4301,#4302,#4401,#4402,#4501,#4502,#4601,#4602,#4701,#4702,#4801,#4802
#10,1.0,0.26113308994664924,0.33131313131313134,0.4523748710189388,0.1286076523364659,0.19447521481419786,0.2243021141326226,0.5271066135472915,0.25282647825020704,0.3906087906087906,0.369702059532568,0.0793815387035726,0.20464563176427583,0.06147549706871741,-0.2316661808187232,-0.06117195778212727,0.5070156443037799,0.20847550169584067,-0.10640810301827251,-0.20906638533757177,-0.3771262788211941,-0.18287038965005067,-0.18937658768167243,-0.06411897259354886,-0.14903825242808294,-0.10711605287876474,0.18824803231582893,0.07207947546930597,0.2417986553579774,0.08449219635660314,0.22186639644266762,0.133506850456003,0.25366213671298415,0.2913616235650134,0.08473188134205083,0.15928038978886436,0.2690607402471809,0.03140659920320937,0.33136402966911443,0.13989274328257378,-0.1153851848767103,0.1199961132164522,-0.09135884729105068,-0.10413526006746346,-0.2529366037840614,-0.019533863601660213,0.3680501765247528,0.18709587862130236,0.21736466821212583,-0.042607013793454475,0.15591138133511015,-0.022356871509413883,0.11041935618206805,-0.004623421572574115,-0.21568224619072077,-0.07859122604885317,-0.2421503167265879,-0.17005695988746836,0.036802287649745274,0.048495953580699344,0.011421591082608032,0.13786467515281076,0.1763549373718865,-0.13718356260729142,0.22298384671266028,-0.1548207683800904,0.1240962071470546,0.09117144879856744,-0.12562315782654765,-0.10401819384870233,0.000966606051351814,-0.07002873443551409,-0.0726125200701472,-0.01977354858710791,-0.08928404521624861,-0.11292077902247394,0.007393217562709088,0.05269969507257643,0.028575262473567557,0.16832502764706156,0.16365394670479416,0.05326559224864309,-0.052867196934993546,0.06160644465729211,-0.07751912158691819,-0.02179236247032857,-0.029890753619567178,-0.04485070586765502,0.08999292050139508,-0.28013159538583265,-0.177083246574772,-0.27381973653160097,-0.3043879009980705,-0.2827857132941879,-0.2781442459408561,0.12546629834765427,-0.020004442038340342,0.4244959905976855,0.04268058505346641,0.2654076264245756,0.16944386605403555,0.33041130498757615,0.18432053008324195,0.24554662520764214,0.20192719684245108,0.3163059824076773,0.18280468449959975,0.030421947371099912,-0.16988436818945293,-0.1037077138772054,-0.18120462527242187
#11,0.26113308994664924,1.0,0.2014820675837625,0.13900942545010342,-0.030494593206457612,0.014968281069975985,0.37725676369744165,0.2688312349329299,0.5844621200553404,0.29928464674227384,0.3191507377948056,-0.02887926447248481,0.14121933952442428,0.1785028479943734,0.10087452629825511,0.12946089386767354,0.23530124886057088,0.1855860482979127,-0.07562385189503834,-0.14039571158215225,-0.15334147707029064,-0.08535700569598875,-0.04370873184432506,0.04261302905370702,-0.00902936835140225,0.050213541738965466,-0.048914708236742134,-0.06002258036156341,0.15748599138429648,0.03579820189989682,-0.018610289796730475,0.11170754730076764,-0.03547707954487615,0.002267290402883623,-0.1262852991666551,0.010488763031135913,0.07409134866761985,0.006923101838356076,0.0843339487407284,-0.08862005302683269,-0.07929316064909285,0.1868256546222648,0.00475020475020475,0.09033949203440729,-0.06650240379053939,-0.03622065825455656,-0.07855004465173956,-0.06445582716769158,-0.12432987687224975,-0.04048362692430489,-0.03491812305371628,0.04181161130313673,-0.11632449090076209,-0.043871143871143874,-0.19635614042393704,-0.05055456072405225,-0.12756099705252247,-0.10419171097137199,0.07498206989732413,0.07442357611849137,-0.08593956051583171,0.0006973074769684939,-0.03430179023399362,-0.046730243340412835,-0.026244117769541497,-0.1735504379572176,0.14926359333138994,0.22215374079780859,0.09594478916512815,0.0585474534627077,0.1616568803009481,0.03704336077217433,-0.11222069527154273,-0.1590828116251845,-0.11523896778134066,-0.21191576784797123,-0.15460098002470885,-0.12133381455415354,0.04988547869903802,0.07409412494158257,-0.007109574906185075,0.03339256051120458,-0.03515086735425718,-0.2279686466127144,-0.20021608665676463,-0.05831563458682103,-0.06840739044128874,-0.036435819486666944,0.06160089210936669,-0.2606592725236793,-0.11465086041357228,-0.10241582105988886,-0.18025282601553788,-0.056338464813041084,-0.052634915346779755,0.2935285053929122,0.19849294595057307,0.21556055284868844,0.0572106775496606,0.11422053794935151,0.023128212958721434,0.08673496300614944,0.03722335586742367,0.044994609401389066,-0.03279797517085652,-0.017548827718319244,-0.07386647047663997,-0.07276845412438633,-0.2392467968739155,-0.002738331551890874,0.05188393323986544
#12,0.33131313131313134,0.2014820675837625,1.0,0.6156225563005224,0.09914305677017542,0.3802606921250989,0.18832067815118664,-0.030440918576511797,0.02827403674861302,0.35208984022543344,-0.00724191063174114,-0.14784491733644275,-0.025635188347052754,-0.11806706552469265,-0.12031492200983726,0.07364112957333296,0.5337696710578067,0.7663890392703953,-0.18296663381409145,-0.22147494181392485,-0.21644155711952323,-0.09503417130535774,0.12087804291194122,0.20371835626072915,0.16160968364358194,-0.017344308869732598,0.12579389867525462,0.1842705571519131,0.04256027984841544,0.05595765256782206,0.39099469268960796,0.04919650004395767,0.35374820120582834,-0.07094490484320992,-0.0954543140983819,-0.07028230079077537,-0.016527158900040254,-0.22684379294548787,0.10388076828754794,0.1350106655191401,-0.07423941661229796,-0.14775006130938334,-0.17745850627206558,-0.15219117422507253,-0.2189476070832003,-0.05268396285345438,0.22791173299647877,0.1642411286479083,0.19721678535237858,0.19665644072423732,0.36176561769782106,0.39332768824294245,0.4473479642971168,0.4087906087906088,0.10001156780817798,-0.017756585553195724,-0.08492899679340357,-0.10485061332518959,-0.025875798757154688,0.02823794518709773,-0.07968692883947122,0.030565388192506836,-0.2961835487259216,-0.16498840905620565,0.21112314163161622,0.02512435393791326,-0.1423946288353068,-0.08925767061360282,-0.1440317050486542,0.027960780503153385,0.24675245353211456,0.1699750598055683,-0.17499826482877331,0.08004923259160547,-0.21002975240263375,-0.09480003886783547,-0.16899642323371136,0.012327119106780124,0.0001707408487069504,0.0007384888740820944,-0.11694221185746609,-0.0015551761314473178,-0.2131428809394911,-0.20236908711484983,-0.03427310206971224,-0.2619835552038942,0.0441140678428814,0.0036336799048663454,0.10708967827611895,-0.17202024829143472,-0.18377591767422277,-0.18024079549503277,-0.14469847351203283,-0.19400186010355502,-0.18856128856128856,0.5008874822434144,0.22645604001536204,0.53005733005733,0.5407135949508831,0.34154555171504325,0.3999125473701745,0.5067019253459931,0.4349694841220265,0.3633980667878973,0.4953599207836496,0.310415191771124,0.29147822707144744,-0.09703910381876484,-0.10862310692819167,-0.10655293197666078,-0.18711947694998543
#13,0.4523748710189388,0.13900942545010342,0.6156225563005224,1.0,-0.08766686563296733,0.2502177061499095,0.3099187014441252,0.17196472281218045,0.20363367990486633,0.5495375190290445,0.09024648685665634,-0.13433926993249026,0.16798354594964765,0.1116265726435218,-0.05584845245862195,0.0906717194852788,0.41814156220935883,0.35781451713655105,-0.08693207845750218,-0.11520195079517113,-0.1062914995118385,0.0422275896852168,0.08390686526279746,0.16941332704044568,0.1364274906647788,0.09857901044341723,0.22664205037086393,0.31865332204315255,-0.08115742861505573,0.02848642170676069,0.12977368740080605,-0.03728212033296779,0.3288357695137356,-0.1232073367666588,-0.0473276049547236,-0.17280917280917282,0.04790368180198689,-0.14681260613464003,0.17705455841049061,-0.008623569640518794,-0.08772007755058603,-0.14545500816687257,-0.06635664940749686,-0.08561612459917545,-0.21314334365181822,0.015800700546463257,0.390000323898629,0.3807007315481892,0.10874109857160705,0.04823544654053129,0.24931032727642896,0.23161944687368416,0.31767931259456683,0.1730775459589019,0.04814290407510746,-0.011076870398904298,-0.10780364339686374,-0.0671154976239722,-0.1114086351374487,-0.06235696405187931,-0.123957856161246,-0.02136805526636035,-0.0771461754512602,-0.025893381825585215,0.1244159413650939,-0.08132400505281862,0.076279052550239,0.1779406525169237,-0.1637400111976383,-0.07438332014603201,0.018652859330825434,-0.031414928025097516,-0.22339751153310475,-0.06593511847749135,-0.14849040103277392,-0.12465886533683145,-0.2049885015986711,-0.11106252631676361,0.17510283781470223,-0.021157983869848275,-0.10340695086457799,0.027197767875733976,-0.10327692870065751,-0.20392426324629714,-0.1289056390751306,-0.2117019947528422,-0.07163712248458011,-0.005137957680330561,-0.016905657583623685,-0.1510473493524341,-0.09268081640962997,-0.24189998935761647,-0.23326392648426547,-0.31896796642559355,-0.36627382390094254,0.2156396766566258,0.11024445092241703,0.3609294965227169,0.3448095244705414,0.2990653210992194,0.311386424945747,0.27538694318355333,0.26358268900641785,0.29721308365376164,0.3961173808631436,0.3427624851353665,0.31107548226192294,-0.12406242914717491,-0.11938163124603803,-0.16006700074496685,-0.2491974254686119
#17,0.1286076523364659,-0.030494593206457612,0.09914305677017542,-0.08766686563296733,1.0,0.36715760444574,0.03343374190831818,0.08132955760074403,-0.01655630977664876,0.02827449946094014,0.11402295978567165,0.45039076056025207,0.037513939208854465,-0.10284891979807234,-0.3286756710485524,-0.16062549452379962,0.18130688469671521,0.09066246523873643,-0.13852311479430124,-0.03962945996844302,-0.3036119324254917,-0.1554792080215809,-0.14798002933596155,0.11415853449751755,-0.17064506725523676,-0.13654594502052128,-0.2663381409144121,-0.06490650897430558,0.21078767519445485,0.055407024898550324,0.44970178190517174,0.36226812328507246,0.12987594682509937,0.20483303025675906,0.3564620090043819,0.10683241022224073,0.129963862167252,0.1660110032991389,0.07420054877681996,0.2560650018277137,-0.06431701346955584,0.24351763165322488,-0.20250558725134996,-0.04443195121161223,0.0969317545588732,0.05832905324430748,-0.1563893631690242,0.03831628238407899,-0.035295233600318346,0.08437790641180472,0.014196014196014196,0.15209030293776057,-0.06947440506762541,-0.009799321663728443,-0.18737952127782637,-0.12399255958577993,-0.2057686345821939,-0.05194130956842821,0.07875780248661604,0.1722950994137435,-0.017465539499437806,0.06477926308434782,-0.08128467450501349,-0.028545186172304816,-0.02812411795462643,0.03882156424529306,0.09658148132724403,-0.20800908767010462,-0.1919215054808275,0.12393009342161884,-0.024075385092334246,0.21689223892613724,-0.10387012590402421,-0.041828268946913015,-0.11589787013515827,0.004127856670229552,-0.09489165590860506,0.07507461236274796,-0.077417324874952,0.12116770082871778,0.149691139521648,0.2593238847476136,-0.025659712100390066,0.3384662011780656,0.38991472211811196,0.07650485616587312,0.17381742296996533,0.1327174632259378,0.3307319646302697,0.1591989524192914,0.04821369906115669,0.06927173706834724,0.24527455035929613,-0.02223008833178325,0.15847665847665848,0.019686095957282396,-0.028417477570019944,0.00030122572495453853,-0.08798613713867952,-0.19937441293373498,-0.10806044873841485,0.3456877524674135,0.3079651299990283,0.05420582369734912,0.018680159358125458,-0.008701768023801923,-0.03705585400500655,-0.053712109644313034,-0.13534150483303026,0.0005742259979548115,-0.03340366560705544
#18,0.19447521481419786,0.014968281069975985,0.3802606921250989,0.2502177061499095,0.36715760444574,1.0,0.16130892063095453,0.1322478102139119,0.09493931527829833,0.20565804633601245,0.011699681191206615,0.5114909979316759,0.4123650615176039,-0.14467626332033112,-0.33711184219658796,-0.2734629853273921,0.31420943285350067,0.2986484172924851,-0.09911714487985675,-0.19735883803680415,-0.2674037674037674,-0.20682963394827802,-0.06937677276660327,0.004694679270950458,-0.05746424390492187,-0.16187713136865678,0.11603853468260247,0.11338950660984559,0.4253742185945576,0.2311044480536006,0.5580833529986072,0.08831327475395272,0.4896232133520269,0.03814045169977373,-0.006384504689589435,-0.07076074533701653,0.26034555356589256,-0.07413438091404193,0.0868427749783682,0.0666722192145921,0.05917813036457104,-0.015871032820185364,0.08092237075287922,0.1685226058107414,0.05420165928640505,0.1298310637293688,0.1668540651591499,0.16093134737202533,0.13187347594127255,0.09668559160084583,0.25854051277780093,0.08612510815900647,0.25184691625369593,-0.046502126163143115,-0.16311072243275634,-0.2014769777481642,-0.26301494098104267,-0.23044693383676434,0.08177607499641398,0.1516113956791923,-0.17985535612654258,-0.10856526788730178,-0.01703845602150687,-0.08726847031931778,0.2736864753813906,-0.11557212065686642,0.09627747932832678,0.07123595089696784,-0.29744212625568556,-0.14114808182604793,-0.11971015699829259,-0.008649018818510344,-0.35253311863481357,-0.17934128273111324,-0.39503232045604925,-0.18154703239449002,-0.3528732121952461,-0.21442737035957374,0.25908188620053024,0.34492473983999405,0.22985327392107052,0.24118463609989033,0.10489040658532184,0.29873448178532924,-0.05525479254292814,-0.05664848207221088,0.039713210899651574,0.07011433621603114,-0.011610840424399747,0.07349583790261756,0.025183581115784507,-0.02610345322209729,0.07130119333509163,-0.09113119282610808,0.008113197943706418,0.18155489850405104,-0.0827306505272607,0.2817459986951512,0.16794652896347811,0.06248559807881842,0.07239319442709273,0.6410458224017546,0.3111124992480925,0.15834108376481257,0.1735161972450108,0.1297024297024297,0.18513814276526142,-0.25242669479957613,-0.26629834765427984,-0.21574193608091913,-0.20325333037197443
#26,0.2243021141326226,0.37725676369744165,0.18832067815118664,0.3099187014441252,0.03343374190831818,0.16130892063095453,1.0,0.1108857702078041,0.27872911432233466,0.5916239814544899,0.4210543363085736,0.12115428217123132,0.37478634258295274,0.4517987941716755,-0.027789114229792196,0.06228801991513856,0.30478629631172005,0.09815285239014053,-0.06589439979270488,-0.1295164193469278,-0.0842006875905181,-0.10711420202945626,0.049820698973241345,0.0283462198716436,-0.04626429202700389,-0.0059606601979483335,0.02151380964940287,0.10657884386697947,0.006005543293678887,-0.1111712637136366,0.10026976128671045,0.16973167312150364,0.029996252030150335,-0.22920547666310379,-0.15388099964371152,-0.11663080646131493,0.12585081229149025,-0.009566577363187532,0.26895801811056047,-0.05332898383745841,-0.11980640116233336,-0.09814221000661678,-0.0061512976767214055,0.08790701333074215,-0.04507928575725186,-0.08737211788059246,0.08077522823285535,0.2378970650157091,-0.03969331426958546,0.11018383560756442,0.18283522351318962,0.17725815183442303,0.1652725144250568,-0.14962219538490726,0.022977831452407723,-0.24320992795569066,-0.15453342402494946,-0.2054294664464156,0.039269007065617235,0.130787490109524,-0.05786032565693583,0.06407732848410815,-0.07103791002096087,0.228157433242179,0.11278011447502972,-0.07219792982504847,0.3014121980223675,0.4874998264828773,-0.06530953141122632,-0.019609285710980626,0.08698390223813952,0.05280611890781382,-0.2482359092528584,-0.26464137481086636,-0.2532822498924194,-0.21433251433251432,-0.2929357709018726,-0.22622653470111098,0.3245630838851178,-0.018434921824752332,0.03315935349833655,0.1408177052244849,0.16775080164910675,0.08240906545991292,-0.25302914624948525,0.0026555060453365537,-0.10348653738484247,0.09838513397835431,-0.053607073946056995,-0.10939907550077041,-0.14670201788845857,0.007435787096804046,-0.2495315037687919,-0.17586122331885043,-0.16754998449913705,0.2272246051907069,0.1003993207383038,0.019691648505207826,-0.004103332916892239,-0.13706140655293197,-0.02983846712660272,0.1606787064414183,0.0856660975305043,0.10058301753217007,-0.15645368018249375,-0.09555333453638538,-0.15447234599776974,-0.1145666467700366,-0.1694475677526525,-0.09983249813758288,-0.14284114623097674
#49,0.5271066135472915,0.2688312349329299,-0.030440918576511797,0.17196472281218045,0.08132955760074403,0.1322478102139119,0.1108857702078041,1.0,0.5420364894941166,0.28257656732233005,0.3090959989265074,0.22952891257976005,0.27966656949707797,0.24252372557457302,-0.09417630265087892,-0.10632712836102666,0.2935127731737901,-0.06273546273546274,-0.1834085240864902,-0.28977961011859316,-0.34781993087077834,-0.336160042939704,-0.19225003123308207,-0.25370239268544353,-0.21636567229787568,-0.2684272870713549,0.24130864300355825,-0.12132132132132133,0.27716468394434496,0.10251761777185506,0.12536357621103383,0.14539207929038436,0.1207105410495241,0.3273518510806646,0.08841368332893756,0.1470078707366843,0.07214240434579418,-0.132465747719985,0.14210450820620313,-0.08889490414914143,0.08016213439942253,-0.008618017092593364,0.02551719670363738,-0.1634443380206092,-0.1179666569497078,-0.012122600258193478,0.3924591772049399,0.002314949772576891,-0.038146466960026285,-0.3384851723834775,0.04911413724973047,-0.25906754211838956,-0.031280278737905856,-0.13969747868052954,-0.2823216128300874,-0.12137360781428579,-0.2803958041246177,-0.32919159529329023,-0.047882397034939406,-0.01253626507863796,-0.03721363890855416,-0.14396738803518463,0.12580222749714276,-0.20981690473215897,0.1747511764460917,-0.39027563773326485,0.12834668258397072,0.07653493246713586,-0.25521222300883317,-0.2408565730599629,0.009297741501131331,-0.1412563565105938,0.16322223610359204,-0.05824622773775316,0.05537833673426894,-0.2546454004081123,0.10449848924425195,-0.033173234868150124,-0.11960327045072808,-0.07705317027350926,0.06541734338344508,0.2086814086814087,-0.0998473049320507,0.04040542854102176,0.03494958749196037,0.23271237339033948,-0.15190151630829596,-0.07619622704368467,0.19703077499687668,-0.2293396632379683,-0.1747854171582985,-0.21480818260479279,-0.1238903001614866,-0.07553917553917554,-0.1654594502052129,-0.09533493431798516,-0.31492663696053524,0.44018425204865885,-0.02824905028294859,0.36491576322084796,0.22041394244784077,0.14261950702628667,0.14341814850289428,0.057256023357718275,0.17994142061938673,0.32274277359023124,0.25212130466367755,0.08048325675444319,-0.041554805961585624,-0.11252053285951591,-0.06530814327424497
#50,0.25282647825020704,0.5844621200553404,0.02827403674861302,0.20363367990486633,-0.01655630977664876,0.09493931527829833,0.27872911432233466,0.5420364894941166,1.0,0.4234951438341269,0.3424066593558119,0.06799187477153579,0.3763970441936544,0.32324990630075373,0.14816696511611765,0.06731215036299783,0.22790386688691774,-0.030495055918784732,-0.009001142899447985,-0.15613949851237988,-0.061462541123558076,-0.15976161060906824,0.03679766052647408,-0.004743726777625083,-0.020972436226673514,-0.008618942517247602,0.12480878413081803,-0.030659318794912016,0.18424603339857576,0.09139632698954733,0.03845278252057913,0.10102629594155017,0.05460514443565291,0.00680696104424918,-0.006711179592535524,-0.10079031265471944,0.17129887977345604,-0.0055530106377564,0.15758686267160843,-0.11814804018193849,0.06715066376083326,0.010100547388682981,0.21392116307370546,0.0995979029877335,0.015345391616578058,0.004613241901377495,0.04489096184011438,-0.01001402018351171,-0.14230162365755586,-0.14325990088701954,-0.003223254070711698,-0.08694179541637169,-0.027112628807544063,-0.16991722076467838,-0.07677415474025644,-0.02116122285613811,-0.13179759111962502,-0.17511579375986155,-0.09680034425797138,0.028437836912413184,-0.21165017097220487,-0.19987969479494902,-0.046935224901326594,0.07849822087110223,-0.02401569520213588,-0.3887639565605667,0.30024153583475616,0.42419337673574964,-0.04764039848785612,-0.07512088359545986,0.06994498350430554,-0.1331968331968332,-0.0620492603543451,-0.31281713146119927,-0.14368605894029624,-0.33124141090242787,-0.17894149928048234,-0.16004941767653633,0.23794333624842098,-0.030048538523114794,0.01643785542090627,0.13115951082052776,0.12575132914115966,-0.11242984124340057,-0.17172781410069546,-0.044791941402110895,-0.2560094763484594,0.027828907489924438,-0.005122225461208512,-0.12346830651915398,-0.04578769833007121,-0.22553015264879672,-0.12161097923809788,-0.20380627160288178,-0.18827995946640014,0.058954640310572515,-0.0850895579709139,0.22695114220537949,0.054640310572513964,0.17150524947135118,0.03245417991180703,0.06269566947533049,0.10988908785518955,0.051418444638783624,-0.019349704095466807,0.1639116774709995,0.014011854689820791,-0.11271672288621441,-0.08588310961192318,-0.1912140183326624,-0.08785056242683362
#51,0.3906087906087906,0.29928464674227384,0.35208984022543344,0.5495375190290445,0.02827449946094014,0.20565804633601245,0.5916239814544899,0.28257656732233005,0.4234951438341269,1.0,0.558027827519353,0.07759500640856573,0.26511102782289225,0.3241887496124784,-0.02049399168043236,0.17799016273592544,0.6139942716213903,0.13435130045299537,0.00864624254454763,-0.03394550174211191,-0.013709240827884895,-0.021989940634008432,0.20082409065459914,0.015613302053980021,0.0716491530050852,-0.11225030886047835,0.25377041139753004,0.14898272694882864,-0.03264759366454282,-0.15609322727966796,0.10792765030053166,0.12527242188259138,0.19132969641444217,-0.13532438447692685,-0.08425667578209951,0.0026291314426907645,0.19802051666458445,0.0633180175553057,0.421378234937557,-0.12287649745276864,-0.08757987571546894,-0.17973088651054753,-0.09821624397895584,-0.08088396562972834,-0.04281708518996655,-0.09048663455443116,0.2624060115585539,0.28775200470115725,0.14029807928113014,0.10577002271917527,0.1638367180740062,0.17814100695456628,0.24043920654090145,-0.04679224679224679,0.10547527496680038,-0.09288348440890813,-0.09315046942165586,-0.09452888944414368,0.0063127842788859734,0.07868284308962276,-0.18454864726051168,-0.0040792718758820455,-0.009435167062285706,0.08245579940495194,0.1906323889374737,-0.12902872055414427,0.27806558484524585,0.23238986289833746,-0.150044651739567,0.07813267813267813,0.07827519352943081,0.08799677952220325,-0.25572490826728117,-0.1836829124964718,-0.18309758140266616,-0.13869015394439124,-0.29217322098678034,-0.17871199396623125,0.3294016666898023,-0.04846125015616541,0.019963260641226742,0.12710198642402032,-0.010346710346710346,0.01977216045012655,-0.09083274337511625,-0.21106437716607207,-0.20412554310859396,0.07853662599425311,0.03155512986021461,-0.15491238542086,-0.22563056122378156,-0.17200682963394828,-0.3107016107016107,-0.39657592877931863,-0.343102578695799,0.2832192747446985,-0.015952932902085444,0.1525053558951864,0.025008213143806364,0.009015486981588676,0.04129383620909045,0.2025500076347534,0.21257004307851765,0.2858252705710333,0.08172193765414104,0.22880569321247288,0.09120476408612002,-0.09748562121443477,-0.0075926465756974235,-0.24638644808136334,-0.28551710416117193
#52,0.369702059532568,0.3191507377948056,-0.00724191063174114,0.09024648685665634,0.11402295978567165,0.011699681191206615,0.4210543363085736,0.3090959989265074,0.3424066593558119,0.558027827519353,1.0,0.07015274133918202,0.17104485070586767,0.2825566706922639,0.007885543478763819,0.0390501441348899,0.3240790867909512,-0.06658939370803778,0.009870116649777667,-0.08638283892521181,-0.01358847291050681,-0.12301022131530606,0.08744707727758576,-0.09083042981348066,-0.02017240661308458,-0.1407668068685018,0.12943775825131756,0.01494005561802172,0.027598014038692005,-0.0632407445966768,0.017919923004668766,0.10515877973505092,0.03410791376893072,0.1143681431817025,-0.06580648445055225,0.010305991661923865,0.19204042254889714,0.11728646982884271,0.2784473225151191,-0.005057908447738956,-0.08792598453615402,0.03675647912936048,-0.14073025259465938,-0.0016079253367388962,-0.11668401837893363,-0.1781248120231171,0.06401486231994706,0.1429952294359074,0.07405757066774016,0.017587695553797248,0.06539559590407049,0.049065089743055845,0.08068083491812306,-0.08440335558979627,-0.020195079517113416,-0.16649592581795972,-0.09582911108334838,-0.15182794504828404,0.06579399121772003,-0.010105637224281292,-0.055609230185501374,0.1206744494880088,0.06508696678188204,0.13150561964121285,0.13326762818288243,-0.009779425033662323,0.275847804661364,0.14788147161028517,-0.03326855360753666,0.11371201710184761,0.05155216850132104,0.06620626790118316,-0.18050824322010764,-0.17580060800399783,-0.19578515341227207,-0.12120147882859747,-0.09120059967517595,-0.02108487532216346,0.136638024773618,-0.04655903977937876,0.1572685165905505,0.21972172480647056,0.07155568511500715,0.1437577793509997,-0.11062572587996317,-0.006282245265296113,-0.06651859872198855,0.031909104790460725,0.09401018892544316,-0.18252613167867404,-0.1853218395591277,-0.14007782821342143,-0.32713900341018987,-0.22546583563532716,-0.1254908221009916,0.11628701120226544,-0.10996404725218284,0.01937515327345836,-0.15530060106331292,-0.1521203792390233,-0.13940273092815467,0.05664709393522953,0.07891836366412637,0.058180059874975126,-0.09391579561071087,0.08273574036285901,-0.03811731608341778,-0.025933637798044577,-0.14750297292670175,-0.09999120846578474,-0.08290740663622019
#53,0.0793815387035726,-0.02887926447248481,-0.14784491733644275,-0.13433926993249026,0.45039076056025207,0.5114909979316759,0.12115428217123132,0.22952891257976005,0.06799187477153579,0.07759500640856573,0.07015274133918202,1.0,0.4871703753059685,0.09374042763873272,-0.257592877931861,-0.28247014348709265,0.15499844991370415,-0.20818353021742853,-0.1001985035883341,-0.17044933994086536,-0.31346863041778295,-0.30189341884257137,-0.14490993304552627,-0.2278136379831295,-0.21644479610581305,-0.22998144523568254,-0.13920700361378327,-0.19906254482525668,0.4644928441538611,0.10555347335008353,0.27996872064668676,0.1431965092982042,0.14259914768389345,0.16462240360545446,0.23557609998287965,0.08047585335720929,0.3442986900614019,0.09390561593951424,0.14844968234798744,-0.016911672843876235,0.039298620654552856,0.18104637765654716,0.1004747428476242,0.1100163337451473,0.22186408288103204,0.11682422021405073,0.0505411420665658,-0.0071040223582596465,-0.0711475728424881,-0.19910002452375333,-0.07247925891993688,-0.19751708565267886,-0.16012669063516521,-0.3032163133858049,-0.30057931583355313,-0.22440252270760747,-0.30899281407755985,-0.26956509668374073,0.13184756405095388,0.065953164258249,-0.07524442778680067,-0.06823572416792756,0.24148262283855504,-0.06624744929829676,0.06188962460148901,-0.2253723677452491,0.28444870139785394,0.12047363233803912,-0.15176547888412295,-0.021490211320719797,-0.11445235682523817,0.056541595524646375,-0.08514323260085972,-0.1336664862088591,-0.2144065483048534,-0.19208669378160903,-0.1450103416205111,-0.12636951281019076,0.20044883095730553,0.2910229181415622,0.14229560839730332,0.38839656297283415,0.2303705863027897,0.544170981459117,0.18219344151547542,0.2595279408838731,0.09823984230763892,0.2140289750459242,0.14598342564444258,0.16812883762036304,0.04305029220283457,0.257569742315505,0.19716727513337684,0.10959434010281469,0.16196134501219248,-0.007512597343105817,-0.13960910062604978,0.028068592475372137,-0.19996807284942877,-0.14100880541558508,-0.2354835575174558,0.32843274707681486,0.03305246695077203,-0.10420975675212964,-0.12350347265601502,-0.11776167538879403,-0.03897981186116779,-0.11317943521333351,-0.16615953395614413,-0.04207350648028614,0.03537111842196588
#54,0.20464563176427583,0.14121933952442428,-0.025635188347052754,0.16798354594964765,0.037513939208854465,0.4123650615176039,0.37478634258295274,0.27966656949707797,0.3763970441936544,0.26511102782289225,0.17104485070586767,0.4871703753059685,1.0,0.2582670497924735,-0.0809265351638233,-0.18650083056862718,0.2738886806683417,-0.05902728614593021,-0.02082483099432252,-0.13549697617494227,-0.14936631546801038,-0.23016282846791322,0.07530458038932615,-0.025566706922639126,-0.0028188434968095984,-0.07894381284211793,0.15988978192368022,0.01030367810028827,0.29769522989861974,0.08163448502431553,0.1878140081529912,0.04735768125598634,0.2050148762013169,-0.04611992578094273,-0.08522004284716149,-0.13393023223531697,0.3281578959545061,-0.05633522582675125,0.3151492015898796,0.08096216401301147,0.15475182424334966,-0.06030020775783488,0.21436120249679572,0.23244538837759177,0.0485190891970553,0.11151320812337762,0.14283883266934114,-0.017521527691019216,-0.03702901669003364,-0.12960155841511772,-0.009189466816585461,-0.147729239254663,0.05035837069735375,-0.2384907249314029,-0.04247236450626281,-0.1947810676624236,-0.2579417630265088,-0.2756206129087485,0.04168621626248745,0.1357274069138476,-0.1977475163915842,-0.08898790932689238,0.08076504856165873,0.11212954094310026,0.13594626984457492,-0.2629936562139952,0.44905120837324225,0.4915721576738526,-0.05475691407894798,-0.13034698797410663,-0.014359814359814359,-0.1265425672205333,-0.23445078360332597,-0.29103772493603003,-0.3426222833002494,-0.27449252025523213,-0.30597639241707036,-0.19518362738701722,0.46633397650346803,0.1370160607448743,0.26888722312451124,0.1978469995419148,0.5081280047381742,0.2927886283818487,-0.26852815835866684,0.07019207188698715,-0.11822947755151145,0.1189522342064715,-0.15340718222074154,0.1111083348371484,0.09431696719832314,-0.02426926155739715,-0.059550151075574806,-0.21855430160514908,-0.15069337442218797,0.15791168672524605,-0.044219103541137436,0.05551252330913348,-0.07393634003803495,-0.08041755160399228,-0.14764178662483748,0.3453157317564097,-0.059732922444786854,-0.04156915004372631,-0.14320761439405508,-0.06248420994183706,-0.0962344470819047,-0.1852343869293022,-0.16114049334388317,-0.22089284970640902,-0.1281500298449451
#58,0.06147549706871741,0.1785028479943734,-0.11806706552469265,0.1116265726435218,-0.10284891979807234,-0.14467626332033112,0.4517987941716755,0.24252372557457302,0.32324990630075373,0.3241887496124784,0.2825566706922639,0.09374042763873272,0.2582670497924735,1.0,-0.03632106682954141,-0.0072164614537495895,0.07705872282143468,-0.1779892373112712,-0.0720387567845195,0.027515188532137684,-0.18586367569418416,-0.08391380594770426,0.09486898300457622,0.008444962682250819,-0.023044462027512876,0.05304441575628016,-0.11092787702957195,-0.16744587422553525,-0.14100232744300542,-0.034849178916975525,-0.19255912306759765,0.005447049514846125,-0.04803139040427176,-0.02501978095198434,-0.08699870903260734,0.07046553487231454,0.011985174697039103,0.011791298231976197,0.1124182734352226,-0.039556814133085316,0.023698737258059294,0.02495268766455207,0.12381348991518483,0.13069957476737137,-0.030110541974948755,0.00698834427647987,-0.0068573966879051625,0.003311632125191447,-0.2042453856013178,-0.13678933170458593,-0.14377073529615902,-0.07173984462120056,-0.15791909012247995,-0.19384731418629725,-0.03930787490109524,-0.10844773895621353,-0.0830795356219085,0.04035360476038442,-0.010041320210811736,0.11027591536066113,-0.07111472026726263,0.08034166678234475,0.26573892845079283,0.12562084426491207,-0.24275878343674953,-0.2124502005857938,0.5500210534108839,0.3847059694517322,0.072980839082534,0.02985882646899596,0.07389932305186543,0.006483987839920043,0.016506336845319897,-0.11210085277881889,0.0036952206443731867,-0.06988436818945294,-0.15259419666199328,0.02297089076750094,0.23306033306033305,-0.09728202779050237,-0.13167312150362998,0.3795573693878779,0.1369485047451149,0.0004863106558021812,-0.029316527621612368,0.04182179097433335,-0.04439632236242406,0.37514633277345144,0.08462175580819649,0.1755502806350264,0.08118426593002864,0.20547388682981904,0.0963117200405336,-0.06923148109588788,-0.13429947667235803,-0.061498632685073364,0.024893923199007944,-0.07009721585992773,-0.1959068467543044,0.015246833890901687,-0.17620363044091858,-0.16398062160774024,-0.11332056247310485,0.009843279334804758,-0.08136426102527798,-0.048515387498438346,-0.07717393819088735,0.008292730326628632,0.13720068296339483,-0.09464364210126922,0.032167298268993186
#101,-0.2316661808187232,0.10087452629825511,-0.12031492200983726,-0.05584845245862195,-0.3286756710485524,-0.33711184219658796,-0.027789114229792196,-0.09417630265087892,0.14816696511611765,-0.02049399168043236,0.007885543478763819,-0.257592877931861,-0.0809265351638233,-0.03632106682954141,1.0,0.597824326637886,-0.059818986937631005,-0.08750028919520444,0.3942045281028332,0.1281060721738688,0.5812097151080202,0.18078263163008926,0.21166312691736422,-0.00868233410606292,0.2132738285280658,0.025116487828352234,-0.04529028257841817,-0.19670271195694924,0.031161361669836248,-0.10041505295742584,-0.4641842150316727,-0.07933758103249629,-0.30977942503366235,-0.08767982157812666,-0.07310299513689344,-0.11998870981921829,0.037465354414506956,0.09703910381876484,0.05722779790576401,-0.09387646506290574,0.23542062864096763,-0.09470009300517775,0.20157229648755073,0.014024347922653007,-0.025110935280426804,-0.06146022756192248,-0.1936886038580954,-0.2596769342532054,-0.357798784917429,-0.3705414196939621,-0.2882892137129425,-0.2402370012539504,-0.13077407145203757,0.1509478662021035,0.2677332185806762,0.28862375472544965,0.05694369253691288,-0.027182498368939045,-0.44984476001425155,-0.47292392546629836,-0.26604200502505587,-0.3506457150524947,-0.10661956255176594,0.13928890369568336,-0.08013529708444962,-0.05531587057010786,-0.10097909928418403,0.12681094037026241,0.4180559604288418,0.18251919099376726,0.18850715121901562,0.10636460805952332,0.18377823123585835,-0.05220922000583018,0.11043323755188161,-0.2644734102361221,0.03331945196351976,-0.30066260405243456,0.13798266679622612,-0.017761212676466912,-0.08134436439521185,-0.13110861246454467,-0.004701619955857244,-0.2586797891882638,-0.15217220301966064,-0.17498669702059533,-0.39780257915851136,-0.15925077619992875,-0.015841881943576858,-0.0971228547499734,-0.10957027906180448,-0.30588708893793637,-0.2169815424052712,-0.1261788753314177,-0.13725898471661183,0.006800945783996632,0.15697793324911968,-0.15944927978826284,0.14164734842700943,-0.031942420078013296,-0.06375620612908749,-0.3088530749547699,-0.11018152204592882,-0.2940060245144991,-0.05840910247689909,-0.16122979682301716,-0.08399061619400602,-0.2245825178028568,-0.08834473919219682,-0.1264065297963603,-0.1356718814345933
#102,-0.06117195778212727,0.12946089386767354,0.07364112957333296,0.0906717194852788,-0.16062549452379962,-0.2734629853273921,0.06228801991513856,-0.10632712836102666,0.06731215036299783,0.17799016273592544,0.0390501441348899,-0.28247014348709265,-0.18650083056862718,-0.0072164614537495895,0.597824326637886,1.0,0.05161879907642619,0.09253043490331626,0.34710596575003355,0.5025449177991551,0.33746165271589,0.617485898841831,0.20728124117954627,0.22668415719263177,0.18215179740603468,0.19990745753457617,-0.12261275142631074,-0.0492626679067357,-0.09092389770355871,0.0008944229283212334,-0.31708842895283573,-0.028305963899184237,-0.2603437027165841,-0.11426264477111935,-0.024728734898226423,-0.023810713641222114,-0.01441719068837713,0.3667888227210261,0.13917183747692222,0.05045183858743181,0.06838101583864296,-0.0643133117709389,-0.05722178264551146,0.045801116987557663,-0.26832734120869717,0.06067454203047423,-0.1808835029174012,-0.08893978724487199,-0.26705765858308234,-0.13847406728762662,-0.16525631949360764,-0.0060851298139433735,-0.1500502042874924,0.3029335961539351,0.12093680737748534,0.4871338210321261,-0.12575086642883254,0.3588611724204945,-0.519292327766904,-0.3495856411110648,-0.34005746887102817,-0.29517853755141893,0.007664829698728004,0.19383852265208198,-0.09286636405280473,-0.00442399255958578,0.014481507701846684,0.04727763202339474,0.39900331764738545,0.3802296903991819,0.181745073270497,0.18087332324620461,0.1398834890360314,0.09671057806651027,0.17047293826954843,-0.022138471291013664,-0.08466154906832873,-0.18347469194926821,0.1431303414354262,0.12751657666911903,-0.16966966966966968,-0.16100491863203728,-0.10454614861394522,-0.35379447243854023,-0.029090261293651123,-0.4051189864749187,-0.453098090386226,-0.13306449747127713,0.07239504527640121,-0.18362090904463785,-0.1229968026578196,-0.416941749145139,-0.20271427051088067,-0.329101366389502,-0.31697552714501864,-0.0012979080775690946,0.35823558535422945,-0.18665676462286632,0.11268896014658726,-0.08233919589851793,-0.0704817298037637,-0.3149493098645641,-0.09988894904149141,-0.07842511232341741,-0.09465197092315736,-0.03698043189568613,-0.14304057524396507,-0.31644433339348593,-0.0977697265832859,-0.30136685221430987,-0.3322774238028475
#201,0.5070156443037799,0.23530124886057088,0.5337696710578067,0.41814156220935883,0.18130688469671521,0.31420943285350067,0.30478629631172005,0.2935127731737901,0.22790386688691774,0.6139942716213903,0.3240790867909512,0.15499844991370415,0.2738886806683417,0.07705872282143468,-0.059818986937631005,0.05161879907642619,1.0,0.42063696978951215,0.06463674768759514,-0.18766270122202325,-0.17540545167663812,-0.1760199336470523,0.1308064613149359,-0.07727249591656371,0.09828888981431354,-0.1990412600582092,0.16919353868506412,-0.05732959461773021,0.3553538129809316,-0.05958022737683755,0.3777611201340015,0.21383602400551552,0.3097928436911488,0.14737017448881856,-0.0026198771961483827,0.18569062128384162,0.316506799557647,0.011011627960780503,0.4780026559687577,0.03972709226946515,0.02057635447465956,-0.11226002581934785,-0.17635725093352211,-0.1810357352730234,-0.20324916596103038,-0.2150006709328743,0.29142085074288465,0.08696400560807341,0.11695886950124239,-0.09660693050523558,0.134633554972538,-0.00746493797341255,0.22258730224831919,0.08494472901252562,0.016884835528903325,-0.009053429392412443,-0.29864980542946645,-0.3635142075820042,0.014574512879597625,-0.03808909063146351,-0.09971682005580311,0.07147100875914435,-0.08834705275383241,-0.06248420994183706,0.30979469454045727,0.004086212560788832,0.12583785634633093,0.05703299601604686,-0.06913338608253862,0.10081714996969235,0.17823308670766297,0.1589736115159844,-0.21021391190882716,-0.07080747928205555,-0.30831494051833036,-0.25998556337539386,-0.12535108297820163,-0.10109061295501974,0.22580639190808682,0.1364177737059093,0.14190878089183173,0.019189142917956478,-0.014386651674787268,0.08232809080266708,-0.16175960243756854,-0.11934507697219561,-0.028386475844102962,0.0742838369957014,0.1956676244811838,-0.12304677558914848,-0.28183021233868694,-0.203838198753453,-0.31077009212602436,-0.25005298056145514,-0.21122308749427393,0.5945228741838912,0.11785514327887209,0.4067930796744356,0.19584993313806873,0.127834922750177,0.08654154925341366,0.5486870537717995,0.3265402536588977,0.2538222351781674,0.1944349588417385,0.2215267655945622,0.11928770064363285,-0.03865591323218442,-0.20514952548850854,-0.09850914088202224,-0.2095846231439452
