,#10,#11,#12,#13,#17,#18,#26,#49,#50,#51,#52,#53,#54,#58,#101,#102,#201,#202,#301,#302,#401,#402,#501,#502,#601,#602,#701,#702,#801,#802,#901,#902,#1001,#1002,#1101,#1102,#1201,#1202,#1301,#1302,#1401,#1402,#1501,#1502,#1601,#1602,#1701,#1702,#1801,#1802,#1901,#1902,#2001,#2002,#2101,#2102,#2201,#2202,#2301,#2302,#2401,#2402,#2501,#2502,#2601,#2602,#2701,#2702,#2801,#2802,#2901,#2902,#3001,#3002,#3101,#3102,#3201,#3202,#3301,#3302,#3401,#3402,#3455,#3501,#3502,#3601,#3602,#3701,#3702,#3801,#3802,#3901,#3902,#4001,#4002,#4101,#4102,#4201,#4202,#4301,#4302,#4401,#4402,#4501,#4502,#4601,#4602,#4701,#4702,#4801,#4802
#10,1.0,0.39501520009994584,0.43191743361234886,0.4572870250836353,0.10233392097798877,-0.1136995238690154,0.21828268946913015,0.5109251007556093,0.14143681431817026,0.438199678877645,0.3651614634665482,-0.06110902890563907,0.049757307384426026,-0.051935294308175665,-0.12034453559877288,0.2065145268535099,0.4623079165452047,0.372184511167562,-0.051459163323570103,0.12792283809232963,-0.10914550914550915,0.17196842451079739,0.25661701763396677,0.23437258522004284,0.2795869829768135,0.34313126686008044,0.04658541438202455,0.1286488337335795,-0.1443662460611613,-0.1828879727184812,-0.13787901923495144,-0.01592470745013118,0.13454008708245996,-0.07120217289708815,-0.4477153578848494,-0.29990421854828636,-0.21859224401597283,-0.06375250443047054,0.15347011109722974,0.2197226502311248,-0.20209053429392412,0.009672075773770689,0.19910835334564148,0.17178611585391246,0.23080278631514406,0.08397951109815517,-0.09791594367865554,-0.023904181531300174,-0.0745091778990084,-0.03202570829689474,-0.08460926257536427,-0.027710915846509067,0.15932342203528643,0.23095869367055807,0.020154360832326933,0.2647695461254783,-0.36386124182734353,-0.24814799391070577,-0.34673996029928233,-0.03258744106201733,-0.10668064057894566,0.0311844972861922,-0.20724700046733946,0.13279381075991245,0.10334772368670674,0.20178792043198823,-0.0949166423742695,0.3145203755373247,-0.1662488374352781,-0.06953640851945937,-0.0017694119389034643,0.04237380678058644,-0.11237431576414628,-0.03809649402869742,-0.27566827227844176,-0.04512231800367394,-0.21965833321765524,-0.14315625332574486,0.1127625314065992,0.15796443593053763,-0.09731534307805494,-0.2032186269474405,-0.09715108020192766,-0.13282712604746502,-0.10406400236908711,-0.013621788198059384,-0.039051532271871255,0.016465155448206297,0.009239439747914325,0.02316708079419944,0.1649356598509141,-0.32290657375403137,-0.06757219469083876,-0.10741311419277522,-0.1599032005811667,0.25613209511514595,0.19572870250836352,0.2509020576817187,0.3369045470740386,0.03424950374102916,0.12215559164711708,0.24289898527186662,0.16700629751477208,0.15781775612284088,0.12376583054549156,0.09363492922814956,0.0850580935326698,-0.12020294562667444,0.06818019868867327,0.011025046618266957,0.039010350874757654
#11,0.39501520009994584,1.0,0.4313732839156568,0.33087124104073257,-0.01106946700167039,-0.13795305320729048,0.2457030219742084,0.29695211390126647,0.4306273916443408,0.6014774404604913,0.43987192122785346,-0.030136916577594545,-0.09341837985905782,0.23234266624097133,-0.16176052786222278,0.17036743985896527,0.4018989713904968,0.29810982014371845,-0.06539143149312641,0.14929922218057812,-0.23558535422942203,0.10204935289681052,0.072518589467742,0.09405044489790253,0.20975767755428773,0.14781067662423594,0.19618493686290298,0.23362946922268957,-0.0024727346761245065,-0.08133557286099659,0.0533553584401042,0.0732959461773021,0.16801686123720022,-0.02189878630556597,-0.30230754637534296,-0.08043883637103975,-0.17993771892076976,-0.1598333310197717,0.12424843950267679,0.10868233410606291,-0.06087906087906088,0.04068166780031187,-0.07457904746040339,0.04604033926067824,-0.08630187425120181,-0.08173350546231903,-0.0011558553931435287,0.06801593581254599,-0.026142783769902415,-0.03242734259683412,0.08507336303946474,0.05052494713511663,0.1465918923546042,0.24234187963001522,-0.05790011891706807,0.18899161102550932,-0.32052129170773236,-0.24402985419934572,-0.06009707704622959,-0.035968942748603766,-0.08556383810621099,-0.0345336091098803,-0.27179722094976333,0.07603751671548281,0.29589435352147214,0.27607175742768963,-0.05925910502181689,0.14652988890277027,-0.00788415534178246,0.07576544186713678,0.18582156887241633,0.17939171837476922,-0.07670382246653433,0.03347399788077754,-0.21994197587417927,-0.05824206332680909,-0.1318864318864319,-0.09789095721299111,0.0384472299726537,0.11764784815632273,0.11717912056895108,-0.05145499891262603,-0.1104276850039562,-0.22280662789137365,-0.11276299411892632,-0.04909238977035587,-0.09197980723404452,0.06388622829300795,0.10571681080155657,0.15246787619668975,0.10648213699061157,-0.27620548129022704,-0.02204685425024408,-0.05271450186704424,-0.12156748427934869,0.29708768861311236,0.07918396053989274,0.3361438480082548,0.22914717490988679,0.20769768227395347,0.13228760347404414,0.11932610576678374,-0.03680876562232494,0.24550035397493025,0.16876414164549758,0.10750473123354479,0.05862426370900947,-0.08074283836995702,-0.043568067296880855,0.021733598004784447,0.006879144167279761
#12,0.43191743361234886,0.4313732839156568,1.0,0.5992291212630195,0.04222342527427273,0.1885673038215411,0.12928830216965811,0.02004238444916411,-0.0664399376263783,0.40349856790534755,0.12704877450640162,-0.1668420346386448,-0.04223360494546935,-0.0708329284600471,-0.3892993147230435,0.26585645738188113,0.7084060948467729,0.8210473956236668,-0.41483872161838264,0.02889083228066279,-0.459702383431197,0.055886857581772836,0.21608110421669743,0.37640213402925266,0.17663719189142918,0.2156928885742445,0.217322561390358,0.5235043980806693,-0.07733311123141631,0.06693966693966694,0.4180175553056909,0.36623541877779164,0.46037007731922985,0.08703526330644974,-0.2498438345895973,-0.25617882906018496,-0.2944178384856351,-0.245557730303493,0.18631111851450835,0.37833395799497493,-0.12958999060693976,0.06895431641194354,-0.10290028086638256,0.01868478648139665,-0.08266911935075956,-0.1403605454452912,0.20694022219445948,0.3522480878413082,0.13561589324301188,0.186496203445356,0.30228255990967856,0.33060703230194755,0.4616712243830888,0.7382468755350111,-0.007708787369804319,0.5524017083339118,-0.5861977539943641,-0.3273051171356256,-0.13077499687669178,0.19506656116825608,-0.2458770018092052,-0.14336030946200437,-0.585738743365862,0.2598934836222972,0.29164156452292045,0.485319063285165,-0.29968674375454035,0.17127666958175433,-0.3176547888412295,0.019142408972917448,0.16304362914532405,0.19846981033421712,-0.21195694924508485,0.30993258281393876,-0.5398640551182924,-0.13462522615064987,-0.31178805924568637,-0.031047997149692065,-0.13792945487860742,0.22719869330038822,-0.025437610183372896,0.049278862838184875,-0.014320946524336355,-0.2222870019480189,-0.16082446082446084,-0.1726301031385777,-0.13133811777879575,-0.012632046530351614,-0.032709134404049656,-0.011949545847850932,-0.04083806456687813,-0.27352776505318876,0.005957883923985619,-0.17523378540327691,-0.10850604070943054,0.3412660734694633,0.3306718120277442,0.6519089197055299,0.7805896805896806,0.38072756886316206,0.594790321908966,0.6363742787471601,0.4048075810787675,0.40541836135056475,0.4643119236339575,0.35668364820907195,0.4673473164998589,-0.3292105664987021,-0.1216864013474183,-0.1763378170157831,-0.12988844005793157
#13,0.4572870250836353,0.33087124104073257,0.5992291212630195,1.0,0.035964778337659695,0.1374667425514883,-0.029207790224739377,0.08632962700759311,0.06928654386281505,0.4326263088974953,0.17415890466737924,-0.07995483927687318,0.1364224008291805,-0.13161713331204858,-0.2747025916517442,0.11587565994345655,0.49656019656019657,0.4588084232152029,-0.1749954885548106,0.0160996127097822,-0.16406067084033185,0.06539235691778064,0.25704826552284177,0.30050250558725133,0.2984869306903205,0.3186662779883119,0.22901530189665784,0.35314852602988195,-0.15850534664093985,-0.09461726749862343,0.2005811666828616,0.20558031066505641,0.19629413697210307,0.1289560747187866,-0.22102657356894645,-0.22630843478301105,-0.21261631431122957,-0.1551256958036619,0.15644905305922255,0.2541035642730558,-0.06879699422072304,-0.10250975166229404,0.11509321339829814,0.13639001096628214,0.1483337900690134,0.024487661775797368,0.04979987691852099,0.14806331755484298,0.04812393286969558,0.17991735957837654,0.12962376860681946,0.25302220556457844,0.272980839082534,0.49335868996885945,0.1081104216697437,0.15018207730072136,-0.3441908780891832,-0.25182146707570435,-0.1798058459075408,0.09328650684582888,-0.23575100524253068,-0.11309013173419953,-0.3849377883276188,0.0442399255958578,0.2474705830638034,0.3105415122364275,-0.22704738636942026,0.12100019896630067,-0.32561251544302394,-0.16273176103684578,-0.12829115710471642,-0.08159052735323921,-0.24759736624143402,-0.02650277396040108,-0.4283961928029725,-0.2124381700652887,-0.2756784519496384,-0.08578038747530273,-0.06931523202709644,0.14294942091552262,-0.05318276674208878,-0.14985447697312104,0.0929843556962201,-0.18072432987687226,-0.12157951479985378,-0.14042532517108788,-0.05881397576312831,0.020481498447600142,-0.10713132238555967,0.02392269002438494,0.10643864203186237,-0.011436860589402962,-0.036016602118297034,-0.06568294025921144,-0.05714636053619104,0.27169079711452593,0.1598476751019124,0.32353354895727776,0.4094277636650518,0.08121434223129138,0.31464438244099263,0.3046002859562182,0.33864388271167933,0.11644479610581306,0.1924101296982653,0.055301989200294284,0.20531934091256124,-0.25601965601965604,-0.1791103892798808,-0.04337881795508914,0.02534738127958467
#17,0.10233392097798877,-0.01106946700167039,0.04222342527427273,0.035964778337659695,1.0,0.2658897726694337,0.020267262640143995,0.1723390570848198,-0.02821018244747058,-0.13213120670747788,-0.1749159020345461,0.45968942748603764,0.24126792431877178,0.07641694082372048,-0.1768778023015311,-0.19234164827385167,-0.12123201784218733,0.14876340130577417,-0.20694022219445948,0.007408024357176899,-0.011954635683449243,-0.14736924906416432,-0.15147397011803793,-0.09043666162310231,-0.19481392023764904,-0.05833553121688715,-0.11112823146721452,-0.018709772947061082,0.0998084370965727,0.17839040889888347,0.09815377781479476,0.2082001878612048,-0.08109588787554889,0.15989949888254973,0.13401352045419843,0.16784103055289495,0.05860529250359759,0.13836903158937058,-0.254205360985022,0.05206115206115206,0.13267998352744115,-0.023198082520116417,0.11126056719277058,-0.03297056686887195,0.1266492370624759,0.18323315611451205,-0.04928302724912895,0.10331440839915416,-0.18944460639375893,0.0778606032843321,0.0277868006681566,-0.022876497452768638,-0.18287316592401337,-0.07381325855902127,-0.12974407381187042,-0.034049149303386594,-0.10114012317402148,-0.009867803088142071,-0.05422386947810676,0.01786717379937719,-0.048173443088697324,-0.09777111472026727,0.12971816192155175,-0.1272972510260646,-0.09390006339158881,-0.03037104901511681,0.07770050481914889,0.1706293350361147,-0.028617832007662516,-0.0619354331218738,-0.07848572763827001,-0.13290532443074815,0.10868973750329683,0.024788887500751908,0.16165641758862098,-0.0662557781201849,0.011282314672145181,-0.2626540253658898,0.196418143875771,0.07866479730886511,0.3201076268872879,0.19982000490475066,0.044548554718046245,0.45072668970974056,0.49450436569080636,0.17732246884789257,-0.018753267905810278,0.12770582601091077,-0.016044087230527908,0.40589217877353473,0.26703637381603484,0.169309679479171,0.3076379923837551,-0.07236358083815711,0.13588889351601216,-0.3205522934336494,-0.037247879620760975,-0.1250308860478352,0.06898439271320628,-0.03948694457169034,-0.06767260326582361,0.16390334864911135,0.20146818621394894,0.028647908308925257,-0.07972672209960345,-0.1583415464771397,-0.11163443875308282,-0.05716810801556564,0.010267123826445861,-0.10369013080877487,-0.05041713516289788
#18,-0.1136995238690154,-0.13795305320729048,0.1885673038215411,0.1374667425514883,0.2658897726694337,1.0,-0.11107085513865175,-0.04417745943169672,0.07203320423659407,-0.1928311979159437,-0.21263343466733298,0.2743921116802473,0.462282004654886,-0.11619215517520602,-0.11698940851483225,-0.049215008537042436,0.09769615532327397,0.2756502264976841,-0.23703642008726755,-0.1562685952516461,-0.09513874429128666,-0.07968230171620003,-0.01660211829703355,0.12247347501584789,-0.06133899693221727,0.030298403179759112,-0.10589264148586182,0.06077587603011332,0.1534543788781077,0.5102513916073238,0.4306625577812018,0.23663386036267392,0.007867034985679054,0.09882656153842595,0.27180184807303454,-0.001625045692842303,-0.20417366519061433,-0.19635382686230143,-0.1864628881578034,0.17241679275577582,0.061850294053683884,-0.08382403975624314,-0.12221805781127815,-0.19276503005316564,-0.04176927795699556,-0.042453393300850926,-0.14495296529194834,-0.054457539203301916,-0.16583285905319803,-0.009304682186038119,0.004137110916771934,-0.09895704641467354,0.0033393948648185938,0.2058075024176719,-0.06084620830383542,0.13732515257938988,-0.11032311201802728,-0.14295728702508365,0.0023658481285599928,0.07110546602072026,-0.13897425931324237,-0.24429869006140192,-0.0959605213842502,0.01080155656426843,-0.05580865919848971,0.0451602604144977,-0.1803819227548041,-0.02014186759949472,-0.12285660082270251,0.02929894455318184,-0.05786819176649685,-0.0670451653502501,0.08915726203861797,0.1686720618924009,-0.13690362164938435,-0.14201150302845217,-0.16409953867580987,-0.21152061152061152,0.09934341120781799,0.2887630311359125,0.1399579857206976,0.24811097692453624,0.13417824604265283,0.36090312192007107,0.36827690556504117,-0.054549618956398614,-0.06651721058500719,-0.012104091765108715,-0.05272375611358662,0.09678600017583068,-0.06756756756756757,0.3419143334397572,0.2474483728721017,-0.0005464632583276651,0.15697284341352138,-0.11046238842849013,0.1510084815169561,-0.06029928233318064,0.058352188860663436,-0.0173637427874716,0.08716713631967869,0.22471253996677726,0.26522115335674656,-0.14498998227811788,0.024085102051203747,-0.0984378831836459,0.032450940925517195,-0.16066066066066065,-0.09861463929260539,0.034834834834834835,0.04885779462050648
#26,0.21828268946913015,0.2457030219742084,0.12928830216965811,-0.029207790224739377,0.020267262640143995,-0.11107085513865175,1.0,0.2772849891493959,0.14997987201377033,0.28790238620747094,0.2666527852968531,-0.011074556837268702,-0.00623689945723844,0.29840086619747636,0.08628057950091848,0.24011345706260961,0.0026920603191789632,-0.0434505383657926,0.01851497105734394,0.14597972394582565,-0.06317920385716996,0.09439053845833507,0.05865063831165526,0.08443528274036749,-0.14851261122447562,-0.025437147471045776,-0.1792380978821657,-0.11459209594802815,0.11665718106396072,0.04001628747391459,-0.15482909720197857,0.048208146513231256,-0.06027059416889925,-0.22069712239203765,-0.16711873661026203,-0.09634827431437601,-0.07660711559016643,0.08339001559340542,-0.050276933327780784,-0.07044054840665011,0.03852681649291819,0.11834006579769292,0.05497901599596515,0.012854148447368787,0.10896552665518365,0.003934905629820884,-0.1510131086402273,-0.15929380844635083,-0.27179305653881924,-0.1750417597875225,-0.10056589717606666,-0.15107788836602395,0.11498678956306074,0.040638635553889794,-0.0770689024926313,0.08546435495588038,-0.09118671830536237,-0.005182378063733996,-0.16261191854412194,-0.14585062720655942,0.2652503042333551,0.257386970946293,-0.004737248805045415,0.3160413109565652,-0.1150751676175405,-0.069006602904908,0.26038349597671634,0.4465446956972381,0.070801464021803,0.02579667494921732,0.12697381510940833,0.1005302683268785,0.13362484209941838,0.09590777217895861,0.04145162111263806,0.18093810297200127,0.1168357880222287,0.0691111758908369,0.2140673801690751,0.13583845787235618,0.0192187565068921,0.023887061175196768,-0.18804305075491518,-0.09234627539712285,-0.03060425602798484,0.16796364931958152,0.06538587894520098,0.19300980487421165,0.16930412693124558,0.1320877117487287,0.03316490604626198,-0.22466071618613992,-0.10574040913023963,0.054857785366259945,-0.07997843760555624,-0.08125783719004058,-0.01571185977965639,0.028204167187218035,-0.03540582184649981,0.06708634674736369,-0.010983402508826238,-0.013033680830291,-0.14015139947343336,0.006051814526390797,-0.07271986933003882,-0.018926785028479942,-0.11927011757520233,0.20177126278821195,0.1320904880226914,0.15280010364756128,0.06884141460412647
#49,0.5109251007556093,0.29695211390126647,0.02004238444916411,0.08632962700759311,0.1723390570848198,-0.04417745943169672,0.2772849891493959,1.0,0.4648995682893988,0.3176473854439956,0.3045197740112994,0.11166173878038285,0.020805859788910638,0.1164943063248148,-0.11104448053600596,-0.003843288589051301,0.12050648491326457,0.013018411323496069,-0.02660040626142321,0.19792010808959962,-0.006319262251465642,0.1496494954122073,-0.03763933424950374,-0.007293271700051361,-0.036884650443972475,0.09890475992170908,-0.15041482160126227,-0.16891313501482993,0.05400130484876248,-0.053471961946538214,-0.23388072201631524,-0.12497350971927243,-0.17654742569996806,-0.20507178981755253,-0.2378517192076514,0.000736638024773618,-0.21183895760166946,0.02199595589426098,-0.1696798493408663,-0.1095924892535062,0.03240698325444088,0.05253126778550507,0.11920024801380734,0.05450242229903247,0.12292879816590149,0.023691796573152506,-0.3146365163314316,-0.2828204167187218,-0.29315509654492705,-0.21107779582355854,-0.3025939653058297,-0.30944349588417386,-0.17553269756659587,-0.17000143440821408,-0.13675740455401472,-0.05093814924323399,-0.09491895593590509,-0.08990222888527974,-0.19054262274601258,-0.2232337113693046,0.1460033222745087,0.23615587852875988,-0.05525664339223661,0.05516086194052296,-0.03979511098155166,-0.05932990000786611,0.05727869626174711,0.17603011331824892,0.05083727795592202,0.018640828810320337,0.004447590888268855,-0.0413484362636905,0.10699574767371378,-0.02533720160838805,0.040073201090150244,0.09312779651762702,0.04743032709134404,-0.10159080498063548,0.08635229991162195,-0.02931375134764965,0.043512079105299445,-0.019324717629802375,-0.1887435972181735,0.13222930172082714,0.16459047645488323,0.31701393226816954,0.15419980843709657,-0.010026050704016807,0.09906485838689229,0.06314311229565467,0.15273856290805443,-0.16979784098428166,-0.016880208405632133,0.11232758181910724,-0.030034657153301222,0.051557258336919355,-0.006455299675638659,-0.106192479073835,-0.15278992397636465,-0.27470120351476285,-0.269465150821083,-0.08489151709490693,-0.14824007366380249,-0.15386758098622505,-0.23864619627331493,-0.24319789743518558,-0.2945751606768556,0.18415164008384347,0.07755382501145212,0.10478120647612173,0.05944557808964589
#50,0.14143681431817026,0.4306273916443408,-0.0664399376263783,0.06928654386281505,-0.02821018244747058,0.07203320423659407,0.14997987201377033,0.4648995682893988,1.0,0.4654566739312502,0.4383866146578011,0.05235960151214389,0.07546976869010767,0.34367449113211823,0.0042111448891109906,-0.011885691546708496,0.06077448789313196,-0.14332606874979756,0.06049732320918762,0.08124025412161005,0.1389122558614084,0.24807395993836673,-0.06396072497767413,-0.0586200992980654,0.17703373635577024,0.10517127296788313,-0.04366431146092163,-0.15869228242109598,-0.014537033181100978,-0.06397460634748771,-0.11531855430160515,-0.20469236570931487,-0.14294062938130736,-0.17131322385559675,-0.19771790280264856,-0.07565392819630108,-0.14880643355219628,-0.03358551155161325,0.012838416228246738,-0.11129203163101468,-0.05164609910372622,-0.1389872152584017,-0.03243752226803074,0.06561214527316223,-0.006421985130969047,-0.005011637215027046,-0.2800890258517377,-0.29204551238449544,-0.2060226636497823,-0.20667832701731007,-0.1762156609614237,-0.15592896440354068,-0.04015741473368592,-0.10873415788670025,0.044702175210649786,-0.022848272000814372,0.05264278145634078,-0.009004844598064938,-0.11123419259012479,-0.2001189170680696,0.10435227214888232,0.03296593974560076,-0.013802246005635836,-0.05226150649879464,0.027962168640134743,-0.045682199919488055,0.08677336812930034,0.029460431155346408,0.16203722983384,0.017998584100279016,0.03911122216206962,0.05817126834075986,0.06135889356228339,-0.12684425565781499,0.05656288029169385,0.04209294039802514,0.03954061920163615,-0.07042018906425686,0.03371090659226252,-0.10301919793445218,0.10856619331195602,-0.11244233447623278,-0.019349704095466807,0.014664741783385851,0.1050662372696271,0.1403970997191336,-0.002581934785324616,0.09805013025352008,0.09015301896657829,-0.01899572916522069,0.01843075741380826,-0.010119055881767746,-0.09520306130475623,0.15607656963589167,-0.03523415557313862,0.18542271084643966,-0.19033902932208016,-0.12007523702438956,-0.28342471901793936,-0.1534714992342111,-0.20936761106252633,-0.35186033491118235,-0.2803300989741668,-0.17173984462120057,-0.1839855263584077,-0.20279385703114516,-0.2687576636729179,0.13724232707283554,0.0042476991629534005,0.176240184714761,0.09534372585220043
#51,0.438199678877645,0.6014774404604913,0.40349856790534755,0.4326263088974953,-0.13213120670747788,-0.1928311979159437,0.28790238620747094,0.3176473854439956,0.4654566739312502,1.0,0.6269733523970812,-0.10331070670053721,-0.05602752212921704,0.3831253441422933,-0.26024514499090773,0.11050680881189356,0.5349754993822791,0.27057936210478584,-0.17484927145944096,0.13822327720632804,-0.28231050773423655,0.08709078878570405,0.08209303294049057,0.09063053808816521,0.20956935363715024,0.1162592484626383,0.2206036545019596,0.26203722983384,-0.14746410509122374,-0.25801579699884786,-0.029131442690764724,0.09809964047252183,0.3007042481618753,-0.003315796536135519,-0.38234937556971454,-0.1454702776736675,-0.14273472239573934,-0.0281500298449451,0.3397062702147448,0.21092093634466516,-0.03644553644553645,0.03782534460500562,0.04697548087378596,0.18944553181841317,0.018346083180185296,-0.01781442459408561,0.18152112050417135,0.11301979946047742,-0.04898827949675407,-0.09641860658809812,-0.002656431469990792,0.018927710453134183,0.25078869316157454,0.2721257467020179,-0.04874489281268942,0.2400287807067468,-0.34018517747331306,-0.20088470596945174,-0.18408130781012136,0.01759648708801251,-0.0652799178222907,0.027452722367976606,-0.3271399288348441,0.0840405891253349,0.30203362067768846,0.2434500756534655,0.0037979427809936286,0.25114960877672743,-0.1701282175858447,-0.10687868145495265,0.1477246121313918,0.10054137342272935,-0.18101907762924713,-0.008072479258919936,-0.2633837227057566,-0.007172966495000393,-0.12573698505901895,-0.046734407751356906,-0.06655654113281231,-0.032653608924795366,0.00416996349199739,-0.0395466344618887,-0.1888722312451126,-0.29103170967577746,-0.18061235349370944,-0.05012285012285012,-0.04207443190494038,0.24663908901197037,0.1495652817686716,0.09213157687733958,0.11646145374958934,-0.2893997232980284,-0.07307384426028493,-0.058528019544968696,-0.1764919002207138,0.32072858683028177,-0.06827459200340556,0.4339542932763272,0.27538370419726355,0.23204606763928798,0.18639672029502538,0.10686017296186788,-0.04955787837143769,0.3344049750829412,0.22230365959179518,0.26370345692379593,0.16506475659018033,-0.06740931995169283,-0.05270894931911881,0.01531346446600684,0.010267123826445861
#52,0.3651614634665482,0.43987192122785346,0.12704877450640162,0.17415890466737924,-0.1749159020345461,-0.21263343466733298,0.2666527852968531,0.3045197740112994,0.4383866146578011,0.6269733523970812,1.0,-0.08575632643429254,-0.012734305954644937,0.4505605759843048,0.12636164670062974,0.18485588824571875,0.3341486324537172,0.002448210922787194,0.08695104966291407,0.1286247726925693,-0.027952451681265242,0.2438262607754133,0.027785875243502362,-0.06827598014038692,0.1912602895653743,0.1616207887394328,0.0015547134191201987,-0.03766108172887834,-0.07259956412498786,-0.2746540068573967,-0.22306991120550443,-0.10527029340588663,0.01446346192108904,-0.12243183090640718,-0.3534682602479213,-0.09997871523295251,-0.04476741764877358,0.12447794481692787,0.19128851501732858,-0.044952039867294104,-0.10689348824942045,0.014352410962580454,0.1294261904431396,0.18247338247338246,0.08806527113383911,0.006497406497406498,-0.09780674356945543,-0.11499743194658449,-0.15555463013090132,-0.20101056372242812,-0.07337275642360389,-0.08622181503537436,0.10435875012146198,-0.02981671964722812,-0.013295113295113296,0.05144528195375653,-0.09829490507456609,-0.08226747548781448,-0.2193857956569821,-0.15738188111069468,0.03781470222148188,0.06207332139535529,0.012061522231013757,0.0729785255208984,0.16854203972848042,-0.02144255195102653,0.21880879338506456,0.21254413118819898,0.17733311123141632,0.05759102708255251,0.18362831244187178,0.24939269007065618,-0.022072303428235632,-0.10551969535020382,-9.207975309670225e-05,0.04326175173632801,0.04582193904227803,0.00030539013589861045,0.09844945099182387,-0.0758797318119352,0.10056358361443107,-0.04880874711383186,-0.07775834386003877,-0.09153143898906611,-0.09670132381996789,-0.005666837870227701,-0.07363696516238889,0.15929056946006098,0.08005617327651227,0.12251141742667167,0.06563851987580802,-0.19987738123331344,-0.21746924119805475,-0.1407723594164272,-0.1623134690931301,0.2466909127926077,-0.10562426833613274,0.16624189675037132,-0.02221713238662391,0.06793773742926286,-0.04071174410157461,-0.18339325457969527,-0.21465456211218922,0.09626359795851322,-0.004033926067824373,0.013620862773405146,-0.0436902233512403,0.0986123257309698,0.05222217595098951,0.024664880597083987,0.06772303890947959
#53,-0.06110902890563907,-0.030136916577594545,-0.1668420346386448,-0.07995483927687318,0.45968942748603764,0.2743921116802473,-0.011074556837268702,0.11166173878038285,0.05235960151214389,-0.10331070670053721,-0.08575632643429254,1.0,0.5240346664075478,0.28452551164415574,-0.10822378618988789,-0.3743097488860201,-0.16749399630755563,-0.10568303280167687,-0.11830166067454204,-0.21916415645229204,-0.033662784510242134,-0.2731612968901104,-0.24902899818154056,-0.22530990158108802,-0.25512939750227887,-0.23308948393694157,-0.2281810315708621,-0.18611307763850138,0.19174845107048497,0.1691259826853047,0.19456960812893015,0.17621057112582536,-0.06957712720424584,0.183108686498517,0.4067879898388373,0.21988645039492496,0.244027077925383,0.06027105688122637,-0.17207577377068903,-0.1814979848878154,0.15818191072428361,-0.07654788841229519,-0.09021502241841226,-0.19553760231726333,0.006031224525514522,0.017057889939245872,0.03897564745022372,0.010142191498123702,-0.1736249346418838,-0.08102694373880814,-0.09404396692532285,-0.04154138730409917,-0.292626679067357,-0.267806327128361,-0.2947801422377694,-0.3120481035735273,0.06769157447123549,-0.07093750144597602,0.04359675546116224,-0.04833215341689918,0.17071123511801478,0.046180541095795336,0.1646302697150155,-0.10403253793084302,-0.19109325041528433,-0.2949245084838305,0.2325504240758478,-0.007361290412137869,0.1645900137425561,0.06245552177755567,0.007711100931439914,-0.07188698714122443,0.2326332495824021,-0.04904102870204565,0.3670451653502501,-0.0922578973426431,0.29592766880902477,-0.07743028082011133,0.3153167034522967,-0.14730678290000324,0.11284998403642471,0.16988668175108854,0.2935067579135376,0.5119176186972797,0.5727069133848794,0.3302974777551049,0.1286969558155999,0.10147790317281842,0.07269164387808455,0.2678933170458594,-0.03447623278131753,0.2912899031543099,0.09356182068046474,0.14449256652646483,0.10118546898207915,-0.38362090904463786,-0.16485283434435977,-0.22091043277483954,-0.14209479124733362,0.09752633989922126,-0.034363793685827586,0.04163531790650435,0.04000333152875526,-0.04484145162111264,-0.07504314792450385,-0.07233072826293166,-0.10617720956704008,0.16790349671705604,0.023613598189869377,0.07868006681566003,0.038954362683176244
#54,0.049757307384426026,-0.09341837985905782,-0.04223360494546935,0.1364224008291805,0.24126792431877178,0.462282004654886,-0.00623689945723844,0.020805859788910638,0.07546976869010767,-0.05602752212921704,-0.012734305954644937,0.5240346664075478,1.0,0.11694637626841016,-0.007883692629455341,-0.09897648033241253,-0.00766159071243817,-0.012316939435583504,0.04531249277011989,-0.09695674102453763,0.035916656255639307,-0.10910802944701249,-0.03933933933933934,-0.04549341329002346,-0.05728887593294373,-0.007452907452907453,-0.14459158696446833,-0.09376495139207004,0.18143181702503736,0.20482516414719804,0.06645752069480883,0.13970441936543632,-0.006058755211297584,0.15489989218802777,0.23337220116881133,0.055664755664755664,0.20023413243752228,0.12369272199780675,0.026960396451921876,0.008965976762586932,0.10842090164124063,0.025925308976156435,0.2719050329219821,0.2746378119259475,0.22759364459918213,0.1406659355811898,-0.1175016310609531,-0.08269409625341828,-0.171912436319216,0.02034314746179153,0.008744800270223998,0.0034948662067306136,-0.05817959716264801,-0.0038368106164716332,-0.028394341953663988,-0.11699727462439327,0.01750857174585988,-0.0867678155813749,-0.11072058190702258,-0.06376823664959258,-0.03457941763026509,-0.12836611650170973,0.1788489568150585,-0.03988904158395684,-0.16451412892090858,-0.1278376990241397,0.24566461685105753,0.1487809843742047,0.026083556592031168,-0.061248768028429046,-0.06021414326499072,-0.12868862699371175,0.12098215318554302,-0.09417213823993485,0.05623759352572912,-0.19110898263440637,0.0734504920945599,-0.14290731409375476,0.41565725972505635,0.22635470601572297,-0.0821929788031483,0.14428619682856972,0.3544570764909748,0.45204449441737576,0.46424529305885237,0.04544482849567595,-0.018938352836657922,0.04381561839188958,0.07630080002961359,0.3275346224498767,0.23266795300693605,0.39159992041347974,0.13916489679201544,-0.06446970853750515,-0.0783450630908258,-0.1931000337779999,-0.014778106303530032,-0.23881462356038627,-0.14196800806970297,-0.018321094592281033,-0.003958503958503959,0.052612705155078036,0.26031316370299423,-0.14496453310012633,-0.08024079549503278,-0.14650952956037702,-0.016895940624754184,-0.029291078443620815,-0.06283725944742893,0.06739127417093518,0.028069980612353492
#58,-0.051935294308175665,0.23234266624097133,-0.0708329284600471,-0.13161713331204858,0.07641694082372048,-0.11619215517520602,0.29840086619747636,0.1164943063248148,0.34367449113211823,0.3831253441422933,0.4505605759843048,0.28452551164415574,0.11694637626841016,1.0,0.11750857174585988,0.046397090464887075,0.07139142223887987,-0.09045100570524299,0.13366741163351334,0.11425986849715664,0.03213352026911349,0.1389774982995322,-0.27571685707278926,-0.23890115076555754,-0.15057815905273533,-0.1865258170342916,-0.07809473572185437,-0.09435814859543673,0.1702152075033431,-0.0012562639681283749,0.025954459852764938,0.04575530846717287,0.03586205620103925,0.0167122438308879,0.02880291693851016,0.1786569311993041,0.24774589689843926,0.3270561779036355,0.1010387891743824,-0.1410481359633902,0.06441881018152204,0.18299994910164402,-0.07040399413280769,0.09892974638737351,-0.06800668943288743,0.019408005848683813,0.03248564435005113,-0.01662479120106239,-0.27726046539605864,-0.20267077555213148,0.0513379326938649,-0.09505545607240523,0.0021516123211038464,-0.22064576132372743,-0.14004590106285023,-0.02972463989413142,-0.08576465525618068,0.05513495005020429,-0.10255694831966018,-0.21278335346131957,0.10621607740251808,0.0037373274661410254,0.19210659041167516,-0.009501797637390858,0.020851668309295426,-0.1557623879657778,0.6179934942646808,0.1881578034120407,0.4418194774126977,0.093993993993994,0.3789886959378485,0.2886140377665801,0.22656431469990793,0.03089067495847157,0.2514614768852057,0.037866063289792105,0.21767514818362277,-0.08309804411499326,0.1927418944368097,-0.15806947162879367,0.2562325036901308,0.17474654932282052,-0.06953085597153394,0.0762744254269678,0.19296677262778958,0.028144940009346787,-0.16578797595746747,0.37275179648061,0.2935451630366885,0.3440756627197305,-0.04897624897624898,-0.1590416302280709,-0.18501737484788333,-0.13482650601294668,-0.17165470555301063,-0.06480933938561058,-0.38343119699051903,0.0763253237829509,-0.14970317004215308,0.26884280274110783,0.04370780641967083,-0.19695905458617324,-0.318278062345859,0.25193807058213835,0.0691158030141081,0.10894422928321233,-0.036223897240846396,0.14769870024107312,-0.0003636918891156179,-0.03323107390904001,-0.007068856221398594
#101,-0.12034453559877288,-0.16176052786222278,-0.3892993147230435,-0.2747025916517442,-0.1768778023015311,-0.11698940851483225,0.08628057950091848,-0.11104448053600596,0.0042111448891109906,-0.26024514499090773,0.12636164670062974,-0.10822378618988789,-0.007883692629455341,0.11750857174585988,1.0,0.38334652063465624,-0.2557119523221218,-0.40273833155189087,0.6299745045507757,0.11815174188055544,0.6006996210386041,0.33779202931745306,-0.08234891285738744,-0.09669484584738822,0.01719253922643753,0.007370081946353133,-0.18350800723682079,-0.46179199230046686,0.08711855152533118,-0.06561677239643342,-0.32065362743328846,-0.3014825302960896,-0.3887875548892498,-0.136187342967004,0.0665560784204852,0.07090696243238616,0.26269196777671355,0.3570565943447299,-0.01948389067033135,-0.19452379960854538,-0.035643655982639036,-0.007098469810334217,0.0026878959082348914,0.08045595672714317,0.1136872751434734,0.13374884900308628,-0.38284077606111505,-0.42597667004446665,-0.28831049847999,-0.20647519630570477,-0.11613477884664325,-0.24826135843084995,-0.2135297084449627,-0.42194459482595076,0.22854611159695906,-0.1746808441723696,0.25031950286187576,0.23183877251673862,-0.14239833053392376,-0.27413160464007924,-0.030218816659494625,-0.12911802403327827,0.516320326489818,-0.05050366236806915,-0.2317485436129504,-0.2875386943183553,0.35885423173558767,-0.019100764863476727,0.5246320280218585,0.2290675883896223,0.033042749991902536,0.0496550479601327,0.19312085583272023,-0.25452602062771557,0.3046354520930792,0.032694790321908966,0.05829481253210067,-0.1899711730220205,0.26204740950503663,0.07287580338427796,0.06812189693545626,-0.19358403087216647,0.021267646691375507,0.021445790937316363,-0.08182373436610725,-0.17517178195144298,-0.2732325545884868,-0.09409579070596019,-0.12766001749052597,-0.046796873915517984,-0.11440654830485339,0.04718740311960651,-0.30198688673264945,-0.19778638422706218,-0.20263144500432637,-0.02542928136148475,-0.170684860515369,-0.34196430637108605,-0.47201377031885505,-0.23063803402786454,-0.37644979339894596,-0.4436615351869589,-0.30979793352674706,-0.29304913542201677,-0.29332306111967127,-0.30177681533613737,-0.26488614963191237,0.06311303599439193,-0.060818445564208276,-0.0451190790173841,0.04784538004876988
#102,0.2065145268535099,0.17036743985896527,0.26585645738188113,0.11587565994345655,-0.19234164827385167,-0.049215008537042436,0.24011345706260961,-0.003843288589051301,-0.011885691546708496,0.11050680881189356,0.18485588824571875,-0.3743097488860201,-0.09897648033241253,0.046397090464887075,0.38334652063465624,1.0,0.20713502408417664,0.1893252266133622,0.13359476579815563,0.4500150381506314,0.04619812416422586,0.6614528241646885,-0.01919238190424631,0.2982643660609762,-0.10023505786217651,0.2119611136560289,-0.21423858373010915,-0.11240578020239037,-0.036933235238319984,0.04535136060559789,0.03853236904084362,-0.016922315227399974,0.08879403286182948,-0.0860122063511894,-0.22818936039275023,-0.034606717657565116,-0.07546930597778055,0.2461967360272445,0.03629793121318545,0.1217567336211404,-0.08077337738354687,0.19415918229477552,-0.001964213828620608,0.28174923768144106,-0.03430711539433702,0.03968082103675324,-0.15346270769999584,-0.20428795513541276,-0.31367453740335094,-0.1404914930338659,0.09749348732399579,-0.1900294747752375,0.05006269752032464,0.13565429836616277,-0.025395966073932175,0.40790127569788587,-0.23176473854439955,0.16831253441422933,-0.19548670396128023,-0.23405285100200354,-0.2329714922935262,-0.2065700523327642,0.026044226044226043,0.25005112971214666,-0.1693480846023219,0.05502898892729401,0.21687789484399653,0.39504944081215265,0.22716769157447123,0.370319780489272,0.12892044586959842,0.25538851640546556,0.2206110578991935,0.27391875696960444,-0.08347099025065127,0.0873998806202196,-0.14725542183169302,-0.18486005265666283,0.10184020692495269,0.3947384981283286,0.06985984443611562,-0.11522231013756437,-0.16784565767616616,-0.17963880675745084,-0.203286645659527,-0.278889675499845,-0.2589476996256657,-0.06559872661567577,-0.0885501834654377,0.05471295640787166,0.0003618410398071415,-0.21934183798590579,-0.23295668549905837,-0.22307500104110273,-0.33371275744157103,0.03403341708426454,0.057488767658259186,0.12194043041500668,0.12739812231337655,0.015806253094388687,0.006558947236913339,0.04538513860547759,-0.0535756095078129,0.11578867002595816,0.028628011678859137,-0.015285239014052574,0.043874382857433704,-0.18675254607457997,-0.1159520074774312,-0.2215045554028605,-0.16773414400533043
#201,0.4623079165452047,0.4018989713904968,0.7084060948467729,0.49656019656019657,-0.12123201784218733,0.09769615532327397,0.0026920603191789632,0.12050648491326457,0.06077448789313196,0.5349754993822791,0.3341486324537172,-0.16749399630755563,-0.00766159071243817,0.07139142223887987,-0.2557119523221218,0.20713502408417664,1.0,0.6993378586598925,-0.2010559095304858,0.04415802551395772,-0.3448840211552076,0.10943886876090266,0.2698279172855444,0.33865221153356745,0.3904079734588209,0.3926997876150419,0.33234359166562555,0.4867169172253918,-0.026348690755470416,-0.028437836912413184,0.28981385083079997,0.2518806942535756,0.4518131382538162,0.1197684587515096,-0.31451250942776365,-0.21784496360767547,-0.23535769976447943,-0.17529902784140072,0.3438956676244812,0.2783668105702004,-0.10742375657629895,-0.0023815803476820428,-0.09130285909946927,0.08413960956333838,-0.05891531657797859,-0.08337335794962913,0.19738336179014146,0.28313737466279837,0.11974347228584517,0.11820032667490295,0.19774103841900453,0.1998616490141914,0.4805781127815026,0.5437397335702421,0.05103069170865781,0.4121281528061189,-0.5873864619627331,-0.4125663413799007,-0.19034643271931406,0.09178685619363586,-0.33248379350074264,-0.19918608901659748,-0.44318771776398896,0.18902770258702462,0.38607374709069625,0.4127847415983009,-0.21872180346756617,0.10703692907082737,-0.21119532475464678,0.011827852505818607,0.16972010531332565,0.19239763646543306,-0.2853847684356159,0.11365232721164925,-0.5854513990107211,-0.24720313533872856,-0.45410819139632697,-0.2201293743666625,-0.0340759866183595,0.19118347931907254,0.02766279376448868,0.06332865993882943,-0.19888532600397008,-0.18288103203357442,-0.20502320502320504,-0.29525904949633763,-0.2647880546185631,0.0035434510010781198,0.00815900646409121,-0.033165831470916216,-0.07658721896010032,-0.34495018901798563,-0.14993174993174993,-0.24492473983999408,-0.1519746248559808,0.5634739516095448,0.28410212986484173,0.6562348172517664,0.6264153213305755,0.3612307222476714,0.4740224045308791,0.5346233753013414,0.2860996589810149,0.43701652345720143,0.44059652873212196,0.3934863985711443,0.4576229542331237,-0.3959882841238773,-0.13502130790266384,-0.12738146466960026,-0.0374639662775256
