,#10,#11,#12,#13,#17,#18,#26,#49,#50,#51,#52,#53,#54,#58,#101,#102,#201,#202,#301,#302,#401,#402,#501,#502,#601,#602,#701,#702,#801,#802,#901,#902,#1001,#1002,#1101,#1102,#1201,#1202,#1301,#1302,#1401,#1402,#1501,#1502,#1601,#1602,#1701,#1702,#1801,#1802,#1901,#1902,#2001,#2002,#2101,#2102,#2201,#2202,#2301,#2302,#2401,#2402,#2501,#2502,#2601,#2602,#2701,#2702,#2801,#2802,#2901,#2902,#3001,#3002,#3101,#3102,#3201,#3202,#3301,#3302,#3401,#3402,#3455,#3501,#3502,#3601,#3602,#3701,#3702,#3801,#3802,#3901,#3902,#4001,#4002,#4101,#4102,#4201,#4202,#4301,#4302,#4401,#4402,#4501,#4502,#4601,#4602,#4701,#4702,#4801,#4802
#10,1.0,0.43150099251794166,0.582533535075908,0.49196407501492245,0.11592054303918711,0.19816719647228123,0.007086439289829121,0.5233294928210183,0.19294733871005057,0.4289213712942527,0.2586520264486366,-0.055010943146536366,-0.03524063354571829,0.07476968493917646,-0.18939231990079447,-0.06616416107941532,0.508453291504139,0.49250220945136197,-0.0893927826131216,-0.18574475862611456,0.05995641249878538,0.07549845685438905,0.33950637848942933,0.2711040778837389,0.1769522989861973,0.14993637705502114,0.35351175520667044,0.3645437425098442,0.10075514651785838,-0.18486375435527977,0.25074334735351683,-0.16750001156780817,0.3189175307819376,-0.09747359069392968,-0.30204796475982915,-0.1900831494051833,-0.022530388632083547,-0.21340107441802358,0.0746253186931153,-0.1199211538194589,-0.06259479818801852,-0.16891128416552145,-0.33901035087475767,-0.2975411466936891,-0.134959767163157,-0.17280778467219146,0.2681538240860275,0.2537426486579029,0.1041338719304821,0.023133302794319743,0.2406557559099932,0.2184386235233693,0.3562931190049834,0.246000546000546,-0.10312330820805397,-0.08071137393171292,-0.37352683962853456,-0.32480045530892987,0.021883054086443917,-0.03724140164818131,-0.12296071109630431,-0.03636039737734653,-0.27507692592438354,0.15105290190035953,0.2726226997413438,0.06709421285692473,-0.023372525067440322,0.11381659008777653,-0.04515748414053499,-0.07747007408024358,0.338164975453111,0.1606079114553691,-0.16460019341375273,0.19643156253325744,-0.40068481424413627,-0.3076190211783432,-0.13745748830494592,-0.04596399172670359,0.17846814456983948,0.021387489184099353,-0.33242456632287143,-0.04940425787883415,-0.29335036114697133,-0.16562741477995715,-0.0543312187379984,-0.20358602053517308,-0.03492691458793154,0.15175992633619753,-0.09315833553121688,-0.15466020720258009,-0.2682611733459191,-0.2407307153069865,-0.2358079188587663,-0.15729211491923356,-0.1362433311585854,0.3801200275776547,0.002482914347321127,0.3623199470657098,0.4041352600674635,0.42373436610724746,0.3655779045609554,0.38369725657861253,0.39593831119254846,0.4408251086217188,0.34483127194991603,0.4231471841641333,0.3254538051148221,-0.1759764386883031,-0.053970765835172615,-0.17012451588722774,-0.06915513356191322
#11,0.43150099251794166,1.0,0.47165701911464625,0.4154023052328137,-0.0700916633120023,0.2532174701666227,0.19332953909225095,0.33365121670206416,0.5345738650823396,0.5917285544404188,0.4519348315958485,0.009662358814901188,0.1388974490669406,0.10543039187106984,-0.13674583674583674,-0.014115502251095471,0.3631819801311327,0.3443352443352443,-0.06521698894580251,-0.15304858016722422,0.10820897939542007,0.14424270186982052,0.22378711531253903,0.09206170731594461,0.10120166391352832,0.11326549970617768,0.2723635808381571,0.2938949735559905,0.1349963214369994,0.0016865864323491442,0.2581481327244039,0.09525395966073932,0.36397877075843177,0.061959031450556874,-0.1446128717315158,-0.3153241068495306,0.09432760958184687,-0.23139318054572292,-0.017030589911945844,-0.1621774316689571,-0.05015200099945863,-0.22288806526094662,-0.18214346858414654,-0.1515975143093787,-0.13146073654548232,-0.02372511186070508,0.1834723783876326,0.15284035962002063,-0.1020461139105207,-0.06705071789817553,0.04237380678058644,-0.01878241878241878,0.22082621913130387,0.23438507845287507,0.017174030733352767,-0.01664422511880139,-0.3082756099705252,-0.33232138147392387,-0.10478722173637428,-0.044549017430373365,-0.0140798734019073,-0.05452555791538843,-0.28101259965666747,0.09711360050343101,0.3149599522480878,-0.005065774557299981,-0.07655436638487485,0.13854810125996567,-0.10676346608549998,-0.05324338205694138,0.20342638478231698,0.12100575151422609,-0.18080622995877232,-0.044631380224600566,-0.39275253682033345,-0.38991934924138316,-0.13771475635882416,-0.1091806752823702,0.14633647515003448,-0.08892683129971266,-0.17691065487675658,-0.06029558063456369,-0.12646668239888578,0.02492261136328933,-0.17706103638307027,-0.15319988709819218,-0.10139507766626411,0.03314408399154162,-0.03750699852394768,-0.09683458497017819,-0.2799673325097054,-0.13017856068703526,-0.15955107650022904,-0.019181276808395452,-0.07138077985535612,0.3560821221838171,-0.07746729780628085,0.36674856674856676,0.260498711346169,0.18914476880578576,0.2156008088211478,0.27768292175071835,0.1380474465220228,0.18360471411318868,0.25575590999319814,0.32682158275378614,0.3201677794898134,-0.14945700708412574,-0.20738488874082095,-0.049738798891341265,0.031399195805975465
#12,0.582533535075908,0.47165701911464625,1.0,0.48486051536898994,-0.13483298398552634,0.1280556365302128,0.029705205976392417,0.32396896125709684,0.154224794902761,0.4797456933050153,0.24418069841798656,-0.24993683976734823,-0.0822100991592517,-0.1362387040353142,-0.0345312955482447,4.9510219001744425e-05,0.6851728461897953,0.8553010637756401,-0.2034175932481017,-0.4632240869529005,0.20940509076102296,0.10984559289644036,0.5042264143959059,0.25702096549554176,0.3513430225294632,0.06748011493774206,0.43499261973838244,0.4684481091260752,0.2246093551178297,-0.22434977350231589,0.27523239726629556,-0.053621880740524805,0.3822572958166178,-0.01253626507863796,-0.44720035906476585,-0.3743176149955811,-0.026001193797803968,-0.37296742042504755,-0.029617290634239787,-0.2122248596824868,-0.011619631958615009,-0.20214698519783267,-0.3146416061670299,-0.4589171606120759,-0.24156082122183817,-0.28800372020711,0.17441617272125748,0.34523383167450966,0.0674810403623963,0.23091982583508008,0.3627507322422577,0.46412406242914717,0.6533900618646381,0.6136884187731645,0.13125853125853126,0.14222157442496425,-0.38595066561168256,-0.44662844662844664,-0.1819606972149345,-0.14044938621209807,-0.23598976480332412,-0.07482891211704772,-0.5794366014704998,0.05606777810167641,0.350973315380095,-0.08793338793338794,-0.3938704498026532,0.040510926951604916,-0.21699449835043055,-0.3259026360721276,0.26609290338103897,0.025135921746091236,-0.32395184090099344,-0.021406923101838355,-0.5354284947505287,-0.37939264379942345,-0.3974823822281449,-0.1947496032241795,0.15461069698357835,-0.1389460338612881,-0.22549035938866446,-0.2643295067023881,-0.23878500997145066,-0.09505453064775099,-0.47921311141650125,-0.40855925262704923,-0.3243164582147633,0.05936784241868988,-0.22364968975138466,-0.30985762341694545,-0.47958559483983215,-0.493531744379202,-0.42917123595089696,-0.164461379715617,-0.2852515072854056,0.6993360078105841,-0.008370465997584642,0.7101523711693203,0.6999134727948287,0.5449534280042755,0.6282930079540249,0.569787661313085,0.3621876113401537,0.6194154092459178,0.5788929144861348,0.5934049612015714,0.5383893909317639,-0.3120101611627035,-0.097144602229348,-0.1712225322394814,-0.15879592998237066
#13,0.49196407501492245,0.4154023052328137,0.48486051536898994,1.0,-0.09131026249670317,0.2345164887537769,-0.04578584748076273,0.2673264944451385,0.25569668281532687,0.5403684115548523,0.30573161759602435,0.001650957583160973,0.10777217895861964,0.02235363252312405,0.0067278372363118125,-0.11712266966504255,0.5123127750246395,0.35955292734953753,0.002123386869149581,-0.18456993202755914,0.17275642360388124,0.023884284901234055,0.31834561834561836,0.1252025523211964,0.2844584183567234,0.12025847110592873,0.4011988876395656,0.31956116362896025,0.21904292582258683,-0.06842173452342944,0.32298801112360437,-0.080459195713433,0.4846962524928627,0.22793394318818047,-0.166955399158789,-0.3051721983925374,0.17892669248601453,-0.07106983717153209,0.17612496934530833,0.04506262811347557,-0.03532299633994549,-0.05223975901942004,-0.07886237547254496,-0.14139146851011258,0.029733894140673803,-0.2527663256476816,0.229148100334541,0.19821809482826433,-0.07654372400135112,-0.06522716861699912,-0.007607916082492353,0.012080030724098521,0.22171647764868105,0.1515220922000583,0.16024144329229076,-0.024346071803698924,-0.35642267845657677,-0.40645807594960137,-0.03244076125432058,-0.01368656792385606,-0.11410856156618869,-0.03149497725768912,-0.31871671363196785,-0.016721498077430282,0.33008833178324704,-0.032570783418241045,-0.12455938218650082,0.016303668846041727,-0.09741852792700251,-0.14646140747835662,0.1919650004395767,0.12705201349269146,-0.2510473493524341,-0.11991282499757076,-0.4098196810061217,-0.401138272324713,-0.22949050745660915,-0.10296691144148772,0.2262973296871602,0.008002146985197833,-0.22208016953779666,0.011683948972084565,-0.08232485181637723,-0.038846087998630374,-0.2190831817950462,-0.30394832428730734,-0.17446845921422194,0.18543242780530916,-0.06796364931958153,-0.2063687724704674,-0.24927562385189503,-0.2148257656732233,-0.21237570390112764,-0.04522920455123845,0.006597352360064225,0.4102786916346238,0.018719489905930583,0.3308791071502936,0.27689075824669046,0.15601734245802043,0.252290194663076,0.35636946653895807,0.23635530754174822,0.29625203015033524,0.25711767237190963,0.336540855184923,0.3752411888005108,-0.28985688307722207,-0.10224924462212598,-0.21115414335753319,0.06175543802662447
#17,0.11592054303918711,-0.0700916633120023,-0.13483298398552634,-0.09131026249670317,1.0,0.37688659383574635,-0.013683328937566226,0.16873128907027213,-0.004873748941545551,-0.1849757307384426,-0.13629978206249393,0.36655469028350385,0.26058523855134025,-0.013102162254704628,-0.1600346108820685,-0.27587417926400976,-0.0547430327091344,-0.09244899753374329,-0.11955376023172633,0.04543696238611493,-0.11686910330978127,-0.25388701490396404,-0.15071003206596426,-0.004403633217192539,-0.3208609225558378,-0.23763516983855967,-0.16151529032884965,-0.0822003822003822,0.059762998746049595,0.1836704192636396,0.05957374940425788,0.06790997468963571,-0.049431095193807055,-0.060451977401129946,0.15767200173979834,0.19977049468574892,0.09301211843584725,0.020746169898712273,-0.13932777153116135,-0.1848378424649611,-0.03405470185131202,0.08153083746304085,0.08914523151811288,0.15828046844995997,0.10066306676476168,0.08959591332472688,0.14416172721257467,0.07378364497008565,0.2144310720581907,0.05842853639463809,-0.01911510894561742,-0.004427694258202733,-0.04894941166127607,-0.16477972579667494,-0.21175011683486258,-0.3155397307939681,-0.04071220681390173,-0.0041352600674634575,0.1430845329150414,0.039257901969766376,-0.004074644752610854,-0.08410721970044004,0.122170861153912,0.03482696872527381,-0.05167895167895168,-0.048495953580699344,0.09431465363668753,0.08300781521120504,-0.125546810292573,-0.09864471559386814,-0.10320752185158964,-0.23637705502112283,0.10287760796235372,0.11146462332903011,0.05519926706367384,0.07530735666328886,0.06111643230287298,-0.1372756423603881,0.19995326605496097,0.13167404692828422,0.20947542303474506,0.14443704104721053,0.24086073747090697,0.1852056987650208,0.40803916397136736,0.348475131525979,0.19663237968322714,-0.08143135431271024,-0.006638071044850706,0.3291073816497545,0.18161227483261383,0.18790423705677942,0.3038284817945835,0.16262394906462704,0.07816414257092223,-0.2565813887847786,-0.08878153962899725,-0.18444407427458276,0.002682806072636581,0.0005376717241124021,-0.015525386711827389,0.17643406117982388,0.2519103078425112,0.026592540151862187,-0.021842798113984555,-0.11252469727045998,0.06824035129119875,0.05509052966680085,0.02842488096725385,0.06243331158585396,0.05928825589842539
#18,0.19816719647228123,0.2532174701666227,0.1280556365302128,0.2345164887537769,0.37688659383574635,1.0,0.19311345243548633,0.3251798794171675,0.31689316435079146,0.2417144417144417,0.26284049843371876,0.3486648435800978,0.44248115604047805,-0.0876030113318249,-0.13864295728702508,-0.2806387280963552,0.26149076657551235,0.08165854606532573,-0.12585451399010722,-0.15409245917720493,-0.15401055909530487,-0.27894427555444506,-0.02673135384999792,-0.16414442177154043,-0.1675180573485658,-0.2046303622574809,-0.00283365029127741,-0.015259789836061022,0.2476737137754087,0.2755692518404383,0.30805767246445215,0.11960789757399927,0.22053609850220018,0.14129614977072605,0.10213495467732756,-0.13331112314163163,0.22976397044193655,-0.018522837166904962,-0.0947958744568914,-0.26690681436444147,-0.05934146781604409,-0.014552765400223027,-0.01856124229005585,0.050550859025435296,0.08863763609526322,-0.011921783108223786,0.2103869663191697,0.16460111883840697,0.06377795360846208,-0.09188078679604103,-0.05857938061327892,-0.07170143949804966,0.009540665472868862,-0.14094032399117146,-0.15792094097178844,-0.3174845107048497,-0.27565577904560956,-0.2817136088322529,0.009404165336368727,-0.027529995326605498,-0.14962728522050556,-0.2993503518927248,-0.07632115937200683,0.17361197869672446,0.07544015510117205,-0.22717093056076107,0.12671515891854876,0.3197781757103791,-0.25747581171309986,-0.22408926646214783,-0.050374565628802916,-0.15755169653474738,0.041629765358578916,-0.21933813628728882,-0.17734329090261294,-0.2354516303668846,-0.06928330487652522,-0.17454480674819658,0.4555314945145454,0.10695364085194593,0.09412355344558734,0.25912491844695235,0.12643706880995018,0.2827403674861302,0.03093139364325805,0.0724047622352707,-0.025203477745850626,0.019551446670090736,0.1486666944294063,0.16384967401916553,0.11044896977100367,0.13864018101306236,0.08589699098173674,0.19502260349717976,0.08282319299268452,0.02708717962955251,-0.1758552080585979,0.10421207031376523,0.06436837453786606,0.19726999726999728,0.04199530809700301,0.3785222819121124,0.23547198970927785,0.07138957138957139,0.04217854217854218,0.13876742690302013,0.21840299467418112,-0.14381284211792686,-0.22195246093551177,0.07113831859594572,0.157709481438295
#26,0.007086439289829121,0.19332953909225095,0.029705205976392417,-0.04578584748076273,-0.013683328937566226,0.19311345243548633,1.0,0.31113887385073824,0.23417176807007314,0.3021007139651207,0.2065825455655964,0.2419388571930945,0.22012891165433537,0.3403337081303183,0.05716764530323852,0.005615939514244599,0.20877348843450538,-0.006690357537815165,-0.225224299800571,-0.13956560566730059,-0.013208586089942022,-0.11856170500238297,-0.03647468732214495,-0.21667939125566243,-0.04773895621353248,-0.2317203181609961,-0.039295381668263026,0.025986387003336157,-0.04203880305575221,0.05522564166631963,0.15098349505129166,0.005694137897527728,0.15540517404924184,-0.06316162078873944,-0.07562153833340274,-0.175315685485177,0.1802606921250989,0.12308471799997224,0.04876155045646571,-0.14548508446813532,-0.049832729493746446,-0.31321598948717594,0.10098881624305353,0.09935544172832309,0.2203982102287187,0.0790858655265435,-0.0011988876395656056,0.061637909095536215,-0.018614916920001667,0.0007458922713160001,-0.11261538888657532,-0.10001526950679493,-0.11438387540082455,-0.22638524502931281,-0.12381580347682043,-0.3227270413711092,-0.038943257587325385,-0.20930051777509404,0.06927867775325403,-0.10890073432446314,-0.024675985692934846,-0.051571139706732924,-0.12133427726648066,0.20744874304196337,0.016448960516757125,-0.06970067139558665,0.04895357607222014,0.5788073127056178,-0.19367333435130046,-0.10130160977618605,-0.09164387808455605,-0.12636164670062974,-0.04091672566248838,-0.20489133200997608,-0.1643618965652864,-0.2548281717773243,0.0807571824520977,-0.1595575544728087,0.22325777241031478,-0.16385892826570791,-0.00854259498327295,0.018018943442672256,-0.05869135699644174,-0.0859298435569622,-0.13921255616170872,0.08683722243044277,0.020283920283920284,0.061735078684231226,0.011232804453143437,-0.148249790622672,-0.0427481410532258,0.07244501820773007,-0.12314625873947908,0.10730298865892086,0.03940596991444449,0.09107057751125548,-0.30478398275008445,0.006332680908952095,0.004965828694642254,-0.07245612330358094,0.03952072257157003,0.21470777402980792,0.05555509284322844,0.10569737688381756,-0.010580842784232615,-0.04652988890277026,-0.018241508072016546,-0.12422021405072252,-0.27540174997802114,0.22494713511662665,0.14592697474053407
#49,0.5233294928210183,0.33365121670206416,0.32396896125709684,0.2673264944451385,0.16873128907027213,0.3251798794171675,0.31113887385073824,1.0,0.5398992212551534,0.3693434574790507,0.3126172397358838,0.2552728383236858,0.1951225493598375,0.11041195278483414,-0.007332139535529366,-0.2946316115807641,0.40904648870750565,0.24760014251539675,-0.04961664283698182,-0.2892377739835367,0.1391954358056053,-0.23515688261450973,0.08337705964824609,-0.20321538796115068,-0.059833331019771695,-0.24008338076134686,0.14578862375472545,0.03849535205467409,0.13291272782798205,0.05829018540882948,0.23203449983111,-0.015780341204070018,0.1933892289824493,-0.13233341199442894,-0.14138545324986002,-0.22302456539744675,0.15223281833451324,-0.0706321113100774,-0.1563005224022173,-0.38986336104980174,-0.08373196000314645,-0.24233447623278132,-0.10794430794430794,-0.21099589574165845,-0.07041972635192974,-0.17017819051717356,0.19728989390006338,0.17911362826617064,0.10002452375333731,0.03134135676508558,0.09508923407228492,0.17669780720628178,0.1611627035355849,0.017496541225354784,-0.12574068675763592,-0.2938810921861769,-0.205497022446175,-0.35684606023589077,-0.01842057774261164,-0.2707968368985318,-0.16660651406414118,-0.25599420684166446,-0.31271718559854156,0.08600943007722668,0.20488994387299472,-0.14258572902640698,0.025291855800330377,0.2250452301299759,-0.05862333828435523,-0.18181586825654622,0.31954959582078224,0.13092260210904277,0.11625554676402133,-0.11067847508525475,-0.17930935558054203,-0.22993841298926046,-0.07812897643406118,-0.1967813730525595,0.20249818385411605,-0.08446350819232175,-0.1897777592692847,0.08679002577307662,-0.12265439553575147,0.08532276498378193,0.072440853796786,0.20805258262885382,-0.08194403957115821,-0.002083130896690219,-0.11272690255741104,-0.11911649708259878,-0.24259452056062225,-0.021718328497989516,-0.1326207563495699,-0.02711309151987118,-0.15966721729433594,0.17615967276984226,-0.33464142108209904,0.11952414664279071,0.24253575609507813,0.15454591725778166,0.22681926919215054,0.3921010378637497,0.15185755863721964,0.3418120740154639,0.12086184798049204,0.1261543515780804,0.0887584040126413,-0.17769680312053193,-0.3320247828722405,-0.2734477158205972,-0.26105489156336614
#50,0.19294733871005057,0.5345738650823396,0.154224794902761,0.25569668281532687,-0.004873748941545551,0.31689316435079146,0.23417176807007314,0.5398992212551534,1.0,0.40110773331112315,0.4426296866974833,0.2603969146342028,0.2406242914717491,0.18161320025726804,0.15461069698357835,-0.06976360027207484,0.1176783871699126,0.035713988256361136,0.1377688937010971,-0.08609040473447253,0.11246639551724298,-0.0998667388497897,-0.055919710156998294,-0.2502066010540587,-0.1266943368638284,-0.12074987159732922,-0.023857447586261144,-0.059519149349657824,0.2482604330061957,0.1813698135732034,0.2358366070230477,0.07085884035036577,0.16165595487629386,0.026379692481387395,0.10170185593914408,-0.2818760208590717,0.12383431196990519,-0.0377230851807123,-0.2629524748168816,-0.2896375574341676,0.0010508196948874914,-0.0885839614653174,0.07507368693809371,0.04895126251058454,-0.10876053248934604,-0.038242711124067054,0.030815715561478274,-0.01797035864832475,-0.1346229125890143,-0.2212870806091145,-0.0825441774594317,-0.10445777055946548,-0.019945214860469098,-0.060990574549896585,-0.06698131104910766,-0.12872980839082535,-0.1838878940573856,-0.32384310350412043,-0.18143089160038312,-0.3248754147059232,-0.13635577025407533,-0.21415807178519042,-0.10967392662307916,0.0458117593710814,0.19614745716440632,-0.1560626882660781,0.105073640666861,0.17719152125931786,0.06536274332884502,0.08198198198198198,0.21362271362271362,0.23802523633032108,0.11977169773779943,-0.17731414002600443,-0.11002651341634392,-0.25998972778633794,-0.08955935905088447,-0.20098696539374505,0.09640194894432183,-0.06799881545644257,-0.04774682232309351,0.05585909484214569,-0.03053855087753393,0.07909188078679603,0.04825488045827029,0.12418412248920724,-0.09953821309753513,-0.04117769541498355,0.06132095115145963,-0.05782192053378494,-0.24299060231263622,0.01591406506660744,-0.10864392898291203,0.01282638570774164,-0.06212283161435704,0.08278016074626245,-0.2689506147133266,0.07760611150441658,0.08736980431895686,-0.048929515031209944,-0.01670622857063535,0.09650096938232532,-0.0022936650055294123,0.02139813156762309,-0.0045068180661401004,0.06427444393546089,0.010355039168598491,-0.10044281569705299,-0.29369045470740385,-0.20394554801334464,-0.16560335373894697
#51,0.4289213712942527,0.5917285544404188,0.4797456933050153,0.5403684115548523,-0.1849757307384426,0.2417144417144417,0.3021007139651207,0.3693434574790507,0.40110773331112315,1.0,0.39016690033639184,-0.01301794861116895,0.18811939828888982,0.22408232577724102,0.19339987136597306,-0.06641263759907828,0.635527052476205,0.3419976216586386,-0.025319618539957522,-0.2744619812416423,0.193217099996761,-0.08845023760277998,0.3287270321168626,-0.14400070332273723,0.268905731617596,0.027670659874049704,0.25680534155110424,0.17450316263875587,0.2795226659633439,-0.021914518524688016,0.43351841826418097,-0.0009726213116043624,0.4971982768592938,0.21787180092264838,-0.17432409296816076,-0.31876714927562383,0.34184353845370796,0.01964815354645863,0.198811292031631,0.02927442079984453,0.09023029192520718,-0.1925026721636891,-0.09139910326351004,-0.208841969858919,0.08528991240855648,-0.17227103837273328,0.05771318313691195,0.04804480906175822,-0.2049672168316236,-0.19631819801311326,-0.12531823040297616,-0.17480855277465446,0.1451820078938723,0.05326096512537191,0.1775746470661725,0.004806655654113281,-0.3260918854139193,-0.47052429933785866,0.01618845347658907,-0.05645044119620391,-0.08968938121480495,-0.017020410240749222,-0.3497660989186413,0.21515567956245923,0.2172591698015427,-0.1471989709277845,-0.0327683615819209,0.3219256236205389,-0.09983990153481678,-0.15015292642411288,0.23951146832502765,0.140484089636632,-0.22344563361512515,-0.1352966217372997,-0.4583012905046803,-0.5578742070267494,-0.14127532771600568,-0.131249739724316,0.34242516784889665,-0.05720651313871653,-0.16122378156276462,-0.10292434190739276,-0.1169227779397271,-0.0842733334258758,-0.31013339996390843,-0.21674185741982352,-0.05782284595843918,0.11952553477977207,0.05603492552645095,-0.2053859714876664,-0.3089854106803259,-0.17086578103527256,-0.32596278867465306,-0.057996363081108844,0.01755530569089891,0.4862565184599083,-0.11876900012493233,0.4300267910437402,0.22831660628270797,0.14706293350361146,0.14565536260451514,0.35880934863985714,0.2167363048718981,0.24857137569001975,0.18714955325124816,0.31980871472396893,0.25242715751190326,-0.22272333967249222,-0.26600545075121346,-0.08726476862070083,0.08105239291679969
#52,0.2586520264486366,0.4519348315958485,0.24418069841798656,0.30573161759602435,-0.13629978206249393,0.26284049843371876,0.2065825455655964,0.3126172397358838,0.4426296866974833,0.39016690033639184,1.0,0.10746123627479559,0.2251275929242031,0.1948055914157609,-0.020843802199734404,-0.031436212792144994,0.2365459450205213,0.1913764303594812,0.02943451926502774,-0.0918632037276105,-0.04452125469074621,-0.033932083084625454,-0.005691361623565014,-0.10111236043439434,-0.10352679335730183,-0.013532022006598277,-0.0810764539578099,0.013133626692948727,0.13579218663964426,0.07395623666810107,0.3036036036036036,0.013270126829448864,0.28621163536417776,0.016718721803467566,-0.0727096896588422,-0.31643415372228934,0.02852205055594886,0.016635896296913245,-0.21559618169787662,-0.11512791682283208,0.124497841446994,-0.022872333041824566,-0.10324777782404901,0.14494556189471444,0.043417685790567144,0.06754535737586585,-0.011149978946589116,0.009194093939856651,-0.1347982805609924,-0.06258230495518631,-0.002587024620922926,-0.012984170611289255,0.07731784172462139,-0.009115895556573522,-0.05837578718934651,-0.12463758056978395,-0.19435352147216553,-0.210461925716163,-0.07672834621987164,-0.12260719887838532,-0.1845426320002591,-0.22844385217266575,-0.13023316074163532,0.15447836125802228,0.179204319882286,-0.13905292040885261,0.06897328761735541,0.24142015667439395,-0.037655991893280026,-0.009796545389765729,0.23199655742028624,0.16972195616263414,-0.03798174137157188,-0.1176228616906583,-0.2376069443866054,-0.2878621302350116,-0.11201710184761032,-0.01566466312229024,0.2076042143838754,0.04369577589916573,-0.08697187171763443,0.1055965055965056,-0.12989167904422141,0.1973500465025889,-0.15424052712188305,-0.04126052092153787,-0.11758584470448877,0.04974805313788365,0.20508844746132882,-0.1007384888740821,0.0259947158252243,-0.019262714177968415,-0.07865137865137865,-0.046333236163744636,-0.048177607499641395,0.15508173813258558,-0.11932888204074645,0.18941360466784196,0.08924008754517229,0.08481840854722211,0.06150742421928863,0.23682403512911987,0.018992027466603736,0.1834011206892563,0.06779799830647289,0.0824280366653248,0.12281218043929909,-0.21167793371183202,-0.23414400533044602,-0.23686938093717755,-0.1319637048450608
#53,-0.055010943146536366,0.009662358814901188,-0.24993683976734823,0.001650957583160973,0.36655469028350385,0.3486648435800978,0.2419388571930945,0.2552728383236858,0.2603969146342028,-0.01301794861116895,0.10746123627479559,1.0,0.5734449395466344,0.02767806327128361,-0.12499988432191822,-0.4438623523369286,-0.054168343998852474,-0.3507687965315084,0.07581541479846565,0.0485288061559248,-0.10538134436439521,-0.4128203704474891,-0.29561487527589225,-0.2603446281412383,-0.3359985563375394,-0.34847050440270777,-0.048990130346062546,-0.09683180869621548,0.16369466538958063,0.44284854962821063,0.15938079836384922,0.22651202820694347,-0.05322163457756678,-0.03345502667536566,0.47289523730201694,0.28355196490789714,0.25822401754605145,0.05116672913283083,-0.2694628372594474,-0.3435278113244215,0.08873989551955654,-0.039721539721539724,0.4192775209724362,0.31995817080562844,0.1933614662428222,0.05988330395110056,0.3409171883748155,0.2063521148266911,0.24122350393536834,-0.03979464826922454,-0.15590721692416606,-0.16054868427749783,-0.16127976975434602,-0.32715381020465767,-0.29336377980445777,-0.5174317614995582,-0.09899637696247866,-0.18888796346423464,0.06199234673810945,-0.1510010781197222,0.0058972686091330155,-0.13600781058408176,0.2015667439396253,-0.08774228774228775,0.15213888773210807,0.0702735092565601,0.16386771979992318,0.07923208262191313,-0.0583003650800261,0.002283485334332792,-0.13996677725491286,0.023695960984096577,0.2387739048755998,-0.058962043707806416,0.036395100801880464,-0.04490252964829236,0.08684092412905972,-0.32835963852913,0.18747622815419426,0.0946602997450455,0.17373320932642966,0.15342661613848055,0.25571981843168284,0.23424996645335627,0.48274360647242004,0.36495601919330733,0.19815933036272018,-0.04522457742796726,0.006861561098849235,0.2415349093315195,0.19972514887769124,0.5434565536260452,0.34120962256555476,0.3917905578922528,0.20536376129596468,-0.2973287617355414,-0.3040644650814142,-0.1899989357616476,-0.11417519214129383,-0.022038525428355937,-0.06094291518020332,0.1764877358097697,0.07464151362456448,-0.11708889166516286,-0.1504708097928437,-0.16639227825668504,-0.15307032764659884,-0.005518769925549586,-0.14263061212213754,0.07523748710189389,0.14428064428064427
#54,-0.03524063354571829,0.1388974490669406,-0.0822100991592517,0.10777217895861964,0.26058523855134025,0.44248115604047805,0.22012891165433537,0.1951225493598375,0.2406242914717491,0.18811939828888982,0.2251275929242031,0.5734449395466344,1.0,0.11067569881129204,0.027866387188421087,-0.3004455919710157,0.11029303571676453,-0.20273833155189086,0.10203130711605288,0.08306796781373052,-0.1309471258623801,-0.3017670983772679,-0.24186019609748424,-0.22912218844422233,-0.29142038803055753,-0.2189786088091173,-0.18217447031006354,-0.11669095906384042,0.2956190396868363,0.3650059921246362,0.06736952669156059,0.10386457335609878,0.09908382959230416,0.10498526261238125,0.33853607073946057,0.175964408167798,0.3742611640916726,0.15196860959572825,-0.08296894737572703,-0.16382052314255705,0.22509936747224882,0.015065450658670997,0.368964033370813,0.3009629043527349,0.3841113841113841,0.07027304654423298,0.10769536871231787,0.10225896158099548,-0.013600966143339025,-0.1712206813901729,-0.1799432714686952,-0.21899943086383764,-0.18430109616550294,-0.23232785944650353,-0.2201437184488032,-0.35169699745970934,-0.19202885474071915,-0.27955783210020496,0.053363687261992344,-0.09951739104281478,-0.1435671418722266,-0.21533521194538144,0.23488804675245353,0.08406742644030779,0.11410856156618869,-0.047497420378776314,0.29702337159964276,0.22293294835667718,0.005504888555736013,-0.028954223869478105,-0.04430146633536464,0.10009855772567637,0.13816497545311104,-0.14448377499224957,-0.0836435819486667,-0.1959771790280265,-0.0372580592919576,-0.2684980820574041,0.47183099894964303,0.21517788975416094,0.18560178051703474,0.20821869635428958,0.29855772567636973,0.31186255593035256,0.3408861866488985,0.2328895922116261,0.09170588153639,-0.012088822258313784,0.13578709680404596,0.2569534094957824,0.28427888597380124,0.4456368541114304,0.16094615416649316,0.12205842205842206,0.1129707519538028,-0.21576090728633102,-0.1595867053494172,-0.10446424853204514,-0.03230750010411027,-0.001499187939865906,-0.10095133654455689,0.2509821069143103,-0.07530458038932615,-0.12812041625600948,-0.10121600799566902,-0.10319040149548624,-0.06834353614014631,-0.10335049996066946,-0.10767130767130767,-0.10143440821406922,0.12152491474525373
#58,0.07476968493917646,0.10543039187106984,-0.1362387040353142,0.02235363252312405,-0.013102162254704628,-0.0876030113318249,0.3403337081303183,0.11041195278483414,0.18161320025726804,0.22408232577724102,0.1948055914157609,0.02767806327128361,0.11067569881129204,1.0,0.1696150696150696,0.06749353359522851,-0.050557799710342084,-0.0865498780753018,-0.03274430054091071,0.048351124622311066,-0.09874697501816146,-0.07945973708685573,-0.17849128018619545,-0.19866507493626137,-0.10134325388562676,-0.046386448081363336,-0.3294451616485515,-0.23445032089099885,-0.14034296237686067,0.003088604783520038,0.15485500909229724,-0.0953622343452852,0.13838707737012823,-0.0750102953492784,-0.06960627808085436,-0.10279940957907059,-0.08062068231559757,0.19561117357727528,0.025049394540919964,0.13292938547175837,-0.0981255523628405,-0.19605167571269266,0.05643841067569881,0.08858951401324283,0.1432057635447466,0.09247722298569756,-0.26113586622061197,-0.19409301443199747,-0.3025828602099789,-0.22743467658721897,-0.24126329719550058,-0.22136018915679934,-0.3962413877668115,-0.29800802343175226,-0.19658657116284234,-0.23208632361174733,-0.044847466881365185,-0.09325689325689325,-0.030124886057089448,-0.14482479397733636,0.14197170976831994,0.0757052892646113,0.14073441700560343,0.053124464988871765,-0.257993124094819,-0.17745110287483168,0.456314866484358,0.3972801769411939,0.16201363150515694,0.17368693809371774,0.24892072349699468,0.13368406927728962,0.1370503014570811,0.07224373834543327,0.11579005816293952,-0.09882980052471578,0.22741292910784436,0.19742500589958217,0.008396377887903312,-0.06052786222277748,-0.04648500580703971,0.20922602109042787,-0.12258637682366495,-0.20707996131724946,0.016663659036540393,0.20019942901298834,0.1301383047145759,0.044402800335003725,0.19435814859543674,-0.03313066533405516,0.053011563181054704,0.03295298380044143,-0.11007602363534567,-0.16262117279066432,-0.05390876238333865,-0.12163365214212672,-0.09205152764474799,-0.13246713585696637,-0.16784797123780174,-0.1713706001841595,-0.20657097775741842,-0.16073145564670988,0.09849155781359172,-0.030950364848669934,-0.1005279547652429,-0.0866877663487833,-0.06790951197730859,0.06286733574869167,0.020611057899193493,0.07501307162324111,-0.10520227469380011
#101,-0.18939231990079447,-0.13674583674583674,-0.0345312955482447,0.0067278372363118125,-0.1600346108820685,-0.13864295728702508,0.05716764530323852,-0.007332139535529366,0.15461069698357835,0.19339987136597306,-0.020843802199734404,-0.12499988432191822,0.027866387188421087,0.1696150696150696,1.0,0.28749705020891464,0.13544607781895918,-0.02339982509474035,0.5390223813952627,0.10328109311160158,0.34102222407307153,-0.14190554190554192,0.047422923694110136,-0.22231985452324435,0.13508007236820796,-0.07568678077152653,-0.23369980149641167,-0.36447988820870175,0.3923712618627873,0.07336489031404286,-0.028396192802972463,0.04891794722303197,0.02844524030964709,0.11462078411230954,0.1442621357875595,-0.016769620159450667,0.34815400917095835,0.3289708815132544,0.041585344975175485,0.12182614047020826,0.20535404433709517,0.12332949282101824,0.13963963963963963,0.03475941272551442,0.03055844750760005,-0.19032838693855644,-0.4565341921274125,-0.27542303474506863,-0.4040126413007769,-0.4024523753337313,-0.31904246311025974,-0.2792209775260623,-0.2487638640181013,-0.3010082501607925,0.35459172577816644,0.11009268127912196,-0.06323334119944289,-0.14920482886584582,-0.24259729683458497,-0.3876432673042843,-0.24239601697228816,-0.13266240045901062,0.02403189013358505,0.29519103078425113,-0.09612848595899444,-0.16424899475746935,0.22287927372673136,0.21017967119662034,0.5018832391713748,0.26552746891729945,0.25460792070961563,0.31725639352757995,0.09082533997788235,-0.14604265282231385,0.07565531633328243,-0.22679058102786917,-0.14819842955436177,-0.1700430785176548,0.25875752485921977,0.26541688067111796,0.017361891938163124,-0.05617975448483923,0.05161879907642619,-0.05851922801075343,-0.14382626077541333,-0.1318332199688132,-0.2108469023723261,-0.06395147073113175,0.17880314829467372,-0.2114400995756928,-0.11709953404868659,-0.15796027151959355,-0.36218668591549946,-0.26797429170310527,-0.013879518964264728,0.09698033935322072,0.1908919705529875,-0.07974199160639839,-0.14417607129471535,-0.27642665778259,-0.2695563051495255,-0.15016171795832814,-0.044525419101690285,-0.16790766112800012,-0.03191049292744208,-0.1564629344290361,-0.13231721706297978,-0.20360915615152902,-0.08367458367458368,-0.2595839290754545,-0.11344040496582869
#102,-0.06616416107941532,-0.014115502251095471,4.9510219001744425e-05,-0.11712266966504255,-0.27587417926400976,-0.2806387280963552,0.005615939514244599,-0.2946316115807641,-0.06976360027207484,-0.06641263759907828,-0.031436212792144994,-0.4438623523369286,-0.3004455919710157,0.06749353359522851,0.28749705020891464,1.0,-0.1148017046322131,0.030565850904833956,0.19578792968623476,0.4360906360906361,0.010838573550437958,0.5561061832248273,-0.07364298042264145,0.30142052684425563,0.012626493982426186,0.38782279968720645,-0.27431206244765566,-0.07117394744513389,-0.126595779138152,-0.03674537403350963,-0.18717268886760413,-0.045720142330311825,-0.08354872592160728,0.06126496295987821,-0.06133298167196472,0.07663719189142917,-0.02924804619719874,0.2720554144282958,0.03329076379923838,0.40467663349019284,-0.021411550225109547,0.15118199863962575,-0.05532605024130448,0.20849215933961696,-0.22711956949245085,0.08473697117764914,-0.35633522582675126,-0.3106437716607208,-0.38358250392148696,-0.23932730881883424,-0.08887130582045837,-0.1003100172591698,-0.12273305663136172,0.059788447924041144,0.0849419527385629,0.4679946510454985,-0.17374523984693477,0.23503426384782317,-0.2300318808793385,0.013446420226081243,-0.03308948393694156,0.12257434630315986,0.13993207383037892,0.23392005256412035,-0.045779832220510186,0.12489114692504523,0.05416788128652535,0.04335753318804166,0.45458200881929695,0.49190531054937836,0.11792131114165012,0.19159853227649837,-0.10702397312566804,0.09632698954732853,0.03070882901391376,-0.015228325397816923,-0.0463397141363243,-0.001824011993503519,-0.12257804800177681,0.28709772947061085,-0.07324874951993596,-0.1050273694341491,0.01458191627683153,-0.08761735541396558,-0.1805295279871551,-0.2846152778356168,0.0046044503671622316,-0.09063100080049233,0.13643767033597543,-0.20255185848406188,0.010492002017425747,-0.24894894894894895,-0.1787277261853533,-0.1670747789391857,-0.08845902913699524,-0.04233355080812708,0.3502649028072757,-0.021602650416209738,-0.08174831225678683,-0.15178491280186196,-0.14819380243109057,-0.2406409491155254,-0.14755202043337637,-0.1229287839457331,-0.031168765067070153,-0.06254667610599814,-0.03163610451746045,-0.026811865794916644,0.06283725944742893,0.003318572810098234,-0.029600632990463498
#201,0.508453291504139,0.3631819801311327,0.6851728461897953,0.5123127750246395,-0.0547430327091344,0.26149076657551235,0.20877348843450538,0.40904648870750565,0.1176783871699126,0.635527052476205,0.2365459450205213,-0.054168343998852474,0.11029303571676453,-0.050557799710342084,0.13544607781895918,-0.1148017046322131,1.0,0.6448594974018703,-0.10174951530883734,-0.5381228686313432,0.2241008342703258,-0.1918918918918919,0.5054729614051648,0.0254667610599814,0.41845898286576255,-0.09076056025208568,0.35796721220450034,0.20179856281551198,0.3692425861917387,-0.13146721451806198,0.3509603594349357,-0.03501482993008417,0.47839272246051906,0.12495731478782326,-0.3429901396003091,-0.39778360795309947,0.31923957856161245,-0.12324898087609952,0.17605324893460486,-0.09344244090006802,0.10277164683944345,-0.21038789174382394,-0.20113457062609605,-0.4145055687428569,0.03764303594812069,-0.27933202848457084,0.1533456414812347,0.19793398945941318,-0.04417977299333232,-0.03410328664565953,0.11778296015584151,0.171096674486505,0.48972362192701174,0.3042514008615704,0.06145189874003433,-0.11860936437207624,-0.4751606768555921,-0.6928085250119148,-0.015120513425598172,-0.08783020308444037,-0.21090381598856175,-0.10098650268141794,-0.5812874507789763,0.17566595871680618,0.3314454670386874,-0.1841715367139096,-0.2998621117265185,0.2206568664195783,-0.2452375333731266,-0.3612626493982426,0.21160575058880143,0.015403230657467945,-0.34105692749760547,-0.20793782997172827,-0.6148470504402708,-0.6075070447951804,-0.3371382167992337,-0.38742301623657555,0.4287145388840304,-0.03655242299310096,-0.17156956648482072,-0.21231832757256486,-0.12937020225155818,-0.14064465081414235,-0.3366084111846824,-0.24096669859381722,-0.13654085518492298,0.16716685869228243,-0.13972015158455836,-0.3479619835552039,-0.3615018716713632,-0.1979460199799183,-0.27884340426713305,-0.00553265129536316,-0.05477033273643443,0.7105988885649902,-0.1073594395628294,0.6903080275961632,0.5469305977780554,0.4067375541951813,0.44738313043397787,0.7132710522541031,0.33140845005251784,0.5926785028479944,0.41482622838555044,0.5155443579172393,0.3930426574494371,-0.3819750412970752,-0.31195139669715943,-0.060447812990185874,0.06265865248916096
