,#10,#11,#12,#13,#17,#18,#26,#49,#50,#51,#52,#53,#54,#58,#101,#102,#201,#202,#301,#302,#401,#402,#501,#502,#601,#602,#701,#702,#801,#802,#901,#902,#1001,#1002,#1101,#1102,#1201,#1202,#1301,#1302,#1401,#1402,#1501,#1502,#1601,#1602,#1701,#1702,#1801,#1802,#1901,#1902,#2001,#2002,#2101,#2102,#2201,#2202,#2301,#2302,#2401,#2402,#2501,#2502,#2601,#2602,#2701,#2702,#2801,#2802,#2901,#2902,#3001,#3002,#3101,#3102,#3201,#3202,#3301,#3302,#3401,#3402,#3455,#3501,#3502,#3601,#3602,#3701,#3702,#3801,#3802,#3901,#3902,#4001,#4002,#4101,#4102,#4201,#4202,#4301,#4302,#4401,#4402,#4501,#4502,#4601,#4602,#4701,#4702,#4801,#4802
#10,1.0,0.25546902835038426,0.3076097669318008,0.42776875488739896,0.4809654029993013,0.42652914856304686,0.21436490419541268,0.3963431844787777,-0.1600105498410583,0.5038715140410056,0.5520500469653012,0.1934590985438443,0.28212357195408044,-0.32637876705673313,-0.33394411360513054,-0.16496388530286835,0.5931523202709643,0.2537597690140063,0.10822748788850484,-0.01286247726925693,-0.24746595594053222,-0.01807863333287062,-0.04392435578876257,-0.22690949809593877,-0.10573300573300573,-0.07092084380219973,0.11837476922222685,0.2851862648472818,0.19317036605172197,0.03001938764650629,0.1584433431891059,0.16819731904477667,0.2704386975573416,0.22948356677170237,-0.04871204023746396,0.14854176210108413,-0.14091811379946972,0.04660577372441779,-0.10175645599374412,0.21369582217039845,-0.13609017337830898,-0.007571361808649944,0.04167372302965523,0.03552890332551349,0.04896144218178117,-0.02229718161921552,0.09510172730511714,0.22805378568090431,0.02565277141548328,-0.0015824761587473451,0.23073520361655955,0.1755285331556518,0.1845370794523337,0.17534252280014992,-0.1622769148192877,0.0805100940694161,-0.2930861524081863,-0.23679349611553002,0.033621603113128534,0.14773895621353247,-0.013324264171721799,0.23751856633212565,-0.1959781044526807,-0.35441728323084254,0.34733547106428464,0.048173443088697324,-0.16942304399931518,-0.20993998621117266,-0.08352327674361573,-0.16462934429036125,-0.14777227150108507,0.17746914865558933,-0.39183775454961894,-0.1688909248231282,-0.36386633166294186,-0.10641319285387082,-0.21296612483053162,0.02827403674861302,0.004523475709916388,0.14765798155628665,0.001741649199276318,0.22045975096822554,0.09090029937487565,0.10335327623463217,0.06798215781266628,-0.1753027295400177,0.047931907253941156,0.056639227825668506,0.0775894538606403,-0.007297898823322552,-0.05878898929746387,-0.17646506290574088,-0.10253936525122966,-0.13520685554583858,-0.07168940897754457,0.16183039742361777,0.09417398908924332,0.36919862852066243,0.23526284373742,0.21001772188212867,0.29119967425052173,0.317781109306533,0.3955977549197888,0.4870856989501057,0.18379905329057872,0.33533641499743194,0.27802717972209495,0.017259169801542684,0.1828930625540795,0.04966383949434797,0.0938611955561108
#11,0.25546902835038426,1.0,0.4554611622408233,0.38560409407867036,0.16881689085078916,0.046842682435902776,0.17326494445138513,0.03805392449460246,0.275692333319452,0.3609012710707626,0.2226816955630515,0.062195014737387616,0.027630866613917462,-0.08317207808733232,-0.09896028540096337,0.27601021668818276,0.457188930070286,0.44182688080993165,-0.13151811287404508,0.023977290078984994,-0.14421956625346455,0.09870625633337497,0.08505161556009014,0.11875928316606282,0.05906060143348279,0.15504055673547198,-0.0038553191095563977,0.19769337904931125,-0.003084903084903085,-0.11891660535728332,0.2841234146318892,0.16157359208206665,-0.024888370651082514,0.14897023371599644,-0.12624874489281268,0.035546023681616905,-0.2251447132803065,0.1305112508502339,-0.1710434625688863,0.17731969257392985,0.045681737207160934,0.07010554468181587,-0.02933457340237001,-0.09703308855851228,0.017201793472979912,0.12778772609281083,0.024681075528533155,0.013725898471661184,-0.0945876539096878,-0.009959420128911654,0.008162245450381043,0.21458376712614,0.16429295242854564,0.19247398399940774,-0.11694221185746609,0.08225637039196361,-0.16881133830286374,-0.04043319128064891,0.019512116122285615,0.059280852501191486,0.025588454402013724,-0.011580301410809886,-0.24339131118792134,0.025004048732862293,0.22467413484362636,0.062277377531614816,-0.03520361655954876,-0.0014117353100403947,-0.022857063535029636,-0.05137541239236155,-0.07720031279353314,0.16807146129180028,-0.27649051208373243,-0.016038534682602478,-0.34838490262219074,-0.025836930921676684,-0.18205185154337697,0.15971441395170208,0.10276054174359259,0.25253820847041186,-0.07755984027170468,-0.22348866586154723,-0.07120680002035934,0.06079253367388961,-0.009618863856151991,-0.08186260220158526,0.010007542210932042,0.027858983791187182,0.026050241304478593,-0.13148294673718403,0.02858544214476418,-0.06005728378609734,-0.09919673140012122,0.002245542923509025,-0.002011873198313876,0.29903663293493804,0.3061725824437689,0.34127995483927687,0.411611765849054,0.10474789118856916,0.21136236390473678,0.2317490063252775,-0.018953159631125732,-0.01017411864869492,0.3759111962501793,-0.0007833719698126478,0.19320136777763897,-0.1008814669831619,0.132084935474766,0.0673551826094199,0.07263519297417602
#12,0.3076097669318008,0.4554611622408233,1.0,0.4877603335230454,0.20879986303715117,0.31758260571819896,0.09542192423548355,0.19858039858039858,0.05502482451634994,0.2651050125626397,0.1343957208363988,0.04895450149687438,0.1174410157461005,-0.25227214888231836,-0.07322468847892577,0.2817765377087411,0.6634887584040127,0.7496319123437768,-0.20964431303414355,0.027483261381566468,-0.2950961747571917,0.16525261779499067,-0.12999440118084185,0.16583100820388955,0.09170588153639,-0.0011169875576655238,0.0574263014940981,0.3100524253066626,0.008738785009971451,-0.008573133996862811,0.46865123983768053,0.08761504185232999,0.09729452102333458,0.31071456664677005,-0.30893775131063267,-0.15091686447618652,-0.42849984036424715,-0.17563079257994513,-0.3589245640093098,0.1435329011600198,-0.11574054794393777,-0.14235761184913728,-0.08103619798535053,-0.07328669193075973,-0.051460088748224345,-0.04662798391611951,-0.009521694267456979,0.12769749718902262,-0.11862370845421692,0.029327170005136106,0.1637034569237959,0.5051837662007154,0.3148239148239148,0.474519357570205,-0.24598712734305955,0.012833326392648427,-0.2822535941180009,-0.2946746438271862,-0.13877575572490827,-0.029260076717703837,-0.011704308314477807,0.03015958948162338,-0.4183400657976929,-0.22909164943063248,0.46823017162000213,0.40031880879338505,-0.2824567248296062,-0.012007384888740822,-0.3234109301905912,-0.3262630889749534,-0.06251983879102523,0.36759440488254047,-0.21383232230689858,0.023881508627271338,-0.4033398575771457,-0.09153005085208475,-0.2786495278020702,0.23286229218432608,0.17930241489563523,0.3642096642096642,-0.06103268137166442,-0.17383917044933994,0.006032380608651795,-0.0243261751736328,-0.1365200331302026,-0.10738766501478365,-0.115457830712068,-0.007054974851585021,-0.18833085782238324,-0.06035943493570612,-0.011513670835704735,-0.15477542257203275,-0.2062165401148452,-0.05865202644863662,-0.1298787230990621,0.6984563916767307,0.2500858331366806,0.6238199678877645,0.6187032949744814,0.3399880620219603,0.6591096489401574,0.6737563449427856,0.2650059921246362,0.24002692985743834,0.4156392139442987,0.1446346192108904,0.3701393226816956,-0.17335980047844454,0.10902289037882258,0.011205967138170528,-0.013289560747187866
#13,0.42776875488739896,0.38560409407867036,0.4877603335230454,1.0,0.2749973394041191,0.3130818029123114,0.21282407214610605,0.2503690130808775,0.16323658018573273,0.44403309318563555,0.23278363108871583,0.25134626151575307,0.24677605186079762,-0.17047756539281964,-0.09007528329562228,0.12784880411999056,0.4735814396831346,0.2956236668101075,0.024406687118551526,0.12584618516821908,-0.24811051421220912,-0.01183664404003387,-0.018230865688492807,-0.01786115853912464,-0.052002387595607935,-0.13042333550808127,0.09358356815983934,0.23041454397386602,0.16321344456937678,-0.010119518594094865,0.29978021164461843,0.26058708940064873,0.16924536246570146,0.4284457030219742,-0.0005830175321700745,0.06988483090178005,-0.13740427638732725,0.09706547842141063,-0.11017134237473221,0.18703017347085144,0.12861320488439132,-0.004795550558262422,0.18701629210103787,0.12962515674380082,0.13221819662497628,0.08422891304247236,0.197183470064826,0.13325374681306884,0.031002651341634394,-0.02739812231337655,0.13815942290518562,0.30405937524581594,0.224311368379165,0.2810810810810811,-0.18615194547397937,-0.056062225553750976,-0.33944946487319366,-0.21353849997917795,-0.07800173054410342,0.007650485616587312,0.006326202936372428,0.039392551256958036,-0.1612793070420189,-0.12102009559636678,0.31451945011267046,0.20972112328044532,0.03050569830230847,0.12120240425325171,-0.08907304839508229,-0.04556143200210997,-0.014270510880680373,0.19429753328058413,-0.25482909720197855,-0.1638390316356418,-0.3996316809876132,-0.13898073728582203,-0.3112638061790604,0.12483932314440789,0.1385443995613487,0.2637663858002841,-0.06988390547712582,-0.08071970275360106,0.0428934327239412,0.08645085763729832,-0.02969317545588732,-0.12489901303460625,-0.0773881739983435,0.2075921838633703,-0.039729405831100746,0.14745855254329832,0.12568654941536297,-0.1742088775987081,-0.12480878413081803,-0.13684578260849448,-0.056919631495902685,0.20700222564629345,-0.020977526062271826,0.41500390991916414,0.33644414830855507,0.17709157539666015,0.3793685827584133,0.362223702901669,0.1713706001841595,0.23214508807729148,0.3912292878394573,0.17681811241133275,0.3452981486879792,-0.13153893492876545,0.08817075935720003,0.006820379701735634,-0.007984101204440187
#17,0.4809654029993013,0.16881689085078916,0.20879986303715117,0.2749973394041191,1.0,0.36969002901206294,0.2826302419522759,0.3416607670844959,-0.07253709796082677,0.38698205138883107,0.5303627201932287,0.33663709934896374,0.36079392181087094,-0.21463466548212312,-0.2319738845162574,-0.0945876539096878,0.3757367537028554,0.13776519200248014,0.03230426111782044,0.011747340560899882,-0.2189161426449562,-0.09571158215226012,-0.13452250401402943,-0.018051333305570592,-0.0092098261589787,-0.07560534340195357,0.0025847110592873306,0.04535830129050468,0.10268743319590777,-0.07709990421854829,0.27186755322348544,-0.027177871245667857,0.1680867307985952,0.1975346687211094,-0.16918706071248443,-0.10850372714779495,-0.1116048251641472,0.06775542877237792,0.004031612506188777,0.21029534927840013,-0.11778712456678558,-0.06311072243275632,-0.008285326929394725,-0.07013700912005996,0.17899054678715695,0.07289662543899832,-0.06929857438332014,0.041158724209571666,-0.03639093639093639,-0.10634517414178431,-0.02541031015607287,0.18804721516585923,0.05662627188050917,0.038953437258522,-0.21310540124099447,-0.13072363580838156,-0.22156424529305885,-0.26091885413919313,0.07929316064909285,0.05045970469699283,0.08439363863092676,0.27405664524308593,-0.11777185505999066,-0.25045091316277757,0.16868409241290597,0.0379387091251498,0.08079697571222995,-0.05162944145994994,-0.1843408894256352,-0.05322070915291254,-0.08962182521504555,0.10994461333444384,-0.2214953011563181,-0.177739835366954,-0.2902043800348885,-0.09698172749020206,-0.12969826529148562,-0.0038488411369767303,0.20280496212699603,0.26045706723672823,-0.1129124502005858,0.20712345627599865,0.0414719804550313,0.005219857762230644,0.15020660105405867,-0.06594714899799646,0.07582466904500802,-0.00201511218460371,0.05027924688941638,-0.01535927298639163,0.082079151570677,-0.1575253219321016,-0.13826214504180606,-0.09261094684823498,-0.02658004691902997,-0.0009971450649416751,-0.04990167363048719,0.2924850890952586,0.05501279399584484,-0.02015574896930829,0.07470305436407132,0.3048145217636743,0.31888329006973076,0.4132567081719624,0.24914467626332032,0.2645775205097239,0.2440002406104101,0.09209733616513277,0.13318110097771116,0.09707103096933606,0.09890753619567179
#18,0.42652914856304686,0.046842682435902776,0.31758260571819896,0.3130818029123114,0.36969002901206294,1.0,-0.011954172971122124,0.4756645705798248,0.058621024722719635,0.12780068203797018,0.32661336220658255,0.4517525229389636,0.4003118681084783,-0.05928918132307963,-0.15897499965296574,-0.16271649153005086,0.3615014089590361,0.14977905486380064,-0.08543566679159899,0.008488920353327134,-0.1640319826760505,-0.11220727661405627,-0.16597121003900664,-0.1209187615967277,-0.22809450436569081,-0.34767047478911883,0.01576923610821916,-0.0222337900304002,0.2680603561959494,0.25998371252608543,0.31246593280491586,0.1582832447239227,0.23567835940717297,0.20812106405326744,-0.08518256314866485,0.05333222282374825,-0.11093019059120754,-0.09426699426699427,-0.18352651572990555,0.09561811426218206,-0.07400111976383163,-0.02172064205962511,0.0583730109153838,0.10623504860792997,0.03836995701402481,-0.13612580222749715,0.061233035809306995,0.16783085088169833,-0.0447558498405956,-0.021359263732145087,0.18574938574938574,0.28295414058125923,0.16213301128555366,0.2670479416242128,-0.16408519459366916,-0.07182729725102606,-0.3523207336766659,-0.44888555736013364,-0.18342842071655632,-0.18518765298426315,-0.0058139803902515766,0.047493255967832236,-0.2166715251461014,-0.38169047321589694,0.3157627581356395,0.2141377124427972,-0.09336331709213065,-0.17205633985295002,-0.2554829097201979,-0.15384583350685047,-0.0318915217220302,0.15208752666379785,-0.07267544894663538,-0.06242868446258277,-0.18579843325606038,-0.2902973852126394,-0.11024074922380007,-0.12670359111037077,0.09185163591943253,0.07522777014302438,0.18878894302623117,0.412967512967513,0.1691056233429115,0.24144653127703974,0.09076426195070263,-0.022794134658541437,-0.0857119060508891,0.05166090589819403,0.07977391875696961,0.1935484020229783,0.06212884687460959,-0.13671899943086382,-0.1835107835107835,-0.12170352170352171,-0.1503380113549605,0.1875766367291791,-0.24744559659813897,0.39235599235599233,0.14262552228653924,0.19581800598749752,0.45727823354942,0.5239620205721901,0.48369818200326675,0.26599295751838126,0.14254639847860187,0.21381936636173923,0.34590245098719674,-0.07492238000712577,0.0661030830522356,-0.10168658643234914,-0.14315949231203468
#26,0.21436490419541268,0.17326494445138513,0.09542192423548355,0.21282407214610605,0.2826302419522759,-0.011954172971122124,1.0,0.2480730345137125,-0.08033333796045661,0.2658620099298065,0.3084444999699237,0.2329307736087397,0.30644234373047935,0.09716866327035818,-0.04436670877348844,-0.05570963876048622,0.1260377480716464,-0.02134908406094847,0.13493709425912817,0.035803754447822245,-0.023604806655654113,0.026523133302794318,-0.18031436675504472,0.029959235043980806,-0.09485556434708978,-0.04188518256314867,-0.0011540045438350522,0.03452204130170232,0.1151963982472457,-0.04889157262038618,0.21621066366829078,-0.07813360355733237,0.045075121346307784,0.18223786189887886,0.09254570441011119,-0.11264962959878214,0.07869950073339904,0.04759551539212556,0.22778541253117524,0.2067394050444898,0.0001503815063137097,-0.05815970053258189,0.202257110731687,0.040032482405363765,0.1431909567502788,-0.02853361836412684,-0.06865123983768051,0.006342860580148716,0.04687322144949264,-0.07152422067676305,-0.06974231550502737,0.14520745707186386,0.017376236020303817,0.09160778652304076,-0.07253617253617253,-0.05788716297190873,-0.07164221232017842,-0.1924101296982653,0.049936377055021124,0.003103874290314968,0.022536866604663214,0.09694100880541559,-0.04266531554667148,0.042165586233382846,0.07200775505860252,0.16003738715603122,0.1221634577566781,0.4105678868390733,-0.06258323037984055,-0.15334240249494488,0.0028461435241096257,0.10906962432386161,-0.1176640430877719,-0.22502625892456402,-0.18077522823285536,-0.10124932328322159,-0.08929792658606218,-0.005074566091515244,0.2134306880069592,0.1738595297917332,-0.3199808437096573,0.051642860117436386,0.22193904227802533,-0.024583905939838144,0.045790011891706804,-0.04342508918780105,-0.01074371752337854,-0.12958166178505162,-0.11763119051254645,0.09412309073326022,-0.01583725482030567,-0.08835676971270191,0.03556221861306607,-0.04363284702267753,-0.056611927798368475,-0.03805022279598551,-0.1009638297773891,0.044305630746308715,0.013659267896556032,-0.15255717967582375,-0.020515276447479837,0.13159492312034685,0.07268192691921506,0.3189563986174156,0.10872397821550364,-0.05544543002170121,0.06704840433653993,0.03622621080248199,0.06411388275795056,0.06938787786245414,0.07711609914999745
#49,0.3963431844787777,0.03805392449460246,0.19858039858039858,0.2503690130808775,0.3416607670844959,0.4756645705798248,0.2480730345137125,1.0,-0.08987122715936276,0.2569196314959027,0.5217844963607675,0.49823243891040503,0.21410717342920732,0.00981690473215897,-0.07936349292281496,-0.1805901433020077,0.24666268734065344,0.06324675985692935,0.29483613042935075,0.07371793981963473,-0.20613556545759937,-0.04975082941184636,-0.1774580435597385,-0.1536487180554977,-0.1901409884460732,-0.2564712632509243,0.0727314371382168,0.005169422118574661,0.36186833983444155,-0.08812680168612372,0.14253483067042388,-0.10963876048621811,0.12631259919395513,0.15474118185982594,-0.049487546097715586,-0.1355025287228677,-0.05076972195616263,-0.08040413294650582,0.09087022307361291,0.07407515373617068,0.057806188314662894,-0.012343314038229292,0.1941901840206925,0.12864466932263544,0.11905541905541905,-0.15236746762170492,-0.14505938912718574,0.11882776459047646,-0.02896208997903913,-0.048032315828925996,0.18742532979821117,0.20411119902645328,0.13859159621871486,0.2705233739132044,-0.16203352813522304,0.025903561496781836,-0.42916105627970036,-0.5582161514364904,-0.2039085310271751,-0.20419865165627876,-0.1826751250480064,-0.07904560955408413,-0.14616619701365463,-0.32843691148775894,0.3702517617771855,0.1978493131035504,0.1806919400139739,0.1825978520893775,-0.23344901141511312,-0.29741066181744147,0.07715728054711106,-0.019532938177005972,0.059164248994757467,-0.2199044961756826,-0.17290356612390512,-0.382533535075908,-0.24527131137300628,-0.30086064492844156,0.21170523373913205,0.2317341995308097,0.0822970890767501,0.2001240069036679,0.01773622621080248,0.12086647510376324,0.046554412656107574,-0.09469454045725233,-0.17569742315505027,-0.082619136856425,-0.019896167353794472,0.2316541502982181,0.11559942068416644,-0.34747983731034576,-0.12246468348163263,-0.27610784898920493,-0.25771133228760346,0.10823350314875739,-0.3116293489174845,0.29532244108515293,0.03665190614343157,-0.015180203315796536,0.22325916054729614,0.3787975957467483,0.15456951558646473,0.3245052448442279,0.02506096234909794,0.12703026601331685,0.2147244316735842,-0.1919765682477547,-0.05553750977479791,-0.20166992878857284,-0.21643507914694354
#50,-0.1600105498410583,0.275692333319452,0.05502482451634994,0.16323658018573273,-0.07253709796082677,0.058621024722719635,-0.08033333796045661,-0.08987122715936276,1.0,0.06680871935109223,-0.03994364163855689,0.11086448544075662,0.04960229875484113,0.28857655806808347,0.07928298097789623,-0.09385749385749385,0.0005737632856276924,0.1211681635410449,-0.2910779809084894,-0.32723108316328653,-0.08821008990500516,-0.23034328627548967,0.04396044735027786,-0.00928293470666352,-0.01989154023052328,0.028628937103513375,-0.02435208706395147,-0.07636789331704585,0.05603400010179671,0.17255560645391155,0.010710864948153084,0.28357880222287,-0.04559474728966254,0.008649481530837463,0.22636396026226535,0.13665098071877732,-0.058685804448516316,0.032219584761957645,-0.17745064016250456,-0.16315005298056146,0.09940125024870787,0.0930158201344642,0.027489739354146135,-0.11195139669715941,-0.07434398959822688,-0.11749515308837342,0.08425112323417408,-0.003988580259766701,0.009508275609970526,-0.2313246991213093,-0.030281745535982823,0.12416700213310383,-0.04696345035328086,-0.04088803749820699,-0.1103915934424409,-0.10880263931111389,0.01859316944062707,-0.060724514961803096,-0.06994729706594113,-0.050307009629043525,0.2065802320039608,0.0313612533951517,0.07383176705210603,0.05115747488628845,-0.06458584933161204,-0.10474141321598948,0.1275522055183072,-0.06706089756937214,0.09447428938954362,0.04098798336086472,0.2062456909914537,0.05205328595159103,0.009243141446531277,0.11221421729896307,0.06713678239101968,0.037124335429420174,0.14282957842279875,0.15216433691009962,0.027290310341157798,0.014687877399741806,-0.003963593794102269,-0.08537690232605487,0.02750269529930547,-0.00022071378003581392,0.11850617952312868,0.1567942364552534,0.10846254575068134,-0.058905592803897885,0.1020780410610919,0.020201557489693083,-0.0424284068351865,0.16057089446919956,-0.06337076676059727,0.09316527621612368,0.15389210473956236,0.03178278432515721,-0.08701860566267346,0.14045308791071504,0.09119319627794203,0.08360054970224462,0.1502574994100418,0.0070577511255477355,-0.021941355839660923,-0.2616855684652295,0.09859289181323079,-0.0994188333171384,-0.03052605764470171,0.17712350254723136,-0.051770106007394144,0.10787906550618415,0.10786148243775362
#51,0.5038715140410056,0.3609012710707626,0.2651050125626397,0.44403309318563555,0.38698205138883107,0.12780068203797018,0.2658620099298065,0.2569196314959027,0.06680871935109223,1.0,0.5490863745101033,0.07107770328109311,0.17670104619257163,-0.20210441566373769,-0.007214610604441113,0.0842006875905181,0.5345104734935243,0.20947588574707218,0.2083158659429846,0.03989551955653651,-0.1333060333060333,0.00985854884159969,0.062165401148451996,-0.07011202265439553,0.027261159464549295,0.057082968947375724,0.18040181938487024,0.11432557364760755,0.10730669035753782,-0.20698371715320868,0.07102402865114729,0.18587755706399775,0.20355363067227475,0.2313029516419347,-0.04903131174317615,-0.007885543478763819,-0.05105660359897648,0.039750690598148224,0.005483603788688535,0.1541248490401033,-0.03707389978576419,-0.05533576720017398,0.16786000175830684,0.01264546518783807,0.19701781905171736,0.08089830971186904,0.12060689348824942,0.021941355839660923,0.11376152732084935,-0.11405164794995304,0.05391015052032001,0.0798877459894409,0.20784066038303325,0.14043180314366754,-0.051919099376726494,0.1229579348223416,-0.14729799136578797,-0.14638691079369046,0.04471096674486505,-0.012554310859395606,0.04052665917072697,0.0869903802107192,-0.11217488675115794,-0.1427846953270682,0.24055581004733548,0.031204856628585444,0.009994123553445587,0.04131373283915657,-0.0404475353627896,-0.10030400199891726,-0.05680904324972121,0.09152311016717797,-0.2827602641161963,-0.15757529486343044,-0.2693559507118829,-0.0923689483011517,-0.22048890184483405,0.09272199780674358,0.14699676564083344,0.3000869899174984,-0.13732283901775427,-0.05106724598250022,-0.04350421299573842,-0.12592669711313778,0.12117371608897033,-0.17447817617309141,0.02532655922486431,0.00622162995044351,-0.12090626836389548,-0.025649532429193447,0.0676434523892151,-0.23777537167367677,-0.08851177834228682,-0.15051800645020985,-0.04011669604889944,0.13142788397025684,0.10825016079253368,0.29509802560650017,0.09404350421299573,0.06490234456336151,0.08098298606773183,0.11724713928103758,0.09548624124895311,0.1384884113697673,0.2808043791094639,0.1690598148225267,0.2552362840498434,-0.05177612126764669,0.16138665630191054,0.0946528963478116,0.10713965120744781
#52,0.5520500469653012,0.2226816955630515,0.1343957208363988,0.23278363108871583,0.5303627201932287,0.32661336220658255,0.3084444999699237,0.5217844963607675,-0.03994364163855689,0.5490863745101033,1.0,0.3059356737322839,0.30341296612483054,-0.11400028688164282,-0.0544038645733561,-0.21754929043064636,0.3887172226155277,0.08076458584933162,0.23113313621788198,0.009177436296080364,-0.09167765608443575,-0.04092042736110533,-0.05967924781484103,-0.07013006843515318,-0.055894260979006745,-0.037879944659605674,0.12352984725866081,0.04491687373043305,0.2180124654700926,-0.032110847365084655,0.26058986567461145,-0.04754785602243229,0.14456289880018694,0.12603312094837518,-0.02470467385721623,-0.037959531179870165,0.08202547694073117,-0.009058056515683635,0.10241304478592614,0.19716542428406836,-0.05177889754160941,-0.05140271241966157,0.1948416829772762,0.07311780193136125,0.18744800270224,0.06489216489216489,-0.07543182627928391,0.175249517622399,0.08755535196213163,-0.02745596135426644,0.10896597676258693,0.23876835232767435,0.19599985193205532,0.0947181387859354,0.005769097294521023,0.021463374005746886,-0.29311900498341176,-0.36687211093990757,-0.07958790840146772,-0.01978280283365029,-0.13000411813971136,0.017951387442912865,-0.18839332398654432,-0.2503093231906791,0.2088516868177885,0.0660716186139915,0.02853870819972515,0.06632194598296293,-0.13065607980862218,-0.22940999551169042,-0.060331672196078975,0.020644835899073188,-0.22949606000453457,-0.22633203311169414,-0.22110384652757534,-0.22504014029437758,-0.2202626355168728,-0.19422627558220779,0.23872624550590651,0.22846328609040473,-0.09222319391810917,0.305435018994341,0.088046289741205,0.06176006514989566,0.059328511870884754,-0.22426463443412595,-0.06347719059583466,-0.07819699514614768,0.06027799756613316,0.1313612533951517,0.10777958235585354,-0.2239240781613663,-0.053589028165299354,-0.2517645534594687,-0.14245894584877636,0.10114706385892827,-0.06924582517802856,0.19597162648010105,0.07284295080905251,-0.025056335225826752,0.061595339561441254,0.23220477796748984,0.24756543909086282,0.4018906425686087,0.19190577326170546,0.20875590536607486,0.22752351735402582,-0.09315278298329145,0.05904486921436074,-0.11063821911279538,-0.057176436837453784
#53,0.1934590985438443,0.062195014737387616,0.04895450149687438,0.25134626151575307,0.33663709934896374,0.4517525229389636,0.2329307736087397,0.49823243891040503,0.11086448544075662,0.07107770328109311,0.3059356737322839,1.0,0.4854398312025431,0.2036202612473799,-0.16912505726065047,-0.28582897226965026,0.11208743412133243,-0.10124608429693176,0.00045345808057672466,-0.03378632870158294,-0.17341532595769885,-0.07012775487351759,-0.1381173160834178,-0.053753753753753755,-0.18602978941961992,-0.19719642600998533,-0.08952558105100478,-0.20407048034166678,0.3841622824673672,-0.01125177565855532,0.26288306796781374,-0.10976646908850299,0.0030539013589861047,0.08804582702887788,0.1391375967647154,0.012985558748270613,-0.030601017041695006,-0.04892720146957435,-0.00673940504448979,0.12785852107886006,0.03801737022076005,0.03369609979779471,0.21962871962871963,0.14171120272815188,0.15889263685873856,-0.15050828949134035,-0.16008319567641602,0.011010702536126266,0.019899406340084306,-0.11789401111435009,0.05521870098141284,0.1997307014256167,0.06573615217683014,0.12612103629052782,-0.17196842451079739,-0.14792728013066997,-0.2723298028382774,-0.4541225354784677,-0.08481146786231532,-0.14591216794606626,0.06371271117033829,0.042430720396822094,-0.013061443569918146,-0.31097553639926523,0.26794606625115097,0.12178680992240314,0.29254986882105527,0.1074927007130397,-0.21971987395716208,-0.16321113100774118,-0.013844352827403674,-0.06493057001531578,0.03790122942665316,-0.05671557535964316,-0.10919316851520242,-0.18489984591679506,-0.05183905014413489,-0.19706547842141062,0.13874058958804722,0.07529393800580242,0.12592160727753948,0.3505161556009014,0.2929880573948371,0.4038872462601276,0.20732658698760395,0.13861611997205217,0.017463688650129327,-0.03690547249869284,0.13530680140849632,0.44924971196157637,0.3253501575535474,-0.013574128828366117,-0.0911293419767996,0.04014168251456387,-0.06205388747761629,-0.10233392097798877,-0.3678479712378017,0.1056376869936192,-0.0011475265712553849,-0.04266855453296131,0.14149974319465844,0.3466159533956144,0.026365811111573823,0.2594788933771985,0.01883007815211205,0.023643211778805,0.09304774728503543,-0.028721479568937197,-0.08598027920061818,0.03613551918636664,0.004539207929038437
#54,0.28212357195408044,0.027630866613917462,0.1174410157461005,0.24677605186079762,0.36079392181087094,0.4003118681084783,0.30644234373047935,0.21410717342920732,0.04960229875484113,0.17670104619257163,0.30341296612483054,0.4854398312025431,1.0,0.11339135745915407,-0.17987756631824428,-0.181166220149271,0.27724473317693654,-0.1911224012918928,-0.012822221296797567,0.08001823086568849,-0.047421535557128774,0.01715135782932393,-0.18621487435046757,-0.08610567424126746,-0.19254709254709254,-0.21679738289907782,0.014866947070336901,-0.08907536195671789,0.3569177806465942,0.24686628076458586,0.4115835403970997,0.09242169750644327,0.12591050218168862,0.12663464697363003,0.24376749630986919,0.1763475339746526,0.135989302090997,0.030246579399121773,-0.04868011308689275,0.19602992823331805,-0.03739641027776621,-0.06984503764164782,0.23459283628775154,0.28335901386748846,0.22081094962450895,0.0024209108954871667,-0.07209011785282972,0.0703919636123026,0.017045859418740775,0.09501057297667467,0.18628659476117104,0.2267068300966606,0.2233021927937182,0.1940088007884618,-0.13825798063086198,-0.10336715760444574,-0.3468028891757705,-0.2657500335466437,-0.09069392967698052,-0.06893488249420453,-0.09847999000541373,0.06546962987640954,-0.21992161653178602,-0.3246250873369517,0.1937644886797429,0.16936196597213546,-0.23723214740163892,-0.1398367550909924,-0.24386142691227436,-0.06566813346474364,-0.13467751264361433,0.03692074200548777,-0.21744009032144626,-0.15603908993739501,-0.2472739303247778,-0.2653109195482077,-0.2170393814461611,-0.133359245223652,-0.01711526626780864,-0.07348750908072942,0.026618914754507974,0.4034319373302424,0.7945492487865369,0.4272278441769967,0.03230981366574587,-0.14011993503518927,-0.017378086869612293,-0.05333129739909401,0.05837624990167363,0.21826556911302675,0.2597676258693208,-0.09820375074612363,-0.033199146758468794,0.06110764076865772,-0.12507114202029457,-0.007633365260483905,-0.2597042342805055,0.07244918261867414,-0.001638001638001638,-0.13576164762605442,0.13251572065131387,0.3548355751745582,0.37452953724140164,0.24172230782400275,-0.0335188809765081,0.04861024352549776,0.05433029331334416,-0.14363469787198602,0.03992976026874332,-0.07909511977308588,-0.04784306648713428
#58,-0.32637876705673313,-0.08317207808733232,-0.25227214888231836,-0.17047756539281964,-0.21463466548212312,-0.05928918132307963,0.09716866327035818,0.00981690473215897,0.28857655806808347,-0.20210441566373769,-0.11400028688164282,0.2036202612473799,0.11339135745915407,1.0,0.14899845916795068,-0.18314801704632214,-0.3218043929908337,-0.3027290773053485,0.051814526390797574,-0.17718967041000938,0.032263542433033955,-0.17460310850141358,-0.07183007352498878,0.01310123683005039,-0.05751282869926938,0.054198883012442335,-0.015988099038946497,-0.1740367486130198,0.21145074195921654,0.1962756284790183,-0.13081571556147828,-0.06500645483696331,-0.07140854259498328,-0.22659439100117065,0.27523933795120237,0.005117598337937321,0.21969257392986208,-0.0670595094323908,-0.07042527889985517,-0.24866067916915374,0.18490354761541203,0.18747807900350275,0.12002109968211663,0.029052781595154478,-0.036312275295326144,-0.1555860945691454,-0.06773183044369485,-0.021403221403221404,0.13220755424145256,-0.18533016838101585,0.04045031163675231,-0.1488971251683116,-0.17526848882781088,-0.25825316842265994,-0.0830406677864305,-0.20569552603450908,0.09067958559483984,-0.10177912889777296,-0.13501251636844858,-0.19843140521106623,0.0030654691671640824,-0.2128421179268637,0.2859395605158317,0.203985803985804,-0.1342430257684495,0.04167742472827218,0.3779165914759135,0.16576761661507425,0.146097715589241,0.15520296876229078,0.35424793051911696,-0.05820504634063956,0.2656704470263792,0.2911261029905098,0.3593886644734102,0.11061276993480383,0.2272856832178866,-0.20789849942392316,0.05063414724431674,-0.08850992749297834,-0.032129355858169416,0.09107659277150802,0.20359990190498664,0.15206624189675036,0.078780938102972,0.15642915642915642,-0.06740885723936571,-0.11632217733912649,0.1185769745091779,0.28705932434745995,0.17081673352859794,0.13351703012719962,0.01848998459167951,0.0571815266730521,-0.0033273643443134967,-0.21245667855837347,-0.23321256541595525,-0.19207929038437513,-0.21710601202126625,0.025313603279704975,-0.15407348797179304,-0.167336211404008,-0.11670622857063535,-0.255669845500354,-0.1770295719448262,-0.1192719684245108,-0.2056492548017972,0.09281546569682163,-0.2911492386068657,-0.10967994188333172,-0.10338242711124067
#101,-0.33394411360513054,-0.09896028540096337,-0.07322468847892577,-0.09007528329562228,-0.2319738845162574,-0.15897499965296574,-0.04436670877348844,-0.07936349292281496,0.07928298097789623,-0.007214610604441113,-0.0544038645733561,-0.16912505726065047,-0.17987756631824428,0.14899845916795068,1.0,0.3493987053309087,-0.015710934355002152,-0.04167649930361795,0.146276322547509,0.21543747136967475,0.6635433584586127,0.10000416441094408,0.28993878315912214,0.11478180800214699,0.11935525664339224,-0.06390381136143848,0.08164744096947486,-0.34612316476723254,-0.03954108191396327,-0.09691972403836811,-0.08889768042310416,0.04274258850530037,0.1312400227654465,0.1264180976045383,-0.14258989343735107,-0.2287071354867965,0.2764007458922713,-0.0519968350476825,0.36723025028109774,0.17031978048927202,0.1350300994368791,-0.11844602692060319,0.34099677489507996,0.24069554917012545,0.20595048052675172,0.08440011660350644,-0.04004405021354174,-0.23000781983832833,0.10433052466950772,-0.004837194667703142,0.05720049787846398,-0.08562399070873647,0.245312955482447,0.1383408061374163,0.5196421382862061,0.2435713062831707,0.02374639662775256,-0.12100852778818881,-0.3535635789873078,-0.30608929422488745,-0.298908461620326,-0.49128203704474893,0.08072988242479769,0.22212412720887298,-0.3367930334032029,0.035073594395628294,0.0010933892289824493,0.21211658499794092,0.28831373746627986,0.09030802759616319,0.12454226183039742,-0.16346469736300245,0.43873411161546755,0.15043101653271146,0.32104878376064816,-0.09338645270848661,-0.030570015315778028,-0.4417704299060231,0.2502450061772096,0.0026027568400449758,0.13514531480633177,-0.07767551835348445,-0.07896370947218405,-0.044122396664769546,-0.01187319831387628,-0.2684272870713549,-0.43670234178708756,-0.09297417602502349,-0.24865003678563,0.16678650915939053,0.054288186491576323,-0.26035110611381795,-0.17975541026388484,-0.40999088456715577,-0.35980140386920045,0.14003155698070952,-0.037905856549924344,-0.18865475645136662,-0.18513259021733597,-0.023405840354992897,-0.17474469847351204,0.011263343466733296,-0.0028803842363164397,-0.156718814345933,0.057902895191030784,-0.01969072308055359,0.08179967332509705,-0.18201575998186167,-0.1797618882364645,-0.39566438549489397,-0.4274869630801834
#102,-0.16496388530286835,0.27601021668818276,0.2817765377087411,0.12784880411999056,-0.0945876539096878,-0.16271649153005086,-0.05570963876048622,-0.1805901433020077,-0.09385749385749385,0.0842006875905181,-0.21754929043064636,-0.28582897226965026,-0.181166220149271,-0.18314801704632214,0.3493987053309087,1.0,0.2496425547273005,0.4050472660642152,0.04494278562075172,0.41500668619312686,0.2450899281407756,0.6411226326480564,0.1511852376259156,0.18800973546736258,0.2533849720290398,0.1865498780753018,-0.005661285322302271,0.015906198957046414,-0.11393319359421054,0.008885927529995327,0.1411980547573768,0.1704428619682857,0.02185621677147101,0.1818806479823429,-0.17623000504356437,-0.14712308610613695,0.011301748589884184,0.32484117399371637,0.11963010776570099,0.35423543728628476,-0.03512726902557411,-0.017852829717236497,-0.10857405942151704,0.20278876719554687,-0.0892063095452926,0.1848984577798137,0.04664279071058732,-0.2980172776782946,-0.21099034319373303,0.21263759907827703,-0.09597902987733496,-0.02440946339251424,0.19657454064233726,0.3771660720813263,0.1762188999477135,0.4746521560080882,-0.09678461203884933,0.1938028938028938,-0.16245922347617262,-0.08864689034180559,-0.11927844639709047,-0.20035258679326476,-0.32018628798289817,0.06443176612668138,-0.03075556295895279,0.1325693952812597,-0.18407159085125188,0.17501862417116654,0.1587630774071452,0.11472258082427574,-0.05190660614389428,0.2325916054729614,0.11350749825326097,0.045517474331033654,-0.14100880541558508,-0.08450052517849128,-0.15523304506355354,-0.08616814040542854,0.2190614343156716,0.27180554977165144,0.042849475052864884,-0.29830138304714576,-0.11112360434394333,-0.11249693453083284,-0.18298144060855925,-0.2308041477533003,-0.28510343934072746,-0.05977641740353605,-0.25687197212620944,-0.194413674074691,-0.028913042472364505,-0.2530305343864666,-0.20504263894094402,-0.17791890503754912,-0.2092870991176076,0.3654275230546417,0.428483645432798,0.10399968535561756,0.12710059828703896,0.0023205023205023203,-0.04876756571671826,0.1323463679395883,0.02724820351938996,-0.0062757672927164455,0.20261201108658736,-0.09838837296464416,-0.001533891364399839,-0.2418185519880435,-0.12441270237880407,-0.1145689603316722,-0.173489822642365
#201,0.5931523202709643,0.457188930070286,0.6634887584040127,0.4735814396831346,0.3757367537028554,0.3615014089590361,0.1260377480716464,0.24666268734065344,0.0005737632856276924,0.5345104734935243,0.3887172226155277,0.11208743412133243,0.27724473317693654,-0.3218043929908337,-0.015710934355002152,0.2496425547273005,1.0,0.5772118806017111,0.014975221754882771,0.07851534122720563,-0.19224077698653969,0.2049283489961456,-0.03010175044073349,-0.10571912436319215,-0.07318582064344777,-0.08310035767662886,0.1072118343304784,0.21491599457701152,0.2065917998121388,0.009375477172087341,0.3645122780716001,0.188182327165378,0.2524030964708931,0.3053540443370952,-0.1281694637626841,0.05854791617503482,-0.18002146985197834,-0.0032389862898337474,-0.23182211487296234,0.2676850964986558,-0.0013936895292827496,-0.05242762022423039,-0.021602650416209738,0.05109778499609008,0.019609748423307746,-0.07438748455697608,0.04473271422423965,0.0699560886001564,-0.1033805762619322,0.046239768273666576,0.1554181299944012,0.30568534636331246,0.33859067079406063,0.45679701272921613,-0.10966420966420966,0.2272449645331001,-0.3211006075412855,-0.27870135158270753,-0.1414789211399381,-0.009022890378822581,-0.10352077809704928,0.06521097368554996,-0.49665135088863904,-0.3144643873457433,0.43325606037470443,0.1556656810894099,-0.2826408843357996,-0.14884946579861835,-0.11078767519445486,-0.18496925276586293,-0.06336845319896167,0.3156507817524767,-0.28738229755178907,-0.05528209257022816,-0.4125927159825465,-0.1281477162833095,-0.30258193478532464,0.09349842909164943,0.19099052827866386,0.29643850321816423,0.04749603224179495,-0.03902747123086106,0.07373182118944831,0.08310822378618989,-0.10663760833252359,-0.29146712197559654,-0.12819583836532988,-0.06558206897189948,-0.13458173119190067,-0.08439271320627253,-0.04108191396326989,-0.28340250882623763,-0.3046275859835182,-0.159073094666315,-0.23890115076555754,0.5709393522952845,0.20643817931953526,0.5778208100241998,0.35292318512657495,0.3040297616568803,0.41786624837472297,0.6016398524873101,0.39014792913097995,0.35229389636169295,0.3806910145893197,0.2786999634457262,0.3633587362400922,-0.1618799076426195,0.2694156406020813,-0.05462226479175632,-0.0726976591383371
