,#10,#11,#12,#13,#17,#18,#26,#49,#50,#51,#52,#53,#54,#58,#101,#102,#201,#202,#301,#302,#401,#402,#501,#502,#601,#602,#701,#702,#801,#802,#901,#902,#1001,#1002,#1101,#1102,#1201,#1202,#1301,#1302,#1401,#1402,#1501,#1502,#1601,#1602,#1701,#1702,#1801,#1802,#1901,#1902,#2001,#2002,#2101,#2102,#2201,#2202,#2301,#2302,#2401,#2402,#2501,#2502,#2601,#2602,#2701,#2702,#2801,#2802,#2901,#2902,#3001,#3002,#3101,#3102,#3201,#3202,#3301,#3302,#3401,#3402,#3455,#3501,#3502,#3601,#3602,#3701,#3702,#3801,#3802,#3901,#3902,#4001,#4002,#4101,#4102,#4201,#4202,#4301,#4302,#4401,#4402,#4501,#4502,#4601,#4602,#4701,#4702,#4801,#4802
#10,1.0,0.36969976550186445,0.2973205704839888,0.2809133894591166,0.10525506477530465,0.27017260600468995,-0.07969092376888479,0.5686848883250682,0.0685272748241264,0.5717064544650752,0.3383462115096298,0.11348172067812248,-0.25611809479875447,-0.3742052050897628,-0.23550532426094645,-0.14006842732479913,0.5978549186944989,0.23785799407988314,-0.004689962710952216,-0.15520701187867605,-0.2966901164802214,-0.07871448890939146,0.12931226694345135,0.1760504363203014,0.29010879175796717,0.2653903817322108,-0.1745511859454888,-0.05312728251258986,-0.03937262138161688,-0.157736516357206,0.17967939107369393,0.08521124053357937,0.3724983662015146,0.2741398531503479,0.1023488255872064,-0.10087264060277554,0.07711528850959136,0.1470187982931611,0.3950178756775458,0.2555337715757506,,-0.2750855341559989,-0.07620036135778264,-0.09784338599930804,-0.05767885288125168,-0.1858147849152347,0.10182601007188713,-0.2362357282897013,-0.26949602122015914,-0.27971398915926654,-0.00361357782647138,-0.0007073386383731211,0.27871448890939143,0.37779571752585245,0.21014877176796218,0.4359205012878176,-0.12934302079729365,-0.04526967285587975,0.033183408295852077,0.1011571137508169,0.20897243685849384,0.38375427670779994,-0.2194902548725637,-0.29813554761080996,-0.08239726290700804,0.06933456348748702,-0.36654749548302773,-0.23299119670933763,0.10717718064044901,-0.10527813016568639,0.3256910006535194,0.2574481989774344,-0.08987813785414984,0.05553377157575059,-0.11550378656825433,0.05243532080113789,-0.06853496328758697,0.0932995040941068,-0.19939261138661438,-0.05755583746588244,0.00991811786414485,-0.17525083612040135,-0.10606235343866528,0.20807288663360626,-0.05520316764694576,0.0049436820051512705,0.2176219582516434,-0.31559604812978126,-0.010740783454426632,-0.08920924153307962,-0.022434936377964863,-0.04490831507323261,0.019451812555260833,0.11262061277053781,0.15155499173490178,0.4084111790258717,0.3096451774112943,0.49279975396916925,0.414500442086649,0.17108368892476838,0.14159843155345403,0.27719217314419714,0.22754007611578825,0.31462730173374853,0.46488294314381273,0.282197362857033,0.3754430477069158,0.17295967400914927,0.3149963479798562,0.030108022911621114,0.13030407872986582
#11,0.36969976550186445,1.0,0.2782378041748357,0.362649444508515,0.14644985199707838,0.3303502095106293,0.16404874485834006,0.18388498058662975,0.08015992003998001,0.34817206781224774,0.2410640833429439,-0.05660246799677084,0.054672663668165915,-0.008357359781647637,-0.04217891054472764,0.1734594241340868,0.24731480413639334,0.17963326029293045,-0.04744550801522316,-0.10177219082766309,-0.32253873063468264,0.005489562910852266,0.15305424210971438,0.24160227578518434,0.17384384730711566,0.21100987967554685,-0.04730711567293276,-0.0008534194441240918,0.1853688540345212,0.13492484526967286,0.13917656556337216,0.03265290431707223,0.1895898204743782,0.3541383154576558,0.2656825433437128,-0.00017683465959328028,0.11780263714296697,0.27104909083919576,0.25984699957713453,0.19239610963748896,,-0.06484450082650982,-0.010340983354476608,-0.023711221312420712,-0.08111328950909161,0.03699688617229847,0.08056740860339061,-0.07129512166993426,-0.25914734940222195,-0.30713873832314614,-0.010356360281397763,0.03893437896436397,0.1923115365394226,0.311744127936032,0.03262215046322992,0.1606350670818437,-0.18504593856917695,-0.1240918002537193,-0.008418867489332257,-0.009656710106485219,0.008518817514319764,0.12183908045977011,-0.04327067235612963,-0.06787375542997733,0.09037788797908738,0.09297658862876254,-0.08572636758543806,0.04826048514204436,0.17429746665128973,0.07656171914042978,0.2424249413754661,0.4137469726675124,-0.04659208857109907,0.10663898819820859,-0.09501403144581555,0.025787106446776613,-0.034459693230307925,-0.04252489140045362,0.09134663437512013,0.16218813670088034,-0.07402452619843924,-0.01116364894475839,-0.13830008072886635,-0.045846307615423056,-0.16516357206012378,-0.21739130434782608,-0.03793487871448891,-0.14359743205320416,0.09419136585553377,0.0059124284011840235,0.003490562411102141,-0.06592857417445123,-0.005220466689732057,-0.07396301849075462,-0.003482873947641564,0.230146465228924,0.1628185907046477,0.17205243532080114,0.2991119824703033,0.057786491369699766,0.26409871987083383,0.14561180947987545,0.20890324068734864,0.04403183023872679,0.211225156652443,0.14596547879906202,0.2889017029946565,-0.07992157767270211,-0.05931649559835467,-0.1961865221235536,0.026809672087033408
#12,0.2973205704839888,0.2782378041748357,1.0,0.5485718679121977,0.027401683773497866,0.337523545919348,0.2203821166339907,-0.15108599546380655,0.036151155191634955,0.4318225502633299,0.09715911275131665,-0.2547341713758505,-0.020651212855110908,0.035789797408987814,-0.07173336408718718,0.1679852381501557,0.39444124091800253,0.6930304078729865,-0.3786260715795948,-0.22138930534732634,-0.19793180332910468,0.024180217583515934,0.15558374658824434,0.3137123745819398,0.24391650328681813,0.40339830084957523,0.19498712182370354,0.37609656710106487,0.03743512858955138,-0.13112674432014762,0.15846692038596086,0.2261945950101872,0.49280744243262986,0.4114942528735632,0.0909160804213278,-0.06923461346249953,0.12913543228385807,0.3320186060815746,0.2268788682581786,0.3152654442009764,,0.020005381924422406,-0.20933379464114096,0.013224157152193133,0.14407411678775997,0.10710798446930381,0.42666359128128245,0.1479029715911275,-0.05138200130703879,-0.14139084304001845,0.15376926921154807,0.25528005228155154,0.2855956637066082,0.3437896436397186,0.00861876753930727,0.25138968977049936,-0.1660784992119325,-0.2717256756237266,0.030238726790450927,-0.016053511705685617,-0.02507207934494291,0.24705339637873372,-0.12794372044746857,0.007011878676046592,-0.11061392380732711,0.22924691500403643,0.057947949102371894,0.2383423672778995,0.26655133971475803,0.3580440548956291,0.24618460000768846,0.42911621112520665,-0.22705570291777188,-0.004536193441740668,-0.29372236958443854,-0.013839234229039326,-0.2674662668665667,-0.10370199515626802,0.06276861569215392,0.18639141967477799,-0.15802098950524737,-0.19058932072425325,-0.3132280013839234,-0.14372813593203398,-0.16008149771268212,-0.20448237419751664,0.01729135432283858,0.013431745665628724,-0.1391304347826087,-0.23898050974512744,-0.04290931457348249,-0.13484796063506707,-0.01732979664014147,0.03152270018836736,0.08051358935916657,0.3836312612924307,0.3295352323838081,0.5271287433206474,0.7610733094990966,0.3668550340214508,0.4859262676354131,0.5401606888863261,0.45805558759082,0.27742282704801446,0.2720562795525314,0.23937262138161688,0.45350401722215816,-0.1946642063583593,0.020320608926306077,-0.0336524045669473,0.03462883942644063
#13,0.2809133894591166,0.362649444508515,0.5485718679121977,1.0,0.038134778764463924,0.24575404605389614,-0.018406181524622305,-0.00417483565909353,-0.12952754392034752,0.4301772190827663,0.11002191212086264,-0.21382385730211817,-0.24020297543535923,-0.2521585361165571,-0.08012147772267712,0.08306615922807827,0.20779610194902548,0.33941490793065004,-0.18753700073040402,-0.08362741706070041,-0.14578095567600816,0.21061007957559683,0.13355629877369007,0.4590397109137739,0.323661246299927,0.5356091185176642,0.2118094798754469,0.4052819743974167,-0.022581017183715836,-0.12172375350786145,-0.09579825471879445,0.06098489216929997,0.39786260715795946,0.4464075654480452,0.2496444085649483,-0.14976357974858726,0.04141775266213047,0.3351554991734902,0.30907623111521165,0.4002152769768962,,0.1399838542267328,-0.10825356552492985,-0.08853265674854881,-0.24027217160650444,-0.1501172490677738,0.3416522507976781,0.06810440933379464,-0.10763079998462308,-0.22474916387959867,-0.04436243416753162,0.14452773613193404,0.21673009649021643,0.2667281743743513,-0.13267981393918427,0.22880867258678353,0.005158958982047438,-0.21692999654019143,0.20330603928804827,0.1411371237458194,0.1717602737092992,0.40366739707069543,-0.1907815323107677,-0.011109829700534347,-0.11823319109675931,0.2953138815207781,-0.026440625840925693,0.1139122746319148,0.09950409410679276,0.00900319071233614,0.20250643908814822,0.33447122592549877,-0.44009533694691116,-0.23139199630953755,-0.35894360512051665,-0.06518279321877522,-0.14446622842424942,0.07403990312536039,-0.01889824318609926,0.15322338830584709,-0.03798100949525238,-0.04586168454234421,-0.05577980240648906,-0.03267596970745396,-0.16282627916810824,-0.19968477299811632,0.124806827355553,0.005066697420520509,-0.0027370929919655557,-0.04397801099450275,-0.04915234690347134,0.04177911044477761,-0.07242532579863914,0.0062045900126859645,0.09225387306346827,0.10026525198938992,0.23907277130665436,0.4059508707184869,0.5380848037519702,0.23023103832699035,0.48814823357551995,0.15174720332141622,0.2211970937608119,0.35132433783108447,0.33386383731211317,0.36670895321569985,0.4393418675277746,0.07814554261330874,-0.06918848268173605,-0.07204859108907084,0.08873255679852382
#17,0.10525506477530465,0.14644985199707838,0.027401683773497866,0.038134778764463924,1.0,0.5494560412101641,-0.15928958597624265,0.1820089955022489,0.39498712182370355,-0.11821781416983816,0.12013993003498251,0.5845538769077,0.3028947064929074,-0.05152039364932918,0.2502902394956368,-0.15804405489562912,0.11499634797985622,0.2102102794756468,0.0221504632299235,-0.18648368123630493,-0.1790720024603083,-0.015123207626955753,0.43428285857071464,0.3045169722830892,0.1482873947641564,0.09640564333218006,-0.0947603121516165,0.19681697612732096,0.072063968015992,0.12316149617498943,0.3388844039518702,0.2678737554299773,0.4233191096759313,0.24643063083842695,0.2786376042747857,0.46634375120132243,0.5781570753084996,0.2739707069542152,0.31086764310152615,0.21977472802060508,,0.1520547418598393,0.467297120670434,0.3989389920424403,0.3785953177257525,0.2263406758159382,0.3095759812401492,0.19903125360396726,-0.2035366931918656,-0.2361357782647138,-0.0792449928881713,0.020512820512820513,-0.384353976857725,-0.14942528735632185,-0.3192480682735555,-0.15332333833083459,-0.38749086994964055,-0.12432245415753662,-0.04496982278091723,-0.15978933610118018,-0.19739361088686427,-0.11558835966632068,0.37210625456502516,0.10916849267673856,-0.10291777188328913,-0.14220582016683966,0.3201937492792066,0.2478683735055549,0.13336408718717566,-0.12341521546918849,0.035251604966747396,-0.15325414215968938,0.08008303540537423,-0.018083266059278052,-0.1934340522046669,-0.4412409180025372,-0.4072579095067851,-0.30018067889132355,0.21969784338599932,0.18246261484642295,0.48031368930919155,0.36027370929919655,-0.011517318263944951,0.4269173105754815,0.5969015492253873,-0.12489140045361935,-0.22714027601583822,0.044485449582900856,-0.07387844539268827,0.4297389766655134,0.4560488986276093,0.21801406988813285,-0.02135086303002345,-0.2732941221696844,-0.36513281820628146,-0.043993387921423904,0.10490908391957868,0.19288048283550532,0.10344058739860838,0.2359589436051205,-0.014069888132856648,0.4074193672394572,0.328681812939684,0.13706992657517394,0.11599584822973129,0.31369699765501863,0.1581824472379195,-0.2678814438934379,-0.18090185676392573,-0.20896474839503326,-0.2742551801022566
#18,0.27017260600468995,0.3303502095106293,0.337523545919348,0.24575404605389614,0.5494560412101641,1.0,0.13341021796793912,0.2991196709337639,0.2882251182101257,0.22627916810825358,0.23136124245569523,0.3539691692615231,0.43937262138161687,0.14989428362741705,0.2814285165109753,0.1541998231653404,0.41017183715834393,0.5128589551378157,-0.01773728520355207,-0.1812555260831123,-0.3664475454580402,0.09852765924729942,0.5559451043708915,0.7035943566678199,0.3190558566870411,0.43549763579748585,-0.05975473801560758,0.1294583477492023,0.47273286433706224,0.33833083458270863,0.5235228539576365,0.34173682389574445,0.5419059700918771,0.5811171337408219,0.29590589320724253,0.45194325913966094,0.6619997693460962,0.5447891438895937,0.5692845884749933,0.47052627532387653,,0.2095567600814977,0.32639065082843194,0.38031753354092185,0.34317456656287243,0.23952639065082842,0.32268481144043365,-0.05594894860262176,-0.47269442201975936,-0.38148617998692963,-0.07376311844077961,0.05101295506093107,-0.023757352093184178,0.299281128666436,-0.041571521931342025,0.19853919194249028,-0.5390381732210817,-0.2119786260715796,-0.09045477261369315,-0.19257294429708222,-0.4123861146349902,-0.22934686502902396,0.34807980625072077,0.0690039595586822,-0.1056164225579518,-0.0004920616614769538,0.2540575865913197,0.2548648752546804,0.47367854534271325,0.03577442048206666,0.432729788951678,0.10500903394456618,0.1381078691423519,-0.014069888132856648,-0.29641333179564067,-0.29163879598662207,-0.45914734940222196,-0.3787337100680429,0.4160304463153039,0.524860646599777,0.3079614039134279,0.3942182754776458,-0.009572137008418868,0.2120862645600277,0.34571944796832355,-0.44742244262484143,-0.3706531349709761,-0.08993964556183447,0.06487525468035213,0.3115596048129781,0.2068119786260716,-0.132902779379541,-0.13493253373313344,-0.3037096836197286,-0.4324914465844001,0.19521777572752086,0.4063583592818975,0.2978356975358475,0.3890746934225195,0.4165686387575443,0.284926767385538,0.6026140775765964,0.4882712489908892,0.07364779148887095,0.47898358513051165,0.34972513743128436,0.4879944643063084,-0.39933110367892977,-0.15980471302810134,-0.2398416176527121,-0.2704340137623496
#26,-0.07969092376888479,0.16404874485834006,0.2203821166339907,-0.018406181524622305,-0.15928958597624265,0.13341021796793912,1.0,-0.3184869103909584,0.17018413869988083,0.30758466920385963,0.13999154269019337,-0.3588667204859109,0.3092453773113443,0.4771537308268942,0.07240226040825741,0.42544112559105063,0.03296044285549533,0.10910698496905394,-0.13098066351439666,0.002344981355476108,-0.1301118671433514,-0.00716564794525814,-0.13992234651904817,0.09951947103371392,-0.16736247260984893,0.03316034290547034,-0.21777572752085494,-0.1429362241955945,0.07212547572367663,0.07396301849075462,0.04116403336793142,0.18634528889401453,-0.0002614077576596317,0.035766732018606084,-0.060046899627109525,0.02431860992580633,-0.00944912159304963,0.09253065774804906,-0.038565332718256254,-0.02680198362357283,,-0.045438819052012455,0.011079075846692038,0.12661361626878867,0.2189520624303233,0.23111521162495674,-0.01916733940721947,-0.28882481836005075,-0.2868642601776035,-0.30849190789220776,-0.17372083189174645,-0.28194364356283397,-0.07552377657325184,-0.059501018721408526,-0.11176719332641372,0.017752662130473225,-0.2386806596701649,-0.18708338138622996,0.13760811901741438,-0.13270287932956598,-0.05684081036404875,-0.1589974243647407,0.08432706723561297,0.11984776842348056,0.06362972359973859,-0.11670318686810441,0.06517510475531466,0.300372890477838,0.11797178333909968,0.26817360550493985,0.016045823242225043,0.1769653634721101,-0.08886326067735363,-0.032060892630607775,-0.03264521585361166,-0.08598777534309768,-0.06060815745973167,-0.12171606504440087,0.1757428977818783,0.17894898704493906,-0.12801291661861378,0.027978318533041172,0.10038057894129858,-0.2241571521931342,-0.2956752393034252,0.005712528351209011,-0.05844769922730942,0.1134048360435167,0.10633913812324607,-0.12294621919809326,0.022373428670280245,-0.23791181332410719,0.00716564794525814,0.07643101526159997,0.05019797793410987,0.18173989928112866,0.10399415676776996,-0.1965632568331219,0.0053819244224041825,0.046745857840310615,0.06646676661669165,0.17967939107369393,0.29534463537462036,-0.2465075154730327,-0.15040172221581516,-0.19773190327912968,-0.023388305847076463,-0.19358782147387846,-0.026725098988967053,0.15758274708799447,0.06526736631684157
#49,0.5686848883250682,0.18388498058662975,-0.15108599546380655,-0.00417483565909353,0.1820089955022489,0.2991196709337639,-0.3184869103909584,1.0,0.16028139776265712,0.27572367662322683,0.41400069196171146,0.47755353092684427,0.04593856917694999,-0.15398454618844423,0.08462691731057548,-0.28117479721677624,0.4405566447545458,-0.11530388651827932,0.400599700149925,0.05471879444892938,-0.12561411601891362,-0.07460116095798255,0.26079268058278554,0.17498173989928112,0.14693422519509475,-0.007042632529888902,-0.1041863683542844,-0.17255218544573867,0.2182062814746473,0.2526736631684158,0.1943489793564756,0.02662514896397955,0.08355053242609464,0.1871756429477569,0.05999308038288548,0.11199015876677046,0.2928151308960904,0.06994964056433321,0.3755814400492062,0.18082497212931994,,-0.2243954945604121,0.11244377811094453,-0.012916618613770038,-0.15702148925537232,-0.22584861415446122,0.07163341406219967,-0.16517894898704494,-0.2691731057548149,-0.3160804213277976,0.041971322031292044,-0.006696651674162919,-0.008326605927805328,0.12736708568792526,0.24910621612270786,0.2292622919309576,-0.2991811786414485,-0.07613885365009802,-0.28803290662361125,-0.14047591588820973,-0.11289739745511859,-0.12792065505708683,0.11294352823588207,-0.0667589282281936,0.09678237804174836,0.1263060777303656,-0.15841310114173682,-0.2791450428631838,0.17230615461500018,-0.1643024641525391,0.27505478030215663,0.035190097259062775,0.24576942298081728,0.25384230961442356,0.17930265636412562,-0.1289893514781071,-0.1296044285549533,-0.17635797485872448,-0.02890862261177104,0.046553646253796176,0.3024487756121939,0.12311536539422596,0.05961634567331719,0.38619151962480297,0.27317110675431516,-0.16075039403375235,-0.09276900011532695,-0.2631914811824857,0.1811555760581248,0.2079960019990005,-0.051566524430092645,-0.028455003267596972,-0.21784492369200015,-0.1431361242455695,-0.22845500326759696,0.25197401299350325,0.16786222273478646,0.2840810364048745,0.048514204436243415,0.10550878406950372,-0.1496790066505209,-0.04556952293084227,-0.10861492330757698,0.029861992080882634,0.3931572675200861,0.20667358628378119,0.18092492215430747,0.005174335908968593,0.17852612155460731,-0.026002383423672778,-0.19693230307922963
#50,0.0685272748241264,0.08015992003998001,0.036151155191634955,-0.12952754392034752,0.39498712182370355,0.2882251182101257,0.17018413869988083,0.16028139776265712,1.0,0.1107523161496175,0.2068119786260716,0.3369161573059624,0.5043247606965748,0.2861338561488487,0.2751162880098412,-0.08580325222004383,0.2009533694691116,0.19590204897551225,0.11322800138392343,-0.18314688809441435,-0.11103678929765887,-0.23272210048821743,0.3271441202475685,0.13261830623149964,0.02155845154345904,-0.10520893399454119,0.09263829623649714,-0.007065697920270634,0.2410640833429439,0.355898973590128,0.26306846576711646,0.4485372698266252,0.14036827739976165,0.04361665321185561,-0.014338984353976857,0.40135316956906164,0.4756929227693845,0.034075270057279054,0.19770883788874793,0.009418367739207319,,0.043831930188751776,0.31481182485680237,0.26507515473032717,0.46836581709145425,0.18277784184830662,0.016714719563295274,0.0161611501941337,-0.03808095952023988,-0.19288048283550532,0.03070772306154615,0.009410679275746741,-0.22076653980701957,-0.21618421558451542,-0.09591358167070312,-0.19286510590858416,-0.32615230846115406,-0.21054088340445162,-0.1681543843462884,-0.3370929919655557,-0.19220389805097451,-0.18316226502133548,0.31717218313919965,0.18568408103640488,0.08817898742936224,-0.1279283435205474,0.1858762926229193,0.30853035020951064,0.24770691577288279,0.10907623111521163,0.14946372967362473,0.015784415484565408,0.15998923615115518,0.15391535001729903,-0.19374159074309,-0.454926382962365,-0.3371621881367009,-0.31095990466305307,0.36636297235997384,0.2786222273478645,0.2714873332564487,0.30778456925383463,0.11328950909160804,0.06981124822204282,0.2841041017952562,-0.04503901895206243,-0.09133125744819898,-0.09820474378195518,0.09339176565563372,0.1850228731787952,0.2830507823011571,0.13706223811171336,-0.15832852804367048,-0.017252912005535692,-0.2342674816437935,0.23099219620958752,0.2124245569522931,0.004021066389881982,0.030515511475031714,-0.01581516933840772,-0.11600353669319187,0.20053819244224041,0.4089724368584938,-0.25508015223157654,-0.09325337331334332,-0.12133933033483259,-0.023472878945142814,-0.31121362395725216,0.06033906123861146,-0.03727367085687925,-0.1601968246645908
#51,0.5717064544650752,0.34817206781224774,0.4318225502633299,0.4301772190827663,-0.11821781416983816,0.22627916810825358,0.30758466920385963,0.27572367662322683,0.1107523161496175,1.0,0.4905700995656018,-0.23311421212470687,-0.12884327067235612,0.046507515473032716,-0.0663821935186253,-0.021812170837658094,0.5722446469073156,0.13275669857379002,0.09340714258255488,-0.043255295429208473,-0.2514127551608811,-0.03916503286818129,0.05774804905239688,0.2868335063237612,0.2910621612270788,0.3189405297351324,0.12972744397032254,0.01421596893860762,0.03980317533540922,0.05148195133202629,0.06691269749740514,0.024749163879598662,0.31082920078422327,0.25483412140083805,-0.0452542959289586,-0.11511167493176488,0.11240533579364165,0.2232114711874832,0.33288740245261983,0.27534694191365855,,-0.2758313151116749,0.0023834236727789952,-0.05109752815899742,-0.17077615038634528,-0.09655941260139161,0.23376004305539538,-0.24066428324299388,-0.2438934378964364,-0.3873524776073502,-0.013808480375197017,-0.017360550493983776,0.2788221273978395,0.28728712566793524,0.06725867835313112,0.3526390650828432,-0.27024949063929576,-0.2688963210702341,0.1114673432514512,-0.05201245531080614,0.027962941606120017,0.21239380309845077,-0.09405297351324338,-0.07867604659208857,0.14435090147234075,0.23486718179371852,-0.04841425441125591,0.07137969476800061,0.23159958482297313,0.179041248606466,0.43136124245569524,0.4380040748856341,-0.2504286318379272,-0.028347364779148888,-0.17780340598931305,-0.043747357090685425,-0.09281513089609042,0.0013839234229039326,0.09697458962826279,0.20825740975666013,-0.10580863414446623,-0.12989659016645524,0.12325375773651635,-0.10767693076538654,-0.1886364510052666,-0.13411755660631222,0.13539384154076808,-0.17708837888747933,0.12251566524430092,-0.07606196901549225,-0.1216391804097951,-0.14054511205935494,-0.033121900588167455,-0.0004151770268711798,0.048598777534309766,0.305339637873371,0.4122477222926998,0.4459770114942529,0.45748664129473726,0.24693806942682506,0.21294737246761236,0.21201706838888248,0.21858301618421558,0.1851612655210856,0.2552262330373275,0.2369891977088379,0.3207550071118287,0.031730288701802944,0.2408641832929689,-0.022519509476031215,0.045684849882750934
#52,0.3383462115096298,0.2410640833429439,0.09715911275131665,0.11002191212086264,0.12013993003498251,0.23136124245569523,0.13999154269019337,0.41400069196171146,0.2068119786260716,0.4905700995656018,1.0,0.18854418944373966,0.06702033598585323,0.19072002460308307,0.04522354207511629,-0.1201091761811402,0.38110175681390074,-0.01829854303617422,0.0771691077538154,-0.16633221850613156,-0.06485987775343098,-0.01891362011302041,0.3613808480375197,0.23360627378618384,0.38902087417829545,0.18556875408449622,-0.040641217852612155,-0.14444316303386767,0.04210971437358244,0.059439511013723904,0.04220966439856995,0.13311805635643717,0.3101833698535348,0.28438857494329756,0.14944835274670357,-0.029531388152077807,0.3319186560565871,0.25067466266866567,0.3442278860569715,0.34731095990466304,,-0.15482258870564716,-0.042086648983200706,-0.020828047514704188,0.002122015915119363,0.10108022911621113,0.16140391342790145,-0.24570791527313265,-0.406404490062661,-0.47856071964017993,-0.15616806981124823,-0.12945065928574173,0.07299427209472187,0.21744512359205012,0.23013877676546343,0.34468919386460617,-0.1673701610733095,-0.022258101718371583,0.06362203513627801,-0.12576788528812516,-0.011455810556260331,0.027517010725406528,0.3388844039518702,0.0715565294275939,-0.005712528351209011,-0.08014454311305885,0.06446776611694154,-0.04972898166301465,0.31754891784876793,0.050267174105255066,0.3229615961250144,0.23202245031330487,0.21443124591550378,0.04526198439241917,0.04228654903317572,-0.07684619228847114,-0.08558028677968708,-0.10989889670549341,0.2852958136316457,0.2733633183408296,0.10370199515626802,-0.13474801061007957,0.04713796947680006,0.18520739630184907,0.1904047976011994,-0.29590589320724253,-0.14146003921116365,-0.04965978549186945,-0.020028447314804135,-0.04285549532925845,-0.22559489486026219,-0.18316226502133548,-0.05631799484872948,-0.1465805558759082,-0.07183331411217468,0.20943374466612846,0.182370353284896,0.20087648483450582,0.14230577019182716,0.19966939607119516,0.16313381770653135,0.02650213354861031,0.010287164110252565,0.12412255410756161,0.3432975819782417,0.28933225694844883,0.36371045246607464,-0.012301541536923847,0.23731211317418213,0.11488870949140814,0.11794102948525736
#53,0.11348172067812248,-0.05660246799677084,-0.2547341713758505,-0.21382385730211817,0.5845538769077,0.3539691692615231,-0.3588667204859109,0.47755353092684427,0.3369161573059624,-0.23311421212470687,0.18854418944373966,1.0,0.3414062199669396,-0.02591012186214585,0.13110367892976588,-0.1962172759773959,0.252542959289586,-0.02973128820205282,0.06344520047668474,-0.1702225810171837,-0.13985315034790297,-0.16795448429631338,0.4277322877023027,0.07305577980240649,0.10248721792949679,-0.10085726367585438,-0.049905816322607925,-0.051535770576250334,0.26106177680390574,0.24503133048860185,0.23524391650328683,0.33047322492599857,0.048168223580517436,0.07648483450582401,0.066005458809057,0.4152154691884827,0.38418483066159226,-0.07916810825356553,0.10537808019067389,0.01874447391688771,,0.06891169799715527,0.18709875831315112,0.03871910198746781,0.3030254103717372,0.1198016376427171,0.07304809133894591,0.08048283550532426,-0.10287932956598624,0.032829738976665516,0.1369853534771076,0.13384077192173144,-0.18766001614577327,-0.12995040941067929,-0.07082612539883905,-0.1761503863452889,-0.20059970014992504,0.06326067735363088,-0.24111790258716795,-0.1237842617152962,-0.2738015607580825,-0.26060815745973165,0.36517126052358434,0.010817668089032407,0.06938838273171107,-0.1283742744012609,0.06773536308768692,-0.09373005804789913,0.024149463729673623,-0.2030215661400069,0.034890247184100255,-0.281997462807058,0.41035636028139777,0.1951332026294545,-0.010879175796717025,-0.3606888863260677,-0.23023103832699035,-0.2452927382462615,0.22611002191212087,0.10756929227693846,0.6516203436743166,0.3061546150001922,-0.09306116172682889,0.4067658478453081,0.7339714758005612,-0.06223042324991351,-0.15963556683196864,-0.07128743320647368,-0.07264829123899588,0.280851881751432,0.14513512474531964,0.16567869911198246,-0.09303809633644716,-0.18068657978702957,-0.29064698420020757,0.11289739745511859,-0.0054434321300888015,0.07833775419982317,-0.12013224157152193,-0.02108945527236382,-0.23193018875177795,0.10466305308884019,0.02724022604082574,-0.03460577403605889,0.17316726252258485,0.09775112443778111,0.019190404797601198,-0.17934109868142853,0.008664898320070735,-0.02061277053780802,-0.24613078076346442
#54,-0.25611809479875447,0.054672663668165915,-0.020651212855110908,-0.24020297543535923,0.3028947064929074,0.43937262138161687,0.3092453773113443,0.04593856917694999,0.5043247606965748,-0.12884327067235612,0.06702033598585323,0.3414062199669396,1.0,0.5048629531388152,0.29905816322607925,0.08847114904086419,-0.0034598085572598316,0.20985661015646023,0.02564102564102564,-0.19241917502787068,-0.2429093145734825,-0.26823511321262444,0.20585092069349942,0.18102487217929497,-0.24768385038250107,-0.1509399146580556,-0.07315572982739399,-0.10631607273286434,0.38819052012455313,0.43190712336139625,0.29152346903471343,0.3872140852650598,-0.10808441932879714,-0.0769999615576827,-0.10667743051551147,0.34956367969861224,0.38879790873793874,-0.024956752393034253,-0.06387575443047706,-0.2231345865528774,,-0.07800715027101833,0.22059739361088687,0.2252796678583785,0.40695037096836195,0.20773459424134086,-0.08757159881597663,-0.021596893860761926,-0.18260100718871333,-0.16010456310306384,0.007749971168262023,-0.0016530196440241417,-0.20495137046861184,-0.1672394571944797,-0.08487294814131396,-0.3646023142275016,-0.44713796947680007,-0.24644600776534809,-0.2574020681966709,-0.38655287740745015,-0.3743666628224349,-0.4951754891784877,0.26945757890285627,0.2099027409372237,0.11858686041594588,-0.10914542728635682,0.20994118325452657,0.2887018029446815,0.18511513474032215,0.10464767616191904,0.06209971937108369,-0.09764348594933303,0.4441317802637143,0.2927536231884058,0.17994848729481414,-0.25490331757198326,-0.22747087994464307,-0.43910352516049667,0.38782916234190595,0.23258370814592705,0.2336524045669473,0.5096451774112943,0.22767077999461807,0.065059777803406,0.3257601968246646,-0.1729519855456887,-0.26346826586706645,-0.18172452235420752,0.20246799677084534,0.33813862299619424,0.21693768500365201,-0.006881174797216776,-0.17010725406527505,-0.057317495098604544,-0.3366393726213816,0.19481797562757083,0.006389113135739822,-0.274847191788721,-0.012801291661861378,-0.010018067889132357,-0.011378925921654558,0.18619920808826357,0.3282512589858917,-0.5294506592857418,-0.11181332410717718,-0.2995886672048591,-0.11059085841694537,-0.43822704032599086,-0.03680467458578403,-0.0661130972975051,-0.3069849690539346
#58,-0.3742052050897628,-0.008357359781647637,0.035789797408987814,-0.2521585361165571,-0.05152039364932918,0.14989428362741705,0.4771537308268942,-0.15398454618844423,0.2861338561488487,0.046507515473032716,0.19072002460308307,-0.02591012186214585,0.5048629531388152,1.0,0.23938030984507747,0.23583592818975127,0.015945873217237536,0.044677661169415295,0.00867258678353131,0.007242532579863914,0.027055702917771884,-0.0473301810633145,0.02724022604082574,0.11658785991619575,-0.12577557375158574,-0.17035328489601353,0.21720678122477222,0.007142582554876408,0.2519586360665821,0.4011225156652443,-0.07713066543651251,0.20984123322953907,-0.1375312343828086,0.07947564679198862,-0.38845961634567333,0.08268942451850998,0.1714527351708761,0.12001691461961327,-0.015622957751893284,-0.028262791681082537,,0.06127705378080191,0.003121516164994426,0.24040287548533426,0.15925883212240033,0.24666897320570483,0.1398377734209818,-0.04826817360550494,-0.07608503440587398,-0.15786722023603583,-0.08328143620497444,-0.20121477722677122,-0.12334601929804329,-0.009372236958443855,0.05342713258755238,-0.07632337677315189,-0.23302195056317995,0.012862799369545996,-0.24577711144427786,-0.38684503901895206,-0.48584938300080727,-0.470026525198939,0.30084188674893325,0.3764886787375543,0.11188252027832238,-0.06336831584207896,0.5304117172183139,0.41199400299850075,0.2736247260984892,0.40589705147426286,0.0893168800215277,0.058324683811940184,0.17106062353438664,0.16805443432130088,0.11575750586245338,-0.18076346442163532,-0.09045477261369315,-0.24817591204397801,0.5393380232960443,0.44916003536693194,-0.19035097835697537,0.22420328297389766,0.12401491561911351,-0.3963710452466075,0.08181293968400415,-0.17344404720716564,-0.29487563910352516,0.18160919540229886,0.05932418406181525,-0.07480874947141813,0.01643024641525391,-0.22903163802714027,-0.24126398339291893,-0.15130127244070274,-0.29375312343828086,0.08441164033367932,0.08110560104563103,-0.3070080344443163,-0.09354553492484527,0.016630146465228923,0.006473686233806173,-0.0071733364087187175,0.004328604928305078,-0.5251451197478184,0.01445431130588552,-0.28041363933417907,-0.044400876484834505,-0.41652250797678086,-0.055633721600738095,-0.1749202321915965,-0.2752700572790528
#101,-0.23550532426094645,-0.04217891054472764,-0.07173336408718718,-0.08012147772267712,0.2502902394956368,0.2814285165109753,0.07240226040825741,0.08462691731057548,0.2751162880098412,-0.0663821935186253,0.04522354207511629,0.13110367892976588,0.29905816322607925,0.23938030984507747,1.0,0.1679852381501557,-0.1398839042017453,-0.09790489370699265,0.2631914811824857,0.09536770076500212,0.28601084073347943,0.3273055779802406,0.4375350786145389,0.1792795909737439,-0.04327067235612963,0.05572598316226502,-0.0735247760735017,0.012363049244608465,0.31032945065928574,0.5400376734709569,0.34904086418329294,0.0017068388882481836,0.05142813208780225,0.19487179487179487,0.21619959251143658,0.4100411332795141,0.40927228693345635,0.1563833467881444,0.20612001691461962,0.2981663014646523,,0.30341752200822664,0.438642217352862,0.43775035559143505,0.33655479952331524,0.4311229000884173,0.05929343020797294,0.019367239457194478,-0.2965286587475493,-0.3383077691923269,-0.2226579018183216,-0.24425479567908354,-0.40805750970668514,-0.38963595125514167,0.05694076038903625,-0.12110098796755468,-0.40328297389766654,-0.024203282973897667,-0.3745896282627917,-0.48467304809133893,-0.5163495175489179,-0.6662284242494138,0.6040902625610272,0.517364394725714,-0.027786106946526737,-0.33066543651251296,0.4872333064237112,0.4802137392842041,0.3050090339445662,-0.007465498020220659,-0.06981124822204282,-0.29429131588052126,0.22122784761465422,-0.0527044170222581,-0.10776919232691347,-0.5479106600545881,-0.6034290547034176,-0.6939530234882558,0.6263560527428593,0.5573444047207166,0.055087840695037096,0.33149579056625533,0.2682889324568485,0.06605927805328105,0.24224810671587282,-0.4136162687886826,-0.6654980202206588,0.1065313497097605,0.20536654749548303,0.4294314381270903,0.16395648329681314,-0.13261830623149964,-0.4298696805443432,-0.6642371122131242,-0.6363356783146888,-0.1786645138968977,-0.031161342405720216,-0.05751739514857956,-0.21274747241763733,0.038680659670164916,-0.31508092107792257,0.005651020643524391,-0.0033598585322723255,-0.14558105562603313,-0.08040595087071849,0.09660554338215507,-0.10662361127128743,-0.5413600891861762,-0.4655441510014224,-0.24490062660977205,-0.46837350555491486
#102,-0.14006842732479913,0.1734594241340868,0.1679852381501557,0.08306615922807827,-0.15804405489562912,0.1541998231653404,0.42544112559105063,-0.28117479721677624,-0.08580325222004383,-0.021812170837658094,-0.1201091761811402,-0.1962172759773959,0.08847114904086419,0.23583592818975127,0.1679852381501557,1.0,-0.12430707723061546,0.20039980009995004,-0.19163495175489179,0.4026909622112021,0.015077076846192288,0.45543382155076306,-0.018098642986199207,0.19037404374735709,-0.08218967439357244,0.34052204666897323,-0.24799907738438473,-0.1999692461461577,0.17252143159189637,0.20679660169915043,0.026217660400568946,0.1575443047706916,-0.1710068042901626,0.2554030676969208,-0.057701918271633415,0.24570791527313265,-0.09736670126475223,0.3134740322146619,0.034098335447660784,0.2288855572213893,,0.18616845423442124,-0.14854111405835543,0.15431515011724906,0.08866336062737862,0.46582862414946374,-0.1694460462076654,-0.38014069888132856,-0.4741398531503479,-0.1534155998923615,-0.34398185522623304,-0.4118479221927498,-0.17239841617652713,0.13214930996040442,-0.08861722984661516,0.27748433475569906,-0.20898781378541498,0.09100065351939415,-0.2029908122861646,-0.3010956060431323,-0.18290085726367586,-0.20257563525929342,0.05829392995809787,0.3483104601545381,0.005289662860877254,-0.12281551531926345,0.1161265521085611,0.22335755199323415,0.29453734671125975,0.37791104447776114,0.08456540960289086,0.088055972013993,0.11588052127782263,0.1812862799369546,-0.08381194018375428,-0.009748971668012148,-0.14836427939876215,-0.20045361934417408,0.08388882481836005,0.38607619267289434,-0.012685964709952716,0.09787413985315035,-0.08100565102064353,-0.23189943489793566,-0.2074424326298389,-0.1136816207280975,-0.1709068542651751,0.09177718832891246,-0.09023949563679699,-0.15643716603236843,-0.039311113673932266,-0.3821089455272364,-0.13003498250874562,-0.1390535501480029,-0.10994502748625687,-0.0023988005997001498,0.2502594856417945,-0.24754545804021066,-0.044047207165647945,-0.17305962403413677,-0.06023911121362396,0.01045631030638527,0.11190558566870411,-0.24214046822742474,-0.011624956752393034,-0.19183485180486679,-0.09364548494983277,-0.3087379387229462,-0.31793334102179677,-0.009495252373813094,-0.12561411601891362
#201,0.5978549186944989,0.24731480413639334,0.39444124091800253,0.20779610194902548,0.11499634797985622,0.41017183715834393,0.03296044285549533,0.4405566447545458,0.2009533694691116,0.5722446469073156,0.38110175681390074,0.252542959289586,-0.0034598085572598316,0.015945873217237536,-0.1398839042017453,-0.12430707723061546,1.0,0.2783608195902049,0.11116749317648868,-0.1719986160765771,-0.27233306423711223,-0.11048321992849729,0.24760696574789529,0.2629146964979049,0.3998769845846308,0.2425248914004536,0.16439472571406605,0.06557490485526468,0.2838734478914389,-0.007157959481797563,0.31559604812978126,0.16367201014877178,0.39370314842578713,0.24696113481720677,-0.03874985584131011,0.04030292546034675,0.2944143312958905,0.14355898973590128,0.37885672548341215,0.20943374466612846,,-0.19249605966247646,-0.105885518779072,-0.1004420866489832,-0.009810479375696768,-0.06537500480528967,0.3016799292661362,-0.05550301772190828,-0.10994502748625687,-0.12202360358282398,0.16800830354053742,0.2388267404759159,0.34187521623803485,0.43016184215584513,0.22804751470418635,0.3618959750893784,-0.20910314073732364,-0.1254834121400838,-0.07615423057701919,0.03414446622842425,-0.06891169799715527,0.17057625033637028,-0.00040748856341060236,-0.229400684273248,0.08265867066466767,0.19400299850074962,-0.15555299273440204,-0.12567562372659824,0.3231461192480683,0.16915388459616346,0.4778226271479645,0.39484872948141314,0.07286356821589206,0.09001653019644024,-0.04635374620382117,0.023357551993234152,-0.10982201207088764,-0.005112828201283974,0.12559105062853188,0.15050936070426324,0.14922538730634682,-0.08782531811017569,-0.24569253834621152,-0.026279168108253564,0.11894052973513243,-0.19616345673317187,0.08375043247606966,-0.10069580594318225,-0.039549456041210164,-0.14541190942990043,-0.09079306500595856,-0.1763887287125668,-0.11080613539384154,-0.006419866989582132,-0.018052512205435745,0.4935070926075424,0.35835928189751276,0.5206781224772229,0.47622342674816437,0.35928189751278206,0.22121247068773306,0.4550878406950371,0.22001307038788298,0.12472225425748665,0.36612462999269596,0.27413216468688734,0.4180063814246723,0.0033444816053511705,0.32479913889209244,-0.06793526313766193,-0.07909891208242033
