,#10,#11,#12,#13,#17,#18,#26,#49,#50,#51,#52,#53,#54,#58,#101,#102,#201,#202,#301,#302,#401,#402,#501,#502,#601,#602,#701,#702,#801,#802,#901,#902,#1001,#1002,#1101,#1102,#1201,#1202,#1301,#1302,#1401,#1402,#1501,#1502,#1601,#1602,#1701,#1702,#1801,#1802,#1901,#1902,#2001,#2002,#2101,#2102,#2201,#2202,#2301,#2302,#2401,#2402,#2501,#2502,#2601,#2602,#2701,#2702,#2801,#2802,#2901,#2902,#3001,#3002,#3101,#3102,#3201,#3202,#3301,#3302,#3401,#3402,#3455,#3501,#3502,#3601,#3602,#3701,#3702,#3801,#3802,#3901,#3902,#4001,#4002,#4101,#4102,#4201,#4202,#4301,#4302,#4401,#4402,#4501,#4502,#4601,#4602,#4701,#4702,#4801,#4802
#10,1.0,0.5352054761771948,0.624716110575429,0.5013985289547291,-0.023763038991465386,0.22507630150849875,0.010506100136266924,0.7185665675875973,0.4175011355576983,0.48186693654423896,0.5489548884762808,0.058232992533210085,0.1273402449617098,-0.29588410139534144,-0.23393604220290223,0.062413438628086924,0.5158954171281945,0.45171289913856993,-0.1434165544390345,-0.25499446166596273,-0.1511463156133207,0.08639322968547045,-0.07059901664687741,-0.1420682290878085,0.09423136689271569,0.005272175250420356,-0.016736128266222536,0.3332578951143128,0.1501709313166891,-0.15116862832598874,0.1091155400074907,-0.3117133772681271,-0.04878196495310346,-0.29656782666209786,-0.25508690004701606,-0.23207452446031127,-0.309882141064157,-0.17443760010837603,-0.16473953892373036,-0.19114504060116824,-0.05217987233940823,-0.18377228282957073,-0.13581907577556598,-0.16922439417000693,-0.2636023874602555,-0.18728653507478743,0.1331463315509726,0.14891982564208814,-0.05937731594004255,-0.08231159703240921,-0.30288869940791624,-0.05845452589469993,-0.19658137366621775,0.08126608706739236,-0.05543593462375188,-0.05305484942903362,-0.2399381619106057,-0.2381164882977791,-0.27316179107332117,-0.172254141797289,0.224449951788603,0.2266780355250261,-0.294900748272757,-0.31557985162046076,0.12337176963717936,0.0033676258476838606,-0.3005426770473906,-0.31380120966777963,-0.19985496736765773,-0.3155511638470304,0.2604547012088709,0.26140139773207216,-0.02669237941174127,0.11592888619719657,-0.10242331997226849,0.024677860210855135,0.010279785479205349,0.14682721194686388,-0.07890253328977041,0.028796149463299572,0.17645211930926216,0.2333033174222442,-0.11975870395014702,0.19287746336332268,0.18081106710548334,0.1673294073584139,0.15498888348779574,-0.06864346675804253,-0.19584505414817235,0.12064164986572529,-0.11132290479643635,0.026740192367458504,-0.216532126321829,0.016760034744081154,0.1146474989839747,0.24672441409207183,0.3003864880587143,0.15470997457944521,0.29033142347137997,-0.09891225525743293,0.13073337105244284,0.18287180549689613,0.017582417582417582,0.11772824709735515,0.21657356421678395,-0.023421973240682452,-0.037319605702491855,0.13873725983950785,0.0534182278924846,0.06360079369506491,0.036474910151487384
#11,0.5352054761771948,1.0,0.5446023157408219,0.36799081991250226,-0.13429543625337678,0.0006948816230904701,0.38108041342269044,0.435000677350206,0.4648120552399015,0.7245925937731594,0.3883559515176629,-0.15686793264748305,-0.11659189251647555,-0.1694395524707345,0.10123915243567165,0.19008040545386448,0.42408497955996144,0.387801321231343,-0.14547410530006613,-0.04293444046888572,-0.07790164875008965,0.06959653834200608,-0.12891647873518794,-0.11157790722692826,0.12804309541075312,0.12836662974443974,0.1780299468479309,0.25428204862577597,0.0691200025500243,-0.3364900509207978,0.35191291666998703,-0.10052036433472257,0.30172684458398746,-0.03501183370654001,-0.31174047127636684,-0.45935340946218395,-0.19576377212345306,-0.2088852409374527,0.18907633338380256,-0.2668345432667405,-0.0179808588800612,-0.1549538206536031,-0.12002964403254468,0.003930224959956649,-0.17342715297755182,-0.10410155471794341,0.04102351600538692,0.12267370048370774,0.1858967718286065,0.16295770944066812,-0.06817968108758536,0.11321311031245766,0.17037349887241113,0.24793726940209898,0.3449194750137462,0.17753747340404338,-0.09105021157232905,-0.1594179569524022,-0.36979814963861374,-0.16039015371865262,-0.08894006646000845,-0.03799854967367658,-0.41800795288830095,-0.11629863972140984,0.29035054865366683,0.2985775645674123,-0.1925140848998717,-0.11608826271625401,-0.2547585844177577,-0.25282056594601915,0.20604196383746784,0.24614268979751214,-0.2704300775366765,-0.07897584648853684,-0.2045964188096168,-0.10927332276135757,-0.24428595335049288,-0.19978006040370072,-0.1775741300034266,0.036701224808548955,0.027066914231526268,0.028746742742391765,-0.030636948258413087,-0.12106877893679924,-0.050162165608140956,-0.1965224043541665,-0.09734239654471706,-0.16675565188980707,-0.18981265290184798,-0.18490704364525976,-0.32398536923555055,-0.33265704563746623,-0.4285825849277626,-0.3123014766234491,-0.1600108376032959,0.3995011514953502,0.3211341233096128,0.2510275801066229,0.2501892596163807,0.18387747133214863,0.2763397588633267,0.08366789120958809,0.15682490098733753,0.2190247750798875,0.4232068149399549,0.2370359154985696,0.2694180366406617,-0.17750241056985075,-0.11269673039071154,-0.06955510044705114,-0.10493190638223271
#12,0.624716110575429,0.5446023157408219,1.0,0.587524006088183,-0.22707328929228857,0.1224139167576441,0.09033779853214226,0.29959119922861766,0.13818900461395023,0.622480058013053,0.41546111611376296,-0.03890062077154173,-0.05653244507486712,-0.11026305094470432,-0.2530229741252221,0.09169090517893999,0.7448700682928384,0.7048442492967512,-0.474570679501789,-0.3336483675860036,-0.1137852720158739,0.06082604849827475,-0.04092151503319016,-0.28891297245176867,0.16873510825650057,0.018487676210663884,0.1533488991066946,0.2613966164365004,0.03091585716676362,-0.3874618492457506,0.37241511208153705,-0.1240682450254604,0.3919259855445497,-0.0020782698085091123,-0.3250420355569014,-0.4455354652599033,-0.3351720071081927,-0.3242053088318498,-0.09593350811624923,-0.38967240156507743,-0.04997250755046259,-0.29402098988755987,-0.24958681637434357,-0.3444349703958116,-0.24035413462534566,-0.12538947636844663,0.192071018176892,0.20546980213405158,0.17512929420108536,0.12459418753834997,-0.074121237718047,0.0811449609129087,0.15009921188311326,0.31356692618476517,0.20327518746663054,0.10768274510116424,0.0019571436540254524,-0.2580688347185809,-0.13371849325438884,-0.13248173146650305,0.09585063232633936,0.20321940568496044,-0.3975758831451362,-0.30613998039668816,0.12859772569707306,0.21647315700977776,-0.3003243312162819,-0.34398871614245075,-0.4908095530285523,-0.4726677238642431,0.311208153702715,0.2764449473659046,-0.32065439998724987,0.06277362956115676,-0.10770346404864171,0.07103252077871368,0.061740869717664494,0.19480432547872722,-0.22059144626222218,-0.088780689940951,0.04811258357306218,0.2606300153798341,-0.18182470176668872,-0.08426555315605352,0.1167448939747707,0.05060523233112066,0.16228832806062682,-0.02889496290511519,-0.19078803719847956,0.11694730215397366,-0.2930519806516906,0.04416004590043749,-0.14470112918263753,-0.03559515176629027,0.07688482655850314,0.531549378830017,0.4090223047438421,0.5232777374909354,0.5253081943437273,0.32682705257034483,0.3630023348660042,0.345171289913857,0.1264588928113221,0.48889384726948176,0.47850090446174565,0.41284574743603025,0.33007673979392615,0.07892803353281962,0.03416554439034497,-0.050914422778092105,-0.07112177162938585
#13,0.5013985289547291,0.36799081991250226,0.587524006088183,1.0,-0.055762656487819647,0.3229940472870132,-0.1126552924957566,0.13757062372000733,0.028101267840209103,0.5813832288088996,0.22371681980093872,-0.04078445122680076,0.040052913004327076,-0.3335097100144236,0.06606794221007418,0.23215740025022114,0.3946130736558583,0.2753516244451705,-0.09301213652192622,-0.2755173760249902,0.035424618890898804,0.11382989744120998,-0.08783080588736861,-0.13569476209070117,0.10554869351098503,0.20327837499701168,-0.006542406107308211,0.3559005171768043,-0.03492577038624899,-0.16586473714827593,0.1011674330020958,-0.08925403820255162,0.1693949270453984,0.024343169520834495,-0.09253081943437273,-0.15951198909864608,-0.07510459084063145,-0.09554462940974906,0.006078620436851039,-0.04235749746989776,0.049221844145702014,-0.14120281458932654,-0.1507590306720111,-0.07807855668624342,-0.3700324331216282,-0.05393460781423073,0.3366032082493286,0.32774824885049686,0.05865215277833117,0.07654216704252963,-0.07783789814246667,-0.08084214552669955,-0.10334611001761111,-0.036970571125756045,0.03283315669102471,0.024819705312816263,-0.1601861517742591,0.0110320426491565,-0.2392767493565173,-0.1549171640542199,-0.07263584856043159,0.09599725872387221,-0.20305684163552185,-0.13919785797958387,0.05872705974228817,-0.09355720421710269,-0.2498912255257433,-0.2304807592697368,-0.17549267266453633,-0.15533154300376925,0.11145359354206345,0.06088183027994486,-0.18104853811887894,-0.1908151312067193,-0.16923555052634096,-0.0355059009156181,-0.11444349703958116,0.06167393157966037,-0.19683318856632853,-0.11661261146395302,-0.0192734024496171,0.22899218258174023,-0.37281992843994294,-0.025439679971949732,0.05214162197483445,-0.16564001625640495,-0.029758783638406554,-0.014855485341344659,-0.11220266318163345,0.08800133876276008,-0.20940640215477055,-0.07966116552048387,-0.22549546175361984,-0.10240100725960044,-0.10742774267067233,0.15138059909633514,0.1224696985393142,0.30959207579947245,0.30105905696913676,0.11875622564527569,0.2388655579373491,0.16954633473850297,0.07137358652949662,0.2831897616524158,0.28571269194909515,0.24688379061112925,0.2811640860951956,-0.079578289730574,0.01927021491923595,-0.182793711002558,-0.15076062443720167
#17,-0.023763038991465386,-0.13429543625337678,-0.22707328929228857,-0.055762656487819647,1.0,0.398887551896979,0.12176366055988971,0.24157655252651627,0.26696841954274875,-0.10930997936074079,0.08773517997593415,0.6315151128784197,0.5371100255799313,0.18097522492011253,0.022319087728804914,-0.2632119149885647,-0.12209197618914805,-0.1383404123070548,0.10020161129660766,-0.08297938464725992,-0.09775199419869471,-0.3063806389404649,0.12567476033755948,0.1828733992620867,-0.0841109579325678,-0.11182653459665788,-0.4342643578321606,-0.35526301110057457,0.23478551904947845,0.5148913450581326,-0.11622373275745285,0.23155814453856513,-0.10910757118153783,0.05881631059296034,0.4513750209181681,0.40698387906509736,0.3713488831690427,0.25643681916343264,-0.0020559570958410696,0.2911314935970484,0.18600514786156555,0.22310800149813928,0.35882667006669905,0.28577644255671814,0.1438149957366781,0.014531951007658042,-0.023173345870952832,0.09829068683310888,-0.2899616699471667,-0.28766664807273945,0.004445011116512204,-0.24506211699830263,-0.20385053670042794,-0.16920367522252946,-0.20602921371594324,-0.11900644678019587,-0.30865653563260526,-0.15853979233239568,-0.07875590689223756,-0.01562846145877328,0.16535632605248268,0.15485819474216864,0.41533042736813586,-0.006448373961064316,-0.43748376351712104,-0.3909952266732542,0.21809401620859198,0.2636820757197842,0.3960857126919491,0.1571834981552168,-0.057187482568193226,-0.10100168142227606,0.19977049781255726,0.11156037580983194,-0.03118201595358956,-0.21393907035676435,0.1088525687510459,-0.0210775446453474,0.34491150618779337,0.06728557881567308,0.23423567005873025,0.37971136912398695,-0.10709145821546112,0.26177593255185716,0.33808381611137234,0.20781104319900548,0.1619663874921308,0.32962889177537474,0.20614555857485517,0.3432508028592148,0.44817155288511346,0.02157320561961606,0.2134370343217334,0.03843205380551283,0.08609360182964244,-0.26865621687956714,-0.30249822693622547,-0.11237638358740606,-0.15101084557212185,-0.16843069910510083,-0.11573763437432763,0.12706771111412155,0.34858991624763924,-0.012409055773812844,-0.0477364549880866,-0.10516140856967543,-0.13020742853955328,0.1389970435655715,0.12794746949931868,0.06819083744391939,0.07211946863868546
#18,0.22507630150849875,0.0006948816230904701,0.1224139167576441,0.3229940472870132,0.398887551896979,1.0,0.0642191745890078,0.261109738702197,0.07585844177577318,0.23590912350883345,0.1892803353281961,0.5467985241734336,0.5359194829825722,-0.04489477165329232,-0.00020081441401238355,-0.18233470662767254,0.2353513056921324,0.04355282136282861,0.21307843715385413,-0.053902732510419236,-0.11492959542270638,-0.09892819290933867,0.17660512076755733,-0.00829554781694013,0.14029914972627083,0.019778626015029204,-0.15569651523241082,-0.00864139486329479,0.20859995696833986,0.23228012016989538,-0.07356182613615536,0.06570296998143263,0.037783391372949025,-0.021912677605208424,0.15413143781526667,0.1419168213947039,0.13837228761086628,0.03825355210416849,-0.02569946369801337,0.11705886571731387,0.10216831754177658,-0.0644502705416411,0.011392233582226331,0.057243264349863335,-0.11990214281729873,-0.09163193586688873,0.1326156077425113,0.22558949389986374,-0.007168755827203978,0.01003115810947573,0.14869988604578888,-0.03548996326371236,-0.030781980890755366,-0.09591119540358119,-0.21963359338268693,-0.09723720804213914,-0.20674003299093943,-0.2039031309517169,-0.19181760951159066,-0.17384790698786348,0.04551474631242579,0.08510546741148627,0.09652957629752408,-0.07384392257488705,-0.10890994429790658,-0.2346516427734702,0.1747515718509192,0.08805393301404904,0.2189673995330268,-0.00873383324434811,0.1555036696443513,0.04816677158954171,0.04674832056993043,-0.09681326650144634,-0.1016041246643132,-0.1323223549474456,-0.05359991712421009,-0.036119500513989274,0.1773876594761294,0.04265712532572576,0.17310202487867463,0.4729737267808334,-0.05821705488130434,0.28128999354525097,0.2009052586282463,-0.01341950290463706,0.011221700706834863,0.22173576966905467,0.12358533417271633,0.22380766441680147,0.10989648495087219,0.0025978372606363905,-0.014967048904684872,-0.1426786411557985,-0.11048617807138475,0.019851939213795633,-0.10566663213508753,0.265679063503574,0.10297635649339783,0.03272956195363737,0.13106328044689175,0.10321860880236515,0.14397596602092613,0.1773239088685064,0.1588744830224163,0.1570273091665405,0.12089346476583605,0.006937659874570679,-0.01319159448238491,-0.1765748392289364,-0.1423296065790627
#26,0.010506100136266924,0.38108041342269044,0.09033779853214226,-0.1126552924957566,0.12176366055988971,0.0642191745890078,1.0,0.13718174501350716,0.4470734486688076,0.36987305660257075,0.3320593836910008,0.06278797344787193,0.08012335742575047,0.38642271434149605,0.21653372008701957,-0.09747308529034418,0.12280438922933484,0.1394082349847397,-0.08991545075664002,0.13143781526667675,0.09488959191642295,-0.12633617289164786,-0.04241646678194901,-0.1041079297787057,-0.034053980827004754,-0.16294974061471523,0.05836208751364661,-0.06696841954274876,-0.07580425375929364,-0.21122807576759717,0.22215492991417574,0.03897871526587988,0.24634031668114337,-0.08379379865964348,-0.18236020687072174,-0.28867868896875426,-0.021914271370399,-0.08521703097482648,-0.039026528221597113,-0.2727426308282001,-0.0775239263999235,-0.07987473005602085,-0.002650431511925348,0.07949541394066412,0.20632884157177123,0.17113531863350573,-0.06109539481548183,0.10136984118129876,0.14822653778418826,0.1936631896022759,0.02686131852194216,0.044979241208392765,0.13188406952003762,0.2544812692745978,0.2779845245399995,0.11748918231876898,0.03991744296312824,-0.136504394807513,-0.1738845635872467,-0.06105076939014575,-0.06977025874777869,0.054015889838950025,-0.006410123596490529,0.17403437751516068,-0.1199786435464463,0.10712811481484433,0.26676441759835523,0.29931547785064827,0.12121540533433209,0.016681940249743007,0.36219429591438296,0.2205149455330746,-0.03698650877766179,0.004438636055749907,-0.03753954529879113,-0.1356867932647483,-0.02042888221278359,-0.10742136760991003,0.05998454047765143,-0.017270039605064985,0.009932344667660114,0.03172389611838488,0.2983655937970659,-0.05571484353210242,0.12973567404314323,-0.08968754233438787,0.09552869175784331,-0.08883965925300226,-0.14561595040202727,-0.10105268190837444,-0.0016033277817179194,-0.13067599550558215,-0.11458852967192344,-0.21206639625783932,-0.22948943732119947,0.1448158802763589,-0.11388249169249895,0.07371801512483166,0.017886826733817307,0.17380168779733682,0.19082628756305334,0.18033771884388272,0.30219381778482574,0.03959709615982277,0.28753436556192175,0.17134250810828042,0.2355632764624788,0.04319741172533051,0.013258532620389039,-0.14281570496218793,-0.1640701575436891
#49,0.7185665675875973,0.435000677350206,0.29959119922861766,0.13757062372000733,0.24157655252651627,0.261109738702197,0.13718174501350716,1.0,0.6324745595231455,0.41752026073998516,0.6215572679677103,0.3340133398146451,0.347665532437106,-0.11244491549060077,-0.1774928479787073,-0.1600235877248205,0.3813306345576106,0.2582823992541179,-0.05496099259696069,-0.16959574145941078,-0.09844050076102288,-0.07493405796523998,0.0944560877845867,-0.12658639402656807,0.1379786276087944,-0.1911211341233096,-0.004287228362645332,0.1892436787288129,0.27129549203515846,-0.00023109595263329854,0.05496099259696069,-0.19456047940456933,-0.11985114233120034,-0.3731721505470599,-0.25535784012941376,-0.20392225613400378,-0.28671357648877593,-0.21078500904461744,-0.03320928527600029,-0.204258540589215,-0.07821880802301397,-0.15397206129620922,0.09742845986500809,-0.06155918048593901,0.04819545936297205,-0.09380105029126058,0.05614994142912925,0.10163121867255297,-0.08412530181928296,-0.12169672242188559,-0.19392297332833955,-0.03771167193937317,-0.08183346747523687,-0.010727633497756775,0.07371482759445051,-0.1965415295364534,-0.23338141191658232,-0.3970881909968204,-0.4448214584545259,-0.29085736598426953,0.2688873128322004,0.24683757142060261,-0.2918980946537147,-0.33137087712867264,0.14633792603335752,-0.1300863023850696,-0.1783423248252835,-0.0550789312210632,-0.03606053120193802,-0.3033174222441808,0.25107220553195897,0.14542310481396775,0.04473061383866315,0.09866840918327503,-0.21282821601893392,-0.16199348150037055,-0.07916391078102464,-0.06953119396919252,0.20863023850696077,0.0935014224354326,0.35839635346524396,0.28411573922813954,0.08507040457729363,0.33706380638940464,0.2872618317143335,0.23884962028544335,0.21275649658535808,0.1011355576982843,-0.101342747173059,0.20410394536572926,0.05778195698427751,-0.07589350460996581,-0.11215963152148795,-0.13455840750982156,0.03607487508865319,0.24405007610228785,0.1436109937922846,0.13282120345209542,0.16332427543450023,-0.2484042426029373,-0.046499693200200816,0.09201125198224545,0.025422148554853412,0.015156706962363235,0.11484990716317765,-0.13711480687550304,-0.17776378806110496,0.14358868107961653,0.10347839252842879,0.08580034903457674,0.0355935580010997
#50,0.4175011355576983,0.4648120552399015,0.13818900461395023,0.028101267840209103,0.26696841954274875,0.07585844177577318,0.4470734486688076,0.6324745595231455,1.0,0.4053470822143774,0.6348365195355768,0.18356828088517718,0.2806827690076421,0.1507956872713943,0.05036616755253449,-0.22488345592043923,0.2449712723824399,0.2315724884252803,0.08159280893146013,0.047981894827435076,0.07273306823705664,-0.09231247360326403,0.1380838161113723,0.08186534277904836,0.19823092063846234,-0.0002103770051558304,-0.06849205906493797,-0.03100829554781694,0.2583700563395995,-0.062061216520969964,0.056288599000709226,-0.17840607543290646,-0.09663635856529258,-0.29655029524500154,-0.185703926240547,-0.22508267656926106,-0.1405127142618078,-0.12354708380814254,0.007414195666552447,-0.15996302464757867,-0.09674951589382336,-0.15239104622715935,0.09340101522842639,0.14586139024137573,0.21292702946074954,0.04799783247934082,-0.13932217166444869,-0.07249081592808931,-0.18602905433942418,-0.10138737259839507,-0.20169895369315238,-0.0991321948537322,-0.14893895082437505,0.004805202049582035,0.2107706651579023,-0.16880682769007643,-0.23484767589191086,-0.32529544422220275,-0.2981599980874818,-0.14330020958012257,0.16834463578480982,0.06147311716564798,-0.1303923053016599,-0.09355879798229327,0.009996095275283093,-0.05040601168229885,0.10984707822996438,0.24275275123716022,0.21249671285929445,-0.09667779646024752,0.31456940448963655,0.16111372311517344,0.09395883304512746,-0.0792722868139837,-0.26236721943756025,-0.30819434372733867,-0.09416761628509272,-0.15155910079767948,0.38927555403262437,0.27388695423503256,0.17868817187163816,0.07352038824120043,0.17467507112177164,0.15767915912948546,0.211674330020958,0.14489556853588761,0.08912016192654336,0.10813378065009682,-0.1427232665811346,-0.020597821322984485,0.062435751340754964,-0.17233223629162717,-0.10976101490967335,-0.14378312043286662,0.09465371466821793,0.21437576201898173,0.20575189857278328,-0.07570544031747803,0.07627760202089426,-0.24427001569858714,0.012383555530763653,0.06454270892269443,0.1594115818916399,-0.08929388233231599,0.022146961088222873,-0.16385340547777097,-0.1089402258365275,0.03137645530683964,0.11989258022615527,0.07927388057917427,0.062093091824781455
#51,0.48186693654423896,0.7245925937731594,0.622480058013053,0.5813832288088996,-0.10930997936074079,0.23590912350883345,0.36987305660257075,0.41752026073998516,0.4053470822143774,1.0,0.5553442931252939,0.006991847891050212,0.07765780267593175,-0.06305253846950729,0.16650224322450574,0.04075895098375156,0.581936265330029,0.3470487453083537,-0.08275944505096064,-0.13686617950577343,0.040570886691263776,-0.04650447449577254,0.027878140713528676,-0.17294583588999832,0.2278829220091004,0.07237606483436795,0.32880332140665713,0.31417574448756463,0.13485325407007787,-0.33052618157766817,0.356781869327192,-0.09796077743865997,0.2946855899720294,-0.06500968212353274,-0.3563898030903107,-0.5031771709074102,-0.26353544932225137,-0.3092398536923555,0.1588553578401294,-0.3292750759030672,-0.010477412362836584,-0.2246682976197117,-0.05319510076580417,-0.04737785782020735,-0.03489230131724693,0.06265409717186367,0.16274255113994054,0.19895289626979257,0.2656535632605248,0.296099259696069,0.01696881798404641,0.12613854600801663,0.2839882380128936,0.16026424626859725,0.4468455402465555,0.10036576911123685,-0.05612444118608006,-0.23941381316290672,-0.49956569898556846,-0.2921164404848234,-0.19728263035007051,-0.09101196120775526,-0.4218887711273498,-0.13658408306704173,0.2925818199204711,0.13260923268174898,-0.14897720118894883,-0.035485181968140635,-0.2069982229518125,-0.34319820860792577,0.3415390990445378,0.23307381523480145,-0.2990764130720621,-0.24910549928679007,-0.26468296025946497,-0.16994636980133718,-0.34055096462638157,-0.2653778418825554,-0.00853780012590745,0.010606507343273116,0.1893249607535322,0.25993353999155305,-0.09598132107196647,0.02951175003386751,0.10518531504753405,-0.24181721107029303,-0.12256532445074868,-0.007812636964196065,-0.1321406657157201,0.0488042776657715,-0.172254141797289,-0.3000023906477859,-0.33807744105061,-0.41297643618165736,-0.2645076460885018,0.490717114647499,0.14082827976954154,0.45875893504609966,0.254667739801895,0.17103331766130897,0.17216967224218857,0.21860242730438526,0.15907689120161927,0.3076174007283507,0.3837738765947613,0.28708651754337033,0.28101108463690044,-0.26447098948911857,-0.17003880818239048,-0.28849540597183815,-0.2813824319263043
#52,0.5489548884762808,0.3883559515176629,0.41546111611376296,0.22371681980093872,0.08773517997593415,0.1892803353281961,0.3320593836910008,0.6215572679677103,0.6348365195355768,0.5553442931252939,1.0,0.2815019643155974,0.3231757365187387,0.12449378033134378,-0.14014774203316627,-0.16052721752504204,0.36448931778881016,0.39880308234187856,-0.026352907426148906,-0.10759349425049207,-0.10337798532142259,0.019504498402250395,0.13794356477460176,-0.02638956402553212,0.13086884109364166,-0.05888803002653619,0.1675780347281435,0.21750432308807943,0.15272414315198943,-0.21107188677892086,0.16399206304935093,-0.10220656790635035,0.10425933747181028,-0.27826980850911237,-0.3695590848600276,-0.3280064388113699,-0.3451569460271418,-0.3004263321884787,-0.06742583015244365,-0.32774665508530626,-0.09148212193897473,-0.24149845803217812,-0.04049916725768792,-0.0761692259879352,0.11487221987584569,0.10577341440285602,0.04235749746989776,0.07942369450708828,0.03951581413510347,0.14040433822884874,-0.01279634071512244,0.16590139374765916,0.1194797950417965,0.1551036345815171,0.2101395341424348,-0.1358860139135701,-0.2174326036545036,-0.3791105196471404,-0.4552845269306473,-0.3469977448222553,0.04485173999314681,0.05040123038672712,-0.22744941787726414,-0.06521527783311684,0.16303580393500625,-0.06699073225541681,-0.01624843611790675,0.0905912071974436,0.017697168676138946,-0.24228099674075018,0.42738247973926,0.19805082517192743,-0.006706563921937381,-0.09045892468662592,-0.30694642558311885,-0.24330260022790842,-0.16638111707002207,-0.14954936289236506,0.24735873263792046,0.20709066133286583,0.3038274271051646,0.2420738072659755,0.12362836583286184,0.2631561332068946,0.28072580066778763,0.10198025324928878,0.09571834981552169,0.14304680091482122,-0.17592458303118202,0.1295189219772251,0.0005275362780801505,-0.09052745658982062,-0.166946903712676,-0.2385037732390887,-0.06597709759421144,0.3229956410522038,0.18752719361856418,0.2784228099674075,0.2451210863103539,-0.04282606443592665,0.11264732366980373,0.23281881280430955,0.1020663165695798,0.23280446891759438,0.22984644072388816,0.11194925451633211,0.024234793487875432,-0.0035222210711695844,0.05565746798524174,-0.09236666161974356,-0.09381858170835691
#53,0.058232992533210085,-0.15686793264748305,-0.03890062077154173,-0.04078445122680076,0.6315151128784197,0.5467985241734336,0.06278797344787193,0.3340133398146451,0.18356828088517718,0.006991847891050212,0.2815019643155974,1.0,0.6059144626222218,0.3213970945660576,-0.21422435432587716,-0.5118281283618484,0.06804261728119596,0.0037485357282311597,-0.03838264708460502,-0.11605638741244252,-0.20887886587669038,-0.4147726095514348,0.15162444517049303,-0.1369729617735419,-0.14783606531249752,-0.3950354214313605,-0.179434053980827,-0.04961072285220219,0.14584704635466056,0.33891098024528044,-0.05972316298639722,0.166497461928934,0.015092956354740256,-0.07909219134744878,0.16936305174158692,0.16378806110495742,0.14038680681175242,-0.09051470646829603,-0.1417813513535051,-0.0650001195323893,0.060030759668178085,-0.004548605853899545,0.34521910286957425,-0.03527799249336595,0.17222226649347752,-0.02407063567324626,0.16136553801528422,0.2765501358684825,0.007250037851923276,-0.0016065153120990684,0.19269258660121605,0.013068874562710676,0.009608810333973495,-0.06599941030687949,-0.20506817330602684,-0.2897385428204863,-0.1490967335782419,-0.3857166763620716,-0.08012176366055988,0.004617137757094247,0.24678019587374192,0.2962395110328395,0.15432428340332618,-0.26787527193618565,-0.20472232625967215,-0.36436022280837366,0.359617177601224,0.14684155583357905,0.10572082015156707,-0.1876180382344269,-0.011248794715074627,-0.22795623520786681,-0.031707958466479134,0.1351241941524755,-0.02120982715616508,-0.10981520292615289,0.19673915642008463,0.08514371777606006,0.27142458701559496,-0.0542613296782985,0.3967471252460375,0.49059598849301533,-0.11392392958745388,0.4814939954896445,0.5255934783128402,0.34863294790778476,0.31097865151527226,0.3248045645435058,0.0997123253831013,0.5226386376495151,0.4264851899369666,0.160954346596116,0.2654017483604141,0.004722326259672163,0.073072540222649,-0.10611448015363896,-0.39022703185139734,0.13725027691670186,0.006950409996095275,-0.007170349592394552,0.07233622070460359,0.16993043214943143,0.25557459219533185,0.13078118400816008,0.05202049582035079,0.02475436094000271,-0.022236211938895044,0.2762568830734168,0.16612770840472074,-0.022033803759692085,0.010995386049773287
#54,0.1273402449617098,-0.11659189251647555,-0.05653244507486712,0.040052913004327076,0.5371100255799313,0.5359194829825722,0.08012335742575047,0.347665532437106,0.2806827690076421,0.07765780267593175,0.3231757365187387,0.6059144626222218,1.0,0.26580178342324823,-0.18825235678027555,-0.2682354628692555,0.06929691048617807,0.025280303452892287,0.1742718485285563,-0.12146403270406171,-0.27100383300528336,-0.23867908741005187,0.2735140131804381,0.054715552757612224,0.030350070524109683,-0.18094175585111047,-0.2315724884252803,-0.06341113563738654,0.3379021268796468,0.4341065750782937,0.01739913458550152,0.17577955039883975,-0.061519336356174646,-0.06948019348309413,0.24556255926814302,0.2522149351736009,0.23024647578672233,0.004554980914661843,0.026093123700085267,0.08323757460813298,0.20418044609487684,0.05269147096558264,0.4453139318984134,0.01671859684912622,0.13734430906294576,-0.12685095904820343,0.004076851357489501,0.1752201388169481,-0.14369865087776618,-0.04718660599733841,0.16118225501836814,-0.03002494242523249,-0.12124409310776244,-0.11016583126807927,-0.21122966953278774,-0.24556734056371474,-0.34929914175744486,-0.41930209022304743,-0.18761485070404577,-0.1687207643697854,0.12153575213763756,0.08760927252587876,0.34283961144004654,-0.09208137765063074,-0.12083927674935652,-0.29882459817195134,0.21727800843101785,0.3623425160771064,0.3688642032369371,0.005074548366789121,0.19752807018941898,0.014429950035461275,0.24564862258843403,0.02095960602124489,-0.1373602467148515,-0.19316115356724495,0.046096470606985476,0.01630899919514858,0.43543896277761396,0.17921730191490887,0.24472423877790087,0.5151957542095323,0.046474192957151626,0.24679135223007595,0.2990700380112998,0.16316968021101452,0.11152850050602045,0.49121596315214877,0.24215190176031365,0.3912087912087912,0.4450700858242555,0.11872753787184534,0.14813888069870665,-0.03855477372518707,-0.04372972929898238,-0.10454462144092311,-0.21629465530843342,0.06939731769318426,-0.06327088430061599,-0.058030584354007125,0.09365761142410889,0.2648503056044753,0.2935890795209142,0.049656942042728844,0.06529815362302673,-0.03804955015977496,-0.04086413948632948,0.10430077536676521,-0.014595701615281021,-0.0743650837922049,-0.03543258771685168
#58,-0.29588410139534144,-0.1694395524707345,-0.11026305094470432,-0.3335097100144236,0.18097522492011253,-0.04489477165329232,0.38642271434149605,-0.11244491549060077,0.1507956872713943,-0.06305253846950729,0.12449378033134378,0.3213970945660576,0.26580178342324823,1.0,-0.21938177848257617,-0.48521384344444535,-0.03479986293619361,-0.0430539728581788,-0.14406999816717003,-0.05697869932822797,0.07275856848010583,-0.42485954944258064,0.08522499980077936,-0.28456358724669095,-0.12409693279889074,-0.3503111826534597,0.04207221350078493,-0.16629027245415934,-0.029256747603375596,0.10051877056953198,0.042972690833459504,0.3740837842360685,0.122369291332308,0.15855413621911083,0.19806198152826143,0.04578728016001402,0.25365888643626133,-0.045124273840735044,-0.0011060730422586841,-0.14419431185203485,-0.00017850170134434094,0.011690267672863757,0.2581182414394887,-0.11580297874714118,0.28287100861430087,0.050441074516491484,0.017405509646263816,0.16377371721824224,0.159156579461148,0.2051335176788404,0.08514371777606006,0.02306178230761262,0.08827387261034832,0.05322219477404394,0.09508721880005419,-0.16463116289077132,0.1834423734351218,-0.2486735889201444,0.035171210225597466,-0.008615894620245599,0.12579269896166198,0.23204583668688092,0.29310457490297953,-0.06666401039134905,-0.1546239112591542,-0.07752552016511408,0.686896859485692,0.5247822518308377,0.0855341902477508,-0.09149327829530875,0.34315836447816145,0.20571046067782833,0.18489269975854458,0.2906119261449211,0.23522061694650528,0.15341105594912702,0.33966323741523163,0.22854114703280765,0.21592330801902956,-0.15023149439393094,0.2812103052857223,0.11395261736088422,0.21167751755133915,0.20413741443473132,0.47345026257281514,0.19018559395644238,0.29502187442724065,0.05136545832702468,-0.043563977719162636,0.33198288296185324,0.3146793742877862,0.2952800643881137,0.2970268310369833,-0.05865215277833117,-0.10967973288495406,0.029894253679605385,-0.4027890890835053,-0.08246619225589494,-0.13551307285897568,0.282937946752305,0.09742527233462694,-0.017740200336284456,0.3263648606650782,-0.0021898333718493256,0.1452637282949103,0.1594307070739268,0.2635290742614891,0.3583820095785288,0.1372662145686076,-0.11856975511797847,-0.1919514857875989
#101,-0.23393604220290223,0.10123915243567165,-0.2530229741252221,0.06606794221007418,0.022319087728804914,-0.00020081441401238355,0.21653372008701957,-0.1774928479787073,0.05036616755253449,0.16650224322450574,-0.14014774203316627,-0.21422435432587716,-0.18825235678027555,-0.21938177848257617,1.0,0.42933006080214203,-0.10612085521440126,-0.25213684067926273,0.40358597167879257,0.33459665787439535,0.38241598865239185,0.24454414331136592,-0.18097841245049368,0.232528747539625,0.1008741802070301,0.27359848273553855,0.0008303516642893002,-0.15836607192662305,0.10660057853676418,0.046609662998350454,0.03677931930288711,-0.19327431089577574,-0.12797775103793957,0.021393110153081145,-0.024816517782435113,0.002025675557220155,0.15960761501008056,0.3360422029022464,0.24747348373164182,0.2496792547553969,0.17725059566973997,0.17706412514244277,0.10945979328865478,0.5249320657587517,0.028002454398393484,0.049164468598841334,-0.05166508618285268,-0.28088039589127334,-0.14033102503008232,-0.15802500617584012,-0.0671469212440931,-0.23308497159113548,-0.09198575173919626,-0.13418706022041774,0.21475029683876676,0.23986166118145813,-0.24928081345775327,0.2975352421327766,-0.28453968076883235,-0.13606292184972388,-0.46514674592992217,-0.4707201428013611,0.04819545936297205,0.45396010805727993,0.06938775510204082,0.08552303389141677,-0.05429639251249113,0.15677549426642973,0.3952569547928504,0.5110870275482313,0.061804620325287475,0.07720039206623688,0.003911099777669756,-0.3893281482839133,-0.24239415406928097,-0.3362701113244986,-0.5125485102279881,-0.5080971240507136,0.020954824725673168,0.23523655459841103,-0.22198439703878428,-0.18523854680489923,0.08105730382742711,-0.28328220003346904,-0.3038226458095929,-0.5031612332555044,-0.5042147120464742,-0.2541370159934337,0.052476312664855085,-0.45726717082772195,-0.21883192949182798,-0.5541951884228896,-0.4128584975575548,-0.3231167672066874,-0.3837547514124744,-0.12440612324586219,-0.028918869382973805,-0.08380017372040577,-0.15819075775565986,-0.13571707480336923,-0.1970658782841524,-0.08485524627656607,-0.11277641865024025,-0.20654718740287994,-0.26613966164365005,-0.19995218704428278,-0.13771725011754019,-0.5593637689359227,-0.2877877742272231,-0.15680418203986007,-0.1595183641594084
#102,0.062413438628086924,0.19008040545386448,0.09169090517893999,0.23215740025022114,-0.2632119149885647,-0.18233470662767254,-0.09747308529034418,-0.1600235877248205,-0.22488345592043923,0.04075895098375156,-0.16052721752504204,-0.5118281283618484,-0.2682354628692555,-0.48521384344444535,0.42933006080214203,1.0,-0.035802341241064954,0.09948919825642089,0.021976428212831405,0.20912589948122942,0.03938512538947637,0.7157487907306617,-0.36817091537903723,0.2388289013379659,-0.056957980380750506,0.4311342029978723,-0.19616380718628723,0.011446421598705863,-0.01134601439169967,-0.13010224003697535,0.16474910151487382,-0.1075855254245392,0.06636916383109276,0.1319605702491852,-0.10749149327829531,-0.09493899863733077,-0.044397516913833084,0.2494593151590976,0.1282694100678147,0.19386878531186,0.21070372701989815,0.10205037891767406,-0.18815194957326936,0.2855915657946115,-0.47641625959247424,-0.06170740064866243,-0.034994302289443696,-0.22451529616141655,-0.21511367530221773,-0.2591478137525998,-0.16418331487221988,-0.11929173074930871,-0.168220322099945,0.0396640342978269,-0.011489453258851373,0.42083688610157066,-0.34069121596315216,0.4089952107356023,-0.11689470790268469,-0.1545043788698611,-0.251757524563906,-0.23782961056347568,-0.08481540214680171,0.4808947397779885,0.06335535385571643,0.22112376383587407,-0.39863095570129653,-0.17180310624835643,0.03204902421726207,0.4539107013363721,0.04264915649977289,0.24186661779120083,-0.02716732143853246,-0.27006032401246327,-0.22445154555379357,-0.1097769525615791,-0.271787965479046,-0.1648813840256915,-0.3154523504052148,0.22564368191634326,-0.41493198607049225,-0.18750966220146786,-0.0943365553952936,-0.4469873853485166,-0.43276940608340175,-0.34409549841021925,-0.3165998613424284,-0.3101690187984604,-0.012821840958171633,-0.4823004406760752,-0.5420602602618556,-0.4404704794842576,-0.5157185091920408,-0.05538174660727235,-0.21172214297667524,-0.06435145709982548,0.36643211755612043,0.0627704420307756,0.09657420172286017,0.003651316051606117,-0.04161958418666178,-0.0073536325893106165,-0.189385523830774,0.02582377738287818,0.07271234928957916,0.05298312999545777,-0.04110161049972508,-0.34973264588928116,-0.21911880722613136,0.04633394162038107,0.05608778458669684
#201,0.5158954171281945,0.42408497955996144,0.7448700682928384,0.3946130736558583,-0.12209197618914805,0.2353513056921324,0.12280438922933484,0.3813306345576106,0.2449712723824399,0.581936265330029,0.36448931778881016,0.06804261728119596,0.06929691048617807,-0.03479986293619361,-0.10612085521440126,-0.035802341241064954,1.0,0.6888316904270494,-0.3417191945110727,-0.28168684107770403,0.026585597143972777,-0.0267529424889831,0.10748511821753301,-0.2694499119444732,0.40592083768298415,-0.09819187339129326,0.23101945190415096,0.27785224202918185,0.2479117691590498,-0.2898708253313039,0.44422698403844163,-0.2799894811497422,0.1497230832981377,-0.22201308481221463,-0.2906278637968268,-0.46860362262827815,-0.35486935109850265,-0.33660161448413806,-0.16034712205850712,-0.43175736518738694,-0.09313645020679104,-0.31661101769876243,-0.18780291499653357,-0.3231390799193555,-0.07455633561507383,-0.18113460143916996,0.1587804508761724,0.13890141765413702,0.12964004813170876,0.19028440739825803,-0.016336093203388344,0.034611798643705824,0.13725505821227357,0.20193801847173856,0.3431424268262557,0.037171385539768426,-0.03790929882300441,-0.31263138601789797,-0.33216138466319756,-0.113466518977759,0.09001585796364621,0.1333073018352206,-0.4919204073663827,-0.37143335272414313,0.1723672991258198,0.08793918192032768,-0.18868267338173067,-0.38473172947429657,-0.4001514076931046,-0.5258628246300473,0.4303102263943453,0.3297388615735244,-0.2071544119404888,-0.02641506426858131,-0.08323119954737068,0.07039023340691215,0.016293061543242834,0.12176844185546143,-0.04256149941429129,0.05049048123739929,0.1837930017770482,0.3312959701647156,0.03417032568591669,0.18740447369888993,0.19078325590290782,0.061045988094574025,0.0807895512754106,-0.08232275338874323,-0.22642303309453418,0.15217748169162237,-0.25750464184111754,-0.004870546422395588,-0.18404481667715897,-0.15271617432603654,-0.055265401748360414,0.7603487158236977,0.39494138928511663,0.5258197929699018,0.4119994581198352,0.12038345990485222,0.1220393819378591,0.38888986285650534,0.16962124170245999,0.27605925618978555,0.24117332993330093,0.12230713448987561,0.0823004406760752,0.05509008757739722,-0.00332459418753835,-0.11305214002820964,-0.18980627784108567
