,#10,#11,#12,#13,#17,#18,#26,#49,#50,#51,#52,#53,#54,#58,#101,#102,#201,#202,#301,#302,#401,#402,#501,#502,#601,#602,#701,#702,#801,#802,#901,#902,#1001,#1002,#1101,#1102,#1201,#1202,#1301,#1302,#1401,#1402,#1501,#1502,#1601,#1602,#1701,#1702,#1801,#1802,#1901,#1902,#2001,#2002,#2101,#2102,#2201,#2202,#2301,#2302,#2401,#2402,#2501,#2502,#2601,#2602,#2701,#2702,#2801,#2802,#2901,#2902,#3001,#3002,#3101,#3102,#3201,#3202,#3301,#3302,#3401,#3402,#3455,#3501,#3502,#3601,#3602,#3701,#3702,#3801,#3802,#3901,#3902,#4001,#4002,#4101,#4102,#4201,#4202,#4301,#4302,#4401,#4402,#4501,#4502,#4601,#4602,#4701,#4702,#4801,#4802
#10,1.0,0.5248205021954115,0.5843269131158907,0.7231263297978309,0.3664177736694053,0.27852002964403255,0.31409446246284534,0.8667548550072118,0.23128401692578632,0.6780546502083848,0.7568982141861039,0.414284917403119,0.40211333264270177,-0.07380567221031326,-0.27224696985393143,-0.1122058507120146,0.534875566782746,0.4539983584218537,0.22536796053837388,-0.05312656886260947,-0.20503311047183417,0.025033269848353242,0.026980850911235248,0.04761054753803122,0.10130130927810406,0.047773111587469816,-0.2465012869653914,-0.033507319366637714,0.16688952816581534,-0.11352389452461968,0.29499478041900085,-0.041589302648040866,0.3368725545665357,0.04131039373969033,-0.16091450246635164,-0.01626596753500307,-0.0911538063097164,-0.17616524157495875,0.12364749101514874,0.08604260134354405,0.22922168476918295,-0.11855062993569157,0.010695758193945287,-0.11897616524157496,-0.20160651531209905,-0.08453171194287945,0.14604786076867296,-0.007884356397771916,-0.2719744360063432,-0.38848345273290885,-0.42907027707607837,-0.15057256014471387,-0.004825920997059504,0.11438134019714875,-0.24960116026105875,-0.06619863095570129,-0.4084597056315693,-0.40739666424945614,-0.1602546836774538,-0.1897791838328459,0.06284056769916088,0.05435376805935182,-0.2423176533401334,-0.2197037190510722,0.25185474424053106,0.3293563579277865,-0.23879065097339208,-0.29503940584433697,0.18584099004693638,-0.17136482082094845,0.2944991194447322,0.06884587493724549,-0.13608364079720134,0.02714979002143614,-0.1444827833515288,-0.16440962952928145,-0.1773605654678896,-0.2115627664576178,-0.2810748352445234,-0.05094789184709417,0.06632931970132841,0.1752822956593805,0.055319589764839944,0.22079863573699687,0.005625991122727888,0.37729203356469493,0.1140976499932265,0.16022758966921402,0.13045286837890174,0.14135740981281228,-0.0062778410856728474,0.20405453864482145,-0.22618237455075743,0.09738542820486258,-0.12076277602020895,0.26684569962307453,0.12284901465467092,0.455031118265346,0.46821315015658743,0.08532700077297611,0.20827164133908152,0.449060873861454,0.15509725952075482,0.3436333065049526,0.1594179569524022,0.2557467188359139,0.16826972882085284,-0.08045964188096168,-0.08631832272151344,0.14290973710843183,-0.18448469586975752
#11,0.5248205021954115,1.0,0.3277944680410235,0.41963040585230577,0.22801520451991808,0.04586856218473332,0.4422985281578465,0.538579477085641,0.43432970220497413,0.59980556064675,0.5742925674760337,0.276282383316466,0.3529584266350039,-0.09650248228928432,-0.03662631784459196,-0.17369171799918717,0.3367498346468615,0.33122584449633036,0.28631354142594173,-0.06990413502378695,-0.07984922981297166,-0.06871837372199954,0.12517750559810023,-0.07978707297053925,0.19977687287331958,-0.11105993353999155,-0.10281219867876866,0.032606842033963135,0.08202153176772466,0.0070332857860051475,0.08463849421064795,0.0783542780642128,0.009906844424610923,-0.03431535831825897,-0.22010534787909697,0.09397158316665205,-0.14579763963375275,-0.1360310465459124,-0.003789973623186096,-0.10527137836782507,0.07905712851325614,-0.041297643618165736,-0.22479420506976708,-0.10909960235558495,0.06745292416068341,-0.09888834877957431,0.05497214895329471,0.08982141861039614,-0.199464494895967,-0.1623903290328236,-0.1547737251870682,-0.1458709528325192,0.040913546207237285,-0.05139733363083617,-0.13950067336579303,-0.2379459554223876,-0.14343886715170254,-0.40320187426786414,0.0037070978332762235,-0.059013937476591574,-0.06648391492481413,-0.03573859063344197,-0.3447728486162134,-0.20131166875184278,0.0420116504235431,0.18097203738973136,-0.25612125365569893,-0.267840209101993,0.16114878594936607,-0.023997322474479835,0.2135039724597375,0.21150379714556655,-0.31282104407557637,-0.2166835340149336,-0.2308425439679972,-0.3456032002805027,-0.18841651459490474,-0.24221883989831777,-0.12540063272478066,-0.09791296448294273,-0.05784570759190048,0.001514076931045749,-0.0035525026097904997,0.1312800325128099,-0.1023850696076947,0.021788363920343615,0.03387707289085099,-0.007503446517224618,0.012322992453521822,-0.08141590099530636,-0.12377339846520412,0.04581756169863494,0.0036943477117516274,0.1673660639577971,0.03471220585071202,0.28903250484106174,0.1253799137773032,0.17817976077584488,0.2824821299078007,-0.1317167241750273,-0.07143893090231017,0.15066340476057663,0.1943309772171266,0.08870737674218457,0.10179218895680099,-0.005241893711799441,0.09623313597207724,-0.21118663787264222,-0.1934623751882635,0.1881631059296034,0.04500474145144196
#12,0.5843269131158907,0.3277944680410235,1.0,0.6670895456972324,0.302338850417168,0.36537863876515075,0.20093872769724835,0.46412673620795447,0.01669150284088645,0.6355839954099562,0.5539162795145391,0.278304871343305,0.2693016917817498,-0.3120576305492912,-0.2912048067958148,-0.10570488249966133,0.7499621480767239,0.6906438014487326,0.27963725904262526,-0.14856919730016177,-0.12889735355290105,-0.038476679230848916,0.29731689630166785,0.23079951230785167,0.31657117356899805,0.014170166309397636,-0.1589238897433241,-0.04955653483572265,0.19173154619129965,-0.26207396664249455,0.29963104335838203,-0.014831578863486043,0.2920287833993418,0.03406832471371993,-0.26013754193594657,-0.20399556933277022,-0.21245686872953007,-0.3245320306959176,0.09604029038401772,-0.050533512897544805,0.21564918040625075,-0.29760536780116187,-0.1606180621409048,-0.38080947334029275,-0.1752631704770936,-0.20119532389293085,0.12238522898421375,0.0702627321916662,-0.21482520380272374,-0.2293061543242834,-0.2416753659683319,0.1745587262628597,0.21229908597566322,0.07741873789734559,-0.3171640542198918,-0.31193969192518867,-0.2949198734550439,-0.4533226019810501,-0.08266381913952617,-0.05492752352795863,-0.12754902820167505,-0.13463012694339743,-0.40688347185809115,-0.2663117882842321,0.39767310282176127,0.35756759556614526,-0.3755372980898724,-0.4761835698746504,-0.049803568440261695,-0.3541967821880802,0.3272956195363737,0.034066730948529356,-0.3797480257233702,-0.16972961773541903,-0.2822797217285977,-0.18887233143940904,-0.24797870729705393,-0.09218497238801808,-0.2691805656272661,-0.0548478352684299,0.00527376901561093,0.12062730597901011,0.15431153328180158,0.29526412673620794,-0.19086294416243654,0.1779661962403079,0.07313629083027198,0.12516953677214737,0.016348843324912942,0.11566591494075178,-0.15220935699543386,0.24251209269338347,-0.11588744830224162,0.14829188215700181,0.02279084222521496,0.5062164811258357,0.15218066922200352,0.7274263082820008,0.7004151758321446,0.2751189347273466,0.43547721314218774,0.45587581381635045,0.2487357457625768,0.5744455689343289,0.31443712197881885,0.38450063352166325,0.27955438325271537,-0.20964068563778498,-0.14355521201061447,0.024787830009004773,-0.061280271577588474
#13,0.7231263297978309,0.41963040585230577,0.6670895456972324,1.0,0.36716206201340357,0.45201730828996967,0.21768601231980492,0.5233303317422244,0.1564886165321263,0.7318011937301278,0.5763102742073011,0.3905920040800389,0.3352564766632932,-0.0074875088653188725,-0.23289850106383828,-0.2423845914781375,0.5954290814334324,0.4567587597319287,0.10617185570049964,-0.15198463610356286,-0.1856226442158277,-0.1634964020750823,-0.009020710978651515,-0.03328419223995729,0.1100765804174071,0.023187689757668002,-0.17429097371084318,0.11198750488090589,0.037783391372949025,-0.15305245878124776,0.23379260333575055,0.11402433679446007,0.42513845835093117,0.1826295531879288,-0.21842711313342206,-0.014135103475204998,-0.08991066946106831,-0.1429113308736224,0.09115221254452581,0.07061336053359259,0.22208958554136218,-0.08774155503669645,-0.030047255137900533,-0.1618468551028377,-0.07397301755532358,-0.13653467634613392,0.19873136290830273,0.20625074707743307,-0.12825506618109953,-0.2352620548414602,-0.20301859127094804,-0.10748352445234244,0.06909131477659397,0.017670074667899178,-0.14617854951430007,-0.1570783096526389,-0.21074835244523424,-0.37696531170062714,-0.03158683231199547,-0.1186733498553658,0.030268788499390385,0.053327383276621856,-0.20095625911434467,-0.20716556829682284,0.36414665827283665,0.3837308449346158,-0.15222848217772075,-0.27725617384790696,-0.03579118488473093,-0.23375594673636732,0.2597582258205898,0.1158396353465244,-0.1534365561921762,-0.011805018766585119,-0.1481611934113747,-0.10946457458422651,-0.1055821625799871,-0.1401126791989736,-0.17398178326387173,-0.12771477978149479,0.06355776203491939,0.14168891297245176,0.05493230482353035,0.3030719824048323,0.009559403613065688,0.3282247846424786,0.2029723720804214,0.2300376925467571,0.026035748153224587,0.16500888524093746,-0.028797743228490148,0.2791607232506435,-0.05117739403453689,0.07635091521966068,0.05607981576074397,0.15980524189371179,0.0756257520579493,0.49672082812039303,0.4506498577564567,0.24120201770673128,0.24833252316936147,0.38639880786363745,0.2874833650758234,0.48909784921387534,0.3182685334969599,0.34903935803138125,0.2373849500753054,-0.08471021364422379,-0.05109770577500817,0.05214321574002502,-0.10670736080453266
#17,0.3664177736694053,0.22801520451991808,0.302338850417168,0.36716206201340357,1.0,0.34418156173051023,0.16641139860864299,0.30391667795583677,0.19100000796882596,0.19331734255592123,0.19841101610499726,0.762913084015332,0.44010391349042544,0.2127740280024544,-0.29532150228306864,-0.2922088788658767,0.2639514220369913,0.30963191992923683,-0.06117348930981999,-0.06773820812979624,-0.3371259632318371,-0.27871287523209204,-0.23769892181784857,-0.1448652869972667,-0.2179872339408235,-0.08630876013036999,-0.1552343233271442,-0.009258181992047112,0.2072356939652081,0.24167695973352246,0.04476248914247464,0.3373538716540892,0.27609272525878764,0.16294814684952466,0.031765334013339815,-0.15755962674019236,0.12326179983902971,-0.0895488847628079,0.286072882882165,0.26989297866745293,0.07968347823315192,0.04191602451210863,0.2582345862984007,0.049891225525743294,-0.06699870108136968,0.002052769565459921,0.29053383165058294,0.12089346476583605,0.040685637784985136,-0.19188136011921364,-0.1928025563993657,-0.2237375387484162,-0.14164747507749684,-0.34917004677700836,-0.19169170206153527,-0.21718716381515513,-0.09603072779287428,-0.13570113715146348,0.15628780211811394,0.20392384989919435,0.2024288981504355,0.1504163711560376,0.13249607535321822,-0.1771246882196846,0.0160954346596116,0.11421080732175729,-0.06126911522125445,-0.27582178517638994,-0.10627066914231527,-0.14680489923419582,0.07308210281379245,0.12017467666488696,0.05054466925387883,0.1703001856736447,0.2740670497015675,0.08485205874618493,0.12900572958586012,0.10981042163058116,-0.0985265640813139,0.02849652160747157,0.4281124241965431,0.668417152100981,0.2113364518005562,0.592831244172796,0.541586912000255,0.3695654599207899,0.2943174302130067,0.38586170899441385,0.17646486943078676,0.5371689948919826,0.49464733960745566,0.43849261688275465,0.159017921889568,0.18335152881925906,0.17498744909912423,-0.113316705049845,0.08564894134147216,0.1218274111675127,0.36716206201340357,0.10660057853676418,0.16779956808963337,0.014796516029293404,0.47420092597757574,0.14292567476033757,0.16891839125341662,0.21167592378614858,0.2638621711863191,0.22292471850122322,0.0238060706516109,0.1984954856600977,0.14019077369331176
#18,0.27852002964403255,0.04586856218473332,0.36537863876515075,0.45201730828996967,0.34418156173051023,1.0,0.03526683613703193,0.19783088557562814,0.07041573364996136,0.16267561300193642,0.12512650511200185,0.4084214552669955,0.3090852584688698,0.05811824143948872,-0.165362701113245,-0.34166500649459314,0.33621911083840017,0.15697949621082327,-0.17077990899600762,-0.1875638502179474,-0.0834925770386249,-0.22321637753109835,-0.13103937396903315,-0.09381061288240404,-0.03527161743260365,-0.04401820079847636,-0.07983329216106591,-0.05604475292655133,-0.005117580026934632,-0.20184079879511352,0.09606260309668577,0.22441010765883862,0.3271458056084597,0.3236140219461467,0.05458964530755684,-0.16815338396194088,0.16988102542852362,-0.030557259998884364,0.2746376176397931,0.20121923037078948,0.060115229223278534,-0.2373419184151599,0.11414865047932488,-0.2459323127923563,-0.10266397851604524,-0.11245129055136306,0.3022990062874037,0.2274637617639793,0.01943437273386512,-0.17969383770689065,-0.12192463084413774,-0.07737251870681892,0.02566280709863016,-0.07306297763150554,-0.0066077504801217634,-0.08005163799217462,-0.021911083840017852,-0.13440540605152643,0.0007936950649060874,0.12485715879479477,0.11737283745985704,0.25100686115914544,-0.040309509200009565,-0.1360979846839165,0.04128489349664114,0.06548781168070508,0.004180446094876842,-0.21975153200678943,-0.21915227629513342,-0.2469507287491334,0.0666289475571564,-0.11532484918996884,0.054945054945054944,-0.12112456071846935,-0.01591693295826726,0.14853413446596914,0.18892811322107914,0.20729466327725937,-0.12066874387396505,-0.2249870506578266,0.2296870642048307,0.11842631625082677,-0.08161193411374702,0.4188175856051128,0.08600435097897027,0.31232060180573595,0.2567523846711664,0.24035413462534566,-0.06806014869829229,0.3179051550335089,-0.028710086143008552,0.32217485197905793,-0.06028257456828885,0.06520890277235455,-0.004534261967184375,-0.003708691598466798,-0.217880451673055,0.3590673286104758,0.3158667293547642,0.1818438269489756,0.20227589669214036,0.19558845795248986,0.13915801384981952,0.4362677206767127,0.18768019507685932,0.25014463419104466,0.14173513216297842,0.11847731673692515,0.12384033660320824,0.07740120648024927,0.06781630262413439
#26,0.31409446246284534,0.4422985281578465,0.20093872769724835,0.21768601231980492,0.16641139860864299,0.03526683613703193,1.0,0.3784347632063368,0.44266509415167865,0.45307238084612994,0.4077090422268087,0.1423423567005873,0.2866928575412984,0.21946624803767661,-0.018369737586561373,-0.02971734574345162,0.22630828200081282,0.30793774753165615,0.1359545458167648,0.09055136306767923,-0.06908015842025994,-0.0789471587151065,0.13362446110814494,0.029962785582800085,0.09674951589382336,-0.08844918678131151,-0.014514419590561722,-0.001102885511877535,0.22713703989991155,-0.10051080174357911,0.10289507446867853,-0.056224848393086245,-0.0017276414665827284,-0.13328180159217143,-0.1124305716038856,-0.07919419231964554,-0.05839236905226753,-0.275630533353521,0.04500314768625138,-0.1381969734399031,0.14633473850297635,-0.024732048227334668,-0.00559092828853525,-0.03492098909067727,-0.003774035971280351,-0.10368717576839405,-0.1841292862322594,0.08641713616332905,-0.12047749205109612,0.00920080644518643,-0.07952728924447561,-0.019550717592777055,0.04123867430611448,-0.08533656336411956,-0.1087776617870889,-0.11945110726836615,-0.20719584983544376,-0.1496959892898979,-0.19907720995465739,-0.10357879973543498,-0.13449943819777033,-0.1362430173162588,0.0009833531225844497,0.1576887217206289,-0.05735642167839412,0.06417454916367171,0.15497294583589,0.08357067153296305,0.2432978189323367,0.001082166564400067,0.4106830080724207,0.29991632732749485,-0.054862179155145074,0.052162340922311916,-0.0684028082142658,-0.08908509909235073,-0.3025269147096558,-0.34219573030305445,0.273533138362725,0.1351767884037645,-0.04882977790882069,0.21084079082628757,0.022704778904923936,0.10371905107220553,0.0816135278789376,-0.06874228019985816,-0.16018774553944967,-0.1541983759532708,0.11129740455338714,-0.035948967638597805,0.140613121468814,-0.13016439687940776,-0.00819195307955279,-0.14423574974698977,-0.1503095888882691,0.1290073233510507,0.04684713401174605,0.007771199069241129,0.001078979034018918,0.0020798635736996867,-0.004307947310122799,0.19148770011714175,0.19434372733865118,-0.053988795830710264,0.10319151479412537,0.02405629178653109,0.03669644351297723,-0.2604897640430635,-0.2701591374542789,-0.14619129963582467,-0.10214441106391796
#49,0.8667548550072118,0.538579477085641,0.46412673620795447,0.5233303317422244,0.30391667795583677,0.19783088557562814,0.3784347632063368,1.0,0.3010989010989011,0.5403310250300823,0.750939126138546,0.4279578289730574,0.43228808899584825,-0.010601726047701392,-0.13200041437894955,-0.12737530779590242,0.4710516459610006,0.37324546374582634,0.26271625401429605,-0.06751986229868753,-0.10464024735235758,-0.007270756799400744,0.028772242985440954,-0.023159001984237662,0.13231597988668328,-0.06491724374247942,-0.2690084389866841,-0.11044952147200153,0.23313597207723386,-0.09435568057758051,0.17322793232873002,-0.09514778187729601,0.18064053423009188,-0.05546462239718222,-0.04827674138769135,0.060963112304664155,-0.015220457569986214,-0.16568464168174102,0.0925324131995633,0.06451083361888293,0.3304799623871415,-0.07831921523002017,0.04578090509925173,-0.08736223892133972,-0.23715066659229095,-0.15137422403557285,0.032543091426340154,-0.07832559029078245,-0.29927882125126504,-0.3098343281084398,-0.4447449577253783,-0.18660918486879327,-0.02829251966307804,0.05937731594004255,-0.16861238833682635,-0.019678218808023014,-0.39857358015443584,-0.3627393636095594,-0.20875614595701616,-0.20243686697638838,0.043179880308234185,0.019332371761668354,-0.19955533951182972,-0.2336778522420292,0.10957454438237614,0.24950553434962428,-0.2074859151001283,-0.24117014240291978,0.2950553434962427,-0.15078931221063202,0.32917148116567985,0.11508100311581095,-0.05545505980603878,0.026980850911235248,-0.14794762887583773,-0.1610165034385484,-0.1069990198344078,-0.25017332196447495,-0.2001816892317255,-0.0906788642829252,0.11710827243822168,0.18137207245256556,0.08135374415287396,0.2386089617416666,0.051956745212727806,0.2977264939556455,0.06132330323773399,0.1366558025006176,0.17158316665205714,0.1362191108384002,0.02122257727768968,0.13375514985377204,-0.23920662368813203,0.11324498561626915,-0.13154619129963582,0.340238586649029,0.04064738742041135,0.321234530516619,0.34238220083035165,0.011036823944728224,0.15503988397389412,0.35349393173903687,0.06420483070229263,0.1833993417749763,0.050299229414530355,0.13249288782283705,0.07347895034624549,-0.08468790093155576,-0.1601781829483062,0.12648917434994303,-0.1558845795248986
#50,0.23128401692578632,0.43432970220497413,0.01669150284088645,0.1564886165321263,0.19100000796882596,0.07041573364996136,0.44266509415167865,0.3010989010989011,1.0,0.2312298289093068,0.26999976093522143,0.18633027596044274,0.29790340189179926,0.23143064332331917,-0.09131158906358326,-0.21064635147303748,0.10455418403206655,0.24257584330100646,-0.08432770999848592,-0.01557905473786547,-0.16523838742838018,-0.20790507534524938,-0.13739371578385356,-0.06584481508339377,0.07542493764393692,-0.07052570344811099,0.15565029604188416,0.2091976189148053,0.09179290615113675,-0.1401939612236929,0.05406848409023898,0.06361832511216123,0.04913259329502984,-0.016815816525751263,-0.06810318035843779,-0.1144403095092,0.0710436771350477,-0.16206360716875584,0.04300297237208042,-0.0720541242658719,0.07019260652328092,-0.19274358708731443,0.06186677716771988,-0.03648766027301198,0.09905250659420348,-0.008670082636725132,0.12105602881527465,0.25002988309732327,-0.050388480265202526,-0.04882818414363012,0.02107276334977568,-0.18958474447959583,-0.06511646439130123,-0.1336451800556224,-0.034434890707552054,-0.17160388559953463,-0.1803281562527393,-0.19004374885448128,-0.07670791862234937,-0.0381658950186869,0.06820199380025341,0.15609176899967328,0.03086645044585581,0.01297006112089506,0.05712373196057025,0.22898899505135908,0.32047589828590556,0.18012574807353632,0.15175035262054842,0.09769780618221517,0.16316968021101452,0.08322482448660838,0.1678091306807768,0.023608443767979662,0.006139183514092868,-0.026599941030687947,-0.04499677262548909,-0.13203866474352333,0.31408649363689245,0.005262612659276909,0.09591916422953406,0.06390998414203636,0.14407637322793232,0.11783821689550479,0.12909019914096057,0.10377005155830392,0.10552159950274526,-0.14336396018774553,-0.07152021292702947,-0.038768338260724046,0.051577429097371084,0.06771430165193762,0.05148180318593661,0.03322362916271546,-0.05531162093888707,-0.00024703360453904325,-0.0075592282988947235,-0.08349735833419662,0.03686219509279698,-0.05910478209245432,-0.08602347616125716,0.2038027237447107,0.3522826701942003,0.03851174206504156,0.26651260269824445,-0.1073671795934305,0.0482177720756401,0.0032130306241981367,0.055091681342587795,0.05258946999338587,0.02783351528819259
#51,0.6780546502083848,0.59980556064675,0.6355839954099562,0.7318011937301278,0.19331734255592123,0.16267561300193642,0.45307238084612994,0.5403310250300823,0.2312298289093068,1.0,0.651596554279658,0.2871901122807577,0.4573835156866339,-0.14487963088398187,-0.11141534317748966,-0.2152523328737977,0.6538692634414172,0.47099108288375874,0.3689263600793695,-0.256177035437369,-0.11675445656591414,-0.18535011036823945,0.2553339336515551,0.05818039828192113,0.28752161544039717,-0.07096080134513783,0.008746583365872706,-0.042920096582170546,0.1835858123022735,-0.2742009259775757,0.30235000677350204,-0.057764425567181185,0.29257703862489937,0.024384607415789433,-0.3037573014367793,-0.1176310274207301,-0.184366757245655,-0.36911601813704786,0.05926734614189291,-0.09559084860027572,0.24831658551745572,-0.18448947716532924,-0.14625505024344762,-0.21229111714971033,-0.09969320020081442,-0.19906445983313278,0.14655945939484735,0.07641785335766481,-0.13236857413797226,-0.234476328602507,-0.2284136458175617,-0.0401262262030935,0.16523998119357075,0.009648654463737857,-0.22344747348373165,-0.28186534277904834,-0.2390695598817426,-0.5268445839874412,-0.07682426348126131,-0.10402027269322411,-0.1712739762050857,-0.15849676067225016,-0.32801759516770396,-0.14057168357385907,0.3262851724055495,0.25057973208807144,-0.261012519025572,-0.2306799799185586,0.05924025213365315,-0.2144793567563691,0.3923897712150069,0.20420754010311662,-0.3320769151080971,-0.11484193833722478,-0.3208105889759262,-0.25752217325821386,-0.28608722676888015,-0.24955812860091323,-0.06964435129772331,-0.07836384065535625,-0.033014845922750204,0.09298663627887703,0.10019204870546422,0.1693072699599168,-0.18402887902525322,0.10336204766951684,-0.06847930894341336,0.00917211867175609,-0.01566830558853764,-0.014364605662647722,-0.09278582186486464,0.049339782769804524,-0.14252245216712223,0.0488042776657715,-0.10097936870960801,0.3886667357298249,0.024853174381818326,0.5561634884332491,0.4488568719170605,0.22331678473810454,0.22503486361354383,0.42011809800062155,0.19824845205555866,0.3444397516913833,0.275233685821068,0.31702699041350235,0.2113252954442222,-0.2876554917164054,-0.1795790866131693,0.011856019252683501,-0.11048299054100359
#52,0.7568982141861039,0.5742925674760337,0.5539162795145391,0.5763102742073011,0.19841101610499726,0.12512650511200185,0.4077090422268087,0.750939126138546,0.26999976093522143,0.651596554279658,1.0,0.3692164253440541,0.3949541394066412,-0.004591637514045056,-0.1797209317151304,0.0003745348197850011,0.5284176302305381,0.47561618946680584,0.29862378375793897,0.04543824558327821,-0.20514626780036496,0.021825020519726828,0.05814055415215676,0.05660097697806182,0.2451577429097371,0.01953318617568074,-0.2325335288351967,-0.04697782275737316,0.10078811688673908,-0.1229637657483923,0.17582736335455698,-0.08568241041047422,0.27593494250492073,0.03994931826693973,-0.22128314035493152,0.03192311676720669,-0.23417191945110727,-0.14844488361529695,0.018331487221987585,-0.022507152021292703,0.17810007251631618,-0.14639211404983704,-0.060500920399397556,-0.0370104152555204,-0.19651762305859477,-0.12030058411494235,0.1360804532668202,-0.06699232602060738,-0.2950107180709066,-0.39346078142307295,-0.41389603869661884,-0.1127301994597136,-0.027478105650694484,0.13269370223684945,-0.2414060196511248,-0.10171409446246285,-0.40052275498250844,-0.5337870251575836,-0.17567276813107124,-0.24521830598697894,-0.05729267107077114,-0.08636294814684953,-0.2137796938377069,-0.17642343153583182,0.2632007586322307,0.2877033046721227,-0.21868052179872338,-0.17716612611463953,0.1908788818143423,-0.0446588944050873,0.2647259919196105,0.170681095554192,-0.23628206456342787,-0.1817689199850186,-0.2640438604180446,-0.38511901441560614,-0.29169728023970226,-0.25031197953605494,-0.14052865191371355,0.003611471921841755,0.0840105507255616,0.19021268796468216,0.13725187068189243,0.13156212895154157,-0.0962666050410793,0.24017244539362015,0.014294479994262446,0.02078907314585342,0.05835730621807489,0.10006295372502769,-0.04467483205699304,0.1152021292702946,-0.28896875423343876,0.06820358756544398,-0.13643905043469945,0.44742726454111514,0.19634230888763157,0.4192734024496171,0.4515312099068444,0.019180964068563778,0.13495206751189348,0.39717584808230205,0.13652033245941875,0.26005307238084613,0.05861708994413853,0.1636685287156643,0.1435663683669485,-0.22220274286989297,-0.22507789527368932,0.06556909370542438,-0.14269617257289482
#53,0.414284917403119,0.276282383316466,0.278304871343305,0.3905920040800389,0.762913084015332,0.4084214552669955,0.1423423567005873,0.4279578289730574,0.18633027596044274,0.2871901122807577,0.3692164253440541,1.0,0.6365020041597271,0.15828957119747547,-0.15742256293380297,-0.31829881503558083,0.3088063495605192,0.28107802277490457,0.019649531034592674,-0.16510769868275307,-0.31611057542892207,-0.3676035349711927,-0.3500035859716788,-0.2917913123859462,-0.24501271027739482,-0.16755094071990373,-0.19821817051693774,-0.13685024185386768,0.11367370845253369,0.10371108224625265,0.01151654726709114,0.2900923586927938,0.2786666560415654,0.20824932862641346,0.04433376630621011,-0.10058570870753612,0.12966554837475794,-0.04911346811274295,0.2035827841484114,0.2821187514443497,0.19448238491023118,-0.004148570791065352,0.30098255623998915,0.005088892253504292,-0.14838432053805514,-0.15888882690913148,0.3700754647817737,0.02112057630549291,-0.006865940440994828,-0.3650981360916096,-0.3124226027779327,-0.3884563587246691,-0.2535170413343002,-0.3414020352381484,-0.18104853811887894,-0.14908398345671733,-0.0544733004486449,-0.25368598044450114,0.20096900923586927,0.16512682386503996,0.22593215341583725,0.15618101985034544,0.1452637282949103,-0.14094621839364407,0.03808620675915817,0.10490321860880236,-0.04877080859676944,-0.21597908980069966,-0.0452581501167433,-0.1711289435727434,0.14474256707759245,0.22759923180517813,0.07067392361083441,0.14829506968738296,0.10097936870960801,-0.0004765357919817673,0.1519830423383723,0.11867175609017523,-0.10316123325550447,-0.14038521304656185,0.6124042744782411,0.6351600538692634,0.21711703814676983,0.6259146219987409,0.41112926232578156,0.425734526532206,0.24278303277578114,0.4846958697575086,0.016650064945931516,0.7028839181123445,0.3924296153447713,0.4983066244850146,0.03660559889711449,0.2313605176549339,0.11592251113643427,-0.02087513646614444,0.012377180470001355,0.19920630493509392,0.3191929173074931,0.08234825363179243,0.09427439855286121,0.047339607455633564,0.33170716158388386,0.13099474854369705,0.10719983424842018,0.21424188574297348,0.23102104566934153,0.2115436412753309,-0.06290431830678386,0.26724573468590873,0.13564216783941221
#54,0.40211333264270177,0.3529584266350039,0.2693016917817498,0.3352564766632932,0.44010391349042544,0.3090852584688698,0.2866928575412984,0.43228808899584825,0.29790340189179926,0.4573835156866339,0.3949541394066412,0.6365020041597271,1.0,0.19971152850050602,-0.25203005841149423,-0.3216903473611233,0.33550191650264166,0.3169026767286376,0.21591055789750496,-0.21056666321350875,-0.3915976699152914,-0.4256930886372511,-0.1304050554231845,-0.27920375491078897,-0.0108073217572855,-0.13968076883232794,0.0015985464861461962,-0.010485381188789457,0.1932504044179171,-0.11544278781407136,0.10839356437616046,0.0701256683852768,0.24163870936894868,0.0763126648550869,-0.06276087943963216,-0.1327957032090462,-0.030522197164691726,-0.2422044960116026,0.09028998557642502,0.2356063081226243,0.15497135207069943,-0.06240068850656233,0.15890157703065608,-0.15522476073600078,-0.07685773255026337,-0.2202153176772466,0.3215580648503056,0.14668377307971217,0.10710261457179514,-0.17864035891592092,-0.18168604419510873,-0.3391213572504363,-0.0744830224163074,-0.2938504570121684,-0.2889894731809163,-0.23085370032433122,-0.10960482592099706,-0.385190733849182,0.1679398194264039,0.14411781112288727,0.17915514507247648,0.20441632334308185,0.004629887878618843,-0.13964411223294473,0.18846432755062198,0.13105371785574832,-0.0032353433368661794,0.036698037278167804,0.00031875303811489456,-0.10389436524316872,0.3440413103937397,0.2304186024273044,-0.018039828192112455,-0.051231582051016425,-0.04695072874913339,-0.0762505080126545,0.05072476472041374,0.060086541449848194,0.03800173720405772,-0.1231247360326403,0.3922256134003777,0.4291228713273673,0.19530317398337702,0.3998167170030839,0.19562830208225424,0.40527058148522976,0.17562973647092575,0.2271450087258644,-0.10286160539967647,0.381093163544215,0.2516889926607113,0.36913195578895364,0.04168014726390361,0.1975838519710891,-0.016481125835730623,0.17969543147208122,-0.03805592522053726,0.2982014359824367,0.2783463092382599,0.2558295946258238,0.21752982333112864,0.23339734956848807,0.21919052665970723,0.09439552470734487,0.20347440811545234,0.3209524340778873,0.20844217421447298,0.09996732781359323,0.03674425646869447,0.20402425710620054,0.10059049000310784
#58,-0.07380567221031326,-0.09650248228928432,-0.3120576305492912,-0.0074875088653188725,0.2127740280024544,0.05811824143948872,0.21946624803767661,-0.010601726047701392,0.23143064332331917,-0.14487963088398187,-0.004591637514045056,0.15828957119747547,0.19971152850050602,1.0,0.009509996892157879,-0.01889727386464152,-0.15496338324474654,-0.23231040170851627,-0.08634382296456262,0.33521503876833825,-0.39271808684426524,-0.191396855501279,-0.4868044211046387,-0.23286662576002679,-0.321373188088199,0.1998199045334651,0.04395126266047223,0.2287371801512483,0.15315445975344452,0.3116416578345512,-0.06170421311828128,0.04866562009419152,0.20374694196304058,0.05638900620771542,0.2752161544039717,0.2218027078070588,0.2482608037357856,0.2090270860394138,0.05860115229223278,0.20438763556965153,-0.0834862019778626,0.43032457028106047,0.32473284510992995,0.27554606379842056,-0.03981703575612205,0.24062666847293387,0.10889241288081027,0.1595805210018408,0.13899066850480918,-0.06782586521527784,0.07052570344811099,-0.4261759994899951,-0.3932440293571548,-0.2972818334674752,0.09367354907601463,0.21991090852584688,-0.1509646263815952,0.15849676067225016,-0.005128736383268653,-0.09286710388958394,0.28541306409326717,0.27641625959247423,0.7642741594880826,0.19776075990724287,-0.15608698770410157,-0.14291929969957526,0.6982285299906765,0.350362183139558,0.19931468096805297,0.4950362183139558,0.11194287945556981,0.32462606284216144,0.4681525870793456,0.22982572177641067,0.36421200264565023,-0.007259600443066723,-0.006902597040378041,-0.10663882890133797,0.39417000693287857,0.27153774434412575,0.14020830511040808,0.2568639482345066,-0.0851532803672035,0.17385587581381634,0.5694092709321136,0.2468200400035063,0.1357999505932791,0.0506147949222641,0.1926017419853533,0.1861198989552869,0.39200408003888787,0.11981926702738885,0.12738805791742702,-0.14914454653395914,-0.05394417040537418,-0.3799281211899051,0.07857581142570265,-0.3798404641044235,-0.32433440381228634,-0.05963709966610619,-0.2755699702762792,-0.2047701392153894,0.05479524101714094,-0.10499884452023683,-0.12075640095944665,-0.09060236355377763,-0.13421415422865748,0.2696204448198647,0.04815561523320769,-0.1395707990341783,-0.14106575078293715
#101,-0.27224696985393143,-0.03662631784459196,-0.2912048067958148,-0.23289850106383828,-0.29532150228306864,-0.165362701113245,-0.018369737586561373,-0.13200041437894955,-0.09131158906358326,-0.11141534317748966,-0.1797209317151304,-0.15742256293380297,-0.25203005841149423,0.009509996892157879,1.0,0.19446007219756314,-0.005981400760225996,-0.307923403644941,-0.020937293308576847,-0.1580202248802684,0.5522683263074851,0.12990780068372526,-0.038589836559379705,-0.2569802930934185,0.04905290503550112,-0.13506044354485253,-0.20963112304664153,-0.24551155878204464,-0.05472670911394624,-0.10039286311947661,-0.3227916391078102,-0.2042394154069281,-0.42739841739116574,-0.30095227470136826,0.2204655388121668,0.21302106160699344,0.37268286463355355,0.2704173274151519,-0.043350413183625654,-0.3896787766258397,0.03780729785080764,0.05607344069998167,0.11837372199953781,0.21206320872745818,-0.1454454175266358,-0.16122050538294194,-0.4240913546207237,-0.2769501709313167,-0.30450158978077757,-0.1324402935715481,-0.2411382670991083,-0.17373315589414212,-0.29833690602363555,0.14895966977185252,0.48848584338069473,0.41559817992015236,-0.09706667516674768,-0.023520786682498067,-0.3549490393580314,-0.3920407366382711,-0.36176876060849955,-0.29373411215325645,0.004264915649977289,0.02565643203786786,-0.48064133111268714,-0.45168739889552073,0.00782857461610181,0.010217628636772945,0.3784363569715274,0.23863127445433463,-0.02441648271960092,0.09144865286997267,0.28041820398600675,0.028842368653826233,0.008168046601694172,0.0626588784674354,0.147118870976739,-0.3336005546302863,0.24758185976460087,-0.21663572105921636,-0.1943867589987967,-0.25849118249408315,-0.05778195698427751,-0.009645466933356708,-0.10343695463347385,-0.5058005084110958,-0.5121150060961519,-0.21671859684912623,-0.17669118408784834,-0.19277864992150706,-0.22947349966929373,-0.4375793894285555,-0.34031508737817656,-0.3796906501765095,-0.27122855389715433,0.0911474312489541,-0.2467307891528341,-0.3377459378909705,-0.4457809050992517,-0.41532883360294526,-0.451210863103539,-0.43467395548613824,-0.3405398082700476,-0.3227406386217119,-0.4226505908884444,-0.4521065591406418,-0.500799273243073,-0.2827004757389094,-0.30470399795998054,-0.38656296567826665,-0.2517654933898589
#102,-0.1122058507120146,-0.17369171799918717,-0.10570488249966133,-0.2423845914781375,-0.2922088788658767,-0.34166500649459314,-0.02971734574345162,-0.12737530779590242,-0.21064635147303748,-0.2152523328737977,0.0003745348197850011,-0.31829881503558083,-0.3216903473611233,-0.01889727386464152,0.19446007219756314,1.0,-0.17625767995601208,-0.11245925937731593,-0.052650033070627704,0.6072181625481118,0.11833228410458287,0.7797018065328435,0.07576281586433871,0.28610475818597647,0.07805624397357537,0.27123971025348836,-0.22499023818820774,-0.1792029580281937,-0.1188359139048044,-0.0185801145917172,0.03779614149447362,-0.3727434277107954,-0.1614850704045773,-0.3638183426435783,-0.21329518921977225,-0.013467315860354294,-0.2871199866123724,0.2207524165464702,-0.37375706237200074,-0.3332260198105013,-0.04414570201372232,0.006563125054785678,0.006843627728326786,0.2564527568153384,-0.1980030122162102,0.08878865876690387,-0.3947437624014854,-0.4099897202145208,-0.2688076245726717,-0.09824765517296337,-0.12267051295332658,0.06940050522356542,-0.15438484648056802,0.4093697455553873,-0.16336730709464575,0.24815083393763596,-0.31023595693646455,0.049511909410386565,-0.34532429137215215,-0.5346460645953032,-0.2743284271928217,-0.23253512260038728,0.06329957207404634,0.3046593725346445,-0.2942425232490497,-0.23419582592896587,0.024634828550709625,-0.01811314139087888,0.33803122186008333,0.41660065822502373,-0.16878610874259894,0.03486839483938831,0.0548478352684299,-0.10537816063559356,-0.13463490823896915,-0.27386304775717396,-0.4361418132266573,-0.42921052841284896,0.14128250284885527,0.41815776681621497,-0.24404848233709728,-0.10741339878395716,-0.08970347998629362,-0.35087059423535133,-0.02005753492337974,-0.2986891281307525,-0.4222744623034688,-0.17446150658623466,0.10129971551291349,-0.12338611352389453,-0.1831299954577692,-0.342860330387524,-0.5033524850783734,-0.18511104558965327,-0.4016033277817179,0.1134043621353266,-0.005554271689152037,-0.270214919235949,-0.3149566894309461,-0.3636063718732319,-0.36679549601957145,-0.07050179697025237,-0.19931627473324356,-0.18310130768433885,-0.37744662878818064,-0.26725529727705216,-0.48446318003968475,-0.33742399732247447,-0.3265449561316131,-0.2860489764043064,-0.46532365386607594
#201,0.534875566782746,0.3367498346468615,0.7499621480767239,0.5954290814334324,0.2639514220369913,0.33621911083840017,0.22630828200081282,0.4710516459610006,0.10455418403206655,0.6538692634414172,0.5284176302305381,0.3088063495605192,0.33550191650264166,-0.15496338324474654,-0.005981400760225996,-0.17625767995601208,1.0,0.5643076285570847,0.2806987066595478,-0.24632119149885648,-0.05957972411924551,-0.09006526468455403,0.20107579150363777,0.03312800325128099,0.37554048562025355,-0.01432476153288336,-0.08597566320553993,-0.1263027038226458,0.3773733155894142,-0.25036298002215335,0.30378758297540026,0.043646853509072506,0.26630222569308865,0.04031588426077186,0.04328188128043096,0.054621520611368324,0.13787981416697878,-0.1606786252181466,0.2978284949278423,-0.06575397046753102,0.24638494210647946,-0.250869797352756,0.017223820414538325,-0.3488481062085123,-0.2571412633776666,-0.24354325877168517,0.16676362071575995,0.009315557538907792,-0.2641697678681,-0.3527878937596124,-0.3397748009785718,0.003291125118536286,0.11569938400975384,0.10802381085194718,-0.020918168126289955,-0.0569707305022751,-0.37890651770274686,-0.5610005657866427,-0.21912040099132196,-0.25081242180589536,-0.17289324163870937,-0.12691152212544526,-0.2831977304783686,-0.23782961056347568,0.1408936241423551,0.07909059758225821,-0.20707631744615065,-0.40656471881997625,0.2267019420028847,-0.16690227828733992,0.3889759261767964,0.07823793320530087,-0.17258245742654735,-0.16602411366733338,-0.28313716740112677,-0.06158786825936935,-0.12584848074333208,-0.16428531584441664,-0.030519009634310576,-0.11433671477181268,-0.004352572735458885,0.03755548295069688,0.15446294097490618,0.3046593725346445,-0.16942361481882875,0.07786658591589701,-0.07359370143996685,-0.00023587724820502194,-0.09198893926957741,0.05836049374845604,-0.2084039238498992,0.02244180764847915,-0.27993051183769097,0.014060196511247998,-0.12635051677836304,0.6680808676457698,0.014828391333104894,0.6040943827745858,0.5544119404888078,0.11601335575229701,0.20960721656878292,0.3760441154204751,0.21490011076668075,0.4339328546725211,0.12252229279060316,0.20715281817529824,0.1350253807106599,-0.23046960291340277,-0.13554494816278717,-0.05524627656607352,-0.15823378941580538
