,#10,#11,#12,#13,#17,#18,#26,#49,#50,#51,#52,#53,#54,#58,#101,#102,#201,#202,#301,#302,#401,#402,#501,#502,#601,#602,#701,#702,#801,#802,#901,#902,#1001,#1002,#1101,#1102,#1201,#1202,#1301,#1302,#1401,#1402,#1501,#1502,#1601,#1602,#1701,#1702,#1801,#1802,#1901,#1902,#2001,#2002,#2101,#2102,#2201,#2202,#2301,#2302,#2401,#2402,#2501,#2502,#2601,#2602,#2701,#2702,#2801,#2802,#2901,#2902,#3001,#3002,#3101,#3102,#3201,#3202,#3301,#3302,#3401,#3402,#3455,#3501,#3502,#3601,#3602,#3701,#3702,#3801,#3802,#3901,#3902,#4001,#4002,#4101,#4102,#4201,#4202,#4301,#4302,#4401,#4402,#4501,#4502,#4601,#4602,#4701,#4702,#4801,#4802
#10,1.0,0.558654543426117,0.37474997808572863,0.4055702093410578,0.25938847229637657,0.18191076508697973,0.42174055096462637,0.7274613711161935,0.5899289977607599,0.676401915705759,0.6714835563276462,0.24975097418897274,0.1647060698547283,0.07951772665333216,-0.19455251057861644,-0.12825984747667127,0.270248388304951,0.1315971917857342,-0.2246810477412363,-0.1004996453872451,-0.03110073392887026,0.020342818892492568,-0.011301388966363585,0.028837587358254507,0.10058889623791727,0.12690514706468295,-0.04087370207747293,0.06094398712237726,-0.1492417662105842,-0.10289507446867853,0.291926782427145,-0.16999577652224498,0.05583118839101435,-0.04715791822390807,-0.18342006072245376,-0.13403724629250371,-0.09663954609567373,-0.03882252627720358,-0.27275059965415294,0.045535465259903256,-0.1791408011857613,0.04572831084796277,0.05078851532803672,0.06805536740272056,0.008839021746926025,-0.02159392456709353,0.16140538214504857,0.21949971710667868,0.07842759126297923,-0.023385316641299236,-0.06447258325430914,-0.09044458079991075,-0.027835109053383166,0.19809066930169178,-0.19504657778769455,0.13243073098040467,-0.2318609599247743,-0.0873319573827188,-0.031226641378925644,-0.14305955103634582,-0.06615559929555578,-0.02641187673820016,-0.15713090390392784,-0.3449959757428938,-0.028593741284096613,-0.11639585939803489,-0.07771836575317359,-0.12282670194200289,-0.0012686370916972802,0.032667405111204965,0.08468949469674633,0.11347448780371187,-0.09397636446222378,0.16628708492377817,-0.17792635211054356,-0.19054259735913107,-0.23018910023986167,-0.2602602618556208,-0.08382886149383612,-0.029428874243957636,0.1189299460510483,-0.054634270732892926,-0.09931229032026712,0.2406378248292679,0.29714795719146697,0.2707695495222689,0.19124226027779329,-0.058696778203667255,0.1200663006319279,0.049511909410386565,0.1351130377961415,-0.025589493899863733,0.025863621512642543,0.058929467921491126,-0.04634031668114337,0.3163974531632255,0.06015826088342405,0.14371936982524364,0.2183362685175593,0.22989265991441482,0.18094175585111047,0.1754512347695814,0.027823952697049143,0.22695535066818606,0.14022424276231382,0.21584202599431027,0.15527735498728973,-0.019055056618508395,-0.10967654535457291,0.03112464040672888,-0.09096414825203802
#11,0.558654543426117,1.0,0.14393771565635236,0.2858959749460112,0.009170524906565516,-0.09178174979480273,0.5541457817019818,0.30101443154380064,0.6455004024257106,0.5505884977966197,0.5951167034560798,-0.11443871574400943,0.006328841571771231,0.1956617711512563,-0.193044808708333,0.19700531520691056,-0.05509965016854067,-0.10231175640892827,-0.057938145972953804,0.0534182278924846,-0.15427487668241838,0.1647315700977775,-0.20939843332881766,-0.12758727856624882,-0.1523942337575405,-0.030190694005052237,-0.042048307022926314,0.08582903680800708,-0.1884993903848146,-0.057944521033716105,0.14356796213213907,-0.21290152921770036,-0.06022201149104702,-0.09160484185864896,-0.14813888069870665,-0.16425981560136746,-0.10185912709480512,-0.09395883304512746,-0.3022990062874037,0.03139876801950769,-0.15747196965471078,-0.1432603654503582,0.020098972818334674,0.011996270589454057,-0.0361306568703233,-0.021726207077911213,-0.15876451322426666,-0.053376789997529664,-0.13048314991752266,-0.13977798850895298,-0.2734406999816717,-0.21086469730414617,-0.2249296751109659,-0.024220449601160262,-0.23618962618237455,-0.1374224035572839,-0.22437345105945541,0.012721433751165441,-0.015145550606029214,-0.06243097004518324,0.09125421351672258,0.06039095060124792,0.024335200694881622,-0.11691064555459044,0.09125740104710373,0.05754129844050076,0.07355066977982135,0.18338340412307055,0.1700563395994868,0.20756241582927587,0.2737482966634526,0.27399373650280107,0.11562925834136857,0.23412410649539003,-0.020522914359027485,-0.013103937396903314,0.06692698164779383,-0.004808389579963184,-0.10038967558909546,0.046525193443250006,-0.059653037318011935,-0.22682466192255896,0.0031508737817657327,0.08125811824143948,0.06701145120289428,0.2648981185601925,0.2623560630812262,-0.22794029755596107,-0.033590195156547584,-0.06405979806995035,0.1024536015108894,-0.018997681071647714,-0.04532349448955685,0.19563945843858824,0.025305803695941476,0.14928798540111085,0.010979448397867542,-0.15026177593255186,-0.04735076381196758,-0.05840352540860155,-0.025436492441568585,-0.06512762074763526,-0.02466511008933054,-0.17156404146977025,-0.03535130569213238,0.01880005418801648,0.07367498346468615,0.0947684657619393,0.050120727713186014,0.12702467945397605,-0.0010566663213508753
#12,0.37474997808572863,0.14393771565635236,1.0,0.5896357449656942,0.07022766935747356,0.37927945875734126,0.12907426148905482,0.3366797089784762,-0.0009211962801520452,0.47679716947302153,0.1947373873407231,0.07214975017730638,0.2557993130872029,-0.15247870331264096,-0.07651826056467101,0.04695391627951454,0.7592043924168652,0.7252221310234364,-0.21089338507757652,-0.3474360302496633,-0.30315645195993274,-0.21365856768322322,0.2503008231797209,0.17850967017029382,0.007928981823108002,0.029110121205842745,0.03332244260453107,0.2075608220640853,-0.09336117109866203,-0.17121500689303445,0.12253982420769947,-0.14327949063264508,0.12862800723569395,-0.14664711648032897,-0.19602514961470727,-0.17951692977073688,-0.336002358772482,-0.3295826725848481,-0.28822765341982165,-0.27833834041230704,-0.09937444716269953,-0.024204511949254517,0.15596108025404617,-0.017434197419694156,0.1609670967176406,-0.004602793870379077,0.28737180151248315,0.3769063423885759,0.11605479364725195,0.18946999338587445,0.19903577205970244,0.31636079656384225,0.4180430157224936,0.2620452788690642,-0.18804835483588203,-0.13549235391149822,-0.40303771645323494,-0.6088438030424977,0.15725521758879266,0.13114456247161105,-0.009001585796364621,0.03304990875694284,-0.3557937349090359,-0.362399891623967,0.16999258899186384,-0.2537991377730319,-0.299780857286296,-0.344733004486449,-0.2319533983058276,-0.2237486951047502,0.18704587653101068,0.13817944202280677,-0.2892556319677422,0.08908509909235073,-0.29352373514810065,-0.43050307198240484,-0.36046506068260964,-0.253094693558798,-0.16175122919140322,-0.09310298113778898,0.05776920686275291,0.056806572687645926,0.008199921905505662,-0.07119189729777112,-0.023444285953350495,0.2312346102048785,-0.022774904573309215,0.053845356963558556,0.08677413956601773,-0.03608603144498721,-0.06993441656240786,0.023700882149032983,0.05179577492847979,0.12588035604714357,0.11618707615806963,0.44270812581182417,0.2856728478193308,0.6823243471539339,0.6579477085640972,0.5109101196120776,0.5495398003012216,0.5886428292519663,0.1515575070324889,0.5616125716198233,0.351014033102503,0.38401294137334746,-0.008375236076468853,0.0034520954027843077,-0.0995880116982365,0.11183928471818247,0.20120648024926488
#13,0.4055702093410578,0.2858959749460112,0.5896357449656942,1.0,0.1335957733347146,0.2498083497358334,0.1357106997426069,0.3343400616787129,0.1553650120727713,0.5925905856290192,0.15083553140115866,0.11319398513017077,0.14532269760696157,-0.191396855501279,-0.13602307771995953,0.13591470168700046,0.5183593781128226,0.20783335591167354,-0.14449712723824398,-0.13572663739451266,-0.27196487341519976,-0.15546382551458693,-0.023893727737092495,0.13062021372391205,-0.01585955741140658,0.11814262604690451,-0.13253273195260143,-0.04379666743698651,-0.00019922064882180908,0.055906095354971354,0.15689821418610397,0.0401198511423312,0.06582887743148802,0.08837109228697336,-0.0381467698364,0.059708819099682044,-0.038043175099012665,-0.060287355863860574,0.07518268533496959,0.0022519902142817297,-0.007457227326697957,0.025790308313876117,0.11548581947421686,0.1072109906047542,0.36186598028512457,-0.12038186613966165,0.09320179457960459,0.26647594609886127,0.010122002725338477,-0.009076492760321622,0.07556518898070748,-0.04117173616811035,0.07516515391787328,0.02539346078142307,-0.13605973431934273,0.06633091346651898,-0.2336651021205046,-0.23535927451808525,0.2424738423288097,0.15463188008510706,-0.05331303938990668,0.050152603016997505,-0.056862354469316034,-0.23526364860665078,0.029519718859820382,-0.23607487508865319,-0.17304305556662336,-0.1867589987967073,-0.1596857095044187,-0.10753611870363139,-0.05090007889137693,0.05005378957518189,-0.16456422475276716,0.019507685932631545,-0.18147088589438118,-0.21845739467204298,-0.08115930479962387,-0.10118496441919211,-0.24962028544334564,-0.08791368167727849,0.04874530835372025,0.10285204280853302,-0.2500011953238929,0.06889846918853446,0.02681350556622493,0.025326522643418944,0.027521137310839994,0.1815999808748177,0.055236713974930074,0.0876507104208337,-0.10699423853883608,-0.0649746192893401,-0.005627584887918463,0.11859366159583709,0.0994254476487979,0.20346803305469005,0.0345384854449394,0.2171935388759174,0.32876666480727396,0.37185888803002654,0.2054379268302401,0.162227764983385,0.04222840248946123,0.20053391133884244,0.1354301970690658,0.1313405955900517,0.004685669660288949,-0.02674975495860195,0.028416833347942847,0.039931786849843415,0.18566567587597319
#17,0.25938847229637657,0.009170524906565516,0.07022766935747356,0.1335957733347146,1.0,0.6131979695431472,-0.012985998772800803,0.32491453434165546,0.16983161870761582,0.25328594538166693,0.34672202344428593,0.7130298273155417,0.515241973400059,0.27956075831347765,-0.2371602291834344,-0.1680960084150802,0.20332618795272892,0.16795097578273793,0.035222210711695845,0.08257138075847285,-0.13703671238116488,-0.10783255902907825,-0.006673094852935317,0.21519336356174645,0.02140745403979632,0.17076715887448302,-0.19243599040553355,-0.15595789272366503,0.4720557180310625,0.4081042959940712,0.2129684673557045,0.27141502442445153,0.2570041995712772,0.17650790109093228,0.31543163145773734,0.12779765557140466,0.32007586322307136,0.07194415446772227,0.1461323303237734,0.08627847859174907,0.4063192789806278,0.3625959247424077,0.37001808923491303,0.22052610188940863,0.06520412147678283,-0.09927085242531218,-0.00811704611559579,-0.052457187482568196,-0.09016885942194136,-0.10019045494027365,-0.050469762289921824,0.004800420754010311,-0.11129899831857773,-0.024045135430197068,-0.33095649817912326,0.03384360382184893,-0.36620739666424945,-0.038328459068125494,-0.20866848887153455,-0.12407143255584155,-0.10680776801153886,-0.13079552789487525,0.11420443226099498,-0.002863996047462327,-0.1603726223015563,-0.19516611017698762,0.35220616946505273,0.15978133541585318,0.11863509949079203,0.17348134099403134,0.0891615998214983,0.1574528444724239,0.13116368765389796,0.32313748615416493,0.010706914550279308,0.03616571970451593,-0.21389285116623769,-0.28985648144458875,0.08904047366701463,0.09794483978675422,0.23314712843356789,0.7402784307787934,-0.04096454669333567,0.4667102295818757,0.7392950776562089,0.12107834152794268,0.05696913673708452,0.4688618125891512,0.280166389085896,0.7605096861079457,0.48063654981711545,0.2555634358389978,0.2703217015037175,-0.2167201906143168,-0.17403118998477954,-0.09566894309461386,0.005912868857031294,-0.012740558933452335,-0.09610085346125956,0.0031476862513845835,-0.008674863932296854,0.23650200415972714,0.3703830614635546,0.05030879200567381,0.022567715098534533,-0.012445712373196057,-0.002103770051558304,-0.005061798245264525,0.0798524173433528,-0.24858115053909108,-0.31200981759357393
#18,0.18191076508697973,-0.09178174979480273,0.37927945875734126,0.2498083497358334,0.6131979695431472,1.0,-0.025978372606363903,0.20202089426164843,0.07019738781885265,0.26467339766832154,0.18310130768433885,0.3583198527360964,0.6559873773796906,0.27666488696220387,-0.007460414857079107,-0.2205404457761238,0.42076357290280425,0.44346994557291874,0.06753101865502155,-0.11410083752360764,-0.24278143901059057,-0.2929898238092582,0.23446995354174469,0.32269760696156635,0.0925834136856617,0.08874403334156779,-0.09667620269505693,-0.002471929810581007,0.45262453282757853,0.30596785375610613,0.21677756616117747,0.24740335806325653,0.2602363553777622,0.10210616069934417,0.18057200232689719,0.07444795958211477,0.21851636398409421,-0.06696682577755819,0.06874865526062045,-0.053840575667986834,0.2334324124026807,0.35736837491732343,0.39237064603272,0.1999872498784754,0.05880674800181689,0.004021069575819394,0.18227414355043073,0.1537999346556272,-0.037346699710731616,0.026808724270653204,0.17370446812071177,0.27827618356987466,0.18770888285028967,0.1447154730693527,-0.34665827283666295,-0.09471268398026919,-0.4980834973583342,-0.35500163360932036,-0.12625648463211914,-0.02888858784435289,-0.05908884444054857,-0.1218576927061336,-0.01296368606013276,-0.18615814931986072,-0.08256022440213884,-0.286544637378575,0.26187952728924446,0.08463371291507622,0.03480623799695591,0.035081959374925295,0.16596992565085386,0.17127875750065744,-2.868777343034051e-05,0.10767477627521137,-0.07025954466128505,-0.18258333399740218,-0.4007219756313302,-0.3575452828534772,0.10598697893839301,0.058201117229398594,0.028547522093569953,0.620768354198376,0.09387595725521759,0.09758146132330324,0.3812876028974651,0.012581182414394888,-0.06321032122337417,0.3538875917411088,0.4368351010845572,0.467518268533497,0.37559945493230484,0.13508594378790173,0.2767382001609703,-0.21070372701989815,-0.14268182868617965,-0.08958713512738169,0.056575476735012634,0.25066260787798134,0.2528125971200663,0.22372319486170103,0.2870195794053662,0.45665675875973194,0.3044505892946792,0.10323295268908032,0.18310768274510117,0.14815003705504068,-0.006657157201029573,-0.04395445019085338,0.015137581780076341,-0.16861876339758863,-0.16024512108631037
#26,0.42174055096462637,0.5541457817019818,0.12907426148905482,0.1357106997426069,-0.012985998772800803,-0.025978372606363903,1.0,0.34549482424754363,0.3949557331718318,0.41378925642885034,0.5969845962594331,0.09162077951055471,0.10451912119787392,0.31990214281729873,-0.17112575604236227,0.1251918494848154,-0.0396640342978269,-0.039582752273107605,-0.1093338858385994,0.020081441401238357,-0.1358174820103754,0.10351983042338372,-0.05353776028177769,0.05354254157734941,-0.17713743834120918,0.1231757365187387,-0.20309987329566734,0.08814159009953064,-0.2144793567563691,-0.13677852242029181,0.20853301883033573,-0.21711225685119812,0.13755309230291102,0.1459076094319024,-0.1363625497055519,-0.0671038895839476,-0.011478296902517351,0.16750631529456766,-0.1901106869924854,0.18046043876355697,-0.11491047024041948,0.03224186980532158,-0.08253313039389906,0.02739841739116576,-0.09849787630788356,-0.04522149351736009,0.027227884515774292,-0.01142410888603782,-0.0512268007554447,-0.1489469196503279,-0.0847787455474185,-0.24339981990453347,-0.16720668743873965,0.009358589199053304,-0.13218529114105618,0.02415510522834671,-0.14886882515598976,0.1229637657483923,0.02776976468056961,-0.26765692610507696,0.005734367155686953,-0.013143781526667677,-0.026904350182087672,-0.018288455561842075,0.05838758775669581,0.031743021300671775,0.16152013323876993,0.2792643179880308,0.19336196798125732,0.2716078700125111,0.3341774976292743,0.29097371084318147,0.12207763230243288,0.12139231327048586,-0.11375658424244356,-0.028764274159488082,-0.015787837977830725,-0.06265409717186367,0.14274557929380263,0.21715369474615304,0.140751779040394,-0.21805257831363706,0.09228537959502427,0.11990692411287045,0.09180087497708962,0.18168285666472758,0.12797137597717728,-0.2734422937468623,0.02401007259600443,-0.04689494696746328,-0.14745356166675963,-0.17992493365952394,-0.1423933571866857,0.07446230346882994,-0.04407398258014647,0.2150658623465005,0.15294567651347926,-0.10920638462335344,-0.1666409007960857,-0.03107204615543992,-0.08601072603973256,0.009925969606897816,-0.1065989847715736,-0.08221756488616531,-0.09821896739953302,-0.10911075871191897,0.22371681980093872,-0.06721067185171609,-0.06396098462813474,0.0402011331670505,-0.11886778920861589
#49,0.7274613711161935,0.30101443154380064,0.3366797089784762,0.3343400616787129,0.32491453434165546,0.20202089426164843,0.34549482424754363,1.0,0.5497693024886643,0.5029524500155392,0.6226282781757764,0.317125803855318,0.20052116121731786,0.14522866546071767,-0.27634772768927957,-0.18568798858864125,0.3274087768649045,0.11545075664002423,-0.21257640111882317,-0.17742272231032202,-0.07177202782714023,-0.20471754496410044,-0.03419263839858474,-0.04699535417446948,0.09144387157440094,-0.05298312999545777,-0.02937946752304983,-0.03206496186916782,-0.058188367107874,0.0579508960944784,0.060757516595080045,-0.14230729386639465,0.28006120058331807,-0.06678194901545155,-0.12487787774227223,-0.08037517232586124,0.005133517678840376,-0.0709990517097116,-0.15915339193076683,-0.07704260931237,-0.05707751277004359,0.13890460518451817,0.09334363968156571,-0.005904900031078421,0.009422339806676283,-0.10253647730079928,0.2740845811186638,0.3052140028209644,0.13657133294551713,-0.16981568105571007,-0.053348102224099324,-0.12164412817059662,0.04657460016415781,0.0202471929810581,-0.21703097482647882,0.057767613097562336,-0.20214520794651325,-0.19435966499055693,-0.06659069719258262,-0.2417120225677151,-0.08461458773278933,0.02505398879583071,-0.012154053343320929,-0.2529624110479803,-0.06125795886492043,-0.28502577915195754,-0.045798436516348046,-0.046324379029237625,0.02526117827060539,0.032783749970116904,0.10072755380949724,0.13564216783941221,0.10000398441297643,0.15586226681223056,0.03549155702890293,0.0865271059614787,-0.012509462980819036,-0.12908860537577,-0.127227087633179,-0.1601048697495398,0.10945182446270191,0.06187315222848218,-1.275012152459578e-05,0.3306010885416252,0.3873247854393612,0.2186374901385779,0.06684091832750282,0.02444835802341241,0.12020973949907961,0.221101451123206,0.19492704539840144,0.01245049366876778,0.03598243670759987,-0.05460717672465316,-0.17376024990238187,0.2538373881376057,-0.14009036648630557,0.23846871040489603,0.1827108352126481,0.3143096207635729,0.32575922989265993,0.12071018176891998,0.00380909880547299,0.31431758958952577,0.34032464996932005,0.4079608571269195,0.22158754950633122,0.08207890731458534,0.06358007474758744,-0.07442883439982788,-0.1556981089976014
#50,0.5899289977607599,0.6455004024257106,-0.0009211962801520452,0.1553650120727713,0.16983161870761582,0.07019738781885265,0.3949557331718318,0.5497693024886643,1.0,0.48406473874204115,0.556961964793727,0.029776315055502874,0.07731992445552997,0.39389906685048093,-0.17371084318147406,-0.06565515702571541,-0.06496665046338723,-0.1420108535409478,0.0030648104614747107,-0.0005912868857031293,-0.042134370343217334,0.0018392050299229415,-0.11285132561419726,-0.04015650774171441,0.02954043780729785,-0.09723083298137686,-0.1414115978292918,-0.21541330315804572,-0.12375905457848894,0.07401923674585023,0.14350261775932552,-0.15988652391843108,0.04072866944513065,-0.03180836567348533,-0.07424236387253066,-0.04936050171728199,0.08080070763174461,0.07907465993035247,-0.14241407613416315,0.03511542844392736,-0.08492696571014192,0.10513909585700738,0.07030417008662114,0.09650566981966546,-0.07923084891902876,-0.021299078006837252,0.01993322123851493,0.027685295125469165,-0.015802181864545895,-0.20516539298265188,-0.31023436317127395,-0.25057335702730915,-0.2480679581477261,-0.06938616133685024,-0.15945142602140427,-0.05051916901082963,-0.22711313342205292,-0.014367793193028871,-0.12067990023029906,-0.12763827905234723,-0.07750001992206489,-0.02671787965479046,0.17626564878196496,-0.18624261887496116,0.0029930910278988597,-0.17898620596227557,0.18783319653515448,0.2520762776020209,0.33345552199794404,0.18280167982851087,0.271724214871423,0.2083226418251799,0.25560646749914334,0.2821012200272534,0.17283745985703927,0.08182071735371228,0.014090478049868913,-0.13554654192797774,-0.02132298448469587,-0.04826877256173848,0.009586497621305453,-0.020065503749332612,0.04108248531743818,0.08772083608921898,0.14991114759062546,0.22000175314170964,0.08825315366287084,-0.12578791766609027,0.1949860147104527,0.1339511829722127,0.18286543043613385,-0.11657754862976037,-0.08017595167703942,-0.036557785941397254,-0.2203476001880643,0.10505143877152578,-0.13110949963741841,-0.12698005402863996,-0.06176477619552311,-0.05913028233550351,0.008646176158866514,-0.06071289116974396,0.0024320856808166453,-0.07284622556558742,0.07854074859151002,0.09767389970435655,0.14496728796946345,0.01679031628270207,-0.0460948768417949,-0.04152077074484616,-0.21732741515192566
#51,0.676401915705759,0.5505884977966197,0.47679716947302153,0.5925905856290192,0.25328594538166693,0.26467339766832154,0.41378925642885034,0.5029524500155392,0.48406473874204115,1.0,0.6292248722995641,0.2452836503597925,0.3013985289547291,0.17771438134019715,-0.1495971758480823,-0.10528094095896852,0.42216289874012863,0.23173824000510004,-0.13514013180438125,-0.17237526795177266,-0.13577763788061106,-0.13266979575899082,-0.07387261034831738,-0.03494330180334531,-0.18059750256994636,-0.08674385802739683,0.0015571085911912598,0.14380702691072525,-0.06706404545418324,-0.04193993098996725,0.24566137270995864,-0.11223613225063551,-0.02273506044354485,-0.07824430826606316,-0.10852106559140642,-0.12450334292248723,-0.038476679230848916,-0.12428818462175968,-0.20714484934934535,-0.05575628142705735,-0.1790738630477572,0.09906206918534692,0.1061431679270693,0.07980619815282615,-0.007925794292726853,-0.07814549482424754,0.2402059144626222,0.2700443863605575,0.23862330562838177,0.12922248165177824,0.021817051693773955,0.025423742320043987,0.006073839141279316,0.018737897345584075,-0.27454517925873984,-0.10305445098773598,-0.2715265879877918,-0.1755197666727761,0.00615033987042689,0.016556032799687623,-0.02011969176581214,0.022884874371458853,-0.0014758265664719617,-0.29674951589382337,0.11984636103562862,-0.22158595574114065,0.04639769222800405,-0.08508156093362765,-0.017496354262126562,-0.014826797567914319,0.09937922845827124,0.11298679565539609,0.00850911235247711,0.24136139422578873,-0.0843914606061089,-0.15303492736415145,-0.19536533082580942,-0.24256309317948185,-0.13545888484249616,-0.15389715433225223,0.07928822446588944,-0.036237439138091784,-0.08653507478743157,0.16902836105156627,0.18151869885009841,0.17381284415367085,0.12114368590075625,0.011157950099211883,0.058468869781415106,0.08780530564431942,0.0635450119133948,0.01189108208687614,0.022405151049095937,-0.04590521878411653,-0.08957279124066651,0.2710484584306194,-0.07158874483022416,0.2555905298472376,0.23400616787128753,0.32730518212751714,0.2340699184789105,0.3377618755428763,0.10118337065400154,0.25450198822207526,0.15513072858975688,0.13748456039971632,0.02990381627074883,-0.0074110081361712975,-0.021327765780267592,-0.05801783423248253,-0.06699870108136968
#52,0.6714835563276462,0.5951167034560798,0.1947373873407231,0.15083553140115866,0.34672202344428593,0.18310130768433885,0.5969845962594331,0.6226282781757764,0.556961964793727,0.6292248722995641,1.0,0.35076381196758283,0.2503502299006287,0.342111260747954,-0.3542302512570823,-0.14999083585015419,0.06331232219557092,0.04658735028568241,-0.09060714484934934,-0.061948059192439175,-0.25626628628804116,-0.10652567157280718,-0.13345233446756288,0.023472973726780835,-0.157295061718557,0.07547593813003531,0.05410035939405047,0.09236028655898126,-0.02901608905959885,0.09166699870108137,0.17887623616412593,-0.10366645682091657,0.15985783614500076,0.038564336316330515,0.03146889368789296,-0.01375100606427655,0.06674529241606834,0.04792770681095554,-0.2687518427910016,0.05020519726828646,-0.06506387014001228,0.21744854130640934,0.043734510594554105,0.09897759963024648,-0.16156157113372488,-0.1501964315597383,0.1621082325940919,0.10726836615161488,0.11981926702738885,-0.1382846305253847,-0.14856441600459006,-0.18253552104168494,-0.14629648813840257,-0.04066970013307939,-0.46356254333049113,-0.011038417709918797,-0.32469300098016557,-0.029631282423160595,-0.11365617703543737,-0.33966164365004103,0.14366518180876411,0.16371156037580983,0.1015977496035509,-0.23750607622978906,0.11596076150100805,-0.019668656216879566,0.2014933579835683,0.18175616986349402,0.23685741379722525,0.3006765533233989,0.36726725051598147,0.4255974627258166,0.14955892548350852,0.3463188008510706,0.0013802006550374933,0.07560662687566241,0.024371857294264835,-0.08575412984405008,-0.08059351815696994,0.01429926128983417,0.125504227462168,-0.013449784443257975,0.005531958976483994,0.3242260277793273,0.41101291746686963,0.33228091705249063,0.2541736725928169,-0.14654033421256046,0.09134824566296648,0.19655906095354972,0.18457554048562025,0.06485986819561874,-0.04136936305174159,-0.0903664863055726,-0.17646008813521505,0.1356740431432237,0.07856146753898748,0.0761246005625991,0.005458645777717569,0.04285475220935699,0.06435464463020663,0.1414243479508164,0.08034170325685917,0.07798771207038067,0.10599494776434588,0.13368024288981503,0.11785893584298225,0.18296105634756832,0.15590370470718548,-0.05984747667126202,-0.2754934695471316
#53,0.24975097418897274,-0.11443871574400943,0.07214975017730638,0.11319398513017077,0.7130298273155417,0.3583198527360964,0.09162077951055471,0.317125803855318,0.029776315055502874,0.2452836503597925,0.35076381196758283,1.0,0.30621966865621686,0.237922048944529,-0.21957781160101683,-0.2955302855230339,0.29400983353122584,0.1235311461562368,-0.10110686992485397,-0.006834065137183339,-0.19127254181641418,-0.2851532803672035,0.16452756815338396,0.20359234673955487,0.02684697463522699,0.07596841157392281,-0.1534939317390369,-0.1862011809800062,0.2681063678888189,0.2629441624365482,0.30085983632031493,0.1747085401907737,0.301181776888811,0.17962689956888653,0.32782315581445387,0.10225916215763932,0.2616165560327997,0.08809855843938512,0.02310481396775813,-0.11280670018886117,0.36154882101220026,0.30873781765732455,0.18674465490999212,0.026330594713480864,0.05357122935077975,-0.256701384185068,-0.046955510044705114,-0.12055239901505312,-0.031966148427352195,-0.11638310927651029,0.06854624708141749,-0.046289316195044984,0.09788108917913124,-0.17580983193746066,-0.1898795910398521,-0.032165369076174004,-0.06671182334706628,-0.027884515774290974,0.07278566248834559,-0.14709815202926152,0.13802962809489278,0.12376542963925125,0.16862513845835092,-0.08425917809529122,-0.17825307397461132,-0.1530620213723912,0.2628612866466383,0.0833555132322355,0.17845070085824255,0.15673883766704652,0.08148124536811992,0.17520738869542352,0.06541609224712923,0.2964180127341839,-0.034787112814669015,0.062499501948377945,-0.025881152929738863,-0.12331758162069982,0.08097920933308896,-0.01662934599845405,0.5975950083274231,0.4807321757285499,0.026929850425136865,0.7275984349225828,0.6827690076421041,0.3139287108830256,0.2046139502267131,0.33241160579811774,0.1414004414729578,0.5809385683207293,0.28742917705934384,0.4017547354748225,0.27748567603534974,-0.0680713050546263,-0.088630876013037,0.07447664735554511,-0.054047765142761515,0.11200344253281164,-0.11291985751739196,0.06232259401222418,-0.060271418211954836,0.3150220338037597,0.36143406991847893,0.11813784475133278,0.08102383475842505,-0.01099697981496386,0.16850082477348613,0.1798595892867104,0.20439082310003268,-0.10752496234729737,-0.21031006701782626
#54,0.1647060698547283,0.006328841571771231,0.2557993130872029,0.14532269760696157,0.515241973400059,0.6559873773796906,0.10451912119787392,0.20052116121731786,0.07731992445552997,0.3013985289547291,0.2503502299006287,0.30621966865621686,1.0,0.18794954139406642,0.09880866052004558,-0.015196551092127596,0.3323940743810214,0.3451505709663795,0.148530946935588,0.1069862697128832,-0.09860625234084262,-0.15067615488210123,0.15489325757636127,0.15999968124696187,0.17218242236371314,0.062207842918502815,-0.0769995776522245,0.09740614715234004,0.3263967359688897,0.12425312178756703,0.19161360756719711,0.04700172923523177,0.17689677979743246,-0.10717752153575213,0.13544613472097156,-0.07392361083441576,0.07243662791160978,-0.1716373546685367,-0.0008255703687175768,-0.060994987608475645,0.14175744487564648,0.218618364956291,0.35957892723665025,0.1504849030592323,0.04445648622588434,0.0555347480655675,0.2014933579835683,0.18025324928878228,-0.15010877447425672,0.005323175736518739,0.08084852058746185,0.2185928647132418,-0.00652806222059304,0.03670919363450183,-0.27129708580034906,-0.27162699519479794,-0.3887081736247799,-0.3418323518396035,-0.23184342850767797,-0.1272525878762282,-0.051757524563906,-0.0284821777207564,0.01596315214879392,-0.020647228043892293,-0.10807003004247384,-0.12558869701726844,0.19841739116575954,0.06818446238315709,-0.001544358469666664,0.044518643068316745,0.09614866641697678,0.10374295755006414,0.05729426483596172,0.043830136505988576,-0.14941708038154738,-0.24010869478599717,-0.43197571101849563,-0.3017682824789424,0.21507542493764395,0.03488911378686578,-0.0642191745890078,0.4417741794101475,0.20097857182701273,0.04175186669747946,0.2107085083154699,0.004001944393532501,-0.016485907131302345,0.35820191411199387,0.2854449393970786,0.397089784762011,0.35218066922200353,0.2050267354110719,0.31008454924336,-0.22671150459402817,-0.2151774259098407,0.09096733578241918,0.02864952306576672,0.11137390528253473,0.059045812780403065,0.10824534421343704,0.10605072954601598,0.30478049868912815,0.1796396496904111,0.0856840041756648,0.14384208974491788,0.06326929053542542,-0.026056467100702054,0.01619902939699894,0.03181474073424762,-0.10110049486409167,-0.11787965479045973
#58,0.07951772665333216,0.1956617711512563,-0.15247870331264096,-0.191396855501279,0.27956075831347765,0.27666488696220387,0.31990214281729873,0.14522866546071767,0.39389906685048093,0.17771438134019715,0.342111260747954,0.237922048944529,0.18794954139406642,1.0,-0.1708245344213437,-0.278529592235176,-0.08396911283060667,-0.04427479699415885,0.08420817760919284,0.04981631856178629,-0.18420259943102582,-0.20336921961287444,0.05362541736725928,-0.02267290360111245,-0.23926718676537387,-0.24712923045047774,-0.23816270748830576,-0.11887575803456876,0.24414251448334118,0.3503032138275068,0.11502522133414084,0.13550510403302282,0.10779112113412331,0.008697176644964897,0.28825315366287085,0.05551881041366175,0.3333965526858928,0.07141661818964212,-0.06780036497222865,-0.1640940640215477,0.12763827905234723,0.24789742527233463,0.16726884428117206,0.07079504976531807,-0.0977025874777869,-0.14341336690865336,-0.08021898333718493,-0.17439775597861168,-0.061339240889639726,-0.08181274852775941,-0.01890683645578497,0.036591255010399316,-0.022774904573309215,-0.21309756233614102,-0.32902804229852817,-0.18955127541059374,-0.12827737889376759,0.06445505183721283,-0.16987305660257074,-0.09629369904931906,-0.02862402282271753,-0.021598705862665254,0.40137541935946575,0.06731745411948457,-0.1369920869558288,-0.2828423208408705,0.6557483126011044,0.6282016750472152,0.5222338212911092,0.35784331694411464,0.4864314800500442,0.4705081720310147,0.4429041589302648,0.3635569651523241,0.3449083186574122,0.2723043454007921,0.1059933539991553,-0.030496696921642533,0.2414490513112703,0.03354397596602093,0.21332547075839317,0.2597805385332579,0.34058443369538366,0.21654647020854417,0.26662097873120355,0.13302361163129836,0.04723282518786507,0.11809640685637784,0.3277115922511136,0.31926782427145006,0.24248499868514373,0.12053168006757564,0.05141486504793249,-0.2738487038704588,-0.3544023778976643,-0.15857326140139774,-0.2343695463347385,-0.08045645435058053,-0.16493557204217102,-0.1122743826152093,-0.009505215596586155,0.062300281299556136,0.23730048052020497,-0.21674728462255655,-0.11938895042593374,-0.19012184334881943,-0.012342117635808716,0.019762688363123462,0.17097116081887656,-0.25127301994597134,-0.4099976890404737
#101,-0.19455251057861644,-0.193044808708333,-0.07651826056467101,-0.13602307771995953,-0.2371602291834344,-0.007460414857079107,-0.17112575604236227,-0.27634772768927957,-0.17371084318147406,-0.1495971758480823,-0.3542302512570823,-0.21957781160101683,0.09880866052004558,-0.1708245344213437,1.0,0.18600674162675612,-0.023302440851389366,-0.028847149949397955,0.49056251942401324,0.14366996310433583,0.4228689367195531,0.09694236148188287,0.14319502107754464,-0.03447154730693527,0.27302153973655063,-0.04807114567810725,-0.14034377515160693,-0.27931213094374807,0.11709711608188765,-0.10690180015778275,0.17319924455529967,-0.04302209755436732,0.030377164532349447,-0.09877997274661524,0.05164914853094694,0.13881854186422715,0.05415135988014886,0.07425511399405525,0.2387970260341544,-0.15254723521583566,0.04319900549052108,-0.008278016399843812,-0.019450310385770865,0.21945190415096144,-0.25502952450015537,0.0020958012256054315,-0.21548183506124044,-0.21831395580489127,-0.27782036672537036,-0.11734893098199842,-0.22043525727354588,0.18461379085019405,-0.021514236307564806,0.2181290790427846,0.3778976643371132,0.07981097944839786,-0.08300647865549969,-0.25200774569882617,-0.05883224824486608,0.08999992031174048,-0.13103299890827083,-0.12457187482568194,-0.015507335304289618,0.13108081186398807,-0.3126042920096582,0.030767637004040196,0.031561332068946284,-0.07131461721744535,0.06145717951374224,-0.07619791376136553,-0.16324936847054322,-0.20088932097634055,-0.04590203125373539,-0.12945676513479268,-0.03789336117109866,-0.21398688331248159,-0.23750288869940792,-0.08392448740527059,0.29731689630166785,0.11696483357106997,0.0019507685932631546,-0.02577755819235152,0.15954067687207643,-0.21651778243511383,-0.37623377347815345,-0.43078038712556477,-0.2941931165281419,0.16638908589597495,0.0748209006367092,-0.2329718142626047,-0.12402840089569604,-0.21912836981727482,-0.06992644773645498,-0.14962586362151264,-0.07072970539250452,-0.07362079544820661,-0.01924471467618676,-0.01583565093354796,0.08182868617966516,-0.07758767700754648,-0.02310800149813928,0.04982428738773916,-0.03874602554805601,-0.14443975169138332,0.04634191044633394,-0.032225932153415834,0.02258365275044028,-0.16316649268063335,-0.16687677804429074,-0.07621703894365243,0.09249894413056124
#102,-0.12825984747667127,0.19700531520691056,0.04695391627951454,0.13591470168700046,-0.1680960084150802,-0.2205404457761238,0.1251918494848154,-0.18568798858864125,-0.06565515702571541,-0.10528094095896852,-0.14999083585015419,-0.2955302855230339,-0.015196551092127596,-0.278529592235176,0.18600674162675612,1.0,-0.16629027245415934,-0.03967997194973265,0.07654057327733906,0.36728796946345893,-0.1966785933428428,0.6135916295452191,-0.09886603606690626,0.1419375403421814,0.11664608053295508,0.39921586752623733,-0.2635290742614891,-0.09146140299149726,-0.12759205986182057,-0.1502968387667445,0.04423176533401334,-0.08919347512530978,-0.025173521185123796,0.09222641028297301,-0.08295707193459188,0.07202703025763214,-0.21268477715178222,0.1488241997306537,0.051199706747204934,0.26309397636446225,-0.11113324673875798,-0.2034887520021675,-0.1031596394903139,0.1960920877527114,0.1455075743690682,0.11763899624668298,-0.34128569037923645,-0.2050203603503096,-0.4545370510562679,-0.2302687884993904,-0.2008176015427647,-0.14020033628445522,-0.31627313947836067,0.19958083975487892,0.1379658774872698,0.1441783742001291,-0.227146602491055,0.10601407294663277,-0.08074333208488393,0.05388520109332292,-0.08262875630533353,0.04438317302711792,-0.06572528269410068,0.4029468718373722,-0.011412952529703799,0.3285435376805935,-0.1374861541649069,-0.01781032600466973,-0.029110121205842745,0.1399708340970125,-0.050334292248722996,-0.15289148849699974,-0.12933882651069017,0.005425176708715505,-0.3459076094319024,-0.21227199196742344,-0.18099753763278056,0.174415287395708,0.037867860928049474,0.5161424507327336,-0.035574432818812805,-0.059828351488975126,0.03360772657364391,-0.16299117850967018,-0.2573803281562527,-0.1385842583812127,-0.00592243144817474,-0.09430946138705384,-0.11752902644853334,-0.18637012009020712,-0.15262214217979264,-0.15433225222927907,-0.13899544980038092,0.2010981042163058,0.20127819968284072,0.09595422706372671,0.3662440532636327,-0.2895170094589964,-0.13400696475388282,-0.32546757086278477,-0.2962458860936018,-0.2280263608762521,-0.09761014909673357,-0.3028281363306744,-0.07124449154906008,-0.26108901975471954,0.05739945333853963,-0.07258484807433321,-0.04198455641530333,0.14336555395293613,0.33857310202487867
#201,0.270248388304951,-0.05509965016854067,0.7592043924168652,0.5183593781128226,0.20332618795272892,0.42076357290280425,-0.0396640342978269,0.3274087768649045,-0.06496665046338723,0.42216289874012863,0.06331232219557092,0.29400983353122584,0.3323940743810214,-0.08396911283060667,-0.023302440851389366,-0.16629027245415934,1.0,0.6330626588784675,-0.22853477197204536,-0.4160412466431321,-0.20946855899720293,-0.38698531345376885,0.3704229055933189,0.0013515128816071528,0.13099952983926877,-0.13326108264469397,0.06765214480950521,0.17085959725553634,0.044897959183673466,-0.04081951406099339,0.18670799831060889,-0.08948832168556607,0.09961191817609512,-0.2033899385603519,-0.11558144538565134,-0.19201204886484075,-0.25597622102335665,-0.3465180214998924,-0.27110264644709897,-0.4323550271338524,-0.020967574847197763,-0.05833499350540685,0.1520324490592801,-0.10413821131732662,0.16573404840264883,-0.05457848895122282,0.2659420347600188,0.2974141159782929,0.09557491094836998,0.1678139119763485,0.32452884316553643,0.365362701113245,0.5149805959088047,0.07292591382511615,-0.13142825267553332,-0.2403126967303907,-0.16576273617607917,-0.578044290734646,0.2583891815218864,0.18529273482137876,-0.03666297444397517,0.005434739299858952,-0.24176621058419462,-0.23415598179920152,0.05053829419311653,-0.3911737283745986,-0.28881415900995305,-0.3754655786562966,-0.22729482265377843,-0.30016654846241503,0.07035835810310068,0.02706053917076397,-0.240543792683024,0.026442158276821077,-0.18238411334858035,-0.35998214982986554,-0.2633888229247185,-0.20633999792810526,-0.03427710795368518,-0.2187426786411558,0.21096829204153353,0.16063718732319168,0.03232315183004088,0.1758576448931779,0.11153328180159217,0.17948186693654425,-0.01511208153702715,0.2719298105810071,-0.020094191522762952,0.14016527345026258,0.037834391859047405,0.2009482902883918,0.19508164062188718,0.03893727737092494,0.04203874443178286,0.5406689032504841,-0.06947063089195069,0.7389619807313789,0.530789152834113,0.5773828781805577,0.5511271904310338,0.6622237805704085,0.17324386998063576,0.573988158324634,0.3768569356676681,0.404322291196838,0.10632007586322308,-0.03124736032640311,-0.049406720907808656,0.07261831714333528,0.16725768792483803
