,#10,#11,#12,#13,#17,#18,#26,#49,#50,#51,#52,#53,#54,#58,#101,#102,#201,#202,#301,#302,#401,#402,#501,#502,#601,#602,#701,#702,#801,#802,#901,#902,#1001,#1002,#1101,#1102,#1201,#1202,#1301,#1302,#1401,#1402,#1501,#1502,#1601,#1602,#1701,#1702,#1801,#1802,#1901,#1902,#2001,#2002,#2101,#2102,#2201,#2202,#2301,#2302,#2401,#2402,#2501,#2502,#2601,#2602,#2701,#2702,#2801,#2802,#2901,#2902,#3001,#3002,#3101,#3102,#3201,#3202,#3301,#3302,#3401,#3402,#3455,#3501,#3502,#3601,#3602,#3701,#3702,#3801,#3802,#3901,#3902,#4001,#4002,#4101,#4102,#4201,#4202,#4301,#4302,#4401,#4402,#4501,#4502,#4601,#4602,#4701,#4702,#4801,#4802
#10,1.0,0.7537584967606723,0.6398074731649787,0.492376224210887,0.30769390145749825,0.40902389850903265,0.24677860210855135,0.500324331216282,0.43898190279626104,0.6458032178119197,0.6612436149782053,0.224974300536302,0.27273784953262836,0.11629385842583811,-0.02072851006861159,0.02517511495031437,0.46941006781470884,0.12012048864840744,-0.34614826797567916,0.08905322378853923,-0.021434548048036083,0.2294878435560089,-0.25119811298201433,0.057278327184055976,-0.09536294017802358,-0.10255879001346732,-0.1488114496091291,0.14581835858123024,0.27565284606618906,0.16554439034497048,0.18880858083178606,0.16911601813704788,0.03337025556024831,-0.004296790953788778,0.2191729952426109,0.06724414092071815,0.1912916669987011,0.15194319820860794,-0.076218632708843,-0.15514347871128148,-0.15104112711074277,-0.04148570791065352,-0.09392217644574424,0.35871351273816826,0.05502314943939309,-0.13157169154268503,-0.10405692929260732,0.06646478974252723,-0.08241359800460599,0.1181808764114783,-0.08650319948362008,0.05385651331989258,-0.224835642964722,-0.10897210114033899,-0.23545808795990086,0.025512993170716158,-0.14158372446987386,-0.04589406242778252,-0.07493087043485883,0.09250372542613297,0.06066985950959845,0.12356302146004829,0.02778729609766593,0.09096096072165688,-0.03320131645004742,0.235000677350206,0.1206161496226761,0.006312903919865487,0.07883081385619457,0.2970347998629362,0.2931507940935062,0.6054395205954307,-0.026689191881360118,0.2530548494290336,0.0655866251225207,0.036647036792069425,-0.04429710970682689,0.11565475858441776,0.07275856848010583,0.14943620556383427,-0.10149096733578242,0.28833284192239955,-0.0643881136992087,0.05554749818709209,0.2939428953932217,0.061576711903035326,0.18275864816836535,0.09397955199260492,0.20639418594458478,0.13865757157997913,0.1840735044505893,0.2880507454836679,0.14384368351010846,0.11253735387165409,-0.041673772203141314,0.019761094597932887,0.10320745244603112,-0.056371474790619096,-0.054227860609296435,-0.030877606802189834,0.15228745148977202,0.20707631744615065,0.05102120504586059,0.06661300990525065,-0.17238323677772555,-0.052597438819338746,-0.04281490807959264,0.10469921666440883,0.11077464957087872,-0.1545729107730558,-0.10720302177880132
#11,0.7537584967606723,1.0,0.6237853517041334,0.3112384352413359,0.1149088764752289,0.26448533337583374,0.41961287443520945,0.1861469929635267,0.6462654097171864,0.6769422021053638,0.6247750798874802,0.029505374973105212,0.21467060857923803,0.1800030281538621,0.013253751324817315,0.022097554367315062,0.4405581365697392,0.3678170995067297,-0.3930734964817633,-0.14104662560065026,-0.03756982683741204,0.15949445768154977,-0.14163313119078166,0.06969375801863112,-0.1232251432396465,-0.1009235869279379,-0.09595263329853612,-0.038849620285443344,0.18646893353202273,-0.0950920000956259,0.25507574369068203,0.2074604148570791,0.24895568535887608,-0.0016033277817179194,0.11060411669548725,-0.0007522571699511511,0.12049502346819244,0.021872833475444064,0.0013849819506092167,-0.10051877056953198,-0.10262891568185259,-0.16827929141199627,-0.15353218210361066,0.2926216640502355,-0.01489851700149017,-0.01887177362159233,-0.1029094183553937,-0.11887735179975935,0.038011299795201174,0.1732104009116337,0.08051064236706006,0.20841348644104263,0.05876690387205253,0.04328825634119325,-0.09764361816573565,-0.00038250364573787346,-0.18838942058666497,-0.21900564989760057,0.04541274534022902,0.184677541457817,0.07903640956577868,0.06237996955908486,-0.09209253400696475,0.07116639705472193,-0.07021013794037724,0.27047948425758433,0.1106885862505877,-0.07737730000239065,0.04197499382415989,0.16954314720812183,0.43723991744296314,0.6323741523161392,-0.2059495254564145,0.16534038840057694,-0.14251767087155048,-0.14902979544023778,-0.2123947118870977,-0.09435408681238994,0.11138506163886874,0.095960602124489,-0.33002892683820895,0.1015419678218808,0.03033094534182279,-0.07118392847181824,0.12697367896787767,0.06328044689175943,0.17780044466048817,-0.2232115962355266,0.059217939420985105,-0.0865892628039111,0.08409980157623377,0.23879224473858265,0.23009188056323662,0.1350747874315677,0.01644446923634741,0.051873869422817936,0.014850704045772937,0.24595303173983377,0.11021364422379651,0.028026360876252102,0.14189610244722645,0.4148395476894389,0.27473005602084644,0.3345934703440142,0.05685438564336316,0.15314649092749166,0.10146387332754266,0.08458430619416842,0.021882396066587508,-0.09433177409972189,-0.09110439958880857
#12,0.6398074731649787,0.6237853517041334,1.0,0.5611328482974604,0.15267792396146276,0.5042035556901402,0.2847612141303222,0.31312704699216665,0.3030528572225454,0.6203412251273019,0.5613559754241407,0.19085497533648368,0.27921809879750414,0.12625170333654742,-0.22281156117269243,0.0030727792874275833,0.7458613902413758,0.36672696411637673,-0.33842328809696465,-0.15643761604602793,-0.13509710014423576,0.30579572711552405,-0.045478089713042576,0.24922821920646432,0.07739005012391524,-0.033540788435639776,0.06667357298249249,0.25009203993975565,0.4156188988676298,0.29458358899983267,0.47120942871486743,0.39476288758377226,0.16359680928208847,0.15767915912948546,0.2517989624588609,-0.11446899728263035,0.1480305046657476,-0.05986978938393007,-0.07968507199834249,-0.24564224752767175,0.01362987990979289,-0.09126377610786603,-0.04940512714261808,0.22071735371227758,-0.19979599805560647,-0.30392942807736134,-0.09762449298344875,0.06418251798962459,0.025216552845269306,0.17960139932583732,-0.019290933866713416,0.31417733825275523,0.09306791830359633,0.20263608762521018,-0.17070340826686003,0.15131844225390273,-0.3912215413303158,-0.30648263991266167,0.08863565730860873,0.09516053199882062,-0.13034449234594267,0.03980587939978803,-0.09041589302648041,0.14214313605176548,0.1328897353552901,0.4682418379300178,-0.07229637657483923,-0.04740654559363769,-0.10978810891791313,0.1941875383499749,0.33891257401047103,0.6961534477125485,-0.25962275577939103,0.4237056634446047,-0.35239104622715933,-0.10802381085194718,-0.35251057861645246,-0.0979018081266087,0.21818804835483588,0.20489126536987307,-0.05104511152371921,0.24149208297141583,0.11036505191690109,0.03985209859031469,0.1954243001378607,-0.09806915347161903,0.16173210400911633,-0.026096311230466414,0.22542055478966283,0.07555403262437345,0.17877104766154803,0.4813489628573022,0.22775860832423558,0.18439863254946648,0.05467252109746671,0.4029452780721816,0.3334124903377985,0.3519686984516571,0.14164269378192512,0.08652551219628812,0.2625584712604292,0.4809712405071361,0.05716835738590634,0.2929515734446844,-0.04427479699415885,0.13503972459737507,0.18750328714070555,-0.09721330156428054,0.027978547920534867,-0.1514698499470073,-0.10332857860051478
#13,0.492376224210887,0.3112384352413359,0.5611328482974604,1.0,0.39240092757134093,0.35557538907792713,-0.08717098709847078,0.11955151447537235,0.1479683478233152,0.5628126768083258,0.1677772553769653,0.09067567675254405,0.23512020973949907,-0.20413103937396904,-0.001831236203970069,0.0827180071560057,0.6175154794444134,0.3197188598203827,-0.22229199372056516,-0.159991712421009,0.05825211771549697,0.22387141502442445,0.20827004757389095,0.3536294017802357,0.27129389826996786,0.31991967423439505,-0.1364055813656974,0.10639498282718007,0.3476894389149647,0.24285793973973815,0.05563674903776426,0.19159448238491023,0.23109754639848912,0.32045517933842804,0.30340986062523406,0.0292376224210887,0.3320657587517631,0.22555921236124282,0.0825187865071839,0.1695399596777407,0.07679557570783097,0.14931348564416005,0.08873128322004319,0.23111985911115715,-0.05059566973997721,-0.18053056443194224,0.11201141135876451,0.24175027293228887,-0.07105005219581,-0.16177354190407128,-0.12168397230036099,-0.02827817577636287,-0.11013714349464894,0.03327144211843269,0.038443210161846854,0.19888436436659787,-0.15262851724055496,0.017539385922272072,-0.09110121205842743,-0.055558654543426116,-0.088256341193252,-0.029084620962793552,0.012187522412322993,-0.02370247591422356,-0.18270286638669525,0.03285546940369275,-0.04231446580975225,-0.21281387213221875,0.0699136976149304,0.18865079807791918,0.20512395508769693,0.3757173935564073,-0.02815067456111691,0.1344564065376248,-0.10981839045653403,0.021001043916199825,-0.06313860178979831,-0.08286622731872913,-0.04468120711775534,0.025525743292240752,-0.04944337750719187,0.4669094502306975,0.044520236833507316,-0.09983982659834727,0.3233064252643658,-0.10580688347185808,0.0392209675748472,0.31976348524571874,0.3738590633441975,0.28891934751253096,0.44991991329917363,0.4237805704085617,0.04618890898803879,0.06856855979408553,0.031795615551960726,0.2797456350755843,0.4307851684211365,0.1978197292192941,0.28314513622707965,0.2757373156212895,0.24028400895696037,0.19558367665691814,0.15504944656503758,0.21992684617775263,0.22264740335806327,0.30254444612675213,0.2503199483620078,-0.10525862824630047,-0.05072795225079489,-0.2851532803672035,-0.12538150754249378
#17,0.30769390145749825,0.1149088764752289,0.15267792396146276,0.39240092757134093,1.0,0.3463379260333575,-0.4275083871893154,0.03619759500832742,0.07886109539481548,0.1334698658846592,0.16074556335615073,0.5448652869972667,0.24706707360804533,-0.2872761756010487,-0.09782371363227056,-0.4236068500027891,0.23415438803401095,0.3042338372287611,-0.05241256205723211,-0.09410067814708858,-0.13667492768290448,-0.252720158739013,0.23831889647698204,0.1058690403142905,0.20893783518874165,0.028569834806237995,-0.22169911306967144,0.03712357258405119,0.054022264899712326,0.191247041573365,-0.12787256253536167,0.1528500506020448,0.2838272677286455,0.34657858457713425,0.09290376048896716,0.4145048569994183,0.14560638781088384,0.47165249543784715,0.2423606850002789,0.37502091816812627,0.12147518906039573,0.46533162269202877,0.21161695447409734,0.27976635402306177,0.19161520133238769,-0.008381611137231152,0.14251767087155048,0.11148068755030321,-0.2518563380057216,-0.3653419821657675,-0.3453944170405374,-0.09382017547354748,-0.2523504052147997,-0.06254253360852345,-0.07990979289021348,-0.11857613017874076,-0.12932607638916557,-0.10087577397222067,-0.03674744399907562,-0.028979432460215636,0.002468742280199858,-0.010496537545123476,0.22592737212026553,-0.18157288686657794,-0.04476727043804636,-0.16905864259018719,0.021547705376566872,-0.42111260747954005,0.005353457275139654,-0.082050219541155,0.17610467849771694,-0.005189299460510483,0.1919706109698858,0.04430507853277976,0.15383340372462925,0.23635219023181314,0.12313429862378376,0.14122672106718517,-0.14440628262238125,-0.2238921339719019,0.15511957223342285,0.5981926702738886,-0.21780395094390742,0.4352572735458885,0.7584840105507256,0.08461777526317048,0.10264963462933006,0.5947836065312497,0.6231940648184303,0.6147423280128139,0.7328578600514786,0.21205842743188646,0.17377937508466879,-0.028259050594075973,-0.020908605535146507,0.07120942871486743,0.13789256428850338,0.11707958466479133,0.3066930169178175,0.041329518921977226,0.14474894213835476,0.18034250013945446,0.35272095562160827,0.28242794189132114,0.32309604825920996,0.31364023938353164,0.32243622947031214,-0.012652901847970738,-0.03227533887432365,-0.2046649507128115,-0.12272470096980612
#18,0.40902389850903265,0.26448533337583374,0.5042035556901402,0.35557538907792713,0.3463379260333575,1.0,0.09378989393492657,0.13119396919251886,0.10988692235972874,0.34189610244722646,0.1889376758122226,0.4178565451951964,0.7113324673875798,0.21509455011993084,-0.13256460725641292,-0.13597207723386112,0.42739204233040345,0.16889767230593916,-0.31367052092215253,-0.21940887249081592,-0.34064977806819724,-0.09607854074859151,-0.01219389747308529,0.1580935380790348,0.024660328793758814,-0.23268971782387302,-0.05840990046936385,0.3351863509949079,0.6335503510267833,0.4656057503048076,0.5474455928408067,0.459600443066723,0.3552821362828614,0.17908183187371005,0.2372287610866291,-0.06788005323175736,0.2734167935038131,0.03304672122656169,-0.0717608714708062,-0.1795966180302656,-0.017829451186956627,-0.024046729195387643,-0.07677963805592522,0.3725043629322092,-0.003085529408952179,0.008894803528596132,-0.16470447608953773,0.0940002709400824,-0.012053646136314737,0.0811258357306218,-0.2504458558120632,0.07854871741746289,-0.1512578791766609,-0.1260716078700125,-0.44175186669747946,-0.3243535289945732,-0.4765102917387181,-0.4498832566997904,0.11789399867717489,0.23529552391046227,0.017120225677150984,0.12325223724788627,0.176374024814924,0.14694833810134753,-0.09158093538079035,0.13668289650885734,0.01702141223533537,-0.0741833945604794,-0.28192431209109964,-0.1034018917992812,-0.0020177067312672826,0.275919004853015,-0.14964817633418068,0.3850281697997434,-0.26581453354477286,-0.34315677071297085,-0.24358150913625895,-0.04770457968427511,0.2875232092055877,0.2312346102048785,-0.15401828048673588,0.6154069280972835,0.23352485078373403,0.2891360995784491,0.6153527400808039,0.239794723043454,0.22440851389364805,0.09195387643538477,0.22223461817370446,0.10788355951517663,0.3495653005442708,0.6016240467291953,0.3516148825793496,0.32792993808222237,0.16770075464781772,0.14539282327534683,0.152501016025309,0.1203101467060858,-0.08368064133111269,-0.10848759652240435,0.017059662599909157,0.5564631162890771,0.27793352405390115,0.1593430499884452,-0.021767644972866148,0.015767119030353258,0.16906661141614007,0.062236530691933155,0.11549219453497916,0.05689263600793695,0.053206257122138195
#26,0.24677860210855135,0.41961287443520945,0.2847612141303222,-0.08717098709847078,-0.4275083871893154,0.09378989393492657,1.0,0.018655021555674202,0.2608818302799449,0.3445337838376272,0.3045270900238268,-0.24787192502928543,0.10992676648949311,0.7069225191052603,-0.13299970515343976,0.16688793440062474,0.06647116480328953,-0.027610388161512164,-0.47327972969742366,0.0077600427129071075,-0.10358676856138785,0.015465897409334683,-0.23167130186709592,-0.08917116241264175,-0.21038975527735498,-0.15414578170198184,-0.012938185817083569,0.12802715775884738,0.1897919339543705,-0.08224625265959566,0.36778044290734646,0.1520196989377555,0.024059479316912238,-0.10108136968180478,-0.04829746033516882,-0.3586067304703998,-0.10063989672401565,-0.2202965997019659,-0.25568137446310035,-0.2133732837141104,-0.16493397827698045,-0.44053263632669,-0.39100160173401655,0.02177561379881902,-0.15578098478751126,-0.05529249575660018,-0.17916311389842934,0.007999107491493278,0.16261026862912287,0.3547290997617321,0.25459761413350973,0.13403405876212257,0.0573452653220601,-0.009012742152698643,-0.2909354604786077,-0.04517527432683343,-0.042594968483293354,-0.17062690753771248,0.2225262772035796,0.37899576855341904,0.17808891615998215,0.1395134234873176,-0.0029468718373722,0.19992828056642414,-0.284746870243607,0.2180063591231104,0.286458574058284,0.5767214656264692,-0.21616715409318746,0.045360151088940065,-0.09918957040059288,0.2858895998852489,-0.2814206822908781,0.07264062985600331,-0.13368821171576792,-0.28052339248858466,-0.13515447569109643,-0.04229374686227478,0.38884045613559753,0.3999617496354262,-0.3651794181163289,-0.22643897074643993,0.25296559857836143,-0.2924415685837006,-0.2662591940329431,0.14967686410761102,0.15129931707161584,-0.5740088772721115,-0.4078397309724358,-0.5389492306098542,-0.4224529640048132,0.10911235247710954,0.14284917403119,0.22001131573285307,0.22908462096279356,0.03637131541410004,-0.11507940935062037,0.1112129349982867,-0.14905370191809642,-0.05322856983480624,0.03335113037796141,0.22603734191841515,-0.01452398218170517,0.04943381491604842,-0.22986715967136562,-0.13180597502569946,-0.04756114081712341,0.17097116081887656,0.1754448597088191,0.2771446102845668,0.2836152969582991
#49,0.500324331216282,0.1861469929635267,0.31312704699216665,0.11955151447537235,0.03619759500832742,0.13119396919251886,0.018655021555674202,1.0,0.19422578871454868,0.15730462430970046,0.32334786315932074,0.2425296241104798,0.03581031006701783,0.12860888205340706,-0.10466096629983504,0.09932185291141056,0.13003370813378065,-0.3169823649881663,0.05089848512618636,0.16267242547155528,-0.08580831786052961,0.22822239399469277,-0.40636549817115447,0.019120400991321947,-0.12137000055781781,-0.19968443449226625,0.2599686028257457,0.13838185020200974,0.0826367251312864,0.21237718047000134,0.19967487190112282,0.09829068683310888,-0.41873470981520294,-0.1608284391460606,0.11502362756895027,-0.02469061033237973,-0.020240817920295803,-0.19322968547043964,-0.15905776601933236,-0.3670042792595367,-0.13303158045725122,-0.09378670640454542,-0.02001131573285308,0.16017658918311564,-0.030437727609591278,-0.11511287841962244,-0.1865470280263609,-0.12335742575046418,0.04320538055128338,0.18051622054522706,-0.036672537035118614,0.15223485723848307,-0.049749380423782165,0.12905354254157736,-0.27114727187243504,0.08436436659786914,-0.10406489811856019,0.05074867119827236,-0.21908215062674816,-0.1105754289220569,-0.1569269019595343,-0.07756855182525958,-0.146294894373212,-0.051843587884197025,0.3495780506657954,0.3117006271466025,-0.14307230115787042,0.07805624397357537,-0.014367793193028871,0.1731083999394369,-0.016407812636964197,0.2533002892683821,0.15013746224768704,0.38063256540413903,-0.023919227980141684,0.0733163862968069,-0.258562901927659,-0.11889966451242738,0.05782976993999474,0.10587700914024337,0.18211636079656385,-0.052855628780211814,-0.09500434301014432,0.1432364589724996,0.06270031636239033,-0.11796731187594131,-0.05533552741674569,0.07887543928153065,0.07527990501159464,0.06909609607216569,-0.11147909378511264,0.06328044689175943,-0.0661045988094574,-0.03298934567970101,-0.21034034855644718,-0.15109690889241287,-0.07298966443273912,-0.26803624222043365,-0.18639721409844687,-0.181819920471117,-0.018556208113858587,-0.07454996055431154,-0.4421072763349776,-0.26359919992987435,-0.4461777526317048,-0.4194040911952442,-0.2702181067663301,-0.15879160723250643,-0.11302185848958873,-0.08553578401294137,-0.1481309118727538
#50,0.43898190279626104,0.6462654097171864,0.3030528572225454,0.1479683478233152,0.07886109539481548,0.10988692235972874,0.2608818302799449,0.19422578871454868,1.0,0.4973663030225757,0.4902087035517057,0.10970682689319383,0.2346516427734702,0.2574329224075417,0.08377148594697544,0.07016232498466,0.20168939110200895,0.39125341663412727,-0.23948553259648256,-0.20612802715775885,-0.08570631688833284,-0.016557626564878195,-0.0023954290814334326,-0.052104965375451236,-0.06792308489190288,-0.03461817370446812,-0.08280088294591557,-0.229693439265593,0.08515009283682234,-0.244802333272239,0.17827698045246992,0.2557403437751516,0.34013021061606996,0.1261592649554941,-0.06042123213986883,0.0072149750177306375,0.06343822964562632,0.13821131732661826,0.01975631330236116,0.009430308632629154,-0.29676385978053854,-0.1970834097012487,-0.24708938632071337,0.2538995449800381,-0.07883559515176629,-0.12272948226537785,-0.02556239989162397,-0.3298775191451043,0.1101148307819809,-0.08883009666185882,0.10478049868912813,0.08029548406633251,0.06110176987624413,-0.08150993314155025,-0.15163082023125532,0.010133159081672498,-0.2926551331192375,-0.2147088589438118,0.02860330387524006,0.0333208488393405,0.02670991082883759,-0.0010726039732566201,0.06013276064037485,0.10009642279402975,-0.05949366079895449,0.1586497621305453,0.22635609495653006,-0.03267696770234841,0.07296575795488051,0.014533544772848616,0.18089872419096495,0.275746878212433,-0.31042402122895235,0.032759843492258287,-0.17578114416403032,-0.2255034305795727,-0.2565961956824901,-0.23422770123277736,0.0686084039238499,0.13451537584967607,-0.10959366956466304,0.0447338013690443,-0.026722660950362184,0.12009658217054882,0.10890994429790658,0.030219381778482577,0.13210400911633688,-0.26337926033357506,-0.07614053821450485,-0.16221660862705098,-0.051142331200344254,0.12953326586394026,-0.009763405557459219,0.06753261242021213,0.015610930041676959,-0.033429224872299566,-0.07050498450063353,0.40445457370765564,0.21086788483452734,0.12159472144968882,0.004534261967184375,0.394254476487979,0.3529584266350039,0.4607415789431743,0.13986245806405342,0.2837236729912582,0.07167799568089633,0.019464654272486035,-0.18306624485014622,-0.07606722501573843,-0.1461689869231566
#51,0.6458032178119197,0.6769422021053638,0.6203412251273019,0.5628126768083258,0.1334698658846592,0.34189610244722646,0.3445337838376272,0.15730462430970046,0.4973663030225757,1.0,0.5712962889177537,0.19224155105228347,0.44530277554207937,0.20120010518850256,0.24290097139988365,0.11382192861525711,0.6996182932368574,0.2940496776609902,-0.4106638828901338,-0.022860967893600235,0.09513343799058084,0.22910852744065216,0.07879415725681135,0.168070508172031,0.20709066133286583,0.056777884914215586,-0.05797958386790874,-0.17328690164078125,0.46512921451282585,0.05592522053725824,0.2796484153989593,0.217880451673055,0.2693463172070859,0.05425973591310792,0.23753157647283826,-0.1045764967447346,0.28110989807871606,0.012007426945788076,0.04151280191889329,-0.08595335049287188,-0.11717999187179753,-0.2811274294958124,-0.07988588641235486,0.18202073488512938,0.032895313533457114,-0.12261632493684706,-0.02416307405429958,-0.21939612236929132,0.10028926838208926,-0.040567699160882625,0.06871199866123724,-0.06365816924192559,-0.06584481508339377,-0.1188614141478536,-0.15131206719314044,0.01700388081823905,-0.23224983863127446,-0.16971368008351329,-0.013247376264055017,0.11623648287897743,0.004824327231868928,0.020833698571189507,0.17090900397644415,0.15352740080803895,-0.3191801671859685,0.22455354652599033,0.2448198646893353,0.01385778833204504,0.16714771812668838,0.3462582377738288,0.3064268581309916,0.6235160053869263,-0.1147845627903641,0.16061168708014248,-0.10636788881894031,-0.1714859469754321,-0.1750017929858394,-0.10519169010829635,0.3104654591239073,0.24872140187586164,-0.28426236562567236,0.21645562559268142,0.1754321095872945,0.02075719784204193,0.19249974101315653,0.015529648016957661,0.14146737961096192,-0.02457267170827722,0.09363051741586911,0.005801305293691081,0.05811824143948872,0.38729291013554973,0.15245320306959176,0.11219628812087115,-0.004531074436803226,0.2365561921762067,0.12818334674752369,0.3162444517049303,0.03720166707838934,0.19015690618301206,0.03956203332563014,0.36655802500617585,0.18545529887081735,0.2857525360788595,0.00965662328969073,0.1602419335559292,0.029210528412848935,0.04069838790650973,-0.008507518587286536,-0.18120153957717408,-0.09261847651985433
#52,0.6612436149782053,0.6247750798874802,0.5613559754241407,0.1677772553769653,0.16074556335615073,0.1889376758122226,0.3045270900238268,0.32334786315932074,0.4902087035517057,0.5712962889177537,1.0,0.3225238865557937,0.19038959590083593,0.2328905322378854,-0.006500968212353274,-0.02715297755181729,0.3719449513503176,0.2229820940480839,-0.22193180278749533,0.15778912892763508,0.10527456589820622,0.20848839340499964,-0.19281849405127144,-0.07990979289021348,-0.09242881846217597,-0.07875909442261872,-0.0432914438715744,0.036739475173122746,0.19391181697200552,0.14455609655029525,0.3134410187347098,0.19869630007411007,0.10607304225868402,0.05601606515312099,0.17612858497557554,0.15515463506761548,0.03477276892795384,0.11862553689964858,-0.017896389324960755,-0.15640892827259759,-0.15251217238164302,-0.11877216329718143,-0.0253918670162325,0.1698379937683781,-0.05498171154443816,-0.14157097434834925,-0.0069520037612858495,-0.07001729235231774,0.019413653786387652,0.09743802245615153,0.07725936137828814,0.057796300870992676,-0.03642550343057957,-0.09848512618635896,-0.24173433528038313,0.009409589685151687,-0.22864314800500443,-0.1524882659037844,-0.035142522452167126,-0.012039302249599567,-0.13873725983950785,-0.08005801305293692,0.19976731028217612,0.023559037047071855,0.10456215285801942,0.4268963813561348,0.2040146945150571,-0.09823809258181992,0.15037971455665436,0.35576664090079607,0.2658432213182032,0.5591103602706213,-0.18691518778538357,0.0495660974268661,0.0779669931229032,0.13302042410091722,-0.168220322099945,-0.013846631975711019,0.17150188462733784,0.12034839707065959,0.024427639075934943,0.03213349377236252,-0.1535799950593279,0.21076588386233056,0.15650136665365091,-0.1147781877296018,0.06637713265704563,-0.009511590657348452,0.11732024320856808,0.09498203029747627,-0.008118639880786364,0.0883376232179713,0.010362661269115222,-0.08405039485532596,-0.10890197547195371,0.16317286774139567,0.04627815983871096,0.18173385715082596,0.043042816501844786,0.08034329702204974,0.20161448413805194,0.28799177617161664,0.055501278996565435,0.29643873168166135,-0.034701049494377995,0.10935779231645802,0.13207691510809713,-0.06797408537800126,-0.03317900373737937,-0.2594952545641451,-0.24506849205906495
#53,0.224974300536302,0.029505374973105212,0.19085497533648368,0.09067567675254405,0.5448652869972667,0.4178565451951964,-0.24787192502928543,0.2425296241104798,0.10970682689319383,0.19224155105228347,0.3225238865557937,1.0,0.5823681756966747,0.11134681127429495,0.06600259783726063,-0.38011777924758344,0.23893568360573436,-0.04705432348652073,-0.021504673716421358,0.1349887241112767,-0.037114009992907745,-0.20819832814031508,-0.06431161297006112,-0.24566934153591152,0.06956147550781343,-0.33898748097442805,-0.0892986636278877,-0.06277203579596619,0.2667867303110233,0.1841037859892102,0.2140474463897234,0.25637466232100026,0.08984054379268303,0.09654551394942983,0.25463905202846465,0.2907968029070277,0.15787997354349784,0.10234044418235862,-0.09193634501828846,-0.14731968539075138,-0.011253576010646351,0.04535855732374949,0.16084915809353809,0.005441114360621249,0.09427758608324235,-0.2634398234108169,0.08887312832200432,-0.08864840743013332,-0.06527743467554925,-0.18964052626126593,-0.12665173839938162,-0.033217254101953156,-0.10817043724948003,-0.15443744073185697,-0.23376072803193906,-0.2419606499374447,-0.27808971304257746,-0.24416323343081864,-0.10918088438030425,-0.16170182247049542,-0.19360262652503407,-0.16695009124305715,0.404247384232881,0.12820565946019172,-0.004599606339997928,-0.00778235542557515,0.1525249225031676,-0.10324410904541434,0.06211699830264007,0.1263234227701233,0.04285315844416642,0.17449975695080844,0.2991561013315908,0.2748639322968547,0.2312218600833539,0.19851779837276573,-0.06303181952202982,-0.026356094956530053,-0.01268955844735395,-0.09365601765891832,0.31403868068117524,0.39734319342731234,-0.1839045653403884,0.8010582600865415,0.7325932950298433,0.05280144076373228,0.003294312648917435,0.37847620110129176,0.25255918845476494,0.4781168070508172,0.27596044274796994,0.2516698674784244,-0.0823625975185076,-0.0425359991712421,-0.13796109619169808,0.07676688793440062,-0.20143120114113588,0.09061351991011164,0.03782642303309453,0.06086270509765796,0.10803815473866235,0.15590689223756665,0.07720995465738033,0.07859971790356127,-0.04534421343703432,-0.023772601582608834,0.11132927985719863,-0.15924583031182016,-0.21452398218170518,-0.23006319278980628,-0.2478129557172342
#54,0.27273784953262836,0.21467060857923803,0.27921809879750414,0.23512020973949907,0.24706707360804533,0.7113324673875798,0.10992676648949311,0.03581031006701783,0.2346516427734702,0.44530277554207937,0.19038959590083593,0.5823681756966747,1.0,0.33896198073137884,0.21174604945453387,-0.14247782674178613,0.4398823801289356,0.09054817553729809,-0.302413757381125,-0.14250970204559762,-0.08488393404999642,-0.14181482042250715,0.04731729474296552,0.04098685940600371,0.13570751221222577,-0.19580521001840798,-0.13654742646765852,-0.12400927571340914,0.678881814342293,0.19577652224497766,0.43757620189817437,0.4484998685143718,0.37567117436588066,0.24949597175848082,0.2750886531887257,-0.05601287762273984,0.4431894428993776,0.0966092645570528,-0.1149837834391859,-0.11793384280693925,-0.14792850369355082,-0.24281809560997378,-0.06156714931189188,0.2467068826749755,0.03734032464996932,-0.037322793232873,-0.1239614627576919,-0.23453051661898652,0.02459498442094526,-0.17989305835571245,-0.12705496099259697,-0.1423981384822574,-0.16501047900612803,-0.2253902732510419,-0.2692459100000797,-0.2820900636709194,-0.4105762258046522,-0.3168198009387277,0.09380423782164174,0.11407533728055845,-0.009696467419455092,0.0076691980970443625,0.401936424706548,0.19695590848600275,-0.3551912916669987,-0.0815944026966507,0.28800771382352236,0.060143916996708874,0.011910207269163035,0.03500386488058714,-0.019938002534086653,0.25225477930336526,0.05890237391325136,0.29221844145702014,-0.03184661603805911,-0.2590745005538334,-0.15525026097904995,-0.11685327000772976,0.3443536883710923,0.25721935787200473,-0.1953860497732869,0.4850704045772936,0.21023834758425042,0.38610714883376235,0.5943787901728438,0.23255424778267417,0.14546613647411327,-0.007235693965208106,0.019805720023268972,0.043417351321629785,0.1628891775374734,0.496163010303692,0.07679557570783097,0.25025460398919425,0.12487469021189108,0.16449250531919132,-0.06711345217509104,0.16711903035325806,-0.15122919140323057,0.005936775334889911,-0.09205268987720039,0.4806955191291667,0.3191355417606324,0.13962976834622956,-0.012244897959183673,-0.03387069783008869,0.06270031636239033,0.017281195961399008,-0.014409231087983808,0.028461458773278932,0.025811027261353585
#58,0.11629385842583811,0.1800030281538621,0.12625170333654742,-0.20413103937396904,-0.2872761756010487,0.21509455011993084,0.7069225191052603,0.12860888205340706,0.2574329224075417,0.20120010518850256,0.2328905322378854,0.11134681127429495,0.33896198073137884,1.0,-0.04876443353600714,0.045917968905641135,-0.048211397014877796,-0.1615344771254851,-0.32473284510992995,0.15869279379069082,-0.13797065878284154,-0.1880451673055009,-0.26342069822853,-0.24299340978093698,-0.20803735785606706,-0.2865781064475771,-0.038935683605734364,-0.06429726908334595,0.260222011491047,0.004986891281307525,0.34149766114958285,0.14731968539075138,-0.0005339113388424483,-0.050767796380559255,-0.09078405278550311,-0.20880077138235223,-0.08506402951653133,-0.156096550295245,-0.4145829514937564,-0.25721935787200473,-0.3131493597048347,-0.4149192359489676,-0.3818007952888301,-0.008088358342165449,-0.23235024583828065,-0.17291077305580568,-0.05405573396871439,-0.1103825833339974,0.2232370964785758,0.18891376933436396,0.18367665691813626,0.06358326227796858,-0.017177601224011668,-0.13341089657260796,-0.4359314362215015,-0.21127748248850498,-0.19056331630660855,-0.22655053430978014,0.05551881041366175,0.14268501621656082,0.12116918614380544,0.09532947110902151,0.3496593326905147,0.29567053685980443,-0.2578074572273267,0.03713791647076636,0.463634262764067,0.6507438899027006,-0.09127971375977177,0.09175784331694412,-0.18890898803879225,0.21526667676051287,-0.16633808540987657,0.13985289547290997,0.010373817625449243,-0.20843420538852012,-0.1241240268071305,-0.11465706157511814,0.4622955000039844,0.37887464239893537,-0.18193945286041008,-0.0842288965566703,0.30294607495477693,0.05896612452087434,0.05963709966610619,0.15294727027866983,0.13597685852943286,-0.49587453880419796,-0.4624676266445665,-0.4139581955390512,-0.3656495788475484,0.13675939723800493,-0.07487986994876045,0.1645929125261975,0.1107443680322578,-0.014635545745045383,-0.31341870602204175,0.08622588434046012,-0.14448437711671938,0.014814047446389724,0.01566033676258477,0.13270326482799288,-0.08407908262875631,0.007756855182525959,-0.171194287945557,-0.13778896955111603,0.03454804803608284,0.1191737921252062,0.07959422738247975,0.20649778068197214,0.19193714190088373
#101,-0.02072851006861159,0.013253751324817315,-0.22281156117269243,-0.001831236203970069,-0.09782371363227056,-0.13256460725641292,-0.13299970515343976,-0.10466096629983504,0.08377148594697544,0.24290097139988365,-0.006500968212353274,0.06600259783726063,0.21174604945453387,-0.04876443353600714,1.0,0.2058188367107874,0.08656854385643363,-0.009538684665588219,0.32369211644048484,0.10041995712771637,0.48441377331877694,0.16618827148196255,0.1388583859939915,0.014672202344428596,0.2884985935022193,0.06239909474137175,-0.027117914717624654,-0.5556997027627919,0.08577644255671812,-0.07172262110623241,-0.1282375347640032,-0.0829554781694013,0.03364916446859884,-0.09759580521001841,0.09561156754775318,0.010917291555435138,0.3282470973551467,0.0879439632158994,0.04059319940393182,-0.02219955533951183,-0.06799161679509758,-0.14596179744838192,0.08254428675023309,-0.056661540055303654,0.020805010797759167,-0.05571803106248356,0.06986588465921316,-0.2954155344293125,-0.039643315350349435,-0.25638103738176254,0.021603487158236977,-0.36173529153949746,-0.11511447218481301,-0.2973296464231925,0.3248794715074628,-0.04462542533608523,-0.08894644152077075,0.07915275442469061,-0.4021978021978022,-0.3294057646486943,-0.2809441464988963,-0.34373690124233997,0.2644247702985919,0.14189610244722645,-0.13715305724007681,-0.14356158707137678,0.2999179210926854,-0.014214791734733721,0.5900963431057702,0.4385946178549514,0.26516905864259016,0.21635521838567523,0.31873869422817935,-0.10050442668281682,0.25342619671843747,0.0031891241463395197,-0.02086716764019157,-0.27591103602706213,0.13048793121309438,0.034968802046394507,-0.26099976890404736,-0.040625074707743306,-0.024975894301492562,0.005283331606754377,-0.04476567667285579,-0.19510714086493636,-0.2982333112862482,-0.06910565866330913,-0.10090127421526987,-0.11688355154635068,-0.13703830614635545,-0.25498011777924756,-0.35911354780100246,-0.31981926702738883,-0.24741451441959056,0.1300368956641618,-0.16206679469913698,0.006580656471881998,-0.03407151224410108,0.06191140259305596,-0.22151104877718367,-0.04398154419909315,0.08859900070922551,-0.15173760249902382,-0.0001864705272972133,-0.14002183458311088,-0.2396512841763023,-0.2634015730462431,-0.3388775111762784,-0.32737212026552126,-0.34860107260397327
#102,0.02517511495031437,0.022097554367315062,0.0030727792874275833,0.0827180071560057,-0.4236068500027891,-0.13597207723386112,0.16688793440062474,0.09932185291141056,0.07016232498466,0.11382192861525711,-0.02715297755181729,-0.38011777924758344,-0.14247782674178613,0.045917968905641135,0.2058188367107874,1.0,-0.09440189976810716,-0.18771525791105195,0.05895018686896859,0.31432555841547866,0.2870434858832248,0.6065009682123532,-0.08241997306536827,0.13344117811122888,-0.010219222401963518,0.21179864370582283,0.10597741634724955,-0.1110376208273235,0.0023763038991465387,0.01972603176374025,-0.06214090478049869,-0.3032441090454143,-0.2731091968220322,-0.30245519527608,0.06386535871670027,-0.1312306257919021,-0.03550908844599925,-0.14082668600435097,-0.0686514355839954,-0.172842241152611,-0.04250890516300233,-0.08079592633617289,0.03762720238427272,-0.08938472694817873,-0.004526293141231502,0.11047661548024129,-0.0370359154985696,-0.03977081656559539,0.10746758680043669,0.13414880985584393,0.14436803225780745,0.02716413390815131,-0.01506904987688164,0.06267800364972229,0.09909713201953955,0.2220258349337392,0.07903322203539752,0.35500163360932036,-0.33181235008646176,-0.20434779143988716,-0.285806724095339,-0.2117747372279642,-0.1623202033644383,0.08347823315190973,-0.06984038441616397,0.23568440261696244,-0.10799990437408856,0.22188239606658752,0.20742057072731473,0.34011905425973593,-0.13941142251512084,0.017144132155009602,-0.07787455474184989,-0.02677206767126999,-0.07992732430730981,-0.02549227422323869,-0.1609718780132123,-0.16883870299388792,0.07748089473977798,0.2558152507391086,0.046174565101323624,-0.1180438126050889,0.07160149495174876,-0.3343990309907641,-0.38456279036409563,-0.43490823896915265,-0.33947517312274383,-0.18242873877391644,-0.14701527623935165,-0.18503295109531512,-0.221240108694786,-0.1805767836224689,-0.11144562471611058,-0.27170190215875495,-0.2935332977392441,-0.1247981894827435,0.08601072603973256,-0.3028026360876252,-0.1954179250770984,0.055906095354971354,-0.12894676027380886,-0.25086182852680317,-0.3272525878762282,-0.24959000390472472,-0.22413916757644095,-0.23408426236562568,-0.30510243925762415,-0.2134163153742559,-0.2107897903401892,-0.2548032098430938,-0.22280518611193012
#201,0.46941006781470884,0.4405581365697392,0.7458613902413758,0.6175154794444134,0.23415438803401095,0.42739204233040345,0.06647116480328953,0.13003370813378065,0.20168939110200895,0.6996182932368574,0.3719449513503176,0.23893568360573436,0.4398823801289356,-0.048211397014877796,0.08656854385643363,-0.09440189976810716,1.0,0.4009610404099164,-0.3588314513622708,-0.264106017260477,0.01358366071926623,0.2801759516770394,0.29041270549609927,0.42786698435719467,0.3765063073257417,0.16743618962618237,0.07738845635872467,-0.04667500737116401,0.5156754775318952,0.2634780737753907,0.3713122265696595,0.4792467865709345,0.27353473212791557,0.28661476304696026,0.4331056905386129,-0.14510753930623402,0.4612356461522524,0.05101323621990772,0.1247615328833603,-0.05888165496577389,0.07921172373674186,-0.145407167162062,0.11214528763477277,0.3052793471937779,-0.028281363306744016,-0.20480201451920088,0.007345663763357745,-0.09450708827068507,0.09407199037365825,-0.09857118950664999,0.006703376391556232,0.04610284566774777,0.10181609543465961,0.04384129286232259,0.01117866904668935,0.14384846480568017,-0.4231064077329487,-0.24951190941038656,0.078904127054961,0.015269864290894022,-0.10586744654909992,-0.0009865406529655986,0.04750695280064388,0.10581007100223924,-0.12425312178756703,0.18444325797480257,0.014452262748129318,-0.1778801329200169,0.07049701567468065,0.25532596482560227,0.3592171425383898,0.5990819912502291,-0.07776458494370024,0.3062913880897927,-0.2699694793966005,-0.0949182796898533,-0.28245981719513263,-0.10439321374781853,0.37511654407956074,0.2579445210337161,-0.19783726063639043,0.2735634199013459,0.12341161376694372,0.02135167225812621,0.19460351106471482,-0.018309174509319542,0.13654423893727738,0.10092199316274733,0.2682832758249727,0.17963327462964881,0.22709082070938488,0.4671469212440931,0.18770888285028967,0.15977814788547204,0.05651810118815195,0.5457817019818471,0.40190773693311765,0.4150817999984062,0.05271856497382241,0.29621879208536206,0.17570942473045445,0.4972658958155695,0.18697415709743484,0.31803903130951716,0.06088023651475428,0.16137350684123708,0.12057630549291173,-0.09120002550024305,-0.0341575755643921,-0.18806429248778778,-0.09219772250954267
