,#10,#11,#12,#13,#17,#18,#26,#49,#50,#51,#52,#53,#54,#58,#101,#102,#201,#202,#301,#302,#401,#402,#501,#502,#601,#602,#701,#702,#801,#802,#901,#902,#1001,#1002,#1101,#1102,#1201,#1202,#1301,#1302,#1401,#1402,#1501,#1502,#1601,#1602,#1701,#1702,#1801,#1802,#1901,#1902,#2001,#2002,#2101,#2102,#2201,#2202,#2301,#2302,#2401,#2402,#2501,#2502,#2601,#2602,#2701,#2702,#2801,#2802,#2901,#2902,#3001,#3002,#3101,#3102,#3201,#3202,#3301,#3302,#3401,#3402,#3455,#3501,#3502,#3601,#3602,#3701,#3702,#3801,#3802,#3901,#3902,#4001,#4002,#4101,#4102,#4201,#4202,#4301,#4302,#4401,#4402,#4501,#4502,#4601,#4602,#4701,#4702,#4801,#4802
#10,1.0,0.5210512475197029,0.4892317254898836,0.5968682514005211,0.22703344516252422,0.2027094008239766,0.10655276558104694,0.8318864601678235,0.5889711448812246,0.5689932982173737,0.5562638956402554,0.26969853931420285,0.4389054020671134,-0.2341257002605806,0.32392161862792757,0.0011012917466869606,0.5111826534596657,0.18657412203460064,0.3993513375674362,0.33686936703615455,0.3550972595207548,0.38342802954840666,0.247948425758433,0.13250723170955223,0.3039836160938409,0.21756488616532127,-0.03648128521224968,-0.07878140713528675,-0.00023747101339559643,-0.015207707448461618,-0.09852178278574218,-0.3385986022679279,-0.13291682936352986,-0.40072516316171136,-0.09483859143032457,-0.07848018551426818,0.08550390870912988,-0.14336236642255495,-0.0960976659308784,-0.27657882364191283,-0.2611272701192933,-0.1525185474424053,-0.17378096884985936,0.12264501271027739,-0.19247902206567907,0.02752751237160229,-0.13989752089824606,-0.17291077305580568,-0.2251735211851238,-0.2101395341424348,-0.1023229127652623,-0.03596649905569412,-0.05695638661555993,0.04918040625074708,-0.0508395158141351,-0.037514045055741935,-0.43357425750464185,-0.1110009642279403,-0.6565722892046315,-0.6649220250380511,0.03845436651818088,-0.06389404649013061,0.09737108431814741,-0.05296400481317087,0.11745411948457633,0.34459115938448787,0.196565436014312,0.005453864482145845,0.5683191355417606,0.5321247280638144,0.5442389372773709,0.6671787965479046,0.4570679501789001,0.29327192024798987,0.1324084182677366,0.03862649315876292,-0.18317621464829587,-0.061887496115197345,-0.12121540533433209,-0.1165695798038075,0.1800460598140076,0.10530165990644598,-0.03812126959335081,0.10071958498354437,0.18871454868554216,0.10417805544709098,-0.30324889034098607,0.21383866314975813,-0.24471308242156684,-0.18631911960410874,-0.09334523344675628,-0.3098454844647738,-0.41064635147303746,-0.5358477635489963,-0.5199164867040139,0.15302377100781742,0.20517814310417645,0.2111563563340213,0.1840097538429663,0.1811138824916925,-2.2312712668042617e-05,0.03867430611448015,0.014952705017969702,0.15283411295013904,0.01850839515814135,0.17748574675301507,-0.07684179489835763,-0.2921275968411574,-0.1619042306496984,-0.41244730613838665,-0.5231358923889743
#11,0.5210512475197029,1.0,0.30186231462518626,0.39589605463427074,0.03050944704316713,0.05987935197507351,0.4608069233159879,0.5354094781215883,0.5139956490210297,0.5880770426093124,0.46044354485253686,0.08224465889440509,0.5451298520189021,-0.1329455171369602,0.29968841890524267,0.1009745874140363,0.30510403302281475,0.28360095307158395,0.16410043908231,0.0013977320721338124,0.04795798834957646,0.04075257592298927,0.171943357585127,-0.17017427822358933,0.25945222290399955,-0.16560017212664058,0.06030169975057575,-0.02676728637569827,0.01641578146291707,-0.09673198447672704,-0.16116472360127182,-0.061014112790762534,-0.15058690403142905,-0.2898676378009228,-0.3091824781454948,-0.24754520316521766,-0.14545019882220753,-0.36979814963861374,-0.17548629760377404,-0.31523719210448725,-0.4042155089290695,-0.21120735682011968,-0.44855086900047014,-0.3660416450844297,-0.1301803345313135,-0.11600698069153471,-0.20818239048840934,-0.27129389826996786,-0.21916980771222977,-0.17738925324131996,-0.06401995394018599,-0.06775095825132084,0.01505470599016647,-0.03702635290742615,0.06530930997936074,-0.17210273410418442,-0.05598737737969065,-0.1431169265832065,-0.24842496155041477,-0.2429742845986501,-0.03552183856752385,-0.021831395580489125,0.007355226354501192,-0.12000573755468606,0.29964698101028775,0.21181936265330029,0.09570400592880651,0.12597598195857804,0.36054474894213834,0.1883926081170461,0.5217349727864594,0.36618189642120025,0.3385922272071656,0.023278534373530748,0.1664655866251225,0.09514140681653371,0.01645562559268143,0.0732653858107085,-0.038417709918797664,-0.08410139534142434,-0.013864163392807338,-0.019529998645299588,0.1951549538206536,0.09888834877957431,0.014815641211580298,0.07196168588481859,-0.09519559483301325,-0.0412562057232108,-0.2414187697726494,-0.30436293220919763,-0.2938695821944553,-0.16846257440891232,-0.13847428858306307,-0.1142410888603782,-0.24345878921658473,0.2779207739323765,0.1722238602586681,0.1790419877439457,0.04226027779327272,-0.011608985648144459,-0.0691949095139813,0.00746519615265083,-0.032378933611710986,0.003774035971280351,-0.0961980731378846,0.003225782031007767,-0.10428483771485947,-0.14065615312895952,-0.026117030177943885,-0.10757118153782404,-0.1522205133517679
#12,0.4892317254898836,0.30186231462518626,1.0,0.6103817864514021,0.18387587756695806,0.48730645713966964,-0.12633776665683843,0.21260349512706292,0.1220330068770968,0.4321048059989322,0.1859589286710389,-0.07058626652535283,0.18363681278837188,-0.31961207755261417,-0.10163121867255297,-0.08480902708603942,0.660244324203715,0.7346747523687335,-0.07037429575500641,-0.1868578122385229,-0.1893361171098662,0.06015666711823347,0.08435321024153511,-0.12221947740439401,0.32342117635808715,-0.06627513168484887,0.3804014694515057,0.2927635091521966,0.350564591318761,0.1361059535098694,0.2723186892875073,0.06469252285060842,0.3601590577660193,0.11394624230012192,-0.14215907370367123,-0.05304847436827132,-0.17116560017212665,-0.20388878706500171,-0.22631625082676568,-0.07084126895584474,-0.07238243989513025,-0.09599247742830049,-0.1752456390599973,-0.19459076094319025,-0.19408394361258755,-0.1798468391651858,0.1307174334005371,0.187426786411558,0.23647331638629682,0.2313238610555507,0.43486998860457887,0.4397771916263577,0.3494824247543609,0.36124600562599113,0.4054889273163385,0.2918725944106655,-0.1913841053797544,-0.30310704523902493,-0.17676449728661475,-0.11597032409215151,0.040884858433806945,0.08157687127955439,-0.26487899337790566,-0.27501693375514985,0.3008391173728375,0.17860848361210943,-0.3466566790714724,-0.35546382551458694,0.07011769955932393,0.05511558782044641,0.19425925778355074,0.37184613790850196,-0.1058626652535282,0.2716891520372304,-0.06762345703607488,0.10383061463554574,-0.01920646431161297,0.03794595542238762,-0.38050506418889307,-0.21950609216744096,0.01734335280383141,0.06129302169911307,-0.06004988485046498,-0.08761246005625992,-0.02289124943222115,0.09740136585676833,0.00020718947477468144,0.1592490178422013,-0.0024161480289109005,-0.18271402274302928,-0.1150778155854298,-0.10815131206719314,-0.12693542860330387,-0.15177425909840703,-0.12430252850847484,0.5193124496967861,0.2447465514905689,0.6785264047047949,0.45011913394799546,0.4462526595956618,0.5797575883145136,0.576609902063129,0.5378256261504992,0.5238913370893067,0.3803504689654073,0.47313090116703277,0.39298583939628173,0.023837945955422386,-0.014037883798579955,-0.18453888388623704,-0.21850839515814136
#13,0.5968682514005211,0.39589605463427074,0.6103817864514021,1.0,0.13723274549960554,0.456188191793703,-0.07606084995497614,0.4455896532763828,0.22693941301628032,0.5886444230171569,0.2542023603662472,0.016197435631808366,0.3106822111898254,-0.1719178573420778,0.1104080835770466,-0.119972268485684,0.6127612778809298,0.3421526986429089,0.14806397373474967,0.1079855604873734,0.10927651029173872,0.14832056993043216,0.2206041963837468,-0.015142363075648065,0.306597391006383,0.07894875248029708,0.21659587692945198,0.1386910406489812,0.21698953693152387,0.10904382057391485,0.0721800317159273,-0.10395492832041055,-0.035050084071113805,-0.19375244045294807,-0.0759636302783511,-0.0758695981321072,-0.016025308991226322,-0.09363529871144084,-0.10703248890340986,-0.15257114169369426,-0.06305094470431671,-0.19199451744774443,-0.12525241256205724,-0.11838487835587183,-0.057710237550701655,0.08754870944863694,-0.01045828718054969,-0.013539035293930145,0.014355043071504276,0.001227199196742344,0.22221071169584586,0.15873263792045517,0.0986636278877033,0.08207731354939476,0.05609415964745914,0.002333272239001028,-0.3027213540629059,-0.1622516714612436,-0.3910940401150699,-0.26774458319055855,-0.0734406999816717,-0.05803536564957885,-0.04670847644016607,-0.28968276103881613,0.07288128839978006,0.19597574289379946,0.04691088461936903,-0.13877869773446277,0.29425367960538373,0.2141717600745882,0.2460885017810326,0.37095841069735197,0.1167385189140084,0.2241232299245352,-0.016055590529847237,-0.020342818892492568,-0.16065790627066914,-0.09131158906358326,-0.14879551195722335,-0.15031277641865023,-0.034669174190566504,0.0791782546677398,0.03712038505367004,-0.004196383746782587,0.1272653379977528,0.0864521989975217,-0.12792515678665062,0.2234442859533505,-0.10851469053064412,-0.19250611607391882,-0.04301253496322387,-0.09637338730884779,-0.058315868323119954,-0.3035086740670497,-0.2289316195044984,0.20074906963957,0.11220106941644288,0.3223182908462096,0.25544390344970475,0.27950497653180756,0.2409135462072373,0.2412498306624485,0.2548350851469053,0.28794236945070883,0.07460255480560049,0.241912136486937,0.08213309533106487,-0.19737028743555213,-0.15287714461028457,-0.3075664002422523,-0.28681079616540095
#17,0.22703344516252422,0.03050944704316713,0.18387587756695806,0.13723274549960554,1.0,0.6298448469586976,-0.02617599948999514,0.3418100391269354,0.32580863661356774,0.054605582959462586,0.23197730478368622,0.7074803369219613,0.4342532014758266,-0.09070595829116496,-0.14854369705711257,-0.42915315286598826,0.3258468869781415,-0.006661938496601296,0.25401429607375947,0.1668927156961965,-0.09333407709042227,-0.19095538254348987,0.10942154292408099,-0.2679358350134275,-0.02423160595749428,-0.1171624604547012,-0.085484783526843,-0.11513837866267163,0.39736869367036154,0.261012519025572,0.0797153535369634,0.1453768856234411,0.24694754121875223,0.27785702332475354,0.44067129389827,0.37247089386320714,0.4111643251599742,0.1528197690634239,0.22762791957860848,-0.046502880730581966,0.18633027596044274,0.2679023659444254,0.2241120735682012,0.21174604945453387,-0.02820645634278702,-0.08467674457522173,-0.011398608642988629,-0.009495653005442709,-0.03817705137502092,-0.17257608236578506,-0.07468543059551036,-0.03647969144705911,-0.1710317238961184,-0.14303405079329662,-0.18218967399533026,-0.16837491732343074,-0.2265903784395445,-0.36190104311931726,-0.18691200025500243,-0.23954928320410554,0.20810429599407118,0.226322625887528,0.04770139215389397,-0.10690658145335448,-0.12492569069798946,0.016823785351704132,0.04020910199300337,-0.03759373331527066,0.23638247177043406,0.15870235638183428,0.24988006916940927,0.2652312154850226,0.22480695519129168,0.2980819035931436,0.23175577142219636,0.10094430587541538,0.022145367323032298,0.032645092398536926,-0.0014917642183777064,0.12180031715927292,0.3454023858664903,0.5268589278741563,-0.16854863772920337,0.4375969208456518,0.49779661962403077,0.4730470399795998,0.1659683318856633,0.3963853405477771,0.31350317557714225,0.4205627584887918,0.4130369992588992,0.1925650853859701,0.11222975718987321,-0.058808341767007465,0.043186255368996486,-0.16222617121819444,-0.06106511327686092,0.018109953860497734,-0.1236809600841508,0.25240459323127923,0.14322052132059385,0.34517766497461927,0.38045246993760407,0.09801337168994892,0.31941285690379234,0.1535322432772091,0.15224760736000764,0.056424069041908054,0.09910669461068301,-0.07403198686737483,-0.2046075751659508
#18,0.2027094008239766,0.05987935197507351,0.48730645713966964,0.456188191793703,0.6298448469586976,1.0,-0.24766632931970134,0.1913203547721314,0.17946114798906676,0.22318609599247743,0.11902238443210161,0.44912621823426757,0.2870450796484154,-0.12157240873702077,-0.26773502059941506,-0.45939803488752,0.5207643697853995,0.3014272167281594,0.054592832837937984,-0.03742001290949804,-0.19704356557148436,-0.23415598179920152,0.12950139056012877,-0.23091266963638246,0.08813362127357777,-0.18839101435185554,0.20487214018758615,0.09562113013889664,0.5822661747244778,0.17812716652455593,0.24031588426077186,0.09378351887416427,0.35997099347353156,0.2845173680561643,0.2595303173983377,0.2272278845157743,0.1872259719975456,0.04541593287061017,0.08584178692953168,-0.03823283315669102,0.3380471595119891,0.13612348492696572,0.22785901553124177,0.020607383914127933,0.06060610890197547,-0.06506068260963112,0.09952744862099466,0.13416634127294025,0.14676505510443147,0.09597813354158531,0.28958713512738166,0.2961343225302616,0.12239797910573835,0.07371004629887878,0.09582991337886189,0.035199897999027806,-0.09800859039437719,-0.39827554606379845,-0.07033923292081377,-0.029741252221310233,0.07452605407645292,0.07848177927945876,-0.1600921196280152,-0.32550103993178686,-0.03979472304345401,-0.050326323422770124,-0.2199093147606563,-0.23339894333367864,0.03506442795782897,-0.039002621743738496,0.08484408992023205,0.14343408585613082,-0.08270206950409996,0.19236745850233886,0.12320442429216903,0.10215237988987083,-0.03177330283929269,0.01448891934751253,-0.11786212337336341,0.05609256588226857,0.10153081146554678,0.5532006789439712,0.025006175840113477,0.29556375459203593,0.3645068492059065,0.32011570735283573,0.11209428714867438,0.46150180493907833,0.37903720644837396,0.3469658695184438,0.4011427296416419,0.2217517073209604,0.20366087864274957,-0.0654176860123198,0.07284303803520627,-0.001982643897074644,-0.06374263879702603,0.266705448286304,0.08070030042473843,0.3962036513160516,0.3825753651714493,0.6078030743730526,0.5653085130967654,0.34957486313541425,0.3812126959335081,0.2630502526318263,0.3114806875503032,0.05405254643833324,-0.017832638717337774,-0.1648558837826423,-0.1744838192989027
#26,0.10655276558104694,0.4608069233159879,-0.12633776665683843,-0.07606084995497614,-0.02617599948999514,-0.24766632931970134,1.0,0.1960044306672298,0.4323964650288073,0.44756592211269514,0.5261497023643507,-0.041386894468837906,0.4088358342165449,0.3241511208153703,0.31300751460287357,0.16208113858585216,0.023801289356039174,-0.1450645076460885,0.14028639960474623,0.009605622803592347,0.11367052092215255,-0.06829761971168788,0.039203436157750876,-0.2303309453418228,0.04418395237829611,-0.3002781120257553,-0.28491262182342675,-0.43680641331112685,-0.1983823283315669,-0.2697336021483955,-0.15884898277936713,0.139189889153631,-0.31232060180573595,-0.2613392408896397,-0.1458884842496155,-0.01924471467618676,0.08269888197371882,-0.17799966530930997,0.07766417773669405,-0.1373793718971384,-0.26769995776522243,0.039169967088748814,-0.16335933826869287,-0.16821235327399214,-0.029965973113181235,-0.24191283698172747,-0.3672226250906454,-0.4278287339926209,-0.3442134370343217,-0.36921164404848233,-0.3022017866107786,-0.29021348484727744,-0.14155981799201522,-0.17761875542876268,0.0492473443887512,-0.21229111714971033,0.19021906302544447,0.018570552000573757,0.09838471897935278,0.020046378567045716,-0.055875813816350435,-0.10456534038840058,0.1077225892309286,0.02085601128385755,-0.09874809744280375,-0.11169106455545905,0.3605256237598515,0.4827482886946266,0.2512778012415431,0.13255026336969775,0.36038218489269974,0.19475491875781942,0.20657587517631026,-0.13618404800420755,0.17508148124536813,0.11092924479436445,0.11711145996860282,0.11294217023006001,0.32316139263202354,0.07207324944815881,-0.058472057311796256,-0.12716811832112776,0.33775550048211395,0.014726390360908127,-0.03699129007323351,-0.05604794045693248,-0.0256165879081035,-0.3058164460630015,-0.14489397477069704,-0.1539927802436867,-0.15752297014080915,0.051438771525791106,0.09016567189156022,0.21249830662448502,0.11404186821155639,0.06780514626780036,-0.18567523846711664,-0.21118026281187993,-0.2535584792292552,-0.30990923507239676,-0.22652981536230268,-0.192883838424085,-0.1852226091529935,-0.3462008622269681,-0.3872339408234985,-0.3849852915336676,-0.30723967837818456,-0.14461825339272766,0.08598044450111166,0.20183282996916063,0.24399270055542716
#49,0.8318864601678235,0.5354094781215883,0.21260349512706292,0.4455896532763828,0.3418100391269354,0.1913203547721314,0.1960044306672298,1.0,0.7318888508156093,0.4780339312609073,0.6050888922535043,0.4860218823960666,0.5697694618651834,-0.19990437408856554,0.44739538923730365,-0.022935874857557235,0.47814390105905696,-0.03874761931324658,0.5622245774530038,0.41491286088820534,0.4696698515407725,0.2753579995059328,0.33615854776115833,0.053630198662831,0.3398385515861948,0.1725728948354039,-0.18894405087298488,-0.26925069129565143,-0.021566830558853764,-0.030442508905163004,-0.22319565858362087,-0.3436173688530469,-0.23069751133565491,-0.43007275538094974,0.006563125054785678,-0.014715234004574106,0.2705671413430659,-0.1000438285427408,-0.02513208329016886,-0.3238116488297779,-0.2517846185721458,-0.06566631338204942,-0.10273729171481166,0.11676401915705759,-0.21581652575126106,-0.10092518069312847,-0.20727075679940074,-0.2977217126600738,-0.4436548223350254,-0.47911291029492625,-0.28721880005418804,-0.28022376463275667,-0.22543808620675915,-0.18768975766800278,-0.22168636294814684,-0.25699782451051484,-0.5064220768354198,-0.19595661771151257,-0.6755157822597997,-0.7474057487110424,-0.008835834216544877,-0.13222035397524884,0.19983743595056142,0.06979894652120903,0.04660010040720701,0.23320450398042855,0.3047422483245543,0.1794770856409725,0.6863549793208966,0.5536309955454263,0.663079632477747,0.6220895855413622,0.6672122656169066,0.23879543226896383,0.22012447306138386,-0.026123405238706182,-0.19551514475372345,-0.08306544796755094,0.08469905728788978,0.11057224139167576,0.2258668090430237,0.24780817442166245,0.022650590888444407,0.3099299540198743,0.30092518069312846,0.19017443760010838,-0.3476926264453458,0.1318792882244659,-0.14305476974077408,-0.05183561905824415,-0.08303516642893002,-0.3062260437169792,-0.41531130218584894,-0.513230641729554,-0.4675342061854027,0.027752233263473293,0.1496465825689901,0.04513861772745022,-0.044293922176445746,-0.016132091258994813,-0.2610603319812892,-0.10672011092605727,-0.10040720700619178,-0.00421550892906948,-0.07959900867805146,0.02490976297116398,-0.2238315708946601,-0.4084995497613337,-0.245701216839723,-0.37985640175632923,-0.505781383228809
#50,0.5889711448812246,0.5139956490210297,0.1220330068770968,0.22693941301628032,0.32580863661356774,0.17946114798906676,0.4323964650288073,0.7318888508156093,1.0,0.5671333742399732,0.7767549346954713,0.45014304042585407,0.6611750830750106,0.07633975886332667,0.4846161814979799,-0.06156396178151073,0.47151543163145776,-0.054862179155145074,0.48968276103881614,0.2407143255584155,0.31644845364932384,-0.018400019125182288,0.26989297866745293,-0.1741650662607878,0.3020121285531003,-0.056403350094430586,-0.2557578751922479,-0.3793224904174868,0.07354748224944019,-0.16708237375387483,-0.3431535831825897,-0.22933802962809488,-0.38271561650821984,-0.395344611878332,0.055585748551665884,0.05604794045693248,0.31025189458837027,-0.11966307803871255,0.13241479332849893,-0.28593900660615673,-0.14416243654822336,0.06890962554486847,-0.05525265162683582,0.004290415893026481,-0.1518459785319829,-0.22725657228920462,-0.43587724820502194,-0.5150252213341409,-0.48776227398417393,-0.5157009777749444,-0.4104471308242157,-0.373729968363761,-0.3213078437153854,-0.3177824351138347,-0.2116870801424826,-0.3515256317286774,-0.20630334132872205,-0.23388822924718503,-0.3582274143550431,-0.4659850664201643,0.08935603917474838,-0.07429814565420077,0.21215883463889265,0.09662360844376798,0.07638438428866275,0.1481181617512292,0.4275402624931269,0.3962259640287196,0.6106734454812772,0.5038943652431688,0.7631409924375842,0.6753866872793631,0.594542947987473,0.1995951836415941,0.3106471483556328,0.15711815378240324,-0.12343392647961175,0.038016081090772896,0.2510435177585286,0.1372853397508945,0.1883623265784252,0.1302807417383197,0.21475667189952904,0.46166755651889807,0.3504976531807569,0.32254779303365233,-0.1566894309461387,0.12276295133437991,-0.010960323215580648,0.1048761246005626,0.01470567141343066,-0.09601479014096853,-0.1294934217341759,-0.2359059359784523,-0.19629449593191436,0.049923100829554784,0.0795655396090494,-0.1459012343711401,-0.2873144259656225,-0.17246611256763542,-0.285495939883177,-0.034847675891910845,-0.08592466271944155,-0.25507096239511035,-0.30443465164277345,-0.32969675816080446,-0.40713369299301133,-0.3811393827347417,-0.04975575548454446,-0.17256811353983217,-0.25966419367434596
#51,0.5689932982173737,0.5880770426093124,0.4321048059989322,0.5886444230171569,0.054605582959462586,0.22318609599247743,0.44756592211269514,0.4780339312609073,0.5671333742399732,1.0,0.6160779032425153,0.08192749962148077,0.5208950585310266,0.09280335328196097,0.1995569332770203,-0.05089848512618636,0.5382718804038601,0.24643913012295898,0.08742758329415327,-0.09727227087633179,0.07768808421455267,0.048174740415494584,0.252442843595853,-0.10875056777884914,0.3065910159456207,-0.19880467610706914,0.07130346086111133,-0.22026153686777328,0.11468256181816733,-0.14661524117651747,-0.0034170325685916694,0.015371865263090789,-0.2238379459554224,-0.3078469029157934,-0.2424977488066683,-0.1509901266246444,-0.03553458868904844,-0.381093163544215,-0.110395333455522,-0.3219596936783304,-0.10681414307230115,-0.1599741810039127,-0.23736104359744678,-0.25212249679254756,-0.008132983767501534,-0.13976842591780952,-0.37050737514841936,-0.42070460359075296,-0.2818127485277594,-0.24783526842990222,0.04128489349664114,0.02526755333136769,0.07203181155320387,0.1103140514308027,0.19067647363513934,-0.09233638008112265,0.06204846639944537,-0.25152961614165387,-0.1111507781558543,-0.1365298950505622,0.10518850257791519,0.05656750790905976,-0.12984723760648342,-0.2230203444126577,0.15877726334579126,0.08641076110256676,0.15778912892763508,0.0981584043222912,0.28793440062475595,0.19016168747858378,0.46486624325638104,0.45216871598307423,0.16207476352508984,0.004425885934225311,0.08295229063902015,0.10968770171090693,0.000849476846576194,0.20585868084055176,0.03274231207516197,-0.18094016208591987,0.019998565611328484,0.10100646271784779,0.2824263481261306,0.1766752464359426,0.10416689909075696,0.142036353783997,0.02649315876291946,0.15104431464112392,-0.11313023452254779,-0.1235869279379069,-0.11721505470599017,0.04029994660886611,0.03338459944696348,-0.033996605280144074,-0.03991744296312824,0.374812134928161,-0.005047454358549355,0.17533648367586002,0.029773127525121724,-0.1425734526532206,-0.08963494808309892,0.1873375355608858,0.11420602602618556,-0.03987919259855446,-0.254079640446573,-0.19532795517057036,-0.2519694953342524,-0.11212297492210473,0.06124202121301469,0.007355226354501192,-0.01826933037955518
#52,0.5562638956402554,0.46044354485253686,0.1859589286710389,0.2542023603662472,0.23197730478368622,0.11902238443210161,0.5261497023643507,0.6050888922535043,0.7767549346954713,0.6160779032425153,1.0,0.2820645634278702,0.5901871877216329,0.10477093609798468,0.44541752663580075,0.07688323279331256,0.44980834973583345,-0.06644407079504977,0.417067631425862,0.21839683159480114,0.2564447879893855,0.009419152276295133,0.18098000621568425,-0.1359433894604308,0.20626668472933882,-0.061683494170803814,-0.27969463458948596,-0.452892285379595,-0.0940688028432771,-0.17725856449569286,-0.29533903370016495,-0.18784116536110734,-0.2573580154435847,-0.3000820789073146,0.07786499215070644,0.11926144921068779,0.31836415940839435,-0.05366207396664249,0.10590729067886429,-0.12928463849421065,-0.06210106065073433,0.16984277506394982,0.051520053550510404,0.08448868028273394,-0.26512124568687295,-0.23758895201969893,-0.3956474272645411,-0.48013610754727504,-0.4853540947812159,-0.6094844966491086,-0.3835794372415112,-0.3994772450174916,-0.24403254468519153,-0.2647897425272335,-0.1282630350070524,-0.18689128130752497,-0.18160316840519886,-0.1581875702252787,-0.2680824614109603,-0.359156579461148,0.09511271904310338,-0.0830048848903091,0.2327327494840185,0.13265067057670393,-0.04270971957701472,0.19416363187211627,0.41561411757205813,0.3948330132521576,0.5654758584417757,0.39605702491851874,0.6553211835300305,0.6039796316808644,0.4593916598267577,0.20149654551394944,0.23320609774561915,0.0769932025914622,-0.13693471140896812,-0.009274119643952857,0.23267378017196727,0.15418562583174622,0.02699200726756927,0.05354732287292113,0.13011658392369052,0.25775964427160947,0.2752241232299245,0.20560367841005986,-0.15420315724884254,0.05463905202846465,-0.057354827913203545,0.00010040720700619177,-0.06530930997936074,-0.1081226242937628,-0.15864816836535472,-0.14687980619815283,-0.11335176788403764,0.08033054690052514,0.04502227286853828,-0.07973926001482201,-0.19223517599152118,-0.15785447330044863,-0.20898883567484003,-0.05839555658264868,-0.0017866107786339838,-0.2600929165106105,-0.20889958482416784,-0.24955025920610927,-0.28540190773693314,-0.33217572854991273,-0.10590729067886429,-0.0852281873311605,-0.06943238052737691
#53,0.26969853931420285,0.08224465889440509,-0.07058626652535283,0.016197435631808366,0.7074803369219613,0.44912621823426757,-0.041386894468837906,0.4860218823960666,0.45014304042585407,0.08192749962148077,0.2820645634278702,1.0,0.43496561451601334,0.06370598219764283,-6.056307724182996e-05,-0.42827020695041,0.21191339479954419,-0.20503311047183417,0.3376056865542,0.19777988508952976,0.2007060379794245,-0.019021587549506332,0.1101212058427432,-0.13736502801042322,0.0011379483460701736,-0.04870705798914646,-0.2506530452868379,-0.21971168787702508,0.34098446875821786,0.0721672815944027,-0.07554287626803943,-0.12417024599765716,-0.021699113069671445,0.01849405127142618,0.3604714357433719,0.18086844265234403,0.4350038648805871,0.06551968698451657,0.20350787718445443,-0.16116791113165296,0.20368637888579877,0.1079791854266111,0.2497971933794994,0.20861908215062674,-0.028354676505510445,-0.031559738303755705,-0.11542844392735618,-0.14657220951637195,-0.20475260779829307,-0.31191419168213946,-0.24538087003641754,-0.1982388894644152,-0.2808341767007467,-0.2014917642183777,-0.3091649467283985,-0.2609121118185658,-0.19065894221804303,-0.26266844105857884,-0.363040585230578,-0.399711528500506,0.19151320036019093,0.2100710022392401,0.01852592657523767,-0.14074221644925053,-0.07292113252954442,0.041358206695407566,0.10299866920606587,0.024263481261305772,0.3461769557491095,0.18958474447959583,0.32369211644048484,0.29223756663930706,0.3761062722629075,0.23941381316290672,0.4032082493286264,0.1702699041350238,0.13095171688355153,0.14243160755125947,0.04612037708484409,0.05881312306257919,0.42930615432428343,0.5953238929308545,0.02217724262684379,0.7154284439273562,0.5788794236945071,0.39113707177521534,0.06047860768672952,0.3941158189163991,0.17640430635354493,0.5223629162715457,0.37393556407334505,0.16954155344293126,-0.01305293691080493,-0.26376017021412235,-0.16349799584027286,-0.22114288901816095,-0.11015626867693583,-0.19231008295547816,-0.2364749101514874,0.00509207978388544,-0.1555594514260214,0.05183083776267242,0.04120679900230299,-0.05035022990062874,0.07421526986429089,-0.07388618679175128,-0.10111802628118799,0.03327462964881384,0.013679286630700699,-0.18219286152571143,-0.35554351377411564
#54,0.4389054020671134,0.5451298520189021,0.18363681278837188,0.3106822111898254,0.4342532014758266,0.2870450796484154,0.4088358342165449,0.5697694618651834,0.6611750830750106,0.5208950585310266,0.5901871877216329,0.43496561451601334,1.0,0.0324968722358135,0.37661468335870074,-0.27202862402282274,0.501492561100973,0.04811417733825275,0.4182645490839835,0.1124369466646479,0.21223533536804023,-0.06236881320275084,0.34887679398194266,-0.2875550845093992,0.3100128298097841,-0.19517089147255934,-0.06925228506084198,-0.15819872658161274,0.1086900047016073,0.0640374853572823,-0.3332419574624071,0.03431217078787782,-0.272570504187618,-0.27121421001043916,0.03196136713178047,-0.06724573468590872,0.23698172748209007,-0.22485317438181832,0.18737897345584076,-0.29937763469308065,-0.3027356979496211,0.004833889823012375,-0.3150586904031429,-0.3132545482074126,-0.10673445481277244,-0.25325407007785544,-0.2540987656288599,-0.3160531998820614,-0.2928575412984405,-0.3267840209101993,-0.16354740256118067,-0.14306273856672697,-0.16559060953549715,-0.16699631043358382,-0.14088884284678338,-0.25252890691614405,-0.19582114767031372,-0.2930121365219262,-0.2600355409637498,-0.3426180780785567,0.14456565914143868,0.003388344795161329,0.14603032935157664,-0.13951820478288934,0.04793886316728956,0.19800460598140077,0.33413605973431937,0.25767676848169957,0.5616986349401143,0.34578807704260933,0.6897465116464391,0.5466997107316179,0.4241136673333918,0.18118082062969662,0.2884746870243607,0.08890659739100638,-0.11346173768218729,-0.05161089816637315,0.23305469005251456,-0.0038011299795201172,0.06624644391141853,0.20698866036066907,0.3032855469403693,0.36341671381555357,0.2861461960809314,0.37049940632246653,-0.08822605965463108,0.10332698483532421,0.004282447067073608,0.08466080692331598,-0.018199204711169904,-0.04601518858226617,-0.06396257839332531,-0.10474224832455434,-0.1612284742088948,0.13697774306911362,0.02499980077935118,-0.025540087178955926,-0.18854560957534128,0.007536915586226681,-0.09054658177210752,-0.03314075337280559,0.019778626015029204,-0.11727561778323199,-0.0924957566001801,-0.1614245716455641,-0.19986612372399173,-0.28417152100980964,0.013299970515343974,-0.078904127054961,-0.16014471387930415
#58,-0.2341257002605806,-0.1329455171369602,-0.31961207755261417,-0.1719178573420778,-0.09070595829116496,-0.12157240873702077,0.3241511208153703,-0.19990437408856554,0.07633975886332667,0.09280335328196097,0.10477093609798468,0.06370598219764283,0.0324968722358135,1.0,0.09309819984221725,-0.07428698929786674,-0.18029468718373723,-0.24772848616213372,0.02858577245814374,0.0026823068157368376,0.025410992198519392,-0.1940313493612986,-0.24679613352564767,-0.19216026902756417,-0.09949876084756433,-0.14037405669022782,-0.2100646271784778,-0.18926917897186207,0.018484488680282733,-0.23567005873024727,-0.07656447975519767,-0.03196455466216162,-0.3159177298408625,-0.04479914574185785,0.2075926973678968,0.14197100941118346,0.291915626070811,0.0808198328140315,0.2710548334913817,0.09735514666624166,0.2015172644614269,0.03137804907203022,0.27128433567882443,-0.016257998709050196,0.21251902557196248,0.004915171847731673,-0.2074540397963168,-0.20086382073329137,-0.16164444692363475,-0.17722668919188136,-0.1650694483181793,-0.2025659619568249,-0.18440341384503822,-0.15488688251559898,-0.15781144164030314,-0.07423917634214951,0.2750041836336253,0.1944361657197045,0.1998310608897991,0.24597375068731123,-0.0764688538437632,-0.05218305986978938,0.18636215126425423,-0.04397676290352143,-0.1823618006359123,-0.09623791726764895,0.44871502681509934,0.4083943612587557,0.06493158762919458,-0.0307485118217533,-0.03648447274263083,-0.050562200670975145,-0.1509582513208329,-0.19470391827172104,0.10063192789806277,0.10354692443162349,0.12424196543123302,0.056484632119149884,0.313594020193005,0.025718588880300264,0.02580943349616301,-0.07345185633800572,0.45467730239303844,0.1508960944784005,0.19191323542302513,-0.012694339742925675,0.12634573548279132,-0.11570097777494441,0.04853971264413614,0.17479300974587414,0.06741148626572847,0.3314489716230108,0.372329048761246,0.18030424977488066,0.21298759253799138,-0.22663500386488059,-0.2219828032735937,-0.37512451290551363,-0.19644909115540007,-0.28628644741770193,-0.1855206432436309,-0.24963303556487024,-0.2892094127772155,-0.31245925937731595,-0.4068882531536629,-0.4549555956919277,-0.2879120879120879,-0.015819713281642216,0.028796149463299572,0.05466136474113269,0.24431782865430435
#101,0.32392161862792757,0.29968841890524267,-0.10163121867255297,0.1104080835770466,-0.14854369705711257,-0.26773502059941506,0.31300751460287357,0.44739538923730365,0.4846161814979799,0.1995569332770203,0.44541752663580075,-6.056307724182996e-05,0.37661468335870074,0.09309819984221725,1.0,0.31034114543904245,0.29747308529034416,-0.1426866099817514,0.6598570392624055,0.4281395182047829,0.5594848950904063,0.16502004159727146,0.22805664241487303,-0.04116057981177633,0.4273474169050674,0.17152738487038705,-0.4571205444301891,-0.41703416235685997,-0.3234689893138044,-0.020122879296193292,-0.6722405947931691,-0.29834487484958844,-0.5527655810469444,-0.4149925491477341,0.07785542955956298,-0.08529193793878348,0.36351871478775033,0.09710651929651204,0.14144187936791272,-0.15773334714596499,-0.3724342372638239,0.14172716333702556,-0.12313270485859318,-0.06899409509996893,-0.2951876260070604,-0.31000645474902183,-0.38113460143916994,-0.4553992780243687,-0.5156244770457968,-0.5398927396026744,-0.5441209986532685,-0.5747053526603926,-0.43139079919355483,-0.47365426451720866,-0.3810214441106392,-0.3010192128393724,-0.315702571540135,0.06536668552622142,-0.42356381834264356,-0.4512825825371148,-0.1384647259919196,-0.3226705129533266,0.5710651929651205,0.4215317677246611,-0.09499637418419145,0.21783423248252834,0.601764298065966,0.6046952322514324,0.7007626166436899,0.5848018551426818,0.625157583533218,0.5672784068723155,0.5934639689534541,0.16480169576616277,0.24211046386535873,0.04818908430220976,-0.1369729617735419,-0.13502378694546932,0.4302464757867223,0.2782474957964443,-0.12766537306058698,-0.24280056419287746,0.11656320474304521,0.1162827020695041,0.06263178445919562,-0.07780124154308346,-0.47247487827618356,-0.23152945676513478,-0.220726916303421,-0.1897680274765119,-0.2804277665771502,-0.3194431384424133,-0.3173441496864267,-0.3022543808620676,-0.3414498481938656,-0.034614986174086974,0.30741021125357604,-0.30929244794364447,-0.34865685438564337,-0.2798508235781622,-0.3638071862872443,-0.4982906868331089,-0.33593382686928736,-0.3998246858290368,-0.4142163854999243,-0.3645611824786456,-0.4817378415638024,-0.5225669182159393,-0.3149152515359912,-0.2756161894668059,-0.2355314011586673
#102,0.0011012917466869606,0.1009745874140363,-0.08480902708603942,-0.119972268485684,-0.42915315286598826,-0.45939803488752,0.16208113858585216,-0.022935874857557235,-0.06156396178151073,-0.05089848512618636,0.07688323279331256,-0.42827020695041,-0.27202862402282274,-0.07428698929786674,0.31034114543904245,1.0,-0.14939476766887935,0.044811895863382446,-0.09670807799886842,0.11154603192311677,0.20554630286319917,0.34348349257703864,-0.16361274693399422,0.3470057136482082,-0.07439217780044466,0.264083704547809,-0.27688960785407485,-0.1711687877025078,-0.46672616723378146,-0.11645642247527671,-0.19399150523153424,-0.3203420220098973,-0.24671644526611894,-0.26459689693917393,-0.1553793559594865,-0.11371992764306035,-0.23745507574369068,0.07396983002494242,-0.20643084254396799,0.1709185665675876,-0.07960538373881376,-0.027696451481803185,0.051956745212727806,0.18539314202838497,-0.07435552120106145,0.16516507422961374,-0.18111547625688307,-0.21604762170389435,-0.17963008709926767,-0.09314123150236275,-0.22774107690713927,-0.267862521814661,0.03259887320801026,0.0573452653220601,0.08533496959892899,0.2989026926662895,-0.028668648248053614,0.5106885862505877,-0.10558375634517767,-0.06962841364581757,-0.35063471698714627,-0.30863262915474665,0.07389492306098543,0.4698212592338771,-0.012109427917984843,0.10965582640709544,0.1677852242029182,0.3044155264604866,-0.006351154284439274,0.036097187801321234,0.009897281833467475,-0.05702491851875463,0.0142036353783997,-0.1248491899688419,-0.21869008438986684,-0.15261576711903035,-0.21685884818589676,-0.14677302393038433,0.10911872753787184,0.26157511813784473,-0.18975208982460615,-0.42905912071974434,-0.17664496489732168,-0.3287379770338436,-0.29793846472599195,-0.46248037676609105,-0.21314696905704883,-0.2877017109069321,-0.28203906318482097,-0.40228705304847434,-0.35007211787487347,-0.2642255496497701,-0.2074540397963168,-0.20364812852122496,-0.19539083106885863,0.11653770449999601,0.33690124233996604,-0.11044314641123923,0.0556909370542438,-0.27813752599829467,-0.21599662121779598,-0.2542103291922001,-0.355272573691718,-0.22328012813872133,-0.2521559658615496,-0.16402161305837393,-0.26399126616675567,-0.28996485747754785,-0.2446078939189889,-0.19102072691630342,0.0024065854377674535
#201,0.5111826534596657,0.30510403302281475,0.660244324203715,0.6127612778809298,0.3258468869781415,0.5207643697853995,0.023801289356039174,0.47814390105905696,0.47151543163145776,0.5382718804038601,0.44980834973583345,0.21191339479954419,0.501492561100973,-0.18029468718373723,0.29747308529034416,-0.14939476766887935,1.0,0.40118894883216855,0.31729793049590005,0.01916343265146746,0.1960857126919491,0.06045151367848975,0.481054116297046,-0.07710795368518356,0.617547354748225,0.05312975639299062,0.030609854250173322,-0.12479340818717179,0.25665516499454133,0.1983902971575198,-0.05084110957932568,-0.0793408187171784,-0.027372917148116568,-0.1019228777024281,-0.002768370136027859,-0.0779797432444278,0.17678521623409224,-0.09639570002151583,0.005337519623233909,-0.19502267130983592,-0.00642127995282455,0.10224800580130529,-0.029385842583812126,-0.10816087465833658,-0.1550414777390847,-0.24746392114049837,-0.2585565268668967,-0.23509630326164047,-0.21735929045573715,-0.24161480289109005,-0.021506267481611933,-0.013529472702786698,-0.002808214265792221,-0.03967837818454207,0.05420236036624724,-0.03560790188781487,-0.2705639538126848,-0.3537999346556272,-0.32039302249599566,-0.29869231566113363,0.030471196678593344,-0.04543665181808764,-0.01841436301189746,-0.07797177441847493,0.11213253751324817,0.09673357824191761,0.07509980954505972,0.051631617113850614,0.4172509144227781,0.281878092900573,0.49405127142618077,0.5364326753739371,0.23516164763445402,0.2931762943365554,0.08760289746511646,0.08592625648463212,-0.14621042481811156,0.03366828965088574,0.11167831443393444,0.07357298249248938,0.06655085306281826,0.2496537545123477,0.09061830120568337,0.26528540350150215,0.2662591940329431,0.2345384854449394,-0.1324402935715481,0.29211165918925164,0.1794276789200647,0.10715202129270295,0.058398744113029824,-0.008270047573890939,-0.06539377953446118,-0.2177545442229996,-0.07628397708165656,0.46761389444493145,0.3036600817601543,0.3005633959948681,-0.055034305795727115,0.1133979870745643,0.08317701153089116,0.39394847357138874,0.2775605829993067,0.17187004438636055,0.046153846153846156,0.08181915618865897,-0.06897178238730088,-0.2985265640813139,-0.17065240778076166,-0.21553283554733882,-0.21700388081823904
