,#10,#11,#12,#13,#17,#18,#26,#49,#50,#51,#52,#53,#54,#58,#101,#102,#201,#202,#301,#302,#401,#402,#501,#502,#601,#602,#701,#702,#801,#802,#901,#902,#1001,#1002,#1101,#1102,#1201,#1202,#1301,#1302,#1401,#1402,#1501,#1502,#1601,#1602,#1701,#1702,#1801,#1802,#1901,#1902,#2001,#2002,#2101,#2102,#2201,#2202,#2301,#2302,#2401,#2402,#2501,#2502,#2601,#2602,#2701,#2702,#2801,#2802,#2901,#2902,#3001,#3002,#3101,#3102,#3201,#3202,#3301,#3302,#3401,#3402,#3455,#3501,#3502,#3601,#3602,#3701,#3702,#3801,#3802,#3901,#3902,#4001,#4002,#4101,#4102,#4201,#4202,#4301,#4302,#4401,#4402,#4501,#4502,#4601,#4602,#4701,#4702,#4801,#4802
#10,1.0,0.18434285076779638,0.3970595032233901,0.4826558503135733,0.016439687940775684,0.3825084270334452,0.3716931364502068,0.6438381053319414,-0.10950282494880029,0.4965279825323335,0.6217373634342452,0.08383683031978899,0.2469124783845596,-0.11172453362446111,-0.09012742152698643,-0.04061551211659986,0.30275163560152685,0.15065065463905203,-0.057593892691789716,0.15658742997394193,0.037996955908486,0.039665628063017475,0.16811991489293882,0.11890285204280854,0.16456422475276716,0.16358565292575444,-0.2831052920973153,-0.1507526556112488,0.3865709345042195,0.2947652782315581,0.05856130816246842,-0.04257903083138761,0.21369363051741586,0.2357178716859645,-0.010675039246467817,0.06736845460558295,0.07933125612603495,0.167010654320299,-0.05970403780411032,0.18144219812095083,0.06476424228418427,0.4175824175824176,0.049425846090095545,0.2269410067814709,-0.17118472535441354,0.03209205587740758,-0.23290009482902885,-0.10977376503119796,-0.2006008494768466,-0.06720589055614436,-0.448686339041669,-0.15660655515622884,-0.25878602905433945,0.03478551904947844,-0.15778116010168222,0.07022607559228299,-0.1781048538118879,0.055617623855477374,-0.3208966522962172,-0.16767366063957798,0.12896588545609575,0.16030727792874275,0.038855995346205645,0.1377586880124951,-0.1792029580281937,0.0715552757612221,0.02007666010566663,0.045658185179577496,0.2116249233000502,-0.03714429153152866,0.16669349504737466,0.23925124911346812,0.20221373984970795,0.37292671070771144,0.1314346277362956,0.04117811122887265,0.10188940863342603,0.027694857716612613,0.24488680282733946,0.29568009945094786,-0.009380901911721347,0.4037262230155631,0.3447760361465945,0.17652065121245686,-0.015515304130242491,-0.10112599510714086,-0.03996844344922663,-0.04984022503964491,0.2921642534405406,0.18691040648981186,0.12789646901322027,-0.12596323183705344,0.034643673947517314,-0.22360047494202678,-0.12796818844679614,0.19342253105849916,0.17842041931962163,0.1360979846839165,0.09207978388544016,-0.09616141653850138,0.20646749914335122,0.2434348827387261,0.2791766609025492,0.21687956713337425,0.15360868283275825,0.25741698475563596,0.3028584178692953,-0.026485189936966587,0.24556734056371474,-0.04121795535863701,-0.16890564113189205
#11,0.18434285076779638,1.0,0.07453242913721521,0.00901911721346094,0.3681725091442278,0.4624102510977058,0.19804923140673686,0.37875192247926115,0.30443783917315465,0.2908398345671732,0.12376383587406067,0.32093649642598154,0.39161838886276884,0.14578010821665643,0.014559045015897807,-0.27184693479109723,0.27416108184781135,0.10725561603009029,0.16632214775797083,-0.29690251735211853,0.013626692379411741,-0.29106136792866305,-0.11054195985305484,-0.30972913960586185,-0.03219565061479492,-0.2631768521543721,0.027873359417956954,-0.05141327128274192,0.12147040776482401,-0.044426204687263424,-0.05635394337352278,0.09467921491126713,-0.023763038991465386,-0.10657985958928672,-0.02015794213038593,-0.14028958713512737,-0.02337256651977464,-0.08151630820231255,-0.06924431623488911,-0.05495939883177012,0.016755253448509432,0.1311987504880906,-0.07961813386033835,-0.207940138179442,0.047341201220824136,-0.1425973591310792,0.0681095554192001,0.12702946074954777,0.1445640653762481,0.04208974491788125,-0.04023141470567141,0.02392082174533226,-0.03297659555817641,-0.04430189100239862,0.050794890388799016,-0.10966538899823888,0.057794707105802104,-0.12121221780395094,0.033481819123588524,0.15669899353728214,-0.06448373961064316,0.013889663635856529,-0.19459235470838082,-0.022916749675270343,0.14853254070077856,-0.0030807481133804555,-0.044491549060076976,-0.009046211221700707,0.04877877742272231,-0.12135725043629322,0.23298615814931986,0.2222266493477516,0.0699694793966005,-0.06670385452111341,0.08815912151662696,-0.004207540103116608,0.018149797990262093,0.020532476950170932,0.1503143701838408,-0.0990764130720621,0.23567643379100958,0.09363370494625027,0.07266772386424308,0.3105722413916758,0.16542167042529624,-0.015598179920152364,-0.07529584266350038,-0.07208918710006455,0.04997091378527201,0.1398401453513854,0.11980492314067369,0.09828112424196543,-0.021104638653587166,0.07437624014853891,0.06404545418323518,0.12429455968252197,-0.16139263202352397,0.030364414410824853,-0.0077887304863374475,-0.04062188717736216,0.07271075552438859,0.1383579437241511,0.12501494154866163,-0.0968977360565468,-0.08261919371419009,0.009356995433862729,0.02026472439815442,-0.04189689932982174,0.13619520436054156,0.1062563252556001,0.12462287531178032
#12,0.3970595032233901,0.07453242913721521,1.0,0.6293061543242834,-0.18210520444022982,0.504777311158747,0.11160818876554918,0.14535297914558248,-0.07619950752655612,0.41576711903035324,0.22167361282662226,0.044454892460693764,0.25491317964124344,-0.32036114719218417,-0.26275928567444157,0.1954784881543402,0.6136601614484138,0.7020870355170573,0.06024591796890564,-0.11918335471634964,-0.4081042959940712,0.01322028225581525,0.19903417829451187,0.0748272756974715,0.08302719760297715,0.30875375530923027,0.057326140139773205,0.1500211173887751,0.41288559156579463,0.40024543983934846,0.2451959932743109,0.022663341009969,0.3989369586178868,0.45673804078445124,-0.5652734502625728,-0.3366446461442836,-0.3613225063551387,-0.14426762505080126,0.08197212504681685,0.3708548159599646,0.03540389994342134,-0.011551610101283779,-0.1921953318617568,-0.11381236602411367,-0.2556287802118114,-0.20348715823697694,-0.1234689893138044,-0.11030608260484982,-0.18271561650821985,0.005327957032090462,-0.2094207460414857,-0.12190391189666026,0.14626780036497222,0.22561818167329406,0.005914462622221868,0.20000478129557173,-0.5484544462064405,-0.3928758695981321,-0.2466574759540677,-0.2111643251599742,-0.06193371530572401,-0.11277482488504968,-0.31404505574193753,0.04894293523735148,0.17701631218672553,0.3476336571332945,-0.39167576440962953,-0.1696754297189395,0.05963869343129677,-0.3051135956139582,0.2216194248101427,0.23028313238610557,-0.11307445274087768,0.16139422578871454,-0.40631449768505606,-0.3590832662623816,-0.3648750089649292,-0.22464439114185308,0.13579676306289795,0.43175577142219634,-0.2203236937102057,0.10781821514236307,0.3027946672616723,0.013429065495780507,-0.3793639283124417,0.12477268923969431,-0.09856322068069712,-0.2615814931986071,0.10199459713600395,-0.1526380798316984,-0.352575922989266,-0.21536070890675676,-0.2672855788156731,-0.09695829913378862,-0.195217110663086,0.5924487405270581,0.5886762983209683,0.5655077337455873,0.408741802070301,-0.04912781199945812,0.23075329311732504,0.6167536596833189,0.3212919060634797,0.20661890683645578,0.22458542182980182,0.3244507486711983,0.402985122201946,-0.423584537290121,-0.09911147590625473,-0.08190518690881272,-0.19899752169512866
#13,0.4826558503135733,0.00901911721346094,0.6293061543242834,1.0,-0.2104694435368837,0.49382336300392865,0.14116456422475276,0.09602594649730255,-0.2613296782984963,0.6272581660543952,0.2312792356302146,0.0968037039103029,0.23355991361792666,-0.15661133645180056,-0.06549418674146738,0.1961733697774307,0.3050084071113803,0.1868769374208098,-0.005997338412131741,0.12461650025101802,-0.34046649507128113,0.03719369825243647,0.27893281482839133,0.275630533353521,0.1600602443242037,0.3285323813242595,-0.03981703575612205,0.03605096861079457,0.18750328714070555,0.365501358684825,0.046614444293922176,0.04139326952960021,0.15721059216345656,0.368711201778642,-0.19771613448190678,0.05302616165560328,-0.03239327749842616,0.0815449959757429,0.032028305269784604,0.2998796707281116,-0.16009849468877752,0.1746272581660544,-0.06675963630278352,0.188400576942999,-0.188636454191204,-0.04316872395190017,-0.13381571293101388,-0.18641633928073376,-0.2543330491118743,-0.057358015443584695,-0.22684378710484585,-0.25599375244045297,-0.1369108049311095,0.04634509797671509,-0.28914725593478313,0.03245862187123971,-0.4049996414028321,-0.07640988453171195,-0.22593852847659954,-0.16210026376813905,0.0013244188733673868,-0.12495756600180095,0.08645379276271227,0.1083473451856338,0.060937612061614965,0.19178254667739802,-0.09509996892157878,0.06730629776315056,-0.12239479157535721,-0.10629616938536446,-0.18160157464000828,-0.028622429057526953,-0.03954450190853381,0.08014248260803736,-0.15813656973918033,-0.24770298591908455,-0.2936321111810597,-0.25126026982444677,0.22963287618835118,0.5068683310887807,-0.1104574902979544,0.026912319008040544,0.27717489182318766,-0.06703535768075289,-0.28926200702850446,-0.22654097171863669,-0.22737451091330715,-0.23475204998047638,0.09586975750862625,-0.043009347432842716,-0.3340308712317414,-0.18139757269561477,-0.07803552502609791,-0.21839205029922942,-0.048095052155965864,0.17510379395803616,0.3280064388113699,0.1930145271697121,0.15551323223549474,-0.16438253552104168,0.1061814182916431,0.20098813441815616,0.18648646494911905,0.045715560726438176,0.11294376399525058,0.12137318808819897,0.24235430993951662,-0.28236578504888876,-0.184366757245655,-0.03372088390217469,0.00033469069002063927
#17,0.016439687940775684,0.3681725091442278,-0.18210520444022982,-0.2104694435368837,1.0,0.21584361975950084,-0.1598928989791934,0.14802094207460414,0.02989265991441481,-0.03662791160978253,-0.02624771892357099,0.5185681613527879,0.1038338021659269,0.289829387436349,-0.10928129158731044,-0.3653324195746241,-0.16024512108631037,-0.18309971391914828,0.08140633840416292,-0.10582441488895442,-0.034114543904246585,-0.3002478304871343,0.005076142131979695,-0.003547721314218776,-0.006518499629449593,-0.007836543442054682,0.08758536604802014,0.005434739299858952,-0.18689287507271554,-0.04717226211062324,-0.023890540206711344,-0.05987935197507351,-0.06132808453330571,0.06098223748695105,0.20605949525456416,0.042834033261879526,-0.12631864147455155,-0.0469937604092789,-0.04697463522699201,0.01899608730645714,-0.028415239582752272,0.022072054124265873,-0.013478472216688315,-0.13859541473754672,0.21502283068635497,0.10463068476121413,0.2034584704635466,0.2674784244037326,0.23376710309270135,0.025320147582656646,0.20825889121755692,0.14531154125062754,-0.03712516634924177,-0.09274757150029087,-0.13284829746033516,-0.24220927730717434,0.2626158468072899,0.07755102040816327,0.19552630111005745,0.1819012024958363,-0.004309541075313374,0.12968148602666368,0.03620078253870857,-0.1618851054674115,0.020706197355943548,-0.12628676617074006,0.0647562734582314,0.03974691008773677,-0.20193323717616685,0.06609344245312337,-0.0389149646582569,-0.060033947198559236,0.006583844002263146,-0.2209643873168166,0.15979567930256836,0.23512180350468964,0.12440612324586219,0.026658910342739203,-0.10722852202185051,-0.26183649562909894,0.31355098853285945,0.36070890675676753,-0.19552630111005745,0.29216744097092173,0.5719704515933668,-0.07211309357792317,-0.09053223788539234,0.1000932352636486,-0.04037485357282312,0.5298153623026719,0.2536907617400728,0.29824924893815397,0.13770449999601558,-0.021362828614460233,0.029930910278988598,-0.22554008717895593,-0.1658997999824686,0.007516196638749213,0.15127381682856664,0.03347544406282622,0.13539513423487318,-0.13411534078684187,0.1493485484783527,-0.058436994477603615,0.2147216090653364,0.16931683255106025,0.08894803528596132,0.19573667811521328,0.33077799647777895,0.05649260094510276,0.07689120161926544
#18,0.3825084270334452,0.4624102510977058,0.504777311158747,0.49382336300392865,0.21584361975950084,1.0,0.22086238634461985,0.36881320275083873,0.026678035525026098,0.5715146347488624,0.23886237040696795,0.5854600801663891,0.6960211652017309,0.21824861143207772,-0.05404298384718979,-0.09990198344077968,0.37101259871383147,0.20997378256261506,0.0931762943365554,-0.0491788124855565,-0.27823474567491974,-0.1658487994963702,0.18740925499446168,-0.008434205388520109,0.10701973878188527,0.0701687000454223,-0.03593143622150149,-0.08563937875032872,0.20594633792603337,0.23148801887017986,0.13016599064459833,0.06996788563140992,0.10858959749460112,0.17604092789009396,-0.1281068460183761,0.03716182294862498,-0.04582234299420666,0.03267696770234841,-0.056808166452836505,0.11865422467307891,-0.07473005602084645,0.05112958107881966,-0.1508594378790173,-0.06302544446126752,-0.15319589764839947,-0.08761246005625992,-0.0030249663317103493,0.061484273521982005,-0.08591031883272637,-0.07681310712492728,-0.24695869757508626,-0.21579740056897417,-0.1922893640080007,-0.018309174509319542,-0.2098462813473691,-0.11814103228171394,-0.22821442516873988,-0.10846687757492689,-0.2577708006279435,-0.2633760728031939,-0.0774298942536796,-0.11097068268931938,0.08476440166070333,-0.03425001394544542,0.11319079759978962,0.030112599510714086,0.02645012710277395,0.17149550956657555,-0.04134864410426412,-0.04865605750304808,-0.04788148762042888,0.16910008048514213,0.18653746543521743,0.09694554901226403,0.0578759891305214,-0.011204169289738542,-0.11999298743316147,-0.20360509686107947,0.3111428093299014,0.20955780984787512,0.17528707695495221,0.1970212528588163,0.14068484090238986,0.3366303022575684,0.09191084477523927,-0.10815768712795544,-0.2743714588529672,-0.21338762760082558,-0.029696626795974148,0.13614739140482432,-0.210850353417431,-0.05581206320872746,-0.16509654232641904,-0.2984038441616397,-0.19940871311429686,0.15895098375156388,0.11292463881296369,0.16898373562623017,0.1388775111762784,-0.13099634230888763,0.09533265863940266,0.35012152459578133,0.19912502291037462,-0.08838543617368853,0.07155686952641267,0.06974316473953893,0.18476997983887034,-0.2203970069089721,-0.08047557953286742,-0.14531154125062754,-0.14121237718047
#26,0.3716931364502068,0.19804923140673686,0.11160818876554918,0.14116456422475276,-0.1598928989791934,0.22086238634461985,1.0,0.31387771039692725,-0.14911267123014765,0.36662018184860823,0.4456183410498131,0.09923100829554782,0.3489421383547562,0.1999808748177131,0.286544637378575,0.11807250037851923,7.331319876642574e-05,-0.06962841364581757,-0.09238259927164931,0.1593797065878284,0.14725274725274726,-0.004621919052665971,-0.1324657938145973,-0.10029404967766099,-0.08806987066595479,-0.10406808564894134,-0.2280693925363976,-0.21387053845356963,0.1938751603726223,0.06212337336340237,-0.10109411980332937,0.11021364422379651,-0.09417717887623617,-0.007334507407023723,0.10211253576010647,0.26820677509582513,0.12311039214592515,0.1280829395405175,0.006512124568687295,-0.04835164835164835,0.06958538198567205,0.25618819179370306,0.1959056172254142,0.3442022806779877,-0.1624716110575429,0.05952075480719426,-0.15949445768154977,-0.1963662153654902,-0.20814892141940727,-0.22786379682681351,-0.20662687566240867,-0.19366797089784762,-0.15422546996151057,-0.10515025221334141,-0.04798826988819737,-0.13700005578178168,-0.2582505239503064,-0.05034385483986644,-0.23826789599088366,-0.1665181808764115,0.17281674090956178,0.030236913195578894,0.23372407143255583,0.39993624939237704,-0.15551163847030416,-0.09794962108232594,0.22677684896684172,0.34952705017969704,0.2993999474057487,0.21275968411573923,0.16709671764059,0.2968531106312107,0.27752552016511406,0.386389245272494,0.07483683828861494,-0.12078827626325814,0.03756185801145917,-0.011175481516308202,0.12019539561236443,0.21512961295412347,-0.2794093506203731,0.21836017499541793,0.15310345926734614,0.036210345129852016,-0.057995521519814484,-0.14632358214664234,-0.009804843452414155,0.04947365904581278,0.08285507096239511,-0.04262046872634255,0.1598928989791934,-0.2210839197061097,-0.1602307771995952,-0.09534381499573667,-0.08591988142386982,0.060991800078094495,-0.07272191188072262,-0.19744200686912797,-0.23719369825243647,-0.11219310059049001,-0.11763421495111125,0.013580473188885082,-0.10968770171090693,0.029164309222322275,-0.0823004406760752,-0.11337726812708683,-0.09102630509447043,0.07269481787248284,0.030259225908246937,-0.055180932193259966,-0.01175561204567731
#49,0.6438381053319414,0.37875192247926115,0.14535297914558248,0.09602594649730255,0.14802094207460414,0.36881320275083873,0.31387771039692725,1.0,0.2719170604594825,0.3373618404800421,0.5243614978205261,0.3486090414299261,0.46737004837077356,0.1298504251368646,0.1733729649610723,-0.2681557746097267,0.3111380280343297,0.10823896915267474,0.08386870562360048,-0.2023523974212879,0.20326721864067768,-0.24675150810031157,-0.023680163201555516,-0.26352269920072674,0.0037788172668520746,-0.1905473786547028,-0.3743818183267059,-0.3717313868147806,0.3093832925595072,0.11569460271418212,0.05703607487508865,0.019906127230275163,0.07319844767270438,-0.019106057104606777,0.0339886364541912,-0.0366550056180223,0.1525249225031676,-0.05019244714676187,-0.2645379276271227,-0.07068667373235901,0.24540955780984788,0.2829953222991657,0.19789144865286998,-0.005211612173178525,-0.20684044019794565,-0.11492959542270638,-0.30051877056953197,-0.09599407119349106,-0.18756703774832853,-0.21010287754305157,-0.4919331574879073,-0.24614906485827442,-0.3721856098940943,-0.10387524006088183,-0.04920909402417742,-0.13113978117603933,0.019058244148889545,-0.10275801066228912,-0.2762170389436524,-0.1975774769103268,0.07745380073153822,0.16094956530054427,-0.005692929260732016,0.11329439233717696,-0.2061885902350007,-0.22349847396983002,0.13391771390321064,0.18204464136298798,0.3127620747635251,0.027030257632143055,0.3516467578831611,0.33953254866960453,0.49293563579277866,0.4154531472878101,0.3519559483301325,0.10053948951700946,0.2514499278821251,0.040623480942552734,0.18724669094502308,-0.06735729824924894,0.06546071767246532,0.3736327486871359,0.2916542485795568,0.4068962219796157,0.1758767700754648,0.06478017993609002,-0.0026520252771159224,0.02681350556622493,0.2417486791670983,0.3328020782698085,0.11180900317956155,-0.05200296440325447,-0.10085346125955263,-0.1214401262262031,-0.05700738710165831,0.057883957956474275,-0.1235869279379069,-0.05759867398736144,-0.03171273976205086,-0.15400712413040188,0.11405302456789042,0.24440229820940482,0.20003346906900207,0.12406505749507925,0.02853795950242651,0.11943038832088869,0.168958235383181,0.053558479229255156,0.23597924917721871,0.10071639745316323,0.008456518101188151
#50,-0.10950282494880029,0.30443783917315465,-0.07619950752655612,-0.2613296782984963,0.02989265991441481,0.026678035525026098,-0.14911267123014765,0.2719170604594825,1.0,-0.06032082493286264,-0.191097227645451,0.10392145925140849,0.1598355234323327,0.26128345910796963,0.057934958442572654,-0.3737156244770458,0.09068842687406864,0.18634940114272963,0.011040011475109373,-0.3829626501127589,-0.01271027739483142,-0.36376415462709877,-0.3781032600466973,-0.4720812182741117,-0.2566631338204942,-0.5156977902445633,0.08509909235072396,-0.008816709034257983,-0.09684992310082956,-0.2855118775350828,0.15944664472583253,0.22732988548797106,0.14557132497669117,-0.16735650136665364,-0.06283419263839858,-0.18748575572360923,-0.008757739722206727,-0.33196853907513807,-0.07285738192192144,-0.2774490194359665,-0.0790666911043996,-0.20176748559634708,-0.21641737522810764,-0.4473746702898262,0.19396122369291333,-0.22980819035931435,0.0840854576895186,0.23174620883105293,0.35649977288846035,0.27391245447808177,0.11063121070372701,0.2268278494529401,0.09564663038194583,-0.024666703854521112,0.2602363553777622,-0.22681031803584378,0.38718931539816237,-0.12996358246539538,0.2735777637880611,0.1830168381292384,-0.05911275091840719,0.006741626756130019,-0.10623879383850378,-0.050857047231231425,0.05592681430244882,-0.031996429965973114,0.15472113093577924,0.0843850855453466,-0.15982277331080813,-0.11096749515893824,0.2119867079983106,0.2420100566583525,0.16977105563037398,0.04750217150507216,0.21222099148132506,0.277555801703735,0.1713488831690427,0.23541983759532709,0.061302584290256514,-0.40948768417948983,-0.007791918016718597,-0.30403780411032044,-0.12399652559188455,0.09704117492369849,0.10725561603009029,0.26191937141900884,0.13142825267553332,-0.034869988604578885,-0.15034943301803344,0.04470830112599511,-0.029830503071982404,0.27825068332682545,-0.041386894468837906,0.22819848751683414,0.1189171959295237,0.02415988652391843,-0.3736805616428532,-0.09713042577437066,0.11345376885623441,0.20579174270254763,0.2578074572273267,0.24148411414546295,0.007144849349345361,0.05839077528707696,-0.1099889233319255,0.05090167265656751,0.0022535839794723045,0.04003538158723075,0.03950147024838831,0.09611519734797472,0.020782698085091124
#51,0.4965279825323335,0.2908398345671732,0.41576711903035324,0.6272581660543952,-0.03662791160978253,0.5715146347488624,0.36662018184860823,0.3373618404800421,-0.06032082493286264,1.0,0.4500792898182311,0.2128361848448868,0.518560192526835,0.08931938257536517,0.1957542095323096,0.11112846544318626,0.25351544756910965,0.09455490122640231,0.02353353680402266,0.158418666177912,-0.027650232291276527,-0.015983871096271387,0.3069591757046434,0.15497932089665228,0.26526627831921523,0.2241678553498713,-0.1315971917857342,-0.19866761230067975,0.25878443528914885,0.12437743547243185,0.1657420172286017,-0.1028281363306744,-0.03282678163026241,0.20273808859740694,-0.01717122616324937,0.13108240562917867,0.059686506387014004,0.06400561005347082,0.0914900907649276,0.26506387014001226,-0.062332156603367626,0.26296328761883514,-0.018988118480504267,0.21400600849476847,-0.058837029540437805,0.025047613735068412,-0.1556343583899784,-0.204633075409,-0.2111372311517344,-0.12202822558152507,-0.23263712357258406,-0.23304193993098996,-0.20943030863262915,0.09789702683103699,-0.15071281148148444,0.021067982054203953,-0.15323414801297325,0.028451896182135485,-0.220341225127302,-0.16048418586489652,-0.07324466686323104,-0.18475085465658345,0.16314896126353703,0.17039103028950744,-0.06894628214425169,0.012230554072468503,0.078604499199133,0.18196017180788754,0.07598116169544741,0.0833363880499486,-0.08668648248053615,0.09307748089473977,0.16219588967957352,0.27916869207659634,-0.016976786809999284,-0.17780681972125048,-0.19351496943955246,-0.26215524866721385,0.36925467570862786,0.3743260365450358,-0.17439297468303994,0.26256325255600094,0.17133453928232753,-0.07735179975934145,-0.25916693893488674,-0.33896357449656944,-0.2735889201443951,-0.06947541218752241,0.2251225206990254,0.08184781136195204,-0.02707010176190742,-0.19529998645299587,-0.0757755659858633,-0.3386958219445529,-0.1630772418299612,0.080626987225972,0.18191554638255145,-0.030104630684761213,-0.05072157719003259,-0.27553809497246773,-0.18000621568424324,0.1618038234426922,0.10632645092398536,0.07156324458717497,0.08232753468431496,-0.1165074229613751,-0.032350245838280646,-0.23472176844185547,-0.13859382097235615,-0.12036114719218417,-0.1032839531751787
#52,0.6217373634342452,0.12376383587406067,0.22167361282662226,0.2312792356302146,-0.02624771892357099,0.23886237040696795,0.4456183410498131,0.5243614978205261,-0.191097227645451,0.4500792898182311,1.0,0.1451330395492832,0.23533696180541722,0.037523607646885386,0.08270844456486226,0.14911904629090997,0.20777598036481285,0.11043039628971464,-0.10785646550693687,0.22950856250348636,0.21536867773270965,0.1769684992310083,0.3280144076373228,0.20983193746065393,0.2418427113133422,0.17137597717728248,-0.3948919825642088,-0.2946584959637897,0.37931292782634335,0.07151543163145774,0.2261345615950402,-0.19684434492266253,0.07008582425551244,0.18836710787399694,0.12062571221381954,0.15851747961972762,0.11943038832088869,0.20674640805170175,0.029196184526133765,0.16099419072588037,0.12105443505008408,0.29545856608945803,0.25885774848791526,0.44347791439887163,-0.14704555777797257,0.19135382384113347,-0.3303349297547992,-0.2805345488449187,-0.4186422714341496,-0.2747587437942768,-0.34914295276876856,-0.22998987959103986,-0.3272541816414188,0.10285204280853302,-0.14104821936584083,0.12861844464455052,-0.3156946027141821,0.04885687191706046,-0.43296225167146124,-0.3731928694945374,0.17075281498776784,0.1471124959159767,0.11536788085011435,0.25576903154858194,-0.291638310927651,-0.1614404449792412,0.1300863023850696,0.08450939923021142,0.390434221326172,0.20054506769517647,0.17257130107021332,0.21012359649052906,0.1791790515503351,0.4340938249567691,0.06305731976507901,-0.038709368948672794,0.06263337822438621,-0.06992326020607384,0.1526763301962722,0.3340643403007435,-0.09176262461251584,0.5109117133772682,0.025363179242802156,0.1999378431575676,-0.0019348309413574098,-0.026864506052323312,0.024700172923523177,0.06912159631521488,0.28649363689247664,0.19204233040346166,0.15267951772665334,-0.11408171234132075,-0.02195092796978221,-0.26676441759835523,-0.26601694172397583,0.19685071998342485,0.18742997394193914,0.0949310298113779,-0.051029173871813466,-0.19596777406784657,-0.06784339663237415,0.2456454350580529,0.030853700324331216,0.31052283467076797,0.10198025324928878,0.043210161846855104,0.10205037891767406,0.04734917004677701,0.13125293850457012,-0.20497892245535465,-0.26434030074349146
#53,0.08383683031978899,0.32093649642598154,0.044454892460693764,0.0968037039103029,0.5185681613527879,0.5854600801663891,0.09923100829554782,0.3486090414299261,0.10392145925140849,0.2128361848448868,0.1451330395492832,1.0,0.495211532484919,0.45779151957542097,0.1731976507901091,-0.2166389085895975,0.06675485500721179,-0.08118002374710134,0.10986620341225127,-0.14071671620620135,-0.04058841810836009,-0.3595900835929842,0.026482002406585436,-0.1739594705512037,0.035536182454239014,-0.1798340890436612,-0.12078987002844871,-0.1658551745571325,-0.05290503550111962,0.04965216074715712,-0.024242762313828305,0.1547354748224944,0.06016463594418634,0.05001872674098925,0.26120217708325033,0.21157392281395182,0.16305652288248373,0.03504052147997035,-0.13705743132864234,-0.11280670018886117,0.030571603885599534,-0.005759867398736144,-0.03360294527807218,-0.08927635091521965,-0.13078277777335065,-0.1862091498059591,0.027356979496210822,0.1591310792180988,-0.028455083712516635,-0.260660296918455,-0.09138808979273083,-0.19119604108726662,-0.352414952705018,-0.35945301978659483,-0.2743204583668688,-0.4328443130473587,-0.011177075281498777,-0.15791822390807161,-0.15023468192431208,-0.2795225079489039,-0.01901043119317231,0.08130752496234729,0.2626811911801034,0.05652607001410482,-0.01799839029715752,-0.19725713010702134,0.273008789615026,0.2819051869088127,-0.0014088884284678338,0.2743379897839651,0.021689550478527997,0.13205141486504793,0.30231335017411887,-0.008768896078540749,0.24759142235574433,0.19056172254141798,0.18082222346181737,-0.016514594904732685,0.07581859764600882,-0.07505040282415192,0.31947979504179647,0.2779622118273315,-0.1423678569436365,0.46726964116376735,0.4652869972666927,-0.13044649331813943,-0.1527576122209915,-0.013483253512260039,-0.11338683071823029,0.31810278191714014,-0.17739403453689168,0.23364757070340827,-0.216232498466001,-0.1679892261473117,-0.05578815673086884,-0.2316489891544279,-0.2619480591924392,0.00849476846576194,0.13931260907330523,-0.02536477300799273,0.2182055797719322,0.020572321079935292,0.06385260859517568,0.007120942871486744,0.1790212687964682,0.19684434492266253,0.16962921052841284,0.18248930185115828,0.05647666329319701,-0.1725792698961662,-0.024781454948242475
#54,0.2469124783845596,0.39161838886276884,0.25491317964124344,0.23355991361792666,0.1038338021659269,0.6960211652017309,0.3489421383547562,0.46737004837077356,0.1598355234323327,0.518560192526835,0.23533696180541722,0.495211532484919,1.0,0.3919275793097403,0.15105387723226738,-0.03858027396823626,0.3712118193626533,0.17158794794762888,0.07732629951629226,-0.14200766601056666,-0.18561148785949366,-0.23774514100837524,0.21687797336818365,-0.12433440381228633,0.07268684904652997,-0.005398082700475739,-0.10292216847691829,-0.22265855971439727,0.3187928822446589,0.06313063296384544,0.1614723202830527,-0.02819370622126242,-0.1277769366239272,0.03430898325749667,-0.17773350652248404,-0.029596219588967958,0.0594681605559053,-0.09714955095665756,-0.20150132680952115,-0.028370614157416187,0.026947381842233185,-0.02692825665994629,-0.0820374694196304,-0.07114727187243504,-0.0937627999266868,-0.045423901696563046,-0.15031755771422195,-0.06981488417311478,-0.12104168492855948,-0.13721362031731865,-0.25929125261975156,-0.22891408808740207,-0.13749252922566918,0.015245957813035406,0.003766067145327479,-0.15252173497278645,-0.12415749587613258,-0.1715305724007682,-0.22402122895233845,-0.24137095681693216,-0.12719839985974865,-0.12361720947652782,0.10024623672194376,0.0558343759213955,0.05379595024265075,-0.0764194471228554,0.18352206169465052,0.3593047996238714,0.15240539011387452,0.08731123843524134,0.13328817665293372,0.3076731825100208,0.28185896771828606,0.26966666401039135,0.02885990007092255,-0.10773852688283435,-0.1447648797902605,-0.22606284216146436,0.44264756273458233,0.20313812366024114,0.05086023476161257,0.1615217270039605,0.21476942202105365,0.2769501709313167,0.1106694610683008,-0.11547785064826399,-0.21035628620835292,-0.16882914040274447,-0.04692204097570305,0.02974762728207253,-0.15671971248475963,-0.0738582664616022,-0.20036975352421327,-0.24283084573149838,-0.1370733689805481,0.12253982420769947,0.06938616133685024,-0.06715489007004598,-0.14022902405788557,-0.142111260747954,-0.048440899202320524,0.2643737698124935,0.059103188327263745,-0.2819577811601017,-0.20457410609694873,-0.12249998007793511,-0.036409565778673825,-0.23889424571077944,-0.0847596203651316,-0.12096837172979305,-0.07715576664090079
#58,-0.11172453362446111,0.14578010821665643,-0.32036114719218417,-0.15661133645180056,0.289829387436349,0.21824861143207772,0.1999808748177131,0.1298504251368646,0.26128345910796963,0.08931938257536517,0.037523607646885386,0.45779151957542097,0.3919275793097403,1.0,0.27144211843269134,-0.20252133653148882,-0.202921371594323,-0.27329885487971056,-0.028647929300576146,-0.0174565101323622,0.031765334013339815,-0.37201985831427453,-0.13728215222051335,-0.2793232873000821,0.04757070340826686,-0.27696610858322246,0.05219262246093283,-0.04160205276956546,-0.17844113826709912,-0.2605710460677828,-0.006018057359609209,0.18040306321669627,-0.008596769437958706,0.0038585055263807982,0.32031333423646696,0.4693016917817498,0.20682609631123047,0.0635450119133948,0.02573771406258716,-0.2561961606196559,-0.220202567555722,-0.20434301014431544,-0.2793519750735124,-0.08088677095203564,-0.0760879439632159,-0.18957518188845238,0.2338005721617034,0.3187673820016097,0.11575516579142395,-0.16139741331909568,0.13709249416283498,-0.11532325542477827,-0.21870761580696316,-0.4483930862466033,-0.28820215317677245,-0.5426451720867964,0.10620373100431113,-0.1510076580417407,-0.0800898883567484,-0.20736957024121636,-0.03985687988588641,0.0074779462741754255,0.5571516228514053,0.08488074651961526,-0.0027779327271713057,-0.15846488536843867,0.6311612970061121,0.6312489540915937,0.010131565316481923,0.5101690187984604,0.00480679581477261,0.2374040752575923,0.28803321406657156,0.022027428698929787,0.2872395190016655,0.26715648383523655,0.20875773972220674,0.00941437098072341,0.08189084302209755,-0.21052841284893498,0.030785168421136513,0.10570966379523304,-0.21458613902413756,0.24452023683350732,0.48085330188303355,-0.21711703814676983,-0.11565475858441776,0.15389077927148992,-0.11162890771302664,0.146156236801632,-0.03434404609168931,0.2237996955908486,-0.2231621895146188,-0.06382710835212649,-0.0438906995832304,-0.2512475197029222,-0.4114480153638964,-0.2560096900923587,-0.019824845205555865,0.10838240801982645,0.09953701121213812,-0.14748224944018998,-0.03281721903911897,-0.023452254779303364,0.0590250938329256,0.02961534477125485,-0.031653770449999605,0.36187554287626805,0.05684641681741029,-0.2102526914709656,-0.08595175672768131
#101,-0.09012742152698643,0.014559045015897807,-0.26275928567444157,-0.06549418674146738,-0.10928129158731044,-0.05404298384718979,0.286544637378575,0.1733729649610723,0.057934958442572654,0.1957542095323096,0.08270844456486226,0.1731976507901091,0.15105387723226738,0.27144211843269134,1.0,0.12178756703774833,-0.0833300129891863,-0.32975161169504896,0.08548637729203357,0.02170070683486202,0.5306536827929141,-0.14308664504458557,-0.2152650829953223,-0.3143048394680012,-0.04988644423017157,-0.5349807552853239,-0.4852473125134474,-0.6795113515925698,-0.07571819043900262,-0.3306122448979592,-0.3314314402059145,0.017140944624628455,-0.2998191076508698,-0.3663572105921635,0.3930878403684785,0.3494250492075003,0.3282821601893393,0.03329534859629131,-0.22247208918710007,-0.44544780817442164,0.03407469977448223,0.11308720286240229,0.22949581238196176,0.13598163982500458,-0.20174995417925076,-0.20906852393436876,-0.3600283690203922,-0.388872331439409,-0.3241909649451346,-0.35398321765254326,-0.14099562511455188,-0.3619361059535099,-0.3885742973487716,-0.29110599335399917,-0.15769031548581947,-0.26485189936966586,0.1507462805504865,0.10920000956259114,-0.18277299205508052,-0.20188383045525904,-0.08957916630142881,-0.16904748623385316,0.3943309772171266,0.38960705719226385,-0.5163066085473628,-0.5005315206910566,0.4910422427463762,0.4661970371905107,0.38133541585318237,0.46898772003920663,0.06373148244069202,0.1276271226960132,0.5848018551426818,0.4184446445505184,0.4915586226681223,0.23559515176629028,0.3325964825602244,0.011006542406107309,0.3269593350811625,-0.11965829674314084,-0.05061160739188295,-0.03744870068292838,0.058990030998732956,-0.09514778187729601,0.03333838025643682,-0.38696140697591025,-0.22062332156603368,0.05534030871231741,-0.10151965510921276,-0.2233454725115349,0.01696084915809354,-0.1670154356158707,-0.15239104622715935,-0.2062427782514802,-0.07119030353258055,-0.34981870920957214,-0.477469738383444,-0.35902110941994914,-0.34583588999832654,-0.13896357449656943,-0.1726111451999777,-0.35736199985656114,-0.3615615711337249,0.006445186430683167,-0.09983504530277554,-0.3173170556781869,-0.19574464694116617,0.11913713552582297,0.008518674943620557,-0.05971997545601607,0.1165759548645698
#102,-0.04061551211659986,-0.27184693479109723,0.1954784881543402,0.1961733697774307,-0.3653324195746241,-0.09990198344077968,0.11807250037851923,-0.2681557746097267,-0.3737156244770458,0.11112846544318626,0.14911904629090997,-0.2166389085895975,-0.03858027396823626,-0.20252133653148882,0.12178756703774833,1.0,-0.045747436030249666,-0.0477492051096112,-0.13791806453155256,0.5780793535688387,-0.18750966220146786,0.6001035947373874,0.05950003585971679,0.43045207149630643,0.047363513933492175,0.2011793862410251,-0.32306417295539847,-0.18492616882754664,0.024488202153176774,0.10690180015778275,-0.30502434476328605,-0.5022113492019221,-0.368059351815697,-0.13064412020177069,-0.20278271402274303,-0.0023826789599088365,-0.09863812764465411,0.3094773247057511,-0.24982428738773915,-0.03331606754376878,-0.15034465172246173,0.1884611400202408,0.0885432189275554,0.5179975934145622,-0.21558542979862777,0.14298305030719824,-0.3204727107555244,-0.5048617807138475,-0.4743762401485389,-0.28130593119715674,-0.2436851038736463,-0.30825809433496165,-0.22315262692347537,0.1760377403597128,-0.13648208209484497,0.4056753978436357,-0.44264756273458233,0.2068978157448063,-0.11551928854321893,-0.11329598610236753,-0.23229446405661053,-0.3786228274988246,0.09737745937890971,0.2734789503462455,-0.27289244475611407,0.04814445887687367,0.010455099650168541,0.03618962618237455,0.28481540214680173,0.32939142076197914,0.004534261967184375,-0.0702069504099961,-0.1405366207396664,0.14202200989728184,-0.27254978524014056,-0.32189116177513566,-0.3269832415590211,-0.2737339527767374,0.1704691247838456,0.6387093689486728,-0.21370638063894046,0.05582321956506148,0.06860999768904047,-0.20124632437902923,-0.31553044489955295,-0.13897951214847518,-0.12354708380814254,-0.26915347161902636,0.08618763397588633,-0.34955255042274624,-0.03320769151080971,-0.12776099897202145,0.02040019443935325,-0.1372789646901322,0.0208528237534764,-0.0007108192749962148,0.38855995346205646,-0.0964036688474687,-0.31376136553801526,-0.23410498131310314,-0.21576074396959097,-0.23011419327590465,-0.38071225366366773,-0.07424714516810238,-0.2524699376040928,-0.30395014702483886,-0.30271816653252476,-0.34020033628445523,-0.2102702228880619,-0.12101299715512913,0.02612021770832503
#201,0.30275163560152685,0.27416108184781135,0.6136601614484138,0.3050084071113803,-0.16024512108631037,0.37101259871383147,7.331319876642574e-05,0.3111380280343297,0.09068842687406864,0.25351544756910965,0.20777598036481285,0.06675485500721179,0.3712118193626533,-0.202921371594323,-0.0833300129891863,-0.045747436030249666,1.0,0.6732813234626143,0.33821131732661824,-0.3718429503781208,-0.16143088238809777,-0.1692514881782467,0.18520826526627832,-0.3322139789144865,0.22048785152483485,0.06472121062403877,0.08033851572647802,0.05616109778546327,0.6486560575030481,0.12185131764537131,0.23990469284160365,-0.09068045804811577,0.29333567085561285,0.22682466192255896,-0.3975631330236116,-0.4017403915881073,-0.03640000318753038,-0.22447863956203332,-0.05957653658886436,0.12139390703567643,-0.014971830200256596,-0.07061973559435489,-0.2877829929316514,-0.33604060913705586,-0.3591342667484799,-0.45201571452477907,-0.151901760313653,-0.0578759891305214,-0.06861637274980277,0.06334579126457299,-0.2094462462845349,-0.1269657101419248,0.16921164404848232,0.11138346787367817,0.17156244770457968,0.10625154396002837,-0.38205739148451257,-0.5026400720381866,-0.394179569524022,-0.2800882945915578,-0.11115396568623545,-0.06484552430890357,-0.41130298273155413,-0.003192311676720669,0.2867884834527329,0.3482759445050961,-0.32730518212751714,-0.20036975352421327,0.414584545258947,-0.23288096964674196,0.5290423861852434,0.41745491636717164,-0.03012375586704811,0.18129875925379912,-0.2821825020519727,-0.2563842249121437,-0.20926136952242827,-0.1479619727625529,0.331496784578728,0.18787622819529998,0.08479787072970539,-0.05536580895536661,0.29086692857541296,0.24024416482719602,-0.1078166213771725,0.06453633386193212,-0.06548462415032394,-0.3040186789280335,-0.0027635888404561357,-0.16232498466001005,-0.3923228330770028,-0.2309859828351489,-0.41003753317023806,-0.03492577038624899,-0.17078947158715108,0.6689893138043972,0.3550972595207548,0.4985393142028385,0.22653778418825554,0.05205555865454343,0.19962227764983384,0.5450342261074675,0.33153344117811123,-0.022666528540350152,0.014640327040617105,0.24877718365753174,0.34425487492927664,-0.33919945174477445,0.05739467204296791,-0.04894612276773263,-0.21721107029301373
