,#10,#11,#12,#13,#17,#18,#26,#49,#50,#51,#52,#53,#54,#58,#101,#102,#201,#202,#301,#302,#401,#402,#501,#502,#601,#602,#701,#702,#801,#802,#901,#902,#1001,#1002,#1101,#1102,#1201,#1202,#1301,#1302,#1401,#1402,#1501,#1502,#1601,#1602,#1701,#1702,#1801,#1802,#1901,#1902,#2001,#2002,#2101,#2102,#2201,#2202,#2301,#2302,#2401,#2402,#2501,#2502,#2601,#2602,#2701,#2702,#2801,#2802,#2901,#2902,#3001,#3002,#3101,#3102,#3201,#3202,#3301,#3302,#3401,#3402,#3455,#3501,#3502,#3601,#3602,#3701,#3702,#3801,#3802,#3901,#3902,#4001,#4002,#4101,#4102,#4201,#4202,#4301,#4302,#4401,#4402,#4501,#4502,#4601,#4602,#4701,#4702,#4801,#4802
#10,1.0,0.3187020376287962,0.4262333750368558,0.6270318513973336,0.14375762018981744,0.32503247296575793,-0.17258883248730963,0.6578313637051854,0.010820071878810095,0.5395373299651762,0.4909338667134171,-0.17637880611049575,0.022451370239622598,-0.25826168030664043,-0.13532341480129734,-0.13911020089410228,0.4905928009626342,0.3394130162803114,-0.19591199228617648,-0.19381778482576162,-0.023657850488887473,-0.09622516714612436,0.4506036385659301,0.1583947597000534,0.2955733171831794,0.2613551785415455,0.14745674919714077,0.34238220083035165,0.19863733076205883,0.1859844289140881,0.24891424746392113,0.37083250324729655,0.1623457036074875,0.3298631752583892,0.15451234769581398,0.05432667405111205,0.01722860171011005,-0.01938815354333846,-0.04824964737945159,-0.02069982229518125,0.3552550422746217,-0.02746535552916989,0.10874738024846799,-0.16103722238602586,0.0017117038146769836,0.1036584879949637,0.08893847269481787,0.24313844241327925,0.14652758409103586,0.09440508729848832,-0.0973216775972396,-0.06203093498234905,0.1230131724693001,0.040685637784985136,0.01225764808070827,0.12808931460127979,-0.15540007490696395,-0.2607176724653157,-0.08752320920558775,-0.15895257751675446,0.025807839730972434,0.13181553761684292,-0.23558558917514683,-0.25014144666066346,0.42244818270924145,0.29121755691733936,-0.29548566009769783,-0.374190566503837,-0.07829212122178039,-0.1476304696029134,0.13286104758185976,0.15403421813864163,-0.1715305724007682,-0.19454613551785416,-0.2741977384471946,-0.25420873542700956,-0.06108583222433839,-0.09625863621512643,-0.2686833108878069,0.05443664384926169,-0.15863541824383012,-0.07687526396735969,,0.004255353058833842,-0.19362175170732096,-0.008620675915817323,-0.039573189681964153,-0.019805720023268972,0.17704021866458414,-0.18516045231056108,-0.03636972164890947,-0.04684075895098375,0.06249790818318737,-0.1230450477731116,-0.13404840264883774,0.42899537011212135,0.5733426834224513,0.3261066707042051,0.33043533696180544,0.18228370614157416,0.28088039589127334,0.09223756663930703,0.23443967200312377,0.20268230681573685,0.09173553060427607,0.19729378670640454,0.118399222242587,0.00810270222888062,-0.030305445098773597,-0.1846600100407207,-0.24037804110320427
#11,0.3187020376287962,1.0,0.16367331001123606,0.21867095920757995,0.10276916701862315,0.17407581541011563,0.4445011116512204,0.40496139103825834,0.5187195690458924,0.3934974380224561,0.43901696563045367,-0.1568711201778642,0.13380933787025157,0.1496338324474655,0.12458303118201595,0.23173664623990947,0.13249129405764648,0.10718389659651444,0.028333957558032974,0.0583939628174581,-0.12917626246125158,0.06720270302576321,0.10428165018447833,-0.1822008303516643,0.09797671509056571,0.0089904294400306,-0.05716516985552519,-0.16374024814924018,-0.053552104168492855,-0.021010606507343273,0.26603925443664383,0.28229087808493175,0.1158332602857621,0.2871996748719011,-0.005927212743746464,0.06985950959845086,-0.053787981416697876,0.08548000223127127,-0.11479731291188869,0.10022233024408514,0.06970172684458399,0.03881933874682243,-0.2632533528835197,0.0788037198479548,-0.20947334029277467,-0.04667819490154516,-0.11789240491198431,-0.19532548669604508,-0.191022320681494,-0.17343034050793296,-0.2268533496959893,-0.22607399851779839,-0.11844703519830424,-0.11026783224027605,-0.19046290909960237,0.133058674465491,-0.19649531034592674,-0.17391643889105818,-0.14426921881599183,-0.13910541959853054,-0.005871430962076357,-0.061163926718676535,0.004217102694260054,0.2401007259600443,0.030966857652862004,0.014637139510235956,0.07341838726900365,0.03517439775597861,0.10829475093434485,0.04314481747404155,0.22156364302847262,0.23793639283124418,-0.09209253400696475,-0.11936345018288455,-0.1171752105762258,-0.14055574592195333,-0.04989760058650559,-0.05657866426539378,0.02418538676696762,0.016871598307421368,-0.12564607256412913,-0.273960267433799,,0.001695766162771239,-0.07590944226187156,0.04589246866259194,-0.049111874347552376,-0.20681972125046816,-0.16391396855501278,-0.26478655499685233,-0.10299866920606587,-0.19987090501956348,-0.24434811019292527,0.029463937078150277,0.010816884348428946,0.19905967853756107,0.17703543736901242,0.08304472902007347,0.015542398138482258,-0.1005681772904398,-0.07481293181075632,0.11056108503534175,0.11459171720230459,0.14909035851747962,0.07262628596928815,0.18619161838886278,0.11001920487054642,-0.05244603112623417,-0.1757317374431225,-0.014635545745045383,-0.05005219580999131
#12,0.4262333750368558,0.16367331001123606,1.0,0.5181729075855255,-0.1830853700324331,0.5092510100486896,0.004076851357489501,0.20893783518874165,0.025607025316960054,0.5297611742861924,0.3644048482337097,-0.36426619066212973,-0.04802333272239001,-0.3613001936424707,0.052511375499047726,-0.08889544103467237,0.7514140681653372,0.8010726039732566,-0.13960904939875207,-0.4108758536604802,-0.07892803353281962,-0.34105459442660313,0.20485460877048983,0.18693590673286103,0.40496935986421123,-0.03439345281259712,0.545193602626525,0.4146100455019962,-0.05987775820988294,0.028673429543625336,0.4215014861860402,0.30740702372319484,0.4435081959374925,0.22017706731267284,-0.31075552438859183,-0.30488409342651546,-0.4464710054267705,-0.4708014248260804,-0.14321414625983153,-0.38559873773796904,0.11422355744328189,-0.3040346165799393,-0.11245447808174422,-0.1990501159464176,0.09615982277331081,-0.2713863366510212,0.1619408872490816,0.1998677174891823,0.41945190415096145,0.17521216999099523,0.19044378391731545,0.3141645881312306,0.5415359115141566,0.3891113962179952,-0.11647236012718246,-0.18718134657220953,-0.15378399700372145,-0.5956283020822543,-0.12004717544964101,-0.20185354891663812,0.003774035971280351,0.19872976914311213,-0.6258811529297389,-0.32793471937779406,0.5903322203539753,0.42732669795758993,-0.618307580744129,-0.49885328594538164,-0.4030584354007124,-0.5723864243081067,0.14560638781088384,0.23420379475491876,-0.5384264756273458,-0.29148530946935586,-0.4620277474519679,-0.3077225892309286,-0.13115571882794508,-0.09439233717696371,-0.2676425822183618,-0.09699814326355298,-0.06228115611726924,-0.16736287642741596,,-0.2030217788013292,-0.45908565691016745,-0.03087282550661811,0.08533018830335727,-0.14923857868020304,0.01997306536827929,-0.3947262309843891,-0.22583333997402164,-0.23245702810604912,-0.20175792300520365,-0.10129015292177003,0.015314489716230107,0.6992788212512651,0.3835172803990788,0.6440771701105276,0.48008670082636723,0.34339424172636646,0.5052873160197308,0.5699830264007204,0.46803783598562426,0.5297197363912375,0.45089211006542407,0.5330682370566344,0.42998350453027756,0.10209500434301015,-0.00980643721760473,-0.09415486616356812,-0.07455314808469268
#13,0.6270318513973336,0.21867095920757995,0.5181729075855255,1.0,-0.052165528452693066,0.43783279809385683,-0.23514570998254827,0.3109898078716063,-0.07110105268190837,0.6725912231350956,0.27833993417749764,-0.19870905019563467,0.11799121835379993,-0.3671652495437847,-0.04828311644845365,-0.08906278637968268,0.449360501717282,0.32506594203476,-0.2064180924224434,-0.2826749754958602,-0.15539369984620166,-0.29863494011427294,0.35359912024161483,0.12422762154451784,0.3142299325040442,0.05943947278247496,0.21058897592617679,0.4400959446644726,0.051402114926407894,0.17345265322060102,0.27136880523392487,0.26699391978579795,0.251757524563906,0.27374351536788083,-0.008018232673780172,-0.04770617344946569,-0.03811967582816024,-0.12624851580616628,-0.06385420236036625,-0.14829985098295467,0.1772856585039326,0.02219955533951183,-0.009814406043557603,-0.12654495613161312,0.05696594920670338,0.02404194789981592,0.1948107005394895,0.29475252811003355,0.11200981759357394,0.05861868370932911,-0.2184988325669979,-0.11101849564503662,0.07476511885503909,0.12520619337153058,-0.08146212018583301,-0.03270724924096933,-0.04906246762664457,-0.27130346086111135,0.06361035628620836,-0.11181537824032385,0.1403820255161807,0.18342643578321605,-0.30899760138338817,-0.258113460143917,0.5245543434085856,0.30177625130489527,-0.2770505781383229,-0.35911992286176475,-0.19196104837874237,-0.289379945652607,-0.004468917594370821,0.008370454780897131,-0.21676162850927172,-0.2273458231398768,-0.2984038441616397,-0.22458542182980182,-0.057101419247902206,-0.048149240172445394,-0.22907824590203124,0.07338491820000159,-0.08748177131063281,-0.15261098582345864,,-0.1476623449067249,-0.24935572042171028,-0.004690450955860673,0.033419662281156115,-0.14832056993043216,0.1010861509773765,-0.2300440676075194,-0.006212496712859295,-0.04095976539776395,0.001308481221461642,-0.014799703559674552,-0.08482815226832631,0.39647459139844926,0.42297253145694047,0.24316872395190017,0.1729968363760967,0.021927021491923594,0.2085346125955263,0.10596147869534381,0.22235415056299757,0.19689215787837977,0.2343759213955008,0.18450222728685384,0.21621177951852352,0.09675748471977623,0.07193777940695997,-0.03462773629561157,-0.13024727266931763
#17,0.14375762018981744,0.10276916701862315,-0.1830853700324331,-0.052165528452693066,1.0,0.3161599821498299,0.1946624803767661,0.1036521129342014,0.2867151702539665,0.08943732119946768,0.05786642653937795,0.5734399030990764,0.23838105331941445,0.3084222521495908,-0.1990007092255098,-0.22794986014710453,-0.12155168978954331,-0.12266095036218314,-0.32591541888133624,0.01376853748137287,-0.24803130154834288,-0.2850417168038633,-0.029744439751691384,-0.028405676991608828,-0.16273776984436883,-0.22237965080604674,-0.14523663428667055,-0.008048514212401088,0.005947931691223932,0.25600012750121526,0.10145271697120863,0.219292527631904,0.0355186510371427,-0.08875200216752066,-0.024083385794770856,0.05028010423224347,-0.03933093737299684,0.09626182374550757,-0.26151455506060295,-0.2194279976731028,0.41613527878937595,0.2753006239590721,0.2833188566328523,-0.11593207372757772,0.1466136474113269,0.09472543410179378,0.09816637314824407,0.10965582640709544,-0.12332076915108098,-0.023694507088270686,-0.026456502163536247,-0.039783566687119985,-0.32955239104622713,-0.269465849596379,-0.2999035772059702,-0.3406370279466726,-0.014136697240395572,0.021670425296241105,0.17251233175816208,0.07743945684482305,0.31728039907880373,0.20379156738837667,0.30644757707846904,-0.20040800388878707,0.009640685637784986,0.1244619050275323,0.41477579708181594,0.39791535513072857,-0.1629385842583812,0.12238044768864204,-0.2673477356581055,-0.24927284463180038,0.17784188255544311,0.15624158292758727,0.04947525281100335,-0.00878005243487477,0.0030504665747595407,0.008663707575962833,0.04253440540605152,0.047105323972619115,0.03599837435950561,0.4625505024344763,,0.28186056148347666,0.6332570982317175,0.5465977097594211,0.3155671014989362,0.4204241009172119,0.5120400991321948,0.4614157416187873,0.3875670377483285,0.39938958793200996,0.46516746487739963,0.2975575548454446,0.15868482496473796,-0.21262262030934984,0.007270756799400744,0.04174389787152659,-0.13156691024711328,0.0387524006088183,-0.07028982619990597,0.1545920359553427,0.13278614061790275,0.13900979368709607,0.04179808588800612,-0.025119333168644262,-0.03540868123899306,0.10127740280024544,0.134032464996932,0.2254731490409518,0.19878076962921054
#18,0.32503247296575793,0.17407581541011563,0.5092510100486896,0.43783279809385683,0.3161599821498299,1.0,0.1683223230721418,0.25332100821585957,0.24884412179553586,0.5854552988708174,0.24856361912199476,0.07831443393444844,0.5193969192518866,0.06969853931420283,0.012898341687319207,-0.3221955709265354,0.4369036329877519,0.40736478894564465,-0.3339161201380201,-0.3929029636063719,-0.35495063312322195,-0.49595741459410786,0.07142777454597614,-0.018548239287905714,0.08860537576998781,-0.2788324076213851,0.12679358350134276,0.1673469387755102,0.08958872889257226,0.19591517981655762,0.5317390368876953,0.3355130728589757,0.4447640829076652,0.19277546239112592,-0.20136904429870348,-0.07347735658105492,-0.11490728271003833,-0.16344062029341216,-0.2701129182637522,-0.2984309381698794,0.1320338834479516,0.009473340292774666,-0.0073153822247368295,-0.0561340037772235,0.18255464622397183,-0.1360374216066747,-0.00038887870650017135,0.14464375363577683,0.2088963972937867,0.07867303110232769,0.04085776442556718,0.14524619687781398,0.1669166221740551,0.07060220417725857,-0.20892030377164533,-0.30581325853262037,0.08074811338045566,-0.2725354413534254,0.12692267848177927,0.06370279466726167,0.03124417279602196,0.04562152858019428,-0.10525544071591933,-0.2655993752440453,0.2786778123978994,0.14517447744423814,-0.0964291690905179,-0.057963646216002994,-0.37677884117332994,-0.31654089203037716,-0.0389834965614516,-0.12866785136545833,-0.18054172078827627,-0.11760871470806206,-0.20251974276629825,-0.13819378590952194,-0.022889655667030575,0.04176780434938521,0.00586186837093291,0.06447098948911857,-0.25081879686665765,0.2796579779901027,,0.04098526564081314,0.07700435894779623,0.1930320585868084,0.13420937293308577,0.046471005426770476,0.24077010734008558,-0.0012383555530763653,0.10448405836368128,0.20400991321948536,0.06297285020997856,0.1482042250715202,0.18144697941652257,0.24043701041525553,0.11293420140410713,0.3096032321558065,0.1937875032871407,0.13546685366844902,0.2994971670823737,0.5326650144634191,0.32126162452485874,0.3272780881192774,0.3870076261664369,0.4013084812214616,0.4196925626947382,-0.05531162093888707,0.19560120807401446,0.04188733673867829,0.1389715433225223
#26,-0.17258883248730963,0.4445011116512204,0.004076851357489501,-0.23514570998254827,0.1946624803767661,0.1683223230721418,1.0,0.126242140745404,0.5572249360501718,0.19462741754257346,0.18487676210663884,0.1949621082325941,0.4402377897664337,0.38099753763278055,0.0668982938743635,0.06803305469005251,-0.06900365769111237,-0.06627831921523002,-0.14761453195100765,-0.07421367609910032,-0.09587772633457912,-0.10370630095068094,-0.28361848448868027,-0.2135294727027867,-0.19563308337782595,-0.31546669429192997,-0.22040019443935324,-0.24370582282112377,-0.13639601877455396,-0.10329510953151272,0.23677135047693423,0.19544661285052872,0.12421009012742153,0.07308529034417359,-0.10807162380766441,-0.007407820605790149,-0.04374247942050698,-0.12226091529934895,-0.10339392297332833,-0.10380352062730598,0.1603120592243145,-0.03848942935237352,-0.020084628931619504,-0.04120998653268414,-0.24845683685422626,-0.18052897066675166,-0.17345743451617274,-0.17555482950696874,-0.08319613671317805,-0.03195180454063703,-0.050123915243567164,0.014710452709002383,-0.12286017101100495,-0.029985098295468127,-0.1607917825466774,-0.1576520651212457,-0.05848480743332085,-0.10339073544294719,-0.1289260413263314,0.016538501382591303,0.0030090286798046045,-0.07096558264070954,0.09727386464152236,0.11135796763062898,-0.15370112121381158,-0.15013586848249647,0.238521304656185,0.3770306560734407,-0.12358374040752576,-0.07060061041206799,0.13153981623887354,0.03547243184661604,0.020556383428029547,0.010826446939572392,0.14358071225366367,0.07384392257488705,0.12644454892460694,0.1119811298201436,0.0832742312075162,-0.25922112695136623,0.028072580066778763,0.09282725975981959,,0.13086246603287938,0.21209508403126967,0.20003665659938322,-0.0019188932894516652,0.06534756034393453,-0.042430810668664186,0.07280478767063249,0.20040959765397764,0.018596052243622947,-0.020269505693726143,-0.024931268876156477,0.10733371052442843,-0.12293029667939022,-0.15056937261433273,0.04259018718772163,-0.00014981392791400044,0.09335798356828089,0.020369912900732336,0.232528747539625,0.006983879065097339,0.1301245527496434,0.11099777669755914,0.16922917546557867,0.19594546135517854,-0.028950744686785296,-0.09932504044179172,-0.02453282757851286,0.0702818573739531
#49,0.6578313637051854,0.40496139103825834,0.20893783518874165,0.3109898078716063,0.1036521129342014,0.25332100821585957,0.126242140745404,1.0,0.3413000342659516,0.5145407167162062,0.6475834535297914,-0.08962379172676489,0.19917283586609186,-0.007285100686115914,-0.12415271458056085,-0.11446262222186805,0.283720485460877,0.24366279116097825,-0.05254643833324037,-0.0801711703814677,-0.06890006295372503,0.03957159591677358,0.3212026552128075,-0.030437727609591278,0.25443505008407113,0.1799153710683805,-0.04732526356891839,-0.00043350413183625657,0.2667676051287364,0.1259472941851477,0.35979089800699665,0.4289109005570209,0.17109388073855078,0.3174971511447218,0.20859836320314928,0.12651945588856395,0.1252412562057232,0.02322594012224179,0.01818007952888301,0.07725298631752583,0.23300687709679732,0.05571803106248356,-0.014758265664719617,-0.28767302313350174,-0.12520778713672115,0.1265146745929922,-0.06191140259305596,-0.022419494935811107,0.0472121062403876,-0.08949788427670952,-0.244802333272239,-0.24292009658217054,-0.05545187227565763,-0.1797416506626079,-0.16602570743252396,0.1297611742861924,-0.17383515686633888,-0.1396887376582808,-0.2031954992071018,-0.22077951055470998,-0.03670600610412068,0.04964419192120425,0.015102518945883703,-0.042191745890078014,0.237697328052658,0.1904915968730327,-0.008776864904493621,-0.08545131445784093,0.06944194311852035,0.01706444389548088,0.3627266134880348,0.2353624620484664,0.07007944919475013,0.02720716556829682,-0.008649363689247663,-0.10960482592099706,0.027407979982309205,-0.04285475220935699,-0.2014933579835683,0.004315916136075672,-0.15390352939301452,-0.06874068643466757,,0.08005163799217462,-0.11524834846082127,0.11215485022591622,-0.17869454693240044,-0.0476806732064165,0.01755691733936839,-0.18610555506857174,-0.1268206775095825,-0.06508140155710859,-0.10836168907234897,-0.16138306943238054,-0.18195220298193468,0.32067671269991793,0.4653921857692706,0.29831778084134863,0.18394440947015275,0.16972324267465674,0.22059941508817507,0.12742471451681023,0.20909243041222736,0.21813226657316578,0.1128800133876276,0.315103315828479,0.0971160818876555,-0.012448899903577205,-0.09843093816987943,-0.20437329168293636,-0.27450533512897546
#50,0.010820071878810095,0.5187195690458924,0.025607025316960054,-0.07110105268190837,0.2867151702539665,0.24884412179553586,0.5572249360501718,0.3413000342659516,1.0,0.3287618835117022,0.3816206998222952,0.10710420833698571,0.281514714437122,0.2707121739754082,0.03209524340778873,0.06977982133892213,-0.009350620373100431,0.10327917187960697,0.07293228888587844,0.0015539210608101108,-0.1515638820932512,-0.06863071663651794,-0.09950194837794547,-0.2786730311023277,-0.07206209309182478,-0.3215612523806868,-0.21317884436086032,-0.23171433352724144,0.019700531520691057,0.10491915626070811,0.23847030417008663,0.27119030353258056,0.08632629154746631,0.1941875383499749,-0.04364047844831021,0.11872753787184534,0.022446588944050872,0.08506084198615019,-0.06879009315557538,-0.06329160324809346,-0.005431551769477803,0.14276151694570838,-0.22556399365681454,0.04006247559547052,-0.21484432898501063,-0.12348970826128186,-0.15801384981950609,-0.1709249416283499,-0.10170453187131939,-0.054835085146905306,-0.09388233231597988,0.00645315525663604,-0.1420299787232347,-0.09961191817609512,-0.15965702173098836,-0.03118998477954243,-0.09775358796388528,-0.07578353481181617,-0.20078253870857207,-0.15375690299548167,0.020540445776123805,0.01690506737642343,0.15415215676274416,0.124230809074899,0.011897457147638438,0.07043804636262939,0.21884627337854315,0.2571954513941461,0.07483524452342437,0.08092820884699058,0.16015108894006647,0.009318745069288942,-0.01024153511463156,0.12621504673716422,0.03946003235343337,0.005267393954848632,0.00764688538437632,0.014004414729577891,0.05258309493262358,-0.0007140068053773638,-0.14281570496218793,-0.06893193825753652,,0.13610117221429766,0.13374718102781918,0.17519623233908949,0.003997163097960777,-0.11577588473890142,0.02836742662703504,-0.06846337129150762,-0.011820956418490864,-0.1321789160802939,-0.1352246013594817,0.0010582600865414499,-0.021914271370399,-0.016589501868689686,0.07090501956346772,0.09836878132744703,0.004199571277163736,-0.053555291698874005,-0.007304225868402808,0.21818486082445473,0.06539696706484234,0.1666982763429464,0.07830805887368614,0.11481643809417559,0.11101690187984604,-0.03701997784666385,-0.07084764401660704,-0.03500227111539657,-0.02046394504697623
#51,0.5395373299651762,0.3934974380224561,0.5297611742861924,0.6725912231350956,0.08943732119946768,0.5854552988708174,0.19462741754257346,0.5145407167162062,0.3287618835117022,1.0,0.6339424172636645,-0.13210082158595574,0.34318864601678234,-0.17587995760584593,0.16536907617400728,-0.11718477316736925,0.6240913546207237,0.43718891695686474,-0.150403621034513,-0.48782761835698746,-0.2139040075225717,-0.37154013499191163,0.29103108639004216,-0.12397899417478823,0.39639330937372996,-0.10358517479619728,0.14916845301181778,0.19781176039334125,0.21073560232370964,0.11019292527631903,0.49090039764441507,0.4673604857796301,0.3518523535927452,0.32896747922128633,0.07603056841635522,0.0005386926344141717,0.04655866251225207,-0.1526189546494115,0.04010550725561603,-0.17085959725553634,0.23215102518945885,-0.04031907179115301,-0.11331989258022615,-0.15068731123843523,-0.013969351895385253,-0.06629425686713576,0.026722660950362184,0.06767764505255441,-0.03913649801974675,-0.11500928368223509,-0.2723824398951302,-0.21723497677087233,0.027129071073958674,-0.04502386663372885,-0.10752177481691623,-0.08610475818597646,-0.07714142275418563,-0.48245344213437036,-0.052739283921299875,-0.24897002924559125,0.17300161767166844,0.24591637514045056,-0.21083282200033468,-0.15038927714779782,0.4311995473706859,0.19340340587621227,-0.18234586298400657,-0.21251424427639076,-0.1532676170819753,-0.28299850982954683,0.23542143136051766,0.16215604554980914,-0.19426403907912249,-0.26824821299078005,-0.3017125006972723,-0.33289451665086184,0.001969893775550048,-0.049891225525743294,-0.08579238020862387,-0.00625393460781423,-0.13467315860354295,-0.1329407358413885,,-0.15959486488855598,-0.15272573691718,0.20327837499701168,0.10263688450780546,-0.19187657882364192,0.08111467937428779,-0.34114543904246586,-0.05487971057224139,-0.0925770386248994,-0.13889344882818414,0.008846990572878898,0.06572528269410068,0.49809146618428707,0.4331550972595207,0.3934560001275012,0.19734956848807464,0.02332634732924798,0.11982245455777,0.2798396672218282,0.45550765405732774,0.3188869143909028,0.33628286144602315,0.36114878594936606,0.2715042752751237,0.07336260548733355,-0.0619592155487732,-0.0005769429989879591,0.01696084915809354
#52,0.4909338667134171,0.43901696563045367,0.3644048482337097,0.27833993417749764,0.05786642653937795,0.24856361912199476,0.18487676210663884,0.6475834535297914,0.3816206998222952,0.6339424172636645,1.0,-0.28942457107794306,0.14838750806843629,-0.12410490162484361,0.09394289539322172,-0.03276462478783001,0.48650001195323894,0.38053693949270456,0.06698913849022624,-0.25789830184318946,-0.09348867231390799,-0.022444995178860297,0.4693638486241822,-0.1211899050912829,0.4486417136163329,0.14288264310019205,0.13836272501972285,-0.0011618548239287906,0.07365585828239925,-0.023584537290121048,0.25213684067926273,0.38308377626724255,0.18750647467108672,0.27854552988708176,0.08064133111268716,-0.002623337503685582,-0.040714325558415476,-0.08046601694172398,0.03988556765931675,0.048206615719306074,0.06570137621624206,-0.1127301994597136,-0.27750161368725546,-0.13800890914741532,-0.004572512331758162,0.012171584760417247,-0.1623409223119158,-0.13369777430691135,-0.01237558670481078,-0.06345257353234147,-0.12280917052490657,-0.18603702316537704,0.10397245973750688,-0.06804899234195826,-0.06395460956737244,0.15488210122002724,-0.16843548040067258,-0.3171305851508897,-0.09265035182366582,-0.16191857453641356,-0.05352819769063424,0.09591916422953406,-0.17273227135446134,0.016825379116894707,0.294739777988509,0.1768553419024775,-0.21467379610961917,-0.23609559403613065,0.037195292017627044,-0.09536612770840472,0.36829841659428314,0.2882882164970635,-0.21626118623943136,-0.258199523464208,-0.32084087051454707,-0.3171688355154635,-0.13191913235423025,-0.07143574337192901,-0.10158499948202632,-0.029191403230562043,-0.1542286574918917,-0.323994931826694,,-0.23406194965295762,-0.2747348373164182,0.06134561595040203,-0.0632517591183291,-0.19819745156946028,-0.15085465658344557,-0.39210767477627523,-0.33526444548924605,-0.17638518117125804,-0.2452390249344564,-0.04563746623210002,0.05062435751340755,0.5579198176732622,0.38905402067113454,0.3458183585812302,0.19390862944162437,0.12361083441576552,0.1338459944696348,0.14265792220832105,0.34487484958841014,0.23155655077337456,0.16205404457761238,0.3206894628214425,0.09532309604825921,-0.09563069273004009,-0.24523743116926583,-0.0965726079576696,-0.08150833937635968
#53,-0.17637880611049575,-0.1568711201778642,-0.36426619066212973,-0.19870905019563467,0.5734399030990764,0.07831443393444844,0.1949621082325941,-0.08962379172676489,0.10710420833698571,-0.13210082158595574,-0.28942457107794306,1.0,0.3811409764999323,0.2362119388950426,-0.29997210910916494,-0.2556208113858585,-0.41925587103252077,-0.4462622221868052,-0.25541202814589326,0.14799066053598323,-0.08229087808493175,-0.2568575731737443,-0.22111898254030235,0.01713616332905673,-0.36907936153766463,-0.1470678704906406,-0.18122863358541386,0.007084286272103531,-0.011236044593550033,0.13103140514308026,0.05308672473284511,-0.07464877399612715,-0.01996190901194527,-0.2655722812358055,0.07597159910430397,0.14549960554311533,0.20788913769334363,0.01710110049486409,-0.15215516897895434,-0.1310553116209389,0.18485604315916135,0.32940098335312257,0.501173808062858,0.025892309286072883,0.17976236961008535,0.26255687749523865,0.2343567962132139,0.10821825020519726,-0.1104447401764298,-0.16620102160348715,-0.184666385101483,-0.16701862314625185,-0.42972053327383275,-0.21173648686339042,-0.1570464343488274,-0.3524755157822598,0.14177338252755223,0.17917586401995395,0.16202535680418204,0.033368661795057736,0.18885001872674098,-0.02822558152507391,0.501739594705512,-0.02036035030958889,-0.11082724382216767,-0.07037429575500641,0.5161265130808278,0.6092581819920471,-0.2345703607487509,0.10430236913195579,-0.37811441640303134,-0.4491118743475524,0.373441496864267,0.3613225063551387,0.23233590195156548,0.1268079273880579,0.08428627210353098,-0.010584194630605073,0.12440134195029047,-0.07563531464909275,0.38525767198718613,0.5888739252045996,,0.5170158340571683,0.7802293428109237,0.41749794802731716,0.07936950649060874,0.4607017348134099,0.39578767860131164,0.7221477579708182,0.5586943875558814,0.5367354907601463,0.42379013299970514,0.13194303883208885,0.02023603662472408,-0.5475826566471962,-0.2567906350357402,-0.16531966945309948,-0.14262764066970013,0.005369394927045398,-0.1592872682067751,-0.03687016391874985,-0.12752671548900701,-0.14471706683454327,0.03004247384232881,-0.12084087051454709,-0.04725354413534254,0.0019810501318840695,0.22493923770210936,0.13666217756137988,0.1007928981823108
#54,0.022451370239622598,0.13380933787025157,-0.04802333272239001,0.11799121835379993,0.23838105331941445,0.5193969192518866,0.4402377897664337,0.19917283586609186,0.281514714437122,0.34318864601678234,0.14838750806843629,0.3811409764999323,1.0,0.3882810445537059,0.09397317693184264,-0.11953398305827602,0.044086732701671065,-0.18955765047135606,-0.10246316410203285,-0.08327263744232562,-0.18985727832718405,-0.24876443353600713,-0.12622301556311707,-0.22635450119133949,-0.21400122719919673,-0.17433719290136984,-0.2512395508769693,-0.0922455354652599,0.17497788650798077,0.10486496824422858,0.3015594992389771,0.08345113914366996,0.16691980970443623,0.010764290097139988,0.10875375530923029,0.1975025699463698,0.2650861828526803,0.07096080134513783,-0.11458374837635171,-0.0179808588800612,0.04865286997266693,0.2437169791774578,0.14415606148746105,0.23785829833690603,-0.01568902453601511,0.07213859382097236,-0.09694873654264517,-0.08626254093984333,-0.12804150164556255,-0.1999059678537561,-0.13944807911450405,-0.13494728621632174,-0.16977424316075512,-0.06267003482376941,-0.05479045972156922,-0.14622317493963613,0.06421120576305493,-0.0028608085170811785,-0.023493692674258302,-0.008923491302026472,-0.09773605654678896,-0.21072922726294735,0.355871829403374,0.07978069790977695,-0.10758871295492035,-0.18192351520850433,0.38446875821785176,0.3835443744073186,-0.02502848855278152,0.03849261688275466,0.07624094542151105,-0.2086158946202456,0.21825179896245886,0.00844536174485413,0.052251591772984086,-0.0182119548326945,-0.009331495190813537,0.06012479181442198,0.36965311700627146,0.038671118584099,-0.22582696491325932,0.37126441361394225,,0.2229390623879384,0.3568599638215302,0.21748679167098312,-0.09860306481046148,0.07104208336985712,0.10320107738526883,0.3042131182812836,0.29467762114607654,0.3170429280654081,-0.06374104503183546,0.034387077751834826,0.05966419367434596,-0.2345193602626525,-0.24483898987162223,-0.10720939683956363,0.04614906485827443,-0.022094366836933915,-0.016344062029341216,0.18594139725394257,-0.11697439616221342,-0.046928416036465345,0.07869693758018631,0.11291188869143909,0.16099578449107094,-0.20565467889615824,0.07150905657069544,-0.08538915761540852,0.03230083911737284
#58,-0.25826168030664043,0.1496338324474655,-0.3613001936424707,-0.3671652495437847,0.3084222521495908,0.06969853931420283,0.38099753763278055,-0.007285100686115914,0.2707121739754082,-0.17587995760584593,-0.12410490162484361,0.2362119388950426,0.3882810445537059,1.0,-0.03612906310513272,0.033835634995896056,-0.3550797281036585,-0.27107714620404977,-0.1315238785869678,0.23914127931531848,-0.009404808389579963,0.08594378790172844,-0.23486520730900717,-0.14750615591804858,-0.41498776785216235,-0.27622819529998643,-0.2913849022623497,-0.33663986484871183,-0.13868944688379062,-0.16268676935827045,0.08387189315398162,-0.12774984261568742,0.03881455745125071,-0.27183896596514434,-0.21923993338061504,-0.14258460900955464,-0.07825387085720661,0.13669405286519137,-0.22448501462279563,-0.08942457107794309,-0.15482153814278543,0.03894365243168724,-0.013425877965399357,0.09109961829323686,-0.10516140856967543,-0.13004486449011468,-0.2469698539314203,-0.14442700156985872,-0.11054036608786427,-0.052713783678250685,-0.02188558359696866,0.030294288742439578,-0.1636446222378057,-0.14887201268637093,-0.05723051422833874,-0.16304855405653085,0.11324817314665031,0.36283020822542217,0.0253042099307509,0.2538278255464622,0.0173816031684052,-0.17720278271402273,0.30482990541003596,0.1159766991529138,-0.3598052418937118,-0.21054275673565015,0.6183267059264158,0.529518921977225,0.04117811122887265,0.24601518858226618,-0.05994310258269649,-0.11447059104782092,0.19104144586378088,0.19416522563730684,0.35284845683685423,0.27533409302807416,0.026598347265497375,0.13338220879917762,0.308084373929189,0.08743714588529672,-0.36458653746543523,0.1714668217931452,,0.4864282925196631,0.4748145255759469,0.32236291627154573,0.1838790650973392,0.031081608746583365,-0.045769748742917706,0.34016846098064374,0.26222856186598026,0.2603128561069098,0.07718445441433114,0.14450509606419687,0.17966833746384145,-0.4684299022225056,-0.38704906406139183,-0.2715600570567938,-0.22732988548797106,-0.10478368621950929,-0.11217078787782196,0.1919769860306481,-0.25119970674720493,0.007610228784993107,-0.12307692307692308,-0.034991114759062546,-0.018624740017053287,-0.051110455896532764,0.14806556749994024,0.004609168931141375,0.1546924431623489
#101,-0.13532341480129734,0.12458303118201595,0.052511375499047726,-0.04828311644845365,-0.1990007092255098,0.012898341687319207,0.0668982938743635,-0.12415271458056085,0.03209524340778873,0.16536907617400728,0.09394289539322172,-0.29997210910916494,0.09397317693184264,-0.03612906310513272,1.0,0.48679167098311404,0.3348516603048873,0.11618866992326021,0.5674154706787049,-0.0732287292113253,0.22897783869502505,0.09466965232012367,-0.03178605296081728,-0.2742455514029118,0.04498083497358334,-0.10098255623998917,-0.28180956099737825,-0.31821593924567093,0.23264987369410864,-0.023249846600100408,-0.046035907529743646,-0.08776386774936448,-0.10004860983831253,-0.025683526046107626,0.15220138816948098,0.12213978914486529,0.16772306736048578,0.24101554717943405,0.22033325630134912,0.10106543202989904,-0.11504912781199945,0.025992716493079073,-0.2820008128202472,0.4130449680848521,-0.3152085043310569,-0.14499278821251266,-0.29477005952712987,-0.35590689223756666,-0.4560479404569325,-0.509282885352501,-0.22211189825403024,-0.14885607503446519,-0.054423893727737094,0.028345113914366997,0.22283387388536047,0.29029476687199673,-0.37644096295292817,-0.40376128584975574,-0.3624827674138769,-0.45646072564129125,-0.028276582011172294,0.06241821992365865,-0.019867876865701375,0.24647897425272336,-0.3157647283825674,-0.2997681071647714,-0.14482384910231175,-0.17985002669556693,0.5039963662153655,0.17853038911777128,0.46153846153846156,0.374714915251536,-0.17955518013531066,-0.42134210966698277,-0.38715425256396974,-0.5236761787885791,-0.31521806692220034,-0.3815999808748177,0.4907952091418371,0.2105268190837444,-0.3995441831554957,-0.3013714349464893,,-0.3126011044792771,-0.2812947748408227,-0.10262254062109029,-0.05001713297579868,-0.3568089633354318,-0.13658727059742287,-0.4803719847954801,-0.4582058985249703,-0.41262580783973096,-0.57949780458845,-0.038129238419303685,-0.03843205380551283,0.19544023778976644,-0.11559419550717592,-0.05094151678633187,-0.02502211349201922,-0.34768306385420233,-0.31069974260692174,-0.03959868992501335,0.032635529807393475,-0.03239327749842616,-0.07398895520722931,-0.06974794603511064,-0.06856218473332323,-0.1007610228784993,-0.23764314003617848,0.14206026026185561,0.1226322625887528
#102,-0.13911020089410228,0.23173664623990947,-0.08889544103467237,-0.08906278637968268,-0.22794986014710453,-0.3221955709265354,0.06803305469005251,-0.11446262222186805,0.06977982133892213,-0.11718477316736925,-0.03276462478783001,-0.2556208113858585,-0.11953398305827602,0.033835634995896056,0.48679167098311404,1.0,-0.13555291698874006,-0.09453418227892485,0.6422809967407502,0.4642430810668664,0.2355680577580505,0.666566790714724,-0.16679390225438087,-0.13012933404521512,-0.08989632557435313,0.09643235662089904,-0.3935436572129828,-0.4539059200408004,0.11011642454717147,0.15428922056913355,-0.37109388073855076,-0.12371602291834344,-0.400760225995904,0.046466224131198754,0.20286399604746233,0.24098367187562256,0.15782259799663714,0.46306847612141305,0.3417861326490768,0.4184876762106639,-0.08784355600889321,0.246150658623465,-0.30234363171273976,0.5210990604754202,-0.5056140378837986,-0.009905250659420347,-0.2439161998262796,-0.47004119883017637,-0.36364780976818684,-0.2514833969511272,-0.16821075950880157,-0.15396090493987521,-0.21120416928973854,0.16746487739961272,0.11134521750910438,0.5996493716580736,-0.4568256978699328,0.01965909362573612,-0.4411271107427743,-0.37175210576225803,-0.06976866498258812,-0.1047454358549355,0.180183123620397,0.5855126744176781,-0.30529209731530255,-0.016956067862521816,0.03702635290742615,-0.0419431185203484,0.6222489620604197,0.5115699384009754,0.4290670895456972,0.47301994597136005,-0.022051335176788405,-0.14967367657722988,-0.031121452876347728,-0.13160356684649652,-0.2156157113372487,-0.2543362366422555,0.1384790698786348,0.36871598307421366,-0.2694594745356167,-0.42040497573492497,,0.005571803106248357,-0.22716094637777015,-0.3336148985170015,-0.2997505757476751,-0.42584290256516505,-0.3440253727418339,-0.44212640151726446,-0.3947055120369116,-0.48488074651961527,-0.4243734510594554,-0.1239120560367841,-0.40263130632963845,-0.05638900620771542,0.04522627481293181,-0.22127835905935977,-0.2809935532198041,-0.2516778363043773,-0.44748464008797584,-0.24510514865844815,-0.24754679693040824,-0.08291404027444636,-0.37860529608172827,-0.2637984205786961,-0.41713775709424733,-0.07111380280343298,-0.2117428619241527,-0.011055949127015116,-0.24638175457609832
#201,0.4905928009626342,0.13249129405764648,0.7514140681653372,0.449360501717282,-0.12155168978954331,0.4369036329877519,-0.06900365769111237,0.283720485460877,-0.009350620373100431,0.6240913546207237,0.48650001195323894,-0.41925587103252077,0.044086732701671065,-0.3550797281036585,0.3348516603048873,-0.13555291698874006,1.0,0.6895010718070906,-0.00761819761094598,-0.4889177537473404,-0.0007474758743794276,-0.2977264939556455,0.3414115978292918,0.04598968833921698,0.36105953509869393,0.03754432659436285,0.34086015507335304,0.2792818494051271,0.14186900843898667,0.08229725314569404,0.38129079042784625,0.27068986126274014,0.3724437998549674,0.2343822964562631,-0.14062746535552917,-0.1458135772856585,-0.23174939636143407,-0.25910159456207316,-0.0789854090796803,-0.2352875550845094,0.1228442333590992,-0.26456024033979075,-0.2138036003155655,-0.09130362023763039,0.04569484177896071,-0.19150204400385692,-0.019859908039748502,0.07310919682203221,0.17636286845859,-0.05756839244874053,0.054162516236482876,0.10513431456143567,0.393782721991569,0.1551355098853286,0.10399795998055607,-0.059592474240770105,-0.13135175194638574,-0.6228402489461228,-0.1322474479834886,-0.288095370909004,0.00761501008056483,0.253480384734917,-0.5565491796093681,-0.2509957048028114,0.3985002669556694,0.2057503048075927,-0.5859812413837069,-0.5490505143877152,-0.17086597231629863,-0.42860489764043064,0.24840264883774674,0.22933006080214202,-0.4903170795846648,-0.4269569444333766,-0.5265784252006152,-0.4586569340739029,-0.16603845755404856,-0.1637195292017627,0.039904692841603646,0.02634812613057718,-0.1725410195315924,-0.22427304385244923,,-0.33950864219174587,-0.4585581206320873,-0.027022288806190183,0.12147678282558631,-0.17029540437807297,0.017832638717337774,-0.45330825809433495,-0.2882260596546311,-0.2283068635497932,-0.3013698411812988,-0.05711735689980795,0.10546581772107515,0.7753651714492904,0.3824383013650599,0.5508785630613042,0.40003506283419266,0.17340802779526493,0.34460550327120304,0.4800372941054594,0.44903377985321424,0.4364031907179115,0.3508195937492529,0.484769182956275,0.2972834272326658,0.0761692259879352,-0.13489150443465164,-0.07738208129796237,0.02672584848074333
