,#10,#11,#12,#13,#17,#18,#26,#49,#50,#51,#52,#53,#54,#58,#101,#102,#201,#202,#301,#302,#401,#402,#501,#502,#601,#602,#701,#702,#801,#802,#901,#902,#1001,#1002,#1101,#1102,#1201,#1202,#1301,#1302,#1401,#1402,#1501,#1502,#1601,#1602,#1701,#1702,#1801,#1802,#1901,#1902,#2001,#2002,#2101,#2102,#2201,#2202,#2301,#2302,#2401,#2402,#2501,#2502,#2601,#2602,#2701,#2702,#2801,#2802,#2901,#2902,#3001,#3002,#3101,#3102,#3201,#3202,#3301,#3302,#3401,#3402,#3455,#3501,#3502,#3601,#3602,#3701,#3702,#3801,#3802,#3901,#3902,#4001,#4002,#4101,#4102,#4201,#4202,#4301,#4302,#4401,#4402,#4501,#4502,#4601,#4602,#4701,#4702,#4801,#4802
#10,1.0,0.5323765429639251,0.4296440325446852,0.2798763238212114,0.21852273904485653,0.16111372311517344,0.16065153120990686,0.6922933484209771,0.38604817952171105,0.5391420761979138,0.7093769174987449,-0.010499725075504627,-0.055910876650543076,-0.03356310114830782,-0.07042689000629537,0.04939078325590291,0.07684498242873877,0.17200232689717823,0.009049398752081855,0.1624716110575429,0.012071177553411055,0.11363705185315047,-0.17601064635147304,0.15524069838790652,-0.07892165847205732,-0.14220848042457904,-0.08143661994278382,0.358493573141869,-0.046292503725426135,-0.0703376391556232,0.07067392361083441,-0.2945740264086892,-0.12328889384726949,-0.16770075464781772,-0.019386559778147884,-0.06606634844488361,-0.03801926862115405,-0.09920550805249863,-0.008278016399843812,-0.16551410880634956,0.05241256205723211,-0.17161982325144037,0.08205978213229845,0.09737267808333798,-0.12736255767437785,0.31361314537529184,-0.01776729434452422,0.11313979711369124,-0.1381714731968539,0.1542159073703671,-0.08155933986245806,0.13256460725641292,-0.15627983329216105,-0.12178437950736717,-0.08576847373076525,-0.1254038202551618,-0.22522611543641274,-0.10172525081879687,-0.34420865573875004,0.1481611934113747,-0.19268461777526316,-0.1659555817641387,-0.06263178445919562,0.1912087912087912,0.18872092374630445,0.20516061168708014,-0.009793687096080134,0.014831578863486043,-0.009892500537895752,-0.18405756679868354,0.19595343018113143,-0.0011841675365968332,-0.0623210002470336,-0.16283020822542216,-0.18590155312417822,0.04069998167170031,-0.2692379411741268,-0.07301994597136004,-0.1395341424347951,0.0665731657754863,0.1432778968674545,0.022354150562997555,-0.1595629895847445,0.02245615153519432,0.06767923881774499,-0.2039397875511001,-0.24853811887894556,0.08769852337655093,-0.039005809274119646,0.02681031803584378,0.06059017125006973,-0.23098279530476776,0.03955884579524899,-0.2722931890444581,-0.158707137677406,0.01660225199021428,0.12364908478033931,-0.20951955948330134,0.2514005211612173,-0.16312983608125015,0.1443154380065185,0.06582887743148802,0.04750376527026273,-0.03303556487022767,0.0306050729546016,-0.09134983942815705,0.03607646885384376,-0.13408027795264923,-0.08214106415701775,-0.11780793535688387,-0.1336658990030999
#11,0.5323765429639251,1.0,0.11018176891998502,0.20290862147279842,0.18216098622189994,-0.1343018113141391,0.39314362215014864,0.39209970595032234,0.5096940767716692,0.42307293866394663,0.4238443210161847,-0.12735140131804382,-0.2207221350078493,0.006352748049629848,-0.18260245917968906,0.12186725529727706,-0.1959295237032728,-0.022621903115014066,-0.051314457840926295,0.21369522428260646,-0.09511431280829395,0.04043382288487437,-0.4180286718357784,-0.09473499669293722,-0.283376232179713,-0.2553849341376535,0.040162882802476714,0.2929802612181147,-0.13659683318856633,-0.03015244364047845,0.133197332037071,-0.18844042107276335,-0.09479077847460733,0.07997194973264589,-0.07423280128138722,-0.11887575803456876,0.0036800038250364574,-0.015905776601933236,-0.017534604626700347,-0.11451840400353816,-0.09728023970228467,-0.05383101307684339,-0.022080022950218745,0.1138107722589231,-0.010010439161998263,0.257075919004853,0.09582672584848075,0.0857461610180972,-0.10288073058196336,0.07987632382121142,-0.0685398720206552,-0.08042139151638789,0.06684251209269339,0.10156746806493,-0.06799321056028815,-0.08592466271944155,-0.023581349759739897,-0.05218305986978938,-0.03358382009578529,0.13211675923786148,-0.23665978691359402,-0.18865239184310975,-0.001662297093769175,0.11361473914048244,0.1707177521535752,0.27426945788077045,0.09423296065790628,0.17012965279825323,-0.010802540461713776,0.049578847548390696,0.004961391038258333,-0.030037692546757085,-0.1706444389548088,0.0534867597956793,-0.21818326705926416,-0.06259672162500299,-0.24585421829801815,-0.11005745523512021,-0.3161042003681598,0.039636940289587135,0.03002175489485134,-0.1500896492919698,-0.01818007952888301,-0.05504546215206114,-0.1918080469204472,-0.31488656376256086,-0.2452262748129318,-0.1187546318800851,-0.16007777574130003,-0.1665420873542701,-0.017968108758536605,-0.20825729745236635,-0.05731339001824861,0.007992732430730981,0.1007992732430731,-0.2506833268254588,-0.03842727250994111,-0.2731346970650814,0.11431918335471634,-0.31092765102917386,-0.06742901768282479,-0.03131748599478839,0.05457530142084167,-0.2608228609678936,-0.11054674114862657,-0.22222346181737046,0.021973240682450254,-0.15801384981950609,-0.0909657420172286,0.12394552510578616,0.10493350014742328
#12,0.4296440325446852,0.11018176891998502,1.0,0.5806469092908542,-0.011650423543099395,0.4203970069089721,-0.02284821777207564,0.104189211803425,-0.01774816916223733,0.4024336794460072,0.4220688665938847,-0.19416841316768801,0.005525583915721697,-0.18432691311589064,-0.06089617416666002,0.1757954880507455,0.6803257656049534,0.7259457004199571,0.030860075385093513,0.1495350190056499,-0.030614635545745044,0.08822924718501224,0.006048338898230123,0.3221891958657731,-0.1013985289547291,-0.16111212934998287,-0.05272175250420356,0.5232952689080318,-0.16916064356238394,-0.05322378853923451,0.2569643554415128,-0.17203738973137087,0.3257225732932767,-0.0722676888014089,-0.2782729960394935,-0.058693590673286104,-0.12474559523145455,-0.05792061455585749,-0.1602610587382161,-0.22083051104080836,0.06394823450661014,-0.17967311875941316,-0.127976157272749,0.06365816924192559,-0.353122584449633,0.2072611942082573,0.1083537202463961,0.41438213707974403,0.04165783455123557,0.415569492146722,-0.08733036361752823,0.41423710444740175,0.0045326682019938,0.012460056259911227,-0.0731968539075138,-0.07979822932687328,-0.4582680553674027,-0.23767501533998997,-0.42731713536644644,0.055828000860633206,-0.3263600793695065,-0.23349138171473197,-0.2488664345082039,0.34499119444732207,0.23428348301444749,0.24575859238658368,-0.0674401740391588,-0.09113468112742949,0.24561196598905083,-0.08604897640430635,0.41622452964004814,0.3721425782339488,0.005809274119643953,-0.1390528253472416,-0.2374662321000247,0.03037078947158715,-0.3568583700563396,-0.028933213269688975,0.2298623783757939,0.440682450254604,0.015312895951039534,-0.010810509287666649,-0.10084708619879033,-0.018728334754440627,-0.018815991839922223,-0.32777853038911775,-0.27895831507144053,-0.002744463658169242,-0.19109563388026043,-0.18528795352580704,-0.2168062539346078,-0.30930041676959735,-0.1437910892588195,-0.3342524045932313,-0.32637123572584054,0.42888380654878117,0.37072093968395636,0.33233191753858904,0.6368223509630326,0.39222242586999656,0.6857397859573349,0.4703041700866211,0.2430364414410825,0.3824367075998693,0.44878993377905635,0.3968682514005212,0.39750735124194153,-0.26189387117595964,-0.20295802819370623,-0.2796388528078158,-0.33830534947286217
#13,0.2798763238212114,0.20290862147279842,0.5806469092908542,1.0,-0.00847723704866562,0.42566440086382074,-0.12166962841364581,-0.048212990780068375,-0.002865589812652902,0.49678617249320656,0.3064619209651842,0.01614165385013826,0.11152850050602045,-0.2402186645841468,-0.019404091195244205,0.08649363689247663,0.4159264955494107,0.35426372032608433,-0.05278869064220768,0.28908509909235075,0.13309214353449306,0.25298472376064834,0.23626931444190327,0.32821681581652573,0.13262995162922647,0.018776147710157863,0.08660041916024512,0.45687351082565003,-0.047623297659555815,-0.14576098303436955,0.20229342810923667,-0.10304648216178311,0.176962124170246,0.08454446206440405,-0.10460199698778379,0.048466399445369714,-0.015269864290894022,0.0787415630055224,-0.016283498952099386,0.06962203858505527,-0.09310457490297955,-0.06547028026360877,0.006880284327709998,0.15336324299340978,-0.2081027022288806,0.22148236100375332,0.04057885551721665,0.2578903330172366,-0.05675557220154755,0.31582369769461865,-0.006105714445090804,0.3315892229597813,0.06135517854154547,0.008668488871534557,0.17542892205691335,0.03112464040672888,-0.16781231821115794,0.0807082692506913,-0.4049582035078772,-0.026239750097618118,-0.36010646351473036,-0.2554901226402314,-0.07582337894158053,0.25853262038903807,0.09749221047263107,0.29502665572281234,0.05700738710165831,-0.02460135948170756,0.0492043127286057,-0.020722135007849293,0.10488568719170605,0.18411812987592538,-0.07884675150810032,-0.05013825913028234,-0.2968228290925898,0.035945780108216654,-0.3925284287865869,0.07060539170763971,0.28528715664321175,0.278016399843811,0.06871837372199954,0.060614077727928345,-0.21364263003131748,0.1304799623871415,0.1024791017539386,-0.37341759038640837,-0.3035756122050538,0.15344133748774794,-0.14339424172636644,0.04195108734630127,-0.13298695503191515,-0.24601518858226618,-0.14282526755333136,-0.3119986612372399,-0.2951111252779128,0.2624389388711361,0.27041413988477075,0.17973846313222672,0.4321781191976986,0.18322721513439424,0.38142147917347335,0.317114647498984,0.18847070261138427,0.3207038067081577,0.42437185729426485,0.26030648104614745,0.2397500976181179,-0.2723665022432245,-0.19128688570312935,-0.35850154196782186,-0.3679876323821211
#17,0.21852273904485653,0.18216098622189994,-0.011650423543099395,-0.00847723704866562,1.0,0.4011060730422587,-0.06566312585166828,0.2734279498601471,0.2523057797894636,-0.001311668751842791,0.11409924375841707,0.6651849962944959,0.30994589167178,0.1686394823450661,-0.2854608770489844,-0.30267035357680755,-0.12256054315517695,-0.032731155718827946,-0.2977264939556455,-0.10486496824422858,-0.34649570878722435,-0.185715082596881,-0.07466311788284231,-0.033273035883623264,-0.10960323215580649,0.008252516156794619,-0.3368103977241033,-0.21286327885312656,0.386902437663859,0.24536174485413065,0.055818438269489755,0.18965646391317167,-0.025571962482767413,0.23444285953350494,0.3324912940576465,0.1729474296551889,0.2055383340372463,0.17003083935643762,0.0732908860537577,0.33379818151391755,0.16520810588975926,0.2172381643012535,0.2968323916837332,0.2586075273529951,0.14100200017531417,0.05758751763102742,0.08749133390177626,-0.01658312680792739,-0.2934567970100965,-0.26638191395261734,-0.043823761445226275,-0.08906278637968268,-0.47414355043071504,-0.1455888563937875,-0.23367466471164802,0.06931284813808382,-0.12493684705432348,-0.022910374614508046,-0.013475284686307166,0.07887384551634008,0.06841396457059981,0.04163233430818637,0.31744136936305173,0.030050442668281684,-0.21125516977583692,-0.2747699001506108,0.28427670951238754,0.1758640199539402,-0.10542916112169194,0.18392050299229415,-0.011597829291810437,-0.038468710404896043,0.12928623225940122,-0.026225406210902948,0.13034449234594267,0.09675748471977623,0.13414880985584393,0.05130648901497342,0.13435918686099976,0.07081098741722382,0.4706611734893098,0.4121668034648455,0.10473746702898262,0.4527026273219167,0.644300297237208,0.10926694770059527,0.07871765652766378,0.4470686673732359,0.10008845396807688,0.574018439863255,0.5380790348158005,0.1620221692738009,0.3279267505518412,0.15527576122209916,0.17726653332164571,-0.11541728757102217,-0.10598379140801185,0.025815808556925307,-0.08816549657738926,-0.04668616372749803,-0.11541091251025987,0.11682776976468057,0.25274247145168105,-0.04558168445042992,0.12639992349927084,-0.06311628907713027,-0.005437926830240101,0.08131230625791902,0.037402481492401725,0.1482361003753317,0.1001745172883679
#18,0.16111372311517344,-0.1343018113141391,0.4203970069089721,0.42566440086382074,0.4011060730422587,1.0,-0.1823618006359123,-0.05789352054761772,-0.13442771876419446,0.1103889583947597,0.17352437265417686,0.5092159472144969,0.5642821283140355,-0.12050777358971702,-0.17707209396839563,-0.024956769119205666,0.3700898086684889,0.5315063471698714,-0.19968921578783796,0.03762401485389157,-0.1442787814071353,-0.02161145598418985,0.17884595462550504,0.3229637657483923,0.15328992979464334,0.09667301516467579,-0.11493278295308752,0.1315350349433018,0.46246443911418533,0.3365219262246093,0.33644064419989,0.17325502633696976,0.1859589286710389,0.19801894986811594,0.22066316569579802,0.1503032138275068,0.23196933595773334,0.18363203149280016,0.14840025818996086,0.30777040218664586,0.32588832487309644,0.2746089298663628,0.37927148993138843,0.22283068635497932,0.011350795687271395,0.16740750185275202,0.2340077616364781,0.2287068986126274,-0.10608260484982747,0.03627728326785615,-0.03312322195570926,0.2167520659181283,-0.19663078038712556,-0.08268613185219421,-0.1022161304974938,-0.016406218871773622,-0.38958474447959585,-0.08705942353513058,-0.2203220999450151,0.03342444357672784,-0.15778594139725394,-0.11050052195809991,0.08698611033636415,0.11051805337519623,-0.09818868586091212,-0.006387810883822486,0.25233606132808456,-0.016264373769812494,-0.0009451027580106623,0.09961510570647626,0.1484544462064404,0.2240674481428651,0.04090876491166556,0.05325885137342715,-0.1453768856234411,-0.08998717019021588,-0.2287690554550598,-0.06850162165608141,0.34973264588928116,0.41226242937628,0.43583899784044816,0.5465993035246117,-0.0733657930177147,0.3241256205723211,0.4675087059423535,-0.12854194391540294,-0.11306807768011538,0.4060818079672322,0.12139709456605759,0.41933715305724006,0.2621919052665971,-0.077716771987983,0.1988572703583581,-0.24826399126616674,-0.1384392257488704,0.2536317924280216,0.2539919833610914,0.26133127206368684,0.2835340149335798,0.2142721672815944,0.28944050872984883,0.4701957940536621,0.4546804899234196,0.2647817737012806,0.36562726613488034,0.25872068468152587,0.2280375172325861,-0.10342579827713982,-0.19443935325008566,-0.2745977735100288,-0.2699710731617911
#26,0.16065153120990686,0.39314362215014864,-0.02284821777207564,-0.12166962841364581,-0.06566312585166828,-0.1823618006359123,1.0,0.09756233614101635,0.2425359991712421,0.3695335846169784,0.36779478679406163,-0.22512092693383484,0.07900134673158604,0.23591071727402402,0.00276518260564671,0.39950274526054075,-0.06286288041182893,-0.006929691048617807,0.01711066308600754,0.13055965064667022,-0.13740009084461585,0.13554654192797774,-0.3300990525065942,-0.20091003992381803,-0.23264349863334635,-0.08297300958649761,-0.17529982707647682,-0.00602921371594323,-0.09396998940146148,0.13972858178804518,0.22515758353321805,-0.005080923427551419,0.02943365553952936,0.15827363354556973,-0.19615902589071552,-0.05682569786993282,-0.12091737124369467,0.10142881049335001,-0.20466016941723975,-0.12553769653117006,0.0484297428459865,0.02235255679780698,-0.1972332236291627,0.18203507877184455,-0.18887870650017133,0.11156037580983194,-0.019365840830670417,-0.006327247806580657,-0.12621345297197364,0.05813896038696619,-0.16392990620691852,-0.13866394664074141,0.03705822821123764,0.1825307397461132,-0.09355561045191212,0.0721800317159273,-0.19648256022440214,0.1122743826152093,0.0059686506387014,0.03768617169632398,-0.19586577309564981,-0.26341751069814884,-0.08227494043302601,0.023025125708229406,0.0387779008518675,0.05263250165353139,0.20894739777988508,0.3905553474806557,0.19261608587206847,0.1718413566129302,0.2370534469156659,0.1976651339958084,0.20442907346460645,0.10163440620293412,-0.2289698698690722,-0.19353568838702995,-0.20091641498458032,-0.024282606443592664,-0.12702308568878548,0.19005968650638702,-0.05388201356294177,-0.06001004072070062,0.1567276813107125,-0.21676800357003403,-0.2975750862625409,-0.23465323653866077,-0.26443433288973534,-0.19186860999768904,-0.026528221597112097,-0.2728207253225382,-0.14907760839595502,-0.278990190375252,-0.20940640215477055,0.022789248460024385,0.11858409900469363,-0.02303309453418228,0.050852265935659696,-0.25691016742503325,-0.12217325821386735,-0.18708731442596563,-0.22455992158675261,0.013008311485468846,-0.05701376216242061,-0.31961845261337646,-0.26135039724597375,-0.11030289507446868,-0.012184334881941844,-0.18692475037652703,-0.16688155933986246,0.074271051645961,0.16454988086605202
#49,0.6922933484209771,0.39209970595032234,0.104189211803425,-0.048212990780068375,0.2734279498601471,-0.05789352054761772,0.09756233614101635,1.0,0.5652941692100503,0.29393014527169714,0.5034369546334738,0.0563587246690945,-0.04523105610850353,0.2636836694849748,0.010748352445234243,-0.1862713066483915,-0.05244921865661532,-0.09045733092143535,0.12382758648168365,0.14238857589111395,0.04813330252053965,-0.013236219907720996,-0.12018742678641156,0.03845436651818088,-0.03534811816175123,-0.15129134824566295,-0.03953812684777152,0.10717274024018042,0.07297532054602396,0.018741084875965226,-0.07826821474392177,-0.17874873494888,-0.29437161822948626,-0.1806947222465714,0.10753930623401255,-0.006108901975471954,0.00028847149949397954,-0.11055470997457945,-0.03384838511742065,-0.12866147630469602,-0.024097729681486026,-0.20771382352238044,-0.024851580616627754,-0.0223700882149033,-0.12018902055160213,0.0279578289730574,-0.08983098120153958,-0.06571572010295723,-0.2385595550207588,-0.003982819211245607,-0.14557132497669117,0.002542055478966284,-0.30557897504960596,-0.12847500577739882,-0.09883734829347592,-0.05107379929714955,-0.1785654519519639,-0.08486321510251894,-0.2486353385555706,0.03457514204432261,-0.13295029843253192,-0.12042171026942601,0.08424642797376662,0.1157456032002805,0.1530636151375818,0.04099164070157544,0.12338930105427567,0.15930798715425257,0.1715672290001514,-0.00399078803719848,0.21355337918064532,-0.04357354031030608,0.11730271179147177,-0.006403748535728231,0.006301747563531465,0.18601949174828072,-0.13697614930392304,-0.10520922152539267,-0.09835443744073186,-0.0983209683717298,0.15565029604188416,-0.0599048522181227,-0.01784538883886237,0.12857700674959557,0.1171624604547012,-0.08769055455059806,-0.15727593653627012,0.03162508267656926,-0.17932408418267737,0.0073871016583126805,0.130436930726996,-0.10051558303915084,-0.04671485150092837,-0.14425487492927666,-0.06667357298249249,-0.019992190550566186,-0.14109762608674864,-0.2806094558088757,-0.017910733211675925,-0.30909482106001324,-0.042280996740750185,-0.0819689375164357,-0.031084796276964515,-0.05385810708508316,-0.059361378288136805,-0.24488202153176772,-0.15928886197196568,-0.1088589438118082,0.09032982970618939,-0.05058451338364319,-0.020886292822478465
#50,0.38604817952171105,0.5096940767716692,-0.01774816916223733,-0.002865589812652902,0.2523057797894636,-0.13442771876419446,0.2425359991712421,0.5652941692100503,1.0,0.4079704197180629,0.43355035102678324,-0.04676425822183618,-0.16095275283092542,0.17152897863557762,-0.16265011275888724,-0.10206950409996095,-0.08989951310473428,-0.03514730374773885,0.030600291659029874,-0.020655196869845165,-0.02960418841492083,-0.07157280717831842,-0.10504346994557291,-0.04247065479842855,-0.1254277267330204,-0.11680864458239368,-0.09849150124712126,-0.062029341217158473,-0.0940943030863263,-0.10461155957892723,-0.10780865255121963,-0.12650192447146763,-0.3451888213309533,-0.14142753548119755,-0.03942018822366901,0.13345552199794405,-0.054015889838950025,0.019023181314696904,-0.03498473969830025,-0.005337519623233909,-0.15038130832184493,-0.027041413988477078,-0.09204631481643809,0.09661245208743396,-0.04165624078604499,-0.02668600435097897,-0.0699567292750759,-0.17683302918980948,-0.302840886452199,-0.1122186008335392,-0.09307429336435863,-0.09594625823777383,-0.3360294527807218,-0.07761158348540509,-0.003995569332770203,0.07372917148116569,0.04005450676951765,0.023723194861701026,-0.04710373020742854,-0.031121452876347728,0.06354979320896652,0.14789025332897704,0.04816677158954171,-0.0847851206081808,-0.074870307357617,-0.05957813035405494,0.12567794786794062,0.10876809919594546,0.1832001211261545,0.14313923929587455,0.11845659778944768,-0.06280550486496825,0.01654806397373475,0.01472001530014583,0.007441289674792213,0.16012240116663612,0.10888603782004798,0.08988038792244739,-0.20098813441815616,-0.13996127150586904,0.10530644120201771,-0.17451091330714247,-0.1671987186127868,-0.05638741244252484,0.052946473396074556,0.009423933571866857,0.0683024010072596,-0.013907195052952848,-0.2520699025412586,-0.1356740431432237,0.06877574926886022,0.006245965781861359,-0.022913562144889193,0.14695949445768156,0.13606451561491445,-0.07406704970156747,0.019577811601016824,-0.17592458303118202,-0.11421877614771016,-0.2760751938416913,-0.22285299906764736,-0.06764258221836177,-0.06625760026775256,0.0023045844655706876,-0.028313238610555506,-0.2796069775040043,-0.32276295133437993,0.12966395460956737,0.22483086166915028,0.17086597231629863,0.16957980380750504
#51,0.5391420761979138,0.42307293866394663,0.4024336794460072,0.49678617249320656,-0.001311668751842791,0.1103889583947597,0.3695335846169784,0.29393014527169714,0.4079704197180629,1.0,0.6845141805257832,-0.17429894253679606,0.051464271768840296,-0.05405732773390497,0.02322275259186064,0.2960116026105874,0.36455944345719543,0.2376925467570863,0.045562559268143024,0.11074596179744838,-0.03808780052434875,0.23306106511327687,-0.10296838766744495,0.03587406067464081,-0.062416626158468075,-0.08835356086987704,-0.04144905131127031,0.34785678425997496,-0.18696140697591024,-0.08339854489238101,0.16401756329240014,-0.14820263130632963,0.13889344882818414,0.005057016949692802,-0.17827060539170764,0.12210313254548208,-0.1595550207587916,0.044461267521456065,-0.03330012989186303,-0.10386089617416666,-0.003593940504745436,-0.02510020798635737,-0.12913323080110609,0.29912900732335107,-0.24828949150921595,0.12584051191737922,0.005678585374016846,0.04914215588617329,-0.07791599263680482,0.2761771948138881,-0.13507638119675827,0.14749181203133344,0.09091633529632079,0.08258413087999746,-0.002577118313158922,0.03146251862713066,-0.22942090541800478,0.032638717337774625,-0.31637832798093857,-0.038964371379164704,-0.3146283738016878,-0.264083704547809,-0.1137916470766362,0.08742120823339097,0.06641857055200058,0.13765031197953606,0.07355704484058363,0.06775892707727371,0.12136362549705552,0.031049733442771878,0.20142004478480185,0.08330610651132768,-0.057358015443584695,-0.16947780283530828,-0.35646789758464886,0.008435799153710684,-0.31340276837013603,0.08305269784602634,-0.023042657125325727,0.15250260979049957,0.06449330220178662,-0.10414139884770776,-0.20231414705671413,-0.07889934575938927,-0.12647483046322786,-0.37762831801990615,-0.34943620556383426,-0.05847046354660568,-0.15351465068651435,-0.1972220672728287,-0.22660950362183138,-0.3607375945301979,-0.17556120456773103,-0.14776434587892165,-0.1540565308513097,0.17023006000525942,0.1538859979759182,0.010596944752129668,0.24925850074508524,0.039697503366828965,0.18786825936934712,0.20391428730805092,0.09799105897728087,0.12521894349305518,0.13957398656455944,0.1302424913737459,0.19076094319023978,-0.22580783973097243,-0.09512228163424682,-0.2133924088963973,-0.19768585294328586
#52,0.7093769174987449,0.4238443210161847,0.4220688665938847,0.3064619209651842,0.11409924375841707,0.17352437265417686,0.36779478679406163,0.5034369546334738,0.43355035102678324,0.6845141805257832,1.0,-0.040980484345241416,0.11727243025285085,0.025205396488935286,-0.0015810150690498768,0.11785734207779168,0.3006367091936345,0.29600841508020626,-0.0010582600865414499,0.16635880435735403,0.04329463140195555,0.1903991584919794,-0.05437289324163871,0.17016630939763644,-0.03583899784044817,-0.19911546031923116,-0.0630206631656958,0.41279474694993185,0.030216194248101427,-0.06578425200615193,0.14414490513112704,-0.32882882164970634,-0.005418801647953207,-0.1422052928941979,-0.10553913091984159,-0.026424626859724756,-0.06173768218728335,-0.12070221294296711,-0.0013897632461809402,-0.1808891615998215,0.12899297946433552,-0.18112503884802653,-0.021853708293157168,0.07593653627011132,-0.1893233669883416,0.25932312792356305,-0.04203077560582999,0.1956920526898772,-0.10187984604228259,0.3436333065049526,-0.09019117213460941,0.2042776657715019,-0.05734048402648838,-0.02398457235295524,-0.09934257185888803,-0.10858800372941055,-0.37969383770689064,-0.08354198375953271,-0.47775183482217565,0.05807520977934321,-0.18332124728063814,-0.1439600283690204,-0.11996589342492171,0.04606937659874571,0.16157432125524945,0.2863900421550893,0.033397349568488076,0.004256946824024417,0.09462980819035931,-0.09669532787734383,0.33861135238945245,0.1824622078429185,-0.05801624046729195,-0.2014726390360908,-0.25579293802644054,0.029462343312959702,-0.24378072978508075,0.03087601303699926,0.03322522292790603,0.18717337774625664,0.16744893974770697,0.04212162022169274,-0.15726637394512666,-0.016780753691558622,0.04186343026081967,-0.2414123947118871,-0.2717927467746177,0.06978938393006558,-0.17329327670154357,-0.054777709600044626,-0.07654057327733906,-0.3805544709098009,-0.0843038035206273,-0.32836662974443975,-0.20676075193841692,0.12681908374439194,0.17004677700834336,-0.10025898684346835,0.20254364924415685,-0.09601797767134967,0.19328865478249088,0.15852863597606165,-0.006647594609886126,0.032517591183290964,0.028843962419016805,0.034987927228681395,0.08988835674840026,-0.0975400234283483,-0.10530484743682714,-0.1969224394170007,-0.20172764146658273
#53,-0.010499725075504627,-0.12735140131804382,-0.19416841316768801,0.01614165385013826,0.6651849962944959,0.5092159472144969,-0.22512092693383484,0.0563587246690945,-0.04676425822183618,-0.17429894253679606,-0.040980484345241416,1.0,0.5646678194901545,0.12141940727872562,-0.2388783080588737,-0.3098741722382041,-0.09139446485349313,-0.09974260692172222,-0.3237192104487246,-0.022460932830766042,-0.291091649467284,-0.1431344580003028,0.13874204113507957,-0.0022934281092366663,0.05556343583899784,0.1482488504968563,-0.22122257727768968,-0.3032520778713672,0.6165767517471651,0.44266350038648805,0.12064164986572529,0.3273099634230889,0.01913155734765597,0.2579253958514292,0.43512180350468965,0.3450708827068508,0.3068523934368749,0.3105738351568663,0.111593844878834,0.3853899544980038,0.15504466526946584,0.26123564615225237,0.4194805919243918,0.15061877933524054,0.25032313589238897,0.014280136107547275,0.1255217588792643,-0.0734406999816717,-0.1350684123708054,-0.2855580967256094,0.06614763046960291,-0.06441520770744846,-0.4424180605471396,-0.2271896341512005,-0.2159504020272693,0.06862752910613679,-0.11465706157511814,0.10883184980356844,-0.0022535839794723045,0.03523814836360159,0.11136753022177243,-0.004272884475930161,0.4480743332084884,0.06706563921937381,-0.27555562638956405,-0.16622492808134579,0.40923108798380736,0.20854417518666976,-0.17981974515694601,0.286821952521735,-0.0813330252053965,0.05094789184709417,0.11294535776044115,0.10871072364908478,0.10422427463761764,0.003493533297739244,0.06918056562726614,-0.025761620540445777,0.2204336635083553,0.07831921523002017,0.4834909832734343,0.6810573038274271,0.013008311485468846,0.6966857652862004,0.7350604435448526,0.17938624102510978,0.06347488624500952,0.496773422371682,0.28661795057734146,0.7375212169990996,0.5654248579556774,0.19093625736120298,0.2899361697041175,0.025908246937978628,0.13326108264469397,-0.10699264477364549,-0.09918478910502115,0.0006773502059941508,-0.17124528843165537,0.012177959821179545,-0.17214098446875822,0.05048569994182757,0.20903186733498555,-0.03992222425869996,0.1587501693375515,0.03994134944098686,-0.041874586617153695,0.09388233231597988,-0.030004223477755023,0.005369394927045398,0.050450637107634935
#54,-0.055910876650543076,-0.2207221350078493,0.005525583915721697,0.11152850050602045,0.30994589167178,0.5642821283140355,0.07900134673158604,-0.04523105610850353,-0.16095275283092542,0.051464271768840296,0.11727243025285085,0.5646678194901545,1.0,0.36929451983839223,-0.006024432420371506,-0.04639609846281347,0.25859637099666105,0.16038218489269976,-0.03006319278980628,0.1498282718007156,-0.3522699200726757,-0.14435687590147345,0.119148291882157,0.058199523464208015,-0.03504211524516093,0.055241495270501796,-0.18252277092016034,-0.17627680513829896,0.6509893297420491,0.5111714971033318,0.4322020256755572,0.2605407645291619,0.2827737889376758,0.23457195451394147,0.08835196710468647,0.2132170947254341,-0.03304672122656169,0.21793145215915338,-0.13833244348110194,0.12130146865462312,0.2219078963096367,0.2903792364270972,0.16345496418012734,0.04425089051630023,-0.12548828981026225,-0.04278462654097172,0.24918040625074708,0.10746918056562726,0.004935890795209142,-0.0958044131358127,0.06153527400808039,0.03417032568591669,-0.30136665365091764,-0.16376415462709878,-0.384089442102495,0.04657300639896724,-0.4745882109188853,0.0637442325622166,-0.1591055789750496,-0.06411079855604873,-0.14465969128768258,-0.22470336045390432,0.37775103793958037,0.03410179378272199,-0.16214807672385628,-0.2642781439010591,0.5647825705838759,0.3367338969949557,0.20856808166452837,0.4208815115269067,0.2994573229526094,0.2621775613798819,0.3301197714540717,0.19917283586609186,-0.09043342444357673,-0.0012781996828407271,-0.16725450039445688,-0.058786029054339425,0.4041406019651125,0.29789702683103697,0.3649754161719354,0.6287180549689614,0.25597303349297545,0.42859055375371546,0.4039270374295755,-0.08579397397381444,-0.16148028910900558,0.34463259727944284,0.2520874339583549,0.3623712038505367,0.2215907370367124,-0.02455832782156205,-0.058562901927659,-0.05377044999960156,-0.00953549713520707,0.09928360254683677,-0.060924861940090363,0.13223629162715458,-0.04238459147813753,0.25840990046936385,0.05759070516140857,0.35950402027269324,0.24489955294886404,0.09209731530253648,0.13661914590123436,0.3391643889105818,0.13069990198344078,-0.14968802046394505,-0.2436420722135008,-0.1404999641402832,-0.07549665707751277
#58,-0.03356310114830782,0.006352748049629848,-0.18432691311589064,-0.2402186645841468,0.1686394823450661,-0.12050777358971702,0.23591071727402402,0.2636836694849748,0.17152897863557762,-0.05405732773390497,0.025205396488935286,0.12141940727872562,0.36929451983839223,1.0,0.1497151144721848,-0.12981376853748136,-0.17093131668911218,-0.2154770537656687,0.13541904071273178,0.17661468335870076,-0.12788690642207684,-0.23275187466630542,-0.22607399851779839,-0.15984986731904788,-0.22400688506562327,-0.2847038385834615,-0.24352572735458886,-0.34098446875821786,0.07567356501366654,0.11336770553594339,0.010510881431838648,0.010730821028137924,-0.14991114759062546,-0.09327192024798986,0.013397190191969017,0.08159121516626955,-0.2043892293348421,-0.04460948768417949,-0.29301691781749795,-0.1391643889105818,-0.15059487285738193,-0.12016670783893409,-0.08378742359888118,-0.14426284375522955,-0.12979623712038504,-0.15503350891313183,-0.009140243367944601,-0.041211580297874716,-0.08380654878116807,-0.1491477340643403,-0.1878571030130131,-0.2246937978627609,-0.3945811983520468,-0.15763453370414937,-0.2572974523663429,0.04712923045047773,-0.0893114137494123,0.19437560264246267,-0.00433663508355314,-0.0924080995146985,-0.07774545976141335,-0.12649873694108646,0.5120130051239551,-0.07990660535983234,-0.058872092374630446,-0.21407932169353489,0.5957558032975002,0.5219310059049,0.2201611296607671,0.29443536883710925,0.2895998852489063,0.1477866585915897,0.3229382655053431,0.11955310824056292,0.2664839149248141,0.27568312760481,0.07844831021045669,0.044462861286646636,0.11122249758943015,-0.10085983632031492,0.021393110153081145,0.00019922064882180908,0.3057287889775199,0.2748958076006662,0.20196511247997834,-0.008577644255671812,-0.07962929021667238,0.035778434763206336,-0.024295356565117263,0.03002016112966077,0.01471682776976468,0.037812079146379365,-0.09625226115436412,-0.024923300050203604,0.016870004542230792,-0.21891480528173785,-0.3361426101092526,-0.14811338045565747,-0.20481476464072548,-0.013970945660575827,-0.11596235526619864,-0.03201714891345058,-0.14243957637721236,-0.22193658408306705,-0.12337336340236993,-0.06574281411119699,0.0278016399843811,-0.047162699519479795,0.10271497900214362,0.04639609846281347,0.14280136107547275
#101,-0.07042689000629537,-0.18260245917968906,-0.06089617416666002,-0.019404091195244205,-0.2854608770489844,-0.17707209396839563,0.00276518260564671,0.010748352445234243,-0.16265011275888724,0.02322275259186064,-0.0015810150690498768,-0.2388783080588737,-0.006024432420371506,0.1497151144721848,1.0,0.25187705695319906,0.07928503693550829,-0.1250978173385715,0.4126943397429257,0.23847667923084892,0.40958649762130545,-0.016226123405238706,0.056369881025428524,-0.044228577803632194,0.10045980125748073,-0.10771940170054746,0.03765589015770306,0.004108726661300991,-0.012380368000382504,-0.07005873024727267,-0.038765150730342895,-0.24188893050386887,0.016702659197220474,-0.00882308409502028,0.0015236395221891958,-0.17967471252460376,0.0987385348516603,-0.04208815115269068,0.11921841755054229,-0.12034839707065959,0.011623329534859629,-0.010628820055941159,0.1258229805002829,0.053373602467148513,-0.30052673939548485,-0.189385523830774,-0.3097402959621959,-0.07947628875837723,-0.04636103562862084,0.018597646008813522,-0.26331232219557094,-0.023082501255090086,0.13851094518244628,0.05843540071241304,0.2572321079935293,0.0864075735721856,-0.08101108463690045,-0.13269370223684945,-0.15851429208934648,-0.10452709002382679,-0.41461960809313964,-0.4152921770035621,0.22782235893185857,0.28870259544661286,-0.08518037437544326,-0.011521328562662863,0.03843524133589398,0.09059439472782475,0.3677915992636805,0.027661388647610547,0.2563395994868076,0.12241551052283467,0.2064435926654926,0.02296137510060643,0.17499223039469594,-0.0008271641339081513,-0.37878220401788204,-0.18429025651650743,0.19792332395668147,0.03557602658400338,-0.1215644399110679,-0.1958243352006949,0.11984476727043805,-0.33484847277450613,-0.26046267003482376,-0.3981655762656488,-0.4539680768832328,-0.3547753189522588,-0.2097889058005084,-0.22186008335391946,-0.2908366470367921,-0.1440779669931229,-0.34660249105499286,-0.13605335925858042,-0.3577827538668728,0.10249344564065377,-0.16138306943238054,-0.18573898907473962,-0.08098717815904183,-0.07735658105491318,0.011604204352572735,-0.17803154061312146,-0.11513200360190932,-0.049607535321821036,-0.16352349608332203,-0.08043095410753134,0.1633880260421232,-0.49982388894644153,-0.16017180788754393,-0.32528906916144046,-0.14661524117651747
#102,0.04939078325590291,0.12186725529727706,0.1757954880507455,0.08649363689247663,-0.30267035357680755,-0.024956769119205666,0.39950274526054075,-0.1862713066483915,-0.10206950409996095,0.2960116026105874,0.11785734207779168,-0.3098741722382041,-0.04639609846281347,-0.12981376853748136,0.25187705695319906,1.0,0.22568830734167936,0.17866904668935127,0.06815577460972674,0.31500609615185393,0.027406386217118633,0.3499302727729124,-0.12547872721911882,-0.12057152419734,-0.132983767501534,0.11011961207755261,-0.006687438739650487,0.17393078277777335,-0.2202424116854864,0.1273705265003307,0.1848098239686347,-0.01731785256078222,0.20320187426786412,0.22151104877718367,-0.26987066595478487,0.015384615384615385,0.03963534652439656,0.3623457036074875,-0.07208918710006455,-0.0253854919554702,-0.11892675852066716,0.2079481070053949,-0.10178262636565755,0.42538708572066075,-0.20921355656671103,0.07168915203723035,-0.08048673588920144,-0.03233112065599375,-0.11226482002406585,0.12486672138593821,-0.12926073201635202,-0.037574608132983765,0.4060069010032752,0.4028289332132697,0.11256444787989385,0.27388536046984197,-0.3638581867733427,0.06977663380854099,-0.09091474153113022,-0.11089258819498124,-0.40888683470264325,-0.4174246348285507,-0.1286009132274542,0.34634270732892924,-0.001915705759070516,0.11266963638247177,0.07518746663054132,0.13981623887352676,0.2912398696300074,0.2510212050458606,0.24687263425479525,0.19637418419144306,0.03341488098558439,0.15561204567731035,-0.4618412769246707,-0.2850911235247711,-0.42987672226250906,-0.15710062236530692,-0.10362980022153336,0.32369689773605653,-0.10564272565722892,-0.009098805472989665,-0.14789344085935818,-0.3394385165233606,-0.37080062794348506,-0.4792308489190288,-0.4430475977974165,-0.35676115037971456,-0.0852345623919228,-0.2881575277514364,-0.3879128847946832,-0.3779725713010702,-0.2848775589892341,-0.13271601494951749,-0.0884683119635984,0.12843038035206272,0.16289395883304514,-0.058985249703161234,0.12111021683175417,0.010035939405047455,0.05725442070619736,0.04150642685813099,0.01600618380893943,-0.030332539107013362,-0.062303468829937286,0.07086358166851278,0.2030520603399501,-0.4040688825315366,-0.28624341575755646,-0.2522053725824574,-0.0705065782658241
#201,0.07684498242873877,-0.1959295237032728,0.6803257656049534,0.4159264955494107,-0.12256054315517695,0.3700898086684889,-0.06286288041182893,-0.05244921865661532,-0.08989951310473428,0.36455944345719543,0.3006367091936345,-0.09139446485349313,0.25859637099666105,-0.17093131668911218,0.07928503693550829,0.22568830734167936,1.0,0.6666592290957774,0.148680760863502,-0.005053829419311653,-0.1383850377323909,-0.04595940680059607,0.19905649100717993,0.07514124744001466,-0.01109579325677948,0.0038282239877598834,0.03277578114416403,0.3058833842010057,0.054801616077903244,0.12031492800165751,0.3168293635298711,-0.020569133549554145,0.5221652893879145,0.03983297340802779,-0.25569731211500607,0.033910541959853054,-0.11397652383874284,0.03864880587143096,-0.13933173425559212,-0.16293539672800006,0.10960960721656879,0.09277944680410236,-0.18180238905402066,0.08653507478743157,-0.48067320641649863,-0.15501278996565437,0.17308130593119717,0.3263425479524102,0.129024854768147,0.21333184581915546,0.07731992445552997,0.2894452900254206,0.1613846631975711,0.10309588888269092,-0.15390671692339566,0.033163066085473626,-0.5686299197539226,-0.29287985401110855,-0.4114735156069456,-0.17676449728661475,-0.17496035509088445,-0.16220704603590752,-0.18154260532795702,0.2211508578441138,0.08009148212193898,-0.003933412490337799,-0.029097371084318147,-0.10958251320832901,0.3916582329925332,0.11130218584895887,0.3846902915793416,0.31549697583055086,0.026591972204735078,-0.09775836925945701,-0.4324299340978094,-0.09175306202137239,-0.2803146092486194,-0.08192749962148077,0.3785048888747221,0.3523257018543458,0.07190590410314848,0.15288670720142802,-0.007608635019802533,0.007184693479109723,0.02224896206041964,-0.21920805807680355,-0.2114623592506116,-0.10259066531727881,-0.08332204416323342,-0.15120847245575308,-0.31119699734638095,-0.24665428842368653,-0.3597048346867056,-0.18755588139199453,-0.24563746623210003,0.5597733665899003,0.23872849413095967,0.5693391452637283,0.54243320131645,0.6162898740128617,0.637772235016615,0.5870905019563468,0.292814509638295,0.5734446843946481,0.4968562981615918,0.5695431472081218,0.3866219349903179,-0.15728390536222298,-0.09813609160962315,-0.2641952681111492,-0.21968937516435705
