,#10,#11,#12,#13,#17,#18,#26,#49,#50,#51,#52,#53,#54,#58,#101,#102,#201,#202,#301,#302,#401,#402,#501,#502,#601,#602,#701,#702,#801,#802,#901,#902,#1001,#1002,#1101,#1102,#1201,#1202,#1301,#1302,#1401,#1402,#1501,#1502,#1601,#1602,#1701,#1702,#1801,#1802,#1901,#1902,#2001,#2002,#2101,#2102,#2201,#2202,#2301,#2302,#2401,#2402,#2501,#2502,#2601,#2602,#2701,#2702,#2801,#2802,#2901,#2902,#3001,#3002,#3101,#3102,#3201,#3202,#3301,#3302,#3401,#3402,#3455,#3501,#3502,#3601,#3602,#3701,#3702,#3801,#3802,#3901,#3902,#4001,#4002,#4101,#4102,#4201,#4202,#4301,#4302,#4401,#4402,#4501,#4502,#4601,#4602,#4701,#4702,#4801,#4802
#10,1.0,0.5708181593605814,0.0907728964291691,0.5250755046259035,0.40413741443473133,0.19238180238905403,0.37096478575811426,0.7724852377499223,0.33189203834599046,0.5543067519862299,0.6151439568408387,0.3279076253695543,0.12809728342723267,0.2671851716086669,-0.022846624006885065,0.1674664711648033,0.159017921889568,-0.2626397532851485,0.13138203348500666,0.24038760369434772,-0.08152268326307485,0.09769939994740574,-0.14670289826199906,0.14495453784793885,-0.1648048832965439,0.0776801153885998,-0.38166054395205956,-0.37973846313222676,-0.02905593318936321,-0.05467570862784786,-0.13625736120297396,-0.25647028823243473,-0.2545466136474113,-0.26827371323382926,0.04252324904971751,-0.05799392775462391,-0.23159480113794834,-0.1531241782148236,-0.28860218823960665,-0.30636470128855914,-0.21595358955765048,0.028021579580680377,0.040916733737618435,0.006158308696379762,-0.02436229470312139,-0.051518459785319826,-0.23879065097339208,-0.32243463570512154,-0.3059439472782475,-0.43683350731936665,-0.26663851014829987,-0.29420905418004767,-0.446450286479293,-0.3309676545354573,-0.26146992963526683,-0.2306799799185586,-0.21137310839993945,-0.08449824287387739,-0.2132665014463419,-0.34050155790547376,0.1985146108423846,0.24707663619918876,0.23616890723489709,0.07406067464080517,0.03080429360342341,-0.12226569659492068,0.13010702133254706,0.4212847341201221,0.16203013809975375,0.02348253631792428,0.2989202240833858,0.16097028424802173,-0.0025739307827777735,-0.03785192327614373,0.11534238060706516,-0.04540477651427615,-0.01952043605415614,-0.2705655475778754,0.20167664098048435,0.2018471738558758,-0.005291300432707249,0.07834630923825993,-0.014001227199196742,0.3590306720110926,0.4112838575492673,0.1577508785630613,-0.14479356756369083,0.028850337479779106,-0.005568615575867207,0.29918478910502116,0.12343073894923061,0.2428802524524062,-0.022044960116026104,-0.010741977384471945,-0.1450692889416602,-0.003176374024814924,-0.09356357927786499,-0.17184295037812078,-0.33666377132657044,-0.12544525815011676,-0.4147487030735762,-0.016041246643132067,-0.08088836471722621,-0.04575699862139311,-0.29826199905967854,-0.11255807281913156,-0.38367665691813624,0.14600323534333687,-0.004757389093864801,0.09074261489054818,-0.1682904477683303
#11,0.5708181593605814,1.0,0.1941381316290671,0.37498744909912424,0.3214018758616293,0.35794053662073966,0.6206265090964148,0.5070755205635554,0.6134816597470695,0.607951294535776,0.6036305971041287,0.3979440429041589,0.42819689375164355,0.23541824383013651,0.12058268055367402,0.2670879519320419,0.15791503637769047,-0.018449425846090096,0.1085720660775048,0.1153774434412578,-0.01267521456063878,0.2027349010670258,-0.006330435336961805,0.23590752974364287,-0.06912478384559603,-0.03886237040696794,-0.4524109682920415,-0.3948999513901617,0.048820215317677246,0.046474192957151626,0.1060873861453992,-0.10617982452645251,-0.23549793208966524,-0.20115069846759476,0.039665628063017475,-0.04877877742272231,-0.09761014909673357,-0.07257369171799918,-0.3512403477595646,-0.24940672090780866,-0.20880077138235223,-0.07674616898692316,0.059680131326251704,0.06169943182270956,-0.08369339145263728,0.012396305652288248,-0.26529974738821727,-0.34462462845348996,-0.270589454055734,-0.26832949501549935,-0.32046792945995267,-0.3294758903170796,-0.397913761365538,-0.21037859892102095,-0.3172931492003283,-0.18238251958338977,-0.19617018224704955,-0.04066651260269825,-0.3399819904533465,-0.2878323996525592,0.021880802301396936,0.0325590290782459,0.18731044155264606,-0.057018543457992336,-0.04163870936894867,-0.2087226768880141,0.12320442429216903,0.3217222226649348,0.21904071273179324,0.05414498481938656,0.3170078652312155,0.1777924758345353,0.15175991521169185,-0.07242387779008519,0.1269019595343018,0.07463283634422141,-0.10744049279219693,-0.23468511184247226,0.21800476535791982,0.26326610300504427,0.008788021260827642,0.23083935643761605,0.0668919188136012,0.1620843261162333,0.2874498960068213,0.09578847548390695,-0.16994796356652775,-0.13361649228219205,-0.11793543657212983,0.11160818876554918,0.12217803950943908,0.08302241630740544,0.05016854066890325,0.022889655667030575,-0.2298496282542693,0.03028153862091498,-0.00026456502163536247,-0.1924391779359147,-0.25521918255783377,-0.286908015842026,-0.41329359545458166,0.05843221318203189,-0.014144666066348444,-0.25695957414594106,-0.26201977862601505,-0.32571779199770495,-0.35748471977623536,0.0015061081050928766,0.003345313135015818,-0.015709743483492578,-0.23291125118536285
#12,0.0907728964291691,0.1941381316290671,1.0,0.49880547298966443,0.2072101937221589,0.4024846799321056,0.02382519583389779,-0.06234490672489222,0.14335599136179267,0.41016662815067456,0.2578010821665644,0.26674369865087777,0.2948545290822303,-0.11081130617026194,-0.20641012359649052,-0.1773796906501765,0.7425686713576489,0.5607439695909602,-0.01251105674600961,-0.11071727402401804,-0.08861015706555952,0.15489803887193299,0.17280080325765604,0.16131931882475756,0.17829929316513798,0.24024735235757716,0.26407732948704665,0.14931029811377888,0.31282104407557637,0.04595781303540549,0.3583198527360964,0.15888085808317862,0.2806524874690212,0.2608595175672768,0.08963972937867064,-0.12815306520890277,-0.18729291013554972,-0.04950712811481484,-0.10603001059853852,-0.04950234681924312,0.0203970069089721,0.1801161854823929,0.0026695566942122415,-0.0610539569205269,-0.07016391874985059,-0.17577955039883975,0.16914629967566877,0.12776578026759317,0.016972005514427558,-0.09906366295053749,0.20542517670871552,0.11256285411470328,0.14105459442660312,0.07510937213620317,-0.11294854529082231,-0.21953318617568074,-0.41939612236929136,-0.2705002032050618,-0.15213445003147685,-0.13517360087338331,-0.07633338380256437,-0.02544605503271203,0.03308815912151663,0.09685151686602013,0.45190733849182,0.33349058483213667,-0.1904405963869343,0.0016607033285786004,0.027774545976141336,-0.19816876379602993,0.2879009315557539,0.4929818549833053,-0.21971168787702508,-0.1263218290049327,-0.3286327885312657,-0.18588720923746305,-0.3437034321733379,-0.22402282271752902,0.29780458844998364,0.3215038768338261,-0.018965805767836224,0.3231327048585932,-0.03675541282502849,0.020862386344619847,-0.06364382535521042,-0.27049701567468065,-0.17739084700651053,0.13064730773215183,0.08828821649706349,0.11022480058013052,-0.11414865047932488,-0.2666401039134904,-0.13622548589916247,-0.23381810357879973,-0.10473587326379205,0.42341559817992014,0.39549761333662714,0.48149718302002564,0.6127612778809298,0.23258293555610451,0.22490895616348844,0.4683518077281674,0.35896532763827904,0.234626142530421,0.28712954920351585,0.2695009124305716,0.19982946712460853,-0.13694746153049273,-0.1349568488074652,-0.05410035939405047,-0.10578616452438062
#13,0.5250755046259035,0.37498744909912424,0.49880547298966443,1.0,0.1941301628031142,0.23543418148204226,0.08830415414896924,0.30983592187363035,0.21549936647833676,0.6579142394950952,0.35481356931683256,0.22020575508610316,0.20793376311867973,0.18728016001402514,0.12574488600594474,0.09029636063718732,0.5305054626301907,0.03340691215963152,0.24419192120424899,0.13480384734917006,0.07947628875837723,0.12960339153232553,0.06547346779398991,0.1266979575899083,0.05970085027372917,0.19667540581246165,-0.044056451163050146,-0.233139159607615,0.24934615783056682,-0.06898134497844433,0.029275872785662488,-0.19101116432515997,0.05037573014367793,-0.06367729442421248,0.14706149542987831,-0.04575540485620254,0.11215325646072564,-0.12625648463211914,-0.021036106750392466,-0.16670146387332754,0.10179218895680099,0.09336276486385262,0.1655619217620668,-0.03057638518117126,-0.05884818589677183,-0.14467244140920718,-0.10017770481874905,-0.2059367753348899,-0.2828678210839197,-0.35214082509223915,-0.130811465546781,-0.18406075432906469,-0.22460932830766042,-0.08375714206026026,0.0389022145367323,-0.10994270414139885,-0.26538421694331776,-0.01736088422092773,-0.3061431679270693,-0.3552646048657651,-0.05222927906031604,-0.04058044928240722,0.41109101196120773,0.06886978141510411,0.13668130274366677,0.0110320426491565,0.1702380288312123,0.22479739260014822,0.26485827443042814,-0.0016224529640048132,0.36127947469499316,0.3327415151925667,-0.0839483938831292,-0.014570201372231828,-0.03968794077568552,-0.11488496999737029,-0.35469881822311117,-0.4241790117062053,0.2867438580273968,0.36263098757660034,-0.2784339663237415,0.0492043127286057,-0.029726908334595063,0.3129294201085354,0.24886484074301332,-0.24761532883360293,-0.3370223684944497,-0.04241965431233016,0.09356357927786499,0.1090215078612468,0.06385101482998509,-0.00698069153471619,-0.0984946887775024,-0.3553283554733881,-0.11847731673692515,0.10984548446477381,0.27361601415263487,0.09909872578473014,0.14892779446804102,-0.08473890141765414,-0.2076054474894214,0.2365689422977313,0.09004295197188598,0.09575341264971432,0.0329463140195555,0.10765246356254334,-0.18627927547434436,-0.18497398178326388,-0.13932535919482983,-0.13341886539856082,-0.1571069974260692
#17,0.40413741443473133,0.3214018758616293,0.2072101937221589,0.1941301628031142,1.0,0.24659213158125412,0.09584425726557706,0.24473698889942544,0.1394273601670266,0.24569165424857956,0.16275370749627457,0.6356174644789583,0.2509287666648073,0.31619026368845077,-0.25247790643004564,0.045965781861358364,0.14423734351218034,0.015787837977830725,0.04923300050203604,0.19937683781048537,-0.26657157201029574,-0.07996398090669302,-0.23266899887639553,-0.04830702292631227,-0.12026073998517799,-0.10071002239240093,-0.17582895711974755,-0.12573372964961071,0.1850648263991266,-0.08134258779653994,0.18726262859692883,-0.087881806373467,-0.01006622094366837,0.015477053765668705,0.16296886579700212,-0.07503605893743674,-0.08782283706141575,-0.37071137709281293,-0.20903664863055726,-0.25866171536947463,-0.24777470535266038,-0.06337288527281276,0.4538756385021795,0.027076476822669716,-0.15308911538063097,-0.07892803353281962,-0.04999163273274949,-0.1079855604873734,-0.1731609941907259,-0.30424818111547625,-0.21216361593446437,-0.1888117683621672,-0.3736072484440867,-0.2088724908159281,-0.49017523448270367,-0.3257799488401374,-0.2331519097291396,-0.10385452111340436,-0.17137597717728248,-0.1743387866665604,0.2058873686139821,0.27003482376941407,0.1624907362398298,0.2758456916542486,0.1465435217429416,-0.012697527273306823,0.10983592187363035,0.4394440947015276,-0.05552040417885233,-0.08823084095020281,0.0659547848815434,0.11790674879869949,0.0019842376622652186,0.11207516196638749,0.050705639538126845,0.13715783853564853,0.1484114145462949,0.007747292591382512,0.2301683812923842,0.187363035803935,0.28282160189339306,0.5216632533528835,0.09089242881846217,0.431427455792938,0.6405166986747842,0.24012622620309348,-0.0015778275386687279,0.2589756871120178,0.1761939293483891,0.6538756385021794,0.35297277052171905,0.2736032640311103,-0.0817442166245647,0.012861685087935995,-0.3113452175091044,0.10145431073639921,-0.027581700388081824,-0.06389245272494004,-0.06080532955079728,-0.013432253026161656,-0.20029644032544686,0.1874140362900334,0.14522388416514595,-0.1139478360653125,-0.05972953804715951,0.016517782435113836,-0.12969901744376,0.35328992979464335,0.20115388599797593,0.1353250085664879,-0.16182135485978852
#18,0.19238180238905403,0.35794053662073966,0.4024846799321056,0.23543418148204226,0.24659213158125412,1.0,0.1301245527496434,0.09520356365896612,0.39838870339232924,0.296634764800102,0.2053199882061376,0.38850257791519577,0.5086485668066524,0.2124552749643395,-0.11098662034122513,-0.06689510634398234,0.2836551410880635,0.512717449338189,0.037286136633489786,-0.1395213923132705,-0.1813641036266127,-0.03881136992086956,0.01053319414450669,0.032404433854760176,-0.00628580991162572,-0.01938815354333846,-0.07411326889209413,0.03584537290121047,0.10749627457386703,0.5017029381061289,0.21464510833618883,0.22063766545274885,0.00864458239367594,0.04168811608985648,0.12184494258460901,-0.051599741810039124,-0.057966833746384144,0.04683438389022145,-0.2324092151503319,-0.10317398337702906,-0.14320617743387867,0.028639960474623274,-0.021817051693773955,-0.16082365785048888,-0.022806779877120705,-0.026872474878276185,0.005656272661348803,0.01972762552893082,-0.07176405900118736,-0.1337949939835364,-0.04151280191889329,-0.03235183960347122,-0.1555467013044968,-0.08234506610141128,-0.3850536700427926,-0.37120066300631926,-0.3859716787925635,-0.3471698714628374,-0.13149519081353744,-0.181445385651332,0.07170987098470782,0.05633641195642646,0.14668058554933103,0.10349751771071568,0.30919204073663825,0.1958737419216027,-0.02646925228506084,0.0643689885169218,0.07090980085903943,-0.060092916510610495,0.1608093139637737,0.23422770123277736,0.04389229334842098,-0.19953621432954283,-0.09597016471563245,0.0034473141072125842,-0.09324960753532183,-0.2218760210058252,0.09328945166508618,0.36081409525934544,0.31456781072444595,0.6381738638446398,0.3525312975639299,-0.2181242977472129,-0.021141295252970378,-0.0709496449888038,-0.19639968443449227,0.07255137900533115,-0.03687016391874985,-0.008091545872546598,-0.015084987528787383,-0.2846050251416459,-0.006625281897218083,-0.18590633441974994,-0.15649180406250748,0.1806835658902374,0.12223541505629976,0.0424738423288097,0.11514794125381507,0.029245591247041573,0.08419383372247767,0.1056682259002781,0.37192582616803066,-0.10184956450366167,0.1217827857421766,-0.14706627672545003,0.12530660057853676,0.028879025253209446,-0.029164309222322275,-0.03360613280845333,-0.14157734940911157
#26,0.37096478575811426,0.6206265090964148,0.02382519583389779,0.08830415414896924,0.09584425726557706,0.1301245527496434,1.0,0.38504410745164913,0.46218871773621595,0.47689120161926546,0.5429942066635323,0.2747396186119899,0.28044211046386536,0.2124999003896756,0.23328419223995728,0.3642327215931277,0.1263409541872196,-0.05681613527878938,0.05806564718819976,0.2139295077656209,0.1369809305994948,0.18559873773796906,0.026102686291228715,0.022889655667030575,-0.10463068476121413,-0.3020551602132458,-0.3132465793814597,-0.36554598411016104,-0.08154180844536174,-0.003315031596394903,0.12319326793583502,-0.09797512132537513,-0.19637418419144306,-0.1959056172254142,-0.08218887711273498,-0.013574098128122783,-0.19594546135517854,0.005807680354453378,-0.42204974141159785,-0.2781598387109627,-0.1789654870147981,-0.07038863964172158,-0.2655563435838998,0.044952147200153,-0.1135541760632406,0.002256771509853453,-0.31341870602204175,-0.3737602499023819,-0.29089402258365277,-0.2822765341982166,-0.06596434747268685,-0.13259329502984327,-0.20820629696626797,-0.2074221644925053,-0.1583740407525759,-0.014077727928344316,-0.04243877949461706,-0.02706053917076397,-0.3393667970897848,-0.3268334276311071,0.0505526380798317,0.04571715449162875,0.002403397907386305,-0.20416132091258996,-0.2136282861446023,-0.21809082867821084,0.11979854807991139,0.14226904350182087,0.19623074532429138,0.2531552566360398,0.265593000183283,0.1406179027643857,0.22164970634876363,0.02724541593287061,0.17081497183020025,0.03224983863127445,-0.07513327861406179,-0.22655690937054243,0.02703185139733363,0.043119317230992354,-0.0022711153965686236,-0.022991656639227344,-0.009661404585262453,0.21603487158236978,0.19841260987018783,0.13913570113715146,-0.056781072444596736,-0.010694164428754711,-0.15819553905123157,-0.08247097355146667,-0.1561029253560073,0.004056132410012033,-0.06632135087537554,-0.059887320801026385,-0.23343559993306187,0.012401086947859971,-0.24159727147399374,-0.0967351720071082,-0.3170317717090741,-0.17077194017005476,-0.3540660934424531,-0.02406585437767454,-0.05435217429416124,-0.07621703894365243,-0.2640566105395692,-0.20928208846990573,-0.3418817585605113,0.01744535377602818,0.0271211022480058,-0.08147487030735762,-0.27531018655021555
#49,0.7724852377499223,0.5070755205635554,-0.06234490672489222,0.30983592187363035,0.24473698889942544,0.09520356365896612,0.38504410745164913,1.0,0.4977854632676968,0.5135398321765254,0.6108854162516236,0.40735841388488236,0.3121389125740105,0.2875997099347353,0.22751635601526826,0.22693144419032743,0.06557865629656782,-0.26777486472917944,0.30608260484982747,0.2706484233677852,0.1342205292894198,0.10330785965303732,0.10302257568392449,0.1204344603909506,0.01222896030727793,-0.047543609400027095,-0.5067567675254405,-0.6384910231175641,0.04198136888492218,-0.08103658487994964,-0.09875287873837547,-0.28791846297285023,-0.313294392337177,-0.31879447600984945,0.01060491357808254,-0.15688546406457937,-0.10698786347807378,-0.2358931858569277,-0.26459052187841164,-0.37375068731123845,-0.17163416713815555,-0.04325000597661947,0.015070643642072213,-0.010306879487445115,0.10878244308266063,-0.12342914518404004,-0.511923754273283,-0.5551610101283778,-0.5158555729984301,-0.5361697041174923,-0.3245734685908725,-0.3256970730502275,-0.4324968722358135,-0.41129023261002956,-0.12834112950139057,-0.2303102263943453,-0.10238825713807585,-0.06845540246555475,-0.23986644247702985,-0.3810262254062109,0.0016272342595765367,0.005482552255576186,0.22874833650758233,-0.10377961414944736,-0.014225948091067742,-0.24590362501892596,0.17282470973551467,0.3495477691271745,0.32604610762696334,0.1409749061670744,0.42967750161368723,0.17358971702699041,0.19689853293914208,0.04109842296934393,0.12567794786794062,-0.08966522962171983,-0.1671668433089753,-0.4305572599988844,0.35520085425814213,0.07287969463458949,0.07495637067790803,0.01872514722405948,-0.04436404784483102,0.496260229980317,0.3323526364860665,0.04645984907043645,-0.2886324697782276,-0.05614356636836695,-0.19918558598761643,0.27343591868609995,0.07639075934942505,0.16851676242539188,0.07226290750583717,0.016434906645203962,-0.08517399931468096,0.10463387229159528,-0.18782363394401103,-0.2298368781327447,-0.41199148929388235,-0.2642956753181554,-0.45661691462996756,0.1224824486608388,-0.07470455577779726,-0.11633051502522133,-0.2369610085346126,-0.2663659763007116,-0.5169329582672585,-0.06578584577134251,-0.16133047518109156,-0.09457721393907036,-0.22319565858362087
#50,0.33189203834599046,0.6134816597470695,0.14335599136179267,0.21549936647833676,0.1394273601670266,0.39838870339232924,0.46218871773621595,0.4977854632676968,1.0,0.5627027070101762,0.48794077568551825,0.3518619161838886,0.38400337878220403,0.32812278367028186,0.2138657571579979,0.06115755165791424,0.17225254803209844,0.1365298950505622,0.14461187833196534,-0.03913171672417503,0.051550335089131316,-0.02815386209149806,0.20616468375714206,0.10346882993728534,0.15703527799249337,-0.03162827020695041,-0.24428754711568346,-0.3931547785064826,0.15614755078134337,0.28540190773693314,0.031470487453083534,-0.17006430842543968,-0.0497222864155424,0.030963670122480854,0.008413486441042641,0.04877877742272231,0.000849476846576194,-0.06862912287132737,-0.2696937580186311,-0.16893114137494122,-0.16759237861485868,0.02710675836129063,-0.14329861581493197,-0.05845611965989051,0.04339503860896174,-0.13233351130377963,-0.27784586696841956,-0.33602148395476894,-0.27453561666759635,-0.23242037150666592,-0.16397453163225462,-0.22942728047876706,-0.20795288830096662,-0.3247535640574074,-0.1073416793503813,-0.16515232410808917,-0.032348652073090074,-0.04866243256381037,-0.25370351186159745,-0.20908127405589336,-0.15331543003769255,-0.19203754910788992,0.10552159950274526,-0.1326347329247982,0.0188861175083075,-0.2213452971973639,0.028080548892731635,-0.006537624811736487,0.21659587692945198,0.04387635569651523,0.2534453219007244,0.12596482560224403,0.23914924814127134,-0.151602132457825,0.05531799599964937,0.03919227980141686,-0.1596315214879392,-0.2548956482241471,0.17214895329471108,0.11278279371100255,0.08464327550621967,0.1895735881232618,0.09268860218823961,0.004139008199921906,0.0789344085935819,-0.1330953310648742,-0.28893687892962727,-0.018535489166381116,-0.2111451999776873,-0.15108256500569772,-0.060792579429272686,-0.12004876921483158,-0.02155408043732917,-0.09767549346954713,-0.15056299755357044,0.2120934902660791,-0.05406848409023898,-0.07612938185817084,-0.10996501685406689,-0.16949214672202345,-0.2184239256030409,0.30756480647706175,0.14784084660806923,-0.15365649578847548,0.007841324737626406,-0.22998828582584926,-0.2966650463387229,-0.1186303181952203,-0.1738463132226729,-0.20579174270254763,-0.20948449664910868
#51,0.5543067519862299,0.607951294535776,0.41016662815067456,0.6579142394950952,0.24569165424857956,0.296634764800102,0.47689120161926546,0.5135398321765254,0.5627027070101762,1.0,0.7464526771270789,0.4159695272095562,0.4910023986166118,0.284649650566982,0.2799480432547873,0.22029978723234706,0.5455729187418817,0.09573269370223685,0.11909569763086804,0.012045677310361864,0.08506402951653133,0.1175130887966276,0.20819832814031508,0.11445465339591518,0.06721864067766896,-0.07684179489835763,-0.2289013379658775,-0.4286080851708118,0.2679422100741898,0.06218712397102535,0.13693789893934927,-0.09706030010598539,0.024747985879240413,0.029749221047263106,0.045450995704802814,-0.03570830909482106,0.019187339129326075,-0.11609623154220688,-0.22269202878339933,-0.21389603869661883,-0.0422427463761764,0.0909912422602778,0.026933037955518012,-0.03401732422762154,-0.002749244953740965,-0.12831562925834136,-0.27717489182318766,-0.35636749037764265,-0.3463219883814518,-0.3215628461458773,-0.12043605415614117,-0.1515766322147758,-0.2088597406944035,-0.15295205157424158,-0.09696148666416977,-0.20278908908350532,-0.23767501533998997,-0.12688602188239606,-0.3268876156475866,-0.3568137446310035,-0.09304560559092828,-0.10407446070970364,0.24903696738359538,-0.001287762273984174,-0.06298400656631259,-0.2591940329431265,0.018349018639083902,0.12500219142713703,0.17708165655953909,-0.047156324458717494,0.36873351449131,0.26916144044497925,0.05956856776291149,-0.1584377913601989,-0.10787080939365204,-0.13798181513917554,-0.33719449513503175,-0.4054124265871909,0.35998533736024674,0.22465873502856823,-0.09109961829323686,0.10906772705177346,0.07579150363776904,0.2929961988700205,0.19776235367243344,-0.13461578305668226,-0.30861191020726914,-0.045068492059064935,-0.017311477500019923,0.08901975471953717,0.006367091936345018,-0.09942704141398848,-0.09926447736454988,-0.28349417080381545,-0.22419813688849222,0.24167695973352246,-0.0022599590402346023,0.09612635370430875,0.011025667588394203,-0.11438771525791105,-0.2776291149025014,0.3600427129071074,0.16790475659221127,0.12331598785550925,-0.09540597183816908,-0.01588505765445577,-0.2846241503239328,-0.15149056889448478,-0.18286543043613385,-0.16937261433273035,-0.2532492887822837
#52,0.6151439568408387,0.6036305971041287,0.2578010821665644,0.35481356931683256,0.16275370749627457,0.2053199882061376,0.5429942066635323,0.6108854162516236,0.48794077568551825,0.7464526771270789,1.0,0.34249535815888243,0.43916199826279595,0.14429312529385047,0.23590912350883345,0.21723657053606293,0.4134768784514977,-0.04645984907043645,-0.0005641928774633633,0.030641729553984812,0.07345504386838687,0.1415311302185849,0.26266684729338824,0.1936249392377021,0.06321032122337417,-0.06120217708325033,-0.2222091179306553,-0.3683637609670967,0.05434739299858952,-0.08717417462885194,0.026571253257257607,-0.19394847357138872,-0.08687295300783336,-0.017644574424849988,-0.1272525878762282,-0.16803703910302895,-0.18015602961215724,-0.08443927356182614,-0.3286200384097411,-0.2988325669979042,-0.239334124903378,-0.08574934854847835,-0.09252922566918216,-0.08865159496051447,0.003833005283331607,-0.17306855580967256,-0.27467268047398574,-0.32395827522731074,-0.3041828367426627,-0.28224784642478623,-0.13980667628238333,-0.17813832288088996,-0.2188494609089243,-0.18342006072245376,-0.08414283323637928,-0.21918255783375434,-0.18502179473898112,-0.1621273577763788,-0.29590163281243775,-0.3640207508227813,-0.05449720692650352,-0.08541784538883886,0.0854592832837938,-0.024834049199531433,-0.09947485436970571,-0.19531433033971105,0.004250571763262118,0.20605949525456416,0.15369474615304926,0.16144522627481292,0.39000071719433577,0.2358804357354031,0.13882332315979887,-0.1477739084700651,-0.035920279865167465,-0.135755325167943,-0.19632318370534468,-0.3261385460080166,0.3043007753667652,0.060300105985385176,-0.0910725242849971,0.052533688211715765,0.012597120066300631,0.2531680067575644,0.1594004255353059,0.003974850385292735,-0.290301141932759,-0.09033620476695169,-0.16600020718947478,0.17318649443377507,-0.007227725139255233,-0.08609041429926129,-0.08673429543625338,-0.15608220640852982,-0.1905043469945573,0.2767573253432572,-0.14047765142761517,0.01173808062858099,-0.0917897186207556,-0.16431081608746584,-0.3322091976189148,0.18400337878220402,0.052275498250842704,0.10819912502291038,-0.2258795591645483,-0.07738208129796237,-0.28831531050530324,-0.09167656129222482,-0.11096590139374767,-0.18388544015810152,-0.2601152292232785
#53,0.3279076253695543,0.3979440429041589,0.26674369865087777,0.22020575508610316,0.6356174644789583,0.38850257791519577,0.2747396186119899,0.40735841388488236,0.3518619161838886,0.4159695272095562,0.34249535815888243,1.0,0.5553156053518635,0.18007952888300965,0.07268366151614883,0.20166389085895975,0.2989425367960538,0.04805202049582035,0.16911761190223845,0.17915514507247648,0.09824128011220107,0.09323685741379723,0.04772529863175259,-0.003012216210185753,0.0009259775757237686,-0.2397134410187347,-0.19777510379395805,-0.3729346795336643,0.12373036680505861,-0.04462701910127581,0.05623919227980142,-0.13612348492696572,-0.1798022137398497,-0.07753827028663866,0.0816071528181753,-0.12843038035206272,-0.081525870793456,-0.24325638103738176,-0.3145231852991099,-0.35853660480201455,-0.1934878754313127,-0.1699814326355298,0.22902724541593286,-0.005192486990891632,-0.10012829809784124,-0.1740774091753062,-0.26715807760042715,-0.3363944250093634,-0.33779853214225947,-0.4317143335272414,-0.24875646471005428,-0.29542828455083714,-0.2979145582481333,-0.3009984938918949,-0.18996565436014312,-0.20486098383125215,-0.19937843157567595,-0.15023468192431208,-0.33810612882404034,-0.37690156109300416,-0.019080556861557588,0.0036369721648909464,0.10179697025237272,0.12204416323343081,0.030444102670353575,-0.11594482384910232,0.03168723951900167,0.31531847412920655,0.1373156212895154,0.07635729028042298,0.29337870251575837,0.38258652152778333,0.29203037716453234,0.27295778912892765,0.0703440142163855,0.09129246388129637,-0.13254229454374486,-0.2920271896341512,0.3644813489628573,0.16265489405445896,0.49205587740758155,0.5880690737833595,0.004091195244204671,0.4510706117667684,0.47135286758201916,-0.06456024033979074,-0.2362358453729012,0.045046179346396896,0.03671397493007355,0.42002087832399654,0.1466503040107101,0.023713632270557578,-0.010381786451402114,-0.19765397763947437,-0.3126489174349943,0.19184789105021158,-0.166711026464471,-0.14813409940313493,-0.18094334961630104,-0.21751707320960403,-0.3592697367896788,0.28036242220433666,0.15893504609965814,-0.1770131246563444,-0.22967112655292496,-0.21013156531648192,-0.385287953525807,0.0646319597733666,0.014828391333104894,-0.11217716293858426,-0.36733737618436674
#54,0.12809728342723267,0.42819689375164355,0.2948545290822303,0.20793376311867973,0.2509287666648073,0.5086485668066524,0.28044211046386536,0.3121389125740105,0.38400337878220403,0.4910023986166118,0.43916199826279595,0.5553156053518635,1.0,0.2947429655188901,0.2989520993871973,0.18617568073695703,0.32256054315517696,0.14755396887376582,0.15665436811194608,-0.07373076524635626,0.0848664026329001,0.14437600108376034,0.31660623640319074,0.21299396759875366,0.16994636980133718,-0.18235383180995943,-0.16557307811840083,-0.3821450485699942,0.26078939189889155,-0.011699830264007205,0.2537959502426507,0.09573269370223685,0.006679469913697615,-0.023238690243766385,0.10233247535640574,-0.2576066428133143,0.1157583533218051,-0.020736478894564463,-0.21832829969160644,-0.20425375929364326,-0.12943445242212465,-0.21548821012200273,0.18729291013554972,-0.016189466805855493,0.10560766282303628,-0.010004064101235964,-0.25626947381842236,-0.30820550008367265,-0.32247926113045766,-0.24428435958530229,-0.20071719433575852,-0.18432691311589064,-0.16428850337479778,-0.06135836607192662,-0.13448350054586458,-0.3359880148857669,-0.2827610388161512,-0.21624206105714444,-0.2478416434906645,-0.23153742559108767,-0.12924798189482745,-0.1509455011993083,0.19313724708938632,0.057767613097562336,-0.03561587071376774,-0.23188008510706118,-0.02209277307174334,0.24440707950497653,0.1686203571627792,0.021241702459976572,0.29373411215325645,0.19370303373204026,0.1573763437432763,-0.051607710635991996,-0.10916813425877965,-0.13459187657882365,-0.25088414123947117,-0.3457896708077999,0.4511375499047725,0.20741578943174302,0.2189434930551682,0.411674330020958,0.21776729434452421,0.23552821362828613,0.14481747404154946,-0.11754177657005793,-0.3052012526994398,-0.12951732821203452,-0.11488178246698914,0.18994493541266566,0.03893249607535322,-0.32829172278048274,0.07594609886125477,-0.22973328339535737,-0.14119643952856425,0.2839053622229837,-0.07933922495198782,-0.03468511184247225,-0.07982054203954131,-0.23321087904119087,-0.20773932376542964,0.2844297109706827,0.23735148100630335,-0.09598928989791934,-0.07850727952250795,-0.15215516897895434,-0.14844328985010638,-0.16753659683318856,-0.13866075911036027,-0.2229071870841269,-0.28616691502840885
#58,0.2671851716086669,0.23541824383013651,-0.11081130617026194,0.18728016001402514,0.31619026368845077,0.2124552749643395,0.2124999003896756,0.2875997099347353,0.32812278367028186,0.284649650566982,0.14429312529385047,0.18007952888300965,0.2947429655188901,1.0,0.0031747802596243497,0.03697853995170892,0.029228059829945256,-0.08693510985026576,0.06385898365593796,0.03674903776426619,-0.23797623696100853,-0.3269099283602547,-0.16900445457370766,-0.20258349337392123,-0.1488226059654631,-0.08496043477914399,-0.25256078221995554,-0.20469204472105124,0.22369769461865183,0.1335033349536613,0.03526842990222251,-0.27623935165632046,-0.02996437934799066,-0.11390321063997641,0.17315143159958243,-0.08005482552255576,0.15716596673812047,-0.3148244069201285,-0.11441640303134139,-0.25368598044450114,-0.04831977304783686,-0.00568336666958857,0.07846265409717186,-0.2098335312258445,0.006993441656240786,-0.087657085481596,-0.1218640677668959,-0.16409087649116655,-0.20954984102192223,-0.2817872482847102,-0.07578990987257847,-0.07742830048848903,-0.32377817976077583,-0.21397732072133813,-0.29485931037780205,-0.33883288575094234,-0.1336515551163847,-0.11313979711369124,-0.04493461578305668,-0.14254157734940912,0.17184613790850195,0.1624652359967806,0.32036911601813706,-0.1222513527082055,0.028109236666161976,-0.1710795368518356,0.3612746933994215,0.2643498633346349,0.12468821968459387,0.1291507622182024,0.1648128521224968,0.011975551641976587,0.06486624325638103,0.03622468901656719,0.1495286439448876,0.0412498306624485,0.11080652487469021,-0.02261234052387062,0.1082294065615313,0.12837141104001148,-0.12183697375865614,-0.026102686291228715,0.05184836917976875,0.24031429049558128,0.5283809736311549,0.20567858537401684,0.04401820079847636,0.10250141446660664,-0.1384790698786348,0.1502091816812629,0.04325638103738176,0.2566201021603487,0.04446604881702779,0.15212329367514285,-0.12893241638709368,-0.03125373538716541,-0.11933157487907306,0.037843954450190856,-0.15936058140554152,-0.08282478942377419,-0.12351839603471221,0.09016567189156022,-0.04561515351943198,-0.07561618946680586,0.048613025842902564,0.04689335320227271,-0.09776155678983815,0.20035222210711695,0.190733849182,-0.038180238905402064,-0.05659141438691837
#101,-0.022846624006885065,0.12058268055367402,-0.20641012359649052,0.12574488600594474,-0.25247790643004564,-0.11098662034122513,0.23328419223995728,0.22751635601526826,0.2138657571579979,0.2799480432547873,0.23590912350883345,0.07268366151614883,0.2989520993871973,0.0031747802596243497,1.0,0.5210799352931332,-0.07698204623512818,-0.25763533058674465,0.45418164141876977,0.2017658918311565,0.6810365848799497,0.35770465937253465,0.47804508761724135,0.17186526309078884,0.21930687151861916,-0.2602777932727171,-0.16414984580321781,-0.4158643387069783,-0.033830853700324334,-0.02707328929228857,-0.2240499167257688,-0.2513925523352644,-0.18845157742909738,-0.2246985791583326,-0.2784291850281698,-0.1501725250818797,0.2890611926144921,0.09114583748376352,0.09433974292567476,-0.1555227948266382,0.08745945859796476,-0.20838001737204057,-0.05621050450637108,0.10234522547793033,0.16726087545521917,-0.07431089577572536,-0.4746886181258915,-0.5010702133254707,-0.491177712787575,-0.2200718788100949,-0.25142920893464765,-0.15494585182765022,-0.01227199196742344,-0.04401501326809521,0.515084190646192,0.27141502442445153,0.13454406362310642,0.22760082557036873,-0.3406194965295763,-0.25294487963088397,-0.5229063902015316,-0.5985385173202432,0.1935882826383189,-0.05870155949923898,-0.41888771127349805,-0.28330929404170885,0.09581238196176557,0.08099833451537584,0.3513216297842839,0.12148793918192033,0.12823594099881264,-0.11339639330937373,0.3715863541824383,0.09948282319565858,0.10113237016790316,-0.24339663237415232,-0.47132577357377936,-0.5120145988891457,0.32683502139629766,0.004231446580975225,-0.14458159679334442,-0.1909729139605862,0.043849261688275465,0.06856377849851382,-0.1923260206073839,-0.3725744886005945,-0.5968363760967097,-0.31432555841547866,-0.16444628612866466,-0.2402632900094829,0.00948609041429926,-0.24254556176238554,-0.02277809210369036,-0.3252842878658687,0.020390631848209804,-0.052361561571133725,-0.24401820079847636,-0.34355043071504276,-0.21959693678330372,-0.4278351090533832,-0.3112320601805736,-0.14067687207643698,-0.22536955430356445,-0.11970929722923922,-0.29927244619050275,-0.285196312027349,-0.42618715584632916,-0.588100949087171,-0.5041318362565643,-0.4695551004470511,-0.2735156069456287
#102,0.1674664711648033,0.2670879519320419,-0.1773796906501765,0.09029636063718732,0.045965781861358364,-0.06689510634398234,0.3642327215931277,0.22693144419032743,0.06115755165791424,0.22029978723234706,0.21723657053606293,0.20166389085895975,0.18617568073695703,0.03697853995170892,0.5210799352931332,1.0,-0.08987879415725682,-0.3267585206671501,0.2438476679230849,0.47192821681581654,0.17172501175401828,0.36452119309262165,-0.01056506944831818,0.21275968411573923,-0.14294001864705272,-0.19411422515120846,-0.42024878674624866,-0.3589557650471356,-0.12055718031062483,-0.12132856266286288,-0.10829156340396369,-0.2435655714843532,-0.28019985815489806,-0.2242491373745906,-0.09412936592051893,-0.040915139972427864,0.005104829905410036,0.2510706117667684,-0.16886260947174653,-0.1680657268764593,-0.162003044091514,-0.006673094852935317,-0.03936121891161775,0.16830797918542661,-0.13476559698459625,0.011417733825275523,-0.3870299388791049,-0.4949995617145726,-0.360366247240794,-0.2500251018017515,-0.27937588155137105,-0.2979894652120903,-0.3244188733673868,-0.09148052817378416,0.022486433073815235,0.39199451744774444,-0.2612659276908733,0.30467212265616905,-0.5148770011714174,-0.1485676035349712,-0.014885766879965574,0.01187673820016097,0.2481109898078716,0.2566838527679717,-0.30399955374574666,-0.342186167711911,0.24669253878826033,0.24012303867271234,0.2981456542007666,0.38697734462781597,0.10506578265824096,0.009259775757237685,0.03748216975193045,0.1440715919323606,0.27640988453171195,0.02603415438803401,-0.05647985082357816,-0.15824175824175823,0.06403907912247289,0.28312760480998334,0.027264541115157505,0.015513710365051918,-0.19438357146841556,0.19611121293499828,0.14695790069249098,0.049172437424794206,-0.18758456916542485,-0.18036640661731307,-0.0035349711926941805,-0.03396472997633259,0.12458143741682538,-0.06208512299882858,-0.03907274741212377,-0.21657834551235566,-0.2873447075042434,-0.13585095107937747,-0.24456326849365284,-0.3355433543975966,-0.4136649427439855,-0.26891600060563076,-0.45734048402648836,-0.2278510467052889,-0.2713863366510212,-0.1501342747173059,-0.45454661364741134,-0.27647682266971607,-0.4825761620540446,-0.03389619807313789,-0.0773677374112472,-0.25806564718819974,-0.34336874148331725
#201,0.159017921889568,0.15791503637769047,0.7425686713576489,0.5305054626301907,0.14423734351218034,0.2836551410880635,0.1263409541872196,0.06557865629656782,0.17225254803209844,0.5455729187418817,0.4134768784514977,0.2989425367960538,0.32256054315517696,0.029228059829945256,-0.07698204623512818,-0.08987879415725682,1.0,0.4409135462072373,-0.02756576273617608,-0.10126624644391141,0.03836670943269928,0.09881822311118903,0.36559539083106884,0.005074548366789121,0.26018376112647323,0.09429033620476696,0.21901043119317232,-0.03163464526771271,0.4175744487564647,-0.07986197993449624,0.45241415582242267,0.23033413287220394,0.360141526348923,0.060061041206799004,0.16715728071783184,-0.19581955390512315,0.004349385205077736,-0.08112742949581238,-0.12056355537138713,-0.1539927802436867,0.05894699933858744,0.03986006741626756,-0.053751324817314663,-0.16188829299779264,-0.12064005610053471,-0.15295842663500386,-0.006638032018742679,-0.12826144124186184,-0.1469132752671549,-0.2089218975368359,0.15865294966092647,0.09541394066412195,0.068364557849692,0.08443608603144499,-0.029385842583812126,-0.23950465777876945,-0.2772752990301939,-0.2640518292439975,-0.25033110471834186,-0.3187036313939867,-0.04929515734446844,-0.051083361888292995,0.04874530835372025,-0.14236945070882706,0.2927268525528134,0.14900748272756975,-0.06210584194630605,-0.07436667755739547,0.21445066898293874,0.028596928814477764,0.5260333575054387,0.6190534628533179,-0.17980380750504027,-0.048934966411398606,-0.2909195228267019,-0.1508960944784005,-0.37981815139175545,-0.32136043796667435,0.3057861645243806,0.12644933022017865,-0.08557562814270574,0.14805122361322506,-0.02362119388950426,0.1792539585142921,0.06591334698658846,-0.2289698698690722,-0.19837595327080462,0.11666042441967026,0.0420738072659755,0.1390783255902908,-0.16030090286798046,-0.23252237247886268,-0.18004765357919816,-0.3056634446047064,-0.17826263656575478,0.5796571811075074,0.2594570041995713,0.46844424610922075,0.39271808684426524,0.1286885703129358,-0.03892452724940035,0.4481651778243511,0.46973519591358603,0.3252731315095347,0.15166428930025738,0.28977519941986946,0.013835475619376997,-0.14738343599837436,-0.050767796380559255,-0.182954681286806,-0.261098582345863
