,#10,#11,#12,#13,#17,#18,#26,#49,#50,#51,#52,#53,#54,#58,#101,#102,#201,#202,#301,#302,#401,#402,#501,#502,#601,#602,#701,#702,#801,#802,#901,#902,#1001,#1002,#1101,#1102,#1201,#1202,#1301,#1302,#1401,#1402,#1501,#1502,#1601,#1602,#1701,#1702,#1801,#1802,#1901,#1902,#2001,#2002,#2101,#2102,#2201,#2202,#2301,#2302,#2401,#2402,#2501,#2502,#2601,#2602,#2701,#2702,#2801,#2802,#2901,#2902,#3001,#3002,#3101,#3102,#3201,#3202,#3301,#3302,#3401,#3402,#3455,#3501,#3502,#3601,#3602,#3701,#3702,#3801,#3802,#3901,#3902,#4001,#4002,#4101,#4102,#4201,#4202,#4301,#4302,#4401,#4402,#4501,#4502,#4601,#4602,#4701,#4702,#4801,#4802
#10,1.0,0.46470988327771867,0.28910242072060144,0.5521990989058142,0.20692573504909456,0.38692180930948067,0.2959332076488015,0.6734633696540328,0.3287496519329703,0.549276705300205,0.591665563503403,0.2223438491420433,0.210156710047611,0.188851812459202,0.09546485778323527,0.020650303331857377,0.2951033245536754,0.09549133370156163,0.1888125550630629,0.1540661076291728,-0.16822707208297005,-0.11834279010531025,-0.0018606179844522452,-0.000933960843029758,-0.07595575782751396,-0.007173147941040869,-0.20029579991509447,-0.217218476539141,0.19345405743448352,0.17804416000584297,0.11140701246650568,0.12762579484815148,0.11059356269999589,0.080342543605381,0.11319641936028703,0.07515052472531235,0.2408833827093994,0.10834858741846101,-0.1935343981521635,0.005368220681344064,0.21383321084417095,0.06478839806999685,-0.08106104525099626,0.14726270958200002,-0.06697859558947719,0.01719017469541282,-0.2780117498299607,-0.1292764314113947,-0.1844732433456431,-0.06053399188376159,-0.028125641926899078,-0.048155130622138435,-0.2878069266480118,-0.232653936923407,-0.2582972332665349,-0.1586007933645871,-0.31870432333487014,-0.07973998822278115,-0.38511596908708295,-0.42611347213409595,-0.11198126600537735,-0.11512185769650381,0.19165734683909488,-0.09134100526322997,0.15883268589061794,0.09783673488019647,0.2441636576937649,0.05942109035135369,0.267341041781738,0.20100425897099974,0.37603381613844167,0.34768723723792266,0.3157819297292609,-0.0037960989103790165,0.15606914779496683,0.11018546837268964,-0.15042247348984558,-0.22493392432452172,0.18315036039202617,0.20576262056813668,-0.20617254082084477,0.25218677390935196,,0.1343725892078679,0.21784294302656265,-0.09116115161115093,-0.20886121597502133,0.265998986611402,0.08396517960258734,0.19133233211757134,0.16447753427033737,0.11317998603167068,-0.19331620006664627,-0.4253940575257798,-0.4892631021559614,-0.054674597269328565,0.15578156454418055,0.19208826523392386,-0.20237461598506393,-0.010506374762059095,0.09520375045077534,0.13172317144983042,0.14058712631295447,0.15057219937279462,0.15964065788092227,0.12378861261623156,0.06133374720975775,-0.12019975623895886,0.002185632705975797,-0.4506995576695714,-0.5208242227263805
#11,0.46470988327771867,1.0,0.38672095751528074,0.4534201865182798,0.19899847991710298,0.3732721039681924,0.5113924050632911,0.49180113846448803,0.4024768678075657,0.5237657885487088,0.3521050637476206,0.0990783641534325,0.2953461726321171,0.2211387383768436,-0.16316469390643046,-0.12617692304180914,0.2682877841025805,0.27327347341224373,0.06945637635974382,0.019367590737080435,-0.24535050920494644,-0.0825281763113568,-0.22658729977586767,-0.1585697526327562,-0.12456645683740591,-0.2612461027904705,-0.10811486896702835,0.014538931011973505,0.35514522954164707,0.40968288240583933,0.2242628967393537,0.28465720532987626,0.26653124386603183,0.15394377062725104,0.21539985483893057,0.2628510912186683,0.3261559248996882,0.22245979540505872,-0.12527217700520846,0.11923110281329456,0.3215728521411258,0.2242309430448219,-0.12280900363815636,0.14694317263668194,-0.22169473266169712,-0.14131384462287794,-0.009711184249567484,-0.0007513683028479871,-0.08979535941059127,-0.0073575664066244575,0.09732456280498661,0.10665504160827509,-0.019797596169208505,-0.031034341091994686,-0.173636376085855,-0.03957419419629611,-0.2913245719346136,-0.32982694792004275,-0.24779998813148488,-0.25608603760493365,-0.10237415950371348,0.06482126472722957,0.33196784545367397,0.037013333820246776,0.2949526857080254,0.16140084996827456,0.28673145658634114,0.1571683548868611,0.08531088662372699,0.16330255127426768,0.18346441956113882,0.2506027836232751,0.281293850739728,0.31306951754486073,0.014654877274988931,-0.03013963764510401,-0.038615583360341814,-0.17135762118438652,0.033738536612086714,0.19621029182852734,-0.2433976819877024,0.016468021198993914,,-0.0049382152492159935,0.32387716999821975,0.026986264476164826,-0.003972300711654425,0.0684840710832759,0.22771206982338738,-0.047683128905768556,0.17780496377820484,0.09584830211761698,-0.20667923511984918,-0.1188640918075292,-0.16447205649413194,0.0724545458695285,0.06464049811244961,-0.05883222940926749,-0.15050098828212374,0.11779957729826948,0.22844335294681536,0.1634175845745822,0.3893767660122246,0.03477931409112281,0.17114398791237384,0.1139140080432014,0.03210068152665623,-0.0350568547521991,-0.21783016154874993,-0.2048030967694815,-0.23619258035212973
#12,0.28910242072060144,0.38672095751528074,1.0,0.5136483358972369,-0.17581561805292445,0.2428499043671571,0.1411969853971616,0.02651334979709404,0.0854049217819206,0.3717072858988346,0.22903860462780792,-0.13942583775739842,-0.05270259783536543,-0.16839049240643272,-0.19312539086215633,-0.14223137213729134,0.7402255930833945,0.6020048660911959,-0.21802644852944533,-0.31225789370375273,-0.14041914117598725,0.006859088771928223,-0.29528409116845533,0.11375606549594416,0.08413042585145183,-0.18082869624361497,0.20162689953301957,0.10314561298598146,0.25270442376076724,0.15950553940118775,0.3736957186614141,0.15324261527295302,0.17509163863110372,0.07776616286341621,-0.01914208894995595,0.1525204617765341,-0.038827390706952666,-0.02839313999826537,-0.15037043461589378,0.11313890271012977,-0.04750966599259587,0.12871678527573757,-0.36850917755755086,-0.044808209360606574,-0.41812139665033987,-0.2817594617171915,0.12480839195314676,0.18892393651257378,0.25243509976399914,0.19439532197912054,0.24959395983877078,0.16596201162201518,0.2740978787311644,0.14406825309151994,-0.03688825793022226,0.12897606668279568,-0.2203243756476329,-0.38637220576353354,-0.104161740472093,-0.17878274683087822,-0.028791191735861633,-0.04033195323805046,-0.046079053440271696,0.007093720186061798,0.5401151245965846,0.17169176553291915,-0.10620586395942794,-0.23752276700735392,-0.04641502371420616,-0.09650289637416863,0.3595000616249823,0.1569318975473257,0.09911670858687069,0.17976692062245797,-0.27840067194054785,-0.01291020555355211,0.026468614624749507,0.00984082495309654,-0.06359059100640443,0.08149561549662888,-0.21664239707486752,-0.17665828262586333,,0.009869126796824716,-0.09406163411193835,0.04572756280042179,0.015610749222840501,-0.13378738011658534,0.14303843116489476,-0.18202467738180556,-0.18510410057197113,-0.15515344620595525,-0.3236023682252462,-0.044996279676993794,-0.19074529710088695,0.3965873454240027,0.016697174836922037,0.21632651198035305,0.1500344643419593,0.38458736368325674,0.6064802092510511,0.33005975340877447,0.34999794583392296,0.1858445133224082,0.2376460169719766,0.3855322800786974,0.25120807789397764,-0.03666093021769595,-0.16491027859056817,-0.15360871331601747,-0.13414252260723888
#13,0.5521990989058142,0.4534201865182798,0.5136483358972369,1.0,0.06298438377300096,0.46582917554903297,0.15140938616952804,0.2501791689300534,0.2698845558664701,0.6836392519183628,0.3818329552146147,-0.07433524903340075,-0.03834808528897552,-0.06442412595233422,-0.19581863082983744,-0.08022477141696376,0.5718551858563818,0.26621535877151736,-0.027051084827929357,-0.06716849183126623,-0.1420734295900341,-0.10827920225319194,-0.15208954338170513,-0.0657826144512866,0.029824665513290455,-0.13431872440851428,0.08618459192849676,0.058486216545623027,0.2161375287012649,0.19150579503074402,0.321590198432443,0.16483815453719639,0.2337777940082258,0.10744384138186035,0.1145129115749976,0.09798007002423915,0.12454180684448136,0.04330729868031242,-0.06455102776776055,0.023255898880251247,0.0513377185975067,0.11849342895096021,-0.3186641529760302,-0.07690980384996371,-0.3275783207877042,-0.21083321540898448,-0.03668101539711595,0.0180027114992217,-0.03133835767139734,0.003121419474407373,0.02436971337536005,-0.006873696175142764,-0.08829536169299804,-0.16368964745945305,-0.12623991746817184,-0.15302715607553855,-0.2209634495382691,-0.2770586167702119,-0.20167893840697138,-0.2816426024914752,0.013206005468646578,0.03405168281849845,0.1255232417479584,-0.1504042142358274,0.41724221356936464,0.2510492223840195,0.09200838099759434,-0.11686561645523973,-0.060065642018195343,-0.011957072493803267,0.1258153898122492,0.1401680764332373,0.04118739928880206,0.0919006513988871,-0.16084394272072014,-0.14375784577321093,-0.016898026631121985,-0.11673780167711248,-0.05116151679623129,0.007174060903741778,-0.30514591426367277,-0.0431402265060461,,0.040247047706865935,0.02749113284976742,0.0703519927693354,0.022601304623699598,-0.041956113882967314,0.24524734441974372,-0.14773653722377172,-0.09782760525318739,-0.039737614519758796,-0.3365983922726837,-0.06104342507086873,-0.20707454796934271,0.17517837008769008,0.05185810733702475,0.150437993855761,-0.11869701963326289,0.15988715781016766,0.2661459736062483,0.24160644916851923,0.24099019934540575,0.1551689665718707,0.2018359679915277,0.21284264631368485,0.1751902386028019,-0.022845065664842262,-0.23228053517873526,-0.19084024522178147,-0.1529312949919431
#17,0.20692573504909456,0.19899847991710298,-0.17581561805292445,0.06298438377300096,1.0,0.5761744123943816,0.318605723363172,0.268863863566854,0.4247997188074881,0.1523634321919778,0.2795774808620194,0.6726563106264294,0.34815832599159163,0.4174713672072927,0.2425723637060808,0.052416840509980966,0.03125527806561463,-0.03678418018231865,0.3480862019382198,0.20968744721934385,-0.21389620527053368,-0.36000949481208944,0.2282644122574372,-0.14939265156322037,-0.20981526199747108,0.13210387689610942,-0.2621636303048839,-0.065237575718844,0.23203312228678896,0.262994426362711,0.008358173526820561,0.23057329492803572,0.16776054814280564,0.17488987387420288,0.2182793391975971,0.20558185395335674,0.4273797514002565,0.44303249690733887,0.0764250206557811,0.18514792278161477,0.2784764478447233,0.2820744338490051,0.28983644273213216,0.5265138062784445,0.44152976030164287,0.3645825249809419,-0.09511975788229173,0.1281854409838086,-0.31581936119999815,-0.05263960340900273,-0.11176671977066377,-0.03009946728626402,-0.2632582725832736,-0.17634148456864795,-0.10233033729406985,-0.04236329524757266,-0.30591006404433346,0.016400461959126658,-0.21810952813522805,-0.10344689067728138,-0.3395983877078702,-0.3355548759055449,0.36747387785472024,0.17211264133803814,-0.10954182966854889,-0.043044365422450666,0.4810108323024463,0.579205448561399,0.3839665490466387,0.24187851205339006,0.2222215121401215,0.0879301766126345,0.1984625708116695,0.037090022687123116,0.1885350144019866,-0.08893900039713877,-0.3497961810770221,-0.38113271282301764,0.4155066714749369,0.24470960938890843,-0.19613542888705282,0.5193406583374036,,0.12204120200669202,0.6508912798367623,-0.3481181556327516,-0.3486421962230733,0.47000232805488734,0.351810176795227,0.1986296429859358,0.6112038782655534,0.14252352020158215,0.21033838962509185,-0.4223201121118197,-0.2387790036838045,-0.24681764026530695,0.11083367189033493,0.15509592955579798,0.20014150921864088,0.023672209871865683,-0.015041060497473375,0.22438066892777095,0.17966375583725527,0.1488987387420287,0.19133415804297316,-0.03276988318642242,0.02109400320449908,-0.32506493447210216,-0.17918536338197902,-0.38830951261486213,-0.3548266055590299
#18,0.38692180930948067,0.3732721039681924,0.2428499043671571,0.46582917554903297,0.5761744123943816,1.0,0.3299465460338618,0.3374730105401544,0.4050267726312042,0.3528902116704022,0.30159722824524005,0.40357242304865637,0.4098070453331629,0.26186143965088304,0.10431694413124752,-0.192597698421031,0.323463597894708,0.28697704355288567,0.2877758859161809,-0.014282388493018118,-0.3520658063514815,-0.5058114640726353,0.12488873267082673,-0.10844718739015917,-0.02318833964038399,0.007528290431694413,-0.08517302925588975,-0.1067892471253087,0.48717972127248743,0.46324275221735817,0.32047638393733424,0.4280005660368746,0.46227592471709567,0.34052048003578816,0.3935042703830335,0.44851940273980107,0.49982790653087866,0.4274701347076465,0.16072160571879837,0.18357853989875245,0.24213596753504635,0.28066481943880184,-0.01619413238872126,0.4740841842906508,0.13215956762086484,0.0563800115946263,0.09537173558774256,0.17356972980868868,-0.2776036555026544,-0.1286492260358703,0.012228222415973196,0.01967525916728672,-0.17301373552383517,-0.1937735943798016,-0.13853296023590955,-0.18541724677838287,-0.4873029712371101,-0.39773767842714786,-0.24073730867725399,-0.3244112531782514,-0.3059520603285753,-0.27383494547330267,0.527380207881607,0.08130663221754075,0.1871938721943515,0.007697188531362551,0.5572651289331574,0.4001460740321454,0.28900473371160423,0.18034482601213328,0.2659232107072266,0.1837812176183542,0.34136040572062426,0.155827212679226,0.02043210524634016,-0.24889097855907097,-0.29644355379860954,-0.3933554574627854,0.2848461886089644,0.36548361916673894,-0.2148484253675816,0.4390172869487417,,0.15039691053422014,0.4474813641488677,-0.21728238392820462,-0.2634938169601081,0.27293385128750564,0.3900085362012535,0.0761976929432548,0.28488088119159893,0.052831325576193584,-0.012576974167720377,-0.45912620339896015,-0.31766080696773136,-0.11253360843942721,0.31715685155682966,0.16713608165538396,0.132608745269712,0.24657935700036976,0.268963376501253,0.3321267009636321,0.33823989920891784,0.2666389734647391,0.36140084996827454,0.275444498715005,0.2013183181401124,-0.2846179479337372,-0.28053243984717,-0.45844695914948397,-0.3588071229349925
#26,0.2959332076488015,0.5113924050632911,0.1411969853971616,0.15140938616952804,0.318605723363172,0.3299465460338618,1.0,0.35074931413677096,0.35574869788694785,0.3082417707824547,0.40215094012334124,0.25732401502736607,0.33683393664951816,0.41564726773087685,0.06723422514573167,-0.04749505858938133,0.007453427490219887,0.0951489726887208,0.20302647135351284,0.12759018930281604,-0.16116165374063643,-0.0650933276121004,-0.18571669854428097,-0.2844170961395372,-0.3144015301254867,-0.2531627310366235,-0.17287040037979248,-0.03559367682033351,0.22618194433666414,0.27718369266023635,0.06739399361839073,0.14057982261134722,0.12570492132543926,0.10482455139295284,0.1717072858988346,0.20964818982320477,0.3274915893311179,0.2987396549913953,-0.150518334573441,-0.022171299191571528,0.2476876937192731,0.16557948025033437,-0.06352211880383626,0.2801261714452656,-0.04897862297835822,0.01796345410308262,-0.05929144964782464,-0.10932180565762986,-0.030262887609726705,-0.027647249471622837,0.11001565731032059,0.08367485746369832,-0.0759804078204385,0.06622905321203103,-0.1453646601268105,0.013869729352207316,-0.22672150529290125,-0.08654156034455213,-0.3309590216691697,-0.2732488234193192,-0.1813271738783112,-0.09472900984630273,0.3578740750546636,0.12839450944231673,0.13157892334308682,0.07419556574016169,0.37989838725138886,0.3343735021705688,0.23940073128312342,0.3136364673821251,0.2525428293627064,0.32896237224228203,0.38059680371758414,0.2464926255437834,0.192206950385042,0.12502202522515943,-0.04683498655662423,-0.12120218928455678,0.2615081230856313,0.2606992381326261,-0.12265471294170277,0.21969808323480944,,-0.0946943172636682,0.45904677564398105,-0.04709609388908416,-0.06592503663262837,0.1645286601815883,0.10591919367134256,-0.10444932372287931,0.24624247376373437,-0.00894886039430859,-0.1281334021098568,-0.23294882387580054,-0.18638498724134625,-0.1740079519051249,0.017337161690259145,-0.1308339457791452,-0.10623599172855792,0.018125048501143486,-0.007611370037477119,0.07793323503768254,0.24476347418826203,-0.09561367070348341,-0.054018177087375094,-0.03814084275586921,-0.07698466679143824,-0.12807314657159682,-0.10069887294754573,-0.2327169313497697,-0.28049226948833006
#49,0.6734633696540328,0.49180113846448803,0.02651334979709404,0.2501791689300534,0.268863863566854,0.3374730105401544,0.35074931413677096,1.0,0.5241154532631569,0.37870331907589916,0.49944993997270243,0.49269036413517325,0.4795902623398321,0.4478246381244094,0.14868601843271692,-0.028160334509533612,0.04573212761392633,-0.028024303067098192,0.21823642995065437,0.18133904239342302,-0.12255702593270552,-0.19834479862325224,0.16565160430370618,-0.09018702040928119,-0.09123418862722363,-0.10078103959062752,-0.22136515312666902,-0.17911323932860723,0.31976792488142897,0.33735249946363444,0.07298406423605563,0.11019733688780145,0.056588167090433523,0.06058146594420885,0.05771932787685959,0.04495154450464926,0.24280699512021436,0.048027315844011195,-0.16048697430466477,-0.1274733300770997,0.2862293271008413,0.08899743000999694,0.11871162703647742,0.17496108496487375,0.14507981576412696,-0.01754988199957091,-0.24510127038759832,-0.189823204772969,-0.27142746283100605,-0.04681946619070878,-0.053673990149132454,0.011609233704756992,-0.1544066427166118,-0.107036660017255,-0.14279284419835028,-0.20695586281822456,-0.28794478401584905,-0.1704802640288131,-0.2979755052107346,-0.34572801928177227,-0.17030132333943496,-0.08312707984315301,0.32464862348048773,-0.09343534169911488,0.0011302478237251617,-0.02137976052988355,0.47145211282393057,0.22301944154071585,0.2576572464131978,0.13392158563361894,0.14445900112750892,0.2067632276883328,0.49029931482149297,0.23716397266589673,0.15557249608567242,0.010533763643086362,-0.2644223000269324,-0.34939265156322036,0.27942136424016395,0.26645729388725825,-0.11470828559299209,0.43348564594393496,,0.044892201929090186,0.5093126760306208,-0.04435081504745124,-0.22332710997092214,0.37986734651955795,0.11893804178630282,0.2808264138368627,0.3704190955278522,0.3316483085083559,0.002570902965759334,-0.43364906626739763,-0.3579836305787727,-0.006170714895442947,0.14138870756435246,-0.06599259587249563,-0.19573555122405475,-0.07349349742316277,-0.1175028644204741,0.08255008741617861,0.16939383841473157,-0.05593448579658278,0.11056891270707135,0.011340822670689789,-0.11403086726891773,-0.14266959423372758,0.02860859919567986,-0.38393094350130325,-0.42565060004473515
#50,0.3287496519329703,0.4024768678075657,0.0854049217819206,0.2698845558664701,0.4247997188074881,0.4050267726312042,0.35574869788694785,0.5241154532631569,1.0,0.36830010909904276,0.4428289062250362,0.41187947066422603,0.2872920156846992,0.2972926091104548,0.10025699900030584,-0.055534608133584705,0.2100425897099974,0.14433575116288624,0.1264626803671936,0.12186226131731388,-0.19549818092181845,-0.30812673748214015,0.14915345533558227,-0.09704884806931213,-0.12410541067344694,-0.040746438304263076,-0.09178561809857258,-0.13484185203613505,0.16476237863302096,0.15050646605832918,0.22463995033482906,0.153683576257492,0.27431607681668163,0.1831613159444371,0.011717876266165146,0.04694728096883602,0.2573167113257588,0.16864338307458449,0.03862927780085545,-0.049713557952589846,0.12235434821310376,0.04894666928382641,0.03158120574983909,0.13477429279626782,0.2222735510140733,0.08058630464652367,-0.07215418114092949,-0.14509077131653786,-0.2037121063418954,0.05646400416310992,-0.11573719455691638,0.05837666102151397,0.01510222899843427,0.052937229249499014,-0.007767486659332533,-0.036229098860166065,-0.2778793702383289,-0.14394409016419635,-0.216517321184843,-0.24073365682645034,-0.16052714466350476,-0.03938247202910525,0.30646788425458876,-0.15463944820534356,-0.11375789142134599,-0.07160001278147782,0.41402310708596,0.139920663541291,0.21343059429307015,0.2398097385731306,0.17850520616980192,0.1676245167003702,0.1460219932714649,0.1296206183496373,-0.07169039608886779,-0.12004546554250527,-0.2743909397581562,-0.2884578690537598,0.2796842974980257,0.12352111454486527,-0.13942675072009933,0.15844285081732987,,0.12827491132849766,0.4494351043288127,-0.1300725348865872,-0.1317843399507913,0.15160658611292435,0.036430863617066926,0.054119515947175977,0.3153765742900574,0.07016666134105091,0.01047168217942456,-0.31915715283452095,-0.21386333861330095,0.131947760274254,0.03762593179255661,0.06390282425011526,0.012634490817877635,-0.04972268757959893,-0.0800540473918938,0.40867497158403593,0.3224200815275692,0.1514586861553771,0.22839953073717173,0.06869953028069038,0.03327749044812774,-0.11043653311543956,-0.06651207164931276,-0.27484376925780696,-0.3097791999707852
#51,0.549276705300205,0.5237657885487088,0.3717072858988346,0.6836392519183628,0.1523634321919778,0.3528902116704022,0.3082417707824547,0.37870331907589916,0.36830010909904276,1.0,0.5353859778058767,-0.013234307312374754,0.13934914889052208,0.09866114019911716,-0.06352303176653717,-0.11571254456399184,0.437582109582913,0.08705190649436018,0.07651266507506836,-0.0017903198564822634,0.0144248106743599,0.07369617514276454,-0.24198258980129367,-0.19270360209433643,-0.03694668754308043,-0.24998014306125524,0.135733816594923,0.0611949768792196,0.15637772918787404,0.08879292636499336,0.25977805876740906,0.17007764747771228,0.1652097303564663,0.035126239917468174,0.03401333838506028,0.09962614177397783,0.24338398754718876,0.08934161694823958,-0.07113348884131339,-0.13396449488056164,0.04907722295005638,0.1537858280799938,-0.22133228646943628,-0.051283853798153076,-0.26615053841975284,-0.19505904586268127,-0.025298196442184354,-0.08590887719282228,0.10568091040640534,0.12506310854670033,0.1360296165100175,0.1422688036080286,0.0010407774790360939,-0.02158974195109259,-0.061964604436085764,-0.11664011466811523,-0.25358817165524705,-0.1886080514180593,-0.32543833621677387,-0.29054216289993473,-0.15720030858139292,-0.09279991965928232,0.14439874558924895,-0.057548603851789636,0.32206493903691563,0.12622804895306003,0.16165282767372538,-0.01553953813216961,0.0022011530718912477,0.022644213870642315,0.13283059520603285,0.16414978066071112,0.05439431772014954,0.07438911383275436,-0.1559303774644287,-0.07564169865840131,-0.21705688214108013,-0.27463470079929886,0.05497496199792758,-0.02409125975158285,-0.3888034254360538,0.011688661459736063,,-0.0460690108505617,0.18926903641351733,-0.0715151072502933,-0.07878137738682686,0.016995713640119234,0.1880611867602149,-0.17850611913250283,0.07239429033126851,-0.1397426358146138,-0.25777775748971776,-0.19124012288477954,-0.1962878936581046,0.1958560623005747,-0.039609799741631556,0.05515846750081026,-0.16989688086293234,0.08185440983808606,0.11185710307805374,0.13533393893192494,0.2566064263444517,-0.022288158417287863,0.1288336445014539,-0.00016433328616359378,-0.0054841669443594886,-0.17543491260664545,-0.22440258003259278,-0.24218891937169906,-0.21675651741248111
#52,0.591665563503403,0.3521050637476206,0.22903860462780792,0.3818329552146147,0.2795774808620194,0.30159722824524005,0.40215094012334124,0.49944993997270243,0.4428289062250362,0.5353859778058767,1.0,0.26890312096299307,0.21144307449319158,0.3387666786873422,0.15173987866725705,-0.09166419405935171,0.2842856295106063,0.19561504014753478,0.15671187353640667,-0.0191576093158714,-0.1421866369649468,-0.10961121483381796,-0.04226013046236996,-0.005907781637581197,-0.04228295452989268,-0.09920891781966248,-0.05218586094665102,-0.13819425107387237,0.2822908060091205,0.17379523159581314,0.21479912538173254,0.10246362984840254,0.12290760360985452,0.006305833375177457,0.011626579996074261,0.054822497226875794,0.3239082107300506,0.11905855286282278,-0.11279928058539168,-0.1396714247239429,0.1193059657547691,0.0718976386219741,-0.08476310900318168,0.04885080820023098,-0.039681923795003356,0.0304792597698421,-0.2232714192461667,-0.08636718446867853,-0.004444302428024303,0.07506561919412783,0.03467341041781738,0.0851374237105543,-0.1608804612287565,-0.07891740882926228,-0.1527249654215377,-0.17227058388529537,-0.349506771900834,-0.0682886970652814,-0.44941410618669175,-0.46241743393573653,-0.2610616843248869,-0.22049327374730104,0.21164575221279336,-0.0053673077186431545,0.14679983749263925,-0.014531627310366235,0.3121008641191964,0.16170851839848083,0.22687670895205575,0.08346761493059202,0.4275623439404383,0.2576097723527505,0.22554195748332703,0.008714228980175015,-0.017155482112778283,0.10692253967964138,-0.3127992805853917,-0.34662820050486837,0.4355608101631008,0.21665061373917568,-0.24830394354238658,0.16401831403178024,,0.16053536132781296,0.2360775470518152,-0.15875782294914342,-0.24683133470582058,0.13801348445909242,0.1601610466204403,0.1559002496952987,0.24770047519708582,-0.001812230961304076,-0.1345168373146115,-0.4520480035788138,-0.43194912971830535,0.053124386603185324,0.07424486572601076,0.11064834046205042,-0.11452569305281032,0.009023723335783117,0.11169185682918924,0.22931888417698695,0.2741900879639562,0.16897844038581802,0.20354046935412454,0.08772110815412636,0.019840505416151222,-0.29450624694728095,0.004166761766948012,-0.46403611680444795,-0.49210059023038616
#53,0.2223438491420433,0.0990783641534325,-0.13942583775739842,-0.07433524903340075,0.6726563106264294,0.40357242304865637,0.25732401502736607,0.49269036413517325,0.41187947066422603,-0.013234307312374754,0.26890312096299307,1.0,0.5356799517955694,0.46283830974085555,0.21306084439920206,-0.14061086334317813,-0.049403150634280836,-0.057037344739280675,0.16015556884423487,0.045230911091127375,-0.14775753536589262,-0.45144362227081214,0.3921229578165584,-0.1547973907526008,-0.14441974373136984,0.0707217426632035,-0.303140135209776,-0.2331168090127678,0.21344885354708834,0.2654722071329776,-0.009198099211656707,0.08241040412293955,0.10920038161840898,0.11094961815335035,-0.10033916564338764,-0.03307207384042325,0.18664152976030166,0.1777282749113285,-0.02240866949380783,0.06850689515079861,0.27228838665796307,0.1217399243153921,0.33134976970515867,0.34268694052504484,0.4756197875535795,0.20251886409180753,-0.15672282908881757,0.007278138651645387,-0.3848457321276139,-0.19062296009896515,-0.1583451638083326,-0.10149680234814007,-0.22936361934933147,-0.03101608183797651,-0.09081331282210466,-0.05741713722285876,-0.11124450510574391,-0.06986081883624644,-0.14627488393961666,-0.15188321381129974,-0.10992070918942606,-0.0862293271008413,0.1556939201248933,-0.06585199961655566,-0.22511012612579714,-0.24171052691642284,0.4627287542167465,0.38325900295343435,0.3156477242122273,0.034111025394057526,0.1588892895780743,0.011942465090588723,0.3280585391683823,0.07037664276225995,0.25763077049487143,-0.02867889732364984,-0.20480035788137876,-0.26339612995111084,0.3477109742681463,0.1664687059210196,0.00402433958560623,0.578353654361451,,0.21256419268990764,0.6425495396385581,-0.06795363975404785,-0.19389867026982613,0.5040887034560203,0.1425673424112258,0.47165570350623326,0.5414106186691743,0.4877430192589482,0.29509510788936716,-0.4028657899181529,-0.23351759963846677,-0.1261632286012955,0.07800809797915706,0.06250142650422016,0.18426782673793862,0.07687693719273099,-0.023387365509182124,0.1518284360492452,0.13494136497053413,0.11281936576481168,0.15648545878658127,0.04378295224748593,-0.014940634600373402,-0.08969675943889312,0.11537018355115101,-0.31311333975450434,-0.331316903047926
#54,0.210156710047611,0.2953461726321171,-0.05270259783536543,-0.03834808528897552,0.34815832599159163,0.4098070453331629,0.33683393664951816,0.4795902623398321,0.2872920156846992,0.13934914889052208,0.21144307449319158,0.5356799517955694,1.0,0.5588810729137661,0.22716520516554295,-0.21157180223401972,-0.056172769061519995,0.1773055731808077,0.1666366910579868,-0.1450944231673415,-0.21334751468728744,-0.2686100599360013,0.16964946797098604,-0.29680234814006673,-0.1120387826555346,-0.16471216568447097,-0.2824350541158641,-0.31331966932490973,0.4462616459804535,0.4688958172613858,0.24847740645555927,0.12867935380500028,0.1962888066208055,0.19105296553109322,0.09062615546841833,0.25566150994901105,0.14937713119730495,0.14460690108505617,-0.10449588482062565,0.02615455545563686,0.3710791675606093,0.28187175612940335,0.1720176932171436,0.2947253579954991,0.1698840993851196,-0.16303231431479867,-0.11326215267475247,-0.07762282771937352,-0.1927611187444937,-0.3335965709120954,-0.16863060159677176,-0.23422605869437205,-0.15297511720158674,-0.1778725230180721,-0.2269323996768112,-0.2545769102603313,-0.1890480994398974,-0.3993828372141856,-0.14363824765939187,-0.19616920850698644,-0.11523323914601469,-0.10809569675030926,0.31697973679285335,0.04491685192201473,-0.03906658693459079,-0.12498002894091761,0.4686337969662249,0.2346341530216783,0.21492785312256069,0.04383590408413864,0.12451533092615501,0.12602080641995372,0.25958177178671366,0.29173723107542443,0.13489297794738597,0.07297676053444836,-0.17188348770011,-0.2684658118292577,0.21656388228258935,0.28262586332035405,-0.25567611735222556,0.4932509232335313,,-0.3387648527619404,0.5368503699781345,0.024531307773420916,-0.05920015337773375,0.2558815339599301,0.09793716077729644,0.3934129741129426,0.3076227820712385,0.39246988364290375,0.016173134246600353,-0.16304053097910684,-0.07964595306458755,-0.1495478552223749,0.05228446091834918,0.04081764939493397,-0.002922393605609243,0.1564060310316022,-0.025807629629291496,0.1096239963116307,0.39177603199021305,0.10056649335591394,0.34844408331697607,0.2244984411161882,0.1087384224917491,-0.08763528966024094,0.047726951115412176,-0.2068070498979764,-0.14600555994284853
#58,0.188851812459202,0.2211387383768436,-0.16839049240643272,-0.06442412595233422,0.4174713672072927,0.26186143965088304,0.41564726773087685,0.4478246381244094,0.2972926091104548,0.09866114019911716,0.3387666786873422,0.46283830974085555,0.5588810729137661,1.0,0.19315643159398724,-0.21159462630154244,-0.08151113586254434,0.03204772969000352,0.20746894785613534,0.04843814905942018,-0.12507589002451305,-0.24264905257295713,0.08562859764364326,-0.19818137829978957,-0.07899227177073681,-0.13332085617642092,-0.2696033633545902,-0.23588491192192343,0.49678500184874946,0.42520690017209345,0.20609859084207116,0.14039996895926818,0.12090730233216322,0.017846594877366284,0.21781372822013356,0.16487741193333547,0.3332587747127591,0.153353083759763,-0.026014872162397805,0.018787859422003315,0.31826975308923755,0.2702141354014982,0.1241327995544742,0.17161781555414554,0.13369882273459718,0.016541058215066625,-0.11598552041156358,-0.011066020897716224,-0.16130133703387547,-0.11569702419807638,-0.126628839578759,-0.05705742991870067,-0.3035454906489795,-0.20207881606996947,-0.21173978737098695,-0.24159640657880924,-0.27018126874426546,-0.13641945158330557,-0.33434702625224244,-0.29320162324768223,-0.2926848863589678,-0.16648240036153322,0.46191439148753577,0.08504064966425796,-0.07851935709166602,-0.023403798837798483,0.682335541181465,0.44025982918467865,0.21403862745187546,0.15890572290669064,0.12356402379180799,0.1688405830179808,0.4373036559591358,0.2811870341037217,0.34717141331190915,0.21613113796235855,-0.20115124596584608,-0.3052299068321564,0.4925406382522242,0.22784079756421552,-0.2951398430617117,0.455701680307851,,-0.15652654210812217,0.5942830275669088,-0.14512272501106968,-0.18623982617190174,0.38495620061442387,0.16418356028064474,0.2743480305112135,0.45338275504754255,0.3432274144439829,0.06546672935677213,-0.27883432922347956,-0.19121090807835045,-0.2178575504297772,0.10228651508442622,-0.18305358634572985,-0.046860549512249675,0.07348345483345278,0.02256113426485961,0.08230450044963412,0.333970885619468,0.0032483212898337037,0.14520580461685237,0.10925150752965987,-0.04805287879963664,-0.21760374679892452,0.061176717625201424,-0.36258131074054967,-0.2870007805831093
#101,0.09546485778323527,-0.16316469390643046,-0.19312539086215633,-0.19581863082983744,0.2425723637060808,0.10431694413124752,0.06723422514573167,0.14868601843271692,0.10025699900030584,-0.06352303176653717,0.15173987866725705,0.21306084439920206,0.22716520516554295,0.19315643159398724,1.0,0.4303459672155094,-0.10328255739111779,-0.22780610498158096,0.6319253926880817,0.2990372808318916,0.3959893548549074,0.15926999502435327,0.4040398599515217,0.33343680243943635,0.18968443444243085,0.3765742900573797,0.00443882465181885,-0.0860129549407259,0.1423308850716904,0.07053367234681628,-0.15683421053832847,-0.0659478607001511,-0.2502257300277997,-0.12301624617126267,0.17793186559363117,0.09801750149497643,0.28984648532184215,0.1055412271131663,0.15504389068184618,-0.007793049614957981,0.23129088361095007,0.13609626278718384,0.33688506256076906,0.1317423436665495,0.2191183519197323,0.2522105109395756,-0.33708865324307175,-0.22755595320153196,-0.12472166049656042,-0.05879479793853022,-0.27758265736053356,-0.1254018177087375,-0.1759562143088644,0.08972049646911676,0.1538999484176074,0.10328255739111779,-0.10470404031643288,0.2346551511637992,-0.37252530047884896,-0.19737340630948522,-0.4752208228532823,-0.427004523730183,0.2924584716091424,0.34979252922621845,-0.24110158079491661,-0.13636010900774648,0.18539442271086015,0.2677856546170806,0.5303728996151862,0.15146964170778804,0.1403634504512318,0.1300414941547563,0.07962221603436391,-0.1517353138537525,0.12614953416078187,0.1479008705099353,-0.47871929592316503,-0.3882748200322276,0.45710490397914794,0.25281489224757725,-0.20717406090374177,0.28754764524095366,,-0.07197524045155135,0.1760995494529071,-0.4791575180196013,-0.4951791004578508,0.2727622142997348,-0.06902728389031666,0.25392779377998514,0.2624639950334829,-0.1517864397650034,-0.12738112084430792,-0.45997251982270265,-0.4856432050468578,0.0600912049738208,0.16425294544591382,-0.20254442704743297,0.06287665417429371,-0.30914469089365354,-0.23632222105565878,-0.11350043593968968,-0.10325699443549234,-0.16711325758786125,-0.08932700954502504,-0.24704496797783326,-0.11657255542824797,-0.4411335344894484,-0.00603285752760571,-0.5033072073840423,-0.47218704779816223
#102,0.020650303331857377,-0.12617692304180914,-0.14223137213729134,-0.08022477141696376,0.052416840509980966,-0.192597698421031,-0.04749505858938133,-0.028160334509533612,-0.055534608133584705,-0.11571254456399184,-0.09166419405935171,-0.14061086334317813,-0.21157180223401972,-0.21159462630154244,0.4303459672155094,1.0,-0.1869245481975834,-0.30303514449917146,0.3125244788124181,0.6556770303149265,0.29762584049628654,0.380758398115645,0.16051436318569204,0.5398695376300401,-0.045385201787580966,0.4557400247412892,-0.15459653895840086,0.13129773083120688,-0.17741330277951495,-0.08605221233686498,-0.39722185450113434,-0.30154701529669004,-0.3821214514281019,-0.29766874974322927,0.09479565612346907,-0.08839487462739709,-0.10076917107551571,0.049091830353270915,-0.032606462862959734,0.0548745361008276,0.08799590992709992,-0.07746214628401357,0.12038600062994427,0.08770923963901454,0.19387675916500433,0.411359081924708,-0.2978294311785892,-0.23981156449853241,-0.16302501061319138,0.0668243048930236,-0.2653023960706085,-0.159573098641055,-0.040391295813609535,0.040824040133840334,0.16807186842381555,0.32859353531111485,0.03632678586916332,0.48669676400370665,-0.01086151725271264,-0.005821050180994856,-0.21219626872144137,-0.24151789178653107,-0.008494204969255981,0.34367567913012914,-0.1485481610648797,0.23933956278216253,-0.14220033140546043,0.1069745785535932,0.2512309019615004,0.3281553132146786,-0.10460087553123017,0.10163100786517366,0.014284214418419936,-0.08641739741722852,0.010137537830891918,0.03849233339571912,-0.2885929875334943,-0.23977322006509424,-0.04624338672643529,0.24939036915646812,-0.08466998680768897,0.07911917358616313,,-0.12342981827477438,-0.019711777675323075,-0.25276467929902724,-0.30584250480446623,0.13247910456618295,-0.18283447529751173,0.04347437085457874,-0.015485673332815988,-0.0888796578215797,-0.13862334354329953,-0.08234740969657685,-0.24511587779081287,0.04411709659601857,0.12938324804740103,-0.2303660523949294,-0.0718775534425541,-0.44717643460676415,-0.4274308773115074,-0.1010056284150511,-0.3085622206904737,-0.2564521356479981,-0.33259322490379656,-0.401803101334295,-0.3338841541628817,-0.1668393687775886,-0.1654197117776753,-0.19146471170920312,-0.2226843842294823
#201,0.2951033245536754,0.2682877841025805,0.7402255930833945,0.5718551858563818,0.03125527806561463,0.323463597894708,0.007453427490219887,0.04573212761392633,0.2100425897099974,0.437582109582913,0.2842856295106063,-0.049403150634280836,-0.056172769061519995,-0.08151113586254434,-0.10328255739111779,-0.1869245481975834,1.0,0.5647331638265919,-0.1977020728818124,-0.39785179876476146,-0.12003085813929072,-0.11009508506529966,-0.1324718008645757,0.11990760817466803,0.21298872034583027,-0.045069316693066505,0.22073246997493917,-0.03780761137003748,0.27869921074374504,0.0150538419752861,0.46025919011078803,0.22296740266676404,0.2814517932869853,0.11089118854049218,0.04869469157837557,0.043504498623708726,0.027209940337887494,-0.09126888120985817,0.0014269607015205395,0.01444854770458353,-0.05696248179780615,0.0721450515139204,-0.2828696243614967,-0.12149159846074489,-0.23806963166519832,-0.170531389940064,0.05441257697416772,0.1404346615419027,0.13761360679609436,0.15913852839542242,0.10957469632578161,0.0733519882045219,0.16292732360419415,0.006764140651033702,-0.02366034135675387,-0.02428115599337189,-0.239965855194986,-0.44265270442376076,-0.1087283799020391,-0.1123272788690218,-0.017294252443316428,-0.024442750391432757,-0.05067125582584323,-0.040834995686251235,0.38239077542487004,0.08426737025658816,-0.028580297351951688,-0.19781071544322057,-0.051207164931276736,-0.19873828554734396,0.2734533270643228,-0.051062003861832225,-0.11890061031556556,-0.006242838948814746,-0.3400347838789046,-0.11110938662600939,0.020779944035386435,0.03294425906229601,0.04463748533553662,-0.10937110564347893,-0.32067997461963693,-0.14859472216262604,,-0.017919631893438995,-0.046862375437651496,0.014289692194625388,0.0773626333496145,-0.08701082317281927,0.14416867898861993,-0.17730100836730314,-0.03775192064528204,-0.0815394377062725,-0.2624393450405584,-0.02861133808378259,-0.14061451519398174,0.47198528304126136,-0.038449424148776404,0.40645829814622925,0.2089077770727677,0.34420154564585265,0.5018647263166063,0.5061921695189143,0.36432141764848197,0.34367659209283,0.35690816051710206,0.35912392099220786,0.27597493004423307,-0.0479451492009294,-0.17111477310594475,-0.18214427549562462,-0.13452048916541515
