,#10,#11,#12,#13,#17,#18,#26,#49,#50,#51,#52,#53,#54,#58,#101,#102,#201,#202,#301,#302,#401,#402,#501,#502,#601,#602,#701,#702,#801,#802,#901,#902,#1001,#1002,#1101,#1102,#1201,#1202,#1301,#1302,#1401,#1402,#1501,#1502,#1601,#1602,#1701,#1702,#1801,#1802,#1901,#1902,#2001,#2002,#2101,#2102,#2201,#2202,#2301,#2302,#2401,#2402,#2501,#2502,#2601,#2602,#2701,#2702,#2801,#2802,#2901,#2902,#3001,#3002,#3101,#3102,#3201,#3202,#3301,#3302,#3401,#3402,#3455,#3501,#3502,#3601,#3602,#3701,#3702,#3801,#3802,#3901,#3902,#4001,#4002,#4101,#4102,#4201,#4202,#4301,#4302,#4401,#4402,#4501,#4502,#4601,#4602,#4701,#4702,#4801,#4802
#10,1.0,0.6043890223101979,0.4856827209580474,0.6123151988104271,-0.04601799191105584,0.31820430763848084,0.274041790976663,0.5545593008596642,0.3623770923535329,0.6472900896172868,0.616736926771667,-0.05445947256433221,-0.15857144758634198,-0.009397170200588322,0.0253655141727657,0.045212520179576846,0.49546627419885414,0.07297543463338296,-0.13548696242462963,-0.0036269045812630848,0.11886032215066276,0.12686674158542544,0.11636746700437153,0.02582795686657045,-0.07252097820320477,0.038159128204250596,-0.14693888416685205,-0.09917037932850735,0.0026609469807169763,-0.0021258673177373013,0.010132667050767917,-0.1279019134707351,-0.03287108078866255,-0.15650794918454544,0.0990551489533241,-0.02480381363103082,0.08434635284453597,0.019967180259477506,0.07971660173073741,-0.02144806171480292,,,-0.009416945710520762,-0.15019081465593465,-0.20588663688931227,0.07027265484319352,-0.13718043061172877,-0.056764840664533196,-0.1353177296954001,-0.18749351116080343,-0.09256497871280445,0.014012469980205475,0.00780029777354379,0.22870871624615186,0.07162347429088634,0.2739018412140642,-0.18312958853628902,-0.08817709729741036,-0.3552586693743903,-0.2747753863355029,0.026646739037427054,-0.014739600268490577,-0.24664054017565978,-0.007001671410887559,0.1267286933141663,0.08340055105219023,-0.0778424918663708,-0.05782663342859805,0.26416430406367714,0.33498687020229967,0.48175576104338635,0.40991855912592245,0.07121275216152027,0.2765281810523994,0.11450362519323906,-0.056302017672460514,0.05444882421283012,-0.1460242668324767,0.2595090729659272,0.2009876346018182,-0.22561955341574397,-0.16833370412414456,-0.10289425996809297,-0.03242879390305817,-0.15734612656706656,-0.15222541038936838,-0.1624246296370243,,,-0.11554412125429975,-0.08849464635113319,-0.2703403479348853,-0.1710277370541716,-0.4503632799204416,-0.3115114384211537,0.1660275754274077,0.18012865490404123,0.2924022110541298,0.06366307094654337,-0.05907515264221729,0.038626514775538454,0.010167654491417618,-0.06530976244668693,-0.030735325715959026,0.0011032452752693937,0.2244143882046689,-0.09598309954497312,0.1266431262038817,-0.052351479265187684,-0.2848890384728743,-0.38287783108291834
#11,0.6043890223101979,1.0,0.3559595590821882,0.27231903982293315,0.052030127228785535,0.26743562976442425,0.43228504115778005,0.4216705362015429,0.5575959825290976,0.5623424852111512,0.4890103308024484,-0.1363608878443363,-0.18206285189474106,-0.04518856138869715,0.04898127601477839,0.049641473807907545,0.26434532603921257,-0.12008754466127784,0.0023072695915406453,0.023780811290294978,0.14520130138067286,0.012791712540145236,-0.16715021591434162,-0.05858266638524595,-0.10384158295351044,-0.10472235374203988,-0.007504045422825122,-0.2211187234147742,0.050183018541442054,-0.028752830845231916,-0.003587733859666136,-0.1878247509521718,-0.14179496979481007,-0.22866498194533974,0.06819052182626834,-0.10804996358644084,0.07981433838559582,-0.09986366307094655,-0.11531898467968428,-0.163254060159383,,,0.10818268768194896,-0.04591493108044639,-0.20350026525804188,-0.021288716740539605,-0.012860926824908777,-0.07138350608382155,-0.054969072243360464,-0.21659469521946062,-0.15460988052929914,-0.06435635468898257,-0.1468959104625758,-0.077813589198008,-0.06738428949825348,0.01786755352222748,-0.10903265431077594,-0.20530249874976944,-0.20905832444386133,-0.13410762060684195,0.22462887642778231,0.168709058514593,-0.01231101552947977,0.08642164049263838,0.04179934322489128,0.123375223187546,-0.010088172153419927,-0.016115899700134814,0.1909371119769235,0.18377077141602158,0.2873073551586509,0.3151360612128092,0.02054865631114483,0.1894588926094736,0.2014626271384647,-0.03719431149850828,0.15643721370671018,0.019163229721070235,0.13488418966995816,0.023480755956896995,-0.1726907813798362,-0.020112834496095286,0.06687963369670832,-0.11394534733591556,-0.2574737166359576,-0.07600108765304628,-0.022274449851018154,,,0.008704266756417058,-0.049342939667581284,-0.09750353202016342,-0.09347769455584015,-0.2875222236800323,-0.18630241698564184,0.08969524798299307,-0.10229681138917253,0.09105215220297279,-0.1277102431436976,-0.06910437856410782,-0.10064897899422517,-0.051868880763182565,-0.17871888922481902,-0.26213389161119066,-0.15955223681933742,-0.06547176950882577,-0.15500919371062724,0.2748689397094141,0.0965398562092249,-0.1260388322561385,-0.1801221898334864
#12,0.4856827209580474,0.3559595590821882,1.0,0.5979790950042118,0.08904760003270565,0.5067698796165833,0.18066791784796815,0.25494739524208837,0.05229063154231864,0.5664124372745545,0.44509158533037463,-0.19846929947157554,-0.15838396054025172,-0.3396474254758007,-0.12561974356487793,0.018448268977358944,0.74511725546346,0.20239017461394973,-0.15924799820499216,-0.12437388643913422,-0.02190061665364145,-0.022002536589447102,0.3362893917699652,0.10943500987824752,0.2565914246543564,-0.003356132214495829,-0.0166909106812473,0.07813151854999877,-0.1407293740480659,-0.18369661325377493,0.14300660007643995,-0.3213451910333274,0.12675113091197426,-0.003255733471761903,0.0008545302080421675,-0.115064945436706,-0.010433482980701764,-0.2012565054772458,0.05274242588462131,-0.11285693369309549,,,-0.04695466654497122,-0.22262508485405103,-0.13419699069980587,0.07684420891305051,0.08325109383289314,0.14909593594255974,-0.06948962070952248,-0.05229481482326589,0.11435074528953058,0.08942219382661822,0.19146952955202765,0.17769436569101146,0.13235444559167756,0.12285231306914013,-0.30010743426069064,-0.19864803965750338,-0.02838546271841005,-0.13993493096635692,0.017720758390805908,-0.09405042374734504,-0.3714521499211832,-0.13942152830464935,0.11412484811837924,0.09197551639751057,-0.32657391191911816,-0.24193130672386354,0.09799601827713475,0.20062521035247946,0.22771233478417122,0.3518291395941837,0.05621112638642487,0.38231955322559485,0.006676516391806093,0.04557000055143249,0.04685464810050523,0.09725177456679274,0.2655075175460113,0.03237327035594016,-0.25606623274634294,0.006450238922386828,-0.025903255923620895,-0.10069917836559214,-0.08635737008535795,-0.034649355489510425,-0.06435711528551843,,,0.017000853769611506,-0.02748567701648403,-0.08112256442728032,0.0928874716440104,-0.1329807968389608,-0.17348598505808105,0.5136981534617601,0.2574003190702468,0.522652656478476,0.32993765009897263,0.20498571029258247,0.26934472706944057,0.10277712810157007,0.11604687556450524,-0.13278228114310053,0.2961819955391013,0.30464629408845356,0.023304677858844693,-0.0002768571390541602,-0.13349762218507977,-0.1172508998807765,-0.1395911413321468
#13,0.6123151988104271,0.27231903982293315,0.5979790950042118,1.0,0.014756333392279565,0.3650232077018005,0.19935349294451638,0.24488660456395953,-0.020173301920696402,0.6667100206692108,0.45595480535383903,0.10726730975103774,0.030791990157880825,0.1468441898981371,0.12152431151752319,0.33925419706675947,0.7441554811438611,0.23058282611051847,-0.08070499692909149,0.0719992089796027,0.1362776025236593,0.24945246556874556,0.15540128122486466,-0.029506201714004292,0.11785823621466315,0.14014637680332684,0.022428090351262496,0.04530112967600489,0.14049054673580488,0.07605699149843222,0.025366274769301565,-0.2792127065257281,-0.1483600587941122,-0.22406109111376052,-0.1197433747287998,-0.07346639969728258,-0.06618863174387672,0.005134787213611635,-0.09307153600568926,-0.06474958309802378,,,-0.1077286115500387,-0.015739404414882592,-0.3607889667866508,0.1736274560137516,0.06914545077704444,-0.07858673557671282,-0.09648395236383896,-0.2436046191027623,-0.11290903455580212,0.03955824553197072,0.06757215684261166,0.21857947187979532,0.07396078744559358,0.34948612196545753,-0.374447379079412,-0.16063608688294229,-0.43374006233088613,-0.49729969214855213,-0.13725877205492268,-0.2345527597294558,-0.23268625583044783,0.03324339279296752,0.1970758866178744,0.03459649403026794,-0.02858321781773445,0.0379602322101224,0.10462309589410974,0.18939804488660456,0.2831594419503216,0.18365934402351763,0.19915383635385234,0.22246878226593117,0.1694761201210109,-0.06381899323639531,-0.15018549048018362,-0.2434528800938576,0.3678735432199474,0.0908099022063004,-0.06850046491463255,-0.11698697288283201,0.04849943810930913,0.21088451672646857,0.04853670733956642,-0.009660336601996946,-0.41200905870474214,,,-0.044162896960085796,-0.1123735745945545,-0.3753380376229076,-0.29816106772541706,-0.5184359092836511,-0.5050843976931108,0.35846876705400044,0.16274674226996233,0.2172358780991932,0.11735776369406525,0.021291378828415124,-0.005737559968283124,0.06547747398284474,0.08030682464256717,0.021256391387765423,0.004897861392690287,0.16116051819441987,-0.15546403043907336,-0.07194748841516402,-0.15339140487884648,-0.4312475874828628,-0.5476104909080192
#17,-0.04601799191105584,0.052030127228785535,0.08904760003270565,0.014756333392279565,1.0,0.3174007373983415,0.12615558382439346,-0.1848211552320485,0.05077476264634353,0.0057710262158611,0.0010785258878538437,0.4326014493166991,0.4430592713865485,-0.027184100490014317,-0.1323997010855614,-0.13367141849352446,0.09515595081222203,-0.05554446352274089,-0.09110881664489459,-0.1877562972639441,-0.21257608342222806,-0.15575609950884478,-0.030641772342047867,0.0845361216802338,-0.07990142668895214,-0.20027457534944657,-0.2238591527334889,-0.288001399497626,-0.06013770600281801,0.12798101551046487,-0.0661509822153515,0.04447284004845,0.08948760512870244,0.15480193115460456,-0.12172434840645519,0.06857500337514713,0.03395074757132019,0.11046181520166266,0.028955910120307356,0.041362000216770015,,,0.18956309433488686,0.09048132450280755,0.16231434313932416,0.04497977763960274,-0.0629640827300852,-0.07885978973308766,0.00945649673038564,0.0645978440891191,0.040628404857930074,-0.07927203305552545,-0.12659406772731854,-0.11647661260726788,-0.10001350058851156,-0.21460079140069557,-0.035843872349083386,-0.17751904818949502,0.1082496201771049,0.07965271162172492,0.10734146791328439,0.11378562206338431,0.02366976419605897,0.12329954383222762,-0.08361618017010741,-0.15583900453125385,-0.17735666082908824,0.10343998798257473,-0.1988108073161781,-0.16486348242926926,-0.2543571723302586,-0.12893556416297303,-0.22023034666088614,-0.13402433528616495,0.14267383909199985,0.0746145201681679,0.09402684525473329,0.12278309878437658,-0.16539171672342617,-0.08226003654666354,0.24380617718476602,0.2567720663316239,0.269925442524572,0.30393247423954606,0.4684795485098963,0.14233765542314838,0.12759387187371055,,,0.31699876212913786,0.26290057291934066,0.3253782541647414,0.19617229793326907,0.145850470524032,0.049461973025443855,-0.051612940028864636,-0.03979326986155242,-0.1137517755175384,-0.2100261835357471,0.11210774610527037,0.06515726284124639,-0.05542466956834245,0.09160890886722456,-0.08270384462533965,-0.05147108877492618,-0.1210504598756805,-0.11988180329832687,0.13347214220112835,-0.031911207960403344,0.06423313805017275,0.07853273322266653
#18,0.31820430763848084,0.26743562976442425,0.5067698796165833,0.3650232077018005,0.3174007373983415,1.0,0.21182233225518773,0.2599597264134261,0.21478409516583857,0.28445778023703994,0.18999739495686466,-0.0318503602375343,0.12689222156937685,-0.10285889222917534,-0.07957360958199516,-0.08758497289424096,0.5238836819717705,0.1024797348560476,-0.2871586585358897,-0.23375109098065613,-0.038639064618380195,-0.06115842655394626,0.22281447339148094,0.23813098613242367,0.14195773745348478,-0.14353977824807998,-0.031433933634149265,-0.10686115120088685,-0.06335274755991124,-0.004916496007818932,0.10329357314942109,-0.21119826279751208,0.13166610572672147,-0.02682129594240763,-0.018389703044097486,-0.11245457812562393,-0.11896946775355911,-0.2947927659663474,0.030366436396065434,-0.2677402486770374,,,0.07831786470128521,-0.05907705413355695,0.09006755998729804,-0.04994190943957346,0.07060541582763362,0.08172343569061215,-0.007050729887450728,-0.007689250679307781,0.11032566842174317,0.09567315645660891,0.14047305301548005,0.14286284733116184,0.056737459189242126,-0.08965303487525265,-0.11525129158799247,-0.23675012312156424,-0.01869242046537099,-0.0602666271156468,-0.0160421218361561,-0.017200130062007633,-0.17415302822003298,-0.024289270074519444,-0.10797998870514144,-0.08502062167357859,-0.16152408333856244,0.02411699495914646,0.06595550890563469,0.0679102420028028,0.18739767599728466,0.3007037419448073,0.035505787188892246,0.051343308556901175,0.023861814821364395,-0.115703846526831,0.06522343473986647,0.13930629792946608,0.06735348533855103,-0.0935807553864496,-0.1639846131320795,0.2926011070482579,0.10289882354730816,0.15785762773743447,0.18035569296999637,0.10224052724551866,0.06534208779946112,,,0.16574615470913837,0.0931962738375708,0.12102459959346115,0.05433815741686204,-0.07983677598340379,-0.023349933352728544,0.17469419265529956,-0.023297832490021923,0.29176597205188026,0.13111961711570386,0.15568346253966986,0.19355660644643594,0.20543180016086618,0.10662460567823344,-0.09753813916254518,0.207865709075628,0.223197433747288,0.11321859734589838,0.03771798221345001,-0.06214377936615688,-0.12977754452817344,-0.046041190105399664
#26,0.274041790976663,0.43228504115778005,0.18066791784796815,0.19935349294451638,0.12615558382439346,0.21182233225518773,1.0,0.19222518221040763,0.1540611101286739,0.6780394863691593,0.33120746601559603,0.21233877730303877,0.20581780290281668,0.2308193716331719,-0.026411334409577433,0.020492752465758896,0.17096080455901563,-0.14187711422068328,-0.1861875669087265,-0.13541394515718677,-0.04484134907007566,-0.09943050334377251,-0.13567635096205954,-0.15196414547929943,-0.06775508030948674,-0.19961247606497776,-0.3122781197293037,-0.3652627956105974,0.12738736991422372,0.2159999087284157,0.1435869352333035,0.14698908353821902,-0.12216397320418404,-0.09026835747276589,0.1569258969810022,0.17094407143522664,-0.012070286725879106,-0.029516089468970514,-0.13671912881272782,-0.023523349362905326,,,-0.023910873297927564,-0.0549983552099912,-0.29157163963696725,-0.13074502332179128,0.011457626216241398,-0.007499101545342011,-0.003919353949302438,-0.13150523955938642,-0.22251289686501122,-0.31099499337330266,-0.1937528403526886,-0.20139949762598805,-0.18747563714221063,-0.01821780822699243,-0.1702876766247768,-0.21239277965708506,-0.18198831343422647,-0.014916058664810812,0.16211506684692806,0.2602495136935899,0.0636056459080857,0.03331755095521417,-0.06512493748847221,0.034388090579441456,0.00993072867049627,0.14447341049585188,-0.04467744051659717,0.044337834163334304,0.00957705128131994,0.08988691831003055,0.060478072952616736,0.0677957722241554,0.28229464368904533,0.10357613476249422,0.15585041347929182,-0.013039286712568668,0.17370655805348134,0.014476433867081952,0.0649944951825717,0.10195492324630208,-0.008050534033842743,0.22066084430018462,-0.02094150442191811,0.27329222309056994,0.021385312500594215,,,-0.01824442910574764,-0.11719347484231883,-0.08033648790746582,-0.16356552444081893,-0.21307161206534284,-0.2431741214634638,0.09552522043038356,-0.0292012025031232,0.14428554315149372,-0.1682930122094759,0.06331357683831429,-0.10028731534142228,0.05999851683675507,-0.03332895990325212,-0.09152562354654756,-0.18434197941445477,-0.06762311681051449,-0.1653715609152258,0.24153845861309026,0.09056613101655628,-0.07043085892265304,-0.12563571609213106
#49,0.5545593008596642,0.4216705362015429,0.25494739524208837,0.24488660456395953,-0.1848211552320485,0.2599597264134261,0.19222518221040763,1.0,0.34353597526540064,0.3855254676242577,0.2789328070005305,-0.363748447907694,-0.2621605124899459,0.04312848567131201,0.17407202468896354,0.06939530673907546,0.2048199002477643,0.006222820558163768,-0.05053555503581459,0.11601226842212348,0.19347484231883066,0.1899521394629808,0.07018214385542582,-0.06050545442790781,0.014021977436903763,-0.07003040484652112,-0.05261502596486424,-0.16536433524813512,-0.04042646647765843,-0.11171527829276502,-0.003756205992359808,-0.1761982723049688,-0.11946803878281737,-0.14032245490137915,0.052595250454931804,-0.15198886486671495,-0.08358765780001255,-0.18791069836072433,-0.004800885334367745,-0.2839934360518955,,,0.07158278237621767,-0.1592244197123804,-0.11390959929873,-0.03886306029819187,-0.17384536692127636,-0.13127477880901992,-0.22010751032034426,-0.26396540806954893,-0.2426968471372097,-0.1740157405453097,-0.11492575627064307,-0.006199242065552012,0.04524028195313584,0.05004535056845084,0.10386744323572979,0.032388862584925356,-0.19491541215775532,-0.2144239527061074,0.07559568969943127,0.0676014398092424,-0.17320722642768724,0.008014405698389246,-0.09714871373618329,0.048415392192096264,0.06222097991454698,-0.027169268857564988,0.48159337368297955,0.39142389375987585,0.5546775736209909,0.3732703559401639,0.3393762728107655,0.18221383030710986,0.14136181006763604,-0.002458248003909466,0.13802127008212542,0.05353230538711511,0.16206790986170452,-0.022786711617921937,-0.45966461495751115,-0.1493689900989346,-0.02955183750615608,-0.16813785051615981,-0.23545786960713289,-0.15658286794332796,-0.06529759290211312,,,-0.07824180504769891,-0.06257731939159883,-0.14137283871740605,-0.12246783152026135,-0.30248772111967415,-0.16627857228424253,0.05966309376443945,-0.05658610047860537,0.13190341184591076,-0.05576085323719393,-0.18494855515180555,-0.19881156791271395,-0.03151113418253937,-0.19955238893864458,-0.14617676643791727,0.014498491166621982,0.1448133971473827,-0.011621915067987822,0.08718109613369766,0.11290180888871142,-0.15774087616917948,-0.13773338429330123
#50,0.3623770923535329,0.5575959825290976,0.05229063154231864,-0.020173301920696402,0.05077476264634353,0.21478409516583857,0.1540611101286739,0.34353597526540064,1.0,0.16387698872225487,0.28344998982702135,-0.2970464135021097,-0.284135287305834,0.054731005527635324,0.04841995577131144,-0.003651623968678635,-0.029886880280203764,-0.3493028182003145,-0.19815441250572824,-0.1314748156979519,0.04680825171181758,-0.030814808053956717,-0.08631857966202892,-0.018295769371918395,0.0003890451280939641,0.022289661781735415,-0.014751769813064386,-0.18116572828069055,0.045106797261091874,-0.01704839105310295,-0.16729434895788767,-0.029093197795030643,-0.13520478110982442,-0.041672323603402145,0.05481353025177647,0.07963407700659628,-0.0033789501105717214,-0.02094873008900881,-0.10065506376651208,0.05738510713952953,,,0.2714146905417919,0.03657252383044021,-0.0031766314320321428,0.17194349528335073,-0.09763131223818841,-0.019521470689461744,0.05259448985839594,-0.008377210245995935,-0.015702895781161165,-0.037879608977320914,-0.031899038415829535,0.0535912516186445,0.030482047069516623,0.04012184756504526,0.2047666584902539,0.17490145521132225,-0.06721391587422015,0.11164454281492975,0.148166867274003,0.1408499285990002,0.10984383051627392,0.25254619197836864,-0.15263499162393065,0.047177141031711174,0.04810164612105274,0.19552464998298166,0.0961287537815909,-0.018171792136572714,0.1742123547498303,0.11230626180113062,-0.04359244955818849,0.15009079621146865,0.10772937214657456,-0.05923221582687302,0.1431963689121378,0.09668513014757474,0.05411530263185416,0.09790588758763498,-0.3762180478149012,0.10204961751501702,0.02373859818255458,-0.21310507831292083,-0.025357147610871208,-0.07958653972310484,0.08424595410180204,,,0.13798400085186813,0.1099077206252864,0.0952882946094622,0.07045976159101583,-0.05653932379164979,0.08284075200179501,-0.03188991125739918,0.0340039893288306,0.051937334451410244,-0.24034280085871348,-0.05730942778421116,-0.009750086993228789,-0.1967720283017971,-0.3445277931481661,-0.29582451516724567,-0.1544083224472954,-0.12758550531181606,-0.03415040416198424,0.16097341144659758,0.05580877081895331,0.03960654341199803,0.040665674088187366
#51,0.6472900896172868,0.5623424852111512,0.5664124372745545,0.6667100206692108,0.0057710262158611,0.28445778023703994,0.6780394863691593,0.3855254676242577,0.16387698872225487,1.0,0.5701058940527055,0.061733817833326675,-0.03084979549460642,0.11756046267087276,0.007753901384856142,0.14773104545895346,0.5404000357480372,-0.0019269713236091067,-0.16564309387852894,-0.026054614634257647,0.03377695126287547,0.05610844585408336,-0.007250386478114786,-0.13891383011696073,-0.028970741752756688,-0.058776998800158964,-0.19666668568158005,-0.22890304866106487,0.027151394838972207,0.05570761147968352,0.019445030737607505,-0.10441469244328326,-0.13012323565372322,-0.17804994457152745,0.028803790813134743,0.040194864832488124,0.01573446053739948,0.017551905959844304,-0.11591110908285368,-0.004808111001458444,,,-0.08988159413427951,-0.07214334202314876,-0.3815418432676748,0.011157951181111346,-0.01956292320066628,-0.08002122064335059,-0.07810337647817182,-0.2231430510949738,-0.13368434863463413,-0.16181501151353006,-0.06444078090446337,0.0032097173813421865,-0.03676419415747771,0.19994980062863305,-0.28914039281008097,-0.16689617667136336,-0.27894915982605156,-0.22336134230076649,0.09201468711910751,0.08897382216872693,-0.12484849867751277,0.006602738527827375,0.032847502296050796,0.014862816907300395,0.013807108915522445,0.012971593620876853,0.1420474878447166,0.16424473714734467,0.2751271622333396,0.303071859259217,0.1836201733019207,0.24891434351962244,0.26651949123697716,0.01537279688459659,0.07984590314183414,-0.07468829803214662,0.3333416998952278,0.09419759917703455,-0.0997172482377929,-0.11145971785671502,-0.02542446040429509,0.10549207743633332,-0.16051058845452487,0.09894372156082015,-0.2220158470288247,,,-0.06177603094106708,-0.1500432589279772,-0.2832419666744628,-0.2156066803193745,-0.3955573556340238,-0.42062889924567837,0.32866327060313405,0.09797738366200612,0.30184767913474536,-0.008276811503262009,0.07670121676430824,-0.041320928003833406,0.05477397923191159,-0.08562833830573319,-0.048144619825329006,-0.1113992504321139,0.15448552299568552,-0.2274069552750222,0.15196072279488804,-0.01295828318149925,-0.20852438567568543,-0.31029144157762933
#52,0.616736926771667,0.4890103308024484,0.44509158533037463,0.45595480535383903,0.0010785258878538437,0.18999739495686466,0.33120746601559603,0.2789328070005305,0.28344998982702135,0.5701058940527055,1.0,-0.058663669916315365,-0.18436137462611926,0.006950711442984733,-0.03751680442971422,-0.014014751769813065,0.40036128335453497,-0.10222113203385415,-0.2305877699880016,-0.11099993725078579,0.022037143731828874,0.008580289521071377,0.03411769851094213,0.01851748326212248,-0.013580831446103179,-0.05371256676611466,-0.2303550274480275,-0.09644211955436649,-0.032283519964708324,-0.054912027503170736,0.13776152636512817,-0.13239019362886312,0.04577688280918724,-0.08923318558745624,0.11033897886112078,0.05940106825783462,0.2055698484321253,0.06451874204938933,0.042425314173906596,-0.07352724742015163,,,0.005665303297376132,-0.1563254060159383,-0.22114610489006528,-0.052566347786569004,-0.013189884826669556,0.14965383350161532,-0.16763737799556191,-0.12365360151967188,-0.019613502870301176,-0.019146116299013315,-0.0839668151731403,0.15526969802416035,-0.024809898403317723,0.19724778143497945,-0.2684540685259449,0.043076384808605386,-0.05907971622143247,-0.16290760843729737,0.16869498747867953,0.1419596389448244,-0.1281323742211016,0.0509782222196869,-0.08108643609182682,-0.033569688706852785,-0.07546410649872695,-0.12468573101883808,0.16255393104812105,0.22762828886695835,0.2379674578772131,0.1891968671028688,0.010777652913179806,0.30555064336959475,0.14329638735660377,0.05535887796799029,0.10078740756375225,0.0032751286834264114,0.11044165939346229,0.04752777603474405,-0.2362743699883819,-0.17367803568338647,-0.1687056358301816,-0.09112516947041564,-0.09047676092359237,0.0676330045654807,0.015605539424570691,,,-0.08726818443705397,-0.025062416453224264,-0.1539306678227734,-0.06104775975797818,-0.15178350380203193,-0.09219152581369568,0.18015413488799265,0.09146591671848231,0.3324274628591204,0.04906760372159885,0.11621230531105546,0.13506863432990496,-0.0006765506186502074,-0.09647824788981998,0.021261715563516467,-0.03746736565488312,0.2138751823054822,-0.07657800012549842,0.19081541653118542,-0.06938960226505649,-0.04915887530590242,-0.15469316584997614
#53,-0.05445947256433221,-0.1363608878443363,-0.19846929947157554,0.10726730975103774,0.4326014493166991,-0.0318503602375343,0.21233877730303877,-0.363748447907694,-0.2970464135021097,0.061733817833326675,-0.058663669916315365,1.0,0.6875416188916967,0.25313945727634185,-0.033455979524741254,0.030053070623289845,0.0957682310235918,0.21189649041743439,0.032101357094369114,-0.03785983346738847,-0.0948939253056172,-0.05363194353331318,-0.11637545326799809,-0.06015253763526734,-0.2191773007569837,-0.22112404759052526,-0.25580002395879087,-0.315687113403042,0.21124465918619972,0.2984801379722116,0.07391325016210214,0.2519320102756592,-0.030324983884860896,-0.049047067615130543,-0.13971207618134904,0.10124300488873424,0.050451128820333785,0.24164684361945074,0.048504381986792244,0.05929724683068931,,,0.04153959950789404,0.06805703713422437,-0.035542676120881606,0.02312555737464894,-0.06891689151801758,-0.2236013105078313,-0.015658400883813175,-0.12564256146095382,-0.24652340830913685,-0.25459980262519893,-0.2484450554569949,-0.10020403002074527,-0.23948751005413546,-0.1158088088487801,-0.23108291833284844,-0.23277220323900036,-0.13479177719085078,-0.11045268804323231,-0.03735631856064712,-0.04974073165583767,0.10923611388411932,0.08298564564187692,0.12269791197235992,-0.1554077462954195,0.1697617241202275,0.022329212801600294,-0.35696925098354637,-0.15835886085456824,-0.2822147810527797,-0.17533575583330005,-0.00020764285429062014,-0.21403756966588897,0.15893767481836005,0.014417867933820496,-0.07269059123070223,-0.21234638326839742,-0.08093735917079765,0.0380651945320715,0.7163792562506774,-0.02865205180423006,-0.03403935706774824,0.6526454498262988,0.31962358077440134,0.2977925587037914,-0.07858863706805247,,,0.06170567576149975,-0.08293886895492135,0.07317813361019047,-0.13594103855653988,-0.024812940789461176,-0.1323924754184707,-0.07639507665862336,-0.030742931681317656,-0.15626645978440892,-0.15259163762138644,0.00011028649770014623,-0.12682947235516817,0.2386017953881229,0.10909692471805638,0.3359672791370272,-0.29699431263940307,-0.21575841932827916,-0.2520381134924121,0.0529702245471123,0.017267442855431515,-0.09075589985225413,-0.18610466188631744
#54,-0.15857144758634198,-0.18206285189474106,-0.15838396054025172,0.030791990157880825,0.4430592713865485,0.12689222156937685,0.20581780290281668,-0.2621605124899459,-0.284135287305834,-0.03084979549460642,-0.18436137462611926,0.6875416188916967,1.0,0.2158493106143148,0.06573683740157406,-0.010982253381326974,0.10003517758978367,0.27578013435937804,0.12727784401305944,0.03329359216433449,-0.11615792265874125,-0.1103910797238274,-0.16225615750433064,-0.026058797915204896,-0.16859763112208906,-0.21357778905995972,-0.17315664675805234,-0.3108162531873749,0.18387421254489897,0.3340806194298188,0.00572158744103,0.22615805576313502,-0.09723352024993202,0.0329585493902868,-0.11143880145197879,0.1326058227467803,-0.11669718560266817,0.1866226281272402,-0.03471856977427396,-0.012708046921200297,,,0.05834421937125287,0.08850909768531459,0.0011203586973263131,-0.0677919692414761,-0.035839308769868204,-0.1906450429071521,0.03936163132745012,-0.12136800892940333,-0.3304670252879333,-0.29176178877093306,-0.30874705031155936,-0.2001095259011643,-0.25040359153684233,-0.14735226838409365,-0.1422642578574376,-0.2930141109672316,-0.14928722597132932,-0.1344966657349359,-0.09636948258519157,-0.046550409486159995,0.202488671865344,0.0439567752988669,0.12216891708166715,0.017657248580061343,0.08446538620239855,0.09715822119288157,-0.2687564056489505,-0.15966100212396583,-0.28895937083454554,-0.12528926437004542,-0.02581578732199664,-0.2708548914913967,0.21722066616847593,0.1333934204596665,-0.09639686406048263,-0.13328503545330603,-0.0676919507970101,0.06658224045118587,0.5666729415880876,0.19469217707447953,0.27284156964307105,0.6656638201341312,0.3313360068301569,0.15888329216604583,-0.054983143279273936,,,0.257671471735282,0.03587962038626895,0.1512392969806219,-0.1485395595765759,-0.09659157677366359,-0.10251814498110869,-0.09157049874216348,-0.06308691907062709,-0.21868937807922753,-0.2089533621219122,-0.15423908971806588,-0.1966202892928924,0.1599899601257266,0.12734705829782297,0.17474477232493443,-0.14812655565760227,-0.32585781028060307,-0.1604588678900862,-0.04469873721960133,0.013263282392380345,-0.17398797877175068,-0.14975347164781339
#58,-0.009397170200588322,-0.04518856138869715,-0.3396474254758007,0.1468441898981371,-0.027184100490014317,-0.10285889222917534,0.2308193716331719,0.04312848567131201,0.054731005527635324,0.11756046267087276,0.006950711442984733,0.25313945727634185,0.2158493106143148,1.0,0.18877245423585717,0.3375767014069134,-0.08672663970351947,-0.1893584938667397,-0.17840780524165104,0.0015588426002513772,0.04936461666885338,0.24017090604160843,-0.36369824853632704,-0.25763382220675674,-0.3001922407744394,-0.06492946417875539,-0.15948188163977006,-0.24724217203552745,0.231785329233718,0.3598237697826405,-0.024133347784667514,0.1575058518395978,-0.19527745610882616,-0.14515072171103796,-0.05164564567990675,0.05139655031441159,0.0492201033270394,0.18515809949743584,-0.19121587060731732,0.16998191681735986,,,0.07978201303282165,0.30982025202366215,-0.22974426842972945,0.11755323700378206,-0.05560797333348545,-0.24367117129965032,-0.01390750765825637,-0.1638606358967338,-0.3723637248694151,-0.28033420611785825,-0.34928038060250655,-0.12578631420623196,-0.17699956075550055,0.20300549721146294,0.03869763055164165,0.16020216655923242,-0.23615419573571553,-0.1333051912615064,0.007120704768750131,0.029378801794247227,0.3860620684803091,0.3874744962474068,-0.21297007242780513,-0.29629684561601666,0.4654394441560516,0.641423608536175,-0.11440094466089754,-0.13314584628724307,-0.12090290414772306,-0.2581209842879771,0.0784057136011774,-0.3433975466958736,0.18953000838557682,-0.036677105854121386,-0.035927157669760394,-0.15925408297727908,0.21979072186315726,0.10276495855699626,0.10712393730402756,-0.07999878304554262,-0.07588813906747062,0.3324289840521921,0.14909441474948804,0.18676181729330313,-0.18257967724086,,,0.02774542073348127,-0.030063338676524,-0.031068466998667055,-0.24588678900861946,-0.16662388311152437,-0.1803994272708085,-0.29663683226754745,-0.227224792404683,-0.24082996293993378,-0.36706350790925324,-0.15080195397250062,-0.3101571962890495,0.01517542208354012,-0.07314961124009561,0.08216115899700135,-0.2807331390009184,-0.21249013601367553,-0.21190409638279303,0.03811843628958192,0.1334440001293014,-0.08848361770136318,-0.15037792140375697
#101,0.0253655141727657,0.04898127601477839,-0.12561974356487793,0.12152431151752319,-0.1323997010855614,-0.07957360958199516,-0.026411334409577433,0.17407202468896354,0.04841995577131144,0.007753901384856142,-0.03751680442971422,-0.033455979524741254,0.06573683740157406,0.18877245423585717,1.0,0.7600667803758487,0.06569082131115433,0.07102336362409037,0.4833507319790912,0.6967064268505789,0.7488993217380392,0.5287537815909017,0.13071650095169643,-0.08422123471438649,0.11511362361500124,0.10557308096740273,-0.04061015054106936,-0.2303527456584199,0.229452199359958,0.10838386546568474,-0.10536924109579143,-0.05535355379223925,-0.5076095781921761,-0.01555838243934718,-0.14955913923290037,0.110926539685075,0.04345782397134072,0.2821813148052017,-0.06584750419754214,0.043319775700081574,,,0.18400123216638808,0.3397972629933657,-0.10260903626714432,0.2698900747856544,-0.44204843859038645,-0.6569865545547373,-0.6021239658263976,-0.6268327048904456,-0.4775591696567618,-0.24697444205490365,-0.4343877102811735,-0.27193379767751846,-0.09559481501341502,0.1240107015932596,-0.19362582073119947,-0.09017214201097921,-0.34800486021186416,-0.41755342715291605,-0.47749033567026616,-0.4294012393920552,0.364331825450701,0.2514642434061034,-0.06127898110488056,0.17194045289720727,0.4659193805701812,0.3209211584645838,0.541834140516407,0.3315425087896437,0.21837829409605955,0.09360471417732928,0.30440860767099637,-0.3466548013607072,0.03462273461075521,-0.4432707172235184,-0.5849481748535377,-0.5491902499130068,0.22556745255303734,0.4240740212548702,-0.04494364930414924,-0.0853233390948521,0.15794813872520216,0.015334386759535504,0.12368858896032157,-0.2506249251287785,-0.3361498223056343,,,0.2783167238064814,0.10287600565123226,-0.1334162383557424,-0.2909859803043527,-0.43173893284503034,-0.18812214419769424,-0.09980129415500577,0.13879974063658126,-0.2940447192733261,-0.19068307273394525,-0.4622498825829098,-0.6286448261371393,-0.20295491754182807,-0.16918861463045468,-0.10048316894940702,-0.2535342068784548,-0.44255841856768263,-0.28755378843627055,-0.5273896517038313,-0.09692395745983574,-0.44939694202162755,-0.41978539768740625
#102,0.045212520179576846,0.049641473807907545,0.018448268977358944,0.33925419706675947,-0.13367141849352446,-0.08758497289424096,0.020492752465758896,0.06939530673907546,-0.003651623968678635,0.14773104545895346,-0.014014751769813065,0.030053070623289845,-0.010982253381326974,0.3375767014069134,0.7600667803758487,1.0,0.2348212503066155,-0.0038246596805874846,0.3239331207466016,0.5864499727135992,0.5746884881812806,0.6865110105856023,0.06643354382842463,-0.07583489730996021,0.13220270658277286,0.18644274704650857,-0.002080611823853448,-0.11081701378391072,0.22880493170793853,0.08674413342384432,-0.17748938492459637,-0.10692161862548798,-0.47302449310994615,-0.06733599161822618,-0.18826817873257995,-0.02791123077829942,0.05523299924130495,0.2328391357341563,-0.19193235254410035,0.21333363757194768,,,0.08654904041239544,0.4106396046419207,-0.22835770094485106,0.4346299602778459,-0.3502094492710633,-0.6068339598747298,-0.4785711433477276,-0.47568810217853863,-0.4010636942554045,-0.1319376386900246,-0.2995232961211478,-0.10777044435951116,-0.05047508761121348,0.37530875465627694,-0.3158856290989023,0.033700891609289164,-0.3969872771214463,-0.38868422503769706,-0.4154195735715522,-0.4378396776591881,0.20979572278538058,0.29385875342030754,0.03232231038803734,0.13108196758717863,0.31832372129461134,0.34141809421128994,0.22656117192714245,0.2553121012810347,0.05428225357147611,0.024899648794549565,0.2940534661334885,-0.17201232926984633,0.0036200592124403168,-0.39868416799295686,-0.5454146487089825,-0.4718413851984111,0.27631521402235776,0.28012922535144313,-0.022910308554999686,-0.11299536226262258,0.07978049183974992,0.0952810689423715,0.06895948492402591,-0.14884950266494013,-0.4137694593869972,,,0.15032087666356725,0.0992734401591168,-0.2441111763956471,-0.28256009188006154,-0.38705122427519906,-0.20751165138818375,0.11837049798156694,0.19436245847618286,-0.10346318617691856,-0.11883370127190755,-0.3617233596309586,-0.4839500820493513,-0.1822758189247827,-0.15863419680055066,-0.09860031222487797,-0.31999361098909873,-0.4131347415778195,-0.3658583426981782,-0.46632744061167175,-0.18332810423214926,-0.39899905495880417,-0.42864368524233554
#201,0.49546627419885414,0.26434532603921257,0.74511725546346,0.7441554811438611,0.09515595081222203,0.5238836819717705,0.17096080455901563,0.2048199002477643,-0.029886880280203764,0.5404000357480372,0.40036128335453497,0.0957682310235918,0.10003517758978367,-0.08672663970351947,0.06569082131115433,0.2348212503066155,1.0,0.29467829618770003,-0.12221949675130205,-0.037326655295748454,0.10286155431705087,0.12514094804555212,0.24205186127479783,-0.018402633185207157,0.2794933666474616,0.002559027044911324,-0.12034652778173922,-0.11515089284525853,0.15350891704363734,0.05574031713072563,0.19202210293533217,-0.13832094511725546,0.027653008254373907,-0.16423484939237845,-0.01496739893098157,-0.08499742347923477,-0.020364211651198033,-0.0843322818086225,0.11042834895408468,-0.11441881867949033,,,-0.05452792625255988,-0.13760104049606106,-0.16302017672460511,0.13337060256359062,-0.07183301863651662,-0.1501938570420781,-0.24112963797506384,-0.2456643145218795,-0.1130269270188609,-0.0894750552858607,0.06640502145832977,0.13541128306931127,0.08377932812705005,0.25884088890917145,-0.353921920962611,-0.14496095287534014,-0.20703665885153727,-0.32555585345586546,-0.19367525950603057,-0.2578909038358785,-0.2557794878523226,0.010093116030903038,0.09536207247344092,-0.008997476720992274,-0.08727731159548434,-0.008058139999201373,0.1391374454985045,0.2214731614004864,0.2637581455135263,0.33813992314172003,0.23264328212617155,0.2372547789231094,0.10045502687758008,0.0012443359326719946,-0.13003576705209896,-0.10487523364574836,0.3688052739763797,0.1600333141282708,-0.0681513511046714,0.051822104076226984,0.08475897646524169,0.12659178593771095,0.07578926151780842,0.009127538728624861,-0.240973335386944,,,0.05644234773332725,-0.16531907975425125,-0.1307309522858778,-0.19112954290049686,-0.30598418339503675,-0.26436358035607327,0.4345154904991985,0.18650549626071727,0.4649051250896078,0.1801583181689399,0.07090128788008435,0.01355154847947245,0.24763273835669317,0.04490219679294471,0.06534398929080078,0.08603221506627648,0.18465990876644553,-0.09859993192661004,-0.12285611605181944,-0.008018208681068562,-0.31744485199742156,-0.3313166116184924
#202,0.07297543463338296,-0.12008754466127784,0.20239017461394973,0.23058282611051847,-0.05554446352274089,0.1024797348560476,-0.14187711422068328,0.006222820558163768,-0.3493028182003145,-0.0019269713236091067,-0.10222113203385415,0.21189649041743439,0.27578013435937804,-0.1893584938667397,0.07102336362409037,-0.0038246596805874846,0.29467829618770003,1.0,0.28347965309191997,0.10379746835443038,-0.03017210398115242,-0.0995533396843144,0.17683337041241445,0.2082334575007178,0.18358594645780685,0.19163343810550615,0.029343053757061664,0.010260447268792914,0.34416727039016703,0.18591299155927996,0.35712555357166625,0.09637480676094261,0.2003472123186215,0.10532132351403206,-0.019979730102319248,0.06009587319334554,-0.13367560177447171,-0.03288591242111188,0.1429168496852081,-0.1191828150818687,,,-0.21714498681315755,-0.15933204412220506,-0.28693542345261386,0.020859359996044897,0.021255630791229562,-0.07111691699800153,-0.030176287262099664,-0.239117860137706,-0.17151870211807121,-0.02953928766331434,0.15185728166601065,0.2089856874746864,0.054142684107145234,0.08258709305708467,-0.4723327305605787,-0.4459324248007712,-0.2937264096230674,-0.3772444728400485,-0.2574889285666748,-0.2665244351144603,-0.12965014460841637,-0.2452528317959776,0.48771465460360564,0.26155013376991576,0.10202413753106561,-0.30872993688950245,0.14168126061269853,0.22027978543571725,0.21346369957958025,0.20178131708699132,0.14168050001616267,0.03988035816490874,-0.11155289093235825,0.03023713498496871,-0.2650154115873079,-0.35470305360494236,0.16106886631184839,0.2960211293717663,0.2157842796104985,9.583516351874776e-05,0.07773334626347445,0.25089683839034954,-0.016910723080111732,-0.21726402017102014,-0.16430596516848164,,,-0.0933746337252307,-0.1800328197405225,-0.13143070109887184,-0.12894545191793924,-0.30041243347157176,-0.23509202267338272,0.2627845819476215,0.2815872889106927,0.25482912248076167,0.4732412631226671,0.05145625714247684,-0.026562312821946252,0.5023413062865205,0.3529118487629848,0.35173558622027257,0.3726337366396465,0.19748242546629322,0.22024403739853166,-0.23060906669100575,-0.15736171879605174,-0.41063694255404515,-0.39121587060731733
