,#10,#11,#12,#13,#17,#18,#26,#49,#50,#51,#52,#53,#54,#58,#101,#102,#201,#202,#301,#302,#401,#402,#501,#502,#601,#602,#701,#702,#801,#802,#901,#902,#1001,#1002,#1101,#1102,#1201,#1202,#1301,#1302,#1401,#1402,#1501,#1502,#1601,#1602,#1701,#1702,#1801,#1802,#1901,#1902,#2001,#2002,#2101,#2102,#2201,#2202,#2301,#2302,#2401,#2402,#2501,#2502,#2601,#2602,#2701,#2702,#2801,#2802,#2901,#2902,#3001,#3002,#3101,#3102,#3201,#3202,#3301,#3302,#3401,#3402,#3455,#3501,#3502,#3601,#3602,#3701,#3702,#3801,#3802,#3901,#3902,#4001,#4002,#4101,#4102,#4201,#4202,#4301,#4302,#4401,#4402,#4501,#4502,#4601,#4602,#4701,#4702,#4801,#4802
#10,1.0,0.18738851413692,0.4165146016580212,0.3665313458949282,0.08994388972040541,0.31957572153992303,-0.04434489027399039,0.5180735242859779,0.19591782338588973,0.32646136181903923,0.3108140432889782,-0.25558539902541705,0.026968472993937904,-0.123285424312632,-0.10630198402121392,-0.23883091054476863,0.29426458628066077,0.23065698918117264,0.36891654535637886,-0.027487886057176444,-0.3101408566214914,0.40421954770057206,0.41683581763133976,0.21452101230872272,0.34491077713762397,0.3303569597933283,0.20322036099207896,0.25046986379075853,0.10055768560474032,0.21753497495198845,0.2918862212016211,0.278579678647339,0.2183380148852849,0.3313616140077502,0.3060949022341596,0.2744414600974583,0.296150875826106,0.26430607098189574,0.41067462188779313,0.27926311688844235,0.2851816920563973,0.15427251416425755,-0.1212453611629385,-0.029234070763195483,-0.1873030843567821,-0.0367621429889488,0.085258920577642,0.23419378207888245,-0.08417225377428769,-0.0785509742412127,0.07330900293195006,0.1888579063552922,0.0017906081916907578,0.21911030009773166,0.10966108297623685,0.3306200835161531,-0.4115528400276109,-0.006038176860148033,-0.09508676248470807,-0.09033344951783433,0.06602696847299394,0.056369986126203704,0.055016778408819085,-0.017468681442601438,0.1476978382848434,-0.002730335773207854,0.08438753682023524,-0.28265297056431493,0.2531557760782947,0.23139851967276978,0.46770754310786705,0.06898967324817692,0.20172021405285712,0.14531605601459824,0.14225083550324974,0.10006561007114592,0.0029763735400050576,0.003765744708479418,0.022010128554733152,0.10699567383593382,-0.07336709518244384,-0.05796581441918001,-0.17420840765724205,-0.004001530901660072,-0.2037978663058113,-0.03916101121522154,-0.2164995660167169,0.02883425939215003,0.2523356501889707,-0.1060730322104443,-0.10455579931519489,0.04454308736391036,0.06747585754413303,-0.221943151607105,-0.0705786671587422,0.21786302530771806,0.21161981697523904,0.2578031561177974,0.22158092933932025,0.18687593545609252,0.2687757570787116,0.22869552142920604,0.517075704453967,0.358005453837164,0.34396763236490135,0.10186305264524771,0.08616105905589841,0.21000348553502962,-0.025512749540387784,-0.2761363869353946,-0.29010244739234137
#11,0.18738851413692,1.0,0.2704843526814699,0.0976701590360787,-0.03350555977009138,-0.10947655465113895,0.08727164619769134,0.1573274831019895,0.33404752629528633,0.06664206288998695,0.06671040671409728,-0.1754659340208722,-0.27461915404014514,-0.2814842911720282,-0.09931724519713776,-0.04078075984663646,0.10786705759334057,0.325296099617958,0.28988374715518833,-0.005658868636335678,-0.26592581961331063,0.22423950409721224,0.1402381098832004,0.16086085880849377,0.052054073633636094,0.06421243994286456,0.23004189476417963,0.2531318557398561,0.006834382411033427,-0.04320354841134781,0.34005153124337917,0.004589287789008946,0.3739193132812553,0.21291493244212986,-0.08813277838148156,-0.2619311230940616,0.008300357438200097,-0.06371353002685912,0.18543046357615894,0.22346721888476548,0.10334611362844197,-0.08389546128664083,-0.15805192763755904,-0.08391596443387393,-0.22549019607843138,0.052033570486402995,0.16919880534995455,0.3044990739411833,-0.14311196768703996,-0.03752417662777903,0.20359283483348029,0.13632200876167824,-0.022905432650578532,0.1278302886159692,0.008949623767248272,-0.06160512305305531,-0.43169718218413194,-0.192189667780671,-0.20886556086359256,-0.06165638092113806,-0.06799185341616605,0.03783855821868657,0.013357800422364834,0.15054777575024433,0.2232690217948455,0.03530641953539868,-0.12754666174591134,-0.14416787976954462,0.05556011181049624,0.1153746266718608,0.2048879503003711,0.020147759347726543,-0.10136755992044778,0.20169287652321297,-0.12185362119752048,-0.08465066054306003,-0.11356693252414246,0.2746054852753231,0.120117688065118,0.055672879120278296,-0.16256945441125212,-0.12856840191636082,-0.0039195183127276705,-0.10123770665463816,-0.2622044983905029,0.11045387133591673,0.0016060798665928553,-0.027443462571504727,0.08629432951291356,-0.279392970154252,-0.08109336449811713,0.11197452142237167,0.016122308107627853,-0.015185997717316276,-0.125943999070524,0.05952063641769011,0.25450214941326826,0.19376841011761972,0.3034329102850621,0.3137323245784895,0.2062138204881116,0.3785393557911139,0.24871684470232847,0.23738543866483505,0.5119328316896644,0.19153698426041732,0.20176463753852883,0.03016354677109603,0.1698617404438248,0.026110758001353207,-0.12271133619010519
#12,0.4165146016580212,0.2704843526814699,1.0,0.4645842303460248,0.08796191882120573,0.2225274913032484,0.27302674293837437,0.3298888045981725,0.024832728490489956,0.3440462277626282,0.3071200595958146,-0.2722988812115993,0.07979141464881526,-0.06730158079265167,-0.16891859567110218,-0.11338240419904455,0.41381160341445744,0.3218618224564137,0.15470991463856368,0.0573712231494201,-0.34604186742665,0.40093562695207047,0.10788072635816265,0.1544467909157389,0.07761808104210663,0.4166615408798584,0.17227086024371407,0.2614356303692617,0.12233202796629282,0.023749478878341158,0.34548144806894526,0.08578858521449709,0.4059554808329745,0.35405176361238117,-0.09732502272432152,0.010432684750442527,-0.09092804078759423,0.0982408299674,-0.027528892351642645,0.27978594714288646,0.07030870905350638,0.0241663762054142,-0.2523834908658479,-0.15831505136038382,-0.4140781443284878,-0.08593894162753983,0.45388842187275746,0.07227359399667849,0.19569570595753114,-0.034756251751310495,0.35889392355059835,0.32094943240454077,0.29668054046296105,0.4363274762676071,0.07209590005399162,0.3193946104060307,-0.41997279915800406,-0.19131486683205873,-0.21367354888975457,-0.13337297275131732,0.12397569693614637,0.21408019464321107,-0.2694113546429377,-0.07722168686226669,0.27805001401048396,0.25809703456147187,-0.0652410144957251,-0.07557460070120764,0.2982216936966491,0.39765854058597994,0.49269062801139973,0.43698015978786076,0.1021876858097718,0.2486416664958071,-0.08730581810974651,-0.01603346113628442,0.07228726276150056,0.022973776474688866,0.07257088963155844,0.058116170832222744,-0.005549518517759143,-0.022861009164906812,-0.06888715751201142,-0.1564731853006103,-0.2373956902384516,0.13671156855910715,-0.09745145879892564,-0.05044799376704324,0.19365905999904318,-0.3386436484667063,-0.3217968958235089,-0.32700127802951084,-0.09878416336907715,-0.24503652977398696,-0.17183345976940795,0.29222452313096725,0.2694694468934315,0.41434810243372355,0.48247322630690476,0.3430996657987001,0.36312440626302805,0.3394637743560303,0.24022512455661943,0.31953471524545685,0.16032777698043316,0.15944272445820434,0.2213895666318113,0.18933289593285904,0.011290399743027221,0.052652082094601524,-0.14375781682488262
#13,0.3665313458949282,0.0976701590360787,0.4645842303460248,1.0,0.2685297193119144,0.21542656797818466,0.09214456085675818,0.33894094410158626,0.046108160936037014,0.3582070681182895,0.39470950457561904,-0.19606134541652143,0.1997792494481236,-0.011628701672373376,-0.11583253029340004,-0.0787355025663106,0.17372316650605868,-0.04122841189455915,0.13037951325528468,0.036560528707823316,-0.3217285519993986,0.35106172130755403,0.266814289326745,0.1828026435391166,0.1920837348533,0.4609244185649164,0.17269459195319814,0.3164216540572311,0.40233667534633233,0.29401513132265805,0.2438986051025499,0.03879878894743676,0.30201477593477266,0.3379157867399312,0.06917420157327483,0.1660174003376185,0.1002638071610659,0.351153985470103,0.09248286278610433,0.34026681428932676,0.2786446052802439,0.2967488842870714,-0.129316766790369,0.03894231097806847,-0.1589848208366651,0.052170258134623664,0.4806245258647202,0.08593894162753983,-0.08714862731429274,-0.11619133536997929,0.25111913011980674,0.13752827725722566,0.04360335978239326,0.28220190132518674,-0.06807386600509845,0.32165337379287723,-0.2731087555273068,0.056575017598534706,0.07363021890526862,-0.008812936119027604,0.16108639342805786,0.03917809717124912,-0.2284426492799978,-0.09833992851235998,-0.11651596853450338,0.2283606366910654,0.01781040056315311,-0.02420396530867488,0.27780397624368675,0.40994676016101805,0.26291527416125043,0.058379294555047534,0.1010224236086906,-0.07651091109151921,-0.06741093091122821,-0.24040965288171734,-0.028878682877821745,0.026507152181193146,0.2316650605868001,0.24829653018404993,0.021111407267682257,0.14023127550078937,0.05437092927097643,-0.17647400542649963,-0.08655061885332732,-0.08377927678565326,-0.16108639342805786,0.13642110730663823,0.22615654836350713,-0.06747927473533855,0.04282082299632994,-0.004985681968848885,0.10067045291452238,-0.062346653544652436,0.2093849739268311,0.13602129593559278,0.0654870522625223,0.3340236059568477,0.19064168016457192,0.24384393004326163,0.12758766804037752,0.04177516248744182,0.12577655670145368,0.19164633437899384,-0.005563187282581209,0.060351013880630675,0.01562681538282793,0.06755787013306543,0.10124112384584368,-0.06684367717111243,-0.2310568005522181
#17,0.08994388972040541,-0.03350555977009138,0.08796191882120573,0.2685297193119144,1.0,0.5111263745651624,0.17558895290427082,-0.05798290037520759,-0.013586752233134453,0.22610529049542438,0.09370621723767932,0.2849288199071891,0.6093740389149734,0.33940909929674207,-0.12135129409030954,-0.0005775053137323246,-0.1094047936358231,-0.17533266356385704,-0.06974828969580164,0.24365940171816375,-0.06454390748979968,-0.0672264025861303,0.282659804946726,0.3578380114680937,0.04312837020482644,0.1860318892283299,0.11926680745494433,0.0762443701774889,0.1724588057600175,0.25350091239005185,-0.14773884457930958,0.018480170039434387,-0.23390332082641352,-0.0268659572577724,-0.03243597892276465,0.10346229812942953,-0.10368099836658261,0.07760441227728457,-0.020814111632802303,-0.06069956738359338,0.15600503010545452,0.11413076907305271,0.296666871698139,0.15191465223245101,0.2509926940452026,0.21047505792139093,0.042448349154928615,0.039253275377770486,-0.06375795351253084,-0.14552108748692924,-0.20520233189127865,0.13261435630369262,-0.34116553557637763,-0.030655622304690437,-0.29528974364231575,-0.1249222589000745,-0.1694140883959021,-0.24825552388958372,0.23951093159466644,0.34952740245627706,-0.07999986331235177,0.00022895181076961981,-0.027016313670815136,-0.013607255380367554,0.03419241520240023,0.1401731832502956,0.2213246399989065,0.34071788352845495,-0.03366958494795618,0.103557979483184,-0.04507275200076545,-0.029746649444022992,-0.19042639711862439,-0.11014290693621472,-0.29940062466255235,-0.16771916155796582,-0.28890643047041054,-0.1633417396236989,0.026561827240481412,0.07029504028868432,0.5121993726036946,0.4596873953485193,0.09703114428064707,0.3679597318188342,0.43626254963470223,-0.034305182512182286,-0.1095073093719886,0.17820993855890213,0.11576418646928971,0.36682522433860265,0.3225281747414895,-0.004350084404622776,0.2941039782940015,-0.29632515257758735,0.03532008830022075,-0.15645951653578824,0.1850989960292238,0.01766346134131589,-0.030542854994908386,-0.2637729891538351,-0.01871595623261504,-0.025481994819538133,0.048008119246304305,-0.09585904769715485,-0.13456557248204265,-0.14458135990541215,-0.12601234289463434,0.08178705431283702,0.20186715327469434,-0.2642855678346626,-0.18053704576985902
#18,0.31957572153992303,-0.10947655465113895,0.2225274913032484,0.21542656797818466,0.5111263745651624,1.0,0.1936009677485494,0.297381064660092,-0.017851406857619313,0.4436881061242901,0.38010101217203507,0.35212788496367525,0.61388131411505,0.41902965438528145,0.12869142079975943,-0.00709067175144718,0.011201552771683786,-0.17224693990527545,0.04681893670678449,0.18204402709149187,-0.039858118221146946,0.013439813011297234,0.18185608157518846,0.09879783213389921,-0.020759436573514034,0.024210799691085916,0.08689233797387899,-0.04299168255660577,0.29908282588043933,0.3375125581776803,-0.06660789097793178,0.13292532070339463,-0.22166294192825264,-0.13603496470041485,0.25978854420820263,0.19635522386019588,0.05213266903136298,0.1434639383812082,-0.2245778060265584,-0.17110218085142737,0.1274988210690341,0.14741762860599103,0.16723392040678245,0.22563371810906308,-0.04744428269739405,0.03615388295436683,-0.03766428146720521,-0.02592281248504979,0.019156773898126696,-0.04453283579029381,-0.18796601945065233,0.044806211086735145,-0.3012664110607645,-0.1888374032080591,-0.20213369418872465,-0.1566918855377634,-0.20924828627861045,-0.14468387564157764,-0.02960312741339129,0.09770774813933938,0.03499887232690218,0.019720610447036952,-0.1897122041566714,-0.1411983406119506,-0.09527470800101148,0.0313219745897662,0.3460760393387052,0.22438302612784397,0.028516460610036973,0.06560665395471538,0.02747080010114886,-0.038744113888148496,0.07167558553571307,-0.061676884068371164,0.056298225110887855,-0.0828873898810134,-0.037455832803668695,-0.25478919347453166,0.19395293844271763,0.04331289852992434,0.41250623637395006,0.4325754003239497,0.03455463747018501,0.3917878060949022,0.2936631606284898,-0.07951803935237392,-0.10547160655827337,0.24420615231104642,0.15291930644687293,0.3097820515449121,0.17375733841811386,-0.11483129327018364,0.09739678373963737,-0.369969040247678,-0.17673712914932443,0.037841975409892085,0.20503488952220833,-0.0574532357383525,-0.08852917256132149,-0.2750087138375741,-0.1333900587073449,-0.1596170012096857,0.15097492465093393,-0.05411805712176819,-0.16555607952487372,-0.2291158359474846,-0.13993739705711494,0.2709217531557761,0.014324865533526063,-0.4051592752820891,-0.2494583751939256
#26,-0.04434489027399039,0.08727164619769134,0.27302674293837437,0.09214456085675818,0.17558895290427082,0.1936009677485494,1.0,-0.1227557596757769,-0.14089762778586512,0.14677519665935387,0.24834778805213267,0.16013299708171871,0.34016771574436677,0.3611321837902118,0.13395047806504964,0.1446326177734949,-0.0995496141991129,-0.20211660823269706,0.025034342771615443,0.1608061837492055,0.016129142490038887,-0.018900484557712944,-0.13205735413719338,-0.11798536075287556,-0.12053800258339654,-0.031011010190064175,-0.10615504479937671,-0.10974992994758029,0.11715498328993501,0.11934540285267121,-0.20412591666154087,0.03676897737135984,-0.10015103985128383,-0.05641782680308094,0.021412120093767726,0.0465353098367266,-0.020735516235075416,0.09359686711910278,-0.2553461956410309,0.01644010688974091,0.1493961823139852,0.12096515148408614,0.11452032887048162,0.08888114325548972,-0.10176737129149324,0.13885756463617166,0.08960217059985374,-0.17927610221502335,-0.013446647393708268,-0.19142421695063525,-0.05582665272452655,0.09645022177570924,-0.08003403522440694,0.10681797989324694,-0.1878327489936372,-0.04665832872012521,-0.27485835742453135,-0.12755691331952787,-0.17666536813400857,-0.00011276730978205155,-0.10254990807755657,-0.03382335855220443,-0.2675318994799035,-0.014779351963859785,0.0008782181398177954,0.24116826932934204,0.06001954633369556,0.4378822982661172,0.04812772093849739,0.2279300705991703,-0.07825026141512723,0.24031397152796288,-0.08592869005392327,0.0009055556694619291,-0.09123900518729625,-0.22435910578940535,-0.059100321899411556,-0.10211250760325043,0.1365372918076258,0.04703763694393756,0.37056704870864343,0.3550256631059534,-0.08798925635084985,0.1000416897327073,0.0699054804912554,-0.10630198402121392,-0.06571942126449744,0.08211852185977214,0.14988825784757961,0.05129545718601139,0.03377210068412168,-0.39193132812553394,-0.01460849240358395,-0.27588351478618633,-0.31456270204143005,0.27426718334597694,0.005163375911535754,0.07535248327284905,0.04879407322357315,-0.00879585016300002,0.1049487763038293,-0.05558061495772935,-0.13967427333429014,-0.02385199461450666,-0.19704891367491575,0.055184220777889405,-0.06598254498732221,-0.10739548520697927,0.09988791612845906,0.07371223149420103,-0.11905152440899679
#49,0.5180735242859779,0.1573274831019895,0.3298888045981725,0.33894094410158626,-0.05798290037520759,0.297381064660092,-0.1227557596757769,1.0,0.19802281316848802,0.41569789295990267,0.46647051989147,-0.24418906635501883,-0.18357492875156337,0.11951967960415256,-0.06788592048879503,-0.26322965575215795,0.1811487229956465,0.26175342915137473,0.40504650797230707,-0.0342265871144554,-0.320494945974207,0.24261374120927562,0.10943213116546724,-0.08070722189189374,0.1901701077782106,0.38232560364682644,0.15295689555013361,0.22569864474196788,0.2166225849001155,0.1115097834184214,0.3845399435480013,0.2512148114735612,0.35006048428433767,0.24780787184166103,0.351564048414765,0.20489478468278213,0.3175014864781744,0.2748481058509148,0.2415885838476206,0.08709053506379896,0.063686192497215,0.13880972395929442,-0.4510589875545896,-0.17319008467799807,-0.46511047779167436,-0.29427142066307177,0.17680205578222924,0.2224078896110553,0.08517349079750408,-0.04580744810995154,0.10904257136803833,-0.12114967980918405,0.10946972026872792,0.06094560515039058,0.028933357937110014,0.2669578113573767,-0.28399592670808305,-0.06097294268003472,-0.21534113819804673,-0.32990589055420005,0.1709039837615074,0.07509277674122977,-0.08440803996746835,-0.21142503707652457,0.17220935080201477,0.11434946931020579,0.054456359051114345,-0.3376048223402292,0.24607193870925853,0.14112657959663474,0.4461894900867283,0.14470437878881076,0.5482199851010463,0.2797551924220368,0.277441753975902,0.21665675681217067,0.18230031643190564,0.031356146501821364,-0.030754720849650422,0.08859751638543183,-0.20465558129839598,-0.13308934588125945,-0.07222233612859574,-0.12652150438425633,-0.3669448260307957,-0.10741257116300686,-0.12641215426567978,-0.13521825600229634,0.17688748556236716,-0.33740662525030923,-0.27764336825702746,0.06068931580997683,-0.15203767111584962,0.09370621723767932,0.04719482773939133,0.1419330367211367,0.41803866893568165,0.21987916811897293,0.16961228548582208,0.30347391657952827,0.053294514041238666,0.16248402463111422,0.5662695890485856,0.34116553557637763,0.29396045626336975,0.07762149823331214,0.21764774226177053,0.1934574457179177,-0.1429581940827917,-0.02416295901420868,-0.011099037035518285
#50,0.19591782338588973,0.33404752629528633,0.024832728490489956,0.046108160936037014,-0.013586752233134453,-0.017851406857619313,-0.14089762778586512,0.19802281316848802,1.0,0.020424551835373398,-0.002446708903149967,-0.11201894490804339,-0.2463316452408778,-0.14859314238068877,-0.04360335978239326,-0.24495451718505457,0.10917584182505348,0.30138601275295757,0.029138389409441016,-0.21675927254833616,-0.16685119499176457,0.0929681039372877,0.11455108359133127,-0.023335998742473635,0.022471449367477907,-0.027057319965281337,0.19502935367245539,0.15592643470772763,0.03472891422166636,0.009352852329499246,0.1742391623780917,0.032179689582350894,0.231347261804687,0.1932319110983536,0.014191595076510912,0.016231658226204388,-0.04728709190194028,-0.12462496326519454,0.24782837498889412,0.043743464621819446,0.04561608540244261,0.023869080570534242,-0.11079900764767392,-0.010070462482657755,-0.12814808739808228,-0.19714801221987574,-0.011382663905576173,0.062018603188922834,0.10800374524156124,0.1478618634627082,0.19445184835872306,0.11407609401376445,0.1714780718840342,0.1862847613775381,0.22647092995441467,0.20035675476185594,-0.15612804898885313,-0.07224967365823988,-0.030587278480580102,-0.07615552320614548,0.0890007449476828,0.22028923106363493,-0.154467294062972,-0.10231753907558143,0.17976134336620672,0.1293816934232738,-0.0998981677020756,-0.21246728039420718,0.1375351116396367,0.019867549668874173,0.2417321058782523,0.1523828074276068,0.0056862061659798116,0.28621026660925786,0.15352414929024938,0.15168911761288692,0.12520246857892686,0.22329977651569516,-0.07391384577532652,-0.17120127939638735,-0.16743553468790792,-0.047666400125752635,-0.04015199666482138,-0.016740819715826378,-0.1375829523165139,0.08859409919422631,0.17454670958658822,0.13883706148893854,0.16431905630847668,-0.07968206453023872,-0.008030399332964277,0.10367074679296605,-0.02969539157594024,0.005607610768252926,-0.038293044649020294,0.3332103144499347,0.060323676350986545,0.3092011290399743,0.1532200192729584,0.1879557678770358,0.246676781552635,0.19195729877869586,0.22394562565353782,0.32297240959820667,0.2472337837191342,0.11473219472522365,0.17442027351198408,0.1555095373806546,-0.13516016375180256,0.1308750059800846,-0.011522768745002358
#51,0.32646136181903923,0.06664206288998695,0.3440462277626282,0.3582070681182895,0.22610529049542438,0.4436881061242901,0.14677519665935387,0.41569789295990267,0.020424551835373398,1.0,0.22479650626371148,-0.019102098838838427,0.31475406474893897,0.1471476705007552,0.03875094827055953,-0.2518504090377873,0.38852097130242824,0.014916039612080455,0.17232895249420785,0.017690798870960027,-0.024764384666379622,0.20933713324995387,0.3097888859273232,-0.008262768334939413,0.3191998305073162,0.23069457828443332,0.2854072266759614,0.098650892912062,0.21929482842282957,0.08060812334693375,0.2904646696601262,-0.04402367430067182,0.17729071412461814,0.08508806101736617,0.12868116922614287,0.02344534886105017,0.10945263431270033,0.1489041067803908,-0.01531585098312591,-0.05402579295921924,0.22701426335609182,0.07430682276396093,-0.11902760407055817,0.0708452080727725,-0.08533751597536889,-0.04569126360896398,0.15977419200513945,-0.056079524873734785,0.042595288376765836,-0.08014338534298349,0.0973626118275822,0.12675729057743698,0.0033488473814063794,0.11882257259822716,0.10800374524156124,0.05126470246516174,-0.323860879311641,-0.20344931280284856,-0.07513036584449047,0.018712539041409522,0.12364764658041676,0.07277933829509496,-0.16769865841073273,-0.14463603496470043,0.0998571614076094,0.2695412079087473,0.17891387994723856,-0.10391678455976326,0.26265556762963116,0.07032237781832845,0.3235020742350618,0.2786514396626549,0.22176204047321263,0.07194212644974336,-0.09642630143727061,-0.13392997491781655,-0.12427299257102632,-0.15124488275616974,0.0907161749328522,0.016402517786480223,0.07914898270217811,0.07329191697592247,-0.26721410069779045,-0.0108769196071597,-0.04091744749485713,-0.11437680683984992,-0.1520547570718772,0.04054497365345581,0.18916545356378872,-0.2257396510364341,-0.1250657809307062,-0.2139264210389628,-0.013265536259815882,-0.1731935018692036,0.030095202946985696,0.3432671081677704,0.21261080242483887,0.2887799943958064,0.05182170463166096,0.002566310595343052,0.0018657863982121255,0.04280373704030235,0.30594112862991135,0.0951346031615853,-0.08269602717350447,0.07871158222787197,0.04437906218604556,0.1585405859799479,-0.08000669769476282,-0.2861555915499696,-0.046422542526944555
#52,0.3108140432889782,0.06671040671409728,0.3071200595958146,0.39470950457561904,0.09370621723767932,0.38010101217203507,0.24834778805213267,0.46647051989147,-0.002446708903149967,0.22479650626371148,1.0,-0.01772838797422071,0.15818519809457418,0.3098401437954059,0.1992427504288575,0.16430880473486015,0.04680526794196242,-0.2564294452531797,0.12765942905569339,0.11430504582453406,-0.14158106602696846,0.1935360411156446,0.055214975498739056,-0.07405053342354719,-0.15876953779071754,0.1586841080105796,-0.15370184323293626,-0.13276471271673534,0.29878553024555937,0.2547140152680103,-0.0801262993869559,0.17674738072294097,-0.005132621190686104,0.04775866428830159,0.20982579159234277,0.23258770221228958,0.14284884396421518,0.32513549163129873,-0.04782017373000089,0.28340475262952863,0.19250404937157853,0.271622277352907,0.08257642548131137,0.07549942249468626,-0.21562476506810463,-0.05898755458962951,-0.08356399373970572,-0.12558861118515025,-0.2074610952781252,-0.11242217347029436,-0.18029442519426733,-0.019085012882810844,-0.06025191533567069,0.13035559291684606,-0.08989604904352819,0.20679474299304942,-0.361272288629638,0.009827841907066068,-0.13719339251908502,0.02831142913770597,0.03667329601760537,-0.036276901837765434,-0.147714924240871,-0.0009602307287501965,-0.18686226669127046,-0.049361326963688924,0.11773248860366733,0.15711220005604193,0.13744284747708774,0.28225999357568055,0.23159329957148422,0.03474941736889946,0.2373341807967523,-0.013737108646177188,0.23597413869695666,-0.16067291329219036,0.1556120531168201,-0.05460671546415708,0.09732843991552703,0.07482281863599397,0.2285007415304916,0.34347897402251243,0.16214913989297358,0.002716667008385787,-0.03983419788270833,-0.09136544126190037,-0.12676070776864248,0.01984704652164107,0.10326068384830404,0.07181569037513925,0.044406399715689694,-0.195463336955556,-0.06457466221064934,-0.07863982121255612,-0.004086960681797989,0.052833193228493905,0.15164127693600968,0.09753688857906355,-0.03971801338172076,0.07750189654111907,-0.03675872579774329,-0.14973106705212583,0.11564458477709662,-0.017014195012267717,-0.0834375576651016,-0.09784443578756005,-0.16257628879366315,0.027515223586820577,0.003779413473301485,-0.1321769558293865,-0.19862082162945346
#53,-0.25558539902541705,-0.1754659340208722,-0.2722988812115993,-0.19606134541652143,0.2849288199071891,0.35212788496367525,0.16013299708171871,-0.24418906635501883,-0.11201894490804339,-0.019102098838838427,-0.01772838797422071,1.0,0.5206637552197596,0.40827575366152036,0.12172718512291637,0.11931464813182156,-0.3176860148032723,-0.18180140651590018,-0.2335274297938067,0.004114298211442123,0.07353453755151415,-0.33642247418312043,-0.1456543579439444,-0.031072519631763475,-0.187692644154211,-0.19468421736069821,-0.2525611848085348,-0.3361798536075288,0.14558259692862854,0.27053561054955266,-0.3185710673255011,0.052761432213178056,-0.3692138409912588,-0.18193467697291535,0.21808855992728218,0.06756128732427094,0.02528721492082368,-0.011492014024152708,-0.286640832701153,-0.27325227755793846,0.09086653134589492,0.18608656428761816,0.2861931806532303,0.31140180017632707,0.18336306289682133,0.16243960114544248,-0.24822476916873407,-0.09467328234884055,-0.040818348949897144,-0.11998441760810284,-0.39401581476089914,-0.26930542171556665,-0.3786657918657181,-0.40540531304888633,-0.1434058461307144,-0.27407240344726247,-0.014622161168406016,-0.18962335718532794,0.03118186975034001,0.02606633451568149,-0.21962629596976468,-0.11046412290953328,0.038809040521053315,-0.11237774998462265,-0.2086024371407678,0.025365810318550563,0.29022546627574,0.3591023722141349,-0.10330169014277024,-0.2008761678250945,-0.3448697708431578,-0.08688208640026245,0.034879270634709095,-0.18441214059691496,0.06123606640285951,-0.14143412680513126,-0.020677423984581632,-0.21474654692828682,0.0915533867782038,0.008156835407568395,0.5762033638830227,0.49199010381426883,0.24652984233079778,0.5606756470451547,0.5839262160074905,0.06776631879660194,-0.013145934567622797,0.42268604897518436,0.17799465551295457,0.4401786507562244,0.286647667083564,-0.11607515086899173,0.06001271195128452,-0.2380073674642391,-0.31549217804933055,-0.20132040268181164,-0.12327517273901543,-0.13834156876413864,-0.2325501131090289,-0.33695213881997554,-0.2328371571702923,-0.29689582350890864,-0.1568593279068337,-0.3253541918684518,-0.3220566023551282,-0.09428372255141164,-0.20828805554986024,-0.04981239620281713,-0.11030351492287399,-0.2768095736028814,-0.08728873215371893
#54,0.026968472993937904,-0.27461915404014514,0.07979141464881526,0.1997792494481236,0.6093740389149734,0.61388131411505,0.34016771574436677,-0.18357492875156337,-0.2463316452408778,0.31475406474893897,0.15818519809457418,0.5206637552197596,1.0,0.5541864009458786,0.12924842296625866,0.10452162740313972,-0.0869128411211121,-0.2988402053048476,-0.14012534257341835,0.181661301676474,0.09080843909540115,-0.12047649314169726,0.09033686670903984,0.09173791510330169,-0.08132231630888674,0.013412475481653101,-0.06866845727485836,-0.25004954927247997,0.19900012985326582,0.40176600441501104,-0.39528359269814584,-0.015589226279567247,-0.4022546627573999,-0.22373375979879578,0.08338629979701884,0.2634073496948448,-0.0721949985989516,0.16043029271659867,-0.3017584865943589,-0.1812068152461403,0.23241342546080823,0.2630280414710325,0.39487011256227833,0.406673090986133,0.23390673801761905,0.3215440236743007,-0.073196235622168,-0.25412625838066144,-0.10963374544659271,-0.17389402606633453,-0.3754057914556551,0.04873939816428489,-0.43925259193952937,-0.11836808616789343,-0.25687368010989686,-0.17776228651097944,-0.1349619666618826,-0.19293461546347365,0.09962820959683978,0.28109473137459934,-0.15272452654815846,-0.08363575475502157,-0.09122533642247418,-0.05568996507630588,-0.2262932360117278,0.16076176026353378,0.39344856102078335,0.5596539068747053,0.06909560617554794,0.09557883801830247,-0.16226532439396113,-0.04250302421421688,-0.12408162986351738,-0.23070824704925538,-0.0745665292955802,-0.23508566898352232,-0.16795153055994094,-0.3426315106035443,0.286541734156193,0.07233510343837779,0.705284344480211,0.6157607692780842,0.1311176265556763,0.480774882277763,0.5574019778702698,-0.012729037240549758,-0.12492567609128001,0.35351184740190955,0.2241711602731019,0.4742309611191985,0.3879400487974904,-0.28724909273573496,0.21273382130823748,-0.5102071501308785,-0.16633519911973155,-0.06551780698337195,-0.05468531086188397,-0.02225958351273587,-0.20559530887991306,-0.4730315270060621,-0.24681005200965014,-0.2862000150356413,-0.2616645821800313,-0.24721328057190112,-0.44294657563269296,-0.21521470212344262,-0.31276867665853375,-0.027945789678715683,0.10911091519214866,-0.42372487510166146,-0.328463835865472
#58,-0.123285424312632,-0.2814842911720282,-0.06730158079265167,-0.011628701672373376,0.33940909929674207,0.41902965438528145,0.3611321837902118,0.11951967960415256,-0.14859314238068877,0.1471476705007552,0.3098401437954059,0.40827575366152036,0.5541864009458786,1.0,0.13304833958679324,-0.03210109418462401,-0.18485295826242662,-0.3014065159001907,0.0012301888339860169,0.09185409960428925,-0.002754256111646471,-0.2163184548828245,-0.05267600243304014,-0.021641071904537346,-0.049333989434044795,-0.039800025970653165,-0.16466077542902835,-0.18882031725203152,0.12649074966340668,0.2259070934055044,-0.41819927692234093,0.12796697626418987,-0.3361696020339122,-0.18284023264237728,0.21227250049549273,0.38719168392348224,0.17715402647639747,0.19798522406522734,-0.05788380183024761,-0.01675107128944293,0.08977303016012958,0.21358470191841114,0.27736315857817506,0.2172137589786699,0.020636417690115434,0.021808514273607665,-0.20440612634039326,-0.17407172000902138,-0.03956082258626699,-0.05269992277147875,-0.32582918144601863,-0.09228124850497885,-0.27606804311128424,-0.128397542356085,-0.17181637381338036,-0.0572071979715553,-0.031844804844210255,-0.2804078759422905,-0.053239838981950394,0.18470943623179492,-0.05507145346810736,-0.04022375768013724,0.022177570923803472,-0.0803723371537531,-0.07836302872490927,0.20010388261264772,0.37054996275261587,0.40546340529938013,0.11719598958440121,0.1199570800784587,-0.108260034581975,0.008419959130393182,0.0656510774403871,-0.016894593320074633,0.1337112746806635,-0.057747114182026944,-0.08211852185977214,-0.3583130010456605,0.04566392607931984,0.01902008624990603,0.5429643450269617,0.48633465236913864,0.08931854372979586,0.3560234829379643,0.28229074829653017,-0.14295135970038067,-0.06398007094088942,0.09535672058994389,-0.003123312761842276,0.2527559647072492,0.19861740443824794,-0.3312010060210909,-0.08573049296400331,-0.2575912902630554,-0.11219322165952474,-0.06609872948830979,0.1609497057798372,-0.0031574846738974434,-0.24774636239996173,-0.2274174919183428,-0.16331098490284926,-0.2446743075062022,-0.09244869087404917,-0.1627881546484052,-0.3709258537852227,-0.05351321427839173,-0.17097916196802876,-0.06439013388555143,0.01020031574846739,-0.11444515066396026,-0.05628455634606579
#101,-0.10630198402121392,-0.09931724519713776,-0.16891859567110218,-0.11583253029340004,-0.12135129409030954,0.12869142079975943,0.13395047806504964,-0.06788592048879503,-0.04360335978239326,0.03875094827055953,0.1992427504288575,0.12172718512291637,0.12924842296625866,0.13304833958679324,1.0,0.485172807359263,-0.04989782598295505,-0.5256152652765533,0.2450194438179594,0.17131746389737493,0.5449428987349558,0.04840793061734976,-0.02212631305572072,-0.26578229758267896,0.1260738523363336,-0.217234262125903,-0.34750784245381666,-0.46527108577833365,0.2678223607323724,0.22580799486054443,-0.28946343263690977,0.06640285950560078,-0.2811494064338876,-0.21455518422077788,0.44204101996323103,0.21839610713577867,0.44190774950621586,0.11214196379144199,0.041166902452859845,-0.07384208476001067,0.08037917153616414,0.23892317470731758,0.31188362413630494,0.3170709203862793,-0.008290105864583546,-0.10436785379889146,-0.32594878313821174,-0.3432226846820987,-0.3414867515496962,-0.259665525324804,-0.5180666899035669,-0.30387714514177927,-0.31031513337297273,-0.27919819025553755,0.17935811480395575,0.030409584537893233,-0.1547338349770023,-0.034886105017120125,-0.17829536833904006,0.047375938873283716,-0.44178473062281726,-0.4990431864624553,0.0886931977391863,0.16993691865034616,-0.4606032025915978,-0.2969129094649362,0.43966948926660243,0.2157614527163253,0.2274414122567814,0.16427463282280497,-0.202102939467875,0.00798597584729256,0.10492827315659621,-0.23758363575475502,0.30514150588782046,-0.3515230421202988,0.08516323922388754,-0.3682672790273307,0.38561294158653353,0.23930931731354096,0.17214442416910997,0.1572078814097964,0.022280086659968973,0.024033105748399047,0.04466268905610345,-0.4570971644147377,-0.42865588201122207,0.05743614978232492,0.062100615777855236,0.14659750271666702,0.12300863182498513,-0.24152024002351027,-0.2584148333435849,-0.4683226375248601,-0.4538952562551685,0.14060033215098516,-0.13656121214606443,-0.4644304567417765,-0.3758158544003171,-0.31734771287392616,-0.5439997539622332,-0.5654665491152892,-0.19627321127126346,-0.3611834416582945,-0.18328446749909444,-0.3768034226587115,-0.5204518893650175,-0.33347685536396504,-0.1274373116273348,-0.25397248477641315,-0.18700920591310766
#102,-0.23883091054476863,-0.04078075984663646,-0.11338240419904455,-0.0787355025663106,-0.0005775053137323246,-0.00709067175144718,0.1446326177734949,-0.26322965575215795,-0.24495451718505457,-0.2518504090377873,0.16430880473486015,0.11931464813182156,0.10452162740313972,-0.03210109418462401,0.485172807359263,1.0,-0.24941053451704837,-0.3918253951981629,0.05173285766031752,0.49271113115863285,0.2706005371824575,0.2370471367354889,-0.14206630717815186,0.07120743034055728,-0.19900012985326582,0.06434912759108523,-0.5139763120305634,-0.3552170258134624,0.08608588084937704,0.17714719209398644,-0.15399230448540518,-0.06440038545916799,-0.21530696628599158,0.07226334242306194,0.04714015268010306,0.1069512503502621,0.15558129839597046,0.30739685208346146,-0.10616529637299325,0.09178575578017892,0.004227065521224174,0.17759826133311463,0.2670364067551036,0.32671423396824745,-0.04919046740341309,0.04902644222554829,-0.12776877917426993,-0.2646409557200364,-0.41497003123312765,-0.2737443530915329,-0.30404458751084956,-0.20975061338582138,-0.3070038750948271,-0.11741127263034876,-0.033526062917324476,0.04369904113614773,-0.1697011324571655,0.21023585453700477,-0.08982428802821234,-0.01989830438972382,-0.3355510904257137,-0.3292156179306857,0.14911255544392732,0.2679590483805931,-0.44956909218898433,-0.18361593504602958,0.25285848044341475,0.43379192039311365,0.01979578865355832,0.23643887670090694,-0.2559373697195853,-0.012004592704980215,0.0790020434803409,-0.24224468455907983,0.12797381064660093,-0.2350822517923168,0.05553619147205763,-0.12345628387290783,0.2767138922491269,0.4547256337181091,0.15448438001899958,0.08551179272685024,0.2085853511847402,0.0027952624061126715,0.1783500433983283,-0.21359153630082217,-0.2491508279854291,0.15520882455456914,0.03415482609913955,0.2712395519378891,0.14317005993753373,-0.04767323450816367,0.03568914495041656,-0.1934608629091232,-0.21688229143173476,-0.20938839111803662,-0.19006759204204512,-0.539964051148518,-0.22345355011994342,-0.23120715696526084,-0.3249509633062008,-0.38777944081083116,-0.4083406802944252,-0.48443469405887135,-0.20923803470499389,-0.35734251874329376,-0.36163451089742277,-0.25251334413165755,0.09921472946097226,-0.23185984048551453,-0.3962779953389512
#201,0.29426458628066077,0.10786705759334057,0.41381160341445744,0.17372316650605868,-0.1094047936358231,0.011201552771683786,-0.0995496141991129,0.1811487229956465,0.10917584182505348,0.38852097130242824,0.04680526794196242,-0.3176860148032723,-0.0869128411211121,-0.18485295826242662,-0.04989782598295505,-0.24941053451704837,1.0,0.21448684039666754,0.08569973824315366,-0.17258524183462162,-0.07707133044922396,0.29424408313342765,0.31656175889665733,-0.09290317730438288,0.328457001483061,0.09903020113587435,0.3825921445608568,0.10205441535275665,-0.151193624888087,-0.25054845918848545,0.31170593019361803,-0.27952282342006163,0.3300425782024207,0.10643183728702356,-0.15705069061434263,-0.06742118248484476,0.059602649006622516,-0.16418920304266704,0.12215433402360595,-0.06337181090630745,0.16347159288950855,-0.11558990971780835,-0.0921924015336354,-0.05788380183024761,-0.20855801365509605,-0.2181979100458587,0.11114756115063662,-0.12217825436204457,0.16216280865779564,0.10201682624949597,0.3434277161544297,0.33122492635952955,0.42957852363671156,0.29029722729105584,0.16989932954708548,0.20911159863038978,-0.14942693703483484,-0.2241438227434578,-0.1247787368694428,-0.02372555853990254,-0.07118692719332417,0.22123921021876858,0.0007210273443640265,0.022266417895146905,0.2560193823085177,0.15535576377640634,0.03915759402401602,-0.35758513931888547,0.29907940868923377,0.20145025594762128,0.5546340529938012,0.23083810031506502,0.09220607029845748,0.28801454356577066,-0.05771294226997178,-0.07687313335930399,-0.08230988456728108,-0.1418920304266705,-0.05740881225268079,-0.270491187063881,-0.17845939351690485,-0.3303808801317669,-0.11914720576275124,-0.1804174440776659,-0.29319500543333404,-0.012223292942133285,-0.21358470191841114,-0.23378713632542594,-0.01683308387837533,-0.3341192873106022,-0.24681346920085567,-0.22171078260512989,-0.10570055836904298,-0.16762006301300583,0.05309973414252421,0.47492123374271283,-0.011512517171385808,0.4016224823843793,0.040657740963237855,0.2233305312365448,0.211612982592828,0.468924063177031,0.21116874773611083,0.34797599764897247,0.19326608301040876,0.35500857714992584,0.20302899828457002,0.004671300377941347,-0.1347193460862909,-0.20046610488043248,0.07272808042701222
