,#10,#11,#12,#13,#17,#18,#26,#49,#50,#51,#52,#53,#54,#58,#101,#102,#201,#202,#301,#302,#401,#402,#501,#502,#601,#602,#701,#702,#801,#802,#901,#902,#1001,#1002,#1101,#1102,#1201,#1202,#1301,#1302,#1401,#1402,#1501,#1502,#1601,#1602,#1701,#1702,#1801,#1802,#1901,#1902,#2001,#2002,#2101,#2102,#2201,#2202,#2301,#2302,#2401,#2402,#2501,#2502,#2601,#2602,#2701,#2702,#2801,#2802,#2901,#2902,#3001,#3002,#3101,#3102,#3201,#3202,#3301,#3302,#3401,#3402,#3455,#3501,#3502,#3601,#3602,#3701,#3702,#3801,#3802,#3901,#3902,#4001,#4002,#4101,#4102,#4201,#4202,#4301,#4302,#4401,#4402,#4501,#4502,#4601,#4602,#4701,#4702,#4801,#4802
#10,1.0,0.037608182533438235,0.42535326514555466,0.44733910306845004,0.1253501180173092,0.21493627065302912,-0.1157387883556255,0.4097812745869394,-0.4320251770259638,0.21436978756884342,-0.18020456333595594,0.08453186467348545,0.2728811959087333,-0.16022029897718332,-0.32125255704169947,-0.22324468922108576,0.29301652242328874,0.3416774193548387,-0.06469866247049567,0.08943509047993706,0.1669110936270653,0.20161762391817467,0.38607710464201417,0.05557828481510622,0.40397797010228165,-0.09416837136113297,0.19300078678206137,0.26822974036191977,-0.0035688434303697875,-0.01581117230527144,0.2859228953579858,0.18619669551534224,0.23235877261998428,0.1494445318646735,-0.015502753737214792,-0.05188985051140834,-0.07217623918174666,0.17279622344610543,0.08152950432730134,0.07318332022029898,0.07191188040912667,-0.1284217151848938,-0.2924815106215578,-0.13020928402832416,-0.30067033831628637,-0.11571361132966168,0.28690479937057434,0.4004972462627852,0.08343666404405979,0.18649252557041698,0.1636317859952793,0.22941935483870968,0.4164343036978757,0.30307474429583003,0.3767616050354052,0.19476317859952794,0.0022659323367427223,-0.09752321007081038,0.1312918961447679,-0.2820078678206137,-0.19577025963808026,-0.24903855232100708,-0.4088308418568057,-0.4786970889063729,0.05060582218725413,0.037073170731707315,-0.31555625491738787,-0.35343509047993704,-0.039376868607395754,-0.20528088119590873,0.06942564909520063,0.06945082612116443,0.23343509047993705,0.05626435877261998,0.05371518489378442,0.08871754523996853,-0.08388355625491739,-0.28623760818253347,-0.19925098347757672,-0.11425963808025177,0.022627852084972463,0.15860267505900866,-0.17194020456333595,0.09661054287962234,0.21943036978756883,-0.2161070023603462,-0.09953737214791503,0.34373564122738004,0.05997797010228167,0.028972462627852084,-0.1530259638080252,-0.11232730133752951,-0.09280881195908733,-0.07353579858379229,-0.14341463414634145,0.2743036978756884,0.3274649881982691,0.18608339889850511,0.2384767899291896,0.36354996066089695,0.21200944138473643,0.24696144767899292,0.3970165224232888,0.3115908733280881,0.33755468135326516,0.339537372147915,0.34355940204563334,0.009774980330448466,-0.08536900078678206,0.04065460267505901,-0.37152478363493313
#11,0.037608182533438235,1.0,-0.11414634146341464,0.09596223446105429,0.09766168371361134,0.0716852871754524,0.12361290322580645,0.01251927616050354,0.3003996852871755,0.10664358772619985,0.3327332808811959,-0.006747442958300551,-0.13723996852871753,0.2707537372147915,0.017932336742722266,-0.06591345397324941,-0.23026278520849724,-0.13548387096774195,0.07852084972462628,0.17987726199842644,-0.29283398898505114,0.16425491738788356,-0.2621306058221873,-0.010328874901652242,-0.29756726986624704,0.2511848937844217,-0.3599433516915814,-0.15833831628638867,0.007697875688434303,0.07757671125098348,-0.008925255704169945,0.1559087332808812,-0.024786782061369,-0.035178599527930766,-0.016100708103855232,0.08215892997639654,-0.1422816679779701,-0.07615420928402833,-0.06845633359559403,0.0820582218725413,0.1480912667191188,0.23081038552321007,0.06525255704169945,0.021501180173092053,0.08331707317073171,0.10045633359559403,-0.22244531864673486,-0.1564185680566483,-0.09974508261211644,-0.09028481510621558,-0.2893280881195909,0.046860739575137686,-0.23351691581431944,-0.037557828481510624,-0.32037136113296616,-0.09107159716758458,-0.17567899291896144,0.26209284028324153,0.03201888276947286,0.22987254130605822,-0.05295357985837923,-0.15781589299763965,0.34493784421715185,0.19997482297403618,0.033737214791502754,-0.08618725413060582,0.29421243115656964,0.20699921321793863,0.17436349331235249,0.2316726986624705,0.026272226593233673,0.07884815106215579,-0.07364280094413847,0.1143351691581432,0.2644846577498033,0.023987411487018096,0.07553737214791503,0.0012525570416994493,0.15002360346184107,0.10770731707317073,-0.11525413060582218,-0.06779543666404406,-0.029797010228166797,-0.16704956726986625,-0.09398583792289536,-0.1110306845003934,-0.1742061369000787,-0.012953579858379229,0.04983792289535799,-0.1551345397324941,-0.007634933123524783,-0.06136270653029111,-0.032704956726986624,-0.08100078678206137,-0.025252557041699448,-0.010209284028324155,0.09550904799370574,-0.12968056648308418,-0.16776081825334382,-0.32510464201416206,-0.027581431943351692,0.05059952793076318,0.08244846577498033,-0.08507317073170732,-0.11940833988985051,-0.13681195908733282,-0.05355153422501967,-0.08193863099921322,-0.008037765538945712,-0.28242958300550747,0.04828324154209284
#12,0.42535326514555466,-0.11414634146341464,1.0,0.3584138473642801,0.3336900078678206,0.47737529504327303,-0.012223446105428797,-0.10050039339103069,-0.30240755310778916,0.3194461054287962,-0.01549645948072384,0.17290322580645162,0.134426435877262,-0.04828324154209284,-0.4009819040125885,-0.42067033831628636,0.32113296616837134,0.39531077891424077,-0.38639181746656176,-0.1455987411487018,-0.052808811959087334,0.1364720692368214,0.39441070023603464,0.24833359559402046,0.3163430369787569,0.22894099134539733,0.2055892997639654,0.4794649881982691,-0.3095326514555468,-0.1863729346970889,0.3439874114870181,0.4013343823760818,0.5401667977970103,0.303477576711251,0.04210857592446892,0.13068135326514554,0.10566797797010229,0.045381589299763964,0.07477576711250984,0.1679622344610543,-0.24304012588512983,-0.4746058221872541,-0.2226782061369001,-0.41552163650668766,0.019033831628638868,0.1417466561762392,0.19343509047993707,0.36071125098347756,0.22234461054287963,0.23414634146341465,0.42543509047993705,0.4839842643587726,0.5233737214791503,0.10362863886703383,0.27309520062942566,0.033932336742722266,-0.05892682926829268,-0.16672226593233674,0.2300739575137687,-0.23046420141620771,0.14746813532651457,0.13743509047993704,-0.2102974036191975,-0.40563335955940205,0.04650196695515342,0.09665460267505901,-0.27704169944925255,-0.1794744295830055,-0.1907789142407553,-0.05887647521636507,0.003052714398111723,0.1772966168371361,-0.003235247836349331,0.053639653815892994,0.01908418568056648,-0.04850983477576711,-0.006785208497246262,0.06641699449252557,-0.15255389457120377,-0.12198269079464988,-0.293249409913454,0.19825019669551533,-0.17166325727773407,-0.142690794649882,-0.018914240755310778,0.09740361919748229,0.15631785995279307,0.21041699449252557,-0.2539984264358773,-0.005406766325727773,-0.14952635719905585,0.19335326514555468,0.15945239968528718,0.13760503540519275,-0.0066341463414634145,0.3712037765538946,0.30648623131392605,0.270558615263572,0.4070180959874115,0.4107065302911094,0.44361290322580643,0.37423760818253343,0.4832541306058222,0.5076066089693155,0.4543068450039339,0.5876443745082612,0.522095987411487,0.18579386309992132,0.05449567269866247,0.07615420928402833,-0.2649315499606609
#13,0.44733910306845004,0.09596223446105429,0.3584138473642801,1.0,-0.260456333595594,0.19726829268292684,-0.2742596380802518,0.06901022816679779,-0.19461211644374507,0.1307694728560189,-0.030155782848151062,-0.2241825334382376,0.1307694728560189,-0.34812273800157356,-0.4880251770259638,-0.26726042486231316,-0.05737844217151849,-0.03915656963021243,0.0867285601888277,0.2924940991345397,0.02832415420928403,0.32614319433516914,0.0625712037765539,-0.00577183320220299,-0.036028324154209285,0.032132179386309995,0.1273579858379229,0.20385837922895358,0.16736428009441384,0.13557828481510623,0.0007112509834775767,-0.03276160503540519,0.10869551534225019,-0.054917387883556254,-0.13880094413847363,-0.034171518489378445,-0.3040818253343824,-0.01063729346970889,-0.16005664830841856,0.06540991345397325,0.14706530291109363,0.20030841856805665,-0.009057435090479937,0.08168056648308418,-0.09785680566483085,0.015225806451612903,0.3282202989771833,0.5123461841070024,-0.11791030684500393,0.017239968528717547,0.15191188040912668,0.1257970102281668,0.21419354838709678,0.4270338316286389,0.2670715971675846,0.3129378442171519,0.06799055861526357,0.16006294256490952,-0.028569630212431158,-0.11776553894571204,-0.15568214004720693,-0.12401573564122738,-0.4299669551534225,-0.6049472856018883,0.19779071597167586,0.3132966168371361,-0.41992761605035406,-0.5664642014162077,0.18908575924468923,-0.11329661683713611,0.22320062942564908,-0.03962234461054288,-0.0506624704956727,-0.09873800157356412,0.05159402045633359,0.03451140833988985,-0.07475059008654603,-0.06519590873328088,-0.3970794649881983,-0.03921951219512195,0.006596380802517702,0.2911093627065303,-0.2580456333595594,0.12819512195121952,0.010442171518489378,-0.16051612903225806,-0.07164122738001573,0.423213217938631,0.2907065302911094,0.0949110936270653,-0.045060582218725415,-0.15067820613690008,-0.02654287962234461,0.10798426435877262,0.036789929189614476,0.08435562549173879,0.3084689221085759,0.3389771833202203,0.2561825334382376,0.14607081038552322,0.09101494885916601,0.09971990558615264,0.2911660110149489,0.12620613690007867,0.19073485444531865,0.16548859166011015,0.21558457907159717,0.021885129819040127,-0.09978914240755311,0.06751848937844217,-0.2054571203776554
#17,0.1253501180173092,0.09766168371361134,0.3336900078678206,-0.260456333595594,1.0,0.4064012588512982,0.11022501966955153,0.10461683713611329,-0.033686860739575136,-0.11069708890637293,-0.03633044846577498,0.6520031471282455,0.3371392604248623,0.3144107002360346,-0.00969315499606609,-0.3094822974036192,0.20543823760818253,0.321051140833989,-0.45856176239181745,-0.4218599527930763,-0.19760818253343823,-0.20770416994492524,0.17875059008654604,0.2817309205350118,0.07982376081825335,0.17639653815892997,-0.09775609756097561,0.17282140047206923,-0.2255483870967742,-0.001076317859952793,0.17780645161290323,0.5440818253343824,0.20453186467348544,0.09799527930763179,0.20099449252557042,0.26845003933910305,0.49089535798583794,0.019833202202989772,0.4008119590873328,0.24362549173878836,-0.12054760031471283,-0.2111848937844217,0.0166294256490952,-0.3115531077891424,0.24719433516915815,0.19943981117230528,-0.1074366640440598,0.05479150275373722,0.10578756884343037,0.13172619984264358,0.11463099921321794,0.38969630212431156,0.09859952793076318,-0.12576553894571205,0.12472069236821401,-0.1747411487018096,-0.04624390243902439,-0.2547789142407553,0.2560629425649095,0.07627380015735641,0.06991030684500393,0.10529032258064516,0.20343036978756884,0.11706687647521637,-0.4128402832415421,-0.4256742722265932,0.10714712824547601,0.25377812745869394,-0.4563398898505114,-0.1373910306845004,-0.30785208497246264,-0.02167741935483871,0.06121793863099921,0.0817309205350118,-0.05797639653815893,-0.16827694728560189,-0.057970102281667976,0.031427222659323364,0.31736900078678204,0.04180015735641227,-0.24223446105428798,0.061916601101494884,0.09075059008654603,-0.19133280881195908,0.2615200629425649,0.008421715184893784,0.1349929189614477,-0.10355310778914241,-0.10690165224232888,0.13599370574350905,0.1827663257277734,0.15420928402832415,0.1356601101494886,0.012827694728560188,0.08365066876475216,0.02515814319433517,0.15678992918961449,-0.03773406766325728,0.17558457907159716,0.13874429583005507,0.16669708890637294,0.1318709677419355,0.297705743509048,0.030300550747442957,0.08415420928402832,0.1290763178599528,0.1490983477576711,0.0440912667191188,0.35080409126671913,-0.024824547600314713,0.009365853658536585
#18,0.21493627065302912,0.0716852871754524,0.47737529504327303,0.19726829268292684,0.4064012588512982,1.0,-0.2706278520849725,0.08322895357985838,0.0500456333595594,0.17916601101494886,-0.15728088119590874,0.34267191188040913,0.3198363493312352,0.09581117230527143,-0.32351219512195123,-0.5877891424075531,0.11247836349331235,0.01170102281667978,-0.3011927616050354,-0.24533123524783634,-0.06562391817466562,-0.15736900078678207,0.25615106215578287,0.08042171518489379,0.08766640440597954,-0.03410228166797797,-0.024667191188040914,0.12653973249409914,-0.11599055861526357,0.08732651455546814,0.09140519276160504,0.35095515342250194,0.18433359559402046,0.16966168371361132,0.2514366640440598,0.2798174665617624,0.2839842643587726,0.04098190401258851,0.29488591660110147,0.4127584579071597,-0.045891424075531075,-0.1326577498033045,-0.04778599527930763,-0.18412588512981903,0.34853186467348546,0.3793296616837136,-0.1826341463414634,0.07261054287962235,0.0661904012588513,0.17221715184893785,0.018429583005507476,0.29682454760031474,0.20200157356412274,0.10796538158929976,0.20640755310778913,-0.04758457907159717,0.15217623918174666,-0.06204248623131393,0.3186530291109363,0.13980802517702595,0.16447521636506687,0.12870495672698662,0.0038520849724626278,-0.023886703383162865,-0.07700393391030684,0.0004028324154209284,0.02726042486231314,0.06897875688434303,-0.2500330448465775,-0.11583320220298977,-0.14004091266719118,0.026568056648308417,-0.0804720692368214,-0.003883556254917388,0.017239968528717547,-0.0702816679779701,-0.09011487018095987,-0.012481510621557829,0.23000472069236821,-0.018492525570416994,-0.1298630999213218,0.10670023603461841,-0.16464516129032258,0.009044846577498033,0.28430527143981116,0.17216679779701022,0.30279150275373723,-0.006464201416207711,-0.04701809598741149,0.1706498819826908,0.27887962234461056,0.20386467348544454,0.09078206136900079,0.20443745082612116,0.15148387096774193,0.13132336742722267,0.26505743509047996,-0.024478363493312352,0.0853249409913454,0.1246955153422502,0.16477734067663258,0.13720220298977184,0.354750590086546,0.15234618410700235,0.09705114083398898,0.13622029897718332,0.23389457120377655,-0.0597639653815893,0.036003147128245476,0.04850983477576711,-0.20494099134539734
#26,-0.1157387883556255,0.12361290322580645,-0.012223446105428797,-0.2742596380802518,0.11022501966955153,-0.2706278520849725,1.0,-0.13985837922895358,0.13929819040125885,0.33046105428796224,0.2519590873328088,0.2548985051140834,-0.06948229740361919,0.5843147128245476,0.19794807238394965,0.08963021243115657,0.4322895357985838,0.4304893784421715,-0.2430527143981117,-0.28645790715971675,-0.09766168371361134,-0.18281667977970104,-0.08041542092840283,0.00781117230527144,-0.15018725413060582,-0.09691266719118805,0.10716601101494885,0.07716129032258065,-0.3228450039339103,-0.46948859166011014,0.2155153422501967,-0.05507474429583006,0.23802360346184107,-0.1557136113296617,-0.19020613690007868,-0.3673894571203777,-0.025863099921321794,-0.4292871754523997,-0.1898725413060582,-0.2526640440597954,-0.3477765538945712,-0.35680251770259636,-0.24154209284028325,-0.4092084972462628,-0.3722989771833202,-0.27711093627065303,0.019147128245476003,-0.16819512195121952,0.040151062155782846,-0.02174036191974823,-0.013180173092053502,0.08870495672698663,0.057139260424862316,-0.26808497246262786,0.07759559402045633,-0.44069866247049566,-0.09025963808025177,-0.2648119590873328,-0.18029897718332022,-0.20453186467348544,0.3077513768686074,0.27305114083398896,0.23232730133752952,0.26945082612116444,0.2151628638867034,0.1047741935483871,0.3174948859166011,0.4870936270653029,0.05001416207710464,-0.22851927616050355,0.20169315499606608,0.3106530291109363,0.22486860739575137,0.5581180173092054,0.17069394177812747,0.22430841856805664,0.4323398898505114,0.4517765538945712,0.1604594807238395,-0.19548701809598742,-0.1293406766325728,-0.32952321007081037,0.2685570416994493,-0.29437608182533437,-0.1930889063729347,0.23641856805664832,0.0745051140833989,-0.2204437450826121,-0.313573564122738,-0.3338347757671125,-0.3687490165224233,0.089573564122738,0.021104642014162078,0.021501180173092053,-0.1420991345397325,0.204720692368214,-0.21479779701022816,0.11132022029897719,0.1780330448465775,0.11611014948859166,0.12170574350904799,0.258492525570417,-0.00859795436664044,0.16198898505114084,0.15901180173092053,0.23301337529504326,0.14483713611329663,0.47643745082612116,0.11895515342250197,-0.01085129819040126,0.06551062155782848
#49,0.4097812745869394,0.01251927616050354,-0.10050039339103069,0.06901022816679779,0.10461683713611329,0.08322895357985838,-0.13985837922895358,1.0,-0.09858693941778128,0.1322738001573564,-0.3432383949645948,0.20519905586152637,0.4733721479150275,-0.14626593233674273,-0.23285601888276947,-0.10052557041699449,0.08704327301337529,0.06565538945712038,-0.04602360346184107,0.03814319433516916,0.05701966955153422,0.15842014162077106,0.08012588512981904,-0.17652871754523997,-0.007175452399685287,-0.2775263571990559,-0.23452399685287176,-0.21590558615263572,0.025384736428009442,0.16189457120377657,-0.04024547600314713,-0.06303697875688434,-0.16280723839496458,-0.08885601888276948,-0.19512824547600316,0.09790086546026751,-0.011461841070023604,0.2664484657749803,0.02710306845003934,0.12148544453186468,-0.13883870967741935,0.12057907159716759,-0.178360346184107,0.20932808811959086,0.000925255704169945,0.07628009441384737,-0.036531864673485445,0.0005916601101494886,-0.4311565696302124,-0.260059795436664,-0.31197482297403617,-0.14858221872541305,-0.20730133752950433,0.13717073170731708,0.08838394964594808,0.019594020456333596,0.1319213217938631,0.18462313139260425,-0.022105428796223445,0.08620613690007868,-0.24419197482297403,-0.16574665617623918,-0.29160031471282455,-0.2647993705743509,-0.24468922108575925,-0.20121479150275373,-0.20140991345397324,-0.2311502753737215,0.06828009441384736,-0.04645161290322581,0.11601573564122739,-0.12095043273013376,0.4283493312352478,-0.0017560975609756098,0.07843273013375295,0.23004248623131393,0.037306058221872544,-0.2463320220298977,-0.027298190401258852,-0.07509677419354839,0.16261841070023603,0.03690322580645161,-0.17294728560188827,0.23204405979543666,0.3437482297403619,-0.2070558615263572,-0.010939417781274587,-0.02400629425649095,0.006955153422501967,-0.10614004720692369,0.14157041699449252,-0.27786624704956725,-0.1195279307631786,0.025271439811172306,0.21167584579071597,0.2468481510621558,-0.04671597167584579,-0.14833674272226594,-0.1403933910306845,-0.07057749803304485,-0.17292210857592447,-0.11862155782848151,0.12052242328874901,-0.1384673485444532,-0.12981904012588513,-0.17811487018095987,-0.029413060582218726,-0.18097875688434303,0.06488119590873329,0.03361132966168372,0.023043273013375293
#50,-0.4320251770259638,0.3003996852871755,-0.30240755310778916,-0.19461211644374507,-0.033686860739575136,0.0500456333595594,0.13929819040125885,-0.09858693941778128,1.0,0.08805035405192761,0.2617844217151849,0.03133910306845004,-0.07776553894571203,0.41169472856018885,0.11013690007867821,-0.01740991345397325,-0.02725413060582219,-0.15500236034618411,-0.10653029110936271,-0.3012179386309992,-0.14510778914240755,-0.4282360346184107,-0.2644846577498033,-0.15024390243902438,-0.5482486231313926,-0.03811801730920535,-0.1824138473642801,-0.15191188040912668,-0.11095515342250196,-0.06964594807238395,-0.13294099134539733,-0.20291424075531078,-0.23237765538945712,-0.19053973249409914,0.030420141620771047,-0.07001101494885917,-0.15877261998426437,-0.15548701809598742,0.015143981117230526,0.01803933910306845,0.010316286388670338,0.22571203776553894,0.1412871754523997,-0.06534697088906373,0.05635877261998427,0.04779228953579858,-0.06076475216365067,-0.3009095200629426,-0.19575137686860739,-0.2679087332808812,-0.32917702596380805,-0.292066089693155,-0.33397324940991346,-0.17691266719118803,-0.16858536585365855,-0.0986624704956727,0.1590558615263572,0.07548701809598742,-0.17119118804091266,0.11380645161290323,0.12164909520062943,0.19305114083398897,0.2858410700236035,0.3680125885129819,0.22068922108575925,0.06012273800157356,0.3636632572777341,0.38910464201416206,-0.16627537372147916,-0.1074366640440598,-0.03352950432730134,-0.15082926829268292,-0.11123210070810385,0.08125255704169945,0.027474429583005507,0.011304484657749803,0.21006451612903226,0.18746184107002362,0.10732336742722266,-0.007018095987411487,-0.026593233674272226,-0.10174036191974822,0.13010857592446892,0.0961573564122738,-0.03717387883556255,0.14359087332808812,-0.0024421715184893785,-0.13402360346184106,0.23006766325727773,-0.09003933910306845,0.08229740361919748,-0.1411675845790716,-0.21319905586152635,-0.0017183320220298978,0.017510621557828482,-0.09437608182533438,-0.08013217938631,-0.02422029897718332,-0.03307631785995279,-0.2940047206923682,-0.07052084972462627,-0.08116443745082612,-0.20046577498033044,-0.0291801730920535,-0.1933910306845004,-0.21701966955153423,-0.25052399685287174,-0.03246577498033045,0.12695515342250197,-0.06063886703383163,0.19879150275373722
#51,0.21436978756884342,0.10664358772619985,0.3194461054287962,0.1307694728560189,-0.11069708890637293,0.17916601101494886,0.33046105428796224,0.1322738001573564,0.08805035405192761,1.0,0.13422501966955153,0.05392918961447679,0.13622029897718332,0.10750590086546027,-0.15607238394964595,-0.10252714398111723,0.3008088119590873,0.22373564122738002,-0.12433674272226593,-0.07677734067663257,0.02359716758457907,0.012739575137686861,0.13783792289535798,-0.06089063729346971,0.03984893784421715,-0.27114398111723054,0.2052053501180173,0.14986624704956727,-0.3122077104642014,-0.3277922895357986,0.13496144767899293,-0.07305114083398899,0.1254822974036192,-0.06439024390243903,-0.2043682140047207,-0.15790401258851297,-0.2786593233674272,-0.3639842643587726,-0.18158929976396537,0.1105963808025177,-0.25167584579071595,-0.2821589299763965,-0.27996852871754524,-0.366162077104642,-0.2819323367427223,-0.03877891424075531,0.026372934697088908,-0.11176711250983477,0.054099134539732495,0.030357199055861525,-0.03545554681353265,0.04797482297403619,0.1668859166011015,0.07706058221872542,0.15052714398111722,-0.13012745869394177,0.058561762391817464,0.000925255704169945,0.20823288749016522,0.05043587726199843,0.10459166011014949,0.13447049567269867,-0.15793548387096773,-0.1328654602675059,0.3285601888276947,0.26521479150275373,-0.07354209284028324,0.10172147915027538,0.05676789929189614,-0.08940991345397326,0.24597324940991344,0.23418410700236034,0.0669897718332022,0.13271439811172306,0.030904799370574353,0.13970731707317074,0.07239653815892998,0.20655232100708104,0.002977183320220299,-0.2574162077104642,-0.00235405192761605,0.01063729346970889,-0.1563115656963021,-0.07390715971675846,-0.19507789142407553,0.08202675059008654,-0.007584579071597168,0.14614634146341463,-0.1452840283241542,-0.2812588512981904,-0.3317324940991345,-0.027121951219512195,0.016648308418568056,-0.012726986624704957,-0.041951219512195125,0.4335861526357199,-0.054634146341463415,0.03228324154209284,0.17098977183320221,0.08224704956726987,0.02638552321007081,0.2451927616050354,0.08706215578284815,0.37302911093627067,0.09076317859952793,0.20247364280094413,0.11794807238394965,0.18891581431943352,-0.13238709677419355,0.026744295830055075,-0.1402738001573564
#52,-0.18020456333595594,0.3327332808811959,-0.01549645948072384,-0.030155782848151062,-0.03633044846577498,-0.15728088119590874,0.2519590873328088,-0.3432383949645948,0.2617844217151849,0.13422501966955153,1.0,-0.16140991345397324,-0.4039527930763179,0.2862564909520063,0.09713926042486232,0.11432887490165224,-0.08165538945712038,-0.03125727773406766,0.10614004720692369,0.10826750590086547,-0.34640440597954364,0.03278048780487805,0.017000786782061367,0.2540991345397325,0.013815892997639655,0.28678520849724626,-0.016415420928402834,0.17386624704956727,-0.1481038552321007,0.028884343036978757,-0.07406451612903225,0.19140204563335955,0.048893784421715186,-0.01923524783634933,0.15299449252557043,0.15741306058221874,-0.18444689221085758,-0.1334571203776554,-0.1879213217938631,0.07414634146341463,0.13216679779701024,-0.03272383949645948,0.10846892210857592,-0.08882454760031472,-0.05424390243902439,0.08010700236034618,0.012305271439811173,-0.04003147128245476,0.09692525570416995,0.08932808811959088,-0.036317859952793075,0.07766483084185681,-0.08217151848937844,-0.12723210070810387,-0.14738001573564122,-0.04623760818253344,-0.18336428009441386,0.1791093627065303,-0.25313611329661684,-0.04798111723052714,-0.010952006294256491,-0.11914398111723053,0.22826121164437452,0.035770259638080254,0.25180802517702594,0.22326986624704956,-0.012185680566483083,0.17220456333595593,0.02054445318646735,0.15319590873328087,-0.008862313139260425,0.14403147128245475,-0.342294256490952,0.16092525570416993,0.11744453186467349,-0.14273485444531864,0.13251927616050355,0.309110936270653,-0.06438394964594807,0.09830999213217939,-0.2870558615263572,0.06300550747442958,0.043568843430369784,-0.3648906372934697,-0.38440283241542095,-0.022955153422501966,-0.11128245476003147,-0.055389457120377655,-0.05922895357985838,-0.3639464988198269,-0.10107317073170732,0.2151880409126672,0.14822974036191974,0.11647521636506687,-0.06647993705743509,-0.06197954366640441,0.1309645948072384,0.08547600314712825,0.0878552321007081,-0.17644059795436665,0.01978914240755311,0.0042360346184107,-0.08232887490165225,0.11901180173092053,0.06830527143981117,0.08645790715971675,-0.20839653815892997,0.08404720692368214,-0.15218882769472855,-0.27390715971675844,-0.19579543666404406
#53,0.08453186467348545,-0.006747442958300551,0.17290322580645162,-0.2241825334382376,0.6520031471282455,0.34267191188040913,0.2548985051140834,0.20519905586152637,0.03133910306845004,0.05392918961447679,-0.16140991345397324,1.0,0.5407395751376869,0.38157671125098347,-0.11726199842643588,-0.35428481510621557,0.37520692368214004,0.3938882769472856,-0.5374980330448466,-0.5521762391817466,-0.16937844217151848,-0.26810385523210073,0.062319433516915816,0.1543225806451613,-0.020254917387883556,-0.07611014948859166,-0.07675216365066877,0.0754492525570417,-0.2366955153422502,-0.15178599527930764,0.10264044059795437,0.249705743509048,0.06797797010228167,-0.08591030684500393,0.0202360346184107,0.0665302911093627,0.26729819040125885,-0.1455483870967742,0.18579386309992132,0.02904799370574351,-0.2145460267505901,-0.0531675845790716,-0.1116601101494886,-0.3051644374508261,0.15505271439811172,0.099147128245476,-0.08901966955153423,-0.022300550747442957,-0.020254917387883556,-0.0011266719118804092,-0.07874744295830055,0.13357671125098347,-0.013211644374508261,-0.09755468135326514,0.21467820613690008,-0.29383477576711253,0.08471439811172306,-0.245507474429583,0.23124468922108576,-0.043021243115656964,0.18728560188827695,0.23553737214791504,0.07925727773406767,0.11439181746656177,-0.21093312352478363,-0.20643273013375296,0.18294256490952007,0.2587820613690008,-0.26373564122738,-0.2625837922895358,-0.0909645948072384,0.08662785208497246,0.21428796223446106,0.2700487804878049,-0.042813532651455544,0.08585995279307632,0.06572462627852085,0.145705743509048,0.2638048780487805,-0.05465932336742722,-0.019436664044059797,-0.10252084972462627,0.08445003933910307,-0.051021243115656964,0.4271345397324941,0.14964594807238396,0.24614319433516915,-0.18673170731707317,-0.08746498819826908,0.061073170731707316,0.1042895357985838,0.2426372934697089,0.12447521636506688,0.1041573564122738,0.11897403619197482,0.2058347757671125,0.0219543666404406,0.12851612903225806,0.176918961447679,0.2268701809598741,0.0991597167584579,0.07332179386309992,0.1471219512195122,0.049145554681353266,0.040887490165224236,0.06332651455546813,0.1215483870967742,0.1758426435877262,0.3080031471282455,0.10308103855232101,0.09443273013375295
#54,0.2728811959087333,-0.13723996852871753,0.134426435877262,0.1307694728560189,0.3371392604248623,0.3198363493312352,-0.06948229740361919,0.4733721479150275,-0.07776553894571203,0.13622029897718332,-0.4039527930763179,0.5407395751376869,1.0,0.040182533438237605,-0.11388827694728561,-0.237771833202203,0.17390401258851299,0.10345869394177813,-0.1896774193548387,-0.0996443745082612,0.06809756097560976,0.04047836349331235,0.01433831628638867,-0.2144390243902439,-0.050744295830055075,-0.24513611329661683,-0.08669079464988198,-0.005765538945712038,0.1412053501180173,0.051996852871754526,-0.0743351691581432,0.09630212431156569,-0.18355940204563337,-0.15508418568056648,-0.004399685287175452,0.03480723839496459,0.3286294256490952,0.05549016522423289,0.1573627065302911,0.054136900078678205,-0.01895830055074744,0.1317765538945712,-0.019121951219512195,0.044821400472069235,0.1936679779701023,0.25359559402045634,-0.024616837136113297,0.2073957513768686,-0.19930133752950432,-0.0003021243115656963,-0.1083808025177026,0.08537529504327301,0.022904799370574352,0.22926199842643588,0.2938725413060582,0.029167584579071596,0.09533910306845005,0.036494099134539736,0.16429268292682928,-0.10856963021243116,-0.23703540519276162,-0.046319433516915816,-0.0966168371361133,-0.043285601888276945,-0.29202832415420926,-0.14311250983477578,0.02281038552321007,0.004922108575924469,-0.038099134539732495,-0.17294728560188827,0.01785051140833989,0.026026750590086547,0.23677104642014163,-0.025548387096774195,-0.14673170731707316,0.01656648308418568,-0.1752509834775767,-0.08685444531864674,0.16969944925255703,0.01743509047993706,0.019273013375295044,0.03376239181746656,-0.4009063729346971,0.020934697088906374,0.24767899291896145,-0.24229110936270654,0.008484657749803304,0.037589299763965384,0.10361605035405193,0.1089976396538159,0.13727143981117232,-0.1274335169158143,0.13951219512195123,-0.0071565696302124315,0.10816050354051927,0.12951691581431943,-0.13212273800157356,-0.06313139260424862,0.1295483870967742,0.06672541306058222,-0.1173249409913454,-0.20181274586939418,0.0876978756884343,-0.1203398898505114,-0.16202675059008653,-0.2101652242328875,-0.054325727773406766,-0.09214791502753737,0.048673485444531865,0.1819795436664044,-0.025170731707317075
#58,-0.16022029897718332,0.2707537372147915,-0.04828324154209284,-0.34812273800157356,0.3144107002360346,0.09581117230527143,0.5843147128245476,-0.14626593233674273,0.41169472856018885,0.10750590086546027,0.2862564909520063,0.38157671125098347,0.040182533438237605,1.0,0.18974036191974822,-0.032132179386309995,0.05656018882769473,0.19193076317859953,-0.10329504327301338,-0.2644846577498033,-0.1547946498819827,-0.20524940991345397,-0.09954366640440598,0.01995279307631786,-0.16951062155782848,0.022986624704956726,-0.058561762391817464,0.004827694728560189,-0.1283398898505114,-0.044059795436664044,0.036777340676632575,0.21111565696302123,0.021010228166797797,-0.011833202202989772,0.1629897718332022,0.06140047206923682,0.244720692368214,-0.04438080251770259,0.08782376081825334,-0.05440125885129819,-0.032887490165224235,-0.15261054287962234,0.11892997639653816,-0.19482612116443745,0.0006294256490952006,0.09029740361919748,-0.24497875688434304,-0.26602675059008657,0.07752635719905586,0.054350904799370575,-0.267140833988985,0.021998426435877263,-0.09472226593233675,-0.23641856805664832,-0.081705743509048,-0.3396569630212431,0.013438237608182534,-0.09452084972462628,-0.0879874114870181,-0.15206294256490951,0.24794335169158144,0.12073642800944138,0.499147128245476,0.507140833988985,0.06918646734854446,-0.032686073957513766,0.6411014948859166,0.6810826121164437,-0.10857592446892211,-0.2182407553107789,-0.12362549173878835,0.08464516129032258,0.08588512981904013,0.4312887490165224,0.178624704956727,-0.07245318646734854,0.23491424075531078,0.29304169944925257,0.3290889063729347,0.18007238394964595,-0.1329472856018883,-0.056931549960660896,0.06622816679779701,-0.3503383162863887,-0.017340676632572778,0.23081038552321007,0.19833202202989772,-0.15262313139260425,-0.12317230527143981,-0.18483084185680568,0.0035751376868607397,0.33548387096774196,0.11002360346184108,0.12300865460267506,0.021035405192761605,-0.06474272226593233,-0.07592761605035406,-0.19393233674272226,-0.06782061369000787,-0.11362391817466562,-0.021507474429583007,0.06079622344610543,-0.01876317859952793,0.021375295043273013,-0.0846955153422502,0.0041353265145554685,-0.0950432730133753,0.169705743509048,0.08781117230527144,-0.058706530291109366,0.02311880409126672
#101,-0.32125255704169947,0.017932336742722266,-0.4009819040125885,-0.4880251770259638,-0.00969315499606609,-0.32351219512195123,0.19794807238394965,-0.23285601888276947,0.11013690007867821,-0.15607238394964595,0.09713926042486232,-0.11726199842643588,-0.11388827694728561,0.18974036191974822,1.0,0.4431597167584579,-0.04516129032258064,-0.26899134539732494,0.38439653815893,0.07548072383949646,0.2183225806451613,-0.1505460267505901,-0.17752950432730133,-0.20169315499606608,0.022073957513768686,0.01859952793076318,-0.08360031471282454,-0.25973878835562547,0.02095357985837923,-0.1989362706530291,-0.33960031471282454,-0.10161447678992919,-0.20484657749803303,-0.1340865460267506,0.020997639653815892,-0.012840283241542093,0.16052871754523998,0.004311565696302124,0.001007081038552321,-0.15772147915027537,0.09720849724626278,0.05476003147128246,0.12241070023603462,0.13048623131392603,-0.0928906372934697,-0.12300865460267506,-0.24875531077891425,-0.3306876475216365,0.20322895357985837,0.04964280094413848,-0.17304169944925255,-0.16143509047993707,-0.1057560975609756,-0.333904012588513,0.00746498819826908,-0.039320220298977186,0.05583634933123525,0.05151219512195122,-0.17674901652242328,0.02114240755310779,-0.2594177812745869,-0.22665617623918174,0.5494822974036192,0.6235468135326514,-0.22670653029110938,-0.28813847364280093,0.3146435877261998,0.4792069236821401,0.17560346184107004,0.28976239181746655,0.0034366640440597956,0.04032100708103855,0.13026593233674272,0.04647678992918961,0.12091266719118804,-0.07187411487018096,-0.0809315499606609,-0.11973564122738002,0.2725916601101495,0.021444531864673485,-0.09440125885129819,-0.34724783634933126,0.19095515342250197,-0.21421243115656963,-0.3418221872541306,-0.3294980330448466,-0.36673485444531867,-0.3564500393391031,-0.0410889063729347,0.015911880409126673,-0.01973878835562549,-0.16635090479937056,-0.22094728560188828,-0.28726357199055863,-0.2771990558615264,-0.39116915814319436,-0.3943855232100708,-0.31130133752950434,-0.2600094413847364,-0.1700833988985051,-0.12027065302911094,-0.3886577498033045,-0.4189394177812746,-0.34272226593233673,-0.20336113296616837,-0.2504610542879622,-0.24104484657749803,-0.23716129032258065,-0.11014319433516916,-0.3865428796223446,-0.04515499606608969
#102,-0.22324468922108576,-0.06591345397324941,-0.42067033831628636,-0.26726042486231316,-0.3094822974036192,-0.5877891424075531,0.08963021243115657,-0.10052557041699449,-0.01740991345397325,-0.10252714398111723,0.11432887490165224,-0.35428481510621557,-0.237771833202203,-0.032132179386309995,0.4431597167584579,1.0,-0.15349173878835562,0.05834146341463415,0.5071093627065303,0.3986782061369001,-0.16169944925255705,0.2781369000786782,-0.25003933910306847,0.07036349331235248,-0.16822659323367428,0.08673485444531864,-0.15541778127458694,-0.03203147128245476,0.16740833988985052,-0.05157513768686074,-0.16256805664830842,-0.275537372147915,-0.19644374508261211,-0.26417623918174665,-0.09710778914240756,0.007918174665617624,-0.25839181746656176,0.08930920535011802,-0.347933910306845,-0.36231628638867036,0.022029897718332022,-0.009510621557828482,0.018907946498819828,0.44035247836349334,-0.3193957513768686,-0.3340865460267506,0.07271754523996853,-0.09856176239181746,-0.04901337529504327,-0.21780015735641228,-0.10208654602675059,-0.28862313139260426,-0.21997797010228168,0.0607081038552321,-0.36742722265932337,0.06895987411487019,-0.29138630999213216,-0.08699291896144767,-0.10592604248623132,-0.05191502753737215,-0.18186624704956728,-0.2818505114083399,0.1952918961447679,0.2767710464201416,0.021759244689221087,-0.03545554681353265,0.15091738788355624,0.11830684500393392,0.278822974036192,0.2211927616050354,0.22520220298977184,0.05372147915027537,-0.05421872541306058,0.06145712037765539,-0.12360031471282455,-0.03298819826907946,-0.17498033044846578,-0.12144767899291896,0.02233831628638867,0.3733060582218725,0.06912981904012588,-0.05063099921321794,0.16995751376868606,0.03087332808811959,-0.2712383949645948,-0.21202202989771834,-0.19564437450826122,-0.03429740361919748,-0.17638394964594808,-0.18938158929976395,-0.08075531077891424,-0.31965381589299763,-0.203411487018096,-0.223081038552321,-0.15116915814319434,-0.18853186467348546,-0.12980015735641226,-0.10217466561762392,-0.0602360346184107,-0.3452084972462628,-0.19796066089693154,-0.11998111723052714,-0.2849032258064516,-0.1652745869394178,-0.09588670338316287,-0.19210070810385524,-0.28363178599527933,-0.2715971675845791,-0.08172462627852085,-0.16248623131392603,0.05661054287962235
#201,0.29301652242328874,-0.23026278520849724,0.32113296616837134,-0.05737844217151849,0.20543823760818253,0.11247836349331235,0.4322895357985838,0.08704327301337529,-0.02725413060582219,0.3008088119590873,-0.08165538945712038,0.37520692368214004,0.17390401258851299,0.05656018882769473,-0.04516129032258064,-0.15349173878835562,1.0,0.5761888276947286,-0.48747128245476,-0.4755814319433517,-0.06262785208497246,-0.32097560975609757,0.25152478363493314,0.20403461841070022,0.13421243115656964,-0.11724940991345398,0.20086231313926042,0.3000346184107002,-0.39332808811959086,-0.544012588512982,0.3451014948859166,-0.016113296616837136,0.33599370574350906,-0.043033831628638865,-0.19375609756097562,-0.32538158929976396,-0.12326042486231314,-0.33484815106215576,-0.018794649881982692,-0.12555782848151062,-0.37579858379228953,-0.38220613690007865,-0.4869740361919748,-0.5195656963021243,-0.33988985051140835,-0.237639653815893,0.24916443745082612,0.08042171518489379,0.14709677419354839,0.01907159716758458,0.2630558615263572,0.17610070810385522,0.4198583792289536,-0.17093941778127458,0.33430684500393393,-0.317765538945712,-0.02800944138473643,-0.5094822974036192,-0.0920912667191188,-0.3138756884343037,0.3042140047206924,0.29946813532651456,-0.10726042486231314,0.00890637293469709,0.22850668764752163,0.09596223446105429,-0.007320220298977183,0.19188040912667192,-0.21560975609756097,-0.24480881195908732,0.1986089693154996,0.3690385523210071,0.27595279307631787,0.4807364280094414,-0.04982533438237608,0.2308040912667191,0.1874240755310779,0.10276003147128246,0.09876947285601888,-0.30794020456333593,0.048704956726986624,-0.3376113296616837,0.29171990558615263,0.21048623131392605,0.15422816679779702,0.20830841856805665,0.16495357985837922,-0.21673013375295044,-0.18586939417781276,-0.00012588512981904013,-0.20956726986624705,-0.07227065302911094,-0.22907946498819826,-0.00467663257277734,-0.16725098347757672,0.4640125885129819,0.09459008654602676,0.5111188040912668,0.45348859166011013,0.4033737214791503,0.32505428796223446,0.309771833202203,0.1775609756097561,0.420330448465775,0.4371738788355625,0.4755562549173879,0.31751376868607395,0.26393076317859954,0.04647678992918961,0.18336428009441386,-0.06264044059795437
