,#10,#11,#12,#13,#17,#18,#26,#49,#50,#51,#52,#53,#54,#58,#101,#102,#201,#202,#301,#302,#401,#402,#501,#502,#601,#602,#701,#702,#801,#802,#901,#902,#1001,#1002,#1101,#1102,#1201,#1202,#1301,#1302,#1401,#1402,#1501,#1502,#1601,#1602,#1701,#1702,#1801,#1802,#1901,#1902,#2001,#2002,#2101,#2102,#2201,#2202,#2301,#2302,#2401,#2402,#2501,#2502,#2601,#2602,#2701,#2702,#2801,#2802,#2901,#2902,#3001,#3002,#3101,#3102,#3201,#3202,#3301,#3302,#3401,#3402,#3455,#3501,#3502,#3601,#3602,#3701,#3702,#3801,#3802,#3901,#3902,#4001,#4002,#4101,#4102,#4201,#4202,#4301,#4302,#4401,#4402,#4501,#4502,#4601,#4602,#4701,#4702,#4801,#4802
#10,1.0,0.4708001011488597,0.297890226149714,0.39426868691010736,-0.025663105953430517,0.35222014912622424,-0.013036584449046262,0.5807140562743047,0.05821526937718273,0.28621026660925786,0.3904926906280114,0.2519700107299804,0.05579248081247138,-0.27616372446503873,-0.24994703353631448,-0.04149153561738393,0.20599853744216404,0.4220128623076976,-0.026862540066566885,-0.024911323888216843,-0.06425344623733076,0.3101032675182307,0.2114113683117025,0.34587100786637415,0.2899896800825593,0.433556134199933,0.0629104900935627,0.17541809334399497,0.10996863018473335,-0.18845809498424676,0.2450672844948366,-0.06351875012814467,0.182580526110758,0.04466268905610345,-0.03486901906109254,-0.19708308558697094,-0.268652738195313,-0.12916982756853176,0.01012855473315154,0.053540551808035866,-0.1143733896486444,-0.16263096385295142,-0.02999610440202571,-0.27002303186872517,-0.07826051298874377,-0.035097970871862165,0.34589151101360727,0.1182177297548507,0.23012049016190653,0.055956505990336185,0.2992434338670986,0.23519160191089333,0.16039953799574902,0.41284795549450176,0.31318215679440126,0.44333271823891635,-0.24916791394145668,-0.23730684326710816,-0.3028622393537408,-0.2712532207027112,0.01653237105228986,0.18587811562408163,-0.2751419842945892,-0.13597687244992107,0.20102652423813722,0.1029018787717248,-0.28722858958850184,-0.29503687149310753,0.009855179436710201,-0.07072560638057943,0.29000676603858694,0.2077686424866217,0.02292593579781163,0.24261374120927562,-0.04486088614602341,0.04131042448349155,0.03634866285308128,0.14650865574532357,-0.06651562681538283,0.03501937547413528,-0.027163252892652357,-0.14604733493257882,,0.020363042393674095,-0.18717323109097248,0.21720350740505334,0.06160512305305531,-0.0016060798665928553,0.09513802035279081,-0.0029797907312105743,-0.06193659059999043,-0.0018418660597735086,-0.40289709470403706,-0.17725312502135745,-0.34963675257485355,0.13708404240050848,0.31288827835072686,0.368844784341063,0.4860886146023415,0.4207963422385336,0.31545458894606987,0.31093364498117126,0.14097964037479754,0.3290584271352319,0.36483983624819744,0.4028184993063102,0.40134227270552697,0.031311723016149644,-0.04871206063464075,-0.31016477695993,-0.3581694790150288
#11,0.4708001011488597,1.0,0.2876557384891914,0.26522529541617973,0.07218132983412955,0.23089960975676432,0.23736151832639643,0.4217326526288452,0.26592923680451613,0.26588823051004995,0.13240590764015608,-0.04767665169936919,-0.02950061167722579,-0.29193064468729285,-0.18962335718532794,-0.22465298423307978,0.15528058556988497,0.3515025389730657,-0.11831682829981069,-0.0663481844463125,0.05170893732187891,0.18175356583902297,0.26939426868691013,0.21709757447768233,0.28375672332369684,0.36005918575167956,0.10844798009827841,0.258442170873229,0.053759252045188936,-0.14573295334167127,0.1913285355968808,0.06021090904120449,0.15939146659012157,0.08057053424367307,-0.1889194157969915,-0.1350644823980481,-0.15564622502887526,-0.14250370765245798,0.019529247739528018,-0.06823105680055222,-0.08588768375945707,-0.13226921999193542,-0.1626856389122397,-0.13302441924835462,-0.018917570513740527,0.13967427333429014,0.20515790840560694,0.09011474928068125,0.1444685925956301,0.028612141963791443,0.13327387420635733,0.15004886583423888,-0.05071453468107354,0.4172082914727411,0.28471695405244707,0.3984889180489205,-0.3086680472119137,-0.26750456195025935,-0.2763004121132594,-0.16942433996951867,0.03623589554329923,0.06753736698583232,-0.30183366480088025,-0.037448998421257665,0.2343714760215693,0.03685782434270327,-0.21101155694065707,-0.05212583464895195,0.03749342190692938,0.06497789077290031,0.1630171064591748,0.20211660823269706,-0.037558348539834197,0.26772326218741244,-0.21302086536950088,0.034660570397556024,-0.06871288076053007,-0.1458798925635085,-0.04929981752198963,-0.007138512428324415,-0.2047410110785339,-0.20666147253603429,,-0.14271899069840555,-0.16056698036481934,0.02808247732693635,0.07406078499716373,-0.19126702615518149,-0.03551828539014072,-0.23067749232840573,-0.039171262788838083,-0.22597202003840922,-0.17423232799568067,-0.07459386682522434,-0.2570206193317341,0.16926373198285938,0.32446913934622296,0.2565080406509066,0.4035566126067018,0.40825183332308174,0.36120736199673315,0.27385370321010943,0.1020851700736063,0.24253514581154875,0.31630546955624356,0.29907257430682277,0.3684928136468948,0.042673883774492716,0.04671642097061899,-0.10564588330975472,-0.1491535617383935
#12,0.297890226149714,0.2876557384891914,1.0,0.39218420027474216,0.12942269971774,0.5008953040958454,0.4536902247828375,0.322531591932695,-0.156920837348533,0.5539232772230538,0.3860366732960176,0.1601910893322125,0.14956020749185,-0.2578031561177974,-0.4194397173299435,-0.060111810496244505,0.5871554616967037,0.6713653045742521,-0.3468859136544126,-0.29528632645111025,-0.2382944115255025,0.324674170818554,0.3133461819722661,0.3414184077255859,0.49521251512107106,0.5879243297179451,0.2925764938251355,0.4422426342443565,0.18741243447535863,-0.1379930152611759,0.5702540339942181,-0.02859505600776386,0.6114106848734614,0.0814965930603681,-0.1748884287071399,-0.24938319698740424,-0.2960927835756122,-0.4381556735625585,-0.21330107504835324,-0.019611260328460417,-0.29050225876338687,-0.26263848167360354,-0.28150479431926134,-0.21160614821041696,-0.1559981957230435,0.16499907735837452,0.29477374777028276,0.04975088676111783,0.32415475775531544,0.07395826926099823,0.47059165248532314,0.41786097499299474,0.4005734046842857,0.7081650366664617,0.37473943917057934,0.6146570165187023,-0.51104436197623,-0.4140063833131719,-0.34103226511936247,-0.19463295949261544,-0.259969655342095,0.017308073455942152,-0.21489690334132955,0.020800442867980235,0.4688933084561814,0.3968691694175056,-0.2554111222739357,-0.10829078930282465,-0.20115637750394685,0.024730212754324455,0.24917816551507324,0.19675845242244686,0.08671806122239764,0.2716632836473732,0.009520294698569564,0.1364347760714603,0.15133372972751316,0.055891579357431366,0.09012841804550331,-0.06423636028130318,0.0349612832236415,-0.01048052542731976,,0.02653448971083728,0.08152734778121776,0.03494419726761391,-0.04645671443899972,-0.0935182717213759,-0.08562114284542677,-0.2513002412536991,-0.1214674785912971,-0.04272855883378099,-0.21640730185416795,-0.2581209548999105,-0.31794230414368607,0.4794216745603784,0.43435233975081844,0.45010217401704494,0.6455996828846561,0.5080611540538139,0.2704365120045927,0.6314251737641728,0.35692562141622075,0.4544249208920236,0.5608840957086912,0.5467505928826741,0.5505710126504418,-0.20906717514471804,-0.17525748535733568,-0.28649389347931575,-0.35024159541823
#13,0.39426868691010736,0.26522529541617973,0.39218420027474216,1.0,-0.12221584346530526,0.17596142674567214,0.05112459762573555,0.26140829283961753,-0.04142660898447912,0.15329861467068528,0.17159425638502177,-0.1103069321140795,-0.15254341541426608,0.07169267149174065,-0.14512811049829483,0.0026141512722202857,0.2227359399667849,0.3418523910086865,0.007210273443640266,-0.06779365632624608,-0.1394965793916033,0.11857653483142996,0.3292600414163574,0.29288062384242647,0.28390707973673956,0.3496845932517308,0.2115104668566625,0.31633964146829874,-0.03984786664753039,-0.0631565278603599,0.19169759224707658,0.03684073838667569,0.3232662880418811,0.22671355053000636,-0.024593525106103787,-0.1910893322124946,-0.16612675045619502,-0.027908200575455,0.10479158550837553,-0.021719667302264233,0.08407998961173874,0.1178076668101887,0.07589923386573172,0.04998325576309297,-0.06581168542704638,0.12698624238820658,0.16833767316616435,0.19627321127126346,0.38127994313793834,0.3578961037185875,0.22205591891688709,0.39019881218433694,0.44405032839207487,0.4200548117469365,0.2536102625086284,0.3270491187063881,-0.17609469720268728,-0.17326526288451943,-0.1408292839617548,-0.1858507780944375,-0.0784313725490196,-0.024921575461833392,-0.08909984349264279,0.041037049187050215,0.11393598917433827,-0.07535590046405456,-0.15684907633321715,0.08586718061222398,-0.0662217483717084,-0.049245142462701355,0.16384064953970434,0.24687156145134945,-0.052047239251225064,0.1354130359010108,-0.20115979469515238,0.1464949869805015,-0.05839638051107512,0.1882598978943268,0.021904195627362132,-0.03497153479725804,-0.05409071959212406,-0.1591898523089961,,0.09234275794667815,-0.07237610973284399,0.0573302168549539,-0.03864501534318851,0.0060245080953259655,0.08390229566905187,-0.2858787990623227,0.07139195866565518,0.0903676214298895,-0.11083317955972909,-0.18712880760530073,-0.14332725073298752,0.048059377114387056,0.16803696034007887,0.3662032955391986,0.4566529295580205,0.3075711288349428,0.3683663775722907,0.23632610939112486,0.2834423417327893,0.41289237898017345,0.5206364176901155,0.43707584114161524,0.5471743245921582,-0.04231849588911898,-0.061632460582699444,-0.33392792460309323,-0.3511915745733637
#17,-0.025663105953430517,0.07218132983412955,0.12942269971774,-0.12221584346530526,1.0,0.3524217634073497,0.16122308107627853,0.22490927357349352,-0.08640709682269562,-0.048117469364880844,0.023889583717767345,0.2958125738967598,0.1358436019929059,-0.10431317873960319,-0.24076162357588557,-0.15448438001899958,-0.12863674574047115,0.2770282738400344,-0.13010613795884335,-0.2021883692480129,-0.28179525557173024,-0.07982216936966491,-0.006895891852732728,0.16563809211380615,0.31036297404984997,0.15372576357137488,-0.05359180967611862,-0.01536710885120866,0.34662278993158785,0.09414703490319097,0.25924179361531996,0.03367641933036721,0.14014584572065145,0.0015309016600714876,0.1420560556045353,0.04094478502450126,-0.19493708950990643,-0.36339094717705833,-0.014745180051804618,0.1838278009007716,-0.049245142462701355,-0.2680854844551972,-0.19882243591057894,-0.4449832215911809,-0.044567007702348976,0.14397651706203568,0.10741257116300686,0.11242217347029436,-0.12113601104436197,-1.025157361655014e-05,0.14165624423348985,0.06934164394234515,-0.08019464321106623,0.1067667220251642,0.1637073790826892,0.17732830322787882,-0.2882229922293072,-0.3681374257615211,0.04045270949090685,0.0663652704023401,-0.17426649990773585,0.037913736425207935,-0.14974815300815342,-0.020913210177762286,0.13578550974241213,0.06867187446606388,-0.08099768314436266,-0.012964823433730411,-0.24225493613269636,0.1279703934553954,0.04123524627697018,0.018452832509790254,0.10486334652369139,0.28134076914139655,-0.16347501008071405,0.12896137890499526,-0.10602519153356707,-0.33600899404725293,-0.06986105700558369,0.19706599963094334,0.08107286135088403,-0.001527484468865971,,0.027385370321010943,0.34135006390147554,0.16603448629364606,-0.0007415304915971268,0.26512961406242525,0.01820679474299305,0.11142777082948899,-0.020509981615511316,0.0006595179026647257,0.15170620356891448,0.0538139271044772,0.13317477566139735,0.13546771096029908,0.13726173634319536,0.07242736760092675,0.07420772421900095,0.11441781313431612,0.07214374073086885,0.36088272883220907,0.29085081226634957,0.043569187870338096,0.1367423232799568,0.0015582391897156214,0.13897716632836474,-0.10162726645206706,0.12753299298108928,0.05909690470820604,0.10657535931765526
#18,0.35222014912622424,0.23089960975676432,0.5008953040958454,0.17596142674567214,0.3524217634073497,1.0,0.3437626008925703,0.5484215993821718,-0.25498055618204063,0.3637873413568983,0.27319076811623916,0.5877603045400802,0.42764781060559465,-0.07981191779604836,-0.5414573637053288,-0.14143412680513126,0.284604186742665,0.451947457268024,0.01834348239121372,-0.18816763373177783,-0.5187672141006978,0.1000826960271735,0.1480293058317785,0.4082586677054928,0.5264080536362331,0.5844866353651952,0.13278521586396846,0.2731087555273068,0.5940718566966696,0.12390735311203603,0.5509674068302818,0.0714773884457931,0.46007695514594826,0.1562647366370738,0.03671430231207157,-0.08183147779850873,-0.29936303555929167,-0.41295047123066725,-0.2313609305695091,0.22804283790895236,0.06289340413753511,-0.006417485083960388,0.04711623234166445,-0.1839474025929647,-0.0049925163512599185,0.12959014208681033,0.2570582084349948,0.1529944846533943,0.11070332629391945,0.15950765109110915,0.20030207970256766,0.0720924828627861,0.1250452777834731,0.39714937909635795,0.18601822046350783,0.5458552887868288,-0.6036741639841716,-0.5585125650120627,-0.2588624853915076,-0.12870167237337599,-0.21309604357602224,0.04112247896718813,-0.10551603004394508,-0.06422952589889215,0.5933918356467718,0.24918158270627874,-0.1920461457500393,-0.17234945564144097,-0.2058891873235875,0.010593292737101813,0.24082655020879037,0.21394008980378487,0.10537250801331338,0.26557384891914243,-0.13238882168412852,-0.09276990684736773,-0.0378248894538645,-0.11159179600735379,0.11847060190405893,0.2585720241390387,0.2686151490920523,0.21363254259528838,,0.15031540674826918,0.4172732181056459,0.21270990096979886,-0.004934424100766134,0.32010880336798364,0.20011755137746978,0.21854988074002693,0.20528776167141657,0.12696915643217901,-0.07879017762559887,-0.19215891305982136,-0.16588754707180886,0.32291431734771286,0.4761377538118768,0.3710522898598268,0.5007620336388302,0.49741318625742387,0.2101367559920448,0.5262782003704235,0.2450843704508642,0.08966368004155305,0.26314422597202003,0.28060607303221047,0.5002631237228248,-0.19420922778313138,-0.09275282089134015,-0.18563549504848995,-0.19975874630089052
#26,-0.013036584449046262,0.23736151832639643,0.4536902247828375,0.05112459762573555,0.16122308107627853,0.3437626008925703,1.0,0.29471565551978895,0.0695159206938265,0.5352004866080277,0.15385903402839002,0.22749608731606968,0.3431953471524546,-0.14600974582931814,-0.3285185109247603,-0.06891107785045004,0.3785086010702643,0.2575502839685892,-0.2958433286176095,-0.29942454500099097,-0.2386634681756983,-0.09218556715122438,-0.029316083352127886,0.03596593743806341,0.21292860120695192,0.18852302161715156,0.12487100103199174,0.11074433258838565,0.2138409912588249,0.006537086776153473,0.145982408299674,0.01894149085217914,0.3476855363965035,0.12952863264511102,0.031048599293324857,-0.06837457883118392,-0.026729269609551732,-0.4089284371817741,-0.25181965431693765,-0.15474066935941333,-0.19855931218775416,-0.150684463398465,-0.1368858453105885,-0.19264415421100473,-0.15537626692363946,0.046931704016566544,0.05122711336190105,-0.16155796581441917,0.05282294165487736,-0.10375617657310397,0.17756750661226497,0.1023107046931704,0.18336306289682133,0.3336203773945967,0.20051394555730973,0.27053219335834716,-0.27673439539636,-0.25259877391179547,-0.2030084951373369,-0.04000847463418968,0.01607446743075062,0.055936002843103086,-0.19866524511512518,0.07373273464143412,0.2899999316561759,0.27916401834348237,-0.01773863954783726,0.1599279656093877,-0.14370997614800538,0.20285813872429417,0.1892679692999542,0.13880972395929442,0.39720747134685175,0.44391022355264864,0.1486785721608267,0.30480320395847427,0.32158161277756137,0.01365167886603927,0.053749000471572383,-0.05993411655355764,-0.030375412625838066,0.10648651234631183,,0.37020482644085867,0.14392867638515847,0.10291896472775237,0.02824991969600667,-0.010015787423369487,-0.19404178541406106,0.1813127481735113,-0.10437810537250801,-0.12100274058734682,0.0007073585795419597,-0.11303385069608185,-0.06523076292210854,0.25302934000369054,0.23145319473205803,0.018920987704946043,0.16645480081192462,0.2587804728025752,0.13117230161496457,0.20976769934184897,0.037790717541809335,0.03547727909567452,0.07692780841859226,0.15188389751160136,0.13893274284269302,0.022861009164906812,0.08655745323573835,0.026240611267162844,-0.06462250288752656
#49,0.5807140562743047,0.4217326526288452,0.322531591932695,0.26140829283961753,0.22490927357349352,0.5484215993821718,0.29471565551978895,1.0,0.07811357376690656,0.37859061365919666,0.40197445307854757,0.3813141150499935,0.19607501418134352,-0.20700660884779146,-0.401349107087938,-0.13045127427060055,0.268044478160731,0.46902999610440205,0.08021172916709382,-0.18053704576985902,-0.3280161838175493,0.13208469166683753,0.17136530457425214,0.4402435773891292,0.4360506837799602,0.5512373649355176,0.1633212364764658,0.2615654836350713,0.2851167654234925,0.03949931314456769,0.3967085614308463,0.11154737252168208,0.4540729501978554,0.1565962041840089,-0.021600065610071145,-0.19414088395902104,-0.24093590032736692,-0.35850436375316946,-0.1133516494781949,0.09138252721792796,0.01700052624744565,0.04989099160054402,0.04108488986392744,-0.20107778210621996,-0.0710912458395697,0.08906908877179313,0.2931164100356071,0.017926585064140677,-0.015787423369487217,-0.11518326396435186,0.14911938982633835,0.029982435637203646,0.09774533724260007,0.336128595739446,0.24264449593012527,0.5108085757830494,-0.49704754679843355,-0.5300541966525195,-0.3411176948995004,-0.31630546955624356,-0.02225958351273587,0.14946794332930105,-0.16595247370471367,-0.0634230687743902,0.47440865506188534,0.21145237460616872,-0.23642179074487935,-0.08118221146946056,-0.16227899315878322,-0.051278371229983806,0.2326321256979613,0.11007114592089885,0.1247787368694428,0.3404479254232191,-0.20422501520650085,0.007387967386327135,-0.10937062172376794,-0.006564424305797607,-0.004206562373991075,0.27473533854113275,0.07511327988846288,0.011816647188676796,,0.31264224058392964,0.05799656914002966,0.3105919258606196,0.13602471312679829,-0.0832769496784423,0.15579999863312352,0.06729132921903512,0.04284474333476855,-0.13820146392471244,-0.20187057046589985,-0.08050560761076825,-0.13909676802055781,0.3411723699587887,0.4972867501828197,0.3466740477996706,0.44902575878730716,0.35525803210792856,0.13539253275377772,0.2990623227332062,0.16645821800313015,0.2824581906656005,0.4265953157142955,0.5235307786411881,0.4550605184562497,-0.13261777349489814,0.1277653619830644,-0.24238820658971152,-0.18297008590818692
#50,0.05821526937718273,0.26592923680451613,-0.156920837348533,-0.04142660898447912,-0.08640709682269562,-0.25498055618204063,0.0695159206938265,0.07811357376690656,1.0,0.26547475037418244,-0.027966292825948782,-0.14391500762033638,-0.11649546538727028,-0.01479643791988737,0.14599265987329055,-0.054616967037773634,0.10946288588631688,-0.14613618190392225,0.02944593661793752,0.01040876441200391,0.12795672469057334,-0.14762266007832203,-0.15791865718054388,-0.09830575660030481,-0.05437092927097643,-0.18667090398376152,-0.17201457090330033,-0.09590005399162105,-0.22693225076715942,-0.09795036871493107,-0.33875641577648835,-0.037114113683117025,-0.17792289449763873,-0.1685973796977836,-0.0820057545499901,-0.17096207601200117,0.10039024323567002,-0.010555703633841129,0.14297869723002482,-0.343072328269056,-0.03744216403884663,-0.20246516173565976,0.054668224905856384,0.08063546087657789,0.04949801461190959,0.08391254724266842,-0.008126080686718745,-0.09110231753907558,-0.009458785256870264,-0.2008556646778614,-0.1362536649375679,-0.04100287727499505,-0.15449121440141061,-0.0523411176948995,-0.04846260567663803,-0.1356180673733418,0.07862956963893958,-0.001681258073114223,-0.12841121112090706,-0.1586396845249079,0.2791195948578107,0.0053034807509619395,0.026100506427736658,0.3619523096795358,-0.1001202851304342,-0.16904161455450079,0.028509626227625942,0.40751030283148465,-0.16458218003130148,-0.1624190979982094,-0.06718197910045859,0.14143070961392573,0.13060504787484878,0.34293222342962976,0.14244219821075868,0.27071672168344507,0.1182587360493169,0.057070510323334635,-0.08789015780588987,-0.0314244903259317,-0.0568176381741264,-0.08739124788988444,,-0.1966251819654317,-0.2677130106137959,0.17446811418886132,0.10723146002911448,-0.16381672920126572,-0.21474312973708132,-0.11557624095298628,-0.15590934875170007,-0.21599382171830042,-0.14360404322063436,0.10287795843328618,-0.05620596094833891,-0.2414211414785503,-0.06512482999473752,-0.18768580977179997,-0.08107286135088403,-0.02941518189708787,0.009062391077030324,-0.24192346858576125,-0.05851939939447372,-0.059862355538241784,-0.09976148005385493,-0.019652266622926618,-0.17950847121699848,0.143323833541782,0.3751324161592138,0.13055037281556053,0.21153438719510112
#51,0.28621026660925786,0.26588823051004995,0.5539232772230538,0.15329861467068528,-0.048117469364880844,0.3637873413568983,0.5352004866080277,0.37859061365919666,0.26547475037418244,1.0,0.3093002275849343,0.18141868110088233,0.16792761022150232,-0.17582815628865697,-0.22322118111796826,0.021049897825982954,0.7304314545616085,0.28883125226388917,-0.2066853928744729,-0.2301136557794955,-0.06987472577040575,0.0886931977391863,0.15482609913955125,0.18183557842795536,0.2578031561177974,0.2984643142722408,0.24985476937376555,0.16318454882824512,-0.006403816319138321,-0.07166875115330203,0.22223703005077947,-0.025550338643648467,0.23623726241978144,0.037630109555150046,-0.062069861057005585,-0.19735304369220674,-0.07551992564191937,-0.4059828183626187,-0.07181569037513925,-0.21336258449005255,-0.3414047389607638,-0.2881580655964024,-0.19647482555238896,-0.18931922716803695,-0.011464676494508573,0.06862061659798112,0.06751686383859923,-0.3354793294103978,0.15749150827985428,-0.14112316240542924,0.13014030987089853,0.043060026380716106,0.21537872730130742,0.3868294616556975,0.258534435035778,0.33528113232047785,-0.19228534913442547,-0.21109356952958946,-0.23934690641680165,-0.1804345300336935,-0.06875046986379076,-0.06169738721560426,-0.09403426759340892,0.14077802609367204,0.30450932551479987,0.26864590381290193,-0.1068077283196304,0.07788803914734245,-0.18246434160977043,-0.08256959109890034,0.16991983269431857,0.1323204778600182,0.17038798788947437,0.3427784498253815,0.1440824499894067,0.143839829413815,0.2268639069430491,0.028379772961816305,0.05703633841127947,-0.06631742972546285,0.027351198408955776,0.04491214401410617,,0.09585904769715485,-0.07514403460931253,0.09061024200548118,0.030857236585815923,-0.11573001455723454,-0.18061564116758588,-0.07242736760092675,-0.224085730492964,-0.20238656633793287,-0.24753107935401417,-0.1483949452907688,-0.2538494658930146,0.19075103028314846,0.30219930425987057,-0.01736274851523042,0.2872080864412687,0.1806395615060245,-0.07159357294678066,0.24891504179224844,0.08879229628414628,0.07778210621997143,0.1650571696088683,0.26692363944532155,0.1566542964345027,0.012616269930767705,0.06963552238601958,-0.08855992728217114,-0.09601623849260861
#52,0.3904926906280114,0.13240590764015608,0.3860366732960176,0.17159425638502177,0.023889583717767345,0.27319076811623916,0.15385903402839002,0.40197445307854757,-0.027966292825948782,0.3093002275849343,1.0,0.23930590012233544,0.13362584490052556,-0.11137993015261176,-0.28125875655246413,-0.02754597830767023,0.24908248416131876,0.4059930699362352,-0.03951298190938976,-0.18523226648623897,-0.24106917078438206,0.2756374770193891,0.13607597099488106,0.42217347029435687,0.40649197985224067,0.49749178165515073,0.19951954291650434,0.2872730130741736,0.13830397966087796,-0.16300343769435274,0.31718710488726687,-0.2836268700578872,0.16244643552785354,-0.1492321571361204,-0.429660536225644,-0.39973619283893413,-0.3236319275008714,-0.4258640367963149,-0.24177652936392402,-0.06421927432527559,-0.03843656667965199,-0.14211414785502907,0.006366227215877637,-0.0742794852343168,0.03427101060012712,0.14161865513022914,0.16692637319828593,-0.0025560590217265015,0.18533136503119896,0.16869306105153808,0.14427722988812117,0.08802342826290502,0.10628148087398082,0.4261169089455231,0.3569529589458649,0.49449148777670704,-0.2985326580963511,-0.34425125923495925,-0.15966825907776844,-0.0016744236907031897,-0.12830527819353604,-0.14059349776857413,-0.22990178992475344,-0.1278268714247637,0.319052891285479,0.18618908002378365,-0.22920126572762253,-0.12628571819107567,-0.27191957298778696,-0.11655355763776407,0.08178021993042599,0.012811049829482158,0.1301778989741592,0.08432261018733042,-0.03250432274687498,0.034718662648049806,0.06335814214148539,0.06934847832475619,0.0572482042660215,0.1415673972621464,0.005631531106691544,0.0990370355182854,,0.13184890547365688,-0.026934301081882734,0.186568388247596,0.022061386422815903,-0.044850634572406865,0.22058994388972042,-0.17527457131336327,0.130341924152024,0.006588344644236224,-0.09217873276881335,-0.02166840943418148,-0.01991197315454589,0.31189045851871594,0.38689780547980784,0.2298471148654652,0.2757263239907326,0.14919456803285971,-0.049624450686513714,0.385906820030208,-0.03257608376219083,0.21237159904045272,0.15440920181247822,0.25535303002344195,0.2150677629016054,-0.23074583615251607,-0.31665060586800076,-0.08302749472043959,-0.06944757686971617
#53,0.2519700107299804,-0.04767665169936919,0.1601910893322125,-0.1103069321140795,0.2958125738967598,0.5877603045400802,0.22749608731606968,0.3813141150499935,-0.14391500762033638,0.18141868110088233,0.23930590012233544,1.0,0.48443469405887135,-0.03976927124980351,-0.43267791606011524,-0.2810708110361607,0.08294206494030167,0.08751084958207751,0.004524361156104129,-0.20430019341302222,-0.5096125588611186,-0.14201504931006909,-0.22346380169355995,0.049624450686513714,0.19029654385281475,0.17527457131336327,-0.17010094382821098,0.037237132566515625,0.4595609592739152,0.17181295662217483,0.38692514300945197,0.11144485678551658,0.17781012718785666,0.1051538077761603,0.2738126969156432,-0.027477634483559894,0.0029729563487995406,-0.18771656449264962,-0.09826816749704413,0.07655875176839645,0.12002884109377455,0.08988921466111714,0.1389874179019813,-0.07773426554309419,0.12125561273655507,0.1193009793669995,0.16915096467307733,0.0754857537298642,0.06475577334454172,0.08453447604207245,0.10528366104196994,0.007637422344329855,-0.015220169629371443,0.017694216062165542,-0.07004900252188712,0.1493380900634914,-0.368017824069328,-0.3044068097786344,0.04532220695876817,0.02472337837191342,0.020663755219759567,0.13351991197315455,-0.1238800155823919,-0.12867775203493736,0.2987547755247097,0.05159958720330237,-0.09336791530833316,-0.11120223620992489,-0.1856047403276403,-0.001288281084479801,0.1653681340085703,0.06514875033317614,0.22168686226669126,0.22304006998407588,-2.733752964413371e-05,0.0018794551630341924,0.06993281802089954,0.02072184747025335,-0.04699663064947136,0.08366650947587122,0.4292743936194206,0.32582918144601863,,0.20641201757803157,0.5876782919511478,0.43006376478789493,0.17744107053766087,0.354830883207239,0.23494556414409612,0.3815772387728183,0.24762676070776865,0.31080379171536165,0.25785783117708566,0.11282881922375085,0.19836794948024522,0.07220866736377367,0.16511526185936207,0.12488466979681381,0.10249523301826831,0.31431666427463284,0.04681893670678449,0.3656121214606442,0.12824718594304227,-0.0595377223737177,0.0454520602245778,0.0005159958720330237,0.15328836309706872,-0.02864289668464109,-0.16601398314641297,0.0717439293598234,0.09392833466603791
#54,0.05579248081247138,-0.02950061167722579,0.14956020749185,-0.15254341541426608,0.1358436019929059,0.42764781060559465,0.3431953471524546,0.19607501418134352,-0.11649546538727028,0.16792761022150232,0.13362584490052556,0.48443469405887135,1.0,0.011785892467827144,-0.28390024535432856,-0.1313875846609121,0.16619167708909985,0.081681121385466,-0.11901393530573609,-0.30461525844217086,-0.36938470055153466,-0.1776529363924029,-0.1064830951551063,0.04629610645234043,0.20383887260027747,0.05882694660297022,-0.05063935647455218,-0.08222787197834867,0.4692452791503496,0.14086345587380997,0.2761808104210663,0.04840451342614425,0.16472570206193318,0.06099686301847333,0.07568736801098969,-0.02680786500727862,-0.06019040589397139,-0.1953198149249243,-0.24262057559168665,0.16478721150363249,-0.01151935155379684,-0.029797907312105743,0.14246270135799177,-0.09072642650646874,0.09176525263294583,0.05638023769982026,0.02804147103247015,0.030119123285424314,-0.061277072697325706,0.015999289224229253,0.08227912984643143,-0.12239012021678661,-0.017379834471258005,0.0253521415537285,-0.02385199461450666,0.16583628920372612,-0.23303193706900677,-0.2824342703271619,-0.0026414888018644195,0.07999302892994074,0.10236196256125316,0.11211462626179786,0.2192367361723358,0.23043487175281405,0.13409400009568134,0.014509393858623966,0.23458675906751686,0.0863626733370239,-0.1558205017803566,0.04028868431304205,0.24568579610303515,0.10673938449552006,0.26613085108564166,0.3106124290078527,0.1494371886084514,-0.021986208216294535,0.05966415844832182,-0.06281480873980823,0.22117770077706927,0.17615620664438658,0.41996254758438756,0.2134377626965739,,0.3446271502675661,0.31970215761452714,0.1645445909280408,-9.568135375446797e-05,0.2645111024542267,0.1583082169779728,0.4551015247507159,0.11829290796137207,0.20602245778060266,0.007087254560241664,-0.014311196768703996,-0.1607685946459448,0.023264237727157785,0.11632118863578893,-0.07254355210191431,0.11589745692630485,0.150889494870796,-0.06843950546408874,0.15724205332185157,-0.02718717323109097,-0.11078192169164633,-0.11949234207450844,0.015172328952494207,0.1961160204758097,0.08696409898919484,-0.045308538193946105,0.03329711110655486,-0.0870802834901824
#58,-0.27616372446503873,-0.29193064468729285,-0.2578031561177974,0.07169267149174065,-0.10431317873960319,-0.07981191779604836,-0.14600974582931814,-0.20700660884779146,-0.01479643791988737,-0.17582815628865697,-0.11137993015261176,-0.03976927124980351,0.011785892467827144,1.0,0.20037384071788353,0.24926359529521114,-0.07375665497987274,-0.2476404294725907,0.40090828942242634,0.26456236032230945,-0.2203234029756901,-0.22726713550530006,-0.12593033030570192,-0.14256863428536282,-0.10534175329246373,-0.24865533526062916,-0.04711964953286996,-0.2330558574074454,-0.029295580204894783,0.16429171877883256,-0.10796957332950607,-0.017492601781040056,-0.22017304656264736,-0.09115357540715834,0.17053492711131157,0.13985196727697702,-0.019190945810181863,0.2066648897272398,-0.011908911351225746,0.024098032381303862,0.14770467266725443,0.2118761063156528,0.21999193542875498,0.29874452395109313,-0.06633793287269596,-0.016665641509305013,0.056838141321359496,0.07698590066908603,0.10380060005877569,0.12675387338623145,0.10848556920153911,-0.051056253801625213,0.11527552812690081,-0.29782188232560364,-0.2350036563945899,-0.37502306604063723,-0.005522180988115009,-0.06891449504165556,0.24135963203685099,-0.0033317614253787955,0.08814644714630362,0.10168877589376636,0.645473246810052,0.46279703934553956,-0.17616645821800314,-0.38437591837013646,0.6457705424449319,0.42045120592677643,0.2231425857202414,0.15102959971022217,0.27299940540873024,0.3057087596279362,-0.09273915212651809,-0.2484366350234761,0.0003280503557296045,-0.2190317047000048,-0.19064509735577745,-0.07997936016511868,0.44977754085252086,0.3128746095859048,0.19528906020407466,0.25997648972450604,,0.11869271933241753,0.24186879352647297,0.06168713564198771,0.09639896390762649,0.0966039953799575,0.2132908234747367,0.04960736473048613,0.08932879530341241,0.17160792514984383,0.12475823372220969,0.06616707331242012,0.07724219000949979,-0.33194595370389357,-0.40381973632952656,-0.046453297247794206,-0.23720091033973714,0.017455012677779373,-0.04643621129176662,-0.07782994689684866,0.0032292456892132945,0.13695760632590437,-0.03343721594598104,-0.08755527306774924,-0.10633273874206357,0.20048319083646007,0.032986146706852834,0.019368639752868733,0.008279854290966997
#101,-0.24994703353631448,-0.18962335718532794,-0.4194397173299435,-0.14512811049829483,-0.24076162357588557,-0.5414573637053288,-0.3285185109247603,-0.401349107087938,0.14599265987329055,-0.22322118111796826,-0.28125875655246413,-0.43267791606011524,-0.28390024535432856,0.20037384071788353,1.0,0.4997402934683807,-0.18110429950997478,-0.3616823515743,0.06927671730944034,0.08686158325302934,0.627160519139688,-0.11211804345300337,0.04039461724041307,-0.32472201149543123,-0.4853983419788271,-0.5523240317388719,-0.18834874486567021,-0.42860120695193377,-0.3161380271871732,-0.22805308948256892,-0.5335704864029962,-0.15046576316131194,-0.4305729262775169,-0.21161981697523904,-0.07027453714145121,-0.044098852507193184,0.20146392471244337,0.30283831901530217,0.26234460322992914,-0.14954653872702794,0.00041689732707303907,-0.044102269698398706,0.12436525673357528,0.15270402340092537,-0.09978881758349907,-0.304437564499484,-0.16435664541173736,-0.06310185280107163,-0.290437332130482,-0.283168966436348,-0.12223292942133285,-0.12188437591837013,-0.21649273163430588,-0.3600455169868575,-0.2887287365277237,-0.4911153028656565,0.38547967112951836,0.36627847374572,-0.09937192025642602,-0.1599279656093877,-0.041481284043767386,-0.07158332137316412,0.3007162432766763,0.24239162378091703,-0.6986549935415086,-0.3635652239285397,0.2510063628100247,0.1290912321708049,0.4596942297309304,-0.03566180742077242,0.10842064256863429,-0.02098497119307814,0.006089434728230783,-0.23337707338076394,0.18371503359098956,-0.027060737156486853,-0.07165849957968548,-0.10648992953751735,0.04622092824581907,-0.25108154101654606,-0.009123900518729624,-0.19122601986071527,,-0.16846069204956293,-0.2619516262412947,-0.3696170695535098,-0.3385206295833077,-0.019823126183202457,-0.15650735721266548,-0.02849937465400939,-0.2040028977781423,-0.1940930432821438,-0.3041539376294261,-0.2759860305223518,-0.138720876987951,-0.33364088054182983,-0.6335609182676207,-0.33934758985504276,-0.30265379069020426,-0.35200144888907114,-0.0313834840314655,-0.415964433873933,-0.33470020981554,-0.14057982900375207,-0.24398745207389333,-0.24693990527545978,-0.4676323649013457,0.09040862772435569,0.12565012062684955,-0.09916688878409502,0.01989147000731279
#102,-0.04149153561738393,-0.22465298423307978,-0.060111810496244505,0.0026141512722202857,-0.15448438001899958,-0.14143412680513126,-0.06891107785045004,-0.13045127427060055,-0.054616967037773634,0.021049897825982954,-0.02754597830767023,-0.2810708110361607,-0.1313875846609121,0.24926359529521114,0.4997402934683807,1.0,-0.03972484776413179,-0.11020099918670849,-0.04451916702547174,0.22106493346728723,0.09264005358155811,0.21867973400583657,0.12891353822811802,0.0965869094239299,-0.04920413616823516,-0.10211250760325043,-0.07017202140528571,-0.3242094328146037,-0.070947723808938,-0.11488938552067743,-0.2316684777780056,-0.3920304266704939,-0.20070189107361314,-0.14245244978437524,-0.17073654139243707,-0.22349797360561513,0.050984492786309364,0.03321851570882797,0.010176395410028773,0.04419111666974214,0.03813927104477204,-0.17365140549074282,0.20534927111311585,0.12303596935462927,-0.3299776515695159,-0.3602129593559278,-0.26007900546067153,-0.25396906758520765,-0.31776119300979366,-0.22917051100677288,-0.06177598261333114,-0.1553455122027898,-0.03885688119793055,-0.06069615019238787,-0.06332397022943022,-0.06313260752192128,0.048999104695904155,0.16727150951004313,-0.16633178192852602,-0.23050321557692438,-0.12456345382349523,0.02653448971083728,0.3228733110532467,0.39043801556872315,-0.24217292354376396,-0.006393564745521771,0.26307246495670417,0.10450795863831765,0.2512763209152605,0.11417177536751891,0.24425399298792363,0.07586847914488207,0.027744175397590196,-0.13224871684470232,0.1796588276300412,0.007712600550851222,0.022765327811152345,-0.04865055119294145,0.21272015254341542,-0.01788216157846896,0.05468872805308948,0.026715600844729667,,0.030105454520602246,-0.1547509209330299,-0.09319363855685181,-0.19652950061167723,0.07424531332226163,-0.08075164537756546,0.13316452408778082,-0.18651029599710223,-0.1538146105427183,-0.41557145688529856,-0.3574928751563365,-0.28150821151046684,-0.14676494508573731,-0.21166765765211626,-0.1590019067926927,-0.1782680308093959,-0.25779632173538636,-0.14100356071323614,-0.22708944156261318,-0.3493189537927405,-0.07305954797394733,-0.17983310438152256,-0.10381426882359776,-0.24545684429226552,0.0895304095845379,0.14069259631353412,-0.14673077317368216,-0.10817460480183708
#201,0.20599853744216404,0.15528058556988497,0.5871554616967037,0.2227359399667849,-0.12863674574047115,0.284604186742665,0.3785086010702643,0.268044478160731,0.10946288588631688,0.7304314545616085,0.24908248416131876,0.08294206494030167,0.16619167708909985,-0.07375665497987274,-0.18110429950997478,-0.03972484776413179,1.0,0.3955262132737375,-0.09811097670159036,-0.1761357034971535,0.006540503967358989,-0.07643915007620336,0.209159439307267,0.07864665559496715,0.2565080406509066,0.2074815984253583,0.34709436231794916,0.1440414436949405,0.04708889481202031,-0.05849206186482959,0.18679392286716012,0.05022587633868465,0.35483771758965,0.14920481960647627,-0.04570834956499156,-0.14937909635795762,-0.14996001886289545,-0.2517923167872935,-0.08922627956724691,-0.06915711561724724,-0.28703380968978737,-0.1511594529760318,-0.22356631742972546,-0.1770378419754099,0.05988285868547489,0.0661841592684477,0.11850819100731963,-0.23703005077946132,0.11609907120743033,-0.19745555942837226,0.24417881478140227,0.04748187180065473,0.2771205380025834,0.266404226382083,0.1376410445670077,0.2719127386053759,-0.14680936857140905,-0.1923741961057689,-0.17306023141218843,-0.26905596675756394,-0.079531708117196,-0.044508915451855195,0.09032661513542328,0.23242025984321926,0.28792569659442724,0.18959943684688932,0.007644256726740888,0.10571422713386505,0.01284180455033181,-0.11792043411997075,0.29782188232560364,0.17281419364539125,0.09253070346298156,0.20571491057210614,0.1734839631216725,0.10265925819613311,0.16290092195818726,-0.014242852944593662,0.14708957825026142,-0.04936474415489444,0.08849500064926633,-0.02042113464416788,,0.0638741380135184,-0.09881150089872129,0.035026209856546316,-0.0695979332827589,-0.1145989242682085,-0.040257929592192404,-0.18314436265966827,-0.279598001626583,-0.037018432329362555,-0.2660556728791203,-0.09369596566406277,-0.2627034083065084,0.3024145873058181,0.20925512066102148,0.15461423328480922,0.42462017919750683,0.2517068870071556,-0.022737990281508212,0.2282376178076668,0.13773672592076217,0.14372022772162193,0.2709525078766257,0.4274427791332636,0.3030160129579891,0.03545677594844142,-0.01558580908836173,-0.17683964488548992,-0.1727868561157471
