,#10,#11,#12,#13,#17,#18,#26,#49,#50,#51,#52,#53,#54,#58,#101,#102,#201,#202,#301,#302,#401,#402,#501,#502,#601,#602,#701,#702,#801,#802,#901,#902,#1001,#1002,#1101,#1102,#1201,#1202,#1301,#1302,#1401,#1402,#1501,#1502,#1601,#1602,#1701,#1702,#1801,#1802,#1901,#1902,#2001,#2002,#2101,#2102,#2201,#2202,#2301,#2302,#2401,#2402,#2501,#2502,#2601,#2602,#2701,#2702,#2801,#2802,#2901,#2902,#3001,#3002,#3101,#3102,#3201,#3202,#3301,#3302,#3401,#3402,#3455,#3501,#3502,#3601,#3602,#3701,#3702,#3801,#3802,#3901,#3902,#4001,#4002,#4101,#4102,#4201,#4202,#4301,#4302,#4401,#4402,#4501,#4502,#4601,#4602,#4701,#4702,#4801,#4802
#10,1.0,0.3974500919224434,0.3331180502873858,0.2529097383114975,-0.09031294637060122,0.12750907264265066,0.017940253828962745,0.5193788913264853,-0.1699881765184289,0.34425467642616475,0.06447214647448384,-0.006694277571607242,0.09928990766749363,-0.0169492683793629,-0.2709285875381871,-0.17807666810188696,0.2709559250678312,0.18998899664431823,-0.4068917912232861,-0.026818116580895168,-0.07782994689684866,-0.02841736206507699,0.03377210068412168,0.11156445847770965,0.1441405422399005,0.20910134705677322,0.23803812218508874,0.10969867207949753,-0.23376321598698735,-0.25678141594734794,0.04840109623493873,-0.07230434871752814,0.00145572345355012,0.22400713509523712,-0.14493333059958036,0.1973632952658233,-0.1945031062268058,0.10837280189175705,0.043111284248798856,0.15353440086386594,-0.2541775162487442,-0.2737682734299715,-0.37928430347391656,-0.3480340898994662,-0.06800893937219363,0.0713133632679283,0.061072041224994704,-0.14313247083427305,0.026288451944040076,-0.13160286770685967,-0.14354253377893506,-0.08480443414730827,0.10455238212398936,-0.164691530149878,0.053458539219103464,0.01835373396483027,0.1452272090432548,0.018401574641707504,-0.05649983939201334,0.23558116170832222,0.14339217736589233,0.3303262050724786,0.08634558738099632,-0.017222643675804235,0.36256056971411776,0.4109992550523172,0.07358579541959691,-0.03703551828539014,0.03492027692917529,0.1599655547126484,0.16913387871704974,0.2121904879065603,0.2941005611027959,0.3032449647687587,0.1104470369535057,0.15432718922354582,0.19774943787204668,0.26945577812860944,0.1275637477019389,-0.14408586718061223,-0.02845836835954319,-0.35189893315290566,0.3159740020093084,0.20886897805479807,-0.008840273648671737,0.06930405483908447,-0.03695008850525222,-0.030898242880282124,-0.2057456652929558,-0.0628489806518634,-0.2633219199147069,0.11891141956957059,-0.027170087275063388,-0.0207115958966368,0.07800422364833001,0.11137309577020073,0.006779707351745159,0.01587968753203617,0.13014030987089853,-0.10032189941155968,-0.10687948933494625,0.14297186284761376,-0.046771096029907255,-0.09251361750695399,-0.022556879147615824,0.025417068186633314,0.09667575639527334,0.18231056800552217,0.30660748091498713,-0.006492663290481756,0.02416295901420868
#11,0.3974500919224434,1.0,0.2905603510138806,0.1523793902364013,-0.1113491754317621,-0.1291766619509428,-0.03614363138075028,-0.05190713441179888,0.2869347111448274,0.04694195559018309,0.10036974008843691,0.23532145517670297,-0.21253904140952304,-0.2836029497194486,-0.13720022690149605,-0.13724123319596224,0.11706613631859157,0.36417006677191616,-0.1310766202612101,-0.24901072314600292,-0.033235601664855556,-0.06846342580252736,0.12535624218317512,0.11834074863824931,0.2042899418394057,0.13499272138273224,0.30138601275295757,0.1901666905870051,-0.1778579678647339,-0.18694086208899732,0.016443524080946424,-0.0968944566324264,0.11059739336654843,0.0902275165904633,-0.25690785202195204,-0.2181364006041594,-0.164281467205216,-0.3765881396127639,-0.07042831074569947,-0.15954182300316433,-0.11876789753893889,-0.18408067304997983,-0.35867180612223976,-0.29329752116949953,-0.3430176532097677,-0.26970523308661215,0.22067879086106384,0.12994211278097856,0.09938900621245361,0.08567240071350953,-0.03962233202796629,0.09375405791455656,0.14274291103684417,0.07055474682030358,0.2820207901912944,0.16688536690381975,0.08991313499955576,-0.2824103499887233,-0.04690094929571689,-0.18170572516214573,0.2005925409550366,0.27672756101394896,-0.21427839173313104,-0.029193064468729282,0.30726699881765185,0.18436771711124325,-0.12498035115056828,-0.05581640115091,0.11522085306761254,0.11299284440161565,0.1591078397200637,0.07886193864091472,0.10190747613091942,0.3402326423772716,0.0379479083372631,0.13318161004380838,0.21196153609579071,0.274274017728388,0.030245559360028432,-0.11715840048114053,0.04646354882141075,-0.21953744899842126,-0.2257669885660782,-0.12532207027111994,-0.08513248450303788,0.2263718314094547,0.1505443585590388,-0.10851974111359428,-0.1275603305107334,-0.16738427681982518,-0.27337871363254257,0.007230776590873365,-0.18971903853908242,0.15736165501404464,0.19230243509045306,0.20203459564376466,0.3223607323724192,-0.06925279697100171,0.22756784833138555,-0.00021528304594755295,0.1827240481413897,0.46619031021261764,-0.022536376000382725,0.1676952412195272,0.19963572741749191,0.09169007442642446,0.3541816168781908,0.30393523739227307,0.2469638256138984,-0.03061119881901872,0.05138772134856034
#12,0.3331180502873858,0.2905603510138806,1.0,0.3198593484099809,-0.18129907940868922,0.046067154641570816,0.07727636192155496,0.02000423731709484,0.009164906813195825,0.368335622851441,0.10741940554541789,0.1308920919361122,0.0654665491152892,0.2152727943739364,-0.14331699915937096,-0.14512811049829483,0.19224776003116478,0.5362837362201764,-0.30480320395847427,0.0902480197376964,-0.13724465038716777,-0.1596990137986181,0.048903423342149685,0.023732392922313574,0.0048250739821896,0.06771847811972471,0.2380517909499108,0.3674437359468012,-0.15489102577245606,-0.20614205947279574,-0.0109794353433252,-0.14617718819838846,0.2934410432001312,0.4255154832933522,-0.0753832379936987,-0.045506735283866076,-0.20416008857359605,-0.27637900751098626,-0.3198388452627478,-0.04205195497508868,-0.01851775914269507,-0.04681210232437346,-0.39243023804153937,-0.3510343837779099,-0.15299106746218877,0.008929120620015172,0.2203439061229232,0.1035989857776502,0.20193549709880468,0.2590299277605779,0.2536888579063553,0.32099385589021245,0.3573493531257048,0.23931956888715752,0.08268577559988792,0.309747879632857,0.08400139421401186,0.09297152112849322,-0.27173504466268905,-0.030368578243427032,-0.041139564923215716,0.06218946274919867,0.1537360151449914,0.3074754474811884,0.47870406440721985,0.309146453980686,0.17061352250903847,0.09958720330237358,0.22921151730123906,0.10253282212152899,0.49825381529398094,0.3707242395040972,-0.07423164455743957,0.1068692377613297,-0.08531017844572475,0.05594967160792515,-0.0903095291793957,0.21639021589814036,0.3176825976120668,-0.01017981260123429,-0.11084001394214012,-0.05089564581496593,-0.037056021432623244,-0.06962868800360855,-0.04112589615839365,-0.14579104559216507,-0.22493319391193214,0.08242606906826865,-0.13055379000676604,-0.14789261818355784,-0.3183762874267867,0.093333743396278,0.07515086899172356,-0.2014707590948544,0.012199372603694667,0.12011427087391248,0.19034096733848646,0.05157224967365824,0.24868608998147881,-0.006472160143248655,0.22358340338575305,0.16020475809703455,0.15195565852691723,0.08407998961173874,0.3019430149194568,0.2658984820836665,0.24237112063368393,0.011826898762293345,0.05451103411040261,-0.2026155181487025,-0.004766981731695815
#13,0.2529097383114975,0.1523793902364013,0.3198593484099809,1.0,0.16419603742507807,0.35844627150267566,0.3038395560385186,-0.006947149720815478,-0.19164633437899384,0.3624546367867468,0.13877213485603374,0.09130393182020106,0.37688885243884934,0.1143938927958775,-0.13458949282048127,-0.18260786364040213,0.36784696450905213,0.07351403440428106,-0.10674963606913661,-0.02540339942181125,0.02112849322370984,-0.14653941046617322,0.22703818369453044,0.00042031451827855573,-0.044129607228042836,0.1088922149549956,0.22452313096727014,0.10041416357410862,0.0428960012028513,0.20201409249653154,-0.12004592704980215,0.020677423984581632,0.2604753996405115,0.0534243673070483,0.03113061188225726,0.1755855357130653,-0.22505962998653628,-0.15510630881840362,0.00292169848071679,0.09357978116307519,-0.0919634497228658,0.07048982018739877,-0.2296249974371066,0.044071514977549055,-0.13748043658034842,0.024231302838319015,0.4098544959984691,0.13881997553291098,0.05874493401403782,-0.16815314484106644,-0.06893499818888867,-0.015705410780554815,0.16852220149126224,-0.07184302790478339,0.07706449606681293,0.18179115494228365,-0.09842877548370342,-0.16807796663454508,-0.289299407459045,-0.07615552320614548,-0.056851810086181565,-0.03142107313472618,-0.17948113368735436,-0.2479274735338541,0.27793041231829085,0.32130140309870897,-0.20163820146392472,-0.24619837478386267,0.06020065746758794,0.013149351758828313,0.014813523875914954,0.09622810434735066,0.20647352701973087,0.15758718963360877,0.06011522768745002,0.08913401540469795,0.18346899582419235,0.09249311435972088,-0.14832318427545294,-0.1475782365926503,-0.3181302496599895,0.20164161865513022,0.08885380572584559,0.16778067099966512,0.17766318796601946,0.004131384167469707,0.000919224434283996,0.2349387297616851,0.011478345259330641,0.01003287337939707,-0.13335246960408423,-0.14257888585897935,-0.10800374524156124,0.053502962704775184,0.05865266985148887,-0.03607528755663995,0.2711507049665457,0.3907968206453024,0.3264169383333675,0.13431611752403994,0.19272274960873162,0.031967823727608854,-0.10626097772674772,0.4323122766011249,0.08570998981677021,0.3757543449586178,0.04424920892023592,0.023930590012233546,-0.03660153500228952,-0.03412065418708438,0.021374530990507044
#17,-0.09031294637060122,-0.1113491754317621,-0.18129907940868922,0.16419603742507807,1.0,0.6023482937964311,-0.1840704214763633,-0.11221372480675784,0.143118802069451,-0.10268659572577724,0.04266363220087617,0.42558724430866807,0.4508744592294917,-0.008956458149659306,-0.12990452367771788,0.03131855739856068,-0.14375439963367712,-0.18688276983850355,0.05018828723542397,0.02724184829037924,-0.18379362898871643,-0.13891907407787096,-0.18482220354157697,0.012787129491043542,-0.4234002419371374,-0.17974767460138463,-0.44216062165542414,-0.11808787648904107,-0.000871383757406762,0.3404376738496026,-0.2914693238745481,0.13104244834915493,-0.027836439560139148,-0.2823078342525578,0.12628230099987015,0.2507295703223778,-0.002849937465400939,0.19718218413193092,-0.04574935585945776,0.2526568661622892,-0.011990923940158148,0.19788612552026735,0.02062616611649888,0.22171419979633541,0.3133735195019102,0.22035074050533424,0.09166957127919136,0.09049064031328809,-0.07343202181534865,-0.03783855821868657,-0.06522392853969751,-0.051466316746287225,-0.22033023735810114,-0.13956492321571362,-0.07843478974022512,-0.05639732365584784,-0.1757905671853963,-0.07719093214141703,0.10660611403850491,0.15449463159261614,-0.0766920222254116,-0.10209200445601734,-0.07042831074569947,-0.14154347692370778,-0.31887861453399763,0.09072984369767426,-0.2004900252188711,0.03887054996275262,-0.16819073394432713,-0.2026770275904018,-0.2581038689438829,-0.25390755814350835,-0.001800859765307308,0.08484544044177447,-0.11309194294657564,-0.40195394993131445,-0.0110204416377914,-0.16161605806491297,-0.29377251074706634,0.044587510849582075,0.08664288301587628,0.4894408791749534,-0.045045414471121314,0.2687552539314785,0.5410473007606668,0.06760912800114817,0.1339641468298717,0.21397767890704555,0.17400337618491105,0.2926995127085341,0.3006786541734156,0.010026038996986038,0.26034896356590737,0.10739890239818478,0.2504972013204027,-0.13212569796130372,-0.024655034547803087,0.14006041594051352,-0.03635891442669783,0.09532938306029975,0.07910797640771192,-0.23477128739261477,-0.14758848816626685,0.3430757454602615,0.038320382178664424,0.026968472993937904,-0.14952261838858932,-0.1143323833541782,-0.04831224926359529,0.12551343297862888,0.031574846738974434
#18,0.12750907264265066,-0.1291766619509428,0.046067154641570816,0.35844627150267566,0.6023482937964311,1.0,0.05888162166225849,0.07972648801591044,-0.20816845385766716,0.03778046596819278,-0.1376786336702684,0.26490407944286115,0.6403645459578046,0.14924582590094246,-0.1727219294828423,-0.0808199892016758,0.08086782987855302,-0.21687887424052926,-0.12168959601965568,0.03448287645486916,-0.19281501377128055,-0.20636417690115433,-0.16934916176299727,0.002074235061748645,-0.3144943582173197,-0.15136790163956834,-0.24883302920331604,-0.08943131103957791,-0.037551514157423166,0.3309652198279103,-0.14550400153090165,0.11409317996979203,-0.06848051175855493,-0.15341479917167286,0.21284658861801953,0.45703223778183283,0.041430026175684635,0.2709695938326533,-0.003974193372015938,0.23104996616980705,-0.018210211934198566,0.06238424264791312,-0.03749000471572386,0.06838483040480046,0.19552142920604978,0.329283961754796,0.1456133516494782,0.054630635802595695,-0.1240030344657905,-0.1925758103868944,-0.15846199058222105,-0.2051100677287297,-0.17767685673084152,-0.17631681463104587,-0.19598275001879456,0.01824780103745925,-0.10795932175588953,-0.03427101060012712,0.010702642855678346,-0.007927883596798775,-0.20278979490018384,-0.08195791387311285,0.09492615449804878,-0.19629713160970208,-0.12630963852951427,0.003482117838421531,-0.03130488863373861,-0.07841428659299203,-0.11239483594065022,-0.12367498411006089,-0.12155632556264054,-0.17803907899862628,0.14927999781299764,0.06220654870522625,-0.015708827971760334,-0.1999569433908105,-0.06058338288260581,-0.09278699280339532,-0.27853867235287283,0.12873242709422564,-0.13459974439409783,0.43951229847114864,0.23615866702205454,0.3578243427032716,0.6322555512271134,-0.020277612613536177,-0.01602320956266787,0.2409119799889283,0.0586390010866668,0.3657351403440428,0.34838947778484,0.16495123668149728,0.33064058666338614,-0.07950437058755186,0.11577102085170074,-0.2574306822763961,-0.030590695671785618,0.1592342757946678,-0.06001612914249004,0.1325699328180209,0.078308353665621,-0.3162986351738325,-0.15226662292661924,0.09404451916702547,-0.1939700243987452,-0.03228562250972191,-0.26398485500857716,-0.18594645944819196,0.06539820529117886,-0.012729037240549758,0.10178787443872635
#26,0.017940253828962745,-0.03614363138075028,0.07727636192155496,0.3038395560385186,-0.1840704214763633,0.05888162166225849,1.0,0.08868294616556975,-0.12856840191636082,0.21486956581168543,-0.05090248019737696,-0.0885086694140884,0.25134124754816534,0.24374141430709614,0.12886228036003528,-0.04801837081992086,0.3694393756108229,-0.09798454062698624,-0.16251819654316937,-0.020725264661458867,-0.013743943028588222,-0.014635829933228085,-0.10818143918424812,-0.15730014557234537,-0.05004818239599779,0.12337427128397542,0.03491344254676426,0.028338766667350104,0.035077467724629066,-0.08111386764535022,-0.05149707146713687,-0.22925594078691078,-0.22158434653052578,0.07414621477730166,-0.015486710543401746,-0.04607057183277633,-0.16936624771902486,-0.03828621026660926,-0.32756511457842113,-0.054770740642021885,-0.002836268700578872,0.023465852008283272,-0.15025389730656988,-0.012370232163970502,0.05755916866572352,0.21847811972471107,0.23252277557938478,0.042790068275480285,0.08374852206480361,-0.1482548404513426,-0.12615586492526604,-0.055963340372747215,-0.03831013060504788,-0.06761596238355921,-0.26306563057429316,0.0458997122725005,0.06450973557774452,0.2411956068589862,-0.20462482657754633,-0.17084930870221912,-0.2899589253617097,-0.3453720979503687,0.10324359789227647,0.02371872415749151,0.1461840225807995,-0.017824069327975176,0.11922921835168365,0.029691974384734723,0.0836425891374326,0.2072389778497666,0.05715594010347255,0.14821383415687642,0.03833405094348649,-0.11707638789220812,0.12806265761794436,0.15437502990042304,-0.04357943944395465,-0.17183687696061345,0.09436231794913853,0.002050314723310028,-0.1481284043767385,-0.026209856546313193,0.23361969395635562,0.07736179170169287,0.01231213991347672,-0.18878614533997634,-0.2103076155523206,0.19302004524361155,0.07244445355695432,0.14507343543900655,-0.07770351082224455,0.009995284276136386,0.005737464034062562,-0.181145305804441,-0.10557753948564438,-0.13816387482145176,-0.09823399558498896,0.19262706825497714,-0.05002084486635365,0.049340823816455825,-0.07486382493046016,-0.0440817665511656,-0.30850060484284336,-0.0713133632679283,-0.2934717979209809,-0.03793082238123552,-0.18136400604159406,-0.24750374182437004,-0.17846622789931588,-0.17854482329704277,0.028075642944525317
#49,0.5193788913264853,-0.05190713441179888,0.02000423731709484,-0.006947149720815478,-0.11221372480675784,0.07972648801591044,0.08868294616556975,1.0,-0.21749738584872777,0.24127078506550756,-0.07001483060983195,-0.2693771827308825,0.14633096180263672,0.3026025328221215,-0.10365707802814399,-0.03857325432787266,0.0811275364101723,0.08916818731675312,-0.20632317060668812,0.04956977562722545,-0.0018281972949514417,-0.12923133701023107,-0.08903833405094348,-0.22326560460364,0.13000703941388336,-0.02754256111646471,0.007480231548876086,-0.20277612613536178,0.037257635713748724,-0.06574334160293605,0.1430402066717241,0.0435076784286388,-0.0893698015978786,0.1113047519460904,-0.021162665135765008,0.31754590996384613,0.04306344357192162,0.47208154785092843,-0.01028232833739979,0.06670698952289177,-0.1875457049323738,-0.14038504910503763,-0.006178281699574218,-0.1343092831416289,0.02989358866586021,0.04681210232437346,-0.25052795604125233,-0.15926161332431193,-0.1937649929264142,-0.22558587743218583,-0.12945003724738413,-0.2250698815601528,0.010620630266745945,-0.17949821964338192,-0.14827534359857572,-0.1435493681613461,0.12599525693860675,0.07169950587415168,-0.01046002228008666,-0.018490421613050936,0.003287337939707078,0.1971411778374647,0.3947197561492356,0.1134541652143604,0.09793669995010901,-0.011669707966839577,0.38379499586519866,0.07897128875949125,0.1301813161653647,0.17018637360834887,0.2211401116738086,0.0863626733370239,0.3524866900402545,0.08228254703763695,0.13076565586150807,0.3456693935852487,0.11847743628646998,0.12464546641242764,0.2701494679433293,0.02283367163526268,0.07609059657324066,-0.4074043699041136,0.49088976824609243,0.36249222589000746,0.026038996986037358,-0.12174085388773843,-0.13822538426315106,-0.16759955986577274,-0.20560897764473512,0.05217367532582918,-0.12773460726221475,0.1917180953943097,-0.12769360096774854,-0.14247978731401936,-0.12170668197568327,-0.07677745200554952,-0.29060477449955235,0.2049699628893035,-0.06644044860886146,-0.05485958761336532,-0.13828005932243934,-0.041816168781908025,-0.05678346626207123,-0.22945072068562525,-0.22551411641687,-0.0608055003109644,-0.03679631490100397,0.05250172568155879,0.3347890567868835,-0.09198053567889337,-0.11915062295395677
#50,-0.1699881765184289,0.2869347111448274,0.009164906813195825,-0.19164633437899384,0.143118802069451,-0.20816845385766716,-0.12856840191636082,-0.21749738584872777,1.0,0.11791359973755972,0.3212433108482152,0.38276300412113257,-0.04229115835947485,0.03460247814706224,-0.006103103493052851,0.08398089106677875,-0.1700052624744565,0.1190754447474354,0.04176832810503079,0.10298389136065719,-0.19522071637996433,-0.04956977562722545,-0.1648521381365373,0.10902548541201075,-0.20570124180728408,-0.15060928519194364,-0.15678756689151785,-0.0036290570602587496,-0.0884061536779229,-0.08027323860879311,-0.05627088758124372,-0.08612688714384324,-0.10548527532309543,-0.050082354308052954,-0.1378631619953663,-0.12161783500433983,-0.21174967024104865,-0.03143474189954825,-0.3744865670213711,-0.07114250370765246,0.15652786035989857,0.25624491692808177,-0.17020345956437646,0.18232081957913873,0.08772271543681955,0.02294985613625025,0.15082456823789117,0.1339436436826386,0.018582685775599888,0.04925881122752342,-0.022006711363527633,0.02406044327804318,-0.20295040288684313,-0.0957496975785783,-0.14214490257587872,-0.08042701221304137,-0.11575051770446763,-0.004353501595828293,-0.034130905760700936,0.08278829133605342,0.028933357937110014,-0.0036153882954366827,0.18336306289682133,0.3009178575578018,-0.08375877363842016,-0.12167934444603913,0.202612100957497,0.3040582562756716,-0.016310253623931275,-0.14383299503140398,0.08254225356925621,-0.14574320491528783,-0.16719291411231624,0.02023318912786446,-0.21067667220251643,-0.2828682536102625,-0.09591372275644311,-0.07995543982668006,0.16376205414197745,0.039820529117886264,0.39262160074904834,0.0854844551972061,-0.15760427558963636,0.13239565606653955,0.061341999330230525,-0.000608260034581975,0.035285916388165584,-0.036116293851106145,0.11386764535022793,0.12988743772169029,0.023722141348697025,0.0745460261483471,0.07971965363349941,0.023708472583874957,0.013528659982640669,0.04930665190440066,-0.11883965855425474,-0.14212439942864563,-0.09818615490811172,-0.024282560706401765,0.03949589595336218,0.07952829092599047,-0.025208619523096797,0.11429479425091751,0.24024221051264702,0.09900628079743574,0.2653585658731949,0.03662887253193365,-0.12011427087391248,-0.049094786049658626,-0.06250384434010621
#51,0.34425467642616475,0.04694195559018309,0.368335622851441,0.3624546367867468,-0.10268659572577724,0.03778046596819278,0.21486956581168543,0.24127078506550756,0.11791359973755972,1.0,0.5236264599949425,-0.08540927699068473,0.34213260068753887,0.2877548370341514,0.0019580505607610767,0.006742118248484476,0.17441685632077858,0.17506270545862124,-0.10416282232656046,0.1481899138184378,-0.19030337823522578,-0.08977986454254061,-0.0723556065856109,0.02827384003444529,0.026158598678230442,0.08824896288246913,0.20107778210621996,0.0341240713782899,-0.1489006895891853,-0.17463897374913717,-0.09037103862109501,-0.19547358852917257,0.08926386867050759,0.17710618579952023,0.038853464006725034,0.015175746143699724,-0.1726877575707871,0.16516651972744484,-0.2722988812115993,-0.020219520363042393,-0.0582084349947717,0.06052870782331755,-0.14667951530559942,0.08863852267989802,-0.0005570021664992243,0.062179211175582116,0.17472098633806957,0.007746772462906389,0.11998441760810284,-0.17106459174816668,-0.1431427224078896,-0.04275589636342512,-0.0399913886781621,-0.2080966928423513,0.03376868349291616,0.06244575208961242,-0.037770214394576236,0.07916265146700019,-0.19927008795850162,0.21203329711110655,-0.15774779762026805,-0.07781969532323212,0.31924767118419345,0.24150998844989371,0.22613604521627403,0.22788222992229307,0.33466603790348487,0.22392853969751023,0.26196871219732226,0.12443360055768561,0.2434885421578879,0.17845255913449382,0.21091929277810811,0.009291342887799944,0.08220053444870454,0.18329130188150547,-0.07985292409051456,-0.006677191615579658,0.28487756203910636,-0.06359734552587155,-0.25634059828183625,-0.03855275118063956,0.21834484926769593,0.24888086988019328,-0.09199078725250992,-0.23051346715054094,-0.34030098620138194,0.14784819469788613,-0.11941716386798706,0.10733397576527998,-0.29053984786664755,0.26462045257280326,0.07711575393489567,-0.17881478140227858,-0.08948256890766065,0.01231213991347672,-0.017868492813646896,0.21824575072273594,0.12295395676569687,0.03146207942919238,0.18575851393188855,-0.1701282813578551,0.024665286121419636,0.09296468674608219,0.07971965363349941,0.2665682515599478,0.1997963354041512,-0.1036194889248833,-0.21844394781265591,-0.27923236216759273,0.0021152413562148457
#52,0.06447214647448384,0.10036974008843691,0.10741940554541789,0.13877213485603374,0.04266363220087617,-0.1376786336702684,-0.05090248019737696,-0.07001483060983195,0.3212433108482152,0.5236264599949425,1.0,-0.06062780636827753,0.20217470048319083,0.0913722756443114,-0.05769243912273867,0.06133858213902501,-0.132696368892625,0.16376547133318298,0.13818437796868485,0.06646436894730008,-0.2911891141956957,0.19356337864528872,0.03758910326068385,0.3036516105222152,-0.023127550078937117,0.27128397542356086,0.14990534380360718,0.01244541037049187,0.016231658226204388,-0.0012916982756853177,-0.10867351471784252,-0.06420902275165905,0.1259850053649902,0.07851680232915753,0.27255517055201306,-0.06336839371510193,0.048876085812505556,0.06425002904612524,-0.10951756094560515,-0.16701522016962936,0.2416090869948537,0.2643163225555123,0.029073462776536198,0.36405046507972305,-0.019741113594270054,-0.037134616830350124,0.07504835325555806,-0.05767535316671109,0.04161113730957702,-0.05727554179566564,-0.06355633923140536,0.07927541877678224,-0.030928997601131773,-0.10577573657556436,0.1672646751276321,0.12908439778839384,-0.15510289162719812,0.015302182218303843,-0.0077228521244677726,0.2067469023161722,0.1473492847818807,0.052484639725531204,0.12802506851468368,0.2193631722469399,0.05836904298143098,0.22984369767425966,0.14055590866531345,0.22063778456659763,0.09931724519713776,0.03478700647216015,0.081271058440804,0.027662162808657794,-0.0868752520178514,0.20106753053260343,-0.21237843342286375,-0.11812888278350726,-0.023899835291383894,0.09512093439676324,0.22522023797319554,-0.0668983522304007,-0.3692104238000533,0.10425850368031493,-0.0660816435322822,0.05050950320874254,-0.06702820549621033,0.064506318386539,0.060381768601480326,-0.03010887171180776,0.04264312905364307,0.055679713502689326,-0.1886528748829612,0.14116075150868992,0.08461307143979935,0.2344739917577348,0.015790840560692732,0.2587804728025752,0.1945406953300665,0.15904291308715887,0.07364730486129621,-0.04915629549135792,0.24378925498397339,-0.16158872053526882,0.13644844483628238,0.27477976202680443,0.3377039208851892,0.3546976127502238,0.2624437017748891,0.08297623685235683,-0.2693771827308825,0.08041676063942482,0.1861788284501671
#53,-0.006694277571607242,0.23532145517670297,0.1308920919361122,0.09130393182020106,0.42558724430866807,0.26490407944286115,-0.0885086694140884,-0.2693771827308825,0.38276300412113257,-0.08540927699068473,-0.06062780636827753,1.0,0.13173613816387483,-0.1167244171980399,-0.13030433504876332,-0.20635050813633227,0.2937622591734498,0.027976544399565335,-0.15646293372699377,-0.24073770323744695,-0.1842754529486943,-0.24507411887724767,0.03881245771225883,0.24806416118207478,-0.14104798419890788,-0.06756470451547646,-0.2953990937608923,-0.10754584162002201,-0.13207102290201547,-0.0021289101210369126,-0.14539465141232513,0.13644844483628238,-0.053721662941928254,0.17656968678025411,-0.06911610932278105,0.003981027754426971,-0.15470308025615265,-0.1305674587715881,-0.11720965834922327,0.281542383422522,0.1439799342532412,0.17634756935189552,-0.338377107552676,0.06584585733910155,0.04420820262576972,0.043490592472611216,0.10663003437694353,0.07106390830992558,0.05232744893007743,0.06317019662518196,0.06927330011823482,0.02623377688475181,-0.023657214715792206,-0.0985073708814303,-0.09555833487106938,-0.04499073941183305,-0.07582063846800484,-0.0834990671068009,-0.13893616003389853,0.02186318933289593,-0.0020127256200493443,0.022204908453447605,0.03405231036297405,0.013562831894695836,-0.12861624259323806,-0.002566310595343052,0.018938073660973626,0.004343250022211743,0.002026394384871411,-0.1459448191964133,0.031872142373854384,-0.13744284747708774,-0.02959287583977474,0.2217552060908016,-0.09445458211168747,-0.3299127249366111,-0.07473055447344501,-0.013378303569597932,-0.0350432958125739,-0.03073763489362284,0.30111263745651623,0.34023947675968264,-0.33881792521818765,0.11901051811453058,0.37289757311080585,0.2027590401793342,0.152522912267033,0.20291623097478798,0.2148661486204799,0.1785106513849876,-0.02797996159077085,0.14143412680513126,0.15189756627642342,0.0183400652000082,0.24231644557439566,-0.03069321140795112,-0.03027631408087808,-0.0651384987595596,-0.06676508177338555,-0.023418011331406037,0.17584865943589006,0.3397542356084992,-0.0029968766872381578,0.3210997888175835,0.20936788797080352,0.044611431188020696,0.22336128595739446,0.06369986126203706,-0.015862601576008585,-0.036967174461279804,0.027118829406980637
#54,0.09928990766749363,-0.21253904140952304,0.0654665491152892,0.37688885243884934,0.4508744592294917,0.6403645459578046,0.25134124754816534,0.14633096180263672,-0.04229115835947485,0.34213260068753887,0.20217470048319083,0.13173613816387483,1.0,0.20127256200493443,-0.1697182184131931,-0.12501794025382895,0.09053164660775428,-0.1482685092161647,-0.029469856956376137,0.004490189244048962,-0.27547003465031883,-0.11718232081957913,-0.22910558437386805,0.07314497775408525,-0.28655540292101506,-0.02718717323109097,-0.15588542841326145,-0.09363445622236347,0.16472911925313868,0.3995892536170969,-0.2773836617254082,-0.08041676063942482,-0.16479404588604352,-0.17621088170367485,0.26458969785195363,0.4148060060552628,-0.0829283961754796,0.3455907981875218,-0.15151484086140557,0.13647919955713203,0.04703763694393756,0.3288089721772292,0.038081178794278255,0.24926701248641667,0.23406734600427834,0.45850846438261605,0.1399920721164032,0.003075472084965042,-0.08105577539485645,-0.3328925156678217,-0.14492649621716933,-0.16186551302291569,-0.20498021446292006,-0.22637866579186572,-0.29199215412899215,0.0073401267094499005,-0.29677280462551003,0.027884280237016383,0.009530546272186113,0.10484967775886932,-0.18285731859840484,-0.20362700674553544,0.1879591850682413,-0.09938900621245361,-0.1957264606783808,0.07736862608410391,0.049559524053608896,-0.1013504739644202,-0.03210792856703504,-0.09945051565415292,-0.03381310697858788,-0.1516651972744483,0.1820508614739029,-0.07332950607918315,-0.08197499982914044,-0.22501178930965904,-0.05087514266773283,-0.21183168282998108,-0.1906758520766271,0.24727479001360042,-0.15218461033768685,0.5897217722920468,0.4758199550297637,0.6559366862813442,0.6185833692138409,-0.043753716195436,-0.07555068036276902,0.3818984547461369,0.21638679870693484,0.5277168378679461,0.2700059459126976,0.21027002644905993,0.37564157764883577,0.006848051175855494,0.15260834204717091,-0.028222582166362538,-0.11033768683492916,0.4472112302571778,-0.09892768539970885,0.05158250124727479,0.12912198689165452,-0.5154798761609907,-0.2651603687832749,0.29120961734292883,-0.10049275897183552,0.08083024077529234,-0.28296393496401695,-0.3207136462113601,-0.21011283565360617,0.009814173142244002,0.16116840601699028
#58,-0.0169492683793629,-0.2836029497194486,0.2152727943739364,0.1143938927958775,-0.008956458149659306,0.14924582590094246,0.24374141430709614,0.3026025328221215,0.03460247814706224,0.2877548370341514,0.0913722756443114,-0.1167244171980399,0.20127256200493443,1.0,0.10114202530088369,0.1549969586998271,-0.1035374763359509,-0.029452771000348554,-0.20039776105632215,0.2506031342477737,-0.13983146412974393,-0.16052255687914763,-0.18395765416658125,-0.17669612285485822,-0.3083297452825675,-0.11510125137541946,-0.2362099248901373,-0.021600065610071145,0.06062438917707201,-0.05803415824329034,-0.03981027754426971,-0.07050348895222083,-0.02315488760858125,0.13401198750674895,0.07404711623234167,0.1592718648979285,-0.07923782967352155,0.1637278822299223,-0.36713618873830467,-0.01483744421435357,0.11181391343571238,0.01983679494802452,-0.009824424715860551,0.008932537811220689,0.264473513350966,0.15515414949528086,0.0036700633547249503,-0.06267812109158756,0.033016901427702486,0.020653503646143018,-0.21148654651822388,-0.10916559025143693,-0.0304437564499484,-0.06488562661035135,-0.3070551329629098,-0.025584510555703634,0.1077474559011475,0.26063259043596526,-0.10764152297377648,-0.036676713208810885,-0.1616263096385295,-0.05467847647947293,0.5230181999603606,0.498366582603763,0.10575181623712573,-0.27991238321749057,0.6085060723487722,0.4883097888859273,0.09596839781573138,0.05299721840635871,0.15051360383818915,-0.010890588371981766,-0.02530771806805678,-0.06922204225015206,-0.09324831361614008,0.12180578052064325,-0.1857311764022444,0.008529309248969717,0.4375644994840041,0.16701180297842386,-0.09872607111858336,-0.08059445458211169,0.23842084760010662,0.10867693190904804,0.002590230933781669,-0.2740519003000294,-0.18935681627129763,-0.07013101511081951,-0.08763386846547612,0.20344247842043753,-0.0194028116649239,0.2813715238622462,0.12444726932250767,-0.26446326177734947,-0.16752779885045688,-0.21292518401574642,-0.16024234720029523,0.08826263164729119,-0.20911159863038978,0.05095373806545971,-0.14195012267716428,-0.19548725729399463,-0.10800716243276676,-0.22467007018910737,-0.26933275924521083,-0.10477108236114244,-0.15977419200513945,-0.11056322145449327,-0.004497023626459995,-0.2826256330346708,-0.2072560638057942
#101,-0.2709285875381871,-0.13720022690149605,-0.14331699915937096,-0.13458949282048127,-0.12990452367771788,-0.1727219294828423,0.12886228036003528,-0.10365707802814399,-0.006103103493052851,0.0019580505607610767,-0.05769243912273867,-0.13030433504876332,-0.1697182184131931,0.10114202530088369,1.0,0.5610036974008844,-0.10884779146932387,-0.025926229676255304,0.408094642527628,0.3618053704576986,0.6598425358292498,0.3540722667596143,0.1252503092558041,0.14157764883576296,0.06739726214640614,0.21313363267928292,-0.10751508689917236,-0.25681217066819756,0.1734634599744394,-0.16734327052535897,-0.13049228056506673,0.019635180666899035,0.025259877391179547,0.0756907852021952,0.0706196734532084,-0.26494166854612183,0.06409283825067148,0.08866244301833665,-0.17923851311176264,-0.08122663495513228,0.10283011775640895,-0.02726235143761234,0.24987868971220414,0.1387242941791565,-0.14442416910995837,-0.18982497146645344,-0.2134719346086291,-0.22636841421824916,0.13488337126415573,0.0026141512722202857,-0.08770221228958645,0.0303822470082491,-0.12082162945345444,0.002908029715894723,-0.1479507104340516,-0.3227127030665874,-0.06477285930056931,0.08030399332964276,-0.19951954291650434,-0.08166745262064394,-0.43730479295238484,-0.34055727554179566,0.06348457821608951,0.23828757714309146,-0.24296571190344385,0.08404923489088909,0.22988812115993137,0.08072430784792133,0.5565750175985347,0.4762266007832202,0.31510261825190167,0.18740901728415313,0.04729734347555683,-0.0727451663830398,0.15324735680260254,0.040121241943971736,-0.21595281542383424,-0.2011085368270696,0.20995222766694688,0.03311941716386799,-0.12299496306016307,-0.08023564950553243,-0.11701487845050881,-0.2743047724492376,-0.1694175055871076,-0.4884635624901756,-0.3515162077378878,-0.2719674136646642,0.06680267087664624,-0.15559838435199802,-0.011266479404588605,-0.25206910927494036,-0.10679064236360282,-0.39451130748569907,-0.41835646771779467,-0.28064366213547115,-0.07371223149420103,-0.273559824766435,-0.24231644557439566,-0.20444029825244842,-0.20433778251628293,0.008508806101736616,0.1300719660467882,0.00942119615360958,-0.058625332321844734,-0.13100485924589425,-0.14431823618258735,-0.3212569796130373,-0.21518394740259297,-0.4147752513344132,-0.4853949247876216
#102,-0.17807666810188696,-0.13724123319596224,-0.14512811049829483,-0.18260786364040213,0.03131855739856068,-0.0808199892016758,-0.04801837081992086,-0.03857325432787266,0.08398089106677875,0.006742118248484476,0.06133858213902501,-0.20635050813633227,-0.12501794025382895,0.1549969586998271,0.5610036974008844,1.0,-0.3361696020339122,-0.03402497283332992,0.20537319145155447,0.5581537599354834,0.2562517513104928,0.5012575263636302,-0.20197650339327086,0.12473431338377107,-0.1454083201771472,0.06345382349523986,-0.17092106971753498,-0.09785810455238213,-0.0866292142510542,-0.04919046740341309,-0.10026038996986038,0.10943896554787827,-0.020052077993972076,-0.026927466699471703,0.03887738434516365,0.1095073093719886,0.040825183332308175,0.31405695774301357,-0.25498739056445163,0.11870980528844512,0.15721813298341294,0.08531017844572475,0.22429759634770605,0.24105550201956,-0.06662155974275384,-0.029825244841749875,-0.05416931498985094,-0.26180126982825197,-0.06798843622496054,-0.0991805575489171,-0.12704433463870038,-0.007241028164489916,-0.2523459017625872,-0.15089974644441256,-0.10219110300097732,-0.2623582719947512,-0.07006608847791469,0.32170463166095997,-0.1991983269431858,0.045797196536334996,-0.23010682139708447,-0.11094936406071665,0.18316828299810686,0.4043938244520534,-0.10537250801331338,0.22497761739760386,0.17531216041662395,0.30749253343721594,0.3572263342423062,0.4670958658820796,0.17224010552286442,0.1860318892283299,-0.06031684196857551,-0.04083885209713024,0.0956471818424128,0.06355975642261087,-0.12371599040452709,-0.01171754864371681,0.142100479090207,0.152628845194404,-0.10115227687450024,-0.15099542779816702,-0.01992222472816244,-0.21565893698015978,-0.16995058741516822,-0.3618122048401096,-0.21636971275090727,-0.3496470041484701,0.22714069943069595,-0.16404909820324087,0.06380579418940807,-0.12432766763031458,0.013948974500919224,-0.2398492335240126,-0.15649368844784342,-0.14689821554275248,-0.0794531127194691,-0.19252113532760612,-0.1870160402955187,-0.1982039243023804,-0.2871807489116246,-0.2104853094950075,0.098445861439731,-0.22378501766687853,-0.0723385206295833,-0.20681866333148805,-0.17917358647885784,-0.05999220880405142,0.03521073818164422,-0.2691858200233736,-0.3023223231432692
#201,0.2709559250678312,0.11706613631859157,0.19224776003116478,0.36784696450905213,-0.14375439963367712,0.08086782987855302,0.3694393756108229,0.0811275364101723,-0.1700052624744565,0.17441685632077858,-0.132696368892625,0.2937622591734498,0.09053164660775428,-0.1035374763359509,-0.10884779146932387,-0.3361696020339122,1.0,0.2188471763749069,-0.20016880924555253,-0.3116512551343298,0.03314675469351212,-0.27647810605594625,0.2834150042031452,-0.056110279594584436,0.17576664684695767,0.0879960907332609,0.13072806675824739,-0.15211284932237099,-0.018948325234590176,-0.07657925491562954,0.10641475133099597,0.09275623808254567,0.11499190125684293,0.25868479144882073,-0.2510131971924357,-0.036051367218201326,-0.35690511826898763,-0.24836829119936576,0.02640805363623316,0.09601965568381413,-0.27063129190330715,-0.11054613549846568,-0.4267183345976941,-0.21830042578202422,-0.21955111776324332,-0.03767111584961625,0.14571245019443818,-0.008949623767248272,0.07284426492799978,-0.07643915007620336,0.15188048032039586,-0.050789712887594915,0.2313814337167422,-0.06048086714644031,0.05392327722305374,0.05521155830753354,0.053123654480962824,-0.09144061946842173,-0.24781128903286653,-0.11184125096535652,-0.0015582391897156214,0.05082046760844456,-0.19882243591057894,-0.2867911891141957,0.13981437817371634,0.1196905391644284,-0.15137473602197937,-0.3772100684121679,0.2141690416145545,0.14162207232143467,0.2754495315030857,0.20495287693327593,0.2262317265700285,0.08718621641755343,0.12125219554534955,0.06570233530846985,0.127888380866463,0.0886521914447201,-0.05339019539499313,-0.10925443722278036,0.009209330298867544,-0.06348116102488399,0.03685782434270327,0.18131958255592234,0.05222835038511745,0.1408907934034541,-0.030095202946985696,0.22425317286203433,-0.04282424018753545,-0.07346961091860935,-0.29775695569269883,-0.04858562456003663,-0.19146180605389593,-0.02328132368318537,0.03829646184022581,0.1721341725954934,0.07382499880398308,0.2993801215153193,0.16836159350460295,0.10101217203507405,0.08402189736124495,0.41374325959034713,0.038621095004749896,0.23354109855862876,0.09930357643231569,0.21470554063382064,0.20476834860817802,0.12456003663228972,0.044020257109466304,-0.06762621395717576,0.08228596422884246
