,#10,#11,#12,#13,#17,#18,#26,#49,#50,#51,#52,#53,#54,#58,#101,#102,#201,#202,#301,#302,#401,#402,#501,#502,#601,#602,#701,#702,#801,#802,#901,#902,#1001,#1002,#1101,#1102,#1201,#1202,#1301,#1302,#1401,#1402,#1501,#1502,#1601,#1602,#1701,#1702,#1801,#1802,#1901,#1902,#2001,#2002,#2101,#2102,#2201,#2202,#2301,#2302,#2401,#2402,#2501,#2502,#2601,#2602,#2701,#2702,#2801,#2802,#2901,#2902,#3001,#3002,#3101,#3102,#3201,#3202,#3301,#3302,#3401,#3402,#3455,#3501,#3502,#3601,#3602,#3701,#3702,#3801,#3802,#3901,#3902,#4001,#4002,#4101,#4102,#4201,#4202,#4301,#4302,#4401,#4402,#4501,#4502,#4601,#4602,#4701,#4702,#4801,#4802
#10,1.0,0.35380572584558395,0.1359221973906328,0.47026018493838806,0.19153698426041732,0.3375979879578182,0.20361675517191888,0.42477395280175506,0.2458395697072834,0.4008604487455491,0.5057818875197343,0.36214025519583926,0.17291329219035123,0.09906779023913503,-0.3419139004503858,-0.38655608635925615,0.5310041758076531,0.2920194916586363,-0.22659736602901878,-0.2712327175554781,-0.35377155393352877,-0.429059110573473,-0.10870426943869217,-0.09305011652622011,-0.030618033201429754,-0.11863120989071822,-0.05197206104470369,0.10681797989324694,-0.3323286791189114,-0.35069949903976927,0.03590101080515859,-0.02754256111646471,0.20207901912943638,-0.055936002843103086,-0.10801057962397229,-0.11956068589861878,-0.25861644762471037,-0.10421749738584873,-0.24622912950471232,-0.06609531229710428,-0.5054401683991826,-0.4442861145852555,-0.4544180865096126,-0.48679597318188345,-0.29921951352866,-0.45689555013361216,0.13623999617274585,0.19141054818581318,0.00534448704542814,0.10166485555532774,0.3232765396154976,0.24654009390441434,0.3474634189681449,-0.04793294103978294,-0.020404048688140296,-0.18850593566112397,0.17381884785981314,-0.35390482439054394,0.21816715532500905,-0.07455969491316917,0.3984615805192764,0.33593039864952606,-0.11670733124201231,-0.06514533314197063,0.10772011837150336,-0.1918821205721745,-0.11178999309727376,0.14598582549087952,0.00847463418968145,-0.08877862751932422,0.23433388691830861,0.11618108379636274,-0.02531796964167333,-0.03885688119793055,-0.19122260266950977,0.1616023893000909,0.23290891818560816,0.17394186674321174,-0.12023045537490004,-0.20657604275589636,-0.22742090910954832,-0.22497420020639836,-0.22528516460610037,0.307697564909547,0.1753429151374736,0.07372590025902309,0.4730349441972676,-0.23967153958132573,-0.3206282164312222,0.01006362810024672,-0.2723535562708876,0.1499463500980734,-0.18538604009048723,0.49786767268775756,0.3298512154949118,0.30387372795057377,-0.03765061270238315,0.3389580300576138,0.38465612804898885,0.3059855521155831,0.1901701077782106,0.11606489929537517,0.28124167059643657,-0.0365161052221516,0.19648849431721102,0.24842296625865404,0.1639739199967195,0.3133837710755268,0.31219800572721246,0.3828005932243933,0.1944826030795727
#11,0.35380572584558395,1.0,0.14800538549333989,0.1567363090234351,0.1463070414641981,0.13695760632590437,0.04571176675619708,0.38639889556380236,0.36625455340728136,0.414125985005365,0.129931861207362,0.04447474353980003,-0.042602122759176866,0.055672879120278296,0.013771280558232355,0.04511375829523165,0.5072136906348458,0.2171522495369706,-0.17665853375159754,-0.08576124768485296,-0.22630007039413882,-0.2175213061871664,-0.0051975478235909214,-0.002067400679337612,0.08082340639288131,-0.20462482657754633,0.02344534886105017,-0.0515654152912472,-0.07449135108905884,-0.2761466385090111,0.05174652642513959,0.06942707372248307,0.14162207232143467,-0.12622762594058187,-0.001551404807304588,-0.2638139954483013,-0.2102016826249496,-0.2560091307349011,-0.059035395266506745,-0.20674006793376118,-0.07648015637066956,-0.12210991053793424,-0.1950908631141547,-0.25261927705902854,-0.18721082019423316,-0.1743826844087234,0.06987814296161128,0.005382076148688824,0.07431023995516645,0.14539465141232513,0.056786883453276746,0.039974302722134515,-0.06979613037267887,0.02585788585214497,-0.04975088676111783,-0.009175158386812376,-0.03932503639308634,-0.22514164257546868,0.11075800135320772,-0.035760905965732406,0.24429499928238985,0.3078752588522338,-0.14856238765983912,-0.08836514738345669,-0.030368578243427032,0.09070250616803012,0.19620486744715313,0.6287871021535139,-0.18106329321550857,-0.1306118822572598,0.090675168638386,-0.12247554999692453,-0.07278958986871151,0.007992810229703592,-0.2504425262611144,-0.08965684565914202,0.05167818260102926,0.24138696956649514,-0.009373355476732344,-0.021528304594755295,-0.025762204498390503,0.03796157710208517,0.019085012882810844,-0.11876789753893889,-0.02350002392033844,0.22881854031260465,0.24656743143405846,0.11808445929783555,0.04366145203288705,0.037958159910879655,-0.09064783110874186,-0.14229525898892145,-0.07976749431037665,0.057251621457227016,-0.02115924794455949,0.5344384529691975,-0.019382308517690797,0.15491494611089468,0.19158824212850006,-0.009595472905090932,-0.018575851393188854,0.0881396127638926,0.25644311401800174,0.020779939720747136,0.09431447727226129,-0.059711999125199054,0.23133017584865945,0.3967119786220518,0.360558095667685,0.1652451151251717,0.09790594522925936
#12,0.1359221973906328,0.14800538549333989,1.0,0.4197711848768786,0.20528776167141657,0.3628920372610529,-0.16342716940383684,0.042854994908385104,-0.0243509045305121,0.02540339942181125,0.3253371059124242,0.08243290345067968,0.04918363302100206,0.011276730978205154,0.0928416678626836,-0.04099604289258401,0.05476732345081637,0.5275425611164647,0.09527470800101148,-0.013224529965349681,-0.1350234761035819,0.06277721963654755,0.20555771977665238,-0.011338240419904456,0.3736869442792802,0.3085518627109261,0.1355736438876701,0.22656319411696363,-0.010935011857653483,-0.14742104579719653,0.18242675250650975,-0.07845871007866374,0.16886733780301943,-0.03959841168952768,-0.13306542554282083,0.005819476622994963,-0.039536902247828375,-0.19841920734832796,0.06488562661035135,-0.1362092414518962,-0.37406283531188705,-0.23180516542622626,-0.09771799971295594,-0.18729966716557658,-0.21774342361552498,-0.23090644413917535,0.21330790943076428,0.185748262358272,-0.09888667910524265,0.14826509202495916,0.2688987759621102,0.4853299981547167,0.2269527539143925,0.4688898912649758,0.14961146535993275,0.16308886747449067,-0.13171905220784724,-0.04195627362133421,-0.22669304738277327,-0.3988750606551439,0.005532432561731559,0.017366165706435937,0.3263349257444351,0.26187986522597884,0.2704125916661541,0.3077317368216021,0.035555874493401404,0.056851810086181565,0.26903546361033087,0.1209138936160034,0.44585118815738217,0.3308353665621006,0.0146597502716667,0.24656401424285296,0.04804912554077051,0.33956970728340136,0.12824376875183674,0.07900887786275193,0.016176983166916122,0.02364354595097014,0.030915328836309708,-0.1990992283982258,0.09631011693628305,0.13920611813913436,0.010453187897675626,-0.15847224215583758,-0.04736227010846165,-0.30214121200937677,-0.026824950963306202,-0.14715450488316623,-0.14535022792665342,-0.12843513145934568,-0.11195743546634408,-0.15600844729666002,-0.29831737505040357,0.16617117394186676,0.11027276020202434,0.2998858658137357,0.5831265932653996,0.4209945393284536,0.36057176443250705,0.2767993220292648,0.1686554719482774,0.19604425946049386,0.3574176969498151,0.3048783821649957,0.1841968575509674,0.025997990691571157,0.18878614533997634,-0.18271037937656764,-0.29455163034192416
#13,0.47026018493838806,0.1567363090234351,0.4197711848768786,1.0,0.31893328959328593,0.46204525728032586,0.06432520725264662,0.11604439614814208,-0.08320860585433197,0.20443688106124291,0.41547919272274964,0.26901496046309775,0.4564923215713612,0.0451035067216151,-0.14630362427299257,-0.3613167121153097,0.2917256132149618,0.11236408121980057,0.010401930029592875,-0.3160081739213636,-0.31323683185368956,-0.2341459414020052,0.002016142811254861,-0.1284590517977843,0.1658738783069868,0.24956772531250213,-0.03459222657344569,-0.03973851652895386,-0.3183421155147315,-0.2999200377257909,-0.01951557897470595,-0.1374770193891429,0.034028390024535435,-0.027258934246406824,-0.07948045024911324,0.05342778449825381,-0.0788790245969423,-0.00628079743573972,0.00045790362153923963,-0.051787532719605796,-0.36178145011926,-0.2626658192032477,-0.1643258906908877,-0.2490517294404691,-0.1740512168617883,-0.31950054333340167,-0.012578680827507023,0.002299769681312748,-0.1291151525092435,-0.04479254232191308,0.21721034178746437,0.24703900382041977,0.38058967051442394,0.25908460281986617,0.045076169191970966,-0.01778306303350898,0.09185409960428925,-0.2515804509325515,0.02407069485165973,-0.17032989563898057,0.15140549074282902,0.1778750538207615,0.02818841025430737,0.09892768539970885,0.26870399606339573,-0.011529603127413392,-0.1531175035367929,0.11046412290953328,0.029719311914378856,-0.10781921691646335,0.28678435473178465,0.14603708335896226,0.18978738236319276,-0.005450419972799158,0.030020024740464328,0.20137849493230545,0.379988244862253,0.2784908316759956,-0.184008912034664,-0.19256555881327783,-0.015578974705950696,-0.06429445253179697,-0.22051476568319903,0.4560856758179047,0.16286675004613207,-0.07091013470567732,0.21935975505573438,-0.17804933057224284,-0.09839460357164825,-0.1573719065876612,-0.18461375487804044,-0.052556400740847053,-0.1449162446435528,0.23726583697264197,0.14124618128882782,0.12596108502655157,-0.09315946664479664,0.4303473916579528,0.4049747469569912,0.40223757680137234,0.47108031082771207,0.002398868226272733,0.1291390728476821,0.1443899971979032,0.30248634832113397,0.3909403426759341,0.26958563139441905,0.12747490073059548,0.293697332540545,0.20064721601432486,0.033837027317026494
#17,0.19153698426041732,0.1463070414641981,0.20528776167141657,0.31893328959328593,1.0,0.577084999214046,0.19755807516453774,0.3161004380839125,0.2004114298211442,0.1342443565087241,0.28428297076934644,0.48835079518039354,0.41466248402463113,0.5943110600810558,-0.12446093808732973,-0.232471517711302,-0.009578386949063348,-0.06429786972300248,-0.08674881594324729,-0.044857468954817896,0.00831744339422768,-0.06048428433764583,0.22890397009274258,0.004039120004920755,-0.13331829769202905,0.05847839310000752,-0.06801577375460467,-0.19503277086366091,-0.1855876543716127,-0.03787956451315277,0.1544467909157389,0.17759826133311463,0.03490660816435323,0.3013074173552307,0.1610112152215365,0.3290618443264374,0.3924131520855118,0.17472098633806957,0.4752116949951818,0.1756504623459701,-0.01856901701077782,-0.12224659818615491,-0.12591666154087985,-0.20911159863038978,0.16733985333415347,-0.09507309371988601,-0.15774438042906253,-0.22538768034226586,0.023886166526561826,-0.08045776693389102,-0.06164612934752151,-0.09379506420902275,0.01042926755923701,0.03362857865348998,-0.20477860018179458,0.04492581277892823,-0.054100971165740606,-0.00506427736657577,-0.04389040384365667,-0.0022724321516686143,-0.17804933057224284,-0.17507295703223777,0.30223689336313125,0.09677827213143884,0.03467765635358361,0.007839036625455341,0.26095722360048934,0.25036393086338754,-0.15603578482630417,-0.21088853805725846,0.03275719489608322,0.07756340598281836,0.17178220190132518,0.27240823133017583,0.15991087965336012,-0.023148053226170216,0.11792043411997075,-0.10280619741797033,-0.1288110224919525,-0.1527074405921309,0.15268693744489778,0.2949890308162303,-0.17187104887266863,0.5178274865191806,0.5876953779071754,-0.11476978382848434,-0.05913449381146672,0.18168522201491263,-0.023722141348697025,0.14298553161243585,0.03678948051859294,0.14022444111837834,0.18214996001886288,-0.08455497918930556,-0.04804912554077051,0.05605218734409065,-0.1655731654809013,-0.05094690368304868,-0.030665873878306986,0.15562572188164217,0.150069368981472,0.12467280394207178,0.2503810168194151,0.13425119089113513,0.05313732324578489,0.217849356542896,0.03041300172909875,-0.09235984390270573,0.086383176484257,-0.08969101757119718,-0.04059623152153856
#18,0.3375979879578182,0.13695760632590437,0.3628920372610529,0.46204525728032586,0.577084999214046,1.0,0.16596955966074126,0.16202270381836945,0.009236667828511676,0.24565845857339103,0.24613344815095783,0.370888264681962,0.5139694776481524,0.5105967099283073,-0.05936002843103083,-0.21878908412441309,0.12581414580471437,0.1283155297671526,-0.05437434646218194,-0.049675708554596465,-0.2460206808411758,-0.1229402880008748,0.17530874322541842,0.04226723802103623,0.10529049542438097,0.23513009246919403,-0.07660317525406816,-0.11489280271188294,-0.05155516371763066,0.0016265830138259556,0.18559448875402373,-0.02518469918465818,0.22534667404779968,0.21638338151572933,0.048554869839186984,0.30477244923762464,0.3354314887335206,0.1630751987096686,0.3759422904749212,0.11019416480429746,-0.045862123169239814,-0.07903963258360158,-0.101408566214914,-0.13908993363814678,-0.0206295833077044,-0.14716133926557726,-0.006943732529609962,-0.07042831074569947,-0.16181425515483294,-0.0019512161783500435,0.08377927678565326,0.17104067140972806,0.18400549484345846,0.24019436983576978,-0.1672680923188376,-0.012271133619010518,-0.16320505197547824,-0.12377408265502088,-0.23690361470485718,-0.2501896541119062,-0.06633451568149044,-0.08541611137309577,0.3478632303391904,0.16678626835885976,0.1167039140508068,-0.08995755848522748,0.2705561136967858,0.20898174536458014,0.05735413719339252,0.10147007565661328,0.2754495315030857,0.24839904592021542,0.20913551896882837,0.16611649888257848,0.016549457008317444,0.008583984308257984,0.2736179170169288,0.04493606435254478,-0.07356870946356932,-0.10000751782065213,0.21591522632057353,0.2113498588700032,-0.14873666441132047,0.4260519823126183,0.4881389293256515,-0.0842986898488918,0.017085956027583567,0.043490592472611216,-0.10737839925095169,0.08229621580245901,-0.05279560412523322,0.05468872805308948,0.046412290953328,-0.01784115528400276,-0.10607644940164981,0.08093959089386887,0.03876119984417608,0.17310465489786014,0.21152071843027906,0.31441234562838727,0.2975450898379568,0.15670555430258545,0.17592042045120593,0.20776180810421066,0.31242012315557105,0.41516822832304756,0.23989365700968432,-0.022027214510760736,0.07482623582719948,-0.06724690573336341,-0.26715600844729664
#26,0.20361675517191888,0.04571176675619708,-0.16342716940383684,0.06432520725264662,0.19755807516453774,0.16596955966074126,1.0,0.16009540797845803,-0.00011618450098756825,0.29907257430682277,0.13024282560706402,0.10245080953259658,0.1047027385370321,0.3409741728688687,-0.23086543784470917,-0.0862601576008584,-0.09200787320853751,-0.016679310274127078,-0.10651726706716147,-0.0010422433176825977,0.18863920611813914,-0.03440769824834779,0.3354554090719592,0.12698624238820658,0.04676084445629071,0.1446770412591666,0.1917215125855152,0.22519973482596245,-0.15286463138758466,-0.0008748009486122787,0.09868848201532268,-0.09839118638044272,0.1389908350931868,0.09275282089134015,0.07451868861870298,-0.07881409796403747,0.09959745487599013,-0.0599272821711466,0.22662812074986843,0.1465564964222008,-0.12707850655075553,-0.26347569351895517,-0.08933562968582344,-0.27244923762464207,-0.10328802137794818,-0.02887184849541071,-0.03303398738373007,0.12094464833685303,0.20393455395403196,0.11975888298853873,0.011512517171385808,-0.07469638256138984,-0.02509926940452026,-0.11613666031069103,-0.19649532869962205,0.0486813059137911,0.08755185587654371,0.0005638365489102577,-0.03834771970830856,-0.0772251040534722,0.17698316691612162,0.17008385787218339,-0.16117182320819579,-0.12016894593320075,0.153753101101019,-0.06447898085689487,0.15664404486088615,-0.06558615080748229,-0.11937957476472638,0.05792480812471381,-0.0606824814275658,0.06182382329020838,-0.29181104299509975,-0.12601576008583984,-0.1041286504145053,-0.10062261223764514,0.12325808678298786,0.040927699068473676,-0.026951387037910318,-0.11671758281562887,-0.12253022505621279,0.10385527511806396,-0.22994279621921965,0.08926386867050759,0.1363322603352948,0.21172574990261006,0.23957244103636574,0.06332738742063573,0.1359392833466604,0.04203145182785557,-0.005320566706989523,0.12703750025628935,0.0016163314402094055,0.2499846226395752,0.017417423574518687,-0.11691919709675436,0.22916709381556735,-0.19798180687402184,0.0319575721539923,-0.033662750565545144,0.058823529411764705,0.12396886255373533,0.09480996999706122,0.06288998694632959,0.2751659046330278,0.03765744708479418,0.1109561984431277,0.17770077706928014,0.05308606537770214,0.1628701672373376,-0.005693040548390845
#49,0.42477395280175506,0.38639889556380236,0.042854994908385104,0.11604439614814208,0.3161004380839125,0.16202270381836945,0.16009540797845803,1.0,0.6255441876994785,0.25051087008522477,0.37719981683855136,0.061109630328255386,-0.03166369371031787,0.5100602109090412,-0.1273997225240741,-0.33347343817275954,0.20841107443325885,0.22415749150827985,0.02236209924890137,-0.028434448021104574,-0.18794551630341924,-0.2719708308558697,-0.04652847545431557,0.0012609435548356673,0.026903546361033086,-0.019659101005337652,-0.08660529391261558,0.06802602532822122,-0.09510726563194118,-0.15901899274872025,0.2508935955002426,0.012387318119998086,0.22205591891688709,-0.06150602450809533,0.148025888640573,-0.1782475276621628,0.014714425330954968,-0.12896479609620076,0.11851160819852515,0.09969655342095012,-0.05099474435992592,-0.17240413070072924,-0.3701057278958987,-0.2798611253494078,-0.08596627915718397,-0.32329362557152524,0.13534127488569495,0.20466925006321804,-0.129931861207362,-0.08664288301587628,0.05442560433026469,-0.011023858828996917,-0.11820406099002864,-0.10503078889276171,-0.05645541590634162,0.13989297357144323,-0.17738981266957812,-0.31407746089024663,0.03760960640791695,-0.06504281740580513,0.16336565996213753,0.16033802855404972,0.045257280325863354,-0.03985470102994143,0.1982175930672025,0.043955330476561486,0.33822675113963324,0.34125438254772106,0.02450809532596587,-0.05462038422897915,0.24392594263219405,0.05435726050615436,-0.06919128752930241,0.19571962629596976,-0.06006396981936727,0.03978977439703661,0.130646054169315,0.10843772852466187,-0.1156001612914249,-0.2858104552382124,-0.14707932667664486,0.07211982039243024,-0.017578031561177973,0.07484673897443257,0.11636561212146064,0.12703066587387832,0.12408162986351738,-0.004257820242073825,0.03464348444152844,-0.04059281433033304,-0.06422610870768664,0.11517642958194083,-0.010583041163485261,0.10737498205974617,0.1331235177933146,0.4426902862922792,0.016412769360096776,0.20002870440612633,0.2799978129976285,0.11386764535022793,0.10103950956471819,0.28811022491952515,0.22851099310410813,0.3325678825032976,0.23693778661691237,0.30583861289374586,0.3036823652430648,0.2633116683410904,0.37674533040821767,0.09556858644468592,0.0195053274010894
#50,0.2458395697072834,0.36625455340728136,-0.0243509045305121,-0.08320860585433197,0.2004114298211442,0.009236667828511676,-0.00011618450098756825,0.6255441876994785,1.0,0.2647981465154901,0.34766845044047595,-0.00901455040015309,0.08700852247486655,0.23338049057196947,-0.08269260998229895,-0.23793218925771772,0.2883699314511444,0.07662367840130127,-0.11215904974746957,0.007839036625455341,0.026326041047300762,-0.21153438719510112,0.06338889686233504,0.0031335643354588262,0.029367341220210636,-0.16387482145175952,0.032425727349148094,0.10465831505136039,-0.01683650106958085,-0.12038081178794278,0.04279690265789132,0.19396319001633416,0.03171495157840062,-0.018910736131329493,-0.0747271372822395,-0.14621819449285464,-0.10860517089373219,-0.2383525037759963,0.025929646867460823,-0.07557460070120764,0.008153418216362878,-0.06319411696362058,-0.3308011946500454,-0.2111004039120005,0.0772011837150336,-0.20872545602416637,0.12256439696826796,0.18951400706675142,0.019611260328460417,0.0018760379718286758,0.07072902357178494,0.08527258934246407,-0.006068931580997683,-0.1293782762320683,0.05012677779372467,0.08098059718833507,0.1392778791544502,-0.05577881204764931,0.09268789425843534,-0.053431201689459334,0.13941456680267086,0.15409140303036517,-0.09131760058502314,-0.26692705663652705,-0.013655096057244787,0.26409078793594815,0.14800196830213438,0.20635392532753777,0.05852281658567923,0.007982558656087043,0.23212979859075034,0.1002638071610659,0.08151367901639568,0.2580218563549505,-0.010391678455976326,0.18579610303514923,0.10972942680034718,0.1663488678845536,-0.18836241363049228,-0.31324024904489506,-0.022632057354137192,0.12228077009821008,0.11658772954981923,-0.06813879263800326,0.03096316951318694,0.0864856922204225,0.05985552115583075,0.11886699608389888,-0.0908016047129901,-0.09326198238096214,0.033744763154477546,0.09804263287748002,-0.06770480935490264,0.055628455634606576,0.08222103759593764,0.40182751385671034,-0.0461867563337639,0.150069368981472,0.18519126019177276,0.014553817344295682,-0.07870816503666646,0.0416077201183715,0.11339607296386663,0.11256227830972054,0.010808575783049364,0.12275234248457138,0.07280325863353358,0.2156828573185984,0.29648576056424664,0.12661376854680526,0.11787601063429903
#51,0.4008604487455491,0.414125985005365,0.02540339942181125,0.20443688106124291,0.1342443565087241,0.24565845857339103,0.29907257430682277,0.25051087008522477,0.2647981465154901,1.0,0.3504056205960948,0.1654672325535303,-0.0029797907312105743,0.05993411655355764,-0.15339771321564527,-0.31956205277510097,0.6301095551500489,0.30598213492437754,-0.05681080379171536,-0.22256166321530355,-0.3207170634025656,-0.24108625674040965,0.2708329061844326,0.14341951489553648,0.28463152427230914,-0.06564424305797606,0.11932148251423261,0.17824411047095728,-0.34811268529719314,-0.181965431693765,0.13735058331453878,-0.08680007381133004,0.1429547768915862,0.08547420362358955,-0.10672913292190352,-0.03221044430320054,-0.19698740423321648,-0.2662777903074789,0.002241677430818964,-0.08150342744277914,-0.11022491952514711,-0.014974131862574238,-0.3693129395362188,-0.40275015548219983,-0.21111065548561705,-0.22875361367969985,0.1752609025485412,0.23575543845980357,0.092209487489663,0.07019935893492985,0.15825354191868451,0.08625674040965288,0.17421524203965308,0.08676931909048038,-0.03003711069649191,0.004794319261339949,0.0434051626924733,-0.31273450474647857,0.17511054613549848,-0.03298272951564732,0.25014181343502895,0.2548985435931082,-0.32481769284918566,-0.3430689110778504,0.2860701617698317,-0.08771588105440851,0.03360807550625688,0.17394186674321174,-0.001763270662046624,0.13886098182737716,0.31328125533936124,0.19641673330189519,-0.08093617370266336,-0.06738701057278959,-0.26404978164148196,-0.07884826987609264,0.08798583915964434,0.22773187350925034,-0.2744448772886638,-0.25722223361285956,-0.1333627211777008,-0.0006116772257874917,-0.15360274468797627,-0.05885086694140884,-0.11202577929045442,0.3540961870980529,0.2150028362687006,0.00874459229491727,-0.02444658588426657,-0.12311114756115063,-0.12530840150629788,-0.07679795515278262,-0.11343366206712731,0.17923851311176264,0.03290413411792043,0.43488542157887905,0.036560528707823316,0.3309754714015268,0.35775258168795576,0.11733951161503291,0.012377066546381536,0.13470226013026332,0.2721553591809676,0.057128602573828416,0.18469576746697286,0.09994259118774731,0.235837451048736,0.32392580594454584,0.28251628291609426,0.3173750504035703,0.133205530382247
#52,0.5057818875197343,0.129931861207362,0.3253371059124242,0.41547919272274964,0.28428297076934644,0.24613344815095783,0.13024282560706402,0.37719981683855136,0.34766845044047595,0.3504056205960948,1.0,0.21021535138977165,0.21734361224447954,0.15042475686684573,-0.3083297452825675,-0.3643648466706306,0.29809184043083947,0.23006239791141272,-0.10206808411757871,-0.1276218399524327,-0.1692261428795987,-0.10966108297623685,0.09215139523916921,-0.035613966743895185,0.1662429349571826,0.08797217039482227,0.13153794107395486,0.1952753914392526,-0.23212638139954483,-0.2162945345443859,0.0556523759730452,0.17513446647393707,0.055259398984410776,-0.01856901701077782,-0.1547543381242354,0.014321448342320546,-0.1861754112589616,-0.16635228507575914,-0.15194540695330067,-0.0712962773119007,-0.3276163724465039,-0.27782447939091987,-0.19965964775593054,-0.2677369309522345,-0.12131370498704884,-0.2954981923058523,0.03889788749239675,0.12048332752410829,0.0599067790239135,0.08774321858405265,0.2012247213280572,0.29060477449955235,0.2931232444180182,0.17159083919381626,0.03910633615593327,0.025550338643648467,0.14313588802547858,-0.12164175534277845,0.013603838189162037,-0.05333893752691038,0.1283565360616188,0.11539854701029942,-0.053191998305073165,-0.07287843684005495,0.3131992427504289,0.04479254232191308,-0.00585364853505013,0.08648227502921699,-0.010166143836412223,-0.12577997389265919,0.2953649218488371,0.1305640415803826,0.01528509626227626,0.08102843786521231,-0.017048366924322884,0.2100581605943179,0.1060935353576774,0.1276252571436382,-0.03592493114359721,-0.10922709969313622,-0.14076435732884998,-0.07517137213895667,0.06991914925607748,0.2992434338670986,0.12738263656804652,-0.08679665662012452,0.1329184863209836,-0.2880316295217983,-0.11372412331959622,0.01044977070647011,-0.059835018008597654,0.09211722332711404,0.0036598117811084,0.14680595138020353,0.03253166027651911,0.28747121016409355,-0.07370881430299552,0.19408279170852727,0.4397651706203569,0.24316732618456932,0.17370949774123662,0.07733445417204875,0.21335233291643602,0.05568996507630588,0.16744236907031895,0.3197055748057327,0.19259631353412748,0.08490694988347378,0.16964645739787723,0.011054613549846569,-0.022471449367477907
#53,0.36214025519583926,0.04447474353980003,0.08243290345067968,0.26901496046309775,0.48835079518039354,0.370888264681962,0.10245080953259658,0.061109630328255386,-0.00901455040015309,0.1654672325535303,0.21021535138977165,1.0,0.3240693279751775,0.2339819162241404,-0.15750859423588187,-0.30109896869169417,0.049655205407363366,0.02685570568415585,-0.441518189708787,-0.41633349052412877,-0.11612982592827999,-0.2231289169554193,-0.04989782598295505,-0.12440626302804147,-0.1638509011133209,-0.17318325029558704,-0.15783322740040595,-0.20004237317094842,-0.33309071275774166,-0.08259009424613345,-0.0018042769565128247,0.088122526807865,-0.23843109917372315,0.25099952842761364,0.17081513679016397,0.27524450003075474,0.06826181152140187,0.2785181692056397,-0.00121652006916395,0.15372918076258038,-0.2606633451568149,-0.24799240016675894,-0.37725449189783966,-0.2694421093637873,0.12250288752656867,-0.00583314538781703,-0.1541597468544755,-0.15175404424579172,-0.05936686281344186,-0.07133386641516139,0.06964919115084166,-0.08401848017003943,-0.02325740334474675,-0.3255763092968104,-0.2938818608656429,-0.27664213123381104,0.14353569939652402,-0.15817836371216315,0.34767186763168145,0.30685693587298984,0.09336449811712765,-0.04817897880658014,0.1884307574546026,0.12020311784525592,-0.22101367559920448,-0.4180591720829147,-0.007292286032572666,0.021248094915902925,-0.3223709839460357,-0.3722756443114018,-0.17708909984349264,-0.15646635091819927,0.23357868766188944,-0.039123422111960855,0.08428160389286422,-0.01221645855972225,0.0050232710721095685,-0.15376335267463556,0.04421503700818075,-0.060600468838633396,-0.016850169834402913,-0.1741127263034876,-0.4780616324605827,0.6374804365803484,0.32898324892871056,0.06474210457971966,0.18627792699512707,-0.0748125670623774,-0.29037923987998826,0.11752062274892529,-0.2072594809969997,0.15958624648883604,0.08981061926339026,0.28440598965274505,0.29054668224905855,-0.11425378795645132,-0.1318318195176293,-0.05683472413015398,-0.024972833329916143,0.03218310677355641,-0.12747148353938997,-0.055163717630656306,0.33294035634469893,-0.23524285977897608,-0.03852883084220095,-0.12323416644454924,-0.21752472337837192,0.034441870160402954,0.11535070633342218,0.11385739377661137,0.27958091567055543
#54,0.17291329219035123,-0.042602122759176866,0.04918363302100206,0.4564923215713612,0.41466248402463113,0.5139694776481524,0.1047027385370321,-0.03166369371031787,0.08700852247486655,-0.0029797907312105743,0.21734361224447954,0.3240693279751775,1.0,0.2708909984349264,-0.08057395143487858,-0.2682085033385958,0.01905767535316671,-0.4394405374558328,-0.14433873932982047,-0.145268215337721,0.03735673425870871,-0.0034376943527498136,0.02006574675879414,-0.13514307779577497,0.06637552197595664,0.17641933036721136,-0.13711479712135813,-0.1516241909799821,0.09007032579500954,0.18046186756333765,-0.3143645049515101,0.0767330285198778,-0.2598056301642302,0.12387318119998086,-0.1756265420075315,0.3853771553933529,0.24436334310650018,0.18020557822292388,0.20903983761507391,-0.06133174775661397,0.16110347938408545,0.17949480245217642,0.20346639875887615,0.16519385725708896,0.3025786124836829,0.04292333873249544,-0.26535514868198934,-0.24044724198497802,-0.17116710748433217,-0.13289456598254498,-0.13607597099488106,0.15063320553038226,0.19296195299311777,0.11759921814665218,-0.032340297569010176,-0.10802424838879435,0.16926031479165385,0.015049310069095606,-0.1726877575707871,-0.10401246591351772,-0.1670801468025342,-0.12396886255373533,0.17983310438152256,0.0329383060299756,-0.13059821349243775,-0.025977487544338054,0.04225356925621416,-0.0019477989871445266,-0.03935237392273047,-0.20464874691598495,0.03875094827055953,0.0267634415216069,0.4611807079053301,0.0025833965513706353,0.2007770692801345,0.0755882694660297,0.3376287426786678,0.021330107504835327,-0.16185867864050466,-0.13063580259569843,0.3200165392054347,0.4073599464184419,0.013996815177796459,0.5147759347726543,0.4041101975819955,-0.2564533655916183,-0.013894299441630956,0.22276327749642905,-0.12679487968069766,0.1531824301696977,0.27790307478864673,0.07600516679310274,0.06285239784306891,0.01783432090159173,0.08570315543435918,-0.22147157922074373,-0.31071836193522373,0.058584326027378536,-0.05864583546907784,0.1245566194410842,0.23858828996917694,-0.4567520281029805,-0.014885284891230803,-0.09676460336661677,-0.027436628189093693,0.20309392491747483,0.011960169219308496,-0.16375863695077195,-0.12583123176074193,-0.04946725989105995,-0.09946076722776946
#58,0.09906779023913503,0.055672879120278296,0.011276730978205154,0.0451035067216151,0.5943110600810558,0.5105967099283073,0.3409741728688687,0.5100602109090412,0.23338049057196947,0.05993411655355764,0.15042475686684573,0.2339819162241404,0.2708909984349264,1.0,0.058437386805541315,-0.2421421688229143,-0.22946097225924178,-0.10015445704248936,0.0038614260622338863,0.0027474217292354376,-0.0474750374182437,-0.09817248614328966,0.11334823228698938,0.043073695145538174,-0.16398417157033604,0.08957825026141512,-0.23229382376861515,-0.18917912232861078,0.0046473800395027305,0.09934799991798741,0.26496558888456045,0.06369986126203706,0.2563645186202749,0.29240905145606516,0.29298313957859196,0.17519255872443087,0.5573097137077208,0.24026954804229117,0.5229054326505785,0.32166362536649373,0.1910414915356174,0.027289688967256472,-0.06894524976250521,-0.039478809997334594,-0.004968596012821302,-0.14891777554521285,-0.09225391097533471,-0.11193009793669995,-0.1751993931068419,-0.19408620889973277,-0.10407397535521702,-0.19293461546347365,-0.1780219930425987,-0.07133386641516139,-0.2898393236695166,0.1629726829735031,-0.21772975485070292,-0.13271003765744707,-0.25103028314846326,-0.23295334167127987,-0.05449394815437503,-0.07052740929065945,0.4474128445383033,0.19228193194321996,0.0399913886781621,-0.10764835735618751,0.6523828074276068,0.24527231596716761,-0.04090719592124058,-0.07213690634845782,-0.01660413206760571,0.07146030248976551,0.035241492902493864,0.16532029333169307,0.12012452244752903,-0.06947149720815478,0.21840635870939523,-0.00217333360670863,-0.045766441815485344,-0.23215713612039449,0.12824718594304227,0.3621949302551275,-0.11691577990554884,0.22442744961351568,0.4013046836022663,0.01957025403399422,-0.02023318912786446,0.2139264210389628,0.1291390728476821,0.10794907018227298,0.11819380941641208,0.17662436183954236,0.02892652355469898,-0.018992748720261892,-0.009099980180291008,0.00027679248764685377,-0.03225486778887226,-0.04515818178090337,-0.07328849978471695,0.08313001045660509,0.15734115186681155,0.2912882127406557,0.22141690416145546,0.35077126005508513,0.23385206295833078,0.2928977097984541,0.2800251505272726,0.07423164455743957,0.020838031971240917,-0.06263369760591585,-0.16657781969532323
#101,-0.3419139004503858,0.013771280558232355,0.0928416678626836,-0.14630362427299257,-0.12446093808732973,-0.05936002843103083,-0.23086543784470917,-0.1273997225240741,-0.08269260998229895,-0.15339771321564527,-0.3083297452825675,-0.15750859423588187,-0.08057395143487858,0.058437386805541315,1.0,0.411580177557255,-0.23123107730369946,-0.023199311094252967,0.4257068460008611,0.044129607228042836,0.21904879065603236,0.1535651555847156,0.05492793143747565,0.005224885353235055,0.04681893670678449,0.037114113683117025,-0.10701617698316691,-0.301163895324599,0.2929592192401534,0.19753073763489362,0.04141294021965705,0.1045797196536335,-0.12827794066389192,0.14468045845037214,0.2522570547912438,0.023858828996917693,0.38428023701638203,0.24043015602895043,0.2200329417232212,0.18054046296106452,0.12791913558731266,0.2871226566611308,0.25396565039400215,0.34321585029968765,-0.2675318994799035,-0.22562688372665204,-0.004883166232683383,-0.1886938811774274,-0.3693402770658629,-0.3480033351786166,-0.2244752902903929,-0.2492738468688277,-0.20357233168624717,0.056414409611875424,0.34527641659661423,0.41058577491644965,-0.23656872996671655,-0.037551514157423166,-0.48391528099563286,-0.4977309850395369,-0.2524415831163417,-0.2043172793690498,0.4390919839528701,0.29880603339279244,-0.18401574641707502,-0.006663522850757591,0.27803292805445634,0.061123299093077454,0.43239770638126285,0.2593306405866634,0.09284850224509462,0.10889904933740663,0.22241130680226082,0.26729953047792837,0.26304854461826555,0.27717521306187165,0.035460193139646934,-0.06370327845324257,0.03377893506653271,0.01802910080030618,0.11465018213629126,0.0819886685939625,0.058437386805541315,-0.24312631989010314,-0.20916285649847252,-0.19733937492738468,-0.3320758069697032,0.13881655834170545,0.11946842173606982,-0.3346557863298683,-0.025615265276553285,-0.34419316698446545,-0.33620035675476184,-0.34099809320730734,-0.30502532138683286,-0.15281679071070742,0.0655895679986878,-0.09618026367047341,-0.1158872053526883,-0.12863332854926565,-0.15110477791674357,0.030406167346687718,0.11546347364320424,-0.02266622926619236,-0.154467294062972,-0.17543859649122806,-0.14190569919149257,-0.1131876243003301,-0.07760099508607905,-0.2971999535261996,-0.2970393455395403
#102,-0.38655608635925615,0.04511375829523165,-0.04099604289258401,-0.3613167121153097,-0.232471517711302,-0.21878908412441309,-0.0862601576008584,-0.33347343817275954,-0.23793218925771772,-0.31956205277510097,-0.3643648466706306,-0.30109896869169417,-0.2682085033385958,-0.2421421688229143,0.411580177557255,1.0,-0.23645937984814003,-0.1036399920721164,0.08651302975006664,0.4665525324804024,0.23380422228145353,0.5016060798665929,0.08875128998968008,0.13628100246721206,-0.06530935831983543,-0.008054319671402894,0.18075232881580655,-0.010733397576527998,0.3850491050376233,0.22926960955173287,-0.13151402073551624,0.05902856088409571,-0.09376089229696759,-0.12350754174099057,0.0537319145155448,-0.08748692924363889,0.14179634907291602,0.13558389546128663,0.004842159938217183,0.0022245914747913804,0.13781190412728353,0.10999596771437749,0.4828901236339778,0.4301936180537046,-0.003933187077549737,0.25783049364744154,0.12047991033290277,-0.08925703428809656,-0.004862663085450284,0.07345594215378727,-0.17799465551295457,-0.1404397241643259,-0.3215406064830952,0.0863421701897908,0.11862095831710168,0.07756340598281836,-0.2854379813968111,0.3416678626835886,-0.2957032237781833,-0.17617670979161967,-0.34166102830117756,-0.34075547263171563,0.10988320040459544,0.251272903724055,-0.15979127796116704,0.25128657248887704,0.03544310718361935,0.23114906471476704,0.1546108160936037,0.23440564793362448,-0.2402182901742084,-0.06983371947593955,-0.24566529295580206,-0.09908829338636814,0.0017120127939638735,-0.08345464362112917,-0.40003348847381404,-0.42978013791783704,0.16833767316616435,0.5658321885742795,0.11009848345054299,0.0835605765485002,0.13965035299585152,-0.3092045462311798,-0.043640948885653945,-0.24722353214551768,-0.35791660686582055,0.15145674861091177,0.16528612141963792,0.05983843519980317,0.05784279553578141,-0.2453679973209221,0.020291281378358245,-0.4076606592445274,-0.44905993069936234,-0.21455176702957238,0.2180953943096932,-0.32670739958583644,-0.3086885503591468,-0.22687074132546012,-0.16501274612319658,-0.14478639137774316,-0.3402804830541488,-0.26642472952931606,-0.2665750859423588,-0.3881143255489718,-0.3063956150602451,-0.29140098005043774,-0.2689466166389874,-0.42431946637142137,-0.425474476998886
#201,0.5310041758076531,0.5072136906348458,0.05476732345081637,0.2917256132149618,-0.009578386949063348,0.12581414580471437,-0.09200787320853751,0.20841107443325885,0.2883699314511444,0.6301095551500489,0.29809184043083947,0.049655205407363366,0.01905767535316671,-0.22946097225924178,-0.23123107730369946,-0.23645937984814003,1.0,0.27784498253815293,-0.036874910298730856,-0.15623739910742965,-0.3506482411716865,-0.30209678852370503,0.09416753805042408,0.09631353412748857,0.17619037855644173,-0.18334597694079374,0.16846069204956293,0.17190522078472378,-0.24971466453433935,-0.3368667090398376,0.05777786890287659,0.005317149515784006,0.18469576746697286,0.0063354724950279865,-0.20909109548315666,-0.17615962383559208,-0.32405565921035545,-0.23891634032490655,-0.18792501315618615,-0.1522392853969751,-0.15976735762272842,-0.10749458375193925,-0.41864009458785256,-0.4119970748843281,-0.17332335513501324,-0.2949548589041751,0.299530477928362,0.2562620028841094,0.17156691885537764,0.17058618497939435,0.35820023373587845,0.28175424927726406,0.33502484298006413,0.07449818547146987,0.04991149474777712,-0.12265666113081691,0.09313554630635802,-0.26137070373635685,0.265895064892461,0.052207847237884346,0.28820590627327963,0.3209323464485132,-0.47302469262365104,-0.43575338814508024,0.2770248566488289,0.05797606599279656,-0.19276717309440333,0.22082573008290104,-0.03566180742077242,0.061560699567383595,0.3404035019375474,0.15336695849479562,0.07404369904113615,0.037448998421257665,-0.2175793984376602,0.028420779256282506,0.0664677861385056,0.28163123039386545,-0.2735461560016129,-0.15938804939891607,-0.23143269158482493,-0.12577997389265919,-0.055853990254170684,-0.026968472993937904,-0.05290495424380976,0.20223962711609567,0.1854612182970086,-0.07260506154361361,-0.10230728750196488,-0.07703715853716879,-0.22356290023851993,-0.02438165925136175,-0.09816223456967312,0.17745473930248293,0.11198819018719373,0.5856997382431537,-0.05555327742808521,0.5335704864029962,0.3741106759887643,0.2014912622420875,0.06836432725756737,0.08516665641509305,0.21513610672571573,0.03276061208728873,0.12828477504630295,0.11221372480675784,0.2208735707597783,0.3000635597564226,0.28115624081629864,0.3235943383976107,0.18295641714336483
