,#10,#11,#12,#13,#17,#18,#26,#49,#50,#51,#52,#53,#54,#58,#101,#102,#201,#202,#301,#302,#401,#402,#501,#502,#601,#602,#701,#702,#801,#802,#901,#902,#1001,#1002,#1101,#1102,#1201,#1202,#1301,#1302,#1401,#1402,#1501,#1502,#1601,#1602,#1701,#1702,#1801,#1802,#1901,#1902,#2001,#2002,#2101,#2102,#2201,#2202,#2301,#2302,#2401,#2402,#2501,#2502,#2601,#2602,#2701,#2702,#2801,#2802,#2901,#2902,#3001,#3002,#3101,#3102,#3201,#3202,#3301,#3302,#3401,#3402,#3455,#3501,#3502,#3601,#3602,#3701,#3702,#3801,#3802,#3901,#3902,#4001,#4002,#4101,#4102,#4201,#4202,#4301,#4302,#4401,#4402,#4501,#4502,#4601,#4602,#4701,#4702,#4801,#4802
#10,1.0,0.48265433744079717,0.6545595582255209,0.5304915971268256,0.35753046425959717,0.2495574737388856,0.16889125814145806,0.7705356105495527,0.40580170722872627,0.49095469487899723,0.5275698986461088,-0.19524463671840295,0.30362427299257105,0.011259645022177571,-0.20234214285226115,-0.4725565374284953,0.5978615217435876,0.43107183619352235,0.05376950361880549,0.027962875634743267,0.12744756320095135,-0.11689527675831574,0.2887560740573678,0.217545226525605,0.32215911809129366,0.17302947669133878,0.5160334611362845,0.17023763147643164,-0.07808623623726242,0.0011515934362591324,0.6434092633219199,0.3922286237604139,0.41061311244609383,0.5065780930706196,-0.2159493982326287,-0.2657754632002679,-0.3104484038299879,0.011252810639766537,-0.08329745282567541,-0.07633663434003786,-0.3104039803443162,-0.3092660556728791,-0.38011468093685713,-0.5095886385226799,-0.44955200623295677,-0.6213205393694599,0.5505744298416474,-0.09540456126682112,0.4400658834464424,-0.1565141915950765,0.45018418660597737,0.11599313828005932,0.6611273997225241,0.3565360616187918,0.5798870960025697,0.3788332342347884,0.29322917734538917,-0.16827274653325952,-0.2518264886993487,-0.10910749800094315,0.45126743621812615,0.4975327879496169,-0.20362700674553544,-0.4260041416357411,0.4465072888688414,0.3765847224215584,-0.388374032080591,-0.38905405313048885,0.4216369712750907,0.33963805110751166,0.6364108557330217,0.5068890574703216,0.49729016737402526,0.4590312946370601,0.15859184384803068,0.3856231931601501,0.3986529432267853,0.26668101886972984,-0.06690518661281174,-0.07080078458710079,-0.43189196208284636,-0.15052727260301124,0.16727492670124863,0.13356433545882626,-0.2538563002754256,0.4511512517171386,0.3466091211667658,0.19924958481126853,-0.140156097294268,0.006803627690183777,-0.44101927979278155,-0.10308298990561718,-0.1186072895522796,0.05780178924131521,-0.09021043063443572,0.16555949671607925,0.3077693259248628,0.2310568005522181,0.3558765437161271,0.39471292176682454,0.07488432807769325,0.4586417348396312,0.24375850026312373,0.48704542813988616,0.3478153896623132,0.5178001489895365,0.30972054210321287,0.4654692828682536,0.1531175035367929,-0.0007996227420909109,-0.15974685447549533
#11,0.48265433744079717,1.0,0.5845788995277442,0.25872921493449247,0.14407219841579016,0.2094874896629966,0.14167674738072294,0.4414156739726215,0.4832967693874343,0.5106889740908562,0.19638939577225104,0.08526917215125855,0.20387987889474368,0.0020639834881320948,-0.269982025574259,-0.30764972423266973,0.5952439532801619,0.47394391705793504,0.013163020523650381,-0.20317935469761275,-0.08191690757864666,-0.0946015213335247,0.08055003109643998,0.23149420102652424,0.15092708397405669,0.18025341889980112,0.16415161393940636,0.07340126709449901,-0.07099556448581523,-0.07452894019231952,0.44509257170975747,0.3827151634442554,0.46956649512366816,0.383050048182396,-0.1905972566789002,-0.28984615805192765,-0.256080891750217,-0.24134938046323445,-0.06271912738605376,-0.11650913415209235,-0.06801235656339914,-0.2284392320887923,-0.3332410691707844,-0.45493066519044006,-0.3226819483457377,-0.33765266301710645,0.4012021678661008,0.042304827124296916,0.21299352783985676,-0.00413821854988074,0.4307061967345321,-0.02196912226026695,0.4301594461416494,0.16966354335390482,0.3838838428365421,0.3645254546572899,0.2329430900976633,0.09445458211168747,-0.19473889241998646,0.006636185321113457,0.4341063019840212,0.480781716660174,0.06421927432527559,-0.005508512223292942,-0.03954031943903389,0.13773330872955666,0.0011720965834922327,-0.10896397597031145,0.3380148852848912,0.2844333271823892,0.3783719134220436,0.3880938224017387,0.11538829543668286,0.3159227441412257,0.2427128397542356,0.5006082600345819,0.2994826372514848,0.18970195258305483,0.11152345218324346,0.029855999562599527,-0.22457097164414738,-0.23110464122909533,-0.15190781785003998,-0.3386163109370622,-0.1987711780424962,0.3557808623623726,0.3017414006383313,0.13346181972266077,-0.02468237207744722,-0.24035156063122357,-0.41431734771287393,-0.014441050034513632,0.01339197233442,0.11038211032060088,0.12143672387044745,0.2763414184077256,0.2563269295170142,0.2878744387263445,0.2602464478297419,0.3678606332738742,0.3126285718191076,0.5594967160792514,0.23343516563125774,0.35787218338014887,0.45537831723836275,0.38749581394077326,0.3649389347931574,0.393677512831553,0.25459441357581725,-0.0634435719216233,-0.09549682542937007
#12,0.6545595582255209,0.5845788995277442,1.0,0.653257608376219,0.21278507917632022,0.2301341589267286,0.27275678483313853,0.3825238007367464,0.1258824896288247,0.6790471504042537,0.37805411463993055,-0.0886931977391863,0.2757741646676098,-0.14691188430757454,-0.19281843096248608,-0.38273566659148844,0.7560262166909287,0.5687197151429411,-0.000536499019266124,-0.15138498759559593,0.11409317996979203,-0.1839747401226088,0.3810031506502915,0.36811692261428797,0.22067879086106384,0.15798016662224318,0.4489266602423472,0.3130249659989475,-0.06872996671655766,-0.22464614985066875,0.5280688085621142,0.4688933084561814,0.5695876817091423,0.49457691755684496,-0.3135512134445971,-0.2769975191191848,-0.33726310321967756,-0.3021856354950485,-0.1538316964987459,-0.28279649259494666,-0.40128076326382767,-0.4475358634217019,-0.49407800764083953,-0.5074187221071768,-0.3903491685973797,-0.6298840205304848,0.49524668703312624,0.08488302954503517,0.4591543135204587,0.1785550748706593,0.5139694776481524,0.2851304341883146,0.6298088423239634,0.44975362051408224,0.5479807817166602,0.5399503823836959,0.3380900634914126,-0.12580731142230334,-0.03381310697858788,0.1277858651302975,0.5636075970994882,0.49005597359194636,-0.29197165098175903,-0.3407076319548384,0.32956075424244285,0.22486826727902734,-0.25327196057928225,-0.3696614930391815,0.384796232888415,0.20265310725196317,0.6346236647325364,0.5155516371763066,0.1062780636827753,0.31976366705622644,0.01000211865854742,0.2481530081534182,0.3300118234815711,0.4221051264702465,0.06567841497003123,-0.10660953122971042,-0.5207731053383361,-0.35054914262672654,-0.04818239599778566,-0.14865465182238807,-0.3238745480764631,0.35543914324182097,0.44581018186291593,0.028075642944525317,-0.27246290638946413,-0.24810175028533546,-0.451749260178104,-0.14860681114551083,-0.005248805691673672,0.23448424333135137,0.18161346099959677,0.47620609763598715,0.5333620377394597,0.47533471387858034,0.5778196953232321,0.34899432062821645,0.3680007381133004,0.6019450652341801,0.42405634264859654,0.5705000717610154,0.6769148230920113,0.6208797217039482,0.6161195743546635,0.4586485692220422,-0.03323901885606107,0.20145025594762128,-0.040380948475591004
#13,0.5304915971268256,0.25872921493449247,0.653257608376219,1.0,0.17856190925307033,0.15448438001899958,0.21650640039912794,0.1512551343297863,-0.17930002255346195,0.7126620602929217,0.3827493353563105,-0.14003991279328043,0.23192476711841933,-0.12800798255865609,-0.14067209316630103,-0.38172076080345,0.6093501185765349,0.05369774260348963,-0.1643224734996822,0.037958159910879655,0.13292873789460016,-0.27201867153274695,0.35161872347405326,0.23664732536444344,0.2016792077583909,0.04666516310253624,0.24930118439847182,0.2124126053349189,-0.3149932681333251,-0.24469822784464082,0.36265966825907775,0.4316220039776106,0.18494522242497557,0.49420444371544364,-0.18905610344521218,-0.23038703107593683,-0.22445820433436534,-0.09943342969812533,-0.1782646136181904,0.026250862840779394,-0.4311162596791941,-0.3539970885530929,-0.4650558027323861,-0.4039598411689528,-0.2738126969156432,-0.4992482179347863,0.5000444234856717,0.14936884478434106,0.45755848522748244,0.17468339723480888,0.3727677198449962,0.09847661616058065,0.5003895597974289,0.2264162548951264,0.36469973140877127,0.3993432158502997,0.29686848597926446,0.025656271571019486,0.06514191595076511,0.09741728688687047,0.3805725845583964,0.2591290263055379,-0.2569796130372679,-0.26626070435145127,0.1486204799103329,0.049005939078315186,-0.45982408299674,-0.4675913586068795,0.17470390038204198,-0.01775914269507036,0.4397173299434797,0.44725223655164403,0.25817562995919874,0.09655615470308025,0.23164455743956697,0.15034274427791333,0.28675018281972947,0.19223409126634272,-0.10287795843328618,-0.31413213594953493,-0.6441097875190508,-0.19700790738044957,-0.04492922997013375,0.024156124631797646,-0.14813523875914952,0.21490032053253508,0.12183995243269842,0.019382308517690797,-0.4921097055064619,0.0010764152297377647,-0.31965773412885545,-0.05737464034062562,0.0026209856546313194,0.31981834211551474,0.060723487722031996,0.27729823194527026,0.21528304594755296,0.23941525024091198,0.28019601008754846,0.17300213916169466,0.17197356460883412,0.1605806491296414,0.41175103711753086,0.22231562544850633,0.23070482985804988,0.36849964802930585,0.22331686247172275,0.33807981191779607,-0.15373943233619694,0.37390906170763877,0.011211804345300337
#17,0.35753046425959717,0.14407219841579016,0.21278507917632022,0.17856190925307033,1.0,0.2006506332055304,0.2348396312167251,0.2942509175158387,0.19309522345013294,0.19847388240761624,0.31040056315311065,0.18593962506578093,0.5437024583273532,0.14413712504869497,-0.3694701303316726,-0.28355852623377686,0.12375016231658226,0.02051339880671683,-0.1859737969778361,-0.06860694783315906,-0.1172780021733336,-0.2516077884621956,0.016238492608615422,0.24276409762231835,0.03777704877698727,0.056445164332725076,0.1250657809307062,0.18505798973475762,-0.10833179559729085,0.06082258626699198,0.1347535179983461,0.1490476288110225,0.2478454609449217,0.21722742774349196,-0.1626822217210342,-0.15457664418154854,-0.18968828381823277,0.13847483922115378,0.07165849957968548,0.17149515784006178,-0.33078410869401786,-0.07372590025902309,-0.24586690723692753,-0.3171700189312393,-0.15942222131097122,-0.3146242114831293,0.07458703244281331,-0.2674738072294097,0.14460186305264525,-0.16362194930255128,0.1952753914392526,0.023756313260752192,0.3889071139086516,0.05493476581988668,0.3231637723057156,0.14425672674088805,0.24470847941825738,0.042629460288821,0.09921131226976675,0.15153876119984416,0.1486614862047991,0.2501349790526179,-0.10059185751679549,-0.2474388151914652,0.2062172376793171,0.2132908234747367,-0.10066703572331687,-0.023240317388719168,0.008450713851242832,0.006625933747496908,0.18725182648869934,0.05285027918452149,0.38115692425453973,0.26073852336333625,0.22517581448752383,0.3112446093808733,0.1203432226846821,0.2966053622564397,-0.26071460302489763,-0.1573924097348943,-0.29446961775299174,0.06895550133612176,-0.10257041122478967,0.46947764815232473,-0.02271065275186408,0.17188130044628516,0.23053738748897956,0.20076681770651794,0.029855999562599527,0.03775312843854865,-0.23378713632542594,0.02750155482199851,-0.05320566706989523,-0.040148579473615865,-0.07610768252926824,-0.020240023510275495,0.07549600530348075,0.08512906731183237,0.06358025956984398,0.019334467840813566,-0.147106664206289,0.03670405073845502,-0.05053342354718116,0.2092824581906656,0.05891579357431366,0.24447269322507673,0.03795474271967414,0.18988306371694721,0.23079709402059884,0.12363056062438918,-0.02740587346824404
#18,0.2495574737388856,0.2094874896629966,0.2301341589267286,0.15448438001899958,0.2006506332055304,1.0,0.20738591707160384,0.265081773385548,0.05301088717118078,0.3468654105071795,0.19642698487551172,0.07245470513057088,0.406263028041471,0.31451144417334725,-0.07173026059500133,-0.09022068220805227,0.3577354957319282,0.17713694052036988,-0.22621464061400093,-0.1206507698931786,-0.0921924015336354,-0.24699458033474805,0.02506851468367061,0.10856074740806047,-0.12082504664465996,-0.15736165501404464,0.029070045585330682,-0.12238328583437558,-0.00579213909335083,0.056342648596559575,0.345539540319439,0.11794435445840937,0.15102276532781114,0.059988791612845906,-0.07015835264046365,-0.04334023605956848,-0.17260574498185471,-0.047498957756682315,-0.017557528413944874,0.14691530149878007,-0.30420519549750885,-0.28731743655984526,-0.24106917078438206,-0.24774636239996173,-0.3454916996425618,-0.22000902138478257,0.031144280647079328,-0.22165952473704714,0.05904564684012329,-0.13996473458675907,0.13571374872709627,-0.0922709969313623,0.05813667397945585,0.10583724601726364,0.11918137767480641,0.07960005194130633,0.14981649683226375,-0.07009684319876434,0.12935777308483518,0.1878122458464041,0.3118665381802773,0.3149420102652424,-0.06784149700312331,-0.15981519829960567,-0.0024398745207389336,-0.10082080932756511,-0.057542082709695935,-0.014417129696075014,0.06114380224031055,-0.04225015206500864,0.25254409885250717,0.03440769824834779,0.10643183728702356,-0.10206808411757871,-0.022703818369453045,0.022522707235560657,0.24583273532487238,0.3205564554159063,-0.0052658916477012555,0.09347726542690969,-0.11653305449053096,-0.014492307902596382,0.18502723501390797,0.053072396612880074,0.044174030713714556,0.39511273313787,0.23312420123155572,-0.19927008795850162,-0.137292491064045,-0.0946015213335247,-0.2606428420095818,0.2361894217429042,0.02355128178842119,0.3211612982592828,0.0848693607802131,0.06595179026647258,0.026893294787416536,-0.08779105926092988,0.09178917297138445,-0.051661096645001674,-0.17632023182225137,0.3449586178145012,0.24594550263465442,0.14922532275370937,0.31356146501821364,0.07342518743293762,0.2867330968637019,0.25203835455409074,0.15369500885052523,0.2551445813599054,0.010774403870994197
#26,0.16889125814145806,0.14167674738072294,0.27275678483313853,0.21650640039912794,0.2348396312167251,0.20738591707160384,1.0,0.14709299544146692,0.06622516556291391,0.20784040350193755,0.3808596286196598,0.16263096385295142,0.43303330394548895,0.22591734497912097,-0.08955091273177099,-0.12881785687436353,0.09403768478461444,0.17753333470020982,-0.15845857339101552,-0.1104470369535057,-0.10914850429540934,-0.1072587975587586,0.02631578947368421,0.08894265269718901,-0.11245634538234953,-0.11569242545397385,0.12807632638276642,0.13711479712135813,-0.25526076586089297,-0.05782229238854831,0.19127727772879805,0.18839658554254746,0.2077071330449224,0.09038470738591707,-0.20254033994218112,-0.03436669195388159,-0.2189565264934834,-0.07150814316664275,0.025085600639698193,-0.0008132915069129778,-0.34253582924978987,-0.18351341930986406,-0.33290276724143825,-0.264254813113813,-0.27999439580642294,-0.18467184712853424,0.12251655629139073,-0.13262802506851468,0.19012910148374443,0.00972190897969505,0.12328884150383751,-0.11268529719311915,0.22902698897614118,0.024665286121419636,0.14385349817863707,0.019782119888736256,0.14492307902596382,-0.09591713994764862,-0.05023271072109569,-0.01612572529883337,0.12979859075034683,0.18031834553270593,-0.08657112200056041,-0.159883542123716,0.21102864289668463,0.0021972539451472466,-0.021234426151080857,0.011929414498458846,0.11237433279341712,0.07365072205250173,0.18818471968780542,0.023824657084862526,0.07013443230202503,0.1471476705007552,0.07500392976988635,0.2716564492649622,0.09028560884095709,0.19136270750893594,-0.1310971234084432,-0.10966791735864788,-0.22168344507548576,-0.18218071473971253,-0.07700982100752465,0.053554220572857934,0.006950566912020995,0.21616809846978177,0.12625496347022602,-0.040722667596142674,-0.22021063566590804,-0.11797510917925902,-0.24836145681695473,-0.12264982674840588,-0.0253521415537285,0.07238977849766606,-0.03221386149440606,0.10601493995995052,0.12343578072567472,0.17796048360089942,0.06733233551350132,-0.025044594345231992,-0.044625099952842764,0.14468045845037214,0.11779399804536662,0.2334693375433129,0.22067537366985832,0.13527976544399564,0.15108427476951045,0.14758165378385582,0.09093487517000526,0.16892884724471874,-0.03697400884369084
#49,0.7705356105495527,0.4414156739726215,0.3825238007367464,0.1512551343297863,0.2942509175158387,0.265081773385548,0.14709299544146692,1.0,0.7069724369357363,0.1804174440776659,0.4329786288862007,-0.12066102146679515,0.2633595090179676,0.16556633109849028,-0.24096323785701104,-0.29355381050991325,0.29197506817296454,0.5035470444713264,0.13706353925327538,0.0022621805780520645,-0.07225650804065091,-0.015302182218303843,0.03237788667227086,0.07086912841121112,0.16676234802042114,0.1559366862813442,0.3244930596846616,0.058116170832222744,0.18792501315618615,0.19682337905535166,0.6051059670992831,0.3503953690224783,0.4725872921493449,0.3884355415222903,0.014393209357636397,-0.06496080481687272,-0.1326485282157478,0.11441097875190509,-0.026209856546313193,0.054603298272951566,-0.04005631531106692,-0.08173921363595979,-0.20170996247924056,-0.3053191998305073,-0.33569119526513985,-0.3765232129798591,0.3218925771772634,-0.10792856703503988,0.16582603763010956,-0.27122588317306706,0.31728620343222685,0.000703941388336443,0.39854017591700325,0.27046384953423686,0.3687593545609251,0.19859690129101484,0.09529521114824459,-0.31305572071979715,-0.3848030672708261,-0.3090815273477812,0.2649929264142046,0.33369897279232363,-0.01666905870051053,-0.2240242210512647,0.3995892536170969,0.2723193843588324,-0.02371872415749151,-0.08782181398177953,0.3797114523746062,0.4889043801556872,0.5340591447453851,0.2889781914857264,0.49373287132908233,0.5759504917338145,0.09694229730930365,0.5021733336067087,0.33378781976366706,0.2291192531386901,-0.06702478830500481,0.13710112835653607,-0.183195620527751,-0.025799793601651185,0.32335855220443005,0.05725503864843253,-0.0910442252885818,0.3678606332738742,0.31453878170299143,0.1652246119779386,0.12750565545144513,-0.031034930528502792,-0.3494966477354274,-0.015192832099727308,-0.2505962998653627,-0.14114708274386786,-0.2233920406782441,-0.004756730158079265,0.11892167114318715,0.07349694844825347,0.2482316035511451,0.2876215665771363,0.03493394569399736,0.43663160628489806,0.29550502668826334,0.507070168604214,0.4431823618258736,0.3790211797510918,0.32127748276027035,0.2748105167476541,0.35495048489943204,-0.22902015459373012,-0.24760625756053553
#50,0.40580170722872627,0.4832967693874343,0.1258824896288247,-0.17930002255346195,0.19309522345013294,0.05301088717118078,0.06622516556291391,0.7069724369357363,1.0,-0.0637716222773529,0.16200561786234188,0.17970666830691845,0.10474032764029279,0.2818841025430737,-0.3440838168658889,-0.31620637101128357,0.1338342935640621,0.5538002583396552,0.20336388302271066,-0.15950423389990365,-0.2013101511081951,-0.024921575461833392,-0.030816230291349722,-0.07466562784054019,0.2672072663153794,0.21985866497173984,0.1921315755301772,-0.06838141321359495,0.2764917748207683,0.31260806867187446,0.34488685679918535,0.26967106117455697,0.38267415714978914,0.21796895823508908,0.08756552464136579,-0.06447898085689487,0.0020468975321045113,0.10222185772182697,0.03717220593361081,0.049703046084240594,0.30612223976380376,0.24930118439847182,0.017359331324024903,-0.11314320081465838,-0.13902500700524198,-0.08423376321598698,0.2272329635932449,0.031164783794312426,0.02006916394999966,-0.08466432930788209,0.18293933118733727,-0.0682071364621136,0.18621641755342777,0.05359180967611862,0.2087732967010436,0.17479616454459093,-0.0682071364621136,-0.18234815710878285,-0.5094553680656647,-0.3223914870932688,0.07644598445861439,0.2204054155646225,0.23120715696526084,0.10541351430777958,0.13106295149638802,0.1117148148907524,0.32667664486498676,0.11881232102461062,0.399821622619072,0.47147328781634645,0.37487954401000556,0.20968568675291657,0.28128267689090275,0.573103971459619,0.19688147130584543,0.5762717077071331,0.23358552204430047,0.0475775531544092,0.13685850778094438,0.2263376594973995,0.13810578257095799,0.06821738803573014,0.019385725708896316,0.01309125950833453,0.09768724499210629,0.17516180400358122,0.16983098572297514,0.29402538289627456,0.3819223750845755,0.02496599894750511,-0.1347808555279902,-0.011765389320594044,-0.11426745672127338,-0.3297042762730746,-0.2315864651890732,0.08369042981430982,0.0691673671908638,0.1689596019655684,0.10442936324059077,0.38216157846896165,0.2421592547789419,0.3358415516781826,0.1948653284945906,0.3808596286196598,0.30367211366944824,0.29017079121645173,0.16966012616269932,0.10074563112104375,0.3064263697810947,-0.4744018206794743,-0.3332000628763182
#51,0.49095469487899723,0.5106889740908562,0.6790471504042537,0.7126620602929217,0.19847388240761624,0.3468654105071795,0.20784040350193755,0.1804174440776659,-0.0637716222773529,1.0,0.33803880562332983,-0.055642124399428644,0.3094334980419494,-0.09892426820850334,-0.12998311907544474,-0.2871841661028301,0.7662538699690402,0.1688160799349367,-0.22250357096480977,-0.057316548090131834,0.06159487147943876,-0.3897750804748529,0.29907940868923377,0.3631551609838777,0.07226334242306194,-0.11981697523903252,0.32193016628052407,0.16793102741270785,-0.3304048004702055,-0.25391097533471385,0.4839323669516604,0.20614205947279574,0.29146590668334255,0.44510965766578503,-0.2985326580963511,-0.27371701556188877,-0.4050294220162795,-0.2996945031062268,-0.22777629699492205,-0.07868424469822785,-0.35586287495130503,-0.523517109876366,-0.5450317457062992,-0.5970824021487299,-0.4681005200965015,-0.5721129860100193,0.48440735652922723,0.07408128814439684,0.41990787252509926,0.04023400925375378,0.5137405258373827,0.10186305264524771,0.5181555368749103,0.35004339832831005,0.4986672954298485,0.47554316254211687,0.4287447289825655,0.08432261018733042,0.16979681381092,0.2712703066587388,0.5147554316254211,0.44407083153930793,-0.1410924076845796,-0.22001927295839913,0.06456441063703279,0.08276095380640928,-0.4164565094075274,-0.39479835154696247,0.10793881860865642,0.001301949849301868,0.3880596504896835,0.4172151258551521,0.03465031882393947,0.010350672161510125,0.09476554651138949,0.17099283073285082,0.24323225281747415,0.22570889631558444,0.03936604268755254,-0.16152379390236402,-0.6034759668942516,-0.2865519857298095,-0.00919224434283996,-0.11630410267976134,-0.32099043869900695,0.3842289791482993,0.30900634914125985,0.02490448950580581,-0.3580191226019861,-0.21581612777561357,-0.5003143815909076,-0.07325432787266178,0.053168077966634544,0.3937424394644578,0.20433778251628293,0.2665340796478926,0.2811049829482159,0.19019402811664923,0.38832960859491933,0.2455935319404862,0.08948256890766065,0.38663809894818857,0.22142032135266096,0.18834532767446469,0.33973714965247165,0.3840991258824896,0.3304492239558772,0.4478468278214039,0.05143214483423206,0.4536287153411382,0.19271249803511506
#52,0.5275698986461088,0.19638939577225104,0.37805411463993055,0.3827493353563105,0.31040056315311065,0.19642698487551172,0.3808596286196598,0.4329786288862007,0.16200561786234188,0.33803880562332983,1.0,-0.06938948461922238,0.5531612435842235,0.0842576835544256,-0.2076866298976893,-0.21655765826721068,0.2614151272220286,0.2239012021678661,0.02097471961946159,0.14193645391234222,-0.14797463077249023,-0.10940821082702862,0.11358401848017004,0.28745412420806593,0.03015329519747948,-0.013487653688174468,0.2863606230223006,0.3118084459297836,0.0024022854174782496,0.1341213376253255,0.39432336196939566,0.21904879065603236,0.2327380586253323,0.3389272753367642,-0.1353310233120784,-0.10407739254642254,-0.13157553017721554,0.027679248764685378,0.07363705328767967,0.06437646512072936,-0.3047041054135143,-0.19514212098223743,-0.172561321496183,-0.29455504753312967,-0.16838209665183607,-0.5929476007900546,0.1902692063231706,-0.07458703244281331,0.16566542964345027,-0.15089974644441256,0.24579172903040616,0.04626535173149078,0.5018247801037459,0.12528448116785926,0.2840813564882209,0.30624867583840787,0.12443018336648008,-0.37590128418045504,-0.11276047539964051,-0.19457486724212167,0.26833835660440547,0.32902083803197124,-0.2892276464437291,-0.3658649936098524,0.5538617677813544,0.11977596894456632,-0.31912123510958934,-0.20456673432705252,0.1864214490257588,0.10966791735864788,0.31763817412639506,0.14552450467813477,0.31403303740457494,0.1524614028253337,-0.039092667391111204,0.1881607993493668,0.3271106281480874,0.27504288574962926,-0.3415277578441624,0.03809143036789481,-0.30859970338780335,-0.013614089762778586,0.0002255346195641031,0.3097752171625011,-0.19008809518927822,0.16020475809703455,0.1948038190528913,0.09197370129648234,-0.11055638707208224,0.13294924104183325,-0.2410349988723269,-0.11475953225486779,-0.2643573288499785,-0.19221700531031513,-0.23151470417375733,0.2200363589144267,0.11361477320101969,0.129726829735031,0.1410308982428803,0.08844374278118358,-0.09281433033303946,0.19851830589328795,0.16141102659258197,0.4179600735379547,0.22052843444802112,0.4248491310082764,0.18716639670856144,0.29389211243925945,0.14732878163464758,0.10953806409283826,-0.1101019006417485
#53,-0.19524463671840295,0.08526917215125855,-0.0886931977391863,-0.14003991279328043,0.18593962506578093,0.07245470513057088,0.16263096385295142,-0.12066102146679515,0.17970666830691845,-0.055642124399428644,-0.06938948461922238,1.0,0.2733342901468709,0.2968308968760038,-0.05186271092612716,-0.1438159090753764,-0.06819005050608602,0.07548233653865868,-0.19962547584387536,-0.4622229512230127,-0.16745603783514101,-0.3827049118706388,-0.08531017844572475,0.17163867987069348,0.06762963114838128,-0.08847449750203323,-0.0682071364621136,-0.185649163813312,0.00018794551630341925,0.0543640948885654,-0.13546087657788805,-0.027385370321010943,0.05050266882633151,-0.26503051551746526,-0.20828805554986024,-0.2596689425160095,-0.14549374995728512,-0.12039106336155933,-0.033191178179183836,0.13725831915198983,0.04271489006895892,0.07016518702287468,-0.11901393530573609,-0.03351581134370792,0.07120401314935176,0.07862273525652855,-0.06800552218098811,-0.05946937854960736,-0.015756668648637565,0.05738147472303665,0.20010388261264772,-0.07396168645220375,0.017916333490524128,-0.12089339046877029,0.06063122355948305,0.09654932032066922,0.08921602799363036,0.004483354861637928,-0.10905282294165487,0.14621477730164914,-0.1365167886603927,0.094868062247555,0.23695145538173443,0.2775989447713557,-0.34058803026264534,-0.31448068945249763,0.32342006164612935,0.3067099966511526,0.009571552566652314,-0.15621006157778553,0.0256186824677588,-0.05553619147205763,-0.0934157559852104,0.01873987657105366,0.03622222677847716,0.021846103376868348,-0.0498670712621054,0.05029763735400051,0.17663803060436445,0.07240686445369364,0.21857038388726002,0.02211606148210417,-0.3772442403242231,0.153548069628688,0.22797449408484202,0.0659996309433498,0.08958166745262064,0.04956977562722545,0.06483095155106308,0.03205325350774677,-0.13332171488323458,0.08522816585679235,0.25773481229368705,0.03566864180318346,0.04389382103486218,0.08246707536273484,-0.07542082709695938,0.23603906532986146,-0.12518196543169377,-0.09803238130386348,-0.09964871274407289,0.003447945926366364,-0.07596074330743102,0.05158250124727479,0.013149351758828313,0.1323683185368954,-0.013309959745487598,-0.1382937280872614,0.12663085450283285,-0.04763564540490298,-0.10113519091847266
#54,0.30362427299257105,0.20387987889474368,0.2757741646676098,0.23192476711841933,0.5437024583273532,0.406263028041471,0.43303330394548895,0.2633595090179676,0.10474032764029279,0.3094334980419494,0.5531612435842235,0.2733342901468709,1.0,0.3010852999268721,-0.3000123018883399,-0.16803012595766784,0.1904879065603237,0.07169267149174065,-0.45942768881690005,-0.13401882188915998,-0.2468852302161715,-0.3602061249735168,-0.04632344398198457,0.3344097485630711,-0.18395081978417022,-0.21730944033242436,0.11169089455231378,0.21279191355873125,0.006660105659552075,0.2415270744059213,0.20508273019908557,0.11145852555033864,0.16433614226450427,0.14633096180263672,-0.08473609032319794,-0.037513925054162484,-0.13431611752403994,0.08888456044669524,0.16552190761281857,0.0944990055973592,-0.24507411887724767,-0.1508450713851243,-0.1644420751918753,-0.22131438842528994,-0.15031540674826918,-0.30998366582603765,0.061714473171631846,-0.19762300179744258,0.15380094177789624,-0.16379964324523816,0.17498069286968884,0.11729167093815568,0.375378453926011,0.1562818225931014,0.20853751050786296,0.22255482883289252,0.09236667828511677,-0.27467724629063894,0.12335035094553681,0.1628872531933652,0.1172369958788674,0.2098155400187262,-0.18246775880097596,-0.1886699608389888,0.18550905897388584,0.02742979380668266,-0.21012650441842823,0.11339949015507214,-0.18952425864036795,-0.10703668013040002,0.033351786165843125,-0.09399326129894273,0.06626958904858563,0.014198429458921944,-0.08600386826044465,0.17180953943096933,0.014051490237084727,0.21603824520397213,-0.06052870782331755,0.018367402729652337,-0.07512011427087391,0.18151436245463679,0.040941367833295744,0.35345375515141575,0.05133304628927207,0.3176894319944778,0.18616515968534503,0.09219581872484094,-0.08927070305291862,0.09333716058748351,-0.17991511697045495,-0.02590914372022772,-0.08003745241561247,0.10238588289969176,-0.1325528468619933,0.06296516515285096,0.09910537934239573,0.17488501151593436,0.036283736220176464,0.0033898536758725797,-0.19357704741011078,0.18205769585631396,0.14591406447556365,0.30925922129046807,0.08148634148675155,0.2196673022642309,0.13927104477203917,0.09925231856423294,0.05438118084459298,0.19974166034486293,-0.08322227461915405
#58,0.011259645022177571,0.0020639834881320948,-0.14691188430757454,-0.12800798255865609,0.14413712504869497,0.31451144417334725,0.22591734497912097,0.16556633109849028,0.2818841025430737,-0.09892426820850334,0.0842576835544256,0.2968308968760038,0.3010852999268721,1.0,-0.24084363616481796,-0.08405948646450563,-0.0313834840314655,-0.09173791510330169,-0.07954537688201806,-0.041160068070448814,-0.3112719469105174,-0.17246222295122302,-0.2220388329608595,-0.00014352203063170197,-0.10303856641994547,-0.09488173101237707,-0.2030836733438583,-0.2008590818690669,0.2673542055372166,0.40849787108987895,0.039950382383695894,-0.17300213916169466,0.05756258585692904,-0.29016053964283517,0.31479165385219965,0.1405046507972307,0.20484694400590492,0.22614287959868506,0.15630232574033448,0.2289893998728805,0.023066040637237818,0.3279580915670555,0.263024624279827,0.20036017195306147,0.12474114776618211,0.09514143754399634,-0.336333627211777,-0.32358408682399414,-0.2661411026592582,-0.13291506912977807,-0.31422440011208386,-0.2431570746109528,-0.08533409878416337,-0.16112739972252407,-0.31826352011700465,-0.2104648063477744,-0.07653483142995783,-0.15180188492266897,-0.01885264388083571,0.010685556899650762,0.04205195497508868,0.042673883774492716,0.273665757693806,0.20017906081916909,-0.06313602471312679,-0.10318208845057716,0.3482254526069752,0.37063197534154824,-0.08267552402627136,0.035272247623343515,-0.06623541713653046,-0.32022840506017675,0.05340728135102071,-0.08791407814432849,-0.04750920933029887,0.0473725216820782,0.056711705246755374,0.1787361860045517,0.17302264230892775,0.40624252489423796,0.40434256658397066,0.40252120367143024,0.1423225965185656,0.165610754584162,0.34631182553188583,0.0921479780479637,0.11597946951523726,0.15252632945823852,0.3004326164066184,0.26939426868691013,0.185133167941279,0.11086735147178425,-0.027337529644133707,0.08283271482172513,-0.2174563795542616,-0.04690094929571689,-0.33363404615941883,-0.07232485186476124,-0.42306877439020224,-0.228172691174762,-0.2122485801570541,-0.07341835305052659,0.07758049193884595,0.060812334693375436,0.002610734081014769,-0.09314579787997458,-0.062971999535262,0.09541481284043768,0.09032661513542328,0.06665914884601452,-0.14131794230414368
#101,-0.20234214285226115,-0.269982025574259,-0.19281843096248608,-0.14067209316630103,-0.3694701303316726,-0.07173026059500133,-0.08955091273177099,-0.24096323785701104,-0.3440838168658889,-0.12998311907544474,-0.2076866298976893,-0.05186271092612716,-0.3000123018883399,-0.24084363616481796,1.0,0.4939003136981527,-0.08164694947341083,-0.17427675148135238,0.17966224482124674,0.09054531537257636,0.2888244178814781,0.14509052139503414,-0.10151791633349053,-0.2506612264982675,0.057289210560487705,-0.023916921247411477,-0.23470636075970994,-0.3397268980788551,-0.07979824903122629,-0.20287180748911623,-0.07005241971309263,0.0293195005433334,-0.25950491733814474,-0.034595643764651206,-0.08097034561471853,-0.12004592704980215,0.1125930330305702,0.029784238547283674,0.029596293030980256,0.13904209296126954,-0.0607644940164982,-0.26636322008761676,-0.059893110259091435,-0.01726023277906492,-0.19387092585378524,0.14983699997949684,-0.1837662914590723,-0.14417813134316118,-0.03993329642766831,-0.22833329916142128,-0.014205263841332978,-0.20519549750886762,-0.22896547953444188,-0.16825907776843746,-0.00582289381420048,-0.08134281945611985,-0.07216082668689644,-0.04905719694639794,-0.009704823023667467,0.001312201422918418,-0.0737703237446948,-0.1516071050239545,0.21591864351177906,0.08724772585925272,-0.1762792255277852,0.06208352982182765,-0.04299168255660577,0.038583505901489214,0.17056568183216123,0.06990889768246092,-0.009896185731176402,0.1873406734600428,0.1021876858097718,-0.1719086379759293,-0.07107074269233661,-0.39802759723617576,-0.20149467943329302,-0.2875258852233818,0.157125868820864,-0.05916183134111086,-0.059958036891996254,-0.28763865253316384,0.17945721334891573,-0.30120148442785966,-0.27366234050260047,-0.12536307656558615,-0.27116095654016226,-0.36815792890875415,-0.283784060853341,-0.24347487339306584,-0.11585645063183865,-0.21154122157751215,-0.286237604138902,-0.00483532555580615,0.08533068159295785,-0.10882728832209078,-0.13488337126415573,-0.45958146242114833,-0.1093637873413569,-0.2683110190747613,-0.20285130434188314,-0.03782147226265899,-0.07541740990575387,-0.5015103985128384,-0.1188294069806382,-0.3599190809122534,-0.07304246201791975,-0.26291869135245594,-0.26557384891914243,-0.030498431509236666,0.21509168324004402
#102,-0.4725565374284953,-0.30764972423266973,-0.38273566659148844,-0.38172076080345,-0.28355852623377686,-0.09022068220805227,-0.12881785687436353,-0.29355381050991325,-0.31620637101128357,-0.2871841661028301,-0.21655765826721068,-0.1438159090753764,-0.16803012595766784,-0.08405948646450563,0.4939003136981527,1.0,-0.34700551534660573,-0.2403788981608677,0.11521743587640702,0.20812061318078992,-0.026090254854120108,0.4265850641406789,-0.41125554439273093,-0.054558874787279846,-0.4699389689650695,-0.18492471927774246,-0.4541242080659381,-0.16069683363062898,0.08756552464136579,0.004650797230708247,-0.23867713694052037,-0.40154046979544694,-0.18845809498424676,-0.3902432356700087,0.10722120845549792,0.17863025307718067,0.2394425877705561,0.006000587756887349,0.08210485309495008,0.08222445478714316,0.16725784074522107,0.0120831881027071,0.30628626494166855,0.32066238834327737,0.15865335328973,0.4063347890567869,-0.38424264791312135,-0.13489362283777226,-0.313636643224735,-0.19848071679002727,-0.31962356221680027,-0.12847613775381186,-0.3557398560679064,-0.035754071583321376,-0.31884444262194245,-0.24346120462824378,-0.3617233578687662,0.07719776652382808,0.07286476807523289,-0.1058680007381133,-0.4714527846691134,-0.4722694933672319,0.1075663447672551,0.2051886631264566,-0.18831799014482056,0.019218283339825996,0.1645070018247801,0.25814145804714356,-0.20040117824752765,-0.0009363103903115795,-0.30945058399797704,-0.2995919873700613,-0.13763079299339115,-0.2885886316882975,-0.2561629043391494,-0.40191294363684826,-0.37946883179901447,-0.14492307902596382,-0.004380839125472427,0.32094601521333527,0.17332677232621874,0.13194458682741134,0.11264429089865294,-0.09202154197335957,-0.004708889481202031,-0.425163512599184,-0.3646245532022499,-0.24978984274086072,0.15687641386286127,-0.11911303385069608,0.19772551753360806,-0.1460644208886064,-0.2899418394056821,-0.20456673432705252,-0.23032552163423753,-0.22889371851912602,-0.19827568531769627,-0.4010586458354691,-0.22925252359570528,-0.23258428502108408,-0.3608724772585925,-0.08402531455245046,-0.13663297316138026,-0.2793485466685803,-0.12573555040698747,-0.2985839159644339,-0.15029832079224162,-0.4798180687402183,-0.14443100349236943,-0.1329355722770112,0.08413124747982148
#201,0.5978615217435876,0.5952439532801619,0.7560262166909287,0.6093501185765349,0.12375016231658226,0.3577354957319282,0.09403768478461444,0.29197506817296454,0.1338342935640621,0.7662538699690402,0.2614151272220286,-0.06819005050608602,0.1904879065603237,-0.0313834840314655,-0.08164694947341083,-0.34700551534660573,1.0,0.41702034595643767,-0.08800292511567193,-0.15791523998933837,0.17845597632569932,-0.23474053267176512,0.4147034903190973,0.15824329034506796,0.4073667808008529,0.13685850778094438,0.41572864768075235,0.120117688065118,-0.12403037199543464,-0.1363971869681996,0.5076442567267409,0.39078656907168585,0.3157245470513057,0.48502586813742576,-0.22012862307697564,-0.2476165091341521,-0.34736432042318494,-0.2797756955692699,-0.2570616256262003,-0.12566720658287714,-0.21154122157751215,-0.38915315167544884,-0.41090015650735723,-0.5422843239770638,-0.4435719216233025,-0.5265037349899876,0.525037759962821,0.05701583526404636,0.4867276293577731,0.10299414293427374,0.48132505006185117,0.17796731798331045,0.4327906833698973,0.35572960449428986,0.47940117141314526,0.5584954790560351,0.35878799062322736,0.012178869456461567,-0.023773399216779775,0.16459926598732905,0.5957189428577286,0.48445178001489897,-0.15991429684456565,-0.2850279184521491,0.14578079401854852,0.2573281665402306,-0.35335807379766127,-0.42164722284870726,0.35548014953628715,0.13335930398649526,0.5382930446490203,0.5066020134090583,0.11735318037985497,0.14311196768703996,0.08310950730937199,0.22470424210116252,0.29092599047287093,0.24750715901557555,0.17653893205940446,-0.21879250131561861,-0.47373888558560406,-0.21436723870447447,0.008935955002426206,-0.17302605950013328,-0.3245101456406892,0.35655998195723043,0.30588303637941755,0.098650892912062,-0.22767378125875656,-0.18060197240276382,-0.414641980877398,-0.06627300623979114,0.04486088614602341,0.32648186496627235,0.21072793007059917,0.4066389190740779,0.3900621245361163,0.25394514724676903,0.4763462024754133,0.3542397091286846,0.35370662730062397,0.5208995414129403,0.3570657262556469,0.2899042503024214,0.48958781839679055,0.3659162514779352,0.4492512934068713,0.4830507316206371,-1.025157361655014e-05,0.20938839111803662,-0.02780226764808398
