,#10,#11,#12,#13,#17,#18,#26,#49,#50,#51,#52,#53,#54,#58,#101,#102,#201,#202,#301,#302,#401,#402,#501,#502,#601,#602,#701,#702,#801,#802,#901,#902,#1001,#1002,#1101,#1102,#1201,#1202,#1301,#1302,#1401,#1402,#1501,#1502,#1601,#1602,#1701,#1702,#1801,#1802,#1901,#1902,#2001,#2002,#2101,#2102,#2201,#2202,#2301,#2302,#2401,#2402,#2501,#2502,#2601,#2602,#2701,#2702,#2801,#2802,#2901,#2902,#3001,#3002,#3101,#3102,#3201,#3202,#3301,#3302,#3401,#3402,#3455,#3501,#3502,#3601,#3602,#3701,#3702,#3801,#3802,#3901,#3902,#4001,#4002,#4101,#4102,#4201,#4202,#4301,#4302,#4401,#4402,#4501,#4502,#4601,#4602,#4701,#4702,#4801,#4802
#10,1.0,0.4319363855685181,0.389894682167046,0.29465414607808965,0.06099686301847333,0.2640121925382213,0.031458662237986865,0.5248737347849561,-0.013774697749437872,0.4975259535672059,0.45936617937520074,0.1192394699253002,0.24737047136735488,-0.14288985025868137,-0.4257410179129163,-0.2577826529705643,0.4460869743505628,0.18979079955439826,-0.03453071713174639,0.08539560822586267,0.024938661417860976,0.01652895386108434,0.08430894142250836,0.043948496094150455,0.07542766147937041,0.04327530942666366,0.1905152440899678,0.36290570602587496,0.08922627956724691,0.08250124727479001,0.38866107614185447,0.22664862389710153,0.07365072205250173,0.09404110197581995,0.15347972580457767,-0.07375323778866723,0.1391958665655178,-0.16326314422597202,0.011307485699054804,-0.14772175862328202,-0.16061482104169655,-0.058095667684989645,0.05804099262570138,-0.06351191574573364,0.0067523698221010255,-0.13139441904332316,-0.005624696724280511,0.13589144266978315,0.17302605950013328,0.10104976113833473,0.17802541023380422,0.17467314566119232,0.280107163116205,0.264162548951264,0.13328070858876837,0.07897470595069676,-0.1847504425262611,-0.25361367969983395,0.07901912943636848,-0.2054586212316924,0.1486204799103329,0.05194472351505956,-0.10139831464129744,-0.07313814337167422,0.36024371407677747,0.2353932161920188,0.0028123483621402554,0.08207409837410043,0.08604829174611636,-0.062309064441391754,0.1861754112589616,0.27148900689589184,0.0011652622010811992,0.37094293974125025,0.08483518886815793,0.11034793840854572,0.018927822087357077,0.004100629446620056,-0.00855664677861385,0.04818239599778566,0.008396038791954564,0.14940643388760175,0.10184596668922014,0.20471025635768425,0.1277858651302975,0.10632590435965254,0.2181329834129539,-0.05490401109903704,-0.072071979715553,0.09588296803559346,0.05119294144984588,0.016006123606640287,0.0895133236285103,0.1394179839938764,-0.04365461765047601,0.20566706989522893,0.1333627211777008,0.06570916969088088,0.1524853231637723,0.19832010880336798,0.23982873037677951,0.2719059042229649,0.2208530676125452,0.10698883945352278,0.08940739070113929,0.08457548233653867,0.16640696013504738,0.05683130693894846,0.20606346407506887,0.29892221789378004,-0.3011228890301328
#11,0.4319363855685181,1.0,0.41465906683342557,0.01000211865854742,0.17075704453967017,0.1464539806860353,0.15053752417662777,0.4517048366924323,0.22085990199495623,0.38765983911863805,0.49340823816455825,0.07347986249222589,0.053824178678093755,0.014174509120483328,-0.2886023004531196,-0.04576985900669086,0.29816360144615534,0.32945823850627737,-0.09147137418927138,-0.048568538604009046,-0.14934492444590244,-0.1482514232601371,-0.02395792754187768,-0.12476506810462072,0.14891435835400735,-0.02573486696874637,-0.029473274147581652,0.09780684668429937,0.20612839070797367,-0.12682563440154732,0.20754994224946863,0.10645234043425666,0.18177748617746156,0.08361525160778846,0.017044949733117366,-0.14246953574040283,0.024330401383279,-0.048800907605984184,0.13898400071077577,-0.19794080057955563,-0.16592513617506954,-0.27784498253815293,-0.2339204067824411,-0.3268885107197288,-0.22206275329929812,-0.3966299660331194,-0.08264476930542172,-0.09990158489328112,0.09249994874213192,-0.06106862403378919,0.048373758705294596,-0.08324277776638714,0.21871732310909725,0.011396332670398239,0.21826283667876353,-0.019905138772134855,-0.1956273621334208,-0.4451814186811009,-0.0465353098367266,-0.30179265850641407,0.2107552676002433,0.17985702471996118,-0.2423198627656012,-0.19566495123668148,0.1992427504288575,0.14315639117271167,0.06571600407329192,-0.01772838797422071,0.2456960476766517,0.04715382144492513,0.29158550837553565,0.2928430347391658,-0.07143979934253242,0.27134890205646567,-0.11125007688680212,0.023189059520636417,0.1127980645029012,0.08237822839139142,-0.12366473253644435,0.040264763974603435,-0.03573356843608827,-0.17794339764487183,0.1284180455033181,0.218973612449511,0.0944614164940985,0.1684367717111243,0.21188294069806382,-0.1822968992407001,-0.15656203227195375,-0.09134835530587279,-0.20447105297329807,-0.09017284153117504,-0.22769428440598966,0.016774991627881545,-0.0940513535494365,0.46305674587715884,0.2728695521429206,0.06621491398929735,0.16678285116765423,0.09721225541453947,0.2167456037835141,0.152833876666735,0.21240235376130237,0.09681244404349401,0.14071651665197274,0.14442075191875287,0.1953403180721574,0.1688024111701146,0.08246707536273484,0.1490305428549949,-0.11753087432254185
#12,0.389894682167046,0.41465906683342557,1.0,0.6052392375562983,-0.10381085163239225,0.22589684183188785,0.28757714309146454,0.05847155871759648,0.03573356843608827,0.7269049132375153,0.44578967871568287,-0.1469836453228904,0.03439402948352572,-0.0877739733049023,-0.06394248183762874,0.028495957462803874,0.6876448034773338,0.69833377756819,-0.26611034793840854,-0.3111420936447078,-0.13252209214114366,-0.18050629104900937,0.2419132170121447,-0.04134459639554672,0.4440810831129245,0.12734504746478584,0.24098374100424416,0.41411573343174846,0.07828443332718239,-0.2356939290181043,0.24481099515442287,0.24777711712081138,0.46325494296707875,0.5408046801850751,-0.10797640771191712,-0.4073667808008529,0.006109937875463884,-0.22422241814118468,0.2489423793218926,-0.18438822025847634,0.021996459789911084,-0.25470034650318824,-0.18857769667643984,-0.4769749656572284,-0.2880213779481817,-0.5550577847032853,0.028403693300254922,0.10374592499948743,0.1777315317901298,-0.004134801358675224,0.2601781040056315,0.06418851960442594,0.4333545199188075,0.23174365598452695,0.365776146638509,0.21000690272623515,-0.25927938271858064,-0.6057620678107423,0.07381816442157205,-0.14012534257341835,-0.05890554200069711,-0.0437947224899022,-0.38886269042297994,-0.36979818068740217,0.4053984786664753,0.309549682542937,-0.21817057251621458,-0.1695951995297945,0.14466678968555008,-0.0021767507979141465,0.5148101066847094,0.5977248340953669,-0.18637360834888156,0.24562770385254137,-0.23797319555218394,0.04670958658820796,-0.10740573678059583,0.15623398191622415,-0.022068220805226937,-0.08336921384099126,-0.3550598350180086,-0.1479848823461068,0.09168324004401342,-0.1795494775114647,-0.21523520527067572,-0.22258216636253664,-0.12048332752410829,-0.06070640176600441,0.15560521873440908,-0.44101927979278155,-0.4127215194198976,0.04386648350521805,-0.20902275165904632,-0.06644044860886146,-0.23636369849438554,0.7103725421852254,0.29637299325446453,0.5182341322726371,0.6413521142161989,0.5011208387154095,0.7194656879831054,0.44519850463712846,0.5416384748392211,0.5649471360520506,0.6315413582651603,0.5879824219684389,0.6620192866271639,0.0280312194588536,0.04757071877199817,0.1271707707133045,-0.28792227940322174
#13,0.29465414607808965,0.01000211865854742,0.6052392375562983,1.0,-0.1928423513009247,-0.015373943233619694,-0.0097321605533116,-0.3108174604801837,-0.1702547174324592,0.4570254033994218,0.08687183482664589,-0.31820201067530535,-0.15592301751652213,-0.2828477504630294,0.012889645227209043,-0.12815150458928778,0.4757311080584203,0.36676371489690335,-0.14536389669147548,-0.2441412256781416,-0.020363042393674095,-0.08927070305291862,0.3603735673425871,0.0911262378775142,0.2960346913251184,0.23495239852650715,0.3841401321769558,0.5816674526206439,-0.0903915417683281,-0.12376383108140433,0.02143262324100083,0.1393564745521771,0.30404458751084956,0.3978977439703661,-0.05881327783814816,-0.1957025403399422,0.10036974008843691,-0.2398492335240126,0.23079709402059884,-0.017984677314634462,0.08492061864829585,-0.06576042755896364,-0.01043951913285356,-0.16343058659504234,-0.05705000717610153,-0.24108283954920415,0.23190768116239177,0.37666331781928525,0.14780035402100888,0.06556223046904366,0.31745364580129715,0.2255175336080755,0.37091560221160613,0.2107962738947095,0.16228582754119425,0.19108249783008358,-0.14703490319097315,-0.24705608977644736,0.08211852185977214,0.020779939720747136,-0.16749362693840172,-0.1095278125192217,-0.18384146966559367,-0.2578373280298526,0.4453967017270484,0.37163321236476465,-0.26494508573732733,-0.3276061208728873,0.038228118016115475,0.06067564704515477,0.1888954954585529,0.3658547420362359,-0.28267347371154805,-0.005535849752937076,-0.31188704132751044,-0.0029797907312105743,-0.2398663194800402,0.15766578503133563,0.12934410432001311,-0.04571518394740259,-0.30334406331371866,-0.12466938675086625,0.09053848099016533,-0.1883248245272316,-0.4331631572112986,-0.37245675544529416,-0.27678565326444277,0.02568360910066362,0.3307909430764289,-0.2655499285807038,-0.17280052488056916,0.10093015944614164,-0.10332561048120886,-0.1270067455354397,-0.17760509571552566,0.30201819312597816,0.22358682057695856,0.43569187870338094,0.6162972682973503,0.3456557248204266,0.5291793957039073,0.1692466460268318,0.32231630888674745,0.38447159972389094,0.4175841825053479,0.38276300412113257,0.4874076504076709,-0.07139537585686069,0.05972908508122664,0.02359228808288739,-0.26398485500857716
#17,0.06099686301847333,0.17075704453967017,-0.10381085163239225,-0.1928423513009247,1.0,0.4216027993630356,0.12943295129135657,0.44574867242121663,0.48056301642302096,-0.12825060313424777,0.2821130543538433,0.615726597366029,0.5057989734757619,0.36913524559353195,-0.31456953642384106,-0.09632378570110511,-0.1835783459427689,-0.07397877240823134,-0.06854543839145975,0.013511574026613085,-0.37005105283661044,-0.24981718027050487,-0.16932524142455868,0.07312447460685215,-0.22940629719995353,-0.015558471558717597,-0.23176415913176004,-0.24096665504821657,-0.040425371961262724,0.21083044580676466,-0.13209152604924856,0.19930084267935128,-0.21391616946534625,-0.10421066300343769,0.04064407219841579,0.08853942413493805,-0.19647482555238896,0.11438364122226095,-0.10273101921144896,0.0006116772257874917,0.08918869046398623,0.23952801755069403,0.05373533170675032,0.20561239483594065,-0.055382417867809376,0.08586376342101847,-0.17895830343291028,-0.12530498431509238,-0.2603113744626467,-0.18756279088840136,-0.2866374155099474,-0.12930651521675243,-0.2181774068986256,-0.1547133318297692,-0.36786405046507975,-0.2526602833534948,-0.1588891394829106,-0.14229184179771595,-0.04322405155858091,-0.03286654501465975,0.21714541515455957,0.2855268283681545,-0.012223292942133285,0.009123900518729624,-0.20733124201231556,0.1881607993493668,0.35443107183619355,0.26543374407971626,0.027269185820023373,-0.05855015411532337,0.13635618067373342,-0.012957989051319377,-0.19392218372186798,0.024241554411935564,-0.24955063935647456,-0.1639978403351581,0.03547727909567452,-0.021425788858589794,-0.2089783281733746,0.041255749424203285,0.1723152837293858,0.5004442348567172,0.21959212405770953,0.24770535610549552,0.6099515442287058,0.31977733582104856,0.38130044628517146,0.08693334426834519,0.060040049480928656,0.15019922224728163,0.20599853744216404,0.10959273915212651,0.10867693190904804,0.28471695405244707,0.11575051770446763,-0.15461423328480922,0.006198784846807318,-0.1136352763482528,-0.07948386744031875,0.06454049029859417,-0.16069683363062898,-0.18750128144670206,0.016610966450016744,-0.028007299120414983,-0.06287631818150753,-0.0636281002467212,-0.12083871540948202,0.1948277393913299,0.23588870891681873,0.17985360752875568,0.11862437550830719
#18,0.2640121925382213,0.1464539806860353,0.22589684183188785,-0.015373943233619694,0.4216027993630356,1.0,0.45082661855261447,0.4900218016798912,0.09967946746492254,0.23425870871178725,0.3985094211961536,0.6147492806812512,0.7310157942577519,0.4080604706155728,-0.25770405757283743,0.08856334447337666,0.24944812362030905,0.14685379205708077,0.007924466405593258,-0.006472160143248655,-0.1533259522003294,-0.1334071446633725,-0.03903799233182294,0.08634558738099632,0.01017981260123429,0.05731313089892632,-0.16078226341076687,0.148330018657864,0.3870994197609333,0.3716571327032033,0.23100554268413534,0.4980590353952665,0.16818048237071057,0.05033522645726119,0.15350022895181076,0.11722674430525086,-0.012124194397173299,0.12848638932742842,0.04310786705759334,-0.12160074904831225,-0.003960524607193871,3.7589103260683846e-05,-0.06991573206487196,-0.09879099775148818,-0.10207150130878423,0.054552040404868815,-0.034428201395580886,0.0621962971316097,-0.2820857168241992,-0.007675011447590538,-0.06739384495520062,-0.030125957667835344,-0.1348150274400454,0.017574614369972458,-0.045534072813510205,-0.018862895454452258,-0.34249140576411813,-0.40969388801180984,-0.12973708130864756,-0.026828368154511718,-0.05907298436976743,-0.08988579746991163,-0.060911433238335415,-0.04431413555314074,0.13761028984615806,0.15221194786733097,0.37782858002036646,0.26281617561629045,-0.03555245730219589,-0.18645903812901948,0.30038135853853565,0.07734812293687081,0.0133509660399538,-0.1320163478427272,-0.16222090090828942,-0.34372159459810414,-0.2143535699396524,-0.20477860018179458,-0.10596026490066225,0.08800975949808296,-0.08058078581728963,0.5150117209658349,0.07459728401642986,-0.06216212521955453,0.5539677007087255,0.41180571217681916,0.29221427155735075,0.08268577559988792,0.0862601576008584,-0.16730226423089278,-0.12012452244752903,0.0932756511457842,0.243409946760161,0.3307704399291958,0.11591796007353795,0.11962219534031807,-0.046545561410343154,0.12297445991292996,0.1216930132108612,-0.02990384023947676,0.08381003150650292,0.3447091628564985,0.3359269814583205,0.23815772387728182,0.20108803367983652,0.1776119300979367,0.18402941518189708,-0.10106684709436232,0.08946206576042756,-0.027306774923284056,-0.21439457623411862
#26,0.031458662237986865,0.15053752417662777,0.28757714309146454,-0.0097321605533116,0.12943295129135657,0.45082661855261447,1.0,0.24840588030262645,0.057432732591119404,0.27011871322247966,0.38177201867153276,0.20297090603407622,0.3400720343906123,0.2659565743341603,0.09794353433252004,0.17361381638748213,0.14736295354670276,0.3316691612162467,0.042899418394056824,-0.0818246434160977,-0.1831341110860517,-0.10971917522673064,-0.21975956642677985,-0.36811692261428797,0.11351225746485419,-0.21189660946288588,-0.3578277598944771,-0.04282082299632994,0.33145046097909364,0.05971541631640457,0.1758144875238349,0.25609456051503904,0.16410377326252912,0.2418277872320068,0.1671211530970004,-0.013945557309713707,0.10290529596293031,0.1712354513084425,0.16669058700510528,0.06802602532822122,-0.10604569468080018,-0.08890164640272281,-0.15983570144683876,-0.16948584941121794,-0.22975485070291624,-0.14628312112575947,-0.1871014700756566,-0.0742589820870837,-0.12206548705226253,-0.12128636745740472,-0.05546443045674178,-0.06715805876201997,0.0799212679146249,0.05172944046911201,0.1633007333292327,0.22828204129333854,-0.35750654392115855,-0.41703743191246523,-0.18821889159986058,-0.10091649068131958,-0.0510733397576528,-0.03486218467868151,-0.09892768539970885,0.03792057080761897,0.19798864125643287,-0.05308948256890766,0.12998653626665027,0.15500721027344364,0.035651555847155875,-0.07638789220812062,0.32393264032695684,0.01787191000485241,0.04829858049877323,-0.03357390359420171,-0.04405784621272699,-0.1400535815581025,-0.1506434571039988,-0.30964194670548595,-0.06474210457971966,0.13531735454725632,-0.004818239599778566,0.12321366329731613,0.24078212672311866,0.12558519399394474,0.12476848529582624,0.040941367833295744,-0.0063423068774390206,-0.24153732597953786,0.13924712443360054,-0.2418107012759792,-0.05461354984656811,-0.1798638591023722,-0.12407479548110635,0.005850231343844613,0.0625004271489007,0.2677164278050014,-0.04357260506154361,0.04983289935005023,0.13163703961891485,0.20882113737792085,0.17187788325507966,0.3615661670733124,0.3062794305592575,0.19505669120209954,0.2545841620022007,0.21342067674054635,0.21178725934430936,-0.1579870010046542,-0.0990370355182854,0.07173026059500133,0.010162726645206706
#49,0.5248737347849561,0.4517048366924323,0.05847155871759648,-0.3108174604801837,0.44574867242121663,0.4900218016798912,0.24840588030262645,1.0,0.32875771430914646,0.16388165583417055,0.5400802356495056,0.5090145504001531,0.559189168870755,0.23516426438124918,-0.4243092147978048,-0.1191369541891347,0.11063839966101463,-0.05752499675366835,0.10434051626924733,0.18835216205687574,-0.1140692596313534,-0.13648603393954306,-0.2665340796478926,-0.237781832844675,-0.14227133865048286,-0.18396448854899228,-0.15606653954715383,-0.052922040199837345,0.37394323361969395,0.2549224639315468,0.17036065035983022,0.11256911269213157,-0.08843349120756702,-0.17387694011030694,0.2557220866736377,0.07049323737860429,-0.020048660802766557,0.08453105885086694,-0.12046965875928621,-0.16046788181985935,0.03875094827055953,0.037913736425207935,-0.08113778798378884,-0.020861952309679535,-0.17545568244725565,-0.02679419624245655,-0.14674102474729872,-0.08966368004155305,-0.051473151128698255,-0.010056793717835688,-0.03317409222315625,-0.07220866736377367,0.00857714992584695,0.011163963668423102,-0.03780096911542589,-0.07274858357424531,-0.2774690915055461,-0.2357417696949815,-0.12238670302558109,-0.21948277393913299,0.14388425289948673,0.10221160614821041,-0.003256583218857428,0.01641618655130229,0.10126504418428228,0.04029210150424757,0.2981567670637443,0.3372836063669106,0.16003389853675873,-0.12045598999446415,0.05893629672154676,0.06615682173880358,0.02573144977754085,0.15927528208913402,-0.02019218283339826,-0.14460869743505628,0.02532822121528988,-0.13855685181008617,-0.18048237071057074,0.14781743997703647,0.15282020790191295,0.28577628332615723,0.05515004886583424,0.30351150568278895,0.5700011618450099,0.44476110416282233,0.41851707570445396,-0.05776420013805453,-0.1995742179757926,0.14394917953239156,0.05340728135102071,-0.04846260567663803,0.1352455935319405,0.20694168221488665,0.07063675940923599,0.05069061434263493,-0.047259754372296146,-0.20993855890212482,-0.20243098982360458,-0.02050314723310028,-0.19433908104894101,0.06715805876201997,-0.026288451944040076,-0.11275022382602397,-0.17515155242996466,-0.14646764945085738,-0.12471039304533246,-0.04617992195135286,0.02661650229976968,0.10890588371981766,-0.09881150089872129
#50,-0.013774697749437872,0.22085990199495623,0.03573356843608827,-0.1702547174324592,0.48056301642302096,0.09967946746492254,0.057432732591119404,0.32875771430914646,1.0,-0.1370259501500147,0.2605266575085942,0.17715402647639747,0.10956540162248238,0.2981123435780726,-0.2988709600256973,-0.18764822066853928,-0.145473246810052,0.0878354827466016,-0.14523404342566584,-0.06158461990582221,-0.4035156063122356,-0.3907387283948086,-0.2260506154361361,-0.18599088293386368,-0.0870563631517438,-0.10958248757850997,-0.1031069102440558,-0.19614335800545385,-0.08700168809245552,0.2112849322370984,-0.07594365735140345,0.0653059411286299,0.015910442252885817,0.015121071084411457,-0.02800046473800395,0.015110819510794907,-0.2695617110559804,0.031342477736999295,-0.07674328009349435,-0.040934533450884714,0.3649526035579795,0.40358736732755146,0.035562708875812435,0.2459215822962158,-0.23836958973202388,-0.1984875511724383,-0.0745050198538809,-0.0683711616399784,0.10658219370006629,-0.005980084609654248,-0.1445711083317956,-0.15063662272158776,-0.02640805363623316,-0.07585139318885449,-0.32810161359768725,-0.1489041067803908,-0.13517724970783015,-0.1252093029613379,-0.25120797709115017,-0.17386327134548488,0.27008795850163,0.4391466590121584,-0.009957695172875702,-0.016918513658513247,-0.1468811295867249,0.08809518927822087,0.23991757734812294,0.21571702923065358,0.14556892816380648,0.005734046842857045,0.14416446257833912,-0.011440756156069957,-0.4215037008180756,0.006448239804810039,-0.3331453878170299,0.07535931765526008,0.2235116423704372,0.15417683281050307,-0.16485897251894832,0.1081165125513433,-0.14532289039700927,0.19320115637750396,0.09518927822087357,0.2851987780124249,0.28286141922785146,0.19959472112302573,0.24755158250124729,0.10314449934731648,0.2551479985511109,0.15779222110593977,0.27518640778026093,0.07871158222787197,0.02001790608191691,0.09009424613344814,-0.07389334262809341,0.06553147574819401,-0.0007346961091860934,0.11593504602956554,-0.10977726747722442,0.22053526883043215,0.06288656975512408,-0.06895891852732727,0.08781156240816299,0.1578639821212556,0.11994341131363664,0.19142421695063525,0.06690176942160622,0.22636841421824916,0.08417225377428769,0.020185348450987226,-0.03674505703292122
#51,0.4975259535672059,0.38765983911863805,0.7269049132375153,0.4570254033994218,-0.12825060313424777,0.23425870871178725,0.27011871322247966,0.16388165583417055,-0.1370259501500147,1.0,0.4550810216034828,-0.150783561943425,0.035665224611977936,-0.09493640607166533,-0.0797606599279656,-0.016009540797845803,0.7685057989734757,0.5224372774554228,-0.2587975587586028,-0.2469467396578708,-0.025150527272603012,-0.03125704795686138,0.3187316753121604,-0.024665286121419636,0.27445171167107485,0.14034404281057142,0.41186722161851846,0.5513057087596279,0.03583608417225377,-0.19963572741749191,0.34165761110997206,0.2731395102481564,0.43096932045735686,0.4573568709463569,-0.15719421264497432,-0.4501705178411553,0.07963080666215597,-0.29297288800497545,0.06116088819633814,-0.317016245326991,-0.21176675619707624,-0.33672660420041145,-0.18798993978909095,-0.4042400508478051,-0.03251457432049153,-0.41403372084281603,-0.06946466282574375,0.05087855985893835,0.26749431037664284,0.235837451048736,0.43292737101811796,0.3220805226935668,0.5577983720501097,0.31266957811357377,0.3296256808753477,0.07265973660290188,-0.13669106541187406,-0.4139790457835278,0.16022526124426767,0.014499142285007415,-0.07054107805548152,-0.15946664479664296,-0.4216301368926797,-0.2514403460931253,0.4491692808179389,0.3428467936494919,-0.24082313301758487,-0.14062083529821828,-0.04999350733670952,-0.11248368291199366,0.32430511416835817,0.3703961891483676,-0.15545486232136632,0.18123415277578442,-0.09264688796396914,-0.07857831177085682,-0.16574402504117716,0.03350214257888586,0.14034404281057142,-0.06751344664739371,-0.31734771287392616,-0.1260260116594564,0.06709996651152618,-0.1443626596682591,-0.15397180133817207,-0.1865478851003629,-0.10877603045400802,-0.0459817248614329,-0.030105454520602246,-0.28187385096945716,-0.25564349127591085,0.14572953615046577,0.011071699505874152,-0.041669229560070804,-0.1601535002289518,0.5884642459284167,0.2325466959178234,0.3451260601835715,0.4164496750251164,0.35024159541823,0.5663926079319842,0.47137418927138647,0.47276498609203177,0.4160259433156323,0.4194807236244097,0.3826604883849671,0.5371858746984329,0.018616857687655055,-0.014061741810701276,0.13477402114557918,-0.3035901010805159
#52,0.45936617937520074,0.49340823816455825,0.44578967871568287,0.08687183482664589,0.2821130543538433,0.3985094211961536,0.38177201867153276,0.5400802356495056,0.2605266575085942,0.4550810216034828,1.0,0.29598001626583015,0.3403556612606702,0.08120613180789918,-0.3168898092523869,0.0158250124727479,0.3505593942003431,0.37425761521060147,-0.09568818813687902,-0.1580245901079149,-0.3663399831874193,-0.31440551124597627,-0.12471039304533246,-0.17598876427531626,0.19983050731620636,-0.06302325740334475,-0.02244069464662826,0.15092708397405669,0.2415475775531544,-0.001981970899199694,0.2290714124618129,0.27919135587312655,0.14710324701508348,0.26069751706887007,0.059407869107908066,-0.14952603557979482,0.04985340249728333,-0.02541023380422228,0.08375193925600913,-0.11402825333688721,-0.023793902364012878,-0.08258325986372242,-0.16966354335390482,-0.22341937820788824,-0.324165009328932,-0.34833138553434617,0.036478516118890913,0.03380627259617685,-0.044433737245333824,-0.09975122848023839,0.12089339046877029,-0.11852185977214169,0.21338650482849117,0.07447084794182574,0.12845221741537327,0.05484591884854325,-0.372521682078199,-0.4490325931697182,-0.0666728176108366,-0.23628852028786418,0.1670801468025342,0.14876400194096462,-0.29725121139428234,-0.3184822203541577,0.33574587032442815,0.27837122998380254,-0.025420485377838833,-0.00587415168228323,0.21733677786206848,0.0015753251457432049,0.31286435801228824,0.4275657980166622,-0.012206206986105701,0.21395717575981246,-0.046743758500263126,0.037681367423232796,0.07590606824814276,0.14394234514998053,-0.2379663611697729,0.12900238519946144,-0.058365625790225466,0.14075410575523342,0.07293311189934322,0.2118556031684197,0.21109015233838394,0.15721129860100191,0.17766660515722496,-0.10663345156814905,-0.038402394767596826,-0.16858029374175604,-0.16501274612319658,-0.09720200384092291,-0.09256145818383121,0.014793020728681853,-0.08189298724020803,0.4052173675325829,0.13364976523896419,0.1162118385172124,0.25457732761978963,0.32203268201668955,0.16672817610836596,0.26988976141171,0.2781251922170053,0.13742576152106015,0.21833459769407937,0.18404650113792467,0.22542526944552654,0.08492745303070688,0.01876721410069779,0.0943759867139606,-0.1058474975908802
#53,0.1192394699253002,0.07347986249222589,-0.1469836453228904,-0.31820201067530535,0.615726597366029,0.6147492806812512,0.20297090603407622,0.5090145504001531,0.17715402647639747,-0.150783561943425,0.29598001626583015,1.0,0.7914590723009315,0.48518305893287955,-0.28357902938101,-0.008628407793929701,-0.16198511471510876,-0.2757707474764043,-0.010090965629890855,0.056130782741817535,-0.20528434448021105,-0.19576063259043597,-0.2761978963770939,0.010333586205482541,-0.23535562708875812,-0.08131548192647571,-0.19518312727670364,-0.15515756668648636,0.09977173162747148,0.23286107750873092,-0.13738475522659394,0.21743245921582297,-0.3105099132716872,-0.3072533300528298,0.06421927432527559,0.12362372624197815,-0.23976038655266918,0.007979141464881526,-0.24400453802992092,-0.16624635214838812,-0.09872607111858336,0.12129661903102126,-0.004015199666482138,0.08776372173128576,0.031653442136701314,0.20865711220005603,-0.1659593080871247,-0.08050219041956273,-0.29718286757017204,-0.09167640566160239,-0.13498930419152674,-0.041399271454834984,-0.1898796465257417,-0.13659538405811958,-0.15844148743498793,-0.2465571798604419,-0.08186223251935838,-0.15603920201750968,0.030669291069512505,-0.010275493954988757,0.06731866674867926,0.07294336347295977,-0.013227947156555198,-0.006359392833466604,-0.05684839289497604,0.1290946493620104,0.34798624922258903,0.3335486163792809,-0.12139230038477573,-0.27517957339784993,-0.03387119922908166,-0.06445164332725073,0.07758390913005146,-0.035285916388165584,-0.05756258585692904,-0.1752984916518019,-0.020550987909977513,-0.07142613057771034,-0.4135758172212768,-0.11779399804536662,0.35367587257977434,0.6589984896014872,0.0800852930924897,0.09214456085675818,0.710495561068624,0.4419180010798324,0.3275822005344487,0.019956396640217606,-0.1354745453427101,0.06601671689937738,0.05927801584209843,0.02904954243809758,0.26858439437120263,0.3327660795932176,0.17980918404308394,-0.20505197547823592,-0.14274632822804967,-0.17442027351198408,-0.17385301977186832,-0.12981567670637442,-0.25425611164647105,-0.13518750128144671,-0.13335246960408423,-0.10163068364327257,-0.16060456946808002,-0.14658041676063943,-0.2063573425187433,0.03408989946623473,0.3021241260533492,0.024210799691085916,0.09702089270703053
#54,0.24737047136735488,0.053824178678093755,0.03439402948352572,-0.15592301751652213,0.5057989734757619,0.7310157942577519,0.3400720343906123,0.559189168870755,0.10956540162248238,0.035665224611977936,0.3403556612606702,0.7914590723009315,1.0,0.4511990923940158,-0.23278589930220955,0.07403686465872511,0.01614964563727199,-0.1300548800907606,-0.05210191431051333,-0.01935155379684115,-0.1722161851844258,-0.14760557412229444,-0.23476445301020374,-0.023865663379328727,-0.18782591461122616,-0.0719694639793875,-0.16796861651596853,-0.06761596238355921,0.27414074727137283,0.2626726535856587,0.018951742425795694,0.21886084513972895,-0.1603141082156111,-0.1559606066197828,0.13728565668163398,0.11630751987096687,-0.19708308558697094,0.09857571470554063,-0.13785974480416077,-0.07765908733657283,-0.059113990664233625,0.07099898167702076,-0.028485705889187325,0.011963586410514013,0.009058973885824807,0.22005002767924878,-0.16725442355401554,-0.07291602594331563,-0.28994525659688763,-0.11612299154586896,-0.17290645780794017,-0.04493606435254478,-0.18839658554254746,-0.12326492116539889,-0.10928519194363001,-0.1528543798139681,-0.18581660618238233,-0.21017092790409994,-0.010272076763783241,-0.023308661212829502,-0.03194048619796472,-0.04184692350275767,-0.007490483122492636,0.014007066751413009,0.0801057962397228,0.10188697298368633,0.37565866360486333,0.31744681141888614,-0.018859478263246743,-0.2958091567055543,0.13093651542178392,-0.05102549908077557,0.09971022218577218,-0.0278876974282219,-0.09887984472283162,-0.2758732632125698,-0.13756586636048634,-0.1418510241322043,-0.24305455887478727,-0.011662873584428543,0.210283695213882,0.6933310096433136,0.1504213396756402,0.1252708124030372,0.6289408757577621,0.359129709743779,0.3204641912533574,-0.02417321058782523,0.05459304669933501,-0.03221044430320054,-0.01386012752957579,0.029080297158947232,0.3717220593361081,0.3497461026934301,0.23595363554972354,-0.060467198381618244,-0.09755055734388562,-0.04092428187726816,-0.07896787156828573,-0.07632638276642131,-0.12223634661253836,0.04347008932537811,-0.005043774219342669,0.05189346564697681,-0.03480409242818773,-0.039536902247828375,-0.06644044860886146,-0.12001175513774698,0.17651842891217134,0.05926434707727636,0.043490592472611216
#58,-0.14288985025868137,0.014174509120483328,-0.0877739733049023,-0.2828477504630294,0.36913524559353195,0.4080604706155728,0.2659565743341603,0.23516426438124918,0.2981123435780726,-0.09493640607166533,0.08120613180789918,0.48518305893287955,0.4511990923940158,1.0,-0.0329178028827425,0.17033673002139163,-0.21985866497173984,-0.21499600188628953,0.047280257519529245,0.06557931642507125,-0.2999166205345854,-0.3926079319842262,-0.324581906656005,-0.14616010224236087,-0.12875976462386976,-0.23180516542622626,-0.18769606134541653,-0.22969675845242243,-0.010111468777123956,0.34351998031697867,-0.1944996890356003,0.11596580075041518,-0.08761678250944853,-0.08959875340864823,0.05112459762573555,0.3256856594153869,-0.3126798296871903,0.3107286135088403,-0.12951838107149446,-0.04956977562722545,0.24425741017912916,0.2962431399886549,0.17465264251395923,0.196587592862171,-0.208240214872983,0.06867529165726939,-0.1090357369856273,-0.07298778695863148,-0.16431905630847668,-0.11768806511799561,-0.09996992871739145,-0.11618108379636274,-0.20899199693819667,-0.15744025041177154,-0.27088074686130986,-0.21926749089318542,-0.117254081834895,-0.012817884211893192,-0.19022478283749888,-0.05830411634852616,-0.01733541098558629,-0.0004920755335944067,0.3126559093487517,0.27122930036427256,-0.11444515066396026,-0.0054401683991826075,0.5723111830999392,0.5556523759730452,0.044946315926161336,0.042274072403447265,0.22435568859819982,-0.0084438794688318,0.03518340065200008,-0.03204983631654126,-0.043329984485951926,-0.03204983631654126,0.02294643894504473,-0.0183400652000082,-0.12489833856163587,0.055672879120278296,-0.0015548219985101045,0.4685515893356297,-0.05738147472303665,-0.02944935380914304,0.44924787621566575,0.2172957715676023,0.1186687989939789,0.041050717951872276,0.21181117968274796,-0.11398724704242101,0.13497905261791018,0.025485412010743648,0.12989427210410132,0.06180332014297528,-0.072071979715553,-0.09853129121986892,-0.03484509872265393,-0.0397863572058311,-0.21029394678749855,-0.1369678578995209,-0.12276259405818793,-0.14838811090835777,-0.13497563542670465,0.09266397391999671,0.009957695172875702,-0.05268283681545117,-0.05026688263315086,-0.017185054572543552,0.015185997717316276,-0.28798720603612654,-0.03305107333975765
#101,-0.4257410179129163,-0.2886023004531196,-0.06394248183762874,0.012889645227209043,-0.31456953642384106,-0.25770405757283743,0.09794353433252004,-0.4243092147978048,-0.2988709600256973,-0.0797606599279656,-0.3168898092523869,-0.28357902938101,-0.23278589930220955,-0.0329178028827425,1.0,0.33543832311593164,-0.09514485473520186,-0.048626630854502834,0.192698829270293,-0.19549067448520013,0.22634791107101607,0.04227748959465278,0.20937130516200902,0.07257772401396947,0.16584995796854818,-0.015421783910496928,-0.2797176033187761,-0.3969921883009042,0.1369473547522878,-0.220507931300788,-0.10039366042687553,-0.1637107962738947,0.03224119902405019,0.1901085983365113,-0.05207115958966368,-0.005108700852247487,0.24216950635255846,0.21538897887492398,0.2032921220073948,0.2316650605868001,-0.04877015288513453,-0.24053267176511595,-0.02444658588426657,-0.0745050198538809,-0.03189947990349852,0.11378904995250104,-0.16477695993001593,-0.2813954442006848,-0.20088300220750552,-0.28330907127577415,-0.19481748781771335,-0.24252147704672666,-0.08333162473773058,-0.20312467963832448,0.2463692343441385,0.12082162945345444,0.09117407855439143,0.11971787669407254,-0.024002351027549395,0.229197848536417,-0.3416097704330948,-0.346656961843643,0.058075164537756546,0.05437434646218194,-0.32841599518859477,-0.3936262549634702,-0.07594024016019793,-0.05877568873488747,0.16479404588604352,0.07416330073332923,0.05609661082976237,-0.09927965609387708,0.3501117421524204,-0.08764412003909267,0.0924555252564602,-0.13923003847757298,-0.17948113368735436,-0.2156623541713653,0.2520212685980631,0.021268598063136024,-0.18048920509298177,-0.3174809833309413,-0.030300234419316698,-0.18958576808206726,-0.31343161175240397,-0.31093706217237677,-0.43075403741140933,-0.16314354253377894,0.07278958986871151,-0.37245333825408866,-0.2563303467082197,-0.25443380558915796,-0.21657474422323827,-0.35183742371120635,-0.044901892440489616,-0.022567130721232377,0.0671238868499648,-0.10347254970304609,-0.12268058146925553,0.01158427818670166,-0.0793505969833036,-0.019498493018678367,-0.09675435179300022,-0.030676125451923535,0.02143262324100083,0.011529603127413392,-0.04527778347309645,-0.2870611472194315,-0.1709449900559736,-0.2184610337686835,0.2516863838599225
#102,-0.2577826529705643,-0.04576985900669086,0.028495957462803874,-0.12815150458928778,-0.09632378570110511,0.08856334447337666,0.17361381638748213,-0.1191369541891347,-0.18764822066853928,-0.016009540797845803,0.0158250124727479,-0.008628407793929701,0.07403686465872511,0.17033673002139163,0.33543832311593164,1.0,-0.19273983556475918,-0.04502832851509373,-0.0923530095202947,0.09685686752916572,-0.09054189818137084,0.2925389047218748,-0.37950983809348066,0.04367512079770911,-0.23073900177010503,-0.07492533437215947,-0.3803709702772709,-0.22102392717282102,0.08545028328515093,0.03506038176860148,0.015401280763263827,-0.004510692391282062,-0.08449346974760626,-0.07696539752185294,-0.15190781785003998,-0.004828491173395116,-0.23042120298799199,0.3816626685529562,-0.1010019204614575,0.2945106240474579,0.15882079565880028,-0.050601767371291496,0.06212453611629385,0.017701050444576576,-0.41308032449647686,0.17210683506584928,-0.04949801461190959,-0.11126716284282971,-0.440188902329841,-0.29285670350398785,-0.34463740184118263,-0.2629904523677718,-0.41702718033884867,-0.21939050977658403,-0.06836432725756737,-0.03578482630417102,-0.20993855890212482,0.10336661677567506,-0.24809491590292443,-0.047447699888599565,-0.18130591379110025,-0.204146419808774,0.08377585959444775,0.13212911515250925,-0.034267593408921604,-0.017909499108113094,0.14840861405559086,0.3903252482589411,0.14995660167168995,0.32478352093713053,0.17913941456680266,0.053940363179081324,0.4179293188171051,-0.018927822087357077,0.013532077173846186,-0.21131568695794806,-0.12299838025136858,-0.07337734675606039,-0.018073524285977898,0.14674102474729872,0.06458491378426588,-0.016064215857134072,-0.0051292039994805865,-0.11843301280079825,0.01454698296188465,0.0012233544515749834,-0.1289511273313787,0.08381344869770843,0.14668976687921595,-0.16617459113307226,-0.17903006444822614,-0.14767391794640478,-0.1904298143098299,-0.17217859608116512,-0.18853669038197363,-0.034035224406946465,-0.03955057101265044,-0.12494617923851312,-0.04442348567171728,-0.16226874158516666,-0.23851311176265558,-0.15916593197055748,-0.08953724396694893,-0.09996651152618594,-0.07476472638550018,-0.12311456475235616,-0.17858582959150895,-0.18623008631824986,-0.12497009957695172,-0.17193255831436793,-0.0035128725592711817
#201,0.4460869743505628,0.29816360144615534,0.6876448034773338,0.4757311080584203,-0.1835783459427689,0.24944812362030905,0.14736295354670276,0.11063839966101463,-0.145473246810052,0.7685057989734757,0.3505593942003431,-0.16198511471510876,0.01614964563727199,-0.21985866497173984,-0.09514485473520186,-0.19273983556475918,1.0,0.5949056513508156,-0.15865335328973,-0.25877705561136966,0.0626268632235048,-0.0860756292757605,0.4323806204252353,0.04093111625967919,0.49856477969368296,0.21168816079934938,0.39865636041799085,0.5008030399332964,0.18303501254109172,-0.19351553796841148,0.41941237980029933,0.30968295299995213,0.5429540934533451,0.46191882120572175,0.013897716632836473,-0.28982565490469453,0.28779584332861763,-0.24830678175766646,0.28451533977132154,-0.2620370560214326,-0.19861398724704243,-0.3455771294226997,-0.21152071843027906,-0.5337755178753272,0.006499497672892789,-0.4326710816777042,0.1295867248956048,0.10884779146932387,0.2826222158434653,0.15663721047847512,0.45242928122800186,0.2158229621580246,0.4747332882264094,0.32708670780964877,0.40704214763632884,0.2609640579829004,-0.19910947997184233,-0.48676180126982826,0.15114920140241528,-0.0160300439450789,-0.08322227461915405,-0.141584483218174,-0.395926024644783,-0.34756593470431046,0.34130905760700936,0.14090104497707065,-0.29127796116703913,-0.31532131848905476,0.0414026886460405,-0.1894490804338466,0.3122766011249393,0.44522925935797814,-0.20941231145647524,0.17152249536970593,-0.08019806040227175,-0.011474928068125124,-0.19348820043876735,0.013494488070585502,0.18716981389976695,-0.0631155215658937,-0.4634838947778484,-0.17003601719530614,-0.07954195969081254,-0.20577300282259994,-0.19621511902076968,-0.08127447563200951,-0.04700688222308791,-0.13775039468558423,-0.11810837963627417,-0.4425672674088806,-0.34523199311094255,0.09413336613836891,-0.0036803149283415005,0.044290215214702125,-0.07325091068145627,0.6631913832106562,0.24531332226163383,0.485992933248587,0.4691735181350337,0.4415147725175814,0.5841244130974105,0.6223286107750873,0.5086010702642856,0.49317928635378866,0.5049651788216157,0.5062705458621232,0.5767945379615771,-0.0256186824677588,0.0018350316773624751,0.09185068241308374,-0.33252004182642037
