,#10,#11,#12,#13,#17,#18,#26,#49,#50,#51,#52,#53,#54,#58,#101,#102,#201,#202,#301,#302,#401,#402,#501,#502,#601,#602,#701,#702,#801,#802,#901,#902,#1001,#1002,#1101,#1102,#1201,#1202,#1301,#1302,#1401,#1402,#1501,#1502,#1601,#1602,#1701,#1702,#1801,#1802,#1901,#1902,#2001,#2002,#2101,#2102,#2201,#2202,#2301,#2302,#2401,#2402,#2501,#2502,#2601,#2602,#2701,#2702,#2801,#2802,#2901,#2902,#3001,#3002,#3101,#3102,#3201,#3202,#3301,#3302,#3401,#3402,#3455,#3501,#3502,#3601,#3602,#3701,#3702,#3801,#3802,#3901,#3902,#4001,#4002,#4101,#4102,#4201,#4202,#4301,#4302,#4401,#4402,#4501,#4502,#4601,#4602,#4701,#4702,#4801,#4802
#10,1.0,0.39389963025991154,0.5145538173442957,0.6042824240187535,0.25106103786931294,0.3455122027897949,-0.028776167141656244,0.5938975799451882,0.24738072294097144,0.44717705834512267,0.25877363842016415,0.3109199762163492,0.1896746150534107,0.14634804775866428,-0.3192203336545493,-0.1349243775586219,0.3731709484072472,0.1761835441740307,-0.07556776631879661,0.1278063682775306,-0.04456359051114346,0.1239415250240912,0.0032975895133236285,0.08649594379403905,0.09546607070852042,0.030805978717733173,0.32407616235758857,0.3874889795583622,0.12538699690402477,0.2199953526199605,0.4209398642691653,0.3384967092448691,0.06036126545424723,0.17931369131828404,0.24717569146864043,0.21440482780773515,0.1799595404561267,0.008560063969819367,0.20313834840314654,-0.022102392717282104,0.20582084349947716,0.10568688960422092,0.04588262631647291,-0.008150001025157361,-0.09038470738591707,-0.15265618272404813,0.25280380538412645,0.10714261305777104,0.06296858234405647,0.004640545657091697,0.14908180072307767,0.1647530395915773,0.13707379082689192,0.2754802862239354,0.15662012452244753,0.22681264907496634,-0.2708294889932271,-0.2540169082620849,-0.09699697236859191,-0.21787669407254012,-0.010941846240064517,0.04240734286046242,-0.11513200609626911,-0.29901789924753447,0.37723740594181204,0.20223620992489014,-0.12952863264511102,-0.3641563980070941,-0.13425460808234063,0.2771854646354882,0.18918937390222731,0.3377859334741216,-0.024022854174782497,0.14474196789207144,-0.019395977282512866,-0.0031643190563084766,-0.14102748105167476,-0.07649040794428612,-0.2832578134076914,0.04942625359659374,0.07318940123975697,0.2455901147492807,0.16535104805254272,0.19529247739528016,0.13995790020434803,-0.10793198422624539,-0.048510446353515264,0.01648111318420711,0.11277072697325706,0.1427360766544331,0.04860271051606421,-0.1634442553598644,-0.06669673794927522,-0.05650325658321886,-0.2647913121330791,-0.17545226525605015,-0.05096057244787075,0.26518770631291905,0.28354827466016036,0.004469686096815861,0.20858193399353467,0.17021371113799302,0.4553031390318414,0.22708602437140768,0.16438056575017598,0.17852432014980965,0.04269780411293134,-0.0025799793601651187,0.026045831368448392,-0.12714001599245484,-0.22859642288424606
#11,0.39389963025991154,1.0,0.32522775579384766,0.3944122089407391,-0.025437571333866416,0.11917112610118986,0.14127010162726644,0.2072560638057942,0.25484386853381996,0.35057989734757616,-0.005224885353235055,0.0711083317955973,0.21546757427265084,-0.006222705185245935,-0.13565223928539696,-0.10747408060470616,0.30606073032210446,0.27691892372145793,-0.03243597892276465,0.03284604186742665,0.06737675899917304,-0.17259207621703265,0.05890895919190262,0.01482719264073702,0.23497631886494577,0.14193987110354772,0.2552846861993316,-0.0036153882954366827,0.0195053274010894,0.17353180379854974,0.15228712607385234,0.06210745016026627,-0.09813147984882346,0.17872251723972962,-0.023472686390694306,0.007223942208462332,-0.02092004456017332,0.12515121071084412,0.16151012513754195,0.08635242176340735,0.1756128732427094,0.1594598104142319,-0.065630574293154,-0.0730527135915363,-0.09839118638044272,-0.20282396681223902,0.10423458334187631,0.01068897409085628,0.0014010483942618526,-0.08555963340372748,0.03676897737135984,-0.09383265331228344,-0.03570623090644414,0.1513029750066635,0.17880794701986755,0.09151921486614863,0.02484981444651754,0.12284118945591482,-0.05654768006889058,-0.11771881983884526,0.05120661021466795,0.008074822818635995,-0.19307472030289982,-0.2939707078369863,0.09476554651138949,0.18909027535726733,0.02426547475037418,-0.07668860503420609,0.2368831115576241,0.20943281460370833,0.2992605198231262,0.2260266950976975,-0.004602956553831013,0.21364962855131597,0.11076141854441324,0.05480149536287154,0.052259105105967096,0.0035026209856546314,-0.048219985101046345,-0.1776700223484305,0.11588378816148279,0.15689008262768334,0.15230421202987993,0.07382499880398308,0.045120592677642686,-0.007856122581482924,-0.02981841045933884,-0.02052365038033338,0.2656182724048141,0.143224734996822,-0.027276020202434408,-0.029254573910428586,0.11047779167435534,-0.06975512407821267,-0.006229539567656968,0.08647202345560044,0.31798331043815226,0.24425399298792363,0.15803142449032592,-0.13878922081206133,-0.05023954510350672,0.20715013087842318,0.022546627573999275,0.17520622748925294,0.10942187959185068,-0.04929298313957859,-0.15505163375911535,-0.005183879058768854,0.04748528899186025,-0.012647024651617357,-0.020250275083892044
#12,0.5145538173442957,0.32522775579384766,1.0,0.6980330647421046,0.29749383196987406,0.6073715648685406,0.04731442943158441,0.28681510945263433,0.02719059042229649,0.5184596668922012,0.21795528947026702,0.24654351109561984,0.3209699355517739,0.020964468045845036,-0.3344507548575373,-0.1802739220470342,0.6480053854933399,0.6068692377613297,-0.09010108051585919,0.047105980768047895,-0.14029278494248867,-0.027299940540873025,0.10514697339374927,0.268963702595015,0.16175616290433914,0.25427319760249867,0.39108044751536025,0.4460664712033297,0.022891763885756464,0.15375993548343003,0.35619434249824017,0.32158161277756137,0.4206288998694633,0.31644899158687523,0.06749294350016061,-0.02471312679829687,-0.05475023749478879,-0.13368051995981384,0.0790635529220402,0.07675011447590538,0.11805712176819141,0.04894442963661589,-0.19800231002125493,-0.10454213055037281,-0.2982626999911153,-0.1527689500338302,0.4267832612305989,0.3212433108482152,0.2799841442328064,0.14610884437427812,0.46384611704563317,0.2813886098182738,0.3620514082244958,0.24122977877104135,0.18610365024364572,0.264063450406304,-0.3432295190645097,-0.3466808821820816,-0.2180373020591994,-0.15933679153083333,-0.07258114120517499,-0.07924124686472707,-0.16345108974227543,-0.23508908617472782,0.3542055372166294,0.19502593648124988,-0.2178288533956629,-0.3203616755171919,-0.021415537284973245,0.16955077604412278,0.47965062637114797,0.4130256494371886,0.11188909164223375,0.3040480047020551,-0.027217927951940623,-0.0013976312030563357,-0.06083625503181405,-0.043278726617869176,-0.1845419938627246,-0.06478652806539137,-0.06090118166471887,0.15500721027344364,0.16926031479165385,0.07613502005891237,0.11573343174844006,-0.04600906239107703,-0.210283695213882,-0.03605820160061236,0.0291759785127017,-0.14781402278583095,0.03432226846820987,-0.26481181528031217,-0.05347562517513105,-0.12281385192627069,-0.2113703620172363,0.21109698672079497,0.10497953102467895,0.6280899951475885,0.7419200513945557,0.30360718703654344,0.4826680062056192,0.37529985852828407,0.5011447590538481,0.4572851099310411,0.43233277974835804,0.40323881382458876,0.32266486238971015,0.00019477989871445267,-0.01933788503201908,-0.07400610993787546,-0.236862608410391
#13,0.6042824240187535,0.3944122089407391,0.6980330647421046,1.0,0.17672346038450235,0.3578687661889433,-0.011283565360616189,0.3597926448376492,0.03701501513815704,0.635877773904961,0.2547413527976544,0.26604542130550374,0.2708602437140768,0.08858043042940425,-0.19280134500645849,0.01809061024200548,0.5753969067585207,0.2291192531386901,-0.054476862198347444,0.1766311962219534,-0.04697271031103274,0.07697564909546949,0.01142708739124789,0.060402271748713425,0.23313786999637778,0.08487277797141861,0.2871397426171584,0.34296639534168494,0.030676125451923535,0.14521354027843275,0.32437004080126297,0.27012213041368516,0.1766072758835148,0.3387393298204608,0.07527730506632768,0.10913483553058728,-0.03591126237877514,0.14556551097260095,0.12925184015746416,0.21364279416890491,0.21202304553749002,0.06648487209453317,-0.18573459359344993,-0.05797606599279656,-0.33584838606059364,-0.11920529801324503,0.4732809819640648,0.23484988279034166,0.17095524162959014,-0.025803210792856704,0.1740751372002269,0.011987506748952631,0.13767521647906286,0.10333927924603094,0.1653442136701317,0.33214415079381354,-0.3827219978266664,-0.2611280831607652,-0.277342655430942,-0.3531222876044806,-0.12565012062684955,-0.11248368291199366,-0.2509311846035033,-0.28743703825203837,0.343390127051169,0.29399121098421943,-0.14264381249188418,-0.24480757796321737,0.12806607480914986,0.39114195695705956,0.36024371407677747,0.367105434017455,0.0971985866497174,0.19557610426533806,0.07161407609401377,0.06811487229956464,-0.24728845877842248,-0.10965766578503133,-0.14062083529821828,-0.0018316144861569585,0.16997109056240134,0.12254389382103487,0.178083502484298,0.2279334877903758,0.1763065630574293,-0.10358189982162262,-0.19829618846492936,-0.047252919989885116,-0.06407916948584941,-0.02893677512831553,-0.13276812990794087,-0.28925498397337324,-0.010941846240064517,-0.09400693006376479,-0.21195128452217415,0.07140904462168277,0.21760673596730432,0.4431857790170791,0.5029046125246892,0.2211025225705479,0.3145934567622797,0.1089161352934342,0.436207874575414,0.18643511779058086,0.12002884109377455,0.14656333080461184,0.1694345915431352,0.019279792781525296,-0.0729707010026039,-0.15701651870228747,-0.33116683410903575
#17,0.25106103786931294,-0.025437571333866416,0.29749383196987406,0.17672346038450235,1.0,0.414536047950027,0.1273758021856355,0.1835031677362475,0.12885886316882975,0.07706449606681293,0.10198948871985183,0.4607911481079012,0.32993664527504973,0.17343612244479528,-0.29604836008994045,-0.2593750640723351,0.04152912472064462,0.13462024754133092,-0.22304690436648691,-0.08531359563693026,-0.12038764617035382,-0.15207184302790477,-0.14237043719544284,-0.04087985839159644,-0.10008611321837903,-0.24912349045578497,-0.023756313260752192,0.002586813742576152,0.15304574252147704,0.08359133126934984,0.06608506072348772,0.19399052754597831,0.18835557924808125,0.1520786774103158,0.08572024139038675,-0.003769161899684935,0.09396250657809307,-0.10122062069861057,0.11349175431762108,-0.08755869025895475,-0.05109726009609142,-0.13097068733383907,-0.09215481243037472,-0.24578489464799513,-0.0546716420970619,-0.12476848529582624,-0.02509926940452026,0.014273607665443312,0.03321509851762246,-0.0973831149748153,0.07431023995516645,-0.01363117571880617,0.037069690197445306,-0.05869367614595507,-0.059137911002672246,-0.11419227851475201,-0.009892768539970885,-0.048657385575352485,0.14281467205216,0.017263649970270436,0.06680950525905727,0.17866100779803032,0.03137323245784895,0.09784443578756005,0.08865902582713113,0.19217941620705445,-0.00438767350788346,0.160498636540709,-0.1846445095988901,0.07898837471551884,0.06959451609155339,-0.15085874014994635,0.07681162391760468,0.11095961563433321,0.03192681743314266,0.1566303760960641,0.08833097547140152,-0.07398902398184788,0.11105529698808767,0.15680465284754544,0.1031069102440558,0.3724977617397604,0.20464874691598495,0.31317532241199025,0.5100021186585474,0.25566741161434947,0.23886166526561828,0.15746417075021016,-0.0880986064694264,0.1775265003177988,0.14277366575769382,0.3129702909396592,0.13384112794647313,0.062391077030324156,0.10906649170647695,-0.016744236907031897,-0.23138826809915322,0.2012657276225234,0.22771820474442828,0.07811699095811207,0.07911139359891743,0.07015835264046365,0.13683117025130023,0.15241014495725094,0.17844230756087726,0.18604214080194642,0.0879790047772333,0.11840909246235964,0.31460029114469074,0.05838271174625305,0.005293229177345389
#18,0.3455122027897949,0.11917112610118986,0.6073715648685406,0.3578687661889433,0.414536047950027,1.0,0.009158072430784793,0.10176053690908221,-0.004770398922901332,0.3397474012260882,0.2015322685365537,0.3016217989461382,0.35402784327394254,0.0949295716892543,-0.34399155270334,-0.18926113491754318,0.29155475365468597,0.4237487954401001,-0.2595459236326109,-0.19733595773617918,-0.37710413548479693,-0.0630130058297282,-0.031311723016149644,0.1208763045127427,0.04298143098298922,0.05436067769735988,0.16355018828723542,0.2687108304458068,0.06569550092605882,0.08373143610877604,0.3986085197411136,0.22979243980617692,0.3316964987458908,0.12740655690648514,-0.016839918260786364,-0.09325514799855111,-0.06656005030105455,-0.14178268030809396,-0.10477791674355347,-0.10601493995995052,-0.03942413493804632,-0.19250063218037303,-0.19624587374161934,-0.12416022526124426,-0.06289340413753511,-0.04374004743061393,0.28267689090275355,0.3205257006950567,0.20242415544119355,0.06678216772941313,0.40312262932360116,0.29880603339279244,0.16304444398881895,0.13019156773898127,-0.10217401704494973,0.03555929168460692,-0.25324804024084363,-0.44421777076114516,0.191673671908638,0.04590996384611704,0.07784019847046522,0.043897238226067704,-0.015476458969785195,-0.14096597160997545,0.06731524955747374,0.12126928150137713,-0.029572372692541638,0.025687026291869135,-0.24390543948496093,0.04445082320136141,0.3222035415769654,0.02052365038033338,0.09028219164975157,0.19467396578708165,-0.07905671853962917,-0.16242934957182595,-0.030573609715758034,-0.033351786165843125,0.06064830951551063,0.20458382028308011,0.1082190282875088,0.2509551049419419,0.30363452456618756,0.2713078957619995,0.33116683410903575,0.19906505648617062,0.08334529350255264,-0.02181193146481318,-0.14700073127891797,0.10093357663734717,0.04748187180065473,0.056407575229464386,0.15099884498937252,0.11114756115063662,-0.059595814624211485,0.04481304546914618,-0.1486444002487715,0.40687470526725855,0.4470506222705185,0.28604965862259857,0.3558970468633602,0.23503099392423404,0.30125957667835346,0.2893950888127994,0.243409946760161,0.44658930145777376,0.2652082094601521,0.0066806088067851745,0.04882824513562832,0.17420840765724205,-0.02364354595097014
#26,-0.028776167141656244,0.14127010162726644,0.04731442943158441,-0.011283565360616189,0.1273758021856355,0.009158072430784793,1.0,0.0280312194588536,0.03222411306802261,0.03007128260854708,0.1120018589520158,0.027846691133755697,0.16498540859355246,0.05908323594338397,0.15399913886781622,0.16659832284255632,0.07992468510583041,0.0007620336388302271,0.19340277065862943,-0.010548869251430094,-0.038853464006725034,-0.03877486860899815,-0.12502477463623998,-0.23522919101415402,-0.13173955535508033,-0.11922921835168365,-0.15088266048838497,-0.07953854249960703,0.17506612264982674,0.04428338083229109,-0.05819476622994963,-0.05062568770973011,0.05928826741571498,-0.04885558266527245,-0.02373922730472461,-0.044297049597113156,-0.012722202858138723,0.1042516692979039,0.004736227010846165,0.05206774239845816,0.03889788749239675,0.080556865478851,0.0768970536977426,0.09939242340365913,-0.20399264620452573,-0.2097882024890821,-0.15860892980405825,-0.037790717541809335,-0.10235512817884213,-0.05534824595575421,0.0473110122403789,-0.049347658198866856,-0.10246447829741866,-0.04968596012821301,-0.22977193665894383,0.012636773078000806,-0.21770241732105877,-0.13139441904332316,-0.06779023913504056,-0.0840526520820946,-0.020530484762744414,0.01362092414518962,-0.08612688714384324,0.08237822839139142,0.002087903826570712,-0.06459516535788243,-0.009236667828511676,0.3590340283900245,0.10835913312693499,0.16507083837369035,0.1177871636629556,0.03956423977747251,-0.08555621621252195,0.18010989686916942,-0.2494993814883918,-0.06646095175609457,0.020540736336360964,-0.02574511854236292,0.2377237405941812,-0.01845624970099577,0.05083755356447214,0.16991641550311307,0.17259549340823815,0.05665703018746711,0.04513084425125923,0.038518579268584395,0.059455709784785295,-0.022984028048305415,-0.045862123169239814,0.024429499928238986,-0.09217531557760783,-0.07745063867303631,-0.266404226382083,-0.11544638768717665,-0.03982394630909178,-0.013692685160505471,-0.09290317730438288,-0.054746820303583264,0.13812286852698555,0.03331077987137692,0.041823003164319056,0.1190344384529692,-0.14460528024385078,-0.10262850347528346,0.05878594030850402,0.019549750886761117,0.1849930631018528,-0.034930528502791845,0.02303870310759368,0.1051708937321879,0.02449784375234932
#49,0.5938975799451882,0.2072560638057942,0.28681510945263433,0.3597926448376492,0.1835031677362475,0.10176053690908221,0.0280312194588536,1.0,0.3583471729577157,0.41348697024993336,0.39977036475098926,0.399100595274708,-0.060344179498219644,0.2538904721874808,0.09098955022929353,-0.023479520773105337,0.34018480170039433,0.10011686793922867,0.0686957948045025,0.15051018664698365,0.0880986064694264,0.13288089721772292,-0.11331747756613973,-0.0844012055850573,0.09552416295901421,-0.000919224434283996,0.3108584667746499,0.27796116703914053,0.29771594939823265,0.34261442464751674,0.22745508102160347,0.4552382123989366,-0.0023817822702451494,0.3133120100602109,0.354229457555068,0.3748761268188,0.41599860578598813,0.12648049808979012,0.3836856457466221,0.20086249906027243,0.1682283230475878,0.2249810345888094,0.0944614164940985,0.020335704864029962,-0.3091840430839467,-0.33290960162384925,0.16034828012766628,-0.12832919853197466,-0.02824991969600667,-0.2836063669106541,0.08142483204505224,-0.016395683404069192,0.03958474292470561,0.08494112179552894,0.10564588330975472,0.19745897661957776,-0.30151586601876723,-0.1783022027214511,-0.356477969368298,-0.505303480750962,-0.09432131165467232,-0.10267634415216069,0.1023107046931704,-0.1427531626104607,0.4228637429178712,0.22043275309426663,0.03804358969101757,-0.3121809197711849,0.13954783725968603,0.33724260007244444,0.22519631763475695,0.3961788967939912,0.08911351225746486,0.19935551773863955,0.08368017824069328,0.010036290570602588,-0.1013060504787485,-0.2128226682795809,-0.26046856525810047,-0.06720931663010273,-0.006482411716865206,-0.01462899555081705,-0.052689671197862206,0.042209145770542446,0.06353925327537777,-0.154467294062972,-0.15038375057237952,0.023301826830418468,0.20608055003109643,-0.17818260102925798,-0.053239838981950394,-0.26645548425016574,-0.2653619830644004,-0.2145586014119834,-0.4435104121816032,-0.2044778873557091,-0.0268659572577724,0.13768888524388492,0.08030399332964276,-0.07735495731928184,0.073910428584121,0.15801775572550386,0.47833842494822953,0.1416289067038457,0.05320908426110075,0.07149789159302619,0.028345601049761138,-0.07897470595069676,-0.04073291916975923,-0.3684928136468948,-0.42063231706066884
#50,0.24738072294097144,0.25484386853381996,0.02719059042229649,0.03701501513815704,0.12885886316882975,-0.004770398922901332,0.03222411306802261,0.3583471729577157,1.0,-0.04677451322111278,0.009448533683253713,0.2531352729310616,0.1744646969976558,0.26136728654515134,-0.043757133386641514,-0.2851782748651918,0.03628031902897095,0.18882373444323702,-0.26003458197499985,-0.27647127167353525,-0.04635419870283422,-0.2774895946527792,-0.08768512633355886,-0.10009978198320109,0.18502381782270244,-0.18050970824021487,-0.06201518599771732,-0.2596996972368592,0.03015329519747948,0.04506591761835442,0.034349605997854006,-0.015999289224229253,-0.17792972888004976,0.06952958945864857,0.0320600878901578,-0.016829666687169814,0.15711903443845296,0.06355292204019984,0.16086085880849377,0.03231296003936604,-0.028444699594721123,-0.019115767603660495,0.06122923202044847,-0.039297698863442206,0.05567629631148381,-0.2513002412536991,-0.15279970475467985,-0.3575578017892413,-0.23881382458874104,-0.33486765218461034,-0.24662552368455223,-0.2959014208681032,-0.28473745719968013,-0.011857653483142995,-0.10565955207457678,-0.09553783172383627,0.23474053267176512,0.19179669079203657,0.14146146433477538,-0.11192668074549443,0.3127379219376841,0.3063033508976961,0.13889515373943234,0.012137863161995366,-0.06930063764787894,-0.10538959396934096,0.35042612374332793,-0.019710358873420403,0.1645275049720132,0.17093473848235705,0.03488952220832565,0.13888148497461028,0.0023681135054230825,0.1484564547324681,0.17369582897641456,0.16858712812416707,0.32822463248108585,0.19679945871691304,0.06819346769729154,-0.09234617513788367,0.10301464608150684,-0.053072396612880074,-0.004227065521224174,0.25049378412919715,0.17101675107128944,0.3156186141239347,0.34906266445232675,-0.04156329663269979,0.11392915479192722,0.23111489280271189,0.1590053239838982,0.26433340851153986,0.038409229150007856,0.15770679132580184,0.163871404260554,0.08826946602970223,0.059383948769469445,0.1556735625585194,-0.09279724437701187,-0.11440414436949405,-0.24848789289155884,0.18413876530047363,0.22483067817576666,0.15441603619488925,-0.07943944395464704,-0.1439970202092688,-0.20391746799800436,0.25985347084110744,0.398492335240126,0.014936542759313555,0.17868834532767447
#51,0.44717705834512267,0.35057989734757616,0.5184596668922012,0.635877773904961,0.07706449606681293,0.3397474012260882,0.03007128260854708,0.41348697024993336,-0.04677451322111278,1.0,0.3580498773228357,0.1828504842159938,0.05034206083967222,0.1026797613433662,-0.07671935975505574,-0.039608663263144224,0.6691988053499546,0.26462045257280326,-0.001824780103745925,0.23740594181206814,-0.028205496210334954,-0.02084486635365195,0.047345184152434064,-0.023691386627847373,0.3636472365174721,0.19070318960627122,0.3276402927849425,0.2596791940896261,0.05174652642513959,0.05237187241574915,0.23102262864016293,0.25525734866968747,0.20041484701234974,0.2319794421777076,0.06312919033071576,0.12060976359871241,-0.03568231056800552,0.06776973598780746,0.03652635679576815,0.22530566775333347,0.049990090145504,0.011215221536505853,-0.3454062698624239,-0.18314436265966827,-0.4880500823543081,-0.303207375665498,0.3564677177946815,0.11827582200534449,0.1256774581564937,-0.10270368168180483,0.15554370929270978,-0.02620302216390216,0.17442027351198408,-0.0316500249454958,0.18077283196303967,0.309443749615566,-0.3001694926837936,-0.17419473889242,-0.328364737320512,-0.3433217832270587,-0.09542506441405423,-0.09790594522925936,-0.3152734778121775,-0.42505416248060746,0.3529753483826434,0.2843957380791285,-0.14434215652102597,-0.3332479035531954,0.147106664206289,0.353190631428591,0.40460569030679544,0.37911344391364077,0.1805780520643252,0.24596600578188751,0.20824704925539403,0.1531995161257253,0.009185409960428926,-0.13343106500181112,-0.21730602314121886,-0.19510111468777125,0.0059903361832707985,-0.12923133701023107,-0.04095503659811781,0.08348539834197882,-0.0913927787915445,-0.08053294514041238,-0.24493401403782147,-0.24303405572755418,-0.11419227851475201,-0.1442225548288329,-0.2810229703592835,-0.36315857817508324,-0.17720186715327468,-0.20231480532261703,-0.3276744646969977,0.18549539020906375,0.3216977972785489,0.3214449251293407,0.37741509988449895,0.0805773686260841,0.3099187391931328,0.22775921103889446,0.40148237754495314,0.15948373075267053,0.19134562155290838,0.16101804960394753,0.2623582719947512,0.038788537373820216,-0.0056793717835687775,-0.14614301628633328,-0.297480163205052
#52,0.25877363842016415,-0.005224885353235055,0.21795528947026702,0.2547413527976544,0.10198948871985183,0.2015322685365537,0.1120018589520158,0.39977036475098926,0.009448533683253713,0.3580498773228357,1.0,0.16222431809949495,0.03142107313472618,0.4567178561909253,0.00046815519515578974,0.04006656688468346,0.08583300870016881,0.0014386374975225364,0.1225917344979121,0.2103076155523206,-0.21822183038429732,-0.004319329683773126,-0.2575537011597947,-0.25980904735543575,-0.009445116492048196,-0.1391787806094902,-0.048226819483457375,0.10194506523418011,0.0819886685939625,0.05131254314203897,0.19033755014728093,0.1022491952514711,0.20667514130085635,0.09546265351731491,0.1212214408244999,0.22284529008536144,0.10775770747476404,0.06975170688700716,-0.11970762512045599,0.052593989844107736,0.10663345156814905,-0.018336648008802685,-0.11757188061700805,0.0231446360349647,-0.2880965561547031,-0.2561834074863825,0.14713741892713864,0.04779967058276779,0.053752417662777906,-0.2272705526965056,-0.016279498903081623,-0.07324749349025075,0.0021391616946534625,-0.21164373731367764,-0.16466760981143938,-0.0006800210498978259,-0.29483525721198206,-0.22604036386251955,-0.2791264292402217,-0.3053602061249735,-0.0717849356542896,0.007094088942652697,0.016846752643197398,-0.06335814214148539,0.16964645739787723,0.009246919402128226,-0.06020407465879346,-0.08108311292450057,0.15126196871219733,0.387963969135929,0.34090241185355286,0.26126135361778036,0.2226334242306194,0.19781778169615702,0.1309775217162501,0.24991627881546485,-0.011628701672373376,-0.08020147759347726,-0.21557350720002186,-0.08883330257861248,-0.06526151764295819,0.01700052624744565,-0.15171987233373657,0.13049569775627226,0.15182238806990206,-0.0952371188977508,-0.16534763086133722,-0.06211770173388282,-0.06899992482179348,-0.07856122581482924,-0.0887752103281187,-0.21881642165405724,-0.13457240686445368,-0.16055331159999728,-0.24452053390195394,-0.19327975177523082,-0.07741304956977563,0.16974555594283722,0.0880815205133988,0.0782673473711548,0.04925881122752342,0.043008768512633355,0.27058686841763546,0.19698056985080542,0.066245668710147,0.18324346120462826,0.18615149092052297,0.02567335752704707,-0.0012233544515749834,-0.14056616023893,-0.1655287419952296
#53,0.3109199762163492,0.0711083317955973,0.24654351109561984,0.26604542130550374,0.4607911481079012,0.3016217989461382,0.027846691133755697,0.399100595274708,0.2531352729310616,0.1828504842159938,0.16222431809949495,1.0,0.45562777219636547,0.3949828798720604,-0.10064994976728928,-0.16162972682973503,0.1476021569310889,-0.0006868554323088594,-0.14444125506598596,-0.1975034001052495,-0.29428508942789383,-0.263137391589609,-0.1528714657699957,-0.1905528331932285,0.01795733978499033,-0.26974282218987283,-0.038713359167298844,0.010108051585918439,0.3217524723378372,0.17917358647885784,0.2853012937485904,0.3536690381973633,-0.013846458764753723,0.3242265187706313,0.3239189715621348,0.23428262905022587,0.28402326423772717,0.11606489929537517,0.25566399442314397,-0.04263971186243755,0.1242900785270539,0.02036987677608513,-0.023335998742473635,-0.2059506967652868,-0.10676330483395868,-0.2513890882250425,0.07578646655594967,-0.19882243591057894,-0.10918951058987554,-0.3888353528933358,-0.16058748351205243,-0.21632870645644106,-0.2221447658882305,-0.062045940718566964,-0.11628018234132273,-0.11119540182751386,-0.06701453673138827,-0.14293085655314758,-0.09028560884095709,-0.2896342921971856,-0.05447002781593641,0.003447945926366364,0.2119000266540914,-0.015103985128383873,0.20442321229642083,-0.005378658957483307,0.18668798993978908,0.02689671197862205,-0.03550119943411314,0.13167804591338103,0.07079736739589527,0.0007688680212412605,0.14480006014256522,0.16013299708171871,0.2372897573110806,0.09922156384338329,-0.011379246714370655,-0.174915766236784,0.11637928088628272,-0.11418544413234098,0.4479254232191308,0.2887765772046009,0.38181302496599895,0.3905576172609162,0.4858767487475994,0.16737060805500312,0.11446565381119335,0.16696737949275214,-0.07027453714145121,0.036581031855056415,-0.0036939836931635674,0.1500727861726775,0.1597605232403174,0.0013771280558232356,-0.029814993268133326,-0.0575762546217511,-0.09768041060969526,0.11968028759081185,0.09245210806525468,-0.0670623774082655,-0.0889597386532166,0.01653237105228986,0.24098715819544966,0.009134152092346175,-0.02708807468613099,-0.027310192114489575,-0.108260034581975,-0.004493606435254478,0.08522133147438132,-0.2073585795419597,-0.24556619441084207
#54,0.1896746150534107,0.21546757427265084,0.3209699355517739,0.2708602437140768,0.32993664527504973,0.35402784327394254,0.16498540859355246,-0.060344179498219644,0.1744646969976558,0.05034206083967222,0.03142107313472618,0.45562777219636547,1.0,0.12420464874691599,-0.2343714760215693,-0.07622386703025581,0.0205270675715389,0.07265631941169637,-0.17240754789193474,-0.12668552956212112,-0.2903929086448103,-0.14424305797606599,-0.16906211770173388,-0.08430210704009732,0.060808917502169914,-0.14446517540442458,-0.15068104620725947,-0.17823044170613522,-0.0011960169219308496,-0.021723084493469748,0.07207881409796403,-0.14599949425570158,-0.10238588289969176,-0.004561950259364812,-0.21855671512243796,-0.16754488480648447,-0.2383183318639411,0.10797982490312263,-0.10606619782803327,-0.01664855555327743,-0.12302913497221823,-0.13029408347514676,-0.13212911515250925,-0.14705198914700074,0.09384973926831101,0.03327319076811624,-0.0364340926332192,-0.15944272445820434,-0.11227181705725162,-0.1974453078547557,-0.07922757809990501,-0.08257642548131137,-0.16854612182970086,0.04106780390789986,-0.04022375768013724,-0.0869777677540169,0.013197192435705548,0.0029661219663885074,0.12282068630868172,0.07124160225261245,0.13267928293659745,0.17721553591809677,-0.16663932913702253,-0.02713591536300822,0.00044423485671717274,0.13914119150622953,-0.11667657652116266,0.10173661657064359,0.03590442799636411,0.17972375426294604,0.24202256713072123,3.075472084965042e-05,0.2090979298655677,0.16005781887519735,0.10933303262050725,0.10578940534038642,0.09742753846048702,0.12765259467328235,0.056291390728476824,-0.03222069587681709,0.28886542417594435,0.43274625988422555,0.7363876188328242,0.5100533765266302,0.5580034035224407,0.28403693300254923,0.28185676501342954,-0.09001906792692678,-0.17234603845023544,0.08134965383853088,0.057244787074815985,0.07610768252926824,0.3108960558779106,0.09508676248470807,0.0888982292115173,0.052054073633636094,0.016392266212863674,0.28404035019375473,0.2231630888674745,0.15621347876899103,0.04674717569146864,0.05026004825073982,-0.07399927555546443,-0.0773276197896377,-0.17790922573281664,0.009940609216848119,-0.17385301977186832,0.17196331303521759,0.20381153507063335,0.0829694024699458,-0.007476814357670569
#58,0.14634804775866428,-0.006222705185245935,0.020964468045845036,0.08858043042940425,0.17343612244479528,0.0949295716892543,0.05908323594338397,0.2538904721874808,0.26136728654515134,0.1026797613433662,0.4567178561909253,0.3949828798720604,0.12420464874691599,1.0,-0.0030823064673760757,-0.21245019443817958,0.02367771786302531,-0.056684367717111245,-0.05606927330011823,0.000929476007900546,-0.2618661964611568,-0.31176402244411183,-0.17365823987315387,-0.3480648446203159,-0.10340420587893576,-0.3189947990349852,-0.1923366070025082,-0.07299803853224804,0.14489574149631967,-0.07384208476001067,-0.0004954927247999235,-0.012865724888770426,-0.0006150944169930084,0.11446565381119335,0.11278439573807914,0.216315037691619,0.22399346633041506,0.07379424408313343,0.029210150424756866,-0.1492355743273259,0.09319705574805733,0.02932291773453892,0.02673952118316828,-0.11513200609626911,-0.058088833302578614,-0.30011481762450537,-0.20117004626876892,-0.1261900368373212,-0.12471381023653798,-0.35067557870133065,-0.20076340051531244,-0.331320607713284,-0.2523390673801762,-0.2628093412338794,-0.32886023004531195,-0.2976305196180947,-0.025020674006793375,-0.11755479466098046,-0.15014454718799336,-0.3440428105714227,-0.030648787922279402,0.04861637928088628,0.3106295149638803,-0.05155858090883617,0.05951038484407357,-0.20143316999159372,0.4709470403706969,0.13211544638768719,0.2516214572270177,0.46635433539048243,0.13747018500673186,0.17537025266711773,0.19768109404793635,0.269783828484339,0.19140371380340215,0.2575981246454664,0.17523356501889706,-0.07440592130892092,0.09913271687203985,-0.1749499381488392,0.10483259180284174,0.05020195600024604,-0.08246365817152933,0.23289183222958057,0.3377961850477382,0.039471975614923556,0.07013784949323054,0.08152734778121776,-0.0072683656941340494,0.12531865307991444,-0.09045988559243844,0.08009896185731176,0.010306248675838408,-0.05443927309508676,0.0037520759436573516,-0.21282950266199194,-0.048059377114387056,0.037934239572441034,-0.13360875894449797,0.026520820946015215,-0.14470779598001626,-0.0072376109732843995,0.15606653954715383,0.16844360609353537,0.020609080160471298,-0.025218871096713346,0.008645493749957284,0.06499155953772237,0.13065972293413705,-0.21520103335862054,-0.10175370252667118
#101,-0.3192203336545493,-0.13565223928539696,-0.3344507548575373,-0.19280134500645849,-0.29604836008994045,-0.34399155270334,0.15399913886781622,0.09098955022929353,-0.043757133386641514,-0.07671935975505574,0.00046815519515578974,-0.10064994976728928,-0.2343714760215693,-0.0030823064673760757,1.0,0.5649471360520506,-0.011252810639766537,-0.26864248662169643,0.6409659716099755,0.17639541002877274,0.3078513385137952,0.20851359016942433,-0.11507391384577532,-0.1858917843889037,-0.12355879960907333,0.07599149802828067,-0.10739206801577375,-0.19365905999904318,0.42012315557104685,0.25814145804714356,-0.06616365612121461,0.07787095319131487,-0.3198764343660085,0.05882694660297022,0.10924418564916381,0.24259323806204253,0.4252967830561991,0.5662149139892974,0.2912847955494502,0.2577553154409202,0.026780527477634482,0.17152591256091143,0.1834177379561096,0.2907824684422392,-0.29383402018876564,-0.07127919135587313,-0.2374982059746171,-0.27692917529507444,-0.25937848126354063,-0.2621395717575981,-0.26288451944040075,-0.18741926885776966,-0.24295887752103282,-0.01158427818670166,0.12471381023653798,0.15688666543647783,-0.2858719646799117,-0.03017379834471258,-0.4318065323027085,-0.31100882318769263,-0.47806846684299376,-0.5077501896541119,0.1314832660146666,0.12276942844059896,0.18905952063641768,0.0865266985148887,0.11955043432500222,0.1899650763058796,0.6052665750859424,0.2165986645616769,0.11341657611109972,0.10884779146932387,0.08551520991805575,0.031612435842235116,0.001551404807304588,-0.17752308312659326,-0.2524347487339307,-0.4253343721594598,0.055249147410794223,0.10723146002911448,-0.06496422200807823,-0.2822394904284474,-0.12119410329485576,-0.1968541337762013,-0.23586137138717458,-0.4443852131302155,-0.39591577307116643,-0.17956998065869778,0.15750859423588187,-0.3948291062678121,-0.16695029353672455,-0.40429130871588786,-0.25449531503085726,-0.3879195456502573,-0.46634750100807143,-0.0795727144116622,0.07132019765033933,-0.35620801126306223,-0.218153486560187,-0.1111612299154587,-0.27022464614985064,-0.24520055495185178,-0.06870946356932456,-0.3752520178514069,-0.2753230954284816,-0.3855514321448342,-0.2407718751495021,-0.42689261134917544,-0.3179662244821247,-0.5467745132211128,-0.5099474435992591
#102,-0.1349243775586219,-0.10747408060470616,-0.1802739220470342,0.01809061024200548,-0.2593750640723351,-0.18926113491754318,0.16659832284255632,-0.023479520773105337,-0.2851782748651918,-0.039608663263144224,0.04006656688468346,-0.16162972682973503,-0.07622386703025581,-0.21245019443817958,0.5649471360520506,1.0,-0.15770679132580184,-0.3051620090350535,0.5258954749554057,0.3711343024487592,0.1567773153179013,0.40697722100342404,-0.289299407459045,-0.16985148887020823,-0.2279300705991703,0.03338937526910381,-0.21377606462592008,-0.09444433053807093,0.031800381358538535,0.015924111017707885,-0.0657740963237857,-0.007483648740081603,-0.10194848242538564,-0.08349564991559538,-0.19473889241998646,-0.07435808063204369,-0.07902938100998504,0.5439006554172732,-0.05852281658567923,0.24768827014946795,-0.22798474565845858,-0.0510323334631866,0.04136509954277982,0.36698583232526194,-0.25213061871663967,0.011919162924842297,-0.07379424408313343,-0.09980248634832113,-0.14760899131349994,-0.1403987178698597,-0.19344719414430114,-0.20450522488535325,-0.22470765929236805,-0.08956116430538755,-0.07282376178076667,0.12249263595295211,-0.45018760379718287,-0.2614151272220286,-0.15439211585645063,-0.31583389716988225,-0.20032941723221181,-0.32250425440305086,-0.10480867146440312,0.3655540292101504,0.097731668477778,0.08233380490571969,-0.21748713427511124,0.2937861795118884,0.2580081875901284,0.21579562462838045,0.042215980152953476,-0.017888995960879995,0.07971623644229389,-0.15325760837621907,-0.26399168939098816,-0.2983652157272808,-0.3806853518681784,-0.20923461751378836,0.08759627936221544,0.41175103711753086,-0.08279512571846445,-0.1288725319336518,0.0002699581052358204,-0.09530887991306665,-0.12343578072567472,-0.18030467676788386,-0.16302394084158586,-0.3564164599265987,-0.1608506072348772,-0.3984513289456598,-0.16600373157279644,-0.3870823338049057,-0.3619147205762751,-0.03901748918458983,-0.2022293755424791,-0.21880275288923517,-0.0477005720378078,-0.3047519460903915,-0.08219711725749902,-0.08959533621744271,-0.10621655424107601,-0.29593900997136396,-0.08328720125205885,-0.41065411874056,-0.12558177680273921,-0.22112644290898653,0.11269896595794121,-0.18030467676788386,-0.1766892884724472,-0.18038668935681626,-0.32465366767132087
#201,0.3731709484072472,0.30606073032210446,0.6480053854933399,0.5753969067585207,0.04152912472064462,0.29155475365468597,0.07992468510583041,0.34018480170039433,0.03628031902897095,0.6691988053499546,0.08583300870016881,0.1476021569310889,0.0205270675715389,0.02367771786302531,-0.011252810639766537,-0.15770679132580184,1.0,0.5635529220401998,0.1467341903648877,0.17263649970270437,0.10507521237843342,-0.10280278022676481,0.18406358709395226,0.16043029271659867,0.35250719318748763,0.33954920413616824,0.5345546374701851,0.3329779454479596,0.13523192476711843,0.1516481113184207,0.23421086803491004,0.28431030829899057,0.3069355312707167,0.3026093672045326,0.11519693272917393,0.04930665190440066,0.06414751330995974,-0.018876564219274326,0.19182402832168072,0.2289723139168529,0.11219322165952474,0.10965766578503133,-0.19962889303508088,-0.12276259405818793,-0.338271174625305,-0.2873447740894894,0.42802370163820147,0.22652902220490845,0.22466323580669634,0.06047403276402928,0.36884820153226855,0.08525550338643649,0.3236763509865431,0.21494816120941232,0.3703551828539014,0.4472966600373157,-0.3811261695336901,-0.23995516645138362,-0.35759880808370753,-0.3122766011249393,-0.2583157347986249,-0.2547071808855993,-0.2627375802185635,-0.3497802746054853,0.5348724362522981,0.26424456154019643,-0.01424627013579918,-0.3347548848748283,0.2788633055173969,0.29680014215515416,0.5236503803333812,0.5626063600762717,0.04146761527894532,0.33879058768854353,0.012055850573062965,-0.07323382472542869,-0.12742706005371823,-0.1864419521729919,-0.13382062479924,-0.19948537100444919,-0.1368414218249168,-0.15921718983864022,-0.07178151846308409,-0.09847661616058065,-0.20232505689623356,-0.32035825832598636,-0.41013128848611596,-0.10673938449552006,0.04149153561738393,-0.18412851372685707,-0.130546955624355,-0.3947846827821404,-0.14996343605410098,-0.2860940821082703,-0.34198566146570164,0.377845665976394,0.3458778422487852,0.5405313048886338,0.6214162207232143,0.21891893739022272,0.408709736944621,0.4975874630089052,0.3865663379328727,0.4529555286736514,0.4430354226040364,0.31863599395840597,0.317928635378864,-0.17191547235834034,-0.10806867187446606,-0.24592499948742133,-0.39383128643580123
