,#10,#11,#12,#13,#17,#18,#26,#49,#50,#51,#52,#53,#54,#58,#101,#102,#201,#202,#301,#302,#401,#402,#501,#502,#601,#602,#701,#702,#801,#802,#901,#902,#1001,#1002,#1101,#1102,#1201,#1202,#1301,#1302,#1401,#1402,#1501,#1502,#1601,#1602,#1701,#1702,#1801,#1802,#1901,#1902,#2001,#2002,#2101,#2102,#2201,#2202,#2301,#2302,#2401,#2402,#2501,#2502,#2601,#2602,#2701,#2702,#2801,#2802,#2901,#2902,#3001,#3002,#3101,#3102,#3201,#3202,#3301,#3302,#3401,#3402,#3455,#3501,#3502,#3601,#3602,#3701,#3702,#3801,#3802,#3901,#3902,#4001,#4002,#4101,#4102,#4201,#4202,#4301,#4302,#4401,#4402,#4501,#4502,#4601,#4602,#4701,#4702,#4801,#4802
#10,1.0,-0.15671238868499648,0.37065247848878136,0.3040480047020551,0.49378754638837064,0.349103670746793,0.20250958522133147,0.5081260806867187,-0.27353932161920186,0.3236182587360493,0.31549217804933055,0.4304191526732687,0.5698268850935285,0.32152352052706756,-0.3146139599095128,-0.2460001776939427,0.3019669352578954,-0.029367341220210636,-0.27167011802978425,-0.16669058700510528,0.03891497344842433,-0.231552293277018,0.09581804140268865,-0.25659005323983897,0.11164647106664206,0.12328884150383751,0.018015432035484114,-0.16969771526596,0.2663666372788223,0.37250801331337696,0.27183414320764904,0.3706798160184255,-0.10328118699553715,0.0010285745528605308,0.027337529644133707,0.5772182696710612,-0.20424893554493948,0.07140904462168277,0.10882045393967973,0.13413500639014755,-0.2669578113573767,-0.201897907995544,-0.32668006205619227,-0.150069368981472,0.14411320471025635,0.13155844422118795,0.061154053813927106,-0.2143740730868855,0.03836138847313063,-0.08309583854454992,0.21347876899104012,-0.2830732850825935,-0.03859375747510576,-0.4359891743382609,-0.03763352674635557,-0.14715792207437176,0.02646272869552143,-0.08584667746499088,0.24973858487277797,0.034223169923249884,0.11398041266000998,0.21456201860318894,0.1156001612914249,-0.06362468305551569,0.05301088717118078,0.05751816237125732,-0.01895515961700121,-0.12112917666195094,0.2160143248655335,0.3043179628072909,0.25039126839303166,0.17406830281781588,0.44940164981991404,0.4284884396421517,0.061799902951769764,0.30246242798269535,-0.2402148729830029,-0.22316650605868002,-0.1361477320101969,0.10534175329246373,-0.527809102030495,0.3037677950232027,0.5805226935667959,0.15873194868745685,0.3679460630540121,0.22710311032743527,0.003314675469351212,-0.024924992653038908,-0.005515346605703976,-0.09094512674362182,-0.19842945892194452,0.31722469399052755,0.1462899555081705,0.07183277633116683,0.193518955159617,-0.05774027979961591,0.023236900197513653,-0.3303262050724786,-0.00902480197376964,-0.18962677437653347,-0.12698624238820658,0.05753866551849042,0.1290160539642835,-0.3277667288595466,-0.36658260376301094,-0.2550967406830282,-0.3306508382370027,0.11747961645445909,0.0353713461683035,-0.10314108215611097,-0.013094676699540045
#11,-0.15671238868499648,1.0,0.06895550133612176,0.03731914515544803,-0.06114721943151607,-0.05660577231938436,0.08837198176586773,0.013443230202502751,0.3336579664978574,0.26430948817310124,0.002327107210956882,-0.052412878710215355,-0.10480867146440312,-0.1384782564123593,0.12342894634326369,0.10178445724752083,0.15570090008816354,0.09555150048865835,-0.06831306938948462,-0.04426287768505799,-0.04293359030611199,0.07311764022444112,0.01240440407602567,-0.0364340926332192,0.006513166437714856,-0.03917809717124912,0.025488829201949167,-0.03614363138075028,-0.18821205721744955,-0.1559811097670159,-0.06727424326300754,0.08418592253910975,0.0671238868499648,0.2365345580546614,-0.06340940000956813,-0.10075246550345478,0.09695938326533123,0.11721990992283983,-0.060330510733397576,-0.046815519515578975,0.006762621395717576,0.13619898987827964,0.04498732222062753,0.09728401642985532,0.04243126319890103,0.047492123374271285,-0.03632132532343715,-0.016064215857134072,0.010436101941648042,0.08093617370266336,-0.06878464177584592,-0.06335814214148539,0.12695207047615142,0.12120435486847231,0.03200199563966402,0.13323286791189115,0.1247787368694428,0.1620500413480136,0.02382123989365701,-0.10512647024651617,-0.15436136113560098,-0.17694216062165544,0.047085477620814796,0.07454944333955262,0.17937861795118884,-0.0009944026408053635,0.07597099488104757,0.10182888073319254,-0.02831142913770597,-0.05083071918206111,-0.02883425939215003,-0.04975772114352887,-0.05676638030604365,-0.013784949323054423,-0.05556694619290728,0.08083365796649786,-0.003967358989604904,-0.0318140501233606,0.009851762245504684,-0.02271065275186408,0.03892180783083537,-0.2016347842727192,-0.17216151012513753,-0.0938053157826393,-0.10486676371489691,-0.2608205359522687,-0.151193624888087,-0.09088361730192251,0.23943575338814507,0.015466207396168646,0.05167476540982374,-0.11688160799349367,-0.12367498411006089,-0.14596532234364643,-0.1366603106910244,0.06735967304314545,-0.014605075212378433,0.03421975273204437,0.09753005419665252,-0.034732331412871874,-0.10388944703011913,0.09916688878409502,0.1879591850682413,0.1034964700414847,0.22167661069307473,0.12830527819353604,0.12674703900382042,-0.1660994129265509,-0.07938476889535877,-0.017431092339340756,0.013344131657542765
#12,0.37065247848878136,0.06895550133612176,1.0,0.33904004264654625,0.2935333073626802,0.1797579261750012,0.18927138649115974,0.12218850593566112,-0.00705991703059753,0.5463644502764508,0.08815328152871466,0.0815786056493005,0.19241861959144063,-0.0013156186141239346,-0.1733575270470684,-0.12434133639513666,0.7039277195716209,0.4750579213909335,-0.3172110252257055,-0.23636028130318004,-0.0953396346339163,-0.38561294158653353,0.2090569235711015,-0.04752971247753197,0.0060962691106418165,0.07612476848529583,0.1950703599669216,0.012506919812191172,0.20394822271885402,0.2597065316192702,0.3806340940000957,0.2908132231630889,0.2633970981212283,0.2946097225924179,-0.2157648699075308,0.18906977221003424,-0.3318126832468784,-0.21677294131315825,-0.11587011939666073,0.04204853778388316,-0.21413828689370484,-0.26918240283216804,-0.5445430873639103,-0.4074692965370184,0.020328870481618928,-0.19794763496196666,0.07939843766018084,-0.28390707973673956,-0.057391726296653206,-0.09918739193132813,0.20154252011017024,-0.19788270832906185,0.2186455620937814,-0.08284980077775272,0.1560221160614821,0.00034171912055167133,0.10269001291698275,-0.23494898133530165,0.09158414149905343,-0.268758671122684,0.19295511861070674,0.18776782236073236,-0.01710304198361115,-0.07651432828272473,0.35054572543552104,0.345737737409359,-0.16623268338356603,-0.1357820925512066,0.21022218577218268,0.1786951797100855,0.47212938852780567,0.5298013245033113,0.29677963900792104,0.44441255065985963,-0.05036939836931636,0.20007654508300357,0.14801905425816198,0.034486293646074674,0.07204122499470335,-0.05296646368550906,-0.04895126401902692,-0.07167216834450754,0.09234617513788367,-0.018979079955439827,0.1373300801673057,0.12672653585658733,0.07587531352729311,-0.012961406242524894,-0.05123053055310657,-0.02814740395984117,-0.38708916818731676,0.048838496709244866,-0.0302387249776174,0.20231480532261703,0.13426144246475166,0.2926995127085341,0.12487100103199174,0.14071651665197274,0.3514752014434216,0.19522071637996433,0.24959506284214628,0.1709654932032067,0.24593525106103786,0.2877548370341514,0.2600448335486164,0.3188512770043535,0.2325501131090289,0.15948031356146503,0.13531735454725632,0.013743943028588222,-0.02864631387584661
#13,0.3040480047020551,0.03731914515544803,0.33904004264654625,1.0,0.21687203985811823,0.2555888162166226,-0.023920338438616993,0.2024514929708377,0.05975983980207628,0.3303227878812731,0.05505095032087425,0.11595896636800415,0.1490271256637894,0.23158304799786766,-0.1387823864296503,-0.06266445232676549,0.21607583430723282,-0.12446777246974078,-0.00409721225541454,-0.13008221762040473,-0.04900252188710967,-0.1479062869483799,0.21565551978895428,-0.12800456536745056,0.13769230243509045,0.2599457350036564,0.03897306569891812,0.08459256829256624,0.07547550215624765,0.24819401444788441,0.04656948174878177,0.008252516761322864,0.1629931861207362,0.15405039673589896,0.02657549600530348,0.11706955350979709,-0.026144929913408374,0.01532610255674246,-0.14546299523643547,-0.16978997942850893,0.12449852719059042,0.1433477538802206,-0.024907906697011324,-0.0253521415537285,-0.008686500044423486,-0.027146166936624774,0.08132573350009227,0.034007886877302336,-0.010466856662497694,-0.19375474135279766,0.2641317942304144,0.03204983631654126,0.18763796909492272,-0.12144355825285848,-0.004408176655116561,-0.11622550728203446,0.015852350002392032,-0.1514020735516235,-0.0037418243700408013,-0.17134138423581352,-0.0652820207901913,0.004141635741086257,0.1499463500980734,0.008471216998475932,0.05894313110395779,0.030802561526527654,-0.12345628387290783,-0.15549928580703803,0.06899650763058796,-0.1085265754960053,0.0739514348785872,-0.03982394630909178,0.09615292614082928,0.10881703674847422,-0.18867679522139982,-0.06293782762320684,-0.18431304205195498,-0.2334317484400522,-0.10509913271687205,-0.08645152030836734,-0.09201470759094854,0.17545568244725565,-0.10909041204491556,0.054610132655362596,0.17759484414190913,0.02355128178842119,0.059995625995256936,-0.025779290454418086,0.18022266417895147,0.11230598896930678,-0.019563419651583185,0.12405770952507876,0.06525810045175268,0.006557589923386573,0.06976537565182922,0.030874322541843507,-0.03877486860899815,0.160392703613338,0.07887219021453126,0.21811931464813183,0.14357670569099024,0.04591679822852808,0.01868520151176539,0.12028854762539383,0.05583006991573206,0.10069779044416652,-0.027170087275063388,-0.08657112200056041,0.034732331412871874,-0.12106083283784061,0.04310786705759334
#17,0.49378754638837064,-0.06114721943151607,0.2935333073626802,0.21687203985811823,1.0,0.6866128117332677,0.10903915417683281,0.3170914235335124,-0.1561246317976476,0.23161380271871732,-0.11827582200534449,0.765498670712621,0.7257977432869279,0.41608061837492055,-0.387447973263896,-0.3491412598500537,0.3074412755691332,-0.25504206562373993,-0.34261784183872224,-0.37833090712757744,-0.23637736725920763,-0.43656667965199325,0.42089202359228806,-0.14659750271666702,0.22895522796082532,-0.043948496094150455,-0.0378248894538645,-0.375887615415633,0.35607132361484156,0.45051565415291245,0.14207997594297392,0.022321092954435174,0.042113464416787975,0.15514731511286983,0.0011994341131363665,0.4546982961884649,-0.25463883706148893,-0.22632057354137194,0.03350214257888586,-0.02731702649690061,-0.06787908610638399,-0.18303842973229725,-0.359030611198819,-0.3258701877404848,0.3130864754406468,0.05507828785051839,-0.05531407404369904,-0.30350467130037795,0.03923277223053739,-0.24039256692568975,-0.022232245983091738,-0.08673514717842522,0.04010757317914967,-0.4004845577129423,-0.0521975956642678,-0.2761363869353946,0.23416986174044382,-0.057432732591119404,0.13067680889016464,0.02157614527163253,-0.029732980679200924,0.044355141847606944,-0.02631578947368421,-0.13359850737088144,-0.1491330585911604,0.06418168522201491,-0.3652430648104484,-0.23889925436887896,-0.027255517055201305,0.09999726624703559,0.18558081998920167,0.07729686506878806,0.40520028157655535,0.5590319780753013,0.04970988046665163,0.1525058263110054,-0.27962533915622717,-0.21650640039912794,-0.2940493032347132,-0.21430231207156966,-0.322524757550284,0.5102891627198108,0.37862820276245734,0.6254860954489847,0.7345970106411334,0.4430969320457357,0.21148312932701838,0.2224318099494939,-0.013398806716831033,-0.004568784641775846,-0.022536376000382725,0.6842481154190502,0.4728675018281973,0.08557330216854954,0.3614431481899138,-0.04433805589157936,-0.13123039386545834,0.18301450939385863,-0.0750586048291746,0.20532535077467726,0.060183571511560355,0.12174768827014947,-0.011638953245989927,0.08892898393236695,-0.26219082962568085,-0.12012793963873454,-0.12793963873454575,-0.07768984205742248,0.03399763530368578,-0.18512633355886796,-0.07528413944873871
#18,0.349103670746793,-0.05660577231938436,0.1797579261750012,0.2555888162166226,0.6866128117332677,1.0,0.04136509954277982,0.4020838031971241,-0.22572939946281753,0.20861268871438432,-0.0690443483074652,0.712757741646676,0.6925518900484557,0.36996220586526696,-0.37020824363206417,-0.3456283872907825,0.24110675988764274,-0.40274673829099433,-0.2607111858336921,-0.24586690723692753,-0.31352387591495295,-0.3207273149761822,0.4811678592663974,-0.09638529514280442,0.2942885066190994,0.10094382821096372,-0.14280442047854347,-0.2239661288007709,0.3302681128219848,0.45987534086482273,-0.04188109541481284,-0.1768943199447782,-0.01665880712689398,0.06486170627191273,0.11099378754638838,0.42133284125779974,-0.15180188492266897,-0.1294842091594393,0.058628749513050256,-0.12810366391241054,0.021630820330920796,-0.06637893916716216,-0.35579453112719467,-0.3204095161940691,0.16311962219534032,0.11892167114318715,-0.19279109343284195,-0.2664691530149878,-0.06251751310492827,-0.25102344876605226,-0.03933528796670289,0.09650147964379199,0.031998578448458506,-0.4512845221741537,-0.09974097690662183,-0.24823502074235063,0.27950232027282856,0.16263438104415695,0.11441097875190509,0.01949507582747285,-0.038764617035381595,-0.020154593730137577,0.053947197561492355,-0.08115829113102195,-0.2993835387065248,-0.020393797114523746,-0.31456270204143005,-0.32386429650284654,0.10424825210669837,0.18887157512011427,0.2224693990527546,0.02932291773453892,0.3551794367102017,0.3822094191458389,0.07287160245764392,0.09930357643231569,-0.2324886036673296,-0.09255120661021467,-0.252708124030372,-0.12716735352209899,-0.32164312221926067,0.4880774198839522,0.27281145989242683,0.588956321462011,0.6574470847941826,0.4116314354253378,0.21971856013231364,0.20653845365263568,0.02736486717377784,-0.011194718389272754,-0.08111045045414471,0.6782236073237242,0.4646628257437517,0.04661048804324797,0.2764678544823297,0.0043364156398007095,-0.050236127912301205,0.17296796724963948,-0.262925525734867,0.162648049808979,0.005190713441179888,0.043897238226067704,-0.2304041170319644,-0.05819476622994963,-0.401144075615607,-0.28459735236025396,-0.23400583656257903,-0.12878368496230838,0.052317197356460884,-0.20133748863783923,-0.137391589609005
#26,0.20250958522133147,0.08837198176586773,0.18927138649115974,-0.023920338438616993,0.10903915417683281,0.04136509954277982,1.0,0.16851878430005673,0.07134411798877795,0.4739199967194964,0.18474360814385007,0.1106110621313705,0.06965260834204717,0.010101217203507405,-0.07475447481188362,0.09273573493531256,0.08807810332219329,0.1913900450385801,-0.1667760167852432,0.13394706087384414,0.1629966033119417,0.1812068152461403,-0.25102003157484676,-0.057825709579753824,-0.37877514198429457,-0.19906163929496512,0.04897176716626002,0.07490483122492636,-0.17446811418886132,-0.006772872969334126,-0.012141280353200883,-0.02584763427852842,-0.12998653626665027,-0.12353829646184022,-0.1793478632303392,0.08311975888298855,-0.2718512291636766,-0.03625298149932681,-0.18402258079948605,-0.036748474224126734,-0.25831915198983046,-0.03785222698350864,-0.13147984882346106,0.05284686199331597,0.09377797825299516,0.07192504049371579,0.003755493134862868,-0.08569290386074263,0.07901229505395745,0.3553878853737382,0.11666974213875163,0.11791359973755972,0.17332677232621874,0.12520246857892686,0.12636089639759704,0.25295757898837473,0.05657843478974023,0.21218023633294378,-0.1629350938702424,0.0682276396093467,-0.011902076968814713,-0.003717904031602184,-0.23042462017919751,-0.085563050594933,0.1265180871930508,0.10072854516501617,-0.06413384454513768,0.24531332226163383,0.07238977849766606,-0.10670862977467041,0.18502040063149694,0.07295361504657631,0.16529295580204895,0.09452976031820884,0.06148552136086222,0.2876933275924521,-0.0679405955480833,-0.15941880411976572,0.07985634128172008,0.07886535583212023,0.10898789630875005,0.08620889973277565,0.15018213629125404,0.09583854454992174,0.08963634251190891,0.0026517403754809698,-0.13076223867030257,0.04042878915246824,-0.013456898967324818,-0.10906649170647695,-0.029931177769120892,-0.10964399702020927,0.12127953307499367,-0.2613160286770686,-0.19250746656278406,0.04781675653879537,-0.09115699259836385,-0.10209883883842837,-0.10367074679296605,0.07214032353966333,-0.05066327681299079,-0.19887027658745618,-0.06063464075068856,-0.06602013409058291,-0.10512647024651617,-0.11255544392730951,-0.16511526185936207,-0.065630574293154,-0.07170975744776824,-0.257622044983905,-0.28156972095216615
#49,0.5081260806867187,0.013443230202502751,0.12218850593566112,0.2024514929708377,0.3170914235335124,0.4020838031971241,0.16851878430005673,1.0,0.08358107969573329,0.30835366562100613,0.30214462920058227,0.4483115658253542,0.5129887437721691,0.3661383689062938,0.015746417075021016,0.06449606681292246,0.30135867522331344,-0.1701932079907599,-0.11103821103206009,-0.06799868779857708,0.022970359283483347,-0.1748064161182075,0.10763468859136543,-0.12597133660016813,0.2021507801447522,0.05810933644981171,-0.1756094560515039,-0.2623035969354629,0.19265440578462129,0.24908590135252429,-0.13706353925327538,-0.07279984144232807,-0.1689459332007463,-0.1799595404561267,0.027340946835339226,0.4477101401731832,-0.09537038935476595,0.03864843253439403,0.023722141348697025,-0.30697995475638845,0.019177277045359795,0.0453290413411792,-0.07769667643983351,-0.0440817665511656,0.1743211749670241,0.13779481817125597,-0.26335267463555656,-0.24200889836589917,-0.22854858220736884,-0.13535494365051703,-0.0780623158988238,-0.024333818574484516,-0.09441699300842679,-0.43883911180366186,-0.13075540428789154,-0.11807762491542452,-0.07610768252926824,0.10861200527614322,0.05157908405606927,-0.1566542964345027,-0.16360828053772922,-0.040285267121836534,0.2012042181808241,0.1362912540408286,-0.013624341336395137,-0.0035607132361484156,0.08866927740074768,0.0366801304000164,0.33272507329875134,0.24273676009267423,0.3882407616235759,0.07872183380148853,0.3959977856600988,0.2693156732891832,-0.039092667391111204,0.21419637914419865,-0.2065657911822798,-0.2019184111427771,0.038344302517103045,0.11900710092332506,-0.1894285772866135,0.3846800483874275,0.2538494658930146,0.3647851611889092,0.4942967078779926,0.1666154087985839,-0.019949562257806572,0.221943151607105,0.03294855760359215,-0.12029538200780486,0.0007210273443640265,0.24530990507042832,0.1556496422200808,-0.1685973796977836,-0.08954749554056547,0.001264360746041184,-0.027176921657474422,-0.10935695295894586,-0.09987083017243147,-0.11372412331959622,-0.1720692459625886,-0.0949705779837205,-0.0652410144957251,-0.2144800060142565,-0.35509400693006377,-0.33034329102850624,-0.40198812184336963,-0.1609702089270703,-0.14266773283032277,-0.3239463090917789,-0.32749335356310527
#50,-0.27353932161920186,0.3336579664978574,-0.00705991703059753,0.05975983980207628,-0.1561246317976476,-0.22572939946281753,0.07134411798877795,0.08358107969573329,1.0,-0.042769565128247186,-0.0499080775565716,-0.17631339743984034,-0.12180919771184877,0.026021911030009774,0.14726727219294827,0.17238704474470165,0.041023380422228146,-0.014218932606155045,0.13478427271919574,-0.029972184063587093,-0.03349872538768034,-0.13300391610112153,-0.11515934362591325,-0.0376608642759997,-0.009058973885824807,-0.13662955597017476,-0.0846848324551152,-0.17651501172096584,-0.12346995263772989,-0.12578680827507022,-0.11195060108393305,0.042834491761152005,0.038330633752280976,-0.038744113888148496,-0.13814678886542417,-0.15809635112323076,0.07225992523185643,-0.10935353576774035,-0.1399681517779646,-0.2549361326963689,0.11964611567875669,0.27195374489984214,0.2349831532473568,0.03722346380169356,0.15901899274872025,-0.0025833965513706353,-0.1001442054688728,0.03105885086694141,-0.08237822839139142,0.004804570834956499,-0.04290966996767337,-0.05233428331248847,0.06268153828279308,-0.044317552744346254,-0.14536731388268098,-0.11008481468572093,0.020216103171836877,0.08126764124959848,0.10924760284036933,-0.09386340803313309,-0.15625448506345724,-0.20118029784238547,0.18447706722981977,0.09885934157559852,0.03130488863373861,-0.15143624546367868,0.22609845611301335,0.23900860448745548,0.00560419357704741,-0.1437783199721157,-0.07704741011078534,-0.1833562285144103,-0.10951072656319412,-0.04178199686985286,-0.09275623808254567,0.06070640176600441,-0.028752246803217626,-0.012421490032053253,0.21266206029292162,-0.09545923632610939,0.30553448287645485,-0.06432520725264662,-0.16611649888257848,-0.14787553222753025,-0.0085463952049973,-0.16686144656538113,-0.12542458600728545,0.08342730609148505,0.25785441398588016,0.24649908760994813,0.19890444849951133,-0.1304034335937233,-0.08796875320361676,-0.08684791448820728,-0.13354383231159317,-0.14286592992024275,-0.17986727629357774,0.23846527108577834,0.09242477053561055,0.10021254929298314,-0.06997382431536574,-0.13286039407048983,0.205680738660051,0.14904079442861146,0.33477197083085586,0.19962889303508088,0.14421230325521633,-0.1207942919238103,-0.20434461689869396,-0.09034028390024536,0.016511867905056758
#51,0.3236182587360493,0.26430948817310124,0.5463644502764508,0.3303227878812731,0.23161380271871732,0.20861268871438432,0.4739199967194964,0.30835366562100613,-0.042769565128247186,1.0,0.19676186961365236,0.2243283510685557,0.20937130516200902,0.16502299769681314,-0.08760653093583198,0.02079702567677472,0.5204177174529624,0.2565114578421121,-0.18210553653319117,-0.05036598117811084,0.009609141669912998,-0.10587141792931881,0.12619345402852672,-0.0496415366425413,-0.10733397576527998,-0.034247090261688505,0.03548069628688003,0.009216164681278576,0.1190754447474354,0.18167838763250158,0.08833097547140152,0.0902890260321626,0.14979941087623616,0.133000498909916,-0.05680396940930433,0.1279088840136961,-0.20156644044860886,-0.09207963422385336,-0.1887929797223874,-0.18557740279799617,-0.08338288260581332,-0.002566310595343052,-0.25820296748884286,-0.14938593074036866,-0.014622161168406016,0.0242893950888128,-0.09803921568627451,-0.19731203739774056,-0.1987130857920024,0.013467150540941367,0.05074870659312871,0.06267812109158756,0.1442840642705322,-0.020595411395649233,0.11603756176573105,0.1034759668942516,0.03294855760359215,-0.0034274427791332637,-0.01493995995051907,-0.1794332930104771,-0.08700168809245552,-0.10639766537496839,-0.11887041327510439,-0.0998981677020756,0.24294862594741626,0.17731805165426226,-0.20239681791154943,-0.05627430477244924,0.19677212118726892,0.014041238663468176,0.47876899104012466,0.4223545814282492,0.2640361128766599,0.21593914665901215,-0.1812717418790451,0.07958980036768977,-0.1341213376253255,-0.2469672428051039,-0.027627990896602627,-0.00633205530382247,-0.013959226074535775,0.061567533949794626,0.051350132245299655,0.18116239176046856,0.1473492847818807,0.042332164653941046,-0.0902070134432302,0.02149071549149461,-0.005019853880904052,-0.1313226580280073,-0.21244677724697408,-0.006219287994040418,0.12433791920393114,-0.0661431529739815,0.01896541119061776,0.28533546566064555,0.04807646307041464,-0.005272726030112289,0.1077474559011475,0.14448226136045217,0.10833179559729085,0.1297063265877979,0.01126989659579412,0.14404486088614601,-0.03843656667965199,0.00879585016300002,-0.06169397002439875,-0.1686383859922498,-0.13199584469549408,-0.22674088805965048,-0.16703230612565695
#52,0.31549217804933055,0.002327107210956882,0.08815328152871466,0.05505095032087425,-0.11827582200534449,-0.0690443483074652,0.18474360814385007,0.30214462920058227,-0.0499080775565716,0.19676186961365236,1.0,-0.039048243905439484,-0.0737464034062562,0.1153746266718608,0.30910203049501433,0.1990377189565265,0.046261934540285266,0.02499675366835476,0.273672592076217,0.3581079695733295,0.24150998844989371,0.22965575215795625,-0.1687409017284153,0.006748952630895509,-0.13971527962875635,0.08957483307020961,-0.056493005009602304,-0.08707686629897689,0.04733493257881752,0.011563775039468559,-0.14331699915937096,0.08325302934000368,-0.15565647660249182,-0.025543504261237433,0.04680185075075691,0.2020858535118474,0.1619304396558205,0.37198518305893286,0.13558731265249216,0.09115699259836385,0.033867782037876146,0.04787484878928915,0.12239353740799212,0.28306303350897694,0.012380483737587053,0.2165371551199776,-0.060002460377667974,0.01921486614862048,-0.11777691208933905,0.02102597748754434,-0.10671546415708144,-0.1021056732208394,-0.18024316732618456,-0.07374298621505068,-0.06390147554316254,0.19944436470998297,-0.06687443189196209,0.15397180133817207,-0.01193624888086988,0.11178657590606825,-0.1185047738161141,-0.14877083632337565,0.11812546559230175,0.15434769237077892,-0.04696929311982723,0.01452647981465155,0.15032565832188574,0.16934574457179177,0.3099973345908597,0.3328378406085334,0.21743245921582297,0.28656223730342606,-0.014372706210403296,0.053000635597564225,-0.054107805548151644,0.08234747367054177,-0.19739746717787848,-0.26970865027781765,0.20569782461607858,0.3288158065596402,-0.17436559845269584,-0.044806211086735145,-0.002706415434769237,-0.18374920550304472,-0.11660481550584681,-0.3542909669967673,-0.3812081821226225,-0.11008139749451541,0.056588686363356774,-0.06114721943151607,-0.05866633861631094,-0.20918677683691114,-0.13229314033037404,-0.28394125164879475,-0.24321174967024106,-0.09877732898666612,0.15143624546367868,-0.4926598732905501,-0.1564697681094048,-0.384577532651262,-0.20372952248170095,-0.35864788578380113,-0.08801659388049399,-0.33489840690545997,-0.16740136277585277,-0.2226129210833863,-0.32317060668812664,-0.0735652922723638,-0.21778101271878567,-0.1863018473335657,-0.13101511081951078
#53,0.4304191526732687,-0.052412878710215355,0.0815786056493005,0.11595896636800415,0.765498670712621,0.712757741646676,0.1106110621313705,0.4483115658253542,-0.17631339743984034,0.2243283510685557,-0.039048243905439484,1.0,0.8059889693067885,0.46936146365133713,-0.40322172786856114,-0.2795364921848837,0.1927637559031978,-0.34485268488713017,-0.44871137719639964,-0.38016252161373437,-0.10640108256617391,-0.3430347391657953,0.3690669017694216,-0.218973612449511,0.2654474128445383,-0.0663652704023401,-0.039085833008700166,-0.3344917611520035,0.2841975409892085,0.31965773412885545,-0.04915971268256344,-0.1369234344138492,-0.1316917146782031,-0.03682706962185362,-0.018592937349216437,0.40397009274256934,-0.26914139653770186,-0.2449237624642049,-0.05138088696614931,-0.22604036386251955,-0.095787286681839,-0.2700264490599307,-0.4045988559243844,-0.3407862273525653,0.22133489157252306,-0.016436689698535394,-0.2175828156288657,-0.33065425542820825,0.017622455046849693,-0.1168269329342054,-0.02126518087193051,0.16902794578967872,0.12071911371728894,-0.3337502306604064,0.09214114366555266,-0.2143911590429131,0.3653626665026415,0.16122308107627853,0.07678086919675503,-0.03312625154627902,-0.11470827438678503,0.007357212665477484,-0.1236339778155947,-0.0896329253207034,-0.1899206528202079,-0.027665579999863313,-0.36956922887663257,-0.23145319473205803,-0.024545684429226552,0.13108345464362112,0.22846998680964195,0.0292784942488672,0.44100219383675393,0.4691427634141841,0.16265488419139004,0.2504083543490592,-0.2791093432841941,-0.13938722927302674,-0.36875593736971957,-0.2989324694673966,-0.3781839679057402,0.6157778552341118,0.4501773522235663,0.7768505798973476,0.7604753996405115,0.537736042482521,0.25114988484065637,0.15043159124925676,-0.1937854960736473,-0.1086085880849377,-0.07322015596060662,0.6708014680253419,0.38076736445711085,0.010073879673863272,0.3475522659394884,-0.000656100711459209,-0.10886487742535146,0.12965848591092066,-0.20628558150342743,0.16752096446804585,-0.02914522379185205,0.027956041252332232,-0.22693908514957045,-0.04920413616823516,-0.5286770685966963,-0.3375979879578182,-0.33935100704624827,-0.1442225548288329,-0.09995625995256939,-0.2489287105570705,-0.17069211790676536
#54,0.5698268850935285,-0.10480867146440312,0.19241861959144063,0.1490271256637894,0.7257977432869279,0.6925518900484557,0.06965260834204717,0.5129887437721691,-0.12180919771184877,0.20937130516200902,-0.0737464034062562,0.8059889693067885,1.0,0.5848146857209249,-0.3065186339436437,-0.3166847777800559,0.3046665163102536,-0.33313513624341334,-0.35607815799725256,-0.34802042113464415,-0.2671970147417629,-0.447245402169233,0.3033338117401021,-0.22478967188130045,0.2880350467130038,0.08228596422884246,-0.14752356153336205,-0.33568777807393435,0.45894928204812774,0.43691523315495595,0.05340044696860968,0.0036290570602587496,-0.13969135929031773,0.030768389614472487,0.13707037363568642,0.5430805295279492,-0.1711124324250439,-0.1473732051203193,0.10277544269712068,-0.17703442478420436,-0.042988265365400256,-0.1954838401027891,-0.2969744189066355,-0.3169239811644421,0.19988518237549463,0.001096918376970865,-0.2127577416466761,-0.3374818034568306,-0.06584244014789603,-0.28451192258011604,0.02915205817426308,0.040046063737450364,0.0059971705656818326,-0.43586957264606785,-0.01755069403153384,-0.27296865068788057,0.2339204067824411,0.014676836227694284,0.2023934007203439,-0.004479937670432412,-0.07301854167948113,0.05151415742316445,0.021883692480129033,-0.12337427128397542,-0.24337235765690032,0.0892672858617131,-0.27365550612018946,-0.19134903874411388,0.22593784812635406,0.27833364088054185,0.339904592021542,0.03124679638324483,0.5513774697749438,0.49583786111168066,0.18469576746697286,0.2834184213943507,-0.2932189257717726,-0.17067503195073777,-0.28132368318536893,-0.1835646771779468,-0.5421100472255824,0.637186558136674,0.5744571791770037,0.6484769578797012,0.7110183913230681,0.4822545260697517,0.1924801290331399,0.24433258838565053,-0.036355497235492314,-0.1951318694086209,-0.02438165925136175,0.6353925327537777,0.3533478222240447,0.017687381679754508,0.23456967311148927,-0.035439689992413835,-0.06135908528625811,0.14024494426561143,-0.1809881150089872,0.12387318119998086,-0.011027276020202434,0.049945666659832286,-0.1184637675216479,-0.16358094300808507,-0.49220538686021637,-0.299226347911071,-0.33765266301710645,-0.08572365858159227,-0.03407281351020715,-0.23889583717767343,-0.1461464334775388
#58,0.32152352052706756,-0.1384782564123593,-0.0013156186141239346,0.23158304799786766,0.41608061837492055,0.36996220586526696,0.010101217203507405,0.3661383689062938,0.026021911030009774,0.16502299769681314,0.1153746266718608,0.46936146365133713,0.5848146857209249,1.0,-0.09929332485869914,-0.1422815902240994,0.10148374442143536,-0.4657904988415722,-0.10217743423615525,-0.16868622666912705,-0.32526192770590284,-0.2432014980966245,0.18971903853908242,-0.083929633198696,0.1424456154019642,0.1588002925115672,-0.3043350487633185,-0.18351341930986406,0.28428638796055195,0.39375952542048537,-0.1290297227291056,-0.041166902452859845,-0.13739842399141602,0.04000847463418968,0.20825046644659956,0.4760318208845058,0.014000232369001974,0.07835619434249824,0.008522474866558683,-0.20702027761261355,0.19528906020407466,0.14210389628141254,0.09586588207956588,0.03782147226265899,0.0031164783794312427,0.08925703428809656,-0.1491535617383935,-0.056291390728476824,-0.23672592076217033,-0.2278275548630048,-0.015291930644687294,0.13239565606653955,-0.1052324031738872,-0.25419118501356625,-0.21811248026572078,-0.186363356775265,0.11294500372473841,0.07871841661028302,0.12583464895194746,0.15380777616030727,-0.11623917604685653,-0.031684196857550966,0.14856922204225015,0.059113990664233625,-0.4431003492369412,-0.0984868677341972,-0.041843506311552155,0.02864289668464109,0.29687190317047,0.2718751495021152,0.2553872019354971,-0.11361477320101969,0.28270764562360323,0.21636629555970174,0.06918103595568587,0.14183735536738223,-0.2252714958412783,-0.12623787751419843,-0.09196686691407131,0.002251929004435514,-0.3640914713741893,0.5645917481666769,0.29726829735030996,0.3208503338595808,0.3618292907961372,0.24265474750374183,0.05049583444392047,0.2922381918957893,0.2115548903423342,-0.21563159945051566,0.15861576418646928,0.34869360780213093,0.27046384953423686,0.0044389313759662105,0.14653941046617322,-0.18847859813147985,-0.10409106131124461,0.05293912615586493,-0.3403864159815198,0.049778224290761966,-0.08702902562209966,-0.16955077604412278,-0.22863742917871227,-0.16541255749424202,-0.3119280476219766,-0.25165221194786735,-0.33167257840745223,-0.033204846944005904,-0.2001004654214422,-0.1833152222199441,-0.04388015227004012
#101,-0.3146139599095128,0.12342894634326369,-0.1733575270470684,-0.1387823864296503,-0.387447973263896,-0.37020824363206417,-0.07475447481188362,0.015746417075021016,0.14726727219294827,-0.08760653093583198,0.30910203049501433,-0.40322172786856114,-0.3065186339436437,-0.09929332485869914,1.0,0.5357745747305545,-0.009633062008351616,0.01806327271236135,0.4243297179450379,0.24553543968999242,0.3000123018883399,0.16898010511280148,-0.324072745166383,0.00011276730978205155,-0.09979223477470459,-0.18787375528810338,-0.07257772401396947,-0.010996521299352784,-0.15640142428529447,-0.365260150766476,-0.2363705328767966,-0.03935579111393599,-0.11967345320840082,-0.13431270033283443,-0.12009376772667937,-0.2734197199270088,0.17888995960879994,0.18985230899609756,-0.04105755233428331,-0.15317217859608118,0.2070339463774356,0.12658984820836666,0.41131021945201923,0.3784846807318257,-0.0973011023858829,-0.09851078807263582,-0.06400399127932804,0.10826686896438603,-0.13409400009568134,-0.15664746205209165,-0.217545226525605,-0.07075294391022355,-0.23754946384269984,0.14752014434215652,-0.08321885742794852,-0.03365591618313411,-0.30129374859040864,-0.2552026736103992,-0.11221714199796336,-0.0851974111359427,-0.23773740935900328,-0.2934034540968705,0.06155044799376704,0.35454042195477004,0.021101155694065704,-0.07577963217353864,0.23824998803983077,0.43280093494351385,0.2558792774690915,0.09134493811466726,0.07022669646457398,0.12869142079975943,-0.10182204635078151,-0.21792111755821186,-0.1565927869928034,-0.059011474928068124,-0.03383361012582098,-0.09598548377175896,0.4312119410329486,0.23544789125130708,0.07740279799615908,-0.15613830056246966,-0.2886535583212023,-0.2777903074788647,-0.33192886774786595,-0.48285936891312814,-0.3102843786521231,0.0968090268522885,0.02759381898454746,-0.03642384105960265,0.11216930132108612,-0.4763291165193857,-0.3503031048599293,-0.27426718334597694,-0.3756689151784799,0.012947737477702828,-0.012322391487093269,-0.14514519645432242,-0.04277639951065822,-0.2563645186202749,-0.1605396428351752,-0.21185218597721417,0.01918411142777083,-0.010747066341350064,0.18016115473725217,0.07482623582719948,5.12578680827507e-05,-0.21287734333886918,-0.16161947525611847,-0.12538016252161374,-0.035678893376800004
#102,-0.2460001776939427,0.10178445724752083,-0.12434133639513666,-0.06266445232676549,-0.3491412598500537,-0.3456283872907825,0.09273573493531256,0.06449606681292246,0.17238704474470165,0.02079702567677472,0.1990377189565265,-0.2795364921848837,-0.3166847777800559,-0.1422815902240994,0.5357745747305545,1.0,-0.24183462161441782,-0.050037930822381234,0.20788140979640374,0.21658841298806034,0.40005740881225266,0.4142968445656408,-0.37185874698432875,-0.1955829386477491,-0.2592076217032648,-0.2822429076196529,0.01862369207006609,0.016638303979660877,-0.44782974186537633,-0.41822661445198506,-0.2558997806163246,-0.22609503892180782,-0.20495629412448144,-0.3015637066956445,-0.2304656264736637,-0.3478427271919573,-0.08851550379649943,0.017287570308709053,-0.2766489656162221,-0.3371674218659231,0.12776194479185887,0.0660816435322822,0.3285424312631989,0.3562045940718567,0.07712942269971775,-0.07961030351492288,-0.3096146091758418,0.05133646348047759,-0.06534011304068507,0.2087459591713995,-0.026199604972696643,0.08234405647933625,0.14659750271666702,0.17552744346257151,0.03130830582494413,-0.0787560057135437,-0.024525181281993453,0.0009499791551336464,-0.1742391623780917,-0.19839186981868384,-0.268553639650353,-0.20935763639718696,-0.19475597837601405,0.3396653886371558,0.23504124549785058,0.06705554302585447,0.053998455429575105,0.32295190645097355,-0.06251409591372276,-0.08756210745016027,0.04782017373000089,0.11841250965356516,-0.057921390933508295,-0.08318468551589335,-0.22538768034226586,0.07971623644229389,-0.07848263041710236,-0.08281562886569756,0.23685235683677444,-0.03288363097068733,0.21822866476670835,-0.04086277243556886,-0.2082367976817775,-0.13902500700524198,-0.2510781238253405,-0.4093419173176416,-0.3177851133482323,0.10133338800839262,-0.08189982162261908,-0.08479076538248621,0.15097492465093393,-0.3825887273696512,-0.294312426957538,-0.4962718443947813,-0.45891169294486706,-0.051151935155379684,-0.08246707536273484,-0.02125151210710844,-0.058205017803566184,-0.14916039612080453,-0.24787963285697687,-0.15367450570329214,-0.021343776269657392,0.020376711158496163,0.01612572529883337,-0.07758732632125698,-0.12425932380620425,-0.21084411457158675,-0.12484366350234762,-0.3412099590620494,-0.22477600311647838
#201,0.3019669352578954,0.15570090008816354,0.7039277195716209,0.21607583430723282,0.3074412755691332,0.24110675988764274,0.08807810332219329,0.30135867522331344,0.041023380422228146,0.5204177174529624,0.046261934540285266,0.1927637559031978,0.3046665163102536,0.10148374442143536,-0.009633062008351616,-0.24183462161441782,1.0,0.41595418230031644,-0.26544399565333276,-0.27733240385732544,-0.11576418646928971,-0.576377640634504,0.23095086762484707,-0.05488009076059842,0.11569584264517936,0.053882270928587536,0.20731073886508244,-0.05420348690190611,0.4210218768580977,0.2196467991169978,0.25743751665880715,0.23013074173552306,0.25867453987520417,0.3336477149242409,-0.03177646102009992,0.1288862006984739,-0.18104279006827548,-0.2454944333955262,-0.06811828949077017,-0.0685146836706101,-0.06134541652143604,-0.2044163779140098,-0.4805254273197602,-0.4748733930658356,-0.2008385787218338,-0.35311203603086405,0.11224789671881301,-0.3173101237706655,-0.07929250473280983,-0.3483860605936345,0.1458798925635085,-0.11997074884328078,0.0073196235622168,-0.05891237638310814,0.23717357281009302,0.07204805937711439,-0.07466221064933468,-0.32319794421777076,-0.050352312413288774,-0.44781949029175977,0.14012192538221283,0.1614622844606647,-0.034274427791332635,-0.10634299031568012,0.23432363534469208,0.2040028977781423,-0.11131158632850142,-0.15102959971022217,0.3656326246078773,0.16058748351205243,0.5397624368673924,0.44886173360944237,0.44619632446913937,0.42357110149741317,0.01873645937984814,0.15586150807482282,0.20731073886508244,0.016908262084896698,0.09445116492048196,-0.08050560761076825,-0.05660918951058987,-0.03435302318905952,0.07587531352729311,0.11119198463630833,0.21041013128848612,0.24452053390195394,0.20653161927022465,-0.09039495895953362,-0.0461867563337639,-0.12976100164708615,-0.4933296427668314,0.03439402948352572,-0.10969525488829202,0.24967024104866764,0.14051490237084727,0.42795877500529667,0.16563467492260062,0.17807666810188696,0.29164701781723495,0.24938319698740424,0.24668361593504604,0.22109227099693135,0.14905788038463905,0.20403706969019744,0.14956020749185,0.26004141635741085,0.20221228958645152,0.11777007770692802,0.06178281699574218,0.050673528386607346,-0.025444405716277447
