,#10,#11,#12,#13,#17,#18,#26,#49,#50,#51,#52,#53,#54,#58,#101,#102,#201,#202,#301,#302,#401,#402,#501,#502,#601,#602,#701,#702,#801,#802,#901,#902,#1001,#1002,#1101,#1102,#1201,#1202,#1301,#1302,#1401,#1402,#1501,#1502,#1601,#1602,#1701,#1702,#1801,#1802,#1901,#1902,#2001,#2002,#2101,#2102,#2201,#2202,#2301,#2302,#2401,#2402,#2501,#2502,#2601,#2602,#2701,#2702,#2801,#2802,#2901,#2902,#3001,#3002,#3101,#3102,#3201,#3202,#3301,#3302,#3401,#3402,#3455,#3501,#3502,#3601,#3602,#3701,#3702,#3801,#3802,#3901,#3902,#4001,#4002,#4101,#4102,#4201,#4202,#4301,#4302,#4401,#4402,#4501,#4502,#4601,#4602,#4701,#4702,#4801,#4802
#10,1.0,0.17166601740033763,0.5361299626159282,0.5542581619611944,0.06713413842358135,0.2028820590627328,0.08631824985135218,0.4365803484168153,0.14226792145927733,0.35740744537619856,0.46696942980747547,0.07365413924370724,0.1533601241123846,0.1783022027214511,-0.39587476677670025,-0.22150575113279888,0.5396223320279663,0.5120729365290906,-0.14960804816872722,-0.1395615060245081,-0.3200814658383395,-0.29218693402770657,0.10495219349503482,-0.1461840225807995,0.12638481673603566,0.09340208722038833,0.12773802445342028,0.08557330216854954,-0.1308134965383853,-0.18037643778319973,0.22992229307198656,0.15479876160990713,0.40542923338732495,-0.2638105782570958,-0.08990630061714473,-0.15444337372453337,-0.06677875053820762,-0.20177147192093986,-0.14570561581202715,-0.17141656244233489,-0.16389874179019812,-0.1231658226204389,-0.32126723118665385,-0.37776023619625615,-0.12689397822565765,-0.2783541440277749,0.28165515073230407,0.2025950150014694,-0.09082552505142873,-0.1543852814740396,0.11106554856170422,-0.04490530963169513,0.0013053670405073845,-0.08142824923625777,-0.03501254109172425,0.22143399011748302,0.04810721779126429,-0.14794387605164058,0.07272124604460117,-0.0914132819387776,0.06631742972546285,0.07213690634845782,-0.35322822053185166,-0.3860400904872231,0.2609333032620507,0.3504773816114107,-0.06307109808022197,0.03815977419200514,0.08232697052330866,0.14606100369740088,0.41750900429882654,0.4159029244322337,0.14096597160997545,0.1505614445150664,-0.05317491234904558,0.2441002193836754,0.11418202694113547,0.3326772326218741,-0.028390024535432854,-0.28962404062356906,-0.13100485924589425,-0.20001503564130427,-0.03688174468114189,0.24136304922805651,-0.07549942249468626,0.12729720678790862,0.25408525208619526,-0.10701959417437243,-0.31605943178944634,-0.12271133619010519,-0.40337891866401493,0.12139571757598125,-0.25390414095230285,0.3592937349216438,0.08057053424367307,0.5281884102543074,0.037616440790327985,0.3709224365940172,0.44914194328829476,0.2959697646922136,0.12149823331214675,0.3070619673453208,-0.04779625339156227,0.35617042215980155,0.2723125499764214,0.3465817836371216,0.4399941224311265,0.12379116861104847,0.288380183024761,-0.04055180803586684,0.06887348874718936
#11,0.17166601740033763,1.0,0.3673275514458136,0.2999815471674902,-0.045424722694933674,-0.15826037630109555,0.5193139646935805,0.00024262057559168665,0.11266137685468053,0.5537900067660386,0.13835182033775517,0.16356043986085197,0.12626521504384255,0.04134801358675223,0.03493394569399736,-0.31722811118173305,0.10002460377667972,-0.17650476014734928,-0.1493756791667521,-0.13938381208182124,-0.26734053677239455,-0.15400255605902172,0.1464334775388022,-0.021654740669359414,0.22310499661698072,0.04694878997259413,0.09487147943876052,0.07749506215870802,-0.03131855739856068,-0.0016265830138259556,-0.3799199010381427,-0.16968746369234344,0.2233476171925724,0.02012725620049344,0.15752909738311496,0.15789815403331078,0.11758213219062459,-0.04756730158079265,0.06024508095325966,0.16630786159008742,-0.1240235376130236,0.002744004538029921,-0.12796697626418987,-0.1223286107750873,-0.04163847483922115,-0.11765389320594044,0.15382486211633487,0.17373683527088074,0.14977890772900307,0.08184172937212529,0.18953451021398451,0.2796765970243099,0.19796813810919975,0.08223812355196522,-0.3354246543511096,-0.1441234562838729,-0.02242702588180619,-0.16815997922347747,-0.03568231056800552,0.009551049419419214,0.10499319978950102,-0.061690552833193225,0.4699663064947136,0.24388493633772784,-0.26357479206391515,-0.03894231097806847,0.4474880227448247,0.3217353863818096,-0.0462482657754632,-0.23314812156999432,-0.07248545985142052,0.12870850675578702,-0.24475973728634012,-0.17341561929756216,-0.07663392997491782,-0.1433033303945489,-0.11013607255380367,-0.13720364409270155,0.2339614130769073,-0.13006171447317164,0.11335848386060593,-0.04564684012329226,-0.11685427046384954,0.1511731217408539,-0.2366131534523883,-0.09470061987848469,0.0004989099160054402,-0.11449982572324852,0.016060798665928553,-0.13020865369500886,-0.26668101886972984,-0.05504753312966874,-0.13131240645439074,0.07585822757126552,-0.00121652006916395,-0.062004934424100766,0.1459448191964133,0.05549518517759143,-0.13384454513767863,0.07083153930795044,0.04943308797900478,-0.002706415434769237,-0.1960955173285766,0.08784915151142367,0.1891620363725832,0.1783295402510952,0.10953806409283826,0.0018521176333900586,0.11433921773658923,0.14334433668901508,0.031216041662395177
#12,0.5361299626159282,0.3673275514458136,1.0,0.6941921418271038,-0.17877035791660686,0.21002398868226274,0.16360828053772922,0.12223976380374388,0.07936084855692016,0.6243720911159863,0.3261914037138034,-0.054951851775914266,0.04133776201313568,0.008597653073080051,-0.12717760509571552,-0.24682713796567773,0.5629514963880289,0.25519242203678266,-0.1665094758712129,-0.2124296912909465,-0.18316486580690136,-0.08896999022683315,-0.07739254642254252,-0.18420369193337843,0.06623199994532494,-0.07193870925853785,0.26901154327189225,0.2971589472317334,-0.12689739541686315,-0.0604569468080017,0.02371872415749151,-0.00778777875737259,0.461358401848017,-0.18306576726194138,-0.04890000615094417,-0.04441665128930624,-0.016962937144184967,-0.1637688885243885,-0.09796745467095866,-0.06536061618791818,-0.00801673056814221,-0.042660215009670654,-0.03741140931799698,-0.2056431495567903,-0.3684893964556893,-0.13965718737826258,0.2928430347391658,0.25662422515189415,0.03825203835455409,4.784067687723399e-05,0.3509387024241554,0.22185430463576158,0.05015069813216329,-0.023869080570534242,-0.29457213348915723,0.013180106479677964,-0.1618074207724219,-0.18616174249413953,-0.12813783582446572,-0.0933132402490449,0.1325528468619933,-0.05222835038511745,-0.0474955405654768,0.0036939836931635674,0.2999166205345854,0.24112384584367033,0.01189524258640368,0.05322958740833385,-0.1410548185813189,-0.06363493462913224,0.1105495526896712,0.24962581756299593,-0.052084828354485746,0.13292873789460016,-0.07694147718341432,0.008273019908555963,-0.07505177044676357,0.09128684586417349,0.023253986153541236,-0.09468695111366261,-0.05507145346810736,-0.02011700462687689,-0.08850525222288289,0.0038101681941511353,-0.20773788776577204,0.12907072902357178,0.06685051155352346,-0.012718785666933208,-0.07643573288499785,-0.12323074925334372,-0.23761439047560468,-0.023971596306699747,-0.20901933446784082,0.0678585829591509,0.1734190364887677,0.34330811446223664,0.06152994484653394,0.47105980768047895,0.31722127679932205,0.4537448998421258,0.3205598726071119,0.19927008795850162,-0.15050335226457262,0.3372904407493217,0.3196714028936775,0.4029244322336812,0.3128199345266165,0.14984383436190787,0.27777322152283707,0.0386826044464492,0.2228179525557173
#13,0.5542581619611944,0.2999815471674902,0.6941921418271038,1.0,0.002067400679337612,0.4165180188492267,0.30999050020844865,0.0012506919812191172,0.01710304198361115,0.6631127878129293,0.33603291438569155,0.15687299667165577,0.38139954483013144,0.278480580102379,-0.1315926161332431,-0.31407746089024663,0.42907619652950063,-0.005515346605703976,-0.031400569987493084,-0.18666406960135049,-0.13595295211148245,-0.33034670821971174,0.13016423020933712,-0.2810708110361607,0.25067147807188406,-0.05141164168699895,0.21683445075485755,0.10356139667438952,-0.12461471169157799,-0.047639062596108506,-0.074115460056452,0.023865663379328727,0.35693587298983726,-0.17403754809696623,0.12057900887786276,0.10964741421141479,0.06697694762812759,0.02255346195641031,-0.10043124953013621,-0.048677888722585584,-0.03649218488371298,-0.09062391077030324,0.043234303132197456,-0.2038627929387161,-0.0568176381741264,-0.17753675189141532,0.3246775880097595,0.24795822825470376,0.1682454090036154,-0.09033686670903984,0.25817904715040424,0.16654364778326808,0.02116949951817604,-0.2176648282177981,-0.3066655731654809,0.0527511806395615,-0.13899766947559783,-0.2707748139339389,0.10978751905084097,-0.05048900006150944,0.1107545841620022,-0.03276402927849425,0.03938654583478564,-0.17038798788947437,0.22864084636991777,0.240751372002269,0.19730862020653503,0.2269527539143925,-0.0158045093255148,0.028786418715272794,0.17661411026592583,0.27031007592998857,0.09234617513788367,0.006089434728230783,0.05761726091621731,-0.0017803566180742078,0.13848509079477034,0.1150089872128705,0.13102536239312734,-0.10794223579986195,-0.3756620807960689,0.02874882961201211,0.1999227714787553,0.2218953109302278,-0.04870522625222972,0.2320409516194069,0.16512209624177313,0.05306556223046904,-0.06530252393742439,-0.06984738824076163,-0.24597967454670958,0.0597222506988156,-0.09653223436464164,0.17317983310438154,0.1463685509058974,0.2575947074542609,-0.02528721492082368,0.4869497467861317,0.24617787163662955,0.5348485159138594,0.290939659237693,-0.09434864918431646,-0.14167674738072294,0.23446374018411825,0.1844975703770529,0.3455122027897949,0.3523294992448007,0.08537852226983508,0.26889194157969915,-0.07185669666960545,0.15071180092810912
#17,0.06713413842358135,-0.045424722694933674,-0.17877035791660686,0.002067400679337612,1.0,0.3873659606749636,0.02175042202311388,0.28245135628318946,0.2901502880692186,-0.027809102030495015,0.3391801474859724,0.599371920256426,0.5865984595302045,0.4723583403385753,-0.25331296687374844,-0.050601767371291496,-0.2002884109377456,0.00980392156862745,-0.1378255728921056,0.04472419849780274,0.023465852008283272,-0.05740881225268079,0.02474729871035204,0.03295197479479767,0.1807625803894231,0.1079524873734785,-0.10433709907804181,-0.04144711213171222,-0.05941128629911358,0.3002890943759867,-0.08152734778121776,0.1162972682973503,-0.24174235745186887,-0.14742104579719653,0.11856286606660789,0.34615463473643204,-0.038152939809594104,0.3093651542178391,0.025933064058666338,0.04490530963169513,-0.19022820002870441,0.10283695213881998,0.12640190269206322,-0.05951380203527908,0.3116170832222746,0.2209760864959438,0.11665949056513508,0.07275200076545082,0.12694181890253486,-0.034486293646074674,-0.11671758281562887,-0.07585822757126552,0.01811111338923858,-0.04131725886590258,-0.2161886016170149,0.11055638707208224,-0.14423280640244945,0.028741995229601077,0.10910066361853211,0.03641700667719162,-0.15948373075267053,-0.22464614985066875,0.18353392245709715,0.06265078356194342,-0.33483006308134966,0.10277202550591516,0.29663611697728937,0.1713345498534025,-0.05271359153630082,0.0015548219985101045,-0.18586444685925957,-0.11603072738332,0.008519057675353168,-0.02042113464416788,-0.12214749964119492,0.07834252557767617,-0.02611759238376424,-0.08579883678811365,0.2562209965896432,0.28122116744920345,-0.09252728627177605,0.13108003745241562,0.42486963415550955,0.4081971582637935,0.4244459024460255,-0.009742412126928151,0.07145688529856,-0.10882387113088526,0.16553215918643513,0.1861993315974002,0.18752178459393518,-0.027665579999863313,0.2027795433265673,0.06543579439443954,-0.018856061072041224,-0.14136920017222643,-0.027703169103123995,-0.12759108523158305,0.032090842611007454,0.042352667801174144,0.02242702588180619,-0.2978013791783706,0.14055932585651898,-0.34615805192763754,-0.20282396681223902,-0.02427572632399073,-0.2760748774936953,-0.3508771929824561,-0.2680000546750593,-0.30757796321735387,-0.20465899848960148
#18,0.2028820590627328,-0.15826037630109555,0.21002398868226274,0.4165180188492267,0.3873659606749636,1.0,-0.2360903231979442,0.16486238971015385,0.07803497836917966,-0.054558874787279846,0.29702225958351275,0.35133509660399537,0.5369705916524853,0.41678114257205146,-0.20856143084630158,-0.1076688605034206,0.20929612695548766,0.09002590230933781,0.17575981246454664,0.1412154265679782,-0.0291144690710024,-0.07476814357670569,-0.01883897511601364,-0.016484530375412625,0.06199468285048421,0.20005945912697598,0.09634770603954373,0.2258216636253665,0.08156493688447844,0.38288944019573673,0.1320778572844265,0.2833842494822955,0.14803955740539507,-0.18897409085627978,0.20465558129839598,0.2739015438869867,0.0637887082333805,0.24687839583376048,0.012308722722271202,-0.04265679781846513,0.03657078028143987,-0.026848871301744816,0.2709627594502423,0.048927343680588306,0.12674703900382042,0.18906635501882874,0.28586854748870616,0.3006137275405108,0.1824575072273594,-0.05013019498493019,0.03501254109172425,-0.2027829605177728,0.052484639725531204,-0.13962643265741292,-0.22876044806211088,0.1995263772989154,-0.4720132040268181,-0.1966251819654317,-0.1500317798782113,-0.05419323532828956,-0.04049713297657857,-0.04491214401410617,0.08841640525153945,0.12904339149392766,0.23293283852404678,0.21344459707898497,0.15015479876160992,-0.0038921807830835367,0.021090904120449155,0.25030242142168824,0.054210321284317145,0.08224837512558178,0.02513002412536991,0.02422446845590798,-0.0891442669783145,-0.13049911494747776,0.04909820324086414,-0.11870980528844512,0.2649519201197384,0.49387639335971406,-0.2401533635413036,0.3123756996698993,0.46285854878723887,0.3658137357417697,0.3509728743362106,0.11123982531318558,0.1796964167333019,-0.017912916299318613,-0.002169916415503113,0.28990766749362695,0.3309310479158551,0.13082716530320737,0.10407397535521702,-0.006390147554316254,-0.04621751105461355,-0.012254047662982935,-0.017622455046849693,0.3653865868410801,0.39164428406427054,0.3866893568162713,0.3071337283606367,0.009858596627915718,-0.019782119888736256,0.11476636663727882,0.09696621764774226,0.3722756443114018,0.08118562866066607,-0.02707440592130892,-0.020147759347726543,-0.2548712060634641,-0.26604542130550374
#26,0.08631824985135218,0.5193139646935805,0.16360828053772922,0.30999050020844865,0.02175042202311388,-0.2360903231979442,1.0,-0.3083229109001565,-0.03608895632146201,0.5519003000293878,0.08898024180044971,0.25824397378330904,0.19649874589082758,0.09032661513542328,0.08300015719079545,-0.26525605013702935,-0.13738133803538843,-0.25832256918103597,-0.052781935360411154,-0.15274502969539158,-0.1351020715013088,-0.30245901079148985,0.30005672537401157,-0.11227523424845713,0.31409454684627425,0.07172000902138478,0.03574723720091034,-0.1658567923509592,-0.1680437947224899,-0.16604132067605712,-0.24044382479377252,-0.1482958467458088,0.014769100390243236,0.10263875504890001,0.2587189633608759,0.001312201422918418,0.15443995653332787,0.09814514861364552,0.05076237535795078,0.24864850087821813,-0.3675462516829667,-0.2955255298354964,-0.1494371886084514,-0.25450556660447377,0.04913920953533034,-0.14425672674088805,0.08400481140521737,0.06332738742063573,0.3056814220982921,0.07086912841121112,0.1339436436826386,0.198221010258408,0.04944675674382684,-0.2013306542554282,-0.2168276163724465,-0.22325193583881792,0.1025943315632283,0.04475837040985791,0.1238219233318981,0.10507179518722791,0.11582227871978348,0.011744886173360945,0.3125602279949972,-0.006673774424374141,-0.39660946288588633,-0.06732208393988477,0.47412844538303295,0.5097663324653667,-0.03423000430566092,-0.21066300343769434,-0.13642452449784376,0.006786541734156193,-0.09630328255387202,-0.11744202735119841,0.13957517478933015,0.02246803217627239,0.1474142114147855,0.07963080666215597,0.17874643757816824,-0.24591133072259924,-0.06178965137815321,-0.04271489006895892,0.0673460042783234,0.08492061864829585,-0.15435110956198442,0.06092168481195197,0.07698931786029155,-0.19290044355141847,-0.07004900252188712,-0.0870153568572776,-0.39970543811808446,-0.01618723474053267,-0.07582747285041587,0.1306699745077536,0.08393988477231255,-0.06299933706490612,0.13613406324537483,-0.023554698979626705,-0.28324756183407485,-0.010254990807755658,-0.028564301286914208,-0.2345901762587224,0.12695890485856245,-0.13760687265495253,-0.05079313007880043,-0.023875914952945276,-0.03272302298402805,0.01889365017530191,0.10549894408791749,0.12724253172862035,0.2070510323334632
#49,0.4365803484168153,0.00024262057559168665,0.12223976380374388,0.0012506919812191172,0.28245135628318946,0.16486238971015385,-0.3083229109001565,1.0,0.4571860113860811,0.030587278480580102,0.3178056164954654,-0.045701515182580525,-0.04303952323348301,0.09441699300842679,-0.31530081534182164,-0.06822422241814119,0.2956075424244288,0.5740710365707803,-0.03261709005665703,0.023339415933679154,-0.1578605649300501,-0.018692035894176423,-0.2227359399667849,-0.0699840758889823,-0.007333292327038867,0.1497208154785093,0.16157505177044676,0.17421524203965308,-0.008139749451540812,0.07307663392997492,0.28592322254799446,0.1812546559230175,0.20044218454199386,-0.11260328460418674,-0.2161305093665211,0.05185587654371613,-0.10110785338882852,-0.08392621600749048,0.11285615675339498,-0.09875682583943302,0.07758390913005146,0.2187275746827138,-0.12898529924343385,-0.11462967898905815,-0.1623815088949487,-0.15905316466077543,0.20387646170353815,0.1798604419111667,-0.09360370150151381,-0.12571163006854885,0.21180776249154246,-0.08851208660529392,0.26828368154511717,0.035439689992413835,0.08521107990076476,0.05828703039249858,-0.11966661882598979,-0.2880863045810865,0.004459434523199311,-0.09627252783302237,-0.09035736985627293,-0.03617780329280545,-0.1704939208168454,-0.023855411805712178,0.10532808452764165,0.10583724601726364,-0.1239415250240912,-0.22101709279040999,0.17498752725209987,0.12350412454978506,0.31642507124843666,0.24340311237774997,-0.10253965650394002,0.04830199768997875,-0.3168658889139483,0.0018042769565128247,-0.17893096590326615,-0.06903409673384865,0.0170107778210622,0.06524784887813613,0.07948386744031875,-0.2611725066464369,-0.20370560214326233,-0.0018555348245955755,-0.03782830664507002,-0.09202837635577062,0.03848440735652923,0.021781176743963532,-0.11427429110368442,-0.07646307041464198,-0.06842925389047219,-0.11626993076770617,-0.18633601924562088,0.18553639650352996,-0.16201586943595842,0.27615005570021667,-0.02578612483682912,0.13008905200281576,0.3926079319842262,0.2094874896629966,0.052665750859423585,0.3755698166335199,-0.09935483430039845,0.2381748098333094,0.2821130543538433,0.22597543722961475,0.33141628906703846,-0.0006800210498978259,-0.0735652922723638,-0.18576193112309405,-0.15549586861583253
#50,0.14226792145927733,0.11266137685468053,0.07936084855692016,0.01710304198361115,0.2901502880692186,0.07803497836917966,-0.03608895632146201,0.4571860113860811,1.0,0.1159897210888538,0.1676132286305948,0.1079934936679447,0.11099720473759389,0.09778634353706628,-0.23845501951216178,-0.2054552040404869,0.22132122280770097,0.35409276990684735,-0.14746888647407377,-0.27467382909943344,-0.1837662914590723,-0.24428133051756779,-0.06972778654856854,0.03927036133379807,-0.1375829523165139,-0.07324065910783972,0.03718245750722736,-0.01186448786555403,-0.03615388295436683,-0.035193652225616635,0.06347432664247295,-0.01878771724793089,0.21632870645644106,0.1139428235567493,-0.040025560590217266,-0.008242265187706313,-0.07537982080249318,-0.053212501452306264,-0.10240638604692487,-0.0863626733370239,-0.06369986126203706,0.14179634907291602,-0.026206439355107677,-0.04803545677594844,-0.02868732017031281,-0.1608847791469324,0.09057607009342601,0.14031328808972177,0.04512742706005372,0.13508840273648673,0.28048305414881186,0.3428092045462312,0.34027364867173776,0.2517991511697045,-0.16727492670124863,-0.17429725462858547,-0.10301464608150684,-0.4730998708301724,0.24311265112528108,-0.016580211729167092,-0.045366630444439886,-0.03456147185259604,0.07883118392006506,0.1033324448636199,-0.141994546162836,-0.2365755643491276,0.1289511273313787,0.11865513022915684,0.02847887150677629,0.0931731354096187,0.1153131172301615,0.2162945345443859,-0.26335267463555656,-0.14707249229423383,-0.37599354834300397,0.0003075472084965042,-0.1905357472372009,0.0005399162104716408,0.1302189052686254,0.01781040056315311,0.1887348874718936,0.0076135020058912374,-0.0412591666154088,0.14653599327496772,-0.11085709989816771,-0.13315427251416426,-0.02630553790006766,-0.1362502477463624,-0.07875258852233818,0.10869060067387011,-0.039444638085279426,0.004538029920926195,0.03143132470834273,0.3174399770364751,0.18381754932715505,0.1504828491173395,-0.00292169848071679,0.35573302168549537,0.12129661903102126,0.2427709320047294,0.25463541987028343,0.2237986864317006,0.0015684907633321714,0.23840376164407903,0.2899384222144766,0.2778142278173033,0.3100759299885866,0.020212685980631362,-0.00015719079545376883,-0.03943096932045736,0.052105331501718845
#51,0.35740744537619856,0.5537900067660386,0.6243720911159863,0.6631127878129293,-0.027809102030495015,-0.054558874787279846,0.5519003000293878,0.030587278480580102,0.1159897210888538,1.0,0.28939850600400496,0.2172991887588078,0.2253295880917721,0.2441412256781416,-0.05556694619290728,-0.3500263123722825,0.37409700722394224,-0.055977009137569284,-0.28797695446251,-0.3186086564287618,-0.1370464532972478,-0.27865827404506593,0.05580273238608793,-0.33040821766141104,0.20847258387495815,-0.13955125445089153,0.17389744325754003,-0.0799212679146249,-0.25601254792610667,-0.22126996493961823,-0.2005276143221318,-0.26155523206145476,0.32858002036645956,-0.1749943616345109,-0.04111222739357158,0.00995086079046467,-0.03592493114359721,-0.16025943315632282,-0.09683978157313815,-0.04695220716379964,-0.13527976544399564,-0.0895133236285103,-0.09598548377175896,-0.3307704399291958,-0.16383039796608778,-0.2301136557794955,0.2176033187760988,0.1049487763038293,0.13522167319350187,-0.14031328808972177,0.3290925990472871,0.23585453700476355,0.08618839658554255,-0.17817234945564145,-0.3179662244821247,-0.12480949159029245,0.018172622830937884,-0.20394138833644299,0.024514929708376904,-0.156411675858911,0.21887793109575654,0.09709948810475741,0.20634709094512674,-0.018271721375897866,-0.06459516535788243,0.04265679781846513,0.33875983296769385,0.3983419788270833,-0.04096187098052884,-0.14781402278583095,0.079326676644865,0.25362051408224495,0.00534448704542814,0.08055344828764549,0.0773447057456653,0.15656544946315926,0.07787095319131487,0.15396154976455553,0.184114844962035,-0.27073380763947263,-0.08009212747490073,-0.022727738707891663,0.012742706005371824,0.10799007647673918,-0.0672879120278296,0.27815594693785495,0.20588235294117646,-0.04053813927104477,-0.02748105167476541,-0.12618320245491016,-0.4337577484810585,0.053772920810011005,-0.05022245914747914,0.15348997737819423,0.08945523137801653,0.2141485384673214,0.040213506106520684,0.3225794326095722,0.11082976236852357,0.4483389033549983,0.1607685946459448,-0.08805760017496018,-0.09990158489328112,0.13616823515743,0.20523992099453933,0.19892495164674445,0.2538904721874808,0.16114106848734613,0.3698494385554849,0.14335800545383717,0.24343044990739413
#52,0.46696942980747547,0.13835182033775517,0.3261914037138034,0.33603291438569155,0.3391801474859724,0.29702225958351275,0.08898024180044971,0.3178056164954654,0.1676132286305948,0.28939850600400496,1.0,0.26231384850907946,0.41001168679392286,0.3504056205960948,-0.3228767282444522,-0.0023920338438616993,0.06680608806785175,0.2997525953567206,-0.14967639199283755,0.06389805835195703,-0.08010237904851727,0.019645432240515587,-0.17265016846752643,-0.1427497454192552,-0.003027631408087808,0.03244281330517568,-0.1333251320744401,-0.0031711534387195103,-0.021603482801276663,0.14198087739801393,0.09696963483894779,0.05320908426110075,0.15977077481393395,-0.19962889303508088,0.08017072287262761,0.10324018070107095,-0.030823064673760756,0.048373758705294596,-0.14527504972013203,-0.16914071309946077,0.007367464239094034,0.004004948092865588,0.008293523055789063,-0.1691270443346387,-0.05027371701556189,-0.0637306159828867,0.3245955754208271,0.13143200814658385,0.01733541098558629,-0.12362714343318366,-0.14415079381351703,0.004220231138813141,-0.0749321687545705,-0.09264347077276362,-0.27694967844230756,0.11947525611848085,-0.1584790765382486,-0.011710714261305778,-0.10473691044908727,-0.29565880029251157,-0.16458218003130148,-0.195668368427887,-0.1002057149105721,-0.005016436689698535,-0.10354772790956746,0.3125021357445035,0.11267162842829707,0.17860291554753654,0.16410377326252912,0.27315659620418403,0.08407657242053322,0.0933132402490449,0.23429288062384243,0.04894101244541037,-0.05438118084459298,0.1863804427312926,0.05190030002938784,0.117459113307226,0.0739753552170258,0.04622092824581907,-0.02103622906116089,0.11984772995988217,0.34726522187822495,0.36711568559107155,0.226228309378823,-0.0024227885647113497,0.14997710481892304,0.16384406673090987,-0.025707529439102237,0.10710844114571587,0.014154005973250228,0.004565367450570329,-0.03457855780862362,0.017673712914932443,-0.03972826495533731,0.1567363090234351,-0.1464129743915691,0.14000915807243078,0.2989324694673966,0.22049426253596593,0.07566344767255107,-0.03258291814460186,-0.049566358436019926,0.027798850456878466,0.20530143043623864,0.19744872504596123,0.23039386545834786,-0.15122096241773111,0.005016436689698535,-0.3002310021254929,-0.12719810824294864
#53,0.07365413924370724,0.16356043986085197,-0.054951851775914266,0.15687299667165577,0.599371920256426,0.35133509660399537,0.25824397378330904,-0.045701515182580525,0.1079934936679447,0.2172991887588078,0.26231384850907946,1.0,0.7663803060436444,0.6243891770720139,-0.24152024002351027,-0.34094000095681354,-0.0997341425242108,-0.18064297869723003,-0.2542219397344159,-0.13261777349489814,-0.08228596422884246,-0.2700401178247528,0.22131438842528994,-0.10693416439423452,0.2989666413794517,0.05676638030604365,-0.016839918260786364,-0.24031738871916838,-0.18483928949760456,0.12681880001913626,-0.24605485275323094,0.006984738824076162,-0.07044197951052153,-0.33691796690792036,0.2607419405545418,0.2538802206138642,-0.08824554569126361,0.17095182443838464,-0.1524614028253337,-0.04312837020482644,-0.3370854092769907,-0.17431092339340756,-0.04077050827301991,-0.25222630007039415,0.2964755089906301,0.1197110423116615,0.0723556065856109,-0.015531134029073463,0.30524743881519145,-0.09694913169171468,-0.07958980036768977,-0.11319104149153562,0.01138608109678169,-0.1567397262146406,-0.16468127857626147,0.07946336429308566,0.025215453905507827,0.0002494549580027201,0.03354998325576309,-0.08423034602478147,-0.08075506256877098,-0.0340215556421244,0.3222855541658978,0.08977303016012958,-0.3467389744325754,0.14439683158031424,0.4782529951680916,0.449500748364874,-0.022608137015698575,0.11006772872969334,-0.15715662354171364,0.007835619434249824,0.09043596525399983,0.050724786254690096,0.1338992201969669,0.2427333429014687,0.26214298894880367,0.0842166772599594,0.26171584004811405,0.03497836917966908,-0.13961959827500187,0.3152256371353003,0.619693956355634,0.6642267921459277,0.5661909936508588,0.19217941620705445,0.30890725059629986,-0.2685297193119144,-0.10449428987349559,0.29689924070011414,-0.06111988190187194,0.3274865191806942,0.39167503878512017,-0.013316794127898633,0.12117360014762266,-0.14049439922361415,0.01237364935517602,0.06297541672646752,-0.054237658813961274,0.12030905077262694,0.1184227612271817,-0.3142722407889611,0.06098319425365127,-0.17321742220764222,-0.053947197561492355,0.053431201689459334,-0.21162323416644455,-0.09385657365072206,0.103147916538522,-0.15756326929517014,-0.013262119068610365
#54,0.1533601241123846,0.12626521504384255,0.04133776201313568,0.38139954483013144,0.5865984595302045,0.5369705916524853,0.19649874589082758,-0.04303952323348301,0.11099720473759389,0.2253295880917721,0.41001168679392286,0.7663803060436444,1.0,0.6395307513036584,-0.22104443032005414,-0.1714985750312673,-0.12192538221283633,-0.1978724567554453,-0.10040391200049208,0.07300829010586458,-0.048671054340174554,-0.10506154361361135,0.2091833596457056,-0.04729734347555683,0.30612565695500926,0.21736753258291813,-0.027733923823973647,-0.011495431215358225,-0.032842624676221135,0.24958822845973525,-0.2060942187959185,0.020704761514225768,-0.13003779413473301,-0.3131958255592233,0.25481994819538134,0.30246926236510635,-0.11468093685714091,0.18602847203712436,-0.2091833596457056,-0.07060600468838633,-0.27966634545069335,-0.1606421585713407,0.05451786849281365,-0.15811001988805282,0.3763455190371722,0.21723084493469746,0.2079736739589527,0.08848133188444426,0.41500420314518277,0.06795084712169985,-0.1364962855131596,-0.010852999268721082,0.013795200896670972,-0.1147629494460733,-0.3465715320635051,0.19158824212850006,-0.1802294985613625,0.03729522481700941,-0.05933952528379773,-0.17670295723726925,-0.18200643798823118,-0.22151941989762094,0.26015760085839845,0.18277872320067798,-0.27450980392156865,0.23142244001120837,0.3882065897115207,0.3667192914112316,0.010852999268721082,0.224799923454917,-0.060467198381618244,0.02894702670193208,0.12873926147663667,-0.009216164681278576,0.04682577108919553,0.08940055631872826,0.1600714876400194,-0.02595356720589944,0.34725497030460845,0.24245313322261633,-0.3948837813271004,0.3457855780862362,0.7075089359550024,0.697096754351793,0.5205783254396217,0.13449722865793232,0.19343010818827355,-0.0925375378453926,-0.06431495567903006,0.24912349045578497,0.06300617144731717,0.1409523028451534,0.3694017865075622,-0.058198183421155146,-0.050738455019512164,-0.03224119902405019,-0.03234713195142121,0.20618306576726195,0.09509017967591359,0.28197294951441715,0.2729857366439082,-0.48885312228760447,-0.08375877363842016,-0.13930179949288882,-0.08372801891757051,0.10301464608150684,-0.06611581544433737,-0.2725209986399579,-0.013316794127898633,-0.288181985934841,-0.1908398772544919
#58,0.1783022027214511,0.04134801358675223,0.008597653073080051,0.278480580102379,0.4723583403385753,0.41678114257205146,0.09032661513542328,0.09441699300842679,0.09778634353706628,0.2441412256781416,0.3504056205960948,0.6243891770720139,0.6395307513036584,1.0,-0.366907236927535,-0.3045195770884164,0.038183694530443756,-0.06023824657084863,-0.11060764494016498,-0.03323901885606107,-0.017318325029558705,-0.2733172041908433,-0.15640484147649997,-0.2648254840451343,0.08515298765027099,-0.09464594481919641,-0.0001981970899199694,-0.08546053485876749,-0.0002050314723310028,0.1970796683957654,-0.14940985107880728,-0.040264763974603435,0.03769845337926038,-0.3096111919846363,0.1592513617506954,0.2238191895789337,-0.08880596504896834,0.07480231548876086,-0.17034356440380266,-0.17167626897395416,-0.11413418626425822,-0.010289162719810825,-0.047034219752732045,-0.215904974746957,0.16425754686677738,0.0024603776679720337,0.1524853231637723,0.1003082306467376,0.11229232020448472,-0.11741127263034876,-0.028711240508751425,-0.014717842522160485,0.10583041163485261,-0.13724806757837327,-0.3060163068364327,-0.004773816114106849,-0.14484790081944246,-0.10774403870994198,0.02700264490599307,-0.2349045578496299,-0.013747360219793739,-0.011611615716345792,0.2590640996726331,0.060125479261066574,-0.1379656777315318,0.11369678578995208,0.5268146993896896,0.4218590887034493,0.20413275104395193,0.2999781299762847,0.2105297329806792,0.23330189517424257,0.17518230715081431,0.040896944347624024,0.05210191431051333,0.1264155714568853,0.13256651562681537,0.012660693416439424,0.3157894736842105,0.12254731101224038,-0.1722947805821527,0.1819073394432712,0.4235540155413856,0.6114311880206945,0.49948400412796695,0.22057969231610386,0.3522338178910463,-0.08190665600503011,-0.11163621949302552,0.21864214490257589,0.03231979442177708,0.2273559824766435,0.19931792863537887,0.07160382452039721,-0.0018862895454452259,-0.04442690286292279,-0.12350412454978506,0.15984937021166082,0.08156493688447844,0.3075096193932435,0.10424141772428734,-0.31890253487243625,0.057555751474518003,-0.0416077201183715,-0.12190487906560324,0.10404322063436737,0.002504801153643751,-0.05702950402886843,-0.0009738994935722633,-0.18485295826242662,-0.15793916032777697
#101,-0.39587476677670025,0.03493394569399736,-0.12717760509571552,-0.1315926161332431,-0.25331296687374844,-0.20856143084630158,0.08300015719079545,-0.31530081534182164,-0.23845501951216178,-0.05556694619290728,-0.3228767282444522,-0.24152024002351027,-0.22104443032005414,-0.366907236927535,1.0,0.432537811220689,-0.12098907182252476,-0.32680649813079643,0.3920270094792884,0.20169287652321297,0.2651022765327811,0.14100014352203064,0.06400740847053356,0.026582330387714515,0.20184665012746122,0.08375877363842016,-0.031226293236011726,-0.13918561499190127,0.11990582221037596,0.05099474435992592,-0.22733889652061592,-0.23789460015445704,-0.2367054176149372,0.1835202536922751,0.08598336511321154,0.1399681517779646,0.3710830445806765,0.19891128288192236,0.13567615962383558,0.08523158304799787,0.11616399784033515,-0.00039297698863442206,0.18589520158010922,0.32361142435363827,-0.03607528755663995,-0.0966655048216568,-0.1787601063429903,-0.1647325364443442,0.03564813865595035,-0.04317279369049816,-0.010207150130878423,0.042602122759176866,0.00832769496784423,-0.15268010306248675,0.015233838394193509,-0.08451397289483936,-0.14164257546866776,0.08838906772189531,-0.2628879366316063,-0.07828785051838791,-0.09309112282068631,-0.1599689719038539,0.21113115863285015,0.158858384762061,-0.09271181459687396,-0.19354970988046666,-0.08367334385828225,-0.21932558314367923,0.19222042250152066,0.0014112999678784026,-0.12405770952507876,-0.09801529534783589,0.03452729994054087,0.010644550605184563,0.22141006977904443,-0.097116574060785,0.09111256911269214,-0.17713352332916435,-0.06758862485391508,0.12252339067380176,-0.15683199037718956,0.0827233647031486,-0.03318776098797832,-0.4189100526930884,-0.1839884088874309,-0.1562476506810462,-0.4209091095483157,0.23224940028294344,0.17797073517451595,-0.06837799602238943,0.09432814603708337,-0.2688680212412605,-0.16352968514000232,-0.45190303378235225,-0.030467676788387018,-0.282871670801468,-0.012110525632351233,-0.181661301676474,-0.32914043972416435,-0.18118631209890718,0.005894654829516331,-0.1780185758513932,-0.14842228282041292,-0.16080960094041102,-0.10195189961659115,-0.21538214449251294,-0.23419378207888245,-0.028683902979107292,-0.06466692637319829,-0.1189319227168037,-0.06497789077290031
#102,-0.22150575113279888,-0.31722811118173305,-0.24682713796567773,-0.31407746089024663,-0.050601767371291496,-0.1076688605034206,-0.26525605013702935,-0.06822422241814119,-0.2054552040404869,-0.3500263123722825,-0.0023920338438616993,-0.34094000095681354,-0.1714985750312673,-0.3045195770884164,0.432537811220689,1.0,-0.3286586157641865,-0.04256111646471067,0.16239517765977077,0.43010818827356667,0.11004380839125473,0.5339190399059589,-0.10172636499702704,0.29082689192791095,-0.13873454575277305,0.26598049467259893,-0.22456072007053082,0.041864009458785253,0.10995496141991129,-0.021832434612046283,0.23738543866483505,0.022727738707891663,-0.33129327018363985,0.12778928232150302,-0.13238882168412852,-0.2096275945024228,-0.017171385807721484,-0.028061974179703252,-0.04292675592370095,-0.12284118945591482,0.05022245914747914,-0.09064099672633083,0.05985893834703627,0.10163410083447809,-0.00316090186510296,0.0865266985148887,-0.10607986659285534,-0.13775381187678976,-0.26019860715286464,-0.05996828846561281,-0.22604036386251955,-0.096706511116123,-0.2646067838079812,-0.09987083017243147,0.12203814952261839,0.22691174761992633,-0.2138649115972635,0.3756039885455751,-0.15066054306002638,-0.07433416029360507,-0.09952227666946876,-0.06905118268987623,-0.3306747585754413,-0.09925573575543846,-0.0005672537401157744,0.0365161052221516,-0.35446182655704317,-0.19968015090316363,0.03560371517027864,0.05703633841127947,-0.13860810967816894,-0.32214886651767716,0.2582713113129532,0.11545663926079319,-0.0661602389300091,-0.058700510528366105,0.03663570691434469,0.04522994279621922,-0.21899753278794962,0.23540346776563537,-0.08015705410780555,-0.06684709436231795,-0.04457042489355449,-0.23006581510261825,0.10223552648664903,-0.20478885175541112,-0.1796588276300412,0.1311005405996487,0.010610378693129396,-0.03969409304328214,0.14403119212132395,-0.2256371353002686,-0.12418072840847737,-0.21531038347719708,-0.042841326143563035,-0.0494160020229772,-0.038241786780937544,-0.3672455388568812,-0.10593976175342915,-0.3084493469747606,-0.3048134555320908,-0.1137207061283907,-0.026760024330401384,-0.2862615244773406,-0.32452039721430576,-0.2894565982544987,-0.19169759224707658,-0.14468045845037214,-0.2252134035907845,-0.13063238540449293,-0.15897798645425407
#201,0.5396223320279663,0.10002460377667972,0.5629514963880289,0.42907619652950063,-0.2002884109377456,0.20929612695548766,-0.13738133803538843,0.2956075424244288,0.22132122280770097,0.37409700722394224,0.06680608806785175,-0.0997341425242108,-0.12192538221283633,0.038183694530443756,-0.12098907182252476,-0.3286586157641865,1.0,0.3947197561492356,-0.012236961706955351,-0.27978594714288646,-0.2761227181705725,-0.3061119881901872,-0.1449196618347583,-0.3636848256207328,0.02135744503447946,-0.23866005098449278,0.21149679809184044,0.07719434933262256,0.00632180373020592,-0.10896055877910593,0.04288916682044027,-0.09334741216110007,0.5617349763188649,-0.2610665737190659,-0.07217791264292402,-0.026842036919333786,0.06288656975512408,-0.2481530081534182,-0.10444303200541283,-0.21267231186653818,0.1958904858562456,0.17517547276840328,-0.048722312208257304,-0.041160068070448814,-0.30249659989475053,-0.4098920851017298,0.1188909164223375,0.16473595363554971,-0.2013682433586889,-0.18644878655540292,0.3707413254601248,0.0016778408819087063,0.23498657043856233,-0.02837635577061079,0.06605430600263808,-0.057360971575803554,-0.030259228124850497,-0.4137364252079361,-0.05943178944634668,-0.22349797360561513,0.11929414498458847,0.21640388466296243,-0.04420136824335869,-0.0183810714944744,0.48097991375009397,0.07034629815676706,-0.03176620944648337,-0.09100321899411559,0.12124194397173299,0.10618238232902084,0.460227311558991,0.5021084069738038,-0.10559804263287748,0.2204464218590887,-0.06238424264791312,0.12356221680027885,0.056059021726501686,0.22708260718020215,0.07949753620514083,-0.21478755322275303,0.10157942577518983,-0.05009602307287502,-0.14575003929769886,0.005385493339894341,-0.2142920604979531,0.07019594174372433,0.13088184036249564,0.021234426151080857,-0.10438493975491904,-0.034858767487475996,-0.20303583266698105,0.11156445847770965,-0.24372091115986305,0.15843807024378243,0.12043548684723104,0.46543511095619844,-0.15045551158769538,0.6016511867905057,0.4110675988764275,0.4753073763489362,0.37621224858015706,0.46280045653674506,-0.21701556188874993,0.5657160040732919,0.480166622243181,0.5162829160942871,0.4387981055091957,0.3732529609961796,0.2701289647960962,0.02590230933781669,0.05224201914993951
