,#10,#11,#12,#13,#17,#18,#26,#49,#50,#51,#52,#53,#54,#58,#101,#102,#201,#202,#301,#302,#401,#402,#501,#502,#601,#602,#701,#702,#801,#802,#901,#902,#1001,#1002,#1101,#1102,#1201,#1202,#1301,#1302,#1401,#1402,#1501,#1502,#1601,#1602,#1701,#1702,#1801,#1802,#1901,#1902,#2001,#2002,#2101,#2102,#2201,#2202,#2301,#2302,#2401,#2402,#2501,#2502,#2601,#2602,#2701,#2702,#2801,#2802,#2901,#2902,#3001,#3002,#3101,#3102,#3201,#3202,#3301,#3302,#3401,#3402,#3455,#3501,#3502,#3601,#3602,#3701,#3702,#3801,#3802,#3901,#3902,#4001,#4002,#4101,#4102,#4201,#4202,#4301,#4302,#4401,#4402,#4501,#4502,#4601,#4602,#4701,#4702,#4801,#4802
#10,1.0,0.29914332870503785,0.24659759825723515,0.5306513402240525,0.5358723799582042,0.47188904988281477,0.14454428754813864,0.7251526027612586,0.3707740269999577,0.5623379005003799,0.6025069374051586,0.6089588753443512,0.49476747349477956,0.16080955538135072,0.12565439328688915,0.23798775953553142,0.3848725270694829,-0.10378519335057021,0.30503664683015497,0.2672197782045572,0.182382920582077,0.2105388101720396,-0.024703006511185496,-0.051233820278382906,0.16479566646447263,-0.06203380335050975,-0.09723168817245473,-0.17803406935994504,0.3319100485064175,0.16367842683632158,-0.13227883431441106,-0.3436426767803991,-0.12034307156258375,-0.46773446615735265,0.14373578008274507,-0.176194573810565,-0.038425869014535805,-0.25489870481618143,-0.18902831992874172,-0.2873083271029356,-0.012575394530281747,-0.040784486007299135,0.1254391674710765,0.08045777805543072,-0.43477670321609435,-0.05535857870352644,-0.14247102613139656,-0.1408145128299172,-0.27490986915157095,-0.11581526853854013,-0.1594198576043432,-0.15205703887163635,-0.06923459815445879,-0.004753911044026577,0.07810964022223879,-0.01734905475965443,-0.20369027634752923,-0.01483486255171566,-0.39449400773442583,-0.457801028972861,-0.12470723847947394,-0.13258111776358614,0.006532143814373779,-0.01889432775183738,-0.05572534928852552,0.011006744951362593,-0.15770772414821563,-0.0001019702835217231,0.27189025901661146,0.38002148227712135,0.11982959274358504,0.15241252420786622,0.39042809382072174,0.11519296767783839,0.1373023821951018,0.003115937794096606,-0.061112443397424145,-0.04019442871450941,0.34327510010620227,0.1867059769498794,-0.004189648605566449,-0.23747428071653268,-0.34276887608998374,0.05275249232703845,0.19238809970517287,-0.008029051454688718,-0.0949399765831088,-0.019234497393309055,-0.02317949792734315,-0.3165693649830822,-0.014734101401990636,-0.3098167557731101,-0.32113102375343344,-0.2941084955755779,-0.23908807129052864,0.10015214933608478,-0.027490462957178528,-0.0010886234616291465,-0.1721270477184653,-0.13707103459533315,-0.1721697704459487,-0.42988132351785385,-0.10402621402071247,-0.18940637576251,-0.025064134471799976,-0.024208067743736184,-0.16754362453977345,0.010351394433551044,-0.24309755896038676,-0.058566813710771166,-0.09090066361293209
#11,0.29914332870503785,1.0,0.13096490892199678,0.4643779107377127,0.24206254043041134,0.504802477918194,0.40358830606400753,0.532359443234191,0.5081372689294934,0.6009874592673052,0.5461613024789258,0.4375585170377028,0.4101990435751668,0.2715355797695794,0.3049254065208586,0.2834181406343519,0.19544962647841796,-0.06027975325609655,0.40947275720794885,0.07188340725843018,-0.08053355044002394,0.08637286058888846,0.06258839271859627,0.047362979950546426,-0.049128315293728825,-0.017105615821918774,-0.5436479163601848,-0.4787198497449735,0.43384567019263515,0.1090215487794802,-0.03317500398006541,-0.2630966319578093,0.10962208523184133,-0.3266728869883097,0.08295826674700689,-0.09134723702851338,0.07007937963375337,-0.05528200022973542,-0.13543386743460098,-0.38319989198404747,0.17637513779087224,0.1782984666168235,0.0008048800640034823,0.1275986804319832,-0.18480763688905996,-0.15954641360839783,-0.5920116560498002,-0.5185728996842146,-0.4083917915936988,-0.28799592118865913,-0.32120518395963105,-0.0927248434675539,-0.22007323320362016,0.026515095027840305,-0.059371290730175746,0.07490059912579626,-0.17329748923367116,-0.050713086656603984,-0.4018568264671327,-0.42483762340721815,-0.3487508640268589,-0.2654318723638364,0.14543259784411444,0.23326085247963113,-0.18703244307498845,-0.21766947521578,0.2865892955384978,0.3285357591244259,0.392601310297991,0.21138520382972978,0.378465730125367,0.1660910518053375,0.42978056236812884,0.060910921097974094,0.33126275888058393,0.19313615048073143,-0.12946558301408842,-0.15326617266833661,0.31934473009110825,0.3393421909101352,0.21266930392182548,-0.09502945248406462,0.08841952106210313,0.3020428315495251,0.04516719297573873,-0.09527853404618489,-0.34691942936945686,0.037757621069559454,0.14767110754640556,0.025689659689292918,6.811453721411543e-05,-0.24249299206203662,-0.35080961583804054,-0.44782809341767715,-0.39362020704401046,0.15067540198660684,0.09603948224890825,-0.29679599696104375,-0.4566708919175451,-0.42237502090793855,-0.31054707258631703,-0.0030232375363495848,-0.17563434181809387,-0.1404308143717643,-0.2727769571341917,-0.05968969596330682,-0.1695395013935267,-0.1783960034097573,-0.15482353699848656,-0.22256404882482272,-0.1757334907894233
#12,0.24659759825723515,0.13096490892199678,1.0,0.4645883000183385,0.16878419581518794,0.3592904802880963,0.11335266603926057,0.11815453939055626,-0.09327620847884922,0.3580482968342862,0.11988521289823326,0.06089238104642469,0.14767110754640556,-0.08977536309280304,-0.05845879775826594,0.1324843870598501,0.47528349149475135,0.632724803163094,0.1907025671925727,0.04266831646255816,0.010249021105430422,0.2926333523436036,-0.031202503713048366,0.28024214919501916,0.13867353992055992,0.35491260985484346,0.28378894166533997,0.3183750047861546,0.27444556177363805,0.2339790779548711,0.31441388246816454,0.07778075582953632,0.4570078372022256,0.26123134155409966,0.20119704245873327,0.09312063326367379,0.24480969241651435,0.12261140656519347,0.14944611595996155,0.271380004554404,0.2154720760625767,0.11048298849509193,0.05011899891782525,0.13021363378964698,-0.254670581573204,0.038076026302690524,0.17233501873149773,0.16027995477839602,0.019627868921835545,0.13799320063761655,0.09339389750172805,0.11544204923995864,0.22927715966410264,0.3999979847770055,0.045184120848892534,0.188474536649853,-0.21004145313699688,-0.07555998008959681,-0.31228500089677425,-0.22745942852306322,-0.3019670591649319,-0.21921394211876516,-0.11074335530598138,-0.05006660311996824,0.481860373259603,0.1434383331687568,0.02852145104116496,-0.15963266515256247,0.21666266980772758,0.16793538388990434,0.29117836134157427,0.24611555691695064,0.0750739083033233,0.24807112931081388,-0.1915586339206365,-0.06208781132676236,-0.32511471656896196,-0.17014487438107465,0.2353445930559446,0.38527234731159177,-0.005967881375913651,0.0428295343021182,0.11187510453969284,-0.2869093129500245,-0.10451792843137057,-0.32170495926226716,-0.17682735383083814,0.07552289998649801,0.2371155710235116,-0.27257865919153285,-0.05147242268093176,-0.25296892727664777,-0.054783837105494906,-0.2820469829088938,-0.15415448296431242,0.3241449912640083,0.484260906890652,0.5667802580694566,0.410041050092398,0.3055017602972857,0.4840561602344107,0.17301697019283668,0.47437099852284154,0.3080909188006199,0.4272792675873549,0.4934922403838597,0.6041328193171215,-0.30048063068418834,-0.38293227037037786,-0.357109202918849,-0.3833328967016845
#13,0.5306513402240525,0.4643779107377127,0.4645883000183385,1.0,0.2551768055894225,0.42979990850887606,0.27822531402212314,0.37721387360118336,0.2561650709459255,0.7525257797401571,0.5721270477184652,0.3691094528065003,0.3349610961200912,0.0927651479274439,0.14410335675694194,0.14982900832891663,0.3519204067526092,0.05628880563778785,0.19175612577409754,0.19416230202953108,0.09885353963842869,0.22556592499743058,-0.05290242491782928,0.003910741743127586,0.11899125997787285,0.11290044999929467,-0.20190398268520404,-0.17331925364201176,0.32341628662919697,0.1316565334537093,-0.11004608814988423,-0.2039441944448363,-0.03496452199918182,-0.1831745001743168,0.11730169701928367,-0.03052216443010501,0.11277389399524004,-0.008149158745160945,-0.0024339863327576513,-0.097577500438311,0.007934739018546097,0.08618423571660322,-0.039762364904488506,0.06387974761347216,-0.29472999034708186,0.04731542068787622,-0.2846877311208872,-0.27579817944754675,-0.29301624471255866,-0.1717385127251256,-0.23017353085205644,-0.14952269443375257,-0.060956062093050906,0.07604040925148572,0.12459116163499072,0.12520540160371446,-0.12294754576067615,0.014022324640333076,-0.41686943168696333,-0.3662768553654305,-0.21554220582278533,-0.09927270602128478,0.11939511066597075,0.16536718370571296,0.06127930386136878,-0.04294722332499703,-0.09113765383708534,-0.007525245706063604,0.2198668743689833,0.2481614113009675,0.20095440961019542,0.10620990965755316,0.17460657809089866,0.002190547395021996,0.13530650534134855,0.09511247967143804,-0.10695634825471613,-0.07855218319183109,0.25426108826072147,0.2529165314787908,0.03730621111879135,-0.17955515967619398,-0.025896824613127565,0.08539104394596785,0.10005461254315096,-0.26463384405801427,-0.2887286562694595,0.0039615253625889975,0.03676210091027623,-0.22772060142315048,-0.0485705015688511,-0.33933413001815715,-0.37237895059277787,-0.44789580491029235,-0.345688531164416,0.13691465329095992,0.09037509345596637,0.11834719470883051,-0.1571918270616235,-0.20772394669332134,-0.04153576113964891,-0.2849368126830074,-0.04323419107941389,0.10821626567087782,0.0058332644798810215,0.050773543346439,0.002716117551987715,-0.14360519363270144,-0.08335889307831358,-0.16649893293942442,-0.1460750509347612
#17,0.5358723799582042,0.24206254043041134,0.16878419581518794,0.2551768055894225,1.0,0.5244525142929691,0.10390530064104243,0.4215455551234022,0.16616198765474394,0.31645570640619236,0.3076604671689946,0.5321966132162355,0.524210687533629,0.21050253615813858,-0.00763890428295343,0.14782587667238317,0.19301362492266583,0.06794646761637409,0.12731251876676414,0.19521263625426472,-0.03278727507592353,0.12746728789274178,-0.13221757153537825,-0.10604627355039972,0.014909022757913276,0.03411571007389823,-0.17729972210074907,-0.13444560207809794,0.14612180410823358,0.29690481900274673,-0.058047692267387846,0.09691489511771925,0.03254867267337467,-0.12903110093647413,0.15159998629648364,0.12880136551510107,0.13988751025244697,0.09987001811685473,-0.20860258391892356,-0.10743274697061603,0.07966861673078435,0.14556882691854267,0.23446998627633142,0.12206649026748055,-0.23810141811242122,0.08825669104414749,-0.10924644766566645,-0.10114686340617021,-0.30708008294657846,-0.12991135034047194,-0.14764289442448253,-0.13666879608563084,-0.1934013538268077,0.03027469504638036,-0.09546635282927232,0.10152491923993849,-0.29643567508962704,0.05241071050717117,-0.4000245857205329,-0.33141510973896815,-0.2049115014821965,-0.16672060746881945,0.06260290232415668,-0.1411901503960921,-0.15002408191478428,-0.0913947962911836,-0.03226412318655121,-0.012308579005809887,0.13035631157765762,0.13097780634916156,0.05876108120744101,0.09420965976990184,0.18619088595248506,0.3401990637273968,0.00031719609933437184,-0.040061423996872375,-0.010091027622661586,0.05663381181444633,0.02481344073128412,0.14015593795531445,0.13055702778790987,0.20068436972893236,-0.07023817920572001,0.0463811633076258,0.4392021329120174,0.08190390207628426,0.14001648452409501,0.08187085241917444,0.10438411762453574,-0.03081880525489548,0.17954387442742475,-0.08098415430159424,0.02004622921549384,-0.16978616468805355,-0.03854517021581023,-0.0794695126989277,-0.004299276736467274,-0.07843126981216106,-0.16092643831503176,-0.08789556308353301,-0.09162291953416105,-0.23900101365716622,0.18173724313463907,-0.06392005207336218,-0.1086330137861405,-0.023866285923868906,-0.05011416238263845,-0.054158311888001964,-0.20389341082537488,-0.2343877651781558,-0.17826380478131806
#18,0.47188904988281477,0.504802477918194,0.3592904802880963,0.42979990850887606,0.5244525142929691,1.0,0.3245464236845128,0.4850702204452434,0.3629420643541311,0.5654889031745808,0.42906475516048226,0.5949925739032653,0.6774716206221799,0.31110004977600797,-0.10340955578439533,-0.00348754491428249,0.4428641961376236,0.15621081650790067,0.28145773170530186,0.04756611442839207,-0.10681447655590329,0.09475860651360377,-0.11385485960949009,0.004714412673334368,0.09939926202533941,0.05813878034673927,-0.16719861836311498,-0.15949804825652983,0.6193009997521276,0.5282129204007069,0.24430024404350464,-0.11579511630859513,0.09019533556485693,-0.16359781791654154,0.2736459212894203,0.1381560306555722,0.19066951753546288,0.00861588439068725,0.034819425943577786,-0.166351418616227,0.24040683321812975,0.23773303534902654,0.30815056940125707,0.20240698234463134,-0.32293908182409925,-0.10591246274356489,-0.19673130830292027,-0.12807669132627872,-0.207120185884169,-0.10790108479453794,0.0016238666889684678,-0.050371304836736706,0.017856084865070745,0.10901026353071099,-0.1399133051067766,0.07707381560306556,-0.21707699965539687,-0.08493318528161733,-0.38238332362667593,-0.40431298025282986,-0.2697388069476828,-0.2224769911914603,0.13964890784989814,0.08048840944494713,0.012110281063151042,-0.15256971160143726,0.034068956900425815,0.05819198223379408,0.3120931516676978,0.2896830658796549,0.3028924495640065,0.15396505200282937,0.2437529094781983,0.28910348774643657,0.14503519586959895,-0.023944476576055522,-0.04329787212604011,-0.09927270602128478,0.38376737877929884,0.4887637211495638,0.12093957756895589,0.11916376306620209,-0.07038085699373064,0.1603557271629892,0.28224528085155265,0.012064333978876433,-0.11617155996396782,0.10946328565987469,0.20072628636721795,-0.07368421052631578,0.17820254200228527,-0.11886631615221382,-0.18467624434981852,-0.3288388486627988,-0.2410339706140183,0.15709751462548088,0.1629126420984114,0.0865381088744375,-0.11636985790662666,-0.05383910056567309,-0.0026742009137021056,-0.14576067614761912,0.12296124927703875,-0.13233364837986147,0.07872952281534713,0.14058477740854414,0.132016855325126,-0.13038049425359163,-0.3063408991521957,-0.23869147540521096,-0.27122523542842636
#26,0.14454428754813864,0.40358830606400753,0.11335266603926057,0.27822531402212314,0.10390530064104243,0.3245464236845128,1.0,0.35175112802107117,0.3482776896677502,0.3460859331389315,0.26644512648547125,0.24514986205798603,0.19190928272167956,0.3383547316428299,0.18423128311263282,0.1272101454386435,0.097585561330289,-0.08276480533953484,0.09942344470127341,-0.06863083734530645,-0.027883834485705014,-0.016494600209986235,0.14124899490753148,-0.11948539265612436,-0.050389844888286114,-0.24172075861054404,-0.2546915398923468,-0.31881351730975793,0.2544190817434903,0.00820880934579816,0.04468918208144322,-0.3937588543860321,-0.11839636614989632,-0.38871837863218756,-0.15272286854901929,-0.24263163940405827,-0.1725534689041016,-0.27302281433952075,-0.13605455611690712,-0.42852467539795613,-0.1041640552735363,0.04790064144547915,-0.13891053014471316,-0.05395920785614532,-0.1575537611114358,-0.08001120463984943,-0.35093052921771056,-0.27132760875654693,-0.2517589873907497,-0.19228572637705224,-0.08152987668850496,-0.09522613824832787,0.03510236325200565,-0.22414156538491767,0.10688057587012291,-0.28631925565723476,-0.03900302888016073,-0.19331349010424748,-0.20598843665045755,-0.2822444747623548,-0.11417084657502775,-0.12393258676038797,0.26288301832039224,0.1337306009596492,-0.08231500756716234,-0.00653536817116498,0.20338718680915638,0.5075109376228026,0.22201590817031858,0.27174677513940304,0.3955685246350935,0.30793050705025765,0.42763797728037595,-0.020680621414162582,0.1929418829840616,0.09158180898507325,0.0397309274257743,-0.009339752490311815,0.20937723563800953,0.12309747835146698,0.13141470669436928,-0.008485297940643621,0.0020414208934289623,0.2843693258877561,0.05849507177216695,-0.14463053909230325,-0.2657309314562203,-0.04185013592679098,0.08377080465838947,0.024450700592274038,-0.13134699520175405,-0.3584295770248457,-0.34062709709142863,-0.20423841700203335,-0.18515425524411402,0.07309576541192166,-0.13874286359157073,-0.06955542165518326,-0.4038518972316882,-0.24342080072870464,-0.25800376040610773,0.02866171056158219,-0.13593444882643488,-0.12568180031961437,-0.16699951433125831,-0.05777684629692699,-0.2740610572262874,-0.10255268296713373,-0.01867587757923353,0.05173278949182122,0.03206179479790336
#49,0.7251526027612586,0.532359443234191,0.11815453939055626,0.37721387360118336,0.4215455551234022,0.4850702204452434,0.35175112802107117,1.0,0.6247590297104326,0.5349397347563495,0.6203706801176084,0.6926615654655266,0.5079430014328236,0.3669031866721212,0.2729817037904329,0.22613986050626433,0.3265318213786947,-0.07353911447071175,0.5424750565773856,0.1810327211757617,0.028358621023209324,0.07055980879564228,-0.06858085981504283,-0.20601664977238057,0.021303728364062125,-0.06697835448981607,-0.29266640200071337,-0.41473329531279285,0.47365519131519496,0.15865971549081764,-0.009234154805399991,-0.33324573830717236,0.017325678172918225,-0.5042293484985582,0.22880317921579613,-0.05549722604554807,0.04607887985845074,-0.1668898862003575,-0.3108372646975251,-0.5595810754439032,0.051539328084349176,0.09705837899492768,0.09869715833405546,0.2061383692412484,-0.4118515264306572,-0.28183256318227895,-0.31172638108269873,-0.2954603071602888,-0.47274834096766977,-0.28909059031927176,-0.2914983787531009,-0.2582641272169972,-0.2159533113136634,-0.10806069045570238,-0.05352069533254202,0.053536011027300226,-0.3085213704322452,-0.07875531766967674,-0.45096619866471327,-0.6344788532575072,-0.15832357629533497,-0.1703770280700411,0.131928185513368,0.07897699219907178,-0.1678096339750475,-0.05240829223957777,0.07314654903138307,0.25896784308667675,0.5369863952295642,0.43295252336147255,0.42312629604028834,0.29870159182464334,0.6734186041356406,0.26701744981590936,0.34895158023711115,0.17517567706454557,-0.03608256771653067,-0.06870983408669086,0.39484062608947995,0.21800480832206487,-0.03015136339911693,-0.15837113555800517,-0.1965410712522394,0.18615944847377086,0.2979744993682276,0.07918093276611524,-0.14907289666138007,-0.1624596199692477,0.030783337330192274,-0.22135733329571583,0.02188975521086286,-0.3500970329871852,-0.43911749354624835,-0.3770220243721069,-0.3127372169367401,0.11265781715075682,-0.061916114327630924,-0.10908845418289762,-0.3401087817372431,-0.18734843004052615,-0.28850698174006445,-0.19919471689139762,-0.10441071856806315,-0.25062885033543386,-0.06564830731344577,0.06220066381445439,-0.2370397986389184,-0.014917889739089078,-0.08379659951271907,-0.08826233366853209,-0.11159216723126497
#50,0.3707740269999577,0.5081372689294934,-0.09327620847884922,0.2561650709459255,0.16616198765474394,0.3629420643541311,0.3482776896677502,0.6247590297104326,1.0,0.4192756079423969,0.5448183578753907,0.640934015553491,0.2970684551099002,0.277665082029652,0.1603412175574288,0.02529870642835983,0.03677016180225423,-0.30744201699639073,0.26997579717183606,0.13076177444415113,-0.03904252725085294,-0.10757220040183546,-0.14338916172769098,-0.3541081328354389,-0.1276486579622468,-0.27210548483242414,-0.4928796125935315,-0.5654365073767238,0.35255882939726696,0.14105392132166386,-0.17369892165417564,-0.45146678005654717,-0.15695080639148126,-0.5895055247338394,0.060594934132436426,-0.11005253686346662,-0.06457862694796493,-0.28064438770472144,-0.3994611293712706,-0.6746075857023959,-0.06631494308002651,0.07641927117445181,-0.06905484026334933,0.02574044330875433,-0.3271823353613194,-0.30698415833204024,-0.4854047474623304,-0.40754539793600864,-0.43907154646197377,-0.32800696461066897,-0.2534203372274159,-0.27744501967865254,-0.313004032461212,-0.25496399804120323,-0.10004816382956856,-0.0962168218724243,-0.09560822452808515,-0.010085384998276985,-0.30135684964219717,-0.4352692237159503,-0.09905425584868094,-0.07178828873308976,0.33871908396023565,0.24684587373015762,-0.3106752407687673,-0.18106738301126712,0.11941203853912455,0.30175586379510827,0.30386298095815795,0.29077289847508075,0.2463614141222797,0.08055773311595794,0.6321508676542603,-0.005747819024914202,0.5092577329144357,0.28974513474788555,0.2353478174127358,0.1372306402564976,0.15359586315023688,0.04892437472668538,0.08977052655761623,-0.20425050834000036,-0.1615301991241841,0.5287570306092221,0.3086398655443218,0.09015583719416471,-0.2304056845410229,-0.13482204573347065,-0.04473996570090463,0.023863867656275507,0.09276272965985051,-0.13009836303436156,-0.46731126932850753,-0.3428438423853791,-0.39451819041035985,-0.11151236440068275,-0.30741944649885233,-0.17324589952501193,-0.506142198164938,-0.1774980200434079,-0.4323124885384192,-0.3378227127722818,-0.3368441204861524,-0.2526803473438353,-0.18428045455369865,-0.0798862608141904,-0.3862856014332266,0.0529854521052027,0.017453846355368452,0.021139286167710887,0.0010878173724313464
#51,0.5623379005003799,0.6009874592673052,0.3580482968342862,0.7525257797401571,0.31645570640619236,0.5654889031745808,0.3460859331389315,0.5349397347563495,0.4192756079423969,1.0,0.6378007468416418,0.46695094745709087,0.52492488256288,0.13439481845863654,0.1920624396692616,0.0692934426658982,0.5512573983874186,0.034069762989623616,0.3801407834783958,0.07004552388744577,0.11647142514554948,0.0927151703971803,0.058570844156760164,-0.056368608468370066,0.1314816120977867,0.02652718636580731,-0.22347412352913912,-0.29456393597233504,0.435984224834399,0.1695572353558783,-0.03158297781441005,-0.2681330772656648,0.029435556191470365,-0.27848326256541917,0.06762967456163861,-0.03987279912458713,0.030045765714205107,-0.13538792035032637,-0.14138199962516854,-0.32549035413513683,0.005096498953091655,0.12340540442502665,0.06590786803513743,0.06610535988859848,-0.3116272321113693,-0.11119960179193629,-0.3753671232490231,-0.39879368751549205,-0.3051366018906822,-0.2724521031874782,-0.21416137502695362,-0.08955852509859479,-0.05036163176636311,-0.0005372584503338217,0.06311799332155099,0.04653109589841664,-0.0852274078388144,-0.08747317234388571,-0.3899113906449318,-0.45274362534586265,-0.24345304429661666,-0.17160631409668636,0.02123279251465571,0.11667294744499952,0.12879814115830987,-0.08208043561060249,-0.048131182956050005,0.07232191978203348,0.3894519198021857,0.22364017790388596,0.3638078041525685,0.230881277167725,0.3239539481241297,0.10998160101406021,0.2035193854375956,0.06075776415039206,-0.08219812463348132,-0.13059652615860207,0.3987340369148548,0.2879217609824615,-0.0012055063953101731,-0.24781721121350683,-0.11286578816378927,0.04994568974029821,0.006220993384022909,-0.16757103157249864,-0.26333281609276477,0.045397734486309585,0.0344421761990073,-0.29705878203952657,-0.05434532458189161,-0.29214566837893446,-0.33401071695588475,-0.4362139602557721,-0.3059015805393946,0.32814399977429504,0.0922234559865222,0.04984170423378199,-0.29258337481333996,-0.2489820101043281,-0.154075486222928,-0.1616083897763707,-0.034370434260403086,-0.010294162100507232,-0.034679972512358354,0.09381709433057316,-0.032028745140793555,-0.12602277605028384,-0.14710442684035202,-0.0945030762379011,-0.0878625134264232
#52,0.6025069374051586,0.5461613024789258,0.11988521289823326,0.5721270477184652,0.3076604671689946,0.42906475516048226,0.26644512648547125,0.6203706801176084,0.5448183578753907,0.6378007468416418,1.0,0.5910612768855937,0.4962837272758417,0.2923463845891867,0.23825135070321207,-0.007838008314810076,0.27997049713536054,-0.23273286405507201,0.19533032527714353,0.0583008042754971,0.06136313713794,-0.0861374825431308,0.10591085056516929,-0.09993772960946994,0.07316670126132807,-0.2644951967159926,-0.43953424166151106,-0.41928769928036386,0.4258258887637211,0.1028968830545944,-0.011342078057647469,-0.4352377862372361,-0.19553104148739578,-0.5997178687807699,-0.017324065994522624,-0.2317615265717228,-0.16185182871410636,-0.4084973892786106,-0.15773029464575403,-0.4948029414194828,-0.014530160834947192,-0.1359916811594787,0.17068817850039197,-0.1788941665339978,-0.14325212656406494,-0.16748236176074063,-0.502624424905738,-0.4327896933435169,-0.3324049872738668,-0.22836789104898403,-0.226451817025813,-0.08859202415043237,-0.03862658522478805,-0.2127732894283417,0.00786219099074408,-0.22906596429427897,0.018699254165969736,-0.09254911602243346,-0.26557616233024267,-0.3668765857285938,-0.1558609737960554,-0.18742500851431715,0.2556443373241466,0.33264197749802005,-0.09909859075455994,-0.0020011164335389533,-0.04380409614225862,0.14463134518150106,0.19254286883115052,0.2637406972268516,0.262863672179645,0.21264995778107826,0.36789467638541545,-0.059371290730175746,0.26298780991610626,0.06617710182720268,-0.052238207418841935,-0.14121191480443268,0.46240379829230005,0.19503610271994648,0.04523329228995834,-0.17369247294059323,-0.12468144362514434,0.19096454618185776,0.09807324529495812,-0.01655022036463445,-0.3093790493387046,0.14842560703554653,-0.017875431005817947,-0.21681099022012282,0.14577196139638832,-0.2066131557787527,-0.36618496119688126,-0.38561815957744805,-0.2927147673525814,0.09653925755154437,-0.09820544392339735,-0.08347255165520341,-0.4664995375063228,-0.365895575174871,-0.36375621444390926,-0.3438200164039152,-0.22948996721232187,-0.1977179614810277,-0.2012566930593705,-0.15292439084846934,-0.36258093639351663,-0.02092325426270044,-0.179680103501853,-0.03605757895139887,-0.007018215600647289
#53,0.6089588753443512,0.4375585170377028,0.06089238104642469,0.3691094528065003,0.5321966132162355,0.5949925739032653,0.24514986205798603,0.6926615654655266,0.640934015553491,0.46695094745709087,0.5910612768855937,1.0,0.7122583999532468,0.39765710174659374,0.01752397611557707,0.05334496788742158,0.2776908768839816,-0.1634245087390145,0.34407715885801343,0.19927613190037544,-0.14935099743462113,-0.039331107183665406,-0.21621367812455286,-0.2775264346876304,-0.19636534380711898,-0.1668358782241049,-0.3975297396533413,-0.36315003536716356,0.4793252227325215,0.40421947390588503,-0.054783837105494906,-0.19040834463537562,-0.1478887516298116,-0.4718568063149028,0.29747875451158046,0.0313258353603118,0.04248533421465752,-0.15909258539003635,-0.29566989035171687,-0.5099953045304229,0.14901163388234726,0.14183099130834323,0.24737386215471674,0.14187452012502444,-0.3622270632356823,-0.22452445775387275,-0.27570870354659094,-0.21846347307561317,-0.3190255187687794,-0.1889380379385881,-0.1876579682924814,-0.20153318165421594,-0.22450188725633435,-0.12310150879745599,-0.19972270531595673,0.012564915370710346,-0.2789427334081653,-0.059363229838197744,-0.35477638078041523,-0.42621281157866525,-0.2529253984599666,-0.2286935510848953,0.29836222827236947,0.11403300532220392,-0.23766935430240033,-0.11210000342587909,-0.04093764295488117,0.19228492028785446,0.32940230501206114,0.32369519349163584,0.2087799235424396,0.10423982765812952,0.5114099910725621,0.2617448203730984,0.3555663481942594,0.2013276289087769,0.08496623493872714,0.054565386932891057,0.2843765806905363,0.2397474522543292,0.12345860631208147,0.0041928729623576496,-0.28013655151010736,0.32564431717191666,0.5229362605119069,0.16565173319253643,-0.15692662371554725,0.026270043911709052,0.06449721193898711,-0.13359840233120995,0.23856814375794755,-0.19595020787025189,-0.33259522432454763,-0.26905846766473945,-0.2763334226748861,-0.1377642713054413,-0.1315356200740393,-0.10169500406067433,-0.3796200498566169,-0.06744104968935337,-0.26032529729577225,-0.4549055565743627,-0.11019037811629045,-0.23769514915672993,-0.12655398883163416,0.010739929426890733,-0.25879937044433654,-0.09218395761582998,-0.2623767943041737,-0.1545970259339047,-0.1478194279588008
#54,0.49476747349477956,0.4101990435751668,0.14767110754640556,0.3349610961200912,0.524210687533629,0.6774716206221799,0.19190928272167956,0.5079430014328236,0.2970684551099002,0.52492488256288,0.4962837272758417,0.7122583999532468,1.0,0.4725186055462967,0.01112765833103262,0.040136390292267794,0.48276077489354585,0.022145285486565514,0.3209303075431812,0.09696084220199386,-0.12247517749076524,-0.011050273768043803,-0.0829816433337431,-0.11085701388287121,-0.15957382064112305,-0.041713906852362745,-0.25681236057175905,-0.17343130004050597,0.4612615698990172,0.42449181114136186,0.18248126346420862,-0.023947700932846726,-0.1386146954091205,-0.25501961819585145,0.2759287658975904,0.09563885591760156,0.02113848007851309,-0.06066506389264504,-0.1566920517589874,-0.28273054654862834,0.1465885297537599,0.15169429873262627,0.4696021748286557,0.1346245538800096,-0.17371665561652724,-0.1492155744493907,-0.22353296804057854,-0.17582135451198352,-0.09469492546697755,0.004464525022016311,0.016272119591393387,0.055688269185426714,0.016143145319745356,0.06259161707538748,-0.08806806617186225,0.09872778972357187,-0.09305211568186078,0.019760873639472577,-0.23694226184598458,-0.32784252241431777,-0.36394000278100774,-0.4051819444080585,0.28324644363522045,0.16351640290756372,-0.11604097351392419,0.0468100027608555,-0.04114400178951802,0.04887439719642177,0.22892086823867494,0.17096627927363303,0.17239225106454154,0.0759186897826179,0.32604816786001456,0.40140944696235364,0.23722761742200582,0.09232502322544502,-0.03804700709156972,-0.0234108455271118,0.3620263470254301,0.37021943763187115,-0.0058888846345292335,0.06303093568818857,-0.28745261706934183,-0.0023719174645270374,0.2985637505718195,0.05778651936730059,-0.13582885114152307,0.18074655951054264,0.2291320636084986,-0.23951529856536274,0.32898072036161163,-0.13487282935293204,-0.03723205091259373,-0.17097998278999563,-0.13168555266483012,-0.025849265350457354,0.055438381534108655,-0.068443018562219,-0.2427815719948491,-0.1513742813210996,-0.09328588154922283,-0.2870181349917275,0.0873893390673145,-0.3295070966077751,-0.21681985720129862,-0.05554075486222928,-0.13924586325099803,-0.20861709352448396,-0.4544090056285178,-0.2606291929233429,-0.25067882786569745
#58,0.16080955538135072,0.2715355797695794,-0.08977536309280304,0.0927651479274439,0.21050253615813858,0.31110004977600797,0.3383547316428299,0.3669031866721212,0.277665082029652,0.13439481845863654,0.2923463845891867,0.39765710174659374,0.4725186055462967,1.0,0.043511485763457154,0.040995681377122783,0.061774242628818095,-0.07301354431374604,0.05010932584745165,-0.0498908756748478,-0.17720863402139764,-0.21867225017784342,-0.0406144011865633,-0.3166072511753788,-0.21827404211413015,-0.31009969308153795,-0.3359558101901766,-0.3178228336856615,0.1333372294311227,0.06449640584978932,0.26770988043681976,-0.14890523010823764,-0.09679478782724703,-0.332549277240273,0.04974255526245257,-0.008216870237776161,-0.08240770782490936,-0.10968818454606094,-0.08199257188804226,-0.38657659963363245,-0.07410579517676529,-0.07226871789497867,0.2238392819357426,0.02794832162152903,0.06948529189497464,-0.21060007295107241,-0.3198420871261509,-0.2708141299375482,-0.08517823639774859,-0.08227712137486573,0.046348113650516,-0.026511064581851304,0.09398959741890239,-0.2588743367397319,0.0604780511987554,-0.12725770470131373,0.003637477505073324,-0.021115103491776883,-0.13100521338188678,-0.21743812761601136,-0.21515205865105003,-0.26773567529114933,0.42991920971015046,0.34288495293446697,-0.20791257156560658,0.05554881575420728,0.43219641169393597,0.3090783780679251,0.1588886448229929,0.19214869121342623,0.23647956664644726,0.23765081425085094,0.3116594756792813,0.172680830997354,0.33959691509664003,0.28277004491932056,0.00039619284071878974,-0.10318143254141787,0.17898364243495363,0.07716974021760378,-0.038201776217547355,0.340464267073473,0.02053310709096515,0.17631629327943282,0.3151570967085363,0.040553138407530484,-0.23209363532121646,0.1624846087343795,0.2101277046811615,0.19415343504835528,0.4104723078132211,-0.11835847995759971,-0.08813255330768627,-0.1827891895377683,-0.2344103356756942,-0.10145559556892768,-0.30324390445424737,-0.04405398379357668,-0.3262738728353986,-0.21076773950421485,-0.2499751119960179,0.08728696573919387,0.09650620789443456,-0.20434079033015398,-0.18666406031159377,-0.01089953508805517,-0.2939553386279959,-0.16180023900544716,-0.1028654455758802,-0.18309550343293238,-0.15384655689075274
#101,0.12565439328688915,0.3049254065208586,-0.05845879775826594,0.14410335675694194,-0.00763890428295343,-0.10340955578439533,0.18423128311263282,0.2729817037904329,0.1603412175574288,0.1920624396692616,0.23825135070321207,0.01752397611557707,0.01112765833103262,0.043511485763457154,1.0,0.39327278259975856,0.012107862795557643,-0.06367016442204412,0.38998555085112946,-0.06212650360825677,0.5294486551409346,0.07347462733488774,0.6024553476964993,0.2132650038389998,0.16802566588005796,-0.13357905619046276,-0.23340433635683958,-0.4316587501990033,0.08129369255354951,-0.29548610201461845,-0.06167106321149967,-0.22453332473504856,-0.08462848356484887,-0.29122995105023347,-0.16596368971208508,-0.32915161127154524,-0.13978271865673297,-0.22618741976893453,-0.16545665960666878,-0.270661779079164,-0.0997410438452067,-0.12132650038389999,-0.03412538314427183,0.021700324249379815,-0.0450325760797061,-0.1832438238453276,-0.44353647452858896,-0.501781255604839,-0.4604611233256016,-0.3131112423245194,-0.5335895353500342,-0.06008629184862451,-0.2720595377481495,-0.034855699957478795,0.29071244178524575,-0.1378416558684301,0.05953492683732919,-0.24567140176896274,-0.32761439917134033,-0.2682588271805217,-0.2498953091654357,-0.2485531706510984,-0.0042267287086652575,0.12103630827269192,-0.38078162439064694,-0.14465633394663285,0.15396827635962057,0.046164325313417555,0.423337491410112,0.16658437839439122,0.2216394645149459,0.05200524764067768,0.3399524004328699,-0.2582842794469422,0.1849978739397408,0.036741142591133424,-0.3120455924050276,-0.26961547530041935,0.32385882959878926,0.08469538896826628,0.024385407367252223,-0.31196901393123655,-0.08482194497232091,0.020608073386360566,-0.17624858178681763,-0.3554526896173696,-0.3465937693335456,-0.14608230573754138,-0.07496508626162028,-0.1328503515556514,-0.09258861439312567,-0.26999675549097885,-0.19172710656297673,-0.32695501820753975,-0.12205359284031575,0.23213393978110647,0.06292130755728775,-0.31365857688982574,-0.40022127148479614,-0.46987705124510554,-0.4477361992491279,0.08494366444118874,-0.25920483331083,-0.1192330867372129,-0.3594388007004915,-0.20055297718969092,-0.2767743534660828,-0.23422977169538695,0.06178472178838949,-0.10471945073082062,0.007798509944117867
#102,0.23798775953553142,0.2834181406343519,0.1324843870598501,0.14982900832891663,0.14782587667238317,-0.00348754491428249,0.1272101454386435,0.22613986050626433,0.02529870642835983,0.0692934426658982,-0.007838008314810076,0.05334496788742158,0.040136390292267794,0.040995681377122783,0.39327278259975856,1.0,-0.0018326437911987152,0.037115974068110506,0.32247880489215536,0.6137115772545811,0.19354080725802714,0.730895182206387,-0.037064384359451294,0.29394082902243546,-0.07078954421701533,0.26597840083994495,-0.1655493598644158,-0.06199591715821314,0.0056132021288815715,-0.05587205752252516,-0.17023435028203046,-0.06777396452804485,0.03147979839709163,-0.11282306543630585,0.03572547020190519,-0.1205204111860998,0.03718046120393452,0.16130933068398684,-0.18781112524006344,0.04607323723406614,0.08079149898332,0.12561892536218594,-0.05499180811852736,0.44746132283267803,-0.3050310042057704,0.2901215784032582,-0.12281534713223692,-0.18578703526438717,-0.2865449606326188,-0.005580152471771764,-0.3161252098350943,-0.10657668024255224,-0.28373251542149397,0.2596215814260927,0.006520052476406777,0.24956320041594202,-0.3912970579759503,0.17731100734951827,-0.4904121735590652,-0.40475955366841115,-0.44435787942114735,-0.3231833268510327,0.12192864901465672,-0.03103080671391693,-0.277798086747289,0.038457306493250014,0.20342910344744197,0.11747742446440411,0.3748600931436068,0.4675982370829244,0.23111826739187824,0.18303988327828416,0.19745840075933602,-0.04703651382543735,0.0348839130794018,0.0018334498803965153,-0.394327953359679,-0.23778623723608136,-0.014362494281804753,0.37797482180390674,0.07133526660392606,0.12876670367959567,0.1672856759964774,0.010901953355648569,0.06236188165401443,-0.4741251413175125,-0.3482599557053986,-0.05354245974088263,0.20781825912946397,0.04428855575013653,-0.01262375988214976,-0.45214470107189714,-0.17578669267647812,-0.4409448977576614,-0.298896665410511,-0.10262926144092474,0.2073870014086409,-0.2920731203511325,-0.028981727973108863,-0.09880033775137388,-0.11455212676558725,-0.0036439262186557255,-0.18687606177061522,-0.010583548122517498,-0.24713122930617887,-0.04743472188915064,-0.12388099705172875,-0.35403074827245007,-0.0975863674194868,-0.43239390354739704,-0.35610239751079653
#201,0.3848725270694829,0.19544962647841796,0.47528349149475135,0.3519204067526092,0.19301362492266583,0.4428641961376236,0.097585561330289,0.3265318213786947,0.03677016180225423,0.5512573983874186,0.27997049713536054,0.2776908768839816,0.48276077489354585,0.061774242628818095,0.012107862795557643,-0.0018326437911987152,1.0,0.3012085292298019,0.3580418481207038,-0.06331629126420985,0.11041769527007012,0.040878798443441756,0.10010620225181018,0.04428936183933433,0.1849188771983564,0.13180243559851115,0.2953498729401902,0.06926442345477739,0.4701906199430498,0.323593626252713,0.36834366806859015,0.06948367971657904,0.12412927252465121,0.03996066284714735,0.34157263972044827,0.07626692031606758,0.12432354002132107,-0.025001259514371564,0.005910649042869838,-0.0666970293597838,0.13314054366685946,0.04595796647878071,0.23024204843386945,0.08852834310380615,-0.13572325345661124,0.02246691507648779,0.11622234358342923,0.07511985538759791,0.08399167309858672,0.014612381933122809,0.08503233425294676,0.02657877607446652,0.3351045799972996,0.227379625692481,0.121382926627746,0.09765730326889321,-0.018039873202169186,-0.09258297176874107,-0.15839854259073038,-0.25404747462330446,-0.034050416848876414,-0.11189364459124225,-0.0825737621996562,0.07316267081533907,0.4120353147677556,0.07242590528854971,-0.09476183087039497,-0.05362709910665164,0.36226253116038554,0.24377144952974772,0.169982044363119,0.34642126624521635,0.07982177367836638,0.33042362002567394,-0.15907968796287153,-0.23567508962704267,-0.15375949925739033,-0.1457364934716851,0.6054789882774478,0.37014769569326694,-0.03897723402583113,-0.04603696322016513,-0.13670990663471866,-0.3469565094725557,-0.048891325069575574,0.033999633229415,0.03861691215441445,0.07951304151560891,0.29470822593874124,-0.49558242967375554,0.005592243809738767,-0.015478121731560206,0.08699757971718361,-0.07709799827899956,-0.061737162525719286,0.5316613699888961,0.2657567263105499,0.3887465917541105,0.1134977620948646,0.12199555441807414,0.112548189019856,-0.08880724996624502,0.35547767838250144,-0.15708542328751388,0.25096579562011434,0.23981596983614223,0.30577018800015315,-0.011091384317131612,-0.27389258458394716,0.022861898783409877,-0.0688283291987675
