,#10,#11,#12,#13,#17,#18,#26,#49,#50,#51,#52,#53,#54,#58,#101,#102,#201,#202,#301,#302,#401,#402,#501,#502,#601,#602,#701,#702,#801,#802,#901,#902,#1001,#1002,#1101,#1102,#1201,#1202,#1301,#1302,#1401,#1402,#1501,#1502,#1601,#1602,#1701,#1702,#1801,#1802,#1901,#1902,#2001,#2002,#2101,#2102,#2201,#2202,#2301,#2302,#2401,#2402,#2501,#2502,#2601,#2602,#2701,#2702,#2801,#2802,#2901,#2902,#3001,#3002,#3101,#3102,#3201,#3202,#3301,#3302,#3401,#3402,#3455,#3501,#3502,#3601,#3602,#3701,#3702,#3801,#3802,#3901,#3902,#4001,#4002,#4101,#4102,#4201,#4202,#4301,#4302,#4401,#4402,#4501,#4502,#4601,#4602,#4701,#4702,#4801,#4802
#10,1.0,0.38567297364289843,0.5255189703016587,0.5997622036866489,0.07324247364592129,0.2570154950496047,0.13401434435727486,0.3660350286060904,-0.20846957920128653,0.49990709821995355,0.5568476269741628,-0.23119726413326266,-0.07163593787470553,-0.2304411524657261,-0.4414156538491767,-0.20784163571620018,0.40594450478917743,0.4043162046096211,0.07184229670934238,-0.07652164450257243,-0.26748417546143566,0.15794471437236887,-0.15428990594954284,-0.0931190210852782,0.13271331639202535,0.04388470506203864,0.36149029770889296,0.45227286925434734,0.0631470125326718,-0.09551552427033813,0.29573518357673867,-0.03921744860677558,0.18304391372427317,0.03459694532498494,0.051619937004129195,-0.02903896030615268,-0.015257253291362956,-0.05640165812547988,0.1519482168299333,0.09430477829524227,-0.1125699534281966,-0.26734955856540304,-0.2387769208601778,-0.25877035123321573,-0.09014455194539552,0.011607281403723729,0.28813456853068076,0.24355864198152846,0.4236341322349024,0.3348820993787068,0.3525015970642231,0.3898307817251518,0.31727388694195957,0.3902112558265135,-0.02887532419899924,0.2871463031741777,-0.2495172533316674,-0.04344377427084194,0.0432527311309633,-0.0724210687533629,0.1703617123752829,-0.09328829981681623,-0.2812126805891706,-0.29901757879018104,0.44272071226041515,0.24509504799253562,-0.23590966158360252,-0.1606418888282083,-0.07965007667923495,-0.06634879882633413,0.15966329654207886,0.06676877129838803,-0.20936353212164693,-0.010667381399088717,-0.26389224199603806,-0.17371101299214264,-0.07896248259351138,-0.025571164577216293,-0.3550681850700189,-0.13451815010589996,-0.2789338664269895,-0.058839271859627625,-0.1412868810998281,-0.2975972496236571,-0.22643650133105478,-0.02314483609183774,0.034819425943577786,0.018971712314826198,0.07972423688543255,-0.24040522103973416,-0.09388803017997957,-0.005202902727201278,0.10362397551101017,0.05124268725955871,0.009414718785707233,0.2649796563238705,0.23697531150309437,0.2966621861542089,0.3329789227827005,0.33528756224520023,0.35867865858696596,0.19931885462785884,0.1689929729174182,0.1819710090020011,0.21310942862382437,0.32209349425560685,0.14517706756841178,-0.10323785878526388,-0.14716488353018703,-0.020015597825977432,-0.02312226559429934
#11,0.38567297364289843,1.0,0.45855149801601297,0.41260683200899595,-0.11009203523415884,0.06164123791118106,0.33933413001815715,-0.05745279843941131,0.02210498102667551,0.5308496381667114,0.3925763215328592,-0.2755652196693825,-0.19846762443498187,-0.17480406994435968,-0.11338894005316158,0.15355394651195128,0.41559661684363686,0.35296671053135387,0.1987263790674757,0.007419648021151781,-0.09160115512582044,0.10293799360368222,0.07143038512926649,-0.11507689083335516,0.09078942330363567,0.0873909512457101,0.19802830582218076,0.21374623909008653,0.15217311571611958,-0.1775359062357045,0.1108126789769922,-0.11464240875574086,0.04115770530588062,-0.09764359975253062,-0.03767943041737284,-0.049834449431001786,-0.09480052315188937,-0.076414434639265,-0.05274684970265385,-0.08663645175656913,0.17382950810421927,-0.06635282927232312,-0.08243833921442577,0.08359830157006023,-0.013267825151192104,0.1024156478035077,0.28406704243858105,0.1854081733414211,0.159444846369475,0.01783029001074114,0.15163787248878025,0.1823401978545936,0.09768793465840962,0.11398383388113811,-0.05641939208783148,0.04711792883441517,-0.19099759583896755,-0.120543787772836,0.09147943565695262,0.02370829244110007,0.1249023120653416,-0.10705952767203455,-0.21518510830815984,0.0988761101359671,0.22975517055839814,0.08516130852459479,0.03655493598644158,0.20814633743296865,0.135627328842073,0.21865048576950283,0.3190924241721968,0.5069515117195293,-0.058802997845726616,-0.06501794556076602,-0.3154585740685136,-0.36825419216763433,-0.21538743669680768,-0.1306392488860855,-0.008636842709830056,0.137285454321948,-0.39145746972631257,-0.2286846841037195,-0.27566839908670093,-0.4198729200379668,-0.2863498870467512,-0.04416925454886211,0.16286105238975218,-0.04760964324507328,-0.06498489590365622,-0.2565858495071772,-0.10899011130076598,0.08306789487790771,0.11730895182206387,0.18921775089022475,0.2110740533993789,0.21248632167392484,0.10788576909977973,0.33119746565556213,0.309562837675803,0.15078583620670546,0.06084240351616108,0.28269427253472734,-0.0018713360726931238,0.18946683245234502,0.06281651596157373,0.10704501806647415,-0.0670976556910905,-0.15244315559738264,-0.24350785836206706,0.1301580136349988,0.18486164486531256
#12,0.5255189703016587,0.45855149801601297,1.0,0.6890760807137114,-0.05876027511824321,0.42269987485465205,0.08574652928219773,-0.11740165207981089,-0.2983525552019959,0.48703707808787583,0.3285043216457117,-0.46687517507249765,-0.3032318131162804,-0.5652309546312847,-0.5736352406075494,-0.12084204077602206,0.7734171934795445,0.819984966436461,-0.09967897497697607,-0.22052625533278386,-0.27447458098475885,0.18956275706688325,-0.06681955491784944,-0.3168385987751475,0.4690169540710527,0.09036138993960377,0.550541591179772,0.5505746408368818,0.04141242949238548,-0.20601342541558937,0.6206165373229374,-0.05394469825058492,0.4084135560020394,0.015393482365791187,0.02925741047875653,-0.06419331631141643,0.19235988658324987,-0.31941405376211907,0.33636610959185687,0.14656031663183688,-0.08187730113275685,-0.22918929594154241,-0.1214385467823942,-0.13987138846849098,-0.2300711575239358,-0.12351422646672967,0.4370522930214843,0.337592171261711,0.46368951056279134,0.3779006615977091,0.6789290298918027,0.6308232387454834,0.5809359904720257,0.6641501905393341,0.1736054153072308,0.46475999701746995,-0.4520681225981061,-0.2896717806308857,0.12345941240127926,0.04759916408550188,-0.14399695298283233,-0.21753485831974737,-0.6184957166435252,-0.12608162056172326,0.6183425596959432,0.3187264596763955,-0.48949806840875976,-0.27577399677161274,-0.10829445632306443,0.1377352520943205,0.471145835642443,0.47129496214403604,-0.36330077404715216,0.14024380167787467,-0.5875539827859652,-0.33561241619191373,-0.4433744505998311,0.080783438091342,-0.46203783379649876,-0.29687660588082376,-0.4101079554958154,-0.122298643956447,-0.24927703875072296,-0.5361319406798959,-0.5607152429452081,-0.22935131987030025,-0.012607638098193756,-0.03921019380399538,-0.11672292497526314,-0.3688007206437428,-0.18882357327250046,-0.10926418162801804,-0.06410787085644962,-0.005942086521584046,0.1805579346382574,0.7137577258611552,0.3830862334071577,0.7648782906072471,0.7508088097488428,0.59724075667593,0.4383089860808548,0.6937949268776337,0.34422950971639765,0.5631617236605316,0.33573736001757276,0.48933685056919973,0.2724319509575332,-0.5202963183891114,-0.33663695556231776,0.01933122809704508,0.04463517410519061
#13,0.5997622036866489,0.41260683200899595,0.6890760807137114,1.0,-0.05001017687612223,0.2066155740463461,0.05648549140205109,-0.02654330814976331,-0.13302607900077182,0.6598980700209381,0.4370635782702535,-0.289279215191557,-0.18999965741209093,-0.26427432827579533,-0.42090471421115105,-0.0799225348280914,0.5453237758024114,0.44877282995749895,-0.010852781914582757,0.015399931079373588,-0.2269040330657789,0.26679255092972315,-0.16452885094000078,-0.11726945345137166,0.12945187949772582,0.000538870628729422,0.4741928528101277,0.5792915685085133,-0.12648224689302995,-0.197317335149721,0.3118400396595885,-0.00803872452506232,0.24844918514458217,0.16136092039264605,0.08324362232302815,-0.038176787452415546,0.08756990304762173,-0.11382503430917149,0.2707875289940208,0.2084212138494185,-0.12591959663296542,-0.2428742722525961,-0.1717336761899388,-0.10322173700130788,-0.1788240367737892,0.053830233584497296,0.6020780979519289,0.4918663584718967,0.4449173053244207,0.4370708330730337,0.49111347116115134,0.5180529721516335,0.40291119113785534,0.49075153711133906,0.07424363642958912,0.4025347474824827,-0.3968502064595958,-0.0397446309421369,0.02816596570493508,0.04242407143562471,-0.019604492335099342,-0.10523534781741274,-0.3505121689240523,-0.11029355753360888,0.6368334398042815,0.4026282538294275,-0.23449255677386982,-0.1254649623254061,-0.13007256818003196,0.045492046922452206,0.2260278141077701,0.29461794394858765,-0.27482119933981297,0.07496186190482908,-0.3775080961583804,-0.19274519721979835,-0.3156286588892494,-0.11861481632250016,-0.3603496814940057,-0.29296223673630606,-0.3788929574002011,-0.127627699643104,-0.20781987130785956,-0.3617224513978594,-0.30964183441718746,-0.26384790709015904,-0.0838925241272573,-0.04617158011619776,-0.019174846792671844,-0.24187149729053267,0.016979059817864146,-0.07796535025583255,0.0613679736731268,-0.12917458481368255,0.05546901292362506,0.30093284672415427,0.21842075034812977,0.47568492391525585,0.5245226440531777,0.4238332362667591,0.47575505367546445,0.30393552898595994,0.2079480394903098,0.3276401940256699,0.2689496456230364,0.4096936256481461,0.15883302466834467,-0.23295534467366485,-0.07467166979362101,-0.11441186724517001,-0.015125860752121526
#17,0.07324247364592129,-0.11009203523415884,-0.05876027511824321,-0.05001017687612223,1.0,0.47926073559669746,0.02065805091662418,0.1823692170657144,0.19706905967679852,-0.17134997773178592,0.020422672870866524,0.5529743683787329,0.3900524562545468,0.19678531627917287,0.02022679319580108,-0.3230954631284725,-0.02608383730701721,0.009692819558948296,-0.17993885813434685,-0.16413547941147427,-0.09321010916462961,-0.3200943930450624,-0.13383458646616542,0.026124947856105016,-0.17493626857279893,-0.24518613607188702,-0.2542909135610401,-0.1656033678406684,-0.024295125377098603,0.1586169927633342,-0.03139435294212481,-0.049154110148058434,0.11163488995874839,0.0012788605123099897,-0.03962855409765367,-0.0007581268905310718,-0.0019946677199565517,0.227452173720283,-0.05434693676028721,-0.029602416655415006,0.03501288735104983,0.03235440517670483,0.02720188302436606,-0.05908674124335228,-0.08879838298506922,-0.04865917138060912,-0.029396057820778157,0.01681864806750191,-0.2923270384484395,-0.1660048002611729,-0.19858450736866287,-0.19665714809672263,-0.18603611682650745,-0.1510768344071113,-0.2850440225463149,-0.27256334349677463,-0.09382354304415555,-0.22100749058387056,-0.2958327203696725,-0.24651457106986174,0.22757631145674426,0.26412278350660895,0.25444487659781995,-0.35433544998921856,0.040991650931133786,-0.25811097026941515,0.06880575870122908,-0.10752705940675865,0.0010313911285853336,-0.10977846653621456,0.08587711573224135,0.007447055053876986,0.19485876309643044,0.20778198511556295,0.1792053169643487,0.27960936917474605,0.38289035373209224,0.284849755049645,-0.12563907759213097,0.053872150222782904,0.49201467888429196,0.41446406152072757,0.18434091124353366,0.5572950064789419,0.5374128164152004,0.32876791281339235,0.2696517493143204,0.42098371095253545,0.3540597674835709,0.4994065168281196,0.4160399659024269,0.31369243263613333,0.21486347871823758,-0.1147939535249273,-0.21786616098004324,-0.07900198096420359,-0.08641961376236088,-0.01443343013121117,0.07390185460972185,0.05990653395751507,0.06593285680026924,0.037240111804571735,0.32038136079947926,0.12241955733611702,0.17009409076161322,0.06686308373453065,0.0653718187186003,0.2887907251376901,0.23191307134090922,-0.25553954572843257,-0.2336179499942566
#18,0.2570154950496047,0.06164123791118106,0.42269987485465205,0.2066155740463461,0.47926073559669746,1.0,0.07120871059987142,0.08262051537312862,-0.08437940200272862,0.13239410506969648,0.1288997083972327,0.20068114537214116,0.16790072205439893,-0.20228606896496132,-0.24690633041999263,-0.35743163859796906,0.3863581494610286,0.42142141738694094,-0.16593144614417307,-0.05763900504410315,-0.11031935238793848,-0.148879435253908,-0.1456566906411029,-0.1665061877422046,0.1081606455162296,-0.24484435425201975,-0.029915985353359275,0.10481053881017204,0.1685520421262215,0.23960961100150538,0.3920805766762121,0.0856933273951429,0.2926494741275596,-0.02983134598759026,-0.12735040495906075,-0.08792700056224721,0.08287282129204007,0.04297866080371123,0.03560939335742196,-0.062327219818509014,-0.039848616448653125,-0.13359034143923196,0.047057472144580156,-0.33619521868192326,-0.0820909147701739,-0.25308581021032883,0.047476638527436256,0.038689460182216466,0.09110621635837114,0.13407641322550548,0.2604325071590797,0.257510433817054,0.23438051037537558,0.2053363104894372,-0.08455915989383805,-0.012552824032743343,-0.3759910362881205,-0.3391422807890807,-0.20129780360845828,-0.17725055065968326,0.09080635117678947,-0.014588199257188805,-0.14116919207694928,-0.471920487361529,0.28560425453878596,0.05332804001426778,-0.30439903027469506,-0.3861888707294906,0.004165465929632443,-0.11851566735117075,0.3082481061941909,0.182274098540374,-0.0808447008703748,0.07401470709741387,-0.15299532669787574,-0.0432664346473259,-0.044524739885091986,0.10432930355908533,-0.29437128065406076,-0.050657466501955774,0.27424565165258363,0.40023739326875213,0.14486672322725871,0.15301467283862297,0.15999379311317694,0.011512162878383308,-0.028224810216374494,0.45986542340842723,0.25770953784891065,0.3537760240859452,0.05682001841913817,0.14433712262430398,0.13320422471348567,-0.2596933233646969,-0.18360817616273328,0.3112145144420956,0.009413106607311632,0.3576162330242653,0.33749382837957936,0.3214865090896633,0.24398022663197796,0.4044774224491811,0.5432472900288782,0.45364805742579445,0.36719579705092265,0.3513335738166107,0.19058084772370487,-0.03492824798528081,0.07266128333430735,-0.29827355846061143,-0.23816912960503644
#26,0.13401434435727486,0.33933413001815715,0.08574652928219773,0.05648549140205109,0.02065805091662418,0.07120871059987142,1.0,0.05743990101224651,0.09720105678293832,0.332436424752581,0.1147850865437515,0.0023775600889116384,0.16138107262259105,0.19390032304024601,0.12993230865961472,0.21797820737853746,0.1730677538122981,0.17472749147056868,0.25534285996416933,0.015660297890263047,-0.030041735268216106,-0.07717780110958178,0.049952138453880614,-0.005863089780199628,-0.13315747154001326,-0.009571906179278267,-0.12608000838332767,-0.16162370547112892,0.2455109900186005,0.004851447836960399,0.07803467392684338,-0.08739981822688589,-0.030709177123994656,-0.1858652259165738,-0.007039173919790094,-0.03193040225866193,-0.07308044971716346,-0.015166165212011536,-0.19145867886010925,-0.21935258946078678,0.2729518784901143,0.2114472726979604,0.07828697984575483,0.2163225001662559,-0.02025500631772409,-0.04807878715819299,-0.08620841839253722,-0.07742204613651524,-0.04091990899252957,-0.1262533175608547,-0.0997837665726901,-0.08700483451996381,-0.1473607632052525,-0.24512970982804103,-0.18560566519488214,-0.22487107610892684,-0.10742226781104464,-0.07780816286226153,-0.17726425417604585,-0.21839334331540455,0.15350799942767668,-0.024525666887669453,0.0370805061434073,0.135582993936194,-0.043568718096500966,-0.2294835184987395,0.18961434677554245,0.34497191786757164,0.3249140003587097,0.2764470812517759,0.30054108737402335,0.34132194597993243,0.18777968776134923,0.11449650661093903,-0.07943565695262009,-0.07709235565461496,-0.08629144557991064,-0.11816663072852326,0.357085020242915,0.42718979168639903,-0.03151526632179484,-0.037876922270833877,-0.03882327098905129,-0.05787599526825641,0.04100777271508979,0.12071064823678064,0.05688934209014899,-0.01068108491545132,-0.036704062488034615,-0.03308714025750519,-0.0675934005477376,0.041490620144572096,-0.06899922010870113,0.08691455252981019,-0.09478198310033997,0.04641179469714221,-0.07126352466532185,0.10706194593962795,0.028996237578669266,0.07048564858944467,-0.05501840906205476,0.07587516096593669,0.02887613028819704,0.049328225414783274,0.08887737972645363,0.07224050477305566,-0.08604317010698818,-0.02971365696471143,-0.13943045767729428,-0.020404132819317123,-0.0869524387221068
#49,0.3660350286060904,-0.05745279843941131,-0.11740165207981089,-0.02654330814976331,0.1823692170657144,0.08262051537312862,0.05743990101224651,1.0,0.36175953150095824,0.11048460067348752,0.23807562325809162,0.19994357375615399,0.3427132559353355,0.26769698300965494,0.09348982211626627,-0.2454747160046995,0.0874280313488089,0.05686677159261058,0.21626446174401429,-0.1315767306231271,0.01253347789199614,-0.2686876666337514,0.030831702682060282,0.027834663044639205,-0.03293559548831876,-0.07116195742639903,0.06213214623264137,-0.13393937806187944,0.27307682231577335,0.031233941191762576,0.06280120026681553,-0.10404636625065747,0.07596947340207931,0.023986393214341133,-0.007666311315678636,-0.07293938410754842,-0.03130568313036679,0.11796430233987541,-0.06722018124915613,0.06727580140380433,0.08989385820487966,0.033988347980645796,0.02432414458821941,0.03474687791577577,-0.10299441984752823,0.017913317198114558,0.02044040683321813,-0.11872766881019219,-0.07622177932099077,-0.3195398036769759,-0.032639760752726094,-0.27567162344349216,-0.026384508577796676,-0.20449878381292283,-0.19226396196871165,-0.26990405523323185,-0.08294375714144649,-0.34951020005118666,-0.35299734192087023,-0.37113999149575894,0.006743339184197427,-0.002022074752681758,0.28715355797695796,-0.08396910260104831,0.137345911011783,-0.060194307801129734,0.24735451601396952,0.020733823301217397,0.18436751218706107,-0.05991781920628427,0.06961265398822707,-0.04120768283614423,0.1310600274473372,0.090541953919911,0.11265217452637222,0.016449459214909427,0.14543904655769685,-0.07272335220253798,0.12691189243545745,0.07022125133256621,0.09975313518317369,0.0666784893082344,0.17982439346825924,0.25619973278143093,0.23769273088913653,0.2387825634845624,-0.01550149831829641,0.11014040058602685,0.2084300808305943,0.18701067866664786,0.20483895345439448,-0.15620517388351607,-0.07964201578725694,-0.09913486476846095,-0.26076784026536454,0.007123007196361313,-0.013255733813225102,0.04188560385149419,0.02798701390302344,0.10719495065726498,0.10645254250609101,-6.811453721411543e-05,0.05131201093056952,0.10516683023559972,0.12208583640822775,0.17117505637586328,0.1272472255417423,0.09281996199289433,0.0027531976550865234,-0.36514026959653223,-0.3526297652466734
#50,-0.20846957920128653,0.02210498102667551,-0.2983525552019959,-0.13302607900077182,0.19706905967679852,-0.08437940200272862,0.09720105678293832,0.36175953150095824,1.0,0.047256576176436804,0.004575765331312737,0.397849757064868,0.5557005620456932,0.49634015351968774,0.3478810937824325,-0.2666990445827783,-0.13800206761879236,-0.17464123992640407,0.11299153807864609,-0.19332235708542328,-0.06675184342523421,-0.45412445614169433,-0.10103078656168699,-0.09367441654256252,-0.29546353151708005,-0.2604244462671017,-0.2537774347420414,-0.2551582655378731,0.2109765166064451,0.13041676826749263,-0.25863331606958967,-0.17244545295159636,-0.12322725871231281,-0.05040435449384652,-0.032033581675980353,-0.10711917827267176,-0.21578886911731218,0.09442246731812108,-0.278653347386155,-0.039710775195829294,0.3303857338333773,0.2517065915928927,0.2817052010890265,0.29342896238183236,-0.017589269340598884,0.05470322818571489,0.17110734488324805,0.02132226841561153,-0.28909220249766737,-0.41770615227427993,-0.24704094731602524,-0.3628413032044061,-0.34172337840043693,-0.41842598992791546,-0.3861695245887434,-0.4735616849682502,-0.11274729305171263,-0.3327894918212175,-0.22194255405331878,-0.1792415909782497,-0.006555520401109985,0.18838264248130376,0.530378882075196,0.16450789262085797,0.034237429542766054,-0.15971085580474909,0.5290730175747598,0.13712826692837696,0.1933795894184671,-0.014730070956001637,-0.006096855647561681,0.03327495904059264,0.1972657454410618,0.18571287505818956,0.12687964886754544,0.12654754011805178,0.14112324499267467,-0.09333021645510184,0.37199444604542714,0.06630930045564191,0.3766093067028332,0.19751482700318204,0.3055565743627361,0.46284875952948573,0.3694262458612358,0.31098800337751376,0.21131910451551017,0.23518337521638458,0.2870656942543977,0.3262093856995746,0.3409116465782521,0.02617170102957743,-0.010261918532595225,0.002420282816395048,-0.09034849251243897,-0.20423599873443996,-0.2004336759884165,-0.060407115349348985,-0.06053931397778821,-0.02097242570376625,-0.1756391783532807,-0.14913657770800628,-0.09706724597610349,0.031586202171201255,0.014375391708969556,-0.0737615950893046,-0.1033007337426923,0.21656190865800254,0.14112727543866366,-0.1796938070182156,-0.09500607589732842
#51,0.49990709821995355,0.5308496381667114,0.48703707808787583,0.6598980700209381,-0.17134997773178592,0.13239410506969648,0.332436424752581,0.11048460067348752,0.047256576176436804,1.0,0.5510405603932104,-0.23213474587030428,-0.015252416756176154,-0.06851959703601002,-0.07212604010696803,-0.0335361319406799,0.5575053957595678,0.3169167894273341,0.3435394973630807,-0.016696928598634083,-0.055830946973437344,0.10122666623675243,-0.04269411131688777,-0.15710879987425008,0.029282399243888334,-0.07155613504412331,0.4185872077674755,0.3187538667091207,0.2590702164147974,-0.024470852822219044,0.2194880124460172,-0.08172253200677922,-0.0019849946495829494,-0.05177148177331563,0.012039345213744626,-0.14278781918613204,-0.03853872150222783,-0.12629200984234912,0.00012695904865352874,-0.04100051791230959,0.19678531627917287,0.03695798058534167,-0.0019745154900115474,0.14363098848703104,-0.15519998065385926,0.0423974704920973,0.519833623189574,0.3471088603309399,0.33082666462457405,0.25098594785005934,0.3261868152020362,0.33046070012877277,0.24789782013328684,0.1880182901638981,0.04772088355436971,0.13409656545545048,-0.23997315722971324,-0.08232709890512935,0.007545397936008609,0.02299893394703591,0.07089111145593815,-0.10877246721735993,-0.16000185400515493,-0.0003454092212573782,0.5112560280357823,0.2597610348573121,-0.017735977574598518,0.013232357226488897,0.1938181019420704,0.11401527135985233,0.3438708000233766,0.4587884882401662,-0.09738403903083896,0.0034641683275462845,-0.32425784375170036,-0.30075147665464924,-0.28000193461407474,-0.2534751512928663,-0.005701871940639591,-0.05505951961114257,-0.3379242800112046,-0.0741799553829629,-0.09853835876208882,-0.3143905058814283,-0.23013242030296863,-0.18996418948738772,-0.020642735221865976,0.06235865729722322,0.08977375091440744,-0.19092262954357214,-0.014210143423420519,-0.044441712697718565,0.057229511731620664,-0.10946167348147909,0.039438317046972836,0.22720954087174516,-0.0065015124248573725,0.4181309612815206,0.3955112923020497,0.32517436716959913,0.23361311345906982,0.2702563162126705,0.06164446226797226,0.23253376002321538,0.12547302321738413,0.2502927111399512,-0.09080796335518507,-0.14135781694923452,-0.2129046819675831,-0.11401043482466552,0.024245147846834993
#52,0.5568476269741628,0.3925763215328592,0.3285043216457117,0.4370635782702535,0.020422672870866524,0.1288997083972327,0.1147850865437515,0.23807562325809162,0.004575765331312737,0.5510405603932104,1.0,-0.08466314540035427,0.04226124141766907,-0.02883340756071363,-0.1871614173466365,-0.18040880813666435,0.39618518287141063,0.22615437011182474,0.2725262633936758,-0.059476888415087574,-0.08941504122138635,0.09497866886460321,0.15133397686120958,0.0459297533568577,0.044923754038003076,-0.1165842776332415,0.3782650139151148,0.22749328426937082,0.27436011631867124,0.05443157612605623,0.17283963056932064,-0.18663504110047296,0.07247265846202211,-0.08223117429059112,0.06877109686572368,-0.2376105097909609,-0.0666623675242784,-0.049017074984432404,-0.09344871156717846,-0.04247082460909712,0.09418064055878103,0.02573480068436973,-0.08719910201663365,0.07802822521326097,-0.027257503179014275,0.206244773015358,0.2870447359352549,0.19058649034808947,0.17646622587022368,0.11255866817942739,0.21450396293601867,0.18662778629769278,0.23237657262964434,0.14074438306970857,0.046327961420570996,0.07293051712637262,-0.14420250572827137,0.028897088607339846,-0.14149888255884954,-0.14510532562980757,0.04335913490507292,-0.22106230464932097,-0.1691880465032858,-0.1448046543590281,0.31702319320144373,0.2278173321268865,-0.028282848638616107,-0.05791468754975082,0.022051779139620694,-0.14450559526664422,0.10381904909687782,0.17470089052704127,-0.11904446186492766,-0.049041257660366405,-0.30309397186345655,-0.3007143965515504,-0.20828417868579246,-0.16849803414996886,-0.0843229757588826,0.036043069345838466,-0.09685766278467543,0.06857763545825163,0.01735953391922583,-0.1912353921523186,-0.10629535511251997,-0.14357859268917403,-0.0843036296181354,0.17602448898982917,0.18732102300780093,-0.0661956418787521,0.07588725230390368,0.04303589313675505,0.19857080385230028,-0.1006761073146549,-0.041089993813265405,0.13266414495095954,0.013578169492345176,0.22363050483351235,0.2220473456490328,0.22860246300554388,0.19580591790384566,0.1964918998111736,-0.012597158938622354,0.23170429423867897,0.018952366174078993,0.155894829542363,-0.07926315386429085,-0.0945167797542637,-0.14195593513400226,-0.17053018501762313,-0.0953655916795473
#53,-0.23119726413326266,-0.2755652196693825,-0.46687517507249765,-0.289279215191557,0.5529743683787329,0.20068114537214116,0.0023775600889116384,0.19994357375615399,0.397849757064868,-0.23213474587030428,-0.08466314540035427,1.0,0.7122285746529282,0.4560606823948104,0.4215834413156988,-0.3460738418009645,-0.3244843548162822,-0.4519399544156559,0.019215151252561853,-0.04958133742289253,0.1651890379929991,-0.5530114484818317,-0.12358516231613609,0.0024428533139334535,-0.47262259105281296,-0.5422944925970783,-0.5289512981058919,-0.4949665775266362,0.10602128478526791,0.17916984903964547,-0.40725439973560273,-0.21420732211122823,-0.26938412770065073,-0.24745769543128796,-0.1801411865229947,-0.2344345183516282,-0.3466638990937542,0.13537905336915057,-0.41739903228991804,-0.31246878923387267,0.4206532143814374,0.351182835136622,0.3126783724253007,0.07169397629694714,0.03694911360416587,0.03391176950685478,-0.05597120649385458,-0.008998776759642339,-0.47414609963665527,-0.2559869252332117,-0.4476507537941611,-0.3584021699921205,-0.4631534612462542,-0.5894652202739494,-0.32599899641894875,-0.6443171719166585,0.11863819290923637,-0.13800367979718794,-0.2974368378732949,-0.20351535499160658,0.22392956392589622,0.2738095573965737,0.6064084091225115,-0.17356672302573642,-0.2220400908462526,-0.22580291522158386,0.2625581643736788,-0.06105198670758913,0.23415158104320033,-0.1020101849370142,-0.04375250643359941,-0.19581478488502146,0.439163440630523,0.07712540531172477,0.4438137692126322,0.28232105323614587,0.4172104074176328,0.05886909715994623,0.2388252862120458,0.14666107778156193,0.7741015632084768,0.5969771655082493,0.5339998347517144,0.8429359380762278,0.7901306469067335,0.35872944220642733,0.134651154823537,0.5369944561215422,0.5455212676558725,0.7170320601826196,0.4627568653609365,0.38348927800605775,0.2071129310813888,-0.12266944498743508,-0.2932548471151075,-0.4183308714025751,-0.581443020577442,-0.25673094556278125,-0.2508166691185213,-0.23546953688160363,-0.19222204533042603,-0.29371351186865585,-0.05973806131517483,-0.16641913010884218,0.0935938076227825,-0.24665080014428997,-0.20647934497191786,0.4622272647579818,0.2869109251284201,-0.2004054628664935,-0.18496563037182878
#54,-0.07163593787470553,-0.19846762443498187,-0.3032318131162804,-0.18999965741209093,0.3900524562545468,0.16790072205439893,0.16138107262259105,0.3427132559353355,0.5557005620456932,-0.015252416756176154,0.04226124141766907,0.7122285746529282,1.0,0.5527994470228104,0.27881134086892384,-0.305201895115704,-0.22588271805216606,-0.24588259713878638,0.12749469492546697,-0.05814684123871727,-0.021309370988446725,-0.439300475794149,-0.17203434746071827,-0.048349633128653854,-0.35176080109144475,-0.3740854414245208,-0.40279188993658094,-0.3072453312321275,0.2568494406748579,0.26467495460710205,-0.20836559369477028,-0.2278560244083809,-0.1280637938991139,-0.12736410847542334,-0.1619284071878974,-0.18592326433881542,-0.36919651043986274,0.08858638152604777,-0.34319690945401565,-0.15436729051253167,0.4027749620634271,0.23608055249353618,0.2507408967339281,0.06173232599053248,-0.031535418551739844,-0.042057300850625624,0.04640131553757081,-0.027805643833518398,-0.2994109503187075,-0.21798304391372428,-0.215107723745171,-0.22396986838578622,-0.3053897138987915,-0.42625714648454427,-0.3849813491111859,-0.490594349717768,-0.028195791005253688,-0.17610751617720258,-0.28341894672354967,-0.26695941139366774,0.09830942942991357,0.08796569284374163,0.5574715400132602,-0.04512688851584872,-0.08406260894799314,-0.10457516076441438,0.40623308472198993,-0.05328370510838877,0.2230460901651072,0.0010821747480467452,-0.05991701311708647,-0.12603889783423985,0.27619235706527107,0.2035081001888264,0.24602285665920362,0.18911054102691732,0.27344439898997025,-0.0750779387493123,0.2593144614417308,0.1611086144737346,0.6440954973872633,0.5571128303202391,0.6292868327344763,0.6782438540736725,0.5698063169179985,0.40245494465190046,0.11642870241806608,0.5111302781209255,0.5291955431328254,0.46300997736904576,0.25707837000703315,0.2101655908734581,0.09089824534533869,-0.05414299619324376,-0.26734472203021625,-0.22671218383670244,-0.33839906654870894,-0.15083339546937566,-0.0812614489856375,-0.09179622871168809,-0.11365011295324884,-0.23332211525866395,-0.008702942024049672,-0.03872009157173287,0.21644502572432153,-0.0163486980651844,-0.09141656069952421,0.30885509136013445,0.19789691328293932,-0.18565886708193696,-0.2040046511346713
#58,-0.2304411524657261,-0.17480406994435968,-0.5652309546312847,-0.26427432827579533,0.19678531627917287,-0.20228606896496132,0.19390032304024601,0.26769698300965494,0.49634015351968774,-0.06851959703601002,-0.02883340756071363,0.4560606823948104,0.5527994470228104,1.0,0.4740396958625457,0.009644454207080284,-0.3859381769889747,-0.48761181968590733,0.21380911404751493,0.3168627814510815,0.05199799283789748,-0.24847014346372498,-0.28544303669922594,0.05644115649617208,-0.7083061446164325,-0.3277611074053399,-0.5632987588241577,-0.37356631998113754,0.09611364245510587,0.16673914752036886,-0.4415921873834949,-0.14379301241578887,-0.295471592409058,-0.03837427930587659,-0.15696047946185485,-0.01664211453318367,-0.44155591336959393,0.3150772938779541,-0.4742702373731165,-0.1443685601030182,0.2901191601356648,0.28246373102415645,0.043450222984424344,0.3371818718600307,-0.13297207102451922,0.04036531962444304,-0.02800071741938604,-0.07028493237919242,-0.3974483246443635,-0.24711268925462948,-0.4507993382007686,-0.38222129969791807,-0.5436309884870311,-0.5932562577712037,-0.4710676449902564,-0.5513879848374622,-0.01222797008602987,0.12598408376878945,-0.3748085034349476,-0.21800480832206487,0.15970037664517767,0.1775874959443637,0.7393139777882122,0.17301938846043008,-0.27082219082952624,-0.0953406029144155,0.7369126380679654,0.4184864466177505,0.36969144920731206,0.14143439542302552,-0.18743871203067974,-0.11039996130771851,0.32941600852842373,0.030217462713336543,0.43245355414803427,0.2401319568016799,0.2869238225555849,-0.2979059817864146,0.38739558625859744,0.29917073573776304,0.391661410293356,0.18924273965535657,0.2513164444211574,0.5820790249545064,0.6124274771624855,0.37581933928898903,0.11203390411165948,0.20106242556270065,0.30671976107516175,0.34908458495474814,0.15690405321800885,0.10658877158051924,0.015910991630778904,-0.07179715571426556,-0.27972786428682267,-0.605063046251383,-0.4629664485523646,-0.395998170177521,-0.2941705644438085,-0.24847578608810958,-0.13616579642620355,-0.4767296155156049,-0.19287255931305078,-0.19543108642686857,0.02495531243009695,-0.1541335246451696,-0.22496377636667386,0.49524548438907506,0.15080760061504606,-0.2251524012389591,-0.22659127045703242
#101,-0.4414156538491767,-0.11338894005316158,-0.5736352406075494,-0.42090471421115105,0.02022679319580108,-0.24690633041999263,0.12993230865961472,0.09348982211626627,0.3478810937824325,-0.07212604010696803,-0.1871614173466365,0.4215834413156988,0.27881134086892384,0.4740396958625457,1.0,0.16301582151572983,-0.27476316091757136,-0.5161957426399019,0.6006368104662622,0.11872525054259879,0.49782174546524444,-0.4088037031737747,0.12254853160776506,0.03335476187117486,-0.33272903513138247,-0.2424841250808608,-0.3285357591244259,-0.5852743625345863,0.38923105136198843,0.057842139521948804,-0.45756000830271876,-0.1607071820532301,-0.4821312192300639,-0.27686141109944523,-0.21643535265394792,-0.2128498679021327,-0.2874066699850672,0.11358240146063363,-0.45779377417008077,-0.31756407905316764,0.37185257434661434,0.3876922270833879,0.3200806895286998,0.37729690078855677,-0.018952366174078993,0.05411075262533176,-0.2034960088508594,-0.26292815931546903,-0.4035931425991943,-0.34727652688408234,-0.5466788117439135,-0.4516433135908654,-0.5251723519466046,-0.6298994605248044,-0.2216314036229679,-0.5691154984754838,0.26921162461232145,-0.0507751555248346,-0.20916200982219688,-0.10606320142355352,0.15104700910679272,0.11724849513222886,0.7021919580511181,0.257466098911175,-0.35825788002571424,-0.3053655312228575,0.36397627679490874,0.2481283616438577,0.6761415734458096,0.21684242769883702,0.09699631012669707,0.07537538566330057,0.48679202697174456,-0.08939650116983695,0.4375681901080764,0.002583112834350685,0.2575201068874276,-0.23986352909881242,0.6131158773374068,0.3931889493231874,0.3288670617847218,0.11947733176414636,0.18449003774512668,0.37557670644045116,0.34902574044330875,0.13168394048643453,-0.0701801407834784,0.07316428299373468,0.10402702010991026,0.3502074672072838,0.17999286611059948,0.0468059723148665,-0.018255905107179636,-0.13360323886639677,-0.25879533999834753,-0.43211096623896916,-0.563204446388015,-0.34320658252438924,-0.43465578983642433,-0.42371635333307806,-0.44954264514139813,-0.3782368007931918,-0.3756879467497476,-0.40121034293049695,-0.1328946864615304,-0.428630273082868,-0.36235603750733036,0.2996809901999706,-0.02583072529890795,-0.11290851089127267,-0.11305280085767891
#102,-0.20784163571620018,0.15355394651195128,-0.12084204077602206,-0.0799225348280914,-0.3230954631284725,-0.35743163859796906,0.21797820737853746,-0.2454747160046995,-0.2666990445827783,-0.0335361319406799,-0.18040880813666435,-0.3460738418009645,-0.305201895115704,0.009644454207080284,0.16301582151572983,1.0,-0.19390193521864163,-0.09671498499666481,0.1814406023098486,0.5218577131652503,0.08333309822398398,0.5083670043508665,0.15065041322147502,0.3787792988233113,-0.06532828990191909,0.46098185694738053,-0.07057512449040049,-0.014976734250528492,0.017694867025510708,-0.08149279658540616,-0.017898807592554154,0.21337060152391163,-0.1491285168160283,0.11958534771665158,0.2040062633130669,0.30561944932016455,0.1280122041904547,0.23913643664239667,0.06919671196216218,0.12824838832541016,-0.05657657948140252,-0.0967327189590164,0.018655725349288527,0.2295117316206625,-0.029607253190601805,0.18908313399419213,-0.1408000032243568,-0.23786604006666356,-0.1581091565687201,-0.1720811006341907,-0.174338956477229,-0.21294256815987972,-0.1779437873697914,-0.09232582931464281,0.08774885484953338,0.16178492331068894,0.09604512487329285,0.43415279017699704,0.007673566118458838,-0.031499144537838836,-0.1236488433627623,-0.2526271454567805,-0.05227125707595174,0.4671839072352551,-0.3033196768388406,0.04528730026621096,0.17961722854442458,0.4495184624654641,0.1841031149301826,0.4044870955195547,-0.09517051809367966,0.08342660457092879,0.06972308820832569,-0.17117425028666547,0.04613208174550555,-0.09576379974326059,-0.19329333787430247,-0.2830602370305286,0.14054689121624753,0.460511906945063,-0.36660573975813293,-0.4213593485187103,-0.2992723029766859,-0.3321808944768783,-0.1995655179223857,-0.25689699993752807,-0.2600633183064872,-0.47983144674874,-0.4304826660594128,-0.24530543727316145,-0.335252094320497,-0.23152856679355854,-0.07175120862999095,0.005359284031574514,-0.09726957436475134,-0.2157953178308946,0.13655674968713663,-0.2702264909123519,-0.20378055833768285,-0.3187514484415273,-0.21378090092559193,-0.16905181742885758,-0.1289263093407601,-0.3156310771568428,-0.2906173232599053,-0.1863883778059461,-0.08149118440701056,-0.20590621555228195,-0.20913540887866947,0.1050894456726109,0.04400158799571967
#201,0.40594450478917743,0.41559661684363686,0.7734171934795445,0.5453237758024114,-0.02608383730701721,0.3863581494610286,0.1730677538122981,0.0874280313488089,-0.13800206761879236,0.5575053957595678,0.39618518287141063,-0.3244843548162822,-0.22588271805216606,-0.3859381769889747,-0.27476316091757136,-0.19390193521864163,1.0,0.8028096238989325,0.1637582296669038,-0.2770129558686316,-0.022828043037102272,0.0026701704677131047,0.14847316629821672,-0.27158233294305184,0.5017917347644103,0.014640595055045816,0.6105380040828418,0.2635843159224784,0.286419210717762,-0.2326111445862042,0.6560739828665741,-0.005996900587034459,0.39847528228236095,0.006630486696505402,0.0375351404509666,-0.24803163094012168,0.2189898493217767,-0.28724383996711156,0.23786039744227896,0.03235037473071583,-0.04892276254828978,-0.1775254270761331,-0.08684684103719498,-0.03272601229689071,-0.26026484060593724,-0.1744421358945474,0.3480955135090473,0.24137091589869877,0.355418833871062,0.08129691691034072,0.6168190511121008,0.4266513241022685,0.557875390701358,0.43497822551554444,0.22349508184828193,0.24814045298182472,-0.3643083855444024,-0.45856761979996896,-0.16674962667994028,-0.20856872817261593,-0.1868115746347912,-0.20079561003822877,-0.4232681677391012,-0.07968876896072935,0.6179201689562959,0.14732287701295588,-0.30151887357095497,-0.18036769758757656,0.13228125258200446,0.13266656321855294,0.6511576448491908,0.5707341255846665,-0.23949434024621993,0.1360013542298523,-0.4955179425379315,-0.2915370710345953,-0.39810286907297726,0.07214296798012185,-0.19538191498580276,-0.24006102095227347,-0.366754866259726,-0.10867170606763492,-0.19485956918562825,-0.37906384831013473,-0.380967024906141,-0.22996314157143058,-0.07294422064273522,0.00931476372518001,-0.06634638055874073,-0.18999965741209093,-0.01200790773503042,-0.14227353427793551,-0.1871356224923069,-0.23638928465629364,-0.0538826293823543,0.7496891518530983,0.27131309915098656,0.8499352105807269,0.7030907475066653,0.6297954750182881,0.40495865770026784,0.7906433196365343,0.31857975144239586,0.6841807010154709,0.3793056750694748,0.5158225233413203,0.24307257019525497,-0.44079496516687056,-0.25625535293607915,-0.2172108104622317,-0.18991663022471753
