,#10,#11,#12,#13,#17,#18,#26,#49,#50,#51,#52,#53,#54,#58,#101,#102,#201,#202,#301,#302,#401,#402,#501,#502,#601,#602,#701,#702,#801,#802,#901,#902,#1001,#1002,#1101,#1102,#1201,#1202,#1301,#1302,#1401,#1402,#1501,#1502,#1601,#1602,#1701,#1702,#1801,#1802,#1901,#1902,#2001,#2002,#2101,#2102,#2201,#2202,#2301,#2302,#2401,#2402,#2501,#2502,#2601,#2602,#2701,#2702,#2801,#2802,#2901,#2902,#3001,#3002,#3101,#3102,#3201,#3202,#3301,#3302,#3401,#3402,#3455,#3501,#3502,#3601,#3602,#3701,#3702,#3801,#3802,#3901,#3902,#4001,#4002,#4101,#4102,#4201,#4202,#4301,#4302,#4401,#4402,#4501,#4502,#4601,#4602,#4701,#4702,#4801,#4802
#10,1.0,0.15088820953482607,0.2380466040469708,0.2463307827327633,0.021337584110369734,0.13044498138941565,-0.1469972169770446,0.7205554760662041,0.07177539130592496,0.2891002633896454,0.23104168891808724,0.11734764410355827,-0.06899438357351433,-0.047231587411304995,0.027849172650199608,0.16406776791885905,0.274260161258144,0.2278020164321283,0.12733589535350034,0.24873695898819684,-0.02446521019783444,0.15519836847546364,-0.076329795273496,0.050609101150087765,0.39903148382884307,0.2499162674845785,-0.11110528935579367,-0.09280948283332292,0.04393387650310445,0.09104414749014052,0.09679559391644482,-0.023721995957462674,0.32593209101553133,0.16594353748214008,0.10781805760716452,0.026058848541885404,0.13882830904653753,0.17010134556439344,0.39448917119923904,0.20329690481900276,-0.11868172172591758,-0.038737019444886674,-0.13056750694748126,0.18848098536343538,-0.08192163603863585,0.1461419563381786,-0.20558297378396406,-0.19536337493425335,-0.2957932219989803,-0.14992896338944386,-0.11445862041864242,0.07172863813245255,-0.11447796655938963,0.25325589503106466,-0.12180773563498669,0.23097720178226322,-0.3407173790815823,-0.01823333460964123,0.08682265836126096,0.015729621561273863,0.2269209609389327,0.15535233151224348,-0.0755261243432892,-0.027059205236355428,0.06115436003570975,-0.03851534491549163,-0.054253430413342386,-0.05021250526477007,0.12525376695558246,-0.0185485154859811,0.03635825022217833,0.07843046372296326,-0.05773251139104798,-0.05074855458130719,-0.1279517475006197,-0.11803846254607303,0.17059144779665594,0.15681618949544862,-0.009849200863321531,0.17313143485892432,-0.1271480765704129,-0.042446641933163116,-0.037552874413318206,-0.00027608555024656253,0.11693331425588899,0.3162485414823577,0.14371240349600886,-0.13741039814760703,0.01928689319116607,0.008341814063435189,-0.06450849718775631,0.12988636157534011,0.0013264197749802004,0.26738583257930404,0.0024630055438784578,0.18382340197854594,0.09339631576932145,0.3434459910161359,0.14143439542302552,0.0022888902771536182,0.1550065192463872,0.09389367280436417,-0.05699010323987401,0.41601658931569074,0.16709543894579654,0.2641445479149495,0.17227214377406933,0.024913395791811344,-0.026079806861028208,0.16719136356033476,0.060063721351086105
#11,0.15088820953482607,1.0,0.18206612752734153,0.27211918834878673,-0.14627093060982663,0.2264663266313734,0.4212311803362601,0.13667685697760887,0.36976883377030084,0.3197211737464809,0.14741154682471388,-0.06982384935805072,0.11740165207981089,0.1263363447482281,0.30850927909427817,0.26511669148749656,0.16406776791885905,0.12104598134306552,0.21732124468233033,0.232628072459358,0.14624836011228823,0.22045209512658623,0.0768368253789123,0.12086461127356048,0.0980087581591341,0.25229664888568243,-0.016323709300052596,0.14918413697067648,0.16975714547693274,0.14182212432716743,0.07087498967198215,0.14280071661329685,-0.2194509323429184,0.05981786414575705,0.14237751978445176,0.08264872849505162,0.12176259463990988,0.10318062645222006,0.04401690369047787,0.07125385159494824,-0.12106774575140612,-0.10173853287735554,-0.15037956725101417,0.009266398373311998,-0.13448107000280116,-0.023722802046660472,-0.04322290583064469,0.016533292491480646,-0.13236508585857568,-0.032876750976879345,-0.16789024289482754,0.01315416657430228,-0.0490194932520258,0.12684821138883123,0.1077640496309119,0.2339387734949811,-0.13127605935234762,0.0706001132555323,-0.10147010517448808,0.05151111496242617,0.047974801651676766,0.0037954709878421596,0.20853729069390173,0.12812183232135552,0.024453118859867437,0.02816274134814388,0.31326036882611247,0.3245359445249414,0.3444753669217267,0.29555139523964025,0.1642443014531773,0.06680988184747583,0.021428672189721155,-0.10253736727237553,0.058173442182244677,0.0922653726248078,0.02305052365569512,-0.06297853989033156,0.30652629966768974,0.2573105236959996,-0.22819861231744598,-0.12138373271694379,-0.1390822271438446,-0.03525713237798329,-0.040467692952563666,-0.16229598386209426,-0.05391487295026631,-0.19844102349145445,-0.19421066738139908,-0.01381596580569623,-0.08847111077076233,0.10778500795005472,-0.11453116844644444,-0.03386662851177797,-0.069366796782898,0.046614123085790056,0.16351076028317912,-0.08360233201604923,-0.05439368993375962,-0.13988831634164478,0.06885493014229489,-0.000189834006081943,0.009025377703169744,-0.06514611374321626,-0.018703284611958738,0.014319771554321344,-0.08793183709743402,-0.12289273169522573,-0.05321599361577355,-0.017723886236631514,-0.03182641675214571
#12,0.2380466040469708,0.18206612752734153,1.0,0.7012907503279775,0.02318917099771675,0.3377396855849084,0.10228828571025526,-0.09442166122892329,-0.007297122463086152,0.49158422725266665,0.2566156748074958,-0.14703026663415442,0.2579054175239761,-0.22052625533278386,-0.08194501262537206,0.21286357141849532,0.5643087885890014,0.7217372028301792,-0.1408322467922688,0.0167831801427987,0.031904607404332326,0.25279158765313176,0.2207721125381129,0.29116949436039846,0.006764297503340232,0.13583529985510548,0.052201127315743126,0.25153731286135467,0.11923228064801511,0.04340427590014973,0.39317927625281374,0.1218085417241845,0.33567448506014436,-0.127651882319038,-0.2171995252134625,-0.21170441515205865,-0.2605598692523321,-0.24048744213790976,-0.24911743308955853,-0.11620622179947322,-0.0463585928100874,-0.2822509234759372,-0.2694300747849253,-0.17689103487746435,-0.25667048887294625,-0.22935212595949805,0.04390243902439024,0.24576732638350096,0.13305187385510145,0.3591469964108878,0.23410482786972792,0.5440961019541617,0.19811697563393876,0.2490215084750203,-0.2794940984194606,-0.05501518470526356,-0.12981542572593371,-0.027129334996564045,-0.05404384722191434,0.08208124169980029,0.276858186742654,0.32868166126922777,-0.13931035038682205,0.08053193826162834,0.26833218129752145,-0.014958194198979088,-0.1831930402258662,-0.07919463628247783,0.2026770222258944,0.14982175352613644,0.4048603148181362,0.5459815445878163,0.015303200375637566,0.08415450311654236,-0.18771842498231642,0.0838715658081145,0.2831464885746932,0.3104092313334932,-0.06237800343797043,-0.06428198612317446,-0.3849120254401751,-0.14386797871118429,-0.007574417147129415,-0.1347414368136906,0.0110365702516812,0.08015388242786005,0.1818017302704631,-0.18380566801619433,-0.19896901191601357,-0.09071768136503144,-0.18472138534489535,-0.142562114210748,-0.0626802868871455,0.03367961581788833,0.08761343186430294,0.2331762131138621,0.18512281776539982,0.5376328787661999,0.7131386493572446,0.32203061929817844,0.725175173258797,0.48578522156369214,0.5638847856709585,0.39116405325831327,0.528237103076641,0.4281861179348801,0.5474059042003293,0.4103175386872434,0.22578276299163885,0.10498223580930348,-0.0428335647481072
#13,0.2463307827327633,0.27211918834878673,0.7012907503279775,1.0,0.05105003194128446,0.24537395485497449,0.08357653716171963,-0.1169824856969548,-0.1871436833842849,0.6229453290153822,0.3619828182087489,-0.07613794604441955,0.2043819008792418,-0.18431350421080844,0.04770879221640271,0.2806629277562709,0.5145593815683674,0.3646953083593465,-0.028731034232593006,0.08995350880551688,-0.008174147510292752,0.23083129963746138,0.10036737515189743,0.37991910894900077,0.020467007776745535,0.2820066784490038,0.17603093770341158,0.41876051694500255,-0.004837744320597795,0.013537865032455167,0.14720518799007704,0.12458874336739732,0.09015341892657132,-0.011627433633668733,-0.08133480310263733,-0.12907785410994654,-0.1245218379639799,-0.10591649318955389,-0.1523593223208114,0.01792137809009256,-0.15196272643549372,-0.19570596284331843,-0.39504779101331455,-0.118772809805269,-0.06547580422511654,0.016716274739381285,0.13366369555623178,0.25840599891581,0.20604163853751237,0.3877704177355745,0.2521160849053752,0.5192814520890809,0.2428670174498159,0.2574274066296806,-0.09150523051128223,0.0027217601763723166,0.07264838590714255,0.09507056303315244,0.08663322739977793,0.21201556558240953,0.089638327929177,0.04971756649732076,-0.13448993698397696,0.010526315789473684,0.254594003099413,0.024198394673362583,-0.23731306287697265,0.05483462072495632,0.19696023763509551,0.13076902924693132,0.19437269131015691,0.27852598529290257,-0.04540660146748538,-0.10249786890168332,-0.0992952765188232,0.01621166290155837,0.22713779893314096,0.22062701648250888,0.033838415389854964,0.03667343109851821,-0.39611505311120204,-0.3811596802244152,-0.000865336753838496,-0.17419708477841617,-0.034276121824260465,0.008199136275424557,0.05629928479735925,-0.4042307591546543,-0.23402260677155232,-0.1871767330413947,-0.17200129780360845,0.006070254704034275,-0.04167360239247274,0.17647509285139948,0.18693168192526344,0.13144453199468786,0.2900651521594122,0.20897338494991163,0.41877986308574977,-0.006017858906177263,0.36676937586528635,0.29288404608411944,0.19006736890470616,0.15739576762866694,0.20563536958182108,0.08010712925438765,0.2115149841905756,0.15997364088323193,-0.009247052232564794,0.2149013649105342,0.1562898132492851
#17,0.021337584110369734,-0.14627093060982663,0.02318917099771675,0.05105003194128446,1.0,0.1819484385044627,-0.0016004901022322626,0.20642453090646745,0.021564901264149384,0.10234551804329908,-0.011188115020867634,0.7467098461780288,0.2966097903563519,0.18029353738137893,-0.38438242483722035,-0.46153644631546703,0.034544549527127925,-0.10668872664104646,-0.26659102863027306,-0.36983332090612486,-0.31516354542211866,-0.47299581035139443,-0.031102548652521145,-0.15965039911491405,-0.10913601344556782,-0.3038799088313117,-0.14152628959157476,-0.3518978362550708,-0.3212890172362023,-0.2039409700880451,0.06478337360420618,-0.16705271621831314,0.16220892622873184,-0.18172434570747426,0.08927800605776032,-0.055930902033964565,0.24437521033890006,0.004757135400817777,0.044877806953728464,-0.09595967941832603,0.21695205582973784,0.05106776590363607,0.5658895295058874,0.06593527506786263,0.3691618486043573,0.07714636363086758,-0.08984388067461604,-0.376658478143899,-0.05098957525144945,-0.2100567688317551,-0.2825814200470353,-0.21298690306575874,-0.26143125167515413,-0.2927518474556802,-0.31099203382350277,-0.21123285297134553,-0.26508525400878236,-0.3641270154748974,-0.16174784320759014,-0.2665990895222511,-0.2734701938442998,-0.2541458175054361,-0.3863170389119408,-0.44129312829111106,-0.1077608252741207,-0.08403842627205914,-0.1897747585259047,-0.31323457397178284,-0.37291177555252375,-0.3844985016817036,-0.25486001253468704,-0.2696590041171006,-0.2509867539392571,-0.1943235198690911,-0.19095890355747316,-0.20800688400174921,-0.33608156010503343,-0.2847925227166012,-0.23991028227228484,-0.37147532460204385,0.2756732356218877,0.08709269824252402,-0.19196973941151457,0.7237556501814708,0.691780509972331,0.3222127954568813,-0.02146978273880896,0.1391273681389214,0.008662637564159663,0.6538258000939093,0.5208605808275715,0.5067846512555847,-0.017020170366951956,0.1373797667580906,-0.07249603504875832,0.15162255679402203,-0.030751899851478064,0.0357512650562348,-0.23423138387378256,-0.2708794231625701,-0.268943196909454,0.18430221896203924,-0.013677318463674598,0.05155303160071178,-0.1977792242600605,-0.1425871029758798,-0.24248493117005862,-0.21837319108545955,-0.1107901084794538,-0.25322687581994385,-0.2048953796982405
#18,0.13044498138941565,0.2264663266313734,0.3377396855849084,0.24537395485497449,0.1819484385044627,1.0,0.4071560568534711,0.12603325520985525,0.13097780634916156,0.24171189162936824,-0.07153195236818931,0.12225269687217238,0.4599218496522733,0.20021441972661486,0.007277776322338949,0.03542641110952133,0.13640439882875238,0.32087307521013736,-0.1664513736767542,-0.024705424778778896,-0.10966803231611594,0.07863279211161112,-0.006085570398792478,0.1085870667018659,-0.03933271936206101,0.17912148368777747,-0.24294278983440912,0.047081654820514164,0.22500005038057486,0.2848844168851504,0.22499601993458587,0.10698456137663913,0.007266491073569746,-0.011610505760514929,0.1916021627373177,-0.09294006928336655,0.11246193747569137,0.03952618076953305,-0.008806121441368095,0.009350231649883217,-0.005488258303222543,0.12517477021419804,0.15084065027215587,0.27273987703109287,-0.01801166008024618,0.12427678684784865,-0.2652553388295182,-0.07438712030679755,-0.11822305697236928,0.0463811633076258,-0.05853537623205696,0.11329140326022775,-0.1699610860439762,0.009603343657992475,-0.2712784373154811,-0.07316025254774568,-0.17049632927131553,0.015794108697097877,-0.047051023430997756,-0.011442033118174691,-0.20672036564206012,-0.13937886796863508,-0.1403276349544459,-0.23631834880688724,-0.13678809728690527,-0.22761097329224966,0.16220408969354505,0.060112892792151915,0.072864417812153,-0.0790358367105112,0.28252821815998047,0.03121298287261977,0.008692462864478268,0.030651138701753042,-0.11664070387708753,-0.10070593261497351,-0.013483857056202555,0.007801734300909067,0.050002115984144224,0.15943759156669482,0.06326550764474843,0.18216850085546216,-0.1995292439084847,0.0830461304695671,0.07977582659409177,-0.18214351209033036,-0.11156556628773757,0.12137970227095479,0.0940097496488474,0.24379240784889053,0.287496145886023,-0.043161643051611874,0.10438492371373355,-0.12123299403695516,-0.03750692732904359,0.038994967988182735,-0.005802633090364614,0.12677082682584243,0.2065220676994013,-0.08077537719936399,0.1726461691618486,0.08807451488544465,0.30537601038242884,0.1301725232405592,0.1606684897717357,0.11031370976355388,0.14526251302337861,-0.10629051857733317,-0.06744427404614457,-0.1511082718858255,-0.0821739419575473
#26,-0.1469972169770446,0.4212311803362601,0.10228828571025526,0.08357653716171963,-0.0016004901022322626,0.4071560568534711,1.0,0.021779320990764232,0.2981171771562382,0.28937513980609525,0.026370805061434074,0.015564373275724826,0.47915836226857683,0.42572835197078734,0.09911229427092255,0.11726461691618487,-0.02838360978834113,0.11413296038273116,0.0010168815230249303,0.09991354693353593,-0.04142452083035248,0.00900925591921374,-0.1218383670245031,-0.014086811776157091,-0.2629329958506559,-0.04082640264558475,-0.16299083275059803,0.13172746930311574,0.08094143157411084,0.14931311124232452,0.17405763134719673,0.2678348242624788,-0.07805482615678838,0.11753546288664572,0.0538745684903763,0.03328463211096624,0.08402714102328994,0.06487123732676639,-0.1227290955880723,-0.09785076467636526,0.03325158245385643,0.1244597690957493,0.12836204690229996,0.06661964479679498,-0.055000675099703154,0.04021538703365221,-0.0900824830771649,-0.06522108003861167,-0.09057742184461422,-0.04119478540897943,-0.2449983172887996,-0.14503438978040115,-0.24173446212690666,-0.1006487002819297,-0.11338571569637038,-0.0437275176684676,-0.02971607523230483,0.05301608349471911,-0.14698996217426438,-0.0957847580624034,-0.10438169935694235,-0.014281079272826935,0.2494455113930632,0.10029643930249102,0.012221521372447468,0.21110790914568653,0.4108334357738356,0.42836184538000055,0.22996636592822178,0.20908381917001026,0.3688789112959294,0.17621150168371882,0.14277572784816503,0.010366710128309248,0.15658161753888877,0.23986433518801023,0.008002450511161312,-0.07086209224481735,0.0631478186218696,0.007181851707800726,-0.10622764361990476,0.06548305902789674,-0.34317917549166405,0.09020662081362613,0.011646779774415939,-0.35207195152179566,-0.1324432765107623,-0.006549877776725384,-0.04202586337191142,0.1853993063602453,0.20333076056531035,-0.008976206262103933,0.03756899619727421,-0.24265824034758565,-0.13812620535525358,-0.08684603494799717,-0.08064237248172697,-0.17252928622816757,-0.08017887119299186,-0.011326762362889266,0.018838707597189166,-0.0034037116377112707,0.17373922611406564,-0.016941979714765337,0.013111443846818869,-0.01704515913208376,-0.032083559206243964,-0.012916370260951226,0.09302551473833337,-0.1828359427112407,-0.18157038267069442
#49,0.7205554760662041,0.13667685697760887,-0.09442166122892329,-0.1169824856969548,0.20642453090646745,0.12603325520985525,0.021779320990764232,1.0,0.3721613065093718,0.02688912041561959,0.1307230821626567,0.38347799275728855,-0.02573077023838073,0.18557180944857454,-0.022437895865366982,-0.08817769430276307,0.04804815576867658,-0.04602325970380253,0.012425461939490914,0.035211991382906475,-0.13134135257736945,-0.11867204865554398,-0.1915618582774277,-0.19311922260757763,0.31596721635232544,-0.01788671625458715,-0.275857830048184,-0.3460722296225689,-0.027029379936036824,0.06327356853672643,0.046938977032503534,-0.0045733470637193355,0.25013955419236916,0.19835638412568543,0.22358455774923774,0.12603164303145964,0.33192617029037347,0.30265223498306204,0.47571394312637666,0.14367774166050346,-0.08863716514550918,0.10656861935057424,0.1240672036564206,0.28907688680290916,0.06615936786485109,0.20618834677151202,-0.3196824814649865,-0.36877895623540224,-0.378510065031246,-0.42326252511471657,-0.3135489487589249,-0.27656235200706136,-0.32078037495239037,-0.0035536442285021047,-0.14316103848471354,0.147011726582605,-0.42750577865193673,-0.14008500210590802,0.04611918431834074,-0.13740153116643122,0.031158168807169356,-0.042614308486305555,-0.03317339180166981,-0.19898674587836518,-0.20401351811584711,-0.09281190110091632,0.15546437791073772,-0.016093167789481746,-0.014629309806276613,-0.17713608599359562,-0.0812380723989013,-0.18059420865215842,-0.006834427263548848,-0.026286971784862855,-0.10056406091616067,-0.22019898311847697,-0.12790015779196046,-0.11752982026226112,-0.11609820584696799,0.01399572369680567,0.006758654878955631,0.13470032626460282,-0.19882391586040954,0.31898843866568055,0.3459666319376571,0.3761998133903507,0.05311200810925733,0.047699119146029104,0.034011724567382,0.27231587411304997,0.11325432315712895,0.298089770123513,-0.01006603885752978,0.22929328144805863,-0.06628350560131231,0.1686173353512433,-0.03293398330992316,0.08321943964709415,-0.14855296912879895,-0.1478903638082072,-0.17631226283344384,-0.023855806764297504,-0.18080298575438866,0.31642023848148915,-0.015786853894317675,0.15091158612156227,-0.1400471159136114,-0.2436747188260117,-0.062053955580454755,-0.09356962494684849,-0.07163593787470553
#50,0.07177539130592496,0.36976883377030084,-0.007297122463086152,-0.1871436833842849,0.021564901264149384,0.13097780634916156,0.2981171771562382,0.3721613065093718,1.0,-0.008361160204182394,0.0649365305517882,0.14797822753076742,0.09784350987358506,0.27133970009451397,0.00198821900637415,-0.13585545208505048,0.05395034087496952,0.01965285768696735,0.056624944833270525,-0.045141398121409125,-0.09155198368475463,-0.16971684101704274,-0.1055295703746098,-0.23186470598904121,-0.11838346872273152,-0.209621480664943,-0.23031379037247365,-0.20186287213611623,0.0627109182766619,0.15549662147864973,0.09022193650838434,0.14944450378156596,-0.031156556628773757,0.005244819365486888,0.04831577738234624,0.17190537318907023,0.13354923089014414,0.07406952116286428,0.0038970382267649825,-0.11051684424139953,0.07172541377566134,0.17103157249865483,0.12661928205665599,0.03142740259923462,-0.11295607015394288,-0.045192181740870536,-0.20863563357603335,-0.20231266990848873,-0.17421562482996555,-0.20713388940053162,-0.07512066147679572,-0.12780423317742226,-0.1284894089955524,-0.17892076747752522,-0.04979898150629858,-0.012040957392140228,-0.22838320674374224,-0.04834399050426925,-0.13570471340506185,-0.06586998184284082,0.0419299387573732,0.11442073422634581,0.165564675559174,-0.01425850877528853,-0.0931835082211022,-0.06096976560941351,0.3336753838495999,0.05314586385556494,0.10501770373400669,0.06467777591929436,0.14191401849571664,0.026590867412433522,0.0856618899164287,0.09545506758050312,0.03255109094096807,0.03595923606926724,-0.14374706533151427,-0.20152028422705115,-0.05791871799573982,-0.025148773837568996,-0.07743413747448225,0.22319360448830466,-0.2687166858448722,0.26962595445999077,0.1963919447506464,0.09078297459005326,0.06921525201371158,0.05126525775709711,0.12923262323592416,0.21397839277905298,0.19935835299855106,0.12465403659241914,0.02764523208315616,-0.0944909848999341,-0.1267458380607106,-0.019379593448913088,-0.059939583614624876,0.0027072505708119134,-0.1249563200415942,0.02878987874403242,0.015310455178417767,0.09905506193787873,-0.015641757838713643,0.01328555911354371,-0.012837373519566807,0.1187534636645218,-0.10659038375891484,-0.07478452228131303,0.20937965390560292,-0.300570912674342,-0.21050817878252318
#51,0.2891002633896454,0.3197211737464809,0.49158422725266665,0.6229453290153822,0.10234551804329908,0.24171189162936824,0.28937513980609525,0.02688912041561959,-0.008361160204182394,1.0,0.46900244446549233,0.2706787069523178,0.26027531976550866,0.0966843536071484,-0.0393028940617424,0.11093923498104682,0.7205046924467426,0.2984646016004901,0.018663786241266526,0.0069061692021530645,-0.08647442782781128,-0.0031465691836130125,0.1682771657097716,0.2256263816872656,0.21393163960558056,0.12308055047831318,0.20550800748856865,0.3750350144995294,-0.024422487470351032,-0.12372461574735552,0.17819851155629626,-0.033514367532339294,0.22976484362877175,-0.04140517468960528,0.027574296233749747,-0.245940635561028,0.004598335828851142,-0.16843515919254046,0.04794900679734716,-0.12174647285595387,-0.0013828460188262132,-0.21788067058560365,0.061367167583929,-0.15515161530199123,0.14153193221595936,-0.16894783192234136,0.16606364477261232,0.00719636131336113,0.1505512642501456,0.20420536734492356,0.13593444882643488,0.28363578471775797,0.10759718916696727,0.03262686332556129,-0.17446067594609682,-0.08101236742351725,-0.14186484705465083,-0.20561118690588706,-0.00287088667796535,-0.03615753401192609,-0.0401621851465974,-0.06080935385905127,0.029980472489183292,0.18299071183721835,0.37977401289339674,0.2348770613212205,0.005260135060245091,0.13454394496022956,0.1394635073344041,0.17944794981288653,0.11161634990719899,0.3456716032912622,-0.18358479957599708,-0.12474512467177055,-0.17401732688730673,-0.009372802147421623,0.02036221618103151,0.06002341689119609,0.18291090900663612,-0.030927627296598505,-0.2358080943446797,-0.4053463866044097,-0.10912634037519421,0.038387982822239194,0.009347813382289818,0.04795464942173176,-0.09344145676439826,-0.4451268885158487,-0.2730260386963119,0.18572819075294777,-0.0820909147701739,0.2680702023082364,-0.22323552112659026,0.09341566191006866,-0.07861344597086391,0.38927941671385646,0.1805805051357958,0.30218792760512914,0.14683680522668235,0.10627923332856397,0.21132716540748817,0.41089469855286836,0.1382769440352422,0.21880203053868927,-0.022051779139620694,0.015655461355076245,0.006251624773539316,0.06372256021990114,0.011294518794977258,0.1015757028593999,0.0035713781908537088
#52,0.23104168891808724,0.14741154682471388,0.2566156748074958,0.3619828182087489,-0.011188115020867634,-0.07153195236818931,0.026370805061434074,0.1307230821626567,0.0649365305517882,0.46900244446549233,1.0,0.07294583282113082,-0.05026328888423148,-0.15297920491391975,0.02256445186942161,0.057160994149807645,0.3968115141781014,0.15297356228953515,0.08973989516809983,0.06839626538874659,0.17227133768487152,0.1130592495712613,0.1753618836692374,0.09562757066883236,0.2357806873119545,0.1108279946717504,0.12179645038621749,0.16940085405150507,0.015883584598053696,0.01099465361339559,0.09850127865899001,0.0803715265112661,0.2177436354219776,0.15768112320468822,0.004580601866499537,-0.06386120756192276,-0.03792206326591069,-0.05723918480199427,0.07670059630448407,0.0551860756151972,-0.094975444507812,-0.26174078992710936,-0.22134766022534225,-0.16757264375089426,-0.010648841347539312,-0.051663465820810404,0.08330972163724777,0.04993762884832021,0.08800519121443383,0.06727418922540873,0.21157463479121283,0.1656670488872946,0.139068523627482,0.0658417687209178,-0.039104596119083554,0.0600548543699103,0.04160508481065972,-0.014357657746617953,-0.02330686002059558,-0.018422765571124274,0.16856816391017748,0.07626047160248517,0.0013102979910241967,0.12816616722723453,0.098408578401243,0.09429994176005546,-0.13221192891099365,0.13587318604740206,0.15248507223566823,0.1501490257404433,0.024125846645560566,0.2950121215663119,-0.08231500756716234,-0.10718769585448477,0.01152102985955911,0.0060404294037156685,0.16570735334718464,0.051813398411601236,0.1969086479264363,0.06697593622222267,-0.28327304457874786,-0.2335534628584326,0.019405388303242694,-0.08626968117157004,0.11447635438099403,0.19088071290528655,0.032236716153826,-0.25576444461461884,-0.14192127329849685,-0.09485130677135079,-0.1700763567992616,0.16845853577927666,-0.013307323521884315,0.07388009020138124,-0.014242386991332526,0.4419517031657138,0.2688529149193004,0.14875046098226,0.154006968641115,0.14938324100253314,0.12383021343226734,0.30791196699870826,0.06719680466241992,0.26222524953498727,0.04184852374839538,-0.009014092454400541,0.04927744179532186,0.16811191742422257,0.1919632906979322,-0.005972717911100453,-0.06646165131402615
#53,0.11734764410355827,-0.06982384935805072,-0.14703026663415442,-0.07613794604441955,0.7467098461780288,0.12225269687217238,0.015564373275724826,0.38347799275728855,0.14797822753076742,0.2706787069523178,0.07294583282113082,1.0,0.25449888457407255,0.32152117092516874,-0.4076590565128984,-0.471093439844586,0.08923125288428792,-0.22478885501075122,-0.23145924312254773,-0.3085810210328824,-0.3910802199817421,-0.5024720740473537,-0.056143709582183815,-0.2509666017093121,0.015378972760230784,-0.3391068128643775,-0.08593999068966976,-0.2833286647333961,-0.3537268526448794,-0.2941463817678745,-0.0012409743200133812,-0.20950056728527294,0.12869012520580464,-0.14810639571321765,0.19654026516304163,-0.07253150297346153,0.269899218698045,0.06658256469369618,0.19570273848652722,-0.13567569419394104,0.18029998609496134,0.06941677431316162,0.645117618490074,0.08474456040933209,0.5520256013929221,0.057180340290554854,-0.10447117525789816,-0.4561864323096672,-0.060917369811556495,-0.2772289877736421,-0.23154146422072333,-0.27134695489729416,-0.301748608992328,-0.38972195968344875,-0.27520973433315266,-0.21697140197048503,-0.2808314003986111,-0.39756198322125336,-0.042456315003536714,-0.29468807370879624,-0.31466538229787816,-0.3417040322596897,-0.2659703399479669,-0.33765182186234816,-0.08693470475975519,0.04654238114718584,0.00993061587229935,-0.24480082543533854,-0.3954951705180937,-0.37816747712218096,-0.32911936770363326,-0.27136065841365675,-0.2866102538576406,-0.14301916678590068,-0.21643857701073912,-0.26463706841480544,-0.46333563740495703,-0.425052043133833,-0.16931299032894484,-0.36964066558785064,0.36010140602108326,0.07647730959669342,-0.19152235990673547,0.8087980605493901,0.6288176888213566,0.3745368513752889,-0.13454394496022956,0.029036542038559276,-0.037065190448649095,0.7761587028412629,0.5187832889648404,0.7330708169512498,-0.11290931698047048,0.22260354719551492,-0.22009499761196075,0.2988595853074122,-0.13308895395820025,-0.04163652228937393,-0.4314483609183774,-0.26179237963576857,-0.41978344413701096,0.13573695697297383,-0.19372540168432337,0.014339923784266347,-0.4142302956533655,-0.33090163091996944,-0.5008679565437314,-0.2859331389314885,-0.019319136759078075,-0.21102407586911529,-0.17151038948214814
#54,-0.06899438357351433,0.11740165207981089,0.2579054175239761,0.2043819008792418,0.2966097903563519,0.4599218496522733,0.47915836226857683,-0.02573077023838073,0.09784350987358506,0.26027531976550866,-0.05026328888423148,0.25449888457407255,1.0,0.16698178036890673,-0.04904931855234441,0.01182976202231658,0.05765673900645476,0.11067000118898157,-0.11266829631032822,0.015367687511461581,-0.05599055263460178,0.014185154658288714,0.0609222063467433,0.14455234844011663,-0.22023122668638898,-0.016099616503064147,-0.15198368475463653,-0.028185311845682286,0.03188445517438732,0.06066425780344724,0.014290752343200536,0.10605191617478432,-0.13368626605377018,-0.08632691350461386,-0.03639371814688154,-0.04084574878633195,0.013565272065180373,-0.05245343323465458,-0.08896766171660725,-0.1598293509168257,0.05856278326478216,0.224761447978026,0.15726679335701893,-0.005219024511157282,0.07048887294623586,0.1010944676083132,-0.15740624678823836,-0.26351982878665436,-0.11220721328918651,-0.01798102869072977,-0.04180741319930757,0.004576571420510537,-0.12033178631381455,-0.09087406266940469,-0.13746440612385963,-0.15154759049862662,-0.06769254951906703,0.02498997426560236,-0.09810871321966132,-0.021425447832929954,-0.09824010575890275,-0.05832015041624431,-0.07261291798243935,0.026095122555786412,-0.1081638698730208,-0.07824506320746923,0.04070629535511252,0.05280488812489546,0.06567571434617098,0.0029539138653387692,0.21965245464236846,0.011469440150899898,0.06543791803281993,0.010623852582407506,-0.05374398204033267,-0.006485390640901369,-0.11353242393037001,-0.07161417346636492,-0.1152260173349482,-0.09059031927177902,0.0865115079309101,0.21408318437476698,-0.2313189836021305,0.27171936810667785,0.16943551588701047,-0.14846429931704092,-0.06912335784516235,0.2132795134445602,0.1328672794288052,0.3423996872373912,0.2601777829725748,0.044698049062619025,0.014248835704914928,-0.11184447315017643,-0.057318181543378685,-0.0424119800976577,0.01783432045673014,0.006777194930505035,-0.025789614749820142,-0.15089385215921067,-0.015522456637439216,0.08746027491672091,0.11283435068507505,-0.17725538719487005,-0.09349949518663987,-0.14145696592056395,-0.05600264397256879,0.02970075953754663,0.16304887117283964,-0.18445860026641248,-0.10968576627846754
#58,-0.047231587411304995,0.1263363447482281,-0.22052625533278386,-0.18431350421080844,0.18029353738137893,0.20021441972661486,0.42572835197078734,0.18557180944857454,0.27133970009451397,0.0966843536071484,-0.15297920491391975,0.32152117092516874,0.16698178036890673,1.0,0.0649276635706124,-0.1431384679871751,-0.20675825183435673,-0.25855996195258985,0.03361271041447091,0.07662321174149525,-0.15221180799761397,-0.2535130374851629,-0.28412105041483365,-0.39390959306602075,-0.24174574737567586,-0.287592876589759,-0.19314259919431384,-0.09033478899607636,-0.09320366045104721,0.1845843501812693,-0.057280295351082075,0.2552711180255651,0.045471894692507196,0.2922206346743299,0.4434816604631385,0.34466882832919876,0.41418837901507993,0.37245552906656887,0.1325182428061577,0.10029482712409542,0.3722193449316134,0.40869891157806065,0.2829312627588806,0.4017899210637153,0.09284172640123493,0.11870509831265379,0.05776878540494899,-0.10438572980293134,-0.09293603883737755,-0.38385040596667225,-0.39683569685403536,-0.49333908343627764,-0.4001970888088621,-0.25490918397575285,-0.018318780064608048,0.1332662935817163,-0.09919693363669156,-0.03522972534525808,-0.09078781112524006,-0.08641477722717407,-0.1774722251890783,-0.1757117263810827,0.3898992993069648,0.03737392261140657,-0.04493100884078328,0.15031749838278355,0.7254000721449833,0.2673979239172711,0.00560675341529917,0.06701382241451928,0.11947813785334416,0.002440435046340053,0.16621196518500755,-0.0014682914737930326,0.35309971524899086,0.20724996624501485,-0.16224681242102845,-0.3041636522289374,-0.04939593690739849,0.0909530594107891,-0.01178945756242657,0.01850821102609109,-0.18873167910395125,0.36675728452731937,0.2516356557434863,-0.13668169351279566,-0.08681862791527196,-0.03171517644284928,0.2079923743961888,0.3104406688122074,0.45312974207160894,0.22131622274662802,0.14409126541897493,-0.17458561977175585,-0.18037575847955456,-0.28142629422658766,-0.21924537959747936,-0.3428059561930826,-0.41681542371071073,-0.19656606001737123,-0.364156840775216,-0.19015281435967296,-0.14285714285714285,0.034507469424029116,-0.12520540160371446,-0.08643895990310808,-0.33920838010330034,-0.22384976109531401,-0.1514033005322204,-0.24432845716542764,-0.15785765673900645
#101,0.027849172650199608,0.30850927909427817,-0.08194501262537206,0.04770879221640271,-0.38438242483722035,0.007277776322338949,0.09911229427092255,-0.022437895865366982,0.00198821900637415,-0.0393028940617424,0.02256445186942161,-0.4076590565128984,-0.04904931855234441,0.0649276635706124,1.0,0.7106776590363607,-0.013352464516961125,-0.007259236270789544,0.7281053074928007,0.6886714239364157,0.6450966601709313,0.5679136194815637,0.17015132309465703,-0.062016069388158145,0.17856528214129536,0.38780104912509095,-0.1469488516251766,0.02834975404203352,0.5655437172400312,0.6081568165925401,-0.10833395469375663,0.46444562223032787,-0.12652577570971116,0.5593626252712994,0.30222339552983235,0.5030363364858138,0.5124893445084165,0.5755021431896546,0.385388424156075,0.574411504505031,0.11885180654665342,0.21308524594789036,-0.35024374122118485,0.4273800287370799,-0.3786712828708061,0.05646292090451269,0.008354711490599992,0.21888263945846928,-0.3513956426848413,-0.3851014564016581,-0.29657915896683545,-0.2776320323725422,-0.13786019591997953,0.5425339010888249,0.5857378638233214,0.7383603742672146,-0.05947850059348317,0.07364954869081038,-0.3461060853688765,-0.12901659133091373,0.05192302654250206,-0.018614614800200716,0.4671427966861673,0.2512471207501466,-0.052867763082323875,-0.03501046908345643,0.37984414265360533,0.2559562938436953,0.8035407468013372,0.6765897590397866,0.29776169182000833,0.14592431225477256,0.35248789354786053,-0.06125270291784137,0.3610783861288171,0.07794842238267875,0.30706234898422685,-0.01408116915177249,0.5157048343184415,0.7764537314876577,-0.1911265701106156,-0.1270811711669955,0.05481043804902232,-0.3365353883233949,-0.313722257936452,-0.3969936903368042,-0.1183367155492591,-0.09103850486575592,0.09867539392571485,-0.32836164385770106,-0.34338311605870747,-0.38491605588616407,-0.15672751968369059,-0.3543483474163834,-0.21178744233943206,-0.3216840009431244,0.275974712981865,-0.37250308832923906,-0.016562311702601452,-0.1315211104684789,0.0004219876950483956,-0.23327052555000474,0.009719420502475701,-0.17008441769123964,0.04963131495315614,-0.1382398639321434,0.05187707945822745,0.01037638319868285,-0.1682626561042112,-0.10850403951449247,-0.1602823730459894
#102,0.16406776791885905,0.26511669148749656,0.21286357141849532,0.2806629277562709,-0.46153644631546703,0.03542641110952133,0.11726461691618487,-0.08817769430276307,-0.13585545208505048,0.11093923498104682,0.057160994149807645,-0.471093439844586,0.01182976202231658,-0.1431384679871751,0.7106776590363607,1.0,0.11447474220259843,0.281194946626819,0.48323636752024796,0.7377195333549634,0.35738166106770547,0.817217662220413,0.06652049582546557,0.26454275597866284,0.0658200043125772,0.4501850982320449,-0.24571009405045716,0.05021411744316567,0.4155240688158348,0.31515467844094286,0.09482309364942777,0.2820993787067508,0.0005469315207074239,0.3499712830723284,0.0671218383670245,0.2667401551318661,0.15165238209434065,0.3579693000929018,0.1054876537363242,0.44259657452395396,-0.09147298694337022,-0.035037876116181636,-0.4604893364475246,0.31065911898481124,-0.4597783657750648,0.07474502391062084,-0.17717639045348563,0.17963979904196298,-0.4105908029252977,-0.12311037577863178,-0.1722673072388825,0.101151699941357,-0.16129079063243743,0.6720031115043035,0.16353655513750875,0.631897755646151,-0.14997894091970748,0.16269499801500534,-0.28104017750084137,-0.1258776799946798,0.22272687884277834,0.18875424960148965,0.28595570942902687,0.35041463213111845,-0.0008709793782230973,-0.07668125016373686,0.17055597987195273,0.35750096226897987,0.8154071858821538,0.6569880880168795,0.522294613510458,0.3948019338079855,0.31232933580265326,0.017717437523049114,0.10498384798769908,0.13705088236538815,0.42195504843588466,0.1607087942316257,0.29961247261815754,0.6571871920487361,-0.23431682932874937,-0.10799862158747175,0.09479004399231797,-0.3810411851123386,-0.34964723521481267,-0.30806270567869687,-0.03793012415788869,-0.27700005844146686,-0.14193578290405726,-0.3590639692235144,-0.40931798808197123,-0.4548604155792859,-0.23293519244371985,-0.20775860852882674,-0.08591903237052696,-0.11452713800045544,0.18201695608627572,-0.07126674902211304,0.22534344437883774,0.03904736378603974,0.2825572373711013,-0.08229324315882174,0.16924930928231863,0.004771645006378181,0.24431314147066943,0.026501391511477703,0.3127573691666851,0.3068777545579306,0.08969314199462741,0.05900129578838546,-0.06676232258480562
#201,0.274260161258144,0.16406776791885905,0.5643087885890014,0.5145593815683674,0.034544549527127925,0.13640439882875238,-0.02838360978834113,0.04804815576867658,0.05395034087496952,0.7205046924467426,0.3968115141781014,0.08923125288428792,0.05765673900645476,-0.20675825183435673,-0.013352464516961125,0.11447474220259843,1.0,0.4641530118515264,-0.04109241208085881,-0.0869379291165464,0.02084425752131602,0.03549412260213654,0.3511376941415452,0.30747909709948956,0.4277637271952328,0.16798455533097015,0.2105831450779186,0.2635609393357422,0.2220836196629338,-0.09099416995987691,0.3413896574725476,-0.1275906195400052,0.3928955328551881,-0.1686149170836499,-0.10334103820258231,-0.30397019082146537,-0.028641558331637187,-0.24475810270785514,0.04445138576809217,-0.0733134094953277,-0.11104322048756306,-0.347628787863521,-0.05602682664850279,-0.24184005981181847,0.020812820042601814,-0.22972373307968394,0.08130417171312092,0.06300111038786997,0.06904033065778893,0.21548174913295032,0.2339742414196843,0.455319886422032,0.24183602936582949,0.22992041884394718,-0.16889543612448435,-0.04226285359606467,-0.2800462695199537,-0.31208992731090657,0.005512440979156549,-0.07348591258365694,0.018346993186531057,-0.009592864498421073,-0.06511709453209545,0.19740439278308342,0.3292217410317539,0.1143296461469944,-0.18382340197854594,-0.02226216842024654,0.12927373378501197,0.2069855689881364,0.03736827998702196,0.4246078879858451,-0.28892131158773376,-0.06022977572583294,-0.40380595014741355,-0.22925700743415764,0.016176194976855164,0.1032757449775605,0.24221972782398235,-0.05322002406176255,-0.21143679353838898,-0.31512968967581106,0.032776795916352124,-0.05246471848342378,0.020890204605590632,0.13622302875924736,-0.04212501234324084,-0.3133022854643981,-0.28720756595321056,0.07669575976929727,-0.2958456177968373,0.1333525451258809,-0.315686697311491,0.1112382940734307,0.021930865759950666,0.5588515647198941,0.3742385983721029,0.5211757617039113,0.41439715611731015,0.2970176714904388,0.42916551631020733,0.5937399112898838,0.25545168200587237,0.3284487014910635,0.15300983630343615,0.275183939478823,0.20532341306227242,0.09810307059527672,0.002846704002031345,0.15997525306162755,0.06296483637396896
