,#10,#11,#12,#13,#17,#18,#26,#49,#50,#51,#52,#53,#54,#58,#101,#102,#201,#202,#301,#302,#401,#402,#501,#502,#601,#602,#701,#702,#801,#802,#901,#902,#1001,#1002,#1101,#1102,#1201,#1202,#1301,#1302,#1401,#1402,#1501,#1502,#1601,#1602,#1701,#1702,#1801,#1802,#1901,#1902,#2001,#2002,#2101,#2102,#2201,#2202,#2301,#2302,#2401,#2402,#2501,#2502,#2601,#2602,#2701,#2702,#2801,#2802,#2901,#2902,#3001,#3002,#3101,#3102,#3201,#3202,#3301,#3302,#3401,#3402,#3455,#3501,#3502,#3601,#3602,#3701,#3702,#3801,#3802,#3901,#3902,#4001,#4002,#4101,#4102,#4201,#4202,#4301,#4302,#4401,#4402,#4501,#4502,#4601,#4602,#4701,#4702,#4801,#4802
#10,1.0,0.518547104829885,0.2674285553067875,0.3869449823970271,0.04711470447762397,0.17651136686530047,0.30314797983970915,0.6239819597237533,0.43146690096992685,0.4455750741098256,0.44136567631891305,0.1919544237167564,0.31201415492631335,0.15339192258319345,0.23236689955927073,0.23481579854218768,0.43835009662994256,0.15930378075986,0.25942167130503824,0.15819702029128033,-0.019049096877815013,0.1553998907749137,0.16621518954179876,0.09825461536446316,0.00024948460671915654,0.18644077360380312,-0.1275656307748734,-0.051245105527152106,0.002756422011877724,0.007985522638007508,-0.07348752476205254,0.09655376715710477,0.18210240154124255,0.16586776509754686,-0.04471255866817943,0.06434486108060287,0.17761087253109992,0.030344018717391175,0.05998553069889949,0.05571406403975632,-0.009350231649883217,-0.059577649564812596,-0.03857257724853544,0.06505583175306263,-0.0388273014350403,-0.11159700376645178,-0.07656114287326464,-0.03203116340838696,-0.3086898430745854,-0.27961420570993284,-0.004788572879531984,0.03295494162906597,-0.041951703165713804,0.02530434905274443,0.062197439457663185,-0.07843207590135887,-0.1628650828357412,-0.131149503348293,-0.07074279104354292,-0.1532822944522926,-0.22496297027747605,-0.2755877901669209,0.07973471604500396,0.11135517700711173,-0.10894980684087598,0.17808968951459322,0.13479302652234984,0.3152699491962283,0.2937844477180622,0.24869987888509804,0.11263927709920742,0.10796395975196635,-0.012638269487710163,0.1894216914572682,-0.004171108554017045,-0.05700461284543441,-0.2737547433311233,-0.3240708310578107,0.08745463229233631,0.14711329382152782,-0.02269584440866304,0.11472140549712528,0.0732698806786465,0.1612013147314816,0.10127341941022484,-0.25737501083182357,-0.2551614898946643,-0.0344470127341941,0.02065079611384398,0.0918502366879407,0.1624684869504235,-0.01174592874574536,0.042063749564208025,-0.2317357317173932,-0.22109938475241978,0.04742182446198584,0.16848674890119966,0.04429178010692773,0.17945601070486455,0.05042531281298932,-0.03787853444922948,0.11494791656170714,0.12118140432829595,0.13986332757651299,0.17504106016851295,0.20851955673155012,0.1471149059999234,-0.12284275416496213,-0.007846875295985878,-0.07849817521557848,-0.16830134838570562
#11,0.518547104829885,1.0,0.46692757087035464,0.5077100416546593,0.12990167727009833,0.21575017683581776,0.6590847260203578,0.49219201850780797,0.5537062973703355,0.6597505556977408,0.5000320420456126,0.147060091934473,0.26132323572264887,0.13268590935930016,0.06328969032068243,-0.016239876023481377,0.2641848523748395,0.07958075300822412,0.28016234636443693,0.1818863696362321,0.07056383924163129,-0.06105924151036933,-0.0985077273725724,-0.014547088708100994,-0.024735250079097503,0.07121354713505823,0.03346035955608668,-0.04669795636236128,-0.0339778688210744,0.115206671194201,-0.24346594172378144,0.10033916202997442,-0.0754801772590146,0.08132593612146152,-0.008533663292511633,0.09989097643599752,0.025945996054193378,0.04350181269308355,-0.08423511203632238,0.010939839547945179,0.07421219895087491,-0.01050858182712208,-0.27845827380028737,-0.06947239446780984,-0.05680228445678657,-0.1598051682408917,-0.07670462675047307,-0.0034109664404914724,-0.1859071425548594,-0.22533215913006854,0.02882454057953783,-0.0922935857467308,-0.12165780304419585,-0.24119357627518273,-0.16845289315489206,-0.26871587975567435,-0.11063533935347616,-0.09646348516695115,0.11828351366220428,-0.055169147742043394,-0.10572061351448844,-0.1775383245032979,0.14914947513517107,0.13136795352089686,-0.09147218085417241,-0.07014386676957739,0.3250405563627643,0.5171477339825038,0.3104189044038668,0.3012689859196369,0.09723571861844373,0.18490275541440038,-0.23519385437595597,-0.1518950149428785,-0.21119335460065333,-0.24522966488856823,-0.3173883516080472,-0.2949621440360483,0.27341537977884944,0.16764196742190507,0.13754179068684846,0.21434113291806306,0.1363850526880052,0.11712274521737202,0.0772608282969552,-0.13543951005898558,-0.1421389173819029,-0.05441867869889143,0.012953450364050033,0.07777994974033851,-0.03302990792446138,0.050058542227990235,-0.002811236077328137,-0.02445553712746084,0.007297122463086152,0.009679922131783493,0.025280972466008227,0.024628846304987878,-0.0225048012687844,-0.02424434175763719,-0.08502749771775996,-0.09526563661902007,0.12339492526545524,0.12616464774909666,0.023472108306144615,-0.04428130094735633,-0.09269985470242209,-0.09623213756718249,0.03951247725317045,0.13847201762110986,0.1571434617097555
#12,0.2674285553067875,0.46692757087035464,1.0,0.4733085729601409,0.1638162680891454,0.457934033690498,0.5807570386701141,0.09851014564016582,0.13903466788117438,0.4524260262019294,0.2698855151816824,0.08470667421703548,0.286560276327377,0.18941766101127921,-0.1991068531688374,0.0807842441805398,0.5641846508525401,0.5617035083017111,0.02671581123809255,0.004497574679126119,-0.4124440019910403,-0.21879477573590905,0.08142347291439535,0.24647829705596072,0.11464240875574086,-0.0410561380669578,0.17736420923657306,0.3102923483998122,0.19657412090934923,0.11208468773112089,0.3187667641362855,0.0997595838967561,0.4560187657565248,0.0953317359332397,0.014021518551135276,-0.08425365208787178,-0.12535210983771408,-0.18387337950880955,-0.16988773192697637,-0.11044107185680631,0.05147081050253616,-0.08185634281361404,-0.1483772416836785,0.2865368997406408,-0.14757518293186733,-0.2264872849505162,0.1893185120399498,0.24255586701946505,-0.23574441329805348,-0.1191839152961471,0.06857682936905383,0.06468664290047015,0.08488320775135373,0.19398335022761945,-0.3350932947485304,0.02323592417118916,-0.21915026107213895,-0.429449259707833,-0.07214619233691304,0.12198588134770053,0.2052621502832396,0.1439260171334259,-0.032958165985857164,0.044736741344113436,0.32285121810153905,0.21526007460355526,0.3585545208505047,0.45102020664096587,0.09330845204676123,0.25678979007422065,0.3365644075345157,0.26559792673858323,-0.21213325460528834,-0.09578395197320559,-0.27575303845246996,-0.11240228687505416,-0.056432289514996285,0.04161153352424213,0.21037114361889714,0.11224912992747213,-0.017493344726060664,0.22106875336290338,0.17644123710509185,-0.016879910846534722,0.11185172795295663,0.13806977911140758,0.12078561453217605,-0.05356180588162983,0.003638283594271124,0.008454666551127215,0.13365482857505598,0.08894589730826664,0.011712879088635553,0.07048726076784026,-0.0931569072775748,0.414571271384035,0.29849926343599553,0.46331306690741864,0.36891196095303924,0.3926746644149908,0.3552302089987768,0.4552126765587246,0.509332699209831,0.425975821354512,0.3743643482869597,0.4215777986913142,0.33340695614673244,0.1554216551832543,0.19980008987894554,0.09343581414001366,-0.058159738665882074
#13,0.3869449823970271,0.5077100416546593,0.4733085729601409,1.0,-0.06345493860623147,0.21610969261803664,0.341408197524097,0.2821815998049264,0.3108066333080087,0.5783371588983179,0.35038964336598666,0.012349689554897698,0.0975549299407726,-0.032904158009604556,0.10557874181567561,0.14595736191188236,0.494870652912098,0.037509345596636996,0.2065510869105221,0.28675454382404686,0.12055426693240741,0.03230603982483682,-0.09013890932101092,-0.021470588828006763,-0.21879074528992007,-0.10538447431900577,-0.1536377797885225,-0.10793655271924114,-0.14250568796690197,-0.0490138506276412,-0.09214123488834657,0.2961672473867596,0.10626956025819037,0.09206385032535776,-0.06635363536152093,0.08451885543394805,0.05521831918310921,0.043955640911445056,-0.15331373193100684,-0.08994141746754987,-0.019941437619779817,-0.03196264582657394,-0.17869264423454778,-0.048123122064072,-0.13048206149251446,-0.18745886426062475,-0.14101119859418043,-0.08303242695320451,-0.26084361264995776,-0.2105436467072264,-0.11422807890807157,-0.1390104852052404,-0.18002430358931368,-0.13480753612791024,-0.12221239241228238,-0.1548928606694974,-0.05177712439770023,-0.10607690493991613,0.07362294774728298,-0.07572845273193705,0.0019011613730117306,-0.056574967303006915,0.033013786140505375,-0.10669275708703546,-0.1478927820758006,0.09506169605197663,0.11623282274300063,0.17079861272049057,0.2772459156467959,0.24311609901193618,0.028016033114144245,0.06603684230678546,-0.04264010334063516,-0.16876888012042973,0.0423724817269655,-0.03997114200671875,-0.20876944438286818,-0.17984051525221523,0.13720000886698117,-0.059746122207152835,-0.003861570302061775,0.2144999324900297,0.13360646322318795,0.01730310767537982,0.11078365976587139,-0.15832357629533497,-0.1055352129989944,-0.06391360335977977,-0.1032773571559561,0.09390092760714437,0.03554651839999355,0.16172849706684292,0.0037196986032489426,0.0008862950729813007,-0.054502511975462645,0.02980635722245845,0.046645560564504265,0.013980408002047466,-0.03293881984510996,0.26690298514982175,0.06536537000501791,0.017160429887369186,0.2977826501391512,0.19104193074484657,0.06382735181561516,0.0781160889358212,0.06703881117965109,0.10931577133667726,0.23807723543648723,0.08754491428248994,0.04102147623145239
#17,0.04711470447762397,0.12990167727009833,0.1638162680891454,-0.06345493860623147,1.0,0.34225056073579824,0.3152151351307779,0.1231305280085768,0.22359826126560034,0.1161207763445064,0.10785997424545013,0.5433496633569987,0.1996146893634515,0.026918945715938197,0.07421784157525951,-0.12061149926545121,0.007197973491756731,0.13890005098514177,0.24709656747067346,0.20487603355749331,0.09761699880900321,-0.0671178079210355,0.061417951203390414,0.0702123843513904,-0.11633116562513225,0.11139709364539734,0.32915322344994086,0.183173694085119,0.09921386150984537,0.22484850561138842,0.04108757554567201,0.1685834796049357,0.05628638737019445,0.18735649093250414,0.44392420343273087,0.38963409596088855,0.42664084494269716,0.23469085471652865,0.14010031780066623,0.1218875384655689,0.0710716754362454,0.30842383363931136,0.09630790995177571,0.09402345316520999,-0.16928719547461524,0.011358199841603472,0.30476499477049634,0.3010102312871431,-0.06361776862418711,-0.21036872535130374,0.15964717475812287,-0.09127468900071137,0.08676865038500835,-0.05039306924507731,-0.009764561497552511,-0.11605225876269339,-0.49637803971198435,-0.2544908236820945,-0.37409430840569663,-0.026296644855236456,-0.3039161828452127,-0.2919651043986272,0.34584007593360244,0.12649272605260134,0.3453403006309663,0.04128667957752865,0.20478655765653747,0.15819379593448912,0.18163728807411184,0.15413191246677402,0.2860879080574661,0.3046448874800241,0.21696575934610043,0.22363937181468815,-0.06373303937947254,-0.0613703919407202,-0.3811838629003492,-0.3928520040385069,-0.02488840702667954,0.0741670579557981,0.38457508015549463,0.4847977622963869,-0.10037866040066663,0.3293708675333469,0.5480290111502288,-0.10225281778555206,-0.3854343712403496,0.03755609877010941,0.27259639315388445,0.542566144656737,0.299667286683608,0.03501449952944543,0.08972377338414382,-0.3676673592316358,-0.49216783583187396,-0.037458561977175585,0.005575315936584963,0.27039576964388995,0.25195003053062837,0.23998283030008685,0.06161463696765366,0.25041846105480803,0.23920979075939647,0.21437337648597504,0.2729236653681913,0.1902705033825518,0.15963508342015587,-0.05912382134645109,-0.03858789294329364,-0.2822380260487724,-0.45629928479735926
#18,0.17651136686530047,0.21575017683581776,0.457934033690498,0.21610969261803664,0.34225056073579824,1.0,0.31021899428281235,0.07486029466590625,0.19354644988241174,0.31897634732771357,0.0998152040514043,0.3925142526646286,0.6338170540261132,0.34865171505552944,-0.22236091434697705,-0.0926845390076639,0.33841518833266493,0.2772829957498947,-0.04313181775129327,0.021726925192907223,-0.155047629795475,-0.1624700991288191,0.17563595399648949,0.2638438766441701,0.09036783865318616,-0.12167795527414085,0.12069613863122024,0.14234688839493534,0.3112395032072274,0.25243932667369307,0.37680841073468985,0.15023527728460792,0.3036969265834111,-0.051332163160514525,0.103745694979878,0.13430776082527413,0.12811054707258632,-0.1730532442067377,0.015919052522756907,-0.15815107320700572,0.011774947956866167,0.003976034968149401,-0.1624346312041159,0.2910453566239372,0.08189987163029525,-0.026110438250544613,0.20780374952390357,0.20231025164089533,-0.12020039377457313,-0.11394514159964371,0.04949508587872791,-0.006499094157263972,0.0030055035739979807,0.10873216275746993,-0.12678694860979842,0.006960177178405676,-0.13581514762516045,-0.05286373263633487,-0.07513114063636711,0.26316756780721573,-0.08007569177567343,-0.036928155285023065,0.14106681874882865,0.14428472682644697,0.2022449584158735,0.029200178145712713,0.3916074023171034,0.2610459410386056,0.07808626363550258,0.02301021919580511,0.1457800222883663,0.15906356617891554,-0.09012359362625272,0.07070248658365291,-0.03642193126880455,-0.10474040904996343,-0.03694427706897907,-0.04930162447125587,0.2966895931869341,0.14807334605610784,0.3236879386888556,0.37367352984444496,0.0039849019493252025,0.24830247691058255,0.3451839193265931,0.097569439546333,0.05133941796329473,0.08091966716577023,0.12426227724228825,0.22534344437883774,0.37863259058931165,0.12695219689534745,0.1951755561511659,0.02184945075097285,-0.1611561737364048,0.1919778003034926,0.12384875348381676,0.2573645316722522,0.2763809819375563,0.21979916287636808,0.06680907575827803,0.5019295760172342,0.1977534294057309,0.1593529522009258,0.3717107026478015,0.35489003935730506,0.22100668449467276,-0.03368767670986633,-0.025061716204206577,0.0006767118815532532,-0.18904927824788453
#26,0.30314797983970915,0.6590847260203578,0.5807570386701141,0.341408197524097,0.3152151351307779,0.31021899428281235,1.0,0.3228117197308468,0.4291324666530975,0.5958502528097247,0.48675252860105234,0.381947229370666,0.3885337842058913,0.20123492865102988,0.03854678239420583,-0.0763910580525288,0.3201209939885898,0.11295284579715169,0.17135239599937932,0.10252366375601292,0.0008177774911682852,-0.1756617488508191,-0.09333908343627764,-0.019008792417925007,-0.06584982961289582,-0.016941173625567536,0.10521761385506113,0.00542941379178313,0.16668755781170966,0.23511969416975836,-0.14147953641810235,0.1925509297231285,-0.06768448862708903,0.15551274326260572,0.15109456836946292,0.217621109863912,0.023466465681760015,0.019143409313957634,-0.12029390012151794,-0.04704779907420656,0.13633910560373058,0.09999415585331595,-0.19964773902056132,0.041707458138780344,-0.21803705188997688,-0.189418467100477,0.016592137002920056,0.006784449733285237,-0.18125197743756336,-0.31640169842993976,-0.05406319336266154,-0.2039659588531769,-0.042876287475590615,-0.11780389058951318,-0.14629914373174963,-0.14579372580472894,-0.20919264121171327,-0.25812709205337114,0.0027056383924163128,-0.01447776503709018,0.08120502274179149,-0.1042172571605911,0.3399298299353315,0.2481114337707039,0.05188352817180985,-0.10368040175485618,0.5341312272909559,0.6868690084901344,0.3094830348452208,0.3655787821201355,0.22454944651900455,0.22049159349727845,-0.11259171783653721,-0.1019610134959484,-0.21728980720361613,-0.267043244670239,-0.29997360057877204,-0.23562027556159226,0.23391136646225588,0.03499595947789603,0.2098020446452502,0.4305729480495664,0.22444062447730154,0.2947880287693235,0.22272929711037176,-0.0015746952479026566,-0.05906739510260508,-0.03142579042083902,0.16497542435558207,0.1977332771757859,0.06244490884138784,0.06805367747968151,0.07217359936963824,0.0006251221728940416,-0.052337356390171355,0.18478829074831277,-0.03786241266527347,0.028129691691034072,0.06424813037686686,0.06771673219500103,0.010738317248495131,0.09252412725730165,0.2507360601987413,0.041689724176428744,0.020464589509152135,0.03168373896413507,0.05509176317905458,0.06941596822396383,0.03242534102611124,0.07400342184864467,-0.02247255770087239
#49,0.6239819597237533,0.49219201850780797,0.09851014564016582,0.2821815998049264,0.1231305280085768,0.07486029466590625,0.3228117197308468,1.0,0.5617663832591395,0.3500962268979874,0.503411167962791,0.36608016960116724,0.2790225362387475,-0.012297293757040686,0.3425568746309623,-0.1492865102987971,0.22531926170290373,-0.13402079307085726,0.1802234076211703,-0.028189342291671284,0.18512039949780643,-0.17405440699040553,-0.08221182814984392,-0.19299830922790762,-0.018607359997420515,-0.0825648952184804,-0.2502717528208084,-0.2843104813763167,0.04771604701918291,0.03479121282165478,-0.30088931790747303,0.1259268514357456,-0.05197219798356787,0.12477253170449576,0.039574546121401065,0.20955618743992116,0.20071419502925097,0.03705632346747329,-0.02486099999395433,-0.15563526882067136,-0.016628411016821068,0.000534034093542621,0.016615513589656263,-0.11747016966162391,-0.060064527440283906,-0.19756399844424785,-0.30039196087243036,-0.30700592274038085,-0.2789427334081653,-0.3984583544092071,-0.12970660368423068,-0.06927167825755759,-0.16217829483921542,-0.31585839431062246,0.11680353389504315,-0.38787117888529954,-0.19441783230523374,-0.22623739729919815,-0.07309415323352605,-0.21463051894007332,-0.19574465512481284,-0.19328769524991787,0.3252646491597528,0.14094026274477403,-0.269923401373979,-0.07160530648518912,0.05011013193664945,0.19014072302170595,0.4216680806814678,0.3173133853126518,0.26065498777767254,0.11146319295961694,0.26058324583906833,0.020279995082855894,0.13874286359157073,-0.1165471975301427,-0.34379019110359654,-0.41211914804432687,0.19435979388299213,-0.1324408582431689,0.1421961497149467,0.045065625736815905,0.0014715158305842334,0.3461141462608545,0.18794735431449167,-0.09895349469895591,-0.2710543445184927,0.20727898545613566,-0.07464023231490681,0.16577748310739324,0.07386235623902963,0.04379845351787402,0.0785828145813475,-0.2075707897457393,-0.1268119373749302,0.11631746210876964,-0.23458525703161684,-0.2252039909476183,-0.0604844999123378,-0.09639174322834693,-0.11589990790430915,-0.10739083033233042,-0.08487837121616693,-0.07450400324047858,-0.06508082051819444,-0.04229670934237228,0.04563714297805624,-0.13172263276792895,-0.04674793389262489,-0.016619544035645265,-0.23462394931311123
#50,0.43146690096992685,0.5537062973703355,0.13903466788117438,0.3108066333080087,0.22359826126560034,0.19354644988241174,0.4291324666530975,0.5617663832591395,1.0,0.4725137690111099,0.5834251939148326,0.30147615084347157,0.2070863301378614,0.1981798505913672,0.24181990758187347,-0.20253031399189478,0.15102363252005652,-0.17642753358872926,0.13975369944561217,-0.03766169645502123,0.2567768926470559,-0.16736144838107062,-0.0803521803705189,-0.22947223324997026,-0.0604990095178982,-0.05423005382660619,-0.13847685415629665,-0.23696563843272078,0.11206292332278028,0.09545103713451412,-0.22986479868929896,0.1685802552481445,-0.19888437255024455,0.02186557253492885,0.12617915735465707,0.17081634668284218,0.14096041497471903,0.0640192010446916,0.14770979982789995,-0.024375734296878622,0.15593432791305523,0.08156373243481257,-0.05156995947386558,-0.1263129681614919,0.18432640163797326,-0.12342475056577386,-0.2384133746319699,-0.2527319370524945,-0.04701233114950335,-0.25903071804410516,-0.09292797794539955,-0.18002027314332467,-0.03359739471971271,-0.32191615463209083,0.15783992277665485,-0.3311765073364193,-0.022495128198410794,-0.011067201641197606,0.0975992648466516,-0.01801488443703738,-0.22539100364150796,-0.248566874167461,0.2422688992650482,0.15927314937034356,-0.2667756230565693,-0.06686469591292625,0.2556419190565532,0.4361865532230469,0.23548162821957064,0.07441291516112715,-0.03362238348484452,0.010846333201000357,-0.023959792270813726,-0.17338615904542917,-0.005515665335947749,-0.2105783085427318,-0.3813813547538103,-0.35858031570483434,0.3422739373225344,0.005373793637134917,0.22377157044312737,0.27692428605687364,0.14010434824665524,0.29829693504734767,0.12496196266597881,-0.14776138953655918,-0.23164464363804177,0.17466219824554685,0.10012716057095297,0.18219187744219836,0.0719599857322212,0.04612321476432975,0.11746936357242611,-0.0605030399638872,0.0071367107127239164,0.02211868454303811,-0.28708262212755153,-0.27846311033547416,-0.21945254452131402,-0.10636629096192639,-0.20228687505415913,-0.05949139802064798,-0.13703153622464093,-0.20272538757776243,-0.10477345870707323,-0.15567396110216575,-0.0582742033319697,-0.2945300802260274,-0.09189698986141312,-0.001483607168551236,-0.11064904286983876
#51,0.4455750741098256,0.6597505556977408,0.4524260262019294,0.5783371588983179,0.1161207763445064,0.31897634732771357,0.5958502528097247,0.3500962268979874,0.4725137690111099,1.0,0.633253597676851,0.2853898348121711,0.4884130723485207,0.23518740566237356,-1.0882204170302466e-05,-0.039181980682072376,0.5545647823659927,-0.0007476477309596694,0.05747053240176292,0.1210048707939777,0.08890801111597003,-0.10350225604214235,0.023332654874925186,0.003726147316831344,0.014585780989595403,-0.10438331153533795,0.0010878173724313464,-0.08157985421876858,-0.03765766600903223,-0.04669715027316348,-0.14950818482819217,0.07394860778319425,-0.014107770095299895,0.012410952333930511,-0.0463465014721204,0.05568504482863551,0.012682604393589172,-0.05707071215965403,0.06233931115647602,-0.08039732136559571,-0.02789753800206762,-0.026240218611390444,-0.18841004951402898,-0.10082039728106114,0.17724248976770524,0.10965352271055553,-0.08144846167952714,-0.09204208591701715,-0.03325158245385643,-0.18253446535126344,0.023992035838725733,-0.007456728124250589,-0.008506256259786427,-0.18338972599012943,0.08713219661321624,-0.19280726608802898,0.07613552777682614,0.03675565219669383,0.21111516394846672,0.17461866942886564,-0.015218561009868547,-0.09450630059469231,0.08617214437863621,-0.020154245167999064,-0.1041624430951407,-0.03661216831948539,0.2685328975077737,0.3765343404074378,0.10891998154055738,0.08428428347738819,-0.09525354528105308,-0.01659374918131566,-0.18547024220965172,-0.07147149567835429,-0.059363229838197744,-0.17519905365128177,-0.14540277254379583,-0.15840015476912597,0.13179840515252214,-0.11094326542703582,0.0569409317988082,0.1947048000596506,0.11597406811050677,0.12885859784814488,0.20693236710108157,-0.11314550111542593,-0.017498987350445264,-0.08600528391469157,-0.1236343337572019,0.23013483857056202,0.08863313469952018,0.2145345943255351,0.2582181801327226,0.018751649963826746,-0.0006879971303224558,0.17370295210016465,-0.04314793953524927,0.07536813086052037,-0.08094143157411084,0.06837450098040598,-0.04803606443070958,0.0648881651999202,0.09592018104763382,0.0635847189670773,-0.06802788262535191,-0.024869866975130134,-0.11474720035145489,0.024385407367252223,0.06292211364648555,0.08496945929551834,0.015383003206219784
#52,0.44136567631891305,0.5000320420456126,0.2698855151816824,0.35038964336598666,0.10785997424545013,0.0998152040514043,0.48675252860105234,0.503411167962791,0.5834251939148326,0.633253597676851,1.0,0.2603849478964095,0.34195391991100776,0.1955737642148792,0.20643581615523665,-0.07897296175308278,0.39447546768287645,-0.07614278257960634,0.1112286210030571,-0.01823333460964123,0.16315205059015805,-0.16804259375321176,-0.13832530938711024,-0.1491510873135667,-0.05728835624306008,-0.19949055162699028,-0.13101972298744718,-0.21948075764323702,-0.045934589892044506,0.002136539418769384,-0.31093883193644795,0.02578477821463334,-0.100248073950623,0.06246828542812405,-0.024004127176692737,0.14309090872450492,0.09858753020315462,-0.03333219137363645,0.14624191139870582,-0.1192024553476965,-0.007696136615997243,0.04365900008665459,-0.08417949188167417,-0.18344373396638206,0.20894436573879083,0.06277943585847492,-0.22015867865858696,-0.22169266640200072,-0.09107236061206353,-0.3019614165405473,-0.03492824798528081,-0.05114676264502049,-0.07676991997549489,-0.34592793965616264,0.13007579253682316,-0.35697700429040974,0.0538640893308049,-0.06327276244752864,0.2304290611277591,0.0741380387446773,0.022443538489751582,-0.07852961269429269,0.11405799408733573,-0.028892252072153044,-0.20296157171271786,-0.009858873933695132,0.20588767550073253,0.42140690778138057,0.21610001954766306,0.14714634347863764,0.019050709056210615,-0.03679918101337504,0.0626577163896071,-0.0361930019366293,0.06566362300820397,-0.02374940299018788,-0.14582032674825632,-0.21215663119202455,0.046602031747823056,-0.25766197858624046,-0.034555834775897125,0.07506987785733431,0.11203632237925287,0.280158315918448,0.2649385457747827,-0.05573985889408593,-0.0927063034160045,-0.003316654004348851,-0.1148052387736965,0.2066470115250603,0.14687066097298995,0.26248481025667897,0.3430348855252578,0.07571716748316785,0.05187385510143625,-0.0034399856516122793,-0.18945474111437802,-0.0852024190736826,-0.11851405517277515,-0.09988694599000852,-0.06364033912172551,-0.023917069543330317,-0.01284059787635801,-0.08819462217591688,-0.08578844592048333,-0.061468734822851825,-0.058173442182244677,-0.03959711661893947,0.11934835749249834,0.04445541621408117,-0.08307111923469891
#53,0.1919544237167564,0.147060091934473,0.08470667421703548,0.012349689554897698,0.5433496633569987,0.3925142526646286,0.381947229370666,0.36608016960116724,0.30147615084347157,0.2853898348121711,0.2603849478964095,1.0,0.5967393691948982,0.19896820582681576,0.11237084939633996,-0.2876355993172425,0.11459404340387286,-0.19298702397913842,0.0891756327296397,0.017457876801357453,0.19147721891165867,-0.23038956275706687,-0.11704777892197661,-0.10918760315422703,-0.1430522164430105,-0.1537296739570717,0.138181019420704,-0.047762800192655316,0.23551629005507604,0.16937102875118645,0.0049780038410150275,0.28439028420689894,0.0635484449531763,0.15396747027042276,0.4670533207852115,0.43895546961749055,0.4051464764833553,0.08197725619328407,0.027995880884199242,-0.08131062042670331,0.07100799438961919,0.24230275501135579,0.1019900327070692,-0.032033581675980353,0.04795787377852296,0.024124234467164964,0.17149023725220314,0.08542893013826446,-0.006870701277449856,-0.2250975871735087,0.16667224211695145,-0.029330764595756342,0.03471705261545716,-0.2805823188364909,0.12510061000800043,-0.2603349703661459,-0.21886732376371107,-0.10916100221069963,-0.20084558756849238,-0.10298716504474803,-0.25200000806089196,-0.26998143979622063,0.40541409809702494,0.17061240611579875,-0.006447504448604761,-0.16201868917805098,0.17593984962406015,0.14885525257797402,0.21305461455837396,0.08556596530189048,-0.0021034897616595766,-0.04040804235192645,0.15174427626288986,0.0936171842095187,0.051499829713656964,-0.12920360402480335,-0.38911578060670304,-0.4432567615769523,0.18386693079522715,-0.11604742222750658,0.5242364823879586,0.4875787700287975,-0.17856528214129536,0.7400636407421664,0.48765857285937975,-0.04653432025520784,-0.31369485090372673,0.21737122221259395,0.17543604387543504,0.5919383019328004,0.32518484632917055,0.21673602392472738,0.271363882770448,-0.2673616499033701,-0.3319326190039559,0.017542516167126473,-0.21782021389576864,-0.06716536718370571,-0.020716895428063594,0.19709163017433695,0.011075262533175608,0.1081679003190098,0.033183870961241216,-0.07517950598823513,0.035660983066081176,0.15574650912996776,0.14057591042736833,-0.07219213942118766,-0.027190597775596858,-0.18526146510742147,-0.3823349582748079
#54,0.31201415492631335,0.26132323572264887,0.286560276327377,0.0975549299407726,0.1996146893634515,0.6338170540261132,0.3885337842058913,0.2790225362387475,0.2070863301378614,0.4884130723485207,0.34195391991100776,0.5967393691948982,1.0,0.2941084955755779,-0.12190930287390951,-0.06016125814401992,0.41225940756474405,0.037664920811812434,0.019570636588791733,0.01597628485580072,-0.16014291961476998,-0.10623570451188276,0.023547074601540034,0.15132510988003378,0.08772950870878617,-0.14340689569004259,0.13654949488435641,0.10893207287852437,0.3155343464531068,0.21353584980946066,0.16171076310449134,-0.0030264618931407855,0.14979031604742224,-0.021844614215786047,0.10623570451188276,0.15051660241464018,0.11472543594311428,-0.16442970196867135,0.12730284569639053,-0.12441785245746369,0.030968737845686316,0.036272804767211515,-0.05580918256509674,0.15482837353367337,0.1245460206399139,0.05683372193550077,0.17514988221021596,0.1359280001128525,-0.011550049070679917,-0.08835664610467471,0.16259504295447813,0.16986757969703137,0.08455512944784906,0.039194072020039376,-0.03553362097282875,0.011843465538679182,0.025498616549414276,0.06880737087962469,-0.04190656217063699,0.21611372306402565,-0.12184078529209649,-0.08995270271631907,0.11607241099263839,0.16176718934833734,0.08225455087732733,-0.025985494424885586,0.23496492504378072,0.29481785406964206,0.030216656624138746,-0.013759539561850217,0.0016851294680012817,-0.011197788091241237,-0.1453076540184554,0.16807161296433257,-0.07929700961059846,-0.07251699336790113,-0.006175852388946099,-0.022091277510312902,0.2401835465103391,0.04177597572059336,0.2688013252106412,0.2661702500690214,-0.15330889539582002,0.3659834388974312,0.221163065799046,-0.030013522146293097,-0.028851947612263035,0.04573467977099006,0.0216374492919514,0.2842927474139651,0.27094310420919626,0.10228586744266187,0.2896766171660725,-0.031232329013366974,-0.11174129373285802,0.09738081467404776,-0.003920414813501188,0.14419444483629337,0.14201155528865048,0.14262982570336322,-0.02481827726647092,0.2163974664616513,0.024026697674231143,0.022067094834378898,0.1376377153013867,0.2587622903412377,0.07378577776523862,-0.0715287280113981,-0.0037906344526553587,-0.08539507439195684,-0.19491035280508964
#58,0.15339192258319345,0.13268590935930016,0.18941766101127921,-0.032904158009604556,0.026918945715938197,0.34865171505552944,0.20123492865102988,-0.012297293757040686,0.1981798505913672,0.23518740566237356,0.1955737642148792,0.19896820582681576,0.2941084955755779,1.0,-0.033831966676272564,-0.16226535247257784,0.21261368376717726,0.08869923401373979,-0.16598948456641469,-0.1889662510605111,0.04089492022739776,-0.13491393990201986,0.21708586663657267,0.02034528830787771,0.1651019803596367,-0.16743722076566384,-0.03636389284656294,0.011249377799900448,0.18790140723021706,0.03257688579529768,0.152292416917394,0.12639599534886534,0.02930819409821794,-0.07606217365982633,-0.07482160238441185,-0.03520151222333507,-0.02480134939331712,-0.07342223153703073,0.06463827754860214,-0.1333549633934743,-0.0012974005638593938,-0.015383809295417585,-0.12374718624489393,0.06051674348024981,0.23249829209851217,-0.012431104563875516,-0.02569772058127092,-0.018250262482795033,0.09750495241050898,-0.07312881506903146,0.07230821626567088,0.002966005203305772,0.07688116028479132,0.0525421030464126,0.17424383795188855,0.1231305280085768,0.08998252801663768,0.06463344101341534,0.12858775187768404,0.3121141099868406,-0.03554813057838915,0.022489485574026195,0.0472525457304478,0.1656380296761738,-0.11119798961354069,-0.08681379138008516,0.4826253519083154,0.21451847254157907,-0.08833246342874071,-0.15073182823045284,-0.20111562744975545,-0.10371909403635059,-0.2536049316537121,-0.00145700622502383,-0.0710740937038388,-0.17575847955455512,0.025937935162215375,-0.06457943303716272,0.3010827793149451,0.04552026004437521,0.18833588930783135,0.1748201917283157,0.16946211683053788,0.10049151288835866,0.12118543477428495,0.015333831765153972,0.08813335939688406,0.15926428238916776,0.06145261303889582,0.14741396509230728,0.20645193793919267,0.026509452403455706,0.2892526142480296,0.06634476838034513,0.031005011859587324,0.03879505786712829,-0.06045225634442579,0.0543130810139796,-0.04395805917903846,0.06767400946751763,0.0344607162505567,0.22259145585754792,-0.08204899813188829,-0.14662319158926532,0.07808465145710698,0.07220020031316565,0.09839245661728699,-0.09103608659816252,-0.15476791684383837,0.04539451012951838,-0.07126110639772844
#101,0.23236689955927073,0.06328969032068243,-0.1991068531688374,0.10557874181567561,0.07421784157525951,-0.22236091434697705,0.03854678239420583,0.3425568746309623,0.24181990758187347,-1.0882204170302466e-05,0.20643581615523665,0.11237084939633996,-0.12190930287390951,-0.033831966676272564,1.0,0.12732057965874213,0.09575090231609579,-0.20848489489604471,0.603251763823926,0.29287034256775685,0.5221382322060848,0.11588136785275975,-0.2626444159178434,-0.44923713733543186,-0.4269874632977512,0.03602049884830006,-0.24050195174347017,-0.387272254611334,0.0529725546780379,0.1312147965733148,-0.274022364944793,0.14478127777229188,-0.2176477108074394,0.44789741708868797,0.05374317595113487,0.21273782150363849,0.5004036491657985,0.5702448294416018,0.17331199883923157,0.21380830795831712,0.13677923030572947,0.31295566710934397,0.19932610943063905,-0.02890837385610905,-0.10813243239430659,-0.18535174709757507,-0.25111572821090516,-0.12153930793211923,-0.21302398316885754,-0.38475080760061503,-0.22413914711732427,-0.2524199805329459,-0.23630383920132683,-0.28847796252894364,0.3696398594986528,-0.23083694226184598,-0.2224495841587351,-0.04663508140493286,-0.11755077858140392,-0.3215542205822785,-0.35571386251745685,-0.45725288831835686,0.2824193961182775,0.06172910163374128,-0.20892985613323042,0.04169939724680234,-0.06549515036586373,-0.016231815131503378,0.5999121362774398,0.44123912031485846,0.1695749693182299,0.1024108112683209,0.4301336294367653,0.011446869653361494,0.31620662484407214,0.06328565987469344,-0.31095979025559073,-0.44401448542288446,0.008505450170588626,-0.025180211316283202,-0.009057621271081751,-0.07319652656164669,0.01647606015843683,0.21977820455722527,0.09981439796220651,-0.5215215739697676,-0.48327667198013796,0.0684583342569772,0.05279440896532406,0.2759368267895684,0.0552005852207576,-0.2588638575801605,-0.18267633705007627,-0.38164252765389756,-0.2177154223000546,-0.24081148999542545,-0.2874566475153308,-0.2556661017324872,-0.016490569763997234,-0.10707645554518835,-0.1986562493072671,-0.24229308194098217,-0.16698419863650013,-0.18258121852473586,-0.06720970208958472,-0.19406234696900385,-0.11720980285073444,-0.3358760073595944,-0.15179989641753808,-0.26278386934906284,-0.23943952618076952
#102,0.23481579854218768,-0.016239876023481377,0.0807842441805398,0.14595736191188236,-0.12061149926545121,-0.0926845390076639,-0.0763910580525288,-0.1492865102987971,-0.20253031399189478,-0.039181980682072376,-0.07897296175308278,-0.2876355993172425,-0.06016125814401992,-0.16226535247257784,0.12732057965874213,1.0,0.2603664078448601,0.3578685389431768,0.36569163460782755,0.5893265729319278,-0.24530624336235926,0.7313127364108476,-0.00032767525890577424,0.28673600377249747,-0.1438454082136459,0.40691987271851565,-0.08677509909859075,0.2137551060712623,-0.010395729339430055,0.02362042871853985,0.21310378599943977,-0.2358661327669213,0.18550087359916811,0.10035044727874363,-0.19151107465796627,-0.2601350602450914,-0.09267567202648809,0.03982362768352132,0.07038972397490645,0.2256312182224524,-0.03236004780108943,0.06321875447127602,0.02948472763253618,0.3146935954198012,-0.17003685842856942,-0.03959792270813727,0.06721695689236493,0.15510647430691443,-0.17499833744102955,0.1884600270442926,0.042801321180195195,0.2980365682364582,0.07687632374960451,0.39726856675325406,-0.170861487677919,0.19945024716710028,-0.24178847010315926,-0.016455907928491827,-0.3076733645961594,-0.30991832301203287,-0.13904031050555898,-0.2008665458876352,-0.26325543152977593,0.011108312190285416,0.16871970867936392,0.46548467120629233,0.05196977971597447,0.07655711242727564,0.10348129772299954,0.1677846452099157,0.2744802236091435,0.3941127275438664,0.019232885214913457,0.4105803237657263,-0.1090271914038648,0.3867144408864563,-0.002167976897483591,0.15258905774218445,-0.08419400148723458,0.37179211765677933,-0.29162090431116655,-0.23555337015817485,0.04134229973217687,-0.31366180124661697,-0.17679107981693715,-0.29022798217736784,-0.2194589932348964,-0.2852995528220175,-0.01982777904288999,-0.1487972141557324,-0.005294796895750499,-0.2212122372401118,-0.174367169599152,-0.2511479717788172,-0.29333223167809636,0.03831462870523938,0.5115736271797156,0.242394649179905,0.2485402732239336,0.12435900794602427,-0.14284988805436266,0.06934906282054641,0.2132287298250988,0.14413640641405176,0.08932878967722173,0.15403195740624678,-0.07401631927580947,-0.08713058443482063,-0.10073172746930312,-0.23602332016049235,-0.020205834876658276
#201,0.43835009662994256,0.2641848523748395,0.5641846508525401,0.494870652912098,0.007197973491756731,0.33841518833266493,0.3201209939885898,0.22531926170290373,0.15102363252005652,0.5545647823659927,0.39447546768287645,0.11459404340387286,0.41225940756474405,0.21261368376717726,0.09575090231609579,0.2603664078448601,1.0,0.37721145533358996,0.14065329499035717,0.11164939956430879,-0.21923490043790797,-0.020751557263569,0.2189181073831725,0.08160726125149378,0.09997884015855775,-0.06452300679331671,0.1183552556008085,0.16981276563158096,0.08854446488776216,-0.012399667085161308,0.20368785807993584,0.07751232812666886,0.41039411716103447,0.07777511320515172,-0.1553813507233643,-0.175278856481864,-0.020787025188272207,-0.1090408949202274,0.08469055243307948,-0.0838731779865101,0.06260209623495888,-0.06963522448576548,-0.11798123021302923,0.22138232206084765,0.10766409457038469,-0.11561858277427689,0.15866293984760885,0.13196687779486238,-0.06503487343391982,-0.05113547739625128,0.14410416284613975,0.15481789437410196,0.18478909683751055,0.19407766266376206,-0.057186789004137255,0.03174338956477229,-0.03157491692243205,-0.18396204932056756,0.07532863248982816,0.030226329694512347,-0.03291221890158255,-0.08449386666881624,-0.13123011226807302,0.0044129353133571,0.14230900220263873,0.3293071864867207,0.2689722161205748,0.3162574084635335,0.07070732311883972,0.19879731491688213,0.0936445912422439,0.19404541909585005,-0.13828581101641801,0.08823170227901568,-0.10516038152201732,-0.03243098365049585,-0.10128148030220284,-0.03227782670291381,0.0671073287614641,-0.014843729532891462,-0.12286854901929173,0.12258399953246826,0.11485521630396012,-0.09258458394713667,0.0988882014739341,-0.14419041439030436,0.024535339958043058,-0.026763370500762763,-0.14154563573232196,0.06088915668963349,0.1986651162884429,0.02303923840692592,0.04108032074289181,0.01885402329194737,-0.07206397123873742,0.3404820010358246,0.18949423948507021,0.41526128373735194,0.30783377634652165,0.32503410764918195,0.0966988632127088,0.4312815004544328,0.372120195960284,0.3274273864774507,0.24077199162473323,0.40469829088937836,0.14534312194315863,-0.058384637552068325,0.04519540609766173,-0.009149515439630973,-0.08242947223324996
