,#10,#11,#12,#13,#17,#18,#26,#49,#50,#51,#52,#53,#54,#58,#101,#102,#201,#202,#301,#302,#401,#402,#501,#502,#601,#602,#701,#702,#801,#802,#901,#902,#1001,#1002,#1101,#1102,#1201,#1202,#1301,#1302,#1401,#1402,#1501,#1502,#1601,#1602,#1701,#1702,#1801,#1802,#1901,#1902,#2001,#2002,#2101,#2102,#2201,#2202,#2301,#2302,#2401,#2402,#2501,#2502,#2601,#2602,#2701,#2702,#2801,#2802,#2901,#2902,#3001,#3002,#3101,#3102,#3201,#3202,#3301,#3302,#3401,#3402,#3455,#3501,#3502,#3601,#3602,#3701,#3702,#3801,#3802,#3901,#3902,#4001,#4002,#4101,#4102,#4201,#4202,#4301,#4302,#4401,#4402,#4501,#4502,#4601,#4602,#4701,#4702,#4801,#4802
#10,1.0,0.19371734079234537,0.23702448294416018,0.2857066278669066,0.2728825548191035,0.25931284926333525,0.022971526914310703,0.5939349848757515,0.31018836289329593,0.4997515230047781,0.22314120869044765,0.5012226357907634,0.4155780767920874,-0.03600195879675065,-0.06604490319876347,0.005760716452079005,0.326272260657003,-0.15307835388524918,-0.13231188397152086,0.06717907070006832,0.21693270968899064,0.029999012540732693,-0.062278854466641005,-0.1933658859021045,-0.020075248426614647,-0.07830148945131524,-0.07126110639772844,0.00024303589313675504,0.2505627510212142,0.18556616682418994,0.2643307545196414,0.13562007403929283,0.1523552918748224,-0.05204716427896329,0.25414017488105145,0.14625964536105743,0.004670883856653158,0.072864417812153,0.10049231897755646,-0.17651378513289387,-0.14324970829647155,-0.10232294754576067,0.0922492508408518,-0.07882867178667656,0.12472577853102335,0.14159964370857459,0.19105402208281358,0.12547544148497752,0.18924918836893898,0.10569965519534565,0.17235436487224493,0.10679271214756268,0.1461177736622446,-0.07014709112636859,0.10457999729960119,0.03978977193721371,0.1982588473327516,0.03479604935684158,0.0020519000530003647,0.039523762501939654,0.1651737222982409,0.20992376411411806,0.030829284414466883,0.13635522738768657,-0.02754124657663994,0.1867656275505166,-0.10605433444237772,-0.23039923582744049,0.21022121102810631,0.3126727298009161,0.06583128956134641,0.07323118839715209,0.24141686298297338,0.21746553464873655,0.24738111695749693,0.2367197812273917,0.27339925799489345,0.16503910540220829,-0.06411754392682323,-0.2353325017179776,-0.033145984768944606,-0.08289136134358947,0.35090312218498537,0.021478649719984765,0.3114402194174796,0.34950133307001086,0.2853624277794459,-0.14403080872913993,-0.038706388055370265,-0.13200073354117,-0.11325754751392016,0.15385219951513734,0.04896226091898199,0.05983640419730645,0.05862243386541938,0.105520703393434,0.05497326806697795,-0.020060738821054244,0.033726368991360736,0.13473095765411922,0.0026645278433285037,0.09648444348609396,-0.0737430550377552,0.16535670454614154,0.14862390497820535,0.18169290822876005,0.0759348115665739,0.2558974493322559,0.14846913585222773,0.10525791831495114,0.14504325676157695
#11,0.19371734079234537,1.0,0.22171765516713252,0.21161655142949842,-0.09615394691499587,0.032503531678297864,0.2825120963760245,0.1554047273101005,0.3733631855032919,0.37363564365214835,0.3131184971272996,-0.002829776128877541,0.003528655463370299,0.13542016391823838,0.14690048627330857,0.06458910610753633,0.28994101442295095,0.07661112040352826,0.09706482770851009,-0.13764738837176027,0.01611735046541575,-0.10271148253910037,-0.04133585101859446,-0.19987263790674756,0.13169441964600592,-0.09234195109859882,-0.009017316811191743,-0.0763281830951004,0.005036848352454441,-0.02478039107417431,-0.13524685474071133,-0.06655757592856437,-0.016146369676536557,0.10487502594599606,0.009467114583564244,0.03988972699774093,0.09382193086575995,-0.0035520320501065046,0.21245569028440842,-0.20826402645584746,0.0167718948940295,0.1253972508327909,0.09283688986604813,-0.030379486642094382,-0.03546349121262013,-0.08930944353647453,-0.10854434397438248,-0.15960203376304605,-0.1509639819194193,-0.2511342682624546,0.06066667607104064,-0.012823670003204205,0.0512209228512181,-0.0958605304469966,0.1884164982276114,-0.06941354995637042,0.027100315785443238,-0.1588950935365753,-0.09454741114378011,-0.25715897892681316,0.1757447760381925,0.15426733545200444,0.11740407034740429,0.08920062149477151,-0.04729204410114001,0.07733901894914182,0.1363745735284338,0.17169256564085097,0.18510669598144383,0.019278832299188066,0.21079353435854445,0.1068644540861669,0.049560379103749726,0.004802276395894587,-0.10048103372878726,0.012463348131787523,0.044872164329343864,-0.026856070758509782,0.21655707212281575,0.030131211169171924,-0.04958053133369473,0.02962015061776661,-0.051637670966480795,-0.04683499152598731,-0.09744288354227837,-0.044298228820510134,0.025364805742579447,-0.043380093224215724,0.03408991521956862,-0.052555000473577404,0.09123196627322797,-0.07032684901747803,-0.22967617381701372,-0.05053494094389015,-0.047956261600127364,0.16217829483921542,0.05258966230908281,0.08147667480145016,-0.03774956017758145,0.06862600081011964,-0.005286736003772497,0.04654882986076824,0.0340052758537996,-0.045060789201629106,0.012929267688116029,-0.041859002907966784,-0.01373535688591621,0.14279426789971444,-0.136422132791104,0.14720760625767043,-0.06631897352601553
#12,0.23702448294416018,0.22171765516713252,1.0,0.6082116306579904,0.07111681643132221,0.2387906243765404,0.32038458515627044,-0.0061089469855286835,-0.09035171686923016,0.6433998424095618,0.3270396575733088,0.09483840934418598,0.05451137895663845,-0.009705716986113099,-0.14106681874882865,-0.17909085229826108,0.7793161542290462,0.7372963365261183,-0.27834945175858433,-0.5346342269503832,-0.49469573155617536,-0.5714273622947748,0.09218718197262118,-0.006044459849704669,0.06467858200849215,-0.16174623102919453,0.36061569092927975,0.37450380171817915,-0.0711039190041574,-0.17809694431737344,0.32430701519276617,-0.021404489513787147,0.5469730343011106,0.2563956124564964,-0.20160331141442456,-0.40767114785086545,-0.4416598988761101,-0.4239243243461105,-0.18870830251721504,-0.2957956402665737,-0.338632832416071,-0.40377693093629274,-0.2820969604391574,-0.447267861425206,-0.013096128152060666,-0.026161221870006024,0.29732882192078963,0.13872190527242792,0.3732849948511052,0.1240607549428382,0.642523623451553,0.49731471535982813,0.5798558309469735,0.25720653818948336,-0.09997803406935994,-0.369461713785939,-0.051993156302710675,-0.420892622873184,0.14917849434629188,0.06693885611912387,0.020272740280075693,0.0322439709566062,-0.09038154216954877,-0.10190781160889358,0.5049088816923036,0.3690344865111049,-0.11706309461673481,0.07667802580694567,-0.16891478226523157,-0.3355189098449689,0.2655197360863966,0.3460673930873821,-0.28665861920950864,0.1669011714491267,-0.4733601626688001,-0.3496762544259335,-0.30480288096279295,0.08789959352952201,0.05552140872148208,-0.21662639579382656,-0.09963625224949267,-0.1792004804291619,-0.05587286361172295,0.17095176966807263,-0.14642086320061745,0.039000610612567335,0.2830820014388692,-0.08547407113334125,-0.32250218147889154,-0.3935387920350326,-0.3991217658189967,0.1704624735250079,0.16979825602602056,0.28451603412175575,0.20853729069390173,0.5493751801105551,0.1262750819691953,0.6840057796595482,0.5458686921001243,0.5536168214693797,0.41864363401132154,0.7456450023477348,0.47570588223439864,0.7024491005052164,0.7436023723205091,0.5917529014173063,0.5081703185866032,0.1787450400324048,-0.14880366286931482,0.14494813823623653,0.1784185739072957
#13,0.2857066278669066,0.21161655142949842,0.6082116306579904,1.0,0.14905999923421526,0.2553186772882353,0.17954306833822697,0.0463634293452742,0.0847348873389585,0.622913891536668,0.3499398455936142,0.17807840426582403,0.01912889970839723,-0.06123255068789637,0.0415196393556929,-0.19009719420502474,0.6734282772060143,0.2727124699983677,-0.3354205669628373,-0.3880638342035738,-0.17419789086761395,-0.3793717743836944,0.16183973737613935,-0.013150136128313278,0.07184793933372698,-0.1678789576460583,0.3253412276335438,0.3901306469067335,-0.06419573457900984,-0.04606678852048374,0.21077821866378624,0.12774941911197182,0.46828824943624137,0.16215894869846822,-0.11418293791299476,-0.30278846405749027,-0.3196744205730085,-0.3850635702093615,-0.09427898344091265,-0.1783258736495487,-0.23688261124534735,-0.3122326050989172,-0.06560236022917115,-0.15524753991652945,0.08562400372413209,0.12242681213889722,0.28358016456310975,0.30220727374587636,0.26263796720426097,0.23553563619582324,0.5267619598446666,0.455981685653426,0.5310027951142934,0.23415641757838715,0.05971226646084522,-0.2154527299218295,0.1624967000723465,-0.208871011621791,0.23381705402611325,0.25653587197691363,-0.23408789999657412,-0.1859587322635186,-0.07619840273425456,-0.08313560637052293,0.23466667204059466,0.18656088089427536,-0.15613262585571405,0.01288735104983042,-0.11495114091849834,-0.11088764527238762,0.1593892262148268,0.2162652678332121,-0.13714761306912415,0.08592467499491156,-0.21086124585115967,-0.2503813809517092,-0.13446736648643856,0.19359884568026875,0.11574916922432052,-0.28764849674440723,-0.0825407125425464,-0.05567779002585531,-0.07006487002819296,0.1906622627326827,-0.21563087563454333,0.06120111320918216,0.1832680065212616,0.012161064682612454,-0.14742847469786768,-0.14601298206653057,-0.1664062326816774,0.27358385242118965,0.22399566324011583,0.2194315862021712,0.27567404171108556,0.4874836515034571,-0.07341900718023953,0.403921220902699,0.3854601660946792,0.34141384014848164,0.3990822674483045,0.42533820479905204,0.2887504206778001,0.34604240432225025,0.4031804249299206,0.44671327205711947,0.4535948555387396,0.08590129840817536,-0.1465820810401775,0.09269421207803749,0.27972705819762483
#17,0.2728825548191035,-0.09615394691499587,0.07111681643132221,0.14905999923421526,1.0,0.564027463458969,-0.05852973360767236,0.1783436076119003,-0.03728686497804415,0.07309657150111945,-0.1426056430274292,0.4596800228929332,0.5378553593847927,-0.030517327894918213,-0.206164164095578,-0.1921462729458328,0.14626206362865082,0.045084971877563114,-0.22852266017496167,0.09531400197088809,-0.11936206100886093,-0.2146240702264909,0.06960217482865566,0.07705043901632935,-0.06769174342986924,-0.10534497594831356,-0.19270328058151276,-0.037671369525394835,0.3948043520755789,0.18638918389514392,0.35873508483081196,0.38305237766085004,0.31756810949915665,0.048499565719444686,0.3783706116000266,0.17759233247955053,0.22406337473273105,0.1231474558817306,0.02808535678515506,0.30053222039284755,0.06537987961057831,-0.22105343766814517,0.11042575616204811,-0.0719954536569244,-0.09298521027844336,0.015743325077636466,0.10354336659123015,-0.13302849726836524,0.10967367494050054,-0.22039163843675122,-0.0037285655844247444,-0.18183397383837507,-0.03824933548021756,0.00010035810512612274,-0.21560427469101592,0.07734304939513081,-0.16939924187310948,-0.15078583620670546,0.08534267859409983,0.18036447323078536,0.1054892659147198,0.26737615950893046,-0.04102067014225459,-0.004787766790334184,-0.09557275660338195,0.17332167190960515,-0.13807139128980317,-0.18863575448941303,-0.09293684492657535,0.15089546433760628,-0.13397162162979145,0.065784536387874,-0.16652795215054522,0.23779187986046596,-0.024294319287900802,0.23055400495341813,-0.026194271527115832,0.1443548565866556,-0.07837403747911725,0.017641665138455897,0.14452252313979805,0.08019579906614567,0.4326042928280229,-0.0816725544765156,0.5543036094659054,0.25705418733109914,0.3062336892888883,0.17375937834401065,-0.10077203192919312,-0.021926835313961668,-0.1616591733958321,0.22620757199887953,0.041933163114164396,0.13344927582961694,0.09490289648000999,0.07571877966156346,0.06386523800791176,0.09656344022747837,-0.00684329424472465,0.10610834241863033,-0.08410210731868535,0.3336931178119515,0.27513396194855944,0.18838909119488617,0.10491613649508387,0.147947596141251,0.08134447617301092,0.11562261322026589,0.2741731036247816,-0.01187812737418459,0.09738968165522356
#18,0.25931284926333525,0.032503531678297864,0.2387906243765404,0.2553186772882353,0.564027463458969,1.0,0.02089504114077743,0.16937183484038426,0.029955483724051483,0.2711357595274705,-0.0927208130215649,0.3985978078404266,0.6863555296711358,0.00016242697335673678,-0.2093296763753393,-0.297851973810162,0.34723783460258795,0.1893676834810156,-0.24105009239797429,-0.15441726804279526,-0.22492185972838824,-0.3973773887949571,0.02679964451466377,-0.04233781989146009,-0.0670766973719477,-0.052026205959820486,0.04978044145474918,0.17229552036080553,0.5583268006521261,0.4255808376475899,0.4417566295798462,0.3766125310596244,0.4114234930666253,0.08726520133085326,0.2131706914028572,0.12209712165699696,0.0892215798139143,0.02662230489114773,0.012026447786579825,0.1037440828014824,0.03349663356998769,-0.08111393466244007,0.15047307359795897,0.02229199372056515,0.010192594861584409,0.04843588467281847,0.34599081461359105,0.10965835924574234,0.10174175723414675,-0.1421534269874633,0.15880642372481726,0.00861266003389605,0.10544090056285178,-0.06590222541075283,-0.24602849928358822,-0.2247066339125756,-0.2402262692378225,-0.3657399999596955,0.2648273054654863,0.191197505960022,0.22093010602088173,0.29998891627353025,-0.012065946157272033,-0.06019027735514073,0.1646271938221324,0.2066260532059175,-0.12610338497006388,-0.12425179808271684,-0.08510810663753998,0.03692090048224286,0.06114468696533615,0.1293736888455392,-0.11629650378962685,0.07832889648404044,-0.2309159390032304,0.0012812787799033902,-0.07606056148143073,0.05318697440465275,0.12689335238390803,0.05368271926129986,0.17157810097476336,0.17109847790207225,0.32063689107518195,0.11936528536565214,0.4300183586814799,0.36404560046591955,0.39748782301505575,0.043225324098238094,-0.0030127583767781824,-0.014318159375925742,-0.20815036787895766,0.21808864159863608,0.013117892560401271,0.281416621156214,0.15326697875753442,0.26544235152340784,-0.12778327485827945,0.2150093808630394,0.08008697702444265,0.08006279434850863,0.13608599359562132,0.39848737362032793,0.2684676042827519,0.21513593686709404,0.2247163069829492,0.28548978987269835,0.24520306394504085,0.2039570918720011,0.14943483071119235,0.12060585664106661,0.19795736997277433
#26,0.022971526914310703,0.2825120963760245,0.32038458515627044,0.17954306833822697,-0.05852973360767236,0.02089504114077743,1.0,-0.021005475360876057,0.2645508168706408,0.3546981901282286,0.12664346473258997,-0.04419746767078511,-0.0029861574332507765,0.4857634571553515,0.21338511112947203,0.08108410936212146,0.3177244908035299,0.3265165056839365,0.21605487855258623,-0.12401883830455258,-0.18753786100200917,-0.28761222273050624,-0.11153493489822117,-0.16442486543348453,0.044030607206840475,-0.0883115051095979,0.1076890833355165,0.208794433148,0.06526460885529288,0.23257084012631418,0.04164377709215413,-0.166484423333864,0.18209111629247335,0.21130459490994977,-0.1103919004157405,-0.004809531198674789,0.0028587953399983475,-0.05478061274870371,0.16276835213200516,-0.21685613121519962,0.10636064833754179,0.16461187812737418,0.0039042930295451845,-0.022183171678862124,-0.08323153098506116,-0.35002609713777877,0.011770917510877166,-0.01064239263395691,0.006654669372439408,-0.05991862529548207,0.1293414452776272,0.048356887931434056,0.050227014870330475,-0.1987158999079043,0.015082331935440316,-0.3011021254556923,-0.17534253752849022,-0.41439715611731015,0.12021570946933133,-0.16315043841176247,-0.0278161229930898,-0.048410895907686664,0.4600564665483059,0.2803888574290188,0.4469317222297233,0.26648784921295465,0.47760341620602026,0.7168926067514001,0.062491662014860255,-0.054433994393649626,0.05668943196909454,0.16360587880851957,-0.18739115276800955,-0.005537429744288354,-0.37319874330694064,-0.31993236911630457,-0.21895921793226028,-0.03251239865947366,0.4491420188100914,0.18759267506745958,-0.0715077696922553,0.11296574322431649,-0.10692410468680412,0.02901155327342747,-0.161244037458965,-0.04205568867223002,0.05183516281994184,0.01033366047119944,0.18216608258786876,-0.2579416915378771,-0.0106004759956713,-0.18648349633128655,-0.21260965332118825,0.1094923048709955,0.1594134088907608,0.2889027715361843,-0.009484848545915848,0.11519135549944279,0.15905308701934412,0.0693232679662168,-0.0785626623514025,0.20737249180308048,0.0764039554796936,0.16365021371439856,0.10601967260687231,0.06517593904353486,-0.008121751712435739,0.012326312968161493,-0.377388794957106,0.21448784115206268,0.12002547241865048
#49,0.5939349848757515,0.1554047273101005,-0.0061089469855286835,0.0463634293452742,0.1783436076119003,0.16937183484038426,-0.021005475360876057,1.0,0.5089804382303924,0.2656075998089569,0.4313113257547514,0.5776213516906713,0.39716699951433126,-0.1858507163110134,0.1848697057572906,0.05487250691725293,0.14061057226287374,-0.2710051730774269,0.06289712488135375,0.019357022951374685,0.43153138810575087,0.12550284851770271,0.026513482849444707,-0.16697452556612652,0.23370661980601465,0.06366694006525292,-0.26601951138903274,-0.1015789272161911,0.19228733855544786,0.24291860715847513,-0.09812322282522172,-0.06663334831315759,-0.16066042887975768,-0.3040507997412454,0.1466143246080895,0.05451702158102305,0.08043117711190331,-0.019339288989023082,0.1704124959947443,-0.20062713739588856,0.14862954760258995,0.07276285057323018,0.2145442673959087,-0.014230295653365524,0.0503447038932093,0.010872128055329963,-0.08621406101692183,-0.18508654375149883,0.09861574332507764,-0.03536998486567531,0.05861276079504578,-0.1222809099940954,0.0392956392589622,0.014073108259794487,0.33820560514123693,0.14198414825592526,0.12677969380701823,-0.04387503199166504,-0.15562478966109994,-0.2079641612742658,-0.05680712099197337,0.11054989389850933,-0.2131658548676704,-0.1633011770917511,0.026372417239829672,0.27509365748866943,-0.07931877401893907,-0.19790255590732392,0.4000777876075877,0.3453080570630543,0.2155285023064227,0.21159559311035564,0.44597328217353893,-0.07092335502385017,0.1368654818498941,0.1831366139820202,0.15209411897473515,0.02361559218335305,-0.1500740594450479,-0.35904220481517385,0.006763491414142432,-0.03475252054016037,0.3395775689558928,0.2625984688335688,0.1987118694619153,0.4241597023918682,0.090525832135955,-0.11337443044760118,0.1929507499652374,-0.01916678590069384,-0.06593205071107143,0.031021133643543326,-0.049292757490080066,-0.09361960247711211,0.09199372056514914,0.26650397099691064,0.0847461725877277,-0.07139814156135448,-0.061467122644456224,0.02360914346977065,-0.11740165207981089,-0.12840960616497019,-0.21314731481612098,-0.17817191061276885,-0.15375385663300573,0.000993504936288725,-0.15309447566920517,-0.04445541621408117,0.07879884648635795,-0.07633624398707839,-0.05491684182313194
#50,0.31018836289329593,0.3733631855032919,-0.09035171686923016,0.0847348873389585,-0.03728686497804415,0.029955483724051483,0.2645508168706408,0.5089804382303924,1.0,0.3197324589952501,0.1549097885426512,0.37406448310537804,0.20509287155170156,0.2083551145351989,0.33276047261009667,0.27522585611710865,0.02923322780282252,-0.371474518512846,0.14544710744967485,0.22045370730498184,0.5013258152080818,0.2061617458279846,-0.09935895756544941,-0.26114912045592403,0.09732116407341054,-0.10234632413249688,-0.21398967802782218,-0.02679883842546597,0.11902430963498266,0.2924140960818019,-0.029740257908238837,-0.09660052033057719,-0.2312681999826691,-0.1536780842484125,0.19286127406428158,0.1960743456067131,0.24375452165659392,0.15684117826058042,0.241434596945325,-0.17142252575958794,0.24933104672697556,0.2278221686620733,0.27705245423932384,0.22145648226704526,0.14644020934136467,0.010925329942384775,-0.17468718701067867,-0.12212211042212875,0.03837830975186559,0.007650995620920433,0.03891113471161151,-0.11456502419275205,-0.023955761824824725,-0.18443280541208287,0.38206411230434706,0.11071191782726718,0.19009477593743135,0.036085792073321875,-0.11862771374966496,-0.22565459480918862,0.012214266569667266,0.19136033597797764,0.08576990586893393,0.10593261497350989,0.05614854611737062,0.267083549130129,0.1814526936478156,0.16215733652007264,0.4812098592769783,0.5136090024041611,0.12616545383829447,0.16828683878014522,0.20864047011122017,-0.0075421735792174085,0.11540013260167303,0.15878304713808106,0.15211749556147136,0.0097097474321021,-0.011136525312208422,-0.22872821292040071,0.09303115736271797,0.2451047210629092,0.313024184691157,0.16383238987310142,0.1615995227951949,0.1955407145577694,0.07688599681997811,0.06350652831489069,0.3222208563488593,0.14132960382731152,0.19709888497711714,0.03964790023840088,-0.0777114321585255,-0.11935319402768513,0.06851153614403202,0.08751670116056692,-0.09382273695495776,-0.1897626671879377,-0.16958222412101012,-0.02758155103652995,-0.2445936605115039,-0.19334815193975288,-0.33159889807606663,-0.24179653099513726,-0.3131539650520028,-0.2754330210409433,-0.2525626583209565,0.13097538808156817,0.02281917605592647,0.052342192925358154,0.06065700300066704
#51,0.4997515230047781,0.37363564365214835,0.6433998424095618,0.622913891536668,0.07309657150111945,0.2711357595274705,0.3546981901282286,0.2656075998089569,0.3197324589952501,1.0,0.33628953111806587,0.2879499741043845,0.2718555971811061,0.21205828830989293,0.1099211443242252,0.039130390973413164,0.7431235553370158,0.28260237836617813,-0.11272794691096544,-0.3090284005376615,-0.16222182365589663,-0.35425000453425176,0.07632576482750698,-0.12355856137260869,0.14665704733557292,-0.07984756853269599,0.17638722912883925,0.33235017320841637,0.12905125316641913,0.059539763372515986,0.28943075996074347,-0.07825393018864503,0.3166338521189062,0.15656630184413056,0.03743115494445038,-0.24348931831051765,-0.13363467634511098,-0.20059731209556994,0.07934859931925767,-0.2018330468357976,-0.23515758036205497,-0.150497256273893,-0.005115039004641058,-0.2308587066701866,0.04827869727924743,-0.06278669066125513,0.20157348611410594,0.1557432847731766,0.32263438010733075,0.13241989992402609,0.54143278324463,0.40328521652563465,0.43021020791055636,0.09898896262365912,0.10101547086692877,-0.13849055767265928,0.08176203037747141,-0.30341237709658764,0.13611340062834654,0.10922307107893024,-0.063138145551496,0.056094538141118006,0.08174026596913081,-0.029951453278062486,0.42098612922012885,0.510769150160311,0.143469770647471,0.0772954901324606,0.17372632868690085,0.02590972204029237,0.37986348879435256,0.4737793290516562,-0.09122068102445877,0.2115028928526086,-0.301526934462933,-0.1903333783399802,-0.11996501572881547,0.08096238989325363,0.18650526073962714,-0.2644024964582456,-0.13038371861038284,-0.0958492451982274,0.09840374186605619,0.09698744314552127,-0.10481053881017204,0.016169746263272763,0.21993377977240072,-0.09819254649623255,-0.05308298889813652,-0.30283360505256707,-0.2327175483603138,0.15826150742710435,0.054159924066397566,0.1898247360561683,0.1739286570755487,0.5236931782686414,0.1333533512150787,0.3729601409043918,0.39055142546798516,0.3950961563651826,0.21785648790966963,0.4225692884046084,0.1752619286087102,0.4025677971395925,0.35538578421395217,0.34050537762256083,0.20382731151115527,0.2516630627762115,-0.06324293714721002,0.1831309713576356,0.27802620999026645
#52,0.22314120869044765,0.3131184971272996,0.3270396575733088,0.3499398455936142,-0.1426056430274292,-0.0927208130215649,0.12664346473258997,0.4313113257547514,0.1549097885426512,0.33628953111806587,1.0,0.09866894521213244,-0.18794251777930487,-0.10653476360426663,0.2783365543314195,0.061872585510949714,0.33404940923737914,0.1270465093314901,0.007540561400821808,-0.2207705003597173,0.12483863101871538,0.021575380423720786,0.30172039587040506,-0.017027425169732158,0.37683501167821726,0.0957758910812276,0.10571980742529065,0.17826541695971368,-0.2617980222601532,-0.03483151728154479,-0.34942475459621986,-0.2816713453427189,-0.039366575108368614,-0.051807755787216636,-0.11417568311021456,-0.24494833975853597,-0.25800053604931655,-0.34510895303119765,0.0020639913909673677,-0.27337507531895944,-0.15678717028432781,-0.11394836595643491,-0.004847417390971398,-0.20958037011585517,-0.18867525286010522,-0.15989625632024312,-0.02459902100466927,-0.12126926805085617,-0.028947066137603457,0.09661019340095078,0.25626583209565057,0.08834374867750991,0.22438742259024672,0.17823962210538408,0.3018969294047233,-0.032570437081715274,0.262529145162558,-0.012901054566193022,-0.20668973425254372,-0.3028295746065781,-0.1099566122489284,-0.09951936931581164,-0.059047242872660076,-0.09633773525209433,0.09881807171372549,0.15248910268165725,0.08994141746754987,0.09629984905979772,0.16744447556844402,0.046507719311680434,0.3057532601269993,0.20686868605445535,0.15493155295099179,0.015710275420526658,-0.06526138449850168,-0.08915306223210129,0.06154773156423624,0.06545726417356712,0.10532321153997296,-0.13673328322145487,-0.20047317435910872,-0.20239489100666433,-0.28859484546262465,0.3561878429657634,-0.3491732547665062,0.08313399419212733,-0.06614727652688408,-0.09013326669662632,0.03220205431832059,-0.11579027977340833,-0.06390473637860397,0.03358449729254791,-0.022990873055057908,-0.11072320307603638,-0.05434532458189161,0.44814488647241263,0.15641395098574631,0.1977905095088297,0.16108523788699838,0.07862553730883091,0.11066113420780577,-0.025615499483095303,-0.08990836781044007,0.011068813819593208,0.10232294754576067,0.1086160859129867,0.021916356154390262,0.08797133546812623,-0.0985077273725724,-0.09819335258543034,-0.19022052585228819
#53,0.5012226357907634,-0.002829776128877541,0.09483840934418598,0.17807840426582403,0.4596800228929332,0.3985978078404266,-0.04419746767078511,0.5776213516906713,0.37406448310537804,0.2879499741043845,0.09866894521213244,1.0,0.5710194811606878,-0.13175568242503874,-0.02993371931571088,-0.09338019398536546,0.23942179221841792,-0.15021190069787171,-0.1373523597253654,0.0445876148425204,0.21241619191371622,-0.11938866195238834,-0.058657901790122584,-0.1686552215435399,-0.010350588344353245,-0.150581895639662,-0.2079294994387604,0.011666932004360942,0.30257162606328203,0.21230495160441978,0.29990991953214585,0.10036979341949083,0.045808033887989874,-0.18212013550359415,0.21535438703969786,-0.004628161129169748,0.00949452161628945,-0.04587574538060509,-0.09548328070242612,-0.12307087740793958,-0.05777523411853139,-0.1496629539541698,0.19940268790443005,-0.057560814391916536,0.14979595867180684,0.18343003045001946,0.04733315465022782,-0.010447319048089267,0.29601731479596877,0.06927329043595319,0.12879411071232086,-0.04090781765456256,0.11551459726776066,-0.1187534636645218,0.03059551854710483,-0.02454662520681226,0.009242215697377994,-0.15974471155105668,0.09957257120286646,0.14987173105640006,0.1625208827482805,0.2882337175020102,-0.09747432102099257,0.03587701497109163,0.04276585325549199,0.18872523039036884,-0.14402516610475533,-0.20739183794382768,0.23612166304262397,0.31504101986405303,0.09480535968707618,0.1919342714868114,0.27945701831636177,0.11603936133552858,0.05921007289061571,0.13123091835727083,-0.0005316158259492204,0.011840241181887982,-0.2013703516362603,-0.3166499739028622,0.35951618526348034,-0.008971369726917132,0.5110964223746178,0.4020188503958906,0.5241373334166293,0.6222940089435597,0.4026500182377681,0.047206598646173194,0.014675256890551224,0.11868091563671979,-0.186759984926132,0.2834262015263299,0.20890647954649422,0.13453588406825157,0.17522807286240258,0.1867656275505166,-0.0975678273679374,0.018267996445146636,-0.0017286582846824914,0.11097792726254124,-0.10668469619505747,0.13783117670885872,-0.04294641723579923,0.021385143373039945,-0.022836910018278072,0.0984158332040232,-0.011660483290778541,0.13680905560604809,0.20409976966001173,0.07715926105803238,0.15439308536686128
#54,0.4155780767920874,0.003528655463370299,0.05451137895663845,0.01912889970839723,0.5378553593847927,0.6863555296711358,-0.0029861574332507765,0.39716699951433126,0.20509287155170156,0.2718555971811061,-0.18794251777930487,0.5710194811606878,1.0,0.10320561521735187,-0.1925049826388539,-0.20059086338198753,0.18865590671935803,-0.1316339629561709,-0.13537824727995276,-0.01673320261253509,-0.09220088548898378,-0.24204883691404872,-0.1257809492909438,-0.1699586677763828,-0.12825644921738816,-0.12719966627907212,-0.19931079373588084,-0.023858225031890903,0.6685578862729056,0.4582983860079037,0.4284061802858795,0.22528298768900273,0.16068380546649388,-0.13099634640071098,0.27880569824453927,0.2773071784258287,0.22008210018479596,0.18734762395132834,0.0870024162523704,0.00635561028005554,0.1289182484487821,0.04207906525896623,0.3007756593305832,0.06727338313621094,0.17895381713463504,0.0869685605060628,0.15750781402716119,0.018426796017113275,0.24398586925636256,-0.11804491125965544,0.03138951640693801,-0.06586433921845622,-0.002829776128877541,-0.2088976125653184,-0.2546915398923468,-0.15330889539582002,-0.13053445729037147,-0.2612506876948469,0.27210306656483074,0.15000957230922388,0.260891171912628,0.39521142712046803,-0.0003405726860705771,-0.0220719313695657,0.14978225515544422,0.286475636961608,0.0009588431007833172,-0.16351559681836594,0.0758856401255081,0.17145799368429113,0.06016770685760233,0.1999524407373298,0.05642987124740288,0.016086719075899345,-0.12349488032598248,0.11397335472156671,0.008910106947884319,0.02012361377848266,0.0029651991141079717,-0.04583302265312168,0.27115188131142653,0.20478172112135068,0.6097964020208656,-0.053436055966773005,0.583278485680833,0.4238719285482535,0.3576113964890785,-0.0037100255328753402,0.07787668044407454,0.12092103751740649,-0.1641806204065511,0.14911884374565468,-0.08936586978032054,0.2969572148006038,0.19510462030175948,0.17696197072687078,-0.1502231859466409,0.03625829516165111,-0.0997555534507671,0.02944119881585497,-0.07806208095956858,0.24245913631572902,0.0023348373614282287,0.09958869298682246,0.04185497246197778,0.13123172444646863,-0.022933640722014096,0.1469802891038908,0.25893156907277576,0.18774663810423942,0.24029156246284433
#58,-0.03600195879675065,0.13542016391823838,-0.009705716986113099,-0.06123255068789637,-0.030517327894918213,0.00016242697335673678,0.4857634571553515,-0.1858507163110134,0.2083551145351989,0.21205828830989293,-0.10653476360426663,-0.13175568242503874,0.10320561521735187,1.0,0.10792446138127415,0.13456490327937237,0.02044443727920713,-0.01341936992037854,0.17243174943523376,0.0198624408783954,-0.12336590605433444,-0.026037890222742596,-0.07574941105107985,-0.10574399010122465,0.08135737360017573,0.03889420683845771,0.04045318334700326,0.15022802248182773,0.2052766598888,0.15872097826985046,0.07736803816026262,-0.0724146200397805,-0.04878975783065275,0.17554809027392926,0.18176545625656207,0.19878038704372833,0.2559627425572777,0.2537661494932722,0.2921400257545499,0.21505774621490742,0.03868301146863406,0.08621003057093282,0.16099495589684476,0.06373948809305494,0.14593801577113516,-0.1382318030401654,0.0005348401827404212,0.011142974025790824,-0.08622615235488883,-0.08622937671168003,-0.06694369265431066,0.008219288505369562,-0.12631780469667872,-0.17147975809263175,-0.09881081691094529,-0.03699183633164928,-0.023414069883903002,-0.10763991189445068,0.14505615418874176,-0.0012127611980903747,0.18353804640252466,0.13453749624664718,0.4502729619546051,0.20443510276629662,0.12113626333321914,0.2048824822710757,0.7350328380586953,0.4940887463902318,0.015124248573725926,0.013064690673346459,-0.1333485146798919,0.008197524097028957,-0.37766931399794046,-0.03319999274519722,-0.11599986296483637,-0.06517996948952387,0.016991957245028947,-0.07788715960364594,0.39768128442252776,0.27307521013737773,-0.04133746319699006,0.1593577887361126,0.04954506340899152,-0.26866429004701514,-0.05346991171308061,-0.1456623332654875,-0.07346495426451415,0.12467338273316633,0.07130785957120085,-0.038787803064348085,0.12613724071637147,-0.1466014271809247,-0.24791152364964944,0.060556241850942015,0.03549331651293874,-0.008931065267027123,0.018652500992497326,-0.14053802423507172,0.026008064922423992,-0.10823319354403162,-0.18117539896377233,-0.011898279604129595,-0.09466671234505454,-0.05644035040697428,-0.10648720434159642,-0.16971119839265814,-0.24208108048196073,0.2370003002682262,-0.056499194918413695,0.2605348804872003,0.16800954409610194
#101,-0.06604490319876347,0.14690048627330857,-0.14106681874882865,0.0415196393556929,-0.206164164095578,-0.2093296763753393,0.21338511112947203,0.1848697057572906,0.33276047261009667,0.1099211443242252,0.2783365543314195,-0.02993371931571088,-0.1925049826388539,0.10792446138127415,1.0,0.6551897030165873,-0.07116518178319022,-0.1792843137057331,0.5309358897108759,0.26308212235224887,0.4504406285077475,0.24578506034585257,-0.07377046207048041,-0.08531768982896802,0.16780318526146512,0.13413042120175808,-0.22729256805911857,-0.06353474143681369,-0.06731126932850755,0.2709108606412843,-0.41034817007675983,-0.31377707200190236,-0.2773676351156637,-0.11794818055591942,0.03200939900004635,0.0662157941086971,0.2674753084802599,0.1492139622709951,0.1431497532359443,-0.00016484524095013734,-0.03681691497572664,0.2658284682491541,0.3801730270463078,0.2255997807437382,-0.306767320337832,-0.1969368610483593,-0.26077590115734256,-0.13303494598194762,-0.2195057464083688,-0.10142335200101567,-0.04097552914717778,-0.10224395080437626,-0.2079375603307384,-0.009043917754719149,0.48223842909337133,0.34671548880241343,0.02182204371824764,0.041314086610253854,-0.29604794618548513,-0.24135882456073177,-0.1350421080844701,-0.12305636780237918,0.20335333106284875,0.06405628114779041,0.008225737218951963,0.24394878915326376,0.14753407238277952,0.2043786765224506,0.6509674077985099,0.40023255673356534,0.39612392009237785,0.33657246842649374,0.36079222446359804,-0.008955247942961129,0.15260759779373387,-0.027449352408090717,0.05889731028186924,-0.12216563923880996,0.11686721494166936,0.1245097466260129,-0.37640456004659195,-0.208879072513769,-0.15815429756379693,0.14602668558289317,-0.3249277038750723,-0.04298510951729364,-0.28295463934561677,-0.3155101637771728,0.1894765055227186,-0.18137692126322238,-0.026686792026971745,-0.19088071290528655,-0.2786275525318254,-0.3762352813150539,-0.22239799445007588,0.15933763650616758,0.24261712979849787,-0.2887568693913825,-0.14828212315833808,-0.16373243481257418,-0.266063040205714,-0.4091801468291474,-0.41260280156300694,-0.33741321945979935,-0.39672365045554114,-0.3567319531742785,-0.3668910953341542,-0.06925152602761259,-0.3118642223355225,-0.0984762898938582,-0.19256382715029333
#102,0.005760716452079005,0.06458910610753633,-0.17909085229826108,-0.19009719420502474,-0.1921462729458328,-0.297851973810162,0.08108410936212146,0.05487250691725293,0.27522585611710865,0.039130390973413164,0.061872585510949714,-0.09338019398536546,-0.20059086338198753,0.13456490327937237,0.6551897030165873,1.0,-0.2894573609042709,-0.14318119071465854,0.6621631806667567,0.5553192818551337,0.30574761750261475,0.418036648845378,-0.27350001914461847,-0.06254083345592606,-0.02807407153638586,0.20522587626933858,-0.43153219419494865,-0.24319590184251838,-0.022761137633684855,0.17091952610016062,-0.19359562132347755,-0.2568986121159237,-0.3110500722457444,-0.020591951602404564,0.269883096914089,0.24244785106695982,0.40377531875789713,0.45355535716804746,0.18480199426467536,0.20725802713699285,0.11805377824083124,0.3590123795148552,0.2657623689349345,0.21612742658038825,-0.3871650447480266,-0.29952460889559734,-0.2702289091799453,-0.21566231311325754,-0.30740332471489634,-0.1893451129834772,-0.25315110343535063,-0.2816044399393015,-0.43204647910314514,-0.036653278868573204,0.25133579056190464,0.6285782803296098,-0.15072779778446385,0.25376131295808535,-0.43996469329313637,-0.2905117255749935,-0.11249015059761439,-0.027010033795289618,0.12912783164021016,0.11947168913976176,-0.03539981016599392,0.19606386644714172,0.1687148721441771,0.17865556413144895,0.7176906350572223,0.49729859357587214,0.3794072423083976,0.19553990846857158,0.31821701130338576,0.12250177843429265,0.23414432624042014,0.30173651765436105,0.1518611591965709,-0.11330107633060137,-0.10358689540791136,0.26111284644202304,-0.3280948283332292,-0.1668511939188631,-0.019936601084593015,0.02573077023838073,-0.11057085221765214,-0.30458120643339787,-0.4256614465673699,-0.27795446805166224,0.28277729972210075,-0.14113856068743286,0.08500170286343035,-0.29861534028047876,-0.21992491279122492,-0.46159367864851086,-0.39675266966666195,-0.14639990488147467,0.5288779439888921,-0.36419150261072136,-0.29829451677975427,-0.23383962452365167,-0.3786382332136963,-0.3893825961311749,-0.4609004419384027,-0.21788228276399926,-0.3902829977651177,-0.4083845367909186,-0.4888419118017504,-0.17463720948041506,-0.11944911864222335,-0.3080909188006199,-0.33541492433845266
#201,0.326272260657003,0.28994101442295095,0.7793161542290462,0.6734282772060143,0.14626206362865082,0.34723783460258795,0.3177244908035299,0.14061057226287374,0.02923322780282252,0.7431235553370158,0.33404940923737914,0.23942179221841792,0.18865590671935803,0.02044443727920713,-0.07116518178319022,-0.2894573609042709,1.0,0.524198596195662,-0.3290065152159412,-0.5202358616992764,-0.3810041050092398,-0.5667963798534127,0.23141893866265772,0.04515510163777173,0.16918724041408803,-0.15916755168543176,0.4088149884225439,0.38048982010104326,0.061562241169796646,-0.12159895853275644,0.3239676516404923,0.14026314781862187,0.5425693690135281,0.22368693107735838,-0.20847119137968212,-0.4369934485100449,-0.4145761079192218,-0.49823607531291375,-0.20228284460817011,-0.33039782517134436,-0.25601110790914566,-0.30979660354316507,-0.13295191879457421,-0.3434355118565645,0.02344147691662821,0.0004896991876636109,0.3715776979301645,0.2737499067959365,0.44250064990941573,0.20376604873212245,0.6629507298130075,0.5222438298909966,0.6311432561570101,0.26787029218718195,-0.11440058199640081,-0.41860091128383814,0.02896318792155946,-0.4293460802905145,0.23566783482426248,0.2149924529898856,-0.04838187669656586,0.0037196986032489426,-0.014537415637727393,-0.11645691553998908,0.4229255798300361,0.36236329231011055,-0.04197911019843901,0.01625277345064618,-0.20972062963627242,-0.2961543499595948,0.18574995516128837,0.3259804563673993,-0.27038932093030754,0.06471646820078876,-0.4521350280015235,-0.3409326048973949,-0.26299264645129306,0.061600127362093256,0.2604889334029257,-0.28849166604530624,-0.061560628991401044,-0.05800899998589344,-0.046427110391900415,0.18784256271877764,-0.10869991918955792,0.14380187939696468,0.35588152907059933,0.004914322794388813,-0.17241401547288215,-0.2545585351747098,-0.21221547570346397,0.2445501316948227,0.20777956684796955,0.2885013391156798,0.278580799358353,0.6314334482682181,0.010844721022604756,0.699279557779466,0.5569395211427121,0.5509365748866941,0.5419736690963538,0.7152804283557997,0.509119085572414,0.563091593900323,0.588559176015622,0.6456036902763476,0.5500700289990589,0.1987328277810581,-0.05611146601427181,0.17900218248650304,0.32743302910183525
