,#10,#11,#12,#13,#17,#18,#26,#49,#50,#51,#52,#53,#54,#58,#101,#102,#201,#202,#301,#302,#401,#402,#501,#502,#601,#602,#701,#702,#801,#802,#901,#902,#1001,#1002,#1101,#1102,#1201,#1202,#1301,#1302,#1401,#1402,#1501,#1502,#1601,#1602,#1701,#1702,#1801,#1802,#1901,#1902,#2001,#2002,#2101,#2102,#2201,#2202,#2301,#2302,#2401,#2402,#2501,#2502,#2601,#2602,#2701,#2702,#2801,#2802,#2901,#2902,#3001,#3002,#3101,#3102,#3201,#3202,#3301,#3302,#3401,#3402,#3455,#3501,#3502,#3601,#3602,#3701,#3702,#3801,#3802,#3901,#3902,#4001,#4002,#4101,#4102,#4201,#4202,#4301,#4302,#4401,#4402,#4501,#4502,#4601,#4602,#4701,#4702,#4801,#4802
#10,1.0,0.184113594089754,0.515791891951804,0.5054973268066978,0.39011694339037084,0.31013193664944994,0.20493729633652613,0.7147137476497462,-0.079052764583665,0.4962047305344573,0.6329690481900274,0.23554369708780126,0.2423688543255754,0.09737275378206975,-0.2543247693073477,-0.025263238503656624,0.4930730740010036,0.13534036108765615,-0.18613204144104567,-0.15448981607059728,-0.08399489745537793,0.2618649276635706,0.10105093879163199,0.07406790898446867,0.3585255016393839,-0.057953379831245225,0.13467936794546,0.40989917839358514,-0.0596090870435268,0.16887286562694595,0.03981959723753232,0.13124059142764444,0.033931115647601984,-0.1853452983839927,0.0759356176557717,-0.17981552648708343,-0.16086839989279014,-0.08561352456456069,-0.1232046882147744,0.043412336792127734,-0.004034073390391014,-0.35647239245258683,-0.10018842334998579,-0.4266110196423785,-0.009159188510004574,-0.05969614467688922,0.23958220396878016,0.24533848693027127,0.12447508479050749,0.2401722612615699,0.22938033908142105,0.2972659469633612,-0.0067908984468676385,0.23788619229660857,-0.09107558496885473,-0.003699546373303938,-0.03149027755666303,-0.06207733216719096,-0.05490958702035174,0.17345145227045097,0.05509176317905458,0.17181670337731222,-0.4987285958127697,-0.5706293339889525,0.40062754044048743,0.42535190831541464,-0.06507356571541424,-0.23917512892389106,-0.015503110496692011,-0.17197147250328984,0.3088470304681565,0.25892350818079773,0.042663479927371364,0.1430804295649335,-0.1258615582107238,0.0185420667723987,-0.05217694463980912,-0.16471747581228602,-0.14193981335004624,-0.19505303059310028,-0.3739387331905212,-0.07510050924685072,-0.16381788026754102,0.055508511294317275,0.036585567375957986,0.39420381562321777,0.3927738133863203,-0.05398016617528813,-0.026638426675103733,-0.5372435376836624,-0.2362377398871072,0.1037142575011638,-0.13975611771320556,0.30837466219824555,0.14927361287163232,0.3879993470677498,0.38255663280420293,0.2136841702218559,0.3584174856868787,0.04516074426215633,0.3204732549680285,0.07836114005195245,0.06780862636355026,0.04265541903539336,-0.1289093814676063,-0.02799507479500144,-0.08390219719763091,0.08953514851185858,0.22353377412977632,0.019322361115869276,0.29856697492861073
#11,0.184113594089754,1.0,0.09958143818404226,0.1063759640323,0.07644748429637481,0.07187937681244118,0.27469867378174734,0.07617986268270516,0.3676069025418008,0.44157606559953894,0.5423791319628474,-0.022015505125719686,-0.0993355809787132,0.028234483286748095,0.08442534908700322,0.06543227540843533,0.0410770963861006,-0.006699810367516218,0.07037199001255484,0.006631292785703202,0.12690141327588605,0.1267837242530072,0.06368225576001113,0.09026385314666995,0.040740151101420125,0.061773436539620294,0.0689113563861409,0.016573596951370655,0.0043895587266208945,-0.08647362173861349,-0.1837041007772715,-0.16273127202890636,-0.145309266196851,-0.08182409924570204,-0.07232514413882468,-0.2162564008520363,-0.1360424647789401,-0.014229489564167723,0.14247505657738557,-0.05302736874348831,-0.13385715696370382,-0.09083537038791027,0.0335691815977897,-0.042842431729283,0.03891677733599611,-0.06248279503368445,-0.1890726548346207,-0.2031187591062889,-0.1351565727505577,-0.03024809410285295,-0.1174580783236569,-0.03774230537480125,0.0609480012010729,-0.14471517845807227,0.06298257033632057,-0.030177964342644335,-0.18891063090586288,-0.1024091990899253,-0.06770947739222083,-0.1831398383388114,-0.002406579300032445,-0.14324648393968034,-0.09586456089298562,0.004013921160446009,-0.0018463473075613181,0.023950119200440125,0.06647857918717996,0.20357258732465042,0.23077406730441757,0.0794364630418179,0.16144072322322828,0.14197608736394726,-0.08315978904645693,-0.18486567531130157,-0.11671728235087854,-0.16582987890525025,-0.11869300697468678,-0.011078486889966809,0.170809091880062,-0.02614026355086322,-0.10274130783941897,-0.1528212114311509,-0.03561503598180657,0.17808727124699983,-0.056724093804599945,-0.028968830545944062,-0.05567859611505311,-0.11762977532278834,-0.21618949544861887,0.009438901461641239,-0.1584904367592796,-0.030501206110962208,-0.0879020117971154,-0.015787659983515476,-0.09914776219562575,0.1577028876130288,-0.02272970015497065,0.03822918325027256,-0.02625553430614865,-0.019358635129770284,-0.060019386445207094,-0.04668022240000967,-0.17021742240887666,-0.08751670116056692,-0.040429000671069255,0.05397371746170573,-0.08146377737428535,0.09276837228423511,-0.0300191647706777,-0.10788254474298853,0.07353185966793155
#12,0.515791891951804,0.09958143818404226,1.0,0.622373005684944,0.03702327381036349,0.4358012425864984,0.13439078801264753,0.2256134842601008,-0.14074841351569758,0.5461814547088708,0.4300401230898205,0.12329658238332362,0.1209831063856371,-0.1990673547981452,-0.336954554706251,-0.058665156592902785,0.7998238695102806,0.5413836118035641,-0.38255099017981836,-0.3866265771638961,-0.12882393601263947,0.05310555939567493,0.1421840583769797,0.18467866261741192,0.27130826261579977,-0.17642027878594907,0.15404324265501598,0.5689244553356052,-0.17189005749431202,-0.180515211910774,0.21720355565945149,0.2590049231897756,0.3725329136295577,-0.13527748613022775,-0.25189682864357354,-0.3524371099283991,-0.3756968137309234,-0.36704667054932966,-0.2472650401130137,-0.09310209321212438,-0.21925747093544637,-0.42087811326762364,-0.0812816012155825,-0.5602775365108026,0.07908017161639021,-0.04339218456218273,0.31449932792313134,0.30840206923097074,0.28434997974700893,0.3433710247207405,0.5610554125866798,0.5902277806550684,0.25641737686483695,0.4658135555989948,-0.08621083666013063,-0.17339180166981377,-0.27267377771687323,-0.33525290040969485,0.1417745650644972,0.21014463255431529,-0.033364434941548456,0.0264941367086975,-0.4917317415758641,-0.514258710297588,0.4931931812914758,0.25682525799892386,-0.3570543888533986,-0.26723025736412864,-0.24333051873855102,-0.3475771981548618,0.2996422979184762,0.4737220967186124,-0.24521273701541443,0.005747819024914202,-0.44656253337713087,-0.3747698111534532,-0.346600218047128,-0.18744516074426215,-0.20729107679410266,-0.19627264354937196,-0.23117711190331766,-0.17707885366055182,0.13207569983656542,0.00025190287431255706,-0.2401593638344051,0.2733428317510474,0.26958000737571614,-0.0459160498404951,-0.26735600727898545,-0.44930081838205804,-0.40503684835245446,0.017681969598345906,0.030268246332797955,0.3258135959034547,0.2710277435749653,0.6067542213883678,0.2565278110849356,0.6484322572714284,0.6928340685538559,0.5549178494346292,0.7259562736914653,0.5297477142333185,0.30840368140936636,0.43455825304349055,0.3054743532645605,0.448942108689037,0.183222059436987,0.007656638245305034,0.13658818716585083,0.10938590109688588,0.37292225471209517
#13,0.5054973268066978,0.1063759640323,0.622373005684944,1.0,0.11785870465496359,0.2423511203632238,0.03774875408838365,0.25426350652831486,-0.13483977969582225,0.642160883312543,0.37323179296405046,0.3094991566291768,0.14897294160085284,-0.18170499956672706,-0.4013207771505956,-0.16976359419051515,0.5569483881238878,0.2799962919896901,-0.34071334863559327,-0.34151943783339345,-0.27224010172845675,-0.06768851907307803,0.24266065861517908,0.025900048969918765,0.23297307863601646,-0.21737202830179173,0.2971893684895702,0.5938084288716968,-0.2584011623806232,-0.09921950413422997,0.1170082805512844,0.1761574937074662,0.205260538104844,0.07610167203051854,-0.14552610419105927,-0.30260225745279845,-0.2119244775030581,-0.13716454094227798,0.03343053425576807,0.008806121441368095,-0.0878415551072804,-0.2519451939954416,0.1828415853356253,-0.2978697077725136,0.17625019396521321,-0.014280273183629134,0.40732291731741577,0.37678584023715145,0.34497594831356065,0.3027949127710727,0.42734375472317887,0.26788963832792917,0.3047440364513535,0.20189753397162163,-0.03946653016889584,-0.16010180906568217,-0.052081020025270895,-0.2599762606731248,0.1942493596628935,0.15557400604163854,0.05184644806871104,0.17776967210306657,-0.41386755551435545,-0.432083559206244,0.642116548406664,0.21423069869796443,-0.3945867079921729,-0.3469613460077425,-0.3337672780181491,-0.33211479516265874,0.05793080933370682,0.22060363989577267,-0.2539660596143266,-0.015362850976274779,-0.40120550639531016,-0.2463686689250599,-0.29047222720430127,-0.0684252845998674,-0.29242618741976895,-0.30608456278729523,-0.12242278169290823,-0.008934289623818323,-0.048994504486894,0.0904589267325376,-0.11164617520751759,0.3302398316885755,0.3755710638160666,0.17558517037702806,-0.13014189185104277,-0.26985327161377043,-0.23545905772203224,0.17958659715490818,0.04925567738698126,0.4281506500101769,0.39338724726584623,0.44165506234092333,0.13978271865673297,0.4794009951171147,0.5157951163085951,0.32068445033785214,0.5183625104035887,0.2555637284043666,0.175270795589886,0.35867543423017473,0.29396742996596287,0.3067544229106672,0.25423206904960066,0.06133895446200599,0.19016571178683778,0.043318830445182914,0.4105964455496823
#17,0.39011694339037084,0.07644748429637481,0.03702327381036349,0.11785870465496359,1.0,0.42983940687956823,0.20039578979611988,0.38265497568633455,0.17771888848360515,0.001001565828266727,0.3666645842695723,0.4433542983698861,0.37447317032866273,0.3501244400199104,-0.09478037092194437,0.08378531426394988,0.029348498558107946,-0.15097768543578188,-0.09236935813132402,0.09122148711365656,-0.21384780632900935,0.1752877234630398,-0.0821594323519869,0.0879020117971154,0.004421802294532901,0.18951761607180642,-0.14338029474651517,-0.0025041160929662673,0.0821167096245035,0.31156516324313865,-0.07701738935921955,0.20818341753606745,-0.011680635520723546,0.14944772813835716,0.18434735995711604,-0.02665777281585094,0.020206640965856077,0.19001497310684914,0.040186367822531405,0.2713525975216788,0.1593900323040246,0.07163110133951872,0.0763684875549904,0.10230440749421127,-0.05461133401716567,0.1650931133784609,0.20820034540922125,0.21735993696382475,-0.1464756772660679,-0.14147147552612435,-0.22453896735943316,-0.11566130550176029,-0.3009747633624399,-0.16680524683458847,-0.20779004600754097,0.08880080125266261,-0.18928385020444438,0.12944704296253903,0.024245147846834993,0.13838576607694525,0.03810907595980033,0.08397796958222412,0.03479685544603938,-0.13783440106564993,-0.10389401539227323,-0.07232998067401149,0.2092539039907461,0.12349407423678467,-0.009880638342035737,0.1584388470506204,0.06428924092595466,-0.12575676661500979,0.10753350812034106,0.045378388345562376,0.10183526358109156,0.13087220866424976,0.017984253047520972,-0.16487305102746144,0.10674031634970568,0.26853612186456494,-0.220207044010455,0.2539700900603156,-0.08758521874237994,0.18724605671240552,0.46821973185442833,0.3470613010682697,0.1638154619999476,-0.030399638872039385,0.32987144892518083,-0.2290877287026196,0.1619856395209412,0.18423934400461084,0.14154563573232196,0.1720811006341907,0.09026224096827434,-0.1739568701974717,0.39524689504517124,-0.14686421225940757,-0.06336626879447345,-0.18794412995770046,-0.016217305525942975,-0.11426757727876379,-0.03513863726590666,-0.1169873222321416,-0.2738627592836285,-0.22237381177414187,-0.046145785261868154,-0.004570928796125935,0.1059592159170373,-0.018268802534344437,0.19220511745727223
#18,0.31013193664944994,0.07187937681244118,0.4358012425864984,0.2423511203632238,0.42983940687956823,1.0,0.32384028954723987,0.2308764406325382,0.10714900357299037,0.09947422832073483,0.3825663058745766,0.4310775598873893,0.5856000225704976,0.3357591244259133,-0.049165395396827634,0.21661349836666177,0.48646475475743767,0.28676421689442044,-0.3761433871465047,-0.3259014596260149,-0.232720772717105,0.06282135249676053,-0.08802695562277443,0.12514575100307723,0.07319975091843788,0.005621263020859573,-0.25935315372322526,0.12912783164021016,0.17532641574453423,0.1279864093361251,-0.013663614947311995,0.31947048000596506,0.1624862209127751,0.012735806280643984,-0.06763370500762762,-0.12098713683162611,-0.18046845873730158,-0.07917206578493943,-0.2636891075181924,0.12128700201320777,-0.18799652575555748,-0.019501312917780917,0.06895246693522872,-0.24532317123551306,-0.08003055078059662,-0.05987348430040526,0.034096363933151026,0.09049681292483419,-0.017785149015664328,0.02115057141648009,0.08594966376004337,0.281416621156214,-0.18782563484562384,0.15645103108884514,-0.2817737186708395,-0.02718576124041006,-0.42111590958097467,-0.11636743963903326,0.008532051114116033,0.18011861602545629,-0.21639585428325572,-0.16321653772598207,-0.029611283636590807,-0.149617812959093,0.002082531442516772,-0.07122886282981643,0.08931508616085913,0.2472731010049917,0.03481539549758879,-0.07862795557642431,0.42495692460849255,0.1677564320879927,0.19054618588819947,0.17417209601328434,-0.0030353288743165873,-0.0410690354941226,-0.11017748068912565,-0.21441771139185406,0.1466965457062651,0.2922488477962529,-0.0838699536297189,0.12796142057099327,0.2190494999224139,0.29903047621734585,0.24440503563921867,0.30166880616174585,0.06553867918254494,0.05160300913097539,0.14372852527996485,-0.29380218168041383,-0.12412685425705781,-0.013712786388377807,0.010089415444265986,0.1704157203515355,0.25770067086773485,0.24049227867309658,0.35978380687715,0.2044423575690768,0.3220676994012773,0.12769541113571922,0.3419918061033044,0.3673642696932629,0.10683059833985929,0.06820280398127455,-0.11098437597612364,-0.0069875842111308826,-0.012584261511457551,-0.19056311376135326,0.04339782718656733,-0.07609683549533174,0.21221950614945298
#26,0.20493729633652613,0.27469867378174734,0.13439078801264753,0.03774875408838365,0.20039578979611988,0.32384028954723987,1.0,0.3171320152431467,0.3412937328580094,0.22063507737448687,0.4277153618433648,0.1390540140219216,0.29948349834650956,0.5307496831061841,0.13264802316700355,0.03553845750801555,0.20964566334087698,-0.0428085759829754,-0.04537597007796898,-0.18398058937211698,0.11159297332046278,0.1010702849323792,-0.3046223169824857,-0.2455722527976333,-0.03958502528097246,-0.3787672074853443,-0.2136349987807901,-0.1301435040294384,0.16569606809841542,0.10010136571662337,-0.23814736519669585,0.10105980577280779,-0.020726568498437195,-0.14334240855421856,0.22398840843733564,0.08064720901691377,0.10979378223097278,0.010392504982638854,-0.163854154281442,-0.03207469222506817,0.009189013810323181,-0.1783331284523289,-0.021170723646425096,-0.04683418543678951,-0.2986217889940611,-0.4218438081265882,-0.2761988057788535,-0.11054263909572913,-0.2671826981014584,-0.11946362824778375,-0.2588791732749187,0.07864810780636931,-0.33753090848267814,-0.041596217829483924,-0.18482698302980716,-0.08564254377568149,-0.2957359896659365,-0.15528139566283708,-0.13498890619741527,0.06343156201949526,0.033619965217251115,0.0640248436690762,0.20340250250391456,0.26241548658566816,-0.10829929285825123,-0.0940669819818912,0.45052929831950556,0.5250433776749566,0.3832788887254319,0.2471562180713107,0.418177714454993,0.2193445285688088,0.1483699868808983,0.09307388009020139,0.16447564905294595,0.1996001797578911,0.2427847963516403,0.13356051613891334,0.2365827460637657,0.04068856139276092,-0.18290042984706473,-0.11968772104477221,0.008130618693611542,0.14375754449108566,0.1986836563399923,0.23370097718163002,0.1562591818597687,-0.16094900881257015,-0.030557632354808222,-0.2672221964721506,-0.05674827648053395,-0.06614485825929069,-0.20330335353258513,0.018329259224179453,-0.06589819496476383,0.1483441920265687,-0.07007131874177537,-0.03117187232353196,-0.05015527293172626,-0.055139322441724786,0.00975569451637671,-0.005788123484804211,-0.12090894617943948,-0.03775036626677925,-0.1270835894345889,-0.11307456526601951,-0.13165814563210493,0.1416713856471788,0.19176338057687772,-0.2287362738123787,0.10184251838387176
#49,0.7147137476497462,0.07617986268270516,0.2256134842601008,0.25426350652831486,0.38265497568633455,0.2308764406325382,0.3171320152431467,1.0,0.020101043280944253,0.38398502286270486,0.6469683992882233,0.4048627330857296,0.44260866586192094,0.41770615227427993,-0.1504754918655524,-0.2114400178951802,0.31104926615654654,-0.2052500589452726,-0.12904561054203453,-0.1888832238731377,0.003301338309590648,0.09644655729379735,0.02414599887550557,-0.18735165439731732,0.3615934771262114,-0.22156046777356148,0.12997503138709815,0.19187865133216317,-0.10968899063525875,0.23209282923201868,-0.14495619912821453,0.18475282282360955,-0.10806391481249358,-0.11237810419912016,0.32472215112963326,0.05995892975537208,0.07510776404963092,0.04101422142867219,-0.10562710716754363,0.0679690381139125,0.11840926357706112,-0.21894229005910648,0.06281167942638692,-0.18165824639325465,-0.05684017064908317,-0.09760732573862961,0.14141182492548712,0.20228042634057672,0.1015442653806857,0.15165883080792306,0.015574852435296228,0.06292291973568336,-0.09143751901866701,0.011660483290778541,-0.03296703296703297,-0.09395815994018818,0.08273094959322724,-0.09101351610062411,-0.1479000368785808,0.05593654465834917,0.07929297916460946,0.21637570205331072,-0.3482801079353436,-0.3660535686576398,0.2552227526736971,0.2949863267119823,0.20011768902287883,-0.11356547358747983,0.10031900980002942,-0.10025613484260101,0.33218250665527393,0.17432605905006418,0.20335010670605755,0.1704124959947443,0.15256084462026145,0.2975263137742507,0.19524084937618771,-0.030394802336852586,-0.1319507560109064,-0.31390040364916577,-0.2604744237973653,0.15021351287626733,-0.1360158638354127,0.32445130515917237,0.3197743756335357,0.5100662403798293,0.47103217706555317,-0.07263226412318655,0.09279658540615812,-0.39105603730580807,0.0375303039157798,0.13978110647833736,-0.1947531654115186,0.17681526249287116,0.09174463900302889,0.22182244676284654,0.28947912531261144,-0.026968923246201808,0.07986288422745419,-0.15690244103961323,0.03484522079790739,-0.23441194785408978,-0.08387640234330129,-0.0957831458840078,-0.19210758066433842,-0.25646413003830937,-0.15218037051889977,0.06761758322367162,0.12068485338245104,-0.1872613724071637,0.07917045360654383
#50,-0.079052764583665,0.3676069025418008,-0.14074841351569758,-0.13483977969582225,0.17771888848360515,0.10714900357299037,0.3412937328580094,0.020101043280944253,1.0,0.05239458872321517,0.23828843080631087,-0.06301723217182598,0.05614774002817282,0.3740612587485868,0.13080369108243672,-0.07126271857612404,-0.1426854458580114,-0.17068334196520515,0.049286308776497666,-0.06714602104295851,-0.1743558843503828,-0.15793423521279748,-0.29951493582522376,-0.11453922933842245,-0.20902819901536204,-0.06693885611912387,-0.3811798324543602,-0.23554853362298805,0.22898051883931217,0.023055360190881922,-0.06262063628650828,0.10462755656227139,-0.021198936768348102,0.0375286917373842,0.20727979154533344,0.030315805595468166,0.17861284140396555,0.12503773505057203,0.1258631703891194,-0.04395725308984066,-0.04243374450599831,-0.02546959733829347,0.06411754392682323,0.19006817499390394,-0.13962472517396413,0.028365875825989526,-0.1872654028531527,-0.1563599430094937,-0.3129459940389704,-0.3443367195797051,-0.3315215135130778,-0.15925944585398097,-0.2786646326349242,-0.31999605016293076,-0.2621164274932843,-0.08996882450027507,-0.16840694607061743,-0.0051400277697728645,0.06056430274292002,-0.28459019432795335,0.06858972679621864,0.07005680913621497,0.3283019932570639,0.3090985302978701,-0.14508517339986257,-0.29254548862104335,0.34364993158317936,0.4159061550955921,0.1888687142675773,0.16102558728636118,0.04123186551207824,-0.0887129375301024,0.16989176237296538,0.04481493199630005,0.1863601646840231,0.1289214728055733,0.13180485386610455,0.12645645203870035,0.23816671133744305,0.07502715512985089,-0.08909502380985967,0.13473418201091042,0.14384943865963487,0.06704122944724449,0.16680041029940168,-0.011944226688404206,0.007794479498128865,-0.20585381975442493,0.06589335842957703,0.03199891984047495,0.12870382872216726,-0.051799694895238634,0.05610501730068941,0.13143888937030326,0.018570279894321706,-0.13188143233989558,-0.14595655582268455,-0.11227976131698852,-0.20231186381929092,-0.11028388446323528,-0.1571789296344587,-0.04981913373624358,0.0163293519244372,-0.04421520163313671,-0.021031270215205664,0.02106593205071107,-0.011548436892284316,0.09307468617939918,0.1338370047337588,0.1059713072550043,0.08022159392047527
#51,0.4962047305344573,0.44157606559953894,0.5461814547088708,0.642160883312543,0.001001565828266727,0.09947422832073483,0.22063507737448687,0.38398502286270486,0.05239458872321517,1.0,0.6738909724055515,0.18926934059888398,0.11088603309399202,-0.08251411159901899,-0.16170270221251332,-0.21088865288388486,0.5724688295383326,0.1624289885797313,-0.12565036284090017,-0.27524520225785587,-0.020279995082855894,0.005436668594563331,0.25408777908319446,-0.06292453191407896,0.27554909788542653,-0.24084212138494185,0.41515326778484674,0.4400114464666088,-0.08061254718140835,-0.008974594083708333,0.07697063618574713,0.14573246302569612,0.21528103292269807,0.07363100863926098,0.00808225334174353,-0.15920543787772837,-0.07358264328739296,-0.0649107356974586,0.194731401003178,0.050402742315450916,0.08221263423904172,-0.30691886510701843,0.024604663629053874,-0.3089502098854749,0.1422154958556939,-0.19129584884215362,0.33213252912501035,0.2667844900377451,0.2906487607386195,0.23026139457461667,0.3143469770647471,0.1456712002466633,0.30179294389820704,0.08576345715535152,0.09937669152780101,-0.12394387200915717,-0.12376814456403673,-0.4084603091755118,0.054665341993418284,-0.062347372048454024,0.0569328709068302,0.08735064678582008,-0.4542324720941996,-0.3630750690717681,0.5465296852423205,0.28484814287124943,-0.2197628888624671,-0.2321960086493371,-0.11578383105982593,-0.28050977080868883,0.12561247664860356,0.294571996864313,-0.2427823780840469,-0.20190962530958864,-0.364394637088567,-0.2635319201246214,-0.2931645651249539,-0.17390447439961468,0.026154773156423623,-0.3046239291608813,-0.1598382178980015,-0.19810085384998277,-0.12992827821362574,0.14009306299788604,-0.2149843920979076,0.19625168523022915,0.2789886804924399,0.022005025966148284,-0.24309917113878235,-0.2083212587888913,-0.38623723608135857,0.006352385923264339,-0.23566461046747128,0.2570445142607255,0.17562063830173127,0.4757848789757831,0.17230841778797032,0.43286304746051674,0.26922694030707967,0.2605542266279475,0.27144610386862356,0.1297815699796261,0.10643803290053061,0.24217136247211435,0.2027261936669602,0.2326030836942262,0.15578278314386879,0.05214792542868831,0.18786674539471165,0.03655654816483718,0.2622889305816135
#52,0.6329690481900274,0.5423791319628474,0.4300401230898205,0.37323179296405046,0.3666645842695723,0.3825663058745766,0.4277153618433648,0.6469683992882233,0.23828843080631087,0.6738909724055515,1.0,0.3623302426530008,0.3754453139012097,0.3143340796375823,-0.1668914983787531,-0.11667455962339512,0.45346829953468504,-0.000966903992761319,-0.22436807644949952,-0.2458447109464898,-0.01876696565858495,0.1183278485680833,0.049079949941860816,0.02533739870985424,0.2608379700255732,-0.06102377358566612,0.1483901391108433,0.2697009207553862,-0.11893886418001584,0.061918532595224327,-0.09546393456167893,0.10041654659296324,0.018419541214333073,-0.021626164043182197,0.08356122146696143,-0.17979134381114942,-0.08013211801951944,-0.00980164160065132,0.07117646703195943,0.1253883838516151,-0.07532943857902596,-0.30913561040096893,0.08684361668040377,-0.21390906910804214,0.04841895679966467,-0.07518192425582852,0.09588310094453502,0.11853420740272015,0.08942713255935336,0.14070972123420317,0.06328646596389123,0.09260070573109268,0.03915376756014937,0.03174097129717889,-0.022660376483959833,-0.06256340395346446,-0.1540940262744774,-0.31004165465929634,-0.07131430828478326,-0.02393238523808852,0.033520010156723894,0.016527649867096043,-0.37255064759190926,-0.40055741068027884,0.2815222188411259,0.2574274066296806,0.09735824417650935,-0.04697444495720674,0.028848723255471834,-0.1522859682038116,0.293708675333469,0.19796381868635674,-0.011503295897207505,-0.07588483403631029,-0.10383436479163602,-0.05392696428823331,-0.07950014408844411,-0.16559691912708602,-0.017154787262984587,-0.17853545684097674,-0.23943630182397832,-0.039443959671357436,-0.08270434864969983,0.3264044592854422,0.09529626800853648,0.46073358147445803,0.3501187973955258,-0.16267484578506033,-0.20029019211120808,-0.2918659554272978,-0.1677217702524873,0.13561926795009502,-0.17586488332866473,0.21238475443500202,0.08497348974150734,0.38267029138109276,0.2967790690878899,0.23988529350715304,0.22760936111385405,0.05787680135745421,0.1955157257926376,0.0014199261219250217,-0.025000453425173763,0.06719519248402432,-0.10623731669027836,-0.05348200305104761,-0.11019763291907066,0.06384992231315356,0.13407077060112085,-0.15946258033182661,0.19718836087807295
#53,0.23554369708780126,-0.022015505125719686,0.12329658238332362,0.3094991566291768,0.4433542983698861,0.4310775598873893,0.1390540140219216,0.4048627330857296,-0.06301723217182598,0.18926934059888398,0.3623302426530008,1.0,0.5313615048073145,0.33614846550845084,-0.1805216606243564,-0.20274876416449863,0.29423746984722593,0.011830568111514379,-0.34245933783802845,-0.3681074839336347,-0.17274531813317803,-0.22037551665279523,-0.017505436064027664,-0.20738377705184968,0.08790846051069781,-0.17551504061681947,-0.006128293126275888,0.03450263288884232,-0.03375941864847055,0.09079667810641587,-0.09254024904125766,0.2675607539352267,0.02729861372810208,0.21887216029889786,0.06325905893116603,-0.020726568498437195,0.019282862745177067,0.07962428182490533,0.13309459658258485,0.19152074772833988,0.0971478548958835,-0.1085902910586571,0.1064372268113328,-0.05332078521148758,0.061747641685290684,-0.11777809573518358,0.18618524332810046,0.20335574933044215,0.0768207035949563,-0.07038569352891744,-0.04430790189088374,-0.14293452742013169,-0.09767423114204703,-0.14285311241115387,-0.08259310834040341,-0.17100577764432523,-0.064888971289118,-0.23860683603944194,0.19058890861568287,0.021075605121084674,0.05505871352194477,0.042889184902755416,-0.021350481537534535,-0.11931208347859733,0.15432537387424605,-0.03801718179125111,0.11947410740735516,0.008062101111798526,-0.09129887167664538,-0.19148044326844987,0.18335022761943723,-0.02286028660501428,0.10086795654373135,0.051900456044963655,0.026923782251125,0.10703695717449614,0.08616327739746042,-0.07783879425177793,0.01112524006343922,-0.0626875416899257,0.09671901544265381,0.13243118517279528,-0.09171320152431467,0.6776255836589598,0.514528750178851,0.5079663780195598,0.2397716349302632,0.12390759799525616,0.08136059795696693,0.05093717945359244,0.015857789743724093,0.298932939424412,-0.12394225983076157,0.2185481124413822,0.20164361587431456,0.07494170967488407,0.23765645687523554,0.0684406002946256,0.04388551115123644,-0.08554500698274768,0.05399628795924413,0.0041227432021490335,-0.001293370117870393,0.08164917788977939,-0.1359989359622589,-0.13880573854899914,-0.02667067024301574,-0.027559786628189344,0.010413463301781658,-0.10706839465321034,0.27270682737398305
#54,0.2423688543255754,-0.0993355809787132,0.1209831063856371,0.14897294160085284,0.37447317032866273,0.5856000225704976,0.29948349834650956,0.44260866586192094,0.05614774002817282,0.11088603309399202,0.3754453139012097,0.5313615048073145,1.0,0.4582733972427719,-0.10274050175022117,0.05701509200500581,0.2476640542659248,-0.0887242227788716,-0.2494358383226896,-0.09927593037807599,-0.18759267506745958,0.0551917182395818,-0.14186887750063984,-0.055575416697734685,-0.0072294109704709375,-0.0635718215399125,-0.1456784550494435,0.02555665497165589,0.05099844223262525,0.19397448324644365,-0.03015942429109493,0.20494777549609752,-0.01658810655693106,0.041659092786912336,0.1726590665890134,-0.0021486307567363866,0.023079542866815926,0.10160794642731191,-0.15734095356321653,0.13536454376359017,0.09466187580986773,0.04349697615789675,0.1495984668183458,0.04859387815558731,-0.08946582484084777,-0.12908027237753994,0.01901927157749641,0.08899023221414566,-0.0036318348806887225,0.02551232006577688,-0.14201719791303508,-0.009305896744004208,-0.23981596983614223,-0.021358542429512538,-0.23450384202263902,0.004737789260070573,-0.14072987346414817,-0.046348113650516,-0.03788740143040528,0.11131729081481512,0.0009451395844207141,0.05911898481126429,0.05280650030329106,-0.017991507850301174,-0.02462320368060328,-0.04129312829111105,0.25747819024914204,0.1889928520040385,0.05479189799747291,-0.002321939934263426,0.20510818724645977,-0.07999508285589342,0.22186758775792334,0.12558103916988933,0.22132508972780382,0.26109269421207804,0.1602130493749786,-0.07006728829578637,0.08684845321559057,0.15354104908478647,0.08936506369112274,0.24871277631226282,0.1307271126086457,0.5211959139338563,0.46675184342523424,0.3965060063721351,0.14290792647660427,0.07377771687326061,0.2189148830263813,-0.07002375947910516,0.08528625235025382,0.20513236992239375,-0.07552289998649801,0.03545059378545533,0.10930529217710586,-0.016497018477579638,0.2393476320122203,-0.08066171862247418,0.02573802504116093,-0.1427201076935168,0.0033279392531180537,-0.005882435920946833,0.03184495680369511,-0.06469631597084376,-0.2220537943626152,-0.2763390652992707,-0.07700207366446134,-0.0808011720536936,0.1439397206497885,-0.12135229523822959,0.008722288164796876
#58,0.09737275378206975,0.028234483286748095,-0.1990673547981452,-0.18170499956672706,0.3501244400199104,0.3357591244259133,0.5307496831061841,0.41770615227427993,0.3740612587485868,-0.08251411159901899,0.3143340796375823,0.33614846550845084,0.4582733972427719,1.0,0.11505754469260795,0.06112292255699554,-0.08131142651590112,-0.4563726389143591,-0.12205117457272234,0.015311261267615568,-0.0648857469323268,0.041814668002087774,-0.3541290911545817,-0.18085376937385006,-0.14905274443143507,-0.19729637683057819,-0.4040937239910282,-0.38696835898376336,0.008511898884171028,0.2146152032453151,-0.4464214677675158,0.08392476769516931,-0.12785743506447705,-0.06382009701283496,0.42084022707532703,0.19153445124470247,0.26784046688686336,0.12311198795702738,-0.1646828139767806,-0.026952801462245806,0.04891308947791618,-0.020383980589372117,0.10791640048929614,0.19584864063132906,-0.11132938215278211,-0.14329726755914177,-0.3103302345921088,-0.14642166928981526,-0.1964830328299978,-0.1413054211513775,-0.45491845400152753,-0.14331741978908677,-0.48497429583070517,-0.14196641429357365,-0.24748752073160657,0.024969015946459557,-0.04883812318252076,0.15256245679865704,-0.037714898342076045,0.07688196637398911,-0.019973681187691824,-0.025755759003512534,0.36846780580505134,0.3709787736561989,-0.41039411716103447,-0.2396305693206482,0.7622133597193197,0.5312768654415454,0.2733742692297616,0.29990105255097005,0.18910812275932393,-0.23642233431340345,0.43332654874925186,0.2874284343934078,0.5161876817479238,0.5469528820711655,0.4409110420113538,0.1262750819691953,0.20107612907906325,0.05837496448169472,-0.1580785251792037,0.17020371889251404,0.15069071768136502,0.29428905955588514,0.6275069877857334,0.4054036189374535,0.19706422314161173,-0.18362752230348048,0.23227500539072152,-0.16747752522555384,0.3149088212356138,0.08274465310958984,0.009943513299464152,0.025234219292535817,-0.016537322937469647,-0.3474538665075984,-0.025412365005249658,-0.40116278366782676,-0.29069148346610296,-0.31870791962484607,-0.27090924846288866,-0.33171981145573665,-0.38792841121834337,-0.22674039695862547,-0.2675720391839959,-0.34661633983108403,-0.18344373396638206,0.019447304941528305,-0.03539416754160932,-0.22804384319146837,-0.07875209331288553
#101,-0.2543247693073477,0.08442534908700322,-0.336954554706251,-0.4013207771505956,-0.09478037092194437,-0.049165395396827634,0.13264802316700355,-0.1504754918655524,0.13080369108243672,-0.16170270221251332,-0.1668914983787531,-0.1805216606243564,-0.10274050175022117,0.11505754469260795,1.0,0.41129693706257064,-0.24393830999369234,-0.21878913311152445,0.6875993253033414,0.16922915705237362,0.5377642713054414,0.17295167696781488,-0.15401422344389518,-0.31136283485449084,-0.17200935869558645,0.012732581923852784,-0.2587219858813477,-0.6468023449134764,0.5804781318076752,0.2596530189048069,-0.16356799261622296,0.0838804327892903,-0.10336763914610972,0.017548964880708874,0.3918226281329161,0.3373019791505029,0.3721588882417784,0.30967569016349505,-0.0489880557733116,0.03324755200786743,0.277842421653168,0.31233175407024666,-0.36459535329881926,0.18110204484677253,-0.49948309530191065,-0.44789419273189673,-0.23617405884048098,-0.3412155422058228,-0.4272760432305637,-0.5082090108680976,-0.4789850530910498,-0.33545039226315587,-0.3249196429830943,-0.29458650646987344,0.11018473549190586,0.3330127785290081,-0.2935490696723046,-0.021926835313961668,-0.34904186222726474,-0.4266094074639829,-0.44392097907593964,-0.42380824750162727,0.2737200814956179,0.3906924910776002,-0.6036161161413316,-0.3054461401426375,0.2923157531996703,0.37033632056555216,0.7627203898247361,0.4193586351297703,0.1973624761447978,0.057867128287080606,0.3695471592409058,-0.06325422239597922,0.3360533469831104,0.03915054320335817,-0.0278145108146942,-0.2392960423035611,0.5795608023005786,0.2238030079218416,0.07619034184227656,-0.12614449551915166,-0.1554184308264631,-0.08537975869719863,0.07630480650836419,-0.4970551546381365,-0.5696273651160869,-0.23480531938261628,0.2583382874231948,-0.03943348051178603,-0.12554798951277954,-0.4467914627093061,-0.4701317754316104,-0.43432529326532626,-0.36657188401182533,-0.2481025667895281,-0.13633829951453277,-0.45276780802179667,-0.5320096005223458,-0.3906554109745014,-0.43723043873419815,-0.31016498630655975,-0.155814220622583,-0.42734617299077227,-0.08844692809482833,-0.20631167841877543,-0.002644375613383499,-0.3904450216938755,-0.19794608472400513,-0.13010964828313076,-0.17159825320470837
#102,-0.025263238503656624,0.06543227540843533,-0.058665156592902785,-0.16976359419051515,0.08378531426394988,0.21661349836666177,0.03553845750801555,-0.2114400178951802,-0.07126271857612404,-0.21088865288388486,-0.11667455962339512,-0.20274876416449863,0.05701509200500581,0.06112292255699554,0.41129693706257064,1.0,-0.11574272051073811,-0.13654062790318064,0.1527905800416345,0.46608520765865347,0.05393260691261791,0.6122565862525517,-0.26644109603948224,0.2701531367953521,-0.23238060307563332,0.38260257988847757,-0.4126479425580838,-0.32203223147657406,0.19305151111496244,0.29569084867085965,-0.18163486980651844,-0.1810544855841023,-0.06654306632300397,-0.18665519333041797,0.10501528546641328,0.03064630216656624,-0.022803860361168264,0.19776874510048909,-0.35749209528780407,0.07537699784169617,0.04795464942173176,0.283082807528067,-0.21926875618421557,0.1509559210274413,-0.35518184364690875,0.004030849033599813,-0.220396474971938,-0.39102943636228066,-0.23865842574810114,-0.20803429103447443,-0.32257553559589136,-0.09943231168244922,-0.47428313480028134,-0.04073612065543113,-0.3129282600766188,0.5243928636923318,-0.2751508898217132,0.4379897747585259,-0.20902739292616423,-0.0733359799928661,-0.2618367145416476,-0.2700991288190995,0.18948940294988342,0.1800855663683465,-0.40615005753461647,-0.19181658246393254,0.1792714162785683,0.33241546643343817,0.45938902469252735,0.48945534568127635,0.2596852624727189,0.08281800722658966,0.49027352621704356,0.39841966212771274,0.32339532831005413,0.20650191546945626,0.047849051736819935,-0.11199843618695626,0.18429415807006125,0.5034014948924174,-0.0012393621416177808,0.011006744951362593,0.043718650687291805,-0.19790174981812614,0.1806095243469166,-0.267047275116228,-0.3074581387803467,-0.22616162491460493,0.17120246340858847,-0.22108406905766156,-0.16897443286586877,-0.17080828579086418,-0.0035423589797329022,-0.2083535023568033,-0.08380869085068608,-0.10144350423096067,0.15132833423682499,-0.25638835765371615,-0.27676064994972016,-0.20779004600754097,-0.25723313913301077,-0.1712790418823795,-0.24128063390854515,-0.29556751702359624,-0.2738434131428813,-0.18140755265273878,-0.23432247195313397,-0.1889203039762365,-0.05594944208551397,-0.01571591804491126,-0.06824472061956016
#201,0.4930730740010036,0.0410770963861006,0.7998238695102806,0.5569483881238878,0.029348498558107946,0.48646475475743767,0.20964566334087698,0.31104926615654654,-0.1426854458580114,0.5724688295383326,0.45346829953468504,0.29423746984722593,0.2476640542659248,-0.08131142651590112,-0.24393830999369234,-0.11574272051073811,1.0,0.593020879725446,-0.36757143461709757,-0.5656275505166024,-0.06693724394072827,-0.0980434199946395,0.18477861767793916,0.0025581240692188795,0.39353314941064804,-0.23215489810024928,0.14786134459708639,0.46815766298619776,0.0648704312375686,-0.04977076838437557,0.25779901374986647,0.3898598009362726,0.33350529902886406,-0.015165359122813735,-0.15573602997039637,-0.17280658091221085,-0.25178397615588155,-0.2489932953530973,-0.13969888538016173,0.055750338053657325,-0.05185773331748025,-0.38644923754038,-0.13433355567960373,-0.5538175376796319,0.037577057089252214,-0.18990131452995931,0.3302261281722129,0.35830543928838443,0.2652013308532656,0.21925908311384196,0.5415230652347836,0.4323124885384192,0.21048077174979798,0.2874985641536164,-0.007389822720833173,-0.24083244831456824,-0.30037503299927654,-0.44134955453495706,0.0807487762558366,0.08960447218286939,-0.03204244865715616,0.06194513353875173,-0.43603420236466267,-0.47400503402704025,0.5256930855683836,0.2721288614191603,-0.23033313651322088,-0.1668979470923355,-0.14319973076620793,-0.3558549281270719,0.4025436144636585,0.4813662405813515,-0.17348047148157178,-0.10302021470185783,-0.37540662161971533,-0.2808741231260945,-0.18384758465447995,-0.0874497957571495,0.00945179888880604,-0.10775437656053831,-0.1902632485797716,-0.2632385036566221,0.12057200089475902,0.16624985137730416,-0.2207979073924425,0.2789991596520113,0.2650014207322111,0.06775542447649545,-0.17578346831968691,-0.37684468474859084,-0.5300596707528672,0.05471290125608849,-0.20896774232552703,0.2789395090513741,0.2857598297539614,0.6726076784026537,0.2707093383418342,0.7407971819121645,0.5656162652678333,0.5427571877966156,0.6749147056867578,0.6028334035302676,0.26087263186107856,0.49731874580581714,0.19748500170286343,0.44789822317788575,0.14228240125911132,0.12396321814990438,0.22144922746426507,0.06102377358566612,0.4190434542534304
