,#10,#11,#12,#13,#17,#18,#26,#49,#50,#51,#52,#53,#54,#58,#101,#102,#201,#202,#301,#302,#401,#402,#501,#502,#601,#602,#701,#702,#801,#802,#901,#902,#1001,#1002,#1101,#1102,#1201,#1202,#1301,#1302,#1401,#1402,#1501,#1502,#1601,#1602,#1701,#1702,#1801,#1802,#1901,#1902,#2001,#2002,#2101,#2102,#2201,#2202,#2301,#2302,#2401,#2402,#2501,#2502,#2601,#2602,#2701,#2702,#2801,#2802,#2901,#2902,#3001,#3002,#3101,#3102,#3201,#3202,#3301,#3302,#3401,#3402,#3455,#3501,#3502,#3601,#3602,#3701,#3702,#3801,#3802,#3901,#3902,#4001,#4002,#4101,#4102,#4201,#4202,#4301,#4302,#4401,#4402,#4501,#4502,#4601,#4602,#4701,#4702,#4801,#4802
#10,1.0,0.4088125701549505,0.3355035941502107,0.3725603206622829,0.06336546270527565,0.027807256011914,0.2304838751932095,0.3520195557239386,-0.05985575033805366,0.37279247435124935,0.37546627222035256,0.0719785257837706,0.122310735294414,-0.2501661551358966,-0.005448759932530334,-0.03037384401770978,0.20774651719085976,0.15948434474016723,-0.0596026383299444,-0.12170375012847047,0.08688714549708498,0.10273566521503437,0.11093198017826662,-0.013805486646124828,-0.005110202469454257,-0.18039510462030175,0.023024728801365513,0.1514266771189566,-0.03591490116338823,-0.11059261662599275,0.2013518115847109,-0.028149843920979075,0.2287580382207193,-0.0008145531343770845,-0.09259989964189487,-0.11506802385217936,-0.062247416987926796,-0.16566866106569023,0.05068164917788978,-0.12827337709054196,-0.09644413902620394,-0.06679537224191542,0.09925416596973538,-0.13314054366685946,-0.19189638529451478,-0.02405652297454975,-0.13408286193908786,0.03362238348484452,0.07734627375192202,0.19885051680393695,-0.16232500307321507,0.1390298313459876,0.007139128980317317,0.17054308244478794,0.13826646487567082,0.04631345181501059,-0.05142163906147035,-0.07569943352081625,-0.3815135533822495,-0.13569181597789703,-0.020965170900986048,-0.024267718344373395,-0.21552205359284032,-0.12027455398077075,0.18676804581811,0.2893025917782932,-0.2623026340979761,0.11858579711137936,-0.11735892935232749,-0.17023193201443707,0.04163168575418713,-0.027225259611102268,0.03205131563833196,-0.05407609078982635,0.02939525173158036,0.017226529201588802,0.01947148761746231,-0.027659741688716565,-0.04754918655523827,0.027052756522773027,-0.028903537320922247,0.04895984265138859,,0.003504472787436294,-0.08377886555036748,-0.05461375228475907,-0.0768110305245827,-0.21963955721520365,-0.09909214204097755,0.049735300459672366,0.09899621742643933,-0.243270062048716,-0.0313338962522898,-0.2878185815651431,-0.2627169639456454,0.020780576474689807,-0.08850335433867434,0.18402008774280917,0.1877087519119428,0.09532689939805289,0.2749284092031204,0.04736459212894203,0.20022248061859285,0.26768327949329235,0.3510433817054026,0.35073706781023856,0.2219828585132088,-0.07570830050199205,0.07452012502443457,-0.26824754193175243,-0.3372036362683713
#11,0.4088125701549505,1.0,0.43348615441041627,0.257550738276944,0.17372310433010965,0.10870475572474472,0.5685730004453643,0.31419946274154964,0.2651497411446064,0.4716617327290351,0.42277806550683866,0.14312476447081252,0.27435931022947346,-0.041614757881033325,0.0216245518647866,0.21979916287636808,0.399580430572545,0.40254683882044967,0.058471695185430744,-0.05068003699949418,-0.0013312563101670015,0.1836871729041177,0.15952867964604622,0.23814655910749805,0.08906278024194768,0.19786386362582953,0.1179223857015898,0.24399070579154936,0.13575791529211664,0.0821465349248221,0.248623300411307,0.1959969610437243,0.0764087920148804,0.047794237671369526,-0.08087855661668242,-0.014605127130342607,-0.05101698228417466,-0.042157255911152845,-0.1500539072151029,0.1412570557995095,-0.010693982342616122,-0.0056011107909145685,-0.00980002942225572,0.04820373098385202,-0.03228991804088081,-0.02926063483554773,-0.20771185535535436,-0.12650562347976615,-0.002910385048657559,0.10030611237286462,-0.026864131650487785,0.11644804855881327,0.1209960038128019,0.303402704026214,-0.06439403252166868,0.17998158086183028,-0.16841984349778225,-0.25588697017268447,-0.17497012431910652,-0.0419436422737358,-0.10531918109398396,-0.09385014398768296,-0.12083317379484627,0.08515647198940798,0.29779312929872254,0.2588122678715013,-0.025554236704062486,0.1987304095134647,0.09061208368011962,0.07838371054949085,0.1409209166040268,0.05381411180054129,-0.2566624279809682,-0.04479477976635505,-0.2997978731336516,-0.2536275021512506,-0.2551631020730599,-0.07624434981852916,0.19572208462727442,0.3037968816439383,-0.06323084580924303,0.06940468297519461,,0.10454049892890897,-0.04882603184455376,-0.12482250923475938,-0.12710293557533608,-0.18739921365998755,-0.17074460474423797,-0.08193614564419625,0.06777396452804485,-0.1633535728896081,0.036523498507727375,-0.11074335530598138,-0.09336246002301385,0.2549938233415219,0.21094669130612648,0.30764112102824737,0.44924600431660766,-0.08376113158801587,0.2645911213305308,0.2583793979722826,0.18382098371095254,0.19624039998145995,0.3165693649830822,0.2088766542461756,0.1434681584690754,-0.19369960682999376,0.031461258345542226,-0.16194614115024897,-0.13750148622695843
#12,0.3355035941502107,0.43348615441041627,1.0,0.520987942920824,0.00463783419954335,0.17289928116995787,0.2808854083748637,0.17279126521745264,-0.09881162300014308,0.5590014973106849,0.3337648597505557,0.11177756774675902,0.2926655959115156,-0.41689200218450173,-0.10626633590139917,-0.264606437025289,0.5324779383462677,0.8396994899470601,0.07345366901574493,-0.3283826021768439,-0.16886561082416573,-0.1430602773349885,0.408278133016809,-0.005069091920366448,0.19886260814190393,0.00932121243876241,0.29558766925354124,0.38212537508337985,0.17279771393103505,-0.22197318544283517,0.45091380286685623,0.1262839489503711,0.38306688726641047,0.15603347688438465,-0.07332953127928371,-0.16677300326667646,0.03073335979992866,-0.2517654361043321,0.01121229769680164,0.07040020313447784,-0.016914572682040132,-0.17805422158989004,0.04165506234092334,-0.14888588396749042,0.00047357740370760726,-0.3795644297019687,-0.10725460125790219,-0.12104436916466992,0.10378277508297681,0.20457778055430723,0.30014368539950786,0.46283021947793634,0.4455637888610564,0.4187073150579477,0.18445295764202788,0.31014967061180154,-0.1809948349834651,-0.43332654874925186,-0.04071838669307952,-0.08115343303313229,-0.08838808358338893,-0.17408342620152634,-0.526017939515097,-0.22761984027342547,0.5365059660676752,0.2962252858090012,-0.4538326518520907,-0.24380369309765973,0.10853708917160228,-0.16060803308190066,0.32868166126922777,0.1214619233691304,-0.2463581897654885,-0.15814865493941233,-0.36005868329359986,-0.306892264163491,-0.24748671464240876,0.010721389375341329,0.24916418626303094,0.23158821739419574,-0.16754523671816904,-0.18998353562813494,,0.19135388726439523,-0.3787051386171137,-0.10982441362048917,-0.15612698323132945,-0.12429693907779366,-0.3723249426165252,-0.3054453340534397,-0.2658123464651981,-0.1280726608802897,-0.023775197844517485,-0.019854379986417398,0.021666468503072207,0.4774921758967238,0.16565818190611883,0.45539565880662525,0.586659223776407,0.13078918147687632,0.49553728867867874,0.4900687795608023,0.46656563682054236,0.49086438959903106,0.49919612754749376,0.41573848854244966,0.3776169182000834,-0.21229286026645278,0.004317816788016678,-0.13437789058548275,-0.07472406559147803
#13,0.3725603206622829,0.257550738276944,0.520987942920824,1.0,0.021005475360876057,0.0019076100865941322,0.22492911453116846,0.047707180038007106,-0.34744419343722477,0.5946475677266068,0.26293057758306243,0.014875973100803469,0.184012832940029,-0.3657738557060031,-0.03763670768988942,0.006644996302065805,0.3560330738397857,0.368642727160974,0.10450583709340357,0.028287685173802906,-0.14375512622349226,0.10796315366276855,0.13192334897818117,0.11553877994369467,0.02538818232931565,0.028623824369285584,0.086975815308843,0.38521269671095454,0.053698034956058065,-0.038268681620964765,0.2552558023308069,0.09389850933955096,0.24310158940637577,0.15621726522148308,0.12267669979021528,0.02816999615092408,0.16837631468110104,0.021947793633104472,0.09441198815854969,0.2782777098199801,0.0388547084677655,0.15826715005148895,0.09671337281826921,0.16593547659016208,-0.05766318772003716,-0.15048838929271718,0.11096341765698084,0.2756958061194261,-0.011992592040272216,0.2585833385393261,0.15871856000225704,0.32698564959705617,0.12876831585799126,0.24292989240724433,-0.05748907245331232,0.23780800164442195,-0.4025871432803397,-0.20344683740979358,-0.1771239946556286,-0.09718574108818011,-0.20162023928757836,-0.4133298940194227,-0.2972732017661414,-0.1315872097826985,0.373991935077576,0.13841156093127485,-0.41342984907994995,-0.10129518381856545,-0.040421745868289054,-0.19455647964725536,-0.010402178053012455,-0.032777602005549925,-0.363237093000526,-0.353821165081022,-0.43954069037509347,-0.41773275321780734,-0.3792573097176068,-0.24300405261344193,-0.1289214728055733,0.14573568738248732,-0.20513640036838277,0.02000028213121923,,0.01726602757228101,-0.3611759229217509,-0.28207035949563,-0.39317040927163793,-0.08589726796218636,0.00962430197713528,-0.2948621889755211,0.017460295068950856,-0.2745495472801543,-0.09907924461381275,-0.19609046739066913,-0.1279912458713119,0.0423748999945589,0.18612075619227644,0.22579566041880364,0.42504640050944836,-0.04152447589087971,0.19675146053286527,0.12600262382033883,0.2845079732297777,0.3633870255913168,0.41923772175010027,0.30264901062627086,0.2153568053072913,-0.33439844586002665,-0.16611765274886492,-0.12296124927703875,-0.15563365664227574
#17,0.06336546270527565,0.17372310433010965,0.00463783419954335,0.021005475360876057,1.0,0.5344955796083616,0.25855754368499645,0.1757891109440715,0.14854732650441435,-0.06285520824306813,-0.05493135142869234,0.49088212356138267,0.22568038966351822,0.32995931264774103,0.07444999526422597,0.08060045584344136,0.0035947547775899143,-0.02943878054826157,0.03504029438377504,0.08364424865433484,-0.23451915771739723,-0.16176799543753514,-0.07843610634734786,-0.0344268605042491,-0.0927167825755759,0.0768368253789123,-0.21354874723662548,-0.09783786724920046,0.07537538566330057,0.2935587427426782,0.02798781999222124,0.08704675115824942,0.12180370518899769,0.31454205065061475,0.19917859510744162,0.2230460901651072,0.24076796117874424,0.33491434294661876,0.11998597404795827,0.047113898388426174,0.16271111979896136,0.014660747284990821,0.3407681627010437,0.13830435106796743,-0.16195339595302918,0.03129601005999319,0.08988579731290165,0.16299002666140022,-0.10695634825471613,0.011152647096164425,-0.22525880501306872,-0.03148785928906963,-0.3135328269749689,-0.15731032217370014,-0.14792421955451482,-0.16313673489539984,-0.2238368636681492,0.036097883411288875,-0.19481281601215583,0.025717066722018126,-0.20506385234058075,-0.015860208011317493,0.4422322222065483,0.02221219088998293,-0.2567365881871658,-0.11881714471114802,0.337765480439238,0.17381419240946108,0.1620170769996554,0.22801321180195194,0.09688345763900505,0.07212120357178124,-0.047381520002095834,0.11882923604911501,0.09797973894801329,0.031804652343805105,-0.10705710940444114,-0.019208702538979452,0.1960735395175153,0.2962277040765946,0.3258659917013117,0.34589005346386603,,0.2736749405005411,0.5296598505107583,-0.16021707982096758,-0.09616603825296288,0.15510566821771662,0.1943154589771131,0.37809331691598336,0.36242213682155,0.00454674612019193,0.2123178490315846,-0.18478506639152156,-0.1611086144737346,-0.19262347775093053,0.031064662460224535,-0.023202874514079354,0.04614820352946155,0.17111943622121506,0.1254399735602743,0.05411075262533176,0.0375327221833732,0.10161439514089432,0.09231938060106042,0.12906334450438614,0.1417947172944422,-0.06730482061492514,0.1659991576367883,-0.3222184380812659,-0.08573927447941752
#18,0.027807256011914,0.10870475572474472,0.17289928116995787,0.0019076100865941322,0.5344955796083616,1.0,0.12067195595528624,0.32245220394862795,0.11276825137085544,0.061305098715698385,-0.16834971373757363,0.4227393732253443,0.4384258690145358,0.17795023608337382,-0.021254556922996316,-0.09293039621299296,0.1859184278036286,0.1890557269614669,0.0600330899615697,-0.19060503039963886,-0.23029121987493525,-0.13321792822984826,0.049553930390167325,-0.04317131612198548,-0.0538608649740137,-0.013341179268191922,-0.0242870644851206,-0.0003478274888507788,0.16461429639496758,0.2510850968213888,0.4163720746519206,0.060101607543382715,0.2627959606870298,0.2683829649169829,0.11368719305634765,0.13824631264572582,0.22509033237072848,0.09995546357182154,0.09915743526599936,0.02670533207852115,0.20245695987489495,-0.10084457995699514,0.2615755416415603,-0.0167775375184141,-0.07971940035024576,-0.03113318004203755,0.09309000187415739,0.19091537474079195,0.08278818192627105,0.07745187143683384,0.0009016107677395042,0.1810826987060253,-0.06416752145708683,-0.027882222307309416,-0.13523798775953552,-0.11220560111079092,-0.24035927395545953,-0.06435292197258087,-0.12030034883510035,-0.040978753503968984,-0.34973026240218613,-0.14275799388581342,0.13880976899498815,-0.2684982356722683,-0.11161876817479238,-0.1200883473760789,0.07436051936327014,0.004674108213444358,0.04732751202584322,-0.017981834779927573,0.06151065146113743,-0.04038305358679465,0.006678852048373413,0.20519927532581117,0.07648134004268242,0.07827408241859003,-0.09400007657847378,-0.061954000519927534,0.191137049270187,0.3717268244317575,0.2548245446099838,0.15908049405206934,,0.2115004745850152,0.27519683690598784,-0.21129330966118057,-0.15911838024436595,0.21514480384826984,-0.0817096345796144,0.2080093022693426,0.13811250183889098,-0.05981222152137245,0.24359491599542948,-0.15350235680329208,-0.06243362359261864,-0.02967012814803022,0.05213664017991911,0.23857056202554094,0.09931623483796599,0.29324517404473394,0.38479756077408744,0.36842427698837016,0.2886117733357785,0.2825830322254309,0.18335425806542624,0.2997495077817836,0.20313971742543172,-0.19387533427511422,0.1903478879455406,-0.432987185196978,-0.16043794826116484
#26,0.2304838751932095,0.5685730004453643,0.2808854083748637,0.22492911453116846,0.25855754368499645,0.12067195595528624,1.0,0.10799539723068056,0.3499865987670866,0.3778547145134345,0.061535640226269235,0.14599202374738776,0.3511312454279628,0.2705384474319006,0.11323417092718395,0.08748606977105051,0.30362276637721347,0.24458801788711929,0.08820268306789487,-0.08304371220197371,-0.0370893731245831,-0.16240883634978628,-0.0029128033162509597,-0.11901705483220246,-0.12250258452349044,-0.007488971692162596,-0.0714980966218817,0.0406264925245303,0.24437843469569126,0.19188348786734996,0.1872186496796803,0.30310203275543457,0.07235174508235209,0.1412764019402567,0.13092702272970017,0.10225846040993666,0.10988567639952199,0.06639071546461973,0.0023896514268786414,0.05114273219903148,-0.031100936474125544,-0.03450827551322692,0.09698986141311466,0.0361954202042227,-0.029284817511481733,-0.15748524352962276,-0.038163890025250745,-0.02687944734524599,-0.03630666051351912,0.008409525556050405,-0.015565179364922625,0.016039159813229134,-0.14908901844533606,-0.014867106119627667,-0.14074196480211518,-0.11491889735058633,-0.11423613980004957,-0.3311184689141777,-0.09914211957124115,-0.1245097466260129,0.1054932963607088,0.11494711047250934,0.06123255068789637,0.17015212918385483,0.08546036761697866,-0.01946503890387991,0.14955735626925798,0.21604198112542145,0.1589281431936851,0.13665831692605945,0.24692325829314643,0.2136406414051747,-0.12484104928630878,0.020386398856965516,-0.0971293148443341,-0.1028565785947044,-0.04807314453380839,0.025621142107479903,0.34238678981022647,0.27662200260769854,0.03738117741418677,0.09509635788748204,,0.1342061935863513,0.02217511078688412,0.0883179538231803,0.09461189827960413,-0.13318649075113406,-0.048541482357730294,0.059215715515000315,0.06909998125842615,-0.025976627443709783,0.02243305933018018,-0.03458001745183113,-0.07590095582026629,0.08936103324513374,0.049017074984432404,0.03159506915237706,0.13391116493995642,-0.1051023430997757,0.04860274513676311,0.13664300123130124,0.17428091805498738,0.0781346289873706,0.20812779738141923,0.07672316680202247,0.009143872815246371,-0.0052972151633439,0.11018392940270806,0.008286193908786977,-0.027562204895782743
#49,0.3520195557239386,0.31419946274154964,0.17279126521745264,0.047707180038007106,0.1757891109440715,0.32245220394862795,0.10799539723068056,1.0,0.28441043643684394,0.22904097552914718,0.2887608998373715,0.34072302170596686,0.38107987739383303,-0.015645788284702644,0.21643777092154132,-0.019322361115869276,0.34322915302192764,0.11179449561991282,0.0503318064660445,-0.18588860250331,0.20060617907674574,-0.07604605187587032,0.24158049909012683,-0.0609214002575455,0.1222809099940954,-0.16233387005439087,0.042001680695977414,-0.2710503140725037,0.1275221019581922,-0.10275984789096837,0.390669114490864,0.04110289124043021,0.17610509790960918,0.0869983858063814,-0.09926786948609799,-0.0185452911291899,0.08046906330419992,-0.12068968991763783,0.054595212233209664,-0.18691394796291183,0.13789888820147395,-0.0763789667145618,0.11403139314380834,-0.09082247296074547,-0.0772261664614498,-0.174367169599152,-0.12220513760950218,-0.19724962365710577,-0.07187776463404558,-0.19614447536692173,-0.2175775810472308,-0.0600403447643499,0.0023114607746920236,-0.11120846877311209,0.2004433490587901,-0.19551895014942877,-0.10263006753012255,-0.2668183457840527,-0.4778484673221515,-0.3644978165058855,-0.14935099743462113,-0.011184890664076434,0.0005493497883008244,-0.10554407998017021,0.012510907394457734,0.0119224622800636,-0.03891113471161151,-0.11252239416552638,0.06436743157814127,-0.0242846462175272,0.2835640427791537,0.02217511078688412,0.18423128311263282,0.03394562525316239,0.07343835332098674,-0.1139604572944019,-0.059433359598406364,-0.1818355860167707,0.22325970380252427,0.1037368279987022,0.09833441819504538,0.004499186857521719,,0.3211116776126862,0.13199267264919198,-0.01824623203680603,-0.15417302301586183,-0.20055378327888873,-0.22981079071304636,0.1236198241516415,0.09926061468331779,-0.31245589180670785,-0.20274392762931182,-0.3642479288545674,-0.40062592826209187,0.26917776886601386,0.03517652345820327,0.3633709038073608,0.06407482119933981,0.2674245248607985,0.2542876892042489,0.2300848610402984,0.11800541288896323,0.19087184592411074,0.26426949174060854,0.36086154813460886,0.23389846903509107,-0.0631486247110674,0.07029944198475283,-0.5110988406422112,-0.4765522758920888
#50,-0.05985575033805366,0.2651497411446064,-0.09881162300014308,-0.34744419343722477,0.14854732650441435,0.11276825137085544,0.3499865987670866,0.28441043643684394,1.0,-0.08706932165578782,0.03823724414225056,0.22798661085842453,0.1598970624094409,0.34450035568685855,0.26071141402151854,0.18693168192526344,0.012830118716786605,0.009194656434707783,0.03517168692301647,-0.1999621138077034,0.09808694881132071,-0.11622314967262702,0.1518434252342193,-0.021033688482799063,0.043461508233193544,0.05320309618860875,-0.18290204202546032,-0.2954361244843548,0.19737053703677582,0.04209921748891123,0.005745400757320801,0.17872327562406418,-0.1311841651837984,0.00023013846597195212,0.09595081243715023,-0.01509684154100072,0.09979908226744831,-0.0005815933562128317,0.14572923866890491,-0.13541774565064496,0.05526749062417502,0.012923625063731427,0.025759789449501535,-0.01758120844862088,-0.017264415393885412,0.024966597678866154,-0.14939049580531333,-0.20953281085318495,-0.2564020611700788,-0.23478677933106687,-0.2092942084506361,-0.20017008482073584,-0.1933151022826431,-0.18832218579146875,0.008828691938906499,-0.228214734101402,0.055639097744360905,-0.1907573812580231,-0.02454662520681226,-0.09813128371719973,0.001863275180715122,0.08801647646320304,0.1699240059408774,0.2304677534092535,-0.26028660501427786,-0.1536635746428521,0.37740733500865536,0.1801250647390387,0.14319328205262552,0.1108408920989152,0.10953663977687451,0.03250514385669346,0.005269808130618694,0.019245782642078258,0.053890690274332305,-0.10963578874820393,0.02724460575184947,-0.0020938166912859743,0.3718179125111089,0.1756480453344565,0.11717352883683343,0.02855853114426377,,0.19609046739066913,0.18717189650620789,0.02392754870290172,0.11747016966162391,-0.06305914881011158,-0.19706180487401834,0.10976556910904976,-0.042490170749844326,-0.028336050525670918,-0.07610812074410093,-0.046371490237252205,-0.04838348887496146,0.12109998931931813,0.046113541693956143,-0.1351509301261731,-0.14138925442794872,-0.04835043921785165,-0.029209851216086317,0.14940339323247814,-0.10192151512525618,-0.05347716651586081,-0.04700910679271215,-0.18176061972137528,-0.12038579429006717,-0.052436505361500775,0.03955197562386266,-0.0816878701712738,-0.014872748744012268
#51,0.37279247435124935,0.4716617327290351,0.5590014973106849,0.5946475677266068,-0.06285520824306813,0.061305098715698385,0.3778547145134345,0.22904097552914718,-0.08706932165578782,1.0,0.37620948646072433,0.07752844991062487,0.2593636328827966,-0.22670089858793324,0.09535269425238249,-0.005146476483355266,0.7102149638368234,0.43021826880253433,0.18555568766461852,-0.1999911330188242,0.05079691993317521,0.06940871342118363,0.3580700612426268,0.07709235565461496,0.227472325950228,-0.08518549120052879,0.3048851020609686,0.09932187746235059,0.21743651543761575,-0.11442073422634581,0.40999590909732114,0.15545873528635312,0.25282060686425256,0.01156455867624032,0.018031812310191183,-0.13295836750815662,0.1399092746607876,-0.13855343263008768,0.09110218591238213,0.026553787309334713,0.0997982761782505,-0.004159823305247843,-0.04534211433166137,0.01597950921259192,-0.040448346811816464,-0.19061873391600148,-0.015971448320613917,-0.08780447500418159,0.05426390957291379,-0.00759053893108542,0.07579374595695887,0.1298629849886039,0.23117791799251547,0.09476908567317517,0.1629086116524224,0.043468763035973745,-0.17622520520008142,-0.31279606144817956,-0.22273735800234976,-0.30046692716782575,-0.09848515687503401,-0.2529979464877686,-0.33176898289680246,-0.03656944559200198,0.3841107727775617,0.13631895337378558,-0.3025248728898096,-0.06639071546461973,0.11071594827325618,-0.06483738158045879,0.2779077148781898,0.0988873953847363,-0.13750874102973865,-0.2719289512981059,-0.2410460619519853,-0.34017326887306715,-0.1620340048728092,-0.12514333273548384,0.23856975593634314,0.22813734953841316,-0.04179370968294497,-0.13577806752206165,,0.2243116502056535,-0.2949065238814001,-0.10497256273892988,-0.203533895043156,-0.15752312972191937,-0.14387362133556889,-0.1827150293315707,-0.16615312067356813,-0.2317744239988876,-0.17810016867416464,-0.1916884142814823,-0.16496736346360408,0.45358437637916826,0.20128410009209569,0.3576839445168805,0.32486402282844606,-0.002440435046340053,0.24215201633136715,0.3858108148957223,0.25324460978229546,0.3254307035344996,0.3651684827184552,0.3103850486575592,0.15600445767326385,-0.1899520981494207,-0.16631675678072158,-0.12564149585972437,-0.2318405233131072
#52,0.37546627222035256,0.42277806550683866,0.3337648597505557,0.26293057758306243,-0.05493135142869234,-0.16834971373757363,0.061535640226269235,0.2887608998373715,0.03823724414225056,0.37620948646072433,1.0,0.0913496552961068,0.08470506203863988,-0.2521805720411992,0.071081348506619,-0.025084286701744982,0.23590966158360252,0.27053683525350497,0.21755098010370338,0.10099290036939038,0.0035318798201615,0.08944406043250716,0.3425407528470063,0.22729579241590978,0.23012838985697961,0.10725298907950659,0.10027548098334821,0.13706539197094855,0.045184926938090335,-0.13752728108128806,0.04572581278981426,0.022020341660906488,0.031016297108356527,-0.011694339037086148,-0.03524584712921408,-0.09335198086344244,0.021704354695368817,-0.15866213375841104,-0.059095608224528084,-0.08112441382201148,-0.10100579779655518,-0.0007008945574872588,-0.10236567027324409,-0.03658073084077119,-0.1072336429387594,-0.2322854845502929,-0.36964711430143304,-0.2595143715627853,-0.15637606479344973,0.18548394572601432,-0.14867549468686458,0.13758451341433187,0.18413777676568802,0.2667361246858771,0.14205105365934267,0.0543017957652104,-0.23775802411415836,-0.22015384212340017,-0.14959927290754357,-0.1205365329700558,-0.07404856284372147,-0.12291449610356633,-0.19608724303387792,-0.11332122856054637,0.1872484749799989,0.2016887568693914,-0.19528195992527553,0.023104531631947735,0.14905999923421526,-0.06733303373684815,0.16459656243261597,0.0604893364475246,-0.20557330071359045,-0.22211989367683482,-0.3111306811655244,-0.2581496625509096,-0.2635835098332806,-0.09685685669547764,0.08027157145073888,0.18084006585748746,0.03251159257027587,-0.026128978302094017,,0.21967824949669806,-0.14676183893128694,-0.04983525552019959,-0.10310404797842905,-0.277802117193278,-0.20738055269505848,-0.060025835158789495,-0.16128353582965724,-0.16301017889134523,-0.19542947424847296,-0.10803167124458157,-0.07745187143683384,0.20848489489604471,0.1863859595383527,0.053174883066685746,0.11711549041459182,-0.13813426624723157,0.12922214407635277,0.12971305239781308,0.1143522166445328,0.18033384184126894,0.2255820467813866,0.11371056964308386,0.12351261428833407,-0.12111208065728513,-0.13309137222579365,-0.08672028503314035,-0.17756573153602312
#53,0.0719785257837706,0.14312476447081252,0.11177756774675902,0.014875973100803469,0.49088212356138267,0.4227393732253443,0.14599202374738776,0.34072302170596686,0.22798661085842453,0.07752844991062487,0.0913496552961068,1.0,0.5639766798395076,0.037809210778218666,0.2250943628167175,-0.06252793602876126,0.13968276359620574,0.20194751150188525,0.012907503279775424,-0.14683196869149556,-0.034817813765182185,-0.20560554428150246,0.09120455924050276,-0.029275144441108132,-0.13926117894575624,-0.0520777956684797,-0.18079976139759746,-0.11957809291387138,0.09326169887328882,0.10900059046033739,0.2904536871527519,0.27837605270211174,0.3468106073277539,0.36663878941524275,0.18656168698347317,-0.007522021349272404,0.2539217247084476,0.0772559917617684,0.2326716012760392,0.004263002722566266,0.1796986435534024,0.037801955975438464,0.28242503874266206,-0.03461226101974314,-0.17646461369182806,-0.13741604077199163,0.014777630218671848,0.018818555367244163,-0.16160355324118392,-0.0003502457564441793,-0.16568236458205282,0.13768446847485907,-0.17093484179491883,-0.001774605368957102,0.018599299105442512,-0.15510969866370564,-0.24220602430761975,-0.1942259830761573,-0.28443058866678894,-0.2004320638100209,-0.1775310697005177,-0.015589362040856631,0.19758012022820384,-0.1735772021853078,-0.17385933340453788,-0.024996422979184762,-0.0812195323473519,-0.16756377676971845,0.0905161590655814,0.08004102994016803,0.23162529749729457,-0.017019364277754155,0.10134677352722465,0.03786080048687788,0.008487716208237022,-0.1382318030401654,-0.15855008735991682,-0.20715081727368542,0.22005791750886194,0.29041660704965305,0.32257069906070457,0.0957718606352386,,0.5217206780016242,0.34893868280994633,0.008865772042005308,-0.08638092148086647,0.04330432083962251,-0.08186601588398765,0.30216293883999734,0.051856121139084645,-0.0679924147006487,0.033104068130659,-0.19106369515318716,-0.22222468527254882,0.00940182135854243,0.07484820332793925,0.07969844203110295,-0.015438623360867997,0.08863877732390478,0.10762620837808808,0.15748766179721618,0.20810200252708963,0.3410043468359991,0.2612909921547369,0.24267274995314606,0.21003016788822768,-0.0803408951217497,0.1130149146653823,-0.4160133649588995,-0.3087954407594972
#54,0.122310735294414,0.27435931022947346,0.2926655959115156,0.184012832940029,0.22568038966351822,0.4384258690145358,0.3511312454279628,0.38107987739383303,0.1598970624094409,0.2593636328827966,0.08470506203863988,0.5639766798395076,1.0,-0.02582105222853435,-0.001779441904143903,-0.21915670978572133,0.27259397488629106,0.3413654747966136,0.07511260058481771,-0.26559067193580305,-0.09637723362278652,-0.1611787442339432,0.19847810359455326,-0.04406285077475248,0.03337894454710886,-0.11117300084840888,0.11429337213309339,0.06173958079331268,0.40762600685578865,0.23291181585698364,0.34501464059505504,0.32075941663324753,0.07582598952487088,0.1443580809434468,0.0931569072775748,0.12619366696021747,0.19681514157949148,-0.0278185412606832,0.2555975841506742,0.020165530416768267,0.21492635367566598,-0.06143407298734641,0.30451671929757385,-0.03858789294329364,0.07387364148779883,-0.22051174572722346,-0.13242796081600408,-0.11764428492834875,-0.09813370198479313,0.11242888781858157,0.007937157286139498,0.2834334563291101,-0.013167064001467083,0.18880180886415987,0.13704120929501454,0.030793816489763676,-0.23254020873679776,-0.3124865231962243,-0.14425570761532616,-0.06496474367371122,-0.1827593642374497,-0.05647098179649069,-0.13838495998774744,-0.22841303204406083,0.16784026536456392,0.16024529294289058,-0.14022687380472088,-0.1536676050888411,-0.03673146952075982,-0.11905574711369686,0.21530843995542326,-0.09940329247132841,0.030448004223907397,0.10707161901000155,-0.1408096762947304,-0.18372022256122753,-0.14144326240420133,-0.13280440447137679,0.25452951596358897,0.2551832543030049,-0.008280551284402375,0.18837941812451256,,0.11780147232191979,0.03628650828357412,-0.020988547487722255,-0.12537790469204368,-0.07567686302327783,-0.10294121796047341,0.0640570872369882,0.20075127513234978,-0.1094786013546329,0.20801091444773823,-0.10497981754171008,-0.08140735113043934,0.23817477222942104,0.0220687070127745,0.15201351005495514,0.12401238959097019,-0.04843427249442287,0.13585383990665487,0.16099656807524038,0.26104997148459463,0.13347507068394654,0.23724776965195082,0.11230394399292254,0.04994568974029821,-0.15216021828895476,0.20197250026701705,-0.3355414803425073,-0.20329045610542035
#58,-0.2501661551358966,-0.041614757881033325,-0.41689200218450173,-0.3657738557060031,0.32995931264774103,0.17795023608337382,0.2705384474319006,-0.015645788284702644,0.34450035568685855,-0.22670089858793324,-0.2521805720411992,0.037809210778218666,-0.02582105222853435,1.0,0.10470574721445802,0.05707635478403863,-0.11771119033176616,-0.343893370520915,0.0719777196945728,0.03296783905623077,0.03288481186885735,-0.1912587687390548,-0.197426157191424,-0.13886458306043856,-0.11207743292834069,0.040821566110397944,-0.09119569225932696,-0.27294623586572975,0.09455627812495591,0.2915701206917051,-0.15693549069672305,0.12720530890345672,-0.15316944196460058,0.057865516108685004,0.15606410827390105,0.23459009356680363,0.06245780626855265,0.20658333047843408,-0.0693095644498542,-0.1598124230436719,-0.00569461713785939,-0.10170467713104793,0.08046906330419992,0.04099326310952939,0.09145444689182082,0.12447750305810089,0.09698905532391687,0.012044987838129228,-0.07808948799229379,-0.348330891554805,-0.1473865580595821,-0.2958980135946943,-0.32743786563702204,-0.3319326190039559,-0.2260890768868029,-0.3699115115583115,-0.048992086219300596,-0.045501719992825804,0.06112856518138014,-0.019171622435880643,0.1364979051756972,0.20066260532059174,0.5300548342176804,0.4003051047613674,-0.23163497056766816,-0.24871841893664742,0.7515544422568079,0.4162358455774924,0.19010364291860715,0.1893185120399498,0.07820556483677701,0.23197836456593104,0.12002547241865048,0.1284249218597284,0.24878935478605385,0.20672923262323592,0.18228699596753878,0.09860607025470404,0.16610314314330452,0.0361986445610139,0.11868655826110439,0.1585105889892246,,-0.02305777845847532,0.40016726350854354,0.1310664761609196,0.23063300169480253,0.037913196284734885,0.15039407685657458,0.34186686227764534,0.23920495422420968,0.15970279491277106,0.15119210516239676,0.10037301777628203,0.026864131650487785,-0.14292243608216468,-0.09629501252461091,-0.215023084379402,-0.20472448878830687,0.011058334660021804,-0.08837518615622411,-0.08984871720980285,-0.11396529382958871,-0.2615578076792087,-0.17545861437297344,-0.16743883294405942,-0.10379970295613061,0.17513537260465556,0.06603039359320306,0.16250556705352232,0.1523061204337566
#101,-0.005448759932530334,0.0216245518647866,-0.10626633590139917,-0.03763670768988942,0.07444999526422597,-0.021254556922996316,0.11323417092718395,0.21643777092154132,0.26071141402151854,0.09535269425238249,0.071081348506619,0.2250943628167175,-0.001779441904143903,0.10470574721445802,1.0,0.2958569030456065,0.12460083470536432,-0.07077100416546593,0.43342569772058126,0.1726292412886948,0.7001162783667827,0.08218522720631652,0.44921456683789346,0.13442625593735075,0.20996245639561245,-0.07874725677769874,-0.18117942940976134,-0.4816644935845376,0.3363717522162415,-0.09384450136329836,-0.023049717566497322,0.09069994740267984,-0.04735491905856842,0.04570163011388025,0.2829852707351332,-0.18787400019749184,0.38901904990296704,0.011024478913714197,0.3483744203714862,-0.018967681868837197,0.43248096118075946,0.19579866310106545,0.19814035222067497,0.08217636022514072,-0.4175594440402803,-0.039930837546828746,0.09194777348087453,0.003152211807997614,-0.24220441212922417,-0.3001944690189693,-0.40602914415494645,-0.35925984889857987,-0.25663018441305624,-0.1501063030129599,0.30387265402853153,-0.20941431574110833,-0.0406176255433545,-0.17538122980998463,-0.5889936580932363,-0.5327882826874207,-0.07791698490396455,-0.08779963846899479,0.25450855764444613,0.06954252422801845,-0.3509950163535346,0.029339631576932146,0.18597969058266142,-0.09262005187183987,0.485362024734847,0.40907374305503774,0.29071486005283914,0.3249196429830943,0.23822716802727806,-0.15198529693303212,0.18356948388123887,-0.16529141132111974,-0.04030566902380583,-0.34624634488929373,0.37327290351313824,0.15957059628433184,0.24116697533165532,-0.007721125381129049,,0.175307069603787,0.16047905881025265,-0.10667341094628827,-0.1810028958754431,0.2234555834775897,0.10265344411685876,0.15175636760085687,-0.10630019164770678,-0.43215127069885917,-0.5376933354560349,-0.46589980714315943,-0.6004691439131197,0.04139469553003387,0.16881321502630875,-0.12965985051075826,-0.13177905901177495,-0.0635750458967037,-0.19059777559685867,-0.16495285385804367,-0.04317373438957888,-0.11866398776356597,0.1827247024019443,-0.024077481293692554,0.0013892947324086148,-0.03251723519466047,-0.04660606219381205,-0.39320507110714337,-0.5227645635127756
#102,-0.03037384401770978,0.21979916287636808,-0.264606437025289,0.006644996302065805,0.08060045584344136,-0.09293039621299296,0.08748606977105051,-0.019322361115869276,0.18693168192526344,-0.005146476483355266,-0.025084286701744982,-0.06252793602876126,-0.21915670978572133,0.05707635478403863,0.2958569030456065,1.0,-0.01963351154622015,-0.16653762522091883,0.10439782114089835,0.40548342176803576,0.14022445553712745,0.5786080048687787,-0.05503050040002176,0.44842137506725804,-0.061486468785203426,0.322710152491924,-0.3107566557777451,-0.06503406734472203,-0.03829125211850317,0.13826888314326422,-0.09923643200738377,0.043280944252886304,-0.06428682265836126,-0.04742988535396384,0.034605812306160735,0.057823599470399396,0.03394240089637119,0.18673338398260458,-0.0088375589200823,0.3309564449854199,0.1363286264441592,0.27743615269747673,-0.020964364811788247,0.2698218341350562,-0.024389437813241224,0.33789123035409485,0.08435038279160781,0.1306650437404151,-0.23567186527025147,-0.09326169887328882,-0.1814865493941232,-0.1762002164349496,-0.17227536813086053,-0.005934025629606044,-0.20685981907327955,0.19943573756153987,-0.1907686665067923,0.22046579864294882,-0.1298428327586589,0.015868268903295495,-0.3023144836091838,-0.36577143743840973,0.3090888572274965,0.38645084971877564,-0.3215139161223885,-0.04928066615211306,0.21945254452131402,0.190281788631321,0.15217795225130637,0.3612984484798165,-0.12989603464571373,0.04622478200325257,-0.04576934160649547,-0.3514835064074015,-0.04373799682803901,-0.22347170526154572,-0.2674898180858203,-0.4319239535450795,-0.018089044643235,0.2243060075812689,-0.03732555725953855,0.14299901455595568,,-0.08222311339861313,0.017642471227653694,-0.4082966730683584,-0.41575380423720787,-0.04913798836410243,0.3041217355906518,-0.0494547814188379,-0.03345471693170208,-0.3821874439516105,-0.24969620513357907,-0.26422918728071854,-0.2189874310541833,-0.12004401247019988,0.2675228677429301,-0.055950248174711774,0.019618195851461944,-0.2427477162485415,-0.16876162531764952,-0.026245861235775044,-0.19801782666260936,-0.051825489749568236,-0.03380536573274516,-0.1227226468744899,-0.14228401343750693,-0.32568059118581766,-0.3153231510832831,-0.15664046205032817,-0.20929662671822952
#201,0.20774651719085976,0.399580430572545,0.5324779383462677,0.3560330738397857,0.0035947547775899143,0.1859184278036286,0.30362276637721347,0.34322915302192764,0.012830118716786605,0.7102149638368234,0.23590966158360252,0.13968276359620574,0.27259397488629106,-0.11771119033176616,0.12460083470536432,-0.01963351154622015,1.0,0.5161820391235392,0.16768872059537748,-0.33751236843112875,0.09483679716579038,-0.13164605429413792,0.3351577818843544,-0.03514427989029126,0.19175935013088874,-0.09871972883159386,0.36036822154555515,0.05610501730068941,0.2702160117527805,-0.09265310152894969,0.6673560072789855,0.2826418767368703,0.393206683285539,0.1580124258649841,-0.016628411016821068,-0.11838991743631391,0.1218230513297449,-0.12430177561298045,0.015071852775868914,0.05015688511012186,0.12902384613369391,-0.02336328626444159,-0.09647557650491816,-0.012254571029557276,0.058647422630551185,-0.28509077571978725,0.0291348849206909,-0.13312361579370566,0.23238463352162234,-0.04131166834266046,0.22004502008169713,0.17807598599823063,0.41608430080830594,0.043699304546544596,0.1359965176946655,0.004032461211995414,-0.1426088673842204,-0.5198408779923542,-0.13039339168075642,-0.3261376437609704,-0.15226420379547098,-0.1925243287796011,-0.312140710930368,-0.10309921144324226,0.2981437780997656,-0.013277498221565707,-0.2670601725433928,-0.18119555119371733,0.18173966140223247,-0.04565568302960564,0.40601302237099046,0.10294363622806682,-0.11593618191821016,-0.1408129006515216,-0.23059189114571474,-0.3953331465893358,-0.2556757748028608,-0.25722991477621954,0.3196961849813491,0.23637477505073323,-0.016846861189424914,-0.21087494936752227,,0.3049302430560454,-0.24739240220626613,-0.0816451474437904,-0.24336518057405643,-0.16007520812215476,-0.2591258365694456,-0.19611626224499873,-0.25176624219352994,-0.1880714920509529,-0.20344925567738698,-0.15088820953482607,-0.17292346384589186,0.6740731485642544,0.15754328195186437,0.5850671976107517,0.3054767715321539,0.29763110536996473,0.37766770181954484,0.6643267240736523,0.3807131068088339,0.36436400569905064,0.37712439770022754,0.37161880847925227,0.28841911801750425,-0.24736499517354094,-0.1417640859049258,-0.19489020057514464,-0.23159950264296494
