,#10,#11,#12,#13,#17,#18,#26,#49,#50,#51,#52,#53,#54,#58,#101,#102,#201,#202,#301,#302,#401,#402,#501,#502,#601,#602,#701,#702,#801,#802,#901,#902,#1001,#1002,#1101,#1102,#1201,#1202,#1301,#1302,#1401,#1402,#1501,#1502,#1601,#1602,#1701,#1702,#1801,#1802,#1901,#1902,#2001,#2002,#2101,#2102,#2201,#2202,#2301,#2302,#2401,#2402,#2501,#2502,#2601,#2602,#2701,#2702,#2801,#2802,#2901,#2902,#3001,#3002,#3101,#3102,#3201,#3202,#3301,#3302,#3401,#3402,#3455,#3501,#3502,#3601,#3602,#3701,#3702,#3801,#3802,#3901,#3902,#4001,#4002,#4101,#4102,#4201,#4202,#4301,#4302,#4401,#4402,#4501,#4502,#4601,#4602,#4701,#4702,#4801,#4802
#10,1.0,0.35383164424059343,0.00392928179467699,0.06008467967022891,0.25810049110984373,0.4702373731165222,0.36747309173496595,0.682784554524881,0.22750940605332684,0.45759225187063074,0.5310293960578207,0.34722413108622535,0.5289964391009687,0.01863960356533252,0.29996473359759623,0.022350032142806762,0.28986604812755556,-0.12075417705346185,0.2635004826459072,0.08552324257440708,0.2999026647293656,0.10479844747220504,-0.014249641794112727,-0.04090701156536476,0.07022689395695081,0.08903376103082687,-0.022992485233453507,-0.06366290961926392,0.48139929023846134,0.21205667613149734,0.07659741688716565,-0.31100009471548073,0.15566025758580315,0.16435392958407813,0.4246191732346143,0.18811743913522752,0.16151810778621709,0.06674781297924522,0.2894259234255567,0.07708751911942816,0.2886319255657235,0.15511534128809024,0.38349572671964016,0.11128504724690311,-0.3026957637997433,-0.19087829463769312,0.06436662548894348,0.005553551528244358,-0.06817781521614275,-0.29906836240964246,0.07156742029289251,-0.1222954195996558,0.10037624213307324,0.022673273911124635,0.17648718418936649,0.15429635466312525,-0.19966789125050632,-0.24481130459490996,-0.1349993853569867,-0.163874306511387,-0.13738460329327742,-0.17866846155861377,0.05492490271510994,0.004279930595720069,0.021748689601247827,0.11287304296656947,-0.06633993184515832,-0.0045725409745215355,0.35486746885976667,0.09701001364305967,0.30278443361150126,0.18115847109061853,0.2556169302914214,0.06733787027203496,0.1275890073616096,-0.0754962990429706,-0.016106065216646547,-0.1788482194497232,0.30425796466508004,0.2692986822456839,-0.3347474824826741,-0.16434506260290233,0.49776693139979405,-0.0015819500506828582,0.32234902453130954,0.027435648891728115,-0.12062117233582483,0.0018431229507701176,0.08893864250548644,-0.1546002502906959,0.11637550053101126,-0.16053064851891186,-0.15118968689480333,-0.17639770828841064,-0.2804235192645242,-0.05557783496532809,-0.12386890571376176,-0.048461679527148076,0.18870507816042384,0.1919342714868114,0.11384115609312749,-0.09748883062655297,-0.138225354326583,-0.11773779127529357,0.13212487127763123,0.25497447720077465,0.2451079454197004,-0.10612043375659734,-0.2087646078476814,0.06726129179824393,-0.05622834894795284
#11,0.35383164424059343,1.0,0.3234001648452409,0.14593076096835494,-0.05859583292189197,0.17552229541959966,0.2468668320493004,0.08048276682056253,0.1775649254468253,0.4039607192733912,0.3799844021740226,-0.009455023245597242,0.059490591931450176,0.04638519375361481,0.19319015845698406,-0.11961759128456359,0.11034111679627909,0.12895049201669412,0.09293684492657535,-0.31192709729295093,0.08555064960713228,-0.2237683460863362,0.2334655991358724,-0.3310709096515075,0.2720950056728527,-0.06228852753701461,0.16434828695969353,0.0017004451627594852,0.10120490182841183,-0.16353171860232193,-0.09510522486865784,-0.11426596510036818,0.025414783272843057,0.022897366708113088,0.028324765276901715,0.03786563702206468,-0.13173875455188494,-0.23604589065803078,0.100252104396612,-0.08588195226742815,0.16117955032314102,-0.17365297456990103,0.06990848872381973,-0.16499396440713146,-0.20063197393107535,-0.41606173031076754,0.21664654802377156,0.12869093129500245,0.19747935907847883,0.09872859581276966,0.09597177075629304,-0.00830150960354518,0.29040935224687286,0.010560171535781293,0.2504128184304234,0.05594138119353597,-0.03861449388682105,-0.316505683936456,-0.139165254331218,0.010939033458747378,-0.12795335967901528,-0.032866271817307946,-0.14028330004856687,0.12117495561471354,0.1673944980381804,0.08451321280956345,0.23341159115961976,0.0878544525344452,0.1307101847354919,0.14548660582036704,0.21534874441531326,0.3222934043766613,-0.0966730683583792,-0.23764033509127952,-0.12741892254087375,-0.12957521114498924,-0.10513216840009432,0.020538749715349754,0.20147594932117213,-0.03551991745646615,-0.11098598815451924,-0.13403691485481325,0.05026812541941829,-0.14728740908825266,-0.25234340205915484,-0.20232717951404913,-0.13091009485654634,-0.1117275902164954,-0.14338996781688879,-0.3113483252489304,-0.21667717941328798,-0.248454021679769,-0.3518349612976424,-0.0715166366734311,-0.13262625875866293,0.19978235591659396,0.028589968622977975,0.27419164367633103,0.22068989143993728,0.22628656874026395,0.30449334271083767,-0.04304556620712865,-0.11090215487794802,-0.0119184318340746,0.2996648684160146,0.2897265946963361,0.32478583217625945,-0.11902430963498266,0.043773464752742214,-0.09197921095958873,-0.044797198033948445
#12,0.00392928179467699,0.3234001648452409,1.0,0.48599641693351575,-0.2799293865862727,0.0022147300709560017,0.15510405603932104,-0.3117731342561711,-0.11251675154114178,0.5454156699709606,0.29027392926164247,-0.30044677493788075,-0.28023973092742577,-0.08111715901923128,0.05382378487091489,-0.19081945012625373,0.5236802808414766,0.6758666970293598,-0.2662943878054826,-0.671690348895557,-0.16226051593739105,-0.29650499876063785,0.5799944782889951,-0.002362244394153435,0.5606588167013621,0.04247485505508612,0.4330186226756922,0.43172726778081627,0.0732787476598223,-0.5913587237995821,0.17915211507729387,-0.0490259419656082,0.21578322649292758,-0.11368961132394105,-0.5570588223439865,-0.5077366425981867,-0.5490342043798857,-0.6235531202705236,-0.19806861028207076,-0.27071901141220783,-0.023558359850309237,-0.6209825018187387,-0.3704411121612662,-0.6509238789818287,-0.202614147268466,-0.3541347337789663,0.15213200516703176,0.12955102846905525,0.10813404457270219,0.3223482184421117,-0.05858293549472717,0.30406047281161896,0.2239456857098522,0.4158884211332405,0.36450345913027005,-0.09209125735808296,-0.174355078261185,-0.5481555671542835,-0.03301217396210978,0.26024710664358564,-0.0003454092212573782,0.0865340784284485,-0.5473801093459997,0.04213710368120784,0.5688011236883417,0.001858438645528321,-0.1903067773964528,-0.07443306739107215,-0.06793195801081368,-0.07703028678638435,0.40235418350217544,0.27339764581649784,-0.07953641810234512,-0.33893511586524605,-0.6099036118841731,-0.4373191085459561,-0.4128075482192482,-0.0033222966287334526,-0.05163605878808519,-0.3712754144809894,-0.01571188759892226,-0.4445618199881908,-0.2721377284003361,-0.14058074696255515,-0.4560840589815466,-0.10885307613713996,0.06660110474524558,-0.24028914419525094,-0.3153844138623159,-0.39347269272081303,-0.6086001656513301,-0.2835060043569121,-0.3856955441404369,0.17959304586849056,0.08795360150577462,0.72460607428515,0.3443971762695401,0.8042896036660937,0.6792385681437579,0.4327429401700445,0.5938624368479494,0.23770965876229033,-0.05313296642840013,0.4560477849676456,0.4833476078295444,0.50737632072677,0.46296886681995797,-0.03174097129717889,0.07366728265316198,0.2499130431277873,0.2694236260713429
#13,0.06008467967022891,0.14593076096835494,0.48599641693351575,1.0,-0.06160173954048885,0.055119976300977584,0.03744485846081298,-0.2791241034776703,-0.3034647728944446,0.40732775385260256,0.2664757578749877,-0.12907221148556194,-0.17058499908307354,-0.2433321309169466,0.16224761851022626,0.2494406748578764,0.21928971450335838,0.2859234658611149,-0.027041471274003824,-0.14538584467064203,-0.13536534985278795,0.09790074220662888,0.2986282377076435,0.12366012861153151,0.4070698053093065,0.2697750809615838,0.16328424921859727,0.34268584890261033,-0.0551876877935928,-0.2640711937979497,0.048199700537863016,-0.004824040804235192,0.0658071068854124,0.01637932945470081,-0.24629773307565347,-0.17502735665215036,-0.22323552112659026,-0.2550051085902911,-0.043824248372203625,-0.0966891901423352,-0.057959022455629824,-0.23384687932643186,-0.2728575660539717,-0.3459666319376571,-0.3893027933005927,-0.14189789671176065,0.047924824121413155,0.22881043401857631,-0.019535974753286323,0.12922214407635277,-0.198184687126554,0.057099731370774835,-0.04352035274463296,0.1716748316784994,0.042570779669624345,-0.09868748526368186,-0.3193036195420204,-0.36359016006916245,-0.10884259697756855,-0.053053163597817914,-0.06383783097518655,0.004002635911676807,-0.1495807328559942,0.09585569391180981,0.3889352166263958,0.1717175544059828,-0.026517513295433705,-0.2181095999177789,0.07613230342003495,0.14459990770278686,0.31182472396483035,0.2732807628828168,-0.13491635816961325,-0.2581416016589316,-0.28543416971805013,-0.21988783268812612,-0.2419045469476425,-0.1086676756216459,-0.03923921301511619,-0.025097184128909784,-0.06699205800617868,-0.22723775399366816,-0.27224493826364354,-0.04349294571190775,-0.1806127487037078,-0.258260902860206,-0.11704455456518541,-0.0830114686340617,-0.07306110357641625,-0.2675680087380069,-0.32032574064483105,-0.2843153179115035,-0.2731719408411138,-0.07966942281998214,-0.027932199837573026,0.3001646437186507,0.39750636306660514,0.34330653758491647,0.32674624110530953,0.2659050467229451,0.3205216203198965,-0.03186349685524452,-0.15087450601846347,0.19874491911902512,0.35862948714590015,0.24046970817555816,0.2640518476572025,-0.15835581986324695,0.04085139141071655,0.11487375635550952,0.1403163497056767
#17,0.25810049110984373,-0.05859583292189197,-0.2799293865862727,-0.06160173954048885,1.0,0.42087811326762364,0.03272440011849511,0.25415146012982065,0.13007095600163637,0.02839650721550593,-0.13100118293589777,0.7385232042851702,0.41969154996846175,0.14424925890174378,-0.15195788990030693,-0.17945439852646894,-0.027102734053036637,-0.27966982586458106,-0.10528693752607195,0.1809367965612235,0.06682036100704723,0.00931153936838881,-0.48572234660626373,-0.20860016565133016,-0.45335383486859737,-0.2666305270009653,-0.4044443727920713,-0.2604067123047501,-0.059987948966492885,0.3567658089205861,0.09527369751099808,0.2303911749354625,0.143542318675273,0.3142405732906375,0.36691930845607723,0.16143749886643707,0.4659360811570604,0.28135697055557685,0.15287683158579912,0.03648964276141976,0.06571843707365438,0.11887679531178523,0.2841742523018885,0.21699800291401244,0.07427104346231432,0.14380994028894267,0.10712723916464977,0.1553644228502105,-0.10234471195410128,-0.3229850289083739,-0.013874004227937843,-0.11589668354751795,-0.15523867293535365,-0.2513325662051134,-0.2282292437069624,0.013836924124839034,-0.04771524092998511,0.22731916900264598,-0.16259504295447813,-0.25632064616110095,0.18257880025714246,0.2137099650761855,0.4143689429953872,0.24130320440608355,-0.41133885370085627,0.014545476529705394,0.08804065913913704,0.15025139906856394,-0.024745729238668905,0.12072999437752785,-0.22359745517640253,-0.013036477551423453,-0.08184022102965803,0.27415536966243,0.4744346795694678,0.316759602033763,0.3564208027439276,-0.008413556002039406,0.021024015412425462,-0.01430445585956314,0.30087964483709945,0.5574126955018207,0.13886780741722976,0.3647009509837311,0.5581027078551377,0.24607041592187384,0.19791303506689534,0.4758340504168489,0.08336856614868718,0.5353347184632715,0.6048945736090428,0.289069632000129,0.24498864421842598,-0.1483377433129863,-0.16006956549777016,-0.43878054826156787,-0.2970023557956806,-0.30626432067840464,-0.06864292868327344,-0.09516568155849285,-0.10344179935230732,0.09329394244120083,0.29201588801808864,-0.03221414565628759,0.1156887125344855,-0.08311303587298452,0.03370460458302013,0.12025117739403454,0.009791968530277717,-0.15215618784296575,-0.25927335089264303
#18,0.4702373731165222,0.17552229541959966,0.0022147300709560017,0.055119976300977584,0.42087811326762364,1.0,0.4640804638237244,0.46290679795172734,0.15952948573524403,0.450854152266219,0.2749606527710324,0.39142603224759837,0.6826934664455295,0.2654004348851222,0.029818448560425453,-0.2124057127541448,0.29437853545684095,0.11145271380004554,0.0033126235583598503,-0.07307883753876786,0.014735713580386238,-0.06407965773452662,-0.12636617004854672,-0.14118370168250968,-0.10474282731755682,-0.11017909286752126,-0.10764474842963748,0.034095557843953225,0.39622306906370724,0.26698601233719516,0.37591365172513164,-0.03788014662762508,0.16382352289192562,0.24701757072928904,0.3810814895722286,0.1231434254357416,0.1990729974225298,0.06338239057842945,0.11354854571432602,0.02636274416945607,0.21735510042863793,-0.02596534219494058,0.30274574133000687,0.028996237578669266,-0.22361196478196294,-0.022182365589664323,0.06789890835370388,0.2114835467118614,-0.08305096700475391,-0.21396871970867937,-0.04335994099427072,-0.004132416272522636,0.028856784147449837,-0.014431817952815569,0.05097184128909785,0.06674942515764082,-0.19624120607065776,-0.06896052782720671,-0.28363336645016457,-0.19542624989168175,0.11985458150871685,0.1846206241951703,0.22671379601509806,0.16883417334545153,0.039924388833246345,-0.007498644762536199,0.04848263784629088,0.09983132583536031,0.25715091803483514,0.11287949168015186,0.3240410057574921,0.2606243563881561,0.30042420444034235,0.3006362058993638,0.22042065764787203,0.18047007091569717,0.1721729948027399,0.07395666867517225,0.19148124935764768,0.11161796208559459,0.08634222919937205,0.2149126501593034,0.3614306471082558,0.10789705434854893,0.33635240607549427,0.30846736245599254,0.2348488481992975,0.14448463694750144,0.00684006988793345,0.14160528633295918,0.2797988001362291,0.012265856278326479,0.034194706815282645,-0.09500607589732842,-0.22018447351291656,-0.037782609834691255,-0.1240663975672228,0.022845776999453875,0.1805184362675652,0.21789518019116405,0.23454898301771582,0.30916946614727653,0.19784935402026912,-0.1421550391658589,0.2361756710188766,0.22199011331598897,0.2930799257591849,0.09776612531059624,0.05095330123754844,-0.08566108382723091,-0.1902124649603102
#26,0.36747309173496595,0.2468668320493004,0.15510405603932104,0.03744485846081298,0.03272440011849511,0.4640804638237244,1.0,0.478907668528061,0.2480969241651435,0.41824865030439945,0.24284605913067311,0.010410238944990458,0.5653696019733063,0.3536857420957916,0.21778797032785663,0.014522099942969189,0.308538298305399,0.24053983793576678,0.08862749207513558,-0.169126783724253,0.10827511018231722,-0.1443621113894358,0.17780755829536318,-0.030003849075919495,0.040166215592586395,-0.09439102983940688,0.11283757504186626,0.15154678440942881,0.5016014977137295,-0.15751426274074357,0.360639067516016,-0.23986433518801023,0.3149064029680204,0.012310191184205488,0.1430449616402303,-0.03085588535799429,-0.13139294228602866,-0.19587201721806527,-0.013082424635698062,-0.06527025147967748,0.19542624989168175,-0.17222861495738812,0.22673072388825186,-0.1394054689121625,-0.2736136777215083,-0.30892280285274965,0.03279372378950593,0.056612853495303525,-0.008999582848840138,-0.21558815290705993,0.0014223443895184222,0.14958153894519197,0.1638154619999476,0.2366278870588425,0.284656293642173,0.0002994621369827678,-0.1771094850500682,-0.40246461772227404,-0.23075552725286816,-0.054584733073638265,-0.17473232800575547,-0.16508424639728508,-0.18923387267418076,-0.001968066776429146,0.2344175904784744,0.034768642324116375,0.06929586093349159,0.3006611946644956,0.3142421854690331,0.025101214574898785,0.509199694492194,0.20819067233884767,0.43694347097978126,0.24131852010084176,-0.091356910098887,-0.16529947221309774,-0.20411266708717654,-0.15695886728345926,0.22813251300322637,0.1161086850065394,-0.17690635057222256,-0.2785695141095838,0.5135114656112272,-0.06452542506091012,0.1095116510117427,0.08417787970327857,0.0154491025204394,-0.059146391843989496,-0.08111232248404447,-0.13812862362284697,-0.06239412522192643,-0.17367796333503283,-0.13607148399006092,-0.050583306295758156,-0.1907291681361001,0.15604637431154944,-0.11689865242038358,0.06410625867805402,0.282982046378342,0.299764017387344,0.39798598613929626,0.3134433510740131,0.084317333134498,-0.02851419623838476,0.32327360884118633,0.2838880906366694,0.4573488129328951,-0.11840200877428092,-0.14673846234455074,-0.0401621851465974,-0.06980208494971012
#49,0.682784554524881,0.08048276682056253,-0.3117731342561711,-0.2791241034776703,0.25415146012982065,0.46290679795172734,0.478907668528061,1.0,0.42638853902378565,0.2591411522642038,0.2974997128307233,0.3189715107925267,0.7594267093625245,0.3118239178756325,0.2970982804102188,-0.020238078444570283,0.22902162938839998,-0.2229026062878988,0.3882306946675184,0.24663064791434497,0.34507348510649444,0.022630551183641226,-0.08645185733027289,-0.09829733809194656,-0.11547429280787065,-0.17523129721919378,-0.13718469317222298,-0.1890073616095989,0.6430596727680902,0.27519200037080105,0.23595077213269033,-0.38605344774426015,0.10130002035375224,0.008000838332765712,0.55447046992985,0.20773765020968396,0.2931943904252725,0.14246054697182517,0.28918651493381,-0.027284104122541678,0.24889092202497667,0.20454553698639524,0.5049645018469519,0.27691058254051104,-0.14148840339927815,-0.11640210147453867,-0.09091517321849249,-0.16266275444709336,-0.10516844241399533,-0.3231599502642965,0.058053334891772446,-0.03854517021581023,0.08277689667750185,0.0052085453515858795,0.19705777442802933,0.05206651041971049,0.00047841393889440836,-0.016495406299184036,-0.22173538912948412,-0.18780225825888763,-0.17711915812044182,-0.2092788927558779,0.14013981617135843,-0.04997309677302342,-0.06315104297866081,0.08961736961003419,-0.04480203456913525,0.09649250437807196,0.45498132895895593,0.00476922673878478,0.23460863361835305,0.07501264552429049,0.5580116197757863,0.4499811576650014,0.3302269342614107,0.12245018872563343,0.07623387065895777,-0.12057764351914362,0.3451637670966481,0.3060152391162844,-0.3581168144160992,-0.11810294968189705,0.7863831382261605,-0.009396178734157828,0.46872111933546007,0.22486059694935542,-0.034538100813545525,0.0397333456933677,0.08558047490745088,-0.04084252442954075,0.312084284686522,0.06714279668616731,-0.005225473224739684,-0.22147179796180347,-0.27978912706585546,-0.1579688970483029,-0.4242943192879008,-0.350904734363381,-0.12103469609429632,0.03801798788044891,0.07094189507539957,0.13537099247717257,0.06218212376290498,-0.3139374837522646,-0.05026167670583588,0.047351694701777226,0.10625908109861897,-0.13532504539289794,-0.24826942725347273,-0.17062369136456795,-0.1991141079716176
#50,0.22750940605332684,0.1775649254468253,-0.11251675154114178,-0.3034647728944446,0.13007095600163637,0.15952948573524403,0.2480969241651435,0.42638853902378565,1.0,0.2282606811856766,0.012916370260951226,0.14095638452873002,0.4078678336151287,0.5529227786700738,-0.1006591794415011,-0.15740302243144716,0.13254323157128953,-0.05809444544086026,-0.08336695397029158,-0.04512366415905752,-0.14820393250615146,-0.350924886593326,-0.08942390820256216,-0.32699048613224296,-0.1783210371143619,-0.29949800795206993,-0.0843584436835858,-0.11596117068334197,0.24491045356623936,0.12411637509748641,0.11558633920636488,-0.09384127700650716,-0.03667504327691381,-0.14585095813777274,0.3768745100489095,0.11420470232133537,-0.03269860526416551,0.011722552159009155,-0.14648857469323268,-0.17414871942654814,0.08443905260336583,0.014491468553452782,0.05150466624884376,0.04530100378257356,0.09973620731001989,-0.13470274453219622,-0.009507419043454254,-0.1381624793691546,0.1872267105716583,-0.030120732009600523,0.11201294579251667,-0.004083244831456825,0.1603049435435278,-0.16259262468688473,0.04955070603337612,-0.17154666349604916,0.2649216179016289,0.1752659590546992,0.13264560489941016,0.10738196335115462,0.10162971083565252,0.17711109722846383,0.05672812425058895,0.17329748923367116,-0.01783673872432354,0.014998498658869097,0.21030665648307315,0.4860899232804606,0.08714751230797443,0.07300709560016364,0.03522488881007128,0.06562815508350077,0.17105091863940206,0.39266740961221064,0.08860733984519056,0.23628368697138183,0.22177649967857194,0.31205445938620335,0.16738804932459803,0.03175709308113489,-0.13447542737841656,0.02740662968060731,0.45842252374436493,0.027963637316287232,0.09481583884664757,0.3109493110960193,0.30695675129931504,0.006129099215473688,0.0989010989010989,0.06484786074003018,0.035411901503960924,0.2110692168641921,0.08538540132158325,0.16105621867587758,0.08870648881651999,-0.05656368205423771,-0.27736199249127913,-0.10173772678815775,-0.18472057925569754,0.013081618546500263,0.04894936349181719,0.20860177782972575,0.17110170225886345,-0.29258821134852675,-0.1898174812533881,-0.05410188564415595,-0.03374249077531674,0.12221722894746918,-0.003998605465687806,0.0437210689548852,-0.0023017877043184213
#51,0.45759225187063074,0.4039607192733912,0.5454156699709606,0.40732775385260256,0.02839650721550593,0.450854152266219,0.41824865030439945,0.2591411522642038,0.2282606811856766,1.0,0.5221422626520738,0.03780437424303186,0.2512447024825532,0.19638791430465738,0.2468297519462016,-0.09429671740326426,0.7360364191099567,0.39018626706138165,0.0600347021399653,-0.4070972123420317,-0.04096343780921078,-0.15376917232776394,0.3671337281826921,-0.1695185430743839,0.4295435721439756,0.026277298714489254,0.2304032662734295,0.161127154525284,0.4511048460067349,-0.25495513106002743,0.22461796410081758,-0.13271251030282755,0.26346179036441275,0.058712715855573,-0.009502582508267453,-0.1505004806306842,-0.19627103137097635,-0.30092156147538507,0.14223242372884773,-0.07867873919588572,0.2459704608613466,-0.3320253192617029,0.05042611890218712,-0.29947301918693814,-0.3638956678751287,-0.3549053550520633,0.2464234829905103,0.2526714803626595,0.01567077704983445,0.02150928110950117,-0.061068914580742935,-0.0029563321329321695,0.1664594345687322,0.18162277846855143,0.3554196399602598,0.04705827823377796,-0.2557088244599706,-0.44545254855176,-0.19151671728235087,-0.012082067941228037,-0.13545321357534817,-0.01911680837043023,-0.17078813356091918,0.30888008012526624,0.4215979509212592,-0.007964564318864704,0.053303857338333774,0.16268451885543395,0.29695882697899934,0.22528943640258514,0.4953575307875693,0.42709306098266303,0.0926861511860595,-0.09180590178206169,-0.22259790457113032,-0.22614711530904452,-0.21384458197221815,-0.015150849517253331,0.40109587826440934,0.01957224876718733,-0.11024841653853207,-0.26290075228274384,0.09691892556370825,-0.11283918722026186,-0.19191734361365756,-0.07971295163666335,-0.02317546748135415,-0.09743965918548717,-0.122310735294414,-0.264550010781443,-0.2517589873907497,-0.31505391729121784,-0.3644865312571163,-0.08387640234330129,-0.1094729587302483,0.4601257902193167,0.14404531833470033,0.5450247167100275,0.3978666849380218,0.4382348258746572,0.3713850426118902,0.2583189412824476,0.0012304951604419788,0.07074279104354292,0.33649588995270274,0.4330492540652086,0.42920340250250394,-0.14500940101526935,-0.16193324372308418,0.14684325394026476,0.14768400497357034
#52,0.5310293960578207,0.3799844021740226,0.29027392926164247,0.2664757578749877,-0.13100118293589777,0.2749606527710324,0.24284605913067311,0.2974997128307233,0.012916370260951226,0.5221422626520738,1.0,0.02043879465482253,0.2807636889059959,-0.07839096535227105,0.3402482351684626,-0.02375101516858348,0.2913323243783541,0.05681276361635797,0.1567976494438992,-0.16446678207177015,0.16563158096259142,0.05082352087670261,0.26253559387614034,-0.07523915658887234,0.4181180638543558,0.05131201093056952,0.20931113632378992,0.12135229523822959,0.3860816608661832,-0.04206697392099923,-0.03352323451351509,-0.441164154019463,0.03936496292997302,0.023174661392156348,0.060031477783174095,-0.04561779683730903,-0.14674329887973753,-0.2383762945288711,0.0799064130441354,-0.0701672433563136,0.14189628453336503,-0.08816318469720266,0.10976798737664316,-0.13807139128980317,-0.3903087926194473,-0.21753485831974737,0.11032983154750989,0.09763392668215701,0.04231605548311949,0.02785320309618861,-0.01046182865364967,-0.009371996058223822,0.11892193630686204,0.13371206090809978,0.3832272990167727,0.03015378166671033,-0.18601354632896902,-0.411158289720549,-0.14685695745662736,-0.09640544674470954,-0.041746956509472556,-0.053927770377431114,-0.14400985040999711,0.02759444846369475,0.33743337168974435,0.06904355501458014,-0.15308077215284258,-0.2438044991868575,0.3208472803558078,0.08538137087559423,0.43886599371653473,0.27220705207134693,0.07879965257555575,-0.3278957243013726,-0.18069577589108124,-0.29084222214609157,-0.20362417703330962,-0.00967347341820109,0.25285446261056016,0.09546312847248112,-0.20500984436432815,-0.3178873208214855,0.26187298855554864,-0.1456341201435645,-0.06850186307365841,-0.04781600207971013,-0.18885581684041247,-0.09550262684317333,-0.016318872764865797,-0.4139336548285751,-0.1951191299073199,-0.2693180283864311,-0.3416701765133821,-0.08198934753125107,-0.2321855294897657,0.3519115397714334,-0.06284553517269453,0.219420300953402,0.25126163035570703,0.17143139274076372,0.2746712667490221,-0.24351350098645166,-0.43368364626387734,0.049995667270561824,0.2962027153114628,0.22935696249468485,0.2754588158952729,-0.050889620190922226,0.05543112673132845,0.15605927173871426,-0.008204778899809159
#53,0.34722413108622535,-0.009455023245597242,-0.30044677493788075,-0.12907221148556194,0.7385232042851702,0.39142603224759837,0.010410238944990458,0.3189715107925267,0.14095638452873002,0.03780437424303186,0.02043879465482253,1.0,0.48632127088022925,0.03440912654189749,-0.0003744284323781848,-0.1995639057439901,-0.08452369196913484,-0.36666297209117676,0.008155607458743348,0.14017286582846825,0.24402697980545038,0.017734365396202916,-0.45983237375131747,-0.26564145555526447,-0.38520302364058095,-0.32118503172968604,-0.28179225872238894,-0.20548382481263464,0.06499376288483202,0.38071874943321854,0.07916158662536803,0.007322917317415759,0.13846476281832967,0.2268814625682405,0.39009920942801923,0.11668826313975773,0.48720716290861166,0.25318173482486706,0.19093230261394575,-0.016278568304975788,0.09717929237459771,0.1461588842113324,0.3377767656880072,0.25673981254395706,-0.0022018326437911987,0.11939188630917955,0.2644137817070148,0.26817983043913723,0.04121413154972663,-0.21376639132003153,0.10481134489936984,-0.13575952747051226,-0.09475941260280156,-0.28417747665867965,-0.17056807120991974,-0.051332969249712326,-0.0066409658560768045,0.18690830533852723,-0.17294603434343028,-0.2560385149418709,0.2035105184564198,0.2401545272992183,0.44219352992505384,0.1566517472990974,-0.3810581129854924,-0.011407371282669283,0.03610110776808008,0.08198209272847087,0.010136974706936195,-0.09453451371661531,-0.28307797099288023,-0.18405797393510578,-0.022663600840751034,0.2860838776114771,0.518982392996697,0.3081739459879933,0.4437202628656874,0.07076213718429013,0.016009334512910527,-0.022902203243299887,0.3244271224832384,0.4308268661468735,0.25948212799487325,0.5246629035735949,0.5991302297555736,0.29344508416578835,0.14909949760490748,0.4008613063078495,0.12576160315019658,0.43648158186944175,0.5032789693343517,0.2643750894255204,0.2224358806423725,-0.1713056428259069,-0.27870977363000105,-0.396223875152905,-0.4216447040947316,-0.2985202217551383,-0.06601185354165365,0.02570094493806212,0.07187454027725437,-0.03217625946399099,0.16771693371730048,-0.10122505405835683,0.12305475562398357,-0.008375669809742798,0.1554329404320235,0.1607740874566475,-0.07202044242205621,-0.13966906007984314,-0.28521813781303973
#54,0.5289964391009687,0.059490591931450176,-0.28023973092742577,-0.17058499908307354,0.41969154996846175,0.6826934664455295,0.5653696019733063,0.7594267093625245,0.4078678336151287,0.2512447024825532,0.2807636889059959,0.48632127088022925,1.0,0.4300215830382711,0.1116760005078362,-0.16703981879114835,0.17548037878131403,-0.24665321841188337,0.07379303256801882,0.11236440068275755,0.1721786374271245,-0.13303413989274984,-0.29263496452199916,-0.24609540468700564,-0.3349248221061902,-0.3783641628864442,-0.22154353990040768,-0.17805422158989004,0.4679585589543411,0.37329144356468763,0.33665146516787814,-0.2583278082636234,0.22356521160849055,0.11646013989678028,0.5707389621198534,0.24040522103973416,0.2878193876543409,0.13624559925678575,0.10445989000912896,-0.12787113858083965,0.21644502572432153,0.16363006148445355,0.44249339510663555,0.20633586109470944,-0.13679454600048768,-0.06532667772352349,-0.012420625404304114,0.04537032745358437,-0.030013522146293097,-0.31161433468420446,0.02177287227718183,0.023859031121088704,0.07275075923526318,-0.09894623989617571,0.05778732545649839,-0.16634174554585338,-0.025096378039711983,0.004168690286423644,-0.20062230086070174,-0.20124943825659028,0.0971236722199495,0.043282556431281906,0.33138367226025395,0.15195547163271353,-0.19277905296610595,-0.012124790668711445,0.02724138139505827,0.14467487399818227,0.2682386749505767,-0.02000189430961483,0.14064039756319235,0.01584247404896589,0.4573592920924665,0.50969221499205,0.37736703054876536,0.2101776822114251,0.25754267738496606,0.09188489852344611,0.2449709102560744,0.18168645951517765,-0.16637237693536977,0.12208825467582116,0.7806550683865923,0.10341681058717553,0.539322441724789,0.42894948440519687,0.22400856066728064,0.252016129844848,0.09998287060454675,0.21888586381526048,0.41390544170665206,0.19450569602779397,0.1650689307025269,-0.03395691050193159,-0.17774548942713256,-0.25810613373422836,-0.49690199769055443,-0.28267412030478234,-0.049921507064364205,0.10925773291443565,0.22083015096035452,0.19059374515086966,0.12473464551219915,-0.2185465002629866,0.11101420127644225,0.13922490493185524,0.26912376088976125,0.09305211568186078,-0.09238386773688442,-0.05405190811389234,-0.13671554925910326
#58,0.01863960356533252,0.04638519375361481,-0.08111715901923128,-0.2433321309169466,0.14424925890174378,0.2654004348851222,0.3536857420957916,0.3118239178756325,0.5529227786700738,0.19638791430465738,-0.07839096535227105,0.03440912654189749,0.4300215830382711,1.0,-0.07927846955904906,-0.04056764801309089,0.303233425294676,0.07134010313911286,-0.09412098995814382,-0.044997914244200694,-0.10667341094628827,-0.24975827400180967,-0.1621089711682046,-0.2723585968405334,-0.26279031806264525,-0.404740207527664,-0.08016194331983806,-0.17356430475814302,0.16967089393276813,0.08054483568879314,0.2193614564419626,0.11490035729903693,0.2220715283249668,0.1276099656807524,0.29056895790803733,0.14237026498167155,0.12900691826054012,0.0918220235660177,-0.0732795537490201,-0.12798802151452068,-0.05589140366327236,-0.019191774665825646,0.06892586599170131,0.04708084873131636,0.10195617696076159,-0.028493237919241955,-0.007524439616865804,0.022581379742575413,0.02834249923925332,-0.0962748602946659,0.009529989540992658,0.05402369499196934,0.05707554869484083,-0.13218129752147723,0.04335913490507292,-0.20869770244426397,0.03553442706202655,0.07908903859756601,-0.20740634754938808,-0.052350253817336156,0.05820004312577208,0.11287626732336066,0.2618117257765158,0.4103981476070235,0.007623588588195227,0.0056938110486615895,0.2769404078408296,0.4334837361428229,0.13193544031614818,0.16353977949429993,0.10752867158515425,0.14952753096893937,0.2662331250264498,0.5044687569903048,0.17451952045753624,0.3171271787079599,0.17240353631331076,0.14650550256638648,0.23700513680341298,0.00869649331046727,-0.13174762153306074,0.15748766179721618,0.3929535712774297,-0.06341866459233046,0.19092504781116554,0.2534549990629213,0.2952450813444762,0.018471130922992282,-0.04556217668266082,0.16528254433994394,0.24757296618657337,0.16083212587888912,0.2234064120365239,-0.03206904960068356,-0.02264747905679503,0.024304798447472204,-0.23595238431108595,-0.09430880874123126,-0.14013336745777605,0.042145164573185845,0.09617329305574308,0.471061196276674,0.41915550065192464,-0.05597201258305238,-0.033652208785163125,-0.023413263794705205,0.0648792982187444,0.04614981570785715,0.056368608468370066,-0.16259826731126933,-0.06982949198243532
#101,0.29996473359759623,0.19319015845698406,0.05382378487091489,0.16224761851022626,-0.15195788990030693,0.029818448560425453,0.21778797032785663,0.2970982804102188,-0.1006591794415011,0.2468297519462016,0.3402482351684626,-0.0003744284323781848,0.1116760005078362,-0.07927846955904906,1.0,0.40558660118535417,0.2251548195065525,-0.01716526642255599,0.7624447073190884,0.012369035695644902,0.6964348690004293,0.23616841621609638,0.27270037866040064,0.08038442393843091,0.37060233000082626,-0.0388659937165347,0.06292936844926575,-0.1493203660451047,0.6127176692736935,-0.0918212174768199,0.14330452236192195,-0.15126142883340757,0.032347956463122426,-0.008762592624686885,0.0848195267047275,0.008013735759930515,0.22174264393226434,-0.02017359130874627,0.50473799078237,-0.08089790275742963,0.29029569366998303,0.08842838804327893,0.5100436698822908,0.2440592233733624,-0.4806576881764852,-0.26061710158537593,-0.06584096263172001,-0.08668239884084374,-0.2809168458535779,-0.2772838018390925,-0.1987465312974207,-0.15183455825304348,-0.17541750382388563,-0.0035149519470076963,0.32245945875140813,-0.003244912065744635,-0.36892244011261066,-0.5020488772185087,-0.4844938666688162,-0.3421925223135566,-0.5868736435030218,-0.5521424843266032,-0.05396162612373872,-0.02173498608488522,0.27089232058973484,0.02348258746571602,-0.032752613240418116,-0.2433409978981224,0.5844803646747531,0.0874667236303033,0.28677469605399186,0.20939013306517432,0.2361410091833712,-0.16799342231214595,-0.04790064144547915,-0.36056087686382937,-0.4031159377940966,-0.5190992759303781,0.5287304296656946,0.34414487035062863,-0.16197516036136977,-0.42364299921607823,0.26595341207481316,-0.09693827170445546,-0.1050692934426659,-0.379308899426266,-0.5194200994311026,-0.22003212265453234,-0.07607104064100213,-0.4328050090382751,-0.23477871843908887,-0.5139910886839183,-0.4988132351785387,-0.468394653210351,-0.39064573790412777,0.2127620041795725,-0.14498683051773095,0.0038535094100837727,0.05177793048689803,0.11708324684667983,0.154047273101005,-0.018416316857541873,-0.14044371179892912,-0.16266436662548894,0.17179977550415843,0.18330669880275602,0.28496018926974365,-0.624954909385498,-0.3640512430903042,-0.3009481624189125,-0.17948099946999635
#102,0.022350032142806762,-0.11961759128456359,-0.19081945012625373,0.2494406748578764,-0.17945439852646894,-0.2124057127541448,0.014522099942969189,-0.020238078444570283,-0.15740302243144716,-0.09429671740326426,-0.02375101516858348,-0.1995639057439901,-0.16703981879114835,-0.04056764801309089,0.40558660118535417,1.0,-0.2101833248358097,0.004278318417324469,0.5878216043996348,0.6049638972800535,0.12003353331062849,0.6253305469516729,-0.0773011327568452,0.4142947827891895,0.04143661216831949,0.4197197630903848,-0.13522428424317293,0.0909272645564595,0.11638597969058266,0.09190666293178672,0.02092486644109604,0.045179284313705735,-0.15857910657103763,0.06920557894333798,0.1408661025385764,0.2437198598210885,0.20534034093542622,0.35217593702831185,0.1505085415226622,0.2511391047976414,0.11450295532452144,0.35476670771004165,0.13339446176416653,0.46155095592102746,-0.3998722348621487,0.21129572792877396,-0.12107983708937313,0.018047934094147188,-0.27571112181418433,-0.3247664860355123,-0.22041904546947644,-0.3204788975924131,-0.46995524189729215,-0.15391829882935695,-0.2622800636004377,0.11644804855881327,-0.5252900409694835,-0.21025023023922712,-0.3351900254522664,-0.47364148779883236,-0.5705567859611506,-0.3903063743518539,0.08435763759438801,-0.052747655791851644,0.21570181148394976,0.28997164581246737,0.08590935930015337,-0.11558956356315608,0.4233995602783426,0.30044596884868296,0.19361496746422474,0.1466046515377159,0.09279416713856471,-0.02132549277240273,0.002688710519262509,-0.12162717165467944,-0.34893545845315516,-0.5118912263236488,0.12256384730252326,0.6183973737613936,-0.06665753098909159,-0.16190583669035896,-0.01271807231829238,-0.1589636111183883,0.00905600909268615,-0.4165719847729751,-0.5287570306092221,-0.23863263089377154,0.28074917930043547,-0.2873034905677488,-0.10847018376818487,-0.4809357889497262,-0.1642797693778805,-0.4984819325182428,-0.35169712004481857,-0.19582768231218625,0.2533429526644271,-0.33649588995270274,-0.20486474830872412,-0.2044270418743186,-0.25824316889785437,-0.11770071117219476,-0.011760438351305764,-0.1907565751688253,-0.10057373398653428,-0.21164154019463025,-0.07177780957351836,-0.5338918187992092,-0.15352734556842387,-0.2911259655437172,-0.1320466806254446
#201,0.28986604812755556,0.11034111679627909,0.5236802808414766,0.21928971450335838,-0.027102734053036637,0.29437853545684095,0.308538298305399,0.22902162938839998,0.13254323157128953,0.7360364191099567,0.2913323243783541,-0.08452369196913484,0.17548037878131403,0.303233425294676,0.2251548195065525,-0.2101833248358097,1.0,0.4628495656186835,0.00012212251346672767,-0.45544805460448223,-0.03304441753002178,-0.24645895091521353,0.4318401202685083,-0.10278161229930897,0.36149029770889296,-0.07894636080955539,0.2804501202080516,0.08864764430508058,0.428803582260395,-0.35974914504164457,0.2869536478559035,0.018288148675091643,0.3695205582973784,0.05101859446257025,-0.13767963193967228,-0.22282522172490998,-0.2437255024454731,-0.34623747790811793,0.15567154283457235,-0.1761720033130266,0.19700618471937012,-0.34638499223131536,0.02264425470000383,-0.37070389723974906,-0.12329819456171923,-0.3651338208829498,0.17576089782214852,0.12605501961819585,0.012248122315974875,0.10260185440819954,0.06083273044578748,0.11774827043486497,0.27124861201516254,0.31803080469869394,0.5280178468148393,-0.00953643825457506,-0.1329680405785302,-0.3940030994129655,-0.1007051265257757,0.1359707228403359,-0.08913855262654088,-0.0772567978509662,-0.27530727112608644,0.26247433109710755,0.460693277014568,-0.06284714735109014,-0.1090860359153042,0.08846385596798213,0.2463759237278401,0.17598982715432376,0.3937588543860321,0.3784399352710374,0.17094048441930343,0.015295139483659565,-0.2947541730230159,-0.21875769563281025,-0.2905608970160593,-0.04802880962792938,0.41652281333190927,-0.10931657742587506,-0.30002277201983785,-0.3434210022510041,0.13131313945544645,-0.21993619803999412,-0.19411071232087188,-0.05510304842782378,0.09472233249970276,-0.10431963048871173,-0.23327294381759814,-0.26989357607366044,-0.23609586818829437,-0.22188773998786837,-0.2714718987229532,0.024890019205075137,0.06789971444290167,0.6023690961523347,0.12858130316410163,0.5778897793935388,0.4228893058161351,0.44078126165050796,0.3457618852814158,0.47025591316807164,0.10845083762743767,0.256671294962144,0.22420282816395048,0.47306513402240524,0.36614949327217805,-0.08055047831317774,-0.12509013084842904,0.27621734583040286,0.3730907273544354
