,#10,#11,#12,#13,#17,#18,#26,#49,#50,#51,#52,#53,#54,#58,#101,#102,#201,#202,#301,#302,#401,#402,#501,#502,#601,#602,#701,#702,#801,#802,#901,#902,#1001,#1002,#1101,#1102,#1201,#1202,#1301,#1302,#1401,#1402,#1501,#1502,#1601,#1602,#1701,#1702,#1801,#1802,#1901,#1902,#2001,#2002,#2101,#2102,#2201,#2202,#2301,#2302,#2401,#2402,#2501,#2502,#2601,#2602,#2701,#2702,#2801,#2802,#2901,#2902,#3001,#3002,#3101,#3102,#3201,#3202,#3301,#3302,#3401,#3402,#3455,#3501,#3502,#3601,#3602,#3701,#3702,#3801,#3802,#3901,#3902,#4001,#4002,#4101,#4102,#4201,#4202,#4301,#4302,#4401,#4402,#4501,#4502,#4601,#4602,#4701,#4702,#4801,#4802
#10,1.0,0.5563244750847905,0.44538080661315577,0.5295478041122641,0.14023493469669887,0.31573345048496343,0.15617615467239526,0.7640544674470954,-0.04758949101512828,0.6443816590524825,0.6793296562231094,0.17377066359277987,0.5565034268867022,0.03378037696761335,-0.18440942882534667,0.1024156478035077,0.411884576087767,-0.27877103640903383,-0.033570793776185305,0.14859407967788676,-0.16880354195593514,0.18474879237762054,-0.036659727582155605,0.1566461046747128,-0.03364253571478952,0.2570154950496047,0.25446341664936933,0.5573619118823594,-0.32900732130513904,0.0106004759956713,-0.36397547070571096,-0.16935007043204367,-0.04744842540551325,-0.13441658286697714,-0.10264941367086974,-0.041516414998901706,-0.33784689544821583,-0.07851026655354548,-0.26436783462274016,-0.00870052375645627,-0.17017631185978885,-0.053983390532079324,0.075498717310564,-0.1236117632596635,0.03363769917960272,0.05125558468672351,0.3649081159075658,0.24038265054219574,0.2467096446557294,0.28738087513073757,0.2568824903319677,0.3703806554714312,0.2690528250403548,0.2988031590635662,0.009480012010729047,0.17274209377638683,0.07116115133720122,0.20988668401101923,0.04381054485584102,-0.0048627330857296015,0.006330621514923734,0.052785541984148254,-0.3702879552136842,-0.24842097202265917,0.34155490575809666,-0.08599319257672458,0.3690030490323907,0.01585295320853729,-0.0384153898549644,-0.014447939736771572,0.3023370541067222,0.2664999405509217,0.3625116127225058,0.5813672481928488,0.08373775500127967,0.08274465310958984,-0.08976891437922063,0.0772422882454058,-0.2904311166552135,-0.14676667546647373,-0.11713564264453682,0.015947265644679912,0.5232054943039722,-0.4877512731171268,-0.23030653556969347,-0.10034641683275462,0.003218311122217229,-0.06430213835311946,0.10468478889531521,-0.37195494767473497,0.056668473649951735,0.08221263423904172,0.1938503455099824,0.14275154517223104,0.02115379577327129,-0.000931436068058111,0.1863303393837045,0.08902247578205766,0.17585117981230214,0.12030840972707835,0.11357353447945782,-0.29116949436039846,-0.27130745652660193,-0.16005586198140756,0.010230481053881017,0.07356974586022816,-0.00415015023487424,-0.09122632364884337,0.14953236750412616,-0.027202689113563862,-0.03777293676431766
#11,0.5563244750847905,1.0,0.3047464547189469,0.3861759733023258,0.07345528119414053,0.2644742383968498,0.5304611031733717,0.3890005098514176,0.3182049199654188,0.6979269401055573,0.44678985053091047,0.08793828581101641,0.30391537675601493,0.31848785727384665,-0.09390818240992457,0.19109593872109917,0.3779957801230495,-0.04737104084252443,0.07312800897983367,0.14083063461387318,-0.16742109898170782,0.13850909772420866,-0.05795176765284962,0.11050636508182812,-0.057275458815895276,0.06998667937600635,0.07484659114954366,0.26564226164446225,-0.05512803719295559,0.08680089395292036,-0.06894359995405291,-0.06449156931460251,-0.10366186170330678,-0.0737470854837442,-0.1435124933749544,0.07690050642553851,-0.21429921627977744,0.09084020692309708,-0.17734002656063907,-0.0255937350747547,-0.2286516344466097,-0.006227442097605311,-0.14023574078589665,-0.06656241246375118,-0.22971244783091474,-0.060326506429568966,0.04873816812199354,-0.020638704775876975,-0.030133629436765324,0.07941550472267508,0.07262823367719755,0.17548763358409425,0.08805597483389524,0.05540855623379005,-0.067543423017474,0.09179784089008369,-0.1283926782918164,0.004322653323203479,0.05631540658131526,-0.0445843904857292,0.11707437986550402,0.1408725512521588,-0.046157876599835154,0.03695153187175927,0.31230676530511486,0.12480961180759458,0.3478923790312017,0.3051100009471548,0.13401273217887924,0.25666162189177044,0.39809238991340584,0.23483353250453928,0.09555341046263474,0.21220419045469477,-0.09175350598420469,-0.05155222551151398,-0.05063086555842837,0.10053342952664428,0.011507326343196506,0.11485682848235572,0.00591467948885884,-0.12175130939114068,0.13598926289188532,-0.1267571233094798,-0.10785755597785673,-0.029068785606471283,0.03830495563486577,-0.028698790664681,0.09685927496307103,-0.23719537385409384,-0.18268923447724109,-0.1435229725345258,-0.17566658538600588,0.09593066020720523,-0.09879388903779147,0.06690177601602505,0.17363846496434063,0.0874038486728749,0.024965791589668353,0.07375917682171121,-0.02588231500756716,-0.04051847657202508,-0.021926029224763867,-0.21557525547989512,-0.025820246139336547,-0.16911469238628601,-0.09210173651765437,0.0278185412606832,-0.08612539120516381,0.05238410956364376,-0.043249506774172095
#12,0.44538080661315577,0.3047464547189469,1.0,0.5521706974485262,0.2753911044026577,0.29167088184143014,0.1934408521974999,0.2405607962549096,-0.20160895403880916,0.553445930559446,0.42198245546860985,0.2812223536595442,0.21042353941675415,0.03557150716512536,-0.3674279507398891,-0.024389437813241224,0.5958744354856587,0.5023011831374201,-0.39357990258412046,-0.16334228764083888,-0.4414446730602975,-0.176178452026609,-0.12454763281830951,0.1500337549851579,0.05585835400616255,0.1554119821128807,0.3104737184693172,0.5133905522315572,-0.4104497373156827,-0.2850931939873807,-0.0671298992590025,-0.2185626220469426,0.2822146494620362,-0.15569894986729757,-0.38873611259453916,-0.3289847508076006,-0.4331330873417798,-0.3751317452032655,-0.1165617071357031,0.1382793623028356,-0.18590230601967261,-0.17365216848070322,-0.05672812425058895,-0.40016968177613693,0.16497058782039525,0.007571998879536015,0.43457034438145753,0.31659919028340083,0.3197437442440193,0.4205024757014487,0.6660549793137359,0.7143695475622855,0.6373864169939725,0.6492963848914701,0.015120218127736925,0.2599585267107732,0.18357915695161248,0.064013558420307,0.03346116564528448,0.03191428047470593,-0.13305590430109043,-0.013097740330456267,-0.3392365932252233,0.09672223979944501,0.4802095025825083,-0.23212507279993067,0.23688099906695176,0.12295399447425855,-0.2806653460238643,0.06375157943102194,0.18645044667417673,0.40553259320910157,-0.004671689945850958,0.3556405084004571,-0.1620436779431828,0.13964890784989814,-0.2422834088706086,0.24162322181761023,-0.2093151667697789,-0.1554015029533093,-0.2828595208202764,-0.14777751132051517,0.0057744199684416075,-0.35986360970773223,-0.24648071532355412,-0.06814315338063734,0.033887586830920774,0.0790027870534014,0.054077702968221945,-0.3333706821328314,-0.20143242050449092,-0.09117876438617316,0.11366945909399605,-0.015529711440219418,-0.11649963826747249,0.39703238261829865,0.2583165230148542,0.5684061399814196,0.5571765113668653,0.4318062645222007,0.5506673410946288,0.41464623767943043,0.02057421764005296,0.47345528119414054,0.39756843193483576,0.4896858871918472,0.3832127894112123,-0.19617833111322933,0.04862612172349931,-0.18826172910163375,-0.16305128944043304
#13,0.5295478041122641,0.3861759733023258,0.5521706974485262,1.0,0.12817100376242133,0.11902995225936726,0.16854639950183686,0.3920410783055199,-0.16929606245579104,0.6021788591016539,0.4689218355457123,0.2964203593948688,0.3333005523726228,-0.13225868208446606,-0.048591459887993904,0.09984341717332731,0.30562025540936233,0.05234058074696255,0.0313540484822348,0.14809833482123966,-0.09854641965406682,0.13391277711835203,0.046780983549734693,0.04085703403510115,-0.02217188643009292,0.21444995495976607,0.2331874983626313,0.46363792085413214,-0.23584759271537192,-0.11635293003347286,-0.16577990137498666,-0.005496319195200545,0.25080618995894993,0.21026473984478752,-0.11161554381800118,0.059281814829219924,-0.12781713060458705,0.04631345181501059,-0.08370148098737866,0.23916545585351748,-0.03552717225924635,0.07461443746057721,0.0384234507469424,-0.11889372318493903,-0.08558692362103329,-0.12881345685306808,0.4349217992716984,0.394287648899789,0.18789979505182147,0.10955356765002831,0.299905082996959,0.36128555105265175,0.20544996906632704,0.19850712280567406,0.052073765222490694,0.22016432128297156,-0.056875638573786386,0.12335139644877403,0.1665497165588858,0.046814839296042306,-0.05448639019150664,0.08629708820429524,-0.12862805633757404,-0.04161717614862673,0.3274926797024725,-0.19968481912366012,0.41388690165510267,0.03696926583411087,0.0913786745072276,0.008588477357962046,0.25334778919961387,0.26556084663548446,0.09528659493816288,0.38848300058642987,-0.16132948291393184,-0.03668391025808961,-0.2724255022439508,-0.027008421616894016,-0.1880860016565133,-0.013165451823071482,-0.19174000399014152,-0.07925912341830185,0.19889162735302474,-0.4339448191639646,-0.1686689250599025,-0.22152983638404508,0.02569852667046872,-0.0671097470290575,0.10229634660223327,-0.4179294389820706,-0.15343706357827025,-0.06939581599401881,0.1275341932961592,0.06517674513273267,-0.09149313917331522,0.051438566934624154,0.20229009941095033,0.16609024571613973,0.37632153285921854,0.23553321792822984,0.31335709952984847,-0.0070214399574384904,-0.03962855409765367,0.24080020474665625,0.33327475751829316,0.19672969612452465,0.1920438996177122,-0.15616325724523047,0.06033456732154697,-0.12728027519885213,-0.06251745686918986
#17,0.14023493469669887,0.07345528119414053,0.2753911044026577,0.12817100376242133,1.0,0.48417223707889395,0.02613703919407202,0.1959872879733507,0.09828766502157296,0.11570402822924371,0.020026076985548837,0.48452449805833264,0.2718983199085895,0.0009507822088053153,-0.3779377417008079,-0.03741825751728557,0.17865314586385556,0.16833278586441983,-0.3700944938062121,-0.08813900202126866,-0.45624285855351326,-0.3038355739254327,-0.3076846498449286,-0.05639037287671067,-0.11084572863410201,-0.01377243698901502,-0.14155450271349776,-0.04496808894388209,-0.20785775750015617,0.10923516241689724,0.17773662244595675,0.15490575809666218,0.16757183766169645,0.09351722914899148,-0.15422219445692764,-0.10202066409658561,-0.2264123186551208,-0.1439864738232609,-0.13368384778617678,-0.09971202463408589,-0.22482996555983903,-0.011814446327558376,0.04699056674116275,-0.05718275855814825,0.21689240522910064,-0.06784086993146227,-0.012001459021448018,-0.008690044596884869,-0.0025500631772408778,0.019500506828583116,0.03510236325200565,0.24883933231631747,0.07030669678753303,0.2500307321506661,-0.4257589833603037,-0.12383504996745415,-0.12610499714845946,-0.16354622820788234,0.054307438389595,0.11942171160949815,0.12178355295905269,0.1704407091166673,-0.021394816443413546,-0.04013961464905899,0.06022413310144834,-0.10868782785159092,-0.06668010148663,0.19256705150708453,-0.2464718483423783,-0.06026846800732735,0.1999782355916594,0.0543082444787928,-0.07400503402704026,0.12734153797788494,-0.11625861759733024,0.06687920551848665,0.02901477763021867,0.17509587423396336,-0.2450684470490082,-0.1580906165171707,-0.1668737644164015,0.17633080288499323,0.019328809829451676,-0.010008000435288166,0.3381378936486217,0.42602015626039097,0.32596514067264115,0.04089330804900216,0.08306386443191871,-0.03992841927923534,0.22549982568321097,0.2000193461407472,0.2666555157660971,0.1783331284523289,0.08684522885879938,0.09625954459990771,0.08188052548954805,0.2801043079421953,0.07819024914201882,0.16276351559681837,0.27304780310465254,0.3285696148707335,0.23113438917583426,0.2613780497880993,0.07961057830854273,0.24444050356392186,0.15022237985744313,0.1200827047516943,0.19677403103040367,0.11509543088490456,0.03613335133599208
#18,0.31573345048496343,0.2644742383968498,0.29167088184143014,0.11902995225936726,0.48417223707889395,1.0,0.08005795781332184,0.0786360164684023,0.2367052716218313,0.35243388557160793,-0.0733005120681629,0.17011907952674504,0.6709334311388226,0.10757945520461566,-0.4972050872289273,-0.0459386203380335,0.44268201997892076,0.1342142544783293,-0.2843443371226243,-0.027696015702617573,-0.5225823873540727,-0.07317959868849287,-0.1386751520989555,0.30800708552404865,0.10008040739748057,0.23513581595371436,0.03248579771594626,0.27004592693204466,0.06912093957756896,0.288452167674614,0.3177196542683431,0.03630182397833232,0.05071792319179079,0.022082410529137102,-0.0596066687759334,-0.13838254172015405,-0.23785233655030097,-0.04842218115645587,-0.1691009888699234,-0.04658752214226265,-0.2613433879525939,-0.11457308508473005,-0.012689053107171574,-0.12090491573345048,0.16895911717111056,0.017848830062290544,0.14835950772132692,0.18335103370863504,0.12706504938303947,0.3018743589071849,0.26619846319094437,0.3359114752842976,0.2551107062752029,0.3097603295292641,-0.2808249516850287,0.07740592435255923,-0.23023156927429805,-0.09243626353474144,-0.0975670212787396,0.07517063900705932,-0.029372681234041954,-0.06854458580114182,-0.17298553271412248,-0.11092553146468423,0.21930583628731437,0.17337648597505556,-0.13870255913168072,-0.04481976853148685,-0.11756286991937093,-0.16276996431040078,0.24847739826650517,0.1448836511004125,-0.0010394520205633355,0.2851794455315453,-0.2128700201320777,0.010323181311628038,-0.2062157538042372,-0.04538886750513378,-0.12325385965584022,0.08539507439195684,0.20830594309413308,0.1713241828774563,0.19854259073037728,0.14463779389508347,0.2756933878518327,0.06260532059175009,-0.08052951999403495,-0.05770349217992717,0.012988918288753242,0.06254970043710187,0.22797774387724873,0.1338386169121544,0.015869881081691094,-0.09487387726888918,-0.11193636731872565,0.22344349213962272,0.36905060829506087,0.4260596546310832,0.22103892806258477,0.3151506479949539,0.30263208275311704,0.30695030258573264,0.3751768861983423,0.1319539803676976,0.2384294964159259,0.2585696350229635,0.19259204027221632,-0.06828018854426336,0.014670420355364424,-0.07412191696072129,-0.05162961007450279
#26,0.15617615467239526,0.5304611031733717,0.1934408521974999,0.16854639950183686,0.02613703919407202,0.08005795781332184,1.0,0.029788623260106846,0.24530382509476586,0.48414241177857537,0.18616106065216648,0.044835084226245055,0.1324545617595315,0.5689502501899347,-0.1188147264435546,0.16348657760724514,0.20204424220562126,0.09849966648059441,-0.11005173077426883,0.10698133701984792,-0.18753544273441577,0.031596681330772654,-0.07878433688079754,-0.10869588874356892,-0.08088661750866043,-0.13011529090751536,0.02557277675561189,0.06628189342291671,-0.0362010628286073,-0.048056216660654585,0.13654868879515863,0.039587443548565866,-0.05665477013358913,0.08071250224193559,-0.1262154313685581,0.10475975519071062,-0.15272286854901929,0.08882498392859661,-0.07219616986717665,-0.0317627357055195,-0.2677630823238745,-0.12554073470999932,-0.2680702023082364,-0.21571873935710356,-0.11572176219159531,-0.13406432188753847,0.04942576220771709,0.011689502501899348,0.16127950538366823,0.06559429933719316,0.0997539412723715,0.08796488675454382,0.07609522331693613,-0.03901995675331454,-0.1187623306456976,-0.11105853618232125,-0.045246995806320946,-0.17297747182214449,0.18574028209091478,0.20157509829250156,0.06146309219846722,0.08114456605195648,0.4261176930533248,0.4069948390139111,0.23636187762356844,0.17699018384879378,0.3508934491146118,0.6819970053786302,0.09774436090225563,0.2831867930345832,0.3859470439701505,0.3050745330224516,-0.0014070286947602186,0.21161413316190503,-0.08951660846030918,0.013578169492345176,-0.013710368120784406,0.04332769742635871,0.23506729837190135,0.2207366446134097,0.0029152215838443604,-0.33545764706593606,-0.10434542534304134,0.008748083019126482,-0.03668068590129841,-0.06652775062824577,-0.02234277734002656,-0.11141079716175993,-0.239667649423747,-0.28311424500678123,-0.29070115653647655,0.02574124939795213,-0.1837387626127769,-0.00741884193195398,-0.11730008484088807,0.09303760607630038,0.010498102667550678,0.019178877238660845,-0.09455466594656031,0.048074756712203986,-0.05502243950804376,0.1434552610419106,0.1015515201834659,-0.2004352881668121,0.03819371532556935,-0.1795986884928752,-0.05999681594766869,0.04260705368352535,-0.2861217638037737,0.08953031197667177,0.03855403719698603
#49,0.7640544674470954,0.3890005098514176,0.2405607962549096,0.3920410783055199,0.1959872879733507,0.0786360164684023,0.029788623260106846,1.0,-0.055470625102020665,0.4178327082783345,0.627770578953414,0.2720909752268637,0.4424651819847125,0.01756831102145608,0.060894799314018096,0.13524766082990913,0.1641798143173533,-0.45497246197778013,0.1685488177694303,0.1766363106909595,0.029741870086634436,0.1748379256906673,0.05072437190537319,0.11908557241401548,-0.04054507751555248,0.19201568649578918,0.14820554468454708,0.29304123347769045,-0.3279247435124934,-0.03985748342982893,-0.5093173835150728,-0.19099840192816536,-0.025725933703193926,-0.16618455815228234,-0.054558938219308656,0.013819996251685231,-0.19148044326844987,-0.08708866779653503,-0.13917412131239382,-0.1311809408270072,-0.005793766109188812,0.05302817483268611,0.26180285879534,-0.01885321720274957,0.1213958240549108,0.10094534110672017,0.20541772549841503,0.12523039036884626,-0.031027582357125726,0.009114853604125565,-0.02026145503130649,0.1800904029035333,0.05081062344953781,0.053628711285047245,0.029479891097349376,0.03413425012544763,-0.028062786287616655,0.12906818103957293,0.1033547417189449,-0.08879435253908022,-0.09698824923471906,-0.03805668016194332,-0.21357131773416388,-0.18490839803878498,0.06994073229173174,-0.13319213337551866,0.45183113237395284,0.02091680554911804,0.07539553789324557,-0.0406160133649589,0.3240603518982393,0.119620009552157,0.41259796502782015,0.3974829864798689,0.09641673199347874,-0.10559808795642282,-0.13448671262718576,-0.003378722872579465,-0.20723626272865223,-0.1650689307025269,-0.25177752744229914,0.0639869574767796,0.47583082606005767,-0.5759471044268404,-0.2274086449036018,-0.013313772235466715,0.016259222164228582,-0.017503017796434265,0.07216715065605585,-0.36664765639641855,0.13090687049975516,0.07698192143451633,0.25023628489610517,0.16838276339468344,0.12130876642154838,-0.09242659046436784,0.031979573699727745,-0.0821183218028991,0.036142218317167886,-0.08075361279102339,-0.05803318266182744,-0.4699495992729075,-0.47309657150111945,-0.18959983716998205,-0.04159379956189052,0.017060474826841966,-0.03696201103133067,-0.19854581508716848,0.23113680744342766,0.05013834505857245,0.019658500311351954
#50,-0.04758949101512828,0.3182049199654188,-0.20160895403880916,-0.16929606245579104,0.09828766502157296,0.2367052716218313,0.24530382509476586,-0.055470625102020665,1.0,0.19128053314739543,-0.19529485735244034,-0.11985780586550805,0.1369533455724543,0.37478029031302457,-0.09540267178264611,-0.0009773831523327214,0.18470445747174152,-0.05965987066298821,0.02887693637739484,0.05712472013590664,-0.018403419430377068,-0.06549676254425933,-0.026058848541885404,0.14959363028315897,0.10938670718608368,0.025488137389842874,-0.1174484052532833,-0.0732602076082729,0.2624775554538987,0.16033154448705522,0.3558194602023687,0.06834790003687859,-0.04794417026216036,0.06013707546808592,0.12965259570797807,0.057680115593190966,0.13397162162979145,0.16232339089481945,0.02048877218508614,-0.00807902898495233,-0.1739544519298783,-0.11982072576240924,-0.07608151980057354,0.13209665815570823,-0.1968780165369199,0.10186992541659698,-0.2647612061512667,-0.1703447845021291,-0.17376179661160407,-0.09736952942527856,-0.07715764887963678,-0.029349304647305747,-0.09681574614638983,-0.09215493840470917,-0.10521116514147873,-0.13901370956203157,-0.19535289577468196,-0.03497741942634662,-0.08090112711422083,0.10647672518202501,0.025676762262128117,-0.013174318804247284,0.39178071149463045,0.2543811955511937,0.003849478964094772,0.22988898136523297,-0.10791962484608734,0.13234815798542188,0.12654592793965616,0.1544890099813995,0.13608196314963233,-0.0649276635706124,-0.017556219683489076,-0.04064503257607971,-0.11767652849626076,-0.10826140666595462,-0.02392432434611052,-0.08396507215505931,0.2079561003822878,0.19900125548392558,0.2777803527849374,0.02278854466641006,-0.039743824852939105,0.28352454440846153,0.22321456280744745,-0.11757737952493133,-0.1381189505524734,-0.0056478639643869795,-0.038426675103733605,0.1253940264759997,0.12638632227849173,0.01262617814974316,-0.2379837290895424,-0.1691646699165496,-0.10484842500246865,0.02455146174199906,-0.041477722717407295,0.01760861548134609,-0.19458872321516738,0.19257753066665592,-0.031219431586202172,0.09647315823732475,0.20292771596641027,-0.31099042164510715,-0.08589646187298855,-0.32563625627993864,-0.07869727924743512,0.04166070496530794,-0.20995117114684325,-0.03328221384337284,0.025686435332501718
#51,0.6443816590524825,0.6979269401055573,0.553445930559446,0.6021788591016539,0.11570402822924371,0.35243388557160793,0.48414241177857537,0.4178327082783345,0.19128053314739543,1.0,0.5143377070389724,0.20689448090878496,0.5235593674618065,0.2958045072477495,-0.16241931550935768,0.09417419184519862,0.596486257186789,-0.028473085689296948,-0.03207711049266156,0.12110966238969173,-0.19661764972603044,0.08725472217128186,0.10532966025355536,0.188539023785677,0.11013878840763125,0.24515550468237063,0.31407129455909943,0.47438792639599536,-0.12603083694226186,-0.10831299637461383,-0.0242878705743184,-0.17827105958409828,0.10615267732450934,-0.07205510425756162,-0.1139290198156877,-0.061317190053665385,-0.27927322997926335,-0.08571267353589011,-0.17869586859133899,-0.006691749475538216,-0.17620827732692762,-0.1438720091571733,-0.09283527768765253,-0.28445799569951413,-0.09771453560193703,0.010116016387793391,0.29330563073456895,0.24123791118106175,0.21432098068811806,0.26381969396823607,0.3774194263466224,0.435730306737092,0.3761393567005157,0.2512382537689708,0.08810675845335665,0.08226422394770093,0.026216842024654238,0.07571877966156346,0.06359922857263771,0.03396174703711839,-0.08106798757816547,0.029275144441108132,-0.09272000693236711,0.08532897507773722,0.4239839749467477,0.022056615674807496,0.3899041358421516,0.15797292749429187,0.021032076304403464,0.061704112868609474,0.2838058695384938,0.25282544339943935,0.030934882099378707,0.31272431950957535,-0.2274030022792172,-0.10720059328164958,-0.2908099785781796,0.01915308238433124,0.055732604091305725,0.042975436446920035,0.04435626724275175,-0.1297775395336371,0.2584890261031835,-0.2547528026713796,-0.1850301175076528,-0.28408961293611945,-0.083486255171566,-0.07651438969979223,-0.01443987884479357,-0.34631969900629356,-0.15818009241812653,-0.04204923995864762,-0.042707814833250375,-0.029563724373920595,-0.09687620283622485,0.23553160574983426,0.19438397655892614,0.28319888437255025,0.17296296221658408,0.2826047966337715,0.1810939839547945,0.05241071050717117,-0.07030750287673082,0.0011772932733871667,0.1758003961928407,0.03495887937479722,0.07005761522541276,-0.1973463543608418,0.0014513636006392287,-0.09936460018983401,0.02564774305100731
#52,0.6793296562231094,0.44678985053091047,0.42198245546860985,0.4689218355457123,0.020026076985548837,-0.0733005120681629,0.18616106065216648,0.627770578953414,-0.19529485735244034,0.5143377070389724,1.0,0.3239386324293715,0.20779327036433218,0.0015634099991334541,0.09397105736735298,0.08314930988688553,0.13412719684496688,-0.22328308038926048,0.04290853104350262,0.1651664674954607,0.060294262861656955,0.10262120054894674,0.042482109857866324,0.043393796740578326,-0.05453233727578125,0.14243394602829776,0.1898424700185199,0.3577218307091771,-0.426096734734182,-0.2485676802566588,-0.624031131164819,-0.17935363737674392,-0.03660733178429859,-0.21291757939474792,-0.1946016206423322,-0.05705055992970902,-0.19088151899448433,-0.260947598156474,-0.010400565874616855,0.02309002202638733,0.017952009479608965,0.003351315839854259,0.17639125957482826,-0.06624642549821351,0.04698653629517374,0.024384601278054422,0.20408526005445132,0.1301838084893284,0.05612355735223881,0.11683174701696616,0.16944680113577967,0.31725857124720136,0.21304494148800035,0.19802749973298295,0.23985788647442782,0.09633692916289652,0.19808956860121357,0.24488707697950315,-0.07130866566039865,-0.12149094258025121,-0.03195539102379374,0.1412481888183337,-0.2687102371312898,-0.23740818140231307,0.16446033335818774,-0.21183258333450888,0.5866559994196158,0.15815429756379693,-0.050495442573197935,0.08615118605949341,0.22007565147121355,0.19424774748449788,0.2468104058054544,0.36217950397301213,0.2335252497365096,0.13671635534830107,-0.02988132351785387,0.13076741706853573,-0.23067733660068154,-0.2698613325057484,-0.23867212926446377,-0.03739488093054937,0.336886037124438,-0.4522785118787319,-0.25565642866211363,-0.11680756434103216,0.03734248513269236,0.0432583737553479,0.07589611928507949,-0.3753574501786495,-0.010826987060253153,0.050964586486317645,0.2709197276224601,0.06697271186543147,-0.07642330162044081,0.015557924562142424,-0.03646787835307916,-0.1351138500230743,0.027795164673946996,-0.12652093917452437,-0.03987521739218053,-0.32655600405462865,-0.5154630075591015,0.0379559190122183,-0.03416407542576624,-0.020426703316855525,-0.014152105001178906,-0.04048059037972847,0.24274207362415687,-0.1288634343833317,-0.13480834221710802
#53,0.17377066359277987,0.08793828581101641,0.2812223536595442,0.2964203593948688,0.48452449805833264,0.17011907952674504,0.044835084226245055,0.2720909752268637,-0.11985780586550805,0.20689448090878496,0.3239386324293715,1.0,0.25641254032965016,-0.013100158598049668,-0.03858869903249144,-0.047319451133865216,-0.06982868589323751,-0.048780084760279147,-0.08549422336328627,0.1112415184302219,-0.13431259736046092,-0.16406776791885905,-0.19195119935996519,-0.07998702196391541,-0.19153203297710908,0.022452405470927386,-0.09886482488719789,-0.04872527069482874,-0.37812797875148874,-0.13657045320349923,-0.27847439558424336,0.007198779580954531,0.08933040185561733,-0.06080935385905127,-0.21195510889257452,-0.04035403437567384,-0.11385485960949009,-0.2177121979432634,-0.07401390100821606,-0.24441712697718565,0.02182204371824764,0.18386451252763375,0.1881222756704143,-0.12723674638217092,0.11151397657907836,-0.1647585863613738,0.07879884648635795,0.18310840086009716,-0.20748292602317908,-0.03159909959836606,-0.02066208136261318,0.28857872367866866,-0.03544092071508173,0.08499041761466115,-0.14319328205262552,-0.13014189185104277,0.08025222530999168,0.03904655769684194,-0.01744094892820365,-0.09922031022342777,0.0786174764168529,0.1952206971462427,0.12435255923244187,-0.014690572585309427,-0.13843010098282427,-0.2499291649117433,0.25320511141160323,0.03196748236176074,-0.0534086489340478,-0.017944754676828763,0.2220973231792964,0.005975136178693854,0.05996618455815228,0.11307778962281072,0.08568526650316491,0.08173704161233962,0.022075961815554702,0.09309967494453099,-0.1589474893344323,-0.2392581561112645,-0.28978624529697333,0.18303021020791055,0.04669231373797668,-0.22977612887754095,0.2410702446279193,0.26650961362129527,0.28144483427813705,0.2150037382386548,0.0194190918196053,-0.20644790749320366,0.13354116999816615,0.2348730308752315,0.3077104446992582,0.10203678588054162,-0.06219985772525659,-0.10930045564191905,-0.10000947154807416,-0.09188328634505051,-0.07409692819558948,-0.09279013669257571,0.09170352845394107,-0.025480882587062673,-0.23591449811878934,0.2353736122670654,0.03791158410633929,0.06769013125147363,0.013813547538102829,0.08625355938761403,0.2872720530890346,-0.027404211413013906,-0.06864615304006465
#54,0.5565034268867022,0.30391537675601493,0.21042353941675415,0.3333005523726228,0.2718983199085895,0.6709334311388226,0.1324545617595315,0.4424651819847125,0.1369533455724543,0.5235593674618065,0.20779327036433218,0.25641254032965016,1.0,0.1161328676824734,-0.26251866600298657,-0.01735066693805003,0.32321718259734034,-0.36738361583401014,-0.07259518402008774,0.10093808630393997,-0.255622572915806,0.04340911243533653,0.05377783778664028,0.10485406762685325,0.05189803777737025,0.1928507949047102,0.2581657843348656,0.3739524367068838,-0.044710946489783826,0.14697303430111058,-0.06657772815850937,-0.11938785586319055,-0.007966982586458105,-0.015632084768340042,0.07445886224540177,-0.07446692313737976,-0.1814801006805408,-0.020859573216074224,-0.08837357397782852,-0.17236161967502514,-0.06044338936324999,-0.033102455952263396,0.17111379359683046,-0.01717735776052299,0.22318554359632664,0.12970982804102188,0.32962720389824735,0.3369029649975918,0.2546052883481822,0.3249921910108963,0.24910856610838272,0.33477972605058615,0.2546254405781272,0.17157810097476336,-0.003636671415875524,-0.10186186452461897,-0.028769726514087417,0.0891869179784089,0.016089943432690545,0.16272240504773056,-0.2830054229650782,-0.15333146589335844,-0.13214260523998284,-0.15858958573060902,0.24625339816977448,0.1223413666839304,0.1902447085282222,-0.13610453364717073,-0.03742390014167018,-0.16975714547693274,0.27215465627348995,0.08757232131521514,0.22355795680571033,0.49715914014465273,-0.06122207152832497,-0.048998534932882996,-0.31142732199031486,-0.14455799106450123,-0.09254427948724667,-0.0560735798219752,0.16876646185283634,0.10312258802997845,0.5911757415516814,-0.2008810554931956,0.101986808350278,-0.2079722221662438,-0.2715113970936454,-0.12366415905752051,-0.1205284720780778,-0.2194396470941492,0.28323757665404464,0.24295407508317832,0.24765599337394678,-0.16616763027912854,-0.04794255808376476,0.08218925765230552,0.10435348623501933,0.14662641594605652,0.006852967315098252,0.19307569379089642,0.1628675011033346,-0.16792893517632193,-0.06569103004092917,-0.10518214593035792,0.1691082436727036,0.03874669251526028,0.07427104346231432,-0.3028634303528857,0.04708649135570096,-0.24715379980371727,-0.012312609451798889
#58,0.03378037696761335,0.31848785727384665,0.03557150716512536,-0.13225868208446606,0.0009507822088053153,0.10757945520461566,0.5689502501899347,0.01756831102145608,0.37478029031302457,0.2958045072477495,0.0015634099991334541,-0.013100158598049668,0.1161328676824734,1.0,-0.11778132009197478,-0.1076923076923077,0.2326554794920832,0.06377173166096695,-0.1063872492810692,-0.07785410994653613,-0.05011980500702305,-0.14551078849630106,0.07468214895319242,0.08172817463116382,0.0472372300356896,-0.029917597531754877,0.16481178824842863,-0.007982298281216308,-0.022051779139620694,-0.19234779524528287,0.2388470506203864,-0.11595714023735297,0.00018338529249954154,-0.07706978515707656,-0.14232996052178154,-0.08262132146232641,-0.0684139993510982,-0.11138742057502372,0.02900913500583407,-0.05989686088714147,-0.18670758912827498,-0.2803775721802496,-0.14234769448413315,-0.2804581811000296,0.06912255175596456,0.09881404126773648,-0.009263174016520798,-0.042100829667306834,0.024628846304987878,0.06746765063288078,0.08731437277191907,0.0428351769265028,0.10964949226456654,-0.03729734413761555,0.09014858239138451,-0.2532776594394053,0.08144846167952714,-0.09996997317738195,0.1187115470262362,0.19634519157717398,-0.05612355735223881,-0.0657982399042366,0.4299949820947437,0.46378140473134055,-0.0023904575160764415,-0.03639452423607934,0.22582709789751784,0.44442478482456477,-0.036577506483979984,0.08988740949129725,0.12909800633989155,0.057385086946796095,0.08105428406180286,0.04887278501802617,-0.005476166965255541,-0.06039824836817318,0.050421282367000324,0.003933312240665991,0.3570511644966074,0.09947503440993263,0.1324102268536525,-0.31226726693442264,0.034114097895502626,0.06373787591465933,-0.03213998545008998,-0.13260046390433333,-0.1527752643468763,-0.043545341509764766,-0.2803832148046342,-0.06704525989323348,-0.13479786305753663,0.19533193745553915,-0.1223341118811502,-0.1404050195174347,-0.08549583554168186,0.16007762638974815,-0.0516602414640192,0.09234195109859882,-0.22809623898932535,0.04353647452858896,-0.01933848289982528,0.1412215878748063,0.08991159216723127,-0.14899954254438025,-0.014995274302077897,-0.1562809462681093,-0.022387918335103372,-0.005588213363749765,-0.2065647904268847,0.05858857811911177,0.1059616341846307
#101,-0.18440942882534667,-0.09390818240992457,-0.3674279507398891,-0.048591459887993904,-0.3779377417008079,-0.4972050872289273,-0.1188147264435546,0.060894799314018096,-0.09540267178264611,-0.16241931550935768,0.09397105736735298,-0.03858869903249144,-0.26251866600298657,-0.11778132009197478,1.0,0.2948847594730595,-0.2190390207628425,-0.23768950653234533,0.777400886295073,0.30511967401752843,0.6844684748590856,0.4005783689994216,0.303326125552423,-0.06628189342291671,0.07174556600560635,-0.06501472120397482,-0.2292142847066742,-0.409419555320894,0.3730939517112266,0.03158458999280565,-0.31067685294716285,0.19056714420734228,-0.12819115599236633,0.032440656720869446,0.39889928520040385,0.47924703208033487,0.6551429498431149,0.3483558803199368,0.09717526192860872,-0.07480628668965364,0.5608337380572848,0.3683557594065571,0.2844676687698877,0.29522331693613557,-0.40693277014568047,-0.14050497457796193,-0.27272053089034565,-0.15220697146242718,-0.4696577949833039,-0.5694798507928895,-0.5321490539535653,-0.4378688613788559,-0.547875048113449,-0.5538602604071153,0.21179389105301447,-0.05656368205423771,-0.22898616146369677,-0.0742154233076661,-0.26635484449531766,-0.5350654846712063,-0.12833060942358576,-0.1871928548253507,0.2905205925561693,0.17717639045348563,-0.47964282187645474,0.010185340058804207,0.015358014441087978,-0.08048599117735374,0.6491174330895585,0.2929880315906357,0.15503795672510143,0.16351559681836594,0.19752611225195124,-0.31144183159587524,0.19433964165304712,-0.18421919177466584,-0.0009475578520141147,-0.2892558386048208,0.4884025931889493,0.30442401903982685,-0.1081679003190098,-0.07847238036124887,-0.1240720401916074,-0.08176525473426262,-0.19040995681377124,-0.2682435114857635,-0.22059557900379467,0.11393788679686351,0.07487964080665346,-0.006829590728362047,-0.22696368366641612,-0.3369593912414378,-0.2522120095199134,-0.20238199357949954,-0.23607974640433838,-0.1845529127025551,-0.09736549897928955,-0.37637231647867997,-0.18833750148622697,-0.3602190950439621,-0.3651225356341806,-0.3744981590937945,-0.31187873194108295,-0.2047801089429551,-0.23336645016454297,-0.3031375006801378,-0.29706361857471336,-0.08144443123353814,-0.08607783194249359,-0.13304058860633222,-0.11719287497758064
#102,0.1024156478035077,0.19109593872109917,-0.024389437813241224,0.09984341717332731,-0.03741825751728557,-0.0459386203380335,0.16348657760724514,0.13524766082990913,-0.0009773831523327214,0.09417419184519862,0.08314930988688553,-0.047319451133865216,-0.01735066693805003,-0.1076923076923077,0.2948847594730595,1.0,-0.08321379702270955,-0.09998206451534894,0.18960628588356446,0.676733242916995,-0.04821098578663222,0.6921093943650335,-0.3222627729871449,-0.06413527788917482,-0.41353061022967497,-0.030876037587939293,-0.5029839406879568,-0.048749453370762745,-0.014306874127156541,0.13329289452524368,-0.23291584630297266,0.03849196832875542,-0.26253075734095355,-0.07716893412840597,0.010501327024341879,0.25951275938438967,-0.1523190178609214,0.3531367953520897,-0.42816919006172627,-0.19577206215753803,-0.13887667439840556,0.23719537385409384,0.04186222726475798,0.1486988712736008,-0.4879624684869504,-0.1801282890958299,-0.27474623304441753,-0.20634795243267645,-0.08928767912813393,-0.16535831672453716,-0.2883094898866034,-0.23908968346892426,-0.31769869594920025,-0.23116743883294405,-0.3655626603361795,0.29940127724833393,-0.3172376129280586,0.2446154249198445,-0.1956527609562636,-0.3360420617343412,0.18245869296667022,0.2441148435280106,0.1438768456923601,0.023240760706375964,0.007613915517821625,0.3126670871765315,0.019372338646132886,0.09572510746176618,0.4819966023340313,0.47110633727175083,0.44568873268671544,0.29653240579336304,0.20248839735360916,0.11292543876442648,0.27309294409972934,0.338830324269532,0.23764839598325752,0.19595262613784528,-0.03335476187117486,0.2906052319219383,0.03067370919929145,0.08723053949534786,0.012105444527964242,-0.1263169986074809,0.07524076876726794,0.030772858170620872,0.006121844412693487,0.10689024894049651,0.1748798423289529,-0.14803545986381123,-0.17642995185632265,-0.38971470488066856,-0.17102270551747903,-0.04365900008665459,-0.33526499174766183,-0.4688831432642179,-0.002587143280339686,-0.2171785668943197,-0.0927192008431693,-0.09849966648059441,-0.2924544005416919,-0.19317967929741264,-0.15166608561070324,-0.3196308917563273,-0.22186033295514315,-0.29742071608933884,-0.36638970785312247,0.13160655592344572,0.05994119579302048,-0.08242302351966757,-0.39546937566376406
#201,0.411884576087767,0.3779957801230495,0.5958744354856587,0.30562025540936233,0.17865314586385556,0.44268201997892076,0.20204424220562126,0.1641798143173533,0.18470445747174152,0.596486257186789,0.13412719684496688,-0.06982868589323751,0.32321718259734034,0.2326554794920832,-0.2190390207628425,-0.08321379702270955,1.0,0.30439177547191487,-0.24253087825433323,-0.23073618111212096,-0.30802320730800464,-0.2198604256554009,0.08381917001025749,0.1796986435534024,0.27351211048258545,0.04661170481819666,0.27097051124192145,0.26328122638410556,0.10846534723299807,-0.029876486982667066,0.3602166767763687,-0.15790682818007226,0.2282252132609734,-0.09470701680494455,-0.005852610620628225,-0.19083799017780312,-0.15184261914502148,-0.1712072999437753,-0.13957071719771152,-0.015910991630778904,-0.12789451516757586,-0.3195994542776131,-0.09198565967317114,-0.23994575019698805,0.009989460383738763,0.03589152457665203,0.3363137137939999,0.2931943904252725,0.20724916015581704,0.24215040415297154,0.4826124544811506,0.44972885174608995,0.4490460941955532,0.37991507850301176,-0.03719980734468173,-0.03260509891722069,-0.0786158642384573,-0.2203593948688392,0.017023394723743156,-0.05245020887786338,-0.13960860339000813,-0.16408953232719967,-0.19624120607065776,0.21980480550075268,0.3999520376927309,-0.00909631355257616,-0.05232123460621535,0.06781426898793486,-0.11166471525906699,0.07887461887095117,0.16049598668340645,0.36190543364576006,0.04446025274926797,0.1479145464841412,-0.3257249260916967,-0.16968298527073514,-0.27998178238412974,-0.0032215354790084295,0.15073344040884845,0.10540785090574198,0.10910618814524921,-0.1665464922020946,0.018430020373904475,0.029643527204502813,-0.14911642547806128,-0.21903660249524912,-0.16439181577637474,0.028360233201604922,0.027708913129782377,-0.012660033896050768,-0.1893797748189826,0.012067558335667633,-0.1840563617567102,-0.05181098014400783,-0.03558601677068576,0.4746539358312694,0.2957722636798375,0.6946332596433459,0.4031514057187998,0.4896963663514186,0.476358008395419,0.4474572923866891,0.2644033025474434,0.20472287660991126,0.4326437911987151,0.29592783889501295,0.32393057153739346,-0.227399777922426,-0.15151454084151683,-0.053979360086090326,0.040848167053925355
