,#10,#11,#12,#13,#17,#18,#26,#49,#50,#51,#52,#53,#54,#58,#101,#102,#201,#202,#301,#302,#401,#402,#501,#502,#601,#602,#701,#702,#801,#802,#901,#902,#1001,#1002,#1101,#1102,#1201,#1202,#1301,#1302,#1401,#1402,#1501,#1502,#1601,#1602,#1701,#1702,#1801,#1802,#1901,#1902,#2001,#2002,#2101,#2102,#2201,#2202,#2301,#2302,#2401,#2402,#2501,#2502,#2601,#2602,#2701,#2702,#2801,#2802,#2901,#2902,#3001,#3002,#3101,#3102,#3201,#3202,#3301,#3302,#3401,#3402,#3455,#3501,#3502,#3601,#3602,#3701,#3702,#3801,#3802,#3901,#3902,#4001,#4002,#4101,#4102,#4201,#4202,#4301,#4302,#4401,#4402,#4501,#4502,#4601,#4602,#4701,#4702,#4801,#4802
#10,1.0,0.5605250058945273,0.5683964669110461,0.43865963488189785,0.10135322224080706,0.2570219437631871,0.18476249589398314,0.6062318755881932,-0.06342188894912167,0.40337308024819485,0.27663006349967656,0.018565443359134907,0.07247346455121992,-0.23560415377763627,-0.18047410136168618,-0.10188604720055297,0.34677916984903967,0.23293196808692865,0.028317510474121513,-0.08719023503545785,-0.23109247253754864,-0.04265541903539336,0.11817388553130347,0.11325432315712895,0.17192633150821304,-0.04700830070351435,0.3002081725353319,0.35429514552932856,0.1880432789290299,0.05506596832472497,0.1298944224673181,0.053530368402915626,0.19306118418533602,-0.023958180092418128,-0.10005058209716196,-0.12021087293414452,-0.0909699872839429,-0.04100777271508979,-0.031159780985564958,-0.07215344713969324,-0.027539634398244337,0.07964524014404814,-0.029390415196393557,0.034443788377402904,-0.02860205996094498,-0.18602080113174924,0.3500672076868666,0.3230865961472967,0.043331727872347715,0.15310817918556777,0.25035074956219283,0.2649401579531783,0.2436924527883633,0.24617520751758787,-0.14987817976998244,0.054857997311692525,-0.267031153332272,-0.20636004377064343,0.0918268601012045,0.09099658822747031,-0.2278237808404689,-0.10354175441283456,-0.055836589597821944,-0.0388579328245567,0.44868819059172993,0.17152006255252175,-0.21335609191835123,-0.07701255282403274,-0.03942703179820363,0.035386912738829115,0.1209532810853185,0.217705749229681,-0.26642739252311964,-0.08089226013304503,-0.28815875120661477,-0.14221146540970492,-0.23455301346370483,-0.15202640748211993,-0.03209645663340877,-0.012968766058808237,-0.15262775002367887,-0.06746845672207859,-0.033233848491504826,0.012209430034480466,-0.15432617996344386,-0.2648087654139369,0.16258536988410452,0.18353401595653568,0.059845271178482255,-0.05112580432587768,-0.06275525318254091,-0.045327604726100965,-0.11231603533088955,0.1328366480392888,-0.02194537536551107,0.1557545700219458,0.24213670063660894,0.34894916196951775,0.40557773420417836,0.1324908357734325,0.3726554391876233,0.11466014271809247,0.24932701628098658,0.08452691632592604,0.2981840825596556,0.14444916902279822,0.32479872960342426,-0.21157705305880622,-0.09551149382434913,-0.11637147008502226,-0.0401710521277732
#11,0.5605250058945273,1.0,0.5419035393361452,0.30672137325355736,0.027709719218980175,0.03969142905508209,0.487871380407599,0.41481148596497947,0.2733508926430254,0.5005471330430069,0.42093856995745865,-0.037076475697418294,0.06776751581446246,0.0295830705146678,-0.08135737360017573,-0.04191139870582379,0.29946415220576234,0.2538548193050302,0.0392835479209952,-0.10264538322488075,-0.1624644565044345,-0.13749503751337605,0.2784872930114082,0.054017246278386936,0.07486271293349965,-0.164632836446517,0.17365055630230763,0.21290871241357212,0.1377803930893973,-0.1015184705263561,0.2260657003000667,-0.12302734859125837,0.18653347386155014,-0.01496303073416589,-0.11956922593269559,-0.19886905685548634,-0.21687870171273801,-0.06087625926246869,-0.2296785920846071,-0.2603647956664645,-0.11263363447482282,-0.1350364654600855,-0.1721181807372895,0.025725127613996125,-0.13278989486581638,-0.2605711545011013,0.09614427384462228,0.12508287604564883,-0.044622276678025805,0.05579789731632754,0.11906461409487266,0.29203120371284685,0.19767685093193987,0.17249946092784896,-0.1995969554010999,-0.12203102234277734,-0.15354185517398428,-0.2855687866140828,0.10313709763553885,0.11455535112237844,-0.15345802189741306,-0.06336223834848445,0.0009967292930799258,0.09728327788111393,0.28804106218373593,-0.0017657383877813,0.15725228375145853,0.36487184189366473,0.09311660281768479,0.08507344480203458,0.18802473887748047,0.2389486178593092,-0.15965120520411186,-0.1063727396755088,-0.2652827458622434,-0.20540563416044802,-0.2004054628664935,-0.11909766375198247,0.19450327776020054,-0.02331330873417798,-0.0024347924219554513,-0.15734095356321653,-0.07199303538933101,-0.05002468648168263,-0.18597082360148562,-0.07885607881940176,0.10013522146293098,0.06916769275104137,-0.16169705958812872,-0.06512031888888666,-0.2807959324739079,-0.116094175400979,-0.027741156697694384,0.05134183623088813,0.1823176273570552,0.2233185483139637,0.21709150926095727,0.298069617893568,0.19187381479697635,-0.019665755114132155,0.30137377751535094,0.14994669735179547,0.21263786644311125,0.20070935849406416,0.3081271928145209,0.12645242159271133,0.2621607623991633,-0.11865270251479677,-0.13177261029819254,0.08604961882057059,0.21225497407415617
#12,0.5683964669110461,0.5419035393361452,1.0,0.5939422396785317,0.0547612666079565,0.16718733311434578,0.23238624570001792,0.41263182077412774,-0.124105895937915,0.5677483711960147,0.36503709017921376,-0.09202354586546774,0.07608716242495814,-0.0728434594930102,-0.4465980013018341,-0.20148159194555673,0.5787563252811739,0.5843368807975446,-0.2870906830195295,-0.22780040425373269,-0.3135699070780677,-0.08349350997434621,0.5008510286705775,0.28495535273455685,0.26558664148981403,-0.28709551955471635,0.36933757604947776,0.5278163245153893,0.010653677882726113,-0.3131160788597062,0.21776862418710943,-0.11682610439258156,0.5013016325321479,-0.2936191994325132,-0.3715914014465271,-0.37286985891423813,-0.45498455331574716,-0.4132138171749395,-0.17591163650213715,-0.3417540097899533,-0.15843723487222477,-0.23045888642807769,-0.40981776338460735,-0.1699892991658992,0.018159174403443612,-0.14722695239841765,0.4398881148193453,0.5259566767360643,0.19621621730552594,0.37144227494493404,0.4804440745390681,0.6898700785735445,0.6181684444292184,0.626492121485703,-0.25506637136932386,0.04066357262762911,-0.15095511493824348,-0.24887883068700967,0.331774625521187,0.30486091938503457,-0.07655953069486904,-0.06425860953643825,-0.30222823206501914,-0.009343782936300817,0.4875650665124349,0.08518871555732,-0.023552717225924634,0.0962716359378747,-0.20019104313987865,-0.057960634634025426,0.2344643436519468,0.5100839743421808,-0.3636747994349315,-0.027388089629057904,-0.5469085471652866,-0.24518049344750242,-0.3738686034303126,-0.16391138661448582,-0.0644689988170641,-0.1386888556153181,-0.21213809114047516,-0.1805402006759058,0.0015303603420236465,-0.2137526878036689,-0.2816423261315981,-0.12870463481136504,0.3024603857539856,0.09904216451071393,-0.11671647626168073,-0.2711776761657561,-0.3133248559619365,-0.1549460625565522,0.0618000374831477,0.22796887689607293,0.17125485920644548,0.5393764497010417,0.18265779699852688,0.7840882022800233,0.6638172757006426,0.39353073114305465,0.64808725109477,0.43725139705334093,0.3797909407665505,0.47670623892886865,0.5859756601366725,0.6259214103336604,0.5970529378928425,-0.05619932973683203,-0.24028591983845973,0.24284041650628851,0.2534662843116905
#13,0.43865963488189785,0.30672137325355736,0.5939422396785317,1.0,0.09413872392049542,0.1695540109990871,-0.17529497826582,0.345696592056394,-0.3076016226575552,0.5634543340393331,0.17329104052008876,-0.004896588832037209,0.19147721891165867,-0.18572657857455216,-0.29257450783216415,-0.2735830463319919,0.5621791009284133,0.12776876525271905,-0.29604875227468297,-0.2088379619646812,-0.2088565020162306,-0.2269765810935809,0.29027231708324686,0.18965545732463027,0.15999379311317694,-0.18160262623860643,0.32283590240678084,0.2501435846383582,0.029424270942701166,-0.15385139342593954,-0.006731247846230424,-0.07350122827841515,0.17477263246564548,-0.2568599198344293,-0.13053123293358027,-0.19364559885374116,-0.2198636500121921,-0.22932149456998163,0.037109525354528106,-0.3002444465492329,-0.20593684694179834,-0.08107604847014346,-0.15222067497878977,-0.15212313818585596,0.08161854650026298,-0.18333894237066803,0.6085437394074842,0.6246300554387846,0.18781273741845905,0.2454972865022379,0.40590984295367205,0.31489431163005344,0.3934662440072306,0.28935740584374364,-0.03014652686393013,0.033345088800801254,-0.05264125201774202,-0.17492498332402973,0.24366504575563808,0.12062359060341822,0.1488286516344466,0.062415083541069234,-0.1527631730089093,-0.1112745680873317,0.2683620065978401,-0.022173498608488523,-0.20550558922097525,-0.2084333051873855,-0.2824492214185961,-0.0618080983751257,0.10574157183363125,0.2767034176166764,-0.058303222543090505,0.07192854825350699,-0.17006587763969022,-0.06597638561695045,-0.08350076477712641,0.005669628372727584,-0.21469903652188632,-0.05737057734123569,-0.4238074414124295,-0.2688190591729928,-0.0741888223641387,-0.13655674968713663,-0.168223157733519,-0.03261960852278109,0.18560566519488214,-0.0304528407590942,0.04919360851875064,-0.29563522851621143,-0.3303212466975533,-0.08023046090165108,-0.07534636645217976,0.1284982759767282,0.03746662286915359,0.228275190791237,-0.0763846093389464,0.5061446164325314,0.40202691128786855,0.26880535565663016,0.29561507628626643,0.25313014511620785,0.011537151643515113,0.19404380691745446,0.16101107768080078,0.32747978227530766,0.1977493989597419,0.10910376987765581,-0.0009451395844207141,0.15392474754293936,0.11870912875864278
#17,0.10135322224080706,0.027709719218980175,0.0547612666079565,0.09413872392049542,1.0,0.479044703691687,0.3279714966859658,0.057105373995159435,-0.006319336266154532,-0.04984331641217759,0.02432172632062601,0.4856111062969673,0.5404541909585006,0.15607619961186806,0.08835664610467471,0.16192115238511717,-0.0062250238300119096,0.10143463724978488,-0.056331528365271256,0.14320053685540574,-0.28727044091063897,-0.27633181049649047,-0.19368106677844438,0.004787766790334184,-0.23260792022941298,-0.04199120153640601,-0.3526208982654976,-0.34554021075202074,0.24967847117122746,0.2822041703024648,0.061136626073358145,0.25415065404062287,0.05333368263865238,0.20762157336520073,0.19837008764204803,0.1810262724621793,0.24351672534324287,0.24750928513994716,-0.29326048973949215,-0.13126799846036963,0.17348047148157178,-0.03543205373390593,0.3179163400326063,0.19411071232087188,0.01571672413410906,-0.21557041894470833,-0.13138488139405066,-0.14186162269785962,-0.12663056730542518,-0.08930299482289213,0.0979676476100463,-0.024999647335975962,-0.13267139975373976,-0.17771727630520956,-0.24905697639972352,-0.27498564153616417,-0.23553886055261444,-0.21117803890589512,0.027643619904760563,-0.07279025760595538,0.04244180539797631,0.05794531893926722,0.19705616224963374,0.15818734722090674,-0.1553079966063645,-0.19532629483115455,0.21308605203708816,0.3046811614939251,0.10707645554518835,0.2136664362595043,0.34001366321190274,-0.05806542622973945,0.17290653597273806,0.18150267117807922,0.1615817888328433,0.16277157648879637,0.1938342237260264,0.20368140936635343,0.22833403530267643,0.2172527271005173,-0.015781211269933076,0.14343510881196558,0.0918050956928639,0.1161288372364844,0.46326067110956165,0.1259381366845148,-0.19629924449289937,-0.14277411566976944,0.21181162501536607,0.19809682340399376,0.1819355410772979,0.07797582941540396,0.18926208579610376,-0.1461870973332554,-0.22045209512658623,-0.2888020103864593,0.06258678054020067,-0.10115976083333501,-0.11834719470883051,0.1774303085507927,0.028585132087791173,0.17419869695681175,0.21346813831684544,0.10271067644990256,0.14553819552902628,0.07038166308292844,0.02335764364005699,0.1151994163914208,0.1916045810049111,-0.12895935899786992,-0.23129802528298768
#18,0.2570219437631871,0.03969142905508209,0.16718733311434578,0.1695540109990871,0.479044703691687,1.0,0.14338674346009758,0.36623896917313387,-0.09348256731348607,-0.0018044306692757087,0.23364132658099282,0.5077455095793625,0.5822402427940664,-0.06869854883792166,-0.022254107528268542,0.06154208893985164,0.11736054153072308,0.1787772836003168,-0.05939144296012075,0.14541728214935623,-0.21485703000465517,-0.15948273256177162,-0.04957085826332113,0.08823412054660909,-0.0927087216835979,-0.00437101867507149,-0.07844980986371047,-0.16803453286123377,0.276099656807524,0.41124454126471366,0.20148723456994133,0.22551030484278237,0.23825296288160766,0.07603557271629892,0.09473442383766975,0.06767884600270443,0.1359973237838633,0.13489862420726165,-0.26335861094709434,-0.05788002571424541,0.033488572678009684,0.12348198289881766,0.10954792502564371,0.07138443804499187,-0.1041858196818769,-0.1439606789689313,0.06995040536210534,0.0006605900975972496,-0.1350485567980525,0.08760859532911615,0.17102351160667684,0.020679815324964785,-0.08224165345016253,-0.05392132166384871,-0.14017125365007266,-0.1960493568415813,-0.2719216964953257,-0.1355838000253918,-0.11627957591647303,-0.04983606160939739,0.027721004467749378,0.14779524528286678,0.03215771941244158,-0.06077630420194147,-0.11639968320694527,-0.19479991858499102,-0.11592650884783656,-0.030805907827730676,-0.04245309064674552,0.1271408217676327,0.15355314042275348,0.055844650489799946,0.15403437567384018,0.18690911142772504,0.11254899510905379,0.13813507233642938,0.1902519633310024,0.16720990361188418,-0.037495642080274394,0.11272230428658084,-0.0397260908905875,0.21512545770752262,0.001523105539243445,0.35539706946272137,0.3635708139284152,0.024258045273999794,-0.04388470506203864,0.011408983461064883,0.09119569225932696,0.25778127978751486,0.1355015789272162,0.060669094338634044,-0.017733559307005115,-0.15001440884441067,-0.24183764154422507,-0.25493336665168687,-0.01629065964294279,0.03512009721435726,-0.07076858589787254,0.18591439735763962,0.04337848104582012,0.29538534086489343,0.15702899704366788,0.13936435836307468,0.18389111347116116,0.13525733390028274,0.07703109287558214,0.07361005032011818,0.2048437899895813,-0.20249162171040036,-0.21843525995369018
#26,0.18476249589398314,0.487871380407599,0.23238624570001792,-0.17529497826582,0.3279714966859658,0.14338674346009758,1.0,0.14247586266658338,0.3381330571134349,0.147080244164418,0.368791853662567,-0.02035093093226231,0.3174802457765964,0.5044115246572609,0.09672223979944501,0.3377396855849084,-0.039667246379148084,0.15506375157943103,0.19041640552735362,0.24222940089435596,-0.21114821360557653,0.09965721056863547,0.0278161229930898,0.09415565179364922,-0.09810226450607892,0.09785721338994767,-0.2220312238650768,0.005229503670728684,0.2224536146047241,0.19420744302460788,0.18496563037182878,0.1792867319733265,0.11205002589561548,0.270665809525153,0.08538056478639644,0.17297102310856208,0.10553682517739,0.2514220421060692,-0.4230013522146293,-0.009785519816695317,0.12088637568190108,-0.057368159073642296,0.04329706603684231,0.2185360211034152,-0.14456524586728145,-0.07468456722078581,-0.34867106119627667,-0.24874340770177925,-0.21702944039272665,-0.04110208515123241,-0.04683418543678951,0.13365079812906697,-0.07528268540555355,-0.021783351436753234,-0.39074005034027043,-0.10997192794368661,-0.28868190309598707,-0.11824723964830328,-0.00013663211902713095,0.026556205576928116,-0.15300258150065596,-0.04994246538350701,0.2732573862960806,0.40647168712453874,0.01823333460964123,-0.0702349548489288,0.5794681020428315,0.7888916878097146,0.31456381505895536,0.22923201866902582,0.3776572226599734,0.18972478099564108,-0.04734202163140362,0.04784663346922654,-0.08085356785155061,0.012314221630194489,-0.07332791910088811,-0.07079357466300433,0.46067393087382086,0.2150005138818636,0.0790350306213134,0.06597396734935704,0.06773527224655045,-0.10930932262309485,0.08023449134764007,-0.10072286048812731,-0.1576101873552818,-0.08328392678291817,0.018429214284706674,0.010295774278902832,0.00432507159079688,-0.16740820155454303,0.12560199748903214,-0.19506995846625408,-0.09854803183246243,-0.06606344325031287,0.2508344030808729,-0.023816308393605296,-0.11385727787708348,0.06864131650487784,0.25135594279184964,0.07893668773918178,0.4216850085546216,0.23733079683932426,0.3321381717493949,0.05547304336961406,0.15972133496432048,-0.0604885303583268,0.010980144007835186,-0.08533058725613282,-0.06734351289641956
#49,0.6062318755881932,0.41481148596497947,0.41263182077412774,0.345696592056394,0.057105373995159435,0.36623896917313387,0.14247586266658338,1.0,0.13161139245863251,0.3240079561003823,0.20852439326673694,0.11702762669203161,0.27614399171340304,-0.18150508944567262,-0.020827329648162217,-0.09999012540732695,0.35928725593130506,0.12727382648526972,0.0918454001527539,-0.04486490952656366,-0.18710660328118608,-0.12641292322201914,0.21955733611702802,0.2383464692285525,0.24953256902642562,0.1187873194108294,0.10063419067636929,0.12870463481136504,0.4188467684891672,0.203465377461343,0.20199345858615986,0.16960801897533972,0.17953420135705117,0.004869987888509803,0.12442913770623289,-0.03213192455811198,0.12296286145543435,0.03320563536958182,-0.048593072066389506,-0.18465447994147793,0.11426596510036818,0.11935641838447633,0.018306688726641047,0.027835469133837006,-0.030227941872907945,-0.2322459861796007,0.13302688508996963,0.13476078295443783,-0.05266543469367603,-0.01448018330468358,0.19054779806659505,0.18263119605499947,0.21612742658038825,0.1509833280601665,-0.09383321611452915,-0.06434324890220727,-0.25584505353439885,-0.30612003071199845,0.03227299016772701,0.0790503463160716,-0.08057788534590295,-0.03306053931397779,-0.018521914542453694,-0.056519347148358705,0.14029539138653388,-0.027837081312232604,-0.056125169530634414,-0.08542086924628645,-0.017815780405180736,-0.0344542675369743,0.16748397393913622,0.09011311446668131,0.0154563573232196,-0.055433544998921856,-0.12046640320984718,-0.09329877897638764,-0.12169488314729467,-0.10432849746988752,0.11714692789330604,0.08460994351329947,-0.1871638356142299,-0.07410095864157848,0.0233971420107492,-0.029217912108064317,-0.015325770873175971,0.030079621460512712,0.064045801988219,0.034318844551743874,0.050253615813857885,-0.20188060609846784,-0.034805722427215184,-0.04594265078402251,-0.11607241099263839,0.10616879910846534,-0.03894499045791912,0.10353127525326315,0.06595300903021424,0.2880168795078019,0.25400072144983205,0.060955256003853105,0.19462257896147497,0.12026810526718834,0.18397333456933676,0.06747571152485879,0.21582836748800438,0.19929547804112263,0.24176267524882966,-0.1042051658226241,0.0715174427626289,-0.1341828169996151,-0.2039982024210889
#50,-0.06342188894912167,0.2733508926430254,-0.124105895937915,-0.3076016226575552,-0.006319336266154532,-0.09348256731348607,0.3381330571134349,0.13161139245863251,1.0,0.10282836547278139,0.12194799515540392,-0.038027660950822516,0.0776743520554267,0.20012252555806562,0.25277465977997793,0.1288747196321009,-0.12121767834219696,-0.02525275934408522,0.22446158279644435,0.08269225731173283,0.02291590675966249,-0.024796512858130317,-0.04982397027143039,-0.12634601781860172,-0.025175374781096403,0.033790050037986956,-0.20470353046916406,-0.13782875844126533,0.14054527903785194,0.056568518589424514,-0.004454851951642709,-0.08996801841107728,-0.13718227490462956,0.12900530608214453,-0.01725877276950081,0.013237193761675698,0.06521060087904026,0.10323141007168148,-0.1399350695151172,0.055433544998921856,0.014859045227649666,0.026086255574610608,0.003735014298007146,0.0975791126167066,-0.18770391537675601,-0.042856941334843406,-0.38213343597535787,-0.33003508503233425,-0.23535507221551602,-0.23808932677445424,-0.40188342741066013,-0.1942026064894211,-0.32041360436739125,-0.15887816566342147,-0.05964052452224101,-0.14019624241520445,0.0023541835021754333,-0.12261624310038027,-0.33044780270160795,-0.08955933118779258,-0.13532746366049136,-0.06231915892653102,0.10071721786374271,0.16041537776362644,-0.20029502864639487,-0.16097319148850417,0.3382144721224127,0.4517182798862608,0.17711593376365062,-0.04286742049441481,0.16187681747923816,-0.050844479195845414,0.19627344963856977,0.003281992168843443,0.0194295709791767,-0.09069269259989964,0.0006388256892566447,-0.10521358340907214,0.31565042329759,0.13371447917569318,0.1244525142929691,0.04726624924681041,-0.10611962766739953,-0.0006323769756742433,0.02344228300582601,0.11537272556894783,-0.2508505248648289,-0.07561237588745383,-0.16942745499503248,0.05356261197082763,-0.04267154081934937,-0.16281591139467538,0.20077948825427278,-0.30535021552809927,0.07455720512753339,-0.03800347827488851,0.03219238124794699,-0.24497171634527218,-0.19016893614362898,-0.31546663496049154,-0.1818839513686387,-0.12599053248237183,0.00344321000840348,-0.12606711095616285,-0.16759279598083926,-0.34688073708796247,-0.1757504186625771,-0.12357145879977349,0.04749517857898566,-0.08149602094219736,-0.037634289422296026
#51,0.40337308024819485,0.5005471330430069,0.5677483711960147,0.5634543340393331,-0.04984331641217759,-0.0018044306692757087,0.147080244164418,0.3240079561003823,0.10282836547278139,1.0,0.45553269397025126,-0.09909617248696655,0.16792490473033295,0.023655090554045258,-0.22061492514454187,-0.30557511441428553,0.6257440707101445,0.3116223955761825,-0.1994913577161881,-0.3477303551024439,-0.05894245127694605,-0.21881492796585406,0.4213819190162487,0.20594974436896316,0.36149271597648636,-0.1907364229388803,0.49564208027439277,0.4810212344046931,0.15549823365704532,-0.293599853291766,0.013971541020871664,-0.409379250861004,0.196474165848822,-0.33722781894430526,-0.4211151034917769,-0.3654683479000369,-0.44350261878228137,-0.4168589525273919,0.06605457626913706,-0.27533145380202045,-0.1276341483566864,-0.07491430264215887,-0.29101311305602523,-0.2868706206685301,0.0874522140247429,-0.13298738671927743,0.40953563216537725,0.44739925396444746,0.24450579678894369,0.3764754958959984,0.34992936643404277,0.45318213786946593,0.38171023914651275,0.39014112606630486,-0.18393464228784237,-0.06072874493927125,-0.05864984089814458,-0.32135511655042187,0.26511024277391415,0.1412014356448613,-0.035266805448356885,-0.15999701746996814,-0.09368247743454051,0.1320861789961368,0.4980345530134637,0.14024621994546807,0.051149987001811684,0.09397508781334199,-0.17908682185227207,-0.30089899097784667,0.18824883167446893,0.3959747935907848,-0.3523170026379269,-0.18207660668691295,-0.6029204611636301,-0.48362248424599424,-0.5246685461979795,-0.45011255020424285,0.045496077368441204,-0.09369698704010092,-0.221965930640055,-0.23740253877792847,-0.13684855397674028,-0.17602368290063136,-0.4212811578665237,-0.0798790060114102,0.2754846107496025,-0.008103211660886336,-0.029525032092426188,-0.22807286240258917,-0.5976284855800719,-0.09908891768418635,0.04834076614747805,0.30522446561324246,0.3610791922180149,0.4776380780415257,0.05328370510838877,0.5554869484082762,0.4141803181231019,0.24761327064646338,0.43162247618510224,0.13538953252872196,0.05505710134354917,0.2304177758789899,0.25373874246054695,0.241499084081149,0.30075147665464924,-0.1475445515423509,-0.35920906527911844,0.3372084728035581,0.37982076606686915
#52,0.27663006349967656,0.42093856995745865,0.36503709017921376,0.17329104052008876,0.02432172632062601,0.23364132658099282,0.368791853662567,0.20852439326673694,0.12194799515540392,0.45553269397025126,1.0,-0.05635329277361186,0.17066318973526015,0.12118946522027395,-0.15680248597908603,0.05533600820598803,0.36892082793421505,0.24251314429198162,-0.03244388107766065,-0.04146160093345129,-0.21736961003419833,0.0022397188360878074,0.2362498312250742,0.2652867763082324,0.30186710410440465,-0.01135094503882327,0.1978042130251923,0.19900447984071679,0.10008846828945857,-0.03552556008085075,0.1006503124603253,-0.030319836041457167,0.3400733138125399,-0.006410424345505952,-0.22460184231686156,-0.0847461725877277,-0.2506215955326537,-0.1280670182559051,-0.1095301910632921,-0.12832577288839897,0.05051720698153854,0.06875981161695448,-0.18790463158700826,-0.006678852048373413,-0.05638231198473267,-0.0811840644226487,0.0737309636997882,0.09898735044526352,-0.0719599857322212,0.2818317570930811,0.20464307377932905,0.2719740922931827,0.08526287576351761,0.1778857489475498,-0.3390971397940039,-0.04180741319930757,-0.14854410214762315,-0.1823724414225056,0.14542131259534524,0.10911505512642501,-0.0789955322506212,0.00684087597713125,-0.014771987594287246,0.08703465982028241,0.26027209540871743,0.11342843842385379,0.057148096722642844,0.25636578715617775,-0.08403842627205914,0.03833558702438218,0.07425492167835832,0.25842050852137044,-0.18374279305876592,-0.03956245478343406,-0.3913760547173347,-0.2603575408636843,-0.23590321287002014,-0.13827855621363783,0.06041759450892038,0.030301295989907762,-0.04182998369684598,-0.0016746503084298793,-0.1486843616680404,-0.13989637723362278,-0.2835503392627911,-0.24868295101194424,0.0030836942261845985,0.04354131106377576,0.07821040137196382,-0.11924517807517991,-0.2388397958176062,-0.1382076203642314,0.15556513906046274,0.1500458463231249,0.1590240678082233,0.24040844539652534,0.21831595875241575,0.29239233167346135,0.12526344002595607,0.1845972476084341,0.20634714634347864,0.17588503555860974,0.23083452399425258,0.21691658790503462,0.3129725949824978,0.22885235065686194,0.24652343805103755,-0.08931750442845253,-0.07257664396853834,0.14276686086698923,0.26298297338091947
#53,0.018565443359134907,-0.037076475697418294,-0.09202354586546774,-0.004896588832037209,0.4856111062969673,0.5077455095793625,-0.02035093093226231,0.11702762669203161,-0.038027660950822516,-0.09909617248696655,-0.05635329277361186,1.0,0.5057576936175873,-0.06702430157409069,0.17118956598142368,0.013481438788609154,0.009878220074442338,0.0011724567382003655,-0.014696215209694028,0.04289160317034881,-0.11843586452058853,-0.3271428369906272,-0.06081015994824907,-0.05684097673828097,-0.09175511816260028,0.028194178826858086,-0.22761500373823865,-0.32920964969378685,0.21882057059023866,0.39448675293164565,0.1567468658244378,0.11843183407459952,-0.011767693154085965,0.15595206187540683,0.25402812848255724,0.008777102230247288,0.20470353046916406,0.12839106611342077,-0.08026431664795868,-0.06371772368471433,0.19071546461973748,0.11942816032308055,0.21478367588765535,-0.042636878983843954,0.019168398079089443,-0.16869633209262772,-0.18128099664868416,-0.17367715724583505,-0.06874530201139407,-0.14580823541028934,-0.012956674720841235,-0.14112324499267467,-0.15557884257682533,-0.2953168232830804,-0.04010172845676238,-0.28851665481043803,-0.11537111339055223,-0.28133923659322524,-0.12021973991532033,-0.2163394280394097,0.017025812991336556,-0.04893162952946558,0.2768936546673572,0.21876414434639266,-0.22663882971970264,-0.18066595059076263,0.09387432666361696,-0.007483329067777995,0.09379774818982595,0.13920958923709703,0.014531773013342792,-0.12335542689476305,0.1342352127974721,-0.07075488238150993,0.1019860022610802,-0.11632229864395645,0.10270422773632017,-0.028513390149186957,0.24136527327431417,0.06386765627550517,0.26065740604526594,0.23238140916483113,0.06095686818224871,0.4507034135862304,0.5009235766983796,0.28104582012522594,-0.1425484106943854,0.055944605550327174,0.10932786267464427,0.4837990177803125,0.101087212805533,0.31407693718348406,0.01982052424010979,0.00842967778599541,-0.1452576764881918,-0.3050696964872648,0.05805091662417905,-0.1483554772753379,-0.15575940655713258,0.1156887125344855,-0.009927391515508149,0.12831206937203637,-0.08847352903835574,-0.0007274955010146647,0.007517184814085602,-0.0538640893308049,-0.07716974021760378,0.034817007675984384,0.12917136045689137,-0.1023793737896067,-0.18968125217895987
#54,0.07247346455121992,0.06776751581446246,0.07608716242495814,0.19147721891165867,0.5404541909585006,0.5822402427940664,0.3174802457765964,0.27614399171340304,0.0776743520554267,0.16792490473033295,0.17066318973526015,0.5057576936175873,1.0,0.19943090102635308,0.1925162678876231,0.18982151169937708,0.0830219477936331,0.019490833758209515,0.045004362957783095,0.21819101492675672,-0.261903619945065,-0.2450716714057994,0.009478399832333447,0.13187014709112638,-0.11860675543052217,0.16438617315199014,-0.2533405343968337,-0.23735739778285167,0.4179544277472024,0.4708967540803228,0.09276031139225711,0.12172229018001987,0.10620910356835536,0.1200641647001449,0.27237230035689597,0.13967873315021673,0.24462509799021812,0.20144934837764472,-0.3000912896016509,-0.21132635931829036,0.19069208803300128,0.14381235855653607,0.3186353715970441,0.060557047940139816,-0.06383218835080195,-0.19421872827337708,-0.07049048512463146,-0.05821294055293689,-0.21120141549263133,-0.15653002783022957,0.17728763076278206,-0.02406538995572555,-0.1766242193529925,-0.2044117261795604,-0.37629412582649335,-0.32462864478268844,-0.36217950397301213,-0.33698518609576744,-0.03284450740896734,-0.21200347424444252,0.14534795847834542,0.02989341485582087,0.4165405472942608,0.37225723112391,-0.15530880269556227,-0.16539297856004256,0.27236101510812677,0.21804511278195488,0.12236071282467761,0.16189777579838097,0.3065448397192391,0.20103421244077763,0.18572012986096978,0.16433055299734192,0.07424847296477592,-0.03955439389145606,0.057186789004137255,-0.04259738061315175,0.3343863545220596,0.2716169947785572,-0.03068821880485185,0.07077100416546593,0.1579745396726875,0.117885305598491,0.41489048270636386,0.30959266297612165,-0.1298291292422963,-0.22884751412167514,0.17199162473323484,0.052785541984148254,-0.04357919725607237,0.1540642009741588,0.08815270553763127,0.016972611104281745,-0.27430369007482525,-0.3121229769680164,0.013236387672477899,0.02680851149583957,-0.09558726620894235,0.1606910602692741,0.2300131191016942,0.20940141831394352,0.13654304617077404,0.17991709372600626,0.17824123428377966,0.1288602100265405,0.07954850944031212,0.07479419535168665,0.12452667449916671,-0.14546081096603744,-0.2814617621512909
#58,-0.23560415377763627,0.0295830705146678,-0.0728434594930102,-0.18572657857455216,0.15607619961186806,-0.06869854883792166,0.5044115246572609,-0.18150508944567262,0.20012252555806562,0.023655090554045258,0.12118946522027395,-0.06702430157409069,0.19943090102635308,1.0,0.04952491117904652,0.07579616422455226,-0.0945167797542637,-0.002155079470318788,-0.08054402959959535,0.013827251054465433,-0.09470218026975775,0.006330621514923734,0.006972268516372679,0.10778339577165912,-0.18132049501937636,0.11339700094513959,-0.19370847381116957,-0.10700551969578194,0.058571650245957965,0.013531416318872764,0.10542397268969798,0.05459843659000087,0.12202618580759055,0.03390290252567898,0.20936030776485573,0.12941399330542921,0.058846526662407826,0.03811149422739373,-0.2631345181501059,-0.017278118910248014,0.03011267111762252,-0.18883244025367626,0.10561824018636783,-0.1196377435145086,-0.035425605020323526,0.04752903432529326,-0.1651430909087245,-0.06996813932445695,-0.08678154781217316,-0.05465566892304468,-0.12288386471404994,0.005686556245881388,-0.1130253938249537,-0.1319451133865218,-0.24086711015007364,-0.17772050066200076,-0.04224915007970207,-0.09207997210931376,0.005468106073277539,-0.14438306970857862,0.10980748574733537,0.059495428466636975,0.2807129052865345,0.3236371550693942,-0.0618282506050707,-0.022267811044631144,0.748222069513102,0.6306160738216487,0.2292175090634654,0.03040850585321519,0.3366095485295925,0.30457233945222206,0.02741872101857431,0.1527091650326567,0.00556241850942016,0.02953228689520639,0.035522335724059544,-0.011661289379976342,0.32689214325011134,0.09351642305979369,-0.14248150529096798,-0.26616702571223017,0.13494054084554727,-0.07852558224830368,0.009090670928191559,-0.03880473093750189,-0.10300409291790183,-0.3465816779955786,-0.06695417181388207,-0.05881670136208922,-0.1726550361430244,0.07299016772700984,0.12299268675575296,-0.08262051537312862,-0.13809234960894598,-0.07023979138411561,0.03646949053147476,-0.013443552596312545,-0.08625920201199863,0.17631226283344384,0.22937872690302546,0.09901959401317553,0.15123402180068235,0.17711270940685941,0.1738690064749115,0.11709533818464682,0.12771636945486203,0.1607418438887355,-0.0662182123762905,0.18468108088500532,0.07496750452921368
#101,-0.18047410136168618,-0.08135737360017573,-0.4465980013018341,-0.29257450783216415,0.08835664610467471,-0.022254107528268542,0.09672223979944501,-0.020827329648162217,0.25277465977997793,-0.22061492514454187,-0.15680248597908603,0.17118956598142368,0.1925162678876231,0.04952491117904652,1.0,0.43649447929660656,-0.27406428158307855,-0.3628832198426917,0.5574513877833152,0.4031522118079976,0.3549061611412611,0.11750724976472271,-0.29438256590282996,-0.16885432557539654,-0.14999909314965248,0.30085465607196765,-0.584860032686917,-0.5526890128027117,0.30158174852838343,0.4019761276684071,-0.24118229102641353,0.08092934023614383,-0.43959953488653286,0.23453205514456202,0.33945746166542057,0.4349097079337314,0.6153414896125331,0.4764740852399022,-0.06717100980809032,0.09484405196857058,0.35911475284297584,0.22734173950018438,0.5345141196599109,0.3751518974332105,-0.3099844223262525,-0.06671234505454202,-0.46964167319934785,-0.4044306692757087,-0.36234314008016555,-0.5450231045316319,-0.42148187407677595,-0.5349727844134593,-0.5386259806578897,-0.5878933463382391,0.08767308246494016,-0.12149013649105342,-0.15882738204396007,0.05898275573683606,-0.4689339268836793,-0.5160998180253636,-0.30137135924775754,-0.26371732064011544,0.36573274515691534,0.2084244382062097,-0.466663979702674,-0.1324481130459491,0.13282616887971738,0.018873369432694576,0.43862577913559025,0.14279749225650565,0.08540877790831944,-0.306908385947447,0.34310743355305984,-0.0997579717183605,0.3801947914546484,0.05267268949645623,0.17624455134082861,0.019950304600955617,0.3881484735693428,0.3213768809587625,0.015197602690725742,0.020812013953404013,-0.18513652128176245,-0.014531773013342792,0.2489868466395149,-0.12744713566279678,-0.5867188743770442,-0.131908033283423,0.07516499638267472,-0.020450079903591732,0.154950899091739,-0.1642580049695399,-0.1226936276633691,-0.3258055350114767,-0.36396982808132633,-0.44393710085989563,-0.12007464385971629,-0.5063211499668496,-0.4179745799771474,-0.3534979233127042,-0.371373757363121,-0.23633850103683224,-0.3239990891192065,-0.08486305552140871,-0.3950010378398422,-0.4047474623304442,-0.4742210659320507,-0.1329317665646292,0.11491809126138854,-0.3127283499555643,-0.31579874370998523
#102,-0.10188604720055297,-0.04191139870582379,-0.20148159194555673,-0.2735830463319919,0.16192115238511717,0.06154208893985164,0.3377396855849084,-0.09999012540732695,0.1288747196321009,-0.30557511441428553,0.05533600820598803,0.013481438788609154,0.18982151169937708,0.07579616422455226,0.43649447929660656,1.0,-0.4988785284035605,-0.25752655560101,0.6316873663655251,0.7971678056035291,-0.2418674668445437,0.5557763344302864,-0.2270201099102621,0.2826370402016835,-0.2150295330929844,0.553131555772304,-0.6017822632163362,-0.2642993170409272,0.15124288878185815,0.5634067747766629,-0.20892743786563703,0.2689359421066738,-0.1266571682489526,0.4697150273163477,0.19724156276512778,0.6316510923516242,0.4407095197119037,0.6692672447669696,-0.28487716208237024,0.38118789334633824,0.38643875838080866,0.41251493784044674,0.3995618905209956,0.7438022824415635,-0.3389318915084549,0.2207277776322339,-0.3965761361323437,-0.36133311031532195,-0.5226920154849735,-0.4073648339557014,-0.36148143072771716,-0.3519728025504662,-0.5237093000525973,-0.27444072523845126,-0.4029837391656574,0.3453048327062631,-0.5923590804940521,0.3524814448342781,-0.29986074809108004,-0.11533322719825562,-0.3577645534366605,-0.11592973320462775,0.3531553354036391,0.2512761399612674,-0.37734204178363356,0.09217750890224757,0.09530029845452549,0.21265801867305625,0.34417792000773845,0.44865594702381795,-0.005759104273683404,-0.20364674753084802,0.19474913496552962,0.2467322151532678,0.17671691961073951,0.10319191170098928,0.17560532260697306,0.08294456323064428,0.29816312424051283,0.7125453677076637,0.07494090358568628,0.1850849315731032,-0.03756254748369181,-0.30209280907978875,0.2531043502618782,-0.2071008397434218,-0.40113860099189275,-0.10840408445396525,0.39051434536488633,-0.13713310346356375,0.3676044842742074,-0.4962756663838637,0.14540519081138922,-0.3223329027473535,-0.2776271958373554,-0.4485052083438293,0.17275579729274942,-0.4498892634964522,-0.26806697795144524,-0.2140477164500638,-0.24825975418309912,-0.2436763310044073,-0.03814131952771234,-0.02674886089520236,-0.15326456048994103,-0.08262615799751322,-0.18793606906572247,-0.1942324317897397,0.0882969955040375,-0.23064186867597833,-0.19776552074369788
#201,0.34677916984903967,0.29946415220576234,0.5787563252811739,0.5621791009284133,-0.0062250238300119096,0.11736054153072308,-0.039667246379148084,0.35928725593130506,-0.12121767834219696,0.6257440707101445,0.36892082793421505,0.009878220074442338,0.0830219477936331,-0.0945167797542637,-0.27406428158307855,-0.4988785284035605,1.0,0.4485455128037193,-0.3771252037894253,-0.5612504861725475,0.19758253849579724,-0.2168698347315622,0.3115732241351167,-0.01638577816828321,0.5076995624950879,-0.4281329160478253,0.4123271190573593,0.22570296016105662,0.09689877333376325,-0.5361061458255664,0.07757600917329507,-0.30083934037720944,0.2034831114236946,-0.5361456441962585,-0.3523645619005971,-0.5427789522049562,-0.513592880620205,-0.6175276035169671,0.08818333692714768,-0.46294226587643056,-0.17290411770514466,-0.3553551528244358,-0.5031894934333959,-0.46515175636760087,0.13700574137031132,-0.20588525723313914,0.3875471310277839,0.461508233193544,0.28395983257527363,0.3111621186442386,0.40077747303127825,0.39184519863045447,0.5166374795202964,0.4076098850718326,0.17111863013201725,-0.1448030421806325,0.22735060648136018,-0.3904006867879965,0.17410035407468014,-0.013124341273983672,0.04729768672552461,-0.05803157048343184,-0.42395576182482475,-0.11047815195990512,0.3934178786553626,-0.04777650370901792,-0.04922182164067365,-0.09386545968244116,-0.17648073547578408,-0.30577099408935093,0.2481654417469565,0.435641636925334,-0.15176442849283486,-0.13791259171783654,-0.4272212291651133,-0.28817970952575755,-0.31233175407024666,-0.13306396519306843,-0.2215741712899241,-0.43029404118712755,-0.3337632475721601,-0.31558996660775496,-0.0038212658421717654,-0.08071733877712238,-0.3631782484890866,-0.021774484455577434,0.31863134115105507,0.0026121320454714917,-0.17159664102631278,-0.23377191303103645,-0.6200490505276861,0.07129334996564045,-0.09284092031203713,0.28935740584374364,0.27730556624743313,0.6298922057220242,-0.2177436354219776,0.642479288545674,0.48635754489413024,0.3068414805440296,0.31675154114178505,0.3577605229906715,0.06999232200039095,0.2981590937945238,0.2875227468295504,0.34283255713660993,0.28285871473107854,0.041023088409847995,-0.08244881837399717,0.2658099281976047,0.1819274801853199
