,#10,#11,#12,#13,#17,#18,#26,#49,#50,#51,#52,#53,#54,#58,#101,#102,#201,#202,#301,#302,#401,#402,#501,#502,#601,#602,#701,#702,#801,#802,#901,#902,#1001,#1002,#1101,#1102,#1201,#1202,#1301,#1302,#1401,#1402,#1501,#1502,#1601,#1602,#1701,#1702,#1801,#1802,#1901,#1902,#2001,#2002,#2101,#2102,#2201,#2202,#2301,#2302,#2401,#2402,#2501,#2502,#2601,#2602,#2701,#2702,#2801,#2802,#2901,#2902,#3001,#3002,#3101,#3102,#3201,#3202,#3301,#3302,#3401,#3402,#3455,#3501,#3502,#3601,#3602,#3701,#3702,#3801,#3802,#3901,#3902,#4001,#4002,#4101,#4102,#4201,#4202,#4301,#4302,#4401,#4402,#4501,#4502,#4601,#4602,#4701,#4702,#4801,#4802
#10,1.0,0.5250401533181654,0.42274985238491564,0.6646282014336297,0.042045209512658624,0.22570296016105662,0.01597386658820732,0.7191109642237462,-0.18422564048824822,0.5101033204829281,0.3213543104612241,-0.01033527264959504,-0.11292382658603088,-0.18733714479175692,-0.015620799519570839,-0.021697905981786416,0.5440154930343817,0.08892252072153044,0.26675466473742654,0.05512884328215339,0.1501320978672895,0.20996568075240366,0.23470697650048467,0.054941024499065946,0.4663350953099715,0.3180251620743093,0.24478873409737154,0.29604230356110056,0.23349542443619098,0.42284577699945386,0.13803189291911097,0.32735403236045085,0.3258909804664435,0.35897529941175643,0.3694641320535324,0.2418852008068953,0.38023187155774724,0.24785993394099023,0.43026744024360014,0.23641910995661225,0.3002637926899801,-0.018305882637443247,0.25113588044085017,-0.047630601564216085,-0.09505927778438324,-0.22136055765250703,0.22805754670783096,0.34730796436279654,0.04437158293750995,-0.08320009350634694,0.1637300165449808,-0.05822664406929949,0.2688392114029378,-0.0247271891871195,0.1700392766961628,0.3939289392067679,-0.08707657645856802,-0.13144291981629228,0.09041217355906518,-0.018348605364926655,0.3171433004919159,0.23188324604059063,-0.2839195281153836,-0.3915090594349718,0.25591679547300306,0.14802417461504203,-0.3801835062058792,-0.4440628507747525,0.10660650554287085,-0.05602118402411819,-0.04602487188219812,0.2198781596177525,-0.15835662595244476,0.3128291111052894,0.13109307710444698,0.11084572863410201,0.03809134199744873,-0.07239285563143989,-0.02401138197947294,0.004417771848543901,-0.5245307049451557,-0.08053274435082614,-0.008639260977423457,-0.18998272953893713,-0.05138375286917374,-0.1748838727749419,0.3274225499422639,-0.001611775351001465,0.22275186760791016,0.004399231796994496,0.23968618947529638,0.2957384079335299,0.04265944948138236,0.16097883411288877,0.29056653964044393,0.1024164538927055,0.2741247382729136,-0.004921577597169015,0.07342868025061314,0.3023854194585902,0.10810341318318578,0.09599514734302925,0.3230011506923299,0.1275898134508074,0.18738309187603155,0.2030357319189155,0.17052454239323853,0.1810077324106299,0.04249178292823992,0.32517839761558814,0.2861056420198177
#11,0.5250401533181654,1.0,0.3374841553092057,0.48930460700128775,-0.09513505016897644,0.030807520006126278,0.13280279229298117,0.20385552463307827,0.04692849787293213,0.47698917623729653,0.3422086440975126,-0.3223248418553755,-0.24657341558130114,-0.013533834586466165,0.0754979112213662,0.2565374841553092,0.3395058270172886,0.20112368834173344,0.2792047123974503,0.32560723706881783,-0.021664856324676608,0.24704900820800327,0.10877407939575554,0.0719632100890124,0.3266438677771889,0.32923625063731426,-0.03537804575765331,0.11144223464047415,0.1329309604754314,0.2265219467860216,0.033051672332801985,0.15252134624956926,0.12298865630976395,0.28417989492627305,0.18745080336864675,0.027662159956309964,0.2202707250570812,0.18612801099505666,0.20781503477267277,0.09728085961352054,-0.011828955933118779,-0.13600941512183032,0.022277484115004745,-0.0064321887538465565,-0.21263786644311125,-0.12728994826922574,-0.10670323624660687,0.02900913500583407,-0.06109551552427034,-0.020721731963250393,-0.06448592669021791,0.013211398907346092,0.011027703270505397,0.08556193485590148,-0.08016516767662926,0.300711978283957,-0.27616656221094144,-0.06517593904353486,0.025317246479909235,0.03019650439419374,0.17999447828899506,0.12175211548033847,-0.11027098703607048,-0.1496677904893566,0.14202928925100208,0.18966109994901487,0.11856564488143435,-0.02985714084191986,0.17541105511030322,0.19307569379089642,0.09067979517273483,0.13397726425417605,-0.23545583336524104,0.2327030387547534,-0.051856927228282446,0.08639704326482246,-0.09647477041572035,-0.05669185023668794,0.05732221198936768,0.16499315831793368,-0.3305856439544318,-0.1978219469875439,-0.02672145386247715,-0.22024815455954277,-0.1665118303665892,-0.2392984605711545,0.19677886756559046,-0.12245663743921584,-0.07266370160190076,0.0693127888066454,-0.04727834058477741,-0.06497199847649142,-0.17845807227798793,0.09124889414638176,0.11221849853795572,0.14929940772596192,0.3716744286339005,0.013329894019422719,0.01862670613816772,0.03906912819438035,0.05635409886280966,0.02078783127747001,0.1907299742252979,-0.01496625509095709,0.07925831732910406,0.03523456188044488,0.11307537135521731,0.08774401831434657,-0.1187921559460162,0.31148939085854543,0.2891075181924256
#12,0.42274985238491564,0.3374841553092057,1.0,0.6200288982977411,0.07542536319356419,0.5344439898997023,0.12083881641923087,0.18962805029190505,-0.07890605634966537,0.5514299014757478,0.2431910653073316,-0.0038575398560727735,0.07060253152312569,-0.14322633170973534,0.15590289043434102,0.019271577496407864,0.6353744183562632,0.4517956644492496,0.26988390300328685,0.03169905465889328,-0.25801182129808575,-0.1757431638597969,0.30980869488113205,0.06858892070702084,0.4391569919169406,0.38148130981433753,0.17320156461913294,0.3676738079452182,0.38766643222905833,0.06416510318949344,0.2119760672117173,0.20415055327947315,0.4419097865274282,0.21485219346946838,0.27007010960797867,-0.05047448425405513,0.20431177111903318,-0.16852141073670507,0.23429425883121097,0.19505625494989148,0.2304524377144953,-0.18419178474194062,0.07747605411276785,-0.35575577915574247,-0.16717362959798315,-0.3001452975779035,0.1656323870517892,0.31196820784203877,0.10572867440646645,0.03538449447123571,0.1642652597723201,0.16575813696664604,0.35576706440451167,0.024300768001483203,-0.015081525846242515,0.0808132633916606,-0.22061814950133307,-0.34409489282036504,0.1558722590448246,0.2922561025990331,0.020995802290502456,-0.07969602376350955,-0.0022977572583294205,-0.06110115814865494,0.4538987511663103,0.2887004431475365,-0.0494580057756291,-0.13258514820957512,0.06771995655179223,0.1575481184870512,0.22312911735248064,0.4027523915658887,-0.3868401908013131,0.11908799068160887,-0.25965221281560913,-0.18705662575092247,-0.34317917549166405,-0.27041672796303273,0.10078815371314913,-0.018405837697970467,-0.17707885366055182,-0.38331193838254174,0.0059251586484302425,-0.2757498140956788,-0.33560113094314453,-0.2520370881639908,0.09181476876323749,0.22745942852306322,0.0962547080647209,-0.14634428472682645,-0.15788506377173167,0.062408634827486834,-0.012916370260951226,0.09943311777164703,0.19859095608224528,0.49738968165522357,0.419888235732725,0.2824806588973103,0.40124822912279356,0.44142613300874806,0.4380679654107125,0.37451508696694835,0.32944260947195114,0.5176821711206454,0.3981907327955375,0.36743117509668033,0.3781940780657084,-0.09728166570271833,-0.14690129236250637,0.23041052107620968,0.30539777479076946
#13,0.6646282014336297,0.48930460700128775,0.6200288982977411,1.0,0.04871317935686174,0.35331091061881453,0.10909973943166681,0.3664775715756827,-0.2004352881668121,0.6302283449175069,0.2238046201002372,-0.04260463541593195,-0.08983340151504465,-0.2561352456456069,0.1073166701261328,0.021119133937765884,0.5977099005890497,0.048117479439687395,0.2564359169163864,-0.06560397240756675,0.15825102826753296,0.1709291991705342,0.2728196798616751,0.012485112540128128,0.4124222375826997,0.24162080355001683,0.29378364162886444,0.2680137760643904,0.09821672917216655,0.19890452478018955,0.09199855710033594,0.22491057447961904,0.33968236055160683,0.3418862084183925,0.18087633987138846,0.13125751930079824,0.239796623695395,0.07095721077015778,0.403041777587899,0.2000016121783956,0.16350672983719014,-0.12443881077660648,0.21294740469506654,-0.05809363935166246,-0.14178988075925542,-0.2640050944837301,0.4472791466739752,0.4772954901324606,-0.028438423853791542,-0.18298345703443814,0.10054229650782007,-0.18042815427741157,0.19342231214595051,-0.04666248843765807,0.17869506250214118,0.24466217809331692,-0.09814176287677114,-0.18082878060871826,0.20417392986620936,0.014580138365210802,0.29601812088516655,0.18726943329914172,-0.1514307075649456,-0.19894966577526635,0.302410408223722,0.1329535309729698,-0.28137228625033506,-0.3027183342972817,0.012161870771810255,0.0019245379597479359,-0.12027858442675975,0.2424526876021466,-0.2599609449783666,0.29110017068938765,-0.02777662462239759,-0.047650753794161095,-0.0055785402933761635,-0.015687704922988252,0.11441428551276342,0.0648881651999202,-0.40063721351086107,-0.12394951463354177,0.022847389177849474,-0.24396813529401096,-0.13023378601959198,-0.23958704050396695,0.347451448240005,0.10541671788691778,0.19066065055428708,0.12332157114845543,0.007968594764853705,0.25329861775854806,0.03348776658881188,0.15989303196345192,0.26993307444435266,0.13418442917801068,0.3161026393375559,0.07973955258019076,0.0781418837901508,0.4856328707053079,0.10346114549305453,0.08903376103082687,0.24648716403713652,0.2026149533576638,0.21379460444195453,0.2277850885589745,0.222913891536668,0.20335333106284875,0.0015311664312214468,0.36826305914881013,0.3474321020992578
#17,0.042045209512658624,-0.09513505016897644,0.07542536319356419,0.04871317935686174,1.0,0.26956952821614477,0.053355447046992986,0.219400148723457,0.07434520366851194,-0.029084101301229487,-0.09610074502794107,0.596651505472338,0.5203019610134959,-0.022990873055057908,-0.4282433502679239,-0.23458767529921024,0.06980933975249032,-0.23194853926561243,-0.3020879725446019,-0.24650651017788375,-0.17497737912188674,-0.11953940063237697,0.0035197884821944973,-0.08992610177279167,-0.09716317059064171,-0.17869183814534997,-0.21704556217668267,-0.08935458453155135,-0.08232226236994254,0.15899988513228933,0.008050009773831523,0.2856776086557858,0.06679617833111323,0.11844392541256653,0.23377433129862984,0.3853013665227126,0.19875459218939873,0.09896881039371412,0.11265539888316342,0.03651543761574937,0.2494245530739204,-0.16640784486007298,0.1823410039437914,-0.0900147715845497,-0.017069341808017766,-0.08055692702676015,0.21968147385348927,-0.02976121622738164,-0.02812727342344067,-0.2027181327749822,-0.06120111320918216,-0.21770494314048322,-0.22919574465512482,-0.3426729514754455,-0.20106564991949183,0.01625116127225058,0.024235474776461388,0.007756593305832257,-0.12382215254028935,-0.22259709848193251,0.07677395042148388,0.11530904452232162,0.35655461355076246,0.287399415182287,0.08307676185908351,-0.2635190226974566,-0.038649961811524254,-0.006147639267023093,-0.26291364970990866,-0.22419960380715928,-0.1889726997740935,-0.20363465619288101,0.27022084828796733,0.0640224254014828,0.3661059644554968,0.25360170729692094,0.3441811443645297,0.16631433851312816,-0.011995816397063416,0.07269916952660396,-0.020715283249667992,0.14893747367614962,-0.108167094229812,0.3368425083077568,0.3302349951533887,0.3903087926194473,0.08974553779248443,-0.006255655219528317,0.19035111230233182,0.11103515959558505,0.15025301124695953,0.2158299796664,0.18260137075468086,0.05050672782196714,0.05192786307768886,-0.1844690794259839,-0.07743655574207564,0.1077495400253515,-0.07295147544551542,0.08451482498795904,-0.1086007702182285,-0.04584914443707769,0.0661795200947961,0.0556221698712071,-0.09446035351041769,0.06599008913331304,-0.040815923486013345,0.12498050271752821,0.16354300385109113,-0.04076352768815633,0.014364912549398154
#18,0.22570296016105662,0.030807520006126278,0.5344439898997023,0.35331091061881453,0.26956952821614477,1.0,0.18121731560205795,0.14981449872335623,-0.029826509452403456,0.4724823315323957,-0.05143776084542635,0.3169748278495757,0.26746160496389726,0.04694865010287713,-0.13083593465034873,-0.39553628106718147,0.5110279047928048,0.08618423571660322,-0.0481327951344456,-0.29837593178873206,-0.022102562759082105,-0.3389810629495207,0.20142355352331512,-0.10259056915943034,0.23717925207013782,0.030627762115016836,0.06605538235833486,0.17674755100025594,0.2610370740574298,0.15690244103961323,0.3819601267978308,0.2711825127009429,0.3257805462463449,0.21499164690068778,0.3921966535206953,0.15488802413431058,0.274861503799703,-0.024747341417064504,0.2550905540452579,0.17948664209438095,0.42647559665714807,-0.11498177230801475,0.19042124206254044,-0.40625081868434154,-0.03957051567541206,-0.16237901104946767,0.3118867928330609,0.3756806919469674,0.03029484727632536,-0.12101696213194471,0.009876607896046738,-0.038063934964723524,0.060900441938402695,-0.22252616263252611,-0.03372717508055854,-0.06262627891089288,-0.0922307107893024,-0.34547652970539455,0.23198884372550244,0.17657746617952008,0.2533897058378995,0.16794586304947573,0.13957958417888733,0.03364253571478952,0.27956261600127363,0.18754914625077837,-0.06996330278927014,-0.09186635847189671,-0.07894152427436858,0.015864238457306494,-0.06560074805077556,0.17694423676451917,-0.29643325682203364,0.13042966569465744,-0.16692616021425852,-0.07182053230100177,-0.1377787809110017,-0.10050844076151247,0.05971549081763643,-0.09410809253097902,0.0829760007093585,-0.003245718154942435,0.1090570167041834,0.14338996781688879,0.1325037332005973,0.12987588241576872,0.2834729546998023,0.4011756810949916,0.290848670859674,0.01174189829975636,-0.014558373956870197,0.2445896300655149,0.23137299157838312,0.21475949321172133,0.19361416137502696,0.11067241945657497,-0.12597360460921803,0.2583189412824476,0.1916005505589221,0.37797724007150013,0.22580533348917725,0.34322592866513646,0.3395412949419918,0.3756049195623742,0.3222474572923867,0.2791370009048351,0.10189491418172877,0.17142413793798353,0.08192244212783366,0.21972580875936826,0.19437833393454151
#26,0.01597386658820732,0.13280279229298117,0.12083881641923087,0.10909973943166681,0.053355447046992986,0.18121731560205795,1.0,0.14561558009201508,0.4034504648111837,0.4889741104301897,0.3593057959828545,0.06120836801196236,0.13579177103842427,0.4538995572555081,0.0009548126547943163,-0.10070270825818231,0.1263016829127227,-0.15923445708884917,-0.10682334353707909,-0.1765613443955641,-0.07890766852806097,-0.2405962641796128,-0.03783419954335047,-0.3208609838721704,-0.011017224110933995,-0.3687217239023584,-0.22933600417554204,-0.31270658554722375,0.07777591929434952,0.10738841206473702,-0.009409882250520432,-0.048018330468357975,-0.07023576093812661,-0.02345356825459521,0.004345223820741884,-0.044091869985873285,-0.11660120550639531,-0.03508221102206065,-0.026394181648170277,-0.1655953069486904,-0.006918260540120067,-0.020679009235766984,0.0353071099082469,0.112580432587768,0.04360982864558878,-0.13352504821421016,0.06726693442262853,0.003614907007534919,-0.11642709023967047,-0.21663042623981557,-0.16272724158291735,-0.140843532041038,-0.22557721024619978,-0.22135975156330923,-0.17636143427450965,-0.08042634057671652,-0.03278646898672573,-0.050052093514407835,-0.16308353300834505,-0.16016790837990177,-0.05331917303309198,-0.015158910409231334,0.22302674402436,0.27984071677451466,0.043175346567974476,-0.08975279259526463,0.44523732273594735,0.5716635464297302,0.06388135979186776,0.14806206080733864,0.24876033557493304,0.24570928796125935,0.18610705267591385,0.01778595510486213,0.07257422570094493,0.10806391481249358,0.12214709918726056,0.04605630936091233,0.16700596304484072,-0.03696120494213287,-0.1452584825773896,0.22488719789288283,-0.15615197199646128,0.11602726999756158,0.13059652615860207,0.05182145930357924,0.12346505502566386,-0.08928203650374933,-0.038732988998897676,-0.0038873651563913806,0.0370668026270447,-0.03624862209127751,-0.008453054372731614,0.0582733972427719,0.18560163474889313,0.0746482932068848,-0.25021613266616016,0.044353848975158344,-0.07655308198128664,-0.06804158614171452,-0.02979990850887605,-0.03553926359721335,-0.030888935015104098,-0.048410895907686664,-0.06828260681185677,-0.14052673898630252,-0.009629138512322081,0.016829933316271112,0.19589781207239487,0.0578405273435532,0.16098044629128436
#49,0.7191109642237462,0.20385552463307827,0.18962805029190505,0.3664775715756827,0.219400148723457,0.14981449872335623,0.14561558009201508,1.0,0.026961668443421606,0.3354826358310679,0.2228832601471516,0.2639946153241587,0.11498822102159714,0.02345034389780401,-0.07804837744320597,-0.20257545498697158,0.39001376397305243,-0.06146470437686282,0.22017560653174076,-0.11731620662484407,0.18572899684214556,0.050166558180495466,0.1691130802078904,-0.24192066873159848,0.35091279525535896,0.08255280388051339,0.19198505510627278,0.07255084911420873,0.1720754580098061,0.4300530205169853,-0.028900312964131047,0.3451597366506591,0.11980137962166204,0.34685897267962185,0.2946437388029172,0.2514962023122669,0.3300786138490155,0.3021572962156127,0.41093742128035177,0.04606033980690133,0.19705051962524914,-0.017167684690149388,0.2255352936079142,0.02358093034784764,0.003207025873448026,-0.3077523613375438,0.1717546345090816,0.07739222083619662,-0.022492709930817395,-0.30677779949740336,0.12822501173867396,-0.23458606312081465,0.08984065631782485,-0.21249599474429842,0.15252698887395386,0.26586151790626394,0.0009677100819591192,-0.275918286738019,0.018385685468025464,-0.2145684500718427,0.2967621412147361,0.1902705033825518,-0.23028718942894627,-0.2967008784357033,0.22980111764267275,-0.0706565394993783,-0.3316126015924292,-0.3011037376340879,0.11906138973808146,-0.1881037356188649,-0.005985615338265256,0.08982131017707765,0.11793447703955681,0.20462937026296646,0.23113277699743864,0.04451264854712498,0.18297781441005354,-0.029483115454140577,-0.07121838367024504,-0.04518895738407933,-0.48933926883679313,0.014975122072132892,-0.18996499557658553,0.11070224475689358,0.1350646785820085,0.18358721784359047,0.45370125931284927,-0.12147804515308641,0.11777164702160117,-0.06155014983182964,0.22721760176372316,0.28050493427350204,0.08038119958163971,0.21446768892211768,0.40910034399856515,0.0979603928072661,0.057029601610566215,-0.027559786628189344,-0.17071719771151278,0.14984754838046604,-0.09632564391412732,-0.06778928022280306,0.22403032507562123,-0.036441277409551755,-0.0229473442383767,0.07200996326248481,0.10610189370504793,0.12906737495037512,0.13344605147282573,0.26806939621903864,0.28311182673918783
#50,-0.18422564048824822,0.04692849787293213,-0.07890605634966537,-0.2004352881668121,0.07434520366851194,-0.029826509452403456,0.4034504648111837,0.026961668443421606,1.0,0.05594138119353597,0.08476148828248589,0.1161618868935942,0.30763870276065397,0.3698486366008831,-0.21013576557313948,-0.07230660408727528,-0.13387730919364882,-0.058522478804892156,-0.3129363209685968,-0.1588830021986083,-0.22392472739070943,-0.17854432382215255,-0.34601338511112945,-0.3074355682828083,-0.14764450660287814,-0.26563742510927546,-0.35909137625623966,-0.2822146494620362,-0.12019152679339733,-0.10713449396742997,0.008946380961785327,-0.13495585654030548,-0.09191149946697352,-0.02378970745007789,-0.27358546459958527,-0.3356446597598257,-0.3686902864236442,-0.14405821576186512,-0.2630434300707545,-0.20679694411585114,-0.11708244075748202,-0.11987150938187065,-0.11330510677659036,0.08632691350461386,-0.013184797963818686,0.0021446003107473857,-0.13112129022637,-0.29258095654574656,-0.3070115653647654,-0.26906249811072847,-0.3311216932709689,-0.19696668634867792,-0.297892278270052,-0.07959526261378452,-0.4106037003524625,-0.2921577597169015,-0.2084357234549789,-0.026251503860159647,-0.27904430064708813,-0.13640439882875238,-0.009641229850289083,0.015367687511461581,0.35566388498719326,0.4683857862291752,-0.047470189813853855,-0.21209214405620053,0.48313721854891856,0.4888419118017504,0.13832208503031904,0.12019475115018853,0.22596977568552848,-0.05588898539567896,0.24530946771915046,-0.2202731433246746,-0.1365124147812576,-0.014523712121364789,0.059002101877583264,0.02904943946572408,0.026336949315126465,0.12480558136160556,0.10903928274183179,0.1788474133605254,-0.21165766197858624,0.23712282582629182,0.22111953698236478,0.3863774956017758,0.1440380635319201,-0.029379936036822155,-0.29201508192889086,0.14904065309346806,-0.15961493119021086,0.0072995407306795535,0.08529189497463842,0.009174504204762778,0.003903486940347384,0.06506147437744723,-0.2953563216537726,0.17146202413028014,-0.046113541693956143,-0.1536256884505555,-0.14122642440999308,-0.07316186472614127,-0.15796567269151168,-0.019090207426902824,-0.1143884906584338,-0.05748826636411452,0.03736908607621976,0.08801163992801624,0.07589531319588169,0.039611626224499874,0.1289367885003315
#51,0.5101033204829281,0.47698917623729653,0.5514299014757478,0.6302283449175069,-0.029084101301229487,0.4724823315323957,0.4889741104301897,0.3354826358310679,0.05594138119353597,1.0,0.4141448501983987,-0.013143687414730877,-0.00732855994180036,0.1279775423549493,0.05284358040638987,-0.08621809146291083,0.6159678209192239,0.09172932330827067,0.20939093915437212,-0.0728104098359004,0.05881911962968262,-0.05441948478808922,0.24603978453235742,-0.14552449201266365,0.4257501163791279,0.08973505863291302,0.17226891941727812,0.09431525745481366,0.13405706708475826,0.1427201076935168,0.200887504206778,0.2300244043504634,0.3254266730885106,0.36449217388150085,0.21964600592878605,0.10566821771663143,0.2102518424176227,0.051294276968217915,0.3364088323193403,0.20232395515725793,0.0715287280113981,-0.14538584467064203,0.11087474784522282,-0.11300685377340429,-0.13545079530775478,-0.2720748534429077,0.28359870461465914,0.37225642503471223,-0.06278749675045292,-0.21756387753086817,-0.06193949091436713,-0.10129195946177424,0.045316319477331765,-0.08412467781622375,-0.04997632112981462,0.11757737952493133,-0.21581708223923518,-0.3042112114916076,0.15524753991652945,0.06343801073307767,0.35440799801702055,0.24824121413154973,0.003165109235162417,0.01762554335449989,0.2803106667768322,0.22280023295977816,0.016152818390118957,-0.003947821846226394,0.1351331961638215,0.08423753030391579,0.06195722487671873,0.3271742744693414,-0.21697140197048503,0.10252850029119973,-0.09039605177510918,-0.03010702849323792,-0.04895581220539959,-0.03718126729313232,0.15207316065559234,0.09468525239660394,-0.2115045050310042,-0.11176950685478101,0.02591455857547917,-0.2105992668618746,-0.15212716863184494,-0.08471715337660689,0.28045737501083184,-0.0021075202076485775,-0.019061188215782017,0.02667470068900474,-0.008453860461929415,0.022359705213180363,0.0014578123142216302,0.07613794604441955,0.19536015057746214,0.20759980895686012,0.11065629767261896,0.1395070361510853,0.09234436936619221,0.27614802215939205,0.24602930537278603,0.1319572047244888,0.31519256463323947,0.18711063372717507,0.20687271650044436,0.2021885321720275,0.2643307545196414,0.19681836593628269,0.07016079464273119,0.41354431374603756,0.3819440050138748
#52,0.3213543104612241,0.3422086440975126,0.2431910653073316,0.2238046201002372,-0.09610074502794107,-0.05143776084542635,0.3593057959828545,0.2228832601471516,0.08476148828248589,0.4141448501983987,1.0,-0.1562986802304609,-0.03943912313617063,-0.025837174012490353,0.153155738448238,0.06216761415734458,0.14843608619511792,-0.0022074752681758,0.08896524344901385,0.0029119972270531596,0.019964008117318223,-0.01263020859573216,0.058179084806629276,-0.09546635282927232,0.19684335470141448,-0.08758924918836894,-0.06600218047128005,-0.23464974416744086,0.3161026393375559,0.18960951024035563,-0.05762610761693835,-0.11793770139634802,0.0816411169978014,-0.00979841724386012,0.004341193374752883,0.10183203922430037,0.02852789975474736,0.12121203571781236,0.11883165431670842,-0.07622984021296876,-0.077253573494175,0.11418777444818157,-0.004487901608752516,0.17379726453630726,-0.028144201296594475,-0.07198900494334201,-0.0714868113731125,-0.0202985351344053,-0.29865403256197315,-0.28554541002734657,-0.17535462886645722,-0.14600572726375036,-0.20455762832436222,-0.07976695961291597,0.029483115454140577,0.15669850047256978,-0.04315519433802947,0.049828000717419385,-0.10426239815566792,-0.03125892995689438,0.059775947507471436,0.015547445402571022,-0.043111665521348264,-0.08661307516983292,0.008017766205919517,-0.045858011418253485,0.1240099713233768,0.12565600546528477,0.21968872865626946,0.14266771189565983,0.30195416173776707,0.249426165252316,0.1624064180821929,-0.009822599919794124,0.1426161221870006,0.1885132289313474,0.0909369376268331,0.05313860905278474,0.21656432692559596,0.11993841478528806,-0.3550375536805025,0.11910088810877367,-0.2132335663602856,-0.137333819673816,-0.07842885154456766,-0.14114420331181746,0.167359836202675,-0.06896052782720671,-0.08467443064912347,0.024556298277185862,0.07472406559147803,0.05152401238959097,-0.03731427201076935,0.02612736612369842,0.19102580896089058,0.12036725423851777,0.10809454620200998,-0.09837714092252878,-0.14219131317975992,-0.047250933552052204,0.028377967163956526,-0.05276377757580765,-0.07570427005600305,-0.1174435687180965,-0.060331342964755764,-0.06596671254657684,-0.021542330766610978,0.05051640089234074,0.14678199116123195,0.1722181357978167,0.20831077962931988
#53,-0.01033527264959504,-0.3223248418553755,-0.0038575398560727735,-0.04260463541593195,0.596651505472338,0.3169748278495757,0.06120836801196236,0.2639946153241587,0.1161618868935942,-0.013143687414730877,-0.1562986802304609,1.0,0.7165024595796647,0.19140225261626326,-0.3395904663830576,-0.25896784308667675,0.017613452016532888,-0.3489104696880233,-0.2560006287495743,-0.3162791728718741,0.0741670579557981,-0.12698927699844625,-0.06616662266763129,-0.26508767227637575,-0.18153652692438682,-0.2600625122172894,-0.12270330073374269,-0.14619435213603563,-0.004560449636554533,0.22198850113759339,0.06956106427956786,0.3019009598507123,0.05195768837800747,0.065780505941885,0.1416721917363766,0.25388786896214,0.0773067753812298,0.0023694991969336367,0.08119454358222009,-0.03144110611559722,0.3213994514563009,-0.11038867605894931,0.22706202654854774,-0.01231825207618349,0.07482482674120305,-0.07118372183473963,0.2674898180858203,-0.025091541504525184,-0.17816707407758206,-0.2926430254139772,-0.16360507271932176,-0.33491192467902536,-0.25496480413040107,-0.2829804341999464,-0.06168557281706007,-0.14494330170104974,0.07192532389671578,0.015726397204482663,-0.19894079879409057,-0.37587012290845045,0.2211719327802218,0.1292809885877922,0.41469782738808963,0.3058346751359772,0.10805182347452658,-0.16707125626986255,-0.025366417920975045,-0.01939410305447349,-0.013053405424577256,-0.17805099723309883,-0.16096593668572395,-0.207894837603255,0.4193779812705175,0.025110887645272386,0.3000622703905301,0.08357573107252184,0.35293769132023306,0.033926279112415185,-0.01876777174778275,0.017371625257192835,0.1183213998545009,0.19976784631103356,-0.17673142921629992,0.5541996239593893,0.4491041326177948,0.548169270670646,0.1744244019321958,0.27223768346086336,0.2786791422404846,0.18227893507556078,0.2864627395344432,0.2967032967032967,0.20240456407703794,-0.0001350199406315306,0.05866354441450719,-0.18198632469675932,-0.3433806977911141,-0.028182087488891082,-0.1095027840305669,0.0671153896534421,-0.15059156871003562,-0.12553267381802133,0.09012762407224172,0.04692688569453653,-0.12338364001668604,0.0032924713284148456,-0.08972538556253942,0.18796589436604108,0.25130435308319043,-0.1267579293986776,-0.11463676613135626
#54,-0.11292382658603088,-0.24657341558130114,0.07060253152312569,-0.08983340151504465,0.5203019610134959,0.26746160496389726,0.13579177103842427,0.11498822102159714,0.30763870276065397,-0.00732855994180036,-0.03943912313617063,0.7165024595796647,1.0,0.2952386326308938,-0.1652261180960979,-0.23470617041128686,0.02864881313441739,-0.1545188352817181,-0.31767128891647506,-0.2277907311833591,-0.21400338154418477,-0.37119319338281376,-0.1336959391241438,-0.24090419025317247,-0.19969691046162713,-0.2256070355465184,-0.23809496939883884,-0.21953476561948962,0.11366462255880924,0.0578308542731796,-0.10810018882639459,0.01734663649206103,0.03922309123116018,-0.10124198193151063,0.02944442317264617,0.14371482176360226,-0.06345655078462707,-0.14542614913053203,-0.11540174478006864,-0.17765681961537455,0.14078791188638978,-0.17805502767908782,0.1259324940601302,-0.11515266321794838,0.14243717038508896,-0.1006132323572265,0.060830312178194075,-0.13339123740737532,-0.2290562912239054,-0.2508650344703893,-0.2265759547622742,-0.20111240309296424,-0.2547987497556542,-0.3408487716208237,-0.1284410436436844,-0.22573681590736422,0.0019446901896929404,-0.022854643980629676,-0.13623995663240115,-0.11042575616204811,0.09319721173746481,-0.06273268268500251,0.5230499190887967,0.4148985435983419,-0.02989341485582087,-0.24180701015470868,0.2659929104455053,0.1820024464807153,-0.0379817138665479,-0.07276204448403238,0.04244261148717411,-0.13807300346819879,0.39498652823428176,-0.12885859784814488,0.20452296648885682,0.08726278306325987,0.17523371548678718,-0.09176640341136949,0.15959639113866145,-0.041347136267363666,0.13231752659590548,0.18909925577814812,-0.14672556491738592,0.4060525207416827,0.279343359739472,0.5146931923752023,0.030689024894049653,0.15999701746996814,0.062347372048454024,0.018168041384619416,0.1302031546300756,0.19412280365883886,0.14144084413660793,-0.13792065260981454,0.08710640175888663,-0.03141853561805882,-0.24255183657347604,-0.053984196621277125,-0.04741053921321664,0.015440235539263597,-0.06539841966212771,-0.10799297896308716,0.0029289251002069636,0.176138147566719,-0.060007295107240094,0.022710354014223444,0.04297382426852443,0.01920950862817725,0.13094636887044736,-0.13707022850613534,-0.04619495670293396
#58,-0.18733714479175692,-0.013533834586466165,-0.14322633170973534,-0.2561352456456069,-0.022990873055057908,0.04694865010287713,0.4538995572555081,0.02345034389780401,0.3698486366008831,0.1279775423549493,-0.025837174012490353,0.19140225261626326,0.2952386326308938,1.0,0.09146411996219442,0.06290357359493615,-0.13577000663008365,-0.06762725629404522,-0.03217625946399099,0.0852096738764628,-0.08578844592048333,-0.18133903507092577,-0.23784185739072958,-0.2065760756756539,-0.3264044592854422,-0.28573403489963184,-0.2382924612522999,-0.15389089179663176,-0.13488330851250346,-0.18239098147405503,-0.1404163047662039,-0.23634656192881023,-0.2533219943452843,-0.1041842075034813,-0.3118577736219401,-0.21101843324473069,-0.37818601717373035,-0.010613373422836104,-0.24184005981181847,-0.17107751958292944,-0.20413604367391275,-0.04233459553466889,-0.2428057546707831,0.2931879417116901,0.11065549158342117,0.07457413300068719,-0.12237038589505121,-0.1261960852278109,-0.13526217043546954,-0.15956253539235385,-0.1624749356640059,-0.1447337185096217,-0.24364247525809968,-0.0029353738137893647,-0.18999723914449754,-0.12023021907489173,-0.17332650844479197,0.046364235434472004,-0.21128524876920254,-0.23562753036437248,0.02480134939331712,0.08613103382954841,0.20667844900377452,0.2931258728434595,-0.09751220721328918,-0.13226432470885066,0.4326977991749677,0.33711496645661326,0.29112274118692605,0.16402907563736466,0.29203604024803365,-0.05657174294621571,0.28324321927842927,-0.20856792208341815,0.015310455178417767,0.05577129637280013,0.1703657428212719,0.017735171485400717,0.20846071222011073,-0.05104358322770206,0.30518657942094585,-0.009596088855212273,-0.04868254796734533,0.1964588501540638,0.1276623614786094,0.31341594404128786,-0.09276111748145491,-0.14453783883455623,-0.18643029444423173,-0.17728843685197987,-0.0011845480761673683,-0.2618278475604718,-0.011712072999437753,-0.2402496458245587,-0.03844037862009621,-0.0799007704197508,-0.2597223425758177,-0.024792482412141315,-0.10893610332451338,-0.3630081636683507,-0.155914981772308,-0.06513079804845805,-0.24389397508781335,-0.10472751162279863,-0.16258133943811554,-0.21832643791198716,-0.08675817122543696,0.06503648561231543,0.20857517688619834,-0.036916063947056064,0.015817485283834084
#101,-0.015620799519570839,0.0754979112213662,0.15590289043434102,0.1073166701261328,-0.4282433502679239,-0.13083593465034873,0.0009548126547943163,-0.07804837744320597,-0.21013576557313948,0.05284358040638987,0.153155738448238,-0.3395904663830576,-0.1652261180960979,0.09146411996219442,1.0,0.46859617550980104,0.0025274926797024724,0.428710882002648,0.676797730052819,0.495770248456843,0.1297759273552415,-0.17622520520008142,-0.004304919360851875,-0.10880954732045875,0.04489876527287127,-0.04080625041563974,-0.037858382219284475,-0.11565405069898009,0.36007480507755585,-0.11638839795817606,-0.06907257422570094,-0.25331635172089967,-0.07558496885472862,-0.011664513736767542,-0.13523637558113993,-0.12819438034915753,0.0017681566553747006,0.09749044280494858,-0.10410682294049248,-0.1712395435116873,-0.3460166094679207,0.15683634172539362,-0.21021315013612832,0.24975908009100747,-0.1456558845519051,-0.18666809075758278,-0.14571795342013572,-0.005318979571684505,-0.06478821013939297,-0.08030139675105749,0.03599067354798145,0.09242820264276344,0.1522166445328008,0.20978028023690962,0.30492701869925415,0.23343174338956477,-0.24096867738899647,-0.20718870346598203,0.12349810468277367,0.1223179900971942,-0.23645780223810667,-0.18883969505645648,-0.15215780002136137,-0.19708115101476553,0.06911529695318436,0.23277155633656643,0.009106792712147562,-0.05095249514835064,0.3893414855820871,0.48546359197376987,0.46098185694738053,0.5158023711113753,-0.08584970869951615,-0.09449904579191211,-0.1289867660305951,-0.05707877305163203,-0.32146313250292713,-0.3214244402214327,0.20026842770286746,0.03188929170957412,-0.06014352418166832,-0.24170463682658805,0.04872688287322434,-0.25896300655148996,-0.2981324928509964,-0.35722608585253,-0.19892467701013455,-0.05177631830850243,-0.23427088224447476,-0.247711613528595,-0.23069426447383534,-0.25069414356045566,-0.26719881988541444,-0.2013276289087769,0.07458461216025859,0.3440819953932002,0.23381786011531105,-0.027378416558684303,0.08677268083099736,-0.11858176666539036,0.17158213142075238,0.10978572133899477,-0.02469010908402069,-0.03182722284134351,0.020843451432118222,-0.12235507020029301,0.14053802423507172,-0.24939795213039298,-0.11110528935579367,0.04055797494271729,0.08625920201199863
#102,-0.021697905981786416,0.2565374841553092,0.019271577496407864,0.021119133937765884,-0.23458767529921024,-0.39553628106718147,-0.10070270825818231,-0.20257545498697158,-0.07230660408727528,-0.08621809146291083,0.06216761415734458,-0.25896784308667675,-0.23470617041128686,0.06290357359493615,0.46859617550980104,1.0,-0.25059096414313725,0.2428291312575193,0.44674712780342707,0.608120542578639,-0.21196639414134372,0.3478319223413667,-0.3015083944113836,0.10899736610354618,-0.2093264520185481,0.12345376977689466,-0.23116582665454846,0.03741180880370317,-0.04939351863980509,-0.11527277050842061,-0.05911173000848409,-0.06240782873828903,-0.001421538300320622,0.040610370740574296,-0.19183915296147094,-0.1422477394236059,-0.12655882536682098,0.07666996491496766,-0.23102073059894443,0.07932119228653246,-0.1399149172851722,0.13963681651193113,-0.17696197072687078,0.4547580422511653,-0.2605800214822771,0.014057792565036285,-0.17340953563216538,-0.10970914286520375,-0.14561719227041067,0.06014674853845952,-0.10216334188459623,0.08865167475106958,0.04850762661142269,0.4371006583733523,-0.08884997269372842,0.2770443933473459,-0.4524832585349732,0.12922859278993518,-0.154176247372653,-0.1429377517769229,-0.22464537113354277,-0.24119035191839153,-0.23719859821088501,-0.10056325482696288,0.126671677854513,0.1682134846631454,-0.05216404721264432,0.03393434000439319,0.2724682249714342,0.3024982719462822,0.2948960447218287,0.11376941415452327,0.17008844813722862,-0.03924485563950079,-0.05621786978838143,-0.10513942320287452,-0.07563010984980544,-0.2467926718431028,-0.07068152826451012,0.09895833123414272,-0.05791791190654202,-0.2837905538437356,-0.1828093417677133,-0.36006996854236906,-0.37106824955715473,-0.23512694897253855,-0.32528318921130217,-0.17371987997331845,-0.08986080854776986,-0.21566473138085096,-0.1886284996866328,-0.4137676004538282,-0.3380524481936549,-0.2175799993148242,-0.15339272867239123,0.10572061351448844,0.2961446768892212,-0.04449572067397118,0.07363423299605218,-0.13479141434395422,0.04540095884310078,-0.050514788713945144,-0.06860987902616364,-0.1677572381771905,-0.022890917994530684,0.020333196969910705,0.06789165355092368,-0.2481597991225719,-0.2537081110710306,-0.07996283928798141,-0.09400894355964959
#201,0.5440154930343817,0.3395058270172886,0.6353744183562632,0.5977099005890497,0.06980933975249032,0.5110279047928048,0.1263016829127227,0.39001376397305243,-0.13387730919364882,0.6159678209192239,0.14843608619511792,0.017613452016532888,0.02864881313441739,-0.13577000663008365,0.0025274926797024724,-0.25059096414313725,1.0,0.32336711518813116,0.20773361976369495,-0.1650874707540763,0.07359312244696437,0.0057163815461999945,0.44529858551498014,0.09021548779480193,0.5501353222240807,0.44842943595923607,0.28766542461756106,0.3223030774470349,0.30318586603200576,0.13795531444531994,0.28126749465462103,0.31430183606967027,0.4607497032584141,0.3613677721508273,0.37404674914302644,0.07920189108525803,0.3045570237574639,-0.1082122352248888,0.4238461336939239,0.31663707647569744,0.10601725433927892,-0.3641302398316886,0.19435012081261852,-0.4587223889259466,-0.04047091730935486,-0.3104559845069656,0.20777392422358495,0.25276740497719774,0.08444388913855262,-0.07379142038962322,0.15657516882530637,0.06396035653325219,0.2697807235859684,-0.1571305642825907,0.05346507517789381,0.01090356553404417,-0.11500192453795975,-0.4512305959215917,0.35356402262692377,0.27521215260074605,0.42852467539795613,0.28934128405978765,-0.027559786628189344,-0.11349131338128221,0.28871334057470127,0.18871313905240183,-0.1836863668149199,-0.22377157044312737,0.05898114355844046,-0.057772009761740184,-0.04004288394532297,0.3262263135727284,-0.47839580188745784,0.07785410994653613,-0.15151615301991242,-0.07631125522194658,-0.2109563643765001,-0.09513101972298744,0.18824399513928214,0.05602602055930499,-0.29602215133115556,-0.3019872113948769,0.1094624795706769,-0.11423855806764298,-0.10645737904127782,-0.04656656382311985,0.31980097657706313,0.011911177031294398,-0.0397414065853457,0.007024664314229691,-0.017992313939498975,0.24268806564790427,0.1466312524812433,0.31403663272359406,0.27452858896101145,0.41911439010283685,0.34604885303583266,0.3179268191921777,0.3208762995669286,0.3175874556399038,0.29350554085562336,0.4032682886524808,0.5038375891484272,0.475401986606828,0.3620392444525949,0.3461665420587115,0.4008161653127727,0.2570082402468245,0.06541051100009472,0.44125282383122105,0.39238044185779375
