,#10,#11,#12,#13,#17,#18,#26,#49,#50,#51,#52,#53,#54,#58,#101,#102,#201,#202,#301,#302,#401,#402,#501,#502,#601,#602,#701,#702,#801,#802,#901,#902,#1001,#1002,#1101,#1102,#1201,#1202,#1301,#1302,#1401,#1402,#1501,#1502,#1601,#1602,#1701,#1702,#1801,#1802,#1901,#1902,#2001,#2002,#2101,#2102,#2201,#2202,#2301,#2302,#2401,#2402,#2501,#2502,#2601,#2602,#2701,#2702,#2801,#2802,#2901,#2902,#3001,#3002,#3101,#3102,#3201,#3202,#3301,#3302,#3401,#3402,#3455,#3501,#3502,#3601,#3602,#3701,#3702,#3801,#3802,#3901,#3902,#4001,#4002,#4101,#4102,#4201,#4202,#4301,#4302,#4401,#4402,#4501,#4502,#4601,#4602,#4701,#4702,#4801,#4802
#10,1.0,0.23591046767280033,0.5365494948843564,0.5675992446944217,0.10928272167956746,0.27963032749388883,0.27201762110986394,0.2221295667472084,-0.20588848158993034,0.42923725824881154,0.43246483939680347,-0.028513390149186957,-0.016958907587919143,-0.15034974195069556,-0.18968850698174006,-0.034326099354524076,0.41223038835362324,0.09421852675107764,0.1898247360561683,-0.030173127807457536,-0.12485314062427579,0.11651011742704388,0.11889372318493903,0.16581133885370086,0.06852443357119682,0.06120917410116016,0.29947301918693814,0.3506000326466125,-0.0658119434205992,0.1381834376882974,0.01435443338982675,0.13934178786553625,0.0896230122344188,0.026216035935456437,-0.04868174187814753,0.03040850585321519,-0.13189352367786258,0.0689097442077453,-0.1890186468583681,-0.12947928653045102,0.13263673791823435,-0.027207525648750664,-0.15031991665037694,-0.04406204468555468,-0.08537492216201184,-0.007226992702877537,0.2547318443522368,0.2736725222329477,0.013623310487421986,0.09191230555617132,0.1686898833790453,0.10829768067985562,0.22284618004405277,0.06010886234616292,-0.11438204194485141,-0.0441515205865105,-0.15971488625073807,-0.1315759245339293,-0.3526990889176842,-0.08438182027032201,-0.17691199319660716,-0.07951949022919132,-0.1616341846307003,-0.24956320041594202,0.2972369277522404,-0.010610149066044903,-0.08686457499954657,0.0896439705535616,0.04511318499948612,0.042139521948801245,0.16197919080735879,0.2446315467038005,-0.1306271575481185,0.13798030321045177,-0.27473897824163734,-0.14284988805436266,-0.17632354808221304,-0.25229342452889125,-0.09671901544265381,0.00031155347494977054,0.06395068346287859,0.04418295806522471,-0.08885158487212402,0.049920700975166404,-0.0701994869242256,-0.2012986096976561,-0.08057063054312275,0.034469583231732506,0.09653280883796196,-0.0636129320890003,-0.15218520705408656,-0.24501282689436,-0.10454211110730458,-0.22023686931077358,-0.09731390927063034,0.22371595028847918,0.3312135874395181,0.3508821638658426,0.4013884886432108,0.10380937602650421,0.31555852912904075,0.08504361950171596,0.012560078835523545,0.07032926728507143,0.16936619221599966,0.3081320293497077,0.1629448856663234,-0.28897128911799735,-0.002924088565020162,-0.17937378960668893,-0.12426388942068385
#11,0.23591046767280033,1.0,0.25859542987729306,0.17229390818240992,0.07763082323874548,-0.01470588828006763,0.4242443417576372,0.06537423698619371,0.11822547523996267,0.482578598734843,0.3218097508579812,0.023470496127749017,-0.03336685320914186,0.0600548543699103,0.1779349203886156,0.04158573866991252,0.23641024297543645,0.07385429534705162,0.27441573647331946,-0.16189777579838097,0.006690137297142616,-0.04962970277476054,0.17608736394725757,0.03918923548485258,0.11202020059529687,-0.025945996054193378,0.22317990097194204,0.25224586526622106,-0.010044274449189174,0.09293039621299296,-0.023500321428067624,0.09078216850085546,0.11363399116929283,0.037103882730143506,-0.12192300639027212,0.08076651021818819,0.14230980829183654,0.012153003790634453,0.026763370500762763,-0.0966714561799836,-0.002981320898063975,-0.018838707597189166,-0.09996755490978854,0.00851754150855563,-0.19936721997972687,-0.05899323489640746,0.18151637469444182,0.15995590692088033,0.023584154704638843,0.03084863055521409,0.1801766544476979,0.020159081703185866,0.246763652631982,0.026166864494390627,-0.11058133137722355,-0.06335901399169325,-0.24885464801107565,-0.39046114347783156,-0.19220108701128324,-0.14729708215862627,-0.08507344480203458,-0.07739625128218564,0.09568319082348058,0.06728063793899114,0.33787833292693004,0.030369813571720777,0.236250637314272,0.2164289039403655,0.07443951610465456,0.24631304877041169,0.06766353030794622,0.17686524002313475,-0.3112628797939636,-0.18523244589630067,-0.3418031812310191,-0.3275265354487801,-0.24183280500903828,-0.3142397672014397,0.23328745342315854,0.11043784750001512,0.009728287483651503,0.03481458940839099,-0.08644137817070148,0.07511260058481771,-0.07422751464563311,-0.07874806286689653,0.05066875175072497,-0.09091517321849249,0.13045626663818485,-0.09857302059759422,-0.1593626252712994,-0.19275406420097416,-0.1872541176043835,-0.061309935250885184,0.12082511290286826,0.29380540603720506,0.17508217071760077,0.18428609717808325,0.1677378920364433,-0.09728489005950954,0.09558887838733796,0.01784238134870814,0.015860208011317493,0.10823641790082282,0.09464575402591174,0.19058810252648506,0.12683289569407302,-0.3353754259677605,-0.15911596197677255,0.02102643368001886,0.30752504418376414
#12,0.5365494948843564,0.25859542987729306,1.0,0.6394983706922089,0.04822871974898382,0.17269856495970562,0.343247693073477,0.02013328684885626,0.03945766318772004,0.48224004127176695,0.42670855643531236,-0.17489918846970012,0.10261072138937534,-0.059319701021516534,-0.14910110978330307,0.045378388345562376,0.5383640016686047,0.6853600095118525,0.06896617045159133,-0.31815333025675957,-0.2977238056277117,0.09636756055241293,0.24412129224159299,0.2513793193785858,0.1760744665200928,-0.008485297940643621,0.30132218780669173,0.29342251366824995,0.08151053054775777,-0.00953160171938826,0.3259369275507181,-0.10900784526311759,0.4171435020142154,0.0021067141184507774,-0.3123446514974114,-0.27937157286139497,-0.3710416486136273,-0.19199553426584418,-0.22137345507967185,-0.37188643009292194,-0.06377253775016474,-0.2825153207328157,-0.16082487107610893,-0.05706426344607163,-0.10312661847596746,-0.09031544285532915,0.19657331482015142,0.20746277379323408,0.05128944043303112,0.06170653113620288,0.17343774875408838,0.38194561719227044,0.31420591145513205,0.4038938138699738,-0.2697315521449026,0.04276746543388759,-0.38062201872948254,-0.24199805329458732,-0.2027116840613998,-0.05948656148546117,-0.29030859109714785,-0.2093006571642185,-0.10542236051130238,-0.0008282566507396876,0.3597523693984358,-0.03643241042837595,0.032684095658605104,0.06991010090221533,0.10513136231089651,-0.05437434379301242,0.27564099205397574,0.3061280916039764,-0.2185198993194592,0.010278040316551228,-0.5154283457235961,-0.323585565360735,-0.2764494995193693,-0.309470137418056,0.19656847828496463,0.18129711843264015,-0.06144455214691782,-0.09600804477019405,0.06542663278405073,-0.012319058165381291,-0.11466981578846608,-0.1615914619032169,-0.1218012869214043,-0.013970734931673865,0.007251175378811542,-0.2075361279102339,-0.21212196935651914,-0.22943434705767365,-0.015518426191450215,-0.10695796043311173,-0.025139100767195395,0.3840309699469795,0.42572835197078734,0.6089741910391094,0.6128700201320777,0.20367254238517762,0.4300659179441501,0.532073281568972,0.31545938015771136,0.5270706920074241,0.5525358558551297,0.5624177033309621,0.42138111292705094,-0.5012387575747195,0.1068684845321559,-0.23146569183613014,-0.1647069966527146
#13,0.5675992446944217,0.17229390818240992,0.6394983706922089,1.0,-0.10139594496829046,0.1717884902553892,0.1289424311247161,0.028054725395638653,-0.1200665829677383,0.6215322546516385,0.45118706710491047,-0.05192625089929326,-0.11447393611340063,-0.16936135568081287,-0.19731330470373198,0.10218591238213465,0.46322036664967164,0.3059733224779988,0.11687043929846057,-0.07222680125669306,-0.22270189007764654,0.12419617792806863,0.23051611876112152,0.34316627806449923,0.1258357633563942,0.12385520219739915,0.3434661432460809,0.37854069642076243,-0.17015132309465703,-0.10436799584057974,0.2079085411196176,-0.017183806474105393,0.3385498052286976,0.06853571881996602,-0.16363409193044257,-0.07908339597318141,-0.29121866580146427,-0.07008502225813798,-0.1147697708489933,-0.15916835777462957,0.023504351874056625,-0.12924068412790218,-0.01563692130352684,-0.021595532653665792,0.0388579328245567,0.09676657470532402,0.25261021758362673,0.32527915876531316,0.16804501202080516,0.09156488111191943,0.13174439717626954,0.33532061190231005,0.36492504378071955,0.2903746904113675,-0.13399257994893424,0.029278368797899332,-0.2605058612760795,-0.11044832665958651,-0.15078744838510105,0.0970882042952463,-0.33261295828689924,-0.328152060666273,-0.03232457987638622,-0.02711079494501464,0.28140211155065364,0.05295885116167529,0.10472106290921622,0.17290089334835346,-0.029504073773283384,-0.07068394653210351,0.08691616470820579,0.2588388688150287,-0.2242834370837305,0.12106693966220833,-0.47485948857670846,-0.22322020543183205,-0.3677608655785806,-0.3614282288406624,0.0657788937634894,0.09863992600101164,-0.03764879902785643,0.0384081350521842,0.022313758128905754,-0.02018407046831767,-0.21034937921055655,-0.20292771596641027,-0.16890027265967117,0.21426374835507422,0.003319878361140052,-0.13323324392460648,-0.15029895833123413,-0.14906241750180865,0.02282965521549787,-0.14402194174796412,-0.039374636000346616,0.05970501165806502,0.41497350989373727,0.32305757693617587,0.4937139149132547,0.30610713328483363,0.454077702968222,0.32724440422955003,0.20322758114799194,0.3542153426987463,0.3450984738716263,0.5364946808189061,0.3858148453417113,-0.5121878671484393,-0.017466743782533257,-0.163769514915673,-0.1770603136090024
#17,0.10928272167956746,0.07763082323874548,0.04822871974898382,-0.10139594496829046,1.0,0.45141277208029457,0.157609381266084,0.2724029317464124,0.13934823657911866,0.010406208499001457,0.09059112536097681,0.33481358179689374,0.42052182184219594,0.32785461375228475,-0.19760188463654446,-0.14059042003292874,0.015492631337120609,0.021740628709269825,-0.1360166699246105,-0.16047502836426364,-0.1598180656680565,-0.24343208597747384,0.032613965898396484,0.06861793991814165,-0.11694621168305379,-0.02542929287840346,-0.09394445642382558,-0.01285349530352281,0.38530217261191035,0.3513537260465557,0.14511741696777458,0.3080844700870375,0.09519067032362466,0.025020605655118766,0.26381405134385144,0.06674217035486062,0.19833220144975142,-0.1306988994867227,-0.21823131938664672,-0.1333485146798919,0.11516717282350879,-0.08315898295725914,-0.05722870564242286,-0.18117701114216794,-0.02415889630267037,0.015803781767471478,-0.01827766951552024,0.06922089463809618,-0.16224439415343506,-0.05807671147850865,-0.1747621533060741,-0.20200958037011585,-0.24780834423233103,-0.054108334357738354,-0.3107606862237341,-0.17671933787833294,-0.23603863585525056,-0.153119464434337,-0.054371925525419015,-0.2587606781628421,0.033407963758229665,0.06316071604903441,0.11664715259066992,0.17870795992930597,-0.032514816927067064,-0.09518744596683346,0.19455889791484876,0.13842929489362646,0.12256948992690786,0.23017836738724323,0.10363848511657058,0.0538769867579697,-0.02243628368697138,0.04747341417064505,-0.10847743857096508,-0.12002869677544169,-0.14363824328981123,-0.12996777658431793,0.0715367889033761,0.18911537756210414,0.08426735560423439,0.29214566837893446,0.19269360751113915,0.4161842558688332,0.47058157320398286,0.14553497117223507,0.12480316309401217,-0.05621061498560123,0.022450793292531784,0.28325531061639625,0.04940238562098089,-0.057098925281577034,-0.006097661736759481,-0.0971099687035869,-0.13277216090346478,0.1015684480566197,0.08600367173629599,-0.11058939226920154,0.09379049338704575,-0.06649470097113597,0.04115045050310042,-0.12862241371318944,0.26827414287527984,-0.020668530076195582,0.20902416856937303,0.06281490378317812,0.14141263101468493,-0.04252805694214093,0.15002005146879527,0.10851048822807488,-0.02511975462644819
#18,0.27963032749388883,-0.01470588828006763,0.17269856495970562,0.1717884902553892,0.45141277208029457,1.0,0.15605927173871426,0.3174367169599152,0.043205977957490885,0.25373632419295356,0.26908184425147563,0.5143248096118076,0.5128657881637892,0.30444658953736525,-0.1893846113541694,0.12478462304246277,0.2035572716298922,0.12126201324807596,-0.2975770973937121,-0.05677245915646796,-0.24786235220858363,-0.08700483451996381,0.050315684682088496,0.09455063550057131,-0.24708205786511306,0.10036334470590844,-0.17473877671933788,-0.06432067840466887,0.4685228213928012,0.4499835759325948,0.17729327338716666,0.5261751269086681,0.09523339305110808,-0.1303297106341302,0.14784925325911938,0.15886526823625668,-0.10046652412322686,-0.08041021879276052,-0.38118950552473385,-0.20765381693311274,0.07287812132851561,0.1315332018064459,0.12822743000626735,-0.1254278822223073,-0.01015390258009,-0.11351872041400742,-0.005443117308145733,0.06911126650719536,-0.18749916872051478,-0.061099545970259336,-0.20700169077209238,-0.03768104259576843,-0.20287854452534446,-0.08722086642497426,-0.32208623945282666,-0.2747599365607801,-0.18865026409497343,0.00944615626442144,-0.21528667554708267,-0.2916781366442104,-0.16660453062433622,-0.07749459416431725,0.1283757504186626,0.04892679299427878,-0.17375051136283484,-0.2753596669239435,0.2928114980563174,0.20684611555691695,0.10589231051361989,0.18080862837877326,0.15740221634224935,0.16427654502108932,-0.03871928548253507,0.04249097683904213,-0.1200907656436723,-0.06115032958972075,-0.15206913020960333,-0.13878155587306512,0.08445275611972843,0.2735556392992667,0.06685018630736585,0.2674204944148095,-0.09044764148376838,0.3797264536307265,0.40810885428527094,0.025866999312808957,0.11715095833929504,0.04176791482861536,0.11585234864163894,0.22277605028384415,-0.02317304921376075,-0.07711331397375777,-0.03786644311126248,-0.20019668576426325,-0.3237637110734488,0.04843991511880747,0.029084101301229487,0.03436076119002948,0.23430876843677137,0.08374581589325766,0.039968723739125356,0.08849368126830075,0.3205345177470613,0.040952958649639375,0.1528034774687993,0.2017733962351604,0.22547886736406816,-0.11903640097294967,0.23429909536639776,0.01641318520100842,-0.052600141468654216
#26,0.27201762110986394,0.4242443417576372,0.343247693073477,0.1289424311247161,0.157609381266084,0.15605927173871426,1.0,0.20896371187953802,0.38555125417403063,0.46511870671049105,0.24216410766933416,0.2171729242699351,0.2812828103493792,0.3141551278356707,0.102821916759199,-0.1430860721893181,0.2741860010519464,0.29075919495871816,0.16525110686122974,-0.28194460958077316,-0.15638896222061452,-0.24188117036090628,-0.08642283811915208,-0.03977929277764231,-0.06407965773452662,-0.14822408473609647,-0.03724414225056073,-0.016100422592261947,0.26307567363866646,0.24333454918454,0.0909578959459759,0.2128055329962537,0.13676794505696027,0.026504615868268903,-0.1126070335312954,0.012168319485392657,0.07362214165808517,-0.022334716448048558,-0.07425653385675392,-0.16624340266372176,0.03291866761516496,-0.01638335990068981,-0.21479979767161136,-0.09032914637169176,-0.2756982243870195,-0.32735403236045085,0.1457227899553225,0.12466532184118834,-0.12007464385971629,-0.18438121570342367,0.03581494610286101,0.0013844581972218136,-0.026532022900994108,0.04110369732962801,-0.07894313645276418,0.02005267792907624,-0.22280265122737156,-0.2689996231533,-0.36103888775812487,-0.25933622585007143,0.056130812155019014,0.07008341007974238,0.09282076808209212,0.15822765168079675,0.1779204107830552,-0.11992793562571666,0.27695572353558784,0.29468081890601605,0.3483075149680688,0.2096738764628,0.5145102101273016,0.33537623205695827,0.0300167465030843,-0.005328652642058107,-0.19753739750072044,-0.2560538306366291,0.056575773392204716,-0.031095293849740944,0.2816826305914881,0.12304991908879677,0.09228310658715941,0.08185392454602064,0.0830122747232595,0.1425588898539568,-0.021833328967016844,-0.0529910947295873,0.04274892538233818,-0.01836633932727826,0.15968667312881507,-0.18154861826235383,-0.1545244779061027,-0.1925614088826999,-0.2300735757915292,-0.10412213863525069,-0.020868440197250027,0.18659393055138515,0.061935460468378126,0.18997950518214593,0.14541083343577382,-0.14735028404568107,-0.049948108007891616,0.1819274801853199,0.2168190511121008,0.2441462810067248,0.18488099100605979,0.1112471610546065,0.10367234086287819,-0.10048425808557845,0.05722306301803826,-0.04101422142867219,0.22764321686016167
#49,0.2221295667472084,0.06537423698619371,0.02013328684885626,0.028054725395638653,0.2724029317464124,0.3174367169599152,0.20896371187953802,1.0,0.21746714682713217,0.1844884255667311,0.24252604171914643,0.49856334752722065,0.30967407798509944,0.24446307406146028,0.14380107330776687,-0.16497945480157106,0.17102028724988563,-0.21265237604867165,-0.0004534251737626027,-0.14074196480211518,-0.10634291437519018,-0.15832196411693936,-0.0331032620414612,-0.09179864697928149,-0.05907545599458308,-0.11682288003579036,-0.18691072360612063,-0.26194876094014186,0.16079746404338371,0.15024011381979474,-0.2896766171660725,0.21574130985464196,-0.28668038361784925,-0.3222297233300351,0.13793435612617713,0.021160244486853694,0.1646417034276928,0.002754809833482124,-0.055095793625043576,-0.06839465321035099,0.25575718981183865,0.08907003504472788,-0.03511042414398365,-0.07709235565461496,0.044073329934323884,-0.16008326901413275,-0.22291872807185478,-0.26244692406438236,-0.28630393996247655,-0.350166356658196,-0.266300836519065,-0.30481013576557314,-0.3059088353421748,-0.20064728962583356,0.016233427309898976,-0.09516568155849285,-0.006273389181879921,-0.10477910133145783,-0.1756649732076103,-0.31507084516437167,-0.03195539102379374,0.17271871718965062,-0.11544446750755205,-0.2163974664616513,0.05805655924856365,-0.27575948716605236,-0.028207882343220688,0.02666663979702674,0.297206296362724,0.0671170018318377,0.28801849168619753,0.07844416723932587,0.28236216378523366,0.027093060982663036,0.16011631867124257,0.06987543906670993,0.14849090026056833,0.11386453267986368,-0.00860782349870925,0.05479834671105531,-0.08379579342352128,-0.007245532754426941,-0.14075566831847777,0.28846425901258105,0.21435080598843664,0.24245913631572902,0.12051557465091299,-0.023148060448628945,0.19942203404517728,0.2110732473101811,-0.2164023029968381,-0.16698258645810451,-0.16134076816270104,-0.16395894587715604,-0.21346168960326306,0.1660741239321837,-0.09836101913857277,-0.027895119734474217,-0.029587907049854603,-0.16448290385572614,-0.17190376101067464,-0.35381794072423084,-0.17165226118096097,-0.18875102524469844,-0.24798084732066028,-0.07619840273425456,-0.22893618393343315,0.08281478286979846,0.1138774301070285,-0.006218575116429509,-0.17871279646449278
#50,-0.20588848158993034,0.11822547523996267,0.03945766318772004,-0.1200665829677383,0.13934823657911866,0.043205977957490885,0.38555125417403063,0.21746714682713217,1.0,0.06507759616140324,-0.007120588928767913,0.20604728116189697,0.1513895970158578,0.4226466729675972,-0.012328731235754892,-0.016127829624987152,-0.1294559099437148,0.10497578709572107,-0.16938231399995565,-0.022446762846542786,-0.22002003131656533,-0.09123922107600817,-0.05836690358971672,-0.03898045838262233,-0.19675710315724987,0.008712615094423273,-0.346588126709161,-0.204393186128011,0.13070937864629412,0.20806895286997984,0.01271646013989678,-0.07913821003863182,-0.12622349226053609,-0.06505825002065603,0.09866249649855005,0.0997450742911957,-0.023501933606463223,-0.02661101964237853,0.08736999292656729,0.02344711954101281,-0.13455200585220758,0.10546427714958799,0.08481791452633192,0.10951326319013831,-0.1907694725959901,-0.05588576103888776,-0.050184292142847066,0.037022467721165686,-0.27698635492510426,-0.013497560572565157,-0.2111143578592689,-0.04825935113850023,-0.29144598295524393,0.02149960803912757,-0.17850563154065813,0.08160967951908718,-0.1275882012724118,0.1553765141881775,-0.0971397940039055,-0.08481307799114511,0.20318566450970632,0.134655185269526,0.25806905363112953,0.3359679015281436,-0.1522690403306578,-0.011693532947888349,0.34774486470800425,0.22577308992126524,0.3112096779069088,0.34338795259389426,0.40505297013641045,0.21135134808342218,0.08194904307136106,0.12306281651596157,0.1403679394143359,0.13359356579602316,0.1492494301956983,0.15779558787077583,0.19429691892556372,0.10884743351275536,-0.001408640873155819,0.03730379285119795,0.05670797202064395,-0.016792853213172303,0.11752982026226112,0.11853098304592895,0.0024517202951092553,-0.1394401307476679,0.054982941137351554,-0.0428109942505688,0.1969908690246119,-0.1121257982802087,-0.008202360632215758,-0.0028209091477017388,-0.1329027473535084,-0.17758346549837473,0.054420290877287024,-0.11846972026689613,-0.12354566394544389,-0.053722217631992066,-0.22145003355346285,0.026353877188280268,0.002513789163339869,0.13189513585625817,-0.10599387775254271,-0.10675401986606828,-0.1518450374126149,0.23212023626474387,0.13544998921855697,0.052355090352522955,0.12731251876676414
#51,0.42923725824881154,0.482578598734843,0.48224004127176695,0.6215322546516385,0.010406208499001457,0.25373632419295356,0.46511870671049105,0.1844884255667311,0.06507759616140324,1.0,0.443778301287929,0.1872879733506911,0.08084631304877041,0.20647370234753326,0.06475113003629417,-0.141731036247816,0.5639170292388704,0.23273044578747862,0.13210471904768623,-0.26858932375161976,0.012557660567930144,-0.17163452721860936,0.17443729935936061,0.13877591324868052,0.0904879459436584,-0.11715257051769064,0.3492691793810444,0.29215211709251687,0.02905588817930648,-0.04344054991405074,0.14064362191998356,0.11849793338881914,0.26366814919904963,0.06051513130185421,-0.19317000622703906,-0.09998448278294235,-0.08507263871283677,-0.16680282856699508,-0.1015450714698835,-0.31552709165032655,-0.007434157626712184,-0.12292739353073115,-0.12487006849742958,-0.07280396112231799,-0.18948456641469663,-0.19480314294178222,0.29960279954778396,0.31547308367407395,0.1545696189011795,-0.019413449195220697,0.1822515280428356,0.17847500015114173,0.3502356803292068,0.1429885353963843,-0.025334174353063038,-0.10526436702853355,-0.1871243372435377,-0.3748278495756948,-0.2692108185231237,-0.07264677372874695,-0.10857255709630549,-0.052792796786928456,0.15436567833413606,0.22708943358127293,0.3146508726923178,0.09078458676844886,0.33779046920436984,0.27529034325293267,0.1660072185287663,0.13300350850323342,0.27113172908148153,0.36766897141003135,-0.27616898047853483,-0.13298416236248622,-0.4815935577351312,-0.41688958391690834,-0.2092796988450757,-0.3407979880013623,0.42751464563311253,0.07376804380288701,-0.03677338615904543,0.04495680369511288,-0.12186658014642611,0.06962716359378747,-0.16564367230055843,-0.20136712727946912,0.0887113253517068,0.03851050838030482,-0.017677133063159104,-0.16435473567327594,-0.19489342493193584,-0.26554633702992403,-0.2658647422630551,-0.23118517279529566,-0.028494044008439755,0.29434951624572014,0.1386332354606699,0.2839606386644714,0.4040518073527426,0.12433401918089246,0.24470731908839372,0.2852358717753913,0.19975091843787973,0.27046106286891175,0.2586163881964359,0.4538245909601127,0.31239140467088383,-0.35375909621279145,0.01748447774488486,-0.039225509498753586,0.20200554992412686
#52,0.43246483939680347,0.3218097508579812,0.42670855643531236,0.45118706710491047,0.09059112536097681,0.26908184425147563,0.24216410766933416,0.24252604171914643,-0.007120588928767913,0.443778301287929,1.0,0.2150883776044238,0.18564355138717875,-0.056717645091017545,0.06912577611275576,0.1809940288942673,0.46775703665489105,0.06414011442436163,0.10144834076614748,-0.16899700336340717,-0.11385163525269888,0.02657393953927972,0.36177968373090325,0.304282147341014,-0.022065482655983296,0.20389582909296827,0.18748788347174555,0.1929668717491934,0.007183463886196327,-0.07700207366446134,-0.1421590696118479,0.2700491512888359,0.0445876148425204,-0.21972661484856607,-0.24561900597110572,-0.04581287042317668,-0.2264292465282746,-0.03893692956594112,-0.20205552745439045,-0.1398842858956558,0.05066794566152718,0.06788439874814348,-0.1718183155557078,0.014156941536365706,0.07206155297114403,0.051764226970535426,0.11050878334942153,0.1545575275632125,-0.0776687094310421,-0.11907670543283967,0.14344075143635018,0.11017425633233445,0.11598535335927597,-0.037517406488615,-0.15810512612273112,-0.1611811625015366,-0.1333348111635293,-0.0631115446079686,-0.2883909048955812,-0.21157463479121283,0.013461286558664149,0.043867777188884835,0.12795416576821309,0.00732855994180036,0.2888060408324483,0.04773055662474331,0.08197322574729507,0.09520356775078946,0.10146285037170788,0.10598098032537791,0.07344399594537133,0.14504889938596155,-0.20037321929858148,0.05149902362445916,-0.3362282683390331,-0.3041902531724648,-0.2052863329591736,-0.2669690844640414,0.3443617083448369,0.23615148834294258,-0.233628429153828,-0.06167509365748867,-0.16729937951284,0.11816260028253427,0.17033511143175548,0.10195053433637699,0.22846139739592886,0.19628876533332795,0.14187774448181564,-0.012165901217799256,-0.05483462072495632,-0.1845867684488627,-0.012708399247918778,-0.09405489064392421,-0.10372796101752639,0.3329563522851621,0.1479564631224268,0.19926404056240843,0.25145912220916805,-0.04828353381443424,0.1377868418029797,-0.017778700302081927,-0.06297128508755136,0.21044449773589696,0.04789499882109455,0.38975097889456956,0.1527792947928653,-0.17316690278362754,0.07321990314838288,-0.04578062685526467,-0.0185452911291899
#53,-0.028513390149186957,0.023470496127749017,-0.17489918846970012,-0.05192625089929326,0.33481358179689374,0.5143248096118076,0.2171729242699351,0.49856334752722065,0.20604728116189697,0.1872879733506911,0.2150883776044238,1.0,0.5394522220856349,0.39750233262061613,0.22536117834118935,0.08056982445392495,0.11866398776356597,-0.20278826253519083,-0.15530074180358427,-0.061741192971708284,-0.15712330947981049,-0.3801028972860992,-0.024000096730703736,-0.06727096486861754,-0.2746712667490221,0.09052421995755941,-0.39747976212307773,-0.3923659322522334,0.3464583463483152,0.29953831241195994,-0.18912102018648874,0.46150662101514844,-0.286580428557322,-0.199176982929046,0.16989095628376757,0.4000826241427745,0.01439393176051896,-0.022530596123114,-0.23765726296443332,-0.08310900542699552,0.1493010199043575,0.21200186206604693,0.030937300366972106,0.03319273794241702,-0.02048877218508614,-0.18218301046102256,-0.14930263208275313,-0.1519562777219113,-0.37100215024293515,-0.44883167446893835,-0.3190617927826804,-0.34864042980676024,-0.505198267714314,-0.4234922605360896,-0.31101057387505215,-0.3303236649651467,-0.08290587094914988,0.009513867757036654,-0.18952406478538883,-0.49147218085417244,0.20290111502288286,0.24026818587610813,0.3713358711708244,0.20986411351348083,-0.2561352456456069,-0.2384641582514313,0.3120850907757198,0.2339968119172227,0.25371536587381077,0.1964548197080748,0.176166360688642,0.012396442728370108,0.14847074803062332,0.181495416375299,0.1942437170385089,0.008235410289325566,-0.01090598380163757,-0.09950324753185563,0.25178639442347495,0.1717062691572136,0.16435876611926492,0.3363330599347471,-0.2018241798546218,0.40071056762786084,0.4879890694304778,0.3501187973955258,0.31983402623417295,0.15698063169179985,0.2817301898541583,0.22289051494993178,0.04197185539565881,0.04349294571190775,-0.011607281403723729,-0.13405545490636267,-0.14806609125332765,-0.07225985091380287,-0.28373251542149397,-0.13586431906622629,-0.19264846651606232,-0.09836424349536398,-0.4202654854772955,-0.21778797032785663,0.003909935653929786,-0.10554004953418121,-0.219327600695655,-0.09386868403923236,-0.19766717786156626,0.23520755789231856,0.16927187977985703,0.09631113430856691,-0.005493900927607144
#54,-0.016958907587919143,-0.03336685320914186,0.10261072138937534,-0.11447393611340063,0.42052182184219594,0.5128657881637892,0.2812828103493792,0.30967407798509944,0.1513895970158578,0.08084631304877041,0.18564355138717875,0.5394522220856349,1.0,0.30128833206038413,0.18381211672977674,0.03888937030327091,0.19481926472573824,0.16863345713519928,-0.15171122660578007,-0.32252233370883654,-0.2945179888880604,-0.41651717070752464,0.05302898092188391,-0.07935585412203787,-0.2216386584257481,-0.03545704249903773,-0.390003284813481,-0.4098298547225743,0.6271023310084377,0.4406893674819587,0.06430375053151506,0.29646066385475883,-0.09983293801375591,-0.3358889047867592,0.0229513746843657,0.15940615408798062,-0.08593192979769176,-0.15562720792869336,-0.4332153084399554,-0.4225394631042898,0.02891562865888925,0.09300697468678397,-0.020026883074746635,0.11147125385159495,-0.15886204387946548,-0.35429272726173516,-0.2393556929041983,-0.2008576789064594,-0.34097613371407615,-0.35878183800428437,-0.2842959717707563,-0.2592104759352146,-0.4584725012746285,-0.3382104416764237,-0.39902019858007387,-0.3917073573776306,-0.20875412868811,-0.19705293789284253,-0.24295165681558492,-0.5562212956674721,0.253734712014558,0.29147742043395813,0.2805887675500732,0.16405809484848546,-0.08147103217706556,-0.4113315988980761,0.20234410738720293,-0.039598728797335066,0.38436469087486874,0.04172519210113195,0.4596461671466256,0.10031820371083162,0.2943051813398412,0.07820234047998581,0.06397325396041699,-0.15250119401962425,0.09222426207571999,-0.10139836323588387,0.19790739244251074,0.28052669868184266,0.17725861155166125,0.31205848983219237,0.2754402758437235,0.5412884932782237,0.5969900629354141,0.4179826408691254,0.455235247056263,0.12903513138246311,0.06884767533951469,0.15992366335296831,0.04831497129314844,0.12146837208271281,-0.030479441702621603,0.016921827484820334,-0.02843358731860474,0.12548108410936212,-0.1457743796639817,0.050166558180495466,0.0076106911610304235,-0.12393097458199237,-0.2680726205758298,0.055857547916964755,0.22357085423287515,0.18701470911263685,0.09675851381334602,-0.07752038901864686,-0.03206179479790336,0.16523982161246054,0.41710239146512756,0.15602944643839564,0.20022167452939504
#58,-0.15034974195069556,0.0600548543699103,-0.059319701021516534,-0.16936135568081287,0.32785461375228475,0.30444658953736525,0.3141551278356707,0.24446307406146028,0.4226466729675972,0.20647370234753326,-0.056717645091017545,0.39750233262061613,0.30128833206038413,1.0,0.0017359130874626933,-0.22373287816163298,0.005084407615124652,0.023729250760242876,-0.26693442262853595,-0.006342712852890737,-0.02128760658010612,-0.3099554031151317,0.027330857296014092,-0.16090628608508675,-0.1350880551687447,-0.17758104723078133,-0.10300812336389083,-0.17374003220326345,0.24314189386626578,0.1756480453344565,0.07957914082982852,0.0662109575735103,-0.14400259560721693,-0.07320136309683348,0.11502449503549815,0.1915328390663069,-0.12123057576936176,-0.1580728825548191,-0.06414414487035063,-0.19093149652474795,-0.2243269659004117,-0.06643505037049875,0.12098552465323051,0.006352385923264339,-0.09291105007224575,-0.2110740533993789,-0.11097147854895884,-0.06634235011275173,-0.14227111601034212,-0.03447200149932591,-0.10820981695729541,-0.05000050380574862,-0.20633908545150065,-0.1730121336576499,-0.11562825584465049,-0.27611255423468883,0.08047631810698012,-0.042658643392184566,-0.03167487198295928,-0.10624457149305856,0.15555224163329792,0.22978499585871676,0.4596663193765706,0.43404477422449184,-0.13542338827502956,-0.04492052968121187,0.5715007164117746,0.3120794481513352,0.2807693315303805,0.3086737212906294,0.33381967381600613,0.15821314207523635,0.1077164903682417,0.08545230672500065,0.11018151113511465,0.04012188068670739,0.05390197552310151,0.0644754475306465,0.49906554109745016,0.06379349606930755,-0.07703995985675795,-0.007925065948172496,-0.155886768650385,0.10232536581335408,0.17860236224439416,0.14849493070655734,0.14858279442911757,-0.13635039085249978,-0.14183663393272783,0.05457264173567126,0.1288924535944525,-0.09982487712177791,-0.04039675710315725,-0.22456879265975177,-0.2119744550333217,-0.037993805204514904,-0.22676135527776825,-0.21493763892443518,-0.18583943106224418,-0.04235555385381169,-0.16241044852818187,0.006287898787440324,0.03364737224997632,-0.17691038101821158,-0.0873748294617541,-0.1474695852469555,-0.10451228580698597,0.2401674247263831,0.30546306801579126,-0.014917083649891279,0.01919741729021025
#101,-0.18968850698174006,0.1779349203886156,-0.14910110978330307,-0.19731330470373198,-0.19760188463654446,-0.1893846113541694,0.102821916759199,0.14380107330776687,-0.012328731235754892,0.06475113003629417,0.06912577611275576,0.22536117834118935,0.18381211672977674,0.0017359130874626933,1.0,0.17800827450561543,0.16097077322091077,-0.11732507360601988,0.5671051120161702,-0.14152548350237695,0.22796565253928172,-0.1493010199043575,-0.19369557638400478,-0.22795839773650153,0.012114311509140043,0.014164196339145908,-0.2722255921228964,-0.40854897898726983,0.2383722640828821,-0.025597765520743696,-0.31671365494948844,0.2021611251393023,-0.24625017381298328,-0.13512110482585452,-0.0913802866856232,0.1831801427987014,0.3178325067560351,0.32949178091301695,-0.096734331137412,-0.08704030244466701,0.3461552568099423,0.39162836063624623,-0.1802056736588187,0.24571251231805055,-0.3969646711256834,-0.3626018947126594,-0.16305854424321323,-0.252915725389593,-0.4302746950463804,-0.5135558005171063,-0.05996296020136108,-0.3452395394812413,-0.3222224685272549,-0.29518865510063014,0.14371965829878905,0.10487260767840266,-0.1319709082408514,-0.20649224239908268,-0.3383184576289289,-0.5572611507326343,0.13578612841403964,0.09471185334013135,0.016716274739381285,0.012731775834654983,-0.10959548428831392,-0.213288380425736,0.053147476033960535,-0.015237101061417952,0.6160548785525862,0.21568649578919155,0.30177924038184445,0.1470052778690226,0.3111572821090518,-0.0848082414559583,0.20436900345207698,-0.20137518817144712,0.26722542082894185,-0.08118487051184649,0.20479058810252648,0.14958959983717,-0.06900325055469013,-0.03954472082108246,-0.211549646026081,-0.04057167845907989,0.03219238124794699,0.1505601312313214,0.18799733184475528,0.05096700475391104,0.314903984700427,-0.32479711742502865,-0.3624318098919236,-0.22577308992126524,-0.3593396517291621,-0.04749517857898566,0.01646719317726103,0.15082694675579325,-0.16344466096895952,-0.06463344101341534,-0.17118472944623686,-0.3972943616075837,-0.3394389216138712,-0.19546574826237398,-0.11989327379021125,-0.03242534102611124,-0.24228824540579538,-0.17278642868226585,-0.26008427662563,0.10698617355503473,0.0551844634368016,-0.04621107848688997,0.14723420720119784
#102,-0.034326099354524076,0.04158573866991252,0.045378388345562376,0.10218591238213465,-0.14059042003292874,0.12478462304246277,-0.1430860721893181,-0.16497945480157106,-0.016127829624987152,-0.141731036247816,0.1809940288942673,0.08056982445392495,0.03888937030327091,-0.22373287816163298,0.17800827450561543,1.0,0.012180410823359659,0.13307525044183763,0.054116395249716356,0.3183024567583526,-0.14194545597443084,0.39654147429683834,-0.03958180092418127,0.28887455841426135,-0.007900077183040689,0.598245143816389,-0.2367165568706005,-0.14192449765528806,0.037934154603877696,0.18171870308308966,-0.014888064438770473,0.3073380314898745,-0.003240075530557834,0.012973602593995038,-0.09261037880146628,0.3028215137146001,-0.19973157229713254,0.26767280033372093,-0.22538374883872775,0.07337467227436052,-0.05290967972060948,0.21066375399769863,0.06668010148663,0.19598970624094408,-0.24630418178923588,0.14763725180009793,0.05629928479735925,-0.049886039139661,-0.2793667363262082,-0.16682539906453348,-0.19177385973644914,-0.17287912894001287,-0.23121419200641646,-0.16427654502108932,-0.3487718223460017,0.0057744199684416075,-0.3165854867670382,0.29741829782174545,-0.2662194215100872,-0.27086491355700965,-0.04163813446776953,-0.10991308343224719,0.11884293956547762,-0.060420012776513786,-0.20331947531654115,-0.09431364527641806,0.018053576718531788,-0.094951261831878,-0.004229146976258658,0.3150232859017015,-0.16666659949256685,-0.031848987249684116,-0.10718285931929798,0.06042646149009619,0.042840013461689606,-0.0030401654095033887,-0.20344119478540898,-0.2229767664940964,0.03121540114021317,0.4934680577079257,0.03821064319872315,0.12113223288723014,0.01509925980859412,-0.0768336010221211,0.12051718682930859,-0.0024307619759664505,-0.03201262335683755,0.026521543741422706,0.2908051420429928,-0.08842596977568552,-0.045291330712199956,-0.10702325365813355,0.0989002928119011,-0.061442939968522216,-0.06870257928391066,-0.11805055388404004,0.23551306569828484,0.06513402240524925,-0.010142617331320797,0.10093324976875316,-0.06472130473597557,0.05418733109912277,0.08960044173688039,0.10911989166161182,-0.05702073462939042,0.0922653726248078,-0.005316561304091104,-0.11031693412034509,-0.14322713779893315,-0.016474447980041232,0.0069867781219330825
#201,0.41223038835362324,0.23641024297543645,0.5383640016686047,0.46322036664967164,0.015492631337120609,0.2035572716298922,0.2741860010519464,0.17102028724988563,-0.1294559099437148,0.5639170292388704,0.46775703665489105,0.11866398776356597,0.19481926472573824,0.005084407615124652,0.16097077322091077,0.012180410823359659,1.0,0.43374893948889914,0.2603825296288161,-0.41404892558386047,-0.010880188947307964,-0.22438258605505992,0.00825798078686397,-0.013662002768916394,-0.13323888654899108,-0.06811655243710993,0.21972419658097267,0.1558899930071762,0.13117610429182042,-0.07778317409712972,0.056313794402919656,0.13213131999121364,0.21757032624445058,-0.09263214320980688,-0.3885869860929461,-0.24388188374984635,-0.1523303031096906,-0.08189906554109745,-0.436758876553485,-0.41374180559949864,0.057560814391916536,-0.10353530569925215,-0.32467056142097406,-0.07263629456917556,-0.315743123555337,-0.35250079097502535,0.2464371865068729,0.2384472303782775,0.02750174820594773,-0.15726356900022773,0.22203041777587898,0.09081038162277846,0.13987138846849098,-0.039144094489775766,-0.1439187623306457,-0.11770474161818376,-0.331436068058111,-0.4601886651767451,-0.3048560828498478,-0.3225860147554628,-0.2326901413275886,-0.12772362425764222,-0.04437319511590555,0.07750749159148206,0.3479334895802895,0.0503487343391983,0.06625206812259811,0.0037785431146883557,0.34589650217744844,0.14695771860635237,0.3929729174181769,0.47266370160190074,-0.01253912051638074,-0.028941423513218854,-0.44528730026621094,-0.4996862297797563,-0.03510155716280785,-0.23925412566527549,0.36948589646187296,0.1955391023793738,-0.06963280621817207,-0.01254153878397414,-0.15110907797502332,0.19244855639500788,-0.01770050964989531,-0.13734994145777202,0.05294675982370829,0.00918337118593858,0.1187188018290164,-0.21934855901479777,-0.32747736400771427,-0.258248811522239,-0.324432765107623,-0.15061413920757402,-0.10360059892427396,0.6521765415952102,0.19209951977236042,0.5983152735765976,0.4559599212450854,0.20672197782045573,0.22049159349727845,0.3769865564474037,0.1563430151363399,0.4291993720565149,0.316658840884038,0.5343424226607796,0.2648740586389587,-0.3381080683483031,0.011354975484812272,-0.07303933916807565,0.03132019273592719
