,#10,#11,#12,#13,#17,#18,#26,#49,#50,#51,#52,#53,#54,#58,#101,#102,#201,#202,#301,#302,#401,#402,#501,#502,#601,#602,#701,#702,#801,#802,#901,#902,#1001,#1002,#1101,#1102,#1201,#1202,#1301,#1302,#1401,#1402,#1501,#1502,#1601,#1602,#1701,#1702,#1801,#1802,#1901,#1902,#2001,#2002,#2101,#2102,#2201,#2202,#2301,#2302,#2401,#2402,#2501,#2502,#2601,#2602,#2701,#2702,#2801,#2802,#2901,#2902,#3001,#3002,#3101,#3102,#3201,#3202,#3301,#3302,#3401,#3402,#3455,#3501,#3502,#3601,#3602,#3701,#3702,#3801,#3802,#3901,#3902,#4001,#4002,#4101,#4102,#4201,#4202,#4301,#4302,#4401,#4402,#4501,#4502,#4601,#4602,#4701,#4702,#4801,#4802
#10,1.0,0.453492482210619,0.5046114347783154,0.4676836825378912,0.3743909492304871,0.49286349080957553,0.09655940978148937,0.6172777158656492,0.10173530852056434,0.395263822918325,0.5521916557676689,0.12902868266888073,0.3242102844890301,0.13769414154523268,-0.14711974253511023,-0.27701859849301624,0.4300957432444687,0.44481170763950884,-0.07578729724337646,-0.14412431507608475,-0.21603956285782802,-0.1346938775510204,-0.06155256809942304,-0.2039707953883637,0.2176396499154614,0.10721913333319899,0.13586834951221527,0.008981848886488534,0.1553079966063645,0.21807171372548229,0.16297551705583982,0.0874425409543693,0.1712943575771377,0.0812759585911979,-0.015646594373900445,-0.01747883512050026,-0.05392051557465091,-0.10979620049856617,0.12016734411746331,-0.06947400664620544,-0.00141267131914482,0.12294996402826955,0.031817549770969906,-0.021575380423720786,-0.11841893664743472,-0.24082116306579904,0.14019301805841325,0.10010136571662337,0.011375933803955077,-0.16181716687860095,0.1601606535771216,0.06784651255584687,0.006634517142494403,-0.10027548098334821,-0.13560556443373242,-0.2052669868184264,-0.3043555014580138,-0.38905048738168124,-0.13300915112761802,-0.20435449384651658,0.07409692819558948,0.2145031568468209,0.13680583124925688,0.139947966942282,0.04689947866181132,-0.12048413717219879,0.1280839461290589,0.21250083127948524,-0.12255175596455625,0.09133111524455739,0.31319104515510165,0.21931873371447919,-0.03440348391751289,0.24693857398790464,0.0009652918143657186,0.03759801540839502,0.016264058699415385,0.051543358530338174,0.18335103370863504,0.10910538205605141,-0.07434842802530314,0.20819228451724325,-0.0106004759956713,0.11495517136448734,0.1738915769724499,0.33439683368163103,0.24336276230646303,0.21181968590734407,0.0736898531507004,-0.04940238562098089,-0.00909631355257616,0.026908466556366795,-0.25270856046575835,0.1077737227012855,-0.05448477801311104,0.29741104301896526,0.26027048323032187,0.4030707967990198,0.36606243563881563,0.10848630555214087,0.3619352589460787,0.248623300411307,0.2928114980563174,0.24029962335482233,0.40869891157806065,0.11381858559558908,0.3310902557922547,0.06713312361579371,0.07432102099257794,0.12856034484495882,-0.0935631762332661
#11,0.453492482210619,1.0,0.5049507983305893,0.2194597993240942,0.2914967665747053,0.4780717540299422,0.4847897014044089,0.2092861475586581,0.3512118543477428,0.5245702033158479,0.3258917865556413,0.2816100825636861,0.3256346441015431,0.30665446785013994,-0.23781283817960877,-0.2674382283771611,0.5101613589051697,0.3923659322522334,-0.225524008359145,-0.32155744493906974,-0.36133472249371756,-0.28631925565723476,0.03614463658476129,-0.041116594756792815,0.22269221700727293,-0.04242245925722911,0.16927349195825264,-0.030120732009600523,0.06304222093695779,-0.023140805645848743,0.11593215147222116,-0.2180813867958559,0.1686519971867487,-0.16441761063070434,-0.34194263466223856,-0.44562505164008925,-0.26498932939424413,-0.3822696650497861,0.04784099084484194,-0.26492645443681573,-0.15393522670251078,-0.06914351007510736,-0.07953803028074072,-0.28641437418257515,-0.02521406706259081,-0.43358046684655893,0.11091585839431062,0.15593110355626402,0.17454289704427242,-0.0044806468059723145,0.19351340022530192,0.19983636389284656,0.09322864921617902,-0.06283586210232094,-0.2741731036247816,-0.4335224284243173,-0.2747018981385385,-0.4771068652601754,0.06345816296302267,0.06545162154918252,0.17106381606656684,0.2489981318882841,0.18740888673036116,0.17184330432083963,0.12189801762514031,-0.04464081672957521,0.26243644490481094,0.47614520084719975,-0.1655977252162838,0.06336949315126465,0.23265628558128099,0.22182083458445095,-0.24009810105537227,-0.036754040018298226,-0.26904718241597025,-0.19706422314161173,-0.15301064239263396,-0.06327759898271543,0.3670910054552086,0.08637205449969067,0.04992311924275981,0.14325293265326275,-0.0013481841833208055,0.2662839086459112,0.2282695481668524,0.35561955008131424,0.2823992438883325,0.16850609504194686,-0.023030371425750117,0.17987678926611625,-0.10085425302736874,0.10520471642789633,-0.13269719460806936,0.16237981713866548,0.02769520961341977,0.37771929152820405,0.2484854591584832,0.3107743897400967,0.44747583243823846,0.032085171384639566,0.27518071512203185,0.3430445585956314,0.2212783365543314,0.09749850369692659,0.19834671105531182,-0.031233941191762576,0.10586167912410348,0.15866293984760885,0.1787103781968994,0.2670400203134478,0.17021661631967885
#12,0.5046114347783154,0.5049507983305893,1.0,0.4560880894275356,0.23296421165484066,0.32992465081223565,0.30438613284753024,0.1567428353784488,-0.11981750140561803,0.3266922331290569,0.37005096498953094,0.3312426066506389,0.4013159406154088,0.12951556054435204,-0.2177315440840106,-0.16942020019225226,0.6786557656537484,0.7795757149507379,-0.30122545710295573,-0.35978380687715,-0.19852646894642126,-0.1863795108247703,-0.04643678346227402,-0.2259939583614625,0.23762098895053232,-0.18110043266837692,0.16980954127478975,0.11724688295383326,0.058995653164000864,-0.06654226023380617,0.09298198592165216,-0.22412060706577486,0.31641056541111556,-0.11525181218927781,-0.18237647186849462,-0.2264413378662416,-0.2463194974839941,-0.3169973983471141,0.028840662363493832,-0.288303041173021,-0.21553817537679631,-0.14054850339464314,-0.2551985699977631,-0.3226505018912868,-0.2154898100249283,-0.4039591070949956,0.09154875932796344,0.2635996316172366,0.20434240250854957,0.07266370160190076,0.3720266896133392,0.4504188640994069,0.19056795029654006,0.04580561562039648,-0.044798004123146246,-0.3068511536144032,-0.10997757056807121,-0.3334553214986004,-0.14646600419569428,-0.08352897789904942,0.03776890631832865,0.18355981081086528,0.09014697021298892,0.15394570586208217,0.18030321045175254,-0.21953960215467644,0.1461387319813874,0.19461048762350797,-0.15973020194549628,-0.0011063574239807506,0.4901018292179121,0.3560129216098407,-0.14546806576881766,0.1395691050193159,-0.08707173992338123,0.12397853384466258,0.10003526640240376,0.23292229501655506,0.176997438651574,-0.07388653891496363,-0.3257474965892351,-0.1500603559286853,0.1307198578058655,0.2450998845277224,-0.05722064475044486,0.20979559593166783,0.11840281486347871,0.039231958212335986,-0.08672995810351394,-0.07541004749880598,-0.18867364068170964,-0.15611650407175806,-0.2692551534290027,0.0481279585992588,-0.1166060420415821,0.6388583358691556,0.16802002325567336,0.7551092956191068,0.7100343998565162,0.35029049439465726,0.5493147234207201,0.5415569209810912,0.3223151687850019,0.599023825981464,0.589656263413828,0.33706740719394307,0.44351229185265495,0.193008788387479,0.1845005169046981,0.01580136349987808,-0.02786932488014461
#13,0.4676836825378912,0.2194597993240942,0.4560880894275356,1.0,0.06100362135572112,0.013590260830312178,0.20229412985693931,0.139943936496293,-0.14368015992809685,0.5997388270999128,0.4918615219367099,-0.02215495855693912,0.3231019118420549,0.13802544420552856,-0.0015029533092984404,0.05882556834326502,0.25276418062040656,0.1642322101152103,-0.157597289928117,-0.11598454727007818,0.03301620440809878,-0.04587574538060509,0.19969046174804472,0.049416089137343494,0.18209837109525354,-0.043349461834699315,0.18524937376945447,0.20277052857283923,-0.09504718644641623,-0.058604699903067776,-0.23415158104320033,0.0017157608575176886,0.0058332644798810215,0.02755172573621134,0.010429585085737662,0.00733178429859156,-0.05906981337019848,-0.07798389030738197,0.2588098496039079,0.016173776709261765,0.07623225848056217,-0.033139536055362205,-0.12330303109690603,-0.1562753036437247,0.08041666750634291,-0.09683751055473043,0.12775748000394985,0.2332132932169609,-0.06043532847127199,0.11713241828774563,0.12753258111776358,0.2243696886278951,0.1474873192093071,0.19604693857398792,0.1634212843822233,0.06154692547503844,0.02175997485001703,-0.014165808517541508,-0.036703256398836814,-0.09456272683853832,-0.11987795809545305,-0.008667474099346463,-0.15002972453916888,-0.19452181781174996,0.025133458142810792,-0.07607829544378233,-0.11179530170911062,0.005310918679706503,-0.057217420393653656,-0.1191968127233119,0.06461651314026154,-0.06969003855121589,-0.02936220207447055,0.10050924685071026,-0.013271855597181106,0.03613899396037668,0.07630722477595758,0.1695669084262519,0.06416349101109783,-0.18734762395132834,-0.29478399832333446,0.07775173661841552,-0.0873990121376881,-0.15621484695388968,-0.061948357895542934,0.059937971436229275,-0.04143177563313268,0.08421092936038838,0.0768190914165607,-0.22666381848483444,-0.003244912065744635,-0.0680335252497365,-0.12270168855534709,-0.031585396082003454,-0.10656136454779404,0.14195029250961766,0.15399084685715897,0.31779300838534286,0.36089540388091645,-0.027099509696245437,0.2251120967790691,-0.1143772054096646,-0.0507928894871862,0.1735651108473408,0.240595458090415,0.02613703919407202,0.19994921638053859,-0.04359693121842397,-0.08667353185966793,-0.07467005761522541,-0.09617812959092989
#17,0.3743909492304871,0.2914967665747053,0.23296421165484066,0.06100362135572112,1.0,0.6396660372453514,0.13141712496196267,0.4519625249131943,0.1748379256906673,0.15289778990494193,0.2669731149100304,0.3480423116219925,0.3236081358582734,0.307582276516808,-0.11967482361760741,-0.4480473496794788,0.2508948597707079,0.21921716647555636,0.0785441222998531,-0.0962805029190505,-0.4635718215399125,-0.47236706077711027,-0.024083123918077154,-0.044623888856421406,0.0286995967538788,0.19219705656529423,-0.1121249921910109,-0.1978235591659395,0.3360211034151984,0.3453064448846587,0.18057163815462,0.08833971823152091,0.15433504694461966,0.09573961706732659,0.01452774256735379,0.006440249645824559,-0.0869613057032826,-0.04619495670293396,0.1218214391513493,-0.18537028714912449,0.026884283880432788,0.2096480816084704,0.15172896056813168,0.11138822666422153,0.03693702226619887,-0.10999127408443381,0.05074371804612039,0.20509528981929495,0.1876079907622178,-0.12721095152784131,0.05586157836295375,-0.16812884529737637,-0.1333694729990347,-0.36620994996201306,-0.4096355872259045,-0.3965874213811129,-0.4732835841950091,-0.504128587348833,0.25980214540639995,0.10044798407167745,-0.006731247846230424,0.06926119909798618,0.45630734568933723,0.3466735721641278,-0.02188975521086286,-0.139165254331218,0.3603206622828849,0.21252098350943024,0.09080312681999826,0.2692325829314643,0.3870957210770158,0.23201786293662324,-0.17316045407004513,0.052435699272302974,-0.14807092778851444,-0.11294639708356928,-0.07245573058886831,-0.09501816723529542,0.34032320146385797,0.36887246258234707,0.02016794868436167,0.3200468337823922,-0.09385095007688075,0.07839983233344686,0.2787758729442206,0.15348542893013825,0.15838886952035677,0.24690794259838822,0.2513769011109924,0.18839312164087518,0.2903255189703017,0.12416232218176103,0.07765500591467948,0.1929491377868418,0.1280887826642457,0.06033456732154697,0.2737547433311233,0.24115327181529272,0.23336322580775176,0.08736999292656729,0.1920664701152506,0.11587250087158395,0.2132537185902306,0.15688228880966823,0.2998148010068054,0.03825336592620657,0.2282639055424678,-0.07399455486746886,0.07407193943045767,0.17185297739121322,0.13974402637523856
#18,0.49286349080957553,0.4780717540299422,0.32992465081223565,0.013590260830312178,0.6396660372453514,1.0,0.3627252263599229,0.35992648466516064,0.18518327445523483,0.25632709487468336,0.32119309262166407,0.3593041838044589,0.2719321756548971,0.47750829768067987,-0.3337124639526987,-0.5244750847905075,0.45636941455756785,0.3549150281224369,-0.1367526293622021,-0.25966752851036734,-0.551828109539461,-0.476370099733386,-0.12017379283104572,-0.10886436138590916,0.020796698258645812,0.08403439582607014,-0.11778535053796378,-0.16789910987600332,0.22086803715265113,0.2981453902781612,0.4344558797153699,0.031357272839026,0.31513855665698687,0.02512136680484379,-0.2269386949012843,-0.1500853446938171,-0.2621841389858995,-0.16328747357538848,-0.03755609877010941,-0.18161713584416683,-0.20255772102461997,0.010134556439342796,0.051557062046700776,-0.062059598204839354,-0.02877698131686762,-0.20559828947872227,-0.050447077221329926,0.009066488252257554,0.25050793695576384,-0.1249579322199898,0.11163569604794618,0.023609949558968446,-0.06613437909971928,-0.35771860635238595,-0.48062302634097975,-0.49237822511249985,-0.35643289408189466,-0.42026790374488887,0.13152594700366568,0.19846036963220165,0.13473982463529502,0.21795644297019687,0.3602263498467423,0.21302317707965976,-0.17468073829709627,-0.18309389125453676,0.43498709249672024,0.4538584467064203,-0.16619584340105154,0.16669078216850086,0.351126408892776,0.16220570187194064,-0.07766145462826189,0.09502784030566902,-0.20849859841240734,-0.043900020756796845,-0.07925912341830185,0.08686215673195317,0.3299423847745872,0.32549035413513683,0.09165435701287526,0.30638039752288787,-0.1774351450859795,0.3981270517489113,0.5422646672967597,0.2808056055442815,0.28632731654921273,0.2707149809662188,-0.005984809249067456,0.2829893011811222,0.16358089004338774,0.1752240424164136,0.019086176980913822,0.12344006626053206,0.09634176569808332,0.17244706512999197,0.166371570846172,0.3298279201084996,0.3231639807102855,0.2897644808886327,0.39761357292991256,0.4034585257031617,0.3725538719487005,0.2237876922270834,0.37206618798403135,0.19800009270025776,0.344881635877418,0.14638620136511205,0.06620209059233449,0.21222676095223317,0.12197459609893133
#26,0.09655940978148937,0.4847897014044089,0.30438613284753024,0.20229412985693931,0.13141712496196267,0.3627252263599229,1.0,0.127490664479478,0.14994186081660865,0.509252090290051,0.3319229459335823,0.3104841976288886,0.4572835197078733,0.624749356640059,-0.22238429093371326,-0.12113545724402133,0.32084163773142316,0.04258528927518475,-0.4893981133482325,-0.48529350715303404,-0.2757586810768546,-0.35339313171699016,-0.03256882490331968,-0.10038672129264464,-0.09323912837575042,-0.3346023864270701,-0.10803408951217497,-0.013457256112675148,-0.186663254222396,-0.2021272693929947,-0.09820302565580394,-0.2402327179514049,0.11399914957589632,-0.19947604202142988,-0.38348041102488195,-0.41932155502667146,-0.4308002652033461,-0.4169395614471719,-0.060943970755083905,-0.3117352480638745,-0.11317693859414013,-0.24654197810258693,-0.24712639277099208,-0.40669497383232944,0.03263573030673709,-0.2532663741906361,0.1350848308119535,0.2957416322903211,0.125731777849878,0.08517420595175959,0.2941681461762151,0.33314014062226055,0.18289881766866914,0.03455986522188613,-0.129382555826715,-0.45087914103135085,0.01848886488534389,-0.33485308016758597,0.19224703409555785,0.03987199303538933,0.15654937397097676,0.23598382178980015,0.07427749217589673,0.11090537923473923,-0.0600613030834927,-0.2172873889360227,0.29635184181305585,0.651971794938969,-0.28689641552285966,-0.16659888799995162,0.15816074627737933,0.046245740322395375,-0.007076254022888903,-0.07010356230968738,-0.29127992858049706,-0.11954665543515718,-0.12990973816207632,0.11067241945657497,0.23081437176430758,-0.12828546842850896,-0.13532020885771115,0.09682219485997223,-0.06342350112751727,0.25942489566182947,0.21294256815987972,0.5063171195208606,0.3937411204236805,0.15330405886063322,-0.11557747222518908,0.07656194896246245,-0.11119315307835388,0.21356083857459246,-0.1540440487442138,0.32382739212007505,0.16855284821541927,0.20228284460817011,-0.07666432229058306,0.2619213539074166,0.3819964008117318,0.19399544156558643,0.22059396682539906,0.0375303039157798,-0.03391579995284378,0.12914556560256174,0.22588594240895726,-0.008146740477567546,0.18522277282592706,0.1359965176946655,0.03235521126590263,0.3986639071546462,0.35732684700225503
#49,0.6172777158656492,0.2092861475586581,0.1567428353784488,0.139943936496293,0.4519625249131943,0.35992648466516064,0.127490664479478,1.0,0.40202449302027515,0.313056428259069,0.5979533395267853,-0.04359531904002838,0.2522208765010892,0.25266825600586834,-0.07779526543509672,-0.3346080290514547,0.15856459696547723,0.06980853366329251,-0.06581677995578601,-0.2255328753403208,-0.2913186208619915,-0.26508847836557353,-0.0816499839789772,-0.30708411339256747,0.0989067415254835,0.06011047452455851,-0.08643170510032788,-0.2291538280168392,0.1519111367268345,0.2769009094701374,-0.06957557388512826,0.10849356035492107,-0.14493685298746734,-0.01068108491545132,-0.04471820129256403,-0.035455430320642134,-0.09508990917389963,-0.12033339849221016,-0.06330742428303404,-0.22536279051958494,0.16483838919195604,0.20870898769303317,0.10807600615046058,0.12034710200857276,0.06053044699661241,-0.1068128643775077,0.11736940851189888,0.14523671816904898,-0.06187661595693871,-0.19710775195829294,0.1440324209075355,-0.08282526202936986,-0.1420953885652217,-0.2826862116427493,-0.228295343021182,-0.3931147891169897,-0.2056450426521947,-0.4962031183560617,0.08352333527466482,-0.22500005038057486,0.09910020293295554,0.24295568726157393,0.18877198356384126,0.1686012135672873,0.07447498402935777,-0.3094443425637264,0.1698949867297566,0.17956241447897417,-0.035492510423740936,0.007794479498128865,0.36889583916908325,0.21731237770115452,0.22052383706519044,0.3827831438687848,0.0006468865812346465,0.00032445090211457347,-0.029645139382898415,-0.02864558877762619,0.15599800895968144,0.115186518964256,-0.04670601725433928,0.33442021026836727,-0.1850502697375978,-0.09770002599637663,0.1885688490859956,0.4384887439719642,0.3560105033422473,0.328115786652372,0.1369138472017621,0.17386820038571368,0.20073595943759157,0.30505679906009997,-0.1775044687569903,0.315759245339293,0.07822571706672202,0.130189451113713,0.20078754914625077,0.06285198388627694,0.03205695826271656,-0.04996987241623222,-0.002932149456998164,-0.13273991733555277,-0.11293672401319568,-0.03656057861082618,0.07739786346058124,-0.1337306009596492,0.029618538439371008,-0.016901675254875327,0.36896596892929184,0.2689415847310584,0.10485084327006206
#50,0.10173530852056434,0.3512118543477428,-0.11981750140561803,-0.14368015992809685,0.1748379256906673,0.18518327445523483,0.14994186081660865,0.40202449302027515,1.0,0.34999949619425136,0.21356083857459246,-0.06105601715357813,0.01832361659979485,0.24535541480342507,0.1412473827291359,-0.06612309385095008,0.06427714958798766,-0.09739451819041035,0.12029712447830915,-0.0627222035254311,-0.08697178486285399,-0.22051093963802565,-0.050851733998625616,-0.23690356956449016,0.06424168166328445,-0.032066631333090165,-0.12084365295441767,-0.4261475183536434,0.2092821171126691,0.16087001207118573,-0.0034794840223044883,0.028934974799636453,-0.2437303389806599,-0.0635395779720005,-0.07861102770327051,-0.07585742700358508,0.08228760053443714,-0.03803088530761371,-0.11185817666653904,-0.15543535869961692,0.18007025067358828,0.08188778029232825,0.06341221587874807,0.17381741676625226,-0.011558916051855718,-0.2132384028954724,-0.002115581099626579,-0.04682209409882251,-0.10170790148783913,-0.2834761790565935,-0.08169915542004301,-0.28849569649129525,-0.14735431449167008,-0.31591885100045747,-0.1377658834838369,-0.25750076074668043,-0.26153846153846155,-0.3501470105174488,0.030207789642962942,-0.22573681590736422,0.18865268236256683,0.13870175304248292,0.08726842568764447,0.08557805663985749,0.028554500698274768,0.010282876851738029,0.20825354729627607,0.21842236252652536,0.18221767229652797,0.07564623163376144,0.06546129461955613,0.12375363495847633,0.002512983074142069,-0.005895333348111635,-0.1054989389850934,-0.20588283896554574,-0.11502691330309156,-0.23908968346892426,0.24028027721407513,0.12425341026111245,0.2092039264604825,0.176226817378477,-0.07477081876495044,-0.018489670974541687,0.14410577502453534,0.1925001461036671,0.25306082144519704,0.19286611059946837,-0.041214937638924434,0.07113696866126722,-0.07817815780405181,0.09259586919590587,-0.22145890053463865,0.17332650844479197,0.15113084238336394,0.03100017532440052,0.013985244537234268,-0.2656519347148359,-0.16180749380822734,-0.2753862678674709,-0.28764607847681384,-0.06157191424017024,-0.2198007750547637,-0.3322461877019002,-0.23463281629428703,-0.38779460041150854,-0.2829925255379134,0.008320855744292385,0.17177720500662,0.2948863716514551,0.2534727330252729
#51,0.395263822918325,0.5245702033158479,0.3266922331290569,0.5997388270999128,0.15289778990494193,0.25632709487468336,0.509252090290051,0.313056428259069,0.34999949619425136,1.0,0.55958591197909,0.044884255667310864,0.4203460943970755,0.37779828826958844,-0.11909121503840008,-0.08312593330014932,0.3859833179840515,0.028284460817011706,-0.374839134824464,-0.3929930696481219,-0.1497475933199388,-0.2579150905943497,0.21152788161774042,-0.057110210530346234,0.17754316103848472,-0.17987840144451184,0.12997422529790034,0.001828613345209714,-0.1523190178609214,-0.09421127194829744,-0.19926645883000182,-0.11702923887042721,-0.05825808154801369,-0.0887000401029376,-0.29610276025093557,-0.27807941187732127,-0.2518371780429363,-0.27617784745971063,0.15860893187135622,-0.14189547844416725,0.11383067693355609,-0.07840628104702926,-0.14374948359910766,-0.24339984240956183,0.18774825028263503,-0.3313103181432541,0.22170959427515452,0.3058943257366144,0.001275636155518789,-0.010117628566188992,0.20945462020099834,0.2075506375157943,0.17812515743929644,0.1050322133395671,0.01823897723402583,-0.2269604593096249,-0.04077481293692554,-0.29342976847103014,0.09034365597725216,-0.048087654139368795,0.17368683031620863,0.22749167209097523,-0.048098939388137994,-0.0746136313713794,0.06584015654252222,-0.19860224133101448,0.11045155101637771,0.2798600629152619,-0.22317264616916185,-0.261024176630265,0.04418295806522471,-0.0388466475757875,-0.0674974759331994,0.0025629606044056804,-0.17383353855020828,-0.11629166725444004,-0.05678938702962176,0.02000189430961483,0.2272716097399758,-0.20121074597509586,-0.07929862178899406,0.2675244799213257,-0.13482849444705303,-0.044916499235222875,0.16351962726435493,0.35067016240682114,0.263533532303017,0.24114118047732572,0.03544495116107073,0.004251717473797063,-0.028688311505109598,0.17715140168835383,-0.2211203430715626,0.15818492895331332,0.08399247918778452,0.301450355989142,0.12965904442156045,0.14300223891274688,0.334969963101267,-0.12702071447716046,0.07432424534936913,-0.06493733664098601,-0.13532988192808476,-0.06346219340901167,0.0785666927973915,-0.160247711210484,0.0463408588477358,0.10358608931871356,0.030664842218115645,0.21000034258790906,0.2119430175546075
#52,0.5521916557676689,0.3258917865556413,0.37005096498953094,0.4918615219367099,0.2669731149100304,0.32119309262166407,0.3319229459335823,0.5979533395267853,0.21356083857459246,0.55958591197909,1.0,0.18469962093655473,0.4379712347069765,0.3456812763616358,0.06000487683964669,-0.11089570616436562,0.3797038831331881,0.15104700910679272,-0.10101547086692877,-0.2216604228340887,-0.30574278096742796,-0.27809553366127726,0.13446494821884517,-0.1968739860909309,0.2877790831944509,0.019732660517549568,-0.015445072074450398,-0.11538239863932144,0.1594416220126838,0.22056575370347606,-0.2008746067796132,-0.012192502161326661,-0.040510415680047075,-0.0066635363536152094,0.017214437863621798,0.0012441986768045817,-0.06912577611275576,-0.12873607229007925,0.12945752212211042,-0.21447333154650228,0.1712967758447311,0.1615076286266457,0.04530503422856256,-0.017278118910248014,0.10196181958514619,-0.30758711305199476,0.05055025663864835,0.1744421358945474,-0.09687297847943364,-0.07958800781100432,0.1081437176430758,0.05374559421872827,-0.042812606428964395,-0.18537592977350908,-0.19726735761945738,-0.32592725448034454,-0.1263452117294039,-0.32417320438593134,0.0007250772334212643,-0.20650997636143428,0.08528302799346262,0.1952086058082757,0.2789991596520113,0.14764934313806494,-0.07835952787355685,-0.277757782287399,0.19774295024615948,0.2225358357028997,-0.1006519246387209,-0.07579052160016767,0.2840170649083174,0.07042761016720306,0.08472118382259589,0.16881402111550653,-0.08139445370327454,0.023156121340606944,0.02171805821173142,0.08682104618286536,0.4308397635740383,0.11027018094687267,-0.21200669860123372,0.0971357635579165,-0.09109654328799753,-0.012147361166249851,0.09484002152258159,0.34176368286032693,0.25129306783442124,0.28047752724077685,0.1911426918945716,0.025460730357117666,0.058153289952299674,0.1629658439854662,-0.18377100618068892,0.09971283072328369,0.031187994107487963,0.2480695171324183,0.20034178181986728,0.3231744598698569,0.24702885597805826,-0.04496970112227769,0.14029780965412728,-0.09672385197784061,-0.1024301574090681,0.12393419893878357,0.19945830805907827,-0.06903791239019554,0.14207201197848549,0.034381719509172286,0.20869367199827496,0.1602444868536928,0.0485833989960159
#53,0.12902868266888073,0.2816100825636861,0.3312426066506389,-0.02215495855693912,0.3480423116219925,0.3593041838044589,0.3104841976288886,-0.04359531904002838,-0.06105601715357813,0.044884255667310864,0.18469962093655473,1.0,0.5883608780729631,0.29958345340703674,0.04114883832470482,-0.1497330837143784,0.41438345260094755,0.32599980250814653,0.09951211451303144,0.02299812785783811,-0.28488844733113944,-0.32730486091938504,-0.029996594273139294,-0.02640304862934608,-0.027261533625003276,0.09387513275281477,-0.1320797302825544,-0.14895440154930345,0.37191383712564713,0.23659241913413928,0.2004691439131197,-0.036409033841639744,0.32177508902247576,0.07389137545015044,0.12834914947513518,0.029020420254603274,0.0065265011899891786,0.033001694802538374,0.21024458761484252,-0.0909216219320749,0.053540041473289224,0.20810442079468303,0.09288122477192713,-0.08943116300534236,-0.0016964147167704842,-0.2751911942816032,0.09746545403981678,0.23019448917119925,0.12778408094747723,-0.19499741043845206,-0.058720776747551,-0.027190597775596858,-0.11235230934479055,-0.25796506812461334,-0.25261182976202234,-0.21240490666494702,-0.33089598829558486,-0.2794497635135816,0.041577677777934516,-0.016521201153513642,0.0008129409559814841,0.016045608526811535,0.45321035099138895,0.262508992932613,-0.026195883705511434,0.16449660737208877,0.428626242636879,0.3700549954355199,0.06052238610463441,0.18971913837125648,0.30139151147770255,0.3002186516949033,-0.38206733666113823,-0.2948621889755211,-0.2785114756873422,-0.18918792558990616,-0.13497681485944826,-0.053123293358026534,0.5016168134084877,0.3270799620331988,-0.16032348359507723,-0.2853583973334569,0.5041374543300089,0.367803588306064,0.05187063074464505,0.11548315978904646,0.09767745549883822,0.11095132631901383,0.2370438290849074,-0.06328404769629783,-0.0750819691953013,0.07669172932330827,0.03307585500873599,0.09925980859411998,0.20404011905937453,0.12824516396861896,0.2026713796015098,0.43419712508287606,0.33221152586639474,0.20374831476977084,0.13216517573752123,0.32860347061704115,0.38308139687197085,0.36876767098663304,0.32568542772100445,0.1840507191323256,0.1932635125739839,0.023632520056506852,-0.08114053560596748,0.08810998281014785,0.14493604689826953
#54,0.3242102844890301,0.3256346441015431,0.4013159406154088,0.3231019118420549,0.3236081358582734,0.2719321756548971,0.4572835197078733,0.2522208765010892,0.01832361659979485,0.4203460943970755,0.4379712347069765,0.5883608780729631,1.0,0.450858182712208,-0.08323314316345676,-0.22123964427283702,0.368517783335315,0.22479449763513581,-0.1350598420468217,-0.2026173716252572,-0.33745836045487615,-0.3828242544178726,-0.027259921446607674,-0.05529973419208702,0.012856719660314013,-0.001894712659429329,-0.06849863871686722,-0.12982993533149412,0.09658036810063217,0.03498386813992902,-0.13529441400338155,-0.22062540430411326,0.19647658411641541,-0.10262361881654014,0.03051894007331381,-0.0662641594605651,-0.14230255348905632,-0.16345352795013532,0.13591752095328108,-0.25508652359926887,0.17939797228262294,0.2994020833375317,0.09654006364074216,-0.05337882363372919,0.055532693970251276,-0.2843862537609099,0.13061184185336028,0.3064682612454481,0.11279404622518505,-0.041402756422011876,0.17022548330085466,0.11564518371780429,-0.008822243225324098,-0.20758610544049752,-0.25007506705654514,-0.33056065518929995,-0.18613607188703465,-0.3623592618641216,0.1739093109348015,-0.1032773571559561,0.004583020134092938,0.13410140199063728,0.2551284402375545,0.18929916589920256,-0.13672522232947687,-0.2574225700944938,0.2962510806633308,0.37866564024642146,-0.056169504436513425,0.032526908265034064,0.31718199277341036,0.22004743834929055,-0.16525594339641653,0.019267547050418863,-0.146164526835717,-0.12391646497643197,-0.015840861870570287,0.04031937254016843,0.35652962478563066,0.055669729133877306,-0.2680186125995772,0.02573721895196313,0.39089723773384144,-0.057317375454180884,-0.12120316873663656,0.3602731030202147,0.23682215455551234,0.26970253293378177,0.20337106502520036,-0.09193084560772072,0.035193451331357074,0.2803824087154364,-0.10202469454257461,0.2000016121783956,0.19393337269735583,0.19622024775151495,0.16487385711665925,0.39480515816477674,0.38116774111639323,0.2392605743788579,0.21841994425893196,0.05151836976520637,0.030007073432710696,0.35560181611896263,0.38398260459511147,0.21969598345904967,0.25529288243390574,0.05346426908869601,0.02141658085175415,0.09875197239950587,0.1545776797931575
#58,0.13769414154523268,0.30665446785013994,0.12951556054435204,0.13802544420552856,0.307582276516808,0.47750829768067987,0.624749356640059,0.25266825600586834,0.24535541480342507,0.37779828826958844,0.3456812763616358,0.29958345340703674,0.450858182712208,1.0,-0.3071897110774793,-0.3474538665075984,0.12127410458604297,-0.07476920658655484,-0.31294438186057477,-0.29440513640036836,-0.45228576668151216,-0.5791093923498105,-0.07715039407685657,-0.18771358844712963,-0.154071455776939,-0.21066052964090742,-0.16709543894579654,-0.22946497844719008,-0.04386455283209364,0.021348063269941136,0.09311499063928919,-0.0008548575942670936,0.16365505024958538,0.027495299492365326,-0.1713032245583135,-0.15065686193505742,-0.275050934761186,-0.16746785215518023,0.01999866995282363,-0.19728750984940238,-0.11494066175892693,-0.06955783992277666,0.09829572591355096,-0.13444963252408695,0.030316611684665967,-0.19634116113118497,0.18153088430000222,0.20299703963742108,0.21598394270317983,-0.025618723839886504,0.150618169653563,0.058079935835299856,0.07124982114895924,-0.3163871888243794,-0.30675281073227156,-0.4379277058902953,-0.22700076376951492,-0.4097879380842887,0.1977268284622035,0.021464140114424362,-0.07476598222976363,0.11462870523937826,0.11693573252348238,0.0009241812652779093,-0.2590589311660282,-0.15606572045229664,0.5120145579709122,0.6034960088508594,-0.1969288001563813,0.032684901747802905,0.22390699342835782,0.17427285716300936,0.05591558633920637,-0.02467076294327349,-0.1413562047708389,-0.02534707178022784,-0.03599551008316825,0.1549637965189038,0.1747992334091729,-0.06633751357756493,-0.0026742009137021056,0.1969594315458977,-0.033152433482527006,0.17686765829072815,0.30569360952636215,0.2977036533977667,0.1443218069295458,0.18476249589398314,-0.024160508481065972,0.15538941161534228,0.0873877268889189,0.15599559069208804,-0.12353034825068568,0.14380913419974486,0.08747317234388571,0.015786047805119875,-0.059021448018330466,0.15030460095561873,0.25040475753844543,0.20736281873270687,0.18729200379668012,-0.004455658040840509,0.04480928937191545,0.07457252082229159,0.22977209843155194,0.10992598085941199,0.2080093022693426,0.05636054757639206,-0.010700431056198523,0.16664161072743505,0.16617891552789774
#101,-0.14711974253511023,-0.23781283817960877,-0.2177315440840106,-0.0015029533092984404,-0.11967482361760741,-0.3337124639526987,-0.22238429093371326,-0.07779526543509672,0.1412473827291359,-0.11909121503840008,0.06000487683964669,0.04114883832470482,-0.08323314316345676,-0.3071897110774793,1.0,0.630849033599813,-0.14984029357768583,-0.1646755591740004,0.6473714438871233,0.5208791208791209,0.4606078315596012,0.35422179141232873,-0.10956082245280852,-0.11855597181106076,-0.007462370748635191,0.2136938432922295,-0.18794251777930487,-0.2768203005503574,0.5311583703294688,0.3165588858235108,-0.1492139622709951,0.19094520004111054,-0.36311698571005374,0.11989972250379366,0.5966071705664591,0.47788796569284375,0.6942963143586653,0.42191635615439027,0.0467850139957237,0.1174379260937119,0.5051869824655447,0.4573020597594227,0.21405255298525058,0.43253013262182527,-0.14321907690695515,0.07546808592104759,-0.22367242147179797,-0.20187576956328102,-0.4288140614199664,-0.29639940107572604,-0.46875739334936106,-0.4472348117680962,-0.34367330816991554,-0.12612031284321767,0.12927131551741858,0.3011561334319449,-0.02454259476082326,0.23567589571624048,-0.3404150956324072,-0.4770165832700217,-0.17647831720819068,-0.4379551129230205,0.2498799934706775,0.1368662879390919,0.029945810653677882,0.2521394614921114,-0.01019904357516681,-0.24834439354886814,0.6734387563655856,0.27980524884981145,0.023788095271682286,0.14682713215630874,0.06455041382604192,-0.14890281184064422,0.1354975484812272,-0.13149047907896247,-0.04895661829459739,-0.36657188401182533,0.30918639402043036,0.327272617351473,-0.2691874419363875,-0.4423015458775591,0.009834691257761128,-0.31693774774647687,-0.3932985774540882,-0.34636000346618356,-0.33019227242590526,-0.09015986764015373,0.2746293501107365,-0.3535180755426492,-0.14846752367383212,-0.26724315479129346,-0.12158444892719604,-0.15370468519193992,-0.19788240367737892,-0.3258176263494437,-0.019639154170604748,-0.20378297660527625,-0.2755684440261737,-0.36329593751196537,-0.4266875981161695,-0.3323130931053176,-0.24562867904147934,-0.27869203966764944,-0.2761963875112601,-0.43571418495313596,-0.267991205566852,-0.332214750223186,-0.22804061883467716,-0.21230414551522198,-0.10731908839372621
#102,-0.27701859849301624,-0.2674382283771611,-0.16942020019225226,0.05882556834326502,-0.4480473496794788,-0.5244750847905075,-0.12113545724402133,-0.3346080290514547,-0.06612309385095008,-0.08312593330014932,-0.11089570616436562,-0.1497330837143784,-0.22123964427283702,-0.3474538665075984,0.630849033599813,1.0,-0.26718995290423864,-0.16674720841234686,0.2114351813599934,0.445416274537859,0.5457195655985313,0.6129304768219127,0.08126386725323091,0.06100362135572112,-0.05099360569743845,-0.027868518790946813,-0.18205242401097893,0.09995626966101934,0.11872928098858779,0.07878191861320415,-0.2141621811161514,0.16792087428434394,-0.35257011464603616,0.1063945040838494,0.3311370089657271,0.325352512882313,0.48059803757584796,0.3859647779325021,0.13363467634511098,0.3096095908492754,0.33244045519857,0.14038083684150068,-0.04863337652627951,0.17557469121745667,0.04999486118136402,0.1634301513633991,-0.15468247138887153,-0.1685721943561665,-0.4998950068819865,-0.08668562319763494,-0.3312700136833641,-0.12699653180122647,-0.12213420176009576,0.28582995951417006,0.3894599806941637,0.4843922994298934,0.16318590633646565,0.5384833028698791,-0.275175878586845,-0.23334387966700454,-0.19526100160613272,-0.2959874894956501,-0.09369376268330973,0.010449737315682666,0.09993934178786554,0.35264024440624475,-0.2154624029922031,-0.1413304099165093,0.325380726004236,0.1236141815272569,-0.13967309052583213,0.005515665335947749,-0.026250697770961846,-0.11116816431322207,0.09385981705805656,-0.0397406004961479,-0.02358818515062784,-0.2088363497862856,-0.02449906594414205,0.06982626762564412,-0.21984752822823608,-0.36316373888352615,-0.03351839797832829,-0.3557968897048303,-0.350997434621128,-0.366799201165605,-0.32475197642995185,-0.15878868976246566,0.1341747561076371,-0.425031890903888,-0.12106935792980172,-0.40204061480423114,-0.04471820129256403,-0.15154839658782443,-0.13343960275924333,-0.10090664882522575,-0.0984214758284078,-0.18733069607817454,-0.24703288642404725,-0.38122174909264583,-0.3288856018362712,-0.33549553325823267,-0.21399129020621777,-0.29907158676643364,-0.31270658554722375,-0.41532980131916497,-0.3040346779572894,-0.2613022774035061,-0.20686949214365316,-0.1651172960543949,-0.1283789747754538
#201,0.4300957432444687,0.5101613589051697,0.6786557656537484,0.25276418062040656,0.2508948597707079,0.45636941455756785,0.32084163773142316,0.15856459696547723,0.06427714958798766,0.3859833179840515,0.3797038831331881,0.41438345260094755,0.368517783335315,0.12127410458604297,-0.14984029357768583,-0.26718995290423864,1.0,0.5225050027910838,-0.23562753036437248,-0.35395658806625246,-0.21091686600580786,-0.29368288047913943,-0.09719622024775151,-0.2710124278802071,0.12438480280035387,-0.2230235196675688,0.18270616235039489,-0.17276627645232084,0.07359070417937097,-0.07952916329956491,0.0256042142343261,-0.3239813551568549,0.24704255949442086,-0.3228705642422862,-0.2584188963429748,-0.26840150496853227,-0.3049995667270562,-0.43369654369104216,-0.11681723741140576,-0.4499053852804082,-0.11088764527238762,-0.08586663657266995,-0.29029891802677427,-0.35168664088524715,-0.17153054171209314,-0.5393200234571957,0.20510899333565755,0.16906632703441798,0.3677729569165476,-0.051395038117942944,0.30124802760049413,0.2124258649840898,0.1413215429353335,-0.2123799178998152,-0.14984351793447703,-0.4604441954524478,-0.08687666633751358,-0.3888908817205168,0.04981832764704578,-0.06221920386600379,0.2083736545867483,0.2641405174689605,0.13235299452060867,0.1793149450952495,0.09983535628134932,-0.18690427489253825,0.16005344371381416,0.2494519601066456,-0.1320055700763568,-0.023933191327286323,0.4639643869792412,0.34770697851570764,-0.1421711609498149,0.008395822039687802,-0.10972526464915976,0.05541822930416365,0.027435648891728115,0.1933175205502365,0.31327004189648605,-0.04542997805422159,-0.19272585107905116,-0.06781346289873706,0.0922492508408518,0.2012534687025793,0.060636850770722034,0.3199517152570518,0.3160558861640835,0.15425927456002644,-0.07530686808148755,-0.023320563536958182,-0.18953212567736683,0.07930990703776326,-0.24722634783151928,0.1703222140045907,0.09109331893120633,0.5650890829324718,0.007423678467140781,0.6626984238940961,0.45137488588799796,0.3779595061091485,0.3072654834620725,0.616741666549112,0.286612672125234,0.4877270904411928,0.3691416963744123,0.27672034548983016,0.23116260229775726,0.2729035131382463,0.17514343349663358,0.17507733418241395,0.13124542796283123
