,#10,#11,#12,#13,#17,#18,#26,#49,#50,#51,#52,#53,#54,#58,#101,#102,#201,#202,#301,#302,#401,#402,#501,#502,#601,#602,#701,#702,#801,#802,#901,#902,#1001,#1002,#1101,#1102,#1201,#1202,#1301,#1302,#1401,#1402,#1501,#1502,#1601,#1602,#1701,#1702,#1801,#1802,#1901,#1902,#2001,#2002,#2101,#2102,#2201,#2202,#2301,#2302,#2401,#2402,#2501,#2502,#2601,#2602,#2701,#2702,#2801,#2802,#2901,#2902,#3001,#3002,#3101,#3102,#3201,#3202,#3301,#3302,#3401,#3402,#3455,#3501,#3502,#3601,#3602,#3701,#3702,#3801,#3802,#3901,#3902,#4001,#4002,#4101,#4102,#4201,#4202,#4301,#4302,#4401,#4402,#4501,#4502,#4601,#4602,#4701,#4702,#4801,#4802
#10,1.0,0.27061341372729597,0.37198880342104257,0.36713937080707665,0.18179205720008948,0.2565415146012982,0.14879479588813901,0.6178057042902082,0.00023336282276315286,0.6098616952458874,0.2366157957208755,0.16708899023221416,0.2132593612146152,-0.009329273330740413,-0.1500136027552129,-0.2551622959838621,0.5544511237891029,0.3996457237975668,0.0401694399493776,-0.02366960015960566,0.10095178982030256,0.029795878062887048,0.034773478859303174,-0.024711873492361296,0.2694050860197935,0.160324289684275,0.27629150603660046,0.30005662776614545,0.07056464533082908,-0.011899891782525195,0.2582334958274808,0.11379601509805068,0.36140888269991517,0.05586560880894275,-0.018611390443409516,-0.11505028988982775,-0.0697061603351719,-0.18683736948912083,-0.013412115117598338,-0.11376860806532547,0.1294422064273522,-0.04594265078402251,0.007434157626712184,-0.20490505276861412,-0.08524594789036381,-0.2780866666801015,0.28005997303631636,0.36341926915922884,0.2525715253021323,0.17459287457453604,0.22839691026010484,0.20802542405329863,0.21467888429194132,0.20770298837417855,0.01801407834783958,-0.08139606588167013,-0.21488685530497378,-0.2636157534011926,-0.1783540867714717,-0.2739683569685403,0.2619003955882738,-0.013897380814674048,-0.22938678779500346,-0.361756307144167,0.48480018056398033,0.3916122388522902,0.0011289279215191557,-0.19614205709932833,-0.0026169685806582926,-0.18215802169589076,0.30935325448437495,0.48507183262363895,0.043368001886248723,0.15966410263127667,-0.08853640399578415,-0.032328610322375224,-0.06149775403397263,0.03254303004899007,-0.2146522833484139,-0.2122968907124418,-0.022412101011037376,-0.042401500938086305,,-0.054796734532659715,-0.08726842568764447,-0.02194537536551107,-0.010382025823067452,0.05495311583703295,0.13876220973231793,0.0033674376238102626,-0.18638998998434173,0.02402830985262674,-0.17593501308887335,-0.15247942961128363,-0.1849382233391036,0.15044889092202499,0.026800450603861572,0.3990056889745135,0.43653558984569435,0.1749201467888429,0.25940957996707126,0.2123855605241998,0.3616120171777608,0.3923901149281674,0.4199994760420214,0.39625047609643244,0.22177811185696752,0.06628108733371892,-0.08494366444118874,-0.13652773047601582,-0.2238344454005558
#11,0.27061341372729597,1.0,0.20683644248654334,0.14048643452641252,-0.15001763320120187,0.01395541923691566,0.4269415162134766,0.11224268121388972,0.2908252942729378,0.32745479351017587,0.08739981822688589,0.09720508722892732,-0.015301588197241965,0.22047385953492685,-0.053977747907694724,-0.01461157584392501,0.013851433730399437,-4.7962307269110864e-05,-0.01642366436057982,0.05558831412489949,-0.2137929922635589,-0.0640482202558124,-0.2163998847292447,-0.1726381082698706,-0.19268635270835893,-0.14580984758868493,-0.10086715045453355,-0.006658699818428408,-0.0014731280089798336,-0.10575446926079606,-0.1298799128617577,-0.10488550510556746,-0.08705239378263402,-0.3019194999022617,0.013134014344357275,0.05892955384978125,-0.05262190587699482,-0.05346426908869601,0.001491668060529238,-0.07318040477769068,-0.07451931893523678,0.06594494813823623,0.03927226267222599,-0.08370551143336766,0.07779365325670112,0.06775300620890205,-0.17456707972020644,-0.059127851792440095,0.009997521275716764,0.04711470447762397,-0.01704838348887496,0.11993841478528806,0.061517906263917635,0.024029115941824542,0.057810702043234595,-0.0962563202431165,0.0020510939638025646,-0.04676244349818529,0.004973167305828226,-0.08927236343337572,-0.12777279569870803,-0.19395513710569642,-0.021126388740546086,-0.06061992289756823,0.023895305134989712,-0.038661247060293454,0.2851077035929411,0.2168246937364854,0.007321305139020158,-0.01134610850363647,0.07977905095088297,0.19310310082362164,-0.1011170381058516,-0.11633680824951685,-0.0639780904956038,-0.19265330305124914,-0.25459319701021516,-0.2822057824808604,0.17714575906396923,0.09458046080088993,0.006541816884747382,-0.10826140666595462,,0.07825957281302963,-0.02084425752131602,-0.04004530221291637,-0.06100845789090792,-0.1660652569510079,0.03155637687088265,0.09306662528742118,-0.20894355964959302,0.05947366405829637,-0.022270229312224544,-0.039974366363509956,-0.019234497393309055,-0.08782543332332439,-0.07839580188745786,-0.0772382577994168,0.034443788377402904,-0.1611061962061412,-0.11468674366161988,-0.15438986101007007,-0.18846889402546838,-0.17551342843842385,0.05318375004786154,-0.12113545724402133,-0.20382892368955086,-0.1500369793419491,-0.1469601368739458,-0.022986842609068907,-0.028406180285879535
#12,0.37198880342104257,0.20683644248654334,1.0,0.6411379561205345,0.12115157902797734,0.41432057764351915,0.17272758417082643,0.007969400854051505,-0.02966045507765662,0.48011357796797005,0.068451079454197,0.14331661369988896,0.25359284031574514,-0.1001763320120188,-0.227367534354514,-0.2185392454602064,0.4860020595579004,0.578647503239471,-0.07932844708931266,-0.09644413902620394,-0.20066986012337196,-0.33277659439405266,-0.08266323810061202,0.1457332691148939,-0.09506572649796563,0.039194072020039376,0.23514065248890115,0.06681552447186043,0.07375675855411781,-0.15833002500891735,0.3138004485886386,0.22498312250742106,0.3925642301948922,0.2543682981240289,-0.07558658103312423,-0.009986236026947561,-0.17068898458958975,-0.07058157320398288,-0.10106061186200559,-0.07003423863867657,-0.10343696281712053,-0.10575527534999385,-0.10492500347625966,-0.06637862412665274,-0.01642688871737102,-0.331597285897671,0.28325531061639625,0.10249786890168332,0.2895831108191277,0.12292416917393995,0.3356607815437817,0.1011363842465988,0.15513952396402425,0.1938422846180044,-0.02462642803739448,-0.04463759237278401,-0.19855629424673987,-0.41334440362498315,-0.008757756089500083,-0.07892459640121478,0.0366629519389468,0.0020510939638025646,-0.12467580100075974,-0.235330889539582,0.3312409944722433,0.21469097562990833,-0.048904222496740375,0.028358621023209324,0.08974070125729762,-0.03326689814861464,0.43806474105392135,0.32950064789419276,-0.04625541339276898,0.17141285268921433,-0.15606249609550546,-0.009460665869981844,-0.1598567579495509,0.011550855159877716,-0.17465574953196447,-0.016655818049546273,0.06369515318717593,-0.06964973409132588,,0.14871660523595237,0.011795100186811172,0.12575031790142738,0.013558017262400171,-0.17381258023106547,-0.10505317165870989,-0.06323568234442982,-0.11759914393327194,-0.031234747280960373,0.0997708691455253,-0.009886280966420339,-0.0476821912728753,0.007571998879536015,-0.005258522881849491,0.34764732791507047,0.29569084867085965,0.3554083547114906,0.37416846861189423,0.4317369408511899,0.1788514438065144,0.46743379488657316,0.4065772848094506,0.33139737577661654,0.3099521787583405,0.04321081449267769,0.0613599127811488,0.03005946923056771,-0.11758060388172253
#13,0.36713937080707665,0.14048643452641252,0.6411379561205345,1.0,0.2728591782323673,0.37397258893682883,0.031019521465147727,0.037289283245637544,-0.1686302327784081,0.40714154724791074,0.1355112519975898,0.18976669763392667,0.2318784095054038,-0.2574677110895706,-0.07254923693581314,-0.21557364330149953,0.3271895901640996,0.22333628227631527,0.024957730697690354,0.042462763717119115,-0.14642408755740866,-0.28233314457411285,-0.05712633231430224,0.015944847377086513,0.1784153495505045,0.22047950215931145,0.1262734697907997,0.100244043504634,0.04523732273594735,-0.13785697156318832,0.11482619709283931,0.1222938074212602,0.35993535164633644,0.20864611273560477,0.0024444654923290537,0.04308748284541426,-0.0896278487696056,-0.03235521126590263,0.11898078081830145,0.1871912426469551,-0.021402071246193748,0.050495442573197935,-0.20383617849233107,-0.02353175890678183,-0.1470891111455938,-0.29287679128133925,0.17013681348909662,0.31228903134276326,0.16051130237816466,0.050184292142847066,0.22014819949901557,0.03961646275968667,0.013962674039695862,0.04580480953119868,-0.0675619630690234,0.01169998166147075,-0.2264985701992854,-0.3452129385377139,-0.1553507193338479,-0.12829433540968477,-0.06860826684776804,-0.11501240369753116,0.03911588136785276,-0.19304748066897343,0.2343595520562328,0.19059293906167188,-0.1125892995689438,-0.04605147282572553,0.20323241768317873,0.02940170044516276,0.450733238886549,0.4472098230029644,0.04982558244982598,0.07536732477132257,0.03607208855695927,0.0582814581347499,-0.0953994474258549,-0.06836805226682359,-0.037064384359451294,-0.016488151496403834,0.0896351035723858,-0.12217047577399677,,0.1643321651757375,0.0573883113035873,0.2039208178581001,0.02600967710081959,-0.12418972921448623,-0.028403762018286132,-0.16708657196462073,-0.24294843245879372,-0.04235394167541609,-0.13172746930311574,-0.10643803290053061,-0.11893967026921363,-0.04550010781443021,0.09064190898043822,0.17046166743581012,0.1740294182252737,0.21141019259486157,0.2114674249279054,0.15762711522843562,0.17272516590323303,0.3641898904323258,0.3991491728517219,0.29598587731725456,0.23455059519611143,-0.001828613345209714,-0.11465933662889467,-0.09738887556602575,-0.2106395713217646
#17,0.18179205720008948,-0.15001763320120187,0.12115157902797734,0.2728591782323673,1.0,0.3130016141936186,-0.15160965936685725,0.2458995250119402,0.05200282937308428,0.00251620743093327,-0.06027249845331635,0.2672584704860516,0.3593743135646675,-0.16956207189106512,-0.05486928256046173,-0.0013933251783976156,0.08982372844467104,0.003473841397919887,-0.05317730133427914,-0.05404304113271654,-0.1473986493975491,-0.1946781991161232,-0.07875128722368774,0.07569862743161844,0.25266986818426396,0.24406970253293378,-0.044960028051904084,-0.12561408882699915,0.03953262948311546,0.16371953738540937,0.035354669170917105,0.21525604415756625,0.2715379980371728,0.2870302263296945,0.12069130209603343,-0.07492236353413687,0.1787192451780752,0.035922962055366235,0.11057246439604775,0.10403911144787727,0.16320041594202606,0.23058141198614332,0.18946602636314722,0.040509609590849274,-0.1420841033164525,-0.17317980021079232,0.14739945548674688,0.05763981113330095,-0.06183872976464211,-0.2365964495801283,-0.061554986367016444,-0.24302581702178255,-0.15392232927534596,-0.12307329567553298,-0.2026455847471802,-0.061266406434203974,-0.19449924731421156,-0.26381566352224706,-0.05954782426449399,-0.2106194190918196,0.12324418658546661,-0.03490890184453361,0.018691193273991734,-0.11978283957011263,-0.006540204706351782,0.07721810556947178,-0.3100787347623951,-0.1514282892973522,0.04320355968989749,-0.028050694949649655,0.06702107721729948,-0.01977054670984618,0.13738943982846422,0.11559601227673848,-0.0022711563148020146,0.030753512029873666,0.033794080483975954,-0.09150764877887563,-0.1474365355898457,-0.011283233546208056,0.028450515191758546,0.13555961734945782,,0.16676413628550069,0.24920207245532755,0.21744135197280254,0.09027675057383475,0.12825322486059695,0.18478264812392817,0.07078067723583953,0.25321559057117465,0.050821102609109214,0.06842367242147179,-0.010337690917188442,-0.075510808648531,-0.24578425425665476,0.07642088335284741,0.23205655521811766,0.09126340375194217,0.10029160276730421,-0.011812028059964976,-0.03746017415557119,0.27308810756454255,0.22420121598555487,0.05863130084659518,0.2539499378303706,0.2154164559079285,0.03943348051178603,-0.042882736189173015,0.10705469113684775,-0.04463598019438841
#18,0.2565415146012982,0.01395541923691566,0.41432057764351915,0.37397258893682883,0.3130016141936186,1.0,0.08724827345769946,0.050351958695989504,-0.07011565364765437,0.28280873720081495,0.004491125965543717,0.23912918183961646,0.5869284575684722,-0.10315160724109926,0.01584489231655929,-0.09133272742295298,0.32649232300800246,0.26949214365315594,0.009098731820169561,0.06351539529606649,-0.1373394622982006,-0.28414765135836106,-0.26590907716893414,0.034729950042621964,0.052544521314006,0.049877978247682996,0.04454086166904799,-0.18747901649056978,0.19170614824383392,0.17905538437355786,0.2449418910449536,0.5475550307019224,0.4181446647978832,0.35593070051166514,0.18880664539934666,0.11719126279918504,0.057505194237268326,0.2551703568758401,0.05735203728968629,0.18680270765361542,0.05864258609536438,0.20015879957196664,0.1320603841418072,0.19058407208049608,-0.42201550512571967,-0.08230291622919535,0.3323937020250976,0.16782817402659692,0.0012409743200133812,-0.15665497165588857,0.05300076779996091,-0.2601398967802782,-0.1801798788044891,-0.1930232979930394,-0.24023594230819612,-0.13363467634511098,-0.3071582735987651,-0.33197131128545027,-0.2535581784802397,-0.19663215933159084,0.033007337426922974,-0.03942945006579703,0.29143711597406813,0.012813190843632803,0.15070603337612323,-0.06788601092653908,-0.009973338599782758,0.20948444550131695,0.3382942749529949,0.09896639212612071,0.4864824887197893,0.29409962859440214,0.3902483359296123,0.25629404521757354,0.301329442609472,0.2894726765990291,0.23608861338551418,-0.03832349568641518,-0.00022046539559834993,0.09785882556834327,0.2554984351793448,0.06332677042378124,,0.4144253692392332,0.387143280339686,0.04039030838957485,-0.20525167112366818,-0.08407228201836674,0.06724678219268353,0.36763914610971277,0.15263500482645906,-0.0829848676905343,-0.1554450317699905,-0.2357137819085371,-0.35436124484354814,-0.3262496901594646,0.0317998158086183,0.40068557886272904,0.2419650036374775,0.3872666119869494,0.24362554738494588,0.29676052903634054,0.3445309870763749,0.4988277447840991,0.29958022905024556,0.451757778256953,0.40369551592731495,0.16035814543058263,-0.007211677008119334,-0.23792730284569638,-0.3340252265614452
#26,0.14879479588813901,0.4269415162134766,0.17272758417082643,0.031019521465147727,-0.15160965936685725,0.08724827345769946,1.0,-0.014414083990463965,0.39055545591397417,0.3046593970855845,0.29369174746031523,-0.04087396190825496,-0.04483105378025606,0.48944809087849617,-0.2499202979305675,-0.17291298468632046,0.018442111711871476,0.08966573496190221,-0.11322772221360154,-0.16713010078130194,-0.18827785088558974,0.031031612803114728,-0.18834314411061157,-0.03279533596790153,-0.06784651255584687,-0.09999415585331595,0.22357972121405095,0.193008788387479,-0.09953952154575664,-0.215858192788323,-0.0741420691906663,-0.0975791126167066,-0.177953460440165,-0.2587663207872267,0.007180239529405126,-0.07837242530072165,-0.15872581480503725,-0.14365355898456944,-0.19164085501881212,-0.18955147181811402,-0.1783694024662299,-0.15260437343694266,-0.17865798239904238,-0.17454450922266804,0.06022252092305274,-0.007878312774700084,-0.02195343625748907,-0.01434879076544215,0.1888719386243685,0.15298162318151315,-0.010294968189705031,0.14067667157709338,0.09585972435779881,0.13437224796109815,0.08194743089296547,-0.14646519810649647,0.2034968149400572,0.003975228878951601,0.23907436777416605,0.16146732416675566,0.13926762765933864,0.046681834578405274,-0.1103596568478285,-0.07051950433575227,0.1846262668195549,0.051112100809515074,0.48637930930247086,0.5758398945635329,-0.2021780530124561,-0.1769603585484752,-0.09854641965406682,0.00754862229279981,-0.25276498670960434,0.07474905435660983,0.020378337964987517,-0.1271875749411051,-0.12973884725214269,0.08107363020255007,0.08903053667403567,0.033726368991360736,-0.06307285232647418,-0.198245143816389,,0.035679523117630584,-0.12772201207924663,-0.12928260076618778,0.04113110436235322,-0.22940774611414627,-0.0723775399366817,0.2659550242532087,-0.07484497897114806,0.2561642648567277,0.11582897205490274,0.054266327840507195,0.11490358165582813,-0.07083952174727895,-0.187583001997086,-0.24308869197921096,0.012730969745457184,-0.05540775014459225,-0.002358213948164434,0.08962623659121,-0.12209631556779915,-0.0997265342396463,0.04672536339508648,-0.25792879411071234,-0.212408937110936,0.200855260638866,0.01915711283032024,0.11273600780294343,0.21081691094528066
#49,0.6178057042902082,0.11224268121388972,0.007969400854051505,0.037289283245637544,0.2458995250119402,0.050351958695989504,-0.014414083990463965,1.0,0.24004892961430646,0.28806524485966994,0.0821279948732727,0.12502806198019842,0.17951566130550176,0.11968207842038761,0.08537411607281403,0.02697295369219081,0.20037241320938368,0.07390910941250205,0.24294198374521134,0.20529439385115159,0.15676459978678942,0.1438454082136459,0.08761988057788535,-0.03440267782831509,0.21646840231105774,0.19982749691167076,0.002552481444834278,0.0031981588922722244,0.12296205536623656,0.1726050586127608,0.05898114355844046,0.16715428345723596,0.12156671496484443,0.00887302684478551,-0.03381181444632756,0.13396275464861565,0.15744977560491957,0.15814301231502773,0.09262327622863108,0.09843679152316599,0.1813575751224752,0.14900034863357806,0.22051658226241025,0.102846099435133,-0.043948386108664854,-0.019082952624122622,-0.08350318304471982,0.08178460087500983,-0.132888237747948,-0.10487099550000706,-0.06788520483734127,-0.09775967659701384,-0.05684661936266558,-0.08900071137371705,-0.0980176251403099,-0.010012836970474968,-0.2815198005735325,-0.11248773233002098,-0.28856502016230606,-0.32918224266106166,0.09373245496480413,-0.028097448123122065,0.013627340933410987,-0.3116949436039845,0.09949438055067984,0.19319902543815987,0.03923518256912719,-0.2859935956213235,0.163725180009794,-0.06412560481880122,0.149641995635027,0.12038015166568257,0.2383867736884425,-0.03567065613645478,0.021877663872895855,-0.020648377846250576,0.05052446178431874,-0.1682940935829254,-0.04964421238032094,-0.021874439516104655,-0.006176658478143899,0.06026443756133835,,0.015359626619483579,-0.004500799035917319,-0.04331238173160051,-0.02856256159025277,0.02926063483554773,0.194731401003178,0.1509277079055183,-0.059172186698319106,-0.05307492800615852,-0.1867696579965056,-0.2115077293877954,-0.26592439286369235,-0.10309034446206645,0.1403679394143359,0.11792883441517221,0.029169546756196308,-0.10482424232653464,-0.01364749316335599,-0.04780874727692993,0.23124724166352628,0.06763451109682542,0.036528335042914174,0.27130020172382174,0.09385417443367196,-0.008979430618895133,-0.06190321690046612,-0.297912430499997,-0.30807399092746607
#50,0.00023336282276315286,0.2908252942729378,-0.02966045507765662,-0.1686302327784081,0.05200282937308428,-0.07011565364765437,0.39055545591397417,0.24004892961430646,1.0,-0.023250433776749565,0.002550869266438678,0.15917722475580534,-0.08878387337950881,0.5655501659536136,-0.17456869189860205,-0.13530489316295294,-0.28808539708961495,0.03329994780572444,0.011226001213164243,-0.10498304189850127,-0.2941439635002811,-0.09785237685476086,-0.13704040320581673,0.15154597832023103,-0.07542052665837738,-0.04423374168468612,-0.12600987862311905,0.04322935454422709,0.06510742146172184,0.07046146591351066,-0.05617837141768922,0.06494297926537061,-0.1227581147991931,-0.12039949780642976,0.017473192496115657,0.11587169478238614,0.0944708326699891,0.00966863688301429,-0.20014912650159303,-0.1602485172996818,-0.005584989006958565,0.0286939541294942,0.08623904978205363,0.12399707389621198,0.1319838056680162,0.039891339176136534,-0.1554377769672103,-0.2070178125560484,-0.12960181208851665,-0.058665156592902785,-0.1840015476912598,-0.0631631343166278,-0.11118912263236488,-0.06253922127753046,-0.19899561285954098,-0.2410646020035347,-0.0013078797234307962,-0.07465796627725842,0.2109853835876209,-0.046925273516140925,0.030929239474994104,0.02410488832641776,0.057848588235531205,0.2776981316867618,-0.042620757199887956,-0.060998784820534314,0.47967022890917993,0.3443770240395951,-0.10256477430510073,-0.12976706037406568,-0.17203999008510287,-0.24341273983672662,-0.03853630323463443,-0.026067715523061204,-0.11708808338186662,-0.29381749737517204,-0.12122009660979036,-0.16902924693131918,0.2208261205143655,0.11042898051883931,-0.009157576331608974,0.028174026596913083,,0.25419821330329306,-0.053984196621277125,-0.11206050505518689,0.07936310892481807,-0.08407470028596015,0.1147923413465317,0.4097403788216185,0.05907948644057208,0.38148130981433753,0.20169036904778698,0.08142347291439535,0.12842330968133278,-0.23262404201336898,-0.03581575219205881,-0.24539571926331508,-0.10160230380292731,-0.07811528284662339,-0.11288835866132767,0.10097758467463216,0.028668965364362392,-0.233511546220147,-0.05478141883790151,-0.1390129034728338,-0.1386872434369225,0.026559429933719316,-0.0582862946699367,0.08129530473194511,0.14773881903902075
#51,0.6098616952458874,0.32745479351017587,0.48011357796797005,0.40714154724791074,0.00251620743093327,0.28280873720081495,0.3046593970855845,0.28806524485966994,-0.023250433776749565,1.0,0.2732735080800366,0.15448094908942148,0.33806937606680865,0.05832095650544211,0.012112699330744443,-0.17342968786211038,0.554999264443607,0.24260423237133305,0.12169488314729467,-0.011601638779339127,0.002626641651031895,-0.0604788572879532,0.012026447786579825,0.10974380470070916,0.2756353494295911,0.19457663187720037,0.17637030125568545,0.08592467499491156,0.2601398967802782,0.16436360265445174,0.28818373997174657,0.2445775387275479,0.439179562414479,0.2843282153386683,0.21950655249756662,0.02675853396557596,0.0733029303357563,-0.02114734705968889,0.13920878314789922,0.04576369898211086,0.28513511062566627,0.13681389214123488,0.051581244722634784,-0.015170195658000537,-0.13740394943402462,-0.1660507473454475,0.23508019579906614,0.21905353036840292,0.04340427590014973,-0.028579489463406573,0.08104058054544025,0.05014801812894606,0.06517755122193046,0.1342408554218567,-0.03875394731804048,-0.09551068773515134,-0.2573862960805928,-0.3029287235779075,-0.13840430612849464,-0.09267567202648809,0.08852995528220176,-0.10944313342992969,-0.032209309121100795,-0.12038982473605617,0.326336747792827,0.17911745324178846,0.18223782452647297,0.019934182816999615,0.13824631264572582,0.023063421082859924,0.3220878516312223,0.45158849952541497,-0.08131545696189012,-0.13283826021768438,-0.08362490251358765,-0.17728360031679305,-0.10161036469490531,-0.0670823399963323,-0.10788899345657094,0.03285821092532994,0.08703224155268902,0.17656618093075088,,0.01470508219086983,-0.02720188302436606,-0.07841111758221606,-0.1859353556767824,0.21549303438171952,0.3107816445428769,0.128507142957904,-0.10119119831204922,-0.030704340588807853,-0.029168740666998507,-0.18461901201677472,-0.2141017244263164,0.02388160161862711,0.13467694967786661,0.3481180840065857,0.23757504186625772,0.16671899529042386,0.15202963183891113,0.26681350924886593,0.20334285190327736,0.3389447889356197,0.32690987721246295,0.34507509728489005,0.34828333229213476,-0.023034401871739118,-0.11705422763555902,-0.15483321006886017,-0.21005032011817268
#52,0.2366157957208755,0.08739981822688589,0.068451079454197,0.1355112519975898,-0.06027249845331635,0.004491125965543717,0.29369174746031523,0.0821279948732727,0.002550869266438678,0.2732735080800366,1.0,-0.047043768628217554,0.051625579628513794,0.23412094965368394,-0.07876015420486354,-0.26065659995606816,0.14856022393157914,-0.01850176231250869,-0.05980980325377905,-0.2770984013235985,0.16526158602080113,0.10615428950290494,-0.15703705793564587,-0.2115190146365646,0.042839207372491805,-0.08302678432881991,0.2614973509893737,0.16389768309812322,-0.022042912158444894,-0.0967230458886428,-0.023368928888826194,-0.12235668237868862,0.054178464117946974,0.08892896943511285,-0.07071860836760892,-0.1651890379929991,-0.0012345256064309796,-0.16029688265154982,-0.06659304385326759,-0.10823077527643822,-0.038381534108656794,-0.045402571021496384,-0.15956011712476045,-0.2145724805178317,0.15786652372018226,-0.07755666303254787,0.18204033267301192,0.3082618097105535,0.25671159942203403,0.23079986215874718,0.1360223125489951,0.16108120744100937,0.22302432575676662,0.07196159791061679,0.12506272381570382,-0.10896512253563419,0.02097081352537065,0.0591746049659125,-0.062261120504289405,-0.09983213192455812,0.10197310483391539,0.06791180578086868,-0.12214790527645837,-0.07247265846202211,0.22698141762876772,0.28235249071486007,0.21081932921287405,0.14050900502395092,-0.21832805009038275,-0.22800112046398494,-0.0957912067759858,0.06131638396446759,-0.0834274106601266,0.18688009221660423,0.04542352934063919,0.04247404896588832,-0.0011845480761673683,0.040641808219288506,-0.08100108217474805,-0.20227558980538993,-0.18168242906918866,-0.05161429437974459,,-0.07105474756309159,0.0256171116614909,-0.005529368852310352,-0.04536710309679318,-0.08469941941425528,0.005654312677969381,0.030034480465435904,-0.1624660686828301,0.08923367115188131,-0.12387374224894855,-0.16668675172251185,-0.12038256993327597,0.16524707641524072,-0.08992690786198947,-0.11138903275341933,-0.016212468990756172,0.0609020541167983,0.07618631139628755,0.10553682517739,0.08835019739109232,0.0679770990058905,0.1355781574010072,-0.04749840293577686,0.017731947128609517,0.06727257704701314,0.2215741712899241,-0.18621103818243007,-0.09676576861612622
#53,0.16708899023221416,0.09720508722892732,0.14331661369988896,0.18976669763392667,0.2672584704860516,0.23912918183961646,-0.04087396190825496,0.12502806198019842,0.15917722475580534,0.15448094908942148,-0.047043768628217554,1.0,0.45975015265314184,-0.21703024648192445,-0.22445674626125753,-0.37257966680303006,0.018640409654530322,0.01749415081525846,-0.11765879453390915,-0.12492730083047339,-0.42243305933018016,-0.4145277425673538,-0.2985476287878635,-0.0015424516799906493,-0.09090388796972329,-0.07749862461030625,-0.0018020124016823083,0.039488294577236446,0.08640349197840487,0.23994494410779024,0.060487724269129,0.26766554553094074,0.43374652122130575,0.20040385068809788,0.14368902690927265,0.15601896727882425,-0.0640038853499334,-0.10792123702448295,-0.05478061274870371,-0.08332261906441257,0.2864732186940146,0.22479530372433362,0.2176203037747142,0.0657909851014564,0.017151562906193386,-0.09942989341485582,0.2507739463910379,0.07823297186950222,0.06510580928332625,-0.06415381794072424,-0.07317073170731707,-0.024885988759086135,-0.020608879475558367,-0.02361962262934205,-0.2980027124901506,-0.30619902745338284,-0.09172126241629268,-0.15155565139060462,0.1465280730639249,-0.13947318040477769,-0.09641189545829194,-0.06143810343333542,0.049229076443453854,0.259172589742918,0.02860931476372518,-0.21673602392472738,-0.10501850982320449,0.10126294025065344,-0.11234505454201035,-0.17843469569125173,-0.013532222408070565,0.07923010420718105,0.0485439006253237,0.20823178288793545,-0.09895430078815372,-0.12385117175141015,-0.12849505161993702,-0.06805125921208811,-0.07113213212608041,-0.06119869494158876,0.3554639748661388,0.5309552358516232,,0.41972782398236275,0.49640383456631393,0.11983684754636524,0.1580430572545005,0.2995479854823335,0.3965140672641131,0.23029363814252865,0.24804291618889088,0.3961747037118392,0.1593070051166512,0.03454777388391912,0.009172085937169377,-0.20064728962583356,-0.08361039290802724,0.2704779907420656,0.21749697212745076,0.06852040312520782,0.015344310924725376,0.047081654820514164,0.05303865399225751,0.40826604167884195,0.19918907426701302,0.32020402117596325,0.24293150458563992,-0.0366371570846172,-0.093152070742388,0.07564542554456363,0.08687908460510697
#54,0.2132593612146152,-0.015301588197241965,0.25359284031574514,0.2318784095054038,0.3593743135646675,0.5869284575684722,-0.04483105378025606,0.17951566130550176,-0.08878387337950881,0.33806937606680865,0.051625579628513794,0.45975015265314184,1.0,-0.2622671661732729,-0.08937473676149635,-0.25463995018368757,0.29523057173891576,0.20627782267246783,-0.1376981719912217,-0.07882786569747875,-0.2650957331683537,-0.42661182573157636,-0.2504974577961924,0.036965235388121874,-0.02511008155607459,-0.009329273330740413,-0.0047926033255209855,-0.06660997172642139,0.28640550720139935,0.3493054533949454,0.3524016420036959,0.6103260026238203,0.5368324321927843,0.4640240375798784,0.37258611551661247,0.13387972746124222,0.19573820641123044,0.13403933312240665,-0.06509855448054605,0.005275450755003295,0.23762098895053232,0.26993065617675926,0.3221571753022331,0.19525455289255034,-0.28326578977596767,-0.2039030838957485,0.29561346410787087,0.15260840388293168,-0.0278145108146942,-0.1589805389915421,0.16844322008451845,-0.09816836382029853,-0.07964201578725694,-0.11394675377803931,-0.39355813817577984,-0.29638650364856123,-0.3337938789616765,-0.43700150940202287,-0.18213867555514354,-0.1555054884598255,-0.06317925610058381,-0.06365081828129691,0.13455684238739438,0.0018036245800779084,0.18304391372427317,-0.13460843209605358,-0.11111093198017827,0.054901526128373734,0.13351618123303435,0.03218270817757339,0.36885956515518226,0.2127910233906933,0.19108223520473658,0.17459690502052505,0.07729468404326281,0.031096906028136542,0.08440519685705822,-0.08538943176757224,-0.2894928288289741,-0.03296864514542857,0.4106560961503195,0.46589900105396165,,0.32912581641721567,0.422711966192619,0.23436600076981517,-0.08255038561292,0.2680774571110166,0.3281423875958994,0.2764615908573363,0.4358536383843554,-0.06772076264099004,-0.025047206598646173,-0.07523754441047674,-0.2635593271573466,-0.23820056708375065,-0.014795364181023452,0.5142490372272144,0.33665952605985616,0.36011027300225906,0.28409928600649303,0.2995052627548501,0.409097119641774,0.5070740372775949,0.3281061135819984,0.4772277786398454,0.4772430943346036,-0.016582463932546455,-0.13273346862197036,-0.19433319293946472,-0.22507018014078348
#58,-0.009329273330740413,0.22047385953492685,-0.1001763320120188,-0.2574677110895706,-0.16956207189106512,-0.10315160724109926,0.48944809087849617,0.11968207842038761,0.5655501659536136,0.05832095650544211,0.23412094965368394,-0.21703024648192445,-0.2622671661732729,1.0,-0.09908408114899954,-0.023111786434727936,-0.2322967697990621,0.06156546552658784,0.035210379204510873,-0.03099856314600492,-0.0702204452433684,0.15766661359912781,-0.08132835438905492,0.10660972989966205,0.0041001727046106285,-0.015794914786295678,0.00583004012308982,0.13850023074303286,-0.13842445835843964,-0.058646616541353384,-0.10470171676846901,0.02375907606056148,-0.24340145458795742,0.002480739506230062,-0.02198084329021428,0.04804815576867658,0.010016867416463968,0.09793782230972768,-0.21787744622881244,-0.1032644597287913,-0.03384163974664617,-0.10474685776354582,-0.2118390320480913,-0.012988918288753242,0.033764255183657346,0.13014269794024058,-0.13709199291447596,-0.16770242411174008,0.008407913377654804,0.07210266352023183,-0.09110863462596454,0.06315507342464981,-0.03379972310836055,0.07318121086688847,-0.09217106018866518,-0.13189029932107138,0.11749596451595351,0.09516326329089946,0.2526690620950661,0.2317550778581404,0.12903110093647413,0.02966045507765662,0.08746511145190772,0.10322415526890127,-0.02326091293632097,0.022374214818740766,0.6835616245115603,0.23228145410430392,-0.03326286770262563,0.0962571263323143,-0.12085010166800007,-0.15464861564256394,-0.10264296495728735,-0.0644561013898993,0.0812396845772969,-0.08325410148259955,-0.020378337964987517,-0.020156663435592467,0.17230277516358572,0.023020698355376516,-0.22626157997513216,-0.17453806050908563,,0.049123478758542026,-0.16056934080040627,-0.24001829822479007,-0.12458551901060612,-0.11896465903434544,-0.013882871209113645,0.3056250919445491,-0.11229668919014234,0.22994379543068338,0.1205333086132646,0.05460004876839647,0.12724883772013793,-0.11525906699205801,0.024311247161054605,-0.33782432495067743,-0.19193265930841577,-0.10661940297003565,-0.0074027201479979765,0.07340207930708573,0.12867239124345303,-0.31186502842472036,-0.06992219224018234,-0.1673541935782904,-0.07401390100821606,0.06881785003919609,0.10332249815103291,-0.006208902046055906,0.14065651934714835
#101,-0.1500136027552129,-0.053977747907694724,-0.227367534354514,-0.07254923693581314,-0.05486928256046173,0.01584489231655929,-0.2499202979305675,0.08537411607281403,-0.17456869189860205,0.012112699330744443,-0.07876015420486354,-0.22445674626125753,-0.08937473676149635,-0.09908408114899954,1.0,0.7383289367885003,0.12158606110559164,-0.12732622228312673,0.8106270769391987,0.6389034768642324,0.5759148608589283,0.41879356660211237,0.4473581434153596,0.04543159023261719,0.32994560913137844,0.3416532486402283,-0.33895284982759766,-0.5312889567795125,0.4883421364991143,0.1974438911537756,-0.22619386848251694,0.035824619173234616,-0.1231668020224778,0.06537665525378711,0.2559401720597393,0.18447230378277507,0.40694405539444967,0.5512711019037811,0.6633578048578965,0.6817116498026089,0.2984758868492593,0.5419776995423429,0.34019100283541875,0.5638202985351344,-0.37204361748649295,0.4732513406270971,-0.1337523653679898,-0.019616583673066342,-0.6246348919739714,-0.6058328614352821,-0.4636032590186267,-0.6217926214625279,-0.4426989478520746,-0.45149176882167896,0.11629086116524225,0.352800656156607,-0.47093625245101495,0.04602890232818713,-0.5465603166318369,-0.3722419154291518,-0.5036481581869442,-0.37548723053949534,0.5322917317415758,0.18122698867243156,-0.394251374885888,0.05091057851006503,0.0006364074216632441,-0.2898450898084127,0.7170941290508501,0.47706253035429635,0.16140041876333824,0.15780203658435824,0.2985137730415559,-0.39705495311583705,0.06496071322772222,-0.0008669489322340963,-0.04772007746517191,-0.5385760031276261,0.44613933654828575,0.5410587578568506,0.1328793707667722,0.04527117848225495,,-0.018959620976859194,0.05820165530416768,-0.4561735348825024,-0.5351589910181511,0.04744197669193084,0.03697329628009988,0.030851048822807488,0.020407357176108323,-0.5032370526960661,-0.47920914588803826,-0.683845367909186,-0.6380320944414104,0.07089514190192715,0.6427936633328161,-0.11907348107604847,-0.3210173651765436,-0.20697025329337818,-0.41066818748828654,-0.30005179123095865,-0.22060444598497048,-0.12666442305173278,-0.2269354705444931,-0.06271414263345311,-0.09869957660164885,-0.39853412679380035,-0.14451929878300684,-0.5374797218186178,-0.4945852973360767
#102,-0.2551622959838621,-0.01461157584392501,-0.2185392454602064,-0.21557364330149953,-0.0013933251783976156,-0.09133272742295298,-0.17291298468632046,0.02697295369219081,-0.13530489316295294,-0.17342968786211038,-0.26065659995606816,-0.37257966680303006,-0.25463995018368757,-0.023111786434727936,0.7383289367885003,1.0,0.0039728106113581995,-0.1262646028096239,0.6206358834636847,0.6370543082444788,0.4769093734067143,0.5322699673332353,0.3135102564774305,0.1266910239952602,0.121419200641647,0.21888102728007366,-0.40600737974660583,-0.533828137752583,0.18821416983896352,0.09131338128220579,-0.31209234557849996,-0.0874054608512705,-0.27438026854861625,-0.08460833133490386,0.08327183544495116,0.11299234416784389,0.2791910088810877,0.5163738883526157,0.42406538995572557,0.5619767725397654,0.01138963732031768,0.3832933983309923,0.28180838050634494,0.5299798679222849,-0.3010827793149451,0.5517660406712305,-0.32601269993531135,-0.23112391001626284,-0.5366558986584661,-0.49962657917911907,-0.4635218440096489,-0.5238801909625309,-0.4079976139759745,-0.2749646832170214,0.16220570187194064,0.5002005146879528,-0.31141845500913906,0.11517523371548678,-0.43646062355029897,-0.20372493818303464,-0.39300596707528673,-0.26080975690365016,0.3674811526269439,-0.008898015609917315,-0.4411577053058806,-0.027301031995695484,-0.0896197878776276,-0.2340580746962555,0.5154251213668049,0.43129681614919096,0.024802155482514916,-0.039643063703214076,0.15599962113807703,-0.40106363469649736,0.0006815484167400544,0.012401279263556908,-0.04683418543678951,-0.4032038015166568,0.2771765919757851,0.5892016291062687,-0.026735963468037555,-0.1559440009834288,,-0.12609209972129465,-0.07299984079738343,-0.35701730875029974,-0.34857916702772745,-0.20767316307385994,-0.10722719422517699,-0.05525378710781242,0.11308665660398651,-0.5401905997908198,-0.3006039623314518,-0.42878423611964783,-0.42753237959546414,-0.010921299496395774,0.525675351606032,-0.1756819010807641,-0.32697033390229796,-0.29747875451158046,-0.4049425359163118,-0.3874004227937842,-0.29249389891238414,-0.29475256084462026,-0.3719275406420097,-0.2358177674150533,-0.1921003258615582,-0.31466377011948254,-0.0865364966960419,-0.34674934454872103,-0.33889078095936703
#201,0.5544511237891029,0.013851433730399437,0.4860020595579004,0.3271895901640996,0.08982372844467104,0.32649232300800246,0.018442111711871476,0.20037241320938368,-0.28808539708961495,0.554999264443607,0.14856022393157914,0.018640409654530322,0.29523057173891576,-0.2322967697990621,0.12158606110559164,0.0039728106113581995,1.0,0.5526059856153382,0.1664094570384686,-0.009058427360279552,0.20143403268288654,-0.02454340085002106,0.16417014124697968,0.052068928687303895,0.3217114079758496,0.2997180703030694,0.07095962903775117,-0.051589305614612786,0.38068086324092193,0.06985125639077593,0.40551082880076095,0.28884553920314054,0.46376850730417574,0.31719811455736635,0.181487355483321,-0.021115103491776883,0.152368995391185,0.04052653746400308,0.20290111502288286,0.15074795001440885,0.2092950145398339,0.0662673838173563,0.14512386568135696,0.054515409402627446,-0.39180570025976225,-0.2857751454487196,0.37541790686848453,0.22893376566583976,0.09136497099086499,-0.08539668657035245,0.20123412256183207,-0.1479371169816796,-0.014892900973957273,0.01619795938519577,0.01770857054187331,0.10008927437865638,-0.44519621218685956,-0.4945965825848459,-0.349210334869605,-0.3212624162926749,-0.012822057824808605,-0.11754352377862372,-0.20508884110571254,-0.3511554281038968,0.2877677979456817,0.16094336618818555,-0.20828820913178148,-0.24153132764906102,0.1642314040260125,-0.028996237578669266,0.4242266077952856,0.44120848892534204,0.05952444767775778,0.03776003933715285,-0.15244799213256943,0.02520842443820621,-0.11179691388750622,-0.14419202656869995,-0.21881089751986507,0.050346316071604905,0.16392186577405723,0.06347186647938528,,0.029658036810063217,0.019577891391571935,-0.07916642316055483,-0.22405934428674204,0.11412973602593995,0.079016490569764,-0.007968594764853705,-0.04506804400440931,-0.24007472446863606,-0.29474449995264224,-0.32679541254637534,-0.4233914993863646,0.3320793272379555,0.29245117618490074,0.5601719388258908,0.39422396785316277,0.364176993005161,0.2823839281935743,0.48291151357353446,0.26215592586397646,0.6085461576750776,0.33351013556405085,0.4269648928002128,0.31497411446063567,-0.08541280835430845,-0.04739280525086503,-0.23218069295457888,-0.29576017234187046
