,#10,#11,#12,#13,#17,#18,#26,#49,#50,#51,#52,#53,#54,#58,#101,#102,#201,#202,#301,#302,#401,#402,#501,#502,#601,#602,#701,#702,#801,#802,#901,#902,#1001,#1002,#1101,#1102,#1201,#1202,#1301,#1302,#1401,#1402,#1501,#1502,#1601,#1602,#1701,#1702,#1801,#1802,#1901,#1902,#2001,#2002,#2101,#2102,#2201,#2202,#2301,#2302,#2401,#2402,#2501,#2502,#2601,#2602,#2701,#2702,#2801,#2802,#2901,#2902,#3001,#3002,#3101,#3102,#3201,#3202,#3301,#3302,#3401,#3402,#3455,#3501,#3502,#3601,#3602,#3701,#3702,#3801,#3802,#3901,#3902,#4001,#4002,#4101,#4102,#4201,#4202,#4301,#4302,#4401,#4402,#4501,#4502,#4601,#4602,#4701,#4702,#4801,#4802
#10,1.0,0.2034879479588814,0.31458960991328494,0.38001825792033017,0.16417336560377088,0.14637652829473846,0.18283433053284512,0.6619423122265594,0.26817902434993945,0.5773851675557159,0.5558593616176598,-0.25056113884281866,-0.35963871082154597,0.05761321018977355,-0.11015410410238945,0.24878693651846046,0.04363481741072058,-0.046989760651964946,0.2894928288289741,0.1346688887858886,-0.0701930382106432,0.27655106675829216,0.041758241758241756,0.07618308703949636,0.32421350884582134,0.3788599077430913,0.13530166880616173,0.15152421391189042,-0.07916078053617023,0.059538151194120384,-0.011625015366075332,0.3186861552165055,-0.2706230867976696,-0.020652408292239577,0.028931750442845253,0.2799189074267013,0.11152445573864976,0.23266192820566559,0.01064400481235251,0.2839211402937792,0.07325778934067949,0.029784592814117845,-0.2003369452846805,-0.018489670974541687,-0.1081880525489548,0.14158110365702517,0.1774939895974189,-0.03673953041273782,-0.14548660582036704,-0.19141998657861486,0.12523361472563746,-0.07752200119704246,0.03370460458302013,0.10537883169462117,0.007734022808293852,0.2662411859184278,-0.2520919022294412,-0.04265219467860216,0.0031360900240416105,-0.30357359493614766,-0.08012969975192605,0.03450988769162252,-0.4604925608043158,-0.16080391275696612,0.20897741539590065,0.1387033652208785,-0.005366538834354715,-0.11860353107373096,-0.14817652547342627,-0.042353135586218296,-0.30321730351071996,-0.15406742533095,-0.17011343690236044,-0.21822890111905333,-0.21756952015525277,-0.30315201028569816,-0.35652720651803727,-0.3995659209669846,-0.08573766230102192,0.16219119226638024,-0.2663387227113616,-0.0582838764023433,0.043692855832962195,-0.2670682334353708,0.0097113596104977,-0.4060460720281003,0.0591359126844181,-0.08982937106905564,0.04039272665716825,0.19066065055428708,-0.13711778776880557,-0.20455037352158204,-0.04838107060736806,0.0019712911332203467,-0.26107657242812204,0.2786791422404846,0.41661873794644744,-0.018158368314245815,0.17377469403876886,0.061879840313729916,0.1483982000028213,-0.34107367050700993,0.057605149297795546,-0.27253835473164284,0.13759902301989227,-0.06739349042668316,-0.03353693802987769,-0.21358099080453746,-0.19182947989109736,-0.06569506048691819,-0.2769057460053242
#11,0.2034879479588814,1.0,0.08895798864623365,-0.05321276925898235,-0.18377503662667793,-0.12657333497238138,0.21599764621954243,0.03258091624128668,0.2321500615650625,0.007235859684053339,-0.13847846633469227,0.053299020803146975,-0.2902916632239941,-0.20982058469679962,-0.000207567968433547,0.03166197455579447,0.30359858370127946,0.11265056234797662,0.07482402065200525,-0.010964022223879183,0.062238550006751,-0.0878415551072804,-0.1169784552509658,-0.007129455909943715,-0.010932584745164977,0.07099348478405879,0.1465361339559029,0.14721808541724185,0.147060091934473,-0.04692849787293213,0.22975355838000253,-0.11323578310557955,0.1951038142125617,0.13970130364775515,0.05632588574088666,0.03208194702784837,-0.07580180684893686,-0.00763890428295343,0.09105382056051413,0.04721143518135999,-0.09689313070937865,-0.031052571122257535,0.08914016480493649,0.07314735512058086,-0.347487722253906,-0.41389415645788286,0.12709971121854488,-0.04420714074115871,0.07956543731346592,-0.056570130767820116,-0.04358242161286357,-0.06270124520628831,0.05980980325377905,0.16662387676508345,0.18341310257686563,0.24262196633368466,-0.17915211507729387,-0.35904945961795404,-0.09495851663465821,-0.14679488858839676,-0.16861088663766088,0.0379817138665479,-0.2057740169238427,-0.022322625110081557,0.13265124752379476,-0.1297195011113955,0.09516971200448186,0.16841903740858444,0.1925009521928649,0.1549766939460686,0.04304798447472205,0.32206689331207944,-0.19626055221140495,-0.25237242127027565,-0.3473917976393678,-0.0732602076082729,-0.11383148302275388,-0.0993799158845922,0.025312409944722433,0.15240365722669041,-0.06984641985558912,-0.29778587449594235,0.138253567448506,0.22663963580890042,-0.21470548523546873,0.015618381251977438,-0.045908795037714896,0.0021840986814395946,0.054770133589132304,0.09508265437111943,-0.2233870658957767,-0.1355201189787656,-0.33934380308853074,-0.01849128315293729,-0.05272750356190664,0.18564516356557434,0.1271037416645339,0.11515266321794838,-0.02921710601886652,0.17385610904774668,0.1713362742154233,0.24588259713878638,0.10776324354171411,0.1072699169526604,0.001947108457286341,0.06861471556135045,0.04273038533078878,-0.12068485338245104,-0.06378946562331855,-0.030653556969346442,0.14074357698051077
#12,0.31458960991328494,0.08895798864623365,1.0,0.44796029204611637,0.11186784973691263,-0.09115780606703035,0.25713882669686816,0.022313758128905754,-0.1572055305779861,0.3815200020958319,0.190277758185332,-0.29898130477628004,-0.0007734425852892752,0.05014237550456146,-0.2753749826187017,0.16782333749141012,0.5214522502987569,0.6792651690872854,0.08986080854776986,0.003714055978864341,-0.04348972135511655,0.03934239243243461,0.2684667981935541,0.2172325748705723,-0.01859123821346451,0.13789324557708935,0.4290816830336361,0.6550720139937085,-0.16707770498344493,-0.06540486837571012,0.1170147292648668,-0.19516185263480332,0.12235587628949081,-0.050340673447220305,-0.21110790914568653,-0.028994625400273668,-0.24005940877387788,-0.2666966263151849,-0.1020013179558384,-0.050821102609109214,0.04733557291782122,-0.07202286068964961,-0.08284702643771047,-0.19711258849347973,0.1620573814595454,-0.20151705987025995,0.6145829596774031,0.5810496490489155,0.26280402157900784,0.20460196323024124,0.31405920322113245,0.2097883411288876,0.3518776840251258,0.39894684446307405,0.10052456254546847,0.18182027032201248,-0.04726544315761261,-0.05319019876144395,0.04738555044808483,0.08535799428885803,-0.012988112199555441,-0.0830122747232595,-0.4527089635103572,-0.31813237193761673,0.5513097941852756,0.28998131888284095,-0.24796633771509988,-0.09951775713741604,-0.11356386140908423,-0.1535974753286325,-0.050963780397119844,0.08503233425294676,-0.33054050295935494,-0.042993976498469436,-0.35125780143201746,-0.10301779643426444,-0.1766250254421903,-0.03291221890158255,-0.0058663141369908285,0.05572212493173432,-0.1152695461516294,-0.175270795589886,-0.2022199696507417,-0.35099098590754557,-0.24713525975216788,0.09861493723587984,0.05798078686397043,-0.14637733438393624,-0.01996884465250502,-0.29345395114696415,-0.26163680442059317,-0.263650415236698,0.001964842419637945,0.24157969300092902,0.033537744119075494,0.15374821400862113,0.33455321498600427,0.33483776447282776,0.427912047607628,0.20783599309181558,0.27657041289903933,0.15618260338597767,-0.14384782648123928,0.23363407177821263,0.2913347426459475,0.33139415141982537,0.2750864026858892,0.006198422886484504,0.0062137385812427075,0.07073634232996052,0.0847679369960683
#13,0.38001825792033017,-0.05321276925898235,0.44796029204611637,1.0,0.12506272381570382,0.14581952065905854,0.44244664193316313,0.32796666015077897,-0.2070573109267406,0.7083674073954653,0.5646159085733632,-0.3494932721780329,0.0811897070470333,0.36715226823424146,-0.22807044413499575,0.23552112659026284,-0.08157985421876858,0.05717953420135705,0.28501258506760063,0.11846730199930273,-0.022990873055057908,0.3835150728603874,0.08238755559496436,0.26734552811941403,0.23633124623405202,0.3793467856185626,0.13105035437696358,0.26812259810609346,-0.32806097258692163,0.1903027469504638,-0.2905375204293231,0.37590800910074706,-0.2387970730901228,-0.0627463862013651,-0.03140886254768521,0.06066022735745824,-0.005560000241826759,0.14374222879632745,0.17005539848011883,0.30663109126340377,0.1483603138105247,0.13516140928574452,-0.019325585472660476,-0.072880539596109,0.13227722213601545,0.3404957045521872,0.33674738978241636,0.2087565469557034,-0.19348196274658772,-0.21445317931655727,-0.09080796335518507,-0.18152282340802423,-0.07454753205715979,-0.041733252993109954,-0.18262958387660386,-0.061830668872664106,-0.15741350159101855,0.14765417967325176,0.19863126054213529,-0.11971190372070621,-0.02056051412369036,-0.2022159392047527,-0.350808003659645,-0.10382710998885582,0.19444362715956334,0.10265828065204555,-0.03938027862473122,0.021255363012194113,-0.2593547659016208,-0.17890625787196482,-0.3382322060847643,-0.23469891560850667,-0.11190654201840705,-0.08019660515534346,-0.12838219913224497,-0.37544934434719873,-0.23343496774635597,-0.2278028225213261,-0.07583324432765108,0.13794402919655074,0.05160784566616219,-0.004869181799312003,-0.06015561551963532,-0.4511588539829875,0.043581615523665775,0.05622109414517264,0.2260116923238141,-0.07420333196969911,-0.11897352601552125,-0.2732549680284872,-0.12679339732338082,-0.04293996852221683,0.18118184767735473,0.35644901586585065,0.20636084985984124,-0.02507219536377798,0.32776755611892233,-0.22008935498757615,0.14635637606479346,0.025314022123118035,0.1514339319217368,-0.460374871781437,0.08365392172470845,-0.08322750053907216,0.4238380728019459,0.3029899863569403,0.07469665855875282,0.0031780066623272197,-0.24513857680921683,0.22906918865107018,0.14892457624898484
#17,0.16417336560377088,-0.18377503662667793,0.11186784973691263,0.12506272381570382,1.0,0.29325001057992073,0.14673201363096833,0.1351662458209313,-0.17386255776132908,0.10420355364422851,0.26119184318340744,-0.02909216219320749,0.28859887590861366,0.2340032606308051,-0.3601118851806547,-0.25665194882139686,-0.07662079347390185,-0.02376633086334168,-0.18946683245234502,-0.12070339343400044,-0.4078742823287111,-0.13545321357534817,0.1567613754299982,0.07525527837282835,-0.06344929598184687,0.018903194733013183,-0.10739566686751723,0.0028999058890861566,-0.1359658863051491,0.24642993170409272,0.015475703463966805,0.22720067389056936,-0.16094900881257015,-0.019795535474977984,-0.09205095289819296,-0.004851447836960399,0.11059019835839935,-0.0582782337779587,-0.2022788141621811,0.009910463642354345,-0.027562204895782743,-0.1854734665664429,0.017241844896347006,-0.20865336753838495,0.30161076773950424,0.18916293682477434,-0.09235243025817022,-0.12953893713108824,-0.00043569121141099867,0.09944198475282283,0.18210643198723156,0.17234388571267353,0.07183746017415557,0.25139141071655285,-0.002831388307273141,-0.0013522146293098063,0.09461995917158213,0.25258764708608833,0.2490473033293499,0.1943291624934757,0.13681389214123488,0.2555548614231908,0.010735898980901732,-0.15221825671119638,0.060212041763481335,0.016793659302370104,0.3169014737325759,0.07605491885704613,-0.2123670204726504,-0.14465069132224825,0.1725744272232444,-0.1438542751948217,0.20366528758239744,0.4119144013880856,0.12377378718842133,0.2259512356339791,0.06901131144666812,0.08182893578088883,0.011140555758197423,0.11648271039431868,0.08194581871456987,0.0653702065402047,-0.014817934678561856,-0.29159913990282593,0.28896000386922815,0.08366440088427984,0.24179330663834606,-0.19270408667071054,-0.047968352938094365,0.07493203660451048,0.24331923348978182,0.07674090076437408,0.21223643402260678,0.07384462227667803,-0.09763553886055261,0.16898813638223137,0.06948287362738124,0.006857803850285053,0.259116163499072,0.04515107119178273,0.13639311357998318,-0.18051037537558717,0.2202384814891692,-0.07710283481418637,-0.19861110831219028,-0.27557569882895394,-0.16063140966863687,0.0024315680651642506,0.1368638696714985,0.1068870245837053,0.02741630275098091
#18,0.14637652829473846,-0.12657333497238138,-0.09115780606703035,0.14581952065905854,0.29325001057992073,1.0,0.06276734452050792,0.3488492069089905,0.3577355342255397,-0.01946181454708871,0.05968969596330682,0.445601675053353,-0.12612756764599786,-0.0657716389607092,-0.3152465726094921,-0.21737605874778074,-0.3886385758016053,-0.2384964018193433,-0.31094608673922813,-0.2581496625509096,-0.4078476813851837,-0.15399729557074138,-0.1324868053274435,0.018479191814970285,-0.013878840763124643,0.03107755988738934,-0.30698335224284246,-0.20865336753838495,0.10930206782031465,0.3527127924340468,0.3620344079174081,0.46910562388281074,-0.07179876789266117,0.09212350092599497,0.09587100960656801,0.12518202501697825,0.41035220052274884,0.2666055382358335,0.005103753755871856,0.023409233348716203,0.0746523236528738,-0.04130683180747365,-0.1599147963717925,-0.10059630448407268,0.11410797161759935,0.03237052696066083,-0.2322137426116887,-0.023074706331629127,-0.2501814708306548,-0.020994190112106854,0.10594228804388349,0.1492462058389071,-0.10400122525558066,-0.06967230458886428,-0.09526563661902007,-0.22003212265453234,-0.12287499773287414,0.050714698834999586,0.1849519268554662,0.07047275116227986,0.21093056952217049,0.34465512481283617,0.14720276972248364,-0.12169971968248146,-0.13542983698861197,-0.16743319031967482,0.4206217769027232,0.34254881373898427,-0.3577629412582649,-0.16066607150414228,0.005481809589640141,-0.22078178560848652,0.26032046076058546,0.22586982062500127,0.08668481710843713,-0.04839477412373066,0.10927869123357845,-0.061841148032235504,-0.09030012716057095,0.16378644278882679,0.1328858194803546,0.09679881827323603,0.4804626145906175,-0.05128944043303112,0.1151978042130252,-0.2870076558321561,0.0569643083855444,-0.04291417366788722,-0.01615765492530576,0.3325267067427346,-0.1978477418418735,0.04641179469714221,-0.13457296417135037,-0.1240518879616624,-0.0679488858839675,-0.16314560187657565,0.03244226889926505,-0.2202328388647846,0.2850931939873807,0.140932201852796,-0.057430227941872906,-0.13707587113051994,0.4327018296209567,-0.39937326564871034,-0.1112785985333207,-0.2348883465699897,-0.055032918667615165,-0.17918516473440368,-0.1696144676889221,0.24782365992708924,-0.12127491067524077
#26,0.18283433053284512,0.21599764621954243,0.25713882669686816,0.44244664193316313,0.14673201363096833,0.06276734452050792,1.0,0.07775173661841552,-0.2252152761963875,0.38004082841786857,0.2714178907467006,-0.09164710221009506,0.05355535716804743,0.3059797711915812,-0.2446097822954599,0.12655801927762317,0.021863960356533253,0.08630192473948205,0.03281306993025313,0.21877139914917285,-0.19243404678944748,0.18827140217200736,-0.022969108646717303,0.23079421953436258,-0.07691904647708792,0.20609887087055617,0.019701223038835362,0.2000209583191428,-0.20512914556560255,0.07589934364187069,-0.0962788907406549,0.17593743135646675,0.007422066288745181,-0.052956432894081897,0.05174488082978822,0.06848332302210901,-0.10485164935925985,0.1849011432360048,-0.046239291608812974,0.2044278479635164,0.029871650447480264,0.2184594426296242,-0.035556191470367156,0.06612148167255448,0.19217448606775583,0.10480247791819404,0.23585242925055871,0.17905538437355786,0.0684414063838234,0.08484048502387032,0.07675299210234109,-0.05309427414690573,0.17146283021947795,0.048598714690774106,-0.015974672677405117,0.11178079210355021,-0.10531353846959936,0.06780137156077005,0.37769833320906127,0.039044945518446346,0.0335409684758667,-0.033607873879284114,-0.16106508565705338,0.0032682886524808405,0.1606765506637137,0.045329216904496566,0.17326847002255036,0.4378785344492295,-0.05373269679156347,0.08911840039659588,-0.09897606519649432,0.1850188322588836,-0.16487466320585703,0.023729250760242876,-0.12943495162457203,-0.03555296711357595,-0.18135032031969497,-0.09813531416318873,0.00961865935275068,0.21334400058038422,0.07296437287268023,-0.08627854815274584,0.12595264629007522,-0.3739169687821806,-0.04728075885237081,0.010667381399088717,0.10052617472386408,0.007631649480173228,0.2167892258117822,-0.20534840182740421,-0.1977526233165331,0.020866828018854425,0.0812412967556925,0.144292787718425,0.08513228931347398,-0.13476884384641583,0.13646727378618081,0.04390727555957705,0.02001237346918623,0.19642177005096498,0.12552300074764772,-0.11060228969636635,-0.05842494201195833,0.031056601568246533,0.12080093022693426,0.24619052321234605,-0.006698198189120617,0.06545403981677593,-0.15862102320932323,0.11700908664048221,0.1457969501615201
#49,0.6619423122265594,0.03258091624128668,0.022313758128905754,0.32796666015077897,0.1351662458209313,0.3488492069089905,0.07775173661841552,1.0,0.2622961853843937,0.5250151645530337,0.7261182976202232,-0.22802772140751235,-0.16589839648706328,0.4246062758074495,-0.009787938084288716,0.0073793435612617714,-0.2504176549656102,-0.3258595429877293,0.2988055773311596,-0.04441914220018016,-0.05832176259463991,0.1391136646225588,0.1205244416320888,0.1284765115683876,0.41306066022735743,0.2818607763042019,-0.05241071050717117,-0.10875070280901933,-0.032745358437637914,0.35252819800775054,-0.1655421050616356,0.5371395521771462,-0.5469681977659238,-0.017851248329883943,0.16139880658494266,0.21338027459428524,0.20201119254851146,0.1853920515574651,0.015923889057943705,0.037458561977175585,0.19012057079176095,0.07345850555093174,-0.13055702778790987,-0.06583128956134641,-0.1086120554669977,0.18443683585807188,-0.19191089490007518,-0.26024791273278347,-0.4649462036221618,-0.3642181035542488,-0.04561860292650683,-0.10303472430741824,-0.2110539011694339,0.05051398262474734,0.07760825274120708,0.025837174012490353,-0.17802520237876923,-0.11851002472678614,-0.09216944801026958,-0.37626510661537255,-0.06751117944956199,0.13040064648353664,-0.3211342481102246,-0.09014293976699991,0.08671141805196454,-0.015067016240682112,0.26421064722916915,-0.0459184681080885,-0.10531515064799496,-0.06345977514141828,-0.056400045947084275,-0.13411268723940648,0.16839485473265045,-0.035037070026983835,-0.03186994556882692,-0.3399918988035621,-0.22720228606896495,-0.43876281429921626,-0.0662157941086971,-0.05748907245331232,-0.18828671786676554,0.35349308677751734,-0.13651402695965323,-0.17173609445753218,0.12463791480846313,-0.38972115359425097,0.18843745654675417,0.15682263820903103,0.04310360462937026,0.43765685991983444,0.07782186637862412,-0.03455341650830373,0.12903916182845213,0.06773124180056145,-0.15970198882357328,0.36498388829215894,0.25319785660882305,-0.23726550361430243,0.3081175197441473,-0.0048401625881911966,0.07922446158279645,-0.6596175509801037,0.1889323953142035,-0.5702843278122941,0.09374051585678213,-0.27740149086197136,-0.086979845754832,-0.2153656722884671,-0.27344520507916803,-0.12473948204738596,-0.1823442283005826
#50,0.26817902434993945,0.2321500615650625,-0.1572055305779861,-0.2070573109267406,-0.17386255776132908,0.3577355342255397,-0.2252152761963875,0.2622961853843937,1.0,-0.10960273909109412,-0.15792859258841288,0.21480866465278717,-0.5640202086561888,-0.3739290601201476,-0.03651382543735377,0.06104634408320453,-0.26076300373017774,-0.27799719077914564,-0.10556181394252181,-0.03464128023086395,-0.008499001457006225,-0.016209244633964972,-0.17938991139064492,-0.04477785189320124,0.018912867803386784,0.023639774859287054,-0.23454414648252903,-0.18303101629710836,0.12725367425532472,-0.0198688895919778,0.34367895079430016,0.1774335329075839,0.015047670099934908,0.09152860709801842,0.07753651080260286,0.11669471185334013,0.23423218996298034,0.19972351140515454,0.011957930204766808,0.10562468889995022,0.025949220410984578,-0.1633455119976301,-0.22608988297600072,-0.05559073239249289,-0.2738812993351779,-0.07033329773106044,-0.24027141023289933,-0.122266400388535,-0.1907541569012319,-0.13221595935698266,-0.044891510470091066,0.0014118652299470198,-0.13914590819047082,-0.1381640915475502,-0.011681441609921345,-0.08268419641975483,-0.10977766044701677,-0.09373487323239753,-0.13720645758056357,-0.08364263647593924,0.22232705860066945,0.4295919374958436,0.021128000918941684,0.05765915727404816,-0.19190525227569058,-0.2026891135638614,0.14931552950991792,0.15388283090465377,-0.07412997785269929,0.0002091801468291474,-0.11788933604448,-0.19216723126497562,0.04412733791057649,-0.19459517192874978,-0.033840027568250566,-0.0379543068338227,0.03861610606521665,-0.03282919171420914,0.010828599238648753,0.07893265729319278,-0.2812981260441374,-0.07292165014519682,0.28670295411538765,0.3920765462302231,-0.04782325688249033,-0.3955491784943463,-0.12122815750176835,-0.0476975069676335,-0.02984988603913966,0.5208968548414725,-0.2199490954671589,-0.02966932205883242,-0.3955822281514561,-0.32833746118176704,-0.32613844985016816,-0.06336788097286905,0.009901596661178543,-0.16143991713403047,-0.031904607404332326,-0.09119811052692035,-0.20320904109644253,0.026068521612259005,0.20104630377874463,-0.3579894523228468,-0.18574350644770596,-0.2834616694510331,-0.10973251945193996,-0.021294055293688524,0.09486662246610898,0.09832958165985857,-0.2545335464095779
#51,0.5773851675557159,0.007235859684053339,0.3815200020958319,0.7083674073954653,0.10420355364422851,-0.01946181454708871,0.38004082841786857,0.5250151645530337,-0.10960273909109412,1.0,0.6943753111000498,-0.33941715720553056,0.08663000304298672,0.410016867416464,-0.0309042507098623,0.21206312484507972,0.06772721135457244,-0.08361684162160964,0.46784651255584686,0.12988071895095551,0.11900093304824645,0.32828748365150345,0.12385117175141015,0.0874360922407869,0.2774748449789711,0.3350779790537722,0.1526833701783271,0.1355394651195128,-0.21152868770693822,0.08497671409829854,-0.2891655566146672,0.3098393262706485,-0.36305652902021873,-0.1298887798429335,0.03890226773043571,0.13705733107897056,-0.014130340592838301,0.11817952815568807,0.1553563619582325,0.29028521451041167,0.20098020446452503,0.11607966579541859,-0.05493860623147254,-0.06411673783762542,0.02935897771767935,0.31575360271490843,0.27581188296390935,0.06591351065952203,-0.23072408977415396,-0.34975283289972453,-0.07740753653095483,-0.2899748701692586,-0.0317812757570689,-0.06968036548084228,-0.03882891361343589,0.04726624924681041,-0.12785098635089465,-0.01099384752419779,0.06867839660797666,-0.30363002117999366,-0.08573201967663732,-0.18295685609091075,-0.39628594402113565,-0.13360162668800116,0.23477952452828668,0.15344109402425926,-0.09336487829060724,-0.006245982149154714,-0.14108938924636705,-0.1579519691751491,-0.3099666883639009,-0.20841718340342952,-0.09081118771197627,-0.17334827285313256,-0.09955161288372365,-0.438642707008744,-0.3226843576375944,-0.40996447161860694,0.023558359850309237,0.06106730240234733,-0.1730822634178585,0.18053375196232338,-0.2790451067362859,-0.36017798449487426,0.062428787057431843,-0.10148703304764188,0.21344234346251584,0.0755132269161244,0.03836944277068979,0.01033849700638624,-0.013669257571696597,-0.03613899396037668,0.2813086052037088,0.40152229945004564,-0.02128277004491932,0.15625515141377969,0.25177510917470575,-0.10352885698566974,0.16414112203585887,0.007928290304963696,0.18508654375149883,-0.5093987985240507,-0.1629094177416202,-0.24602849928358822,0.21468372082712814,0.05551254174030627,-0.03958341310257687,-0.07071699618921332,-0.2636512213258958,0.04578868774724267,0.053847967546848896
#52,0.5558593616176598,-0.13847846633469227,0.190277758185332,0.5646159085733632,0.26119184318340744,0.05968969596330682,0.2714178907467006,0.7261182976202232,-0.15792859258841288,0.6943753111000498,1.0,-0.3624592169246488,0.1456542723735095,0.6570412899039343,0.009830660811772127,0.06221920386600379,-0.1478806907378336,-0.17817110452357104,0.4160173954048885,0.06216761415734458,0.04481090155031105,0.2804541506540406,0.27797623246000286,0.24184570243620307,0.38527073513319615,0.3026731933022049,0.07892379031201698,0.020730598944426196,-0.21875285909762346,0.22477837585117982,-0.39581035139443355,0.4091599945992024,-0.5322473968356969,-0.14413156987886494,0.056133230422612417,0.048017524379160174,0.05796224681242103,0.09407504287386921,0.10786722904823033,0.11349534382727121,0.19893435008050817,0.06601185354165365,-0.05504823436237337,-0.0741944649885233,0.018781475264145354,0.3932735886889564,0.05824599021004669,-0.14609359098631058,-0.3740024142371474,-0.37318100934458903,-0.10927466078758945,-0.22038599581236662,-0.17231244823395933,0.028070041090396857,0.0038478667856991717,0.03943509269018163,-0.09063868462364703,0.04599182222508832,0.0931738351507286,-0.31463878135435075,-0.021479455809182566,-0.07234771463636308,-0.29319358433607473,-0.01585617756532849,0.145289113966906,0.019607716691890542,0.1028549664163088,-0.09155762630913923,-0.0701922321214454,-0.08290990139513887,-0.13810685921450638,-0.1465804688617819,0.07378738994363421,0.048598714690774106,0.0013231954181889998,-0.36358290526638226,-0.2212364199160458,-0.34151701956580005,-0.037825332562174664,-0.08502427336096875,0.012352107822491097,0.38646858368112724,-0.25002105908029254,-0.45758580315704833,0.1576400126556004,-0.1311188719587766,0.283119081541968,0.1854315499281573,0.09862541639545123,0.04817954830791801,0.14785812024029518,0.06144052170092881,0.39982386951028065,0.2577369448816359,-0.005172271337684871,0.3453499737013399,0.27717336761899386,-0.1836001152707553,0.19002384008802495,-0.07752844991062487,0.08581907730999974,-0.668963349139399,-0.06867517225118545,-0.3655030097355423,0.23496895548976973,-0.07632173438151799,-0.048816358774180155,-0.03645014439072756,-0.18429496415925906,-0.06391440944897758,-0.052000411105490876
#53,-0.25056113884281866,0.053299020803146975,-0.29898130477628004,-0.3494932721780329,-0.02909216219320749,0.445601675053353,-0.09164710221009506,-0.22802772140751235,0.21480866465278717,-0.33941715720553056,-0.3624592169246488,1.0,0.13419007180239528,-0.41074879640806655,-0.011244541264713647,-0.3298617758548072,0.022544299639476607,-0.11399108868391832,-0.3486718672854745,-0.28444590436154715,-0.16346320102050893,-0.41995594722534024,-0.27612142121586464,-0.32415063388839294,-0.19367542415405978,-0.2578852652940311,-0.22446883759922454,-0.2511818275251248,0.3991040318566451,-0.11040882828889431,0.5502884791716628,0.0016319275809464696,0.291994123609748,0.10081314247828094,0.04542030498384799,-0.09593952718838103,0.34672435578358923,0.13629396460865378,0.09769518946118982,-0.031952972756200335,0.01978021978021978,-0.03963903325722508,-0.1086233407157669,0.14123448530197108,-0.05565280126072351,-0.2283606362462038,-0.15649455990552635,-0.06408610644810901,0.0785626623514025,0.06716617327290351,0.030223911426918947,0.001836674237187716,0.023903366026967715,-0.29732640365319624,-0.09829411373515537,-0.2973699324698775,-0.12376814456403673,-0.26602596010261514,0.03789949276837228,0.02710998885581684,0.15590692088033,0.21509885676399523,0.48754410819329214,0.07314010031780066,-0.13370238783772617,-0.17063739488093055,0.2859661885885983,0.36228913210391295,-0.038645125276337455,-0.019840676470054795,0.10358044669432896,0.043785556090709214,0.14823536998486567,0.050795307754779605,0.02588150891836936,-0.03015700602350153,0.11537594992573903,0.04729365627953561,0.27437301374583606,0.17760926035270433,0.3044344981993983,-0.006624037982923,0.46120594974436896,0.22591496162007807,-0.19809440513640036,0.027097091428652038,-0.14971696193042242,0.18505752454037802,0.05728271361867548,0.07755827521094347,-0.3007369670490888,-0.09595645506153483,-0.2821485501478166,-0.1439840555556675,-0.025219709686975414,-0.1801766544476979,-0.25444890704380896,0.10827591627151502,-0.23514145857809896,0.09706240944091668,-0.08836631917504832,0.4636621035300661,0.0874191643676331,-0.03692976746341867,-0.3663687495339797,-0.18208627975728653,-0.09979585791065711,-0.17062288527537015,0.027479983797607126,0.20995681377122785,-0.003483514468293489
#54,-0.35963871082154597,-0.2902916632239941,-0.0007734425852892752,0.0811897070470333,0.28859887590861366,-0.12612756764599786,0.05355535716804743,-0.16589839648706328,-0.5640202086561888,0.08663000304298672,0.1456542723735095,0.13419007180239528,1.0,0.26029305372786027,-0.029237258248811522,-0.4229392833463987,0.0931174089068826,0.0962861455434351,-0.07339079405831653,-0.28398159698361425,-0.06994879318370974,-0.3054453340534397,0.1143489922877416,0.011976470256316213,-0.17073493167386436,-0.21736154914222033,0.041713906852362745,0.05128621607623992,-0.12367463821709192,0.07254036995463733,-0.07005277869022597,-0.10268810595236416,0.042883542278370816,-0.01116957496931823,-0.2194275557561822,-0.33707949853191005,-0.13227560995761986,-0.311216932709689,-0.002530717036493673,-0.1867140378418574,-0.0036471505754469263,-0.1222849404400844,0.18681641116997802,0.0035318798201615,0.3066327034417993,0.10045846323124885,0.019845513005241594,0.006512797673626575,0.06845914034617501,0.0583016103646949,0.07203172767082541,0.061175318354852556,0.11363076681250164,-0.031728879959211885,-0.08955933118779258,-0.2925890174377246,0.1758286093147637,0.011396892123097881,0.11397416081076452,0.20895484489836222,0.07117727312115722,-0.11973850466423362,0.16988047712419618,-0.0684083567267136,0.08761020750751175,0.015525680994230417,-0.03894096001193012,-0.04263043027026155,-0.14591786354119016,-0.26686509895752514,0.17421320656237216,-0.04136809458650647,0.10920211275978743,0.17783174097129717,0.07568492391525584,0.01245206288301832,0.012290845043458284,0.06260935103773908,0.12233814232713922,-0.15340885045634725,0.3099884527722415,0.34495579608361565,-0.4077485324138543,-0.025453475554337465,0.04926696263575046,0.6266444723440873,0.28240972304790385,0.17043829084907391,-0.010511000094715481,-0.16268693712302734,0.3210302626037084,0.10058340705690788,0.4191119718352434,0.3438038946199592,0.22851782363977485,-0.061753284309675284,-0.21473853489257855,0.09347934295669487,0.11600147514323197,0.11821983261557807,0.29165717832506755,0.06338642102441845,-0.1223212144539854,0.1673461326863124,0.0030321045175253866,0.019901133159889808,0.11487778680149852,0.08881772912581641,0.01487919745759467,0.04626911690913158,0.1726719640161782
#58,0.05761321018977355,-0.20982058469679962,0.05014237550456146,0.36715226823424146,0.2340032606308051,-0.0657716389607092,0.3059797711915812,0.4246062758074495,-0.3739290601201476,0.410016867416464,0.6570412899039343,-0.41074879640806655,0.26029305372786027,1.0,-0.12591879054376762,-0.1409265592284114,-0.2410057574920953,-0.188442293081941,0.10446472654431577,-0.04920166941072864,-0.01642527653897542,0.07802419476727197,0.21319245581119778,0.22070681931309108,0.07879400995117114,-0.0009523943872009157,0.005629323912837575,-0.004366182139884689,-0.40806854982538093,0.2115077293877954,-0.47978791793205877,0.20340250250391456,-0.3850160109466913,-0.15691453237758024,-0.007896852826249488,-0.10394963554692145,-0.13879122894343873,-0.1766314741557727,-0.06792953974322029,-0.0856199732781431,0.05301205304873011,0.03572788846949859,0.08351446829348902,-0.09736146853330055,0.19105966470719818,0.33674497151482297,-0.11238777726949375,-0.21876817479238164,-0.2048615239519329,-0.13028295746065782,-0.12926809116062737,-0.08943438736213356,-0.1412336792127733,0.061431654719753016,0.012139300274271849,-0.17561177132055547,0.1871501320978673,0.21512545770752262,0.0900583004012309,-0.07079196248460873,0.02021067141184508,0.03965031850599428,-0.08942471429175995,0.0763958945877156,0.1634293452742013,0.009217226932246188,0.17021661631967885,0.0273631008639261,-0.0023719174645270374,-0.049690159464595554,0.1744042497022508,0.093152070742388,0.2922254712095167,0.4201211955108893,0.2528246373102416,0.06321553011448482,0.09330522768997003,0.10767537981915389,-0.06801095475219811,-0.27443347043567107,0.07919141192568664,0.42491420188100915,-0.416362401581547,-0.35368090556060483,0.2525207416826709,0.06638668501863074,0.42399606628471476,0.22586095364382547,0.05855714064039756,0.01483647473011126,0.4009717405279481,0.3178268641316505,0.585013189634499,0.2286435735546317,0.13275603911950876,0.21360194912368027,-0.05956958867283459,-0.064069984664153,0.1620460962107762,-0.029603222744612804,0.06645197824365255,-0.5738754551884939,-0.038114718584184935,-0.16451917786962716,0.20075046904315197,-0.028657680115593193,-0.007929096394161495,0.20690254180076295,0.016569566505381654,-0.14890603619743542,0.14147631206131114
#101,-0.11015410410238945,-0.000207567968433547,-0.2753749826187017,-0.22807044413499575,-0.3601118851806547,-0.3152465726094921,-0.2446097822954599,-0.009787938084288716,-0.03651382543735377,-0.0309042507098623,0.009830660811772127,-0.011244541264713647,-0.029237258248811522,-0.12591879054376762,1.0,0.14786618113227318,0.08768436771370935,-0.1250240315342094,0.6118970704703329,0.12214065047367817,0.6236417900822816,0.16499235222873587,0.026241024700588242,-0.1814204500799036,0.5705487250691725,0.09966849581740468,-0.038556455464579434,-0.3004588662758478,0.4842899261017728,-0.020639510865074776,-0.2647708792216403,-0.023013443552596314,-0.32842210054753607,0.05179808271684303,0.4440515655259833,0.1827271206695377,0.3808614272212292,0.22718052166062436,0.5209178131606153,0.05851361182371635,0.36228832601471517,0.28539225307976457,0.2485193149047908,0.19001577919604695,-0.3991104805702275,0.0002269141091807514,-0.23907436777416605,-0.27261170884864266,-0.3192076949274822,-0.48535396384286905,-0.4232351180819914,-0.49354947271690347,-0.40458866275847755,-0.3116022433462375,0.10174739985853135,0.19306360245292942,-0.1492429814821159,-0.37372189519631294,-0.4831992874171491,-0.4188201675456398,-0.4206701422545912,-0.38615420889398516,0.042308800680339285,-0.05912220916805549,-0.334227554950093,-0.056100986854700406,-0.03805506798354772,-0.23226049578516111,0.4945981947632415,0.13385232042851702,-0.12285081505694012,-0.0777364209236573,-0.028188536202473486,-0.3902886403895023,-0.017631992068082292,-0.42461353061022966,-0.11182673918782483,-0.33984519056956247,0.18618363114970488,-0.08233435370790955,-0.08796166239775262,0.03698055108288008,-0.031773214865090896,0.1558779016692092,0.05921410333660471,-0.2544239182786771,-0.3284212944583383,0.2698137732430782,0.11501965850031136,0.030314999506270365,0.0706218776638729,-0.28200587235980595,-0.11623443492139622,-0.14136426566281693,-0.15865568504482863,0.20795529429309,0.03859917819206284,-0.2543489519832817,-0.33125308581021035,-0.3519639355692904,-0.32787960251741655,-0.184912428484774,-0.199124587131189,-0.25184685111330996,0.07643781122600121,-0.14141988581746512,-0.1271585557299843,-0.3390568353341139,-0.04829401297400564,-0.21957345790098404,0.03142014779645442
#102,0.24878693651846046,0.03166197455579447,0.16782333749141012,0.23552112659026284,-0.25665194882139686,-0.21737605874778074,0.12655801927762317,0.0073793435612617714,0.06104634408320453,0.21206312484507972,0.06221920386600379,-0.3298617758548072,-0.4229392833463987,-0.1409265592284114,0.14786618113227318,1.0,0.051975422340359075,0.14028330004856687,0.3848725270694829,0.784694381356769,-0.00295875040052557,0.7104559845069656,-0.10822110220606461,0.2162797774387725,0.10881518994484335,0.5508406502721559,-0.14765982229763636,-0.056475012242479694,-0.033226593688724625,0.05666444320396274,-0.2251403099009921,0.057098925281577034,-0.09388077537719937,0.007695330526799443,0.25369521364386577,0.4363123031379037,-0.09305130959266297,0.37014124697968454,-0.025263238503656624,0.41743853066061026,0.1562882010708895,0.4171725212253362,0.09308274707137719,0.26962917881678194,-0.32284718765555004,0.22669525596354864,0.2074184388873551,0.08985516592338526,-0.20190801313119303,-0.2704102792494503,-0.2835841950090987,-0.3929463164746495,-0.24178282747877466,-0.11104725093355206,-0.37249422134806326,0.4908700322234157,-0.5121112886746483,0.05911656654367089,-0.056437126050183084,-0.1677854512991135,-0.28492472134504043,-0.30438452066913463,-0.15459299548791572,0.2912291449610357,-0.07963073053848774,0.16344788532575072,-0.21044046728990795,0.08025706184517847,0.31235835501377407,0.540068880321952,-0.18247320257223063,-0.01055533500059449,-0.20477204805097707,-0.3372914999909315,-0.11420067187534637,-0.14964844434860938,-0.2308748284541426,-0.27982056454456966,-0.07332227647650351,0.3977223949716156,-0.2565995530235398,-0.19450972647378295,0.06435775850776768,-0.15822765168079675,-0.1911717111056924,-0.2666869532448113,-0.3593920475270191,-0.04745568020829345,0.1492800615852147,-0.1492002587546325,-0.21937515995832518,-0.35034289019251424,-0.2719087990681609,0.12705698849106148,-0.026241024700588242,-0.15996638608045174,0.4111050878334942,-0.08897572260858526,-0.18775872944220642,-0.1730862938638475,-0.3388125903071804,-0.10586006694570788,-0.19628231661974554,-0.03629940571073892,-0.0007355563929926666,0.17031012266662368,-0.27300104993118013,-0.07191484473714439,-0.13780296358693572,0.13892503975027357,0.09286752125556454
#201,0.04363481741072058,0.30359858370127946,0.5214522502987569,-0.08157985421876858,-0.07662079347390185,-0.3886385758016053,0.021863960356533253,-0.2504176549656102,-0.26076300373017774,0.06772721135457244,-0.1478806907378336,0.022544299639476607,0.0931174089068826,-0.2410057574920953,0.08768436771370935,0.051975422340359075,1.0,0.6688859645764103,0.1254311065790985,-0.10366105561410897,0.07962508791410314,-0.22102603063541995,0.18936042867823538,-0.09324235273254163,-0.06558865671280856,0.041426939097945883,0.49995626966101936,0.4861592469514714,0.23104168891808724,-0.29643325682203364,0.347290230400445,-0.43598503092359686,0.30964264050638524,-0.008249919894885969,-0.1416713856471788,-0.05380524481936549,-0.20876380175848358,-0.2572436182925822,-0.08556274094509927,-0.13264076836422334,-0.025544563633688885,-0.0110357641624834,-0.027393732253442504,-0.035742398075058995,-0.001086205194035746,-0.4856723690760001,0.48981405537429745,0.3457473756758554,0.4120183868946018,0.18602402548854044,0.24527077543765605,0.10933995401261126,0.3848765575154719,0.34019825763819894,0.2509150120006529,0.3236411855153832,-0.15787055416617127,-0.4591343005060225,-0.05364241480140985,-0.04109160599166101,-0.2613780497880993,-0.26123859635687985,-0.2988555548614232,-0.1387178748264389,0.5098356988692584,0.22544259335016717,-0.20869125373068156,-0.08580537379363713,0.23966926160214258,0.005996900587034459,0.13804075990028677,0.4159142159875701,-0.4482512902465222,-0.26243160836962415,-0.4963393474304899,-0.18965303905703684,-0.2695082654371119,-0.1456760367818501,0.16756377676971845,0.09063223591006463,0.010044274449189174,-0.3241208085880743,-0.06965457062651267,-0.13587802258258888,-0.5353081175197442,0.1514427989029126,-0.21758967238519777,0.05472579868325329,0.0931577133667726,-0.3556292231516878,-0.39930313588850175,-0.3925061917726506,-0.20737894051666286,0.29166362703864995,0.07500136027552129,0.2910147252344208,0.17007393853166822,0.5423839684980342,0.1872508932475923,0.1880795529429309,0.22771898924475487,0.5382785562136378,-0.2658091221084069,0.3929326129582869,0.08018048337138746,0.25291088885440616,0.2587244041489411,-0.23039278711385808,0.05182226539277704,0.0710918276661904,0.26154087980605495
