,#10,#11,#12,#13,#17,#18,#26,#49,#50,#51,#52,#53,#54,#58,#101,#102,#201,#202,#301,#302,#401,#402,#501,#502,#601,#602,#701,#702,#801,#802,#901,#902,#1001,#1002,#1101,#1102,#1201,#1202,#1301,#1302,#1401,#1402,#1501,#1502,#1601,#1602,#1701,#1702,#1801,#1802,#1901,#1902,#2001,#2002,#2101,#2102,#2201,#2202,#2301,#2302,#2401,#2402,#2501,#2502,#2601,#2602,#2701,#2702,#2801,#2802,#2901,#2902,#3001,#3002,#3101,#3102,#3201,#3202,#3301,#3302,#3401,#3402,#3455,#3501,#3502,#3601,#3602,#3701,#3702,#3801,#3802,#3901,#3902,#4001,#4002,#4101,#4102,#4201,#4202,#4301,#4302,#4401,#4402,#4501,#4502,#4601,#4602,#4701,#4702,#4801,#4802
#10,1.0,0.5282556431281904,0.5801984188560385,0.5866769577387586,0.3964415192363111,0.25408697299399663,-0.020986935309326653,0.5695822241210101,0.14857795789393075,0.4713094717495965,0.35660217281343265,-0.005230309759926484,0.1443121338591722,-0.11694704133969064,-0.22612454481150612,-0.09116828522660175,0.5050088367528309,-0.007468013373019791,-0.1959760027245815,-0.08306789487790771,-0.08576909977973612,0.03761816763834002,0.18396124323136978,0.2185295723898328,0.23850123835453013,0.032926728507142955,0.27927403606846113,0.3853956789588552,-0.015198408779923542,-0.053185362226257145,0.3495658202058349,-0.07111923469891561,0.2838356948388124,-0.04675680087380069,-0.09540750831783291,-0.12387374224894855,0.03248579771594626,-0.16850528895274908,0.24051726743822838,0.17148056418182955,0.11354612744673262,-0.10099290036939038,0.06396116262244998,-0.1426201526329896,-0.028504523168011157,-0.04852052403858749,0.2022417340590823,0.3976974062064838,-0.038920001692787316,0.12784937417249906,0.1800831481007531,0.2576700394782185,0.24843145118223056,0.3907344077158858,0.13924505716180025,-0.14574939089884992,-0.12071870912875864,-0.08805919919068644,-0.14668364827910033,0.002511370895746469,-0.1283644651698934,0.06855990149590002,-0.36185868047228764,-0.4336167408604599,0.2596352849424553,-0.0015247177176390453,-0.3209641632894888,-0.28678678739195884,-0.23689792694010556,-0.15909419756843193,0.07655953069486904,0.08811159498854346,0.24788734097371545,0.4445714930585644,-0.1284281462165196,0.011132494866219422,0.10014892497929358,0.22015464821259798,-0.1858587772029914,-0.0936445912422439,-0.003945403578632994,0.23763549855609273,-0.14799918584991023,-0.21574130985464196,0.0005743385534326301,-0.12787839338361986,0.17933751559278793,0.21801367530324067,-0.2326312968161492,-0.08270031820371083,0.09328749372761842,-0.039001416701765136,-0.052787154162543856,-0.24818075744171472,-0.23780880773361976,0.2878306729031101,0.13490587901004186,0.24323862457000178,0.4826527589410406,0.334171128706247,0.4022864720095602,0.0856457681324727,0.2632352792998309,0.11060148360716855,0.28464420230420595,0.368775731878611,0.1452842774317192,0.03786241266527347,0.04375170034440161,-0.4094380953724434,-0.24404148941101078
#11,0.5282556431281904,1.0,0.4403234029861574,0.4281506500101769,0.24640171858216972,0.4445964818236962,0.25894366041074274,0.3275757068898459,0.24225842010547677,0.4398131485239499,0.21820713671071273,-0.10278806101289138,0.11204599544962648,0.009157981221745494,-0.1686382936703861,-0.1452576764881918,0.3347765016937949,0.11015249192399384,-0.15614713546127446,-0.13030310969060283,0.032022296427211154,-0.08099946999635245,0.15971569233993588,0.17896752065099764,0.23378400436900346,-0.037134514119659914,0.19152074772833988,0.32073765222490697,-0.08114537214115428,0.02067336661138238,0.33137238701148475,-0.0622554778799048,0.256489924892639,-0.016602616162491462,0.002626641651031895,-0.13619320345892874,-0.005149700840146466,-0.1912555443822636,0.24619213539074167,0.10191748467926719,0.002846704002031345,-0.11736537806590988,-0.17346676796520918,-0.14539309947342224,-0.10514748409485251,-0.07022125133256621,0.0578316603623774,0.18136805428204658,-0.07881577435951174,0.12927453987420978,0.02865526184799979,0.20500500782914133,0.20162185146597397,0.30770399598567577,0.08023771570443128,-0.2454005557985019,-0.16877049229882532,-0.2074361728497067,-0.09850853346177021,-0.07596947340207931,0.037759233247955055,0.1462241774363542,-0.19799445007587316,-0.07029379936036823,0.1607257221047795,0.02034770657547111,0.03604548761343186,0.08672673374672274,-0.10920936756256763,0.0450180664741457,0.12064213065496762,0.03604548761343186,0.003373886337392664,0.11513492925559678,-0.1996549938233415,-0.06158319948893945,-0.001510208112078642,0.12657494715077697,0.015373330135846183,0.034300304500194466,-0.03967530727112609,0.0045378791390161275,-0.19769942142947827,0.06300433474466118,0.14154482964312415,-0.05797595032878363,0.12769379895732363,-0.08169915542004301,-0.14871499305755678,-0.028959963564768258,0.06892022336731671,0.21796692212976826,0.041871900335131586,-0.12355453092661968,-0.13035953593444882,0.3485195164270902,0.15494686864575,0.14363501893302003,0.3566432833625205,0.20522023364495398,0.3329789227827005,0.2736950927304861,0.3394469825058492,0.10527968272329175,0.306811655243711,0.27650270140642413,0.17269856495970562,0.17077604222295217,0.004624936772378548,-0.34376762060605814,-0.22643650133105478
#12,0.5801984188560385,0.4403234029861574,1.0,0.7614774002817282,0.15043518740566236,0.27645997867894073,0.1840845748786332,0.2543312180209301,-0.13857358486003268,0.6458672814440282,0.20061827041471275,-0.3036945083158177,-0.015656267444274046,-0.32045397340590936,-0.20206761879235746,-0.18161713584416683,0.7282842592947123,0.37154384218385683,-0.27438510508380304,-0.3969751502852548,-0.12366738341431172,-0.1359820080891051,0.34265199315630274,0.22966327638984893,0.19813470959629037,-0.10045846323124885,0.5916626194271527,0.5492429814821159,-0.009063263895466352,-0.0636089016430113,0.37469726312565116,0.08150005138818636,0.3553591832704248,-0.035212797472104276,-0.08404809934243274,-0.2199233006128293,-0.13267301193213535,-0.3968687465111452,0.25935395981242304,0.22136136374170484,0.3170892925156633,-0.20008625154416462,-0.028976891437922064,-0.3162952946558301,-0.15819540811288474,-0.16397829201790323,0.31669350271954344,0.2838679384067244,0.244149505363516,0.1338023428982534,0.4259524447677758,0.4936034806931561,0.5968514155933925,0.6292457221853884,0.3396106186130026,-0.25502687299863164,0.01866701059805773,-0.3263117590276952,0.008585253001170844,0.08913210391295849,-0.14055333992982993,0.15737883975551314,-0.5821354511983523,-0.3721459908146136,0.5224421278336554,0.09179461653329249,-0.26995000231750643,-0.18726943329914172,-0.1942695118928385,0.021261005636578716,0.38611874096928195,0.37565409100344,0.1771376981719912,0.37741620198983117,-0.20724512970982803,0.004761165846806779,0.18023549895913732,0.4428246977669314,-0.12447347261211189,-0.1492857042095993,-0.20375476348335325,0.12521023813890125,-0.10468317671691961,-0.33892786106246586,-0.279359481523428,-0.2543787772836003,0.08629225166910845,0.17962609552560038,-0.2423035611005536,-0.3404747462330444,-0.11448038482698303,0.018649276635706123,-0.026602152661202725,-0.28843765806905364,-0.27532258682084465,0.5015692541458175,0.20967790690878899,0.6234870209563039,0.7575920503483313,0.5191403864794659,0.6375798784014445,0.32150746740880615,0.5030943749080554,0.3460827087821403,0.5651729162090431,0.5862924531914079,0.1836557354254035,0.10121376880958763,0.03146931923752023,-0.45945593009594476,-0.3482236816914976
#13,0.5866769577387586,0.4281506500101769,0.7614774002817282,1.0,0.17608978221485097,0.23867535362125497,0.12779617228544424,0.29233187498362634,-0.05200202328388648,0.6222142061129774,0.22858795339998347,-0.14108455271118026,-0.021559258639764784,-0.23513022071331727,-0.08420206237921257,-0.17195776898692725,0.586953446333604,0.19011250989978296,-0.15040536210534378,-0.16986435534024016,-0.042551433528877136,0.007516378724887802,0.264288031792158,0.15563688099906695,0.23240156139477613,-0.02114734705968889,0.4709572107701578,0.2962002970438694,0.027603315444870553,0.006691749475538216,0.3727336298398099,0.17418741170804256,0.32993835432859825,0.09321172134302522,0.04721627171654679,-0.08975440477366023,-0.016407542576623815,-0.28142710031578544,0.2573879082589884,0.14111276583310325,0.3242594559300959,-0.057504388148070525,0.08169351279565841,-0.26657732511391047,-0.19005850192353035,-0.17645252235386108,0.19826448995713622,0.17026578776074466,0.14550111542592745,0.07733337632475722,0.31200448185593976,0.3444995495976607,0.44919280242955284,0.45202378769222706,0.3329128234684809,-0.09725909520517993,0.08604155792859258,-0.153159768894227,-0.03736183127343956,0.017855278775872944,-0.16590162084385449,-0.02168420246542381,-0.46543227540843535,-0.3147854895883504,0.2980567204664032,-0.002026105198670759,-0.2635206348758522,-0.23107393248599925,-0.12196492302855773,0.012660033896050768,0.21923893088389695,0.1876571622032836,0.23059430941330814,0.25860026641247985,-0.09810629495206792,0.04897677052454239,0.1174250286665471,0.24936329029488757,-0.11839072352551172,-0.09221217073775298,-0.232692559595182,0.04449410849557558,-0.05661043522771012,-0.2670908039329092,-0.1756875437051487,-0.23947257583787934,-0.013583812116729778,-0.054366282901034416,-0.16722683148503797,-0.2539257551544366,-0.09276192357065272,-0.056411331195853474,-0.030569723692775223,-0.2891897392906012,-0.16474327066661562,0.3893592195444387,0.2896113239410507,0.46419492848981203,0.5421510087198699,0.40894557487258754,0.4195125981665501,0.1526841762675249,0.4347009308315012,0.3100626129784391,0.4583798010168815,0.505331272431951,0.19320224979495107,-0.04405156552598328,-0.04714614195633818,-0.3235243025817022,-0.11048943720867432
#17,0.3964415192363111,0.24640171858216972,0.15043518740566236,0.17608978221485097,1.0,0.41128403963540583,0.1659999637259861,0.35261364346271734,-0.030927627296598505,0.13857358486003268,0.22621079635567073,0.4150492822783305,0.2855534709193246,0.0715875869493341,-0.06829631032821937,0.02282965521549787,0.09688910026338965,0.007338233012173962,-0.17447437946245942,0.029904700104590072,-0.04816423261315981,0.0728249194414608,0.15070845164371663,0.16782575575900352,-0.0027628707254601257,-0.018216406736487428,-0.12639196490287632,-0.02168017201943481,-0.05967841071453762,-0.00015839652736773587,0.10522406256864353,0.07009953186369838,-0.025318858658304834,0.004579795777301737,0.10084538604619295,-0.18779339127771183,0.06852443357119682,-0.05726659183471947,0.09113201121270074,0.17143945363274174,0.052442954075083176,-0.08934894190716673,0.294487357498544,0.019316718491484676,0.23524866844140638,0.27442782781128644,-0.20810200252708963,-0.007407556683184778,-0.1704777892197661,0.012339210395326294,-0.06416026665430663,0.10671290931698046,-0.04572420061141866,0.007206034383734732,-0.025530054028128482,-0.08813577766447746,-0.10130566297813684,0.07564542554456363,-0.12387454833814636,-0.09543169099376692,-0.01320414410456589,0.03140886254768521,0.04116334793026522,-0.057023152896983814,-0.1629118360092136,-0.20953684129917396,0.08197483792569067,0.17861525967155895,-0.044834278137047254,0.06310348371599059,0.01734018777847863,-0.06560961503195135,0.1510341116796279,0.2606227442097605,-0.06187500377854312,-0.050572021046988956,0.0861068511536144,-0.008059682844205126,0.027625885942408956,-0.044628725391608205,0.20469466348798826,0.2914403403308593,-0.0401726643061688,0.13827049532165983,0.464057893326186,0.10309034446206645,0.013405666404015937,0.038202582306745156,0.028157904812957078,0.10719253238967158,0.5439550363445467,-0.034680778601556154,0.14090479482007082,-0.17807679208742844,-0.18552989281028892,0.017024200812940957,0.02512136680484379,-0.049528941625035516,0.07254681866821973,-0.009172085937169377,0.04295447812777723,-0.016975029371875144,0.16744366947924622,0.009875801806848937,0.040778843382914536,0.014856626960056265,-0.0710724815254432,0.015284660324088163,-0.06106488413475393,-0.2540942277967769,-0.19388097689949882
#18,0.25408697299399663,0.4445964818236962,0.27645997867894073,0.23867535362125497,0.41128403963540583,1.0,0.22083659967393693,0.3136908204577378,-0.02578074776864434,0.20789564369245278,0.15752877234630397,0.12963083129963746,0.5529316456512495,-0.0013630971081745999,-0.20076739691630577,-0.2066252471167197,0.2268564738031087,0.09533012375484409,-0.2428912001257499,-0.15919737698575037,-0.06966908023207308,-0.1293124260665064,0.3885313659382979,0.25335262573480066,0.060649748197886835,-0.10889096232943657,0.05393824953700252,0.14207362415688107,0.06477934315821718,0.15344834882703945,0.37356228953514853,-0.023367316710430592,0.0684526916325926,-0.02813452822622087,0.004291215844489272,-0.22285665920362419,-0.135554780814271,-0.17470250270543686,0.32892913065295243,0.1920737249180308,-0.062465867160530646,-0.17676286669501415,0.04558797153699042,-0.06498731417124962,0.29521525604415755,0.2713525975216788,-0.1324537556703337,-0.04005094483730097,-0.006100080004352882,0.08112038337602247,-0.07897215566388499,0.18575962823166198,0.13729270912472818,0.1090771689341284,0.0834846429931704,-0.28071532355412787,-0.07879804039716015,-0.18042573600981818,-0.01522823408024215,0.027750023678870184,-0.05934872023263734,0.013999754142794672,0.02269584440866304,0.0015432577691884496,-0.011530702929932711,-0.08007085524048664,0.15376191752498372,0.07867067830390771,-0.13335657557186992,-0.004484677251961316,0.19727541851143537,0.013146911771522078,0.026959250175828207,0.14386394826519527,-0.1580736886440169,-0.12388986403290456,-0.026541695971367713,0.0348895557037864,0.15167092214589006,0.16635947950820498,0.16090225563909774,0.3250486172547423,-0.01788994061137835,0.27481233235863717,0.38390522003212263,-0.1700005844146684,-0.07040423358046685,-0.11146399904881475,0.18326720043206382,0.2945179888880604,0.4335433867434601,0.2846313048770412,0.29087849615999256,-0.13888312311198794,-0.19494017810540826,0.08107604847014346,0.1081461359106692,0.022640224254014827,0.09486984682290019,-0.09329716679799203,0.14336497905175696,0.3976554895681982,0.3314892699451658,-0.01646396882046983,0.18421274306108343,-0.01157423174661392,-0.11117461302680448,0.03911346310025936,0.053419934182817,-0.3183000384907592,-0.27383293398330993
#26,-0.020986935309326653,0.25894366041074274,0.1840845748786332,0.12779617228544424,0.1659999637259861,0.22083659967393693,1.0,0.05003032910606723,-0.1753183548525562,0.381862590004897,0.1266886057276668,-0.014767151059100444,0.2578360938529653,0.181193975529952,0.08984307458541825,-0.036990224153253676,0.020458946884767532,-0.01948196677703371,-0.15296630748675494,0.04276101672030518,0.1797792524731824,-0.0017657383877813,0.07799195119935996,-0.059545405996900586,-0.2741408600568696,-0.17715381995594723,0.04585478706146229,0.14457572502685284,-0.07701416500242834,0.060544150512975015,-0.06601507789844485,-0.07967667762276234,-0.20915394893021888,-0.12611386412963527,0.029344468112118948,-0.04797883209766577,-0.11926049376993811,-0.15910951326319014,-0.020571799372459558,-0.060031477783174095,-0.09200419972472054,0.05269525999399464,-0.1443621113894358,-0.006406393899516951,0.13880735072739475,0.10517972766276452,-0.19766798395076407,-0.05110323382833928,0.12123621839374636,0.0644407856951411,0.08068751347680378,0.24757296618657337,0.07702303198360415,-0.014119861433266899,0.07100960656801478,-0.07767677032302009,0.1333259441823535,0.02750497256273893,-0.04339540891897393,-0.045841083545099685,0.153099312204392,0.10211497653272823,0.10228989788865087,0.23774109624100453,0.012290038954260485,0.22486382130614663,0.31031975543253737,0.4637104688819341,0.04962406015037594,0.3042684438246514,0.1749064432724803,0.2229316254990196,-0.00825717469766617,0.10650655048234363,-0.02221460915757633,-0.0010346154853765343,0.07172944422165034,0.10054632695380908,0.1951707196159791,-0.14115468247138888,-0.3024329787212604,-0.04660606219381205,0.16616198765474394,-0.05682082450833597,0.08945615177047417,-0.03760365803277962,0.05443641266124303,-0.24664273925231198,-0.05277828718136805,-0.11858096057619257,0.17285252799648546,-0.02158827785088559,0.06794243717038509,-0.19716095384534776,-0.15858636137381782,0.04184126894561518,0.06220066381445439,-0.021480261898380364,0.05220354558333652,0.026946352748663402,0.0750763265709167,-0.11181061740386883,0.047973995562478965,-0.010259500265001824,0.09541395703141531,-0.03958986181615927,-0.06519447909508427,0.16363731628723377,-0.08039732136559571,-0.12444606557938669,-0.1160877266873966
#49,0.5695822241210101,0.3275757068898459,0.2543312180209301,0.29233187498362634,0.35261364346271734,0.3136908204577378,0.05003032910606723,1.0,0.2851044792361499,0.27932078924193354,0.35758882599154007,-0.016297108356525192,0.441144001789518,0.12000695655118135,-0.06386443191871397,-0.23555014580138364,0.293507153034019,-0.3991040318566451,-0.03418019720972224,0.0754769529022234,-0.05496681935339555,0.029285623600679534,0.22515320732815688,0.09390898849912237,-0.007409974950778178,-0.015306424732428768,-0.01859123821346451,0.051188679283306095,0.2917474603152212,0.13893632499904277,0.14898825729561105,0.05108711204438327,-0.051657017107228004,-0.06459958526710773,0.07625966551328738,0.15831551540335695,0.18331314751633843,0.01623584557749238,0.2878790382549781,0.051239462902767506,0.06693160131634367,0.024887600937481737,0.31173766633146793,0.05773896010463038,0.08976569002242943,-0.016851697724611717,-0.02988454787464507,0.12557942699149374,-0.18129470016504676,-0.010433615531726663,0.01598192748018532,0.06228852753701461,0.07086612269080635,0.11736215370911868,0.03024083930007275,-0.05949381628824137,-0.025494586103425275,-0.0016319275809464696,-0.12423809456635423,-0.04429742273131233,-0.14686824270539656,-0.017674714795565705,-0.045064819647618104,-0.2650844479195845,0.02636193808025827,-0.10736906592398981,-0.13061184185336028,-0.3002081725353319,0.002533941393284874,-0.05021411744316567,0.23452076989579282,0.12778972357186186,0.5421147347059689,0.4703179820363022,0.22088980156099172,0.24738192304669473,0.31383994695933076,0.19317323058383026,0.02539463104289805,-0.013441134328719144,-0.16442002889829774,0.4131783492502363,-0.04224270136611967,-0.22245683896151527,0.20073273508080036,-0.11663828560949412,0.18730409513464713,0.05201653288944688,-0.04040723626272865,0.046356174542494,0.3867499088111595,0.02573883113035873,0.16260390993565393,-0.19506673410946287,-0.23471826174925386,0.07852800051589709,0.12418086223331043,0.007223768346086336,0.09587504005255701,0.030073978836128112,0.09252654552489506,-0.1174742001076129,0.04176549656102196,-0.24865070744403223,-0.051894813420579056,0.01916033718711144,-0.11014604321041145,0.04520830352482654,0.12047123974503399,-0.3489749568238473,-0.2939101976329191
#50,0.14857795789393075,0.24225842010547677,-0.13857358486003268,-0.05200202328388648,-0.030927627296598505,-0.02578074776864434,-0.1753183548525562,0.2851044792361499,1.0,-0.017980222601531974,-0.009278489711279002,0.08938360374267215,0.07410660126596308,0.20447585147723343,-0.13840994875287924,-0.14938807753771993,-0.07999185849910222,-0.06584902352369801,0.0547419204672093,0.06653258716343256,-0.05058572456335156,-0.13301882419799163,-0.18141641963391458,-0.19573740032203263,-0.03594311428531124,-0.1284354010192998,-0.09702129889182888,-0.05529731592449363,-0.07639347632012221,-0.13267301193213535,-0.02211949063223591,-0.17677818238977233,0.0666704284162564,-0.15564171753425377,-0.025046400509448372,-0.014186766836684314,-0.06620612103832349,-0.010722195464539128,0.007588926752689819,-0.17708772064172762,-0.1205333086132646,0.0020712461937475693,0.03608095553813507,-0.015827964443405486,-0.16364054064402497,-0.07406065418168847,-0.052018951157040284,0.1408862547685214,-0.18575882214246417,-0.011049467678846002,-0.06303254786658417,-0.12616384165989888,-0.13437547231788935,-0.190249545063409,-0.1377328338267271,-0.204385125236033,-0.1686745676842871,-0.07272415829173577,-0.11102871088200265,-0.23060398248368172,0.2719184721385345,0.25656972772322123,0.07365357913679939,-0.04176710873941756,0.06564991949184137,0.11441509160196121,0.1906509774839135,-0.06234495378086062,-0.021660825878687607,-0.21730673507676992,0.11284644202304206,0.0503334186444401,0.02282401259111327,0.21907932522273252,-0.021660825878687607,0.14808946784006385,0.1519329011351751,0.253912051638074,-0.13344040884844113,0.014490662464254981,0.2344941689522654,-0.03493953323405002,-0.05230753108985275,0.16301662760492763,0.26951713241828773,0.26855143755932315,0.41307516983291787,0.030335957825413172,0.0005896542481908336,0.15840096085832378,0.028503717078813356,0.17025530860117327,0.06544839719239133,0.10339101573284591,0.04435223679676274,-0.1262492871148657,-0.16099979243203158,0.010295774278902832,-0.0432632102905347,-0.17457836496897564,-0.1350340471924921,0.10767134937316489,0.019323973294264878,-0.07687874201719791,-0.05325952243245476,-0.1681538340625082,-0.09217670281304978,0.22152499984885826,0.005844549728650224,-0.034294661875809866,-0.07271529131055997
#51,0.4713094717495965,0.4398131485239499,0.6458672814440282,0.6222142061129774,0.13857358486003268,0.20789564369245278,0.381862590004897,0.27932078924193354,-0.017980222601531974,1.0,0.33362943676532525,-0.03594069601771784,0.21119174242225774,0.013050989787049593,0.05400757320801333,-0.10723606120635279,0.6547076616763028,0.01077378517319834,-0.06524203835775448,-0.13565876632078722,0.09784995858716747,-0.040237151441992816,-0.04129312829111105,0.06292372582488115,-0.010959185688692382,-0.025062522293404377,0.2637810016867416,0.3012077231406041,0.10758509782900026,0.13142196149714946,0.3153150901913051,0.020450079903591732,0.2007778760758772,0.0022090874465714003,0.09680607307601623,-0.026953607551443604,0.06781104463114367,-0.11617559040995681,0.14619918867122242,0.012222327461645269,0.1982910909006636,0.011938584064019604,0.07384462227667803,0.011483143667262502,-0.1793173633628429,-0.23782412342837797,0.2900965896381264,0.30610713328483363,0.209661785124833,-0.10660811772126645,0.33011569395211426,0.25024353969888535,0.235282524187714,0.29302511169373446,0.11254577075226259,-0.07758245788687747,-0.07496589235081808,-0.2189825945189965,-0.1814978346428924,-0.1527035224082721,-0.07172057724047455,0.04882925620134496,-0.22652517114281281,-0.23025655803942985,0.3200484459607878,0.07423638162680891,-0.054608915749572266,-0.053130548160806736,-0.07462894706613761,0.05810089415444266,0.17014971091626144,0.1708236014856224,0.16897443286586877,0.2504128184304234,-0.04444493705450977,-0.041043240639793,0.051288634343833316,0.17629855931708124,-0.018509017115288892,-0.17717558436428782,-0.22618903194733014,0.16788540635964072,-0.04495760978431068,-0.1346503487343392,0.005021532657696237,-0.10144834076614748,0.11404832101696213,0.12002708459704609,-0.13191851244299438,-0.24036572266904194,0.04186061508636238,-0.0852193469468364,-0.13719678451018996,-0.32109233147193905,-0.23632640969886523,0.290098201816522,0.10970753068680815,0.33203176797528533,0.45953250856973576,0.29208762995669285,0.35955407145577695,0.03671857209359502,0.21036227663772133,0.15009259949659728,0.24644363522045531,0.3690514143842587,0.16164385770107392,0.06439725687845989,0.019617389762264143,-0.27839217448606773,-0.06731529977449655
#52,0.35660217281343265,0.21820713671071273,0.20061827041471275,0.22858795339998347,0.22621079635567073,0.15752877234630397,0.1266886057276668,0.35758882599154007,-0.009278489711279002,0.33362943676532525,1.0,0.21133442021026838,0.2825596556386947,0.21314695472539083,0.07469020984517041,0.0415260880692753,0.37724531107989756,-0.17549569447607224,0.02940411871275616,0.08992207132680266,0.10558357835086242,0.022758719366091456,0.029022838522196674,0.11226444562223033,-0.1103910943265427,0.09087406266940469,-0.07369872013187619,0.04054024098036568,0.1620283622484246,0.047849857826017736,0.17354657079579142,0.008240246824512366,0.14798064579836082,-0.004410517045763699,-0.08094868637689104,0.0366307083710348,0.11099807949248625,0.05535454825753744,0.08369261400620286,0.09072735443540506,0.19317081231623684,0.07040100922367565,0.2920054088585172,0.14236704062488034,0.1284047696297834,0.024827144247646725,0.06784006384226447,0.15772787637816063,-0.012996173091533444,-0.0945087188622857,0.16107878917341598,0.07003182037108316,0.07327794157062449,0.07041310056164266,-0.04652303500643864,0.08361200508642284,-0.08663161522138232,0.026872192542465787,-0.12122170878818596,-0.04207342263458163,-0.07721891165866959,-0.10341036187359312,-0.07488528343103806,-0.1562922315168785,-0.05466937243940728,-0.20553057798610705,-0.01884676848916717,-0.004420190116137301,-0.0033279392531180537,0.031216207229410972,0.09653039057036857,0.04437319511590555,0.1995542326736165,0.14141988581746512,-0.025060104025810975,-0.3020097818924153,-0.09054840263349341,-0.11756851254375553,0.0631776439221882,-0.16927832849343943,-0.08105025361581386,0.2375645627066863,-0.011707236464250951,-0.1805700259762244,0.03143143304522362,0.1567637936975916,0.17108316220731404,0.17404634609842753,-0.00428234886331347,-0.23014934817612243,0.36449136779230307,-0.1050539777479077,0.08734903460742448,-0.1369533455724543,-0.05067278219671398,0.1797018679101936,0.0036842306785457345,-0.0158980942036141,0.06417397017066924,0.23625950429544781,0.1951739439727703,-0.14328275795358136,-0.14402839046154653,0.20648256932870906,0.038376697573469995,0.32777803527849375,0.27220463380375354,0.0044467910596647075,-0.02596211783814938,-0.11444975343746662,0.007793673408931065
#53,-0.005230309759926484,-0.10278806101289138,-0.3036945083158177,-0.14108455271118026,0.4150492822783305,0.12963083129963746,-0.014767151059100444,-0.016297108356525192,0.08938360374267215,-0.03594069601771784,0.21133442021026838,1.0,0.29306541615362447,0.41813144858893897,0.006407199988714751,-0.019489221579813913,-0.11806103304361144,-0.16231936044883047,0.012079649673634636,0.1677709416935531,-0.046957517084052935,-0.036708899023221414,-0.2163273367014427,-0.04537919443476018,-0.07025107663288481,-0.00027044292586196123,-0.4901743772457141,-0.31953335496339347,-0.043713814152105,-0.026812541941828572,-0.13901693391882278,-0.05237927302845696,-0.006773970573713834,0.03508865973564305,0.1116695517942538,0.06982465544724852,0.18044024561537858,0.12924229630629777,-0.23461750059952885,-0.1156508263421889,-0.029995788183941493,0.016489763674799436,0.19745920684853382,0.11629730987882464,0.19280645999883117,0.15523141813257346,-0.20213371810657707,0.009469532851157645,-0.06659143167487198,-0.25946116967573046,-0.10605030399638872,-0.21783230523373565,-0.4016085509942103,-0.49619022092889686,-0.44291981629227184,0.008145934388369745,-0.15509115861215622,0.0901010231287143,-0.08238997386255777,-0.09999254367492035,0.25104559845069657,0.11026534441168588,0.4840609967695975,0.1355539747250732,-0.4139763775560585,-0.21655384776602454,0.3125493981536527,0.21960731364729164,0.10196343176354179,-0.06289067616777134,-0.15830019970859877,-0.19526503205212173,0.010745572051275333,0.04334623747790812,0.07632898918429819,-0.14340850786843817,-0.08514276847304539,-0.24520709439102983,0.2246937364854108,-0.010177279166826205,0.4419130108842194,0.030941330812961108,0.13210552513688403,0.4768368253789123,0.4939251102830784,0.43828480340492076,0.13915235690405323,0.00560836559369477,0.3049778023187156,0.1298944224673181,0.4101788913452218,-0.04248130376866852,0.043900826845994646,-0.006320948444550132,0.188571267353589,-0.33664904690028474,-0.24671689945850958,-0.2847191685996014,-0.3052236595240446,-0.17503541754412835,-0.22001277651378515,-0.19183592860467974,-0.23097236524707643,0.05979932409420764,-0.15262775002367887,-0.07520610693176254,0.12562295580817495,0.12165135433061346,0.009109210979740963,0.20500581391833914,0.28546480110756656
#54,0.1443121338591722,0.11204599544962648,-0.015656267444274046,-0.021559258639764784,0.2855534709193246,0.5529316456512495,0.2578360938529653,0.441144001789518,0.07410660126596308,0.21119174242225774,0.2825596556386947,0.29306541615362447,1.0,0.3240301888526371,0.1350920856147337,-0.06546774333313853,0.08495575577915575,-0.3871610143020376,-0.02132468668320493,0.14739461895156009,0.07800162426973356,-0.008049203684633723,0.11529856536275021,-0.04322371191984249,-0.2971676040812296,-0.109962254873313,-0.32688488844733116,-0.21094185477093969,0.2384407816646951,0.17517648315374337,-0.024248372203626193,-0.17522565459480918,-0.3360525408939126,-0.2229687056021184,0.015931143860723907,0.0511983523536797,0.04778295242260032,0.13455361803060317,0.10632840476962978,-0.00980486595744252,-0.13744667216150802,-0.027324408582431688,0.34420935748645265,0.29982528016637683,0.4644569074790971,0.26300876823524905,-0.22901034413963078,-0.09188812288023732,-0.09376953506790293,-0.18606594212682603,-0.1579922736350391,-0.10490323906791905,-0.22537246358995855,-0.30632880781422867,-0.12930839562051738,-0.046070012877274934,-0.005360090120772314,0.0719785257837706,-0.14104586042968584,-0.0833927488246212,0.00013260167303813004,-0.056487103580446694,0.34071818517078006,0.07996042102038801,-0.2840525328330206,-0.24875872339653746,0.24273965535656347,0.08359185285647783,-0.048772023868301144,-0.057547916964751734,0.05716341241740105,-0.11560487925791428,0.30930327695411136,0.2017604988079956,0.2471932981744095,-0.06349040653093468,0.12087992696831867,-0.07735836508988903,0.2415611529493796,0.022479006414454793,0.1271230878052811,0.44656817600151544,0.23932828587147312,0.2047922002809221,0.4590246723751217,0.018692805452387332,0.006873925634241057,0.01788268580859815,0.2446557293797345,0.24345143211822104,0.49072896661380067,0.18085699373064126,0.19045832216563924,-0.1775068870245837,-0.12483137621593518,-0.2797697809251083,-0.19747613472168762,-0.2886649752228333,-0.25112862563807,-0.36652674301674854,-0.237985341267938,-0.11553797385449686,-0.19443879062437655,-0.3165572736451152,-0.2521080240133972,-0.33221797457997715,-0.2922415929934727,0.005626099556046375,0.00843370823198441,-0.15997847741841872,-0.08491222696247454
#58,-0.11694704133969064,0.009157981221745494,-0.32045397340590936,-0.23513022071331727,0.0715875869493341,-0.0013630971081745999,0.181193975529952,0.12000695655118135,0.20447585147723343,0.013050989787049593,0.21314695472539083,0.41813144858893897,0.3240301888526371,1.0,0.04604180903380409,-0.168713697009956,-0.052507451792330684,-0.3586033615135529,0.0313512334880158,0.2342673020531748,0.052489314781725166,-0.15754250761099817,-0.15770574070644783,-0.17653437598305474,-0.23242740308841517,-0.20605215922119288,-0.3940773390345427,-0.20046152646321244,-0.03559448788034643,-0.08596862418078824,-0.315816944361099,-0.19470685452042208,-0.13485552561157768,-0.09757590792363871,0.04123227686590122,0.18980018858460967,0.1902842452454369,0.12508814083348685,-0.11293311937034976,-0.18300243700966207,-0.14244324475956557,-0.01852473958779449,0.23465906148225396,0.20123295398096708,0.13388217270908165,-0.008747681737380697,-0.11937135509062802,0.19500188322627182,0.1431949230879942,-0.004880064986924322,-0.03417093407015344,-0.05715052650734292,-0.21300629213202804,-0.39011057329277615,-0.40816818409630856,-0.04825089692555601,-0.07035185196007823,0.1504203050685519,-0.055713269178025764,-0.01991000415337583,0.39952569702043983,0.2204525425972929,0.6621750024031673,0.31206419534447755,-0.3303015640753446,-0.05731738700491367,0.6212913591855721,0.28894917989476687,0.3398746813176164,0.27042967988781397,0.15477721806067707,0.10555498345602564,0.10086233424535831,0.1368501937335044,0.3982347449100072,0.25039634406232064,0.05977716868770184,-0.13839264572433355,0.3215413879528801,-0.07788959356773092,-0.049276242591787874,0.021749500073455334,0.05900533812526708,0.23800433232727147,0.3247568784108981,0.3058601285833505,0.1482990809170667,-0.12229745946831803,0.15646597527039074,0.13552377369122096,0.4290491228840997,-0.04014728058701121,0.01608027360285098,-0.17118557003314785,-0.0777537675105296,-0.3330273552470137,-0.2574065001836928,-0.32850680611475874,-0.29874155344302533,-0.18090458944962398,-0.09241250252658821,-0.33442874159979996,-0.43271803860725566,-0.033528883894718156,-0.1399532347257682,-0.1432912507665435,0.2055459351029589,0.22497833131038947,0.08479858547439235,0.024108520586212854,0.04847216845494331
#101,-0.22612454481150612,-0.1686382936703861,-0.20206761879235746,-0.08420206237921257,-0.06829631032821937,-0.20076739691630577,0.08984307458541825,-0.06386443191871397,-0.13840994875287924,0.05400757320801333,0.07469020984517041,0.006407199988714751,0.1350920856147337,0.04604180903380409,1.0,0.5464635859281008,-0.036579118662375586,-0.29786487123732674,0.6380272579062236,0.5681780167384421,0.3874971534975203,0.49997964624775554,-0.12748663403348898,0.0019140588001765335,-0.11375732281655626,0.33310628487595295,-0.222102965803681,-0.33477327733700374,0.5314703268490175,0.48992932612958284,-0.2380433796901796,0.2753483816751743,-0.44086025839189236,0.1417141083746622,0.30096428420286847,0.3766455807167342,0.4944885666323407,0.5477605834473613,0.018594462570255713,-0.011490398470042703,0.09597821946987543,0.3968872865626946,0.3285349530352281,0.5877305163202834,-0.07121596540265163,-0.08725552826047966,-0.2869044764148377,-0.46035391346229415,-0.207919020279189,-0.3058612760795046,-0.3531456623332655,-0.243249909818771,-0.3907360198942814,-0.22330000826241428,0.10681044610991429,0.58441184709294,-0.05142244515066815,0.21331014483407662,-0.34124778577373477,-0.4319166987422993,-0.38838062725830924,-0.4904847215868672,0.2503322095106434,0.09279336104936692,-0.2767429159873686,-0.16990869024611918,0.005805051357958015,0.08297519462016069,0.348564657422167,0.05178760355727163,-0.19931804853866106,-0.25936766332878564,0.2882853072106694,-0.31707961944528973,0.3750954711893645,-0.051888364706996655,-0.09036622647479056,-0.4380550679835477,0.2641284261309935,0.20814230698697964,-0.1685431751450457,0.02400896371187954,-0.11205002589561548,-0.18781838004284365,-0.043735578560445604,-0.28206632904964096,-0.5320442623578512,0.06493008183820581,0.31068168948234964,-0.1417536067453544,0.04544368157058419,-0.3125485920644549,-0.21775008413556002,-0.2136898128462405,-0.12965985051075826,-0.16839324255425484,0.13653579136799382,-0.37736944881635875,-0.4516820058723598,-0.346463182883502,-0.44137212503249545,-0.3754364469200339,-0.24115972052887513,-0.3831289561346411,-0.48493076701402393,-0.4052851238253769,-0.3081731398987955,-0.3430590682011918,-0.0847518152121123,-0.12789532125677366,-0.004696678710982764
#102,-0.09116828522660175,-0.1452576764881918,-0.18161713584416683,-0.17195776898692725,0.02282965521549787,-0.2066252471167197,-0.036990224153253676,-0.23555014580138364,-0.14938807753771993,-0.10723606120635279,0.0415260880692753,-0.019489221579813913,-0.06546774333313853,-0.168713697009956,0.5464635859281008,1.0,-0.18120844862088215,-0.16535267410015256,0.3443068942793865,0.582334555230209,0.101982777904289,0.6845740725439974,-0.048937272153850186,0.4138304754112566,0.10145478947972988,0.6311440622462079,-0.09361395985272751,0.04865111048863112,0.1359457340752041,0.2140444920932726,-0.11028227228483968,0.13406674015513187,-0.2617528812650764,0.26781870247852274,-0.09983455019215151,0.03019086176980914,0.20239892145265334,0.5975801202282038,0.11095455067580504,0.4110889660495382,-0.1320120187899392,0.2727277856931259,0.13921120141549262,0.5005866314136991,0.04052734355320088,0.21724627838693492,-0.02967657686161262,-0.23503102435800033,-0.1598285448276279,-0.05096861693230664,-0.3436023723205091,-0.1563414029579443,-0.39284233096813326,0.030118313742007123,0.08063914812493576,0.4679109996916709,-0.21840704683176718,0.36304524377144953,-0.3152449604310965,-0.41396186795049805,-0.3590639692235144,-0.4231811101057388,-0.047805522920138725,-0.21075645425544565,-0.05260820236063222,-0.016497824566777435,-0.2731679103951248,-0.07848930823440267,-0.1130181390221735,-0.1320079883439502,-0.4944990457919121,-0.4401903982685204,0.028190954470066885,-0.3494666712345055,-0.1395884511600631,-0.29072130876642155,-0.34636887044735937,-0.4571577697930164,-0.08049324598013394,0.259345898920445,0.059196369374253106,0.006326591068934733,-0.20628749574284141,-0.07601542048635392,-0.05858777202991397,-0.25624164941971656,-0.3694439798235874,0.10759718916696727,0.20383295413553987,-0.020636286508283575,-0.07374789157294201,-0.25018066474145695,-0.2432087992696832,-0.06503970996910663,-0.09766133371488223,-0.12925116328747357,0.2604921577597169,-0.41969638650364854,-0.25551939349848757,-0.1390338617919766,-0.23102153668814224,-0.2596933233646969,-0.10161842558688332,-0.34933769696285744,-0.41078023388678075,-0.3165596919127086,-0.20942398881148194,-0.315642362405612,-0.2654350967206276,0.006058163366067272,0.03051329744892921
#201,0.5050088367528309,0.3347765016937949,0.7282842592947123,0.586953446333604,0.09688910026338965,0.2268564738031087,0.020458946884767532,0.293507153034019,-0.07999185849910222,0.6547076616763028,0.37724531107989756,-0.11806103304361144,0.08495575577915575,-0.052507451792330684,-0.036579118662375586,-0.18120844862088215,1.0,0.2367109142462159,-0.09523661740789927,-0.3060515131301854,-0.08070282917156198,-0.24255667310866283,0.0011708445598047651,0.03461306710894094,0.039176338057687776,-0.14841915832196412,0.31826618274445156,0.28170278282143313,0.2773426463505319,0.17238741452935474,0.41782303520796094,0.17152973562289536,0.26728104098359,0.01474538665075984,0.1849349989823124,0.012782559454116394,0.14408884715138154,-0.1664779746202816,0.13434806528516413,0.05522476789669161,0.48781979069893977,-0.03938350298152242,0.09699631012669707,-0.13298658063007962,-0.317453644833069,-0.41653248640228285,0.3227311108110668,0.2540015275390298,0.21845541218363518,-0.12787033249164187,0.4203485126646689,0.2557765359525858,0.4016125814401993,0.4467632495873831,0.1611198997225038,-0.04786597960997374,-0.1451609457844558,-0.4087424403947419,-0.08924979293583732,-0.059352750678626345,-0.1395223518458435,0.11013959449682904,-0.3496552961067907,-0.31569959473865583,0.40374226910078737,0.035342577832950105,-0.23058383025373672,-0.17347805321397838,-0.02005025966148284,0.06020236869310774,0.34648817164863377,0.33798876714702863,0.26911892435457446,0.31046082104215245,-0.004729728368092571,-0.0007428111957728682,0.15025462342535514,0.31731983402623415,-0.01761909464091749,-0.12723190984698413,-0.09829653200274877,0.24021659616744892,-0.19309100948565464,-0.2601020105879816,-0.16442083498749555,-0.13651402695965323,0.10484923109166645,0.35596858670396175,-0.08760778923991834,-0.22677022225894405,-0.009466308494366443,-0.08003699949417903,-0.14622901397154103,-0.23019610134959484,-0.23871001545676038,0.5788474133605254,0.04786033698558914,0.5906695175354629,0.553059007744502,0.3732358234100394,0.47139330502616766,0.27441976691930847,0.2550607287449393,0.3057331078970543,0.29514351410555334,0.49081279989037185,0.20058119031161392,0.10181511135114656,0.0865179566444925,-0.34070286947602185,-0.21585093798554278
