,#10,#11,#12,#13,#17,#18,#26,#49,#50,#51,#52,#53,#54,#58,#101,#102,#201,#202,#301,#302,#401,#402,#501,#502,#601,#602,#701,#702,#801,#802,#901,#902,#1001,#1002,#1101,#1102,#1201,#1202,#1301,#1302,#1401,#1402,#1501,#1502,#1601,#1602,#1701,#1702,#1801,#1802,#1901,#1902,#2001,#2002,#2101,#2102,#2201,#2202,#2301,#2302,#2401,#2402,#2501,#2502,#2601,#2602,#2701,#2702,#2801,#2802,#2901,#2902,#3001,#3002,#3101,#3102,#3201,#3202,#3301,#3302,#3401,#3402,#3455,#3501,#3502,#3601,#3602,#3701,#3702,#3801,#3802,#3901,#3902,#4001,#4002,#4101,#4102,#4201,#4202,#4301,#4302,#4401,#4402,#4501,#4502,#4601,#4602,#4701,#4702,#4801,#4802
#10,1.0,0.5931377626591271,0.5582050811832583,0.561970323826183,0.24643073779329053,0.3332691148939086,0.2658534570142859,0.7222297233300351,0.29904176146611505,0.5500015114172458,0.49636997882000633,-0.09403070796799019,0.18075058995653165,0.1285482535069918,-0.06952075981967784,0.03403751942171161,0.5151712032694978,0.44491408096762947,0.0803336403189695,-0.07127722818168444,0.0521108453255895,0.05418733109912277,0.23540908019176862,0.2379152115077294,0.10716431926774857,-0.09675287118896142,-0.11852856477833555,0.15192080979720812,0.19799928661105995,0.10361994506502117,0.3310193199428483,0.2696404640655512,0.1426943128391872,-0.05733269114893909,-0.05437595597140801,-0.17905619046275564,-0.1448199700537863,-0.2189954919461613,0.12106049094862592,-0.05763255633052075,-0.004821622536641792,-0.04685594984513011,-0.0005654715722568281,-0.26936397547070573,-0.0264893001735107,-0.13208779117453243,-0.1545115804789379,-0.0030522567474703913,0.03408024214919502,0.1342247336379007,0.20418521511497856,0.3299238447230378,0.15749330442160078,0.3239321837157891,-0.1550307019223212,0.08789556308353301,-0.24661613830878457,-0.35159232844910454,0.12349488032598248,0.12407365237000301,-0.14375028968830547,-0.06318731699256182,-0.22051900053000364,-0.04667135541883387,0.2053419531138218,0.09442166122892329,-0.09520840428597627,0.1426193465437918,-0.1447965934670501,-0.09529949236532768,0.22274300062673436,0.16897685113346217,-0.4691983241405578,-0.24245429978054223,-0.4905145468871858,-0.35466836482791003,-0.28950975670212786,0.048836511004125165,0.18968608871414666,0.21653208335768395,-0.18033061748447773,-0.10667985965987066,0.2066002583515879,-0.16346964973409134,0.0030256558039429855,-0.18617637634692466,-0.015028323959187705,-0.1849615999258398,-0.00781382563887607,-0.12656769234799678,-0.0015037593984962407,0.099372661081812,0.16552517718848178,0.17423658314910836,0.06166864494390627,0.3496689996231533,0.08869197921095959,0.3248140452981825,0.37470129357164017,0.015868268903295495,0.1381358784256272,0.37875995268256407,0.31054868476471265,0.35299734192087023,0.27899271093842887,0.12861918935639824,0.10807923050725178,-0.1854210707685859,-0.00463299766435655,0.1319515621001042,-0.03836460623550299
#11,0.5931377626591271,1.0,0.553627300628951,0.4423886035109215,0.11235311543398835,0.21835626321230575,0.40586470195859525,0.5422985230430674,0.32644718201292566,0.630784546463989,0.4900091289601651,-0.1663683464893808,0.20729671941848726,0.10892078762975517,0.03253819351380327,0.14852072556088694,0.5050789665130395,0.4734560872833383,-0.03712000451409951,-0.10143624942818047,0.11533161501986003,0.03162811880948686,0.2957899976421891,0.1766097097474321,0.04782083861489693,-0.09747996364537719,-0.021210222017117305,0.15935456437932138,0.16720023054151056,0.21393728222996516,0.28483443935488684,0.17196502378970746,0.2965259570797807,-0.041240732493254044,-0.12062439669261601,-0.2701684524901103,-0.16181394252180975,-0.3458166993468662,0.18352111852937086,-0.12041723176878137,-0.05005531787119904,-0.004251717473797063,-0.07409612210639169,-0.23074504809329677,0.07643458686921001,-0.2419158321964117,-0.07300628951096584,0.06436904375653688,0.11238374682350476,0.1994889394485947,0.3177398064982881,0.46954494249561185,0.272469031060632,0.43949232502322544,-0.013495142304971756,0.09543894579654712,-0.20011849511207663,-0.34059404743431887,0.1643321651757375,0.16744850601443304,-0.2996963058947288,-0.18604901425367223,-0.12859903712645324,0.08440922730304722,0.24114682310171032,0.19216481299738222,0.1429812805936041,0.2746083917915937,-0.0737527281081288,0.012501234324084131,0.30722195464539126,0.24439375039044944,-0.3875987207364431,-0.22220936957779064,-0.5010444900780496,-0.3240780858605909,-0.4008967742325527,-0.06148243833921443,0.16233306396519306,0.1621291233981496,-0.01991403058705461,-0.026908466556366795,0.15170639007059325,-0.0772632465645486,-0.012295681578645084,-0.3633201201878994,-0.06066022735745824,-0.18867767112769865,0.2113634394213892,0.022894142351321884,-0.0053471926936075114,-0.027300225906497683,0.25054662923725823,0.03598664310199245,0.030485084327006206,0.44206697392099925,0.06067393087382084,0.3702992404624534,0.36814456403673346,0.09527530968939368,0.29678954824746134,0.29158463029726556,0.3857156963703819,0.3301842115339273,0.3691344415716321,0.1775504158412649,0.2600899192500146,-0.29878623119041237,-0.09176398514377608,0.057710746982707374,-0.05767527905800417
#12,0.5582050811832583,0.553627300628951,1.0,0.4604087275277446,0.07957349820544392,0.45407931514661753,0.3368465387537458,0.517283963056932,0.22318151315033766,0.5721697704459487,0.22139521948801244,-0.10748272450087965,0.20955779961831678,0.16310771568427904,-0.22538133057113435,-0.10324108314205509,0.6678485277788414,0.6798753786100201,-0.07761792581158068,-0.23812882514514644,-0.07037440828014824,-0.18951197344742182,0.2295463934561679,0.018593656481057912,-0.08764486934301716,-0.3134667276607493,0.18907990963740093,0.24433409978981224,0.416362401581547,0.2552275892088839,0.4816137099650762,0.30349943472995006,0.5256963099251748,0.05277828718136805,-0.11016700152955425,-0.2247590297104326,-0.23124643557432847,-0.48099221519357227,0.23294244724650007,-0.29514351410555334,0.06765385723757263,-0.09810710104126572,-0.012342434752117496,-0.37075790521600166,-0.06404177154223001,-0.5342069996755491,-0.08930299482289213,0.12964856526198906,0.2959649189981117,0.3580781221346048,0.46517029641915025,0.6093079119669987,0.4324374323640782,0.5539328084349173,-0.20637616555459945,-0.0596098931327246,-0.2436956771451545,-0.5681014382646512,0.09012681798304391,-0.021467364471215562,-0.32471812068364425,-0.1430675321377687,-0.22450349943472994,-0.025143937302382194,0.44468515163545425,0.36940045100690616,-0.04177033309620876,0.10324108314205509,0.01297924521837964,-0.032996052178153774,0.6514615404767614,0.433910963417657,-0.3655263863222785,-0.09956612248928405,-0.558928949282883,-0.30231287143078817,-0.3991185414622055,-0.059089159510945684,0.02092889688708504,0.09810951930885912,0.09591212015565583,-0.008514317151764428,0.15376675406017054,-0.17114845543233587,0.042332983356273286,-0.33005120681629024,-0.008153189191149946,-0.013516100624114562,0.19286933495625957,0.0627278461498157,0.07102169790598178,-0.004138864986105038,0.24150553279473141,0.03697329628009988,0.18085860590903685,0.5696757304679549,-0.03623330639651931,0.6076102881164315,0.5864883328664734,0.2533082908289217,0.46292856236006796,0.5570298031328657,0.5059713072550043,0.5755432537387425,0.5652575555748122,0.45660962913851233,0.48053355044002394,-0.3330466342753157,-0.03395368614514039,0.10129034728337864,0.07886413971137976
#13,0.561970323826183,0.4423886035109215,0.4604087275277446,1.0,0.11900980002942226,0.23344867126271857,0.24340387285555082,0.33659665110242776,0.08458414865896986,0.6321186240863482,0.2900183989859398,0.0697754840061827,0.18599420018822183,0.17378597928753806,0.0953349602900309,-0.01385949462237744,0.5457582578800257,0.15509599514734304,-0.02255155444225681,-0.1315622210175667,0.08087533225989121,-0.05938015771135155,0.20942882534666873,0.0450116177605633,0.09113039903430514,-0.15349026546532507,0.14629350110736503,0.11799977026457863,-0.0406216559893435,0.17675561189223393,0.17118553553543467,0.18663745936806636,0.17058580517227134,-0.07672477898041807,-0.03104047978429053,-0.14195674122320007,-0.1858144422971124,-0.2773829508104219,-0.045359042204815174,-0.16037346112534082,-0.06561203329954476,-0.05639037287671067,-0.051444209559008754,-0.2513212809563442,0.0013304502209692014,-0.1603557271629892,-0.019497282471791916,0.18973364797681688,0.2230009491700304,0.2564568752355292,0.1629851901262134,0.28334236824975867,0.09133433960134858,0.17858462828204255,0.038550812840194834,-0.045984567422308116,0.03563115776576257,-0.21828855171969055,-0.038218704090701154,-0.11509381870650896,0.048248871978928826,0.10378277508297681,-0.08588598271341716,0.08380949693988388,0.11494549829411374,0.054702422096517093,0.05934468978664834,0.10141126066304867,-0.19315066008629184,-0.11899206606707065,0.12425502243950805,0.2256070355465184,-0.275179909032834,-0.05947043970150517,-0.2569727723221213,-0.20606582121344638,-0.09476183087039497,0.1360287612625775,0.14059042003292874,-0.021439151349292557,0.03426564266468906,0.08979229096595684,0.23865681356970556,-0.21224610709298036,-0.06142762427376401,-0.1298662093453951,-0.06640603115937795,-0.07832970257323824,0.11120605050551868,-0.13215147222115864,-0.018093881178421797,0.04691560044576733,0.06263192153527748,0.10841940014872346,0.07313284551502046,0.2397184330432084,-0.14869403473841397,0.3469492546697755,0.12122009660979036,-0.12249452363151245,0.251374482843399,0.3272097423940446,0.14847316629821672,0.3195591498177231,0.2826322036664967,0.10459047645917259,0.19258962200462293,-0.01919661120101245,0.10282352893759458,-0.13168474657563234,-0.2035322828647604
#17,0.24643073779329053,0.11235311543398835,0.07957349820544392,0.11900980002942226,1.0,0.28941866862277643,-0.11029516971200448,0.16762262128115787,0.18469317222297232,0.07455881730592899,0.2934861947148762,0.23983854033368063,0.14724710462836266,0.167251014160972,-0.06013626937888812,0.08721764206818305,0.09559774536851376,-0.07056303315243348,0.002400936675647844,0.15562559575029775,-0.16301017889134523,0.06730240234733174,-0.13966019309866734,0.09016067372935152,-0.14893424931935845,-0.007145577693899718,-0.33894398284642185,-0.11153090445223217,-0.023130326486277338,-0.05810331242203606,0.0211973245899525,-0.0141214736116625,-0.08414966658135556,-0.2229203402502504,0.31899730564685636,0.13402321133845066,-0.07277252364360379,0.09193810041050092,-0.019132930154386232,0.053979360086090326,0.02176481138520383,-0.04034436130530024,0.16194130461506218,0.00803872452506232,-0.03814615606289914,0.0432696590041171,-0.05028666547096769,0.020469426044338938,-0.12481283616438577,0.013701501139608604,0.07074198495434512,0.002512176984944269,-0.1448046543590281,-0.060799680788677674,-0.22067054529919009,-0.034408320452699696,-0.19787998540978552,-0.12179161385103068,0.161151337201218,0.12416554653855222,-0.09995223921503034,-0.184081350521842,-0.05894889999052845,-0.1094608673922813,0.01245367506141392,0.12220594369869998,-0.09035735949361477,-0.12047446410182519,-0.11804813561644664,-0.03858708685409584,-0.03786644311126248,-0.12421471797961803,-0.12423648238795863,0.027431618445739114,-0.12147320861789962,-0.11324465008675536,-0.09295054844293796,0.02404926817176955,0.04132617794822086,0.1363520030308954,-0.11928548253506992,0.132860024626025,-0.07654502108930863,-0.022434671508575782,0.16279334089713698,0.03547155210459813,0.16657631750241322,-0.017502211707236464,-0.0666768771298388,0.012746285440215386,0.039130390973413164,0.28376637116780157,0.2044117261795604,0.2714984996664806,0.17303954069037508,-0.09629662470300651,0.19308375468287442,-0.012638269487710163,0.043525189279819756,-0.07670543283967088,-0.1187776463404558,0.0216382553811492,0.021579410869709787,-0.01778756728325773,-0.07385268316865602,-0.16274981208045577,-0.16214846953889683,-0.06587643055642323,-0.022510443893169,0.03257688579529768,0.03194894231021134
#18,0.3332691148939086,0.21835626321230575,0.45407931514661753,0.23344867126271857,0.28941866862277643,1.0,0.24167239325867604,0.3847443588870326,0.20375234521575986,0.32684539007663893,0.155846464190495,0.23693178268641316,0.6331705704894776,0.3593920475270191,-0.49240563214522504,-0.3554857392744794,0.31596882853072106,0.30218712151593136,-0.5035748040699444,-0.4220195355717087,-0.34714110389885194,-0.4689000711373717,0.11059261662599275,0.09188651070184171,-0.13250292711139952,-0.15251892798197583,0.08640349197840487,0.14314330452236193,0.3469274902614349,0.10245998270938671,0.4389925497205893,0.19981218121691255,0.3433919830398833,0.026418364324104285,0.042145164573185845,-0.3253210754035988,-0.19086056067534152,-0.47934618105166427,0.27841232671601274,-0.32648909865121123,0.0291389153666799,-0.29912559474268624,0.11707599204389962,-0.4374335732120438,0.19627667399536095,-0.18959016409960844,-0.07561801851183843,0.21874560429484324,0.12599375683916303,0.3797869103205615,0.3857721226142279,0.5163746944418135,0.27519280645999883,0.47051466780056544,-0.1735594682229562,-0.009423585766883034,-0.11417568311021456,-0.4591181787220665,0.04129554655870445,0.2839719239132406,-0.10825334577397662,-0.035111230233181454,0.051862569852667045,0.20473254968028487,0.11912748905230108,0.015944847377086513,0.20299381528062987,0.21868756587260163,-0.4827124095416778,-0.21901403199771072,0.2362361277087116,0.18700342386386765,-0.14372449483397584,0.01010392504982639,-0.24431959018425184,-0.21045175253867718,-0.1266168637890626,0.035423992841927925,0.14028249395936906,-0.05705781473248922,0.22936099294067386,0.3372697355825909,0.10086392609774235,-0.04596763954915431,0.06760468579650682,-0.1669269663034563,0.034012530656579804,0.26935269022193653,0.26788963832792917,0.22573923417495764,0.22010870112832334,0.031104160830916744,0.3862670613816772,0.06106649631314953,0.22436888253869733,0.1850962168218724,-0.23862940653698034,0.4068940778641861,0.38688613788558773,0.03580043649730061,0.35287562245200244,0.45661607785209474,0.33672240101728457,0.42415809021347256,0.41802213923981757,0.1973028255441606,0.43705793564586887,-0.10899333565755719,0.015861014100515294,0.03637356591693654,0.08684684103719498
#26,0.2658534570142859,0.40586470195859525,0.3368465387537458,0.24340387285555082,-0.11029516971200448,0.24167239325867604,1.0,0.23100622099338403,0.3186063523859233,0.4004219876950484,0.2760295270473154,0.08392073724918031,0.4286617105615822,0.5917690232012623,0.005963850929924651,-0.03564486128212517,0.2352639841361646,0.19600099148971328,-0.25054743532645607,-0.24792039063082524,-0.026430455662071285,-0.14496748437698373,0.23416609064876073,0.023765524774143884,-0.004611233256015945,-0.1694887177740653,0.10192070903605839,0.12496035048758321,0.10102675611569799,0.19759866027975326,0.17148781898460974,0.0322230126374634,0.16474085239902223,0.1024752984041449,-0.11089731834276122,-0.26729313232155705,-0.046296523941856786,-0.31368759610094654,-0.03345471693170208,-0.19660636447726124,-0.010941451726340779,0.017140277657424183,0.013657166233729593,-0.11901786092140025,0.18485842050852136,-0.1227548904424019,0.06782394205830847,0.23682376673390795,0.10789302390255993,0.2419029347692469,0.22498392859661887,0.24124355380544635,0.11364850077485324,0.08352011091787362,-0.0648720434159642,-0.2344804654359028,0.04505595266644231,-0.1411756407905317,-0.08595933683041697,-0.090509710351999,-0.1752659590546992,-0.21268139525979246,0.25980859411998236,0.44362191998355577,0.10126616460744464,-0.07822813533431541,0.4682471388871536,0.6440213371810658,-0.012742254994226387,0.06159448473770865,0.3212422640627299,0.2591983845972476,-0.09655054280031357,-0.024840847764009327,-0.24732710898124433,-0.110789302390256,-0.253956386543953,-0.2557265584223222,0.4697053542459741,0.04318985617353488,-0.24041247584251435,0.17795829697535182,0.2962107762034408,-0.0007242711442234641,0.09641350763668753,-0.1947160853084198,0.01112685224183482,-0.17542072818067683,0.2888898741090195,-0.010000745632507965,0.09866088432015445,-0.09104414749014052,0.04939513081820069,-0.11746936357242611,0.0004260181410373965,0.1739480032162959,-0.11014120667522465,0.17515149438861158,0.18495112076626838,0.10403105055589926,0.12549559371492253,0.12390517972766277,0.0980410017270461,0.2820655229604432,0.18071431594263063,0.04278358721784359,0.17106865260175363,-0.21427825796063463,-0.20022651106458186,0.08418352232766317,0.024830368604437925
#49,0.7222297233300351,0.5422985230430674,0.517283963056932,0.33659665110242776,0.16762262128115787,0.3847443588870326,0.23100622099338403,1.0,0.44110933995401264,0.45103632842492186,0.4596235966490872,-0.03705551737827549,0.19702472477091953,0.17009812120760223,-0.10581895639662006,-0.1558255058713522,0.5096559409781489,0.4817442964151198,0.026942322302674404,-0.23771933183266394,0.02534465351263444,-0.15924896669440958,0.2871463031741777,0.2837139753699446,0.17933590341439232,-0.04258609536438254,0.047880489215534144,0.242467197207707,0.42493838455694316,0.12018830243660612,0.5441702621603594,0.2766655314243798,0.3250671573062917,0.021971976309038476,-0.10335715998653831,-0.3063658879173275,-0.10004332729438176,-0.3161074758727427,0.26961950574640836,-0.1990955679200682,-0.1324448886891579,-0.18986181615926712,0.015492631337120609,-0.3546578856683386,-0.013740193421103011,-0.16502459579664788,-0.12047930063701198,0.09505847169518543,0.05709408874639023,0.22105263157894736,0.4184840283501571,0.419843900826846,0.3484429379532992,0.42099902664729366,-0.09725425866999313,0.055251368840219015,-0.25116973618715777,-0.42230086070174094,0.10582540511020247,0.0012071185737057735,-0.19194716891397617,-0.1518385886990325,-0.1836549293362057,-0.04572500670061646,0.33406714319973074,0.11119073481076049,-0.09827073714841916,0.03379891701916275,-0.11516475455591539,-0.1387009469532851,0.26952841766705693,0.1015587749862461,-0.30130525993353796,-0.25625132249009014,-0.4557535624104485,-0.4096694429722121,-0.33969525797877165,-0.06496554976290901,0.14062588795763195,0.12130796033235057,-0.05911656654367089,-0.11333896252289798,0.19611545615580092,-0.09545667975889872,-0.058598251189485376,-0.19173597354415253,-0.08269951211451303,-0.05820729792855228,-0.07567363866648665,0.02100708753927166,-0.01788107363020255,-0.03661136223028759,0.17535704713405062,0.03957857656739006,0.04506240138002471,0.41361605568464177,0.016653399781952873,0.39727098502084746,0.4325922014900559,0.20674051787200512,0.34243837951888567,0.44127378215036384,0.4840271410232899,0.3789469653764537,0.5062703663473882,0.21100392363917028,0.3504783131777447,-0.24975908009100747,-0.031329865806300795,0.13888392920118575,-0.08676220167142595
#50,0.29904176146611505,0.32644718201292566,0.22318151315033766,0.08458414865896986,0.18469317222297232,0.20375234521575986,0.3186063523859233,0.44110933995401264,1.0,0.15356684393911607,0.32516550018842333,0.15322828647604,0.3554260886738422,0.3903732797552713,0.019531138218099525,0.017428051501038846,0.14109019533556486,0.2547133043006874,-0.1336902964997592,0.04809813329894019,-0.002267931958010814,-0.006947279751240874,0.22870564242286232,0.2747784766123295,0.13665589865846606,0.07767112769863549,-0.2238392819357426,-0.040383859675992444,0.17953823180304015,0.1606733263069225,0.190297910415277,-0.01311547429280787,-0.0158997063820097,-0.20435207557892318,-0.05723999089119206,-0.09108848239601954,-0.1576005142849082,-0.15051660241464018,-0.09604673705168845,-0.12615900512471206,0.16461349030576977,0.173548182974187,0.10139433278989486,-0.02053713753695415,0.23279090247731363,0.10918679706502923,-0.2119123861650911,-0.16169867176652433,-0.11102629261440924,0.06469712206004155,0.023911426918945718,0.1550081314247828,-0.09014455194539552,0.13502034367612947,-0.20807459549436444,-0.025775911233457537,-0.16560014348387722,-0.10604063092601512,-0.06408368818051562,0.13527506786263435,-0.2322258339496557,-0.38306124464202584,0.09559290883332695,0.06009193447300911,-0.09476586131638397,-0.14144729285019034,0.19795092125919195,0.23379125917178364,-0.1077326121521977,-0.0843149148669046,0.050140763326165856,-0.10122989059354363,-0.19567130100781302,-0.03124522644053178,-0.30696642436968863,-0.27422308115504523,-0.34372489787857474,-0.2733541169998166,0.3042482915947064,0.14685856963502297,-0.1323755650181471,0.1721818617839157,0.04844636383238987,0.13614806246385194,0.11314711329382153,-0.11662296991473592,-0.2570501568851101,-0.10097677858543437,0.010580323765726296,0.1412820445646413,0.1854855579044099,-0.16716476261680735,0.14361083625708604,-0.08603833357180139,-0.07559544801430003,0.09861090678989083,-0.006083152131199078,0.1245016857340349,0.014022324640333076,-0.01571994849090026,0.027492075135574126,0.08142830944958214,0.1143901028368294,0.08374339762566427,0.09214526533433558,-0.22092607557489274,-0.022631357272839027,-0.30748715799146753,-0.030477829524226004,-0.051149987001811684,-0.14549144235555386
#51,0.5500015114172458,0.630784546463989,0.5721697704459487,0.6321186240863482,0.07455881730592899,0.32684539007663893,0.4004219876950484,0.45103632842492186,0.15356684393911607,1.0,0.3267454350161117,-0.02519794527863481,0.31822587828456156,0.2863321530843996,-0.03634051625982673,-0.1289690320682435,0.7133466203702771,0.3855560907092174,-0.10869347047597552,-0.353825195527011,0.04569195704350665,-0.20760464549204694,0.3341727408846426,0.13250292711139952,0.19791464724529093,-0.14448544303669922,0.21707296920940786,0.17082521366401798,0.13322840738941968,0.1831309713576356,0.3176841863436399,0.24579473341622618,0.3595822845776999,0.1443919366897544,-0.07358989809017316,-0.2750606078315596,-0.012830924805984406,-0.3677060515131302,0.2566317965914518,-0.12038579429006717,-0.13707103459533315,-0.1201028569816393,-0.16542925257394356,-0.28233717502010186,0.10322818571489029,-0.17519985974047958,0.05269687217239023,0.18605465687805683,0.21798385000292209,0.22942467398730007,0.24490561703105257,0.38169169909496337,0.40560755950449695,0.3831450779185971,0.1320120187899392,0.019046678610221614,-0.05293386239654349,-0.3581152022377036,0.07769692255296509,-0.05284922303077447,-0.12871027743574964,-0.04995133236468281,-0.1103741664533889,0.10928272167956746,0.24826459071828594,0.01789074670057615,0.14012530656579802,0.25306565798038383,-0.2242769883701481,-0.16767179272222368,0.23386703155637686,0.26320787226710574,-0.268023449134764,-0.04337686886742453,-0.39887429643527206,-0.37143502014215385,-0.30956606203259424,-0.08481549625873851,0.25750479119266945,0.04719370121900839,-0.08031106982143109,0.02048554782829494,0.3842977854714513,-0.09765488500129982,-0.06688565423206905,-0.29066488252257555,-0.07666190402298967,-0.09559049056573356,0.22468003296904818,-0.04395241655465386,-0.08007649786487124,-0.012912339814962225,0.18450132299389588,-0.0375303039157798,0.05587125143332736,0.5014088423954552,-0.059882351281581064,0.43208033484945274,0.41360315825747695,0.017943142498433165,0.39843739609006434,0.412880902336248,0.346680826966908,0.3227915675009018,0.39611747137879544,0.21160204182393802,0.3827839499579826,-0.22486301521694882,0.03323546066990043,-0.07056464533082908,-0.15993091815574853
#52,0.49636997882000633,0.4900091289601651,0.22139521948801244,0.2900183989859398,0.2934861947148762,0.155846464190495,0.2760295270473154,0.4596235966490872,0.32516550018842333,0.3267454350161117,1.0,0.10580686505865307,0.2388059400712986,0.29902241532536783,-0.03791642064152609,0.1293640157751656,0.2900716008729946,0.26601951138903274,-0.07474502391062084,-0.016196347206800167,-0.11729202394891007,-0.037620585905933424,0.2504241036791926,0.14499086096371994,0.07616938352313375,-0.10983811713685178,-0.09562918284722796,0.1112963324956723,0.10569078821416984,0.161135215417262,0.23200415942026065,0.11140999107256214,0.10253172464799093,-0.06790858142407748,-0.05586560880894275,-0.14253309499962719,0.01718219429570979,-0.20727414892094884,0.17024805379839306,-0.1298710458805819,-0.025890375899545164,-0.12746083917915937,0.03881601618627109,-0.1285079490471018,0.09495609836706481,0.027182536883618855,-0.0020744705505387697,0.07587193660914548,0.057730093123454576,0.19709727279872155,0.07045421111073046,0.14812574185396485,-0.011546018624690915,0.13428519032773573,-0.1832164168126024,0.049330643682376676,-0.19478702115782623,-0.26478055229201386,0.1501691779703883,0.052304306733061544,-0.12057441916235241,-0.0759356176557717,-0.022848195267047275,0.2106266738945998,0.05585835400616255,0.027687148721441773,0.2530148743609224,0.30446432349971686,-0.19585267107731805,0.14012127611980904,0.12056877653796781,0.26287818178520544,-0.23495444588420933,-0.058179084806629276,-0.28934531450577666,-0.10742307390024243,-0.2242318473750713,-0.0362196028801567,0.3098369080030551,0.1664167118412488,-0.1107844658550692,-0.02085151232409622,0.2621881694318885,-0.09740902779597076,-0.09365103995582631,-0.21714874159400108,-0.12765027014064242,-0.21129895228556517,-0.02899865584626267,-0.026500585422279902,0.06719680466241992,0.014133564949629501,0.135607176612128,0.06582403475856621,-0.0362050932745963,0.29737476900506427,0.010091027622661586,0.11857854230859916,0.05095410732674624,-0.0759356176557717,-0.07880690737833596,0.2056716435957221,0.15445918468108089,0.2508013534237631,0.19679821370633768,0.06611100251298307,0.03437365861719428,-0.0701906199430498,0.07822329879912862,0.046383581575219206,-0.07413320220949049
#53,-0.09403070796799019,-0.1663683464893808,-0.10748272450087965,0.0697754840061827,0.23983854033368063,0.23693178268641316,0.08392073724918031,-0.03705551737827549,0.15322828647604,-0.02519794527863481,0.10580686505865307,1.0,0.46148002007162103,0.20831642225370448,-0.14286923419510986,-0.21945818714569862,-0.11735328672794287,-0.23116340838695507,-0.3480527907815639,-0.051363600639228735,-0.3315537570809898,-0.25531545293144414,-0.15509518905814523,-0.03750692732904359,-0.14548338146357584,-0.08381030302908168,-0.15153066262547282,-0.1275680490424668,-0.15876047664054266,-0.06778283150922065,-0.0423805426189435,-0.09906312282985674,-0.11191702117797844,-0.0860673527829222,0.090493588568043,-0.02096678307938165,-0.16469732358234102,0.03006188749816111,-0.141727005801827,-0.06644391735167456,-0.032896903206824354,-0.12283146891619293,-0.06066103344665604,-0.11555167737085947,0.08769887731926976,0.21778797032785663,0.017074178343204568,-0.00335695846423886,-0.13524524256231574,0.014870330476418869,0.09240966259121403,0.04602970841738493,-0.27389580894073834,-0.1699489947060092,-0.19670309518099724,-0.14002051497008403,-0.06368951056279133,0.011528284662339312,-0.028066010644407856,-0.03558924112747696,0.22014658732061995,0.13119303216497422,0.3251703367236102,0.2052718233536132,-0.14861503799702955,-0.1346245538800096,0.26123617808928645,0.05513045546054899,-0.2547495783145884,0.034020591548557806,-0.15706043452238208,0.08586018785908754,0.15089143389161727,0.40014388692180736,0.17863379972310836,0.09080232073080047,0.1271924114762919,0.11944992473142116,0.1266450769109856,-0.1121523992237361,-0.001619836242979467,0.39233288259512356,-0.059768692704691234,0.3517688619834228,0.31370936050928716,0.4587223889259466,0.11758302214931593,0.2592588412870826,-0.08410533167547656,0.2887205953774815,0.12085332602479128,0.08912243084258488,0.17342565741612137,0.0768061939893959,0.07467166979362101,-0.22301384659719523,-0.18911698974049973,-0.015864238457306494,-0.15689921668282203,-0.3098135314163189,-0.1090715263097438,-0.12609451798888807,-0.1946814234729144,0.00980164160065132,-0.08084228260278141,-0.1510026742009137,-0.1359683045727425,0.20056829288444913,0.10937622802651227,-0.11323658919477735,-0.04219272383585606
#54,0.18075058995653165,0.20729671941848726,0.20955779961831678,0.18599420018822183,0.14724710462836266,0.6331705704894776,0.4286617105615822,0.19702472477091953,0.3554260886738422,0.31822587828456156,0.2388059400712986,0.46148002007162103,1.0,0.411089772138736,-0.2789878744032421,-0.27089473885732823,0.10069545345540211,0.050482545146033134,-0.5796857461262376,-0.31270255510123474,-0.3284390284206899,-0.3670055600002418,0.11387823619622629,0.057380250411609296,-0.14670057615225413,-0.10783982201550513,0.02150686284190777,-0.07587274269834328,0.03738440177097797,0.2273199750918438,0.16895105627913257,-0.1421735792174083,0.11508495172533317,-0.1381253992660558,0.04905173681993781,-0.3033164524820494,-0.18829800311553474,-0.3412356944357678,0.031898158690749925,-0.2953007014991244,0.1307255004302501,-0.043337370496732315,0.25279642418831855,-0.2233991572337437,0.4242362808656592,0.07809351843828279,-0.011007551040560393,0.08904343410120047,0.04654802377157044,0.27443911306005564,0.08807693315303805,0.30345671200246666,0.04908962301223442,0.24444856445589988,-0.12502806198019842,0.02035737964584471,0.06465520542175594,-0.14901969477432525,-0.05501599079446136,0.25059338241073065,-0.06413608397837263,-0.031031612803114728,0.3785165137448284,0.47510857013882873,-0.12483863101871538,-0.23548888302235083,0.5464587493929141,0.4969834126995323,-0.44935885680429966,-0.07812818027378819,0.10725621343629779,0.1487480427146666,-0.12069855689881363,0.14416623171437035,-0.052511471656896194,-0.00020595579003794665,-0.09392672246147397,-0.0516545988396346,0.3080643178570925,-0.04886472412604817,0.07312075417705347,0.5183488068872261,0.334013941312676,0.2089024491005052,0.23940244607767072,0.012043375659733627,0.03675000957230922,0.14644504587655147,0.2990320883957414,0.3527305263963984,0.3539130592495713,0.04112949218395762,0.2538330548966896,-0.07867229048230331,0.0953655916795473,-0.08766099112697316,-0.2616609870965272,0.23064106258678055,0.060569139278106816,-0.2012591113269639,0.16124887399415183,0.14609923361069518,-0.03065033261255524,0.23902277806550684,0.17486452663419472,0.003128835221261409,0.19500788959802348,-0.09224118994887379,0.11531146278991501,-0.1646642739252312,-0.053479584783454215
#58,0.1285482535069918,0.10892078762975517,0.16310771568427904,0.17378597928753806,0.167251014160972,0.3593920475270191,0.5917690232012623,0.17009812120760223,0.3903732797552713,0.2863321530843996,0.29902241532536783,0.20831642225370448,0.411089772138736,1.0,-0.09169949800795207,-0.23781203209041096,0.11727267780816286,0.008029051454688718,-0.39528478123746785,-0.2481315860006489,-0.22668800116076845,-0.2889253420337227,0.0613518518891708,0.040877992354243955,0.020957110009008045,-0.10439298460571154,0.011461379258921897,0.14005678898398502,0.18876795311785224,0.17385207860175766,0.18647543543930853,-0.04879459436583955,0.08192647257382266,-0.0883042503068177,-0.007532500508843806,-0.20175082573762199,-0.017943142498433165,-0.2882756341402958,-0.03232296769799062,-0.24818962442289053,0.11856080834624755,0.02980071459807385,0.2115383607773118,-0.020151826900405664,0.20164603414190796,-0.004953821165081022,0.040766752044947535,0.2644677896832674,0.057716389607091974,0.26704405075943677,0.07403485932735887,0.1519538594543179,0.011503295897207505,-0.0004921174552570115,-0.1964749719380198,-0.29412864780552295,0.017818198672774135,-0.12970982804102188,-0.011822507219536378,-0.08495978622514475,-0.05603327536208519,-0.1796825217694464,0.23032991215642967,0.38874497957571497,0.02632163362036826,-0.1532476326167872,0.5101952146514772,0.5771618808479252,-0.3488838687444959,-0.12699411353363307,0.07763969021992129,-0.001744780068638495,-0.03059954899309383,-0.04339460282977613,-0.15448739780300388,-0.11762896923359055,-0.12878282546355166,-0.2370833274555996,0.4109454821723298,-0.09631274648696252,-0.03626393778603571,0.3381209657754679,0.2234902453130951,0.09394687469141898,0.17906908788992046,-0.2508231178321037,-0.19593731044308707,0.03024486974606175,0.1730685599014959,0.16442244716589113,0.24092676075071087,-0.0068940778641860614,0.10492258520866626,-0.09696970918316966,0.0653694004510069,0.045003556868585294,-0.2137276990385371,0.08910872732622228,0.029872456536678065,-0.0060863764879902785,0.03427450964586486,0.1267740511826336,-0.05184322371191984,0.14560107048645468,0.1513742813210996,-0.05947527623669197,0.1548694840827612,-0.10626069327701457,-0.03324352156187843,0.019319136759078075,-0.01823736505563023
#101,-0.06952075981967784,0.03253819351380327,-0.22538133057113435,0.0953349602900309,-0.06013626937888812,-0.49240563214522504,0.005963850929924651,-0.10581895639662006,0.019531138218099525,-0.03634051625982673,-0.03791642064152609,-0.14286923419510986,-0.2789878744032421,-0.09169949800795207,1.0,0.4037462995467763,-0.18352111852937086,-0.3144106581113733,0.5026107213893753,0.21553898146599412,0.616943188848562,0.3381620763245557,0.2432716742271116,0.09029448453618635,0.4479844747220504,0.09969590285012989,-0.1209290984093845,-0.3481946624803768,-0.22037793492038862,0.025352714404612443,-0.41429800714598075,-0.16897523895506658,-0.23688986604812756,-0.06253599692073926,-0.014178705944706311,0.28977254178061074,0.18373392607759012,0.3312498614534191,-0.3536526924386818,0.16575652478825045,0.06856393194188903,0.2803098606876344,0.16344063052297053,0.3964745688934209,-0.07454995032475319,0.1373999189880356,-0.09810145841688112,-0.17230277516358572,-0.2551598777162687,-0.424430548362329,-0.3130878657377832,-0.3795329922232545,-0.26056309360912333,-0.44971998476491415,0.2546778363759842,-0.2111062969672909,0.20726286367217964,0.3258272994198173,-0.21693754622417744,-0.4013570511644966,0.021568125620940584,-0.16765244658147646,0.035904422003816834,-0.01598676401537212,-0.27864286822658363,-0.2602342092164208,-0.04954586949818932,0.007604242447448022,0.4317538687243437,0.14200994311025486,-0.2348956013727699,-0.15559335218238574,0.10757864911541787,-0.22507824103276147,0.13040870737551463,0.05241071050717117,0.01894269310370539,-0.237985341267938,0.11393224417247891,0.02176158702841263,-0.21002533135304088,-0.18777968776134923,0.048225495392192626,0.01801730270463078,0.028093417677133064,-0.034806528516412985,-0.11493743740213573,-0.29029730584837865,-0.09950808406704244,-0.19226960459309625,-0.19847004270257526,-0.03779147681586706,-0.38220840227075326,-0.1880634311589749,-0.2665636215975479,-0.18377584271587571,0.16880192977753952,-0.35972254409811716,-0.31535458856199733,0.04757901185555688,-0.18303343456470175,-0.3850547032281857,-0.24716266678489307,-0.16583390935123926,-0.21885603851494187,-0.17857173085487774,-0.24084131529574404,0.022002607698554884,-0.18706065619691148,-0.1619687116477874,-0.25950389240321386
#102,0.03403751942171161,0.14852072556088694,-0.10324108314205509,-0.01385949462237744,0.08721764206818305,-0.3554857392744794,-0.03564486128212517,-0.1558255058713522,0.017428051501038846,-0.1289690320682435,0.1293640157751656,-0.21945818714569862,-0.27089473885732823,-0.23781203209041096,0.4037462995467763,1.0,-0.19892467701013455,-0.05201411462185348,0.4710499110279048,0.6409227303047219,0.19545043256761577,0.8010410641989589,-0.09745981141543217,0.4145196816753758,-0.025637263891435908,0.479960421020388,-0.28684482581420045,-0.008966533191730332,-0.2286661440521701,0.14515369098167558,-0.48661710561582194,-0.23007760623751822,-0.3629718896544497,0.012105444527964242,-0.06904758546056913,0.33407842844849994,-0.015374136225043982,0.46202090592334494,-0.3130217664235636,0.433224981510329,0.1107820475874758,0.28810635540875773,-0.013806292735322627,0.3680687916521403,-0.17368360595941745,0.16393234493362863,-0.03174419565397009,-0.32259810609342976,-0.20611015611932537,-0.35812084486208823,-0.38634283376627043,-0.32909357284930363,-0.42460466362905386,-0.20244567462612575,-0.0728031550331202,0.28376395290020817,-0.1769950203839806,0.3215808215258059,-0.05015124248573726,0.04538886750513378,-0.07651600187818783,-0.08221424641743733,0.09328023892483822,-0.008232992021732164,-0.2211816058505954,0.048854244966476765,-0.009193044256312182,-0.002490412576603664,0.45631621267051303,0.4591036691165061,-0.0007468416417618692,0.06465036888656914,-0.09045650846494419,-0.14061943924404954,-0.0414978749473523,0.09078216850085546,-0.0732384431999323,-0.04199361980399941,-0.05898759227202286,0.5832938013755912,-0.1488101115828972,-0.13181855738246714,-0.10051811383188607,-0.13798272147804516,-0.07539150744725658,-0.09467799759382374,-0.02126906652855672,-0.41791412328731237,-0.004143701521291838,-0.4066208136261318,-0.29681453701259314,-0.16728164555048838,-0.11119315307835388,-0.02414358060791217,-0.24118067884801792,-0.1125788204093724,0.5356192679500951,-0.3801472321919782,-0.15299774496546914,-0.1293164565124954,-0.4342188894912167,-0.40907616132263114,-0.14682310171031976,-0.2322330887524359,-0.3012488336896919,-0.18699616906108746,-0.4972816657027183,0.06277701759088151,0.09899782960483493,0.06675103733603642,-0.038831331881029295
#201,0.5151712032694978,0.5050789665130395,0.6678485277788414,0.5457582578800257,0.09559774536851376,0.31596882853072106,0.2352639841361646,0.5096559409781489,0.14109019533556486,0.7133466203702771,0.2900716008729946,-0.11735328672794287,0.10069545345540211,0.11727267780816286,-0.18352111852937086,-0.19892467701013455,1.0,0.6467281847072788,-0.03371185938580033,-0.4001632330625545,-0.0020543183205937654,-0.23820298535134404,0.24314189386626578,0.035128964195533054,0.13141148233757807,-0.2539370404032058,0.18558309469734374,0.25059983112431305,0.3643809335722044,0.19983394562525317,0.5422638612075619,0.4795041745344331,0.5264959504093926,0.28366722219647217,0.12396079988231097,-0.17400523554933972,0.08274384702039204,-0.3859430135241615,0.3683017514303045,-0.12117092516872455,-0.19180852157195455,-0.1778599540932202,-0.21644502572432153,-0.33427269594516984,-0.10993887828657681,-0.42091841772751365,-0.058034794840223045,0.17764150392061634,0.28964437359816053,0.28634666268995995,0.41826960862354223,0.4710313709763554,0.4689444060432507,0.46301239563663915,0.010225644518694217,0.032914637169175955,-0.12421955451480483,-0.5688631925565724,0.10605352835317992,-0.11509784915249797,-0.08817285776757627,0.03610110776808008,-0.30339464313423603,-0.12447024825532069,0.4225604214234326,0.2069944359693122,-0.09056452441744942,0.05691433085528079,-0.04625380121437338,-0.13987380673608438,0.46458668783994295,0.3682066329049641,-0.3120568776537968,-0.06342188894912167,-0.46338722711361624,-0.321721887135421,-0.27919423323787895,0.02675289134119136,0.11092472537548642,0.032253644026979805,-0.14545516834165284,-0.13874205750237292,0.15016192316760812,-0.2575088216386584,-0.20625686435332502,-0.24932540410259096,-0.008276520838413374,-0.08763035973745675,0.11775068870245838,-0.1510486212851883,-0.066672040594652,0.002887814551119154,0.18225878284561578,0.10595679764944389,0.1623838475846545,0.707699159450489,0.02952986862761299,0.59468303565131,0.5065718437073654,0.12167876136333866,0.5055980879564228,0.6517162646632663,0.576206665148532,0.5106828986161464,0.4962829211866439,0.33533673368626604,0.4638346066183954,-0.2503757383273246,0.014048925583860483,0.07918093276611524,0.021169111468029495
