,#10,#11,#12,#13,#17,#18,#26,#49,#50,#51,#52,#53,#54,#58,#101,#102,#201,#202,#301,#302,#401,#402,#501,#502,#601,#602,#701,#702,#801,#802,#901,#902,#1001,#1002,#1101,#1102,#1201,#1202,#1301,#1302,#1401,#1402,#1501,#1502,#1601,#1602,#1701,#1702,#1801,#1802,#1901,#1902,#2001,#2002,#2101,#2102,#2201,#2202,#2301,#2302,#2401,#2402,#2501,#2502,#2601,#2602,#2701,#2702,#2801,#2802,#2901,#2902,#3001,#3002,#3101,#3102,#3201,#3202,#3301,#3302,#3401,#3402,#3455,#3501,#3502,#3601,#3602,#3701,#3702,#3801,#3802,#3901,#3902,#4001,#4002,#4101,#4102,#4201,#4202,#4301,#4302,#4401,#4402,#4501,#4502,#4601,#4602,#4701,#4702,#4801,#4802
#10,1.0,0.1606394705606149,0.4908514921718663,0.5857547916964752,0.13482043355507503,0.410294968189705,0.23378964699338806,0.575061212398458,-0.04563794906725404,0.30574842359181253,0.336930372030317,0.0282554416058909,0.24978084449934806,-0.09549859639718433,-0.2494737245149862,-0.0772261664614498,0.2677880710890064,0.2692390316450467,-0.08047389983938673,0.016961325855512542,0.0432470885065787,0.22004502008169713,0.0242870644851206,0.02433139939099961,-0.006682076405164613,-0.012269080635117679,0.3367997855802734,0.4103215691332324,-0.03055037755202802,0.04083688180515615,0.1262944281099425,0.021887336943269456,0.06324535541480343,-0.23434423636147458,-0.030084457995699514,0.05584868093578895,-0.14150936171842096,-0.18644399796059433,-0.2004594708427461,-0.040690979660354315,0.018474355279783486,0.08804388349592825,-0.07124337243537683,-0.12233088752435901,-0.1846012780544231,-0.17196260552211404,0.39492929590123793,0.43415923889057945,0.11764509101754654,0.35541722169266643,0.47738738430100985,0.3501453983390532,0.3300544311730815,0.21308766421548375,0.04436432813472975,0.06818103957293395,-0.09855609272444042,0.04834721486106045,-0.1819170010257485,0.12689818891909485,-0.036365505024958535,0.06500424204440343,-0.0817168893823946,-0.16102478119716337,0.2892727664779746,0.062042670331685555,-0.24082599960098586,-0.06457056605598692,0.01770050964989531,0.0017713810121659011,0.0746079887469948,0.2246824512366416,0.08763922671863256,0.2830247691058254,-0.0017286582846824914,0.06486962514837079,-0.12567535160603197,0.13308814786900244,-0.1681973628791894,-0.15902326171902553,0.18610866485430946,0.15659693323364696,0.3373052035072941,-0.18378390360785374,-0.09165758136966647,0.10616879910846534,-0.04685514375593231,0.21032519653462253,-0.007227798792075337,-0.2568776537967809,-0.019295760172341872,-0.22240686143125168,-0.09830378680552897,-0.09655457324630257,-0.2472642340238159,0.177929277764231,0.21266124302984746,0.1174322834693273,0.3876100059852123,0.3906554109745014,0.3557710948505007,0.0015682465343202553,0.06810365500994513,0.010523091432682484,0.1284281462165196,0.23835936665571728,0.22004985661688395,0.042188693389867055,0.16587905034631606,-0.13470919324577862,-0.15526849823567226
#11,0.1606394705606149,1.0,0.25180009793983754,0.11320434562686534,0.07215425322889105,-0.14026798435380866,0.25326959854742725,-0.12290079258720374,0.14097411849108163,0.3299262629906312,0.21999746081902694,-0.06644794779766355,-0.13334770859069411,0.07000038289236896,-0.05894245127694605,0.05239458872321517,0.01434879076544215,0.19326431866318167,0.030344018717391175,0.14107810399759785,-0.03336765929833966,-0.1037481132474714,0.004144507610489638,-0.024040401190593745,-0.07095640468095997,-0.1059858168605647,-0.019576279213176333,0.08893461205949744,-0.10615348341370714,-0.137253210754036,-0.11504867771143217,-0.19091698691918754,0.038661247060293454,0.03040931194241299,-0.20236667788474133,-0.10121376880958763,-0.07400745229463367,-0.023077930688420328,-0.055139322441724786,0.020639510865074776,0.006460401875769563,-0.031104966920114545,-0.20423599873443996,-0.06626254728216951,-0.10807923050725178,-0.11399189477311612,0.03520715484771968,0.02159795092125919,-0.04178806705856036,-0.10215769926021163,-0.0348774643658194,0.07606701019501313,-0.0038752738184243776,-0.0750344099326311,-0.17812354526090085,-0.26202936985992187,-0.08671141805196454,-0.09142059114551321,-0.03500482645907183,-0.012083680119623637,0.2074216632441463,0.22097927746194757,0.05349490047821242,0.06948126144898564,0.10099451254778598,0.030717238015972658,0.0856215854565387,0.06777799497403385,0.11102629261440924,0.1656444783897562,0.22530878254333234,0.29377396855849086,-0.09684960189269744,-0.17919644998317288,0.0873836964429299,0.05735284337888409,-0.03978412931282911,-0.07989270952777279,-0.17855641516011955,-0.09795797453967268,-0.09147621130016143,-0.009381669128597425,0.028851141523065234,0.2300937280214742,0.1301233517994934,0.25602884187149727,0.18417888731477583,-0.04658671605306485,-0.03386662851177797,-0.004659598607883955,-0.08715154275396345,-0.0003099412965541702,-0.09975152300477809,-0.05230833717905055,-0.10179415303200376,0.05866032005771599,0.0675579326230344,0.02529790033916203,0.1783444137010981,-0.08443099171138782,0.04075627288537613,0.039343198521632414,-0.1037803568153834,0.03422775647239245,0.06899760793030553,0.07005116651183037,0.033178228336856616,0.09683751055473043,-0.03837105494908539,-0.15331776237699582,-0.12123621839374636
#12,0.4908514921718663,0.25180009793983754,1.0,0.531270416727963,0.09989581297118433,0.08110667985965987,0.21620722941097048,-0.06336949315126465,-0.46164204400037884,0.5162287922970116,0.373943569725708,-0.2738176182885517,-0.24295729943996952,-0.3412236030978008,-0.5077035929410769,-0.18317772453110798,0.6118736938835967,0.8387265402853152,-0.5007301152909075,-0.3659407161699478,-0.18152765994321102,0.13006853773404295,0.4418549724619778,0.3663260268064963,0.1373120552654754,-0.2397877567142192,0.5339022979587806,0.6156719861836312,-0.48316059513565474,-0.5026744024360016,0.24844434860939538,-0.09392994681826518,0.4573778321440159,-0.1951376699588693,-0.3232994036955159,-0.2524296536033195,-0.398608286999998,-0.5056714420734226,-0.09464333575831833,0.164685232244374,-0.11426999554635718,-0.21303285015003334,-0.22794146986334773,-0.49648363739689616,-0.09952259367260284,-0.1443500200514688,0.28495132228856784,0.42491823232699816,0.4229352529004097,0.4027298210683503,0.5253891899408129,0.6140025754549869,0.6752073160655593,0.4872845474716005,-0.0017117304115286877,-0.12997664356549374,-0.1664787807094794,-0.3727086410746781,0.03298637910778017,0.4776928921069761,0.041045658907386394,0.39289392067679246,-0.46604973973395025,-0.28522942306180893,0.5228185714890281,0.10965191053215993,-0.42820546407562726,0.05792436062012442,-0.3682203364213267,-0.37157205530577986,0.2114238961112242,0.23652793199831526,-0.30782329718695023,-0.015516007923856814,-0.42372038377906707,-0.032601874560429484,0.01417145114192611,0.38167799557860077,-0.245065222692217,-0.4542969592300236,-0.22658562783264782,-0.0688525118747015,0.13410865679341746,0.12658623239954617,-0.42880841879558185,-0.02176803574199503,0.12302331814526936,0.19169566908426253,-0.04553880009592461,-0.05655078462707291,-0.10921178583016104,-0.19490632235910066,-0.0375383648077578,0.10608819018868533,-0.1178522559413812,0.5260235821394816,0.3716534703147577,0.7027860457898969,0.8526436702853354,0.5028646394866824,0.6302855772505507,0.5074254921678358,0.3641786051835566,0.47846673773686427,0.42810228465830885,0.5193693158116411,0.40783075351202985,0.03176354179471729,0.3494553859857363,0.03439219866874369,0.049884426961265396
#13,0.5857547916964752,0.11320434562686534,0.531270416727963,1.0,0.15251570362518466,0.21217194688678276,0.11441831595875242,0.1413425012544763,-0.25442714263546834,0.5127053764134271,0.23031217819407807,-0.02057986026443756,-0.05030117507652809,-0.29378283553966666,-0.42446279193024106,-0.1929257612001056,0.25361863517007477,0.2804154583725462,-0.208879072513769,-0.07518756688021314,-0.28755821475425364,0.10402218357472347,0.12570114646036157,0.13794080483975954,-0.05219709686975412,0.040187980000927,0.5186655999419616,0.5763888413072349,-0.16277963738077436,-0.08468894025468388,0.11234344236361475,0.07422348419964411,0.1982185428728616,-0.039786547580422514,-0.01805760716452079,0.014570465294837201,-0.02180995238028064,-0.14532216362401582,-0.045309870763749364,0.2163079905606955,-0.006990002478724283,0.09632967436011632,-0.07145617998359609,-0.1722366758493661,-0.23804257360098183,-0.16260149166806054,0.5503948829457723,0.6325144138824682,0.33708352897789906,0.34104384520669134,0.5242195545148048,0.42974187008663445,0.4203855927677677,0.2505224465613242,0.02344631345181501,0.10327977542354949,-0.10834604603172364,-0.025934710805424175,0.05144179129141535,0.3239829673352505,0.027915271964419223,0.1672719724801148,-0.1125747899633834,-0.16678348242624788,0.45807912974610204,0.16670771004165466,-0.29064231202503715,-0.13097216372477696,-0.2070726266214988,-0.11348970120288661,-0.07399697313506226,0.11665118303665892,-0.28240004997753027,0.11399108868391832,-0.06281651596157373,0.044622276678025805,-0.07220745511594585,0.16811111133502477,-0.23318991663022473,-0.2021683799420825,-0.05615902527694202,-0.03395932876952499,0.32221924417046366,-0.00503201181726764,-0.17648395983257528,0.01637852336550301,-0.01447857112628798,0.08753927165810532,0.07686503850083531,-0.18624570001793547,0.061891931651696916,-0.1325037332005973,-0.1138911336233911,-0.006085570398792478,-0.20417634813380275,0.10211981306791502,0.22898132492850998,0.33189715107925266,0.5055110303230604,0.42712691672897063,0.531290568957908,0.15072215516007925,0.14270801635554983,0.19311196780479745,0.28925180815883184,0.2962325406117814,0.34511782001237346,0.03862900349238145,0.2649611162723211,-0.09085229826106407,-0.025094765861316384
#17,0.13482043355507503,0.07215425322889105,0.09989581297118433,0.15251570362518466,1.0,0.20986088915668963,-0.13974805682122754,0.07147794439193669,0.13405787317395607,-0.0185517398427723,0.0984319549879792,0.24443405485033948,0.13409978981224166,0.008818212779335097,-0.404720055297719,-0.3179235948353865,-0.055132873728142386,0.08893461205949744,-0.2614272212291651,-0.17368199378102184,-0.4580662323189372,0.027351815615156896,-0.005090856328707053,0.1915328390663069,-0.16838356948388125,-0.08272450087964484,0.16875759487166053,0.3283834082660417,-0.034975001158753224,0.03785435177329547,0.20711051281379542,0.11043865358921291,0.07528913411913596,0.15200061262779033,-0.04068775530356312,-0.10908522982610641,-0.0410448528181886,-0.10893368505691997,0.011421074799031887,0.11817066117451226,-0.010548080197814289,0.0816959310632518,0.23289891842981886,0.017435306303819047,0.11641096845571447,0.12788000556201545,0.19575352210598865,0.29596653117650734,0.21319568016798898,0.3224465613242433,0.3462624666732497,0.297214357254702,0.19412764019402567,0.15485175012040958,-0.30470453808066134,-0.12255175596455625,-0.29025619529929086,-0.02022437492820768,0.09365748866940872,0.2742464577417814,-0.24258166187379465,-0.11128101680091411,-0.013898992993069648,-0.024435384897515833,0.14118773212849867,-0.0905000372816254,-0.03160151786595946,-0.0401903982685204,-0.28284420512551817,-0.127607547413159,-0.1386872434369225,-0.03324674591866963,-0.25308903456712,0.10226410303432126,-0.19282016351519377,-0.024208067743736184,-0.2087968514155934,0.03656380296761738,-0.07300064688658124,0.05898759227202286,0.1448006239130391,0.34542090955074634,-0.00851754150855563,0.05645808436932589,0.26067433391841976,-0.014588199257188805,0.06281570987237593,0.15219729839205356,0.08405777241280633,0.2558885823510801,0.3986227966055584,0.14740832246792268,0.3835981000477608,-0.014687348228518226,0.028881772912581642,-0.008627169639456454,0.13036759682642682,0.1501143639049379,0.13617466340737935,0.24488304653351417,0.30224999647335976,0.2423551508092128,0.1545139987465313,0.03582220090564121,0.10821465349248222,0.06529524024480929,0.1744735733732616,-0.1959510139594497,0.060331342964755764,-0.14772592161185596,-0.07432666361696254
#18,0.410294968189705,-0.14026798435380866,0.08110667985965987,0.21217194688678276,0.20986088915668963,1.0,0.14643779107377128,0.5280670182559051,0.18797879179320587,0.07295469980230662,0.03860885126243645,0.16138429697938225,0.681279585992588,0.18572657857455216,-0.17935283128754612,-0.1835719021488323,0.11783290980063399,-0.05823389887207969,-0.11216771491849431,-0.11683900181974637,-0.22262289333626212,-0.008792417925005491,-0.16919127086007701,0.018963651422848195,-0.32252475197642994,-0.025856520153237555,-0.03983974946747732,0.13546772318090858,0.36217627961622095,0.45552140872148206,0.4123198642545791,0.11135195265032052,-0.10492177911946847,-0.18162197237935362,0.33715527091650327,0.19746565556211623,-0.02096033436579925,-0.018425989927915474,-0.19492002587546325,-0.14853120472045833,0.2021998174207967,0.10611398504301493,0.41068430927224253,0.01903539336145241,-0.0406240742569369,-0.07348591258365694,0.06387652325668097,0.1522940290957896,0.0013207771505955991,0.2897644808886327,0.23282233995602783,0.16719378182792816,0.08763600236184135,0.03618252277705789,-0.1346866227482402,0.012107862795557643,-0.05414299619324376,0.06456250516400892,-0.13623995663240115,0.011679023342327946,-0.009097119641773961,-0.057798610705267595,0.13164363602654452,0.22579969086479265,0.0777162686937123,0.1413191246677401,0.016475254069239033,0.19386727338313622,-0.03735296429226376,-0.09918242403113116,-0.032815488197846535,-0.06640925551616914,0.23042744894936348,0.5989327379021125,0.09946374916116343,0.2022256122751263,0.023812277947616294,0.08924576248984832,0.27567001126509655,0.17315964798084732,0.6557902394689484,0.460632820324733,0.420888592427195,-0.47027848366561004,0.01284785267913821,0.22617371625257193,0.10442764644121695,0.4122642440999309,-0.016347891975986604,0.014638982876650216,0.2345143211822104,0.020034943966724637,0.11708485902507541,0.011140555758197423,-0.17697889860002458,0.010870515876934363,0.0485680833012577,-0.051499829713656964,0.04255465788566834,0.13947559867237108,0.030988083986433518,0.15928362852991498,0.09162211344496325,-0.25129951654800364,-0.17332086582040734,-0.23015821515729823,-0.1426765788768356,0.08314447335169874,0.23292068283815945,-0.11247241663526278,-0.17843066524526272
#26,0.23378964699338806,0.25326959854742725,0.21620722941097048,0.11441831595875242,-0.13974805682122754,0.14643779107377128,1.0,0.3134933286042767,0.2467443064912348,0.34411746331790344,0.2530511483748234,0.07162142826914512,0.2570525751527035,0.3417733559307005,0.1001948720635682,-0.007936351196941697,0.2521217275297598,0.16675123885833587,0.03476138752133617,-0.05264125201774202,0.1099275930378076,-0.056125975619832215,0.06967552894565548,-0.03951005898557705,0.10520068598190732,-0.19888437255024455,0.2136599875459219,0.16316091757133386,0.12248323838274325,0.0055309810307059525,0.17543362560784165,-0.08104380490223145,-0.07215022278290205,-0.28327385066794564,-0.07039697877768665,-0.03920132682281958,0.025187466119063404,-0.1947362375383648,-0.05103632842492186,-0.1381133079280888,0.08382158827785088,-0.09369859921849652,-0.12228655261848,-0.061642044000378864,0.09614911037980908,-0.10865880864047012,0.029566948730711796,0.10027306271575481,0.018550127664376703,-0.03324835809706523,0.05006499094157264,0.017907674573729958,0.13535406460401875,0.06190160472207052,0.06593769333545603,-0.16793135344391533,-0.1616083897763707,-0.25492208140291767,-0.09575332058368918,-0.028540797181912166,-0.1413159003109489,-0.08604075183939479,-0.09921869804503217,-0.09755412385157479,0.27213369795434716,0.1907436777416605,0.1443322860891172,0.4918389514391715,0.0812525820044617,-0.09943392386084482,0.3320495019376369,0.3262416292674866,0.1698724162322182,0.11970706718551942,-0.07839983233344686,-0.06613921563490609,-0.16319316113924587,-0.08000233765867362,0.1961025587286361,-0.10577139713394985,0.06295355112519976,-0.12693688120058924,0.21223159748741996,-0.10116862781451082,-0.1482885718719205,0.004742625795257374,-0.19766153523718166,0.006215350759638308,-0.012489142986117129,-0.19305070502576463,-0.12647982862543655,-0.18491081630637837,-0.14066054979313736,-0.04439012298905935,-0.09723330035085033,0.25326556810143824,0.01465671683900182,-0.03698135717207788,0.12016250758227652,-0.006915036183328866,-0.026563460379708317,0.03976478317208191,0.05400193058362873,-0.16366311114156337,-0.17997432605905006,-0.08117600353067068,-0.06428279221237226,-0.15305820165530418,-0.01995917158213142,-0.17562869919370927,-0.2622373408729543
#49,0.575061212398458,-0.12290079258720374,-0.06336949315126465,0.1413425012544763,0.07147794439193669,0.5280670182559051,0.3134933286042767,1.0,0.4189813853851998,0.09361799029871651,0.16034847236020902,0.3147983870155152,0.6922206346743299,0.2539902422902606,0.07965813757121294,-0.14055737037581895,0.09331490076034364,-0.22087287368783792,0.14897455377924845,0.10898608085477698,0.20277858946481722,-0.02807890807157266,-0.2118672451700143,-0.19640806653460238,-0.13199267264919198,-0.12511189525676963,-0.00710930367999871,-0.07112407123410242,0.4317450017431679,0.37594670138224145,0.18925321881492796,0.0940202288084188,-0.3023031983604146,-0.33253396154551484,0.22992928582512298,0.233471241760257,0.03916021627373177,-0.02701406424127862,-0.18053697631911458,-0.2705860066945708,0.22543050201220016,0.20335897368723335,0.17252444969298078,0.12954457975547284,-0.11886067352782922,-0.2635004826459072,0.15195547163271353,0.07336661138238251,-0.06853733099836162,0.09684557144670844,0.17939958446101853,0.012394024460776707,0.03364253571478952,-0.03298637910778017,0.15839370605554356,0.03181916194936551,0.08394814428190552,0.061649298803159065,-0.20915475501941666,-0.17224634891973972,-0.0759420663693541,-0.22830179173476442,0.11967804797439861,-0.09001396549535189,-0.0003010743153783682,0.017943142498433165,0.0437154263305006,-0.010496490489155078,0.21516576216741262,0.04138179810286907,0.05990895222510847,0.10077767455357772,0.44130521962907804,0.48952950588747396,0.23760889761256532,0.07745025925843824,-0.07400342184864467,-0.043106828986161465,0.1439276293118215,0.011956318026371208,0.4972236272804767,0.1394893021887337,0.2635730306737092,-0.4090632638954664,0.09564449854198616,0.22110422128760657,-0.16661178542711644,0.1783976155881529,-0.011558109962657917,-0.2821235613826848,0.09928076691326279,-0.015660297890263047,-0.06517593904353486,-0.0675305255903092,-0.16342853918500352,-0.0957871763299968,-0.15664691076391057,-0.2795698708040538,-0.15383043510679675,0.053617426036278046,-0.06918542671339296,-0.28133923659322524,-0.09054437218750441,-0.4194948642041985,-0.23153340332874534,-0.22975114011240913,-0.08638656410525107,0.02106593205071107,-0.017089494037962772,-0.0648591459887994,-0.17065754711087555
#50,-0.04563794906725404,0.14097411849108163,-0.46164204400037884,-0.25442714263546834,0.13405787317395607,0.18797879179320587,0.2467443064912348,0.4189813853851998,1.0,-0.12957198678819803,0.04579916690681407,0.2532034992332077,0.47085080699604814,0.48502024291497975,0.24823234715037393,0.006905363112955264,-0.24096867738899647,-0.3883830455259027,0.20145740926962272,0.1890073616095989,0.16192518283110618,-0.05543676935571305,-0.2291675315332018,-0.07522061653732294,-0.13616499033700574,-0.074619273995764,-0.27658250423700637,-0.23860522386104635,0.3201556558240952,0.24186585466614807,0.06867597834038326,-0.0922879431223462,-0.35654091003439986,-0.22141053518277065,0.06127527341537978,0.08204174332910809,0.11464402093413646,0.028462606529725546,-0.09941618989849321,-0.20534275920301961,-0.004184812070379648,0.017045965221281562,0.15546357182153991,0.24454207080284468,-0.07557771405194842,-0.08046503285821092,-0.12351261428833407,-0.2463049878784337,-0.23467150857578145,-0.11839394788230291,-0.195618905209956,-0.22674362131541664,-0.3150684268967783,-0.2375073303736425,-0.029870844358282467,-0.1646820078875828,-0.10320883957414308,0.11674227111601035,-0.20146466407240293,-0.32747817009691205,-0.20570146889604068,-0.3531142248545513,0.19327479782275309,0.15075762308478244,-0.1911620380353188,0.03302587747847238,0.4202751585476691,0.13047641886812986,0.22809704507852316,0.11711065387940503,0.09659326552779698,0.03496452199918182,0.27604887318806265,0.28195589482954236,0.26168678195085676,0.16913242634863762,-0.21444511842457928,-0.3363677217702525,0.1717723684714332,0.1832148046342068,0.41606173031076754,0.06455283209363533,0.11709372600625122,-0.22013852642864196,0.29380863039399624,0.13809073743055036,-0.05920765462302231,-0.1311357998319304,-0.0901139205558791,0.033532907583888695,0.18920082301707095,0.0662270793574663,0.13880009592461454,-0.07714716972006537,-0.056393597233501874,-0.16049840495099985,-0.11545252839953005,-0.485325750720946,-0.48249395936907397,-0.3270525550004736,-0.4387410498908757,-0.21823293156504234,-0.23013564465975983,-0.4427972907342062,-0.30042098008355117,-0.4932133335214208,-0.3769212632223819,-0.15173460319251628,-0.19674178746249166,-0.14724146200397806,-0.3134304536468483
#51,0.30574842359181253,0.3299262629906312,0.5162287922970116,0.5127053764134271,-0.0185517398427723,0.07295469980230662,0.34411746331790344,0.09361799029871651,-0.12957198678819803,1.0,0.3997755041584127,-0.14735270231327446,-0.03166519891258567,-0.10337731221648332,-0.15780203658435824,-0.02671016861370795,0.5203954673604407,0.4482093736082366,-0.11766121280150255,-0.2145208908091725,-0.11904688013252106,0.013528998051279365,0.3346104473190481,0.2732855994180036,0.18656571742946215,-0.06249004983646465,0.42367846714078145,0.3265858293549473,-0.046613316996592255,-0.23211136928356807,0.3186394020430331,0.019976905544483024,0.3143373039943735,-0.0926934059888397,-0.004541103495807329,-0.05240264961519317,-0.013034865373027853,-0.25624890422249674,0.09457320599810973,0.15994300949371554,0.17234388571267353,0.03959066790535707,-0.11585718517682574,-0.2861789961368175,-0.12491198513571519,-0.2304508255360997,0.2905923344947735,0.2716508505248648,0.2796150117991306,0.05810492460043166,0.27041753405223057,0.23859232643388154,0.4120288660541732,0.28515526285561127,0.09528095231377828,-0.043725905490072006,-0.11693573252348238,-0.4283191226525171,0.07782831509220653,0.33398814645834635,-0.08928284259294712,0.06214343148141058,-0.22389328991199522,-0.2621889755210863,0.3960715242945208,0.02432978721260401,-0.06331790344260545,-0.0110341519840878,-0.16050646584297784,-0.30020656035693627,0.08574733537139552,0.10867170606763492,-0.2578320634069763,-0.06820683442726355,-0.2572661887901206,-0.17936975916069992,-0.1483151728154479,0.02053713753695415,0.06430294444231727,-0.16457721629186878,-0.2070460256779714,-0.2729099618518287,0.20582157618651292,-0.063174419565397,-0.42619265934872025,-0.08510891272673778,-0.1377570165026611,0.19136517251316446,-0.02304568712050832,-0.22809785116772097,-0.07515693549069673,-0.214119458388668,-0.2383295413553987,0.09468767066419735,-0.05929390616718693,0.35563405968687467,0.255695120943608,0.28367608917764797,0.4702277000461486,0.2944478591278518,0.3742861576347731,0.2233411188115021,0.27392321597346353,0.10010217180582118,0.17905054783837104,0.22730304721869,0.33437587536248825,-0.1107957511038384,0.05790662665777282,0.014144044109200903,0.05867724793086979
#52,0.336930372030317,0.21999746081902694,0.373943569725708,0.23031217819407807,0.0984319549879792,0.03860885126243645,0.2530511483748234,0.16034847236020902,0.04579916690681407,0.3997755041584127,1.0,0.1586169927633342,0.06563863424307216,-0.055996195258986387,-0.17953500744624895,-0.12490311815453939,0.24583987441130298,0.23861973346660675,-0.1249321373656602,-0.21954685695745663,0.007801734300909067,0.13482365791186623,0.17428736676856976,0.24493060579618436,0.15132188552324258,-0.11337604262599678,0.1590071399350695,0.190350306213134,-0.22567152268234242,-0.26987261775451765,-0.019590788818736736,0.058958573060902054,0.30119563180263714,-0.03626232560764012,-0.0909715994623385,-0.008448217837544814,-0.08824540579537829,-0.2887286562694595,0.12827579535813535,0.1761067100880048,-0.17734808745261707,-0.05136198846083313,-0.22708137268929493,-0.2172309626921767,-0.31364729164105654,-0.09506492040876784,0.11782807326544718,0.188611571813479,-0.013265406883598705,0.10441958554923896,0.18043137863420278,0.2625944383875798,0.24385286453872554,0.2517202951092553,0.10555697740733501,-0.033514367532339294,-0.17460335373410746,-0.14773398250383396,0.04641179469714221,0.14694320900079197,-0.03984700427025752,0.12256868383771007,-0.275119452342999,-0.3542201792339331,0.16411855153832047,-0.07381318479796382,-0.2428525078442555,-0.10589311660281768,-0.07316025254774568,-0.11175660942761621,0.19754223403590723,0.08346932729841221,0.12500629757185783,-0.07302886000850424,-0.09594436372356784,0.04516719297573873,0.10171112584463034,0.26112574386918785,-0.2481880122444949,-0.22576744729688064,-0.10450503100420577,-0.13015075883221858,0.23806514409852023,0.1762018286133452,-0.014073108259794487,0.13188626887508237,0.04698411802758034,0.032591395400858085,-0.15681941385223983,-0.18735729702170192,0.0035568685852933055,-0.20461566674660384,-0.05016978253728666,0.14509807082702736,-0.030129598990776326,0.22858553513239008,0.19841603472632263,0.14849654288495293,0.2924745527716369,0.2807822289575453,0.3638650364856123,-0.07742204613651524,0.2013768003498427,0.2500758731457429,0.20724351753143244,0.38225999197941246,0.38949464252966914,0.07249845331635173,0.1271891871195007,0.04334059485352352,0.07206961386312202
#53,0.0282554416058909,-0.06644794779766355,-0.2738176182885517,-0.02057986026443756,0.24443405485033948,0.16138429697938225,0.07162142826914512,0.3147983870155152,0.2532034992332077,-0.14735270231327446,0.1586169927633342,1.0,0.5930112066550725,0.1822918325027256,0.14583161199702552,-0.45500389945649433,-0.3913446172386205,-0.3907972826733142,0.24067526092099722,0.17107993785052286,-0.057548723053949535,-0.36488876976681855,-0.4044500154164559,-0.3671224429339229,-0.3732712913347426,-0.14908660017774267,-0.21082497183725865,-0.13582482069553406,0.3667435810109568,0.4486212851883125,-0.29910947295873025,0.0719906171217376,-0.23933392849585772,0.04078690427489254,0.05767044252281736,0.05047045380806613,0.14509081602424717,0.17761893342307794,-0.10086312000854454,-0.210573472007545,0.08701208932274401,0.2882280748776256,0.11640532583132987,0.3553994877303148,-0.06301723217182598,-0.008458696997116216,0.03042785199396239,0.16756538894811404,-0.2604091305723435,-0.13564183844763342,0.09564369245278836,0.064905093073074,-0.2980809031423372,-0.40857557993079724,-0.23611198997225039,-0.32917418176908364,0.04418376415442251,0.01743772457141245,-0.14642650582500208,-0.28363417253936235,-0.028888221626164043,-0.1846206241951703,0.42984988603913965,0.04189447083266999,-0.09335762348782704,-0.0940653698034956,0.00975891887316791,-0.0971293148443341,0.2052879451375692,0.19881182452244253,0.08330810945885217,0.016411573022612817,0.16297874141263102,-0.02531079776632683,0.3151264653190199,-0.09030738196335115,-0.025176986959492,-0.17252283751458516,-0.025112499823667988,0.12502806198019842,0.3073041757435669,0.4287044332890656,-0.0666623675242784,0.39497363080711695,0.5870534013941313,0.4733641931147891,-0.01602787456445993,0.1341368699153405,0.1730790390610673,0.10529419232885215,0.261028207076254,0.259983515475905,0.06288180918659554,-0.1598720736443091,-0.12422842149598064,-0.49911148818172474,-0.5388573282576583,-0.28062181720718304,-0.2026979805450372,0.14632332640768364,0.007343875636558563,-0.3776660896411492,-0.2153914671427967,0.07431699054658893,0.08864200168069598,0.06914592834270077,0.015742518988438665,-0.00044294601419120035,-0.051675557158777405,-0.2512769460504652,-0.23565332521870208
#54,0.24978084449934806,-0.13334770859069411,-0.24295729943996952,-0.05030117507652809,0.13409978981224166,0.681279585992588,0.2570525751527035,0.6922206346743299,0.47085080699604814,-0.03166519891258567,0.06563863424307216,0.5930112066550725,1.0,0.35993535164633644,0.146172587727695,-0.258293146428118,-0.14323761695850454,-0.36571501119456373,0.17074218647664458,0.01656150561340365,0.011324344095295865,-0.1885890013159406,-0.34054084554726405,-0.24560691463313872,-0.30484963413626537,-0.10269133030915537,-0.18908958270777454,-0.15423025534890564,0.6070137821100594,0.5834727531775029,0.20559264685433767,0.08385060748897169,-0.32798923064831736,-0.23338821457288356,0.2675655904704135,0.17254702019051918,0.0883332695179385,0.12382457080788274,-0.18389675609554576,-0.2785840237151442,0.22144680919667165,0.18755881932115198,0.2840194831759108,0.23926218655725348,-0.08451240672036564,-0.12868931911660686,-0.016790434945578903,0.0220807983507415,-0.17251880706859618,0.04221932477938346,0.08939085854545235,-0.008591701714753246,-0.16977246117169095,-0.25042490976839044,-0.0662359463386421,-0.11867446692313738,0.025940353429808775,0.02039607192733912,-0.24559079284918273,-0.2943325883725664,-0.11105450573633226,-0.2782801280875735,0.35215981524435586,0.20645355011758826,-0.05715132107943405,0.09207432948492915,0.15255842635266806,0.14753487847197733,0.182274098540374,0.062160359354564376,-0.03507898666526944,-0.07557448969515722,0.4062105142244515,0.45410511000094717,0.27242389006555523,0.05156512293867878,-0.016637277997996868,-0.12059940792748422,0.26645721782343823,0.20729349506169606,0.7509756702127874,0.4202751585476691,0.1796712365206772,-0.24598819482369821,0.35587266208942353,0.39093593001533583,-0.061161614838489954,0.3294280998663907,0.03055360190881922,-0.055594762838481894,0.18096662186154208,0.10605675270997113,0.04114722614630922,-0.13845750801554946,-0.19927855016796883,-0.20139856475818332,-0.2694034738413979,-0.3096120091168688,-0.269754122642441,0.05002307430328703,-0.17184249823164183,-0.13038371861038284,-0.12283630545137972,-0.36972611104281744,-0.27443588870326446,-0.30482867581712253,-0.23594271124071234,-0.032272184078529206,-0.03430594712457907,-0.18420790652589664,-0.2658300804275497
#58,-0.09549859639718433,0.07000038289236896,-0.3412236030978008,-0.29378283553966666,0.008818212779335097,0.18572657857455216,0.3417733559307005,0.2539902422902606,0.48502024291497975,-0.10337731221648332,-0.055996195258986387,0.1822918325027256,0.35993535164633644,1.0,0.2286210030570933,0.11313744022344792,-0.20985202217551382,-0.3824204037297747,0.1505157963254424,0.18695828286879085,0.0437009167249402,-0.09174705727062228,-0.27574820191728316,-0.21411139749669,-0.2852423204889737,-0.1585444447355322,-0.2879161183580769,-0.2616545383829448,0.3304308748284541,0.22098169572954096,0.05029311418455009,-0.22052867360037726,-0.2958673822051779,-0.1707462169226336,0.05483623290335192,-0.0010805625696511448,0.08490255389210093,0.07043808932677445,-0.15219488012446017,-0.2948887899190485,0.016272925680591185,2.539180973070575e-05,0.24696356275303644,0.22128236700032042,0.13706619806014633,0.11049911027904792,-0.06821811967603275,-0.24570203315847916,-0.12330867372129063,-0.18555971811060754,-0.12701104140678687,-0.2494430931254698,-0.3027804031655123,-0.29551350904734364,-0.1368727366526743,-0.20123976518621667,0.0697617804898201,0.15915949079345376,-0.17727634551401286,-0.27759011573425657,0.09105301447131632,-0.00038974412713638825,0.28547205591034674,0.1880924503700957,-0.2913984236925737,-0.0799048008657398,0.6050372513970533,0.40818301449146854,0.18658183921341817,0.14627334887742002,0.05986784167602066,-0.08721119335460065,0.26454920469224524,0.19083073537502293,0.32077473232800574,0.23967248595893378,0.029674964683217023,-0.09203966764942374,0.22675732483177927,0.2278084651457107,0.21918411681844654,0.031715982532047084,0.1465159817259579,-0.2623018280087783,0.1413086455081687,0.15953915880561764,0.015124248573725926,-0.1218343365785141,-0.12284920287854452,-0.007203616116141331,0.09456675728452732,0.13632217773057678,0.04557346193143002,-0.09635627530364373,-0.10916342047829303,-0.20238199357949954,-0.24948662194215102,-0.3611106296967291,-0.3301793749987405,-0.2957633966986617,-0.3761828855171969,-0.12763817880267542,-0.22356279334089713,-0.2884110571255262,-0.25497770155756583,-0.437666532990208,-0.33720524844676686,0.06222081604439939,0.04156236208317631,-0.13985365450613937,-0.22884993238926854
#101,-0.2494737245149862,-0.05894245127694605,-0.5077035929410769,-0.42446279193024106,-0.404720055297719,-0.17935283128754612,0.1001948720635682,0.07965813757121294,0.24823234715037393,-0.15780203658435824,-0.17953500744624895,0.14583161199702552,0.146172587727695,0.2286210030570933,1.0,0.421614878794413,-0.04677453483615229,-0.37551624975061615,0.81567238922823,0.4962877577218307,0.6621494771503941,-0.32795295663441637,-0.23865197703451876,-0.4709870360704764,0.1345890859553064,0.06210635137831177,-0.38123545260900843,-0.7233058524090983,0.48322669444987437,0.24204641864645532,-0.32684539007663893,-0.11586766433639714,-0.47263629456917555,-0.08028608105629928,0.30318344776441236,0.19899641894873876,0.36700475391104403,0.4429206223814696,-0.04496244631949749,-0.42941943440751434,0.27995518144060233,0.3078781112524006,-0.09333424690109084,0.5284813481035744,-0.11684303226573536,-0.2980220586308978,-0.14910917067528107,-0.4750706839465321,-0.46339125755960525,-0.6783260751718482,-0.5250603055481105,-0.5791803281992168,-0.5665835723051934,-0.4379486642094381,0.2675760696299849,-0.06546048853035832,0.18823593424730414,-0.10769875640589009,-0.2596127144449169,-0.6160323080550478,-0.1615753401192609,-0.3647485102464013,0.25752736169020785,0.05971790908522982,-0.4187258551094971,0.05399790013763973,0.1889557719009397,0.06234656595925622,0.7689264705585996,0.5035619066427796,0.3064513333722943,0.22867098058735688,0.40639913909673675,-0.20284952531422365,0.2856252128579288,-0.22046579864294882,-0.1400503402704026,-0.4502777984897919,0.4345663139354685,0.30009612613683767,-0.028331213990484116,-0.3040370962248828,-0.13128815069031463,0.010677860558660119,0.1643120129457925,-0.1104064100213009,-0.3593896292594257,-0.18026774252704933,-0.04732025722306302,-0.16573153602311863,-0.34140013663211904,-0.1941864847054651,-0.49909456030857097,-0.3223506367097051,-0.11449247616495004,-0.2313165653345371,-0.43830737390245916,-0.6159242921025426,-0.6317381499849866,-0.4163672381167338,-0.658369724901909,-0.4413890529056493,-0.4111244339742414,-0.3244279285724362,-0.2684353607148399,-0.3449775604919562,-0.3933098627028574,-0.2371445902346324,-0.2917224715500894,-0.03434544549527128,-0.058528121429276755
#102,-0.0772261664614498,0.05239458872321517,-0.18317772453110798,-0.1929257612001056,-0.3179235948353865,-0.1835719021488323,-0.007936351196941697,-0.14055737037581895,0.006905363112955264,-0.02671016861370795,-0.12490311815453939,-0.45500389945649433,-0.258293146428118,0.11313744022344792,0.421614878794413,1.0,0.009688789112959294,-0.0658216164909728,0.27846794687066095,0.28045092629724944,0.37013560435529996,0.4034786779331067,0.05687725075218198,0.039759946636895104,0.15210701640189994,0.4159400108418997,-0.13633104471175259,-0.27523633527668007,-0.03566501351207018,-0.047526616057699866,-0.046277177801109584,-0.40625565521952833,-0.23519788482194498,-0.1413255733813225,-0.005927576916023643,-0.11456905463874105,-0.14150049473724516,0.17585037372310433,-0.1664175179304466,-0.03799702956130611,-0.07192532389671578,-0.15547243880271572,-0.16140283703093167,0.1965289799142724,-0.02199374071737908,0.0004574556197516036,-0.15617937902918647,-0.3365515101073509,-0.24917708369019573,-0.24654278419178474,-0.4113735155363617,-0.47389056936095264,-0.12041320132279237,0.08775852791990697,0.06653903587701497,0.2942423063824127,-0.07955657033229012,0.18220638704775877,0.042182244676284654,-0.21073307766870944,-0.05580676429750334,-0.13988831634164478,-0.058171830003849075,0.10704340588807855,-0.08072862402589158,0.16746623997678464,0.2579239575755255,0.028680250613131595,0.22474532619407,0.21574534030063097,-0.1920592153124704,-0.091417366788722,0.1381221749092646,-0.08772386608440157,-0.12331834679166423,-0.10225281778555206,-0.15379174282530234,-0.1642386588287927,0.1249796966283304,0.3506443675524915,-0.14109341969235606,-0.3541008780326587,0.03184656898209071,-0.3683154549466671,-0.1417012109474974,-0.33880936595038924,-0.1673171134751916,-0.24972522434469988,-0.08594482722485657,-0.25665678535658365,-0.3637666936034807,-0.3365732745156915,-0.31474840948525157,0.017055638291655163,0.13123575489245762,0.12147885124228422,0.2724738675958188,-0.3001509402022881,-0.2712445815691735,-0.3576033355971005,-0.4607698554883591,-0.16638446827333678,-0.3038307373902459,-0.38645488016476465,-0.3664791837540783,-0.3621327507995397,-0.3280448508029656,-0.07836355831954585,-0.14121513916122388,0.17075024736862257,0.17757701678479232
#201,0.2677880710890064,0.01434879076544215,0.6118736938835967,0.25361863517007477,-0.055132873728142386,0.11783290980063399,0.2521217275297598,0.09331490076034364,-0.24096867738899647,0.5203954673604407,0.24583987441130298,-0.3913446172386205,-0.14323761695850454,-0.20985202217551382,-0.04677453483615229,0.009688789112959294,1.0,0.7319503529663075,-0.11088683918318981,-0.31266869935492714,0.08819865262190588,-0.06478417969340397,0.43641225819843094,0.2840501145654272,0.36309683348010874,-0.15605121084673623,0.48216185061958033,0.2552146917817191,-0.08420528673600378,-0.42013731729484527,0.4813041717131209,-0.05534890563315284,0.3721250324954708,-0.2561312151996179,-0.0009862501335085234,-0.08409968905109196,-0.10755769079627506,-0.3407971819121645,0.08496139840354035,0.03939236996269822,0.10332249815103291,0.028901119053328848,-0.1085572414015473,-0.22121143115091402,-0.10812275932393299,-0.4295959679418326,0.3069873826888314,0.15775447732168804,0.39348639623717563,0.08222956211219552,0.28455633858164575,0.20539112455488762,0.5379730484076716,0.45204635818976546,0.29613258555125416,-0.03939801258708282,-0.14574939089884992,-0.5726945345137167,0.0056833318890901876,0.28911719126279917,-0.17451307174395383,0.1073110275017482,-0.5536031179530171,-0.37952896177726547,0.3762820344885263,0.13144533808388567,-0.2967903543366591,0.07777108275916271,-0.013523355426894763,-0.30128994423877975,0.38438484310481374,0.327292769581418,-0.15070200293013422,0.07348591258365694,-0.4779855024857776,-0.21290145761079193,-0.14678199116123195,0.16759360207003707,0.3024410396132384,-0.24376903126215432,-0.1925065948172495,-0.45672731816139117,0.15475421332747574,-0.16693502719543432,-0.5867865858696594,-0.2278197503944799,-0.08144684950113155,0.09948228921271283,-0.1898553674456847,-0.1567895885519212,-0.2763825941159519,-0.40347384139791986,-0.3090243700916725,0.06996894541365475,-0.022615235488883022,0.6373896413507637,0.2635972133496432,0.4570296016105662,0.4624142774518714,0.2627935424194364,0.31466296403028476,0.46505341348546925,0.3113265608405898,0.12520459551451665,0.1045993434403484,0.1782549378001423,0.2503692896137422,-0.18820772112538112,0.1764960511705423,0.1055336008205988,0.07422025984285291
