,#10,#11,#12,#13,#17,#18,#26,#49,#50,#51,#52,#53,#54,#58,#101,#102,#201,#202,#301,#302,#401,#402,#501,#502,#601,#602,#701,#702,#801,#802,#901,#902,#1001,#1002,#1101,#1102,#1201,#1202,#1301,#1302,#1401,#1402,#1501,#1502,#1601,#1602,#1701,#1702,#1801,#1802,#1901,#1902,#2001,#2002,#2101,#2102,#2201,#2202,#2301,#2302,#2401,#2402,#2501,#2502,#2601,#2602,#2701,#2702,#2801,#2802,#2901,#2902,#3001,#3002,#3101,#3102,#3201,#3202,#3301,#3302,#3401,#3402,#3455,#3501,#3502,#3601,#3602,#3701,#3702,#3801,#3802,#3901,#3902,#4001,#4002,#4101,#4102,#4201,#4202,#4301,#4302,#4401,#4402,#4501,#4502,#4601,#4602,#4701,#4702,#4801,#4802
#10,1.0,0.5168043399842409,0.32204109845774986,0.5859716296906834,-0.008250725984083768,0.1871783452197903,0.30977322695642884,0.6381409164831134,0.17560290433937967,0.7235621887739988,0.5439872799124588,0.1261896365142285,0.25850434179794163,-0.10304923391297864,0.4088262736713131,0.31502651025849265,0.24756974182978217,0.026086255574610608,0.17410035407468014,0.15659129060926236,0.2662573077023838,-0.10618653307081695,0.36433901693391885,0.07411788651473229,0.23340917289202637,-0.06308091321845219,-0.23429506492040877,-0.42183413505621464,0.07750184896709746,-0.20562085997626067,-0.3346636492061029,-0.39576521039935675,-0.27678725089324757,-0.40418078162439064,-0.228210703655413,-0.2515115180070251,-0.3160623348776659,-0.41642527653897543,-0.3411970021542734,-0.35477638078041523,-0.04809087849615999,-0.2599867398326962,0.12436142621361766,-0.16996269822237178,-0.39712991941123243,-0.30660529640907414,-0.4303222543090506,-0.47297243376465825,-0.4193336463646385,-0.34583362722002003,-0.029425077031898964,-0.12498211489592381,-0.24498864421842598,-0.18775550508541522,-0.08639059455124007,-0.0490259419656082,-0.07245008796448371,-0.3231526954615163,-0.3076193566199068,-0.45181742885759024,0.005615620396474972,-0.30755325730568717,-0.2693285075460025,-0.37097313103181434,-0.20816890793050705,-0.17329426487687996,-0.1655695120943608,-0.1527663973657005,0.3069382112477656,0.08636883014289946,0.11415875523706076,-0.0022993694367250206,0.4057260546165736,-0.10605836488836672,0.09568238473428277,0.08971168204617681,-0.13989395896602938,-0.011385606874328678,0.35125296489683067,0.0008540515050692934,-0.2789306420701983,-0.25018469518744596,0.09546796500766792,-0.02547846431946927,-0.2843669076201627,-0.2106677844436876,-0.27613593082142507,-0.21920991167277615,-0.3505565038299313,-0.36529423263331207,-0.38036003974019744,-0.11590716270708935,-0.3788397555131463,-0.18265860308772466,-0.23744929195140088,0.010222420161903015,0.030183606967028938,-0.12041320132279237,-0.31004649119448313,-0.05129669523581132,-0.20893791702520842,-0.015153267784846733,-0.26792107580664337,-0.17550697972484144,-0.11641822325849467,-0.2936071080945462,-0.1875741350159102,-0.19721979835678716,-0.1492091257358083,0.033165330909691815,-0.03668874679327641
#11,0.5168043399842409,1.0,0.3782093937604666,0.5639476606283869,-0.18822787335532615,0.194715279219222,0.3725248527375797,0.21090074422185187,0.22370385895051217,0.649273008304734,0.4119152074772834,0.06322197882806722,0.2499211040197653,0.053278062484004164,0.3400821807937157,0.27704922988253267,0.3391753304461905,0.05149176882167896,0.21227593239329898,0.02790318062645222,0.2624461179751845,0.07801532778609617,0.3179042486946393,0.2633795692662372,0.2569897001952751,-0.16758957162404806,-0.10955034329323711,-0.21302075881206634,0.09601449348377644,-0.028905149499317846,-0.2203045808033888,-0.0940508601979352,-0.15832599456292837,-0.2110563194370273,-0.11542270309921145,-0.04186786988914258,-0.20329448655140936,-0.25766842729982287,-0.1668511939188631,-0.26116846659667126,-0.009176116383158378,-0.2515453737533327,-0.046127245210318746,-0.23602815669567917,-0.3031375006801378,-0.16044520306394505,-0.2851310801796773,-0.29215453536011027,-0.42199777116336806,-0.10611076068622373,0.08673237637110734,0.08975037432767123,-0.11757818561412914,0.004832101696213195,0.016002079710130325,0.06701140414692588,-0.06076018241798546,-0.2075740141025305,-0.30455218722227706,-0.3698704010092237,0.12606308051017384,-0.1726864736217386,-0.11991342602015626,-0.08953998504704538,-0.09283769595524592,-0.010219195805111814,-0.044648071532355414,-0.026813348031026373,0.23432005368554057,0.12100890123996672,0.17230841778797032,0.19936721997972687,0.1774101563208477,0.021255363012194113,-0.041290710023517654,-0.048005433041193174,-0.2158267553096088,-0.15597624455134082,0.39499297694786417,0.18510911424903723,-0.34593519445894283,-0.2150206661118086,-0.003988126306116403,-0.1333581877502655,-0.36932467862231294,-0.10612930073777314,-0.24378515304611031,-0.19101936024730817,-0.1959622992082189,-0.3773146347509084,-0.4676127466884848,-0.18883808287806086,-0.33073718872361824,-0.08681540355848076,-0.158476733242917,0.1121612662049119,0.04028712897225643,0.023546268512342233,-0.32824637310241567,-0.1059656646306197,-0.1289916025657819,0.030096549333666518,0.0025411961960650755,-0.19977187675702254,-0.10436396539459074,-0.22968342861979393,-0.12203908323475535,-0.07821281963955722,-0.08014098500069525,0.14373981052873405,0.017591687608192283
#12,0.32204109845774986,0.3782093937604666,1.0,0.5928290304963696,-0.08702176239311761,0.33678527597471297,0.21419764904085462,0.12606630486696505,-0.07248152544319791,0.4782007283015902,0.26021566916487143,-0.09085310435026188,0.20847441573647332,0.059925880098262274,0.3686685220153036,0.2542755978662819,0.5148084631304877,0.37104487297041855,0.16888656914330855,-0.06634799273713633,0.30662786690661253,0.21927117445180896,0.4343583429224361,0.24446468623985587,0.4712981865008273,0.09248865933259845,0.2883570491492736,-0.026017737992797593,0.4420097415879554,-0.046782595728130295,0.061005233534116715,-0.020024464807153235,0.15923768144564038,-0.014021518551135276,-0.03152010285698164,0.03374813339970134,0.0750658474113453,-0.1430675321377687,0.06265529812201369,-0.1289279215191557,-0.020571799372459558,-0.34617218468309613,-0.0512185045836247,-0.20865820407357177,-0.24095255560504047,-0.22129768269507863,-0.14342543574159197,-0.12788967863238906,-0.23291100976778586,-0.04806588973102819,0.26741162743363367,0.25491563268933526,0.19103386985286858,0.24063173210431602,0.30407175806038816,0.2868456319033983,-0.14438306970857862,-0.2326716012760392,-0.2732936603099816,-0.3246407361206554,-0.18348726278306327,-0.2539015724785026,-0.04161878832702233,0.03408346650598622,0.2543255753965455,-0.06188306467052112,-0.062258702236696,-0.0653645639158201,0.24848142871249418,0.25144380651440984,0.4259742091761164,0.37545095652559435,0.014285109718815936,-0.04374605772001701,-0.21020750751174372,-0.1426394987737368,-0.4003051047613674,-0.3404820010358246,0.28884795747073394,0.2604244462671017,-0.3551109077975023,-0.2295979831648271,0.03474607182657797,-0.23996429024853747,-0.39528558732666563,-0.2418448963470053,-0.2313520332592403,-0.0657998520826322,-0.18074655951054264,-0.48003699949417905,-0.3694786416590928,-0.48009584400561844,-0.2779351219109151,-0.1594158271583542,-0.18034593317923595,0.2910655088538822,0.1672889003532686,0.13337108517743032,0.06338722711361626,0.18901139205558792,0.06777880106323166,0.19483296824210083,0.2680145821535882,0.14909466106972066,0.19181013375035014,0.12654754011805178,0.14189306017657383,-0.19015442653806858,-0.04511479717788172,-0.2304064906302207,-0.1686584459003311
#13,0.5859716296906834,0.5639476606283869,0.5928290304963696,1.0,-0.08372485757411487,0.3181057709940894,0.28842879108787783,0.242346283828037,0.030115089385215923,0.7476505522718616,0.508167094229812,0.028009584400561845,0.19130552191252723,-0.05130878657377832,0.3338406321351489,0.321080240133972,0.43826545726417354,0.32295762187564864,0.20369511288271605,0.11844311932336873,0.13738379720407962,-0.07174314773801295,0.32605139221680574,0.22298482738607442,0.24992835882254552,-0.04185255419438438,-0.12294270922548935,-0.3148822202920864,0.2849279457018316,-0.08604075183939479,-0.07513436499315831,-0.3205329055686657,-0.0058203670527162184,-0.2985540775014459,-0.29266882026830676,-0.21164154019463025,-0.296968500049373,-0.3632741731036248,-0.2839211402937792,-0.365104801671829,-0.0904758546056914,-0.21071856806314904,-0.03256318227893507,-0.18037334021196116,-0.4847977622963869,-0.45141357816949235,-0.32412564512326114,-0.32634480868480503,-0.4534368620559708,-0.33832490634251133,0.03336040449555946,-0.058678054020067594,-0.11180416869028642,-0.1757270420758409,-0.09784431596278287,-0.05096055604032864,-0.23606846115556918,-0.3305638795460912,-0.2687505415911798,-0.5347204784945478,-0.15729420038974412,-0.41495577593138566,-0.15928362852991498,-0.16705674666430215,-0.09157939071747984,-0.18328090394842642,-0.06832049300415337,-0.024484556338581646,0.3331836694389418,0.08756506651243494,0.26607513154368095,0.15816638890176393,0.13399499821652766,-0.23414110188362894,-0.17944150109930415,-0.14666833258434211,-0.3407101242788021,-0.2698782603789022,0.38813960658816704,0.19391805700259762,-0.23245879372781994,-0.2357290976032953,-0.16709382676740095,0.08992852004038507,-0.315775367123249,-0.2693462415083541,-0.3822906233689289,-0.20591830689024895,-0.24225035921349877,-0.29097039032854183,-0.45973000042319684,-0.1837073251340627,-0.4453332473504856,-0.1341457368965163,-0.15330728321742443,0.006112171342319885,0.09590647753127123,0.06660271692364118,-0.11663989778788972,0.11694379341546039,-0.07937681244118068,0.20627379222647882,-0.043305933018018106,0.19459759019634318,0.18968528262494885,0.11621186442385782,-0.1209581176205053,-0.2985814845341711,-0.014465673699123176,0.035199900044939475,-0.008795642281796693
#17,-0.008250725984083768,-0.18822787335532615,-0.08702176239311761,-0.08372485757411487,1.0,0.2207777551624975,0.06306801579128739,0.2396620067993624,0.17953097700025997,0.01894430528210099,0.008718257718807874,0.32780302404362555,0.23939760954248393,0.046326349242175394,-0.2659010162769561,-0.2849005386691064,-0.04432563585323534,-0.20469305130959267,-0.1629714866098508,-0.056619302208885926,-0.29074790970994896,-0.2105154335853034,-0.2400997132337679,-0.13972629241288695,-0.3170264175582349,-0.3365781110508783,-0.13190400283743398,0.043649327016280985,-0.03181351932498091,-0.06305753663171598,0.07180602269544137,0.14145857809895954,-0.06776912799285804,-0.06052964090741461,0.011960348472360209,0.013500784929356358,-0.00011809206747772674,-0.05206489824131489,-0.13718227490462956,-0.14582274501584974,0.004865151353323002,0.1403921220902699,0.25011134107044614,-0.06329694512346264,0.036004377064344055,-0.026159609691610426,-0.17142252575958794,-0.0322052786751118,-0.08582471993438434,-0.05692158565806099,-0.2746648180354397,-0.07742204613651524,-0.18353159768894228,-0.035374015311664314,-0.1254020873679777,-0.03375941864847055,-0.2295455873669701,-0.08570380655471431,-0.023187558819321153,-0.13558541220378742,-0.1515121225739234,-0.2608686014150896,0.01426576357806873,0.17103721512303943,0.037564159662087405,-0.1324174816564327,0.16886158037817675,0.09788462042267287,-0.22104779504376057,-0.2904786759178837,-0.2069855689881364,-0.20133246544396372,-0.0030748272450087963,0.022222670049554333,-0.20203376304604986,-0.13849378202945048,-0.24690229997400362,-0.23262484810256678,-0.06771753828419884,-0.1236117632596635,0.36448088863273165,0.32129304768219125,0.25195244879822176,0.38962684115810836,0.4778847413360525,-0.03373523597253654,0.00020192534404894573,0.05656771250022671,0.10233826324051888,0.42308518549120055,0.2834399050426925,0.12157800021361363,-0.06593688724625824,0.037290089334835345,-0.06033940385673377,-0.029590325317448003,-0.21555590933914792,-0.05168361805075541,-0.1832567212724924,-0.012421431493501913,0.0017230156602978902,-0.12508690649163784,-0.029722523945887234,-0.11948539265612436,-0.12504337767495663,-0.0706299385558509,-0.06981014584168811,-0.20939093915437212,0.14147147552612435,-0.05980496671859225,-0.07765258764708609
#18,0.1871783452197903,0.194715279219222,0.33678527597471297,0.3181057709940894,0.2207777551624975,1.0,-0.036271998678013714,-0.03138467987175121,-0.004670883856653158,0.21421780127079962,-0.04858823553120271,0.13623350791881875,0.24835809706523077,0.04584350181269308,0.07393490426683165,0.16287233763852138,0.08647845827380028,0.2912517154585741,0.0997765117699099,0.19191331316766858,-0.16148908857509628,-0.021557646461369182,0.13487202326373424,0.003868019015644176,0.08314205508410533,-0.037988968669328105,-0.07236303033112129,0.012203787410095864,0.3112000048365352,0.21756710188765938,0.3213333521420813,0.291832905770188,0.3297989008973788,0.05313780296358694,0.0737180662726234,0.23324311851727952,0.10738921815393482,-0.05934710805424174,0.12620253394139327,-0.11224751774907653,-0.13899758777807558,-0.13454555713862518,0.2825435338547387,-0.17664114722614632,-0.10089294530886316,-0.1986731771804209,-0.14235817364370454,-0.05188272208261205,-0.27766024549446516,-0.061342178818797194,0.06897261916517372,0.04709213398008557,0.007480910800184594,-0.013781303970190822,-0.137253210754036,-0.11003319072271943,-0.44032904561054204,-0.2300074764773096,-0.14607102048877219,-0.1267248797415678,-0.16314237751978444,-0.23880110353611178,0.11107465796627726,0.3200016927873154,0.28769766818547304,0.1046469027030186,-0.08729260836357847,0.012951032096456634,0.1969586254566999,0.2198314064442801,0.30966843536071487,0.16839566082184823,0.03126457258127898,-0.012951032096456634,-0.10289124043020981,-0.12687320015396303,-0.12069694472041803,-0.2008488119252836,0.15208444590436154,0.308687424806992,0.0962450349943473,0.2842371272593169,0.045553309701485016,0.20075530557833876,0.24153697027344562,-0.08670819369517334,-0.19404461300665224,0.030394802336852586,0.1253045505750439,0.10496692011454528,-0.06192739957640012,-0.1429546796500767,-0.1637243739205962,-0.0962684115810835,-0.007787224695348664,0.2000306313895164,0.07862231295203971,0.07406468462767747,0.034562283489479526,0.3442278975380021,0.150598017423618,0.1535636195823249,0.1928967419889848,0.22242217712600987,0.28871575884229467,0.2922746426505825,0.2008576789064594,-0.13311877925851884,-0.1748314769770849,-0.08720393855182045,-0.12022618862890273
#26,0.30977322695642884,0.3725248527375797,0.21419764904085462,0.28842879108787783,0.06306801579128739,-0.036271998678013714,1.0,0.22711119798961354,0.1672921247100598,0.3641673199347874,0.40159887792383664,-0.16091112262027354,0.1363681248148514,0.27160248517299684,0.3201129330966118,0.2300453626696062,0.22667349155520805,-0.11921374059646571,0.30326889321937917,0.24706432390276145,0.12746245135755496,-0.06379672042609875,0.08180475310495483,-0.0578340786299708,0.041377767656880074,-0.21711085540170447,-0.19572530898406562,-0.17552148933040185,0.15156290619338483,0.12963163738883526,-0.23651906501713948,-0.18065788969878463,-0.24785106695981443,-0.30318586603200576,-0.11773617909689797,0.0185485154859811,-0.24301614395140894,-0.11208388164192308,-0.2889140567849535,-0.27732813674497153,-0.038119555119371734,0.053722217631992066,-0.1143586653581152,-0.09923562591818598,-0.2604953821165081,-0.31736175066451977,-0.276958947892379,-0.03760688238957082,-0.350969221499205,-0.11906138973808146,-0.17430268246332797,-0.1126054213528998,-0.33312482492750234,-0.20284388268983905,-0.19484102913407883,-0.15559980089596814,-0.11911862207112528,-0.23976357403828522,-0.16521966938251553,-0.3822075961815555,0.06896536436239352,-0.18161310539817785,0.0724202626641651,0.04257400402641554,0.08730228143395208,-0.08779238366621459,0.4498844269612654,0.4852943132422318,0.3289702412020402,0.07012855107481919,0.1876055724946244,0.2123589595806724,0.14494652605784092,-0.018995894990760202,-0.1037787446369878,-0.06762241975885841,-0.13148886690056688,-0.07005036042263256,0.4124246558502931,0.12132085775951539,-0.07708993738702156,-0.28713421183621074,0.0763281830951004,-0.009651709009860485,-0.12363675202479531,-0.13872835398601033,-0.0004348851222131985,-0.09427898344091265,-0.3008312794852314,-0.023117429059112536,-0.26948972538556254,-0.04115286877069382,-0.18206773970573714,0.0015505125719686512,-0.011752377459327761,-0.16922915705237362,-0.09105623882810752,-0.257345185531505,-0.31905615015829575,-0.10646382775486021,-0.06338803320281405,-0.10631308907487158,0.008981848886488534,-0.167359836202675,-0.22132186537101262,-0.07134816403109086,-0.24650489799948813,-0.18466012256586253,0.02992888278052408,0.10744725657617643,0.024379764742867623
#49,0.6381409164831134,0.21090074422185187,0.12606630486696505,0.242346283828037,0.2396620067993624,-0.03138467987175121,0.22711119798961354,1.0,0.4436968862789512,0.4167694766264361,0.3584803606443071,0.22306301803826104,0.17551745888441286,-0.025261626325261022,0.2017056847425452,0.1722415123845529,0.23775318757897154,-0.13799964935119896,0.028761665622109415,0.05088720192332882,0.07966055583880634,-0.10187073150579477,0.2432668376919248,-0.030664036128917844,0.04136648240811087,-0.1412594740671029,-0.19658218180132722,-0.31398584910413263,0.03734167904349456,-0.4250617162042066,-0.18640691785749552,-0.354341898702801,-0.3058806222202518,-0.4353353230301699,-0.39506552497566616,-0.33151345262109977,-0.34902735262170437,-0.43196748236176075,-0.42675369743038916,-0.41635031024358,0.013601546079081381,-0.2365875825989525,0.044566656523377594,-0.16220247751514943,-0.28859887590861366,-0.19793882992122494,-0.4127454793510176,-0.48090354538181423,-0.31573989919854584,-0.3783818968487958,-0.10132017258369724,-0.22228272369479044,-0.22627931393748374,-0.11694621168305379,0.0032690947416786405,0.06477692489062377,-0.13521138681600814,-0.31594142149799587,-0.3025006902138756,-0.5066451978243652,-0.025090735415327383,-0.2264687448989668,-0.1775560584656495,-0.32163724776965197,-0.10018439290399679,-0.14937276184296172,0.01099384752419779,-0.008532857203313832,0.2166916890188484,0.0194223161763965,0.1540561400821808,0.0344413701098095,0.5059567976494439,0.1430449616402303,0.024936772378547547,0.07585662091438729,-0.1488173663856774,0.0025323292148892737,0.260939537264496,-0.07528349149475135,-0.23719134340810483,-0.1968473851474035,0.3199299508487112,0.19493614765941925,-0.032958972075054965,-0.12129103245919677,-0.10125729762626884,-0.0339988271402172,-0.2848602342092164,-0.17366829026465924,-0.18601515850736464,-0.11052812949016873,-0.3186240863482749,-0.2084421721685613,-0.3759797510393513,-0.02534868395862344,-0.018753262142222348,-0.09925497205893317,-0.32957238983279696,-0.10600999953649871,-0.25494545798965385,-0.018263159909959838,-0.26775582752109434,-0.25493175447329125,-0.29301140817737187,-0.3382185025684017,-0.2485112540128128,-0.19543028033767076,-0.051769063505722225,-0.059719521263625425,-0.1399528034774688
#50,0.17560290433937967,0.22370385895051217,-0.07248152544319791,0.030115089385215923,0.17953097700025997,-0.004670883856653158,0.1672921247100598,0.4436968862789512,1.0,0.1359618558591601,0.10976798737664316,0.05976546834790004,0.020997414468898055,0.24159259042809383,0.069322461877019,0.009820181652200725,0.060400666635766584,-0.02599677967365479,-0.009567875733289268,0.04671730250310848,-0.08825507886575189,-0.137285454321948,0.05581563127867914,0.05523766532385641,-0.16057175906799967,-0.23513500986451655,-0.22975114011240913,-0.2856397224634892,0.04147449836061609,-0.1554031151317049,-0.06029184459406356,-0.05162154918252479,-0.2335542689476304,-0.35707534717254136,-0.34325736614385066,-0.13871868091563672,-0.2264897032181096,-0.15198449084383434,-0.28021071171630496,-0.28182208402270753,-0.2541482357730295,-0.04069823446313452,-0.1880860016565133,-0.14181325734599162,-0.11775874959443637,-0.13235863714499327,-0.3800787146101652,-0.3580466846558906,-0.3167128488602906,-0.3006740920916604,-0.37976514591222094,-0.32125193713310346,-0.318240387890122,-0.1571861844372389,-0.09701888062423547,0.007773521178986061,-0.2012679783081397,-0.28932355009743604,-0.08684281059120597,-0.27789320527262945,-0.038551618929392635,-0.20369672506111164,0.04300768001483204,-0.022861898783409877,0.06819313091090094,-0.03064146563137944,0.23337128669972976,0.30472952684579313,0.13492603123998687,-0.14338674346009758,0.18517601965245464,0.09571704656978818,0.25658504341797944,0.09075314928973466,-0.04801026957637997,-0.07825715454543622,-0.14288132553307686,-0.12350455339635608,0.17514746394262257,0.11880102292719201,-0.06024750968818455,-0.19925920402722164,0.09993692352027214,0.248502387031637,-0.014044895137871482,-0.15262452566688767,-0.18827946306398535,-0.2511213708352898,-0.1588862265553995,0.02326333120391437,-0.1875338305560202,-0.07674896165635209,-0.1673493570431036,-0.21625881911962969,-0.17419386042162496,-0.026115274785731415,-0.08528786452864942,-0.03608256771653067,-0.392540853608156,0.006867476920658655,-0.2308982050408788,0.12763817880267542,-0.1583904816987524,-0.2856461711770716,-0.3030746257227093,-0.23877289041418878,-0.2875904583221656,-0.10960435126948972,-0.05027296195460509,0.06900405664388792,0.014595454059969006
#51,0.7235621887739988,0.649273008304734,0.4782007283015902,0.7476505522718616,0.01894430528210099,0.21421780127079962,0.3641673199347874,0.4167694766264361,0.1359618558591601,1.0,0.6683998927901367,0.1614955372886787,0.24471134953438273,-0.03284370131976954,0.395986078839554,0.2843693258877561,0.5596705513448591,0.20361772831972721,0.140847562487027,0.07083710347968554,0.1800775054763685,-0.1788038845438442,0.3347136267363665,0.10758429173980247,0.24002152258158127,-0.16787170284327813,-0.20588767550073253,-0.4413213414130341,0.1223171840079964,-0.17943182802893054,-0.23878336957376017,-0.3389093210109165,-0.11937254016843234,-0.3477908117922789,-0.24842742073624158,-0.22133153844138623,-0.30078049586577005,-0.4185041805801021,-0.3266777235234965,-0.41441247181206836,-0.0379792955989545,-0.31287263992197056,0.040498324342080075,-0.2926825237846694,-0.5000417151159862,-0.3960094554262902,-0.3446051472825726,-0.37686161262174467,-0.41916033718711143,-0.3234654580702628,0.00922528782422419,-0.051269288203086114,-0.29818005211366666,-0.19573014551925244,-0.16708254151863175,-0.11118912263236488,-0.1810826987060253,-0.4401662155925864,-0.24920852116890996,-0.5416899256987282,0.05162799789610719,-0.2928405172674382,-0.16385496037063982,-0.24266791341795926,-0.2199555441807413,-0.21084028753201686,-0.10442925861961255,-0.07870050360422633,0.3276716315043841,0.12219627062832637,0.22193368707214298,0.19060906084562787,0.24045278030240436,-0.1933787833292693,-0.09281431936850973,-0.04731622677707402,-0.3041467243557836,-0.2247525809968502,0.41004749880598035,0.009864516558079734,-0.2414974719027534,-0.3032954941629066,-0.04463114365920161,0.08359749548086244,-0.2862515441646195,-0.24524336840493086,-0.343865157398992,-0.2370688178500392,-0.293515213925997,-0.26869975797171836,-0.3783262766941476,-0.14289502904943946,-0.44523893491434297,-0.039186817217259175,-0.12698524655245727,-0.05104197104930646,0.017679551330752503,-0.027320378136442686,-0.20068033928294335,-0.052368793868885564,-0.17137254822932432,0.15835743204164257,-0.17382064112304346,0.03473801093459997,0.04531390120973836,-0.026117693053324814,-0.1977679390112913,-0.19149253460641688,-0.04599101613589052,0.1319225428889834,0.09789913002823328
#52,0.5439872799124588,0.4119152074772834,0.26021566916487143,0.508167094229812,0.008718257718807874,-0.04858823553120271,0.40159887792383664,0.3584803606443071,0.10976798737664316,0.6683998927901367,1.0,0.027452576764881918,0.0025952041723176877,-0.06704203553644228,0.3316319477331764,0.18819079325222732,0.4486454678642465,0.03822112235829456,0.059358393303010945,-0.04731058415268941,0.1443443774270842,-0.12088960003869229,0.3773259199996776,0.09961045739516307,0.24335953794967183,-0.16569687418761322,-0.2587364954869081,-0.4819837049068665,0.08858235108005877,-0.24876597819931764,-0.383512654592794,-0.5191097550899495,-0.22564330956041942,-0.5289488798382985,-0.4185428728615965,-0.288198249577307,-0.34979958607319694,-0.3803406935994503,-0.49136900143685397,-0.5191943944557185,-0.2632110966238969,-0.33406230666454395,-0.2375645627066863,-0.3284317736179097,-0.21037598015408396,-0.2781422868347497,-0.5197497899130028,-0.4295871009606568,-0.3867789280222803,-0.4246909151732185,-0.1985691916739047,-0.1890557269614669,-0.3509514875368534,-0.18380324974860093,-0.013193664944994488,-0.018868532897507773,-0.002335643450626029,-0.3216122590045201,-0.10079702069432493,-0.43366107576633894,0.1642588110587377,-0.15924574233761837,-0.040853003589112154,-0.12575031790142738,-0.2724585519010606,-0.24844676687698877,0.12041158914439677,0.06408288209131781,0.22786892183554572,-0.032564794457330674,0.28572758618604943,0.20853648460470392,0.3073356132222811,-0.0909103366833057,-0.036828200224495844,-0.029460544956602174,-0.17951888566229296,0.015283048145692561,0.4436767340490062,-0.026382090310203277,-0.12787355684843307,-0.2710140400586027,-0.07189630468559498,0.029540347787184392,-0.2826660594128043,-0.12106371530541712,-0.12948412306563784,-0.15026187822813533,-0.41181686459515177,-0.1775415488600891,-0.33300713590462355,-0.023983168857549933,-0.23657549126098548,0.082526202936986,0.0388410049514029,0.06514691983241405,-0.04578707556884707,-0.2640083188405213,-0.43321047190476863,-0.2663338861761748,-0.3451702158102305,0.16147135461274467,-0.3773863766895126,-0.031984410234914544,-0.016941173625567536,-0.1920825918992066,-0.3974708951419019,-0.06788439874814348,0.08596417336560377,0.22579485432960583,0.20184513817376462
#53,0.1261896365142285,0.06322197882806722,-0.09085310435026188,0.028009584400561845,0.32780302404362555,0.13623350791881875,-0.16091112262027354,0.22306301803826104,0.05976546834790004,0.1614955372886787,0.027452576764881918,1.0,0.3259167753207731,-0.15596657148096724,-0.2666458426957235,-0.2472569792210357,0.07798711466417316,-0.2155373692875985,-0.3042321698107504,-0.2808015750982925,-0.3298319505544886,-0.3545700219457784,-0.2575241373334166,-0.30674636201868916,-0.351182835136622,-0.33001009626720246,-0.07905518285125841,-0.053879405025563105,-0.13359679015281437,-0.1545075500329489,0.11164295085072638,0.04879137000904835,-0.03681046626214424,0.0538745684903763,0.09334230779306885,-0.12350697166394947,0.021818013272258643,-0.057766367137355584,-0.1456679758898721,-0.0014328235490898246,0.15781735227911645,0.02657796998526872,0.03357966075736111,0.03200939900004635,0.047013137238701146,-0.04033952477011344,0.049199251143135246,-0.014951745485396687,0.06525816014171049,0.0331226081822084,0.11209274862309888,0.03937141164355542,0.07947596141251011,0.03785999439768008,-0.14692708721683598,-0.124985339252715,-0.14013336745777605,-0.11894934333958725,0.06591834719470883,0.03148382884308063,0.09544781277772292,-0.03671292946921042,-0.01796490690677377,-0.03921744860677558,-0.14981127436656502,-0.12067437422287963,-0.14367854774970124,-0.2172237078893965,-0.192129345072679,-0.1580156502217753,-0.131908033283423,-0.060981050858182714,0.009351843828278817,-0.06444723440872349,0.0026161624914604925,-0.03634293452742013,-0.030251318459644152,-0.04356468765051197,-0.09615394691499587,-0.19556006069851659,0.1938326115476308,-0.013946552255739859,0.10253575509397993,0.4644093482164269,0.3774516699145344,0.15079470318788127,0.04721788389494239,0.044977762014255684,0.15517015535354065,0.1192588815915425,0.13892100930428455,0.3453096692414499,0.0037398508331939473,0.10738196335115462,0.0007524842661464704,-0.10383355870243823,-0.18163083936052943,0.07955737642148791,-0.054564580843693256,0.08074393972064979,0.20736201264350906,-0.12787758729442206,0.05770429826912497,-0.011373515536361676,0.02299490350104691,-0.0476902521648533,0.13315344109402427,0.07230015537369287,-0.031753868724343694,0.01646961144485443,0.10852177347684408
#54,0.25850434179794163,0.2499211040197653,0.20847441573647332,0.19130552191252723,0.23939760954248393,0.24835809706523077,0.1363681248148514,0.17551745888441286,0.020997414468898055,0.24471134953438273,0.0025952041723176877,0.3259167753207731,1.0,-0.10246320706617791,-0.0649405609977772,-0.027656517331925364,0.03890549208722691,-0.35814744580561564,-0.064013558420307,-0.06903952456859114,-0.1284039635405856,-0.13080127281484333,-0.08415127875975116,-0.07516741465026812,-0.034912126201324806,-0.1461838729764642,0.04969499599978235,0.06044097109565659,-0.1011218746410384,-0.050808205181944406,-0.09101674045741531,0.1431441106115597,-0.22843479645240145,0.0032126684978326277,0.12503773505057203,0.08580779206123054,-0.046838215882778506,-0.09734373457094894,0.021776902723170833,0.02859883560415378,0.1612271095858112,-0.027935424194364226,0.18127132357831055,-0.04669070155958108,0.025228576668151214,0.011541182089504115,-0.08372727584170826,-0.07656356114085804,0.028042634057671652,0.0741565787962267,0.07849092041279827,0.057110210530346234,0.09625954459990771,0.030044959625007306,0.010076518017101183,-0.05044385286453872,0.038781354350765684,0.01359590345469678,0.19327479782275309,0.005419740721409528,-0.15471310277838793,-0.2220594369869998,-0.1571998879536015,-0.009611404549970478,0.16484806226232965,0.02595244476777578,-0.006874731723438857,-0.11977639085653023,-0.09592662976121623,0.07672639115881368,-0.10932705658544646,-0.10498707234449028,-0.051562704671085376,-0.04257884056160234,-0.053278868573201965,-0.1245242562315733,-0.15785523847141306,-0.12387938487333316,0.1514984190575608,-0.008275714749215575,-0.21295868994383574,-0.05134586667687713,0.5516588308079231,-0.16311335830866364,-0.026794001890279168,0.014322189821914744,0.10765845194600009,-0.0652944341556115,-0.055169953831241195,-0.18082394407353145,0.027001166814113815,0.1951594343672099,0.14811203833760225,0.17982681173585263,0.07381882742234842,0.04739602960765624,-0.05933904716226374,-0.0030925612073604003,-0.08597948906036197,0.03772940794763645,0.06875175072497647,-0.3795466957396171,0.1465772445049907,-0.28286758171225435,-0.24204238820046634,-0.22243185019638348,0.04583060438552828,-0.2044713767801976,-0.14864728156494156,0.010474726080814473,0.11742019213136029
#58,-0.10304923391297864,0.053278062484004164,0.059925880098262274,-0.05130878657377832,0.046326349242175394,0.04584350181269308,0.27160248517299684,-0.025261626325261022,0.24159259042809383,-0.03284370131976954,-0.06704203553644228,-0.15596657148096724,-0.10246320706617791,1.0,0.13568536726431463,0.07609038678174933,0.03785515786249327,0.11519296767783839,0.23782734778516917,0.10350467430973574,-0.017110452357105576,0.11489955120983912,-0.06330339383704504,0.02190184654882986,0.08469780723585968,0.05149821753526136,0.1289375945895293,0.21077821866378624,0.18704695268054886,-0.07619517837746335,-0.05277264455698345,0.10742871652462703,-0.06682439145303623,-0.026039502401138198,0.11442154031554362,-0.0006613961867950498,0.16764277351110288,0.2879523923719779,0.024497453765746448,0.07400987056222706,-0.06832774780693357,0.06395390781966978,-0.10340230098161513,0.09291991705342155,0.08555145569633008,0.15966732698806788,-0.03558762894908136,0.10147010517448808,-0.03779389508346046,0.116126418968891,-0.13323405001380428,0.1500393976095425,-0.08743851050838031,0.06439000207567969,-0.058116209849200864,-0.020782994742283206,-0.09114490863986555,0.05156028640349198,-0.0008427662563000909,0.09085552261785527,-0.12149336084784462,0.012855107481918412,0.3072364642509517,0.16014372570396776,0.19645078926208578,-0.16439423404396813,0.5678064096182563,0.4379962234721083,0.12017137456345232,0.10088810877367635,0.03332574266005405,0.154075486222928,-0.01448018330468358,0.25699131237367073,0.023617204361748648,0.04651658629285624,-0.07764452675510809,-0.11901705483220246,0.23057335109416532,0.22587062671419905,0.03556586454074075,-0.24736015863835412,-0.034937114966456614,-0.019791505028988982,0.12600907253392124,-0.25684541022886886,-0.06564588904585236,-0.13397645816497825,-0.017548964880708874,0.2754870290171959,0.16399521989105703,-0.05460972183877007,0.11024116173575187,-0.12575837879340537,-0.014152105001178906,-0.0640272619366696,0.11592086622345196,-0.13260288217192673,-0.11052812949016873,-0.1077535704713405,0.031016297108356527,0.05612275126304101,0.12537790469204368,-0.19221882097363482,-0.2362014658732062,-0.08202320327755867,-0.15211185293708676,0.01554663931337322,0.03085266100120309,-0.1685689699993753,-0.10530547757762135
#101,0.4088262736713131,0.3400821807937157,0.3686685220153036,0.3338406321351489,-0.2659010162769561,0.07393490426683165,0.3201129330966118,0.2017056847425452,0.069322461877019,0.395986078839554,0.3316319477331764,-0.2666458426957235,-0.0649405609977772,0.13568536726431463,1.0,0.47034619515822523,0.1778543114688356,-0.001576307426298257,0.5941066818748829,0.3526990889176842,0.7105535212998995,0.05235992688770976,0.5724204641864645,-0.03474526573738017,0.6138421637046247,0.1279920519605097,-0.21179711540980567,-0.4287366768569776,0.21127960614481794,0.08452127370154144,-0.48024819486400266,-0.2553928374944329,-0.20854373940748414,-0.391653349401378,0.024925487129778344,0.11581043200335334,-0.07151905494102449,-0.3323767741519438,-0.17813724877726345,-0.28087009268010554,-0.04449894503076238,-0.13226513079804847,-0.0693538993557332,-0.17749157132982551,-0.4146986334772874,-0.33627179715571426,-0.42261926593487203,-0.36632441462810067,-0.3174383291383108,-0.2825475643007277,-0.004254135741390464,-0.10384887439719642,-0.22796887689607293,-0.13172827539231355,-0.030435106796742592,-0.12745116610878576,0.06834306350169178,-0.3459488979753055,-0.4635847189670773,-0.41921756952015526,0.1580575668600609,-0.0264876879951151,0.2544843749685121,-0.03715466634960492,-0.16536879588410855,-0.03682739413529804,-0.041140777432726816,0.0865413332312287,0.7109138431713161,0.5555860973796055,0.3922732319944863,0.34185960747486516,0.423369734978024,-0.05863210693579298,0.41772388623663154,0.26341906763692935,0.17426399018183358,-0.0025008917361750665,0.626915318314548,0.3703846859174202,-0.3022556390977444,-0.29816957295409524,0.014673644712155624,-0.25336391098356986,-0.3329474853039863,-0.17716026866952964,-0.25712995971569236,-0.032459196772418854,-0.23332856397224636,-0.3171344335107401,-0.27113817779506394,-0.35394288454988987,-0.3656505240587397,-0.3563538973405102,-0.34719914232109356,-0.0507679007220544,0.23948627935424194,-0.34559099437148216,-0.3426495748887093,-0.14822489082529428,-0.276918643432489,-0.1725945794531894,-0.187663610916866,-0.21785245746368065,-0.21617176148626727,-0.23376304604986065,-0.24134431495517136,0.08118648269024209,-0.19755996799825884,-0.015242743685802553,-0.15374579574102773
#102,0.31502651025849265,0.27704922988253267,0.2542755978662819,0.321080240133972,-0.2849005386691064,0.16287233763852138,0.2300453626696062,0.1722415123845529,0.009820181652200725,0.2843693258877561,0.18819079325222732,-0.2472569792210357,-0.027656517331925364,0.07609038678174933,0.47034619515822523,1.0,-0.02622893336262124,0.11176789467638541,0.39297211132897913,0.5309495932272386,0.31281460149972895,0.2660557854029338,0.28358097065230753,0.2690286423644208,0.24838631018715376,0.23919850551062727,-0.25115603267079517,-0.27141869683589837,0.13665589865846606,0.23201705684742546,-0.18164051243090304,-0.08281639504819406,-0.007881537131491286,-0.1599091537474079,-0.14406627665384314,0.09390415196393558,-0.17512650562347976,-0.02114734705968889,-0.18266102135531806,-0.03940204303307183,-0.10770842947626369,-0.09366958000737571,0.05839914715762873,-0.016629217106018866,-0.4247803910741743,-0.2918200083430232,-0.101998899688245,-0.19896981800521138,-0.309550746337836,-0.3191665843783944,-0.06832613562853798,-0.2617440142839006,-0.3725071187752281,-0.3505476368487555,-0.14808301912648145,-0.08041102488195831,-0.2745874334724509,-0.18293750995016353,-0.3513690417413139,-0.4074462489646792,-0.0017899210637153055,-0.10184332447306957,0.09088292965058048,0.027252666643827472,0.03468480904754516,0.004008278536061408,-0.12267347543342409,-0.008189463205050955,0.5861965285768697,0.4282497989815063,0.34287447377489555,0.2561038081668927,0.22762064636262325,0.09531642023848148,0.00688521088301026,0.13219500103783985,0.04146079484425349,0.05995167495259188,0.30880108338388185,0.5555578842576825,-0.16842790438976024,-0.01359106691950998,0.0759057923554531,-0.06868565141075686,-0.15460186246909152,-0.2040409251485723,-0.14416381344677695,0.04642388603510921,-0.14329726755914177,-0.20236909615233473,-0.21693432186738623,-0.30314717375051137,-0.3886031078769021,-0.07414287527986409,-0.1590014973106849,-0.22137264899047404,0.3465502405168644,-0.06095767427144651,-0.05762771979533395,-0.05741330006871911,-0.3238556052419981,-0.037409390536109775,-0.08968991763783621,-0.056143709582183815,-0.021492353236347368,0.014461643253134175,-0.3201330853265568,-0.09905828629466994,-0.12635166044298632,0.0723976921666267,-0.07844013679333686
#201,0.24756974182978217,0.3391753304461905,0.5148084631304877,0.43826545726417354,-0.04432563585323534,0.08647845827380028,0.22667349155520805,0.23775318757897154,0.060400666635766584,0.5596705513448591,0.4486454678642465,0.07798711466417316,0.03890549208722691,0.03785515786249327,0.1778543114688356,-0.02622893336262124,1.0,0.38077033914187774,-0.1650487784725819,-0.30971277026659383,0.007458340302646189,-0.20700813948567479,0.36365061675899746,0.044490884138784374,0.24087517104205167,-0.14673040145257274,0.048379458428972455,-0.2582939525173158,0.30982884711107705,-0.40297567827367936,0.1479508204980422,-0.19548267613552778,0.20655995389169787,-0.12327643015337862,-0.26544880023699025,-0.384553315747154,-0.007878312774700084,-0.3000937078692443,-0.13850345509982406,-0.30306978918752253,-0.032721981850901714,-0.43770441918250463,-0.11341554099668899,-0.30655048234362375,-0.13576597618409464,-0.1333219137363645,-0.18350902719140386,-0.14293210915253826,-0.15482998571206896,-0.09584843910902961,0.21001324001507388,0.18176868061335327,0.10708451643716635,0.2313480028132513,0.12828143798251995,0.18822303682013933,-0.21375671824965792,-0.46112775909218234,-0.168194944611596,-0.32458592205520503,0.056343619703238264,-0.06594978467342304,0.11982153185160704,-0.04710986794243717,0.024420069202757633,-0.027706494862188975,-0.08904827063638728,0.014956582020583488,0.12587929217307542,0.1562648244841533,0.4256727318161391,0.45862162777622156,0.057935645868893625,0.015831994889394487,-0.2694171773577605,-0.14476112554234688,-0.39016772700983227,-0.26466366935833285,0.31819202253825396,-0.1650818281296917,-0.14094832363675203,-0.3363475695403075,-0.07082501214171855,0.01011037376340879,-0.18507122805674062,0.05108388768759207,-0.07927202084546665,-0.0697408221706773,-0.22810833032729236,-0.16663193765706144,-0.2547987497556542,-0.16190422451196337,-0.2013792186174361,0.044004006263313064,-0.03153380637334424,0.2869270469123761,-0.1081977256193284,0.29510965835924574,0.09953307283217425,0.11990778339577166,0.11720093586955864,0.4989639738585273,0.11812955062542446,0.3038146156062899,0.15574731521916557,0.1620331987836114,0.11913716212267468,-0.10883534217478835,0.09374696457036454,-0.051606233487766585,0.04645612960302122
