,#10,#11,#12,#13,#17,#18,#26,#49,#50,#51,#52,#53,#54,#58,#101,#102,#201,#202,#301,#302,#401,#402,#501,#502,#601,#602,#701,#702,#801,#802,#901,#902,#1001,#1002,#1101,#1102,#1201,#1202,#1301,#1302,#1401,#1402,#1501,#1502,#1601,#1602,#1701,#1702,#1801,#1802,#1901,#1902,#2001,#2002,#2101,#2102,#2201,#2202,#2301,#2302,#2401,#2402,#2501,#2502,#2601,#2602,#2701,#2702,#2801,#2802,#2901,#2902,#3001,#3002,#3101,#3102,#3201,#3202,#3301,#3302,#3401,#3402,#3455,#3501,#3502,#3601,#3602,#3701,#3702,#3801,#3802,#3901,#3902,#4001,#4002,#4101,#4102,#4201,#4202,#4301,#4302,#4401,#4402,#4501,#4502,#4601,#4602,#4701,#4702,#4801,#4802
#10,1.0,0.4637201419523077,0.22083418140634353,0.26687154767110755,0.007567162344349214,-0.03271472704812151,0.21198735246048653,0.45673860341016037,0.20961100150537157,0.2616988732888238,0.442644939875822,-0.007028694760218692,0.04268040780052517,0.11806586957879824,-0.17826138651372467,-0.11555570781684847,0.17774307115953916,0.13088994262660134,-0.11601356648119898,-0.1827787103781969,-0.1606394705606149,-0.09328749372761842,-0.16967089393276813,-0.09734615283854235,0.04834399050426925,0.08054161133200194,0.08415369702734456,0.06683809496939884,0.040466080774168064,0.142541961980803,0.16922109616039563,0.10176029728569615,0.09497705668620761,0.12841686096775037,0.09705434854893868,0.11198312049219807,0.01253670224878734,-0.0940589210899132,0.0020196564850883574,-0.30877690070794783,0.04384278842375303,0.02856739812543957,-0.11575400575950733,-0.21208005271823355,-0.009886280966420339,-0.15376756014936832,0.16252652537266513,0.027737126251705383,-0.15298968407349114,-0.3028102284658309,0.029923240156139477,-0.27137194366242595,-0.04958617395807933,-0.21970888088621446,-0.10446392045511796,-0.1742897850361632,0.05885055710839683,-0.12077432928340685,0.11456260592515864,-0.12289353778442354,0.344006223008607,0.37818521108453257,0.04209276877532883,0.0004671286901252058,0.30436195017159623,-0.045678253527144046,0.025980657889698784,0.11592570275863875,0.040071903156443774,0.0569320648176324,-0.00878274485463189,0.31287102774357495,-0.09996433055299735,-0.10189330200333317,0.003894619959171582,-0.07040262140207125,0.15039971948095918,0.04803687051990738,-0.15563204446388015,-0.08447693879566244,0.020870052375645626,-0.02644335308923609,-0.10159182464335591,0.09830862334071577,0.07360360160653577,0.1646481521412752,0.22982288205101337,-0.18954985963971843,0.0441402353377413,-0.16625065746650194,-0.21406061387722858,-0.02331572700177138,-0.11956761375429999,0.05019154694562727,-0.09022999740036233,-0.08021595129609067,0.09101271001142631,0.11694056905866919,0.21285712270491292,0.14991203551629007,-0.0909385498052287,0.012654391271666166,0.20122847993744747,0.10124359410990623,0.08192727866302045,0.0865268236256683,-0.019405388303242694,0.2830884501524516,0.19131197062610963,0.32234015755013373,0.19364156840775215
#11,0.4637201419523077,1.0,0.3749052341386836,0.3380766308695889,-0.10705630331524335,0.10079702069432493,0.4781201193818102,0.221199339812947,0.2914532377580241,0.520902497465857,0.45277909327056587,-0.16405567658089207,0.2115843078615864,0.18736293964608655,0.19011815252416756,0.047556441358018474,0.27835751265056236,0.35244194646358595,0.16854398123424347,-0.12162717165467944,0.08185876108120745,-0.0053584779423767135,0.1526833701783271,-0.012246510137579273,0.29940530769432294,-0.0008605002186516949,0.09620231226686389,0.08047470592858452,0.1809964471618607,0.0048627330857296015,0.18360737007353548,0.028378773253154327,0.26090165107219937,0.020240496712163686,0.1558916051855718,-0.01629227182133839,0.13141873714035826,-0.10887725881307396,0.19302410408223722,-0.043037505315150645,0.00918417727513638,-0.00591548557805664,0.08332664951040157,-0.036328424921859725,-0.0869621117924804,-0.08978584225237443,0.18842697738718278,0.021199742857545903,-0.26918421757959626,-0.16795714829824493,-0.03925855915586339,-0.030530225322083014,0.03910137176229236,0.19150059549839488,0.14423716756377677,0.06239009477593743,-0.17317738194319893,-0.1911668745705056,-0.08658808640470111,-0.19975656106226433,0.06034262821352497,0.2035089062780242,0.11104725093355206,0.032147240252870184,0.17424867448707537,0.06767884600270443,0.11045558146236671,0.350041412832537,0.24869262408231782,0.16846014795767225,0.14866098508130418,0.3283826021768439,-0.1257688579529768,-0.12954780411226405,-0.12161749858430584,-0.16037910374972542,-0.05716502459579665,-0.04162604312980253,0.1884971071473914,0.021572962156127386,-0.043256761576952296,-0.07192451780751799,0.0640022731715378,-0.118760718467302,-0.14016238666889685,-0.10787770820780174,0.008438544767171211,-0.18036124887399416,-0.05048657559202214,-0.09337293918258525,-0.05554639748661388,-0.21910108963107314,-0.08621244883852623,-0.22495652156389365,-0.24603252972957723,0.20648418150710468,0.09906715327584574,0.14441208891969942,0.22037712883119082,0.0626472372300357,-0.0900776465419781,0.11926774857271831,0.24618326840956586,0.20903867817493343,0.24344498340463863,0.1262468688472723,0.046988954562767145,0.06866146873482286,0.18027096688384053,0.04487135824014606,-0.05135392756885513
#12,0.22083418140634353,0.3749052341386836,1.0,0.5868905713761756,-0.09134804311771119,0.39756440148884675,0.22404402859198386,-0.13088671826981016,-0.20457052575152704,0.6101873552817987,0.05977917186426264,-0.08528947670704502,0.35291592691189244,0.15315815671583138,-0.040903787208573565,-0.21699719682481464,0.6300171495476832,0.7356204770838917,-0.18642062137385812,-0.4824141565384918,-0.08998010974904427,-0.22879350614542251,0.2793240135987248,0.261609397387868,0.313911688897935,0.08237546425699736,0.3687346213295232,0.3258748586824875,0.18126809922151935,-0.11065468549422336,0.45365450613937686,0.04883812318252076,0.5190315644377629,-0.14718181140334083,0.0816395048194058,-0.20270765361541082,0.08465105406238728,-0.3512432918264571,0.35193975289335644,0.15700159001094266,0.05655239680546851,-0.171716748316785,-0.04315841869482068,-0.23425395437132096,-0.08016113723064025,-0.05919395110665971,0.2590492580956546,0.1077334182413955,-0.05435419156306741,-0.060419206687315985,0.17406246788238353,0.16970555576827354,0.4305793967631488,0.39680103501853,0.18624973046392448,-0.09608623542238066,-0.34982941137351553,-0.4850170185581886,0.056805508813577765,-0.08439794205427802,-0.09126340375194217,0.054957146283021945,0.12885295522376028,0.03955036344546706,0.46949254669775486,0.2305153126719237,-0.09409519510381421,0.09822075961815555,-0.0728716726149332,-0.19503207227395747,0.43062776211501685,0.20277778337561944,-0.35786047805119875,-0.043026220066381446,-0.3765238612478664,-0.33039379472535535,-0.31890379929991153,-0.17049955362810673,0.11646981296715388,-0.22060122162817927,-0.14462973300310547,-0.16278931045114797,0.12065341590373682,0.006458789697373963,-0.07186889765286977,0.08452691632592604,0.05531263161925183,-0.2868754572037169,-0.07653131757294604,-0.16575974914504166,-0.02198164937941208,-0.15964556257972726,-0.09629984905979772,0.08418029797087197,0.20050138748103172,0.5860772273755952,0.14778234785570196,0.5918593051914159,0.562240363707446,0.5289230849839689,0.464150593583933,0.6040385068809789,0.4404983243420801,0.6488417505839109,0.6040570469325284,0.5780542215898901,0.5629876083938068,-0.008976206262103933,0.10393512594136105,-0.034501020710446716,-0.006979523319152881
#13,0.26687154767110755,0.3380766308695889,0.5868905713761756,1.0,0.028287685173802906,0.35001481188900957,0.1510228264308587,-0.1425516350511766,-0.23786200962067458,0.47292326232359244,0.23649568843040328,-0.14616210856812362,0.2432716742271116,0.09331812511713483,-0.0786231190412375,-0.1747508680573049,0.4263869268453901,0.3964439375039045,-0.08789314481593961,-0.26334410134153396,-0.09160437948261164,-0.06526944539047969,0.2515864843024205,0.3015535354064604,0.2941205869135449,0.2592096698460168,0.27999306763289894,0.3239233167346133,0.23415480539999153,0.12747454269552197,0.30352442349508185,0.22938195125981667,0.2741626244652102,0.07931232530535666,0.17597934799475237,0.0031377022024372107,0.14284263325158245,-0.1994429923643201,0.28337864226365966,0.11966192619044261,0.08047954246377133,0.020228405374196682,-0.03257607970609988,-0.18742017197913036,0.041776781809791164,0.12162314120869044,0.3392680307039375,0.19132164369648325,-0.036621035300661194,-0.08602301787704318,0.08556354703429708,0.011428329601812089,0.2216112513930229,0.15632931161997732,0.08471795946580468,-0.1505028988982776,-0.18929029891802676,-0.3591961678519537,-0.019357022951374685,-0.03344988039651527,-0.0640272619366696,-0.06872998631663586,0.058028346126640644,0.026819796744608774,0.3814958194198979,0.1700731324424704,-0.12377298109922354,0.02794026072955103,-0.1872903916182845,-0.12703764235031428,0.031146077469202355,0.12511028307837405,-0.4347750910376988,-0.38526831686560276,-0.29916106266738945,-0.3109227101524919,-0.21030101385868855,-0.24535460871422726,0.015659491801065246,0.09776128877540945,-0.25987146907741077,-0.014469704145112177,-0.04267234690854717,-0.05735445555727969,-0.1518821175157137,-0.08991481652402246,-0.08621083666013063,-0.16659808191075384,0.1730669477231003,-0.17208029454499288,0.04424663911185092,-0.0838755962541035,-0.056361353665589864,-0.09833522428424317,-0.02622812727342344,0.29957216815826754,0.25642382557841936,0.3157922949964028,0.5074303287030226,0.31940035024575647,0.18501480181289462,0.24859911773537302,0.31953093669580007,0.29910302424514784,0.28302638128422103,0.16834487720238683,0.21559057117465333,-0.07967587153356455,-0.014945296771814285,-0.014970285536946092,-0.03072771717554406
#17,0.007567162344349214,-0.10705630331524335,-0.09134804311771119,0.028287685173802906,1.0,0.35341973266051757,-0.3029674158594019,0.33530852056434307,0.20316551227976132,0.028358621023209324,0.03345310475330648,0.5608256771653067,0.2612756764599787,0.044698049062619025,-0.26331346995201754,-0.17764311609901193,0.04316647958679868,-0.04409751261025789,-0.19258075502344713,-0.12146998426110842,-0.2842838804327893,-0.2251685230229151,-0.2495543334347662,-0.18006380196000588,-0.17610429182041137,-0.152332721377284,-0.006337876317703935,0.0692878000415136,-0.05813233163315687,0.22307672155462363,-0.004073571761083222,0.15482837353367337,-0.09522775042672348,0.06080290514546887,-0.14230094131066073,0.12805653909633372,-0.19595020787025189,-0.050309235968506096,-0.04950072850311251,-0.2437537155673961,0.009453411067201642,0.033653014874360926,-0.009700074361728497,-0.1448747841192367,-0.02304729929890392,-0.24826136636149473,0.09175108771661128,0.28367286482085674,0.2966476765486485,0.05555445837859188,0.17799054054326383,-0.030925209029005106,0.17021903458727225,-0.15828488401384055,-0.29870965271662137,-0.2872494825914962,-0.15033603843433296,-0.18370813122326052,-0.0027290149791525183,-0.019482772866231512,0.09816675164190293,0.020550034964118953,-0.0830549974507429,-0.014169032874332708,0.22946659062558566,0.08763600236184135,0.14278056438335185,-0.008315213119907783,-0.21563006954534555,-0.10854273179598689,-0.07564058900937683,-0.051950433575227266,0.04401609760128007,0.013400023779631336,0.03837427930587659,-0.054821723297791516,0.061867748975762915,-0.10968334801087415,-0.2714872144177114,-0.08680170004211817,0.2445033785213503,0.512592523925735,-0.10481295707776545,0.3756492544682532,0.5935037271549283,0.24250347122160804,0.09995062703663474,0.016946010160754338,0.12233733623794141,0.2944478591278518,-0.0322359100646282,0.11451101621649944,-0.09650056527004995,0.060855300943325884,-0.05793887022568482,-0.06808511495839573,-0.13442383766975735,0.12957521114498924,0.179623677258007,0.15083500764777127,0.15107038569352893,0.030044153535809505,0.01928447492357267,-0.0291493945262513,-0.02715271158330025,0.009203523415883584,0.013131596076763874,0.00873921603795068,0.04213710368120784,0.11877684025125801,0.2096972530495362
#18,-0.03271472704812151,0.10079702069432493,0.39756440148884675,0.35001481188900957,0.35341973266051757,1.0,0.022965078200728302,0.12263720141952308,0.024704618689581095,0.46517190859754587,0.07386074406063403,0.3221950614945297,0.5754594204621712,0.3506169605197663,-0.21468291473793033,-0.43506367097051124,0.4615211306207088,0.44102873103423257,-0.20568454102288689,-0.4391811745928746,-0.25417644889495244,-0.388849771171429,0.1536587381076653,0.18603128029132063,0.19969529828323154,0.1120951668906923,0.3090525832135955,0.41740951144948946,0.40288217192673453,0.30756776691124754,0.5049588592225672,0.33595822845777,0.38340463864028873,-0.008353099312204392,0.11149946697351795,0.03086878278515909,0.15216263655654816,-0.29366917696277683,0.37578951398867044,0.1231934029660052,-0.060370841335447976,-0.03138790422854241,0.1576190543364576,-0.28143596729696124,0.05730125367022488,0.038263845085777966,0.2605711545011013,0.3488089024491005,0.09850692128337461,0.11102226216842025,0.17843066524526272,0.22875481386392812,0.44561457248051783,0.3130169298883768,0.01694762233914994,-0.18879052361539067,-0.3662994258629689,-0.49416210050723164,0.029156649329031503,0.02723815703826707,-0.1404243656581819,-0.09686733585504904,-0.00843209605358881,0.014167420695937108,0.3938418815734055,0.24101543056246888,0.16858428569413347,0.0020744705505387697,-0.3758580315704834,-0.2724585519010606,0.1143215852550164,-0.06525977232010609,-0.22643891959864818,0.031236359459355975,-0.28853841921877865,-0.2851995977614903,-0.23477791234989107,-0.23192758094646962,0.037585117981230216,-0.13575549702452325,0.08546439806296766,0.27351211048258545,-0.07082178778492734,0.1703915376756015,0.2441148435280106,0.06456008689641553,-0.03302587747847238,-0.23866084401569457,0.12603647956664646,0.15643168494809792,0.08661307516983292,-0.0158940637576251,0.09247656799463144,0.13214341132918064,0.18286657410075713,0.42811760035306706,0.06014674853845952,0.4157642833967793,0.43683706720567167,0.3855270714980966,0.5347551403300532,0.5153630524985743,0.44916539539682765,0.3559121604601157,0.36678066111405555,0.40200192252273675,0.4328928727608353,-0.1139064493181493,0.0432680468257215,-0.10618169653563014,-0.07962347573570754
#26,0.21198735246048653,0.4781201193818102,0.22404402859198386,0.1510228264308587,-0.3029674158594019,0.022965078200728302,1.0,-0.024792482412141315,0.2141017244263164,0.4458709088454183,0.2423736908607622,-0.29790436960801897,0.19288948718620458,0.4316966363912999,0.21051059705011657,0.12411718118668422,0.12069613863122024,0.2536790918599098,0.1775165600949573,-0.034806528516412985,0.05976627443709784,-0.11807957309516084,0.102846099435133,-0.1307569379089643,0.14951543963097236,-0.1082009499761196,-0.06858730852862524,-0.05849829612895815,0.2419577488346973,0.05974692829635063,0.20203215086765425,0.16615070240597474,0.22020785009965277,0.14804513293418484,0.329931099525818,0.1325158245385643,0.3945818714569861,0.09476666740558176,0.19403252166868526,0.11159942203404517,-0.01655183254303005,0.1372806177867612,0.12613240418118468,0.024204037297747182,0.04975625877881517,0.05891746251181425,0.06471163166560195,-0.08249718372586519,-0.24539088272812828,-0.2409767382809745,-0.14292888479574709,-0.1086346259645361,-0.0962426167267539,0.17332409017719855,0.18668501863073658,0.18711143981637288,-0.06913947962911836,-0.08033525249736509,-0.10050199204793006,-0.1426459474873192,-0.10275178699899037,-0.01901604722070521,0.40339323247813985,0.26950745934791415,0.0073342025661849615,-0.00768082092123904,0.32996737353971906,0.5508503233425295,0.24657744602729015,0.3078192667409612,0.20348149924529899,0.2962083579358474,0.15974148719426548,0.08996318187589047,0.07406629680607307,0.02062338908111877,-0.010173248720837203,0.025727545881589528,0.14684486611866035,0.0728652239013508,0.03191428047470593,-0.20706779008631201,0.2766872958327204,-0.03685721943561665,-0.12922939887913298,-0.2736144838107061,-0.07011484755845658,-0.0560856711599422,-0.006933576234878271,0.021643091916336003,-0.06992461050777574,-0.11340748010471098,0.053386078436509395,-0.3315424718322206,-0.20199426467535767,0.09247173145944465,0.09915582308760376,0.012822863914006404,0.05095007688075724,-0.00511906945063006,-0.16360829707611296,0.026380478131807675,0.19932852769823245,0.043238221525402895,0.12520137115772545,0.05755033523234514,0.015461999947604202,0.025638876069831507,0.09786849863871687,-0.1982112880700814,-0.06014352418166832
#49,0.45673860341016037,0.221199339812947,-0.13088671826981016,-0.1425516350511766,0.33530852056434307,0.12263720141952308,-0.024792482412141315,1.0,0.6772580069847629,0.09041862227264758,0.36633408769847425,0.4970914286520375,0.26327235940292976,0.15110746579662773,-0.2282485898477096,-0.18354530120530488,0.05843219681473853,-0.236202271962404,-0.18438847050620386,-0.11720899676153665,-0.2378773253154328,-0.2657905820568575,-0.2330939920156865,-0.07354072664910735,-0.12344167843892766,-0.05955669124566979,0.0062588795763195175,0.09815869074992493,-0.027488850778782926,0.05368755579648666,-0.04703731991463515,-0.006915036183328866,-0.11011299355330165,-0.1231724446468624,-0.10720139937084738,-0.059846077267680056,-0.14484173446212692,-0.2040465677729569,-0.019507761631363318,-0.3973129016591331,0.08572718314145052,-0.0984779020722538,-0.10888290143745856,-0.3959441622012684,0.14090560090926862,0.008537693738500635,0.11148979390314435,0.13379186373868202,-0.1545430179576521,-0.11330913722257936,-0.0004445581925868007,-0.17929398677610672,-0.07841434193900726,-0.3775548493318528,-0.21448703506286487,-0.4130743637437201,-0.046103868623582546,-0.24878532434006484,-0.15950369088091443,-0.13656319840071904,0.35639742615719144,0.25665920362417705,-0.08202562154515208,-0.06340496107596787,0.2645508168706408,-0.04159379956189052,0.2383553362097283,0.118788931589225,-0.08792619447304942,-0.06422636596852625,-0.07948321621529031,-0.0234108455271118,0.09453370762741752,-0.10283965072155059,0.17430671290931699,-0.17824607081896648,0.09076040409251486,-0.12831609981802536,-0.1488939448594684,-0.2411323134961499,0.17954145615983136,0.2825370851411563,-0.40451450255227994,0.36092764744882844,0.3320559506512193,0.3223732072072435,0.13868804952612032,0.07378416558684302,0.16633126638628198,-0.010633525652781108,-0.1585017220080488,-0.04436513422392755,-0.17589793298577455,0.06554593398532514,-0.1147496186190483,-0.20841395904663831,-0.2043706156304726,0.13747730355102444,0.04840767155089547,0.021223119444282106,-0.02084264534292042,-0.07433311233054493,-0.12373025837174012,-0.07368018008032678,-0.07275478968125218,0.032866271817307946,-0.0767924904730333,-0.010267561156979826,0.04764349899138089,0.20771588580134334,0.08706770947739222
#50,0.20961100150537157,0.2914532377580241,-0.20457052575152704,-0.23786200962067458,0.20316551227976132,0.024704618689581095,0.2141017244263164,0.6772580069847629,1.0,0.15700481436773386,0.16386382735181562,0.24696920537742104,0.14321827081775734,0.21515608909703904,0.1540787105797192,0.02444908841387844,0.017644083406049296,-0.21398242322504196,0.11285530900421786,0.019265128782825464,0.03167003544777247,-0.20347827488850778,-0.13127283499555642,-0.2781414807455519,-0.061049568439995726,-0.17511280210711716,-0.1412159452504217,-0.07868276964187472,0.04913718227490463,0.03374087859692114,-0.11733071623040447,-0.04820776142984102,-0.08547648940093466,-0.019979323812076424,-0.007537337044030607,-0.008239440735314567,0.021448824419666158,0.04397579314139006,-0.06334208611853945,-0.30845768938561896,0.109042507098623,-0.006152475802209893,-0.1015112157235759,-0.12519653462253866,-0.020374307518998516,-0.04084252442954075,0.037832587364954866,0.0037035768192929387,-0.25974813743014735,-0.1854662117636627,0.003933312240665991,-0.17335310938831935,-0.15530880269556227,-0.24787283136815505,-0.06441579693000929,-0.1567525084488224,-0.14573488129328951,-0.18619007986328728,-0.38561332304226126,-0.2888785888602503,0.016037547634833532,-0.012479469915743526,0.09761619271980541,0.0649308879274036,-0.008634424442236655,0.019753618836692376,0.4187637413017937,0.3258563186309381,0.21425085092790944,0.17108235611811626,-0.03749886643706559,0.08378289599635648,0.3188127112205601,0.0348919739713798,0.10089697575485215,-0.2440995278332524,-0.009916106266738946,-0.12481928487796817,0.10832347553418524,0.015985151836976522,0.3999197941248189,0.16948468732807628,-0.09070559002706445,0.2061690006307648,0.23387589853755267,-0.11254980119825159,-0.16054032158928547,0.15162013852642864,0.018113227319169003,-0.015562761097329224,-0.170821183218029,-0.24869665452830683,-0.1823095664650772,-0.2798528081124817,-0.33051309592662975,-0.13137520832367705,-0.12485152844588018,0.015577270702889627,-0.1112616706601669,-0.09868103655009945,-0.2202868468410372,-0.17492175896723852,-0.1761695850454332,-0.11692928380989999,-0.20499049822358092,-0.042826309945327,-0.18133500462493676,-0.23546066990042783,-0.016589718735326657,-0.08798342680609322,-0.12813714801611373
#51,0.2616988732888238,0.520902497465857,0.6101873552817987,0.47292326232359244,0.028358621023209324,0.46517190859754587,0.4458709088454183,0.09041862227264758,0.15700481436773386,1.0,0.26684252845998674,0.021964721506258274,0.5649343138064943,0.43650576454537576,0.07510695796043311,-0.30089576662105544,0.6451603412175574,0.5351315839854259,-0.03235762953349603,-0.48593354197608735,0.013000203537522445,-0.3551963532524692,0.26122247457292386,0.07734788593031762,0.4354707460154003,0.06031038464561296,0.35205905409463084,0.2844813722862503,0.42000270039881266,0.0039042930295451845,0.49576621801085397,0.17676528496260754,0.4958057163815462,-0.08755297517446793,0.09766375198247562,-0.1717272274763564,0.21353262545266946,-0.28074917930043547,0.4383662184138986,0.10295008494164921,-0.04979414497111178,-0.18641497874947352,-0.02495531243009695,-0.27605129145565604,-0.13407480104710987,-0.016945204071556537,0.22640990038752737,0.08739256342410569,-0.07103701360074,-0.14367854774970124,0.129301946906935,0.00613554792905609,0.3810266755067782,0.2299591111254416,0.1999411554885606,-0.15918770391537676,-0.35519151671728233,-0.5467304014525728,-0.09706321553011449,-0.22751101823172243,0.03522650098846688,0.131056803090546,0.1758173240659945,0.11503255592747616,0.4088778633799723,0.08472118382259589,0.20052718233536132,0.26909554776783823,0.037114361889714904,-0.14315458977113113,0.2615175032193187,0.22792776634698514,-0.28501097288920507,-0.16110780838453678,-0.3213293216960923,-0.4515957543281952,-0.2163128270958823,-0.25944504789177447,0.288323193402966,-0.1310632518041284,0.034094751754755424,-0.15414077944794982,0.05151514540841517,0.25021210222017115,0.0018874578566491274,0.01527982378890136,0.0728273377090542,-0.19629521404691036,-0.06379913869369215,-0.06132444485644559,-0.05822583798010169,-0.23604266630123957,-0.13168797093242351,-0.04606033980690133,0.03478879455406138,0.5503634454670582,0.11497290532683895,0.4617484477744885,0.46294065369803494,0.3773976619382818,0.302289494844052,0.4441176648402029,0.48109700678928624,0.45491603573393413,0.4618064861967301,0.4624884376580691,0.46557172883965475,0.06867033571599865,0.16668110909812725,-0.08998897673022008,-0.1156588872341669
#52,0.442644939875822,0.45277909327056587,0.05977917186426264,0.23649568843040328,0.03345310475330648,0.07386074406063403,0.2423736908607622,0.36633408769847425,0.16386382735181562,0.26684252845998674,1.0,0.061486468785203426,0.30036294166130956,0.03549815304812554,0.0627036634738817,0.1508930460700129,0.1492945711907751,0.03280581512747293,0.031144465290806753,-0.01937475691372629,0.017869788381433348,0.16101510812678976,-0.12655801927762317,0.013898186903871849,0.029736227462249836,0.10656781326137643,0.010237735856661219,-0.001828613345209714,-0.06108423027550114,0.014373779530573956,-0.13931760518960226,-0.11802234076211703,-0.19303216497421521,-0.06510177883733724,-0.09426769819214345,-0.08703465982028241,-0.08218845156310771,-0.03160151786595946,-0.11045961190835572,-0.19990810583145077,0.07486916164708206,-0.06394584692769179,-0.08137510756252733,-0.11386614485825929,-0.17498221565707353,-0.1376610918881229,0.0036802002325567336,0.0481166733504896,-0.1716828925704774,-0.10448165441746957,-0.1019755231015088,-0.16406212529447445,-0.20118414503156848,-0.0662222428222795,-0.06933455321498601,0.01876696565858495,0.023821951017989895,0.061081812007907736,-0.07055819661724669,-0.21232752210195818,0.307840225060104,0.35958712111288677,0.060300711575239356,0.07739060865780104,0.09025014963030734,-0.17467832002950287,-0.0869774274872386,0.2578643069748883,0.17017389359219545,0.13792065260981454,0.12841444270015698,0.3103874669251526,-0.0940137800948364,-0.2286492161790163,0.17276063382793624,-0.022969914735915104,0.21556155196353252,0.022237985744312537,-0.0573762199656203,-0.035636800390147175,-0.2446702389852949,0.1447538707395667,-0.09289654046668534,-0.11659395070361511,-0.1571789296344587,0.016264058699415385,0.1421405295602985,-0.08973908907890203,0.10762217793209908,-0.12039627344963857,-0.08305741571833632,-0.053953565231760724,-0.1301838084893284,0.04263043027026155,-0.2181128242745701,0.011078486889966809,0.021471394917204564,-0.05398822706726613,0.016780761875205302,-0.048324644363522046,-0.18697521074194465,-0.11824885182669888,-0.09173254766506188,-0.06684293150458565,-0.044430427448949365,-0.22137748552566083,-0.16876888012042973,0.2419875741350159,0.116086114509001,0.3544402415849326,0.11660281768479092
#53,-0.007028694760218692,-0.16405567658089207,-0.08528947670704502,-0.14616210856812362,0.5608256771653067,0.3221950614945297,-0.29790436960801897,0.4970914286520375,0.24696920537742104,0.021964721506258274,0.061486468785203426,1.0,0.4217204764793248,-0.04010253454596018,-0.4004784139388944,-0.3637755605846565,0.14055253384063213,-0.15201109178736172,-0.44580319735280305,-0.3076782011313462,-0.39655920825918994,-0.3327886857320197,-0.10245998270938671,-0.008661831474961862,-0.10746257227093464,-0.06715891847012331,0.04493100884078328,0.2856993730641264,-0.13031923147455882,-0.06511467626450204,-0.034987898585918026,-0.0689000711373717,-0.10609060845627873,-0.20691382704953218,-0.23807642934728943,-0.20687835912482896,-0.3012601189384611,-0.3055589926303295,0.007111721947592111,-0.27824304798447475,0.08088822968705602,-0.14345767930950398,-0.040741763279815726,-0.3536534985278796,0.16485370488671425,-0.04745326194070005,0.1841305219629078,0.3566473138085095,0.15822200905641215,0.1306698802756019,0.1421413356494963,0.17340631127537418,0.16313995925219105,-0.2344941689522654,-0.23061446164325314,-0.41439635002811237,-0.07848124734242468,-0.29089864838993756,0.08010874143278325,0.18905169651547793,0.2788524514180117,0.18708806322963667,-0.35734216269701324,-0.2667191968127233,0.19476122630349663,-0.10030288801607341,-0.08856461711770716,-0.1594182454259476,-0.4233842445835844,-0.36062213964286216,-0.053303857338333774,-0.3496117672901095,-0.07475066653500544,-0.11725736211340466,-0.04231041285873488,-0.15852671077318062,-0.05401966454598033,-0.059302773148362735,-0.26246949456192076,-0.41313804479034627,0.1266684534977218,0.3584150674192853,-0.4202751585476691,0.435750458967037,0.46409094298329584,0.5869832716339226,0.24621067544229105,0.15309447566920517,0.06961507225582046,0.08718378632187544,-0.18748868956094336,0.24113634394213893,0.06370643843594513,0.3728924294117766,0.201815312873446,-0.0887887099146956,-0.19502965400636407,0.20909832877557066,0.1862972897265947,0.08203287634793228,0.23876079907622177,0.15972294714271607,-0.17180461203934522,0.10411004729728368,0.006215350759638308,0.10798572416030695,0.08243753312522797,0.062178899406113784,-0.008336977528248388,0.21755662272808798,0.2626194271527116
#54,0.04268040780052517,0.2115843078615864,0.35291592691189244,0.2432716742271116,0.2612756764599787,0.5754594204621712,0.19288948718620458,0.26327235940292976,0.14321827081775734,0.5649343138064943,0.30036294166130956,0.4217204764793248,1.0,0.41567964403101026,0.03367477928270153,-0.2140565834312396,0.5495541319124668,0.3289170393149854,-0.28226785134909105,-0.4528661509039283,-0.1077608252741207,-0.416273731769789,0.1787450400324048,0.0018753665186821249,0.11342924451305159,-0.20507836194614115,0.2512970982804102,0.2559869252332117,0.19229539944742585,-0.02097565006055745,0.30391215239922376,-0.03295655380746156,0.28186883719617994,-0.30456750291703527,-0.01355479290560897,-0.283038472622188,0.02546879124909567,-0.3593525491563269,0.22018205524532317,-0.031156556628773757,-0.11419905969695077,-0.16829570576132102,-0.019217569520155253,-0.41557485243529624,-0.05346507517789381,-0.13222724460575186,0.2600729913768608,0.3104874219856798,0.09637239708759973,0.06007339442145971,0.19035433665912302,0.11550331201899146,0.36539418769383925,0.14233157270017713,0.09769518946118982,-0.23772819881383975,-0.247695491744639,-0.46043210411448077,0.028130497780231873,-0.04847457695431288,-0.0031441509160196122,0.07895280952313778,0.16280301396751057,0.20605695423227058,0.3491853461044732,0.033308008697702444,0.13050946852523965,0.20230057857052172,-0.08951015974672677,-0.1889404562061815,0.4094018213585424,0.10225523605314546,-0.1257172682443176,-0.041664735411296935,-0.184113594089754,-0.26430657184370737,-0.1448231944105775,-0.06335175918891305,0.06775220011970425,-0.35598712675551114,0.03378763177039355,0.1372193550077284,0.09689313070937865,0.36536839283950967,0.16082970761129572,0.22172894041590172,0.09399765831088039,-0.12472255417423216,0.04872688287322434,0.043642878302698584,-0.2030663633084319,-0.05675956172930315,-0.10343938108471393,0.19765669870199487,0.09516084502330606,0.3812894605852611,-0.21687789562354023,0.45543354499892186,0.29283406855385585,0.36592540047518957,0.3469911713080611,0.38356988692583777,0.11709856254143802,0.3739967716127628,0.37548481227190195,0.3825727545881589,0.3948889914413479,0.028887415536966242,0.15438260620728986,0.016406736487426018,0.0194319892467701
#58,0.11806586957879824,0.18736293964608655,0.15315815671583138,0.09331812511713483,0.044698049062619025,0.3506169605197663,0.4316966363912999,0.15110746579662773,0.21515608909703904,0.43650576454537576,0.03549815304812554,-0.04010253454596018,0.41567964403101026,1.0,0.04860355122596091,-0.1681731802032554,0.25613443955640913,0.23814655910749805,0.016364013759942606,-0.23894216914572683,-0.11339055223155718,-0.4458660723102315,0.002816072612514938,-0.20126394786215068,0.06893070252688811,-0.24783252690826504,0.02445150668147184,0.01664775715756827,0.37453765746448675,0.20859049258095655,0.3363902922677909,0.2530414753044498,0.28363578471775797,0.06871064017588867,0.20036193404981228,0.1889340074925991,0.3104616271313502,0.021323880594007128,0.15419720569179582,0.10138949625470807,-0.19758737503098406,0.08392799205196051,0.054317111459968606,-0.17727715160321064,0.06370482625754953,-0.002966811292503572,0.14690048627330857,0.04965469153989235,-0.037052293021484294,-0.19092262954357214,-0.019785862404604383,-0.11178724081713262,0.10357238580235095,0.0622441926311356,0.10217382104416764,0.022930416365222892,-0.13456167892258117,-0.27938043984257077,-0.11246999836766937,-0.17286381324525465,-0.15640508400457054,-0.04392500952192865,0.5800912089927311,0.4136749001960812,0.1955737642148792,0.07644506602878141,0.700869165677528,0.3809234960894598,0.12324096222867541,0.19189074267013018,0.30491331518289155,0.2697347765016938,0.12656124363441437,0.21514802820506104,0.006879568258625658,0.013889319922696045,0.07930910094856547,0.14160528633295918,0.15641798143173533,-0.04820131271625862,0.18860754136749003,0.031196054999465966,0.22171926734552813,0.39222567273181613,0.22797774387724873,-0.08289458570038068,0.07738738430100983,-0.2118640208132231,-0.07821201355035942,0.15112358758058372,-0.0640554750585926,-0.0644641622818773,-0.011317089292515663,-0.12704489715309447,0.03383519103306376,0.19719077914566635,-0.06596429427898344,0.12439850631671648,0.06190321690046612,0.1024349939442549,-0.0005348401827404212,0.16972651408741635,0.32779899359763653,0.1576392065664026,0.15618502165357107,0.2367028533542379,0.19087990681608874,0.03385453717381097,-0.004674108213444358,-0.37099328326175934,-0.24451305159172387
#101,-0.17826138651372467,0.19011815252416756,-0.040903787208573565,-0.0786231190412375,-0.26331346995201754,-0.21468291473793033,0.21051059705011657,-0.2282485898477096,0.1540787105797192,0.07510695796043311,0.0627036634738817,-0.4004784139388944,0.03367477928270153,0.04860355122596091,1.0,0.4626383702488599,0.10658151677773904,0.027800807298331596,0.6620140541651637,0.22895794834177377,0.6936264542352935,0.12479429611283636,0.1947700932846724,-0.15119694169758355,0.1059761437901911,-0.1972802550466222,-0.06351136485007748,-0.4622192038660038,0.15791811342884146,-0.1050660690858747,-0.11370976355388605,-0.14186162269785962,0.03527325416193929,0.06484060593724998,0.15477194728982735,0.06824230235196675,0.3452338968568567,0.38529491780913017,-0.04700991288190995,0.09300536250838837,0.04752822823609547,0.0927578931246637,-0.03015619993430373,0.3001388488643211,-0.33194632252031847,-0.19058407208049608,-0.016013364958899528,-0.26729474449995266,-0.25916452885094,-0.16319396722844368,-0.13449396742996597,-0.16092079569064716,-0.19679901979553546,0.17502332620616134,0.4208813376244148,0.4662706081741475,0.0015335846988148473,0.17067528107322716,-0.3469153989234679,-0.504556620712865,-0.16001233316472635,-0.1394369063908767,0.44024763060156424,0.41739338966553347,-0.40514567039415744,-0.06965134626972147,0.12592201490055882,0.253855625394228,0.7365216848070323,0.3982390981474055,0.25226682358536384,0.22214891288795563,0.22556834326502398,0.024252402649615194,0.020934539511469643,-0.10340149489241732,0.042794066377414994,0.10123311495033482,0.5181714672637101,0.333436781447051,-0.002475902971043261,-0.13600619076503911,0.5985393663735861,-0.12413813950582701,-0.27917005056194494,-0.4244152326675708,-0.24206657087640032,0.16366311114156337,-0.09063626635605362,-0.15171364487337347,-0.06098508130417171,-0.26481682630591485,-0.2855131664594346,-0.3942207434963716,-0.4407337023878377,0.08906600459873887,-0.1283789747754538,-0.0816612692277464,-0.236161967502514,-0.16535992890293275,-0.35598712675551114,-0.10590359576238909,-0.07818702478522761,0.03203680603277156,-0.024650610713328483,-0.042070198277790426,-0.2089169587060656,-0.03725623358852774,0.02092567253029384,-0.21078144302057744,-0.3417193479544479
#102,-0.11555570781684847,0.047556441358018474,-0.21699719682481464,-0.1747508680573049,-0.17764311609901193,-0.43506367097051124,0.12411718118668422,-0.18354530120530488,0.02444908841387844,-0.30089576662105544,0.1508930460700129,-0.3637755605846565,-0.2140565834312396,-0.1681731802032554,0.4626383702488599,1.0,-0.38203992962841304,-0.22143713612629806,0.3602287681143357,0.668963349139399,0.2790902477313627,0.6210453767761671,-0.23298839433077467,-0.012705980980325379,-0.4013167467046066,-0.1306190966561405,-0.4485140753250051,-0.5351726945345138,-0.4878657377832144,-0.12396966686348677,-0.5714168831352033,-0.43026099153001773,-0.4589996836099899,-0.08396184779826811,-0.17003202189338262,-0.02237743917553197,-0.1845166386886541,0.2971684101704274,-0.5123386058284279,-0.0015900109426608602,0.10531756891558836,0.06635363536152093,-0.30138506276412014,0.29743845005169045,-0.30573391398625216,-0.09347692468910147,-0.27875894507106685,-0.3637803971198433,-0.22316377918798605,0.004998156070960032,-0.2886802909175915,-0.11859143973576396,-0.42898575841909786,0.1143457679309504,-0.1091045759668536,0.41872666119869495,0.027849172650199608,0.5307335613222282,-0.30298595591095134,-0.19181900073152594,-0.19634599766637179,-0.14421782142302955,0.27921196720023056,0.29586093349159553,-0.4015924292102543,0.04730332934990921,-0.06498650808205182,0.11271988601898743,0.6082825665073969,0.5536015057746215,0.31208106032973076,0.3554655870445344,0.44303428095835945,0.2865385119190364,0.33932365085858573,0.36757465897388875,0.15999298702397913,0.22551675355636477,-0.05233493812257795,0.2824750162729257,-0.011359812019999072,0.05686032287902818,0.4701164597368522,-0.38339093512392614,-0.29588753443512295,-0.3473128008979834,-0.179736529745699,0.1553861872585511,0.03502820304580803,-0.08026592882635428,-0.24970104166876586,-0.16894299538715457,-0.19622427819750393,-0.2114843528010592,-0.30047982459499056,-0.30711796913887507,-0.11706309461673481,-0.4696843959268313,-0.506339690018399,-0.3584585962359665,-0.5372620777352118,-0.3892512035919335,-0.4697730657385893,-0.3381806163761051,-0.37163493026320826,-0.42395818009241815,-0.4612430298474678,-0.14232351180819913,-0.15883221857914687,-0.08435360714839901,-0.10770117467348349
#201,0.17774307115953916,0.27835751265056236,0.6300171495476832,0.4263869268453901,0.04316647958679868,0.4615211306207088,0.12069613863122024,0.05843219681473853,0.017644083406049296,0.6451603412175574,0.1492945711907751,0.14055253384063213,0.5495541319124668,0.25613443955640913,0.10658151677773904,-0.38203992962841304,1.0,0.5792222448375025,-0.15307190517166677,-0.656199732781431,0.14462650864631427,-0.4289446478700101,0.46100200917732553,0.14325373874246056,0.5538320472851923,0.11497048705924554,0.5795051821459304,0.38085014197246,0.3784447718062242,-0.1231772811820492,0.5182303117751494,0.0794598396285541,0.49386868403923234,-0.18757252283751458,0.018614614800200716,-0.25326073156625145,0.10260991530017755,-0.39106974082217066,0.45360533469831105,-0.013176737071840685,-0.07060656196911469,-0.21794273945383427,-0.04628604478228538,-0.417298271140193,-0.030965513488895112,-0.10534578203751135,0.41784802397309273,0.26861270033835594,-0.04951281984107952,-0.012502846502479731,0.205325025240668,0.03677338615904543,0.46497038629809584,0.24572863410200657,0.4282352893759459,-0.1381826315990996,-0.21794273945383427,-0.5627562607940382,-0.021533463785435178,-0.2981187893346338,-0.0022421371036812077,0.022391142691894572,0.07048403641104907,0.0657732511391048,0.47787426217648116,0.10493628872502887,0.025664670924161113,0.18417002033360003,-0.021164274932842692,-0.34448262172450694,0.2957537236282881,0.1271488826596107,-0.35774843165270453,-0.24175139000006046,-0.4570296016105662,-0.5833357180138768,-0.2874550353369352,-0.2287064485120601,0.3446905927375394,-0.2137784826579985,-0.006211320313649307,-0.1108030059066186,0.12153124704014123,0.22967939817380492,-0.08386350491613649,0.04827708510085184,-0.06499053852804082,-0.13834223726026404,-0.025373672723755247,-0.16758312291046565,-0.14111599018989446,-0.26612913951993356,-0.28462082571746977,0.0019261501381435363,0.10587699481886167,0.7249607535321821,-0.0362139602557721,0.7164041166975331,0.5320394258226644,0.5399100807499854,0.3686677159261058,0.6152431467304015,0.4539293825558267,0.637795910306455,0.5317363362842915,0.5574086650558318,0.5435931022947345,-0.04249258901743772,0.08113731124917628,-0.08292602317909488,-0.15953351618123304
