,#10,#11,#12,#13,#17,#18,#26,#49,#50,#51,#52,#53,#54,#58,#101,#102,#201,#202,#301,#302,#401,#402,#501,#502,#601,#602,#701,#702,#801,#802,#901,#902,#1001,#1002,#1101,#1102,#1201,#1202,#1301,#1302,#1401,#1402,#1501,#1502,#1601,#1602,#1701,#1702,#1801,#1802,#1901,#1902,#2001,#2002,#2101,#2102,#2201,#2202,#2301,#2302,#2401,#2402,#2501,#2502,#2601,#2602,#2701,#2702,#2801,#2802,#2901,#2902,#3001,#3002,#3101,#3102,#3201,#3202,#3301,#3302,#3401,#3402,#3455,#3501,#3502,#3601,#3602,#3701,#3702,#3801,#3802,#3901,#3902,#4001,#4002,#4101,#4102,#4201,#4202,#4301,#4302,#4401,#4402,#4501,#4502,#4601,#4602,#4701,#4702,#4801,#4802
#10,1.0,-0.05281294901687346,0.4027564220118777,0.51353242393037,0.30705025764625987,0.007118976750372313,-0.14557527563212508,0.813844985016817,0.1121532053129339,0.5152123138185856,0.2437101867507149,0.3416701765133821,-0.032875944887681544,0.002048675696209164,0.23641669168901885,0.20901449549899945,0.35299734192087023,0.23336886843213636,-0.28633134699520174,-0.03041495456679759,-0.20163555498233657,-0.012882514514643617,0.28046462981361203,0.25590954067022287,0.17987678926611625,0.3359404944954184,-0.2843467553902177,-0.05493618796387914,-0.0688807249966245,-0.1130310364493383,0.01125905087027405,0.014055374297442884,0.4039647497193802,0.24692487047154202,0.04251193515818493,-0.199112495793222,0.19493372939182585,0.2643694468011358,0.16844241399532064,0.2754451123789103,0.13800771024317696,0.078141077700953,-0.2573580829586698,-0.23508583842345074,0.08451966152314584,0.33806212126402846,-0.34404330311170583,-0.18174530402661707,-0.26550442039163846,-0.2189777579838097,-0.253964447435931,-0.3040822372199596,-0.4131823796962253,-0.1456744246034545,-0.31547227758487617,-0.007072223576899902,-0.24225116530269658,0.07098461780288298,0.025327725639480637,0.22842592947122564,0.03233022250077082,0.014464867609925377,0.09567109948551357,0.02682946981498238,-0.3049189578072762,-0.0711111738069376,-0.04442236655697136,-0.1800831481007531,0.10751416197959385,0.178796629741064,-0.060893993224820295,0.1262960402883381,-0.23561302075881208,0.2595804708770049,-0.30984899934102206,-0.12418489267929943,-0.2605413292007827,0.07898908353703879,-0.06883074746636089,0.017636022514071294,-0.1818871757254299,-0.2673326306922493,-0.061223683706720565,0.017254742323511808,0.13165733954290712,0.32927655509720427,0.15868067380996045,0.0882986076824331,-0.06820602833806574,-0.01443504230960677,-0.029459738867404373,-0.11177434338996782,0.06061347418398583,0.1814567240938046,0.40584051928266124,0.4024855760414169,0.16617085463591974,0.3104511479717788,0.20483331083000988,-0.3124744318582573,0.0896318792155946,0.26514006807423274,-0.027986207813825638,0.23813769212632224,0.15954641360839783,-0.0485519615173017,0.17827670220848288,0.08003216295899222,-0.1373652571525302,0.15207396674479015,0.031200085445454967
#11,-0.05281294901687346,1.0,0.1037553680502516,0.021793830596324636,0.025500228727809875,0.3766415502707452,0.3270477184652868,0.18024839638630213,-0.00025754549869715836,0.307711250788456,0.4279209145888038,0.03869187844980986,0.3572518807068596,0.3667097252646492,0.031472543594311425,-0.03540142234438952,0.23909452000411105,-0.02613542701567642,-0.12456133633467212,0.007244726665229141,-0.3525153005805857,0.1192105162396745,0.2251491768821679,-0.02048393564989934,-0.18257396372195564,-0.19453471523891477,-0.005516471425145549,-0.07022286351096181,0.2132263115575054,0.3630017149547683,0.1624402738285005,0.169957861687185,-0.34548056015138356,0.04609419555320894,0.21972983920535727,0.20770298837417855,-0.27619961186805125,0.03596407260445405,-0.170788939650117,0.04736862257493103,-0.24429540750831782,-0.08150891836936217,0.06652372018225677,0.10950762056575371,0.04400723062010427,-0.08808660622341165,0.018512241472080092,0.10280015235085839,-0.2198975057584997,0.09380419690340834,0.09967091408499808,0.23441920265687,-0.13944980381804148,0.17605028384415877,-0.22480578288390501,-0.033931921736799785,0.05584062004381095,0.029386384750404556,0.1343150156280543,0.14285150023275825,-0.28533663292511635,-0.21050737269332537,0.07307319491438326,-0.0737454733053486,-0.20689206264119156,-0.4126801861259958,0.17862976927711935,0.17676125451661853,-0.18099805934025628,-0.1969167088184143,-0.17113717018356667,0.039406073479060826,0.16793941433589335,0.07012049018284118,-0.011625821455273133,-0.06165735969513707,0.13831483022753882,-0.04022667228242141,0.1403195740624679,0.03626958041042032,0.22677022225894405,0.17644687972947645,0.04437722556189455,-0.2748953595460106,-0.05857326242435357,-0.1169881283213394,0.13311071836654084,-0.21527377811991785,-0.17323783863303394,-0.2207624394677393,-0.17827831438687847,0.12546335014701052,-0.020475068668723537,-0.0370877609461875,-0.07044695630795025,0.25494223363286267,-0.12650401130137057,-0.15832196411693936,-0.11145916251362795,-0.27827448546318895,-0.002392875783669842,-0.07055094181446649,0.15648811119194395,-0.06752085251993559,0.16797649443899215,-0.22810429988130337,-0.016474447980041232,-0.1845948293408407,-0.1575021714027766,-0.031891709977167525,0.21078950391255544
#12,0.4027564220118777,0.1037553680502516,1.0,0.6349850772737258,0.29549093854980524,0.3019831809488879,0.01571108150972446,0.31753909028803584,-0.03627602912400272,0.36179499942566146,0.25240788919497886,0.16742432333849902,0.044141847516136895,0.1363721552608404,0.3795507261856061,0.2553033615934771,0.5408951217496972,0.4640990038752738,-0.1430562468889995,-0.05749471507769692,-0.08436086195117921,0.18091100170689386,0.22417945157721428,0.20331786313814554,0.1519474107407355,0.2106266738945998,-0.14893183105176502,-0.1259236270789544,0.1934215060567527,0.10690717681365032,0.13432227043083453,0.14497876962575293,0.3620473053445729,0.23513984639970337,0.11342198971027138,-0.0029547199545365693,-0.011862811679426388,0.14510774389740097,-0.05547304336961406,0.22322181761022766,0.16206302408393,0.14804110248819582,-0.35561310136773183,0.07141909988049727,-0.014106157916904295,0.2798487776664927,-0.08722086642497426,-0.09353254484374969,-0.17203918399590507,-0.02480537983930612,-0.06056994536730462,-0.09998851322893135,-0.16737918234342222,-0.16267323360666475,-0.1681933324332004,0.006210514224451506,-0.32201449751422245,-0.06453832248807492,-0.24177718485439006,-0.005632548269628776,-0.11146883558400154,-0.12287741600046753,0.20012252555806562,0.11888082575777423,-0.1660048002611729,-0.13901774000802058,0.08113569907078068,-0.15064880104307943,-0.01532174042718697,0.007915392877798893,-0.12126281933727377,-0.09529868627612989,-0.3096345796144072,-0.007970206943249306,-0.3408100793393293,-0.12382618298627834,-0.26474427827811287,-0.05855714064039756,0.23338337803769676,0.11044671448119092,-0.07854331621065529,-0.035480419085773936,-0.021424641743732153,0.11838266263353371,0.1610723404598336,-0.019794729385780183,0.06906451333372295,-0.07509970315765291,0.042977048625315636,-0.06833177825292258,-0.026544920328158913,-0.12156993932163564,0.09205256507658854,-0.1121854488808459,0.19314340528351165,0.30788778432277425,0.19271053538429295,0.2128297156721877,0.17451387783315161,0.014076332616585687,0.032335059035957625,0.32738143939317604,0.11816260028253427,0.25411599220511744,0.3531633962956171,0.026038696311940397,0.1744042497022508,-0.07967264717677335,-0.1810367516217507,-0.2238110688138196,-0.24113956829893013
#13,0.51353242393037,0.021793830596324636,0.6349850772737258,1.0,0.1685810613373423,0.2732743141692344,0.11049185547626772,0.3867958558954341,-0.13434081048238392,0.5759833784407413,0.39306158722993495,0.29996392750839845,0.02879068483323022,0.20702426126963078,0.33534398848904623,0.21207199182625552,0.6335865125155424,0.23980065414138402,-0.1730669477231003,0.08317591083041294,-0.13899194515369098,0.13797466058606714,0.4300836519065017,0.2427444918917503,0.23654727813906248,0.17716268693712303,-0.0799023825981464,0.06340173671917666,0.19410426360728947,0.0958008798463594,0.14559704004046567,0.029980472489183292,0.21089429550826946,-0.022307309415323353,0.10387063880553703,-0.030469768632248,0.08287846391642467,0.17862090229594355,-0.06659304385326759,0.04903077850079501,0.11058616791241034,0.15915062381227796,-0.34272131682731355,-0.09873988106153886,0.1394425490152613,0.22467197207707018,-0.0304560651158854,-0.03081880525489548,-0.04649320970612003,0.10562388281075243,-0.16666579340336904,-0.20907575827803226,-0.28353582965723073,-0.14352377862372362,-0.2551389193971259,0.07539634398244338,-0.1527760704360741,0.15218440096488878,-0.21891085258039228,-0.09148024174615042,-0.09784592814117846,-0.11933223570854233,0.19138290647551603,0.028813255330768627,-0.14227514645633113,-0.1015482958266747,0.10938670718608368,-0.07940180120631249,-0.017154787262984587,0.03005946923056771,-0.1766677481696737,-0.11026453832248807,-0.2715379980371728,-0.0803215489810025,-0.16750815661507024,-0.04961438708000234,-0.1959929305977353,0.08763761454023695,0.18899930071762092,0.1606306035794391,-0.017371625257192835,-0.1426660997172642,-0.033919830398832784,0.08927397561177132,0.0847292447145739,-0.08991159216723127,-0.164632836446517,0.00039458066232318936,0.016756579199271295,-0.037732632304427645,-0.1881496827031395,-0.025017381298327566,-0.02503833961747037,-0.2362812687037884,0.010323987400825838,0.3861961255322708,0.14501020710446713,0.22045854384016864,-0.0017641262093856995,-0.10213674094106884,0.06316232822743001,0.39931683940486434,0.09444342563726389,0.11716466185565763,0.13742168339637623,-0.03902076284251234,0.07597350384806831,0.0834427263548848,-0.049435435278090696,-0.12394870854434398,-0.16178734157828234
#17,0.30705025764625987,0.025500228727809875,0.29549093854980524,0.1685810613373423,1.0,0.3154134330734367,0.0799354322552562,0.16677461544507208,0.056767622621281155,0.10669920580061787,0.12551735812326312,0.13012093353189996,0.429525838181624,0.23388879596471748,0.36043996348415935,0.07037682654774165,0.07455398077074218,0.21389375341328395,-0.5328382602176844,-0.35164875469295054,-0.4979571684504749,0.07688357855238472,0.34153072308216265,0.022487067306432792,0.16661420369470983,0.17269614669211222,-0.4618685550649607,-0.19755271319547865,0.38872805170256114,0.21314006001334077,0.1148342579848173,0.06184356629982891,0.15455027276043232,0.47755908130014124,0.25006620007536934,0.04350987358506155,0.12547624757417533,0.29167007575223236,-0.1222921952428646,0.29875076326570915,0.10716915580293537,0.2261374422386709,0.015264508094143158,0.16789346725161872,0.18403782170516078,0.4102482150162326,-0.3850369692658341,-0.14846994194142552,-0.28722771818315557,-0.29905707716087326,-0.34544992876186714,-0.2702933963157693,-0.4208047591506238,-0.22478321238636662,-0.49430558438444006,-0.15556836341725394,-0.40189390657023155,-0.2021643494960935,0.10713691223502336,0.12950346920638503,-0.13564667498282024,-0.10431156959673372,0.17318302456758353,0.0878810534779726,-0.46111486166501753,-0.3527466481803544,0.18877762618822586,-0.02167372330585241,-0.21079675871533565,-0.19436785477497012,-0.2953232719966628,-0.08557080183707728,-0.32472215112963326,0.1448167456969951,-0.41523790715061576,-0.3705273637054308,-0.2957005217412333,-0.1364777529457522,0.5780276206463626,0.1637243739205962,-0.12238570158980942,0.34936671617397824,0.33455079671841087,-0.018691999363189535,0.7310104529616724,0.31196498348524754,0.49633370480610534,0.0984819325182428,0.22504680355404727,0.10544009447365398,0.5474615243549775,0.1987134816403109,0.5188195629787414,0.2375105547304337,0.5425008514317152,0.3968872865626946,0.10235277284607928,-0.04895178175941059,0.19091859909758313,-0.19839991294236664,-0.07206074688194622,0.11685351142530677,0.3796982405088035,-0.09738968165522356,0.2577579032007787,-0.31025446220751557,0.1253835473164283,-0.20251096785114756,-0.3250058945272589,0.01435443338982675,-0.04971353605133176
#18,0.007118976750372313,0.3766415502707452,0.3019831809488879,0.2732743141692344,0.3154134330734367,1.0,0.39742736632522074,0.1209218436066043,0.0534013941312676,0.26785900693841275,0.36412620938569956,0.4432994843044357,0.46126237598821496,0.41391833913381687,0.1566315950691524,-0.05228415450311654,0.32507441210907195,0.0860697710505156,-0.3813765182186235,-0.14714714956783542,-0.2317034881494812,0.0927449956974989,0.17856125169530634,0.013383095906477531,-0.030563274979192822,0.01686620733017212,-0.262766941475909,-0.11734361365756928,0.44884779625289434,0.3885805373793637,0.2505877397863461,0.16577425875060206,-0.11680756434103216,-0.03372878725895414,0.3965987066298821,0.06766111204035283,-0.17917307339643668,0.028176444864506482,-0.21644663790271712,-0.04219836646024066,-0.07875934811566573,0.014904992311924275,-0.19173436136575692,0.06609488072902707,0.023077124599222527,0.03865882879270006,-0.18848098536343538,-0.01601739540488853,-0.20636407421663244,0.08985113547739625,0.003945403578632994,0.06993428357814933,-0.1453068479292576,-0.0313500180362458,-0.26362300820397283,-0.07234207201197848,-0.15724825330546952,0.024308022804263404,-0.15040778037293717,0.08235773029464576,-0.17413501591018554,-0.028633497439659185,0.18785384796754684,-0.01617055235247056,-0.3612605622875199,-0.31115647601985397,0.2780471683094093,0.09633048044931412,-0.2454972865022379,-0.15126142883340757,-0.09699792230509267,0.1474067102895271,-0.10117749479568662,-0.06293259280605695,-0.16392025359566162,-0.046821288009624706,-0.07302886000850424,0.0644351430707565,0.34364187069120133,0.15729823083573313,0.26517714817733157,0.22396825620739064,-0.03843392990651381,-0.21600570711152042,0.25283914691580195,-0.2800148320412395,-0.06500907857959022,-0.07261291798243935,0.020818462666986417,0.2519403574602548,0.05880057957813322,0.13364354332628678,0.09323590401895922,-0.2607726768005514,-0.08403520191526793,0.24802357004814368,-0.06264401287324449,-0.053765746448673275,0.06121642890394036,-0.06284714735109014,0.2986016367641161,0.15735707534717255,0.1373031882842996,-0.061971734482279134,0.21215018247844214,-0.008129812604413741,0.1231724446468624,-0.009382475217795226,-0.0821022000189431,-0.07690776122831872,0.11368638696714985
#26,-0.14557527563212508,0.3270477184652868,0.01571108150972446,0.11049185547626772,0.0799354322552562,0.39742736632522074,1.0,-0.04267395908694276,-0.22455589523258696,0.16834407111318903,0.4939742817241442,0.30717439538272107,0.4075897328418876,0.8199108062302634,0.2111167761268623,0.010694788431813922,0.09927028775369139,0.026592479590829124,-0.14941548457044515,0.04735250079097503,-0.05328612337598217,0.12795416576821309,0.42709306098266303,0.24646056309360911,0.08207962952140468,-0.024915007970206942,0.04183643241042838,0.029297714938646535,0.3726530209200299,0.21921877865395195,0.1704399030274695,0.155806159730605,-0.15943759156669482,0.11604500395991318,0.21262980555113326,0.19392611789457562,-0.15548211187308933,0.10004896991876636,-0.1674178746249166,-0.0401823373765424,0.01483808690850686,-0.07544793369110259,0.10717802278411118,-0.01448018330468358,0.1748298647986893,-0.03423420518597486,0.07487399818226886,0.09195744655124813,-0.09305211568186078,0.056924810014852195,0.062328025907706815,0.30196544698653627,-0.006708677348692019,0.2830086473218694,-0.11693250816669118,0.023826787553176697,-0.17930204766808472,-0.11184447315017643,-0.1775213966301441,-0.17410357843147134,-0.2864401690369048,-0.15820508118325832,-0.040229090550014814,-0.22789552277907313,-0.1571378190853709,-0.24650167364269693,0.5519441863839443,0.4561566070093486,-0.180615973060499,-0.12878443764194727,0.002756422011877724,0.061274467326181976,0.17651781557888288,-0.0198664713243844,-0.06842367242147179,-0.08142589118198874,-0.11553797385449686,-0.018829840616013366,0.32254812856316617,0.27483732112376896,0.4867396311738875,0.38131283717199727,-0.007272133697954347,-0.500877629614105,-0.023237536349584764,-0.32567897900742204,-0.1692081987332308,-0.23234271688333671,-0.08710801393728224,-0.12033178631381455,-0.06231835283733322,0.076358008395419,-0.03865399225751325,-0.2799511509946133,-0.08895557037864024,0.302289494844052,-0.11296574322431649,-0.16171801790727153,0.09543894579654712,-0.08803582260395024,0.1585629847870816,0.00905197864669715,0.2176880152673294,-0.28667796535025586,0.23960477446631856,-0.15165318818353846,0.07427668608669892,-0.13935387920350326,-0.08627935424194365,-0.2431967079317162,0.0578510065031246
#49,0.813844985016817,0.18024839638630213,0.31753909028803584,0.3867958558954341,0.16677461544507208,0.1209218436066043,-0.04267395908694276,1.0,0.1717747867390266,0.5799307972423688,0.3254387644264776,0.4036342531482821,0.09480697186547177,0.0931577133667726,0.2666442305173279,0.2728043641669169,0.47081292080375153,0.07179554353586996,-0.283813124341274,0.10219236109571704,-0.1827319572047245,0.13404175139000005,0.16348738369644292,0.25978199317645495,0.08736273812378709,0.3200661799231394,-0.28505691997347965,-0.14194706815282646,-0.039904236603301335,0.048960648740586386,0.07643781122600121,-0.027394538342640305,0.27093181896042706,0.06661883870759719,0.06203702770730095,-0.08064882119530936,0.025889569810347363,0.2742053471926936,0.11151155831148496,0.17559564953659948,-0.0019986981659455526,0.2040643017353085,-0.1827327632939223,-0.11063614544267396,-0.07534556036298197,0.10766973719476929,-0.3800964485725168,-0.2591177756774676,-0.3922305092670029,-0.2640574902815871,-0.13963036779834873,-0.15296953184354614,-0.38090898648389937,-0.06053125308581021,-0.2655713257950559,0.08196194049852587,-0.22735624910574478,0.16832956150762862,-0.07937116981679608,0.26436138590915775,-0.07801532778609617,0.04269733567367897,0.19360529439385116,0.04186867597834038,-0.3642027878594906,-0.1575311906138974,0.024695751708405295,-0.1744590637677012,0.15464377910737712,0.23824732025722306,0.05269687217239023,0.2067171412852689,-0.01663485973040347,0.30049352811135316,-0.3046287656960681,-0.10247046186895811,-0.15332904762576502,0.15125981665501195,-0.08671786676554694,0.05203265467340289,-0.1752611225195124,-0.18263845085777966,0.05636457802238107,-0.05889247374668244,0.041647807538143136,0.1351654397317335,0.06220872470643239,0.0808060085888804,-0.1302515199819436,-0.016054475507987335,-0.11706551288432822,-0.13163235077777533,-0.06237477908117923,0.007953279070095501,0.11868494608270878,0.3959481926472574,0.2392009237782207,0.2450474887298654,0.07775979751039351,-0.33670063660894395,0.08998655846262668,0.24158775389290701,-0.11140999107256214,0.3431195248910268,0.029895833123414272,0.08429879308294859,0.06875336290337207,0.06417074581387804,-0.0662278854466641,0.08216185061958031,0.14622820788234323
#50,0.1121532053129339,-0.00025754549869715836,-0.03627602912400272,-0.13434081048238392,0.056767622621281155,0.0534013941312676,-0.22455589523258696,0.1717747867390266,1.0,0.013961867950498062,-0.3071421518148091,0.017240232717951404,-0.01831071917263005,-0.2897467469262811,-0.044672254208289415,-0.01566997096063665,0.047799074206556325,-0.008798866638587893,-0.23761454023694992,-0.08797859027090643,-0.11867688519073077,-0.25312530858102106,-0.048485862203082083,-0.14007935948152342,0.029993369916348094,0.09101512827901971,-0.3856955441404369,-0.25943859917819206,-0.12916813610010017,-0.21432662331250266,0.04529777942578236,-0.27036916870036254,0.3170820377128831,-0.08286637257845766,0.019044260342628214,0.147943565695262,0.10487583203519385,-0.15633495424436192,0.4279346181051664,0.059700981212076024,-0.17139511872686272,0.019540811288473126,-0.10360140501347176,-0.014085199597761491,-0.16545182307148198,-0.17473152191655766,-0.3532198225394631,-0.2514623465659593,-0.23197514020913984,-0.31507890605634964,-0.046326349242175394,-0.19658540615811843,0.044792361498761646,-0.040023537804575765,0.08592145063812036,0.11065629767261896,-0.020742690282393197,-0.12100728906157111,0.012077231406041236,0.24908841387843772,0.08454948682346446,0.200976174018536,0.19279517475006197,0.341251010130526,-0.2565592485636498,-0.01832764704578385,-0.049017881073630205,-0.1448111030726105,0.1416592943092118,0.2118873973999593,0.3624801752437916,0.2958665761159801,0.08219893072267911,0.03950925289637925,-0.02807971416077046,0.08921513110033191,0.061886289027312316,0.17024724770919525,-0.10458402774559018,-0.17167563776769718,-0.1544994891409709,-0.011003520594571393,0.11001465067117001,0.11541867265322245,-0.08325571366099516,0.2146232641372931,0.18767328398723962,-0.0839046154652243,-0.13979319781630437,0.15247056263010783,0.17449291951400883,-0.20120268508311787,0.0012522595687825837,0.15613020758812066,-0.05603408145128299,-0.06410706476725182,-0.131056803090546,0.4030780516018,0.2353647452858896,0.22395858313701703,0.2088677872649998,0.11627957591647303,-0.38328291917142093,0.42361236782656186,-0.01734421822446763,0.3665259369275507,0.1448167456969951,0.048867142393641566,0.11272714082176763,0.10044879016087525,0.10530225322083014
#51,0.5152123138185856,0.307711250788456,0.36179499942566146,0.5759833784407413,0.10669920580061787,0.26785900693841275,0.16834407111318903,0.5799307972423688,0.013961867950498062,1.0,0.6013630968334801,0.40196000588445113,0.4095162860246301,0.3399886744467709,0.19767120830755527,0.0935986441579693,0.7737807397077524,-0.07362294774728298,-0.07087337749358655,0.04034516739449804,-0.09705676681653208,0.08691455252981019,0.5274874401226868,0.29603746702591377,0.14846268713864533,0.05151595149761297,0.007773521178986061,-0.15349107155452288,0.2698137732430782,0.199176982929046,0.3981609074952189,-0.11047250933552052,0.10049796160194106,-0.23782412342837797,0.2815899303337411,-0.04185013592679098,0.04172196774434075,0.041958151879296204,-0.13580144410879785,-0.10037866040066663,-0.12239053812499621,0.042095993132120035,-0.298949061208368,-0.058957766971704254,-0.12147562688549302,0.05043095543737392,-0.07393087382084265,-0.18530015738891586,-0.23290697932179685,-0.17211656855889387,0.05573985889408593,-0.06951753546288665,-0.22936744165425627,-0.02204371824764269,-0.18481005515665336,0.08659534120748132,-0.16133028900312965,0.13258192385278392,-0.3227028976891438,-0.0993097861243836,-0.2551784177678181,-0.305932211928911,0.19936963824732026,-0.020456528617174133,-0.17338938340222038,-0.24615424919844506,0.17004330714215182,-0.02618540454594003,-0.11306731046323931,-0.12062117233582483,-0.11192911251594545,0.01443826666639797,0.0076098850718326234,-0.06119466449559976,-0.18226926200518717,-0.23464571372145185,-0.12641131104362352,0.10075026752085252,0.18662939847608837,0.1457284325797071,0.11194362212150585,-0.13222724460575186,0.18204275094060532,-0.060743254544831655,0.10268004506038615,-0.19441460794844254,-0.18613929624382586,-0.045972476084341116,-0.1449175068467201,-0.1338507082501214,-0.10443570733319496,0.045472700781705,0.0759702794912771,-0.24265340381239886,-0.05862243386541938,0.5516257811508133,0.048123122064072,0.2818406240742569,-0.19842409561830066,-0.28142871249418105,-0.050658272591153575,0.48765212414579734,-0.024697363886800893,0.18515344915491624,-0.08003377513738782,-0.08827120064970789,-0.18567660104428857,0.007365640044899168,-0.17192310715142184,-0.19662087408282164,-0.0007532903553442706
#52,0.2437101867507149,0.4279209145888038,0.25240788919497886,0.39306158722993495,0.12551735812326312,0.36412620938569956,0.4939742817241442,0.3254387644264776,-0.3071421518148091,0.6013630968334801,1.0,0.5636832633715084,0.5412602801563007,0.6680371526511266,0.3139689212309788,0.007386598364041973,0.4670533207852115,-0.09362524510149671,-0.009747633624398708,0.09837472265493538,-0.10091470971720376,0.06863406170209764,0.4925257394356973,0.3630613655554055,0.02453614604724086,-0.21679970497135362,0.11454729023040044,-0.022885275370146084,0.47485142768473043,0.18739840757078974,0.43279533596790154,0.033382974993097864,-0.2850351555651391,-0.08773998786835757,0.36441559540770985,-0.060507876499074006,-0.09983132583536031,0.13529441400338155,-0.21358502125052647,-0.18228457769994538,-0.12271458598251189,-0.11370895746468826,-0.12035032636536395,0.014821965124550857,0.1373773484904972,0.20596828442051254,0.03905945512400675,0.010790713046352145,-0.1474123529139117,0.014834056462517859,0.1491978404870391,0.19119992422761542,-0.22835821797861042,0.058821537897276024,-0.2997366103546188,-0.12651207219334856,-0.25808356323668996,-0.040641808219288506,-0.15603911950876925,-0.18814645834634833,-0.1872452506232077,-0.3290419831406444,-0.04021538703365221,-0.20341862428787058,-0.17267841272976062,-0.31287908863555297,0.3199944379845352,0.2870568272732219,-0.13244247042156448,-0.2057111419664143,-0.24563432166586394,-0.0485576041416863,-0.07383817356309562,-0.12202941016438174,-0.14074277089131298,-0.32341306227240574,-0.15770611196982,-0.07906646810002761,0.3191464321484494,0.20983025776717323,0.3574872587526173,-0.011955511937173409,0.010178891345221805,-0.3108267855379537,0.23775399366816935,-0.14050900502395092,-0.10988567639952199,-0.15879030194086127,-0.25396686570352445,-0.22019978920767477,-0.13926037285655843,0.29163218955993575,0.05669426850428134,-0.19015926307325537,-0.00975327624878331,0.4044403423460823,-0.1488278455452488,-0.13895889549658116,-0.20542659247959083,-0.35084508376274376,0.05778893763489399,0.30172926285158086,0.20552090491573344,-0.14019382414761106,-0.03271230878052811,-0.358073285599418,-0.2056619705253485,0.02458692966670227,-0.23280057554768724,-0.1739173718267795,-0.06630849436644412
#53,0.3416701765133821,0.03869187844980986,0.16742432333849902,0.29996392750839845,0.13012093353189996,0.4432994843044357,0.30717439538272107,0.4036342531482821,0.017240232717951404,0.40196000588445113,0.5636832633715084,1.0,0.3580789282238026,0.3849491055432739,0.1311946443433698,-0.01492514454186928,0.3318246030514507,-0.10590278967319129,-0.29697575485215316,0.07115953915880562,-0.11594988543457277,-0.06285762651066154,0.0680246582685607,0.08920465194076051,-0.20603438373473218,-0.12994681826517512,-0.24434619112777925,-0.21688353824792483,0.33456046978878445,0.10263248579771594,0.31274044129353135,0.037564159662087405,0.005321397839277905,-0.09772904520749744,0.3505033019428765,-0.059675992446944215,-0.0671081348506619,0.156717846613317,0.01982777904288999,-0.17203273528232266,-0.0014997289525072396,-0.02203807562325809,-0.24030123553321792,-0.1453270001592026,0.06989478520745714,0.14023896514268785,-0.2804831698651614,-0.12387213007055296,-0.22230206983553766,-0.09480052315188937,-0.053079764541345324,-0.04124395685004524,-0.269899218698045,-0.1407782388160162,-0.3002210699624967,-0.09345516028076087,-0.1668608669892367,0.10783982201550513,-0.12156187842965763,-0.027824989974265604,0.15297033793274395,0.013962674039695862,0.04227978146921848,-0.09875277848870367,-0.28895597342323914,-0.03059068201191803,0.21360194912368027,0.11204760762802207,-0.020558901945294757,0.11556699306561767,0.0556092724440423,0.1841909786527428,-0.10988728857791759,-0.02397349578717633,-0.13453830233584496,-0.14521414767151059,0.002044645250220163,0.18382420806774374,0.1531815333025676,0.1121298287261977,0.35105627913256743,0.09174705727062228,-0.02703341038202582,-0.14624513575549702,0.22600121316424268,-0.02705678696876203,-0.14757357075347172,0.02278209595282766,-0.0587159402123642,0.3280198620378338,-0.039318209756500605,0.19703762219808432,-0.04630700310142819,-0.04375734296878621,-0.042637685073041755,0.05863533129258418,-0.2101091646296121,-0.047188058594623786,-0.08373936717967527,-0.12655560101002977,0.28196234354312477,0.41534350483552757,-0.04980784848747438,0.13346136716758392,-0.08672995810351394,-0.001416701765133821,-0.06713715406178271,0.36595925622149716,0.0048562843721472,0.08747559061147911,0.06925716865199719
#54,-0.032875944887681544,0.3572518807068596,0.044141847516136895,0.02879068483323022,0.429525838181624,0.46126237598821496,0.4075897328418876,0.09480697186547177,-0.01831071917263005,0.4095162860246301,0.5412602801563007,0.3580789282238026,1.0,0.6080987781702984,0.2163821507668931,-0.09988936425760192,0.29519026727902575,-0.3183604951805942,-0.2339242638894207,-0.1408145128299172,-0.2786839787756714,0.11269086680786662,0.44597328217353893,0.07088305056396016,0.022042106069247093,-0.23947015757028595,-0.13086334168307395,-0.28804670480812056,0.7097393712101212,0.40146829147379304,0.4837667742124005,-0.1253504976593185,-0.26123779026768207,-0.1028694760218692,0.43525390802119207,0.1651350300167465,-0.08853076137139955,-0.060644105573502236,-0.3213809114047515,-0.23498346509533014,-0.12338122174909265,0.033657851409547725,0.02815951699135268,0.20552654754011807,0.041220580263309034,0.07555917400039902,-0.14959040592636777,-0.08334357738355538,-0.2838107060736806,-0.15567154283457235,0.09044119277018599,0.1800976577063135,-0.1474333112330545,-0.005310112590508702,-0.2609685564756168,-0.0626714199059697,-0.2428871696797609,-0.09080312681999826,-0.15134929255596777,-0.132928542207838,-0.28157058419299386,-0.30358810454170804,0.2616206826366372,0.0622433865419378,-0.2829393236508586,-0.3951179207735232,0.3908754733255008,0.29159672163523254,-0.2590581250768304,-0.31569959473865583,-0.1792585188514035,0.04874703510316934,0.14013578572536944,-0.02084183925372262,-0.12200522748844773,-0.35432335865125153,-0.08471312293061789,-0.11586685824719935,0.5859023060196726,0.17728118204919965,0.22080758046281612,0.3498705219226034,0.5035095108449226,-0.19405428607702585,0.5252070137821101,-0.23608780729631637,0.040990038752738184,-0.04774667840869931,-0.14607666311315678,-0.009259143570531796,0.2728753000163233,0.32258198430947377,0.32694131469117715,-0.1774262781048037,0.0167759253400185,0.39094399090731385,-0.20595458090414995,-0.19849180711091585,-0.2596111022665213,-0.13742813210995863,0.08307918012667692,0.22937630863543204,0.1965378468954482,-0.19805571285490595,-0.1002650018237768,-0.35030903444620665,-0.2503152816374896,-0.0851790424869464,-0.2542514151903479,-0.21267252827861666,-0.027708107040584577
#58,0.002048675696209164,0.3667097252646492,0.1363721552608404,0.20702426126963078,0.23388879596471748,0.41391833913381687,0.8199108062302634,0.0931577133667726,-0.2897467469262811,0.3399886744467709,0.6680371526511266,0.3849491055432739,0.6080987781702984,1.0,0.3770510435832277,0.008207197167402558,0.2758280047478654,-0.0538431310116621,-0.2445783448167457,0.034381719509172286,-0.19145706668171367,0.17980343514911643,0.5657508821638658,0.2406792913669862,0.07449513625930278,-0.08999703762219809,-0.025459118178722068,-0.03657428212718879,0.5387968715678233,0.26953970291582613,0.28414200873397644,0.09588793747972182,-0.22622933640722015,0.12202054318320593,0.25318898962764724,0.1558843503827916,-0.21399370847381116,0.13910318546298742,-0.2608460309175512,-0.09420240496712164,-0.019488415490616116,0.00018016093570834082,0.058423329833562736,0.0896528375347374,0.12437271146238688,0.03302345921087898,0.005374599726332717,0.08777948623904978,-0.19412441583723447,0.06568780568413798,0.061080199829512134,0.27697829403312624,-0.1664836172446662,0.11450053705692803,-0.31432440656720867,-0.05346829953468501,-0.2606154894069803,-0.05042370063459372,-0.14181083907839823,-0.19125635047146142,-0.2777166717383112,-0.22896278487696056,0.14338029474651517,-0.13538308381513955,-0.262702454340085,-0.3606277822672468,0.6969749487629554,0.4525187264596764,-0.1819363471664957,-0.18799975011234868,-0.12439125151393628,0.08890156240238764,0.0900832891663627,0.06780137156077005,-0.1532371534572158,-0.23876966605739758,-0.183125328733251,-0.08203610070472347,0.4632397127904188,0.22543211419059575,0.38166509815143596,0.3237338857731302,0.1937947253553342,-0.40544392339734353,0.17916662468285427,-0.1915618582774277,-0.03474849009417137,-0.25262311501079154,-0.17419063606483376,-0.22701607946427313,-0.021471394917204564,0.17184572258843303,0.013656360144531794,-0.21426858489026104,-0.05903595762389087,0.44266428601656915,-0.1487851228177654,-0.27897900742206627,0.030275501135578156,-0.23984418295806523,0.12126040106968036,0.09387029621762796,0.3036945083158177,-0.28058715537167767,0.21332143008284582,-0.3629533496029003,-0.000291401245004766,-0.07971536990425676,-0.22373852078601758,-0.22089463809617854,-0.05370690193723386
#101,0.23641669168901885,0.031472543594311425,0.3795507261856061,0.33534398848904623,0.36043996348415935,0.1566315950691524,0.2111167761268623,0.2666442305173279,-0.044672254208289415,0.19767120830755527,0.3139689212309788,0.1311946443433698,0.2163821507668931,0.3770510435832277,1.0,0.44889454942636675,0.29515802371111377,0.20034016964147167,-0.18754189144799818,0.19362947706978514,-0.21116272321113694,0.4404918756284977,0.3844993077709014,0.3363177442399889,0.3911003722116871,0.18922661787140055,-0.31632270168855536,-0.1836065639843377,0.32024029518986424,0.16795876047664055,0.03499112294270922,0.1748451804934475,0.033839221479052765,0.2977036533977667,0.0715126062274421,0.3036356638043783,-0.07714475145247197,0.5056480654866864,-0.133707224372913,0.17331683537441836,0.202658482174345,0.4760855502465625,-0.03583671051120162,0.3047770861084633,0.010221614072705216,0.17727473333561725,-0.282913528796529,-0.18723799582042752,-0.40079762526122326,-0.25757733922047144,-0.19139096736749406,-0.04145434613067109,-0.4194207039980009,-0.06926764781156859,-0.3809839527792948,0.10350225604214235,-0.3347765016937949,-0.090541953919911,-0.09260312399868607,-0.02586861149120456,-0.08396829651185052,-0.12922859278993518,0.3170868742480699,0.11242082692660356,-0.34383694427706896,-0.3641995635026994,0.40065736574080607,0.12049864677775919,0.3513577564925447,0.190273727739343,0.059289069632000126,0.04423293559548832,-0.1942155039165859,-0.016618737946447464,-0.2883078777082078,-0.3143050604264615,-0.22450511161312556,-0.12898515385219952,0.427847560471804,0.3059636494076252,-0.13701460835148713,0.0507848285952082,0.23952658381413194,-0.03098002309445552,0.30494233439401236,0.09023322175715354,0.07787184390888774,-0.1899263032950911,0.04738635653728263,-0.1306134540317559,0.14198334216672745,0.07850623610755648,0.010968052669868184,-0.04587977582659409,-0.03550379567251014,0.39405388303242694,0.27670019325988515,-0.15036022111026695,0.11730653355447047,-0.32353800609806477,-0.029950647188864685,0.00949290943789385,0.27867591788369345,-0.05819440050138748,0.08109297634329726,-0.26255332783849195,-0.03390612688247018,-0.019276414031594667,-0.3679212773289428,-0.09366958000737571,-0.3054735471753627
#102,0.20901449549899945,-0.03540142234438952,0.2553033615934771,0.21207199182625552,0.07037682654774165,-0.05228415450311654,0.010694788431813922,0.2728043641669169,-0.01566997096063665,0.0935986441579693,0.007386598364041973,-0.01492514454186928,-0.09988936425760192,0.008207197167402558,0.44889454942636675,1.0,0.07260808144725255,0.3016631635373612,-0.030158618201897133,0.44689947866181134,-0.16121340606944862,0.7016212468990756,-0.0256098568587107,0.6011809206747772,0.26910844519500304,0.5269836343740617,-0.21522783103564325,0.07345205683734933,0.05005531787119904,0.3684460413967108,-0.06584096263172001,0.043255149398556694,0.05874254115589161,0.10867009388923932,-0.002005952968725754,0.256574564258408,-0.06382815790481296,0.5312994359390838,-0.19798719527309294,0.3715664126813953,0.19721576791079817,0.5906993428357815,-0.03882246489985349,0.3576307426298257,-0.014590617524782204,0.27256898612115926,-0.21820633062151493,-0.08453094677191504,-0.21834014142834976,-0.1351235230934479,-0.3233106889442851,-0.23893572043214442,-0.3058411238495596,0.02886484503942784,-0.23704785953089638,0.3718832057361307,-0.33307001086205196,0.17284043665851845,0.051200770621273095,0.1818783087442541,-0.10438089326774454,-0.2000338557463076,0.118788931589225,0.07535603952255336,-0.15021512505466292,-0.09652394185678616,0.03506125270291784,-0.08780205673658818,0.5294236663758028,0.46650921057669636,0.23229515762066652,0.1528075079147883,-0.20056829288444913,0.05803801919701425,-0.4600209986236027,-0.24836777013560435,-0.34679851598978684,-0.2300413322236172,0.017738395842191917,0.704253934219091,-0.25987711170179534,-0.05269122954800563,0.04908317429865202,0.04618447754336256,-0.08188213766794365,0.008853680704038306,-0.12999840797383436,-0.125759990971801,0.29909899379915883,-0.05169973983471141,-0.1589434588884433,-0.02232665555607056,-0.19483538650969423,0.013819996251685231,-0.05630895786773285,0.17638078041525684,0.6930807318483827,-0.10355626401839496,0.07469988291554402,-0.167359836202675,-0.2591459887993906,-0.06773285397895704,-0.008358741936588993,-0.030760766832653868,-0.20733379952158607,-0.11874943321853279,-0.16534219494058114,-0.04931371580922287,-0.29915864439979606,0.10008443784346957,-0.098428730631188
#201,0.35299734192087023,0.23909452000411105,0.5408951217496972,0.6335865125155424,0.07455398077074218,0.32507441210907195,0.09927028775369139,0.47081292080375153,0.047799074206556325,0.7737807397077524,0.4670533207852115,0.3318246030514507,0.29519026727902575,0.2758280047478654,0.29515802371111377,0.07260808144725255,1.0,0.08223117429059112,0.0038261023773585668,0.07385590752544723,-0.04806911408781939,0.10335554780814271,0.47657726465722067,0.15621726522148308,0.13472934547572363,0.012442389812644719,-0.009101956176960762,-0.17124357395767628,0.3765843179377014,0.15386429085310435,0.5237359009961248,-0.11853662567031355,0.174355078261185,-0.22682100587840548,0.3328572033138327,0.058036407018618646,0.0759211080502113,0.06349604915531928,-0.10611398504301493,-0.1430812356541313,-0.09370182357528772,0.13108743448006238,-0.32440858243168896,0.056887729911753386,-0.1804926414132356,-0.1121854488808459,-0.0379801016881523,-0.16164950032545852,-0.21069196711962163,-0.08410936212146555,0.2186343639855468,0.025799287820193743,-0.03548767388855414,-0.07146182260798069,-0.06996169061087455,0.13703395449223435,-0.2186287213611622,0.06077146766675467,-0.4220364634448625,-0.15593674618064862,-0.25626744427404613,-0.25551697523089417,0.299864778537069,0.09795797453967268,-0.13779087224896872,-0.18899688245002752,0.18848340363102878,-0.11388387882061089,-0.064868819059173,-0.03615269747673929,-0.02183977768059925,-0.07498362631316968,-0.0521108453255895,-0.19088393726207772,-0.21132152278310357,-0.1902156893171014,-0.15743204164256797,0.07618872966388096,0.32298341672997827,0.061119698200204346,0.07047113898388427,-0.07414045701227069,0.18026048772426914,0.06697996666821167,0.10979620049856617,-0.265127170647068,-0.26419049499922415,-0.10485648589444665,-0.15240526940508603,-0.061149523500522954,-0.12244938263643564,-0.08675333469025015,-0.034668687263589154,-0.3784689544821582,-0.2189729214486229,0.5386034101603513,0.01218444126934866,0.3673199347873839,-0.13912898031731702,-0.06828260681185677,0.06648905834675135,0.6738353522509033,-0.0525380726004236,0.33608962099701145,0.03440187173911729,0.0918325027255891,-0.10761734139691227,-0.0626649711923873,-0.07952916329956491,-0.3669555824699782,-0.11684464444413097
