,#10,#11,#12,#13,#17,#18,#26,#49,#50,#51,#52,#53,#54,#58,#101,#102,#201,#202,#301,#302,#401,#402,#501,#502,#601,#602,#701,#702,#801,#802,#901,#902,#1001,#1002,#1101,#1102,#1201,#1202,#1301,#1302,#1401,#1402,#1501,#1502,#1601,#1602,#1701,#1702,#1801,#1802,#1901,#1902,#2001,#2002,#2101,#2102,#2201,#2202,#2301,#2302,#2401,#2402,#2501,#2502,#2601,#2602,#2701,#2702,#2801,#2802,#2901,#2902,#3001,#3002,#3101,#3102,#3201,#3202,#3301,#3302,#3401,#3402,#3455,#3501,#3502,#3601,#3602,#3701,#3702,#3801,#3802,#3901,#3902,#4001,#4002,#4101,#4102,#4201,#4202,#4301,#4302,#4401,#4402,#4501,#4502,#4601,#4602,#4701,#4702,#4801,#4802
#10,1.0,0.3548392557378437,0.285580071862852,0.40336179499942565,-0.07860941552487491,0.0644714170846575,0.08411178038905895,0.7277385369078015,0.22332822138433728,0.38429617329305577,0.5084726020357783,0.03957696438899446,-0.12788000556201545,0.14363421284382225,0.011438808761383491,0.2096504998760638,0.2309006233084722,-0.05251550210288519,0.1712250339061269,0.18161794193336464,0.18899930071762092,0.3197614782063709,0.2944438286818628,0.016406736487426018,0.30408546157675076,0.09148910872732623,-0.1081445237322736,-0.02115782621926029,-0.13749020097818923,0.0030474202122835903,-0.007928290304963696,-0.287475993656078,-0.013431461258345542,-0.35420566962837274,-0.22817523573070977,-0.28527617623528134,-0.24911098437597612,-0.1734828897491652,-0.3316085711464402,-0.184073289629864,0.01399411151841007,-0.057723644409872175,-0.20678324059948855,-0.010643198723154711,-0.3411841047271086,-0.08746994798709451,-0.20901852594498843,-0.21844412693486598,-0.0728474899389992,0.041159317484276224,0.06050223387468941,0.2846538753745796,0.1783605354850541,0.14951705180936797,0.12645161550351355,-0.08221666468503072,-0.1606934785368675,0.013425012544763141,-0.25539928620801533,-0.07502715512985089,0.11814567240938045,-0.16928961374220863,0.09887772231436269,0.25110686122972936,0.025238249738524815,0.09311660281768479,-0.041613951791835524,0.16986435534024016,0.08844854027322394,0.0260467572039184,0.0640183949554938,0.1306747168107887,-0.030209401821358544,-0.18797879179320587,-0.16427332066429812,-0.29057782488921313,-0.301309290379527,-0.3094846470236164,0.20646886581234647,-0.11769668072620576,0.013866749425157641,0.05948172495027437,,0.06736124685877115,-0.11298992590025049,0.029530674716810788,-0.02269342614106964,0.08456238425062926,0.008418392537226206,-0.03058665156592903,-0.18240226672282422,-0.1148165240224657,-0.22642279781469218,0.09116103042382155,0.13382894384178082,0.16180749380822734,0.10871684706271173,-0.16757425592928984,0.028822122311944427,-0.1739665432678453,-0.02310130727515653,0.0362067054529919,-0.1832293142397672,0.04066599089522251,-0.09946052480437223,0.040536210534376685,-0.025752534646721333,-0.25156230162648646,-0.2523619421107043,0.18997225037936574,0.21185515383204728
#11,0.3548392557378437,1.0,0.2004747865375043,0.3637400926599533,-0.2857759515379174,0.041965406682076406,0.3887917327491874,0.23189533737855764,0.15828649619223614,0.3703347083871566,0.12285887594891813,0.11842941580700612,-0.12702877536913848,0.28880765301084393,0.21536325402087367,0.31100251298307413,0.08237546425699736,-0.0423773182621523,0.26527629714866097,0.3394002293323768,0.23469327298412207,0.30362357246641125,0.07580583729492588,-0.07451125804325878,-0.022188814303246727,-0.007260042359987344,0.11204277109283528,0.17062046700777675,-0.17407455922035053,0.05699735804265421,0.10233181452693647,-0.1647190879906816,-0.09774919743744244,0.03818404225519575,0.017800464710422532,0.07164641703427693,0.020874082821634627,0.11553797385449686,-0.048193251824280615,0.187542697537196,0.09278771842498232,0.15352653947922607,-0.03439864738232609,0.1554796936054959,-0.20242068586099396,0.12331754070246644,0.1011081711246758,0.11645046682640668,0.07511824320920231,0.2859234658611149,0.19913506629076042,0.23415399931079373,0.0794896649288727,0.1822765168079674,0.09106268754168993,0.16879628715315492,-0.2366440088427985,0.029116344869141494,-0.34851629207029905,-0.1041793709682945,-0.2761939692436667,-0.27392402206266137,0.25544523329228996,0.34044895137871484,0.19539239414537415,0.31067201641197606,0.2234354312476447,0.5304345022298442,0.15252860105234944,0.14472162717165468,0.12460244688375992,0.11868897652869778,0.0238308179991657,-0.31328535759124426,-0.0304528407590942,-0.12917377872448477,-0.27736844120486154,-0.20712824677614702,0.2247356531236964,-0.06590706194593962,0.09278449406819111,0.08174187814752641,,-0.07387525366619443,-0.04918957807276164,-0.340387688599682,-0.33092823186349685,-0.0869830701116232,0.12900288781455113,-0.054501705886264844,-0.26381324525465366,-0.21606455162295984,-0.24157405037654442,-0.34331782283368567,-0.27488568647563694,0.0680004755926267,-0.10268810595236416,-0.07144892518081589,0.0684647829705596,-0.07048161814345566,0.05491684182313194,0.021747077422852226,-0.1593070051166512,0.07085644962043275,-0.015782017359130873,-0.021956660614280272,-0.050626029023241564,-0.3171094447456083,-0.3500301275837678,-0.3143227943888131,-0.25820044617037097
#12,0.285580071862852,0.2004747865375043,1.0,0.4027274028007569,-0.040765945955749734,0.2869560661234969,0.03169341203450868,0.15610924926897785,-0.17584714936631313,0.48068106476322137,0.3307654018455412,0.021489128879556167,0.23240720401916073,-0.05086543751498822,-0.16814657925972798,-0.020990965755315654,0.4848219449723209,0.43900947759374315,-0.052960463340070894,-0.08112118946522028,0.086100402440032,0.057118271422324236,0.3060313609002404,-0.23000908865570519,0.20623993648017122,-0.1669567916037749,0.3439876829570576,0.25873891375450153,-0.0318022340762117,0.20109869957660165,0.4051891992108387,0.12383827432424535,0.3744763946854539,0.24731824200006852,0.030807520006126278,-0.06406514812896622,-0.21251695306344123,-0.1563268933523839,0.02194940581150007,-0.047232393500502796,0.17735050572021047,0.19724236885432558,-0.005291572538959299,-0.06193787873597153,-0.31154742928078705,-0.4278862527532984,0.29578919155299127,0.23933957112024232,0.24023594230819612,0.2119591393385635,0.4082515320732816,0.5772344288757273,0.3814780854575463,0.293591792399788,-0.002697577500438311,-0.11668423269376874,-0.2259794487559021,-0.17551665279521506,-0.18483665610018077,0.1735820387204946,-0.09973540122082208,0.1258341511779986,0.09237419466651083,0.07189066206121038,0.36328707053078957,0.32613441940417914,-0.2910203678588054,0.07996928800156382,-0.11722995508067945,0.1029081683033636,0.15578600750066,0.28450313669459093,-0.2336461631161796,-0.01743369412542345,-0.39140104348246657,-0.09962335482232787,-0.17096627927363303,-0.0044806468059723145,0.2499025639682159,-0.10121779925557663,0.17446309421369022,0.2291457671248612,,-0.09211866439080817,0.06599653784689545,-0.2627604927623266,0.11551862771374967,0.11967643579600301,-0.040147675541036994,0.23295292640607146,0.11202745539807707,0.06549595645506154,-0.038925644317171916,-0.07783879425177793,0.0026484060593725,0.4682181196760328,0.22949641592590428,0.4652589662309083,0.5684803001876173,0.4348073346056108,0.5250546629237258,0.45330708169512496,0.2504684385850716,0.5148221666468503,0.49531077761409686,0.4609407463982927,0.5124861201516254,-0.02711804974779484,-0.042950447681788226,-0.2822130372836406,-0.11151317048988056
#13,0.40336179499942565,0.3637400926599533,0.4027274028007569,1.0,0.011083323425153611,0.14400420778561251,-0.039847810359455324,0.16432410428375951,-0.18972639317403667,0.6937417249905788,0.26733504895984267,0.10893529723531557,0.06822537447881295,0.09426044338936325,-0.08626484463638324,-0.016755773110073494,0.27348792780665143,0.008472400513478818,0.03112995568524635,0.13753695415166164,0.039267426137039194,0.24475971488625073,0.3002508952628153,0.1545438240468499,0.17026578776074466,0.15509438296894743,0.31861199501030785,0.3558581524838631,-0.09982487712177791,0.19904639647900238,0.2079294994387604,-0.05715051499023625,0.08200143886921807,0.14495942348500573,0.11136243180989193,0.16091031653107574,-0.04594909949760491,0.0777202991397013,0.08532010809656143,0.17814047313405465,0.07566799604210205,0.22819216360386357,-0.05373753332675027,0.037684266952559636,-0.3527192411476292,0.04614981570785715,0.23392506997861848,0.21437015212918387,0.17889336044480003,0.2949395735385099,0.381906924910776,0.39447949812886546,0.2825274120707827,0.3545297174858884,0.02613784528326982,0.16100624114561396,-0.15906437226811332,0.11172355977050641,-0.16317703935528985,0.13450767094632857,-0.06216358371135558,0.023641387037682655,0.23249023120653417,0.29081078466737736,0.317433492603124,0.18133419853573898,-0.0587070732311884,0.2176888213565272,-0.020152632989603465,0.049022717608817004,-0.06614002172410388,0.13830596324636302,-0.25668822283529785,-0.18831493098868857,-0.2653262746789246,-0.22532248605969493,-0.17955596576539176,-0.045147846834991526,0.19545526910280256,-0.10105335705922538,0.24266065861517908,0.239768410573472,,-0.08501056984460616,0.07389701807453504,-0.2997011424299156,-0.05947285796909857,0.14617984253047522,0.16896395370629738,0.2930130203557675,0.09117473394018415,0.09808211227613392,-0.0005985212293666356,-0.1112399062518263,-0.0406264925245303,0.07925589906151065,0.13368949041056138,0.1535684561175117,0.29423666375802815,-0.007476880354195594,0.2707036957174496,0.17321526813549554,0.053741563772739274,0.17107348913694045,0.19716175993454554,0.14595171928749776,0.20198620378337964,-0.08990997998883567,-0.15439389145605906,-0.16089097039032854,-0.04253531174492113
#17,-0.07860941552487491,-0.2857759515379174,-0.040765945955749734,0.011083323425153611,1.0,0.41480826160818823,0.14067667157709338,0.028668159275164595,0.18657619658903357,0.1183125328733251,0.18113912494987133,0.48005553954572844,0.4026967714112405,-0.09552922778670074,-0.09968784195815188,-0.22598750964788009,0.013746642134685414,0.0582774276887609,-0.30404112667087174,-0.1818533199791223,-0.14095316017193882,-0.3254500496752468,0.039937286260411146,0.0706573455885761,0.020636286508283575,-0.4198269729536922,-0.2145345943255351,-0.35270956807725556,0.2540039458066232,0.09087648093699809,0.08412790217301495,0.40689972048857065,0.06380800567486795,-0.0891538683212991,0.1028735064678582,0.024747341417064504,0.03780356815383406,-0.15867503118557583,-0.0011418253486839586,-0.15559738262837475,-0.09023967047073594,-0.07220423075915465,0.01752800656156607,-0.11204518936042868,0.12446460563093609,0.07703189896477995,-0.22766014473331547,-0.25082634218889494,-0.2034742444425188,-0.35735344794578244,-0.2562271398141561,-0.20114464666087625,-0.1245057161800239,-0.21663365059660677,-0.07484175461435685,-0.22426812138897229,-0.030148139042325727,-0.1700150940202288,0.11027421139286167,-0.07378577776523862,-0.14235011275172654,-0.22790842020623792,-0.13478738389796524,-0.158488824580884,-0.1881222756704143,-0.2869407504287387,0.08004747865375043,-0.10641626849219,-0.0918010652468749,-0.2463976881361807,0.11008800478816984,0.00711010976919651,0.12619930958460207,0.17425673537905337,-0.09641189545829194,0.05499986901050536,-0.12902545831208953,-0.053223248418553755,-0.003714055978864341,0.0003099412965541702,0.3108662839086459,0.3646679013266213,,0.3776394886976218,0.6059827940260729,0.1633438998192345,-0.10182639659991577,0.42300941310660733,0.22712973804116293,0.4362405611992995,0.2543263814857433,0.2405962641796128,0.21216952861918936,0.09486904073370239,-0.00038974412713638825,0.024809410285295118,-0.0666494700971136,-0.025442996394766063,-0.2611225195123966,-0.061036671012830924,-0.11354451526833702,0.11984410234914544,0.3645623036417095,-0.09451033104068131,-0.14190918196052985,-0.07431699054658893,-0.0887774246659264,-0.21662075316944196,0.007464789016228591,0.03204486692474956,0.047400060053645235
#18,0.0644714170846575,0.041965406682076406,0.2869560661234969,0.14400420778561251,0.41480826160818823,1.0,0.4616855728170601,0.27204905858857814,0.2922157981391431,0.40557854029337614,0.16385576645983763,0.5002029329555462,0.6208325692279479,0.23681651193112774,0.03554087577560895,-0.29742958307051465,0.4935526970736947,0.395901439473785,-0.10215769926021163,-0.22800837526676515,-0.04579997299601187,-0.33315545631701876,0.18336634940339322,-0.07086128615561955,0.08461074960249726,-0.44792966065659995,-0.0741436813690619,-0.222942104658591,0.5329575614189588,0.5221035703705793,0.44788613183991877,0.5146754584128507,0.4855143755932313,0.12848054201437661,0.013962674039695862,0.11293027529961328,0.0834451446224782,-0.19189960965130595,-0.0013876825540130144,-0.16840452780302403,0.048468128240730476,0.1267184310279854,0.15264709616442607,-0.2354018253889884,0.04878250302787255,-0.09388883626917736,-0.060948807290270704,-0.08953434242266078,-0.2348206350773745,-0.26745273798272146,-0.23654566596066687,-0.08045213543104612,-0.04407816646951068,-0.007185076064591928,-0.011674992896338944,-0.13220306192981784,-0.41777063941010395,-0.40144007835187,-0.1324070024968613,-0.09875197239950587,-0.24038748707738256,-0.20065615660700936,0.23302305616628008,0.17802842673556044,0.020283219439647095,-0.19611787442339432,0.20941189747351494,0.23642394649179904,0.1757133385594783,0.09220088548898378,0.42675208525199354,0.39441178663625026,0.1682223516443212,0.11598857771606717,-0.1964000056426244,-0.06194271527115833,-0.17958498497651257,-0.15076729615515605,0.5458670799217288,0.13239894160488327,0.5342319884406809,0.5170759920438996,,0.19346019833824712,0.6270692813513279,0.07189549859639718,-0.10977846653621456,0.5022294411988159,0.40986532264727754,0.4184098681439595,0.28360998986342834,0.1814293170610794,0.08702901719589781,-0.11461580781221346,-0.1465425826694853,0.18396688585575438,-0.08500734548781495,0.3268365230954631,0.05743506447705971,0.06430536270991066,0.04729365627953561,0.587574941105108,0.6000652932250218,0.32863007156056856,0.22045693166177302,0.30492943696684754,0.2728116189696971,-0.2713348635593272,-0.23693742531079776,-0.13528554702220574,-0.1015491019158725
#26,0.08411178038905895,0.3887917327491874,0.03169341203450868,-0.039847810359455324,0.14067667157709338,0.4616855728170601,1.0,0.2743923598865832,0.5514879398979894,0.1471149059999234,0.05933904716226374,0.233519607112125,0.13529683227097494,0.2163257245230471,0.06806254446085731,-0.13226513079804847,0.29203281589124247,0.2357089453733503,-0.039104596119083554,-0.11552023989214527,0.09630226732739111,-0.20409251485723154,0.038824883167446894,-0.21387279509414114,0.05397049310491452,-0.3310660731163207,-0.17004008278536062,-0.2966734714029781,0.2988700644669836,0.17996707125626987,0.2975988618020527,0.13974322028604075,0.1717715623822354,-0.2358000334527017,-0.19177385973644914,-0.049696608178177955,-0.06230626149936621,-0.19362141617780715,-0.1624934757155553,-0.24116778142085313,-0.19570354457572503,-0.06651243493348756,-0.14201800400223286,-0.03149430800265203,0.1694991969336367,0.03738682003857137,-0.19824998035157582,-0.186703558682286,-0.260983872170375,-0.18156232177871642,-0.2659010162769561,-0.16637237693536977,-0.11375329237056726,-0.1589063787853445,0.07758810051126207,-0.1562478966109995,-0.2176082124367472,-0.2965751285208465,-0.2811256229558082,-0.33140866102538574,-0.2947985079288949,-0.41913776668957303,-0.04450055720915798,0.08278979410466665,-0.05290967972060948,-0.1619517837746336,0.4299224340669417,0.4635323231692203,0.07453624680839058,-0.18908232790499432,0.29408189463205053,0.13520816245921694,0.2039780501911439,-0.03249788905391326,-0.09704145112177388,-0.02044927381439393,-0.24481775330849234,-0.18468511133099433,0.16122227305062442,-0.007450279410668188,0.05266704687207163,0.20236345352795013,,0.1788345159333606,0.23239833703798493,-0.0207483329067778,-0.3924981308806726,0.12590831138419623,0.11100291602767304,-0.04001547691259776,-0.20954329001275637,-0.17888771782041543,-0.2269822237179655,-0.2944938062121264,-0.3642785602440838,0.04089572631659556,-0.21665380282655178,0.1126312162072294,-0.09432009399000046,-0.031152526182784756,-0.14784925325911938,0.3125735808295867,0.2588501540637979,0.12377217501002573,-0.09705596072733429,0.03243178973969365,-0.05746247150978492,-0.4305568262656104,-0.32204190454694764,-0.17772936764317657,-0.2595965926609609
#49,0.7277385369078015,0.23189533737855764,0.15610924926897785,0.16432410428375951,0.028668159275164595,0.27204905858857814,0.2743923598865832,1.0,0.4977435548130578,0.3245367506141392,0.574209982205581,0.35440154930343815,0.13407883149309888,0.05636457802238107,0.012123178490315845,0.05355132672205843,0.20429887369186836,-0.06784328819905566,0.04123267160127604,0.10885710658312896,0.3164903682416978,0.05981222152137245,0.27278259975857627,0.018608166086618316,0.33099110682092525,-0.15833244327651078,-0.14340125306565799,-0.12771878772245543,0.12172229018001987,0.005395558045475522,0.03614463658476129,-0.08714186968358983,0.03382068142750336,-0.42362123480773767,-0.1946653016889584,-0.3144670843552193,-0.25534205387497155,-0.39625692481001484,-0.3188957384079335,-0.33105801222434267,-0.03916505280891857,-0.14115307029299326,-0.1161119093633306,-0.06813831684545053,-0.04553638182833122,-0.00931315154678441,-0.25999318854627856,-0.26889724982517943,-0.2101712334978427,-0.06686711418051965,-0.10456468160484299,0.1655372685264488,0.08309368973223732,-0.0036302227022931223,0.22303561100553582,-0.27829866813912296,-0.12519008590895625,-0.1721528425727949,-0.3195172331794375,-0.18539527591425628,0.06469067334645916,-0.2662750416647354,-0.03699909113442948,0.15698224387019546,-0.10700793796337534,0.002305818150307422,0.07314735512058086,0.16634496990264458,0.02052665837738275,-0.14369628171205284,0.07227919705455008,0.011458154902130695,0.16789588551921214,-0.1258559155863392,-0.16588388688150288,-0.2110506768126427,-0.3421780127079962,-0.3603722519915441,0.28677469605399186,-0.22123722600524362,0.20387728904141889,0.16397748592870545,,0.3006926321432098,0.18180576071645208,0.18712594942193328,-0.17854351773295474,0.16107314654903138,0.1418261547731564,-0.0005904603373886337,-0.045421917162243586,-0.015601453378823633,-0.1368759610094655,-0.06346138731981388,-0.08945857003806756,0.19534805923949514,-0.11804491125965544,-0.16722924975263137,-0.018113227319169003,-0.31848866336304443,-0.19284595836952337,0.13624801752437915,-0.0693095644498542,-0.05346910562388281,-0.16938634444594466,0.02175916876081923,-0.07571071876958545,-0.28866175086604207,-0.16213073557654523,0.10193763690921219,0.0878060871825772
#50,0.22332822138433728,0.15828649619223614,-0.17584714936631313,-0.18972639317403667,0.18657619658903357,0.2922157981391431,0.5514879398979894,0.4977435548130578,1.0,0.03702972252394589,0.23855524633078273,0.2317711996420964,0.09309967494453099,0.11486569546353152,0.057586609246246145,-0.14862471106740316,0.1161175519877152,0.11008961696656544,0.05843864552832093,-0.019930958460208415,-0.027261533625003276,-0.30039760349681494,-0.1289400128571227,-0.2682773672320711,-0.014390707403727759,-0.4202106714118451,-0.4839038093760265,-0.44808201151498417,0.34591826658578906,0.04089250195980436,-0.016833963762260113,0.09883580567607708,-0.03483635381673159,-0.4493532141799151,-0.12410670202711281,-0.11985458150871685,0.08019257470935447,-0.29386183228105106,-0.3162074309332699,-0.3871497290532684,-0.0076679234940742365,-0.19393095442976244,-0.03465659592562215,-0.07837645574671065,0.19304345022298441,0.042450672379152114,-0.46207894434558655,-0.3885047649947705,-0.4667010598057728,-0.40958964014162985,-0.470226087867753,-0.37645373148765776,-0.4335675694193941,-0.37889215131100334,-0.11986022413310145,-0.3453636772177025,-0.2583608579207332,-0.4350088569050608,-0.19772037974862108,-0.39617067326585026,-0.1356442567152268,-0.3981987936875155,-0.12771314509807083,-0.10836136172648185,-0.27809069712609047,-0.2669739209992282,0.41751752740199466,0.21086366411875307,0.20248759126441138,-0.1924977278360737,0.299731773819432,-0.04600149529546192,0.32517356108040135,-0.030753512029873666,0.040904593297771366,0.027130141085761846,-0.1867970650292308,-0.13532504539289794,0.1289496859274963,-0.040733702387837724,0.08179346785618563,0.008053234130622724,,0.45132168400094314,0.24981873069164467,0.3357389721959683,-0.3177712439770023,0.04030083248861903,0.1589039605177511,-0.035785120802542404,-0.09213236790717076,-0.04697202668961334,-0.0706089802367081,-0.10985988154519238,-0.25748947549791124,-0.0529725546780379,-0.33353028779399585,-0.17557307903906108,-0.3678285770711958,-0.23068378531426395,-0.33392285323332455,0.06194432744955393,0.09099497604907471,-0.14999909314965248,-0.337737267317315,-0.1478976186109874,-0.26860383335718013,-0.4218172071830608,-0.16141251010130525,-0.01973024224995617,-0.15378610020091774
#51,0.38429617329305577,0.3703347083871566,0.48068106476322137,0.6937417249905788,0.1183125328733251,0.40557854029337614,0.1471149059999234,0.3245367506141392,0.03702972252394589,1.0,0.38553271412248125,0.30516642719100084,0.3165927415698184,0.17721024619979323,0.05491845400152754,-0.011138137490604022,0.48730147534475426,0.15122112437351756,0.10789141172416433,0.04794255808376476,0.2105960425050834,0.11293833619159128,0.38430987680941836,0.048147304740006,0.27171856201748007,-0.09223312905689579,0.14716327135179144,0.13584174856868786,0.07804515308641478,0.27208291433488574,0.4033988751025245,0.19406798959338845,0.16884948904020974,0.11455293285478504,0.07843610634734786,0.14351410555335,-0.00040586591109239195,-0.08090757582780322,0.09612089725788607,0.06133895446200599,0.08740304258367709,0.1854307438389595,0.050276186311396284,-0.04070145881992572,-0.27884519661523144,-0.052779899359763655,0.07268627209943916,0.004162241572841243,-0.0375125699534282,0.040104146724355784,0.11833268510327011,0.2715750781402716,0.13168555266483012,0.27953762723614184,0.11102064999002464,-0.0035431650689307023,-0.22795033684452354,-0.12180612345659109,-0.2636084985984124,-0.07026639232764302,-0.07761631363318508,-0.09851417608615481,0.15180553904192268,0.28588961011480724,0.25493256056248903,0.0680085364846047,0.045540412274320215,0.3174399413167064,-0.03429869232179887,-0.05965422803860361,0.08447532661726684,0.15333791460694082,-0.06633106486398252,-0.25546780378982836,-0.2837389641350764,-0.20967226428440439,-0.2137043224518009,-0.17848950975670214,0.3576847506060783,-0.15750781402716119,0.39088998293106125,0.19980492641413236,,0.040566035834695285,0.21967099469391785,-0.24209639617671894,-0.17411083323425153,0.27206679255092975,0.2606807826320021,0.2661742805150104,0.06935309326653541,0.0154499086096372,-0.10036415079510623,-0.17893527708308563,-0.17785189320124217,0.2522224886794848,0.014645431590232617,0.19397931978163044,0.23018239783323224,-0.11032741327991649,0.09476505522718616,0.3982495773069769,0.2981147588886448,0.20369188852592485,0.11850841254839055,0.08937312458310075,0.14364388591419583,-0.13581272935756705,-0.17417612645927336,-0.11987150938187065,-0.019143409313957634
#52,0.5084726020357783,0.12285887594891813,0.3307654018455412,0.26733504895984267,0.18113912494987133,0.16385576645983763,0.05933904716226374,0.574209982205581,0.23855524633078273,0.38553271412248125,1.0,0.18442796887689608,0.2193509772823912,0.16480292126725282,-0.01806244369970759,0.06484060593724998,0.13503485328168988,-0.024794094590536917,-0.043461508233193544,0.18817628364666691,0.14667397520872671,0.028381997609945527,0.17232776392871754,-0.04066357262762911,0.2820107088949928,-0.16080471884616393,0.1125731777849878,0.02410650050481336,-0.07302805391930645,-0.08750783417939112,0.08143798251995575,-0.07970327856628975,0.034469583231732506,-0.26606868283009855,-0.05057927584976916,-0.2913581192326837,-0.17405924352559232,-0.3436942664890583,-0.22017802479933418,-0.3619666964247929,-0.07294180237514182,-0.14431938866195237,-0.05824599021004669,-0.032073080046672565,-0.2110047297283681,-0.15670575527535,-0.007735634986689452,-0.08624549849563604,0.1294534916761214,0.10823158136563601,0.14793550480328402,0.29017639246870863,0.17386658820731807,-0.10977040564423657,0.0032997261311950472,-0.36564246316676174,-0.017285373713028216,-0.09513343799058084,-0.0697964423253255,0.06650034359552057,0.12739232159734634,0.009550141770937663,-0.022932834632816295,0.15479290560897016,-0.03921341816078658,0.08723134558454566,0.11683335919536177,0.1112777924441229,-0.11132615779599092,-0.16102316901876776,0.023979944500758733,0.031367751998597405,-0.12388744576531116,0.039591473994554864,-0.21034857312135874,-0.07218810897519864,-0.1376691527801009,-0.03336040449555946,0.09830620507312236,-0.3117763586129623,0.015262089826549757,0.1934045781835989,,0.08156292634561478,0.18267714313927408,0.09987566074123932,0.09972814641804188,0.1271754836031381,-0.10183203922430037,0.04631425790420839,0.07617018961233155,0.1624733234856103,0.046838215882778506,0.08176767300185601,0.09856979624080303,0.21161332707270722,-0.0485842050852137,-0.07889477110089617,0.1213885692521306,-0.058466858650243946,0.05970984819325183,0.12500226712586882,-0.049497504146321314,0.08516695114897939,-0.047006688525118745,0.06347670301457208,0.023849358050715103,-0.017025006902138755,-0.0021921595734175963,0.0450132299389589,0.15912563504714614
#53,0.03957696438899446,0.11842941580700612,0.021489128879556167,0.10893529723531557,0.48005553954572844,0.5002029329555462,0.233519607112125,0.35440154930343815,0.2317711996420964,0.30516642719100084,0.18442796887689608,1.0,0.5614262136176679,0.009676697774992292,0.09698502487792787,-0.12017943545543032,0.16799825884733274,0.013214623264137294,-0.038481489169184015,-0.06124625420425897,0.08933120794481514,-0.23727114623868703,0.0821368618544485,-0.012119148044326846,0.11196699870824206,-0.3695850454332024,-0.02720510738115726,-0.15824780391074175,0.36422052182184217,0.2273401273217888,0.16939521142712047,0.30495361964278156,0.12091861924981309,-0.03554168186480675,0.23506246183671453,0.10500641848523748,0.10275581744497937,-0.1386606424933951,-0.015369299689857181,-0.049996473359759624,0.03980831198876312,0.13003306980933976,0.007658250423700635,-0.11616833560717661,0.0485696954796533,0.13938612277141527,-0.08574652928219773,-0.10439943331929395,-0.1890234833935549,-0.14450881962343542,-0.20157590438169937,-0.047818420347303534,-0.1275688551316646,0.026557817755323714,0.0755051660241464,-0.10956001636361072,-0.1906767723382431,-0.22529024249178292,-0.12067195595528624,-0.10361591461903216,-0.1333146589335843,-0.26144656736991234,0.1183302668356767,0.034051222938074215,0.003351315839854259,-0.21173665871997066,0.03744002192562618,0.17073090122787538,0.11637388835261565,-0.07943888130941129,0.18531224872688287,0.11359771715539183,0.1788683716796682,-0.07916722924975263,-0.15588273820439602,-0.21592832254853161,-0.31095495372040394,-0.3464696315970844,0.31658790503463163,-0.10820417433291081,0.5933554067425331,0.39842772301969076,,0.4485100448790161,0.6788153713149129,0.03993889843880675,-0.282901437458562,0.30392988636157536,0.39628433184274003,0.39356136253257107,0.07422590246723751,0.1050563960155011,0.030726104997148458,-0.22009257934436735,-0.22586982062500127,0.09434830711192348,-0.2838921210826584,0.056225930680359436,-0.09015503110496692,-0.28757191827061623,-0.18481892213782916,0.26468220940988224,0.22944079577125606,0.023292350415035176,-0.07499571765113669,-0.006301602303802927,-0.07921398242322504,-0.1946354763886398,-0.1261872182466351,-0.03627119258881591,-0.016532486402282845
#54,-0.12788000556201545,-0.12702877536913848,0.23240720401916073,0.06822537447881295,0.4026967714112405,0.6208325692279479,0.13529683227097494,0.13407883149309888,0.09309967494453099,0.3165927415698184,0.2193509772823912,0.5614262136176679,1.0,0.10167162747393813,-0.11968046624199201,-0.3637344500355687,0.28509883661176527,0.22944966275243187,-0.19059535732926527,-0.25573703758189364,-0.17822833685661488,-0.3480753612791023,0.1488052750477104,-0.0949738323294164,0.07973713431259737,-0.4108914741960772,0.02486422435074553,-0.20951668906922896,0.3973927044897153,0.22056978414946507,0.3890545178276702,0.42256525795861943,0.3500478615461194,0.17872408171326198,0.23813849821552005,0.0600363143183609,0.04578626947964927,-0.1647190879906816,0.058446706420298936,-0.1541706047482684,0.10644931814929981,0.07669092323411048,0.11472704812150988,-0.15357329265269848,0.23687051990738034,-0.06769335560826484,-0.059139137041209294,-0.11394272333205031,-0.06198221364185054,-0.20752323048306912,-0.17375776616561506,0.03775117235597705,-0.13623592618641217,-0.0701833651402696,-0.1408257980786864,-0.2561779683730903,-0.2887617059265693,-0.27489213518921934,0.20910155313236187,0.20063842264465775,-0.19937286260411147,-0.1125594742686252,0.02543896594877706,-0.2066292775627087,0.028241738089528297,-0.10015295542528259,-0.04530503422856256,0.021223925533479907,0.058783651704979414,0.0639780904956038,0.21033164524820494,0.18920968999824675,0.011756407905316762,0.21348184183320806,-0.18880019668576425,-0.03243662627488045,-0.12584785469436122,-0.08894670339746445,0.2998873490346074,0.03637114764934314,0.37679954375351404,0.31359489584319955,,0.28709148910872734,0.5014902574044331,0.13485670756897605,-0.02423628086565919,0.3759926484665161,0.2114625883927186,0.35508027640798595,0.3143614866703075,0.3366990244305484,0.31279686753737734,0.05736574080604889,0.03228346932729841,0.13973999592924954,0.018205927576916022,0.2750452921368014,0.044448161411300965,0.10654040622865123,0.13834143117106623,0.5120121397033188,0.40725520582480057,0.19047847439558424,0.23823119847326707,0.18568546802546435,0.2990635258744556,-0.11569435515887011,-0.0714795565703323,-0.10492419738706187,-0.07387686584459004
#58,0.14363421284382225,0.28880765301084393,-0.05086543751498822,0.09426044338936325,-0.09552922778670074,0.23681651193112774,0.2163257245230471,0.05636457802238107,0.11486569546353152,0.17721024619979323,0.16480292126725282,0.009676697774992292,0.10167162747393813,1.0,0.25599337394679406,0.19413650717520148,0.10973654989792896,-0.042194336014251654,0.2794892618842738,0.07350687090279975,-0.01629146573214059,0.06470518295201956,0.0936228268339033,-0.021916356154390262,0.04663588749413066,0.059364035927395545,0.07699481886168114,0.014462449342331976,0.024765881468613908,0.2684039232361257,0.10071963613133611,0.007537337044030607,0.004601560185642342,0.017769027231708326,0.02323592417118916,0.21357131773416388,0.041920265686999594,0.07272093393494457,0.026502197600675504,-0.019856798254010797,0.14335208162459218,0.07495783145884008,0.1549863670164422,0.08928364868214492,-0.08536847344842943,0.0450390247932885,0.006249206505945916,-0.08169915542004301,0.07029541153876383,0.024937578467745348,0.009268816640905399,-0.051869018566249446,0.0388418110406007,0.058802997845726616,-0.0014892497929358372,0.07341820109104173,-0.13583207549831428,-0.03951731378835725,-0.006170209764561498,-0.06599976220368665,-0.08570783700070331,-0.14540277254379583,0.22372401118045718,0.36223996066284714,0.14684002958347356,0.044474762354828376,0.4009088655705197,0.42836184538000055,0.03956970958621426,0.17198195166286126,0.04921859728388245,0.15020787025188273,-0.1859555079067274,-0.10817837947858121,-0.19320063761655545,-0.2675607539352267,-0.211541585134103,-0.1603355749330442,0.35165359122813733,0.2583681127235134,-0.14578324664515752,0.07143280339685988,,-0.18999965741209093,-0.04959987747444194,-0.06126479425580838,-0.027751635857265786,0.0027806046878117298,0.09919773972588937,-0.10257364128627654,0.03103806151669713,-0.11011218746410384,-0.009752470159585509,-0.0034585257031616834,-0.018819361456441964,0.03236891478226523,-0.09586375480378781,-0.028196597094451485,-0.08762229884547874,-0.11056279132567415,-0.07876499074005033,0.057422973139092705,0.0025460327312518765,0.05885781191117703,-0.07702383807280194,-0.07057593057959828,-0.11197102915423106,-0.19577286824673584,-0.3809847588684926,0.06383863706438436,0.08057707925670515
#101,0.011438808761383491,0.21536325402087367,-0.16814657925972798,-0.08626484463638324,-0.09968784195815188,0.03554087577560895,0.06806254446085731,0.012123178490315845,0.057586609246246145,0.05491845400152754,-0.01806244369970759,0.09698502487792787,-0.11968046624199201,0.25599337394679406,1.0,0.53427632334656,0.055656025617514704,-0.1077374486873845,0.5754698996217427,0.2567905961634185,0.4845075701851788,0.0013763973052438117,0.06872434369225126,0.03186430294444232,0.04826015722769803,-0.030296459454720964,-0.18396446758816096,-0.14408804106218373,0.2057619255858757,-0.0357698051077842,-0.010494072221561677,0.016626798838425466,-0.2181442617532843,-0.062048312956070155,0.1267006970656338,-0.09837552874413318,0.2782180592193429,0.06972147602993009,0.11010332048292804,-0.001430405281496424,0.06558140191002836,0.031778857489475495,0.10214318965465123,0.09255153429002687,-0.11410313508241254,0.17720782793219983,-0.1046380357218428,-0.12948573524403342,-0.26810970067892864,-0.10305004000217644,-0.2039514492476165,-0.16625630009088654,-0.15019658500311353,0.12964050437001107,0.3496528778391973,0.12213500784929357,0.09386304141484776,-0.06291324666530974,-0.3528111353161784,-0.40012454078106013,-0.13393051108070364,-0.2428379982386951,0.25522114049530154,0.30301255685447875,-0.07923735900996125,-0.06476402746345897,0.14018495716643525,0.4005380645395316,0.47205107381157263,0.30302464819244573,0.3756025012947808,0.2512027858442676,0.4278177351714854,-0.03546429730181793,0.29732559756399846,0.09027755666303255,0.010141005152925197,-0.16847465756323265,0.2517098159496839,-0.03600760142113526,0.13619159128053315,0.05130959266297612,,0.07234610245796749,0.10253817336157332,-0.34243837951888567,-0.37994248553573695,-0.0004187633382571948,0.09417419184519862,-0.03823401978545936,-0.1952376250193965,-0.35876410404193276,-0.32770629333988954,-0.3794814025145953,-0.3221620118374199,0.029369456877250753,-0.3841502711482539,-0.24434699721697706,-0.2548269628775772,-0.2613812741448905,-0.26772761439917137,-0.1460605413292008,-0.11202020059529687,-0.14803545986381123,-0.13924908760778923,-0.2653504573548586,-0.2865151353323002,-0.09943956648522942,-0.04285291088885441,-0.12661525161066697,-0.1028775369138472
#102,0.2096504998760638,0.31100251298307413,-0.020990965755315654,-0.016755773110073494,-0.22598750964788009,-0.29742958307051465,-0.13226513079804847,0.05355132672205843,-0.14862471106740316,-0.011138137490604022,0.06484060593724998,-0.12017943545543032,-0.3637344500355687,0.19413650717520148,0.53427632334656,1.0,-0.2554017044756087,-0.2827289343702327,0.40533590744483833,0.5472140549712529,0.4767344520507917,0.5231313340977746,0.011220358588779641,0.1783669841986365,-0.09962416091152566,0.3454217156399441,-0.06612148167255448,0.07558255058713521,-0.28762673233606667,-0.20984637955112923,-0.13993990605030399,-0.35296348617456264,-0.3218202300175526,-0.11781275757068899,0.05395275914256292,-0.24964219715732644,0.011509744610789907,0.11419825360775297,0.04756530833919427,0.14095799670712564,0.03801234525606431,-0.1761671667778398,0.08222150122021753,0.2976157896752065,-0.22981804551582655,0.1827408241859003,-0.055751144142855126,-0.0675103733603642,-0.022055003496411894,0.17228907164722312,0.09761135618461861,0.20062068868230615,0.15547808142710032,0.42529145162557963,0.3262182526807504,0.3435467521658609,0.1183351033708635,0.281174794396874,-0.26168033323727435,-0.24277109283527767,-0.09511731620662485,-0.21653047117928834,0.05345056557233341,0.2892010245393704,-0.03528292723231289,0.2540603720504692,-0.08132996656745052,0.26831122297837867,0.16978535859885577,0.25628034170121095,-0.014247223526519326,-0.019926928014219414,0.17132660114504972,-0.12202376753999714,0.1669455063550057,-0.013782916148586422,-0.16276270950762056,-0.2176598021454064,-0.08228115182085474,-0.016786404499589902,-0.03898851927460033,-0.011754795726921162,,-0.19313856874832486,-0.11276905746005324,-0.3717050600234169,-0.20815923486013344,-0.06053528353179921,-0.12411234465149741,-0.11536144032017863,-0.13382088294980282,-0.343973979440695,-0.2114916076038394,-0.17996626516707206,-0.09771292342354143,-0.047259800533228,-0.022282320650191548,-0.4015658282667269,-0.08479292576120011,-0.1567807215707454,-0.19351259413610414,-0.2996785719323772,-0.4432777198960951,-0.22734738212456898,-0.22495087893950905,-0.2441946463585928,-0.3239813551568549,-0.15240204504829483,-0.18347194708830505,-0.13429566948730712,-0.09961610001954767
#201,0.2309006233084722,0.08237546425699736,0.4848219449723209,0.27348792780665143,0.013746642134685414,0.4935526970736947,0.29203281589124247,0.20429887369186836,0.1161175519877152,0.48730147534475426,0.13503485328168988,0.16799825884733274,0.28509883661176527,0.10973654989792896,0.055656025617514704,-0.2554017044756087,1.0,0.6695953230704743,-0.06122126543912717,-0.3778643875838081,0.0732900329085915,-0.26410504954425734,0.44444735532210317,-0.15421252138655403,0.43626151951844233,-0.2722368773716656,0.12557539654550473,-0.04737345911011783,0.41872182466350816,0.3572083518901784,0.5019045872521024,0.37105857648678114,0.5158225233413203,0.09239757125324703,-0.1942590327332671,0.08453417112870625,-0.17889739089078902,-0.23094576430354902,-0.04390727555957705,-0.21441851748105187,-0.09875761502389047,0.08543618494104466,-0.04740973312401884,-0.3192173679978558,-0.18647140499331954,-0.3206546250375335,0.05742700358508171,-0.07748492109394366,-0.12558748788347174,-0.15826311960549994,-0.008885118182752512,0.12954377366627504,0.1576319517636224,0.14413398814645834,0.0777009529989541,-0.1642507501667597,-0.3108155002891845,-0.4687291802274381,-0.21961295627167624,-0.12237361025184242,-0.049346765466332675,0.036009213599530854,0.029913567085765876,0.09424270942701164,0.2379111810617404,-0.09916952660396636,0.04294077461141463,0.20268427702867461,0.04791031451585275,0.018259129463970836,0.4799862158747176,0.43944879620654426,-0.04866642618338932,0.002079307085725571,-0.2923060801292967,-0.11038142125616911,-0.02380018660964929,-0.0216366432027536,0.5164351511316485,-0.05590349500123936,0.1694169758354611,0.04147449836061609,,0.09817320035548534,0.12568018814121876,-0.06792550929723129,0.0019970859875499524,0.0901066657530989,0.039050588142830946,0.12989845291330712,-0.05929310007798913,0.0036132948291393184,-0.14817249502743726,-0.0927103338619935,-0.09322300659179442,0.5399745678858094,0.12418972921448623,0.5663691525785786,0.32150343696281714,0.21760740634754938,0.23544293593807622,0.714783071320757,0.581314046305794,0.518466495910105,0.3171166995483885,0.4025145952525377,0.4052222488679485,-0.04103840410460619,-0.05221966736729253,-0.06140263550863221,0.015745743345229865
