,#10,#11,#12,#13,#17,#18,#26,#49,#50,#51,#52,#53,#54,#58,#101,#102,#201,#202,#301,#302,#401,#402,#501,#502,#601,#602,#701,#702,#801,#802,#901,#902,#1001,#1002,#1101,#1102,#1201,#1202,#1301,#1302,#1401,#1402,#1501,#1502,#1601,#1602,#1701,#1702,#1801,#1802,#1901,#1902,#2001,#2002,#2101,#2102,#2201,#2202,#2301,#2302,#2401,#2402,#2501,#2502,#2601,#2602,#2701,#2702,#2801,#2802,#2901,#2902,#3001,#3002,#3101,#3102,#3201,#3202,#3301,#3302,#3401,#3402,#3455,#3501,#3502,#3601,#3602,#3701,#3702,#3801,#3802,#3901,#3902,#4001,#4002,#4101,#4102,#4201,#4202,#4301,#4302,#4401,#4402,#4501,#4502,#4601,#4602,#4701,#4702,#4801,#4802
#10,1.0,0.384428371921495,0.44084494269713415,0.233511546220147,0.2366818950350951,0.11086910522083822,-0.3310596244027383,0.4354207684851367,-0.233555881126026,0.3735639017135441,0.34515328793707667,0.226496151931692,-0.09901636965638433,-0.3755307593561766,-0.16665531424379765,-0.2084292747413965,0.23866245619409016,0.33827734707984114,-0.13096893936798576,-0.2694792462259911,-0.19458308059078278,-0.3089566585990573,0.02374698472259448,0.2070766570674878,-0.15040133165935476,0.2577659640927567,0.26292977149386465,0.3150909973943167,0.004021982052424011,0.20768686659022254,0.022016311214917487,0.012564109281512546,0.16701079958002754,0.2663403348897572,-0.010514224451506682,0.1095342215092811,0.10655169147742044,0.022219445692763132,0.2387712782357932,0.1293188747800888,-0.11203874064684628,0.04978608407913378,-0.13542258218583178,-0.17424786839787756,-0.09532125677366829,-0.16715992608162056,0.25502687299863164,0.2074127962629705,0.3795942550022873,0.40844741174834703,0.3013761957829444,0.44348246655233636,0.37059185084125484,0.27312115722165237,0.19917859510744162,0.032040030389562754,0.12331512243487303,-0.05250341076491819,0.3554035181763038,-0.13467130705348201,0.0732924511761849,0.11323417092718395,-0.09866330258774784,-0.3153304058860633,0.22924088565020162,0.0842963748153552,-0.5059737255225977,-0.381814224653029,-0.17594710442684036,-0.09704467547856509,0.08424881555268499,0.251390604627355,-0.0009660979035635188,0.3570834080645194,-0.28044608976206264,-0.007468013373019791,-0.07610812074410093,0.061817771445499305,-0.1347108054241742,-0.34763523657710343,-0.17694746112131038,-0.07345850555093174,-0.02259185890214682,-0.0015464821259796502,-0.28192687561842156,0.01615846101450356,0.06397486613881259,0.010638362187967909,-0.033008949605318576,-0.1328253627905196,-0.16084824766284514,0.16615392676276594,0.1645868893622424,0.16558079734313,0.05603327536208519,0.018994282812364604,0.40180684893686913,-0.040828014823980345,0.3990419629884145,0.4186420218329259,0.5027969279940672,-0.13701057790549814,0.20395951013959449,0.03301942876488998,0.3664791837540783,0.45568262656104214,0.2827829423464854,0.07218004808322065,0.20061665823631714,-0.01857269816191511,-0.1677781964963333
#11,0.384428371921495,1.0,0.2216749324396491,0.17329748923367116,0.19450327776020054,0.17336600681548417,0.12342313838737826,0.23493106929747312,-0.023940446130066524,0.3615160925632226,0.24593741120423682,0.2582778307333598,0.04066599089522251,-0.08793425536502741,-0.13229011956318026,-0.13974886291042535,0.18844874179552337,0.04957650088770573,-0.07453544071919278,0.04056845410228869,-0.0807729589317706,-0.14057349215977494,-0.06719680466241992,0.2627137395888542,0.0516457318584588,0.08429476263695959,0.19407524439616866,0.07013741805599498,-0.1828069235001199,-0.008042754971051322,-0.16312867400342185,0.02335683755085919,0.03979622065079611,0.06957154343913925,-0.1581301148878629,0.027737932340903184,-0.13754823940043084,-0.12603728565584424,0.0816757788333068,-0.058615179062639175,-0.11007268909341163,-0.048104582012522594,-0.20312601390906912,-0.2401287324448887,0.1876740900764374,-0.0900421786172749,-1.571873935710356e-05,-0.10796879628715315,-0.013038089729819053,0.005938862164792845,-0.057692206931157966,0.04870189410809253,0.13670103965354286,0.19923905179727663,-0.06340496107596787,0.01867345931164013,0.02331169655578238,0.013784528326982022,0.20387648295222108,-0.019622226297450945,0.18620217120125426,0.18951922825020204,0.11892677284204883,-0.09189860203980872,0.07178184001950735,-0.04039272665716825,0.01866620450885993,0.10785997424545013,-0.006822335925581845,-0.00322395374660183,0.144389518422161,0.08018048337138746,-0.17850643762985594,0.06508001442899664,-0.2597134755946419,-0.01885402329194737,-0.02096355872259045,0.012156228147425653,-0.005842937550254623,-0.09728892050549853,-0.1311583703294688,0.06958363477710626,-0.12245180090402903,0.13352504821421016,-0.02309002202638733,0.08979551532274804,0.1854347742849485,-0.10672500065494747,-0.039056230767215545,-0.10583749644816948,-0.018002793099070376,0.22449543854275195,0.0485906537987961,0.1245355414803425,0.03681852715412224,0.20945703846859173,0.09965479230104207,0.12595425846847083,0.09725506475919093,0.03704906866469309,0.10320722739574748,0.18997628082535473,-0.03408024214919502,0.17724410194610085,-0.029595161852634805,0.18083764758989407,0.09459980694163712,0.10581815030742227,0.2821090517771244,0.10340230098161513,-0.010560977624979092
#12,0.44084494269713415,0.2216749324396491,1.0,0.2419109956612249,0.32855671744356874,0.2675615600244245,-0.06696223270586006,0.04536226656160638,-0.16353897340510215,0.20472690705590027,0.1515121225739234,0.37558154297563795,-0.15430441555510324,-0.26023904575160767,-0.016620350124843065,-0.19110722396986837,0.2997188763922672,0.6743335153751439,-0.022758719366091456,-0.24623163376143387,-0.0878818595671704,-0.295403074827245,0.1306771350783821,0.20558700422995307,0.1033619965217251,0.15177007111721946,0.34991566291768017,0.040055781372487775,-0.15492026770222259,0.26370119885615945,0.3152683370178327,0.3245875342336006,0.3708425445817707,0.37833272540773,-0.10133387610005985,0.12853535607982702,0.09586697916057901,-0.11224429339228532,0.37157286139497764,0.07613875213361734,-0.30009854440443107,0.016871043865358922,-0.26150541188135173,-0.2423801395743446,-0.07896167650431359,-0.27839862319965014,0.22450833596991676,0.15157016099616502,0.3829653200274876,0.14882059074246862,0.147080244164418,0.2820695534064322,0.30628124855155847,0.10722316377918799,0.14957589632080737,-0.117865153368546,-0.27575545672006335,-0.4538802111147609,0.11062727846149815,-0.30201703669519553,-0.044780270160794645,-0.001133764456705957,0.2189922675893701,0.00799035917319431,0.47429200178145714,0.23598946441418475,-0.0962329436563803,-0.313137037178849,-0.06070456226333725,0.03994051061720234,0.0715585533117167,0.3099433117771647,-0.10811147407516379,0.09833038774905638,-0.29867418479191815,-0.29294047232796544,-0.31050193159124023,-0.3203765242642925,0.1272069210818523,-0.11564115327181529,-0.27923050725177995,0.10933914792341347,-0.29774153959006333,0.12966146268915388,-0.36937304397418097,-0.0026322842754164964,-0.10720301154924299,-0.08944083607571596,0.04436916466991655,-0.31826376447685817,-0.09608462324398506,-0.018375206308454062,-0.16561384700023982,-0.0715263097438047,-0.20732493254041026,0.19719561568085317,0.4537834804110249,0.1311116171559964,0.3838874860697711,0.34000479623072694,0.29340316752750273,0.36774716206221797,0.4889716921625962,0.374915713298255,0.3575839894563533,0.45856520153237557,0.22014497514222436,-0.13978191256753517,0.02728974674692628,-0.15068104461099144,-0.2931170058622837
#13,0.233511546220147,0.17329748923367116,0.2419109956612249,1.0,-0.3589906151065146,-0.0639966305471532,0.13435612617714213,0.1734216269701324,-0.021401265156995947,0.5326883276268936,0.31854831396368166,0.2089000308329118,-0.0957992676679638,-0.014240774812936926,-0.07228725794652807,-0.2768872059537748,0.34839296042303564,0.05674666430213835,0.05351021617297062,-0.2110772777561701,-0.10754156901231905,-0.1713451411965991,0.23982725508491143,0.13592558184525907,0.13927407637292105,0.30867533346902504,0.3442061331296615,0.169090509710352,-0.025810573068962946,-0.002750779387493123,0.03363608700120712,0.23980387849817522,0.03491454446891821,0.32957964463557715,-0.2667643378078001,0.03025051237044635,-0.02980796940085405,0.14498441225013753,0.351969578193675,0.28771701432622027,0.03233344685756202,-0.04491408096762947,-0.07102411617357518,-0.054628261890319475,-0.07324408582431689,-0.2946953285115764,0.17063014007815036,0.2740675059398698,0.19258639764783173,-0.008844007633664703,0.058302416453892704,0.09214204097754437,0.15251328535759123,0.26943813567690333,0.21172376129280585,-0.08195065524975666,-0.002246973638868009,-0.22886605417322453,0.1853823784870915,0.29347007293092015,-0.12694574818176504,-0.07700207366446134,0.2838719688527134,0.1672961551560488,0.369655175193411,0.29115256648724464,-0.013476602253422353,-0.20828014823980348,0.04771362875158951,0.2287330494555875,0.38245909601126915,0.5044719813470959,-0.08684925930478837,0.12267347543342409,-0.2499984885827541,-0.24631224268121388,-0.21153352424212502,-0.13488008415571226,0.33976216338218906,-0.2957625906094639,-0.46281732205077153,-0.04739764178605184,-0.31381979472938576,-0.2834842399485715,-0.009678309953387892,-0.021647122362325005,-0.060114504970547517,-0.15746025476449096,0.040167827770982,-0.4710136370140038,-0.41820673366611383,-0.03848632570437082,0.008553815522456638,-0.16005828024900096,0.1837105494908539,0.05144098520221755,0.23249829209851217,0.11864302944442318,0.38963893249607534,0.3564280575467078,0.35776213516906713,0.272203021625358,-0.12964695308359347,0.19758818112018187,0.18441345927133568,0.41870409070115655,0.2672471852372824,-0.18433365644075345,0.09057903402300982,-0.12245824961761144,-0.15467199222930014
#17,0.2366818950350951,0.19450327776020054,0.32855671744356874,-0.3589906151065146,1.0,0.4238670920130667,-0.18926934059888398,-0.0750593986977629,-0.09605076749767745,0.03248096118075946,-0.0503277760200555,0.2782438540736725,0.005188393121640875,-0.15632366899559272,0.2075369339994317,-0.030991308343224718,0.18396204932056756,0.37894374101966255,0.1253384063213515,0.06131638396446759,0.23168011156274498,0.05051317653554954,-0.01867748975762913,-0.30095864157848384,0.12299752329093976,-0.38077517567706454,0.040690979660354315,-0.04094570384685917,-0.07354314491670076,0.34196601124897474,0.16141654054729426,0.06020398087150334,0.10616073821648735,0.08788992045914841,0.08955288247421019,0.17102270551747903,0.053785898678618285,-0.14753971500716412,0.0679835477194729,-0.08220376725786592,0.012024029518986424,0.252947968957505,-0.005844549728650224,-0.12478542913166056,0.17094290268689682,-0.04026858892070702,-0.11932417481656432,-0.09544378233173392,-0.0869629178816782,-0.054104303911749356,-0.027754054124859186,0.06594656031663183,-0.09241852957238983,-0.14340528351164697,-0.003316654004348851,0.1687350243741221,-0.18185170780072668,-0.16548164837180057,-0.08929654610930973,-0.6120494213287171,-0.04563633688885844,-0.025709005830040123,-0.04037015615962984,-0.2620938569957459,0.04453360686626779,0.012897830209401821,-0.09860203980871503,-0.20155252779496316,0.030299683811512164,-0.16903972609089057,-0.19512154817491328,-0.1946846478297056,0.056498388829215894,-0.11846891417769834,-0.009874189628453336,-0.20835672671359448,-0.07360924423092037,-0.1389895268860976,-0.20367979718795784,0.10920372493818303,0.25273999794447255,0.2034702139965298,0.221195309366958,0.46511870671049105,-0.1968586703961727,-0.10445182911715095,-0.09490289648000999,0.3074694240291159,0.25070059227403807,0.4120893227440082,0.47973632822339957,-0.0671339297049915,-0.1479709727279872,-0.07624434981852916,-0.5249603504875832,-0.05645727828012809,-0.11761687789562354,-0.03543850244748833,-0.13983753272218338,-0.062310291945355215,0.03542076848513672,-0.030529419232885213,0.5316484725617313,-0.02088939851639283,0.16699628997446714,-0.15089385215921067,0.0410650050481336,-0.02609189819899521,-0.10722074551159459,-0.15215941219975695,-0.23703334992533598
#18,0.11086910522083822,0.17336600681548417,0.2675615600244245,-0.0639966305471532,0.4238670920130667,1.0,0.007224574435284136,-0.05053655312228575,-0.03278163245153892,0.20734750303794866,-0.14553980770742186,0.1015482958266747,0.5285160099390798,-0.2633255612899845,-0.09455950248174712,-0.43810343333541574,0.20251419220793876,0.21320696541675818,0.12545851361182372,0.002733851514339319,0.023906590383758915,-0.25848257738960106,-0.11556215653043088,-0.16416127426580387,0.12633150821304132,-0.0083942098612922,0.3245569028440842,0.004337162928763882,0.21680212323894701,0.42002365871795544,0.39484546262466674,0.16715105910044475,0.30903001271605707,0.1995139282137265,0.36765123744767975,0.5065597523693984,0.27624878330911706,0.21444914887056826,0.2265590268891204,-0.004936087202729418,0.04510028757232132,0.11462951132857606,0.0503301942876489,-0.1192113223288723,0.055089344911461176,-0.1880642372481727,0.09992725044989853,0.08202481545595428,0.08234080242149196,0.06518399993551287,0.11805297215163343,0.11749435233755791,0.14992170858666365,-0.004645089002323552,0.03395610441273379,-0.17651378513289387,-0.12000209583191428,-0.28660702950084943,-0.004537073049818327,-0.24514341334440362,0.10054390868621567,0.08954885202822119,0.4455710436638366,0.19136356033476884,0.38963893249607534,-0.06625529247938931,0.22886202372723555,-0.003678588054161133,0.11935077576009173,-0.04684788895315211,0.26023904575160767,0.25231438284803404,0.2454400541691941,0.09555018610584354,-0.01244803243702932,-0.22231819161949365,-0.03189493433395872,-0.1867003343254948,0.22772221360154607,0.15091722874594687,0.3584432805412083,0.29645018469518747,0.3213897783859273,0.14379784895097567,-0.21953154126269842,-0.16096513059652615,0.07556965315997041,0.09724780995641073,0.24692487047154202,0.21702460385753986,0.13271089812443196,-0.054551683416528454,-0.03678064096182563,-0.04473109871972883,-0.31182714223242375,0.24275094060533267,0.07589208883909049,0.1390870636790314,-0.1094366847163473,0.19191331316766858,0.10579557980988387,0.09212269483679716,0.19948087855661667,0.12780262099902664,-0.03936012639478621,0.058416075030782534,-0.08246171580116197,0.03306134540317559,-0.003337612323491656,-0.08278818192627105,-0.07565671079333283
#26,-0.3310596244027383,0.12342313838737826,-0.06696223270586006,0.13435612617714213,-0.18926934059888398,0.007224574435284136,1.0,-0.11059261662599275,0.062180511584509386,0.04169859115760455,0.11582413551971593,0.2973135062260314,0.1761284744963454,0.5180457173488532,0.0812308175961211,0.01564014566031804,-0.16581939974567886,-0.32270370377834157,0.0657426197495884,0.13037485162920703,0.1325182428061577,0.011247765621504847,0.11189606285883565,0.165532431991262,0.21426213617667864,0.0856441559540771,-0.05439127166616622,-0.18821658810655692,0.10173127807457534,-0.08116713654949488,-0.2393645598853741,0.07587757923353008,-0.14971051321684,-0.09648847393208296,-0.15038117942940976,0.05630492742174385,-0.192879814115831,-0.0697706474709959,0.02419113987058238,-0.1355846061145896,0.1563220568171971,-0.01994949851175782,0.165520340653295,0.010035407468013373,0.15158547669092323,-0.14986689452121324,-0.14548741190956485,-0.053029787011081714,-0.21644905617031052,-0.19657331482015142,-0.31912305556171316,-0.2909848999341022,-0.2754193175245807,-0.10937058540212767,-0.16191954020672158,-0.33974765377662863,-0.054245369521364384,-0.11184850359616544,-0.06834467568008738,0.19416230202953108,-0.025056879669019774,-0.027827408241859003,0.31506197818319587,0.47531895941945457,-0.1143570531797196,-0.21071776197395123,0.4382791607805362,0.6195541117602368,0.10659844465089284,0.276717121133039,0.22707331179731693,-0.009168861580378176,-0.12420423882004664,-0.129342251366825,-0.04044109200903626,-0.13370077565933058,-0.014397156117310161,-0.08658486204790991,0.4021832925922418,0.033270928594603635,-0.09087083831261349,0.20885247157024162,-0.07277977844638399,-0.2473343637840245,0.14769609631153735,0.07560512108467363,0.09022193650838434,-0.012795456881281198,0.07712459922252697,-0.08155970198882358,0.16547278139062477,0.022928804186827294,0.18425465969936902,-0.08097367514202285,0.10177883733724555,0.1232006577687854,-0.13211036167207083,0.00944857453201484,-0.08457286341020065,-0.2349068866215391,-0.2737708651150793,0.19537869062901156,-0.20799076221779322,0.06958202259871066,-0.35443218069295457,-0.09284978729321293,-0.3217654159521022,-0.043325279158765315,0.019306239331913274,0.03560375073303736,0.07987739383301459
#49,0.4354207684851367,0.23493106929747312,0.04536226656160638,0.1734216269701324,-0.0750593986977629,-0.05053655312228575,-0.11059261662599275,1.0,0.3713084641380992,0.41170965473184434,0.5636510198035963,-0.05160945784455779,0.06407965773452662,-0.22747958075300823,0.053049133151828916,-0.03446474669654571,0.0882558849549497,0.12386487526777276,0.11130519947684811,0.008391791593698801,0.05053655312228575,-0.1544656333946633,0.21129089139358714,0.10248094102852952,-0.06381687265604376,0.2674285553067875,-0.09973701339921769,-0.06289067616777134,0.20539757326847002,0.18756123758874538,0.022948956416772297,0.08065930035488077,0.03613899396037668,0.19446458547870615,0.16184134955453497,0.07429683831664392,0.24211735449586175,0.2693260892784091,0.21746795291632995,-0.02323592417118916,0.0485761441932357,0.21333352142081283,0.017196703901270195,0.3357010860036717,0.03769071566614204,0.059857362516449256,-0.2348746430536271,-0.18463110335474173,-0.19889968824500276,-0.05819520659058528,0.0035907243316009134,0.20548624308022803,0.14772430943346035,0.06264965549762909,0.17816949234517546,0.08107685455934126,-0.11841329402305012,-0.13744183562632123,-0.10643561463293721,-0.13361774847195718,-0.17423094052472377,-0.08556032267750588,-0.2371405597886434,-0.2530221291637026,-0.02128438222331492,-0.014231101742563323,-0.33442907724954307,-0.040740151101420125,0.10440588203287635,0.03307988545472499,0.15711363640943687,0.13222240807056504,0.12153608357532802,-0.024794900679734715,-0.11750724976472271,0.030747063316291266,-0.24646056309360911,-0.05362709910665164,-0.04367270360301719,0.0631816743681772,-0.14733174399413168,-0.31908275110182316,0.033582079024954505,0.004738595349268373,0.0714723017675521,-0.027121274104586042,-0.03054957146283022,-0.16293279432835642,0.010456992118462868,-0.16180023900544716,-0.08134044572702193,-0.12558184525908714,-0.026634396229114732,-0.09984664153011852,0.06257549529143147,-0.00935990472025682,0.3489459376127265,-0.16395572152036483,0.17828234483286748,0.06966504978608408,0.16615231458437033,-0.20231508817608213,0.0335530598138337,-0.08401424359612512,0.11352839348438101,0.15042873869207998,0.19884164982276115,-0.1209847185640327,0.15961251292261744,-0.13819714120466,-0.21208972578860713
#50,-0.233555881126026,-0.023940446130066524,-0.16353897340510215,-0.021401265156995947,-0.09605076749767745,-0.03278163245153892,0.062180511584509386,0.3713084641380992,1.0,0.1298452510262523,0.20987298049465664,-0.0207410781039976,0.09488113207166939,0.10077767455357772,0.33096450587739784,0.23853993063602452,0.09029045409019736,-0.0048853035832680065,0.2783164021014745,0.1209145888038241,0.36779875177087723,0.15527494694925467,0.18758703244307498,-0.16296987443145522,0.088714549708498,-0.17509506814476555,-0.1086241468049647,-0.35361803060317637,0.19285321317230358,-0.02274259758213545,0.15657436273610856,0.0715021270678707,0.029956289813249284,0.0600274473371851,0.23955237866846155,0.04710180705045917,0.2698613325057484,0.20378861922966085,0.06190402298966392,-0.012401279263556908,0.2080205875181118,0.2012333164726343,0.21964681201798386,0.34862672629039765,-0.08585938176988975,0.020081697140197047,-0.3880718950955518,-0.24533687475187566,-0.36882409723047904,-0.33401877784786277,-0.2679807264072806,-0.21228721764206818,-0.13012577006708678,-0.1395634623949313,0.16803372677203596,0.15106071262315532,-0.3288356243060076,-0.3337769510885227,-0.5294405942489566,-0.16937264092958207,-0.44699217891955834,-0.38039792593249405,-0.10296459454720962,0.02533175608546964,-0.0485527676064995,-0.040285516793860825,0.26116846659667126,0.14841029134078831,0.31546341060370037,0.1584388470506204,0.08914500134012329,0.02768634263224397,0.031934432704650934,-0.3701533383176515,0.10378116290458121,0.050484157324428736,-0.3538276137946044,-0.35038319465240425,0.05232123460621535,0.21843525995369018,0.16190341842276557,-0.10174417550174014,0.003033716695920987,0.2198523647634229,-0.10201179711540981,-0.32739917335552765,-0.3475465667653454,0.034599363592578335,0.09788381433347507,0.026419170413302082,0.011803967167986974,-0.42188330649728045,-0.3678043943952618,-0.4178278717431477,-0.31897957168450475,-0.10535303684029156,-0.2150650010176876,-0.06902340278463513,-0.20292690987721246,-0.021475425363193565,-0.09984019281653611,0.09876003329148388,0.088762915060366,-0.14033730802481947,-0.11955471632713519,-0.17986469792814924,-0.017110452357105576,-0.442810188161371,-0.3946197576492827,-0.41076894863801156,-0.30485850111744117
#51,0.3735639017135441,0.3615160925632226,0.20472690705590027,0.5326883276268936,0.03248096118075946,0.20734750303794866,0.04169859115760455,0.41170965473184434,0.1298452510262523,1.0,0.3810081354552288,0.07281524637108719,0.20695171324182876,-0.10540462654895077,0.02097968050654645,-0.11088522700479421,0.5949321172134302,0.08414563613536656,0.004290409755291472,-0.12515945451943986,-0.011447675742559293,-0.17403747911725173,0.20201361081610486,-0.05015688511012186,0.019144215403155435,0.09165113265608406,0.2627395344431838,0.006129905304671488,0.07293374148316382,-0.0467954931552951,0.01496303073416589,-0.07786861955209654,0.08713542097000744,0.22413350449293967,-0.09680687916521402,-0.0027298210683503184,-0.010165187828859203,0.05717792202296145,0.19795333952678534,-0.016971805015083944,0.12954135539868164,0.049391906461409486,-0.04667538586482287,-0.10832750598017424,-0.22725951840200878,-0.24951322288567843,0.10666535005431026,0.037377953057395566,0.09454015634099991,0.04640615207275761,-0.010112792031002191,0.08856864756369616,0.23452721860937523,0.2599093552697074,0.1757915292116649,0.08559498451301129,0.1612351704777892,-0.12246711659878724,0.09330845204676123,0.029648363739689616,-0.019397327411264695,0.04484475729661866,-0.026511064581851304,-0.14556882691854267,0.2414152508045778,0.12388905794370676,-0.22144842137506726,-0.046606868283009854,0.1969304123347769,0.16353736122670653,0.4406305229705193,0.2706392085816256,-0.020746720728382198,0.1200770621273097,-0.12602600040707504,0.050781604238417,-0.06274558011216731,0.07254198213303294,0.08003780558337682,-0.24695711403945403,-0.20642050046047847,-0.17189489402949884,0.0723533572607477,-0.10276790878294638,-0.05841929938757373,-0.009701686540124098,0.0794654822529387,0.026077388593434808,0.013711980299180006,-0.1108707173992338,-0.21869885112137083,-0.026378059864214275,-0.04694945619207493,-0.03100017532440052,0.0432470885065787,0.21343992519492244,0.13231752659590548,0.1231587411304998,0.2631973931075343,0.23628852350656862,0.3922982207596182,-0.041490620144572096,-0.1700562045693166,0.043020577441996846,0.12861274064281583,0.22754245571043663,0.2576950282433503,0.011379964249944077,0.2552042126221477,-0.13965535656348052,-0.12221642285827138
#52,0.34515328793707667,0.24593741120423682,0.1515121225739234,0.31854831396368166,-0.0503277760200555,-0.14553980770742186,0.11582413551971593,0.5636510198035963,0.20987298049465664,0.3810081354552288,1.0,0.21291113068116552,0.0010999087103983492,-0.0477047617704137,0.20158154700608397,0.10202469454257461,0.06321553011448482,0.17642430923193805,0.2744552348440117,0.09732438843020175,0.13264318663181673,0.003967974076171399,0.2583745614370958,0.14165606995242058,0.04916217104003644,0.16323185342074026,0.07794439193668976,-0.04038144140839905,0.11340264356952419,0.08612700338355941,-0.09034204379885656,-0.0807745711101662,-0.10734649542645142,0.2568397676044843,0.006266134379099719,-0.05736412862765329,0.017151562906193386,0.09415081525846243,0.2839501595049,0.05741330006871911,0.06472855953875577,0.1814204500799036,0.029265471370734528,0.23726550361430243,0.059089159510945684,-0.15956172930315604,-0.19282258178278716,-0.0825721500212606,-0.10344260544150513,-0.05143534257783295,-0.23314316345675232,-0.03593505339333324,0.007801734300909067,0.06103908928042433,0.13052881466598687,0.08956819816896838,-0.1756133834989511,-0.2463404558031369,-0.03750612123984579,-0.16141009183371186,-0.15291068733210672,-0.10306616178613244,-0.03482668074635799,-0.06591995937310444,0.11385082916350109,-0.03099211443242252,-0.2997349981762232,0.033631250466020314,0.11547509889706846,-0.0009459456736185143,0.15168140130546146,0.13743619300193663,-0.0954107326746241,-0.07192854825350699,-0.15736191188235935,-0.08421979634156418,-0.2393016849279457,-0.08230130405079975,0.10573431703085105,0.046589134320658254,-0.2472803558077719,-0.2798439411313059,-0.01479052764583665,-0.029161485864218305,0.1356208801284906,-0.04343974382485294,-0.076414434639265,-0.12777279569870803,0.03294849291548356,-0.28644500557209157,-0.0975903978654758,-0.10573270485245545,0.020634674329887973,-0.21188336695397028,-0.021836553323808044,0.019617389762264143,0.27738214472122413,-0.22941097047093748,0.27835348220457334,-0.0353337108517743,0.04669070155958108,-0.08471392901981568,0.05139181376115174,-0.04445138576809217,0.15656468966573497,0.09788623260106848,0.1355523625466776,-0.11619735481829742,0.23898327969481464,-0.2251395038117943,-0.30794098620982907
#53,0.226496151931692,0.2582778307333598,0.37558154297563795,0.2089000308329118,0.2782438540736725,0.1015482958266747,0.2973135062260314,-0.05160945784455779,-0.0207410781039976,0.07281524637108719,0.21291113068116552,1.0,0.11905010448931226,0.05488540434441773,0.0732843902842069,-0.18909441924296133,0.1615414843729533,0.1690074825229786,0.10371828794715279,-0.2265009884668788,-0.030134435525963125,-0.18077235436487224,0.27028372324539574,0.186804319832011,0.26471767733458546,-0.028016033114144245,0.25326476201224046,0.0025460327312518765,0.1739423605919113,0.06043532847127199,0.1385687483248459,0.2723972891220278,0.12296044318784095,0.17231406041235492,-0.024053298617758546,0.1325069575573885,0.025849265350457354,-0.16678187024785227,0.34508799471205487,0.2539346221356124,-0.007181045618602926,-0.08356041537776362,0.13766512233411188,-0.23292954981933525,0.15769563281024862,-0.25618844753266173,-0.008008093135545914,0.04845764908115908,0.13252952805492693,0.07702867460798875,-0.013304099165093113,0.011017224110933995,0.058516836180507556,0.05260900844983002,0.11716224358806424,-0.177009529989541,-0.2522144277875068,-0.3995578600750066,0.08437456546754181,-0.11026212005489468,-0.27165165661406265,-0.1876894057711956,0.28569373043974183,0.12041400741199017,0.17163533330780717,-0.020890204605590632,0.10829445632306443,-0.028912404302098047,-0.0926676111345101,-0.04540821364588098,0.13059813833699768,0.13492925559677807,-0.20054169194092172,-0.05151595149761297,-0.4825487734345244,-0.3861687184995456,-0.4138345058572456,-0.36845249011029313,0.2991239825642906,-0.173491756730341,0.020377531875789716,0.29459376127265363,-0.04342120377330354,0.16148263986151387,-0.28091039713999555,-0.04745971065428245,-0.15250522446561324,0.11393224417247891,0.013136432611950676,-0.04814488647241261,0.03598261265600345,-0.04287145094040381,0.025393018864502452,-0.11311003319072271,-0.13170812316236855,0.1563244750847905,-0.028896282518142045,0.038269487710162566,0.09850692128337461,0.15956092321395823,0.13215066613196083,0.3408076610717359,0.26506832613562853,0.1311317693859414,0.23635301064239264,0.2535009461471959,0.10309840535404445,-0.3072300155373693,-0.11449570052174124,-0.16057981995997767,-0.253052760553219
#54,-0.09901636965638433,0.04066599089522251,-0.15430441555510324,-0.0957992676679638,0.005188393121640875,0.5285160099390798,0.1761284744963454,0.06407965773452662,0.09488113207166939,0.20695171324182876,0.0010999087103983492,0.11905010448931226,1.0,-0.174359108707174,-0.2268653407842845,-0.3333827734707984,0.06288180918659554,-0.2913758531950353,0.02242016190301538,0.07622984021296876,-0.08908454465028828,-0.2017089090993364,-0.08265437111943622,-0.048223883213797024,-0.004138058896907237,0.020598400315986965,0.07839822015505125,-0.07611859990367234,0.36085268115343305,0.17068495414360077,0.00936635343383922,-0.07007293092017097,0.19828706045467462,0.009857261755299532,0.4470445747174154,0.412933298134105,0.08618826616259222,0.1718086424853342,0.04399110883614826,0.08093981939571523,0.18181140334083667,0.07762356843596528,0.336914250246361,0.036022917115893456,-0.003964749719380198,-0.11577980061383693,0.1112761802657273,0.02490855925662454,-0.0772600222077574,0.15795116308595128,0.08545391890339625,0.00043407903301539833,0.15606894480908784,0.06373868200385714,-0.05673296078577575,-0.18342438782563483,-0.07750829768067985,-0.07411063171195209,-0.14414366121683195,0.1394369063908767,0.048842959717707565,0.040673245698002715,0.36352970337932744,0.13820358991824241,0.03453084601076532,-0.3281294901687346,0.125860752121526,0.21927359271940236,0.07668850496651707,-0.04197346757405441,0.28350842262450554,0.19689494441007369,0.14729305171263726,0.12589622004622922,0.006102498271946282,0.0587320619963202,-0.008582028644379644,-0.07673848249678068,0.1854694361204539,0.04660928655060326,0.5976921666266981,0.323625869820625,0.7187441936387471,-0.14723984982558244,0.034549386062314724,-0.09254508557644446,0.10924886593325984,0.1897368723336081,0.13869691650729613,0.37582981844856045,0.15613988065849427,-0.058516030091309755,0.17910858626061266,-0.037546425699735805,-0.03526841762675249,0.30307543181190716,-0.04366061226505019,0.17316690278362754,-0.12003433939982629,0.042100829667306834,0.07708268258424136,-0.11100855865205764,-0.2776924890623772,0.11910814291155387,-0.17649282681375109,0.09465945754227434,-0.1112173357542879,0.11862690766046717,0.09556953224659075,-0.01902572029107881,0.09413066302851741
#58,-0.3755307593561766,-0.08793425536502741,-0.26023904575160767,-0.014240774812936926,-0.15632366899559272,-0.2633255612899845,0.5180457173488532,-0.22747958075300823,0.10077767455357772,-0.10540462654895077,-0.0477047617704137,0.05488540434441773,-0.174359108707174,1.0,0.1682747474421782,0.19145384232492246,-0.15953835271641983,-0.3737404352478624,0.019746364033912174,0.16039361335528582,0.1828649619223615,0.15208283372596595,-0.0489953105760918,-0.05378348041102488,0.05610421121149161,-0.18092389913405868,-0.27229410970470935,-0.14192449765528806,-0.15607539352267025,-0.3611493219782235,-0.27471479556570333,-0.12528359225590108,-0.26549394123206704,-0.3718106577083287,-0.2974723057979981,-0.2947114502955325,-0.3174592874574536,-0.277842421653168,-0.3208859726373022,-0.2534412955465587,0.0032860226148324445,-0.20276004941326783,-0.003055481104261592,-0.06070698053093065,0.15195466554351572,0.008533663292511633,-0.2865884894493,-0.055770490283602335,-0.2458011821298086,-0.2904875428990595,-0.31185374317595116,-0.37900177944190416,-0.4116677380935587,-0.22132105928181484,-0.3067383011267112,-0.12296527972302775,0.08695324481130459,0.040690173571156514,-0.11805942086521584,0.10808406704243859,0.01681703588910631,0.040691785749552116,-0.0980450321730351,0.1930063701198856,-0.3254065208585656,-0.16360668489771735,0.35395739415545024,0.4291824441833611,-0.017626349443697693,-0.011825731576327578,-0.16143105015285467,-0.33579217408302314,-0.22591415553088026,-0.3473353713955218,0.12708197725619327,-0.0459096011269127,0.16133673771671203,0.07845625857729287,0.10119361657964263,0.03999693686104836,-0.17529417217662221,-0.037098240105758906,-0.22450511161312556,0.05476771532153891,0.1258696191027018,0.16249992442913772,0.014356045568222352,-0.14502794106681874,-0.17418418735125135,-0.01877663872895855,0.03870880632296367,0.12903593747166092,-0.025676762262128117,0.08214008621123971,0.10545299190081879,-0.0891554804996947,-0.30006952519331026,-0.11377666895730347,-0.2521757355060124,-0.2890647954649422,-0.31320958520665104,0.0467987175120863,-0.21707296920940786,-0.12834592511834397,-0.2123267160127604,-0.32919997662341327,-0.18286093147637253,0.01161211793891053,-0.10991872605663179,0.13159446458547872,0.13303978251713444
#101,-0.16665531424379765,-0.13229011956318026,-0.016620350124843065,-0.07228725794652807,0.2075369339994317,-0.09455950248174712,0.0812308175961211,0.053049133151828916,0.33096450587739784,0.02097968050654645,0.20158154700608397,0.0732843902842069,-0.2268653407842845,0.1682747474421782,1.0,0.5467312075417705,-0.05541500494737245,0.07605330667865053,0.7096087847600776,0.4174425611065993,0.8165171707075246,0.4854926111848907,0.41970525348482435,-0.1765911696958827,0.25626260773885934,-0.22677183443733967,-0.016759803556062495,-0.15336532163966604,0.24798890821263828,0.08621889755210863,-0.00984839477412373,-0.24087678322044725,-0.387235980597433,-0.07474663608901642,0.04880184916861975,0.011545212535493114,0.11946524042617936,0.07660628386834145,0.07516499638267472,-0.17540460639672084,0.17578185614129133,0.24117503622363332,0.29472757207948846,0.38969455265072356,0.11443766209949963,-0.0631760317437926,-0.47554385830564083,-0.17291862731070506,-0.3638964739643265,-0.2930912110079541,-0.5272754386636653,-0.39798840440688965,-0.4729135892532188,-0.3850498666929989,0.31421719670390125,0.16338259210072892,-0.10445021693875536,-0.20199748903214884,-0.41308000636810466,-0.46980047277131454,-0.4633654627052757,-0.39621581426092706,-0.19504013316593546,0.058465246471848344,0.006837651620340049,0.07057754275799388,0.062408634827486834,-0.011615342295701731,0.36075433827130143,0.10736342329960522,-0.2149924529898856,-0.2654068835987046,-0.10585119996453207,-0.6434216068179024,0.13388778835322024,-0.2731517886111688,-0.1638114315539586,-0.2639881666105763,0.10229070397784867,0.39232643388154115,0.010968858759065985,-0.14693353593041839,-0.10826221275515242,0.23234674732932573,-0.2781140737128267,-0.5113664622558809,-0.4959177627800404,0.0830163051692485,0.07954770335111432,0.1439663215933159,0.18468027479580754,-0.42922355473244894,-0.5150204645895091,-0.42348742400090283,-0.476426525977232,-0.2866175086604208,-0.22063507737448687,-0.4148759731008035,-0.23077084294762637,-0.34864849069873827,-0.34674934454872103,-0.22534425046803555,0.164640897338495,-0.4313072953087624,-0.10626552981220137,-0.46295355112519976,-0.24042376109128355,-0.43811713685177833,-0.3002049481785407,-0.38347960493568417,-0.3370085626825036
#102,-0.2084292747413965,-0.13974886291042535,-0.19110722396986837,-0.2768872059537748,-0.030991308343224718,-0.43810343333541574,0.01564014566031804,-0.03446474669654571,0.23853993063602452,-0.11088522700479421,0.10202469454257461,-0.18909441924296133,-0.3333827734707984,0.19145384232492246,0.5467312075417705,1.0,-0.14182293041636523,0.013535446764861766,0.16408308361361726,0.3359654832605502,0.4303222543090506,0.6374984633924667,0.299747895603388,0.09085713479625088,0.07913659786023622,-0.23950723767338475,-0.3178945756242657,-0.24765035074956218,-0.05235267208492956,-0.2361668040377008,-0.08824782406297169,-0.4095864157848387,-0.3417870594470631,-0.277596564447839,-0.21121431291979614,-0.4173216477269292,-0.22371917464527039,-0.08643170510032788,-0.3651297904369608,-0.40289990588908614,0.012490755164512729,0.019613359316275142,-0.0025839189235484852,0.27048282727725237,0.047259800533228,0.18821820028495254,-0.43481458940839096,-0.3482285182266844,-0.3179034426054415,-0.2639905848781697,-0.4393480350568192,-0.34070689992201086,-0.4189072251790022,-0.17938185049866692,-0.08157501768358177,0.2954643376062778,0.024474883268208042,0.25454241339075373,-0.28232427759293705,-0.24482500811127256,-0.05862243386541938,-0.05266704687207163,-0.46197092839308135,-0.08552404866360487,-0.34731118871958777,0.18956356315608103,-0.09557033833578854,0.13586431906622629,0.4000495744856647,0.27963838838586685,-0.24260745672812425,-0.4263828963994011,-0.080815681659254,-0.40625565521952833,0.29849684516840214,0.27576674196883255,0.14451849269380904,0.20910961402433986,-0.16551147367211919,0.3085963367276406,-0.07154646197374971,-0.35894466802224,-0.19182464335591054,0.1451948015307634,0.0414809470741985,-0.13925714849976725,-0.14563492623276228,0.049853795571748995,-0.1669422819982145,0.04100132400150739,0.04312295077011747,-0.16831747016966161,-0.2949186152193671,-0.08957625906094639,-0.13920958923709703,-0.21638940556967332,-0.26517311773134256,-0.3592453392930195,-0.25543959066790534,-0.4588586180003748,-0.49833764255183655,-0.24299437954306835,-0.0971204478631583,-0.43170711555087127,-0.15463329994780572,-0.524146200397805,-0.19664183240196445,-0.002776574241822729,-0.06307446450486978,-0.048461679527148076,-0.042927071095052026
#201,0.23866245619409016,0.18844874179552337,0.2997188763922672,0.34839296042303564,0.18396204932056756,0.20251419220793876,-0.16581939974567886,0.0882558849549497,0.09029045409019736,0.5949321172134302,0.06321553011448482,0.1615414843729533,0.06288180918659554,-0.15953835271641983,-0.05541500494737245,-0.14182293041636523,1.0,0.20165490112308376,-0.09323590401895922,-0.32992545690143343,-0.12002869677544169,-0.1470608980236708,0.1959598809406255,-0.14749457401208732,0.2202844285734438,-0.1496798818273236,0.3253331667415658,-0.08372969410930166,-0.06417719452746043,0.015027517869989904,0.26188427380431784,0.21034534876456754,0.3938668703385373,0.30628124855155847,-0.007805764746898068,-0.05816457520106887,0.19983475171445098,-0.19837814853402602,0.23019851961718824,0.11473107856749888,-0.013398411601235736,-0.08399973399056472,-0.20517025611469036,-0.39219584743149755,-0.2987830068336212,-0.29037146605457625,0.16086275726840554,0.019480354598638113,0.20450926297249422,0.06326711982314404,0.16093772356380096,0.18975218802836627,0.31223582945570844,0.2812666885654232,0.24702966206725605,0.26542461756105623,0.1240559184076514,-0.24567785048254515,-0.01823575287723463,-0.14469583231732508,-0.004674914302642159,0.010249021105430422,0.010385250179858653,-0.1947966942281998,0.1933433154045661,0.3054276000910881,-0.10941169595121548,-0.2698298950270342,0.15200464307377934,0.1430473799078237,0.2711712274521737,0.2888689157898767,0.2358806423724817,0.11487456244470733,-0.06593849942465384,0.08626242636878984,-0.09762505970098122,0.02418307897860438,0.10202872498856361,-0.22487107610892684,-0.1010847945379396,-0.01779885253202693,-0.00586953849378203,0.03606402766498127,-0.15131382463126458,0.009852425220112732,0.004963494235454624,0.014516457318584588,0.0357762538213666,-0.1407605048536646,-0.17245915646795895,0.006383017312780746,-0.24158049909012683,0.027249442287036272,-0.11572015001319971,0.36959552459277384,0.005668822283529784,0.3982374859690099,-0.010582742033319697,0.3320011365857689,0.3033229011956318,0.32974811727791736,0.11834397035203931,0.28838768053879,0.1930257162606328,0.26519971867486997,0.3567803185261465,-0.02547523996267807,0.05907545599458308,-0.1465675714346171,-0.16221295667472085
