,#10,#11,#12,#13,#17,#18,#26,#49,#50,#51,#52,#53,#54,#58,#101,#102,#201,#202,#301,#302,#401,#402,#501,#502,#601,#602,#701,#702,#801,#802,#901,#902,#1001,#1002,#1101,#1102,#1201,#1202,#1301,#1302,#1401,#1402,#1501,#1502,#1601,#1602,#1701,#1702,#1801,#1802,#1901,#1902,#2001,#2002,#2101,#2102,#2201,#2202,#2301,#2302,#2401,#2402,#2501,#2502,#2601,#2602,#2701,#2702,#2801,#2802,#2901,#2902,#3001,#3002,#3101,#3102,#3201,#3202,#3301,#3302,#3401,#3402,#3455,#3501,#3502,#3601,#3602,#3701,#3702,#3801,#3802,#3901,#3902,#4001,#4002,#4101,#4102,#4201,#4202,#4301,#4302,#4401,#4402,#4501,#4502,#4601,#4602,#4701,#4702,#4801,#4802
#10,1.0,0.23697772977068776,0.3438579025962118,0.2074127962629705,0.14387039697877768,0.16488997890061524,-0.12852084647426662,0.3841986365001219,0.19685222168259028,0.17709094499851882,0.13114466681310621,0.13190077848064277,0.17553922329275345,0.13089639134018374,-0.3046940589210899,-0.2057941691537877,0.15952061875406823,0.320180644589227,-0.1374031433448268,-0.2260826281732205,-0.23280863643966523,-0.059619566203098204,0.16474085239902223,0.14577760402077292,0.17298150226813347,0.13532423930370016,0.3058902952906254,0.28557281706007176,-0.0009475578520141147,-0.10453485630452437,0.17209319197215767,-0.03609627123289327,0.060332955143151366,-0.011291294438186057,-0.01055130455460549,-0.2004715621807131,-0.20698073245294957,-0.2586389586939743,0.016454295750096225,0.02313193866467294,0.11595472196975956,-0.08630676127466885,0.12652658179890897,-0.20511624813843776,0.09958385645163566,0.05542467801774605,0.28102889225207217,0.20989152054620605,0.16238304149545668,0.04689786648341572,-0.06720647773279352,0.03187558819321152,0.1338595752312972,0.08662839086459112,-0.10390852499783364,0.02316901876777175,-0.13880251419220793,-0.12669021790606239,-0.14153838092954177,-0.143413344403625,0.020718507606459192,0.03104047978429053,-0.041321341413034056,0.1588572073442787,0.39638267472487165,0.1810028958754431,0.010739123337692932,-0.08947952835721036,-0.18730812558063611,-0.008078222895754529,0.08187165850837225,0.12914395342416615,-0.19084846933737454,0.12020200595296873,-0.18397252848013898,0.009442125818432439,-0.1774464303347487,0.05571083968296512,-0.027627498120804558,0.008892372985532714,-0.0073801496504595715,0.11004366988229082,0.008759368267895685,0.12844910453566238,0.056824854954324974,0.06395955044405438,-0.03700634593720968,0.2176549656102196,0.016035129367240133,0.08862749207513558,0.128499082065926,-0.2295697700429041,0.06673330337368481,0.030128792901578525,-0.23603057496327257,0.12595748282526203,0.2879677080667361,0.4041211310237534,0.27795930458684903,0.3737630057454008,0.3280158315918448,0.39719843699304547,0.1606676836825379,0.3134755946419251,0.19275970682535876,0.1571555530477225,0.06784651255584687,-0.048625315634301516,-0.11105208746873885,-0.1046194956702934,-0.2100914306672605
#11,0.23697772977068776,1.0,0.15650826342188895,0.030448810313105198,0.013370198479312728,0.06608520765865347,0.002521043966120071,0.13098425506274397,0.34633582079024955,0.1527607547413159,0.06559591151558876,0.08139687197086794,-0.10306938614292364,0.017183000384907592,-0.0054165163646183265,0.12252918546701785,0.06373465155786813,0.1531904002837434,0.21785648790966963,0.15428023287916925,0.06815121427261533,0.18464158251431312,-0.00583084621228762,0.046825318455613704,0.1765331312736411,0.10689105502969432,0.11812955062542446,0.130245877357559,0.09008893179074731,0.027176088170036455,0.10358447714031796,0.16484161354874724,-0.15526769214647446,0.03376667345125075,-0.0750674595897409,0.05647340006408409,-0.07015676419674219,-0.015831188800196686,-0.1293769132023304,-0.00032767525890577424,0.09145605907021641,-0.061659777962730464,-0.1147609038678175,0.024932741932558546,0.030228747962105746,-0.029475860651360375,-0.09302712691672897,-0.08411419865665236,-0.06513805285123825,-0.08734984069662229,0.030797040846554876,-0.09698986141311466,-0.00511987553982786,0.16089661301471314,0.062240162185146594,0.18227248636197838,-0.24984452554597428,-0.13963036779834873,-0.009864516558079734,-0.155757794378737,-0.16105541258667977,-0.1200278906862439,-0.12070500561239604,-0.011974858077920612,0.19834509887691623,0.17269856495970562,-0.06942322302674403,0.3287751676161726,0.1558819321151982,0.12782680367496066,0.11220882546758211,0.044723037827750826,-0.23781203209041096,-0.08887737972645363,-0.24037700791781114,-0.2260116923238141,-0.35653687958841085,-0.15817283761534634,0.10831138419621823,0.03192234136668393,0.2379111810617404,0.22481464986508082,-0.09152377056283163,0.07059688889874109,-0.0006879971303224558,-0.0869830701116232,-0.13696382473202573,0.24509343581414,0.15426249891681765,0.11096906028136544,0.01978183195861538,-0.07614036431201295,0.09658601072501678,-0.15227226468744898,-0.06643021383531195,0.18694054890643924,0.12162797774387725,-0.005863895869397428,0.06793921281359389,-0.08251411159901899,-0.061955612698323136,0.14901808259592966,0.19119105724643962,-0.15212071991826256,-0.15301064239263396,-0.15877982278128985,-0.10677255991761768,-0.131218020930106,-0.07775979751039351,-0.21140858041646599,-0.16389204047373862
#12,0.3438579025962118,0.15650826342188895,1.0,0.6247001851989932,0.07623387065895777,0.505488459825522,0.11760398046845874,0.09854158311888002,0.025530860117326283,0.5176080109144477,0.20680903545381815,0.18957968494003705,0.37906707266692596,0.09957095902447086,-0.3079611384397741,-0.1921317633402724,0.6086178996136817,0.6372501879195442,-0.038251753747810965,-0.2724714493282254,-0.18420710043669883,-0.10591488101115829,0.14017931454205065,0.04146885573623149,-0.022323431199279355,-0.14689242538133057,0.35615801766544475,0.3907964765841164,0.12696590041171005,-0.07774448181563531,0.13046674579775625,0.24963574844374403,0.18288350197391093,0.005921934291639041,-0.07961219048693834,-0.024826338158448924,-0.2847030468156454,-0.3149692779254488,-0.2706754825955266,-0.27054167178869176,0.12140710930368,-0.2056974384500517,0.1788595046984924,-0.33089921265237604,0.017019364277754155,-0.17414468898055915,0.35037352158203067,0.3721395421010312,0.29436644411887397,0.25941844694824706,0.24625339816977448,0.37287066500343596,0.37226529201588804,0.2326788560788194,-0.23523415883584597,-0.24792925761200105,-0.42231375812890576,-0.33585666121884716,0.15491704334543138,0.04932016452280527,-0.15478000818180535,-0.018399388984388067,0.022529790033916204,0.416301944891712,0.5925726941314691,0.16894621974394577,0.002268738047208614,0.14046063967208292,-0.04608855292882434,0.01974394576631877,0.3113201121270074,0.3470975750821707,-0.4489598426513886,-0.12569953428196598,-0.5353548706932165,-0.3438941766101128,-0.49996513664219516,-0.18425707796696245,0.042724742706404174,-0.06321472402528702,0.08061980198418855,0.015642563927911444,-0.14158352192461857,0.03560294464383956,-0.11446426304302702,0.07846754382606207,-0.05938176988974715,0.1766588811884979,0.07559141756831102,-0.014589811435584405,0.01514359471447313,-0.009376832593410624,-0.026116080874929216,0.15410772979084,0.08455835380464025,0.2763358409424795,0.21118851806546654,0.6559570999328931,0.691380689730222,0.4204774869363169,0.5363125046602032,0.3933026079000772,0.4407361206554311,0.5589394284424543,0.47644990256396824,0.3205828830989293,0.2560465758338489,-0.1630117910697408,-0.1817872206649027,-0.04374766989841261,0.04428130094735633
#13,0.2074127962629705,0.030448810313105198,0.6247001851989932,1.0,0.16695437333618152,0.43912152399223736,-0.028226422394770093,-0.08940133770502375,-0.18118426594494813,0.5102919453552133,0.19761720033130267,0.0870056406091616,0.3023676854962386,-0.11561213406069448,-0.027130141085761846,0.06277137496649692,0.4036697210729853,0.39184922907644343,0.14707621371842902,-0.16071524294520811,-0.21089107115147826,-0.32551211854347745,-0.07436938634444594,0.12221481067987579,-0.17075266563621597,0.04621994546806577,0.11879134985681841,0.12222206548265599,0.2844563835211185,0.22894666309300454,0.0618008435723455,0.2234958879374797,0.06758130920977061,0.15644297019686712,0.21879880618189806,0.20628830183203922,0.013633789646993388,0.08975762913045143,-0.2445686717463721,-0.29248180757441716,0.1072739473986494,0.1447224332608525,0.23554530926619685,-0.011225195123966443,-0.22239960662847147,-0.2555919415262896,0.42601128927921517,0.412957480810039,0.07445886224540177,-0.014805843340594853,0.17472426711377748,0.11385647178788569,0.08025625575598068,-0.030753512029873666,-0.340383658153693,-0.14430568514558978,-0.4795025623560375,-0.36067372935152137,-0.01960529842429714,-0.007522827438470204,-0.23563881561314168,-0.09073863968417425,0.24786074003018804,0.28984428371921495,0.38644359491599545,0.05088639583413103,-0.12086138691676927,-0.01134933286042767,0.054857191222494724,0.012855913571116212,0.09856657188401183,0.15014983182964112,-0.18154297563796923,-0.01699679378021575,-0.2892703482103812,-0.26278870588424963,-0.34817047980444277,-0.2656704747663853,-0.11020811207864206,0.16726632985573017,-0.00728422503592135,-0.12785662897527925,0.06908224729607455,-0.09608945977917187,-0.06643263210290534,-0.03469125776112756,-0.07145295562680488,0.08197483792569067,0.13012173962109777,-0.1284015452729922,-0.024554686098790263,0.03944154140376403,-0.1368936949718171,0.16444018112824274,0.20430048587026398,0.01571672413410906,0.21500615650624819,0.3620150617766609,0.3949881404126774,0.38606634517142496,0.2789556308353301,0.2198233455523021,0.37100618068892416,0.4202759646368669,0.3161187611215119,0.282255760011124,0.12744068694921437,-0.24309433460359556,-0.20149610155111713,0.05023104531631948,0.18122376431564036
#17,0.14387039697877768,0.013370198479312728,0.07623387065895777,0.16695437333618152,1.0,0.45317971960187253,-0.10146204428251009,0.00976133714076131,-0.0595857104567906,-0.11151720093586956,0.07347543342408554,0.49177043385735847,0.1116598787238802,0.03239551572579264,-0.25329700558015245,-0.1611207058117016,-0.05965503412780141,-0.03376586736205295,-0.03934481070002801,0.22884025931889493,-0.25851240268991965,0.11027098703607048,-0.07453302245159939,0.07972665515302596,-0.10578026411512566,0.22411577053058807,-0.25896703699747897,-0.0260459511147206,-0.04022828446081701,0.18336876767098664,-0.07755827521094347,-0.10754156901231905,-0.10759960743456067,-0.041626849219000325,0.07472487168067582,0.04601116836583552,0.023559972028704836,0.03194894231021134,-0.1037142575011638,0.17731906824149626,0.21517462914858843,0.2697791114075728,0.32624404753508,0.1593585948253104,-0.02270551747903664,0.2181112120961745,0.08900232355211266,0.12198023872331593,-0.19555683634172538,-0.05879735522134202,-0.20511544204923995,0.011155871452955627,-0.192000370801031,-0.056213033253194634,-0.24655165117296055,-0.05271057568875284,-0.1324336034403887,0.07192290562912239,-0.14280635923768145,0.15558932173639675,-0.11984410234914544,0.03636308675736514,0.27818500956223313,0.0661940297003565,0.03412377096587623,0.0812703159668133,-0.16716637479520297,-0.1112689254629471,-0.16135527776826145,0.14519077108477438,0.12878363155274947,0.07964765841164154,0.08643009292193228,0.4670081797901347,0.12158767328398724,0.12235990673547982,-0.005685750156683588,-0.040898144584188965,0.0644407856951411,0.24158614171451143,0.16457721629186878,0.40342708822444745,0.17825896824613127,0.36401819343319436,0.5232635327262138,0.053311918230311776,0.07306432793320745,0.24714573891173927,0.12707472245341309,0.43078494950858787,0.3396557596080794,0.10231166229699147,0.29431324223181915,0.0503559891419785,0.0794703187881255,-0.2066389506330823,0.23949030980023095,-0.061741192971708284,-0.059726776066405626,0.16662951938946804,-0.04428533139334533,-0.08354993621819222,0.0658361260965332,-0.023376183691606395,-0.11873089316698339,-0.07502393077305969,-0.11413457256112675,0.011533927286723913,0.04027020109910262,-0.16298922057220241,0.03554732448919135
#18,0.16488997890061524,0.06608520765865347,0.505488459825522,0.43912152399223736,0.45317971960187253,1.0,0.13839382696892324,0.19342553650274172,-0.05131604137655852,0.2993650032344329,0.36969386747490546,0.44127781259635285,0.4081548013695456,0.02009378847816405,-0.2808185029714463,-0.13438030885307614,0.20684853382451035,0.2640816729575211,-0.03783419954335047,-0.010345751809166444,-0.22231496726270245,-0.07351170743798655,-0.02127148479615012,0.0962289132103913,0.047250933552052204,0.09294006928336655,0.025896824613127565,0.134626972147603,0.2136720788838889,0.20719757044715784,-0.03522972534525808,0.09371713927004592,-0.056618496119688125,0.05390278161229931,0.16115939809319602,0.0786013546328969,0.010496490489155078,-0.07069684395926831,-0.134614880809636,-0.03674920348311143,0.22980272982106836,-0.0014723219197820335,0.2632763898489187,-0.07065976385616951,-0.12237280416264462,-0.049722403032507564,0.1673856310570046,0.244125322687582,-0.036189777579838094,0.06277701759088151,-0.0035173702146010966,0.1827891895377683,-0.0016278971349574687,0.07278542107076859,-0.2984597650653033,-0.13231752659590548,-0.3123511002109938,-0.1479774214415696,-0.16877532883401214,-0.03549734695892774,-0.1876748961656352,-0.034320456730139476,0.18818273236024932,0.2600181773114104,0.32428766905201895,0.04984895903656219,-0.10843471584348166,0.14263466223855,-0.11641499890170347,-0.009390536109773227,0.18257960634634027,0.1770304883086838,-0.18623522085836408,0.2627379222647882,-0.1712419617792807,-0.13871868091563672,-0.16624904528810636,-0.13005644639607597,0.06212247316226777,0.18745080336864675,0.3174367169599152,0.1434802498070424,0.027514645633112532,0.2851850881559299,0.2141452532429976,0.10761250486172548,0.009048754289905949,0.17491934069964513,0.03938995169510482,0.24580763084339097,0.134594728579691,-0.05244456625347878,0.1258518851403502,-0.08247461322832678,0.021917162243588063,0.060370841335447976,0.22173941957547313,0.23603944194444837,0.25605141236903567,0.3700678928626847,0.1960082462924935,0.05434371240349601,0.34198132694373296,0.19014959000288176,0.14866823988408437,0.06280926115879353,-0.0025589301584166796,-0.11219592804041731,-0.15955608667877144,-0.16493189553890086,0.015180674817571939
#26,-0.12852084647426662,0.002521043966120071,0.11760398046845874,-0.028226422394770093,-0.10146204428251009,0.13839382696892324,1.0,0.18691314187371402,0.015655461355076245,0.13846798717512088,0.3339889525475441,0.1470326849017478,0.24851528445880178,0.24540458624449088,-0.09124728196798616,-0.20562085997626067,0.019767322353054978,-0.05986945385441626,-0.3222797008602987,-0.07130463521440965,0.06741525483502377,0.05395920785614532,-0.003807562325809162,-0.3170360906286085,-0.07477887965692843,-0.43865721661430446,0.09518341552084446,-0.042040372977471825,-0.10829606850146004,-0.21160123573474024,-0.07166656926422194,-0.13126396801438064,0.08803259824715903,-0.13535325851482097,-0.19023422936865078,-0.2423551508092128,-0.043461508233193544,-0.2357879421147347,0.07252989079506593,-0.0225241474095316,-0.18969979223050926,-0.06981256410928151,0.02551635051176588,-0.10957613814756671,0.09878663423501127,0.025007708227953965,-0.17841937999649352,0.001461036671012831,-0.021215058552304104,0.16522853636369134,-0.051686842407546604,0.19976059150825334,0.036684716347287406,0.12796786928457568,0.18564355138717875,-0.25324460978229546,0.1805377824083124,0.059326955824296736,0.1527518877601401,0.25922337336237944,0.11810053141430366,0.15178458072277987,-0.19187220261858076,-0.062085393059168964,-0.011304997954548661,0.04481090155031105,0.02026145503130649,0.26628149037831783,-0.23780800164442195,-0.4220372695340603,-0.0450583709340357,-0.1094665100166659,-0.002758034190273325,-0.051650568393645596,0.06451494590133872,0.014815516410968456,0.17100980809031424,0.15919415262895917,-0.046038575398560724,-0.3717219878965707,0.40283864311005335,-0.10582540511020247,-0.17245593211116775,0.15574650912996776,-0.03128956134641079,0.1921148354671186,0.2815867059769499,0.0019898311847697508,-0.1474389538574391,0.22415929934726928,-0.13754259677604624,0.08186440370559205,0.20341136948509037,-0.015912603809174503,0.08610846333201,-0.026291002230851856,-0.4826164849271396,0.03342005509619667,0.0203049838479877,-0.05087511058536182,0.07086289833401516,0.01160969967131713,0.03210290534699117,0.029748318800216837,0.19849261320011366,0.06502278209595283,0.12953329450670364,0.16041295949603304,0.11494952874010274,0.012820445646413004,0.027661353867112166
#49,0.3841986365001219,0.13098425506274397,0.09854158311888002,-0.08940133770502375,0.00976133714076131,0.19342553650274172,0.18691314187371402,1.0,0.5744534211433167,0.13806333039782517,0.32567172420464185,0.2944212581843244,0.1395038117942941,0.3315263500482646,-0.11507447256576177,-0.21445720976254629,0.16144314149082167,0.12368753564425672,-0.24859025075419722,-0.43735457647065934,-0.007259236270789544,-0.2591613044941488,0.09443214038849469,-0.14244926172305597,0.3434693676028721,-0.0794509726473783,0.2898676603059512,-0.08637205449969067,0.07839983233344686,-0.22438097387666434,0.029545990411568992,-0.031672453715365874,0.13742893819915641,0.061842760210631106,0.017374849613984035,-0.2215588555951659,0.1267627659338644,-0.2559135711162119,0.24162402790680804,-0.21360839783726268,0.055040173470395366,-0.10631953778845399,-0.15448417344621268,-0.4724194565749673,-0.09920177017187837,-0.09452242237864832,0.15206509976361435,0.1337322131380448,-0.031088845136158543,-0.1218988237143381,-0.11271666166219622,-0.04662137788857026,0.0079492486241065,-0.17198840037644367,0.06897181307597593,-0.26061951985296933,0.03615672792272829,-0.2750340068880322,-0.06528556717443569,-0.16318913069325686,0.36899256987281925,0.30618290566942685,-0.07527946104876235,0.03412054660908503,0.21183258333450888,-0.10425433726368992,0.245912422439105,0.2106008790402702,-0.12431547912934306,-0.20234975001158753,0.03820016403915175,0.16136092039264605,0.04758546056913928,0.029387190839602357,-0.14480143000223689,-0.20021280754821924,-0.017898807592554154,0.08819945871110367,0.10570207346293904,-0.17815498273961505,0.10493951308182006,-0.0882687823821145,-0.27550637515794313,0.35078865751889776,-0.05944222657958216,0.4592358677449453,0.24216571984772975,0.04124476293924304,0.03568919618800418,0.13322679521102407,-0.11338168525038138,-0.024343490728966615,-0.048843765806905366,0.00021482277121374866,0.021156214040864693,0.19287578366984198,-0.03918439894966577,0.2123976518621668,0.10592374799233409,0.09234356327699442,0.1576682257775234,0.14603474647487116,0.18600790370458442,0.13657932018467503,0.26660876259262467,0.20477204805097707,0.2446895851260421,0.2762100910276227,0.216786001454991,0.07719714725032899,0.016084300808305942
#50,0.19685222168259028,0.34633582079024955,0.025530860117326283,-0.18118426594494813,-0.0595857104567906,-0.05131604137655852,0.015655461355076245,0.5744534211433167,1.0,0.05786793437627841,0.19829915179264163,0.05554156095142708,-0.16170350830171112,0.3375873347265242,-0.09776612531059624,-0.1156621115909581,0.08115907565751689,0.02919211725373471,-0.1531863698377544,-0.3196437891834921,0.09773871827787103,-0.019891460089516207,-0.04587413320220949,-0.046589134320658254,0.16965638432720773,-0.06547177377912752,0.029203402502503913,-0.22978096541272774,-0.07377771687326061,-0.1744179532186134,0.10310243580003345,-0.07421300504007271,0.1148213605576525,-0.10827349800392162,-0.14809430437525065,-0.1735248063874508,-0.035136218998313255,-0.16849964632836448,0.10320722739574748,-0.0666615614350806,0.015837637513779087,-0.12994117564079052,-0.23806030756333343,-0.3911189122632365,-0.03463563760647934,-0.09298843463523457,0.01116473843413143,-0.10702728410412254,-0.15047952231154138,-0.22951576206665147,-0.16889301785689095,-0.2348230533449679,-0.09787817170909047,0.010606118620055902,0.22446561324243333,0.10250915415045252,0.014056180386640684,-0.1466159367864851,-0.021030464126007863,-0.1646296120897258,0.12996616440592235,0.0975589603867616,-0.23111826739187824,-0.07984515026510258,-0.04270620265485477,-0.1294502673193302,0.370361309330684,0.2701096079786709,-0.049279053973717464,-0.23342690685437797,-0.1311430546347106,-0.10054874522140247,0.06973276127869929,-0.1594617742426288,-0.11484231887679532,-0.1263169986074809,-0.0936155720311231,0.0029918000576353776,-0.006026725887353065,-0.21376800349842712,0.09489322340963639,0.04694381356769033,-0.3413348434070972,0.24181990758187347,-0.1138967762477757,0.2573306759259446,0.1523319152880862,-0.02943878054826157,0.03924404955030299,0.0004147328922681939,-0.22526605981584893,-0.002039002625835562,-0.12560602793502115,0.039100565673094556,0.12839187220261858,0.14387281524637108,-0.08369986880898306,0.07727291963492221,0.037957531190613895,-0.0014207322111228218,-0.0852000008060892,0.15210379204510874,0.09334069561467324,0.026418364324104285,0.04962406015037594,0.08555306787472568,0.10264215886808954,0.0649115417866564,0.11032821936911429,0.037946245941844696,-0.00432668376919248
#51,0.17709094499851882,0.1527607547413159,0.5176080109144477,0.5102919453552133,-0.11151720093586956,0.2993650032344329,0.13846798717512088,0.13806333039782517,0.05786793437627841,1.0,0.16878742017197912,0.1298291292422963,0.31007792867319733,0.24412129224159299,-0.08569977610872531,-0.20035064880104309,0.55414803425073,0.3309878824641341,-0.029419434407514364,-0.3147782347855702,0.1607628022078783,-0.10167646400912493,0.16760005078361948,-0.08814625682404886,0.09937346717100981,-0.23678426836321573,0.4583959228008375,0.07058882800676308,0.09442004905052769,-0.21122559816856534,0.22476628451321282,0.006291123144231525,0.26816612692277464,-0.170873579015886,-0.00701902168984509,-0.13451653792750437,-0.12318856643081841,-0.3320027487641645,-0.05611630254945861,-0.32203303756577184,-0.025574388934007493,-0.18087956422817966,-0.05142647559665715,-0.25543878457870756,-0.10129195946177424,-0.22889265511675194,0.45822906233689287,0.368598392255095,0.16743238423047702,0.03822676498267916,0.22542002285262877,0.1527801008820631,0.2855937753792146,0.13227077342243307,0.11190654201840705,-0.22128639744630943,-0.1478960064325918,-0.3836271192588816,0.0119224622800636,-0.09417741620198983,-0.030098967601259918,0.020672560522184583,-0.07092013066705896,0.20501951743470173,0.4693659906937002,0.2168375911636502,0.04426840352019153,0.205272629442811,-0.008178177956281752,-0.2591774262781048,0.14203090142939767,0.12698524655245727,-0.204304516316253,-0.24082358133339243,-0.357218024960552,-0.26508041747359556,-0.20141226827454592,-0.10314274025992347,0.07039133615330205,-0.2631248450797323,-0.03947942759606064,-0.20585059539763373,-0.29160317034881494,0.01475102927514444,-0.13579983193040226,0.02689153868321299,-0.002851540537218146,-0.005316561304091104,-0.17407133486355933,-0.1337507531895942,-0.2437472668538137,-0.11506318731699257,-0.22834693272984122,-0.020417030246481924,0.12570759517394398,0.20199748903214884,-0.04550413826041921,0.5201238153007821,0.44376540386076424,0.35252577974015714,0.3713124945840882,0.43987279912458715,0.21734059082307752,0.4887121314409046,0.47127722818168444,0.3675915868470426,0.32178395600365156,-0.06472855953875577,-0.08588840098101055,0.020633062151492375,0.14327147270481216
#52,0.13114466681310621,0.06559591151558876,0.20680903545381815,0.19761720033130267,0.07347543342408554,0.36969386747490546,0.3339889525475441,0.32567172420464185,0.19829915179264163,0.16878742017197912,1.0,0.18844068090354538,0.13665106212327924,0.126788560788194,-0.028708463735054604,0.1262936220207447,0.2074764773095967,0.07013258152080819,0.0684760682193288,-0.07334081652805291,-0.11447151784580722,-0.06274799837976071,-0.08190954470066886,0.07498765675915868,0.03391257559605258,-0.06859053288541643,0.01886047200552977,-0.06205717993724596,0.32551050636508183,0.1743526599935916,-0.11602807608675939,0.09519147641282247,-0.04888084591000417,0.055387597914647244,0.16129159672163523,0.019405388303242694,0.17416403512130635,0.06655112721498198,0.13206119023100502,-0.13664944994488365,0.14546242314443306,0.04120204021175963,0.08261648492713962,-0.16525513730721872,-0.2255578641054526,-0.23085951275938438,0.11172920239489101,0.08931428007166133,-0.207120185884169,-0.1886027048323032,-0.21452492125516148,-0.18315273576597618,-0.20740231710339907,-0.014796976359419052,0.04027100718830042,0.024576450507130868,-0.27872589541395704,-0.14424200409896357,-0.04964904891550775,-0.024522442530878253,-0.07513678326075172,-0.019847931272834997,0.032285081505694015,0.1447990117346435,0.14013014310098484,-0.19600663411409788,0.16319719158523485,0.3656231170260145,0.11415875523706076,-0.008591701714753246,0.085160502435397,0.17168692301646638,-0.07890202590367637,0.02435800033452702,-0.16945647420615328,-0.2511640935627732,-0.19153686951229587,-0.1553773202773753,-0.07458299998186299,-0.04057732108346449,0.28668038361784925,-0.025442996394766063,-0.09321575178901421,0.029645139382898415,-0.01482841383813326,0.15212716863184494,0.20699927250449898,0.08268661468734823,0.21651112503854114,0.10025452266420541,-0.12187947757359091,0.09155520804154584,-0.03845569431485441,0.1449118642223355,0.2815850937985543,0.11590071399350695,-0.027870937058540213,0.170930005259732,0.058290325115925704,0.027261533625003276,-0.1690792244615828,0.027837081312232604,0.26110075510405606,0.15644055192927372,0.10634613873198139,0.06635766580750993,-0.03743196103364818,-0.08450918236357444,0.11853823784870915,0.13137117787768807,0.24186988511213708
#53,0.13190077848064277,0.08139687197086794,0.18957968494003705,0.0870056406091616,0.49177043385735847,0.44127781259635285,0.1470326849017478,0.2944212581843244,0.05554156095142708,0.1298291292422963,0.18844068090354538,1.0,0.4368007931917706,0.15787942114734707,-0.2626734351289642,-0.3192157558194602,-0.019857604343208598,0.08632127088022926,-0.10295411538763823,-0.02111107304578788,-0.2798237889013609,-0.16958464238860352,-0.07086128615561955,-0.13784004369003452,-0.09354947271690349,0.04037499269481665,-0.0997378194884155,-0.10525953049334674,0.10371506359036159,0.20516864393629478,-0.10568756385737864,0.1797994047031274,-0.09409197074702301,0.1125449646630648,0.1744735733732616,0.14146260854494855,0.13914832645806421,-0.06563137944029196,-0.06213778885702598,0.03366671839072353,0.331621468573605,0.201686338601798,0.17642914576712487,-0.022408876654246176,-0.10402460184231686,-0.03369331933425093,0.10753592638793445,0.06421266245216364,-0.1341989387835711,-0.12384311085943216,-0.16230404475407226,-0.014227877385772122,-0.11052248686578413,-0.2362127511219754,-0.31419946274154964,-0.24308304935482636,-0.14194787424202426,-0.12447911523649649,-0.018569473805123905,0.21818053576718532,-0.029617732350173207,0.10609705716986113,0.26286689653643625,0.15378368193332434,0.1055424678017746,0.018973324493221796,-0.11274406869492144,0.07211556094739663,-0.13654143399237842,-0.0004864748308724102,0.1986522188612781,0.1412417401047513,-0.005738145954540599,0.3086680786662448,0.08041989186313411,-0.0229707208251129,-0.06230706758856401,-0.05919959373104431,0.16090064346070215,0.10430915132914033,0.30842463972850914,0.3513827452576765,0.101942473444399,0.7544579755472842,0.5026292614409248,0.27664779746202817,0.2295729943996953,0.3147355120580868,0.10003849075919496,0.5314574294218527,0.2781390624779585,0.25861316383964467,0.1800855663683465,0.04671730250310848,0.15312027052353477,-0.16362844930605797,0.12858130316410163,0.05906578292420948,0.01579572087549348,0.10073333964769872,0.09436201062828607,-0.017679551330752503,0.23060237030528613,-0.05333851917383918,0.025445414662359462,-0.07071215965402651,-0.004001829822479006,0.1854823335476187,0.03964709414920308,-0.10836216781567964,0.0750287673082465
#54,0.17553922329275345,-0.10306938614292364,0.37906707266692596,0.3023676854962386,0.1116598787238802,0.4081548013695456,0.24851528445880178,0.1395038117942941,-0.16170350830171112,0.31007792867319733,0.13665106212327924,0.4368007931917706,1.0,0.11330994331177717,-0.2601334480666958,-0.42852467539795613,0.10884179088837075,0.04793530328098456,-0.2913508644299035,-0.09189537768301752,-0.2950548442937953,-0.24345304429661666,0.09645300600737974,-0.22618983803652792,-0.1470544493100884,-0.24307740673044176,0.089598023469287,0.16489400934660425,-0.05808960890567346,0.020292086420822895,-0.13390229795878064,-0.08856784147449837,-0.024931935843360748,-0.18842939565477618,-0.07124095416778344,-0.08122920541772549,-0.24843467553902177,-0.3162138796468523,-0.12862483198078284,-0.0021744256110659923,-0.08888302235083823,0.038000253918097304,0.08559095406702229,0.05139987465312974,0.1740092659953287,0.1660072185287663,0.159380359233651,0.3146774736358452,0.20811409386505664,0.23463684674027604,0.13915558126084443,0.32034750505317167,0.21785568182047185,-0.09334875650665124,-0.27350082523381625,-0.4198648591459888,0.07183101146057316,0.021592308296874592,0.30337207263669763,0.3187006648220659,0.02440475350799943,0.11688978543920778,0.13813184797963818,0.0702172208865772,0.09664001870126938,0.019803596366955986,-0.03202149033801335,0.13961988863877733,-0.34018697238942974,-0.24127096083817154,0.13408931065267027,0.05195204575362287,-0.05225352311360013,0.09354624836011229,-0.009190625988718781,0.06022171483385494,0.03673953041273782,0.17808565906860424,-0.0058558349774194265,-0.09511247967143804,0.07364309997722798,-0.1130407095197119,0.22518464480687111,0.292796988450757,0.0909087245049101,0.1594101845339696,0.02000108822041703,0.06532667772352349,-0.3687797623246,0.16354461602948675,0.17143139274076372,0.14265239620090162,0.23151728154478934,0.20419650036374776,0.08932959576641954,-0.18780064608049205,-0.11336717564482097,0.2376048671665763,0.08558289317504428,0.20860903263250594,0.3381806163761051,0.06572811014402799,0.0015222994500456448,0.22459781187087258,0.21125784173647735,0.07712943575771376,0.06102135531807272,0.1429917597531755,-0.11322288567841475,0.02238711224590557,0.04500758731457429
#58,0.13089639134018374,0.017183000384907592,0.09957095902447086,-0.11561213406069448,0.03239551572579264,0.02009378847816405,0.24540458624449088,0.3315263500482646,0.3375873347265242,0.24412129224159299,0.126788560788194,0.15787942114734707,0.11330994331177717,1.0,-0.14376157493707467,-0.4618975742760815,0.21022846583088653,0.04235071731862489,-0.192936240359677,-0.18466979563623612,0.1553829629017599,-0.029974023775600888,0.0141246979684537,-0.32167190960515735,0.009895954036793941,-0.34068029897848345,0.11328414845744755,-0.1898561735348825,-0.1223058987592272,-0.20737410398147607,0.06546613115474292,-0.22843721471999484,0.08263905542467802,-0.2694091164657825,-0.13310104529616726,-0.13252791587653132,-0.0010974904428049485,-0.300687795608023,0.09576379974326059,-0.20890164301130743,-0.02167452939505021,-0.18786432712711826,0.11621992531583582,-0.12962518867525286,0.1442952059860184,0.0003413787752683773,0.04803687051990738,0.038813597918677695,0.11329865806300796,0.02790156844805662,0.007745308057063054,0.08587630964304355,0.09835295824659478,-0.07173266857844154,0.17406085570398794,-0.24482823246806376,0.2586736205294797,0.04759432755031508,-0.015299976018846365,-0.024113755307593562,0.0459144376620995,-0.01002009177325517,-0.054564580843693256,-0.028717330716230404,-0.02127229088534792,-0.09301422948956417,0.4610189370504793,0.2445807630843391,-0.06906451333372295,-0.14540277254379583,0.22772624404753508,0.182266037648396,0.24970104166876586,0.01409084222214609,0.056874026395390784,0.06631574916922432,0.12372058530136652,0.02326413729311217,0.13153158962805028,-0.14636927349195825,-0.08823009010062008,0.08770855038964337,-0.3253492885255218,0.2557692811498056,0.16521402675813093,-0.011583904816987524,-0.0758969253742773,0.21697785068406744,-0.17607607869848838,0.22079871348164032,-0.15503392627911242,-0.05862565822221058,0.014638982876650216,-0.07656920376524265,0.0825810170024364,-0.08669126582201954,-0.14416300735757914,0.14157868538943177,-0.057335915505730285,0.14095235408274104,0.11682288003579036,0.20766107173589293,-0.05663542399284193,0.2382981038766845,0.20600697670200696,0.17564885142365427,0.07151905494102449,0.01969638650364856,-0.06538713441335851,-0.10438008717854674,-0.11045155101637771
#101,-0.3046940589210899,-0.0054165163646183265,-0.3079611384397741,-0.027130141085761846,-0.25329700558015245,-0.2808185029714463,-0.09124728196798616,-0.11507447256576177,-0.09776612531059624,-0.08569977610872531,-0.028708463735054604,-0.2626734351289642,-0.2601334480666958,-0.14376157493707467,1.0,0.4894900075167818,0.22005066270608173,0.0011990576817277716,0.5982749691167076,-0.031761123527123895,0.5694379341546039,-0.2313431662780645,0.029293684492657537,0.004285573220104671,0.28234281764448643,0.06917575364301937,-0.008233798110929965,-0.36573919387049775,0.5789530110454373,0.07390266069891964,0.08187085241917444,0.1791690429504477,-0.09098691515709671,0.23022350838232006,0.2817172924269935,0.2272917619699208,0.4596429427898344,0.32945873125590713,0.12207696942705196,-0.3404795827682312,0.17978328291917142,0.011645167596020337,-0.02454340085002106,0.07247104628362651,-0.504766203904293,-0.448102969834127,-0.13523556949194213,-0.14859649794548016,-0.3771324585922055,-0.45763094415212513,-0.15022157376824533,-0.40140783478395803,-0.3652531220842242,-0.22404402859198386,0.2538693289105906,0.03152090894617944,-0.32099640685740083,-0.3832321355519595,-0.2162967053119263,-0.3624777569761982,-0.11797719976704023,-0.11982959274358504,0.03626313169683791,0.04244906020075651,-0.06744588622454017,-0.2812457302462804,-0.08322830662826995,-0.12519411635494526,0.5701601900758329,0.22582145527313324,-0.041627655308198126,0.08338388184344539,0.08440277858946482,-0.1686785981302761,-0.10901187570910659,-0.2633191125764021,-0.1965209190222944,-0.39475356845611753,0.22744169456071162,0.06542582669485292,-0.15307190517166677,-0.2331673461326863,-0.07355201189787657,-0.34767070450180665,-0.2578014320174599,-0.2053621053437668,-0.057056202554093625,-0.13220789846500464,0.17982278128986362,-0.42009217629976847,-0.2644226486881906,-0.046372296326450006,-0.4911231442315249,-0.0750400525570157,0.08684522885879938,0.29949720186287215,3.9095326093308854e-05,-0.14272171987191243,-0.1297428776981317,-0.2613127565630775,-0.3937927101323397,0.06323810061202323,0.0812759585911979,-0.20742005106575068,-0.11619010001551722,-0.08059481321905676,-0.09064996987241623,-0.14728257255306587,-0.12823952134423436,0.09700678928626848,0.1183028598029515
#102,-0.2057941691537877,0.12252918546701785,-0.1921317633402724,0.06277137496649692,-0.1611207058117016,-0.13438030885307614,-0.20562085997626067,-0.21445720976254629,-0.1156621115909581,-0.20035064880104309,0.1262936220207447,-0.3192157558194602,-0.42852467539795613,-0.4618975742760815,0.4894900075167818,1.0,-0.0415067419285281,0.02581863396094095,0.4406933979279477,0.2489408995552403,0.14413479423565614,0.06256662831025567,-0.31993801174068914,0.34904186222726474,-0.06018060428476713,0.3969066327034418,-0.3061208368011962,-0.018748425607035546,0.3130781926674096,0.29461552568099425,-0.08853559790658636,0.3163984740731486,-0.07780090805948132,0.3433444237772131,0.11247402881365838,0.226443756133835,0.20669215252013712,0.5420026883074747,-0.15201431614415292,-0.08393202249794951,-0.026818184566213175,0.1774093502316499,-0.03625023426967311,0.0820820477889981,-0.43190944393951913,-0.3064335994099427,0.023819532750396496,-0.04860274513676311,-0.27782629986921203,-0.3738573181815434,-0.20414732892268195,-0.385465002629866,-0.3434363179457623,-0.03181835586016771,-0.1024495035498153,0.29542322705719004,-0.4276839243646506,-0.13633023862255478,-0.14940097496488475,-0.24776320323725423,-0.17186506872918023,-0.1081743490325922,0.0066175892693405985,0.10337489394888992,-0.013352464516961125,0.045054340488046705,-0.0927466078758945,-0.012196532607315663,0.5298992590025049,0.4186944176307829,-0.03823401978545936,0.1376667345125075,-0.032926728507142955,-0.07437019243364375,-0.2593209101553132,-0.27075206106931765,-0.31897715341691135,-0.3947116518178319,-0.14142311017425632,0.2277850885589745,0.016976641550270746,-0.18932899119952118,0.11220560111079092,-0.39586032892469714,-0.23340030591085056,-0.07608151980057354,0.052349447728138356,-0.2485660680782632,0.4122110422128761,-0.3477883935246855,-0.22100023578109035,0.009996715186518965,-0.344050557914486,0.0966996693019066,0.023106949899541134,0.24609379250861005,0.1288287725478263,-0.1941832603486739,0.015137146000890729,-0.25218621466558383,-0.4647672518202502,-0.2569348861298247,0.2049348780689327,-0.23361956217265223,-0.26043492542667307,-0.11337362435840338,-0.15908533058725613,-0.2603962331451787,0.09322220050259661,0.2291522158384436,0.21783230523373565
#201,0.15952061875406823,0.06373465155786813,0.6086178996136817,0.4036697210729853,-0.05965503412780141,0.20684853382451035,0.019767322353054978,0.16144314149082167,0.08115907565751689,0.55414803425073,0.2074764773095967,-0.019857604343208598,0.10884179088837075,0.21022846583088653,0.22005066270608173,-0.0415067419285281,1.0,0.6842661464704377,0.18461901201677472,-0.5288424760641889,0.33217686403088936,-0.15239801460230581,0.2707536732477132,0.0366468301549908,0.3006321754533748,-0.19877716268693713,0.5126296040288338,0.06852282139280122,0.366895931869341,-0.28429839003834967,0.3077297908400054,0.18922661787140055,0.24405277465977998,-0.038645931365535256,-0.0070915697176471065,-0.08619874532216362,-0.06787553176696767,-0.35004624936772377,-0.04650530104408703,-0.5026744024360016,0.0851895216465178,-0.36362562799386566,0.08770935647884116,-0.47586468180636526,-0.32549196631353244,-0.5109819577085303,0.38611632270168855,0.36524344901385064,0.11857370577341236,-0.07295228153471323,0.14848203327939252,0.0724379966265167,0.22529427293777193,0.2163087966498933,0.20875171042051657,-0.16049356841581305,-0.4454332024110128,-0.6338001261529594,0.03234231383873783,-0.24983404638640289,-0.08072217531230919,-0.028365069736791725,-0.18513974563855362,0.3148346610294162,0.5638606029950244,-0.013225908512906495,0.15173379710331847,0.17025611469037105,0.2481170763950885,-0.008466757889094218,0.3120149610155112,0.43231087636002363,-0.23025252759344086,-0.257353246423483,-0.654984956360346,-0.5240268991965306,-0.46366049135167053,-0.31975825384957973,0.1969159027292165,-0.27028775369138475,-0.19662651670720624,-0.1995622935655945,-0.26695618703687657,-0.15513226916124404,-0.34770939678330104,-0.010477144348407873,-0.08887979799404704,-0.008792417925005491,0.0918220235660177,-0.3888949121665058,-0.38825407125425465,-0.08578522156369213,-0.47937358808438946,0.18502044443727922,0.24337162928763884,0.6207318080782229,0.18625134264232007,0.7194285633676795,0.6341467445080136,0.3863138145551496,0.3746988753040468,0.6065172311642145,0.3559516588308079,0.577997795346044,0.515993414251254,0.44443203962734495,0.32500105799207213,-0.17726102981925465,-0.11055795479048734,0.11644482420202207,0.17539654550474282
