,#10,#11,#12,#13,#17,#18,#26,#49,#50,#51,#52,#53,#54,#58,#101,#102,#201,#202,#301,#302,#401,#402,#501,#502,#601,#602,#701,#702,#801,#802,#901,#902,#1001,#1002,#1101,#1102,#1201,#1202,#1301,#1302,#1401,#1402,#1501,#1502,#1601,#1602,#1701,#1702,#1801,#1802,#1901,#1902,#2001,#2002,#2101,#2102,#2201,#2202,#2301,#2302,#2401,#2402,#2501,#2502,#2601,#2602,#2701,#2702,#2801,#2802,#2901,#2902,#3001,#3002,#3101,#3102,#3201,#3202,#3301,#3302,#3401,#3402,#3455,#3501,#3502,#3601,#3602,#3701,#3702,#3801,#3802,#3901,#3902,#4001,#4002,#4101,#4102,#4201,#4202,#4301,#4302,#4401,#4402,#4501,#4502,#4601,#4602,#4701,#4702,#4801,#4802
#10,1.0,0.2331109198888403,0.2066131557787527,0.2761625317649524,0.1170115049080756,0.4199100001410656,0.29350957130161237,0.43514024944430224,0.18220799922615438,0.38748989869474004,0.21220177218710137,0.029261440924745526,0.14630962289132105,0.023379408048397596,-0.30221049810266754,-0.11863577464164297,0.35781050052093516,0.20473174359108706,-0.15042067780010196,0.1257575727042076,-0.18572254812856318,0.059638106254647605,0.0666526944539048,0.3598168565342598,-0.20672520217724694,0.3482938114517062,0.0565128984347763,0.27476154873917574,-0.015694959725768454,0.1897683098123223,0.29241248390340635,-0.06286729958103514,0.08274304093119424,-0.04123992640405624,-0.06422797814692184,-0.11589668354751795,-0.24353445930559445,-0.0825334577397662,-0.24991062486019391,0.10323947096365949,-0.12072918828833004,-0.023520473658012627,-0.14267577278763782,-0.19321514722211586,-0.12462743564889173,0.11458275815510366,0.3223095261606173,0.3267671994244523,-0.09457804253329652,0.22196673672925277,0.33280158315918446,0.29352569308556836,0.2898386410948304,0.33068156856897,-0.16788621244883853,0.20450120208051623,-0.20464065551173566,0.07090239670470735,-0.03565856479848778,0.0750392464678179,0.08314286117330313,0.061172900087259154,0.08433184274005841,0.08974473170328663,0.23411933747528832,0.12646934946586513,-0.10746015400334125,-0.019464232814682108,-0.06437146202413029,0.01448260157227698,0.18306970857860277,0.020986129220128852,-0.06948367971657904,0.12528601052349447,-0.22846784610951124,-0.004206576478720253,-0.1749177285212495,-0.06602958750400525,0.13983592054378777,0.2851068975037433,-0.24833472047849456,0.10492177911946847,0.22047466562412463,0.07279912458713118,0.1381600611015612,-0.04134229973217687,-0.08663080913218452,0.11221446809196671,-0.07531895941945456,-0.0993573453870538,0.04741860010519464,0.00932121243876241,0.1858208910106948,-0.02763878336957376,-0.11233618756083455,0.06883074746636089,0.39886784772168965,0.2727745388665983,0.26474750263490404,0.2525860349076927,0.22747313203942582,0.06066748216023844,0.25856802284456787,-0.08393927730072971,0.1735046541575058,0.278697682292034,0.21157705305880622,-0.08073507273947399,-0.053753655110706275,0.010997877970186792,-0.005353641407189913
#11,0.2331109198888403,1.0,0.13983753272218338,0.18199277341034173,0.2665289597620425,0.235342980877549,0.21871497290532685,0.039155379738544965,0.35118605949341325,0.17288315938600185,0.16262003171960993,0.014808261608188255,-0.15695564292666805,0.0401629912357952,-0.3198960951024036,0.033739266418525544,-0.0016327336701442699,0.31470810502536156,-0.0820764051646135,0.13006370119885616,-0.2830175143030452,-0.03982604595111472,-0.051643313590865395,0.22885879937044434,-0.004302501093258474,0.44471497693577283,-0.15123724615747355,0.3404433087543302,0.01739097139794004,0.24036491657984413,0.26379148084631304,0.08690084901344758,0.2847667278622716,0.17916178814766748,-0.11913474385508128,-0.023543044155551033,-0.08599561084431798,0.10104610225644518,-0.23995461717816385,0.29046094195553207,-0.1218182147945581,0.20348956013727698,-0.037103076640945705,-0.08787138040759901,-0.03603420236466266,0.052704126975170434,0.12292981179832455,0.24204400037886192,-0.01602948674285553,0.14278459482934083,0.047874040501951744,0.008390985504501,-0.022196875195224727,0.0909377437160309,-0.29588995270271634,0.09634740832246792,-0.20889922474371403,0.008507062348984226,0.04019442871450941,-0.15302757026578775,-0.016443816590524823,-0.1033434564701757,0.15112681193737493,0.2564987918738148,0.13606422918728073,-0.10002962377801916,-0.10559405751043381,0.2405785302172612,-0.08482194497232091,0.15926831283515677,-0.013370198479312728,0.00918014682914738,-0.16124564963736063,0.14896407461967703,-0.244944309312547,-0.07492478180173028,-0.24880386439161425,-0.19903430514103537,0.09973298295322869,0.3840470917309355,-0.11322530394600815,0.1885277385369078,0.07681022443538489,-0.017186224741698793,0.2644299034909708,0.015356402262692378,-0.006162148872583496,0.008617496569082853,0.23765968123202674,0.12559554877544976,0.30007436172849705,0.22902162938839998,0.12631780469667872,0.06022977572583294,-0.060812578215842475,0.046694732005570075,0.4635887494130663,0.034855699957478795,0.15333630242854523,0.1942920823903769,0.2683652309546313,0.26730683583791964,0.3689240522910063,0.0035544503176999052,-0.010217583626716214,0.16918320996809902,0.16660291844594063,-0.02742033319696991,-0.10122827841514803,-0.0384226446577446,-0.12001096281309008
#12,0.2066131557787527,0.13983753272218338,1.0,0.4516537927504368,0.04888326417759757,0.3280625847653172,0.1686447423839685,-0.23123111987957026,-0.22726516102639338,0.2719491035280509,0.13605858656289613,-0.23466344768380346,-0.1598519214143641,-0.10958903557473153,-0.30162205298827344,-0.04263043027026155,0.27939011291294436,0.724130481658448,-0.38313298658063005,-0.2569905062844729,-0.41444874582596936,0.07227758487615447,0.3603166318368959,0.6000290192111208,-0.29723128512785585,0.2556491738593334,0.033239491115889426,0.16308272691914724,-0.15932876952499178,-0.20413443149551713,0.29113805688168426,-0.1770369370222662,0.5179707510534578,-0.19135711162118643,-0.3668241899307368,-0.2674019543632601,-0.4272373509490693,-0.2958601274023977,-0.17800746841641762,0.20585059539763373,-0.16446839425016574,-0.08671867285474474,-0.43425838786190885,-0.031497532359443234,-0.07287731523931781,0.004378273477851692,0.30450462795960687,0.469149152699492,0.4727789723571862,0.40642815830785756,0.24622599113704927,0.3307234852072556,0.24693454354191563,0.32516066365323654,-0.3557993079724237,-0.14510129518381856,-0.19495307553257304,-0.31408419198626425,0.17725699937326564,-0.07828214331056803,-0.14058074696255515,0.10739163642152823,-0.2516163096027391,-0.10630986471808038,0.39084967847117125,0.2671593215147222,-0.1558150267117808,0.07884237530303916,-0.21247906687114462,-0.01497109162614389,0.4592068485338245,0.18182591294639708,-0.12303863384002757,-0.08116391219270368,-0.43614705485235467,-0.17110009008046786,-0.2662250641344718,0.09932752008673519,-0.11839475397150072,0.11720577240474545,-0.21741555711847294,-0.1492139622709951,-0.1726018342559696,-0.33620972828748363,-0.189442649776411,-0.16580408405092065,0.06277782368007932,-0.02263941816481703,-0.02817886313209988,-0.4823875555949644,-0.23421929253581555,-0.14063556102800556,-0.12049703459936359,0.2366875376594797,0.13703073013544315,0.3505194237268325,0.3153795773271291,0.5502344711954101,0.6791716627403406,0.4174627133365443,0.5596632965420789,0.5445072074450398,0.482699512114513,0.4710869911310036,0.2869351078043541,0.37829161485864216,0.26967996243624337,-0.1995034490541551,-0.03323546066990043,0.25593211116776127,0.13263190138304753
#13,0.2761625317649524,0.18199277341034173,0.4516537927504368,1.0,0.24141686298297338,0.39270529580450725,0.15822765168079675,-0.0768327949329233,-0.20641808219288504,0.44171793729835174,-0.04605469718251673,0.12672729800916122,0.06724355783589234,-0.09720589331812511,-0.2000991489713294,0.09472072032130716,0.09255556473601587,0.24102994016802928,-0.025761401627897133,0.12016815020666112,-0.2110748594885767,0.1028436811675396,-0.013704725496399804,0.2604639446377939,-0.2142315047871622,0.2701168627814511,-0.03260671109561628,0.3933928898902308,-0.031063856371026734,0.16282880882184017,0.09253057597088406,0.1695507866422959,0.21006079927774407,0.20814311307617744,0.008870608577192109,0.04114883832470482,-0.11491567299379513,0.12128216547802097,0.00476761456038918,0.23464571372145185,0.1933118779258519,0.09387352057441917,-0.07981048842959718,0.049827194628221584,-0.19054860415579286,0.1041817892358879,0.16622808696896355,0.45671200246663296,0.11498096621881694,0.3340405422562034,0.12664427082178778,0.1659765871392499,0.06835676701805438,0.2542248142468205,-0.07204865554397923,0.29942384774587233,-0.2920368463372314,0.030718850194368257,-0.14512305959215918,-0.23808529632846523,-0.008904464323499717,-0.04123105942288044,-0.1116711639726494,-0.14662964030284772,0.26243886317240434,0.14150533127243195,-0.12502483762340721,-0.07871984974497354,-0.11211209476384609,0.018463070031014283,0.0037446873683807482,-0.027175282080838654,-0.015904542917196503,0.174298652017339,-0.1347124176025698,0.009553366127728865,-0.04050799741245367,-0.0812251749717365,-0.14190998804972765,0.19845230874022365,0.010868097609340962,0.0035294615525680996,0.08480743536676051,-0.042002486785175215,0.06804561658770351,-0.15975035417544128,-0.13552495551395238,0.17201338914157546,0.028073265447188057,-0.1846117572139945,-0.04375976123637961,-0.2936836865683372,0.011729806961789357,-0.012335179949337294,-0.13004677332570236,-0.12147723906388862,0.2265783730298676,0.1395513710569643,0.2926543106627464,0.2308522579566042,0.3236879386888556,0.07613472168762835,0.28845781029899864,0.16665853860058885,0.2751420228405374,0.2278640853003589,0.18348645669386546,-0.09900427831841732,-0.041109339954012614,-0.03271230878052811,-0.12986379107780172
#17,0.1170115049080756,0.2665289597620425,0.04888326417759757,0.24141686298297338,1.0,0.4550240516864394,0.06935792980172222,0.042976242536117835,0.2088879394949448,0.1262726637016019,0.06695497790307986,0.511765476408792,0.14444272030921582,0.19092504781116554,-0.2817060071782243,0.003925251348687989,-0.11276825137085544,0.04793449719178676,-0.13998827140217202,0.2820977665283552,-0.0679803233626817,-0.1646634678360334,-0.1553813507233643,0.002438822867944452,0.016493794120788437,0.2967355402712087,-0.21623383035449786,0.03388436247412958,-0.17682251729565135,0.2357339341384821,0.11597326202130896,0.24038023227460234,0.24337646582282563,0.2746414414487035,-0.1298138135475381,-0.02457967486392207,0.13402321133845066,0.24951886551006303,-0.24409227303047218,-0.05085898880140582,-0.14005195244879823,-0.024034758566209145,0.32733791057649486,-0.17595597140801617,0.0680206278225717,0.20509770808688835,-0.017054832202457362,0.07358989809017316,-0.005801020911969014,0.11758060388172253,0.08160484298390039,-0.033446656039724076,-0.030882486301521694,-0.06302932350979297,-0.12992021732164774,0.05126767602469051,-0.14540680298978484,0.16222182365589663,-0.2755998815048879,-0.19535370186387974,-0.23276188326619282,-0.5362294774728298,0.3603037344097311,0.24919401156334955,-0.2538467584130522,-0.21713423198844067,0.2911711065387941,-0.030074784925325913,-0.08758441265318213,0.2220940988225052,-0.21260965332118825,-0.1703391418777445,0.19217851651374482,0.5430183606967028,0.1749056371832825,0.44045963206058564,-0.17519744147288618,-0.4473355729178212,-0.19173113700896574,0.24086307970408466,0.43958905572696144,0.4613566884243576,-0.01629791444572299,0.36949798779984,0.6928663121217679,0.025199557457030407,-0.3104640453989436,0.0737140358266344,0.1823651866197254,0.43831462870523935,0.5738158045878566,0.012870423176676615,0.4149856012317043,-0.4032457181549424,-0.3598507122805674,-0.3491732547665062,0.3245045070462272,-0.08670255107078874,-0.06906290115532734,0.18584265541903539,0.18565161227915675,0.139931845158326,0.15328471271988603,0.2929162896520314,0.3703097196220248,0.2578957444536025,0.19085491805095692,-0.306884203271513,-0.2618891103395046,-0.4771955350719334,-0.522338948416337
#18,0.4199100001410656,0.235342980877549,0.3280625847653172,0.39270529580450725,0.4550240516864394,1.0,0.23593303817033873,0.31812914758082556,0.1289641955330567,0.4379204510875151,0.15437212704771847,0.3753848572113747,0.3345209714180923,0.10957130161237992,-0.37276990385371095,-0.02680286887145497,0.28601213567287287,0.340411871275616,-0.07215586540728665,0.09031705503372475,-0.28494648575338105,-0.006862640385471855,0.10077767455357772,0.341251010130526,-0.04934998982312388,0.4365299472213098,0.037988968669328105,0.39590708209816955,0.12556814174272454,0.23381141140172865,0.34426739590869426,0.22370144068291878,0.2571267353589011,0.20387084032783648,-0.06606666760710407,0.0063983330075389495,-0.13617385731818155,0.15412626984238942,-0.15650503906509775,0.12507400906447302,-0.09960320259238287,-0.008878669469170111,0.09644897556139075,-0.14939613842969793,0.10779629319882392,0.22007887582800476,0.11400479220028092,0.23993688321581225,-0.02671500514889475,0.2795078019358232,0.1509567271166391,0.2806992017701719,0.22879431223462032,0.28664894613913505,-0.12682322262369944,0.20763044034637654,-0.23702448294416018,0.17975829415403963,-0.24347722697255064,0.05918508412548391,-0.42984504950395286,-0.40718668824298754,0.1504900014711128,0.12440414894110108,0.11803120774329283,0.027471116816431322,0.09683428619793923,0.11016377717276306,-0.06105924151036933,-0.08294053278465528,0.10841295143514106,-0.06717907070006832,0.01346612309385095,0.31592610580323766,-0.08981324928509964,0.14280071661329685,-0.37100456851052854,-0.36973900846998226,0.045197018276057335,0.4467987175120863,0.14526251302337861,0.26563581293087984,-0.03734087295429676,0.22453251864585075,0.4394568570985222,-0.2229912760996568,-0.30750247368622574,-0.0843552193267946,-0.027118855836992643,0.07789844485241515,0.3021347257180743,-0.14865050592173276,0.31102508348061253,-0.31271625861759733,-0.22460506667365276,-0.016526037688700444,0.46144374605772004,0.05578016335397593,0.15776737474885283,0.3237572623598664,0.218524735854646,0.3072767687108417,0.3606850146002906,0.1968675373773485,0.27844779464071595,0.11674710765119714,0.24179169445995047,-0.4769093734067143,-0.2977826501391512,-0.33116360990925453,-0.3188393121640875
#26,0.29350957130161237,0.21871497290532685,0.1686447423839685,0.15822765168079675,0.06935792980172222,0.23593303817033873,1.0,0.3460367616978657,0.41342178818797193,0.5623951328334237,0.021357736340314737,-0.02520761834900841,0.1960098584708891,0.32783284934394413,0.04732267549065642,-0.1514460232597038,0.21881250969826066,0.14544146482529025,-0.04827627901165404,-0.006486196730099169,0.07380592999518362,-0.19675468488965647,0.016757385288469095,0.05178679746807383,-0.10838796267000925,0.04029922031022343,-0.04829804341999464,-0.0432632102905347,0.26112413169079224,0.07773561483445951,0.17359251788006602,-0.09154231061438103,0.20990038752738185,0.004849029569366998,0.23553160574983426,-0.08338307575424758,-0.006589376147417592,-0.1236093449920701,-0.22804142492387494,-0.04439979605943296,0.031385485960949006,0.046920436980954126,-0.08226422394770093,-0.10078976589154473,-0.12066631333090164,-0.13494457129153625,0.041822728894065776,0.13256902642561913,-0.07568331173686024,0.14952350052295035,0.013206562372159291,0.14963715909984018,-0.002533941393284874,0.04048220255812407,-0.04228542409360308,-0.25787962266964654,-0.004645089002323552,-0.2003280783035047,-0.015042027475550307,-0.024253208738812992,-0.06589738887556602,-0.10766973719476929,0.34555713862517456,0.32388220618552543,-0.04128506739913305,0.03103322498151033,0.16164950032545852,0.4980377773702549,0.24201820552453232,0.15951900657567264,0.2857380653456208,0.10656055845859623,0.019557739161626928,-0.011587129173778724,-0.10704663024486974,-0.2092426187419769,-0.2101091646296121,-0.24688779036844322,0.40329892004199724,0.1757367151462145,-0.03287513879848375,0.16127144449169023,0.07883512050025895,0.27916763229435154,0.10453888675051337,0.056679758898720935,-0.04720418037857979,0.05699493977506081,0.05779699852687199,-0.1456800672278391,0.012610862454984956,0.08470344986024428,-0.017029843437325557,-0.05647823659927089,0.05512964937135119,0.07430812356541314,0.04471336475737723,0.038518569272282824,0.027310705066069085,-0.01603029283205333,0.15121306348153954,0.030314193417072567,0.12661928205665599,-0.05482494765458272,-0.04204762778025203,-0.08527416101228681,0.3056387954609117,-0.12569711601437258,-0.20904835124530705,0.05904885505105568,0.12861274064281583
#49,0.43514024944430224,0.039155379738544965,-0.23123111987957026,-0.0768327949329233,0.042976242536117835,0.31812914758082556,0.3460367616978657,1.0,0.4556044359088555,0.2997591808521572,0.05189158906378785,0.2674849815506335,0.3380363264096989,0.20119704245873327,-0.08794070407860982,-0.2291965507443226,0.3769220693115797,-0.01178703929483317,0.0348968105065666,0.008486910119039221,0.10589795313800449,-0.10072769702331412,0.0317764392218821,-0.04530503422856256,0.1187462088617416,-0.016089943432690545,0.22233108904665846,0.13458021897413058,0.2304766203904293,0.10166920920634473,0.28597021903458725,-0.03174661392156349,-0.11903559488375186,-0.059276978294033125,0.17258168202602459,-0.13803672945429776,-0.01081650790068175,-0.11437639932046681,-0.0269270066079162,-0.1827633946834387,-0.09790557874181567,-0.2167843892765954,0.08511455535112238,-0.1982661021355318,0.09390334587473777,0.08712736007802943,0.18243128593394503,-0.030565693246786225,-0.25309225892391124,-0.0547620726971543,-0.05833869046779371,0.08723053949534786,0.1673380717943344,0.1372419255052668,0.1774818982594519,0.07631689784633118,0.0962563202431165,0.09145928342700761,-0.15869518341552086,0.09247898626222485,-0.11480765704128991,-0.15526285561128766,0.2985089365063691,0.1951779744187593,0.06749828202239719,0.07748733936153705,0.08877984293351981,0.1329228995834534,0.16232339089481945,-0.10231649883217828,0.21423956567914024,0.09370182357528772,0.25516068380546647,0.25736372558305437,0.09943150559325142,0.08327667198013797,-0.025667895280952313,-0.05055267490624175,0.2759166745596234,0.0997620021643495,0.00688521088301026,0.20916523417898808,0.17319753417314393,0.4476523659725567,0.20291320636084986,0.08771983563841257,-0.1823458404789782,0.03967208291433488,-0.28326901413275885,0.08285669950808407,0.17814772793683484,0.03948990675563204,0.165572736451152,-0.2859686068561917,-0.15032958972075056,0.17866684938021818,0.09514875368533905,-0.029825703363205655,-0.15402712087106,-0.05228576668151214,-0.1182972171785669,-0.020197773984680274,-0.07499813591873009,-0.2652617875431006,-0.020122001600087057,-0.019624644565044345,0.11265056234797662,-0.10140884239545526,-0.005086019793520252,-0.27002738688049527,-0.14773237032543837
#50,0.18220799922615438,0.35118605949341325,-0.22726516102639338,-0.20641808219288504,0.2088879394949448,0.1289641955330567,0.41342178818797193,0.4556044359088555,1.0,0.10369249309282319,0.005096498953091655,0.08690890990542559,0.11764992755273335,0.17949067254036996,-0.11753707506504132,-0.1818791148334519,0.07204784945478142,0.06276250798532111,-0.031028388446323527,0.0038744677292265775,-0.0040187576956328104,-0.35778228739901213,-0.1117066318973526,-0.06997620021643496,0.06556689230446795,0.07044131368356565,-0.07211314267980323,0.0020913984236925736,0.2526763168978463,0.2220610491653954,0.3775314727451166,-0.044967282854684286,0.08181039572933943,-0.022053391318016296,0.2388252862120458,-0.0728531325633838,0.0882897407012573,-0.08192808475221826,-0.24028188939247072,-0.1646594373900444,-0.09452161628945051,0.014417308347255166,0.19488858839674905,-0.1752450007355564,0.19370121900838938,0.05041644583181352,0.02144640615207276,-0.07802258258887637,-0.2851181827525125,-0.0048554782829494,0.003976034968149401,0.07915110746579662,-0.07779929588108572,-0.016082688629910344,-0.044448967500498766,-0.1297307863601647,0.1594101845339696,0.0967214337102472,-0.016193928939206768,0.045060789201629106,-0.08805758701229084,-0.3036445307855541,0.448921956459092,0.47746718713159203,-0.16263051087918134,-0.19847246097016866,0.09472716903488955,0.4538689258659917,0.08104299881303366,0.15999540529157255,0.0631776439221882,-0.004616069791202745,0.19404944954183906,0.30879382858110166,0.03570289970436678,0.012338404306128495,-0.15918528564778336,-0.21389133514569056,0.38471695185430743,0.27476557918516475,-0.022092083599510703,0.49170352845394105,0.11554845301406827,0.3699929265672893,0.2910066643424428,0.04841573244287346,-0.250285456337171,0.07049935210580727,0.18117620505297014,0.3916082084063012,0.3699324698774543,0.31930281345282263,0.22392472739070943,-0.10362075115421897,-0.13826404660807742,0.03185624205246432,0.13358308663645177,-0.18304391372427317,-0.19884326200115673,-0.06595542729780764,0.010631107385187707,0.05311200810925733,0.09266599895611449,-0.208858920283824,-0.13271009203523415,-0.15079228492028784,0.08005150909973943,-0.08369100182780725,-0.14523671816904898,-0.1541141785044224,-0.15864681806365283
#51,0.38748989869474004,0.17288315938600185,0.2719491035280509,0.44171793729835174,0.1262726637016019,0.4379204510875151,0.5623951328334237,0.2997591808521572,0.10369249309282319,1.0,0.028988982775889065,0.1969707167946669,0.20122686775905188,0.15306545645808436,0.029900669658601074,-0.11982153185160704,0.3660503443008486,0.13386118740969283,0.026810929763432974,-0.03640016686046395,0.1033144372590549,-0.025501840906205477,0.1429869232179887,0.11729847266249246,-0.16388156131416723,-0.017282149356237016,0.0997837665726901,0.06443030653556969,0.09878905250260468,-0.09068221344032824,0.11625700541893463,-0.1641370915898699,0.13238846244531188,-0.03172565560242069,0.14030828881369867,-0.143570531797196,-0.005310112590508702,-0.11313663413425012,-0.1519441863839443,-0.08379256906673008,-0.012024029518986424,-0.11849954556721475,-0.01947148761746231,0.012646330379688164,-0.15215860611055917,-0.09693585343686206,0.14396470941492032,0.3060176573838778,0.058703042785199396,0.26783401817328095,0.1161094910957372,0.30403548404648717,0.10271309471749597,0.16053226069730747,0.11882842995991721,-0.133707224372913,-0.027294583282113084,-0.13448671262718576,-0.16607573611057933,-0.15594641925102223,-0.08431330268850899,-0.02233310426965296,0.005039266620047842,0.004999768249355632,0.09109976764478873,0.18878488099100607,-0.08041263706035391,0.1766282497989815,0.2061915711283032,-0.05954701817529619,0.1665497165588858,0.14132637947052032,-0.017270864107467813,-0.07104588058191579,-0.08444066478176143,-0.13228689520638906,-0.10598662294976251,-0.18408618705702878,0.15654776179258115,0.01346531700465315,0.06822134403282396,0.036758876553485025,0.07577601199460726,0.25681397275015466,0.09861010070069304,-0.04507771707478291,-0.006912617915735466,0.15293970654322753,-0.14282973582441766,-0.1387267418076147,-0.07139411111536548,-0.17460577200170085,-0.10292429008731961,-0.07120790451067363,0.02697537195978421,0.006572448274263789,0.03169583030210208,0.15157096708536283,0.0702067417270058,0.0970938469196309,0.1619937004129192,0.07145134344840928,0.04839558021292846,0.11158168807169358,0.06965698889410608,0.035873790614300426,0.1404461300665225,-0.06916366230505236,-0.19406718350419067,-0.02525759587927202,-0.0348637608494568
#52,0.21220177218710137,0.16262003171960993,0.13605858656289613,-0.04605469718251673,0.06695497790307986,0.15437212704771847,0.021357736340314737,0.05189158906378785,0.005096498953091655,0.028988982775889065,1.0,0.11427886252753298,0.017988283493509973,0.23246443635220454,-0.21063151042978662,0.06669783544898161,-0.07579132768936547,0.05233413203338015,-0.07264516155035135,0.17443488109176722,-0.24395765613443957,0.10016665894164518,-0.030790592132972475,0.24357234549789106,-0.09732841887619074,0.43380052919755835,-0.015944041287888712,0.2790483310930771,-0.2472029712447831,0.2225076225809767,-0.03523294970204928,0.11382342213077588,0.21488040659139138,0.04752097343331527,-0.18205726054616572,-0.14093703838798283,-0.11771925122374416,0.08933040185561733,-0.16349141414243193,0.11417407093181896,0.01567561358502125,0.06583693218573101,-0.07080405382257574,-0.16799422840134376,0.07120790451067363,0.13923215973463543,0.13175245806824754,0.055996195258986387,0.2473077628404971,-0.09651507487561035,0.130278120925471,0.0790342245321156,0.13966583572305194,0.2088919699409338,-0.23152211807997614,0.0543050201220016,-0.21889714906402968,0.04125766036640784,-0.10163293519244372,0.10571658306849945,0.03185221160647531,0.06298176424712276,0.057654320738861356,-0.01699437551262235,0.1977534294057309,0.028541603271109963,0.1589740902779597,-0.08750219155500652,-0.1006245176059957,0.06909111427725034,0.07304417570326245,-0.03362802610922912,-0.2829465784536388,-0.10481134489936984,-0.14927280678243451,0.008524796311335832,-0.1262879793963601,-0.12466048530600153,-0.1796623695395014,0.2326772439004238,-0.14578727709114653,-0.05071066838901059,0.04846893432992828,-0.09632806218172071,0.1642725145751003,-0.0666349604915532,0.03103000062471913,0.08098496039079205,0.1178788568849086,-0.050210086997176676,-0.0008226140263550863,0.014239968723739125,0.12679984603696323,-0.12694574818176504,-0.13254806810647632,-0.055526245256668876,0.3497625059700981,0.16361555187889315,0.18353885249172247,0.250374126148929,0.1593594009145082,0.17357881436370343,0.16043875435036264,0.22222065482655984,0.13576194573810565,0.28417989492627305,0.13613838939347833,0.03812439165455853,-0.020412193711295122,-0.07008582834733577,-0.1492325023225445
#53,0.029261440924745526,0.014808261608188255,-0.23466344768380346,0.12672729800916122,0.511765476408792,0.3753848572113747,-0.02520761834900841,0.2674849815506335,0.08690890990542559,0.1969707167946669,0.11427886252753298,1.0,0.5543439139257954,0.15741672594780975,0.02777259417640859,-0.2273772074248876,-0.04748550550861205,-0.23164141928125057,-0.0009628735467723181,0.007394659256019975,0.20205069091920366,-0.23622887290593142,0.014573689651628401,-0.13583288158751206,0.2928227833050866,-0.0007250772334212643,0.132948694437783,-0.03402139763775561,-0.040498324342080075,0.14246941395300097,0.0006170612809160398,0.2154229046215109,0.04159863609707732,0.2782374053600901,-0.07958317127581753,-0.1355354346735238,0.20470272437996626,0.09151329140326023,-0.06625771074698271,-0.21004387140459027,-0.04557346193143002,-0.24317171916658437,0.5162481384377589,-0.1116993770945724,0.012816415200424003,0.15172976665732946,0.09646832170213795,0.05846202211505714,-0.10793010400565875,-0.15473728545432194,-0.14767755625998794,-0.08405051761002613,0.09129967776584318,0.06246747933892625,0.1721778313379267,0.12439689413832088,0.024532115601251858,0.05220354558333652,-0.40385109114249035,-0.06462860447822853,0.043873419813269435,-0.2944462469494562,0.290033714680698,0.006949698018834274,-0.28326498368676983,-0.30048063068418834,0.3448969515721762,-0.17019565800053604,-0.16267726405265376,-0.19682803900665627,-0.273348474375432,-0.32019515419478745,0.3255064759190928,0.3104035887091086,0.4051682408916959,0.3788816721514319,0.16662548894347903,-0.18742339633592156,-0.1758286093147637,-0.043587258148050374,0.5934158634323681,0.36313310749400973,0.19921567521054043,0.6646523841095636,0.5608563085548232,0.18437396090064345,-0.18831009445350175,0.19927129536518864,-0.03747226549353819,0.4278024194767272,0.42815387436696806,-0.11067403163497057,0.4246240097698011,-0.49431686963320925,-0.2912291449610357,-0.2220803953061426,0.06552094522019335,-0.12062923322780282,-0.1973471604500396,0.1413215429353335,0.09375260719474914,-0.05704249903773102,-0.12793643180586148,0.0887322836708496,0.4450325760797061,0.16358330831098114,0.2968225979045711,0.06453912857727272,0.028415853356253136,-0.4667308851060914,-0.39928217756935896
#54,0.14630962289132105,-0.15695564292666805,-0.1598519214143641,0.06724355783589234,0.14444272030921582,0.3345209714180923,0.1960098584708891,0.3380363264096989,0.11764992755273335,0.20122686775905188,0.017988283493509973,0.5543439139257954,1.0,0.15340401392116046,0.1721762191595311,-0.32746607875894507,0.23459170574519925,-0.24092837292910646,0.10213432267347543,-0.2427984998680029,0.21349232099277946,-0.25787075568847073,0.22252616263252611,-0.049104132617794824,0.31561414928368897,-0.04975867704640857,0.39087869768229205,0.06347428474697868,0.267095640468096,0.25193471483587015,-0.024305604536670005,-0.032203666496716195,-0.08471554119821129,0.010490847864770477,0.07265564070992275,-0.181447051023431,0.03525955064557668,-0.08733371891266628,0.020184876557515472,-0.14592592443316815,0.10847098985738267,-0.20995197723604106,0.2921722693224619,-0.1169840978753504,0.05162154918252479,0.21650870677094775,0.014687348228518226,0.0269326492323008,-0.09839245661728699,0.015782017359130873,0.13194914383251077,0.20204343611642347,0.3213067511985539,0.2379321393808832,0.2975625877881517,0.2092748623098889,0.1492212170737753,0.030490726951390806,-0.25064497211938985,0.18052810933793878,-0.024072644758505752,-0.1607708630998563,0.31154984754838044,0.05284922303077447,-0.19317000622703906,-0.36405043700110634,0.3789518019116405,0.03644288958794736,-0.03704423212950629,-0.30210409432855795,-0.0423877974217237,-0.2923576698379559,0.23815058955348703,0.043962089625027456,0.17894091970747023,0.007536530954832807,0.07192693607511139,4.63501288735105e-05,0.2754297966841521,0.031684545053332874,0.3724458559961953,0.2881248954603072,0.4411867245170014,0.6194356166481602,0.17693536978334337,0.029811193757645252,-0.26506026524365056,0.08239722866533797,-0.14473855504480848,0.048730107230015536,0.08468813416548608,-0.21921394211876516,0.2936570856248098,-0.37446833379347594,-0.10856933273951429,0.12036241770333096,0.05037211092593451,0.05160220304177759,-0.09438377503662668,0.09281270719011413,0.14633864210244185,-0.15604637431154944,-0.17678221283576134,-0.21327870735536242,0.32402488397353607,-0.03188042472839832,0.26868363618776236,-0.0032690947416786405,0.09551713644873373,-0.21239281532698,-0.12502886806939623
#58,0.023379408048397596,0.0401629912357952,-0.10958903557473153,-0.09720589331812511,0.19092504781116554,0.10957130161237992,0.32783284934394413,0.20119704245873327,0.17949067254036996,0.15306545645808436,0.23246443635220454,0.15741672594780975,0.15340401392116046,1.0,-0.14099749507781784,-0.17823800992698846,-0.11027018094687267,-0.17317093322961652,-0.27790449052139865,0.13235702496659768,0.055557682735383085,-0.2966009233751761,-0.10216576015218964,-0.1585911979090046,0.032290724130078614,-0.015741712899240864,-0.05196494318078767,-0.20643984660122566,-0.19776874510048909,-0.020672560522184583,-0.0940629515359022,0.010887443750088165,0.044604542715674204,0.04362433825114918,-0.12068888382844004,-0.3681792258722389,0.04348246655233635,-0.14465391567903946,-0.17511763864230395,-0.18526952599939947,-0.28018249859438193,-0.09135449183129359,-0.0005275853799602195,-0.3938378511274165,0.13280279229298117,-0.10301215380987984,0.005617232574870572,-0.10975428386028056,-0.0021292846159891824,-0.16962736511608692,-0.10169016752548753,-0.2203706801176084,-0.23639653945907385,-0.2127821564095175,-0.1372830360543546,-0.2812545972274562,0.09602980917853465,-0.25012907503279774,-0.19788885239096132,-0.13454072060343839,-0.035523141813257345,-0.0697698413817981,0.37727755464780954,0.2830126777678584,-0.075534991324465,-0.030762379011049466,0.402226821408923,0.21539549758878568,0.04010898325954258,0.23585242925055871,0.24079053167628264,0.17772130675119854,0.27650915012000654,0.2681330772656648,0.33166580347948404,0.33586552820002297,0.12822017520348714,-0.10260910921097974,0.05259127448747841,-0.10525308177976433,0.013267019061994305,-0.08870487663812439,-0.029550826946755794,0.36457923151486327,0.29276958141803183,0.39591836734693875,0.059008550591165665,-0.2053766149493272,0.10911344294802941,0.2824548640429807,0.21343428257053784,0.15085112943172727,0.17018759710855805,-0.29469210415478525,-0.22226337755404324,-0.1527156137462391,0.03900302888016073,-0.06854216753354843,-0.19190364009729496,0.018517884096464696,-0.14004308546762242,0.0573834747684005,-0.12004723682699109,0.0313596911066194,0.1023963016627605,-0.004472585913994313,0.11737343895788789,-0.046360204988483,-0.08136462840295593,-0.18696634376076884,-0.19099840192816536
#101,-0.30221049810266754,-0.3198960951024036,-0.30162205298827344,-0.2000991489713294,-0.2817060071782243,-0.37276990385371095,0.04732267549065642,-0.08794070407860982,-0.11753707506504132,0.029900669658601074,-0.21063151042978662,0.02777259417640859,0.1721762191595311,-0.14099749507781784,1.0,0.2534138885138335,-0.06345655078462707,-0.43779147681586705,0.6780028334035303,-0.06415462402992203,0.706375560987701,0.17812193308250523,0.02367201842719906,-0.2878153572083519,0.19980170205734116,-0.4724758828188133,0.08540716572992385,-0.388769162251649,0.2596489884588179,-0.014553537421683397,-0.3382918566854015,-0.10560856711599421,-0.2816608661831475,-0.04905576726592681,0.3493167386437146,0.12905689579080373,0.45575195023205295,0.08439229942989342,0.27312196331085015,-0.17701597870312338,0.3114603716474246,0.04749840293577686,0.2446895851260421,0.4697964423253255,-0.24349173657811105,-0.05571567621815192,-0.33038089729819053,-0.3034405902185106,-0.20184271990617123,-0.2728865852650925,-0.30489155077455093,-0.21523105539243445,-0.106400146708234,-0.028563367679450568,0.616967371524496,0.039286772277786396,0.07971295163666335,-0.04110611559722141,-0.3547812173156021,-0.25939103991552187,0.06727821967139774,-0.058409626317200126,-0.002494443022592665,-0.17903765041120626,-0.34327590619540005,-0.09200258754632494,0.08892896943511285,-0.07555111310842101,0.5129754162946901,0.021000638825689255,-0.08883949353415702,-0.005526144495519152,0.06642698947852074,-0.3232445896300655,0.25234985077273725,-0.2547262017278522,0.1254053117247689,-0.10308470183768186,0.15878627149487226,-0.24961882057059023,0.2899466570473356,-0.03657428212718879,0.16391138661448582,0.20495180594208653,-0.18658667574860496,-0.11822950568595168,-0.18548958835039892,-0.04567341699195725,-0.07028735064678582,-0.17664920811812432,-0.25525015970642234,-0.3544491085661084,-0.30570005823994456,-0.19399060503039964,-0.13221757153537825,-0.08357331280492843,-0.6021401668201595,-0.14384943865963487,-0.2719523278848421,-0.31991463515395296,-0.26410101909826833,-0.4263200214419727,-0.316521805720412,-0.1735191637630662,-0.09335762348782704,-0.21162622449987203,-0.1399592521910512,0.13434000439318614,-0.03698619370726468,-0.1152300477809372,-0.0472340056788984
#102,-0.11863577464164297,0.033739266418525544,-0.04263043027026155,0.09472072032130716,0.003925251348687989,-0.02680286887145497,-0.1514460232597038,-0.2291965507443226,-0.1818791148334519,-0.11982153185160704,0.06669783544898161,-0.2273772074248876,-0.32746607875894507,-0.17823800992698846,0.2534138885138335,1.0,-0.3643269255959518,-0.12496035048758321,0.48591983845972475,0.5731572297132539,-0.041465631379440294,0.7046803554047273,-0.3946342672548431,0.06000084639365769,-0.40156099173154003,0.147850865437515,-0.5466884848142871,0.13589495045574268,-0.09384450136329836,0.35250723968860775,-0.27705164815012606,0.24751895821032077,-0.11338410351797479,0.24666530974985038,0.15700884481372288,0.5078091906259887,0.14420976053105156,0.5494549829411374,-0.0053359074448383085,0.2070605352835318,0.33722298240911847,0.42034206395108653,-0.06991251916980873,0.44392097907593964,-0.35041060168512944,-0.15176281631443928,-0.16149634337787647,-0.02144640615207276,-0.22940371566815726,-0.2026600943527406,-0.07005358477942376,-0.23984095860127402,-0.3367715724583504,-0.12800494938767448,-0.11924679025357551,0.30230400444961236,-0.661145090009935,0.13715406178270656,-0.22020785009965277,-0.4548757312740441,-0.20018378833709843,-0.085245141801166,-0.07676185908351689,-0.11740487643660209,0.17498866437065594,0.28184546060944377,0.02414035625112097,-0.14910997676447887,0.5219616986717666,0.49725587084838874,-0.09778385927294785,0.20104066115436003,-0.3113483252489304,-0.005454402556914936,-0.187732128498679,-0.17986711619574264,-0.21317552793804398,-0.441866257710747,-0.25506475919092825,0.3844501363298356,-0.011737061764569559,-0.05365692440697025,0.12422680931758504,-0.2648426211602445,0.08283654727813906,-0.18474153757484035,-0.08986806335055006,-0.2022965481245327,0.23817557831861885,-0.15616567551282387,-0.20076336647031678,-0.27441815474091286,-0.3834030264618931,0.08243592094683237,-0.1642289857584191,-0.519640161782102,0.005442311218947933,-0.1716659646973236,0.05863533129258418,0.017673908706367904,-0.1496645661325654,-0.33442343462515844,0.010873740233725563,-0.09887207968997809,-0.18096904012913548,0.043588870326445976,-0.15737319713112854,-0.26195198529693303,-0.18239098147405503,-0.043293841680051105,-0.2203698740284106
#201,0.35781050052093516,-0.0016327336701442699,0.27939011291294436,0.09255556473601587,-0.11276825137085544,0.28601213567287287,0.21881250969826066,0.3769220693115797,0.07204784945478142,0.3660503443008486,-0.07579132768936547,-0.04748550550861205,0.23459170574519925,-0.11027018094687267,-0.06345655078462707,-0.3643269255959518,1.0,0.3655602420685861,-0.13090606441055735,-0.43952940512632427,-0.04245550891433891,-0.1253843534056261,0.5428329601812089,0.16002523059189114,0.024936772378547547,-0.16806113380476118,0.5808779520497841,0.12545609534423033,0.34899269078619893,-0.27203777333980894,0.5631601114821361,-0.36619947080244164,0.11416601003984096,-0.4520495825465567,0.09995546357182154,-0.30438532675833246,-0.15281395662837072,-0.4388982372844467,0.11064743069144316,-0.0803723326004639,-0.08102848920747326,-0.25228939408290224,-0.07095318032416877,-0.03998403943388355,0.010495684399957277,-0.03936415684077522,0.3523677862573883,0.28942269906876544,0.1872388019096253,0.351703568758401,0.2131989045247802,0.5109972734032885,0.5434641280230864,0.4018100732936603,0.20902013812338405,-0.07568976045044265,0.21796530995137267,-0.14679005205320994,0.05091863940204303,0.16485531706510984,-0.14235897973290235,0.02247255770087239,-0.14295306747168107,-0.0092760714436856,0.2946074647890162,0.16438778533038573,-0.2625476852141074,0.19853130548160808,-0.05840398369281553,-0.20632376975674244,0.38489832192381246,0.2683757101142027,-0.002688710519262509,-0.11376215935174307,-0.19947120548624309,-0.22260032283872372,-0.10259056915943034,0.21196639414134372,0.4258194400501388,-0.13887425613081217,-0.2168158267553096,-0.07042196754281844,-0.030285980295149558,0.0030885307613713994,-0.31279847971577296,-0.21467324166755672,-0.11553797385449686,0.17965995127190798,-0.2971547066540648,-0.399596552356501,-0.15774238598372103,-0.14250891232369317,-0.13404175139000005,-0.011691920769492749,0.10039075173863364,0.6359088554944047,0.014104545738508695,0.5049491861521936,0.267305223659524,0.15529993571438647,0.2529673150982522,0.41376840654302605,0.0238461336939239,0.017385328773555437,0.11841893664743472,0.1482660013743821,0.006937606680867271,-0.11110125890980467,-0.09288283695032273,0.06961668443421606,0.1382713014108576
