,#10,#11,#12,#13,#17,#18,#26,#49,#50,#51,#52,#53,#54,#58,#101,#102,#201,#202,#301,#302,#401,#402,#501,#502,#601,#602,#701,#702,#801,#802,#901,#902,#1001,#1002,#1101,#1102,#1201,#1202,#1301,#1302,#1401,#1402,#1501,#1502,#1601,#1602,#1701,#1702,#1801,#1802,#1901,#1902,#2001,#2002,#2101,#2102,#2201,#2202,#2301,#2302,#2401,#2402,#2501,#2502,#2601,#2602,#2701,#2702,#2801,#2802,#2901,#2902,#3001,#3002,#3101,#3102,#3201,#3202,#3301,#3302,#3401,#3402,#3455,#3501,#3502,#3601,#3602,#3701,#3702,#3801,#3802,#3901,#3902,#4001,#4002,#4101,#4102,#4201,#4202,#4301,#4302,#4401,#4402,#4501,#4502,#4601,#4602,#4701,#4702,#4801,#4802
#10,1.0,0.14164456233421752,0.10178756775458425,0.2328374274401261,-0.20974897166801215,-0.37035328489601355,-0.09163110752316149,0.4489447583900357,0.05644101026409872,-0.04533886902702495,0.010179525621804483,0.015715219313420212,-0.20182216584015683,0.016053511705685617,0.05420366739707069,0.0009764348594933302,0.02418790604697651,0.05753277207550071,-0.03248375812093953,0.2055433821550763,0.21327797639641718,0.15598354668819436,0.13159574059124285,-0.03971091377388229,-0.11606504440087649,-0.015838234728789452,0.009579825471879445,0.04261715296198055,-0.315965094375889,-0.40743474416637837,-0.40589705147426286,-0.1401837542767078,-0.23711990158766771,0.1195632952754392,-0.17275977395917425,-0.25613347172567563,-0.35305424210971437,-0.2956521739130435,-0.1713143428285857,-0.04932918156306462,0.0606312228501134,-0.14229808172836658,-0.28365048245108215,-0.23139199630953755,-0.3464959827778418,-0.37269826625148966,-0.12780532810517817,0.067097220620459,-0.01447737669626725,0.02232729788951678,0.15606043132280015,0.125352708261254,0.10038826740475916,0.11873294122169685,0.26332987352477605,0.05787875293122669,0.35912812824357054,-0.01969784338599931,-0.09592895859762426,-0.1564756083496713,0.20056894629608274,0.009187713835389997,-0.22645600276784686,-0.2721639180409795,-0.052873563218390804,0.11236689347633876,0.07897589666705108,-0.17197555068619536,0.03364471610348672,-0.06166916541729135,0.15350786145388845,0.15925883212240033,-0.013239534079114289,0.1075846692038596,0.08018298543036174,0.2595394610387114,0.21129435282358822,0.2510052665974705,-0.04046438319301888,-0.2868796371045247,-0.16016607081074846,-0.13826932687502402,0.20696574789528313,0.055003267596970745,-0.12450697728059047,0.2072732864337062,-0.057402068196670895,-0.06071579594817975,-0.24042594087571598,-0.20626609772037058,-0.21518471533464037,0.0649213854611156,-0.2075193172644447,0.08701802944681505,-0.16082727866835814,0.16227270979894667,0.12349210010379426,0.19015107830700034,0.1693460961826779,-0.04836043516703187,0.2565563372160074,-0.08055203167646946,-0.04493906892707492,0.10730019605581824,0.18610694652673662,0.0987429362241956,0.025925498789067004,0.12541421596893862,-0.055795179333410216,-0.34983277591973244,-0.3068773305654865
#11,0.14164456233421752,1.0,-0.018052512205435745,-0.05676392572944297,0.19600968746396033,-0.2615692153923038,-0.018521508476530966,0.11586514435090148,0.275193172644447,0.22434936377964865,0.16838503825010573,0.1756045054395879,0.0927151808711029,0.0661130972975051,-0.04251720293699304,-0.1352170068811748,-0.041894437396686274,-0.04652289239995387,0.1501556913850767,-0.049136969976550184,-0.00574328220505132,-0.14618844423941876,-0.056771614192903545,0.027101833698535346,-0.018790604697651175,0.011056010456310307,-0.09654403567447045,-0.1821781416983816,0.08942451850997578,0.06287625418060201,-0.1499404144081805,0.0550186445238919,-0.005351170568561873,0.11491946334525045,0.1388613385614885,-0.06157690385576443,0.05011340483604352,0.07333256448698727,-0.0656671664167916,-0.18912851266674355,-0.030069580594318225,0.1681543843462884,-0.3004113327951409,0.05250451697228309,-0.19422596394110636,-0.1478799062007458,-0.19032022450313305,-0.11053703917272133,-0.23887287125667936,-0.2870718486910391,-0.13515549917349018,-0.2723253757736516,-0.22831661092530658,-0.09489870449390689,0.009010879175796717,-0.08099796255718295,0.033444816053511704,-0.19440279860069964,-0.0565486487525468,-0.029446815054011456,0.19655556836966132,0.1627109522161996,-0.14335908968592626,0.09486026217660401,-0.10640064583093069,0.013647022642524891,0.04094875639103525,0.0544727636181909,0.007311728751009111,-0.08685657171414293,0.04368584938300081,-0.05324260946449852,-0.032107023411371234,0.024210971437358245,0.07507784569253835,0.042740168377349785,0.21819090454772613,0.10910698496905394,-0.07344020297543535,-0.1420520508976281,-0.25215084765309653,0.03229154653442509,-0.13783108445777112,-0.1751355091684927,0.08133625494944835,0.02010533194940991,0.26038519201937493,0.1033329489101603,-0.1480490523968785,-0.055364625379617886,0.1888363510552416,-0.09911198247030331,0.057971014492753624,0.23908045977011494,-0.07868373505554915,-0.16800061507707684,0.16095798254718793,-0.07634644216353362,-0.04047976011994003,-0.02913158805212778,-0.08065967016491754,-0.09806635143966479,0.01394687271748741,-0.06276861569215392,-0.15388459616345673,-0.23778879790873794,-0.28898627609272287,0.010241033329489101,-0.031761042555645255,0.1438972821281667,0.12028601084073348
#12,0.10178756775458425,-0.018052512205435745,1.0,0.3427670779994618,-0.05441894437396686,-0.11308960904163302,0.08170530119555607,-0.09846615153961481,-0.02484911390458617,0.20447468573405606,-0.03528235882058971,-0.23642025141275516,0.18003306039288047,0.1811786414485065,-0.20635835928189752,0.17352093184177142,0.09840464383193019,0.48780994118325455,-0.17152961980548187,-0.16691654172913542,-0.10387114135240072,-0.04652289239995387,-0.1055779802406489,-0.14080651981701456,-0.052496828508822514,0.06439088148233575,0.36528658747549303,0.33602429554453545,0.0776457924883712,-0.22773997616576327,-0.10895321569984238,-0.03817322108176681,0.17058393879983086,0.028716411025256603,0.047776111944027984,-0.11675700611232845,-0.22934686502902396,-0.2852112405335794,-0.20798831353553993,0.12216199592511437,-0.02298081728366586,-0.12336139622496443,-0.2072809748971668,-0.19723215315419212,-0.05460346749702072,-0.2345980855725983,0.30853035020951064,0.15799792411486566,0.3438203974935609,0.16582477991773345,0.164686887325568,0.04547726136931534,0.35064775304655366,0.35527620804982124,0.0033675469957329027,0.0950986045438819,0.10754622688655673,-0.17243685849383,0.31168262022834736,0.1745511859454888,0.24861415446123092,-0.0018221658401568446,-0.4398416176527121,-0.407749971168262,0.24430861492330758,0.12045515703686618,-0.22734017606581325,0.1272210048821743,-0.27330949909660557,-0.3049244608464998,-0.011255910506285318,0.05807096451774113,-0.3573828470380194,-0.01767577749586745,-0.2632606773536309,0.07115672932764387,-0.21510014223657403,0.09169261523084611,0.21293968400415178,0.05987006496751624,-0.11930188751777958,-0.2894475839003575,0.10511667243301426,-0.20981047937569677,-0.10432476069657479,0.09900434398185523,-0.09308422711721062,0.20607388613385616,-0.0927536231884058,-0.33547841463883443,-0.1985315034790297,0.17639641717602736,-0.14470457079152732,0.18092492215430747,-0.040648906316072736,0.4032522200438242,0.1368469611348172,0.5484488524968285,0.30096490216430244,0.14649598277784184,0.4324991350478607,0.24791450428631837,0.08253565524929843,0.3236381809095452,0.24433936877714987,0.28113635489947336,0.47113366393726214,0.22688655672163918,0.14425095144735325,-0.10213354861031022,-0.14232114711874833
#13,0.2328374274401261,-0.05676392572944297,0.3427670779994618,1.0,-0.131811017568139,0.1593357167570061,-0.07759197324414716,0.09120824203282973,-0.22632529888901703,0.2378349286895014,-0.07402452619843924,0.10512436089647484,0.1314804136393342,-0.22714027601583822,-0.015646023142275017,0.171145196632453,0.2977434359743205,0.02093568600315227,0.09097758812901241,0.16664744550801522,-0.17328258947449351,0.08488832506823511,0.06239956944604621,0.19251912505285818,-0.20167608503440587,0.3436820051512705,0.10430169530619306,0.1093222619459501,-0.015392303848075961,-0.0775458424633837,-0.1881520778072502,-0.24791450428631837,-0.2124553108061354,-0.15884365509552917,-0.17136047360934917,0.07707684619228847,-0.13314112174681889,-0.05223542075116288,-0.2356898473840003,0.057048398877484335,0.004666897320570484,-0.12760542805520317,-0.06060815745973167,-0.17576596317226004,-0.0879175796717026,-0.06481374697266751,0.10211817168338908,-0.081797562757083,0.06201514627301734,-0.028539576365663323,0.017006881174797216,0.10975281589974244,0.01989774343597432,0.1219774728020605,-0.07596970745396532,0.12969669011648022,-0.039387998308538036,0.02239649406066198,0.03196094260562027,-0.07812247722292699,0.1414446622842425,0.07224080267558529,-0.006073886133856149,-0.40454388190520124,0.14227501633798487,0.04834505824011071,-0.1713835389997309,0.05730980663514396,0.060262176604005686,0.0725790950678507,0.11841771421981317,0.16620151462730173,-0.003851920193749279,-0.014308230500134548,-0.037296736247260986,0.06891169799715527,-0.013600891861761426,0.08010610079575597,-0.033775419982316535,0.05391919424902933,-0.15147041863683544,0.12019374927920655,-0.06212278476146542,0.10547034175220082,-0.14666512897397455,0.26144619997693463,-0.13250297927959098,-0.04872179294967901,-0.05836312612924307,-0.3445431130588552,-0.10014992503748125,0.03855764425479568,-0.06977280590473994,0.021120209126206126,-0.03253757736516357,0.14671894821819859,0.19923884211740284,0.23036174220582017,0.3158267020335986,-0.07290969899665552,0.16126552108561104,0.13764656133471725,-0.026194595010187213,0.15639103525160497,0.007273286433706224,0.06841963633567831,0.05283512090108792,0.12974282089724368,0.25531080613539386,-0.19564832968131318,-0.27865298120170684
#17,-0.20974897166801215,0.19600968746396033,-0.05441894437396686,-0.131811017568139,1.0,0.23189174643447508,-0.009541383154576559,0.19141967477799562,-0.17024564640756545,-0.05128973974551186,-0.05431130588551878,0.2147310959904663,0.21428516510975282,0.09442970822281167,-0.32180063814246723,-0.31312036289547535,0.15119363395225463,-0.11940952600622766,-0.035489947334025294,-0.09872755929727443,-0.16423326798139393,-0.4765924729942721,-0.07910660054588091,-0.3087148733325645,-0.14856417944873718,-0.1480490523968785,-0.09539845461884443,-0.11029100834198285,0.1619267289432207,0.18050974512743628,0.12457617345173568,-0.021958251643409064,0.2342674816437935,-0.015907430899934648,0.010471687233306423,0.16976896167300964,0.06951139814708031,-0.018644523891900203,-0.24968285088225117,-0.14316687809941184,-0.10360973359474109,0.11152885095913581,-0.12486064659977704,-0.061407757659631725,-0.06650520893399454,-0.07570061123284512,0.07872217737285203,0.008726406027755353,-0.053557836466382194,-0.2896474839503325,-0.12955060931072926,-0.3369161573059624,-0.13654711105985468,-0.2332449160035367,-0.33381770653134973,-0.24179448737169876,-0.18715257755737516,-0.2877484334755699,0.12303079229615961,0.004574635759043555,0.06961134817206781,0.37754968669511396,0.09822780917233691,0.3009572137008419,-0.10320224503133049,-0.17106062353438664,0.102010533194941,0.2206896551724138,0.06321454657286742,0.1577057625033637,0.16673201860608158,0.07976780840349056,-0.15141659939261137,-0.0062353438665282744,0.06162303463652789,-0.06490600853419444,0.12573713143428286,-0.016453311805635643,-0.1103448275862069,0.11021412370737708,0.05105908584169454,0.28538038672971205,0.1403144581555376,0.2040441317802637,0.4534578864413947,0.20306000845730982,0.37748817898742937,0.06097720370583939,0.008242032829738977,0.211571137508169,0.07157959481797563,0.00031522700188367357,0.21491561911352017,0.3160342905470342,0.16943066928074424,-0.0016145773267212547,-0.16231115211624958,-0.017829546765079,0.060262176604005686,0.10063429823549763,-0.09142351900972591,-0.03378310844577711,-0.13468650290239495,-0.0548494983277592,-0.09325337331334332,0.007050320993349479,-0.015822857801868297,0.027624649213854612,0.08874793372544497,0.31586514435090146,0.10053434821051013
#18,-0.37035328489601355,-0.2615692153923038,-0.11308960904163302,0.1593357167570061,0.23189174643447508,1.0,0.03721985161265521,-0.1466805059008957,-0.06016991504247876,-0.041979010494752625,-0.13840771921731443,0.05131280513589359,0.24428554953292583,-0.04485449582900857,-0.26340675815938186,-0.3797485872448391,0.2505977780340599,0.07850690039595587,-0.11797947180256026,-0.19937723445969324,-0.35775958174758776,-0.37595817475877447,-0.11085995463806558,-0.11161342405720216,-0.2068734863337562,-0.16100411332795142,0.04643831930188752,0.021396993810786913,0.15660631222850113,0.3176719332641372,0.29630569330719253,0.12117787260216045,0.12713643178410794,-0.13482489524468536,0.04977511244377811,0.26592088571099065,0.2213662399569446,0.06722792449928881,-0.16242647906815824,0.044846807365548,-0.023465190481682236,-0.045384999807788415,0.010679275746742014,-0.18182447237919502,0.1593357167570061,0.13799254219044324,0.3004190212586015,0.10936070426325299,0.1283435205474186,-0.01658401568446546,0.17757275208549572,-0.020828047514704188,0.15677545842463383,-0.09455272363818092,-0.4711259754738016,-0.10309460654288241,-0.3141890593164956,-0.14771076000461308,0.33143428285857074,0.233075769807404,0.04343981855226233,0.27728443470572406,0.1454272863568216,0.0864567716141929,0.07756890785376543,-0.0548494983277592,0.09313804636143466,0.18460769615192404,-0.06350670818436935,0.22298081728366587,0.08399646330680813,0.12234651904816822,-0.0569561373159574,-0.14961749894283627,-0.11318955906662054,-0.20947218698343137,-0.12991196709337638,0.007396301849075462,0.005374235958943605,0.14411255910506285,0.23384461615346172,0.41194787221773727,0.021297043785799406,0.13939184254026832,0.044154845654096025,0.03815784415484565,0.06648983200707338,-0.01992849728981663,0.32030138776765466,0.3030330988351978,0.08741782954676508,-0.03779648637219852,-0.06287625418060201,0.015515319263445201,0.07214085265059778,0.08193595509937339,-0.0722715565294276,0.11189020874178296,0.24659977703455965,0.18707569292276938,0.13965325029792797,0.0802675585284281,0.13424057202168146,0.100918771383539,0.10977588129012417,0.19073540153000423,0.17645792488371198,0.06688194364356283,0.07681543843462883,0.03270672356129627,0.09881982085880137
#26,-0.09163110752316149,-0.018521508476530966,0.08170530119555607,-0.07759197324414716,-0.009541383154576559,0.03721985161265521,1.0,-0.18491523469034712,-0.12032445315803636,0.37051474262868567,0.13462499519471033,0.059477953331026796,0.09833544766078499,0.12260023834236727,-0.27271748741014107,0.20745780955676008,-0.11610348671817937,-0.17202168146695881,0.17776496367201014,0.17757275208549572,-0.02690962211202091,-0.05513397147580056,-0.24932918156306463,-0.387683081536155,-0.1293583977242148,-0.11739514857955638,0.002644831430438627,-0.12079344942913159,0.038211663399069694,0.2544420097643486,-0.1643716603236843,0.050751547303271444,-0.1027255602967747,-0.18194748779456427,0.0879175796717026,0.2152385345788644,-0.12413793103448276,0.11502710183369853,-0.3423519009725906,-0.3772421481566909,0.18151693384077192,-0.005404989812785915,-0.21519240379810095,0.035812862799369544,-0.2167454734171376,-0.06768154384346288,0.15546841963633568,0.11611117518163995,0.1392303848075962,-0.27257909506785066,0.03628954753392535,-0.15687540844962133,-0.13662399569446046,-0.17565063622035137,-0.18677584284780688,-0.18561488486525968,-0.15449198477684234,-0.1421596893860762,-0.15622957751893285,-0.044300926459847,-0.11040633529389152,-0.002460308307384769,0.2518279321877523,0.11440433629339176,0.027524699188867106,0.04094875639103525,0.2931918656056587,0.33228770230269483,0.23104601545381157,0.18504593856917695,0.36470226425248914,0.14254411255910507,0.20746549802022066,0.1761503863452889,0.31852535270826127,0.25075923576673204,0.2313766193826164,0.21438511513474032,0.004843731980163764,-0.037504324760696574,0.08114404336293392,0.05360396724714566,0.05155114750317149,-0.1164033367931419,0.29827393995310036,0.06098489216929997,0.17844154845654095,-0.14638065582593318,0.016899242686349132,0.20762695575289278,0.18154768769461424,0.09778956675508399,0.05644101026409872,-0.05978549186944989,-0.08732556798523815,-0.0434859493330258,-0.2009533694691116,-0.07227924499288817,-0.14649598277784184,-0.07698458463076155,-0.02005151270518587,-0.2970284088724868,0.0893860761926729,-0.02440318302387268,-0.10909929650559336,-0.032829738976665516,0.0023834236727789952,-0.12365355783646638,0.01602275785184331,0.04586937300580479,0.020443624341675317
#49,0.4489447583900357,0.11586514435090148,-0.09846615153961481,0.09120824203282973,0.19141967477799562,-0.1466805059008957,-0.18491523469034712,1.0,-0.07612347672317687,-0.06879637104524661,-0.09306116172682889,0.3498865951639565,-0.2456617844923692,0.009110829200784223,-0.033183408295852077,-0.3490562411102141,0.30215661400069194,-0.1041863683542844,-0.1036404874485834,-0.05540306769692077,0.023557452043209165,-0.10924537731134433,-0.08526505977780341,-0.2863875754430477,-0.09083919578672202,-0.12672894322069733,-0.22708645677161418,-0.25922423403682776,0.039634029139276515,-0.07520086110790758,-0.1560373659324184,-0.23430592396109637,-0.1393995310037289,0.01992849728981663,-0.16921539230384808,-0.008503440587398608,-0.33617806481374696,-0.19627109522161995,-0.21775266213047323,-0.20730404028754854,-0.1728135932033983,-0.09387613885365009,-0.07026486756621689,-0.0984353976857725,-0.10445546457540461,-0.26144619997693463,-0.2456310306385269,-0.07357090685426518,-0.12753623188405797,-0.09566755083996463,-0.0776765463422135,-0.042032829738976665,-0.08534194441240918,-0.09392226963441357,0.12013224157152193,-0.2511974781839849,0.3116364894475839,-0.015569138507669241,-0.12988121323953408,-0.05547226386806597,0.1403221466189982,0.08960135316956906,0.012255410756160382,0.07087994464306309,-0.17628877868757928,0.003721216314919463,0.010940683504401645,-0.1275592972744397,0.10718486910390958,0.035574520432091646,0.21979779341098682,0.03405220466689732,0.19382616384115633,0.21624572329220004,0.3093991465805559,0.30686195363856533,0.34742628685657173,0.12095490716180371,-0.14076807749971168,-0.15789797408987813,-0.26875792872794374,0.21734517356706262,-0.03905739437973321,0.20509745127436282,0.15672932764387038,0.34657286741244764,0.2352131626494445,-0.11807173336408719,-0.14049898127859148,-0.134540422096644,0.14820282166609003,-0.08794064506208434,0.16678583785030562,0.06317610425556452,-0.054019144274016835,0.017445123592050128,-0.13088071348940913,0.09980394418175528,-0.06477530465536463,-0.023741975166263023,-0.013647022642524891,-0.0010917618114019913,-0.049113904586168454,0.10550878406950372,0.11535770576250336,0.2018298543036174,-0.0005305039787798408,0.1863837312113174,0.08446545957790336,-0.0831199784723023,-0.26110790758466923
#50,0.05644101026409872,0.275193172644447,-0.02484911390458617,-0.22632529888901703,-0.17024564640756545,-0.06016991504247876,-0.12032445315803636,-0.07612347672317687,1.0,-0.1648560335217007,0.027663091531157497,-0.1406604390112636,0.04543113058855188,0.04739168877099911,0.057432822050513206,0.014308230500134548,-0.2470149540614308,-0.1679467958328528,-0.1148348902471841,-0.08471917887210241,0.13787721523853458,0.15849767423980318,-0.1354553492484527,0.016860800369046247,0.015353861530773075,-0.020128397339791642,-0.054588090570099564,-0.019082766309153117,0.015653711605735594,0.1741744512359205,0.035436128089801254,0.034590397109137735,0.017314419713220314,0.12589858916695498,0.23515165494175988,-0.07751508860954139,0.0664206358359282,0.17910275631415062,-0.021666090031907122,0.04179448737169877,0.005312728251258986,0.20399800099950025,0.02881636105024411,0.026179218083266058,-0.0415100142236574,0.025248914004536195,-0.1139507169492177,-0.08933994541190943,-0.07640794987121824,0.028208972436858493,-0.09722062045900128,-0.012478376196517127,-0.066005458809057,-0.05147426286856572,0.13603967247145657,0.1636950755391535,-0.08884788375043248,0.09926575173951485,-0.07230999884673048,0.04651520393649329,-0.15852842809364548,-0.16130396340291392,-0.035436128089801254,-0.12000153769269212,-0.07721523853457886,0.16843885749432977,0.09964248644908315,-0.007972936608618768,-0.18412332295390765,-0.09541383154576558,-0.1521546918848268,-0.0446392188521124,-0.004820666589782032,-0.07447814554261331,0.0007611578825971629,0.09058547649252296,0.022934686502902396,-0.007665398070195672,0.150932226194595,-0.21288586475992774,-0.09922730942221197,-0.11769499865451889,0.08922461846000077,-0.22693268750240264,-0.05231999384922923,-0.06188444239418752,0.08014454311305885,0.23716603236843117,-0.01732210817668089,0.03397532003229155,-0.11624956752393034,-0.11684926767385538,-0.0031753354092184678,-0.12219274977895668,-0.05098988967054934,-0.04308614923307577,0.10710029600584323,0.02955445354245954,-0.04024141775266213,-0.057786491369699766,0.08797908737938723,-0.06909622112020912,0.010648521892899703,-0.011555760581247838,0.008903240687348633,-0.009264598469995772,-0.16176527121054857,-0.155699073540153,-0.1866220735785953,-0.12264636912313075,0.046745857840310615
#51,-0.04533886902702495,0.22434936377964865,0.20447468573405606,0.2378349286895014,-0.05128973974551186,-0.041979010494752625,0.37051474262868567,-0.06879637104524661,-0.1648560335217007,1.0,0.44809133894591163,0.14242109714373583,0.39963864221735285,0.002629454503517472,-0.10309460654288241,0.24295544535424596,-0.051574212893553226,-0.0446084649982701,-0.08828662591781032,0.14912543728135932,-0.03061546150001922,-0.030761542305770193,-0.12762080498212433,-0.10449390689270749,-0.19344942913158805,-0.07776111944027986,0.08245108215123208,-0.05180486679737054,-0.04387806096951524,-0.056279552531426594,-0.08474224426248414,0.04480067658478453,-0.3347018798293161,-0.31406604390112636,-0.08662591781032561,-0.031345865528774074,-0.15333871525775575,-0.24765309652865874,-0.18732941221696844,-0.21018721408526506,-0.09304578479990774,0.10990658516895399,-0.17111444277861068,0.09457578902856265,-0.07568523430592396,-0.07246376811594203,0.05643332180063814,-0.1582516434090647,0.11576519432591396,-0.08741782954676508,-0.2677507400146081,-0.07360934917156806,-0.19232691346634376,-0.04858340060738861,-0.014738784453926883,-0.2539960788836351,0.2108868642601776,0.10718486910390958,-0.20229116211125206,0.05782493368700265,0.02330373274901011,0.053619344174066816,-0.008488063660477453,-0.13975320032291547,0.059554837965632566,-0.13996078883635105,-0.052312305385768657,0.10809979625571829,0.10077269057778802,-0.08844808365048246,0.3577749586745089,0.20351362780148388,0.19182716334140623,0.07030330988351978,0.23549763579748587,0.23711221312420713,0.16763925729442972,0.256817744973667,0.005435743666628225,-0.10771537308268943,-0.29520624303233,-0.04676123476723177,-0.029746665128973976,-0.01794487371698766,0.12078576096567101,0.008134394341290893,-0.024764540806519818,0.06784300157613501,0.037857994079883134,-0.3335486103102295,0.2796601699150425,0.11112905085918579,0.05599507938338523,-0.03396763156883097,-0.26898089416830046,-0.030776919232691345,-0.09465267366316842,-0.030269480644293238,0.030923000038442318,-0.21260908007534693,-0.06062353438665283,-0.09947334025295045,0.227363241456195,-0.14427401683773497,-0.03535924345519548,-0.1746511359704763,-0.04725329642870872,0.03803482873947642,0.1262061277053781,-0.02564102564102564,-0.11484257871064468
#52,0.010179525621804483,0.16838503825010573,-0.03528235882058971,-0.07402452619843924,-0.05431130588551878,-0.13840771921731443,0.13462499519471033,-0.09306116172682889,0.027663091531157497,0.44809133894591163,1.0,0.2116018913620113,0.2524814515819014,0.11910198746780457,0.04627686156921539,-0.03291431207473187,-0.14166762772459923,-0.03183023872679045,0.0906085418829047,0.049882750932226196,0.03817322108176681,-0.0974820282166609,-0.1589974243647407,-0.13654711105985468,0.009072386883481337,-0.18869027024949064,-0.09375312343828086,-0.20577403605889363,-0.16681659170414792,-0.2000384423173029,-0.09532925844769922,-0.1281051781801407,-0.19488717179871604,-0.1604351670318687,-0.16211125206627455,0.08623380617383616,-0.05208933994541191,-0.15148579556375658,-0.06186137700380579,-0.22698650674662668,-0.05564141006419867,-0.058847499327259446,-0.23576673201860607,0.15270057279052782,-0.04619228847114904,-0.040625840925691,-0.082343443662784,-0.3420828047514704,0.07041863683542844,-0.15653711605735593,-0.2931072925075924,-0.20524353208011378,-0.20485910890708492,-0.17492792065505708,0.07568523430592396,-0.17935647560834966,0.21816783915734442,0.19808557259831622,-0.09433744666128474,-0.09220005381924422,-0.05581824472379195,0.10094952523738131,0.17571214392803597,0.1386921923653558,0.05409602890862261,-0.18988198208588014,0.13668550340214508,0.05848614154461231,0.39014338984353975,-0.051812555260831124,0.3455272363818091,0.08411179025871679,0.16608618767539307,-0.03861146349901972,0.17518932841271673,0.20610463998769846,0.22168915542228887,0.34744935224695345,0.00198362357282897,0.014146772767462422,-0.1330104178679891,-0.18460769615192404,0.06257640410563949,0.09293814631145965,0.021243224541575366,-0.08444239418752163,0.08439626340675815,0.15968938607619268,0.06343751201322416,0.00784223272978895,0.164340906469842,0.25152808211278976,0.14568100565102066,-0.1375312343828086,-0.1292968900165302,-0.05448814054511206,-0.10171068311997847,-0.16432552954292085,0.011009879675546843,-0.10574712643678161,-0.09818167839157345,0.020335985853227233,0.15568369661323184,-0.2668281243993388,0.0037673470956829276,-0.2379041248606466,-0.1681543843462884,0.04690731557298274,-0.05213547072617537,-0.03461346249951947,0.010971437358243954
#53,0.015715219313420212,0.1756045054395879,-0.23642025141275516,0.10512436089647484,0.2147310959904663,0.05131280513589359,0.059477953331026796,0.3498865951639565,-0.1406604390112636,0.14242109714373583,0.2116018913620113,1.0,0.05837081459270365,-0.2329988851727982,0.05551839464882943,-0.12360742705570292,0.2218429246915004,-0.3990004997501249,0.0649521393149579,0.12236189597508938,-0.18586091569599816,-0.22877023026948065,-0.07739976165763272,0.09881213239534078,-0.008626456002767846,0.06286856571714143,-0.41825241225541077,-0.33149579056625533,-0.00636604774535809,0.08649521393149578,-0.013570138007919117,-0.07702302694806443,-0.3658170914542729,0.08715642178910545,-0.0640372121631492,0.23622035136278016,0.18454618844423942,0.2593780033060393,-0.015284665359627879,-0.20402875485334257,0.08615692153923038,0.10454772613693153,0.11314342828585708,0.02724022604082574,-0.00574328220505132,-0.009733594741090992,-0.33145734824895245,-0.426671279744743,-0.3340944912159305,-0.36258793680083035,-0.3999923115365394,-0.17751893284127168,-0.299973090377888,-0.3046322992349979,-0.1390304847576212,-0.12441471571906354,-0.11791027563141507,0.09848921692999654,-0.16660900319071234,-0.2255872063968016,-0.027816860800369048,0.24562334217506632,0.33860761926728944,0.049490639295736744,-0.19606350670818437,-0.19271133663937262,0.017191404297851074,0.05371160573559374,0.4082343443662784,0.3380617383615884,0.23852689040095337,0.23131511167493177,0.2503209933494791,0.12571406604390112,0.3887825318110176,0.2073424826048514,0.35193172644447007,0.051950947603121515,-0.03986468304309384,0.28747164879098913,-0.23412908930150308,0.3750893783877292,-0.057640410563948793,0.17319801637642718,0.24802983123822703,0.2283858070964518,0.43023103832699033,-0.07190251028331988,-0.052273863068465765,0.09432975819782416,0.3962326529043171,0.3131972475300811,0.3717525852458386,0.17398992811286665,0.12335370776150387,-0.32243109214623455,-0.12862030523199938,-0.2717256756237266,-0.16303386768154385,-0.16101949025487255,-0.20783454426632839,-0.12089339945411909,-0.07870680044593088,-0.07249452196978434,-0.22936993041940568,-0.2634605774036059,-0.3778802906239188,-0.06915004036443317,0.19319570983738898,0.07806096951524238,-0.15625264290931457
#54,-0.20182216584015683,0.0927151808711029,0.18003306039288047,0.1314804136393342,0.21428516510975282,0.24428554953292583,0.09833544766078499,-0.2456617844923692,0.04543113058855188,0.39963864221735285,0.2524814515819014,0.05837081459270365,1.0,0.1984084880636605,-0.040648906316072736,-0.022065890131857148,0.17758812901241686,0.06064659977703456,0.09379925421904432,-0.16525583362165072,-0.28355822088955523,-0.32921231691846387,0.19068927074924077,-0.03459808557259832,-0.019667089532156998,0.06383731211317419,0.2493983777342098,0.05989313035789797,0.2238496136547111,0.05412678276246492,0.06635143966478299,-0.012701341636873871,0.05295044785299658,-0.05889363010802291,0.16676277245992388,-0.019436435628339677,0.15119363395225463,-0.02703263752739015,-0.19961557682697112,0.21570753084995964,0.06855034021450813,0.09786645138968977,-0.057786491369699766,-0.1062930073424826,-0.03838849805866298,0.04569253834621151,0.33536308768692574,0.019067389382231962,0.16960750394033752,-0.05480336754699573,-0.07755353092684426,-0.11604197901049475,0.1532848960135317,0.07394764156383347,-0.1742436474070657,0.10182601007188713,-0.076284934455849,-0.17030715411525008,0.20201437742667128,0.23153038865182793,0.01175566063122285,0.1330104178679891,-0.12298466151539615,-0.04796832353054242,0.21696075039403376,-0.18495367700765003,-0.05918579171952485,0.2591012186214585,-0.1004420866489832,-0.1820089955022489,0.14543497482028217,0.02973128820205282,-0.13025025948564178,-0.11212086264560028,-0.1824472379195018,-0.17126821204782225,-0.18133241071771805,-0.04861415446123092,0.19457194479683235,0.23203782724022604,0.049229231538077116,-0.12675969707453966,0.2529120055356937,-0.07952946603621266,0.048514204436243415,-0.1874524276323377,-0.032737477415138584,0.3440356744704571,0.1041863683542844,-0.04659208857109907,-0.04155614500442087,0.023557452043209165,-0.04114096797754969,0.11954022988505747,-0.005720216814669588,0.13240302925460345,-0.0009149271518087111,0.24083342943912658,0.21380079191173643,0.13713143428285857,0.22101257063775803,0.2398031753354092,0.08927074924076424,-0.04902164302464153,0.074447391688771,0.12481451581901357,0.035243916503286815,0.029662092030907625,0.19311882520278323,0.08298158613001191,0.054380502056663976
#58,0.016053511705685617,0.0661130972975051,0.1811786414485065,-0.22714027601583822,0.09442970822281167,-0.04485449582900857,0.12260023834236727,0.009110829200784223,0.04739168877099911,0.002629454503517472,0.11910198746780457,-0.2329988851727982,0.1984084880636605,1.0,-0.10910698496905394,-0.1592665205858609,-0.11630338676815438,0.25724061046399876,-0.05755583746588244,-0.211425056702418,-0.14851036020451314,-0.353515549917349,-0.035820551262830125,-0.27944489293814634,-0.07374005305039788,-0.20884173297966402,0.24350132625994694,0.10799215776727021,0.07191788721024103,-0.029861992080882634,-0.11048321992849729,-0.14942528735632185,0.1391996309537539,0.12298466151539615,0.17834159843155345,-0.16474070656979203,-0.09696690116480221,-0.21504632299235,-0.20923384461615346,0.08141313958405412,0.20858801368546495,-0.006727405528005228,-0.18551493484027218,-0.17821089455272363,-0.16321070234113713,-0.2778149386845039,0.20597393610886863,0.15642947756890785,0.023603582823972628,-0.03574366662822435,0.06079268058278553,-0.1787721523853458,0.25299657863376,-0.08134394341290893,0.004997501249375313,-0.0451850997578134,0.21033329489101604,-0.4665128973974551,0.127590051128282,0.11560373659324184,0.16718563795025565,-0.13726982662514897,-0.14713412524506977,0.14907161803713528,0.29548302771691076,0.019013570138007918,0.3065851689539845,0.10645446507515473,-0.046038519201937494,-0.08914004536193441,0.16239572521431592,-0.2596394110636989,-0.33856917694998656,-0.264114096797755,-0.11399684772998116,-0.06618229346865029,0.01057163725829393,0.13765424979817784,0.02922384961365471,-0.06282243493637797,-0.0402183523622804,-0.347057240610464,-0.01720678122477223,-0.1096298004843732,0.0020758851343558988,0.11665705608734095,0.0823050013454811,0.1374620382116634,-0.031245915503786567,-0.012186214585015185,-0.15570676200361358,0.10259485641794487,-0.15442278860569716,0.22708645677161418,-0.2415792103948026,0.13347172567562374,-0.09200784223272979,0.25966247645408064,0.2901395456118095,0.27676930765386537,0.2676200361357783,0.1541998231653404,0.10687733056548648,0.01433129589051628,0.2383423672778995,0.2397109137738823,0.177003805789413,0.11062161227078768,-0.03634336677814939,0.29555222388805596,0.18877484334755698
#101,0.05420366739707069,-0.04251720293699304,-0.20635835928189752,-0.015646023142275017,-0.32180063814246723,-0.26340675815938186,-0.27271748741014107,-0.033183408295852077,0.057432822050513206,-0.10309460654288241,0.04627686156921539,0.05551839464882943,-0.040648906316072736,-0.10910698496905394,1.0,0.1715834390497059,-0.015538384653826932,-0.17671164417791105,0.2589397608887864,-0.07682312689808941,0.3125206627455503,0.06684350132625995,0.5009110829200785,0.3522930842271172,0.34679583285280435,0.19195786722023603,-0.2971821781416984,-0.3764886787375543,-0.04743781955176258,-0.17163725829392995,-0.09872755929727443,0.17997155268519585,-0.15915888209741283,-0.02626379118133241,-0.012893553223388306,-0.04867566216891554,0.42684042594087573,0.18748318148617998,0.567031868681044,0.29386076192672894,-0.003921116364894475,0.06871948641064084,0.3902048975512244,0.03580517433590897,0.34097566601314727,0.13675469957329028,-0.39212701341636874,-0.3794487371698766,-0.3466881943643563,-0.09424518509975781,-0.3245838619151962,0.02653288740245262,-0.12707492407642332,-0.0742398031753354,0.5864990581632261,0.11491177488178987,0.2735170876100411,0.17901818321608426,-0.2867412447622343,-0.16697804943682004,-0.16309537538922847,-0.2522969284588475,0.03512858955137816,-0.050866874255180106,-0.2189520624303233,-0.20517433590896858,-0.05649482950832276,-0.13920731941721448,0.03469803559758582,-0.06654365125129742,-0.2515357705762503,-0.2133010417867989,0.2652289239995387,-0.046092338446161535,0.003490562411102141,-0.2206819667089532,-0.04583861915196248,-0.21189405297351324,0.10287932956598624,-7.688463460577404e-05,-0.106977280590474,-0.03217621958251644,-0.14980202206589013,-0.1361703763502864,-0.2112328451159036,-0.12022450313304886,-0.10936839272671357,0.08882481836005074,-0.0008611079075846692,-0.2074424326298389,0.011525006727405527,-0.09495252373813093,-0.06013916118863645,-0.09795102448775612,0.16051974012993503,-0.3485641794487372,0.07361703763502864,-0.25102064352439163,-0.3781647637719602,-0.2833045015953562,-0.29624418559950794,-0.20252950447852996,-0.020951062930073424,-0.05744819897743436,-0.11938646061584593,-0.2019759351093684,-0.1276900011532695,-0.23815784415484564,0.114327451658786,-0.10799215776727021,0.03416753161880598
#102,0.0009764348594933302,-0.1352170068811748,0.17352093184177142,0.171145196632453,-0.31312036289547535,-0.3797485872448391,0.20745780955676008,-0.3490562411102141,0.014308230500134548,0.24295544535424596,-0.03291431207473187,-0.12360742705570292,-0.022065890131857148,-0.1592665205858609,0.1715834390497059,1.0,-0.33025794794910235,-0.18538423096144235,0.13670856879252682,0.4174681889824319,0.12697497405143582,0.6411486564410103,0.11581132510667744,0.391504247876062,0.0417483565909353,0.37933341021796796,0.09027024949063929,0.1852689040095337,-0.09782800907238688,-0.020566639757044553,-0.15698304693806941,0.033560143005420366,-0.17697305193557067,0.08545727136431784,-0.17077615038634528,-0.08727943720447469,0.028331987852227732,0.24935993541690693,0.14867181793718526,0.1278975896667051,-0.09246915004036443,0.27057240610464,0.1754968669511398,0.3019028947064929,0.035905124360896476,0.22564102564102564,-0.014169838157844155,-0.12155460731172875,0.031438127090301006,-0.004251720293699304,-0.15745973167262522,0.11787183331411218,-0.09795102448775612,0.20740399031253604,0.17041479260369816,0.3122285011340484,-0.030361742205820167,0.28927074924076424,-0.3027640026140776,-0.23359089685926268,-0.3492023219159651,-0.38180140698881326,0.10399415676776996,-0.3640410563948795,0.03250682351132126,-0.03136124245569523,-0.19494099104294008,0.017606581324722256,-0.05131280513589359,0.13240302925460345,-0.12852035520701188,-0.03505939338023296,-0.01986698958213201,0.041402375735209315,-0.043670472456079655,0.040318302387267906,-0.14402029754353593,-0.1124207127205628,0.07984469303809634,0.06387575443047706,-0.0598162457232922,-0.18939760888786375,0.09027024949063929,-0.20046130780763463,-0.12027063391381232,-0.17516626302233498,-0.28854803367546994,-0.10783838849805866,-0.07469342251950947,-0.306631299734748,-0.19730134932533733,-0.04142544112559105,-0.1460039211163649,-0.27994464306308386,-0.08847114904086419,0.01877522777073002,0.2172144696882328,-0.12846653596278784,-0.15479952331526545,-0.18668358128627993,-0.1997924114865644,-0.10216430246415253,-0.13124975973551686,-0.03872679045092838,-0.32100872640602773,-0.1673701610733095,-0.09233075769807404,-0.2375965863222235,-0.020981816783915735,-0.15882058970514742,-0.048052896628608774
#201,0.02418790604697651,-0.041894437396686274,0.09840464383193019,0.2977434359743205,0.15119363395225463,0.2505977780340599,-0.11610348671817937,0.30215661400069194,-0.2470149540614308,-0.051574212893553226,-0.14166762772459923,0.2218429246915004,0.17758812901241686,-0.11630338676815438,-0.015538384653826932,-0.33025794794910235,1.0,0.1138815207780725,0.049828931688002155,-0.29242301925960096,-0.3772959674009149,-0.3667550839964633,-0.012709030100334449,0.01768346595932803,0.033175719832391495,0.002967746895782878,0.08109022411870988,-0.052220043824241724,0.2276323376773152,0.10218736785453428,-0.08046745857840311,-0.09204628455003268,0.10155691385076693,0.017929496790066505,-0.07364010302541037,0.08750240264483143,0.011540383654326683,-0.016222657901818323,-0.17917195248529583,0.09659016645523393,0.010148771767962172,-0.2689424518509976,0.12060892630607772,-0.16229577518932842,0.22554876407949873,-0.01128666436012763,0.15523776573251835,0.2086110790758467,0.03951101372390728,0.05179717833390997,0.11641871372006304,0.09260754238265483,0.17946411409679774,0.1775804405489563,-0.18867489332256948,0.06897320570483989,-0.16404105639487948,-0.21205551070618536,0.24363971860223735,0.16741629185407297,0.13723907277130665,0.10122630992196209,0.0012685964709952715,-0.05671010648521893,0.03254526582862415,0.05990081882135855,-0.08632606773536308,0.1992157767270211,0.016976127320954906,0.08059047399377234,0.03688924768385038,0.10838426940375966,-0.007634644216353362,0.07351708761004114,-0.1252835120901088,-0.11293583977242148,-0.11878676046592089,-0.08006765847845308,0.09069311498097106,0.1727443970322531,-0.18688348133625496,0.2215738284703802,-0.0130319455656787,-0.11384307846076962,0.04186368354284396,0.0640372121631492,-0.06540575865913197,-0.1551608810979126,0.2306231499634798,-0.05278899012032445,0.17997155268519585,0.07434744166378349,0.03588974743397532,0.32023219159650945,0.2741244762234267,0.16643985699457964,0.13210317917964096,0.4314842578710645,0.2554030676969208,0.2569253834621151,0.2818667589282282,0.14215200092261562,0.1086072348441164,0.29957329027793794,0.2339983854226733,0.4257717295198555,0.17334409718217814,0.005873986083881137,0.26313766193826166,0.0036597086072348442,-0.04441625341175566
