,#10,#11,#12,#13,#17,#18,#26,#49,#50,#51,#52,#53,#54,#58,#101,#102,#201,#202,#301,#302,#401,#402,#501,#502,#601,#602,#701,#702,#801,#802,#901,#902,#1001,#1002,#1101,#1102,#1201,#1202,#1301,#1302,#1401,#1402,#1501,#1502,#1601,#1602,#1701,#1702,#1801,#1802,#1901,#1902,#2001,#2002,#2101,#2102,#2201,#2202,#2301,#2302,#2401,#2402,#2501,#2502,#2601,#2602,#2701,#2702,#2801,#2802,#2901,#2902,#3001,#3002,#3101,#3102,#3201,#3202,#3301,#3302,#3401,#3402,#3455,#3501,#3502,#3601,#3602,#3701,#3702,#3801,#3802,#3901,#3902,#4001,#4002,#4101,#4102,#4201,#4202,#4301,#4302,#4401,#4402,#4501,#4502,#4601,#4602,#4701,#4702,#4801,#4802
#10,1.0,0.3928881712989659,0.020412870487833006,0.25444969822780916,-0.0606312228501134,0.05649482950832276,0.12365355783646638,0.4334832583708146,0.0956444854495829,0.24683043093837698,0.3403836543266828,-0.08558797524314765,0.016791604197901048,0.05084380886479837,-0.34534271325875526,-0.044539268827124896,-0.1603659708607235,0.10907623111521163,-0.16568638757544304,0.222050513204936,-0.0518202437242917,0.19406450620843424,-0.08963210702341137,0.23556683196863107,-0.16735478414638835,0.27248683350632374,-0.01903663552838965,0.13802329604428554,-0.19231922500288318,0.026994195210087266,-0.027440126090800755,0.06563641256294929,0.1023488255872064,0.14917156806212278,-0.24969053934571175,-0.02312689808941683,-0.117456656287241,-0.020628147464729175,-0.14216737784953676,-0.0008918617614269788,-0.04708415023257602,-0.07113366393726214,0.2273939953100373,0.16279552531426594,0.16453311805635643,0.2083419828547265,-0.03366009303040787,-0.09443739668627225,0.08328912466843501,0.2326375273901511,-0.11078307000345981,0.02963902664052589,0.014700342136623995,0.09166954984046438,-0.107523161496175,0.05071310498596855,-0.1775419982316534,0.19443355245454197,-0.2100026909622112,0.1235459193480183,-0.03447507015722908,-0.11574212893553223,-0.12079344942913159,0.08775612193903048,-0.08641832929689001,-0.1450121093299504,0.12417637335178565,0.09879675546841964,-0.1195632952754392,0.09157728827893745,0.09840464383193019,-0.09798177834159844,-0.22986199208088265,-0.12008611079075847,-0.18313919963095376,-0.1807403990312536,-0.19477953331026795,-0.13806942682504902,-0.1346096182677892,0.14255948948602623,0.12299234997885672,0.12951985545688693,-0.11260523584361665,0.11325106677430516,0.2071118287010341,-0.04436243416753162,-0.00838042517202937,0.10702341137123746,-0.055280052281551535,0.19795486871948642,0.23866528274324375,0.15558374658824434,0.1617960250643909,-0.08434244416253411,0.10104947526236882,-0.12276938453849998,0.24546957290585478,-0.19073540153000423,-0.20738092492215432,-0.004190212586014685,0.21019490254872564,0.010886864260177603,-0.056333371775650634,0.018967439357244455,-0.10478606850420943,-0.0745473417137585,0.028155153192634452,-0.09655941260139161,-0.05444969822780917,-0.1743051551147503,-0.2245953946103871
#11,0.3928881712989659,1.0,0.16017375927420904,0.30573174950986043,-0.18936685503402145,0.10549340714258255,0.21883673547841465,0.266405258909007,0.4074885634106024,0.34332833583208394,0.44443163033867683,-0.1280974897166801,0.06231499634797986,0.09523699688617229,-0.1008188213585515,-0.08620305231999385,0.006950370968361973,0.1602583323722754,-0.034398185522623304,0.11964786837350555,-0.0004305539537923346,0.09317648867873755,0.21798331603429055,0.24717641179410293,0.1539230384807596,0.24556952293084228,-0.06991119824703033,0.27071079844693036,-0.028562641756045053,-0.022511821012570637,-0.06669742052050898,-0.07139507169492176,0.03680467458578403,0.17132971975550687,-0.08958597624264791,-0.09441433129589051,0.03441356244954446,-0.00944912159304963,0.030069580594318225,0.1006112328451159,-0.19368008303540538,0.05687156421789105,0.052627532387652325,0.058516895398454616,0.11415830546265329,0.05496482527966786,0.0223196094260562,0.06837350555491485,-0.17298273939953102,0.23233767731518856,-0.17742667127974474,0.03373697766501365,0.0045592588321224006,-0.00011532695190866105,-0.04315534540422097,0.13114212124706878,-0.15388459616345673,0.08689501403144581,-0.20126090800753468,0.05813247222542575,-0.025302733248760235,0.0705339637873371,-0.12240802675585284,0.0646446007765348,-0.09179256525583362,0.07258678353131126,0.018398493061161727,0.1404912928151309,0.0994195210087264,0.04457771114442779,0.10257179102756314,-0.02042824741475416,-0.35784415484565407,-0.05954714950217199,-0.27681543843462886,-0.30274862568715644,-0.11350478606850421,-0.0007534694191365856,-0.03520547418598393,0.0924153307961404,0.06224580017683466,-0.029539076615538385,0.0874793372544497,0.05688694114481221,0.15368469611348173,-0.010932995040941067,0.06536731634182909,0.178495367700765,-0.23088455772113944,0.1385538000230654,0.134194441240918,-0.02175835159343405,0.06389881982085881,-0.21196324914465844,0.00423634336677815,0.029854303617422057,0.2349748202821666,0.032053204167147194,0.12110867643101526,-0.1977472802060508,0.08963979548687195,0.03459808557259832,-0.05504939837773421,-0.09597508937838772,-0.08839426440625842,-0.20448237419751664,-0.06401414677276747,-0.06731249759735516,-0.17123745819397992,0.10475531465036712,-0.0463768115942029
#12,0.020412870487833006,0.16017375927420904,1.0,0.338015607580825,-0.14520432091646485,0.4063814246722792,0.271864067966017,0.20631222850113404,0.14114481220927996,0.5087610041133279,0.28776381040249105,-0.1477030715411525,0.3929189251528082,0.18998962057432822,-0.013954561180947988,0.1047630031138277,0.6457540460538961,0.6781993618575328,-0.25469572905854765,-0.31148272017837236,-0.11108292007842233,-0.3181409295352324,-0.10372506054664975,0.010879175796717025,-0.02005151270518587,-0.27670011148272017,0.42265790181832164,0.22230423249913506,0.049821243224541574,-0.15243916503286817,0.4145927036481759,-0.014177526621304733,0.36762388036750854,0.11181332410717718,-0.2978356975358475,-0.10502441087148734,-0.2836120401337793,-0.4405566447545458,0.3508092107792258,0.16671664167916042,0.0011148272017837235,-0.045523392150078806,-0.4893783877292123,-0.3736900780379041,0.04557721139430285,-0.18646830430938377,0.14102179679391075,-0.01607657709606735,0.12819743974166764,0.07765348095183178,0.3624341675316188,0.3541383154576558,0.5707223311421212,0.38477684234805676,-0.25388844039518704,0.07612347672317687,-0.2543958789835851,-0.42774766462922387,-0.12840502825510322,0.35224695344635376,-0.0671356629377619,0.005035943566678199,-0.37914888709491407,-0.04754545804021067,0.6042517202936993,0.4943912659055088,-0.20096105793257218,-0.05155883596663207,-0.200745780955676,0.13105754814900242,0.540598931303579,0.6327374774151386,-0.08354284396263406,0.2544727636181909,0.14680352131626495,0.18258563026179217,0.23359089685926268,0.03393687771498866,0.04635374620382117,-0.24466228424249414,-0.17850305616422557,-0.18978203206089264,0.11976319532541421,-0.10405566447545458,0.07150271018336986,0.08743320647368623,-0.10400953369469111,-0.1033713912274632,-0.08890939145811709,-0.2569176949986545,-0.07428593395609888,-0.11165186637450505,0.120585860915696,-0.11863299119670934,-0.14761080997962558,0.6397570445546458,-0.242463383692769,0.5728904778380041,0.6127167185637951,-0.042440318302387266,0.4115942028985507,0.634567331718756,0.5015876677046093,0.4622688655672164,0.4238803675085534,0.32025525698689117,0.31838696036597086,-0.04665359627878368,-0.20968746396032753,-0.13941490793065006,-0.167270211048322
#13,0.25444969822780916,0.30573174950986043,0.338015607580825,1.0,-0.2275938953600123,0.04670741552300773,0.08647214854111406,0.29971168262022835,0.17351324337831084,0.2884711490408642,0.20417483565909353,-0.012570637758044055,-0.026655902817821858,-0.1050705416522508,-0.09345327336331834,-0.027801483873447892,0.24724560796524814,0.0607696151924038,0.10976050436320302,-0.0033444816053511705,-0.21699150424787605,0.08526505977780341,-0.028616461000269097,-0.14905624111021412,-0.1592357667320186,0.08569561373159575,0.1526698189366855,0.24601545381155576,-0.11044477761119441,0.010548571867912198,0.05163572060123784,-0.03221466189981932,0.10281782185830161,0.3047630031138277,-0.08786376042747857,0.1588590320224503,0.017337485103602047,-0.0666897320570484,0.1006112328451159,0.3295967400914927,0.1361703763502864,0.2177911044477761,0.044754545804021065,0.10783838849805866,0.07043401376234959,0.04092569100065352,0.16015069388382733,-0.012178526121554607,0.04738400030753854,-0.06748164379348787,0.056333371775650634,0.02245031330488602,-0.00402875485334256,-0.07167185637950256,-0.16993810786914235,0.07676930765386537,-0.320985661015646,-0.14873332564486988,-0.24908315073232615,0.003598200899550225,-0.2009841233229539,-0.13032714412024757,-0.12777457425133587,-0.02925460346749702,0.21833698535347712,0.09513704686118479,-0.13431745665628725,-0.14093722369584438,-0.16465613347172567,-0.010194902548725637,-0.09260754238265483,0.07796870795371545,-0.052335370776150386,0.02245031330488602,-0.25391150578556876,0.016184215584515434,-0.2211663399069696,-0.17152961980548187,0.01716833890746934,0.10232576019682467,0.21620728097489716,-7.688463460577404e-05,-0.24335524545419598,-0.2679583285280437,0.011063698919770883,-0.013493253373313344,-0.12224656902318072,-0.013301041786798909,-0.22321915965094377,-0.0938069426825049,0.22811671087533156,0.09522161995925114,-0.01276284934455849,0.04054126782762465,0.10350978356975359,-0.049467573905355014,0.35599123515165493,0.20226040825740976,0.13688540345212008,0.02082035905124361,0.28079037404374735,0.15060162226579019,0.21424672279244994,0.3974243647407066,0.08430400184523124,0.05599507938338523,0.12517587360166071,-0.2953600123015415,-0.12272325375773652,-0.10356360281397763,-0.17200630454003768
#17,-0.0606312228501134,-0.18936685503402145,-0.14520432091646485,-0.2275938953600123,1.0,0.1924806827355553,-0.25963172260023837,0.001637642717102987,-0.12117018413869989,-0.30934532733633185,-0.23183792719025104,0.3601968246645908,-0.0786991119824703,-0.1001037942567178,-0.25856302617921806,-0.2566639757044555,0.01290893015030946,-0.03275285434205974,0.06377580440548956,0.0563795025564141,-0.06337600430553954,0.01764502364202514,0.012747472417637335,0.010448621842924692,-0.030184907546226887,0.007265597970245646,0.07918348518048668,0.02581786030061892,0.019820858801368548,0.16357974858724483,-0.023964940606619765,0.3706608234344366,0.30177987929112365,0.15868219736285702,0.15306193057317496,0.16623226848114403,0.1269134663437512,0.39028178218583015,-0.10556260331372776,0.17340560488986276,-0.045738669126974975,0.04591550378656825,0.2569868911697997,0.26612847422442626,-0.038219351862530275,0.03622035136278015,0.254526582862415,0.3449429131588052,-0.06198439241917503,-0.04109483719678622,-0.0009379925421904433,-0.019559451043708913,-0.09639026640525891,-0.25969323030792296,-0.0021450813055010954,0.026010071887133356,-0.2251028331987852,0.0431092146234575,0.04572329220005382,-0.0739399531003729,-0.037481259370314844,-0.20611232845115904,0.16429477568907855,-0.09472186983431362,0.08865567216391804,0.021366239956944606,0.2113327951408911,-0.03697382078191674,0.0462076653980702,0.11182101257063776,0.10624687656171913,-0.20379041248606466,0.27844539268827123,0.0893860761926729,-0.03939568677199862,-0.09123130742321148,-0.1578364663821935,-0.262330373274901,-0.24736862338061738,-0.10977588129012417,0.010863798869795872,0.09512935839772421,-0.24876792373044246,0.3953561680698113,0.18462307307884518,-0.1265444200976435,-0.044808365048245105,0.24237881059470265,0.3922423403682774,0.37775727520854957,0.05703302195056318,0.04869872755929727,-0.0994195210087264,-0.009510629300734248,-0.13950716949217698,-0.14342059739361088,-0.07775343097681928,0.06962672509898897,0.17541229385307347,0.23265290431707222,0.16385653327182562,0.13071156729327643,0.11897897205243532,-0.09023180717333641,0.12309998846730481,0.12962749394533502,0.15002498750624688,-0.1170107254065275,-0.12618306231499635,-0.07570829969630569,-0.16229577518932842
#18,0.05649482950832276,0.10549340714258255,0.4063814246722792,0.04670741552300773,0.1924806827355553,1.0,0.41019490254872565,0.21510014223657403,0.12515280821127897,0.3335409218467689,0.21054088340445162,0.4708107484719179,0.6529273824626148,0.5094837196786223,-0.08875562218890555,-0.23908814823357552,0.28657209856610155,0.3900280628916311,-0.1436204974435859,-0.3060546649752047,-0.11988621074078346,-0.3079306500595856,-0.13838465382693269,-0.04992119324952908,0.07256371814092953,-0.31732595240841116,0.2537192941990543,0.053973013493253376,0.1899973090377888,0.245592588321224,0.370745396532503,0.47718448468073654,0.19433360242955444,0.3400146080805751,0.15751355091684927,-0.09727443970322532,0.0675739053550148,0.05448814054511206,0.2993426363741206,0.19007419367239456,0.07169492176988429,-0.1956867719986161,0.04119478722177373,-0.06259946949602122,-0.014008380425172029,-0.20245261984392418,0.16517894898704494,0.1104140237573521,0.09481413139584054,-0.06198439241917503,0.26636681659170414,0.22195825164340907,0.38280090723868837,0.19771652635220852,0.13892284626917312,-0.09039326490600853,-0.21138661438511513,-0.30522431092146235,-0.21547687694614232,0.047483950332526045,-0.17907969092376888,-0.06755852842809365,0.18889017029946564,0.19090454772613694,0.1941798331603429,0.16693960711951716,0.3794948679506401,0.20628147464729174,-0.174474301310883,-0.04082574097566601,0.5185791719524853,0.3159189635951255,0.19083535155499173,0.33964556183446737,0.28348902471841003,0.14698035597585823,0.13654711105985468,-0.13186483681236305,0.151278207050321,-0.0756006612078576,0.14905624111021412,0.1686003152270019,0.09957329027793796,0.4955060931072925,0.299827009572137,-0.08064429323799639,-0.17456656287240996,0.10990658516895399,0.1047322492599854,0.26918848268173606,0.20905700995656018,-0.06381424672279246,0.36071964017991004,-0.4431092146234575,-0.3209164648445008,0.2816284165609503,-0.3743128435782109,0.31471956329527545,0.3194325913966094,0.3399838542267328,0.30211817168338906,0.5145427286356822,0.3939184254026833,0.2847883750432476,0.29361473109599046,0.1271825625648714,0.32835120901087916,-0.10773843847307116,-0.2373198016376427,-0.3734901779879291,-0.432729788951678
#26,0.12365355783646638,0.21883673547841465,0.271864067966017,0.08647214854111406,-0.25963172260023837,0.41019490254872565,1.0,-0.0082343443662784,0.08688732556798524,0.39215776727021107,0.4301772190827663,-0.0179986929612117,0.538761388536501,0.3776265713297198,0.2246030830738477,0.1400069196171145,0.0933994541190943,0.2160919540229885,0.01335486103102295,-0.011217468188982432,0.06432168531119056,-0.06482143543612809,0.012693653173413293,0.2138469226924999,0.03771960173759274,-0.09185407296351825,0.04762234267481644,0.015084765309652866,0.08328143620497444,-0.12651366624380117,0.1349017798792911,-0.04254026832737477,-0.013685464959827778,-0.009464498519970783,-0.061876753930726947,-0.19842386499058162,-0.07446276861569215,-0.07050320993349479,0.17891054472763618,0.11328950909160804,0.17004574635759043,-0.29118517664244803,-0.007711528850959136,-0.08328143620497444,-0.13098066351439666,0.12478376196517126,0.12609848921693,0.018575327720755007,-0.04785299657863376,0.04183292968900165,-0.09278437704224811,-0.07763810402491061,0.1346326836581709,0.21504632299235,-0.02093568600315227,0.11551916349517549,-0.10675431515011725,-0.022850113404836045,-0.2838811363548995,-0.12136239572521432,-0.2627378618383116,-0.04971360473609349,-0.018782916234190598,0.3743205320416715,0.008365048245108215,0.04639987698458463,0.14452773613193404,0.2776842348056741,0.08691807942182755,0.21984392419175028,0.3114673432514512,0.2707953715449967,0.18206281474647293,0.13437896436397187,0.19256525583362166,0.025571829469880444,0.1435513012724407,-0.08241263983392919,0.25057471264367814,0.0765232768231269,-0.07859147349402222,0.18173221081766808,0.23304501595356167,0.11791796409487564,-0.08650290239495637,-0.2731095990466305,-0.2568254334371276,0.004466997270595472,-0.043063083842694035,0.017568139007419367,0.0184753776957675,-0.16099642486449084,0.0879175796717026,-0.2221504632299235,-0.41257063775804403,0.20332910467843002,-0.18313151116749318,-0.035243916503286815,0.0814900242186599,-0.03592050128781763,0.08153615499942336,0.3010879175796717,0.054980202206589016,-0.03396763156883097,0.0680505900895706,-0.03609733594741091,0.00879560219890055,-0.17844154845654095,-0.10550109560604314,-0.23778879790873794,-0.20779610194902548
#49,0.4334832583708146,0.266405258909007,0.20631222850113404,0.29971168262022835,0.001637642717102987,0.21510014223657403,-0.0082343443662784,1.0,0.250013454811056,0.3574981739899281,0.2318840579710145,0.15862837811863298,0.09060085341944413,0.19642486449083152,-0.22168915542228887,0.010417867989082381,0.13856917694998655,0.09053165724829892,-0.07161034867181794,0.049444508514973284,-0.2189828162841656,0.043755045554146006,-0.2438549955791335,-0.004566947295582977,-0.24158689885826318,0.07712297697305194,-0.07683081536155,-0.054326682812439936,-0.0991504247876062,0.08871717987160266,0.05085149732825895,0.1976857724983662,0.14614231345865528,0.36911544227886056,-0.012432245415753662,0.009895052473763119,0.11179025871679545,-0.018367739207319416,0.22266559028178218,0.20305231999384923,0.21726060046899628,0.01560758082497213,0.14575020182216583,0.13767731518855958,-0.02191980932610618,0.09176181140199131,0.05418829047014954,-0.09378387729212317,-0.06291469649790489,-0.04965209702840887,-0.06578249336870026,0.10198746780455926,0.16181140199131203,0.16312612924307077,-0.03880367508553416,0.03535924345519548,-0.45044400876484836,-0.09716680121477722,-0.1714219813170338,0.04412409180025372,-0.09006266097720371,-0.148149002421866,0.03651251297428209,-0.008157459731672626,0.25102833198785224,0.027186406796601698,0.2811594202898551,0.09820474378195518,0.04548494983277592,0.04605389612885865,0.3576058124783762,0.11532695190866106,0.11829469880444393,0.1855764425479568,-0.04809133894591166,0.048783300657363624,-0.03234536577864914,-0.23575904355514551,0.002975435359243455,0.11850228731787953,0.34176757774958677,0.27936031984008,-0.22674047591588822,-0.1003421366239957,0.03746588244339369,0.1306500595855918,-0.006765847845308115,0.13936108868642602,0.09266136162687887,0.1713220312920463,0.33367931418905933,0.11862530273324876,0.15051704916772382,-0.07169492176988429,-0.010479375696767,0.013393303348325837,0.08767154884096413,0.13965325029792797,0.1674777995617576,0.05973167262522585,0.3692153923038481,0.04033367931418906,0.09064698420020759,0.2543651251297428,0.01802944681505401,0.1251374312843578,0.1997616576327221,-0.12989659016645524,-0.10684657671164417,-0.22807826855802868,-0.2870334063737362
#50,0.0956444854495829,0.4074885634106024,0.14114481220927996,0.17351324337831084,-0.12117018413869989,0.12515280821127897,0.08688732556798524,0.250013454811056,1.0,0.296351824087956,0.4884711490408642,-0.2073424826048514,-0.09539845461884443,0.2691269749740514,-0.03602045131280514,0.1016337984853727,0.10231807173336409,0.3716449467573905,-0.06466766616691653,-0.04435474570407104,-0.12981201706838888,-0.010517818014069888,0.255472263868066,0.24316303386768154,0.07643870372506055,0.09347633875370007,0.042955445354245954,0.004136393341790643,0.026486756621689155,-0.09402221965940107,0.07228693345634875,0.007688463460577404,-0.16385653327182562,0.2428708722561796,0.00031522700188367357,-0.18014838734478913,-0.15676008149771267,-0.15826702033598586,0.25724061046399876,0.2224887556221889,-0.06196901549225387,-0.03704301695306193,0.05255833621650713,-0.2064659977703456,0.3245684849882751,0.05295044785299658,-0.015077076846192288,-0.25766347595433053,-0.2987429362241956,-0.1089839695536847,-0.2538576865413447,-0.12426863491331258,0.09106216122707878,0.031730288701802944,-0.06661284742244263,0.22730942221197092,-0.11344327836081959,-0.056771614192903545,-0.2557413600891862,-0.23219928497289816,0.07908353515549918,0.24864490831507324,-0.017698842886249185,0.14827201783723523,0.04095644485449583,0.027432437627340177,0.06682043593587822,-0.005504939837773421,0.05687925268135163,0.04153307961403913,0.32855879752431477,0.13831545765578748,0.014085265059777804,0.08045208165148195,-0.07881443893437896,-0.13509399146580556,0.11082920078422327,0.03713527851458886,0.20179141198631453,0.11794102948525736,0.04743781955176258,0.09871987083381387,0.12771306654365125,-0.07427055702917772,0.09022411870987583,0.030961442355745203,0.06815822857801869,-0.10343289893514782,0.04566947295582978,0.1470187982931611,0.2957598124014916,-0.0447776111944028,0.03588205897051474,-0.22305001345481107,-0.02156614000691962,0.3070080344443163,0.23618190904547726,0.16364894475839004,0.23924191750278706,-0.17790335601430055,-0.05428055203167647,0.2951754891784877,0.05706377580440549,0.08048283550532426,-0.22045900126859647,-0.22997731903279128,-0.22937761888286626,0.02072809748971668,-0.025894744935224694,-0.05499557913351017,-0.1457348248952447
#51,0.24683043093837698,0.34332833583208394,0.5087610041133279,0.2884711490408642,-0.30934532733633185,0.3335409218467689,0.39215776727021107,0.3574981739899281,0.296351824087956,1.0,0.43822704032599086,-0.15250836120401337,0.42189674393572446,0.3941106369891977,-0.017883366009303042,-0.11358935916657056,0.2900011532695191,0.5274439703225311,-0.18593780033060392,-0.3477568907853765,-0.26482143543612807,-0.39853919194249027,-0.3648560335217007,-0.18521508476530965,-0.15301579979241148,-0.4026448314304386,0.3003959558682197,0.06585937800330605,0.19651712605235844,-0.03598969745896283,0.2383500557413601,-0.008088263560527428,0.17327490101103293,0.2622458001768347,-0.14714950217199094,-0.13411755660631222,-0.1960481297812632,-0.3541383154576558,0.4498443086149233,0.06542882404951371,0.008718717564294775,-0.17326721254757238,-0.3254142159689386,-0.3540998731403529,0.133102679429516,-0.29352246953446354,0.0326990350978357,-0.06449083150732327,0.11918656056587092,0.01489255372313843,0.2127244070272556,0.06375273901510783,0.40712720562795524,0.09920424403183024,-0.1620881866758928,-0.12741321646868872,-0.13148810210279477,-0.4276400261407758,-0.013454811056010456,0.036197285972398414,0.042578710644677664,0.16807749971168262,-0.2183062314996348,-0.044454695729058545,0.38552262330373277,0.11473494022219659,0.0031676469457578905,0.10434013762349595,-0.15948179756275707,0.03070772306154615,0.5707223311421212,0.6648983200707339,-0.1236151155191635,0.23183792719025104,0.11471187483181486,0.22207357859531773,0.2667281743743513,0.265659477953331,0.020412870487833006,-0.27188713335639875,-0.14231345865528774,-0.15301579979241148,0.05553377157575059,0.01699919271133664,0.01842155845154346,0.2346749702072041,0.15249298427709224,-0.2023142275016338,-0.40736554799523317,-0.14445085149732825,-0.1409679775496867,0.10300234498135548,-0.03648944758390036,-0.004628455003267597,0.11079844693038096,0.3923422903932649,-0.20245261984392418,0.3557682697112982,0.29283050782301157,0.10736939222696344,0.2259562526429093,0.42587936800830356,0.2750240264483143,0.3431053703917272,0.17628877868757928,0.17157575058624533,0.17678084034905625,0.03748894783377542,0.025863991081382386,0.01477722677122977,0.012109329950409411
#52,0.3403836543266828,0.44443163033867683,0.28776381040249105,0.20417483565909353,-0.23183792719025104,0.21054088340445162,0.4301772190827663,0.2318840579710145,0.4884711490408642,0.43822704032599086,1.0,-0.15510706185368853,0.19594049129281513,0.3499557913351017,-0.009356860031522701,0.0036750855341559988,0.10811517318263945,0.38153231076769306,0.07095682927766886,-0.12022450313304886,-0.3395840541267828,-0.007796101949025487,0.1062238111713374,0.21335486103102294,0.051512705185868604,0.1516856956137316,-0.040695037096836195,0.04190981432360743,0.1751355091684927,0.1765886287625418,-0.0021758351593434053,0.06739707069542152,-0.010563948794833352,0.32434551954791835,0.07845308115173183,0.20383654326682812,0.03785030561642256,0.033690846884250183,0.20634298235497636,0.29883519778572254,-0.04466228424249414,0.056364125629492945,-0.07749971168262022,-0.06754315150117249,0.04107177180640449,0.019790104947526237,0.04127936031984008,-0.08794064506208434,-0.04575404605389613,-0.03161496174989428,-0.17272902010533195,0.08398108637988698,-0.06163841156344904,-0.0077576596317226005,0.022027447814554263,0.19923115365394226,-0.3007803790412486,-0.10262561027178718,-0.28717948717948716,-0.20588167454734171,-0.05300426709722062,0.09393764656133471,0.19896205743282205,0.19163495175489179,0.0749240764233268,0.05333487102602545,0.04696113481720678,0.12280013839234229,0.06969592127013416,0.15405374235958944,0.28014454311305886,0.1946565178948987,0.04834505824011071,-0.007396301849075462,-0.03291431207473187,-0.10948371967862222,0.04152539115057856,-0.05108983969553685,0.2539960788836351,0.24615384615384617,0.07021873678545343,0.10565486487525468,0.11635720601237842,-0.014046822742474917,0.03548225887056472,-0.03362933917656556,-0.0698189366855034,0.03384461615346173,-0.00358282397262907,-0.07184100257563526,0.0891784876792373,-0.048929381463114596,0.08159766270710798,-0.25719447968323533,-0.18194748779456427,0.2358666820435936,0.2553184945988544,0.11515780571252836,0.1808480375197017,-0.12052435320801137,0.24185599507938338,0.27241763733517854,0.049798177834159844,0.09169261523084611,-0.11589589820474379,-0.17150655441510015,-0.1658785991619575,-0.14356667819936186,-0.11654941759889285,-0.042278860569715145,-0.21172490677738054
#53,-0.08558797524314765,-0.1280974897166801,-0.1477030715411525,-0.012570637758044055,0.3601968246645908,0.4708107484719179,-0.0179986929612117,0.15862837811863298,-0.2073424826048514,-0.15250836120401337,-0.15510706185368853,1.0,0.29199246530580864,0.0647522392649829,-0.1265059777803406,-0.40739630184907544,0.02004382424172529,-0.23005420366739707,0.03237611963249145,-0.238242417252912,-0.07779956175758275,-0.2221504632299235,-0.1605658709106985,-0.3065390381732211,-0.07721523853457886,-0.20548956291085227,0.06130011917118364,-0.024941375466113098,-0.01815246223042325,0.33537077615038635,-0.11871756429477569,0.39730134932533734,0.11894052973513243,0.2740399031253604,0.49146964979048935,0.15425364240956446,0.34978664513896895,0.361211701841387,-0.026463691231307422,0.07726136931534233,0.09350709260754238,0.06382193518625302,0.3272133164187137,0.23887287125667936,-0.10944527736131934,-0.16224964440856496,0.27121054857186794,0.23728135932033984,0.23295275439203475,-0.1659401068696421,0.2217429746665129,0.14267481643793486,0.06834275170107254,-0.18752162380348286,0.19536385653327182,-0.397562757082997,-0.07713066543651251,-0.21312420712720562,0.10392496059662476,-0.060700419021258605,-0.21358551493484026,-0.29560604313228,0.3909045477261369,-0.01904432399185023,-0.09557528927843771,0.06996501749125437,0.279214239034329,-0.07333256448698727,-0.062145850151847155,-0.006058509206934994,-0.08541114058355438,-0.06262253488640296,0.24064890631607272,0.10394802598700649,-0.016453311805635643,-0.039580209895052475,-0.27620036135778264,-0.3012724407027256,-0.07570061123284512,-0.09044708415023257,0.5744281705301195,0.3416753161880598,-0.07698458463076155,0.37691923269134664,0.18593780033060392,-0.10177987929112367,-0.2116403336793142,0.21016414869488334,0.25613347172567563,0.3234152154691885,0.11534232883558221,0.061492330757698076,0.051574212893553226,-0.05152039364932918,-0.10206435243916503,-0.26555952792834353,-0.2843501326259947,0.09379156575558374,0.052927382462614844,0.44458539960788834,0.12448391189020874,0.02525660246799677,0.21302425710221812,0.07099527159497175,0.30544727636181906,0.10981432360742706,0.2408026755852843,-0.1713527851458886,-0.25181255526083113,-0.08684119478722177,-0.1713220312920463
#54,0.016791604197901048,0.06231499634797986,0.3929189251528082,-0.026655902817821858,-0.0786991119824703,0.6529273824626148,0.538761388536501,0.09060085341944413,-0.09539845461884443,0.42189674393572446,0.19594049129281513,0.29199246530580864,1.0,0.42737861838311614,0.06724330142620998,-0.05007496251874063,0.27809172336908466,0.3994310537039173,-0.11443509014723408,-0.3507400146080806,-0.08211278975896667,-0.41686080036904627,-0.2644754545804021,-0.08174374351285896,-0.026279168108253564,-0.38786760465920883,0.204220966439857,0.0563795025564141,0.2957828777918733,0.1697843385999308,0.28903240687348636,0.12517587360166071,0.3016722408026756,0.14774151385845538,0.08775612193903048,-0.16119632491446584,-0.008564948295083228,-0.12360742705570292,0.2794833352554492,0.05418060200668896,0.18553031176719334,-0.22090493214930995,-0.15874370507054164,-0.18365432668281245,-0.11165186637450505,-0.25375004805289664,0.25777880290623917,0.2516741629185407,0.21542305770191827,0.05174335908968593,0.22445700226809673,0.20109176181140198,0.3852073963018491,0.3049629031638027,0.10070349440664284,-0.1550839964633068,-0.12343828085957022,-0.35177026871179795,-0.012670587783031562,0.13091915580671204,-0.24481605351170568,-0.1618575327720755,0.07699227309422212,0.250559335716757,0.14819513320262945,0.16057355937415907,0.19474877945642563,0.19909276131165188,-0.12651366624380117,-0.08259716295698305,0.39982316534040674,0.38069426825049013,0.004697651174412794,0.22464152539115056,0.23736593241840617,0.09875062468765618,0.0573328720255257,-0.07388613385614885,0.2540114558105563,-0.05762503363702764,0.04009533694691116,0.18663745050551647,0.33381770653134973,0.25289662860877254,-0.14931764886787374,-0.09898127859147349,-0.24297851074462767,0.09061623034636528,-0.10460923384461615,0.0019605581824472377,-0.10488601852919693,-0.1241917502787068,0.1976473301810633,-0.23400607388613387,-0.23522085111290508,0.28123630492446083,-0.42308076730865335,0.21780648137469727,0.16317226002383423,0.16656287240994888,0.12134701879829315,0.36387191019874676,0.4212509130050359,0.2391265905508784,0.44461615346173067,0.2539268827124899,0.36297235997385924,-0.1469188482681736,-0.23643562833967632,-0.265259677853381,-0.2349440664283243
#58,0.05084380886479837,0.09523699688617229,0.18998962057432822,-0.1050705416522508,-0.1001037942567178,0.5094837196786223,0.3776265713297198,0.19642486449083152,0.2691269749740514,0.3941106369891977,0.3499557913351017,0.0647522392649829,0.42737861838311614,1.0,0.04317072233114212,-0.07921423903432899,-0.04539268827124899,0.44591550378656825,-0.019597893361011802,-0.27087225617960253,-0.17688847883750433,-0.309014723407527,-0.05190481682235805,0.03609733594741091,0.07190251028331988,-0.20432860492830507,0.07525468035213162,-0.02489524468534963,0.3518548418098643,0.1263368315842079,0.25636412562949296,0.2516280321377773,0.12488371199015877,0.29362241955945106,0.19947718448468074,-0.0910544727636182,-0.03050013454811056,0.020766539807019566,0.4131242071272056,0.1530465536462538,0.12426863491331258,-0.25863222235036326,0.032791296659362625,-0.18525352708261253,0.0717256756237266,-0.20441317802637143,0.10706185368854035,0.05564909852765925,-0.004520816514819513,-0.033744666128474224,-0.00026909622112020914,0.017191404297851074,0.22698650674662668,0.08295852073963018,0.0589320724253258,0.010686964210202592,-0.06588244339368778,-0.19434129089301502,-0.2362357282897013,-0.0005381924422404183,-0.031868681044093336,0.14172913543228385,0.25244300926459845,0.3282743243762734,0.09552147003421366,-0.026471379694768,0.4127244070272556,0.21380079191173643,0.11508092107792257,-0.049905816322607925,0.5783185330411718,0.269134663437512,0.1391996309537539,0.219667089532157,0.30835351554991736,0.15549148502671742,0.2009149271518087,-0.02371890977588129,0.23945719447968322,0.09580594318225502,-0.00257563525929343,0.26891169799715525,0.28059047399377235,0.17862607157959481,0.08345058240110714,-0.0036750855341559988,-0.014469688232806673,0.14485065159727828,0.04731480413639334,0.10334063737362088,0.08946296082727867,-0.014638834428939377,0.4070733863837312,-0.4297697305193557,-0.13825394994810286,0.2434244416253412,-0.060746549802022064,0.11180563564371661,0.14751854841809864,0.11904816822358051,0.16588628762541807,0.3961173259524084,0.4041902125860147,0.1716526352208511,-0.048468073655479955,-0.06058509206934994,0.0294314381270903,-0.033260292930457847,0.12176988428862492,-0.4206589013185715,-0.2870334063737362
#101,-0.34534271325875526,-0.1008188213585515,-0.013954561180947988,-0.09345327336331834,-0.25856302617921806,-0.08875562218890555,0.2246030830738477,-0.22168915542228887,-0.03602045131280514,-0.017883366009303042,-0.009356860031522701,-0.1265059777803406,0.06724330142620998,0.04317072233114212,1.0,0.3370237957944105,0.12972744397032254,-0.02297312882020528,0.40412101641486947,0.0009072386883481336,0.24765309652865874,0.07622342674816437,0.12781301656863875,-0.09464498519970783,0.26574405105139737,-0.07739976165763272,-0.36306462153538616,-0.3898512282320378,0.4834275170107254,0.08020605082074347,-0.04397032253104217,-0.11607273286433706,-0.17907969092376888,-0.08835582208895552,0.29736670126475223,0.13857686541344713,0.3224003382923923,0.0020451312805135893,0.23716603236843117,0.02209664398569946,0.29696690116480223,0.20706569792027063,-0.10304847576211894,0.03820397493560912,-0.35268519586360664,-0.05823242225041325,-0.10730788451927882,-0.1713835389997309,-0.2764925229692846,-0.45016722408026755,-0.34189828162841657,-0.39062007457809556,-0.1702302694806443,0.027978318533041172,0.4202360358282397,0.16769307653865376,-0.1596816976127321,-0.19882366509053165,-0.023857302118171685,-0.35918963595125514,-0.2123476723176873,-0.16838503825010573,0.16414100641986698,0.030446315303886518,0.0637988697958713,-0.013831545765578749,-0.03105370391727213,0.08418098642986199,0.5958559181947488,0.2043901126359897,0.03163033867681544,0.205112828201284,0.21689155422288856,-0.019966939607119517,0.030899934648060585,-0.07476261869065468,0.05065928574174451,-0.11712605235843616,0.5831007573136509,0.28056740860339063,-0.007749971168262023,-0.021289355322338832,0.02794756467919886,-0.39707069542152,-0.34942528735632183,-0.3241609964248645,-0.4133010417867989,-0.13503248375812094,0.1641794487371699,-0.459747049552147,-0.14299773190327913,-0.4034598085572598,-0.19718602237342867,-0.010133394841041019,-0.17179102756314152,0.26765078998962055,0.0033444816053511705,-0.06209203090762311,-0.14095260062276554,-0.23016184215584515,-0.19375696767001116,-0.1649252296928459,-0.16248029831238228,-0.010348671817937185,0.03875754430477069,-0.0034444316303386766,-0.1589282281935955,-0.1610733094990966,0.11722600238342368,-0.06618229346865029,0.0235113212624457
#102,-0.044539268827124896,-0.08620305231999385,0.1047630031138277,-0.027801483873447892,-0.2566639757044555,-0.23908814823357552,0.1400069196171145,0.010417867989082381,0.1016337984853727,-0.11358935916657056,0.0036750855341559988,-0.40739630184907544,-0.05007496251874063,-0.07921423903432899,0.3370237957944105,1.0,-0.07932187752277707,0.14383577442048207,0.021819859301118672,0.48141313958405413,0.3041325491100604,0.46751239764733016,0.1360704263252989,0.48272786683581287,-0.05860915695998155,0.35203936493291815,-0.34955599123515163,-0.15316188059816246,-0.1688617229846615,-0.4296390266405259,-0.05973167262522585,-0.19268058278553032,-0.2396724714565794,-0.38689116979971555,-0.40440548956291084,-0.3403836543266828,-0.2726175373851536,-0.2920385960865721,-0.018083266059278052,-0.007142582554876408,0.097243685849383,-0.13149579056625532,-0.1346096182677892,0.10826125398839043,0.022604082574097566,0.4908161303963403,-0.2615692153923038,-0.4028524199438742,-0.3838004074885634,-0.003183023872679045,-0.3735593741590743,-0.11478875946642064,-0.039903125360396724,0.46463691231307425,-0.11325875523776573,0.3196094260562027,-0.09832775919732442,0.31212855110906085,-0.24309383769653634,0.18699111982470304,-0.08940145311959405,-0.13323338330834583,-0.2918310075731365,0.34704955214700345,-0.06259946949602122,-0.0640372121631492,-0.19684772998116326,0.08105178180140699,0.25656402567946796,0.398016376427171,0.017452812055510705,-0.09291508092107792,0.13896897704993658,-0.05827855303117672,0.02925460346749702,-0.06409871987083382,0.06453696228808672,-0.23513627801483875,0.4088494214431246,0.37451274362818593,-0.051874062968515745,0.23920347518548418,0.2547111059854688,-0.4170222581017184,-0.26700495905893207,-0.22581786030061893,-0.2520893399454119,-0.002967746895782878,0.18756006612078577,-0.14030676969207703,0.32463768115942027,-0.07537000730404028,0.2291930957598124,-0.0871410448621843,-0.193595509937339,0.19753969169261523,0.1824703033098835,-0.2923768884788375,-0.03569753584746088,-0.4358974358974359,-0.25476492522969285,-0.07969092376888479,-0.17514319763195327,-0.026971129819705533,-0.20050743858839812,-0.12867412447622342,-0.3152885095913582,-0.10338676815438434,-0.08857109906585169,-0.31523469034713414,-0.17867220236035827
#201,-0.1603659708607235,0.006950370968361973,0.6457540460538961,0.24724560796524814,0.01290893015030946,0.28657209856610155,0.0933994541190943,0.13856917694998655,0.10231807173336409,0.2900011532695191,0.10811517318263945,0.02004382424172529,0.27809172336908466,-0.04539268827124899,0.12972744397032254,-0.07932187752277707,1.0,0.37609656710106487,-0.09476800061507708,-0.40128397339791644,-0.07505478030215662,-0.3825779417983316,0.08488832506823511,0.00781916733940722,0.1981317033790797,-0.2992196209587514,0.43714296697804944,0.005635643716603237,0.21722984661515396,-0.0033367931418905932,0.3193403298350825,-0.12433014262099719,0.2969053934571176,0.0961211701841387,-0.011494252873563218,-0.0562103563602814,-0.06626686656671664,-0.29283050782301157,0.33081151731826397,0.17047630031138278,0.14595010187214086,0.09526006227655404,-0.3336946911159805,-0.40434398185522624,-0.05398839042017453,-0.24805289662860877,0.2608080575097067,0.032791296659362625,0.07504709183869604,-0.10633913812324607,0.1966632068581094,-0.02653288740245262,0.44949832775919735,0.13995310037289047,-0.0017606581324722255,0.04063352938915158,-0.18358513051166725,-0.4585707146426787,-0.02108945527236382,0.06584400107638488,-0.1173182639449506,-0.022873178795217775,-0.28120555107061856,-0.30188751777957173,0.5459731672625225,0.5263368315842079,-0.26299158113251064,-0.10222581017183716,-0.0727482412639834,0.023565140506669743,0.4853342559489486,0.4986122323453658,0.042686349133125745,0.20192211586514436,0.1601891362011302,0.22958520739630184,0.24244031830238727,0.03705070541652251,0.01536923845769423,-0.332902779379541,-0.11836389497558913,-0.31199784723023105,-0.039634029139276515,-0.033775419982316535,-0.13061161726828893,0.1574751085995464,-0.12137777265213547,-0.11076769307653865,-0.03684311690308692,-0.32482220428247416,-0.21648406565947795,-0.36056587091069847,-0.19259600968746396,-0.006312228501134049,-0.043693537846461385,0.6361511551916349,-0.2432783608195902,0.4953061930573175,0.5463345250451698,-0.09226156152692884,0.190266405258909,0.4184369353784646,0.25615653711605735,0.2422327297889517,0.2937761888286626,0.22015915119363394,0.32731326644370123,-0.05283512090108792,-0.19428747164879098,-0.023864990581632262,-0.1218467689232307
