,#10,#11,#12,#13,#17,#18,#26,#49,#50,#51,#52,#53,#54,#58,#101,#102,#201,#202,#301,#302,#401,#402,#501,#502,#601,#602,#701,#702,#801,#802,#901,#902,#1001,#1002,#1101,#1102,#1201,#1202,#1301,#1302,#1401,#1402,#1501,#1502,#1601,#1602,#1701,#1702,#1801,#1802,#1901,#1902,#2001,#2002,#2101,#2102,#2201,#2202,#2301,#2302,#2401,#2402,#2501,#2502,#2601,#2602,#2701,#2702,#2801,#2802,#2901,#2902,#3001,#3002,#3101,#3102,#3201,#3202,#3301,#3302,#3401,#3402,#3455,#3501,#3502,#3601,#3602,#3701,#3702,#3801,#3802,#3901,#3902,#4001,#4002,#4101,#4102,#4201,#4202,#4301,#4302,#4401,#4402,#4501,#4502,#4601,#4602,#4701,#4702,#4801,#4802
#10,1.0,0.15975858224733788,0.17198323914965594,0.3748894783377542,-0.07094914081420828,-0.044101026409871985,0.07338638373121131,0.64926767385538,0.08885557221389305,0.4922000538192442,0.38127090301003347,0.13963018490754622,0.027101833698535346,-0.129973474801061,0.0599853919194249,0.06763541306269942,0.22088186675892824,0.08191288970899166,0.3191558067120286,-0.035843616653211854,0.22079729366086187,0.3002344981355476,-0.0010610079575596816,-0.20126090800753468,0.2139468727174874,0.08787913735439973,0.09025487256371814,-0.04536193441740668,0.13502479529466035,0.17058393879983086,-0.104047976011994,0.1539307269442202,-0.2551954791834852,0.10264867566216891,0.03332948910160304,0.172236958443855,0.15140891092915082,0.26675123976473303,0.16955368469611348,0.08910160304463154,0.03535924345519548,0.16772383039249605,-0.17535847460884943,-0.0012839733979164265,-0.046722792449928885,-0.27154884096413334,-0.2212970437857994,-0.26585168953984545,-0.13267981393918427,-0.32339983854226734,-0.3464267866066966,-0.3551762580248337,-0.18525352708261253,-0.010402491062161227,0.1386460615845923,0.06693576288778688,-0.17193710836889248,-0.05427286356821589,-0.5262215046322992,-0.463475954330527,-0.3466266866566717,-0.17499711682620228,-0.054265175104755314,-0.12028601084073348,0.5057240610463999,0.2074501210932995,-0.06589013185714834,-0.10789989620574328,0.12020143774266713,0.0011917118363894976,0.1717602737092992,-0.003290662361127129,0.34639603275285435,-0.00977203705839388,0.30160304463153037,0.18851343558989736,-0.3322953907661554,-0.0975512243878061,-0.05657171414292854,-0.0351824087956022,0.14792603698150925,-0.12606773536308769,,0.48783300657363626,0.12972744397032254,0.0386883481336255,-0.2056202667896821,-0.21554607311728752,-0.03248375812093953,0.12091646484450083,-0.3018721408526506,-0.29960404413178027,-0.28599546380655827,-0.3512013224157152,-0.3592434551954792,-0.15254680352131628,0.31441202475685237,-0.11458885941644563,-0.19181178641448507,-0.3484488524968285,-0.29183869603659707,-0.09719755506861953,-0.18804443931880213,0.03674316687809941,-0.15594510437089149,-0.24792219274977895,-0.1288202052819744,-0.1247376311844078,-0.10251028331987852,-0.364486987275593,-0.3901972090877638
#11,0.15975858224733788,1.0,0.17101449275362318,0.19227309422211972,0.2061584592319225,0.2619920808826356,0.2819743974166763,0.20784992119324952,0.37079921577672703,0.402583323722754,0.2931303578979741,0.11658785991619575,0.025456502517971782,0.22424172529120057,0.1794564256333372,0.0804367047245608,0.1344635374620382,0.0452542959289586,0.04593088071348941,0.017268288932456848,0.14748779456425634,0.09957329027793796,0.11971706454465075,0.012655210856110407,0.012355360781147887,-0.0644754545804021,-0.019790104947526237,-0.016507131049859687,0.04121785261215546,-0.0531811017568139,0.03482105101295506,0.17793410986814284,-0.25820935686003155,-0.10557029177718832,0.03189174643447507,-0.1053088840195287,-0.36490985276592475,-0.23428285857071465,0.07061084842194287,-0.1258217045323492,0.19728597239841617,-0.04985968554184446,0.12140083804251721,0.09349940414408181,0.056341060239111215,0.1054472763618191,-0.08348902471841002,-0.06394495060162227,0.1233383308345827,0.1307269442201976,-0.1383538999730904,-0.004343981855226233,-0.12376888478837504,0.08870180294468151,0.025717910275631414,-0.10736170376350286,-0.013508630300234498,0.007919117364394726,-0.269280744243263,-0.09388382731711067,-0.41057163725829393,-0.31134432783608196,0.07699227309422212,0.09503709683619728,0.2160919540229885,0.07141044862184293,0.15806712028601083,0.2757851843309115,0.15186253027332489,0.08327374774151386,0.25377311344327835,0.06901933648560335,0.2562411102141237,-0.24771460423634337,0.1141890593164956,0.15279283435205473,-0.3660093030407873,-0.23083842694037596,0.2424326298389267,-0.06462153538615308,0.14759543305270442,-0.196324914465844,,0.15140122246569024,0.0034213662399569444,-0.0850651597278284,-0.2973820781916734,0.10045746357590435,-0.2582170453234921,0.1443355245454196,0.12183139199630953,-0.1151039864683043,0.19956944604620766,-0.22767077999461807,-0.3429746665128974,-0.015061699919271134,-0.07431668780994119,0.1362626379118133,0.10097259062776304,-0.13015799792411487,0.024641525391150578,-0.008226655902817822,0.1490639295736747,-0.09735901280129167,-0.068934763387537,-0.2211970937608119,-0.059716295698304694,-0.3164802214277477,-0.2648906316072733,-0.32648291238995886,-0.30160304463153037
#12,0.17198323914965594,0.17101449275362318,1.0,0.33322569484488523,-0.2837504324760697,0.34605774036058895,-0.3059777803405989,0.1014954061430823,-0.07187944489293814,0.288401952869719,0.24953677007650021,-0.28146695882827816,0.019613270287932957,-0.2857724983662015,-0.2289931957098374,0.1376234959443355,0.6193903048475762,0.6599623265290432,-0.2091185176642448,0.2262945450351747,-0.05688694114481221,0.050344058739860836,0.2714873332564487,0.33365624879867756,0.02519509476031215,0.27152577557375157,0.4716257255987391,0.4749317648867874,-0.12396878483835005,-0.2268788682581786,0.3992465305808634,0.3886979587129512,0.40448237419751665,0.3603044631530389,-0.06868104409333795,-0.12850497828009072,-0.24283242993887671,-0.09220005381924422,-0.17085303502095106,0.398216276477146,-0.15099373390227963,0.03239918502287318,-0.08192057817245224,-0.33713912274631913,0.15189328412716718,0.10875331564986737,0.27505478030215663,0.2042594087571599,0.17871833314112176,0.28351209010879175,0.2574328220505132,0.36837734978664516,0.34036827739976167,0.5416983815784415,-0.26994964056433324,0.043009264598469994,-0.3405143582055126,-0.09263060777303656,-0.1688386575942798,0.05275054780302157,-0.2651597278283935,-0.2826125398839042,-0.4736016607081075,-0.33874601160957984,0.06612847422442625,0.3493484027217161,-0.288055972013993,-0.36174220582016686,-0.19441048706416023,-0.19300349825087457,0.29362241955945106,0.16697804943682004,-0.14922538730634682,0.028947064929073923,-0.2614077576596317,-0.030930688501902896,0.04713796947680006,0.15132433783108445,-0.1318417714219813,0.2336139622496444,-0.00956444854495829,-0.13803098450774612,,-0.20222196594010686,-0.2811209779725522,-0.43584361665321186,-0.37262138161688385,-0.23271441202475684,-0.22859339560988737,-0.2585245838619152,-0.011117518163994925,-0.2223580517433591,0.14741859839311114,-0.31212855110906085,-0.17741898281628415,0.6455387690769999,0.1533848460385192,0.49110829200784223,0.4154153692384577,0.2234113712374582,0.4401722215815169,0.38328528043670473,0.39930034982508744,0.46785069003959556,0.5052319993849229,0.33910736939222696,0.5802483373697767,-0.14966362972359973,-0.19008957059931572,-0.3578134009918118,-0.29685157421289354
#13,0.3748894783377542,0.19227309422211972,0.33322569484488523,1.0,-0.0966286087725368,0.08928612616768539,-0.06490600853419444,0.27707684619228845,0.07908353515549918,0.5990158766770461,0.41925960096874637,-0.011778726021604582,-0.15844385499557914,0.03977242148156691,0.011909429900434398,0.23036174220582017,0.22215815169338407,0.16752393034252105,0.14473532464536962,0.06540575865913197,0.01951332026294545,0.300172990427863,0.2979202706339138,0.2359589436051205,0.1993234152154692,0.3326644370122631,0.10945296582477992,0.11814861799869296,-0.23979548687194865,-0.1344327836081959,-0.20848037519701687,0.2578787529312267,-0.08035982008995503,0.061761426978818285,-0.04700726559797024,0.07681543843462883,-0.17056087340944912,0.09222311920962596,0.18457694229808172,0.023788105947026485,-0.12345365778649137,0.20867258678353132,0.12230807673086534,0.16669357628877868,0.0788375043247607,0.06375273901510783,0.19992311536539423,0.16075039403375235,0.12975819782416484,0.10662361127128743,-0.006512128551109061,-0.025925498789067004,0.16432552954292085,0.17481259370314842,-0.0242263483642794,0.10471687233306423,-0.21994387421673778,0.24353976857724985,-0.4629762042055895,-0.3183100757313651,-0.46319148118248565,-0.41257063775804403,0.182370353284896,-0.044300926459847,0.14042978510744628,0.038788298158613004,0.13660093030407874,-0.1677468957828778,0.1703225310421712,0.16058893630108023,-0.009372236958443855,0.09036251105216622,0.08329681313189559,-0.0399800099950025,0.08002921616115019,0.06363741206319917,-0.11966324530042671,0.13673163418290854,0.09333025794794911,0.35752123938030983,-0.14734171375850535,-0.010479375696767,,0.008711029100834199,0.1311344327836082,-0.2590089570599316,-0.3957482797063007,-0.1494099104294007,-0.026655902817821858,0.003736593241840618,0.03804251720293699,-0.3738669126974974,-0.11444277861069466,-0.4899934648060585,-0.41246299926959595,-0.0713873832314612,0.3220620459001269,0.20240648906316072,0.3133971475800561,-0.07347864529273825,0.03091531157498174,-0.08225118210125706,-0.03202245031330488,-0.17987929112366893,0.11429669780494368,0.10534732633683158,0.09626725098988967,-0.3312882020528197,-0.23846538269326875,-0.43356014300542034,-0.4163456733171876
#17,-0.07094914081420828,0.2061584592319225,-0.2837504324760697,-0.0966286087725368,1.0,0.01077922577172952,0.16170376350286395,-0.04468534963287587,0.2271172106254565,0.19579441048706417,-0.2280705800945681,0.36294929458347747,0.04923692000153769,0.04335524545419598,0.0891092915080921,-0.17187560066120786,0.02680198362357283,-0.33825394994810287,-0.0008841732979664014,-0.407550071118287,-0.19073540153000423,-0.2873947641563833,0.09605966247645407,-0.12995809787413987,0.0390958366970361,-0.16938453849998078,-0.04074116787759966,-0.008849421443124592,0.21815246223042326,0.18719870833813862,-0.10243339868527275,0.03466728174374351,-0.22171222081267059,-0.43821935186253025,0.07518548418098643,-0.06193057317495099,-0.10158766770460924,-0.26797370545496485,0.19157344404720716,-0.2520047668473456,0.36989966555183945,-0.01969784338599931,0.18547649252296927,0.20249875062468767,-0.12325375773651635,0.1845538769077,-0.025033637027640027,-0.10088801752969669,-0.005351170568561873,0.13785414984815283,-0.03493637796486372,-0.058163226079268056,-0.12877407450121092,-0.20877253680851882,-0.12566024679967708,-0.3620189905047476,0.12037058393879983,-0.13404836043516702,0.014915619113520164,0.029623649713604736,-0.10949909660554338,0.07418598393111137,0.24914465844001077,0.15102448775612193,-0.020474378195517624,-0.11600353669319187,0.0287856071964018,0.1633490946834275,-0.02910852266174605,-0.014000691961711453,-0.0939453350247953,-0.06819667089532157,-0.07327105677930265,0.025917810325606427,0.016053511705685617,-0.16491754122938532,-0.2440318302387268,-0.19797793410986814,0.0028677968707953717,-0.4058893630108023,0.14354361280898012,-0.02617152961980548,,0.25795563756583245,0.31852535270826127,0.24472379195017877,-0.0067350939914658054,0.12122400338292393,0.08799446430630839,0.15004036443316804,0.15174720332141622,0.07918348518048668,0.33254142159689387,-0.1436204974435859,-0.020835735978164762,-0.11285126667435513,-0.32805904739937725,-0.1098297005343482,-0.24077192173144196,0.03565140506669742,-0.16613231845615653,-0.08180525122054358,0.1726060046899627,-0.2787759966170761,-0.3659093530157998,-0.24254026832737477,-0.2545496482527967,-0.12714412024756852,-0.16106562103563604,-0.11708761004113329,-0.10600084573098066
#18,-0.044101026409871985,0.2619920808826356,0.34605774036058895,0.08928612616768539,0.01077922577172952,1.0,0.12101641486948833,-0.09007803790412486,-0.06560565870910698,0.029569830469380696,0.1517548917848768,-0.2027217160650444,0.24547726136931533,0.04984430861492331,0.10735401530004228,0.19473340252950447,0.1028562641756045,0.4242955445354246,-0.20157613500941837,-0.012516818513820013,-0.15478414638834428,-0.09491408142082805,0.45418060200668897,0.3529081613039634,0.10344827586206896,0.09399146580555875,-0.03763502863952639,-0.08594164456233422,-0.09486026217660401,-0.06370660823434436,0.145565678699112,0.38823665090531656,0.38484603851920196,0.16826971129819707,0.06925767885288125,-0.06918848268173605,-0.19399531003728904,-0.18010994502748626,-0.0038057894129858148,0.2729481413139584,0.186191519624803,-0.019328797139891593,0.018190904547726136,-0.013108830200284473,-0.14839503325260447,0.15619882366509052,-0.13104217122208126,-0.05116672433014262,-0.009579825471879445,0.06595932802829355,0.2005766347595433,0.2838657594279783,0.37857994079883134,0.29181563064621535,0.11057548149002422,-0.09235382308845577,-0.022242724791450428,0.026878868258178604,-0.13739284204051821,0.05917810325606428,-0.2753853842309614,-0.14997116826202284,0.060531272825125895,0.12845884749932726,-0.20698881328566485,0.1688002152769769,0.27470111098297006,0.06816591704147926,-0.05651020643524392,-0.07385538000230654,0.272609848921693,0.11584207896051973,-0.0684580786529812,-0.0205512628301234,-0.11492715180871103,0.016653211855610656,0.028631837927190252,0.1062622534886403,0.31285126667435514,0.16474070656979203,0.03552838965132818,0.2904547726136932,,-0.1065005958559182,-0.16960750394033752,-0.5903432898935148,-0.39148118248568026,0.042709414523507475,-0.07184869103909583,-0.05693307192557567,0.006865797870295621,-0.34465844001076384,0.029062391880982585,-0.27793795409987315,-0.17612732095490716,0.3236766232268481,0.06115403836543267,0.48514973282589474,0.4468458078652981,0.24543113058855187,0.3907892207742283,0.5098066351439665,0.32685964709952714,0.4211970937608119,0.43660477453580904,0.48430400184523126,0.395779033560143,-0.05428055203167647,-0.12459155037865682,-0.16503286818129398,-0.23276823126898089
#26,0.07338638373121131,0.2819743974166763,-0.3059777803405989,-0.06490600853419444,0.16170376350286395,0.12101641486948833,1.0,0.1629185407296352,0.3602813977626571,0.07738438473071156,0.16870795371544997,0.18909775881290125,0.10257179102756314,0.44064890631607273,0.5848767923730442,0.05826317610425556,-0.18110175681390075,-0.08656441010264099,0.16462537961788337,-0.22764771460423636,0.1028562641756045,-0.09180794218275477,0.1741360089186176,-0.014723407527005728,0.09289201553069619,0.011686464460077654,-0.39414139084304,-0.3921193249529082,0.23143043862684043,0.18845192788221274,-0.28256640910314074,-0.031169030869180794,-0.35962787836850807,-0.15695229308422712,0.16970745396532502,-0.018759850843808865,0.03787337100680429,-0.10958366970360973,0.1892438396186522,-0.2760389036251105,0.4357282897013032,-0.1164033367931419,0.14886402952369968,0.0782608695652174,-0.2937838772921232,-0.0699188867104909,-0.3842694037596586,-0.2984353976857725,-0.2997193710836889,-0.23221466189981932,-0.10946065428824049,-0.1265751739514858,-0.03771960173759274,-0.05472648291238996,0.2326990350978357,-0.20354438165532618,0.0997962557182947,-0.1947564679198862,-0.0598162457232922,-0.23166878099411833,-0.20995656018144773,-0.09116211125206627,0.3093760811901741,0.6122015915119363,0.09661323184561565,-0.2273247991388921,0.34958674508899396,0.6195594510437089,0.12057048398877485,0.10080344443163033,0.24203282973897666,0.04753008111328951,0.20535885903202244,-0.06994964056433321,0.09387613885365009,0.15127051858686041,-0.24101026409871987,-0.1461038711413524,0.3652097028408873,-0.028439626340675817,0.18701418521508476,-0.02706339138123246,,0.18314688809441435,-0.10809979625571829,-0.04714565794026064,-0.07810710029600584,0.29805097451274365,0.09414523507477031,0.10358666820435936,-0.151278207050321,-0.17046092338446162,-0.1584207896051974,0.024326298389266907,-0.046415253911505784,-0.10786914235190097,0.07817629646715105,-0.14611155960481298,-0.14732633683158422,-0.0705339637873371,0.001160957982547188,-0.014585015184715335,-0.1974089878137854,-0.16712413024257103,-0.2703186868104409,-0.16313381770653135,-0.2680505900895706,-0.110106485218929,-0.09228462691731057,0.06544420097643486,0.044154845654096025
#49,0.64926767385538,0.20784992119324952,0.1014954061430823,0.27707684619228845,-0.04468534963287587,-0.09007803790412486,0.1629185407296352,1.0,0.29462960827278667,0.3167031868681044,0.3952639065082843,0.2746857340560489,-0.11125206627455503,-0.028677968707953715,0.17906431399684772,0.01992849728981663,0.07932187752277707,0.12428401184023373,0.2442317302887018,-0.07176411794102948,0.29865067466266865,0.05887825318110176,-0.07474724176373351,-0.35067081843693537,0.14095260062276554,-0.0936377964863722,-0.11120593549379157,-0.17380540498981278,0.26881943643562833,0.24111790258716795,-0.04377042248106716,0.12585245838619152,-0.4016299542536424,-0.08239726290700804,0.2143928035982009,0.3065005958559182,0.06592088571099065,0.1345711759504863,-0.012309230000384423,-0.04714565794026064,0.18406181524622303,0.16095798254718793,0.007050320993349479,-0.07971398915926652,-0.14907930650059587,-0.21511551916349517,-0.2895244685349633,-0.2245723292200054,-0.1660708107484719,-0.35659862376504053,-0.28558797524314766,-0.3162341905970092,-0.1837081459270365,-0.006612078576096567,0.20259870064967517,0.0338907469342252,-0.18969745896282628,-0.22827816860800368,-0.4379195017875678,-0.4786376042747857,-0.4894783377541998,-0.3002652519893899,0.030161842155845154,0.09563679698612232,0.25910890708491907,0.07330949909660554,0.04435474570407104,0.12965055933571676,0.15300042286549034,-0.09602890862261178,0.3087917579671703,-0.0014377426671279745,0.5381001806788913,-0.023972629070080343,0.3427670779994618,0.24139468727174873,-0.5527543920347519,-0.26738938223196096,-0.01344712259254988,-0.057617345173567064,0.4448237419751663,-0.06429861992080883,,0.6277476646292238,0.19936954599623266,0.09303040787298658,-0.26218429246915004,-0.05907815323107677,-0.1210932995040941,0.26452158536116555,-0.24765309652865874,-0.20851881751431978,-0.028416560950294083,-0.29559066620535884,-0.23748894783377542,-0.1408987813785415,0.14229808172836658,-0.002775535309268443,-0.20821896743935725,-0.2988505747126437,-0.2861569215392304,0.06834275170107254,-0.2759081997462807,0.03469803559758582,-0.1124207127205628,-0.25684081036404877,-0.2255180102256564,-0.2604236343366778,-0.19371852535270825,-0.41100987967554686,-0.34475839003575137
#50,0.08885557221389305,0.37079921577672703,-0.07187944489293814,0.07908353515549918,0.2271172106254565,-0.06560565870910698,0.3602813977626571,0.29462960827278667,1.0,0.06419098143236074,-0.028670280244493137,0.2653903817322108,-0.03598969745896283,0.392303848075962,0.3058624533886903,-0.1352170068811748,-0.014385115134740322,-0.19094299004343981,0.0403874985584131,-0.35979702456464074,-0.10254103717372083,-0.10663898819820859,0.06905777880290624,-0.06537500480528967,-0.11086764310152616,-0.12003998000999501,-0.39388767154884097,-0.37392842040518204,0.18910544727636183,0.12341521546918849,-0.1430746165378849,0.014969438357744206,-0.40236804674585785,-0.3442048206665898,0.17818014069888133,-0.01856763925729443,-0.02161227078768308,-0.03840387498558413,0.12818206281474648,-0.09876600161457733,0.3258601468496521,0.014784915234690348,0.05647945258140161,0.05690231807173336,-0.0019605581824472377,-0.043801176334909465,-0.44312459155037864,-0.47414754161380845,-0.36487141044862187,-0.3419905431899435,-0.3284742244262484,-0.28351977857225236,-0.2727251758736017,-0.2482143543612809,-0.0677814938684504,-0.34381270903010036,0.08199746280705801,-0.15000961057932571,0.10397109137738823,-0.14447391688771,-0.13078076346442163,0.21746050051897128,0.28830200284473145,0.29892745934724946,0.12494521969784339,-0.31928651059085844,0.27446276861569213,0.3479337254449698,0.05073617037635029,-0.09680544343213009,0.023057701918271632,-0.33687002652519893,0.05471110598546881,-0.2840195286971899,-0.07504709183869604,-0.1589051628032138,-0.3275516088109791,-0.09424518509975781,0.3704686118479222,0.047207165647945255,0.3265597970245646,0.08442701726060046,,0.3155422288855572,0.18725252758236266,0.24397801099450275,0.13696997655018645,0.3685157421289355,0.00396724714565794,0.2681582285780187,0.043362933917656554,-0.018452312305385767,0.17076846192288472,0.026786606696651675,0.03379079690923769,-0.1928881712989659,0.038165532618306235,-0.2651904816822358,-0.22137392842040518,-0.18325452658286243,-0.09478337754199823,-0.15140122246569024,-0.3407757659631723,-0.0395033252604467,-0.12210048821742975,-0.12823588205897052,-0.18707569292276938,0.009541383154576559,0.17914888709491408,0.13260292930457848,0.1880598162457233
#51,0.4922000538192442,0.402583323722754,0.288401952869719,0.5990158766770461,0.19579441048706417,0.029569830469380696,0.07738438473071156,0.3167031868681044,0.06419098143236074,1.0,0.3774266712797447,0.2002690962211202,0.07082612539883905,-0.05267366316841579,-0.018167839157344403,0.12600622765540306,0.37269057778802905,0.018129396840041518,0.12569868911697998,0.03504401645331181,0.025933187252527582,0.13550916849267675,0.1755353092684427,0.03316034290547034,0.12287702302694807,0.0711797947180256,0.24999807788413486,0.17415138584553877,-0.0038057894129858148,-0.04962134317456656,-0.09002421865990082,0.3449506016222658,-0.10063429823549763,-0.08145158190135701,0.03713527851458886,-0.06840425940875716,-0.13646253796178834,-0.059147349402221966,0.22019759351093685,0.07787644639218852,0.05398839042017453,7.688463460577404e-05,0.15802867796870795,0.16211125206627455,0.03686618229346865,0.09416061200169146,0.17113750816899242,0.06026986506746627,0.19807788413485564,0.10005766347595434,0.07274055280052281,-0.05321185561065621,0.11264367816091954,0.07810710029600584,-0.04094875639103525,0.022404182524122553,-0.15550686195363855,-0.014661899819321108,-0.4562487986775843,-0.211571137508169,-0.48927074924076425,-0.37926421404682276,0.014638834428939377,-0.09716680121477722,0.24854495829008572,0.08809441433129589,0.035466881943643565,-0.21295506093107291,0.12312305385768654,0.020828047514704188,0.1836312612924307,0.15303886518279322,0.0672663668165917,-0.07646945757890286,0.1367470111098297,0.10808441932879714,-0.3036174220582017,-0.07336331834082958,-0.05291200553569369,-0.047214854111405836,-0.05591050628531888,-0.22335755199323415,,0.07633875370007304,0.05659477953331027,-0.11781801406988814,-0.4047976011994003,-0.16397954868719486,-0.10518586860415946,0.03618959750893784,-0.028800984123322954,-0.24975973551685696,-0.039964633068081346,-0.4526736631684158,-0.35210856110406336,0.008211278975896666,0.07529312266943451,0.1191558067120286,0.11348172067812248,-0.02996194210587014,0.030161842155845154,-0.10550878406950372,0.044977511244377814,-0.1538307769192327,-0.008841732979664015,-0.016830046515203936,0.09342251950947603,-0.3294352823588206,-0.3092530657748049,-0.4531887902202745,-0.48258947449352246
#52,0.38127090301003347,0.2931303578979741,0.24953677007650021,0.41925960096874637,-0.2280705800945681,0.1517548917848768,0.16870795371544997,0.3952639065082843,-0.028670280244493137,0.3774266712797447,1.0,0.08478068657978703,-0.11855610656210357,0.1138507669242302,0.22828585707146426,0.4154768769461423,0.1823088455772114,0.32081651481951334,0.36184984430861494,0.3250144158689886,0.3198093261061777,0.5078768308153615,0.15240841117902587,0.05569522930842271,0.058686041594587325,0.35354630377119134,0.1188175143197632,0.18097105293507093,-0.12740552800522814,0.014400492061661477,-0.0712489908891708,0.1540691192865106,-0.14783377541998233,0.18163994925614116,-0.10631607273286434,0.06019298043286049,-0.21972090877638104,0.01734517356706262,-0.1378387729212317,-0.008957059931572675,-0.12339983854226733,0.14388190520124552,0.025010571637258294,0.28754084496213433,-0.08065967016491754,-0.05751739514857956,-0.008503440587398608,0.06502902394956368,0.32450697728059047,0.13110367892976588,0.08162072809748971,0.11402760158382347,0.2398108637988698,0.2466151539614808,0.11919424902933148,0.27419367239457193,-0.34325913966093874,0.09310729250759235,-0.5501095606043133,-0.3892822819359551,-0.6291930957598124,-0.5485334255948948,0.14019913120362895,0.08401952869718987,0.27908353515549916,0.4147695383077692,0.14983277591973243,0.11544227886056972,0.32360742705570295,0.21077922577172953,0.37282897013031946,0.3837004574635759,0.2798370045746358,0.1399454119094299,0.039641717602737096,0.145765578749087,-0.4305539537923346,-0.24180986429861992,0.13999154269019337,0.3800561257832622,0.030569330719255758,0.034836427939876215,,0.05420366739707069,-0.1996232652904317,-0.3275977395917426,-0.5240226040825741,-0.21446968823280668,-0.13146503671241302,-0.021819859301118672,-0.13108830200284474,-0.33903817322108176,-0.32685964709952714,-0.490039595586822,-0.5257909506785069,0.03428285857071464,0.371890977588129,0.09188482681736056,0.2727713066543651,-0.011255910506285318,-0.0015069388382731711,0.09441433129589051,0.12199284972898167,0.02176604005689463,-0.04121016414869488,-0.03466728174374351,-0.12436858493830008,-0.5051781801406989,-0.34943297581978244,-0.5437358243954946,-0.556844654595779
#53,0.13963018490754622,0.11658785991619575,-0.28146695882827816,-0.011778726021604582,0.36294929458347747,-0.2027217160650444,0.18909775881290125,0.2746857340560489,0.2653903817322108,0.2002690962211202,0.08478068657978703,1.0,0.41336254949448353,0.21341636873870756,0.09978087879137354,-0.1914273632414562,-0.14918694498904395,-0.3226617460500519,0.21473878445392688,-0.1875139353400223,-0.04640756544804521,0.08319686310690809,-0.10121093299504094,-0.3776342597931803,-0.09328412716718563,-0.07205627955253142,-0.08614923307576981,-0.013869988082881635,0.6270633913812325,0.6828508822511821,-0.06033906123861146,0.059362626379118134,-0.37199092761311653,-0.44589243839618653,0.49613654711105987,0.25467266366816593,0.3640333679314189,0.2376657824933687,0.09177718832891246,-0.2058893630108023,0.5306808134394341,0.284872948141314,0.07133356398723716,0.4028216660900319,-0.044816053511705686,-0.09846615153961481,-0.20605082074347442,-0.15274670357129128,0.045138968977049936,-0.2719563295275439,-0.30976819282666357,-0.4835659093530158,-0.5008341982854726,-0.4073271056779303,-0.2275323876523277,-0.23635874370507054,-0.06718948218198594,-0.3583515934340522,0.0055280052281551535,-0.1849306116172683,-0.023734286702802445,0.09934263637412064,0.2543036174220582,0.15866682043593588,0.42481836005074386,0.05749432975819782,-0.01178641448506516,0.170053434821051,0.11813324107177181,0.07743820397493562,0.011471187483181487,0.0781532310767693,0.1415830546265329,0.3555376158074809,0.12856648598777534,-0.11570368661822934,-0.3523238380809595,-0.25541844462384194,-0.15956637066082344,-0.13023488255872065,0.35836697036097337,0.20791911736439472,,0.4189136201130204,0.30774612693653175,0.4659977703455964,0.0783608195902049,0.2255180102256564,0.26470610848421944,0.09905047476261869,-0.07762272709798947,0.18719870833813862,-0.04204051820243724,-0.07677699611732595,0.013331795640641218,-0.23343712759005114,-0.032529888901703,-0.37810325606427553,-0.519640179910045,-0.08765617191404299,-0.35752892784377044,-0.010010379425671779,-0.11478875946642064,-0.13812324606927306,-0.43659708607234843,-0.37798024064890634,-0.4658670664667666,-0.03332180063814247,-0.03461346249951947,-0.11562680198362357,-0.06379118133241071
#54,0.027101833698535346,0.025456502517971782,0.019613270287932957,-0.15844385499557914,0.04923692000153769,0.24547726136931533,0.10257179102756314,-0.11125206627455503,-0.03598969745896283,0.07082612539883905,-0.11855610656210357,0.41336254949448353,1.0,0.2356975358474609,-0.025010571637258294,-0.31273593972244645,-0.04424710721562296,-0.010387114135240072,-0.17369007803790412,-0.1453273363318341,-0.11205935493791566,-0.13578595317725753,0.030046515203936492,-0.03942644062584093,-0.1200092261561527,-0.14686502902394957,0.16258024833736978,0.0932995040941068,0.4780994118325453,0.4239034328989352,0.2534194441240918,0.20907238688348134,0.2651597278283935,-0.14673432514511975,0.4328604928305078,-0.001922115865144351,0.38823665090531656,0.17207550071118288,-0.019790104947526237,0.16629377618882865,0.4026909622112021,-0.05070541652250798,-0.023549763579748587,0.01063314496597855,-0.09376081190174143,-0.07677699611732595,-0.07534694191365855,-0.006112328451159036,0.06299158113251067,-0.1634259793180333,0.0020835735978164765,-0.12399185022873178,-0.08447314804136394,-0.15230846115403837,-0.14802598700649675,-0.28810210279475645,0.06253796178833661,-0.3278437704224811,0.0892476838503825,0.04195594510437089,0.13520162995425364,0.18140160688886325,0.09512935839772421,0.19742436474070657,0.14012224656902317,-0.070772306154615,0.09358397724214816,0.1430131088302003,-0.1673394072194672,-0.1333410217967939,-0.04354745704071041,-0.10036520201437743,-0.24447776111944028,0.07028024449313805,-0.12723638180909544,-0.11199784723023104,0.16690885326567487,-0.05481105601045631,-0.03353707761503864,-0.18044823741975166,0.2042824741475416,0.20086110790758466,,0.08381962864721486,-0.06645907815323107,0.03878060969515242,0.046499827009572135,0.19420289855072465,0.28936301080229115,0.052220043824241724,-0.1275669857379003,0.12635989697458963,-0.06755083996463307,0.023964940606619765,0.09096221120209126,0.23492868950140314,-0.18943605120516666,-0.00577403605889363,-0.1940106869642102,0.10384807596201899,0.1014262099719371,0.3120824203282974,0.0844500826509822,0.36334140621996697,0.15169338407719218,0.18410025756352594,0.18393879983085382,0.19958482297312882,-0.005827855303117672,0.014515819013570137,0.012901241686848884
#58,-0.129973474801061,0.22424172529120057,-0.2857724983662015,0.03977242148156691,0.04335524545419598,0.04984430861492331,0.44064890631607273,-0.028677968707953715,0.392303848075962,-0.05267366316841579,0.1138507669242302,0.21341636873870756,0.2356975358474609,1.0,0.4335755199323415,-0.07044170222581017,-0.2982354976357975,-0.20977203705839387,0.07393226463691231,-0.14498904393956868,0.12399953869219237,0.07257140660439011,0.14348979356475608,-0.02981586130011917,-0.0031445815553761583,-0.13819244224041824,-0.294460462076654,-0.19624802983123824,0.10409410679275746,0.09014723407527006,-0.21655326183062315,-0.0779840848806366,-0.2553953792334602,-0.11184407796101949,0.18982047437819552,-0.09103909583669703,0.02332679813939184,-0.1397378233959943,0.17181409295352323,-0.13678545342713258,0.30716180371352786,-0.07759197324414716,-0.015315419213470188,0.17881059470264868,-0.1820013070387883,-0.07886056971514242,-0.19048937069926575,-0.04504670741552301,0.026924999038942066,-0.061192480682735556,-0.15295429208472686,-0.12607542382654827,-0.1704993657017645,-0.3470187982931611,0.058270864567716144,-0.2783915734440472,0.12203129204628455,-0.00932610617768039,0.010502441087148734,-0.1626725098988967,-0.09375312343828086,0.06592857417445123,0.5065851689539845,0.4371275900511283,-0.018313919963095376,-0.24170222581017184,0.5001191711836389,0.6061507707684619,0.34922538730634684,0.3339560988736401,-0.03927267135662938,-0.07983700457463576,-0.02960827278668358,-0.13807711528850958,0.1171798716026602,0.03512858955137816,-0.18066351439664782,-0.1776803905739438,0.46462922384961364,0.12847422442624842,0.10063429823549763,0.33926113866143853,,0.0999346480605851,0.22726329143120746,0.0200745780955676,0.01812170837658094,0.45738669126974973,0.18412332295390765,0.2926382962364971,0.0982662514896398,0.03689693614731096,-0.06088494214431246,-0.04574635759043555,-0.09359935416906931,-0.15245454195978933,-0.11209010879175797,-0.3313343328335832,-0.07237919501787568,-0.17289816630146465,-0.0025448814054511207,-0.011517318263944951,-0.13749279206550571,-0.12902779379541,-0.12438396186522123,-0.07736131934032983,-0.21859070464767616,-0.005858609156959981,0.06412947372467612,0.014177526621304733,0.0899934648060585
#101,0.0599853919194249,0.1794564256333372,-0.2289931957098374,0.011909429900434398,0.0891092915080921,0.10735401530004228,0.5848767923730442,0.17906431399684772,0.3058624533886903,-0.018167839157344403,0.22828585707146426,0.09978087879137354,-0.025010571637258294,0.4335755199323415,1.0,0.08961673009649021,-0.0664206358359282,-0.18388498058662975,0.2946219198093261,-0.27596201899050476,0.31934801829854303,-0.11782570253334872,0.3075462268865567,-0.0357590435551455,0.37343635874370507,0.09143889593664706,-0.28022911621112523,-0.3977242148156691,0.2495752123938031,0.10362511052166225,-0.27513935340022294,-0.184007996001999,-0.24264021835236227,0.04774535809018567,0.33211086764310155,0.0031984007996002,-0.0818975127820705,-0.12379963864221735,0.16887709991158267,-0.3375389228462692,0.3821012570637758,0.03177641948256641,0.03556683196863107,-0.17704224810671587,-0.3148887094914081,-0.301664552339215,-0.38187060315995847,-0.326244570022681,-0.13312574481989775,-0.23830392496059663,-0.17156806212278475,-0.17765732518356206,0.08877868757928728,-0.08226655902817821,0.3271441202475685,-0.30882251182101256,0.1795794410487064,-0.22652519893899203,-0.04011840233729289,-0.463422135086303,-0.1647868373505555,0.007450121093299504,0.4465767116441779,0.6813208780225272,0.11847153346403722,-0.17342098181678392,0.32802060508207437,0.6167224080267558,0.29609041633029637,0.32198516126552107,0.320931841771422,-0.024679967708453467,0.2650905316572483,-0.045054395878983584,0.07128743320647368,-0.046176911544227886,-0.3001037942567178,-0.11770268711797947,0.5507861453888441,-0.01181716833890747,-0.06082343443662784,0.042055895129358395,,0.09059316495598355,-0.1516164994425864,-0.07052627532387652,-0.05922423403682774,0.19199630953753893,-0.12386883481336255,0.015922807826855803,-0.24219428747164878,-0.19125052858186292,-0.09447583900357513,-0.11799484872948142,-0.032760542805520314,0.041317802637142964,0.07435513012724407,-0.13656248798677584,-0.17051474262868566,-0.05997770345596432,-0.0169453734671126,-0.009641333179564063,-0.16680890324068734,-0.26485987775343095,-0.30252566024679967,-0.10831507323261447,-0.3079537154499673,-0.012916618613770038,0.030907623111521162,0.0317456656287241,0.047184100257563526
#102,0.06763541306269942,0.0804367047245608,0.1376234959443355,0.23036174220582017,-0.17187560066120786,0.19473340252950447,0.05826317610425556,0.01992849728981663,-0.1352170068811748,0.12600622765540306,0.4154768769461423,-0.1914273632414562,-0.31273593972244645,-0.07044170222581017,0.08961673009649021,1.0,0.07503940337523546,0.2653288740245262,0.40904163302963903,0.5931803329104678,0.07756890785376543,0.4748856341060239,0.17658094029908122,0.11199015876677046,-0.029339176565563372,0.28884788375043247,-0.09488332756698574,-0.038565332718256254,-0.42314996347979855,-0.2574328220505132,-0.213954561180948,0.22834736477914888,0.03023103832699035,0.4469150040364433,-0.12582939299580978,0.03452888940145312,-0.18110175681390075,-0.1214700342136624,0.014231345865528775,0.20218352362280398,-0.2631453504017222,0.17867220236035827,-0.04512359205012878,0.3183023872679045,-0.11927113366393727,0.1794871794871795,0.010310229500634299,0.011632645215853612,0.12924307077230615,0.17245992388421175,0.040564333218006385,0.22447237919501786,0.11873294122169685,0.5593280282935456,0.11686464460077653,0.5112674432014762,-0.46114634990197206,0.29653634721100985,-0.22115096298004844,-0.16436397186022372,-0.4665359627878369,-0.5473186483681236,-0.09204628455003268,-0.061169415292353826,-0.019497943336024295,0.15400761157882598,0.13533233383308346,-0.07702302694806443,0.35869757428977816,0.3462038211663399,0.326298389266905,0.44047976011994006,0.08750240264483143,0.0065890131857148345,-0.02275016337984854,0.10583938799830854,-0.13734671125975473,-0.07957559681697612,-0.0417483565909353,0.3452812055510706,-0.2454618844423942,0.028808672586783532,,-0.2927459347249452,-0.25843232230038826,-0.549040864183293,-0.5331872525275824,-0.281797562757083,-0.023857302118171685,-0.04999807788413486,0.02772459923884212,-0.48198208588013686,-0.16304155614500443,-0.2670664667666167,-0.3172951985545689,-0.00914927151808711,0.33930726944220196,0.3083612040133779,0.45567985238150155,-0.13237996386422174,0.15995848229731288,0.0050590089570599316,0.1237842617152962,0.03264521585361166,0.09990389420674278,-0.01116364894475839,0.1355629877369008,-0.4881636105024411,-0.27134125245069773,-0.24119478722177373,-0.33561680698112484
#201,0.22088186675892824,0.1344635374620382,0.6193903048475762,0.22215815169338407,0.02680198362357283,0.1028562641756045,-0.18110175681390075,0.07932187752277707,-0.014385115134740322,0.37269057778802905,0.1823088455772114,-0.14918694498904395,-0.04424710721562296,-0.2982354976357975,-0.0664206358359282,0.07503940337523546,1.0,0.3580594318225503,0.018275477645792487,0.03139199630953754,0.02703263752739015,-0.040641217852612155,0.2703648175912044,0.2435474570407104,0.019851612655210855,0.26992657517395147,0.37433590896859265,0.3720985661015646,-0.03739668627224849,-0.1805020566639757,0.33111136739322644,0.4362818590704648,0.375566063122285,0.22503363702764004,-0.14491984776842348,-0.4111328950909161,-0.32369968861722986,-0.2177603505939338,-0.14779533310267942,0.2742782454926383,-0.15772882789374543,-0.14971744896782377,-0.06939607119517165,-0.2697881828316611,0.11872525275823627,0.10103409833544766,0.14259024333986853,0.04687656171914043,0.26079268058278554,0.3169799715526852,0.26245338869027024,0.29253834621150965,0.3137354399723215,0.35230846115403835,-0.30805366547495483,-0.10345596432552955,-0.20645062084342444,-0.23519778572252337,-0.09971937108368892,-0.008457309806635144,-0.15466881943643562,-0.1398147080306001,-0.4340060738861339,-0.18273171106754316,0.1708069042401876,0.25844001076384887,-0.401837542767078,-0.22893168800215277,-0.20724253257986391,-0.25125898589166956,0.2260023834236728,0.10148002921616114,0.03727367085687925,0.047753046553646254,-0.2520970284088725,-0.12702110483219928,-0.12043209164648445,0.07159497174489678,-0.09832775919732442,0.17857994079883135,-0.08815592203898051,-0.2200745780955676,,-0.0013839234229039326,-0.2595394610387114,-0.2245723292200054,-0.2885864759927728,-0.2339906969592127,-0.2010225656402568,-0.20304463153038865,-0.03629723599738592,-0.12196978433859994,0.2468458078652981,-0.2926844270172606,-0.1870372506054665,0.6321685311190559,0.13962249644408564,0.28794833352554494,0.21224003382923923,0.3543689693614731,0.37397455118594547,0.2967670011148272,0.4029139276515588,0.1336178064813747,0.15310037289047784,0.2361357782647138,0.38571483489024716,-0.14372813593203398,-0.13404836043516702,-0.34589628262791683,-0.311598047130281
