,#10,#11,#12,#13,#17,#18,#26,#49,#50,#51,#52,#53,#54,#58,#101,#102,#201,#202,#301,#302,#401,#402,#501,#502,#601,#602,#701,#702,#801,#802,#901,#902,#1001,#1002,#1101,#1102,#1201,#1202,#1301,#1302,#1401,#1402,#1501,#1502,#1601,#1602,#1701,#1702,#1801,#1802,#1901,#1902,#2001,#2002,#2101,#2102,#2201,#2202,#2301,#2302,#2401,#2402,#2501,#2502,#2601,#2602,#2701,#2702,#2801,#2802,#2901,#2902,#3001,#3002,#3101,#3102,#3201,#3202,#3301,#3302,#3401,#3402,#3455,#3501,#3502,#3601,#3602,#3701,#3702,#3801,#3802,#3901,#3902,#4001,#4002,#4101,#4102,#4201,#4202,#4301,#4302,#4401,#4402,#4501,#4502,#4601,#4602,#4701,#4702,#4801,#4802
#10,1.0,0.11159035866682043,0.2164071810248722,0.182170453234921,0.13076538653750047,0.06336831584207896,0.03701226309921962,0.23856533271825625,-0.09192326913466344,0.1523622803982624,0.23711221312420713,-0.019774728020605082,-0.04305539537923346,-0.24117941029485257,-0.2205205089762811,0.08451159035866682,0.22637911813324108,-0.1608734094491216,-0.03626648214354361,0.15602198900549724,-0.2419866989582132,0.02178910544727636,-0.09110060354438165,0.027816860800369048,0.027309422211970937,-0.0004536193441740668,0.0038903625110521664,0.06806596701649176,0.1834698035597586,0.5033944566178449,-0.07374774151385846,0.17592742090493216,-0.07726905777880291,0.28756391035251605,-0.03852689040095337,0.07682312689808941,0.11741052550647753,0.07745358090185676,0.17782647137969476,0.14721100987967556,-0.02957751893284127,0.10955291584976742,-0.13959174259024335,-0.11756429477568908,-0.310160304463153,-0.2633221850613155,-0.06956521739130435,-0.14012993503248375,-0.11796409487563911,-0.21444662284242494,-0.20987967554684198,-0.09422980817283666,-0.16584784530811517,-0.17551224387806097,-0.030638526890400954,0.19828547264829124,-0.20444393188021373,-0.0582170453234921,-0.11565755583746588,-0.08537269826625149,0.2702956214200592,-0.06918848268173605,0.021819859301118672,-0.0910852266174605,0.2449775112443778,-0.09053165724829892,-0.2046284550032676,-0.04074885634106024,0.14853342559489485,0.35415369238457695,-0.06742013608580326,0.0808749471418137,-0.0855034021450813,0.07271748741014109,-0.17743435974320532,-0.11798716026602084,-0.015238534578864414,0.07565448045208165,-0.3173874601160958,-0.04387806096951524,0.020351362780148388,0.3732825894744935,0.002022065890131857,-0.04335524545419598,-0.06652827432437627,0.024395494560412102,0.18401568446545957,0.11851766424480067,0.07200246030830738,-0.03275285434205974,0.05346557490485526,0.1590973743897282,0.2057894129858148,0.07743820397493562,-0.016545573367162572,0.05724829892745935,0.06762003613577826,0.03632798985122823,0.11726444470072656,0.05515703686618229,-0.005374235958943605,-0.24422404182524124,0.10441702225810172,0.05237381309345327,-0.006227655403067697,-0.030307922961596127,0.05306577480490524,0.10620843424441626,-0.0003382923922654058,-0.01403913427901434,0.025279667858378502
#11,0.11159035866682043,1.0,0.36896167300964905,0.231784107946027,0.04395494560412102,0.008095952023988006,0.229400684273248,0.057724983662015145,0.005712528351209011,0.34918694498904396,0.20634298235497636,0.08205897051474263,-0.15300042286549034,-0.2511513474032215,0.051351247453196476,0.3361934417406681,0.275193172644447,-0.05351170568561873,0.12754392034751855,0.3883596663206858,0.030423249913504785,0.23304501595356167,0.17062238111713374,0.1946949602122016,0.145219697843386,0.05589512935839772,0.16483296813131895,0.1320878022527198,0.016530196440241417,0.12998116326452158,-0.028708722561796025,0.022112020912620614,-0.1146657440510514,-0.011471187483181487,0.1860146849652097,0.2609003190712336,-0.12566793526313766,0.1997616576327221,-0.08656441010264099,0.02803982624072579,-0.06331449659785492,0.13213393303348325,-0.1421904432399185,0.04664590781532311,-0.3579671702610233,0.0004305539537923346,0.058078652981201705,0.024080267558528427,-0.21746050051897128,-0.4078652981201707,-0.2625840925691001,-0.22008226655902818,-0.2501134048360435,-0.05386537500480529,-0.04412409180025372,0.07014954061430823,-0.2325913966093876,0.022611771037558143,-0.12423788105947027,-0.23250682351132126,0.05723292200053819,0.035628339676315686,0.19046630530888403,0.004628455003267597,0.0011917118363894976,-0.24192519125052858,-0.14495829008572636,-0.05796332602929304,0.26574405105139737,0.1920347518548418,0.12643678160919541,0.11389689770499366,-0.028001383923422905,-0.19235766732018605,-0.254780302156614,-0.07257140660439011,-0.16258793680083036,0.21837542767078,0.08241263983392919,0.19201937492792065,-0.3067466266866567,0.2786991119824703,-0.2875946642063584,-0.17738054049898128,0.013808480375197017,-0.30837658094029907,0.0205512628301234,0.07162572559873909,0.29150809210779227,-0.16088109791258218,-0.03701226309921962,0.2384115634490447,-0.17385922423403682,-0.12676738553800024,-0.18514588859416445,-0.27818398493061164,0.1033713912274632,0.051566524430092645,-0.022258101718371583,-0.059008957059931574,-0.15992772844347058,0.07503940337523546,-0.1503940337523546,-0.21351631876369506,-0.1480721177872602,-0.1359627878368508,-0.14938684503901895,0.2721639180409795,0.16691654172913542,-0.11259754738015608,-0.02448775612193903
#12,0.2164071810248722,0.36896167300964905,1.0,0.6054434321300888,0.11598047130281014,0.2617076077345942,0.2912851266674355,-0.08446545957790336,-0.28561872909699,0.3251758736016607,0.048737169876600164,0.1269134663437512,-0.042063583592818976,-0.2579018183216084,-0.28045977011494255,-0.020512820512820513,0.27274055280052284,0.36211125206627454,-0.17338253949948104,-0.12985814784915234,-0.31817937185253525,-0.08290470149540614,0.04919078922077423,0.09654403567447045,0.06361434667281744,-0.19790873793872293,0.006888863260677353,0.14914850267174104,0.014461999769346097,0.15832852804367048,0.038842117402837044,-0.038919002037442814,0.2055433821550763,0.31030638526890403,-0.1251835620651213,0.004866797370545496,-0.06777380540498981,-0.2735324645369623,0.25524160996424866,0.1974858724483912,-0.24278629915811326,-0.06471379694768001,-0.03376004305539538,-0.21957482797063008,-0.4651827932187752,-0.18566870410948372,0.34022988505747126,0.142836274170607,-0.05976242647906816,-0.053288740245261985,-0.24419328797139891,0.01821396993810787,0.07504709183869604,0.20186829662092032,-0.02434167531618806,0.054234421250913004,-0.1860838811363549,-0.30390189520624306,0.32141621496943834,0.01868296620920309,0.09017798792911237,0.1352170068811748,-0.1177257525083612,-0.10723868834813363,0.16038134778764465,0.05319647868373505,-0.25853996078883634,-0.17338253949948104,-0.1920424403183024,-0.0623688155922039,-0.03937262138161688,0.10169530619305732,-0.2506823511321262,0.06229193095759812,-0.36585553377157576,0.096697804943682,-0.213954561180948,0.13144197132203128,-0.22828585707146426,0.12775150886095413,-0.2865182793218775,0.2646215353861531,-0.1977549686695114,-0.304739937723446,-0.10154153692384577,0.026924999038942066,0.11917887210241034,-0.13543228385807096,0.11405066697420521,-0.03730442471072156,-0.08032137777265214,0.006273786183831161,0.010733094990966056,0.08025218160150693,-0.2177911044477761,-0.12276169607503941,0.15446891938646062,0.40219121208626457,0.3751355091684927,0.08992426863491332,0.25262753238765234,0.5311421212470687,0.19542536424095644,0.2664898320070734,0.35562218890554725,0.24491600353669318,0.21846000076884634,0.12077807250221044,0.16802368046745858,-0.04350132625994695,-0.07909891208242033
#13,0.182170453234921,0.231784107946027,0.6054434321300888,1.0,0.008564948295083228,0.2783608195902049,0.20529735132433782,-0.1386460615845923,-0.5228462691731057,0.3035712912774382,-0.00938761388536501,0.15541460039211163,0.34663437512013223,-0.24193287971398916,-0.21549994233652406,-0.11475031714911775,0.13353323338330836,0.299680928766386,-0.0680813439434129,-0.16027370929919654,-0.23736593241840617,-0.21760658132472224,0.08341982854726483,-0.054980202206589016,0.020036135778264713,-0.20607388613385616,0.121131741821397,0.1073155729827394,-0.033421750663129975,0.13169569061623035,0.05932418406181525,-0.06079268058278553,0.2903010033444816,0.2817053011955561,-0.14288240495137047,0.11917118363894975,-0.08906316072732864,-0.34533502479529465,0.09170799215776727,0.06878099411832546,-0.1728520355207012,-0.2873716987660016,0.10207204090262562,-0.2516895398454619,-0.4203821166339907,-0.32123938030984506,0.21341636873870756,0.20117633490946835,0.04036443316803137,0.12413024257102218,-0.14689578287779187,0.21437742667127974,0.11095221619959252,0.0803982624072579,0.034459693230307925,-0.05694076038903625,0.03161496174989428,-0.20713489409141583,0.1438588398108638,-0.04199438742167378,0.11409679775496867,0.08419636335678314,0.005258909007034944,-0.11425056702418021,0.13165724829892747,0.16786991119824704,-0.006635143966478299,-0.022219659401068695,-0.18847499327259448,-0.028685657171414292,0.14762618690654672,0.13795409987314036,-0.08361972859723985,0.21981317033790798,-0.07294814131395841,0.21995156268019836,-0.07353246453696229,-0.10608541882904701,-0.014231345865528775,0.08568023680467458,-0.019590204897551224,0.28418867489332256,-0.13766193826163842,-0.1506938838273171,0.07838388498058663,-0.047507015722907775,-0.10827663091531158,-0.055987390919924655,-0.05975473801560758,-0.026932687502402644,-0.162303463652789,-0.1266366816591704,-0.07610809979625571,-0.04633068081343943,-0.4121554607311729,-0.11965555683696613,-0.06243032329988852,0.39583285280436703,0.322969284588475,-0.0476684734555799,0.23529773574751087,0.31981701456963824,0.2918079421827548,0.14708030600084573,0.5277515088609541,0.3860608157459732,0.2547956790835352,0.16486372198516128,-0.010402491062161227,-0.1804328604928305,-0.06887325567985238
#17,0.13076538653750047,0.04395494560412102,0.11598047130281014,0.008564948295083228,1.0,0.15133971475800562,0.06974205205089763,0.19227309422211972,0.1862607157959482,0.24459308807134894,0.11021412370737708,0.1234459693230308,-0.13900741936723945,-0.07098758313151117,-0.34605005189712834,-0.05499557913351017,0.14068350440164534,0.0205512628301234,0.1574751085995464,0.014592703648175913,-0.32619075077845694,-0.2819359550993734,-0.287709991158267,-0.12539883904201746,-0.2854342059739361,-0.34996347979856224,-0.04388574943297582,0.049306116172682886,-0.3073155729827394,-0.0021989005497251375,0.03189943489793565,0.07014185215084766,0.16770076500211434,0.20369815092453772,0.06941913658555338,-0.1612424556952293,-0.12156998423864991,-0.13484796063506707,0.022865490331757197,-0.037781109445277364,-0.04362434167531619,0.061953638565332717,0.06745857840310614,0.04487756121939031,-0.09667473955330028,-0.20725790950678508,0.09025487256371814,0.006558259331872525,-0.03964940606619767,-0.09219236535578365,-0.16871564217891055,-0.09759735516856956,-0.10820743474416637,-0.20176065813247224,-0.2699111982470303,-0.20613539384154078,-0.36234959443355247,-0.28725637181409297,0.1806712028601084,0.331065236612463,0.19079690923768886,0.235459193480183,0.040725790950678506,-0.06040825740975666,0.3737977165263522,0.09961173259524084,-0.200199900049975,-0.18602237342867028,-0.16875408449621343,0.1457578902856264,0.16705493407142583,-0.31757967170261026,-0.005835543766578249,0.022988505747126436,-0.23472110098796756,-0.06132318456156537,0.0800984123322954,0.14752623688155922,-0.21179410294852574,-0.02226579018183216,0.004090262561027179,0.011017568139007419,-0.13859993080382885,0.13602429554453543,0.04883711990158767,0.17874139853150348,0.3136508668742552,-0.07795333102679429,0.32539883904201744,-0.09326875024026449,-0.09703609733594741,0.2247722292699804,0.23402913927651559,-0.04000307538538423,-0.06880405950870719,-0.17495098604543882,-0.11437358243954945,0.21883673547841465,0.08459616345673317,-0.2710875331564987,0.06610540883404452,0.15094760312151617,-0.05457271364317841,0.215246223042325,0.11315880521277823,0.11333563987237151,0.22448775612193902,0.15272363818090953,0.026456002767846844,0.12742859339560988,-0.048952446853496326
#18,0.06336831584207896,0.008095952023988006,0.2617076077345942,0.2783608195902049,0.15133971475800562,1.0,0.14791834851804866,0.03196863106908084,-0.05796332602929304,-0.031169030869180794,-0.015953561680698114,0.3363318340829585,0.5944258639910813,-0.1363395225464191,-0.30168761772959674,-0.36430246415253914,-0.014162149694383577,0.0618229346865029,-0.2096259562526429,-0.2571329719755507,-0.1475646791988621,-0.2616153461730673,-0.07087225617960251,-0.1282051282051282,0.04454695729058548,-0.33374851036020453,0.10772306154615,0.1060546649752047,0.15860531272825126,0.2607696151924038,0.026440625840925693,0.09023949563679699,0.10434782608695652,0.07233306423711221,0.11535001729904279,-0.13479414139084303,0.1360704263252989,-0.2562103563602814,0.2399108138238573,0.13433283358320838,-0.11454272863568216,-0.07032637527390151,-0.1125898589166955,0.02395725214315919,-0.04506977280590474,-0.07507015722907777,0.24792988121323953,0.22387267904509284,0.09749740514358206,0.032145465728674126,-0.11458117095298505,0.007857609656710106,-0.04624610771537308,-0.0006304540037673471,-0.038842117402837044,-0.025002883173797716,-0.07707684619228847,-0.16771614192903547,0.11276669357628878,-0.03708145927036482,0.08365817091454272,0.05095913581670703,-0.06617460500518971,-0.05839387998308538,0.13041171721831393,0.37854918694498907,-0.16064275554530427,-0.0748241263983393,-0.30763848844808367,0.0427017260600469,-0.11203628954753393,0.14317456656287242,0.015007880675047092,0.26398339291892514,-0.12579863914196748,-0.06889632107023412,-0.1861838311613424,0.15047091838696036,-0.0795832852804367,0.11614961749894284,0.2595394610387114,0.3035712912774382,0.10640833429439127,0.1919424902933149,0.21372390727713067,0.21288586475992774,0.0006996501749125438,-0.05922423403682774,0.17149886595163957,0.25595663706608235,0.022650213354861032,0.059331872525275824,-0.2670587783031561,0.22942374966362972,0.01930573174950986,-0.17181409295352323,-0.11346634375120132,0.07470879944643063,0.11168262022834737,-0.025602583323722755,0.18170145696382578,0.15789797408987813,0.12975819782416484,-0.08378118632991197,0.18382347287894515,0.09623649713604736,0.045684849882750934,0.09803559758582248,0.11611117518163995,0.07018798293161112,0.191358167070311
#26,0.03701226309921962,0.229400684273248,0.2912851266674355,0.20529735132433782,0.06974205205089763,0.14791834851804866,1.0,-0.1663168415792104,-0.10541652250797678,0.3627570829969631,0.3016568638757544,-0.13744666128474226,-0.016929996540191443,0.37528158997424366,0.013400991811786415,0.14493522469534464,0.26110790758466923,-0.03193018875177796,0.16040441317802637,0.13492484526967286,-0.18130165686387575,0.06602852419943875,0.3210010379425672,-0.011932495290816131,0.0921077922577173,0.032060892630607775,0.2197362857033022,0.0910852266174605,-0.262676354130627,0.061546150001922116,0.05607965248145158,-0.0894860262176604,0.15977395917425902,0.07620804982124323,0.1641717602737093,0.13659324184061816,-0.08225118210125706,-0.308614923307577,-0.015976627071079844,-0.3379002806289163,-0.1200092261561527,-0.007657709606735094,-0.1624341675316188,-0.12355360781147888,-0.21998231653404068,-0.21168646446007766,0.002344981355476108,-0.011517318263944951,0.1496713181870603,0.011678775996617076,-0.00657363625879368,0.25881674547341715,0.09594433552454541,0.16701649175412295,0.08865567216391804,-0.02497212931995541,-0.008787913735439972,-0.13244147157190636,-0.04897551224387806,0.13345634874870257,-0.14497366701264752,-0.14628070580094568,0.21794487371698765,0.06718179371852535,0.10151078307000345,-0.05676392572944297,0.17974089878137856,0.3484796063506708,0.025225848614154462,0.25741744512359205,0.0973820781916734,0.3279129665936263,0.05178948987044939,0.12311536539422596,-0.040779610194902546,0.13060392880482835,0.1324952908161304,0.049798177834159844,0.1403144581555376,0.041540768077499714,-0.05684081036404875,0.05967785338100181,-0.18440010763848844,-0.0898243186099258,-0.19423365240456694,-0.26428324299388767,-0.08109791258217046,0.02148925537231384,0.11741052550647753,0.1615192403798101,0.027609272286933457,-0.06842732479913889,0.07076461769115443,-0.35383846538269326,-0.23394456617844925,-0.2613231845615654,-0.07948333525544919,0.10348671817937186,0.07896051974012994,0.08201283973397916,0.21621496943835775,0.004520816514819513,-0.19814708030600084,0.1036712413024257,0.13696997655018645,0.10135701380079191,0.22214277476646294,0.24244800676584785,0.3879291123668935,-0.38953600123015414,-0.4269173105754815
#49,0.23856533271825625,0.057724983662015145,-0.08446545957790336,-0.1386460615845923,0.19227309422211972,0.03196863106908084,-0.1663168415792104,1.0,0.1883289124668435,0.17969476800061507,-0.0084726867335563,-0.03987237150655441,0.06755852842809365,-0.07114135240072271,-0.3755429977319033,-0.1408987813785415,0.10294083727367086,-0.06515203936493291,-0.1260369815092454,0.025810171837158342,0.034236727789951175,-0.11821012570637758,-0.05472648291238996,0.07598508438088648,0.020689655172413793,0.002775535309268443,0.08646446007765349,0.2841117902587168,0.1599507938338523,0.3960942605620267,0.19974628070580094,-0.012985814784915235,-0.11966324530042671,-0.05042094337446661,0.1642409564448545,-0.12222350363279899,0.12728251258985893,-0.039849306116172684,-0.16414100641986698,-0.05689462960827279,0.016806981124822203,-0.07495483027716911,-0.10941452350747703,-0.13637027640026142,-0.05926267635413063,-0.0754699573290278,0.041271671856379505,0.03419828547264829,0.021719909276131166,-0.08845577211394302,0.1835313112674432,-0.04904470841502326,0.007796101949025487,-0.11072156229577519,-0.059524084111790256,-0.12527582362664821,-0.04218659900818821,0.04523123053857687,0.014223657402068197,0.0026063891131357397,0.2358897474339753,0.012978126321454658,-0.01716833890746934,-0.1539691692615231,0.07723061546150002,-0.15694460462076654,-0.20397493560911853,-0.09521393149579056,0.11175950486295314,0.04120247568523431,-0.009618267789182332,0.014961749894283628,0.26079268058278554,-0.17763425979318034,-0.08311229000884174,0.0008149771268212047,0.06798908238188597,0.1479029715911275,-0.07150271018336986,-0.2054434321300888,-0.004328604928305078,0.19778572252335372,-0.025740975666013147,0.12832045515703686,0.07446276861569215,0.01738361588436551,0.0722715565294276,0.33071156729327644,0.05901664552339215,-0.18919770883788875,-0.17350555491485026,0.11622650213354861,0.03316034290547034,0.09853534771076,0.20742705570291778,0.2735170876100411,0.021335486103102295,0.18944373966862724,-0.034590397109137735,-0.011601891362011302,-0.1908737938722946,-0.16004305539537925,0.12607542382654827,-0.17171414292853573,-0.06808903240687349,-0.05673317187560066,-0.14517356706262252,0.1701226309921962,0.011809479875446892,0.05976242647906816,0.12460692730557799
#50,-0.09192326913466344,0.005712528351209011,-0.28561872909699,-0.5228462691731057,0.1862607157959482,-0.05796332602929304,-0.10541652250797678,0.1883289124668435,1.0,-0.11356629377618883,0.11182870103409834,-0.06909622112020912,-0.14192903548225888,0.027224849113904586,0.0786991119824703,0.09405297351324338,-0.07939107369392227,-0.3007573136508669,0.2011302041287049,0.23928035982008997,0.17599661707607733,0.009395302348825588,-0.16550955291584976,0.0473301810633145,0.04071810248721793,0.10203359858532272,-0.12685964709952716,0.03946488294314381,0.012255410756160382,0.034190597009187716,-0.06490600853419444,0.03585899358013301,-0.12176219582516434,-0.19859301118671432,-0.012931995540691193,-0.11356629377618883,0.2831199784723023,0.4112866643601276,-0.015707530849959635,-0.03395994310537039,0.04710721562295775,0.29933494791066007,0.028408872486833506,0.3139891592665206,0.20330603928804827,0.30883020028447317,-0.1713527851458886,-0.20597393610886863,-0.061953638565332717,-0.22963133817706533,-0.00808057509706685,-0.3244224041825241,-0.21918271633414063,-0.16647061084842193,-0.1907123361396225,-0.03289893514781071,-0.198708338138623,0.06580555875908199,-0.29481413139584056,0.027555453042709413,-0.056287240994887175,-0.012470687733056549,0.18962826279168107,0.28089801253219543,0.018729096989966554,-0.004543881905201245,0.11515780571252836,0.057294429708222815,0.1715526851958636,0.04231730288701803,0.0018221658401568446,-0.00010763848844808364,0.2295698304693807,-0.11039864683043094,0.016868488832506825,-0.16557106062353438,-0.010494752623688156,0.10689270749240765,0.10949909660554338,-0.041133279514089106,-0.03083073847691539,-0.043670472456079655,-0.1321800638142467,0.2878176296467151,0.1210317917964095,-0.013331795640641218,0.07132587552377657,-0.05271979394917926,0.06429861992080883,-0.02348056740860339,0.01882904701495406,0.19647099527159498,-0.1405604889862761,-0.09752047053396379,0.24995963556683196,0.014262099719371084,0.0821358551493484,-0.25514934840272174,-0.20957982547187945,-0.05776342597931804,-0.302756314150617,-0.1680851881751432,-0.1785338100180679,-0.18962826279168107,-0.46615922807826854,-0.20276784684580787,-0.3289893514781071,-0.20192211586514436,0.08639526390650829,0.1662168915542229,0.060154538115557606
#51,0.1523622803982624,0.34918694498904396,0.3251758736016607,0.3035712912774382,0.24459308807134894,-0.031169030869180794,0.3627570829969631,0.17969476800061507,-0.11356629377618883,1.0,0.20651212855110906,-0.04319378772152385,-0.12166993426363741,0.019082766309153117,-0.29960404413178027,-0.05015953561680698,0.3962864721485411,-0.035436128089801254,0.09017798792911237,0.08136700880329066,-0.17326721254757238,-0.08201283973397916,0.06582093568600315,0.011448122092799754,-0.0482835505324261,-0.06545188943989544,0.17435897435897435,0.20076884634605774,-0.16601699150424787,0.0024833736977665014,0.07512397647330181,-0.1909814323607427,0.04809133894591166,0.22497212931995542,0.1557682697112982,0.1850305616422558,-0.1398839042017453,-0.05335793641640718,0.09080844193287971,0.15510706185368853,-0.045492638296236496,-0.1260600468996271,-0.032383808095952024,-0.37664244800676583,-0.29284588474993273,-0.27817629646715103,0.030446315303886518,-0.12204666897320571,-0.07136431784107947,-0.17957175258524583,-0.06988044439318802,0.08276630915311575,0.09645177411294353,0.019951562680198362,0.07175642947756891,-0.039334179064313995,-0.14758005612578326,-0.1602198900549725,0.003282973897666551,-0.019067389382231962,0.23420597393610887,0.2616999192711337,0.1326644370122631,-0.2245646407565448,0.21033329489101604,-0.03877292123169185,-0.08915542228885558,0.013554761080997962,-0.0067043401376234955,0.05347326336831584,0.09150040364433168,0.08536500980279091,-0.07260216045823242,-0.028278168608003692,-0.21960558182447237,0.13703148425787107,0.132902779379541,0.18042517202936992,0.1452504516972283,0.05029792795909738,-0.12972744397032254,0.1403221466189982,-0.3067235612962749,-0.12181601506938838,-0.22098950524737632,0.006066197670395571,0.1522930842271172,0.15990466305308884,-0.0855034021450813,-0.0874793372544497,-0.16677814938684504,0.08302771691077539,0.13937646561334718,-0.016868488832506825,-0.14751085995463806,-0.17096067350939914,-0.02498750624687656,0.11853304117172184,-0.015976627071079844,0.023603582823972628,-0.011917118363894976,0.24560027678468457,0.019436435628339677,0.08086725867835313,0.008218967439357244,-0.07620804982124323,0.03931880213739284,0.3806020066889632,0.13459424134086803,-0.08501134048360436,-0.13696997655018645
#52,0.23711221312420713,0.20634298235497636,0.048737169876600164,-0.00938761388536501,0.11021412370737708,-0.015953561680698114,0.3016568638757544,-0.0084726867335563,0.11182870103409834,0.20651212855110906,1.0,0.029154653442509514,-0.14050666974205206,0.025418060200668897,-0.042770922231192096,0.24234036827739977,0.05013647022642525,-0.010725406527505478,0.1675393072694422,0.3782185830161842,-0.16382577941798332,0.2720562795525314,0.10194902548725637,0.07929112366893476,0.10557029177718832,0.2537269826625149,-0.0842117402837043,-0.058440010763848846,-0.04833736977665014,0.035159343405220464,-0.17463575904355513,0.02288855572213893,-0.18327759197324414,-0.1566216891554223,-0.09585976242647906,0.37001499250374814,-0.05718679121977473,0.1960250643908815,0.1386537500480529,-0.011240533579364165,-0.14384346288394265,0.21124822204282473,-0.22348825587206397,0.00681197862607158,-0.2222119709376081,-0.028470380194518124,-0.1273978395417676,-0.2642217352862031,-0.17465882443393688,-0.12125475723676624,-0.08314304386268405,-0.13826163841156344,-0.06783531311267443,-0.021873678545342713,0.14183677392073193,0.21826010071887134,-0.24037212163149194,0.06585937800330605,-0.09307653865375005,-0.15749048552646752,0.04714565794026064,-0.09471418137085304,-0.012109329950409411,0.09919655556836966,0.08455003267596971,0.023026948064429325,-0.017752662130473225,0.0860492830507823,0.18314688809441435,0.24942913158805213,0.1362703263752739,0.11539614807980625,-0.04633068081343943,0.021889055472263868,-0.07004959058932073,-0.011878676046592089,0.019528697189866606,-0.2566639757044555,-0.04179448737169877,0.08458078652981202,-0.08176680890324069,-0.05861684542344212,-0.1639334179064314,0.12777457425133587,0.06163841156344904,-0.15691385076692424,-0.0427017260600469,-0.1621650713104986,0.08800984123322954,0.09353784646138469,0.1050320993349479,0.2064659977703456,-0.04074116787759966,-0.10987583131511168,0.0958828278168608,-0.03553607811478876,0.22945450351747204,-0.14299004343981855,0.08967823780417483,0.0033444816053511705,-0.01199400299850075,-0.16113481720678122,-0.4176604005689463,-0.09406066197670396,-0.21958251643409066,0.014231345865528775,-0.18426171529619806,0.05987006496751624,0.20741167877599662,-0.014369738207819168,0.017275977395917425
#53,-0.019774728020605082,0.08205897051474263,0.1269134663437512,0.15541460039211163,0.1234459693230308,0.3363318340829585,-0.13744666128474226,-0.03987237150655441,-0.06909622112020912,-0.04319378772152385,0.029154653442509514,1.0,0.2818206281474647,-0.0014915619113520164,-0.016476377196017376,-0.0521277822627148,-0.307523161496175,-0.03705839387998309,0.11501941337023795,-0.0865951639564833,-0.24008764848345057,-0.15575289278437704,0.05465728674124476,0.12597547380156077,-0.004597701149425287,-0.006665897820320609,-0.21464652289239997,-0.08987044939068928,0.31498865951639565,0.057971014492753624,-0.2586860415945873,-0.1466881943643563,0.01506938838273171,-0.045331180563564374,0.051566524430092645,0.11621112520662745,-0.1724753008111329,0.03500557413600892,-0.09226924999038942,-0.02943912659055088,0.09461423134586552,0.043063083842694035,0.100172990427863,-0.0084726867335563,-0.07051089839695537,-0.08299696305693308,-0.037265982393418676,-0.003521316264944451,-0.33190327912966594,-0.22367277899511784,-0.4083419828547265,-0.32164686887325566,-0.32991965555683694,-0.18190135701380078,-0.284380886479837,-0.2611694152923538,-0.2808749471418137,-0.12250797678084036,0.12358436166532119,-0.0987429362241956,0.3475569907354015,0.20154538115557605,0.12692884327067236,-0.04479298812132396,0.06514435090147234,-0.09336870026525199,0.05490331757198324,-0.02291930957598124,0.04327067235612963,-0.009541383154576559,0.02611771037558144,-0.22981586130011916,-0.32764387037250603,-0.36916157305962405,-0.18928997039941567,-0.36848498827509324,-0.18308538038672972,-0.12842040518202438,-0.07674624226348364,0.23193787721523854,0.23570522431092147,0.09926575173951485,0.0434167531618806,0.23911121362395726,0.2587936800830354,0.1663475954330527,0.2663898819820859,0.08521124053357937,-0.0353515549917349,0.19042017452812054,0.066551339714758,0.21875216238034828,-0.0410333294891016,0.18872871256679352,0.1663091531157498,-0.16157305962403415,0.017937185253527083,-0.12694422019759352,-0.10630838426940376,-0.18719870833813862,-0.0697189866605159,0.018959750893783878,-0.0697189866605159,-0.042463383692769,-0.07453196478683735,-0.02828585707146427,0.022227347864529273,0.2458001768346596,-0.13015030946065428,0.408987813785415,0.338015607580825
#54,-0.04305539537923346,-0.15300042286549034,-0.042063583592818976,0.34663437512013223,-0.13900741936723945,0.5944258639910813,-0.016929996540191443,0.06755852842809365,-0.14192903548225888,-0.12166993426363741,-0.14050666974205206,0.2818206281474647,1.0,-0.03852689040095337,-0.0824433936877715,-0.21025641025641026,-0.15323107676930767,0.06193057317495099,-0.10931457348248952,-0.34956367969861224,-0.008119017414369737,-0.08075962018990505,0.004920616614769538,-0.04971360473609349,0.19309575981240149,-0.16245723292200054,-0.05854764925229693,-0.11322800138392343,0.2348748702571791,0.23989543689693615,0.09928112866643601,0.10550109560604314,0.07224849113904586,-0.0020605082074347443,0.18545342713258756,-0.03839618652212355,0.06542113558605313,-0.16246492138546112,0.04231730288701803,-0.02078191673394072,0.1125898589166955,-0.17465882443393688,0.025341175566063124,0.024034136777764965,0.0983662015146273,0.07704609233844616,0.03514396647829931,0.11791796409487564,-0.020597393610886864,0.10277937954099874,-0.07077999461807558,0.11054472763618191,-0.06664360127628494,-0.03505939338023296,0.03752739015107831,-0.022365740206819668,0.14136008918617615,0.15292353823088456,-0.13493253373313344,-0.0666205358859032,0.12495290816130396,-0.12205435743666629,0.1266751239764733,0.05362703263752739,-0.1085072848191289,0.21658401568446545,0.1756352592934302,0.07256371814092953,-0.14476607849921194,-0.034459693230307925,-0.010379425671779494,0.07411678775996618,0.11001422365740207,0.12183139199630953,0.11100603544381656,0.005720216814669588,-0.0001922115865144351,0.05003652020143774,0.0749240764233268,0.07345557990235652,0.4418483066159228,0.21216314919463344,0.3666243801176335,0.3806020066889632,0.3337869526775074,0.07090301003344482,-0.23209164648445008,0.16030446315303887,-0.06798908238188597,0.1552915849767424,-0.03743512858955138,-0.09338407719217315,-0.273355629877369,0.04080267558528428,-0.09963479798562257,-0.13856148848652597,-0.23932649060085343,0.0021835236228039826,-0.03094606542882405,-0.09832775919732442,0.008503440587398608,-0.0422250413254911,0.17189097758812902,-0.17235228539576367,0.17112981970553184,0.05178948987044939,-0.013539384154076808,-0.004820666589782032,-0.04660746549802022,0.013170337907969093,0.21011801791411985
#58,-0.24117941029485257,-0.2511513474032215,-0.2579018183216084,-0.24193287971398916,-0.07098758313151117,-0.1363395225464191,0.37528158997424366,-0.07114135240072271,0.027224849113904586,0.019082766309153117,0.025418060200668897,-0.0014915619113520164,-0.03852689040095337,1.0,0.2695498404643832,0.04107177180640449,-0.22938530734632684,-0.081251681851382,0.14800292161611503,0.017491254372813594,0.0671971706454465,-0.015953561680698114,0.14234421250913004,-0.04151770268711798,-0.02354207511628801,0.11274362818590705,-0.06983431361242455,-0.16596317226002383,-0.12866643601276284,-0.15176258024833736,0.050174912543728134,0.00026909622112020914,0.06087725368085188,-0.12227732287702303,0.1427363241456195,0.19111213623957252,0.014169838157844155,-0.06997270595471496,-0.18612232345365778,-0.2517818014069888,-0.10750009610579325,-0.11931726444470073,-0.01957482797063007,-0.11197478183984931,0.20373659324184062,-0.0680813439434129,-0.2522969284588475,-0.10105716372582939,-0.03500557413600892,0.05943182255026333,0.05725598739091992,0.12722869334563489,0.05616422557951793,-0.0511744127936032,0.05001345481105601,-0.10065736362587936,0.07770730019605582,0.041402375735209315,-0.09735132433783109,0.18992042440318302,-0.1756429477568908,-0.09742820897243686,0.164886787375543,0.12702110483219928,-0.0927536231884058,-0.11097528158997425,0.4155537615807481,0.2913158805212778,0.05103602045131281,0.03491331257448199,0.013078076346442164,0.15124745319647867,0.3153192634452005,-0.0022604082574097565,0.30059585591819477,0.1820013070387883,0.33268750240264483,-0.17061469265367316,0.25996232652904316,-0.051889439895436894,0.17433590896859263,-0.20465152039364934,0.0028677968707953717,0.10379425671779495,-0.07699227309422212,-0.03355245454195979,-0.16928458847499328,0.08498827509322263,-0.20491292815130896,-0.00036904624610771536,0.055364625379617886,-0.017952562180448238,-0.021035636028139775,-0.28052127782262715,-0.031707223311421215,0.08274324376273402,0.03552838965132818,-0.04084111790258717,-0.19221927497789568,0.028808672586783532,-0.00040748856341060236,-0.2001691461961327,-0.12358436166532119,0.04060277553530927,0.026655902817821858,0.12280782685580287,0.21790643139968477,-0.028032137777265213,0.0025987006496751624,-0.17834928689501403,-0.35410756160381346
#101,-0.2205205089762811,0.051351247453196476,-0.28045977011494255,-0.21549994233652406,-0.34605005189712834,-0.30168761772959674,0.013400991811786415,-0.3755429977319033,0.0786991119824703,-0.29960404413178027,-0.042770922231192096,-0.016476377196017376,-0.0824433936877715,0.2695498404643832,1.0,0.3511090608541883,-0.2950678506900396,-0.28105947026486755,0.3660016145773267,0.05169722830892246,0.3545765578749087,0.14279014338984353,0.08995502248875563,-0.04057202168146696,0.007803790412486065,0.17558144004920617,-0.25582593318725255,-0.46994195210087264,0.09544458539960789,0.020482066658978202,-0.370453234921001,0.05721754507361704,-0.1958866720485911,-0.19929266136162688,-0.17494329758197824,0.26441394687271746,-0.10564717641179411,0.23151501172490677,-0.3025102833198785,-0.18191673394072194,0.22362664821435435,0.1386845039018952,0.20252950447852996,0.3224849113904586,0.27892207742282704,0.09592127013416368,-0.3538307769192327,-0.25643332180063816,-0.18583016184215584,-0.22693268750240264,-0.011701841386998809,-0.07491638795986622,-0.3508092107792258,-0.13622419559451043,0.08481912889708991,-0.13806942682504902,0.08601852919693999,0.1288586475992773,-0.1858147849152347,-0.1904432399185023,-0.1285126667435513,0.0026909622112020913,0.24057202168146696,0.2747318648368124,-0.3785030561642256,-0.14693422519509475,0.49875831315111674,0.20470533963787338,0.4214046822742475,0.05749432975819782,0.07724599238842117,-0.034813362549494485,0.08738707569292277,-0.1416753161880598,0.22740168377349787,-0.05610271787183332,0.13659324184061816,-0.1095298504593857,0.3835928189751278,0.12002460308307385,-0.07643870372506055,-0.11588052127782263,-0.0048821742974666515,0.008864798370045746,0.031207473186483682,-0.2176219582516434,-0.02043593587821474,-0.07267135662937761,-0.1907046476761619,-0.1506708184369354,0.19348018298543035,0.08777149886595163,-0.023911121362395725,-0.22913927651558835,-0.06865029023949563,-0.04877561219390305,-0.09495252373813093,-0.32326144619997693,-0.3961634567331719,-0.05607965248145158,-0.12090108791757967,-0.294460462076654,-0.34106023911121364,-0.1784338599930804,-0.19910044977511243,-0.2508130550109561,-0.06727405528005229,0.010848421942874716,-0.019890054972513744,-0.12975050936070426,-0.12806673586283782
#102,0.08451159035866682,0.3361934417406681,-0.020512820512820513,-0.11475031714911775,-0.05499557913351017,-0.36430246415253914,0.14493522469534464,-0.1408987813785415,0.09405297351324338,-0.05015953561680698,0.24234036827739977,-0.0521277822627148,-0.21025641025641026,0.04107177180640449,0.3511090608541883,1.0,-0.04689193864606159,-0.15915888209741283,0.46006996501749126,0.5021181716833891,0.00974128320455157,0.4078268558028678,-0.13764656133471725,0.43372928920155307,-0.047161034867181796,0.3911198247030331,-0.0418175527620805,-0.06698958213201092,-0.1398070195671395,-0.1053088840195287,-0.06924999038942067,0.28061353938415406,-0.25719447968323533,0.12901241686848883,-0.05070541652250798,0.2693038096336447,-0.1615807480874947,0.3053473263368316,-0.25987006496751625,-0.19926190750778458,-0.12353054242109715,0.3169569061623035,0.06667435513012725,0.4206665897820321,-0.0471917887210241,0.21033329489101604,-0.30904547726136933,-0.2697112981970553,-0.4198054818744474,-0.38409256910006534,-0.2878868258178603,-0.17109906585168955,-0.31977857225233536,0.0035366931918656055,-0.14704186368354286,0.19181947487794565,-0.24602314227501634,0.383808095952024,-0.27181024872179294,-0.07643870372506055,0.04204820666589782,-0.0463076154230577,0.17524314765694077,0.5077153730826894,0.012355360781147887,-0.28102102794756467,0.23009264598469995,0.33291815630646215,0.47678468458078654,0.2343366778149387,0.08276630915311575,-0.11502710183369853,-0.07914504286318379,-0.33111136739322644,-0.12438396186522123,-0.14578864413946874,-0.037158343904970595,0.008480375197016877,0.1597816476377196,0.41563833467881445,-0.2818590704647676,-0.17192173144197131,-0.04321685311190559,-0.039172721331641874,-0.1632183908045977,-0.5256910006535194,-0.1515857455887441,-0.19351093683927267,0.0896551724137931,-0.056910006535193944,0.08278937454349748,-0.02362664821435436,0.10123399838542267,-0.4401722215815169,-0.06788144389343789,-0.3872986583631261,0.21686080036904626,-0.2756006612078576,-0.09395302348825588,-0.10372506054664975,-0.20460538961288585,-0.18639910813823857,-0.3801714527351709,-0.12524506977280592,-0.2530042670972206,-0.20135316956906163,-0.012093953023488256,-0.061484642294237495,0.26561334717256757,-0.13875370007304041,-0.1335870526275324
#201,0.22637911813324108,0.275193172644447,0.27274055280052284,0.13353323338330836,0.14068350440164534,-0.014162149694383577,0.26110790758466923,0.10294083727367086,-0.07939107369392227,0.3962864721485411,0.05013647022642525,-0.307523161496175,-0.15323107676930767,-0.22938530734632684,-0.2950678506900396,-0.04689193864606159,1.0,0.08889401453119594,-0.09943489793564757,0.052819743974166763,-0.16560950294083726,-0.05760196824664591,0.04214815669088533,0.021773728520355206,-0.08622611771037558,-0.036773920731941724,0.26656671664167914,0.4327989851228232,-0.20941067927574675,0.09400684273247992,0.34704186368354284,-0.07538538423096144,0.20307538538423095,0.05929343020797294,0.1287586975742898,-0.22148925537231384,-0.01732979664014147,-0.19830853803867296,0.08279706300695806,0.12446853496328758,-0.04575404605389613,-0.11321262445700227,-0.2216814669588283,-0.3354707261753739,-0.31760273709299197,-0.2512359205012878,0.25907815323107675,0.2324222504132549,0.1649867374005305,-0.01844462384192519,0.13807711528850958,0.2960519740129935,0.167270211048322,0.06771229769730519,0.05424979817783416,0.12234651904816822,-0.1261369315342329,-0.18810594702648675,-0.0023757352093184175,-0.09419905431899435,0.03568984738400031,-0.026571329719755506,-0.03669703609733595,-0.04259408757159881,0.12533733133433284,-0.09385307346326836,-0.20501287817629646,0.051566524430092645,0.05005958559181947,0.254526582862415,0.04109483719678622,0.13261061776803906,-0.0945219697843386,0.2458309306885019,-0.35330027294045285,0.1364087187175643,-0.017229846615153963,0.2526813516318764,-0.03697382078191674,-0.0336831584207896,-0.27041863683542844,0.13658555337715758,-0.12762080498212433,-0.3045861684542344,-0.15461500019221158,-0.09088532656748549,0.06770460923384461,0.14350517049167724,0.12033983008495752,-0.06394495060162227,-0.18845192788221274,-0.042301925960096874,0.20872640602775536,0.10148002921616114,-0.1728751009110829,0.09578287779187329,0.032529888901703,0.18300849575212394,0.18452312305385768,0.17235228539576367,0.07625418060200669,0.17667320186060817,0.16584784530811517,0.3235766732018606,0.13044247107215623,0.03020797293660862,0.061353938415407684,0.18759081997462806,0.28864798370045747,-0.07254834121400838,-0.13687771498865953
