,#10,#11,#12,#13,#17,#18,#26,#49,#50,#51,#52,#53,#54,#58,#101,#102,#201,#202,#301,#302,#401,#402,#501,#502,#601,#602,#701,#702,#801,#802,#901,#902,#1001,#1002,#1101,#1102,#1201,#1202,#1301,#1302,#1401,#1402,#1501,#1502,#1601,#1602,#1701,#1702,#1801,#1802,#1901,#1902,#2001,#2002,#2101,#2102,#2201,#2202,#2301,#2302,#2401,#2402,#2501,#2502,#2601,#2602,#2701,#2702,#2801,#2802,#2901,#2902,#3001,#3002,#3101,#3102,#3201,#3202,#3301,#3302,#3401,#3402,#3455,#3501,#3502,#3601,#3602,#3701,#3702,#3801,#3802,#3901,#3902,#4001,#4002,#4101,#4102,#4201,#4202,#4301,#4302,#4401,#4402,#4501,#4502,#4601,#4602,#4701,#4702,#4801,#4802
#10,1.0,0.4063968015992004,0.5733517856456387,0.5863606658209357,0.21437742667127974,0.275739053550148,0.25834006073886134,0.5507553915350017,0.12524506977280592,0.48848652596778536,0.14468919386460616,0.21872909698996656,0.06422173528620305,0.22760158382347287,-0.03420597393610887,-0.057648099027409375,0.520985661015646,0.563902664052589,0.12257717295198554,0.03165340406719717,-0.20162226579018183,-0.1905355014800292,0.15596048129781262,0.14483527467035712,0.025633337177565062,0.07154884096413332,0.05842463383692769,0.24897551224387807,0.2606465997770346,0.06755083996463307,0.03731211317418214,0.07443201476184984,0.1436204974435859,0.29995771345096683,-0.03171491177488179,0.21319340329835082,-0.056448698727559296,0.21682235805174335,-0.22052819743974167,-0.02768615692153923,0.35687540844962135,0.09483719678622228,0.04653826932687503,0.1096298004843732,-0.15388459616345673,-0.33750816899242686,0.07021104832199285,0.22853957636566333,-0.282889324568485,-0.13846922692499905,-0.14101410833045017,0.0009303040787298658,-0.18293929958097874,-0.04367816091954023,-0.058109406835044015,0.039657094529658245,-0.30250259485641795,-0.2512359205012878,-0.29946565178948986,-0.46677430515511475,0.06982662514896398,0.30223349863529775,0.04826817360550494,-0.017391304347826087,0.2719870833813862,0.2707953715449967,0.11794871794871795,0.15591435051704916,0.4391573444047207,0.3092530657748049,0.55832083958021,0.5406143082305002,-0.12632145465728675,0.36000461307807635,-0.2464767616191904,0.0011763349094683427,-0.21154807211778726,0.05391919424902933,0.538161688386576,0.2607696151924038,0.2639295736747011,0.38187060315995847,,0.18410025756352594,0.1895898204743782,0.11322031292046285,0.3911967093376389,0.3573828470380194,0.2711490408641833,0.29235382308845576,0.04653826932687503,0.1417829546765079,0.003736593241840618,-0.16949217698842886,0.05963172260023834,0.17060700419021257,0.47249452196978436,0.19424134086802752,0.4039903125360397,0.28418867489332256,0.2911928651059086,0.16822358051743358,0.09214623457502018,0.34513512474531965,0.24087956021989004,0.18265482643293737,0.11438895936647062,0.19641717602737094,0.14402029754353593,-0.4193672394571945,-0.26157690385576443
#11,0.4063968015992004,1.0,0.2980817283665859,0.31080613539384155,0.2526582862414946,0.2277015338484604,0.25404989812785916,0.2758543805020567,0.13449429131588053,0.4309230000384423,0.20298312382270403,0.03989543689693615,0.08960135316956906,0.1522315765194326,-0.11670318686810441,-0.15672932764387038,0.2893937646561335,0.3241609964248645,-0.08617229846615154,-0.04539268827124899,-0.14241340868027524,-0.09036251105216622,-0.06428324299388767,0.008449621343174566,-0.1359243455195479,-0.061161726828893245,0.057863376004305536,0.06655902817821858,0.1152116249567524,0.006296851574212893,0.016599392611386616,0.10372506054664975,0.1548456540960289,0.2124476223426748,-0.043585899358013304,0.10783838849805866,0.01489255372313843,0.13308730250259485,-0.15005574136008917,-0.03760427478568408,0.3632798985122823,-0.017091454272863568,-0.06581324722254257,-0.0537269826625149,-0.06655902817821858,-0.14451235920501287,0.08897858762926229,0.09442970822281167,-0.1442970822281167,-0.04893706992657518,-0.041979010494752625,-0.01930573174950986,-0.08449621343174567,0.05561834467381694,0.05784799907738439,0.08504978280090723,-0.11575750586245338,-0.12618306231499635,0.06495982777841848,-0.20033829239226542,-0.008311229000884173,0.2728405028255103,-0.09932725944719947,-0.1371621881367009,0.23715065544151,0.203129204628455,-0.07403221466189983,0.07877599661707607,0.09589051628032137,0.054895629108522664,0.353115749817399,0.23891900203744282,-0.15523007726905777,0.2052127782262715,-0.08874793372544497,0.1999384922923154,-0.04850651597278284,0.18228578018682967,0.1282051282051282,-0.05221235536078115,0.0015761350094183678,0.0811517318263945,,-0.18736016607081074,0.04796832353054242,0.02777073001960558,0.377003805789413,0.2275938953600123,-0.04220197593510937,0.222050513204936,0.10646215353861531,0.33830008072886636,0.1221158651443509,0.07445508015223158,0.27314035290047284,0.016745473417137585,0.10902241187098759,0.10715411525006728,0.2533502479529466,0.08335063237611963,0.18240879560219891,0.18071733364087186,0.10080344443163033,0.22488755622188905,0.17237535078614538,0.14659593280282934,0.10176450236420251,0.12474531964786838,0.24977511244377812,-0.14289778187829164,0.07759966170760774
#12,0.5733517856456387,0.2980817283665859,1.0,0.700280628916311,0.32013993003498253,0.64886787375543,0.010048821742974667,0.30369430669280745,-0.06027755353092684,0.6953907661553839,-0.0769999615576827,0.16364125629492945,0.3366086187675393,-0.12091646484450083,-0.3164571560373659,-0.3911121362395725,0.8173144197132203,0.7961480798062507,-0.12586783531311269,-0.30985276592472993,-0.3363241456194979,-0.21955176258024833,0.24251720293699305,-0.19531003728904778,0.33005804789912735,0.0035674470457079154,0.6206358359281897,0.45853996078883635,0.21984392419175028,0.025348864029523698,0.3900895705993157,0.11694152923538231,0.5470956829277669,0.3263368315842079,-0.3019797793410987,0.02973128820205282,-0.2513743128435782,-0.11773344097182178,-0.00515127051858686,-0.2331065236612463,0.029900434398185523,-0.06480605850920694,-0.06449083150732327,-0.21522315765194325,-0.04218659900818821,-0.5525852458386191,0.5273670856879252,0.4077269057778803,0.11254372813593204,-0.05042863183792719,0.34485834006073884,0.34979433360242956,0.32668281243993386,0.4371967862222735,-0.12858955137815709,0.30713873832314614,-0.46523661246299924,-0.5737592742090494,0.20087648483450582,-0.27623111521162497,0.01767577749586745,0.13677007650021145,-0.32029369930419405,-0.24387806096951525,0.6207127205627955,0.23888055972013994,-0.3198093261061777,-0.1283435205474186,-0.09766655133971476,-0.06939607119517165,0.4827586206896552,0.32774382039749356,-0.3758505362703264,0.26016991504247877,-0.4560027678468458,-0.029162341905970092,-0.3706070041902126,0.19531003728904778,0.1385230461692231,0.044754545804021065,0.1823780417483566,0.3121593049629032,,0.02626379118133241,-0.04665359627878368,0.2057894129858148,0.4862568715642179,0.39464114096797753,0.2316149617498943,0.24595394610387114,0.058440010763848846,0.21972859723984162,0.048429631338177064,0.051535770576250334,0.37449736670126477,0.622942374966363,0.30140314458155537,0.5281974397416677,0.5190635451505017,0.6162534117556606,0.6536039672471456,0.5616730096490217,0.49742820897243684,0.4142774766462922,0.6293161111751816,0.5285434205973936,0.5764271710298697,0.08849421443124592,0.028877868757928728,-0.10221812170837657,0.10232576019682467
#13,0.5863606658209357,0.31080613539384155,0.700280628916311,1.0,0.1950024987506247,0.4469842002075885,0.11673394072194672,0.2595394610387114,-0.09922730942221197,0.8077730365586437,-0.18240879560219891,-0.05442663283742744,0.3606273786183831,-0.13883827317110675,0.09230769230769231,0.039903125360396724,0.7205243532080113,0.3997847230231038,0.22388036750855342,-0.03785030561642256,-0.06771998616076577,-0.05264290931457348,0.008218967439357244,0.0070272556029677465,0.1421904432399185,0.0805366547495483,0.21678391573444047,0.24662284242494137,0.29170799215776727,-0.08260485142044363,0.03131511167493176,0.12484526967285588,0.13475569907354015,0.1967324030292546,-0.1743051551147503,0.1758428478068658,-0.00858801368546496,0.10512436089647484,-0.22108176680890324,0.080705800945681,0.12818206281474648,0.1414369738207819,0.03705839387998309,0.031230538576865412,-0.24755314650367125,-0.25928574174451235,0.23894206742782456,0.24417791104447775,-0.24148694883327568,-0.14873332564486988,-0.07583131511167493,-0.014354361280898013,-0.06419098143236074,0.09011648022142775,0.09328412716718563,0.2631530388651828,-0.2850344058739861,-0.16418713720063047,-0.10215661400069197,-0.2416791604197901,-0.04890631607273287,0.1397762657132972,-0.1235074770307154,0.016214969438357745,0.3460884942144312,0.1840695037096836,-0.15990466305308884,-0.02795525314265944,0.1823088455772114,0.14370507054165224,0.4173528620305232,0.542836274170607,-0.3473340252950448,0.16184984430861493,-0.26065428824049514,-0.03533617806481375,-0.32440702725560294,0.004551570368661823,0.25381155576058123,0.07530849959635567,-0.007065697920270634,0.30119555606811976,,-0.13466343751201323,-0.07358628378118633,-0.13504017222158152,0.41205551070618535,0.4179371852535271,0.17571983239149655,0.25894744935224695,-0.05374235958943605,0.03818090954522738,-0.03163802714027602,-0.18936685503402145,0.18325452658286243,0.2499827009572137,0.23138430784607697,0.05937800330603929,0.27796101949025487,0.22730173374851037,0.3210702341137124,0.11308960904163302,0.12672125475723678,0.12986583631261292,0.20092261561526928,0.0711105985468804,0.1977472802060508,0.0771691077538154,-0.03597432053204167,-0.286218429246915,-0.02463383692769
#17,0.21437742667127974,0.2526582862414946,0.32013993003498253,0.1950024987506247,1.0,0.4665359627878369,0.2987736900780379,0.03212240033829239,0.07129512166993426,0.29849690539345713,0.22441087148733327,0.41757582747087996,0.4606619767039557,0.19577134509668243,-0.1877138353899973,-0.3863837312113174,0.2502979279590974,0.22295775189328412,-0.3084304001845231,-0.3704686118479222,-0.3274824126398339,-0.29559835466881945,-0.11325106677430516,-0.24846038519201938,-0.1529466036212663,-0.17293660861876753,0.016038134778764465,-0.10686964210202592,0.22783992619075077,-0.06465228923999539,0.3811171337408219,0.2387191019874678,0.3619728597239842,0.07414754161380847,0.07495483027716911,0.11352016299542536,-0.11594971744896783,-0.024872179294967902,-0.1085072848191289,-0.1426056202667897,-0.039987698458463075,-0.0021450813055010954,0.014784915234690348,-0.0442317302887018,-0.07862991581132511,-0.25418060200668896,0.07816860800369047,-0.017091454272863568,0.08783300657363625,-0.07846845807865298,0.21958251643409066,0.20444393188021373,0.08981663014646522,0.08308922461846,-0.22806289163110752,-0.09779725521854457,-0.20542805520316765,-0.24765309652865874,0.15792103948025987,-0.11718756006612079,-0.1039787798408488,0.30893015030946064,-0.049821243224541574,0.10723868834813363,0.21535386153077307,0.07443201476184984,0.04496213431745666,0.1591665705608734,-0.17871064467766118,-0.08129781263214547,0.20713489409141583,-0.002567946795832853,-0.06492907392457617,0.21223234536577865,-0.07978318533041172,0.15420751162880098,-0.0734632683658171,0.02626379118133241,0.218229346865029,-0.05796332602929304,-0.023995694460462076,0.3138738323146119,,-0.029915811325106678,0.39669396071195173,0.1496482527966786,0.31411217468188984,0.2858801368546496,0.34337446661284743,0.27323261446199976,0.08500365202014377,0.2889401453119594,0.28358897474339756,0.08993964556183447,0.3274593472494522,0.2338907469342252,-0.13432514511974783,0.33400222965440357,0.07872986583631261,0.42953907661553836,0.22903932649060085,0.39327259447199475,0.41927497789566753,0.3568907853765425,0.36278783685080535,0.3433129589051628,0.2140852650597778,-0.023788105947026485,0.23413677776496367,-0.02298081728366586,0.2166762772459924
#18,0.275739053550148,0.2277015338484604,0.64886787375543,0.4469842002075885,0.4665359627878369,1.0,-0.022311920962595624,-0.014754161380848037,-0.2914619613270288,0.49923499788567255,-0.10297927959097375,0.3796101949025487,0.5265828624149463,-0.1372236958443855,-0.2739168877099912,-0.4976742398031753,0.6775381539999231,0.5647253296428709,-0.11305885518779071,-0.3487256371814093,-0.3040402875485334,-0.18613770038057895,0.11052166224580018,-0.31851766424480066,0.24312459155037866,-0.016845423442125092,0.38572252335370777,0.2190827663091531,0.3186791219774728,0.18155537615807482,0.47300196055818244,0.05499557913351017,0.41630723099988465,0.1359935416906931,-0.06306077730365586,0.0653980701956714,-0.03117671933264137,-0.0729173874601161,0.05531080613539384,-0.09627493945335025,-0.04550801522315765,0.0030753853842309616,-0.10254103717372083,-0.11540383654326683,0.017091454272863568,-0.415246223042325,0.36708568792526813,0.17585053627032637,0.12362280398262407,-0.12389958866720487,0.3272133164187137,0.33017337485103604,0.27534694191365855,0.32913543228385805,-0.2589628262791681,0.20046130780763463,-0.39716295698304693,-0.46960365970860724,0.23781186329911966,-0.10646215353861531,0.03147656940760389,0.18762926229193097,-0.1499173490177988,-0.16147310959904662,0.4463153038865183,0.12526813516318763,-0.17213700841886748,-0.1354169069311498,-0.16387959866220736,-0.16821589205397303,0.21526159996924615,0.23904201745281206,-0.35993541690693115,0.15897435897435896,-0.4042517202936993,-0.10519355706762004,-0.3015876677046092,0.02532579863914197,0.15010187214085266,-0.18283166109253066,0.24730711567293276,0.43656633221850616,,0.0656671664167916,0.16415638334678814,0.2986045438819052,0.33098066351439664,0.20835735978164763,0.2515127051858686,0.27674624226348365,-0.022081267058778303,0.14010686964210203,0.09965017491254373,0.14666512897397455,0.2701264752239265,0.5003805789412986,-0.020274478145542615,0.3213700841886749,0.28742551801022564,0.4433475569907354,0.40784992119324953,0.529281513089609,0.48749471418137086,0.38674508899396454,0.4529273824626148,0.4791834851804867,0.38047899127359397,-0.0004228654903317572,-0.03578210894552724,0.06577480490523968,0.27851458885941643
#26,0.25834006073886134,0.25404989812785916,0.010048821742974667,0.11673394072194672,0.2987736900780379,-0.022311920962595624,1.0,0.25571060623534386,0.10254872563718141,0.2168454234421251,0.5114442778610695,0.1561834467381694,0.18726790450928382,0.5655018644523891,0.08824049513704686,0.08180525122054358,-0.11863299119670934,0.0790374043747357,0.0987044939068927,0.08570330219505631,-0.018452312305385767,-0.09504478529965786,-0.21583054626532888,-0.06662822434936377,-0.046584400107638486,-0.03937262138161688,-0.3516703186868104,-0.3372467612347672,0.08368892476838503,-0.023765040556644756,0.020328297389766655,0.18170914542728636,0.008518817514319764,0.12652135470726175,0.28436550955291584,0.18867489332256948,0.13418675277745742,0.10757698074039904,-0.024910621612270787,0.12319993849229231,0.2535578364663822,0.1418829047014954,0.15580671202860108,0.08138238573021182,-0.3432822050513205,-0.15539922346519047,-0.408095952023988,-0.20312151616499444,-0.3430438626840426,-0.24567716141929036,-0.3138046361434667,-0.21605351170568562,-0.21164802214277476,-0.1873755429977319,0.17942567177949487,-0.05853996078883635,0.08453465574904856,0.140053050397878,-0.22035136278014839,-0.1823780417483566,0.018552262330373274,0.26391419674777994,-0.01922115865144351,0.35326951908661053,-0.13679314189059316,-0.21077153730826895,0.2536039672471457,0.6698496905393457,0.19796255718294697,0.20106100795755968,0.32346134624995193,0.2244031830238727,0.06551339714758006,0.17663475954330526,0.19201937492792065,0.2275323876523277,0.14861031022950064,0.1747510859954638,0.34832583708145926,0.02528735632183908,-0.08609541383154577,0.26354515050167227,,-0.055303117671933265,0.21947487794564258,-0.0804367047245608,0.34401260908007536,-0.028408872486833506,0.14588859416445624,0.1287510091108292,0.0436550955291585,0.17457425133587054,0.0299081228616461,-0.1416138084803752,-0.027017260600468995,-0.009049321493099604,0.14531195940491293,-0.19853919194249028,-0.12096259562526429,0.001445431130588552,0.09396840041517703,-0.05468804059508707,0.08018298543036174,-0.09835851305116672,0.05924729942720947,-0.017568139007419367,-0.102956214200592,0.08570330219505631,-0.04989043939568677,-0.2359589436051205,0.1862837811863299
#49,0.5507553915350017,0.2758543805020567,0.30369430669280745,0.2595394610387114,0.03212240033829239,-0.014754161380848037,0.25571060623534386,1.0,0.32081651481951334,0.28591857917195246,0.1887364010302541,0.22617921808326605,-0.02005151270518587,0.10593933802329604,-0.16380271402760158,0.03125360396724715,0.21569984238649906,0.3837927190251028,0.148149002421866,0.15442278860569716,-0.106431399684773,-0.059085841694537344,0.08857878752931227,0.21182485680236804,-0.08648752546803522,0.01217083765809403,-0.04696882328066736,0.057017645023642025,0.0966286087725368,0.017829546765079,-0.04839118902087418,-0.034182908545727135,-0.025740975666013147,0.16823895744435474,0.03343712759005113,0.2824741475416138,0.1280359820089955,0.2918925152808211,-0.15024026448314304,-0.04940606619767039,0.3947257140660439,0.10427862991581133,0.16872333064237113,0.17681159420289855,-0.1555606811978626,-0.15240841117902587,-0.07939107369392227,0.11897128358897474,-0.32524506977280593,-0.15538384653826934,-0.33833852304616924,-0.16817744973667012,-0.3222619459501019,-0.2642755545304271,-0.009164648445008266,-0.13615499942336523,-0.15888978587629263,-0.08231268980894169,-0.24447776111944028,-0.36263406758159383,0.11342790143389843,0.3447122592549879,0.1294352823588206,-0.24165609502940838,-0.034129089301503095,0.06312997347480107,0.24047207165647946,0.12556798523815016,0.5007496251874063,0.42933917656556336,0.6043362933917656,0.3345327336331834,0.21867527774574252,0.3450351747203321,0.10529350709260754,0.16779302656364126,0.17834159843155345,0.24393956867719988,0.40060738861338563,0.326644370122631,0.09608272786683582,0.17074539653250298,,0.11014492753623188,-0.04409333794641141,0.21692999654019143,0.2971821781416984,0.08782531811017569,0.014262099719371084,0.12459155037865682,0.1166724330142621,0.09697458962826279,-0.02301157113750817,-0.07759197324414716,0.09553684696113482,0.031376619382616384,0.4605235843616653,0.019451812555260833,0.07430131088302003,-0.03473647791488871,0.006481374697266751,-0.11518087110291009,-0.05465728674124476,0.12812055510706186,0.14850267174105256,-0.012916618613770038,-0.03332948910160304,0.31919424902933147,0.008026755852842809,-0.1973167262522585,-0.2586168454234421
#50,0.12524506977280592,0.13449429131588053,-0.06027755353092684,-0.09922730942221197,0.07129512166993426,-0.2914619613270288,0.10254872563718141,0.32081651481951334,1.0,0.026125398839042017,0.3472648291238996,-0.07656940760389036,-0.15989697458962826,0.2696190366355284,-0.16239572521431592,-0.130319455656787,-0.15806712028601083,-0.12815899742436473,0.03061546150001922,-0.09201553069619037,-0.13501710683119977,-0.1962864721485411,0.08488832506823511,0.027939876215738284,-0.0805366547495483,0.07267135662937761,-0.04254026832737477,-0.05892438396186522,0.081251681851382,-0.012916618613770038,-0.02434167531618806,-0.008534194441240917,0.04462384192519125,0.05730980663514396,0.07667704609233844,0.18643755045554147,-0.08641064083342943,0.08770230269480644,0.0796832353054242,0.06943451351247454,0.33271056779302655,0.07797639641717603,0.14492753623188406,0.15019413370237958,0.04146388344289394,-0.11877907200246031,-0.043585899358013304,0.01957482797063007,-0.10093414831046016,-0.04989812785914735,-0.08187444739168877,-0.0715565294275939,-0.03568215892053973,-0.048521892899703996,-0.005712528351209011,-0.061730673124975974,-0.05280436704724561,-0.08790989120824204,0.15180102256564026,-0.09150809210779226,0.07484719178872103,0.13465574904855265,-0.14469688232806674,0.05989313035789797,-0.135832083958021,0.1539922346519048,-0.04343981855226233,0.11540383654326683,-0.019367239457194478,0.2071041402375735,0.07698458463076155,-0.18221658401568447,-0.0665897820320609,-0.02321915965094376,0.07371698766001615,0.13889978087879137,0.09489870449390689,0.10700803444431631,-0.012931995540691193,0.13217237535078616,-0.2009533694691116,-0.31597278283934954,,-0.20872640602775536,-0.14693422519509475,0.06140006919617114,0.056256487141044864,0.1835389997309038,0.2386806596701649,-0.049467573905355014,0.2651981701456964,0.28977049936570176,0.22231192096259564,0.14210587014185216,0.17482797063006958,-0.016184215584515434,0.27206396801599203,0.043639718602237344,0.042409564448544955,-0.027532387652327683,0.14644985199707838,0.009787413985315034,-0.006281474647291739,0.03888055972013993,0.030846115403836544,-0.20597393610886863,0.07697689616730097,0.14671894821819859,0.16938453849998078,0.01146349901972091,-0.0889401453119594
#51,0.48848652596778536,0.4309230000384423,0.6953907661553839,0.8077730365586437,0.29849690539345713,0.49923499788567255,0.2168454234421251,0.28591857917195246,0.026125398839042017,1.0,-0.04717641179410295,0.08976281090224118,0.3862914696497905,-0.10836120401337793,-0.06346826586706647,-0.1269134663437512,0.7293814631145965,0.4309691308192058,0.16421020259101218,-0.09462960827278669,-0.21247068773305655,-0.10388651827932188,0.014415868988582633,-0.004466997270595472,0.1223926498289317,0.1481182485680237,0.23632798985122824,0.2518048667973705,0.42047437819551764,0.024679967708453467,0.19586360665820934,0.18600699650174912,0.31751047553146505,0.3481182485680237,-0.11430438626840426,0.2765078998962057,0.11147503171491177,0.14482758620689656,-0.10033444816053512,0.13564756083496712,0.007480874947141814,0.2220120708876331,0.0018144773766962672,0.02674047591588821,-0.2764617691154423,-0.40198362357282896,0.33352554491984776,0.2798293161111752,-0.23406758159381846,-0.26306846576711646,-0.08117479721677623,-0.05589512935839772,-0.02313458655287741,0.11624187906046976,0.030746165378849038,0.19234997885672547,-0.36603236843116904,-0.26999577134509667,0.026548264329373773,-0.3112905085918579,0.04515434590397109,0.23762734017606582,-0.2194210587014185,0.05471110598546881,0.3887671548840964,0.1987390919924653,-0.17782647137969476,0.01972090877638104,0.07974474301310883,0.1366086187675393,0.3697766501364702,0.4288932456848499,-0.3717987160266021,0.11968631069080844,-0.279160419790105,0.02677122976973052,-0.2048667973705455,0.13938415407680774,0.28198208588013685,0.059823934186752775,-0.03360627378618383,0.2107484719178872,,-0.056425633337177566,-0.18535347710760006,0.02401107138738323,0.4384576942298082,0.329627493945335,0.19594049129281513,0.3267443201476185,-0.10104947526236882,0.16603236843116903,-0.05274285933956099,-0.02813208780225272,0.22693268750240264,0.3694844885249683,0.2690731557298274,0.20933379464114096,0.36673201860608157,0.2787759966170761,0.3742052050897628,0.24779917733440973,0.2565717141429285,0.2553646253796179,0.3708069042401876,0.19456425633337177,0.34780302156614,0.1552838965132818,-0.04249413754661131,-0.14581170952985045,0.12346134624995195
#52,0.14468919386460616,0.20298312382270403,-0.0769999615576827,-0.18240879560219891,0.22441087148733327,-0.10297927959097375,0.5114442778610695,0.1887364010302541,0.3472648291238996,-0.04717641179410295,1.0,0.02691731057548149,0.0022988505747126436,0.4818744473916888,-0.08093645484949832,-0.09051628032137778,-0.1550916849267674,0.014923307576980741,-0.19521777572752086,-0.003698150924537731,-0.02907776880790374,-0.06879637104524661,-0.21536154999423365,-0.2135393841540768,-0.05038250105716373,-0.12295390766155384,-0.24595394610387114,-0.31475800561257833,-0.17961019490254873,-0.24666128474224427,0.10082650982201206,0.14431245915503788,0.13620881866758927,0.0024141775266213047,0.0989120824203283,-0.06123861146349902,-0.06362972359973859,-0.025871679544842964,-0.03311421212470688,-0.07106446776611694,0.13813093453273365,-0.08535732133933034,0.02034367431668781,-0.2027601583823473,-0.1258217045323492,-0.09062391880982586,-0.2951293583977242,-0.2098335447660785,-0.07190251028331988,-0.02690962211202091,-0.06705877830315611,-0.11445046707415522,-0.009218467689232308,-0.052850497828009074,0.07651558835966632,-0.19694768000615076,0.16138853650098028,0.029000884173297967,0.0820359051243609,-0.06389881982085881,0.04425479567908353,0.227217160650444,-0.11832545265828624,0.12131626494445086,-0.20567408603390613,-0.1627109522161996,0.132156998423865,0.3803252220043824,0.0413408680275247,0.09599815476876947,0.32193903048475764,-0.03595125514165994,0.18639910813823857,0.028493445584899857,0.27463191481182486,0.3571291277438204,0.22062814746472917,0.2952908161303963,0.10193364856033521,-0.11135970476300311,-0.2029908122861646,0.008311229000884173,,-0.1978549186944989,0.14339753200322916,-0.011624956752393034,0.23898050974512744,-0.10857648099027409,0.036151155191634955,0.00876484834505824,0.011655710606235345,0.43392918925152807,0.148894783377542,-0.012808980125321955,0.028439626340675817,0.10626994195210088,0.06448314304386268,-0.05721754507361704,-0.0598162457232922,0.17728827893745436,0.10409410679275746,0.0446392188521124,0.10560104563103064,-0.07413216468688733,0.05892438396186522,-0.02191980932610618,-0.01749894283627417,0.09971168262022835,0.18872871256679352,-0.03288355822088956,0.19387998308538038
#53,0.21872909698996656,0.03989543689693615,0.16364125629492945,-0.05442663283742744,0.41757582747087996,0.3796101949025487,0.1561834467381694,0.22617921808326605,-0.07656940760389036,0.08976281090224118,0.02691731057548149,1.0,0.30270249490639295,0.004982124322454157,-0.24081805251220545,-0.2630838426940376,0.12894322069734362,0.2781301656863876,-0.10111098297005343,-0.11358167070310998,-0.3866066966516742,-0.3551762580248337,-0.14512743628185906,-0.09769730519355707,-0.2777841848306616,-0.2835735978164764,-0.035820551262830125,-0.01273209549071618,0.1456886941144812,0.2624303232998885,0.31640333679314186,0.016929996540191443,0.10315611425056702,0.04485449582900857,0.3030561642255795,0.23374466612847422,0.0890093414831046,0.13902279629416062,-0.14704186368354286,-0.09764348594933303,-0.14771076000461308,0.182170453234921,0.11572675200861107,0.17120670434013763,-0.0728481912889709,-0.19487179487179487,0.11155960481297812,0.16287240994887173,0.07222542574866413,-0.11461961327028793,0.08321224003382924,0.04784530811517318,-0.10148002921616114,-0.17777265213547072,-0.3985699457963326,-0.35208549571368164,-0.21442355745204322,-0.22926998039441818,-0.01447737669626725,-0.41144812209279974,0.00784223272978895,0.3338715257755738,0.20874947141813707,-0.007127205627955253,0.209387613885365,0.06334525045169723,0.2796294160612002,0.11977857225233537,0.1341021796793911,0.11009110829200784,0.16558643755045555,0.14055280052281552,0.12127782262714797,0.24595394610387114,0.004144081805251221,0.05521085611040633,0.08766386037750355,0.05667935263137662,0.24829892745934726,-0.07079537154499674,0.41210164148694883,0.46443701226309925,,0.42877791873294124,0.44026448314304384,0.43668934763387535,0.1319186560565871,-0.08265867066466767,0.1630799984623073,0.14990197209087763,0.045877061469265366,0.07180256025833237,0.037296736247260986,0.22624072579095067,0.02392649828931688,0.1251835620651213,-0.05108215123207627,0.2561027178718333,-0.013539384154076808,0.2029908122861646,-0.027793795409987315,0.1885672548341214,0.1813554761080998,0.21433898435397686,0.2607311728751009,0.36931534232883556,-0.020628147464729175,0.08079806250720793,0.00962595625264291,0.02075885134355899,-0.003951870218736785
#54,0.06422173528620305,0.08960135316956906,0.3366086187675393,0.3606273786183831,0.4606619767039557,0.5265828624149463,0.18726790450928382,-0.02005151270518587,-0.15989697458962826,0.3862914696497905,0.0022988505747126436,0.30270249490639295,1.0,-0.022611771037558143,-0.1799254219044324,-0.2705416522507977,0.3089224618460001,0.14721100987967556,0.04155614500442087,-0.16870795371544997,-0.4107023411371237,-0.20861876753930728,-0.23544381655326183,-0.263076154230577,-0.10174912543728136,-0.10657748049052397,0.06059278053281052,-0.07164879098912083,0.20552800522815515,0.05509552915849768,0.2567177949486795,0.29536770076500213,0.18814438934378963,0.14647291738746013,0.1783262215046323,0.3127974474301311,-0.08477299811632645,0.04419328797139892,-0.13650098027909122,0.05792488371199016,-0.05907046476761619,0.30031907123361395,-0.03682005151270518,0.0729173874601161,-0.12495290816130396,-0.3449506016222658,0.14164456233421752,0.0107177180640449,-0.04367816091954023,-0.20706569792027063,0.0536577864913697,0.001107138738323146,0.006066197670395571,0.06034674970207204,-0.29246915004036445,0.023964940606619765,-0.35975858224733787,-0.2028216660900319,0.30314842578710643,-0.02350363279898512,-0.09871218237035329,0.19787029562142006,-0.04509283819628647,-0.07691538845961635,0.16446392188521125,-0.07472417637335178,0.0077576596317226005,0.031430438626840425,-0.04575404605389613,-0.02541037173720832,0.08687194864106408,0.11052166224580018,-0.11498865951639564,0.24786068504209433,-0.018290854572713643,0.11064467766116942,-0.048483450582401104,-0.04520047668473456,0.07942182754776458,-0.2427632337677315,0.01616883865759428,0.2974820282166609,,-0.011978626071579596,0.25381155576058123,0.30936839272671357,0.4564102564102564,0.1296044285549533,0.3381770653134971,0.1400838042517203,-0.029039326490600852,-0.02298081728366586,0.09255372313843079,0.20436704724560797,0.44472379195017875,0.17511244377811094,-0.08818667589282282,0.02537961788336601,-0.044239418752162384,0.24050282551032176,0.14347441663783492,0.18162457232922,0.25458809057009957,0.07217929496790067,0.04469303809633645,0.10195671395071695,0.09991927113366393,0.11320493599354169,-0.07315572982739399,0.20760389036251106,0.39650943758889784
#58,0.22760158382347287,0.1522315765194326,-0.12091646484450083,-0.13883827317110675,0.19577134509668243,-0.1372236958443855,0.5655018644523891,0.10593933802329604,0.2696190366355284,-0.10836120401337793,0.4818744473916888,0.004982124322454157,-0.022611771037558143,1.0,0.0353515549917349,0.0463076154230577,-0.2696882328066736,-0.0003921116364894476,-0.006658209356860031,0.15455349248452696,-0.07409372236958443,-0.05880905700995656,-0.04556952293084227,-0.03709683619728597,-0.017583515934340523,0.05847845308115173,-0.33251835620651216,-0.2900703494406643,-0.031484257871064465,0.08047514704186369,-0.04137162188136701,0.23312958905162803,0.03920347518548418,0.10029600584323223,0.35000192211586517,0.10083419828547265,-0.06251489639795486,0.14786452927382462,0.027824549263829625,0.08122861646100027,0.5107215622957751,0.016391804097951025,-0.10382501057163726,-0.05084380886479837,-0.24564640756544803,-0.09479875446891939,-0.3431207473186484,-0.2653903817322108,-0.26110790758466923,-0.149240764233268,-0.23404451620343675,-0.13717756506362203,-0.12822050513204936,-0.17997924114865643,0.022427247914504286,-0.06625917810325606,0.09612885864759928,0.09897359012801292,-0.12628301233998385,-0.030600084573098065,0.20329066236112714,0.2622227347864529,0.08711797947180255,0.3043862684042594,-0.2617691154422789,-0.13263368315842078,0.310998346980356,0.4738400030753854,0.17769576750086497,0.25003652020143774,0.07854534271325876,-0.03338330834582709,0.13910736939222695,0.11654941759889285,0.24300157613500942,0.19640179910044978,0.25856302617921806,0.13637796486372197,0.26371429669780494,0.06989582132010917,0.053527082612539884,0.06302233498635297,,0.04000307538538423,0.2622381117133741,0.009456810056510206,0.25485718679121977,-0.051535770576250334,0.11420443624341675,0.11072156229577519,0.08428862491831007,0.19675546841963634,0.05231999384922923,-0.05768654134471226,-0.016422557951793332,-0.04349363779648637,0.1773420981816784,-0.08866336062737862,-0.14152923538230885,0.003921116364894475,0.11761811401991312,0.03158420789605197,-0.011355860531272825,-0.10849959635566832,-0.010356360281397763,-0.05035943566678199,-0.07957559681697612,0.29076231115211626,0.07230999884673048,-0.2520893399454119,0.057432822050513206
#101,-0.03420597393610887,-0.11670318686810441,-0.3164571560373659,0.09230769230769231,-0.1877138353899973,-0.2739168877099912,0.08824049513704686,-0.16380271402760158,-0.16239572521431592,-0.06346826586706647,-0.08093645484949832,-0.24081805251220545,-0.1799254219044324,0.0353515549917349,1.0,0.47005727905278133,-0.1045246607465498,-0.40004613078076345,0.3663399069695921,-0.005958559181947488,0.5972244646907315,0.09708991658017145,-0.052927382462614844,0.19253450197977934,0.036558643755045556,0.021127897589666704,-0.4913696997655019,-0.34734171375850537,0.14338984353976858,-0.08318917464344751,-0.485672548341214,0.03125360396724715,-0.5050397877984085,-0.21135586053127284,0.1419213470187983,-0.06978818283166109,0.29688232806673587,-0.007857609656710106,-0.15565294275938954,0.12156229577518933,0.021958251643409064,0.1798177834159843,0.2298696805443432,0.20209895052473764,-0.1210317917964095,0.3216084265559528,-0.44094875639103526,-0.4027217160650444,-0.2397109137738823,-0.17728059047399378,-0.35465344250951447,-0.3373313343328336,-0.3151731826394495,-0.35969707453965327,0.4391112136239573,-0.15969707453965326,0.4550493983777342,0.2621074078345443,-0.46922692499903895,-0.20878791373543998,0.1574674201360858,0.11413524007227156,0.2830815361549994,0.25345788644139466,-0.42124322454157537,-0.28957059931572676,0.2151462730173375,0.16126552108561104,0.3706608234344366,0.07726905777880291,-0.14262099719371082,0.0701956713950717,-0.030077269057778803,-0.19105831699534848,0.048821742974666515,-0.20841886748933225,-0.03771191327413217,-0.1718525352708261,0.2443701226309922,-0.007388613385614885,-0.11899434897935647,0.07074155230077268,,-0.1442048206665898,-0.014023757352093184,-0.4116710875331565,-0.1711759504862953,-0.07300964902164303,-0.13268750240264482,-0.05975473801560758,-0.251305116672433,-0.35935109368392726,-0.37628877868757926,-0.40155306961903664,-0.49409910429400683,-0.34036058893630106,-0.15024795294660362,-0.5110598546880406,-0.3274901011032945,-0.35750586245338867,-0.34189828162841657,-0.39296505593357167,-0.30056510206435244,-0.3439972321531542,-0.34102179679391076,-0.33916887709991156,-0.44424710721562294,-0.005166647445508015,-0.15180871102910085,-0.24970591627263292,-0.23213008880175298
#102,-0.057648099027409375,-0.15672932764387038,-0.3911121362395725,0.039903125360396724,-0.3863837312113174,-0.4976742398031753,0.08180525122054358,0.03125360396724715,-0.130319455656787,-0.1269134663437512,-0.09051628032137778,-0.2630838426940376,-0.2705416522507977,0.0463076154230577,0.47005727905278133,1.0,-0.32387652327682315,-0.40109945027486255,0.2684965209702841,0.7027409372236958,0.4708338138622996,0.5959712451466574,-0.17806481374697267,0.6687656171914043,-0.23577442048206665,0.22404182524122554,-0.517764194825664,-0.1889824318609926,-0.19155037865682542,-0.22106638988198207,-0.44227886056971516,-0.18769076999961556,-0.5258140160688887,-0.07922192749778957,0.13066543651251297,-0.03000038442317303,0.17646561334717256,0.2504363203013878,-0.2707031099834698,0.2934994041440818,0.08197439741667628,0.19239610963748896,0.054680352131626496,0.2743166878099412,-0.32031676469457576,0.6200361357782647,-0.4948987044939069,-0.27228693345634875,-0.4894860262176604,-0.04044131780263714,-0.6429400684273248,-0.4917618114019913,-0.5726598239341868,-0.502956214200592,0.18810594702648675,-0.18871333563987236,0.26473686233806176,0.7057163725829393,-0.5570214892553723,-0.07217160650444009,0.14512743628185906,0.00618921308576481,0.5092838196286472,0.33492484526967287,-0.45893976088878635,-0.107523161496175,0.4051435820551263,0.26119248068273554,0.47957559681697615,0.2589782032060893,-0.16015069388382733,0.23816553261830622,0.3140506669742052,-0.1288509591358167,0.312889708991658,-0.005143582055126283,0.24568484988275094,-0.2338907469342252,0.25145888594164456,0.3067850690039596,-0.08607234844116403,0.007703840387498558,,-0.005581824472379195,-0.06536731634182909,-0.4011225156652443,-0.10376350286395264,-0.10980663514396648,-0.16584784530811517,-0.2038442317302887,-0.39098143236074273,-0.3543920347518548,-0.36058124783761963,-0.35574520432091644,-0.473755429977319,-0.4719947718448468,0.04785299657863376,-0.3997232153154192,-0.3007496251874063,-0.5761042555645254,-0.45238150155691387,-0.7477415138584554,-0.6935993541690693,-0.4257025333487103,-0.47567754584246336,-0.45222004382424175,-0.5422827048014455,0.08551877907200246,-0.13672394571944796,-0.2161688386575943,-0.27629262291930956
#201,0.520985661015646,0.2893937646561335,0.8173144197132203,0.7205243532080113,0.2502979279590974,0.6775381539999231,-0.11863299119670934,0.21569984238649906,-0.15806712028601083,0.7293814631145965,-0.1550916849267674,0.12894322069734362,0.3089224618460001,-0.2696882328066736,-0.1045246607465498,-0.32387652327682315,1.0,0.6121631491946334,0.057701918271633415,-0.28556490985276595,-0.23658170914542728,-0.21444662284242494,0.2547034175220082,-0.1451581901357014,0.2903163802714028,0.08204359358782147,0.42900857263675857,0.3916657056087341,0.37841079460269866,0.025218160150693884,0.2596086572098566,-0.044323991850228735,0.3475646791988621,0.23914196747779956,-0.25199707838388496,0.08539576365663322,-0.05720985661015646,0.0022834736477914887,-0.06312228501134048,-0.0940452850497828,0.03127666935762888,0.042117402837043016,-0.043232230038826744,-0.07350939914658056,-0.044316303386768154,-0.47167185637950254,0.5010571637258294,0.41224003382923924,0.050121093299504094,-0.15629108522661747,0.22793218775227772,0.20719640179910045,0.18696036597086071,0.2904778380040749,-0.09455272363818092,0.19929266136162688,-0.4138238573021182,-0.5395302348825587,0.12697497405143582,-0.3567985238150156,0.016783915734440474,0.14046822742474915,-0.22223503632798985,-0.21805251220543576,0.5438511513474032,0.24718410025756352,-0.27719217314419714,-0.19879291123668935,0.0005843232230038827,0.01297043785799408,0.3877292123169185,0.3987390919924653,-0.4384807596201899,0.11368930919155806,-0.47066466766616694,-0.17477415138584554,-0.39368008303540536,0.10598546880405951,0.23046938069426826,0.01107138738323146,0.14813362549494483,0.31824856802368046,,-0.009879675546841963,-0.09409141583054627,0.17807250221043325,0.3402913927651559,0.3801483873447891,0.13849229231538077,0.32414561949794335,0.04340906469842002,0.10643908814823358,-0.06501364702264252,0.007511628800984123,0.21021796793910738,0.4606235343866528,0.20240648906316072,0.4146772767462423,0.5109522161995925,0.41460808057509707,0.49392995809787416,0.47755353092684427,0.3837312113174182,0.381078691423519,0.5151578057125283,0.36701649175412293,0.41671471956329525,0.025810171837158342,0.01548456540960289,-0.12055510706185368,-0.02332679813939184
